X,Y,Z
0.235485,0.129389,-0.077369
0.228655,0.132705,-0.078486
0.240087,0.139052,-0.075290
0.240644,0.113505,-0.079096
0.236119,0.123162,-0.078458
0.235087,0.123271,-0.074854
0.248493,0.139931,-0.074646
0.237898,0.137786,-0.065946
0.239120,0.155806,-0.067316
0.225047,0.144989,-0.068026
0.235455,0.101666,-0.095543
0.242070,0.099933,-0.082498
0.233837,0.107205,-0.073666
0.233219,0.125719,-0.090400
0.229393,0.124600,-0.075286
0.233976,0.133878,-0.076091
0.243454,0.136287,-0.063186
0.244153,0.155328,-0.054076
0.236134,0.146651,-0.049522
0.224830,0.150536,-0.057894
0.221675,0.154068,-0.062383
0.212835,0.157768,-0.068442
0.222975,0.087264,-0.083187
0.230446,0.096419,-0.078917
0.236714,0.107090,-0.081504
0.246914,0.116819,-0.074552
0.244564,0.113929,-0.071705
0.234145,0.124494,-0.069390
0.240416,0.139079,-0.063111
0.238205,0.145386,-0.054529
0.230223,0.154097,-0.056418
0.246368,0.152108,-0.038962
0.239006,0.154406,-0.051472
0.225289,0.153194,-0.060166
0.221163,0.155820,-0.051164
0.204542,0.161622,-0.058122
0.208417,0.159396,-0.064429
0.229437,0.074657,-0.096665
0.236622,0.073963,-0.085035
0.236833,0.087285,-0.080929
0.228888,0.098381,-0.074964
0.238014,0.111283,-0.074315
0.227916,0.112386,-0.068755
0.233561,0.125460,-0.066559
0.225618,0.132743,-0.056693
0.242028,0.128938,-0.051140
0.245651,0.138118,-0.041532
0.236710,0.154244,-0.040518
0.245324,0.159030,-0.041853
0.236531,0.161638,-0.045821
0.226890,0.148838,-0.034852
0.218392,0.158452,-0.047018
0.219623,0.151268,-0.049097
0.208832,0.165464,-0.058194
0.196530,0.158681,-0.063240
0.198925,0.155961,-0.058961
0.190426,0.153994,-0.074325
0.184771,0.161467,-0.074233
0.227155,0.066200,-0.094832
0.234839,0.078493,-0.084860
0.242714,0.076313,-0.086996
0.228861,0.093287,-0.079140
0.233951,0.092176,-0.076905
0.230501,0.103970,-0.072816
0.229564,0.108208,-0.059732
0.225312,0.120903,-0.054679
0.231651,0.124433,-0.049731
0.237409,0.128738,-0.048882
0.235745,0.146349,-0.036911
0.233095,0.144571,-0.030403
0.237608,0.152670,-0.050526
0.233968,0.152040,-0.036298
0.222553,0.154659,-0.043002
0.227923,0.156923,-0.038091
0.215447,0.158488,-0.048220
0.205978,0.164028,-0.044769
0.203546,0.163276,-0.045979
0.201417,0.158296,-0.058277
0.190016,0.160563,-0.055023
0.188966,0.164356,-0.059812
0.183403,0.166433,-0.060028
0.173184,0.170853,-0.060519
0.170039,0.166727,-0.067740
0.166847,0.163966,-0.056650
0.170573,0.179891,-0.060341
0.166493,0.173923,-0.066357
0.155708,0.180498,-0.065912
0.158255,0.183900,-0.065550
0.150514,0.186895,-0.054515
0.152856,0.195486,-0.062086
0.142784,0.195040,-0.056726
0.142387,0.206641,-0.071683
0.133224,0.203716,-0.076950
0.130697,0.193595,-0.073513
0.235158,0.057578,-0.093730
0.231796,0.068198,-0.078103
0.226830,0.081462,-0.085270
0.227555,0.077921,-0.072268
0.234264,0.093102,-0.072395
0.234749,0.087814,-0.056512
0.230466,0.105354,-0.056869
0.227659,0.112094,-0.061942
0.240158,0.121149,-0.052909
0.238716,0.118595,-0.038470
0.239112,0.136024,-0.032900
0.235827,0.139767,-0.026486
0.240888,0.156602,-0.031309
0.240804,0.141167,-0.034508
0.223091,0.155113,-0.034702
0.227646,0.150835,-0.031280
0.220258,0.160292,-0.035960
0.214958,0.145880,-0.034699
0.193901,0.157542,-0.044469
0.201169,0.161699,-0.054453
0.194711,0.157053,-0.053060
0.193229,0.162340,-0.050757
0.181523,0.163863,-0.057339
0.189371,0.169052,-0.057515
0.179279,0.168517,-0.055534
0.180409,0.166234,-0.053809
0.170134,0.177954,-0.046871
0.168689,0.171585,-0.054939
0.170980,0.180235,-0.042479
0.164029,0.193451,-0.046119
0.161112,0.190670,-0.050678
0.162007,0.199478,-0.057512
0.148576,0.196677,-0.050041
0.155586,0.193522,-0.063955
0.139798,0.204673,-0.056223
0.135711,0.195203,-0.062401
0.125499,0.193133,-0.066911
0.119548,0.204372,-0.066934
0.121449,0.202617,-0.075698
0.222763,0.051796,-0.079625
0.222409,0.064570,-0.086422
0.219308,0.067869,-0.077216
0.228872,0.076066,-0.070504
0.226809,0.074359,-0.058871
0.243263,0.094903,-0.065458
0.226277,0.094904,-0.049783
0.232246,0.100798,-0.050850
0.238171,0.113964,-0.056381
0.244486,0.121203,-0.059058
0.232735,0.131259,-0.032811
0.243200,0.130661,-0.033424
0.236081,0.142754,-0.028358
0.235338,0.151238,-0.029684
0.236946,0.144845,-0.033776
0.232160,0.143218,-0.027976
0.229840,0.156384,-0.033036
0.217386,0.146893,-0.032132
0.212798,0.152112,-0.038304
0.198375,0.156266,-0.042065
0.205407,0.148146,-0.040781
0.192978,0.159864,-0.043244
0.188327,0.161009,-0.045149
0.193095,0.174105,-0.043616
0.179811,0.164159,-0.047964
0.178651,0.165118,-0.046550
0.175225,0.171391,-0.044090
0.170155,0.165273,-0.047076
0.176359,0.177948,-0.045379
0.168741,0.178634,-0.046376
0.163653,0.183137,-0.045921
0.163166,0.190063,-0.038387
0.172799,0.192185,-0.040642
0.153759,0.196917,-0.043979
0.156483,0.190474,-0.046944
0.146667,0.198591,-0.052234
0.143730,0.199676,-0.061315
0.127055,0.196358,-0.059877
0.119040,0.199090,-0.059559
0.114483,0.194103,-0.072756
0.118685,0.198996,-0.075590
0.110797,0.194048,-0.071549
0.223640,0.039700,-0.092259
0.230376,0.054398,-0.086429
0.223174,0.060849,-0.074495
0.229092,0.066025,-0.070180
0.225314,0.071672,-0.066486
0.236297,0.076500,-0.050467
0.225356,0.096124,-0.057138
0.236839,0.093206,-0.045330
0.236650,0.101716,-0.050440
0.230040,0.117102,-0.050959
0.239106,0.120931,-0.031010
0.243941,0.133001,-0.026245
0.242658,0.133941,-0.030010
0.246470,0.140483,-0.019891
0.238160,0.147991,-0.013213
0.236638,0.144943,-0.026823
0.236520,0.147791,-0.025450
0.217595,0.142204,-0.027219
0.218252,0.150769,-0.028753
0.213490,0.149703,-0.022698
0.205485,0.153183,-0.036455
0.202327,0.152516,-0.043192
0.189315,0.146994,-0.041481
0.188908,0.151998,-0.038962
0.192021,0.149149,-0.044679
0.179527,0.165359,-0.047189
0.180773,0.168424,-0.041110
0.174051,0.168630,-0.033153
0.172879,0.177987,-0.043933
0.163844,0.173890,-0.042803
0.165142,0.188454,-0.040700
0.175408,0.180669,-0.032289
0.159890,0.186086,-0.034713
0.176639,0.197167,-0.035921
0.162430,0.194149,-0.036678
0.148097,0.197336,-0.040046
0.141164,0.196602,-0.049838
0.139063,0.191691,-0.052141
0.131213,0.190157,-0.043217
0.116953,0.193197,-0.047509
0.129027,0.189105,-0.060907
0.105050,0.205660,-0.064306
0.109813,0.199089,-0.070047
0.094524,0.201785,-0.069382
0.090925,0.200069,-0.065100
0.226942,0.045422,-0.084500
0.222418,0.052186,-0.069596
0.226236,0.067195,-0.057095
0.230749,0.057003,-0.068070
0.228620,0.068985,-0.062440
0.232776,0.082488,-0.057222
0.242399,0.087329,-0.041587
0.238847,0.098412,-0.044184
0.235102,0.101167,-0.039386
0.232219,0.117151,-0.030511
0.231190,0.122181,-0.032470
0.229711,0.131314,-0.025509
0.236369,0.137176,-0.012795
0.234476,0.135260,-0.014456
0.223838,0.132405,-0.022051
0.231699,0.135593,-0.023425
0.229749,0.131709,-0.014604
0.216537,0.148448,-0.019983
0.209971,0.143173,-0.020350
0.198846,0.140557,-0.033334
0.202700,0.153592,-0.027216
0.198779,0.146460,-0.025125
0.200765,0.151229,-0.033079
0.192872,0.156450,-0.024891
0.191178,0.164508,-0.037193
0.183446,0.168278,-0.037620
0.172622,0.171193,-0.033312
0.169150,0.173071,-0.036962
0.171731,0.168484,-0.031545
0.171914,0.174489,-0.034246
0.168523,0.170634,-0.041323
0.159061,0.179365,-0.027172
0.171976,0.192236,-0.033058
0.175313,0.198976,-0.025681
0.156629,0.194995,-0.035142
0.153146,0.195016,-0.044077
0.148057,0.196678,-0.033630
0.141854,0.205406,-0.038968
0.139870,0.202134,-0.041940
0.126743,0.200038,-0.055811
0.130901,0.197158,-0.052352
0.099352,0.202279,-0.057567
0.111848,0.201524,-0.063685
0.101097,0.202827,-0.059585
0.089634,0.194565,-0.053189
0.090888,0.206521,-0.077102
0.227233,0.038262,-0.083113
0.223080,0.036325,-0.064621
0.228316,0.044367,-0.072484
0.219108,0.060910,-0.058280
0.229481,0.062197,-0.057778
0.234460,0.078098,-0.055059
0.240322,0.074753,-0.044523
0.234872,0.080030,-0.050264
0.241085,0.096239,-0.040946
0.229151,0.096915,-0.035634
0.236047,0.110279,-0.028300
0.232261,0.110723,-0.020044
0.233475,0.132284,-0.026498
0.240534,0.129404,-0.014962
0.240147,0.128314,-0.022689
0.232892,0.139204,-0.016521
0.227348,0.140056,-0.014278
0.221261,0.137291,-0.023068
0.224918,0.137633,-0.019303
0.206924,0.149854,-0.023760
0.202848,0.147303,-0.009620
0.198366,0.137749,-0.034138
0.198412,0.152748,-0.030125
0.192487,0.157147,-0.025389
0.189103,0.156444,-0.028468
0.187451,0.156358,-0.027649
0.187314,0.157351,-0.032838
0.183826,0.166743,-0.031785
0.172230,0.159126,-0.040382
0.179693,0.171827,-0.026277
0.173690,0.173422,-0.034903
0.164133,0.175626,-0.035898
0.176542,0.183340,-0.015304
0.158914,0.185393,-0.035031
0.160285,0.192772,-0.023246
0.159566,0.196850,-0.027449
0.150689,0.200072,-0.029404
0.145761,0.191073,-0.025352
0.137729,0.201144,-0.038154
0.137847,0.198253,-0.037473
0.125208,0.197863,-0.041887
0.124181,0.196465,-0.047254
0.111166,0.193388,-0.058807
0.109432,0.200070,-0.047106
0.100080,0.211142,-0.059612
0.090220,0.201223,-0.063405
0.091572,0.207586,-0.064988
0.085591,0.200176,-0.062874
0.074094,0.204810,-0.062225
0.224158,0.020799,-0.090289
0.221991,0.031161,-0.064959
0.217623,0.040103,-0.067827
0.226486,0.046173,-0.055378
0.223595,0.064278,-0.054972
0.218782,0.078630,-0.050623
0.220716,0.073991,-0.046205
0.223405,0.084534,-0.051835
0.240134,0.091797,-0.035328
0.227051,0.099813,-0.028134
0.236546,0.102638,-0.029196
0.241323,0.115892,-0.015919
0.235049,0.119397,-0.017274
0.239382,0.122436,-0.013083
0.240268,0.127079,-0.019356
0.228029,0.119813,-0.010525
0.232046,0.133081,-0.007363
0.222010,0.137404,-0.010954
0.227043,0.133088,-0.011130
0.216484,0.144836,-0.010796
0.208525,0.136378,-0.016734
0.206758,0.151936,-0.022998
0.206976,0.142105,-0.019340
0.201325,0.153156,-0.027272
0.191196,0.156554,-0.034419
0.186812,0.150143,-0.028253
0.178864,0.155954,-0.024792
0.178899,0.162160,-0.024380
0.168928,0.172298,-0.022564
0.175940,0.153305,-0.027014
0.170195,0.169886,-0.018590
0.168277,0.173130,-0.017411
0.166847,0.175884,-0.015225
0.161867,0.189744,-0.018624
0.162033,0.185278,-0.022963
0.163467,0.199261,-0.016891
0.166416,0.195650,-0.010424
0.148470,0.195007,-0.027058
0.156105,0.195925,-0.020730
0.138455,0.192168,-0.030483
0.142653,0.198297,-0.028505
0.130766,0.194737,-0.022039
0.128965,0.196355,-0.043930
0.112912,0.207500,-0.042017
0.113632,0.195929,-0.041310
0.105414,0.207053,-0.043279
0.103991,0.202861,-0.055645
0.090300,0.197695,-0.052706
0.075104,0.209167,-0.051465
0.080536,0.204262,-0.044781
0.070814,0.206422,-0.065321
0.226820,0.019730,-0.068060
0.216079,0.036489,-0.059498
0.230726,0.051643,-0.068709
0.222699,0.049069,-0.061424
0.229320,0.054421,-0.049472
0.233061,0.068036,-0.039209
0.218839,0.069475,-0.038324
0.229864,0.075263,-0.032190
0.228551,0.075293,-0.021345
0.231618,0.097260,-0.024659
0.238403,0.090343,-0.027627
0.231032,0.115747,-0.022607
0.234850,0.126812,-0.002378
0.233385,0.120821,-0.014123
0.229483,0.130149,-0.013041
0.230213,0.124665,-0.005876
0.216606,0.124693,-0.017960
0.218680,0.125555,-0.011299
0.219710,0.132214,-0.015637
0.215579,0.137408,-0.011334
0.211272,0.138544,-0.011245
0.208314,0.147660,-0.021286
0.204491,0.139876,-0.025117
0.197192,0.143818,-0.022039
0.186367,0.152419,-0.021753
0.185329,0.151658,-0.032553
0.187775,0.146757,-0.019851
0.180866,0.158674,-0.021633
0.176112,0.171541,-0.033240
0.173557,0.167512,-0.018655
0.171070,0.168989,-0.025513
0.162634,0.172073,-0.023002
0.163057,0.182240,-0.020689
0.166891,0.178138,-0.016640
0.150141,0.191739,-0.016423
0.151105,0.188075,-0.012597
0.161261,0.188655,-0.006551
0.155844,0.189039,-0.019153
0.147282,0.190317,-0.007214
0.149555,0.202033,-0.027098
0.139757,0.207719,-0.029116
0.135393,0.204920,-0.030020
0.119104,0.205635,-0.033839
0.122419,0.200851,-0.036421
0.101968,0.189318,-0.038490
0.096416,0.204101,-0.038685
0.101112,0.203707,-0.035887
0.090948,0.201533,-0.049241
0.091486,0.203401,-0.046575
0.079565,0.208459,-0.054377
0.075030,0.212476,-0.052485
0.221686,0.014068,-0.073085
0.220117,0.029019,-0.068955
0.226174,0.037917,-0.057044
0.227095,0.044057,-0.051764
0.224549,0.054174,-0.041336
0.227866,0.063987,-0.053149
0.223847,0.066539,-0.038871
0.241712,0.071062,-0.042292
0.234921,0.073046,-0.031441
0.231520,0.096965,-0.024236
0.237373,0.093691,-0.015699
0.233227,0.108552,-0.015788
0.242962,0.109045,-0.005400
0.251358,0.115872,-0.009480
0.225105,0.117878,-0.009230
0.226145,0.123190,-0.009569
0.223183,0.121724,-0.020108
0.210890,0.129628,-0.018306
0.213067,0.127641,-0.008633
0.212833,0.140931,-0.013216
0.214288,0.132569,-0.006933
0.205364,0.136183,-0.016083
0.199708,0.141226,-0.015449
0.203219,0.140996,-0.019257
0.186305,0.148388,-0.007126
0.191590,0.145162,-0.008356
0.181574,0.155353,-0.011520
0.180390,0.150568,-0.023262
0.180004,0.152575,-0.022250
0.176258,0.154536,-0.019847
0.171576,0.163302,-0.014199
0.169742,0.177469,-0.021653
0.156195,0.169491,-0.015156
0.162447,0.170953,-0.021871
0.150915,0.177932,-0.009590
0.165420,0.185506,-0.010462
0.170453,0.189354,-0.001890
0.157471,0.196115,-0.008948
0.160322,0.199675,-0.003134
0.154373,0.201982,0.002009
0.150827,0.193624,-0.002957
0.138736,0.199836,-0.013170
0.131345,0.204407,-0.017316
0.127777,0.198971,-0.028025
0.124940,0.206715,-0.016803
0.105169,0.193357,-0.022409
0.106874,0.205359,-0.025409
0.094414,0.210736,-0.034255
0.093112,0.215590,-0.042992
0.083665,0.205130,-0.035262
0.073693,0.198994,-0.043429
0.076960,0.207792,-0.045109
0.060324,0.200972,-0.055320
0.218445,0.009821,-0.075941
0.215352,0.016204,-0.065607
0.223304,0.033159,-0.066313
0.225709,0.031302,-0.056522
0.228879,0.037317,-0.060794
0.225406,0.045135,-0.043356
0.228867,0.064346,-0.035202
0.237100,0.061653,-0.036529
0.231351,0.080694,-0.029079
0.236077,0.073498,-0.019408
0.225489,0.093482,-0.026401
0.230057,0.095870,-0.017921
0.224863,0.099068,-0.012221
0.235969,0.106811,-0.005483
0.235382,0.118086,-0.008733
0.229982,0.120909,0.000580
0.224841,0.125851,-0.009163
0.221421,0.120355,-0.002690
0.219599,0.128205,-0.002213
0.223237,0.123405,-0.004968
0.210702,0.128562,0.003378
0.202790,0.129749,-0.005897
0.200239,0.139639,-0.011183
0.195353,0.128993,0.000215
0.200424,0.142345,-0.002765
0.190830,0.142422,-0.002297
0.193513,0.141183,-0.005804
0.185955,0.152252,-0.010199
0.170146,0.155913,-0.008323
0.171651,0.158975,-0.016953
0.169628,0.160017,-0.007120
0.156797,0.155789,-0.010978
0.159891,0.165013,-0.004342
0.167277,0.160487,-0.020329
0.161730,0.176091,0.000654
0.162279,0.179618,-0.007644
0.155858,0.189579,-0.002752
0.140980,0.192018,-0.009798
0.154060,0.194775,-0.007808
0.161258,0.204925,-0.002161
0.154126,0.191540,0.002725
0.141949,0.196996,-0.006405
0.133475,0.201371,-0.015430
0.134315,0.196324,-0.005653
0.118306,0.202227,-0.014585
0.123916,0.196200,-0.016972
0.115722,0.196559,-0.018992
0.107055,0.198438,-0.022434
0.102741,0.207750,-0.026787
0.095436,0.203454,-0.030097
0.081972,0.209553,-0.034756
0.078493,0.203305,-0.033618
0.084820,0.202883,-0.035551
0.070048,0.210647,-0.039305
0.208044,0.008207,-0.056941
0.220731,0.022269,-0.053786
0.219769,0.027628,-0.059805
0.223498,0.038073,-0.055151
0.223834,0.037690,-0.042399
0.216549,0.051471,-0.040824
0.223705,0.058850,-0.037762
0.228729,0.066552,-0.037306
0.230779,0.068675,-0.019277
0.230495,0.076420,-0.013111
0.234542,0.090642,-0.016057
0.232669,0.097532,-0.007318
0.237605,0.106123,-0.002001
0.234398,0.114167,0.003160
0.232380,0.117140,-0.000240
0.229544,0.123384,-0.007815
0.219439,0.115995,-0.001336
0.217150,0.118564,-0.000441
0.222361,0.118256,0.001211
0.206177,0.126429,-0.009765
0.211813,0.125451,-0.013469
0.207844,0.129252,-0.000927
0.206934,0.126750,-0.008264
0.199041,0.132742,-0.007340
0.191335,0.144802,0.004741
0.188281,0.142929,-0.005234
0.191981,0.139604,-0.001395
0.178969,0.144484,-0.007467
0.178943,0.139577,-0.007862
0.175034,0.149666,-0.000862
0.166460,0.143332,-0.010361
0.163407,0.156051,-0.015972
0.152541,0.169060,-0.008642
0.162015,0.169645,-0.009570
0.159527,0.167249,-0.010895
0.159343,0.166191,-0.007057
0.159524,0.177998,-0.004828
0.147543,0.178272,-0.001008
0.155968,0.183652,-0.004910
0.145219,0.190530,-0.007586
0.151856,0.195786,0.000438
0.151041,0.196343,0.000189
0.137740,0.192139,-0.002243
0.136015,0.200700,-0.001224
0.130951,0.204041,-0.010692
0.119071,0.200507,-0.003204
0.110990,0.197810,-0.022752
0.111013,0.199751,-0.015142
0.103588,0.204342,-0.019542
0.088230,0.204194,-0.031808
0.088517,0.200414,-0.033759
0.080162,0.203539,-0.025895
0.071298,0.204115,-0.029033
0.061678,0.199391,-0.040633
0.222845,0.013677,-0.056061
0.214456,0.017520,-0.045000
0.223498,0.026076,-0.050070
0.221881,0.037300,-0.038876
0.222655,0.037919,-0.033218
0.230022,0.046224,-0.028092
0.219976,0.060946,-0.024568
0.222125,0.065854,-0.021863
0.229016,0.064218,-0.007545
0.229842,0.083913,-0.011026
0.232690,0.092455,-0.009407
0.227469,0.094638,-0.002082
0.230255,0.105628,-0.006139
0.230321,0.107528,0.012040
0.230111,0.117813,0.003920
0.224589,0.106259,0.003231
0.212984,0.112951,0.002403
0.218464,0.112535,-0.000711
0.205500,0.118907,-0.000383
0.208721,0.124075,0.003036
0.195648,0.119441,-0.007303
0.213008,0.130750,-0.008373
0.203590,0.127234,-0.001867
0.178308,0.128932,0.007895
0.204010,0.135735,-0.010267
0.185711,0.133062,-0.004453
0.181746,0.133969,0.000656
0.167727,0.147969,-0.003744
0.173340,0.145808,-0.008083
0.176971,0.146617,-0.016496
0.164368,0.145714,-0.009352
0.156467,0.146082,-0.006206
0.163581,0.163070,0.001367
0.160203,0.168515,-0.008768
0.157354,0.165827,-0.002853
0.142653,0.174484,-0.005110
0.153644,0.177259,0.002804
0.148070,0.173306,0.003660
0.154825,0.190280,0.005297
0.150128,0.199510,0.005596
0.136061,0.188309,0.008730
0.139991,0.196955,0.012659
0.146681,0.212248,0.005603
0.131460,0.200823,0.000227
0.126977,0.207862,-0.003806
0.118397,0.211328,-0.012670
0.112765,0.202384,-0.005568
0.110493,0.200483,-0.002642
0.105535,0.204427,-0.005072
0.096302,0.197937,-0.009045
0.078656,0.216067,-0.028848
0.084355,0.213308,-0.024867
0.085882,0.213671,-0.019535
0.058765,0.210950,-0.032043
0.063389,0.215173,-0.033025
0.208979,0.002165,-0.059184
0.213964,0.014442,-0.048953
0.218486,0.028118,-0.052469
0.220319,0.024840,-0.038317
0.221474,0.033104,-0.031223
0.222592,0.045757,-0.024535
0.219711,0.051080,-0.025244
0.236673,0.055706,-0.014288
0.230692,0.058362,-0.006598
0.225957,0.078246,-0.005899
0.227842,0.080495,-0.011616
0.231560,0.081955,-0.006380
0.229304,0.098376,0.010144
0.219495,0.100083,0.012740
0.223341,0.101896,0.003820
0.224642,0.102173,0.011366
0.210421,0.102290,-0.001708
0.216415,0.106221,0.006487
0.208396,0.111140,0.017054
0.215052,0.119285,0.005918
0.203062,0.115889,-0.006816
0.203437,0.116938,0.001206
0.194432,0.125045,0.002934
0.196831,0.117360,0.007601
0.203109,0.128327,-0.002266
0.180803,0.131496,0.001722
0.184088,0.135738,-0.005872
0.168586,0.141227,-0.002121
0.184183,0.141631,0.006350
0.169519,0.142905,0.002538
0.165320,0.140820,-0.009773
0.170295,0.143170,-0.001623
0.166800,0.154910,-0.003389
0.160700,0.156735,0.000798
0.152020,0.167214,0.001331
0.154925,0.165627,0.007710
0.147328,0.160574,0.004134
0.149790,0.174194,0.012466
0.148390,0.178978,0.011575
0.148608,0.186541,-0.001136
0.144100,0.184712,0.005714
0.138986,0.192292,0.009517
0.131218,0.197734,0.014026
0.136781,0.199451,0.024822
0.137813,0.209321,0.002667
0.133825,0.199360,0.008272
0.124610,0.203647,0.012370
0.118743,0.206403,0.004973
0.120913,0.207168,-0.004915
0.107363,0.211979,-0.001744
0.088261,0.203276,-0.009311
0.095545,0.209186,-0.003208
0.084610,0.208784,-0.018735
0.067081,0.205958,-0.017815
0.066100,0.216764,-0.025281
0.070997,0.219976,-0.022695
0.029215,0.186713,-0.055023
0.205757,0.006134,-0.057464
0.217209,0.014246,-0.050316
0.222649,0.016067,-0.039359
0.224508,0.029144,-0.027859
0.225559,0.028083,-0.032049
0.226290,0.045316,-0.019986
0.220508,0.057307,-0.022377
0.233191,0.058566,-0.017752
0.224977,0.062762,-0.007574
0.229060,0.061595,-0.003595
0.236775,0.064896,0.000447
0.238613,0.090591,0.000190
0.235978,0.094974,0.013257
0.219161,0.101610,0.011056
0.230415,0.101639,0.010608
0.228487,0.099011,0.006804
0.218586,0.114999,0.012345
0.217971,0.107288,0.010366
0.207949,0.113612,0.008228
0.196373,0.116910,0.006629
0.193910,0.121848,0.003454
0.202860,0.120050,0.003727
0.191297,0.122594,-0.003603
0.193039,0.122685,0.008707
0.199368,0.125776,0.004799
0.182516,0.125095,0.010287
0.183097,0.139345,0.000590
0.158469,0.132145,-0.005085
0.176168,0.138319,0.010083
0.175269,0.136903,0.004484
0.162418,0.140501,0.000470
0.150217,0.147545,-0.002655
0.150154,0.157904,0.005966
0.144161,0.154205,0.004225
0.149587,0.161766,0.002764
0.156374,0.167813,0.001584
0.134698,0.164051,0.005642
0.146465,0.173414,0.008114
0.149297,0.161034,0.008378
0.143603,0.187411,0.013542
0.136421,0.184070,0.013838
0.139091,0.192251,0.007367
0.137526,0.199389,0.011531
0.137335,0.195752,0.008780
0.130081,0.205430,0.014311
0.124610,0.202463,0.009711
0.124260,0.199167,0.014415
0.119500,0.197391,0.010808
0.104405,0.205406,0.010126
0.103515,0.212414,-0.004694
0.101970,0.206666,0.007929
0.083898,0.212057,0.001991
0.080575,0.207584,-0.002148
0.090254,0.217326,-0.014440
0.076514,0.213938,-0.013820
0.059871,0.209838,-0.024563
0.029079,0.190895,-0.045607
0.020395,0.192657,-0.050108
0.009183,0.182287,-0.057741
-0.002244,0.181816,-0.067815
0.220255,-0.007975,-0.062978
0.214710,0.005742,-0.042920
0.213817,0.007117,-0.037686
0.223862,0.024075,-0.024789
0.225834,0.031301,-0.025962
0.217765,0.034698,-0.032387
0.227060,0.047369,-0.010025
0.224977,0.048471,-0.012089
0.226461,0.058263,-0.003356
0.220340,0.067271,-0.007637
0.223334,0.061712,0.004637
0.230660,0.071751,0.005620
0.232297,0.086302,0.008500
0.232235,0.081893,0.018678
0.224417,0.090327,0.008604
0.224890,0.098984,0.016549
0.214562,0.098473,0.016712
0.209889,0.100563,0.011646
0.197613,0.100210,0.014008
0.209834,0.114081,0.016448
0.196817,0.109250,0.009087
0.195406,0.110414,0.009318
0.195169,0.123100,0.012419
0.202409,0.124560,0.015403
0.182595,0.119881,-0.002864
0.182634,0.131073,0.001360
0.174444,0.129274,0.005123
0.184034,0.132953,0.005477
0.167764,0.135370,0.006630
0.169555,0.144292,0.004778
0.174461,0.134033,0.006724
0.165045,0.143996,-0.001659
0.158720,0.140199,0.002881
0.154555,0.158408,0.004048
0.160961,0.153320,0.009534
0.145601,0.148893,0.002742
0.151711,0.151616,-0.001223
0.152068,0.154304,-0.003012
0.142565,0.168893,0.006342
0.136977,0.173379,0.020420
0.141936,0.176044,0.011300
0.136544,0.173118,0.020499
0.128635,0.193384,0.012231
0.142665,0.181552,0.017197
0.123406,0.190148,0.012444
0.136905,0.194646,0.017549
0.123212,0.196077,0.015632
0.112535,0.209041,0.011157
0.123016,0.206439,0.017756
0.117227,0.207288,0.018359
0.105063,0.212143,-0.001221
0.104548,0.211260,-0.001727
0.098878,0.210552,0.008560
0.084760,0.212890,0.001891
0.093244,0.212906,-0.007752
0.067140,0.218594,-0.003403
0.033272,0.187995,-0.033512
0.021607,0.194977,-0.046553
0.023783,0.189408,-0.057084
0.012799,0.185919,-0.058356
0.004831,0.201378,-0.053850
-0.004355,0.199876,-0.048763
-0.004637,0.184133,-0.061390
0.218054,-0.008675,-0.046927
0.212808,0.007407,-0.029705
0.218672,0.014308,-0.035184
0.216483,0.018620,-0.031364
0.228788,0.029660,-0.018209
0.223375,0.032104,-0.026569
0.220637,0.049280,-0.002522
0.225330,0.048529,-0.002157
0.226292,0.053129,0.000559
0.226378,0.064287,0.006539
0.234514,0.074870,0.011551
0.231844,0.073973,0.014973
0.224933,0.087834,0.009565
0.212040,0.089876,0.011235
0.227655,0.087413,0.016711
0.218278,0.090468,0.020485
0.220731,0.085888,0.013881
0.212341,0.093077,0.015759
0.199845,0.095875,0.019080
0.193112,0.106320,0.012215
0.207578,0.103682,0.019071
0.197356,0.124878,0.012868
0.188658,0.117478,0.012136
0.190279,0.112887,0.012782
0.184977,0.124421,0.008874
0.179605,0.120516,0.010289
0.173357,0.128139,0.000161
0.172955,0.134902,0.014492
0.167428,0.122749,0.007431
0.167733,0.133740,0.009489
0.168994,0.140014,0.007912
0.155620,0.140840,0.020394
0.160753,0.144969,0.002285
0.153934,0.158900,0.017628
0.152601,0.156978,0.006884
0.143751,0.151163,0.005541
0.149960,0.149545,0.005481
0.139372,0.162735,0.005434
0.140088,0.159748,0.011611
0.132805,0.168543,0.010048
0.136644,0.180331,0.011510
0.130022,0.185373,0.020982
0.129391,0.174726,0.019266
0.126045,0.182025,0.012838
0.125962,0.187765,0.021664
0.123589,0.189563,0.025807
0.127970,0.195133,0.021992
0.117823,0.202151,0.021265
0.118047,0.202033,0.020305
0.108754,0.217059,0.024695
0.105925,0.225493,0.019939
0.095605,0.217563,0.018268
0.094101,0.203115,0.011609
0.086929,0.224622,0.004912
0.087449,0.210233,0.001437
0.052092,0.190188,-0.026969
0.031613,0.191769,-0.035930
0.035222,0.188435,-0.044091
0.016157,0.187623,-0.045021
0.010572,0.188823,-0.047488
0.003967,0.195177,-0.046533
-0.003209,0.187804,-0.058647
0.007957,0.193055,-0.051000
-0.011951,0.194426,-0.072176
-0.023498,0.192682,-0.060533
0.216031,-0.004699,-0.030075
0.226140,-0.000642,-0.030824
0.226683,-0.003531,-0.028792
0.222432,0.016819,-0.021568
0.216025,0.030817,-0.015372
0.218313,0.037547,0.001178
0.222845,0.046065,-0.004102
0.223607,0.048783,0.006150
0.230127,0.054895,0.013200
0.222203,0.062674,0.000540
0.232642,0.074634,0.013530
0.226957,0.068020,0.009119
0.223711,0.083202,0.014662
0.219576,0.088176,0.010202
0.206293,0.075562,0.018160
0.215084,0.092902,0.014180
0.200880,0.085177,0.015883
0.211204,0.099871,0.023344
0.213803,0.094978,0.015529
0.193668,0.100046,0.022454
0.204902,0.103259,0.012267
0.193774,0.102691,0.007192
0.188587,0.108059,0.020026
0.185912,0.119328,0.018971
0.197686,0.118341,0.008525
0.188761,0.121433,0.015925
0.174054,0.113939,0.011693
0.172476,0.122406,0.011319
0.164297,0.134926,0.009717
0.172787,0.129812,0.005506
0.162376,0.132109,0.013661
0.154340,0.140394,0.011176
0.151848,0.144292,0.008536
0.150241,0.142895,0.007642
0.140351,0.148514,0.018422
0.144559,0.154822,0.009855
0.144142,0.164816,0.007582
0.144674,0.159063,0.020155
0.145049,0.166831,0.012809
0.129491,0.165776,0.013736
0.133203,0.167010,0.018993
0.134606,0.165083,0.021665
0.115102,0.173430,0.011428
0.121949,0.181218,0.009874
0.120924,0.184661,0.014836
0.114704,0.188019,0.014215
0.109968,0.182896,0.010743
0.105517,0.183079,0.028677
0.111716,0.194000,0.021180
0.104679,0.198034,0.024605
0.103099,0.200859,0.016484
0.103155,0.213706,0.009472
0.087013,0.205363,0.008726
0.086283,0.205567,0.002950
0.069407,0.208636,0.007399
0.039223,0.190380,-0.024257
0.023893,0.179818,-0.027092
0.032678,0.189383,-0.033438
0.019181,0.172046,-0.041940
0.003063,0.184726,-0.043850
-0.003921,0.194562,-0.046389
0.009272,0.193086,-0.051286
-0.001148,0.187505,-0.038181
-0.013634,0.187587,-0.050453
-0.006060,0.187122,-0.048836
-0.032393,0.191148,-0.047679
-0.036365,0.194468,-0.071569
0.212539,-0.007490,-0.036061
0.216684,0.005775,-0.031219
0.224722,0.001052,-0.025971
0.217598,0.016051,-0.017562
0.224103,0.012025,-0.012345
0.213765,0.034856,-0.010140
0.219436,0.036809,-0.004368
0.212888,0.041385,0.004174
0.220790,0.050287,0.004734
0.227646,0.054032,0.015591
0.217885,0.067473,0.015300
0.227824,0.066889,0.028383
0.217087,0.075013,0.019218
0.220675,0.078767,0.010693
0.211669,0.075996,0.013699
0.213922,0.076842,0.017039
0.210370,0.087238,0.024578
0.209908,0.076327,0.019435
0.202274,0.095010,0.024392
0.210905,0.093495,0.020042
0.197410,0.095658,0.015575
0.204725,0.106935,0.020596
0.193282,0.104421,0.011050
0.192160,0.114375,0.016142
0.179104,0.096255,0.024254
0.175918,0.108573,0.022949
0.183175,0.122483,0.009703
0.165616,0.117745,0.020546
0.170247,0.124677,0.009582
0.167548,0.130092,0.022652
0.163413,0.125556,0.014873
0.160957,0.116021,0.011150
0.157455,0.142292,0.020517
0.158273,0.134619,0.016613
0.144846,0.145236,0.025380
0.147774,0.147836,0.021792
0.148756,0.158054,0.013694
0.138589,0.154509,0.004042
0.134809,0.150933,0.009981
0.134295,0.152314,0.021044
0.122109,0.150491,0.011830
0.123144,0.165265,0.025723
0.124928,0.161215,0.018475
0.121160,0.172862,0.014526
0.122598,0.180743,0.010190
0.114497,0.172729,0.012584
0.112888,0.186976,0.023386
0.102545,0.173103,0.020883
0.098410,0.184814,0.014853
0.102349,0.189637,0.012562
0.080873,0.199908,0.019038
0.089995,0.187532,0.013552
0.076985,0.196699,0.010733
0.084367,0.200187,0.003463
0.050196,0.188242,-0.002097
0.050752,0.184332,-0.015281
0.034492,0.189293,-0.020555
0.034155,0.172754,-0.024284
0.024290,0.176363,-0.030580
0.015540,0.184073,-0.035187
0.002264,0.188976,-0.045517
0.005007,0.186327,-0.034520
0.003320,0.182489,-0.038947
-0.003768,0.186178,-0.040750
-0.003544,0.192781,-0.048231
-0.023311,0.186754,-0.047344
-0.020379,0.192212,-0.045180
-0.021477,0.197783,-0.056722
-0.036640,0.204500,-0.056588
0.219192,-0.015287,-0.030128
0.221560,0.000477,-0.019469
0.218692,0.006636,-0.011625
0.212136,0.017313,-0.003876
0.228976,0.016103,-0.003834
0.223301,0.020586,-0.000383
0.223001,0.033638,0.000443
0.227579,0.044493,0.005687
0.229934,0.048837,0.016232
0.215335,0.062777,0.017947
0.229840,0.055005,0.016513
0.215373,0.064949,0.020281
0.221549,0.076278,0.020762
0.213402,0.073610,0.022025
0.216453,0.081720,0.021693
0.211456,0.079987,0.026259
0.206856,0.078158,0.030528
0.218922,0.096118,0.016435
0.201976,0.082767,0.015034
0.200404,0.095432,0.020500
0.188853,0.097521,0.025215
0.197653,0.097885,0.026013
0.190099,0.099038,0.021268
0.189277,0.103121,0.032416
0.184404,0.102421,0.014800
0.174639,0.111352,0.018065
0.170906,0.109915,0.022816
0.174052,0.116064,0.023445
0.164184,0.116135,0.015888
0.157314,0.123885,0.015555
0.162961,0.124101,0.018859
0.144551,0.124727,0.024551
0.155864,0.137240,0.018544
0.155353,0.134274,0.020639
0.145610,0.133829,0.015167
0.143000,0.135253,0.025734
0.147989,0.150294,0.013815
0.137019,0.148187,0.018636
0.140493,0.157532,0.021217
0.129871,0.165739,0.019420
0.125971,0.156793,0.026378
0.127034,0.161386,0.022579
0.114119,0.162766,0.009816
0.119521,0.164662,0.018342
0.110888,0.163698,0.011168
0.105301,0.178439,0.013354
0.097569,0.170080,0.019543
0.102558,0.178517,0.007198
0.094822,0.187445,0.017526
0.099803,0.183747,0.018429
0.086533,0.188240,0.015790
0.086605,0.190091,0.005310
0.081958,0.192616,0.007481
0.066623,0.186852,-0.009855
0.048829,0.174567,-0.012874
0.033821,0.175237,-0.013228
0.031049,0.178560,-0.023995
0.034220,0.172877,-0.023354
0.017293,0.178014,-0.030634
0.008518,0.177882,-0.036826
0.004457,0.183914,-0.031222
0.008798,0.188363,-0.037632
0.008687,0.189560,-0.029830
-0.005120,0.190288,-0.030502
-0.007378,0.197809,-0.039450
-0.012935,0.203699,-0.040349
-0.011792,0.194030,-0.047123
-0.029417,0.199871,-0.053035
-0.024770,0.197138,-0.051910
0.213091,-0.012611,-0.018162
0.219565,-0.003110,-0.021204
0.211993,0.007459,-0.011323
0.213548,0.009514,-0.002391
0.231995,0.016711,-0.008811
0.213683,0.019015,0.003409
0.223879,0.029736,0.010131
0.228995,0.046888,0.008611
0.220177,0.054513,0.020265
0.218516,0.053366,0.024678
0.208421,0.049408,0.026692
0.223742,0.061679,0.022779
0.211313,0.068284,0.011361
0.212364,0.068931,0.022824
0.207834,0.074551,0.028907
0.211885,0.072685,0.026192
0.202990,0.084602,0.031077
0.196066,0.082354,0.031178
0.195801,0.087351,0.023398
0.193682,0.088846,0.021214
0.190648,0.091664,0.015470
0.196649,0.097458,0.031512
0.189621,0.096644,0.027264
0.176982,0.099078,0.022218
0.176802,0.096843,0.022109
0.176369,0.101793,0.025164
0.172307,0.113236,0.022469
0.170668,0.119785,0.022698
0.167943,0.114809,0.025143
0.161632,0.118680,0.020455
0.154966,0.130502,0.023152
0.153242,0.122973,0.013685
0.152211,0.130731,0.027457
0.144446,0.127791,0.025640
0.134917,0.122026,0.026719
0.141234,0.136762,0.013336
0.140383,0.147151,0.026677
0.136492,0.148965,0.025502
0.133084,0.152930,0.026663
0.127197,0.151540,0.017011
0.123975,0.160762,0.020147
0.125045,0.169230,0.027925
0.112843,0.154297,0.020645
0.100205,0.159440,0.018527
0.108717,0.164584,0.020539
0.100550,0.166150,0.021809
0.099310,0.171358,0.016347
0.095387,0.163572,0.021791
0.093077,0.162907,0.013872
0.090923,0.176326,0.020017
0.087803,0.191833,0.023448
0.076689,0.183461,0.005946
0.060250,0.182307,-0.013854
0.057375,0.173082,-0.003551
0.040411,0.182589,-0.006877
0.037851,0.168822,-0.012292
0.037607,0.173941,-0.022129
0.024548,0.172705,-0.033045
0.028198,0.176160,-0.035409
0.007247,0.185759,-0.016197
0.004051,0.183361,-0.024249
0.013812,0.189263,-0.025488
-0.001656,0.178476,-0.027576
-0.006310,0.180229,-0.029322
-0.004197,0.182273,-0.038555
-0.012250,0.187017,-0.033865
-0.010887,0.188889,-0.046927
-0.030014,0.197765,-0.043154
-0.030062,0.192843,-0.037160
0.207584,-0.014036,-0.027377
0.198398,-0.017566,-0.020145
0.207837,-0.005602,0.002533
0.214057,-0.003375,0.002004
0.216993,0.013333,0.005513
0.216549,0.014000,0.000245
0.222989,0.027136,0.014278
0.220231,0.035610,0.015737
0.229479,0.033863,0.022028
0.228821,0.047251,0.025691
0.227041,0.052934,0.018239
0.223872,0.052975,0.032268
0.215842,0.059015,0.024670
0.211356,0.064075,0.032226
0.216015,0.072044,0.018039
0.211699,0.072985,0.029069
0.197358,0.079118,0.025212
0.202335,0.083018,0.026915
0.211056,0.087398,0.020993
0.201992,0.084995,0.021168
0.192061,0.087554,0.027706
0.194560,0.092645,0.031307
0.184961,0.094077,0.025218
0.187397,0.090611,0.034313
0.176347,0.098057,0.024292
0.183389,0.106515,0.035248
0.168830,0.113463,0.026188
0.170101,0.115998,0.019467
0.160688,0.114071,0.035422
0.165262,0.113169,0.033099
0.167565,0.120563,0.020631
0.159135,0.128344,0.021694
0.148148,0.118320,0.026233
0.150497,0.120742,0.025763
0.142579,0.137145,0.036777
0.132243,0.135925,0.030958
0.131856,0.124873,0.023114
0.132209,0.139884,0.016299
0.119600,0.142628,0.026816
0.127916,0.150128,0.023638
0.120794,0.146502,0.030216
0.119565,0.153031,0.022060
0.110796,0.151893,0.019020
0.107958,0.153393,0.015666
0.109717,0.153101,0.024248
0.092270,0.160374,0.024159
0.095778,0.160110,0.011581
0.086600,0.170107,0.030393
0.094919,0.163106,0.016970
0.084797,0.168868,0.005942
0.075526,0.177660,0.012246
0.079441,0.173187,0.005673
0.054452,0.169168,0.001643
0.054883,0.173158,0.000935
0.051760,0.165765,-0.000664
0.027206,0.174980,0.000763
0.035638,0.171924,-0.015228
0.028459,0.174885,-0.016142
0.033461,0.172229,-0.010892
0.007482,0.172045,-0.019559
0.012271,0.186770,-0.022205
0.006697,0.191237,-0.016070
-0.001651,0.184676,-0.027663
-0.005516,0.191108,-0.025961
-0.003354,0.184081,-0.037934
-0.017192,0.195757,-0.032041
-0.019585,0.192613,-0.030058
-0.022617,0.182300,-0.032442
-0.024483,0.182463,-0.029979
-0.036899,0.197007,-0.041415
0.204217,-0.025735,-0.016526
0.213721,-0.016646,-0.005144
0.216242,-0.009826,-0.002842
0.216631,0.000771,0.001489
0.215216,0.013398,0.008878
0.213031,0.007775,0.004974
0.225568,0.023288,0.009736
0.210732,0.033662,0.016336
0.225737,0.047316,0.020945
0.212705,0.042556,0.031328
0.214512,0.043074,0.033383
0.211162,0.054806,0.035417
0.217711,0.061360,0.019560
0.211346,0.060575,0.030492
0.212188,0.067498,0.023338
0.213052,0.068323,0.023171
0.202983,0.072805,0.029084
0.197385,0.075572,0.032482
0.197979,0.079698,0.033370
0.202432,0.085092,0.030062
0.192704,0.074360,0.026036
0.195160,0.077203,0.033001
0.180700,0.098334,0.026976
0.180672,0.094690,0.035822
0.176326,0.096327,0.024894
0.173333,0.103353,0.036699
0.170903,0.097352,0.027263
0.160303,0.106667,0.026929
0.166456,0.111229,0.023154
0.156845,0.118674,0.033894
0.146012,0.123532,0.038229
0.147161,0.127316,0.026557
0.148963,0.123165,0.028455
0.137933,0.125552,0.027960
0.143989,0.125332,0.031388
0.134930,0.135545,0.030469
0.142272,0.135241,0.027117
0.133453,0.132115,0.024239
0.130980,0.147270,0.036950
0.120016,0.147553,0.027443
0.118976,0.148364,0.030758
0.109285,0.133620,0.020998
0.115355,0.152496,0.015536
0.098616,0.161117,0.018247
0.102232,0.152309,0.025453
0.097444,0.159334,0.010450
0.095690,0.156697,0.019525
0.093940,0.166734,0.025088
0.094983,0.174095,0.017481
0.081771,0.168767,0.013588
0.080308,0.165766,0.008454
0.068868,0.169335,0.007148
0.055494,0.160625,-0.000497
0.051573,0.168434,-0.000361
0.048004,0.172911,-0.000456
0.038810,0.163662,-0.010209
0.033991,0.163893,-0.011260
0.022671,0.168083,-0.013037
0.020580,0.175689,-0.014543
0.011289,0.170654,-0.014591
0.010668,0.174696,-0.024877
0.012825,0.186153,-0.026353
-0.005538,0.164600,-0.028699
-0.014080,0.179712,-0.023227
-0.014076,0.178955,-0.018507
-0.015096,0.179114,-0.025289
-0.023967,0.189247,-0.022586
-0.023825,0.185665,-0.033714
-0.037227,0.193553,-0.032988
-0.038522,0.194767,-0.026399
0.206069,-0.029148,-0.016496
0.211714,-0.009049,0.004082
0.210554,-0.011322,-0.010348
0.206611,0.006413,0.000830
0.222315,-0.000654,0.007395
0.216392,0.020439,0.015498
0.219858,0.022994,0.019157
0.217876,0.037281,0.023902
0.215820,0.036493,0.030788
0.217307,0.040265,0.027433
0.216279,0.047027,0.031412
0.214631,0.052435,0.033677
0.208918,0.050346,0.031688
0.202528,0.070167,0.023461
0.208912,0.052834,0.034905
0.199464,0.066137,0.028465
0.196219,0.063933,0.034373
0.189575,0.068713,0.028714
0.185613,0.077419,0.027141
0.195225,0.074071,0.026962
0.193419,0.093375,0.031641
0.187562,0.085361,0.049148
0.188000,0.095935,0.041402
0.169990,0.087444,0.033951
0.172010,0.099063,0.032034
0.157798,0.093285,0.028771
0.160992,0.096161,0.036916
0.165157,0.110766,0.032020
0.164476,0.110938,0.033075
0.156798,0.110785,0.026899
0.156222,0.118506,0.033923
0.143827,0.120008,0.035665
0.145610,0.115599,0.038032
0.146004,0.119920,0.042057
0.142183,0.132074,0.039382
0.135774,0.120672,0.029412
0.138949,0.134689,0.034523
0.130430,0.132695,0.020811
0.126663,0.144786,0.034930
0.121285,0.133014,0.038371
0.113885,0.142367,0.022136
0.110013,0.139151,0.030364
0.103379,0.147094,0.031347
0.105917,0.148980,0.023201
0.104802,0.145324,0.022100
0.088608,0.145242,0.020521
0.092849,0.163666,0.023081
0.089083,0.163021,0.014007
0.081002,0.158404,0.022872
0.074465,0.155897,0.024271
0.071357,0.165783,0.020309
0.067060,0.166238,0.015195
0.055137,0.163916,0.003955
0.057789,0.164091,0.008657
0.042613,0.171424,0.003591
0.040534,0.168407,-0.006680
0.019706,0.166687,-0.002537
0.012259,0.165551,-0.003154
0.017246,0.172304,-0.011389
0.010572,0.173103,-0.018295
0.004638,0.177017,-0.023007
-0.001049,0.165467,-0.009711
-0.004319,0.180237,-0.021104
0.003178,0.175106,-0.017816
-0.019800,0.178468,-0.026883
-0.008760,0.181240,-0.025288
-0.019336,0.179490,-0.030245
-0.027592,0.184930,-0.022222
-0.028033,0.192183,-0.021948
0.200677,-0.034510,-0.022021
0.209249,-0.025045,-0.004928
0.218185,-0.007834,0.003477
0.216887,-0.007023,-0.001717
0.218271,0.003102,0.012998
0.211701,0.001251,0.019392
0.218248,0.021229,0.024655
0.213289,0.023917,0.025091
0.218738,0.029346,0.026577
0.219335,0.029980,0.032669
0.213494,0.040127,0.019564
0.213663,0.033019,0.031511
0.215819,0.055712,0.035257
0.213075,0.058063,0.038495
0.205316,0.048593,0.027828
0.201817,0.062743,0.025651
0.199172,0.063844,0.037314
0.197111,0.065783,0.039881
0.190963,0.076003,0.035107
0.193698,0.077589,0.039100
0.195821,0.083877,0.039100
0.187729,0.079518,0.042326
0.176727,0.079642,0.042453
0.180377,0.089339,0.036340
0.172142,0.092022,0.047822
0.172763,0.097924,0.037168
0.167134,0.104187,0.047514
0.160277,0.094422,0.035575
0.165089,0.101821,0.049287
0.147617,0.099051,0.030216
0.153809,0.101433,0.028916
0.161688,0.105104,0.044961
0.153640,0.111976,0.035597
0.145709,0.108898,0.038408
0.140464,0.122464,0.041015
0.143011,0.131078,0.033014
0.134002,0.124732,0.037142
0.131991,0.124292,0.032718
0.132118,0.133349,0.028210
0.123702,0.137224,0.024485
0.116846,0.139876,0.028326
0.107282,0.138916,0.032494
0.115989,0.144029,0.027104
0.102431,0.133089,0.032463
0.101904,0.137340,0.027234
0.092720,0.145974,0.022940
0.086901,0.151688,0.025287
0.086194,0.162649,0.024919
0.078639,0.161220,0.022469
0.074793,0.154951,0.015139
0.068366,0.151564,0.014060
0.067842,0.159805,0.009473
0.058006,0.152214,0.009523
0.061125,0.158505,0.016309
0.042817,0.167219,0.004457
0.039039,0.169754,0.005166
0.025454,0.164769,-0.012566
0.028494,0.153611,0.002291
0.023071,0.167544,-0.014287
0.018985,0.161578,-0.008543
0.002026,0.173071,-0.009703
0.003495,0.176730,-0.009786
0.013640,0.175521,-0.014968
-0.014063,0.172127,-0.020905
-0.008966,0.173535,-0.017987
-0.013182,0.175306,-0.014626
-0.024394,0.175235,-0.016823
-0.021897,0.177286,-0.017892
-0.036017,0.181851,-0.027366
-0.032102,0.180852,-0.027115
0.207496,-0.042078,-0.012369
0.211688,-0.032122,0.002915
0.204686,-0.013602,0.003096
0.219050,-0.002767,-0.000843
0.215202,-0.011389,0.014986
0.213618,0.012241,0.023088
0.211950,0.011323,0.030609
0.217540,0.017271,0.015388
0.213235,0.033385,0.036619
0.208627,0.022971,0.039610
0.217336,0.039295,0.032177
0.204515,0.044003,0.039846
0.215012,0.042615,0.034786
0.205847,0.041181,0.041987
0.202442,0.054453,0.043782
0.198262,0.058508,0.048527
0.191302,0.053311,0.048430
0.189372,0.054851,0.045579
0.184931,0.067897,0.044359
0.193192,0.069463,0.048577
0.191349,0.071072,0.045785
0.179943,0.079584,0.036930
0.174825,0.085650,0.044372
0.165902,0.088069,0.046679
0.166893,0.090606,0.049617
0.169652,0.094778,0.050424
0.174018,0.101595,0.036329
0.164573,0.102318,0.043186
0.166931,0.097269,0.037733
0.148419,0.096371,0.039994
0.148213,0.105427,0.037901
0.141275,0.112727,0.037533
0.146409,0.108389,0.033784
0.133249,0.108179,0.037933
0.136696,0.105578,0.040288
0.129358,0.123061,0.031906
0.127269,0.119306,0.042357
0.123727,0.129929,0.040510
0.123706,0.118880,0.035877
0.111047,0.131741,0.039726
0.110185,0.133346,0.038359
0.102166,0.133621,0.031535
0.105748,0.133807,0.029976
0.096225,0.136496,0.022386
0.098866,0.148518,0.038838
0.104167,0.146869,0.025811
0.093443,0.152620,0.027468
0.084169,0.149669,0.015761
0.082163,0.158202,0.029445
0.076399,0.149359,0.025027
0.071731,0.152218,0.023069
0.055575,0.166334,0.016621
0.051368,0.153866,0.013544
0.053146,0.161486,0.006470
0.047865,0.168772,0.011128
0.039635,0.152114,0.012800
0.031351,0.159611,0.011414
0.030188,0.151147,-0.004233
0.010404,0.157638,-0.006390
0.008303,0.161221,-0.006718
0.004604,0.171385,-0.012256
-0.003903,0.166830,-0.015218
0.002908,0.168125,-0.003517
-0.003286,0.172418,-0.018420
-0.010500,0.172498,-0.018955
-0.020422,0.182953,-0.021563
-0.022061,0.174636,-0.018952
-0.028386,0.173265,-0.012127
-0.031715,0.188897,-0.007204
-0.032857,0.183914,-0.017404
0.216224,-0.038721,0.012143
0.198635,-0.024850,0.006714
0.204448,-0.015248,0.012312
0.202745,-0.008034,0.013216
0.207111,-0.006063,0.024083
0.203988,-0.000240,0.011187
0.212734,0.008494,0.032158
0.215809,0.017678,0.042334
0.215352,0.019220,0.044411
0.212583,0.027173,0.033932
0.208012,0.035097,0.042849
0.205089,0.045887,0.050156
0.209167,0.037494,0.034844
0.200634,0.048137,0.038308
0.197767,0.045296,0.044238
0.187624,0.059668,0.048334
0.197064,0.058499,0.046662
0.192037,0.060913,0.035839
0.190688,0.065173,0.045623
0.189895,0.067763,0.039006
0.182691,0.064689,0.037427
0.168657,0.081003,0.043622
0.179184,0.075866,0.044632
0.176101,0.082226,0.046016
0.167964,0.091734,0.042375
0.162878,0.090476,0.042132
0.163786,0.086039,0.042233
0.156604,0.090685,0.045324
0.152418,0.098647,0.035572
0.146821,0.100322,0.046262
0.143358,0.106246,0.046119
0.149814,0.103711,0.040803
0.145666,0.109063,0.045348
0.128726,0.116250,0.037728
0.138867,0.110721,0.041662
0.130950,0.122814,0.042223
0.132332,0.119623,0.034978
0.125007,0.126226,0.047668
0.127588,0.123760,0.035766
0.115636,0.128350,0.033420
0.114051,0.134566,0.041978
0.107625,0.139429,0.037689
0.092170,0.133197,0.041298
0.104295,0.139652,0.024678
0.100414,0.142577,0.026294
0.093585,0.136151,0.033156
0.080622,0.138500,0.030401
0.077049,0.152562,0.034951
0.076278,0.148389,0.029422
0.068779,0.154623,0.029564
0.062195,0.151772,0.024846
0.054141,0.145652,0.019922
0.053823,0.155646,0.019222
0.053747,0.155356,0.016769
0.039791,0.158223,0.010709
0.029542,0.144773,0.003589
0.020883,0.157497,0.013735
0.013616,0.156996,-0.001316
0.016494,0.171290,-0.003035
0.012585,0.158375,-0.009964
-0.000235,0.156723,0.004164
0.007132,0.157610,-0.010318
-0.009184,0.164608,0.002015
-0.007101,0.169182,-0.005457
-0.015276,0.175336,-0.007830
-0.019057,0.164739,-0.016264
-0.027521,0.174298,-0.007323
-0.030993,0.175868,-0.021294
-0.045028,0.184380,-0.015734
0.195879,-0.044066,-0.008454
0.204826,-0.039260,0.010972
0.200992,-0.027744,0.019859
0.208603,-0.023867,0.017778
0.214462,-0.021302,0.023314
0.212768,-0.001596,0.024153
0.198051,0.009555,0.018427
0.202944,0.012395,0.036837
0.219882,0.019854,0.040977
0.207209,0.024497,0.043542
0.215512,0.033461,0.040319
0.203359,0.027100,0.051563
0.217950,0.038200,0.049105
0.195953,0.025423,0.039050
0.198288,0.042580,0.044173
0.194928,0.054275,0.048969
0.196374,0.054681,0.056342
0.187632,0.051534,0.050763
0.179786,0.065027,0.041857
0.186475,0.057218,0.044967
0.176722,0.064101,0.040310
0.174021,0.067573,0.047125
0.170536,0.076459,0.046880
0.167520,0.076240,0.038730
0.168148,0.081827,0.046942
0.166110,0.083854,0.051394
0.164170,0.084117,0.042887
0.160526,0.086657,0.052204
0.159901,0.090998,0.037545
0.159279,0.094843,0.039928
0.148947,0.096885,0.047255
0.145313,0.104883,0.036837
0.143655,0.102447,0.048614
0.134278,0.105100,0.046258
0.136507,0.109285,0.053382
0.124748,0.125727,0.035439
0.129343,0.117092,0.044810
0.129277,0.114561,0.051869
0.122536,0.122172,0.038965
0.120180,0.124187,0.033382
0.112433,0.123417,0.035601
0.110802,0.122861,0.033175
0.105146,0.123135,0.045034
0.100434,0.130287,0.031741
0.093187,0.128812,0.041023
0.097096,0.129115,0.036312
0.079889,0.143620,0.027403
0.079540,0.140893,0.029050
0.080194,0.143340,0.028078
0.070765,0.144612,0.027343
0.061600,0.149972,0.025021
0.059586,0.145723,0.031746
0.052790,0.147465,0.013820
0.048905,0.148825,0.028944
0.044866,0.150009,0.025357
0.034467,0.145209,0.012214
0.027685,0.145497,0.003076
0.022692,0.147900,0.014555
0.013872,0.158231,0.012203
0.011866,0.158289,0.008516
0.002038,0.150103,0.002376
-0.012095,0.158401,0.008897
-0.003391,0.160467,-0.005006
-0.005093,0.158250,-0.007542
-0.013804,0.165168,-0.012511
-0.026179,0.171384,-0.002784
-0.030697,0.173339,-0.010523
-0.025410,0.171905,-0.007465
-0.023702,0.172284,-0.006171
0.199149,-0.053937,0.006083
0.196034,-0.040432,0.012910
0.211467,-0.020318,0.017459
0.208840,-0.009674,0.022455
0.199352,-0.014643,0.030745
0.208673,-0.005505,0.022663
0.213720,0.006148,0.031057
0.198958,0.016591,0.040293
0.204126,0.013655,0.044832
0.204781,0.010542,0.046280
0.207832,0.025987,0.048732
0.213544,0.027176,0.043374
0.191367,0.031052,0.034951
0.200120,0.030103,0.048047
0.194527,0.032206,0.051443
0.194744,0.043474,0.048351
0.193309,0.052673,0.050548
0.187913,0.053329,0.047659
0.190999,0.053536,0.050193
0.177698,0.047819,0.047226
0.159453,0.072369,0.059113
0.178175,0.061556,0.043955
0.178284,0.071244,0.052672
0.170889,0.081598,0.059735
0.169639,0.068433,0.042409
0.155298,0.072807,0.048948
0.164125,0.083970,0.050936
0.155831,0.085490,0.043077
0.154074,0.101093,0.052211
0.145289,0.091555,0.050768
0.152651,0.097466,0.045753
0.149863,0.091656,0.054410
0.137868,0.099247,0.050237
0.133506,0.102702,0.060109
0.130090,0.106607,0.046397
0.138348,0.105210,0.045994
0.118124,0.107620,0.045408
0.123264,0.126094,0.050888
0.115948,0.126102,0.046999
0.104144,0.119641,0.047213
0.099291,0.125400,0.048071
0.102777,0.125523,0.043677
0.097603,0.126955,0.048068
0.089666,0.125252,0.039790
0.090461,0.132131,0.051819
0.089531,0.127605,0.044317
0.083671,0.131847,0.027490
0.083517,0.138995,0.035685
0.069790,0.139054,0.031904
0.066443,0.144911,0.037607
0.067502,0.154573,0.021644
0.054228,0.143924,0.029067
0.050457,0.146724,0.018364
0.045743,0.143576,0.022156
0.031857,0.145310,0.019698
0.027550,0.146534,0.019087
0.023178,0.149515,0.014263
0.010502,0.148419,0.004506
0.010784,0.143283,0.008595
0.005513,0.153077,0.006223
0.003676,0.150177,0.004863
0.001696,0.144710,0.009781
-0.010950,0.154276,0.001331
-0.017236,0.153376,-0.006171
-0.017776,0.157026,-0.003875
-0.033721,0.158109,-0.006731
-0.030904,0.166210,0.000677
-0.034772,0.172027,-0.004781
-0.036354,0.169286,-0.002337
0.194918,-0.069830,-0.002402
0.197420,-0.046879,-0.000952
0.201993,-0.039528,0.010606
0.200781,-0.033214,0.020136
0.208081,-0.014352,0.029925
0.210792,-0.009350,0.029352
0.217588,-0.008485,0.029996
0.207449,-0.001337,0.033482
0.214944,0.017214,0.050502
0.219314,0.010933,0.059526
0.209785,0.026788,0.048564
0.204312,0.020718,0.038312
0.210539,0.025554,0.050173
0.206374,0.029195,0.056987
0.190103,0.034028,0.051471
0.189456,0.050170,0.060751
0.186889,0.041314,0.055755
0.188310,0.043733,0.052116
0.187924,0.057198,0.043285
0.191183,0.054205,0.051283
0.177512,0.053289,0.060588
0.173461,0.056830,0.048938
0.178628,0.058551,0.049157
0.175101,0.080799,0.060925
0.161990,0.066812,0.048536
0.163190,0.064887,0.058922
0.161585,0.073418,0.057980
0.156785,0.079704,0.041348
0.153298,0.079153,0.054132
0.145606,0.077510,0.049158
0.151289,0.080765,0.061515
0.149360,0.086274,0.052732
0.142006,0.088290,0.048392
0.139104,0.090820,0.055118
0.135471,0.101872,0.046382
0.131751,0.107460,0.046631
0.124003,0.100409,0.060994
0.118430,0.110043,0.051107
0.111386,0.105451,0.043115
0.118940,0.110328,0.047069
0.112888,0.106505,0.058972
0.105440,0.123012,0.042876
0.102076,0.117624,0.048049
0.100807,0.116003,0.035099
0.089544,0.122637,0.053137
0.074284,0.123642,0.033573
0.084524,0.134328,0.040509
0.074308,0.126251,0.030576
0.068988,0.134199,0.031395
0.068709,0.126087,0.041392
0.060916,0.130299,0.045181
0.043885,0.142589,0.029115
0.056665,0.135632,0.036939
0.046891,0.143930,0.034261
0.039574,0.141102,0.026068
0.032475,0.137222,0.021700
0.021003,0.146051,0.013592
0.012686,0.145928,0.014886
0.003967,0.152657,0.008782
0.010926,0.145056,0.010398
0.000360,0.142691,0.014752
-0.012427,0.148830,0.006813
-0.002364,0.155398,0.000663
-0.017192,0.156817,0.009855
-0.020189,0.152786,0.001719
-0.024142,0.161122,-0.011256
-0.024098,0.151263,0.000083
-0.035281,0.159559,-0.006599
-0.041639,0.164472,-0.006142
0.200782,-0.060229,0.001669
0.206113,-0.048664,0.020493
0.202222,-0.050649,0.025428
0.197495,-0.026611,0.028625
0.210661,-0.020298,0.029369
0.207247,-0.011894,0.041860
0.215511,-0.009456,0.044137
0.214901,0.003564,0.047942
0.211902,0.019893,0.056179
0.218885,0.010896,0.051357
0.210090,0.023889,0.047065
0.206674,0.019751,0.061365
0.192127,0.026606,0.049599
0.198592,0.027952,0.055813
0.200365,0.038878,0.055933
0.189496,0.034371,0.056029
0.188089,0.036330,0.052728
0.189421,0.041313,0.056105
0.187961,0.044740,0.052428
0.186943,0.050091,0.053982
0.177794,0.047203,0.056771
0.170900,0.052504,0.063050
0.175511,0.062487,0.058428
0.163112,0.062551,0.048010
0.158935,0.067256,0.063686
0.158203,0.069296,0.067288
0.153775,0.071242,0.051479
0.157425,0.071948,0.057987
0.153153,0.082080,0.049968
0.140023,0.081611,0.052418
0.137067,0.081959,0.049448
0.139908,0.079197,0.058488
0.136068,0.084279,0.053956
0.131434,0.096930,0.050897
0.136357,0.102123,0.066416
0.120743,0.091101,0.056487
0.124638,0.096908,0.049616
0.123206,0.105104,0.055503
0.101745,0.113636,0.056236
0.112029,0.117062,0.056233
0.104870,0.116412,0.050085
0.097463,0.115031,0.046558
0.100343,0.115375,0.048628
0.089604,0.114166,0.042927
0.083668,0.120466,0.048857
0.095774,0.128151,0.050610
0.077562,0.125978,0.044425
0.065191,0.127524,0.048520
0.058338,0.126593,0.044818
0.052881,0.131197,0.033238
0.058610,0.130344,0.040364
0.047206,0.130503,0.032943
0.041740,0.140195,0.026071
0.037246,0.141876,0.024144
0.040436,0.133326,0.025815
0.034727,0.130220,0.013825
0.011967,0.124691,0.026094
0.018148,0.141490,0.022711
0.001205,0.144352,0.014988
0.000727,0.133255,0.015252
-0.001836,0.144262,0.002907
-0.003739,0.142905,0.006870
-0.007767,0.144989,0.007039
-0.015152,0.144037,-0.004666
-0.026100,0.141846,0.001222
-0.033003,0.153618,-0.003552
-0.029686,0.151986,0.003417
-0.035268,0.151416,-0.006509
0.187707,-0.078257,-0.004000
0.204718,-0.055063,0.010230
0.193092,-0.052972,0.019105
0.197368,-0.046173,0.016599
0.202325,-0.033898,0.029176
0.208926,-0.021672,0.040048
0.205193,-0.016920,0.062083
0.222020,0.002488,0.061955
0.214615,-0.005750,0.053919
0.204854,0.006538,0.061642
0.208681,0.008448,0.057267
0.209927,0.017483,0.049906
0.207188,0.025715,0.051933
0.197158,0.017145,0.063753
0.202778,0.023229,0.063515
0.189031,0.035886,0.060260
0.187958,0.038168,0.058853
0.187394,0.032091,0.052275
0.192581,0.028995,0.051243
0.184178,0.043298,0.061148
0.180285,0.044304,0.052102
0.171577,0.045151,0.062329
0.159964,0.054552,0.060724
0.170643,0.051302,0.066475
0.166878,0.051066,0.063584
0.160094,0.060076,0.061486
0.160288,0.057953,0.060716
0.153374,0.066343,0.062972
0.149555,0.069639,0.052085
0.144666,0.072995,0.054575
0.145852,0.088446,0.057631
0.141127,0.079264,0.052253
0.135345,0.091570,0.059404
0.122648,0.082807,0.061344
0.126939,0.101631,0.056340
0.120707,0.082208,0.054094
0.114139,0.095339,0.055572
0.129580,0.096649,0.059382
0.113687,0.105671,0.062504
0.108201,0.094803,0.056736
0.105929,0.113644,0.057340
0.103506,0.113495,0.049193
0.088970,0.115315,0.049652
0.094415,0.123701,0.050382
0.098438,0.124260,0.058687
0.080637,0.110828,0.056673
0.074114,0.110546,0.045025
0.084409,0.121199,0.044704
0.066829,0.128312,0.051521
0.066359,0.130834,0.040858
0.059276,0.124323,0.036913
0.049398,0.123112,0.027251
0.051142,0.131254,0.035613
0.046938,0.128265,0.035628
0.038612,0.132618,0.026788
0.025313,0.127095,0.019733
0.015595,0.135079,0.020553
0.018465,0.130072,0.026377
-0.000151,0.132692,0.017320
0.004762,0.129943,0.019843
0.002850,0.143033,0.008777
-0.007385,0.147806,0.015284
-0.009123,0.137804,0.012791
-0.016039,0.138417,0.003932
-0.027225,0.141153,0.004108
-0.034850,0.144927,0.004875
-0.042109,0.153226,0.001421
-0.045073,0.154294,0.002092
-0.047660,0.152395,-0.009471
0.186187,-0.070084,0.011819
0.198689,-0.063125,0.018739
0.194682,-0.037935,0.029292
0.201294,-0.045673,0.028727
0.207508,-0.034066,0.029869
0.223586,-0.013330,0.054913
0.204611,-0.012333,0.055980
0.208490,-0.003017,0.059623
0.210541,-0.002342,0.064806
0.208196,0.009344,0.059652
0.212345,0.018785,0.064658
0.205387,0.012913,0.065274
0.200608,0.009000,0.057404
0.196821,0.016919,0.067348
0.195094,0.023880,0.059712
0.198247,0.031720,0.063107
0.190297,0.027729,0.064463
0.186411,0.032351,0.066307
0.183968,0.040599,0.063259
0.170639,0.036436,0.068053
0.173527,0.041094,0.062970
0.163699,0.050329,0.060308
0.161241,0.053564,0.067868
0.162952,0.060872,0.059616
0.160419,0.052544,0.066925
0.155637,0.064331,0.068940
0.154686,0.064703,0.062513
0.165758,0.056163,0.065964
0.150639,0.068441,0.062709
0.137306,0.072862,0.068973
0.134399,0.064761,0.062794
0.134626,0.079628,0.069901
0.144044,0.081824,0.062834
0.137690,0.085979,0.065542
0.125204,0.086907,0.059100
0.123458,0.083434,0.063969
0.121220,0.090854,0.059387
0.111989,0.102718,0.060167
0.112468,0.091961,0.054262
0.099686,0.097175,0.059703
0.111285,0.107062,0.051005
0.096517,0.099766,0.054507
0.096461,0.107987,0.054502
0.098454,0.113317,0.056940
0.093074,0.117588,0.045438
0.086506,0.114280,0.047870
0.078283,0.120829,0.044109
0.068027,0.115461,0.046038
0.067054,0.114380,0.049952
0.059786,0.123409,0.044784
0.036953,0.124395,0.041709
0.048294,0.123270,0.039262
0.046716,0.120838,0.035895
0.034885,0.123495,0.027850
0.022801,0.126156,0.030952
0.042826,0.134004,0.037885
0.018575,0.127543,0.025762
-0.000421,0.125850,0.025803
0.010833,0.127925,0.013973
-0.005861,0.130290,0.012656
-0.006499,0.131273,0.014650
-0.013215,0.139366,0.005085
-0.026547,0.132930,0.008028
-0.030772,0.134700,0.004494
-0.032686,0.140210,0.009139
-0.038713,0.141752,0.004347
-0.041353,0.150922,0.001665
-0.045202,0.148092,0.006947
0.194209,-0.075701,0.018712
0.201143,-0.057305,0.017989
0.202051,-0.061246,0.033090
0.198668,-0.047415,0.032079
0.196577,-0.039677,0.038772
0.199517,-0.020294,0.052066
0.203827,-0.005908,0.066514
0.210123,-0.009440,0.060767
0.210956,0.000801,0.069822
0.196265,0.008723,0.059996
0.202806,0.010880,0.066137
0.197873,0.011973,0.073250
0.202547,0.011947,0.070099
0.194597,0.031192,0.068498
0.184578,0.019383,0.068548
0.189423,0.029596,0.066970
0.186291,0.035458,0.068975
0.186824,0.041180,0.077684
0.178078,0.039025,0.072249
0.177883,0.036417,0.079225
0.179096,0.035258,0.073242
0.172476,0.046439,0.068216
0.171386,0.049448,0.074471
0.157563,0.051557,0.066737
0.157943,0.059114,0.057948
0.158439,0.061034,0.074224
0.155076,0.061394,0.063261
0.156124,0.065852,0.064947
0.140756,0.071528,0.058692
0.140156,0.071242,0.062218
0.142671,0.073678,0.074900
0.135080,0.069491,0.072992
0.134720,0.078282,0.069784
0.124460,0.078846,0.073328
0.121724,0.080045,0.063846
0.107692,0.080339,0.066385
0.108392,0.086379,0.061738
0.111036,0.091936,0.062346
0.105584,0.096300,0.064064
0.107765,0.100825,0.056903
0.103365,0.113603,0.063305
0.096196,0.102144,0.056950
0.085688,0.102566,0.054239
0.089973,0.103988,0.056826
0.075968,0.110591,0.055598
0.071236,0.115291,0.055847
0.077605,0.117567,0.054014
0.066013,0.119199,0.054980
0.066295,0.113684,0.048302
0.064906,0.116576,0.052086
0.047646,0.129252,0.050006
0.049367,0.122706,0.043130
0.030168,0.124766,0.037734
0.038271,0.119067,0.025856
0.027659,0.129101,0.039240
0.018010,0.130848,0.030266
0.021784,0.128732,0.031936
0.009677,0.127841,0.024393
0.008594,0.126406,0.028696
-0.002555,0.120891,0.022302
-0.009656,0.123924,0.012559
-0.019960,0.129130,0.014360
-0.015110,0.130444,0.006533
-0.027279,0.141793,0.005113
-0.030529,0.126952,0.017956
-0.040571,0.132005,-0.000041
-0.045552,0.138868,0.008115
0.183042,-0.098229,0.007696
0.191443,-0.058247,0.020451
0.187489,-0.071877,0.027443
0.188942,-0.041410,0.036110
0.190683,-0.040120,0.035278
0.201896,-0.041177,0.042548
0.200168,-0.019212,0.055855
0.212379,-0.015116,0.063018
0.205921,-0.006933,0.063532
0.203428,0.001156,0.067986
0.210704,-0.001152,0.059022
0.199723,-0.004954,0.069298
0.205971,0.008867,0.080764
0.191989,0.021051,0.079026
0.191015,0.020061,0.076085
0.188327,0.025957,0.073560
0.187249,0.030370,0.075593
0.190111,0.026076,0.071892
0.182060,0.028357,0.071306
0.172611,0.040914,0.068886
0.174169,0.038643,0.072539
0.169554,0.037910,0.081061
0.168672,0.041961,0.068267
0.160165,0.045058,0.063741
0.168855,0.047760,0.067534
0.151290,0.048647,0.067201
0.152573,0.055470,0.068510
0.157309,0.053646,0.072173
0.135961,0.062597,0.071166
0.142571,0.066077,0.071121
0.135289,0.072249,0.063826
0.130455,0.074597,0.072270
0.134039,0.073290,0.067581
0.132902,0.087200,0.070671
0.120261,0.079343,0.065553
0.127003,0.085612,0.074668
0.107637,0.085719,0.058154
0.112347,0.087553,0.057817
0.107518,0.088662,0.064337
0.097272,0.093431,0.070624
0.100074,0.093002,0.067673
0.095431,0.104136,0.055025
0.091804,0.101251,0.060389
0.087143,0.092022,0.068843
0.089401,0.101438,0.063463
0.072156,0.102173,0.067836
0.078503,0.106854,0.051421
0.068749,0.109334,0.062799
0.066823,0.110298,0.049712
0.062135,0.125088,0.047659
0.056112,0.121061,0.045322
0.048417,0.116945,0.048708
0.042883,0.122567,0.045736
0.038126,0.118175,0.048406
0.026914,0.120820,0.042134
0.013402,0.122155,0.041842
0.016828,0.126407,0.023616
0.009408,0.126618,0.030162
0.002881,0.122910,0.024336
-0.011369,0.127938,0.022915
-0.006015,0.121469,0.021400
-0.012354,0.124993,0.020115
-0.018919,0.125185,0.018482
-0.032158,0.121263,0.009366
-0.028954,0.132770,0.010670
-0.034151,0.136866,0.009443
-0.041014,0.138188,0.011076
0.188785,-0.082145,0.023106
0.194490,-0.067758,0.036236
0.191632,-0.061367,0.023172
0.191199,-0.056993,0.035337
0.197951,-0.039740,0.050105
0.203298,-0.033567,0.054478
0.197089,-0.022755,0.068736
0.214779,-0.007774,0.061843
0.208519,-0.010919,0.071241
0.201838,-0.008595,0.078188
0.211425,0.000453,0.082356
0.202256,0.004855,0.075586
0.200414,0.008791,0.090043
0.190665,0.009265,0.078791
0.190974,0.010865,0.080735
0.183678,0.022276,0.079276
0.185199,0.022004,0.076190
0.177353,0.018081,0.076942
0.182219,0.034907,0.081275
0.183170,0.041310,0.069796
0.169442,0.035082,0.078823
0.164628,0.029037,0.073370
0.167256,0.044780,0.076181
0.158352,0.040584,0.078327
0.163255,0.043331,0.078916
0.151288,0.053911,0.085168
0.145839,0.046110,0.066814
0.142157,0.055617,0.074360
0.147434,0.058203,0.077481
0.137150,0.060707,0.073336
0.131830,0.058943,0.070219
0.135902,0.072924,0.072535
0.125411,0.068243,0.066181
0.127313,0.073357,0.063531
0.129739,0.074193,0.074587
0.121055,0.080371,0.073489
0.113203,0.083607,0.068709
0.108500,0.083892,0.070559
0.111755,0.081174,0.070694
0.099265,0.092490,0.066242
0.097755,0.102110,0.070290
0.099006,0.100864,0.063306
0.091233,0.103603,0.061767
0.082293,0.100236,0.064817
0.079101,0.102148,0.064356
0.065495,0.084638,0.055544
0.079882,0.108555,0.055520
0.059036,0.108270,0.058063
0.056172,0.106589,0.048660
0.045365,0.106270,0.053852
0.048060,0.109427,0.051007
0.045950,0.113884,0.045890
0.028891,0.101543,0.045734
0.028715,0.120146,0.041719
0.024204,0.124711,0.039173
0.019427,0.127975,0.026887
0.007476,0.122377,0.040061
0.005369,0.121114,0.027998
-0.001984,0.122774,0.032732
0.001466,0.120042,0.022859
-0.024161,0.108149,0.023573
-0.024336,0.120720,0.016035
-0.024531,0.119412,0.016078
-0.033586,0.125961,0.013942
-0.038740,0.128187,0.012268
-0.045395,0.122439,0.007904
0.188362,-0.094084,0.019768
0.188445,-0.079347,0.024747
0.187234,-0.077042,0.044365
0.188998,-0.065466,0.037216
0.188184,-0.047658,0.031424
0.199537,-0.047100,0.049583
0.192259,-0.044101,0.053550
0.202052,-0.021395,0.073690
0.203440,-0.013557,0.064986
0.199162,-0.009534,0.075179
0.210560,-0.012977,0.068965
0.198660,-0.008323,0.081052
0.196109,-0.002125,0.083526
0.195932,0.006057,0.068881
0.189376,0.005994,0.078278
0.188236,0.012935,0.093689
0.184655,0.021128,0.088230
0.182240,0.022053,0.083362
0.174205,0.020145,0.078029
0.175096,0.026056,0.079042
0.174038,0.027921,0.084939
0.166474,0.036807,0.077147
0.159646,0.033942,0.078687
0.162285,0.030914,0.076946
0.151564,0.041707,0.082208
0.155545,0.037505,0.078025
0.142156,0.050102,0.076694
0.146260,0.060309,0.069297
0.141468,0.048479,0.081039
0.135868,0.053971,0.072951
0.139509,0.058678,0.072381
0.137378,0.061901,0.077725
0.123264,0.058643,0.075645
0.127895,0.074460,0.075368
0.125315,0.063300,0.070835
0.120915,0.074721,0.065932
0.115437,0.068899,0.068549
0.109398,0.075045,0.065547
0.104603,0.076458,0.069354
0.101600,0.071328,0.067010
0.103748,0.091539,0.073131
0.093897,0.096132,0.067617
0.086955,0.082627,0.067266
0.087396,0.091271,0.059686
0.076152,0.093366,0.056917
0.073770,0.097352,0.073634
0.072524,0.103176,0.059758
0.064114,0.104389,0.064952
0.052977,0.110890,0.058368
0.053597,0.104798,0.046418
0.044454,0.102473,0.056963
0.038697,0.100160,0.051064
0.037541,0.104494,0.056078
0.033943,0.117266,0.050812
0.025874,0.107395,0.037956
0.026124,0.100568,0.037706
0.005432,0.108817,0.040127
0.008802,0.109381,0.027001
-0.000718,0.119975,0.028417
-0.007164,0.112282,0.028004
-0.007480,0.119849,0.018108
-0.012266,0.113418,0.023450
-0.025259,0.115346,0.012885
-0.030858,0.122203,0.019849
-0.042586,0.130164,0.019735
-0.046062,0.127874,0.013259
0.174015,-0.101636,0.035564
0.187655,-0.077010,0.028746
0.178398,-0.075561,0.048942
0.189414,-0.057689,0.047068
0.197475,-0.059055,0.039277
0.189127,-0.049618,0.049077
0.188622,-0.038391,0.046435
0.206373,-0.029475,0.078378
0.200187,-0.021582,0.074270
0.194930,-0.017579,0.078598
0.193068,-0.003382,0.074786
0.198013,-0.001217,0.084090
0.193742,-0.003015,0.083307
0.189460,0.007122,0.081695
0.190728,0.011600,0.082609
0.199384,0.004734,0.088226
0.192647,0.009608,0.079053
0.184223,0.025226,0.084257
0.180827,0.017965,0.085753
0.179933,0.023795,0.088543
0.166039,0.025532,0.083402
0.163415,0.025450,0.077333
0.166625,0.033222,0.076605
0.163931,0.043155,0.086841
0.164881,0.032394,0.079355
0.145706,0.031519,0.070477
0.147626,0.047684,0.075836
0.132689,0.049357,0.081936
0.140287,0.045745,0.074949
0.133803,0.061613,0.082594
0.135968,0.061377,0.072069
0.120592,0.062072,0.073590
0.121757,0.055011,0.083202
0.118075,0.062955,0.075565
0.107122,0.071518,0.084655
0.113523,0.079974,0.074380
0.108465,0.074180,0.079248
0.097450,0.075826,0.070160
0.101691,0.076125,0.072857
0.092216,0.070383,0.065650
0.093351,0.077227,0.074320
0.083023,0.086035,0.072073
0.074956,0.084348,0.076804
0.076504,0.098671,0.076409
0.073020,0.092665,0.065962
0.068883,0.101501,0.063775
0.069612,0.092987,0.058987
0.052323,0.097272,0.067540
0.060759,0.102316,0.059194
0.043167,0.099486,0.061543
0.047134,0.096637,0.063071
0.033532,0.103520,0.059120
0.028750,0.100335,0.052768
0.022544,0.101029,0.052609
0.019672,0.100515,0.045026
0.017832,0.102442,0.044399
0.006703,0.112802,0.037063
0.002208,0.110619,0.044384
-0.011284,0.109178,0.035366
-0.021357,0.111205,0.024136
-0.013202,0.105501,0.033358
-0.029472,0.115202,0.025950
-0.028363,0.113273,0.028481
-0.035867,0.115177,0.021470
-0.043297,0.113234,0.008326
0.179148,-0.106403,0.029244
0.174659,-0.092621,0.029801
0.187911,-0.088197,0.040780
0.192860,-0.076008,0.044740
0.184544,-0.066054,0.049983
0.181709,-0.064571,0.047300
0.180478,-0.047196,0.056876
0.178478,-0.049235,0.069800
0.194363,-0.025363,0.076210
0.197853,-0.023087,0.077206
0.196041,-0.007752,0.074402
0.196865,-0.011232,0.092742
0.187667,-0.008988,0.090227
0.190996,-0.007508,0.092859
0.186612,0.001014,0.087538
0.183170,-0.003823,0.080296
0.182944,0.006558,0.095663
0.186497,0.005558,0.090814
0.184283,0.026702,0.090731
0.186698,0.021591,0.091208
0.172517,0.020732,0.090104
0.174808,0.018230,0.088907
0.168998,0.023321,0.079717
0.165324,0.025753,0.087197
0.158197,0.029338,0.090192
0.151627,0.035893,0.081202
0.146175,0.039937,0.081518
0.153266,0.042955,0.091472
0.141425,0.048060,0.093898
0.136254,0.044453,0.079824
0.134931,0.043399,0.083618
0.135991,0.053081,0.083758
0.125902,0.055816,0.074158
0.119675,0.060246,0.087490
0.105868,0.063892,0.072329
0.118775,0.060507,0.077826
0.115470,0.068929,0.076588
0.109175,0.060543,0.077385
0.104725,0.073349,0.077674
0.101115,0.070198,0.079213
0.094914,0.077189,0.079572
0.090234,0.078812,0.075819
0.083144,0.081207,0.066500
0.085361,0.081062,0.070135
0.076416,0.085392,0.072225
0.063545,0.083707,0.071139
0.062363,0.094241,0.062372
0.066039,0.092752,0.072448
0.066857,0.087885,0.071615
0.056633,0.103937,0.066630
0.044063,0.095448,0.053039
0.034673,0.093744,0.052782
0.031833,0.095359,0.054523
0.036769,0.090806,0.051271
0.018049,0.096524,0.052338
0.015732,0.104744,0.043678
0.012074,0.102625,0.044483
-0.001496,0.106755,0.046676
-0.008271,0.097173,0.030834
-0.014154,0.102825,0.037926
-0.014725,0.096647,0.029522
-0.016700,0.101090,0.028978
-0.035768,0.106097,0.016311
-0.024995,0.104074,0.030178
-0.056088,0.103504,0.008997
0.169250,-0.112530,0.021202
0.183772,-0.095025,0.032663
0.185609,-0.083948,0.042735
0.190313,-0.080884,0.035381
0.184502,-0.075595,0.050248
0.190489,-0.065683,0.050576
0.185564,-0.064259,0.058613
0.186999,-0.052323,0.056903
0.184886,-0.044970,0.065491
0.201342,-0.033610,0.074340
0.201860,-0.016507,0.083268
0.196949,-0.029835,0.091610
0.196506,-0.018808,0.084914
0.192758,-0.010747,0.089189
0.188814,-0.008431,0.081879
0.192169,-0.005499,0.089999
0.181470,0.007518,0.090970
0.179554,0.007927,0.086144
0.179583,0.024606,0.091318
0.168479,0.012863,0.096180
0.174427,0.019486,0.095887
0.177715,0.023364,0.090587
0.162765,0.031390,0.089376
0.169878,0.030922,0.093210
0.158268,0.032965,0.090510
0.147487,0.033452,0.091483
0.150845,0.032561,0.087923
0.146264,0.032182,0.086768
0.141090,0.046413,0.085587
0.135292,0.045710,0.088947
0.143140,0.039282,0.091305
0.126220,0.054786,0.079656
0.126056,0.045020,0.080028
0.123003,0.048430,0.089386
0.129011,0.054836,0.082269
0.126299,0.058619,0.089769
0.108361,0.061407,0.084482
0.100106,0.067689,0.075952
0.109886,0.057517,0.075094
0.104140,0.066871,0.083182
0.087341,0.077492,0.083393
0.090319,0.070010,0.076309
0.084076,0.077360,0.071145
0.088240,0.077466,0.068842
0.081565,0.076736,0.072704
0.074859,0.075745,0.086324
0.068381,0.081756,0.072714
0.066604,0.090764,0.070070
0.057184,0.087812,0.070150
0.045506,0.085557,0.063636
0.022982,0.089950,0.061698
0.046722,0.087335,0.064096
0.041257,0.082104,0.059315
0.031718,0.094085,0.060264
0.025347,0.090701,0.049715
0.012179,0.093555,0.042640
0.015691,0.107437,0.059064
-0.001564,0.102683,0.046544
-0.000288,0.097229,0.043373
-0.018255,0.087624,0.032725
-0.006202,0.100688,0.044525
-0.016020,0.101891,0.038488
-0.017697,0.109294,0.024439
-0.050263,0.101082,0.016385
0.162192,-0.142919,0.008956
0.169558,-0.121016,0.031090
0.188843,-0.101093,0.045508
0.183640,-0.092245,0.049686
0.180091,-0.077770,0.054860
0.182952,-0.077087,0.058254
0.180438,-0.075799,0.060902
0.182213,-0.065325,0.064210
0.195354,-0.058800,0.073212
0.179635,-0.059246,0.063841
0.189621,-0.037133,0.069462
0.192303,-0.023930,0.085382
0.187866,-0.016229,0.095295
0.190019,-0.013198,0.085631
0.185221,-0.010470,0.086823
0.196245,-0.018344,0.083284
0.184105,-0.003990,0.092566
0.180229,-0.003281,0.095218
0.180253,-0.000374,0.093581
0.175475,0.005840,0.093887
0.179052,0.008596,0.098043
0.177619,0.012363,0.107193
0.167890,0.012248,0.097207
0.164556,0.026333,0.096725
0.158057,0.025965,0.095765
0.156389,0.023361,0.090969
0.157969,0.041014,0.089057
0.142728,0.025457,0.092123
0.137815,0.036012,0.088034
0.146119,0.037298,0.087790
0.130185,0.031925,0.090198
0.127768,0.043131,0.085503
0.127525,0.048601,0.090975
0.124168,0.046532,0.083269
0.118440,0.045721,0.089461
0.109268,0.052205,0.088497
0.107427,0.044277,0.081703
0.111882,0.052339,0.079446
0.109436,0.056262,0.087638
0.097574,0.062447,0.080013
0.084790,0.063758,0.081726
0.092410,0.064707,0.076642
0.080491,0.072486,0.074039
0.072660,0.075244,0.068121
0.075738,0.066773,0.067464
0.076111,0.073985,0.068459
0.065406,0.077434,0.074155
0.067839,0.077532,0.071387
0.057436,0.080302,0.070564
0.056051,0.089088,0.066695
0.047064,0.083137,0.066724
0.044693,0.091615,0.063002
0.038032,0.081928,0.069307
0.030218,0.084148,0.063432
0.023624,0.094192,0.057393
0.019341,0.088002,0.062129
0.006833,0.093672,0.059333
0.009391,0.090018,0.050375
-0.010552,0.095796,0.052251
-0.004250,0.088215,0.044667
-0.013778,0.089040,0.048109
-0.020003,0.096552,0.039741
-0.026768,0.098082,0.036858
0.162353,-0.132387,0.030842
0.182236,-0.113159,0.035268
0.184126,-0.101248,0.037653
0.178469,-0.089757,0.053469
0.186667,-0.085582,0.049776
0.179846,-0.079255,0.056662
0.173076,-0.080359,0.053449
0.182790,-0.064807,0.053532
0.186975,-0.063098,0.073138
0.168634,-0.058687,0.059010
0.182970,-0.041722,0.083123
0.187018,-0.032684,0.077820
0.189782,-0.036913,0.091256
0.188554,-0.017212,0.091095
0.184437,-0.009434,0.099237
0.192788,-0.006397,0.098536
0.176420,-0.006569,0.093480
0.174354,-0.010752,0.101720
0.180212,0.011162,0.095435
0.175379,0.008649,0.104641
0.183827,-0.002363,0.098121
0.168899,0.012828,0.095907
0.165777,0.008375,0.099209
0.161485,0.009643,0.096712
0.151168,0.018937,0.098027
0.163073,0.022508,0.099549
0.149564,0.031299,0.103273
0.144134,0.030849,0.091649
0.146104,0.028778,0.096384
0.143229,0.034848,0.088922
0.143755,0.041405,0.086595
0.127663,0.027832,0.091133
0.121597,0.038416,0.082562
0.117453,0.036172,0.097250
0.114544,0.046008,0.092495
0.106515,0.049109,0.094670
0.108983,0.058864,0.085303
0.105750,0.052082,0.092671
0.104552,0.055730,0.078118
0.089788,0.059442,0.089256
0.091398,0.058243,0.084620
0.083150,0.056054,0.087704
0.079535,0.074723,0.077220
0.075164,0.077552,0.071506
0.082727,0.071768,0.081151
0.073022,0.075961,0.079251
0.067979,0.067006,0.080287
0.057679,0.080276,0.068803
0.050345,0.082728,0.078768
0.055544,0.075789,0.075523
0.048053,0.080545,0.064250
0.038278,0.080255,0.069689
0.022326,0.091152,0.055651
0.023617,0.083277,0.066766
0.022425,0.086229,0.061256
0.011761,0.090003,0.055889
0.004598,0.079573,0.056578
0.003158,0.079850,0.047079
-0.006265,0.088309,0.046315
-0.016564,0.089026,0.045705
-0.035999,0.088159,0.038288
-0.023775,0.083960,0.035968
0.164187,-0.143773,0.019255
0.170839,-0.119006,0.034046
0.176411,-0.114751,0.040379
0.169265,-0.107788,0.055936
0.173583,-0.096275,0.044663
0.174085,-0.093112,0.056885
0.171842,-0.087048,0.064894
0.176351,-0.079999,0.068076
0.177291,-0.076877,0.061750
0.177123,-0.061492,0.071203
0.176689,-0.060475,0.074529
0.176330,-0.052585,0.083461
0.182092,-0.024000,0.090393
0.189135,-0.028770,0.093289
0.185071,-0.019742,0.090504
0.186261,-0.014611,0.090184
0.188920,-0.007328,0.097886
0.178089,-0.003978,0.104628
0.189877,-0.011792,0.098312
0.177402,0.001865,0.099182
0.176554,0.006931,0.099706
0.171889,0.006279,0.106520
0.161160,0.012420,0.101300
0.159922,0.010021,0.104768
0.154911,0.016358,0.098148
0.148705,0.012325,0.103442
0.151927,0.015868,0.107935
0.149945,0.021153,0.098887
0.142262,0.025594,0.104134
0.143750,0.031274,0.102119
0.139772,0.032595,0.095984
0.128829,0.034531,0.096341
0.124378,0.027787,0.095406
0.124428,0.032280,0.098891
0.114414,0.034600,0.090619
0.107994,0.047615,0.089062
0.112043,0.052567,0.099088
0.099589,0.038834,0.088512
0.089256,0.042799,0.079017
0.095478,0.049368,0.089222
0.084265,0.048527,0.082059
0.081587,0.058525,0.084107
0.091114,0.061814,0.089211
0.077361,0.046757,0.079279
0.070418,0.067578,0.086862
0.068620,0.063288,0.086503
0.066726,0.074255,0.083226
0.053154,0.067643,0.077687
0.047500,0.073021,0.083864
0.054912,0.074963,0.078664
0.041680,0.063018,0.076963
0.048249,0.069513,0.078858
0.032516,0.078087,0.078329
0.032921,0.084946,0.064473
0.016535,0.082079,0.061331
0.013791,0.077266,0.073608
0.009446,0.084721,0.057285
0.003422,0.077569,0.053479
-0.011046,0.082776,0.045602
-0.021366,0.086529,0.049883
-0.019562,0.084197,0.051791
-0.027711,0.084316,0.027912
0.148881,-0.158093,0.016804
0.162183,-0.157190,0.034973
0.171604,-0.132338,0.034109
0.177018,-0.117621,0.041274
0.168225,-0.102831,0.047259
0.173161,-0.110837,0.049191
0.182088,-0.103046,0.057965
0.176251,-0.095984,0.066164
0.169177,-0.087202,0.071923
0.182783,-0.076267,0.074556
0.171841,-0.074890,0.077762
0.172265,-0.073464,0.068636
0.170096,-0.057087,0.076017
0.171789,-0.050712,0.078378
0.178070,-0.045276,0.086069
0.178798,-0.034955,0.093833
0.174119,-0.021428,0.103945
0.181755,-0.025135,0.102120
0.180464,-0.018906,0.103280
0.174796,-0.013022,0.105678
0.172027,-0.013515,0.099315
0.168359,-0.007061,0.108688
0.169115,0.004123,0.107350
0.163244,-0.001858,0.108543
0.162839,-0.002712,0.102090
0.165582,0.009901,0.102532
0.152740,0.012425,0.102189
0.153421,0.014018,0.108552
0.148966,0.023007,0.095843
0.144066,0.021618,0.103013
0.139248,0.024316,0.096530
0.134192,0.022694,0.096497
0.134002,0.029393,0.096457
0.123472,0.037098,0.098454
0.122254,0.029008,0.100425
0.119797,0.039199,0.097997
0.104573,0.032489,0.096871
0.100966,0.031470,0.092624
0.107266,0.037606,0.089783
0.100699,0.042578,0.097182
0.086880,0.041640,0.090607
0.091116,0.037700,0.084584
0.086384,0.052800,0.087663
0.081458,0.053210,0.081382
0.070087,0.054957,0.086533
0.087688,0.059054,0.079899
0.072995,0.056479,0.086886
0.057839,0.062108,0.086962
0.063978,0.060412,0.078252
0.057253,0.069227,0.084230
0.049063,0.075967,0.076514
0.049709,0.057998,0.074000
0.037266,0.074378,0.070661
0.038303,0.077772,0.072340
0.023108,0.080382,0.071619
0.022455,0.075704,0.074216
0.017204,0.071665,0.068076
0.013514,0.084038,0.059883
0.009491,0.077946,0.056713
-0.007817,0.078743,0.053168
-0.002049,0.080675,0.053647
-0.015047,0.073042,0.049832
-0.033871,0.077733,0.040689
0.155501,-0.168161,0.010115
0.154548,-0.172785,0.022509
0.159568,-0.162349,0.020547
0.166430,-0.147608,0.020973
0.164549,-0.134758,0.044201
0.173895,-0.134608,0.043338
0.177777,-0.117548,0.048127
0.179213,-0.119053,0.058773
0.168272,-0.108160,0.051502
0.175598,-0.102361,0.072388
0.166736,-0.109731,0.055875
0.172519,-0.088621,0.068430
0.169775,-0.081571,0.080865
0.166318,-0.067196,0.074435
0.167279,-0.062460,0.080584
0.172577,-0.063100,0.083898
0.172978,-0.059399,0.087593
0.164692,-0.049758,0.081183
0.177711,-0.037752,0.094629
0.170637,-0.029749,0.107745
0.173770,-0.033416,0.105006
0.181443,-0.015486,0.094660
0.174428,-0.018870,0.111253
0.170850,-0.005443,0.103625
0.168843,-0.013598,0.101472
0.160417,-0.001933,0.105052
0.153916,-0.006179,0.110936
0.155526,0.006183,0.100796
0.161665,0.009827,0.111524
0.142116,0.012656,0.098256
0.144835,0.013002,0.113828
0.136128,0.013771,0.108188
0.141478,0.013520,0.105132
0.138292,0.013999,0.110849
0.128393,0.025004,0.101260
0.127489,0.029895,0.101069
0.121022,0.025121,0.109382
0.118586,0.026768,0.104671
0.111851,0.027568,0.103940
0.108647,0.025783,0.099709
0.112502,0.032489,0.092669
0.091457,0.037126,0.090230
0.090654,0.039313,0.089240
0.093168,0.036744,0.084202
0.078323,0.043238,0.090875
0.078360,0.046369,0.099198
0.079755,0.045555,0.097827
0.074355,0.049829,0.086634
0.065227,0.053034,0.095290
0.067595,0.043404,0.083715
0.054809,0.059282,0.082729
0.064068,0.064169,0.080224
0.063022,0.063992,0.083652
0.055980,0.073052,0.081088
0.038836,0.060634,0.080831
0.029601,0.069391,0.079704
0.029227,0.076169,0.082071
0.027881,0.070932,0.069593
0.021948,0.069984,0.064152
0.015029,0.065354,0.069297
0.003392,0.070901,0.072225
-0.001715,0.075277,0.062738
-0.014023,0.070739,0.050681
-0.025240,0.069294,0.058245
-0.030050,0.076991,0.043695
0.160143,-0.199111,0.008875
0.163207,-0.193230,0.011848
0.163309,-0.183697,0.020160
0.175992,-0.170757,0.025306
0.169749,-0.176191,0.024790
0.170556,-0.174820,0.026089
0.164999,-0.158800,0.040440
0.163560,-0.148511,0.036272
0.161903,-0.140391,0.045603
0.161880,-0.131523,0.054154
0.169153,-0.121224,0.054018
0.166166,-0.118232,0.061237
0.174871,-0.107516,0.064886
0.169372,-0.099257,0.072317
0.173414,-0.100442,0.071257
0.171896,-0.091800,0.072270
0.166613,-0.090048,0.071225
0.167549,-0.085719,0.077214
0.165602,-0.078350,0.081944
0.170765,-0.070019,0.086612
0.182329,-0.069927,0.082493
0.170997,-0.060606,0.080154
0.165859,-0.050314,0.095068
0.158233,-0.045681,0.093143
0.174297,-0.033448,0.105809
0.166642,-0.022348,0.103765
0.166928,-0.012755,0.106731
0.172568,-0.014004,0.101985
0.156668,-0.002879,0.108832
0.157039,-0.011818,0.112252
0.153729,-0.013788,0.103936
0.151186,-0.002431,0.106301
0.161883,0.001286,0.094889
0.144679,-0.005536,0.103501
0.129923,0.003346,0.103878
0.141426,0.002692,0.116081
0.135152,0.021979,0.108237
0.136841,0.020227,0.108859
0.118880,0.017655,0.109177
0.130010,0.007853,0.098526
0.126211,0.017188,0.103028
0.114074,0.020250,0.100047
0.105278,0.021275,0.095370
0.102222,0.020225,0.096772
0.104870,0.024223,0.103476
0.091189,0.020259,0.093806
0.088473,0.037150,0.076199
0.077619,0.040746,0.096376
0.079803,0.035935,0.084377
0.086900,0.041585,0.094807
0.079753,0.040684,0.088936
0.064770,0.041208,0.099302
0.073704,0.055591,0.091630
0.068792,0.051276,0.079700
0.059200,0.060759,0.088230
0.047165,0.060275,0.088979
0.042824,0.067381,0.084914
0.047687,0.065057,0.090097
0.045210,0.064608,0.090642
0.036338,0.063345,0.085879
0.034642,0.065291,0.075007
0.016232,0.067651,0.078956
0.018651,0.073632,0.066761
0.012156,0.071490,0.070963
0.005711,0.065362,0.074577
-0.004259,0.070681,0.064345
-0.011718,0.074261,0.060958
-0.018930,0.072062,0.057204
-0.025137,0.059920,0.047071
0.155767,-0.222056,0.015071
0.167193,-0.223341,0.010110
0.176084,-0.207212,0.020037
0.157397,-0.195941,0.019940
0.169486,-0.195690,0.029146
0.160319,-0.188156,0.033760
0.156233,-0.178239,0.035243
0.170189,-0.163459,0.039923
0.170285,-0.160841,0.030110
0.164305,-0.153922,0.047051
0.166216,-0.148532,0.046992
0.175533,-0.133432,0.049752
0.167529,-0.131045,0.062295
0.172861,-0.129291,0.051139
0.169924,-0.122717,0.058115
0.170543,-0.099396,0.066381
0.172000,-0.096357,0.066783
0.160843,-0.105486,0.075346
0.172905,-0.097419,0.072432
0.165811,-0.085487,0.078169
0.155684,-0.080393,0.076564
0.164248,-0.082879,0.083893
0.155063,-0.069584,0.084787
0.154524,-0.067917,0.089138
0.164594,-0.052683,0.091128
0.156936,-0.058915,0.075816
0.153922,-0.048792,0.098812
0.155754,-0.039004,0.101627
0.167446,-0.023348,0.105748
0.154768,-0.025047,0.097421
0.163126,-0.018096,0.112224
0.160286,-0.015865,0.107689
0.153521,-0.006864,0.108271
0.153712,-0.006524,0.110173
0.156605,-0.004539,0.112567
0.145671,-0.001830,0.118563
0.139001,0.000167,0.102154
0.137984,0.003416,0.108521
0.139797,-0.003611,0.107300
0.124753,0.009363,0.114673
0.128306,0.006940,0.115533
0.125776,0.016253,0.107698
0.118145,0.010760,0.101023
0.115083,0.018197,0.111666
0.098261,0.026421,0.100011
0.108964,0.020783,0.097954
0.094709,0.025616,0.093765
0.094465,0.018158,0.097926
0.092232,0.022302,0.095266
0.073570,0.029056,0.093594
0.083141,0.021744,0.097964
0.078486,0.031066,0.099102
0.070288,0.031970,0.104888
0.072895,0.036272,0.093203
0.066307,0.039433,0.094085
0.066424,0.049744,0.096969
0.056785,0.045955,0.089762
0.048570,0.053593,0.090639
0.050634,0.049840,0.095179
0.052307,0.061541,0.093111
0.041145,0.058254,0.087236
0.034516,0.057367,0.091416
0.035622,0.062661,0.091079
0.022137,0.056443,0.087670
0.011392,0.054100,0.085981
0.014988,0.064223,0.074278
0.006325,0.062069,0.068519
-0.005485,0.070861,0.072615
-0.005130,0.055666,0.069803
-0.018640,0.069460,0.063974
-0.019709,0.058313,0.057529
0.149821,-0.250951,-0.019827
0.165651,-0.231748,0.007135
0.161625,-0.225748,0.013541
0.165703,-0.212159,0.031521
0.168881,-0.205861,0.022206
0.167332,-0.200418,0.023731
0.158528,-0.192330,0.040962
0.173870,-0.188019,0.023311
0.173019,-0.186791,0.035347
0.163896,-0.166920,0.030065
0.170261,-0.163413,0.045350
0.177474,-0.167352,0.052970
0.170486,-0.145777,0.049431
0.159949,-0.143553,0.056323
0.164597,-0.139935,0.070422
0.174811,-0.132231,0.057938
0.168286,-0.135597,0.068181
0.161290,-0.127802,0.061600
0.160254,-0.116155,0.076989
0.172299,-0.099951,0.077253
0.175724,-0.095807,0.079465
0.158216,-0.095264,0.073602
0.161088,-0.093284,0.074080
0.156980,-0.086078,0.091326
0.167227,-0.074200,0.079663
0.159009,-0.066087,0.087511
0.163560,-0.067600,0.090026
0.157749,-0.060609,0.093165
0.152241,-0.060357,0.089057
0.150237,-0.052922,0.091809
0.154053,-0.050239,0.092434
0.161066,-0.049457,0.093161
0.157408,-0.026043,0.108544
0.150956,-0.037082,0.107255
0.152113,-0.025855,0.107594
0.148377,-0.011698,0.119628
0.145008,-0.014583,0.113816
0.134693,-0.014462,0.110426
0.145125,0.002940,0.112273
0.144322,-0.005291,0.116808
0.134513,0.001449,0.110325
0.132186,0.003105,0.118366
0.123763,-0.005860,0.113502
0.119864,0.003943,0.103761
0.116110,0.006116,0.111984
0.120770,0.015064,0.105494
0.106863,0.013489,0.102526
0.104029,0.010845,0.086069
0.100005,0.019288,0.090319
0.096041,0.012599,0.101574
0.079099,0.014582,0.099347
0.083152,0.010890,0.100321
0.083536,0.017587,0.104334
0.066106,0.024089,0.091184
0.075980,0.029766,0.086359
0.062089,0.028935,0.100234
0.063123,0.036136,0.105634
0.064294,0.040223,0.099716
0.055252,0.035029,0.097587
0.055298,0.043569,0.087738
0.051039,0.046429,0.098318
0.050371,0.052192,0.095312
0.036657,0.049990,0.092583
0.042278,0.050418,0.085457
0.031542,0.054095,0.080007
0.025960,0.056130,0.085421
0.022474,0.060661,0.087901
0.016004,0.051960,0.081725
0.016327,0.068523,0.076288
-0.005522,0.062737,0.074677
0.002107,0.069822,0.069647
-0.024382,0.055414,0.071696
-0.023284,0.060857,0.068651
-0.023597,0.062549,0.053425
0.151648,-0.266573,-0.012774
0.155492,-0.246962,0.006791
0.161324,-0.243136,0.012512
0.168114,-0.225319,0.017875
0.167553,-0.218930,0.035149
0.178903,-0.215699,0.028553
0.176479,-0.197634,0.027493
0.175427,-0.193030,0.038882
0.174695,-0.197062,0.043949
0.164115,-0.185057,0.039126
0.165694,-0.182720,0.049348
0.174159,-0.173671,0.040770
0.169224,-0.165086,0.057975
0.169524,-0.161553,0.047000
0.176908,-0.151044,0.052432
0.160944,-0.146697,0.061623
0.155484,-0.134293,0.066281
0.160265,-0.127435,0.065996
0.167741,-0.125257,0.069037
0.163374,-0.129034,0.074408
0.162555,-0.116488,0.080128
0.169672,-0.106300,0.082288
0.159795,-0.109101,0.080839
0.160383,-0.110387,0.091685
0.157396,-0.093728,0.083991
0.170650,-0.090516,0.085054
0.165431,-0.088444,0.094230
0.159955,-0.076130,0.093103
0.152231,-0.077429,0.086486
0.149036,-0.064176,0.082544
0.148409,-0.063229,0.097085
0.154218,-0.058074,0.097845
0.143862,-0.057748,0.094903
0.141841,-0.048748,0.098965
0.143093,-0.050819,0.094698
0.146136,-0.046859,0.099153
0.143527,-0.038485,0.102173
0.141901,-0.027261,0.110098
0.147800,-0.017898,0.118799
0.137860,-0.015265,0.110811
0.133385,-0.014085,0.116448
0.127568,-0.002931,0.116379
0.124810,-0.002984,0.119910
0.122928,0.000970,0.109702
0.124659,0.001133,0.112485
0.119568,-0.001703,0.110771
0.112877,-0.003456,0.110794
0.098434,-0.003444,0.098077
0.109491,-0.001089,0.095535
0.092472,0.002886,0.109205
0.097190,0.019282,0.106427
0.087078,0.020011,0.100259
0.090020,0.003610,0.095733
0.070763,0.010707,0.097036
0.079340,0.022428,0.097688
0.073796,0.020294,0.095478
0.066333,0.029379,0.090599
0.062599,0.033310,0.088924
0.058088,0.027143,0.107318
0.062964,0.044004,0.088724
0.054609,0.040692,0.106204
0.051598,0.044955,0.110189
0.050564,0.041901,0.094038
0.048716,0.045797,0.097619
0.024739,0.051688,0.099099
0.046238,0.051651,0.089372
0.030092,0.056484,0.098520
0.031778,0.059295,0.095402
0.016934,0.051057,0.091442
0.016664,0.062899,0.082007
0.008782,0.068336,0.082242
-0.004084,0.063508,0.069433
-0.007758,0.053020,0.073278
-0.017445,0.064007,0.071481
-0.027965,0.053887,0.066797
0.162162,-0.277387,0.004515
0.171305,-0.264457,0.009508
0.176369,-0.253116,0.010807
0.172892,-0.231675,0.020067
0.168969,-0.230568,0.032461
0.177250,-0.225892,0.029622
0.171221,-0.227714,0.028344
0.177307,-0.195728,0.038847
0.178616,-0.210790,0.040681
0.170779,-0.196805,0.046641
0.176329,-0.198976,0.043402
0.177642,-0.188372,0.043198
0.172744,-0.180500,0.054161
0.166392,-0.170421,0.046512
0.165687,-0.174269,0.049146
0.165857,-0.167332,0.060971
0.163607,-0.157051,0.058156
0.162908,-0.142771,0.064675
0.158014,-0.140574,0.057371
0.162244,-0.134458,0.077379
0.169980,-0.124510,0.073188
0.161685,-0.122703,0.067090
0.162490,-0.121111,0.078016
0.159381,-0.112489,0.089202
0.162443,-0.102371,0.083584
0.161921,-0.095887,0.091480
0.157957,-0.100517,0.079082
0.165195,-0.090137,0.082039
0.160222,-0.082226,0.089415
0.146996,-0.075231,0.103123
0.151696,-0.073257,0.091529
0.156635,-0.071331,0.098771
0.147297,-0.070744,0.100460
0.147524,-0.058740,0.097174
0.148745,-0.058175,0.105186
0.139246,-0.050319,0.097356
0.141576,-0.040259,0.104653
0.134240,-0.047170,0.099990
0.133306,-0.045296,0.104399
0.136566,-0.043487,0.099317
0.132155,-0.032779,0.112084
0.117982,-0.035676,0.100419
0.118295,-0.024735,0.106485
0.131285,-0.020821,0.097806
0.121595,-0.016526,0.103011
0.116717,-0.017989,0.110359
0.115094,-0.021369,0.109723
0.103422,-0.016301,0.100501
0.106187,-0.009172,0.100747
0.091854,-0.008940,0.106227
0.095671,-0.001460,0.099835
0.089736,0.005045,0.108623
0.094141,0.003583,0.106608
0.088030,0.005533,0.095594
0.079441,0.012332,0.111660
0.069006,0.013301,0.103780
0.072954,0.019019,0.110616
0.066814,0.019667,0.099429
0.058875,0.029247,0.099575
0.060969,0.018950,0.102865
0.056486,0.016817,0.097973
0.062791,0.039762,0.105019
0.047009,0.040371,0.104091
0.051046,0.040139,0.107295
0.061092,0.044557,0.097326
0.042743,0.043080,0.098238
0.038550,0.038464,0.085119
0.030569,0.043075,0.094124
0.027290,0.043882,0.088519
0.016689,0.054414,0.098122
0.015555,0.046392,0.087399
0.014446,0.055922,0.088199
0.008953,0.055191,0.090426
-0.009169,0.052928,0.073235
-0.011477,0.059233,0.076251
-0.022973,0.060146,0.065040
-0.037736,0.044963,0.072865
0.139577,-0.324243,-0.021941
0.168601,-0.300242,-0.001442
0.173916,-0.284681,0.001704
0.175211,-0.257192,0.016774
0.166527,-0.257193,0.018754
0.177589,-0.250673,0.026129
0.171934,-0.247697,0.031737
0.167713,-0.231723,0.036637
0.176131,-0.228098,0.035249
0.171342,-0.211888,0.037922
0.178105,-0.204169,0.041599
0.175703,-0.199368,0.036453
0.183974,-0.196779,0.045032
0.178232,-0.192586,0.055266
0.179327,-0.184635,0.051437
0.163682,-0.187305,0.060733
0.168076,-0.176332,0.064117
0.164419,-0.166882,0.061368
0.168471,-0.159144,0.069698
0.160907,-0.155466,0.072834
0.157955,-0.158318,0.074167
0.159563,-0.149952,0.072660
0.164687,-0.138450,0.079336
0.159069,-0.136436,0.077146
0.164624,-0.124279,0.074768
0.171080,-0.122450,0.077418
0.156345,-0.115986,0.079363
0.157493,-0.112217,0.089328
0.159603,-0.099264,0.091086
0.160958,-0.100758,0.087820
0.152020,-0.085065,0.100796
0.152754,-0.088061,0.095629
0.149316,-0.077534,0.097603
0.143160,-0.072564,0.103420
0.156173,-0.075759,0.103502
0.151576,-0.075158,0.099316
0.141204,-0.060913,0.099056
0.139778,-0.050999,0.093968
0.143685,-0.060254,0.106287
0.135816,-0.047494,0.106384
0.127378,-0.051360,0.106764
0.126388,-0.046607,0.101481
0.128825,-0.048031,0.106597
0.128558,-0.035486,0.108283
0.125188,-0.023831,0.101864
0.117893,-0.029382,0.106164
0.111543,-0.027118,0.115115
0.110804,-0.026804,0.107675
0.110562,-0.028317,0.113129
0.097848,-0.022403,0.095030
0.103261,-0.013708,0.101164
0.101358,-0.020852,0.106355
0.085916,-0.002044,0.096779
0.097741,-0.001410,0.111481
0.084886,-0.012319,0.111475
0.074503,0.003331,0.092616
0.078194,0.003455,0.104369
0.074793,0.009389,0.109709
0.065570,0.006777,0.106461
0.067639,0.009899,0.098125
0.060264,0.009901,0.098605
0.061907,0.020209,0.108382
0.062649,0.018354,0.106409
0.054607,0.019226,0.097785
0.058966,0.030193,0.104166
0.043881,0.037443,0.102845
0.049336,0.029240,0.098692
0.039534,0.031776,0.110219
0.041424,0.038314,0.080574
0.025415,0.043637,0.097714
0.021491,0.040814,0.102702
0.012765,0.040192,0.092210
0.016584,0.041379,0.094372
0.005620,0.058829,0.095063
0.008321,0.052593,0.087280
-0.000307,0.043393,0.096053
-0.009082,0.059070,0.089920
-0.024628,0.052774,0.080838
-0.033139,0.052165,0.063838
-0.033328,0.035903,0.069260
0.163982,-0.310662,-0.014397
0.162175,-0.300896,-0.007396
0.171433,-0.282985,0.009367
0.173781,-0.269836,0.014324
0.177526,-0.271848,0.022848
0.175169,-0.261084,0.026592
0.179587,-0.251006,0.035453
0.177736,-0.238344,0.035570
0.184682,-0.234458,0.032554
0.166501,-0.224509,0.050495
0.175380,-0.223611,0.044556
0.177674,-0.223266,0.045506
0.177811,-0.207298,0.050878
0.172175,-0.202059,0.049781
0.174352,-0.202381,0.057584
0.175032,-0.180243,0.056889
0.172605,-0.181411,0.061521
0.161580,-0.190299,0.056111
0.158361,-0.172307,0.071516
0.167681,-0.164159,0.068845
0.156581,-0.161735,0.067018
0.166409,-0.162960,0.072608
0.161578,-0.158452,0.079804
0.159382,-0.147427,0.075259
0.156131,-0.138759,0.073044
0.164489,-0.134335,0.087880
0.156761,-0.126300,0.095151
0.158310,-0.124866,0.083194
0.152547,-0.122029,0.095541
0.150221,-0.107159,0.087320
0.153808,-0.110640,0.097614
0.145906,-0.097657,0.095559
0.157979,-0.092167,0.096238
0.148400,-0.096285,0.105454
0.144126,-0.091578,0.096170
0.144467,-0.089205,0.106897
0.158433,-0.079592,0.095150
0.138191,-0.065309,0.100686
0.147961,-0.063442,0.118968
0.139613,-0.069075,0.104924
0.129573,-0.058405,0.097314
0.125040,-0.065415,0.108391
0.138839,-0.060222,0.107181
0.123565,-0.041985,0.104178
0.116658,-0.045531,0.101489
0.110330,-0.042160,0.102902
0.113636,-0.047610,0.098022
0.119336,-0.036654,0.108946
0.106913,-0.037930,0.116673
0.116323,-0.031317,0.105174
0.099936,-0.022283,0.110082
0.093677,-0.023165,0.102154
0.095542,-0.023241,0.108188
0.091060,-0.014750,0.123825
0.084157,-0.004123,0.104202
0.086353,-0.006615,0.101894
0.080476,-0.007299,0.106415
0.077816,0.000770,0.108854
0.073358,-0.006074,0.096938
0.066374,-0.002322,0.108459
0.067619,-0.000297,0.112482
0.064624,0.007739,0.097600
0.058900,0.012822,0.106043
0.051104,0.003376,0.099727
0.059595,0.018308,0.104510
0.051731,0.022755,0.108168
0.046870,0.025879,0.094489
0.056447,0.031507,0.110483
0.043939,0.030239,0.107990
0.028887,0.031176,0.101608
0.026323,0.032864,0.105443
0.021881,0.038139,0.100877
0.026056,0.042640,0.112961
0.019443,0.031082,0.099534
0.010325,0.049114,0.093020
0.003251,0.045918,0.097394
0.001099,0.048554,0.099893
0.004381,0.051885,0.100495
-0.010542,0.047463,0.087075
-0.015000,0.048744,0.079952
-0.027442,0.047901,0.073243
0.155842,-0.343947,-0.030048
0.154130,-0.316237,-0.013024
0.169188,-0.319634,-0.006028
0.173242,-0.304555,0.008165
0.176233,-0.290927,0.008694
0.171541,-0.280638,0.027655
0.184317,-0.265831,0.035475
0.171888,-0.258567,0.034384
0.175834,-0.255449,0.035743
0.184585,-0.248805,0.036254
0.170672,-0.241335,0.033796
0.174760,-0.230353,0.046519
0.173653,-0.225478,0.055308
0.181340,-0.221326,0.055194
0.181702,-0.221958,0.048199
0.177385,-0.211814,0.055953
0.167224,-0.200241,0.060693
0.165244,-0.201782,0.062703
0.170165,-0.197044,0.065001
0.164541,-0.189306,0.065802
0.163037,-0.189799,0.070130
0.168166,-0.184532,0.078338
0.161362,-0.178371,0.085070
0.168002,-0.163351,0.068963
0.166914,-0.165967,0.068722
0.163654,-0.150050,0.078934
0.170065,-0.137770,0.084275
0.156807,-0.152880,0.084810
0.152287,-0.137646,0.088639
0.148874,-0.131145,0.084281
0.147764,-0.129251,0.089389
0.155189,-0.130086,0.091465
0.153654,-0.118591,0.092605
0.153636,-0.099827,0.099932
0.154149,-0.104881,0.097074
0.137125,-0.092582,0.095207
0.147165,-0.090128,0.110415
0.141078,-0.094759,0.096464
0.148824,-0.085047,0.104488
0.141269,-0.081815,0.103295
0.146673,-0.074569,0.107514
0.135741,-0.075672,0.106146
0.144155,-0.070390,0.111578
0.132925,-0.057558,0.110573
0.126471,-0.063979,0.116344
0.123724,-0.050823,0.108013
0.126159,-0.050046,0.114719
0.114164,-0.047716,0.099352
0.104382,-0.038289,0.112332
0.111897,-0.039718,0.112252
0.112248,-0.043013,0.112585
0.105092,-0.029338,0.116701
0.093816,-0.019970,0.110500
0.112637,-0.036368,0.116464
0.096614,-0.026574,0.102596
0.097437,-0.022108,0.109418
0.086803,-0.019816,0.104547
0.084003,-0.024315,0.106818
0.088190,-0.016245,0.109427
0.082502,-0.015198,0.104298
0.066015,0.008346,0.104856
0.061815,-0.006901,0.102678
0.069896,-0.001678,0.099674
0.061890,-0.001379,0.100186
0.058481,0.002277,0.114031
0.060429,0.006275,0.110204
0.043641,0.012394,0.101818
0.046836,0.008716,0.114449
0.041562,0.019738,0.110332
0.051600,0.022555,0.103302
0.036159,0.031298,0.109454
0.039021,0.033293,0.105807
0.034711,0.026979,0.108103
0.035051,0.035954,0.103167
0.030853,0.023663,0.107806
0.029565,0.032044,0.105708
0.009362,0.041108,0.097291
0.009404,0.049785,0.101384
0.005809,0.047187,0.101969
0.002067,0.047191,0.094106
-0.016738,0.044818,0.096548
-0.012830,0.036812,0.087166
-0.024546,0.038665,0.080232
0.159167,-0.341667,-0.007073
0.157520,-0.331211,-0.002383
0.168977,-0.311650,0.004903
0.177167,-0.311827,0.021052
0.172914,-0.293603,0.025020
0.173318,-0.292474,0.021951
0.175745,-0.276035,0.022533
0.174538,-0.272192,0.034051
0.180437,-0.267354,0.039736
0.171010,-0.258778,0.036869
0.184510,-0.255006,0.042888
0.178152,-0.239453,0.049124
0.188401,-0.223566,0.054414
0.167170,-0.218320,0.061742
0.178478,-0.223250,0.064684
0.172802,-0.212678,0.057855
0.175244,-0.218543,0.061924
0.179709,-0.202390,0.064317
0.177574,-0.203188,0.064076
0.170015,-0.191701,0.070066
0.168353,-0.191095,0.069343
0.167714,-0.183073,0.071925
0.168457,-0.179899,0.077691
0.173438,-0.175744,0.074328
0.163547,-0.167337,0.075350
0.153184,-0.164466,0.084320
0.161662,-0.156053,0.083571
0.153772,-0.158138,0.089716
0.152083,-0.149519,0.085545
0.151239,-0.136955,0.087795
0.157762,-0.144666,0.076912
0.159460,-0.129970,0.088138
0.161821,-0.125958,0.095710
0.160024,-0.116468,0.093899
0.143579,-0.112215,0.093403
0.145553,-0.099208,0.104064
0.146637,-0.104255,0.093644
0.146549,-0.102093,0.103584
0.147116,-0.089434,0.102162
0.141284,-0.094663,0.097510
0.139484,-0.088696,0.101860
0.129958,-0.077706,0.109751
0.127429,-0.079136,0.110708
0.139298,-0.067325,0.112973
0.118018,-0.067727,0.114019
0.127929,-0.062917,0.117680
0.127771,-0.059344,0.114952
0.115893,-0.047093,0.116176
0.117793,-0.057218,0.105763
0.112571,-0.050763,0.124505
0.111243,-0.045029,0.115376
0.119141,-0.044832,0.115962
0.094274,-0.033042,0.109266
0.097306,-0.047454,0.111726
0.091552,-0.039196,0.114511
0.096508,-0.018750,0.117828
0.091798,-0.026607,0.116248
0.081352,-0.021109,0.113781
0.087260,-0.021635,0.109114
0.075251,-0.018536,0.110314
0.065962,-0.012661,0.106743
0.071523,-0.016808,0.103673
0.069159,-0.005469,0.106097
0.061586,-0.000661,0.114822
0.060074,-0.014281,0.100638
0.048626,-0.002927,0.109344
0.052078,0.005239,0.108036
0.042924,0.009396,0.105095
0.048647,0.009441,0.113123
0.050563,0.014759,0.106299
0.029892,0.023748,0.110729
0.037724,0.024449,0.101369
0.029728,0.023688,0.114536
0.023083,0.025450,0.099351
0.021922,0.023938,0.102336
0.022776,0.032242,0.104226
0.015611,0.031649,0.105760
0.009651,0.043735,0.097041
0.000485,0.042089,0.106143
-0.001177,0.037344,0.100961
-0.001553,0.038349,0.094594
-0.013500,0.036881,0.097587
-0.036119,0.041891,0.090557
0.163581,-0.352551,-0.014786
0.174712,-0.334934,-0.004568
0.170404,-0.335464,0.003285
0.179411,-0.319633,0.015233
0.173369,-0.301987,0.019826
0.177187,-0.313169,0.022352
0.175423,-0.293394,0.036458
0.189262,-0.282067,0.041088
0.174372,-0.272241,0.032273
0.180442,-0.273763,0.043728
0.174641,-0.262456,0.051343
0.187909,-0.250950,0.046357
0.178026,-0.244145,0.045117
0.180777,-0.240039,0.055060
0.177787,-0.230778,0.058955
0.186660,-0.225175,0.061416
0.183278,-0.223521,0.058169
0.179243,-0.217564,0.060916
0.166518,-0.203363,0.071277
0.167798,-0.207560,0.069669
0.170933,-0.197295,0.072534
0.170569,-0.188994,0.074205
0.169240,-0.192131,0.080850
0.172922,-0.178437,0.073827
0.171341,-0.182569,0.082679
0.163823,-0.185017,0.083109
0.169200,-0.173363,0.077824
0.148501,-0.164827,0.087403
0.156433,-0.158670,0.094305
0.162800,-0.163964,0.083094
0.150844,-0.151473,0.089768
0.142846,-0.141420,0.089141
0.142708,-0.150477,0.093716
0.144349,-0.135077,0.103984
0.144467,-0.124611,0.088836
0.144418,-0.126495,0.094814
0.133648,-0.122007,0.101077
0.136683,-0.114217,0.106608
0.139194,-0.107729,0.108256
0.143816,-0.094752,0.098957
0.129481,-0.104060,0.103251
0.138532,-0.087107,0.112357
0.126781,-0.088894,0.110827
0.133070,-0.080327,0.111825
0.121762,-0.076998,0.119471
0.135278,-0.068503,0.114699
0.126010,-0.063386,0.108908
0.112257,-0.061175,0.118202
0.120471,-0.070360,0.116584
0.117849,-0.055813,0.112749
0.103552,-0.062830,0.117043
0.115823,-0.049031,0.116312
0.108691,-0.053630,0.114703
0.103248,-0.046811,0.113748
0.096716,-0.033049,0.117406
0.093633,-0.037040,0.109505
0.101674,-0.038193,0.116488
0.080646,-0.040390,0.118591
0.091234,-0.029538,0.124448
0.086249,-0.028743,0.118734
0.069976,-0.030904,0.113383
0.056576,-0.025364,0.110466
0.069140,-0.020213,0.107502
0.060400,-0.016188,0.107734
0.050331,-0.018038,0.105312
0.049891,-0.015240,0.108449
0.043564,-0.010589,0.097529
0.042499,-0.015900,0.109691
0.044809,0.005678,0.106218
0.041767,-0.004303,0.107913
0.039645,0.002348,0.110298
0.035392,0.009999,0.117738
0.029425,0.019901,0.109897
0.032037,0.012293,0.109858
0.024468,0.018896,0.125254
0.024010,0.021852,0.103830
0.018386,0.028139,0.105954
0.014515,0.022734,0.105114
0.007067,0.029055,0.100911
0.008763,0.030265,0.100000
-0.006228,0.034747,0.102860
0.000479,0.033743,0.095376
-0.004840,0.040363,0.100976
-0.019113,0.034992,0.096321
-0.029553,0.026572,0.088532
0.163988,-0.347567,-0.007371
0.171941,-0.348170,0.003136
0.175266,-0.339373,0.018542
0.176699,-0.325027,0.012688
0.183079,-0.318937,0.026406
0.187663,-0.307598,0.033343
0.176175,-0.296175,0.036253
0.175486,-0.282934,0.038402
0.177023,-0.274482,0.045719
0.180118,-0.276801,0.045672
0.177893,-0.278705,0.054909
0.183568,-0.268228,0.054103
0.182895,-0.264107,0.062087
0.171417,-0.249567,0.062455
0.183164,-0.242706,0.061996
0.177884,-0.242316,0.062477
0.172374,-0.222711,0.063477
0.166595,-0.234253,0.060896
0.174025,-0.220540,0.069683
0.177675,-0.212221,0.069546
0.165379,-0.209949,0.082898
0.169199,-0.199516,0.078136
0.165196,-0.192214,0.090155
0.166445,-0.191420,0.081258
0.152415,-0.174272,0.081330
0.161641,-0.178673,0.081250
0.153427,-0.181171,0.089383
0.153627,-0.171196,0.083966
0.149186,-0.169825,0.090210
0.157518,-0.163744,0.095219
0.146693,-0.156596,0.101962
0.153918,-0.161396,0.095040
0.149554,-0.140662,0.095400
0.150390,-0.139589,0.094216
0.143950,-0.138671,0.089703
0.142129,-0.128552,0.105609
0.147906,-0.128791,0.106453
0.139356,-0.126637,0.095240
0.137095,-0.122312,0.100290
0.130154,-0.113823,0.104326
0.133327,-0.110444,0.108367
0.133073,-0.106980,0.107570
0.119900,-0.095770,0.109587
0.133159,-0.090483,0.112216
0.132159,-0.088228,0.111627
0.119578,-0.080936,0.121303
0.121017,-0.076363,0.115974
0.130337,-0.072529,0.116965
0.106128,-0.073633,0.116149
0.110083,-0.061309,0.116323
0.112758,-0.055669,0.126496
0.105311,-0.062822,0.132680
0.096683,-0.050008,0.114593
0.097913,-0.054213,0.121373
0.094207,-0.051505,0.130007
0.104585,-0.051040,0.131684
0.089131,-0.031194,0.109302
0.089860,-0.051435,0.116989
0.084836,-0.036997,0.112616
0.074623,-0.029757,0.119088
0.077826,-0.024194,0.109420
0.067698,-0.030529,0.111991
0.066286,-0.027454,0.112992
0.071381,-0.022395,0.107470
0.057895,-0.015136,0.118943
0.049436,-0.022236,0.111446
0.050333,-0.023816,0.115771
0.042953,-0.016895,0.105148
0.036297,-0.009350,0.108145
0.028153,-0.015790,0.110747
0.043907,-0.005525,0.108880
0.030771,0.000842,0.118899
0.040119,0.007075,0.113742
0.027217,0.010451,0.110018
0.030780,0.015265,0.122090
0.029097,0.016398,0.106867
0.029228,0.023566,0.113876
0.007558,0.023823,0.114703
0.001647,0.019206,0.106047
0.007927,0.029056,0.112925
0.001395,0.016588,0.112745
-0.014712,0.029114,0.104893
-0.006518,0.027721,0.098726
-0.022005,0.020214,0.092670
-0.033691,0.007975,0.086645
0.158438,-0.368829,-0.014350
0.181431,-0.354528,0.011903
0.173677,-0.352250,0.014059
0.164850,-0.344011,0.018436
0.176965,-0.341044,0.016339
0.178935,-0.326978,0.024418
0.175234,-0.319687,0.024573
0.173339,-0.307809,0.046421
0.187657,-0.293450,0.049095
0.183756,-0.279746,0.045474
0.183120,-0.277821,0.049252
0.184810,-0.281960,0.048274
0.177829,-0.272367,0.044113
0.180217,-0.261672,0.063923
0.176792,-0.251046,0.069668
0.175244,-0.252574,0.065763
0.176600,-0.231501,0.065628
0.181376,-0.236705,0.072755
0.173455,-0.226343,0.061892
0.177818,-0.227105,0.081688
0.181381,-0.219149,0.074712
0.173463,-0.213890,0.082224
0.173487,-0.211199,0.091409
0.169980,-0.203044,0.072013
0.173299,-0.202916,0.080989
0.160569,-0.195867,0.085703
0.155164,-0.188876,0.091007
0.155445,-0.182765,0.086188
0.159574,-0.181311,0.085461
0.153911,-0.177686,0.090398
0.148181,-0.176391,0.082952
0.148919,-0.168718,0.095627
0.147577,-0.165499,0.094441
0.150595,-0.154956,0.098879
0.140044,-0.145654,0.093803
0.146033,-0.147690,0.102160
0.145300,-0.131042,0.101141
0.141519,-0.131626,0.101469
0.146354,-0.129653,0.104882
0.137067,-0.114674,0.104144
0.129994,-0.118593,0.106505
0.130997,-0.101081,0.104507
0.141690,-0.107759,0.116859
0.119921,-0.102329,0.109552
0.126307,-0.111056,0.109181
0.123187,-0.097273,0.115075
0.128320,-0.089100,0.118847
0.123573,-0.090340,0.116068
0.120909,-0.087480,0.121356
0.116344,-0.080586,0.121390
0.118885,-0.075604,0.117864
0.106644,-0.068979,0.118668
0.112566,-0.061273,0.122427
0.101090,-0.066918,0.124623
0.101454,-0.059236,0.122337
0.092245,-0.052131,0.118951
0.097785,-0.049632,0.117937
0.086940,-0.059010,0.124887
0.085965,-0.050665,0.113967
0.076046,-0.052586,0.107710
0.077906,-0.040447,0.121238
0.073502,-0.050629,0.119422
0.063783,-0.041133,0.119642
0.065615,-0.030923,0.121466
0.067715,-0.031482,0.120232
0.058509,-0.027390,0.116655
0.054285,-0.034749,0.113487
0.058545,-0.024374,0.112916
0.037728,-0.029657,0.100791
0.036286,-0.026942,0.113172
0.031850,-0.021903,0.101259
0.023529,-0.020565,0.111812
0.037193,-0.014631,0.112922
0.022180,-0.011689,0.109452
0.028291,-0.006496,0.118532
0.023917,0.002292,0.109889
0.017217,0.002956,0.106965
0.016273,0.014904,0.114604
0.014824,0.010090,0.119824
0.019365,0.016398,0.111292
-0.001771,0.017844,0.116335
-0.008272,0.022485,0.109974
-0.010577,0.023604,0.113159
-0.016310,0.026834,0.098605
-0.018261,0.014574,0.104020
0.169594,-0.372573,-0.000168
0.177958,-0.359439,0.009332
0.170454,-0.367891,0.020751
0.175911,-0.343003,0.021927
0.170517,-0.338153,0.037068
0.178059,-0.332419,0.038854
0.182047,-0.333185,0.031114
0.185243,-0.321412,0.039284
0.182176,-0.302762,0.045352
0.182666,-0.296398,0.046987
0.187099,-0.286540,0.043706
0.179402,-0.289714,0.053344
0.183153,-0.263688,0.062517
0.180622,-0.266746,0.060722
0.184709,-0.264506,0.061458
0.171471,-0.262842,0.066211
0.169570,-0.254151,0.065843
0.184799,-0.248735,0.059569
0.175632,-0.237660,0.074920
0.181323,-0.234676,0.071683
0.173486,-0.230846,0.073302
0.171877,-0.228010,0.075784
0.164912,-0.217363,0.088621
0.171001,-0.200306,0.075643
0.166188,-0.204142,0.080993
0.157753,-0.200857,0.092314
0.154942,-0.201173,0.082993
0.169243,-0.194376,0.086934
0.161719,-0.191623,0.088777
0.162942,-0.185763,0.086345
0.147276,-0.168258,0.084407
0.147440,-0.174827,0.102265
0.149952,-0.173344,0.092959
0.156613,-0.173270,0.096433
0.148807,-0.165925,0.103849
0.129709,-0.156456,0.103846
0.137366,-0.154275,0.099402
0.127127,-0.145112,0.106747
0.144879,-0.140913,0.101692
0.134058,-0.127590,0.107742
0.138926,-0.125921,0.106500
0.131418,-0.120282,0.111065
0.129489,-0.118923,0.109602
0.129667,-0.107735,0.113070
0.126450,-0.117001,0.105515
0.124885,-0.105301,0.109859
0.120873,-0.096631,0.119520
0.115460,-0.091964,0.118267
0.116715,-0.086233,0.125197
0.118643,-0.087851,0.122057
0.118261,-0.077725,0.121559
0.114447,-0.073056,0.123799
0.107134,-0.078517,0.123115
0.106875,-0.069557,0.123807
0.097197,-0.067999,0.115458
0.101296,-0.066009,0.128411
0.094412,-0.058674,0.123707
0.087860,-0.056316,0.123946
0.077601,-0.054437,0.114798
0.075117,-0.043276,0.121570
0.076014,-0.042576,0.120714
0.074936,-0.047118,0.127954
0.076333,-0.050776,0.119722
0.059907,-0.039790,0.123660
0.064910,-0.039877,0.113727
0.048700,-0.038326,0.117780
0.054406,-0.044053,0.117433
0.043451,-0.036238,0.105917
0.037122,-0.029718,0.114744
0.041886,-0.029430,0.109141
0.038871,-0.019142,0.110936
0.016478,-0.020862,0.100365
0.015986,-0.031743,0.099583
0.012655,-0.019986,0.101165
0.017046,-0.021309,0.097103
0.017148,-0.011538,0.105312
0.020314,0.002906,0.109753
0.019647,0.000873,0.116698
0.004296,0.006115,0.119156
0.001338,0.000160,0.116869
-0.000784,0.002933,0.115077
-0.004094,0.005505,0.112383
-0.010792,0.004749,0.104137
-0.012855,0.017728,0.103324
-0.028309,0.012886,0.092523
0.178551,-0.378080,0.007706
0.170094,-0.372908,0.016481
0.175842,-0.359499,0.028933
0.177942,-0.349358,0.032619
0.172046,-0.346511,0.032504
0.173942,-0.339720,0.036526
0.175914,-0.330678,0.039487
0.178603,-0.314867,0.040645
0.168880,-0.312729,0.054931
0.178477,-0.305178,0.041240
0.186065,-0.292382,0.054432
0.169392,-0.287868,0.057068
0.168854,-0.279318,0.068117
0.178760,-0.273477,0.057530
0.181436,-0.268200,0.064614
0.175982,-0.265184,0.072990
0.184091,-0.252563,0.072374
0.175393,-0.247846,0.075772
0.173983,-0.238269,0.074442
0.170955,-0.241389,0.079377
0.172368,-0.232712,0.080644
0.175137,-0.235709,0.092664
0.172965,-0.227357,0.097868
0.164820,-0.213175,0.088307
0.162987,-0.212750,0.086864
0.158719,-0.207089,0.087959
0.150685,-0.207513,0.094710
0.158703,-0.212417,0.086854
0.158330,-0.192740,0.100455
0.155628,-0.196752,0.094419
0.149949,-0.182614,0.094987
0.152425,-0.185621,0.097995
0.138827,-0.181176,0.098609
0.141534,-0.176045,0.101959
0.141777,-0.172580,0.099630
0.140300,-0.160393,0.104709
0.139204,-0.155207,0.100001
0.136686,-0.155484,0.108533
0.134884,-0.152770,0.104689
0.129560,-0.137974,0.108975
0.131746,-0.130392,0.099053
0.128115,-0.136532,0.115769
0.124249,-0.137791,0.111293
0.121153,-0.127670,0.120368
0.130516,-0.121850,0.114011
0.113625,-0.116081,0.108871
0.122866,-0.106344,0.113649
0.113520,-0.107197,0.114791
0.111871,-0.104107,0.123853
0.103052,-0.090099,0.112782
0.108911,-0.087921,0.118876
0.114723,-0.086929,0.123161
0.099117,-0.088627,0.132571
0.097388,-0.082573,0.122524
0.093172,-0.075209,0.125729
0.100752,-0.075047,0.118569
0.087647,-0.071342,0.119875
0.086828,-0.067074,0.124518
0.079000,-0.056226,0.121971
0.079717,-0.061745,0.123673
0.075339,-0.053447,0.117208
0.073146,-0.057782,0.118558
0.066383,-0.047169,0.120728
0.063374,-0.051772,0.116142
0.052224,-0.046799,0.121511
0.053882,-0.053798,0.122926
0.054914,-0.038772,0.120423
0.048527,-0.036790,0.109543
0.035655,-0.038197,0.116272
0.040311,-0.039610,0.112560
0.029277,-0.037411,0.113822
0.019136,-0.037070,0.116539
0.019005,-0.026849,0.109578
0.014225,-0.022578,0.105941
0.011786,-0.033242,0.096198
0.000766,-0.029423,0.099825
-0.010560,-0.034132,0.095347
-0.019767,-0.036809,0.084106
-0.000672,-0.005395,0.104954
-0.001322,0.004095,0.120360
-0.000676,0.003098,0.110178
-0.004633,0.004075,0.117199
-0.029033,-0.009763,0.102511
0.183156,-0.389284,0.013540
0.185002,-0.378859,0.016566
0.173825,-0.370151,0.029273
0.172024,-0.360032,0.035363
0.179051,-0.350917,0.039792
0.179606,-0.337974,0.031681
0.175143,-0.335626,0.038608
0.182431,-0.329151,0.040668
0.179534,-0.323728,0.048120
0.177433,-0.310303,0.055073
0.182051,-0.308083,0.063926
0.179484,-0.295504,0.059403
0.181040,-0.297571,0.062004
0.177057,-0.282233,0.058842
0.170788,-0.276373,0.062505
0.177642,-0.272303,0.072282
0.177277,-0.272536,0.072913
0.173227,-0.260446,0.065551
0.166928,-0.247844,0.083857
0.178418,-0.243297,0.071607
0.170552,-0.235718,0.091896
0.172132,-0.230817,0.085956
0.163364,-0.231657,0.089497
0.162999,-0.228348,0.088578
0.160020,-0.224063,0.086895
0.162142,-0.227699,0.093850
0.161965,-0.200683,0.093574
0.152723,-0.209416,0.088651
0.150310,-0.191573,0.104445
0.161625,-0.200640,0.096198
0.152353,-0.187642,0.098172
0.144456,-0.184911,0.090451
0.140719,-0.191722,0.097795
0.148124,-0.182735,0.095541
0.150358,-0.178682,0.097907
0.133213,-0.168574,0.101751
0.132762,-0.162079,0.101825
0.144147,-0.166921,0.109721
0.131658,-0.151941,0.108076
0.120390,-0.152656,0.115753
0.120939,-0.144364,0.121028
0.119161,-0.143601,0.109555
0.121736,-0.126201,0.118758
0.127535,-0.138090,0.123999
0.113794,-0.134246,0.112858
0.116037,-0.126138,0.122771
0.121351,-0.118849,0.116824
0.119139,-0.117059,0.112081
0.118915,-0.100183,0.125838
0.110418,-0.102492,0.119141
0.100614,-0.103353,0.124909
0.113932,-0.096726,0.112637
0.100477,-0.089280,0.112294
0.098446,-0.083051,0.129012
0.092764,-0.075569,0.120977
0.090980,-0.086879,0.123779
0.094173,-0.073154,0.123112
0.092892,-0.080100,0.121322
0.083084,-0.066255,0.131314
0.074492,-0.072392,0.128452
0.067571,-0.070814,0.111432
0.065861,-0.066386,0.121024
0.071781,-0.063634,0.129884
0.060489,-0.058609,0.133411
0.055911,-0.062009,0.119642
0.058674,-0.050513,0.116074
0.051848,-0.042646,0.114986
0.045076,-0.047805,0.112600
0.038312,-0.049695,0.113564
0.030177,-0.044214,0.119298
0.036398,-0.040004,0.104008
0.030924,-0.043755,0.110967
0.021752,-0.037192,0.115427
0.011751,-0.042727,0.101614
0.007816,-0.030729,0.102815
-0.000229,-0.036625,0.098130
-0.003200,-0.045186,0.091367
-0.013245,-0.042130,0.087901
0.188112,-0.402661,0.012387
0.175694,-0.380018,0.023342
0.188031,-0.374676,0.026347
0.184676,-0.360699,0.028177
0.177565,-0.351503,0.030374
0.181409,-0.348103,0.035688
0.183357,-0.336000,0.047433
0.184967,-0.341024,0.050705
0.173512,-0.323466,0.041350
0.186735,-0.320669,0.048783
0.180803,-0.313117,0.064934
0.183897,-0.302831,0.068886
0.184662,-0.299304,0.064553
0.173721,-0.284573,0.067685
0.168823,-0.287254,0.070372
0.177818,-0.280042,0.072785
0.169496,-0.267766,0.076134
0.170969,-0.268054,0.074582
0.172506,-0.261926,0.071901
0.168588,-0.260990,0.076862
0.177326,-0.240917,0.084629
0.169811,-0.255308,0.090052
0.169078,-0.244958,0.089027
0.175944,-0.244966,0.096561
0.159012,-0.224543,0.095049
0.161748,-0.219786,0.094051
0.160196,-0.223575,0.094678
0.164121,-0.209089,0.094198
0.143728,-0.215522,0.092990
0.151819,-0.213410,0.102537
0.151397,-0.197726,0.099596
0.140882,-0.193651,0.102338
0.146857,-0.186540,0.099267
0.133966,-0.184133,0.105939
0.140011,-0.176763,0.096307
0.130233,-0.175317,0.102129
0.133259,-0.174974,0.118252
0.138729,-0.168331,0.116779
0.130155,-0.157946,0.106338
0.132764,-0.162560,0.116678
0.129703,-0.163355,0.108134
0.118666,-0.152711,0.115188
0.116975,-0.140585,0.112721
0.121269,-0.140896,0.106149
0.118301,-0.135649,0.113364
0.110031,-0.129550,0.111809
0.113557,-0.124875,0.118721
0.118101,-0.118667,0.121676
0.116127,-0.125238,0.130882
0.102121,-0.111297,0.117239
0.104044,-0.105368,0.123914
0.100136,-0.104266,0.119416
0.101896,-0.108343,0.125590
0.093081,-0.097857,0.122734
0.096114,-0.088711,0.116664
0.080751,-0.085932,0.120521
0.069461,-0.094957,0.121011
0.084149,-0.086280,0.131649
0.090228,-0.078579,0.123824
0.079602,-0.077748,0.122604
0.075283,-0.081993,0.114810
0.063066,-0.070020,0.124426
0.068829,-0.072326,0.125527
0.054523,-0.073960,0.120944
0.060486,-0.061978,0.125700
0.049023,-0.060148,0.121161
0.050543,-0.057528,0.118889
0.036364,-0.049785,0.116762
0.044709,-0.054903,0.125148
0.035397,-0.038763,0.123361
0.031535,-0.044307,0.125009
0.025298,-0.045498,0.112192
0.026141,-0.042529,0.122574
0.009505,-0.050997,0.112488
0.003124,-0.047457,0.108994
0.004652,-0.038532,0.109251
-0.010049,-0.051983,0.102516
-0.022567,-0.048610,0.089619
0.172806,-0.396560,0.023487
0.181467,-0.385537,0.032077
0.173905,-0.373812,0.034639
0.175609,-0.377276,0.042094
0.172954,-0.355971,0.045469
0.181646,-0.343602,0.044981
0.182196,-0.348862,0.054869
0.177369,-0.339344,0.053905
0.181653,-0.334031,0.060220
0.188365,-0.328539,0.060984
0.181121,-0.317629,0.066001
0.172297,-0.307969,0.066021
0.170266,-0.310231,0.056541
0.171769,-0.296456,0.076329
0.173227,-0.293413,0.083962
0.181413,-0.290525,0.072499
0.175102,-0.279267,0.084498
0.180236,-0.270890,0.080578
0.170092,-0.269494,0.077105
0.160471,-0.271596,0.083702
0.174515,-0.260347,0.079925
0.155442,-0.246144,0.089558
0.168629,-0.248620,0.090634
0.160517,-0.243978,0.095242
0.154863,-0.231244,0.096697
0.162051,-0.234848,0.089741
0.156244,-0.231338,0.100487
0.156118,-0.222515,0.098401
0.156928,-0.211651,0.090267
0.157977,-0.218526,0.109741
0.147656,-0.212775,0.105654
0.142866,-0.211607,0.104780
0.142708,-0.197564,0.112540
0.135897,-0.191720,0.107787
0.127157,-0.185480,0.102388
0.132512,-0.189074,0.104653
0.133523,-0.179484,0.114304
0.126117,-0.180658,0.116191
0.121478,-0.172405,0.109130
0.122687,-0.164657,0.106655
0.119472,-0.161587,0.110651
0.125181,-0.158664,0.111871
0.114788,-0.152327,0.115923
0.112273,-0.145362,0.122436
0.103916,-0.142590,0.119368
0.117415,-0.145711,0.115867
0.112096,-0.141056,0.113074
0.113062,-0.136032,0.121858
0.109197,-0.131378,0.116773
0.109064,-0.126107,0.125459
0.103069,-0.120856,0.125819
0.101636,-0.119321,0.126963
0.093250,-0.109259,0.121886
0.090432,-0.101129,0.127999
0.080686,-0.108626,0.120109
0.095740,-0.094686,0.125625
0.080742,-0.096115,0.121816
0.079486,-0.090383,0.123165
0.073303,-0.094481,0.129468
0.081742,-0.087376,0.128730
0.068453,-0.075722,0.120064
0.063391,-0.079639,0.122351
0.062272,-0.076459,0.122572
0.062073,-0.081541,0.123751
0.052757,-0.072059,0.124689
0.058340,-0.075011,0.122280
0.046580,-0.066750,0.127998
0.053380,-0.067927,0.116926
0.041507,-0.065090,0.127292
0.039611,-0.059770,0.127903
0.032996,-0.058302,0.116752
0.025964,-0.054034,0.126676
0.019392,-0.049672,0.117820
0.029071,-0.046481,0.118757
0.000652,-0.052584,0.113656
-0.000100,-0.057096,0.108535
-0.004827,-0.060605,0.096465
0.165315,-0.427538,0.002351
0.173957,-0.410729,0.017465
0.175850,-0.400371,0.039243
0.183642,-0.390653,0.031098
0.178479,-0.378876,0.042897
0.185734,-0.376109,0.049285
0.190576,-0.366282,0.045218
0.175095,-0.347730,0.053558
0.177556,-0.344094,0.053459
0.180468,-0.343052,0.057676
0.180237,-0.330627,0.059283
0.177645,-0.324181,0.070719
0.189719,-0.319218,0.075396
0.182969,-0.313991,0.071419
0.165488,-0.307421,0.072196
0.168538,-0.300527,0.084579
0.174181,-0.284506,0.080781
0.170319,-0.297337,0.077314
0.169275,-0.285491,0.082489
0.166405,-0.266834,0.081493
0.173666,-0.268866,0.082996
0.172525,-0.258615,0.102135
0.164220,-0.267605,0.087558
0.171558,-0.249408,0.079860
0.166114,-0.252615,0.096577
0.168230,-0.238168,0.093287
0.162564,-0.241442,0.095803
0.157851,-0.236211,0.101151
0.147349,-0.227024,0.101664
0.152970,-0.219561,0.101301
0.149115,-0.218076,0.092545
0.148355,-0.207837,0.106112
0.140495,-0.209303,0.103079
0.140478,-0.194926,0.104531
0.132514,-0.202827,0.113609
0.144122,-0.192775,0.106530
0.126066,-0.196317,0.102196
0.137777,-0.194764,0.102080
0.126909,-0.185899,0.111350
0.128771,-0.176931,0.113898
0.117780,-0.182312,0.116245
0.121351,-0.172651,0.114968
0.121279,-0.150464,0.117393
0.122034,-0.162529,0.104753
0.111111,-0.159955,0.120824
0.115793,-0.151771,0.115732
0.113279,-0.155334,0.125977
0.107370,-0.147965,0.116669
0.102675,-0.144029,0.121800
0.100329,-0.136684,0.129880
0.104953,-0.146621,0.120718
0.103026,-0.131573,0.127589
0.094136,-0.132562,0.121814
0.093049,-0.118441,0.123319
0.089427,-0.118146,0.139041
0.088422,-0.100197,0.120024
0.088284,-0.107476,0.132392
0.076838,-0.104023,0.124327
0.077328,-0.097542,0.133626
0.073276,-0.103475,0.128760
0.067784,-0.098239,0.120655
0.058565,-0.090468,0.120168
0.059886,-0.090941,0.128165
0.067727,-0.082116,0.124743
0.062260,-0.078588,0.117561
0.062917,-0.074332,0.125136
0.049632,-0.076900,0.120959
0.042639,-0.086881,0.121269
0.038687,-0.070301,0.125187
0.043688,-0.070314,0.118459
0.043712,-0.066784,0.125343
0.032429,-0.067030,0.113205
0.033660,-0.061232,0.119049
0.014064,-0.057072,0.124694
0.012628,-0.061786,0.112999
0.004007,-0.055618,0.117795
0.004670,-0.056218,0.097196
-0.021330,-0.065091,0.098203
0.168620,-0.435564,0.006267
0.179052,-0.412165,0.017493
0.177076,-0.408844,0.048522
0.185445,-0.390696,0.041010
0.184243,-0.376336,0.034576
0.183457,-0.376781,0.045986
0.187620,-0.366312,0.060853
0.181507,-0.361995,0.061058
0.185132,-0.349510,0.061508
0.180008,-0.349001,0.065998
0.183388,-0.335642,0.068020
0.179188,-0.331102,0.060494
0.181579,-0.321397,0.072771
0.188352,-0.315451,0.074716
0.172367,-0.316054,0.073952
0.166070,-0.311372,0.078162
0.170441,-0.302374,0.082973
0.175953,-0.295747,0.094416
0.177548,-0.288646,0.084767
0.169675,-0.282323,0.087153
0.164830,-0.276898,0.089737
0.177659,-0.268513,0.099130
0.163272,-0.263887,0.093516
0.168996,-0.257021,0.088330
0.158665,-0.258666,0.098024
0.165154,-0.249612,0.108605
0.161834,-0.247969,0.103592
0.157601,-0.241118,0.102011
0.149708,-0.245333,0.098310
0.149680,-0.231565,0.109267
0.147945,-0.219737,0.097879
0.153448,-0.221413,0.106651
0.139148,-0.227131,0.106739
0.135739,-0.213841,0.103801
0.152063,-0.203061,0.110411
0.148552,-0.209753,0.104285
0.134751,-0.200810,0.113732
0.126229,-0.199998,0.113009
0.127902,-0.193342,0.106823
0.128300,-0.197445,0.112333
0.121035,-0.192758,0.112163
0.114039,-0.180207,0.108764
0.112529,-0.175838,0.114564
0.126505,-0.181437,0.117814
0.111969,-0.164149,0.122164
0.113282,-0.158771,0.131908
0.117653,-0.154595,0.123373
0.107105,-0.161688,0.125241
0.098352,-0.152161,0.116943
0.108309,-0.145127,0.120503
0.104082,-0.132757,0.126027
0.094798,-0.127602,0.124285
0.096348,-0.135298,0.127524
0.095638,-0.131468,0.130404
0.081718,-0.120076,0.126033
0.084452,-0.118776,0.124661
0.087715,-0.119698,0.131377
0.076886,-0.117012,0.129858
0.088414,-0.104895,0.134805
0.070473,-0.106783,0.126178
0.067872,-0.098684,0.124898
0.067530,-0.098739,0.129227
0.067129,-0.105257,0.129070
0.060689,-0.097034,0.117458
0.055987,-0.082816,0.122826
0.050759,-0.088027,0.124648
0.046638,-0.075440,0.119444
0.048020,-0.084392,0.128282
0.047073,-0.073783,0.112863
0.033112,-0.068874,0.118531
0.028938,-0.069144,0.122469
0.038347,-0.065430,0.121126
0.023913,-0.068294,0.127438
0.015980,-0.059303,0.122411
0.008428,-0.070800,0.121238
0.002988,-0.057222,0.110329
-0.009918,-0.082557,0.108165
-0.023174,-0.075173,0.098834
0.157540,-0.448335,0.020940
0.182506,-0.424947,0.029097
0.177652,-0.410979,0.037687
0.183805,-0.396986,0.035036
0.178096,-0.388796,0.051921
0.187230,-0.382534,0.052270
0.179743,-0.370732,0.051235
0.182167,-0.365869,0.055877
0.177843,-0.362879,0.062969
0.181459,-0.352856,0.057355
0.178971,-0.341548,0.063366
0.180306,-0.333717,0.079549
0.173802,-0.331255,0.074798
0.167966,-0.324428,0.074472
0.179127,-0.325483,0.081882
0.167236,-0.313775,0.084743
0.168431,-0.309013,0.078472
0.166225,-0.306765,0.088564
0.165200,-0.295534,0.084082
0.169387,-0.296576,0.085921
0.169616,-0.293723,0.098280
0.171052,-0.279580,0.095827
0.162950,-0.273048,0.093304
0.161785,-0.267748,0.095951
0.160094,-0.260428,0.109691
0.158276,-0.261249,0.097369
0.154105,-0.257260,0.084121
0.153044,-0.245449,0.106716
0.153574,-0.251307,0.101744
0.145387,-0.242444,0.098869
0.148520,-0.236168,0.110322
0.145801,-0.225341,0.106968
0.144589,-0.232444,0.098798
0.137020,-0.218381,0.107678
0.148539,-0.220434,0.106768
0.131746,-0.227788,0.116376
0.126040,-0.209659,0.114205
0.132479,-0.205631,0.112846
0.122209,-0.200379,0.110847
0.125386,-0.208914,0.110939
0.113984,-0.188698,0.116427
0.114953,-0.191049,0.112398
0.121814,-0.174596,0.112305
0.117889,-0.170064,0.128028
0.112800,-0.182964,0.125992
0.112370,-0.172362,0.115160
0.112605,-0.172790,0.121464
0.106016,-0.175550,0.134200
0.100866,-0.160481,0.123993
0.092394,-0.154920,0.127998
0.096521,-0.148768,0.130265
0.081924,-0.144913,0.135643
0.089150,-0.152778,0.127529
0.098537,-0.135779,0.134237
0.090597,-0.132604,0.122003
0.087671,-0.122504,0.120794
0.075383,-0.122675,0.122926
0.081683,-0.119827,0.130086
0.072587,-0.117399,0.131801
0.069577,-0.115475,0.128769
0.066216,-0.113183,0.135456
0.060962,-0.110896,0.140003
0.064407,-0.101355,0.128209
0.060860,-0.113643,0.116546
0.053766,-0.093982,0.128026
0.040955,-0.096909,0.128432
0.047480,-0.091721,0.123157
0.047757,-0.093145,0.125004
0.041110,-0.080942,0.122253
0.038721,-0.086039,0.128534
0.025685,-0.082529,0.118421
0.025058,-0.083533,0.117139
0.018265,-0.067106,0.125338
0.001195,-0.071497,0.122599
0.008743,-0.082024,0.113451
0.001323,-0.079051,0.115211
-0.011602,-0.081737,0.101349
-0.021541,-0.086141,0.088509
0.182241,-0.425853,0.026062
0.177548,-0.422261,0.043718
0.174953,-0.409971,0.048304
0.182622,-0.392972,0.039421
0.177990,-0.402085,0.056425
0.181321,-0.383411,0.066810
0.184251,-0.374430,0.058358
0.171771,-0.362539,0.082106
0.173251,-0.368292,0.063214
0.182277,-0.348480,0.072297
0.183565,-0.355880,0.077707
0.184450,-0.342467,0.074725
0.174396,-0.342242,0.075834
0.173222,-0.335628,0.081049
0.167696,-0.315291,0.091210
0.168921,-0.313636,0.087181
0.165346,-0.308540,0.082654
0.174666,-0.313915,0.096758
0.168537,-0.298916,0.094134
0.162151,-0.288667,0.087050
0.164621,-0.284229,0.089732
0.168851,-0.287810,0.095707
0.170030,-0.284661,0.092325
0.168473,-0.280001,0.108134
0.160830,-0.258575,0.096211
0.152543,-0.257952,0.106050
0.148955,-0.269493,0.103039
0.155578,-0.254159,0.107319
0.160319,-0.245609,0.111436
0.149000,-0.242049,0.102688
0.141653,-0.249860,0.107979
0.133059,-0.236988,0.100814
0.127825,-0.231489,0.105173
0.130146,-0.222298,0.112747
0.133766,-0.225385,0.107704
0.119959,-0.219169,0.122106
0.117708,-0.215639,0.118093
0.118795,-0.212266,0.116956
0.121590,-0.194164,0.116204
0.126958,-0.197055,0.108389
0.112605,-0.200694,0.118451
0.113714,-0.189112,0.117410
0.109505,-0.178971,0.115191
0.113921,-0.181594,0.132842
0.109392,-0.175492,0.122061
0.117800,-0.174603,0.128747
0.109317,-0.164510,0.133035
0.097833,-0.164548,0.121733
0.103155,-0.156316,0.125521
0.101398,-0.158452,0.128745
0.105413,-0.146756,0.130934
0.090379,-0.144175,0.134824
0.092793,-0.155160,0.130475
0.094347,-0.137819,0.132152
0.075912,-0.133305,0.134282
0.086649,-0.128293,0.134090
0.079223,-0.136351,0.130589
0.070840,-0.130800,0.134755
0.067624,-0.115776,0.136261
0.067380,-0.119685,0.128510
0.062397,-0.125350,0.128478
0.065032,-0.113668,0.127387
0.057283,-0.108757,0.133044
0.056220,-0.102864,0.129570
0.056720,-0.097724,0.131746
0.041118,-0.111290,0.130207
0.034450,-0.101326,0.124592
0.031993,-0.096835,0.124132
0.033697,-0.087188,0.130453
0.024401,-0.097097,0.128343
0.019419,-0.089333,0.121849
0.011580,-0.093296,0.124707
0.013674,-0.085521,0.121202
-0.000647,-0.090183,0.118430
-0.004798,-0.084830,0.104668
-0.019895,-0.088075,0.091243
0.167841,-0.439679,0.036290
0.183552,-0.422629,0.039847
0.190171,-0.414755,0.047100
0.189168,-0.406122,0.054726
0.178520,-0.397845,0.061849
0.179384,-0.383765,0.063710
0.194657,-0.389862,0.069947
0.174345,-0.379365,0.073633
0.183436,-0.359157,0.069291
0.169742,-0.372564,0.068696
0.187528,-0.352604,0.077564
0.182662,-0.344544,0.071024
0.178335,-0.348055,0.082515
0.179112,-0.332247,0.079645
0.173016,-0.333140,0.079048
0.176423,-0.322825,0.089995
0.168818,-0.318266,0.096026
0.167432,-0.308900,0.092067
0.171323,-0.305542,0.102099
0.168005,-0.311156,0.096523
0.162903,-0.292075,0.095753
0.153609,-0.292131,0.103054
0.165929,-0.289473,0.106404
0.162003,-0.281416,0.109371
0.148733,-0.275283,0.105923
0.161921,-0.273790,0.111384
0.160059,-0.263804,0.105623
0.142795,-0.254699,0.112957
0.153124,-0.252854,0.112011
0.147187,-0.246914,0.103498
0.142619,-0.238723,0.116680
0.137552,-0.245152,0.107910
0.133996,-0.237265,0.109094
0.131470,-0.237734,0.118845
0.134429,-0.240545,0.114068
0.130806,-0.224357,0.119483
0.117308,-0.216830,0.119826
0.124559,-0.218903,0.111707
0.125005,-0.213553,0.114429
0.117317,-0.216967,0.122669
0.117977,-0.199987,0.114679
0.116458,-0.199302,0.116533
0.113105,-0.199054,0.119449
0.112869,-0.194179,0.126021
0.117093,-0.191603,0.119653
0.109977,-0.183943,0.127716
0.102306,-0.180325,0.123440
0.104508,-0.169595,0.128341
0.101588,-0.159618,0.127789
0.098461,-0.171105,0.128873
0.087929,-0.156080,0.126403
0.089928,-0.152000,0.133305
0.081193,-0.161475,0.138686
0.094171,-0.147808,0.127149
0.078238,-0.150915,0.123920
0.075583,-0.142422,0.130368
0.081634,-0.148564,0.139953
0.074291,-0.126888,0.129556
0.067869,-0.122276,0.133091
0.059874,-0.128062,0.141190
0.065835,-0.117348,0.136587
0.056383,-0.118232,0.135965
0.058176,-0.122228,0.135539
0.044698,-0.116093,0.121506
0.049329,-0.111382,0.121934
0.039771,-0.111324,0.132135
0.038286,-0.104233,0.127373
0.019556,-0.104490,0.125986
0.023610,-0.113239,0.117627
0.022636,-0.104290,0.120778
0.019872,-0.097762,0.107587
0.011980,-0.092458,0.119509
0.015193,-0.095613,0.113947
-0.009977,-0.095641,0.126426
-0.014736,-0.101762,0.103947
-0.021787,-0.098297,0.101502
0.181767,-0.426193,0.044951
0.176440,-0.421664,0.054667
0.176926,-0.414887,0.048728
0.179557,-0.399491,0.054084
0.183142,-0.404011,0.062681
0.183237,-0.396142,0.070252
0.188396,-0.391077,0.072563
0.184911,-0.369840,0.088574
0.183314,-0.373104,0.079204
0.183856,-0.368146,0.078452
0.174221,-0.352937,0.081325
0.173054,-0.356256,0.080758
0.177528,-0.351903,0.078793
0.168679,-0.344386,0.082618
0.180384,-0.331846,0.083216
0.171128,-0.334775,0.101490
0.174743,-0.316410,0.100563
0.168910,-0.311779,0.093612
0.162488,-0.308979,0.105233
0.160395,-0.295583,0.102624
0.161280,-0.302497,0.105456
0.158482,-0.295004,0.106937
0.156855,-0.286983,0.100134
0.155382,-0.269996,0.107200
0.156549,-0.276552,0.106180
0.146064,-0.266002,0.103382
0.152828,-0.267229,0.113916
0.145031,-0.270876,0.109707
0.137738,-0.259512,0.105464
0.144864,-0.260266,0.112711
0.136209,-0.255729,0.118126
0.140022,-0.248299,0.107944
0.136641,-0.248072,0.110285
0.132039,-0.233573,0.107878
0.125483,-0.233224,0.115871
0.122266,-0.236196,0.108398
0.118257,-0.227500,0.121308
0.114465,-0.219098,0.115565
0.111191,-0.223628,0.127390
0.115847,-0.209695,0.118988
0.114889,-0.212105,0.121308
0.109349,-0.208958,0.122482
0.115461,-0.200200,0.117138
0.098537,-0.188133,0.130047
0.099420,-0.186783,0.121394
0.108632,-0.183123,0.134387
0.096350,-0.182864,0.132687
0.108522,-0.178500,0.131478
0.096879,-0.172573,0.126824
0.099382,-0.171561,0.136164
0.081282,-0.156379,0.130711
0.093630,-0.162538,0.131256
0.078725,-0.158664,0.127708
0.086893,-0.155284,0.141494
0.084385,-0.152669,0.135066
0.076959,-0.144184,0.135516
0.067149,-0.145775,0.135464
0.064958,-0.132130,0.128198
0.057245,-0.138001,0.123530
0.057750,-0.136040,0.121603
0.048327,-0.127449,0.138100
0.046591,-0.128031,0.134402
0.041564,-0.128839,0.133420
0.039946,-0.136617,0.121378
0.033819,-0.122891,0.137715
0.038934,-0.111418,0.124249
0.028103,-0.108859,0.132392
0.017698,-0.112469,0.131030
0.025319,-0.115080,0.120909
0.019174,-0.113700,0.121733
0.006495,-0.109013,0.121906
0.001650,-0.109919,0.110650
-0.003366,-0.115457,0.113791
-0.015337,-0.105621,0.101341
-0.039214,-0.116729,0.104050
0.172326,-0.441669,0.048996
0.172647,-0.432405,0.050823
0.175381,-0.420640,0.070501
0.187173,-0.416226,0.062705
0.183550,-0.407791,0.063563
0.180573,-0.403099,0.075866
0.175333,-0.386113,0.071407
0.186457,-0.387510,0.080154
0.172923,-0.380712,0.079574
0.179520,-0.369421,0.077994
0.174201,-0.362712,0.084334
0.162534,-0.366796,0.089475
0.180553,-0.351937,0.092924
0.175957,-0.346105,0.094056
0.172073,-0.332829,0.098122
0.175189,-0.337406,0.088522
0.161132,-0.331475,0.099938
0.165032,-0.315425,0.097918
0.156410,-0.319236,0.095510
0.162724,-0.316562,0.105706
0.164078,-0.307539,0.111788
0.159257,-0.310507,0.112073
0.154567,-0.304195,0.115589
0.149496,-0.288503,0.098807
0.150456,-0.293982,0.110108
0.149394,-0.288082,0.109956
0.151318,-0.281664,0.106719
0.137348,-0.277058,0.111987
0.138803,-0.274976,0.114947
0.141615,-0.260712,0.111394
0.136013,-0.265796,0.115293
0.141809,-0.256405,0.103623
0.128876,-0.248878,0.112178
0.135535,-0.242470,0.115333
0.123611,-0.242733,0.116282
0.119917,-0.240702,0.119425
0.115394,-0.231052,0.111635
0.117769,-0.235133,0.114053
0.113532,-0.225870,0.120821
0.110967,-0.225611,0.127111
0.109395,-0.228910,0.123713
0.105274,-0.214313,0.119273
0.104727,-0.205907,0.125954
0.101943,-0.208907,0.121311
0.103588,-0.197029,0.131625
0.101520,-0.200734,0.125140
0.104963,-0.194707,0.129613
0.092689,-0.197285,0.135726
0.099270,-0.165795,0.127388
0.088655,-0.171282,0.129542
0.093829,-0.176209,0.129223
0.090274,-0.171079,0.135247
0.083885,-0.167465,0.130676
0.073813,-0.173600,0.131351
0.076519,-0.149885,0.126951
0.069769,-0.151838,0.129051
0.073591,-0.158941,0.132022
0.059795,-0.157712,0.137844
0.055691,-0.149408,0.133058
0.060340,-0.153461,0.129121
0.056428,-0.137462,0.129421
0.042964,-0.139296,0.138053
0.054833,-0.136879,0.133156
0.052917,-0.135403,0.126435
0.033380,-0.126179,0.126667
0.028711,-0.122125,0.135370
0.033634,-0.117847,0.127115
0.028596,-0.122156,0.122494
0.024198,-0.121112,0.115497
0.007436,-0.118611,0.115475
0.004480,-0.121726,0.124240
0.000892,-0.120743,0.113938
-0.009492,-0.129216,0.108576
-0.028425,-0.132147,0.109904
-0.043891,-0.138355,0.093260
0.176055,-0.425963,0.054575
0.178775,-0.426701,0.061860
0.180948,-0.418130,0.061738
0.179451,-0.410386,0.070816
0.172777,-0.403217,0.070173
0.186866,-0.407491,0.078015
0.178026,-0.388988,0.078207
0.169177,-0.389836,0.089799
0.172493,-0.376900,0.079940
0.170808,-0.373063,0.081909
0.173015,-0.367083,0.093609
0.183604,-0.361147,0.088003
0.176464,-0.360829,0.089296
0.165927,-0.347884,0.093039
0.162573,-0.338230,0.092085
0.164500,-0.333061,0.099310
0.169703,-0.338388,0.104802
0.168734,-0.333550,0.101979
0.160746,-0.329176,0.108672
0.158868,-0.311356,0.116227
0.147843,-0.310781,0.100424
0.152270,-0.309150,0.101876
0.156121,-0.301023,0.105408
0.159797,-0.294735,0.110003
0.146061,-0.292097,0.112697
0.145721,-0.282152,0.110203
0.149903,-0.291509,0.112720
0.135262,-0.269495,0.117176
0.141099,-0.269270,0.118381
0.133078,-0.279340,0.115583
0.132859,-0.269434,0.116052
0.131094,-0.257969,0.112809
0.116423,-0.255869,0.112650
0.121842,-0.253462,0.111681
0.122748,-0.252062,0.122754
0.114940,-0.253819,0.119614
0.107535,-0.249825,0.117314
0.111542,-0.237238,0.124825
0.114982,-0.235443,0.118846
0.120370,-0.232964,0.122422
0.103990,-0.222913,0.113585
0.103951,-0.222856,0.116909
0.099837,-0.216490,0.132171
0.100413,-0.212422,0.128400
0.106348,-0.198789,0.137751
0.094168,-0.198382,0.130112
0.091428,-0.205467,0.129797
0.087595,-0.183071,0.130198
0.078826,-0.186095,0.131533
0.085724,-0.185163,0.126501
0.073191,-0.183182,0.139516
0.071997,-0.177784,0.141007
0.071337,-0.163552,0.139552
0.072096,-0.161819,0.140214
0.069863,-0.161826,0.135215
0.067384,-0.162195,0.130236
0.062344,-0.156060,0.137558
0.055170,-0.150467,0.138185
0.044380,-0.158037,0.128202
0.055266,-0.145775,0.129862
0.045471,-0.149206,0.138471
0.041656,-0.139694,0.132583
0.039837,-0.136046,0.126338
0.037563,-0.135455,0.120755
0.028354,-0.136877,0.123549
0.037911,-0.127231,0.129811
0.023180,-0.132316,0.134501
0.010146,-0.132259,0.127801
0.010880,-0.125454,0.125275
-0.004214,-0.130507,0.117167
0.002518,-0.128408,0.112827
-0.021617,-0.137887,0.108809
-0.027461,-0.131900,0.102226
-0.028498,-0.144875,0.093500
0.175578,-0.435934,0.064677
0.185552,-0.428640,0.063176
0.181791,-0.419665,0.071604
0.180751,-0.412871,0.065088
0.186209,-0.399239,0.074327
0.182294,-0.403095,0.086842
0.186081,-0.394524,0.084849
0.174419,-0.383791,0.087407
0.174450,-0.389228,0.097201
0.171892,-0.376784,0.089225
0.178708,-0.358504,0.095548
0.176683,-0.355988,0.093518
0.160933,-0.353941,0.097915
0.168090,-0.352977,0.102606
0.174920,-0.352909,0.093684
0.168609,-0.345594,0.113557
0.167917,-0.344791,0.097414
0.168356,-0.322213,0.116611
0.163450,-0.319604,0.113361
0.158228,-0.319379,0.115311
0.156133,-0.321151,0.103803
0.150444,-0.302834,0.114694
0.151923,-0.295427,0.114271
0.161675,-0.294811,0.119608
0.142062,-0.299909,0.115745
0.150507,-0.298705,0.107980
0.139754,-0.294681,0.110984
0.133847,-0.293813,0.111993
0.127932,-0.280525,0.123498
0.132715,-0.277420,0.112670
0.122628,-0.270448,0.114517
0.127903,-0.270255,0.115753
0.122984,-0.266191,0.118567
0.114290,-0.262227,0.118193
0.113493,-0.254623,0.123942
0.111699,-0.258119,0.120545
0.107531,-0.239849,0.119410
0.108262,-0.243716,0.124923
0.110932,-0.239677,0.121348
0.098676,-0.234418,0.123274
0.101006,-0.224709,0.128435
0.103285,-0.217810,0.133719
0.100617,-0.224377,0.131393
0.087567,-0.203528,0.128976
0.094347,-0.207312,0.133941
0.094836,-0.204380,0.126386
0.088452,-0.190601,0.127089
0.089245,-0.198297,0.139614
0.080633,-0.194087,0.125942
0.072184,-0.201451,0.128708
0.071226,-0.182936,0.133146
0.066794,-0.176552,0.126023
0.071211,-0.173355,0.134869
0.073834,-0.177458,0.138774
0.064900,-0.172843,0.134963
0.065622,-0.171606,0.136592
0.053605,-0.171118,0.134129
0.055917,-0.166587,0.136853
0.050023,-0.161280,0.130206
0.039764,-0.155035,0.133947
0.039625,-0.147212,0.142029
0.033727,-0.152747,0.121917
0.026919,-0.149020,0.129650
0.030985,-0.144403,0.131422
0.026124,-0.141651,0.140933
0.019633,-0.142629,0.136074
0.016307,-0.141219,0.122851
0.011109,-0.139004,0.123817
-0.006743,-0.144412,0.117331
-0.020525,-0.153956,0.119058
-0.025287,-0.146909,0.101601
-0.033801,-0.151447,0.099152
-0.035853,-0.143982,0.095332
-0.054194,-0.156527,0.079435
0.171434,-0.436845,0.073386
0.184389,-0.438302,0.074552
0.179978,-0.433486,0.073419
0.174076,-0.419890,0.073943
0.166359,-0.414543,0.077108
0.172592,-0.408044,0.084980
0.181094,-0.396039,0.091415
0.174040,-0.393692,0.082459
0.179439,-0.378203,0.089032
0.172247,-0.384887,0.095546
0.167323,-0.374256,0.099686
0.165239,-0.362360,0.109633
0.162063,-0.359126,0.099092
0.178105,-0.360204,0.107090
0.159572,-0.352517,0.097580
0.163599,-0.351257,0.115207
0.156183,-0.334937,0.106736
0.157280,-0.334718,0.111395
0.152785,-0.323724,0.108375
0.148879,-0.328258,0.105715
0.151153,-0.317647,0.112445
0.152295,-0.313393,0.110056
0.158589,-0.308783,0.114443
0.146841,-0.296797,0.113633
0.139511,-0.311930,0.114244
0.135166,-0.299285,0.113609
0.126188,-0.296556,0.107425
0.131918,-0.286853,0.112616
0.131591,-0.283943,0.119060
0.115095,-0.287506,0.120518
0.118219,-0.284345,0.121955
0.115564,-0.276438,0.111098
0.121551,-0.268332,0.125710
0.116432,-0.263374,0.117041
0.111254,-0.256265,0.124251
0.099452,-0.258375,0.119561
0.103746,-0.255816,0.126505
0.108147,-0.252870,0.130400
0.097835,-0.250415,0.125878
0.103645,-0.236455,0.128636
0.093933,-0.235456,0.131833
0.086036,-0.222993,0.129226
0.099492,-0.224465,0.134695
0.091925,-0.217968,0.131261
0.091362,-0.217673,0.137839
0.085676,-0.210240,0.128219
0.088296,-0.214967,0.126661
0.077528,-0.202541,0.147008
0.076318,-0.200447,0.136691
0.080824,-0.192765,0.132595
0.076468,-0.188697,0.139162
0.064234,-0.186911,0.125987
0.060925,-0.186540,0.131216
0.068268,-0.175842,0.138407
0.062411,-0.176660,0.134124
0.048903,-0.179185,0.130577
0.051203,-0.178924,0.127364
0.049131,-0.162976,0.135061
0.044850,-0.158687,0.141605
0.039221,-0.158563,0.141840
0.035009,-0.165359,0.123921
0.034946,-0.154567,0.138077
0.027749,-0.160280,0.131289
0.018232,-0.146013,0.132878
0.017429,-0.149785,0.128015
0.007225,-0.149032,0.125864
0.003164,-0.147747,0.120842
-0.015026,-0.141617,0.125861
-0.020822,-0.156679,0.113484
-0.019733,-0.152867,0.108459
-0.032598,-0.154685,0.104301
-0.045229,-0.156701,0.098315
-0.062259,-0.154430,0.094892
0.176387,-0.442601,0.069718
0.175678,-0.435094,0.077914
0.176724,-0.429802,0.087597
0.176934,-0.424960,0.092852
0.173105,-0.411251,0.086819
0.168462,-0.401976,0.089329
0.171880,-0.401164,0.089963
0.171758,-0.392971,0.096377
0.172824,-0.378746,0.100155
0.170668,-0.384369,0.104778
0.169410,-0.375887,0.112305
0.162611,-0.365403,0.107826
0.167419,-0.356605,0.107301
0.163745,-0.361574,0.101557
0.156276,-0.354460,0.102584
0.153596,-0.341676,0.105555
0.152457,-0.335744,0.116750
0.146256,-0.333361,0.108855
0.158048,-0.333131,0.114497
0.145652,-0.334007,0.113905
0.144095,-0.320594,0.115692
0.147133,-0.315007,0.127744
0.135410,-0.321190,0.114282
0.130895,-0.316302,0.112259
0.131442,-0.305132,0.112887
0.130383,-0.296216,0.122278
0.133494,-0.306743,0.122119
0.120698,-0.296142,0.112758
0.128194,-0.287037,0.119124
0.119463,-0.291637,0.115805
0.112205,-0.276357,0.123538
0.107009,-0.282603,0.111400
0.109076,-0.282486,0.114983
0.113217,-0.270040,0.116494
0.105969,-0.270056,0.115828
0.098617,-0.259483,0.127759
0.101093,-0.255681,0.118071
0.100080,-0.249558,0.126374
0.097884,-0.247165,0.120994
0.088524,-0.245421,0.129252
0.095637,-0.240114,0.114793
0.086311,-0.233698,0.128438
0.076765,-0.241380,0.136201
0.089129,-0.215560,0.133547
0.084374,-0.213896,0.142630
0.086719,-0.221089,0.142073
0.071533,-0.211043,0.132259
0.078408,-0.210156,0.127993
0.074182,-0.194985,0.136509
0.057811,-0.194592,0.141228
0.067452,-0.195836,0.138556
0.057854,-0.199209,0.138944
0.058056,-0.195815,0.141100
0.055111,-0.192653,0.143192
0.051982,-0.188002,0.137029
0.042782,-0.189596,0.133477
0.049240,-0.186377,0.133977
0.043378,-0.166247,0.138877
0.030384,-0.161322,0.132573
0.036609,-0.169963,0.141774
0.029100,-0.162531,0.132690
0.024992,-0.167129,0.132903
0.029230,-0.164795,0.135127
0.021786,-0.165598,0.123242
0.004485,-0.153030,0.127075
0.001476,-0.159921,0.127229
-0.007736,-0.165233,0.117241
-0.026886,-0.153776,0.116287
-0.026642,-0.162101,0.111096
-0.036057,-0.159788,0.105585
-0.044153,-0.159990,0.099608
-0.055332,-0.174677,0.100552
-0.064022,-0.174998,0.082014
0.181820,-0.440071,0.087829
0.179046,-0.429648,0.086404
0.164401,-0.414161,0.076503
0.176782,-0.408203,0.091196
0.177430,-0.409153,0.087960
0.167782,-0.399418,0.090893
0.161909,-0.389121,0.106763
0.178921,-0.387663,0.102720
0.163354,-0.390086,0.104839
0.161224,-0.380084,0.097636
0.165860,-0.365382,0.119398
0.168226,-0.358242,0.112073
0.158043,-0.358741,0.106920
0.157171,-0.358206,0.118925
0.166728,-0.350730,0.117642
0.155552,-0.349535,0.120055
0.140850,-0.352637,0.122536
0.142333,-0.338609,0.118582
0.148555,-0.326679,0.110342
0.141708,-0.326843,0.117301
0.140231,-0.327967,0.120755
0.135946,-0.325235,0.118015
0.130834,-0.332581,0.118479
0.136505,-0.321249,0.115096
0.126772,-0.308564,0.113271
0.122847,-0.306549,0.114612
0.124272,-0.307219,0.115465
0.107008,-0.295206,0.110192
0.119878,-0.290785,0.125008
0.110158,-0.299937,0.121840
0.102590,-0.289275,0.123044
0.103011,-0.278377,0.119981
0.093416,-0.276428,0.131005
0.101553,-0.275820,0.118094
0.104867,-0.267718,0.132891
0.104025,-0.259607,0.134138
0.093178,-0.261848,0.129692
0.097858,-0.253883,0.138773
0.091351,-0.253408,0.139440
0.094560,-0.242028,0.128595
0.093867,-0.236540,0.141073
0.085366,-0.233068,0.129217
0.084683,-0.220845,0.130621
0.079997,-0.230643,0.133937
0.083076,-0.219252,0.132074
0.076063,-0.218062,0.139991
0.071558,-0.219761,0.135020
0.067209,-0.206138,0.135996
0.055734,-0.206357,0.147176
0.060584,-0.196102,0.137772
0.065224,-0.203029,0.126526
0.045529,-0.202907,0.138358
0.049151,-0.192335,0.135768
0.053334,-0.187043,0.132905
0.041160,-0.193244,0.126237
0.035414,-0.178415,0.130344
0.031412,-0.181276,0.135585
0.037121,-0.173823,0.130248
0.024358,-0.169857,0.134450
0.029381,-0.175644,0.139959
0.019395,-0.170705,0.134434
0.011574,-0.155245,0.131826
0.002731,-0.168690,0.121144
0.004923,-0.164408,0.116857
-0.017072,-0.168566,0.125301
-0.025815,-0.164607,0.116700
-0.031090,-0.165432,0.108175
-0.033895,-0.174172,0.106827
-0.041688,-0.165098,0.108076
-0.057257,-0.175678,0.094714
-0.057911,-0.180456,0.093071
0.169741,-0.439405,0.078715
0.172027,-0.422188,0.095587
0.173054,-0.421277,0.089697
0.177345,-0.413814,0.103391
0.176312,-0.398773,0.109822
0.170002,-0.405233,0.109484
0.168302,-0.399249,0.101612
0.171190,-0.388214,0.107029
0.165674,-0.379896,0.102556
0.166361,-0.375073,0.109002
0.156246,-0.377358,0.102352
0.158253,-0.367347,0.118501
0.161556,-0.368533,0.120071
0.157279,-0.360381,0.117018
0.153693,-0.351664,0.117573
0.141556,-0.343095,0.122018
0.140042,-0.347335,0.118440
0.141286,-0.340006,0.117327
0.135717,-0.333246,0.115228
0.130275,-0.338086,0.118121
0.133881,-0.329534,0.115605
0.133056,-0.331840,0.122229
0.123227,-0.323290,0.127122
0.122211,-0.319746,0.117665
0.126518,-0.319259,0.113758
0.120756,-0.316324,0.120068
0.113532,-0.301372,0.114774
0.112625,-0.295603,0.115272
0.103558,-0.300367,0.121221
0.099562,-0.294393,0.118538
0.098081,-0.296810,0.119987
0.100703,-0.278883,0.124113
0.091372,-0.281188,0.112187
0.098697,-0.281832,0.120690
0.094921,-0.277362,0.128122
0.087707,-0.273719,0.131955
0.092860,-0.270930,0.128439
0.096301,-0.258002,0.133894
0.087535,-0.250850,0.132083
0.077193,-0.258041,0.130608
0.087545,-0.232670,0.126862
0.073024,-0.236589,0.142330
0.070491,-0.230672,0.144110
0.077843,-0.236797,0.134297
0.072345,-0.223957,0.138301
0.066828,-0.219941,0.147303
0.065446,-0.220544,0.146195
0.055183,-0.207698,0.132683
0.059047,-0.212154,0.138117
0.056814,-0.207661,0.149697
0.049242,-0.198381,0.140623
0.043436,-0.200244,0.138681
0.033774,-0.206084,0.140617
0.039208,-0.192877,0.129143
0.037327,-0.188841,0.137731
0.038867,-0.192243,0.135649
0.031560,-0.183520,0.139042
0.031154,-0.182124,0.136617
0.025275,-0.180302,0.138252
0.013288,-0.183824,0.137147
0.014228,-0.178554,0.135698
0.004823,-0.183672,0.129249
-0.007682,-0.175940,0.129184
-0.013276,-0.177672,0.121455
-0.013974,-0.184849,0.112109
-0.036237,-0.168574,0.121335
-0.034785,-0.180937,0.112301
-0.034599,-0.178380,0.108645
-0.046559,-0.181836,0.093902
-0.057013,-0.181592,0.086443
0.182239,-0.426016,0.091606
0.172187,-0.429568,0.098342
0.178610,-0.421058,0.094871
0.166520,-0.417023,0.096414
0.162991,-0.405234,0.109073
0.172926,-0.411058,0.091671
0.176615,-0.388430,0.109474
0.160826,-0.394064,0.102093
0.160395,-0.387317,0.116532
0.167255,-0.382332,0.108270
0.159899,-0.370957,0.116622
0.148828,-0.370937,0.116199
0.161036,-0.372053,0.111980
0.150557,-0.364045,0.116835
0.144666,-0.347192,0.116528
0.156349,-0.346024,0.116798
0.141846,-0.353251,0.125892
0.150034,-0.349974,0.118372
0.143522,-0.338445,0.121101
0.133349,-0.337790,0.122701
0.118935,-0.339817,0.114785
0.125324,-0.330014,0.124903
0.127583,-0.336588,0.117839
0.115169,-0.327359,0.118488
0.112983,-0.324526,0.107633
0.110149,-0.305434,0.128209
0.114028,-0.309561,0.117001
0.106746,-0.311789,0.133814
0.107292,-0.301279,0.122700
0.108619,-0.294802,0.119706
0.094911,-0.296911,0.125029
0.088658,-0.295859,0.121775
0.093959,-0.288149,0.126887
0.090661,-0.284289,0.128736
0.087783,-0.283444,0.129478
0.091127,-0.279794,0.133567
0.074024,-0.272265,0.129876
0.080395,-0.263637,0.132419
0.079639,-0.257341,0.136869
0.078760,-0.256857,0.139913
0.080264,-0.249279,0.142444
0.072004,-0.244607,0.144661
0.065728,-0.234048,0.133831
0.061176,-0.247403,0.143744
0.080526,-0.225763,0.149315
0.062503,-0.223237,0.146157
0.061615,-0.229786,0.139642
0.057075,-0.213766,0.141309
0.060755,-0.202420,0.136824
0.060260,-0.215397,0.134227
0.043595,-0.205474,0.148923
0.041060,-0.208572,0.129115
0.043530,-0.204915,0.141403
0.041465,-0.200175,0.140352
0.022880,-0.202003,0.129012
0.024768,-0.187892,0.135144
0.024680,-0.185263,0.138896
0.002113,-0.188508,0.131342
0.019396,-0.185513,0.126497
0.006356,-0.188926,0.130440
-0.007039,-0.183584,0.127959
-0.007331,-0.187625,0.121695
-0.025447,-0.190225,0.126009
-0.024291,-0.197793,0.120186
-0.029709,-0.192303,0.111170
-0.043750,-0.195338,0.110052
-0.047208,-0.195672,0.109757
-0.056816,-0.186266,0.114108
-0.064289,-0.185535,0.098282
0.172581,-0.430318,0.103370
0.162093,-0.425033,0.113223
0.168357,-0.424496,0.104266
0.163399,-0.408461,0.109219
0.166346,-0.410414,0.118253
0.164290,-0.401658,0.106293
0.155215,-0.391539,0.114950
0.158599,-0.395134,0.112101
0.158663,-0.380279,0.111954
0.156568,-0.376827,0.119427
0.141163,-0.382609,0.115270
0.148884,-0.374263,0.119055
0.153384,-0.360887,0.110044
0.141752,-0.358006,0.137598
0.140676,-0.361023,0.125045
0.147992,-0.348360,0.117698
0.133675,-0.339597,0.123579
0.125616,-0.344829,0.131008
0.126879,-0.344722,0.128807
0.124598,-0.334798,0.124801
0.118570,-0.336029,0.121921
0.116913,-0.342257,0.124257
0.109203,-0.323737,0.119813
0.113853,-0.339080,0.118765
0.104421,-0.324104,0.118870
0.101711,-0.322677,0.129082
0.094851,-0.317478,0.118582
0.094594,-0.308192,0.128415
0.096209,-0.309193,0.120241
0.087284,-0.297027,0.125192
0.096094,-0.310952,0.130930
0.079155,-0.288731,0.127039
0.083933,-0.291432,0.118915
0.072830,-0.282278,0.134670
0.084127,-0.277726,0.133345
0.074928,-0.275381,0.123045
0.079330,-0.262543,0.143772
0.074210,-0.264471,0.135278
0.067514,-0.252171,0.135552
0.059092,-0.257861,0.133701
0.061030,-0.253777,0.136370
0.063866,-0.246447,0.134279
0.061690,-0.241220,0.141103
0.061226,-0.236388,0.145938
0.054996,-0.234091,0.144360
0.057385,-0.238691,0.146770
0.059632,-0.224948,0.139935
0.054520,-0.218632,0.141641
0.046305,-0.212845,0.134850
0.042289,-0.224418,0.133407
0.038723,-0.205998,0.140705
0.027257,-0.210151,0.151905
0.039748,-0.215567,0.136347
0.025299,-0.204703,0.138783
0.026416,-0.198441,0.137737
0.016492,-0.200268,0.143972
0.012676,-0.192733,0.132082
0.011774,-0.198986,0.142534
-0.003513,-0.195690,0.130534
-0.011636,-0.189658,0.127686
-0.025655,-0.199386,0.125975
-0.031550,-0.205536,0.124176
-0.034364,-0.194617,0.121189
-0.039689,-0.201844,0.117736
-0.044492,-0.191783,0.102625
-0.055537,-0.198430,0.095840
-0.062859,-0.210164,0.107454
-0.071841,-0.197813,0.102449
0.168203,-0.441540,0.102456
0.171597,-0.431421,0.105340
0.156894,-0.426321,0.113817
0.172901,-0.403079,0.108666
0.171377,-0.414291,0.106484
0.162273,-0.402203,0.113204
0.162703,-0.395387,0.122224
0.157539,-0.394586,0.119808
0.153945,-0.389001,0.114951
0.147928,-0.381660,0.120986
0.156798,-0.377343,0.121875
0.136224,-0.367153,0.123675
0.142807,-0.377782,0.121521
0.133508,-0.360100,0.128605
0.143586,-0.358206,0.123620
0.129761,-0.355830,0.126901
0.132436,-0.351934,0.121149
0.127249,-0.350065,0.127905
0.122060,-0.352263,0.127841
0.121395,-0.345091,0.121451
0.118039,-0.341728,0.124819
0.113183,-0.337400,0.124824
0.104211,-0.332548,0.129004
0.093823,-0.332372,0.126550
0.104901,-0.337166,0.123781
0.096978,-0.322243,0.125758
0.085767,-0.319889,0.110425
0.085980,-0.310302,0.121020
0.089201,-0.324177,0.128535
0.087653,-0.309212,0.126810
0.075900,-0.305038,0.127855
0.083309,-0.302417,0.118528
0.083514,-0.303014,0.131298
0.082761,-0.289885,0.125951
0.073393,-0.284283,0.126104
0.073292,-0.286057,0.131304
0.076492,-0.280431,0.130681
0.067177,-0.272257,0.135176
0.060919,-0.267910,0.127541
0.065630,-0.251065,0.143558
0.049660,-0.255243,0.141933
0.055502,-0.241084,0.132578
0.057258,-0.236832,0.142217
0.057432,-0.240787,0.144486
0.048658,-0.236552,0.141113
0.049991,-0.242984,0.139293
0.041803,-0.225754,0.143491
0.051589,-0.222556,0.138601
0.032257,-0.223377,0.148501
0.038853,-0.213243,0.137851
0.034982,-0.213184,0.139242
0.031604,-0.210835,0.135269
0.026823,-0.219403,0.139559
0.019457,-0.202191,0.141493
0.015789,-0.213422,0.130722
-0.003882,-0.209733,0.142431
-0.000412,-0.191352,0.125184
-0.007697,-0.198424,0.127955
-0.013012,-0.210268,0.122903
-0.018493,-0.214541,0.114332
-0.030321,-0.211405,0.128143
-0.026212,-0.213325,0.110952
-0.042885,-0.198678,0.107189
-0.058346,-0.204792,0.114016
-0.058987,-0.200621,0.104472
-0.074029,-0.206858,0.105545
-0.074954,-0.209761,0.097206
0.166989,-0.423217,0.115511
0.161317,-0.423475,0.110341
0.154870,-0.423695,0.113315
0.155342,-0.420320,0.114277
0.158828,-0.403351,0.125781
0.155792,-0.402622,0.118509
0.149996,-0.399027,0.115731
0.152885,-0.395472,0.130177
0.145813,-0.381187,0.123877
0.154688,-0.388039,0.127242
0.147158,-0.371326,0.126898
0.134831,-0.372525,0.129567
0.136703,-0.370170,0.128063
0.135676,-0.356893,0.126613
0.129226,-0.364721,0.125325
0.136701,-0.350618,0.125904
0.123355,-0.359361,0.126558
0.117730,-0.350487,0.124385
0.113993,-0.354650,0.125359
0.102743,-0.343306,0.125918
0.105890,-0.335964,0.120400
0.104200,-0.336176,0.127772
0.093662,-0.336061,0.128105
0.101010,-0.333678,0.126787
0.094163,-0.323136,0.120017
0.098083,-0.331210,0.126465
0.079892,-0.334690,0.122863
0.080343,-0.319936,0.130320
0.082733,-0.317478,0.127097
0.069977,-0.308894,0.126549
0.071158,-0.310613,0.129223
0.083262,-0.311630,0.133273
0.073653,-0.291976,0.132608
0.065513,-0.301447,0.133272
0.067703,-0.287144,0.129963
0.067807,-0.285197,0.130407
0.054054,-0.269542,0.136415
0.052975,-0.269044,0.135343
0.064557,-0.278902,0.151060
0.058422,-0.271658,0.134105
0.051425,-0.263905,0.136660
0.050196,-0.246320,0.142676
0.043446,-0.250930,0.132520
0.043753,-0.242058,0.135601
0.038460,-0.239975,0.143724
0.031925,-0.232927,0.146844
0.034018,-0.235888,0.151016
0.038610,-0.227016,0.152520
0.023497,-0.223189,0.137029
0.028645,-0.226762,0.138256
0.006708,-0.217280,0.136107
0.015308,-0.230716,0.129662
0.005542,-0.218713,0.141886
-0.002429,-0.219528,0.135297
-0.009871,-0.218072,0.133640
-0.011440,-0.219319,0.132572
-0.018167,-0.213211,0.131068
-0.028983,-0.222911,0.120176
-0.045173,-0.220867,0.105871
-0.033851,-0.224722,0.111200
-0.046438,-0.213926,0.118634
-0.055685,-0.209443,0.110243
-0.059305,-0.212510,0.108502
-0.059171,-0.212541,0.110226
-0.059196,-0.216220,0.104364
0.163613,-0.436071,0.121238
0.161967,-0.436794,0.117334
0.160550,-0.423940,0.127125
0.150820,-0.415294,0.118855
0.157471,-0.416022,0.121469
0.150319,-0.408894,0.125781
0.135521,-0.403465,0.127262
0.144265,-0.399064,0.120791
0.144248,-0.395372,0.127110
0.143618,-0.388276,0.135458
0.136812,-0.380091,0.122030
0.128311,-0.374956,0.126457
0.128882,-0.370664,0.125143
0.124204,-0.360892,0.122301
0.129291,-0.364114,0.130854
0.118401,-0.361312,0.122203
0.110825,-0.370464,0.126560
0.111922,-0.353047,0.121371
0.116125,-0.360583,0.121180
0.110540,-0.354644,0.125823
0.093837,-0.360097,0.121745
0.091826,-0.342166,0.125984
0.091369,-0.342311,0.116183
0.088177,-0.343587,0.128679
0.086792,-0.340356,0.129579
0.079397,-0.339430,0.122434
0.082978,-0.334037,0.123168
0.090259,-0.323848,0.119746
0.066492,-0.322369,0.124973
0.074991,-0.329605,0.133064
0.069060,-0.310646,0.127275
0.064378,-0.315172,0.129915
0.061002,-0.304667,0.125607
0.054317,-0.303044,0.127394
0.060419,-0.295189,0.130697
0.057526,-0.284951,0.129732
0.060201,-0.277750,0.148226
0.058893,-0.278509,0.143936
0.046316,-0.262982,0.136984
0.051316,-0.271517,0.142583
0.048873,-0.263289,0.134413
0.045493,-0.259722,0.146156
0.039412,-0.257689,0.137393
0.043137,-0.253217,0.134095
0.033910,-0.246420,0.138487
0.032184,-0.241959,0.139168
0.026996,-0.239039,0.127942
0.017224,-0.239670,0.147185
0.021670,-0.228696,0.138129
0.011662,-0.235245,0.148524
0.011853,-0.234507,0.137589
0.005865,-0.227778,0.133173
0.001084,-0.229092,0.144323
-0.002754,-0.230420,0.124620
-0.014259,-0.232705,0.117624
-0.023723,-0.234802,0.126025
-0.034679,-0.227161,0.115066
-0.042886,-0.227619,0.119495
-0.045823,-0.228769,0.114334
-0.058651,-0.220751,0.110556
-0.051042,-0.226897,0.114209
-0.059957,-0.224196,0.103442
-0.058969,-0.223313,0.102016
-0.064014,-0.221883,0.096211
0.156778,-0.429664,0.125556
0.150389,-0.424929,0.123370
0.159745,-0.420148,0.134317
0.149192,-0.413282,0.137356
0.148528,-0.407275,0.127715
0.149376,-0.401994,0.123273
0.144937,-0.392153,0.129730
0.141521,-0.395165,0.130159
0.142123,-0.392670,0.133918
0.137720,-0.382097,0.131973
0.132532,-0.382872,0.134283
0.128101,-0.375593,0.128754
0.117973,-0.373003,0.138063
0.114293,-0.361037,0.129350
0.117615,-0.366088,0.125748
0.115170,-0.371849,0.130046
0.103804,-0.355318,0.123837
0.090264,-0.366134,0.120715
0.089113,-0.360094,0.122289
0.094060,-0.356256,0.123863
0.076239,-0.353021,0.122230
0.084056,-0.349100,0.133087
0.082427,-0.342399,0.128761
0.075429,-0.356692,0.117802
0.072590,-0.347171,0.119975
0.068594,-0.333451,0.121554
0.068357,-0.338171,0.127001
0.063958,-0.326277,0.126747
0.064565,-0.323303,0.129171
0.058881,-0.327169,0.124546
0.068270,-0.319262,0.126206
0.059890,-0.298107,0.127499
0.051097,-0.299112,0.133999
0.049433,-0.300434,0.131435
0.035079,-0.292197,0.129511
0.054636,-0.292392,0.135652
0.052325,-0.290331,0.147939
0.040339,-0.278056,0.136101
0.037311,-0.275131,0.136570
0.044787,-0.270332,0.137318
0.034573,-0.263889,0.137414
0.037504,-0.260596,0.139527
0.029041,-0.253347,0.126400
0.021384,-0.257105,0.139328
0.019976,-0.264488,0.138598
0.012649,-0.245063,0.142912
0.012633,-0.256026,0.144100
0.009231,-0.251389,0.135496
0.001955,-0.239816,0.130112
0.000851,-0.247290,0.138828
-0.008347,-0.242460,0.131295
-0.016616,-0.239286,0.131290
-0.027054,-0.249612,0.120109
-0.027223,-0.254184,0.114512
-0.028014,-0.234295,0.117932
-0.046916,-0.239476,0.121773
-0.045090,-0.234128,0.113985
-0.047211,-0.232837,0.123445
-0.063559,-0.232390,0.121160
-0.066764,-0.232563,0.118270
-0.063400,-0.231566,0.106542
-0.081968,-0.233150,0.098527
0.145587,-0.416803,0.124369
0.143791,-0.425778,0.127119
0.156934,-0.410568,0.127163
0.145742,-0.402014,0.131276
0.148384,-0.415418,0.129041
0.144222,-0.411177,0.138750
0.137937,-0.400102,0.137683
0.134263,-0.389367,0.131068
0.131823,-0.394311,0.121013
0.125011,-0.404722,0.134024
0.116784,-0.385484,0.136921
0.119837,-0.377646,0.141297
0.116230,-0.375147,0.134556
0.113077,-0.378790,0.130074
0.100106,-0.378231,0.126429
0.102038,-0.378758,0.129700
0.102802,-0.367923,0.133766
0.087410,-0.375180,0.129363
0.088292,-0.366426,0.126495
0.077840,-0.366408,0.124392
0.082162,-0.358028,0.122472
0.077558,-0.358751,0.120070
0.067267,-0.347849,0.123355
0.067207,-0.349391,0.118580
0.068740,-0.350640,0.121605
0.059885,-0.347117,0.124173
0.065473,-0.339930,0.127608
0.062270,-0.328483,0.128798
0.057477,-0.323050,0.110522
0.053317,-0.324052,0.134035
0.044805,-0.314202,0.127102
0.058101,-0.313471,0.130588
0.040887,-0.304354,0.135467
0.046414,-0.307218,0.141007
0.049079,-0.301365,0.141952
0.032595,-0.293532,0.135988
0.042778,-0.288499,0.137416
0.031182,-0.282517,0.135941
0.037192,-0.281599,0.136645
0.023119,-0.266174,0.142420
0.018773,-0.273067,0.136893
0.023060,-0.266886,0.128170
0.023530,-0.261096,0.142653
0.010864,-0.266553,0.131755
0.012882,-0.263307,0.130643
0.007225,-0.260134,0.130071
-0.001655,-0.253083,0.129638
-0.013626,-0.269383,0.121926
-0.020621,-0.264879,0.129351
-0.028662,-0.249675,0.123154
-0.036607,-0.255924,0.120475
-0.031921,-0.258097,0.115764
-0.043135,-0.251211,0.116172
-0.047187,-0.242150,0.111376
-0.045225,-0.247781,0.116462
-0.054729,-0.245905,0.104487
-0.061377,-0.241440,0.115928
-0.066201,-0.242516,0.114139
-0.078546,-0.246178,0.106926
-0.081932,-0.241476,0.087908
0.145965,-0.417074,0.137219
0.142199,-0.421758,0.133237
0.140636,-0.422815,0.136359
0.135153,-0.413137,0.132583
0.135634,-0.406143,0.139126
0.144927,-0.405199,0.132010
0.129926,-0.400010,0.134765
0.131789,-0.398521,0.132374
0.125114,-0.386326,0.129550
0.118848,-0.384107,0.133966
0.113594,-0.388324,0.135551
0.107901,-0.389921,0.122388
0.110031,-0.393973,0.135044
0.102182,-0.377192,0.132781
0.099647,-0.386657,0.124286
0.091501,-0.378481,0.125053
0.093048,-0.376877,0.126541
0.078680,-0.377754,0.121895
0.073732,-0.370681,0.124945
0.078997,-0.371712,0.122141
0.071231,-0.377304,0.109534
0.065335,-0.353829,0.120897
0.056649,-0.352684,0.119347
0.063630,-0.352114,0.114053
0.055791,-0.332488,0.128854
0.055572,-0.342900,0.132699
0.045393,-0.340148,0.116997
0.046594,-0.340244,0.127924
0.048031,-0.323030,0.142232
0.050581,-0.315557,0.127046
0.042396,-0.323183,0.132594
0.042067,-0.320056,0.133840
0.028193,-0.310244,0.133079
0.036112,-0.303359,0.131831
0.026182,-0.307332,0.129974
0.022665,-0.299079,0.135441
0.012228,-0.295439,0.132263
0.013822,-0.291833,0.128060
0.015216,-0.288028,0.131924
0.003633,-0.282499,0.136123
0.007309,-0.282134,0.133505
0.009511,-0.280047,0.135731
-0.000029,-0.283617,0.129361
-0.005542,-0.279862,0.122139
-0.016611,-0.280273,0.136866
-0.014697,-0.274409,0.122234
-0.020795,-0.275215,0.132886
-0.025831,-0.267123,0.123683
-0.034291,-0.261381,0.121817
-0.033602,-0.265947,0.109570
-0.043200,-0.263780,0.113384
-0.049797,-0.261070,0.118770
-0.057241,-0.256978,0.111505
-0.050581,-0.253281,0.112299
-0.070111,-0.252821,0.110793
-0.073018,-0.255074,0.115369
-0.083105,-0.255509,0.110696
-0.087229,-0.247642,0.107117
0.136246,-0.423528,0.133524
0.142703,-0.424216,0.132109
0.133296,-0.412635,0.141446
0.129831,-0.419030,0.137126
0.125078,-0.400602,0.140742
0.117748,-0.397563,0.128819
0.117375,-0.403273,0.138633
0.118866,-0.402527,0.132761
0.110633,-0.391426,0.141058
0.091125,-0.388286,0.138007
0.101416,-0.396618,0.130068
0.101584,-0.399230,0.132834
0.090738,-0.398034,0.137159
0.079570,-0.390214,0.125375
0.078902,-0.372536,0.132332
0.063981,-0.382413,0.115469
0.071702,-0.377173,0.131889
0.073973,-0.383201,0.123847
0.061047,-0.390747,0.123433
0.055622,-0.376767,0.114540
0.056273,-0.377755,0.114323
0.056688,-0.364680,0.127513
0.051173,-0.359938,0.120745
0.053658,-0.356883,0.123516
0.042289,-0.350819,0.123932
0.057783,-0.350048,0.131414
0.034995,-0.337243,0.131293
0.046104,-0.339634,0.129249
0.032097,-0.340415,0.128922
0.039193,-0.320267,0.137236
0.026502,-0.322859,0.130845
0.026608,-0.320158,0.131495
0.019955,-0.311119,0.141858
0.019818,-0.307042,0.127388
0.026804,-0.315117,0.134625
0.017483,-0.301564,0.128537
0.004645,-0.298367,0.135099
0.004791,-0.294430,0.137161
-0.005450,-0.296915,0.131365
-0.005144,-0.297025,0.132112
-0.002433,-0.286449,0.126063
-0.011758,-0.291056,0.120897
-0.016761,-0.286749,0.126608
-0.019430,-0.279202,0.115154
-0.022098,-0.277966,0.118843
-0.026769,-0.281126,0.127567
-0.038058,-0.280038,0.124807
-0.032344,-0.275044,0.125593
-0.049896,-0.271214,0.111502
-0.048034,-0.274859,0.126555
-0.054664,-0.264968,0.117468
-0.061368,-0.270996,0.116036
-0.067457,-0.263293,0.109948
-0.069776,-0.261498,0.109482
-0.074870,-0.268278,0.105779
-0.076618,-0.262694,0.106850
0.136908,-0.437719,0.137762
0.130730,-0.428100,0.128263
0.122488,-0.411817,0.129034
0.122986,-0.411663,0.137345
0.127678,-0.422641,0.138974
0.116721,-0.411085,0.134160
0.115065,-0.395061,0.142958
0.107298,-0.407367,0.141030
0.105377,-0.398034,0.144348
0.093933,-0.403736,0.139568
0.089206,-0.396217,0.128606
0.087130,-0.401193,0.125037
0.073541,-0.393941,0.122116
0.082068,-0.388855,0.122143
0.066268,-0.400283,0.117797
0.067122,-0.385032,0.122979
0.062125,-0.395635,0.115042
0.045106,-0.391276,0.121601
0.047620,-0.387664,0.114367
0.047206,-0.363812,0.127591
0.039296,-0.360712,0.118210
0.039293,-0.356376,0.127895
0.040099,-0.351308,0.128024
0.034333,-0.352731,0.129901
0.035507,-0.345804,0.129726
0.022883,-0.334008,0.133475
0.025905,-0.330725,0.123021
0.019430,-0.324422,0.137606
0.019067,-0.336332,0.125288
0.020797,-0.335269,0.127403
0.016292,-0.311536,0.132977
0.011938,-0.308369,0.138452
0.011951,-0.306212,0.134768
-0.001494,-0.309674,0.127978
-0.002081,-0.311524,0.126976
-0.006993,-0.302334,0.125716
-0.008183,-0.306537,0.123546
-0.019830,-0.300104,0.134693
-0.021710,-0.293044,0.124272
-0.023583,-0.302463,0.126145
-0.032925,-0.296386,0.107728
-0.039622,-0.285928,0.121346
-0.042773,-0.300730,0.117979
-0.039469,-0.280755,0.118596
-0.045270,-0.284371,0.121160
-0.056549,-0.283001,0.117443
-0.060555,-0.277666,0.119153
-0.066741,-0.280525,0.116264
-0.068718,-0.271219,0.109980
-0.076754,-0.274594,0.098763
-0.084342,-0.274372,0.114053
-0.087138,-0.272809,0.103082
0.119891,-0.424213,0.134786
0.113009,-0.421090,0.143475
0.119901,-0.416027,0.134135
0.106169,-0.417160,0.139122
0.110822,-0.416482,0.130797
0.105981,-0.406394,0.139950
0.096285,-0.398407,0.129514
0.089559,-0.396488,0.129062
0.082764,-0.402131,0.132950
0.078560,-0.400543,0.129097
0.078935,-0.403646,0.129699
0.066304,-0.404220,0.117038
0.067303,-0.403766,0.124627
0.049282,-0.405393,0.102683
0.029710,-0.384720,0.113536
0.028915,-0.377864,0.127677
0.025503,-0.366078,0.127565
0.025211,-0.358879,0.133137
0.027370,-0.361660,0.140967
0.018846,-0.357701,0.126335
0.018435,-0.347392,0.124180
0.010939,-0.345572,0.128647
0.021279,-0.340315,0.130253
0.004577,-0.338336,0.132151
0.010637,-0.335188,0.126876
0.002855,-0.330519,0.130401
-0.002663,-0.333807,0.137583
-0.000891,-0.325228,0.121378
-0.004865,-0.315806,0.133268
-0.005093,-0.313423,0.121993
-0.019979,-0.311308,0.127833
-0.020662,-0.315940,0.126627
-0.023407,-0.308528,0.122774
-0.036977,-0.303547,0.126240
-0.030700,-0.303837,0.126030
-0.033368,-0.300780,0.127696
-0.040314,-0.307634,0.117747
-0.051443,-0.298165,0.123227
-0.050419,-0.294089,0.118071
-0.058784,-0.295504,0.111528
-0.056444,-0.283611,0.112774
-0.071608,-0.281172,0.120416
-0.073462,-0.279630,0.117530
-0.078082,-0.284057,0.103684
-0.080204,-0.285639,0.111017
-0.091603,-0.275926,0.106367
0.108869,-0.427459,0.140987
0.106416,-0.422665,0.138202
0.099316,-0.419456,0.140106
0.100258,-0.418857,0.143265
0.076653,-0.418887,0.132861
0.089660,-0.419295,0.143486
0.077152,-0.416470,0.133039
0.068771,-0.414117,0.120983
0.068447,-0.421069,0.129728
0.063810,-0.404993,0.118802
-0.002964,-0.408803,0.095540
-0.007401,-0.407489,0.091547
0.023543,-0.382974,0.125318
0.022661,-0.376747,0.125162
0.014004,-0.362596,0.128051
0.012936,-0.359630,0.118270
0.018526,-0.359757,0.129094
0.001298,-0.353738,0.127478
0.006535,-0.340686,0.118612
-0.004853,-0.348215,0.116415
-0.019726,-0.345713,0.117757
-0.012681,-0.337233,0.125419
-0.011130,-0.333722,0.118561
-0.015475,-0.331742,0.126892
-0.015453,-0.335384,0.125591
-0.026003,-0.329757,0.122591
-0.034422,-0.320819,0.133196
-0.033500,-0.312295,0.132683
-0.046926,-0.320450,0.124002
-0.041305,-0.312522,0.122954
-0.041737,-0.304842,0.118579
-0.048192,-0.307551,0.117588
-0.056035,-0.296333,0.120784
-0.055489,-0.311077,0.127985
-0.069850,-0.306993,0.122408
-0.072489,-0.295548,0.110586
-0.072282,-0.307485,0.118184
-0.078532,-0.286835,0.111059
-0.083948,-0.290748,0.112573
-0.087532,-0.291816,0.105809
-0.119228,-0.295872,0.089513
-0.009298,-0.399491,0.107263
-0.006089,-0.399424,0.109082
-0.007570,-0.398888,0.115708
-0.008094,-0.380432,0.113328
-0.007498,-0.384654,0.112843
-0.013268,-0.380485,0.114452
-0.013773,-0.374516,0.115472
-0.014553,-0.368774,0.115216
-0.019875,-0.352039,0.120852
-0.025393,-0.361528,0.124972
-0.025982,-0.358314,0.123945
-0.015823,-0.348452,0.114782
-0.025295,-0.337618,0.125299
-0.026153,-0.339835,0.120659
-0.034078,-0.327859,0.117873
-0.034687,-0.327797,0.122226
-0.039440,-0.317365,0.125181
-0.048115,-0.316826,0.126509
-0.040293,-0.321970,0.117120
-0.051655,-0.319499,0.117780
-0.058991,-0.314926,0.122896
-0.058604,-0.304365,0.116714
-0.070677,-0.306094,0.120028
-0.077043,-0.310775,0.118390
-0.088480,-0.295899,0.119147
-0.078000,-0.298863,0.110772
-0.090531,-0.299044,0.112275
-0.093858,-0.300205,0.107725
-0.114995,-0.306125,0.106893
-0.008680,-0.398577,0.108758
-0.007692,-0.397949,0.103200
-0.005250,-0.390139,0.114026
-0.010420,-0.391446,0.116998
-0.013998,-0.368415,0.117331
-0.009845,-0.378595,0.120020
-0.020691,-0.383542,0.117835
-0.024350,-0.363254,0.117490
-0.031005,-0.366823,0.119726
-0.018515,-0.357454,0.116896
-0.027740,-0.336759,0.133322
-0.037933,-0.339642,0.125557
-0.040501,-0.343376,0.117996
-0.040554,-0.341246,0.121474
-0.044825,-0.329327,0.121406
-0.032780,-0.324724,0.120145
-0.057522,-0.328601,0.123789
-0.057604,-0.332356,0.129729
-0.061326,-0.313486,0.124625
-0.064758,-0.316768,0.128949
-0.070426,-0.316774,0.116118
-0.077144,-0.318741,0.117811
-0.081388,-0.305187,0.111442
-0.079857,-0.310913,0.114416
-0.079301,-0.308417,0.128266
-0.092272,-0.305928,0.122340
-0.107076,-0.313301,0.111681
-0.011642,-0.400760,0.105921
-0.017748,-0.402366,0.108181
-0.018281,-0.394498,0.113824
-0.009948,-0.391103,0.116921
-0.023519,-0.382215,0.122293
-0.032362,-0.380346,0.119061
-0.029572,-0.383285,0.125886
-0.022861,-0.363749,0.128354
-0.028614,-0.362435,0.123328
-0.039921,-0.354063,0.120504
-0.048255,-0.348689,0.122774
-0.057781,-0.348512,0.125975
-0.055930,-0.343271,0.123201
-0.047946,-0.346968,0.120166
-0.058285,-0.334071,0.119831
-0.052174,-0.343423,0.120262
-0.063402,-0.323391,0.124007
-0.065565,-0.326329,0.126760
-0.065870,-0.329389,0.133589
-0.066234,-0.316984,0.126018
-0.080342,-0.318788,0.128653
-0.086591,-0.317174,0.123343
-0.097554,-0.316471,0.112168
-0.087624,-0.309836,0.109375
-0.106896,-0.323022,0.108660
-0.018370,-0.395095,0.117538
-0.029450,-0.394264,0.122200
-0.028222,-0.383957,0.116868
-0.030581,-0.388158,0.126463
-0.029135,-0.377419,0.125634
-0.032057,-0.372136,0.126874
-0.028161,-0.370534,0.123813
-0.042202,-0.371465,0.121096
-0.036307,-0.359425,0.129776
-0.051347,-0.358105,0.135933
-0.057284,-0.365061,0.124268
-0.050195,-0.350447,0.129517
-0.059587,-0.349900,0.126439
-0.058211,-0.346549,0.125970
-0.066019,-0.335974,0.127351
-0.063193,-0.340311,0.123461
-0.067834,-0.335656,0.128338
-0.070187,-0.332613,0.129957
-0.076902,-0.328729,0.118710
-0.079302,-0.325636,0.121909
-0.093302,-0.323544,0.126171
-0.094711,-0.315700,0.121791
-0.102042,-0.321608,0.117066
-0.040202,-0.397552,0.128117
-0.027987,-0.398744,0.128321
-0.037001,-0.398625,0.130446
-0.029958,-0.388509,0.131614
-0.039895,-0.375915,0.118599
-0.033153,-0.380412,0.129642
-0.043798,-0.370020,0.129778
-0.049407,-0.364643,0.128645
-0.054087,-0.365535,0.127296
-0.047100,-0.356561,0.132673
-0.060680,-0.350593,0.138347
-0.061537,-0.351914,0.131292
-0.053124,-0.354659,0.124061
-0.065370,-0.350534,0.128518
-0.071174,-0.340781,0.127110
-0.081295,-0.331457,0.122771
-0.074405,-0.336895,0.129268
-0.072090,-0.331260,0.118820
-0.089969,-0.330691,0.122432
-0.098815,-0.327208,0.121154
-0.101439,-0.332223,0.118835
-0.037425,-0.396039,0.129386
-0.037589,-0.401976,0.113275
-0.037316,-0.387881,0.128240
-0.039302,-0.390644,0.126553
-0.042100,-0.378179,0.126877
-0.049271,-0.379331,0.133484
-0.054375,-0.374224,0.130171
-0.063715,-0.370070,0.122214
-0.059345,-0.356730,0.137192
-0.056007,-0.357642,0.136498
-0.064534,-0.358436,0.131762
-0.073511,-0.356078,0.133956
-0.083872,-0.341742,0.134424
-0.074013,-0.345009,0.133539
-0.080008,-0.341224,0.118497
-0.085561,-0.334178,0.115901
-0.084045,-0.345525,0.130426
-0.090447,-0.331984,0.125271
-0.097728,-0.345156,0.125836
-0.035540,-0.398081,0.126855
-0.043333,-0.394570,0.122593
-0.050257,-0.390756,0.129003
-0.042764,-0.393212,0.135383
-0.055057,-0.387630,0.136474
-0.050761,-0.376712,0.142780
-0.057083,-0.379153,0.132174
-0.068446,-0.374318,0.132598
-0.068940,-0.362563,0.145348
-0.065822,-0.353257,0.127496
-0.072784,-0.359388,0.138498
-0.077131,-0.359328,0.133417
-0.084479,-0.356201,0.136637
-0.091966,-0.355026,0.137666
-0.092519,-0.343237,0.134956
-0.095684,-0.348760,0.128400
-0.099807,-0.348299,0.129419
-0.121005,-0.363896,0.110523
-0.058895,-0.388618,0.135305
-0.052332,-0.392045,0.133504
-0.063050,-0.395528,0.135887
-0.071054,-0.395900,0.138290
-0.063385,-0.381754,0.134085
-0.064709,-0.376984,0.138546
-0.071200,-0.369677,0.130581
-0.077153,-0.373939,0.139082
-0.071739,-0.357928,0.138692
-0.089723,-0.365216,0.135374
-0.088056,-0.363581,0.135612
-0.089866,-0.358119,0.139683
-0.101778,-0.349312,0.125942
-0.109046,-0.354311,0.122126
-0.119200,-0.367060,0.107843
-0.054292,-0.401577,0.134490
-0.061968,-0.392813,0.129593
-0.059088,-0.393706,0.140458
-0.075465,-0.388538,0.140037
-0.072770,-0.382637,0.131668
-0.070770,-0.372829,0.135924
-0.083349,-0.360046,0.140452
-0.085433,-0.366543,0.137576
-0.082188,-0.366808,0.131316
-0.101733,-0.370751,0.130580
-0.100333,-0.360404,0.122978
-0.110317,-0.365839,0.125184
-0.074918,-0.391923,0.136256
-0.076663,-0.387978,0.137911
-0.074685,-0.390844,0.137679
-0.089066,-0.379429,0.126805
-0.090696,-0.377391,0.139886
-0.094849,-0.385747,0.126575
-0.089507,-0.361255,0.139578
-0.107111,-0.369800,0.125472
-0.109869,-0.382273,0.134500
-0.087382,-0.398349,0.135940
-0.084628,-0.390263,0.143957
-0.090826,-0.380728,0.136340
-0.094402,-0.384302,0.136140
-0.111551,-0.379114,0.136905
-0.115778,-0.382198,0.132546
