X,Y,Z
0.519507,-0.130409,-0.748165
0.520058,-0.129857,-0.746951
0.519320,-0.125346,-0.748501
0.518026,-0.138279,-0.750055
0.524621,-0.130076,-0.744932
0.523621,-0.130396,-0.744344
0.523253,-0.130656,-0.745645
0.522923,-0.129052,-0.742620
0.519643,-0.127494,-0.744513
0.519946,-0.124555,-0.744716
0.515110,-0.122364,-0.743327
0.516377,-0.123897,-0.744149
0.623304,-0.162813,-0.697508
0.621764,-0.160002,-0.699431
0.622246,-0.160346,-0.698171
0.619134,-0.159452,-0.698543
0.618995,-0.158900,-0.696928
0.618028,-0.156888,-0.697494
0.616224,-0.155409,-0.697476
0.616387,-0.154067,-0.698478
0.616111,-0.152525,-0.697663
0.613781,-0.153511,-0.697993
0.611777,-0.151739,-0.698627
0.611808,-0.149957,-0.699264
0.609333,-0.148598,-0.697690
0.608902,-0.148907,-0.699630
0.525340,-0.142561,-0.749720
0.526711,-0.140735,-0.747091
0.529276,-0.135168,-0.742430
0.528293,-0.132948,-0.740120
0.528655,-0.133032,-0.738797
0.527350,-0.130138,-0.738905
0.527102,-0.131257,-0.740460
0.525318,-0.130615,-0.738843
0.523314,-0.129494,-0.739518
0.520308,-0.125939,-0.740797
0.521587,-0.126772,-0.740419
0.519728,-0.126595,-0.740634
0.518269,-0.123578,-0.740080
0.518850,-0.123978,-0.740093
0.516952,-0.121600,-0.741638
0.633817,-0.166982,-0.695813
0.633904,-0.165981,-0.694640
0.630627,-0.167482,-0.694880
0.628802,-0.164644,-0.694164
0.627160,-0.164595,-0.693973
0.626439,-0.162547,-0.695452
0.625072,-0.161584,-0.691760
0.624255,-0.161261,-0.694693
0.624025,-0.162155,-0.694269
0.623077,-0.159823,-0.694681
0.622583,-0.157941,-0.693433
0.620738,-0.157089,-0.695417
0.616886,-0.155237,-0.694558
0.616847,-0.154497,-0.694423
0.616991,-0.153290,-0.694688
0.615076,-0.154600,-0.696493
0.613876,-0.152999,-0.692869
0.611445,-0.150939,-0.695590
0.611919,-0.149476,-0.695578
0.612580,-0.148920,-0.695422
0.607674,-0.146490,-0.695582
0.606690,-0.146757,-0.695351
0.607701,-0.146721,-0.694884
0.606887,-0.144780,-0.695495
0.605059,-0.143700,-0.695499
0.602481,-0.141316,-0.696627
0.528806,-0.150202,-0.746888
0.529948,-0.145683,-0.743646
0.532110,-0.141395,-0.740786
0.532362,-0.138652,-0.737262
0.531426,-0.136146,-0.737329
0.530208,-0.136977,-0.736900
0.531458,-0.133294,-0.736955
0.531072,-0.133623,-0.734280
0.528283,-0.131934,-0.734870
0.527565,-0.130713,-0.736960
0.526138,-0.130760,-0.734560
0.525680,-0.127183,-0.735772
0.523834,-0.127832,-0.735984
0.523839,-0.126084,-0.735778
0.522755,-0.126376,-0.735038
0.519566,-0.124235,-0.736158
0.519043,-0.123072,-0.736749
0.518269,-0.121251,-0.736196
0.519025,-0.122414,-0.734423
0.514841,-0.119623,-0.737553
0.515291,-0.119381,-0.737930
0.637703,-0.171309,-0.690097
0.636757,-0.170385,-0.689776
0.637086,-0.168946,-0.689766
0.633922,-0.167746,-0.688155
0.632963,-0.166413,-0.690728
0.631945,-0.166704,-0.689785
0.632591,-0.165375,-0.691173
0.629671,-0.162968,-0.689122
0.629977,-0.163080,-0.690649
0.628622,-0.163498,-0.690623
0.627447,-0.160219,-0.689335
0.624580,-0.159597,-0.690559
0.622872,-0.160479,-0.690629
0.622234,-0.157055,-0.691130
0.621695,-0.154804,-0.691444
0.621413,-0.156420,-0.692167
0.620073,-0.154608,-0.690426
0.619216,-0.153463,-0.691236
0.617262,-0.153232,-0.691581
0.614870,-0.151925,-0.689789
0.614287,-0.150406,-0.690568
0.613891,-0.151285,-0.691340
0.612894,-0.149761,-0.692765
0.612733,-0.145046,-0.692951
0.610134,-0.144288,-0.692468
0.610611,-0.144919,-0.692274
0.607852,-0.144906,-0.691298
0.605795,-0.144001,-0.692406
0.605353,-0.141796,-0.692885
0.604293,-0.142485,-0.692271
0.604205,-0.141047,-0.691897
0.601338,-0.139586,-0.693058
0.600761,-0.138740,-0.692581
0.533059,-0.151185,-0.741253
0.535669,-0.146078,-0.737800
0.538580,-0.142775,-0.733700
0.537490,-0.139638,-0.733230
0.537724,-0.140066,-0.732887
0.536443,-0.136640,-0.731840
0.535982,-0.137254,-0.730774
0.532733,-0.136901,-0.732305
0.534359,-0.133254,-0.732135
0.533411,-0.134076,-0.731465
0.532049,-0.132374,-0.731046
0.528894,-0.131429,-0.732273
0.528485,-0.129077,-0.732810
0.527460,-0.126715,-0.732062
0.525985,-0.127477,-0.729708
0.525382,-0.125465,-0.730644
0.525504,-0.124146,-0.731436
0.523241,-0.123359,-0.733271
0.522323,-0.123294,-0.732228
0.520943,-0.121403,-0.734308
0.520709,-0.121714,-0.731792
0.518699,-0.120187,-0.731599
0.517730,-0.118490,-0.733307
0.516655,-0.116894,-0.732825
0.514855,-0.117526,-0.732291
0.512540,-0.117097,-0.732383
0.642893,-0.175223,-0.686244
0.640511,-0.175348,-0.685450
0.641869,-0.173496,-0.685939
0.639859,-0.171267,-0.686712
0.641576,-0.170408,-0.685870
0.636535,-0.169385,-0.685633
0.637805,-0.169234,-0.686948
0.635882,-0.169475,-0.688100
0.636228,-0.167454,-0.687530
0.632793,-0.165532,-0.686922
0.631834,-0.163719,-0.684978
0.630684,-0.162466,-0.686393
0.628782,-0.161927,-0.686714
0.629784,-0.162364,-0.686983
0.627417,-0.158793,-0.687808
0.626111,-0.158264,-0.687734
0.625018,-0.157885,-0.686684
0.625135,-0.155962,-0.687895
0.624379,-0.157586,-0.686224
0.621460,-0.156974,-0.687901
0.621225,-0.153726,-0.686898
0.618010,-0.152754,-0.687153
0.618559,-0.151678,-0.688973
0.616335,-0.151288,-0.688870
0.617618,-0.150405,-0.688470
0.616199,-0.148413,-0.689219
0.613620,-0.148745,-0.687116
0.612713,-0.146451,-0.687663
0.612700,-0.144490,-0.689618
0.608727,-0.145178,-0.690014
0.608146,-0.143433,-0.688801
0.606496,-0.143766,-0.687137
0.606134,-0.141934,-0.688854
0.605626,-0.140719,-0.688280
0.604144,-0.139002,-0.687396
0.604656,-0.139893,-0.689738
0.603427,-0.137420,-0.688607
0.599638,-0.136032,-0.687394
0.600159,-0.134779,-0.686862
0.540739,-0.151414,-0.738662
0.545605,-0.145087,-0.730723
0.544879,-0.143170,-0.727545
0.541083,-0.143717,-0.728222
0.539945,-0.141290,-0.727842
0.539505,-0.140752,-0.728210
0.540405,-0.137425,-0.728450
0.537136,-0.139257,-0.730213
0.537356,-0.136849,-0.728916
0.536721,-0.134651,-0.728253
0.535772,-0.136413,-0.728628
0.534541,-0.135588,-0.729216
0.533046,-0.132274,-0.728278
0.532059,-0.131287,-0.729106
0.533198,-0.128729,-0.728096
0.531408,-0.128756,-0.729553
0.529964,-0.128637,-0.728159
0.529964,-0.125558,-0.727447
0.527253,-0.124624,-0.727726
0.525485,-0.125435,-0.726885
0.525052,-0.123389,-0.728868
0.523753,-0.123244,-0.729474
0.521763,-0.120019,-0.728873
0.520021,-0.120159,-0.730698
0.518821,-0.120286,-0.728957
0.517971,-0.119757,-0.730538
0.516254,-0.118578,-0.731387
0.514042,-0.117393,-0.729973
0.511429,-0.115116,-0.733416
0.648907,-0.178613,-0.681534
0.646782,-0.176124,-0.681656
0.648931,-0.175135,-0.682549
0.644996,-0.174574,-0.681796
0.645984,-0.174163,-0.682459
0.643237,-0.175234,-0.681516
0.642668,-0.173896,-0.683265
0.640133,-0.170481,-0.682286
0.639186,-0.169991,-0.681939
0.637912,-0.167298,-0.682242
0.639749,-0.167697,-0.683196
0.635645,-0.166358,-0.683355
0.635601,-0.167218,-0.683791
0.633680,-0.167106,-0.683956
0.634502,-0.162975,-0.683162
0.632869,-0.162251,-0.682835
0.629861,-0.164135,-0.683637
0.630182,-0.160797,-0.681044
0.629600,-0.160319,-0.683756
0.626329,-0.158228,-0.683436
0.623568,-0.156876,-0.685305
0.624895,-0.154522,-0.683762
0.622418,-0.154561,-0.682461
0.622011,-0.154566,-0.682792
0.622634,-0.153849,-0.683186
0.619558,-0.152618,-0.684550
0.621217,-0.150431,-0.685681
0.618341,-0.149841,-0.684530
0.617040,-0.149707,-0.683862
0.616532,-0.146346,-0.685021
0.613846,-0.146757,-0.684573
0.614196,-0.145500,-0.683600
0.612073,-0.143463,-0.683265
0.610920,-0.144429,-0.684489
0.611185,-0.141467,-0.684012
0.609142,-0.141181,-0.684957
0.608255,-0.139568,-0.685299
0.607166,-0.139255,-0.686410
0.605582,-0.139275,-0.684424
0.603688,-0.138483,-0.684851
0.603850,-0.137357,-0.686825
0.602120,-0.134518,-0.683598
0.600579,-0.136651,-0.685217
0.599963,-0.132997,-0.685058
0.598760,-0.132512,-0.686219
0.550551,-0.146211,-0.722998
0.548336,-0.146561,-0.726802
0.549074,-0.147382,-0.725043
0.547311,-0.145161,-0.725315
0.545634,-0.142286,-0.724210
0.545214,-0.143052,-0.724727
0.543390,-0.140707,-0.725271
0.542847,-0.140127,-0.725346
0.541923,-0.141924,-0.724988
0.540587,-0.139190,-0.727273
0.539464,-0.137781,-0.727006
0.538477,-0.136945,-0.724789
0.537551,-0.133505,-0.727418
0.534699,-0.135446,-0.726623
0.535405,-0.133747,-0.726069
0.533204,-0.132598,-0.724504
0.533333,-0.130412,-0.724991
0.532224,-0.130048,-0.726221
0.528787,-0.127889,-0.725548
0.529519,-0.126170,-0.725014
0.529395,-0.124765,-0.725122
0.527558,-0.124280,-0.725078
0.525182,-0.122786,-0.725184
0.522578,-0.123838,-0.725052
0.522946,-0.123741,-0.725734
0.521483,-0.120383,-0.727124
0.519601,-0.119414,-0.725989
0.518253,-0.119584,-0.728110
0.516960,-0.118358,-0.727197
0.515431,-0.119050,-0.728894
0.513273,-0.118431,-0.728688
0.512350,-0.117651,-0.729504
0.511685,-0.116475,-0.727931
0.653175,-0.180878,-0.680626
0.652158,-0.180345,-0.677763
0.651159,-0.176924,-0.677647
0.649629,-0.176424,-0.679517
0.646988,-0.177940,-0.679729
0.648091,-0.174908,-0.679398
0.644676,-0.174535,-0.677935
0.644040,-0.171936,-0.678803
0.644345,-0.171069,-0.678479
0.644084,-0.171112,-0.679716
0.641825,-0.170814,-0.678847
0.641631,-0.168042,-0.679282
0.639851,-0.165702,-0.678844
0.638709,-0.167184,-0.678554
0.638513,-0.164858,-0.680217
0.636163,-0.163696,-0.678966
0.636475,-0.163956,-0.681152
0.634892,-0.162553,-0.679152
0.633253,-0.161856,-0.680024
0.632013,-0.160582,-0.678326
0.630658,-0.158768,-0.679955
0.628965,-0.158267,-0.679067
0.627385,-0.156610,-0.680049
0.628094,-0.154980,-0.680585
0.625472,-0.155945,-0.680795
0.625738,-0.154172,-0.680246
0.626773,-0.155458,-0.681023
0.623046,-0.152306,-0.680546
0.622275,-0.149782,-0.680739
0.620794,-0.149098,-0.679779
0.618144,-0.148326,-0.679946
0.617838,-0.149628,-0.680981
0.616621,-0.146465,-0.681378
0.614642,-0.147145,-0.682563
0.615842,-0.146150,-0.681348
0.613922,-0.144681,-0.681920
0.612550,-0.141352,-0.680559
0.612092,-0.142558,-0.681550
0.610390,-0.140040,-0.680600
0.609698,-0.139483,-0.682079
0.607378,-0.138630,-0.680838
0.606223,-0.136846,-0.682057
0.605510,-0.137548,-0.680501
0.604852,-0.136768,-0.681863
0.602161,-0.132314,-0.681860
0.601815,-0.132077,-0.681280
0.602823,-0.134122,-0.683886
0.599676,-0.131023,-0.682597
0.597948,-0.130694,-0.681693
0.557409,-0.150781,-0.720485
0.554820,-0.149961,-0.719196
0.554086,-0.149036,-0.719354
0.553614,-0.148850,-0.722501
0.550952,-0.147263,-0.720119
0.550765,-0.145498,-0.721946
0.549322,-0.145070,-0.721025
0.548409,-0.143944,-0.722930
0.547037,-0.141609,-0.723833
0.549316,-0.142184,-0.722493
0.542675,-0.140153,-0.722740
0.542887,-0.141144,-0.723213
0.541874,-0.138464,-0.723635
0.540915,-0.135623,-0.725459
0.539074,-0.137337,-0.723489
0.538035,-0.136654,-0.721483
0.538930,-0.134706,-0.722037
0.538248,-0.133108,-0.723934
0.535158,-0.133173,-0.723514
0.533663,-0.130639,-0.723576
0.533771,-0.130376,-0.721240
0.532034,-0.130146,-0.722722
0.530979,-0.128947,-0.724649
0.528911,-0.126593,-0.722976
0.527842,-0.125409,-0.722322
0.527479,-0.125636,-0.722093
0.526173,-0.125154,-0.723057
0.525877,-0.122696,-0.723119
0.523789,-0.124363,-0.724544
0.520500,-0.121893,-0.724072
0.519945,-0.122589,-0.725003
0.517967,-0.120159,-0.725195
0.518079,-0.119665,-0.726541
0.515818,-0.119873,-0.727722
0.514097,-0.116829,-0.728052
0.512689,-0.115988,-0.726388
0.510581,-0.116577,-0.727453
0.509221,-0.114540,-0.728317
0.656798,-0.181728,-0.675861
0.655580,-0.181824,-0.675678
0.654177,-0.178628,-0.672991
0.654229,-0.178300,-0.676319
0.651405,-0.176841,-0.676184
0.650993,-0.176480,-0.676048
0.650430,-0.174946,-0.675306
0.648667,-0.173968,-0.674538
0.649154,-0.173146,-0.674897
0.646617,-0.171082,-0.674659
0.644806,-0.170652,-0.675265
0.645575,-0.169944,-0.675312
0.642372,-0.168311,-0.676501
0.641987,-0.168910,-0.674920
0.641797,-0.166874,-0.676418
0.639320,-0.163867,-0.675961
0.638689,-0.163859,-0.676376
0.637231,-0.162114,-0.676034
0.634530,-0.162391,-0.676081
0.634978,-0.160624,-0.675686
0.633741,-0.158701,-0.675741
0.632985,-0.160578,-0.676555
0.630459,-0.158662,-0.677483
0.630628,-0.156229,-0.676372
0.628912,-0.156223,-0.678310
0.628055,-0.155336,-0.675934
0.627486,-0.154649,-0.676032
0.624601,-0.154350,-0.678834
0.625872,-0.151657,-0.677287
0.624084,-0.151996,-0.676450
0.622486,-0.151720,-0.677908
0.620980,-0.151042,-0.677712
0.620095,-0.147461,-0.676643
0.618556,-0.147041,-0.677784
0.618170,-0.145202,-0.675993
0.616565,-0.143508,-0.677880
0.615927,-0.143594,-0.678775
0.613497,-0.143446,-0.677572
0.614034,-0.141267,-0.677955
0.612143,-0.140486,-0.677983
0.611364,-0.139824,-0.680947
0.609964,-0.137866,-0.677464
0.608152,-0.137847,-0.676100
0.606351,-0.136763,-0.678537
0.605733,-0.135481,-0.679817
0.603188,-0.133755,-0.677840
0.603360,-0.133196,-0.678517
0.602741,-0.132505,-0.679766
0.601792,-0.131227,-0.677873
0.598162,-0.131090,-0.679192
0.600048,-0.129688,-0.678573
0.597620,-0.128725,-0.677980
0.596538,-0.126651,-0.678934
0.564450,-0.153296,-0.715865
0.566062,-0.153560,-0.717609
0.563234,-0.153808,-0.716240
0.560699,-0.152932,-0.715688
0.561354,-0.153228,-0.718879
0.558051,-0.152194,-0.716723
0.557606,-0.151294,-0.716526
0.557721,-0.149679,-0.717546
0.555294,-0.148596,-0.719063
0.555633,-0.148504,-0.717103
0.552468,-0.147293,-0.717244
0.552379,-0.145781,-0.717854
0.550145,-0.145063,-0.718660
0.547873,-0.144467,-0.718139
0.546637,-0.143057,-0.718198
0.546569,-0.140955,-0.718800
0.547249,-0.140887,-0.716691
0.543395,-0.139037,-0.719246
0.542633,-0.137654,-0.718392
0.541581,-0.136522,-0.720758
0.541510,-0.134690,-0.719311
0.540219,-0.136086,-0.720961
0.537850,-0.133759,-0.719326
0.535787,-0.133971,-0.720064
0.536069,-0.130627,-0.720153
0.535061,-0.131303,-0.719912
0.531326,-0.127696,-0.720098
0.532391,-0.130708,-0.719478
0.530929,-0.129833,-0.721938
0.529789,-0.126347,-0.718856
0.528739,-0.124962,-0.721440
0.526295,-0.127698,-0.721942
0.524726,-0.124014,-0.722462
0.524727,-0.123940,-0.722522
0.521568,-0.122980,-0.722199
0.521239,-0.121019,-0.723107
0.518021,-0.120596,-0.723050
0.518236,-0.120834,-0.725454
0.516824,-0.120138,-0.722577
0.514475,-0.119220,-0.723216
0.514624,-0.118750,-0.724376
0.511949,-0.117445,-0.725891
0.512946,-0.116632,-0.726673
0.509198,-0.114351,-0.725735
0.659618,-0.182419,-0.668776
0.658984,-0.181226,-0.670456
0.658106,-0.179391,-0.670416
0.656000,-0.180220,-0.669850
0.653258,-0.178287,-0.670865
0.655433,-0.177895,-0.673248
0.653512,-0.175466,-0.671443
0.653835,-0.174246,-0.671326
0.650571,-0.175279,-0.671948
0.649536,-0.173572,-0.671504
0.648658,-0.171317,-0.671606
0.648007,-0.171627,-0.672779
0.646968,-0.170119,-0.673216
0.643920,-0.168584,-0.671105
0.645131,-0.168714,-0.674857
0.642761,-0.165771,-0.673516
0.642464,-0.164339,-0.673637
0.639049,-0.165463,-0.674485
0.638229,-0.163131,-0.672275
0.637090,-0.162619,-0.672575
0.636701,-0.163211,-0.672036
0.635188,-0.161431,-0.672908
0.635667,-0.160450,-0.673609
0.633516,-0.158031,-0.673454
0.632583,-0.160338,-0.674564
0.631185,-0.155539,-0.673906
0.629084,-0.155846,-0.673379
0.629288,-0.154574,-0.673840
0.628755,-0.153974,-0.672892
0.627507,-0.151556,-0.673483
0.622264,-0.152532,-0.674630
0.625279,-0.150872,-0.673521
0.622876,-0.148104,-0.672098
0.623578,-0.148710,-0.673787
0.622015,-0.146852,-0.673218
0.620250,-0.146141,-0.673679
0.617734,-0.145902,-0.673805
0.616332,-0.144411,-0.674643
0.614291,-0.142936,-0.674992
0.616657,-0.142730,-0.673733
0.614867,-0.140597,-0.675904
0.612917,-0.138876,-0.673829
0.612266,-0.138572,-0.674068
0.610323,-0.137724,-0.674677
0.610509,-0.137225,-0.674079
0.609419,-0.136310,-0.673676
0.608748,-0.134284,-0.673156
0.606079,-0.134041,-0.676049
0.603529,-0.133149,-0.676739
0.604226,-0.131382,-0.674735
0.602389,-0.130718,-0.675641
0.601061,-0.129990,-0.674203
0.599648,-0.128116,-0.674832
0.598079,-0.127391,-0.673692
0.596943,-0.126372,-0.676268
0.597761,-0.125961,-0.673697
0.564799,-0.151839,-0.713057
0.562970,-0.153063,-0.711817
0.564794,-0.151125,-0.711065
0.561249,-0.153292,-0.713229
0.561520,-0.150369,-0.712742
0.558698,-0.148958,-0.713215
0.557854,-0.146566,-0.714723
0.556106,-0.146994,-0.716322
0.555111,-0.145342,-0.715968
0.552419,-0.145444,-0.714584
0.553417,-0.145454,-0.715344
0.552005,-0.144057,-0.715177
0.549836,-0.141280,-0.715589
0.549139,-0.142777,-0.714241
0.546227,-0.141101,-0.717521
0.546875,-0.140253,-0.717477
0.545187,-0.138196,-0.715568
0.543166,-0.138492,-0.715512
0.543257,-0.136503,-0.717223
0.541440,-0.137461,-0.717725
0.539539,-0.135368,-0.715569
0.539046,-0.134257,-0.716199
0.537654,-0.132779,-0.718576
0.536316,-0.132878,-0.714974
0.532534,-0.129913,-0.717168
0.534986,-0.131065,-0.718631
0.533281,-0.130585,-0.719492
0.531229,-0.128733,-0.719094
0.529038,-0.129337,-0.718321
0.529035,-0.126457,-0.718929
0.526383,-0.124365,-0.719793
0.524870,-0.123946,-0.717955
0.524458,-0.122335,-0.719964
0.522725,-0.122833,-0.720044
0.520111,-0.121360,-0.720082
0.519709,-0.121449,-0.718807
0.517847,-0.121360,-0.721014
0.516337,-0.119303,-0.722593
0.512764,-0.118886,-0.722875
0.512661,-0.116808,-0.722968
0.512155,-0.118824,-0.722430
0.510765,-0.117063,-0.722405
0.507876,-0.115058,-0.724844
0.508390,-0.115402,-0.723439
0.662445,-0.183211,-0.666587
0.665136,-0.183201,-0.668268
0.663264,-0.181740,-0.668099
0.659940,-0.179946,-0.666724
0.659654,-0.179294,-0.666641
0.658218,-0.177579,-0.665706
0.655182,-0.178130,-0.667328
0.656325,-0.175944,-0.667609
0.653395,-0.175531,-0.668439
0.651534,-0.173434,-0.669016
0.651998,-0.172536,-0.667753
0.651011,-0.170537,-0.668998
0.647798,-0.171042,-0.666108
0.649650,-0.168916,-0.669124
0.646836,-0.169141,-0.668838
0.645614,-0.168351,-0.669469
0.645407,-0.169524,-0.668812
0.643254,-0.167577,-0.669093
0.643684,-0.163738,-0.670426
0.641002,-0.164681,-0.668162
0.642117,-0.161714,-0.670603
0.638680,-0.161168,-0.671181
0.637937,-0.161255,-0.667299
0.636143,-0.159580,-0.668979
0.635138,-0.159454,-0.669556
0.635498,-0.155991,-0.670717
0.631599,-0.157615,-0.669944
0.631620,-0.155637,-0.669961
0.631729,-0.152873,-0.669618
0.629398,-0.151579,-0.671048
0.630875,-0.155074,-0.667856
0.628015,-0.151450,-0.669547
0.626918,-0.151411,-0.670603
0.625187,-0.149047,-0.667602
0.625106,-0.149107,-0.671108
0.622033,-0.146396,-0.669638
0.623779,-0.146386,-0.670102
0.620935,-0.145683,-0.668315
0.618800,-0.145379,-0.671912
0.618553,-0.143627,-0.670990
0.618336,-0.141793,-0.670011
0.616103,-0.142550,-0.671458
0.614778,-0.141120,-0.670956
0.613728,-0.137639,-0.671605
0.611819,-0.138904,-0.671441
0.610453,-0.137485,-0.670354
0.610664,-0.137283,-0.670733
0.609097,-0.134675,-0.672172
0.608573,-0.135644,-0.670464
0.606320,-0.132938,-0.671392
0.604622,-0.132406,-0.670913
0.605280,-0.130573,-0.671533
0.604866,-0.129322,-0.672955
0.602542,-0.128389,-0.671369
0.602717,-0.126972,-0.671947
0.600581,-0.126544,-0.672534
0.598495,-0.125859,-0.672609
0.600233,-0.123617,-0.671815
0.596543,-0.124269,-0.674770
0.566309,-0.151519,-0.708744
0.563992,-0.149908,-0.707965
0.562110,-0.150025,-0.707775
0.561760,-0.150068,-0.710601
0.560505,-0.147415,-0.709460
0.558383,-0.144799,-0.710090
0.556162,-0.147052,-0.709455
0.556316,-0.145428,-0.709951
0.555407,-0.143329,-0.711793
0.553110,-0.142553,-0.711338
0.550136,-0.141148,-0.710467
0.549297,-0.141184,-0.710943
0.549903,-0.141435,-0.712936
0.548398,-0.139897,-0.712484
0.547299,-0.141125,-0.713066
0.544964,-0.138566,-0.712761
0.543101,-0.137670,-0.713330
0.540869,-0.135820,-0.712836
0.541650,-0.137490,-0.714818
0.541184,-0.135486,-0.713877
0.539221,-0.133574,-0.712964
0.535662,-0.133524,-0.714974
0.536092,-0.132382,-0.713967
0.534255,-0.131665,-0.716257
0.533740,-0.129728,-0.715572
0.531336,-0.131136,-0.713964
0.530961,-0.128259,-0.716686
0.530461,-0.126036,-0.715830
0.527217,-0.128282,-0.716911
0.526159,-0.126512,-0.717740
0.524422,-0.123397,-0.717950
0.524569,-0.122324,-0.716664
0.524124,-0.122358,-0.715807
0.522302,-0.120190,-0.717512
0.516801,-0.121001,-0.718102
0.517727,-0.119724,-0.719773
0.516380,-0.120577,-0.719800
0.514564,-0.118252,-0.720617
0.512979,-0.119742,-0.722720
0.511354,-0.116435,-0.720959
0.510878,-0.115836,-0.722113
0.509730,-0.116325,-0.719530
0.506247,-0.115922,-0.722083
0.505477,-0.113363,-0.721944
0.666968,-0.182387,-0.663960
0.666041,-0.185795,-0.665887
0.662820,-0.182658,-0.662626
0.663296,-0.181661,-0.663902
0.661367,-0.178527,-0.664303
0.659650,-0.176781,-0.665094
0.659492,-0.178963,-0.663396
0.659210,-0.178248,-0.664893
0.657786,-0.176670,-0.663780
0.656246,-0.175402,-0.666435
0.654596,-0.173466,-0.663552
0.654243,-0.171091,-0.664730
0.652989,-0.172111,-0.664451
0.652312,-0.171112,-0.667180
0.649674,-0.171282,-0.664868
0.648902,-0.167639,-0.665217
0.647751,-0.167576,-0.663040
0.647097,-0.167602,-0.664691
0.645107,-0.165844,-0.666638
0.645045,-0.165817,-0.663537
0.643330,-0.162677,-0.666475
0.642132,-0.161592,-0.666038
0.640212,-0.161972,-0.665696
0.638291,-0.161469,-0.666268
0.638166,-0.159876,-0.663874
0.639139,-0.157769,-0.665464
0.636904,-0.157159,-0.665032
0.634775,-0.156769,-0.664155
0.632944,-0.156610,-0.666744
0.631424,-0.154240,-0.666305
0.631168,-0.152903,-0.665417
0.631578,-0.152135,-0.667074
0.629900,-0.152460,-0.665029
0.627823,-0.150969,-0.665956
0.627632,-0.149523,-0.665963
0.625811,-0.149377,-0.664665
0.625731,-0.147993,-0.666868
0.622963,-0.147280,-0.667488
0.624153,-0.145852,-0.666880
0.622795,-0.145287,-0.666969
0.620667,-0.142050,-0.669446
0.619017,-0.141759,-0.667543
0.619523,-0.140914,-0.666270
0.617914,-0.140892,-0.667524
0.616520,-0.137657,-0.670744
0.612960,-0.139209,-0.667799
0.612724,-0.136572,-0.666783
0.613462,-0.135986,-0.666826
0.611556,-0.136116,-0.667559
0.611324,-0.134424,-0.665761
0.609506,-0.133241,-0.668919
0.608975,-0.132287,-0.669603
0.605307,-0.130827,-0.666804
0.605346,-0.128780,-0.667678
0.604923,-0.129180,-0.667479
0.603627,-0.128418,-0.669700
0.603594,-0.126391,-0.668566
0.601789,-0.127760,-0.666704
0.598882,-0.125808,-0.668978
0.596796,-0.121723,-0.667444
0.596950,-0.123135,-0.668962
0.596371,-0.119867,-0.667281
0.567248,-0.149334,-0.705123
0.564696,-0.148287,-0.703262
0.563385,-0.147057,-0.703103
0.561013,-0.146955,-0.705083
0.559791,-0.146430,-0.705095
0.560052,-0.144821,-0.706559
0.556506,-0.144356,-0.706775
0.556340,-0.144625,-0.707369
0.557008,-0.141592,-0.710612
0.551178,-0.141474,-0.707494
0.550077,-0.141724,-0.710141
0.549722,-0.140228,-0.710712
0.549074,-0.141339,-0.711322
0.547024,-0.139659,-0.710766
0.544753,-0.138814,-0.709957
0.543030,-0.138610,-0.711648
0.542103,-0.138209,-0.710851
0.541749,-0.136849,-0.711278
0.540808,-0.135573,-0.712719
0.537036,-0.133552,-0.712990
0.538202,-0.133782,-0.712232
0.536265,-0.131435,-0.712423
0.533281,-0.130778,-0.712748
0.533460,-0.131450,-0.713764
0.531303,-0.129974,-0.713401
0.531486,-0.127288,-0.713222
0.530046,-0.128449,-0.715601
0.527546,-0.124822,-0.714740
0.526690,-0.127844,-0.713932
0.525373,-0.126681,-0.717331
0.523901,-0.124386,-0.715904
0.523064,-0.123173,-0.714507
0.520594,-0.121869,-0.714496
0.520087,-0.121706,-0.717170
0.516868,-0.122162,-0.714714
0.515774,-0.119042,-0.717721
0.515578,-0.118247,-0.718169
0.510435,-0.119008,-0.718769
0.510557,-0.118390,-0.720176
0.512202,-0.117514,-0.719190
0.506405,-0.113677,-0.719338
0.507729,-0.114221,-0.720816
0.504370,-0.115261,-0.721885
0.668965,-0.185470,-0.661443
0.666945,-0.183509,-0.661127
0.665878,-0.182654,-0.660403
0.664331,-0.182058,-0.662035
0.663984,-0.181638,-0.660954
0.662754,-0.178624,-0.659932
0.661093,-0.178458,-0.661147
0.660533,-0.175719,-0.662370
0.658191,-0.176701,-0.662011
0.657351,-0.176475,-0.662263
0.656912,-0.174085,-0.662068
0.655118,-0.172783,-0.661945
0.653861,-0.173817,-0.662384
0.653993,-0.169889,-0.662339
0.652599,-0.170638,-0.661754
0.651652,-0.170263,-0.662531
0.649839,-0.168496,-0.660676
0.649336,-0.166374,-0.662360
0.647738,-0.167236,-0.659752
0.645765,-0.164948,-0.663174
0.644379,-0.164971,-0.663732
0.644822,-0.162181,-0.663217
0.641238,-0.162757,-0.660866
0.642632,-0.160759,-0.663161
0.640788,-0.159696,-0.662935
0.639850,-0.156898,-0.660963
0.638724,-0.157954,-0.662551
0.638966,-0.155531,-0.663544
0.634992,-0.155213,-0.661365
0.638099,-0.154465,-0.663262
0.636313,-0.151489,-0.664245
0.632811,-0.152393,-0.663342
0.632512,-0.151165,-0.662479
0.629294,-0.150811,-0.663638
0.630038,-0.148111,-0.663076
0.628469,-0.148756,-0.664544
0.626483,-0.146364,-0.663674
0.627092,-0.146735,-0.662628
0.623795,-0.145510,-0.664068
0.626028,-0.145400,-0.663731
0.623114,-0.142934,-0.664776
0.622703,-0.142660,-0.664276
0.621314,-0.141863,-0.662545
0.618138,-0.139821,-0.662936
0.618577,-0.140352,-0.663578
0.616735,-0.138232,-0.664509
0.616681,-0.137836,-0.665596
0.615304,-0.136771,-0.664243
0.613866,-0.135861,-0.663125
0.612737,-0.134172,-0.663402
0.611511,-0.132635,-0.664084
0.609439,-0.132376,-0.662455
0.610231,-0.132052,-0.665597
0.609195,-0.128931,-0.666288
0.607133,-0.128869,-0.664464
0.608106,-0.127110,-0.664866
0.606018,-0.126386,-0.665890
0.602283,-0.126910,-0.665757
0.601172,-0.126157,-0.664799
0.601167,-0.125030,-0.665182
0.601512,-0.124630,-0.665052
0.596924,-0.122361,-0.665408
0.598426,-0.119829,-0.662949
0.595161,-0.119767,-0.666079
0.568270,-0.147291,-0.701788
0.564249,-0.147723,-0.701453
0.562447,-0.145330,-0.701615
0.561299,-0.144942,-0.704159
0.558106,-0.143600,-0.703432
0.556789,-0.144348,-0.704835
0.554755,-0.145457,-0.705466
0.554193,-0.144286,-0.708488
0.551687,-0.141496,-0.707705
0.550181,-0.141193,-0.707508
0.550141,-0.140362,-0.709338
0.547657,-0.139844,-0.707667
0.545296,-0.139282,-0.708482
0.544987,-0.138352,-0.708337
0.544512,-0.137243,-0.708906
0.540785,-0.138659,-0.707427
0.541361,-0.136330,-0.710347
0.538665,-0.136152,-0.710652
0.539229,-0.134764,-0.711081
0.534601,-0.133732,-0.711198
0.537212,-0.131952,-0.711311
0.534478,-0.132094,-0.710254
0.532810,-0.130603,-0.710385
0.530241,-0.129646,-0.711632
0.530598,-0.127539,-0.711026
0.528667,-0.126951,-0.712416
0.526021,-0.127530,-0.711183
0.527745,-0.125918,-0.710796
0.524352,-0.125515,-0.712508
0.524532,-0.122368,-0.713228
0.522680,-0.122837,-0.710698
0.521826,-0.124472,-0.712041
0.520342,-0.122362,-0.713989
0.516548,-0.119573,-0.713904
0.516457,-0.119242,-0.715288
0.513958,-0.118984,-0.715527
0.512388,-0.119749,-0.715938
0.512031,-0.117409,-0.716717
0.511557,-0.118467,-0.716682
0.506837,-0.117630,-0.718480
0.508886,-0.115849,-0.718895
0.506575,-0.115160,-0.717112
0.503900,-0.113596,-0.718638
0.671738,-0.184956,-0.657591
0.669674,-0.184015,-0.657267
0.666511,-0.182418,-0.656691
0.665446,-0.182705,-0.657528
0.666527,-0.181374,-0.657433
0.663493,-0.179376,-0.657067
0.662232,-0.180057,-0.658540
0.662627,-0.176633,-0.657655
0.662048,-0.177126,-0.657563
0.660429,-0.175962,-0.658034
0.660017,-0.173653,-0.655982
0.657476,-0.172638,-0.656037
0.654582,-0.172827,-0.660049
0.656482,-0.169876,-0.658125
0.654741,-0.170818,-0.657776
0.653343,-0.170064,-0.658282
0.652856,-0.168023,-0.658837
0.649853,-0.168032,-0.658517
0.650884,-0.167317,-0.659547
0.650045,-0.166402,-0.657994
0.646225,-0.163611,-0.658381
0.646862,-0.164428,-0.659099
0.647509,-0.162584,-0.658971
0.643949,-0.161548,-0.659164
0.642648,-0.160457,-0.659642
0.641481,-0.158762,-0.660114
0.640008,-0.157028,-0.658380
0.640271,-0.156806,-0.658602
0.637921,-0.158325,-0.658177
0.637993,-0.153183,-0.659577
0.637045,-0.153466,-0.659543
0.634503,-0.154228,-0.658335
0.631090,-0.152642,-0.660209
0.631196,-0.151009,-0.659088
0.631985,-0.149157,-0.659420
0.630484,-0.149736,-0.659386
0.629564,-0.149967,-0.659597
0.628065,-0.146380,-0.660501
0.626864,-0.145505,-0.658059
0.625503,-0.145754,-0.660122
0.622781,-0.142834,-0.658639
0.622759,-0.144679,-0.659598
0.622132,-0.141636,-0.658651
0.622127,-0.140802,-0.660472
0.620205,-0.140347,-0.658828
0.618103,-0.139853,-0.659592
0.616990,-0.137831,-0.659839
0.617843,-0.137856,-0.661328
0.615056,-0.133808,-0.660167
0.614550,-0.135414,-0.662131
0.612418,-0.134038,-0.662764
0.612791,-0.132573,-0.661629
0.611569,-0.131531,-0.662155
0.610268,-0.128570,-0.660093
0.608416,-0.127314,-0.662123
0.607734,-0.128140,-0.662113
0.605367,-0.127304,-0.659611
0.606379,-0.124792,-0.660187
0.604060,-0.124527,-0.661250
0.602553,-0.122507,-0.661208
0.601344,-0.122941,-0.660792
0.598439,-0.122039,-0.661607
0.599007,-0.120339,-0.660855
0.598782,-0.119942,-0.662054
0.597717,-0.119464,-0.659995
0.596820,-0.117731,-0.662473
0.565237,-0.145734,-0.697545
0.562197,-0.145488,-0.700182
0.561430,-0.144573,-0.698648
0.558882,-0.145015,-0.701809
0.558270,-0.145504,-0.701989
0.556096,-0.144389,-0.703455
0.553594,-0.144156,-0.704284
0.552132,-0.142492,-0.704050
0.550486,-0.140309,-0.705918
0.550023,-0.141128,-0.705746
0.546879,-0.140492,-0.705694
0.547121,-0.139997,-0.707618
0.544482,-0.140422,-0.705837
0.543690,-0.138020,-0.708469
0.540225,-0.136665,-0.705483
0.540875,-0.135755,-0.708480
0.540249,-0.136156,-0.708372
0.537751,-0.134785,-0.707397
0.537140,-0.132422,-0.707889
0.536707,-0.131758,-0.708538
0.535149,-0.131289,-0.708328
0.533978,-0.130229,-0.709039
0.530797,-0.129948,-0.708521
0.531106,-0.129191,-0.711425
0.528733,-0.128165,-0.709323
0.527670,-0.126905,-0.710222
0.526579,-0.125901,-0.709671
0.524799,-0.124518,-0.710287
0.524272,-0.123629,-0.710721
0.523475,-0.124113,-0.712381
0.521046,-0.123617,-0.709891
0.519563,-0.122463,-0.712728
0.515609,-0.120594,-0.712435
0.516015,-0.119740,-0.712110
0.512936,-0.118290,-0.713428
0.512117,-0.118655,-0.714387
0.510385,-0.119598,-0.713157
0.510572,-0.117071,-0.716405
0.509219,-0.117998,-0.715243
0.505128,-0.115659,-0.715131
0.504468,-0.115742,-0.716012
0.505258,-0.114243,-0.714928
0.502903,-0.114070,-0.717926
0.671918,-0.184857,-0.653191
0.673382,-0.184078,-0.654499
0.670590,-0.182248,-0.653692
0.668027,-0.179013,-0.653327
0.669121,-0.183114,-0.653937
0.668614,-0.178627,-0.653921
0.665651,-0.178478,-0.654060
0.664304,-0.179422,-0.652841
0.663736,-0.177044,-0.652291
0.662223,-0.177023,-0.654281
0.662303,-0.174913,-0.654037
0.660568,-0.173427,-0.654101
0.658073,-0.171660,-0.653488
0.657465,-0.171695,-0.655690
0.656614,-0.172038,-0.653527
0.654299,-0.169826,-0.653436
0.653502,-0.167383,-0.653812
0.654520,-0.168074,-0.655568
0.652864,-0.166433,-0.654674
0.650565,-0.166127,-0.653837
0.651194,-0.164274,-0.656261
0.647471,-0.163849,-0.654532
0.646945,-0.161724,-0.654352
0.645957,-0.160195,-0.653584
0.644283,-0.159471,-0.654862
0.644980,-0.158848,-0.655923
0.643035,-0.159302,-0.656372
0.640380,-0.155525,-0.653645
0.639131,-0.155636,-0.655300
0.639070,-0.154753,-0.655427
0.637524,-0.154540,-0.655363
0.636858,-0.153308,-0.655105
0.636433,-0.153925,-0.656648
0.637305,-0.149783,-0.654205
0.633564,-0.150195,-0.655194
0.631993,-0.148912,-0.656224
0.632358,-0.148395,-0.656028
0.629754,-0.146240,-0.657283
0.628249,-0.145634,-0.656647
0.627386,-0.145444,-0.654250
0.628005,-0.143475,-0.656447
0.624502,-0.141856,-0.655517
0.623538,-0.140521,-0.655389
0.622416,-0.140805,-0.657684
0.621425,-0.139077,-0.655636
0.620261,-0.138525,-0.657035
0.618465,-0.135964,-0.657664
0.619682,-0.136871,-0.658522
0.617675,-0.135373,-0.656888
0.616605,-0.135283,-0.656952
0.615917,-0.133204,-0.655686
0.612139,-0.133245,-0.658959
0.613745,-0.132813,-0.656032
0.612028,-0.129512,-0.657667
0.609744,-0.130729,-0.657486
0.609892,-0.128052,-0.657551
0.608741,-0.127260,-0.658219
0.606959,-0.125988,-0.657252
0.606615,-0.123680,-0.656182
0.604210,-0.125244,-0.657467
0.603983,-0.121427,-0.658614
0.600967,-0.121810,-0.657415
0.601878,-0.120806,-0.657372
0.600299,-0.119677,-0.658534
0.598404,-0.120774,-0.657434
0.597532,-0.119136,-0.658384
0.595340,-0.117720,-0.658221
0.565387,-0.145312,-0.694889
0.563434,-0.144189,-0.694848
0.561159,-0.144209,-0.697438
0.561236,-0.143696,-0.701076
0.559075,-0.144791,-0.699475
0.557046,-0.144005,-0.701954
0.553155,-0.145714,-0.700878
0.553340,-0.142410,-0.701545
0.550249,-0.141440,-0.701851
0.548397,-0.141393,-0.701177
0.548513,-0.141948,-0.703091
0.545048,-0.140137,-0.701562
0.545485,-0.141445,-0.704545
0.543991,-0.136657,-0.705132
0.542566,-0.136572,-0.705128
0.540940,-0.136872,-0.703577
0.538092,-0.134966,-0.707826
0.536314,-0.134383,-0.705315
0.536711,-0.134469,-0.705681
0.534158,-0.131980,-0.705611
0.534670,-0.131696,-0.705938
0.533978,-0.131001,-0.705820
0.531861,-0.130494,-0.706279
0.530057,-0.128469,-0.705679
0.531475,-0.127956,-0.705620
0.526885,-0.126811,-0.708536
0.526736,-0.126182,-0.706779
0.522626,-0.125719,-0.706603
0.521140,-0.125292,-0.709247
0.521907,-0.122949,-0.707540
0.522222,-0.123240,-0.709367
0.518267,-0.122724,-0.710382
0.514426,-0.120708,-0.710545
0.515593,-0.120445,-0.710686
0.515427,-0.120494,-0.711025
0.514587,-0.120794,-0.711743
0.511077,-0.119385,-0.713042
0.509546,-0.118446,-0.712515
0.507387,-0.117032,-0.713756
0.506011,-0.116149,-0.715456
0.503503,-0.114357,-0.714360
0.501757,-0.115578,-0.714483
0.501798,-0.114488,-0.715219
0.673798,-0.186630,-0.651263
0.674590,-0.181453,-0.651106
0.673100,-0.182092,-0.648972
0.669648,-0.182076,-0.649472
0.670606,-0.180645,-0.650650
0.669871,-0.180694,-0.648137
0.668783,-0.177459,-0.648989
0.667266,-0.175889,-0.649406
0.664807,-0.176443,-0.650335
0.662673,-0.175552,-0.650984
0.662124,-0.174667,-0.651598
0.661021,-0.173415,-0.650482
0.660123,-0.170902,-0.652261
0.660224,-0.172924,-0.651271
0.657926,-0.170804,-0.650409
0.656114,-0.170484,-0.650404
0.657899,-0.168374,-0.650597
0.653954,-0.168575,-0.651617
0.654870,-0.166232,-0.652372
0.654580,-0.164353,-0.651557
0.650876,-0.165242,-0.650742
0.649593,-0.164413,-0.649652
0.650318,-0.163429,-0.651683
0.649391,-0.160831,-0.652820
0.648765,-0.158464,-0.651178
0.646484,-0.159793,-0.651855
0.644374,-0.157983,-0.650743
0.643799,-0.156879,-0.652603
0.642332,-0.155665,-0.651364
0.641242,-0.157018,-0.650626
0.639070,-0.153661,-0.653832
0.638453,-0.153691,-0.650561
0.635166,-0.152203,-0.651672
0.636201,-0.151860,-0.651558
0.636828,-0.150627,-0.652444
0.633424,-0.150812,-0.652735
0.632083,-0.147377,-0.654185
0.630948,-0.149415,-0.653229
0.630848,-0.145426,-0.651662
0.628951,-0.144850,-0.651993
0.628779,-0.143183,-0.654053
0.627983,-0.143269,-0.652968
0.627909,-0.141077,-0.654192
0.625291,-0.138718,-0.652282
0.623345,-0.140220,-0.651468
0.622243,-0.138202,-0.652064
0.622472,-0.138969,-0.653434
0.620922,-0.136152,-0.654495
0.617912,-0.136135,-0.652989
0.618036,-0.136460,-0.652826
0.617747,-0.131795,-0.652115
0.616005,-0.133366,-0.655112
0.617579,-0.130400,-0.655736
0.613536,-0.131856,-0.652317
0.612864,-0.130967,-0.654273
0.611148,-0.128092,-0.655269
0.610385,-0.127663,-0.655569
0.610430,-0.126222,-0.653247
0.606972,-0.124627,-0.653024
0.607534,-0.125891,-0.653032
0.605575,-0.123366,-0.651782
0.605849,-0.122493,-0.654379
0.602699,-0.121566,-0.653744
0.603942,-0.120179,-0.654369
0.601004,-0.120765,-0.654840
0.601188,-0.118806,-0.654735
0.598184,-0.117805,-0.655741
0.597863,-0.116150,-0.653618
0.596941,-0.113677,-0.654194
0.564115,-0.145077,-0.693580
0.562829,-0.143813,-0.696490
0.559414,-0.145349,-0.695482
0.558784,-0.142986,-0.696368
0.556624,-0.142725,-0.696760
0.552615,-0.143283,-0.698612
0.550733,-0.141032,-0.699341
0.550931,-0.141303,-0.700583
0.549752,-0.142124,-0.700391
0.546782,-0.142060,-0.700167
0.545518,-0.139226,-0.700158
0.544434,-0.138390,-0.700889
0.542551,-0.139383,-0.702988
0.540878,-0.137751,-0.703428
0.540327,-0.138142,-0.702001
0.539292,-0.136051,-0.702955
0.538641,-0.134850,-0.702891
0.537778,-0.133218,-0.701927
0.536762,-0.133404,-0.704845
0.533562,-0.132314,-0.705330
0.531828,-0.132450,-0.704395
0.531607,-0.131983,-0.704817
0.529713,-0.129291,-0.705537
0.527928,-0.128531,-0.707075
0.525737,-0.126545,-0.706450
0.525553,-0.127414,-0.706081
0.523276,-0.124007,-0.705931
0.522362,-0.124733,-0.707687
0.519261,-0.124195,-0.708319
0.518798,-0.124317,-0.707694
0.517517,-0.122985,-0.709443
0.517177,-0.122703,-0.709848
0.515385,-0.120801,-0.709908
0.514873,-0.121536,-0.710847
0.511436,-0.120153,-0.710610
0.509015,-0.118633,-0.710677
0.508116,-0.118584,-0.712117
0.506731,-0.119039,-0.712573
0.505864,-0.117102,-0.711326
0.506731,-0.117474,-0.713803
0.503395,-0.116203,-0.713793
0.501448,-0.114286,-0.716032
0.675103,-0.185658,-0.648769
0.674603,-0.183268,-0.649780
0.674129,-0.183251,-0.644192
0.672980,-0.180197,-0.645761
0.670424,-0.180343,-0.645869
0.670870,-0.179128,-0.646418
0.667482,-0.179233,-0.645726
0.667581,-0.176041,-0.646061
0.665499,-0.176778,-0.647189
0.665206,-0.175075,-0.648335
0.664116,-0.175089,-0.647478
0.662828,-0.171590,-0.647297
0.661846,-0.172023,-0.647347
0.661666,-0.170174,-0.647740
0.659059,-0.169021,-0.647516
0.658898,-0.170547,-0.648399
0.658027,-0.167819,-0.645885
0.656677,-0.167972,-0.648219
0.655729,-0.165934,-0.648114
0.654363,-0.164381,-0.646682
0.652349,-0.165792,-0.646732
0.649918,-0.166077,-0.648333
0.650320,-0.162187,-0.647068
0.650007,-0.161560,-0.650058
0.648111,-0.159341,-0.647202
0.645531,-0.157617,-0.649089
0.645838,-0.155847,-0.647681
0.645879,-0.157846,-0.650380
0.642336,-0.155764,-0.647030
0.642661,-0.156057,-0.648131
0.641731,-0.153532,-0.649740
0.640940,-0.151818,-0.648264
0.636977,-0.150295,-0.649507
0.638209,-0.150201,-0.650646
0.635907,-0.149472,-0.646436
0.634641,-0.148589,-0.649160
0.635115,-0.147705,-0.649103
0.631938,-0.147349,-0.649580
0.632625,-0.144905,-0.648069
0.630843,-0.143601,-0.647947
0.629694,-0.143332,-0.648357
0.628560,-0.141333,-0.649705
0.627446,-0.141860,-0.649789
0.626640,-0.140023,-0.650079
0.624014,-0.138105,-0.648957
0.625172,-0.138480,-0.648443
0.622691,-0.136726,-0.649276
0.622419,-0.136387,-0.650393
0.620184,-0.134171,-0.651067
0.619790,-0.134095,-0.651786
0.618124,-0.134967,-0.651582
0.617457,-0.130718,-0.648219
0.615096,-0.131109,-0.649819
0.614184,-0.129661,-0.649474
0.612686,-0.128185,-0.648889
0.612376,-0.128501,-0.651437
0.612359,-0.126993,-0.651867
0.609830,-0.123187,-0.651830
0.611224,-0.124899,-0.649176
0.606270,-0.125652,-0.651292
0.605495,-0.122612,-0.649327
0.605129,-0.120869,-0.651384
0.605360,-0.120360,-0.650716
0.603349,-0.119981,-0.650870
0.602511,-0.119848,-0.650160
0.602111,-0.117265,-0.650680
0.599752,-0.116008,-0.650871
0.597559,-0.114414,-0.651371
0.597536,-0.116639,-0.653374
0.565540,-0.142688,-0.688306
0.564044,-0.144457,-0.690414
0.560967,-0.143797,-0.693247
0.559161,-0.145389,-0.693091
0.555550,-0.140535,-0.694960
0.554323,-0.143974,-0.697680
0.552123,-0.143717,-0.697015
0.550051,-0.142054,-0.697011
0.547775,-0.140498,-0.695999
0.547330,-0.139243,-0.698079
0.547610,-0.141217,-0.699226
0.543554,-0.138886,-0.697902
0.543147,-0.139307,-0.699431
0.542932,-0.136169,-0.701405
0.538802,-0.135420,-0.701331
0.542051,-0.136315,-0.698126
0.539901,-0.133587,-0.702001
0.535168,-0.133946,-0.701986
0.533807,-0.133445,-0.702828
0.533825,-0.133045,-0.701734
0.532110,-0.131497,-0.702118
0.530796,-0.130670,-0.703810
0.529524,-0.130146,-0.703968
0.527595,-0.127361,-0.702959
0.523790,-0.128424,-0.702154
0.524476,-0.128166,-0.704632
0.524247,-0.125091,-0.706038
0.522915,-0.126870,-0.706150
0.521209,-0.125688,-0.705828
0.518510,-0.125900,-0.706702
0.518952,-0.123055,-0.706887
0.515394,-0.122676,-0.706585
0.513701,-0.122089,-0.706362
0.512675,-0.120974,-0.705848
0.512437,-0.118076,-0.708214
0.508577,-0.121135,-0.711428
0.505992,-0.119171,-0.711270
0.505831,-0.119273,-0.708821
0.505000,-0.117756,-0.712133
0.503230,-0.116812,-0.710535
0.501302,-0.116858,-0.712242
0.499085,-0.115199,-0.712754
0.497936,-0.113857,-0.711610
0.674081,-0.187949,-0.647051
0.674305,-0.185763,-0.643228
0.673563,-0.180220,-0.644826
0.675407,-0.182204,-0.642887
0.674642,-0.180076,-0.646156
0.671431,-0.177873,-0.644015
0.670529,-0.178195,-0.642580
0.667683,-0.175887,-0.645977
0.667736,-0.176303,-0.642978
0.668320,-0.173856,-0.641648
0.664811,-0.175569,-0.644179
0.665084,-0.172567,-0.645567
0.663805,-0.171573,-0.643538
0.662653,-0.170873,-0.643375
0.660878,-0.170845,-0.644025
0.662413,-0.168708,-0.643967
0.657897,-0.168020,-0.644875
0.659222,-0.166960,-0.642685
0.656151,-0.165792,-0.644287
0.654812,-0.165069,-0.643796
0.654447,-0.161543,-0.643414
0.652895,-0.162346,-0.645125
0.651576,-0.162603,-0.644902
0.651611,-0.160184,-0.644534
0.651343,-0.160907,-0.645294
0.647517,-0.160076,-0.644814
0.648863,-0.157609,-0.646571
0.647572,-0.157350,-0.645099
0.646514,-0.156394,-0.645800
0.644236,-0.152419,-0.644704
0.643026,-0.152608,-0.645672
0.642958,-0.151865,-0.644157
0.640252,-0.151570,-0.645984
0.637509,-0.148584,-0.644378
0.639241,-0.149917,-0.647034
0.637122,-0.148264,-0.644371
0.637723,-0.150135,-0.644230
0.634487,-0.146836,-0.645852
0.633700,-0.145983,-0.646209
0.635359,-0.143601,-0.646316
0.629737,-0.143604,-0.644966
0.630801,-0.142027,-0.646052
0.628799,-0.139431,-0.645002
0.627888,-0.141115,-0.646028
0.627614,-0.140057,-0.646982
0.626458,-0.136387,-0.646706
0.624458,-0.136981,-0.646200
0.622831,-0.134993,-0.648721
0.624404,-0.134337,-0.645981
0.621808,-0.136212,-0.647122
0.620494,-0.133122,-0.647664
0.618068,-0.132239,-0.647282
0.618076,-0.131630,-0.647113
0.616291,-0.130230,-0.647168
0.615666,-0.128973,-0.647088
0.613648,-0.127058,-0.645762
0.614224,-0.126770,-0.647422
0.612853,-0.127050,-0.648297
0.609619,-0.125044,-0.647130
0.610611,-0.123198,-0.646566
0.607681,-0.122148,-0.647173
0.606627,-0.121114,-0.648627
0.608124,-0.120499,-0.647212
0.605972,-0.119811,-0.647220
0.603641,-0.118483,-0.647877
0.603922,-0.117026,-0.649724
0.601965,-0.117803,-0.646551
0.600064,-0.114897,-0.647036
0.602418,-0.114359,-0.647328
0.596024,-0.115802,-0.652566
0.566342,-0.141186,-0.687860
0.564034,-0.143001,-0.687145
0.559818,-0.142908,-0.688096
0.559339,-0.141913,-0.690846
0.556928,-0.140959,-0.692397
0.552988,-0.142558,-0.692382
0.553017,-0.143642,-0.694342
0.550116,-0.144099,-0.693349
0.548882,-0.140060,-0.696975
0.547626,-0.142080,-0.696160
0.546217,-0.140652,-0.695260
0.546591,-0.138021,-0.697464
0.542115,-0.138070,-0.697051
0.540167,-0.136764,-0.698323
0.539917,-0.136075,-0.697959
0.539850,-0.135963,-0.700373
0.535047,-0.134960,-0.698884
0.535181,-0.133138,-0.696886
0.532916,-0.132297,-0.698947
0.533511,-0.134675,-0.701250
0.531540,-0.130836,-0.700617
0.529305,-0.129935,-0.701792
0.529707,-0.129111,-0.701113
0.526844,-0.127304,-0.702014
0.526793,-0.127499,-0.702158
0.523315,-0.127305,-0.704161
0.520856,-0.126341,-0.702230
0.521402,-0.124760,-0.701730
0.519878,-0.124681,-0.702887
0.516936,-0.125069,-0.704444
0.515621,-0.122392,-0.705948
0.515116,-0.123530,-0.705465
0.514114,-0.121018,-0.706851
0.513265,-0.120220,-0.706078
0.509943,-0.121267,-0.706871
0.508121,-0.120856,-0.706391
0.507240,-0.120024,-0.707202
0.505884,-0.122329,-0.707847
0.505174,-0.119363,-0.710680
0.504874,-0.117498,-0.710281
0.501159,-0.115559,-0.710997
0.502140,-0.114449,-0.710518
0.496645,-0.116276,-0.709601
0.673132,-0.192025,-0.646939
0.675458,-0.188948,-0.645109
0.673799,-0.182621,-0.640789
0.676000,-0.182018,-0.639974
0.675496,-0.179165,-0.638486
0.672862,-0.179096,-0.639872
0.672418,-0.177485,-0.639411
0.672002,-0.177395,-0.641829
0.670989,-0.178274,-0.639755
0.669992,-0.175020,-0.640350
0.668260,-0.173803,-0.640828
0.667202,-0.173795,-0.641053
0.665990,-0.171011,-0.639875
0.662959,-0.171545,-0.639656
0.662592,-0.169765,-0.641923
0.662080,-0.168938,-0.638390
0.660966,-0.168157,-0.641885
0.657587,-0.165713,-0.642096
0.659126,-0.165620,-0.639795
0.656858,-0.164297,-0.639568
0.656794,-0.163511,-0.640302
0.653704,-0.160880,-0.643547
0.654781,-0.163234,-0.642349
0.654229,-0.159207,-0.642008
0.652114,-0.158805,-0.642120
0.650106,-0.159662,-0.641038
0.650981,-0.160150,-0.640756
0.646352,-0.155099,-0.642574
0.645915,-0.153690,-0.643673
0.645425,-0.155192,-0.640397
0.645262,-0.154499,-0.642746
0.642730,-0.153691,-0.642117
0.644912,-0.151803,-0.640702
0.641754,-0.150113,-0.641058
0.640955,-0.149208,-0.641994
0.640466,-0.146073,-0.642129
0.639690,-0.146761,-0.642972
0.637314,-0.145620,-0.641530
0.635347,-0.145818,-0.641042
0.634307,-0.144286,-0.641606
0.630823,-0.143355,-0.641797
0.632213,-0.143084,-0.643939
0.629904,-0.142739,-0.641493
0.630532,-0.140492,-0.642363
0.629983,-0.139254,-0.645112
0.625506,-0.138153,-0.642173
0.624343,-0.137196,-0.642223
0.625848,-0.136402,-0.642850
0.623948,-0.135435,-0.641875
0.623824,-0.131439,-0.641539
0.619829,-0.133793,-0.642839
0.621586,-0.131096,-0.643547
0.619659,-0.130625,-0.642528
0.617126,-0.130370,-0.644925
0.616318,-0.127672,-0.644199
0.617041,-0.128902,-0.643952
0.615939,-0.129202,-0.644112
0.613877,-0.126218,-0.643561
0.612299,-0.124566,-0.642379
0.612033,-0.125106,-0.643731
0.610920,-0.123802,-0.645077
0.611334,-0.121630,-0.644468
0.608558,-0.117758,-0.642519
0.607257,-0.122027,-0.644076
0.605674,-0.119038,-0.643709
0.605336,-0.117197,-0.644255
0.603241,-0.115797,-0.642950
0.601557,-0.115296,-0.642494
0.603077,-0.113997,-0.645523
0.599761,-0.112387,-0.646431
0.593455,-0.118656,-0.649113
0.566089,-0.140193,-0.680411
0.564580,-0.141091,-0.685451
0.559825,-0.141860,-0.686790
0.558061,-0.142627,-0.688419
0.557021,-0.141767,-0.689406
0.555795,-0.142230,-0.689227
0.553010,-0.142511,-0.692199
0.550992,-0.142742,-0.691531
0.549302,-0.141408,-0.691648
0.548926,-0.139407,-0.693724
0.547665,-0.140002,-0.694067
0.544046,-0.139035,-0.694475
0.542398,-0.138931,-0.695662
0.541587,-0.138250,-0.695422
0.539560,-0.136587,-0.695892
0.539498,-0.137439,-0.697126
0.535890,-0.137543,-0.696346
0.536067,-0.134816,-0.697810
0.534959,-0.134227,-0.698112
0.531353,-0.131789,-0.698981
0.530317,-0.133482,-0.698879
0.530322,-0.129747,-0.700422
0.526245,-0.130576,-0.698448
0.526574,-0.129253,-0.700322
0.524599,-0.129200,-0.700072
0.524510,-0.128305,-0.700989
0.521626,-0.126787,-0.701645
0.521103,-0.127754,-0.701756
0.520440,-0.127114,-0.702668
0.518968,-0.127390,-0.701810
0.515067,-0.124671,-0.702213
0.514659,-0.125591,-0.703835
0.514560,-0.123334,-0.704521
0.513325,-0.124477,-0.704571
0.509864,-0.121895,-0.703461
0.507627,-0.120383,-0.704769
0.507603,-0.120143,-0.706365
0.504316,-0.121045,-0.707329
0.503388,-0.118892,-0.706496
0.503656,-0.119042,-0.709392
0.500184,-0.118554,-0.708194
0.501420,-0.115726,-0.710609
0.496769,-0.116770,-0.711885
0.674135,-0.193092,-0.646522
0.673617,-0.191053,-0.644320
0.675120,-0.186001,-0.639889
0.676973,-0.183491,-0.638934
0.675240,-0.180846,-0.637058
0.675304,-0.179621,-0.635669
0.675529,-0.178493,-0.635887
0.671453,-0.177693,-0.635870
0.671636,-0.175355,-0.638033
0.672635,-0.174934,-0.635834
0.671129,-0.173656,-0.637226
0.668288,-0.172244,-0.635860
0.666933,-0.172811,-0.635946
0.666224,-0.170847,-0.638052
0.667878,-0.168540,-0.636299
0.664495,-0.169482,-0.636617
0.663934,-0.166878,-0.638284
0.662081,-0.166596,-0.637046
0.661304,-0.164569,-0.637441
0.659713,-0.164637,-0.638411
0.659529,-0.164545,-0.636892
0.656803,-0.162727,-0.639230
0.656567,-0.160825,-0.638829
0.655349,-0.158855,-0.635552
0.654103,-0.159335,-0.638119
0.652314,-0.160305,-0.637558
0.650212,-0.158771,-0.638417
0.650737,-0.156744,-0.637755
0.648648,-0.157474,-0.637590
0.648417,-0.155577,-0.637899
0.647063,-0.153310,-0.638426
0.646382,-0.151788,-0.638682
0.644206,-0.151343,-0.637047
0.644298,-0.149173,-0.639346
0.642023,-0.148914,-0.639088
0.642780,-0.149641,-0.637946
0.641441,-0.148210,-0.637004
0.639527,-0.145726,-0.639452
0.637046,-0.145696,-0.640388
0.634954,-0.144559,-0.638781
0.634076,-0.141865,-0.638010
0.635316,-0.141609,-0.637487
0.632977,-0.141231,-0.637245
0.631741,-0.140680,-0.638918
0.631402,-0.141006,-0.638303
0.630245,-0.138559,-0.637128
0.628562,-0.137235,-0.643200
0.627920,-0.136399,-0.639085
0.627523,-0.136067,-0.639390
0.626638,-0.134416,-0.638269
0.625340,-0.133583,-0.640602
0.623714,-0.131723,-0.639943
0.622864,-0.131239,-0.641290
0.621580,-0.129236,-0.640468
0.619376,-0.127983,-0.640874
0.620451,-0.129579,-0.639457
0.616667,-0.128918,-0.641075
0.617538,-0.127092,-0.640584
0.616473,-0.123786,-0.640290
0.614076,-0.121759,-0.640621
0.614128,-0.121697,-0.639255
0.610911,-0.122347,-0.640491
0.609505,-0.120584,-0.643045
0.609430,-0.121345,-0.640154
0.609358,-0.119193,-0.640303
0.606336,-0.117609,-0.640707
0.607199,-0.117052,-0.640250
0.605460,-0.116205,-0.642856
0.603631,-0.115506,-0.639702
0.602324,-0.113607,-0.641286
0.599824,-0.114610,-0.642316
0.593998,-0.118887,-0.649145
0.569252,-0.140429,-0.675852
0.565208,-0.141189,-0.681208
0.562708,-0.139426,-0.683632
0.559258,-0.143601,-0.685084
0.557180,-0.140900,-0.685880
0.555314,-0.141737,-0.686956
0.554174,-0.141744,-0.689639
0.552758,-0.142330,-0.690255
0.549430,-0.141536,-0.690967
0.546523,-0.140186,-0.690650
0.546040,-0.140649,-0.692906
0.542713,-0.139817,-0.692284
0.541827,-0.137889,-0.693355
0.542982,-0.139484,-0.693163
0.539315,-0.136371,-0.694396
0.537784,-0.136292,-0.695391
0.539881,-0.135727,-0.694770
0.535356,-0.134770,-0.695626
0.532020,-0.133436,-0.695477
0.531943,-0.132679,-0.695404
0.530501,-0.132812,-0.696995
0.529293,-0.133942,-0.697505
0.530629,-0.131150,-0.696710
0.527349,-0.130449,-0.699112
0.525441,-0.127910,-0.698342
0.524266,-0.127734,-0.696841
0.523352,-0.127210,-0.699789
0.521011,-0.126664,-0.698930
0.518246,-0.126241,-0.698530
0.518739,-0.126603,-0.698094
0.516036,-0.124915,-0.701406
0.515621,-0.125101,-0.700373
0.513174,-0.124054,-0.701020
0.509863,-0.122579,-0.702586
0.510546,-0.123563,-0.703959
0.508771,-0.121078,-0.702675
0.505634,-0.120776,-0.705074
0.505663,-0.120949,-0.704942
0.500910,-0.118447,-0.705845
0.502929,-0.118747,-0.705230
0.499054,-0.118874,-0.705520
0.499130,-0.118852,-0.707777
0.495903,-0.117443,-0.708628
0.495551,-0.117900,-0.710841
0.674364,-0.197067,-0.643961
0.673678,-0.193959,-0.642905
0.673658,-0.189690,-0.640606
0.676185,-0.187619,-0.640337
0.675276,-0.184381,-0.638620
0.675269,-0.182516,-0.636440
0.675624,-0.181093,-0.635480
0.673578,-0.177809,-0.634862
0.674574,-0.177998,-0.632578
0.672938,-0.176214,-0.632566
0.671548,-0.173310,-0.632569
0.670096,-0.174673,-0.634023
0.670785,-0.174502,-0.633470
0.668298,-0.170793,-0.633691
0.668196,-0.170216,-0.632540
0.667925,-0.170076,-0.632705
0.664738,-0.168976,-0.632987
0.665140,-0.166484,-0.633680
0.661495,-0.165581,-0.633544
0.663354,-0.163955,-0.634264
0.658981,-0.164357,-0.633723
0.660208,-0.164463,-0.634267
0.659703,-0.162292,-0.635405
0.656199,-0.160027,-0.632633
0.655539,-0.161354,-0.633486
0.655417,-0.158738,-0.635003
0.652775,-0.156808,-0.634649
0.650241,-0.157521,-0.634636
0.651467,-0.157905,-0.634790
0.650184,-0.154115,-0.634965
0.647623,-0.151267,-0.635876
0.649902,-0.152817,-0.635100
0.646202,-0.153638,-0.633079
0.644925,-0.149484,-0.634824
0.645443,-0.149804,-0.636686
0.642289,-0.147351,-0.635118
0.641717,-0.146470,-0.633736
0.640809,-0.146991,-0.634310
0.640324,-0.147016,-0.634792
0.638952,-0.144327,-0.635000
0.637749,-0.145260,-0.635991
0.635178,-0.145124,-0.634246
0.634938,-0.142573,-0.634325
0.634319,-0.141850,-0.636747
0.633120,-0.141075,-0.634079
0.631151,-0.139372,-0.636383
0.630868,-0.138231,-0.635596
0.628012,-0.137818,-0.636402
0.628337,-0.133027,-0.634045
0.628061,-0.135303,-0.635211
0.627043,-0.132660,-0.638317
0.625696,-0.131696,-0.636858
0.624053,-0.130595,-0.636241
0.620689,-0.131249,-0.635734
0.620729,-0.128685,-0.637089
0.620904,-0.127967,-0.636169
0.619197,-0.126392,-0.636180
0.619233,-0.127214,-0.637793
0.617196,-0.126067,-0.637058
0.616807,-0.123809,-0.636436
0.616419,-0.124165,-0.636801
0.615127,-0.121845,-0.636695
0.612776,-0.123309,-0.637863
0.611354,-0.121488,-0.636479
0.611072,-0.119457,-0.636138
0.607864,-0.117609,-0.637083
0.608430,-0.116480,-0.637578
0.605644,-0.115828,-0.635749
0.607081,-0.114250,-0.637472
0.604781,-0.112966,-0.638246
0.602962,-0.113567,-0.637826
0.598596,-0.114243,-0.639696
0.594314,-0.119920,-0.649757
0.568998,-0.138653,-0.674403
0.565043,-0.142674,-0.677401
0.562271,-0.142218,-0.680246
0.559938,-0.140350,-0.683604
0.560074,-0.139620,-0.684252
0.557304,-0.140112,-0.686138
0.554125,-0.140642,-0.686048
0.552814,-0.140363,-0.688798
0.548439,-0.140419,-0.690573
0.547435,-0.140439,-0.688336
0.545484,-0.139760,-0.690317
0.544189,-0.140457,-0.689445
0.544066,-0.136858,-0.691503
0.541673,-0.138598,-0.692017
0.539864,-0.136383,-0.692244
0.537155,-0.136564,-0.692101
0.535830,-0.135900,-0.695224
0.535432,-0.135801,-0.695345
0.532744,-0.133639,-0.693784
0.529832,-0.132705,-0.694403
0.530662,-0.132965,-0.692463
0.528430,-0.131815,-0.697950
0.529068,-0.131075,-0.696625
0.527911,-0.128997,-0.693815
0.524215,-0.130379,-0.696928
0.525113,-0.128453,-0.694118
0.522628,-0.127729,-0.696984
0.519815,-0.127430,-0.697554
0.518482,-0.127052,-0.698559
0.516880,-0.126574,-0.701087
0.514502,-0.125756,-0.697769
0.514126,-0.127031,-0.700148
0.513388,-0.124359,-0.699374
0.511241,-0.123501,-0.702345
0.508257,-0.123620,-0.700111
0.507878,-0.122447,-0.703592
0.506205,-0.121916,-0.703858
0.505014,-0.120631,-0.702047
0.503421,-0.119793,-0.704261
0.500468,-0.121239,-0.704242
0.497455,-0.118981,-0.706488
0.496750,-0.117233,-0.706238
0.495415,-0.117159,-0.705486
0.492231,-0.117164,-0.707404
0.672045,-0.196385,-0.644359
0.673969,-0.192401,-0.644359
0.674379,-0.190260,-0.639631
0.674042,-0.189719,-0.637383
0.675710,-0.187952,-0.636690
0.672559,-0.184314,-0.635237
0.673689,-0.184153,-0.635794
0.673652,-0.181312,-0.632171
0.674165,-0.177552,-0.631568
0.673069,-0.178157,-0.629914
0.674913,-0.171966,-0.629649
0.674341,-0.173156,-0.629294
0.672096,-0.172489,-0.628619
0.669063,-0.171442,-0.630695
0.670988,-0.170877,-0.630072
0.668464,-0.169522,-0.631393
0.667913,-0.168989,-0.631426
0.665221,-0.168136,-0.630604
0.664268,-0.165791,-0.631155
0.663735,-0.167060,-0.630403
0.664245,-0.163596,-0.629405
0.664432,-0.164203,-0.630541
0.659986,-0.162624,-0.632647
0.658073,-0.160573,-0.629993
0.657642,-0.158731,-0.630107
0.657891,-0.158645,-0.632675
0.656449,-0.159286,-0.631778
0.654894,-0.156768,-0.632283
0.651932,-0.155822,-0.630660
0.652379,-0.154989,-0.631162
0.651545,-0.153859,-0.630977
0.650555,-0.153544,-0.631177
0.649126,-0.152067,-0.631486
0.650396,-0.149715,-0.630333
0.648212,-0.149768,-0.630268
0.646258,-0.150265,-0.631048
0.645235,-0.147154,-0.630757
0.644327,-0.146830,-0.631768
0.641128,-0.145619,-0.633944
0.639122,-0.144526,-0.633092
0.639102,-0.144237,-0.631902
0.638985,-0.143283,-0.631328
0.638743,-0.140838,-0.631778
0.635666,-0.141139,-0.632489
0.633114,-0.139564,-0.631511
0.632896,-0.137275,-0.631942
0.633628,-0.138238,-0.632592
0.633259,-0.136632,-0.633169
0.631825,-0.135274,-0.634637
0.629336,-0.136269,-0.631500
0.627998,-0.133556,-0.633496
0.627717,-0.132064,-0.632530
0.625785,-0.131538,-0.632770
0.624664,-0.129687,-0.632608
0.625369,-0.130261,-0.632029
0.621921,-0.127547,-0.633066
0.620890,-0.127065,-0.633986
0.619699,-0.125651,-0.633370
0.620256,-0.126093,-0.633269
0.617645,-0.125528,-0.633534
0.616229,-0.124655,-0.632353
0.615644,-0.123414,-0.634149
0.614419,-0.121601,-0.634893
0.613948,-0.119538,-0.634239
0.612801,-0.118828,-0.633271
0.610574,-0.117057,-0.634795
0.609962,-0.116554,-0.632460
0.608839,-0.115002,-0.634429
0.608467,-0.113013,-0.634259
0.607081,-0.114055,-0.633641
0.605842,-0.113678,-0.633846
0.602643,-0.112678,-0.638699
0.598242,-0.116359,-0.641105
0.591556,-0.120264,-0.647807
0.569722,-0.138851,-0.672424
0.566065,-0.140391,-0.677250
0.562679,-0.140907,-0.678920
0.561707,-0.141474,-0.679874
0.559528,-0.140175,-0.679331
0.559134,-0.139276,-0.682144
0.554806,-0.142185,-0.682560
0.550704,-0.142052,-0.684742
0.550787,-0.141451,-0.684136
0.547945,-0.142040,-0.686278
0.544316,-0.139857,-0.686947
0.545853,-0.137816,-0.686799
0.543030,-0.138754,-0.688484
0.540853,-0.138565,-0.689108
0.539479,-0.138546,-0.690357
0.537677,-0.136629,-0.690181
0.536167,-0.136916,-0.691393
0.532700,-0.134608,-0.693068
0.533747,-0.135303,-0.694505
0.533135,-0.133790,-0.693216
0.530440,-0.133911,-0.691728
0.529141,-0.132250,-0.693509
0.527003,-0.131092,-0.693439
0.525703,-0.129503,-0.694033
0.523893,-0.130248,-0.694963
0.522203,-0.128063,-0.693527
0.521303,-0.129774,-0.696259
0.520032,-0.127450,-0.695904
0.517325,-0.126413,-0.696436
0.516239,-0.126028,-0.697924
0.515402,-0.126365,-0.696677
0.513301,-0.123696,-0.699146
0.512504,-0.124443,-0.699542
0.511022,-0.123868,-0.701507
0.509003,-0.123210,-0.701195
0.506752,-0.122663,-0.699479
0.505589,-0.120997,-0.701212
0.504485,-0.122451,-0.702560
0.503417,-0.121551,-0.702999
0.500383,-0.121494,-0.704416
0.500073,-0.119458,-0.703501
0.497327,-0.119541,-0.705343
0.494604,-0.120312,-0.704404
0.492551,-0.117770,-0.705689
0.492539,-0.117666,-0.706426
0.671214,-0.197834,-0.643317
0.673169,-0.196287,-0.641741
0.674659,-0.195243,-0.639049
0.675203,-0.190798,-0.636764
0.675356,-0.189613,-0.635582
0.676373,-0.186971,-0.635970
0.674763,-0.184050,-0.634576
0.674569,-0.181978,-0.633078
0.674929,-0.181238,-0.629916
0.673506,-0.178686,-0.629654
0.674704,-0.175297,-0.629210
0.673328,-0.175754,-0.629084
0.672302,-0.174816,-0.627119
0.672162,-0.172085,-0.627439
0.671701,-0.170010,-0.627236
0.670243,-0.169677,-0.627040
0.669688,-0.168712,-0.626371
0.667417,-0.166871,-0.626978
0.666386,-0.167085,-0.627079
0.667512,-0.167001,-0.625328
0.664630,-0.165513,-0.627323
0.663134,-0.161518,-0.627227
0.661566,-0.163532,-0.628273
0.661266,-0.162820,-0.628139
0.659274,-0.162357,-0.627335
0.659506,-0.158461,-0.627806
0.657965,-0.156431,-0.628631
0.655190,-0.157541,-0.627077
0.654941,-0.156422,-0.626734
0.654761,-0.154993,-0.626604
0.652445,-0.155024,-0.626838
0.651521,-0.152720,-0.626433
0.651858,-0.151354,-0.627413
0.649905,-0.152719,-0.627271
0.649382,-0.152000,-0.627462
0.647352,-0.149097,-0.627036
0.645684,-0.149221,-0.628726
0.644328,-0.146542,-0.630391
0.644797,-0.145233,-0.629201
0.644543,-0.146122,-0.629096
0.641427,-0.142334,-0.629096
0.642556,-0.141554,-0.628520
0.638946,-0.142380,-0.629930
0.637946,-0.140199,-0.628521
0.637833,-0.140673,-0.629081
0.637365,-0.138926,-0.628839
0.634859,-0.136676,-0.629531
0.632510,-0.136656,-0.628614
0.632037,-0.137142,-0.628050
0.630930,-0.134998,-0.629405
0.628935,-0.134655,-0.628862
0.628080,-0.132060,-0.629962
0.627837,-0.134006,-0.629653
0.625536,-0.130433,-0.629681
0.625014,-0.129581,-0.628659
0.624616,-0.128702,-0.629808
0.623890,-0.126527,-0.628135
0.622995,-0.126414,-0.629690
0.620855,-0.126424,-0.631902
0.621264,-0.124520,-0.630699
0.619075,-0.123871,-0.629391
0.617474,-0.122484,-0.630483
0.615147,-0.122908,-0.630773
0.616369,-0.120590,-0.630013
0.616640,-0.118631,-0.628614
0.613388,-0.120192,-0.631644
0.609955,-0.115636,-0.628310
0.610171,-0.115755,-0.630202
0.610817,-0.115469,-0.629652
0.609257,-0.115998,-0.630007
0.608334,-0.114346,-0.631429
0.603914,-0.115056,-0.631441
0.600414,-0.116033,-0.637515
0.597365,-0.117009,-0.637822
0.593022,-0.120784,-0.645306
0.570549,-0.137795,-0.669074
0.566666,-0.138334,-0.670817
0.563635,-0.142284,-0.673871
0.560136,-0.140437,-0.677173
0.559987,-0.140065,-0.676437
0.554341,-0.141007,-0.679983
0.552663,-0.139914,-0.680767
0.551972,-0.141958,-0.681359
0.548635,-0.141281,-0.682954
0.548387,-0.141082,-0.682741
0.545482,-0.137986,-0.684220
0.544786,-0.140195,-0.685810
0.543166,-0.138537,-0.685737
0.541484,-0.139344,-0.686568
0.539644,-0.137582,-0.687968
0.537114,-0.137936,-0.688348
0.535416,-0.134486,-0.689159
0.534477,-0.136480,-0.689554
0.534034,-0.134872,-0.689629
0.530684,-0.133693,-0.691335
0.530768,-0.132731,-0.691448
0.528402,-0.133026,-0.690509
0.528545,-0.130583,-0.692328
0.525862,-0.130753,-0.692315
0.524965,-0.129199,-0.692049
0.523356,-0.131113,-0.692536
0.520731,-0.127826,-0.692792
0.518608,-0.127762,-0.694152
0.518074,-0.129744,-0.695087
0.515093,-0.128675,-0.696399
0.515354,-0.126524,-0.697675
0.513655,-0.125225,-0.696691
0.512254,-0.126058,-0.697394
0.508734,-0.125412,-0.697909
0.508968,-0.123533,-0.698492
0.506859,-0.123011,-0.699464
0.504195,-0.123851,-0.700838
0.503545,-0.120185,-0.698609
0.501779,-0.120983,-0.701110
0.497870,-0.120960,-0.700737
0.497770,-0.118948,-0.701337
0.495798,-0.119317,-0.703717
0.493163,-0.119932,-0.704571
0.494094,-0.118807,-0.704128
0.491387,-0.118258,-0.705957
0.669974,-0.207192,-0.646531
0.672101,-0.202386,-0.641631
0.673190,-0.198445,-0.640129
0.674469,-0.197193,-0.639935
0.673862,-0.196522,-0.636807
0.674423,-0.191699,-0.633767
0.674607,-0.191430,-0.634396
0.676286,-0.187542,-0.631953
0.672472,-0.185110,-0.631792
0.671958,-0.183672,-0.630572
0.674506,-0.180384,-0.629177
0.673721,-0.180590,-0.630517
0.673452,-0.179054,-0.627695
0.671484,-0.176843,-0.625792
0.673001,-0.173248,-0.624866
0.672434,-0.172510,-0.624081
0.670603,-0.169292,-0.622429
0.669581,-0.168386,-0.621401
0.669958,-0.169250,-0.621959
0.669157,-0.165229,-0.622270
0.666174,-0.165714,-0.622438
0.665755,-0.165690,-0.624690
0.665295,-0.161903,-0.621928
0.665623,-0.162605,-0.624006
0.663821,-0.161411,-0.624032
0.662573,-0.159198,-0.624635
0.661671,-0.158158,-0.624267
0.659039,-0.158167,-0.621805
0.658044,-0.157426,-0.623697
0.659028,-0.155467,-0.623731
0.656214,-0.155698,-0.624502
0.654651,-0.156118,-0.625408
0.653563,-0.153917,-0.624343
0.652929,-0.151878,-0.623995
0.653256,-0.151644,-0.623832
0.649034,-0.150804,-0.623990
0.648928,-0.148324,-0.625515
0.646762,-0.149307,-0.625400
0.647441,-0.148986,-0.623542
0.645496,-0.146255,-0.624861
0.643281,-0.145433,-0.625458
0.643924,-0.144091,-0.624159
0.644474,-0.143350,-0.623639
0.641400,-0.141449,-0.625734
0.641432,-0.141671,-0.625854
0.638602,-0.139817,-0.627051
0.636864,-0.139092,-0.624290
0.638220,-0.139421,-0.624807
0.636635,-0.138413,-0.625677
0.634155,-0.135829,-0.625892
0.634187,-0.135554,-0.625848
0.631815,-0.133896,-0.625954
0.631403,-0.134526,-0.626139
0.629241,-0.131819,-0.625920
0.629718,-0.128658,-0.626789
0.628018,-0.130322,-0.626042
0.626729,-0.127046,-0.626017
0.626461,-0.127954,-0.626544
0.623885,-0.126658,-0.625992
0.623164,-0.125647,-0.624846
0.622153,-0.126476,-0.628143
0.619567,-0.122307,-0.627081
0.620854,-0.122533,-0.628685
0.619058,-0.121278,-0.625522
0.617715,-0.119379,-0.626441
0.616338,-0.119691,-0.624895
0.615187,-0.118839,-0.626423
0.614335,-0.116728,-0.625823
0.611448,-0.116066,-0.628518
0.612064,-0.115288,-0.626797
0.609781,-0.115030,-0.627401
0.609841,-0.114925,-0.627211
0.605146,-0.114134,-0.629073
0.602392,-0.115464,-0.632614
0.599276,-0.117173,-0.635268
0.596874,-0.118228,-0.638447
0.589610,-0.121747,-0.645718
0.572468,-0.137835,-0.665531
0.569036,-0.139108,-0.668633
0.563237,-0.140405,-0.670584
0.558992,-0.139777,-0.674065
0.559793,-0.141390,-0.676063
0.556020,-0.143603,-0.677458
0.552458,-0.140561,-0.677388
0.552996,-0.141192,-0.680191
0.549246,-0.140283,-0.681616
0.547496,-0.140840,-0.681757
0.546073,-0.138808,-0.684165
0.545399,-0.140944,-0.683808
0.542633,-0.139728,-0.685803
0.541096,-0.137149,-0.685500
0.540119,-0.137134,-0.684556
0.538043,-0.137114,-0.685633
0.537424,-0.136956,-0.685851
0.534980,-0.136573,-0.688081
0.533346,-0.135968,-0.689519
0.528424,-0.134839,-0.687392
0.532299,-0.133135,-0.688241
0.528413,-0.133213,-0.688754
0.526605,-0.132018,-0.688139
0.526323,-0.132335,-0.689765
0.524647,-0.130619,-0.690250
0.519419,-0.129227,-0.691557
0.519318,-0.129539,-0.692384
0.518313,-0.128758,-0.692043
0.517898,-0.127790,-0.695545
0.517221,-0.127963,-0.691670
0.512929,-0.127837,-0.693744
0.511575,-0.127625,-0.695369
0.509760,-0.127295,-0.696132
0.508747,-0.125996,-0.696144
0.506199,-0.124437,-0.696003
0.504934,-0.124309,-0.698497
0.503981,-0.123978,-0.698379
0.501871,-0.120211,-0.697902
0.501161,-0.120889,-0.699488
0.497225,-0.120834,-0.701107
0.498879,-0.122107,-0.701420
0.496167,-0.118204,-0.700511
0.492537,-0.119653,-0.702208
0.492105,-0.118260,-0.704102
0.490628,-0.120324,-0.704357
0.671227,-0.208253,-0.647084
0.674543,-0.203670,-0.641205
0.673477,-0.202378,-0.642482
0.673854,-0.197821,-0.638634
0.674528,-0.197315,-0.637671
0.673911,-0.192575,-0.634557
0.674893,-0.192837,-0.632843
0.674228,-0.190338,-0.631987
0.673755,-0.188181,-0.631115
0.673109,-0.186448,-0.630886
0.673338,-0.185312,-0.630256
0.670636,-0.182133,-0.628514
0.671661,-0.179979,-0.627022
0.670721,-0.178598,-0.626505
0.671981,-0.175987,-0.627713
0.671734,-0.173843,-0.624918
0.669492,-0.172247,-0.624674
0.671135,-0.173181,-0.622072
0.670808,-0.169112,-0.622412
0.670155,-0.165488,-0.619728
0.669149,-0.165766,-0.619938
0.669185,-0.165931,-0.619193
0.668059,-0.164176,-0.620103
0.664887,-0.164224,-0.619654
0.663681,-0.162157,-0.622802
0.664292,-0.158388,-0.618788
0.663996,-0.159601,-0.620119
0.661583,-0.158159,-0.621298
0.660729,-0.157149,-0.620024
0.660307,-0.156299,-0.617896
0.659053,-0.156434,-0.620182
0.657360,-0.154324,-0.621733
0.654642,-0.153306,-0.621969
0.654204,-0.151296,-0.622040
0.652964,-0.151618,-0.621082
0.653582,-0.151591,-0.620357
0.650259,-0.150068,-0.622085
0.649946,-0.146728,-0.619907
0.649330,-0.147805,-0.621644
0.649028,-0.147979,-0.621336
0.648246,-0.146230,-0.622295
0.645691,-0.143833,-0.621524
0.643795,-0.143814,-0.622976
0.643120,-0.141288,-0.621270
0.641417,-0.141225,-0.623280
0.640460,-0.140827,-0.622429
0.639027,-0.138114,-0.621826
0.640353,-0.138134,-0.622534
0.636611,-0.138581,-0.622193
0.636204,-0.137561,-0.620415
0.634370,-0.135521,-0.621666
0.634316,-0.134411,-0.622104
0.633290,-0.133719,-0.623277
0.632217,-0.132619,-0.623757
0.630448,-0.131675,-0.622103
0.629726,-0.129878,-0.620120
0.629109,-0.130452,-0.623058
0.625591,-0.127827,-0.623232
0.626815,-0.126428,-0.621916
0.624775,-0.126176,-0.622120
0.624630,-0.124062,-0.622845
0.623267,-0.124021,-0.623622
0.620591,-0.124014,-0.622980
0.623695,-0.121846,-0.619943
0.618870,-0.121498,-0.622635
0.618231,-0.120269,-0.624771
0.616489,-0.117918,-0.623279
0.614519,-0.118452,-0.621716
0.616395,-0.116801,-0.621631
0.611673,-0.117185,-0.623096
0.613877,-0.114613,-0.623691
0.609827,-0.114503,-0.626228
0.606029,-0.113561,-0.628239
0.604228,-0.117743,-0.631444
0.601948,-0.116270,-0.631278
0.598089,-0.116548,-0.635261
0.593723,-0.117835,-0.636545
0.588658,-0.122610,-0.642767
0.573146,-0.137600,-0.660489
0.567953,-0.139587,-0.665717
0.563663,-0.139906,-0.669900
0.561464,-0.141385,-0.670234
0.557717,-0.141440,-0.673534
0.555932,-0.141563,-0.673519
0.553685,-0.139279,-0.674939
0.551474,-0.141268,-0.678666
0.549954,-0.143579,-0.678384
0.547859,-0.140007,-0.678732
0.545610,-0.137710,-0.678882
0.544472,-0.139167,-0.680996
0.543005,-0.140259,-0.682030
0.541172,-0.138327,-0.681007
0.539091,-0.135271,-0.680605
0.537375,-0.136946,-0.682703
0.535691,-0.135795,-0.682950
0.535326,-0.136657,-0.685889
0.531268,-0.134878,-0.684980
0.530879,-0.134616,-0.686169
0.531056,-0.133683,-0.687874
0.525479,-0.135101,-0.686561
0.523823,-0.132044,-0.689339
0.525956,-0.132534,-0.688168
0.522091,-0.132761,-0.688263
0.520415,-0.131756,-0.689294
0.519861,-0.131454,-0.690385
0.518992,-0.127982,-0.691960
0.516549,-0.130327,-0.690824
0.514143,-0.127328,-0.692459
0.513964,-0.126662,-0.693339
0.511719,-0.126935,-0.691768
0.510634,-0.126488,-0.695333
0.505752,-0.125473,-0.692613
0.506034,-0.126094,-0.697079
0.502622,-0.122765,-0.694509
0.504561,-0.125402,-0.695900
0.499715,-0.123473,-0.698023
0.500500,-0.123836,-0.696929
0.499181,-0.122701,-0.700340
0.498488,-0.122248,-0.700172
0.494016,-0.122047,-0.700345
0.491480,-0.119964,-0.699924
0.491958,-0.119594,-0.702247
0.489709,-0.121497,-0.702825
0.488656,-0.119346,-0.702414
0.670183,-0.214532,-0.647105
0.674354,-0.207785,-0.640422
0.674688,-0.205360,-0.639448
0.672997,-0.204263,-0.639850
0.672468,-0.201910,-0.639157
0.672262,-0.199043,-0.635665
0.673171,-0.196531,-0.633666
0.674848,-0.194865,-0.631895
0.673311,-0.190949,-0.630345
0.674202,-0.189013,-0.630819
0.673665,-0.188463,-0.630047
0.672535,-0.186144,-0.629544
0.672420,-0.184167,-0.628608
0.672671,-0.183607,-0.627837
0.670885,-0.182357,-0.626473
0.672066,-0.181438,-0.624649
0.671480,-0.177945,-0.624507
0.672286,-0.174981,-0.623804
0.669574,-0.175726,-0.622006
0.668864,-0.172922,-0.622182
0.668934,-0.169687,-0.622168
0.670257,-0.168549,-0.618550
0.668969,-0.164495,-0.619406
0.667884,-0.164399,-0.617603
0.667348,-0.162916,-0.617534
0.667883,-0.162468,-0.617327
0.665802,-0.160450,-0.617606
0.664976,-0.160113,-0.616015
0.664561,-0.158203,-0.616412
0.661542,-0.158035,-0.616014
0.660980,-0.158155,-0.615731
0.661610,-0.156146,-0.617465
0.658123,-0.154506,-0.616249
0.657499,-0.152250,-0.617720
0.656317,-0.151833,-0.617740
0.656229,-0.151013,-0.616358
0.654844,-0.149358,-0.619322
0.652023,-0.150212,-0.616987
0.652152,-0.147256,-0.617381
0.650376,-0.149212,-0.616080
0.649564,-0.147211,-0.618721
0.648916,-0.147001,-0.617631
0.648789,-0.143508,-0.616863
0.646805,-0.142521,-0.618742
0.644939,-0.142768,-0.617913
0.644660,-0.139466,-0.619098
0.644204,-0.139158,-0.619078
0.642563,-0.138604,-0.618120
0.640568,-0.139441,-0.617365
0.639761,-0.135622,-0.617007
0.638819,-0.135708,-0.618803
0.639516,-0.134041,-0.618987
0.635325,-0.134044,-0.616776
0.634339,-0.133614,-0.618718
0.632724,-0.132172,-0.620199
0.634443,-0.132387,-0.618526
0.631150,-0.128176,-0.618680
0.630886,-0.128193,-0.619606
0.630832,-0.129665,-0.618657
0.628961,-0.128367,-0.619552
0.626083,-0.125157,-0.621963
0.627244,-0.125117,-0.619599
0.624849,-0.123061,-0.620537
0.623806,-0.123922,-0.620723
0.622024,-0.123576,-0.618496
0.621071,-0.120813,-0.619122
0.619506,-0.119562,-0.618415
0.619427,-0.118869,-0.618453
0.620193,-0.117585,-0.620925
0.618178,-0.116324,-0.620281
0.616984,-0.117294,-0.619440
0.611284,-0.114147,-0.619345
0.611635,-0.114465,-0.624496
0.609562,-0.115618,-0.624678
0.606715,-0.120079,-0.626216
0.600969,-0.116610,-0.628552
0.600575,-0.117327,-0.630459
0.597514,-0.116819,-0.634729
0.592591,-0.121411,-0.637569
0.586684,-0.123867,-0.642710
0.571135,-0.136443,-0.660878
0.566996,-0.139382,-0.662994
0.562791,-0.140393,-0.665867
0.559917,-0.140712,-0.668277
0.557989,-0.142227,-0.670435
0.555639,-0.142124,-0.674743
0.554534,-0.141429,-0.673644
0.552420,-0.142146,-0.674303
0.549411,-0.140589,-0.676743
0.548391,-0.140311,-0.677605
0.544857,-0.139174,-0.677984
0.543661,-0.138454,-0.677631
0.540668,-0.139093,-0.679188
0.540427,-0.138402,-0.678134
0.538961,-0.137690,-0.679572
0.537294,-0.137577,-0.680730
0.535258,-0.138032,-0.679351
0.533999,-0.136897,-0.681585
0.531971,-0.136893,-0.683793
0.532706,-0.135364,-0.683178
0.527822,-0.134291,-0.683636
0.525756,-0.134025,-0.686352
0.526689,-0.132467,-0.684424
0.522690,-0.132471,-0.686515
0.522299,-0.131525,-0.687410
0.522434,-0.130786,-0.687709
0.519265,-0.132118,-0.689346
0.518138,-0.131845,-0.688832
0.515638,-0.129424,-0.689979
0.514629,-0.129970,-0.690698
0.512961,-0.127738,-0.690575
0.511708,-0.129272,-0.691807
0.508489,-0.127589,-0.692252
0.507186,-0.127833,-0.692177
0.505584,-0.127561,-0.693539
0.503582,-0.123887,-0.695906
0.503332,-0.124082,-0.694702
0.500093,-0.127041,-0.696367
0.499033,-0.123385,-0.696923
0.498993,-0.124684,-0.696809
0.497239,-0.122305,-0.699708
0.493699,-0.120650,-0.699021
0.493696,-0.121798,-0.700707
0.490755,-0.119912,-0.697954
0.487630,-0.120281,-0.701995
0.486443,-0.118068,-0.700782
0.671782,-0.213820,-0.640653
0.676876,-0.209845,-0.638868
0.673764,-0.207525,-0.638922
0.674845,-0.205546,-0.634382
0.673900,-0.203063,-0.634227
0.675158,-0.199811,-0.635565
0.674059,-0.195775,-0.633080
0.674320,-0.197826,-0.631120
0.674934,-0.193283,-0.629394
0.673060,-0.194106,-0.629642
0.673117,-0.191414,-0.627809
0.671665,-0.188572,-0.626253
0.672502,-0.188361,-0.626635
0.671497,-0.183279,-0.627772
0.672641,-0.183732,-0.626137
0.672321,-0.181470,-0.625508
0.668693,-0.180884,-0.623551
0.669148,-0.178785,-0.622149
0.670319,-0.177070,-0.621474
0.670344,-0.174939,-0.622355
0.668102,-0.173097,-0.620516
0.668299,-0.172530,-0.619013
0.667480,-0.169192,-0.617847
0.667888,-0.165221,-0.617028
0.668617,-0.163495,-0.617907
0.667260,-0.164934,-0.616215
0.665876,-0.162315,-0.613888
0.666454,-0.159919,-0.611243
0.664964,-0.158505,-0.615149
0.665842,-0.157862,-0.615821
0.663342,-0.158341,-0.613982
0.662146,-0.155349,-0.614295
0.660888,-0.153756,-0.614027
0.657538,-0.151996,-0.614101
0.658994,-0.151062,-0.613526
0.660183,-0.150269,-0.614657
0.657097,-0.152086,-0.615336
0.655479,-0.151830,-0.615515
0.655470,-0.148803,-0.614499
0.653882,-0.147890,-0.614179
0.651313,-0.146715,-0.612200
0.649628,-0.145953,-0.614660
0.649494,-0.147245,-0.614548
0.648946,-0.144801,-0.614916
0.647559,-0.144216,-0.614224
0.646752,-0.140952,-0.614510
0.644581,-0.138158,-0.615839
0.644308,-0.139230,-0.615288
0.643841,-0.137417,-0.615157
0.642031,-0.137233,-0.615036
0.642911,-0.137397,-0.613495
0.639481,-0.134911,-0.616525
0.638513,-0.132904,-0.614264
0.639876,-0.133253,-0.614995
0.634093,-0.131373,-0.617567
0.634552,-0.130239,-0.616510
0.631819,-0.130859,-0.615203
0.632569,-0.130384,-0.615767
0.632194,-0.128755,-0.617578
0.630571,-0.127773,-0.616551
0.628768,-0.126571,-0.615806
0.626495,-0.124309,-0.615989
0.626775,-0.124090,-0.613383
0.627356,-0.122765,-0.617091
0.624875,-0.122272,-0.615695
0.624045,-0.120546,-0.616711
0.623030,-0.120615,-0.615842
0.622461,-0.119700,-0.615955
0.621390,-0.117133,-0.617030
0.619904,-0.117369,-0.616937
0.617307,-0.118855,-0.616009
0.614867,-0.117370,-0.617879
0.611747,-0.118343,-0.621128
0.610155,-0.115571,-0.622799
0.607176,-0.119357,-0.623633
0.604254,-0.117949,-0.627936
0.601291,-0.118772,-0.629052
0.597966,-0.118149,-0.631219
0.594926,-0.122622,-0.633046
0.591827,-0.121673,-0.636828
0.586245,-0.121682,-0.641259
0.573383,-0.136453,-0.657017
0.568297,-0.138251,-0.661301
0.562411,-0.140006,-0.663915
0.562442,-0.141985,-0.667451
0.557017,-0.140730,-0.668085
0.556585,-0.143469,-0.668769
0.554088,-0.140242,-0.671174
0.551377,-0.139534,-0.673035
0.549604,-0.142257,-0.674375
0.548069,-0.139266,-0.674820
0.548449,-0.138784,-0.675079
0.545248,-0.139609,-0.675868
0.543934,-0.140633,-0.676928
0.539500,-0.139940,-0.677064
0.540587,-0.136994,-0.678073
0.537791,-0.137628,-0.679244
0.536885,-0.134717,-0.678719
0.534278,-0.135023,-0.679804
0.532565,-0.136994,-0.681076
0.530168,-0.133516,-0.682440
0.529875,-0.135004,-0.682869
0.527598,-0.135101,-0.685055
0.525520,-0.134038,-0.682795
0.522520,-0.133954,-0.683131
0.522728,-0.131129,-0.685477
0.519063,-0.130871,-0.687144
0.518784,-0.130662,-0.686712
0.516249,-0.130671,-0.688945
0.515990,-0.131073,-0.686386
0.512254,-0.129710,-0.688793
0.511725,-0.129125,-0.689458
0.511846,-0.129791,-0.690478
0.506887,-0.126780,-0.692076
0.505569,-0.127550,-0.691882
0.505823,-0.128714,-0.692544
0.503086,-0.125878,-0.691713
0.502436,-0.125577,-0.694350
0.498514,-0.124799,-0.694431
0.498808,-0.123821,-0.695661
0.497108,-0.123694,-0.696747
0.496708,-0.124902,-0.695729
0.492416,-0.123032,-0.697659
0.490953,-0.120674,-0.698851
0.489841,-0.120512,-0.699441
0.487933,-0.120396,-0.699465
0.486269,-0.120958,-0.700871
0.672477,-0.220293,-0.647115
0.674644,-0.211132,-0.636970
0.673172,-0.209423,-0.634254
0.675395,-0.207165,-0.635198
0.674772,-0.206484,-0.634948
0.675431,-0.202141,-0.632705
0.676111,-0.202752,-0.631489
0.675308,-0.199539,-0.630854
0.672246,-0.197062,-0.630761
0.674368,-0.196450,-0.627198
0.673729,-0.195244,-0.628181
0.671612,-0.192219,-0.629730
0.671494,-0.191999,-0.626652
0.672327,-0.188420,-0.625739
0.671364,-0.189025,-0.624259
0.671858,-0.186074,-0.623589
0.672435,-0.183387,-0.622491
0.668565,-0.184164,-0.624475
0.670340,-0.180116,-0.620268
0.668410,-0.178022,-0.621847
0.668955,-0.177881,-0.621186
0.669691,-0.175259,-0.618896
0.668060,-0.174187,-0.620058
0.667251,-0.171487,-0.619118
0.668635,-0.170994,-0.616992
0.666433,-0.167809,-0.616078
0.665423,-0.166726,-0.615383
0.666522,-0.164763,-0.614141
0.664032,-0.160859,-0.614419
0.665485,-0.162210,-0.611950
0.665569,-0.158593,-0.610468
0.665922,-0.158141,-0.610531
0.664380,-0.156302,-0.610782
0.661531,-0.155027,-0.612007
0.662892,-0.152666,-0.610030
0.659963,-0.151678,-0.610650
0.659609,-0.151972,-0.609056
0.657267,-0.150366,-0.613314
0.659178,-0.150433,-0.610030
0.655113,-0.147679,-0.611068
0.655747,-0.147698,-0.610628
0.654716,-0.146096,-0.610650
0.654097,-0.145089,-0.610165
0.653725,-0.144402,-0.609849
0.650955,-0.141963,-0.610502
0.650120,-0.141210,-0.612518
0.648799,-0.142136,-0.611797
0.646504,-0.142203,-0.610847
0.646276,-0.139817,-0.611278
0.645035,-0.137400,-0.612329
0.644788,-0.136778,-0.612935
0.642517,-0.135739,-0.612375
0.641195,-0.134814,-0.612746
0.641380,-0.135703,-0.612161
0.639847,-0.132177,-0.612018
0.637447,-0.133303,-0.611312
0.636378,-0.132835,-0.612526
0.635727,-0.130343,-0.612324
0.635015,-0.130180,-0.612724
0.632553,-0.128276,-0.612651
0.631072,-0.126920,-0.610481
0.631695,-0.126650,-0.611718
0.628798,-0.125164,-0.612234
0.630316,-0.122465,-0.610382
0.628439,-0.122050,-0.612572
0.626558,-0.122496,-0.612537
0.626791,-0.122108,-0.611788
0.625322,-0.118900,-0.613353
0.623532,-0.118118,-0.612822
0.621289,-0.119797,-0.613548
0.621988,-0.118372,-0.614852
0.618715,-0.119197,-0.618491
0.616926,-0.117006,-0.617495
0.613921,-0.116665,-0.616911
0.610220,-0.117717,-0.618427
0.609290,-0.119438,-0.620935
0.605599,-0.119039,-0.622397
0.602738,-0.118872,-0.625402
0.599248,-0.121588,-0.627996
0.596482,-0.123285,-0.630798
0.592528,-0.120446,-0.632344
0.591468,-0.123624,-0.637023
0.584845,-0.128578,-0.640554
0.572358,-0.136126,-0.654511
0.566146,-0.139646,-0.660041
0.563899,-0.141184,-0.662033
0.561668,-0.141402,-0.662810
0.559612,-0.140299,-0.667224
0.556059,-0.141406,-0.666972
0.552693,-0.141500,-0.670575
0.551022,-0.141285,-0.668394
0.551111,-0.141456,-0.670389
0.548559,-0.140044,-0.671869
0.546974,-0.138788,-0.672287
0.544697,-0.139391,-0.673509
0.544869,-0.137794,-0.673442
0.540944,-0.137981,-0.675836
0.539247,-0.139001,-0.675682
0.538717,-0.138500,-0.677089
0.536418,-0.134588,-0.677843
0.533999,-0.136399,-0.678885
0.532197,-0.135895,-0.679109
0.529214,-0.134996,-0.679683
0.527652,-0.135972,-0.680101
0.528488,-0.134509,-0.680250
0.526154,-0.134657,-0.683178
0.523598,-0.133688,-0.681874
0.524517,-0.133022,-0.682720
0.519481,-0.132123,-0.684038
0.518910,-0.131638,-0.684447
0.516519,-0.128828,-0.684992
0.513442,-0.132106,-0.687307
0.512673,-0.130850,-0.687261
0.510896,-0.130179,-0.687156
0.510839,-0.129992,-0.688797
0.508077,-0.131528,-0.690752
0.506541,-0.128564,-0.691860
0.503901,-0.128229,-0.691787
0.501658,-0.127051,-0.691832
0.501165,-0.127068,-0.691716
0.499103,-0.124873,-0.694320
0.496829,-0.125516,-0.692876
0.496777,-0.124190,-0.693905
0.494810,-0.125057,-0.693777
0.493742,-0.120557,-0.696996
0.489035,-0.124441,-0.697295
0.490288,-0.120573,-0.695989
0.485786,-0.121881,-0.698458
0.487049,-0.122566,-0.698041
0.672724,-0.218860,-0.640960
0.677107,-0.211942,-0.635575
0.677487,-0.212469,-0.634177
0.676161,-0.209481,-0.632745
0.676931,-0.205643,-0.632719
0.674469,-0.204747,-0.632293
0.675749,-0.203162,-0.632250
0.675626,-0.201264,-0.630373
0.673729,-0.199208,-0.627993
0.675065,-0.199875,-0.626658
0.673680,-0.194565,-0.626978
0.672862,-0.196190,-0.626102
0.672330,-0.193747,-0.625976
0.671847,-0.191912,-0.624269
0.670896,-0.191200,-0.625000
0.672287,-0.189421,-0.624783
0.669073,-0.185471,-0.623041
0.671053,-0.184666,-0.622051
0.669002,-0.182404,-0.621504
0.669307,-0.182547,-0.619475
0.669168,-0.179467,-0.620911
0.667777,-0.178115,-0.618182
0.667877,-0.176813,-0.618265
0.667856,-0.175115,-0.618519
0.665585,-0.174201,-0.617950
0.665308,-0.173316,-0.616612
0.664149,-0.169964,-0.617937
0.665459,-0.169783,-0.614051
0.664519,-0.165475,-0.612956
0.665882,-0.163331,-0.612335
0.662261,-0.164307,-0.611584
0.664196,-0.159931,-0.611755
0.663932,-0.158988,-0.609222
0.661278,-0.157726,-0.608649
0.662230,-0.156193,-0.611847
0.661734,-0.156108,-0.609081
0.660267,-0.153605,-0.607685
0.658773,-0.150914,-0.607695
0.659818,-0.150025,-0.607058
0.659101,-0.149069,-0.607289
0.656648,-0.146630,-0.608300
0.655861,-0.147966,-0.608551
0.653769,-0.144349,-0.607598
0.654137,-0.144493,-0.606552
0.652220,-0.143163,-0.608374
0.651090,-0.143754,-0.609374
0.651090,-0.139981,-0.608748
0.649522,-0.140360,-0.608294
0.647446,-0.139645,-0.610999
0.646017,-0.139326,-0.607901
0.645773,-0.138689,-0.607460
0.645613,-0.139169,-0.609603
0.644137,-0.135744,-0.608949
0.640763,-0.133860,-0.607079
0.641833,-0.133061,-0.608822
0.639605,-0.134044,-0.608367
0.637529,-0.131587,-0.607833
0.638581,-0.131320,-0.608096
0.637255,-0.130170,-0.606890
0.634651,-0.128606,-0.609172
0.635480,-0.128131,-0.609437
0.634097,-0.126949,-0.609807
0.632930,-0.126304,-0.608019
0.631043,-0.123508,-0.608312
0.629946,-0.123697,-0.608900
0.629928,-0.123441,-0.608217
0.627266,-0.121695,-0.610016
0.625439,-0.120540,-0.610365
0.622413,-0.121494,-0.612778
0.622489,-0.121410,-0.612175
0.620142,-0.120425,-0.613614
0.619528,-0.119085,-0.613616
0.615626,-0.120547,-0.615726
0.613315,-0.120461,-0.615788
0.610959,-0.120759,-0.618920
0.609221,-0.119716,-0.620586
0.606328,-0.123093,-0.623373
0.604779,-0.121006,-0.624558
0.601230,-0.123031,-0.622862
0.598240,-0.120057,-0.626173
0.594945,-0.121454,-0.627730
0.592486,-0.123090,-0.632535
0.588986,-0.125149,-0.633987
0.584138,-0.128754,-0.641741
0.574099,-0.136142,-0.654195
0.566127,-0.141149,-0.657424
0.563759,-0.138705,-0.658373
0.560273,-0.141864,-0.662405
0.559062,-0.142228,-0.663750
0.556223,-0.143099,-0.665280
0.553856,-0.141127,-0.666343
0.551426,-0.141696,-0.670253
0.550933,-0.143285,-0.668461
0.548522,-0.140449,-0.669987
0.547391,-0.139355,-0.669291
0.544521,-0.139999,-0.670482
0.542089,-0.139050,-0.671396
0.542151,-0.137654,-0.671545
0.539833,-0.137208,-0.675713
0.536852,-0.137117,-0.674477
0.536574,-0.137167,-0.676527
0.533408,-0.137172,-0.676668
0.530989,-0.136969,-0.676194
0.529546,-0.135608,-0.677207
0.529768,-0.136825,-0.679775
0.528008,-0.136593,-0.679251
0.525020,-0.136060,-0.680213
0.523015,-0.134852,-0.681940
0.522136,-0.133660,-0.680825
0.520112,-0.133637,-0.683631
0.516972,-0.132755,-0.683861
0.515874,-0.133041,-0.681509
0.512580,-0.133413,-0.683748
0.512956,-0.131045,-0.686545
0.508201,-0.130021,-0.685573
0.508255,-0.130443,-0.687474
0.507343,-0.127492,-0.687969
0.507375,-0.127532,-0.689983
0.504522,-0.129068,-0.690931
0.502222,-0.128987,-0.689931
0.499507,-0.126564,-0.692366
0.498912,-0.126846,-0.692514
0.495814,-0.125257,-0.693261
0.496101,-0.124976,-0.694707
0.493667,-0.126679,-0.693559
0.491856,-0.124453,-0.695092
0.490446,-0.122555,-0.694249
0.488330,-0.122016,-0.695437
0.487864,-0.122570,-0.695424
0.485001,-0.121843,-0.696958
0.483403,-0.122026,-0.698670
0.676076,-0.221593,-0.637510
0.677150,-0.216716,-0.634619
0.679405,-0.215846,-0.633373
0.677333,-0.212088,-0.631557
0.675854,-0.211683,-0.630523
0.676536,-0.210483,-0.629347
0.675751,-0.205992,-0.629139
0.677232,-0.206176,-0.629796
0.676037,-0.202212,-0.627224
0.675112,-0.201405,-0.625591
0.674588,-0.200326,-0.627288
0.674412,-0.199698,-0.625478
0.674806,-0.195928,-0.627191
0.674935,-0.194128,-0.622814
0.671591,-0.192990,-0.624434
0.671951,-0.194737,-0.623146
0.670672,-0.190825,-0.622325
0.670398,-0.189085,-0.622628
0.668994,-0.187032,-0.621224
0.670587,-0.185798,-0.621042
0.668062,-0.184304,-0.619539
0.669461,-0.181096,-0.619395
0.668454,-0.178271,-0.617231
0.666521,-0.178211,-0.618694
0.665979,-0.176969,-0.617781
0.664808,-0.175903,-0.615220
0.664853,-0.174027,-0.616099
0.664328,-0.172937,-0.616429
0.663040,-0.170270,-0.616509
0.662432,-0.169349,-0.614770
0.664353,-0.166970,-0.613508
0.662052,-0.165488,-0.613000
0.665373,-0.164790,-0.611355
0.662926,-0.163468,-0.609733
0.661281,-0.159406,-0.612013
0.662783,-0.158418,-0.609209
0.660616,-0.156675,-0.607391
0.661734,-0.156634,-0.606292
0.658720,-0.155156,-0.606575
0.658957,-0.150910,-0.606956
0.658630,-0.149573,-0.605829
0.658239,-0.149733,-0.605483
0.658388,-0.147012,-0.605063
0.655105,-0.146423,-0.607328
0.655783,-0.147298,-0.605912
0.654971,-0.144256,-0.606233
0.652495,-0.143402,-0.603526
0.650746,-0.140885,-0.605203
0.651218,-0.141284,-0.603600
0.648205,-0.139108,-0.604437
0.648220,-0.137727,-0.605374
0.647434,-0.139089,-0.605189
0.644665,-0.135393,-0.604632
0.643776,-0.138625,-0.605052
0.646104,-0.135839,-0.606488
0.642051,-0.133642,-0.604561
0.642550,-0.132711,-0.604906
0.641079,-0.131842,-0.606588
0.639615,-0.130928,-0.606063
0.638592,-0.130221,-0.606527
0.637986,-0.130223,-0.605743
0.635254,-0.130349,-0.606607
0.634632,-0.127912,-0.606219
0.634147,-0.125421,-0.608508
0.632489,-0.125759,-0.607827
0.630875,-0.126454,-0.606959
0.630371,-0.124013,-0.609885
0.627611,-0.122997,-0.607968
0.625840,-0.123758,-0.610237
0.624822,-0.123388,-0.611129
0.621651,-0.123834,-0.611586
0.620571,-0.123395,-0.612955
0.618510,-0.122542,-0.613889
0.616061,-0.123120,-0.615573
0.612839,-0.121881,-0.617087
0.611216,-0.120845,-0.615356
0.609584,-0.122546,-0.618210
0.607744,-0.122432,-0.620413
0.604642,-0.122810,-0.621660
0.601172,-0.122899,-0.623684
0.602450,-0.125484,-0.626617
0.597581,-0.123055,-0.627234
0.594279,-0.124433,-0.628735
0.592892,-0.124247,-0.632215
0.589932,-0.124422,-0.633771
0.580776,-0.132827,-0.643926
0.572701,-0.136894,-0.650858
0.567238,-0.138811,-0.654300
0.564180,-0.139297,-0.658645
0.560512,-0.139654,-0.657999
0.557640,-0.142790,-0.659623
0.556321,-0.142505,-0.663236
0.553263,-0.140974,-0.664310
0.550142,-0.143132,-0.667386
0.548925,-0.140947,-0.665320
0.547603,-0.139665,-0.668059
0.547076,-0.141686,-0.667017
0.543850,-0.139643,-0.667883
0.541685,-0.138182,-0.668306
0.540613,-0.139197,-0.672017
0.539239,-0.138205,-0.673207
0.536801,-0.136511,-0.672902
0.535248,-0.135970,-0.673185
0.532483,-0.138157,-0.673914
0.531778,-0.136881,-0.676355
0.528339,-0.136854,-0.676631
0.528724,-0.136875,-0.676697
0.526590,-0.135032,-0.676334
0.523200,-0.134604,-0.679039
0.522446,-0.135131,-0.679682
0.522302,-0.132809,-0.679831
0.518961,-0.133263,-0.681078
0.517429,-0.133095,-0.682510
0.516774,-0.130621,-0.682525
0.511430,-0.131973,-0.682798
0.510986,-0.131940,-0.684596
0.511726,-0.131358,-0.684833
0.508711,-0.130526,-0.684069
0.507070,-0.131125,-0.685055
0.505691,-0.129167,-0.688298
0.504014,-0.131045,-0.687945
0.500960,-0.129338,-0.689752
0.499019,-0.130513,-0.688221
0.499324,-0.128984,-0.689103
0.495735,-0.128458,-0.690088
0.494909,-0.125666,-0.692816
0.494681,-0.126272,-0.691808
0.488937,-0.124695,-0.692877
0.490486,-0.124912,-0.694483
0.489279,-0.123495,-0.694369
0.485077,-0.125623,-0.694536
0.483797,-0.119996,-0.693408
0.481966,-0.123274,-0.697560
0.678290,-0.224534,-0.639574
0.680167,-0.219339,-0.632702
0.679981,-0.216765,-0.631121
0.678359,-0.214625,-0.630158
0.679878,-0.212835,-0.629516
0.678373,-0.213537,-0.629654
0.678613,-0.210288,-0.628208
0.676150,-0.206966,-0.629365
0.675641,-0.205523,-0.628000
0.674513,-0.204271,-0.626952
0.676436,-0.203643,-0.625556
0.675840,-0.201031,-0.623899
0.674127,-0.198677,-0.624463
0.673942,-0.197847,-0.622481
0.672982,-0.198556,-0.623812
0.673193,-0.194697,-0.622942
0.670609,-0.195115,-0.621430
0.671674,-0.191381,-0.620562
0.669894,-0.190182,-0.622650
0.669305,-0.188168,-0.621477
0.669869,-0.186899,-0.620132
0.668784,-0.186737,-0.620520
0.668140,-0.183745,-0.616034
0.665447,-0.181708,-0.618037
0.667204,-0.181365,-0.617036
0.664749,-0.179821,-0.617311
0.665513,-0.180048,-0.615564
0.666653,-0.176198,-0.616126
0.664800,-0.173739,-0.615494
0.663995,-0.172080,-0.613783
0.663775,-0.171725,-0.614239
0.660158,-0.170622,-0.613613
0.662626,-0.169466,-0.611974
0.660474,-0.165733,-0.611671
0.661044,-0.164183,-0.609832
0.662508,-0.164110,-0.611045
0.660170,-0.161795,-0.609636
0.659306,-0.157318,-0.606897
0.660206,-0.158603,-0.608453
0.659435,-0.155688,-0.607285
0.659243,-0.155119,-0.607787
0.658874,-0.152938,-0.604573
0.658931,-0.152647,-0.604702
0.656136,-0.150282,-0.606224
0.654965,-0.150101,-0.605233
0.652832,-0.148907,-0.604805
0.652086,-0.147075,-0.605231
0.653034,-0.144810,-0.604671
0.651105,-0.144044,-0.603170
0.651125,-0.144472,-0.603797
0.650523,-0.142638,-0.603374
0.648390,-0.141840,-0.604139
0.646469,-0.138863,-0.603925
0.646526,-0.140842,-0.604028
0.646779,-0.138705,-0.605583
0.644554,-0.137907,-0.606059
0.644412,-0.137581,-0.605565
0.641532,-0.135085,-0.606294
0.641012,-0.135660,-0.605367
0.636993,-0.133215,-0.605335
0.638237,-0.132571,-0.605844
0.636694,-0.130899,-0.604572
0.634861,-0.131732,-0.604412
0.634792,-0.130269,-0.606015
0.632435,-0.129992,-0.605775
0.631323,-0.126831,-0.607320
0.629247,-0.127379,-0.605513
0.628482,-0.125249,-0.607325
0.628216,-0.128898,-0.607521
0.626777,-0.125168,-0.608238
0.624153,-0.125148,-0.609159
0.621435,-0.123844,-0.611353
0.618242,-0.124993,-0.609421
0.618583,-0.123785,-0.612054
0.617158,-0.124940,-0.613185
0.614562,-0.126624,-0.614813
0.611206,-0.123326,-0.613853
0.611919,-0.122253,-0.617768
0.607925,-0.124139,-0.616662
0.605194,-0.123928,-0.620568
0.603887,-0.123654,-0.621971
0.604200,-0.124712,-0.623988
0.598382,-0.122923,-0.624370
0.595380,-0.123929,-0.626001
0.593749,-0.123510,-0.628035
0.590046,-0.126496,-0.631343
0.587670,-0.125805,-0.632807
0.576303,-0.134512,-0.642446
0.571369,-0.138025,-0.649838
0.567042,-0.139843,-0.652111
0.564585,-0.140696,-0.657028
0.562199,-0.142154,-0.657428
0.556905,-0.139481,-0.658991
0.555832,-0.143003,-0.661824
0.553649,-0.140338,-0.662158
0.551175,-0.142701,-0.662324
0.549905,-0.142476,-0.663537
0.545931,-0.141341,-0.665833
0.547512,-0.141127,-0.666050
0.544187,-0.141360,-0.668397
0.542199,-0.138417,-0.668601
0.541956,-0.138791,-0.667669
0.539149,-0.140161,-0.669510
0.535166,-0.138968,-0.672172
0.533774,-0.136926,-0.671315
0.532605,-0.136500,-0.673592
0.531447,-0.137309,-0.673968
0.529650,-0.135035,-0.673261
0.527129,-0.138296,-0.675237
0.526791,-0.136153,-0.673719
0.522737,-0.135318,-0.675974
0.523156,-0.135744,-0.676872
0.520910,-0.133953,-0.677076
0.518245,-0.133752,-0.678541
0.516260,-0.132494,-0.678838
0.515674,-0.134251,-0.680478
0.513526,-0.132065,-0.680758
0.510023,-0.133228,-0.683077
0.509708,-0.131847,-0.684183
0.506848,-0.131466,-0.682920
0.503793,-0.133001,-0.684719
0.505009,-0.131091,-0.687139
0.501247,-0.129381,-0.685444
0.498336,-0.130793,-0.689428
0.498643,-0.129954,-0.687082
0.496268,-0.128795,-0.688483
0.496380,-0.127481,-0.691429
0.493488,-0.127269,-0.690486
0.492338,-0.126669,-0.689809
0.490235,-0.124683,-0.689920
0.486975,-0.124605,-0.693780
0.485381,-0.124256,-0.692766
0.485483,-0.124225,-0.693579
0.484165,-0.124398,-0.695233
0.482074,-0.124922,-0.695724
0.679306,-0.227257,-0.636139
0.683665,-0.223259,-0.630248
0.682790,-0.217664,-0.627787
0.680359,-0.218127,-0.627761
0.680443,-0.214882,-0.626908
0.680095,-0.213558,-0.625602
0.678953,-0.214544,-0.626884
0.677027,-0.211901,-0.626490
0.677974,-0.210692,-0.624727
0.677824,-0.209533,-0.624250
0.677641,-0.206544,-0.623872
0.674875,-0.203705,-0.624043
0.676891,-0.204430,-0.623736
0.676400,-0.201454,-0.621507
0.674744,-0.200179,-0.622668
0.673859,-0.197651,-0.623012
0.674037,-0.196672,-0.620864
0.672311,-0.196613,-0.622289
0.671192,-0.192130,-0.620431
0.670292,-0.192404,-0.618328
0.670820,-0.189703,-0.620121
0.669701,-0.191075,-0.618635
0.670079,-0.188914,-0.617280
0.668776,-0.184869,-0.618200
0.667128,-0.184021,-0.617384
0.666916,-0.181378,-0.615335
0.667118,-0.181790,-0.617178
0.665586,-0.181834,-0.614759
0.664713,-0.178902,-0.612643
0.665318,-0.177443,-0.612803
0.663684,-0.174118,-0.612978
0.663708,-0.174353,-0.613883
0.664057,-0.173068,-0.612167
0.661398,-0.170868,-0.613949
0.661857,-0.169884,-0.610081
0.660245,-0.169102,-0.610288
0.659372,-0.166752,-0.610322
0.661047,-0.164347,-0.609523
0.659578,-0.161599,-0.608979
0.659740,-0.163059,-0.607009
0.657701,-0.158098,-0.607540
0.655779,-0.157646,-0.605574
0.657518,-0.155750,-0.606090
0.655976,-0.153892,-0.604157
0.655286,-0.151856,-0.605135
0.653977,-0.151490,-0.603539
0.652629,-0.150286,-0.604164
0.653610,-0.150424,-0.604447
0.653067,-0.149323,-0.604599
0.649686,-0.146999,-0.602408
0.650447,-0.146987,-0.605197
0.649129,-0.143463,-0.603009
0.648840,-0.142913,-0.603430
0.646068,-0.142725,-0.604088
0.645710,-0.142475,-0.602902
0.643871,-0.140006,-0.603276
0.643749,-0.139708,-0.604592
0.644225,-0.137358,-0.605756
0.642056,-0.138185,-0.604627
0.638992,-0.134996,-0.604621
0.640507,-0.135700,-0.603963
0.637880,-0.136230,-0.605157
0.638466,-0.132476,-0.603580
0.636749,-0.132296,-0.604149
0.633277,-0.133752,-0.605417
0.633162,-0.132430,-0.607259
0.631604,-0.130192,-0.603943
0.631445,-0.127962,-0.605541
0.628555,-0.128904,-0.604058
0.625035,-0.128548,-0.606640
0.625275,-0.126479,-0.606987
0.624357,-0.126720,-0.607187
0.624029,-0.127912,-0.609197
0.619293,-0.126711,-0.609644
0.618275,-0.126758,-0.612667
0.615981,-0.126705,-0.611847
0.615448,-0.126182,-0.612786
0.612815,-0.125632,-0.614758
0.609914,-0.124985,-0.614103
0.606625,-0.126308,-0.616266
0.606816,-0.127180,-0.618472
0.603533,-0.127581,-0.618582
0.601006,-0.127624,-0.620407
0.598865,-0.126240,-0.621205
0.595279,-0.124105,-0.624885
0.595526,-0.126076,-0.625428
0.593989,-0.127735,-0.627413
0.589138,-0.127685,-0.628905
0.584772,-0.128351,-0.632681
0.577672,-0.135009,-0.640545
0.571573,-0.137539,-0.647825
0.566703,-0.140835,-0.649270
0.562884,-0.139998,-0.653877
0.560113,-0.141304,-0.656266
0.557481,-0.142245,-0.656773
0.555848,-0.142302,-0.661594
0.553254,-0.142042,-0.659508
0.552738,-0.143009,-0.660438
0.548941,-0.142906,-0.662246
0.547612,-0.139979,-0.663296
0.544678,-0.140382,-0.664169
0.545444,-0.139860,-0.665585
0.541824,-0.139498,-0.665306
0.540050,-0.140558,-0.666967
0.538692,-0.137921,-0.667647
0.537306,-0.138639,-0.668044
0.535601,-0.139320,-0.667921
0.533382,-0.138269,-0.670208
0.531688,-0.137615,-0.671466
0.529376,-0.137438,-0.671671
0.527276,-0.137834,-0.673873
0.525579,-0.137309,-0.674530
0.525684,-0.137839,-0.672463
0.523147,-0.133889,-0.674675
0.519118,-0.133872,-0.675371
0.518592,-0.135542,-0.679190
0.515623,-0.135765,-0.677398
0.512498,-0.133355,-0.679303
0.512646,-0.133022,-0.680501
0.508875,-0.135015,-0.680053
0.508943,-0.132706,-0.681739
0.506612,-0.134974,-0.684194
0.505118,-0.131107,-0.683480
0.503866,-0.129430,-0.684279
0.499779,-0.132043,-0.683351
0.499749,-0.130169,-0.688388
0.498023,-0.129339,-0.685828
0.493894,-0.128495,-0.687296
0.493055,-0.130145,-0.688452
0.490997,-0.128146,-0.688420
0.491663,-0.127077,-0.688957
0.490255,-0.125876,-0.689633
0.489104,-0.125196,-0.690250
0.486063,-0.126200,-0.692769
0.484590,-0.124034,-0.693362
0.481823,-0.124175,-0.693612
0.480392,-0.121188,-0.693875
0.680954,-0.229463,-0.633347
0.682013,-0.226106,-0.630502
0.683796,-0.222219,-0.623805
0.684597,-0.219987,-0.626162
0.682693,-0.216993,-0.626282
0.681183,-0.215891,-0.624556
0.681770,-0.215495,-0.625011
0.682145,-0.215422,-0.624785
0.678854,-0.213436,-0.624076
0.676584,-0.211891,-0.622443
0.678041,-0.209967,-0.622881
0.679842,-0.206479,-0.622745
0.676320,-0.206226,-0.620828
0.674960,-0.205415,-0.620519
0.675208,-0.201379,-0.620283
0.675703,-0.201033,-0.618957
0.673404,-0.200732,-0.620640
0.673049,-0.199172,-0.619834
0.672226,-0.197186,-0.619147
0.671263,-0.198105,-0.619859
0.669001,-0.193783,-0.619405
0.670219,-0.193426,-0.619032
0.669783,-0.191600,-0.617432
0.668610,-0.190462,-0.618038
0.668511,-0.188222,-0.616185
0.667056,-0.185504,-0.614144
0.667293,-0.184656,-0.614808
0.664962,-0.183806,-0.614467
0.663462,-0.182695,-0.616509
0.664424,-0.181423,-0.614977
0.665006,-0.181176,-0.613037
0.661584,-0.179289,-0.612795
0.664986,-0.176117,-0.612515
0.663010,-0.175016,-0.611357
0.662158,-0.173957,-0.612601
0.661460,-0.173146,-0.611847
0.660264,-0.170471,-0.610934
0.661134,-0.167556,-0.608789
0.659063,-0.168466,-0.608190
0.659883,-0.164048,-0.608103
0.657937,-0.161222,-0.607384
0.658128,-0.162689,-0.607561
0.656589,-0.160442,-0.606242
0.655734,-0.158238,-0.607026
0.656215,-0.158401,-0.604111
0.656700,-0.155348,-0.605092
0.655274,-0.154624,-0.603916
0.654781,-0.154519,-0.603652
0.652689,-0.152762,-0.603804
0.652809,-0.152750,-0.604261
0.651387,-0.150116,-0.602152
0.650335,-0.146952,-0.602199
0.649014,-0.147863,-0.602461
0.648972,-0.143924,-0.604282
0.647272,-0.143611,-0.599635
0.644398,-0.142781,-0.603450
0.644630,-0.142130,-0.602078
0.642626,-0.141098,-0.604301
0.639804,-0.142090,-0.604164
0.642281,-0.139535,-0.604737
0.640994,-0.138561,-0.604333
0.638578,-0.140264,-0.602426
0.638378,-0.136728,-0.605272
0.636488,-0.135863,-0.604294
0.631277,-0.136011,-0.604220
0.632615,-0.136770,-0.605234
0.631739,-0.136694,-0.604730
0.632151,-0.132930,-0.603103
0.629883,-0.132073,-0.603497
0.628050,-0.130928,-0.606314
0.626357,-0.133410,-0.607051
0.622989,-0.129567,-0.607947
0.624117,-0.129215,-0.605291
0.622404,-0.129659,-0.607978
0.617800,-0.130167,-0.608494
0.619975,-0.128861,-0.610610
0.616159,-0.130003,-0.611143
0.614191,-0.130019,-0.610833
0.611917,-0.128379,-0.611431
0.609421,-0.128666,-0.613323
0.608595,-0.125734,-0.615457
0.606507,-0.126197,-0.617707
0.606355,-0.125811,-0.619293
0.602573,-0.126680,-0.619457
0.601104,-0.128320,-0.619370
0.596654,-0.125743,-0.619950
0.595603,-0.126726,-0.623098
0.595498,-0.125503,-0.623296
0.591161,-0.127709,-0.625724
0.590096,-0.128018,-0.628850
0.582237,-0.130565,-0.634367
0.579498,-0.133778,-0.641943
0.571456,-0.136762,-0.646200
0.565000,-0.141255,-0.648177
0.563995,-0.139557,-0.652472
0.560486,-0.141764,-0.654092
0.556130,-0.141153,-0.655318
0.554771,-0.142743,-0.657324
0.555610,-0.143058,-0.659427
0.550823,-0.139557,-0.658419
0.548756,-0.141334,-0.660551
0.546415,-0.142549,-0.661807
0.547517,-0.139486,-0.661063
0.545877,-0.140789,-0.661945
0.539561,-0.141080,-0.663516
0.538681,-0.140662,-0.666065
0.539349,-0.138601,-0.665058
0.534208,-0.139291,-0.667596
0.534455,-0.138252,-0.666479
0.532454,-0.139489,-0.666859
0.530865,-0.136941,-0.667564
0.527003,-0.138165,-0.669841
0.528012,-0.137661,-0.669637
0.525968,-0.135253,-0.670634
0.522150,-0.136788,-0.672619
0.523364,-0.137355,-0.672003
0.519237,-0.136416,-0.672606
0.517533,-0.135328,-0.674623
0.513281,-0.135392,-0.675983
0.512939,-0.133861,-0.675795
0.510630,-0.133562,-0.678602
0.508504,-0.135388,-0.679903
0.508732,-0.134219,-0.678287
0.506386,-0.133303,-0.682018
0.504091,-0.133411,-0.682367
0.503266,-0.132011,-0.683538
0.501161,-0.131136,-0.683196
0.498627,-0.130838,-0.684072
0.498347,-0.129595,-0.685292
0.495184,-0.129904,-0.686238
0.493307,-0.131432,-0.687078
0.491505,-0.130487,-0.688305
0.488632,-0.128585,-0.688299
0.490241,-0.127337,-0.689798
0.486426,-0.125138,-0.688771
0.484442,-0.125711,-0.690738
0.482991,-0.126767,-0.690049
0.481301,-0.124207,-0.691114
0.478159,-0.126664,-0.693169
0.682107,-0.230175,-0.629998
0.684171,-0.230056,-0.627620
0.688400,-0.222649,-0.622474
0.687813,-0.221499,-0.621485
0.685557,-0.219470,-0.622168
0.683940,-0.217151,-0.622328
0.684418,-0.216976,-0.620489
0.681202,-0.216963,-0.621394
0.681909,-0.216978,-0.621849
0.681904,-0.214004,-0.622849
0.680521,-0.211076,-0.621609
0.681146,-0.210054,-0.620431
0.677436,-0.207010,-0.621535
0.677596,-0.207752,-0.619088
0.678766,-0.206882,-0.619527
0.675927,-0.204979,-0.617729
0.676222,-0.202460,-0.618661
0.677149,-0.202043,-0.620267
0.673453,-0.200353,-0.619786
0.672891,-0.197827,-0.617706
0.670568,-0.198111,-0.617129
0.672306,-0.196326,-0.616127
0.669350,-0.194379,-0.615559
0.670036,-0.192486,-0.616435
0.668893,-0.192200,-0.615031
0.668367,-0.190087,-0.614155
0.668921,-0.189599,-0.614417
0.667605,-0.186092,-0.613965
0.666859,-0.186911,-0.614110
0.666508,-0.183440,-0.613651
0.663481,-0.183715,-0.612095
0.663762,-0.181954,-0.612356
0.664902,-0.180931,-0.612580
0.660610,-0.179024,-0.609537
0.662005,-0.176479,-0.610260
0.662403,-0.176636,-0.612119
0.662487,-0.174582,-0.609141
0.658660,-0.170600,-0.609661
0.658426,-0.172815,-0.610111
0.658991,-0.169201,-0.608699
0.659571,-0.170130,-0.607051
0.656698,-0.168846,-0.606380
0.656952,-0.165482,-0.605073
0.656832,-0.163934,-0.605433
0.655868,-0.162524,-0.605933
0.654174,-0.159564,-0.604198
0.653969,-0.160836,-0.604266
0.654117,-0.156603,-0.602544
0.651883,-0.156355,-0.604908
0.653059,-0.154918,-0.603656
0.652499,-0.153269,-0.601462
0.651366,-0.153005,-0.602326
0.650299,-0.151956,-0.600718
0.649740,-0.149249,-0.602413
0.647039,-0.150842,-0.604125
0.646522,-0.148807,-0.599857
0.645695,-0.144783,-0.600625
0.644561,-0.145334,-0.602014
0.643254,-0.144009,-0.601522
0.642195,-0.141845,-0.602988
0.639404,-0.142797,-0.603612
0.639571,-0.142797,-0.601837
0.639829,-0.139505,-0.602123
0.638126,-0.139981,-0.602896
0.636914,-0.137868,-0.603175
0.636031,-0.136588,-0.601974
0.632715,-0.137670,-0.604106
0.633150,-0.135109,-0.603984
0.633632,-0.134765,-0.604297
0.629002,-0.134384,-0.605764
0.628283,-0.132495,-0.604079
0.627233,-0.132465,-0.606204
0.623827,-0.133769,-0.604927
0.623369,-0.131132,-0.609119
0.621643,-0.131385,-0.607239
0.618924,-0.131289,-0.607922
0.618900,-0.131133,-0.610541
0.616382,-0.131873,-0.609061
0.614815,-0.130394,-0.610243
0.613740,-0.129757,-0.612939
0.608217,-0.128810,-0.612010
0.610426,-0.129938,-0.616433
0.604967,-0.129196,-0.615768
0.604035,-0.129697,-0.616373
0.604575,-0.127375,-0.617771
0.599908,-0.129494,-0.620507
0.597897,-0.127638,-0.618717
0.598441,-0.127331,-0.620065
0.594698,-0.126915,-0.623319
0.592249,-0.127773,-0.624863
0.590966,-0.128241,-0.625279
0.586538,-0.129492,-0.628473
0.581677,-0.132388,-0.634208
0.573238,-0.136039,-0.640140
0.569562,-0.139041,-0.642738
0.567663,-0.139035,-0.647279
0.562681,-0.141313,-0.649027
0.560461,-0.143057,-0.651240
0.557234,-0.142255,-0.653074
0.556632,-0.143155,-0.654289
0.553346,-0.141988,-0.654998
0.549486,-0.141683,-0.656292
0.549956,-0.139825,-0.656826
0.548995,-0.139665,-0.657423
0.545908,-0.140288,-0.660686
0.545560,-0.142274,-0.659567
0.540357,-0.140317,-0.659373
0.540126,-0.140586,-0.662626
0.536034,-0.138524,-0.663690
0.536155,-0.140016,-0.665241
0.534790,-0.139447,-0.664288
0.531059,-0.138202,-0.666672
0.528738,-0.138501,-0.667185
0.527376,-0.139281,-0.667709
0.525880,-0.138610,-0.667512
0.524606,-0.136902,-0.669868
0.522904,-0.137452,-0.671578
0.520966,-0.138635,-0.671875
0.518686,-0.136317,-0.674324
0.516312,-0.135121,-0.674612
0.515878,-0.135615,-0.674529
0.511235,-0.135936,-0.675770
0.512019,-0.137317,-0.675465
0.510141,-0.135220,-0.676960
0.507642,-0.134088,-0.678376
0.506285,-0.134180,-0.680924
0.502354,-0.133231,-0.680359
0.501845,-0.134113,-0.682155
0.499091,-0.130586,-0.683035
0.498477,-0.132254,-0.683750
0.494812,-0.130488,-0.683777
0.495155,-0.131876,-0.681881
0.494203,-0.131277,-0.684808
0.489527,-0.129111,-0.687487
0.489935,-0.128405,-0.685735
0.490604,-0.127748,-0.685258
0.485964,-0.129759,-0.687674
0.483909,-0.128441,-0.688902
0.483096,-0.126750,-0.689660
0.480301,-0.127095,-0.690966
0.479193,-0.127256,-0.691801
0.475840,-0.125714,-0.692074
0.686851,-0.233514,-0.628764
0.685706,-0.227587,-0.622408
0.687814,-0.223882,-0.618804
0.687764,-0.223187,-0.620894
0.687609,-0.222561,-0.620292
0.686657,-0.218470,-0.618727
0.684875,-0.219095,-0.618160
0.683980,-0.219517,-0.620179
0.683585,-0.215726,-0.620245
0.683682,-0.214974,-0.619407
0.680520,-0.213534,-0.617505
0.682111,-0.212838,-0.618833
0.680489,-0.210328,-0.617178
0.678824,-0.210180,-0.619805
0.678872,-0.207434,-0.617461
0.676416,-0.206670,-0.616169
0.676027,-0.206097,-0.616971
0.675195,-0.205415,-0.615916
0.676747,-0.203764,-0.616484
0.675977,-0.200995,-0.616449
0.672689,-0.200413,-0.616685
0.673008,-0.198959,-0.614443
0.671429,-0.198637,-0.614644
0.670603,-0.197529,-0.616016
0.670360,-0.195743,-0.613454
0.670688,-0.193080,-0.613868
0.669934,-0.194807,-0.614225
0.668164,-0.191036,-0.614410
0.668368,-0.189818,-0.611544
0.667956,-0.188816,-0.613028
0.664476,-0.185167,-0.610610
0.664312,-0.183946,-0.612118
0.663162,-0.182907,-0.612104
0.664167,-0.180302,-0.610623
0.664679,-0.180688,-0.611348
0.662343,-0.178640,-0.611359
0.660483,-0.178923,-0.610212
0.660741,-0.176060,-0.607893
0.660242,-0.176837,-0.609612
0.659621,-0.175687,-0.608291
0.659641,-0.173259,-0.608778
0.659991,-0.170597,-0.606375
0.657192,-0.169733,-0.605588
0.655907,-0.168439,-0.606931
0.657709,-0.167323,-0.607245
0.654594,-0.164963,-0.605861
0.654132,-0.162346,-0.605999
0.652213,-0.160484,-0.605848
0.653218,-0.160914,-0.605191
0.652013,-0.159091,-0.603845
0.652184,-0.156429,-0.603222
0.650944,-0.156871,-0.600822
0.650542,-0.156280,-0.600640
0.646739,-0.154571,-0.601513
0.648786,-0.153462,-0.601038
0.647263,-0.150404,-0.600539
0.646259,-0.149822,-0.601125
0.645209,-0.150282,-0.603294
0.644611,-0.147981,-0.601637
0.643450,-0.146859,-0.600028
0.642721,-0.145953,-0.601958
0.639328,-0.144640,-0.603522
0.641406,-0.142588,-0.602014
0.638485,-0.142302,-0.600783
0.638528,-0.141211,-0.601635
0.635551,-0.139677,-0.601571
0.635488,-0.139988,-0.601095
0.634888,-0.138892,-0.602756
0.633563,-0.139048,-0.601142
0.632032,-0.136775,-0.603750
0.630147,-0.137829,-0.603876
0.629064,-0.135767,-0.604632
0.626100,-0.134908,-0.607055
0.625571,-0.135054,-0.603901
0.624187,-0.133180,-0.604723
0.622797,-0.133565,-0.606097
0.619895,-0.132336,-0.605632
0.618849,-0.131996,-0.608171
0.618692,-0.132065,-0.606731
0.615143,-0.132384,-0.609177
0.612589,-0.131183,-0.610334
0.611084,-0.132360,-0.613505
0.609633,-0.129985,-0.612180
0.606126,-0.130292,-0.612994
0.605799,-0.131437,-0.615334
0.603223,-0.132111,-0.614225
0.601739,-0.129131,-0.616093
0.600349,-0.131394,-0.617688
0.596062,-0.130335,-0.619138
0.594159,-0.129292,-0.621452
0.592400,-0.128266,-0.621988
0.589717,-0.130311,-0.623869
0.585122,-0.130886,-0.624912
0.586630,-0.132828,-0.628782
0.578870,-0.134713,-0.632273
0.573577,-0.137703,-0.638102
0.569986,-0.139387,-0.641320
0.567792,-0.139260,-0.643079
0.563079,-0.143099,-0.646892
0.560908,-0.141900,-0.650226
0.555375,-0.143242,-0.649680
0.555661,-0.141686,-0.652675
0.554274,-0.142918,-0.652353
0.550198,-0.142756,-0.655116
0.548048,-0.141323,-0.653974
0.548335,-0.142695,-0.656971
0.543908,-0.141425,-0.656700
0.542553,-0.139530,-0.658018
0.543048,-0.142712,-0.658957
0.538423,-0.141579,-0.662156
0.539088,-0.141808,-0.663172
0.535866,-0.140911,-0.664758
0.534019,-0.137194,-0.663142
0.532825,-0.140365,-0.664368
0.532066,-0.138233,-0.665559
0.527479,-0.138583,-0.665409
0.526384,-0.137812,-0.667959
0.525239,-0.137247,-0.669122
0.522227,-0.138413,-0.670368
0.519341,-0.138948,-0.668925
0.517130,-0.138310,-0.671636
0.516304,-0.136127,-0.671803
0.515358,-0.135197,-0.673503
0.514033,-0.138259,-0.674348
0.510443,-0.136078,-0.676114
0.509654,-0.136405,-0.675929
0.507468,-0.134084,-0.677473
0.504433,-0.134893,-0.678920
0.502914,-0.132400,-0.678869
0.500965,-0.134668,-0.680387
0.497890,-0.131217,-0.682527
0.496160,-0.133655,-0.679990
0.494961,-0.131033,-0.683864
0.492141,-0.131109,-0.682316
0.493175,-0.130736,-0.683412
0.490234,-0.130552,-0.684086
0.487544,-0.131615,-0.685392
0.487907,-0.129963,-0.686876
0.485067,-0.128579,-0.687879
0.482733,-0.128006,-0.686118
0.482274,-0.128738,-0.688654
0.479603,-0.127170,-0.690953
0.477846,-0.127729,-0.690406
0.474944,-0.127506,-0.690824
0.687851,-0.234285,-0.623923
0.692230,-0.226332,-0.619893
0.694897,-0.223810,-0.617133
0.690752,-0.224995,-0.617276
0.690045,-0.224085,-0.616215
0.688201,-0.222578,-0.616120
0.686485,-0.221541,-0.616013
0.686854,-0.219499,-0.616954
0.687060,-0.218570,-0.617687
0.683423,-0.217936,-0.616623
0.685198,-0.217204,-0.617157
0.684875,-0.214903,-0.616605
0.681957,-0.211927,-0.615501
0.682759,-0.211930,-0.617390
0.681714,-0.209057,-0.615095
0.678339,-0.210003,-0.614921
0.677831,-0.210443,-0.613290
0.677029,-0.208040,-0.614706
0.676826,-0.204366,-0.615156
0.673924,-0.205005,-0.615579
0.675105,-0.204434,-0.615109
0.675161,-0.204858,-0.612891
0.672665,-0.199160,-0.614082
0.670167,-0.202302,-0.612873
0.672340,-0.198443,-0.613792
0.671252,-0.198730,-0.613636
0.668285,-0.197102,-0.614058
0.668651,-0.195882,-0.612763
0.667223,-0.192689,-0.612543
0.668313,-0.194783,-0.610595
0.665985,-0.188748,-0.612843
0.665967,-0.188688,-0.613264
0.664051,-0.186665,-0.610848
0.663232,-0.186244,-0.611270
0.662050,-0.184362,-0.608103
0.661535,-0.184299,-0.610655
0.662427,-0.181311,-0.609129
0.659895,-0.178556,-0.610336
0.659964,-0.179507,-0.609195
0.659669,-0.175245,-0.607824
0.658891,-0.173309,-0.606818
0.657786,-0.176055,-0.605399
0.658533,-0.173299,-0.606661
0.657387,-0.172146,-0.605879
0.656863,-0.169030,-0.606877
0.656141,-0.166751,-0.605330
0.654261,-0.167904,-0.604884
0.653253,-0.166259,-0.603973
0.653515,-0.163628,-0.605955
0.652899,-0.163224,-0.604263
0.652188,-0.161553,-0.602619
0.649719,-0.161907,-0.601628
0.651276,-0.160118,-0.601900
0.649610,-0.155595,-0.601871
0.649438,-0.156366,-0.599583
0.647653,-0.153853,-0.603018
0.646026,-0.153791,-0.599743
0.645755,-0.152771,-0.603423
0.643737,-0.151878,-0.598356
0.644800,-0.149747,-0.600921
0.642487,-0.148261,-0.599361
0.644133,-0.146721,-0.599687
0.642696,-0.146639,-0.600068
0.639001,-0.144249,-0.600678
0.638449,-0.145019,-0.601059
0.638222,-0.143323,-0.600225
0.635283,-0.144386,-0.600060
0.634702,-0.140740,-0.600412
0.635110,-0.140191,-0.601581
0.632890,-0.139874,-0.599939
0.631175,-0.140158,-0.603911
0.630786,-0.139109,-0.601674
0.627229,-0.138359,-0.605575
0.627648,-0.139217,-0.603731
0.623473,-0.139360,-0.604988
0.624433,-0.135462,-0.606788
0.620385,-0.136284,-0.606117
0.620511,-0.135600,-0.605081
0.616785,-0.133851,-0.607626
0.617074,-0.133981,-0.607778
0.614990,-0.135251,-0.609262
0.612805,-0.133598,-0.609505
0.610558,-0.133535,-0.609503
0.611627,-0.132840,-0.610209
0.606278,-0.132777,-0.612849
0.605479,-0.133542,-0.612927
0.604252,-0.131166,-0.614348
0.603720,-0.133444,-0.613254
0.600082,-0.131887,-0.616000
0.597087,-0.131442,-0.616755
0.593759,-0.132680,-0.620572
0.593522,-0.131733,-0.620422
0.591108,-0.131174,-0.620287
0.589911,-0.132076,-0.622613
0.585183,-0.132590,-0.623956
0.584206,-0.131846,-0.626902
0.576880,-0.136005,-0.632372
0.571896,-0.141169,-0.638298
0.568721,-0.140947,-0.640277
0.565339,-0.141934,-0.643910
0.562381,-0.142819,-0.645948
0.559434,-0.142503,-0.648525
0.557504,-0.141457,-0.648416
0.555282,-0.142212,-0.649722
0.552621,-0.141166,-0.652597
0.550358,-0.140881,-0.651921
0.549335,-0.142541,-0.653138
0.549273,-0.141901,-0.653316
0.546156,-0.141087,-0.655938
0.543697,-0.141804,-0.655889
0.540119,-0.139031,-0.658922
0.538867,-0.139505,-0.658860
0.539095,-0.141603,-0.658749
0.534352,-0.139699,-0.658904
0.534542,-0.139512,-0.660151
0.531603,-0.139864,-0.661882
0.529678,-0.139709,-0.664624
0.527534,-0.138904,-0.663374
0.525888,-0.139928,-0.665723
0.523517,-0.138880,-0.666549
0.523218,-0.137756,-0.668503
0.521039,-0.136551,-0.669348
0.517697,-0.137361,-0.668326
0.516110,-0.136386,-0.670795
0.514081,-0.138761,-0.671274
0.512104,-0.135543,-0.674224
0.508638,-0.135789,-0.673747
0.508167,-0.136873,-0.673659
0.506517,-0.135793,-0.674838
0.503858,-0.134942,-0.678229
0.501133,-0.134454,-0.677826
0.499235,-0.133545,-0.677977
0.499481,-0.132919,-0.681536
0.495223,-0.133652,-0.679956
0.493770,-0.133455,-0.679880
0.493882,-0.131370,-0.680655
0.490821,-0.131794,-0.683562
0.489016,-0.133612,-0.682851
0.485798,-0.129606,-0.686193
0.485399,-0.129345,-0.685372
0.483724,-0.131254,-0.685415
0.483873,-0.128709,-0.686412
0.479385,-0.129753,-0.684966
0.478391,-0.128117,-0.690040
0.476651,-0.128298,-0.689085
0.474811,-0.127381,-0.690240
0.691078,-0.236594,-0.623044
0.697005,-0.227704,-0.613697
0.697261,-0.227147,-0.614009
0.695552,-0.226559,-0.612718
0.695016,-0.223985,-0.614530
0.693550,-0.225391,-0.612981
0.692244,-0.224787,-0.612981
0.692487,-0.220420,-0.615200
0.690261,-0.220404,-0.612022
0.688610,-0.219433,-0.613256
0.688212,-0.218297,-0.613503
0.687495,-0.217957,-0.612466
0.686657,-0.216489,-0.612541
0.682413,-0.214831,-0.613006
0.683334,-0.212748,-0.612309
0.683091,-0.212696,-0.613748
0.679645,-0.211947,-0.611997
0.680565,-0.212061,-0.613325
0.680497,-0.209139,-0.612268
0.676611,-0.210213,-0.613930
0.676887,-0.207047,-0.614455
0.675325,-0.208199,-0.614916
0.674185,-0.206027,-0.613515
0.674148,-0.204369,-0.614138
0.675113,-0.203689,-0.611112
0.674655,-0.203086,-0.612510
0.673550,-0.201092,-0.610112
0.671659,-0.198846,-0.611154
0.671237,-0.196409,-0.610904
0.670346,-0.194009,-0.611269
0.667195,-0.194869,-0.610434
0.666723,-0.194200,-0.612870
0.667158,-0.194148,-0.610309
0.664540,-0.191688,-0.609184
0.663959,-0.189024,-0.611309
0.663576,-0.187056,-0.609937
0.663583,-0.185915,-0.607313
0.662721,-0.185601,-0.608532
0.662765,-0.184552,-0.607646
0.661768,-0.183019,-0.608788
0.659073,-0.180999,-0.609283
0.658803,-0.181597,-0.606629
0.660094,-0.178051,-0.606847
0.656587,-0.177833,-0.606600
0.657230,-0.176963,-0.605858
0.656840,-0.174913,-0.605533
0.655606,-0.171814,-0.605363
0.654763,-0.173094,-0.606274
0.655833,-0.169800,-0.605051
0.655350,-0.169401,-0.605196
0.652018,-0.167389,-0.605452
0.652984,-0.165150,-0.601539
0.649793,-0.164818,-0.602006
0.649069,-0.161784,-0.602318
0.650231,-0.160633,-0.601552
0.648340,-0.162873,-0.601431
0.648775,-0.159002,-0.599996
0.646435,-0.158197,-0.600777
0.645344,-0.156901,-0.600083
0.647008,-0.155402,-0.601081
0.642497,-0.153147,-0.600566
0.644118,-0.151739,-0.600250
0.642244,-0.150301,-0.598668
0.643063,-0.148807,-0.598666
0.641093,-0.147468,-0.600404
0.638458,-0.146770,-0.599680
0.638181,-0.146708,-0.600621
0.636202,-0.147732,-0.601487
0.635054,-0.145227,-0.600517
0.634205,-0.145338,-0.602336
0.633487,-0.143540,-0.601379
0.633652,-0.141828,-0.601772
0.631709,-0.141672,-0.600977
0.630410,-0.142875,-0.602020
0.626744,-0.139816,-0.602569
0.626955,-0.141574,-0.603361
0.623064,-0.138221,-0.603568
0.624195,-0.138384,-0.602578
0.621261,-0.137098,-0.604643
0.619448,-0.135983,-0.606053
0.617268,-0.135168,-0.605934
0.616937,-0.137614,-0.605918
0.613994,-0.136921,-0.607738
0.613128,-0.136267,-0.607057
0.610813,-0.135965,-0.610515
0.610934,-0.133551,-0.610732
0.608696,-0.136470,-0.611068
0.606018,-0.133660,-0.611586
0.603045,-0.133563,-0.611742
0.600235,-0.134086,-0.615090
0.599699,-0.134464,-0.616607
0.597403,-0.134380,-0.616187
0.596893,-0.132994,-0.616059
0.594446,-0.133271,-0.617140
0.591050,-0.134680,-0.618581
0.590855,-0.131760,-0.619643
0.587505,-0.131840,-0.623559
0.584598,-0.135523,-0.624415
0.581560,-0.136464,-0.627165
0.576165,-0.137735,-0.631671
0.569901,-0.137295,-0.636969
0.569188,-0.141334,-0.637126
0.563931,-0.139679,-0.642033
0.560885,-0.142086,-0.644000
0.560469,-0.142922,-0.645254
0.557641,-0.142172,-0.643665
0.555609,-0.142689,-0.648521
0.553150,-0.144530,-0.648452
0.551806,-0.142200,-0.649617
0.550783,-0.140983,-0.651845
0.547813,-0.144006,-0.652732
0.545586,-0.142332,-0.652568
0.545019,-0.141370,-0.654594
0.543699,-0.142085,-0.654989
0.538455,-0.142022,-0.655494
0.538057,-0.142487,-0.656828
0.533014,-0.139560,-0.658940
0.533455,-0.140131,-0.659242
0.531739,-0.138657,-0.660163
0.527444,-0.139157,-0.662905
0.528251,-0.139782,-0.662932
0.523184,-0.138218,-0.662295
0.522708,-0.138401,-0.665179
0.522329,-0.138348,-0.667258
0.521180,-0.137408,-0.668693
0.516025,-0.137549,-0.667925
0.515184,-0.137087,-0.669243
0.514261,-0.135102,-0.669290
0.511746,-0.136442,-0.670991
0.510469,-0.138116,-0.671479
0.505758,-0.136605,-0.673291
0.506763,-0.137613,-0.672720
0.503797,-0.133143,-0.675203
0.501383,-0.135192,-0.675797
0.498108,-0.135062,-0.677725
0.497937,-0.133730,-0.678080
0.495242,-0.133705,-0.679092
0.493858,-0.133925,-0.681196
0.490948,-0.134329,-0.681524
0.491357,-0.133517,-0.681000
0.488270,-0.132210,-0.681438
0.485952,-0.132236,-0.681784
0.485165,-0.131088,-0.681912
0.483445,-0.130937,-0.685643
0.479742,-0.130444,-0.684209
0.480568,-0.129098,-0.684238
0.479284,-0.129475,-0.686759
0.475870,-0.129455,-0.687072
0.473155,-0.127203,-0.689084
0.701181,-0.232734,-0.612269
0.699674,-0.229744,-0.609891
0.701969,-0.227974,-0.610067
0.698528,-0.227648,-0.610003
0.697399,-0.226583,-0.610943
0.698947,-0.225762,-0.609247
0.695636,-0.224042,-0.612265
0.694577,-0.222521,-0.611442
0.693566,-0.223122,-0.610408
0.692685,-0.219930,-0.610394
0.690943,-0.221494,-0.610775
0.688886,-0.218132,-0.609662
0.686119,-0.219872,-0.610157
0.686757,-0.218763,-0.610808
0.687366,-0.216912,-0.607636
0.686140,-0.215043,-0.610402
0.683785,-0.214381,-0.611100
0.681639,-0.213211,-0.610640
0.682772,-0.212196,-0.609330
0.680178,-0.212466,-0.611050
0.678144,-0.209709,-0.611443
0.679899,-0.210211,-0.611561
0.678103,-0.208891,-0.609075
0.676984,-0.208309,-0.610444
0.675693,-0.206119,-0.609808
0.674871,-0.205045,-0.611265
0.673603,-0.204091,-0.611730
0.672460,-0.201586,-0.611081
0.670859,-0.201227,-0.610924
0.671344,-0.198744,-0.608652
0.669329,-0.198017,-0.612030
0.666900,-0.196668,-0.609104
0.667789,-0.195283,-0.609703
0.667967,-0.196214,-0.611170
0.665143,-0.193438,-0.607891
0.663586,-0.191926,-0.607082
0.663922,-0.190662,-0.608359
0.663491,-0.189280,-0.608088
0.664244,-0.187319,-0.608018
0.662667,-0.185935,-0.607260
0.661184,-0.185485,-0.607042
0.660331,-0.182407,-0.606586
0.660044,-0.180912,-0.605723
0.657900,-0.182644,-0.604565
0.658433,-0.180289,-0.606011
0.656066,-0.176078,-0.604618
0.657237,-0.176881,-0.606214
0.654878,-0.175461,-0.603944
0.656048,-0.174103,-0.603740
0.653400,-0.171997,-0.604733
0.653702,-0.171890,-0.603211
0.650999,-0.171281,-0.604776
0.652143,-0.171035,-0.603656
0.649072,-0.166877,-0.601699
0.650062,-0.165470,-0.602439
0.649412,-0.165605,-0.599307
0.646645,-0.163190,-0.601700
0.646984,-0.160889,-0.600925
0.646484,-0.159437,-0.600052
0.646248,-0.159429,-0.598755
0.645756,-0.157519,-0.599857
0.645202,-0.154605,-0.599900
0.643502,-0.154640,-0.599394
0.642209,-0.153083,-0.599001
0.641465,-0.152827,-0.600469
0.642119,-0.150492,-0.599022
0.640492,-0.149029,-0.598018
0.638376,-0.147390,-0.598794
0.638214,-0.149162,-0.599665
0.637687,-0.148424,-0.599894
0.634675,-0.147544,-0.601689
0.632299,-0.147381,-0.599829
0.631632,-0.144137,-0.601250
0.631317,-0.142297,-0.600363
0.628789,-0.143806,-0.600691
0.627570,-0.142298,-0.600081
0.625293,-0.141913,-0.599851
0.625769,-0.139970,-0.601652
0.623496,-0.140363,-0.602113
0.622603,-0.140259,-0.603309
0.622379,-0.137585,-0.602696
0.618399,-0.138672,-0.605644
0.617548,-0.138610,-0.603806
0.615348,-0.138580,-0.605823
0.614135,-0.137224,-0.606910
0.611652,-0.137714,-0.609254
0.611717,-0.137606,-0.608824
0.607177,-0.137723,-0.611323
0.606840,-0.136849,-0.611792
0.604921,-0.136427,-0.610215
0.600649,-0.136385,-0.613534
0.598215,-0.136764,-0.614074
0.598719,-0.135499,-0.613390
0.595731,-0.135641,-0.616548
0.596660,-0.134316,-0.617052
0.591772,-0.135638,-0.619094
0.591130,-0.133946,-0.617259
0.589202,-0.133622,-0.618856
0.586307,-0.135116,-0.622225
0.582950,-0.136626,-0.623350
0.580728,-0.137028,-0.626622
0.575247,-0.138136,-0.632602
0.572330,-0.139759,-0.634311
0.569173,-0.142424,-0.638548
0.564911,-0.143004,-0.640641
0.561508,-0.141970,-0.640351
0.559834,-0.141865,-0.641967
0.558698,-0.142716,-0.644903
0.555557,-0.143005,-0.646331
0.555420,-0.143972,-0.647102
0.550139,-0.143245,-0.647511
0.548996,-0.140518,-0.650225
0.546339,-0.142716,-0.649674
0.544858,-0.142512,-0.651796
0.542829,-0.140849,-0.651491
0.540796,-0.141304,-0.653427
0.538935,-0.140559,-0.652543
0.538834,-0.142891,-0.656037
0.536210,-0.139788,-0.656792
0.533604,-0.142699,-0.655969
0.533347,-0.139310,-0.658397
0.529384,-0.140370,-0.659353
0.527563,-0.139648,-0.660205
0.524762,-0.140068,-0.662087
0.522895,-0.139121,-0.662480
0.521044,-0.139713,-0.664257
0.516851,-0.138475,-0.663103
0.515890,-0.138204,-0.666562
0.514706,-0.135615,-0.667425
0.511841,-0.136615,-0.670513
0.511307,-0.138671,-0.668245
0.509249,-0.137399,-0.670477
0.508717,-0.137545,-0.670916
0.503986,-0.135915,-0.674057
0.500692,-0.136142,-0.674305
0.501591,-0.136101,-0.674994
0.498507,-0.134985,-0.673522
0.495834,-0.133568,-0.675565
0.495396,-0.135079,-0.675982
0.493751,-0.134640,-0.676430
0.492406,-0.133337,-0.678182
0.489471,-0.134050,-0.679769
0.488417,-0.132475,-0.678026
0.485536,-0.132793,-0.683787
0.483290,-0.134997,-0.683092
0.481873,-0.130958,-0.683269
0.480805,-0.130837,-0.684460
0.478965,-0.131495,-0.683519
0.476397,-0.131514,-0.684826
0.474681,-0.129798,-0.686487
0.471496,-0.127886,-0.686208
0.705531,-0.236110,-0.611615
0.704681,-0.231608,-0.606338
0.703363,-0.230269,-0.606115
0.703329,-0.228900,-0.606236
0.702559,-0.228422,-0.608676
0.699363,-0.230011,-0.606124
0.700517,-0.227018,-0.606378
0.698398,-0.225425,-0.605393
0.695900,-0.224551,-0.607092
0.697454,-0.223584,-0.606859
0.694588,-0.223685,-0.608840
0.693568,-0.219990,-0.608180
0.692604,-0.221098,-0.608397
0.691153,-0.219905,-0.607396
0.689198,-0.218337,-0.607402
0.689314,-0.218508,-0.607683
0.687659,-0.213728,-0.607709
0.685900,-0.215673,-0.609008
0.683870,-0.213854,-0.610146
0.683854,-0.216755,-0.608225
0.682098,-0.212970,-0.608132
0.682077,-0.212335,-0.608585
0.679647,-0.210988,-0.609814
0.678554,-0.209323,-0.610956
0.678552,-0.209050,-0.609015
0.677929,-0.206714,-0.611068
0.677445,-0.208762,-0.609784
0.673191,-0.207656,-0.609613
0.673123,-0.203900,-0.607784
0.670842,-0.202321,-0.607820
0.672776,-0.203547,-0.608409
0.671402,-0.202248,-0.608639
0.669802,-0.199669,-0.607533
0.668517,-0.196962,-0.608472
0.669484,-0.197822,-0.607567
0.668505,-0.196293,-0.606206
0.667204,-0.198287,-0.606771
0.666378,-0.194227,-0.607859
0.664794,-0.194018,-0.606798
0.663318,-0.190618,-0.605324
0.662889,-0.189861,-0.604630
0.661669,-0.185293,-0.606009
0.660353,-0.186811,-0.604399
0.660805,-0.187037,-0.604911
0.659726,-0.185428,-0.606490
0.658480,-0.182252,-0.606084
0.657137,-0.180970,-0.605099
0.657430,-0.180300,-0.603392
0.654747,-0.180032,-0.604359
0.654787,-0.180871,-0.601974
0.654140,-0.176054,-0.604965
0.651874,-0.174818,-0.604434
0.653841,-0.172478,-0.602952
0.651473,-0.173888,-0.602318
0.651957,-0.171451,-0.603122
0.650553,-0.170607,-0.599766
0.649913,-0.167325,-0.602419
0.647897,-0.166313,-0.603067
0.649134,-0.166272,-0.599866
0.647373,-0.165468,-0.601157
0.644818,-0.164054,-0.600239
0.644386,-0.160516,-0.599657
0.644097,-0.160202,-0.598698
0.642272,-0.160171,-0.598137
0.644204,-0.159774,-0.598701
0.642765,-0.158029,-0.599222
0.640572,-0.156470,-0.598577
0.640857,-0.153171,-0.599158
0.641048,-0.152895,-0.598325
0.637397,-0.153744,-0.598665
0.637222,-0.150420,-0.598499
0.635297,-0.150652,-0.598203
0.634728,-0.147269,-0.598317
0.631670,-0.149470,-0.597729
0.631027,-0.146922,-0.598869
0.632508,-0.143945,-0.598908
0.627832,-0.143622,-0.599348
0.627894,-0.143451,-0.599452
0.626597,-0.141464,-0.599671
0.624700,-0.143035,-0.601553
0.622572,-0.140216,-0.600879
0.622428,-0.140878,-0.602766
0.620087,-0.140131,-0.602872
0.618477,-0.139696,-0.603279
0.616720,-0.140724,-0.605058
0.615041,-0.140362,-0.606171
0.613253,-0.139501,-0.608619
0.611275,-0.140489,-0.606705
0.609081,-0.139069,-0.607842
0.607883,-0.139098,-0.607462
0.604060,-0.139958,-0.609471
0.604063,-0.139590,-0.610671
0.603508,-0.137517,-0.612025
0.601032,-0.138965,-0.612412
0.598101,-0.135750,-0.616062
0.595105,-0.135584,-0.613191
0.592513,-0.137516,-0.615678
0.591884,-0.137661,-0.617033
0.591176,-0.136186,-0.618985
0.588228,-0.135662,-0.618605
0.587430,-0.135488,-0.619440
0.583226,-0.137262,-0.620864
0.582397,-0.137224,-0.622564
0.577603,-0.138168,-0.627794
0.573822,-0.140282,-0.630641
0.571784,-0.142182,-0.632434
0.566871,-0.141368,-0.634173
0.562799,-0.140574,-0.639446
0.561912,-0.141247,-0.636992
0.559303,-0.141657,-0.641269
0.558188,-0.141827,-0.641615
0.555128,-0.141467,-0.642549
0.554993,-0.142477,-0.643691
0.552839,-0.140099,-0.645647
0.547611,-0.142193,-0.645771
0.547497,-0.141272,-0.647790
0.544047,-0.141344,-0.646869
0.545158,-0.142311,-0.649966
0.540527,-0.141964,-0.653060
0.537973,-0.139390,-0.652314
0.538616,-0.141695,-0.655220
0.535254,-0.141209,-0.653948
0.531716,-0.140331,-0.657300
0.530257,-0.138265,-0.655197
0.529490,-0.139205,-0.659135
0.525444,-0.139718,-0.659773
0.524688,-0.138907,-0.659751
0.521979,-0.138938,-0.661307
0.519860,-0.139576,-0.661870
0.517199,-0.139825,-0.663761
0.514563,-0.139873,-0.664483
0.513587,-0.138831,-0.666900
0.511396,-0.136759,-0.666900
0.509624,-0.137862,-0.667766
0.506374,-0.137595,-0.669163
0.506095,-0.136264,-0.671125
0.504464,-0.139030,-0.670726
0.501164,-0.137160,-0.673176
0.500199,-0.137418,-0.672068
0.499602,-0.136637,-0.674035
0.495595,-0.134390,-0.674877
0.495537,-0.136698,-0.675363
0.491681,-0.135915,-0.676857
0.490892,-0.137393,-0.678288
0.486954,-0.135451,-0.678759
0.485498,-0.133651,-0.681275
0.484207,-0.133936,-0.680418
0.481892,-0.132842,-0.680460
0.481546,-0.132924,-0.680687
0.478655,-0.131584,-0.683880
0.475866,-0.130617,-0.683305
0.475733,-0.132711,-0.684709
0.471536,-0.132012,-0.683681
0.472324,-0.131685,-0.685343
0.469094,-0.130004,-0.686733
0.704068,-0.243954,-0.613996
0.706498,-0.241318,-0.608027
0.709434,-0.233811,-0.604187
0.707818,-0.232534,-0.600964
0.706284,-0.232451,-0.605527
0.705312,-0.230114,-0.604163
0.703931,-0.230301,-0.606068
0.702937,-0.227655,-0.604058
0.700952,-0.228442,-0.606148
0.701035,-0.229342,-0.602807
0.700947,-0.224713,-0.604325
0.697902,-0.226361,-0.602943
0.696891,-0.224838,-0.604665
0.694982,-0.223891,-0.605085
0.695448,-0.221920,-0.604069
0.694053,-0.221816,-0.603862
0.693313,-0.219268,-0.606244
0.690983,-0.220823,-0.605023
0.691761,-0.217711,-0.603310
0.691054,-0.217658,-0.606411
0.688940,-0.215926,-0.606360
0.687207,-0.215798,-0.605570
0.684703,-0.215385,-0.605766
0.685764,-0.214410,-0.608611
0.682595,-0.214174,-0.607746
0.680893,-0.214380,-0.607548
0.680384,-0.212372,-0.608381
0.680325,-0.211786,-0.606022
0.677696,-0.211914,-0.606772
0.677367,-0.207607,-0.608080
0.676543,-0.206199,-0.608926
0.673709,-0.205216,-0.607846
0.673929,-0.205960,-0.606906
0.672634,-0.203670,-0.606319
0.670865,-0.201903,-0.608180
0.670862,-0.200740,-0.606210
0.670197,-0.199015,-0.606045
0.668036,-0.199475,-0.606543
0.668789,-0.197936,-0.604914
0.665792,-0.197808,-0.605451
0.664786,-0.194963,-0.606296
0.664722,-0.193871,-0.603940
0.663320,-0.190559,-0.605444
0.663887,-0.191751,-0.603852
0.663142,-0.190693,-0.605333
0.661696,-0.189394,-0.604326
0.658072,-0.189014,-0.604113
0.659603,-0.184591,-0.605485
0.658448,-0.186404,-0.603809
0.658459,-0.184429,-0.603280
0.656655,-0.184030,-0.604305
0.656454,-0.181873,-0.605578
0.654817,-0.182537,-0.602114
0.655216,-0.178256,-0.603074
0.653732,-0.178450,-0.602453
0.653046,-0.177382,-0.601691
0.651918,-0.174734,-0.603750
0.650511,-0.175086,-0.600694
0.648545,-0.173220,-0.599931
0.648756,-0.169902,-0.601728
0.646362,-0.170018,-0.599769
0.648238,-0.166915,-0.599682
0.648355,-0.166533,-0.599602
0.647132,-0.166355,-0.599499
0.644429,-0.161750,-0.600458
0.645532,-0.162941,-0.599408
0.644764,-0.162478,-0.596728
0.642946,-0.159401,-0.598968
0.642360,-0.158625,-0.598799
0.640769,-0.158977,-0.598262
0.640486,-0.157413,-0.598837
0.639237,-0.156325,-0.598707
0.637741,-0.152743,-0.596735
0.636574,-0.151181,-0.597196
0.636487,-0.152274,-0.598767
0.634818,-0.151090,-0.597781
0.633892,-0.149961,-0.596251
0.632642,-0.149192,-0.597370
0.630617,-0.148603,-0.598460
0.630441,-0.147604,-0.597081
0.628542,-0.146663,-0.597436
0.627274,-0.146184,-0.598753
0.625081,-0.143459,-0.600072
0.622606,-0.144835,-0.598101
0.621068,-0.144422,-0.601852
0.619803,-0.142508,-0.599935
0.618340,-0.142281,-0.603061
0.617999,-0.142097,-0.604500
0.614771,-0.141797,-0.603456
0.612919,-0.142940,-0.604886
0.611525,-0.140168,-0.605181
0.610732,-0.141536,-0.606510
0.607984,-0.140793,-0.606673
0.605922,-0.139822,-0.608422
0.605488,-0.140467,-0.609801
0.600564,-0.139466,-0.609883
0.602425,-0.140714,-0.613649
0.597722,-0.138937,-0.611182
0.596113,-0.138131,-0.612550
0.594787,-0.138116,-0.615420
0.594780,-0.138487,-0.617217
0.589835,-0.139326,-0.616154
0.588828,-0.137649,-0.616211
0.589577,-0.136907,-0.617687
0.584962,-0.137156,-0.620658
0.582450,-0.137304,-0.621498
0.579180,-0.138965,-0.623059
0.575786,-0.140068,-0.625620
0.572284,-0.139317,-0.629858
0.570179,-0.141378,-0.630416
0.566705,-0.141709,-0.633889
0.563220,-0.141780,-0.634430
0.561433,-0.142217,-0.639171
0.559511,-0.143095,-0.637258
0.557319,-0.142341,-0.639688
0.556212,-0.142348,-0.640136
0.552138,-0.144509,-0.642569
0.550419,-0.142042,-0.643153
0.550744,-0.141562,-0.644020
0.547744,-0.142327,-0.645736
0.545796,-0.142145,-0.645216
0.544311,-0.141977,-0.648243
0.540339,-0.141158,-0.650063
0.538799,-0.139552,-0.650584
0.537059,-0.140501,-0.650664
0.535432,-0.140804,-0.649454
0.532467,-0.141097,-0.654381
0.530617,-0.142479,-0.653716
0.528425,-0.138860,-0.653301
0.524720,-0.139024,-0.655341
0.523167,-0.141405,-0.659591
0.522466,-0.138603,-0.659336
0.517921,-0.139442,-0.661632
0.519864,-0.138251,-0.661246
0.516316,-0.138188,-0.663451
0.513163,-0.138825,-0.661769
0.511206,-0.137543,-0.664147
0.508867,-0.138793,-0.666575
0.507819,-0.137678,-0.667500
0.505817,-0.138618,-0.667867
0.502777,-0.139281,-0.669103
0.501760,-0.138565,-0.669979
0.499505,-0.137763,-0.671465
0.496131,-0.138401,-0.673680
0.494041,-0.136006,-0.672516
0.491713,-0.136496,-0.675447
0.490329,-0.137205,-0.674758
0.489765,-0.135870,-0.677054
0.487767,-0.135545,-0.677122
0.485718,-0.134300,-0.678297
0.483806,-0.135161,-0.678817
0.481490,-0.132521,-0.679264
0.479857,-0.135670,-0.681082
0.479481,-0.131636,-0.681928
0.476708,-0.130371,-0.681184
0.475066,-0.132101,-0.684203
0.472050,-0.132180,-0.682526
0.471637,-0.130657,-0.683382
0.470267,-0.128677,-0.685219
0.709022,-0.247091,-0.610946
0.709981,-0.243887,-0.605709
0.714801,-0.240124,-0.604067
0.711487,-0.236380,-0.598573
0.712644,-0.234451,-0.601481
0.708998,-0.235592,-0.599758
0.710792,-0.233348,-0.600922
0.709633,-0.232865,-0.601133
0.705775,-0.232887,-0.601201
0.705877,-0.230873,-0.600446
0.704648,-0.228222,-0.601252
0.704903,-0.229113,-0.600502
0.703754,-0.228217,-0.600129
0.700762,-0.226495,-0.602058
0.701847,-0.227198,-0.600960
0.701032,-0.225441,-0.601852
0.698206,-0.223880,-0.601235
0.695679,-0.222466,-0.601389
0.695642,-0.221056,-0.600272
0.693501,-0.220359,-0.600917
0.694034,-0.220161,-0.604349
0.692077,-0.219450,-0.603119
0.691530,-0.217837,-0.602791
0.689421,-0.217244,-0.602290
0.687258,-0.218215,-0.601038
0.687642,-0.215907,-0.605765
0.684546,-0.214864,-0.602845
0.685649,-0.213653,-0.603417
0.682439,-0.214832,-0.604275
0.679955,-0.212650,-0.603930
0.679446,-0.212002,-0.604313
0.679497,-0.211626,-0.604172
0.676957,-0.209721,-0.606663
0.677852,-0.208405,-0.605239
0.676603,-0.206106,-0.605126
0.674197,-0.207069,-0.604777
0.672358,-0.202339,-0.607133
0.673118,-0.204033,-0.604268
0.670808,-0.204247,-0.605364
0.669990,-0.203945,-0.605995
0.668685,-0.201105,-0.604500
0.667801,-0.198494,-0.605238
0.667765,-0.198903,-0.607173
0.664071,-0.196644,-0.603633
0.665283,-0.196388,-0.603443
0.664598,-0.194932,-0.604650
0.663539,-0.192163,-0.604805
0.663365,-0.193668,-0.603273
0.660864,-0.191930,-0.603337
0.661406,-0.189823,-0.602136
0.660355,-0.188922,-0.600104
0.659487,-0.187167,-0.602333
0.659821,-0.183909,-0.602957
0.655159,-0.185476,-0.603825
0.656514,-0.184164,-0.601896
0.654044,-0.182861,-0.605216
0.653977,-0.181179,-0.601323
0.654432,-0.180976,-0.601891
0.652031,-0.178298,-0.601528
0.651167,-0.176961,-0.600018
0.649564,-0.175960,-0.601009
0.650136,-0.175428,-0.600239
0.649632,-0.172151,-0.600173
0.647790,-0.171808,-0.598615
0.646923,-0.170868,-0.599256
0.646100,-0.169060,-0.600314
0.646589,-0.167482,-0.600490
0.644580,-0.168215,-0.598717
0.644132,-0.164463,-0.597280
0.642690,-0.164630,-0.600752
0.642665,-0.162865,-0.598101
0.641030,-0.162192,-0.596956
0.639407,-0.160127,-0.600256
0.641135,-0.159757,-0.596761
0.636834,-0.158768,-0.597672
0.636769,-0.156387,-0.595300
0.638781,-0.156386,-0.596404
0.636209,-0.153859,-0.597007
0.634889,-0.152959,-0.597337
0.633049,-0.151207,-0.594914
0.632647,-0.150639,-0.597346
0.631491,-0.149129,-0.596848
0.629260,-0.149630,-0.597650
0.630076,-0.147501,-0.597950
0.628014,-0.147355,-0.595624
0.627632,-0.147222,-0.601027
0.625014,-0.145377,-0.597991
0.622660,-0.146367,-0.600539
0.621703,-0.144956,-0.597820
0.620753,-0.144630,-0.603138
0.618354,-0.145679,-0.602804
0.615467,-0.143671,-0.603213
0.613388,-0.144645,-0.604962
0.612519,-0.143230,-0.605014
0.611584,-0.143873,-0.605170
0.607955,-0.141361,-0.606600
0.607238,-0.142804,-0.605928
0.605961,-0.141145,-0.609377
0.601805,-0.141559,-0.607461
0.601046,-0.140801,-0.608876
0.599169,-0.143261,-0.609609
0.598005,-0.140473,-0.613326
0.594251,-0.140725,-0.613280
0.593707,-0.140735,-0.615136
0.590499,-0.138245,-0.614078
0.589854,-0.138032,-0.615894
0.588715,-0.139167,-0.615169
0.587036,-0.140580,-0.618012
0.583050,-0.140144,-0.621326
0.581665,-0.139539,-0.622274
0.579143,-0.139752,-0.622293
0.575241,-0.140693,-0.624448
0.573201,-0.141071,-0.626427
0.570237,-0.141806,-0.629403
0.565425,-0.140918,-0.631766
0.563285,-0.143337,-0.633747
0.560943,-0.143428,-0.633898
0.558836,-0.143158,-0.635860
0.558312,-0.143594,-0.637145
0.554712,-0.142207,-0.638058
0.553328,-0.142913,-0.639298
0.550136,-0.143650,-0.640412
0.551939,-0.141621,-0.641661
0.548051,-0.143641,-0.642768
0.545738,-0.142072,-0.642770
0.543224,-0.143514,-0.643953
0.541856,-0.139898,-0.646867
0.539276,-0.139012,-0.646865
0.535975,-0.141738,-0.649548
0.534718,-0.141652,-0.651341
0.533744,-0.141026,-0.651223
0.529008,-0.140502,-0.652681
0.526687,-0.140338,-0.653678
0.525612,-0.141281,-0.655416
0.524472,-0.141257,-0.653961
0.521320,-0.141942,-0.658364
0.517056,-0.140513,-0.660411
0.516432,-0.141055,-0.656548
0.516397,-0.139680,-0.660264
0.512622,-0.139590,-0.663388
0.509962,-0.140542,-0.661383
0.508722,-0.140113,-0.664178
0.507500,-0.140077,-0.665897
0.505380,-0.139414,-0.666981
0.502385,-0.140576,-0.668921
0.500482,-0.139459,-0.670098
0.500104,-0.138373,-0.670102
0.495685,-0.139933,-0.670861
0.494376,-0.136391,-0.672378
0.492661,-0.137935,-0.673951
0.491848,-0.136745,-0.673743
0.486293,-0.137213,-0.674141
0.486076,-0.135167,-0.675494
0.484162,-0.135580,-0.676254
0.482974,-0.135903,-0.678181
0.481256,-0.135359,-0.678473
0.479951,-0.134701,-0.678180
0.477812,-0.133027,-0.679392
0.475956,-0.134867,-0.682662
0.474093,-0.132626,-0.682438
0.472513,-0.131377,-0.685202
0.470824,-0.132360,-0.682304
0.468149,-0.131654,-0.684481
0.713827,-0.248392,-0.603768
0.715390,-0.243269,-0.602024
0.716809,-0.241270,-0.598146
0.717379,-0.238373,-0.595917
0.717046,-0.237552,-0.595046
0.712398,-0.235677,-0.597612
0.714478,-0.236794,-0.596903
0.712352,-0.235364,-0.595431
0.710362,-0.232985,-0.596642
0.711422,-0.234741,-0.596990
0.709965,-0.231346,-0.596293
0.707644,-0.230498,-0.596315
0.706025,-0.228675,-0.597954
0.705242,-0.228918,-0.595698
0.704127,-0.226534,-0.598346
0.702878,-0.227237,-0.599907
0.700753,-0.227053,-0.597856
0.701018,-0.225447,-0.598078
0.698481,-0.224748,-0.597104
0.698796,-0.221661,-0.597796
0.696488,-0.220713,-0.596844
0.695866,-0.221065,-0.596543
0.693136,-0.221628,-0.599254
0.693339,-0.220212,-0.600391
0.692838,-0.219357,-0.602894
0.692253,-0.217496,-0.600135
0.689229,-0.217980,-0.599051
0.687621,-0.216949,-0.601949
0.685424,-0.214623,-0.600963
0.684334,-0.214802,-0.600687
0.681397,-0.215066,-0.602714
0.682751,-0.212384,-0.603516
0.680101,-0.212031,-0.601301
0.678664,-0.212533,-0.603699
0.678674,-0.210436,-0.602903
0.676338,-0.212052,-0.604156
0.676087,-0.207828,-0.604722
0.676338,-0.208525,-0.603196
0.672855,-0.205650,-0.601290
0.673099,-0.205326,-0.602870
0.671850,-0.204705,-0.603048
0.670945,-0.202380,-0.603168
0.670681,-0.204618,-0.604355
0.668381,-0.199464,-0.603269
0.668518,-0.199944,-0.602928
0.665993,-0.198487,-0.603885
0.666306,-0.196566,-0.603011
0.663551,-0.197738,-0.602051
0.662729,-0.195158,-0.601266
0.663433,-0.195294,-0.601675
0.662518,-0.192106,-0.600921
0.660970,-0.190922,-0.602580
0.658948,-0.189560,-0.601178
0.656667,-0.188978,-0.602050
0.658164,-0.188921,-0.601649
0.657147,-0.187145,-0.601492
0.654267,-0.185691,-0.601978
0.654569,-0.184969,-0.599288
0.654928,-0.181836,-0.599074
0.653832,-0.181517,-0.600969
0.651622,-0.179162,-0.599422
0.652166,-0.180253,-0.599649
0.650412,-0.181026,-0.599777
0.649951,-0.177495,-0.598949
0.649933,-0.178167,-0.600127
0.646094,-0.174712,-0.601639
0.646684,-0.172439,-0.598577
0.645711,-0.172870,-0.598905
0.644661,-0.171906,-0.598932
0.644862,-0.170075,-0.598921
0.644363,-0.166942,-0.599350
0.642844,-0.167162,-0.597340
0.642544,-0.166315,-0.597211
0.641580,-0.165872,-0.597555
0.642298,-0.162881,-0.597739
0.640967,-0.162625,-0.598482
0.639291,-0.160703,-0.597482
0.639430,-0.158410,-0.596578
0.635417,-0.159616,-0.596730
0.634785,-0.157181,-0.596929
0.635089,-0.155250,-0.596078
0.633774,-0.153821,-0.598422
0.633108,-0.152196,-0.594299
0.629984,-0.151849,-0.595318
0.631071,-0.151536,-0.595641
0.629327,-0.150031,-0.598266
0.627522,-0.150142,-0.596811
0.625302,-0.147718,-0.597065
0.624674,-0.148345,-0.598277
0.623093,-0.148574,-0.599038
0.621075,-0.146890,-0.599174
0.620394,-0.146878,-0.599484
0.618725,-0.146788,-0.601262
0.617110,-0.145028,-0.598531
0.614685,-0.145600,-0.602593
0.611973,-0.145834,-0.603079
0.611037,-0.144608,-0.604084
0.609172,-0.144022,-0.607638
0.607674,-0.144266,-0.607839
0.602986,-0.144551,-0.607852
0.602811,-0.144169,-0.607837
0.601383,-0.143223,-0.610949
0.598742,-0.143563,-0.609859
0.598014,-0.141326,-0.611340
0.596726,-0.142202,-0.612119
0.595368,-0.142073,-0.612948
0.593697,-0.140696,-0.614772
0.590218,-0.140524,-0.614299
0.587380,-0.141278,-0.613744
0.586562,-0.141212,-0.615530
0.585598,-0.138685,-0.618761
0.582290,-0.140386,-0.617390
0.580191,-0.140327,-0.620620
0.576832,-0.140852,-0.620101
0.573785,-0.141240,-0.623489
0.572942,-0.142084,-0.625804
0.568128,-0.143494,-0.628080
0.566631,-0.142342,-0.630335
0.562648,-0.142906,-0.631025
0.562017,-0.141480,-0.631877
0.558489,-0.142701,-0.634941
0.558565,-0.143509,-0.634428
0.555251,-0.142859,-0.633879
0.553172,-0.141343,-0.637297
0.550538,-0.142844,-0.637502
0.549309,-0.142967,-0.640047
0.546942,-0.140026,-0.642423
0.544346,-0.142783,-0.643618
0.542139,-0.142719,-0.643003
0.538967,-0.142526,-0.644144
0.537620,-0.142752,-0.645322
0.537628,-0.141204,-0.646446
0.533629,-0.142454,-0.647912
0.529849,-0.142511,-0.649822
0.530064,-0.142206,-0.652072
0.527797,-0.142445,-0.652080
0.525568,-0.140502,-0.652683
0.523333,-0.142473,-0.654204
0.521244,-0.140658,-0.655863
0.520462,-0.141276,-0.654467
0.517837,-0.138560,-0.656528
0.513274,-0.140256,-0.659148
0.513224,-0.139578,-0.662749
0.510295,-0.140706,-0.660999
0.508717,-0.140534,-0.662015
0.506554,-0.138851,-0.663260
0.502939,-0.141184,-0.664149
0.501710,-0.139520,-0.667559
0.499864,-0.139209,-0.667900
0.497353,-0.139786,-0.668574
0.495762,-0.138655,-0.669169
0.493208,-0.136168,-0.670457
0.492175,-0.141533,-0.673062
0.490164,-0.135658,-0.670501
0.487835,-0.136093,-0.672454
0.485612,-0.136280,-0.675802
0.483628,-0.137684,-0.677379
0.481617,-0.134623,-0.675802
0.481264,-0.136476,-0.676225
0.479413,-0.135775,-0.676604
0.475843,-0.134011,-0.678715
0.475830,-0.135807,-0.680192
0.473235,-0.134810,-0.679137
0.471150,-0.132495,-0.679474
0.468272,-0.133532,-0.682156
0.467245,-0.132910,-0.682714
0.717205,-0.254703,-0.602048
0.719955,-0.250245,-0.600019
0.720082,-0.248501,-0.598017
0.721942,-0.242405,-0.594648
0.721955,-0.240766,-0.593421
0.721425,-0.239417,-0.590361
0.718753,-0.238541,-0.594395
0.717835,-0.238003,-0.593417
0.717310,-0.236015,-0.593409
0.716499,-0.235916,-0.594032
0.714532,-0.234478,-0.592984
0.714207,-0.231045,-0.593089
0.711487,-0.231501,-0.591604
0.711152,-0.230702,-0.592753
0.711068,-0.229519,-0.593023
0.709320,-0.230613,-0.592359
0.706818,-0.230900,-0.593585
0.706921,-0.227524,-0.594002
0.704861,-0.226967,-0.593001
0.704295,-0.226827,-0.594336
0.702753,-0.224631,-0.592217
0.699824,-0.223880,-0.594069
0.698887,-0.223064,-0.594662
0.697768,-0.222043,-0.593742
0.696557,-0.222251,-0.593066
0.695728,-0.221864,-0.595846
0.695816,-0.219856,-0.595836
0.692932,-0.219931,-0.596739
0.691235,-0.217730,-0.598702
0.691204,-0.218968,-0.597700
0.688401,-0.215323,-0.598372
0.687426,-0.216591,-0.599796
0.685020,-0.217792,-0.598611
0.685414,-0.215192,-0.600408
0.684323,-0.215967,-0.600170
0.682177,-0.215075,-0.603949
0.681228,-0.212752,-0.599430
0.678279,-0.211630,-0.601740
0.676728,-0.211046,-0.602097
0.676548,-0.210902,-0.601204
0.675329,-0.208808,-0.600774
0.673372,-0.209052,-0.599593
0.671087,-0.205847,-0.600827
0.671231,-0.205505,-0.601947
0.671922,-0.203766,-0.601725
0.670446,-0.203708,-0.601064
0.668041,-0.203234,-0.600134
0.667851,-0.200543,-0.601800
0.668499,-0.201897,-0.601887
0.665734,-0.200370,-0.601555
0.664972,-0.198790,-0.601498
0.661929,-0.197086,-0.600929
0.662822,-0.196257,-0.600610
0.661411,-0.194864,-0.600279
0.661417,-0.191625,-0.601754
0.657995,-0.191561,-0.599804
0.658622,-0.192549,-0.600547
0.657448,-0.190511,-0.599192
0.658318,-0.188644,-0.599827
0.656170,-0.187513,-0.599258
0.653728,-0.186430,-0.601536
0.655197,-0.185842,-0.599634
0.654374,-0.184879,-0.600206
0.652870,-0.183615,-0.600765
0.652896,-0.180492,-0.599411
0.649816,-0.179789,-0.599185
0.648860,-0.180320,-0.597184
0.649227,-0.178681,-0.598866
0.647186,-0.176245,-0.599163
0.644611,-0.176284,-0.598297
0.646780,-0.173710,-0.597821
0.644572,-0.171660,-0.598433
0.643822,-0.171947,-0.597652
0.642420,-0.170889,-0.597044
0.642407,-0.170565,-0.596525
0.640965,-0.169111,-0.596519
0.639546,-0.168500,-0.597936
0.639724,-0.165819,-0.599424
0.637130,-0.163172,-0.595580
0.635562,-0.164151,-0.597356
0.638697,-0.162447,-0.596408
0.636329,-0.160518,-0.597655
0.634971,-0.159066,-0.596688
0.635164,-0.157713,-0.595914
0.632214,-0.157572,-0.595382
0.631856,-0.155495,-0.596450
0.630771,-0.156176,-0.596521
0.630166,-0.154065,-0.597673
0.628213,-0.152979,-0.595302
0.624942,-0.154501,-0.596550
0.626026,-0.152611,-0.595426
0.625688,-0.151000,-0.596191
0.623846,-0.149257,-0.595097
0.622382,-0.148740,-0.597309
0.618720,-0.148870,-0.596015
0.618262,-0.149270,-0.599759
0.616059,-0.148421,-0.602315
0.613895,-0.146593,-0.600586
0.612005,-0.148334,-0.601229
0.612792,-0.146466,-0.601774
0.606569,-0.146694,-0.604438
0.607206,-0.143770,-0.605568
0.603843,-0.147628,-0.606184
0.602004,-0.145815,-0.607851
0.599692,-0.145515,-0.609067
0.599499,-0.144096,-0.608673
0.598568,-0.143493,-0.608420
0.596142,-0.143371,-0.609223
0.595276,-0.144604,-0.611043
0.592492,-0.144152,-0.611552
0.590597,-0.144661,-0.612815
0.587901,-0.141882,-0.614491
0.587653,-0.142283,-0.614616
0.586197,-0.141593,-0.613346
0.584035,-0.140887,-0.613874
0.580656,-0.142780,-0.617889
0.580514,-0.140899,-0.618607
0.578183,-0.141646,-0.620194
0.575830,-0.140987,-0.623417
0.570725,-0.143145,-0.624146
0.567820,-0.142513,-0.625469
0.565565,-0.141573,-0.626814
0.561553,-0.143753,-0.627349
0.561668,-0.142381,-0.630370
0.559327,-0.142627,-0.630024
0.555939,-0.142818,-0.633773
0.554013,-0.143316,-0.633049
0.554473,-0.142193,-0.635474
0.550006,-0.142299,-0.635134
0.549569,-0.142177,-0.636830
0.547096,-0.143052,-0.639210
0.544723,-0.140844,-0.640242
0.540372,-0.143672,-0.642757
0.538698,-0.142380,-0.643784
0.537689,-0.140502,-0.643763
0.536656,-0.142003,-0.645783
0.535678,-0.142544,-0.647680
0.531992,-0.141835,-0.647370
0.531339,-0.142777,-0.649143
0.526792,-0.142882,-0.651826
0.525097,-0.142261,-0.652149
0.523324,-0.142124,-0.652569
0.520294,-0.139658,-0.654912
0.517317,-0.140956,-0.654676
0.515665,-0.140934,-0.656787
0.514188,-0.141478,-0.658637
0.509578,-0.141367,-0.657104
0.509323,-0.141330,-0.661879
0.508875,-0.140615,-0.662688
0.505395,-0.141225,-0.661912
0.504453,-0.141134,-0.662370
0.500578,-0.139926,-0.664168
0.498144,-0.139316,-0.664192
0.497796,-0.139764,-0.665437
0.493901,-0.138433,-0.666950
0.492905,-0.138464,-0.669922
0.489437,-0.139258,-0.670597
0.489731,-0.139717,-0.671847
0.486252,-0.139217,-0.670632
0.486031,-0.136852,-0.671142
0.480629,-0.137230,-0.673465
0.480721,-0.138101,-0.675245
0.478576,-0.137127,-0.675882
0.476740,-0.136364,-0.676770
0.475760,-0.134347,-0.676329
0.473037,-0.134476,-0.679949
0.471292,-0.135941,-0.678214
0.471198,-0.134352,-0.680111
0.467629,-0.134867,-0.680421
0.464302,-0.133662,-0.679482
0.719822,-0.258154,-0.602459
0.719621,-0.254168,-0.600272
0.720427,-0.251967,-0.597703
0.720896,-0.250055,-0.596379
0.721071,-0.248534,-0.592927
0.721096,-0.245695,-0.591646
0.721525,-0.241683,-0.590886
0.721895,-0.239325,-0.590526
0.720004,-0.237605,-0.589556
0.720961,-0.236488,-0.587800
0.720003,-0.236468,-0.587805
0.718320,-0.234527,-0.590052
0.716384,-0.233589,-0.590458
0.717797,-0.230888,-0.589593
0.713776,-0.232775,-0.589328
0.713855,-0.230134,-0.588476
0.712349,-0.228715,-0.587095
0.710819,-0.229478,-0.590790
0.710337,-0.229822,-0.590458
0.709098,-0.227799,-0.591279
0.706023,-0.228117,-0.592343
0.705056,-0.224702,-0.590924
0.703277,-0.226704,-0.592507
0.702867,-0.224199,-0.591235
0.701977,-0.224664,-0.592885
0.700961,-0.221237,-0.592265
0.700005,-0.221242,-0.594121
0.697009,-0.221650,-0.593739
0.697012,-0.219486,-0.594915
0.695699,-0.219952,-0.594729
0.693658,-0.219923,-0.594150
0.691782,-0.218489,-0.597379
0.689274,-0.218932,-0.597206
0.687422,-0.217879,-0.598858
0.686609,-0.218153,-0.596913
0.686259,-0.216907,-0.596278
0.683794,-0.215324,-0.598752
0.681928,-0.214251,-0.596361
0.680490,-0.211843,-0.598077
0.678725,-0.214623,-0.599885
0.678941,-0.210515,-0.597380
0.676535,-0.210786,-0.599837
0.675845,-0.210639,-0.600728
0.675936,-0.209435,-0.597944
0.674393,-0.209628,-0.599339
0.672313,-0.208841,-0.599064
0.674867,-0.207247,-0.599590
0.668927,-0.204562,-0.599744
0.668394,-0.202879,-0.600627
0.667957,-0.201095,-0.599443
0.668129,-0.201892,-0.598041
0.665145,-0.200021,-0.599190
0.665526,-0.200330,-0.599225
0.665327,-0.199938,-0.599466
0.663173,-0.197090,-0.599587
0.663792,-0.195534,-0.597843
0.662170,-0.194729,-0.598190
0.659307,-0.191969,-0.598504
0.660050,-0.194539,-0.598220
0.658362,-0.192391,-0.597699
0.657501,-0.190190,-0.599411
0.655933,-0.188039,-0.599798
0.655646,-0.188755,-0.599396
0.654516,-0.188312,-0.598231
0.653386,-0.184963,-0.596882
0.652064,-0.186016,-0.598149
0.652271,-0.184099,-0.598841
0.650238,-0.184282,-0.598346
0.650804,-0.183272,-0.598017
0.648927,-0.178615,-0.599917
0.649098,-0.178781,-0.598277
0.648345,-0.178474,-0.598011
0.645430,-0.176685,-0.597855
0.645822,-0.176522,-0.596905
0.643390,-0.173303,-0.596972
0.642522,-0.173306,-0.595886
0.642055,-0.170860,-0.595239
0.641244,-0.169867,-0.596037
0.639516,-0.169419,-0.597300
0.639999,-0.166335,-0.598375
0.637682,-0.165551,-0.596202
0.637242,-0.165516,-0.596444
0.638015,-0.165602,-0.595090
0.633753,-0.162802,-0.596910
0.635065,-0.161830,-0.595124
0.633786,-0.161041,-0.596771
0.631924,-0.158721,-0.595083
0.630991,-0.159724,-0.595141
0.630610,-0.158326,-0.596384
0.630234,-0.155908,-0.594486
0.625964,-0.156607,-0.595286
0.626764,-0.155507,-0.594963
0.626728,-0.151776,-0.594661
0.624183,-0.152884,-0.595240
0.623084,-0.150213,-0.596092
0.620761,-0.151100,-0.596123
0.619928,-0.149823,-0.598903
0.617865,-0.150586,-0.597590
0.616181,-0.149306,-0.599819
0.613609,-0.151280,-0.600922
0.615031,-0.147516,-0.600551
0.611734,-0.148684,-0.601666
0.608999,-0.148447,-0.602657
0.607536,-0.146822,-0.604355
0.603560,-0.147445,-0.603286
0.603203,-0.147194,-0.604323
0.599222,-0.147780,-0.607719
0.599827,-0.147524,-0.607017
0.597263,-0.147752,-0.608523
0.596626,-0.148706,-0.609120
0.594548,-0.144516,-0.608801
0.593130,-0.145507,-0.608816
0.590905,-0.144014,-0.612537
0.587779,-0.144156,-0.610975
0.588966,-0.142861,-0.611894
0.585522,-0.143497,-0.612472
0.584440,-0.143267,-0.614254
0.584406,-0.142459,-0.617345
0.578787,-0.145839,-0.616643
0.577453,-0.142430,-0.617212
0.576073,-0.142327,-0.618241
0.572203,-0.144344,-0.621015
0.568236,-0.144980,-0.622850
0.569770,-0.144281,-0.622858
0.567239,-0.142177,-0.625296
0.564164,-0.143752,-0.627253
0.562668,-0.142874,-0.629567
0.558928,-0.144536,-0.629160
0.557486,-0.143662,-0.630136
0.552629,-0.142144,-0.630667
0.551817,-0.143095,-0.632416
0.550101,-0.142244,-0.633791
0.546848,-0.142282,-0.634139
0.546104,-0.143364,-0.637721
0.543083,-0.142616,-0.635882
0.542142,-0.142192,-0.639587
0.539218,-0.141706,-0.641045
0.537938,-0.142098,-0.640921
0.534801,-0.142148,-0.641721
0.534436,-0.142994,-0.643749
0.528481,-0.144676,-0.646983
0.527828,-0.143817,-0.649446
0.525299,-0.142500,-0.647657
0.524671,-0.142338,-0.650722
0.521936,-0.142238,-0.651314
0.521404,-0.142147,-0.652015
0.517654,-0.141303,-0.652728
0.516098,-0.142265,-0.653572
0.514513,-0.138469,-0.655622
0.512088,-0.139811,-0.657326
0.510312,-0.141124,-0.657357
0.506485,-0.140067,-0.658406
0.504754,-0.141044,-0.659541
0.502701,-0.140496,-0.661190
0.499442,-0.142536,-0.662549
0.499283,-0.140322,-0.664186
0.497415,-0.140307,-0.664451
0.493892,-0.140558,-0.666089
0.493589,-0.139371,-0.668457
0.491411,-0.139226,-0.667330
0.489318,-0.140217,-0.668578
0.485968,-0.140084,-0.669827
0.485265,-0.139296,-0.672370
0.481500,-0.135874,-0.671613
0.481172,-0.138973,-0.672606
0.478744,-0.137875,-0.674433
0.477328,-0.138506,-0.674502
0.475548,-0.135804,-0.675895
0.472205,-0.135566,-0.677091
0.471788,-0.136965,-0.675782
0.468714,-0.138006,-0.679905
0.467218,-0.135643,-0.679726
0.467154,-0.134132,-0.679343
0.720638,-0.259917,-0.601054
0.719208,-0.255738,-0.599680
0.721118,-0.253821,-0.596659
0.717752,-0.250909,-0.595939
0.719366,-0.248358,-0.594496
0.721802,-0.247062,-0.590949
0.721129,-0.243932,-0.590204
0.719107,-0.242807,-0.587784
0.720019,-0.239433,-0.587955
0.720693,-0.235743,-0.586516
0.720091,-0.235362,-0.585050
0.720771,-0.232861,-0.585285
0.718334,-0.234076,-0.584334
0.718709,-0.231635,-0.585642
0.716929,-0.229380,-0.585273
0.714992,-0.227970,-0.584458
0.712489,-0.227157,-0.585782
0.711376,-0.227086,-0.586043
0.711071,-0.227458,-0.587802
0.707815,-0.226149,-0.587397
0.705836,-0.226294,-0.587381
0.705749,-0.226966,-0.589467
0.702196,-0.225405,-0.589395
0.704608,-0.223794,-0.588505
0.701546,-0.224743,-0.587574
0.699835,-0.222002,-0.591404
0.699217,-0.222665,-0.588687
0.695518,-0.221657,-0.591028
0.696837,-0.220520,-0.590822
0.694721,-0.221312,-0.590329
0.693362,-0.219240,-0.591965
0.692891,-0.218686,-0.593469
0.690907,-0.217398,-0.593768
0.690159,-0.218143,-0.594691
0.685768,-0.216395,-0.594598
0.684722,-0.216887,-0.593458
0.682821,-0.216109,-0.595610
0.682360,-0.214404,-0.595180
0.681858,-0.215296,-0.596139
0.680799,-0.213925,-0.597763
0.678524,-0.212027,-0.594195
0.676735,-0.211291,-0.596170
0.675363,-0.210800,-0.596344
0.674392,-0.209918,-0.595015
0.673697,-0.209423,-0.598163
0.672451,-0.206696,-0.596796
0.672456,-0.206747,-0.597958
0.670637,-0.205042,-0.597858
0.671265,-0.205602,-0.597178
0.668230,-0.203460,-0.598043
0.668457,-0.202581,-0.596150
0.665891,-0.201395,-0.596211
0.667364,-0.201786,-0.597772
0.664660,-0.198796,-0.596417
0.663352,-0.196979,-0.597019
0.661764,-0.197190,-0.597292
0.660379,-0.195837,-0.597961
0.659042,-0.194459,-0.597501
0.657473,-0.195310,-0.599477
0.657223,-0.192696,-0.598290
0.655369,-0.192841,-0.597147
0.655666,-0.189481,-0.598077
0.653999,-0.190609,-0.596937
0.653432,-0.189343,-0.595459
0.651921,-0.187884,-0.598715
0.650485,-0.186977,-0.596688
0.651187,-0.186043,-0.597052
0.648692,-0.183696,-0.598792
0.649045,-0.181806,-0.597429
0.645878,-0.180779,-0.596396
0.645709,-0.180896,-0.596355
0.643826,-0.179486,-0.595466
0.645443,-0.180215,-0.596576
0.644207,-0.176341,-0.596630
0.644030,-0.176811,-0.595906
0.640940,-0.175149,-0.595359
0.642544,-0.174289,-0.594807
0.639816,-0.170481,-0.598058
0.638807,-0.170649,-0.596300
0.637248,-0.169093,-0.594164
0.634839,-0.169370,-0.593789
0.635729,-0.168729,-0.595032
0.633608,-0.162911,-0.596064
0.634628,-0.164810,-0.594492
0.633273,-0.164158,-0.593225
0.630607,-0.163048,-0.595386
0.631801,-0.161940,-0.593973
0.629800,-0.159881,-0.595818
0.628495,-0.158048,-0.593492
0.627840,-0.157549,-0.594786
0.627178,-0.156849,-0.595280
0.624117,-0.156111,-0.596376
0.623754,-0.154653,-0.594117
0.623933,-0.152631,-0.596266
0.621605,-0.151245,-0.597596
0.621475,-0.151503,-0.596368
0.617673,-0.152632,-0.596237
0.618922,-0.150521,-0.596608
0.614936,-0.152087,-0.599393
0.614162,-0.151695,-0.599854
0.610826,-0.149682,-0.601890
0.611518,-0.151325,-0.601084
0.608571,-0.149505,-0.601154
0.606097,-0.149253,-0.602853
0.603936,-0.148698,-0.604554
0.602660,-0.149926,-0.603775
0.600610,-0.148314,-0.607362
0.597710,-0.147633,-0.607497
0.596961,-0.147726,-0.606583
0.593946,-0.147975,-0.609508
0.593442,-0.148109,-0.608822
0.591128,-0.147558,-0.610043
0.588071,-0.144109,-0.611509
0.588673,-0.143947,-0.611731
0.585750,-0.144522,-0.612366
0.583883,-0.143950,-0.611901
0.582853,-0.144604,-0.613585
0.580898,-0.146244,-0.614455
0.578081,-0.145732,-0.615735
0.575225,-0.143258,-0.617542
0.574231,-0.145168,-0.618331
0.572836,-0.145204,-0.619735
0.570019,-0.142884,-0.620083
0.566873,-0.143228,-0.622991
0.564655,-0.142844,-0.622791
0.564508,-0.145490,-0.625323
0.558342,-0.144470,-0.625467
0.559066,-0.142993,-0.626660
0.558239,-0.143200,-0.630274
0.554154,-0.144120,-0.628351
0.553880,-0.143709,-0.628667
0.552179,-0.143267,-0.633954
0.548693,-0.144028,-0.633745
0.546689,-0.143556,-0.634843
0.544386,-0.142913,-0.635381
0.541668,-0.143468,-0.637925
0.539554,-0.143683,-0.639347
0.537343,-0.142642,-0.641469
0.534448,-0.141612,-0.640424
0.533846,-0.142978,-0.640691
0.530532,-0.142863,-0.643027
0.530316,-0.143270,-0.644770
0.526836,-0.142206,-0.647883
0.524036,-0.143396,-0.647166
0.521443,-0.142547,-0.648414
0.519041,-0.143314,-0.649826
0.515358,-0.144079,-0.651327
0.513556,-0.141008,-0.651975
0.510266,-0.142891,-0.654713
0.509377,-0.144481,-0.654876
0.509168,-0.144182,-0.656447
0.506140,-0.141924,-0.657254
0.504959,-0.140926,-0.658517
0.502457,-0.141356,-0.659455
0.498837,-0.140802,-0.660573
0.496543,-0.140195,-0.662717
0.496076,-0.140728,-0.664889
0.492943,-0.140196,-0.665769
0.492605,-0.141730,-0.663873
0.489184,-0.139477,-0.668055
0.487085,-0.140194,-0.668796
0.484294,-0.138264,-0.669284
0.484729,-0.140947,-0.671380
0.481843,-0.138681,-0.673826
0.480789,-0.139120,-0.669852
0.477789,-0.138275,-0.673617
0.476850,-0.138063,-0.673557
0.475599,-0.137017,-0.673555
0.470705,-0.137726,-0.676930
0.470387,-0.138550,-0.676889
0.467736,-0.135197,-0.678206
0.464888,-0.135659,-0.677750
0.462877,-0.135801,-0.679587
0.462741,-0.137659,-0.677770
0.716937,-0.261294,-0.601641
0.718925,-0.261215,-0.600207
0.718212,-0.256794,-0.599331
0.717918,-0.255261,-0.598488
0.718880,-0.252885,-0.593671
0.720186,-0.249738,-0.593444
0.717985,-0.246168,-0.594037
0.720122,-0.245907,-0.591515
0.716801,-0.241272,-0.589236
0.719150,-0.238734,-0.587186
0.718652,-0.237165,-0.585294
0.719457,-0.235302,-0.584191
0.720385,-0.233917,-0.582135
0.719267,-0.232160,-0.582440
0.718384,-0.229893,-0.581656
0.717818,-0.229228,-0.582746
0.716789,-0.228929,-0.582129
0.715036,-0.228176,-0.582686
0.713838,-0.227160,-0.582562
0.711464,-0.228550,-0.584828
0.708753,-0.228176,-0.581797
0.708472,-0.225724,-0.584471
0.706714,-0.223624,-0.586547
0.705125,-0.226310,-0.586259
0.701982,-0.226104,-0.588009
0.699713,-0.224128,-0.588543
0.701091,-0.222041,-0.588519
0.700790,-0.222403,-0.586515
0.697043,-0.221675,-0.589269
0.695366,-0.219456,-0.588837
0.693696,-0.223196,-0.590019
0.692588,-0.219245,-0.591655
0.691705,-0.219980,-0.590547
0.688647,-0.219778,-0.590059
0.688993,-0.217306,-0.591119
0.688129,-0.218648,-0.592856
0.685089,-0.215652,-0.591293
0.685018,-0.217010,-0.593391
0.682670,-0.215071,-0.594104
0.681147,-0.212556,-0.592374
0.680294,-0.213071,-0.594982
0.679003,-0.212226,-0.594964
0.676447,-0.213039,-0.596308
0.676349,-0.211074,-0.593689
0.675337,-0.210457,-0.596948
0.675225,-0.210831,-0.596375
0.672898,-0.208472,-0.595396
0.671488,-0.207545,-0.595089
0.670851,-0.206907,-0.596041
0.667712,-0.204470,-0.595401
0.667657,-0.204902,-0.596011
0.667248,-0.202326,-0.595839
0.665943,-0.202786,-0.595587
0.665075,-0.201246,-0.596904
0.664819,-0.199954,-0.596917
0.664800,-0.198519,-0.596776
0.661581,-0.198932,-0.595479
0.661562,-0.197632,-0.595507
0.660327,-0.194509,-0.597656
0.658924,-0.194137,-0.596603
0.655409,-0.193227,-0.597111
0.657256,-0.191901,-0.595913
0.654440,-0.191547,-0.595915
0.653109,-0.190110,-0.595001
0.652764,-0.189002,-0.595523
0.652445,-0.188874,-0.596935
0.649391,-0.190827,-0.596445
0.651237,-0.185474,-0.597789
0.650199,-0.184726,-0.595630
0.647255,-0.182575,-0.596047
0.645578,-0.183170,-0.595586
0.646871,-0.182127,-0.595248
0.645494,-0.178630,-0.595146
0.644464,-0.178918,-0.595458
0.643803,-0.178046,-0.596060
0.639707,-0.175806,-0.595680
0.641129,-0.175171,-0.594632
0.638647,-0.173415,-0.595638
0.637901,-0.172902,-0.596074
0.640050,-0.171579,-0.594907
0.635188,-0.169925,-0.593798
0.634764,-0.169009,-0.592812
0.633431,-0.167849,-0.594895
0.634643,-0.167302,-0.593615
0.631223,-0.165179,-0.594859
0.631232,-0.166192,-0.593010
0.630785,-0.164026,-0.594633
0.627287,-0.163899,-0.593970
0.628825,-0.163194,-0.595635
0.627343,-0.159821,-0.594190
0.626145,-0.158465,-0.594910
0.626835,-0.157470,-0.592698
0.624990,-0.155598,-0.591907
0.624216,-0.156570,-0.593332
0.622512,-0.157138,-0.593334
0.621253,-0.154021,-0.592378
0.618846,-0.154086,-0.594959
0.616857,-0.151819,-0.595341
0.613127,-0.150683,-0.596620
0.612412,-0.153066,-0.598753
0.612084,-0.151420,-0.598048
0.610428,-0.150675,-0.599243
0.608396,-0.151305,-0.598923
0.606107,-0.150186,-0.600873
0.605090,-0.151859,-0.600589
0.604390,-0.151921,-0.602523
0.599858,-0.147992,-0.603469
0.600064,-0.151862,-0.605077
0.596153,-0.148902,-0.606373
0.593847,-0.149282,-0.607751
0.593638,-0.147628,-0.605699
0.592678,-0.148149,-0.608661
0.588235,-0.148751,-0.609572
0.586836,-0.147813,-0.608784
0.587005,-0.147293,-0.610677
0.585364,-0.145299,-0.611056
0.583073,-0.144716,-0.611919
0.582878,-0.146656,-0.613525
0.578426,-0.146429,-0.616018
0.577563,-0.145346,-0.614668
0.574676,-0.145617,-0.616589
0.571924,-0.146054,-0.616229
0.572360,-0.143049,-0.617464
0.569547,-0.144834,-0.619965
0.568459,-0.144170,-0.621570
0.565507,-0.143299,-0.623534
0.563441,-0.145387,-0.621967
0.560378,-0.145182,-0.625787
0.558756,-0.143293,-0.626421
0.557282,-0.142745,-0.624274
0.553103,-0.144583,-0.628936
0.552823,-0.144285,-0.627639
0.549282,-0.143308,-0.630492
0.546888,-0.143394,-0.630295
0.544109,-0.141998,-0.633380
0.546465,-0.144116,-0.634485
0.541865,-0.143667,-0.635051
0.539205,-0.144196,-0.636786
0.536073,-0.142982,-0.639129
0.535623,-0.143238,-0.638353
0.533147,-0.143947,-0.641244
0.528828,-0.142445,-0.640635
0.529776,-0.141942,-0.642413
0.524720,-0.143418,-0.644489
0.525166,-0.142627,-0.644745
0.521216,-0.142886,-0.646913
0.520303,-0.142573,-0.647556
0.518979,-0.141961,-0.648531
0.513259,-0.141017,-0.651743
0.510120,-0.143551,-0.651488
0.510312,-0.143723,-0.653682
0.508558,-0.142222,-0.655567
0.504868,-0.141965,-0.655660
0.503984,-0.142813,-0.657963
0.503291,-0.142515,-0.657777
0.498691,-0.141878,-0.659965
0.497779,-0.140146,-0.659920
0.494968,-0.141521,-0.662454
0.492028,-0.139290,-0.663072
0.490888,-0.141195,-0.663682
0.488902,-0.140229,-0.665807
0.487206,-0.142294,-0.665628
0.483559,-0.141160,-0.667904
0.481685,-0.140508,-0.668481
0.480490,-0.140522,-0.669392
0.479492,-0.138508,-0.669902
0.476987,-0.138153,-0.671754
0.473500,-0.139079,-0.673974
0.472161,-0.138839,-0.672056
0.471632,-0.138067,-0.673430
0.469899,-0.137792,-0.675374
0.468503,-0.136794,-0.676542
0.465427,-0.137900,-0.677390
0.463460,-0.136269,-0.678811
0.460426,-0.136274,-0.680459
0.715170,-0.267199,-0.600430
0.718106,-0.263770,-0.599018
0.717181,-0.260851,-0.598858
0.716588,-0.258984,-0.596946
0.716167,-0.255914,-0.596637
0.717042,-0.252979,-0.594171
0.715382,-0.249985,-0.592950
0.719299,-0.248180,-0.592253
0.718230,-0.246941,-0.590096
0.716953,-0.242724,-0.588997
0.716484,-0.242552,-0.585779
0.719480,-0.237654,-0.584301
0.717766,-0.236963,-0.581090
0.718257,-0.234998,-0.581888
0.718767,-0.231716,-0.579567
0.718973,-0.229530,-0.577979
0.718226,-0.232037,-0.579359
0.715761,-0.230383,-0.579575
0.714082,-0.229238,-0.581448
0.712758,-0.227482,-0.581344
0.711737,-0.227868,-0.581289
0.710333,-0.225532,-0.582962
0.708990,-0.225542,-0.583786
0.704967,-0.224781,-0.582698
0.705102,-0.224452,-0.585429
0.704666,-0.224539,-0.583818
0.703637,-0.222270,-0.584714
0.699932,-0.224465,-0.584782
0.697638,-0.223197,-0.587365
0.696605,-0.220371,-0.586850
0.696517,-0.221182,-0.588994
0.694032,-0.219832,-0.588012
0.693988,-0.220069,-0.587783
0.693249,-0.220712,-0.587904
0.689522,-0.219439,-0.589661
0.688854,-0.217417,-0.589359
0.686661,-0.218838,-0.590336
0.686225,-0.216122,-0.591672
0.683150,-0.216229,-0.592205
0.683619,-0.217257,-0.592099
0.681040,-0.213702,-0.592385
0.680527,-0.214403,-0.593203
0.678817,-0.214550,-0.591798
0.675859,-0.212829,-0.595129
0.675049,-0.212864,-0.591281
0.673979,-0.209638,-0.592388
0.673220,-0.208732,-0.593374
0.672732,-0.210007,-0.593920
0.670423,-0.208347,-0.595723
0.671569,-0.206915,-0.594595
0.669691,-0.204858,-0.595061
0.668741,-0.204377,-0.594683
0.666454,-0.203434,-0.592191
0.663753,-0.200646,-0.592933
0.665193,-0.202278,-0.595475
0.662321,-0.198823,-0.594667
0.662103,-0.199526,-0.593400
0.660577,-0.198145,-0.594288
0.660868,-0.197810,-0.595706
0.658465,-0.196832,-0.595621
0.655821,-0.194921,-0.594108
0.654758,-0.194233,-0.595722
0.653987,-0.192630,-0.594452
0.653779,-0.192192,-0.595897
0.653007,-0.189953,-0.594827
0.653715,-0.189963,-0.595009
0.650208,-0.188968,-0.594910
0.650738,-0.187203,-0.595429
0.647481,-0.185865,-0.594758
0.649220,-0.186147,-0.594843
0.644555,-0.185340,-0.595357
0.647015,-0.183611,-0.594995
0.645026,-0.180777,-0.596160
0.644776,-0.181794,-0.595598
0.643042,-0.181164,-0.594598
0.641754,-0.179926,-0.593750
0.641032,-0.177643,-0.593336
0.639374,-0.177134,-0.594428
0.639605,-0.174541,-0.594175
0.638889,-0.173903,-0.593822
0.637864,-0.172519,-0.593277
0.636025,-0.170906,-0.593215
0.634990,-0.169628,-0.592779
0.632951,-0.170454,-0.593834
0.631974,-0.167906,-0.593892
0.634254,-0.168836,-0.592804
0.630554,-0.166672,-0.593346
0.629962,-0.166319,-0.591904
0.627794,-0.162915,-0.593417
0.628326,-0.161626,-0.594010
0.626788,-0.161653,-0.594079
0.625072,-0.161583,-0.592388
0.622978,-0.159701,-0.593599
0.623394,-0.158008,-0.592740
0.622195,-0.157739,-0.591811
0.619736,-0.159451,-0.594671
0.618666,-0.157276,-0.593043
0.617302,-0.153549,-0.594398
0.614878,-0.154937,-0.597690
0.613886,-0.156012,-0.594857
0.612171,-0.153156,-0.596804
0.610546,-0.153366,-0.596009
0.606857,-0.153386,-0.598055
0.606772,-0.152753,-0.600025
0.602805,-0.152203,-0.601030
0.604008,-0.154606,-0.601771
0.601296,-0.151529,-0.602703
0.599176,-0.152333,-0.605385
0.597423,-0.151416,-0.605329
0.596467,-0.149907,-0.608289
0.593090,-0.148734,-0.607494
0.591717,-0.149393,-0.605961
0.591995,-0.150037,-0.608752
0.590283,-0.148992,-0.607482
0.586785,-0.150128,-0.610171
0.586453,-0.147631,-0.608580
0.585486,-0.148238,-0.609918
0.580774,-0.145980,-0.610160
0.580733,-0.148466,-0.611322
0.577714,-0.145308,-0.613719
0.577122,-0.146338,-0.612668
0.574203,-0.145716,-0.614380
0.570481,-0.145841,-0.614494
0.570177,-0.146212,-0.616928
0.569787,-0.146134,-0.617576
0.566971,-0.146205,-0.619625
0.562735,-0.144311,-0.620070
0.562053,-0.142711,-0.622372
0.562078,-0.143507,-0.620887
0.561390,-0.144518,-0.623161
0.556618,-0.144760,-0.624503
0.553084,-0.145629,-0.625124
0.551615,-0.143710,-0.628000
0.549044,-0.144124,-0.628987
0.546501,-0.144646,-0.630450
0.545038,-0.143870,-0.632238
0.543076,-0.143561,-0.631707
0.541593,-0.145834,-0.635644
0.537655,-0.141956,-0.633255
0.536116,-0.144366,-0.636888
0.534120,-0.142670,-0.637608
0.531755,-0.143609,-0.639498
0.530260,-0.143705,-0.639088
0.529249,-0.144116,-0.640413
0.525934,-0.142288,-0.643352
0.521625,-0.143388,-0.642855
0.520235,-0.144946,-0.644650
0.519839,-0.144738,-0.645331
0.516407,-0.144064,-0.644305
0.514113,-0.144040,-0.650954
0.511193,-0.141274,-0.651081
0.509232,-0.142680,-0.651814
0.506290,-0.141977,-0.653358
0.504838,-0.143042,-0.651441
0.500485,-0.143779,-0.656958
0.499113,-0.144101,-0.659963
0.499307,-0.141749,-0.658930
0.496910,-0.143841,-0.659456
0.495196,-0.141529,-0.660830
0.492256,-0.141659,-0.660641
0.490211,-0.140486,-0.662383
0.487293,-0.141723,-0.663392
0.486748,-0.140030,-0.664357
0.482542,-0.140695,-0.666565
0.481577,-0.141846,-0.666238
0.479352,-0.140490,-0.668065
0.479199,-0.139335,-0.670604
0.475937,-0.140972,-0.670663
0.473496,-0.139803,-0.672857
0.473365,-0.138581,-0.675096
0.469937,-0.139212,-0.674304
0.467692,-0.138415,-0.672799
0.465942,-0.137959,-0.674883
0.462879,-0.136970,-0.676424
0.462796,-0.137215,-0.679117
0.459825,-0.136383,-0.678248
0.713322,-0.270232,-0.604605
0.714536,-0.268010,-0.600200
0.714405,-0.263515,-0.600591
0.717900,-0.263939,-0.597642
0.715210,-0.261452,-0.596630
0.717423,-0.257401,-0.595940
0.716377,-0.255005,-0.592878
0.715823,-0.252277,-0.591245
0.714595,-0.250751,-0.589922
0.714486,-0.248338,-0.590231
0.717178,-0.244102,-0.588337
0.716492,-0.241552,-0.585277
0.717939,-0.241552,-0.583872
0.718428,-0.239256,-0.581762
0.717067,-0.235450,-0.581324
0.716600,-0.233938,-0.580009
0.716164,-0.230642,-0.578849
0.716395,-0.229279,-0.576443
0.717004,-0.227187,-0.577109
0.713769,-0.228454,-0.578777
0.712868,-0.227323,-0.577633
0.710310,-0.225695,-0.578199
0.709067,-0.225672,-0.579445
0.709830,-0.225780,-0.581287
0.706366,-0.223301,-0.580004
0.704785,-0.224844,-0.581466
0.704448,-0.222045,-0.582217
0.702483,-0.223309,-0.582436
0.698979,-0.221872,-0.582689
0.699822,-0.221216,-0.583696
0.698264,-0.223406,-0.584643
0.696211,-0.220349,-0.584520
0.695599,-0.219512,-0.583957
0.693335,-0.219780,-0.587233
0.690585,-0.219087,-0.585349
0.691790,-0.217676,-0.586345
0.689009,-0.217918,-0.589145
0.687458,-0.214756,-0.588835
0.683891,-0.215921,-0.588458
0.683673,-0.216844,-0.590399
0.683226,-0.215481,-0.589586
0.680912,-0.214585,-0.589842
0.681039,-0.214874,-0.589969
0.681049,-0.214849,-0.590248
0.676931,-0.212274,-0.590569
0.675154,-0.211579,-0.592812
0.674014,-0.210789,-0.591518
0.672777,-0.210078,-0.590107
0.671321,-0.209508,-0.590130
0.669344,-0.208183,-0.593404
0.669212,-0.207240,-0.592355
0.667674,-0.205967,-0.593348
0.666941,-0.203199,-0.593213
0.665200,-0.202745,-0.596137
0.664820,-0.200867,-0.594279
0.663691,-0.202401,-0.592492
0.664354,-0.200192,-0.594672
0.660385,-0.200131,-0.593287
0.660734,-0.197544,-0.591995
0.657051,-0.198157,-0.592627
0.657383,-0.197822,-0.595103
0.655787,-0.195808,-0.594479
0.656043,-0.195502,-0.593634
0.653873,-0.195229,-0.593216
0.653083,-0.192718,-0.592327
0.652410,-0.191526,-0.591986
0.650376,-0.191389,-0.594134
0.652211,-0.189352,-0.593101
0.649135,-0.189758,-0.594603
0.646851,-0.187464,-0.592763
0.644835,-0.187117,-0.593860
0.644963,-0.185628,-0.594363
0.642972,-0.184043,-0.593790
0.643547,-0.182076,-0.592733
0.642702,-0.182787,-0.593115
0.641582,-0.178037,-0.592610
0.640180,-0.180818,-0.594731
0.639632,-0.179508,-0.593204
0.639346,-0.176617,-0.593480
0.637380,-0.176596,-0.592757
0.636901,-0.174436,-0.593292
0.636087,-0.174108,-0.592664
0.633653,-0.173071,-0.593828
0.632882,-0.170733,-0.592505
0.634735,-0.171291,-0.592122
0.631066,-0.166874,-0.592258
0.629273,-0.168965,-0.590626
0.628439,-0.165788,-0.592081
0.624111,-0.166160,-0.591168
0.626281,-0.165661,-0.593631
0.626072,-0.163617,-0.592569
0.624837,-0.162469,-0.592171
0.623309,-0.161558,-0.592519
0.622028,-0.160833,-0.592341
0.620990,-0.160292,-0.592829
0.621836,-0.158165,-0.592187
0.619103,-0.157824,-0.593421
0.617582,-0.156523,-0.594288
0.615952,-0.155241,-0.594796
0.613292,-0.158265,-0.594509
0.614011,-0.157733,-0.596519
0.611594,-0.154568,-0.597396
0.609307,-0.155681,-0.596990
0.608003,-0.154624,-0.599505
0.608081,-0.154552,-0.599154
0.601144,-0.154653,-0.601105
0.600835,-0.153098,-0.600999
0.598920,-0.154009,-0.603019
0.596181,-0.153662,-0.601205
0.594730,-0.153623,-0.605136
0.593877,-0.150104,-0.603504
0.592036,-0.153601,-0.605409
0.593344,-0.150987,-0.605044
0.587970,-0.150321,-0.607171
0.588131,-0.150614,-0.606919
0.585676,-0.150202,-0.605620
0.584273,-0.147336,-0.606526
0.583882,-0.147252,-0.608007
0.581119,-0.148097,-0.609351
0.581246,-0.146991,-0.612138
0.576501,-0.148787,-0.612128
0.575871,-0.145627,-0.611986
0.575691,-0.147272,-0.613339
0.572159,-0.145370,-0.615519
0.568957,-0.147056,-0.613553
0.569488,-0.146034,-0.615664
0.566986,-0.145982,-0.617089
0.564255,-0.144487,-0.617220
0.561528,-0.145068,-0.619626
0.557875,-0.143502,-0.619736
0.558536,-0.144171,-0.621475
0.555477,-0.143086,-0.621986
0.555375,-0.145235,-0.624051
0.552027,-0.143170,-0.625201
0.548355,-0.143734,-0.625633
0.548167,-0.145444,-0.627096
0.544517,-0.145299,-0.629535
0.543005,-0.143366,-0.630225
0.540395,-0.143804,-0.632735
0.539787,-0.143126,-0.633642
0.534834,-0.145369,-0.635037
0.534175,-0.145558,-0.635121
0.529796,-0.142495,-0.639147
0.530161,-0.143768,-0.637584
0.526697,-0.145162,-0.639294
0.525907,-0.143766,-0.639987
0.520897,-0.143617,-0.641293
0.520724,-0.141976,-0.641998
0.518063,-0.145376,-0.644542
0.517075,-0.143424,-0.645958
0.512596,-0.143973,-0.649010
0.510704,-0.143843,-0.650442
0.509120,-0.144108,-0.650685
0.507481,-0.142650,-0.651981
0.505347,-0.145680,-0.651691
0.501362,-0.143379,-0.653057
0.499583,-0.142419,-0.655886
0.497768,-0.143819,-0.656468
0.496453,-0.143914,-0.658258
0.494817,-0.144529,-0.659272
0.492371,-0.143077,-0.658841
0.486822,-0.143423,-0.663064
0.490339,-0.142095,-0.662237
0.485047,-0.142079,-0.663256
0.483347,-0.141858,-0.666035
0.481812,-0.142494,-0.664016
0.481269,-0.143006,-0.667307
0.478560,-0.140578,-0.669259
0.474863,-0.141936,-0.667864
0.473734,-0.141236,-0.668153
0.470777,-0.139570,-0.670306
0.467738,-0.138984,-0.670357
0.467264,-0.141141,-0.673458
0.463799,-0.139305,-0.673635
0.463710,-0.139142,-0.674993
0.460052,-0.139700,-0.676075
0.460310,-0.139906,-0.677077
0.712160,-0.269649,-0.602072
0.714181,-0.267408,-0.600575
0.714544,-0.264849,-0.599004
0.714550,-0.263924,-0.598673
0.714145,-0.263283,-0.594224
0.714232,-0.258511,-0.594716
0.714589,-0.258556,-0.593713
0.715232,-0.255688,-0.592156
0.712445,-0.252627,-0.587914
0.715257,-0.248625,-0.586940
0.715389,-0.247998,-0.585800
0.717432,-0.244590,-0.584285
0.713598,-0.241100,-0.584789
0.715278,-0.240778,-0.580668
0.716423,-0.235981,-0.581593
0.715538,-0.235471,-0.578798
0.715008,-0.231134,-0.578428
0.716221,-0.229294,-0.576407
0.715787,-0.228418,-0.575199
0.713333,-0.229144,-0.575729
0.712245,-0.226922,-0.576895
0.711548,-0.225255,-0.577902
0.710521,-0.225339,-0.577370
0.706429,-0.227216,-0.577240
0.706318,-0.225846,-0.578184
0.706549,-0.223845,-0.577655
0.701322,-0.225001,-0.579157
0.703342,-0.224030,-0.580276
0.700112,-0.221630,-0.580468
0.698821,-0.222385,-0.581604
0.698466,-0.223315,-0.581615
0.696185,-0.221208,-0.583682
0.696203,-0.218674,-0.582661
0.692944,-0.218590,-0.582095
0.692727,-0.217392,-0.583622
0.686937,-0.217890,-0.583508
0.688772,-0.217248,-0.583842
0.686193,-0.216030,-0.586278
0.685816,-0.215300,-0.587444
0.684173,-0.216838,-0.586785
0.682931,-0.214858,-0.585400
0.681072,-0.215767,-0.586935
0.680781,-0.213181,-0.586950
0.676603,-0.212986,-0.588067
0.676762,-0.210946,-0.588701
0.675256,-0.212151,-0.589561
0.675885,-0.211250,-0.589352
0.672062,-0.209125,-0.589773
0.672199,-0.207295,-0.590067
0.669957,-0.207343,-0.591581
0.668455,-0.206051,-0.589894
0.667612,-0.206586,-0.589721
0.666089,-0.205667,-0.591406
0.665772,-0.203532,-0.592736
0.662859,-0.204312,-0.592644
0.664683,-0.204254,-0.590320
0.662169,-0.200762,-0.592677
0.660916,-0.200300,-0.592391
0.659109,-0.199850,-0.591936
0.658040,-0.199316,-0.591351
0.659615,-0.196963,-0.592129
0.655512,-0.196199,-0.589843
0.652716,-0.195148,-0.592300
0.653370,-0.195831,-0.591007
0.653865,-0.194030,-0.592399
0.649978,-0.192514,-0.592820
0.650785,-0.191834,-0.592817
0.649949,-0.190889,-0.591638
0.647725,-0.191019,-0.593385
0.647465,-0.187624,-0.593462
0.646473,-0.186477,-0.592167
0.644545,-0.185913,-0.590756
0.642980,-0.186365,-0.591360
0.644089,-0.183309,-0.592493
0.642267,-0.181344,-0.592168
0.643547,-0.180373,-0.594154
0.640003,-0.180632,-0.591619
0.638225,-0.178349,-0.591613
0.636551,-0.179594,-0.592096
0.638360,-0.177253,-0.590048
0.636227,-0.174600,-0.593015
0.633270,-0.175630,-0.592540
0.632925,-0.174391,-0.591358
0.632473,-0.174093,-0.590890
0.629433,-0.170188,-0.591716
0.629981,-0.171246,-0.592519
0.628537,-0.170047,-0.592502
0.627824,-0.167886,-0.593053
0.626481,-0.167847,-0.592186
0.623590,-0.168236,-0.591668
0.624096,-0.166813,-0.591370
0.622235,-0.163878,-0.591607
0.622855,-0.163210,-0.593643
0.621771,-0.163121,-0.593958
0.619255,-0.163235,-0.594149
0.618741,-0.161269,-0.591958
0.617638,-0.159609,-0.593598
0.615125,-0.158512,-0.596176
0.612924,-0.161488,-0.594125
0.613039,-0.156901,-0.594006
0.610022,-0.158098,-0.593582
0.610955,-0.156162,-0.595677
0.607044,-0.156139,-0.595718
0.606394,-0.155290,-0.595174
0.603985,-0.156263,-0.598188
0.603113,-0.154815,-0.599246
0.601641,-0.155063,-0.600794
0.600354,-0.154347,-0.601234
0.596366,-0.153887,-0.602337
0.594167,-0.153670,-0.603393
0.593481,-0.154855,-0.603946
0.592111,-0.153792,-0.602669
0.588715,-0.152818,-0.606072
0.588330,-0.150883,-0.605571
0.586025,-0.152169,-0.606266
0.585667,-0.151055,-0.605686
0.583922,-0.152487,-0.608716
0.581954,-0.150364,-0.606645
0.581286,-0.148632,-0.608570
0.578166,-0.148589,-0.608046
0.576038,-0.147870,-0.611085
0.573996,-0.145329,-0.610545
0.572095,-0.146406,-0.610450
0.572894,-0.146967,-0.612459
0.570405,-0.145211,-0.613494
0.565576,-0.148013,-0.614133
0.565443,-0.145270,-0.615903
0.565282,-0.146536,-0.617426
0.559959,-0.145833,-0.618986
0.558929,-0.145307,-0.619095
0.558085,-0.146378,-0.618571
0.554542,-0.143880,-0.619642
0.554487,-0.144614,-0.622464
0.553458,-0.144626,-0.623344
0.549721,-0.144846,-0.626311
0.547532,-0.144824,-0.624759
0.544245,-0.142590,-0.629184
0.542461,-0.145299,-0.629665
0.539466,-0.142770,-0.629222
0.538466,-0.142531,-0.628786
0.535891,-0.142957,-0.630437
0.532997,-0.145000,-0.632672
0.531411,-0.145652,-0.634731
0.530617,-0.144300,-0.636778
0.526180,-0.143219,-0.637275
0.524706,-0.142739,-0.639305
0.522011,-0.143646,-0.640816
0.519120,-0.143757,-0.643287
0.517024,-0.143814,-0.644308
0.513527,-0.145335,-0.643808
0.514701,-0.143409,-0.645005
0.512052,-0.145907,-0.648795
0.507725,-0.144819,-0.648174
0.505202,-0.144925,-0.649649
0.503260,-0.143411,-0.652089
0.500921,-0.146910,-0.652147
0.498588,-0.146645,-0.653813
0.495447,-0.142699,-0.655388
0.493766,-0.144635,-0.655998
0.492349,-0.145154,-0.658023
0.492105,-0.145130,-0.658626
0.489722,-0.142568,-0.660461
0.486752,-0.143180,-0.661228
0.483200,-0.141904,-0.660815
0.480840,-0.145298,-0.662555
0.480474,-0.141044,-0.664150
0.477852,-0.142227,-0.665258
0.477068,-0.142638,-0.665773
0.473482,-0.140220,-0.666755
0.472088,-0.140583,-0.668720
0.471555,-0.142669,-0.666784
0.468822,-0.140472,-0.672142
0.465682,-0.140037,-0.669714
0.463670,-0.140709,-0.672533
0.463117,-0.141741,-0.672970
0.460540,-0.140632,-0.675313
0.457525,-0.138972,-0.675765
0.710508,-0.277539,-0.604690
0.714497,-0.274788,-0.599887
0.712048,-0.270800,-0.601657
0.711511,-0.269203,-0.597888
0.713573,-0.264870,-0.596494
0.712238,-0.263731,-0.594159
0.713403,-0.259733,-0.593776
0.713133,-0.258337,-0.592238
0.714009,-0.253973,-0.591424
0.713562,-0.253831,-0.590094
0.714815,-0.252975,-0.586317
0.712485,-0.248932,-0.585454
0.714250,-0.246368,-0.584987
0.714919,-0.243138,-0.583044
0.715916,-0.241735,-0.581073
0.714494,-0.237989,-0.579769
0.714184,-0.236254,-0.577704
0.713834,-0.232821,-0.575507
0.715525,-0.231663,-0.576608
0.716057,-0.228644,-0.573593
0.714176,-0.228918,-0.573583
0.711918,-0.227861,-0.572221
0.710791,-0.226786,-0.574780
0.707051,-0.227566,-0.574502
0.706573,-0.224945,-0.575019
0.706687,-0.223435,-0.577221
0.706397,-0.222528,-0.577949
0.704277,-0.226729,-0.577153
0.700503,-0.225286,-0.579201
0.701482,-0.220732,-0.578407
0.697521,-0.223178,-0.579511
0.697023,-0.221468,-0.578784
0.696660,-0.218858,-0.580643
0.694119,-0.219686,-0.579674
0.692304,-0.219702,-0.581496
0.690965,-0.218112,-0.581803
0.688893,-0.217228,-0.581308
0.687431,-0.218053,-0.583372
0.687068,-0.217221,-0.583955
0.685029,-0.215340,-0.586547
0.680807,-0.214908,-0.583013
0.681776,-0.217203,-0.585307
0.681490,-0.215637,-0.585964
0.680198,-0.215179,-0.586120
0.677611,-0.212684,-0.585389
0.674694,-0.211578,-0.586282
0.675605,-0.212178,-0.586305
0.673991,-0.212013,-0.587235
0.671451,-0.209652,-0.587330
0.670857,-0.210104,-0.588385
0.669097,-0.209751,-0.588049
0.669680,-0.206776,-0.589367
0.669701,-0.205226,-0.588596
0.668072,-0.207265,-0.588807
0.664024,-0.204061,-0.588290
0.664720,-0.205056,-0.589029
0.661741,-0.203441,-0.589663
0.660107,-0.202273,-0.589802
0.657218,-0.200358,-0.587698
0.658026,-0.200663,-0.590181
0.658074,-0.201384,-0.591034
0.654979,-0.197606,-0.589935
0.655188,-0.197708,-0.589981
0.652613,-0.194526,-0.590174
0.653915,-0.195285,-0.590541
0.650307,-0.194669,-0.590387
0.649252,-0.192355,-0.589365
0.649406,-0.192373,-0.591187
0.648698,-0.191939,-0.592043
0.648981,-0.190342,-0.590763
0.644655,-0.191135,-0.591118
0.644683,-0.187567,-0.589836
0.643442,-0.187502,-0.589923
0.644065,-0.186918,-0.591233
0.643049,-0.185002,-0.591046
0.640173,-0.184677,-0.590751
0.638470,-0.180526,-0.590985
0.640368,-0.180603,-0.590761
0.639524,-0.180196,-0.590117
0.636765,-0.178050,-0.590731
0.634171,-0.177438,-0.590587
0.635623,-0.177562,-0.590404
0.633031,-0.176563,-0.591139
0.631589,-0.174315,-0.589981
0.631238,-0.173233,-0.592467
0.629987,-0.174245,-0.589257
0.629297,-0.172283,-0.591949
0.627623,-0.171242,-0.591799
0.625593,-0.168731,-0.590409
0.624597,-0.167245,-0.590217
0.623206,-0.166914,-0.588851
0.623714,-0.167058,-0.591225
0.622171,-0.166076,-0.592812
0.621826,-0.164720,-0.592546
0.621903,-0.162021,-0.591241
0.616728,-0.163350,-0.590351
0.615720,-0.161727,-0.593496
0.614663,-0.159807,-0.592148
0.613141,-0.159887,-0.592979
0.612638,-0.160637,-0.592937
0.612717,-0.155441,-0.593875
0.609914,-0.158786,-0.594385
0.609109,-0.157579,-0.594847
0.605988,-0.156420,-0.593490
0.603640,-0.156552,-0.596952
0.601561,-0.155725,-0.598108
0.601030,-0.154851,-0.599576
0.598633,-0.156975,-0.599686
0.595567,-0.155720,-0.599733
0.596175,-0.156318,-0.602126
0.591725,-0.155828,-0.602386
0.590786,-0.152822,-0.603674
0.591380,-0.154816,-0.602393
0.589322,-0.153096,-0.605299
0.587458,-0.153597,-0.604537
0.583789,-0.153050,-0.605692
0.583229,-0.152071,-0.605588
0.583134,-0.151508,-0.608144
0.580454,-0.150680,-0.608068
0.578735,-0.150497,-0.606952
0.577628,-0.149369,-0.609766
0.576156,-0.149075,-0.608554
0.574804,-0.149229,-0.610043
0.573881,-0.148273,-0.609464
0.569948,-0.148710,-0.611366
0.568907,-0.145538,-0.612019
0.565956,-0.145698,-0.613017
0.564049,-0.147135,-0.614237
0.562432,-0.147198,-0.616000
0.559858,-0.147072,-0.616709
0.558422,-0.147700,-0.616533
0.556827,-0.146081,-0.617890
0.554479,-0.145361,-0.618752
0.553461,-0.145663,-0.620866
0.550875,-0.146298,-0.620915
0.547103,-0.144956,-0.623933
0.546986,-0.143991,-0.623978
0.543833,-0.145161,-0.625785
0.543377,-0.144942,-0.626645
0.539948,-0.144972,-0.628563
0.537901,-0.145295,-0.629915
0.536005,-0.145626,-0.629807
0.532019,-0.144754,-0.633604
0.533156,-0.144085,-0.633976
0.528152,-0.144676,-0.634930
0.525966,-0.145495,-0.635361
0.523449,-0.144936,-0.636452
0.521128,-0.142286,-0.637424
0.520473,-0.145562,-0.639809
0.515470,-0.145590,-0.643759
0.514675,-0.144448,-0.643166
0.512562,-0.146331,-0.642838
0.511709,-0.144724,-0.644126
0.508033,-0.141913,-0.647652
0.505653,-0.144436,-0.647296
0.501979,-0.144763,-0.648896
0.499993,-0.144861,-0.652386
0.497471,-0.143970,-0.652806
0.494616,-0.143216,-0.652957
0.496368,-0.145600,-0.653243
0.492580,-0.143635,-0.653495
0.489852,-0.145602,-0.656225
0.488630,-0.143733,-0.658163
0.486049,-0.144963,-0.658695
0.484781,-0.143636,-0.659435
0.480853,-0.145216,-0.661394
0.479207,-0.142416,-0.663824
0.478536,-0.143979,-0.662986
0.476317,-0.142882,-0.665212
0.474256,-0.141435,-0.665430
0.468971,-0.140052,-0.664302
0.466924,-0.140670,-0.665042
0.466908,-0.140515,-0.669496
0.466190,-0.141339,-0.670464
0.463521,-0.140880,-0.671496
0.462345,-0.142841,-0.669903
0.458389,-0.141293,-0.673432
0.457792,-0.140949,-0.674338
0.711708,-0.277914,-0.602679
0.711082,-0.273745,-0.602647
0.711190,-0.272309,-0.600419
0.712320,-0.269074,-0.597787
0.709993,-0.266330,-0.597220
0.710351,-0.264962,-0.592896
0.711250,-0.262872,-0.593824
0.711902,-0.258712,-0.591583
0.712567,-0.256797,-0.588226
0.710537,-0.256326,-0.587843
0.711602,-0.252187,-0.587109
0.711640,-0.249838,-0.584075
0.712227,-0.247499,-0.583688
0.714656,-0.241971,-0.581503
0.714683,-0.243250,-0.580444
0.713987,-0.238736,-0.578644
0.712689,-0.237064,-0.576772
0.714172,-0.234623,-0.576278
0.713011,-0.231662,-0.573738
0.714672,-0.231392,-0.572168
0.712300,-0.227786,-0.572002
0.713263,-0.227938,-0.573416
0.712027,-0.227280,-0.573698
0.709581,-0.225091,-0.571690
0.709648,-0.225314,-0.573913
0.706524,-0.223226,-0.573768
0.704714,-0.224307,-0.573285
0.704358,-0.223391,-0.573624
0.701147,-0.225121,-0.573775
0.700435,-0.221570,-0.574797
0.697520,-0.223342,-0.575186
0.696677,-0.220241,-0.575541
0.696827,-0.220224,-0.576271
0.692897,-0.220924,-0.579317
0.691479,-0.221700,-0.579990
0.692298,-0.218199,-0.581721
0.688518,-0.219434,-0.580265
0.686623,-0.218609,-0.580093
0.687250,-0.219485,-0.581422
0.683540,-0.216783,-0.583026
0.683423,-0.217884,-0.581248
0.682075,-0.216581,-0.583889
0.680238,-0.214917,-0.584465
0.679103,-0.214716,-0.582659
0.678926,-0.212489,-0.584817
0.677898,-0.212062,-0.586803
0.674306,-0.212250,-0.585078
0.673545,-0.209905,-0.585137
0.671688,-0.209087,-0.585754
0.671071,-0.208976,-0.586415
0.670749,-0.209346,-0.589072
0.669219,-0.207313,-0.585999
0.668468,-0.206960,-0.586747
0.665847,-0.206959,-0.588426
0.664615,-0.205719,-0.587179
0.664597,-0.203769,-0.587236
0.661914,-0.202902,-0.585177
0.662139,-0.201114,-0.587977
0.657766,-0.202799,-0.587649
0.657017,-0.199980,-0.588625
0.657914,-0.198797,-0.588309
0.654407,-0.199148,-0.589601
0.654835,-0.198598,-0.588546
0.653461,-0.196991,-0.587806
0.652985,-0.195810,-0.588944
0.650798,-0.196371,-0.590544
0.648940,-0.194631,-0.589675
0.648899,-0.192935,-0.587308
0.646329,-0.192779,-0.590395
0.646871,-0.189879,-0.589819
0.645127,-0.189253,-0.590915
0.644776,-0.189709,-0.589581
0.642565,-0.187969,-0.589082
0.642794,-0.187848,-0.589880
0.641637,-0.185197,-0.590714
0.640346,-0.183673,-0.589556
0.636852,-0.184883,-0.590839
0.638045,-0.181185,-0.587063
0.637117,-0.181618,-0.589901
0.635649,-0.179366,-0.588358
0.634688,-0.180092,-0.587898
0.634450,-0.178855,-0.589532
0.631866,-0.176691,-0.588671
0.631439,-0.176646,-0.590269
0.630408,-0.173462,-0.589213
0.630029,-0.174578,-0.589652
0.629510,-0.175099,-0.590919
0.627804,-0.173968,-0.590117
0.625095,-0.169796,-0.588605
0.625326,-0.171607,-0.590189
0.625230,-0.168218,-0.589843
0.620723,-0.168050,-0.590233
0.621365,-0.166735,-0.589003
0.622739,-0.165458,-0.590481
0.618936,-0.165178,-0.590630
0.616697,-0.162716,-0.590798
0.616169,-0.162239,-0.590397
0.614324,-0.163053,-0.589382
0.613473,-0.159696,-0.592350
0.613535,-0.162172,-0.591393
0.609113,-0.161224,-0.591889
0.608827,-0.158974,-0.592291
0.607744,-0.157015,-0.593215
0.605889,-0.157984,-0.594411
0.604287,-0.158397,-0.594996
0.601719,-0.157883,-0.595788
0.599357,-0.157580,-0.598897
0.598501,-0.157890,-0.597595
0.596685,-0.154189,-0.599433
0.594419,-0.156973,-0.599842
0.592594,-0.156802,-0.602085
0.590649,-0.156821,-0.601549
0.588185,-0.155794,-0.603477
0.588463,-0.155468,-0.602547
0.585954,-0.155183,-0.604752
0.584702,-0.154569,-0.605701
0.584608,-0.152644,-0.606466
0.580544,-0.153872,-0.605192
0.580498,-0.151575,-0.604718
0.577880,-0.150286,-0.607356
0.575663,-0.150888,-0.605788
0.574189,-0.149331,-0.606805
0.573017,-0.148081,-0.606665
0.571856,-0.147913,-0.610819
0.569913,-0.149725,-0.610050
0.567033,-0.147056,-0.610432
0.567117,-0.148921,-0.612371
0.565193,-0.148108,-0.611323
0.560541,-0.147054,-0.614976
0.559213,-0.147361,-0.614026
0.559161,-0.147252,-0.615700
0.557711,-0.146213,-0.618000
0.555481,-0.146795,-0.616916
0.552616,-0.147818,-0.618661
0.549373,-0.144722,-0.619784
0.545207,-0.144194,-0.620323
0.544934,-0.145510,-0.622654
0.542855,-0.146006,-0.622926
0.540623,-0.145219,-0.624635
0.540367,-0.146219,-0.626551
0.536711,-0.146757,-0.626349
0.534197,-0.143779,-0.628285
0.531693,-0.145016,-0.628381
0.530692,-0.145354,-0.632772
0.529871,-0.146468,-0.631611
0.524442,-0.146583,-0.633686
0.524232,-0.145259,-0.635278
0.518828,-0.145138,-0.637410
0.517117,-0.146306,-0.638392
0.515976,-0.147021,-0.638395
0.513097,-0.146006,-0.641733
0.511587,-0.147119,-0.641925
0.509051,-0.144412,-0.642932
0.505038,-0.146171,-0.647164
0.505757,-0.145338,-0.647509
0.503088,-0.146825,-0.646843
0.500438,-0.144364,-0.648705
0.495690,-0.143830,-0.650127
0.495873,-0.145663,-0.651578
0.493649,-0.144626,-0.654285
0.490853,-0.146770,-0.654586
0.488847,-0.144099,-0.656342
0.488062,-0.144681,-0.656425
0.484981,-0.144890,-0.657467
0.482258,-0.144373,-0.659490
0.480001,-0.144635,-0.660795
0.479195,-0.143657,-0.661764
0.478429,-0.145642,-0.660869
0.476350,-0.142866,-0.662990
0.474139,-0.143217,-0.664868
0.471316,-0.144699,-0.665486
0.469013,-0.140849,-0.665222
0.466550,-0.142927,-0.666149
0.464227,-0.141279,-0.667132
0.464113,-0.142770,-0.669033
0.459646,-0.142363,-0.671810
0.457381,-0.141293,-0.672195
0.457352,-0.142336,-0.672165
0.710557,-0.281707,-0.602974
0.709056,-0.278720,-0.603299
0.709848,-0.275886,-0.601679
0.707933,-0.273418,-0.599328
0.709564,-0.271050,-0.597061
0.710447,-0.269462,-0.597601
0.710969,-0.266427,-0.594600
0.712545,-0.265187,-0.592977
0.710111,-0.262356,-0.590120
0.709557,-0.259481,-0.588264
0.712588,-0.256885,-0.589044
0.713010,-0.252370,-0.585258
0.710711,-0.250720,-0.583659
0.711543,-0.247946,-0.580992
0.710358,-0.246342,-0.580782
0.710861,-0.242232,-0.580681
0.711934,-0.243010,-0.575759
0.710565,-0.238444,-0.576944
0.713085,-0.235332,-0.572570
0.711678,-0.233571,-0.573894
0.712660,-0.231558,-0.573188
0.711974,-0.229909,-0.570432
0.710722,-0.227684,-0.570842
0.710724,-0.228656,-0.571557
0.709164,-0.226764,-0.570442
0.707921,-0.226282,-0.573510
0.706656,-0.225685,-0.571332
0.705532,-0.223705,-0.573025
0.703301,-0.224942,-0.572643
0.702102,-0.223225,-0.572806
0.702081,-0.222566,-0.575377
0.699474,-0.223749,-0.575308
0.695945,-0.222151,-0.576483
0.696340,-0.222007,-0.577526
0.693056,-0.220323,-0.576694
0.692612,-0.220087,-0.575456
0.689148,-0.220485,-0.575799
0.690736,-0.219293,-0.578077
0.688804,-0.217571,-0.579461
0.685358,-0.220984,-0.579489
0.683888,-0.217334,-0.579623
0.682189,-0.217088,-0.580508
0.683245,-0.216835,-0.581197
0.680265,-0.215367,-0.582319
0.678038,-0.216108,-0.583727
0.677409,-0.214435,-0.581922
0.675760,-0.211719,-0.584750
0.675698,-0.213094,-0.584001
0.672886,-0.213218,-0.583112
0.671863,-0.210232,-0.583633
0.668446,-0.209988,-0.585784
0.670489,-0.208555,-0.582444
0.668033,-0.208291,-0.583814
0.666228,-0.208021,-0.585474
0.665616,-0.207149,-0.586073
0.664710,-0.203227,-0.586022
0.663323,-0.204609,-0.584222
0.663321,-0.202766,-0.586069
0.661260,-0.200832,-0.586105
0.658609,-0.202418,-0.585555
0.658104,-0.201680,-0.584388
0.657386,-0.199651,-0.587907
0.654610,-0.199823,-0.587304
0.651549,-0.199714,-0.588144
0.653724,-0.197440,-0.585892
0.651671,-0.195365,-0.587958
0.652125,-0.194745,-0.587777
0.648981,-0.195685,-0.586357
0.645927,-0.194702,-0.587091
0.647273,-0.194054,-0.587975
0.646938,-0.191177,-0.588195
0.644441,-0.191141,-0.587398
0.643290,-0.190799,-0.588820
0.642380,-0.188354,-0.587418
0.641896,-0.186561,-0.589179
0.640181,-0.186588,-0.588458
0.639559,-0.184923,-0.587034
0.639471,-0.184104,-0.588550
0.636495,-0.183309,-0.589160
0.635646,-0.182007,-0.586192
0.633468,-0.182449,-0.588001
0.633500,-0.181180,-0.590450
0.631584,-0.179798,-0.588764
0.630227,-0.177709,-0.587434
0.629319,-0.178666,-0.590161
0.628765,-0.176551,-0.588291
0.628093,-0.176327,-0.588790
0.625158,-0.175156,-0.587709
0.625778,-0.173163,-0.588059
0.622686,-0.172504,-0.588464
0.622687,-0.171645,-0.588496
0.621981,-0.170234,-0.589689
0.622578,-0.167913,-0.588248
0.620291,-0.168717,-0.588982
0.620689,-0.166390,-0.587420
0.616037,-0.165333,-0.590305
0.615642,-0.162538,-0.589272
0.616140,-0.163925,-0.589876
0.612921,-0.160963,-0.589787
0.612879,-0.161816,-0.590129
0.611055,-0.161749,-0.591661
0.607912,-0.162612,-0.591993
0.608185,-0.161540,-0.592171
0.605591,-0.160583,-0.592481
0.605519,-0.159013,-0.594115
0.602871,-0.159935,-0.593101
0.600371,-0.157529,-0.595457
0.598668,-0.158710,-0.597126
0.595823,-0.158458,-0.598425
0.595239,-0.158172,-0.597044
0.594064,-0.155947,-0.598723
0.589498,-0.159164,-0.599495
0.588142,-0.158185,-0.602832
0.587105,-0.155884,-0.602051
0.586570,-0.155118,-0.603428
0.585138,-0.154458,-0.601097
0.585733,-0.154670,-0.603609
0.582173,-0.154039,-0.604440
0.580561,-0.152580,-0.605282
0.580865,-0.150856,-0.604399
0.576818,-0.150355,-0.602860
0.574346,-0.151522,-0.603500
0.574227,-0.150500,-0.604769
0.573206,-0.149212,-0.608274
0.571078,-0.149509,-0.608839
0.570480,-0.149061,-0.608225
0.567050,-0.150159,-0.608836
0.567185,-0.149842,-0.609873
0.562271,-0.148050,-0.611247
0.562366,-0.147859,-0.612157
0.559374,-0.148782,-0.611005
0.557511,-0.148186,-0.615511
0.556178,-0.147419,-0.615070
0.554411,-0.145879,-0.614885
0.552064,-0.148385,-0.616810
0.549795,-0.146971,-0.616503
0.549049,-0.145406,-0.621452
0.544531,-0.146773,-0.620055
0.542583,-0.146450,-0.623499
0.539956,-0.146316,-0.622119
0.537536,-0.146284,-0.624247
0.537458,-0.144710,-0.625507
0.535293,-0.146098,-0.627974
0.531958,-0.144887,-0.629491
0.528601,-0.145774,-0.630428
0.529171,-0.145423,-0.633417
0.523895,-0.145639,-0.632782
0.522713,-0.145933,-0.632989
0.518870,-0.145574,-0.635468
0.517501,-0.146539,-0.635807
0.515885,-0.145273,-0.638903
0.513487,-0.147405,-0.639985
0.510252,-0.146979,-0.641231
0.509026,-0.145370,-0.643351
0.505865,-0.146934,-0.645533
0.503689,-0.146772,-0.645096
0.501714,-0.146290,-0.647138
0.500598,-0.147274,-0.645268
0.498754,-0.146906,-0.646980
0.496531,-0.145385,-0.649106
0.493501,-0.148411,-0.650366
0.491786,-0.145092,-0.652261
0.491231,-0.144809,-0.654978
0.487042,-0.145812,-0.655963
0.484651,-0.146540,-0.654195
0.482561,-0.146358,-0.657423
0.479472,-0.143062,-0.658428
0.477770,-0.144754,-0.659186
0.475128,-0.145611,-0.659740
0.474603,-0.142319,-0.660303
0.472904,-0.144107,-0.661910
0.472194,-0.143555,-0.663983
0.468076,-0.143142,-0.664210
0.466646,-0.144067,-0.666466
0.464466,-0.141066,-0.667563
0.462284,-0.142419,-0.669132
0.459692,-0.142977,-0.671175
0.457441,-0.143013,-0.671241
0.455739,-0.141845,-0.671844
0.707055,-0.280178,-0.602551
0.706954,-0.279876,-0.601022
0.706461,-0.277780,-0.598397
0.709343,-0.273928,-0.596210
0.708510,-0.270520,-0.596434
0.709510,-0.269490,-0.595329
0.708134,-0.265419,-0.593538
0.709179,-0.264299,-0.590600
0.709169,-0.263385,-0.589679
0.710255,-0.256662,-0.588835
0.710233,-0.258669,-0.587208
0.711458,-0.254000,-0.583874
0.710149,-0.252328,-0.583863
0.709691,-0.249627,-0.581934
0.710799,-0.248240,-0.579646
0.711433,-0.244927,-0.581660
0.710392,-0.241825,-0.576241
0.711552,-0.240459,-0.575386
0.711512,-0.235735,-0.573090
0.710573,-0.235759,-0.572748
0.710784,-0.233152,-0.571813
0.712546,-0.230755,-0.569482
0.710774,-0.228889,-0.568672
0.710396,-0.226127,-0.568122
0.708611,-0.227434,-0.569598
0.707682,-0.225617,-0.568211
0.705988,-0.226866,-0.571062
0.703196,-0.224030,-0.571498
0.703302,-0.225056,-0.569870
0.702516,-0.222939,-0.571674
0.697686,-0.221707,-0.571057
0.698010,-0.221382,-0.571927
0.697652,-0.222026,-0.573560
0.695187,-0.220762,-0.572799
0.696148,-0.220599,-0.573770
0.692881,-0.221294,-0.573938
0.690367,-0.219690,-0.574029
0.688571,-0.218390,-0.575935
0.687855,-0.217867,-0.577144
0.686028,-0.217864,-0.577584
0.682220,-0.216599,-0.578677
0.682473,-0.216718,-0.577727
0.681299,-0.216611,-0.578048
0.680075,-0.216044,-0.580978
0.678846,-0.215319,-0.580769
0.675874,-0.212538,-0.579273
0.674711,-0.213866,-0.580433
0.674515,-0.211638,-0.580821
0.672223,-0.212340,-0.580955
0.673317,-0.211657,-0.582979
0.671038,-0.208318,-0.580659
0.668521,-0.208598,-0.583203
0.668765,-0.208676,-0.582419
0.665719,-0.208736,-0.583312
0.664746,-0.207524,-0.583474
0.663922,-0.205863,-0.583051
0.663938,-0.204863,-0.582902
0.662332,-0.203613,-0.583746
0.658858,-0.204940,-0.583992
0.659858,-0.203068,-0.585682
0.657554,-0.202656,-0.585020
0.654894,-0.201021,-0.582945
0.655105,-0.199537,-0.587021
0.654272,-0.200322,-0.584026
0.653261,-0.198562,-0.583252
0.652246,-0.196203,-0.586618
0.651878,-0.196078,-0.587418
0.650775,-0.194350,-0.585244
0.646582,-0.193062,-0.585075
0.647250,-0.194423,-0.587188
0.644486,-0.192106,-0.585363
0.644103,-0.191802,-0.587046
0.641999,-0.189936,-0.586885
0.643297,-0.190083,-0.586946
0.642561,-0.190257,-0.587467
0.638680,-0.187528,-0.585811
0.639622,-0.188177,-0.586929
0.638477,-0.185542,-0.587139
0.637147,-0.183574,-0.586043
0.635168,-0.182861,-0.587195
0.634207,-0.181017,-0.587860
0.634058,-0.180647,-0.588072
0.630974,-0.181535,-0.587121
0.632444,-0.179266,-0.588083
0.628933,-0.178780,-0.587697
0.627194,-0.176393,-0.588229
0.627911,-0.176928,-0.585519
0.625654,-0.174752,-0.586823
0.625584,-0.174093,-0.585072
0.622668,-0.173226,-0.586648
0.622677,-0.171507,-0.587048
0.620593,-0.171252,-0.586733
0.618589,-0.170017,-0.587301
0.617487,-0.168949,-0.587470
0.616197,-0.167346,-0.587545
0.616818,-0.167552,-0.588414
0.615537,-0.167286,-0.587209
0.612859,-0.164644,-0.588576
0.612929,-0.164174,-0.588813
0.611501,-0.163843,-0.590477
0.609785,-0.161903,-0.590437
0.608224,-0.162410,-0.589681
0.607157,-0.162461,-0.592525
0.604306,-0.161046,-0.593567
0.603139,-0.160808,-0.591194
0.601486,-0.159450,-0.592454
0.599177,-0.159477,-0.594638
0.597988,-0.160050,-0.594182
0.597384,-0.160090,-0.596137
0.593456,-0.158718,-0.596471
0.593554,-0.159020,-0.597985
0.591140,-0.159139,-0.598933
0.588090,-0.157322,-0.599166
0.587466,-0.154971,-0.598724
0.584084,-0.156610,-0.601248
0.583233,-0.156776,-0.599686
0.581406,-0.154014,-0.603160
0.580809,-0.154797,-0.602162
0.580775,-0.154682,-0.603848
0.578086,-0.153963,-0.602325
0.575909,-0.153518,-0.603019
0.574208,-0.152158,-0.604723
0.573868,-0.150423,-0.605470
0.571868,-0.149312,-0.606109
0.569740,-0.150999,-0.606376
0.567349,-0.150982,-0.607776
0.565945,-0.149587,-0.606275
0.564318,-0.148274,-0.608984
0.562369,-0.149438,-0.611396
0.560947,-0.146419,-0.610953
0.556230,-0.148491,-0.611577
0.557834,-0.146699,-0.613097
0.554699,-0.147228,-0.614286
0.552649,-0.147640,-0.615448
0.552028,-0.147126,-0.614752
0.549300,-0.147184,-0.617012
0.546302,-0.146528,-0.617968
0.545631,-0.146743,-0.618462
0.542292,-0.145835,-0.620937
0.541387,-0.146609,-0.620871
0.539253,-0.145546,-0.622223
0.536810,-0.147386,-0.626050
0.535697,-0.147151,-0.625342
0.532198,-0.146357,-0.627528
0.531768,-0.146667,-0.628781
0.527960,-0.148197,-0.630117
0.523139,-0.144457,-0.630800
0.521745,-0.145543,-0.632893
0.521243,-0.147437,-0.633428
0.519201,-0.145973,-0.635703
0.514778,-0.147667,-0.635914
0.512877,-0.146538,-0.637437
0.510580,-0.146995,-0.640921
0.508355,-0.146693,-0.640633
0.506407,-0.146856,-0.642955
0.503776,-0.145625,-0.643889
0.501838,-0.146382,-0.643584
0.499451,-0.146639,-0.645385
0.496016,-0.147032,-0.648029
0.496425,-0.145907,-0.647499
0.492870,-0.144094,-0.649209
0.491297,-0.146466,-0.650956
0.490544,-0.148482,-0.651891
0.486805,-0.145938,-0.652661
0.484008,-0.144635,-0.653011
0.482032,-0.145603,-0.654572
0.478705,-0.146486,-0.655405
0.478031,-0.146343,-0.656380
0.475574,-0.146557,-0.659468
0.474793,-0.144765,-0.659131
0.470639,-0.145816,-0.660167
0.470804,-0.142606,-0.663484
0.468644,-0.144104,-0.663611
0.464000,-0.145459,-0.664797
0.463532,-0.143446,-0.665479
0.460383,-0.144101,-0.668404
0.458039,-0.142949,-0.668176
0.456620,-0.143940,-0.670068
0.452970,-0.145094,-0.670345
0.451501,-0.144900,-0.670794
0.706294,-0.284206,-0.603404
0.707388,-0.281579,-0.600630
0.706129,-0.278579,-0.597895
0.706904,-0.275253,-0.596817
0.707982,-0.274137,-0.594306
0.709487,-0.271790,-0.593172
0.708539,-0.267285,-0.594507
0.706897,-0.267084,-0.590363
0.708212,-0.263211,-0.590666
0.707594,-0.260080,-0.588473
0.709746,-0.258691,-0.587275
0.709003,-0.256461,-0.585151
0.708355,-0.253170,-0.582896
0.708634,-0.251184,-0.583893
0.709108,-0.246588,-0.578705
0.709254,-0.246630,-0.579321
0.710038,-0.243660,-0.575634
0.709161,-0.241783,-0.575585
0.709545,-0.236703,-0.572563
0.709585,-0.237878,-0.570911
0.709893,-0.235909,-0.571550
0.710664,-0.233027,-0.569284
0.709933,-0.230282,-0.568639
0.709377,-0.226806,-0.566544
0.708575,-0.226652,-0.567165
0.707249,-0.225967,-0.568487
0.705528,-0.224918,-0.568465
0.705604,-0.226075,-0.568321
0.703679,-0.225755,-0.569437
0.701253,-0.223751,-0.569218
0.700668,-0.223851,-0.571416
0.697584,-0.223129,-0.569548
0.696422,-0.222854,-0.569482
0.695031,-0.221719,-0.573210
0.692675,-0.220998,-0.574134
0.690630,-0.218686,-0.572599
0.692235,-0.221365,-0.573896
0.689279,-0.220797,-0.575304
0.688443,-0.219957,-0.575247
0.685145,-0.217992,-0.576517
0.684531,-0.218685,-0.575118
0.682923,-0.218541,-0.576212
0.681204,-0.216893,-0.577083
0.680916,-0.216333,-0.577833
0.678074,-0.217292,-0.578014
0.675993,-0.215784,-0.579693
0.674860,-0.213575,-0.577354
0.674218,-0.213622,-0.578729
0.671256,-0.211278,-0.577573
0.670012,-0.212432,-0.578955
0.669762,-0.211823,-0.581686
0.668316,-0.209971,-0.580705
0.667885,-0.208982,-0.581885
0.666928,-0.208464,-0.582143
0.665196,-0.207835,-0.580918
0.662754,-0.207107,-0.580158
0.662316,-0.204574,-0.582855
0.660301,-0.205115,-0.582751
0.658670,-0.202400,-0.582773
0.657651,-0.202385,-0.582802
0.657415,-0.200566,-0.584163
0.656117,-0.200084,-0.582641
0.653982,-0.199897,-0.583053
0.654522,-0.199531,-0.581996
0.652229,-0.199337,-0.583134
0.651306,-0.199378,-0.585868
0.651638,-0.197722,-0.584112
0.647721,-0.196013,-0.582700
0.648035,-0.193615,-0.585754
0.646805,-0.194294,-0.584115
0.645218,-0.191830,-0.584412
0.644641,-0.189762,-0.585578
0.643090,-0.190293,-0.584489
0.641560,-0.189441,-0.584030
0.640161,-0.189924,-0.586081
0.638574,-0.187769,-0.585486
0.636762,-0.186877,-0.584997
0.634870,-0.185751,-0.583044
0.635136,-0.183669,-0.585696
0.632373,-0.181253,-0.584871
0.631729,-0.182049,-0.584078
0.632524,-0.182660,-0.588721
0.629193,-0.181850,-0.585733
0.629460,-0.179410,-0.586711
0.627320,-0.179672,-0.585672
0.628184,-0.178808,-0.585873
0.626559,-0.175867,-0.587019
0.624377,-0.176432,-0.584703
0.624389,-0.174400,-0.585843
0.622547,-0.172321,-0.586880
0.620875,-0.173799,-0.586282
0.621306,-0.171634,-0.585858
0.619706,-0.173334,-0.586757
0.618027,-0.170330,-0.586057
0.616579,-0.168703,-0.587981
0.614083,-0.168495,-0.586328
0.613752,-0.166092,-0.587880
0.611685,-0.165587,-0.590272
0.610635,-0.165913,-0.588356
0.612004,-0.163688,-0.589078
0.609154,-0.164579,-0.589936
0.607870,-0.163734,-0.591892
0.604902,-0.163112,-0.589029
0.603963,-0.163782,-0.591882
0.602539,-0.161710,-0.591941
0.601070,-0.160471,-0.589845
0.597001,-0.159325,-0.593066
0.597102,-0.160162,-0.594321
0.596159,-0.160361,-0.596039
0.593998,-0.158993,-0.593909
0.591003,-0.160297,-0.596561
0.589128,-0.159345,-0.597481
0.588160,-0.158431,-0.597661
0.586711,-0.157792,-0.598725
0.583615,-0.155750,-0.599488
0.584485,-0.155958,-0.598860
0.581596,-0.154358,-0.600470
0.579540,-0.155918,-0.600955
0.579262,-0.154190,-0.600383
0.576867,-0.154198,-0.601417
0.574166,-0.152280,-0.600075
0.574587,-0.152281,-0.601449
0.575109,-0.152028,-0.603513
0.571563,-0.151423,-0.603495
0.569981,-0.151976,-0.603135
0.568640,-0.148857,-0.604304
0.564337,-0.148677,-0.605426
0.565510,-0.149693,-0.606886
0.561669,-0.147962,-0.608379
0.561360,-0.149350,-0.609708
0.558588,-0.147573,-0.610565
0.556985,-0.148426,-0.611010
0.554217,-0.149906,-0.610866
0.552168,-0.145250,-0.611763
0.549887,-0.147535,-0.614384
0.548953,-0.148967,-0.614472
0.546573,-0.146455,-0.614973
0.543513,-0.145881,-0.618553
0.543726,-0.148025,-0.618630
0.540817,-0.146643,-0.619090
0.537575,-0.145109,-0.620724
0.535515,-0.146528,-0.620774
0.534271,-0.147489,-0.622424
0.532138,-0.147352,-0.626989
0.530933,-0.146209,-0.626580
0.527632,-0.145624,-0.626753
0.523080,-0.148416,-0.631064
0.520258,-0.148717,-0.630852
0.519842,-0.147199,-0.632061
0.516279,-0.147561,-0.633570
0.514971,-0.145995,-0.635994
0.513452,-0.147793,-0.636942
0.510001,-0.146422,-0.637316
0.506335,-0.148301,-0.638437
0.506592,-0.148656,-0.640005
0.502810,-0.146657,-0.642763
0.502158,-0.146372,-0.642465
0.499750,-0.148664,-0.645952
0.497269,-0.145749,-0.645056
0.493168,-0.145864,-0.645832
0.491948,-0.146139,-0.648777
0.492715,-0.145822,-0.649275
0.487100,-0.147672,-0.649877
0.486913,-0.146700,-0.652002
0.485007,-0.145566,-0.653153
0.481525,-0.144119,-0.653762
0.479675,-0.143486,-0.655572
0.477514,-0.144136,-0.656533
0.474531,-0.145712,-0.658585
0.471520,-0.145405,-0.658531
0.472495,-0.144816,-0.660895
0.469320,-0.145329,-0.660886
0.466250,-0.144172,-0.664402
0.464055,-0.143751,-0.661639
0.462400,-0.142680,-0.663698
0.460202,-0.144337,-0.666344
0.456581,-0.144530,-0.666736
0.454046,-0.143083,-0.668206
0.452203,-0.145441,-0.669547
0.449236,-0.143834,-0.670455
0.704700,-0.287375,-0.603539
0.706744,-0.286077,-0.601428
0.705139,-0.282575,-0.600205
0.705739,-0.281295,-0.597726
0.705405,-0.279043,-0.596328
0.705669,-0.274759,-0.594841
0.706873,-0.272064,-0.592171
0.707879,-0.271237,-0.590371
0.705192,-0.268695,-0.590801
0.707449,-0.264580,-0.589482
0.706892,-0.263666,-0.586212
0.705870,-0.259118,-0.583976
0.706524,-0.257298,-0.584060
0.706389,-0.257749,-0.582860
0.707974,-0.252739,-0.580328
0.707675,-0.249566,-0.580084
0.707202,-0.247283,-0.577654
0.707572,-0.245909,-0.574248
0.707995,-0.242642,-0.574328
0.705298,-0.240483,-0.572691
0.709986,-0.238920,-0.572069
0.708984,-0.236238,-0.568959
0.710025,-0.233007,-0.568309
0.708191,-0.231512,-0.564310
0.710742,-0.229318,-0.564511
0.709336,-0.227533,-0.566969
0.706605,-0.227372,-0.567484
0.705025,-0.225987,-0.565773
0.703454,-0.226351,-0.566572
0.703987,-0.226579,-0.568303
0.700485,-0.222882,-0.567502
0.700598,-0.222608,-0.567868
0.697762,-0.222687,-0.568830
0.696391,-0.222825,-0.567592
0.694444,-0.221773,-0.568847
0.695817,-0.221283,-0.568908
0.691146,-0.221853,-0.571319
0.689862,-0.220169,-0.571608
0.687682,-0.219137,-0.570126
0.687106,-0.218293,-0.573299
0.686315,-0.219202,-0.572365
0.684752,-0.216866,-0.573830
0.680470,-0.216421,-0.575207
0.679896,-0.216479,-0.574145
0.678706,-0.215855,-0.576634
0.677444,-0.216632,-0.575958
0.677113,-0.214644,-0.576493
0.674574,-0.213988,-0.579267
0.675250,-0.211484,-0.577183
0.672987,-0.213534,-0.574574
0.672534,-0.211317,-0.577376
0.668969,-0.210487,-0.577799
0.668325,-0.210531,-0.578575
0.668092,-0.207716,-0.579467
0.664648,-0.209607,-0.578107
0.664011,-0.206123,-0.579881
0.663913,-0.206749,-0.580867
0.663183,-0.205793,-0.578531
0.661267,-0.205605,-0.580730
0.658703,-0.203413,-0.581379
0.658410,-0.202903,-0.580537
0.655693,-0.202271,-0.583231
0.654829,-0.201207,-0.581422
0.654745,-0.201661,-0.580666
0.652188,-0.199215,-0.582926
0.651720,-0.199928,-0.583378
0.649450,-0.197052,-0.581266
0.649303,-0.196544,-0.582205
0.649420,-0.195484,-0.582188
0.646787,-0.194843,-0.580831
0.644886,-0.193946,-0.581076
0.645687,-0.193599,-0.583193
0.644372,-0.191170,-0.582482
0.643111,-0.191229,-0.582756
0.639766,-0.189887,-0.585042
0.639527,-0.188876,-0.582845
0.638155,-0.186431,-0.585165
0.638563,-0.188886,-0.585762
0.636151,-0.187179,-0.584699
0.634568,-0.184728,-0.582992
0.634399,-0.184705,-0.584960
0.631880,-0.182351,-0.581477
0.631767,-0.182113,-0.583433
0.628994,-0.181436,-0.584693
0.626824,-0.179876,-0.583815
0.629818,-0.179298,-0.585677
0.626331,-0.178402,-0.585686
0.625657,-0.178195,-0.584474
0.623664,-0.177360,-0.583518
0.623068,-0.175244,-0.585444
0.620740,-0.172763,-0.585198
0.621328,-0.171686,-0.583111
0.619236,-0.172607,-0.581687
0.618008,-0.171573,-0.584878
0.617639,-0.168573,-0.584931
0.615638,-0.172819,-0.585756
0.616489,-0.168738,-0.585144
0.611735,-0.169112,-0.587220
0.612479,-0.167203,-0.585548
0.612475,-0.166012,-0.587432
0.608148,-0.165357,-0.586478
0.605635,-0.166051,-0.588474
0.605512,-0.164993,-0.588271
0.606495,-0.163739,-0.588607
0.604578,-0.163072,-0.588754
0.601786,-0.162794,-0.589293
0.600471,-0.161637,-0.590666
0.597497,-0.160735,-0.589453
0.596827,-0.161950,-0.593225
0.595531,-0.160599,-0.593771
0.594855,-0.162266,-0.594000
0.588838,-0.160543,-0.596599
0.590451,-0.160233,-0.596211
0.588499,-0.159328,-0.597778
0.586685,-0.159027,-0.595455
0.583726,-0.159714,-0.597944
0.583705,-0.157169,-0.598360
0.580769,-0.156073,-0.598814
0.580781,-0.156725,-0.597781
0.577566,-0.155146,-0.599271
0.577682,-0.155330,-0.597892
0.574656,-0.155492,-0.601688
0.572461,-0.151400,-0.602036
0.571382,-0.151247,-0.602264
0.570727,-0.154346,-0.602490
0.568282,-0.151126,-0.604063
0.567967,-0.150868,-0.604484
0.564978,-0.150142,-0.604374
0.564012,-0.148971,-0.604087
0.562956,-0.149144,-0.606202
0.559606,-0.149760,-0.605939
0.558990,-0.147126,-0.606994
0.558252,-0.148521,-0.609168
0.553862,-0.147414,-0.608078
0.553618,-0.149578,-0.611448
0.551857,-0.148495,-0.612677
0.548330,-0.146992,-0.613619
0.545174,-0.147443,-0.614039
0.544709,-0.148515,-0.614688
0.541607,-0.147322,-0.617623
0.538310,-0.148785,-0.617887
0.536830,-0.147861,-0.620343
0.536359,-0.148870,-0.619318
0.534140,-0.148098,-0.622146
0.529301,-0.146310,-0.622793
0.528139,-0.147336,-0.625350
0.525957,-0.148328,-0.627441
0.520606,-0.147371,-0.628111
0.521820,-0.147095,-0.630586
0.518026,-0.149214,-0.632138
0.516323,-0.147460,-0.633553
0.513464,-0.147597,-0.633922
0.513646,-0.147625,-0.636119
0.511345,-0.146412,-0.636811
0.506495,-0.148012,-0.636094
0.504148,-0.149133,-0.638053
0.502522,-0.147594,-0.640982
0.503590,-0.148528,-0.639447
0.500620,-0.145790,-0.641773
0.496374,-0.146986,-0.643676
0.494883,-0.148100,-0.646644
0.493980,-0.148278,-0.645764
0.488616,-0.146361,-0.647330
0.487709,-0.146715,-0.650484
0.486132,-0.145986,-0.650609
0.483569,-0.147209,-0.650310
0.481124,-0.146003,-0.650440
0.479159,-0.145186,-0.652640
0.475573,-0.145722,-0.653372
0.474472,-0.146214,-0.657016
0.472608,-0.145824,-0.656948
0.469218,-0.146005,-0.657722
0.467060,-0.146113,-0.659023
0.466222,-0.145170,-0.659910
0.462906,-0.145542,-0.661530
0.460579,-0.145688,-0.663707
0.458781,-0.144914,-0.666346
0.455970,-0.144629,-0.668010
0.454916,-0.146024,-0.666596
0.451879,-0.145245,-0.669939
0.449687,-0.146044,-0.671615
0.703029,-0.289314,-0.603739
0.705678,-0.285448,-0.602440
0.704951,-0.282927,-0.599661
0.703882,-0.280034,-0.596516
0.703675,-0.277977,-0.596726
0.703994,-0.275631,-0.596273
0.706306,-0.273807,-0.593356
0.702721,-0.273926,-0.590797
0.706195,-0.268186,-0.588537
0.704885,-0.266425,-0.588555
0.704029,-0.263195,-0.585871
0.706561,-0.259452,-0.585146
0.705640,-0.257710,-0.582865
0.705434,-0.255821,-0.581760
0.708718,-0.253467,-0.578398
0.706443,-0.250983,-0.577612
0.706894,-0.251093,-0.578765
0.707106,-0.248265,-0.575575
0.708078,-0.245528,-0.573147
0.706837,-0.240626,-0.573212
0.707180,-0.240514,-0.569402
0.708730,-0.235928,-0.568277
0.709259,-0.234249,-0.566624
0.707284,-0.233126,-0.564964
0.708286,-0.231950,-0.563796
0.707129,-0.227675,-0.563270
0.706352,-0.226431,-0.563191
0.703932,-0.226693,-0.564635
0.703940,-0.226182,-0.565839
0.701691,-0.224998,-0.565185
0.697957,-0.225002,-0.566516
0.700928,-0.223748,-0.566902
0.696625,-0.221774,-0.567272
0.697279,-0.222676,-0.567589
0.694581,-0.220518,-0.568647
0.692861,-0.222139,-0.569070
0.690536,-0.220375,-0.567734
0.691657,-0.220766,-0.568969
0.686982,-0.220588,-0.571837
0.685135,-0.219626,-0.570224
0.686417,-0.220371,-0.571778
0.681965,-0.218481,-0.570403
0.681800,-0.217998,-0.571706
0.680643,-0.217738,-0.572759
0.678156,-0.216485,-0.575217
0.675440,-0.217891,-0.575095
0.675507,-0.214862,-0.575837
0.674890,-0.214620,-0.574302
0.674304,-0.213931,-0.575142
0.671138,-0.211523,-0.577892
0.669648,-0.212507,-0.575456
0.669380,-0.210683,-0.576527
0.667476,-0.208741,-0.575859
0.666777,-0.208848,-0.576852
0.664263,-0.207400,-0.577989
0.664306,-0.207017,-0.578735
0.664199,-0.207317,-0.578653
0.661703,-0.205338,-0.577861
0.660655,-0.205570,-0.579897
0.658411,-0.205652,-0.577718
0.657814,-0.204308,-0.579338
0.657433,-0.204361,-0.578595
0.655138,-0.202051,-0.578901
0.654734,-0.201106,-0.578908
0.652853,-0.202153,-0.579094
0.651595,-0.200677,-0.581206
0.651105,-0.196632,-0.581666
0.649473,-0.197397,-0.579066
0.645979,-0.196528,-0.580646
0.647202,-0.195762,-0.581284
0.646213,-0.195093,-0.581035
0.642409,-0.196632,-0.582154
0.639484,-0.192099,-0.582745
0.642383,-0.192570,-0.580740
0.640689,-0.190005,-0.581712
0.637841,-0.189244,-0.582114
0.636379,-0.187914,-0.583306
0.636700,-0.188245,-0.581861
0.635516,-0.187115,-0.583569
0.632604,-0.185732,-0.583443
0.633109,-0.185508,-0.581387
0.632299,-0.182364,-0.584949
0.628646,-0.183072,-0.579459
0.627926,-0.182210,-0.580827
0.628853,-0.181857,-0.582752
0.626976,-0.179861,-0.583824
0.625308,-0.179665,-0.583578
0.625672,-0.179003,-0.582168
0.623370,-0.178073,-0.584477
0.623225,-0.175972,-0.583118
0.621110,-0.174685,-0.582984
0.618912,-0.174106,-0.584348
0.620381,-0.174328,-0.585475
0.617171,-0.172313,-0.583166
0.615366,-0.171737,-0.582908
0.615330,-0.170250,-0.584418
0.614754,-0.171060,-0.585024
0.614979,-0.167481,-0.584843
0.611696,-0.170385,-0.585009
0.609930,-0.168375,-0.584919
0.610287,-0.168889,-0.586771
0.607112,-0.164958,-0.586678
0.606471,-0.164417,-0.586945
0.604034,-0.164673,-0.587396
0.603454,-0.163009,-0.589080
0.599752,-0.164073,-0.590375
0.599859,-0.164134,-0.589713
0.599291,-0.161440,-0.587995
0.596697,-0.161398,-0.589955
0.592001,-0.162622,-0.591384
0.592207,-0.161796,-0.593543
0.591212,-0.160113,-0.593169
0.588124,-0.160882,-0.593312
0.586384,-0.161101,-0.595677
0.584708,-0.159386,-0.597299
0.582722,-0.158278,-0.595603
0.581775,-0.160874,-0.596695
0.580259,-0.157489,-0.598226
0.579542,-0.156385,-0.598486
0.580354,-0.155131,-0.596652
0.576997,-0.155499,-0.596899
0.574897,-0.154630,-0.600384
0.571983,-0.154190,-0.600934
0.572027,-0.152820,-0.600012
0.568897,-0.151500,-0.601778
0.568936,-0.151984,-0.602469
0.567401,-0.153316,-0.601775
0.565502,-0.152864,-0.603161
0.561385,-0.148879,-0.604127
0.561935,-0.150926,-0.604148
0.559969,-0.150066,-0.606302
0.559768,-0.149573,-0.605578
0.554874,-0.151242,-0.608463
0.552253,-0.149329,-0.608368
0.552240,-0.150024,-0.609064
0.548452,-0.149146,-0.612172
0.548705,-0.149416,-0.612910
0.546361,-0.150186,-0.614013
0.541937,-0.150560,-0.614305
0.541451,-0.147574,-0.614972
0.538092,-0.147704,-0.615891
0.536893,-0.149163,-0.618277
0.534532,-0.147094,-0.619062
0.530252,-0.148046,-0.621281
0.530554,-0.146766,-0.621912
0.527064,-0.148880,-0.621982
0.524154,-0.148621,-0.623836
0.522174,-0.148929,-0.627118
0.521351,-0.149097,-0.627978
0.519763,-0.148322,-0.627979
0.515905,-0.150339,-0.631490
0.512982,-0.146385,-0.629542
0.510007,-0.147573,-0.632653
0.508083,-0.146914,-0.634091
0.508630,-0.148966,-0.634815
0.502345,-0.147187,-0.634731
0.501258,-0.147795,-0.638235
0.499654,-0.146887,-0.638657
0.498189,-0.148546,-0.640180
0.496625,-0.146324,-0.641251
0.495502,-0.150227,-0.643850
0.491971,-0.146774,-0.642704
0.488076,-0.148201,-0.645962
0.488376,-0.147041,-0.648098
0.484070,-0.147699,-0.647377
0.482157,-0.149492,-0.649744
0.480170,-0.147861,-0.650525
0.479213,-0.146974,-0.652334
0.475853,-0.147796,-0.652881
0.472456,-0.146033,-0.652419
0.469337,-0.145690,-0.654884
0.469278,-0.146962,-0.657132
0.464160,-0.145550,-0.658495
0.465452,-0.147176,-0.659479
0.462861,-0.146270,-0.660791
0.459437,-0.145204,-0.662992
0.456997,-0.147367,-0.662482
0.453838,-0.145947,-0.663952
0.453522,-0.147205,-0.666504
0.453314,-0.147312,-0.666677
0.703326,-0.291048,-0.601145
0.701928,-0.288986,-0.600332
0.701663,-0.284250,-0.598430
0.702710,-0.282717,-0.597358
0.703265,-0.279875,-0.593833
0.702897,-0.278420,-0.593589
0.702900,-0.276037,-0.590654
0.705141,-0.272122,-0.589440
0.704066,-0.271529,-0.587278
0.703088,-0.266894,-0.586582
0.704590,-0.266735,-0.586787
0.707053,-0.261008,-0.583151
0.705665,-0.261124,-0.583707
0.704899,-0.259230,-0.582079
0.706112,-0.256753,-0.579890
0.705302,-0.253455,-0.577029
0.705452,-0.249158,-0.576695
0.705574,-0.248283,-0.573701
0.705777,-0.246176,-0.572669
0.706056,-0.243132,-0.570737
0.705913,-0.241441,-0.570474
0.705448,-0.239153,-0.568682
0.705536,-0.234215,-0.566593
0.705314,-0.232718,-0.565404
0.705701,-0.230107,-0.565864
0.706588,-0.229127,-0.563414
0.706734,-0.229500,-0.562387
0.704408,-0.227771,-0.562351
0.703046,-0.226321,-0.563681
0.700655,-0.227323,-0.562159
0.699831,-0.224770,-0.562854
0.699601,-0.224499,-0.565792
0.697154,-0.224294,-0.564745
0.695757,-0.224999,-0.567236
0.693429,-0.223874,-0.566072
0.692435,-0.222448,-0.567818
0.691553,-0.223042,-0.567150
0.688465,-0.221989,-0.568986
0.687703,-0.220305,-0.567145
0.685827,-0.220171,-0.570708
0.685142,-0.217786,-0.567952
0.683088,-0.218513,-0.570012
0.681672,-0.217215,-0.571406
0.679440,-0.215697,-0.572887
0.679325,-0.216901,-0.569610
0.678022,-0.216890,-0.571890
0.674886,-0.212278,-0.574157
0.675774,-0.215018,-0.573107
0.673676,-0.215700,-0.573377
0.673544,-0.213946,-0.574589
0.668667,-0.213103,-0.574394
0.669385,-0.211150,-0.574827
0.668157,-0.210780,-0.575096
0.665929,-0.211285,-0.575774
0.665783,-0.209463,-0.576686
0.666049,-0.208180,-0.575460
0.661677,-0.207325,-0.574502
0.660786,-0.206778,-0.577903
0.659250,-0.206580,-0.577078
0.660226,-0.206042,-0.577145
0.655746,-0.203149,-0.575827
0.653846,-0.204134,-0.576107
0.652173,-0.200951,-0.577517
0.653883,-0.201763,-0.578648
0.652293,-0.202730,-0.578477
0.651384,-0.199295,-0.576955
0.650229,-0.200167,-0.578833
0.647304,-0.198883,-0.578482
0.646766,-0.196381,-0.580377
0.643929,-0.195422,-0.579992
0.645925,-0.197746,-0.578560
0.643419,-0.193620,-0.578054
0.641262,-0.192486,-0.580094
0.641709,-0.191458,-0.580718
0.640542,-0.190183,-0.579450
0.638266,-0.191063,-0.580994
0.636640,-0.187504,-0.579160
0.635911,-0.187400,-0.580015
0.633355,-0.187633,-0.581328
0.633208,-0.185252,-0.582213
0.629874,-0.187309,-0.580115
0.631773,-0.184994,-0.579300
0.630200,-0.184212,-0.581127
0.629338,-0.183547,-0.581957
0.628220,-0.181439,-0.581328
0.625186,-0.179318,-0.582253
0.626425,-0.179479,-0.580673
0.624454,-0.178041,-0.581730
0.623269,-0.179127,-0.583510
0.623439,-0.178261,-0.580803
0.620442,-0.175735,-0.582668
0.618881,-0.174613,-0.582351
0.617710,-0.175218,-0.581567
0.616575,-0.172028,-0.582796
0.617219,-0.171403,-0.583174
0.614674,-0.169939,-0.583252
0.610726,-0.170042,-0.582594
0.610283,-0.171106,-0.583383
0.609466,-0.169303,-0.584480
0.608977,-0.168886,-0.586689
0.606668,-0.168446,-0.586645
0.604625,-0.165878,-0.586588
0.602262,-0.165995,-0.586555
0.601466,-0.165217,-0.584857
0.601696,-0.165170,-0.586422
0.600841,-0.164548,-0.588903
0.599588,-0.163450,-0.587785
0.595627,-0.162667,-0.588514
0.594693,-0.162195,-0.590660
0.595581,-0.162771,-0.589547
0.592850,-0.161708,-0.591813
0.588569,-0.160449,-0.590990
0.586618,-0.161571,-0.592531
0.585901,-0.161063,-0.593393
0.583914,-0.159214,-0.592238
0.581761,-0.156654,-0.595518
0.581399,-0.158588,-0.595134
0.579275,-0.159279,-0.597020
0.577009,-0.157284,-0.595833
0.575015,-0.157199,-0.595990
0.576599,-0.155625,-0.596282
0.573406,-0.154854,-0.597542
0.573234,-0.155624,-0.598197
0.568711,-0.154624,-0.597036
0.569146,-0.155128,-0.598914
0.567885,-0.152878,-0.600049
0.565659,-0.153186,-0.601350
0.564800,-0.151828,-0.602364
0.562803,-0.150977,-0.602923
0.557843,-0.151518,-0.603138
0.559030,-0.150612,-0.602848
0.556045,-0.148731,-0.605523
0.554734,-0.149794,-0.605199
0.552412,-0.150421,-0.606400
0.551473,-0.151059,-0.605723
0.549769,-0.150591,-0.607820
0.548595,-0.147586,-0.610758
0.544079,-0.149419,-0.609098
0.543254,-0.148535,-0.611985
0.540996,-0.148003,-0.614806
0.538859,-0.148049,-0.614749
0.536677,-0.149001,-0.617238
0.533477,-0.148523,-0.616845
0.533195,-0.148031,-0.619948
0.529176,-0.148943,-0.619809
0.526784,-0.148898,-0.621417
0.523646,-0.149103,-0.622859
0.522027,-0.146929,-0.623319
0.521013,-0.150623,-0.624996
0.516581,-0.148340,-0.628587
0.515657,-0.148207,-0.630283
0.513381,-0.147156,-0.628832
0.511477,-0.148716,-0.628984
0.508322,-0.147938,-0.633546
0.505543,-0.149069,-0.633679
0.505941,-0.150558,-0.638860
0.500562,-0.149954,-0.636361
0.500619,-0.148844,-0.639880
0.497170,-0.149316,-0.637727
0.492799,-0.149255,-0.639695
0.492612,-0.148299,-0.640422
0.492350,-0.148174,-0.642618
0.487983,-0.147934,-0.643849
0.485264,-0.148484,-0.644932
0.483845,-0.148574,-0.644454
0.482629,-0.146882,-0.646785
0.480387,-0.149053,-0.649173
0.476910,-0.146540,-0.649334
0.474199,-0.147159,-0.653013
0.473807,-0.146826,-0.651578
0.469068,-0.147479,-0.655055
0.469348,-0.147341,-0.655395
0.467655,-0.148057,-0.656431
0.462860,-0.146647,-0.659136
0.460623,-0.145984,-0.658411
0.460177,-0.148518,-0.659700
0.456777,-0.145211,-0.661983
0.455769,-0.149145,-0.664124
0.452682,-0.146847,-0.663767
0.450255,-0.147784,-0.666685
0.702030,-0.292428,-0.598951
0.701640,-0.289300,-0.599000
0.700735,-0.287141,-0.597459
0.702528,-0.282800,-0.595485
0.703399,-0.281424,-0.594193
0.702826,-0.279270,-0.590434
0.700835,-0.276376,-0.590869
0.700708,-0.271863,-0.588339
0.702469,-0.272721,-0.588998
0.704011,-0.270372,-0.585599
0.703312,-0.266639,-0.583432
0.705015,-0.263262,-0.582860
0.704019,-0.262979,-0.580958
0.703297,-0.260056,-0.580090
0.703932,-0.255853,-0.578268
0.703421,-0.253636,-0.576181
0.703492,-0.252597,-0.574958
0.704044,-0.249385,-0.574859
0.705098,-0.246856,-0.572137
0.706594,-0.245293,-0.569109
0.703742,-0.241548,-0.569467
0.704042,-0.242108,-0.568237
0.705142,-0.236641,-0.566074
0.705320,-0.235187,-0.565844
0.704164,-0.233218,-0.563185
0.707178,-0.228635,-0.561691
0.706807,-0.228913,-0.562070
0.702184,-0.226488,-0.560075
0.702507,-0.227802,-0.563025
0.700251,-0.226638,-0.561488
0.700062,-0.224333,-0.561654
0.696786,-0.224016,-0.563158
0.696963,-0.224418,-0.563621
0.695916,-0.224180,-0.566157
0.693265,-0.221835,-0.563922
0.689633,-0.222174,-0.564529
0.691241,-0.222954,-0.566678
0.689596,-0.221071,-0.567113
0.689583,-0.221832,-0.569014
0.685301,-0.220128,-0.566432
0.682487,-0.219594,-0.569850
0.681669,-0.218212,-0.569729
0.681984,-0.217371,-0.570098
0.678801,-0.218134,-0.570650
0.676518,-0.216386,-0.571834
0.678434,-0.215965,-0.570395
0.675482,-0.216501,-0.570744
0.673636,-0.215768,-0.571850
0.673158,-0.214587,-0.572504
0.672196,-0.213044,-0.571376
0.669377,-0.212426,-0.572718
0.667958,-0.212617,-0.572728
0.665991,-0.209951,-0.572721
0.665365,-0.210679,-0.572764
0.664019,-0.208940,-0.574019
0.665098,-0.208488,-0.575305
0.661067,-0.206725,-0.574286
0.659105,-0.208029,-0.574440
0.658865,-0.207056,-0.575439
0.657099,-0.203079,-0.575389
0.656031,-0.202878,-0.576532
0.655378,-0.203220,-0.576966
0.654691,-0.202436,-0.577839
0.653091,-0.202888,-0.579102
0.649096,-0.201034,-0.577641
0.649426,-0.199463,-0.578543
0.647750,-0.199375,-0.576468
0.647999,-0.198896,-0.576600
0.644866,-0.197486,-0.575995
0.645395,-0.196995,-0.578027
0.642353,-0.194699,-0.578466
0.643054,-0.196026,-0.578496
0.642544,-0.194241,-0.577351
0.639002,-0.192034,-0.576542
0.638670,-0.192647,-0.577432
0.638228,-0.190455,-0.577441
0.637471,-0.191849,-0.579306
0.635342,-0.190165,-0.580118
0.633558,-0.188204,-0.578279
0.632554,-0.187781,-0.580054
0.632388,-0.187273,-0.578655
0.630049,-0.184799,-0.578284
0.629950,-0.183967,-0.577076
0.628960,-0.185443,-0.580782
0.628449,-0.182880,-0.578614
0.625471,-0.180893,-0.579258
0.627103,-0.180592,-0.579082
0.622284,-0.179000,-0.580933
0.621540,-0.177213,-0.578572
0.621822,-0.176019,-0.580447
0.620939,-0.174070,-0.582480
0.618484,-0.175021,-0.579177
0.616083,-0.174601,-0.582309
0.618112,-0.173397,-0.581577
0.614865,-0.172739,-0.581826
0.614363,-0.173019,-0.582120
0.612939,-0.171191,-0.582412
0.610612,-0.168717,-0.584292
0.609254,-0.169868,-0.581650
0.608859,-0.168832,-0.584112
0.607625,-0.167594,-0.582493
0.606502,-0.167110,-0.583594
0.604596,-0.168863,-0.586055
0.601489,-0.164998,-0.585099
0.601267,-0.166002,-0.584097
0.598807,-0.165157,-0.587359
0.599417,-0.164670,-0.587654
0.594597,-0.165073,-0.587260
0.594529,-0.164792,-0.588853
0.592025,-0.164445,-0.590289
0.589456,-0.163311,-0.588540
0.587246,-0.163160,-0.590502
0.588659,-0.161437,-0.593504
0.585678,-0.160416,-0.592607
0.585072,-0.159739,-0.593905
0.581877,-0.159707,-0.592761
0.581859,-0.159428,-0.595469
0.578255,-0.158956,-0.594165
0.579268,-0.156400,-0.595191
0.575551,-0.159442,-0.595248
0.573784,-0.157439,-0.594725
0.574194,-0.154652,-0.595855
0.570523,-0.155833,-0.598096
0.567891,-0.152579,-0.596502
0.568372,-0.154101,-0.598760
0.565859,-0.153851,-0.598902
0.564836,-0.153427,-0.600856
0.563590,-0.152123,-0.600004
0.561257,-0.151879,-0.600451
0.560091,-0.150727,-0.600686
0.557241,-0.149554,-0.601749
0.558010,-0.149828,-0.602243
0.555728,-0.151250,-0.604264
0.552072,-0.151866,-0.606996
0.550216,-0.149383,-0.605378
0.547561,-0.148798,-0.608356
0.546378,-0.148807,-0.608329
0.545131,-0.150460,-0.609139
0.542993,-0.150821,-0.611219
0.538650,-0.149536,-0.612190
0.537986,-0.149916,-0.612788
0.534617,-0.147716,-0.614941
0.535699,-0.148962,-0.615908
0.531785,-0.149173,-0.617151
0.527262,-0.148668,-0.617344
0.524453,-0.149250,-0.617672
0.523861,-0.149285,-0.620868
0.522298,-0.151112,-0.621431
0.519016,-0.150170,-0.624398
0.516807,-0.149442,-0.625692
0.515407,-0.150403,-0.627600
0.513286,-0.149893,-0.627752
0.507601,-0.149099,-0.630538
0.509055,-0.149321,-0.631091
0.504508,-0.150170,-0.631988
0.503763,-0.148655,-0.634496
0.500857,-0.148320,-0.634642
0.500114,-0.149093,-0.636612
0.497551,-0.148792,-0.637901
0.495612,-0.148502,-0.639115
0.492090,-0.148694,-0.639420
0.490002,-0.149192,-0.641873
0.487969,-0.149361,-0.642591
0.487854,-0.151085,-0.642284
0.484363,-0.147844,-0.643453
0.481257,-0.148927,-0.646999
0.479931,-0.149996,-0.647128
0.477751,-0.147963,-0.648609
0.475609,-0.147251,-0.648784
0.472789,-0.149271,-0.650708
0.470830,-0.147003,-0.653325
0.469401,-0.148064,-0.654295
0.465778,-0.147056,-0.654711
0.461371,-0.147106,-0.657353
0.460707,-0.149417,-0.658745
0.458707,-0.146365,-0.659530
0.455296,-0.148808,-0.659933
0.454242,-0.146640,-0.661649
0.451585,-0.147584,-0.663554
0.448520,-0.148664,-0.664956
0.700706,-0.295829,-0.603252
0.699616,-0.293484,-0.600791
0.701113,-0.290220,-0.598637
0.699522,-0.287318,-0.595107
0.699349,-0.285842,-0.595757
0.699814,-0.284113,-0.593968
0.701289,-0.281347,-0.592161
0.700173,-0.278910,-0.590438
0.700718,-0.276521,-0.587652
0.701856,-0.271972,-0.586746
0.700601,-0.272150,-0.587605
0.701985,-0.267591,-0.583594
0.701471,-0.264325,-0.581647
0.702812,-0.262055,-0.580514
0.701394,-0.261904,-0.580221
0.702816,-0.258727,-0.575982
0.702132,-0.254636,-0.577276
0.703387,-0.253304,-0.575859
0.702915,-0.253135,-0.571082
0.705449,-0.247607,-0.572423
0.703489,-0.247504,-0.569644
0.703127,-0.244334,-0.569350
0.703795,-0.239838,-0.568484
0.704309,-0.238500,-0.565226
0.704556,-0.236896,-0.562555
0.703715,-0.231755,-0.562675
0.705000,-0.232933,-0.560429
0.702960,-0.230382,-0.558958
0.702063,-0.229627,-0.559692
0.701540,-0.227946,-0.560549
0.699366,-0.228400,-0.562302
0.699951,-0.226056,-0.561259
0.696789,-0.225133,-0.561602
0.694782,-0.225225,-0.561172
0.695971,-0.224458,-0.564347
0.692437,-0.223696,-0.564644
0.690350,-0.222697,-0.562663
0.689875,-0.223481,-0.565053
0.688301,-0.222417,-0.564538
0.684440,-0.221878,-0.566143
0.684365,-0.219788,-0.565802
0.683991,-0.218716,-0.568468
0.682212,-0.219558,-0.566306
0.680885,-0.218875,-0.567583
0.678566,-0.217781,-0.567534
0.677767,-0.217076,-0.567904
0.677218,-0.217529,-0.568583
0.676512,-0.218023,-0.570143
0.672042,-0.215167,-0.568381
0.670837,-0.214601,-0.569438
0.669644,-0.213078,-0.569975
0.667494,-0.213271,-0.569905
0.667671,-0.212507,-0.570490
0.666484,-0.210938,-0.572767
0.664194,-0.208727,-0.571728
0.664069,-0.208958,-0.572670
0.661639,-0.209803,-0.571938
0.661915,-0.207184,-0.573248
0.659920,-0.206984,-0.574053
0.658560,-0.207917,-0.572366
0.657299,-0.204623,-0.574236
0.655621,-0.206534,-0.574793
0.654775,-0.205309,-0.574496
0.654589,-0.202713,-0.573809
0.651623,-0.202762,-0.573138
0.651137,-0.201917,-0.574749
0.650344,-0.199779,-0.574825
0.648904,-0.201703,-0.574696
0.646510,-0.197388,-0.576406
0.646273,-0.198283,-0.576565
0.643992,-0.198025,-0.576062
0.644098,-0.194360,-0.577025
0.641964,-0.195203,-0.574980
0.641619,-0.195702,-0.576630
0.639103,-0.195355,-0.576334
0.638406,-0.193715,-0.577532
0.637870,-0.191818,-0.576359
0.636289,-0.189926,-0.576575
0.632579,-0.190349,-0.576880
0.632570,-0.187905,-0.577207
0.631747,-0.187670,-0.576565
0.631905,-0.186794,-0.576858
0.628439,-0.187211,-0.577208
0.630246,-0.185485,-0.577450
0.627764,-0.183759,-0.575688
0.625264,-0.181623,-0.578268
0.626431,-0.182950,-0.579508
0.624060,-0.181580,-0.577714
0.622468,-0.180223,-0.578493
0.622021,-0.178257,-0.577824
0.621305,-0.178521,-0.579162
0.619474,-0.176927,-0.579150
0.617655,-0.175195,-0.579485
0.617279,-0.174774,-0.580172
0.617148,-0.175323,-0.579722
0.614265,-0.174926,-0.581188
0.611721,-0.174182,-0.579250
0.610843,-0.171793,-0.581309
0.609590,-0.171474,-0.580379
0.607108,-0.170612,-0.580843
0.606499,-0.170663,-0.580817
0.605238,-0.168276,-0.582021
0.604879,-0.167821,-0.583632
0.602063,-0.169343,-0.583937
0.603077,-0.167947,-0.583624
0.599537,-0.165481,-0.586075
0.599454,-0.166796,-0.584188
0.596252,-0.164496,-0.583400
0.596708,-0.162905,-0.587067
0.593600,-0.164381,-0.587225
0.592209,-0.162084,-0.587680
0.588509,-0.162181,-0.588228
0.587942,-0.162283,-0.588566
0.584608,-0.163745,-0.590175
0.584652,-0.160528,-0.589983
0.583370,-0.160495,-0.590511
0.579160,-0.160997,-0.591503
0.578707,-0.159614,-0.591658
0.578871,-0.159179,-0.594852
0.576724,-0.156964,-0.594167
0.576353,-0.159949,-0.593435
0.573002,-0.157841,-0.595023
0.572787,-0.156252,-0.594785
0.569458,-0.155250,-0.596391
0.569297,-0.155595,-0.595297
0.567406,-0.155354,-0.596836
0.566677,-0.157169,-0.596242
0.564247,-0.154496,-0.597349
0.564994,-0.152420,-0.596627
0.559187,-0.152606,-0.600989
0.560729,-0.153505,-0.599202
0.558208,-0.151732,-0.600035
0.554506,-0.150542,-0.601696
0.552675,-0.152406,-0.602429
0.552184,-0.152340,-0.603739
0.550430,-0.152047,-0.604196
0.546927,-0.150257,-0.605844
0.545595,-0.150441,-0.606514
0.543780,-0.152185,-0.609571
0.543415,-0.150362,-0.608639
0.539196,-0.149322,-0.610939
0.537100,-0.150195,-0.609284
0.534722,-0.150132,-0.612432
0.532252,-0.150041,-0.614990
0.531700,-0.148678,-0.615763
0.527340,-0.149909,-0.615346
0.526156,-0.149809,-0.619677
0.523896,-0.149058,-0.620351
0.521020,-0.149968,-0.621852
0.519940,-0.152507,-0.623881
0.516422,-0.151736,-0.623847
0.513927,-0.150112,-0.625758
0.511992,-0.149039,-0.627382
0.508964,-0.149667,-0.628680
0.508142,-0.151086,-0.629498
0.504855,-0.150000,-0.628217
0.504423,-0.150481,-0.630503
0.498422,-0.151483,-0.631877
0.500530,-0.151581,-0.635090
0.496332,-0.150672,-0.634197
0.495601,-0.149499,-0.635554
0.492313,-0.149305,-0.637433
0.488924,-0.149597,-0.639897
0.486051,-0.149186,-0.640062
0.485729,-0.149328,-0.641694
0.481629,-0.148027,-0.644473
0.480143,-0.149934,-0.644242
0.479474,-0.149016,-0.645155
0.476133,-0.149116,-0.645290
0.472579,-0.149128,-0.647376
0.472027,-0.150390,-0.649168
0.471336,-0.147846,-0.649766
0.467158,-0.148175,-0.650639
0.466709,-0.147942,-0.654578
0.462206,-0.148939,-0.654821
0.460859,-0.149973,-0.655333
0.459806,-0.150862,-0.657278
0.454237,-0.150293,-0.658762
0.453835,-0.147793,-0.659650
0.450271,-0.148631,-0.663588
0.447044,-0.152061,-0.662672
0.698533,-0.296045,-0.601219
0.699314,-0.295441,-0.599083
0.698452,-0.291870,-0.597421
0.697190,-0.288549,-0.594558
0.699158,-0.286437,-0.595500
0.699381,-0.283778,-0.592452
0.698667,-0.281716,-0.592505
0.699246,-0.280392,-0.589595
0.698317,-0.279295,-0.586833
0.700401,-0.275481,-0.586979
0.701332,-0.271687,-0.584217
0.699626,-0.268418,-0.584555
0.699823,-0.268733,-0.582216
0.699420,-0.262922,-0.581101
0.700847,-0.261524,-0.579003
0.700414,-0.260899,-0.576034
0.700571,-0.256486,-0.575679
0.701808,-0.252789,-0.574382
0.701841,-0.251592,-0.573211
0.701951,-0.249365,-0.568905
0.701425,-0.248561,-0.568004
0.701408,-0.244506,-0.567030
0.702096,-0.242607,-0.568092
0.703493,-0.239343,-0.564769
0.703170,-0.236441,-0.562616
0.702688,-0.235266,-0.559941
0.702087,-0.232567,-0.560675
0.702520,-0.230996,-0.556368
0.701885,-0.228402,-0.558867
0.701583,-0.226189,-0.558841
0.700356,-0.228518,-0.557981
0.698357,-0.227744,-0.559261
0.695626,-0.225799,-0.561325
0.695034,-0.225046,-0.560959
0.694240,-0.224087,-0.561576
0.692952,-0.225200,-0.561744
0.689879,-0.225591,-0.563872
0.690176,-0.223061,-0.563960
0.685782,-0.221100,-0.562539
0.684193,-0.222720,-0.564352
0.686108,-0.222900,-0.564198
0.680846,-0.221758,-0.565433
0.682113,-0.218879,-0.564167
0.680183,-0.218613,-0.567231
0.678422,-0.217231,-0.567715
0.677157,-0.218094,-0.566757
0.675960,-0.217526,-0.568012
0.674583,-0.218554,-0.569570
0.671158,-0.215401,-0.567891
0.670215,-0.212319,-0.568216
0.669925,-0.215378,-0.567452
0.668549,-0.212534,-0.571703
0.667642,-0.212746,-0.571235
0.663756,-0.212824,-0.570562
0.664631,-0.212560,-0.570914
0.663777,-0.211831,-0.571728
0.661099,-0.210312,-0.571225
0.661300,-0.209911,-0.571434
0.658675,-0.206482,-0.571298
0.658135,-0.208090,-0.572159
0.655892,-0.207804,-0.571796
0.655288,-0.205188,-0.572683
0.653440,-0.204979,-0.572864
0.652062,-0.203195,-0.574109
0.651552,-0.204195,-0.572369
0.651474,-0.202400,-0.574081
0.650107,-0.202134,-0.572728
0.648495,-0.200636,-0.574869
0.647618,-0.198839,-0.573544
0.646337,-0.196398,-0.574405
0.643902,-0.199903,-0.573018
0.643667,-0.198989,-0.574587
0.640003,-0.196533,-0.574569
0.641220,-0.195603,-0.577149
0.639814,-0.194675,-0.574748
0.638490,-0.192944,-0.576444
0.635546,-0.191949,-0.575744
0.636186,-0.192195,-0.576724
0.634216,-0.193062,-0.574598
0.632609,-0.188820,-0.575737
0.630999,-0.188165,-0.576080
0.632431,-0.188617,-0.575606
0.630028,-0.185304,-0.576598
0.628943,-0.184441,-0.576486
0.627918,-0.184202,-0.576885
0.627692,-0.183139,-0.575744
0.626507,-0.183269,-0.577054
0.622994,-0.181546,-0.577795
0.622703,-0.181839,-0.579253
0.620064,-0.179607,-0.578069
0.619829,-0.178744,-0.577651
0.618301,-0.178066,-0.578746
0.617048,-0.176822,-0.575958
0.616338,-0.175381,-0.579579
0.614393,-0.176438,-0.578285
0.612435,-0.174609,-0.578865
0.611097,-0.173114,-0.577354
0.609856,-0.173822,-0.580974
0.608145,-0.171832,-0.580368
0.608091,-0.170262,-0.578908
0.605916,-0.169939,-0.580460
0.606640,-0.169086,-0.581193
0.603783,-0.166781,-0.580986
0.601787,-0.168076,-0.581385
0.600690,-0.166562,-0.581708
0.599913,-0.166174,-0.582874
0.598875,-0.167377,-0.583025
0.597267,-0.165663,-0.584023
0.595345,-0.165817,-0.584808
0.594732,-0.165062,-0.586402
0.591617,-0.165463,-0.586364
0.587925,-0.164431,-0.586862
0.587650,-0.163683,-0.588375
0.584888,-0.162230,-0.589743
0.581897,-0.164037,-0.589208
0.581303,-0.163270,-0.589491
0.581702,-0.161159,-0.590921
0.577534,-0.159913,-0.592009
0.577517,-0.160179,-0.591037
0.576304,-0.160035,-0.591938
0.574991,-0.159449,-0.593961
0.573543,-0.158802,-0.593235
0.571695,-0.156201,-0.592424
0.569873,-0.156476,-0.592871
0.568416,-0.157034,-0.594080
0.567168,-0.155725,-0.596934
0.563560,-0.155774,-0.595115
0.562170,-0.155110,-0.596171
0.562423,-0.154336,-0.596028
0.560147,-0.152956,-0.599723
0.557241,-0.151269,-0.598885
0.555672,-0.152173,-0.599145
0.555227,-0.150694,-0.599360
0.553746,-0.152527,-0.601104
0.550962,-0.152327,-0.602558
0.549265,-0.151512,-0.602860
0.547800,-0.150762,-0.603724
0.546799,-0.152527,-0.604511
0.545089,-0.149735,-0.604100
0.543915,-0.151347,-0.607129
0.539141,-0.150087,-0.610206
0.536942,-0.150452,-0.610060
0.535122,-0.150771,-0.612213
0.531526,-0.151998,-0.611564
0.532080,-0.150689,-0.614075
0.525492,-0.150352,-0.614026
0.525027,-0.152332,-0.614981
0.522331,-0.149339,-0.618442
0.521733,-0.150318,-0.619251
0.516863,-0.149645,-0.618469
0.514065,-0.151095,-0.622910
0.513867,-0.150353,-0.625205
0.509621,-0.150590,-0.623988
0.508167,-0.150555,-0.624828
0.505842,-0.151806,-0.626563
0.504062,-0.151985,-0.628892
0.502927,-0.151279,-0.630410
0.501355,-0.150256,-0.629662
0.497041,-0.150113,-0.632493
0.494401,-0.148529,-0.634560
0.493577,-0.150328,-0.635306
0.490992,-0.149260,-0.637157
0.488655,-0.150446,-0.638319
0.485542,-0.151860,-0.640535
0.481877,-0.149649,-0.639836
0.481648,-0.149871,-0.641668
0.478788,-0.149582,-0.641313
0.477321,-0.150718,-0.642992
0.477639,-0.150731,-0.645675
0.475044,-0.149810,-0.647593
0.469708,-0.148085,-0.647182
0.468867,-0.149331,-0.650320
0.466788,-0.150636,-0.651224
0.464205,-0.150280,-0.652764
0.461809,-0.148581,-0.652748
0.459284,-0.149154,-0.655612
0.457348,-0.148709,-0.656060
0.455930,-0.149115,-0.657674
0.452592,-0.149268,-0.657360
0.447514,-0.148112,-0.661131
0.444212,-0.151610,-0.665377
0.697716,-0.299014,-0.602481
0.695527,-0.294326,-0.598348
0.698192,-0.293291,-0.597763
0.698378,-0.291893,-0.594883
0.696512,-0.287695,-0.594500
0.697941,-0.286908,-0.590717
0.699736,-0.281936,-0.592071
0.697275,-0.280003,-0.589153
0.698161,-0.278836,-0.587085
0.699153,-0.275191,-0.584319
0.700027,-0.273280,-0.585205
0.698860,-0.270741,-0.581987
0.699781,-0.269010,-0.582615
0.698214,-0.264548,-0.578607
0.700146,-0.262444,-0.577307
0.699840,-0.260709,-0.576073
0.700945,-0.258758,-0.574778
0.699747,-0.254293,-0.573637
0.699550,-0.255150,-0.570957
0.699976,-0.250138,-0.569231
0.700804,-0.249079,-0.569823
0.701084,-0.246799,-0.567116
0.702095,-0.244086,-0.566183
0.701911,-0.241843,-0.564041
0.700872,-0.236974,-0.561866
0.702129,-0.234191,-0.559915
0.702579,-0.233466,-0.558554
0.701060,-0.231733,-0.558654
0.700991,-0.230829,-0.556129
0.701924,-0.228488,-0.556510
0.699306,-0.227573,-0.556837
0.697859,-0.227548,-0.556818
0.696682,-0.227450,-0.558232
0.694782,-0.225771,-0.558974
0.693459,-0.227106,-0.559471
0.692818,-0.226798,-0.562938
0.689012,-0.224821,-0.561134
0.689501,-0.223032,-0.560138
0.684229,-0.222180,-0.560536
0.684850,-0.221116,-0.563252
0.685287,-0.221915,-0.562423
0.681542,-0.220882,-0.562399
0.680860,-0.219216,-0.563134
0.680728,-0.220641,-0.564302
0.678837,-0.220626,-0.564488
0.677094,-0.220103,-0.564384
0.675532,-0.218011,-0.564843
0.673763,-0.218496,-0.566832
0.673545,-0.215590,-0.565897
0.670758,-0.214663,-0.566778
0.668579,-0.215874,-0.568018
0.668958,-0.212719,-0.567061
0.664862,-0.212936,-0.567875
0.666705,-0.212316,-0.570246
0.663677,-0.213117,-0.568451
0.660405,-0.211446,-0.568832
0.658579,-0.210202,-0.568498
0.658274,-0.208160,-0.568752
0.656730,-0.207941,-0.570711
0.657258,-0.208028,-0.570663
0.654904,-0.207307,-0.571701
0.654738,-0.207150,-0.569989
0.653515,-0.206099,-0.571107
0.653672,-0.204436,-0.570054
0.651959,-0.203489,-0.573487
0.648937,-0.202481,-0.570689
0.649862,-0.201767,-0.574247
0.647723,-0.200305,-0.572780
0.646229,-0.200447,-0.570846
0.645323,-0.199890,-0.572490
0.642875,-0.199055,-0.573768
0.640805,-0.197086,-0.571561
0.641301,-0.195568,-0.574336
0.641357,-0.196521,-0.571740
0.636872,-0.194828,-0.574709
0.636058,-0.194554,-0.574278
0.635901,-0.192892,-0.574469
0.635072,-0.191971,-0.574900
0.634146,-0.191638,-0.574033
0.632466,-0.189941,-0.574856
0.631795,-0.190989,-0.575519
0.629402,-0.189241,-0.575190
0.627652,-0.186131,-0.575440
0.628021,-0.185118,-0.575234
0.626181,-0.186153,-0.576246
0.626598,-0.183808,-0.574330
0.622974,-0.182875,-0.577282
0.621249,-0.182497,-0.575786
0.622251,-0.180576,-0.577115
0.620720,-0.179930,-0.576370
0.617845,-0.179448,-0.575371
0.614870,-0.178004,-0.575895
0.615381,-0.178234,-0.578153
0.615730,-0.176421,-0.578114
0.614152,-0.174870,-0.577538
0.611264,-0.173461,-0.578567
0.610823,-0.175270,-0.578163
0.609277,-0.173513,-0.577703
0.610426,-0.172804,-0.577165
0.606537,-0.172105,-0.579990
0.605591,-0.172377,-0.580365
0.603433,-0.169989,-0.578855
0.603767,-0.167995,-0.580521
0.601984,-0.170141,-0.580458
0.601086,-0.168382,-0.582072
0.596487,-0.169129,-0.581047
0.595866,-0.168009,-0.581930
0.594268,-0.167455,-0.583821
0.593476,-0.166559,-0.584816
0.593913,-0.165688,-0.584069
0.589567,-0.165106,-0.586157
0.588239,-0.162516,-0.586867
0.586657,-0.165041,-0.586677
0.583600,-0.164709,-0.586971
0.582451,-0.162197,-0.585398
0.579772,-0.164728,-0.588013
0.582087,-0.162389,-0.589096
0.577536,-0.161340,-0.588750
0.575262,-0.161792,-0.591220
0.574373,-0.159266,-0.589116
0.573187,-0.159821,-0.590662
0.572337,-0.157757,-0.591145
0.568479,-0.157175,-0.589274
0.569618,-0.156509,-0.592571
0.568463,-0.158439,-0.591639
0.565048,-0.155489,-0.594448
0.565939,-0.155369,-0.593675
0.562725,-0.158036,-0.595429
0.560859,-0.153621,-0.596633
0.558148,-0.153629,-0.595843
0.558802,-0.153473,-0.595769
0.556377,-0.152257,-0.598590
0.554528,-0.151182,-0.598422
0.552987,-0.152255,-0.600633
0.551355,-0.151462,-0.599761
0.548186,-0.152061,-0.598348
0.545924,-0.151528,-0.601417
0.545391,-0.154259,-0.606427
0.542899,-0.151149,-0.604764
0.540892,-0.151509,-0.606344
0.540724,-0.149800,-0.606654
0.535349,-0.149803,-0.607455
0.532751,-0.149437,-0.609133
0.531958,-0.150552,-0.611235
0.527222,-0.150958,-0.611513
0.527692,-0.150456,-0.613417
0.523185,-0.151151,-0.613560
0.521501,-0.149053,-0.616931
0.521436,-0.152869,-0.618137
0.518913,-0.151176,-0.617866
0.515283,-0.150296,-0.619523
0.513429,-0.151519,-0.621462
0.510216,-0.151086,-0.621903
0.509260,-0.151257,-0.623429
0.505570,-0.149975,-0.625724
0.504852,-0.152412,-0.626502
0.501069,-0.151659,-0.627118
0.500969,-0.150429,-0.628923
0.495716,-0.151186,-0.629845
0.493432,-0.150818,-0.633779
0.494802,-0.151530,-0.633230
0.490921,-0.151095,-0.634345
0.489801,-0.152008,-0.636360
0.488016,-0.151439,-0.637110
0.484286,-0.149377,-0.637676
0.480965,-0.149487,-0.639398
0.480931,-0.149912,-0.639600
0.478012,-0.149504,-0.642637
0.475685,-0.149461,-0.643929
0.472496,-0.148998,-0.643632
0.471303,-0.150762,-0.647032
0.468883,-0.149845,-0.646273
0.464605,-0.148756,-0.651215
0.463925,-0.149474,-0.651549
0.461446,-0.151241,-0.651235
0.459183,-0.150549,-0.652330
0.457050,-0.148793,-0.654335
0.455193,-0.148829,-0.654909
0.450721,-0.151161,-0.657274
0.448302,-0.152918,-0.660878
0.443753,-0.153964,-0.662894
0.696101,-0.299543,-0.601482
0.696048,-0.299861,-0.598076
0.697236,-0.294588,-0.598624
0.695152,-0.292984,-0.593406
0.695982,-0.288956,-0.594278
0.697496,-0.288153,-0.591642
0.698386,-0.283898,-0.590566
0.699428,-0.282709,-0.589068
0.698737,-0.279789,-0.588298
0.697797,-0.275807,-0.583343
0.697312,-0.277898,-0.582307
0.696593,-0.271760,-0.581392
0.699261,-0.268944,-0.580813
0.698921,-0.265907,-0.579420
0.698407,-0.263480,-0.576058
0.698731,-0.261723,-0.576107
0.698347,-0.258099,-0.576284
0.699835,-0.256455,-0.573109
0.699036,-0.255205,-0.568911
0.699789,-0.252847,-0.568774
0.700604,-0.250058,-0.567475
0.700050,-0.247485,-0.565683
0.698490,-0.245003,-0.565733
0.698253,-0.241554,-0.563886
0.700541,-0.239696,-0.561411
0.700365,-0.239278,-0.560552
0.700791,-0.236195,-0.559115
0.701404,-0.231104,-0.557305
0.701626,-0.229419,-0.555592
0.700699,-0.229350,-0.555004
0.699076,-0.228524,-0.555898
0.696006,-0.227664,-0.557282
0.695703,-0.226617,-0.556202
0.694490,-0.226395,-0.556294
0.692717,-0.225724,-0.557813
0.688966,-0.224741,-0.556764
0.689433,-0.224481,-0.559981
0.688421,-0.225911,-0.559529
0.686273,-0.224784,-0.560244
0.684580,-0.222431,-0.561017
0.682998,-0.224374,-0.560495
0.682236,-0.219942,-0.560830
0.681398,-0.221025,-0.560853
0.679181,-0.221707,-0.562910
0.679686,-0.218973,-0.563716
0.676488,-0.220291,-0.564429
0.676481,-0.218170,-0.564952
0.672211,-0.217102,-0.561643
0.670832,-0.215448,-0.564470
0.669823,-0.217718,-0.566074
0.668867,-0.215566,-0.565113
0.668733,-0.213649,-0.566372
0.666020,-0.213851,-0.567659
0.663701,-0.213805,-0.566769
0.662273,-0.212001,-0.567141
0.662146,-0.212368,-0.566016
0.660719,-0.210244,-0.567379
0.660089,-0.209679,-0.567606
0.656785,-0.209798,-0.568757
0.656936,-0.208404,-0.569536
0.654334,-0.208599,-0.567118
0.655571,-0.207117,-0.568805
0.652040,-0.204854,-0.571011
0.651258,-0.204301,-0.569112
0.649991,-0.204097,-0.570191
0.649218,-0.203787,-0.570083
0.648525,-0.202751,-0.569484
0.645450,-0.200788,-0.570229
0.645405,-0.201989,-0.569316
0.642904,-0.199816,-0.571643
0.643435,-0.198531,-0.571953
0.642020,-0.200035,-0.571373
0.639708,-0.197768,-0.572119
0.638089,-0.196524,-0.569120
0.637952,-0.195626,-0.572490
0.635832,-0.193199,-0.573591
0.634098,-0.192919,-0.574308
0.634092,-0.192644,-0.572250
0.633909,-0.191872,-0.571527
0.632542,-0.190290,-0.572034
0.629560,-0.189697,-0.570163
0.627342,-0.187131,-0.571554
0.628992,-0.186372,-0.572642
0.629451,-0.187621,-0.574092
0.625262,-0.185857,-0.573097
0.624661,-0.183068,-0.574415
0.623390,-0.182899,-0.572952
0.622585,-0.183428,-0.573309
0.620735,-0.181500,-0.571693
0.619210,-0.179468,-0.573944
0.618691,-0.179084,-0.575715
0.616369,-0.179980,-0.575815
0.615698,-0.179691,-0.575289
0.613218,-0.177871,-0.575397
0.611299,-0.178309,-0.576379
0.611547,-0.175993,-0.575943
0.612419,-0.177380,-0.577893
0.607792,-0.173294,-0.575646
0.606480,-0.173575,-0.576248
0.605100,-0.172558,-0.576093
0.606455,-0.169796,-0.578879
0.602787,-0.171495,-0.577646
0.602358,-0.170746,-0.577422
0.600083,-0.170699,-0.578756
0.599956,-0.170089,-0.578118
0.596143,-0.169656,-0.581499
0.597086,-0.168498,-0.580781
0.596037,-0.165577,-0.580282
0.589694,-0.166649,-0.580696
0.590762,-0.166100,-0.581889
0.589733,-0.167376,-0.582186
0.585465,-0.164427,-0.582892
0.585193,-0.164242,-0.585132
0.584154,-0.164746,-0.585090
0.583433,-0.162896,-0.585218
0.580722,-0.162873,-0.585294
0.578775,-0.164206,-0.586708
0.578549,-0.162033,-0.588587
0.575738,-0.158408,-0.589435
0.574526,-0.157718,-0.587627
0.571053,-0.161056,-0.588710
0.571514,-0.160246,-0.590301
0.571878,-0.157946,-0.589945
0.568064,-0.155847,-0.591234
0.569144,-0.159734,-0.590922
0.565885,-0.157464,-0.593531
0.562941,-0.154839,-0.594334
0.563929,-0.155646,-0.594245
0.560931,-0.155817,-0.594268
0.559397,-0.154994,-0.596007
0.557889,-0.157294,-0.595354
0.554706,-0.154930,-0.597099
0.552040,-0.154763,-0.597264
0.552390,-0.153025,-0.597531
0.549368,-0.152649,-0.598822
0.547306,-0.152971,-0.599974
0.543798,-0.152717,-0.602157
0.544434,-0.153369,-0.601333
0.541847,-0.151573,-0.603703
0.539012,-0.150170,-0.604999
0.538839,-0.152179,-0.604855
0.534086,-0.151542,-0.606846
0.532649,-0.151954,-0.606029
0.529719,-0.151093,-0.609241
0.529589,-0.150407,-0.610172
0.525895,-0.150352,-0.611409
0.523760,-0.151655,-0.611504
0.522551,-0.152086,-0.613104
0.518559,-0.152434,-0.615716
0.516556,-0.151496,-0.617498
0.515061,-0.152913,-0.618923
0.512145,-0.153509,-0.618800
0.511595,-0.154183,-0.620320
0.507475,-0.151737,-0.623785
0.506524,-0.151493,-0.623968
0.503363,-0.152349,-0.623991
0.500100,-0.150570,-0.627775
0.500965,-0.151667,-0.629343
0.495054,-0.150790,-0.628779
0.495301,-0.150825,-0.630160
0.492721,-0.148632,-0.629725
0.489713,-0.152160,-0.631985
0.487325,-0.150864,-0.634508
0.485676,-0.151616,-0.634553
0.485858,-0.152431,-0.636165
0.483415,-0.149938,-0.637094
0.478497,-0.150291,-0.640145
0.476863,-0.150011,-0.640918
0.474513,-0.151017,-0.639770
0.470565,-0.151726,-0.643569
0.470481,-0.150414,-0.644173
0.468565,-0.151224,-0.647116
0.465346,-0.149500,-0.647912
0.464189,-0.149659,-0.649906
0.461780,-0.151531,-0.650218
0.457367,-0.148598,-0.651336
0.455239,-0.150995,-0.651944
0.454222,-0.150637,-0.655859
0.450650,-0.151508,-0.655253
0.444833,-0.154804,-0.662208
0.442337,-0.155669,-0.665630
0.694527,-0.301863,-0.599075
0.695558,-0.298303,-0.594981
0.694108,-0.295752,-0.594085
0.696279,-0.293859,-0.595589
0.696671,-0.292981,-0.593144
0.695533,-0.288146,-0.589518
0.695372,-0.287295,-0.588475
0.696707,-0.284237,-0.589258
0.696377,-0.281313,-0.585769
0.697675,-0.279367,-0.584470
0.695061,-0.275942,-0.582752
0.698070,-0.273877,-0.580492
0.696009,-0.271646,-0.580472
0.695798,-0.269209,-0.578567
0.697689,-0.266513,-0.578370
0.697804,-0.263987,-0.574720
0.698241,-0.260349,-0.573645
0.697428,-0.258782,-0.569676
0.696702,-0.255804,-0.569675
0.697785,-0.255180,-0.568143
0.698774,-0.251475,-0.567922
0.700176,-0.250106,-0.566288
0.698421,-0.248742,-0.562382
0.697076,-0.241620,-0.561270
0.700633,-0.238369,-0.559865
0.699063,-0.240571,-0.560003
0.699646,-0.236548,-0.557276
0.699401,-0.233369,-0.554312
0.698798,-0.230266,-0.555829
0.700136,-0.229564,-0.555574
0.697975,-0.229637,-0.554030
0.694834,-0.228313,-0.554275
0.694518,-0.228643,-0.554019
0.693035,-0.225621,-0.556792
0.691305,-0.227679,-0.557002
0.693169,-0.225599,-0.555769
0.691076,-0.226203,-0.556649
0.687392,-0.225926,-0.558455
0.687039,-0.224400,-0.557771
0.684386,-0.225884,-0.559570
0.683088,-0.223356,-0.560403
0.683013,-0.222953,-0.559593
0.678063,-0.221407,-0.562196
0.678072,-0.221799,-0.561801
0.675589,-0.219004,-0.560362
0.675254,-0.218822,-0.561778
0.674837,-0.219684,-0.563063
0.673118,-0.217284,-0.564701
0.669568,-0.220342,-0.564671
0.669256,-0.215941,-0.564054
0.667999,-0.217353,-0.564456
0.667100,-0.213141,-0.563106
0.665965,-0.216027,-0.565079
0.663985,-0.214175,-0.564954
0.662625,-0.213536,-0.567887
0.660068,-0.214282,-0.565658
0.657589,-0.213761,-0.565039
0.658918,-0.212077,-0.566578
0.658929,-0.208828,-0.567104
0.655287,-0.208159,-0.565593
0.654671,-0.208651,-0.567043
0.656505,-0.205852,-0.567773
0.650742,-0.205925,-0.567938
0.650412,-0.205678,-0.568500
0.649842,-0.206409,-0.567871
0.646880,-0.203627,-0.568990
0.646231,-0.204244,-0.568331
0.646409,-0.200105,-0.570605
0.645817,-0.202118,-0.569689
0.644089,-0.200868,-0.571117
0.640392,-0.199699,-0.568501
0.640063,-0.199749,-0.569902
0.636976,-0.199252,-0.570271
0.638539,-0.195748,-0.568805
0.636082,-0.195468,-0.570770
0.635729,-0.192875,-0.570019
0.635116,-0.193319,-0.571364
0.633448,-0.192924,-0.571821
0.635118,-0.191222,-0.572542
0.631155,-0.191304,-0.569776
0.630055,-0.190366,-0.570290
0.629018,-0.189495,-0.571311
0.626383,-0.188905,-0.570695
0.627288,-0.188467,-0.572105
0.627239,-0.187473,-0.573799
0.622756,-0.185710,-0.573988
0.623174,-0.184578,-0.574651
0.621457,-0.184574,-0.572895
0.621372,-0.182473,-0.573982
0.617096,-0.181811,-0.570994
0.619003,-0.182210,-0.573099
0.617780,-0.181469,-0.573457
0.613835,-0.179593,-0.573727
0.615243,-0.178961,-0.574171
0.612154,-0.177138,-0.573707
0.610280,-0.176604,-0.572696
0.609275,-0.175060,-0.574794
0.608493,-0.175627,-0.576689
0.606768,-0.173088,-0.574833
0.605326,-0.173829,-0.575772
0.603355,-0.174242,-0.576569
0.603249,-0.172379,-0.576827
0.600761,-0.172303,-0.574125
0.598699,-0.171352,-0.576552
0.598780,-0.169508,-0.578601
0.597594,-0.169352,-0.578073
0.595500,-0.168443,-0.578977
0.595213,-0.167833,-0.582725
0.592155,-0.167844,-0.577386
0.591702,-0.165973,-0.582490
0.587584,-0.165038,-0.582914
0.587433,-0.166527,-0.583079
0.583802,-0.166040,-0.581861
0.584048,-0.165971,-0.584021
0.583731,-0.163644,-0.585191
0.580293,-0.164561,-0.585785
0.579295,-0.162235,-0.585514
0.576692,-0.161745,-0.586980
0.576600,-0.164150,-0.586827
0.574842,-0.160125,-0.586005
0.571641,-0.160878,-0.587317
0.571743,-0.159739,-0.589537
0.569128,-0.159417,-0.590532
0.567197,-0.160684,-0.587040
0.566566,-0.159248,-0.590012
0.566310,-0.158453,-0.590342
0.563673,-0.156981,-0.590942
0.561471,-0.156955,-0.593142
0.560720,-0.155301,-0.592811
0.558904,-0.155668,-0.591839
0.556558,-0.156705,-0.593938
0.554469,-0.153773,-0.594141
0.555494,-0.155011,-0.597504
0.550909,-0.154075,-0.595227
0.548608,-0.154732,-0.597433
0.547110,-0.152248,-0.599680
0.543261,-0.152654,-0.599198
0.543208,-0.152246,-0.599160
0.540573,-0.153516,-0.601092
0.537578,-0.153246,-0.602278
0.534895,-0.153601,-0.605656
0.534800,-0.150937,-0.603955
0.532451,-0.152827,-0.607319
0.528084,-0.153574,-0.607189
0.526624,-0.152421,-0.609373
0.526278,-0.151254,-0.609621
0.525627,-0.151471,-0.611276
0.519753,-0.150821,-0.613262
0.518158,-0.151526,-0.617138
0.517762,-0.153237,-0.615919
0.513318,-0.150966,-0.616481
0.511009,-0.152453,-0.618667
0.510415,-0.153377,-0.618625
0.508632,-0.153557,-0.620216
0.504209,-0.152408,-0.622452
0.503854,-0.151045,-0.623503
0.501561,-0.152340,-0.625819
0.498965,-0.152245,-0.625032
0.496203,-0.151643,-0.624877
0.494635,-0.152948,-0.629760
0.492953,-0.151433,-0.630151
0.488599,-0.152797,-0.631184
0.488422,-0.151503,-0.631257
0.484952,-0.150868,-0.633466
0.482662,-0.151993,-0.635126
0.480825,-0.151175,-0.635661
0.480180,-0.152605,-0.636892
0.477221,-0.151195,-0.639276
0.473919,-0.151736,-0.638886
0.469813,-0.150183,-0.643049
0.469591,-0.150903,-0.642240
0.468967,-0.151623,-0.644750
0.464317,-0.150173,-0.645764
0.462443,-0.151456,-0.646077
0.461824,-0.151233,-0.648755
0.456829,-0.152486,-0.648635
0.457201,-0.151491,-0.649636
0.452846,-0.154009,-0.653474
0.448146,-0.151596,-0.654224
0.443169,-0.155985,-0.661426
0.693533,-0.305456,-0.599736
0.694894,-0.301786,-0.597346
0.693254,-0.300906,-0.594896
0.694011,-0.299001,-0.595862
0.694372,-0.294345,-0.592137
0.695007,-0.291701,-0.593115
0.693923,-0.290265,-0.590595
0.694561,-0.288756,-0.590170
0.693455,-0.284271,-0.585873
0.698082,-0.282423,-0.584700
0.692285,-0.280531,-0.584087
0.697067,-0.276806,-0.581658
0.693981,-0.275445,-0.581431
0.695851,-0.273200,-0.577553
0.696656,-0.269019,-0.578838
0.696029,-0.267120,-0.576186
0.698079,-0.264701,-0.573176
0.697069,-0.260559,-0.573212
0.698800,-0.260522,-0.571463
0.695486,-0.258246,-0.568748
0.697519,-0.255809,-0.566314
0.696748,-0.253978,-0.564542
0.695811,-0.249697,-0.564152
0.694523,-0.248692,-0.561972
0.696476,-0.244488,-0.561095
0.696132,-0.242263,-0.560167
0.697360,-0.240643,-0.558924
0.698431,-0.240005,-0.557825
0.697201,-0.235675,-0.555478
0.697020,-0.232146,-0.554989
0.697724,-0.229793,-0.551644
0.699063,-0.231332,-0.551958
0.695547,-0.229237,-0.552599
0.694048,-0.228111,-0.553558
0.693791,-0.229161,-0.554222
0.690807,-0.226523,-0.553823
0.689813,-0.226192,-0.555256
0.685850,-0.225935,-0.555414
0.686638,-0.225422,-0.557352
0.686825,-0.227010,-0.556347
0.683862,-0.223981,-0.558623
0.684431,-0.224443,-0.558716
0.681365,-0.221570,-0.557905
0.680009,-0.221535,-0.558786
0.677884,-0.221874,-0.557788
0.675312,-0.221238,-0.560435
0.673853,-0.220821,-0.561035
0.675658,-0.219852,-0.561927
0.671516,-0.219099,-0.562383
0.669738,-0.219361,-0.563512
0.669250,-0.217380,-0.562476
0.667939,-0.217724,-0.562782
0.665881,-0.216480,-0.563435
0.665504,-0.215543,-0.563761
0.663386,-0.215219,-0.562486
0.662369,-0.213294,-0.564676
0.658600,-0.214188,-0.562862
0.659897,-0.212721,-0.565740
0.658826,-0.212434,-0.564724
0.657982,-0.210262,-0.566103
0.654832,-0.210838,-0.565474
0.653573,-0.209489,-0.564372
0.653634,-0.208649,-0.565071
0.651289,-0.205581,-0.565566
0.650336,-0.206394,-0.567680
0.649191,-0.204704,-0.567420
0.646640,-0.204951,-0.566330
0.646669,-0.204183,-0.567764
0.644521,-0.203254,-0.567434
0.642602,-0.199910,-0.567578
0.644271,-0.202529,-0.567982
0.640698,-0.201103,-0.567358
0.642002,-0.199893,-0.568667
0.640202,-0.199017,-0.568421
0.638761,-0.197173,-0.568930
0.636575,-0.196421,-0.569268
0.635564,-0.196194,-0.568284
0.634959,-0.193421,-0.570095
0.632801,-0.195424,-0.570203
0.631728,-0.192832,-0.569464
0.629734,-0.190083,-0.568320
0.629976,-0.190188,-0.570375
0.627517,-0.189683,-0.570335
0.626447,-0.189093,-0.570908
0.624875,-0.188043,-0.570078
0.623420,-0.187731,-0.568549
0.623132,-0.185959,-0.571347
0.621777,-0.184422,-0.571413
0.620246,-0.185110,-0.571486
0.618712,-0.181858,-0.571569
0.618333,-0.184167,-0.570918
0.615036,-0.181736,-0.571643
0.613782,-0.180873,-0.571426
0.615820,-0.180181,-0.571581
0.613127,-0.179360,-0.571272
0.611314,-0.177684,-0.572025
0.610486,-0.177478,-0.573693
0.608312,-0.177338,-0.572495
0.607984,-0.176174,-0.575004
0.607614,-0.175880,-0.575240
0.604864,-0.174610,-0.576328
0.605045,-0.174129,-0.575607
0.602305,-0.172383,-0.575362
0.600362,-0.171693,-0.577947
0.599242,-0.171130,-0.576969
0.596727,-0.171581,-0.574936
0.595276,-0.171282,-0.576974
0.593946,-0.169300,-0.578417
0.593507,-0.169730,-0.577523
0.591633,-0.169657,-0.580232
0.591048,-0.168171,-0.581709
0.589175,-0.165699,-0.579877
0.585676,-0.167651,-0.581764
0.584751,-0.167293,-0.581381
0.583728,-0.165262,-0.582394
0.580271,-0.162607,-0.582950
0.577797,-0.165418,-0.580629
0.577989,-0.164679,-0.585914
0.577239,-0.161592,-0.584602
0.573583,-0.162895,-0.585520
0.574034,-0.162419,-0.585610
0.571991,-0.162158,-0.586496
0.571398,-0.161304,-0.586711
0.570744,-0.162541,-0.587463
0.568591,-0.160628,-0.588863
0.565902,-0.159349,-0.588894
0.562553,-0.158424,-0.588274
0.562347,-0.156987,-0.590780
0.559360,-0.156686,-0.589436
0.560301,-0.155503,-0.592554
0.558105,-0.155044,-0.591778
0.555040,-0.156390,-0.593425
0.553078,-0.155141,-0.593313
0.552500,-0.154574,-0.594184
0.548063,-0.156095,-0.596339
0.548605,-0.154339,-0.596374
0.546129,-0.154703,-0.598070
0.542791,-0.152308,-0.599033
0.541967,-0.153129,-0.598044
0.539782,-0.154404,-0.600736
0.539415,-0.151959,-0.600643
0.536850,-0.152852,-0.600350
0.533490,-0.152274,-0.604194
0.531521,-0.153744,-0.605375
0.529998,-0.153281,-0.607656
0.528149,-0.152089,-0.607008
0.524828,-0.153049,-0.608218
0.523318,-0.152617,-0.610377
0.519953,-0.153311,-0.611656
0.519830,-0.151962,-0.611545
0.516141,-0.153400,-0.616763
0.514354,-0.150258,-0.614651
0.510784,-0.153215,-0.615600
0.509104,-0.153827,-0.617426
0.508607,-0.150784,-0.618366
0.504079,-0.151799,-0.620057
0.502804,-0.150386,-0.622175
0.502436,-0.154628,-0.623574
0.499417,-0.152873,-0.622117
0.496339,-0.153348,-0.625343
0.494621,-0.151616,-0.626936
0.491946,-0.152269,-0.627621
0.487177,-0.150394,-0.628074
0.488727,-0.150833,-0.630867
0.486621,-0.151840,-0.632749
0.482232,-0.150591,-0.632178
0.481340,-0.152825,-0.634439
0.477597,-0.152265,-0.635006
0.476489,-0.151082,-0.636006
0.470977,-0.151961,-0.638456
0.470164,-0.152213,-0.641195
0.468956,-0.152852,-0.641737
0.464329,-0.151893,-0.641821
0.464154,-0.152575,-0.642910
0.461519,-0.151008,-0.646250
0.459771,-0.151094,-0.645348
0.455788,-0.152614,-0.648571
0.453967,-0.151904,-0.650173
0.450791,-0.151508,-0.654378
0.445977,-0.152500,-0.656725
0.441224,-0.157691,-0.659408
0.692746,-0.305067,-0.598892
0.692421,-0.302359,-0.597425
0.692857,-0.300147,-0.595764
0.691409,-0.299812,-0.594562
0.692760,-0.296158,-0.591561
0.694139,-0.294536,-0.589483
0.692020,-0.291785,-0.589480
0.691996,-0.287853,-0.587326
0.692858,-0.286228,-0.586325
0.694507,-0.281384,-0.586396
0.694460,-0.280939,-0.582390
0.693894,-0.278165,-0.580020
0.694289,-0.278054,-0.579626
0.694405,-0.274108,-0.578538
0.694690,-0.270870,-0.576433
0.695622,-0.268268,-0.574623
0.695429,-0.266867,-0.575057
0.694525,-0.265925,-0.572773
0.695143,-0.261188,-0.569730
0.694656,-0.259234,-0.567465
0.695382,-0.255049,-0.566700
0.694764,-0.253678,-0.565286
0.696827,-0.251067,-0.563472
0.697486,-0.249609,-0.563146
0.694127,-0.245747,-0.561287
0.696632,-0.243509,-0.561411
0.696815,-0.241451,-0.558648
0.696881,-0.238425,-0.555783
0.695461,-0.236422,-0.555133
0.695822,-0.235519,-0.550986
0.698022,-0.231660,-0.550752
0.698888,-0.229982,-0.552911
0.696164,-0.228967,-0.551476
0.692733,-0.229035,-0.551627
0.692568,-0.229162,-0.553817
0.690966,-0.227896,-0.551407
0.686593,-0.227437,-0.554839
0.685570,-0.227851,-0.554317
0.685414,-0.227998,-0.556905
0.685088,-0.224635,-0.555628
0.681465,-0.224195,-0.557782
0.680749,-0.223777,-0.556859
0.679189,-0.222970,-0.558629
0.676203,-0.223225,-0.559313
0.678141,-0.222591,-0.557235
0.675385,-0.224450,-0.560009
0.673722,-0.220547,-0.559567
0.673771,-0.222014,-0.561513
0.671217,-0.220752,-0.562085
0.668802,-0.218593,-0.562417
0.669467,-0.219097,-0.557858
0.667460,-0.219193,-0.562353
0.665959,-0.217627,-0.560982
0.662286,-0.216523,-0.562651
0.664655,-0.216306,-0.563196
0.660019,-0.214482,-0.563769
0.659728,-0.215680,-0.563257
0.658341,-0.210871,-0.564293
0.656727,-0.210628,-0.561550
0.655250,-0.211643,-0.563393
0.654650,-0.208824,-0.565792
0.653846,-0.208809,-0.564521
0.653379,-0.208747,-0.562503
0.651073,-0.207808,-0.563750
0.649100,-0.208641,-0.563007
0.649147,-0.207800,-0.564126
0.645743,-0.204364,-0.565486
0.647052,-0.204691,-0.565336
0.645087,-0.203485,-0.565437
0.643535,-0.202697,-0.565851
0.642031,-0.201811,-0.567138
0.641249,-0.201401,-0.567466
0.640015,-0.201429,-0.567274
0.639894,-0.197275,-0.567330
0.636360,-0.197376,-0.566184
0.635986,-0.197850,-0.567858
0.633528,-0.196471,-0.567394
0.634051,-0.195022,-0.567252
0.632220,-0.193908,-0.569081
0.631219,-0.191790,-0.567530
0.628705,-0.191561,-0.568127
0.629424,-0.190518,-0.568532
0.626383,-0.190616,-0.568452
0.626830,-0.190242,-0.569308
0.622478,-0.188215,-0.567626
0.625224,-0.188548,-0.569826
0.620625,-0.186389,-0.567983
0.622270,-0.186646,-0.569010
0.620322,-0.184336,-0.570960
0.618290,-0.183554,-0.570892
0.617780,-0.184811,-0.571411
0.614654,-0.181592,-0.572545
0.614348,-0.182687,-0.571606
0.615080,-0.181567,-0.570974
0.612634,-0.180351,-0.571524
0.608781,-0.178972,-0.573182
0.609415,-0.178674,-0.571657
0.607492,-0.175917,-0.570451
0.606448,-0.175058,-0.572153
0.605071,-0.176887,-0.572231
0.603559,-0.175562,-0.573051
0.601906,-0.174666,-0.574043
0.601279,-0.172966,-0.573588
0.600470,-0.172998,-0.574102
0.598158,-0.172272,-0.575685
0.595520,-0.172521,-0.574809
0.594168,-0.172000,-0.574153
0.593647,-0.170933,-0.575776
0.592554,-0.169319,-0.579310
0.591159,-0.170215,-0.577903
0.589691,-0.169345,-0.578711
0.587667,-0.167206,-0.581574
0.584823,-0.167329,-0.579922
0.584831,-0.166554,-0.580266
0.581773,-0.166186,-0.579939
0.581024,-0.165940,-0.581177
0.579544,-0.164974,-0.581034
0.576637,-0.164557,-0.583532
0.575961,-0.165467,-0.584346
0.573813,-0.164900,-0.584072
0.573527,-0.163557,-0.583972
0.570906,-0.161800,-0.583322
0.571616,-0.160950,-0.585654
0.568284,-0.161582,-0.586924
0.566909,-0.160824,-0.586698
0.564117,-0.159502,-0.587723
0.565238,-0.158849,-0.588307
0.563183,-0.157867,-0.586998
0.561930,-0.157886,-0.589338
0.558647,-0.157157,-0.589320
0.557886,-0.156484,-0.590628
0.555113,-0.155961,-0.591403
0.553787,-0.156613,-0.591209
0.551392,-0.154489,-0.592150
0.550356,-0.154033,-0.592079
0.546883,-0.153894,-0.593071
0.548168,-0.152995,-0.593851
0.543875,-0.154848,-0.595244
0.541012,-0.153354,-0.597907
0.538643,-0.153948,-0.599723
0.537753,-0.153465,-0.599624
0.534890,-0.152660,-0.601067
0.533612,-0.153077,-0.603892
0.531752,-0.152559,-0.601154
0.527618,-0.151641,-0.604766
0.526922,-0.153041,-0.604825
0.525976,-0.153189,-0.607271
0.522484,-0.152974,-0.608297
0.519093,-0.153935,-0.609226
0.518383,-0.152562,-0.612462
0.515358,-0.153544,-0.612238
0.513874,-0.153574,-0.613750
0.512332,-0.154570,-0.615154
0.509715,-0.153414,-0.617251
0.506260,-0.151410,-0.615830
0.505459,-0.153516,-0.618854
0.501871,-0.153741,-0.622674
0.501313,-0.152053,-0.619418
0.497978,-0.153554,-0.621233
0.497119,-0.151947,-0.622539
0.492357,-0.153292,-0.625643
0.492272,-0.152140,-0.626456
0.490488,-0.151153,-0.627154
0.486620,-0.152055,-0.628637
0.485665,-0.152548,-0.630024
0.481915,-0.153479,-0.631556
0.480470,-0.150522,-0.631270
0.479808,-0.153320,-0.633719
0.475325,-0.152082,-0.635605
0.472665,-0.153370,-0.637862
0.472568,-0.151867,-0.636264
0.468822,-0.154079,-0.638045
0.465525,-0.151870,-0.640614
0.464093,-0.153177,-0.641735
0.461742,-0.152725,-0.643916
0.459122,-0.152063,-0.644939
0.453535,-0.152441,-0.645511
0.452400,-0.153842,-0.648512
0.449553,-0.152904,-0.649311
0.447720,-0.154950,-0.654487
0.439565,-0.159860,-0.661040
0.691225,-0.308214,-0.597714
0.690272,-0.304514,-0.597422
0.691440,-0.303738,-0.596089
0.690307,-0.300623,-0.594786
0.693542,-0.299314,-0.591934
0.692229,-0.296112,-0.590961
0.691418,-0.291231,-0.588283
0.690961,-0.288390,-0.585739
0.690851,-0.288864,-0.584580
0.693319,-0.286252,-0.582021
0.692370,-0.281857,-0.581026
0.690812,-0.280694,-0.580115
0.693987,-0.279736,-0.579804
0.693081,-0.274264,-0.578343
0.694216,-0.274955,-0.576628
0.693318,-0.271381,-0.573848
0.692768,-0.267764,-0.572736
0.694627,-0.266287,-0.571923
0.693607,-0.262087,-0.570561
0.694884,-0.262280,-0.569039
0.693306,-0.257477,-0.567527
0.694864,-0.255250,-0.565227
0.694480,-0.251695,-0.562903
0.694956,-0.248899,-0.563158
0.695045,-0.248266,-0.560569
0.696033,-0.246584,-0.558730
0.695931,-0.241268,-0.557827
0.694147,-0.241046,-0.557942
0.696640,-0.237557,-0.555182
0.694853,-0.236074,-0.553513
0.696026,-0.233966,-0.549907
0.694829,-0.231169,-0.548324
0.695226,-0.231297,-0.548524
0.692292,-0.229931,-0.550618
0.691124,-0.229235,-0.549932
0.688666,-0.229329,-0.553241
0.688573,-0.228590,-0.551140
0.688063,-0.229346,-0.553730
0.685929,-0.226317,-0.553470
0.683936,-0.224918,-0.554083
0.682455,-0.226519,-0.552696
0.681487,-0.225672,-0.555527
0.679184,-0.223909,-0.555966
0.676849,-0.224387,-0.554904
0.675112,-0.223528,-0.554997
0.674573,-0.222829,-0.557163
0.672235,-0.220318,-0.558101
0.670685,-0.220005,-0.557692
0.670066,-0.221692,-0.560084
0.669467,-0.220634,-0.558767
0.666528,-0.218149,-0.558711
0.666287,-0.220377,-0.559373
0.662824,-0.215874,-0.560413
0.663246,-0.216894,-0.561359
0.661631,-0.218110,-0.560843
0.660115,-0.213242,-0.561859
0.658292,-0.213318,-0.563343
0.658967,-0.212806,-0.562212
0.657501,-0.212068,-0.560374
0.654586,-0.211519,-0.561837
0.653149,-0.210250,-0.563634
0.652637,-0.211529,-0.564261
0.652427,-0.210176,-0.564169
0.649424,-0.207082,-0.562995
0.648963,-0.208239,-0.562634
0.650107,-0.207465,-0.563746
0.647991,-0.206013,-0.563727
0.647220,-0.206137,-0.564629
0.643204,-0.204969,-0.566661
0.641145,-0.204007,-0.562412
0.639890,-0.203541,-0.565695
0.641174,-0.201303,-0.563515
0.640178,-0.199059,-0.565769
0.637604,-0.199859,-0.565512
0.634789,-0.198825,-0.564880
0.635623,-0.196679,-0.566534
0.632645,-0.196724,-0.565539
0.634043,-0.197366,-0.565479
0.635200,-0.194770,-0.566781
0.632186,-0.193306,-0.566826
0.628643,-0.194409,-0.566540
0.627612,-0.192064,-0.567691
0.626652,-0.192420,-0.567579
0.625932,-0.190103,-0.568081
0.622930,-0.188411,-0.568534
0.623272,-0.191183,-0.569201
0.622360,-0.189306,-0.569931
0.620225,-0.185645,-0.567933
0.619082,-0.184952,-0.568518
0.618069,-0.185198,-0.570115
0.616614,-0.184000,-0.568032
0.615324,-0.183592,-0.568601
0.613272,-0.183725,-0.571198
0.611429,-0.179268,-0.569133
0.610341,-0.180358,-0.570767
0.610413,-0.180953,-0.570667
0.609885,-0.179273,-0.571623
0.606389,-0.180320,-0.570172
0.604984,-0.177916,-0.572367
0.604082,-0.175327,-0.572071
0.602370,-0.177070,-0.570998
0.602795,-0.172631,-0.571664
0.600799,-0.174629,-0.571898
0.599123,-0.174306,-0.572552
0.598545,-0.173724,-0.573833
0.594747,-0.172070,-0.573020
0.594136,-0.172459,-0.574442
0.591695,-0.170462,-0.573267
0.591169,-0.170552,-0.576771
0.591005,-0.170058,-0.575964
0.588740,-0.171649,-0.578813
0.587414,-0.168415,-0.578553
0.585435,-0.167884,-0.576571
0.583798,-0.166729,-0.578501
0.580916,-0.166082,-0.578362
0.580250,-0.167103,-0.578516
0.578084,-0.166388,-0.578943
0.575104,-0.165732,-0.581489
0.575319,-0.165103,-0.578693
0.573462,-0.162175,-0.581848
0.571380,-0.163496,-0.583495
0.570480,-0.162008,-0.583670
0.568214,-0.162446,-0.582822
0.568660,-0.163502,-0.582128
0.565459,-0.161880,-0.586204
0.564725,-0.161221,-0.585290
0.564163,-0.157776,-0.585658
0.560279,-0.158670,-0.586945
0.558069,-0.158453,-0.587302
0.557717,-0.157760,-0.586775
0.556026,-0.157762,-0.590721
0.554492,-0.157525,-0.589902
0.552718,-0.154273,-0.589899
0.549950,-0.154947,-0.592569
0.549853,-0.155811,-0.593018
0.549056,-0.154809,-0.594015
0.547367,-0.157616,-0.594697
0.544060,-0.154797,-0.593041
0.540340,-0.156768,-0.596786
0.538788,-0.154299,-0.596261
0.537578,-0.154456,-0.595838
0.533922,-0.152971,-0.598850
0.531882,-0.154059,-0.599168
0.530016,-0.155453,-0.600979
0.528397,-0.153945,-0.602356
0.527295,-0.153557,-0.606686
0.523401,-0.152902,-0.604901
0.522226,-0.153304,-0.606650
0.520838,-0.152491,-0.606964
0.516958,-0.153992,-0.610174
0.515034,-0.153259,-0.610706
0.512773,-0.154412,-0.611022
0.509640,-0.153762,-0.614659
0.508037,-0.152500,-0.614267
0.506162,-0.152832,-0.614502
0.503847,-0.153193,-0.615367
0.501935,-0.153803,-0.617140
0.499404,-0.151977,-0.619265
0.497651,-0.155039,-0.623511
0.495744,-0.153692,-0.622921
0.492959,-0.153280,-0.623176
0.492034,-0.151525,-0.623148
0.488642,-0.152750,-0.622581
0.486759,-0.151351,-0.626122
0.482587,-0.152321,-0.628904
0.480922,-0.151463,-0.629291
0.481436,-0.153271,-0.629673
0.475829,-0.152324,-0.632116
0.474520,-0.153617,-0.632613
0.471833,-0.151051,-0.636886
0.468457,-0.153471,-0.636491
0.467758,-0.153209,-0.637843
0.464094,-0.152564,-0.638825
0.461710,-0.152043,-0.640518
0.461149,-0.153053,-0.642747
0.458401,-0.153955,-0.642920
0.456924,-0.154038,-0.645138
0.453345,-0.156702,-0.648830
0.448350,-0.154949,-0.649494
0.445603,-0.155868,-0.652666
0.688646,-0.309274,-0.597550
0.690216,-0.306572,-0.595358
0.689763,-0.305355,-0.592917
0.688221,-0.301655,-0.592097
0.689931,-0.298339,-0.592039
0.691381,-0.297337,-0.586806
0.689609,-0.294997,-0.588025
0.689222,-0.290670,-0.587837
0.691108,-0.289817,-0.584536
0.691269,-0.286576,-0.585075
0.692461,-0.284820,-0.579753
0.692430,-0.280946,-0.579783
0.690254,-0.279188,-0.578972
0.691208,-0.276610,-0.577533
0.692415,-0.273207,-0.575756
0.691385,-0.272337,-0.573727
0.691889,-0.268375,-0.572332
0.693313,-0.265895,-0.571425
0.692710,-0.266213,-0.567635
0.692664,-0.261086,-0.566388
0.691411,-0.259487,-0.566210
0.693900,-0.258078,-0.565468
0.696199,-0.252845,-0.561559
0.692264,-0.253006,-0.562639
0.694547,-0.249162,-0.558906
0.693043,-0.247345,-0.555952
0.693110,-0.244495,-0.554073
0.694206,-0.240735,-0.555666
0.693936,-0.240062,-0.553092
0.694524,-0.236767,-0.551800
0.695457,-0.233751,-0.551225
0.695046,-0.232682,-0.548067
0.692741,-0.231874,-0.548319
0.693010,-0.231349,-0.551726
0.692374,-0.230054,-0.550397
0.690831,-0.230922,-0.550178
0.686583,-0.229578,-0.551083
0.685698,-0.228176,-0.551698
0.686259,-0.227814,-0.551061
0.682283,-0.226708,-0.553520
0.680904,-0.226382,-0.551215
0.680224,-0.227448,-0.555738
0.677488,-0.225753,-0.556525
0.676979,-0.225168,-0.554734
0.675166,-0.224124,-0.554739
0.672897,-0.222088,-0.557151
0.674394,-0.222400,-0.557079
0.672219,-0.221449,-0.555610
0.670269,-0.221306,-0.558488
0.669582,-0.220293,-0.558685
0.667957,-0.220747,-0.556701
0.664361,-0.219448,-0.558905
0.664909,-0.218344,-0.557720
0.662975,-0.218193,-0.559841
0.661065,-0.217028,-0.557844
0.660450,-0.216086,-0.559540
0.658125,-0.216148,-0.561133
0.657283,-0.215415,-0.560808
0.653146,-0.212599,-0.562020
0.656120,-0.211384,-0.561522
0.652969,-0.209122,-0.562598
0.652407,-0.210405,-0.561972
0.650649,-0.209531,-0.560507
0.650368,-0.208623,-0.561053
0.648818,-0.207864,-0.562422
0.646349,-0.207001,-0.561699
0.644762,-0.205807,-0.561439
0.642958,-0.207007,-0.563967
0.642626,-0.204924,-0.562599
0.643566,-0.205312,-0.564458
0.640398,-0.202165,-0.563993
0.638982,-0.201233,-0.563848
0.637984,-0.201281,-0.563366
0.636497,-0.200400,-0.564372
0.636654,-0.198127,-0.564519
0.634998,-0.197973,-0.564909
0.633799,-0.194903,-0.565048
0.632096,-0.197466,-0.564713
0.629825,-0.195569,-0.565452
0.628608,-0.195637,-0.564073
0.628430,-0.193630,-0.565022
0.628196,-0.194729,-0.567045
0.626137,-0.190517,-0.565561
0.625545,-0.193230,-0.565770
0.623274,-0.188722,-0.566603
0.622091,-0.190588,-0.567650
0.620060,-0.189595,-0.565278
0.621168,-0.187644,-0.568923
0.617873,-0.186336,-0.569461
0.616542,-0.185342,-0.568006
0.615733,-0.184390,-0.566469
0.613641,-0.184466,-0.567216
0.612197,-0.181637,-0.568166
0.613038,-0.181539,-0.567182
0.611811,-0.182165,-0.568167
0.608742,-0.181537,-0.567019
0.608718,-0.179574,-0.569091
0.606777,-0.180189,-0.569175
0.605196,-0.177656,-0.569343
0.606315,-0.180079,-0.568705
0.602422,-0.177529,-0.569856
0.601287,-0.174779,-0.569738
0.601568,-0.173255,-0.568860
0.599640,-0.175452,-0.571124
0.599038,-0.173481,-0.570869
0.595650,-0.172257,-0.574344
0.591310,-0.171989,-0.571704
0.590927,-0.172001,-0.573342
0.590230,-0.172557,-0.573318
0.588789,-0.171190,-0.573622
0.587156,-0.170130,-0.576291
0.584479,-0.169338,-0.575152
0.586859,-0.169901,-0.574296
0.584383,-0.167661,-0.575840
0.580520,-0.167864,-0.577653
0.580533,-0.166455,-0.578952
0.577263,-0.165988,-0.579416
0.575870,-0.166823,-0.580456
0.574375,-0.165992,-0.579743
0.571636,-0.165192,-0.582145
0.570976,-0.165093,-0.580063
0.569182,-0.163599,-0.583334
0.568371,-0.160602,-0.583176
0.567997,-0.162016,-0.581916
0.565395,-0.162087,-0.583888
0.563869,-0.162277,-0.584796
0.561321,-0.160212,-0.583774
0.559705,-0.160128,-0.584935
0.559895,-0.158168,-0.586471
0.559074,-0.158251,-0.588069
0.556208,-0.157322,-0.586973
0.553568,-0.157488,-0.589412
0.551334,-0.156418,-0.589567
0.548477,-0.157359,-0.589452
0.548274,-0.156548,-0.590983
0.546483,-0.157479,-0.592740
0.543056,-0.156610,-0.592595
0.543142,-0.157185,-0.593450
0.539964,-0.155641,-0.595456
0.537695,-0.154823,-0.596371
0.536429,-0.154431,-0.595323
0.535382,-0.152723,-0.598524
0.531717,-0.155282,-0.599241
0.527500,-0.155005,-0.601792
0.529267,-0.154638,-0.601379
0.527329,-0.153921,-0.602891
0.522400,-0.154878,-0.601569
0.522570,-0.152958,-0.606961
0.518385,-0.155168,-0.607011
0.515484,-0.153415,-0.605486
0.514170,-0.154987,-0.609448
0.511029,-0.152606,-0.612535
0.511166,-0.153719,-0.611941
0.508735,-0.153575,-0.612745
0.503328,-0.154495,-0.613621
0.503360,-0.154531,-0.614532
0.501443,-0.153746,-0.618330
0.499851,-0.153917,-0.617210
0.497441,-0.152794,-0.620610
0.495717,-0.154844,-0.620596
0.494628,-0.153008,-0.622411
0.489978,-0.150976,-0.624403
0.486448,-0.154540,-0.623551
0.486326,-0.154280,-0.624619
0.485273,-0.152805,-0.624802
0.480160,-0.152404,-0.627942
0.478532,-0.153507,-0.629560
0.476410,-0.154030,-0.630608
0.476323,-0.154000,-0.632727
0.471568,-0.153751,-0.634231
0.470113,-0.152240,-0.634192
0.468140,-0.152969,-0.635973
0.465394,-0.154181,-0.637906
0.463392,-0.153884,-0.637821
0.460310,-0.153680,-0.640401
0.455371,-0.154730,-0.643778
0.453882,-0.154298,-0.643924
0.449162,-0.154657,-0.645537
0.448390,-0.155548,-0.648020
0.441519,-0.156137,-0.654783
0.687073,-0.311530,-0.597287
0.689173,-0.308087,-0.596118
0.688372,-0.305344,-0.593839
0.688403,-0.303505,-0.592952
0.688256,-0.300094,-0.589652
0.687977,-0.297663,-0.589125
0.687914,-0.295453,-0.588611
0.689791,-0.293279,-0.584921
0.688034,-0.291906,-0.583052
0.689021,-0.287781,-0.583808
0.689195,-0.285748,-0.581299
0.691831,-0.282286,-0.579235
0.691387,-0.279450,-0.577945
0.690978,-0.276557,-0.578514
0.690201,-0.274946,-0.574601
0.689252,-0.273372,-0.573680
0.690756,-0.270521,-0.572671
0.691059,-0.268789,-0.568937
0.693496,-0.267621,-0.568449
0.692285,-0.262735,-0.568078
0.692576,-0.260260,-0.564816
0.692616,-0.257904,-0.562240
0.691273,-0.255227,-0.564158
0.690297,-0.253927,-0.560729
0.692654,-0.249949,-0.560484
0.691788,-0.250498,-0.556122
0.692356,-0.245796,-0.555617
0.691114,-0.243526,-0.553939
0.693133,-0.240307,-0.553096
0.693269,-0.239931,-0.551671
0.692387,-0.236747,-0.549606
0.692684,-0.232687,-0.546568
0.694186,-0.231246,-0.547678
0.690853,-0.231846,-0.547611
0.689841,-0.231091,-0.549077
0.690863,-0.229701,-0.549958
0.685620,-0.230540,-0.550296
0.684918,-0.230142,-0.552027
0.684482,-0.228185,-0.553151
0.682152,-0.231284,-0.551092
0.681897,-0.228721,-0.552652
0.677328,-0.226752,-0.554558
0.677954,-0.226173,-0.552910
0.675374,-0.225248,-0.554689
0.673264,-0.225369,-0.554197
0.672625,-0.224465,-0.555249
0.670283,-0.223361,-0.554329
0.670331,-0.223026,-0.555653
0.668592,-0.221088,-0.557428
0.667943,-0.220770,-0.555623
0.666322,-0.222068,-0.556048
0.664531,-0.219812,-0.556175
0.662947,-0.219832,-0.557226
0.659957,-0.218707,-0.557256
0.660306,-0.217274,-0.555419
0.659690,-0.214616,-0.559830
0.657781,-0.214804,-0.558976
0.657838,-0.213369,-0.558197
0.655433,-0.214173,-0.559133
0.652851,-0.214057,-0.560665
0.653801,-0.212480,-0.561580
0.651143,-0.211593,-0.561202
0.649152,-0.210348,-0.558628
0.648391,-0.210360,-0.562014
0.646518,-0.207597,-0.559848
0.644322,-0.208115,-0.561715
0.646361,-0.209434,-0.562177
0.643059,-0.205555,-0.560226
0.642346,-0.205775,-0.561712
0.642069,-0.204645,-0.563117
0.640808,-0.204553,-0.562046
0.639068,-0.202506,-0.561698
0.637209,-0.202199,-0.563062
0.635966,-0.200564,-0.562611
0.637495,-0.201771,-0.561937
0.633023,-0.199103,-0.562472
0.631739,-0.200001,-0.563166
0.631840,-0.198495,-0.562490
0.629684,-0.195951,-0.563873
0.629336,-0.195823,-0.564990
0.629452,-0.194857,-0.563457
0.626235,-0.194049,-0.563819
0.625877,-0.191893,-0.566280
0.623883,-0.192538,-0.565582
0.621219,-0.189530,-0.566116
0.621714,-0.190687,-0.565351
0.621510,-0.188526,-0.565828
0.618760,-0.186682,-0.566085
0.618354,-0.187520,-0.567653
0.616342,-0.187854,-0.565101
0.615870,-0.185166,-0.566367
0.612494,-0.184184,-0.565912
0.613762,-0.184728,-0.568166
0.610789,-0.182513,-0.568161
0.610716,-0.182717,-0.568770
0.608777,-0.180718,-0.567586
0.606535,-0.178547,-0.565501
0.605716,-0.180354,-0.567339
0.603312,-0.179619,-0.565304
0.601797,-0.177100,-0.569187
0.602119,-0.179267,-0.568366
0.599641,-0.177262,-0.569759
0.598412,-0.174714,-0.571398
0.596275,-0.177796,-0.569426
0.595175,-0.175372,-0.571095
0.594015,-0.174491,-0.568565
0.594586,-0.171278,-0.571062
0.592672,-0.172898,-0.570886
0.590857,-0.171887,-0.572629
0.588722,-0.170934,-0.572021
0.588053,-0.170104,-0.574658
0.584389,-0.170013,-0.573086
0.582730,-0.169367,-0.573484
0.580852,-0.167908,-0.573631
0.579998,-0.168440,-0.574999
0.579346,-0.166238,-0.575832
0.577770,-0.167777,-0.577952
0.576973,-0.166282,-0.578818
0.573973,-0.166751,-0.578830
0.572200,-0.165648,-0.580669
0.571235,-0.165734,-0.580450
0.568183,-0.163229,-0.579462
0.566451,-0.163921,-0.582191
0.565198,-0.163665,-0.581847
0.564395,-0.163453,-0.580135
0.563249,-0.162299,-0.582949
0.560571,-0.162378,-0.583120
0.557721,-0.160440,-0.584421
0.558919,-0.157256,-0.585203
0.557835,-0.160480,-0.584795
0.555098,-0.157505,-0.584522
0.552902,-0.157499,-0.587634
0.550341,-0.158322,-0.588168
0.551430,-0.156558,-0.587234
0.546995,-0.158196,-0.588542
0.546403,-0.155723,-0.588723
0.543672,-0.155322,-0.590846
0.542740,-0.155579,-0.591201
0.540828,-0.155598,-0.594444
0.537120,-0.155791,-0.593921
0.535295,-0.153822,-0.592387
0.534671,-0.155304,-0.595266
0.532331,-0.153913,-0.597907
0.527440,-0.156324,-0.599638
0.525922,-0.155864,-0.598516
0.525009,-0.156470,-0.601840
0.523121,-0.154146,-0.600709
0.520631,-0.154430,-0.603835
0.521541,-0.155666,-0.605321
0.515463,-0.155657,-0.606725
0.512130,-0.155147,-0.608806
0.509961,-0.154429,-0.608401
0.509810,-0.153657,-0.610716
0.506250,-0.154408,-0.610807
0.505684,-0.154829,-0.612339
0.504458,-0.153916,-0.612598
0.501254,-0.154674,-0.615486
0.497545,-0.153202,-0.615141
0.497422,-0.154228,-0.616139
0.493055,-0.153082,-0.618228
0.492650,-0.153729,-0.620768
0.489703,-0.153691,-0.618790
0.487112,-0.153062,-0.621434
0.485268,-0.153494,-0.623739
0.484603,-0.154452,-0.624355
0.483367,-0.154449,-0.627484
0.478227,-0.154495,-0.626032
0.477489,-0.154193,-0.630949
0.474458,-0.153479,-0.628895
0.469940,-0.154539,-0.632295
0.467531,-0.155934,-0.632055
0.467625,-0.153972,-0.634301
0.464954,-0.155287,-0.636219
0.461538,-0.156543,-0.637550
0.460069,-0.156576,-0.640620
0.455403,-0.156587,-0.641329
0.454107,-0.157138,-0.645047
0.448909,-0.157327,-0.645024
0.447235,-0.156185,-0.647595
0.442154,-0.162779,-0.653113
0.687049,-0.311142,-0.595238
0.687788,-0.310162,-0.595205
0.686278,-0.308470,-0.592131
0.687284,-0.305561,-0.590337
0.687038,-0.302941,-0.588974
0.687106,-0.301542,-0.588041
0.688667,-0.296627,-0.585148
0.688319,-0.294446,-0.586157
0.690900,-0.290489,-0.583053
0.687923,-0.286898,-0.580919
0.691015,-0.286553,-0.578190
0.687821,-0.284675,-0.578117
0.689236,-0.281948,-0.578340
0.689443,-0.279435,-0.573517
0.688515,-0.276025,-0.574473
0.689622,-0.275307,-0.572614
0.688574,-0.272258,-0.569539
0.689098,-0.270833,-0.568225
0.691440,-0.266537,-0.566071
0.691926,-0.265336,-0.566975
0.690160,-0.261899,-0.566471
0.689679,-0.259413,-0.562965
0.690230,-0.258108,-0.560276
0.689476,-0.253925,-0.559309
0.690891,-0.252438,-0.559319
0.691284,-0.248578,-0.556653
0.691591,-0.245508,-0.554130
0.691681,-0.246254,-0.552742
0.691271,-0.241615,-0.551583
0.692545,-0.240499,-0.551394
0.694000,-0.236712,-0.549326
0.691350,-0.234708,-0.546629
0.693380,-0.232313,-0.546083
0.690905,-0.230378,-0.547070
0.689371,-0.232104,-0.548011
0.688302,-0.231141,-0.547846
0.686502,-0.229308,-0.547660
0.683925,-0.230225,-0.548073
0.683315,-0.229695,-0.550270
0.681514,-0.229390,-0.550039
0.679270,-0.227980,-0.552458
0.676797,-0.226470,-0.553517
0.676420,-0.225789,-0.550736
0.674866,-0.227756,-0.553851
0.673837,-0.225243,-0.553604
0.673967,-0.226002,-0.552849
0.671351,-0.226104,-0.553685
0.669690,-0.221670,-0.554624
0.669314,-0.221128,-0.553537
0.668496,-0.221806,-0.558130
0.667622,-0.222548,-0.555804
0.663793,-0.223386,-0.556390
0.662415,-0.221362,-0.556727
0.661948,-0.218820,-0.557127
0.659926,-0.219152,-0.556176
0.657753,-0.217733,-0.555497
0.654665,-0.218089,-0.557902
0.654716,-0.216144,-0.558520
0.653270,-0.215656,-0.558119
0.652614,-0.214022,-0.557530
0.651743,-0.214177,-0.557272
0.650383,-0.211954,-0.558782
0.650378,-0.210196,-0.557429
0.646446,-0.210072,-0.560499
0.647188,-0.208646,-0.559184
0.646653,-0.209483,-0.558720
0.644834,-0.207265,-0.559826
0.643232,-0.206684,-0.560914
0.642020,-0.208015,-0.559974
0.641788,-0.206172,-0.562082
0.638350,-0.205783,-0.559970
0.636797,-0.203393,-0.560435
0.635890,-0.203143,-0.563382
0.635866,-0.201872,-0.560730
0.633639,-0.201878,-0.561798
0.634555,-0.198735,-0.560361
0.631973,-0.198126,-0.562671
0.631005,-0.198497,-0.561428
0.629361,-0.197760,-0.561727
0.628465,-0.194329,-0.562220
0.627722,-0.195859,-0.562495
0.626050,-0.196465,-0.563451
0.624248,-0.195071,-0.563767
0.623757,-0.193383,-0.561608
0.622987,-0.190473,-0.562373
0.622055,-0.191417,-0.560905
0.619865,-0.189745,-0.564152
0.618302,-0.188836,-0.563980
0.617799,-0.188309,-0.564365
0.615330,-0.187339,-0.563357
0.613236,-0.185809,-0.565330
0.612501,-0.186095,-0.564403
0.611561,-0.183461,-0.564924
0.610586,-0.182872,-0.565892
0.609009,-0.185570,-0.565706
0.609687,-0.180777,-0.566263
0.604991,-0.179878,-0.566289
0.605996,-0.181321,-0.567066
0.602810,-0.179299,-0.566649
0.602183,-0.178125,-0.566014
0.601592,-0.178282,-0.567288
0.600564,-0.177930,-0.567628
0.598508,-0.176229,-0.567940
0.598509,-0.174370,-0.567640
0.595228,-0.173503,-0.570372
0.596525,-0.174530,-0.569241
0.592193,-0.173620,-0.570679
0.591227,-0.174326,-0.569609
0.588604,-0.173210,-0.573309
0.587970,-0.171518,-0.571728
0.584644,-0.170542,-0.573087
0.585487,-0.172228,-0.573901
0.583090,-0.169718,-0.572870
0.583363,-0.170278,-0.574721
0.579525,-0.167301,-0.574905
0.579608,-0.168762,-0.574105
0.576078,-0.166572,-0.575720
0.575745,-0.169040,-0.576220
0.573307,-0.166612,-0.576541
0.572133,-0.167992,-0.577028
0.570711,-0.165038,-0.576557
0.568342,-0.164049,-0.579930
0.567969,-0.165174,-0.580329
0.565827,-0.164495,-0.579749
0.562989,-0.163550,-0.581482
0.563109,-0.163230,-0.580283
0.562136,-0.161032,-0.581636
0.560042,-0.161770,-0.583670
0.557494,-0.161214,-0.581921
0.557145,-0.159558,-0.582035
0.554069,-0.160448,-0.583627
0.552101,-0.159829,-0.584174
0.551093,-0.160014,-0.584898
0.548387,-0.157558,-0.586748
0.547161,-0.160299,-0.587702
0.542877,-0.156180,-0.587640
0.544558,-0.156513,-0.590717
0.541341,-0.157505,-0.589506
0.537846,-0.158254,-0.591273
0.537881,-0.157089,-0.594255
0.537742,-0.155380,-0.592730
0.534171,-0.158557,-0.594409
0.531726,-0.158797,-0.595872
0.529766,-0.154530,-0.598272
0.527355,-0.154600,-0.596931
0.524131,-0.154063,-0.599340
0.523019,-0.155805,-0.600677
0.519164,-0.155360,-0.601321
0.519881,-0.155927,-0.601457
0.515130,-0.157255,-0.603882
0.517853,-0.154723,-0.606084
0.511201,-0.154982,-0.606956
0.509746,-0.155445,-0.607702
0.506853,-0.155271,-0.609881
0.504945,-0.154307,-0.611035
0.501311,-0.154896,-0.611691
0.499323,-0.156572,-0.614708
0.499548,-0.155903,-0.614791
0.495090,-0.154571,-0.614034
0.494075,-0.155297,-0.614864
0.492572,-0.152843,-0.618972
0.491158,-0.153124,-0.618839
0.488551,-0.155682,-0.621568
0.484540,-0.153333,-0.621567
0.479807,-0.154469,-0.622936
0.481224,-0.152468,-0.624295
0.478496,-0.154676,-0.625872
0.473736,-0.155663,-0.628519
0.473607,-0.155336,-0.628963
0.471406,-0.153582,-0.629251
0.466115,-0.154749,-0.631625
0.466728,-0.153650,-0.633310
0.464821,-0.154526,-0.633178
0.460631,-0.154648,-0.636316
0.457841,-0.155164,-0.638668
0.454002,-0.157733,-0.640357
0.452036,-0.156322,-0.641856
0.448434,-0.157644,-0.644832
0.445383,-0.158397,-0.644933
0.438253,-0.161525,-0.654283
0.686801,-0.316417,-0.595818
0.685592,-0.313002,-0.597626
0.687217,-0.310100,-0.593374
0.685614,-0.308171,-0.592917
0.685252,-0.306257,-0.590276
0.686335,-0.303788,-0.589349
0.684156,-0.300732,-0.587953
0.685284,-0.297511,-0.587031
0.685321,-0.296543,-0.585980
0.687784,-0.291686,-0.581453
0.686538,-0.289876,-0.579851
0.686528,-0.289474,-0.581341
0.688814,-0.286794,-0.578708
0.684899,-0.283572,-0.576124
0.687468,-0.279850,-0.574495
0.687638,-0.277954,-0.573598
0.688658,-0.276827,-0.572843
0.688555,-0.273282,-0.570575
0.689219,-0.270462,-0.567252
0.689144,-0.268836,-0.566148
0.688482,-0.265926,-0.566512
0.689046,-0.263911,-0.563049
0.687728,-0.260599,-0.562204
0.687944,-0.258625,-0.559629
0.689553,-0.254311,-0.558136
0.688453,-0.253694,-0.556422
0.689485,-0.249611,-0.556011
0.691181,-0.247584,-0.552883
0.689881,-0.246244,-0.552646
0.689127,-0.245666,-0.552454
0.690614,-0.241950,-0.547538
0.689328,-0.238884,-0.545837
0.690978,-0.235675,-0.546205
0.690593,-0.233111,-0.546631
0.689604,-0.232513,-0.544331
0.687787,-0.231888,-0.545779
0.686859,-0.233640,-0.546963
0.685226,-0.232113,-0.546381
0.684028,-0.229968,-0.548527
0.682655,-0.230255,-0.549309
0.678100,-0.231093,-0.550232
0.679577,-0.228186,-0.548799
0.679209,-0.228329,-0.551634
0.676696,-0.228563,-0.549899
0.672223,-0.225316,-0.550622
0.673216,-0.227373,-0.551717
0.672566,-0.225294,-0.551387
0.668904,-0.225105,-0.553660
0.669606,-0.223699,-0.553955
0.666390,-0.221887,-0.554247
0.666638,-0.222456,-0.550542
0.664566,-0.220533,-0.553509
0.661734,-0.221118,-0.554090
0.661836,-0.220485,-0.553653
0.659964,-0.220571,-0.555665
0.659123,-0.220201,-0.554351
0.656674,-0.217869,-0.555218
0.654302,-0.218084,-0.555668
0.655250,-0.217165,-0.555616
0.655273,-0.216210,-0.557225
0.651691,-0.213497,-0.559778
0.649915,-0.212576,-0.555725
0.649688,-0.214295,-0.557311
0.650375,-0.212760,-0.557559
0.648349,-0.211318,-0.557957
0.646718,-0.210422,-0.557345
0.643404,-0.209791,-0.558035
0.642746,-0.207372,-0.559431
0.641203,-0.209337,-0.558385
0.640864,-0.205258,-0.558661
0.639630,-0.205090,-0.557853
0.638107,-0.205207,-0.558215
0.637443,-0.206637,-0.561503
0.635596,-0.203536,-0.560485
0.632713,-0.203658,-0.560676
0.634307,-0.203896,-0.561524
0.633930,-0.199478,-0.560019
0.630880,-0.200639,-0.558614
0.628367,-0.197816,-0.560262
0.628927,-0.199255,-0.562239
0.627885,-0.197864,-0.560391
0.628029,-0.195947,-0.560712
0.625231,-0.198288,-0.561720
0.624218,-0.193513,-0.561190
0.622857,-0.194733,-0.560294
0.622855,-0.192853,-0.563356
0.619431,-0.192387,-0.560138
0.616827,-0.191732,-0.561969
0.617413,-0.190748,-0.562675
0.616228,-0.190747,-0.564097
0.617922,-0.189108,-0.562821
0.613683,-0.187882,-0.564788
0.611571,-0.187102,-0.562970
0.611223,-0.186019,-0.563563
0.609155,-0.185504,-0.564478
0.609542,-0.184107,-0.562716
0.606304,-0.184236,-0.565862
0.604533,-0.183164,-0.566052
0.602850,-0.180928,-0.565503
0.601568,-0.181372,-0.564513
0.601725,-0.182431,-0.565789
0.598899,-0.179497,-0.566993
0.597973,-0.177312,-0.568070
0.598742,-0.178279,-0.566278
0.596678,-0.175253,-0.566741
0.592730,-0.174508,-0.565302
0.593541,-0.175640,-0.568437
0.590605,-0.174710,-0.570084
0.590665,-0.174125,-0.569946
0.587949,-0.172343,-0.568901
0.587798,-0.173092,-0.571569
0.584951,-0.172751,-0.571130
0.585508,-0.170822,-0.570478
0.582330,-0.171583,-0.571111
0.580800,-0.171074,-0.573073
0.578119,-0.168801,-0.572985
0.577850,-0.168450,-0.572717
0.576618,-0.169599,-0.574700
0.573547,-0.166480,-0.573590
0.573741,-0.165841,-0.575787
0.571414,-0.167682,-0.575917
0.569141,-0.165233,-0.577241
0.568427,-0.164795,-0.577320
0.568153,-0.165328,-0.576637
0.565944,-0.165304,-0.579475
0.563917,-0.163305,-0.578342
0.562278,-0.163964,-0.580491
0.559890,-0.162745,-0.581244
0.557381,-0.163485,-0.581191
0.556538,-0.159688,-0.583516
0.554325,-0.160619,-0.582148
0.554229,-0.160029,-0.582732
0.551163,-0.159028,-0.584018
0.550628,-0.160179,-0.583790
0.547734,-0.158768,-0.583967
0.545595,-0.156597,-0.586705
0.543837,-0.159399,-0.586501
0.541191,-0.159343,-0.587140
0.539301,-0.157312,-0.587813
0.537564,-0.156465,-0.590147
0.534696,-0.157080,-0.591304
0.534929,-0.156482,-0.592982
0.532582,-0.156733,-0.590990
0.530314,-0.156866,-0.594595
0.528568,-0.155898,-0.592742
0.524456,-0.155684,-0.596455
0.524734,-0.157214,-0.597976
0.520421,-0.155089,-0.599658
0.517851,-0.153849,-0.599611
0.520058,-0.155392,-0.601388
0.515990,-0.156286,-0.602962
0.512734,-0.154168,-0.602307
0.512488,-0.155918,-0.605562
0.509879,-0.155157,-0.604802
0.507243,-0.155962,-0.608910
0.503564,-0.156693,-0.608372
0.501522,-0.157829,-0.609368
0.500714,-0.155581,-0.610725
0.497462,-0.156177,-0.611537
0.494998,-0.155348,-0.613745
0.494285,-0.155738,-0.613439
0.489938,-0.155565,-0.616427
0.488220,-0.155916,-0.614713
0.487200,-0.155469,-0.619435
0.484514,-0.154304,-0.617555
0.481809,-0.156165,-0.622478
0.479138,-0.153739,-0.623593
0.476091,-0.155410,-0.621854
0.476147,-0.153329,-0.624649
0.471633,-0.154364,-0.627430
0.471033,-0.155380,-0.627678
0.467808,-0.155122,-0.628047
0.465274,-0.153526,-0.629560
0.463777,-0.156817,-0.633146
0.460822,-0.156495,-0.635082
0.458496,-0.156269,-0.637466
0.456122,-0.158262,-0.637772
0.450910,-0.157615,-0.640347
0.447034,-0.157859,-0.644244
0.445941,-0.159144,-0.644667
0.437904,-0.162123,-0.652445
0.683247,-0.318869,-0.595163
0.685067,-0.314319,-0.593982
0.684160,-0.312961,-0.593068
0.683395,-0.309414,-0.592523
0.684969,-0.306661,-0.590751
0.683021,-0.303628,-0.586410
0.684862,-0.300656,-0.588204
0.685834,-0.298404,-0.585503
0.684978,-0.299029,-0.583574
0.684205,-0.293382,-0.582520
0.688394,-0.294322,-0.580858
0.685125,-0.289854,-0.579344
0.686341,-0.285786,-0.576835
0.682841,-0.283943,-0.574579
0.686411,-0.281918,-0.572385
0.685363,-0.279734,-0.572116
0.687575,-0.276751,-0.570307
0.685238,-0.273680,-0.568663
0.686748,-0.272905,-0.565367
0.688156,-0.269749,-0.566575
0.687269,-0.268207,-0.564193
0.688066,-0.264679,-0.562204
0.689156,-0.262539,-0.561856
0.688338,-0.258517,-0.559290
0.689023,-0.256517,-0.557946
0.689261,-0.256349,-0.558269
0.690337,-0.254018,-0.554459
0.690056,-0.252192,-0.553942
0.687999,-0.249355,-0.552846
0.689096,-0.245622,-0.549449
0.688794,-0.241718,-0.549520
0.691178,-0.240038,-0.547365
0.688230,-0.237262,-0.546618
0.688657,-0.235028,-0.544409
0.687617,-0.234095,-0.543666
0.686051,-0.233310,-0.544105
0.688136,-0.232030,-0.545462
0.683806,-0.231848,-0.545090
0.681483,-0.231508,-0.548234
0.681508,-0.230990,-0.546142
0.678210,-0.230337,-0.546900
0.677082,-0.230573,-0.547083
0.675797,-0.229245,-0.547741
0.673997,-0.228600,-0.548460
0.673635,-0.227147,-0.547474
0.671986,-0.227439,-0.550896
0.670299,-0.227808,-0.550648
0.670753,-0.226881,-0.551008
0.668801,-0.223266,-0.552863
0.666509,-0.223750,-0.551857
0.666744,-0.223561,-0.552759
0.663897,-0.223482,-0.550976
0.662868,-0.220486,-0.552895
0.663044,-0.221855,-0.553685
0.659712,-0.220349,-0.550802
0.658104,-0.219287,-0.553763
0.658254,-0.218773,-0.554838
0.655064,-0.216367,-0.553730
0.655140,-0.217941,-0.554110
0.653091,-0.216606,-0.556145
0.651371,-0.217571,-0.555345
0.650193,-0.214648,-0.554805
0.650460,-0.212750,-0.555250
0.648899,-0.213886,-0.556234
0.648902,-0.211654,-0.555299
0.645920,-0.209813,-0.555620
0.644692,-0.210716,-0.557480
0.643388,-0.208277,-0.557042
0.641154,-0.209296,-0.557129
0.641461,-0.207045,-0.555172
0.639216,-0.208189,-0.556325
0.637983,-0.205941,-0.556668
0.636373,-0.206115,-0.557077
0.637073,-0.203415,-0.557885
0.633769,-0.201809,-0.559593
0.633468,-0.202053,-0.557492
0.630460,-0.201804,-0.559474
0.632739,-0.199640,-0.560578
0.629685,-0.199575,-0.558871
0.627130,-0.197736,-0.558605
0.626753,-0.198127,-0.559494
0.624959,-0.195740,-0.558349
0.625262,-0.196105,-0.561054
0.623832,-0.196077,-0.560760
0.621789,-0.194135,-0.560088
0.620323,-0.194025,-0.560212
0.619234,-0.191398,-0.562034
0.617620,-0.192997,-0.558946
0.614556,-0.192247,-0.561736
0.613043,-0.190613,-0.560733
0.613581,-0.187659,-0.562350
0.612596,-0.188974,-0.563196
0.611771,-0.187366,-0.562966
0.610521,-0.184901,-0.561603
0.608715,-0.185447,-0.561725
0.607613,-0.183008,-0.561866
0.606390,-0.184946,-0.562730
0.604023,-0.181553,-0.563931
0.602480,-0.181726,-0.564871
0.601885,-0.180816,-0.565264
0.601713,-0.180555,-0.566236
0.599865,-0.179237,-0.565256
0.597680,-0.178847,-0.564327
0.596424,-0.179004,-0.567122
0.594419,-0.177788,-0.565937
0.593786,-0.175644,-0.566650
0.593403,-0.176058,-0.569091
0.591310,-0.174290,-0.567186
0.590324,-0.175211,-0.567611
0.587646,-0.174213,-0.567643
0.586064,-0.173038,-0.568206
0.583194,-0.171733,-0.570031
0.581407,-0.170595,-0.569709
0.582172,-0.171544,-0.570555
0.580190,-0.172094,-0.571861
0.579359,-0.171735,-0.570751
0.577555,-0.170078,-0.571730
0.575172,-0.170686,-0.572143
0.573773,-0.167544,-0.572994
0.570200,-0.168267,-0.573020
0.570582,-0.166738,-0.573672
0.568497,-0.166749,-0.576177
0.566471,-0.164765,-0.576288
0.566558,-0.164983,-0.576650
0.564525,-0.165074,-0.576225
0.561478,-0.163740,-0.577768
0.560580,-0.163829,-0.577482
0.559442,-0.164322,-0.579222
0.558005,-0.161610,-0.579425
0.554513,-0.162512,-0.580302
0.554628,-0.160663,-0.578822
0.553759,-0.160545,-0.582607
0.551692,-0.161096,-0.581036
0.548926,-0.160684,-0.582489
0.549635,-0.160211,-0.582899
0.545516,-0.161594,-0.584742
0.543686,-0.160131,-0.585893
0.541509,-0.157280,-0.586610
0.539471,-0.157533,-0.586170
0.537772,-0.157053,-0.586373
0.536821,-0.159706,-0.589545
0.535206,-0.157607,-0.590865
0.529401,-0.155693,-0.590167
0.531088,-0.156355,-0.592231
0.529154,-0.158820,-0.594240
0.525839,-0.158119,-0.593781
0.523485,-0.155160,-0.596858
0.521002,-0.159728,-0.598233
0.519747,-0.156436,-0.597013
0.518872,-0.156497,-0.598995
0.514217,-0.155788,-0.601287
0.512551,-0.157295,-0.601521
0.510451,-0.157219,-0.602956
0.506998,-0.156491,-0.604116
0.505793,-0.156927,-0.606558
0.505072,-0.157122,-0.606132
0.505083,-0.155086,-0.607596
0.501205,-0.157285,-0.611159
0.495250,-0.156482,-0.611786
0.495145,-0.155145,-0.612242
0.493814,-0.155102,-0.612766
0.490365,-0.156965,-0.613687
0.488476,-0.154820,-0.615319
0.485020,-0.155384,-0.615706
0.484067,-0.154950,-0.618009
0.482051,-0.156136,-0.618482
0.481403,-0.155796,-0.620940
0.476295,-0.154426,-0.622280
0.472906,-0.152847,-0.622125
0.471432,-0.153109,-0.625669
0.470954,-0.155639,-0.627035
0.468693,-0.155327,-0.626976
0.464045,-0.156862,-0.629731
0.462496,-0.156742,-0.633221
0.459880,-0.155808,-0.630613
0.455430,-0.155123,-0.634210
0.452259,-0.156619,-0.636600
0.451494,-0.159737,-0.639148
0.448759,-0.158825,-0.641930
0.446094,-0.160013,-0.643568
0.437734,-0.165279,-0.652102
0.683637,-0.320782,-0.595926
0.682868,-0.315540,-0.594233
0.682345,-0.313805,-0.592049
0.681938,-0.310231,-0.589418
0.683600,-0.308648,-0.588850
0.683280,-0.306741,-0.587965
0.684952,-0.302635,-0.585416
0.681866,-0.300473,-0.583964
0.685971,-0.300247,-0.583986
0.682555,-0.295257,-0.581370
0.685793,-0.292089,-0.578640
0.684633,-0.291941,-0.577290
0.684899,-0.290109,-0.576221
0.683394,-0.286179,-0.573922
0.683185,-0.283325,-0.572506
0.684501,-0.281579,-0.572236
0.684196,-0.279525,-0.568645
0.686606,-0.274299,-0.569516
0.685771,-0.271681,-0.567230
0.686674,-0.272272,-0.563436
0.684749,-0.268039,-0.563201
0.685318,-0.265332,-0.560807
0.687448,-0.262361,-0.560971
0.685429,-0.259922,-0.558620
0.685902,-0.259219,-0.559954
0.685638,-0.255504,-0.556125
0.687153,-0.252490,-0.554780
0.688125,-0.251137,-0.552445
0.686395,-0.248840,-0.551926
0.688564,-0.246358,-0.550246
0.689278,-0.243387,-0.548300
0.686529,-0.240911,-0.545826
0.688871,-0.238865,-0.543537
0.686261,-0.236696,-0.544168
0.686914,-0.232569,-0.541737
0.685095,-0.235206,-0.543265
0.685722,-0.232315,-0.544735
0.682498,-0.234045,-0.544313
0.681657,-0.232171,-0.544882
0.680322,-0.233126,-0.545865
0.680920,-0.233541,-0.548632
0.676992,-0.231201,-0.546568
0.674088,-0.233313,-0.547626
0.673750,-0.230972,-0.546737
0.673527,-0.228883,-0.549745
0.672277,-0.227429,-0.548962
0.670065,-0.226768,-0.549803
0.668285,-0.224800,-0.548656
0.668052,-0.225850,-0.550312
0.664069,-0.226306,-0.549789
0.664919,-0.226234,-0.550336
0.661755,-0.224123,-0.551168
0.660905,-0.222428,-0.550529
0.659717,-0.220561,-0.551055
0.660672,-0.220473,-0.551472
0.657473,-0.220347,-0.553943
0.655856,-0.220690,-0.552683
0.655781,-0.219894,-0.552642
0.654735,-0.218074,-0.554120
0.652094,-0.218198,-0.554240
0.649681,-0.215225,-0.553023
0.650869,-0.216268,-0.555071
0.648952,-0.213767,-0.555760
0.648771,-0.213662,-0.555359
0.646473,-0.212746,-0.553428
0.644585,-0.213115,-0.556342
0.643371,-0.213309,-0.556274
0.641909,-0.211105,-0.554512
0.641373,-0.207832,-0.554697
0.638399,-0.208921,-0.556167
0.638581,-0.208339,-0.555917
0.635021,-0.206771,-0.555821
0.635953,-0.204145,-0.555148
0.634139,-0.203149,-0.557350
0.632353,-0.203292,-0.555601
0.632001,-0.202557,-0.555412
0.631392,-0.202516,-0.556919
0.628485,-0.200784,-0.557401
0.627977,-0.199357,-0.559608
0.628093,-0.199857,-0.558210
0.625768,-0.198727,-0.559093
0.625181,-0.195335,-0.558818
0.624482,-0.197394,-0.557214
0.622227,-0.197824,-0.558985
0.621644,-0.193701,-0.559642
0.621366,-0.193598,-0.560713
0.619494,-0.193810,-0.560564
0.616159,-0.193180,-0.559500
0.614831,-0.192664,-0.560538
0.613181,-0.190511,-0.559582
0.612295,-0.190957,-0.559887
0.611619,-0.188979,-0.559699
0.612707,-0.186918,-0.560684
0.609943,-0.186605,-0.561697
0.609677,-0.186074,-0.562308
0.605787,-0.186575,-0.562409
0.606641,-0.183223,-0.561708
0.602586,-0.184149,-0.563448
0.601938,-0.184004,-0.562409
0.601850,-0.181394,-0.560635
0.601073,-0.181996,-0.564205
0.599886,-0.180843,-0.562536
0.596634,-0.181857,-0.565631
0.595027,-0.177370,-0.563021
0.596013,-0.178565,-0.565211
0.593682,-0.176702,-0.565178
0.587782,-0.175532,-0.565811
0.589797,-0.177792,-0.565932
0.588804,-0.176378,-0.567210
0.588220,-0.175507,-0.567379
0.585303,-0.173758,-0.568046
0.584755,-0.172642,-0.568669
0.580521,-0.173083,-0.570873
0.581501,-0.171684,-0.568820
0.579578,-0.171954,-0.567473
0.579791,-0.172504,-0.569741
0.577393,-0.171369,-0.570759
0.573588,-0.168708,-0.571789
0.572817,-0.168689,-0.571866
0.571136,-0.167240,-0.572561
0.569595,-0.169170,-0.572625
0.567095,-0.166656,-0.573975
0.566639,-0.168124,-0.574771
0.566065,-0.165169,-0.575877
0.563989,-0.166197,-0.575251
0.564542,-0.164958,-0.575987
0.560751,-0.163846,-0.575041
0.560777,-0.165396,-0.577975
0.556688,-0.161585,-0.577194
0.555417,-0.162088,-0.577763
0.552994,-0.163824,-0.578667
0.553248,-0.160906,-0.580212
0.549866,-0.161075,-0.580907
0.548219,-0.160820,-0.581092
0.547780,-0.159101,-0.581737
0.543723,-0.158329,-0.583978
0.543730,-0.157239,-0.583833
0.540839,-0.158932,-0.584144
0.541171,-0.160485,-0.582784
0.538145,-0.156930,-0.586565
0.536450,-0.158016,-0.585760
0.532313,-0.158581,-0.588870
0.533420,-0.159830,-0.589791
0.530159,-0.157610,-0.590785
0.527446,-0.158639,-0.591509
0.525272,-0.157238,-0.593219
0.523765,-0.156564,-0.595127
0.519399,-0.157740,-0.595767
0.518365,-0.157682,-0.597498
0.517271,-0.156856,-0.596983
0.512403,-0.155086,-0.598721
0.511030,-0.158149,-0.598119
0.509778,-0.155106,-0.601451
0.505989,-0.157454,-0.602013
0.504586,-0.158495,-0.604226
0.503953,-0.155237,-0.605269
0.502013,-0.158130,-0.608379
0.496932,-0.155891,-0.607057
0.498065,-0.156980,-0.609194
0.495322,-0.156673,-0.608457
0.491626,-0.155540,-0.611464
0.490114,-0.154937,-0.613201
0.486668,-0.155871,-0.612364
0.485527,-0.154675,-0.614959
0.484017,-0.153783,-0.615982
0.481745,-0.156169,-0.619246
0.478020,-0.156604,-0.619525
0.476615,-0.156886,-0.620766
0.472466,-0.155299,-0.622171
0.473064,-0.156009,-0.623629
0.470007,-0.156296,-0.625135
0.467070,-0.156908,-0.626562
0.461980,-0.156439,-0.628178
0.461778,-0.157682,-0.629999
0.457649,-0.156642,-0.631018
0.456018,-0.156375,-0.633557
0.451661,-0.157677,-0.636293
0.450436,-0.157864,-0.638857
0.446995,-0.158897,-0.638743
0.443554,-0.160188,-0.641651
0.681093,-0.322221,-0.593363
0.679746,-0.317676,-0.593832
0.682036,-0.315897,-0.590273
0.682642,-0.312493,-0.589122
0.682192,-0.308954,-0.590564
0.681554,-0.307549,-0.586240
0.681907,-0.305747,-0.585537
0.681797,-0.302968,-0.584098
0.682842,-0.300121,-0.582422
0.682558,-0.295247,-0.580990
0.684250,-0.294829,-0.578235
0.683364,-0.293007,-0.574742
0.682360,-0.289764,-0.576890
0.682344,-0.284978,-0.574996
0.684087,-0.284685,-0.570890
0.684477,-0.280712,-0.572649
0.683113,-0.278496,-0.569399
0.682442,-0.275735,-0.568006
0.684599,-0.274752,-0.566356
0.684052,-0.273340,-0.566717
0.681777,-0.272010,-0.563936
0.685474,-0.267032,-0.561437
0.684318,-0.266216,-0.559295
0.684388,-0.264458,-0.558316
0.685989,-0.260190,-0.556208
0.687386,-0.258051,-0.555613
0.686859,-0.252896,-0.552680
0.686782,-0.252173,-0.551404
0.685958,-0.250325,-0.552439
0.688950,-0.248799,-0.550412
0.687215,-0.245509,-0.547266
0.686705,-0.241097,-0.544896
0.686544,-0.241367,-0.544452
0.687233,-0.237462,-0.544378
0.686410,-0.234062,-0.543400
0.684641,-0.234589,-0.542068
0.681882,-0.234676,-0.544930
0.680997,-0.233728,-0.544437
0.679634,-0.231934,-0.543977
0.679477,-0.232880,-0.544979
0.678149,-0.229980,-0.545485
0.676546,-0.230265,-0.544510
0.674565,-0.231389,-0.546724
0.675082,-0.230088,-0.546704
0.672928,-0.230362,-0.548402
0.670413,-0.227075,-0.546893
0.669741,-0.229262,-0.548728
0.668992,-0.228385,-0.548606
0.666065,-0.227514,-0.548710
0.665312,-0.225731,-0.549403
0.664541,-0.226251,-0.550546
0.660573,-0.226981,-0.551774
0.659345,-0.224397,-0.550565
0.658260,-0.221836,-0.550214
0.657871,-0.223204,-0.551572
0.657379,-0.221445,-0.550783
0.654958,-0.220331,-0.552575
0.656055,-0.218838,-0.550804
0.652282,-0.217775,-0.553032
0.651080,-0.218781,-0.551814
0.649514,-0.216899,-0.553437
0.649900,-0.215475,-0.552116
0.646821,-0.214378,-0.553204
0.647314,-0.214128,-0.553995
0.646683,-0.216155,-0.553097
0.642574,-0.213095,-0.554366
0.641476,-0.213379,-0.555156
0.642804,-0.213983,-0.553058
0.641487,-0.211238,-0.555635
0.638721,-0.209369,-0.554387
0.635694,-0.206797,-0.554863
0.636447,-0.207018,-0.555254
0.635088,-0.206596,-0.553217
0.634506,-0.205416,-0.554936
0.632849,-0.205067,-0.554893
0.631475,-0.204335,-0.554541
0.632214,-0.204255,-0.556580
0.627885,-0.202430,-0.554908
0.629046,-0.200684,-0.557042
0.625960,-0.200176,-0.555941
0.623681,-0.197917,-0.557014
0.623031,-0.199524,-0.557220
0.621240,-0.197560,-0.556631
0.621553,-0.196703,-0.556216
0.620331,-0.194390,-0.557578
0.618873,-0.193763,-0.558331
0.617348,-0.195101,-0.556925
0.617643,-0.192195,-0.560198
0.614188,-0.192670,-0.559460
0.614218,-0.191827,-0.558377
0.611055,-0.189609,-0.559939
0.609565,-0.189739,-0.559668
0.610069,-0.189602,-0.559107
0.608631,-0.188023,-0.557972
0.607250,-0.185949,-0.560077
0.606687,-0.187325,-0.560109
0.605170,-0.184923,-0.560616
0.604620,-0.184297,-0.560044
0.602940,-0.185141,-0.560360
0.602194,-0.183614,-0.560787
0.598577,-0.182309,-0.561345
0.598772,-0.180867,-0.562424
0.595564,-0.179841,-0.561807
0.594052,-0.179564,-0.562104
0.592686,-0.178902,-0.564655
0.591062,-0.177701,-0.564378
0.590583,-0.175834,-0.565543
0.591523,-0.176949,-0.565295
0.588555,-0.176016,-0.565100
0.586326,-0.176558,-0.565401
0.584326,-0.174269,-0.567400
0.583166,-0.173211,-0.567211
0.581087,-0.172728,-0.565338
0.579456,-0.172370,-0.567321
0.578457,-0.171733,-0.567226
0.577029,-0.171395,-0.570038
0.576577,-0.168805,-0.569404
0.574422,-0.170547,-0.569887
0.572925,-0.168800,-0.571723
0.570364,-0.170008,-0.571307
0.569444,-0.167540,-0.570635
0.565257,-0.166881,-0.572421
0.564512,-0.167754,-0.574359
0.564282,-0.166398,-0.573558
0.562099,-0.166621,-0.572047
0.560493,-0.166274,-0.574154
0.558419,-0.163883,-0.574703
0.557564,-0.164659,-0.576439
0.557661,-0.164687,-0.575742
0.555054,-0.162787,-0.578309
0.553486,-0.163283,-0.577516
0.551366,-0.162851,-0.578802
0.548425,-0.162774,-0.578866
0.548542,-0.159312,-0.580070
0.547813,-0.161427,-0.580041
0.544253,-0.160837,-0.580860
0.544164,-0.157796,-0.583207
0.542192,-0.161318,-0.582783
0.538716,-0.158515,-0.584115
0.538874,-0.159313,-0.585679
0.535770,-0.157907,-0.586503
0.531914,-0.157581,-0.587147
0.529783,-0.158619,-0.586554
0.526136,-0.160050,-0.589091
0.525919,-0.157863,-0.589951
0.524770,-0.157457,-0.592142
0.522295,-0.159264,-0.592487
0.519702,-0.155575,-0.593162
0.519841,-0.157859,-0.593417
0.515929,-0.159046,-0.596617
0.514834,-0.156143,-0.596040
0.512618,-0.159500,-0.597910
0.508931,-0.156603,-0.600650
0.507251,-0.157225,-0.600480
0.503370,-0.156829,-0.601799
0.502636,-0.157531,-0.603832
0.500793,-0.157566,-0.604663
0.496978,-0.157340,-0.605541
0.494227,-0.157896,-0.609463
0.496859,-0.157714,-0.609996
0.491585,-0.156720,-0.609194
0.491389,-0.156718,-0.610459
0.487654,-0.157005,-0.612257
0.486595,-0.156548,-0.614136
0.482749,-0.156994,-0.614806
0.478918,-0.157275,-0.616332
0.478686,-0.157273,-0.616990
0.476571,-0.155769,-0.617568
0.471665,-0.156289,-0.619016
0.472278,-0.158193,-0.621792
0.468096,-0.158063,-0.623700
0.466254,-0.155602,-0.625166
0.462562,-0.157101,-0.627044
0.459802,-0.158882,-0.625105
0.459275,-0.157426,-0.629561
0.456255,-0.159232,-0.632103
0.452279,-0.159064,-0.632863
0.449382,-0.159011,-0.636122
0.445321,-0.161543,-0.639208
0.443933,-0.162154,-0.640487
0.680716,-0.320656,-0.593530
0.678988,-0.318635,-0.593456
0.680333,-0.315998,-0.591172
0.682258,-0.311662,-0.590531
0.678983,-0.311503,-0.589255
0.681261,-0.307268,-0.586038
0.681067,-0.306107,-0.584409
0.682387,-0.303382,-0.581967
0.681280,-0.301551,-0.580662
0.682113,-0.299940,-0.580707
0.681159,-0.295296,-0.578771
0.682966,-0.293942,-0.576850
0.681628,-0.290826,-0.574979
0.683283,-0.288496,-0.571708
0.682778,-0.285950,-0.570086
0.683213,-0.282622,-0.569952
0.683491,-0.282466,-0.569645
0.683679,-0.279735,-0.567099
0.684412,-0.276632,-0.564613
0.681417,-0.274150,-0.565073
0.682781,-0.270986,-0.563275
0.683634,-0.268528,-0.559598
0.683218,-0.267327,-0.557977
0.684594,-0.264626,-0.558010
0.685467,-0.261647,-0.555574
0.684145,-0.259172,-0.551976
0.685763,-0.255844,-0.551900
0.683385,-0.252436,-0.552009
0.685319,-0.249629,-0.550901
0.683851,-0.250688,-0.548985
0.686071,-0.245665,-0.546614
0.685881,-0.243620,-0.546661
0.684207,-0.242278,-0.542810
0.686917,-0.239167,-0.542917
0.686064,-0.235982,-0.539698
0.684936,-0.236755,-0.540531
0.685222,-0.233528,-0.540891
0.682904,-0.234402,-0.542140
0.680626,-0.232608,-0.543302
0.677404,-0.232279,-0.545114
0.678232,-0.235633,-0.545079
0.676453,-0.233354,-0.546833
0.672324,-0.231318,-0.544918
0.674576,-0.233296,-0.544899
0.670455,-0.230574,-0.545008
0.670689,-0.228533,-0.545764
0.668309,-0.229144,-0.546860
0.666268,-0.229255,-0.547203
0.665404,-0.226539,-0.548071
0.663638,-0.226158,-0.548674
0.663856,-0.225770,-0.547910
0.661219,-0.226971,-0.549570
0.659489,-0.223880,-0.547814
0.658441,-0.224636,-0.549303
0.657077,-0.223374,-0.548665
0.654854,-0.223497,-0.551450
0.654956,-0.221027,-0.550667
0.651143,-0.220778,-0.552180
0.650987,-0.219437,-0.552252
0.650408,-0.219035,-0.549633
0.652062,-0.217212,-0.549999
0.645604,-0.217967,-0.549898
0.646041,-0.217723,-0.553668
0.644292,-0.216243,-0.553289
0.644565,-0.214804,-0.552893
0.641301,-0.213081,-0.552467
0.641980,-0.213714,-0.552368
0.641799,-0.210710,-0.554419
0.638943,-0.212159,-0.552841
0.637566,-0.209198,-0.553258
0.636748,-0.208886,-0.554301
0.634438,-0.209534,-0.553946
0.635540,-0.207240,-0.553951
0.632148,-0.205044,-0.553704
0.629975,-0.205716,-0.555590
0.629723,-0.206965,-0.552997
0.629861,-0.203300,-0.554305
0.629632,-0.203038,-0.555993
0.627175,-0.202735,-0.553976
0.624775,-0.200081,-0.554476
0.624521,-0.198736,-0.554727
0.622459,-0.199762,-0.555173
0.621603,-0.198450,-0.557559
0.620139,-0.198942,-0.557108
0.617996,-0.197504,-0.556218
0.618672,-0.196266,-0.556978
0.613644,-0.195950,-0.557639
0.616209,-0.192559,-0.556766
0.613730,-0.192248,-0.555945
0.611752,-0.191729,-0.556276
0.611732,-0.191894,-0.557469
0.610498,-0.190763,-0.558291
0.608440,-0.190069,-0.559811
0.606925,-0.187611,-0.557503
0.606029,-0.189237,-0.559797
0.604488,-0.185867,-0.560184
0.603858,-0.184850,-0.559828
0.600781,-0.185016,-0.559366
0.599075,-0.184044,-0.559294
0.600133,-0.183014,-0.558327
0.597910,-0.182692,-0.561051
0.597661,-0.183849,-0.562295
0.593742,-0.181324,-0.561225
0.594965,-0.179542,-0.561186
0.592744,-0.178947,-0.561507
0.590491,-0.179528,-0.562187
0.591116,-0.176384,-0.563180
0.589524,-0.179484,-0.562113
0.588139,-0.177579,-0.564059
0.586199,-0.175337,-0.564243
0.585163,-0.174362,-0.565506
0.582607,-0.175227,-0.565930
0.580792,-0.173098,-0.564240
0.581331,-0.173029,-0.565561
0.578305,-0.172633,-0.567449
0.576942,-0.171469,-0.566633
0.575539,-0.172853,-0.566406
0.572308,-0.170681,-0.568700
0.571291,-0.168474,-0.568569
0.572130,-0.171112,-0.570957
0.569523,-0.169593,-0.570545
0.567139,-0.168962,-0.571946
0.566620,-0.169159,-0.569221
0.562524,-0.166869,-0.570442
0.562171,-0.166853,-0.572087
0.559910,-0.167581,-0.571982
0.558420,-0.166201,-0.572111
0.559048,-0.166090,-0.574185
0.554246,-0.163709,-0.574978
0.553485,-0.162412,-0.575118
0.553501,-0.163499,-0.575806
0.550452,-0.162891,-0.576890
0.548361,-0.161240,-0.578710
0.548539,-0.160411,-0.577709
0.544226,-0.163314,-0.578513
0.542704,-0.161217,-0.578831
0.542632,-0.160486,-0.579536
0.539017,-0.161205,-0.584112
0.538054,-0.161665,-0.580564
0.535896,-0.159401,-0.582600
0.535419,-0.159625,-0.585086
0.533262,-0.158714,-0.585381
0.529399,-0.159482,-0.585137
0.527465,-0.157722,-0.586501
0.525145,-0.159422,-0.589256
0.523410,-0.157989,-0.591146
0.521044,-0.158408,-0.591442
0.521612,-0.156772,-0.591901
0.518133,-0.157449,-0.594187
0.516389,-0.159064,-0.593454
0.514293,-0.157285,-0.595336
0.510449,-0.157314,-0.596605
0.508636,-0.158674,-0.597614
0.507764,-0.160154,-0.597579
0.504510,-0.157190,-0.600322
0.501288,-0.159135,-0.602315
0.499882,-0.157103,-0.602175
0.498697,-0.156596,-0.603899
0.495019,-0.157850,-0.604551
0.493189,-0.157428,-0.606122
0.491518,-0.157388,-0.608355
0.489557,-0.157419,-0.609204
0.485682,-0.158223,-0.610754
0.484291,-0.158401,-0.612841
0.481177,-0.156370,-0.612750
0.480097,-0.158309,-0.614842
0.477314,-0.156307,-0.615828
0.473542,-0.157187,-0.616984
0.474102,-0.157653,-0.617464
0.468732,-0.157270,-0.620344
0.466309,-0.157466,-0.622160
0.464931,-0.159673,-0.624537
0.463109,-0.157085,-0.624501
0.458983,-0.159124,-0.625168
0.457433,-0.157754,-0.629153
0.454590,-0.157365,-0.631349
0.450237,-0.161659,-0.634906
0.447661,-0.161731,-0.635689
0.445010,-0.161599,-0.638104
0.440552,-0.161376,-0.639682
0.677979,-0.323786,-0.594880
0.679698,-0.320700,-0.591889
0.677695,-0.317756,-0.588733
0.678721,-0.314889,-0.588214
0.678938,-0.313727,-0.585746
0.679423,-0.309193,-0.586673
0.679968,-0.306650,-0.583165
0.680801,-0.300747,-0.581570
0.680956,-0.303411,-0.580007
0.680488,-0.300884,-0.578024
0.679378,-0.296767,-0.577500
0.680884,-0.295106,-0.577229
0.680870,-0.292281,-0.574361
0.681356,-0.290954,-0.572286
0.680906,-0.287674,-0.569320
0.681117,-0.286397,-0.570138
0.681662,-0.282907,-0.567318
0.681109,-0.280081,-0.564773
0.682716,-0.276703,-0.563530
0.682079,-0.276135,-0.561970
0.682141,-0.271826,-0.563927
0.681857,-0.269516,-0.561499
0.684276,-0.266446,-0.559639
0.682087,-0.264331,-0.558258
0.683200,-0.262721,-0.554174
0.684154,-0.261322,-0.553394
0.681854,-0.257303,-0.553328
0.684228,-0.255575,-0.549497
0.682993,-0.252938,-0.549526
0.683552,-0.252299,-0.547438
0.683402,-0.249549,-0.546601
0.684779,-0.245961,-0.545308
0.683382,-0.243316,-0.544079
0.685446,-0.240879,-0.541925
0.684424,-0.240165,-0.540312
0.685446,-0.236448,-0.541184
0.681678,-0.234326,-0.539517
0.681414,-0.235657,-0.540064
0.678219,-0.233157,-0.542159
0.678602,-0.234817,-0.541280
0.676934,-0.234876,-0.542317
0.675170,-0.232522,-0.543587
0.673326,-0.233118,-0.543572
0.670905,-0.233626,-0.544206
0.670156,-0.230087,-0.544749
0.670184,-0.226274,-0.544317
0.666645,-0.230815,-0.545277
0.665625,-0.228832,-0.545674
0.666335,-0.228038,-0.545472
0.664398,-0.228314,-0.547090
0.660369,-0.226480,-0.548915
0.659584,-0.226992,-0.546875
0.659844,-0.225197,-0.548860
0.657785,-0.224072,-0.547812
0.656388,-0.224414,-0.548550
0.655003,-0.222375,-0.548167
0.652489,-0.222775,-0.550375
0.650273,-0.221022,-0.549109
0.651575,-0.221224,-0.550268
0.649621,-0.218301,-0.549842
0.648744,-0.219309,-0.550603
0.646549,-0.219052,-0.549591
0.644862,-0.217166,-0.551962
0.645242,-0.216773,-0.551904
0.643366,-0.216253,-0.551985
0.642726,-0.215251,-0.550749
0.639531,-0.214289,-0.550364
0.638800,-0.213219,-0.553110
0.638270,-0.210357,-0.551471
0.638132,-0.211618,-0.551976
0.635822,-0.210409,-0.552699
0.636530,-0.210595,-0.554668
0.633547,-0.210181,-0.551534
0.632226,-0.208044,-0.554352
0.630089,-0.206930,-0.552076
0.628045,-0.205650,-0.553289
0.628504,-0.204998,-0.554734
0.625891,-0.204811,-0.552686
0.625303,-0.201930,-0.551673
0.625582,-0.202517,-0.553964
0.623489,-0.201184,-0.554862
0.623274,-0.201342,-0.553799
0.620142,-0.200701,-0.554496
0.619808,-0.199247,-0.554849
0.619540,-0.199069,-0.555673
0.616592,-0.197256,-0.555082
0.615037,-0.197186,-0.557407
0.612855,-0.193776,-0.556062
0.614000,-0.193065,-0.554212
0.613279,-0.192197,-0.557504
0.608874,-0.191596,-0.557436
0.608340,-0.192719,-0.557339
0.609569,-0.191170,-0.557080
0.605513,-0.187767,-0.555117
0.606135,-0.190160,-0.557516
0.603803,-0.187853,-0.558199
0.604517,-0.187504,-0.556429
0.602302,-0.184385,-0.558341
0.599866,-0.184474,-0.557298
0.599201,-0.185648,-0.558038
0.596735,-0.184050,-0.559586
0.596549,-0.184529,-0.560136
0.595947,-0.185157,-0.559458
0.591196,-0.182537,-0.559571
0.594201,-0.181400,-0.560721
0.591154,-0.179756,-0.562967
0.590509,-0.179392,-0.562748
0.586456,-0.179008,-0.562127
0.587240,-0.178019,-0.563321
0.585467,-0.177161,-0.563549
0.583423,-0.177650,-0.561870
0.583749,-0.177023,-0.564214
0.580910,-0.175442,-0.564389
0.580572,-0.174160,-0.563104
0.577669,-0.173364,-0.564795
0.575309,-0.173965,-0.564804
0.574229,-0.174285,-0.565983
0.572702,-0.170839,-0.566891
0.571680,-0.170340,-0.567193
0.570489,-0.168972,-0.566613
0.568232,-0.170600,-0.567945
0.566568,-0.168871,-0.568087
0.562822,-0.167972,-0.570356
0.564326,-0.169598,-0.570803
0.562043,-0.166827,-0.571607
0.559870,-0.166786,-0.570985
0.557607,-0.166116,-0.573290
0.556418,-0.168683,-0.572921
0.554963,-0.167610,-0.572715
0.553865,-0.163054,-0.573606
0.551350,-0.163983,-0.575255
0.550334,-0.164355,-0.575524
0.548255,-0.164661,-0.575318
0.545670,-0.163615,-0.578041
0.544918,-0.162168,-0.577436
0.542336,-0.161664,-0.578508
0.540495,-0.162431,-0.581445
0.540510,-0.160685,-0.579985
0.537562,-0.159499,-0.578993
0.536703,-0.158852,-0.581490
0.533801,-0.162132,-0.583666
0.533472,-0.159768,-0.585117
0.529507,-0.159351,-0.584657
0.529436,-0.158922,-0.585573
0.525088,-0.158936,-0.585587
0.523483,-0.156874,-0.587936
0.520514,-0.161208,-0.587956
0.520017,-0.157869,-0.591691
0.516825,-0.158627,-0.589699
0.514078,-0.157504,-0.592562
0.513696,-0.157292,-0.593120
0.512109,-0.157879,-0.593844
0.509474,-0.160180,-0.596595
0.507579,-0.158019,-0.598323
0.503915,-0.156139,-0.597243
0.503205,-0.159302,-0.600358
0.498445,-0.156976,-0.601273
0.498610,-0.157421,-0.600608
0.495412,-0.157354,-0.602682
0.494176,-0.156177,-0.606608
0.490313,-0.159459,-0.607461
0.486769,-0.158386,-0.608205
0.486068,-0.156680,-0.607490
0.483907,-0.156966,-0.611538
0.480547,-0.157612,-0.611160
0.479719,-0.158131,-0.612306
0.475858,-0.155098,-0.613522
0.473965,-0.156538,-0.616542
0.471644,-0.157906,-0.618589
0.468218,-0.157091,-0.618637
0.467096,-0.158805,-0.621266
0.465027,-0.159189,-0.620907
0.462148,-0.158125,-0.623672
0.459155,-0.157910,-0.625863
0.455688,-0.160447,-0.627546
0.453556,-0.158696,-0.629412
0.449472,-0.159529,-0.631847
0.447664,-0.162144,-0.634058
0.442803,-0.160910,-0.634798
0.440643,-0.161634,-0.640204
0.676038,-0.323538,-0.590979
0.677749,-0.320664,-0.590101
0.678188,-0.319626,-0.590272
0.677871,-0.316915,-0.588271
0.677699,-0.313864,-0.585611
0.678871,-0.311353,-0.584471
0.679116,-0.309814,-0.582654
0.678324,-0.305864,-0.581384
0.677853,-0.303661,-0.580091
0.676406,-0.301524,-0.578746
0.678104,-0.297534,-0.577101
0.678260,-0.296969,-0.575107
0.678357,-0.292311,-0.570804
0.679427,-0.290528,-0.572732
0.682363,-0.288194,-0.569729
0.677922,-0.287763,-0.567929
0.680706,-0.284189,-0.566217
0.680500,-0.281857,-0.564466
0.680023,-0.278865,-0.564149
0.680420,-0.275855,-0.561897
0.680030,-0.273338,-0.561417
0.681086,-0.271533,-0.560562
0.681491,-0.268802,-0.556614
0.680827,-0.266437,-0.555326
0.681138,-0.264569,-0.553858
0.680110,-0.262100,-0.552466
0.681680,-0.259714,-0.550844
0.680685,-0.255672,-0.552546
0.683605,-0.255175,-0.547100
0.682248,-0.251663,-0.547489
0.682929,-0.248638,-0.545754
0.682272,-0.245507,-0.542740
0.683357,-0.243618,-0.543071
0.684705,-0.242746,-0.539179
0.684275,-0.239928,-0.540750
0.685021,-0.237502,-0.537296
0.682151,-0.237234,-0.540042
0.678855,-0.235134,-0.539237
0.677484,-0.235209,-0.540039
0.676745,-0.235654,-0.540288
0.675672,-0.235751,-0.542213
0.675618,-0.234602,-0.540396
0.672238,-0.234202,-0.541514
0.671935,-0.232959,-0.543064
0.670109,-0.231196,-0.544879
0.667701,-0.230618,-0.542392
0.668715,-0.231778,-0.542948
0.665753,-0.231056,-0.544126
0.663489,-0.229092,-0.545879
0.663236,-0.227854,-0.543660
0.661489,-0.227715,-0.545908
0.659066,-0.227072,-0.546077
0.658010,-0.224892,-0.546186
0.657609,-0.225574,-0.546513
0.655038,-0.225860,-0.547442
0.653628,-0.225531,-0.546913
0.653988,-0.222753,-0.547665
0.652028,-0.223748,-0.547580
0.651250,-0.221194,-0.550055
0.648449,-0.220949,-0.548626
0.648272,-0.221096,-0.549242
0.646029,-0.218933,-0.548639
0.645668,-0.217012,-0.548945
0.643725,-0.216066,-0.548070
0.641167,-0.217777,-0.549891
0.641250,-0.217238,-0.551011
0.640849,-0.217280,-0.549834
0.640082,-0.214068,-0.550067
0.636332,-0.214642,-0.550635
0.637562,-0.211770,-0.552194
0.633350,-0.212177,-0.552894
0.633043,-0.211448,-0.551287
0.631313,-0.208485,-0.551245
0.632587,-0.207814,-0.552279
0.632777,-0.206081,-0.552102
0.627492,-0.205095,-0.553432
0.626182,-0.205690,-0.552701
0.626417,-0.204839,-0.553405
0.624854,-0.206471,-0.551942
0.624875,-0.203308,-0.553798
0.622842,-0.201061,-0.553315
0.620510,-0.202536,-0.552506
0.621887,-0.201842,-0.554230
0.619129,-0.199510,-0.554577
0.616971,-0.198063,-0.553737
0.615470,-0.197428,-0.553464
0.613454,-0.198181,-0.554574
0.612879,-0.196438,-0.554511
0.612196,-0.194118,-0.554241
0.611738,-0.193972,-0.554708
0.609137,-0.193694,-0.554778
0.610435,-0.192118,-0.556209
0.606579,-0.190387,-0.556717
0.603880,-0.189075,-0.557387
0.604346,-0.190306,-0.558050
0.603015,-0.189330,-0.554975
0.601947,-0.189242,-0.556046
0.600746,-0.185767,-0.555942
0.598076,-0.188035,-0.557829
0.599557,-0.185318,-0.556908
0.596814,-0.184764,-0.558687
0.595074,-0.184426,-0.556303
0.594012,-0.183977,-0.560088
0.593045,-0.183336,-0.559354
0.591945,-0.181577,-0.559314
0.588998,-0.180395,-0.559576
0.588937,-0.179522,-0.560651
0.586707,-0.178747,-0.558698
0.585928,-0.178714,-0.558917
0.584228,-0.177826,-0.560896
0.582692,-0.176471,-0.560886
0.580288,-0.176493,-0.562403
0.580138,-0.173958,-0.562624
0.576746,-0.173841,-0.563800
0.574979,-0.174794,-0.564933
0.574758,-0.175503,-0.562191
0.572746,-0.173223,-0.564870
0.572174,-0.172173,-0.564154
0.570701,-0.171917,-0.564999
0.568532,-0.171639,-0.566927
0.565789,-0.171675,-0.565071
0.567392,-0.170607,-0.569147
0.564368,-0.166996,-0.567578
0.562824,-0.168456,-0.568237
0.560068,-0.170344,-0.570665
0.560149,-0.168938,-0.571226
0.555820,-0.166675,-0.570205
0.554953,-0.165983,-0.572348
0.554520,-0.165927,-0.572877
0.554031,-0.164356,-0.572181
0.553615,-0.164497,-0.575172
0.550099,-0.165540,-0.575012
0.549336,-0.164594,-0.574121
0.546830,-0.163398,-0.574917
0.545027,-0.160860,-0.574792
0.542651,-0.162811,-0.577083
0.542167,-0.162107,-0.577222
0.540910,-0.162018,-0.577282
0.536826,-0.161116,-0.578900
0.534399,-0.161286,-0.580144
0.533134,-0.161463,-0.580333
0.531890,-0.160480,-0.584068
0.528000,-0.160777,-0.584097
0.526184,-0.160479,-0.584945
0.524563,-0.161312,-0.585030
0.523419,-0.158305,-0.586225
0.521467,-0.158758,-0.586850
0.519920,-0.160886,-0.588654
0.516751,-0.159891,-0.589812
0.514459,-0.159986,-0.591142
0.513203,-0.160620,-0.590627
0.511262,-0.160491,-0.591422
0.509481,-0.158929,-0.594226
0.505172,-0.158726,-0.594723
0.502866,-0.158275,-0.597780
0.501173,-0.157428,-0.598730
0.500620,-0.157599,-0.599449
0.496593,-0.158326,-0.602194
0.495638,-0.159346,-0.602275
0.492290,-0.158114,-0.603613
0.491383,-0.158031,-0.605292
0.486079,-0.159733,-0.607174
0.487043,-0.157475,-0.607395
0.483889,-0.158355,-0.606642
0.481568,-0.157419,-0.608776
0.479152,-0.157472,-0.609811
0.476572,-0.159216,-0.612507
0.472303,-0.158770,-0.614573
0.474207,-0.158723,-0.614798
0.468930,-0.159223,-0.617717
0.466200,-0.157538,-0.617360
0.463921,-0.161401,-0.620301
0.461694,-0.160689,-0.623383
0.458370,-0.158599,-0.622607
0.455353,-0.160437,-0.625617
0.455077,-0.158787,-0.627472
0.450236,-0.160679,-0.628884
0.446456,-0.162074,-0.630881
0.444931,-0.165170,-0.633406
0.439619,-0.164073,-0.637512
0.675866,-0.327881,-0.593873
0.674857,-0.322790,-0.589116
0.675855,-0.321281,-0.587421
0.674747,-0.318358,-0.586014
0.675766,-0.317157,-0.585463
0.677914,-0.312879,-0.585036
0.678238,-0.308718,-0.582803
0.677779,-0.307991,-0.581095
0.677723,-0.304704,-0.577449
0.676606,-0.303438,-0.576773
0.679281,-0.300961,-0.576488
0.677561,-0.299138,-0.573158
0.678693,-0.295433,-0.572594
0.678048,-0.292961,-0.571479
0.675817,-0.289539,-0.570018
0.679279,-0.287376,-0.568023
0.679148,-0.286119,-0.567138
0.680960,-0.282207,-0.565016
0.680534,-0.278011,-0.562270
0.679398,-0.279058,-0.562556
0.679026,-0.275326,-0.561205
0.679429,-0.273564,-0.556003
0.677991,-0.271111,-0.555794
0.680546,-0.266480,-0.556810
0.680092,-0.265137,-0.555617
0.681224,-0.263172,-0.551503
0.680514,-0.260068,-0.550367
0.680305,-0.259005,-0.550359
0.681809,-0.254990,-0.548016
0.681855,-0.252295,-0.547336
0.680731,-0.250766,-0.545822
0.681717,-0.247159,-0.541072
0.682418,-0.245657,-0.543086
0.682325,-0.241625,-0.541037
0.683372,-0.240677,-0.538387
0.683183,-0.236528,-0.536889
0.682616,-0.236623,-0.537453
0.679989,-0.235979,-0.536856
0.677377,-0.237516,-0.539525
0.676130,-0.236614,-0.539580
0.675942,-0.234972,-0.540353
0.673402,-0.234482,-0.540073
0.673673,-0.233320,-0.539636
0.670467,-0.231687,-0.540916
0.669886,-0.232565,-0.541296
0.668524,-0.230791,-0.542912
0.665547,-0.230668,-0.541443
0.662965,-0.230831,-0.543563
0.662433,-0.230202,-0.544378
0.661367,-0.229311,-0.545162
0.658702,-0.229323,-0.543740
0.659520,-0.226515,-0.547571
0.655592,-0.227776,-0.544300
0.655884,-0.225319,-0.545256
0.654293,-0.226308,-0.545627
0.655200,-0.225943,-0.545390
0.653159,-0.222492,-0.547700
0.650842,-0.223969,-0.545965
0.650430,-0.223287,-0.545870
0.648775,-0.221842,-0.548012
0.644384,-0.220447,-0.547860
0.645219,-0.219585,-0.548998
0.644230,-0.217362,-0.548832
0.643431,-0.217312,-0.549264
0.641138,-0.216537,-0.548642
0.641666,-0.216979,-0.548178
0.639649,-0.216477,-0.548588
0.637119,-0.216044,-0.548011
0.636523,-0.213166,-0.550783
0.635545,-0.213315,-0.550398
0.632504,-0.211457,-0.549394
0.633957,-0.211054,-0.547861
0.630263,-0.209890,-0.550021
0.631998,-0.209729,-0.550848
0.630666,-0.208228,-0.550941
0.627270,-0.207126,-0.550842
0.626952,-0.206067,-0.551429
0.624244,-0.207584,-0.551168
0.624460,-0.206098,-0.552613
0.623660,-0.203340,-0.551359
0.620811,-0.204212,-0.552006
0.619707,-0.201761,-0.552788
0.619843,-0.204362,-0.551662
0.618300,-0.200384,-0.553157
0.617068,-0.199356,-0.554741
0.614558,-0.197865,-0.553687
0.613067,-0.198480,-0.553966
0.614445,-0.197208,-0.552874
0.611379,-0.195049,-0.553518
0.609792,-0.193856,-0.555066
0.607630,-0.193825,-0.554199
0.608900,-0.191722,-0.556628
0.606482,-0.191758,-0.554784
0.604859,-0.190101,-0.556622
0.604237,-0.191722,-0.555390
0.602017,-0.188952,-0.556075
0.602479,-0.189810,-0.554042
0.598262,-0.189716,-0.557071
0.597296,-0.187100,-0.554871
0.596265,-0.186892,-0.553296
0.595352,-0.186485,-0.556384
0.596104,-0.184935,-0.557970
0.593182,-0.184255,-0.557308
0.592196,-0.182809,-0.557971
0.591660,-0.183718,-0.556848
0.587085,-0.181687,-0.558203
0.589337,-0.182176,-0.559541
0.586986,-0.180594,-0.558210
0.585181,-0.177403,-0.558185
0.582783,-0.177007,-0.558288
0.582169,-0.177141,-0.558514
0.581374,-0.176808,-0.560558
0.579614,-0.176682,-0.562928
0.577532,-0.176434,-0.560921
0.575279,-0.175511,-0.562167
0.575056,-0.174647,-0.561189
0.574325,-0.173222,-0.563534
0.570588,-0.174543,-0.563947
0.569503,-0.171492,-0.564206
0.569757,-0.171028,-0.565042
0.566274,-0.171266,-0.563812
0.566548,-0.171543,-0.564376
0.563759,-0.169503,-0.566481
0.560898,-0.167880,-0.566885
0.559519,-0.169337,-0.567827
0.558022,-0.167255,-0.569640
0.556812,-0.169909,-0.568863
0.554041,-0.167162,-0.569355
0.553196,-0.166279,-0.569583
0.551199,-0.166487,-0.572322
0.550317,-0.166858,-0.572833
0.549222,-0.163261,-0.573573
0.548368,-0.163523,-0.573712
0.544135,-0.163391,-0.574180
0.542996,-0.164451,-0.574442
0.539441,-0.163283,-0.575879
0.540015,-0.161558,-0.575477
0.536716,-0.162893,-0.577183
0.536053,-0.161625,-0.577022
0.534039,-0.160592,-0.578302
0.531921,-0.159409,-0.580113
0.529955,-0.160224,-0.580853
0.528081,-0.161563,-0.579911
0.525886,-0.161197,-0.583183
0.524469,-0.159703,-0.583734
0.522515,-0.159939,-0.584044
0.521108,-0.161258,-0.585540
0.519150,-0.160047,-0.585593
0.516708,-0.161437,-0.587013
0.514240,-0.160412,-0.587946
0.512394,-0.157634,-0.591322
0.510245,-0.158275,-0.591441
0.509211,-0.158563,-0.593098
0.505714,-0.158187,-0.594127
0.503984,-0.157721,-0.593841
0.498755,-0.158673,-0.596596
0.500211,-0.159739,-0.599037
0.495255,-0.158414,-0.598737
0.494307,-0.158744,-0.599263
0.494585,-0.158885,-0.601455
0.489153,-0.159352,-0.602416
0.487508,-0.158835,-0.604370
0.484282,-0.159798,-0.607611
0.482382,-0.159363,-0.607342
0.479043,-0.159133,-0.609942
0.478553,-0.159527,-0.610067
0.477243,-0.160177,-0.611488
0.472060,-0.159957,-0.612853
0.470722,-0.160054,-0.616533
0.465994,-0.159831,-0.616086
0.464881,-0.159271,-0.617820
0.461118,-0.159578,-0.620419
0.460600,-0.160820,-0.620961
0.458405,-0.160113,-0.623037
0.453997,-0.161141,-0.624697
0.452083,-0.161780,-0.626088
0.448553,-0.163492,-0.628414
0.446019,-0.163580,-0.629895
0.444010,-0.165905,-0.633141
0.438205,-0.165197,-0.635958
0.674885,-0.327157,-0.589627
0.672952,-0.323885,-0.589863
0.673370,-0.322346,-0.587686
0.674188,-0.317873,-0.584453
0.673628,-0.317376,-0.583155
0.675748,-0.314869,-0.582704
0.675048,-0.310455,-0.580739
0.674402,-0.308044,-0.580558
0.674704,-0.306698,-0.579721
0.676025,-0.304030,-0.576811
0.675325,-0.302282,-0.574831
0.676582,-0.298470,-0.573651
0.676825,-0.297432,-0.571778
0.677963,-0.292699,-0.570890
0.677780,-0.291961,-0.569533
0.677345,-0.288516,-0.566807
0.676111,-0.285901,-0.567408
0.680238,-0.285435,-0.564559
0.678957,-0.280916,-0.561019
0.678655,-0.278596,-0.560228
0.678132,-0.278284,-0.559029
0.677710,-0.273080,-0.557212
0.676989,-0.271121,-0.555992
0.677074,-0.269909,-0.554615
0.678214,-0.265227,-0.551987
0.679169,-0.264125,-0.552119
0.680023,-0.260997,-0.548200
0.680411,-0.258639,-0.548898
0.679716,-0.255694,-0.546989
0.680631,-0.254736,-0.544147
0.680617,-0.250744,-0.543923
0.680041,-0.250600,-0.540348
0.680512,-0.245491,-0.540583
0.681955,-0.244380,-0.538224
0.682245,-0.241617,-0.538271
0.681074,-0.239791,-0.538443
0.678123,-0.238914,-0.536795
0.679110,-0.238502,-0.538836
0.675015,-0.236789,-0.539525
0.675160,-0.237945,-0.536532
0.672973,-0.235367,-0.538626
0.672151,-0.233956,-0.537856
0.671026,-0.236769,-0.540253
0.670256,-0.235445,-0.539348
0.668017,-0.233848,-0.542683
0.663063,-0.232053,-0.541376
0.665136,-0.234371,-0.540552
0.663399,-0.231698,-0.541699
0.660986,-0.229828,-0.541868
0.660479,-0.230092,-0.541316
0.658521,-0.228278,-0.543107
0.657586,-0.228517,-0.543171
0.657717,-0.227813,-0.545419
0.657572,-0.228222,-0.541287
0.654872,-0.226243,-0.543720
0.652304,-0.226718,-0.543927
0.651831,-0.224598,-0.546861
0.649019,-0.222374,-0.544268
0.648393,-0.223696,-0.546029
0.647760,-0.223556,-0.546483
0.647082,-0.221782,-0.545233
0.646146,-0.220426,-0.546294
0.642446,-0.219525,-0.548914
0.641933,-0.217212,-0.549855
0.643078,-0.217721,-0.547721
0.639072,-0.217405,-0.546156
0.637298,-0.216867,-0.547793
0.637143,-0.215041,-0.549411
0.634517,-0.214667,-0.548280
0.634238,-0.212831,-0.546596
0.633981,-0.213063,-0.547087
0.633084,-0.210728,-0.548724
0.631952,-0.209576,-0.549758
0.629510,-0.208872,-0.549881
0.628367,-0.211012,-0.549723
0.626966,-0.208857,-0.550329
0.626505,-0.206985,-0.549864
0.623915,-0.206265,-0.549339
0.621138,-0.205323,-0.550447
0.622871,-0.205610,-0.549964
0.620854,-0.204081,-0.550555
0.619288,-0.201782,-0.550290
0.619658,-0.201905,-0.551679
0.615007,-0.201585,-0.550725
0.615359,-0.200025,-0.549551
0.614446,-0.199743,-0.552585
0.612428,-0.198474,-0.551084
0.610864,-0.198067,-0.552162
0.611084,-0.197058,-0.552711
0.610052,-0.196077,-0.552522
0.606881,-0.194989,-0.553851
0.607927,-0.194577,-0.554185
0.606745,-0.193438,-0.553393
0.603885,-0.192727,-0.553577
0.602948,-0.191259,-0.551816
0.600848,-0.191281,-0.553201
0.598223,-0.189252,-0.553995
0.598738,-0.189867,-0.555025
0.599252,-0.186951,-0.554176
0.594723,-0.188106,-0.556510
0.593970,-0.186318,-0.554911
0.593141,-0.185294,-0.555627
0.590358,-0.184966,-0.554654
0.592506,-0.184573,-0.556391
0.587811,-0.184852,-0.557084
0.589057,-0.184848,-0.557211
0.584564,-0.181720,-0.556590
0.585335,-0.181613,-0.557025
0.583351,-0.180878,-0.558303
0.583144,-0.179695,-0.556518
0.583196,-0.178120,-0.558276
0.579364,-0.176767,-0.559434
0.578444,-0.175993,-0.560188
0.576487,-0.175424,-0.560821
0.574868,-0.174707,-0.560792
0.573406,-0.173967,-0.561980
0.571548,-0.174001,-0.563711
0.571597,-0.173192,-0.559851
0.568935,-0.172707,-0.562992
0.567146,-0.172927,-0.562022
0.564473,-0.171287,-0.561916
0.565758,-0.172962,-0.564077
0.561904,-0.170632,-0.564452
0.561683,-0.172049,-0.564415
0.559008,-0.170811,-0.567286
0.556636,-0.170771,-0.566859
0.557146,-0.169370,-0.571274
0.554031,-0.168314,-0.568915
0.553930,-0.166876,-0.570024
0.551997,-0.166666,-0.568597
0.551116,-0.165935,-0.571428
0.549338,-0.165601,-0.572469
0.544401,-0.165441,-0.571854
0.544271,-0.163770,-0.571880
0.542826,-0.165752,-0.572957
0.542595,-0.163751,-0.575788
0.538766,-0.161605,-0.573056
0.536805,-0.163481,-0.574201
0.537640,-0.162218,-0.574835
0.533632,-0.162213,-0.577150
0.531585,-0.161994,-0.576643
0.530180,-0.159837,-0.577808
0.527382,-0.162534,-0.581675
0.525035,-0.160559,-0.580134
0.523277,-0.161526,-0.583589
0.522685,-0.159619,-0.582788
0.520092,-0.161797,-0.584813
0.519094,-0.161097,-0.585597
0.517336,-0.162101,-0.585436
0.512966,-0.161766,-0.588235
0.512715,-0.160960,-0.590416
0.509302,-0.160848,-0.591413
0.507620,-0.160195,-0.588874
0.506675,-0.159099,-0.594780
0.502330,-0.158684,-0.590537
0.499202,-0.159755,-0.594477
0.497958,-0.158126,-0.594613
0.494676,-0.158759,-0.597739
0.492081,-0.159465,-0.598195
0.490297,-0.158929,-0.598736
0.488959,-0.159207,-0.598579
0.487719,-0.160536,-0.602515
0.484715,-0.159179,-0.603431
0.483154,-0.159451,-0.604606
0.479242,-0.158420,-0.607622
0.479183,-0.159750,-0.607668
0.474988,-0.160432,-0.610504
0.472766,-0.159629,-0.609812
0.470012,-0.158843,-0.611774
0.467816,-0.160728,-0.613379
0.465125,-0.160691,-0.614978
0.462338,-0.160389,-0.617957
0.459171,-0.161863,-0.620117
0.456526,-0.162554,-0.620370
0.456353,-0.163806,-0.623349
0.449314,-0.162255,-0.624833
0.448863,-0.163420,-0.628834
0.444186,-0.163596,-0.630858
0.440231,-0.164834,-0.631713
0.439985,-0.165460,-0.632742
0.674186,-0.330198,-0.588394
0.673749,-0.326964,-0.588027
0.673015,-0.324465,-0.586546
0.674307,-0.321973,-0.586321
0.672835,-0.318557,-0.584085
0.673952,-0.315893,-0.583318
0.676253,-0.314712,-0.581058
0.674629,-0.308020,-0.577608
0.675029,-0.308492,-0.576778
0.675417,-0.307406,-0.575944
0.674248,-0.302146,-0.574448
0.675304,-0.302120,-0.571943
0.676969,-0.296526,-0.570773
0.675925,-0.296445,-0.569585
0.675429,-0.293878,-0.567791
0.675562,-0.290001,-0.566718
0.676554,-0.287213,-0.565649
0.677870,-0.284633,-0.563156
0.677193,-0.285767,-0.561062
0.676240,-0.280258,-0.561249
0.677002,-0.277015,-0.559510
0.677648,-0.275825,-0.556723
0.677777,-0.274088,-0.556140
0.678425,-0.270139,-0.555433
0.677911,-0.267437,-0.551968
0.677516,-0.265529,-0.550934
0.680599,-0.261948,-0.549514
0.677806,-0.260924,-0.548530
0.678889,-0.258039,-0.545325
0.678437,-0.255719,-0.543522
0.677351,-0.252769,-0.543586
0.679057,-0.250448,-0.542726
0.678444,-0.248843,-0.540512
0.680509,-0.245854,-0.537262
0.680696,-0.243787,-0.536870
0.679778,-0.241548,-0.534013
0.681187,-0.237482,-0.534582
0.678232,-0.237814,-0.534870
0.676144,-0.238482,-0.536966
0.673922,-0.238148,-0.537679
0.674758,-0.237772,-0.537792
0.671749,-0.236322,-0.536463
0.670080,-0.235773,-0.537770
0.667900,-0.234386,-0.539957
0.667618,-0.232449,-0.539536
0.666596,-0.233009,-0.537836
0.663380,-0.233112,-0.539850
0.662417,-0.233208,-0.540503
0.660804,-0.231476,-0.542593
0.659180,-0.230281,-0.542819
0.660028,-0.230004,-0.542256
0.657334,-0.231707,-0.543150
0.655313,-0.226856,-0.542180
0.654261,-0.228913,-0.541380
0.654033,-0.226781,-0.543781
0.650839,-0.225345,-0.542805
0.647653,-0.226142,-0.542146
0.650926,-0.223370,-0.542469
0.648524,-0.224644,-0.544799
0.646622,-0.223218,-0.545477
0.644922,-0.222268,-0.545122
0.643699,-0.223040,-0.546199
0.643325,-0.221216,-0.544984
0.640963,-0.221824,-0.543746
0.639421,-0.219658,-0.547707
0.639501,-0.217003,-0.547209
0.636958,-0.215362,-0.547329
0.637664,-0.216553,-0.546477
0.636239,-0.216770,-0.545861
0.633538,-0.214487,-0.546869
0.633028,-0.216164,-0.546348
0.630245,-0.212552,-0.548407
0.629800,-0.210515,-0.547031
0.629560,-0.210077,-0.548989
0.627219,-0.209949,-0.548667
0.625481,-0.207141,-0.547560
0.626361,-0.208437,-0.548554
0.624768,-0.207966,-0.547440
0.622722,-0.205252,-0.550005
0.622913,-0.205714,-0.550460
0.619363,-0.206391,-0.550258
0.619282,-0.203564,-0.549111
0.616797,-0.202661,-0.549254
0.617293,-0.200825,-0.548967
0.615051,-0.201246,-0.550011
0.612879,-0.198432,-0.553221
0.612463,-0.200790,-0.551334
0.611332,-0.197834,-0.551766
0.609722,-0.198863,-0.550403
0.610603,-0.198389,-0.551578
0.606164,-0.194304,-0.551361
0.606377,-0.195674,-0.551458
0.604858,-0.194040,-0.551044
0.603818,-0.191934,-0.551194
0.602217,-0.193333,-0.550347
0.602507,-0.192590,-0.551151
0.599533,-0.191056,-0.553397
0.596714,-0.189332,-0.552541
0.596818,-0.188053,-0.555447
0.593774,-0.187172,-0.552381
0.593711,-0.186227,-0.553975
0.592128,-0.186581,-0.554804
0.590906,-0.185774,-0.555734
0.589742,-0.184750,-0.556917
0.589502,-0.183552,-0.556142
0.587056,-0.184904,-0.553747
0.585934,-0.181571,-0.556554
0.584407,-0.182791,-0.556236
0.583554,-0.182378,-0.557991
0.581665,-0.178003,-0.555180
0.582754,-0.179004,-0.558538
0.577740,-0.177836,-0.558710
0.579522,-0.177043,-0.559690
0.577298,-0.177179,-0.558255
0.573717,-0.176690,-0.558771
0.573203,-0.174599,-0.560367
0.571607,-0.174975,-0.559336
0.571461,-0.172593,-0.560106
0.567048,-0.173570,-0.561249
0.569449,-0.172747,-0.560810
0.565229,-0.172501,-0.563502
0.563858,-0.173095,-0.561460
0.562125,-0.172492,-0.563807
0.560588,-0.173298,-0.565080
0.557785,-0.170505,-0.565056
0.556983,-0.170923,-0.565239
0.555613,-0.169910,-0.566666
0.552641,-0.167992,-0.565756
0.552033,-0.168282,-0.568448
0.550432,-0.166787,-0.567591
0.548815,-0.166894,-0.568803
0.546426,-0.167331,-0.568371
0.545554,-0.166364,-0.569661
0.544481,-0.163537,-0.570957
0.541758,-0.163256,-0.569542
0.539476,-0.162260,-0.572646
0.540757,-0.165432,-0.570427
0.537570,-0.163060,-0.573016
0.536914,-0.162966,-0.576431
0.534088,-0.163611,-0.574874
0.531096,-0.162041,-0.575917
0.528283,-0.163353,-0.577135
0.526596,-0.161376,-0.577645
0.525457,-0.161764,-0.579517
0.522577,-0.162072,-0.579225
0.520081,-0.161318,-0.580958
0.520157,-0.160630,-0.583598
0.518064,-0.160757,-0.584132
0.514672,-0.161213,-0.585533
0.514496,-0.159501,-0.584815
0.511023,-0.163420,-0.585953
0.510542,-0.160895,-0.586703
0.507910,-0.158537,-0.589522
0.504432,-0.160934,-0.588873
0.502186,-0.161073,-0.591382
0.500273,-0.160637,-0.593581
0.496541,-0.160711,-0.591589
0.496112,-0.159883,-0.595343
0.493185,-0.160312,-0.595088
0.491353,-0.161286,-0.598212
0.489103,-0.160710,-0.599954
0.486794,-0.160403,-0.602500
0.484117,-0.159310,-0.601211
0.481232,-0.159709,-0.602962
0.479293,-0.160127,-0.603869
0.476803,-0.160505,-0.606340
0.474072,-0.161651,-0.607238
0.472441,-0.161822,-0.611206
0.470054,-0.161369,-0.611507
0.466065,-0.160421,-0.609785
0.464148,-0.160784,-0.614097
0.463077,-0.162021,-0.615509
0.457536,-0.162411,-0.617725
0.456092,-0.160772,-0.620356
0.454990,-0.162458,-0.620228
0.450430,-0.163400,-0.622742
0.447333,-0.162737,-0.627652
0.443753,-0.164451,-0.628358
0.442315,-0.165939,-0.629296
0.437122,-0.165058,-0.633690
0.672005,-0.329572,-0.588031
0.672976,-0.327713,-0.586236
0.670683,-0.324818,-0.588072
0.672295,-0.322985,-0.584298
0.670917,-0.319054,-0.583437
0.670867,-0.316859,-0.581882
0.673164,-0.313413,-0.579111
0.674564,-0.312404,-0.578938
0.673847,-0.309364,-0.575653
0.673955,-0.306548,-0.576391
0.673791,-0.302743,-0.573360
0.674169,-0.301073,-0.572114
0.674662,-0.298845,-0.570090
0.675276,-0.297223,-0.569052
0.675994,-0.294815,-0.569028
0.676293,-0.291906,-0.565236
0.674159,-0.288595,-0.565531
0.675000,-0.287198,-0.563046
0.673039,-0.284063,-0.561022
0.674543,-0.279494,-0.558777
0.674154,-0.279540,-0.557211
0.675811,-0.275647,-0.557257
0.677245,-0.275780,-0.554996
0.676800,-0.271963,-0.554256
0.676870,-0.269645,-0.552283
0.676420,-0.266740,-0.551668
0.677156,-0.265475,-0.549980
0.676219,-0.263697,-0.546207
0.678364,-0.259182,-0.544797
0.676146,-0.255541,-0.542695
0.676709,-0.253715,-0.542348
0.678166,-0.252183,-0.541867
0.678190,-0.251847,-0.538901
0.678040,-0.247632,-0.536412
0.676848,-0.245094,-0.535812
0.677767,-0.240606,-0.534740
0.678017,-0.238391,-0.533418
0.677677,-0.241049,-0.534467
0.674916,-0.238576,-0.536157
0.673941,-0.238405,-0.535739
0.672182,-0.238928,-0.535481
0.670765,-0.237694,-0.537611
0.670504,-0.238623,-0.537760
0.666721,-0.235380,-0.536837
0.666116,-0.235620,-0.537320
0.664551,-0.236101,-0.538035
0.664501,-0.234849,-0.537770
0.661770,-0.234201,-0.539213
0.658540,-0.232396,-0.539855
0.657412,-0.232346,-0.538540
0.658112,-0.232176,-0.540803
0.656259,-0.232254,-0.542547
0.657455,-0.230966,-0.540977
0.653926,-0.227251,-0.542714
0.653154,-0.227895,-0.541285
0.651388,-0.227091,-0.542439
0.651055,-0.225917,-0.543483
0.649404,-0.226237,-0.543202
0.646397,-0.225739,-0.543758
0.643128,-0.226467,-0.545102
0.643319,-0.223253,-0.545333
0.643208,-0.222256,-0.545382
0.642257,-0.222203,-0.543315
0.640064,-0.221487,-0.543527
0.639114,-0.219732,-0.545222
0.636921,-0.218152,-0.545611
0.636957,-0.219091,-0.545353
0.635034,-0.215729,-0.545713
0.633960,-0.216068,-0.544523
0.631940,-0.214808,-0.544659
0.632227,-0.215160,-0.548151
0.631464,-0.212350,-0.544993
0.628463,-0.213251,-0.546079
0.627916,-0.211517,-0.547592
0.627273,-0.211436,-0.546433
0.625001,-0.211298,-0.546316
0.625636,-0.210040,-0.545949
0.624187,-0.208658,-0.548216
0.620557,-0.205913,-0.547120
0.620223,-0.205314,-0.547790
0.620259,-0.205668,-0.548836
0.618043,-0.204697,-0.548497
0.615369,-0.203638,-0.548572
0.616383,-0.203198,-0.548159
0.614728,-0.201364,-0.549245
0.610994,-0.200809,-0.548156
0.613215,-0.197742,-0.549403
0.609645,-0.199690,-0.548151
0.608743,-0.198402,-0.549789
0.608365,-0.196888,-0.550389
0.606410,-0.197917,-0.549831
0.606857,-0.195133,-0.549137
0.603693,-0.195627,-0.550642
0.601177,-0.193631,-0.552031
0.602099,-0.195244,-0.550313
0.601142,-0.191737,-0.551699
0.598821,-0.191650,-0.549553
0.595575,-0.191307,-0.552359
0.595984,-0.190338,-0.553027
0.596180,-0.191270,-0.553375
0.592944,-0.189173,-0.552887
0.593088,-0.187063,-0.553110
0.591489,-0.186489,-0.555416
0.589605,-0.186346,-0.555720
0.588578,-0.185987,-0.553838
0.585758,-0.184361,-0.553578
0.585217,-0.182965,-0.556007
0.584828,-0.182512,-0.553493
0.583805,-0.180354,-0.554874
0.580325,-0.180263,-0.556560
0.580286,-0.179531,-0.555978
0.580304,-0.179238,-0.556568
0.575607,-0.179104,-0.557625
0.574409,-0.177092,-0.557969
0.573213,-0.176901,-0.557726
0.572869,-0.177648,-0.558660
0.571194,-0.174045,-0.559241
0.571423,-0.174718,-0.557252
0.567832,-0.174357,-0.560502
0.566645,-0.174336,-0.562254
0.564039,-0.174762,-0.561929
0.563718,-0.174605,-0.562586
0.561241,-0.173308,-0.563020
0.561544,-0.171758,-0.562948
0.558293,-0.172312,-0.562185
0.555084,-0.170802,-0.564624
0.554666,-0.170576,-0.565702
0.553681,-0.170268,-0.564485
0.551948,-0.170516,-0.565101
0.550758,-0.168667,-0.567507
0.547506,-0.166628,-0.566696
0.548127,-0.167385,-0.567581
0.543795,-0.165911,-0.569172
0.542252,-0.168161,-0.567953
0.542836,-0.166527,-0.569142
0.541996,-0.164169,-0.569891
0.536210,-0.165130,-0.571407
0.536779,-0.163054,-0.572767
0.532392,-0.163153,-0.573903
0.533229,-0.162067,-0.572368
0.531054,-0.163472,-0.574270
0.528053,-0.163166,-0.576779
0.525984,-0.162525,-0.576491
0.525405,-0.162350,-0.577344
0.522098,-0.161906,-0.577717
0.520178,-0.162140,-0.579592
0.517340,-0.163831,-0.580024
0.516768,-0.161878,-0.583218
0.514711,-0.161992,-0.582933
0.514588,-0.161224,-0.585360
0.510971,-0.159954,-0.585532
0.509388,-0.161748,-0.587886
0.506298,-0.162227,-0.587494
0.504738,-0.158741,-0.588612
0.503945,-0.159652,-0.590715
0.498720,-0.159713,-0.590534
0.496781,-0.161185,-0.593061
0.493696,-0.161063,-0.595644
0.493534,-0.161202,-0.593906
0.487876,-0.159599,-0.597115
0.488900,-0.161103,-0.598690
0.485519,-0.162090,-0.598297
0.483587,-0.162289,-0.599132
0.478781,-0.160224,-0.603417
0.478377,-0.160787,-0.603799
0.478209,-0.160928,-0.603278
0.474591,-0.161383,-0.607534
0.470067,-0.162238,-0.609208
0.468868,-0.162342,-0.609244
0.467435,-0.160952,-0.611565
0.463308,-0.161203,-0.613418
0.460637,-0.162474,-0.616018
0.456223,-0.163076,-0.616203
0.455970,-0.163118,-0.618850
0.452646,-0.164380,-0.620393
0.448103,-0.162742,-0.621813
0.446998,-0.165213,-0.624477
0.441805,-0.166360,-0.629146
0.438911,-0.166237,-0.627782
0.437091,-0.167834,-0.632336
0.670635,-0.331637,-0.587663
0.669026,-0.329948,-0.585559
0.671525,-0.325947,-0.583644
0.672506,-0.324001,-0.584381
0.670986,-0.320268,-0.580908
0.672417,-0.319335,-0.579146
0.670587,-0.314843,-0.581618
0.671279,-0.314404,-0.579284
0.673198,-0.311661,-0.574804
0.671298,-0.310432,-0.574513
0.671654,-0.304514,-0.572551
0.672477,-0.305608,-0.569434
0.674276,-0.302091,-0.569763
0.674524,-0.297900,-0.568790
0.670277,-0.297871,-0.566283
0.673299,-0.291477,-0.565281
0.673117,-0.289634,-0.562909
0.674897,-0.287703,-0.560431
0.674015,-0.285714,-0.561654
0.674027,-0.284482,-0.557716
0.674946,-0.281455,-0.558241
0.675865,-0.275768,-0.553266
0.674631,-0.275590,-0.554419
0.674500,-0.272851,-0.551799
0.675017,-0.270794,-0.551515
0.674786,-0.268905,-0.550406
0.674877,-0.265804,-0.547865
0.676516,-0.264532,-0.545346
0.676243,-0.260685,-0.544369
0.676684,-0.257184,-0.543140
0.677601,-0.256815,-0.542478
0.676144,-0.253052,-0.540944
0.676380,-0.251138,-0.540645
0.678258,-0.247787,-0.537035
0.675952,-0.247042,-0.537549
0.676837,-0.244864,-0.532913
0.677094,-0.240681,-0.531864
0.675407,-0.239700,-0.532550
0.673580,-0.241521,-0.532952
0.671761,-0.237983,-0.532627
0.672413,-0.239643,-0.533280
0.670376,-0.238317,-0.536318
0.666224,-0.237234,-0.534833
0.667563,-0.236500,-0.537221
0.666650,-0.235890,-0.537625
0.662690,-0.235510,-0.536546
0.663126,-0.233956,-0.537794
0.660970,-0.232718,-0.536649
0.659728,-0.235182,-0.540295
0.655892,-0.232726,-0.537672
0.656857,-0.231605,-0.539766
0.656062,-0.229980,-0.538790
0.654101,-0.230702,-0.540492
0.652680,-0.229096,-0.540449
0.651563,-0.229212,-0.540256
0.648418,-0.228902,-0.540059
0.649761,-0.228349,-0.540886
0.647115,-0.225763,-0.543213
0.645196,-0.224721,-0.541518
0.644781,-0.224762,-0.540902
0.641872,-0.225963,-0.541830
0.642323,-0.222277,-0.542085
0.639795,-0.222116,-0.542584
0.638669,-0.221958,-0.544733
0.638215,-0.222456,-0.542244
0.637182,-0.218345,-0.544017
0.637133,-0.217477,-0.543347
0.636742,-0.219873,-0.546295
0.634293,-0.214959,-0.543789
0.634052,-0.216607,-0.544765
0.630673,-0.214773,-0.543953
0.628800,-0.212940,-0.546916
0.628843,-0.214128,-0.544898
0.627965,-0.214249,-0.544414
0.626415,-0.211871,-0.545747
0.625918,-0.211171,-0.546009
0.625360,-0.209284,-0.547967
0.623068,-0.210452,-0.547023
0.620510,-0.206835,-0.547304
0.619863,-0.208067,-0.547410
0.617778,-0.206365,-0.545921
0.616235,-0.205093,-0.547014
0.615782,-0.203019,-0.546577
0.612556,-0.204282,-0.548041
0.614775,-0.201791,-0.547902
0.611549,-0.202179,-0.547781
0.612306,-0.200965,-0.545179
0.610715,-0.199050,-0.547908
0.607571,-0.197701,-0.548580
0.608469,-0.197801,-0.550267
0.605978,-0.198768,-0.547165
0.605444,-0.196565,-0.548052
0.602311,-0.195734,-0.548948
0.602031,-0.194864,-0.550748
0.598688,-0.193802,-0.548703
0.599866,-0.191816,-0.550749
0.597728,-0.191890,-0.549370
0.597149,-0.193532,-0.551321
0.594561,-0.189793,-0.551421
0.593937,-0.189872,-0.552167
0.590959,-0.188822,-0.551279
0.590896,-0.186810,-0.551211
0.590098,-0.187578,-0.551371
0.586479,-0.187500,-0.550956
0.585670,-0.184976,-0.553529
0.587451,-0.183140,-0.553896
0.583400,-0.184738,-0.553832
0.583600,-0.182930,-0.553723
0.581890,-0.182525,-0.555505
0.580197,-0.180973,-0.554052
0.580483,-0.179498,-0.555107
0.577298,-0.179573,-0.554251
0.576780,-0.179878,-0.557695
0.573329,-0.177857,-0.555535
0.572820,-0.178148,-0.556293
0.571418,-0.177442,-0.558132
0.571390,-0.176615,-0.558168
0.570785,-0.175293,-0.557177
0.566741,-0.175833,-0.559134
0.566160,-0.174043,-0.558718
0.562840,-0.176424,-0.559428
0.563382,-0.173232,-0.559705
0.560560,-0.172547,-0.562455
0.558405,-0.171569,-0.561271
0.556534,-0.170747,-0.561434
0.556053,-0.170451,-0.561524
0.553598,-0.170228,-0.562803
0.551205,-0.169213,-0.564030
0.551005,-0.168376,-0.563560
0.548900,-0.168789,-0.566823
0.544933,-0.170105,-0.563705
0.545594,-0.167069,-0.566649
0.544172,-0.167297,-0.566514
0.541048,-0.168407,-0.566429
0.541259,-0.165816,-0.567999
0.541677,-0.167060,-0.568823
0.537275,-0.165111,-0.568850
0.535446,-0.162848,-0.571182
0.535148,-0.165167,-0.571019
0.531401,-0.163326,-0.572703
0.531233,-0.163567,-0.572439
0.528149,-0.164593,-0.574637
0.525505,-0.163341,-0.574238
0.522557,-0.163862,-0.578567
0.522215,-0.163874,-0.576488
0.521138,-0.162744,-0.577618
0.518278,-0.162000,-0.578462
0.514913,-0.161056,-0.578981
0.514567,-0.162859,-0.581204
0.512156,-0.161549,-0.581240
0.509201,-0.162252,-0.582042
0.508148,-0.162717,-0.586621
0.504931,-0.161888,-0.587781
0.502107,-0.161358,-0.586898
0.501238,-0.159547,-0.588833
0.498132,-0.162374,-0.589878
0.497413,-0.161886,-0.591629
0.491780,-0.160634,-0.593684
0.492084,-0.162899,-0.593516
0.489248,-0.160620,-0.595082
0.487321,-0.161101,-0.597952
0.484255,-0.163469,-0.596242
0.483160,-0.162279,-0.598369
0.480377,-0.161898,-0.599751
0.477286,-0.161390,-0.603685
0.475207,-0.161084,-0.603040
0.472194,-0.162131,-0.604690
0.469864,-0.163098,-0.605831
0.468209,-0.162142,-0.607311
0.464958,-0.163717,-0.608904
0.461668,-0.161620,-0.611437
0.460571,-0.163010,-0.612443
0.457479,-0.163963,-0.615750
0.455159,-0.163841,-0.618342
0.453499,-0.162889,-0.619705
0.450202,-0.164677,-0.619285
0.445103,-0.165759,-0.622305
0.441423,-0.166331,-0.624461
0.438832,-0.167415,-0.627986
0.436738,-0.166844,-0.628758
0.669571,-0.332773,-0.585426
0.668968,-0.331173,-0.587164
0.670465,-0.327418,-0.586145
0.670725,-0.325746,-0.585559
0.669378,-0.323032,-0.583001
0.668729,-0.320605,-0.580088
0.670229,-0.317468,-0.577191
0.669414,-0.313152,-0.577742
0.670112,-0.313825,-0.575552
0.671652,-0.310057,-0.573201
0.671574,-0.308018,-0.572597
0.669305,-0.305777,-0.570593
0.671209,-0.301919,-0.569204
0.672426,-0.297174,-0.567513
0.670758,-0.298133,-0.563203
0.671654,-0.295003,-0.566029
0.673053,-0.291160,-0.560926
0.671977,-0.288660,-0.560999
0.673119,-0.288574,-0.561115
0.670906,-0.285466,-0.557577
0.672520,-0.281511,-0.555942
0.672502,-0.278096,-0.554848
0.673221,-0.277811,-0.553413
0.673407,-0.274722,-0.552817
0.673888,-0.272631,-0.549510
0.674664,-0.269577,-0.546229
0.673895,-0.267695,-0.546431
0.673974,-0.262712,-0.547144
0.673503,-0.261495,-0.545387
0.674161,-0.259605,-0.543013
0.673923,-0.257694,-0.541363
0.676400,-0.255453,-0.538376
0.675445,-0.253916,-0.538278
0.675316,-0.250311,-0.537424
0.675896,-0.247239,-0.533745
0.675553,-0.245707,-0.533655
0.674469,-0.241913,-0.531645
0.675066,-0.240756,-0.532093
0.673413,-0.241594,-0.532905
0.673057,-0.239611,-0.533945
0.670255,-0.237750,-0.534952
0.669769,-0.238790,-0.534191
0.667913,-0.239542,-0.534844
0.667531,-0.237943,-0.534151
0.665751,-0.237321,-0.534136
0.662521,-0.235314,-0.537206
0.662452,-0.235042,-0.536129
0.660768,-0.235081,-0.539374
0.656446,-0.232221,-0.538785
0.657279,-0.233105,-0.536635
0.657322,-0.231835,-0.537574
0.656926,-0.231919,-0.538682
0.653382,-0.231553,-0.539650
0.650984,-0.230865,-0.538843
0.650222,-0.229032,-0.540367
0.647894,-0.229869,-0.538171
0.648549,-0.228833,-0.540296
0.645376,-0.226509,-0.538869
0.645519,-0.227193,-0.541682
0.643672,-0.227177,-0.540497
0.642585,-0.223947,-0.540461
0.641590,-0.223479,-0.543281
0.640646,-0.223625,-0.542468
0.639794,-0.223089,-0.540572
0.637574,-0.221475,-0.541987
0.635808,-0.221834,-0.541959
0.635289,-0.220479,-0.542845
0.634793,-0.218468,-0.542758
0.632624,-0.216716,-0.543496
0.632573,-0.217639,-0.544221
0.629031,-0.215900,-0.543082
0.629086,-0.216077,-0.544857
0.627588,-0.214729,-0.544348
0.624625,-0.213457,-0.544740
0.624583,-0.212760,-0.544319
0.624343,-0.210988,-0.543643
0.621911,-0.212119,-0.545299
0.622652,-0.208745,-0.543340
0.618522,-0.208309,-0.544631
0.618874,-0.208195,-0.545757
0.614876,-0.205930,-0.546593
0.615766,-0.206793,-0.544647
0.614955,-0.206311,-0.547005
0.613980,-0.203617,-0.545896
0.611844,-0.203851,-0.545334
0.611147,-0.202401,-0.545675
0.610649,-0.203231,-0.547231
0.608165,-0.200174,-0.546820
0.606196,-0.200313,-0.547269
0.604970,-0.199511,-0.548704
0.606256,-0.199401,-0.547639
0.602657,-0.197345,-0.547900
0.602686,-0.196730,-0.548163
0.601108,-0.196221,-0.549079
0.600330,-0.194169,-0.549869
0.598928,-0.192167,-0.548856
0.596552,-0.192007,-0.548030
0.597856,-0.194351,-0.549307
0.593966,-0.192244,-0.551629
0.592919,-0.190332,-0.550419
0.592093,-0.188471,-0.549520
0.589535,-0.189013,-0.552911
0.590248,-0.187853,-0.549550
0.585846,-0.186500,-0.550568
0.584954,-0.186555,-0.551986
0.585982,-0.187188,-0.552964
0.584025,-0.186020,-0.550889
0.582888,-0.186043,-0.552589
0.582296,-0.182892,-0.554351
0.579379,-0.183461,-0.553136
0.579465,-0.180275,-0.553344
0.578361,-0.179005,-0.552235
0.574606,-0.180551,-0.553258
0.575360,-0.180110,-0.554371
0.573447,-0.178464,-0.555236
0.570961,-0.177017,-0.553505
0.569634,-0.176095,-0.555668
0.567201,-0.175571,-0.555691
0.565857,-0.173049,-0.557061
0.562261,-0.173649,-0.556240
0.564294,-0.174567,-0.557360
0.560837,-0.174776,-0.558592
0.559100,-0.174621,-0.559104
0.557521,-0.173364,-0.561518
0.555963,-0.172321,-0.559285
0.554599,-0.171713,-0.560679
0.554427,-0.171740,-0.561725
0.551999,-0.169184,-0.562554
0.549690,-0.171016,-0.560614
0.547285,-0.169268,-0.563642
0.546560,-0.167916,-0.563918
0.544571,-0.168623,-0.565301
0.543220,-0.167738,-0.566331
0.540751,-0.168377,-0.566371
0.541463,-0.166181,-0.564795
0.538111,-0.166125,-0.566672
0.537181,-0.167498,-0.567599
0.535353,-0.163362,-0.568141
0.533486,-0.166173,-0.569492
0.528795,-0.165803,-0.569946
0.529146,-0.167178,-0.569395
0.528177,-0.164467,-0.571306
0.523214,-0.164774,-0.573739
0.522396,-0.162583,-0.574570
0.524536,-0.161914,-0.576775
0.518099,-0.162935,-0.576063
0.517898,-0.161498,-0.577573
0.515581,-0.161108,-0.579778
0.514279,-0.162446,-0.579092
0.511622,-0.162636,-0.580113
0.508464,-0.161719,-0.582986
0.506153,-0.160613,-0.581653
0.505780,-0.162747,-0.584035
0.501809,-0.161701,-0.585137
0.500728,-0.162515,-0.586133
0.499463,-0.161360,-0.589569
0.494312,-0.162241,-0.588034
0.493623,-0.162976,-0.590078
0.490978,-0.160958,-0.591573
0.490117,-0.161690,-0.594350
0.486666,-0.162405,-0.596195
0.484929,-0.161891,-0.596192
0.481754,-0.162288,-0.597539
0.479928,-0.162610,-0.598557
0.476482,-0.161346,-0.599804
0.475220,-0.161970,-0.601204
0.471345,-0.163182,-0.604713
0.469213,-0.161952,-0.604323
0.467361,-0.162551,-0.606531
0.466024,-0.161716,-0.609209
0.463340,-0.162681,-0.610788
0.458984,-0.162057,-0.611338
0.457319,-0.163632,-0.612176
0.452954,-0.162945,-0.613527
0.452336,-0.166192,-0.616635
0.449126,-0.165502,-0.618738
0.445254,-0.165427,-0.622096
0.443471,-0.167609,-0.621389
0.438997,-0.168496,-0.625032
0.436368,-0.167657,-0.627790
0.669085,-0.332020,-0.585703
0.667588,-0.329180,-0.584310
0.666333,-0.326453,-0.583293
0.669034,-0.323755,-0.580879
0.670704,-0.322657,-0.578845
0.669207,-0.319644,-0.578037
0.669327,-0.314366,-0.575350
0.669499,-0.314314,-0.573541
0.670263,-0.311122,-0.574627
0.670826,-0.308930,-0.570515
0.671528,-0.306387,-0.570640
0.670504,-0.305273,-0.568304
0.670955,-0.301373,-0.565833
0.670656,-0.298398,-0.563782
0.670641,-0.296812,-0.564067
0.669385,-0.293014,-0.561286
0.670159,-0.291145,-0.560183
0.670205,-0.288777,-0.559559
0.672948,-0.283964,-0.557839
0.672192,-0.284603,-0.556184
0.674067,-0.280884,-0.554700
0.672520,-0.279682,-0.551717
0.673243,-0.276837,-0.551334
0.672727,-0.274469,-0.552185
0.674250,-0.270755,-0.547014
0.674010,-0.268784,-0.547641
0.673220,-0.265062,-0.545958
0.673456,-0.261777,-0.541154
0.673199,-0.261685,-0.540383
0.672965,-0.257726,-0.542189
0.675920,-0.256233,-0.537926
0.674393,-0.254784,-0.538275
0.673314,-0.250640,-0.534961
0.674362,-0.247253,-0.532841
0.675805,-0.245296,-0.532340
0.674781,-0.243107,-0.532879
0.673688,-0.243399,-0.527779
0.673036,-0.239837,-0.530487
0.673136,-0.240669,-0.531223
0.669544,-0.241107,-0.533104
0.667404,-0.239223,-0.533245
0.666056,-0.239819,-0.532826
0.666169,-0.239499,-0.534116
0.663350,-0.239601,-0.534937
0.662461,-0.237969,-0.533168
0.662402,-0.235196,-0.534909
0.659495,-0.236047,-0.535645
0.658964,-0.233306,-0.536475
0.655650,-0.235487,-0.535238
0.656156,-0.233665,-0.536401
0.655652,-0.233529,-0.535887
0.652552,-0.233830,-0.536752
0.653225,-0.230107,-0.537196
0.649105,-0.230984,-0.537966
0.648680,-0.228834,-0.538698
0.644114,-0.228821,-0.538218
0.644370,-0.228585,-0.538512
0.643986,-0.228264,-0.538423
0.642968,-0.224942,-0.538869
0.641701,-0.225460,-0.540034
0.638937,-0.224561,-0.539689
0.638292,-0.223874,-0.540751
0.638657,-0.224070,-0.540495
0.636045,-0.220255,-0.540429
0.634762,-0.220503,-0.539934
0.633101,-0.220356,-0.541263
0.632991,-0.219170,-0.541762
0.631101,-0.219218,-0.543502
0.630578,-0.217071,-0.542858
0.628277,-0.217931,-0.540910
0.629005,-0.214604,-0.541751
0.627782,-0.215155,-0.542793
0.624985,-0.214807,-0.542368
0.624466,-0.213058,-0.543124
0.623041,-0.213954,-0.542971
0.622507,-0.211000,-0.542181
0.622011,-0.211287,-0.543751
0.621588,-0.209819,-0.543895
0.617118,-0.207473,-0.543705
0.615916,-0.206982,-0.544762
0.614046,-0.206408,-0.544344
0.616090,-0.206649,-0.544927
0.612779,-0.202926,-0.544447
0.611463,-0.203513,-0.544734
0.610140,-0.203692,-0.544831
0.611433,-0.202089,-0.546112
0.605704,-0.201680,-0.543995
0.605200,-0.198595,-0.545819
0.604507,-0.200407,-0.545734
0.604200,-0.197976,-0.546581
0.604462,-0.199448,-0.547609
0.601118,-0.196803,-0.548050
0.599827,-0.196635,-0.548179
0.598947,-0.196139,-0.547671
0.597703,-0.193141,-0.548633
0.594346,-0.191656,-0.546627
0.595519,-0.192132,-0.548013
0.592448,-0.192582,-0.549784
0.592342,-0.192293,-0.548459
0.592036,-0.191582,-0.548588
0.589630,-0.188738,-0.548440
0.588035,-0.189919,-0.550415
0.588606,-0.190073,-0.550422
0.583359,-0.187045,-0.552017
0.584659,-0.186975,-0.553022
0.584317,-0.186221,-0.550084
0.580551,-0.184779,-0.548754
0.579975,-0.183474,-0.551607
0.579909,-0.184629,-0.553592
0.577817,-0.182209,-0.549939
0.577310,-0.183759,-0.552356
0.575718,-0.181643,-0.551857
0.572245,-0.178127,-0.552964
0.570294,-0.180302,-0.553934
0.569743,-0.180903,-0.554554
0.567657,-0.177175,-0.554508
0.565979,-0.176897,-0.554254
0.564770,-0.175718,-0.555815
0.563768,-0.175772,-0.554692
0.561629,-0.176533,-0.557127
0.560379,-0.175188,-0.556440
0.558105,-0.174001,-0.558107
0.558444,-0.172513,-0.557748
0.556501,-0.173211,-0.559934
0.553454,-0.172811,-0.560737
0.552969,-0.172473,-0.558814
0.550530,-0.172076,-0.559323
0.552008,-0.170266,-0.561309
0.547206,-0.169724,-0.561582
0.546970,-0.167818,-0.561533
0.543715,-0.167750,-0.564509
0.542433,-0.167410,-0.564037
0.541477,-0.169376,-0.562550
0.539065,-0.167191,-0.565911
0.537799,-0.165861,-0.566053
0.535141,-0.166652,-0.567351
0.531768,-0.167648,-0.568673
0.531507,-0.166368,-0.568429
0.529826,-0.167382,-0.567897
0.527582,-0.164716,-0.570802
0.527003,-0.166168,-0.571581
0.525001,-0.164312,-0.569892
0.523643,-0.165102,-0.572242
0.520580,-0.164765,-0.573564
0.518729,-0.161029,-0.575041
0.517800,-0.163391,-0.575098
0.514499,-0.162387,-0.576916
0.513383,-0.162004,-0.578646
0.509745,-0.162328,-0.579971
0.510052,-0.161654,-0.582901
0.507661,-0.162960,-0.581283
0.503837,-0.163577,-0.581686
0.501073,-0.163382,-0.583806
0.501375,-0.164366,-0.585887
0.498717,-0.161735,-0.586764
0.496144,-0.162790,-0.588989
0.492517,-0.161998,-0.587760
0.490783,-0.162507,-0.587622
0.488029,-0.164202,-0.591909
0.486260,-0.163252,-0.592627
0.483533,-0.163098,-0.595555
0.481281,-0.162291,-0.597665
0.478643,-0.161818,-0.595430
0.476715,-0.162691,-0.599672
0.472312,-0.163135,-0.600911
0.472489,-0.164883,-0.602084
0.467986,-0.163163,-0.601540
0.466268,-0.162475,-0.606617
0.464770,-0.164496,-0.607748
0.462951,-0.164027,-0.607626
0.458258,-0.164103,-0.608177
0.455481,-0.163684,-0.611859
0.452327,-0.165714,-0.613605
0.451871,-0.166092,-0.615983
0.445892,-0.164190,-0.615850
0.445442,-0.165506,-0.622094
0.441936,-0.168198,-0.620079
0.439885,-0.167553,-0.623721
0.435831,-0.169368,-0.627095
0.666313,-0.334365,-0.584495
0.665615,-0.331632,-0.583776
0.665912,-0.328972,-0.583032
0.667306,-0.327506,-0.580726
0.667695,-0.321967,-0.580153
0.668350,-0.319493,-0.577047
0.668221,-0.319747,-0.575101
0.667931,-0.315011,-0.573668
0.668585,-0.312207,-0.572214
0.669809,-0.310829,-0.569986
0.668496,-0.308695,-0.568873
0.669147,-0.304602,-0.569631
0.669132,-0.304052,-0.567077
0.669776,-0.299504,-0.563690
0.668917,-0.297875,-0.563506
0.670504,-0.295891,-0.560725
0.667510,-0.293347,-0.559649
0.670405,-0.290643,-0.558175
0.669496,-0.286094,-0.557151
0.668881,-0.283695,-0.556514
0.671940,-0.281846,-0.551780
0.671400,-0.279413,-0.552208
0.670369,-0.277191,-0.550671
0.672441,-0.276381,-0.547676
0.669939,-0.273822,-0.547678
0.672769,-0.269822,-0.545267
0.671576,-0.266313,-0.543079
0.672992,-0.264039,-0.544540
0.672992,-0.261994,-0.541275
0.670903,-0.259301,-0.539618
0.672236,-0.257767,-0.535853
0.673639,-0.254983,-0.536462
0.672912,-0.254777,-0.537099
0.673424,-0.250521,-0.534046
0.673188,-0.248334,-0.531379
0.672760,-0.246286,-0.529728
0.673675,-0.244601,-0.529476
0.672611,-0.240854,-0.528972
0.669452,-0.243755,-0.530230
0.669213,-0.241000,-0.529886
0.666663,-0.241619,-0.531754
0.666627,-0.239183,-0.532905
0.664076,-0.238312,-0.532655
0.663071,-0.238544,-0.532917
0.660843,-0.238450,-0.531715
0.660760,-0.237523,-0.534697
0.658380,-0.236863,-0.531805
0.656669,-0.235053,-0.533657
0.654182,-0.235151,-0.533699
0.654796,-0.234892,-0.535590
0.654140,-0.234103,-0.535574
0.652039,-0.234067,-0.536489
0.651428,-0.232182,-0.537939
0.650623,-0.233560,-0.537361
0.646788,-0.231828,-0.538262
0.646090,-0.228686,-0.536849
0.645724,-0.228844,-0.537050
0.643077,-0.227009,-0.536320
0.642988,-0.226170,-0.537749
0.642160,-0.225746,-0.536442
0.641616,-0.226999,-0.538888
0.637879,-0.225155,-0.537481
0.635919,-0.224057,-0.539842
0.636170,-0.224885,-0.540505
0.634056,-0.222107,-0.540128
0.633720,-0.220755,-0.540605
0.632498,-0.217971,-0.539233
0.630825,-0.221928,-0.540248
0.631060,-0.219486,-0.541339
0.626772,-0.216721,-0.540787
0.627896,-0.217239,-0.541120
0.624801,-0.214817,-0.540788
0.624656,-0.213708,-0.542487
0.624702,-0.213010,-0.540657
0.620794,-0.214310,-0.540642
0.619805,-0.211985,-0.542003
0.618926,-0.211271,-0.543403
0.619020,-0.210305,-0.540590
0.616713,-0.208726,-0.542995
0.616228,-0.208725,-0.542215
0.614314,-0.207753,-0.543695
0.611936,-0.207308,-0.542710
0.613057,-0.204635,-0.544071
0.610311,-0.206676,-0.543210
0.608549,-0.207116,-0.545620
0.608680,-0.202999,-0.544355
0.606386,-0.202759,-0.545205
0.604933,-0.200161,-0.543071
0.605874,-0.201713,-0.545009
0.602650,-0.200577,-0.544943
0.602527,-0.197912,-0.546600
0.599266,-0.197025,-0.546636
0.598424,-0.196620,-0.544342
0.597602,-0.196317,-0.544306
0.595682,-0.195461,-0.547397
0.597032,-0.194591,-0.546196
0.594806,-0.193977,-0.546689
0.591741,-0.193847,-0.548599
0.592022,-0.192578,-0.546883
0.591249,-0.190938,-0.547696
0.590271,-0.190693,-0.548764
0.586158,-0.189189,-0.547919
0.586248,-0.188099,-0.547715
0.584855,-0.188414,-0.547521
0.582024,-0.186841,-0.548668
0.580664,-0.186757,-0.550368
0.580190,-0.185315,-0.548412
0.579193,-0.183489,-0.550417
0.577438,-0.185452,-0.550711
0.577630,-0.181113,-0.551553
0.575661,-0.182516,-0.547719
0.574360,-0.181585,-0.552309
0.570061,-0.181829,-0.552613
0.571453,-0.182650,-0.552118
0.570255,-0.179442,-0.552017
0.568304,-0.178634,-0.554128
0.565663,-0.176344,-0.554092
0.563994,-0.176414,-0.554121
0.565308,-0.177696,-0.554630
0.561370,-0.175112,-0.555764
0.560469,-0.174565,-0.556255
0.558016,-0.174894,-0.553244
0.558180,-0.175935,-0.557166
0.555436,-0.173376,-0.557260
0.553990,-0.173755,-0.557152
0.550935,-0.170867,-0.558256
0.548574,-0.171980,-0.560125
0.548399,-0.171560,-0.559986
0.545649,-0.172552,-0.561751
0.544402,-0.171868,-0.562428
0.545696,-0.169607,-0.562039
0.542558,-0.170040,-0.562771
0.540601,-0.169890,-0.564134
0.539253,-0.167777,-0.563575
0.536708,-0.167555,-0.563366
0.534540,-0.166205,-0.565983
0.532504,-0.166952,-0.566042
0.532393,-0.166097,-0.567183
0.529772,-0.165375,-0.568615
0.530432,-0.165835,-0.568920
0.524651,-0.166252,-0.568606
0.523474,-0.165103,-0.568923
0.522167,-0.166213,-0.569922
0.521058,-0.164092,-0.572277
0.518603,-0.165939,-0.572625
0.515614,-0.165421,-0.573449
0.513134,-0.164917,-0.575477
0.511492,-0.163253,-0.576780
0.510897,-0.164693,-0.578974
0.507645,-0.163580,-0.578301
0.505237,-0.163040,-0.580647
0.503472,-0.163335,-0.579215
0.501867,-0.163765,-0.582709
0.499646,-0.164609,-0.582780
0.497543,-0.162069,-0.586655
0.494529,-0.163806,-0.588273
0.491789,-0.164481,-0.586021
0.490488,-0.161513,-0.587641
0.487806,-0.162691,-0.588887
0.486442,-0.163925,-0.590355
0.482764,-0.164280,-0.592961
0.481080,-0.164156,-0.595759
0.477502,-0.161828,-0.596968
0.477565,-0.164521,-0.597058
0.473914,-0.163518,-0.599599
0.470431,-0.162052,-0.600977
0.467364,-0.163684,-0.600055
0.466501,-0.164231,-0.603651
0.463763,-0.164908,-0.603847
0.461323,-0.164328,-0.606557
0.457497,-0.164974,-0.608225
0.455806,-0.165663,-0.611350
0.453009,-0.166349,-0.610634
0.451350,-0.164786,-0.612191
0.448693,-0.167638,-0.615540
0.444597,-0.166861,-0.617351
0.440463,-0.168600,-0.620006
0.437917,-0.168309,-0.623224
0.434756,-0.169607,-0.625522
0.664706,-0.334086,-0.585051
0.665701,-0.331437,-0.582729
0.665772,-0.329824,-0.580939
0.665292,-0.327182,-0.578010
0.667224,-0.323250,-0.578916
0.665916,-0.320888,-0.578971
0.666900,-0.319594,-0.573665
0.666682,-0.316962,-0.573199
0.667412,-0.314277,-0.570981
0.667310,-0.312364,-0.569613
0.666213,-0.307917,-0.567817
0.666129,-0.305180,-0.565154
0.668471,-0.303604,-0.564623
0.665650,-0.297693,-0.564767
0.667675,-0.297756,-0.561419
0.667693,-0.295720,-0.560160
0.668103,-0.291898,-0.561442
0.667547,-0.291169,-0.559418
0.670678,-0.287890,-0.556589
0.667986,-0.285253,-0.553855
0.668662,-0.282555,-0.551782
0.669573,-0.280630,-0.552728
0.670286,-0.278824,-0.547655
0.670785,-0.274974,-0.548433
0.671027,-0.273643,-0.545867
0.669713,-0.269926,-0.543542
0.669881,-0.268849,-0.543787
0.670327,-0.265263,-0.542835
0.671041,-0.262476,-0.539635
0.673113,-0.260952,-0.540416
0.671681,-0.259940,-0.538040
0.672843,-0.255056,-0.535349
0.673753,-0.252387,-0.532550
0.671851,-0.249591,-0.533343
0.672531,-0.249904,-0.531484
0.673119,-0.246243,-0.529708
0.671998,-0.242418,-0.528959
0.672921,-0.244398,-0.529236
0.668148,-0.242368,-0.528717
0.667954,-0.242490,-0.530844
0.667004,-0.241762,-0.531035
0.665375,-0.241282,-0.531763
0.664249,-0.239917,-0.530677
0.662666,-0.238189,-0.531274
0.660992,-0.240260,-0.530504
0.658926,-0.236975,-0.532765
0.658593,-0.237494,-0.530732
0.654727,-0.236120,-0.533470
0.653320,-0.235566,-0.535637
0.654973,-0.236586,-0.534135
0.653470,-0.234048,-0.535737
0.649575,-0.233720,-0.532982
0.651724,-0.233383,-0.533750
0.650027,-0.230853,-0.535448
0.646003,-0.231108,-0.537000
0.646821,-0.229934,-0.534684
0.643686,-0.231057,-0.535877
0.642038,-0.228170,-0.537131
0.642539,-0.228259,-0.536740
0.640139,-0.225432,-0.536758
0.638806,-0.226003,-0.537098
0.640091,-0.225139,-0.536468
0.634778,-0.224220,-0.537582
0.634889,-0.222492,-0.537159
0.634248,-0.221760,-0.538591
0.633562,-0.221415,-0.538791
0.631952,-0.221197,-0.538271
0.629288,-0.218476,-0.538070
0.628962,-0.219991,-0.539950
0.627026,-0.217494,-0.540408
0.626102,-0.217212,-0.539694
0.624773,-0.215724,-0.538979
0.623761,-0.216462,-0.538392
0.623706,-0.215477,-0.540921
0.620680,-0.213780,-0.539074
0.619173,-0.213341,-0.540374
0.618949,-0.212747,-0.541146
0.616323,-0.210181,-0.541220
0.617042,-0.210312,-0.541324
0.614943,-0.210054,-0.542037
0.614898,-0.209213,-0.543876
0.613590,-0.206970,-0.541446
0.611720,-0.205050,-0.541141
0.609977,-0.205818,-0.541618
0.608415,-0.204661,-0.543110
0.605884,-0.204912,-0.543719
0.606704,-0.203509,-0.542428
0.605084,-0.202577,-0.543517
0.603019,-0.202600,-0.542637
0.600728,-0.200163,-0.544777
0.599448,-0.199843,-0.543759
0.598157,-0.196260,-0.542723
0.598117,-0.196639,-0.545490
0.596996,-0.198380,-0.542593
0.596825,-0.196991,-0.543574
0.592666,-0.196800,-0.545627
0.592986,-0.194683,-0.545996
0.592671,-0.194479,-0.546410
0.591175,-0.192692,-0.546602
0.589642,-0.192028,-0.546575
0.587390,-0.193133,-0.545458
0.587980,-0.190029,-0.546899
0.585809,-0.188213,-0.546338
0.582771,-0.188729,-0.547967
0.580947,-0.188677,-0.545875
0.581999,-0.185130,-0.547539
0.580840,-0.186999,-0.548820
0.578694,-0.185466,-0.547679
0.577261,-0.184634,-0.548745
0.577125,-0.185026,-0.548743
0.574273,-0.182625,-0.551188
0.573223,-0.182853,-0.552127
0.572829,-0.182240,-0.551285
0.569733,-0.181822,-0.550571
0.568265,-0.179397,-0.550486
0.567798,-0.181078,-0.550139
0.565736,-0.177270,-0.553149
0.564453,-0.178860,-0.553131
0.561881,-0.177588,-0.553433
0.561483,-0.175918,-0.554167
0.558771,-0.175312,-0.555620
0.558791,-0.173414,-0.552727
0.558156,-0.176120,-0.554822
0.554028,-0.174382,-0.557920
0.552498,-0.173654,-0.555391
0.550144,-0.173554,-0.557934
0.548447,-0.172255,-0.557848
0.548944,-0.174025,-0.557923
0.547259,-0.170530,-0.558565
0.543663,-0.171925,-0.559602
0.543355,-0.172067,-0.561580
0.540287,-0.169471,-0.561449
0.538549,-0.169403,-0.563576
0.539578,-0.168590,-0.561179
0.536803,-0.167707,-0.562156
0.535557,-0.168012,-0.564457
0.533895,-0.169430,-0.563445
0.530876,-0.166573,-0.566411
0.530612,-0.166294,-0.565139
0.528412,-0.168336,-0.567367
0.525011,-0.166570,-0.568315
0.522798,-0.164449,-0.569363
0.523062,-0.165901,-0.566448
0.521822,-0.166789,-0.570420
0.517745,-0.165801,-0.570611
0.515615,-0.164784,-0.571544
0.513949,-0.164581,-0.574818
0.512144,-0.166192,-0.575268
0.508756,-0.164795,-0.576312
0.506260,-0.165210,-0.577682
0.505590,-0.163957,-0.580055
0.504289,-0.164275,-0.580644
0.499228,-0.163697,-0.580640
0.496772,-0.165450,-0.582499
0.496544,-0.164691,-0.586423
0.492155,-0.164336,-0.586495
0.489778,-0.162992,-0.586487
0.489528,-0.164819,-0.588617
0.487115,-0.163554,-0.589347
0.483892,-0.166433,-0.590883
0.481925,-0.164698,-0.591268
0.479538,-0.165964,-0.594754
0.477467,-0.162864,-0.594606
0.475158,-0.166072,-0.597291
0.473648,-0.165223,-0.598289
0.469053,-0.163600,-0.598646
0.467292,-0.166301,-0.601059
0.465252,-0.165193,-0.601506
0.464284,-0.166662,-0.603722
0.460796,-0.164024,-0.603385
0.457647,-0.163190,-0.605754
0.455447,-0.166445,-0.608563
0.450976,-0.165434,-0.609513
0.446659,-0.165588,-0.612771
0.446615,-0.165877,-0.614988
0.442928,-0.167884,-0.616161
0.439119,-0.168583,-0.618697
0.437231,-0.167514,-0.620026
0.433946,-0.168827,-0.621604
0.428676,-0.170476,-0.624179
0.665444,-0.337449,-0.583813
0.661990,-0.335083,-0.582315
0.665058,-0.332000,-0.580916
0.665441,-0.329569,-0.577928
0.665532,-0.324641,-0.575650
0.663594,-0.322512,-0.574757
0.665108,-0.321261,-0.575996
0.665240,-0.316808,-0.573315
0.665483,-0.315550,-0.570133
0.669546,-0.313103,-0.567837
0.666058,-0.311093,-0.566424
0.667164,-0.308800,-0.566911
0.666620,-0.304538,-0.563317
0.665624,-0.301080,-0.563047
0.664748,-0.301210,-0.561008
0.666301,-0.298125,-0.558910
0.668224,-0.294072,-0.557497
0.667126,-0.293838,-0.556903
0.669431,-0.290460,-0.553132
0.668261,-0.287241,-0.552373
0.667993,-0.287044,-0.552286
0.670344,-0.281817,-0.552307
0.667222,-0.279606,-0.547806
0.667759,-0.278389,-0.547069
0.667753,-0.275114,-0.545328
0.670163,-0.271934,-0.543647
0.669009,-0.271692,-0.543470
0.668060,-0.266755,-0.539625
0.670608,-0.266806,-0.538658
0.671142,-0.261067,-0.538200
0.671094,-0.260526,-0.537605
0.670926,-0.257903,-0.537204
0.669582,-0.256310,-0.533583
0.668775,-0.250958,-0.532849
0.670018,-0.250894,-0.531453
0.671042,-0.247590,-0.528185
0.671485,-0.246082,-0.526499
0.670817,-0.243310,-0.527232
0.668324,-0.242626,-0.528079
0.668211,-0.242055,-0.528832
0.667007,-0.241459,-0.529859
0.664337,-0.243099,-0.529132
0.660715,-0.241586,-0.527397
0.660367,-0.241799,-0.530668
0.661632,-0.239150,-0.532385
0.659880,-0.239227,-0.532197
0.656302,-0.237781,-0.532227
0.654567,-0.237780,-0.530884
0.653345,-0.234707,-0.532637
0.651603,-0.236815,-0.532577
0.651950,-0.235765,-0.533301
0.650072,-0.234348,-0.533423
0.648469,-0.232388,-0.533529
0.648472,-0.233525,-0.533778
0.645385,-0.231925,-0.533500
0.643281,-0.230825,-0.533288
0.642266,-0.229320,-0.533125
0.642890,-0.228760,-0.534775
0.642223,-0.229067,-0.535439
0.639756,-0.225682,-0.536235
0.639173,-0.227098,-0.534756
0.636321,-0.226642,-0.535932
0.635534,-0.224934,-0.536711
0.635224,-0.224250,-0.537607
0.632739,-0.223278,-0.536563
0.630090,-0.222923,-0.537331
0.632451,-0.221857,-0.537417
0.628404,-0.223153,-0.538199
0.627140,-0.220161,-0.540000
0.626588,-0.219032,-0.538294
0.625894,-0.216794,-0.537755
0.625141,-0.217870,-0.538637
0.622270,-0.216409,-0.537450
0.622333,-0.215775,-0.537473
0.620766,-0.214819,-0.536520
0.621559,-0.213912,-0.539523
0.616891,-0.213886,-0.538759
0.616201,-0.212620,-0.538205
0.615310,-0.213035,-0.541964
0.613879,-0.211215,-0.540610
0.613139,-0.210278,-0.539521
0.610930,-0.207890,-0.540843
0.610403,-0.208580,-0.540792
0.609256,-0.207005,-0.541484
0.606612,-0.205762,-0.539742
0.606036,-0.206484,-0.541310
0.607312,-0.205466,-0.544229
0.604089,-0.203459,-0.541342
0.603214,-0.202709,-0.541878
0.604158,-0.201561,-0.542092
0.600169,-0.200432,-0.543682
0.598058,-0.197930,-0.542482
0.598334,-0.200317,-0.544229
0.595116,-0.196920,-0.543051
0.595557,-0.197274,-0.543578
0.592329,-0.197450,-0.543302
0.593041,-0.196341,-0.544045
0.594005,-0.194508,-0.543716
0.588211,-0.193312,-0.544983
0.588482,-0.192916,-0.545004
0.588067,-0.192929,-0.545220
0.585047,-0.190345,-0.545372
0.586059,-0.189692,-0.544381
0.583326,-0.189133,-0.546561
0.580286,-0.189309,-0.545195
0.579878,-0.187729,-0.546293
0.578515,-0.189309,-0.547014
0.577868,-0.185368,-0.547395
0.576724,-0.186668,-0.546234
0.573485,-0.183722,-0.546497
0.573187,-0.184815,-0.548116
0.572966,-0.184449,-0.549031
0.570913,-0.183943,-0.549470
0.567967,-0.181616,-0.549191
0.566420,-0.180831,-0.550073
0.566383,-0.180808,-0.551954
0.565009,-0.180491,-0.551385
0.562904,-0.178573,-0.549449
0.561109,-0.177181,-0.550670
0.560624,-0.178174,-0.552029
0.558966,-0.176886,-0.549962
0.557604,-0.177182,-0.551393
0.556323,-0.176088,-0.554960
0.554205,-0.175371,-0.552907
0.551983,-0.174299,-0.555196
0.550645,-0.172900,-0.556299
0.550349,-0.173120,-0.556980
0.549506,-0.172440,-0.556945
0.546416,-0.172385,-0.558405
0.543551,-0.171589,-0.558184
0.543239,-0.170917,-0.560102
0.541026,-0.169465,-0.559095
0.539037,-0.170300,-0.560876
0.537525,-0.169292,-0.559848
0.535605,-0.169968,-0.564261
0.534483,-0.169220,-0.562112
0.531225,-0.169642,-0.563564
0.531172,-0.167890,-0.564956
0.528686,-0.165043,-0.566826
0.526458,-0.167885,-0.564209
0.523157,-0.167359,-0.567559
0.522179,-0.165462,-0.566221
0.520779,-0.166228,-0.568481
0.518277,-0.166986,-0.569947
0.516140,-0.164683,-0.570197
0.515590,-0.166362,-0.571520
0.513705,-0.164274,-0.571734
0.510101,-0.165878,-0.572714
0.508437,-0.164325,-0.575311
0.506369,-0.166261,-0.574182
0.505910,-0.165190,-0.575843
0.502781,-0.163105,-0.578614
0.501615,-0.165526,-0.580074
0.496089,-0.164607,-0.579313
0.495485,-0.165340,-0.583991
0.493045,-0.165487,-0.582584
0.491107,-0.164770,-0.584007
0.489772,-0.164691,-0.587450
0.485979,-0.165753,-0.588572
0.482749,-0.163890,-0.589922
0.482548,-0.165389,-0.589314
0.480035,-0.164358,-0.590697
0.476124,-0.164062,-0.594876
0.474615,-0.164760,-0.593928
0.471878,-0.165747,-0.594801
0.468982,-0.164814,-0.598132
0.467450,-0.166545,-0.598064
0.465476,-0.166137,-0.599155
0.463486,-0.165913,-0.602622
0.459487,-0.166259,-0.603018
0.459183,-0.168045,-0.605798
0.453620,-0.167504,-0.604675
0.451611,-0.168269,-0.608022
0.448654,-0.166280,-0.611114
0.445084,-0.169218,-0.612393
0.444251,-0.167211,-0.614235
0.440537,-0.168781,-0.617109
0.436495,-0.169314,-0.618261
0.432857,-0.168027,-0.619862
0.431615,-0.171259,-0.623182
0.661593,-0.336905,-0.583774
0.664209,-0.335536,-0.582400
0.665490,-0.331695,-0.581691
0.663856,-0.329880,-0.577061
0.663837,-0.325769,-0.576452
0.663570,-0.324858,-0.574300
0.664776,-0.320055,-0.574631
0.664688,-0.318231,-0.572618
0.662323,-0.316945,-0.571730
0.664452,-0.313213,-0.568384
0.664875,-0.310357,-0.565821
0.664918,-0.310105,-0.563531
0.665338,-0.306773,-0.563801
0.665794,-0.303917,-0.560473
0.665951,-0.301371,-0.561783
0.666276,-0.298119,-0.557242
0.663972,-0.297144,-0.557967
0.667508,-0.294839,-0.556703
0.665876,-0.291613,-0.555643
0.666017,-0.289192,-0.552084
0.665881,-0.286130,-0.552555
0.667853,-0.283306,-0.548938
0.666978,-0.281543,-0.547813
0.667816,-0.278361,-0.548351
0.667092,-0.277724,-0.544465
0.667939,-0.274642,-0.543554
0.668952,-0.272040,-0.541822
0.668892,-0.270702,-0.540903
0.669189,-0.266805,-0.538301
0.668061,-0.262757,-0.536609
0.669584,-0.262750,-0.534826
0.669856,-0.257622,-0.534269
0.669998,-0.257905,-0.533868
0.669645,-0.252548,-0.531616
0.668669,-0.249407,-0.530648
0.667930,-0.249241,-0.527663
0.671392,-0.247130,-0.526170
0.668769,-0.245697,-0.524946
0.665885,-0.243820,-0.526890
0.665819,-0.244888,-0.527247
0.665777,-0.242852,-0.528722
0.660800,-0.242439,-0.528370
0.663050,-0.243575,-0.528361
0.659275,-0.241866,-0.527347
0.658870,-0.240016,-0.529207
0.657888,-0.239722,-0.529924
0.655417,-0.240933,-0.530229
0.654262,-0.237560,-0.532741
0.652810,-0.239140,-0.530138
0.651784,-0.237188,-0.530177
0.649967,-0.235162,-0.532404
0.648677,-0.236691,-0.530485
0.647327,-0.234069,-0.532350
0.645959,-0.234485,-0.532420
0.643856,-0.232471,-0.534134
0.642460,-0.232376,-0.532818
0.643766,-0.232327,-0.532711
0.639913,-0.232120,-0.533090
0.640032,-0.227847,-0.534550
0.640270,-0.228479,-0.534186
0.637910,-0.227459,-0.534475
0.638067,-0.224599,-0.534323
0.633283,-0.227223,-0.534094
0.632473,-0.223788,-0.535930
0.632246,-0.223737,-0.534642
0.632271,-0.223066,-0.536650
0.629302,-0.223047,-0.534580
0.628586,-0.219863,-0.536330
0.627602,-0.220666,-0.535691
0.625274,-0.221764,-0.538305
0.624893,-0.219086,-0.536723
0.623293,-0.219946,-0.539289
0.623127,-0.217771,-0.535697
0.620484,-0.215924,-0.536455
0.620773,-0.215956,-0.537889
0.618052,-0.215304,-0.537789
0.618522,-0.213588,-0.538155
0.616817,-0.212666,-0.538898
0.615572,-0.212069,-0.538800
0.612274,-0.211168,-0.539168
0.610860,-0.212730,-0.537077
0.609943,-0.209034,-0.538863
0.609689,-0.207629,-0.539591
0.609252,-0.209474,-0.540854
0.607771,-0.207055,-0.539653
0.604509,-0.205932,-0.542032
0.601729,-0.203780,-0.540812
0.603448,-0.204820,-0.539959
0.602160,-0.201784,-0.538987
0.600475,-0.202183,-0.540402
0.597633,-0.201378,-0.541940
0.598726,-0.199360,-0.541149
0.596347,-0.199383,-0.541680
0.594875,-0.198125,-0.540907
0.595153,-0.200294,-0.540662
0.593494,-0.197416,-0.539387
0.591109,-0.195855,-0.542753
0.590101,-0.193816,-0.544528
0.587958,-0.193975,-0.544365
0.588737,-0.193890,-0.543861
0.586312,-0.194053,-0.543354
0.584210,-0.191080,-0.544267
0.585333,-0.190456,-0.543677
0.582586,-0.191810,-0.544484
0.580233,-0.190835,-0.545891
0.579103,-0.188734,-0.547170
0.578079,-0.186363,-0.544276
0.577879,-0.186552,-0.546194
0.577356,-0.187029,-0.546649
0.574228,-0.186714,-0.547655
0.570786,-0.183617,-0.547753
0.572605,-0.183149,-0.545986
0.569388,-0.181311,-0.548594
0.568704,-0.184782,-0.548147
0.566092,-0.181974,-0.547945
0.566837,-0.181991,-0.549496
0.564041,-0.180406,-0.549564
0.563537,-0.179566,-0.550774
0.561010,-0.177868,-0.550125
0.559081,-0.178407,-0.551238
0.557589,-0.177887,-0.550904
0.556363,-0.176763,-0.551179
0.554712,-0.177756,-0.552791
0.552376,-0.175455,-0.552783
0.551309,-0.175695,-0.553634
0.547891,-0.177483,-0.555286
0.548338,-0.175043,-0.553975
0.545748,-0.173906,-0.555538
0.544446,-0.175080,-0.556042
0.543338,-0.173485,-0.556918
0.543027,-0.171185,-0.558717
0.540147,-0.170094,-0.558624
0.537317,-0.170759,-0.559642
0.536051,-0.170341,-0.559281
0.534914,-0.170789,-0.560656
0.533355,-0.170433,-0.561154
0.531741,-0.168463,-0.561888
0.528027,-0.168798,-0.562317
0.527524,-0.169902,-0.563308
0.527069,-0.166850,-0.563298
0.523784,-0.166571,-0.563778
0.522255,-0.167012,-0.566204
0.519552,-0.166008,-0.565121
0.517651,-0.165117,-0.567966
0.517184,-0.168396,-0.570094
0.513704,-0.166748,-0.572194
0.512325,-0.165891,-0.572779
0.510304,-0.164357,-0.572203
0.506304,-0.166068,-0.573750
0.504646,-0.165165,-0.574172
0.503316,-0.165667,-0.575679
0.502900,-0.165810,-0.577297
0.500062,-0.164148,-0.576209
0.497041,-0.166509,-0.580386
0.495622,-0.164520,-0.579868
0.492102,-0.164451,-0.582692
0.487191,-0.165969,-0.582965
0.487890,-0.166368,-0.584489
0.487676,-0.166170,-0.584991
0.484839,-0.165326,-0.586613
0.480014,-0.165472,-0.587149
0.479441,-0.166885,-0.589691
0.475916,-0.166741,-0.591650
0.474233,-0.166428,-0.593565
0.471664,-0.168125,-0.593179
0.468803,-0.166990,-0.595842
0.465064,-0.167235,-0.597728
0.463046,-0.166901,-0.597933
0.461972,-0.168025,-0.600243
0.459136,-0.167396,-0.601866
0.455538,-0.166114,-0.603879
0.452968,-0.168991,-0.605711
0.449553,-0.169580,-0.605730
0.448030,-0.168101,-0.608978
0.443715,-0.168242,-0.609637
0.442391,-0.168414,-0.612915
0.440079,-0.169679,-0.615131
0.436425,-0.171064,-0.618729
0.432628,-0.171796,-0.619556
0.430174,-0.171606,-0.622754
0.662968,-0.338825,-0.581578
0.661209,-0.335635,-0.580493
0.661001,-0.333343,-0.579715
0.663741,-0.330897,-0.576132
0.661943,-0.329979,-0.576358
0.662011,-0.326137,-0.573264
0.663313,-0.323872,-0.574091
0.662953,-0.320242,-0.570170
0.662734,-0.319641,-0.569878
0.664229,-0.315897,-0.568636
0.663773,-0.314371,-0.566235
0.664405,-0.310959,-0.566887
0.664990,-0.307484,-0.562239
0.663457,-0.304892,-0.561998
0.663742,-0.303045,-0.560220
0.666914,-0.300824,-0.557848
0.665908,-0.299198,-0.554207
0.665884,-0.297558,-0.554711
0.665236,-0.291874,-0.553521
0.666346,-0.287760,-0.552280
0.666122,-0.287208,-0.550478
0.666689,-0.285428,-0.548454
0.667518,-0.282696,-0.547124
0.666608,-0.279343,-0.544261
0.667124,-0.277190,-0.543790
0.668608,-0.275853,-0.544599
0.666068,-0.273985,-0.540242
0.666848,-0.270086,-0.540542
0.666450,-0.266033,-0.539309
0.667446,-0.266422,-0.537928
0.669449,-0.262710,-0.535303
0.668352,-0.261783,-0.534710
0.668191,-0.257670,-0.532197
0.667459,-0.255956,-0.530959
0.666713,-0.252685,-0.530132
0.670506,-0.251363,-0.528523
0.668144,-0.248393,-0.526242
0.666786,-0.245989,-0.525609
0.666638,-0.244566,-0.527336
0.665875,-0.243884,-0.525293
0.664088,-0.244980,-0.525961
0.661780,-0.242188,-0.528849
0.660022,-0.244310,-0.526126
0.660979,-0.243158,-0.526774
0.656366,-0.243030,-0.527621
0.656504,-0.240665,-0.526950
0.653965,-0.238731,-0.528706
0.653755,-0.240219,-0.529180
0.653160,-0.238976,-0.529395
0.650460,-0.239010,-0.529739
0.649612,-0.236980,-0.529481
0.650087,-0.236867,-0.532353
0.647344,-0.235738,-0.531282
0.646762,-0.232421,-0.530755
0.646322,-0.234367,-0.532911
0.643030,-0.231795,-0.530920
0.643443,-0.232550,-0.531859
0.640596,-0.230100,-0.532724
0.638977,-0.229293,-0.532286
0.637918,-0.230377,-0.533066
0.635407,-0.227497,-0.534155
0.634971,-0.228708,-0.531352
0.634685,-0.226660,-0.533349
0.631438,-0.224656,-0.534579
0.630073,-0.224642,-0.534501
0.630264,-0.223342,-0.534854
0.629184,-0.223057,-0.533061
0.630434,-0.222332,-0.535374
0.626797,-0.221338,-0.534431
0.626799,-0.219169,-0.535366
0.623642,-0.218953,-0.534138
0.622309,-0.218558,-0.535480
0.620042,-0.219345,-0.536731
0.619508,-0.218131,-0.536806
0.619328,-0.215176,-0.535554
0.618181,-0.216185,-0.537570
0.615440,-0.215539,-0.537688
0.615796,-0.214145,-0.536877
0.614230,-0.212420,-0.537899
0.612919,-0.210703,-0.536841
0.611026,-0.212263,-0.537194
0.609961,-0.210472,-0.537895
0.608899,-0.210337,-0.537432
0.607728,-0.206936,-0.537991
0.604943,-0.208111,-0.537667
0.604088,-0.206214,-0.539170
0.604033,-0.206404,-0.540157
0.600164,-0.204531,-0.539849
0.600655,-0.204493,-0.537710
0.599040,-0.203599,-0.540359
0.597324,-0.201825,-0.539991
0.598232,-0.201669,-0.540827
0.596016,-0.200955,-0.540925
0.595857,-0.198206,-0.540932
0.594385,-0.198639,-0.538788
0.590107,-0.198662,-0.542187
0.591606,-0.195747,-0.542178
0.589210,-0.195261,-0.540983
0.588099,-0.194436,-0.541882
0.587520,-0.194622,-0.542349
0.584441,-0.192158,-0.543197
0.582725,-0.193369,-0.543756
0.582407,-0.192570,-0.544505
0.581881,-0.190287,-0.541994
0.580175,-0.188960,-0.544834
0.579520,-0.189687,-0.542608
0.577180,-0.189788,-0.544101
0.576746,-0.187066,-0.542959
0.573239,-0.186716,-0.542268
0.572954,-0.186242,-0.544989
0.571835,-0.186526,-0.544468
0.570875,-0.185269,-0.544353
0.567196,-0.183461,-0.547743
0.567502,-0.181956,-0.546634
0.565869,-0.182675,-0.547641
0.564191,-0.181330,-0.546477
0.564235,-0.182308,-0.548595
0.561311,-0.180368,-0.548011
0.560995,-0.180522,-0.549142
0.560108,-0.179287,-0.548793
0.557808,-0.179078,-0.550092
0.554356,-0.177083,-0.551261
0.553609,-0.178424,-0.550885
0.550881,-0.176755,-0.553074
0.549761,-0.177208,-0.554620
0.549690,-0.177324,-0.552970
0.545480,-0.175350,-0.553249
0.543122,-0.173856,-0.554858
0.546406,-0.175678,-0.555725
0.542184,-0.173450,-0.556476
0.541511,-0.173364,-0.557369
0.537672,-0.172652,-0.556287
0.539353,-0.170595,-0.557914
0.535473,-0.170297,-0.557933
0.534426,-0.171274,-0.557756
0.531904,-0.170889,-0.557458
0.529615,-0.170263,-0.560526
0.528014,-0.169221,-0.559361
0.524604,-0.169848,-0.563248
0.525892,-0.169479,-0.564409
0.523697,-0.167962,-0.562637
0.522015,-0.168303,-0.563902
0.521316,-0.168394,-0.564902
0.516737,-0.165698,-0.566281
0.515841,-0.168165,-0.567453
0.513907,-0.167425,-0.566580
0.511495,-0.166869,-0.568827
0.508803,-0.167477,-0.568480
0.506549,-0.167215,-0.571822
0.503534,-0.165292,-0.572118
0.502012,-0.165241,-0.572604
0.503146,-0.167661,-0.573677
0.498221,-0.165374,-0.577299
0.497282,-0.163690,-0.576776
0.494316,-0.165187,-0.579235
0.491946,-0.166899,-0.579833
0.491476,-0.165518,-0.579796
0.486983,-0.168242,-0.583311
0.482094,-0.168010,-0.582969
0.482943,-0.165615,-0.583391
0.480228,-0.165344,-0.587745
0.478254,-0.168032,-0.588821
0.475297,-0.165666,-0.590270
0.473635,-0.167283,-0.592355
0.472624,-0.164624,-0.591415
0.467068,-0.167335,-0.595628
0.464164,-0.165914,-0.594291
0.463881,-0.166851,-0.595501
0.460335,-0.166356,-0.599719
0.457857,-0.168286,-0.600887
0.456104,-0.168084,-0.601956
0.453229,-0.168308,-0.604399
0.451276,-0.169700,-0.605298
0.446272,-0.169809,-0.606487
0.444969,-0.167697,-0.608590
0.443562,-0.169035,-0.612579
0.438279,-0.170250,-0.614515
0.435321,-0.171258,-0.614296
0.431239,-0.169994,-0.616576
0.427588,-0.172101,-0.618789
0.660271,-0.339762,-0.583160
0.658163,-0.336777,-0.580010
0.660048,-0.335130,-0.578444
0.660432,-0.332746,-0.574963
0.661627,-0.331544,-0.575628
0.661688,-0.326165,-0.573263
0.661217,-0.324979,-0.572789
0.661019,-0.322752,-0.570434
0.661677,-0.319733,-0.568278
0.660970,-0.314689,-0.566571
0.664462,-0.313870,-0.565792
0.664645,-0.312645,-0.563253
0.661148,-0.309624,-0.563430
0.664232,-0.307554,-0.562086
0.664706,-0.302139,-0.558499
0.662934,-0.301465,-0.556947
0.664119,-0.298691,-0.556314
0.664620,-0.296019,-0.553541
0.663999,-0.293392,-0.552311
0.664407,-0.292086,-0.552955
0.663776,-0.290087,-0.550592
0.665362,-0.286910,-0.549189
0.663382,-0.283889,-0.545405
0.666116,-0.281059,-0.545181
0.664718,-0.278407,-0.543152
0.665507,-0.276250,-0.542382
0.664555,-0.275572,-0.540175
0.664524,-0.270877,-0.539089
0.666511,-0.268622,-0.538273
0.667161,-0.267646,-0.534072
0.666730,-0.264939,-0.535544
0.665980,-0.262296,-0.531678
0.668172,-0.258677,-0.531829
0.667512,-0.259153,-0.528668
0.666095,-0.253451,-0.527431
0.666279,-0.252095,-0.526516
0.668337,-0.250278,-0.526183
0.666890,-0.246842,-0.524272
0.664651,-0.245336,-0.523738
0.664807,-0.245709,-0.524260
0.662416,-0.244507,-0.526158
0.661037,-0.245532,-0.525282
0.661122,-0.244150,-0.526571
0.658300,-0.241421,-0.526073
0.655121,-0.242614,-0.527252
0.656356,-0.240964,-0.526693
0.653268,-0.240274,-0.526942
0.652832,-0.241544,-0.529037
0.651591,-0.240661,-0.527381
0.651133,-0.237546,-0.529610
0.650038,-0.240188,-0.528540
0.646446,-0.237202,-0.530106
0.647137,-0.236827,-0.527980
0.646335,-0.236065,-0.529881
0.644845,-0.233803,-0.529860
0.643922,-0.233888,-0.530532
0.639937,-0.233065,-0.529970
0.640183,-0.231893,-0.531758
0.637641,-0.230492,-0.531817
0.636364,-0.231048,-0.531144
0.636707,-0.230392,-0.532550
0.634144,-0.227632,-0.532112
0.633504,-0.226601,-0.531074
0.631095,-0.225340,-0.533758
0.632642,-0.225656,-0.533240
0.630973,-0.225200,-0.531446
0.625731,-0.223544,-0.532361
0.628455,-0.224996,-0.531796
0.625816,-0.223239,-0.531996
0.622692,-0.221653,-0.532660
0.624301,-0.220335,-0.533095
0.621779,-0.218008,-0.534109
0.621557,-0.218336,-0.534628
0.620966,-0.220403,-0.535788
0.617655,-0.215529,-0.533725
0.615670,-0.216942,-0.536958
0.616306,-0.215981,-0.535234
0.613038,-0.214612,-0.536923
0.613860,-0.214226,-0.535897
0.610162,-0.212417,-0.534786
0.610591,-0.210776,-0.537586
0.609924,-0.211365,-0.536358
0.609492,-0.210568,-0.535165
0.606998,-0.208109,-0.537273
0.605389,-0.209311,-0.537011
0.605257,-0.210732,-0.539006
0.602866,-0.205845,-0.536675
0.602318,-0.205653,-0.539125
0.600238,-0.205934,-0.538670
0.597621,-0.202039,-0.537726
0.597722,-0.201309,-0.538129
0.598030,-0.201946,-0.540067
0.595375,-0.200391,-0.539003
0.593524,-0.201081,-0.538523
0.592853,-0.201528,-0.538519
0.591953,-0.197964,-0.540190
0.591052,-0.198133,-0.541461
0.589416,-0.196396,-0.539081
0.587579,-0.195941,-0.539572
0.586082,-0.195286,-0.540839
0.584488,-0.195256,-0.540520
0.582175,-0.193326,-0.541360
0.582888,-0.192335,-0.541158
0.581882,-0.192519,-0.543037
0.579092,-0.189064,-0.543992
0.578464,-0.189583,-0.542927
0.578849,-0.188909,-0.544051
0.576411,-0.189800,-0.542365
0.573072,-0.188202,-0.543815
0.572625,-0.186658,-0.544432
0.572745,-0.187401,-0.544627
0.571173,-0.184126,-0.546270
0.570199,-0.186711,-0.543989
0.566150,-0.184195,-0.545864
0.565050,-0.181046,-0.545672
0.565098,-0.182257,-0.548274
0.561176,-0.182690,-0.549363
0.561244,-0.181412,-0.548298
0.559792,-0.179421,-0.547509
0.556772,-0.178631,-0.547592
0.557301,-0.178769,-0.549170
0.556222,-0.178068,-0.550805
0.554340,-0.177406,-0.548965
0.552516,-0.180662,-0.549852
0.551565,-0.177996,-0.550525
0.548299,-0.176802,-0.552241
0.545128,-0.174736,-0.553685
0.543575,-0.174514,-0.553763
0.544397,-0.174155,-0.554167
0.541911,-0.171904,-0.552468
0.540974,-0.171904,-0.555199
0.537816,-0.172096,-0.555921
0.537197,-0.174541,-0.557990
0.537703,-0.172279,-0.557106
0.535260,-0.172592,-0.558844
0.531190,-0.172233,-0.558477
0.530784,-0.170226,-0.558879
0.528440,-0.168772,-0.559061
0.526618,-0.170417,-0.559012
0.524771,-0.169668,-0.563387
0.522854,-0.168549,-0.562491
0.519599,-0.169079,-0.562515
0.521667,-0.168319,-0.564863
0.519246,-0.168415,-0.565298
0.515875,-0.166921,-0.565150
0.511113,-0.165857,-0.567873
0.510656,-0.167401,-0.569470
0.506795,-0.166989,-0.571385
0.504510,-0.166053,-0.569684
0.504193,-0.166489,-0.571645
0.503024,-0.169132,-0.574323
0.499128,-0.165786,-0.573842
0.497542,-0.167275,-0.574279
0.496144,-0.166200,-0.576465
0.494563,-0.165625,-0.577922
0.491108,-0.167420,-0.579586
0.489398,-0.167174,-0.580626
0.487477,-0.167087,-0.578560
0.484180,-0.166523,-0.582381
0.482459,-0.165787,-0.582316
0.478351,-0.167046,-0.585669
0.476143,-0.167238,-0.586787
0.473932,-0.166585,-0.589000
0.474185,-0.167076,-0.588835
0.470076,-0.168717,-0.590428
0.467937,-0.165361,-0.591622
0.464988,-0.165966,-0.592532
0.463614,-0.166928,-0.592866
0.457601,-0.169347,-0.600134
0.458095,-0.167718,-0.598762
0.455252,-0.167612,-0.599997
0.453854,-0.169287,-0.602274
0.450362,-0.169764,-0.602399
0.447944,-0.168489,-0.604226
0.443660,-0.170872,-0.606857
0.440625,-0.169628,-0.609792
0.438236,-0.170994,-0.609914
0.435027,-0.170373,-0.613474
0.432827,-0.173329,-0.616696
0.428927,-0.173786,-0.617031
0.659594,-0.342062,-0.579242
0.659343,-0.337684,-0.580386
0.660437,-0.337447,-0.576222
0.658903,-0.335561,-0.576227
0.659268,-0.332061,-0.574825
0.658147,-0.328002,-0.573016
0.660621,-0.327657,-0.571406
0.662052,-0.324432,-0.569741
0.659121,-0.321538,-0.569026
0.662362,-0.318093,-0.564855
0.663372,-0.317427,-0.564704
0.661199,-0.314986,-0.564804
0.662552,-0.309465,-0.561642
0.661687,-0.308506,-0.557791
0.662041,-0.304789,-0.557804
0.662920,-0.302952,-0.557360
0.662843,-0.300267,-0.556005
0.661986,-0.297451,-0.552804
0.663722,-0.295621,-0.552642
0.661274,-0.291063,-0.552473
0.662242,-0.291301,-0.550156
0.662742,-0.288168,-0.548991
0.663384,-0.286040,-0.547183
0.660272,-0.282838,-0.543762
0.664733,-0.280420,-0.542094
0.661498,-0.276687,-0.541882
0.662551,-0.275243,-0.540451
0.665421,-0.274042,-0.538157
0.663552,-0.270263,-0.536411
0.662246,-0.268458,-0.535902
0.665982,-0.264185,-0.534303
0.666109,-0.263235,-0.533381
0.666683,-0.260148,-0.530845
0.665561,-0.257983,-0.528814
0.663997,-0.255736,-0.527200
0.666117,-0.253497,-0.525385
0.665326,-0.251509,-0.526136
0.665803,-0.250049,-0.523085
0.662356,-0.248163,-0.525403
0.665273,-0.247011,-0.522694
0.661189,-0.245702,-0.521925
0.661169,-0.245314,-0.523421
0.657947,-0.243984,-0.524134
0.657037,-0.246772,-0.525793
0.657176,-0.244608,-0.526498
0.654579,-0.242321,-0.527145
0.652032,-0.239802,-0.527884
0.651492,-0.241347,-0.528898
0.651955,-0.239831,-0.526765
0.650038,-0.239664,-0.528126
0.648809,-0.239180,-0.527652
0.648684,-0.236492,-0.526181
0.646875,-0.236128,-0.528962
0.645640,-0.236040,-0.530135
0.644269,-0.235343,-0.528791
0.640545,-0.234840,-0.529113
0.639940,-0.232824,-0.529390
0.639382,-0.231980,-0.529954
0.638516,-0.231177,-0.530665
0.637809,-0.234340,-0.530676
0.635961,-0.230265,-0.531069
0.634055,-0.230193,-0.530012
0.632584,-0.228884,-0.530010
0.630463,-0.228548,-0.530810
0.629660,-0.223622,-0.529476
0.628913,-0.224052,-0.530699
0.627019,-0.223980,-0.531293
0.626803,-0.223097,-0.530945
0.625866,-0.222588,-0.531476
0.625093,-0.222832,-0.532140
0.624336,-0.223645,-0.532686
0.621610,-0.219408,-0.533664
0.620286,-0.217510,-0.532365
0.619663,-0.219054,-0.533287
0.617504,-0.218648,-0.532882
0.615846,-0.217332,-0.534608
0.616193,-0.217071,-0.533940
0.615682,-0.215601,-0.533698
0.612209,-0.214032,-0.533733
0.609759,-0.214822,-0.533904
0.608708,-0.212618,-0.535723
0.608038,-0.213613,-0.536849
0.606252,-0.211711,-0.535645
0.606244,-0.209132,-0.535188
0.605791,-0.211075,-0.536380
0.603111,-0.206556,-0.537649
0.601905,-0.206941,-0.536082
0.601640,-0.206802,-0.535729
0.599099,-0.205475,-0.538474
0.598971,-0.203374,-0.538585
0.596569,-0.204040,-0.537106
0.597362,-0.201462,-0.537418
0.593985,-0.202348,-0.536745
0.592938,-0.201064,-0.537425
0.591734,-0.200775,-0.537580
0.592293,-0.199030,-0.538375
0.588956,-0.201362,-0.537457
0.587297,-0.196091,-0.539826
0.586672,-0.196637,-0.538880
0.586135,-0.196317,-0.538413
0.582708,-0.193747,-0.541211
0.581650,-0.194364,-0.539298
0.580614,-0.192548,-0.540858
0.578531,-0.190676,-0.541147
0.579444,-0.191559,-0.541160
0.577584,-0.190352,-0.541241
0.577648,-0.189665,-0.540711
0.574030,-0.191037,-0.541568
0.572395,-0.188620,-0.542111
0.571084,-0.187334,-0.543232
0.569017,-0.187209,-0.543834
0.568001,-0.185325,-0.543740
0.567999,-0.184988,-0.541730
0.566198,-0.186002,-0.544809
0.565179,-0.183628,-0.544786
0.563903,-0.183825,-0.544929
0.563355,-0.184130,-0.546446
0.561541,-0.181297,-0.546073
0.558644,-0.182628,-0.545608
0.556022,-0.180298,-0.547189
0.555989,-0.179194,-0.548249
0.555016,-0.180596,-0.548700
0.553293,-0.177657,-0.549953
0.548899,-0.178621,-0.551261
0.549286,-0.178207,-0.549177
0.547783,-0.175995,-0.550859
0.544307,-0.176945,-0.552317
0.542733,-0.175138,-0.550338
0.544517,-0.176260,-0.551894
0.540927,-0.174900,-0.551137
0.540635,-0.173836,-0.553632
0.539056,-0.174188,-0.553347
0.537842,-0.174251,-0.554729
0.534820,-0.172317,-0.557054
0.533418,-0.171750,-0.556716
0.528845,-0.172644,-0.558306
0.529643,-0.171761,-0.556670
0.527147,-0.172665,-0.558975
0.526569,-0.169853,-0.559526
0.524955,-0.171174,-0.560057
0.521810,-0.169804,-0.561834
0.520449,-0.169119,-0.559446
0.517840,-0.169227,-0.563202
0.516137,-0.168457,-0.562915
0.513655,-0.170061,-0.564164
0.512706,-0.169437,-0.565529
0.509377,-0.168046,-0.568070
0.506362,-0.167885,-0.568404
0.508801,-0.167676,-0.569538
0.503928,-0.168124,-0.571175
0.500762,-0.165362,-0.572044
0.500231,-0.167956,-0.571380
0.496161,-0.166717,-0.574366
0.495193,-0.167396,-0.576600
0.491906,-0.167248,-0.578280
0.491135,-0.166585,-0.577928
0.487965,-0.166569,-0.577105
0.485302,-0.165571,-0.578519
0.482918,-0.166766,-0.578801
0.481381,-0.166633,-0.580591
0.480458,-0.168053,-0.584351
0.476709,-0.167380,-0.586742
0.474905,-0.166804,-0.586519
0.472159,-0.167407,-0.588110
0.470274,-0.169399,-0.589458
0.467859,-0.168386,-0.591415
0.464577,-0.167920,-0.593415
0.463987,-0.168991,-0.594556
0.458242,-0.167631,-0.595685
0.457573,-0.169445,-0.597492
0.454864,-0.169528,-0.597609
0.452377,-0.169115,-0.600772
0.448847,-0.169814,-0.602666
0.445069,-0.171214,-0.605040
0.444559,-0.170907,-0.605974
0.440907,-0.171811,-0.606249
0.438524,-0.172582,-0.609950
0.435757,-0.170774,-0.613517
0.432734,-0.173596,-0.615645
0.428626,-0.174927,-0.617675
0.424892,-0.173915,-0.617587
0.658945,-0.338774,-0.578428
0.657798,-0.337146,-0.576798
0.657990,-0.335301,-0.575200
0.657135,-0.333011,-0.573597
0.658953,-0.330578,-0.570452
0.657352,-0.327993,-0.570437
0.658554,-0.324546,-0.569509
0.658419,-0.322459,-0.565665
0.659649,-0.320863,-0.565169
0.659069,-0.318269,-0.564134
0.659399,-0.313899,-0.563051
0.660297,-0.312303,-0.561513
0.659702,-0.309797,-0.558142
0.658254,-0.307514,-0.556912
0.660678,-0.303943,-0.556299
0.661452,-0.301376,-0.554457
0.661811,-0.298889,-0.553095
0.662002,-0.296736,-0.551265
0.660865,-0.295599,-0.551193
0.664020,-0.292096,-0.547628
0.661428,-0.287213,-0.547739
0.662309,-0.286225,-0.545311
0.662014,-0.286714,-0.542976
0.660867,-0.282229,-0.541663
0.663985,-0.280263,-0.540182
0.662973,-0.276366,-0.539448
0.663281,-0.275560,-0.538040
0.663621,-0.270832,-0.536596
0.662396,-0.270420,-0.533655
0.662754,-0.265198,-0.533181
0.662900,-0.263377,-0.532209
0.663024,-0.260722,-0.529520
0.664812,-0.259857,-0.528388
0.665293,-0.256850,-0.525848
0.663977,-0.253400,-0.526089
0.665726,-0.250672,-0.525615
0.666881,-0.249078,-0.521368
0.662799,-0.249339,-0.520518
0.662127,-0.247795,-0.520771
0.660401,-0.249497,-0.524572
0.659246,-0.245490,-0.524088
0.658314,-0.245524,-0.524597
0.656975,-0.245866,-0.523985
0.654748,-0.245303,-0.526348
0.654480,-0.241831,-0.524681
0.653550,-0.244310,-0.524272
0.651587,-0.242846,-0.525400
0.649647,-0.242963,-0.526047
0.649364,-0.240887,-0.525447
0.646819,-0.239336,-0.526915
0.645984,-0.238509,-0.528323
0.644139,-0.238231,-0.525002
0.643849,-0.236890,-0.528129
0.640997,-0.236551,-0.528022
0.642708,-0.235379,-0.528448
0.639131,-0.234984,-0.528420
0.636432,-0.233089,-0.527476
0.638067,-0.232354,-0.527666
0.635187,-0.231847,-0.528517
0.633295,-0.232013,-0.529046
0.633365,-0.228627,-0.529073
0.631158,-0.229848,-0.529839
0.630200,-0.227320,-0.528971
0.628891,-0.227505,-0.529195
0.626807,-0.225884,-0.527490
0.628371,-0.225901,-0.529289
0.624975,-0.225487,-0.529492
0.624570,-0.225045,-0.529784
0.623017,-0.222978,-0.531208
0.621382,-0.221429,-0.530664
0.619699,-0.221748,-0.531080
0.619559,-0.221463,-0.530756
0.617314,-0.220354,-0.532341
0.615583,-0.218078,-0.532043
0.615135,-0.218379,-0.532248
0.612377,-0.216709,-0.534925
0.612943,-0.214693,-0.533013
0.612001,-0.217768,-0.533111
0.611379,-0.214036,-0.533886
0.609422,-0.214941,-0.534609
0.608521,-0.211342,-0.533132
0.605923,-0.212479,-0.534299
0.605720,-0.212104,-0.534100
0.603558,-0.211179,-0.532319
0.600389,-0.211413,-0.533252
0.602079,-0.209318,-0.536122
0.599726,-0.205812,-0.535673
0.597618,-0.206633,-0.535377
0.597388,-0.205883,-0.535409
0.596507,-0.205091,-0.535472
0.596055,-0.204258,-0.538612
0.593194,-0.203866,-0.537121
0.591738,-0.200648,-0.539451
0.591295,-0.201790,-0.537619
0.589992,-0.201352,-0.536872
0.588663,-0.199229,-0.537507
0.588410,-0.200099,-0.539731
0.585298,-0.198000,-0.538865
0.585535,-0.196770,-0.538782
0.582635,-0.195116,-0.537897
0.581355,-0.194633,-0.539611
0.581207,-0.194356,-0.538798
0.579467,-0.194623,-0.537633
0.576505,-0.191907,-0.540284
0.577517,-0.191034,-0.540562
0.574960,-0.191536,-0.539616
0.571609,-0.188714,-0.540420
0.572374,-0.189313,-0.541693
0.571817,-0.187430,-0.541755
0.570346,-0.188607,-0.540771
0.567935,-0.186954,-0.541231
0.566480,-0.186683,-0.541038
0.566171,-0.185847,-0.540677
0.564652,-0.185690,-0.542345
0.563087,-0.183762,-0.542074
0.561845,-0.183379,-0.544426
0.558481,-0.183503,-0.545044
0.558312,-0.181876,-0.545710
0.557141,-0.180577,-0.543753
0.553721,-0.182612,-0.547559
0.553098,-0.181912,-0.546108
0.552553,-0.179153,-0.545334
0.550489,-0.179778,-0.545402
0.547417,-0.178292,-0.547141
0.547014,-0.179255,-0.548172
0.545085,-0.177651,-0.548411
0.545043,-0.176005,-0.550675
0.541352,-0.176006,-0.549799
0.539910,-0.176016,-0.551490
0.539127,-0.174142,-0.552216
0.536137,-0.173890,-0.553007
0.534786,-0.173771,-0.553788
0.533980,-0.174711,-0.553981
0.533454,-0.172100,-0.555949
0.527692,-0.171528,-0.555108
0.528450,-0.170436,-0.555257
0.526222,-0.174050,-0.558025
0.524688,-0.171014,-0.555825
0.522774,-0.173123,-0.558647
0.520059,-0.171988,-0.560363
0.518770,-0.167793,-0.559860
0.516250,-0.170044,-0.561326
0.516076,-0.167461,-0.561481
0.513879,-0.168383,-0.562682
0.511457,-0.170053,-0.564158
0.510191,-0.170268,-0.564312
0.507153,-0.168392,-0.567252
0.505459,-0.169037,-0.566299
0.502339,-0.166069,-0.567306
0.500906,-0.167944,-0.571227
0.495740,-0.169141,-0.572484
0.496501,-0.169805,-0.572060
0.494230,-0.168912,-0.574248
0.493290,-0.168061,-0.572104
0.490711,-0.168258,-0.576632
0.487284,-0.167349,-0.578395
0.485154,-0.167116,-0.577127
0.482866,-0.168382,-0.582755
0.480138,-0.167436,-0.579835
0.479631,-0.168305,-0.581631
0.474651,-0.167076,-0.582911
0.473200,-0.167826,-0.585819
0.470900,-0.168752,-0.586833
0.468041,-0.169156,-0.586959
0.466224,-0.168170,-0.588658
0.465137,-0.168663,-0.590672
0.465274,-0.167947,-0.592607
0.459670,-0.169302,-0.593258
0.456865,-0.169030,-0.595260
0.453155,-0.170399,-0.595829
0.451561,-0.169546,-0.599038
0.449948,-0.170159,-0.600422
0.444634,-0.171241,-0.601615
0.443390,-0.169035,-0.603159
0.442423,-0.169740,-0.603813
0.438251,-0.171697,-0.606936
0.433324,-0.172807,-0.610065
0.430672,-0.171405,-0.613437
0.427725,-0.174543,-0.615030
0.423071,-0.174629,-0.616801
0.656961,-0.340835,-0.577507
0.655940,-0.341087,-0.575999
0.655817,-0.336068,-0.572512
0.656279,-0.335876,-0.573844
0.658404,-0.331590,-0.571719
0.656730,-0.330749,-0.570103
0.657869,-0.325105,-0.566408
0.658222,-0.323772,-0.565727
0.656196,-0.320849,-0.565813
0.658324,-0.318373,-0.561468
0.658356,-0.316793,-0.561258
0.658414,-0.312726,-0.561210
0.660377,-0.310383,-0.559155
0.659152,-0.309907,-0.556810
0.659970,-0.305172,-0.553781
0.658826,-0.300744,-0.555245
0.659083,-0.301034,-0.550854
0.658886,-0.298106,-0.550883
0.660811,-0.293713,-0.549328
0.661110,-0.292330,-0.547465
0.660918,-0.292245,-0.544831
0.660367,-0.287264,-0.543459
0.660615,-0.285965,-0.543092
0.659635,-0.284384,-0.540420
0.662168,-0.281479,-0.539538
0.660746,-0.278555,-0.538000
0.660838,-0.274453,-0.535441
0.662421,-0.272906,-0.535392
0.660305,-0.269689,-0.535952
0.662181,-0.267163,-0.534050
0.662212,-0.266429,-0.531553
0.659546,-0.261899,-0.528704
0.663132,-0.261837,-0.528427
0.663746,-0.259439,-0.527705
0.663182,-0.256286,-0.526336
0.663431,-0.252788,-0.523044
0.662596,-0.251019,-0.521384
0.663270,-0.249368,-0.521225
0.661299,-0.249262,-0.520033
0.660761,-0.246799,-0.522155
0.658884,-0.248451,-0.521969
0.657891,-0.246568,-0.523019
0.655102,-0.245852,-0.522708
0.655509,-0.245248,-0.524364
0.653148,-0.243379,-0.523856
0.651953,-0.242890,-0.524655
0.648897,-0.241214,-0.524496
0.648541,-0.242417,-0.525787
0.647366,-0.241373,-0.526911
0.647047,-0.240055,-0.525742
0.644341,-0.238682,-0.528419
0.644970,-0.238209,-0.525295
0.642391,-0.238182,-0.526302
0.642556,-0.238966,-0.525257
0.638909,-0.235398,-0.526826
0.640673,-0.235815,-0.527919
0.637869,-0.235599,-0.527257
0.634857,-0.234123,-0.525567
0.634777,-0.232959,-0.527259
0.633538,-0.231582,-0.527082
0.632240,-0.231647,-0.526547
0.631364,-0.231388,-0.529553
0.630419,-0.227909,-0.526895
0.627879,-0.229565,-0.528919
0.626397,-0.225531,-0.527747
0.626927,-0.224461,-0.530682
0.624072,-0.224257,-0.528491
0.623532,-0.224843,-0.531016
0.622637,-0.223702,-0.529159
0.619860,-0.223234,-0.530120
0.620093,-0.222796,-0.530610
0.619352,-0.221474,-0.530483
0.618492,-0.220223,-0.531809
0.616376,-0.220104,-0.531811
0.614623,-0.219357,-0.529841
0.611705,-0.218568,-0.531640
0.611570,-0.216339,-0.530107
0.610020,-0.215281,-0.531266
0.608757,-0.215358,-0.532115
0.609125,-0.211947,-0.532815
0.606114,-0.214047,-0.532290
0.603821,-0.212702,-0.532439
0.604434,-0.210502,-0.533597
0.603763,-0.211089,-0.530065
0.603075,-0.210215,-0.531485
0.599293,-0.210698,-0.533271
0.597631,-0.208528,-0.533633
0.596684,-0.208285,-0.532963
0.595657,-0.205353,-0.533954
0.593874,-0.206122,-0.534396
0.594185,-0.203779,-0.535176
0.593357,-0.203466,-0.533834
0.592276,-0.202001,-0.534886
0.591968,-0.202579,-0.536022
0.590131,-0.201579,-0.536859
0.589271,-0.199505,-0.537822
0.585349,-0.200056,-0.536962
0.583334,-0.197875,-0.536551
0.582528,-0.198671,-0.537052
0.583247,-0.197040,-0.537611
0.579766,-0.197626,-0.536904
0.579468,-0.194196,-0.536434
0.577397,-0.192702,-0.536764
0.578403,-0.193151,-0.537957
0.577260,-0.192155,-0.538400
0.575073,-0.192017,-0.539013
0.573063,-0.190650,-0.538807
0.571223,-0.190547,-0.539658
0.569913,-0.188154,-0.539558
0.569264,-0.187657,-0.540821
0.569391,-0.187762,-0.541466
0.566460,-0.186747,-0.539948
0.565368,-0.186884,-0.540063
0.563220,-0.185074,-0.542240
0.561792,-0.184928,-0.541813
0.559289,-0.182352,-0.542097
0.559011,-0.184207,-0.543019
0.556976,-0.183703,-0.541363
0.555209,-0.181810,-0.543479
0.553646,-0.182545,-0.545124
0.552837,-0.180673,-0.545126
0.550818,-0.179948,-0.546325
0.548310,-0.179340,-0.548615
0.547389,-0.180589,-0.546515
0.547124,-0.177860,-0.548809
0.545339,-0.179508,-0.547345
0.543107,-0.178014,-0.547373
0.542452,-0.177013,-0.548506
0.540583,-0.175817,-0.548866
0.537659,-0.175826,-0.549323
0.535469,-0.174723,-0.553304
0.533743,-0.175472,-0.552901
0.531996,-0.176224,-0.552146
0.529464,-0.174176,-0.554956
0.530724,-0.172523,-0.556022
0.528123,-0.173760,-0.555868
0.525416,-0.173387,-0.555571
0.522048,-0.173571,-0.557056
0.523045,-0.170976,-0.557205
0.520373,-0.171143,-0.559358
0.518133,-0.170086,-0.557660
0.517128,-0.170962,-0.559899
0.515859,-0.170469,-0.560258
0.514329,-0.168964,-0.562079
0.511009,-0.170749,-0.563246
0.508325,-0.168857,-0.564050
0.505925,-0.170177,-0.565691
0.504563,-0.169389,-0.565297
0.503734,-0.169458,-0.567157
0.500302,-0.167666,-0.568156
0.498283,-0.169833,-0.570671
0.495719,-0.169795,-0.570699
0.493032,-0.168371,-0.573362
0.492486,-0.168143,-0.573280
0.489573,-0.168293,-0.575754
0.488642,-0.167925,-0.576975
0.483244,-0.169322,-0.576973
0.482316,-0.168209,-0.576681
0.480696,-0.169659,-0.579428
0.478172,-0.169145,-0.580118
0.475547,-0.169594,-0.581022
0.472383,-0.168354,-0.581384
0.472216,-0.166853,-0.584070
0.469997,-0.168119,-0.586185
0.465617,-0.168683,-0.586855
0.463495,-0.168433,-0.590207
0.459944,-0.168291,-0.590735
0.458972,-0.169115,-0.592303
0.457552,-0.170802,-0.592175
0.454934,-0.170308,-0.594411
0.451187,-0.169552,-0.597547
0.447798,-0.169267,-0.598208
0.444566,-0.170999,-0.599584
0.442962,-0.169907,-0.600859
0.440273,-0.171228,-0.605488
0.436251,-0.171853,-0.604550
0.435190,-0.172086,-0.609407
0.429903,-0.172938,-0.609397
0.426569,-0.175476,-0.610257
0.424119,-0.175377,-0.614272
0.654445,-0.343777,-0.577301
0.656000,-0.340233,-0.576000
0.655114,-0.339274,-0.573339
0.654507,-0.335975,-0.572423
0.655668,-0.332720,-0.569799
0.656018,-0.329557,-0.569292
0.656108,-0.328980,-0.568115
0.656238,-0.325755,-0.563542
0.656199,-0.320447,-0.565459
0.657324,-0.319513,-0.563333
0.655884,-0.318168,-0.561708
0.657344,-0.314616,-0.561107
0.658064,-0.313009,-0.557974
0.658859,-0.310666,-0.556266
0.657428,-0.309739,-0.553907
0.656753,-0.305439,-0.553934
0.658504,-0.300337,-0.550533
0.657632,-0.299302,-0.548829
0.659377,-0.297273,-0.547647
0.655887,-0.295037,-0.547248
0.660221,-0.292789,-0.544771
0.659917,-0.287589,-0.544333
0.660724,-0.286070,-0.541791
0.661115,-0.283679,-0.540650
0.659376,-0.281966,-0.538494
0.658904,-0.279095,-0.537488
0.660624,-0.276065,-0.536194
0.660593,-0.274565,-0.533659
0.659908,-0.271896,-0.533488
0.660907,-0.267861,-0.531796
0.662255,-0.267369,-0.529371
0.660559,-0.262654,-0.528901
0.662721,-0.261554,-0.526464
0.662239,-0.259661,-0.524188
0.661900,-0.257616,-0.523927
0.662375,-0.256819,-0.522098
0.661104,-0.251504,-0.521779
0.661900,-0.249948,-0.517210
0.662307,-0.249306,-0.519563
0.660972,-0.247486,-0.520995
0.658005,-0.249908,-0.519781
0.657096,-0.247569,-0.519157
0.654531,-0.246728,-0.520870
0.653952,-0.246527,-0.523633
0.652812,-0.244495,-0.521960
0.650797,-0.244852,-0.523261
0.650333,-0.243974,-0.523729
0.648918,-0.242397,-0.523894
0.647931,-0.240300,-0.523618
0.646501,-0.241794,-0.522999
0.642425,-0.241250,-0.525358
0.643369,-0.240210,-0.523983
0.642460,-0.237217,-0.526778
0.639172,-0.237968,-0.524896
0.640862,-0.238613,-0.524486
0.638255,-0.237418,-0.524916
0.635006,-0.235684,-0.526038
0.635420,-0.233632,-0.526127
0.636004,-0.234229,-0.528132
0.632473,-0.234290,-0.525385
0.630471,-0.231945,-0.527231
0.630333,-0.229828,-0.529410
0.628526,-0.229967,-0.526465
0.627909,-0.228667,-0.528023
0.627142,-0.228805,-0.527729
0.624379,-0.227273,-0.527266
0.623650,-0.226051,-0.527434
0.623527,-0.225422,-0.528256
0.620341,-0.223860,-0.528523
0.619740,-0.223426,-0.528716
0.618323,-0.224214,-0.529132
0.619333,-0.219735,-0.530493
0.615870,-0.220958,-0.529146
0.614115,-0.219777,-0.529014
0.613997,-0.218621,-0.529259
0.612073,-0.219001,-0.529096
0.610770,-0.217286,-0.529962
0.609177,-0.215603,-0.531534
0.611154,-0.214323,-0.529890
0.607145,-0.216073,-0.531299
0.605323,-0.212142,-0.532368
0.604583,-0.212803,-0.530542
0.604671,-0.212255,-0.532665
0.601505,-0.211443,-0.532771
0.600161,-0.209512,-0.532833
0.600930,-0.208122,-0.532673
0.597419,-0.207704,-0.533903
0.596758,-0.208757,-0.534249
0.595174,-0.208113,-0.531630
0.594474,-0.208084,-0.533275
0.594777,-0.204564,-0.536123
0.591441,-0.203359,-0.533441
0.591582,-0.204006,-0.534864
0.590410,-0.203164,-0.535096
0.587708,-0.200571,-0.535825
0.585947,-0.201526,-0.532362
0.584155,-0.200799,-0.535166
0.584396,-0.200030,-0.534836
0.582628,-0.198306,-0.536547
0.581007,-0.197805,-0.534816
0.581959,-0.196755,-0.536762
0.578195,-0.195404,-0.535718
0.578201,-0.195397,-0.535015
0.576395,-0.194378,-0.538010
0.575260,-0.191889,-0.537267
0.575331,-0.192458,-0.537389
0.571324,-0.192923,-0.537041
0.571837,-0.192872,-0.538650
0.568791,-0.190582,-0.536186
0.568017,-0.188329,-0.538769
0.565687,-0.188136,-0.537534
0.565375,-0.187798,-0.539210
0.564118,-0.187474,-0.539304
0.562383,-0.184936,-0.539744
0.561665,-0.184454,-0.539624
0.559215,-0.186131,-0.541439
0.558002,-0.184187,-0.540608
0.555570,-0.183981,-0.540809
0.554980,-0.181980,-0.542932
0.552849,-0.181595,-0.544602
0.551007,-0.183235,-0.543275
0.551764,-0.181562,-0.543692
0.546544,-0.180726,-0.546403
0.546436,-0.180743,-0.544045
0.544850,-0.179719,-0.545089
0.543972,-0.179115,-0.545735
0.541321,-0.178843,-0.549782
0.538223,-0.178805,-0.547851
0.538252,-0.176485,-0.549306
0.534662,-0.176967,-0.548759
0.534185,-0.176989,-0.549903
0.534574,-0.176108,-0.549541
0.531872,-0.174990,-0.550866
0.531496,-0.176757,-0.551205
0.527041,-0.175260,-0.553296
0.529145,-0.173574,-0.553829
0.526018,-0.172995,-0.553991
0.522316,-0.174415,-0.556206
0.520055,-0.174021,-0.556424
0.518756,-0.173302,-0.556887
0.518742,-0.171575,-0.558224
0.515437,-0.170746,-0.557466
0.512979,-0.171351,-0.558418
0.512748,-0.171006,-0.560222
0.510274,-0.169260,-0.560471
0.507050,-0.169397,-0.562285
0.505574,-0.167858,-0.563635
0.502283,-0.169442,-0.563835
0.502703,-0.169847,-0.564593
0.498910,-0.168833,-0.569004
0.498304,-0.170973,-0.567665
0.495030,-0.169053,-0.568665
0.493705,-0.168723,-0.570326
0.489779,-0.168870,-0.572050
0.489734,-0.169202,-0.573404
0.486580,-0.169800,-0.570712
0.483965,-0.170032,-0.574828
0.481890,-0.167009,-0.576844
0.479942,-0.169061,-0.577355
0.478290,-0.168878,-0.578639
0.476829,-0.170511,-0.580166
0.472964,-0.170792,-0.581108
0.471166,-0.169462,-0.584420
0.468804,-0.169533,-0.584312
0.466314,-0.170493,-0.586055
0.463425,-0.167489,-0.586393
0.461731,-0.167748,-0.588674
0.461216,-0.169620,-0.589805
0.457256,-0.169079,-0.590031
0.452506,-0.171146,-0.593859
0.449770,-0.170396,-0.594842
0.448383,-0.169424,-0.595115
0.446122,-0.171293,-0.596550
0.443392,-0.170473,-0.599395
0.440840,-0.171586,-0.601399
0.438974,-0.171542,-0.602669
0.434225,-0.173386,-0.605465
0.428644,-0.174525,-0.609278
0.426261,-0.173692,-0.611316
0.425610,-0.173521,-0.611807
0.420916,-0.175961,-0.614199
0.654897,-0.344027,-0.576366
0.652473,-0.343425,-0.574892
0.654474,-0.340074,-0.573164
0.653331,-0.337437,-0.569603
0.656114,-0.335399,-0.569957
0.655911,-0.332661,-0.569296
0.654955,-0.327884,-0.564820
0.655120,-0.328059,-0.565598
0.654406,-0.323986,-0.564831
0.655222,-0.321730,-0.560640
0.655879,-0.318437,-0.562012
0.655831,-0.314728,-0.559524
0.655736,-0.314793,-0.556463
0.657384,-0.311014,-0.556665
0.655517,-0.307997,-0.554956
0.658162,-0.305913,-0.551470
0.656787,-0.302981,-0.551123
0.658064,-0.301030,-0.548326
0.655878,-0.299214,-0.547416
0.657038,-0.293923,-0.543723
0.657417,-0.293168,-0.544502
0.656691,-0.291910,-0.543533
0.658438,-0.288504,-0.541884
0.659174,-0.285660,-0.538872
0.658630,-0.282527,-0.538147
0.657637,-0.281631,-0.536505
0.659376,-0.280495,-0.536827
0.659749,-0.274211,-0.533463
0.659459,-0.274101,-0.533244
0.657909,-0.272390,-0.530441
0.660410,-0.269396,-0.529407
0.661411,-0.265634,-0.526188
0.662360,-0.264862,-0.525852
0.660822,-0.262770,-0.526550
0.663505,-0.257415,-0.523768
0.660884,-0.255959,-0.520071
0.660239,-0.255227,-0.518852
0.660267,-0.251310,-0.517422
0.658888,-0.250439,-0.517567
0.658406,-0.249827,-0.518999
0.657615,-0.247758,-0.520298
0.656650,-0.248495,-0.521122
0.652675,-0.249020,-0.520779
0.653198,-0.247584,-0.520688
0.650467,-0.245847,-0.520378
0.649175,-0.245744,-0.521198
0.649936,-0.243331,-0.522789
0.646115,-0.243056,-0.521850
0.645587,-0.242894,-0.521366
0.646017,-0.241718,-0.522296
0.643985,-0.239703,-0.522509
0.644719,-0.238760,-0.523395
0.638916,-0.239188,-0.524483
0.640770,-0.239417,-0.523357
0.638616,-0.237162,-0.523358
0.635622,-0.238406,-0.524951
0.634942,-0.238078,-0.524663
0.635062,-0.236596,-0.523951
0.631756,-0.235532,-0.525280
0.631545,-0.232396,-0.526251
0.632333,-0.231796,-0.524228
0.631075,-0.231243,-0.524864
0.628208,-0.231847,-0.524707
0.627770,-0.230194,-0.526588
0.626247,-0.228311,-0.526157
0.624500,-0.229293,-0.527319
0.622712,-0.226915,-0.527289
0.622307,-0.226496,-0.528179
0.619827,-0.224587,-0.525632
0.618338,-0.225759,-0.525556
0.616068,-0.225038,-0.527165
0.616248,-0.223646,-0.529501
0.615487,-0.219694,-0.528774
0.614540,-0.220685,-0.528030
0.612942,-0.220643,-0.526780
0.612118,-0.220161,-0.527287
0.611792,-0.219175,-0.530016
0.609733,-0.216472,-0.527359
0.606985,-0.214793,-0.529819
0.606176,-0.215351,-0.530531
0.606313,-0.215415,-0.530674
0.604962,-0.214354,-0.531122
0.602501,-0.213204,-0.530249
0.600325,-0.213424,-0.532255
0.600215,-0.211504,-0.529764
0.600033,-0.210288,-0.532488
0.597803,-0.207646,-0.530281
0.596372,-0.209526,-0.530604
0.595934,-0.208541,-0.532947
0.593584,-0.205788,-0.530426
0.591443,-0.206813,-0.533555
0.592690,-0.206143,-0.532913
0.589899,-0.203491,-0.532077
0.589396,-0.204117,-0.533682
0.587453,-0.200969,-0.534188
0.586706,-0.201591,-0.533321
0.585409,-0.202254,-0.532483
0.583245,-0.199431,-0.533678
0.581599,-0.199556,-0.535074
0.580649,-0.198223,-0.533874
0.579695,-0.198094,-0.536073
0.579077,-0.197577,-0.533598
0.577365,-0.194237,-0.533965
0.575727,-0.193932,-0.535315
0.575399,-0.194682,-0.536296
0.572497,-0.193517,-0.536808
0.573058,-0.190308,-0.535698
0.569026,-0.191956,-0.537539
0.569827,-0.191526,-0.535944
0.567752,-0.189362,-0.536781
0.564965,-0.189393,-0.537831
0.567199,-0.189884,-0.539448
0.562598,-0.187705,-0.537287
0.561363,-0.186783,-0.538414
0.560172,-0.186719,-0.537279
0.557736,-0.185928,-0.537967
0.557186,-0.184071,-0.540140
0.553413,-0.184798,-0.539684
0.553626,-0.183132,-0.538434
0.551742,-0.183520,-0.542384
0.550978,-0.182644,-0.543480
0.549982,-0.180376,-0.543101
0.548450,-0.181834,-0.544962
0.546329,-0.180737,-0.544112
0.543824,-0.180754,-0.544150
0.543730,-0.179273,-0.544880
0.542179,-0.179272,-0.546467
0.540353,-0.177392,-0.546189
0.538064,-0.177960,-0.549210
0.536619,-0.178557,-0.548716
0.535374,-0.178523,-0.549073
0.533752,-0.175901,-0.548006
0.530463,-0.176952,-0.549774
0.528611,-0.174499,-0.551288
0.528101,-0.175324,-0.550588
0.527988,-0.173491,-0.552342
0.524917,-0.174065,-0.552549
0.521466,-0.174365,-0.552811
0.521249,-0.173655,-0.552164
0.518313,-0.171219,-0.553881
0.517592,-0.172252,-0.556407
0.514181,-0.174271,-0.557208
0.513198,-0.173257,-0.556848
0.511070,-0.171187,-0.558024
0.511255,-0.171192,-0.561196
0.507199,-0.170647,-0.559535
0.505061,-0.172153,-0.562849
0.503170,-0.171030,-0.563861
0.498957,-0.170322,-0.564903
0.498483,-0.171365,-0.566016
0.495840,-0.168643,-0.565177
0.493823,-0.169271,-0.567740
0.490649,-0.168549,-0.567840
0.489520,-0.169587,-0.570299
0.487482,-0.170566,-0.570742
0.484811,-0.167800,-0.574110
0.483487,-0.170474,-0.572702
0.481116,-0.168488,-0.575404
0.481444,-0.170046,-0.576170
0.476609,-0.169724,-0.579579
0.476846,-0.169413,-0.579628
0.472685,-0.170347,-0.579683
0.469971,-0.168942,-0.581550
0.467090,-0.169673,-0.582120
0.465694,-0.168684,-0.584174
0.462937,-0.169614,-0.585238
0.461409,-0.168972,-0.587109
0.457039,-0.169819,-0.586232
0.454919,-0.169346,-0.590363
0.452449,-0.170435,-0.588746
0.450736,-0.169426,-0.593194
0.448788,-0.169897,-0.593872
0.445246,-0.171659,-0.594082
0.442564,-0.171379,-0.597474
0.439272,-0.171477,-0.598450
0.437385,-0.171181,-0.601144
0.433226,-0.173339,-0.602856
0.429972,-0.173408,-0.603604
0.429661,-0.174205,-0.608263
0.425115,-0.176168,-0.610112
0.421291,-0.176581,-0.612205
0.652634,-0.344794,-0.574465
0.650293,-0.340894,-0.572914
0.652980,-0.338234,-0.570164
0.653218,-0.334890,-0.569007
0.652150,-0.332615,-0.566764
0.654025,-0.329409,-0.567413
0.655605,-0.327872,-0.564385
0.654906,-0.325246,-0.562274
0.655318,-0.323262,-0.560013
0.651755,-0.320598,-0.560932
0.654149,-0.315926,-0.558512
0.655829,-0.315699,-0.556085
0.655175,-0.310106,-0.555220
0.654767,-0.309898,-0.552388
0.655717,-0.305303,-0.551204
0.657245,-0.305202,-0.551593
0.654896,-0.303585,-0.549615
0.655285,-0.300605,-0.547473
0.656545,-0.297676,-0.544998
0.656145,-0.294712,-0.546242
0.656906,-0.291932,-0.544517
0.657974,-0.288472,-0.541116
0.656969,-0.287815,-0.538794
0.657700,-0.283684,-0.538595
0.658989,-0.282095,-0.537753
0.657206,-0.278477,-0.536795
0.659294,-0.278302,-0.533303
0.657993,-0.275440,-0.531660
0.659444,-0.273173,-0.531669
0.659930,-0.270257,-0.529932
0.658798,-0.266546,-0.526906
0.660147,-0.263526,-0.526317
0.657822,-0.261510,-0.523202
0.659611,-0.259593,-0.521897
0.660352,-0.256486,-0.521208
0.658895,-0.255106,-0.519232
0.659620,-0.251492,-0.518450
0.659406,-0.250175,-0.518439
0.657589,-0.251202,-0.517573
0.654336,-0.249675,-0.519732
0.653587,-0.250585,-0.517483
0.653957,-0.248726,-0.522315
0.653072,-0.248293,-0.517749
0.651636,-0.247111,-0.521876
0.649717,-0.245835,-0.521043
0.647465,-0.246012,-0.521089
0.647645,-0.245520,-0.521111
0.645678,-0.242373,-0.521101
0.644511,-0.243774,-0.522719
0.640529,-0.241896,-0.521502
0.639735,-0.241501,-0.521153
0.639581,-0.238836,-0.522241
0.637316,-0.237928,-0.520940
0.637370,-0.238234,-0.522606
0.636467,-0.238157,-0.523160
0.636131,-0.238061,-0.524021
0.632879,-0.236414,-0.522492
0.631824,-0.236263,-0.524234
0.632393,-0.234660,-0.524716
0.628504,-0.232805,-0.523195
0.627389,-0.231543,-0.525105
0.627258,-0.231130,-0.525728
0.625977,-0.232568,-0.525525
0.625514,-0.229868,-0.525475
0.623317,-0.228374,-0.524539
0.623071,-0.228756,-0.525410
0.621185,-0.227138,-0.525130
0.619440,-0.225436,-0.525522
0.618376,-0.224094,-0.526973
0.615669,-0.224718,-0.525887
0.615459,-0.223464,-0.527374
0.615397,-0.221185,-0.528034
0.615381,-0.220924,-0.527851
0.611446,-0.221154,-0.526521
0.611294,-0.219514,-0.528215
0.611988,-0.218448,-0.527845
0.607881,-0.219270,-0.528612
0.607531,-0.218114,-0.528291
0.606821,-0.216856,-0.528586
0.604191,-0.217289,-0.527934
0.603945,-0.215645,-0.528700
0.601328,-0.212084,-0.527884
0.600784,-0.212817,-0.528777
0.600509,-0.212710,-0.528133
0.599886,-0.211278,-0.528916
0.596591,-0.211467,-0.532098
0.594840,-0.208774,-0.530991
0.594351,-0.208241,-0.531214
0.593699,-0.208579,-0.530909
0.590513,-0.207792,-0.531314
0.590244,-0.205931,-0.530432
0.591210,-0.206123,-0.531117
0.586072,-0.204519,-0.532577
0.586023,-0.203804,-0.532343
0.584623,-0.203017,-0.531587
0.585316,-0.200205,-0.530275
0.583269,-0.200427,-0.531010
0.581668,-0.200825,-0.531534
0.578934,-0.198445,-0.531043
0.578693,-0.198142,-0.533001
0.577988,-0.195085,-0.534637
0.575874,-0.195415,-0.535207
0.576013,-0.196077,-0.533932
0.573580,-0.194403,-0.535779
0.571373,-0.194781,-0.534806
0.570125,-0.193241,-0.534650
0.570624,-0.191032,-0.535187
0.568325,-0.191325,-0.535863
0.568618,-0.191958,-0.535126
0.566519,-0.191167,-0.535460
0.564473,-0.189674,-0.538151
0.562378,-0.188551,-0.538516
0.560831,-0.186723,-0.537644
0.557918,-0.186434,-0.537831
0.556940,-0.187919,-0.539595
0.555001,-0.185632,-0.538486
0.556022,-0.187944,-0.539087
0.552659,-0.184748,-0.540089
0.553036,-0.185777,-0.539722
0.549284,-0.184404,-0.541290
0.547895,-0.181542,-0.541028
0.545918,-0.183156,-0.541611
0.545001,-0.180849,-0.541455
0.543436,-0.182086,-0.544455
0.542610,-0.178463,-0.544226
0.538620,-0.180556,-0.544278
0.537167,-0.180426,-0.546104
0.538684,-0.178859,-0.544082
0.533429,-0.178465,-0.547549
0.534519,-0.176530,-0.546783
0.531440,-0.177395,-0.549271
0.528789,-0.178028,-0.547427
0.526589,-0.175223,-0.548835
0.527741,-0.176021,-0.547162
0.525192,-0.175285,-0.552337
0.521644,-0.176259,-0.550865
0.520397,-0.174627,-0.551440
0.519553,-0.173334,-0.551608
0.517909,-0.174378,-0.554070
0.514694,-0.173207,-0.556325
0.513210,-0.174336,-0.555833
0.512269,-0.173555,-0.556827
0.510984,-0.173335,-0.557091
0.507073,-0.172479,-0.558174
0.506569,-0.172990,-0.559456
0.503293,-0.172399,-0.559726
0.500372,-0.171186,-0.561990
0.501054,-0.170157,-0.563654
0.500819,-0.170304,-0.563366
0.495278,-0.172157,-0.565248
0.495607,-0.171073,-0.567013
0.491735,-0.171068,-0.568693
0.489063,-0.172724,-0.567040
0.487714,-0.172481,-0.569360
0.486676,-0.171045,-0.572248
0.481725,-0.168913,-0.570049
0.479133,-0.170555,-0.572265
0.476536,-0.170498,-0.574962
0.474960,-0.171358,-0.575345
0.474794,-0.168638,-0.576868
0.471705,-0.168607,-0.579285
0.470095,-0.168216,-0.577926
0.465961,-0.169255,-0.581729
0.463798,-0.171550,-0.582776
0.463197,-0.170468,-0.582685
0.460347,-0.170862,-0.584088
0.456238,-0.167943,-0.585608
0.454387,-0.168812,-0.588493
0.453791,-0.169073,-0.590099
0.451250,-0.171123,-0.590492
0.448957,-0.170730,-0.590829
0.447051,-0.168845,-0.591587
0.442842,-0.171136,-0.595716
0.440571,-0.169799,-0.600314
0.438342,-0.172475,-0.596003
0.434237,-0.170685,-0.600837
0.431322,-0.173490,-0.603891
0.427962,-0.173686,-0.604081
0.427999,-0.173884,-0.607473
0.420357,-0.175048,-0.608469
0.414971,-0.178234,-0.613326
0.651231,-0.343798,-0.572416
0.650620,-0.342983,-0.572437
0.652874,-0.340077,-0.569043
0.650930,-0.337102,-0.568517
0.651279,-0.336036,-0.565266
0.651064,-0.331373,-0.563862
0.653638,-0.328128,-0.564600
0.653180,-0.327740,-0.561795
0.654070,-0.326222,-0.559429
0.654353,-0.320928,-0.557914
0.654205,-0.319092,-0.554813
0.652086,-0.315559,-0.556190
0.655144,-0.314021,-0.554099
0.654464,-0.311164,-0.552492
0.653774,-0.308268,-0.551105
0.653637,-0.305580,-0.549295
0.656225,-0.306086,-0.546995
0.653600,-0.300774,-0.546189
0.654579,-0.298758,-0.545493
0.654248,-0.295029,-0.543207
0.657730,-0.293911,-0.540468
0.655479,-0.289647,-0.541084
0.656417,-0.287639,-0.541245
0.655842,-0.284826,-0.536961
0.657608,-0.284330,-0.534879
0.657999,-0.281688,-0.532971
0.656097,-0.278289,-0.530566
0.658049,-0.276618,-0.531361
0.657460,-0.272560,-0.529211
0.655880,-0.271101,-0.529244
0.658468,-0.269632,-0.527073
0.657150,-0.267372,-0.522658
0.656546,-0.262920,-0.520890
0.656447,-0.263285,-0.520962
0.657819,-0.257286,-0.520748
0.658280,-0.255901,-0.517489
0.657429,-0.251591,-0.515639
0.656399,-0.253808,-0.515753
0.656028,-0.250827,-0.518001
0.654367,-0.250279,-0.517200
0.653870,-0.249358,-0.517812
0.652248,-0.250584,-0.518395
0.650047,-0.247731,-0.518412
0.648175,-0.248962,-0.518384
0.647352,-0.247787,-0.519066
0.647394,-0.247504,-0.519466
0.644203,-0.246382,-0.521635
0.643251,-0.246018,-0.517989
0.644472,-0.245219,-0.520703
0.640450,-0.243334,-0.521066
0.640240,-0.240389,-0.521304
0.638558,-0.240527,-0.521076
0.636182,-0.240515,-0.521081
0.636051,-0.241560,-0.524374
0.635731,-0.240128,-0.522566
0.633268,-0.237175,-0.520813
0.631944,-0.237202,-0.522161
0.630934,-0.236461,-0.522531
0.632291,-0.235320,-0.522257
0.629407,-0.235337,-0.521557
0.627221,-0.234038,-0.521682
0.626028,-0.232325,-0.522338
0.624930,-0.232854,-0.524248
0.625780,-0.231086,-0.523782
0.621666,-0.228054,-0.525195
0.622549,-0.227528,-0.524458
0.619244,-0.228088,-0.523165
0.618519,-0.227429,-0.524106
0.617603,-0.224985,-0.524841
0.616038,-0.225677,-0.527189
0.613611,-0.224459,-0.527195
0.613434,-0.222259,-0.525861
0.613081,-0.222965,-0.524461
0.612494,-0.222896,-0.525559
0.610792,-0.220280,-0.526649
0.609131,-0.220446,-0.526916
0.605887,-0.218645,-0.527662
0.605784,-0.219649,-0.526253
0.605773,-0.218479,-0.527561
0.603420,-0.216208,-0.527246
0.602089,-0.216047,-0.527394
0.603066,-0.215978,-0.526597
0.600081,-0.214363,-0.528048
0.598199,-0.213266,-0.528480
0.599253,-0.212602,-0.528172
0.595240,-0.211727,-0.530842
0.593934,-0.210930,-0.530222
0.595443,-0.209630,-0.528897
0.593364,-0.207701,-0.529054
0.592139,-0.208325,-0.529239
0.588350,-0.206941,-0.530341
0.590068,-0.203922,-0.529869
0.587916,-0.204674,-0.531415
0.586809,-0.203435,-0.530346
0.584619,-0.202709,-0.531031
0.584384,-0.202030,-0.529919
0.581054,-0.203657,-0.532074
0.580361,-0.200334,-0.530038
0.580629,-0.198848,-0.532851
0.578978,-0.199459,-0.533116
0.576477,-0.197374,-0.531372
0.574696,-0.195251,-0.531596
0.575259,-0.196594,-0.534166
0.572194,-0.196399,-0.532314
0.570834,-0.193579,-0.535150
0.569594,-0.194852,-0.535084
0.568849,-0.193898,-0.534258
0.566508,-0.191264,-0.534759
0.564815,-0.191457,-0.536994
0.566210,-0.189136,-0.533535
0.564487,-0.188287,-0.536930
0.561245,-0.188875,-0.536724
0.559135,-0.188623,-0.537322
0.558027,-0.185856,-0.536842
0.556188,-0.186839,-0.537590
0.556561,-0.187657,-0.537322
0.554326,-0.185931,-0.537980
0.553017,-0.184371,-0.538856
0.550793,-0.183753,-0.538316
0.549517,-0.185008,-0.538517
0.547298,-0.182964,-0.540060
0.545720,-0.183363,-0.540959
0.542708,-0.182573,-0.541113
0.542355,-0.179924,-0.541484
0.541199,-0.180563,-0.543866
0.539546,-0.179083,-0.543714
0.536027,-0.180561,-0.546132
0.534758,-0.179602,-0.545395
0.533643,-0.178830,-0.546297
0.532327,-0.178236,-0.546017
0.532037,-0.177834,-0.545994
0.530601,-0.178393,-0.546447
0.528433,-0.178175,-0.548330
0.526606,-0.175532,-0.548677
0.524922,-0.176005,-0.548864
0.522936,-0.176006,-0.548291
0.520744,-0.174391,-0.551402
0.520229,-0.173916,-0.552744
0.517608,-0.173459,-0.551196
0.514087,-0.174487,-0.553114
0.512334,-0.173320,-0.555438
0.511747,-0.172158,-0.553880
0.511263,-0.173525,-0.556912
0.508209,-0.171332,-0.556270
0.505499,-0.171842,-0.558738
0.503352,-0.172667,-0.559475
0.500661,-0.172709,-0.558377
0.500187,-0.171975,-0.560605
0.495273,-0.172419,-0.561534
0.494812,-0.171807,-0.562905
0.494598,-0.170604,-0.563439
0.490232,-0.172261,-0.566037
0.489668,-0.170781,-0.569351
0.486369,-0.169951,-0.568920
0.486493,-0.170287,-0.569042
0.482846,-0.171620,-0.571712
0.479406,-0.172416,-0.571340
0.477374,-0.171427,-0.572004
0.476785,-0.170674,-0.573959
0.474196,-0.170244,-0.575733
0.472051,-0.170766,-0.575341
0.469060,-0.170023,-0.579962
0.467660,-0.169768,-0.580158
0.466109,-0.171110,-0.580147
0.463035,-0.169745,-0.582539
0.460385,-0.170395,-0.582530
0.456866,-0.170415,-0.583255
0.455107,-0.169771,-0.584034
0.453249,-0.171877,-0.586523
0.451470,-0.169514,-0.587918
0.446725,-0.171957,-0.589885
0.445519,-0.170860,-0.591495
0.442601,-0.171135,-0.591967
0.440301,-0.170898,-0.593985
0.438298,-0.172613,-0.596239
0.434587,-0.172640,-0.598575
0.433114,-0.174456,-0.600259
0.427574,-0.175190,-0.601838
0.425796,-0.175989,-0.605505
0.422062,-0.174064,-0.605437
0.419490,-0.178652,-0.610637
0.649470,-0.345248,-0.573225
0.649702,-0.342706,-0.569413
0.651181,-0.341264,-0.569720
0.650636,-0.339131,-0.566135
0.648436,-0.335458,-0.566042
0.650118,-0.333862,-0.564668
0.650458,-0.330896,-0.562768
0.651409,-0.328893,-0.560846
0.651725,-0.326255,-0.559771
0.648938,-0.324556,-0.558015
0.651072,-0.320762,-0.556419
0.651846,-0.317481,-0.554564
0.654677,-0.315394,-0.553715
0.651498,-0.312550,-0.551608
0.651834,-0.310183,-0.551423
0.653438,-0.307867,-0.546588
0.654244,-0.306225,-0.547584
0.655185,-0.302793,-0.544935
0.653870,-0.300032,-0.543674
0.654565,-0.297951,-0.541512
0.653513,-0.294698,-0.540863
0.653491,-0.290635,-0.538636
0.654851,-0.290129,-0.537446
0.653681,-0.287095,-0.536516
0.653973,-0.286429,-0.534616
0.657055,-0.280398,-0.534194
0.655070,-0.279976,-0.533015
0.655287,-0.278541,-0.529264
0.655433,-0.275894,-0.528612
0.656933,-0.273145,-0.525245
0.656457,-0.270922,-0.526072
0.657396,-0.267490,-0.522730
0.655720,-0.266288,-0.522084
0.659855,-0.261149,-0.522949
0.658287,-0.259312,-0.518245
0.656311,-0.256801,-0.517631
0.657069,-0.255082,-0.516113
0.657523,-0.253217,-0.516027
0.655735,-0.253478,-0.514817
0.654730,-0.251954,-0.517447
0.653572,-0.251219,-0.517930
0.650756,-0.250413,-0.517050
0.650200,-0.251237,-0.517924
0.649034,-0.248643,-0.517912
0.646371,-0.247681,-0.518096
0.645585,-0.247683,-0.518702
0.645330,-0.246479,-0.517873
0.643115,-0.247348,-0.518056
0.643638,-0.245483,-0.518998
0.640803,-0.242742,-0.519871
0.640670,-0.242806,-0.520565
0.638802,-0.243720,-0.519746
0.638138,-0.242578,-0.519297
0.635485,-0.242015,-0.522167
0.633483,-0.237999,-0.520706
0.633796,-0.238433,-0.520619
0.633021,-0.236897,-0.520656
0.631218,-0.236450,-0.521342
0.630142,-0.236268,-0.521477
0.628737,-0.233254,-0.521762
0.628030,-0.235765,-0.522386
0.626156,-0.233846,-0.523281
0.624223,-0.233536,-0.521378
0.624058,-0.232498,-0.520304
0.621370,-0.230702,-0.522103
0.619391,-0.230371,-0.524049
0.620029,-0.228174,-0.521964
0.619077,-0.228167,-0.522763
0.617922,-0.226937,-0.523831
0.615521,-0.227152,-0.522938
0.614814,-0.225514,-0.523617
0.612451,-0.221819,-0.525512
0.613103,-0.225835,-0.524204
0.610693,-0.223018,-0.525075
0.608675,-0.220266,-0.522366
0.608553,-0.221163,-0.524492
0.607103,-0.220724,-0.524437
0.605472,-0.219284,-0.526009
0.603673,-0.218729,-0.526048
0.600893,-0.215772,-0.526229
0.603135,-0.215848,-0.526186
0.600355,-0.215875,-0.525006
0.597505,-0.214703,-0.527036
0.599393,-0.213803,-0.524718
0.597150,-0.213310,-0.527946
0.596290,-0.211480,-0.527644
0.594820,-0.212000,-0.526427
0.593912,-0.209953,-0.526743
0.592793,-0.209361,-0.527291
0.590212,-0.206844,-0.528903
0.587289,-0.207788,-0.528769
0.588158,-0.207987,-0.527847
0.585866,-0.206867,-0.529475
0.582972,-0.205671,-0.528549
0.582420,-0.204480,-0.529966
0.580902,-0.204112,-0.531022
0.580734,-0.203901,-0.527658
0.580850,-0.200676,-0.530331
0.579181,-0.202454,-0.528551
0.575532,-0.200917,-0.529559
0.576423,-0.197360,-0.530236
0.572863,-0.198452,-0.531953
0.572939,-0.198339,-0.532438
0.573716,-0.196934,-0.532820
0.568274,-0.195694,-0.530036
0.569404,-0.194648,-0.532001
0.566646,-0.192394,-0.532745
0.566868,-0.194481,-0.533852
0.564915,-0.193158,-0.535853
0.562851,-0.192096,-0.533513
0.563031,-0.188928,-0.533787
0.561229,-0.189619,-0.534668
0.560425,-0.188750,-0.535024
0.557324,-0.190425,-0.536313
0.555606,-0.188493,-0.533720
0.554228,-0.190093,-0.536934
0.552889,-0.185443,-0.537748
0.551040,-0.186015,-0.536778
0.549492,-0.187277,-0.537975
0.549130,-0.184486,-0.535674
0.547825,-0.184189,-0.538107
0.545834,-0.182983,-0.539684
0.543254,-0.183416,-0.541936
0.543331,-0.183339,-0.542762
0.540712,-0.182000,-0.538376
0.537762,-0.180933,-0.542894
0.536749,-0.179917,-0.542536
0.535706,-0.180292,-0.543880
0.534178,-0.180612,-0.544036
0.532019,-0.178802,-0.546597
0.531225,-0.180217,-0.545988
0.528472,-0.179490,-0.544665
0.525519,-0.179253,-0.546277
0.525712,-0.178131,-0.545613
0.523867,-0.177570,-0.547588
0.523382,-0.176678,-0.550170
0.520740,-0.175872,-0.550353
0.517020,-0.175364,-0.551054
0.515684,-0.177197,-0.551424
0.515279,-0.174706,-0.554886
0.511841,-0.175384,-0.553974
0.512203,-0.175540,-0.555708
0.510227,-0.174893,-0.554279
0.506373,-0.174471,-0.554345
0.505633,-0.172516,-0.556929
0.501821,-0.173354,-0.557774
0.501345,-0.173092,-0.560006
0.499646,-0.173168,-0.558488
0.495818,-0.172746,-0.559393
0.497874,-0.171877,-0.560611
0.493945,-0.172496,-0.562231
0.488869,-0.172277,-0.564406
0.486565,-0.170837,-0.566331
0.487831,-0.172540,-0.565862
0.485315,-0.173138,-0.567229
0.481488,-0.172404,-0.569138
0.479169,-0.171694,-0.569425
0.477360,-0.169504,-0.571292
0.473848,-0.170117,-0.573218
0.473102,-0.171339,-0.572561
0.472941,-0.171458,-0.574944
0.468655,-0.172515,-0.577837
0.466447,-0.170694,-0.576217
0.463816,-0.170989,-0.574956
0.462428,-0.170042,-0.580362
0.460242,-0.170322,-0.581578
0.458182,-0.171099,-0.579974
0.455076,-0.170279,-0.583420
0.452561,-0.169970,-0.585517
0.451332,-0.170188,-0.585153
0.448139,-0.170206,-0.586109
0.445242,-0.170404,-0.588637
0.442629,-0.169179,-0.589832
0.441034,-0.173800,-0.591267
0.439886,-0.172401,-0.594228
0.433128,-0.173735,-0.594805
0.433240,-0.172688,-0.595433
0.430680,-0.174266,-0.599893
0.425802,-0.173386,-0.599902
0.422061,-0.174993,-0.603955
0.418363,-0.176952,-0.606941
0.648339,-0.348304,-0.571622
0.649823,-0.343988,-0.571641
0.649184,-0.343101,-0.568386
0.648474,-0.338965,-0.567085
0.649613,-0.338297,-0.566607
0.650219,-0.333598,-0.563535
0.649329,-0.332566,-0.559410
0.649047,-0.329441,-0.559505
0.652126,-0.327564,-0.559803
0.647781,-0.324856,-0.556319
0.649138,-0.320696,-0.556201
0.652042,-0.320320,-0.553703
0.651845,-0.316687,-0.553034
0.652224,-0.314823,-0.550530
0.650980,-0.310866,-0.547637
0.651162,-0.309166,-0.547460
0.652102,-0.305736,-0.546127
0.653093,-0.302671,-0.545867
0.651668,-0.300431,-0.543092
0.653550,-0.298543,-0.542699
0.652324,-0.295271,-0.538566
0.654044,-0.293945,-0.537852
0.653842,-0.290950,-0.537145
0.652685,-0.289968,-0.535458
0.653944,-0.287150,-0.533196
0.652886,-0.282899,-0.533333
0.654964,-0.282092,-0.530151
0.654320,-0.278798,-0.528661
0.655749,-0.276308,-0.527132
0.653060,-0.273146,-0.525480
0.655509,-0.270457,-0.525683
0.654505,-0.267932,-0.522321
0.656663,-0.266744,-0.520313
0.654649,-0.264652,-0.519370
0.654712,-0.262935,-0.519727
0.654606,-0.257576,-0.519043
0.656710,-0.255386,-0.514054
0.657520,-0.254526,-0.513734
0.654783,-0.253077,-0.513312
0.652468,-0.254297,-0.516523
0.651925,-0.252216,-0.515756
0.652221,-0.251167,-0.514482
0.648838,-0.251414,-0.517438
0.649379,-0.249805,-0.516003
0.645264,-0.248092,-0.516879
0.645153,-0.247631,-0.517146
0.643908,-0.250265,-0.515776
0.642676,-0.248530,-0.515873
0.641861,-0.245383,-0.517779
0.639378,-0.245298,-0.517510
0.637592,-0.245133,-0.518661
0.638472,-0.242646,-0.518563
0.637544,-0.243014,-0.519932
0.634128,-0.242903,-0.518958
0.634603,-0.242592,-0.520752
0.633201,-0.241116,-0.518722
0.632631,-0.238158,-0.520556
0.629201,-0.239001,-0.519742
0.627111,-0.235881,-0.519019
0.627536,-0.235325,-0.520023
0.625505,-0.236286,-0.521402
0.623728,-0.233589,-0.521172
0.623511,-0.232806,-0.522778
0.624006,-0.231295,-0.523686
0.621404,-0.230854,-0.522975
0.619929,-0.230308,-0.521981
0.616762,-0.228070,-0.520773
0.616788,-0.229097,-0.520715
0.616480,-0.228753,-0.520553
0.612444,-0.226117,-0.520790
0.611629,-0.227453,-0.523354
0.614488,-0.224216,-0.523632
0.609636,-0.221984,-0.523012
0.608555,-0.225940,-0.523426
0.608531,-0.221630,-0.523706
0.605163,-0.219965,-0.524254
0.604853,-0.222140,-0.522988
0.604263,-0.218851,-0.524489
0.602119,-0.216719,-0.524708
0.602116,-0.217646,-0.524864
0.602249,-0.217981,-0.525362
0.600688,-0.217503,-0.525535
0.597148,-0.215523,-0.525155
0.596948,-0.214421,-0.525545
0.595897,-0.213910,-0.526268
0.595224,-0.213306,-0.525444
0.592160,-0.213768,-0.527268
0.592865,-0.210179,-0.527971
0.590455,-0.210774,-0.524770
0.589573,-0.209278,-0.524910
0.587638,-0.209758,-0.528985
0.587854,-0.208221,-0.526568
0.585490,-0.207941,-0.527586
0.583811,-0.204570,-0.529101
0.582838,-0.205024,-0.527761
0.581149,-0.203664,-0.527799
0.578615,-0.202306,-0.528268
0.580360,-0.203656,-0.528483
0.576521,-0.203222,-0.528792
0.576856,-0.202056,-0.530270
0.575692,-0.200790,-0.529581
0.572112,-0.201724,-0.529913
0.572146,-0.197153,-0.531611
0.570062,-0.195749,-0.531879
0.570747,-0.197421,-0.529980
0.569517,-0.196021,-0.530841
0.566608,-0.194607,-0.530866
0.564596,-0.194743,-0.533084
0.563463,-0.193950,-0.531661
0.563180,-0.193670,-0.532949
0.562289,-0.192513,-0.533523
0.560241,-0.191096,-0.530821
0.559981,-0.190166,-0.534158
0.556922,-0.191195,-0.533134
0.555553,-0.189007,-0.534089
0.553261,-0.188507,-0.536004
0.551801,-0.187809,-0.535544
0.552491,-0.187875,-0.536310
0.549504,-0.186955,-0.536335
0.546868,-0.188254,-0.537591
0.544368,-0.183420,-0.538558
0.545547,-0.183312,-0.536757
0.542423,-0.185014,-0.539640
0.541684,-0.182200,-0.538872
0.540004,-0.181879,-0.540923
0.538393,-0.182788,-0.540177
0.537376,-0.183089,-0.543277
0.532870,-0.183003,-0.541207
0.531689,-0.180588,-0.543213
0.531210,-0.181410,-0.544235
0.529666,-0.180436,-0.544419
0.526011,-0.178919,-0.543765
0.525700,-0.179178,-0.545761
0.523068,-0.179650,-0.545180
0.521816,-0.179015,-0.545336
0.520746,-0.177407,-0.545487
0.519027,-0.177939,-0.547193
0.516353,-0.177203,-0.547583
0.515342,-0.175290,-0.548207
0.513525,-0.177250,-0.548600
0.512990,-0.175009,-0.549721
0.510362,-0.175136,-0.551995
0.506352,-0.174644,-0.555007
0.506600,-0.175769,-0.555249
0.503697,-0.175146,-0.555610
0.501414,-0.175550,-0.554993
0.499290,-0.171898,-0.556723
0.499774,-0.172140,-0.557317
0.495226,-0.172812,-0.560078
0.493709,-0.172950,-0.559351
0.494395,-0.172105,-0.560555
0.488455,-0.172964,-0.560108
0.488670,-0.173451,-0.563834
0.485758,-0.171028,-0.564382
0.484172,-0.171712,-0.563878
0.479613,-0.173444,-0.569688
0.478203,-0.170611,-0.568222
0.476797,-0.170805,-0.568149
0.474559,-0.172724,-0.571534
0.472494,-0.171785,-0.571726
0.472018,-0.169288,-0.572304
0.467819,-0.171267,-0.576253
0.465552,-0.171926,-0.573819
0.461508,-0.170000,-0.575466
0.463332,-0.170798,-0.576325
0.459557,-0.170122,-0.577749
0.458758,-0.170921,-0.579011
0.455113,-0.170327,-0.582056
0.450967,-0.171637,-0.582651
0.450983,-0.170774,-0.584265
0.448442,-0.170895,-0.585324
0.445833,-0.170747,-0.586833
0.443989,-0.171231,-0.589354
0.440137,-0.171661,-0.590419
0.437049,-0.171186,-0.590469
0.433749,-0.170938,-0.592786
0.431815,-0.171374,-0.594095
0.429140,-0.173993,-0.595025
0.426092,-0.174085,-0.598241
0.425152,-0.175885,-0.601437
0.420596,-0.174341,-0.602200
0.414269,-0.178949,-0.606519
0.646209,-0.345673,-0.568626
0.645403,-0.343649,-0.567317
0.647587,-0.341402,-0.565154
0.647611,-0.338167,-0.564705
0.648480,-0.336291,-0.562235
0.649585,-0.334011,-0.562293
0.650402,-0.330611,-0.560112
0.647122,-0.329336,-0.556604
0.648584,-0.325083,-0.555577
0.648623,-0.322823,-0.554981
0.647294,-0.321588,-0.553290
0.650973,-0.317174,-0.552872
0.649666,-0.315880,-0.549792
0.650017,-0.314053,-0.549157
0.650187,-0.310528,-0.546688
0.649803,-0.309332,-0.543974
0.652046,-0.302718,-0.545797
0.650703,-0.304590,-0.542376
0.652922,-0.300473,-0.542440
0.650662,-0.298909,-0.540373
0.652810,-0.295337,-0.537942
0.650927,-0.294528,-0.537306
0.650303,-0.291496,-0.535441
0.652030,-0.287725,-0.531858
0.652282,-0.285204,-0.531409
0.652981,-0.282611,-0.529603
0.652250,-0.280324,-0.527378
0.653651,-0.276380,-0.526998
0.652092,-0.274718,-0.525861
0.653208,-0.272561,-0.523028
0.653243,-0.271275,-0.522403
0.654166,-0.267624,-0.521019
0.653642,-0.265431,-0.520053
0.655059,-0.262702,-0.517829
0.655465,-0.257980,-0.515767
0.654874,-0.255909,-0.514034
0.655133,-0.255598,-0.515390
0.652920,-0.253722,-0.514737
0.652078,-0.254107,-0.512610
0.650482,-0.253124,-0.516050
0.649417,-0.251717,-0.516831
0.648918,-0.250856,-0.513882
0.645151,-0.250379,-0.516224
0.644898,-0.248750,-0.516609
0.645279,-0.248725,-0.516379
0.642928,-0.247225,-0.516302
0.644136,-0.245445,-0.516665
0.640893,-0.247279,-0.517397
0.638982,-0.245969,-0.517453
0.636953,-0.244035,-0.517606
0.636382,-0.245162,-0.516565
0.634734,-0.243192,-0.518146
0.633913,-0.241425,-0.518010
0.630288,-0.242102,-0.517310
0.631773,-0.240445,-0.520180
0.629398,-0.239169,-0.518700
0.627621,-0.239179,-0.516227
0.626568,-0.236164,-0.519621
0.627531,-0.236447,-0.517570
0.626010,-0.236554,-0.521474
0.623686,-0.233699,-0.520292
0.624659,-0.234166,-0.519832
0.620781,-0.235009,-0.519666
0.619453,-0.233069,-0.519601
0.619387,-0.231339,-0.519500
0.616868,-0.229957,-0.521512
0.618024,-0.229916,-0.520411
0.615995,-0.227335,-0.522557
0.615349,-0.225375,-0.521802
0.612191,-0.225005,-0.521996
0.611637,-0.224977,-0.521901
0.610050,-0.223825,-0.520115
0.607501,-0.225811,-0.523040
0.606891,-0.224301,-0.520065
0.607328,-0.223057,-0.521744
0.603905,-0.220826,-0.523063
0.603361,-0.221670,-0.521667
0.602556,-0.220872,-0.522140
0.599956,-0.219864,-0.524718
0.598662,-0.218673,-0.525587
0.600201,-0.215119,-0.522567
0.597318,-0.217571,-0.524506
0.595930,-0.214126,-0.524588
0.592127,-0.215891,-0.524953
0.592848,-0.213164,-0.524173
0.592155,-0.212961,-0.524223
0.592282,-0.211505,-0.522371
0.588334,-0.210587,-0.525638
0.588345,-0.211769,-0.525923
0.587467,-0.210376,-0.526341
0.585879,-0.210172,-0.526452
0.584291,-0.208037,-0.525870
0.583781,-0.208123,-0.527509
0.582899,-0.207248,-0.526663
0.579600,-0.204502,-0.528011
0.579204,-0.206687,-0.526861
0.578461,-0.202460,-0.528431
0.577470,-0.202051,-0.526893
0.573990,-0.203167,-0.526344
0.572796,-0.200074,-0.527536
0.571359,-0.200781,-0.528409
0.572733,-0.200100,-0.529891
0.570492,-0.197270,-0.528933
0.567932,-0.197689,-0.529935
0.567237,-0.195842,-0.530321
0.565626,-0.194333,-0.531134
0.566558,-0.195095,-0.528816
0.563959,-0.195149,-0.530480
0.561360,-0.195528,-0.531727
0.560094,-0.191611,-0.533075
0.557204,-0.193703,-0.532026
0.556409,-0.190255,-0.532603
0.557170,-0.189917,-0.533859
0.553340,-0.189823,-0.533108
0.552464,-0.191931,-0.533894
0.550721,-0.188795,-0.533012
0.550105,-0.188185,-0.536704
0.548474,-0.186386,-0.534512
0.546355,-0.186555,-0.536279
0.544529,-0.186228,-0.535697
0.543891,-0.185011,-0.534159
0.543825,-0.185164,-0.539043
0.542558,-0.185793,-0.538198
0.538142,-0.183834,-0.539308
0.537821,-0.182438,-0.539084
0.533955,-0.183261,-0.539928
0.534040,-0.183307,-0.542200
0.531669,-0.181787,-0.541412
0.530051,-0.180738,-0.543127
0.529753,-0.180179,-0.544900
0.527431,-0.180610,-0.543995
0.526767,-0.181524,-0.545667
0.523242,-0.177422,-0.545006
0.522828,-0.178954,-0.543316
0.521639,-0.177581,-0.545930
0.518655,-0.180339,-0.546864
0.516492,-0.177770,-0.547518
0.515766,-0.176279,-0.547075
0.513562,-0.176636,-0.549647
0.511651,-0.176626,-0.549049
0.509893,-0.175470,-0.551755
0.508266,-0.174216,-0.552455
0.505773,-0.176206,-0.552836
0.502349,-0.174010,-0.553937
0.501547,-0.173404,-0.553660
0.500602,-0.174544,-0.556441
0.497273,-0.174240,-0.557943
0.496338,-0.173357,-0.558717
0.494434,-0.175380,-0.558174
0.491903,-0.174506,-0.558678
0.490445,-0.172922,-0.558730
0.486721,-0.173732,-0.560534
0.484825,-0.172410,-0.563202
0.482970,-0.172939,-0.564359
0.480964,-0.173161,-0.562836
0.480219,-0.172865,-0.564998
0.475807,-0.172853,-0.567997
0.474119,-0.172581,-0.568472
0.471937,-0.174280,-0.568667
0.469581,-0.173135,-0.571450
0.468253,-0.171376,-0.572054
0.465523,-0.171770,-0.573575
0.463137,-0.170307,-0.573115
0.462479,-0.171292,-0.574638
0.459287,-0.172464,-0.576021
0.456090,-0.172630,-0.577202
0.453577,-0.171277,-0.576975
0.453515,-0.169847,-0.582017
0.450841,-0.172047,-0.581589
0.444983,-0.170746,-0.582954
0.444166,-0.170560,-0.583040
0.443429,-0.171176,-0.584511
0.440704,-0.173089,-0.588318
0.439126,-0.171923,-0.589457
0.435463,-0.172383,-0.589772
0.432184,-0.173292,-0.593303
0.428102,-0.172336,-0.593979
0.425229,-0.172083,-0.596217
0.423484,-0.173038,-0.597971
0.420901,-0.174906,-0.601824
0.414972,-0.176418,-0.605064
0.646071,-0.346326,-0.568923
0.645265,-0.345135,-0.566767
0.645912,-0.345896,-0.567036
0.645151,-0.341791,-0.565255
0.647479,-0.339350,-0.563849
0.649754,-0.335701,-0.561152
0.648987,-0.331583,-0.560410
0.646673,-0.329231,-0.558899
0.646591,-0.328117,-0.554631
0.647471,-0.324239,-0.555520
0.646824,-0.321997,-0.550702
0.647419,-0.320138,-0.552200
0.647658,-0.318581,-0.550639
0.648132,-0.315142,-0.548065
0.648539,-0.309692,-0.546444
0.650494,-0.310835,-0.544747
0.652215,-0.307393,-0.543135
0.649111,-0.303307,-0.540410
0.648530,-0.301752,-0.540703
0.650875,-0.300033,-0.538692
0.650047,-0.297086,-0.537139
0.649744,-0.294214,-0.536637
0.650358,-0.291311,-0.535228
0.652219,-0.288803,-0.531780
0.650450,-0.287154,-0.530749
0.651403,-0.283348,-0.529213
0.648927,-0.281393,-0.528081
0.650461,-0.278844,-0.527569
0.653488,-0.277178,-0.525416
0.653276,-0.274297,-0.524616
0.654359,-0.271752,-0.523716
0.652883,-0.267826,-0.520634
0.651895,-0.266639,-0.519145
0.652983,-0.263991,-0.518174
0.652244,-0.261986,-0.515644
0.654081,-0.259234,-0.515505
0.653792,-0.257892,-0.513395
0.653864,-0.257345,-0.514327
0.650911,-0.255763,-0.513474
0.648028,-0.253533,-0.513729
0.648306,-0.255496,-0.513854
0.648521,-0.253220,-0.513815
0.650103,-0.251209,-0.514415
0.644540,-0.252397,-0.515316
0.642390,-0.250517,-0.513541
0.639320,-0.249275,-0.514884
0.640876,-0.247260,-0.512559
0.637424,-0.246735,-0.515037
0.638826,-0.246085,-0.514656
0.637968,-0.245872,-0.516500
0.636192,-0.246049,-0.516107
0.635315,-0.243887,-0.517228
0.633016,-0.243478,-0.516937
0.630764,-0.242808,-0.515669
0.630223,-0.242652,-0.517602
0.629052,-0.240472,-0.516128
0.628311,-0.237622,-0.517276
0.626612,-0.238013,-0.516465
0.624727,-0.239350,-0.518778
0.624620,-0.237952,-0.518666
0.623446,-0.234720,-0.520247
0.622499,-0.233751,-0.519218
0.621556,-0.232492,-0.518108
0.619136,-0.234171,-0.519047
0.617387,-0.233861,-0.518280
0.616844,-0.232237,-0.518667
0.614473,-0.230208,-0.520600
0.612349,-0.228787,-0.518812
0.612472,-0.228445,-0.520931
0.610971,-0.230281,-0.520822
0.610081,-0.227716,-0.520642
0.608920,-0.227585,-0.520419
0.607554,-0.224637,-0.519597
0.606811,-0.225835,-0.521378
0.605698,-0.221586,-0.521862
0.606529,-0.224162,-0.522152
0.603852,-0.221321,-0.520613
0.601472,-0.222967,-0.522130
0.600929,-0.221014,-0.521262
0.599095,-0.219455,-0.522499
0.596124,-0.216966,-0.521628
0.595327,-0.217266,-0.522009
0.596697,-0.215743,-0.521552
0.594200,-0.216103,-0.524386
0.594160,-0.214662,-0.522398
0.591155,-0.214776,-0.525428
0.589097,-0.214228,-0.523856
0.589041,-0.213027,-0.523780
0.586897,-0.210244,-0.525841
0.587186,-0.210569,-0.523373
0.585068,-0.208276,-0.525409
0.582918,-0.210081,-0.525828
0.582176,-0.207989,-0.525409
0.581825,-0.206490,-0.525425
0.578078,-0.206613,-0.526414
0.578350,-0.205227,-0.526470
0.576771,-0.204528,-0.525499
0.574643,-0.204443,-0.526507
0.573761,-0.203142,-0.526437
0.573997,-0.202841,-0.527409
0.571790,-0.201470,-0.527343
0.571079,-0.199502,-0.527104
0.568976,-0.198959,-0.530681
0.568409,-0.198570,-0.528002
0.566340,-0.199540,-0.526718
0.565412,-0.194765,-0.528425
0.563637,-0.195917,-0.530612
0.562606,-0.196866,-0.528210
0.560360,-0.194691,-0.529135
0.559129,-0.194025,-0.530943
0.556710,-0.192966,-0.531255
0.555520,-0.192902,-0.531971
0.555365,-0.192448,-0.532692
0.553009,-0.191617,-0.533514
0.549828,-0.190663,-0.533063
0.550807,-0.190271,-0.533211
0.550071,-0.190039,-0.534472
0.546644,-0.189306,-0.534001
0.547875,-0.187429,-0.533919
0.544400,-0.187524,-0.534136
0.544589,-0.186821,-0.535801
0.540551,-0.183559,-0.536321
0.538831,-0.185383,-0.538031
0.538276,-0.184693,-0.537241
0.534868,-0.183445,-0.537175
0.533635,-0.183640,-0.538954
0.532422,-0.183375,-0.540801
0.529977,-0.182175,-0.541198
0.526862,-0.183354,-0.541440
0.527649,-0.181364,-0.541228
0.526437,-0.182519,-0.542700
0.523840,-0.180220,-0.541936
0.522477,-0.178971,-0.543828
0.521978,-0.179428,-0.544391
0.517943,-0.179707,-0.547311
0.517232,-0.177851,-0.545376
0.516295,-0.176253,-0.547174
0.514379,-0.176922,-0.545702
0.512258,-0.177199,-0.548176
0.510316,-0.178231,-0.549330
0.508290,-0.176132,-0.551001
0.507665,-0.176564,-0.552184
0.503849,-0.173636,-0.551143
0.502836,-0.174887,-0.551913
0.501328,-0.177150,-0.552342
0.499014,-0.176624,-0.556171
0.496580,-0.174081,-0.554936
0.493406,-0.175226,-0.556938
0.492880,-0.174784,-0.556690
0.488625,-0.175804,-0.557306
0.488653,-0.173816,-0.559500
0.485646,-0.172929,-0.560106
0.484167,-0.173002,-0.559401
0.482340,-0.172808,-0.563137
0.480362,-0.172943,-0.564499
0.480596,-0.171986,-0.564523
0.477199,-0.172121,-0.566344
0.473656,-0.173643,-0.566421
0.472080,-0.172421,-0.567753
0.470369,-0.172516,-0.568262
0.468090,-0.173679,-0.570250
0.465776,-0.172888,-0.570205
0.461814,-0.171917,-0.572101
0.459370,-0.173295,-0.573352
0.458572,-0.170105,-0.575071
0.456934,-0.171287,-0.575215
0.453623,-0.170794,-0.578357
0.454251,-0.170264,-0.577728
0.450564,-0.171866,-0.580372
0.446481,-0.170943,-0.581536
0.445898,-0.170604,-0.583475
0.443261,-0.171286,-0.583360
0.440600,-0.171618,-0.585577
0.438293,-0.172901,-0.586403
0.434236,-0.172409,-0.587797
0.432773,-0.172879,-0.590037
0.429915,-0.173961,-0.592529
0.424072,-0.175050,-0.593927
0.425044,-0.172709,-0.596751
0.420972,-0.174048,-0.598519
0.417506,-0.176764,-0.600024
0.409404,-0.178834,-0.606274
0.643814,-0.348871,-0.568905
0.644543,-0.345869,-0.565962
0.643812,-0.344990,-0.565078
0.646825,-0.340306,-0.562802
0.644649,-0.338346,-0.561719
0.645544,-0.337424,-0.561481
0.646587,-0.334544,-0.560657
0.647524,-0.330976,-0.558003
0.646721,-0.328066,-0.556065
0.645222,-0.326882,-0.552925
0.648791,-0.322833,-0.551520
0.646788,-0.321662,-0.551545
0.647934,-0.319170,-0.549939
0.650036,-0.316958,-0.547432
0.646175,-0.312517,-0.544920
0.646912,-0.310056,-0.542739
0.647894,-0.309517,-0.544792
0.646535,-0.307550,-0.540891
0.649277,-0.302803,-0.539601
0.648083,-0.300604,-0.537777
0.648818,-0.298314,-0.536770
0.650924,-0.294582,-0.534857
0.649100,-0.291698,-0.532803
0.647260,-0.289878,-0.531057
0.649629,-0.286974,-0.530136
0.649675,-0.284605,-0.529090
0.649391,-0.281541,-0.527796
0.652073,-0.281812,-0.525796
0.650532,-0.278399,-0.524565
0.652594,-0.275656,-0.522666
0.650997,-0.273126,-0.521124
0.651845,-0.270625,-0.521696
0.650379,-0.267684,-0.517238
0.652841,-0.264991,-0.515500
0.651052,-0.261675,-0.513877
0.652639,-0.260600,-0.513103
0.651668,-0.257707,-0.513262
0.650856,-0.258474,-0.512172
0.651310,-0.256421,-0.512474
0.648759,-0.256856,-0.512744
0.646956,-0.255121,-0.513297
0.645935,-0.252528,-0.513462
0.645993,-0.254136,-0.511551
0.645350,-0.251662,-0.514666
0.642809,-0.249723,-0.514144
0.641502,-0.249315,-0.514790
0.639002,-0.250889,-0.515169
0.638337,-0.249118,-0.515234
0.637766,-0.247914,-0.514371
0.636111,-0.246361,-0.516983
0.633895,-0.246753,-0.515036
0.633382,-0.243305,-0.515155
0.631177,-0.244501,-0.514132
0.631552,-0.242980,-0.516988
0.629552,-0.243210,-0.517544
0.629777,-0.241867,-0.517429
0.626427,-0.241345,-0.517218
0.627580,-0.240273,-0.516074
0.624305,-0.238613,-0.516557
0.623516,-0.236495,-0.516648
0.622839,-0.236555,-0.515216
0.620244,-0.235776,-0.514886
0.619491,-0.236355,-0.516637
0.618360,-0.234257,-0.517449
0.615375,-0.231396,-0.518317
0.616946,-0.230645,-0.517368
0.614757,-0.233152,-0.519317
0.612904,-0.229711,-0.519121
0.611652,-0.229973,-0.518850
0.609638,-0.229511,-0.519239
0.611150,-0.228481,-0.520370
0.608333,-0.227379,-0.519239
0.606215,-0.225756,-0.518266
0.605267,-0.226306,-0.519911
0.605720,-0.224984,-0.521110
0.603323,-0.223281,-0.519822
0.602368,-0.221925,-0.521029
0.600725,-0.223135,-0.519639
0.599178,-0.220643,-0.520796
0.597501,-0.217868,-0.520808
0.595936,-0.221137,-0.521366
0.593855,-0.219334,-0.520336
0.596252,-0.218176,-0.521713
0.593341,-0.215550,-0.521445
0.589883,-0.214674,-0.522040
0.591912,-0.214554,-0.521896
0.589528,-0.213348,-0.523177
0.587907,-0.212421,-0.522559
0.586481,-0.212029,-0.525215
0.586524,-0.211093,-0.525539
0.583812,-0.208842,-0.523558
0.582739,-0.210251,-0.523589
0.581479,-0.208431,-0.523715
0.580832,-0.207338,-0.524055
0.578193,-0.206786,-0.525649
0.576442,-0.205973,-0.526378
0.576732,-0.203392,-0.526423
0.574154,-0.204474,-0.525790
0.573505,-0.204061,-0.527120
0.572243,-0.203925,-0.525641
0.570985,-0.201795,-0.527411
0.569313,-0.200372,-0.526985
0.565989,-0.200592,-0.527586
0.565440,-0.197596,-0.527120
0.565355,-0.196881,-0.529346
0.565570,-0.196998,-0.526992
0.562737,-0.197579,-0.528642
0.561926,-0.195504,-0.527536
0.559007,-0.196102,-0.529298
0.558371,-0.193399,-0.528037
0.557519,-0.195048,-0.528169
0.556123,-0.193918,-0.529881
0.554533,-0.192734,-0.529450
0.552528,-0.190843,-0.531491
0.550488,-0.190966,-0.530910
0.550180,-0.189725,-0.532319
0.546993,-0.189467,-0.530905
0.546360,-0.189895,-0.533431
0.545886,-0.190093,-0.534232
0.544549,-0.189183,-0.534133
0.542411,-0.188100,-0.533247
0.537954,-0.184983,-0.534118
0.539443,-0.187307,-0.536484
0.537246,-0.185714,-0.535773
0.534661,-0.183449,-0.535714
0.534476,-0.181944,-0.539534
0.532571,-0.184949,-0.540311
0.530274,-0.184639,-0.538471
0.528009,-0.183219,-0.538228
0.527353,-0.182104,-0.541516
0.523643,-0.182142,-0.541904
0.522757,-0.181900,-0.540463
0.519879,-0.181510,-0.541846
0.520845,-0.180218,-0.543817
0.519200,-0.180517,-0.544038
0.515991,-0.178569,-0.545027
0.513817,-0.179341,-0.545513
0.513634,-0.178831,-0.545444
0.511407,-0.177879,-0.547193
0.509086,-0.176864,-0.546711
0.507385,-0.177568,-0.547178
0.505584,-0.176610,-0.549321
0.504959,-0.178103,-0.550060
0.500913,-0.176287,-0.551449
0.501219,-0.175592,-0.550831
0.497170,-0.174813,-0.552726
0.494863,-0.175425,-0.553268
0.494390,-0.173966,-0.554291
0.492392,-0.174328,-0.556061
0.489397,-0.172942,-0.556010
0.488755,-0.174843,-0.556088
0.488715,-0.173977,-0.557691
0.483192,-0.174167,-0.560455
0.479042,-0.173807,-0.561265
0.480281,-0.173428,-0.559583
0.477511,-0.172533,-0.559979
0.477095,-0.173732,-0.562304
0.474870,-0.173583,-0.565147
0.470766,-0.172485,-0.566910
0.469687,-0.172888,-0.566748
0.467294,-0.173214,-0.569397
0.465216,-0.173709,-0.568153
0.461693,-0.174216,-0.570596
0.459854,-0.171164,-0.572009
0.458265,-0.172203,-0.572924
0.457110,-0.173528,-0.574662
0.454513,-0.170687,-0.573728
0.450222,-0.170168,-0.577632
0.451157,-0.171175,-0.577009
0.447430,-0.170909,-0.579165
0.446543,-0.172540,-0.577855
0.442522,-0.170740,-0.580791
0.440312,-0.171344,-0.580842
0.438461,-0.171064,-0.583359
0.435781,-0.171121,-0.585787
0.433973,-0.170807,-0.586587
0.429218,-0.171962,-0.588769
0.427223,-0.172586,-0.590183
0.423839,-0.176065,-0.592890
0.422969,-0.174795,-0.594501
0.417290,-0.174702,-0.598450
0.411272,-0.179118,-0.600770
0.642370,-0.346316,-0.567064
0.642610,-0.342613,-0.563003
0.645808,-0.342107,-0.562042
0.645301,-0.342007,-0.563027
0.644793,-0.337024,-0.559715
0.645104,-0.334563,-0.557106
0.644704,-0.332973,-0.555564
0.646006,-0.328244,-0.554012
0.645532,-0.328291,-0.553886
0.646028,-0.326452,-0.551669
0.646057,-0.322217,-0.549600
0.646269,-0.319898,-0.549907
0.645867,-0.318183,-0.545653
0.647431,-0.313605,-0.546067
0.646452,-0.311917,-0.543293
0.646949,-0.309557,-0.541860
0.647024,-0.307028,-0.540644
0.647722,-0.304090,-0.538707
0.647648,-0.302654,-0.538096
0.647782,-0.299160,-0.535466
0.648280,-0.296615,-0.533708
0.647930,-0.295131,-0.532234
0.648643,-0.292128,-0.531185
0.648308,-0.289969,-0.530652
0.649910,-0.286479,-0.528404
0.649319,-0.286180,-0.525872
0.651382,-0.281920,-0.526219
0.649802,-0.279308,-0.524121
0.649982,-0.278462,-0.524275
0.651984,-0.274613,-0.520482
0.650822,-0.272381,-0.519553
0.650829,-0.267908,-0.517818
0.649807,-0.266482,-0.513849
0.650582,-0.264522,-0.513830
0.651025,-0.262387,-0.512913
0.650409,-0.259437,-0.511068
0.650009,-0.258585,-0.511129
0.649049,-0.257517,-0.510099
0.647231,-0.257364,-0.511765
0.645933,-0.256500,-0.511848
0.645758,-0.253733,-0.512926
0.644199,-0.252320,-0.511196
0.641895,-0.253245,-0.511238
0.642093,-0.251916,-0.510869
0.641901,-0.251245,-0.512126
0.640378,-0.251770,-0.514030
0.638832,-0.250038,-0.511009
0.635478,-0.250137,-0.513245
0.636451,-0.247265,-0.513398
0.633213,-0.246368,-0.514926
0.632095,-0.244638,-0.515564
0.631122,-0.245475,-0.512574
0.630956,-0.244964,-0.515062
0.628255,-0.242065,-0.514865
0.627644,-0.242472,-0.514045
0.627204,-0.242008,-0.515484
0.626739,-0.240376,-0.516276
0.623353,-0.238603,-0.514181
0.622216,-0.238648,-0.514736
0.622000,-0.238797,-0.515973
0.619113,-0.237444,-0.515440
0.617682,-0.236412,-0.516592
0.618260,-0.234475,-0.516333
0.616911,-0.234799,-0.515021
0.616327,-0.233510,-0.517651
0.613329,-0.231720,-0.516534
0.612577,-0.232707,-0.516892
0.612039,-0.230731,-0.517512
0.608045,-0.228992,-0.516466
0.607956,-0.228299,-0.519579
0.608815,-0.228119,-0.518502
0.607260,-0.226939,-0.517419
0.603629,-0.226784,-0.516961
0.603663,-0.226331,-0.518529
0.601529,-0.223504,-0.519016
0.602075,-0.221852,-0.519423
0.599046,-0.221084,-0.519692
0.599181,-0.222202,-0.520334
0.598298,-0.220122,-0.519557
0.595474,-0.219989,-0.519228
0.596123,-0.216925,-0.520938
0.592530,-0.217523,-0.522695
0.592798,-0.215875,-0.519865
0.591069,-0.215685,-0.519831
0.590608,-0.215454,-0.521403
0.588987,-0.216206,-0.522267
0.585959,-0.213691,-0.521744
0.586823,-0.214010,-0.520795
0.583509,-0.212300,-0.521831
0.580674,-0.212146,-0.522016
0.582251,-0.210883,-0.522297
0.580757,-0.210669,-0.523349
0.580836,-0.210412,-0.523605
0.579614,-0.208217,-0.523296
0.576384,-0.206397,-0.523324
0.573354,-0.206105,-0.523488
0.574901,-0.205465,-0.522771
0.573616,-0.203929,-0.524833
0.572154,-0.203661,-0.525110
0.570317,-0.201966,-0.522981
0.570658,-0.203126,-0.525155
0.565651,-0.201871,-0.525745
0.564849,-0.201452,-0.526824
0.563250,-0.198326,-0.525879
0.563065,-0.199555,-0.526555
0.562588,-0.198416,-0.527289
0.559233,-0.196769,-0.527941
0.559023,-0.195073,-0.528663
0.559030,-0.195823,-0.527821
0.555886,-0.195348,-0.527198
0.555609,-0.192031,-0.527798
0.556248,-0.193807,-0.530285
0.552549,-0.191905,-0.528320
0.548863,-0.192412,-0.530145
0.550369,-0.190468,-0.528648
0.548267,-0.192251,-0.531316
0.547121,-0.190538,-0.532019
0.542687,-0.188769,-0.531129
0.542439,-0.187987,-0.529792
0.542057,-0.190361,-0.532380
0.539434,-0.186444,-0.533190
0.538847,-0.188473,-0.534197
0.534778,-0.185565,-0.535026
0.535356,-0.186707,-0.536774
0.534014,-0.187187,-0.536447
0.530948,-0.183283,-0.536706
0.528890,-0.184098,-0.539260
0.527781,-0.183052,-0.537828
0.524339,-0.184683,-0.539132
0.523211,-0.181101,-0.540628
0.522480,-0.183194,-0.538372
0.521101,-0.181108,-0.540569
0.520169,-0.181306,-0.542294
0.516212,-0.181708,-0.543453
0.513759,-0.181046,-0.543442
0.513213,-0.179793,-0.543859
0.512291,-0.178431,-0.543276
0.509789,-0.179915,-0.543598
0.509152,-0.179333,-0.546109
0.506239,-0.179223,-0.548261
0.506942,-0.176476,-0.548282
0.502210,-0.177849,-0.549522
0.499483,-0.175593,-0.549073
0.500567,-0.177245,-0.550776
0.498629,-0.176709,-0.551343
0.495665,-0.175631,-0.551126
0.492948,-0.175710,-0.553152
0.490388,-0.174933,-0.552523
0.491256,-0.174865,-0.554682
0.488581,-0.176244,-0.557564
0.486748,-0.173316,-0.558034
0.484123,-0.175939,-0.558493
0.481149,-0.175054,-0.559751
0.477988,-0.173868,-0.558524
0.478059,-0.172444,-0.561789
0.475009,-0.176533,-0.560859
0.473023,-0.173447,-0.561620
0.469554,-0.172569,-0.563252
0.469102,-0.173500,-0.563148
0.465771,-0.173157,-0.564586
0.465940,-0.171680,-0.568210
0.461205,-0.173170,-0.569499
0.460832,-0.171960,-0.568496
0.460454,-0.171609,-0.569215
0.455322,-0.171060,-0.571988
0.453095,-0.171038,-0.572821
0.454042,-0.172150,-0.573473
0.449280,-0.169986,-0.575015
0.446735,-0.170480,-0.575854
0.445960,-0.171904,-0.576900
0.441077,-0.173510,-0.580070
0.441928,-0.169844,-0.580524
0.438946,-0.170797,-0.581333
0.432877,-0.170497,-0.584491
0.433553,-0.171417,-0.583342
0.429451,-0.172255,-0.585674
0.427228,-0.173357,-0.588293
0.425348,-0.173702,-0.589196
0.422962,-0.174284,-0.592593
0.417724,-0.173707,-0.592805
0.412513,-0.176118,-0.597042
0.408007,-0.181490,-0.604173
0.643630,-0.349412,-0.564940
0.642475,-0.347779,-0.563456
0.643158,-0.344266,-0.560941
0.642696,-0.342028,-0.558534
0.642413,-0.337223,-0.559223
0.642356,-0.337330,-0.556203
0.641790,-0.335436,-0.554385
0.642364,-0.332358,-0.553351
0.644799,-0.330017,-0.552679
0.644677,-0.325478,-0.551049
0.644392,-0.323655,-0.548735
0.645064,-0.323580,-0.548642
0.646783,-0.317062,-0.543842
0.643119,-0.315878,-0.542984
0.645690,-0.312862,-0.541616
0.646274,-0.310360,-0.543432
0.647127,-0.308966,-0.540375
0.645373,-0.306155,-0.537554
0.645342,-0.302724,-0.537257
0.646372,-0.302306,-0.536157
0.648051,-0.297502,-0.532573
0.647218,-0.296084,-0.531789
0.645757,-0.293064,-0.531313
0.646284,-0.290868,-0.528772
0.646681,-0.287502,-0.526186
0.646728,-0.285341,-0.523402
0.648558,-0.282446,-0.523839
0.646768,-0.280705,-0.521931
0.647688,-0.277203,-0.521403
0.649173,-0.274428,-0.520124
0.647518,-0.274384,-0.520056
0.647802,-0.271621,-0.516766
0.650213,-0.266493,-0.512816
0.650283,-0.265173,-0.514024
0.650347,-0.263179,-0.511645
0.650067,-0.261704,-0.509645
0.649634,-0.259411,-0.511040
0.648125,-0.257782,-0.507610
0.647373,-0.258423,-0.510638
0.644760,-0.255471,-0.513131
0.644950,-0.257333,-0.510802
0.641441,-0.256762,-0.510632
0.641552,-0.253859,-0.509621
0.638499,-0.254040,-0.510882
0.640013,-0.253268,-0.512292
0.638297,-0.251151,-0.510061
0.636620,-0.247987,-0.510955
0.636056,-0.249852,-0.513199
0.633914,-0.249797,-0.513123
0.633101,-0.248441,-0.512425
0.630456,-0.245561,-0.512886
0.629353,-0.246494,-0.513258
0.628244,-0.245656,-0.514644
0.627677,-0.243736,-0.514598
0.626984,-0.243367,-0.513269
0.624970,-0.243444,-0.515731
0.623895,-0.240534,-0.514167
0.623037,-0.240982,-0.514181
0.621851,-0.238441,-0.514379
0.619286,-0.239823,-0.513603
0.618205,-0.237031,-0.516720
0.618086,-0.237217,-0.515753
0.614582,-0.237244,-0.514561
0.617157,-0.234072,-0.517073
0.612648,-0.234151,-0.516177
0.613063,-0.233342,-0.514903
0.610048,-0.232601,-0.514078
0.611227,-0.230544,-0.515571
0.608558,-0.230782,-0.516643
0.609680,-0.229630,-0.516760
0.606690,-0.227807,-0.519445
0.604023,-0.228343,-0.517507
0.603236,-0.227548,-0.518122
0.602786,-0.224898,-0.519332
0.601558,-0.225497,-0.517009
0.599816,-0.224337,-0.518530
0.599293,-0.221865,-0.517343
0.596977,-0.222406,-0.517177
0.594264,-0.223640,-0.518674
0.597335,-0.220798,-0.519377
0.593408,-0.221220,-0.517846
0.592740,-0.220196,-0.519450
0.590885,-0.218389,-0.520170
0.589943,-0.217988,-0.520306
0.588476,-0.218084,-0.518846
0.587538,-0.216269,-0.520465
0.586518,-0.216895,-0.521176
0.584866,-0.215495,-0.521358
0.584097,-0.211575,-0.520494
0.582349,-0.212358,-0.519352
0.579682,-0.212111,-0.522633
0.578615,-0.211300,-0.522021
0.577079,-0.209228,-0.522719
0.578082,-0.209325,-0.522434
0.576141,-0.207749,-0.523182
0.574435,-0.206490,-0.523533
0.573817,-0.205379,-0.522068
0.570107,-0.205264,-0.523469
0.569849,-0.205085,-0.523386
0.569347,-0.203780,-0.523372
0.568393,-0.201253,-0.523580
0.566202,-0.200588,-0.524608
0.565206,-0.201192,-0.524367
0.563841,-0.200233,-0.523857
0.563276,-0.199535,-0.522426
0.560106,-0.198476,-0.526833
0.560487,-0.200439,-0.524843
0.558619,-0.196063,-0.525420
0.556468,-0.196515,-0.529087
0.554918,-0.196208,-0.526868
0.553175,-0.195644,-0.527660
0.551148,-0.193785,-0.527058
0.550946,-0.192358,-0.527380
0.549195,-0.193209,-0.528449
0.549813,-0.192031,-0.528334
0.545809,-0.190791,-0.530871
0.543458,-0.191471,-0.530801
0.543883,-0.190206,-0.529821
0.542946,-0.189349,-0.529878
0.541120,-0.189119,-0.530255
0.539090,-0.188810,-0.530855
0.535802,-0.186261,-0.533798
0.537049,-0.185952,-0.532255
0.535388,-0.187078,-0.533066
0.532065,-0.185954,-0.534600
0.530079,-0.185767,-0.535408
0.527333,-0.185454,-0.536714
0.527916,-0.183517,-0.536305
0.524300,-0.184709,-0.536751
0.523083,-0.183318,-0.539176
0.520286,-0.183387,-0.539738
0.522118,-0.181331,-0.539728
0.518179,-0.182818,-0.540759
0.516389,-0.180988,-0.541363
0.513107,-0.181535,-0.542519
0.514601,-0.183389,-0.542269
0.512333,-0.179355,-0.543367
0.507927,-0.179405,-0.543552
0.508283,-0.179878,-0.544127
0.505464,-0.180068,-0.545738
0.502901,-0.178154,-0.546297
0.504513,-0.178870,-0.548066
0.501392,-0.176857,-0.549674
0.498956,-0.176620,-0.548666
0.494615,-0.177493,-0.549759
0.495265,-0.176205,-0.550468
0.494197,-0.176566,-0.551515
0.488990,-0.178140,-0.552206
0.488407,-0.174948,-0.553310
0.487585,-0.175752,-0.555277
0.482913,-0.175064,-0.555864
0.481014,-0.175713,-0.556847
0.481618,-0.173318,-0.559865
0.479248,-0.176510,-0.560245
0.474780,-0.174824,-0.557543
0.473427,-0.174609,-0.560787
0.474213,-0.172817,-0.562023
0.470627,-0.174515,-0.561382
0.468647,-0.172045,-0.563862
0.465707,-0.173313,-0.563949
0.464850,-0.173774,-0.564081
0.462556,-0.172669,-0.565385
0.456751,-0.171555,-0.566063
0.457851,-0.172762,-0.569577
0.457310,-0.172489,-0.569541
0.454175,-0.173151,-0.570169
0.451499,-0.172493,-0.573000
0.450301,-0.172378,-0.574025
0.449675,-0.170197,-0.574753
0.445792,-0.172677,-0.576380
0.443188,-0.171962,-0.576190
0.439763,-0.171939,-0.578080
0.437332,-0.170957,-0.578287
0.436110,-0.172498,-0.582105
0.434141,-0.172454,-0.584093
0.430875,-0.172366,-0.586839
0.426707,-0.171262,-0.585843
0.423793,-0.171843,-0.587602
0.420813,-0.174013,-0.588296
0.417840,-0.175949,-0.592410
0.416546,-0.173625,-0.593546
0.410324,-0.175639,-0.599383
0.640471,-0.347203,-0.562116
0.642001,-0.346061,-0.561845
0.641859,-0.343818,-0.559145
0.641385,-0.340418,-0.556947
0.643760,-0.336691,-0.555058
0.642145,-0.335875,-0.553885
0.642037,-0.333382,-0.553172
0.642404,-0.330987,-0.550236
0.642411,-0.327530,-0.550857
0.642168,-0.326383,-0.548402
0.643811,-0.323193,-0.545911
0.644609,-0.318675,-0.545351
0.644360,-0.314918,-0.543022
0.644303,-0.314904,-0.542348
0.642887,-0.313009,-0.539299
0.643077,-0.308948,-0.538637
0.646327,-0.306564,-0.538026
0.645026,-0.304021,-0.536912
0.645576,-0.301993,-0.533943
0.645465,-0.300752,-0.532950
0.646165,-0.297580,-0.530536
0.646892,-0.294417,-0.529637
0.644545,-0.292134,-0.529238
0.648301,-0.289892,-0.527428
0.647733,-0.285653,-0.526043
0.647821,-0.283159,-0.522195
0.647494,-0.283392,-0.522469
0.648793,-0.279241,-0.520597
0.647741,-0.276453,-0.516686
0.648280,-0.276313,-0.516629
0.647812,-0.273082,-0.516591
0.649022,-0.269739,-0.515667
0.647262,-0.267748,-0.512024
0.648736,-0.264586,-0.513175
0.648130,-0.262706,-0.508563
0.647405,-0.260103,-0.507203
0.648548,-0.258208,-0.506401
0.645737,-0.259619,-0.511482
0.642818,-0.257196,-0.510070
0.642198,-0.257967,-0.511625
0.641576,-0.254542,-0.510323
0.641016,-0.255643,-0.510079
0.638816,-0.254454,-0.509645
0.638809,-0.251441,-0.510064
0.636278,-0.250211,-0.510819
0.635608,-0.251559,-0.510591
0.634179,-0.248816,-0.511510
0.635879,-0.248634,-0.509609
0.633909,-0.248023,-0.511756
0.630203,-0.249341,-0.512417
0.630342,-0.246991,-0.512841
0.628258,-0.246384,-0.511241
0.628059,-0.246470,-0.511628
0.625791,-0.244333,-0.513135
0.624630,-0.243069,-0.512175
0.622062,-0.240638,-0.514265
0.623044,-0.241027,-0.512105
0.618796,-0.240311,-0.512201
0.619591,-0.239886,-0.512368
0.619093,-0.236514,-0.514056
0.615966,-0.238252,-0.514261
0.615847,-0.238174,-0.515124
0.613848,-0.234092,-0.514402
0.612795,-0.236243,-0.515023
0.610742,-0.233412,-0.513563
0.609123,-0.232379,-0.512723
0.610443,-0.232189,-0.516212
0.608750,-0.232067,-0.514016
0.606065,-0.228034,-0.514211
0.607293,-0.230091,-0.514772
0.604157,-0.229024,-0.516951
0.603572,-0.226757,-0.518188
0.602501,-0.228615,-0.518534
0.599213,-0.226028,-0.516544
0.598400,-0.224803,-0.517658
0.597815,-0.225273,-0.517453
0.596988,-0.222376,-0.518217
0.596434,-0.223391,-0.516317
0.592249,-0.222924,-0.517567
0.592149,-0.220268,-0.516210
0.590627,-0.220344,-0.517334
0.589907,-0.218529,-0.518941
0.589976,-0.218555,-0.516773
0.587759,-0.217360,-0.517639
0.585894,-0.217070,-0.518714
0.582789,-0.214994,-0.519287
0.584329,-0.215816,-0.519381
0.582538,-0.214620,-0.519451
0.584187,-0.212739,-0.521104
0.580646,-0.210729,-0.520689
0.578167,-0.212251,-0.522071
0.576830,-0.209940,-0.520169
0.575919,-0.210305,-0.521434
0.575310,-0.210529,-0.520322
0.571611,-0.208649,-0.520329
0.573391,-0.208586,-0.522150
0.571607,-0.205914,-0.521921
0.569971,-0.203611,-0.522143
0.567993,-0.205072,-0.522505
0.567295,-0.204012,-0.522757
0.563467,-0.202324,-0.525080
0.563050,-0.201240,-0.523321
0.562824,-0.200704,-0.523652
0.560784,-0.199227,-0.523541
0.560812,-0.200804,-0.525006
0.558600,-0.200236,-0.524561
0.555148,-0.197022,-0.523719
0.553576,-0.198647,-0.525109
0.554499,-0.196870,-0.524702
0.552406,-0.196105,-0.524739
0.551816,-0.195863,-0.526044
0.550112,-0.193309,-0.524705
0.549053,-0.193628,-0.525517
0.547835,-0.192775,-0.528047
0.545934,-0.191726,-0.529138
0.543068,-0.191439,-0.529971
0.543950,-0.193173,-0.530959
0.541532,-0.190803,-0.530929
0.538428,-0.188312,-0.532725
0.537928,-0.188785,-0.530885
0.533431,-0.188575,-0.529982
0.530810,-0.188451,-0.533207
0.531410,-0.185816,-0.532003
0.529714,-0.188399,-0.535065
0.529770,-0.186558,-0.535208
0.528290,-0.185592,-0.535612
0.525933,-0.185748,-0.536392
0.524577,-0.184543,-0.534614
0.521201,-0.184782,-0.534521
0.518541,-0.183663,-0.537818
0.519101,-0.182852,-0.537747
0.518275,-0.181578,-0.537710
0.516834,-0.181748,-0.539905
0.513984,-0.180755,-0.541005
0.513311,-0.181171,-0.540704
0.510099,-0.179313,-0.540902
0.507997,-0.180876,-0.543526
0.506277,-0.180541,-0.545164
0.505573,-0.178676,-0.543199
0.504783,-0.178884,-0.544953
0.503394,-0.178013,-0.545155
0.500378,-0.179172,-0.548150
0.497108,-0.177793,-0.549012
0.494534,-0.178432,-0.548743
0.494978,-0.176528,-0.549090
0.491944,-0.177874,-0.548261
0.489106,-0.179484,-0.551914
0.487652,-0.178311,-0.552011
0.485587,-0.175447,-0.551387
0.484881,-0.175200,-0.553603
0.482230,-0.174726,-0.554034
0.481053,-0.175650,-0.556138
0.476976,-0.175945,-0.557500
0.475107,-0.177389,-0.558571
0.475108,-0.176539,-0.559482
0.472731,-0.175720,-0.560767
0.468310,-0.172969,-0.561784
0.468519,-0.173542,-0.562519
0.466900,-0.174576,-0.563697
0.464776,-0.173830,-0.564286
0.461587,-0.172500,-0.563137
0.461159,-0.172542,-0.565570
0.458335,-0.173031,-0.567451
0.455822,-0.172244,-0.567724
0.452508,-0.173075,-0.568857
0.451517,-0.170944,-0.569983
0.449851,-0.171515,-0.572193
0.448401,-0.172156,-0.572238
0.446294,-0.170398,-0.574929
0.442684,-0.171708,-0.574059
0.441733,-0.171503,-0.575485
0.439809,-0.171028,-0.578596
0.434413,-0.171174,-0.579837
0.432608,-0.172116,-0.580159
0.432488,-0.172774,-0.581558
0.428372,-0.172350,-0.581108
0.424300,-0.173168,-0.584939
0.423401,-0.174245,-0.587924
0.419426,-0.173223,-0.588313
0.416210,-0.173537,-0.591052
0.411330,-0.176738,-0.594621
0.405520,-0.182363,-0.602983
0.639707,-0.348338,-0.561371
0.640844,-0.346713,-0.558299
0.638421,-0.345441,-0.558388
0.639636,-0.341525,-0.555253
0.640335,-0.339367,-0.554256
0.640053,-0.337842,-0.552817
0.642014,-0.333091,-0.552531
0.640293,-0.334184,-0.552876
0.641958,-0.327988,-0.548291
0.640648,-0.326019,-0.548434
0.642764,-0.323810,-0.545252
0.641954,-0.321889,-0.544116
0.641413,-0.319256,-0.543009
0.641441,-0.316543,-0.540306
0.642500,-0.313168,-0.539192
0.644317,-0.311626,-0.537818
0.642452,-0.308247,-0.535870
0.642644,-0.305320,-0.533580
0.644460,-0.304090,-0.534249
0.642228,-0.302267,-0.531935
0.644584,-0.298140,-0.528921
0.644515,-0.295488,-0.528727
0.644328,-0.293462,-0.528759
0.643696,-0.291539,-0.527394
0.643744,-0.289291,-0.524040
0.646178,-0.287677,-0.522275
0.644456,-0.283397,-0.521938
0.645453,-0.279845,-0.520642
0.645388,-0.278438,-0.518566
0.647339,-0.276082,-0.517281
0.647099,-0.274601,-0.515249
0.645963,-0.270372,-0.514091
0.647299,-0.268773,-0.512887
0.647614,-0.266524,-0.510892
0.646098,-0.263982,-0.511532
0.645916,-0.261769,-0.507196
0.645197,-0.261086,-0.508088
0.643895,-0.258160,-0.507632
0.642357,-0.261600,-0.508715
0.640612,-0.258690,-0.508071
0.641315,-0.258126,-0.509685
0.640119,-0.256200,-0.511049
0.637985,-0.257726,-0.507224
0.636945,-0.255361,-0.509741
0.635091,-0.255303,-0.509120
0.635563,-0.252615,-0.511376
0.631329,-0.251505,-0.510314
0.632147,-0.251039,-0.508811
0.630461,-0.248603,-0.510420
0.629191,-0.249415,-0.510562
0.628241,-0.246114,-0.510390
0.627510,-0.246165,-0.509710
0.627471,-0.245618,-0.511768
0.623446,-0.245229,-0.512907
0.624623,-0.245880,-0.510913
0.622861,-0.243544,-0.512610
0.621734,-0.242674,-0.510426
0.618171,-0.241140,-0.512293
0.617637,-0.239046,-0.512685
0.617194,-0.238352,-0.513232
0.616540,-0.239282,-0.512136
0.614790,-0.238228,-0.512665
0.613509,-0.237151,-0.514382
0.610712,-0.234509,-0.513818
0.611891,-0.236249,-0.512716
0.608168,-0.235268,-0.512261
0.609244,-0.235551,-0.512475
0.607437,-0.230590,-0.513970
0.605139,-0.232754,-0.514493
0.605130,-0.232750,-0.513468
0.603617,-0.230521,-0.512212
0.603861,-0.230262,-0.513111
0.601502,-0.226216,-0.514826
0.601158,-0.227240,-0.514170
0.597496,-0.225741,-0.516105
0.595849,-0.227461,-0.514781
0.593251,-0.223615,-0.517848
0.593607,-0.225992,-0.515362
0.593653,-0.222901,-0.516068
0.591957,-0.221247,-0.517416
0.590025,-0.222425,-0.517017
0.589016,-0.219829,-0.517867
0.586850,-0.219721,-0.517415
0.587100,-0.218959,-0.517016
0.585536,-0.216745,-0.520383
0.584081,-0.217635,-0.519518
0.582922,-0.217246,-0.519602
0.582332,-0.212604,-0.517245
0.581110,-0.215137,-0.519004
0.579995,-0.211986,-0.518937
0.579578,-0.212644,-0.518331
0.576702,-0.211509,-0.520272
0.574182,-0.210435,-0.521579
0.574759,-0.209874,-0.520174
0.571934,-0.208966,-0.520571
0.570765,-0.208004,-0.521286
0.568955,-0.205719,-0.520599
0.569229,-0.206517,-0.520249
0.567332,-0.203622,-0.520684
0.564610,-0.204455,-0.523197
0.565084,-0.204456,-0.522878
0.562940,-0.204357,-0.523923
0.563055,-0.201493,-0.522073
0.560577,-0.202807,-0.522451
0.558826,-0.199862,-0.523697
0.557031,-0.200180,-0.525139
0.556126,-0.199854,-0.525032
0.554956,-0.199657,-0.523478
0.553447,-0.196366,-0.524473
0.551889,-0.198128,-0.525823
0.549764,-0.197250,-0.525974
0.550752,-0.195466,-0.526562
0.546901,-0.194032,-0.525591
0.546664,-0.193436,-0.526787
0.543316,-0.194785,-0.526739
0.543781,-0.193406,-0.526945
0.540287,-0.191572,-0.528884
0.539779,-0.191185,-0.527887
0.538766,-0.189652,-0.531381
0.536996,-0.191951,-0.528949
0.537253,-0.189005,-0.529699
0.534129,-0.188392,-0.531093
0.531883,-0.187551,-0.530804
0.530043,-0.188352,-0.530989
0.527716,-0.186380,-0.532711
0.526489,-0.187681,-0.533261
0.524158,-0.186491,-0.533694
0.523069,-0.187637,-0.533467
0.521423,-0.185201,-0.534409
0.519824,-0.183116,-0.534911
0.517406,-0.185712,-0.538444
0.516870,-0.182112,-0.536856
0.515094,-0.184161,-0.537979
0.513217,-0.183834,-0.538859
0.511779,-0.181633,-0.539271
0.509539,-0.183526,-0.539568
0.508930,-0.182712,-0.540405
0.504709,-0.181017,-0.542858
0.504913,-0.183017,-0.541386
0.501882,-0.179833,-0.543231
0.500582,-0.180466,-0.542474
0.498971,-0.181779,-0.544772
0.497917,-0.179372,-0.546834
0.496828,-0.178722,-0.548063
0.492511,-0.178672,-0.547763
0.491692,-0.176805,-0.549377
0.488256,-0.177485,-0.550413
0.486764,-0.178248,-0.550575
0.485874,-0.176418,-0.551152
0.484062,-0.176378,-0.552093
0.480289,-0.176801,-0.551952
0.480190,-0.175743,-0.554759
0.478894,-0.176064,-0.556134
0.475279,-0.174469,-0.557095
0.472919,-0.176351,-0.557488
0.472783,-0.175482,-0.557561
0.470461,-0.175409,-0.559108
0.465965,-0.172780,-0.558777
0.466298,-0.175485,-0.563948
0.463782,-0.174190,-0.561672
0.461640,-0.174403,-0.562159
0.458930,-0.173601,-0.564411
0.458227,-0.175425,-0.563848
0.455046,-0.172375,-0.565847
0.454935,-0.172230,-0.564722
0.449808,-0.172949,-0.567634
0.449256,-0.174275,-0.569774
0.449180,-0.172245,-0.569058
0.446652,-0.172874,-0.569990
0.443328,-0.170215,-0.572470
0.440663,-0.172396,-0.572542
0.439347,-0.172394,-0.575175
0.435831,-0.172318,-0.575095
0.433050,-0.172209,-0.579219
0.431604,-0.170076,-0.578511
0.427688,-0.170954,-0.582086
0.426955,-0.172126,-0.582705
0.422630,-0.172590,-0.584482
0.421318,-0.174496,-0.587874
0.417303,-0.173115,-0.589226
0.411356,-0.176881,-0.590580
0.407233,-0.176873,-0.594666
0.638600,-0.350418,-0.562437
0.638542,-0.349277,-0.559017
0.638779,-0.346080,-0.557681
0.640979,-0.342007,-0.556260
0.637918,-0.341760,-0.555341
0.638704,-0.338600,-0.552754
0.640497,-0.333904,-0.551944
0.639808,-0.333357,-0.547488
0.641189,-0.331018,-0.547985
0.642121,-0.330119,-0.546649
0.641183,-0.327308,-0.545465
0.640545,-0.324441,-0.543341
0.640792,-0.318816,-0.543099
0.640890,-0.317831,-0.541302
0.640375,-0.315235,-0.539533
0.641144,-0.312097,-0.538445
0.642454,-0.308825,-0.535483
0.642457,-0.307126,-0.535173
0.640644,-0.305094,-0.533065
0.643112,-0.302867,-0.533342
0.642108,-0.300607,-0.528814
0.641995,-0.297212,-0.527013
0.643987,-0.293654,-0.526371
0.643766,-0.293233,-0.523499
0.644318,-0.289257,-0.522494
0.644014,-0.286892,-0.522916
0.642513,-0.283539,-0.521703
0.643890,-0.282970,-0.519164
0.644662,-0.278168,-0.518322
0.645165,-0.276480,-0.517667
0.645243,-0.273659,-0.515210
0.646275,-0.272384,-0.513064
0.643432,-0.271303,-0.511492
0.647448,-0.266872,-0.510560
0.646292,-0.264116,-0.508468
0.645672,-0.261736,-0.506207
0.645842,-0.262556,-0.507542
0.643238,-0.260680,-0.506397
0.641863,-0.261813,-0.508527
0.642106,-0.260518,-0.508700
0.639370,-0.258905,-0.510399
0.638035,-0.257088,-0.507493
0.636696,-0.255985,-0.506297
0.635625,-0.255903,-0.508484
0.635468,-0.255657,-0.508623
0.632441,-0.254539,-0.507978
0.633043,-0.253409,-0.508034
0.630959,-0.252588,-0.509425
0.629406,-0.249999,-0.509458
0.628426,-0.250800,-0.510623
0.625680,-0.248890,-0.510444
0.627570,-0.248036,-0.511219
0.623523,-0.245934,-0.510997
0.623800,-0.246268,-0.510462
0.623141,-0.247076,-0.510294
0.621518,-0.244178,-0.509479
0.620626,-0.242784,-0.507747
0.619102,-0.241536,-0.509842
0.616992,-0.241186,-0.510702
0.615812,-0.241440,-0.511402
0.615851,-0.239436,-0.511821
0.613640,-0.238534,-0.509692
0.612259,-0.240024,-0.510855
0.611760,-0.237450,-0.513127
0.612189,-0.234286,-0.512227
0.608864,-0.235089,-0.512668
0.608990,-0.233073,-0.511488
0.607305,-0.234644,-0.514303
0.606615,-0.232460,-0.512154
0.604222,-0.231423,-0.514090
0.604423,-0.229144,-0.513329
0.601524,-0.229282,-0.514715
0.600841,-0.229051,-0.514990
0.597934,-0.227386,-0.513907
0.597412,-0.226670,-0.513145
0.595948,-0.225903,-0.517293
0.593474,-0.226819,-0.515100
0.594497,-0.226261,-0.515234
0.592993,-0.223826,-0.515688
0.590464,-0.222181,-0.515506
0.589839,-0.221796,-0.518037
0.588747,-0.221489,-0.517491
0.587834,-0.219038,-0.515901
0.584264,-0.217112,-0.516329
0.583271,-0.217985,-0.516954
0.583213,-0.217890,-0.518490
0.580410,-0.219982,-0.518224
0.579839,-0.214484,-0.517912
0.578498,-0.217294,-0.518642
0.578135,-0.214006,-0.517658
0.577590,-0.213449,-0.518895
0.575372,-0.212345,-0.517539
0.572920,-0.210452,-0.517345
0.572454,-0.211755,-0.518357
0.571863,-0.210539,-0.518339
0.568361,-0.209724,-0.518643
0.568835,-0.207821,-0.520857
0.568563,-0.206357,-0.521068
0.564623,-0.206685,-0.521251
0.564500,-0.204412,-0.521052
0.564122,-0.205789,-0.521376
0.561363,-0.205164,-0.523560
0.561603,-0.202453,-0.521620
0.558455,-0.201574,-0.521081
0.556273,-0.203784,-0.523821
0.557082,-0.201179,-0.522964
0.555956,-0.200958,-0.521742
0.552047,-0.199060,-0.523041
0.550574,-0.198178,-0.523917
0.550640,-0.197540,-0.523278
0.548904,-0.198013,-0.524105
0.547790,-0.196201,-0.525620
0.546068,-0.195286,-0.525563
0.545698,-0.195621,-0.526731
0.543531,-0.195057,-0.526039
0.541105,-0.194316,-0.525797
0.539959,-0.192998,-0.525937
0.539132,-0.191804,-0.527071
0.537836,-0.190531,-0.527350
0.537027,-0.191152,-0.529356
0.534236,-0.189529,-0.529633
0.535091,-0.189418,-0.530328
0.530651,-0.188854,-0.530789
0.529366,-0.188296,-0.531172
0.526953,-0.189252,-0.530828
0.525484,-0.187632,-0.531387
0.524260,-0.188616,-0.532091
0.522064,-0.188862,-0.533917
0.519366,-0.186797,-0.533775
0.518727,-0.186797,-0.536787
0.517296,-0.184468,-0.533968
0.514402,-0.185961,-0.537374
0.513481,-0.186255,-0.537299
0.512422,-0.183419,-0.539055
0.511037,-0.182076,-0.537176
0.510327,-0.183573,-0.538794
0.507784,-0.183097,-0.538757
0.506155,-0.182751,-0.539696
0.503519,-0.180234,-0.541554
0.502768,-0.180083,-0.541028
0.500695,-0.179379,-0.543941
0.499182,-0.180753,-0.545903
0.495996,-0.179286,-0.544652
0.493933,-0.180542,-0.544466
0.492968,-0.181067,-0.544100
0.490580,-0.179655,-0.547067
0.489200,-0.178899,-0.546023
0.486711,-0.177032,-0.547750
0.485784,-0.179169,-0.550235
0.484535,-0.177402,-0.551284
0.479659,-0.177204,-0.552843
0.478746,-0.175744,-0.552996
0.475603,-0.176998,-0.551727
0.474261,-0.176512,-0.553473
0.471948,-0.174449,-0.555185
0.470330,-0.174089,-0.555028
0.472329,-0.176721,-0.556570
0.468464,-0.173753,-0.558419
0.465248,-0.174589,-0.557951
0.461145,-0.174578,-0.560411
0.461330,-0.172966,-0.561543
0.460507,-0.172823,-0.561385
0.459611,-0.173426,-0.562353
0.455625,-0.172468,-0.562732
0.455132,-0.174768,-0.565405
0.450661,-0.172675,-0.566906
0.450717,-0.171934,-0.567053
0.445643,-0.172807,-0.567387
0.445891,-0.172060,-0.568600
0.442136,-0.174010,-0.569574
0.438857,-0.171399,-0.570384
0.437565,-0.173012,-0.573238
0.434865,-0.173022,-0.574142
0.434545,-0.171277,-0.575261
0.431170,-0.170294,-0.576273
0.428378,-0.173960,-0.578522
0.425569,-0.172940,-0.577031
0.421760,-0.171342,-0.582318
0.419024,-0.175024,-0.584084
0.417959,-0.174051,-0.586530
0.414733,-0.174400,-0.587887
0.409624,-0.177991,-0.591787
0.402608,-0.181005,-0.596890
0.637243,-0.349662,-0.558190
0.639214,-0.347358,-0.557377
0.638406,-0.345051,-0.556243
0.637409,-0.342249,-0.553217
0.638710,-0.338828,-0.552959
0.639203,-0.337365,-0.551781
0.638625,-0.333313,-0.550677
0.637444,-0.332212,-0.546866
0.639944,-0.329542,-0.546706
0.639881,-0.326855,-0.544329
0.639352,-0.324536,-0.542619
0.639542,-0.320652,-0.539571
0.640642,-0.318426,-0.538078
0.638115,-0.316532,-0.537066
0.638913,-0.313429,-0.538051
0.641888,-0.311432,-0.535441
0.638549,-0.309913,-0.534887
0.640799,-0.305001,-0.532194
0.641078,-0.304518,-0.528303
0.641899,-0.300521,-0.528727
0.641389,-0.299564,-0.527252
0.642719,-0.297231,-0.524094
0.642046,-0.294679,-0.524907
0.641424,-0.290716,-0.524072
0.642052,-0.287787,-0.521550
0.642927,-0.285539,-0.521565
0.644037,-0.284086,-0.518126
0.643583,-0.283150,-0.516518
0.642732,-0.278628,-0.514398
0.641086,-0.275424,-0.513202
0.645473,-0.272547,-0.512183
0.643566,-0.271478,-0.510923
0.644859,-0.268206,-0.507821
0.646565,-0.266911,-0.507454
0.643957,-0.263936,-0.505472
0.644771,-0.262950,-0.505903
0.641965,-0.262740,-0.504622
0.639402,-0.262546,-0.506294
0.639013,-0.260027,-0.507103
0.637210,-0.260089,-0.506674
0.636601,-0.258346,-0.506926
0.637009,-0.258666,-0.506822
0.634310,-0.257900,-0.507762
0.633804,-0.256186,-0.508305
0.633483,-0.255471,-0.508791
0.629798,-0.254955,-0.507971
0.630012,-0.252375,-0.510203
0.629006,-0.251781,-0.509369
0.627800,-0.250289,-0.508933
0.625785,-0.249963,-0.509095
0.626467,-0.248113,-0.507937
0.621997,-0.249914,-0.511754
0.622468,-0.247551,-0.508489
0.621646,-0.245260,-0.510085
0.619451,-0.243871,-0.509715
0.620120,-0.243061,-0.507250
0.617402,-0.242015,-0.509570
0.616260,-0.242633,-0.511122
0.616532,-0.239972,-0.510184
0.613895,-0.241659,-0.510137
0.611775,-0.239931,-0.511166
0.612400,-0.238837,-0.510295
0.610642,-0.238428,-0.510862
0.609226,-0.237543,-0.510293
0.606145,-0.237582,-0.511684
0.606089,-0.235571,-0.513184
0.605475,-0.233959,-0.511591
0.603175,-0.231641,-0.512753
0.602760,-0.231478,-0.511942
0.601312,-0.231780,-0.513428
0.599451,-0.230182,-0.514273
0.599594,-0.228795,-0.512627
0.597708,-0.227089,-0.513013
0.597184,-0.226899,-0.514668
0.594499,-0.227888,-0.512985
0.594520,-0.227656,-0.511483
0.592803,-0.223906,-0.514796
0.591133,-0.224592,-0.514796
0.589023,-0.222830,-0.516789
0.587376,-0.223444,-0.514882
0.587157,-0.221697,-0.514581
0.586659,-0.221870,-0.513681
0.583751,-0.222309,-0.516089
0.584740,-0.220879,-0.514860
0.580669,-0.219082,-0.517529
0.581270,-0.218043,-0.516980
0.579701,-0.217798,-0.517340
0.579369,-0.216557,-0.515136
0.577637,-0.217420,-0.517310
0.576606,-0.214319,-0.516071
0.573978,-0.213243,-0.517362
0.574729,-0.213552,-0.518167
0.572823,-0.212666,-0.518058
0.571490,-0.211949,-0.516451
0.570210,-0.208834,-0.519401
0.569614,-0.210905,-0.518970
0.564311,-0.207930,-0.518069
0.564356,-0.206213,-0.520311
0.565716,-0.206023,-0.519351
0.562530,-0.204540,-0.520921
0.560377,-0.206069,-0.520344
0.558581,-0.205775,-0.519952
0.557952,-0.203877,-0.519958
0.558350,-0.201680,-0.519218
0.556743,-0.202711,-0.520919
0.553562,-0.199823,-0.521498
0.553023,-0.200055,-0.521599
0.552744,-0.199048,-0.522031
0.549817,-0.198653,-0.521877
0.546884,-0.197599,-0.523458
0.547322,-0.197732,-0.523835
0.545654,-0.195886,-0.525101
0.545115,-0.196850,-0.523841
0.543135,-0.196595,-0.524719
0.541539,-0.193838,-0.525283
0.538137,-0.194147,-0.526772
0.538380,-0.191650,-0.527751
0.537089,-0.192194,-0.527267
0.535425,-0.191325,-0.526035
0.533052,-0.193041,-0.526407
0.532329,-0.189191,-0.528234
0.529059,-0.190381,-0.529070
0.526744,-0.188968,-0.529024
0.526482,-0.190087,-0.530619
0.525617,-0.188438,-0.529861
0.523368,-0.187907,-0.531751
0.522403,-0.188611,-0.530976
0.519106,-0.188732,-0.533741
0.519089,-0.187125,-0.533033
0.516216,-0.187094,-0.534901
0.513407,-0.186921,-0.535742
0.513250,-0.187199,-0.534736
0.511982,-0.184378,-0.536277
0.509148,-0.185275,-0.536463
0.505803,-0.183525,-0.538278
0.505206,-0.183205,-0.539194
0.504060,-0.182204,-0.537467
0.504129,-0.181760,-0.540611
0.499669,-0.181880,-0.540741
0.498373,-0.179226,-0.541562
0.497137,-0.179792,-0.541399
0.495597,-0.179125,-0.544955
0.493525,-0.178859,-0.543979
0.492905,-0.179943,-0.544861
0.489913,-0.178790,-0.544994
0.486818,-0.179083,-0.547489
0.487384,-0.179293,-0.545108
0.486540,-0.178270,-0.549393
0.482962,-0.178685,-0.550214
0.481574,-0.177222,-0.551292
0.477960,-0.176535,-0.550056
0.476242,-0.176584,-0.552328
0.473450,-0.177229,-0.554285
0.470219,-0.175876,-0.553204
0.472065,-0.174693,-0.555579
0.467902,-0.176532,-0.557278
0.468532,-0.175053,-0.558181
0.465159,-0.176237,-0.556817
0.462044,-0.175279,-0.558324
0.462173,-0.175506,-0.560104
0.461000,-0.172354,-0.559050
0.456477,-0.172391,-0.560952
0.456002,-0.173833,-0.563445
0.454099,-0.173935,-0.562518
0.451067,-0.171687,-0.563867
0.448326,-0.172937,-0.565678
0.446642,-0.171772,-0.566536
0.442335,-0.172619,-0.567011
0.442047,-0.171784,-0.569467
0.440964,-0.172714,-0.570598
0.438304,-0.171363,-0.570106
0.437385,-0.171652,-0.571074
0.433452,-0.170864,-0.574437
0.430116,-0.170869,-0.573557
0.426880,-0.172044,-0.575063
0.424019,-0.171457,-0.578018
0.422690,-0.171410,-0.581714
0.421013,-0.172912,-0.583121
0.418105,-0.174027,-0.582975
0.413809,-0.177582,-0.587058
0.411014,-0.174499,-0.588020
0.405100,-0.178685,-0.591843
0.636413,-0.350918,-0.558568
0.636047,-0.347340,-0.556290
0.636762,-0.346520,-0.555198
0.637044,-0.343175,-0.551936
0.637429,-0.341571,-0.551237
0.635655,-0.338899,-0.550936
0.636733,-0.337079,-0.548010
0.638080,-0.334807,-0.547412
0.638536,-0.328896,-0.546019
0.638407,-0.328919,-0.542466
0.640032,-0.325774,-0.544008
0.638252,-0.324587,-0.542481
0.637570,-0.321733,-0.539735
0.640323,-0.316942,-0.537146
0.639981,-0.317049,-0.535792
0.638503,-0.312692,-0.532898
0.636829,-0.307762,-0.532836
0.639053,-0.308826,-0.532499
0.639816,-0.305219,-0.529879
0.639002,-0.302590,-0.526888
0.641421,-0.299048,-0.526704
0.639429,-0.297792,-0.525532
0.639034,-0.294832,-0.523085
0.640867,-0.291490,-0.522025
0.640571,-0.289451,-0.519316
0.640998,-0.286770,-0.518318
0.644168,-0.285066,-0.517782
0.642724,-0.282308,-0.516671
0.641953,-0.279500,-0.514026
0.642188,-0.276771,-0.513683
0.641788,-0.274884,-0.513851
0.642286,-0.273918,-0.510531
0.642416,-0.271660,-0.508492
0.643070,-0.267681,-0.506249
0.644358,-0.264418,-0.505249
0.640832,-0.264419,-0.505327
0.641993,-0.264389,-0.505163
0.639287,-0.261252,-0.505252
0.639381,-0.260977,-0.505693
0.636993,-0.260366,-0.507339
0.636655,-0.261341,-0.505965
0.634863,-0.258096,-0.509084
0.632749,-0.257620,-0.507400
0.633182,-0.256441,-0.505691
0.629850,-0.255448,-0.506063
0.630292,-0.255162,-0.508509
0.628653,-0.254505,-0.507441
0.625678,-0.253167,-0.507902
0.626987,-0.252919,-0.507239
0.624607,-0.251851,-0.508390
0.623855,-0.250383,-0.508112
0.621732,-0.249738,-0.508756
0.622925,-0.249377,-0.507619
0.619789,-0.247270,-0.506418
0.617468,-0.245694,-0.506797
0.618587,-0.246364,-0.507394
0.615294,-0.244399,-0.509022
0.614334,-0.243244,-0.508389
0.614446,-0.242222,-0.508942
0.613793,-0.240597,-0.509668
0.611890,-0.239347,-0.509565
0.610050,-0.240159,-0.508830
0.608449,-0.239286,-0.509128
0.608046,-0.235895,-0.510561
0.605589,-0.235910,-0.510289
0.605927,-0.238024,-0.510023
0.602894,-0.236182,-0.509071
0.603121,-0.235501,-0.509310
0.602976,-0.234230,-0.511141
0.599229,-0.232291,-0.511935
0.598741,-0.230369,-0.509928
0.598782,-0.230663,-0.511497
0.594368,-0.230445,-0.512569
0.594504,-0.230892,-0.512639
0.595637,-0.227948,-0.512081
0.592772,-0.229179,-0.513681
0.590835,-0.226850,-0.514381
0.592299,-0.225976,-0.514619
0.588695,-0.224128,-0.513372
0.588206,-0.223997,-0.514295
0.587018,-0.223455,-0.513004
0.584857,-0.222016,-0.512939
0.583691,-0.220941,-0.514562
0.582464,-0.218740,-0.513845
0.580883,-0.221963,-0.514282
0.578970,-0.219143,-0.515504
0.578513,-0.217618,-0.514282
0.578608,-0.218899,-0.515702
0.576751,-0.214980,-0.515275
0.574939,-0.215877,-0.516379
0.571634,-0.212004,-0.516097
0.573312,-0.213784,-0.517066
0.569587,-0.213444,-0.515886
0.568590,-0.212083,-0.515817
0.568177,-0.212394,-0.516934
0.567517,-0.209197,-0.518085
0.567620,-0.208528,-0.518820
0.564517,-0.207438,-0.518250
0.561919,-0.205027,-0.515371
0.560221,-0.206402,-0.519809
0.559538,-0.207055,-0.519134
0.558932,-0.204945,-0.521512
0.556981,-0.205075,-0.519036
0.556544,-0.201881,-0.519278
0.556104,-0.201873,-0.521160
0.551908,-0.202619,-0.520526
0.554309,-0.200702,-0.520355
0.549729,-0.200186,-0.520833
0.549210,-0.199462,-0.520244
0.547669,-0.198055,-0.522158
0.544628,-0.196979,-0.521068
0.544571,-0.197492,-0.522527
0.543071,-0.195152,-0.522559
0.542181,-0.195714,-0.526365
0.539396,-0.196159,-0.522653
0.539082,-0.194426,-0.524671
0.536317,-0.193515,-0.523712
0.535218,-0.192788,-0.526034
0.534325,-0.193876,-0.525283
0.531986,-0.190300,-0.527426
0.529924,-0.191184,-0.527842
0.529906,-0.191669,-0.528713
0.526274,-0.191087,-0.528756
0.525247,-0.190378,-0.529340
0.524525,-0.189818,-0.530260
0.521860,-0.188401,-0.530639
0.521154,-0.188203,-0.531452
0.520089,-0.188317,-0.532986
0.518377,-0.186783,-0.531446
0.515961,-0.187202,-0.533479
0.513824,-0.186350,-0.533423
0.512225,-0.185231,-0.536319
0.509850,-0.185915,-0.535346
0.510233,-0.184098,-0.534980
0.505319,-0.184498,-0.537121
0.504577,-0.185210,-0.537429
0.503280,-0.182613,-0.537882
0.502143,-0.181266,-0.539256
0.500685,-0.182038,-0.539366
0.496717,-0.181680,-0.540184
0.497250,-0.181552,-0.540873
0.494321,-0.180640,-0.543528
0.493276,-0.181204,-0.544202
0.489477,-0.178825,-0.544410
0.491132,-0.177478,-0.544029
0.487020,-0.179419,-0.543884
0.484712,-0.181618,-0.546201
0.483809,-0.180616,-0.545127
0.483017,-0.179737,-0.546262
0.480461,-0.178473,-0.547500
0.477532,-0.177009,-0.550444
0.475791,-0.179075,-0.550214
0.474551,-0.176480,-0.551710
0.473007,-0.175311,-0.551136
0.470001,-0.175788,-0.552969
0.469238,-0.176858,-0.552884
0.467392,-0.176387,-0.554175
0.464372,-0.176147,-0.555823
0.463536,-0.174704,-0.555074
0.459340,-0.174045,-0.557335
0.460309,-0.174426,-0.555536
0.457548,-0.175308,-0.561029
0.454410,-0.176444,-0.559990
0.452305,-0.174621,-0.560226
0.449184,-0.173248,-0.561925
0.449788,-0.172856,-0.563572
0.447319,-0.172105,-0.562805
0.443474,-0.173162,-0.564376
0.444688,-0.172832,-0.564257
0.441407,-0.171434,-0.566779
0.439030,-0.171679,-0.567200
0.435973,-0.170081,-0.568911
0.434501,-0.172772,-0.570983
0.431286,-0.172714,-0.570407
0.427751,-0.172275,-0.573166
0.426830,-0.169629,-0.575258
0.422452,-0.171592,-0.577077
0.420302,-0.172562,-0.577797
0.418129,-0.173994,-0.579885
0.414934,-0.173837,-0.582370
0.409965,-0.173088,-0.583216
0.405136,-0.177490,-0.587870
0.402510,-0.179518,-0.592765
0.633299,-0.352224,-0.557844
0.636195,-0.348897,-0.554849
0.635506,-0.347479,-0.552655
0.635310,-0.345289,-0.553158
0.637533,-0.344174,-0.549019
0.635459,-0.340112,-0.549025
0.635026,-0.335071,-0.549372
0.636857,-0.334274,-0.544811
0.637062,-0.332917,-0.543514
0.636855,-0.329093,-0.543010
0.638638,-0.328080,-0.540490
0.636281,-0.324002,-0.538788
0.638614,-0.322096,-0.537682
0.637560,-0.320701,-0.536523
0.638787,-0.316856,-0.535420
0.638164,-0.314636,-0.535724
0.636748,-0.310877,-0.531679
0.637186,-0.309001,-0.527797
0.638655,-0.307346,-0.526070
0.638578,-0.303436,-0.526656
0.640262,-0.302108,-0.525958
0.639121,-0.299584,-0.524865
0.639119,-0.294662,-0.522226
0.639329,-0.292851,-0.522012
0.640114,-0.291938,-0.519611
0.640042,-0.287428,-0.517016
0.640106,-0.286349,-0.516827
0.641042,-0.284042,-0.514494
0.638866,-0.282367,-0.515191
0.642025,-0.277071,-0.511977
0.643094,-0.276239,-0.509588
0.640979,-0.274034,-0.509932
0.640857,-0.270323,-0.507680
0.641137,-0.269177,-0.507038
0.643704,-0.266626,-0.503658
0.640072,-0.265771,-0.503857
0.638695,-0.264719,-0.504482
0.638689,-0.263865,-0.506616
0.636398,-0.260267,-0.505246
0.635970,-0.262325,-0.505583
0.636564,-0.261261,-0.506181
0.635672,-0.258606,-0.505921
0.633633,-0.258143,-0.506653
0.632390,-0.257857,-0.504888
0.629715,-0.256380,-0.504586
0.629956,-0.256574,-0.505885
0.629741,-0.253499,-0.505022
0.626861,-0.254768,-0.504560
0.626262,-0.252886,-0.505997
0.623259,-0.251230,-0.507092
0.623894,-0.252039,-0.506607
0.621276,-0.251058,-0.507619
0.621383,-0.249553,-0.506494
0.620187,-0.248463,-0.507522
0.618455,-0.247134,-0.508455
0.617478,-0.245815,-0.506002
0.614276,-0.245625,-0.504892
0.614970,-0.247999,-0.508250
0.612520,-0.243475,-0.507982
0.613332,-0.242754,-0.508792
0.609408,-0.241194,-0.508694
0.609520,-0.242808,-0.507983
0.607567,-0.239929,-0.507016
0.607669,-0.237698,-0.507613
0.605478,-0.236459,-0.509045
0.604326,-0.238464,-0.508684
0.604677,-0.235853,-0.507151
0.600921,-0.235050,-0.508160
0.601266,-0.235817,-0.509118
0.599448,-0.233754,-0.509290
0.598546,-0.231669,-0.510252
0.597084,-0.231963,-0.511127
0.595487,-0.229241,-0.510849
0.595250,-0.230735,-0.511367
0.594304,-0.226895,-0.510551
0.592558,-0.227146,-0.512286
0.590376,-0.228313,-0.511039
0.590379,-0.226096,-0.513530
0.587928,-0.225281,-0.509050
0.589638,-0.223095,-0.511590
0.583542,-0.223501,-0.510380
0.583932,-0.224961,-0.512982
0.583888,-0.222587,-0.511192
0.582920,-0.221736,-0.513134
0.581668,-0.219915,-0.513856
0.579583,-0.220204,-0.513711
0.579256,-0.217898,-0.514031
0.576378,-0.218064,-0.512708
0.575551,-0.216629,-0.514359
0.572771,-0.215676,-0.513651
0.573287,-0.216426,-0.513867
0.572106,-0.214205,-0.515476
0.570722,-0.213978,-0.516927
0.568799,-0.211916,-0.516451
0.569375,-0.211148,-0.517022
0.566613,-0.211104,-0.517026
0.566196,-0.212110,-0.514516
0.563052,-0.209609,-0.517969
0.562222,-0.209145,-0.516435
0.559095,-0.208338,-0.517597
0.559186,-0.205336,-0.516270
0.558309,-0.206574,-0.517772
0.554959,-0.205975,-0.517229
0.555930,-0.204374,-0.517776
0.553940,-0.202720,-0.519161
0.552418,-0.203125,-0.521297
0.552805,-0.201474,-0.517491
0.550327,-0.202319,-0.520600
0.550651,-0.199724,-0.521580
0.547446,-0.198898,-0.518725
0.543855,-0.199831,-0.522371
0.543186,-0.198820,-0.520931
0.542401,-0.197627,-0.520863
0.540785,-0.194342,-0.522217
0.538370,-0.196815,-0.525366
0.537770,-0.196580,-0.523208
0.534681,-0.195967,-0.521780
0.534197,-0.193739,-0.522721
0.533818,-0.193190,-0.524105
0.531914,-0.195006,-0.526306
0.530582,-0.193876,-0.524821
0.527705,-0.191673,-0.526590
0.526752,-0.192207,-0.525770
0.525864,-0.190605,-0.527195
0.522498,-0.188451,-0.529397
0.522731,-0.190139,-0.530757
0.518890,-0.187899,-0.529457
0.517141,-0.189608,-0.532231
0.516142,-0.189723,-0.531805
0.515703,-0.185984,-0.530949
0.511343,-0.185617,-0.533495
0.510454,-0.188179,-0.535145
0.509709,-0.186138,-0.533739
0.508315,-0.184660,-0.535250
0.507585,-0.186111,-0.535880
0.504957,-0.184407,-0.534586
0.504116,-0.182961,-0.534996
0.501439,-0.182893,-0.538831
0.498597,-0.183459,-0.539803
0.497619,-0.184440,-0.539175
0.495833,-0.183482,-0.539782
0.493151,-0.181161,-0.541314
0.491770,-0.181664,-0.541522
0.490649,-0.181332,-0.540903
0.488816,-0.179931,-0.543188
0.488018,-0.181003,-0.543434
0.483639,-0.179488,-0.544129
0.482064,-0.179592,-0.545896
0.482978,-0.178490,-0.547514
0.478899,-0.177277,-0.547421
0.477240,-0.177390,-0.547612
0.476438,-0.175932,-0.546767
0.474939,-0.177020,-0.550263
0.469951,-0.177375,-0.547914
0.468639,-0.177176,-0.550180
0.467488,-0.175773,-0.550966
0.466650,-0.176238,-0.553993
0.464987,-0.173574,-0.555109
0.461969,-0.174697,-0.555110
0.460665,-0.174953,-0.554868
0.459074,-0.175631,-0.554071
0.456252,-0.172000,-0.557046
0.456837,-0.175217,-0.558360
0.451903,-0.174380,-0.559210
0.450256,-0.172728,-0.558878
0.447529,-0.173483,-0.562027
0.447982,-0.171756,-0.561122
0.442275,-0.172528,-0.563402
0.442006,-0.172993,-0.564732
0.440457,-0.170994,-0.565997
0.436414,-0.171884,-0.565732
0.435837,-0.173446,-0.567600
0.434213,-0.172864,-0.567648
0.431078,-0.170827,-0.568072
0.429966,-0.172911,-0.572127
0.427190,-0.171335,-0.573131
0.423097,-0.171048,-0.574402
0.420878,-0.172965,-0.573530
0.417595,-0.174330,-0.579043
0.415674,-0.173587,-0.579553
0.409418,-0.175815,-0.581885
0.407165,-0.175077,-0.585670
0.402939,-0.178724,-0.589278
0.633951,-0.352557,-0.556105
0.633664,-0.347464,-0.551704
0.634591,-0.347372,-0.551028
0.634808,-0.342526,-0.549935
0.633739,-0.340572,-0.547638
0.633797,-0.338681,-0.548378
0.637651,-0.336275,-0.545875
0.634592,-0.332836,-0.544100
0.635798,-0.330992,-0.543203
0.636226,-0.329144,-0.540941
0.634670,-0.327316,-0.539891
0.634699,-0.323008,-0.536302
0.634763,-0.320125,-0.536308
0.635363,-0.319066,-0.537260
0.634824,-0.317080,-0.533528
0.635222,-0.313217,-0.532559
0.638416,-0.312391,-0.528636
0.636784,-0.307405,-0.529882
0.638531,-0.307777,-0.527789
0.638344,-0.301599,-0.524287
0.637976,-0.301014,-0.524167
0.636722,-0.299270,-0.524030
0.638373,-0.296426,-0.521455
0.638055,-0.293102,-0.517952
0.639045,-0.290219,-0.517938
0.640344,-0.288160,-0.517533
0.639591,-0.286332,-0.514619
0.637845,-0.283851,-0.511420
0.640215,-0.280185,-0.511907
0.640506,-0.276736,-0.509256
0.640266,-0.274293,-0.507027
0.640460,-0.273378,-0.506114
0.642020,-0.269625,-0.506357
0.642393,-0.268154,-0.503903
0.638996,-0.265289,-0.504026
0.636698,-0.264876,-0.503545
0.638214,-0.266397,-0.502193
0.635888,-0.263406,-0.504804
0.636712,-0.262203,-0.503716
0.635206,-0.260730,-0.505965
0.633920,-0.260756,-0.505403
0.630833,-0.258578,-0.504980
0.630743,-0.259383,-0.503590
0.629058,-0.261554,-0.505044
0.626500,-0.258724,-0.505650
0.625798,-0.257782,-0.505602
0.624683,-0.255164,-0.506199
0.624982,-0.253634,-0.505179
0.622907,-0.253853,-0.507038
0.620818,-0.253402,-0.505417
0.621026,-0.250674,-0.506128
0.618865,-0.251190,-0.505765
0.619298,-0.249260,-0.506829
0.616538,-0.248275,-0.505940
0.616381,-0.247880,-0.505397
0.614930,-0.246021,-0.508629
0.612985,-0.246468,-0.507782
0.612794,-0.243292,-0.506935
0.610000,-0.244914,-0.506948
0.609055,-0.242749,-0.507643
0.609695,-0.241509,-0.507801
0.606343,-0.239490,-0.507639
0.607893,-0.239440,-0.507302
0.605773,-0.239253,-0.508532
0.602277,-0.238190,-0.507933
0.601519,-0.238732,-0.507852
0.601187,-0.236034,-0.508047
0.601629,-0.233563,-0.507384
0.599550,-0.234988,-0.508644
0.598130,-0.232740,-0.509989
0.596011,-0.230654,-0.509328
0.595156,-0.232402,-0.510409
0.594040,-0.230630,-0.511635
0.592379,-0.231663,-0.509469
0.591038,-0.228779,-0.511477
0.589160,-0.229628,-0.509271
0.588612,-0.228090,-0.509740
0.586316,-0.228874,-0.509832
0.585134,-0.226911,-0.507407
0.583561,-0.224791,-0.509573
0.582097,-0.223268,-0.511910
0.580956,-0.224391,-0.511697
0.580017,-0.221186,-0.511380
0.579519,-0.219818,-0.511380
0.578587,-0.220956,-0.511725
0.577203,-0.221582,-0.510980
0.575704,-0.216724,-0.512840
0.574440,-0.218652,-0.512952
0.573474,-0.217889,-0.514417
0.572744,-0.217823,-0.514569
0.570672,-0.215069,-0.511523
0.568704,-0.214026,-0.513832
0.568402,-0.213885,-0.516043
0.566579,-0.212164,-0.510726
0.563928,-0.211422,-0.514828
0.564051,-0.212186,-0.514404
0.563891,-0.210085,-0.514231
0.561968,-0.209129,-0.515042
0.560337,-0.209762,-0.514927
0.557671,-0.208210,-0.516081
0.554790,-0.205977,-0.515248
0.556735,-0.205500,-0.516898
0.553176,-0.205454,-0.517549
0.553043,-0.205274,-0.517425
0.551075,-0.204444,-0.519041
0.549402,-0.203436,-0.517238
0.549576,-0.201531,-0.517764
0.546825,-0.202333,-0.519003
0.546262,-0.200539,-0.520229
0.545276,-0.199833,-0.520546
0.543121,-0.198527,-0.518109
0.542904,-0.199821,-0.521097
0.540056,-0.197938,-0.520479
0.538170,-0.196366,-0.520957
0.539212,-0.197121,-0.521435
0.536742,-0.196156,-0.521877
0.533085,-0.194819,-0.521251
0.531172,-0.191705,-0.524993
0.529071,-0.195511,-0.522425
0.528494,-0.194508,-0.524209
0.526190,-0.193758,-0.526370
0.525094,-0.193163,-0.526501
0.523030,-0.192555,-0.527653
0.520055,-0.192037,-0.527887
0.521875,-0.190810,-0.528438
0.517799,-0.191365,-0.529579
0.517639,-0.189327,-0.529331
0.515223,-0.189482,-0.529027
0.514180,-0.188974,-0.531687
0.512936,-0.187999,-0.532993
0.512583,-0.186994,-0.534006
0.509376,-0.187162,-0.533288
0.507201,-0.186745,-0.536361
0.505589,-0.186187,-0.532488
0.504522,-0.186865,-0.535087
0.500306,-0.186320,-0.536514
0.499537,-0.185866,-0.535310
0.497939,-0.183715,-0.538131
0.498811,-0.184936,-0.537513
0.493330,-0.183136,-0.539437
0.493969,-0.183008,-0.537725
0.493894,-0.181675,-0.540005
0.489330,-0.182170,-0.539436
0.488896,-0.180305,-0.539678
0.487027,-0.182754,-0.541773
0.483270,-0.180332,-0.542087
0.482247,-0.180833,-0.543323
0.479792,-0.178921,-0.544000
0.478889,-0.179565,-0.546726
0.476511,-0.179715,-0.545859
0.474431,-0.179465,-0.546771
0.472809,-0.178693,-0.547689
0.472171,-0.178137,-0.546066
0.470139,-0.176785,-0.550364
0.470251,-0.178827,-0.549824
0.466203,-0.177465,-0.551474
0.463749,-0.176575,-0.550001
0.461128,-0.175701,-0.552308
0.461874,-0.175199,-0.552054
0.458198,-0.175535,-0.554148
0.455615,-0.174768,-0.553225
0.456316,-0.174890,-0.556818
0.453418,-0.174888,-0.553883
0.449475,-0.174186,-0.557790
0.448386,-0.173858,-0.558940
0.447121,-0.172463,-0.559063
0.444407,-0.172717,-0.560664
0.441719,-0.171799,-0.560511
0.441087,-0.172182,-0.562002
0.437588,-0.171196,-0.565166
0.436373,-0.171570,-0.565722
0.433677,-0.172174,-0.564971
0.430690,-0.172692,-0.567186
0.430424,-0.172296,-0.569498
0.425033,-0.170963,-0.567547
0.424302,-0.172257,-0.571226
0.422671,-0.172943,-0.573916
0.418593,-0.173907,-0.574230
0.416448,-0.174360,-0.577335
0.410570,-0.176069,-0.578447
0.408316,-0.176473,-0.583499
0.404361,-0.178153,-0.584979
0.633337,-0.350339,-0.552214
0.632299,-0.347335,-0.549800
0.632434,-0.345479,-0.548662
0.632961,-0.341034,-0.546906
0.633032,-0.339504,-0.546674
0.633662,-0.337438,-0.542828
0.633781,-0.335005,-0.542280
0.634978,-0.332658,-0.541400
0.634908,-0.329023,-0.537874
0.635460,-0.327495,-0.537836
0.635080,-0.324722,-0.537442
0.632667,-0.323328,-0.536367
0.635904,-0.319324,-0.535302
0.634764,-0.315821,-0.532750
0.634892,-0.313866,-0.530384
0.636350,-0.310831,-0.528632
0.636652,-0.308583,-0.526393
0.636519,-0.306128,-0.526651
0.636938,-0.303954,-0.523000
0.635971,-0.303081,-0.522652
0.635931,-0.298559,-0.522575
0.636658,-0.296925,-0.518997
0.636996,-0.294925,-0.517088
0.637480,-0.292164,-0.516502
0.637152,-0.289410,-0.515760
0.636074,-0.286891,-0.513176
0.639164,-0.283054,-0.513383
0.639106,-0.282044,-0.509459
0.639460,-0.278334,-0.510036
0.638580,-0.276163,-0.508944
0.637644,-0.274285,-0.506035
0.638240,-0.272710,-0.504206
0.640124,-0.268344,-0.503229
0.635582,-0.267821,-0.502575
0.637049,-0.268043,-0.502665
0.635651,-0.266909,-0.503343
0.636417,-0.264926,-0.503407
0.633281,-0.263641,-0.505510
0.633595,-0.261932,-0.503585
0.632420,-0.262326,-0.504756
0.631426,-0.261692,-0.503872
0.629849,-0.260400,-0.505693
0.629483,-0.258872,-0.505302
0.625633,-0.255369,-0.504983
0.626151,-0.257434,-0.504601
0.624479,-0.255379,-0.504103
0.625058,-0.253453,-0.502821
0.622600,-0.253758,-0.505114
0.619759,-0.253444,-0.504630
0.619070,-0.252774,-0.502820
0.618914,-0.251952,-0.504684
0.618102,-0.252019,-0.503846
0.616478,-0.248608,-0.504788
0.614614,-0.249793,-0.507479
0.613353,-0.247051,-0.504399
0.611924,-0.246649,-0.504355
0.611099,-0.245962,-0.507192
0.610166,-0.245437,-0.505745
0.607328,-0.242651,-0.504661
0.607885,-0.243328,-0.507276
0.607304,-0.241710,-0.507491
0.606481,-0.242642,-0.506635
0.604218,-0.240084,-0.505137
0.602251,-0.238457,-0.506859
0.603499,-0.238432,-0.506811
0.600584,-0.237645,-0.506902
0.598999,-0.236709,-0.508309
0.597637,-0.234308,-0.507079
0.596943,-0.234137,-0.507395
0.595702,-0.233911,-0.506681
0.594159,-0.232898,-0.508611
0.593225,-0.232231,-0.509987
0.589767,-0.231795,-0.509097
0.590765,-0.232663,-0.509223
0.587986,-0.230065,-0.510208
0.587825,-0.229277,-0.510209
0.585408,-0.226907,-0.510297
0.582583,-0.226249,-0.509944
0.585649,-0.225324,-0.510769
0.582187,-0.222758,-0.512197
0.582392,-0.223739,-0.510582
0.579656,-0.223373,-0.511562
0.577946,-0.221969,-0.511928
0.576220,-0.222438,-0.510503
0.576145,-0.218838,-0.508614
0.575289,-0.220065,-0.511413
0.572322,-0.217165,-0.510629
0.571638,-0.216181,-0.511579
0.570359,-0.217258,-0.512320
0.571389,-0.217373,-0.513194
0.568736,-0.215679,-0.513812
0.566476,-0.214017,-0.513941
0.565371,-0.212293,-0.513704
0.564266,-0.213217,-0.515351
0.563693,-0.212550,-0.514695
0.561446,-0.210107,-0.514054
0.559407,-0.209388,-0.515824
0.558387,-0.208011,-0.515336
0.558682,-0.207037,-0.514683
0.558749,-0.208756,-0.516466
0.554635,-0.206325,-0.514913
0.552781,-0.205205,-0.517031
0.553121,-0.205811,-0.515280
0.552202,-0.204641,-0.517214
0.549254,-0.202284,-0.517137
0.548217,-0.204088,-0.518844
0.548564,-0.202632,-0.516400
0.544149,-0.200532,-0.516311
0.544224,-0.199293,-0.517233
0.544092,-0.199587,-0.516773
0.540791,-0.196716,-0.519515
0.538700,-0.197419,-0.520149
0.538879,-0.198296,-0.520233
0.536915,-0.197920,-0.521135
0.535605,-0.195109,-0.521370
0.532102,-0.196496,-0.521602
0.532316,-0.196462,-0.522905
0.530533,-0.194802,-0.523025
0.527554,-0.193558,-0.524969
0.526981,-0.192214,-0.523571
0.523549,-0.194099,-0.524685
0.522578,-0.192364,-0.525368
0.521968,-0.192347,-0.528350
0.518415,-0.192980,-0.530189
0.518763,-0.192933,-0.526988
0.516848,-0.192257,-0.528426
0.513753,-0.190631,-0.530229
0.511268,-0.190916,-0.530875
0.510757,-0.190868,-0.530545
0.509706,-0.188729,-0.532723
0.505688,-0.188883,-0.532031
0.506151,-0.185673,-0.532104
0.503107,-0.188095,-0.531898
0.502765,-0.185460,-0.530289
0.501144,-0.186394,-0.533710
0.499132,-0.186970,-0.534501
0.498773,-0.185474,-0.534869
0.496160,-0.184491,-0.538970
0.495950,-0.184296,-0.535082
0.490770,-0.183246,-0.537449
0.491810,-0.182300,-0.538075
0.487583,-0.181966,-0.538945
0.486431,-0.182496,-0.540381
0.486212,-0.180397,-0.541143
0.483756,-0.180040,-0.539008
0.482647,-0.181216,-0.542779
0.479454,-0.181329,-0.542232
0.478269,-0.179232,-0.543712
0.474259,-0.178285,-0.545136
0.474217,-0.178228,-0.545825
0.473687,-0.179306,-0.546254
0.469582,-0.178135,-0.546573
0.466983,-0.178795,-0.549111
0.467577,-0.176785,-0.547240
0.465897,-0.176904,-0.548544
0.461959,-0.176893,-0.549162
0.463531,-0.178334,-0.550364
0.458377,-0.176816,-0.550039
0.457981,-0.174993,-0.552220
0.455265,-0.176869,-0.551751
0.453366,-0.174793,-0.552556
0.452606,-0.172889,-0.556011
0.450514,-0.175451,-0.554942
0.445959,-0.173522,-0.556108
0.446313,-0.172798,-0.558091
0.444646,-0.173313,-0.557996
0.442328,-0.172517,-0.560840
0.439370,-0.173270,-0.559960
0.437676,-0.171609,-0.561420
0.434652,-0.172824,-0.561061
0.432580,-0.172486,-0.565695
0.431836,-0.173010,-0.564135
0.429994,-0.171526,-0.563505
0.427989,-0.171507,-0.564585
0.424109,-0.170167,-0.567533
0.422764,-0.171816,-0.569404
0.417412,-0.171983,-0.571866
0.414107,-0.175290,-0.572445
0.411216,-0.175044,-0.577201
0.407542,-0.176884,-0.581755
0.404953,-0.177420,-0.581616
0.633211,-0.351264,-0.552392
0.632291,-0.349408,-0.549769
0.632014,-0.346332,-0.549905
0.631642,-0.344933,-0.547870
0.632723,-0.339677,-0.544885
0.631082,-0.338585,-0.543128
0.632066,-0.336862,-0.542199
0.630654,-0.334155,-0.541563
0.633587,-0.329795,-0.539332
0.632635,-0.326988,-0.537460
0.633394,-0.325739,-0.536956
0.631358,-0.322571,-0.536087
0.634851,-0.320739,-0.531820
0.633407,-0.317573,-0.531736
0.634186,-0.317569,-0.530624
0.633146,-0.312934,-0.528283
0.635595,-0.312377,-0.526457
0.634631,-0.308809,-0.525549
0.635888,-0.306440,-0.524702
0.635141,-0.302080,-0.522361
0.634220,-0.301231,-0.520043
0.634521,-0.299315,-0.519996
0.636369,-0.295339,-0.518465
0.635300,-0.291876,-0.516504
0.637933,-0.289270,-0.514421
0.636930,-0.288508,-0.513428
0.637355,-0.286395,-0.510574
0.636955,-0.281296,-0.510864
0.637443,-0.278856,-0.508282
0.636801,-0.279328,-0.505661
0.638425,-0.275080,-0.505576
0.636909,-0.271767,-0.504246
0.637300,-0.271302,-0.503145
0.637528,-0.270724,-0.503633
0.635076,-0.269064,-0.503939
0.635008,-0.268886,-0.503002
0.633662,-0.265939,-0.501834
0.633843,-0.264836,-0.502061
0.630188,-0.263921,-0.501884
0.629823,-0.261057,-0.502595
0.629231,-0.263820,-0.502304
0.629222,-0.263616,-0.502633
0.627299,-0.260708,-0.502970
0.623751,-0.259642,-0.502549
0.626235,-0.257500,-0.504232
0.623310,-0.255731,-0.503285
0.623337,-0.254888,-0.503183
0.620592,-0.256446,-0.502486
0.618627,-0.252528,-0.503713
0.618177,-0.252362,-0.502643
0.619239,-0.253738,-0.503352
0.616662,-0.250056,-0.502358
0.615355,-0.248452,-0.503439
0.614260,-0.248628,-0.504392
0.611417,-0.249428,-0.503958
0.613389,-0.249389,-0.505035
0.611832,-0.245426,-0.503663
0.610833,-0.247536,-0.504910
0.608548,-0.243425,-0.505589
0.606247,-0.244279,-0.505296
0.604851,-0.243258,-0.505794
0.603176,-0.243821,-0.506230
0.603212,-0.238004,-0.504664
0.604193,-0.240524,-0.506209
0.602323,-0.240457,-0.506337
0.600052,-0.236609,-0.505495
0.598738,-0.237095,-0.506349
0.596191,-0.235720,-0.507558
0.596751,-0.236962,-0.506581
0.595363,-0.235610,-0.507385
0.593584,-0.234112,-0.506109
0.591528,-0.232663,-0.506446
0.590903,-0.233187,-0.507671
0.590484,-0.231631,-0.507953
0.587436,-0.230479,-0.506980
0.588042,-0.229952,-0.507621
0.586065,-0.227966,-0.509305
0.584548,-0.227829,-0.508621
0.581847,-0.227874,-0.508440
0.581417,-0.223952,-0.507149
0.579629,-0.226131,-0.508886
0.578132,-0.224843,-0.511137
0.578966,-0.222430,-0.508315
0.576353,-0.221356,-0.511586
0.575806,-0.221407,-0.510403
0.574141,-0.220899,-0.508856
0.573438,-0.218526,-0.511747
0.570793,-0.219484,-0.509800
0.568617,-0.219423,-0.512675
0.567863,-0.218004,-0.512372
0.565517,-0.216825,-0.511388
0.565859,-0.214542,-0.512575
0.565518,-0.213991,-0.511750
0.562630,-0.215211,-0.510951
0.561113,-0.213409,-0.512846
0.561502,-0.212334,-0.512826
0.558710,-0.212320,-0.512781
0.559137,-0.209395,-0.514611
0.558938,-0.210501,-0.515078
0.555106,-0.209534,-0.514798
0.554120,-0.207767,-0.512974
0.554189,-0.207801,-0.513742
0.550580,-0.206498,-0.513124
0.549128,-0.206668,-0.516680
0.549019,-0.203254,-0.516775
0.546534,-0.204356,-0.513932
0.544359,-0.202341,-0.514532
0.542735,-0.201704,-0.516127
0.542892,-0.201249,-0.516341
0.543340,-0.200439,-0.516301
0.540174,-0.199884,-0.518112
0.538244,-0.199827,-0.518246
0.537093,-0.199397,-0.520153
0.536111,-0.198084,-0.518024
0.533343,-0.195703,-0.519891
0.531485,-0.196126,-0.520746
0.529934,-0.195935,-0.520298
0.530245,-0.195531,-0.521557
0.525911,-0.196536,-0.521087
0.526485,-0.195126,-0.522074
0.521755,-0.192754,-0.522163
0.523077,-0.193719,-0.524072
0.520226,-0.192294,-0.525170
0.517838,-0.192915,-0.524343
0.516088,-0.190420,-0.525950
0.515856,-0.192619,-0.526504
0.513947,-0.189352,-0.529865
0.513696,-0.190211,-0.528063
0.509318,-0.190399,-0.529455
0.508993,-0.190277,-0.528866
0.506123,-0.187234,-0.530481
0.503559,-0.190272,-0.530635
0.502451,-0.187438,-0.532960
0.500473,-0.188201,-0.532342
0.501165,-0.185906,-0.532293
0.497274,-0.186171,-0.531440
0.497534,-0.186414,-0.534799
0.495631,-0.186281,-0.535064
0.493851,-0.185769,-0.534490
0.490523,-0.185048,-0.537801
0.490916,-0.183979,-0.535603
0.487451,-0.183538,-0.539307
0.486674,-0.182158,-0.539569
0.485084,-0.181443,-0.538000
0.483157,-0.182438,-0.538832
0.483387,-0.181355,-0.540757
0.480438,-0.180808,-0.541503
0.476405,-0.181569,-0.541060
0.475901,-0.180711,-0.543870
0.473205,-0.182146,-0.542248
0.472082,-0.179263,-0.544763
0.469862,-0.179295,-0.544507
0.468217,-0.179272,-0.545906
0.466939,-0.176903,-0.546520
0.465719,-0.177112,-0.547850
0.462541,-0.176645,-0.547278
0.458890,-0.177072,-0.549285
0.460453,-0.174420,-0.548396
0.458411,-0.174745,-0.551562
0.454635,-0.175095,-0.551441
0.453264,-0.176007,-0.553654
0.451907,-0.176040,-0.553420
0.449061,-0.173687,-0.554168
0.447846,-0.173260,-0.555018
0.446573,-0.175309,-0.556343
0.443838,-0.174181,-0.556393
0.440701,-0.173028,-0.558787
0.439465,-0.173360,-0.557878
0.436898,-0.173188,-0.559814
0.435525,-0.172963,-0.560810
0.432607,-0.172987,-0.561240
0.431909,-0.171465,-0.561283
0.429394,-0.171265,-0.563981
0.427597,-0.170737,-0.564207
0.425208,-0.171931,-0.566363
0.423770,-0.170504,-0.567673
0.421217,-0.173512,-0.568894
0.416330,-0.175463,-0.573006
0.411901,-0.176001,-0.575685
0.407550,-0.175101,-0.578440
0.405123,-0.178706,-0.580447
0.399222,-0.179943,-0.584949
0.630797,-0.350429,-0.550353
0.630076,-0.348066,-0.546392
0.630687,-0.345324,-0.545513
0.631615,-0.344750,-0.541849
0.631107,-0.339779,-0.542968
0.631751,-0.337072,-0.543272
0.630645,-0.335013,-0.539909
0.630709,-0.333772,-0.537566
0.630047,-0.330179,-0.536721
0.633386,-0.326673,-0.534889
0.632017,-0.324677,-0.531876
0.634315,-0.322461,-0.533731
0.633161,-0.320851,-0.531505
0.632573,-0.318842,-0.528867
0.631692,-0.314200,-0.527775
0.633212,-0.312464,-0.527060
0.633882,-0.309995,-0.524775
0.634129,-0.306928,-0.522282
0.634498,-0.304088,-0.521557
0.634500,-0.302657,-0.520045
0.634924,-0.299219,-0.520121
0.632868,-0.296124,-0.515298
0.636432,-0.294055,-0.518570
0.635310,-0.292041,-0.513393
0.635925,-0.289382,-0.511169
0.635323,-0.286286,-0.510532
0.633428,-0.283282,-0.509144
0.635416,-0.280891,-0.507996
0.637686,-0.279559,-0.505678
0.636047,-0.276228,-0.504687
0.637760,-0.273562,-0.503079
0.635623,-0.273281,-0.500952
0.635869,-0.272401,-0.503114
0.633867,-0.270665,-0.504092
0.632995,-0.266553,-0.501436
0.633205,-0.267769,-0.501565
0.632627,-0.265705,-0.502852
0.630810,-0.266324,-0.500984
0.630070,-0.265529,-0.501655
0.627971,-0.263209,-0.501170
0.626479,-0.262600,-0.503155
0.626303,-0.259386,-0.503232
0.626153,-0.259840,-0.500751
0.622496,-0.259693,-0.499953
0.622450,-0.258888,-0.501150
0.621071,-0.258276,-0.503175
0.619003,-0.256053,-0.501092
0.618352,-0.256398,-0.501216
0.618496,-0.255040,-0.501748
0.617193,-0.253676,-0.505173
0.615645,-0.252215,-0.503587
0.616554,-0.252011,-0.503361
0.613810,-0.251307,-0.502505
0.613505,-0.249159,-0.504212
0.610110,-0.249307,-0.503665
0.609646,-0.247388,-0.503755
0.607440,-0.245795,-0.504365
0.608718,-0.245892,-0.501067
0.606771,-0.244320,-0.505515
0.604352,-0.243794,-0.503347
0.603512,-0.244413,-0.504492
0.602429,-0.241990,-0.504240
0.600964,-0.241138,-0.505615
0.598727,-0.239691,-0.505264
0.597461,-0.240770,-0.506105
0.595338,-0.240165,-0.506083
0.597197,-0.238633,-0.506510
0.592603,-0.237981,-0.505153
0.594259,-0.234895,-0.505888
0.591473,-0.234385,-0.506146
0.589835,-0.232799,-0.505429
0.591320,-0.233156,-0.507794
0.588544,-0.232880,-0.504987
0.588356,-0.231426,-0.506505
0.586409,-0.231912,-0.506036
0.585627,-0.228629,-0.506784
0.585341,-0.225708,-0.504807
0.582108,-0.226747,-0.505850
0.582998,-0.226571,-0.507357
0.578720,-0.228179,-0.508019
0.577978,-0.225735,-0.507787
0.576783,-0.224255,-0.508893
0.577715,-0.223049,-0.507605
0.574616,-0.222136,-0.508163
0.574981,-0.222383,-0.508100
0.571343,-0.221980,-0.507614
0.571168,-0.218115,-0.508126
0.570411,-0.219589,-0.509180
0.567692,-0.218870,-0.509388
0.567805,-0.216443,-0.510396
0.566387,-0.215958,-0.509653
0.563727,-0.213860,-0.511318
0.563521,-0.214269,-0.511147
0.561118,-0.214007,-0.511095
0.558338,-0.214400,-0.510013
0.557604,-0.211720,-0.511918
0.555871,-0.211061,-0.513146
0.554993,-0.210449,-0.512336
0.555511,-0.208385,-0.513031
0.552775,-0.208083,-0.513099
0.551258,-0.207445,-0.511939
0.549180,-0.207180,-0.513865
0.547711,-0.206043,-0.515287
0.547206,-0.204891,-0.513465
0.547345,-0.204979,-0.514612
0.546171,-0.205595,-0.514327
0.542865,-0.203214,-0.514981
0.542196,-0.201752,-0.517263
0.540912,-0.201644,-0.515744
0.539236,-0.200393,-0.517672
0.536204,-0.199998,-0.518039
0.536636,-0.197538,-0.517975
0.537040,-0.199441,-0.518988
0.532728,-0.199158,-0.519325
0.532762,-0.199260,-0.518360
0.530563,-0.197615,-0.518409
0.526408,-0.197009,-0.519433
0.525547,-0.195909,-0.520186
0.524119,-0.195078,-0.522202
0.524031,-0.195463,-0.521403
0.519852,-0.195470,-0.523071
0.519129,-0.192107,-0.522593
0.518549,-0.192979,-0.527126
0.516807,-0.192271,-0.526163
0.513798,-0.191556,-0.527182
0.513726,-0.191031,-0.528801
0.510573,-0.190532,-0.528554
0.510596,-0.191521,-0.528478
0.506728,-0.189541,-0.526738
0.505143,-0.190283,-0.529125
0.504298,-0.190181,-0.528159
0.503513,-0.189149,-0.531517
0.499387,-0.191307,-0.528780
0.498054,-0.188991,-0.532620
0.495745,-0.187945,-0.532379
0.494898,-0.185788,-0.533089
0.493433,-0.183564,-0.533009
0.492511,-0.187089,-0.534386
0.490781,-0.184318,-0.534154
0.490056,-0.183752,-0.535275
0.488990,-0.184749,-0.535799
0.487653,-0.180296,-0.537595
0.485643,-0.183058,-0.537545
0.482228,-0.182527,-0.536621
0.480171,-0.183691,-0.537776
0.478187,-0.182417,-0.539877
0.477514,-0.181961,-0.539966
0.475576,-0.180150,-0.538875
0.473572,-0.179380,-0.540837
0.472512,-0.180273,-0.543751
0.469441,-0.177807,-0.545800
0.467570,-0.176819,-0.543738
0.466135,-0.178390,-0.545632
0.462710,-0.176921,-0.545659
0.463318,-0.177916,-0.545970
0.461464,-0.176422,-0.545770
0.455833,-0.176317,-0.547977
0.456759,-0.177118,-0.549170
0.455468,-0.173844,-0.551941
0.455667,-0.175517,-0.549671
0.451374,-0.175477,-0.550107
0.449480,-0.176494,-0.552887
0.447812,-0.175191,-0.553165
0.446012,-0.173244,-0.552925
0.442180,-0.172674,-0.552889
0.442889,-0.174283,-0.556505
0.439119,-0.173187,-0.556527
0.435575,-0.171042,-0.558438
0.435781,-0.173714,-0.559633
0.433267,-0.172824,-0.560267
0.430896,-0.171318,-0.561584
0.431359,-0.170927,-0.561028
0.428427,-0.172901,-0.562450
0.425311,-0.169968,-0.561839
0.424950,-0.171449,-0.563050
0.421233,-0.172165,-0.566346
0.416295,-0.173714,-0.567979
0.413082,-0.175507,-0.573958
0.408181,-0.177182,-0.576582
0.403609,-0.177334,-0.579910
0.397095,-0.179921,-0.583885
0.629288,-0.353336,-0.547640
0.628382,-0.349911,-0.544613
0.630606,-0.345079,-0.543737
0.629940,-0.344724,-0.544578
0.630077,-0.342586,-0.541764
0.629803,-0.340001,-0.540554
0.628229,-0.335916,-0.540177
0.630119,-0.335088,-0.537053
0.629041,-0.330850,-0.535702
0.630294,-0.330106,-0.534349
0.631721,-0.326931,-0.531478
0.631299,-0.323886,-0.532412
0.630083,-0.321119,-0.530665
0.630217,-0.315799,-0.528029
0.630258,-0.316998,-0.525852
0.632661,-0.313656,-0.524190
0.632656,-0.308596,-0.523874
0.633750,-0.308733,-0.521715
0.631196,-0.304200,-0.519672
0.632210,-0.302565,-0.520467
0.632436,-0.299355,-0.515824
0.634148,-0.296987,-0.515221
0.632863,-0.296041,-0.515946
0.634622,-0.293600,-0.513976
0.633985,-0.290173,-0.511503
0.633802,-0.289368,-0.510981
0.632623,-0.284560,-0.507839
0.634284,-0.284391,-0.507230
0.634445,-0.282290,-0.506271
0.635350,-0.279056,-0.502939
0.636076,-0.275842,-0.502859
0.635182,-0.271344,-0.500078
0.633713,-0.273563,-0.502309
0.632173,-0.270899,-0.498239
0.631948,-0.270193,-0.499310
0.631400,-0.269343,-0.502156
0.629393,-0.270723,-0.502381
0.628222,-0.265666,-0.499898
0.627528,-0.265772,-0.501513
0.626953,-0.265520,-0.499653
0.626760,-0.264572,-0.500594
0.624944,-0.262828,-0.499620
0.623856,-0.262161,-0.499840
0.623232,-0.262364,-0.500080
0.620634,-0.259685,-0.502626
0.621739,-0.258332,-0.501499
0.618937,-0.258913,-0.501252
0.616672,-0.256303,-0.502895
0.617878,-0.255695,-0.501410
0.616687,-0.253907,-0.499586
0.615073,-0.253201,-0.500867
0.612135,-0.254645,-0.501333
0.610674,-0.252052,-0.501494
0.609140,-0.249447,-0.501993
0.610614,-0.250047,-0.502640
0.607783,-0.247767,-0.503751
0.606444,-0.249453,-0.502467
0.605368,-0.245381,-0.502291
0.604587,-0.244896,-0.501580
0.603668,-0.247074,-0.503578
0.602271,-0.245030,-0.502953
0.599914,-0.243749,-0.503456
0.600973,-0.241533,-0.501305
0.599184,-0.240731,-0.503300
0.597572,-0.240913,-0.504122
0.596614,-0.238130,-0.505189
0.594722,-0.239440,-0.502789
0.593259,-0.238257,-0.506123
0.592535,-0.240083,-0.503643
0.591695,-0.236109,-0.506519
0.588714,-0.233643,-0.505285
0.589616,-0.232951,-0.505186
0.588100,-0.233522,-0.504793
0.586456,-0.231218,-0.505174
0.585539,-0.233068,-0.504052
0.582854,-0.230652,-0.505588
0.583600,-0.230037,-0.505441
0.581511,-0.228834,-0.506617
0.580842,-0.228175,-0.505759
0.577161,-0.226058,-0.506828
0.576065,-0.224842,-0.507922
0.575134,-0.223039,-0.508795
0.574009,-0.223337,-0.506892
0.571135,-0.222793,-0.506150
0.570637,-0.222267,-0.508041
0.571710,-0.223190,-0.507200
0.569503,-0.221210,-0.508769
0.569428,-0.218737,-0.507725
0.567127,-0.218732,-0.507785
0.567346,-0.216918,-0.508624
0.564627,-0.218179,-0.511336
0.561577,-0.217616,-0.510356
0.562202,-0.215625,-0.509849
0.562171,-0.213290,-0.510087
0.557112,-0.213802,-0.510108
0.557284,-0.211760,-0.511126
0.556229,-0.208885,-0.511817
0.554597,-0.210397,-0.513051
0.553724,-0.208778,-0.512449
0.550299,-0.209531,-0.512954
0.550497,-0.210491,-0.512319
0.550538,-0.208068,-0.513738
0.549343,-0.207412,-0.511502
0.545753,-0.207012,-0.511666
0.544464,-0.204921,-0.513240
0.543753,-0.203938,-0.514338
0.543081,-0.202939,-0.512731
0.539293,-0.202996,-0.514170
0.541348,-0.203912,-0.515243
0.537141,-0.204772,-0.514628
0.537737,-0.200138,-0.516359
0.534802,-0.199637,-0.516153
0.533752,-0.200428,-0.517463
0.531768,-0.198843,-0.516985
0.531691,-0.197422,-0.517194
0.529655,-0.198846,-0.518325
0.528467,-0.197342,-0.518290
0.525976,-0.197686,-0.520422
0.523191,-0.197117,-0.520619
0.521387,-0.195897,-0.521438
0.519382,-0.195641,-0.521879
0.515975,-0.195850,-0.521647
0.517913,-0.193849,-0.525329
0.514054,-0.193544,-0.524865
0.512808,-0.193276,-0.525924
0.510462,-0.193055,-0.524673
0.509917,-0.190925,-0.525434
0.509965,-0.192464,-0.526770
0.505570,-0.190855,-0.525627
0.504122,-0.191058,-0.528737
0.502769,-0.189671,-0.527046
0.501544,-0.188800,-0.530074
0.500974,-0.189394,-0.530764
0.497478,-0.188344,-0.530316
0.498225,-0.187669,-0.529712
0.495830,-0.188182,-0.530642
0.493624,-0.187577,-0.532998
0.493308,-0.186723,-0.532199
0.488410,-0.187904,-0.534285
0.487540,-0.186171,-0.532994
0.487727,-0.185786,-0.534681
0.483781,-0.185953,-0.536308
0.482413,-0.185374,-0.535705
0.481443,-0.183802,-0.534985
0.481407,-0.180963,-0.538312
0.478965,-0.182066,-0.536665
0.476151,-0.181153,-0.537147
0.473442,-0.182704,-0.538406
0.472587,-0.181726,-0.538943
0.470486,-0.180586,-0.539311
0.469795,-0.180556,-0.543038
0.466503,-0.177326,-0.542941
0.463721,-0.178237,-0.543453
0.463196,-0.178643,-0.542689
0.461165,-0.179888,-0.546460
0.459886,-0.178016,-0.546169
0.459032,-0.176811,-0.546761
0.456683,-0.178690,-0.548791
0.454499,-0.176553,-0.551538
0.453168,-0.176747,-0.549733
0.451271,-0.175676,-0.548688
0.447724,-0.176214,-0.551028
0.447044,-0.174574,-0.550544
0.445271,-0.175930,-0.554225
0.443284,-0.174066,-0.554321
0.442159,-0.173595,-0.555439
0.439850,-0.175936,-0.555372
0.438054,-0.172244,-0.553502
0.436692,-0.174192,-0.556870
0.435831,-0.172247,-0.556282
0.433828,-0.170674,-0.555926
0.428377,-0.172963,-0.560164
0.427666,-0.171783,-0.558299
0.424768,-0.170057,-0.561491
0.424038,-0.171084,-0.560956
0.420268,-0.171335,-0.565187
0.416998,-0.171888,-0.567165
0.415531,-0.174929,-0.569685
0.410889,-0.175184,-0.574300
0.404546,-0.176695,-0.575825
0.398437,-0.178957,-0.578965
0.629432,-0.349544,-0.546112
0.626124,-0.349869,-0.543962
0.627263,-0.343597,-0.544491
0.628401,-0.342324,-0.542318
0.627867,-0.340586,-0.540804
0.630298,-0.338127,-0.538066
0.629738,-0.333918,-0.536588
0.629187,-0.332664,-0.534487
0.628702,-0.330643,-0.534249
0.628859,-0.326758,-0.531110
0.628518,-0.325421,-0.530322
0.631329,-0.324090,-0.528825
0.629660,-0.320098,-0.525961
0.629938,-0.317964,-0.525410
0.628710,-0.314350,-0.524083
0.630568,-0.312436,-0.521328
0.631881,-0.310967,-0.521982
0.630705,-0.307343,-0.520298
0.630716,-0.302605,-0.517365
0.631203,-0.301736,-0.518561
0.631699,-0.299069,-0.514368
0.633936,-0.298482,-0.514663
0.632819,-0.295158,-0.511894
0.633853,-0.291264,-0.512717
0.633015,-0.287309,-0.509053
0.633827,-0.287064,-0.508450
0.632218,-0.283383,-0.506475
0.632654,-0.281358,-0.504802
0.634878,-0.278668,-0.502945
0.632525,-0.275704,-0.501962
0.635765,-0.275556,-0.500268
0.633407,-0.272364,-0.501130
0.631144,-0.274192,-0.500713
0.631681,-0.272662,-0.501607
0.630203,-0.271386,-0.500808
0.629131,-0.268462,-0.499949
0.628661,-0.268538,-0.498969
0.627749,-0.267695,-0.499437
0.625267,-0.265412,-0.500793
0.624891,-0.264541,-0.499795
0.623752,-0.264245,-0.500126
0.621662,-0.262625,-0.499483
0.622605,-0.261353,-0.501454
0.619678,-0.259967,-0.501610
0.617832,-0.258920,-0.500223
0.618212,-0.256446,-0.501499
0.617722,-0.258359,-0.501249
0.614612,-0.255537,-0.499872
0.614272,-0.255461,-0.500991
0.612687,-0.253471,-0.499782
0.611466,-0.253325,-0.501208
0.611608,-0.254203,-0.500719
0.608792,-0.253224,-0.500998
0.608354,-0.251022,-0.500370
0.608342,-0.249001,-0.500617
0.604725,-0.246491,-0.504175
0.602530,-0.251022,-0.501782
0.602393,-0.246765,-0.501633
0.603006,-0.246082,-0.501232
0.600043,-0.243527,-0.501800
0.600471,-0.244769,-0.500615
0.600418,-0.242116,-0.502651
0.599049,-0.240233,-0.501136
0.596349,-0.239843,-0.502356
0.596014,-0.239023,-0.502774
0.592882,-0.238855,-0.504542
0.594064,-0.238913,-0.502316
0.590946,-0.237499,-0.502406
0.589934,-0.237213,-0.504297
0.588828,-0.234400,-0.504324
0.585630,-0.233552,-0.506331
0.587494,-0.232852,-0.504141
0.585707,-0.232679,-0.504092
0.583567,-0.230492,-0.505526
0.582425,-0.229693,-0.504412
0.581286,-0.228094,-0.504636
0.580891,-0.229945,-0.506489
0.579755,-0.226982,-0.505243
0.578236,-0.227437,-0.506428
0.576849,-0.226444,-0.507334
0.577577,-0.227542,-0.505419
0.574949,-0.226386,-0.506809
0.570813,-0.224120,-0.505466
0.570816,-0.223479,-0.505468
0.570423,-0.221410,-0.507794
0.568990,-0.222677,-0.508953
0.567203,-0.220117,-0.506365
0.567508,-0.217237,-0.507794
0.563819,-0.219929,-0.507998
0.564789,-0.217792,-0.508171
0.563214,-0.216268,-0.508472
0.559832,-0.216288,-0.509835
0.558310,-0.215692,-0.508882
0.559473,-0.214601,-0.511484
0.555783,-0.214203,-0.507811
0.555470,-0.211786,-0.507684
0.555275,-0.212153,-0.509807
0.552286,-0.209759,-0.507434
0.551411,-0.209107,-0.509922
0.551035,-0.208016,-0.510019
0.549637,-0.207790,-0.510242
0.546324,-0.208017,-0.511908
0.547239,-0.207134,-0.510339
0.545817,-0.207914,-0.511992
0.542033,-0.203896,-0.513379
0.541371,-0.203898,-0.511074
0.540128,-0.202606,-0.512763
0.537976,-0.202770,-0.513908
0.537969,-0.203765,-0.513202
0.536150,-0.200835,-0.515129
0.534505,-0.201443,-0.513698
0.532315,-0.201484,-0.514816
0.530542,-0.201480,-0.516137
0.528306,-0.199616,-0.518723
0.528374,-0.198697,-0.515747
0.526697,-0.198547,-0.516168
0.523608,-0.196413,-0.517764
0.522782,-0.197399,-0.521277
0.521390,-0.196981,-0.518839
0.520278,-0.197257,-0.520092
0.516026,-0.196595,-0.523069
0.514341,-0.194694,-0.521001
0.513036,-0.194525,-0.523809
0.511205,-0.194864,-0.522147
0.510764,-0.194008,-0.522695
0.510218,-0.193854,-0.524815
0.505340,-0.193626,-0.524440
0.505025,-0.192930,-0.526912
0.504654,-0.192089,-0.527509
0.502211,-0.192309,-0.529483
0.499282,-0.190271,-0.528911
0.498656,-0.191232,-0.529311
0.496205,-0.190810,-0.529131
0.495337,-0.191193,-0.529724
0.493820,-0.188406,-0.528782
0.493723,-0.188650,-0.532189
0.491256,-0.187472,-0.531097
0.487103,-0.187461,-0.532654
0.486104,-0.186255,-0.533386
0.487025,-0.186778,-0.533403
0.484350,-0.185369,-0.533567
0.483067,-0.185460,-0.537456
0.481927,-0.185576,-0.534155
0.478182,-0.183785,-0.536412
0.478047,-0.182719,-0.538162
0.477094,-0.181237,-0.538519
0.474767,-0.181766,-0.538134
0.472397,-0.182392,-0.539109
0.470392,-0.180751,-0.536997
0.468408,-0.180954,-0.539738
0.466709,-0.180232,-0.540003
0.464584,-0.178574,-0.540295
0.463726,-0.179470,-0.544904
0.460027,-0.179759,-0.543537
0.459668,-0.178753,-0.544446
0.459286,-0.179329,-0.545584
0.454681,-0.179328,-0.545755
0.453044,-0.178428,-0.546410
0.451629,-0.178652,-0.545654
0.449394,-0.174616,-0.549539
0.447824,-0.176420,-0.547538
0.446466,-0.174616,-0.549514
0.444569,-0.173784,-0.549895
0.441917,-0.174619,-0.550534
0.440343,-0.174125,-0.553188
0.441283,-0.173305,-0.553131
0.437084,-0.173157,-0.553492
0.436255,-0.171612,-0.554956
0.434168,-0.173150,-0.552545
0.431216,-0.172420,-0.554534
0.430316,-0.171794,-0.557245
0.427725,-0.171210,-0.557131
0.425988,-0.172742,-0.557648
0.421714,-0.171234,-0.560691
0.420797,-0.170905,-0.561455
0.416420,-0.172792,-0.562676
0.413494,-0.173441,-0.566413
0.410040,-0.174484,-0.569032
0.403732,-0.177810,-0.573439
0.398235,-0.180595,-0.576610
0.624864,-0.350114,-0.544715
0.626105,-0.347231,-0.541447
0.628136,-0.343170,-0.541895
0.627173,-0.341681,-0.537979
0.626149,-0.337807,-0.536795
0.627231,-0.337249,-0.537792
0.627038,-0.334679,-0.534586
0.628383,-0.331134,-0.532587
0.628948,-0.329795,-0.529819
0.627410,-0.328413,-0.530975
0.626947,-0.324149,-0.527569
0.629170,-0.321976,-0.526954
0.629961,-0.317959,-0.526989
0.629828,-0.316867,-0.525205
0.630787,-0.313414,-0.520950
0.630304,-0.312394,-0.520893
0.629752,-0.307709,-0.519038
0.630497,-0.305631,-0.517637
0.629832,-0.303795,-0.517088
0.631299,-0.301616,-0.516686
0.630459,-0.299266,-0.512105
0.631547,-0.295572,-0.512515
0.631062,-0.293617,-0.509019
0.633051,-0.292409,-0.507549
0.631492,-0.287463,-0.507079
0.633639,-0.284863,-0.505131
0.633880,-0.285240,-0.502969
0.632640,-0.280081,-0.502138
0.633525,-0.279015,-0.500176
0.631702,-0.276470,-0.499165
0.631489,-0.276555,-0.500009
0.631028,-0.274165,-0.499272
0.628202,-0.273886,-0.500797
0.629383,-0.271993,-0.501689
0.626535,-0.269799,-0.499290
0.626189,-0.268635,-0.498727
0.624609,-0.269029,-0.498114
0.625024,-0.268562,-0.498104
0.623766,-0.266860,-0.499233
0.622438,-0.264202,-0.498796
0.622234,-0.264741,-0.498073
0.620971,-0.262508,-0.499761
0.619252,-0.260344,-0.497665
0.616349,-0.261360,-0.500063
0.617438,-0.260289,-0.501332
0.617141,-0.260301,-0.501215
0.614615,-0.258882,-0.499285
0.615328,-0.257146,-0.500067
0.611223,-0.257033,-0.500017
0.610677,-0.254391,-0.500201
0.609109,-0.254385,-0.500184
0.610872,-0.251485,-0.501405
0.607336,-0.250427,-0.500434
0.605544,-0.250716,-0.501489
0.605172,-0.251202,-0.498123
0.603930,-0.248542,-0.499813
0.600554,-0.247799,-0.501253
0.599336,-0.246310,-0.503124
0.602376,-0.245183,-0.499355
0.598098,-0.244399,-0.500551
0.598713,-0.244069,-0.501581
0.595893,-0.242430,-0.500627
0.595703,-0.243562,-0.501473
0.594751,-0.240798,-0.501510
0.593992,-0.241416,-0.501856
0.589953,-0.238759,-0.501447
0.590253,-0.238050,-0.502227
0.588152,-0.237987,-0.501891
0.588054,-0.237248,-0.503152
0.586767,-0.235084,-0.503014
0.587230,-0.234681,-0.502884
0.585401,-0.234879,-0.502178
0.582499,-0.233075,-0.505454
0.582173,-0.231521,-0.503301
0.579772,-0.232920,-0.501769
0.579602,-0.228248,-0.503912
0.576710,-0.230898,-0.503956
0.578198,-0.228126,-0.504587
0.577214,-0.227243,-0.502947
0.574022,-0.225113,-0.502937
0.570557,-0.225331,-0.503978
0.573140,-0.226841,-0.504291
0.570873,-0.223189,-0.506286
0.569785,-0.222248,-0.505292
0.568104,-0.223456,-0.504256
0.567738,-0.220072,-0.505850
0.565249,-0.220581,-0.505033
0.563892,-0.218944,-0.508741
0.562501,-0.217646,-0.505694
0.561713,-0.219410,-0.507824
0.559837,-0.216851,-0.507635
0.559063,-0.216698,-0.507550
0.555311,-0.216787,-0.507177
0.555362,-0.214484,-0.509885
0.556117,-0.214565,-0.506730
0.553906,-0.211890,-0.508349
0.551668,-0.211651,-0.509227
0.551087,-0.210649,-0.508779
0.548959,-0.210766,-0.510245
0.547574,-0.210481,-0.510539
0.547126,-0.209256,-0.508799
0.544893,-0.207647,-0.510746
0.544564,-0.207689,-0.509875
0.542962,-0.205165,-0.510635
0.539896,-0.204950,-0.513360
0.539339,-0.203774,-0.511481
0.537853,-0.203990,-0.512331
0.538653,-0.203899,-0.512618
0.533735,-0.202146,-0.512820
0.533795,-0.201388,-0.513908
0.532203,-0.201043,-0.511804
0.531365,-0.200409,-0.514213
0.528201,-0.200196,-0.515566
0.527441,-0.199143,-0.515299
0.525715,-0.197811,-0.516368
0.525073,-0.198045,-0.516095
0.520776,-0.199444,-0.518795
0.522725,-0.198370,-0.518502
0.519686,-0.197448,-0.517576
0.515430,-0.197020,-0.518243
0.515243,-0.196188,-0.522430
0.512815,-0.197250,-0.521929
0.513558,-0.194928,-0.523868
0.510758,-0.197489,-0.522794
0.507606,-0.195031,-0.524088
0.506386,-0.193043,-0.525429
0.503879,-0.192530,-0.525041
0.501998,-0.193365,-0.526579
0.498448,-0.194763,-0.527031
0.499371,-0.193917,-0.528359
0.497713,-0.192841,-0.528288
0.497269,-0.188915,-0.526399
0.494914,-0.191581,-0.528227
0.493652,-0.188589,-0.528866
0.490510,-0.188376,-0.529301
0.488948,-0.186681,-0.530143
0.487469,-0.187657,-0.530824
0.486383,-0.186700,-0.532300
0.483628,-0.188008,-0.532928
0.481551,-0.186134,-0.532469
0.481986,-0.185797,-0.532562
0.479868,-0.186325,-0.534791
0.477162,-0.183329,-0.533222
0.477103,-0.183091,-0.535389
0.475236,-0.182147,-0.536871
0.471940,-0.184225,-0.537742
0.470148,-0.182682,-0.537391
0.468676,-0.182340,-0.537368
0.468181,-0.182284,-0.537211
0.466290,-0.181196,-0.539213
0.465200,-0.180436,-0.540503
0.461710,-0.180180,-0.539351
0.462039,-0.177317,-0.542402
0.460398,-0.179484,-0.542230
0.459617,-0.177321,-0.542660
0.456859,-0.177581,-0.544196
0.453905,-0.177278,-0.545349
0.451922,-0.178607,-0.545049
0.450103,-0.177375,-0.546182
0.447826,-0.177009,-0.545689
0.445286,-0.178248,-0.549072
0.445104,-0.176642,-0.548172
0.443314,-0.176016,-0.550379
0.440327,-0.174774,-0.551148
0.438860,-0.175016,-0.551168
0.435788,-0.172709,-0.550937
0.436915,-0.174916,-0.553734
0.433304,-0.172494,-0.551432
0.429802,-0.174655,-0.555457
0.428793,-0.173357,-0.555055
0.426977,-0.172533,-0.555277
0.426004,-0.172573,-0.556710
0.423717,-0.172946,-0.558610
0.421019,-0.170473,-0.559770
0.417379,-0.172303,-0.560208
0.414739,-0.173397,-0.564227
0.408523,-0.175465,-0.566845
0.405608,-0.178154,-0.570691
0.400112,-0.180763,-0.574550
0.389858,-0.184376,-0.582050
0.625668,-0.353279,-0.542728
0.625102,-0.347699,-0.543645
0.623963,-0.345378,-0.540376
0.626698,-0.342251,-0.539026
0.624072,-0.339716,-0.536858
0.624521,-0.339757,-0.535515
0.625604,-0.335107,-0.533497
0.626690,-0.333318,-0.532768
0.627151,-0.332070,-0.530301
0.625878,-0.328803,-0.528833
0.628441,-0.326079,-0.527123
0.628434,-0.322269,-0.525136
0.625846,-0.318159,-0.523401
0.626996,-0.318978,-0.523304
0.628901,-0.313204,-0.521709
0.627217,-0.314111,-0.520128
0.628838,-0.309545,-0.519292
0.627245,-0.307724,-0.517198
0.629231,-0.304352,-0.516334
0.630683,-0.300964,-0.513444
0.630708,-0.299910,-0.511234
0.630930,-0.299159,-0.510729
0.628632,-0.294420,-0.508865
0.628638,-0.294201,-0.508158
0.630057,-0.290704,-0.506447
0.630486,-0.285893,-0.504502
0.630435,-0.285853,-0.503051
0.630452,-0.281542,-0.499886
0.631374,-0.280448,-0.500589
0.634174,-0.277125,-0.499203
0.631792,-0.276812,-0.498289
0.630916,-0.275290,-0.499883
0.627064,-0.275011,-0.499789
0.626035,-0.273803,-0.499500
0.625893,-0.272650,-0.499353
0.626124,-0.271036,-0.499543
0.623374,-0.268395,-0.498225
0.622495,-0.266701,-0.498097
0.622428,-0.267023,-0.495889
0.623003,-0.266011,-0.498130
0.619880,-0.265291,-0.499985
0.617848,-0.262159,-0.497567
0.616888,-0.261466,-0.499757
0.617140,-0.261449,-0.498951
0.614809,-0.262369,-0.498412
0.615581,-0.261228,-0.498417
0.613437,-0.256338,-0.499703
0.611965,-0.257601,-0.499678
0.611780,-0.256705,-0.499222
0.609475,-0.256601,-0.498377
0.608417,-0.255924,-0.497911
0.608270,-0.253134,-0.498470
0.607938,-0.251816,-0.498966
0.604354,-0.252436,-0.499065
0.605273,-0.251475,-0.500236
0.603158,-0.250437,-0.501231
0.602466,-0.249372,-0.500044
0.598652,-0.249616,-0.499429
0.600069,-0.246509,-0.497523
0.597649,-0.245844,-0.498416
0.597193,-0.244101,-0.499689
0.595296,-0.243804,-0.498185
0.593616,-0.246496,-0.499272
0.592319,-0.242332,-0.498931
0.592116,-0.243118,-0.500680
0.592125,-0.240028,-0.500068
0.589241,-0.241272,-0.499561
0.588406,-0.238230,-0.501060
0.587221,-0.236442,-0.500948
0.584425,-0.237505,-0.503797
0.584169,-0.233754,-0.501597
0.584548,-0.234797,-0.502011
0.582453,-0.233407,-0.502254
0.580499,-0.232698,-0.502595
0.579795,-0.231837,-0.502641
0.578496,-0.231384,-0.501708
0.576675,-0.228422,-0.503540
0.575260,-0.229253,-0.503411
0.574887,-0.227831,-0.502019
0.572451,-0.227633,-0.503086
0.573413,-0.225149,-0.504043
0.570109,-0.224864,-0.503757
0.568433,-0.224064,-0.502880
0.570514,-0.222544,-0.503592
0.566603,-0.223008,-0.503818
0.564822,-0.221658,-0.505644
0.564624,-0.222853,-0.505351
0.563569,-0.220404,-0.506257
0.562543,-0.219284,-0.505095
0.560812,-0.219919,-0.508791
0.558475,-0.218210,-0.505635
0.558726,-0.218052,-0.504904
0.556049,-0.216387,-0.506787
0.555750,-0.216130,-0.506400
0.552532,-0.214316,-0.507273
0.553634,-0.212190,-0.507741
0.551979,-0.210961,-0.508810
0.550006,-0.213111,-0.507906
0.547373,-0.210482,-0.508474
0.547590,-0.211546,-0.509089
0.545456,-0.208615,-0.506730
0.541559,-0.208384,-0.508710
0.543459,-0.208907,-0.507733
0.542038,-0.206949,-0.507985
0.539916,-0.206276,-0.511294
0.537529,-0.204130,-0.509985
0.536689,-0.206052,-0.510040
0.536930,-0.203644,-0.512513
0.534984,-0.202357,-0.511215
0.533187,-0.204434,-0.511208
0.530233,-0.202555,-0.513097
0.529331,-0.202547,-0.514763
0.527480,-0.200009,-0.512595
0.526852,-0.200758,-0.515087
0.524435,-0.202108,-0.516035
0.523892,-0.197138,-0.515210
0.519786,-0.198914,-0.516265
0.518533,-0.199569,-0.516327
0.516639,-0.199237,-0.516400
0.514709,-0.196297,-0.520446
0.514313,-0.198023,-0.519833
0.511754,-0.195889,-0.519394
0.512169,-0.197695,-0.522142
0.508230,-0.196162,-0.522003
0.507690,-0.195240,-0.523237
0.505346,-0.196013,-0.522335
0.503341,-0.194882,-0.522688
0.500802,-0.193852,-0.522744
0.500302,-0.194127,-0.524803
0.499552,-0.193907,-0.525226
0.496717,-0.194841,-0.525074
0.495156,-0.192610,-0.527912
0.494444,-0.191315,-0.526464
0.492182,-0.188642,-0.528688
0.491644,-0.190127,-0.529425
0.487557,-0.189867,-0.528410
0.486476,-0.187250,-0.530892
0.485229,-0.189311,-0.529355
0.481538,-0.187140,-0.531337
0.481180,-0.187481,-0.530011
0.481151,-0.184885,-0.530585
0.478681,-0.185562,-0.531708
0.479174,-0.186202,-0.532614
0.476351,-0.183264,-0.534362
0.472807,-0.185111,-0.533938
0.471565,-0.182823,-0.533790
0.469431,-0.182718,-0.537672
0.469606,-0.182780,-0.538427
0.467831,-0.182902,-0.536645
0.464038,-0.182602,-0.538625
0.462114,-0.179763,-0.537769
0.461716,-0.180977,-0.538959
0.458949,-0.179651,-0.540493
0.456558,-0.180165,-0.540747
0.456925,-0.181178,-0.541364
0.455479,-0.177545,-0.541810
0.452074,-0.176479,-0.542316
0.453237,-0.178454,-0.543591
0.452425,-0.177132,-0.544246
0.447835,-0.177293,-0.543675
0.446875,-0.176101,-0.547166
0.442356,-0.176720,-0.548033
0.440972,-0.175856,-0.547174
0.441084,-0.174838,-0.547551
0.436983,-0.175177,-0.549801
0.436137,-0.173657,-0.549871
0.434668,-0.173548,-0.549734
0.432364,-0.174035,-0.551137
0.429532,-0.172494,-0.553222
0.428451,-0.173043,-0.553217
0.426213,-0.171943,-0.554280
0.425481,-0.172727,-0.553830
0.422748,-0.172968,-0.553719
0.421060,-0.171287,-0.557192
0.417837,-0.171309,-0.558690
0.415323,-0.174427,-0.561027
0.410597,-0.175883,-0.564594
0.405730,-0.178086,-0.569067
0.400554,-0.179751,-0.572665
0.393488,-0.182341,-0.577097
0.621918,-0.350510,-0.539899
0.624747,-0.347046,-0.540239
0.623492,-0.345363,-0.538200
0.623896,-0.341413,-0.537551
0.624974,-0.338683,-0.534696
0.625530,-0.336850,-0.532555
0.624997,-0.334098,-0.532569
0.628351,-0.330917,-0.529956
0.628019,-0.327914,-0.528657
0.625294,-0.325765,-0.525926
0.626725,-0.324569,-0.523915
0.626906,-0.319358,-0.524000
0.625709,-0.318701,-0.520995
0.628039,-0.316300,-0.520881
0.628266,-0.314161,-0.518796
0.628740,-0.311157,-0.517409
0.629777,-0.307895,-0.515835
0.627583,-0.305425,-0.513427
0.630260,-0.302935,-0.512979
0.628740,-0.300358,-0.510537
0.628975,-0.299010,-0.509103
0.628898,-0.296937,-0.508250
0.629761,-0.292571,-0.505486
0.629205,-0.291390,-0.506328
0.631891,-0.288244,-0.503849
0.630523,-0.285918,-0.502573
0.629894,-0.283785,-0.502292
0.630161,-0.280093,-0.499615
0.631887,-0.278859,-0.500425
0.626931,-0.279032,-0.499384
0.626585,-0.276830,-0.498119
0.627954,-0.276528,-0.497477
0.625704,-0.274270,-0.498827
0.623874,-0.274426,-0.497068
0.623057,-0.271809,-0.499243
0.622976,-0.271472,-0.497289
0.622902,-0.269460,-0.497104
0.619056,-0.268481,-0.497107
0.620685,-0.265266,-0.494994
0.618377,-0.265650,-0.498045
0.618301,-0.266717,-0.496699
0.617069,-0.264204,-0.497831
0.615255,-0.263900,-0.498418
0.614773,-0.260937,-0.497142
0.612035,-0.261374,-0.497005
0.611654,-0.258824,-0.496907
0.612944,-0.260120,-0.499601
0.609874,-0.256561,-0.496913
0.610107,-0.256878,-0.496481
0.607060,-0.254729,-0.499458
0.606317,-0.254601,-0.496834
0.604646,-0.252980,-0.498079
0.603812,-0.253458,-0.497482
0.602295,-0.252970,-0.499034
0.602305,-0.248957,-0.498077
0.601208,-0.250652,-0.500499
0.600489,-0.246654,-0.498475
0.597499,-0.249094,-0.498907
0.596250,-0.247416,-0.497651
0.594759,-0.244523,-0.499642
0.596341,-0.244576,-0.498874
0.593636,-0.242695,-0.500749
0.589092,-0.243165,-0.497317
0.590380,-0.243074,-0.499450
0.590414,-0.240560,-0.500571
0.588591,-0.239642,-0.500677
0.588648,-0.240991,-0.499245
0.585998,-0.238924,-0.499564
0.585242,-0.237205,-0.501057
0.585329,-0.237418,-0.498330
0.581925,-0.236217,-0.498980
0.581920,-0.234758,-0.501673
0.581436,-0.234768,-0.502690
0.577584,-0.232583,-0.501240
0.578156,-0.231934,-0.502006
0.577712,-0.229197,-0.501427
0.575283,-0.229797,-0.501722
0.573679,-0.229920,-0.502693
0.572550,-0.228225,-0.500494
0.574265,-0.225197,-0.502869
0.570896,-0.226167,-0.501896
0.567585,-0.225381,-0.503088
0.568527,-0.224617,-0.501984
0.565801,-0.224204,-0.504030
0.565360,-0.222211,-0.503896
0.563146,-0.221318,-0.504025
0.561505,-0.221617,-0.504004
0.560586,-0.221017,-0.501458
0.559070,-0.222682,-0.505297
0.557935,-0.217068,-0.502922
0.556865,-0.219353,-0.503795
0.557367,-0.217282,-0.504255
0.553751,-0.216905,-0.504424
0.554220,-0.215703,-0.507979
0.551116,-0.214711,-0.506273
0.550464,-0.212272,-0.505704
0.548355,-0.212896,-0.505621
0.547330,-0.211019,-0.506849
0.547841,-0.210176,-0.505979
0.544321,-0.208921,-0.508361
0.544823,-0.210757,-0.506425
0.541331,-0.208671,-0.508196
0.540049,-0.206648,-0.508756
0.538378,-0.207851,-0.510467
0.538408,-0.206288,-0.510744
0.537523,-0.206081,-0.508761
0.535502,-0.204780,-0.509691
0.533871,-0.204457,-0.512216
0.532938,-0.203670,-0.511109
0.529331,-0.203897,-0.511234
0.528093,-0.201848,-0.513106
0.526233,-0.201811,-0.511696
0.525715,-0.201905,-0.513575
0.524366,-0.199806,-0.514833
0.523190,-0.201005,-0.514618
0.520589,-0.199631,-0.515389
0.517696,-0.198770,-0.516210
0.517208,-0.198248,-0.517972
0.514703,-0.198882,-0.519231
0.513666,-0.199643,-0.519971
0.508528,-0.196126,-0.519106
0.510696,-0.198184,-0.520247
0.508930,-0.196858,-0.520808
0.506429,-0.196453,-0.521732
0.504709,-0.194916,-0.523329
0.502906,-0.196002,-0.524442
0.500245,-0.195237,-0.524580
0.499920,-0.193805,-0.523202
0.497434,-0.196197,-0.525029
0.496048,-0.191383,-0.525581
0.494287,-0.192402,-0.525281
0.491621,-0.191687,-0.525451
0.493439,-0.192561,-0.525869
0.489353,-0.190842,-0.527264
0.489943,-0.190007,-0.526980
0.484263,-0.190083,-0.527273
0.486115,-0.188868,-0.530577
0.483812,-0.189210,-0.530129
0.482474,-0.188990,-0.528424
0.480480,-0.187382,-0.531193
0.478890,-0.186314,-0.532253
0.478145,-0.184395,-0.533362
0.475349,-0.186063,-0.532564
0.472307,-0.185483,-0.531354
0.471622,-0.184827,-0.533380
0.469464,-0.184789,-0.534067
0.468535,-0.181343,-0.533241
0.465362,-0.182228,-0.538523
0.464523,-0.181592,-0.535240
0.463691,-0.183143,-0.536494
0.460591,-0.181234,-0.537435
0.459426,-0.181064,-0.539636
0.457262,-0.180243,-0.539791
0.456710,-0.179701,-0.538686
0.453970,-0.179415,-0.539878
0.453676,-0.178798,-0.541465
0.451707,-0.178793,-0.542162
0.447804,-0.177160,-0.540637
0.445838,-0.178048,-0.542846
0.445645,-0.175506,-0.544606
0.441758,-0.175354,-0.543045
0.441730,-0.176048,-0.546136
0.439158,-0.176745,-0.545870
0.436750,-0.176510,-0.547810
0.436199,-0.173040,-0.546675
0.435407,-0.174939,-0.550340
0.434118,-0.172924,-0.550177
0.431734,-0.174059,-0.551961
0.427132,-0.173845,-0.551530
0.425678,-0.173296,-0.553795
0.422157,-0.172557,-0.554360
0.422846,-0.173361,-0.554316
0.421241,-0.172484,-0.554672
0.416465,-0.170806,-0.556814
0.412913,-0.171903,-0.559385
0.408604,-0.173818,-0.562937
0.404051,-0.179232,-0.569521
0.399810,-0.180391,-0.569464
0.394134,-0.181595,-0.575761
0.623163,-0.350754,-0.540937
0.622559,-0.348956,-0.538143
0.623666,-0.345621,-0.537849
0.623564,-0.343499,-0.535425
0.625317,-0.343014,-0.534845
0.622585,-0.339805,-0.531272
0.622281,-0.335483,-0.531789
0.625696,-0.334220,-0.527176
0.624892,-0.331267,-0.525965
0.626627,-0.326916,-0.525929
0.625125,-0.326692,-0.523951
0.624456,-0.323276,-0.523227
0.625554,-0.321336,-0.520874
0.625304,-0.317891,-0.521309
0.625535,-0.314538,-0.518713
0.625214,-0.312365,-0.516242
0.625393,-0.311686,-0.516026
0.626812,-0.306426,-0.514275
0.626554,-0.306062,-0.512268
0.626622,-0.301474,-0.511571
0.626748,-0.298715,-0.507873
0.627855,-0.297547,-0.508806
0.628447,-0.296164,-0.507392
0.627631,-0.292554,-0.504638
0.628272,-0.289092,-0.502173
0.627071,-0.287410,-0.502599
0.627698,-0.286729,-0.501796
0.629232,-0.283562,-0.498877
0.627614,-0.282532,-0.499439
0.626961,-0.277933,-0.498496
0.625605,-0.279048,-0.496985
0.624404,-0.276312,-0.497290
0.625320,-0.274127,-0.496892
0.623368,-0.274945,-0.496599
0.622870,-0.273870,-0.497448
0.621771,-0.270743,-0.497575
0.621409,-0.272174,-0.496302
0.619409,-0.269802,-0.496693
0.620141,-0.270147,-0.497186
0.617637,-0.268228,-0.494432
0.615260,-0.265820,-0.496057
0.615140,-0.265941,-0.496510
0.613396,-0.264448,-0.496011
0.614016,-0.262003,-0.495734
0.611321,-0.260866,-0.496026
0.609486,-0.260366,-0.496835
0.610162,-0.258705,-0.495117
0.606752,-0.258504,-0.496694
0.609547,-0.257749,-0.497092
0.606327,-0.256042,-0.495616
0.605406,-0.255525,-0.496953
0.604875,-0.255021,-0.496753
0.603993,-0.252505,-0.498945
0.601151,-0.253346,-0.496119
0.601030,-0.252542,-0.497164
0.599870,-0.252208,-0.497658
0.597109,-0.249650,-0.497378
0.598326,-0.249320,-0.497622
0.596995,-0.248210,-0.497442
0.595142,-0.247460,-0.498952
0.592970,-0.246488,-0.498517
0.593071,-0.244914,-0.499577
0.589125,-0.243649,-0.498325
0.590107,-0.242716,-0.499390
0.589885,-0.242771,-0.498338
0.587972,-0.239895,-0.497921
0.586150,-0.241161,-0.497963
0.585558,-0.237352,-0.498058
0.585390,-0.237469,-0.498017
0.583762,-0.238356,-0.496732
0.583858,-0.235366,-0.497893
0.579401,-0.235591,-0.499934
0.580962,-0.236361,-0.498980
0.580568,-0.231740,-0.499564
0.576515,-0.233328,-0.500517
0.575449,-0.230992,-0.499817
0.574317,-0.230710,-0.499662
0.571788,-0.230424,-0.500849
0.572766,-0.228629,-0.499065
0.571199,-0.226973,-0.500287
0.569724,-0.226975,-0.501055
0.568807,-0.227459,-0.500960
0.566726,-0.226945,-0.502059
0.565776,-0.223748,-0.500897
0.564355,-0.224652,-0.502270
0.563227,-0.221343,-0.502301
0.562195,-0.222401,-0.502121
0.560970,-0.220493,-0.501980
0.558580,-0.220364,-0.502955
0.557133,-0.220815,-0.503545
0.556981,-0.218509,-0.503731
0.555630,-0.218921,-0.502163
0.553989,-0.215565,-0.503891
0.552797,-0.215162,-0.503758
0.550662,-0.215709,-0.502886
0.550690,-0.214711,-0.504399
0.548508,-0.213529,-0.505770
0.548169,-0.213237,-0.505074
0.545560,-0.212889,-0.504889
0.544658,-0.210611,-0.504578
0.543236,-0.209702,-0.505775
0.541277,-0.209584,-0.508213
0.540713,-0.209010,-0.508730
0.538700,-0.208644,-0.506588
0.537329,-0.207379,-0.509088
0.536325,-0.206105,-0.507046
0.533874,-0.206111,-0.506759
0.532599,-0.205209,-0.507564
0.530553,-0.201547,-0.509542
0.528952,-0.201905,-0.510223
0.529066,-0.203538,-0.511428
0.527458,-0.202835,-0.512751
0.525525,-0.202511,-0.510215
0.522063,-0.202462,-0.512274
0.519682,-0.201870,-0.511327
0.518884,-0.201666,-0.513767
0.517172,-0.199278,-0.515561
0.516697,-0.199484,-0.516505
0.513386,-0.200011,-0.517336
0.512135,-0.198831,-0.517053
0.511712,-0.198794,-0.518574
0.508874,-0.198660,-0.519341
0.504958,-0.199034,-0.519609
0.505329,-0.198216,-0.520069
0.500885,-0.198373,-0.520241
0.501813,-0.196539,-0.523227
0.500973,-0.196163,-0.523388
0.497393,-0.195221,-0.522731
0.498338,-0.194898,-0.521982
0.493156,-0.195242,-0.523792
0.493273,-0.194525,-0.525205
0.492384,-0.192032,-0.524636
0.490483,-0.191411,-0.526668
0.489897,-0.191069,-0.526306
0.487291,-0.192132,-0.526434
0.486808,-0.193050,-0.527941
0.482554,-0.187727,-0.525259
0.482194,-0.187897,-0.527702
0.481122,-0.186757,-0.529205
0.477850,-0.187907,-0.527789
0.478585,-0.187989,-0.531319
0.475683,-0.187025,-0.532388
0.474676,-0.185481,-0.532424
0.473101,-0.184573,-0.533160
0.470896,-0.186976,-0.532125
0.468548,-0.184333,-0.534063
0.467885,-0.182579,-0.533893
0.465309,-0.182561,-0.534293
0.464374,-0.181945,-0.535017
0.462824,-0.180692,-0.534142
0.460939,-0.184608,-0.534608
0.459445,-0.180888,-0.538488
0.456226,-0.179426,-0.537366
0.455682,-0.178684,-0.535677
0.454610,-0.180412,-0.537997
0.451282,-0.181571,-0.541550
0.448701,-0.178487,-0.541076
0.446353,-0.179602,-0.541672
0.445602,-0.176568,-0.541681
0.443992,-0.176890,-0.541196
0.442771,-0.178406,-0.544300
0.439458,-0.176549,-0.544095
0.437592,-0.176085,-0.545764
0.436443,-0.177300,-0.544695
0.434568,-0.175020,-0.546617
0.432365,-0.175145,-0.547695
0.432381,-0.174896,-0.547927
0.430350,-0.173651,-0.549674
0.425556,-0.174709,-0.549735
0.426501,-0.173979,-0.550599
0.423074,-0.173099,-0.553022
0.421328,-0.174951,-0.552303
0.416884,-0.172047,-0.554814
0.416443,-0.172385,-0.555480
0.412375,-0.174184,-0.556556
0.409654,-0.175592,-0.561531
0.404288,-0.176403,-0.565550
0.399864,-0.179197,-0.567026
0.395126,-0.180137,-0.570285
0.622580,-0.351306,-0.540951
0.621352,-0.348793,-0.537338
0.621558,-0.346205,-0.533970
0.624080,-0.343915,-0.532182
0.622318,-0.339625,-0.532581
0.622207,-0.338793,-0.528511
0.621237,-0.335158,-0.529106
0.624002,-0.331934,-0.527535
0.622403,-0.329957,-0.525193
0.623037,-0.328927,-0.526117
0.622818,-0.322774,-0.522567
0.625700,-0.320428,-0.519466
0.623960,-0.318958,-0.518905
0.624209,-0.316409,-0.518287
0.623188,-0.312644,-0.515915
0.626471,-0.311182,-0.514090
0.624494,-0.307443,-0.515192
0.626912,-0.306392,-0.511204
0.626554,-0.304657,-0.511721
0.625230,-0.302943,-0.509172
0.626670,-0.298564,-0.508601
0.626109,-0.294967,-0.505413
0.626702,-0.293941,-0.503835
0.625739,-0.291336,-0.503175
0.627360,-0.288461,-0.502727
0.627169,-0.287303,-0.499319
0.626707,-0.283968,-0.499936
0.624867,-0.283192,-0.497883
0.625497,-0.280812,-0.498051
0.625217,-0.279539,-0.495760
0.625227,-0.279954,-0.496154
0.621318,-0.277383,-0.496945
0.621976,-0.277053,-0.496693
0.621583,-0.275322,-0.497580
0.619333,-0.274040,-0.496633
0.619508,-0.275103,-0.496811
0.619759,-0.270409,-0.494372
0.616694,-0.270405,-0.492756
0.616626,-0.268342,-0.495078
0.616441,-0.266943,-0.496353
0.615801,-0.265899,-0.496438
0.613103,-0.264903,-0.495118
0.612652,-0.264411,-0.494523
0.610580,-0.261014,-0.494737
0.609964,-0.263073,-0.495938
0.609810,-0.261851,-0.495959
0.609413,-0.260263,-0.494056
0.608127,-0.259211,-0.494540
0.606969,-0.258038,-0.495396
0.604487,-0.256242,-0.494756
0.604157,-0.256763,-0.493787
0.602996,-0.256012,-0.494300
0.602477,-0.253759,-0.496028
0.600506,-0.251205,-0.495324
0.598697,-0.251052,-0.496287
0.597483,-0.251638,-0.497085
0.596781,-0.248822,-0.495888
0.596172,-0.247826,-0.498144
0.594526,-0.249733,-0.495925
0.594603,-0.246866,-0.497302
0.591291,-0.244902,-0.497399
0.590607,-0.245842,-0.497055
0.590230,-0.242755,-0.495839
0.588486,-0.243403,-0.497150
0.586964,-0.242239,-0.497023
0.586185,-0.241457,-0.497906
0.583767,-0.238942,-0.498224
0.583952,-0.239627,-0.496592
0.582183,-0.239606,-0.497210
0.582432,-0.237988,-0.496830
0.580031,-0.237263,-0.499163
0.580857,-0.235280,-0.497068
0.576220,-0.235096,-0.499368
0.575279,-0.234839,-0.498647
0.573345,-0.233729,-0.498097
0.574145,-0.232161,-0.497342
0.571622,-0.229044,-0.498970
0.570839,-0.230157,-0.497876
0.568187,-0.228259,-0.499568
0.568657,-0.228788,-0.498991
0.567131,-0.228466,-0.501182
0.566623,-0.224898,-0.500672
0.565473,-0.225412,-0.500584
0.564451,-0.224483,-0.500606
0.562601,-0.222631,-0.499969
0.560034,-0.221265,-0.503714
0.560453,-0.221957,-0.501231
0.557742,-0.220876,-0.500483
0.555597,-0.220117,-0.501386
0.555894,-0.218625,-0.501633
0.554332,-0.218026,-0.503520
0.552910,-0.218923,-0.500261
0.550497,-0.215984,-0.501920
0.550225,-0.217137,-0.502816
0.547296,-0.214382,-0.503403
0.547874,-0.213037,-0.504469
0.545834,-0.213736,-0.503385
0.543755,-0.212551,-0.504101
0.543791,-0.211396,-0.503613
0.539524,-0.211435,-0.503663
0.540946,-0.209868,-0.506386
0.539679,-0.208514,-0.506625
0.536426,-0.208918,-0.505145
0.535957,-0.207993,-0.505486
0.534653,-0.207621,-0.508549
0.535250,-0.207272,-0.508153
0.531534,-0.206219,-0.509203
0.531617,-0.205451,-0.510402
0.527234,-0.203492,-0.508073
0.527539,-0.205153,-0.508237
0.525025,-0.204624,-0.510083
0.524310,-0.201970,-0.510446
0.523285,-0.202955,-0.510239
0.519870,-0.201518,-0.512164
0.516762,-0.200954,-0.514482
0.515733,-0.202376,-0.514859
0.514963,-0.200585,-0.515274
0.513795,-0.199720,-0.513882
0.511842,-0.200838,-0.517356
0.510565,-0.200346,-0.516508
0.507698,-0.199879,-0.516311
0.504745,-0.198200,-0.518660
0.503991,-0.198342,-0.517471
0.502375,-0.197338,-0.520842
0.498571,-0.197886,-0.520890
0.500668,-0.197356,-0.521357
0.497233,-0.199114,-0.521680
0.497281,-0.193885,-0.521894
0.495099,-0.196886,-0.523682
0.492035,-0.193687,-0.522162
0.490670,-0.193320,-0.524600
0.487928,-0.193752,-0.523380
0.485430,-0.191787,-0.526048
0.486164,-0.190782,-0.524100
0.484134,-0.191113,-0.526248
0.482192,-0.190389,-0.526301
0.482267,-0.189257,-0.524969
0.479446,-0.191009,-0.528759
0.476804,-0.188523,-0.528975
0.477610,-0.190257,-0.528647
0.475074,-0.187293,-0.528868
0.473480,-0.186359,-0.531057
0.470374,-0.186815,-0.530481
0.468080,-0.186578,-0.529017
0.469820,-0.185472,-0.532621
0.466317,-0.184235,-0.532996
0.464948,-0.186480,-0.533815
0.462565,-0.183531,-0.534453
0.462259,-0.181395,-0.535279
0.459642,-0.183092,-0.535159
0.455687,-0.181491,-0.537016
0.456287,-0.182001,-0.535854
0.454274,-0.181706,-0.536105
0.452120,-0.180629,-0.536860
0.452057,-0.181328,-0.537746
0.450357,-0.178599,-0.538541
0.448677,-0.178829,-0.541236
0.447328,-0.177561,-0.540776
0.442675,-0.179044,-0.540480
0.441490,-0.177151,-0.544768
0.437556,-0.178769,-0.543308
0.438820,-0.177545,-0.543146
0.436354,-0.176135,-0.543958
0.432786,-0.176656,-0.544163
0.431311,-0.174015,-0.545781
0.431206,-0.176238,-0.547480
0.428171,-0.175088,-0.548071
0.427023,-0.174446,-0.547738
0.426680,-0.174184,-0.548840
0.423651,-0.173257,-0.548874
0.419983,-0.175592,-0.551740
0.417405,-0.175354,-0.553718
0.417511,-0.172999,-0.554733
0.413304,-0.176476,-0.556574
0.409724,-0.176528,-0.556783
0.402340,-0.177073,-0.562856
0.398938,-0.179103,-0.565716
0.391271,-0.182041,-0.569704
0.620977,-0.349223,-0.536172
0.620966,-0.346007,-0.532917
0.622411,-0.344327,-0.533123
0.621327,-0.342439,-0.531085
0.620799,-0.338596,-0.530715
0.621777,-0.335141,-0.527988
0.621646,-0.331621,-0.524595
0.622211,-0.330979,-0.525257
0.622289,-0.329771,-0.525088
0.623492,-0.325488,-0.521674
0.624332,-0.323627,-0.519740
0.621464,-0.322678,-0.518643
0.622682,-0.318285,-0.518730
0.623853,-0.316024,-0.515316
0.623225,-0.311494,-0.513821
0.623233,-0.309820,-0.511743
0.623663,-0.307986,-0.509716
0.622324,-0.305809,-0.509393
0.624445,-0.302767,-0.506889
0.624029,-0.301445,-0.506105
0.626332,-0.297780,-0.505957
0.625602,-0.295119,-0.504075
0.625454,-0.291523,-0.502535
0.624394,-0.290832,-0.500722
0.622802,-0.290379,-0.499383
0.624373,-0.285901,-0.499939
0.623186,-0.284794,-0.495773
0.622186,-0.284212,-0.498321
0.622504,-0.280487,-0.497872
0.622757,-0.280495,-0.495388
0.620417,-0.276468,-0.497193
0.621413,-0.278829,-0.495105
0.621827,-0.274948,-0.497055
0.619392,-0.274785,-0.496722
0.617073,-0.274507,-0.495388
0.618723,-0.271763,-0.493272
0.616281,-0.268758,-0.493819
0.617558,-0.267460,-0.493430
0.614215,-0.266263,-0.495147
0.615230,-0.269081,-0.494562
0.611774,-0.265538,-0.494536
0.613643,-0.264064,-0.492973
0.611498,-0.263022,-0.493496
0.609939,-0.263796,-0.495536
0.607879,-0.259701,-0.494534
0.605560,-0.261855,-0.493290
0.604613,-0.259334,-0.493115
0.605824,-0.258559,-0.495185
0.603840,-0.257971,-0.493613
0.603081,-0.258261,-0.495559
0.600707,-0.254767,-0.494948
0.601644,-0.252266,-0.493953
0.598257,-0.253392,-0.494448
0.599045,-0.253291,-0.495614
0.597792,-0.254099,-0.497441
0.594614,-0.251909,-0.495283
0.593480,-0.249052,-0.493478
0.593352,-0.248417,-0.495065
0.592942,-0.248099,-0.494521
0.589890,-0.247967,-0.495585
0.589070,-0.246482,-0.494167
0.587911,-0.244229,-0.494774
0.587866,-0.244222,-0.494648
0.585962,-0.242388,-0.495862
0.583815,-0.242079,-0.496315
0.584516,-0.240326,-0.495858
0.583127,-0.238510,-0.494702
0.581141,-0.239263,-0.496108
0.580060,-0.238027,-0.498326
0.579190,-0.236307,-0.496568
0.578175,-0.236058,-0.496559
0.576351,-0.234618,-0.497544
0.574977,-0.234927,-0.496995
0.575674,-0.232513,-0.495577
0.571805,-0.231327,-0.495772
0.573146,-0.230102,-0.496583
0.569039,-0.229993,-0.496543
0.570380,-0.228366,-0.498125
0.568308,-0.229425,-0.496360
0.567256,-0.228735,-0.498500
0.565567,-0.226443,-0.496609
0.562502,-0.225349,-0.499361
0.562147,-0.225642,-0.498916
0.560562,-0.224484,-0.499596
0.560742,-0.221937,-0.499615
0.558083,-0.222017,-0.500083
0.557414,-0.222325,-0.498741
0.555876,-0.221905,-0.500580
0.555321,-0.220505,-0.500617
0.553412,-0.218331,-0.499541
0.552054,-0.218802,-0.500660
0.550956,-0.215815,-0.500312
0.548940,-0.216872,-0.501699
0.549402,-0.214395,-0.501881
0.547888,-0.214277,-0.501977
0.546331,-0.213986,-0.501144
0.543447,-0.214442,-0.502418
0.542090,-0.211596,-0.502376
0.541816,-0.211885,-0.501779
0.540810,-0.210211,-0.503454
0.539311,-0.209969,-0.505504
0.537324,-0.209443,-0.503338
0.534545,-0.208447,-0.507116
0.536287,-0.209336,-0.504845
0.531930,-0.205562,-0.505809
0.531206,-0.206966,-0.506782
0.529506,-0.206198,-0.506846
0.526871,-0.205067,-0.509868
0.526188,-0.204260,-0.509531
0.525139,-0.204733,-0.508868
0.522596,-0.205539,-0.508107
0.522374,-0.205089,-0.509816
0.520542,-0.201200,-0.512134
0.517106,-0.202934,-0.511592
0.516228,-0.202708,-0.511680
0.514732,-0.202904,-0.512587
0.510678,-0.202959,-0.513929
0.508880,-0.202216,-0.514605
0.508131,-0.200141,-0.517078
0.505543,-0.201803,-0.516903
0.504832,-0.199717,-0.520258
0.502851,-0.200157,-0.518588
0.501446,-0.199696,-0.517749
0.497027,-0.197285,-0.519551
0.496590,-0.198332,-0.519475
0.495964,-0.199929,-0.520974
0.493574,-0.198001,-0.520476
0.491874,-0.196057,-0.520416
0.490066,-0.195135,-0.522689
0.491102,-0.196890,-0.523178
0.489286,-0.195068,-0.523663
0.486188,-0.192515,-0.523087
0.485236,-0.192803,-0.525092
0.483972,-0.192215,-0.524228
0.481538,-0.191048,-0.523972
0.479717,-0.190369,-0.526808
0.476210,-0.190563,-0.526289
0.474999,-0.189849,-0.526487
0.475211,-0.189018,-0.528729
0.473983,-0.187786,-0.529308
0.472594,-0.189063,-0.528211
0.472461,-0.187253,-0.529065
0.471188,-0.186405,-0.528114
0.466586,-0.186759,-0.531343
0.466410,-0.185101,-0.531900
0.464802,-0.185198,-0.532125
0.461373,-0.184374,-0.531870
0.461781,-0.184436,-0.531802
0.458247,-0.182714,-0.533617
0.458058,-0.181324,-0.533620
0.456410,-0.183295,-0.535055
0.452869,-0.182275,-0.535158
0.451473,-0.182402,-0.536568
0.449470,-0.181312,-0.537324
0.446177,-0.181667,-0.538014
0.446119,-0.179575,-0.538981
0.445121,-0.180570,-0.539769
0.442516,-0.178019,-0.540088
0.441894,-0.177852,-0.542367
0.437415,-0.175502,-0.541267
0.436174,-0.176373,-0.541129
0.435963,-0.177241,-0.542865
0.432858,-0.175886,-0.542942
0.431402,-0.177593,-0.545352
0.429596,-0.176045,-0.546633
0.428178,-0.175509,-0.545779
0.424191,-0.176894,-0.545990
0.425130,-0.175146,-0.546406
0.421228,-0.176545,-0.548396
0.419000,-0.175438,-0.551442
0.419132,-0.174985,-0.551844
0.413065,-0.176247,-0.553650
0.409962,-0.173516,-0.553595
0.408598,-0.176458,-0.558610
0.402373,-0.179507,-0.560831
0.398473,-0.180282,-0.565032
0.392986,-0.182812,-0.570265
0.617374,-0.352098,-0.535879
0.619302,-0.348424,-0.532552
0.618841,-0.346043,-0.531663
0.620646,-0.342230,-0.528368
0.620585,-0.341201,-0.529828
0.619949,-0.336778,-0.528272
0.619568,-0.334849,-0.525886
0.620374,-0.332034,-0.525053
0.620182,-0.330505,-0.522259
0.621589,-0.327601,-0.519578
0.619759,-0.324509,-0.519283
0.621468,-0.320808,-0.518285
0.621031,-0.318702,-0.515559
0.622788,-0.316592,-0.513871
0.622801,-0.313938,-0.512973
0.622781,-0.309053,-0.512681
0.622303,-0.309364,-0.512024
0.623326,-0.308202,-0.508429
0.624676,-0.306240,-0.508959
0.622880,-0.301183,-0.505825
0.624742,-0.300062,-0.505257
0.623961,-0.297031,-0.503053
0.624576,-0.293898,-0.501975
0.624133,-0.291438,-0.499304
0.621916,-0.289675,-0.499822
0.623194,-0.289197,-0.500067
0.623649,-0.285458,-0.498562
0.621529,-0.285453,-0.498837
0.620743,-0.284712,-0.495992
0.618908,-0.281934,-0.497230
0.619308,-0.279184,-0.494117
0.619938,-0.278403,-0.495730
0.620288,-0.278429,-0.495646
0.618288,-0.275255,-0.494489
0.616733,-0.274466,-0.495403
0.616401,-0.273172,-0.494577
0.617719,-0.272195,-0.494153
0.613362,-0.270712,-0.493822
0.614211,-0.268801,-0.492607
0.612606,-0.267655,-0.492392
0.612007,-0.265470,-0.493792
0.610848,-0.265587,-0.491960
0.609849,-0.263645,-0.492980
0.607369,-0.264007,-0.494358
0.607280,-0.262811,-0.491448
0.605518,-0.262820,-0.492279
0.607098,-0.257922,-0.492371
0.605003,-0.260154,-0.491160
0.602469,-0.259715,-0.496254
0.599083,-0.258217,-0.493250
0.599823,-0.254371,-0.491838
0.599152,-0.255420,-0.494178
0.598408,-0.254444,-0.493251
0.598528,-0.252132,-0.492487
0.596078,-0.252318,-0.494020
0.595717,-0.251098,-0.494549
0.590625,-0.250723,-0.495419
0.593764,-0.247835,-0.493501
0.590007,-0.249585,-0.494509
0.591335,-0.247439,-0.492447
0.589173,-0.246249,-0.494048
0.587229,-0.244693,-0.493273
0.588563,-0.244624,-0.494358
0.587057,-0.244280,-0.494265
0.584044,-0.243702,-0.494136
0.582882,-0.239952,-0.494236
0.583136,-0.241175,-0.495723
0.581595,-0.238695,-0.493991
0.580777,-0.238282,-0.494190
0.577298,-0.238856,-0.496178
0.576479,-0.235161,-0.494619
0.578657,-0.236166,-0.493924
0.574223,-0.233867,-0.496856
0.572756,-0.233311,-0.496366
0.573509,-0.233139,-0.496836
0.571627,-0.233558,-0.496555
0.569147,-0.231305,-0.494655
0.568268,-0.229114,-0.496042
0.567912,-0.228419,-0.494876
0.567251,-0.228298,-0.496210
0.565700,-0.226685,-0.498136
0.562126,-0.227571,-0.498887
0.562105,-0.224512,-0.496999
0.561681,-0.224451,-0.496992
0.559673,-0.223020,-0.497263
0.557309,-0.222516,-0.496906
0.556871,-0.222706,-0.498418
0.557126,-0.220176,-0.500337
0.555086,-0.221696,-0.498743
0.552287,-0.220450,-0.498115
0.551843,-0.219988,-0.498897
0.549967,-0.219043,-0.499294
0.548661,-0.217466,-0.500801
0.548103,-0.216407,-0.500800
0.546512,-0.215095,-0.498884
0.544556,-0.214505,-0.502781
0.543785,-0.214162,-0.500752
0.541371,-0.213269,-0.501798
0.539215,-0.213504,-0.500804
0.535529,-0.210836,-0.502925
0.538372,-0.210087,-0.502004
0.535408,-0.211716,-0.502743
0.533312,-0.209607,-0.504113
0.534214,-0.206353,-0.504478
0.534720,-0.209877,-0.505343
0.530784,-0.206871,-0.505915
0.529683,-0.206706,-0.506721
0.527311,-0.207506,-0.505175
0.524276,-0.205954,-0.506714
0.521730,-0.206777,-0.508758
0.521668,-0.204126,-0.508684
0.520202,-0.205135,-0.508149
0.519979,-0.204031,-0.509178
0.516620,-0.202894,-0.510419
0.514445,-0.202019,-0.512325
0.511746,-0.204137,-0.511877
0.510290,-0.201884,-0.513353
0.509728,-0.204270,-0.514500
0.506879,-0.201313,-0.515345
0.505962,-0.200472,-0.514949
0.501682,-0.200044,-0.515775
0.500833,-0.201714,-0.517905
0.499755,-0.200128,-0.517942
0.499391,-0.198712,-0.519044
0.498366,-0.197259,-0.519944
0.495495,-0.198454,-0.518415
0.493638,-0.199831,-0.520566
0.491206,-0.199017,-0.522234
0.488625,-0.196030,-0.521070
0.486955,-0.195938,-0.520788
0.487792,-0.194893,-0.522322
0.485160,-0.195117,-0.523089
0.483186,-0.194107,-0.522457
0.484259,-0.194779,-0.521831
0.480626,-0.193967,-0.522024
0.477044,-0.193142,-0.525385
0.477063,-0.193029,-0.525936
0.476910,-0.188927,-0.523318
0.474955,-0.187881,-0.526422
0.474161,-0.188808,-0.528663
0.471240,-0.188730,-0.527501
0.469018,-0.187329,-0.526155
0.469214,-0.187310,-0.527945
0.466720,-0.186828,-0.527797
0.464756,-0.185324,-0.528382
0.464331,-0.185296,-0.531058
0.461500,-0.185454,-0.531823
0.461980,-0.184591,-0.530855
0.457595,-0.185113,-0.531746
0.455317,-0.182944,-0.531741
0.454665,-0.183594,-0.534118
0.453044,-0.181452,-0.535415
0.450586,-0.183241,-0.534280
0.450411,-0.182311,-0.535421
0.449298,-0.180809,-0.535486
0.447235,-0.179519,-0.536781
0.444027,-0.181255,-0.536925
0.439605,-0.179325,-0.538620
0.440723,-0.178641,-0.539168
0.438668,-0.178071,-0.538947
0.437924,-0.177677,-0.540093
0.435813,-0.177142,-0.541821
0.431647,-0.178623,-0.542249
0.433414,-0.178252,-0.542157
0.427238,-0.177090,-0.545605
0.427572,-0.175356,-0.543934
0.423716,-0.175602,-0.544032
0.424339,-0.178046,-0.546433
0.420972,-0.176215,-0.548732
0.418127,-0.175965,-0.547902
0.416646,-0.176779,-0.551272
0.413389,-0.177154,-0.552092
0.412968,-0.176754,-0.552723
0.407290,-0.178055,-0.556854
0.403559,-0.180782,-0.559968
0.396976,-0.180953,-0.561265
0.392652,-0.184432,-0.568026
0.617959,-0.348235,-0.532023
0.617728,-0.346391,-0.531090
0.618970,-0.345304,-0.529071
0.616801,-0.343469,-0.527444
0.620065,-0.339243,-0.526615
0.618688,-0.336472,-0.524939
0.621173,-0.333583,-0.522477
0.620388,-0.331908,-0.521892
0.620853,-0.331333,-0.518669
0.619719,-0.326736,-0.518132
0.620974,-0.322606,-0.516376
0.619333,-0.319209,-0.515351
0.620064,-0.318571,-0.514033
0.621265,-0.316237,-0.512047
0.622120,-0.310807,-0.509103
0.621940,-0.312156,-0.509599
0.622304,-0.306551,-0.507629
0.622276,-0.305736,-0.506289
0.622495,-0.304500,-0.504992
0.622403,-0.301051,-0.503258
0.620523,-0.297093,-0.503942
0.621319,-0.296840,-0.500567
0.620718,-0.296336,-0.499796
0.619756,-0.293111,-0.501082
0.620214,-0.289567,-0.497426
0.620880,-0.288144,-0.499107
0.620058,-0.286316,-0.497299
0.619427,-0.285710,-0.496172
0.620296,-0.284300,-0.496167
0.618029,-0.282282,-0.496278
0.617446,-0.281474,-0.494983
0.616708,-0.278420,-0.495600
0.615850,-0.277406,-0.493584
0.615348,-0.273930,-0.494606
0.616036,-0.275026,-0.492100
0.613270,-0.272461,-0.491747
0.613948,-0.272103,-0.491918
0.613406,-0.270361,-0.492100
0.610715,-0.268829,-0.491332
0.610321,-0.267724,-0.492593
0.609754,-0.266301,-0.489237
0.608656,-0.265498,-0.491406
0.608371,-0.263167,-0.492315
0.607118,-0.264912,-0.491668
0.604167,-0.263569,-0.492549
0.606417,-0.261130,-0.492082
0.603837,-0.260539,-0.491134
0.601508,-0.258500,-0.492618
0.601560,-0.257351,-0.491820
0.601383,-0.256785,-0.490785
0.597073,-0.257049,-0.490374
0.597671,-0.256727,-0.492394
0.597200,-0.254294,-0.493553
0.595873,-0.251839,-0.492576
0.593527,-0.252811,-0.492886
0.592264,-0.250604,-0.494086
0.592167,-0.250073,-0.492561
0.591286,-0.248225,-0.491020
0.590056,-0.248582,-0.493235
0.587327,-0.246480,-0.494886
0.587031,-0.246634,-0.492453
0.584991,-0.245239,-0.494048
0.585897,-0.244999,-0.493770
0.583328,-0.244072,-0.493741
0.580471,-0.241121,-0.492250
0.580767,-0.241219,-0.492798
0.579653,-0.239614,-0.494346
0.580479,-0.240163,-0.492818
0.577689,-0.237065,-0.495095
0.577074,-0.236599,-0.492181
0.575408,-0.237337,-0.493731
0.573939,-0.236233,-0.494917
0.571561,-0.235053,-0.495731
0.572758,-0.232630,-0.493175
0.569814,-0.231521,-0.494221
0.568818,-0.231636,-0.494446
0.569402,-0.229998,-0.494812
0.566496,-0.229021,-0.493743
0.564436,-0.229617,-0.496303
0.563174,-0.226641,-0.496566
0.564241,-0.226308,-0.493363
0.563353,-0.225044,-0.494858
0.560879,-0.225888,-0.498088
0.557205,-0.224559,-0.494713
0.557278,-0.224231,-0.497642
0.557550,-0.222317,-0.495794
0.555884,-0.220133,-0.497590
0.554664,-0.220748,-0.496815
0.550387,-0.221858,-0.499258
0.548726,-0.220408,-0.497386
0.550551,-0.218406,-0.499001
0.548696,-0.217859,-0.498850
0.545740,-0.219595,-0.497684
0.544485,-0.216457,-0.500686
0.542147,-0.216504,-0.500620
0.542345,-0.215453,-0.499336
0.540829,-0.212952,-0.500990
0.541554,-0.214205,-0.501104
0.537642,-0.210787,-0.501371
0.537996,-0.211340,-0.500740
0.536191,-0.211477,-0.500058
0.534548,-0.209119,-0.501531
0.533134,-0.210416,-0.504798
0.531629,-0.208824,-0.501876
0.529016,-0.210888,-0.503754
0.528123,-0.209222,-0.504073
0.527758,-0.205299,-0.503902
0.525009,-0.207454,-0.507015
0.522033,-0.208135,-0.505929
0.521487,-0.206254,-0.507820
0.517984,-0.204591,-0.506345
0.517143,-0.206913,-0.508446
0.517022,-0.204163,-0.508331
0.513864,-0.205223,-0.507825
0.512613,-0.205936,-0.512281
0.509690,-0.202957,-0.509262
0.506877,-0.203328,-0.510595
0.505471,-0.203881,-0.513365
0.502362,-0.203032,-0.514282
0.502762,-0.202778,-0.515427
0.499198,-0.202257,-0.515217
0.499012,-0.201977,-0.517229
0.495319,-0.201662,-0.515784
0.495399,-0.199853,-0.519269
0.492957,-0.199791,-0.519289
0.492544,-0.201850,-0.519177
0.490824,-0.198638,-0.521152
0.489686,-0.199499,-0.519069
0.487022,-0.196350,-0.519794
0.485892,-0.196180,-0.522196
0.485060,-0.196659,-0.520257
0.484556,-0.193014,-0.520665
0.481958,-0.193446,-0.522116
0.480282,-0.192852,-0.522628
0.479437,-0.190765,-0.523753
0.477483,-0.192438,-0.525634
0.475863,-0.191344,-0.525340
0.471895,-0.190128,-0.524583
0.472272,-0.190626,-0.523697
0.471432,-0.189196,-0.524774
0.469308,-0.189977,-0.526641
0.468795,-0.186837,-0.527095
0.465713,-0.188773,-0.525515
0.465435,-0.186825,-0.527871
0.463585,-0.186191,-0.527971
0.460790,-0.185891,-0.527188
0.460705,-0.184486,-0.530942
0.457439,-0.183622,-0.530781
0.455058,-0.182589,-0.529657
0.454312,-0.182101,-0.532537
0.452537,-0.182957,-0.532019
0.451372,-0.181180,-0.533251
0.447363,-0.181809,-0.532486
0.446413,-0.181696,-0.532551
0.444870,-0.183423,-0.534824
0.443332,-0.180169,-0.535095
0.442098,-0.181190,-0.535687
0.438561,-0.179891,-0.534752
0.438570,-0.178555,-0.537841
0.434886,-0.180310,-0.540738
0.433231,-0.178027,-0.539301
0.433240,-0.179536,-0.542565
0.429718,-0.178542,-0.543695
0.427899,-0.177572,-0.543081
0.425915,-0.177009,-0.543701
0.424791,-0.177710,-0.542889
0.422225,-0.177948,-0.545538
0.419075,-0.175607,-0.547269
0.419284,-0.178193,-0.548137
0.415570,-0.175308,-0.550190
0.412681,-0.175277,-0.551668
0.408155,-0.177739,-0.552556
0.406027,-0.178912,-0.554564
0.401838,-0.180289,-0.558817
0.398926,-0.181299,-0.561427
0.390551,-0.185857,-0.568348
0.615600,-0.352128,-0.532458
0.619237,-0.346581,-0.530196
0.615692,-0.344937,-0.530266
0.617050,-0.342288,-0.526892
0.616084,-0.343227,-0.526627
0.617363,-0.337012,-0.524577
0.617665,-0.335320,-0.520388
0.618459,-0.332225,-0.520615
0.620042,-0.328470,-0.518681
0.620102,-0.328176,-0.518073
0.618983,-0.324006,-0.515885
0.618538,-0.322194,-0.513756
0.619151,-0.320104,-0.513197
0.618388,-0.317312,-0.511815
0.619707,-0.313335,-0.511767
0.620502,-0.311531,-0.508285
0.618861,-0.309600,-0.507982
0.621173,-0.305347,-0.506308
0.621030,-0.305940,-0.505697
0.619797,-0.302698,-0.503477
0.620537,-0.302446,-0.503093
0.619454,-0.299093,-0.500806
0.619610,-0.295442,-0.499802
0.618179,-0.293825,-0.498038
0.619801,-0.292518,-0.498004
0.618623,-0.290115,-0.497903
0.617982,-0.287675,-0.497469
0.619574,-0.289495,-0.495324
0.617507,-0.284200,-0.494709
0.617443,-0.284907,-0.494028
0.615192,-0.280640,-0.492365
0.616698,-0.279616,-0.492409
0.615169,-0.277332,-0.493537
0.613907,-0.276581,-0.491750
0.615754,-0.276512,-0.492580
0.613744,-0.274819,-0.492946
0.613687,-0.272430,-0.491409
0.610406,-0.271360,-0.489888
0.612026,-0.268584,-0.492468
0.609558,-0.269515,-0.489962
0.608321,-0.269194,-0.490765
0.607591,-0.265473,-0.490601
0.606733,-0.267843,-0.490106
0.603871,-0.264487,-0.490549
0.603967,-0.263974,-0.490904
0.600941,-0.262499,-0.490648
0.602356,-0.262911,-0.489903
0.601218,-0.260744,-0.491463
0.599827,-0.258280,-0.491536
0.598432,-0.258485,-0.491484
0.595302,-0.256968,-0.490606
0.596472,-0.256435,-0.490793
0.596810,-0.253527,-0.491716
0.595694,-0.255512,-0.491307
0.595672,-0.253814,-0.491095
0.592263,-0.252404,-0.492479
0.591971,-0.252752,-0.490825
0.589406,-0.248809,-0.491602
0.589622,-0.249510,-0.492401
0.585710,-0.249402,-0.491300
0.587011,-0.245632,-0.492847
0.584638,-0.244732,-0.490755
0.584266,-0.245871,-0.492948
0.582142,-0.243362,-0.490494
0.581380,-0.242522,-0.490354
0.582745,-0.241000,-0.493044
0.580796,-0.242108,-0.491625
0.578545,-0.239230,-0.491485
0.576170,-0.239092,-0.492036
0.575403,-0.237460,-0.491906
0.574946,-0.238799,-0.491126
0.574670,-0.235646,-0.493827
0.573821,-0.235833,-0.492368
0.570608,-0.233900,-0.490879
0.569506,-0.232995,-0.493748
0.569811,-0.231845,-0.492985
0.568357,-0.232293,-0.492340
0.564797,-0.230352,-0.495239
0.564671,-0.228529,-0.492457
0.564647,-0.230534,-0.493944
0.561967,-0.227281,-0.493774
0.561785,-0.226298,-0.494033
0.559954,-0.225502,-0.494345
0.559197,-0.224301,-0.493709
0.557752,-0.223820,-0.496259
0.555722,-0.222516,-0.495622
0.554198,-0.221991,-0.494947
0.552694,-0.221536,-0.495035
0.553530,-0.219981,-0.496395
0.551749,-0.219540,-0.495861
0.550829,-0.219152,-0.496124
0.547864,-0.219399,-0.497276
0.546803,-0.217970,-0.498337
0.546143,-0.216577,-0.497563
0.544260,-0.217930,-0.497223
0.540265,-0.214121,-0.498897
0.540425,-0.215062,-0.499378
0.537199,-0.215476,-0.501325
0.539299,-0.214618,-0.500094
0.536834,-0.211908,-0.500516
0.535016,-0.211680,-0.498890
0.535411,-0.210901,-0.500437
0.532045,-0.211118,-0.502341
0.530622,-0.211645,-0.500630
0.529337,-0.208947,-0.502239
0.526973,-0.208794,-0.502732
0.526483,-0.206701,-0.503421
0.524665,-0.208420,-0.504087
0.521686,-0.209039,-0.505644
0.518571,-0.206150,-0.506736
0.517952,-0.206386,-0.505292
0.514807,-0.205848,-0.507885
0.513290,-0.206286,-0.509816
0.510594,-0.206083,-0.509233
0.511153,-0.204275,-0.511361
0.508732,-0.204871,-0.509845
0.506685,-0.203504,-0.510799
0.504509,-0.204883,-0.513487
0.503026,-0.204113,-0.513076
0.500137,-0.204162,-0.514932
0.500635,-0.204076,-0.514756
0.497885,-0.202815,-0.515520
0.494209,-0.202964,-0.514379
0.495975,-0.202501,-0.516199
0.493775,-0.203117,-0.517682
0.489977,-0.200804,-0.518805
0.489759,-0.199210,-0.519566
0.486793,-0.199763,-0.518688
0.486367,-0.198061,-0.521561
0.483718,-0.196296,-0.520257
0.482833,-0.195066,-0.521460
0.481387,-0.193455,-0.522042
0.480590,-0.195272,-0.520909
0.478050,-0.194589,-0.521723
0.478059,-0.193248,-0.521943
0.476000,-0.191070,-0.523228
0.472890,-0.191380,-0.522535
0.473130,-0.190935,-0.524187
0.472249,-0.189265,-0.524078
0.470126,-0.190079,-0.524311
0.468892,-0.190374,-0.525289
0.467067,-0.187568,-0.525035
0.462920,-0.189342,-0.525660
0.463933,-0.187480,-0.526989
0.461925,-0.187143,-0.526408
0.458949,-0.186426,-0.528457
0.458245,-0.186467,-0.526217
0.456567,-0.185595,-0.528757
0.454762,-0.183196,-0.529422
0.454780,-0.185035,-0.530584
0.451277,-0.183269,-0.530541
0.449606,-0.183664,-0.532921
0.448464,-0.183491,-0.533010
0.446945,-0.182825,-0.532834
0.444965,-0.183189,-0.534337
0.442093,-0.181820,-0.533126
0.441294,-0.180947,-0.535814
0.440539,-0.180810,-0.536511
0.437197,-0.180683,-0.536246
0.436342,-0.181342,-0.539531
0.432491,-0.181006,-0.539369
0.431985,-0.178118,-0.539639
0.428459,-0.180172,-0.540743
0.426519,-0.178666,-0.542611
0.422813,-0.177937,-0.541572
0.422506,-0.177844,-0.544707
0.421077,-0.179391,-0.543098
0.418247,-0.179741,-0.545525
0.417998,-0.176843,-0.547279
0.414029,-0.178629,-0.548903
0.411766,-0.178096,-0.550296
0.406887,-0.180085,-0.551840
0.403072,-0.183256,-0.553817
0.401419,-0.180921,-0.556173
0.396021,-0.183463,-0.561474
0.391636,-0.185124,-0.565426
0.614590,-0.351538,-0.530178
0.615877,-0.347320,-0.528185
0.615465,-0.344335,-0.526437
0.616943,-0.342418,-0.525650
0.615947,-0.338523,-0.525020
0.618001,-0.336292,-0.521634
0.617144,-0.334064,-0.522481
0.615012,-0.331590,-0.518827
0.617863,-0.327682,-0.517266
0.617887,-0.326301,-0.515673
0.617029,-0.324590,-0.513929
0.618617,-0.321504,-0.513285
0.617636,-0.317966,-0.511401
0.617562,-0.314737,-0.510882
0.618420,-0.311397,-0.508346
0.619556,-0.311025,-0.508038
0.620113,-0.308134,-0.505311
0.617374,-0.305809,-0.502869
0.617265,-0.303857,-0.504226
0.616296,-0.301718,-0.502876
0.618383,-0.302150,-0.497771
0.616647,-0.298171,-0.499331
0.618285,-0.295472,-0.498748
0.617543,-0.295043,-0.497558
0.616145,-0.293209,-0.497556
0.617307,-0.289043,-0.496145
0.617527,-0.287775,-0.494562
0.616728,-0.284872,-0.493447
0.615821,-0.283719,-0.494617
0.615860,-0.282806,-0.493431
0.616380,-0.280425,-0.492048
0.614297,-0.279458,-0.489445
0.613220,-0.279575,-0.491494
0.612324,-0.276554,-0.490436
0.612305,-0.274703,-0.491607
0.611010,-0.274711,-0.488526
0.611754,-0.272163,-0.488567
0.611317,-0.271156,-0.488597
0.609093,-0.270139,-0.489624
0.608134,-0.268423,-0.487610
0.605818,-0.267076,-0.490298
0.605960,-0.267059,-0.488591
0.603816,-0.265939,-0.490002
0.603628,-0.263771,-0.489827
0.604002,-0.265091,-0.489183
0.600248,-0.262898,-0.489638
0.601999,-0.260722,-0.489445
0.598220,-0.261867,-0.488731
0.597574,-0.258649,-0.489952
0.596283,-0.258018,-0.488692
0.595790,-0.258055,-0.487608
0.595722,-0.255337,-0.492088
0.592595,-0.253752,-0.490576
0.594568,-0.253660,-0.490732
0.590543,-0.251598,-0.490776
0.590032,-0.252096,-0.490627
0.589733,-0.251292,-0.489103
0.587118,-0.248559,-0.490272
0.586475,-0.249257,-0.490473
0.585402,-0.249739,-0.489457
0.584059,-0.246870,-0.488763
0.583736,-0.244904,-0.491159
0.582218,-0.243206,-0.488874
0.582580,-0.246238,-0.490718
0.580767,-0.243754,-0.490176
0.580252,-0.240480,-0.489032
0.577027,-0.240510,-0.489217
0.578442,-0.238285,-0.491691
0.575738,-0.240344,-0.491591
0.576232,-0.237591,-0.492347
0.572930,-0.236689,-0.491079
0.571530,-0.233933,-0.491002
0.571788,-0.234153,-0.491243
0.570099,-0.232790,-0.491218
0.566854,-0.233138,-0.493271
0.566594,-0.232022,-0.491612
0.566073,-0.230390,-0.491828
0.564433,-0.229746,-0.491126
0.563513,-0.228214,-0.492162
0.560596,-0.228024,-0.494010
0.560527,-0.227346,-0.493350
0.558907,-0.226874,-0.492479
0.557909,-0.225970,-0.493746
0.556737,-0.225403,-0.496047
0.555777,-0.223681,-0.494473
0.554265,-0.223513,-0.494107
0.552029,-0.221928,-0.495198
0.551616,-0.220447,-0.493442
0.549513,-0.219797,-0.494444
0.546433,-0.221660,-0.495254
0.545879,-0.220878,-0.496664
0.544520,-0.218055,-0.495548
0.545438,-0.218678,-0.496301
0.542656,-0.215732,-0.495961
0.541244,-0.216045,-0.496222
0.540787,-0.215617,-0.496836
0.538356,-0.214166,-0.496133
0.536307,-0.214289,-0.499172
0.535981,-0.212838,-0.497515
0.535093,-0.211661,-0.499237
0.533158,-0.211920,-0.497230
0.532160,-0.211060,-0.499426
0.528116,-0.210604,-0.500897
0.528317,-0.208641,-0.500810
0.526051,-0.209758,-0.502484
0.524247,-0.209771,-0.502952
0.523026,-0.209549,-0.501636
0.520434,-0.208701,-0.503058
0.519854,-0.208396,-0.504867
0.518142,-0.207149,-0.504709
0.517034,-0.205587,-0.507178
0.514888,-0.206974,-0.505828
0.511142,-0.205622,-0.507917
0.507650,-0.206478,-0.511449
0.507558,-0.206674,-0.508920
0.505190,-0.205713,-0.510043
0.504348,-0.204704,-0.510897
0.502531,-0.205402,-0.510519
0.500332,-0.205073,-0.512593
0.498726,-0.204614,-0.514622
0.497558,-0.203868,-0.514923
0.496159,-0.203803,-0.513934
0.492717,-0.203799,-0.516060
0.491183,-0.201436,-0.517132
0.491150,-0.201478,-0.515677
0.490364,-0.200670,-0.517513
0.485954,-0.200254,-0.520077
0.484586,-0.199865,-0.518384
0.482062,-0.197227,-0.519684
0.483178,-0.197685,-0.517875
0.481535,-0.196650,-0.520643
0.478438,-0.195387,-0.519158
0.478476,-0.195378,-0.519265
0.477772,-0.193813,-0.520290
0.475990,-0.194391,-0.520176
0.472483,-0.192481,-0.520621
0.473548,-0.191927,-0.522208
0.472467,-0.190314,-0.523380
0.468068,-0.191762,-0.523834
0.466632,-0.190357,-0.523153
0.465388,-0.190520,-0.522181
0.463673,-0.189415,-0.525208
0.462600,-0.188300,-0.525818
0.461677,-0.186297,-0.524881
0.459382,-0.187364,-0.527584
0.457564,-0.187125,-0.529264
0.454206,-0.185883,-0.526958
0.453744,-0.188198,-0.527660
0.451701,-0.186309,-0.529856
0.450332,-0.185474,-0.529307
0.448824,-0.184395,-0.530377
0.445523,-0.183619,-0.532748
0.446283,-0.183249,-0.530675
0.443498,-0.181352,-0.532152
0.441123,-0.181715,-0.533209
0.438721,-0.181878,-0.534522
0.438488,-0.182591,-0.534284
0.435054,-0.181185,-0.536249
0.434108,-0.179916,-0.534947
0.432300,-0.181351,-0.537395
0.430077,-0.177850,-0.535681
0.429290,-0.177879,-0.539408
0.426693,-0.178523,-0.539850
0.425085,-0.179130,-0.539039
0.423842,-0.178505,-0.542969
0.419963,-0.178955,-0.542494
0.416883,-0.178516,-0.541897
0.416429,-0.180885,-0.545414
0.413144,-0.179847,-0.546643
0.409455,-0.178693,-0.548531
0.407914,-0.179818,-0.549759
0.404529,-0.180882,-0.554295
0.397590,-0.181440,-0.554568
0.397819,-0.184795,-0.559923
0.389740,-0.184623,-0.562089
0.615368,-0.347558,-0.526495
0.613911,-0.346190,-0.526656
0.615526,-0.342673,-0.524648
0.615392,-0.341401,-0.520949
0.614288,-0.339023,-0.519868
0.615784,-0.338098,-0.518255
0.616964,-0.332976,-0.519737
0.615338,-0.329587,-0.515704
0.616431,-0.327802,-0.516130
0.615217,-0.323968,-0.514716
0.617478,-0.323755,-0.512216
0.616950,-0.320772,-0.508544
0.617701,-0.315960,-0.509675
0.618999,-0.317012,-0.508736
0.618062,-0.312298,-0.504458
0.617616,-0.308307,-0.503750
0.616136,-0.309657,-0.505298
0.618412,-0.307851,-0.502449
0.616747,-0.305902,-0.502063
0.615609,-0.301418,-0.500127
0.616647,-0.300485,-0.499271
0.615724,-0.298170,-0.497740
0.616243,-0.295028,-0.497291
0.617948,-0.292836,-0.496639
0.617115,-0.291326,-0.494284
0.616138,-0.286785,-0.493863
0.616677,-0.286945,-0.494349
0.615835,-0.284259,-0.492489
0.614921,-0.284727,-0.491302
0.614584,-0.282058,-0.490918
0.612745,-0.280130,-0.490669
0.613237,-0.278231,-0.489339
0.610270,-0.277727,-0.488562
0.612742,-0.277173,-0.489850
0.610733,-0.275154,-0.487955
0.609263,-0.273798,-0.487757
0.608668,-0.271343,-0.487421
0.608012,-0.269760,-0.487910
0.606313,-0.269661,-0.488458
0.606382,-0.269437,-0.489085
0.605928,-0.269329,-0.489149
0.603607,-0.269062,-0.487463
0.603429,-0.269052,-0.487978
0.600457,-0.265418,-0.489266
0.599009,-0.265095,-0.489904
0.600293,-0.260828,-0.488161
0.598400,-0.261632,-0.489314
0.596540,-0.259504,-0.486689
0.596447,-0.261168,-0.488027
0.594842,-0.259195,-0.490074
0.594668,-0.255454,-0.487822
0.591614,-0.253982,-0.487324
0.591526,-0.256732,-0.488054
0.591227,-0.255633,-0.490233
0.589504,-0.252715,-0.486258
0.588761,-0.252653,-0.487429
0.585967,-0.250186,-0.488031
0.585397,-0.251603,-0.488619
0.583921,-0.250417,-0.489851
0.582715,-0.245700,-0.488176
0.582439,-0.246380,-0.488674
0.581739,-0.246739,-0.487344
0.580120,-0.244177,-0.488218
0.578829,-0.243971,-0.489367
0.578655,-0.242243,-0.488312
0.576735,-0.239693,-0.488136
0.575332,-0.241274,-0.490341
0.575055,-0.241102,-0.488318
0.573311,-0.239389,-0.488713
0.569963,-0.238607,-0.490294
0.570978,-0.235604,-0.490746
0.572058,-0.234914,-0.490551
0.569613,-0.234060,-0.489591
0.567210,-0.234153,-0.490792
0.564914,-0.232735,-0.488971
0.565207,-0.229902,-0.490010
0.562947,-0.229988,-0.488756
0.562806,-0.230233,-0.489742
0.561792,-0.228262,-0.490373
0.560439,-0.227005,-0.490198
0.558189,-0.228264,-0.491120
0.556223,-0.226444,-0.492093
0.556117,-0.226713,-0.492360
0.554977,-0.224139,-0.491442
0.552470,-0.224156,-0.493297
0.550553,-0.222621,-0.493080
0.551015,-0.222599,-0.490742
0.548693,-0.219851,-0.491539
0.548183,-0.219475,-0.494332
0.546274,-0.220388,-0.494349
0.545083,-0.219138,-0.495190
0.542749,-0.217311,-0.494957
0.542800,-0.216906,-0.494120
0.538926,-0.217077,-0.496061
0.538365,-0.215869,-0.496108
0.538355,-0.215735,-0.494662
0.535607,-0.214914,-0.496704
0.534984,-0.214207,-0.496323
0.534035,-0.212805,-0.496706
0.533169,-0.213098,-0.498147
0.529668,-0.213212,-0.497528
0.529937,-0.212285,-0.498606
0.526912,-0.211020,-0.500517
0.525851,-0.210043,-0.501178
0.524581,-0.207908,-0.501223
0.520497,-0.209105,-0.502152
0.519997,-0.210772,-0.502223
0.517962,-0.207650,-0.503498
0.516331,-0.208701,-0.503811
0.513760,-0.208765,-0.504344
0.512456,-0.209953,-0.504662
0.510342,-0.207268,-0.507877
0.507474,-0.205715,-0.508065
0.507934,-0.207636,-0.509435
0.506585,-0.205886,-0.509129
0.503909,-0.205251,-0.512250
0.501493,-0.206740,-0.513011
0.498278,-0.205770,-0.512611
0.495763,-0.205587,-0.512185
0.495017,-0.205522,-0.513010
0.494286,-0.201892,-0.513918
0.491140,-0.202769,-0.514754
0.489522,-0.203149,-0.516886
0.489861,-0.201846,-0.514719
0.487064,-0.202746,-0.517003
0.485450,-0.203840,-0.518367
0.483113,-0.200977,-0.518596
0.483865,-0.199632,-0.518660
0.482176,-0.198394,-0.518899
0.480352,-0.197350,-0.518314
0.477987,-0.198345,-0.520026
0.477249,-0.195909,-0.518987
0.474522,-0.196658,-0.520211
0.474203,-0.194622,-0.521649
0.472315,-0.195284,-0.519684
0.470611,-0.191952,-0.520958
0.470933,-0.191887,-0.522350
0.468696,-0.193660,-0.521792
0.467109,-0.192304,-0.521841
0.464463,-0.190525,-0.523568
0.463422,-0.189682,-0.523019
0.462018,-0.190062,-0.524111
0.458594,-0.188745,-0.521849
0.458686,-0.187876,-0.525255
0.456260,-0.187333,-0.524556
0.457612,-0.186734,-0.526812
0.454507,-0.186154,-0.526010
0.451996,-0.188184,-0.527420
0.449876,-0.188024,-0.527734
0.448778,-0.184173,-0.528100
0.448259,-0.183781,-0.530990
0.444292,-0.184677,-0.531719
0.442892,-0.183406,-0.530877
0.440408,-0.181832,-0.530764
0.439491,-0.182859,-0.534012
0.438444,-0.182741,-0.533047
0.437141,-0.182718,-0.533911
0.433925,-0.180153,-0.534635
0.431401,-0.181877,-0.534825
0.429792,-0.180504,-0.536255
0.429267,-0.181891,-0.536865
0.425915,-0.180104,-0.537724
0.423267,-0.180665,-0.538964
0.420101,-0.182780,-0.540205
0.418951,-0.179126,-0.543919
0.418318,-0.180037,-0.543228
0.415608,-0.180002,-0.542754
0.411140,-0.180101,-0.544133
0.409289,-0.180084,-0.546874
0.408069,-0.181389,-0.550253
0.403254,-0.181898,-0.552182
0.396527,-0.182843,-0.556649
0.394476,-0.183971,-0.557332
0.389100,-0.186484,-0.562832
0.610388,-0.351264,-0.528192
0.613089,-0.347765,-0.524894
0.613973,-0.345488,-0.523459
0.613234,-0.342666,-0.521724
0.615948,-0.339369,-0.520029
0.614394,-0.338901,-0.519462
0.615600,-0.334673,-0.516770
0.615731,-0.332245,-0.515701
0.614203,-0.326703,-0.515604
0.616686,-0.327780,-0.513094
0.614427,-0.323425,-0.509130
0.616539,-0.319014,-0.509604
0.616807,-0.321796,-0.507601
0.615886,-0.318200,-0.506064
0.617569,-0.313485,-0.505749
0.614351,-0.311776,-0.505005
0.614645,-0.312664,-0.503242
0.615637,-0.308204,-0.502344
0.613986,-0.306532,-0.500413
0.616955,-0.305475,-0.502326
0.614909,-0.302123,-0.498856
0.614029,-0.297408,-0.497450
0.615377,-0.297263,-0.497207
0.615755,-0.294850,-0.497223
0.616485,-0.292820,-0.495660
0.614818,-0.291572,-0.493601
0.616005,-0.289621,-0.492730
0.613770,-0.286440,-0.493455
0.612554,-0.285672,-0.490694
0.612624,-0.284415,-0.491778
0.609846,-0.283012,-0.490453
0.611865,-0.281492,-0.489612
0.611287,-0.279772,-0.489303
0.611126,-0.277153,-0.486849
0.611616,-0.275103,-0.489096
0.608779,-0.275212,-0.488410
0.607581,-0.274025,-0.486163
0.607636,-0.273271,-0.486293
0.605171,-0.270062,-0.485652
0.603631,-0.268667,-0.486354
0.604019,-0.268510,-0.487182
0.603068,-0.266071,-0.487113
0.601412,-0.266207,-0.486601
0.601367,-0.265970,-0.489306
0.601336,-0.264228,-0.487123
0.598216,-0.264838,-0.486353
0.596955,-0.262528,-0.484891
0.595442,-0.261426,-0.487014
0.594838,-0.257637,-0.487729
0.594516,-0.259405,-0.486148
0.592980,-0.257484,-0.487012
0.592791,-0.253853,-0.488400
0.590945,-0.255313,-0.487301
0.590161,-0.253397,-0.487002
0.587980,-0.252945,-0.486943
0.586351,-0.252597,-0.488006
0.586328,-0.251941,-0.488448
0.585221,-0.251237,-0.487706
0.582952,-0.247734,-0.486412
0.582551,-0.247890,-0.486535
0.582427,-0.245312,-0.487833
0.580308,-0.246957,-0.487219
0.580567,-0.242712,-0.488117
0.578141,-0.245570,-0.486933
0.578304,-0.243252,-0.487698
0.575109,-0.242235,-0.488595
0.575899,-0.240441,-0.487701
0.575262,-0.238861,-0.487316
0.574725,-0.239956,-0.489560
0.571772,-0.236944,-0.489548
0.571717,-0.236132,-0.487810
0.568198,-0.236772,-0.487766
0.566314,-0.234421,-0.490048
0.567284,-0.234902,-0.487360
0.565909,-0.233871,-0.489406
0.564641,-0.232984,-0.489669
0.565270,-0.232224,-0.489642
0.562384,-0.231541,-0.488052
0.560113,-0.229078,-0.488196
0.558874,-0.227486,-0.488875
0.557609,-0.226971,-0.490532
0.556138,-0.227557,-0.488894
0.554617,-0.226899,-0.489766
0.554011,-0.224146,-0.492887
0.552011,-0.227593,-0.490498
0.552619,-0.222650,-0.490567
0.549882,-0.223536,-0.491182
0.548679,-0.221337,-0.492388
0.547467,-0.220097,-0.492235
0.544487,-0.219019,-0.491313
0.544613,-0.219768,-0.492999
0.542779,-0.217618,-0.493275
0.541774,-0.217120,-0.494070
0.539816,-0.215584,-0.493643
0.539041,-0.216482,-0.496261
0.534051,-0.216016,-0.494420
0.536200,-0.214523,-0.495162
0.533472,-0.214296,-0.497329
0.532802,-0.213500,-0.494978
0.531705,-0.213404,-0.495950
0.529450,-0.213090,-0.497385
0.528035,-0.213263,-0.498454
0.525931,-0.210438,-0.497811
0.525147,-0.212277,-0.498882
0.523195,-0.211217,-0.498842
0.520318,-0.209597,-0.498899
0.518478,-0.211420,-0.499546
0.515680,-0.209346,-0.502614
0.515339,-0.208133,-0.501872
0.513140,-0.206975,-0.502927
0.511141,-0.208663,-0.504256
0.508725,-0.209608,-0.503547
0.506536,-0.210172,-0.507210
0.506358,-0.207707,-0.507368
0.502829,-0.208375,-0.509245
0.502748,-0.209781,-0.508212
0.500476,-0.206378,-0.509288
0.497965,-0.205837,-0.512127
0.498516,-0.205994,-0.512607
0.494740,-0.206236,-0.513970
0.493328,-0.204685,-0.512118
0.491426,-0.204292,-0.513368
0.489696,-0.204277,-0.513896
0.488265,-0.206061,-0.514872
0.485173,-0.203156,-0.515569
0.484834,-0.202627,-0.517187
0.481991,-0.202024,-0.518287
0.482100,-0.200603,-0.517091
0.480033,-0.201709,-0.517467
0.476528,-0.200468,-0.517196
0.478600,-0.200601,-0.516730
0.474557,-0.200109,-0.518374
0.473788,-0.196023,-0.516921
0.475073,-0.197013,-0.520990
0.470824,-0.193563,-0.520348
0.469843,-0.195441,-0.520372
0.468934,-0.193382,-0.520333
0.468339,-0.192747,-0.520236
0.466669,-0.192579,-0.520969
0.462971,-0.192185,-0.521916
0.459840,-0.191124,-0.523580
0.462309,-0.189880,-0.522539
0.459505,-0.189602,-0.522465
0.457176,-0.188051,-0.523004
0.456625,-0.189121,-0.524438
0.453856,-0.188667,-0.523918
0.448864,-0.188047,-0.526210
0.451894,-0.188923,-0.527457
0.447797,-0.185491,-0.526847
0.447169,-0.184929,-0.527191
0.446457,-0.185421,-0.530030
0.444406,-0.185753,-0.529621
0.441372,-0.183545,-0.530023
0.440875,-0.185355,-0.531183
0.438515,-0.184846,-0.529210
0.436692,-0.184161,-0.533063
0.434209,-0.184077,-0.532401
0.434296,-0.180956,-0.533577
0.430578,-0.182284,-0.533648
0.429565,-0.182798,-0.535994
0.426699,-0.179905,-0.534903
0.424815,-0.182064,-0.537199
0.421931,-0.181351,-0.538816
0.420012,-0.181669,-0.538923
0.417700,-0.181443,-0.541619
0.416573,-0.180278,-0.540795
0.414588,-0.179626,-0.541332
0.411643,-0.178600,-0.546647
0.408374,-0.180938,-0.547300
0.404330,-0.183117,-0.549291
0.401582,-0.184221,-0.550725
0.396933,-0.184054,-0.554070
0.392997,-0.185192,-0.557879
0.388371,-0.187486,-0.563425
0.611934,-0.347940,-0.523349
0.612582,-0.345534,-0.523002
0.612336,-0.341820,-0.519829
0.612479,-0.341261,-0.518692
0.613878,-0.338307,-0.520115
0.612925,-0.335573,-0.515829
0.612304,-0.332163,-0.514072
0.614891,-0.329829,-0.511310
0.613548,-0.326727,-0.513052
0.615631,-0.325302,-0.509569
0.615374,-0.322443,-0.508517
0.616683,-0.321244,-0.506108
0.614272,-0.317641,-0.506045
0.616447,-0.314955,-0.505197
0.615830,-0.313955,-0.504265
0.613773,-0.311253,-0.501444
0.613471,-0.310313,-0.501434
0.613032,-0.307613,-0.501097
0.610644,-0.306896,-0.499215
0.613624,-0.304341,-0.500336
0.612494,-0.299742,-0.496270
0.612214,-0.299829,-0.496138
0.611042,-0.295898,-0.494972
0.612450,-0.294046,-0.494435
0.613116,-0.292894,-0.492886
0.612882,-0.290551,-0.492596
0.613110,-0.289216,-0.490088
0.611753,-0.286568,-0.490286
0.611015,-0.284422,-0.488391
0.611754,-0.282926,-0.489062
0.609682,-0.282448,-0.488167
0.612254,-0.278847,-0.489251
0.610313,-0.280723,-0.487403
0.609085,-0.275900,-0.488228
0.607919,-0.275836,-0.485676
0.606828,-0.273008,-0.486309
0.607938,-0.273534,-0.486762
0.604775,-0.272806,-0.485939
0.602268,-0.271052,-0.485684
0.602260,-0.269644,-0.485879
0.602422,-0.269638,-0.485194
0.601182,-0.267153,-0.486194
0.598797,-0.265090,-0.485326
0.599962,-0.265898,-0.485986
0.596357,-0.263623,-0.485809
0.596309,-0.263197,-0.484781
0.595749,-0.262140,-0.485818
0.592258,-0.261052,-0.484975
0.593623,-0.258719,-0.486550
0.591669,-0.259814,-0.486948
0.592677,-0.257120,-0.485497
0.591339,-0.256837,-0.485124
0.589464,-0.254001,-0.486004
0.588655,-0.254821,-0.487953
0.586237,-0.254077,-0.483533
0.587535,-0.252399,-0.485143
0.584302,-0.248483,-0.485990
0.584160,-0.249964,-0.485927
0.582028,-0.248290,-0.485218
0.581692,-0.247551,-0.485926
0.579229,-0.246442,-0.486023
0.580315,-0.243168,-0.485448
0.578113,-0.244401,-0.484284
0.577745,-0.243234,-0.485657
0.574311,-0.242284,-0.487049
0.573689,-0.240051,-0.486670
0.574821,-0.239896,-0.486292
0.571482,-0.240313,-0.487093
0.570348,-0.238939,-0.485039
0.570854,-0.237356,-0.485673
0.569132,-0.235699,-0.487793
0.566176,-0.236008,-0.485906
0.564976,-0.235304,-0.488362
0.565898,-0.232873,-0.486634
0.563664,-0.231688,-0.487079
0.562219,-0.233233,-0.487102
0.563636,-0.231038,-0.487081
0.558565,-0.229552,-0.488365
0.559533,-0.228917,-0.486874
0.556346,-0.228286,-0.489333
0.556280,-0.227795,-0.489706
0.555083,-0.227033,-0.488930
0.554451,-0.225834,-0.489963
0.552580,-0.223608,-0.488849
0.549511,-0.222484,-0.489626
0.550183,-0.223040,-0.489692
0.547381,-0.221114,-0.489900
0.546623,-0.222392,-0.492102
0.544296,-0.220129,-0.490290
0.543922,-0.217296,-0.490590
0.541709,-0.220116,-0.491695
0.538827,-0.219498,-0.492993
0.538598,-0.219424,-0.492656
0.536131,-0.217454,-0.492449
0.536914,-0.216713,-0.493590
0.534758,-0.215074,-0.493216
0.533000,-0.217486,-0.493464
0.531077,-0.214966,-0.494727
0.531897,-0.213353,-0.496359
0.526606,-0.213570,-0.496349
0.525787,-0.213606,-0.496979
0.525307,-0.211914,-0.496024
0.523046,-0.211639,-0.496928
0.523159,-0.211630,-0.498492
0.520517,-0.210839,-0.499034
0.519262,-0.211500,-0.501350
0.514936,-0.208541,-0.499022
0.514484,-0.207739,-0.501602
0.514234,-0.210047,-0.503690
0.511658,-0.209274,-0.503460
0.509485,-0.209424,-0.505488
0.505248,-0.206702,-0.505590
0.504801,-0.209401,-0.507439
0.502346,-0.207506,-0.505451
0.500678,-0.207428,-0.507196
0.497658,-0.206960,-0.509279
0.497368,-0.208320,-0.511032
0.495229,-0.208016,-0.509613
0.493606,-0.207518,-0.511783
0.490180,-0.205336,-0.510828
0.488826,-0.205522,-0.512306
0.489266,-0.206297,-0.514516
0.488354,-0.204092,-0.513867
0.486152,-0.205197,-0.513883
0.484309,-0.203731,-0.517536
0.482221,-0.202182,-0.514647
0.481467,-0.200909,-0.515476
0.479537,-0.201792,-0.514514
0.476323,-0.200049,-0.516542
0.477191,-0.199627,-0.516836
0.475580,-0.197324,-0.517155
0.471812,-0.198024,-0.518264
0.471775,-0.198512,-0.519203
0.471878,-0.195555,-0.519433
0.468951,-0.196381,-0.518930
0.468856,-0.193821,-0.518894
0.466384,-0.195065,-0.520313
0.463386,-0.193930,-0.519705
0.464343,-0.193388,-0.520806
0.460097,-0.191947,-0.520764
0.460245,-0.189788,-0.521870
0.455901,-0.190983,-0.522432
0.456042,-0.190770,-0.523729
0.454586,-0.188937,-0.523403
0.453832,-0.188909,-0.524393
0.449879,-0.189380,-0.523394
0.449993,-0.186520,-0.524967
0.448116,-0.187114,-0.525717
0.446914,-0.187215,-0.524769
0.445253,-0.187025,-0.527584
0.442982,-0.185082,-0.527340
0.441911,-0.186701,-0.528237
0.441071,-0.185899,-0.527779
0.438595,-0.182839,-0.528789
0.435741,-0.182440,-0.530882
0.435093,-0.184075,-0.531270
0.432505,-0.183420,-0.532071
0.428425,-0.182534,-0.533940
0.427617,-0.182323,-0.534098
0.426829,-0.183073,-0.534112
0.422574,-0.182997,-0.535993
0.422660,-0.183369,-0.536087
0.417439,-0.179765,-0.537376
0.415124,-0.181685,-0.540440
0.415194,-0.181020,-0.540203
0.413242,-0.181947,-0.540967
0.410032,-0.182611,-0.543449
0.407847,-0.180794,-0.545639
0.403976,-0.181556,-0.547798
0.400336,-0.186538,-0.549601
0.396605,-0.185333,-0.552302
0.392363,-0.188218,-0.556043
0.386071,-0.189295,-0.560097
0.610375,-0.346586,-0.521758
0.610990,-0.343095,-0.519165
0.612224,-0.342812,-0.519850
0.611283,-0.339044,-0.516295
0.612671,-0.338194,-0.515378
0.613108,-0.332171,-0.514570
0.612044,-0.331453,-0.512038
0.614253,-0.330650,-0.510561
0.614025,-0.325830,-0.509524
0.613741,-0.324449,-0.509363
0.614413,-0.323050,-0.506289
0.613303,-0.320143,-0.505714
0.614233,-0.316271,-0.503551
0.614197,-0.315907,-0.502010
0.614180,-0.313890,-0.503328
0.613261,-0.313028,-0.500654
0.612496,-0.309893,-0.498943
0.609713,-0.306782,-0.500737
0.612030,-0.305100,-0.499587
0.611375,-0.301205,-0.496423
0.612291,-0.299843,-0.498022
0.610432,-0.297388,-0.496542
0.611515,-0.296878,-0.492878
0.611508,-0.292932,-0.492843
0.611179,-0.290580,-0.492264
0.611091,-0.289950,-0.491006
0.610800,-0.288848,-0.489444
0.609310,-0.289299,-0.490011
0.607724,-0.288482,-0.489244
0.608281,-0.284210,-0.487887
0.608382,-0.281198,-0.485977
0.606849,-0.279339,-0.487950
0.607817,-0.278207,-0.485457
0.607008,-0.276483,-0.486823
0.604640,-0.275253,-0.485569
0.604476,-0.273672,-0.484473
0.603551,-0.271544,-0.483703
0.604675,-0.272218,-0.485381
0.600828,-0.270606,-0.486324
0.601544,-0.270833,-0.484356
0.600054,-0.267043,-0.486525
0.598544,-0.265067,-0.483588
0.599211,-0.266007,-0.486086
0.595319,-0.264917,-0.483391
0.595584,-0.263811,-0.485112
0.594447,-0.262605,-0.482278
0.593317,-0.261425,-0.485109
0.592067,-0.260200,-0.485028
0.590064,-0.260529,-0.483498
0.590302,-0.256985,-0.483565
0.590267,-0.256901,-0.483421
0.587287,-0.255625,-0.485297
0.586112,-0.255368,-0.484180
0.587173,-0.254749,-0.484051
0.584993,-0.253886,-0.483975
0.584896,-0.253995,-0.484367
0.581905,-0.250832,-0.481884
0.583066,-0.249696,-0.483559
0.579473,-0.247704,-0.485032
0.578445,-0.247317,-0.485011
0.578346,-0.247150,-0.483941
0.576588,-0.246098,-0.483540
0.576019,-0.245259,-0.483211
0.575110,-0.241564,-0.486493
0.572451,-0.241326,-0.483916
0.571929,-0.241589,-0.484983
0.570457,-0.240054,-0.485847
0.569134,-0.239799,-0.486332
0.568362,-0.238496,-0.485250
0.566800,-0.236587,-0.483989
0.565584,-0.236635,-0.484268
0.565582,-0.234649,-0.485076
0.562657,-0.234293,-0.485377
0.563856,-0.233336,-0.486839
0.563253,-0.233198,-0.486094
0.562242,-0.232849,-0.487848
0.559717,-0.229394,-0.486335
0.557466,-0.231228,-0.486595
0.556683,-0.228112,-0.487773
0.554819,-0.227168,-0.487464
0.554324,-0.226253,-0.488176
0.552916,-0.226345,-0.488957
0.552474,-0.226014,-0.486641
0.550772,-0.224736,-0.488827
0.546841,-0.222530,-0.488752
0.548685,-0.223168,-0.487682
0.546080,-0.222388,-0.488573
0.545650,-0.222495,-0.490006
0.542769,-0.220754,-0.488806
0.541314,-0.221963,-0.489809
0.539888,-0.219939,-0.490636
0.539030,-0.218126,-0.489699
0.536762,-0.216768,-0.489588
0.535142,-0.216634,-0.490748
0.533324,-0.214878,-0.494937
0.531345,-0.216986,-0.493167
0.531230,-0.214575,-0.494280
0.528948,-0.215188,-0.494428
0.526880,-0.213077,-0.494305
0.527423,-0.212550,-0.495953
0.526088,-0.214248,-0.494948
0.520807,-0.211612,-0.495562
0.521170,-0.212248,-0.495518
0.519969,-0.211853,-0.498470
0.517026,-0.211968,-0.498298
0.517295,-0.212786,-0.498571
0.514390,-0.209269,-0.500014
0.510825,-0.210801,-0.502459
0.510694,-0.209137,-0.500829
0.507691,-0.211358,-0.503211
0.505469,-0.210585,-0.505578
0.502612,-0.211340,-0.506971
0.502088,-0.210345,-0.505506
0.499260,-0.210237,-0.505189
0.496533,-0.210453,-0.508500
0.495699,-0.208066,-0.506653
0.493148,-0.208530,-0.506807
0.494227,-0.206391,-0.510260
0.488674,-0.206797,-0.512074
0.487767,-0.206041,-0.511721
0.487692,-0.206641,-0.511351
0.486248,-0.207493,-0.513052
0.485257,-0.204864,-0.514439
0.482361,-0.203102,-0.514742
0.480975,-0.205610,-0.514174
0.478108,-0.202415,-0.514693
0.479796,-0.201842,-0.514081
0.475710,-0.203338,-0.514556
0.476187,-0.202103,-0.517066
0.473821,-0.200384,-0.515307
0.472019,-0.199405,-0.517631
0.469441,-0.196572,-0.517831
0.470077,-0.198457,-0.517623
0.465792,-0.196740,-0.518740
0.464965,-0.194472,-0.517595
0.464502,-0.194916,-0.518180
0.464399,-0.193117,-0.517918
0.462927,-0.194658,-0.518435
0.459201,-0.192834,-0.518679
0.459503,-0.193330,-0.518599
0.457327,-0.191108,-0.520657
0.455753,-0.192151,-0.521994
0.455288,-0.189650,-0.522123
0.452774,-0.190311,-0.523548
0.450397,-0.189971,-0.522662
0.448912,-0.188253,-0.522771
0.448141,-0.186974,-0.526234
0.446649,-0.188727,-0.524435
0.444234,-0.187599,-0.524467
0.442286,-0.186861,-0.525621
0.439777,-0.185801,-0.526229
0.437197,-0.187348,-0.526419
0.437388,-0.184249,-0.529353
0.434036,-0.185502,-0.529979
0.431679,-0.187002,-0.529528
0.432527,-0.186793,-0.530566
0.429551,-0.185087,-0.531543
0.426286,-0.182246,-0.532156
0.425712,-0.183040,-0.533541
0.422350,-0.184265,-0.533396
0.422217,-0.182800,-0.536545
0.417536,-0.183944,-0.536394
0.416228,-0.181021,-0.539197
0.414299,-0.182164,-0.539873
0.411560,-0.183870,-0.542879
0.409126,-0.183653,-0.543168
0.403821,-0.182706,-0.544944
0.401100,-0.184277,-0.546264
0.399632,-0.183420,-0.548337
0.395090,-0.185979,-0.550248
0.390066,-0.188704,-0.555261
0.608372,-0.349359,-0.521022
0.608736,-0.345419,-0.519600
0.611465,-0.343127,-0.518011
0.608955,-0.341506,-0.515331
0.610253,-0.336998,-0.515841
0.610164,-0.334924,-0.512135
0.610578,-0.334340,-0.513217
0.612198,-0.331359,-0.511084
0.610329,-0.327615,-0.508749
0.612629,-0.324132,-0.507188
0.610579,-0.324567,-0.504818
0.611934,-0.320877,-0.504508
0.612602,-0.319135,-0.501990
0.612679,-0.316791,-0.504492
0.609533,-0.314827,-0.501342
0.610183,-0.314656,-0.499684
0.608709,-0.311670,-0.500410
0.610385,-0.309669,-0.498998
0.609160,-0.306720,-0.496774
0.611594,-0.303671,-0.497810
0.610632,-0.304043,-0.495827
0.611141,-0.300395,-0.493895
0.610014,-0.297808,-0.492098
0.611709,-0.296496,-0.492277
0.609479,-0.294674,-0.491440
0.609533,-0.292433,-0.489473
0.609024,-0.289974,-0.489113
0.608496,-0.287539,-0.489096
0.607896,-0.287203,-0.486119
0.608189,-0.286637,-0.487778
0.605293,-0.283857,-0.486879
0.605341,-0.279899,-0.484911
0.605237,-0.280392,-0.485313
0.604271,-0.278320,-0.485381
0.604019,-0.276937,-0.482035
0.604272,-0.275805,-0.484073
0.600936,-0.273461,-0.484520
0.601481,-0.272676,-0.483487
0.600503,-0.271440,-0.483629
0.600586,-0.270908,-0.483795
0.598672,-0.268773,-0.482789
0.599210,-0.268122,-0.483361
0.594875,-0.267817,-0.482410
0.595493,-0.265229,-0.485431
0.595223,-0.265380,-0.482662
0.592191,-0.263651,-0.482460
0.591008,-0.261406,-0.483614
0.593533,-0.260513,-0.481661
0.589239,-0.258335,-0.482575
0.589681,-0.259393,-0.482590
0.588912,-0.256151,-0.481546
0.587689,-0.256268,-0.483690
0.585709,-0.255208,-0.482405
0.584238,-0.255229,-0.481835
0.582690,-0.255434,-0.482523
0.584154,-0.250768,-0.480743
0.581563,-0.251682,-0.484009
0.580511,-0.248268,-0.483124
0.580239,-0.251278,-0.483273
0.580396,-0.247892,-0.482921
0.577970,-0.246096,-0.481082
0.578695,-0.246878,-0.481125
0.575408,-0.245060,-0.484469
0.576506,-0.242695,-0.482885
0.575792,-0.242311,-0.483079
0.570495,-0.241661,-0.482347
0.572064,-0.239672,-0.482074
0.569635,-0.240189,-0.482243
0.570383,-0.236646,-0.483351
0.568702,-0.237205,-0.482862
0.566775,-0.237847,-0.482603
0.565228,-0.234788,-0.482554
0.563465,-0.233999,-0.482542
0.562513,-0.232403,-0.485086
0.560944,-0.233305,-0.483776
0.560700,-0.231871,-0.484380
0.558439,-0.230703,-0.486299
0.558084,-0.232528,-0.485302
0.555794,-0.229933,-0.484181
0.553809,-0.227943,-0.485620
0.553736,-0.229708,-0.485512
0.552852,-0.226076,-0.485316
0.551984,-0.227793,-0.485434
0.547890,-0.224931,-0.486861
0.548375,-0.223986,-0.485831
0.546589,-0.223711,-0.487556
0.543890,-0.224802,-0.488442
0.543113,-0.223067,-0.486301
0.543814,-0.220810,-0.487742
0.541072,-0.221903,-0.486284
0.539573,-0.220864,-0.487738
0.539447,-0.220874,-0.491616
0.537684,-0.218548,-0.490683
0.536117,-0.217230,-0.489772
0.534443,-0.216260,-0.489502
0.531902,-0.215725,-0.491455
0.529141,-0.217107,-0.493887
0.528724,-0.214853,-0.494095
0.527642,-0.213417,-0.494437
0.524672,-0.214084,-0.494623
0.524174,-0.213251,-0.493723
0.524162,-0.213148,-0.494512
0.518834,-0.212569,-0.496289
0.517896,-0.213230,-0.496311
0.517621,-0.211117,-0.498159
0.514208,-0.210776,-0.497505
0.513984,-0.212597,-0.497256
0.511069,-0.210087,-0.497967
0.509963,-0.212221,-0.501988
0.506420,-0.211537,-0.504080
0.504238,-0.210577,-0.504304
0.501595,-0.212228,-0.505789
0.501329,-0.209766,-0.504283
0.498804,-0.210783,-0.506808
0.497837,-0.209199,-0.505883
0.494305,-0.210939,-0.507900
0.494555,-0.208275,-0.509396
0.489946,-0.207711,-0.508913
0.489842,-0.209757,-0.509940
0.488295,-0.206695,-0.512539
0.485441,-0.207739,-0.512009
0.482617,-0.206560,-0.510641
0.484111,-0.203697,-0.510897
0.480314,-0.205454,-0.513133
0.480717,-0.205559,-0.512339
0.477856,-0.202194,-0.514530
0.476018,-0.203998,-0.513550
0.474507,-0.202728,-0.513650
0.474106,-0.201640,-0.515619
0.473949,-0.200237,-0.515416
0.472019,-0.200087,-0.517826
0.468696,-0.199291,-0.516655
0.468598,-0.198445,-0.516944
0.468362,-0.198220,-0.516916
0.465770,-0.196679,-0.516884
0.463859,-0.195691,-0.517819
0.463390,-0.194941,-0.518127
0.459745,-0.195379,-0.519439
0.458713,-0.192134,-0.519776
0.458175,-0.194388,-0.517150
0.455500,-0.191669,-0.519657
0.456100,-0.192732,-0.520767
0.453422,-0.191047,-0.520544
0.452069,-0.190334,-0.519954
0.448415,-0.190434,-0.521434
0.446883,-0.188048,-0.523758
0.446382,-0.189046,-0.522413
0.446627,-0.188088,-0.522520
0.443417,-0.187488,-0.523390
0.442665,-0.187481,-0.526194
0.440290,-0.187477,-0.525889
0.436937,-0.188364,-0.524781
0.436906,-0.188529,-0.524774
0.433493,-0.186353,-0.529746
0.432679,-0.186541,-0.526954
0.429550,-0.185031,-0.530799
0.428109,-0.185355,-0.530438
0.426539,-0.183256,-0.530798
0.423489,-0.185144,-0.531106
0.421018,-0.184052,-0.535136
0.419267,-0.183911,-0.536337
0.416101,-0.184477,-0.536850
0.415145,-0.185095,-0.537805
0.414610,-0.183528,-0.537918
0.408331,-0.183863,-0.541489
0.407028,-0.184065,-0.541863
0.404028,-0.186037,-0.543232
0.399995,-0.186840,-0.544618
0.398120,-0.185557,-0.550793
0.396196,-0.189597,-0.550798
0.389811,-0.190417,-0.554202
0.606737,-0.349511,-0.520401
0.608818,-0.345246,-0.518904
0.607858,-0.342817,-0.516186
0.609395,-0.340794,-0.514112
0.608337,-0.336691,-0.511745
0.610401,-0.333418,-0.512112
0.609931,-0.332296,-0.509035
0.610136,-0.329341,-0.510508
0.608511,-0.327430,-0.507825
0.610161,-0.324436,-0.506962
0.611498,-0.321689,-0.503886
0.609496,-0.322363,-0.501973
0.610732,-0.319801,-0.502768
0.610791,-0.314890,-0.500931
0.611156,-0.313928,-0.498014
0.608716,-0.311888,-0.499587
0.607143,-0.310536,-0.499235
0.609009,-0.306815,-0.498927
0.609628,-0.306001,-0.497125
0.607878,-0.305121,-0.495136
0.607146,-0.302720,-0.495457
0.608361,-0.300189,-0.493573
0.610267,-0.297896,-0.491355
0.608944,-0.296289,-0.491864
0.608203,-0.293986,-0.488554
0.607659,-0.290998,-0.487651
0.606743,-0.288555,-0.487215
0.607865,-0.284677,-0.486566
0.607231,-0.284184,-0.485292
0.605854,-0.285330,-0.485409
0.607127,-0.282610,-0.483151
0.605695,-0.281474,-0.484505
0.604057,-0.279594,-0.485136
0.603768,-0.278588,-0.483133
0.601655,-0.275467,-0.484006
0.602464,-0.274765,-0.482901
0.600619,-0.273628,-0.482478
0.598202,-0.271751,-0.483286
0.598088,-0.271904,-0.481436
0.597949,-0.270564,-0.479536
0.597130,-0.269692,-0.485287
0.597056,-0.267435,-0.481664
0.595991,-0.267197,-0.482124
0.593656,-0.264281,-0.482001
0.590135,-0.265333,-0.482391
0.591757,-0.264007,-0.481554
0.591079,-0.261550,-0.481783
0.590445,-0.260348,-0.482943
0.588951,-0.260965,-0.481513
0.587634,-0.260106,-0.482805
0.587436,-0.258361,-0.482164
0.586713,-0.254713,-0.481289
0.585227,-0.253839,-0.481598
0.583078,-0.254326,-0.480566
0.583456,-0.250845,-0.482936
0.581341,-0.252276,-0.480606
0.581091,-0.249103,-0.482253
0.578215,-0.248786,-0.481530
0.577243,-0.249066,-0.480498
0.575110,-0.246367,-0.481042
0.577157,-0.248362,-0.480249
0.574947,-0.245262,-0.480406
0.573850,-0.245106,-0.480258
0.571605,-0.241537,-0.482077
0.571386,-0.242034,-0.480665
0.571619,-0.240461,-0.481067
0.569022,-0.241114,-0.480206
0.566660,-0.239507,-0.482294
0.569108,-0.237805,-0.482706
0.566712,-0.238931,-0.481592
0.562941,-0.236557,-0.482126
0.563425,-0.235702,-0.483045
0.559909,-0.234478,-0.481852
0.561761,-0.232122,-0.483025
0.559432,-0.233095,-0.482335
0.557080,-0.230670,-0.482348
0.556051,-0.231886,-0.483769
0.556601,-0.231111,-0.483316
0.553291,-0.231177,-0.483004
0.553008,-0.228642,-0.484368
0.549325,-0.226757,-0.484167
0.548661,-0.226510,-0.484315
0.547969,-0.224662,-0.484526
0.546034,-0.223693,-0.486519
0.546063,-0.223874,-0.486456
0.544252,-0.224143,-0.487783
0.543509,-0.222833,-0.485322
0.541962,-0.222852,-0.487648
0.540283,-0.221639,-0.487048
0.540093,-0.218668,-0.487245
0.539576,-0.220750,-0.489311
0.535978,-0.218979,-0.488361
0.533561,-0.218297,-0.488856
0.532178,-0.218227,-0.489410
0.529819,-0.217532,-0.489893
0.530989,-0.217551,-0.489619
0.530013,-0.215097,-0.489851
0.527679,-0.216314,-0.493207
0.521746,-0.216379,-0.492362
0.522033,-0.213107,-0.495203
0.520581,-0.212729,-0.492184
0.518301,-0.213700,-0.494468
0.517966,-0.213085,-0.494386
0.516652,-0.213312,-0.494904
0.513758,-0.211339,-0.496000
0.511800,-0.212469,-0.497807
0.511154,-0.212660,-0.498602
0.508287,-0.210699,-0.500270
0.505162,-0.213319,-0.500711
0.502742,-0.212551,-0.500667
0.502185,-0.213179,-0.502192
0.500486,-0.211096,-0.504517
0.497532,-0.212908,-0.505451
0.496469,-0.212232,-0.505974
0.494982,-0.209417,-0.505736
0.493205,-0.211997,-0.505952
0.490760,-0.210039,-0.507713
0.488951,-0.210004,-0.507922
0.484332,-0.208328,-0.508991
0.485187,-0.206616,-0.511105
0.481991,-0.207642,-0.509796
0.479816,-0.206153,-0.510724
0.481956,-0.205266,-0.512579
0.476796,-0.205312,-0.513579
0.478282,-0.205694,-0.514247
0.472793,-0.206761,-0.512171
0.473529,-0.204898,-0.512875
0.471576,-0.203286,-0.514366
0.473702,-0.202681,-0.514932
0.470233,-0.202817,-0.513813
0.469120,-0.201544,-0.514850
0.466808,-0.199917,-0.516472
0.465513,-0.197044,-0.516073
0.464246,-0.199755,-0.514933
0.462567,-0.197073,-0.515053
0.462598,-0.196099,-0.515757
0.460235,-0.194351,-0.516952
0.457493,-0.196456,-0.519041
0.456827,-0.193544,-0.517922
0.455399,-0.193458,-0.518589
0.455147,-0.193676,-0.520956
0.449869,-0.190503,-0.520437
0.449554,-0.190833,-0.521066
0.447695,-0.191567,-0.519182
0.446618,-0.189978,-0.520158
0.445341,-0.189202,-0.520513
0.445046,-0.188545,-0.522891
0.441860,-0.190285,-0.523545
0.439014,-0.190824,-0.523487
0.437296,-0.186174,-0.525130
0.436436,-0.186631,-0.524624
0.433826,-0.184756,-0.524595
0.432615,-0.188110,-0.526291
0.430044,-0.187318,-0.526647
0.430167,-0.185774,-0.529225
0.429117,-0.186652,-0.528387
0.425527,-0.186319,-0.529314
0.423125,-0.182244,-0.532343
0.421843,-0.185011,-0.531752
0.419142,-0.184935,-0.532922
0.415118,-0.185570,-0.533639
0.414803,-0.185556,-0.535695
0.412129,-0.185356,-0.537800
0.408903,-0.186671,-0.540634
0.406354,-0.185537,-0.541079
0.403161,-0.186375,-0.542119
0.399901,-0.186425,-0.544695
0.394542,-0.188454,-0.547193
0.391598,-0.188112,-0.548147
0.386286,-0.192285,-0.554272
0.603431,-0.352849,-0.520079
0.605968,-0.347002,-0.515481
0.607130,-0.343287,-0.513444
0.607040,-0.339532,-0.513171
0.607794,-0.339766,-0.510781
0.606856,-0.337708,-0.509934
0.610000,-0.333891,-0.508411
0.608274,-0.331963,-0.508074
0.610391,-0.329619,-0.505315
0.608433,-0.325973,-0.504134
0.609043,-0.323095,-0.502324
0.607617,-0.321899,-0.502280
0.607956,-0.319420,-0.502379
0.609703,-0.316961,-0.501168
0.607367,-0.316832,-0.499402
0.607851,-0.313036,-0.497853
0.608095,-0.314780,-0.500020
0.607806,-0.309740,-0.498845
0.605845,-0.307735,-0.495938
0.605886,-0.306548,-0.496360
0.606315,-0.303794,-0.492301
0.605739,-0.301203,-0.492973
0.606418,-0.299768,-0.491606
0.606719,-0.297705,-0.490962
0.606190,-0.295999,-0.489637
0.606239,-0.290624,-0.488543
0.606328,-0.290437,-0.487817
0.605611,-0.289017,-0.484431
0.605568,-0.284399,-0.485155
0.604492,-0.284674,-0.485743
0.604326,-0.284400,-0.483726
0.604150,-0.284753,-0.483316
0.602881,-0.279224,-0.481641
0.602313,-0.279812,-0.481861
0.603803,-0.277567,-0.481518
0.599945,-0.275954,-0.483031
0.600379,-0.273728,-0.480891
0.598137,-0.274164,-0.481982
0.599772,-0.274121,-0.480703
0.595863,-0.271059,-0.481642
0.596379,-0.269329,-0.480265
0.595142,-0.266977,-0.479839
0.595275,-0.266905,-0.479697
0.594786,-0.265283,-0.480376
0.592294,-0.264889,-0.480225
0.590604,-0.264130,-0.480902
0.591312,-0.263850,-0.479632
0.588201,-0.261663,-0.478618
0.588632,-0.259901,-0.480001
0.586906,-0.258504,-0.480246
0.586798,-0.256310,-0.478576
0.585992,-0.257922,-0.477999
0.583908,-0.254481,-0.478025
0.584071,-0.256350,-0.477889
0.583010,-0.253728,-0.477272
0.581682,-0.253058,-0.480057
0.580579,-0.250758,-0.481081
0.580275,-0.248763,-0.478530
0.578752,-0.246970,-0.480212
0.577010,-0.247043,-0.479391
0.576364,-0.246770,-0.478427
0.575850,-0.247345,-0.480201
0.574206,-0.243906,-0.479772
0.572457,-0.242911,-0.478658
0.571415,-0.242960,-0.480356
0.568494,-0.242021,-0.479502
0.568537,-0.241007,-0.478784
0.566590,-0.240754,-0.482221
0.566100,-0.239541,-0.482130
0.566537,-0.237550,-0.481318
0.562609,-0.237635,-0.477493
0.560908,-0.235933,-0.481974
0.560699,-0.234320,-0.480774
0.561547,-0.233690,-0.479507
0.558882,-0.231725,-0.483334
0.559327,-0.231846,-0.479041
0.556344,-0.230111,-0.482099
0.553393,-0.229276,-0.481852
0.553074,-0.227886,-0.481510
0.552485,-0.227594,-0.480884
0.551161,-0.227937,-0.482419
0.548922,-0.228992,-0.483332
0.549980,-0.226192,-0.483158
0.547118,-0.226215,-0.483713
0.545442,-0.223843,-0.483156
0.543943,-0.224397,-0.484581
0.542156,-0.222101,-0.484835
0.540127,-0.222991,-0.486245
0.540578,-0.223631,-0.485994
0.538351,-0.219874,-0.487130
0.537258,-0.220287,-0.487361
0.533555,-0.220390,-0.486024
0.535138,-0.219149,-0.486621
0.531652,-0.218111,-0.486250
0.530662,-0.219260,-0.489670
0.529722,-0.217850,-0.488634
0.528099,-0.217961,-0.488974
0.526525,-0.216440,-0.489766
0.523607,-0.216198,-0.491000
0.522877,-0.214568,-0.490809
0.521204,-0.215746,-0.491815
0.519232,-0.214723,-0.492028
0.517034,-0.214651,-0.493007
0.514064,-0.213869,-0.494939
0.514362,-0.211057,-0.494545
0.513573,-0.213327,-0.495253
0.510555,-0.214469,-0.496292
0.506568,-0.214695,-0.497288
0.503794,-0.214157,-0.502348
0.502289,-0.212771,-0.499475
0.499645,-0.212973,-0.500348
0.497073,-0.213269,-0.502745
0.497476,-0.213347,-0.503451
0.493474,-0.212896,-0.504535
0.493263,-0.212693,-0.506259
0.492083,-0.210967,-0.505408
0.488618,-0.209615,-0.508204
0.485288,-0.209511,-0.505889
0.486682,-0.209034,-0.509484
0.485453,-0.210878,-0.508205
0.481955,-0.208204,-0.510124
0.483772,-0.208671,-0.509565
0.478619,-0.206816,-0.511728
0.477937,-0.207797,-0.512051
0.474915,-0.206934,-0.513729
0.473810,-0.207079,-0.511310
0.474148,-0.206596,-0.512594
0.471558,-0.202291,-0.512614
0.470033,-0.202300,-0.513411
0.468346,-0.200797,-0.513718
0.466410,-0.200813,-0.513869
0.465286,-0.200673,-0.514111
0.465444,-0.201162,-0.514076
0.462932,-0.198616,-0.515893
0.459991,-0.200160,-0.516022
0.462003,-0.197457,-0.516934
0.458601,-0.195861,-0.515638
0.458395,-0.195215,-0.516882
0.454444,-0.195596,-0.517611
0.454061,-0.195515,-0.517185
0.453560,-0.192874,-0.517566
0.452141,-0.193042,-0.519568
0.450120,-0.193433,-0.516414
0.448120,-0.194414,-0.520315
0.445013,-0.188598,-0.519613
0.443707,-0.189759,-0.521277
0.443299,-0.189059,-0.520914
0.441428,-0.190130,-0.519072
0.440566,-0.190739,-0.520725
0.439231,-0.189312,-0.522391
0.435854,-0.188491,-0.523128
0.435411,-0.188618,-0.525223
0.433948,-0.188183,-0.524394
0.429642,-0.187203,-0.525678
0.429428,-0.185565,-0.526736
0.426440,-0.186557,-0.528661
0.423804,-0.186343,-0.531414
0.421500,-0.186591,-0.530820
0.418313,-0.186154,-0.531900
0.416009,-0.186842,-0.532729
0.414426,-0.185696,-0.532097
0.412268,-0.184924,-0.535397
0.410950,-0.186138,-0.536614
0.406937,-0.186527,-0.539209
0.405266,-0.188046,-0.540000
0.400268,-0.186103,-0.540782
0.398433,-0.187612,-0.543233
0.395501,-0.188627,-0.545763
0.390371,-0.190123,-0.547200
0.602650,-0.351265,-0.518724
0.605136,-0.345803,-0.514801
0.605739,-0.344408,-0.513657
0.606558,-0.339981,-0.510681
0.607124,-0.339255,-0.510619
0.605282,-0.335595,-0.511373
0.606894,-0.332753,-0.507061
0.607764,-0.329205,-0.506334
0.606159,-0.328430,-0.504796
0.605889,-0.326164,-0.504209
0.605908,-0.323406,-0.501411
0.607309,-0.322397,-0.501166
0.607807,-0.318577,-0.500001
0.605639,-0.317504,-0.499609
0.605487,-0.316208,-0.498854
0.606427,-0.314329,-0.498300
0.607300,-0.310047,-0.494518
0.605833,-0.307319,-0.494199
0.606023,-0.307248,-0.493271
0.604765,-0.303725,-0.492197
0.604361,-0.302487,-0.490421
0.604154,-0.299735,-0.491726
0.605937,-0.298704,-0.490089
0.603726,-0.296737,-0.488518
0.605523,-0.297157,-0.487194
0.604979,-0.292660,-0.485794
0.604780,-0.289387,-0.485888
0.604675,-0.287566,-0.486268
0.603608,-0.285702,-0.483563
0.601566,-0.283541,-0.483115
0.601443,-0.284236,-0.483255
0.601248,-0.282104,-0.480666
0.600711,-0.280499,-0.481145
0.600886,-0.279712,-0.481678
0.599272,-0.276029,-0.480450
0.599229,-0.273729,-0.479174
0.600902,-0.273792,-0.478696
0.597276,-0.271143,-0.478888
0.595757,-0.271743,-0.480274
0.595241,-0.270360,-0.479289
0.595104,-0.268329,-0.478644
0.591828,-0.269933,-0.478915
0.592580,-0.266258,-0.477827
0.591258,-0.265060,-0.477479
0.590582,-0.263589,-0.478597
0.589362,-0.264333,-0.478843
0.590920,-0.260679,-0.479445
0.586581,-0.259139,-0.478094
0.587949,-0.258306,-0.480206
0.586915,-0.256987,-0.478065
0.586903,-0.257284,-0.477500
0.584094,-0.256977,-0.478318
0.581064,-0.256520,-0.476828
0.581510,-0.254417,-0.479381
0.581240,-0.253464,-0.478268
0.577824,-0.252868,-0.478925
0.577303,-0.250682,-0.477186
0.578654,-0.248834,-0.477395
0.576104,-0.249317,-0.480262
0.574710,-0.248913,-0.479847
0.573118,-0.245614,-0.479141
0.572907,-0.246205,-0.478404
0.571524,-0.243454,-0.477734
0.569483,-0.242812,-0.476371
0.568838,-0.243353,-0.476649
0.567479,-0.241263,-0.478700
0.567057,-0.240750,-0.478153
0.564129,-0.240065,-0.480180
0.565050,-0.238521,-0.480019
0.564286,-0.234633,-0.479730
0.563416,-0.235947,-0.479437
0.560593,-0.235352,-0.479301
0.558857,-0.233628,-0.479800
0.559206,-0.235107,-0.477048
0.556459,-0.233509,-0.482651
0.555216,-0.232870,-0.481135
0.555353,-0.233488,-0.480248
0.552728,-0.227973,-0.482354
0.551115,-0.229003,-0.482249
0.550838,-0.226960,-0.479965
0.548529,-0.226751,-0.482868
0.546368,-0.227435,-0.482819
0.547044,-0.226598,-0.481196
0.544767,-0.225419,-0.482702
0.542070,-0.226200,-0.482222
0.541050,-0.224212,-0.482715
0.540094,-0.223671,-0.484864
0.539478,-0.222287,-0.483905
0.539048,-0.220322,-0.484790
0.536298,-0.220822,-0.483380
0.534231,-0.218948,-0.486387
0.533151,-0.219297,-0.485813
0.533260,-0.219327,-0.486444
0.529134,-0.218279,-0.487111
0.527417,-0.219265,-0.487556
0.526737,-0.218487,-0.486465
0.525961,-0.217219,-0.488165
0.524727,-0.217621,-0.487579
0.521727,-0.216775,-0.490650
0.518274,-0.215159,-0.489911
0.517478,-0.217047,-0.490507
0.519668,-0.212913,-0.492424
0.515389,-0.214000,-0.491385
0.512819,-0.214144,-0.492681
0.509683,-0.212232,-0.493745
0.509972,-0.213138,-0.497299
0.506297,-0.214553,-0.497634
0.504250,-0.213715,-0.499332
0.499351,-0.215625,-0.499108
0.499547,-0.214964,-0.501188
0.498246,-0.211496,-0.501119
0.496885,-0.213878,-0.503188
0.493908,-0.212773,-0.503880
0.491938,-0.213968,-0.504237
0.489234,-0.211595,-0.505128
0.488061,-0.215318,-0.505663
0.485587,-0.211620,-0.507463
0.484495,-0.211799,-0.506763
0.482130,-0.210434,-0.509643
0.479065,-0.210715,-0.508661
0.477608,-0.210534,-0.510667
0.478859,-0.209683,-0.509580
0.474874,-0.207588,-0.510989
0.475466,-0.209134,-0.511270
0.472929,-0.206676,-0.510383
0.471347,-0.205071,-0.511632
0.471700,-0.205478,-0.513384
0.468837,-0.204074,-0.514773
0.467444,-0.204254,-0.512146
0.466009,-0.201768,-0.511366
0.464702,-0.201653,-0.513507
0.463592,-0.200756,-0.513513
0.460785,-0.200541,-0.514612
0.461021,-0.199001,-0.512726
0.460540,-0.197940,-0.514677
0.457347,-0.200101,-0.515435
0.455499,-0.196335,-0.514920
0.454851,-0.198110,-0.515269
0.451467,-0.196144,-0.516995
0.451797,-0.194986,-0.517977
0.449673,-0.195685,-0.516289
0.446687,-0.193076,-0.522127
0.448064,-0.192833,-0.518256
0.445815,-0.191851,-0.517522
0.441857,-0.191469,-0.518936
0.441518,-0.192091,-0.519719
0.439595,-0.189463,-0.520731
0.438364,-0.189502,-0.522079
0.436599,-0.190527,-0.521357
0.433705,-0.190154,-0.522376
0.431303,-0.189888,-0.522669
0.432179,-0.187442,-0.523359
0.429645,-0.187841,-0.523903
0.426859,-0.187786,-0.525988
0.423542,-0.189562,-0.526437
0.424014,-0.186603,-0.528204
0.420154,-0.189119,-0.529824
0.418965,-0.186491,-0.530372
0.416002,-0.186473,-0.531862
0.415116,-0.186445,-0.531501
0.410101,-0.187002,-0.530833
0.409339,-0.187362,-0.535608
0.405954,-0.188727,-0.537669
0.403410,-0.186710,-0.538173
0.401762,-0.188504,-0.540300
0.400417,-0.190394,-0.542964
0.394456,-0.190972,-0.544838
0.390262,-0.192380,-0.546752
0.600924,-0.353608,-0.519761
0.602313,-0.349258,-0.516176
0.604146,-0.345513,-0.513962
0.603211,-0.340671,-0.510649
0.605079,-0.341069,-0.510156
0.605207,-0.336517,-0.508100
0.606295,-0.335599,-0.507140
0.605509,-0.331558,-0.502322
0.603599,-0.328979,-0.504809
0.605565,-0.326012,-0.501445
0.606886,-0.323670,-0.500920
0.604326,-0.323198,-0.500704
0.605347,-0.319783,-0.498350
0.603838,-0.317546,-0.498426
0.603506,-0.316648,-0.497163
0.603063,-0.315791,-0.496833
0.604343,-0.313825,-0.495325
0.606106,-0.310931,-0.493775
0.604299,-0.309227,-0.493732
0.602078,-0.306000,-0.491547
0.602800,-0.303773,-0.489450
0.605128,-0.302350,-0.490186
0.601432,-0.300220,-0.488466
0.602257,-0.299183,-0.487170
0.601484,-0.295589,-0.486863
0.602931,-0.293527,-0.485816
0.601694,-0.291669,-0.484104
0.601186,-0.288538,-0.482512
0.600643,-0.288750,-0.483316
0.601984,-0.289276,-0.483614
0.601180,-0.284074,-0.483109
0.602273,-0.282484,-0.479864
0.600972,-0.280938,-0.479991
0.600796,-0.278081,-0.479292
0.600185,-0.277389,-0.478871
0.600430,-0.275719,-0.477331
0.598911,-0.273493,-0.478182
0.597061,-0.274848,-0.477098
0.596562,-0.273390,-0.476240
0.596167,-0.272160,-0.477140
0.593148,-0.269591,-0.476663
0.592097,-0.269194,-0.478812
0.592635,-0.266248,-0.475658
0.592363,-0.263831,-0.477478
0.591469,-0.264411,-0.475667
0.588397,-0.264464,-0.477099
0.586738,-0.261048,-0.476631
0.587940,-0.259596,-0.475410
0.586239,-0.261108,-0.476188
0.584094,-0.259183,-0.477720
0.583657,-0.257995,-0.476814
0.583395,-0.258458,-0.477001
0.582645,-0.256655,-0.478611
0.581599,-0.252973,-0.477095
0.580409,-0.254657,-0.476032
0.580444,-0.252775,-0.477034
0.578696,-0.253256,-0.476415
0.577031,-0.251422,-0.476566
0.573040,-0.250184,-0.477441
0.574419,-0.249687,-0.478040
0.573078,-0.249018,-0.475980
0.570764,-0.248396,-0.477065
0.571595,-0.245427,-0.477017
0.568672,-0.245782,-0.477055
0.569089,-0.242365,-0.477476
0.568241,-0.241899,-0.474843
0.565796,-0.242552,-0.475680
0.565332,-0.242236,-0.475814
0.564468,-0.239861,-0.477760
0.561551,-0.239143,-0.477732
0.560983,-0.237357,-0.477950
0.561963,-0.235866,-0.479282
0.558487,-0.234433,-0.478545
0.556444,-0.235165,-0.478819
0.554743,-0.232832,-0.477168
0.554944,-0.232253,-0.478162
0.553061,-0.233558,-0.477802
0.552629,-0.230770,-0.480141
0.551573,-0.228890,-0.480214
0.550217,-0.229143,-0.479397
0.546506,-0.229448,-0.480935
0.546640,-0.227463,-0.480609
0.546945,-0.226880,-0.481663
0.545554,-0.226521,-0.479920
0.542316,-0.226577,-0.481961
0.542240,-0.223871,-0.481422
0.539551,-0.223311,-0.482116
0.536707,-0.224846,-0.481674
0.536703,-0.222908,-0.482405
0.535537,-0.220779,-0.483322
0.534747,-0.220658,-0.483478
0.532908,-0.220570,-0.484268
0.530544,-0.219979,-0.484498
0.528206,-0.220279,-0.485597
0.526290,-0.217385,-0.487387
0.526724,-0.219080,-0.485908
0.524897,-0.218969,-0.485882
0.521714,-0.216473,-0.489464
0.521781,-0.216868,-0.487236
0.519718,-0.217360,-0.488952
0.518865,-0.215888,-0.489919
0.516931,-0.213997,-0.492461
0.514583,-0.214644,-0.490478
0.511404,-0.215759,-0.491639
0.510985,-0.214090,-0.493397
0.507603,-0.213569,-0.493949
0.504510,-0.215396,-0.496969
0.502658,-0.214954,-0.498384
0.500328,-0.214163,-0.499868
0.499254,-0.215828,-0.500726
0.496194,-0.213412,-0.501409
0.495234,-0.216522,-0.501166
0.491895,-0.213690,-0.501991
0.491616,-0.212736,-0.504100
0.489147,-0.212961,-0.504124
0.485865,-0.213394,-0.503945
0.481811,-0.211945,-0.506256
0.485565,-0.213740,-0.507284
0.480730,-0.211846,-0.507914
0.480318,-0.211209,-0.506359
0.479011,-0.210122,-0.507354
0.475408,-0.211066,-0.505989
0.476023,-0.209873,-0.510758
0.472120,-0.209305,-0.510369
0.472002,-0.207747,-0.510872
0.470187,-0.208528,-0.511684
0.468369,-0.206735,-0.511133
0.467031,-0.204606,-0.510632
0.467219,-0.206114,-0.512621
0.463991,-0.204221,-0.511305
0.462891,-0.204433,-0.512830
0.461079,-0.201852,-0.511057
0.460648,-0.201252,-0.509800
0.458765,-0.200227,-0.514665
0.459511,-0.199714,-0.514770
0.456636,-0.201199,-0.514206
0.456305,-0.196742,-0.513295
0.453216,-0.197916,-0.514323
0.452424,-0.196525,-0.514594
0.450910,-0.195348,-0.515369
0.449026,-0.196220,-0.516582
0.448540,-0.195030,-0.515783
0.446144,-0.194657,-0.517967
0.443955,-0.195102,-0.517082
0.442963,-0.192816,-0.518223
0.441722,-0.193576,-0.519368
0.439426,-0.190122,-0.517277
0.436260,-0.191011,-0.521828
0.434849,-0.191239,-0.520148
0.434543,-0.191773,-0.520920
0.430470,-0.190950,-0.521723
0.428359,-0.189792,-0.525188
0.428373,-0.190483,-0.522654
0.426841,-0.189297,-0.526343
0.422900,-0.189036,-0.525284
0.419515,-0.189142,-0.527246
0.419723,-0.187575,-0.529019
0.417108,-0.187206,-0.528415
0.414341,-0.188523,-0.527852
0.411113,-0.188538,-0.530769
0.410851,-0.188170,-0.534306
0.407161,-0.186899,-0.534020
0.405001,-0.188042,-0.535900
0.403271,-0.190076,-0.534772
0.399828,-0.189171,-0.541051
0.396344,-0.190577,-0.541759
0.390984,-0.191589,-0.545197
0.390215,-0.194316,-0.546551
0.598604,-0.351479,-0.519059
0.599247,-0.349113,-0.514242
0.601619,-0.345992,-0.511748
0.602950,-0.343121,-0.510075
0.602365,-0.340716,-0.507284
0.603873,-0.336436,-0.505588
0.602701,-0.332985,-0.503955
0.602967,-0.329403,-0.501662
0.604081,-0.329305,-0.501690
0.604463,-0.327272,-0.503076
0.604220,-0.324523,-0.502611
0.604068,-0.322124,-0.498975
0.605184,-0.321357,-0.496824
0.603566,-0.318852,-0.496242
0.601553,-0.317171,-0.493982
0.600372,-0.313576,-0.495206
0.602974,-0.312445,-0.493225
0.600907,-0.308717,-0.492874
0.604045,-0.308154,-0.493170
0.600589,-0.305227,-0.490582
0.602489,-0.304786,-0.488894
0.600756,-0.302673,-0.488379
0.602199,-0.301036,-0.488865
0.601123,-0.297448,-0.486467
0.602785,-0.297826,-0.484151
0.602661,-0.292804,-0.484642
0.601031,-0.291276,-0.484150
0.600927,-0.289632,-0.481457
0.599973,-0.286877,-0.481256
0.601378,-0.283982,-0.479322
0.601111,-0.283307,-0.479267
0.598365,-0.280979,-0.477978
0.599157,-0.281279,-0.475981
0.598423,-0.278687,-0.476828
0.599281,-0.275309,-0.477196
0.597460,-0.274149,-0.478095
0.597231,-0.275469,-0.477028
0.595252,-0.271259,-0.477904
0.595342,-0.270884,-0.477253
0.593743,-0.270687,-0.475609
0.591272,-0.268601,-0.474905
0.590638,-0.266174,-0.473664
0.590476,-0.267873,-0.476524
0.588498,-0.266176,-0.473583
0.588270,-0.265273,-0.475509
0.587186,-0.264016,-0.476553
0.587163,-0.261440,-0.475165
0.585356,-0.260883,-0.476442
0.582909,-0.258800,-0.473570
0.582617,-0.259911,-0.476452
0.583120,-0.257477,-0.475480
0.580964,-0.256649,-0.475016
0.578993,-0.253140,-0.475842
0.578835,-0.253894,-0.472568
0.576728,-0.253812,-0.474520
0.576845,-0.251698,-0.473446
0.574899,-0.248703,-0.476305
0.575139,-0.247670,-0.475421
0.574163,-0.248729,-0.475337
0.571891,-0.247818,-0.474724
0.571242,-0.245871,-0.473519
0.569817,-0.245279,-0.473605
0.567786,-0.244928,-0.475174
0.569132,-0.242357,-0.475790
0.566042,-0.241563,-0.474281
0.565244,-0.240980,-0.474245
0.565683,-0.239414,-0.475754
0.563317,-0.238542,-0.475979
0.562958,-0.237915,-0.476804
0.560869,-0.236627,-0.475838
0.560441,-0.236354,-0.476961
0.558980,-0.236013,-0.476214
0.556737,-0.232603,-0.477981
0.557953,-0.235313,-0.477161
0.553612,-0.232645,-0.477999
0.552652,-0.232029,-0.476857
0.550465,-0.231204,-0.478198
0.551601,-0.231241,-0.478851
0.550642,-0.230005,-0.478390
0.547644,-0.228742,-0.478355
0.547924,-0.228603,-0.479050
0.545015,-0.228811,-0.477758
0.541981,-0.229145,-0.478657
0.541671,-0.226166,-0.478226
0.541360,-0.226697,-0.481365
0.537659,-0.224353,-0.479823
0.537073,-0.224233,-0.481369
0.535708,-0.224278,-0.481905
0.535612,-0.221566,-0.481647
0.533318,-0.222920,-0.483036
0.530691,-0.221265,-0.486203
0.530505,-0.218524,-0.483758
0.529906,-0.220376,-0.486604
0.527448,-0.219255,-0.484351
0.525955,-0.218452,-0.485387
0.522722,-0.218767,-0.486384
0.522953,-0.218221,-0.486575
0.519925,-0.215467,-0.487509
0.517195,-0.216585,-0.486566
0.515299,-0.216371,-0.489155
0.515827,-0.215142,-0.489932
0.512236,-0.216065,-0.490088
0.512057,-0.216256,-0.490070
0.509752,-0.217637,-0.492430
0.508071,-0.215683,-0.494889
0.503775,-0.216907,-0.495843
0.499907,-0.215994,-0.495402
0.499426,-0.217375,-0.498150
0.497071,-0.216354,-0.497456
0.494912,-0.216655,-0.500900
0.494125,-0.215255,-0.500535
0.491588,-0.214255,-0.502718
0.488665,-0.215169,-0.503102
0.487857,-0.215070,-0.503937
0.486031,-0.215390,-0.504681
0.484612,-0.212020,-0.506266
0.480940,-0.213137,-0.505267
0.478259,-0.214651,-0.507449
0.479901,-0.214221,-0.507979
0.475270,-0.211735,-0.507950
0.474517,-0.212782,-0.509257
0.475453,-0.212307,-0.508562
0.471708,-0.209144,-0.510772
0.468917,-0.207904,-0.510216
0.467699,-0.207591,-0.508441
0.470305,-0.207980,-0.509812
0.467305,-0.206885,-0.508181
0.465699,-0.204311,-0.510491
0.465121,-0.205879,-0.513415
0.462226,-0.203730,-0.511016
0.462328,-0.203234,-0.510861
0.458580,-0.200803,-0.511658
0.459322,-0.203044,-0.512912
0.456307,-0.200955,-0.513548
0.455928,-0.199302,-0.512703
0.454090,-0.199407,-0.512669
0.453154,-0.197394,-0.512821
0.449836,-0.198708,-0.513479
0.449984,-0.195976,-0.514429
0.448237,-0.195820,-0.515342
0.446360,-0.196053,-0.515308
0.443813,-0.195836,-0.516135
0.441738,-0.195295,-0.514491
0.441435,-0.194072,-0.516952
0.439388,-0.194142,-0.519791
0.439752,-0.192377,-0.518248
0.435303,-0.192598,-0.518452
0.434014,-0.191797,-0.520764
0.433727,-0.189957,-0.519699
0.429466,-0.191011,-0.522279
0.428881,-0.192402,-0.522985
0.429164,-0.190224,-0.523791
0.426454,-0.188427,-0.524680
0.419635,-0.191506,-0.524336
0.421381,-0.190784,-0.524896
0.418581,-0.190128,-0.527153
0.417372,-0.190476,-0.527868
0.414893,-0.190870,-0.528356
0.412269,-0.188928,-0.529065
0.409314,-0.191329,-0.532132
0.406131,-0.189446,-0.533827
0.404386,-0.190608,-0.535403
0.402323,-0.189998,-0.537805
0.397396,-0.191990,-0.539244
0.393494,-0.192394,-0.542189
0.390971,-0.192083,-0.543798
0.595812,-0.355491,-0.518849
0.596466,-0.352759,-0.517022
0.599671,-0.348612,-0.512890
0.600025,-0.343602,-0.508979
0.602368,-0.340330,-0.506463
0.600294,-0.337097,-0.505318
0.602446,-0.336065,-0.504633
0.601351,-0.332822,-0.501974
0.600549,-0.330340,-0.501828
0.601863,-0.329503,-0.501950
0.601555,-0.326563,-0.498769
0.601570,-0.323396,-0.498363
0.600384,-0.322219,-0.498038
0.600174,-0.320666,-0.495681
0.601026,-0.317473,-0.496389
0.601208,-0.315997,-0.494537
0.602826,-0.316032,-0.494581
0.598994,-0.313046,-0.491982
0.600986,-0.309657,-0.490091
0.600998,-0.307310,-0.491514
0.598335,-0.305717,-0.490253
0.599035,-0.303318,-0.487605
0.599748,-0.302063,-0.485727
0.599973,-0.299215,-0.485231
0.599980,-0.296971,-0.484862
0.600952,-0.295277,-0.482610
0.601169,-0.292325,-0.481066
0.600844,-0.291679,-0.480106
0.601193,-0.289235,-0.479901
0.599669,-0.285568,-0.477254
0.599033,-0.283602,-0.476473
0.600398,-0.283833,-0.475615
0.598586,-0.280927,-0.476397
0.596925,-0.279309,-0.477423
0.598041,-0.279380,-0.474522
0.598735,-0.276226,-0.474110
0.595704,-0.273599,-0.474090
0.595181,-0.273107,-0.476260
0.592478,-0.271330,-0.474169
0.592272,-0.271168,-0.473810
0.592928,-0.270953,-0.473345
0.590971,-0.269039,-0.471600
0.589804,-0.268217,-0.476388
0.589613,-0.265114,-0.473082
0.588336,-0.266821,-0.475936
0.586934,-0.264301,-0.473928
0.584908,-0.263783,-0.474285
0.584770,-0.260626,-0.473008
0.584993,-0.260023,-0.473184
0.582180,-0.260194,-0.472293
0.581031,-0.257438,-0.473408
0.579088,-0.256173,-0.474052
0.581085,-0.255005,-0.473756
0.579587,-0.253231,-0.473232
0.577888,-0.254884,-0.473613
0.577094,-0.252742,-0.475583
0.574445,-0.251360,-0.475061
0.575417,-0.247894,-0.471248
0.575598,-0.248321,-0.473110
0.573691,-0.248339,-0.472936
0.570270,-0.247991,-0.472302
0.570635,-0.246812,-0.472542
0.570847,-0.245706,-0.473573
0.568535,-0.243715,-0.471413
0.563252,-0.242713,-0.474270
0.565368,-0.241720,-0.475759
0.564911,-0.242212,-0.474029
0.563569,-0.240367,-0.474044
0.561614,-0.239252,-0.475241
0.559908,-0.239886,-0.473418
0.559433,-0.235214,-0.472648
0.556881,-0.237464,-0.474540
0.556497,-0.236139,-0.475190
0.555628,-0.235018,-0.475803
0.554482,-0.235317,-0.475049
0.553006,-0.233277,-0.476455
0.550372,-0.232493,-0.476704
0.552074,-0.232587,-0.477743
0.549379,-0.230340,-0.477055
0.547614,-0.229475,-0.477304
0.545776,-0.227258,-0.477187
0.545175,-0.228681,-0.479045
0.543113,-0.225694,-0.477601
0.541756,-0.226372,-0.478932
0.540661,-0.225945,-0.476556
0.539121,-0.226774,-0.481367
0.537752,-0.223244,-0.480682
0.537290,-0.224230,-0.480227
0.533455,-0.224223,-0.481152
0.531086,-0.220984,-0.481218
0.530694,-0.224307,-0.479862
0.529275,-0.221859,-0.481993
0.528489,-0.219244,-0.482770
0.527677,-0.220730,-0.484551
0.525458,-0.219372,-0.485541
0.523227,-0.218860,-0.484951
0.518912,-0.218846,-0.481356
0.518145,-0.218265,-0.486344
0.517997,-0.219856,-0.487194
0.517005,-0.217005,-0.488189
0.511581,-0.217547,-0.487873
0.512408,-0.216414,-0.486866
0.510215,-0.217010,-0.489148
0.509307,-0.215660,-0.489865
0.506983,-0.217404,-0.491308
0.502887,-0.217441,-0.494380
0.501396,-0.217829,-0.495300
0.497602,-0.218876,-0.496175
0.495978,-0.216928,-0.497989
0.494378,-0.217159,-0.499076
0.491086,-0.215929,-0.500016
0.491631,-0.217096,-0.500051
0.488240,-0.216413,-0.501426
0.486629,-0.216002,-0.501478
0.482576,-0.213927,-0.502196
0.482674,-0.214982,-0.503618
0.481155,-0.213775,-0.504957
0.480004,-0.214348,-0.505730
0.477088,-0.212570,-0.507207
0.475315,-0.211935,-0.507278
0.472997,-0.213676,-0.505624
0.472882,-0.213064,-0.508115
0.471439,-0.211040,-0.508585
0.469694,-0.211833,-0.508308
0.466883,-0.208766,-0.508696
0.467835,-0.210098,-0.508640
0.464332,-0.207269,-0.510282
0.462507,-0.206010,-0.509188
0.462149,-0.206704,-0.511161
0.459829,-0.203466,-0.510048
0.457835,-0.205337,-0.509775
0.459899,-0.203129,-0.509787
0.458916,-0.202698,-0.510506
0.455909,-0.204568,-0.511379
0.454045,-0.202155,-0.513002
0.453796,-0.199274,-0.511199
0.449851,-0.200430,-0.511798
0.450046,-0.199075,-0.512235
0.447817,-0.200280,-0.512720
0.445495,-0.196036,-0.513341
0.444363,-0.195593,-0.515628
0.443041,-0.196106,-0.514545
0.441529,-0.196527,-0.517059
0.439388,-0.195979,-0.516433
0.439257,-0.192814,-0.517631
0.436772,-0.196936,-0.517731
0.434003,-0.193465,-0.517420
0.433379,-0.192436,-0.519835
0.431196,-0.191876,-0.519634
0.428760,-0.192758,-0.520809
0.427277,-0.192367,-0.520677
0.424520,-0.191331,-0.519349
0.422612,-0.190624,-0.521185
0.421049,-0.190035,-0.524979
0.420290,-0.189548,-0.524142
0.417804,-0.190663,-0.526092
0.415046,-0.190408,-0.526582
0.415347,-0.189547,-0.527847
0.408366,-0.191321,-0.528478
0.409063,-0.190215,-0.531393
0.404682,-0.191144,-0.534314
0.402806,-0.191239,-0.534345
0.401609,-0.190476,-0.535659
0.396128,-0.192045,-0.539079
0.394021,-0.194295,-0.540116
0.385674,-0.197696,-0.545825
0.595115,-0.357178,-0.513903
0.595323,-0.350930,-0.514187
0.597826,-0.345811,-0.510539
0.601534,-0.344480,-0.507255
0.598374,-0.342218,-0.504241
0.599454,-0.334959,-0.504736
0.600174,-0.334434,-0.501193
0.601297,-0.332385,-0.500910
0.600167,-0.329830,-0.500894
0.599863,-0.328547,-0.501686
0.601562,-0.326677,-0.499414
0.599899,-0.325848,-0.496238
0.600083,-0.320127,-0.495986
0.601153,-0.320972,-0.494305
0.598613,-0.316255,-0.495736
0.599106,-0.314785,-0.493084
0.600115,-0.313418,-0.490572
0.600114,-0.312023,-0.491457
0.599485,-0.307952,-0.487955
0.598225,-0.307655,-0.488934
0.598437,-0.305008,-0.486438
0.597836,-0.302948,-0.487339
0.598378,-0.300934,-0.485604
0.598659,-0.298214,-0.484233
0.598350,-0.294854,-0.482955
0.600940,-0.294150,-0.483101
0.598305,-0.290807,-0.478377
0.599412,-0.287681,-0.477922
0.597911,-0.287906,-0.477137
0.597986,-0.283582,-0.478941
0.599082,-0.283569,-0.477567
0.597653,-0.280781,-0.475332
0.597334,-0.278942,-0.476254
0.595927,-0.280568,-0.475886
0.593847,-0.278587,-0.475311
0.595246,-0.277198,-0.474058
0.595138,-0.274240,-0.471601
0.591462,-0.275134,-0.472779
0.591918,-0.270797,-0.473528
0.589571,-0.271112,-0.472608
0.590702,-0.269255,-0.473415
0.589395,-0.268684,-0.473778
0.588784,-0.267474,-0.472095
0.584188,-0.264739,-0.473599
0.585851,-0.266014,-0.470124
0.586039,-0.263917,-0.473394
0.584823,-0.262414,-0.471413
0.582372,-0.261610,-0.472001
0.580313,-0.259686,-0.472270
0.581065,-0.259038,-0.471706
0.580146,-0.257463,-0.471561
0.580099,-0.255900,-0.471746
0.577881,-0.256458,-0.473067
0.577503,-0.253361,-0.471907
0.576923,-0.253435,-0.471743
0.576229,-0.252302,-0.472306
0.574055,-0.251739,-0.471061
0.572022,-0.250275,-0.471779
0.570840,-0.248096,-0.473273
0.571335,-0.248544,-0.471663
0.566660,-0.245538,-0.471017
0.570682,-0.246094,-0.472985
0.565606,-0.244026,-0.470668
0.566386,-0.244708,-0.472108
0.564833,-0.243269,-0.472098
0.564900,-0.241644,-0.473131
0.562769,-0.239699,-0.474264
0.561108,-0.240810,-0.473207
0.557654,-0.236511,-0.471910
0.557460,-0.238399,-0.473739
0.556591,-0.237001,-0.474566
0.555651,-0.236726,-0.473120
0.555682,-0.236819,-0.473058
0.552265,-0.234349,-0.473035
0.553012,-0.232433,-0.474393
0.552018,-0.232543,-0.474490
0.548792,-0.232723,-0.474464
0.545987,-0.230051,-0.474658
0.547591,-0.230339,-0.475571
0.546161,-0.230193,-0.473473
0.542963,-0.228508,-0.475509
0.541744,-0.227837,-0.477688
0.542068,-0.229498,-0.476644
0.538389,-0.227642,-0.477365
0.538586,-0.227431,-0.477146
0.535606,-0.226373,-0.477083
0.535053,-0.224147,-0.478113
0.532961,-0.223782,-0.478184
0.532734,-0.224011,-0.477982
0.528704,-0.221164,-0.479791
0.528617,-0.221857,-0.481742
0.526953,-0.222086,-0.481261
0.525225,-0.222409,-0.481530
0.524304,-0.219526,-0.482191
0.522282,-0.220317,-0.481974
0.520152,-0.218871,-0.484239
0.520523,-0.219161,-0.482788
0.517725,-0.218169,-0.483873
0.514655,-0.217393,-0.487474
0.513019,-0.217637,-0.487546
0.511394,-0.216450,-0.488665
0.508147,-0.218249,-0.486919
0.505563,-0.219579,-0.490419
0.505398,-0.218833,-0.487945
0.502204,-0.218244,-0.491333
0.498580,-0.217231,-0.496493
0.495287,-0.219950,-0.496454
0.493561,-0.218508,-0.497693
0.492142,-0.219092,-0.498899
0.490015,-0.219811,-0.498130
0.488425,-0.218184,-0.497912
0.486455,-0.217908,-0.500655
0.486010,-0.217854,-0.501547
0.484474,-0.215891,-0.503217
0.481060,-0.216357,-0.501750
0.480985,-0.216080,-0.504700
0.478379,-0.215129,-0.503928
0.476861,-0.214489,-0.506204
0.475911,-0.214096,-0.505972
0.473496,-0.210921,-0.505414
0.469918,-0.212514,-0.507769
0.470870,-0.214011,-0.506858
0.467386,-0.211587,-0.505689
0.467605,-0.211664,-0.507101
0.465517,-0.211525,-0.508323
0.466033,-0.209750,-0.509285
0.463102,-0.207363,-0.507463
0.460478,-0.208660,-0.509494
0.462037,-0.207057,-0.509316
0.458430,-0.205437,-0.510265
0.457881,-0.205085,-0.510242
0.455936,-0.202935,-0.510730
0.453796,-0.202480,-0.509946
0.452482,-0.202057,-0.510084
0.452833,-0.203601,-0.512079
0.449748,-0.200223,-0.510792
0.446972,-0.200264,-0.510487
0.446904,-0.198490,-0.514728
0.444092,-0.199442,-0.511683
0.443038,-0.198392,-0.513087
0.442078,-0.197226,-0.512923
0.439306,-0.197861,-0.514036
0.439564,-0.197271,-0.516292
0.439076,-0.196256,-0.516881
0.435126,-0.193594,-0.515411
0.432712,-0.193276,-0.516410
0.431754,-0.194074,-0.518351
0.431310,-0.194513,-0.518436
0.429664,-0.192132,-0.518466
0.425910,-0.192115,-0.519438
0.425083,-0.192107,-0.521130
0.421503,-0.192667,-0.521517
0.419701,-0.193866,-0.523555
0.416720,-0.193250,-0.524348
0.415532,-0.191004,-0.524308
0.413461,-0.191074,-0.523785
0.412477,-0.190908,-0.526576
0.405639,-0.191055,-0.529428
0.408119,-0.191430,-0.529765
0.404512,-0.193004,-0.532132
0.402240,-0.193339,-0.535549
0.398517,-0.194413,-0.534968
0.393953,-0.194410,-0.536965
0.389826,-0.197425,-0.543316
0.385509,-0.200363,-0.546328
0.592859,-0.358302,-0.518842
0.592883,-0.353367,-0.515584
0.595495,-0.349858,-0.510681
0.596868,-0.347253,-0.507923
0.597773,-0.343501,-0.505901
0.596979,-0.340219,-0.504238
0.597005,-0.337609,-0.503746
0.599968,-0.332842,-0.501226
0.599581,-0.331735,-0.500132
0.598806,-0.329855,-0.499585
0.597982,-0.327778,-0.497927
0.597094,-0.325343,-0.496250
0.598266,-0.323405,-0.496582
0.598011,-0.321367,-0.494742
0.599287,-0.318380,-0.493690
0.596982,-0.317156,-0.492078
0.596927,-0.314441,-0.491528
0.597665,-0.314183,-0.491211
0.598286,-0.309688,-0.486903
0.597036,-0.308490,-0.487729
0.597344,-0.306670,-0.487220
0.595584,-0.304622,-0.486037
0.597024,-0.302204,-0.485572
0.596609,-0.299929,-0.483218
0.597232,-0.296445,-0.479912
0.596836,-0.294108,-0.479405
0.599243,-0.292373,-0.478211
0.597815,-0.289833,-0.478158
0.598643,-0.289723,-0.476602
0.597631,-0.286203,-0.473115
0.595828,-0.283195,-0.473142
0.594813,-0.283781,-0.473074
0.595875,-0.280264,-0.474234
0.596652,-0.277981,-0.471975
0.596573,-0.279112,-0.473018
0.592310,-0.277077,-0.472650
0.593182,-0.274963,-0.472280
0.591783,-0.272614,-0.473351
0.591591,-0.271238,-0.471467
0.590469,-0.270052,-0.471702
0.589591,-0.268574,-0.470844
0.587963,-0.267971,-0.471249
0.587597,-0.268027,-0.470318
0.585488,-0.266036,-0.469903
0.585091,-0.263093,-0.469800
0.582738,-0.264469,-0.471211
0.582814,-0.263772,-0.470653
0.583395,-0.261138,-0.470109
0.581657,-0.258685,-0.470289
0.579328,-0.260113,-0.471484
0.578461,-0.258654,-0.470452
0.577711,-0.257447,-0.469272
0.577894,-0.256778,-0.470977
0.578471,-0.254610,-0.471367
0.575658,-0.253059,-0.470938
0.573459,-0.252062,-0.471283
0.574206,-0.251414,-0.468199
0.571655,-0.249784,-0.471180
0.572239,-0.248362,-0.469634
0.570508,-0.247451,-0.469134
0.568189,-0.247524,-0.469642
0.568509,-0.245098,-0.470415
0.568195,-0.244986,-0.470557
0.565561,-0.242923,-0.469260
0.564199,-0.242151,-0.470117
0.564265,-0.241957,-0.473050
0.562958,-0.240915,-0.471269
0.561229,-0.238704,-0.471187
0.559450,-0.237936,-0.472964
0.556496,-0.238850,-0.471211
0.557907,-0.236599,-0.472070
0.554728,-0.236670,-0.471855
0.554549,-0.235467,-0.472029
0.553824,-0.234846,-0.472800
0.550866,-0.234620,-0.472655
0.550730,-0.235624,-0.474831
0.548697,-0.233598,-0.473584
0.547204,-0.233196,-0.471907
0.545439,-0.230045,-0.475586
0.546565,-0.228885,-0.475438
0.544747,-0.230887,-0.475064
0.541751,-0.229817,-0.476225
0.542415,-0.227796,-0.475269
0.537336,-0.226639,-0.476253
0.535838,-0.227057,-0.476266
0.535038,-0.226932,-0.477179
0.532862,-0.227210,-0.476261
0.532135,-0.225544,-0.478141
0.528421,-0.224620,-0.478207
0.529814,-0.224099,-0.479778
0.527224,-0.224656,-0.479088
0.526513,-0.222396,-0.480386
0.523783,-0.222893,-0.480081
0.523246,-0.220886,-0.478717
0.520480,-0.222242,-0.483134
0.518651,-0.220080,-0.483020
0.516921,-0.220920,-0.482620
0.517229,-0.218672,-0.482706
0.515208,-0.218718,-0.485497
0.512042,-0.217267,-0.484551
0.509037,-0.217890,-0.487947
0.507758,-0.218235,-0.486224
0.505531,-0.219529,-0.487373
0.502518,-0.218258,-0.490767
0.499139,-0.220795,-0.490612
0.496509,-0.218809,-0.493363
0.495520,-0.218875,-0.493528
0.493383,-0.221544,-0.496889
0.489603,-0.219025,-0.497174
0.490765,-0.217575,-0.496726
0.488591,-0.219168,-0.498529
0.486161,-0.218014,-0.499088
0.485869,-0.216636,-0.501889
0.483185,-0.216476,-0.500791
0.480207,-0.217591,-0.500387
0.479427,-0.217138,-0.500202
0.476534,-0.214805,-0.504204
0.473861,-0.218889,-0.503890
0.472517,-0.214844,-0.503508
0.471815,-0.215334,-0.503164
0.470038,-0.214681,-0.504819
0.467793,-0.214960,-0.506418
0.467004,-0.213681,-0.505623
0.465474,-0.211296,-0.508189
0.463733,-0.210798,-0.509034
0.463232,-0.210931,-0.509623
0.463572,-0.209814,-0.507114
0.460395,-0.208136,-0.506812
0.458766,-0.209150,-0.508725
0.458947,-0.206974,-0.509660
0.456857,-0.206655,-0.511394
0.454059,-0.205862,-0.510320
0.453803,-0.206178,-0.508803
0.451906,-0.205646,-0.510449
0.449786,-0.203251,-0.511507
0.449288,-0.201653,-0.511860
0.446952,-0.202329,-0.512300
0.446516,-0.202108,-0.510885
0.444263,-0.199601,-0.510638
0.443434,-0.198739,-0.512116
0.443374,-0.197499,-0.512341
0.439962,-0.198159,-0.512563
0.436309,-0.195974,-0.513384
0.435300,-0.198352,-0.514166
0.433220,-0.196753,-0.514121
0.433216,-0.197092,-0.515232
0.431071,-0.194515,-0.517012
0.429997,-0.195991,-0.516754
0.425947,-0.194674,-0.518537
0.425123,-0.192015,-0.518281
0.422345,-0.194279,-0.520301
0.420272,-0.194609,-0.522411
0.419217,-0.194411,-0.523532
0.417147,-0.193281,-0.523141
0.416173,-0.193880,-0.522702
0.412152,-0.191755,-0.525274
0.410478,-0.192858,-0.529764
0.407401,-0.193152,-0.528719
0.404722,-0.195767,-0.529712
0.402728,-0.194890,-0.529243
0.398982,-0.197547,-0.532472
0.397089,-0.196721,-0.535550
0.392121,-0.198087,-0.539279
0.387574,-0.199328,-0.542162
0.590451,-0.359003,-0.516033
0.592767,-0.354301,-0.510624
0.596355,-0.347983,-0.508827
0.594200,-0.343652,-0.506027
0.596995,-0.342492,-0.503962
0.597697,-0.338756,-0.502462
0.597518,-0.334472,-0.499990
0.596002,-0.333389,-0.499699
0.596319,-0.332992,-0.497923
0.596505,-0.330836,-0.498436
0.596719,-0.326995,-0.497275
0.596975,-0.325604,-0.494309
0.597100,-0.322151,-0.495400
0.597971,-0.318511,-0.491416
0.596517,-0.316424,-0.490645
0.597661,-0.317795,-0.491213
0.598792,-0.315949,-0.488045
0.596136,-0.312382,-0.487721
0.597337,-0.310654,-0.486605
0.595660,-0.308115,-0.486287
0.593602,-0.307231,-0.483806
0.596353,-0.304134,-0.483679
0.594586,-0.299901,-0.481805
0.596993,-0.299481,-0.481299
0.597334,-0.294685,-0.478693
0.597445,-0.294052,-0.478486
0.596602,-0.290401,-0.475195
0.596683,-0.289489,-0.474359
0.597384,-0.288165,-0.472702
0.596236,-0.284067,-0.472327
0.594760,-0.281280,-0.471529
0.596706,-0.282569,-0.470843
0.594067,-0.280855,-0.473325
0.593998,-0.280124,-0.471992
0.592338,-0.279333,-0.471462
0.589801,-0.276317,-0.469495
0.590994,-0.274484,-0.471393
0.590527,-0.272887,-0.469313
0.589662,-0.272483,-0.470311
0.587376,-0.272673,-0.470981
0.587489,-0.269212,-0.469050
0.588842,-0.267518,-0.468952
0.585484,-0.266036,-0.468865
0.582848,-0.265798,-0.469690
0.583802,-0.265322,-0.469274
0.582890,-0.263506,-0.468747
0.581441,-0.262118,-0.471018
0.581042,-0.261501,-0.469647
0.581608,-0.260092,-0.469033
0.580227,-0.258418,-0.470869
0.577440,-0.257569,-0.470869
0.576594,-0.257364,-0.467925
0.575223,-0.255122,-0.469665
0.573687,-0.255885,-0.467875
0.572765,-0.252944,-0.468475
0.571218,-0.252115,-0.467647
0.570085,-0.250001,-0.466895
0.571347,-0.248169,-0.471068
0.571964,-0.249144,-0.467453
0.567267,-0.246281,-0.468927
0.567430,-0.247600,-0.468678
0.565057,-0.244242,-0.469212
0.564327,-0.244962,-0.469650
0.564108,-0.243168,-0.467181
0.561295,-0.243706,-0.468137
0.561113,-0.241872,-0.468476
0.560679,-0.239748,-0.468649
0.559813,-0.240756,-0.468160
0.556835,-0.240647,-0.468037
0.555663,-0.236233,-0.468180
0.555878,-0.235143,-0.469672
0.554233,-0.235445,-0.472945
0.551613,-0.234901,-0.471025
0.550120,-0.234545,-0.470931
0.547852,-0.234496,-0.470879
0.547446,-0.232981,-0.472572
0.545410,-0.231039,-0.473134
0.545995,-0.233438,-0.473971
0.543614,-0.232155,-0.472984
0.541620,-0.230140,-0.473595
0.542243,-0.230521,-0.473763
0.538229,-0.228089,-0.474166
0.536481,-0.228935,-0.474553
0.535153,-0.228096,-0.474818
0.533669,-0.228997,-0.475098
0.532764,-0.226532,-0.475390
0.532749,-0.226684,-0.476207
0.530752,-0.225959,-0.475070
0.527611,-0.224075,-0.478534
0.525641,-0.223244,-0.477537
0.525085,-0.222743,-0.478402
0.522042,-0.221769,-0.480602
0.523154,-0.222492,-0.478754
0.521269,-0.223418,-0.480517
0.520064,-0.220687,-0.478202
0.516481,-0.221054,-0.481923
0.515203,-0.221070,-0.480027
0.515150,-0.221197,-0.483690
0.512828,-0.220489,-0.485164
0.508979,-0.218454,-0.485514
0.508852,-0.219296,-0.484713
0.505540,-0.219121,-0.485749
0.501702,-0.218414,-0.488594
0.501102,-0.221216,-0.490711
0.496937,-0.218994,-0.492121
0.496450,-0.220027,-0.494524
0.491616,-0.221356,-0.495748
0.491679,-0.220406,-0.496657
0.488819,-0.219209,-0.495472
0.487389,-0.220169,-0.498002
0.485092,-0.220005,-0.497522
0.483422,-0.220260,-0.499385
0.480627,-0.217889,-0.500493
0.480475,-0.216870,-0.498680
0.478731,-0.218285,-0.500560
0.474726,-0.217444,-0.501344
0.474265,-0.216082,-0.502682
0.472415,-0.214923,-0.502549
0.471203,-0.215101,-0.504020
0.468173,-0.214088,-0.504001
0.464825,-0.215073,-0.504282
0.466873,-0.213050,-0.505434
0.464747,-0.213006,-0.504416
0.462815,-0.213376,-0.506710
0.462497,-0.212422,-0.506141
0.458880,-0.210620,-0.507004
0.460008,-0.212744,-0.506087
0.457319,-0.209621,-0.508793
0.454057,-0.209074,-0.508095
0.455191,-0.207797,-0.508194
0.452756,-0.205255,-0.509628
0.451616,-0.205030,-0.509462
0.451073,-0.205678,-0.507547
0.449857,-0.204867,-0.509970
0.447501,-0.203089,-0.509897
0.445469,-0.202493,-0.508222
0.443664,-0.202399,-0.512204
0.443977,-0.201243,-0.509305
0.441824,-0.200533,-0.512753
0.440165,-0.198633,-0.512115
0.438019,-0.199620,-0.511686
0.436425,-0.200206,-0.512418
0.432321,-0.196658,-0.512795
0.432966,-0.198764,-0.513298
0.430912,-0.196910,-0.514181
0.430367,-0.197059,-0.515195
0.427575,-0.195092,-0.517035
0.423603,-0.196021,-0.516399
0.423427,-0.195111,-0.516938
0.421699,-0.196173,-0.521035
0.419577,-0.194682,-0.521048
0.417214,-0.194067,-0.521680
0.413734,-0.194117,-0.522030
0.412133,-0.195565,-0.525051
0.411667,-0.193930,-0.523795
0.407178,-0.193447,-0.526275
0.407058,-0.196334,-0.527677
0.401737,-0.195899,-0.528255
0.401984,-0.196826,-0.532010
0.397321,-0.196075,-0.532216
0.393409,-0.195498,-0.535321
0.388950,-0.199794,-0.539700
0.587144,-0.357989,-0.518043
0.588603,-0.354639,-0.511834
0.592629,-0.349705,-0.509713
0.594281,-0.346733,-0.505042
0.594821,-0.345653,-0.503903
0.594721,-0.342048,-0.504272
0.595686,-0.338673,-0.500460
0.597370,-0.337500,-0.497675
0.595302,-0.333450,-0.499292
0.597086,-0.332615,-0.496156
0.595112,-0.328555,-0.495925
0.595488,-0.325807,-0.492226
0.593780,-0.323533,-0.493214
0.595815,-0.321787,-0.491553
0.595352,-0.320220,-0.489972
0.596968,-0.318404,-0.489165
0.596227,-0.315599,-0.487557
0.593932,-0.312254,-0.488258
0.594319,-0.312029,-0.486436
0.596221,-0.308221,-0.485309
0.592737,-0.307644,-0.485262
0.593218,-0.306278,-0.484253
0.593940,-0.303426,-0.481734
0.595479,-0.298623,-0.478304
0.596573,-0.296100,-0.478179
0.595256,-0.295476,-0.477999
0.595216,-0.292708,-0.475439
0.595432,-0.290312,-0.472977
0.594992,-0.286554,-0.473030
0.594527,-0.287268,-0.473116
0.594683,-0.284216,-0.471863
0.593726,-0.283023,-0.469521
0.592005,-0.281592,-0.471750
0.595939,-0.280962,-0.470392
0.592467,-0.278560,-0.470206
0.590053,-0.277789,-0.469016
0.590728,-0.275675,-0.469918
0.590149,-0.275402,-0.469895
0.587178,-0.273766,-0.469000
0.588145,-0.271937,-0.467805
0.586509,-0.270287,-0.469164
0.586183,-0.269545,-0.468747
0.584674,-0.267956,-0.469590
0.582589,-0.266347,-0.468540
0.581545,-0.265456,-0.466426
0.582350,-0.263032,-0.467887
0.581052,-0.261541,-0.468881
0.579752,-0.262468,-0.465988
0.579704,-0.259679,-0.467701
0.578108,-0.259933,-0.469115
0.577686,-0.257239,-0.468380
0.574461,-0.256911,-0.469413
0.576366,-0.254126,-0.466524
0.573248,-0.256323,-0.466146
0.570908,-0.253711,-0.468563
0.570931,-0.251949,-0.466670
0.571175,-0.250450,-0.466629
0.569675,-0.249661,-0.468533
0.569274,-0.249243,-0.465742
0.568261,-0.246831,-0.465960
0.567091,-0.246074,-0.466025
0.565597,-0.247372,-0.467265
0.565663,-0.246485,-0.465487
0.561998,-0.244088,-0.465590
0.562549,-0.245266,-0.466683
0.562660,-0.241468,-0.467430
0.561694,-0.240427,-0.468378
0.558242,-0.238336,-0.467886
0.556824,-0.240796,-0.467072
0.555579,-0.239463,-0.467664
0.553676,-0.237094,-0.468401
0.552552,-0.236681,-0.467590
0.550188,-0.237624,-0.470469
0.548691,-0.234883,-0.469766
0.547666,-0.234534,-0.467769
0.547969,-0.233248,-0.469508
0.544208,-0.233629,-0.470193
0.544797,-0.231303,-0.470615
0.542039,-0.232756,-0.470882
0.542445,-0.231371,-0.471578
0.539496,-0.229504,-0.473058
0.538027,-0.229074,-0.474229
0.536995,-0.229479,-0.473047
0.533376,-0.228542,-0.473116
0.533422,-0.226899,-0.474431
0.532222,-0.225738,-0.474778
0.530723,-0.225762,-0.474020
0.531138,-0.226198,-0.474567
0.528713,-0.226136,-0.474779
0.526115,-0.222972,-0.475945
0.524893,-0.225387,-0.477844
0.523500,-0.222932,-0.476631
0.523529,-0.223478,-0.478778
0.517876,-0.222038,-0.478032
0.517237,-0.224065,-0.479096
0.514862,-0.220797,-0.480561
0.514248,-0.220515,-0.482005
0.513147,-0.221178,-0.482680
0.512614,-0.218582,-0.481683
0.509145,-0.219637,-0.484568
0.506302,-0.220452,-0.485365
0.503743,-0.217150,-0.485894
0.499778,-0.222121,-0.488937
0.499830,-0.219426,-0.488962
0.498300,-0.220819,-0.490473
0.493972,-0.221937,-0.493404
0.491788,-0.222108,-0.493218
0.488822,-0.220464,-0.495577
0.487280,-0.221630,-0.496683
0.486354,-0.221598,-0.495238
0.484131,-0.221898,-0.496926
0.481335,-0.218013,-0.495855
0.480011,-0.218512,-0.498320
0.480494,-0.218747,-0.497416
0.476465,-0.216187,-0.501122
0.475838,-0.217995,-0.502188
0.473699,-0.217740,-0.499740
0.471219,-0.216833,-0.501397
0.470619,-0.215807,-0.503395
0.467455,-0.216252,-0.502890
0.466815,-0.218437,-0.504175
0.462912,-0.215915,-0.505221
0.465178,-0.216337,-0.504161
0.463434,-0.213357,-0.503581
0.460812,-0.212977,-0.506411
0.458900,-0.212737,-0.504943
0.457182,-0.213906,-0.506257
0.455442,-0.211669,-0.506626
0.453455,-0.210205,-0.509620
0.453020,-0.209241,-0.506979
0.452386,-0.208821,-0.509838
0.449300,-0.207095,-0.508296
0.448557,-0.207180,-0.509308
0.447801,-0.204366,-0.507280
0.447053,-0.204379,-0.510387
0.444714,-0.204744,-0.509648
0.441914,-0.205452,-0.508685
0.440813,-0.201950,-0.510264
0.442058,-0.203652,-0.511386
0.439476,-0.199807,-0.510415
0.437657,-0.201916,-0.512142
0.436009,-0.199644,-0.512083
0.433388,-0.199766,-0.512342
0.432525,-0.198999,-0.514355
0.431023,-0.197070,-0.514351
0.427918,-0.196438,-0.514537
0.426269,-0.196259,-0.516331
0.424510,-0.198322,-0.516208
0.422478,-0.195430,-0.519238
0.419763,-0.195241,-0.517444
0.417984,-0.199641,-0.520706
0.415985,-0.196633,-0.518113
0.414350,-0.197448,-0.520375
0.412743,-0.195627,-0.521402
0.408922,-0.195343,-0.524016
0.407399,-0.194839,-0.526208
0.402826,-0.197469,-0.527360
0.401186,-0.196206,-0.528338
0.399786,-0.196252,-0.529231
0.394172,-0.197615,-0.530182
0.389570,-0.202192,-0.535516
0.585220,-0.358778,-0.513864
0.589715,-0.352576,-0.508386
0.590500,-0.348843,-0.505306
0.591848,-0.347615,-0.504255
0.592289,-0.341762,-0.502302
0.593530,-0.338925,-0.499400
0.593942,-0.337488,-0.497614
0.594097,-0.336160,-0.497871
0.592317,-0.331538,-0.498278
0.593093,-0.329166,-0.494751
0.593224,-0.328179,-0.494450
0.593892,-0.326571,-0.491911
0.593810,-0.323773,-0.492555
0.593275,-0.322789,-0.491394
0.594352,-0.319525,-0.489232
0.591379,-0.317726,-0.488572
0.593300,-0.315041,-0.485179
0.591762,-0.313015,-0.486090
0.594197,-0.310297,-0.484573
0.593605,-0.309455,-0.483481
0.593305,-0.305032,-0.482846
0.594673,-0.303357,-0.480678
0.593116,-0.302593,-0.478527
0.596020,-0.297229,-0.479481
0.594392,-0.294856,-0.476337
0.593052,-0.291872,-0.474665
0.594953,-0.290238,-0.473866
0.594776,-0.287840,-0.472285
0.595391,-0.285576,-0.469378
0.595291,-0.285427,-0.470792
0.595105,-0.283237,-0.469024
0.593824,-0.281338,-0.468769
0.593764,-0.282223,-0.468285
0.591656,-0.279171,-0.468946
0.591252,-0.278001,-0.469886
0.588397,-0.275405,-0.466559
0.590403,-0.275572,-0.468760
0.588005,-0.272618,-0.467749
0.586418,-0.274133,-0.468666
0.586860,-0.270655,-0.464370
0.586162,-0.270363,-0.466348
0.584865,-0.266673,-0.467920
0.583000,-0.267624,-0.466693
0.583211,-0.265611,-0.464030
0.582039,-0.264264,-0.464958
0.579916,-0.263043,-0.466115
0.579198,-0.261306,-0.465788
0.578070,-0.260388,-0.465612
0.577891,-0.259860,-0.465147
0.575753,-0.258610,-0.464736
0.574583,-0.258578,-0.463596
0.574160,-0.255398,-0.464031
0.574263,-0.256176,-0.464903
0.570923,-0.253937,-0.465462
0.571189,-0.251972,-0.466599
0.570729,-0.252254,-0.465232
0.570701,-0.250916,-0.465777
0.569576,-0.248581,-0.466085
0.567350,-0.248639,-0.465079
0.564864,-0.247927,-0.465317
0.565429,-0.244548,-0.467132
0.564429,-0.245437,-0.465535
0.563996,-0.243990,-0.465320
0.560541,-0.244318,-0.464709
0.561382,-0.242786,-0.463565
0.558819,-0.241642,-0.465406
0.558641,-0.241207,-0.465255
0.556245,-0.240751,-0.466641
0.554425,-0.239683,-0.466419
0.553463,-0.238666,-0.467747
0.554264,-0.238487,-0.467711
0.552613,-0.235089,-0.469476
0.549025,-0.236807,-0.467452
0.548873,-0.234839,-0.465765
0.546094,-0.236064,-0.470842
0.546521,-0.234104,-0.469068
0.544837,-0.232244,-0.469640
0.542659,-0.232398,-0.471415
0.540552,-0.231622,-0.470134
0.539590,-0.230578,-0.470546
0.539580,-0.231017,-0.472373
0.536651,-0.230132,-0.470338
0.534319,-0.228983,-0.471186
0.534055,-0.228691,-0.474361
0.530461,-0.228299,-0.473242
0.530159,-0.227339,-0.474190
0.528782,-0.226130,-0.474446
0.528025,-0.225373,-0.471377
0.524882,-0.226044,-0.474863
0.523521,-0.223651,-0.476708
0.522912,-0.225667,-0.475580
0.520504,-0.224206,-0.475284
0.520632,-0.224264,-0.478506
0.519234,-0.221848,-0.477376
0.514413,-0.222445,-0.479843
0.513509,-0.222056,-0.479542
0.512000,-0.222123,-0.482990
0.510086,-0.221934,-0.480715
0.508716,-0.221029,-0.483081
0.506162,-0.220471,-0.482744
0.502406,-0.220173,-0.484642
0.501338,-0.223255,-0.487276
0.497432,-0.224476,-0.487424
0.496192,-0.224511,-0.489808
0.491681,-0.222957,-0.491861
0.490741,-0.221543,-0.492343
0.489730,-0.222269,-0.493487
0.486168,-0.222608,-0.494473
0.485104,-0.222043,-0.493350
0.481798,-0.221592,-0.495326
0.480772,-0.222069,-0.496213
0.481378,-0.221676,-0.499494
0.476078,-0.220988,-0.498634
0.475087,-0.221179,-0.498870
0.471237,-0.218460,-0.497905
0.473521,-0.216848,-0.501100
0.469184,-0.219266,-0.503305
0.470068,-0.217465,-0.501701
0.465453,-0.214813,-0.501318
0.465211,-0.218639,-0.501379
0.463335,-0.216498,-0.502969
0.460938,-0.216488,-0.503170
0.460505,-0.215035,-0.503620
0.459601,-0.215121,-0.503681
0.456222,-0.211581,-0.504567
0.455428,-0.213320,-0.505304
0.452766,-0.213264,-0.505871
0.453584,-0.210805,-0.506298
0.451495,-0.210190,-0.509377
0.449805,-0.210388,-0.507970
0.448813,-0.208092,-0.508147
0.448042,-0.206856,-0.508657
0.446991,-0.206262,-0.506073
0.443829,-0.206796,-0.509632
0.442678,-0.206747,-0.509828
0.440749,-0.204940,-0.508576
0.440081,-0.203756,-0.509831
0.437720,-0.203658,-0.508207
0.436952,-0.201899,-0.510486
0.436435,-0.201118,-0.511312
0.434601,-0.202262,-0.511347
0.432444,-0.202293,-0.511260
0.431460,-0.198838,-0.513843
0.428215,-0.200706,-0.514613
0.426377,-0.198783,-0.512521
0.424373,-0.200310,-0.514339
0.421660,-0.198382,-0.516495
0.422723,-0.198681,-0.515297
0.419362,-0.198144,-0.518179
0.416655,-0.198889,-0.520927
0.414682,-0.198495,-0.519527
0.412928,-0.198890,-0.518672
0.409816,-0.198134,-0.522949
0.407611,-0.196649,-0.524371
0.405262,-0.198233,-0.525182
0.403511,-0.198953,-0.527520
0.398869,-0.199019,-0.527873
0.396960,-0.198869,-0.531291
0.394017,-0.200632,-0.531988
0.583053,-0.362456,-0.513375
0.587867,-0.356126,-0.511094
0.588404,-0.349310,-0.506207
0.591292,-0.350003,-0.503238
0.590106,-0.344851,-0.501697
0.591874,-0.343848,-0.502379
0.591469,-0.338464,-0.499514
0.592220,-0.336270,-0.498990
0.592667,-0.333565,-0.495108
0.592743,-0.332307,-0.493400
0.592099,-0.330599,-0.494320
0.591040,-0.325830,-0.491120
0.592878,-0.325899,-0.491557
0.591814,-0.322930,-0.490104
0.591131,-0.321993,-0.489265
0.591055,-0.319269,-0.488904
0.590916,-0.316842,-0.487377
0.594236,-0.314216,-0.485945
0.591074,-0.311990,-0.485361
0.590368,-0.311058,-0.484444
0.592036,-0.307468,-0.484882
0.592774,-0.305187,-0.480542
0.593034,-0.304373,-0.478287
0.594443,-0.299325,-0.477285
0.593899,-0.295298,-0.475311
0.594641,-0.290856,-0.474227
0.594473,-0.291216,-0.470769
0.593773,-0.288313,-0.470308
0.594608,-0.286863,-0.470917
0.593459,-0.286974,-0.469468
0.592951,-0.284552,-0.468349
0.592177,-0.282927,-0.468559
0.592748,-0.282091,-0.467110
0.589193,-0.281567,-0.466846
0.588053,-0.278094,-0.466337
0.587975,-0.278046,-0.465386
0.588581,-0.276638,-0.466342
0.588123,-0.274863,-0.466756
0.584616,-0.273423,-0.465828
0.586134,-0.271772,-0.466553
0.585013,-0.272589,-0.464779
0.582648,-0.268709,-0.465358
0.581029,-0.268370,-0.464358
0.580287,-0.267372,-0.464842
0.581659,-0.267516,-0.465553
0.580085,-0.264466,-0.465955
0.578180,-0.262376,-0.464460
0.577192,-0.261398,-0.464604
0.577794,-0.262470,-0.463628
0.574022,-0.260152,-0.465583
0.573611,-0.260601,-0.463100
0.573421,-0.257181,-0.463758
0.572809,-0.256332,-0.465698
0.572496,-0.254455,-0.464085
0.569522,-0.253850,-0.464534
0.569014,-0.252794,-0.463071
0.568561,-0.252064,-0.463381
0.566849,-0.251971,-0.464320
0.567847,-0.251042,-0.464223
0.565405,-0.247459,-0.464105
0.564782,-0.247700,-0.463240
0.564293,-0.244888,-0.463758
0.562447,-0.244843,-0.461867
0.561306,-0.242598,-0.463026
0.558920,-0.242780,-0.463144
0.560052,-0.242735,-0.462656
0.557396,-0.240130,-0.463107
0.555984,-0.240069,-0.463470
0.555411,-0.238475,-0.464767
0.551799,-0.239929,-0.463593
0.550557,-0.239772,-0.464872
0.550653,-0.238726,-0.465247
0.548083,-0.236553,-0.466100
0.546591,-0.236837,-0.467934
0.543201,-0.235832,-0.467977
0.545171,-0.234304,-0.466803
0.542341,-0.232187,-0.469282
0.540897,-0.233486,-0.466844
0.540002,-0.233185,-0.469479
0.539347,-0.230534,-0.469937
0.536298,-0.232836,-0.470157
0.536343,-0.230689,-0.469042
0.533815,-0.230933,-0.469434
0.532791,-0.230191,-0.470601
0.532542,-0.228870,-0.470571
0.529274,-0.229730,-0.470776
0.528351,-0.227627,-0.472866
0.524981,-0.226729,-0.472211
0.525537,-0.227481,-0.475293
0.523148,-0.224883,-0.473498
0.520658,-0.226733,-0.475286
0.519596,-0.223743,-0.475576
0.516215,-0.223771,-0.477618
0.515110,-0.222360,-0.476871
0.514279,-0.225303,-0.478478
0.512657,-0.223731,-0.477699
0.511354,-0.224396,-0.479022
0.509616,-0.223668,-0.479655
0.506703,-0.222568,-0.480490
0.504647,-0.222379,-0.481236
0.500666,-0.221255,-0.485842
0.499743,-0.222860,-0.483662
0.498867,-0.224305,-0.486815
0.495387,-0.223464,-0.488685
0.491365,-0.224117,-0.489081
0.489740,-0.225733,-0.490954
0.487628,-0.224609,-0.492978
0.484697,-0.224841,-0.494922
0.484010,-0.222955,-0.494850
0.482395,-0.222258,-0.493674
0.478829,-0.221494,-0.497131
0.477532,-0.220709,-0.495840
0.475151,-0.221596,-0.497110
0.474537,-0.220311,-0.497319
0.471617,-0.220399,-0.499228
0.472593,-0.221706,-0.499068
0.470677,-0.219030,-0.498581
0.467792,-0.219401,-0.501657
0.466794,-0.219073,-0.501064
0.463895,-0.218273,-0.502803
0.461699,-0.219971,-0.503563
0.461069,-0.216134,-0.503062
0.459411,-0.217127,-0.503015
0.457803,-0.215053,-0.504617
0.455702,-0.214919,-0.503995
0.455272,-0.213265,-0.506509
0.451119,-0.213997,-0.507195
0.452502,-0.215339,-0.507909
0.450439,-0.212627,-0.506420
0.447113,-0.209899,-0.507767
0.445793,-0.210679,-0.508605
0.445904,-0.208700,-0.507951
0.443840,-0.209059,-0.507976
0.443691,-0.208023,-0.508258
0.441258,-0.208231,-0.507795
0.440120,-0.205198,-0.509430
0.437882,-0.204807,-0.508145
0.437228,-0.204202,-0.508499
0.435626,-0.201087,-0.509118
0.434331,-0.202066,-0.510855
0.433174,-0.202558,-0.510161
0.431079,-0.202026,-0.512742
0.429011,-0.201285,-0.510945
0.426939,-0.201787,-0.512775
0.424226,-0.203085,-0.513316
0.422394,-0.201294,-0.515255
0.422887,-0.201550,-0.515715
0.419786,-0.198519,-0.516910
0.417843,-0.200285,-0.515667
0.415726,-0.197121,-0.518332
0.412286,-0.198412,-0.516967
0.411235,-0.198915,-0.518586
0.408439,-0.199355,-0.520921
0.406862,-0.199661,-0.522940
0.404439,-0.200144,-0.522283
0.401144,-0.199471,-0.527784
0.398900,-0.201662,-0.528607
0.394984,-0.202454,-0.528789
0.384978,-0.208495,-0.540060
0.583449,-0.359271,-0.510125
0.587053,-0.353876,-0.509183
0.589815,-0.351143,-0.504662
0.588914,-0.347650,-0.500086
0.591502,-0.343187,-0.499675
0.590114,-0.341683,-0.498237
0.590512,-0.338796,-0.496796
0.590675,-0.335556,-0.497115
0.591244,-0.332647,-0.495822
0.589959,-0.333422,-0.491834
0.590178,-0.330545,-0.491502
0.590579,-0.328010,-0.489525
0.590347,-0.325848,-0.489498
0.590425,-0.322190,-0.486767
0.590171,-0.318830,-0.487424
0.591936,-0.317696,-0.484902
0.587740,-0.316492,-0.484479
0.591660,-0.313551,-0.482376
0.591679,-0.309593,-0.482765
0.591824,-0.307622,-0.480390
0.591188,-0.307236,-0.478806
0.589615,-0.302105,-0.478146
0.592440,-0.301101,-0.475605
0.594146,-0.296874,-0.472077
0.594385,-0.295754,-0.470709
0.593280,-0.292100,-0.469438
0.593291,-0.290964,-0.469591
0.593803,-0.288330,-0.469523
0.591700,-0.287147,-0.467974
0.589888,-0.284247,-0.469249
0.589982,-0.283377,-0.466951
0.589761,-0.283010,-0.465342
0.588841,-0.281181,-0.465305
0.587426,-0.278302,-0.466750
0.586979,-0.279829,-0.466609
0.586186,-0.278538,-0.465922
0.586170,-0.276468,-0.465628
0.583683,-0.275242,-0.463780
0.584879,-0.274476,-0.464106
0.582378,-0.271447,-0.465411
0.582627,-0.271409,-0.461950
0.582110,-0.267578,-0.464667
0.581945,-0.267116,-0.464206
0.579111,-0.265692,-0.463448
0.579593,-0.264225,-0.461554
0.578778,-0.264452,-0.464579
0.577508,-0.264282,-0.462785
0.576350,-0.261627,-0.463595
0.574232,-0.261271,-0.461451
0.574187,-0.259048,-0.462254
0.573962,-0.258612,-0.462990
0.570918,-0.255985,-0.462107
0.570533,-0.256200,-0.461980
0.570761,-0.255005,-0.462710
0.569468,-0.253172,-0.461929
0.568162,-0.251619,-0.462323
0.567504,-0.250834,-0.460548
0.566959,-0.248872,-0.460910
0.564396,-0.248602,-0.460855
0.566414,-0.247363,-0.461224
0.562675,-0.245485,-0.461119
0.562240,-0.246772,-0.461389
0.559606,-0.244802,-0.461865
0.558532,-0.244034,-0.463930
0.558512,-0.245177,-0.461320
0.556712,-0.240291,-0.463883
0.553216,-0.242240,-0.462742
0.553111,-0.242061,-0.463086
0.551731,-0.240117,-0.462809
0.549798,-0.239812,-0.465938
0.551206,-0.238663,-0.464811
0.549536,-0.238271,-0.465253
0.545815,-0.236961,-0.466085
0.545222,-0.235736,-0.464891
0.543630,-0.238327,-0.464373
0.540693,-0.234918,-0.466104
0.538804,-0.234240,-0.467924
0.540118,-0.234522,-0.468138
0.537702,-0.232458,-0.467103
0.535663,-0.231507,-0.468015
0.535797,-0.231982,-0.470380
0.533858,-0.232229,-0.468586
0.531979,-0.228364,-0.470359
0.529430,-0.229374,-0.470591
0.529004,-0.227340,-0.470053
0.528093,-0.227708,-0.471020
0.526233,-0.226273,-0.471668
0.524455,-0.226799,-0.472351
0.522239,-0.225591,-0.472486
0.522056,-0.226442,-0.472445
0.517691,-0.223982,-0.474862
0.517225,-0.224877,-0.475433
0.517163,-0.225005,-0.474736
0.513375,-0.224643,-0.474720
0.511518,-0.224498,-0.476212
0.510979,-0.224334,-0.477852
0.509443,-0.222780,-0.478275
0.504944,-0.223302,-0.479864
0.502969,-0.223787,-0.480765
0.499334,-0.223537,-0.482304
0.499578,-0.223132,-0.483484
0.496470,-0.222287,-0.486215
0.492715,-0.223443,-0.487930
0.492002,-0.225225,-0.488925
0.486631,-0.226171,-0.490748
0.485579,-0.224052,-0.490716
0.483848,-0.224108,-0.491545
0.483421,-0.223132,-0.491879
0.481278,-0.224140,-0.493136
0.480416,-0.223569,-0.494882
0.476582,-0.223376,-0.496102
0.476217,-0.222178,-0.494810
0.473627,-0.220628,-0.495693
0.472066,-0.222017,-0.496601
0.469113,-0.223002,-0.497441
0.468083,-0.221087,-0.497733
0.465891,-0.220170,-0.499039
0.463565,-0.219835,-0.501433
0.461444,-0.219776,-0.503089
0.462057,-0.218626,-0.502019
0.457255,-0.217342,-0.502693
0.456679,-0.216397,-0.502888
0.456278,-0.215987,-0.503281
0.454901,-0.217500,-0.504574
0.451613,-0.217441,-0.505544
0.449754,-0.215916,-0.507619
0.448517,-0.215002,-0.504308
0.446808,-0.213869,-0.506246
0.446862,-0.212670,-0.505824
0.446664,-0.212976,-0.505910
0.445212,-0.209824,-0.506629
0.444832,-0.210592,-0.507889
0.440931,-0.208706,-0.504843
0.441377,-0.208139,-0.505357
0.440918,-0.207146,-0.508723
0.437487,-0.206686,-0.507318
0.438140,-0.204775,-0.507789
0.434622,-0.206600,-0.509596
0.433338,-0.203943,-0.509285
0.430526,-0.202844,-0.509689
0.427693,-0.203300,-0.510292
0.426519,-0.205382,-0.512397
0.425125,-0.202974,-0.511860
0.423266,-0.203739,-0.513324
0.422708,-0.202085,-0.514709
0.419307,-0.200520,-0.515372
0.418079,-0.200839,-0.514446
0.415521,-0.202661,-0.514821
0.413508,-0.201769,-0.518484
0.411003,-0.199171,-0.518766
0.408691,-0.200549,-0.521174
0.406055,-0.200137,-0.524329
0.401980,-0.200532,-0.523500
0.398943,-0.204406,-0.526704
0.397528,-0.203362,-0.527807
0.395812,-0.202880,-0.527171
0.385109,-0.207396,-0.534195
0.577800,-0.365895,-0.515053
0.584305,-0.356682,-0.507785
0.587600,-0.354521,-0.504676
0.587222,-0.348008,-0.501232
0.588873,-0.346695,-0.498991
0.589339,-0.343002,-0.498113
0.589252,-0.339617,-0.497611
0.589271,-0.338215,-0.495301
0.589728,-0.336932,-0.493452
0.588794,-0.333389,-0.492907
0.587952,-0.332047,-0.488948
0.589355,-0.327186,-0.490539
0.586903,-0.324728,-0.487542
0.588570,-0.323379,-0.487784
0.586877,-0.322415,-0.486050
0.589925,-0.320426,-0.483877
0.588525,-0.317794,-0.483964
0.590304,-0.314868,-0.482184
0.588974,-0.312728,-0.481453
0.588772,-0.311021,-0.480208
0.588320,-0.309754,-0.479720
0.587921,-0.306536,-0.476508
0.591734,-0.300722,-0.474667
0.592293,-0.299455,-0.470704
0.593711,-0.293888,-0.470212
0.591873,-0.294717,-0.470949
0.593508,-0.290495,-0.466994
0.591277,-0.288959,-0.467754
0.590570,-0.285687,-0.467497
0.590392,-0.287585,-0.464332
0.590389,-0.282923,-0.465898
0.588646,-0.282969,-0.466346
0.589378,-0.280724,-0.465013
0.587770,-0.281057,-0.463386
0.587271,-0.278860,-0.462011
0.586536,-0.277838,-0.463022
0.586067,-0.274545,-0.464931
0.585018,-0.273460,-0.462902
0.584110,-0.273059,-0.462991
0.582632,-0.271634,-0.462351
0.580467,-0.268862,-0.464069
0.581717,-0.267711,-0.463416
0.580384,-0.270556,-0.462938
0.579235,-0.267113,-0.460119
0.579038,-0.266736,-0.461776
0.578226,-0.262771,-0.462119
0.576729,-0.264001,-0.462780
0.575729,-0.262605,-0.461215
0.573301,-0.260660,-0.460543
0.571569,-0.259638,-0.460602
0.573135,-0.259234,-0.462778
0.570804,-0.255888,-0.461217
0.568637,-0.255825,-0.459853
0.569337,-0.255163,-0.459509
0.568365,-0.254771,-0.461155
0.569294,-0.254538,-0.459134
0.567093,-0.251087,-0.461012
0.565967,-0.248001,-0.459339
0.563344,-0.250385,-0.460912
0.562011,-0.248311,-0.459371
0.562673,-0.247649,-0.458824
0.563059,-0.245314,-0.461104
0.561787,-0.246318,-0.460289
0.558747,-0.244127,-0.458888
0.558894,-0.243063,-0.460681
0.556383,-0.241548,-0.463022
0.554984,-0.243094,-0.462704
0.554315,-0.239938,-0.461918
0.551316,-0.238961,-0.462417
0.551902,-0.238518,-0.462915
0.550542,-0.242012,-0.463007
0.547429,-0.238424,-0.464239
0.546591,-0.237667,-0.463746
0.545885,-0.236669,-0.463667
0.541978,-0.235494,-0.465845
0.541915,-0.234922,-0.464046
0.540004,-0.234655,-0.464549
0.540094,-0.233560,-0.466206
0.535934,-0.233841,-0.465842
0.534470,-0.231903,-0.467264
0.532525,-0.232225,-0.466345
0.531608,-0.231626,-0.466236
0.531210,-0.230595,-0.469029
0.528653,-0.229204,-0.470030
0.527459,-0.230349,-0.467861
0.525754,-0.228120,-0.468487
0.524964,-0.230384,-0.471919
0.523650,-0.228949,-0.471479
0.521080,-0.226774,-0.472384
0.519775,-0.226797,-0.471544
0.517890,-0.226166,-0.473621
0.516224,-0.225679,-0.472731
0.514625,-0.224411,-0.474366
0.514578,-0.223182,-0.476148
0.512619,-0.225205,-0.474390
0.508988,-0.224522,-0.476565
0.508077,-0.223067,-0.476641
0.505916,-0.223694,-0.477625
0.503059,-0.222569,-0.480505
0.500613,-0.223169,-0.481057
0.498426,-0.225258,-0.483151
0.494421,-0.224893,-0.483672
0.495656,-0.225657,-0.486105
0.490997,-0.225528,-0.488980
0.484490,-0.226437,-0.490740
0.484504,-0.229133,-0.492225
0.481739,-0.226750,-0.491454
0.481421,-0.224945,-0.493282
0.479082,-0.224307,-0.492713
0.478957,-0.222570,-0.492664
0.476874,-0.224974,-0.494875
0.473459,-0.222125,-0.493765
0.473219,-0.220680,-0.493499
0.470532,-0.222978,-0.495646
0.470316,-0.221718,-0.498677
0.465727,-0.220165,-0.497262
0.465730,-0.224081,-0.498662
0.462421,-0.220357,-0.498046
0.461441,-0.222211,-0.499248
0.459276,-0.219714,-0.500664
0.459568,-0.220035,-0.503231
0.455215,-0.222007,-0.500992
0.451488,-0.218918,-0.502699
0.453756,-0.218465,-0.504741
0.452311,-0.217204,-0.504328
0.448337,-0.217016,-0.506480
0.445819,-0.216885,-0.507634
0.445074,-0.215548,-0.505366
0.445525,-0.213696,-0.504126
0.446788,-0.214383,-0.506574
0.442267,-0.212681,-0.505798
0.441734,-0.210595,-0.505823
0.439428,-0.210631,-0.507787
0.437690,-0.209647,-0.506277
0.437361,-0.209580,-0.506107
0.437807,-0.208838,-0.505225
0.437048,-0.206925,-0.504663
0.434710,-0.206098,-0.508027
0.431243,-0.205079,-0.507856
0.428428,-0.205074,-0.509954
0.425299,-0.206587,-0.510444
0.424711,-0.203474,-0.510230
0.423040,-0.202306,-0.510304
0.421565,-0.204940,-0.512934
0.419929,-0.204033,-0.514481
0.416857,-0.204532,-0.512131
0.416248,-0.201486,-0.513222
0.412992,-0.202169,-0.515933
0.412130,-0.202257,-0.516717
0.410241,-0.201854,-0.520124
0.407886,-0.200828,-0.519615
0.404923,-0.204019,-0.522459
0.400280,-0.202831,-0.523492
0.396841,-0.205845,-0.525734
0.394720,-0.203544,-0.528952
0.389485,-0.209378,-0.531293
0.580156,-0.363399,-0.510944
0.583558,-0.353900,-0.503814
0.583830,-0.352133,-0.501352
0.584925,-0.349097,-0.497959
0.584603,-0.345272,-0.498301
0.587892,-0.343502,-0.495703
0.587663,-0.340397,-0.493799
0.585469,-0.336782,-0.494135
0.586808,-0.335990,-0.492751
0.588416,-0.331784,-0.490731
0.587202,-0.332013,-0.489257
0.587979,-0.328544,-0.487745
0.587792,-0.326547,-0.488275
0.586721,-0.322634,-0.486522
0.588172,-0.321905,-0.484051
0.588305,-0.320509,-0.484994
0.585167,-0.317752,-0.481322
0.587825,-0.314435,-0.480131
0.586090,-0.313451,-0.479848
0.587428,-0.310574,-0.476179
0.586097,-0.306361,-0.476292
0.589063,-0.302333,-0.475177
0.591909,-0.300469,-0.468606
0.591770,-0.296502,-0.470424
0.592203,-0.295602,-0.469734
0.590360,-0.292613,-0.466269
0.591432,-0.290322,-0.464678
0.591728,-0.289677,-0.464507
0.590294,-0.286848,-0.465831
0.589198,-0.286467,-0.464704
0.588486,-0.282622,-0.463535
0.586382,-0.284737,-0.463571
0.588525,-0.280861,-0.462685
0.586685,-0.279410,-0.462396
0.586447,-0.276772,-0.462153
0.585367,-0.275822,-0.461553
0.585711,-0.275551,-0.461789
0.582139,-0.273682,-0.460521
0.580634,-0.271876,-0.462229
0.581418,-0.271623,-0.462301
0.579544,-0.270528,-0.459793
0.579565,-0.267883,-0.460837
0.577586,-0.269458,-0.459910
0.575372,-0.266163,-0.460420
0.575468,-0.264711,-0.460192
0.575354,-0.262081,-0.459534
0.573287,-0.264605,-0.459872
0.573447,-0.261313,-0.459837
0.572822,-0.258176,-0.460111
0.571898,-0.259892,-0.459931
0.570646,-0.261329,-0.460314
0.569692,-0.255681,-0.459126
0.568319,-0.255760,-0.458719
0.567284,-0.256367,-0.459933
0.567515,-0.254477,-0.460000
0.567147,-0.250682,-0.457487
0.565484,-0.249554,-0.459246
0.564350,-0.249308,-0.458741
0.562638,-0.248782,-0.458043
0.563788,-0.248062,-0.459131
0.561299,-0.245853,-0.459147
0.558483,-0.246373,-0.458956
0.559283,-0.245321,-0.459732
0.557235,-0.241898,-0.460416
0.554097,-0.244732,-0.458631
0.551790,-0.242266,-0.458757
0.551037,-0.242160,-0.459946
0.548971,-0.239770,-0.460283
0.551106,-0.240435,-0.461677
0.547682,-0.240435,-0.462177
0.546945,-0.239973,-0.465417
0.544103,-0.238753,-0.461349
0.545175,-0.235752,-0.463461
0.542710,-0.235989,-0.463888
0.539783,-0.237271,-0.463255
0.538231,-0.237500,-0.465097
0.538027,-0.235232,-0.465230
0.535186,-0.234446,-0.466786
0.537284,-0.233426,-0.465674
0.533448,-0.232248,-0.465535
0.530938,-0.230770,-0.467051
0.532372,-0.232588,-0.466683
0.528702,-0.230477,-0.467849
0.526307,-0.231090,-0.465970
0.526035,-0.231683,-0.469218
0.525057,-0.229970,-0.469237
0.521650,-0.228319,-0.470186
0.520731,-0.228871,-0.469711
0.517707,-0.225820,-0.469506
0.516767,-0.227882,-0.473078
0.514441,-0.227210,-0.472439
0.513831,-0.225259,-0.473989
0.513249,-0.225350,-0.475240
0.510856,-0.226807,-0.474406
0.508677,-0.224690,-0.474620
0.506123,-0.223698,-0.475407
0.502195,-0.224136,-0.478264
0.501119,-0.224630,-0.478769
0.499680,-0.223990,-0.480825
0.495844,-0.226890,-0.482292
0.493537,-0.227461,-0.482513
0.492791,-0.224409,-0.484222
0.488739,-0.227311,-0.487174
0.484540,-0.229352,-0.487789
0.485214,-0.226062,-0.490271
0.482421,-0.226215,-0.490955
0.478434,-0.226002,-0.492453
0.479092,-0.225418,-0.491472
0.477926,-0.226988,-0.492752
0.474687,-0.224016,-0.491228
0.473259,-0.223515,-0.493578
0.471233,-0.223595,-0.494223
0.468193,-0.223611,-0.496301
0.469198,-0.221984,-0.496101
0.465261,-0.223224,-0.496824
0.463170,-0.223417,-0.498472
0.463171,-0.222769,-0.500016
0.459612,-0.221115,-0.500667
0.459121,-0.221441,-0.501685
0.457982,-0.219768,-0.500533
0.454648,-0.220202,-0.500438
0.453241,-0.218611,-0.501428
0.452971,-0.219377,-0.503228
0.450007,-0.217891,-0.503873
0.447197,-0.219049,-0.503633
0.447413,-0.216407,-0.504497
0.445758,-0.217394,-0.505434
0.443787,-0.216627,-0.503855
0.443622,-0.213370,-0.504849
0.442030,-0.214987,-0.505144
0.438996,-0.214328,-0.507264
0.438079,-0.213430,-0.506650
0.437447,-0.210718,-0.504791
0.434391,-0.211843,-0.506189
0.435801,-0.209651,-0.506887
0.433558,-0.209308,-0.507553
0.431452,-0.208855,-0.506797
0.428996,-0.208250,-0.509732
0.428660,-0.208466,-0.509467
0.423377,-0.207670,-0.508710
0.424207,-0.206920,-0.510554
0.422653,-0.206918,-0.511553
0.420149,-0.205682,-0.513628
0.419322,-0.204671,-0.513254
0.415760,-0.203656,-0.512072
0.413902,-0.204211,-0.514082
0.412753,-0.202332,-0.515669
0.410536,-0.205304,-0.516392
0.407976,-0.205357,-0.519382
0.405053,-0.203878,-0.522420
0.400576,-0.203998,-0.522468
0.398981,-0.206525,-0.526052
0.394934,-0.208299,-0.525134
0.392988,-0.208300,-0.527970
0.580688,-0.359315,-0.505395
0.582390,-0.354409,-0.501624
0.583157,-0.350471,-0.500592
0.584387,-0.347780,-0.497008
0.584255,-0.345834,-0.496227
0.584989,-0.340651,-0.494775
0.585418,-0.339317,-0.492606
0.587591,-0.337065,-0.492022
0.585399,-0.334618,-0.489082
0.584589,-0.331234,-0.488828
0.584235,-0.328405,-0.486381
0.586030,-0.328777,-0.485773
0.586983,-0.324651,-0.487025
0.585231,-0.323842,-0.484118
0.586270,-0.320575,-0.482758
0.587645,-0.320274,-0.479831
0.586767,-0.316693,-0.480575
0.584191,-0.314173,-0.480565
0.586108,-0.310196,-0.478454
0.587064,-0.307902,-0.476175
0.583886,-0.305334,-0.474090
0.588770,-0.302587,-0.470350
0.590609,-0.297370,-0.467132
0.592488,-0.296407,-0.468234
0.591273,-0.293683,-0.464684
0.591444,-0.292746,-0.464921
0.590501,-0.288287,-0.464510
0.590469,-0.287979,-0.463536
0.590935,-0.286485,-0.462775
0.587894,-0.284114,-0.464216
0.585788,-0.282870,-0.465301
0.584662,-0.281834,-0.461739
0.585252,-0.279428,-0.459316
0.585176,-0.279135,-0.462570
0.585846,-0.278402,-0.461419
0.584623,-0.276216,-0.459210
0.582388,-0.275193,-0.458730
0.582175,-0.273188,-0.459295
0.581169,-0.274261,-0.460171
0.580064,-0.270174,-0.459266
0.579757,-0.269440,-0.460026
0.577506,-0.268018,-0.459066
0.575877,-0.266835,-0.457639
0.575142,-0.267258,-0.460407
0.574746,-0.265683,-0.457113
0.571997,-0.263418,-0.458504
0.573811,-0.262459,-0.457320
0.571609,-0.261478,-0.458967
0.569400,-0.260143,-0.458709
0.569860,-0.257621,-0.457261
0.567362,-0.257462,-0.459497
0.568314,-0.256710,-0.458521
0.565648,-0.255424,-0.457660
0.565201,-0.253469,-0.458212
0.564923,-0.252150,-0.456696
0.565227,-0.252163,-0.456010
0.564106,-0.251795,-0.458422
0.561375,-0.249882,-0.456043
0.561007,-0.248136,-0.456408
0.559548,-0.248701,-0.458543
0.558333,-0.245333,-0.457750
0.556725,-0.245098,-0.458102
0.556803,-0.244416,-0.459370
0.554618,-0.243899,-0.460301
0.553311,-0.242718,-0.459635
0.551552,-0.243866,-0.459280
0.551859,-0.242890,-0.459473
0.548981,-0.240220,-0.459174
0.547583,-0.240658,-0.460022
0.545484,-0.239044,-0.461138
0.544900,-0.238764,-0.460453
0.543621,-0.238452,-0.462110
0.541489,-0.237092,-0.462769
0.537762,-0.237915,-0.463005
0.536510,-0.236776,-0.462622
0.537109,-0.236278,-0.462855
0.536534,-0.236429,-0.463326
0.535257,-0.233868,-0.463668
0.534600,-0.233828,-0.465190
0.532586,-0.232823,-0.465706
0.531633,-0.231539,-0.464433
0.528197,-0.232523,-0.467501
0.526598,-0.231522,-0.467001
0.525391,-0.229895,-0.468086
0.524538,-0.230510,-0.467891
0.521086,-0.229002,-0.468443
0.521139,-0.228663,-0.469159
0.518314,-0.228489,-0.466526
0.516923,-0.229851,-0.471616
0.513399,-0.228595,-0.471749
0.512457,-0.226632,-0.472316
0.511399,-0.227069,-0.472914
0.507768,-0.228084,-0.474238
0.508877,-0.226702,-0.475718
0.504837,-0.226029,-0.475111
0.504364,-0.225660,-0.476194
0.499473,-0.226524,-0.477667
0.498996,-0.225507,-0.478916
0.494647,-0.228580,-0.480852
0.492724,-0.226589,-0.483725
0.489581,-0.228157,-0.484762
0.487814,-0.226883,-0.484183
0.483637,-0.230680,-0.488195
0.481589,-0.228998,-0.489555
0.480240,-0.229556,-0.490386
0.479464,-0.228818,-0.490052
0.477515,-0.225464,-0.490404
0.475081,-0.226102,-0.491260
0.473799,-0.225393,-0.490905
0.473022,-0.225055,-0.492754
0.469209,-0.223558,-0.492685
0.467465,-0.226080,-0.495211
0.465660,-0.223622,-0.495793
0.465207,-0.223979,-0.495724
0.462867,-0.224427,-0.497560
0.460751,-0.224627,-0.497814
0.458378,-0.221979,-0.498522
0.458009,-0.221550,-0.499882
0.455711,-0.224235,-0.497970
0.453415,-0.222181,-0.500560
0.450746,-0.220808,-0.499059
0.448758,-0.220630,-0.500873
0.448144,-0.219959,-0.503500
0.446234,-0.220030,-0.503210
0.444648,-0.221217,-0.503561
0.443470,-0.218870,-0.503583
0.441211,-0.218864,-0.505104
0.439430,-0.218259,-0.507391
0.439178,-0.215640,-0.503693
0.437974,-0.215422,-0.505430
0.436918,-0.212856,-0.505383
0.432591,-0.213887,-0.504656
0.434788,-0.213147,-0.506279
0.430510,-0.210989,-0.507727
0.431437,-0.211180,-0.506262
0.428163,-0.210957,-0.508624
0.428064,-0.210269,-0.510247
0.427351,-0.209382,-0.509899
0.423230,-0.208092,-0.510630
0.421585,-0.208792,-0.512235
0.419895,-0.208527,-0.512167
0.417312,-0.207147,-0.511792
0.415623,-0.205612,-0.513279
0.414846,-0.207631,-0.514537
0.413202,-0.205660,-0.514118
0.409640,-0.205691,-0.515583
0.405832,-0.205068,-0.517647
0.404082,-0.208767,-0.519483
0.401845,-0.208848,-0.521200
0.398227,-0.208209,-0.522069
0.395080,-0.208737,-0.525545
0.391779,-0.211958,-0.528408
0.572263,-0.364202,-0.509965
0.578065,-0.354217,-0.502626
0.581746,-0.353089,-0.500600
0.580615,-0.348526,-0.498784
0.581851,-0.347100,-0.496302
0.582700,-0.343337,-0.493507
0.580742,-0.342326,-0.491306
0.583129,-0.337298,-0.491691
0.582751,-0.336573,-0.488491
0.584357,-0.333411,-0.488096
0.582246,-0.331557,-0.485365
0.583935,-0.327588,-0.484838
0.585276,-0.326663,-0.486388
0.584995,-0.322745,-0.483519
0.583181,-0.323222,-0.482572
0.583768,-0.320292,-0.480629
0.584778,-0.315752,-0.479533
0.585281,-0.314338,-0.477542
0.583761,-0.312187,-0.476234
0.584306,-0.310494,-0.474348
0.585219,-0.304308,-0.474494
0.587056,-0.302716,-0.469004
0.588727,-0.299905,-0.466604
0.589266,-0.295945,-0.466502
0.588202,-0.294184,-0.466707
0.588231,-0.293506,-0.463383
0.589480,-0.289997,-0.462220
0.588003,-0.288044,-0.461535
0.585525,-0.286964,-0.460573
0.587308,-0.284962,-0.461098
0.585664,-0.283714,-0.461566
0.585985,-0.282483,-0.460010
0.584540,-0.280344,-0.459175
0.585269,-0.280235,-0.457068
0.583040,-0.278594,-0.458736
0.583023,-0.277089,-0.460703
0.581032,-0.277057,-0.458910
0.581637,-0.274211,-0.456477
0.580549,-0.274247,-0.460151
0.578530,-0.272355,-0.458222
0.577601,-0.271743,-0.456982
0.575861,-0.270466,-0.457280
0.575291,-0.268657,-0.458979
0.575050,-0.266458,-0.457212
0.574519,-0.267162,-0.457620
0.572944,-0.263380,-0.455307
0.571902,-0.263868,-0.456896
0.570917,-0.261153,-0.457867
0.567956,-0.262423,-0.456444
0.569388,-0.257909,-0.455794
0.566647,-0.258411,-0.458016
0.565025,-0.256571,-0.455631
0.566508,-0.256938,-0.455486
0.564280,-0.255654,-0.457175
0.563733,-0.251991,-0.455402
0.563963,-0.253282,-0.453963
0.563970,-0.250861,-0.456111
0.559894,-0.249827,-0.454770
0.560322,-0.249462,-0.456450
0.560514,-0.247217,-0.456031
0.556201,-0.247724,-0.455840
0.556488,-0.246951,-0.456940
0.554278,-0.244452,-0.457265
0.554096,-0.247990,-0.458788
0.552191,-0.242948,-0.457834
0.551573,-0.245490,-0.458830
0.549452,-0.240541,-0.460446
0.548924,-0.241019,-0.458343
0.547601,-0.239703,-0.456946
0.545366,-0.240153,-0.458118
0.544541,-0.239844,-0.459648
0.540721,-0.237100,-0.460396
0.540476,-0.239256,-0.460066
0.539010,-0.237605,-0.459266
0.537913,-0.236773,-0.461110
0.538277,-0.236572,-0.462346
0.533831,-0.235740,-0.461502
0.533878,-0.234223,-0.462344
0.531840,-0.236203,-0.462864
0.529019,-0.235744,-0.463646
0.529670,-0.232436,-0.464429
0.527575,-0.231871,-0.464675
0.524245,-0.231697,-0.466123
0.523117,-0.230426,-0.466980
0.523395,-0.232039,-0.465626
0.519275,-0.229800,-0.466982
0.518996,-0.228894,-0.466391
0.517953,-0.227143,-0.468562
0.515030,-0.227178,-0.468790
0.512756,-0.228239,-0.467973
0.510779,-0.228497,-0.471037
0.510106,-0.229107,-0.471621
0.509002,-0.227661,-0.471665
0.507582,-0.227744,-0.472357
0.504556,-0.227191,-0.471647
0.501574,-0.226449,-0.476124
0.499296,-0.228754,-0.477927
0.496796,-0.226752,-0.478112
0.493617,-0.228334,-0.480798
0.489765,-0.228020,-0.480786
0.488404,-0.228930,-0.483364
0.485620,-0.229388,-0.484254
0.481813,-0.228731,-0.488431
0.482432,-0.229595,-0.487399
0.480339,-0.230574,-0.489673
0.478304,-0.228126,-0.488119
0.475521,-0.227309,-0.489808
0.473569,-0.226173,-0.490791
0.471425,-0.226842,-0.491865
0.471131,-0.226897,-0.492257
0.470099,-0.225566,-0.491255
0.467451,-0.226106,-0.493549
0.465382,-0.225541,-0.494375
0.464730,-0.224674,-0.493094
0.462037,-0.225846,-0.495273
0.462105,-0.224669,-0.496402
0.456972,-0.223334,-0.498321
0.455797,-0.224131,-0.496268
0.455083,-0.223443,-0.499485
0.451819,-0.221378,-0.499603
0.450830,-0.221240,-0.499999
0.448183,-0.219822,-0.500915
0.445956,-0.223117,-0.500903
0.444394,-0.220024,-0.503486
0.443775,-0.221051,-0.504869
0.441177,-0.219606,-0.503502
0.440696,-0.218451,-0.503797
0.438877,-0.218489,-0.504924
0.437173,-0.218384,-0.505226
0.435509,-0.216270,-0.506207
0.434791,-0.216505,-0.506723
0.433545,-0.214630,-0.507384
0.430815,-0.216182,-0.505462
0.430361,-0.213186,-0.504949
0.428157,-0.211410,-0.507387
0.427432,-0.213840,-0.508524
0.425842,-0.211408,-0.509123
0.422418,-0.211258,-0.508268
0.423180,-0.210761,-0.509409
0.420736,-0.209705,-0.510630
0.417615,-0.209985,-0.511604
0.416764,-0.210260,-0.511370
0.415063,-0.210449,-0.514431
0.411115,-0.209534,-0.513789
0.409663,-0.211749,-0.515878
0.405285,-0.207195,-0.514410
0.405127,-0.211901,-0.519126
0.400912,-0.211278,-0.519038
0.396954,-0.209774,-0.523479
0.392729,-0.213630,-0.527195
0.574166,-0.360980,-0.504727
0.578758,-0.356032,-0.501773
0.582682,-0.353485,-0.498157
0.581451,-0.349612,-0.497627
0.581781,-0.346424,-0.494870
0.582193,-0.343288,-0.491038
0.581247,-0.338915,-0.491563
0.582921,-0.338760,-0.489999
0.582387,-0.335669,-0.486339
0.582980,-0.331837,-0.485983
0.583092,-0.329932,-0.486105
0.582891,-0.327036,-0.484695
0.585631,-0.325346,-0.482943
0.582699,-0.323549,-0.482720
0.582642,-0.318507,-0.480169
0.584546,-0.318596,-0.478738
0.582767,-0.315465,-0.479128
0.583132,-0.314647,-0.474844
0.583323,-0.311429,-0.475939
0.583953,-0.309854,-0.474013
0.584602,-0.306930,-0.471946
0.590478,-0.301701,-0.467086
0.586961,-0.299155,-0.465115
0.588465,-0.296787,-0.464980
0.586825,-0.293372,-0.464693
0.589770,-0.290859,-0.462214
0.588076,-0.289759,-0.460874
0.587697,-0.288783,-0.459598
0.586501,-0.287283,-0.458940
0.584314,-0.286662,-0.458203
0.585974,-0.283023,-0.459252
0.584100,-0.281872,-0.459463
0.584812,-0.281575,-0.457932
0.581884,-0.276998,-0.458707
0.580678,-0.279089,-0.457549
0.581172,-0.275000,-0.459061
0.582938,-0.276476,-0.458364
0.578215,-0.273110,-0.457946
0.579582,-0.272471,-0.454520
0.577499,-0.272108,-0.456403
0.575472,-0.270120,-0.456159
0.571985,-0.270297,-0.456739
0.573361,-0.266785,-0.455722
0.572410,-0.266942,-0.454516
0.572057,-0.265324,-0.455311
0.571884,-0.264448,-0.457592
0.570951,-0.262840,-0.456685
0.568613,-0.262245,-0.453867
0.569518,-0.259960,-0.455353
0.566535,-0.258649,-0.455974
0.566243,-0.257135,-0.455565
0.566930,-0.256622,-0.455217
0.564999,-0.255542,-0.456408
0.562805,-0.255605,-0.455682
0.563023,-0.253443,-0.454381
0.561776,-0.253462,-0.456190
0.560449,-0.251142,-0.453450
0.558703,-0.250930,-0.455168
0.557382,-0.247349,-0.453866
0.555793,-0.247540,-0.454353
0.557029,-0.247450,-0.456579
0.554062,-0.248802,-0.455419
0.552302,-0.245994,-0.455786
0.551327,-0.244509,-0.456264
0.548939,-0.243933,-0.455555
0.550000,-0.243913,-0.457608
0.548151,-0.241975,-0.457581
0.546181,-0.243246,-0.459087
0.544060,-0.242292,-0.458907
0.541496,-0.240337,-0.459663
0.541315,-0.240854,-0.458051
0.539618,-0.239745,-0.457839
0.539326,-0.238951,-0.459087
0.536250,-0.237949,-0.460704
0.536497,-0.238841,-0.460747
0.533676,-0.236860,-0.460740
0.533667,-0.236750,-0.460783
0.531855,-0.235595,-0.463086
0.529748,-0.234684,-0.462045
0.527645,-0.232723,-0.463244
0.526108,-0.233141,-0.461707
0.524886,-0.232207,-0.463821
0.521859,-0.232275,-0.464377
0.521673,-0.231400,-0.466332
0.520109,-0.230595,-0.466175
0.518994,-0.230860,-0.465268
0.516380,-0.228768,-0.466539
0.513328,-0.229932,-0.468746
0.511796,-0.229952,-0.469391
0.509629,-0.230138,-0.468841
0.510511,-0.229031,-0.471165
0.506242,-0.229032,-0.471615
0.505071,-0.227141,-0.470540
0.502838,-0.229495,-0.472401
0.501192,-0.226821,-0.474958
0.499774,-0.229314,-0.473394
0.494704,-0.229908,-0.477160
0.490285,-0.231461,-0.481244
0.489844,-0.231134,-0.481589
0.486049,-0.228286,-0.483380
0.483721,-0.230541,-0.482616
0.485277,-0.231096,-0.488820
0.477624,-0.231003,-0.488530
0.478449,-0.230611,-0.486625
0.475681,-0.229641,-0.488131
0.475172,-0.228459,-0.491258
0.472384,-0.227567,-0.490134
0.471040,-0.228911,-0.490003
0.472058,-0.228485,-0.491735
0.469428,-0.229508,-0.491167
0.466220,-0.226262,-0.491357
0.463751,-0.226212,-0.491779
0.461634,-0.225540,-0.493725
0.458703,-0.223509,-0.495036
0.459299,-0.225797,-0.494395
0.457572,-0.224289,-0.495822
0.453913,-0.224899,-0.495000
0.452553,-0.224183,-0.496503
0.452491,-0.223476,-0.497703
0.451092,-0.225228,-0.498784
0.447961,-0.223461,-0.500339
0.445554,-0.222047,-0.502570
0.443482,-0.221223,-0.501102
0.441895,-0.221461,-0.503439
0.439788,-0.222170,-0.504303
0.438534,-0.221623,-0.504019
0.437681,-0.219297,-0.504140
0.436518,-0.218986,-0.504192
0.435155,-0.218007,-0.503833
0.432361,-0.218811,-0.504663
0.431191,-0.216641,-0.505120
0.430082,-0.215512,-0.507134
0.427855,-0.215456,-0.508113
0.426666,-0.217209,-0.507091
0.425704,-0.214381,-0.509549
0.422448,-0.214820,-0.507845
0.420851,-0.212357,-0.508633
0.420075,-0.213906,-0.509420
0.417530,-0.213923,-0.511018
0.415204,-0.211679,-0.510133
0.412192,-0.210941,-0.512668
0.411583,-0.212285,-0.513431
0.409283,-0.211140,-0.512585
0.407497,-0.210325,-0.517069
0.403744,-0.213091,-0.517691
0.397939,-0.215294,-0.520539
0.394658,-0.216464,-0.524294
0.571467,-0.366594,-0.509216
0.575511,-0.357161,-0.501798
0.576697,-0.355234,-0.497956
0.577716,-0.352225,-0.497916
0.580184,-0.347730,-0.495047
0.580082,-0.343643,-0.490796
0.579644,-0.343194,-0.490946
0.579659,-0.339788,-0.489656
0.580067,-0.337350,-0.488170
0.580102,-0.334213,-0.483676
0.580340,-0.331146,-0.483164
0.581181,-0.328814,-0.485292
0.581392,-0.327175,-0.483617
0.580098,-0.325044,-0.480002
0.582070,-0.324376,-0.478584
0.580726,-0.320739,-0.478834
0.580272,-0.318006,-0.474946
0.581518,-0.316197,-0.474927
0.582598,-0.312645,-0.473180
0.581610,-0.309512,-0.472225
0.581987,-0.307934,-0.471398
0.585812,-0.303688,-0.466186
0.585729,-0.299452,-0.464728
0.588668,-0.297491,-0.463521
0.588190,-0.294305,-0.462387
0.586358,-0.292111,-0.459908
0.587002,-0.290321,-0.459466
0.585272,-0.290128,-0.460088
0.585186,-0.288529,-0.458630
0.582871,-0.286934,-0.455184
0.582297,-0.284087,-0.456544
0.581543,-0.280979,-0.457249
0.582869,-0.281891,-0.456450
0.581696,-0.279688,-0.456606
0.581951,-0.276287,-0.457533
0.580999,-0.275979,-0.455799
0.580569,-0.276995,-0.454532
0.578878,-0.273113,-0.456627
0.578149,-0.274690,-0.456316
0.576619,-0.273376,-0.455493
0.576046,-0.270821,-0.454654
0.574427,-0.267582,-0.455387
0.571382,-0.268410,-0.454415
0.573729,-0.268345,-0.455984
0.571046,-0.266321,-0.454625
0.571334,-0.265424,-0.455219
0.568711,-0.263933,-0.455584
0.566873,-0.264041,-0.452521
0.567468,-0.261336,-0.455242
0.566195,-0.262083,-0.453933
0.564500,-0.258747,-0.452695
0.565589,-0.257660,-0.455979
0.563580,-0.255544,-0.453139
0.565727,-0.256767,-0.452170
0.559692,-0.254826,-0.452931
0.560472,-0.251897,-0.454496
0.559359,-0.251789,-0.452364
0.557974,-0.248366,-0.452569
0.556274,-0.250980,-0.451107
0.553880,-0.249238,-0.454112
0.554578,-0.249898,-0.455434
0.552202,-0.246811,-0.454559
0.553417,-0.248693,-0.453647
0.549327,-0.246401,-0.454715
0.549159,-0.244247,-0.453849
0.547749,-0.243952,-0.456191
0.547363,-0.244108,-0.455511
0.543703,-0.243426,-0.455825
0.544307,-0.242197,-0.456173
0.541778,-0.239294,-0.459036
0.540253,-0.240298,-0.458304
0.539358,-0.240608,-0.460148
0.537547,-0.238978,-0.458807
0.535606,-0.238051,-0.459667
0.533336,-0.237325,-0.459416
0.533116,-0.236536,-0.459327
0.532465,-0.235634,-0.459182
0.531564,-0.235683,-0.460714
0.527537,-0.234845,-0.460362
0.525754,-0.235631,-0.461619
0.525116,-0.233586,-0.461487
0.522792,-0.232186,-0.462050
0.521579,-0.234752,-0.463499
0.518193,-0.231463,-0.466300
0.519399,-0.231628,-0.464296
0.519217,-0.231424,-0.467095
0.516880,-0.232150,-0.462975
0.513870,-0.231048,-0.465167
0.511883,-0.231437,-0.469102
0.508750,-0.228496,-0.469703
0.508358,-0.230235,-0.468956
0.507334,-0.230582,-0.471800
0.502637,-0.228428,-0.469531
0.502612,-0.228753,-0.471887
0.499617,-0.229919,-0.473545
0.496695,-0.229508,-0.474955
0.492475,-0.231284,-0.477978
0.489628,-0.230341,-0.479841
0.488357,-0.232446,-0.480643
0.485185,-0.231300,-0.481325
0.482161,-0.232359,-0.484557
0.480956,-0.230436,-0.483564
0.480138,-0.231078,-0.485290
0.477607,-0.231374,-0.486058
0.475026,-0.230223,-0.487358
0.473681,-0.231644,-0.485118
0.471631,-0.229803,-0.489463
0.469076,-0.230561,-0.488172
0.468596,-0.227515,-0.487943
0.466406,-0.227840,-0.489713
0.463818,-0.227645,-0.491125
0.462468,-0.227861,-0.490863
0.463609,-0.227155,-0.493582
0.459169,-0.225389,-0.493596
0.457998,-0.225948,-0.494007
0.455068,-0.225431,-0.495020
0.454343,-0.226492,-0.495816
0.452683,-0.226019,-0.496943
0.451239,-0.225618,-0.496876
0.447366,-0.224723,-0.496826
0.446377,-0.226662,-0.498613
0.444508,-0.224651,-0.500637
0.442967,-0.224573,-0.501946
0.439546,-0.223463,-0.503038
0.440477,-0.222162,-0.502359
0.437727,-0.221584,-0.502355
0.434912,-0.221588,-0.503169
0.434088,-0.221076,-0.503108
0.432579,-0.219942,-0.504932
0.430644,-0.220964,-0.506731
0.428479,-0.218600,-0.508859
0.425904,-0.218976,-0.507734
0.424554,-0.218873,-0.509223
0.421356,-0.216873,-0.508744
0.420369,-0.218355,-0.509397
0.419482,-0.215881,-0.509082
0.417681,-0.217517,-0.510717
0.414292,-0.216478,-0.509887
0.413249,-0.215338,-0.511901
0.412779,-0.214490,-0.513007
0.410410,-0.214591,-0.512754
0.408567,-0.214666,-0.514405
0.404311,-0.217535,-0.517318
0.399810,-0.216633,-0.519631
0.393308,-0.222379,-0.526861
0.374831,-0.238647,-0.545280
0.572392,-0.361922,-0.503757
0.574917,-0.358883,-0.499612
0.574807,-0.353583,-0.497975
0.578360,-0.351082,-0.494991
0.576528,-0.347339,-0.492739
0.578601,-0.345015,-0.490514
0.579997,-0.340733,-0.490266
0.579470,-0.340964,-0.487042
0.578574,-0.336260,-0.485813
0.582279,-0.332271,-0.483419
0.578922,-0.332430,-0.483849
0.581101,-0.332400,-0.481898
0.580182,-0.327069,-0.480714
0.581714,-0.325399,-0.477923
0.580626,-0.320704,-0.477100
0.580942,-0.318235,-0.476724
0.581118,-0.316856,-0.476000
0.580343,-0.315832,-0.472866
0.581178,-0.312729,-0.470861
0.581966,-0.310375,-0.471024
0.584242,-0.304798,-0.464845
0.586467,-0.301676,-0.463874
0.584435,-0.298222,-0.460250
0.586208,-0.296879,-0.459679
0.586388,-0.292093,-0.461674
0.586824,-0.290148,-0.459295
0.584615,-0.289675,-0.458080
0.584299,-0.290627,-0.458263
0.585201,-0.287369,-0.458439
0.583820,-0.283616,-0.457118
0.583891,-0.282455,-0.456256
0.582256,-0.282629,-0.453781
0.581231,-0.279455,-0.455831
0.579820,-0.280539,-0.454857
0.578322,-0.279028,-0.454949
0.577615,-0.278155,-0.455452
0.577108,-0.275267,-0.454850
0.576556,-0.275255,-0.454566
0.574418,-0.273437,-0.453907
0.575004,-0.271152,-0.452547
0.572084,-0.272354,-0.454388
0.573054,-0.270637,-0.452341
0.572450,-0.270128,-0.454262
0.571375,-0.266987,-0.453032
0.569882,-0.265950,-0.451857
0.568685,-0.264398,-0.454370
0.567635,-0.263094,-0.454596
0.565965,-0.262470,-0.453037
0.565847,-0.261934,-0.453399
0.564424,-0.259871,-0.452649
0.563570,-0.258718,-0.452432
0.563209,-0.256947,-0.452782
0.561163,-0.255976,-0.452946
0.562607,-0.256677,-0.454170
0.560940,-0.254379,-0.452347
0.558741,-0.252492,-0.453040
0.555946,-0.253221,-0.452380
0.556572,-0.252183,-0.452789
0.554908,-0.250832,-0.452213
0.554186,-0.247953,-0.452625
0.552476,-0.248750,-0.454736
0.549856,-0.247363,-0.452963
0.547042,-0.247204,-0.451426
0.549260,-0.244355,-0.454231
0.547872,-0.245286,-0.453787
0.545376,-0.243201,-0.453856
0.544221,-0.244561,-0.456374
0.544011,-0.243488,-0.456076
0.539393,-0.242487,-0.454824
0.539917,-0.239759,-0.455668
0.538563,-0.241489,-0.457579
0.535497,-0.240803,-0.458402
0.534381,-0.239487,-0.457134
0.533423,-0.238036,-0.459232
0.531869,-0.238854,-0.457938
0.531719,-0.237750,-0.458554
0.530458,-0.236407,-0.459999
0.528696,-0.237126,-0.460459
0.526369,-0.237198,-0.459848
0.523667,-0.235242,-0.460597
0.523217,-0.234145,-0.462160
0.522512,-0.233502,-0.461108
0.518769,-0.232115,-0.462544
0.517159,-0.232464,-0.464350
0.516858,-0.234469,-0.463994
0.516070,-0.233349,-0.463264
0.513198,-0.231961,-0.464021
0.510013,-0.232439,-0.465825
0.509213,-0.231193,-0.465857
0.508172,-0.232297,-0.467003
0.505814,-0.228899,-0.471572
0.502621,-0.228595,-0.470480
0.500520,-0.231068,-0.471390
0.497238,-0.231747,-0.473140
0.493670,-0.232303,-0.475347
0.492763,-0.233368,-0.477951
0.491126,-0.232840,-0.477866
0.485507,-0.233975,-0.480302
0.483690,-0.235080,-0.483054
0.480780,-0.233403,-0.481931
0.481324,-0.233762,-0.483800
0.479653,-0.232012,-0.484100
0.476702,-0.231756,-0.483164
0.473896,-0.231945,-0.487086
0.472877,-0.231821,-0.487745
0.472706,-0.231721,-0.487145
0.470576,-0.230751,-0.488248
0.465919,-0.229123,-0.489726
0.464227,-0.229333,-0.488576
0.461518,-0.227654,-0.489757
0.462926,-0.227653,-0.491121
0.459868,-0.227638,-0.492474
0.457088,-0.228553,-0.493479
0.456511,-0.226215,-0.493545
0.453836,-0.226354,-0.493158
0.453798,-0.227717,-0.494382
0.451660,-0.226529,-0.496517
0.447697,-0.227702,-0.496762
0.448286,-0.226019,-0.496107
0.444429,-0.226626,-0.498841
0.442802,-0.224972,-0.501515
0.440469,-0.227447,-0.500180
0.437066,-0.226144,-0.501400
0.436741,-0.223961,-0.502949
0.435555,-0.224558,-0.500367
0.434661,-0.224812,-0.506373
0.430774,-0.223328,-0.503332
0.429377,-0.223917,-0.506775
0.428009,-0.224013,-0.505552
0.426197,-0.222160,-0.507555
0.423363,-0.221755,-0.506415
0.420831,-0.223251,-0.508575
0.418557,-0.221705,-0.509184
0.415105,-0.220150,-0.511541
0.414198,-0.220234,-0.511787
0.412605,-0.220162,-0.513914
0.412214,-0.220845,-0.512530
0.409615,-0.219978,-0.513763
0.409350,-0.220834,-0.514684
0.405152,-0.221319,-0.516134
0.396864,-0.224797,-0.524085
0.391409,-0.229124,-0.527066
0.386767,-0.230138,-0.532443
0.382015,-0.231652,-0.535716
0.374463,-0.237102,-0.541845
0.568262,-0.367965,-0.508283
0.573416,-0.360513,-0.499358
0.572387,-0.358342,-0.496118
0.574797,-0.352734,-0.495436
0.575872,-0.349823,-0.493174
0.575682,-0.346329,-0.491264
0.577048,-0.343781,-0.489017
0.577392,-0.341397,-0.487331
0.578600,-0.339077,-0.485712
0.575963,-0.336980,-0.486092
0.577331,-0.332752,-0.482528
0.577314,-0.331332,-0.480278
0.576756,-0.328917,-0.479116
0.578691,-0.327251,-0.477267
0.577759,-0.323394,-0.477310
0.578357,-0.322107,-0.477568
0.577919,-0.319210,-0.474143
0.579244,-0.316181,-0.471375
0.578927,-0.312815,-0.471101
0.580133,-0.311186,-0.468718
0.581433,-0.308839,-0.467288
0.584773,-0.303247,-0.462554
0.583543,-0.298583,-0.460045
0.585606,-0.297582,-0.458865
0.585050,-0.295707,-0.458250
0.582385,-0.293321,-0.459195
0.584677,-0.293697,-0.458034
0.583350,-0.289760,-0.456476
0.582675,-0.287040,-0.455923
0.583637,-0.286120,-0.456994
0.581450,-0.284923,-0.453387
0.579749,-0.283740,-0.453340
0.578395,-0.282577,-0.453704
0.579772,-0.281207,-0.454175
0.578354,-0.279403,-0.453389
0.576839,-0.277971,-0.453130
0.577910,-0.276067,-0.452877
0.576828,-0.276168,-0.453915
0.575990,-0.273591,-0.454388
0.574761,-0.272589,-0.451763
0.572499,-0.271525,-0.451293
0.571094,-0.270142,-0.450765
0.570349,-0.270378,-0.450571
0.569023,-0.268896,-0.452317
0.568063,-0.267798,-0.452022
0.567092,-0.266206,-0.451072
0.567681,-0.263968,-0.452819
0.566308,-0.265194,-0.452072
0.564414,-0.262629,-0.451485
0.562118,-0.260265,-0.450742
0.562471,-0.257673,-0.452548
0.562235,-0.258528,-0.451169
0.560482,-0.258099,-0.451098
0.560317,-0.255293,-0.450691
0.557651,-0.255816,-0.451578
0.557420,-0.254780,-0.451018
0.556346,-0.252046,-0.451311
0.555836,-0.252957,-0.452326
0.553967,-0.250029,-0.452897
0.553539,-0.251908,-0.451482
0.551283,-0.246353,-0.453648
0.551164,-0.250059,-0.452184
0.549115,-0.247234,-0.453429
0.548423,-0.246158,-0.452842
0.546232,-0.245494,-0.452613
0.543826,-0.246030,-0.451978
0.542020,-0.245246,-0.454009
0.543396,-0.242506,-0.454563
0.540766,-0.242433,-0.455252
0.536863,-0.242691,-0.455309
0.538195,-0.241356,-0.456181
0.535298,-0.240650,-0.456369
0.533672,-0.240433,-0.456222
0.532734,-0.239009,-0.456832
0.531547,-0.238623,-0.457881
0.529904,-0.239483,-0.458046
0.529669,-0.237062,-0.457232
0.526449,-0.235884,-0.457320
0.525896,-0.237936,-0.458535
0.523753,-0.237102,-0.458203
0.521201,-0.236837,-0.460235
0.521488,-0.234516,-0.459771
0.516284,-0.235854,-0.462427
0.517064,-0.232584,-0.460816
0.516505,-0.233446,-0.463137
0.515420,-0.233283,-0.464026
0.510918,-0.233307,-0.463668
0.511008,-0.231141,-0.465225
0.508013,-0.232031,-0.468069
0.506173,-0.231672,-0.466537
0.504804,-0.230626,-0.466969
0.503127,-0.231183,-0.469644
0.498764,-0.231187,-0.469065
0.497768,-0.233969,-0.472319
0.492785,-0.233775,-0.474333
0.488108,-0.235247,-0.477906
0.485877,-0.233951,-0.479986
0.486120,-0.234092,-0.481267
0.482492,-0.234625,-0.481845
0.481031,-0.233588,-0.482045
0.479494,-0.235401,-0.484150
0.475845,-0.234338,-0.484247
0.474030,-0.234781,-0.485056
0.472551,-0.234933,-0.485359
0.470481,-0.233636,-0.483335
0.469898,-0.232160,-0.486648
0.467303,-0.231358,-0.486990
0.467906,-0.231697,-0.488329
0.464198,-0.231382,-0.487158
0.462119,-0.230185,-0.489922
0.461199,-0.228939,-0.490378
0.460486,-0.230836,-0.490919
0.456906,-0.226605,-0.489683
0.456439,-0.229439,-0.492182
0.454330,-0.226086,-0.491700
0.450200,-0.229182,-0.491751
0.448789,-0.228406,-0.495511
0.447360,-0.227645,-0.496043
0.447202,-0.229084,-0.497880
0.442567,-0.228260,-0.497671
0.441204,-0.227650,-0.497154
0.439441,-0.227377,-0.499280
0.437650,-0.226663,-0.501391
0.433369,-0.226529,-0.500635
0.433977,-0.225494,-0.503434
0.432802,-0.225538,-0.502706
0.430202,-0.223713,-0.502758
0.428236,-0.226664,-0.506229
0.425872,-0.224052,-0.504660
0.421776,-0.225269,-0.507318
0.419850,-0.224967,-0.508363
0.421274,-0.225655,-0.508853
0.417199,-0.223199,-0.510909
0.415740,-0.222322,-0.510938
0.413053,-0.223755,-0.511227
0.413089,-0.220739,-0.511734
0.409413,-0.221470,-0.513071
0.406429,-0.223397,-0.515044
0.399019,-0.225666,-0.519021
0.395482,-0.229784,-0.522874
0.392246,-0.229312,-0.524252
0.388755,-0.231787,-0.528499
0.384714,-0.232905,-0.531857
0.381633,-0.233522,-0.535788
0.372854,-0.239344,-0.541818
0.567981,-0.364892,-0.501777
0.568120,-0.358390,-0.497246
0.572075,-0.356854,-0.494439
0.573680,-0.351864,-0.492001
0.575236,-0.348107,-0.491293
0.575413,-0.346859,-0.489813
0.575080,-0.343049,-0.488018
0.575016,-0.339911,-0.484873
0.575037,-0.339107,-0.483203
0.576567,-0.334811,-0.483499
0.576722,-0.332820,-0.481453
0.577137,-0.329622,-0.479513
0.576430,-0.327967,-0.477797
0.576512,-0.324821,-0.477055
0.578993,-0.324249,-0.473159
0.578332,-0.320117,-0.473319
0.577851,-0.317881,-0.472843
0.579967,-0.314629,-0.470686
0.579247,-0.310644,-0.468312
0.580165,-0.309881,-0.464740
0.582447,-0.303443,-0.463624
0.582010,-0.301011,-0.459268
0.584821,-0.298223,-0.457459
0.583540,-0.294994,-0.459947
0.581870,-0.293439,-0.457726
0.582179,-0.292065,-0.457329
0.581422,-0.289295,-0.455456
0.580534,-0.286978,-0.455160
0.579253,-0.288047,-0.454364
0.581111,-0.286784,-0.453869
0.578574,-0.284067,-0.454864
0.576994,-0.283271,-0.452402
0.577973,-0.281251,-0.454197
0.578638,-0.280253,-0.452225
0.574437,-0.277677,-0.452975
0.573891,-0.276648,-0.451574
0.573524,-0.277282,-0.452234
0.572228,-0.274267,-0.451581
0.573523,-0.273017,-0.450661
0.571828,-0.270515,-0.452108
0.570205,-0.271102,-0.451126
0.569211,-0.269490,-0.449815
0.568095,-0.269443,-0.453012
0.566907,-0.268275,-0.452491
0.567276,-0.266026,-0.450943
0.564890,-0.265363,-0.449379
0.563759,-0.263431,-0.451256
0.561845,-0.262034,-0.448645
0.564079,-0.263207,-0.451936
0.559657,-0.260235,-0.450648
0.562501,-0.260773,-0.450379
0.559224,-0.257884,-0.451401
0.558317,-0.257215,-0.450400
0.557531,-0.255811,-0.451039
0.553986,-0.255536,-0.450443
0.555248,-0.255704,-0.450669
0.554056,-0.254316,-0.451177
0.553285,-0.252160,-0.451456
0.551381,-0.252576,-0.450090
0.550337,-0.251004,-0.451130
0.550085,-0.250844,-0.451815
0.545526,-0.246765,-0.453359
0.547955,-0.246765,-0.450688
0.544272,-0.246709,-0.450627
0.543015,-0.246683,-0.451330
0.541277,-0.246346,-0.453445
0.541634,-0.244477,-0.453448
0.538883,-0.244844,-0.454519
0.537598,-0.242095,-0.453791
0.536031,-0.241808,-0.455306
0.536135,-0.240652,-0.456053
0.535084,-0.242335,-0.454825
0.534104,-0.242261,-0.454813
0.532493,-0.239567,-0.456206
0.528669,-0.238518,-0.455851
0.527083,-0.238380,-0.457209
0.525365,-0.237725,-0.457894
0.523983,-0.238033,-0.458349
0.521914,-0.237104,-0.460396
0.521124,-0.234501,-0.457494
0.518832,-0.235796,-0.462535
0.517548,-0.235261,-0.459799
0.515984,-0.236002,-0.462511
0.514059,-0.233849,-0.462069
0.512685,-0.232823,-0.460949
0.509663,-0.232575,-0.461787
0.508698,-0.235907,-0.463622
0.505873,-0.233678,-0.465370
0.505592,-0.231673,-0.465970
0.500964,-0.231945,-0.467844
0.501100,-0.232647,-0.467531
0.498431,-0.234093,-0.470259
0.495214,-0.233124,-0.471850
0.490827,-0.237895,-0.475012
0.488792,-0.235888,-0.477848
0.487449,-0.235333,-0.477434
0.482695,-0.237517,-0.478398
0.482087,-0.234833,-0.481168
0.478409,-0.237981,-0.480503
0.479401,-0.235288,-0.482117
0.475524,-0.235571,-0.484547
0.475007,-0.234502,-0.484508
0.471561,-0.232651,-0.485985
0.472506,-0.233675,-0.483262
0.469097,-0.231549,-0.485335
0.467421,-0.233742,-0.484147
0.464901,-0.234056,-0.487097
0.463381,-0.232282,-0.486687
0.462066,-0.230968,-0.487023
0.460697,-0.232067,-0.488925
0.457912,-0.230870,-0.489622
0.458287,-0.229259,-0.489144
0.454288,-0.228565,-0.491781
0.453198,-0.229407,-0.490911
0.449938,-0.228518,-0.491552
0.447778,-0.228218,-0.495714
0.447100,-0.228622,-0.495735
0.445963,-0.227747,-0.496774
0.441007,-0.229538,-0.495904
0.439714,-0.227417,-0.498277
0.438138,-0.229152,-0.500107
0.435888,-0.228580,-0.500483
0.434422,-0.227825,-0.499828
0.432703,-0.226526,-0.499498
0.431852,-0.225059,-0.502840
0.428773,-0.224575,-0.503568
0.425549,-0.226011,-0.504020
0.425539,-0.227632,-0.505159
0.422727,-0.226453,-0.505331
0.420790,-0.225866,-0.508449
0.419497,-0.225797,-0.508731
0.415814,-0.225759,-0.507954
0.413633,-0.222384,-0.510640
0.410962,-0.224953,-0.509949
0.410918,-0.224564,-0.512969
0.405251,-0.225671,-0.515906
0.400242,-0.230211,-0.520787
0.395104,-0.229690,-0.523301
0.394692,-0.228732,-0.523928
0.392349,-0.230148,-0.523904
0.387642,-0.231266,-0.527789
0.383076,-0.232914,-0.532449
0.376734,-0.235644,-0.535636
0.371285,-0.239491,-0.541163
0.559886,-0.372809,-0.509390
0.569815,-0.362777,-0.497756
0.569112,-0.358863,-0.495777
0.570431,-0.353956,-0.493779
0.571648,-0.351325,-0.491861
0.573457,-0.349604,-0.489084
0.571151,-0.343970,-0.487620
0.572188,-0.342210,-0.485303
0.572829,-0.339694,-0.483605
0.575054,-0.337674,-0.480968
0.575017,-0.335272,-0.480937
0.575374,-0.333257,-0.478342
0.574552,-0.330089,-0.477362
0.575528,-0.327272,-0.477746
0.574020,-0.325636,-0.475219
0.576389,-0.321288,-0.471472
0.576863,-0.319771,-0.472785
0.575562,-0.315295,-0.469563
0.579191,-0.314300,-0.467165
0.578493,-0.309579,-0.466058
0.579255,-0.304307,-0.463354
0.581087,-0.303581,-0.459441
0.581590,-0.299124,-0.460190
0.584429,-0.297987,-0.457100
0.583041,-0.296449,-0.457431
0.582115,-0.293776,-0.455564
0.580941,-0.293568,-0.455493
0.580460,-0.291469,-0.452987
0.579612,-0.289391,-0.453320
0.578668,-0.287646,-0.455873
0.578384,-0.286948,-0.452943
0.577250,-0.285379,-0.452546
0.578506,-0.282318,-0.452511
0.575432,-0.279780,-0.450327
0.574618,-0.281404,-0.451923
0.575283,-0.277207,-0.453201
0.574202,-0.276969,-0.450788
0.571773,-0.275200,-0.452288
0.569732,-0.274047,-0.448869
0.571592,-0.274272,-0.452821
0.569227,-0.272498,-0.451545
0.568624,-0.272064,-0.449442
0.567710,-0.267415,-0.450212
0.565527,-0.269728,-0.449403
0.566525,-0.268075,-0.449547
0.561329,-0.267167,-0.448732
0.562358,-0.264265,-0.450777
0.563699,-0.265263,-0.451364
0.561352,-0.264340,-0.450263
0.561099,-0.261545,-0.450413
0.560749,-0.261154,-0.448352
0.558752,-0.258547,-0.447758
0.558729,-0.258450,-0.450444
0.556539,-0.257193,-0.448724
0.556703,-0.256174,-0.449908
0.555488,-0.255079,-0.449641
0.552594,-0.254073,-0.447909
0.551202,-0.254671,-0.449439
0.550370,-0.252933,-0.450780
0.550377,-0.252011,-0.450177
0.549567,-0.251912,-0.450712
0.544988,-0.250753,-0.450408
0.544490,-0.250737,-0.450025
0.542473,-0.246996,-0.450874
0.543615,-0.247264,-0.452741
0.542369,-0.247282,-0.451801
0.539187,-0.245529,-0.451376
0.538430,-0.246347,-0.453559
0.538635,-0.244386,-0.452712
0.535382,-0.244280,-0.452842
0.534050,-0.242960,-0.452929
0.530108,-0.243472,-0.454251
0.531812,-0.241071,-0.453711
0.529979,-0.241717,-0.453172
0.528048,-0.241800,-0.452924
0.526242,-0.237953,-0.456030
0.523452,-0.238597,-0.456111
0.525020,-0.236942,-0.455609
0.522310,-0.237226,-0.458781
0.520187,-0.237555,-0.457499
0.517887,-0.236468,-0.458901
0.517361,-0.236242,-0.460423
0.514774,-0.237133,-0.461278
0.513165,-0.235255,-0.461583
0.512301,-0.233763,-0.462061
0.510071,-0.236527,-0.464183
0.507165,-0.235641,-0.462068
0.505168,-0.233101,-0.463529
0.503984,-0.234956,-0.463475
0.501464,-0.234666,-0.464722
0.498834,-0.234941,-0.464284
0.496691,-0.234966,-0.467785
0.493495,-0.236428,-0.470274
0.489393,-0.237672,-0.474306
0.486156,-0.237794,-0.477905
0.484852,-0.236806,-0.475942
0.482349,-0.238272,-0.479441
0.480917,-0.237674,-0.477905
0.478669,-0.240299,-0.481149
0.475563,-0.236788,-0.480887
0.475023,-0.235983,-0.480854
0.471363,-0.237790,-0.482668
0.470513,-0.234916,-0.483592
0.468144,-0.234266,-0.483269
0.467301,-0.233748,-0.482826
0.466282,-0.234960,-0.483946
0.465993,-0.233709,-0.485440
0.463814,-0.234235,-0.484949
0.459305,-0.232566,-0.488118
0.458578,-0.231818,-0.488311
0.456043,-0.231258,-0.488975
0.453699,-0.233143,-0.488388
0.454053,-0.230614,-0.492132
0.451510,-0.231143,-0.490666
0.448776,-0.229262,-0.491606
0.447095,-0.229631,-0.490493
0.444976,-0.229902,-0.492663
0.443856,-0.229807,-0.493572
0.443239,-0.227897,-0.494207
0.440675,-0.231051,-0.496873
0.436256,-0.229701,-0.496818
0.437861,-0.227445,-0.497983
0.431154,-0.227940,-0.499101
0.431134,-0.227541,-0.498467
0.429062,-0.228412,-0.499563
0.425832,-0.227210,-0.500781
0.423255,-0.228026,-0.503534
0.421712,-0.227969,-0.504089
0.420410,-0.227420,-0.506271
0.416864,-0.226650,-0.505925
0.414945,-0.227704,-0.506972
0.415290,-0.226130,-0.508975
0.411753,-0.226613,-0.509894
0.406632,-0.228350,-0.515624
0.403317,-0.228203,-0.514822
0.399965,-0.230686,-0.517649
0.398347,-0.231860,-0.518566
0.394915,-0.231929,-0.521478
0.391318,-0.230672,-0.522844
0.391515,-0.234332,-0.522543
0.386547,-0.233706,-0.527990
0.381882,-0.236227,-0.530647
0.376328,-0.237964,-0.534433
0.369315,-0.242984,-0.539874
0.565102,-0.366701,-0.499357
0.567111,-0.361116,-0.496334
0.567011,-0.357686,-0.493328
0.570743,-0.353807,-0.491224
0.571470,-0.350185,-0.489092
0.570437,-0.347574,-0.487831
0.571067,-0.347310,-0.485753
0.569132,-0.341704,-0.483582
0.573018,-0.340405,-0.482198
0.571423,-0.336913,-0.481966
0.572949,-0.335026,-0.480671
0.574837,-0.330122,-0.478142
0.573613,-0.329097,-0.474408
0.574263,-0.328796,-0.473929
0.572524,-0.325232,-0.473785
0.574388,-0.320325,-0.472595
0.574464,-0.317081,-0.468315
0.578434,-0.316076,-0.467775
0.577007,-0.312710,-0.466027
0.577230,-0.310002,-0.463467
0.577762,-0.304645,-0.462313
0.580103,-0.302339,-0.460159
0.580295,-0.300954,-0.458308
0.580845,-0.298138,-0.454871
0.579907,-0.295075,-0.454377
0.577730,-0.292550,-0.453702
0.578637,-0.290755,-0.453017
0.577452,-0.288889,-0.450906
0.577349,-0.288355,-0.453144
0.575110,-0.288372,-0.450575
0.578039,-0.285913,-0.452111
0.575699,-0.283913,-0.451194
0.574320,-0.282250,-0.452775
0.576101,-0.281371,-0.450011
0.573545,-0.280677,-0.448864
0.572262,-0.279205,-0.449692
0.571646,-0.275579,-0.450529
0.571019,-0.274808,-0.450769
0.567600,-0.274560,-0.448516
0.567630,-0.272152,-0.452049
0.566491,-0.271756,-0.450190
0.565183,-0.269787,-0.448833
0.563528,-0.269740,-0.449923
0.565972,-0.267605,-0.448130
0.565114,-0.266843,-0.447043
0.562423,-0.266262,-0.449040
0.561278,-0.265644,-0.449354
0.559841,-0.264588,-0.449697
0.558456,-0.263766,-0.449477
0.559209,-0.263173,-0.449789
0.556326,-0.259383,-0.448301
0.555360,-0.257834,-0.448589
0.555914,-0.258107,-0.448596
0.554268,-0.257665,-0.449516
0.554542,-0.257439,-0.447707
0.551970,-0.256364,-0.449607
0.550226,-0.252919,-0.447508
0.548964,-0.254627,-0.448297
0.547365,-0.254049,-0.449120
0.545539,-0.251046,-0.449365
0.545995,-0.247716,-0.449876
0.542466,-0.251724,-0.450176
0.542459,-0.248976,-0.451544
0.540330,-0.250540,-0.451752
0.540788,-0.249115,-0.449494
0.539605,-0.246768,-0.449664
0.535637,-0.246289,-0.452473
0.535819,-0.244762,-0.452634
0.535008,-0.244206,-0.454311
0.533129,-0.242957,-0.452526
0.532095,-0.244632,-0.453078
0.528060,-0.243582,-0.453625
0.528632,-0.241894,-0.454345
0.525553,-0.242043,-0.454063
0.526855,-0.239352,-0.456321
0.521941,-0.238857,-0.455617
0.521335,-0.237229,-0.455163
0.519925,-0.238798,-0.455541
0.519004,-0.238671,-0.456768
0.517891,-0.236913,-0.456973
0.514666,-0.237347,-0.457210
0.515489,-0.236212,-0.457985
0.514007,-0.237895,-0.458493
0.509369,-0.235791,-0.460787
0.508162,-0.235007,-0.460290
0.506050,-0.236261,-0.462137
0.505545,-0.235184,-0.463264
0.502197,-0.235402,-0.464756
0.501142,-0.235319,-0.466298
0.498191,-0.235275,-0.466625
0.496362,-0.236753,-0.469115
0.492611,-0.236389,-0.472755
0.489312,-0.239466,-0.475175
0.485049,-0.240545,-0.475637
0.482528,-0.237517,-0.476716
0.480582,-0.238182,-0.476437
0.480824,-0.237521,-0.477858
0.479012,-0.237069,-0.479664
0.474690,-0.239913,-0.480614
0.476092,-0.238969,-0.481865
0.471822,-0.236248,-0.480825
0.469443,-0.236910,-0.482387
0.470232,-0.238222,-0.482008
0.468368,-0.234984,-0.481854
0.463866,-0.234797,-0.482529
0.462064,-0.234151,-0.484732
0.460404,-0.234161,-0.484645
0.459960,-0.233705,-0.484676
0.455902,-0.231151,-0.486655
0.455320,-0.234411,-0.487492
0.454616,-0.233297,-0.490558
0.450410,-0.233442,-0.488745
0.448279,-0.231743,-0.490383
0.448747,-0.230976,-0.489572
0.445605,-0.230430,-0.492482
0.445212,-0.231132,-0.494105
0.442126,-0.230593,-0.493849
0.441378,-0.231447,-0.495264
0.438924,-0.229969,-0.494348
0.434960,-0.229390,-0.496408
0.434863,-0.230266,-0.496550
0.431967,-0.228482,-0.500351
0.430735,-0.228753,-0.499527
0.426697,-0.227573,-0.500847
0.425838,-0.228350,-0.503193
0.424618,-0.229723,-0.502777
0.420657,-0.228964,-0.505126
0.417198,-0.229559,-0.505302
0.416827,-0.228817,-0.505993
0.413665,-0.230086,-0.507268
0.409921,-0.230513,-0.508586
0.408594,-0.229922,-0.513272
0.405938,-0.231436,-0.512958
0.403137,-0.229567,-0.513649
0.400542,-0.232139,-0.517201
0.397316,-0.230793,-0.518889
0.393655,-0.231235,-0.520418
0.391610,-0.233094,-0.521439
0.388807,-0.234305,-0.523318
0.384208,-0.234527,-0.529096
0.379748,-0.238262,-0.531940
0.375418,-0.238223,-0.532181
0.371515,-0.240493,-0.538622
0.556484,-0.375686,-0.506714
0.565077,-0.364397,-0.495298
0.567155,-0.360362,-0.493164
0.569396,-0.356692,-0.489660
0.567672,-0.351368,-0.488286
0.568140,-0.349089,-0.487627
0.568654,-0.347506,-0.486818
0.570489,-0.345525,-0.483785
0.569524,-0.341268,-0.481751
0.570821,-0.338410,-0.480511
0.569735,-0.336383,-0.477309
0.568159,-0.333160,-0.478365
0.571032,-0.331680,-0.473955
0.570738,-0.329859,-0.474699
0.570641,-0.325866,-0.472500
0.571248,-0.323733,-0.472974
0.573061,-0.320442,-0.469360
0.574700,-0.318045,-0.467640
0.577021,-0.312367,-0.464716
0.575632,-0.310021,-0.461687
0.575826,-0.306706,-0.459890
0.576473,-0.304069,-0.459683
0.578014,-0.302351,-0.455752
0.577499,-0.300578,-0.454750
0.578301,-0.296204,-0.452989
0.578035,-0.293939,-0.452081
0.577422,-0.292625,-0.451300
0.577361,-0.289739,-0.452168
0.575889,-0.289902,-0.452611
0.577093,-0.286236,-0.450506
0.574769,-0.287483,-0.448333
0.575624,-0.283122,-0.450101
0.573856,-0.284987,-0.449450
0.572206,-0.282833,-0.449663
0.571312,-0.281294,-0.448547
0.570542,-0.281219,-0.447781
0.570525,-0.275994,-0.448854
0.569669,-0.276708,-0.448154
0.567152,-0.276356,-0.448412
0.569169,-0.275033,-0.447463
0.567040,-0.272904,-0.447757
0.565372,-0.273826,-0.447660
0.566489,-0.270733,-0.447171
0.563374,-0.268968,-0.448997
0.562848,-0.269197,-0.448246
0.560767,-0.267429,-0.446629
0.557882,-0.266075,-0.446834
0.559118,-0.266403,-0.446023
0.559661,-0.264417,-0.446202
0.557109,-0.263504,-0.445757
0.554551,-0.261200,-0.447271
0.555477,-0.260899,-0.448941
0.554374,-0.259401,-0.447459
0.553337,-0.258549,-0.447849
0.553329,-0.257881,-0.448545
0.549541,-0.258599,-0.446835
0.549912,-0.255950,-0.447171
0.547919,-0.254985,-0.449219
0.547656,-0.253566,-0.447924
0.545500,-0.254438,-0.448890
0.544339,-0.251281,-0.446192
0.542289,-0.250909,-0.449147
0.542442,-0.249617,-0.449454
0.540772,-0.248837,-0.449726
0.536295,-0.247964,-0.451302
0.539459,-0.247144,-0.450498
0.537634,-0.247173,-0.451258
0.534325,-0.247310,-0.450495
0.531980,-0.245071,-0.450504
0.531052,-0.244877,-0.451262
0.532426,-0.244845,-0.451719
0.529421,-0.242308,-0.451819
0.528947,-0.242426,-0.455146
0.525490,-0.242084,-0.452053
0.522831,-0.240602,-0.454054
0.522258,-0.242748,-0.454315
0.520088,-0.241491,-0.455350
0.519390,-0.240365,-0.456188
0.517326,-0.239732,-0.458042
0.516686,-0.240489,-0.458050
0.515423,-0.237608,-0.456151
0.511740,-0.237745,-0.456577
0.512142,-0.238125,-0.456857
0.508590,-0.237715,-0.459302
0.507975,-0.237546,-0.459200
0.505483,-0.237982,-0.459211
0.505894,-0.235488,-0.462564
0.502258,-0.236593,-0.463006
0.498679,-0.237138,-0.463890
0.495495,-0.236558,-0.463643
0.493595,-0.239601,-0.468530
0.488748,-0.241491,-0.471161
0.484678,-0.239861,-0.473345
0.484777,-0.242007,-0.474819
0.479514,-0.239602,-0.477019
0.479388,-0.240226,-0.475964
0.477972,-0.241309,-0.478324
0.476638,-0.239726,-0.477002
0.474070,-0.237834,-0.479462
0.473295,-0.237657,-0.478975
0.471679,-0.239202,-0.480341
0.469833,-0.239181,-0.480010
0.465774,-0.237546,-0.483386
0.466162,-0.236254,-0.481367
0.464330,-0.236065,-0.482681
0.463593,-0.234859,-0.484079
0.459377,-0.234130,-0.484892
0.457679,-0.233782,-0.483573
0.455627,-0.235128,-0.485159
0.455014,-0.235200,-0.486514
0.452880,-0.233962,-0.488256
0.449157,-0.234173,-0.487709
0.449151,-0.233208,-0.489023
0.446926,-0.232404,-0.490195
0.446497,-0.231029,-0.489807
0.442931,-0.229970,-0.493290
0.442731,-0.231952,-0.491412
0.439388,-0.229193,-0.495538
0.436672,-0.230704,-0.496201
0.434972,-0.231033,-0.493589
0.434238,-0.229791,-0.496025
0.429378,-0.229907,-0.496354
0.430162,-0.229044,-0.497750
0.426549,-0.230280,-0.497733
0.423084,-0.231691,-0.499701
0.420058,-0.229742,-0.502262
0.419795,-0.232023,-0.505035
0.416114,-0.232191,-0.507070
0.414202,-0.232868,-0.505889
0.412420,-0.229061,-0.506210
0.408737,-0.230503,-0.509075
0.406550,-0.231448,-0.510164
0.404914,-0.234437,-0.510759
0.399902,-0.232314,-0.513288
0.399435,-0.230471,-0.516317
0.394998,-0.236026,-0.518332
0.391278,-0.234120,-0.520113
0.389627,-0.234389,-0.522390
0.388756,-0.236626,-0.524163
0.382563,-0.235908,-0.526502
0.377236,-0.237629,-0.527947
0.373299,-0.240396,-0.531370
0.366575,-0.241665,-0.534914
0.563543,-0.367392,-0.498869
0.562861,-0.362549,-0.492476
0.564512,-0.358446,-0.492167
0.564990,-0.354860,-0.489134
0.566637,-0.351831,-0.486025
0.567873,-0.350015,-0.486983
0.566543,-0.347926,-0.483161
0.569375,-0.344897,-0.480405
0.568499,-0.340052,-0.480695
0.568374,-0.338183,-0.480510
0.569554,-0.335401,-0.479518
0.569193,-0.332923,-0.477214
0.568987,-0.331699,-0.474245
0.568393,-0.327997,-0.472987
0.569092,-0.325650,-0.473294
0.569667,-0.323897,-0.471102
0.570674,-0.318945,-0.466959
0.572273,-0.315998,-0.463497
0.574908,-0.313710,-0.463910
0.573787,-0.311004,-0.461548
0.575537,-0.306774,-0.458699
0.576752,-0.302835,-0.456099
0.576002,-0.299534,-0.455351
0.576295,-0.297706,-0.455661
0.577400,-0.295960,-0.454191
0.574673,-0.294858,-0.453676
0.577312,-0.292701,-0.452841
0.577762,-0.290119,-0.450404
0.574339,-0.289693,-0.449681
0.572252,-0.287990,-0.451001
0.574622,-0.286866,-0.448202
0.571810,-0.284466,-0.449403
0.572675,-0.284150,-0.448537
0.570005,-0.283146,-0.447096
0.569676,-0.282990,-0.448292
0.570444,-0.279544,-0.449159
0.567116,-0.278323,-0.447276
0.567792,-0.275790,-0.447414
0.567688,-0.276422,-0.445898
0.564798,-0.274990,-0.448091
0.563105,-0.272429,-0.445707
0.562659,-0.271611,-0.447733
0.563210,-0.269713,-0.446964
0.563528,-0.269230,-0.447652
0.561035,-0.269516,-0.445202
0.559892,-0.266312,-0.443943
0.559407,-0.266273,-0.447743
0.558111,-0.266057,-0.445180
0.555233,-0.263421,-0.447377
0.555614,-0.263448,-0.445931
0.552846,-0.262524,-0.445485
0.553785,-0.259769,-0.446199
0.554561,-0.260815,-0.445884
0.551017,-0.256958,-0.446862
0.549010,-0.257312,-0.446735
0.546306,-0.257355,-0.445342
0.549595,-0.257423,-0.448173
0.546061,-0.253808,-0.447443
0.543100,-0.253927,-0.447852
0.543689,-0.252236,-0.449186
0.543270,-0.251378,-0.448382
0.540551,-0.252796,-0.447760
0.538929,-0.249733,-0.449053
0.539244,-0.250489,-0.448025
0.536008,-0.248675,-0.448697
0.535990,-0.250773,-0.449318
0.532913,-0.246916,-0.449696
0.532167,-0.248535,-0.449117
0.532756,-0.246510,-0.450984
0.528060,-0.245868,-0.449926
0.528031,-0.245731,-0.452659
0.526878,-0.242503,-0.451352
0.523370,-0.245368,-0.450547
0.524339,-0.242573,-0.452076
0.521495,-0.242467,-0.453378
0.520014,-0.241539,-0.455406
0.517430,-0.242233,-0.456199
0.516673,-0.242294,-0.453131
0.517146,-0.240916,-0.456010
0.516593,-0.238115,-0.455727
0.511495,-0.237595,-0.457314
0.511202,-0.237743,-0.458593
0.506788,-0.238461,-0.457831
0.506400,-0.239168,-0.458127
0.505129,-0.235858,-0.459426
0.502245,-0.236982,-0.462019
0.500858,-0.238018,-0.460461
0.496959,-0.237555,-0.463479
0.495695,-0.237544,-0.463854
0.488857,-0.240890,-0.468514
0.487224,-0.242615,-0.471567
0.485887,-0.244307,-0.473853
0.482360,-0.241183,-0.472252
0.480693,-0.241715,-0.474038
0.478625,-0.241389,-0.474921
0.476934,-0.241501,-0.475761
0.473881,-0.240731,-0.475872
0.473260,-0.239790,-0.476674
0.471992,-0.239096,-0.478835
0.469338,-0.239187,-0.479692
0.466321,-0.239168,-0.479768
0.464780,-0.238326,-0.478920
0.464318,-0.236650,-0.479985
0.464128,-0.237819,-0.482621
0.462089,-0.234288,-0.481549
0.458307,-0.236070,-0.481876
0.457039,-0.236569,-0.483320
0.457379,-0.234392,-0.484311
0.453221,-0.235536,-0.483921
0.452165,-0.234795,-0.486424
0.449495,-0.232555,-0.487067
0.447459,-0.232762,-0.487724
0.447697,-0.233689,-0.488640
0.443679,-0.232651,-0.488878
0.442624,-0.230647,-0.487606
0.441450,-0.232580,-0.490694
0.436579,-0.231218,-0.493844
0.434111,-0.232556,-0.494398
0.433511,-0.230321,-0.495311
0.431144,-0.230044,-0.494991
0.430657,-0.232365,-0.495351
0.427346,-0.229882,-0.495351
0.424241,-0.233022,-0.498428
0.423194,-0.232148,-0.501497
0.420279,-0.230685,-0.500005
0.419230,-0.231845,-0.503241
0.414555,-0.231703,-0.504503
0.412192,-0.231936,-0.505991
0.410689,-0.233313,-0.506895
0.408356,-0.234196,-0.506814
0.405609,-0.232672,-0.508641
0.403367,-0.232211,-0.510706
0.399254,-0.233579,-0.512771
0.397379,-0.233991,-0.514425
0.395001,-0.233780,-0.515370
0.391325,-0.233238,-0.517810
0.387846,-0.235934,-0.519791
0.385525,-0.234540,-0.522906
0.381869,-0.236032,-0.526146
0.377915,-0.239391,-0.529028
0.375039,-0.239828,-0.530274
0.369122,-0.242505,-0.536277
0.560217,-0.366671,-0.495392
0.562178,-0.361091,-0.492274
0.562505,-0.358132,-0.490885
0.563922,-0.354609,-0.488649
0.565295,-0.351650,-0.483754
0.564999,-0.347893,-0.484229
0.565385,-0.344857,-0.481853
0.565349,-0.342266,-0.480118
0.567020,-0.339737,-0.478793
0.566987,-0.338592,-0.477656
0.566846,-0.336384,-0.475638
0.567712,-0.332255,-0.473238
0.567126,-0.332508,-0.473041
0.569038,-0.328565,-0.472990
0.568303,-0.324025,-0.470525
0.570333,-0.322288,-0.467824
0.569609,-0.316610,-0.464726
0.570424,-0.314687,-0.463689
0.571660,-0.312081,-0.461773
0.572352,-0.309579,-0.459120
0.572853,-0.306252,-0.457098
0.574001,-0.303905,-0.456652
0.574486,-0.300496,-0.454683
0.574809,-0.296655,-0.453348
0.573914,-0.296507,-0.452631
0.574820,-0.294088,-0.449332
0.572514,-0.291885,-0.450930
0.571717,-0.291008,-0.448668
0.572914,-0.289976,-0.448946
0.572889,-0.286270,-0.450549
0.571831,-0.286295,-0.448022
0.570987,-0.285595,-0.448097
0.569770,-0.282460,-0.447575
0.568882,-0.280763,-0.446688
0.569995,-0.278695,-0.445528
0.568152,-0.277052,-0.445964
0.568025,-0.276524,-0.446961
0.565721,-0.278630,-0.445481
0.563189,-0.276740,-0.445554
0.563207,-0.273488,-0.444117
0.562449,-0.271386,-0.446882
0.562735,-0.272864,-0.445584
0.560371,-0.270918,-0.446075
0.560026,-0.267979,-0.443791
0.559726,-0.269288,-0.442573
0.555876,-0.266029,-0.444955
0.556641,-0.265868,-0.444768
0.554838,-0.265476,-0.445117
0.555812,-0.264470,-0.443961
0.552632,-0.262251,-0.443176
0.553259,-0.262365,-0.444974
0.549198,-0.260722,-0.447525
0.551874,-0.259845,-0.446615
0.548425,-0.258263,-0.446269
0.546766,-0.256750,-0.446172
0.545419,-0.257637,-0.445656
0.545285,-0.255235,-0.447679
0.543168,-0.256524,-0.447241
0.543363,-0.255035,-0.446002
0.541437,-0.254022,-0.446504
0.537447,-0.253860,-0.448635
0.538323,-0.252010,-0.446746
0.536597,-0.249487,-0.447464
0.535816,-0.250187,-0.449703
0.535244,-0.249081,-0.447908
0.532353,-0.251810,-0.450099
0.530393,-0.246670,-0.449966
0.530022,-0.248354,-0.450357
0.527296,-0.246000,-0.448691
0.527303,-0.246114,-0.450057
0.524921,-0.246603,-0.449927
0.522957,-0.244989,-0.448871
0.522226,-0.244726,-0.451088
0.520339,-0.243142,-0.451979
0.519303,-0.243622,-0.453021
0.516979,-0.241982,-0.453963
0.517171,-0.241421,-0.454198
0.514696,-0.241066,-0.455095
0.512746,-0.240497,-0.455542
0.511263,-0.241683,-0.457344
0.508911,-0.239260,-0.455789
0.506407,-0.238349,-0.455067
0.503669,-0.240042,-0.457413
0.502843,-0.237842,-0.460798
0.499978,-0.238841,-0.458489
0.500302,-0.237023,-0.460243
0.498734,-0.239274,-0.462120
0.491882,-0.239336,-0.464109
0.486933,-0.241919,-0.469866
0.482824,-0.243742,-0.471552
0.482551,-0.243541,-0.472242
0.480567,-0.241750,-0.474711
0.478765,-0.244836,-0.474721
0.478566,-0.241506,-0.474837
0.474707,-0.242132,-0.474491
0.472976,-0.243352,-0.475212
0.471266,-0.243268,-0.477298
0.470804,-0.242285,-0.476336
0.466965,-0.241020,-0.477779
0.466899,-0.240165,-0.476322
0.465053,-0.238781,-0.479951
0.463180,-0.240287,-0.479645
0.461684,-0.238996,-0.480974
0.461605,-0.238011,-0.480013
0.457248,-0.237791,-0.480711
0.455613,-0.237436,-0.482610
0.453957,-0.237336,-0.483037
0.454214,-0.235761,-0.485934
0.451458,-0.235479,-0.485137
0.448242,-0.235369,-0.485761
0.447580,-0.235047,-0.486459
0.444379,-0.233567,-0.485394
0.443186,-0.233328,-0.487378
0.440652,-0.232702,-0.489335
0.438504,-0.234070,-0.489312
0.435882,-0.232645,-0.491509
0.434168,-0.232605,-0.490883
0.433710,-0.233428,-0.493887
0.431973,-0.232630,-0.493624
0.428218,-0.231413,-0.496921
0.427030,-0.233566,-0.494615
0.423297,-0.233462,-0.497811
0.421405,-0.231896,-0.496885
0.418401,-0.232827,-0.501046
0.416228,-0.233237,-0.500166
0.413823,-0.232203,-0.503743
0.412692,-0.232741,-0.505772
0.410232,-0.233693,-0.505012
0.406971,-0.234086,-0.505951
0.403877,-0.233274,-0.507328
0.401477,-0.234902,-0.508803
0.397060,-0.234887,-0.511790
0.395243,-0.233280,-0.514462
0.393702,-0.234037,-0.516868
0.391889,-0.236388,-0.516667
0.385652,-0.237171,-0.518459
0.384044,-0.235828,-0.520851
0.381099,-0.240371,-0.522495
0.378270,-0.239698,-0.526412
0.372411,-0.241499,-0.528935
0.366496,-0.244518,-0.533567
0.558651,-0.368499,-0.495369
0.559540,-0.363846,-0.493241
0.561235,-0.361607,-0.490388
0.564353,-0.354225,-0.486097
0.562636,-0.353169,-0.484803
0.563595,-0.349253,-0.483908
0.562712,-0.348641,-0.481567
0.566335,-0.343792,-0.480696
0.565366,-0.343076,-0.478470
0.563482,-0.338953,-0.477353
0.565909,-0.337393,-0.476306
0.565869,-0.333233,-0.475137
0.566459,-0.333002,-0.472785
0.565162,-0.330127,-0.472727
0.565242,-0.326394,-0.469387
0.566716,-0.322650,-0.466856
0.568173,-0.319666,-0.464785
0.566364,-0.318734,-0.464051
0.570387,-0.315519,-0.462648
0.569945,-0.312362,-0.463283
0.570939,-0.309985,-0.458164
0.569934,-0.305223,-0.454599
0.571060,-0.302462,-0.454725
0.570535,-0.299224,-0.451481
0.572545,-0.297643,-0.451034
0.572531,-0.294607,-0.449673
0.569561,-0.293321,-0.450056
0.571146,-0.291166,-0.448801
0.570903,-0.291556,-0.448489
0.571867,-0.288135,-0.447653
0.569766,-0.288256,-0.445861
0.570354,-0.285937,-0.446868
0.569626,-0.283725,-0.446031
0.568151,-0.281578,-0.445650
0.566638,-0.280482,-0.447472
0.564458,-0.281212,-0.446034
0.564672,-0.279631,-0.446642
0.565437,-0.278676,-0.444611
0.563633,-0.276290,-0.442522
0.561757,-0.273523,-0.445649
0.561357,-0.274318,-0.444798
0.559790,-0.274459,-0.443801
0.559740,-0.272038,-0.443903
0.557567,-0.270165,-0.444219
0.557981,-0.271837,-0.443885
0.557195,-0.269375,-0.445283
0.553561,-0.265971,-0.445532
0.555466,-0.268310,-0.444443
0.553118,-0.263203,-0.443622
0.552565,-0.264077,-0.445344
0.551739,-0.263648,-0.445073
0.547657,-0.261794,-0.442439
0.546723,-0.260439,-0.443403
0.547544,-0.260642,-0.444470
0.544929,-0.259213,-0.446008
0.545244,-0.258594,-0.445269
0.544134,-0.257281,-0.447087
0.542050,-0.256594,-0.444705
0.541613,-0.255944,-0.442848
0.536409,-0.254449,-0.443747
0.539228,-0.254439,-0.447507
0.536460,-0.251108,-0.445772
0.534155,-0.252362,-0.445730
0.534275,-0.252341,-0.448829
0.531814,-0.250707,-0.447358
0.532057,-0.250195,-0.445860
0.531046,-0.248161,-0.448337
0.527625,-0.248003,-0.447357
0.527714,-0.246452,-0.450299
0.526249,-0.247408,-0.448929
0.523881,-0.248472,-0.449819
0.522357,-0.245900,-0.450055
0.520497,-0.244997,-0.450599
0.518118,-0.242868,-0.452242
0.516746,-0.242812,-0.450983
0.515618,-0.244755,-0.451037
0.514447,-0.242689,-0.454726
0.511950,-0.242752,-0.454355
0.510912,-0.241570,-0.451943
0.509931,-0.241584,-0.455209
0.508124,-0.243065,-0.455625
0.506666,-0.241623,-0.455581
0.503981,-0.241235,-0.457064
0.500692,-0.241327,-0.458207
0.499559,-0.241124,-0.458641
0.496442,-0.239326,-0.461486
0.494981,-0.239519,-0.461357
0.487639,-0.244826,-0.466302
0.486188,-0.243146,-0.467171
0.481820,-0.245736,-0.470370
0.481502,-0.247058,-0.471656
0.480468,-0.246163,-0.473429
0.478575,-0.242303,-0.471965
0.475277,-0.244258,-0.474523
0.473982,-0.244713,-0.475322
0.473811,-0.242460,-0.474360
0.470941,-0.242701,-0.474964
0.466676,-0.241368,-0.476635
0.465566,-0.242929,-0.478252
0.465562,-0.240346,-0.477344
0.463246,-0.239743,-0.478128
0.461944,-0.238770,-0.478385
0.459454,-0.239424,-0.480257
0.457491,-0.237803,-0.481415
0.457585,-0.239240,-0.480948
0.455237,-0.238259,-0.481383
0.453315,-0.236402,-0.484642
0.452622,-0.239125,-0.483398
0.451086,-0.235635,-0.484260
0.446013,-0.235074,-0.484587
0.446624,-0.237012,-0.484264
0.444848,-0.234453,-0.486142
0.441317,-0.235575,-0.486576
0.440975,-0.232789,-0.489793
0.437944,-0.234145,-0.488664
0.435405,-0.233672,-0.488694
0.432649,-0.234298,-0.492335
0.431651,-0.233762,-0.489154
0.430965,-0.233414,-0.496293
0.427923,-0.233729,-0.493301
0.426505,-0.235061,-0.495581
0.421969,-0.233880,-0.497119
0.420025,-0.233490,-0.497974
0.420667,-0.233343,-0.497757
0.415208,-0.235140,-0.501017
0.415082,-0.233421,-0.499771
0.411500,-0.231251,-0.502396
0.408720,-0.232708,-0.504887
0.407412,-0.233060,-0.505808
0.404789,-0.236361,-0.508378
0.401563,-0.233222,-0.508492
0.396739,-0.235493,-0.511518
0.395609,-0.237900,-0.511256
0.390772,-0.235043,-0.515515
0.388731,-0.237375,-0.515752
0.386346,-0.235566,-0.517075
0.384250,-0.238558,-0.520481
0.379023,-0.240064,-0.523550
0.376537,-0.241300,-0.524368
0.372622,-0.243604,-0.526463
0.364040,-0.245615,-0.531849
0.555647,-0.367763,-0.494495
0.558374,-0.362080,-0.490336
0.560908,-0.357891,-0.488642
0.561501,-0.355472,-0.485906
0.559781,-0.352028,-0.481872
0.561612,-0.350597,-0.482357
0.560976,-0.346224,-0.480180
0.561470,-0.344553,-0.479760
0.564104,-0.340525,-0.477510
0.563433,-0.338036,-0.476636
0.561673,-0.337037,-0.475017
0.563976,-0.334724,-0.473100
0.566122,-0.331939,-0.473015
0.564431,-0.328333,-0.469587
0.563339,-0.327411,-0.466686
0.565739,-0.322894,-0.467031
0.565890,-0.321512,-0.465283
0.566757,-0.320167,-0.463243
0.566125,-0.316097,-0.461014
0.566728,-0.314163,-0.460750
0.566570,-0.308351,-0.454788
0.571300,-0.304800,-0.454810
0.569315,-0.302448,-0.452874
0.570155,-0.300472,-0.451718
0.571421,-0.298297,-0.451019
0.568874,-0.296232,-0.449581
0.571155,-0.294333,-0.446210
0.569572,-0.291667,-0.446454
0.569284,-0.290839,-0.445934
0.569397,-0.289701,-0.445009
0.567219,-0.285483,-0.443624
0.568220,-0.284529,-0.445508
0.567224,-0.282151,-0.445650
0.565896,-0.283453,-0.445511
0.566910,-0.280621,-0.442189
0.563208,-0.280599,-0.444022
0.561365,-0.279216,-0.444294
0.561554,-0.277724,-0.443444
0.560454,-0.276498,-0.443415
0.558390,-0.275178,-0.442481
0.559511,-0.273808,-0.445005
0.559000,-0.271255,-0.445237
0.556718,-0.270623,-0.443788
0.556751,-0.271881,-0.441842
0.556165,-0.269262,-0.444551
0.555586,-0.268242,-0.444468
0.554032,-0.267438,-0.443626
0.552055,-0.265263,-0.443495
0.549159,-0.265677,-0.443088
0.550464,-0.262842,-0.445126
0.549324,-0.264768,-0.442553
0.546526,-0.263493,-0.444101
0.547385,-0.261858,-0.443459
0.544396,-0.260716,-0.443093
0.543578,-0.260842,-0.444232
0.541865,-0.257976,-0.444294
0.542301,-0.256722,-0.442021
0.538900,-0.256568,-0.445040
0.539267,-0.255408,-0.444356
0.538639,-0.257184,-0.444545
0.534723,-0.254715,-0.446209
0.534717,-0.251965,-0.446414
0.531837,-0.252153,-0.444245
0.530086,-0.252625,-0.447299
0.531275,-0.249711,-0.446230
0.528701,-0.250518,-0.446798
0.527777,-0.247778,-0.445055
0.525532,-0.248334,-0.448055
0.525283,-0.249508,-0.450039
0.524071,-0.247624,-0.449845
0.522103,-0.245128,-0.449198
0.519396,-0.247253,-0.449199
0.518346,-0.243891,-0.449480
0.517148,-0.245156,-0.452615
0.513333,-0.243870,-0.452568
0.513294,-0.244035,-0.452305
0.511939,-0.244471,-0.451684
0.509052,-0.243550,-0.453199
0.508020,-0.241544,-0.455432
0.506054,-0.242288,-0.455951
0.503109,-0.242490,-0.455087
0.502883,-0.243668,-0.457642
0.500454,-0.243281,-0.459267
0.495960,-0.240914,-0.461586
0.495640,-0.241629,-0.458989
0.491135,-0.246273,-0.462447
0.485024,-0.243942,-0.466270
0.484495,-0.247979,-0.469607
0.481239,-0.247594,-0.469292
0.478908,-0.245118,-0.471303
0.477226,-0.246503,-0.470249
0.475241,-0.246900,-0.472304
0.475300,-0.244998,-0.473399
0.472996,-0.245147,-0.474243
0.470036,-0.243447,-0.475894
0.469700,-0.242911,-0.475062
0.467745,-0.243976,-0.474543
0.464929,-0.241802,-0.477649
0.463276,-0.242086,-0.476843
0.462114,-0.240729,-0.478408
0.459594,-0.241697,-0.477537
0.460060,-0.240692,-0.477653
0.457628,-0.241067,-0.478735
0.454427,-0.240595,-0.478898
0.455334,-0.239532,-0.480727
0.451479,-0.238026,-0.479976
0.451645,-0.238358,-0.481723
0.448718,-0.239016,-0.482368
0.445469,-0.237997,-0.484572
0.444343,-0.237275,-0.484813
0.441982,-0.236653,-0.484483
0.440750,-0.236076,-0.485206
0.441598,-0.236421,-0.486493
0.437494,-0.237103,-0.487468
0.434535,-0.235212,-0.487193
0.433730,-0.234911,-0.487768
0.430734,-0.235286,-0.490895
0.428690,-0.232412,-0.491704
0.426819,-0.233874,-0.492522
0.424272,-0.235207,-0.493442
0.421501,-0.234331,-0.494559
0.420974,-0.234779,-0.496496
0.420123,-0.236916,-0.496302
0.414466,-0.234355,-0.499551
0.412541,-0.233507,-0.499915
0.411243,-0.236484,-0.502606
0.407951,-0.234236,-0.502943
0.405822,-0.236109,-0.505484
0.403577,-0.233826,-0.505756
0.400315,-0.236965,-0.506845
0.397132,-0.236070,-0.510693
0.394978,-0.237631,-0.511094
0.390618,-0.237777,-0.512929
0.388278,-0.238734,-0.516937
0.384440,-0.237917,-0.516094
0.382074,-0.239116,-0.518246
0.378386,-0.240438,-0.522059
0.374547,-0.241085,-0.523931
0.371403,-0.244340,-0.526757
0.363919,-0.248481,-0.534989
0.553222,-0.369432,-0.494402
0.554474,-0.364489,-0.490297
0.556361,-0.361111,-0.487671
0.559532,-0.356358,-0.485160
0.560377,-0.355037,-0.483083
0.561069,-0.353506,-0.483028
0.561416,-0.348812,-0.482028
0.561128,-0.346401,-0.477238
0.562663,-0.343862,-0.474856
0.562452,-0.339907,-0.476011
0.561594,-0.338637,-0.474563
0.562498,-0.337092,-0.473150
0.563741,-0.334301,-0.471772
0.563331,-0.330881,-0.471268
0.563134,-0.328384,-0.469074
0.564052,-0.326540,-0.465057
0.564387,-0.322526,-0.464023
0.563779,-0.319991,-0.462119
0.562600,-0.318560,-0.461512
0.564102,-0.316462,-0.459196
0.566299,-0.313014,-0.459466
0.567245,-0.309253,-0.455946
0.567743,-0.304897,-0.453199
0.568618,-0.300598,-0.451800
0.569409,-0.301678,-0.449837
0.568660,-0.298273,-0.449360
0.567895,-0.295259,-0.446669
0.569189,-0.292698,-0.445146
0.565650,-0.292018,-0.444895
0.568314,-0.289398,-0.446708
0.567014,-0.286806,-0.444409
0.565842,-0.286003,-0.444669
0.567143,-0.286086,-0.443909
0.565098,-0.286030,-0.442110
0.563833,-0.284364,-0.445012
0.561532,-0.280812,-0.443887
0.561628,-0.281790,-0.442903
0.561207,-0.278560,-0.443327
0.558487,-0.277157,-0.442751
0.557927,-0.276138,-0.441897
0.558037,-0.271763,-0.440413
0.556640,-0.274952,-0.444120
0.554580,-0.271455,-0.443927
0.555100,-0.270974,-0.442138
0.552532,-0.270719,-0.442862
0.554018,-0.270342,-0.440750
0.551455,-0.270066,-0.442234
0.550366,-0.266962,-0.442218
0.548717,-0.266391,-0.442378
0.548499,-0.264470,-0.440179
0.548574,-0.262579,-0.442358
0.545347,-0.263066,-0.442105
0.544760,-0.263187,-0.442269
0.542512,-0.263086,-0.442226
0.542893,-0.261744,-0.442846
0.541429,-0.260596,-0.441342
0.539109,-0.259802,-0.443763
0.537285,-0.257581,-0.443801
0.538050,-0.256273,-0.443446
0.537007,-0.255940,-0.445077
0.534910,-0.254937,-0.445368
0.534286,-0.252826,-0.444297
0.531312,-0.254466,-0.445775
0.530570,-0.254293,-0.445051
0.530297,-0.252810,-0.447603
0.526871,-0.251826,-0.447293
0.528308,-0.251064,-0.446702
0.524927,-0.247114,-0.447139
0.523844,-0.249224,-0.447100
0.520487,-0.248379,-0.447072
0.520683,-0.249242,-0.448754
0.516756,-0.247639,-0.448221
0.515042,-0.248555,-0.448870
0.516946,-0.246195,-0.450744
0.513619,-0.247704,-0.449878
0.513621,-0.245397,-0.451019
0.508804,-0.245838,-0.452243
0.508613,-0.242435,-0.452639
0.506810,-0.245416,-0.453852
0.502838,-0.243620,-0.454943
0.503160,-0.246140,-0.455931
0.499009,-0.244035,-0.455908
0.497378,-0.241645,-0.457113
0.495723,-0.243272,-0.459758
0.492079,-0.244978,-0.460843
0.489780,-0.244193,-0.462949
0.485581,-0.245980,-0.464409
0.483411,-0.248298,-0.467940
0.479779,-0.250841,-0.471433
0.477594,-0.248583,-0.470797
0.475878,-0.246879,-0.471878
0.475203,-0.245861,-0.472558
0.472976,-0.247371,-0.470907
0.471518,-0.246349,-0.473465
0.469698,-0.246348,-0.474046
0.469542,-0.244809,-0.473125
0.468326,-0.244604,-0.475563
0.466775,-0.242951,-0.474419
0.464381,-0.243067,-0.474938
0.462760,-0.242512,-0.477353
0.461393,-0.241878,-0.477408
0.458386,-0.239913,-0.476857
0.458199,-0.239723,-0.479141
0.456531,-0.239429,-0.478345
0.452251,-0.239874,-0.478800
0.451900,-0.239233,-0.480166
0.449213,-0.240012,-0.481321
0.447369,-0.240031,-0.481836
0.445507,-0.240042,-0.482842
0.442523,-0.238176,-0.485904
0.442688,-0.237427,-0.482653
0.440505,-0.236558,-0.486475
0.437923,-0.237455,-0.484906
0.435183,-0.238360,-0.485567
0.433486,-0.236759,-0.487105
0.432061,-0.234778,-0.488849
0.429782,-0.236898,-0.490386
0.426595,-0.235360,-0.490588
0.425356,-0.235322,-0.490083
0.424377,-0.239148,-0.491589
0.420465,-0.236821,-0.493871
0.419729,-0.236786,-0.493875
0.415846,-0.234247,-0.496377
0.415487,-0.236587,-0.498455
0.414197,-0.236510,-0.499690
0.410978,-0.234719,-0.501003
0.406918,-0.237174,-0.498640
0.405754,-0.236208,-0.501225
0.400630,-0.235171,-0.506011
0.399922,-0.237984,-0.505984
0.397027,-0.238090,-0.507300
0.395836,-0.237718,-0.509840
0.392905,-0.239650,-0.510444
0.386485,-0.239418,-0.512811
0.384215,-0.239127,-0.513919
0.382514,-0.239325,-0.516462
0.377783,-0.242012,-0.518600
0.375104,-0.241109,-0.523597
0.371572,-0.242553,-0.525063
0.554284,-0.368988,-0.491351
0.554756,-0.361777,-0.488444
0.557203,-0.360524,-0.483310
0.557112,-0.357614,-0.483578
0.557712,-0.353564,-0.481776
0.558605,-0.350322,-0.480568
0.561734,-0.349237,-0.480567
0.558194,-0.344941,-0.477162
0.561401,-0.344209,-0.475958
0.559474,-0.340888,-0.473769
0.560053,-0.338333,-0.472595
0.561219,-0.337227,-0.469321
0.561252,-0.333817,-0.468881
0.560255,-0.329022,-0.469971
0.560809,-0.327413,-0.466417
0.561308,-0.325526,-0.465437
0.560846,-0.323436,-0.464106
0.561392,-0.321149,-0.461895
0.563496,-0.319060,-0.462453
0.564213,-0.314348,-0.459020
0.563124,-0.313822,-0.458572
0.563539,-0.308700,-0.455689
0.567420,-0.302460,-0.453268
0.567375,-0.301333,-0.450124
0.567242,-0.299568,-0.448738
0.566047,-0.298299,-0.448063
0.566556,-0.294431,-0.444953
0.567049,-0.295058,-0.445400
0.568218,-0.291837,-0.443148
0.566706,-0.289495,-0.441592
0.564286,-0.287471,-0.443522
0.565531,-0.286565,-0.443002
0.562429,-0.285416,-0.443781
0.562680,-0.282498,-0.444273
0.561391,-0.282231,-0.441600
0.559752,-0.280874,-0.442245
0.561487,-0.279314,-0.441419
0.559314,-0.279255,-0.442486
0.557221,-0.277985,-0.440329
0.557430,-0.276395,-0.442965
0.554032,-0.275104,-0.440482
0.555295,-0.274779,-0.441634
0.552168,-0.271833,-0.441384
0.552802,-0.272289,-0.440280
0.550901,-0.273038,-0.441716
0.550068,-0.270579,-0.441990
0.549116,-0.270408,-0.442173
0.548490,-0.267266,-0.440696
0.548043,-0.268210,-0.442998
0.545521,-0.264188,-0.441351
0.543299,-0.266066,-0.439401
0.544437,-0.265684,-0.441646
0.542841,-0.264505,-0.443558
0.540370,-0.258757,-0.442072
0.541293,-0.261332,-0.443488
0.538355,-0.258988,-0.442731
0.536583,-0.257777,-0.443182
0.535966,-0.257542,-0.443184
0.534074,-0.259167,-0.443468
0.533200,-0.256881,-0.444524
0.533691,-0.256299,-0.445314
0.531237,-0.255764,-0.444412
0.528288,-0.255043,-0.445703
0.528869,-0.254653,-0.445621
0.527056,-0.252918,-0.444557
0.524513,-0.251702,-0.445004
0.523112,-0.250280,-0.447696
0.521798,-0.250432,-0.444543
0.519815,-0.248298,-0.446670
0.517946,-0.250226,-0.446679
0.516512,-0.247927,-0.447868
0.516195,-0.249583,-0.449011
0.516733,-0.247079,-0.448908
0.513043,-0.245577,-0.448778
0.509473,-0.247183,-0.447947
0.507683,-0.246630,-0.450854
0.506130,-0.244468,-0.452369
0.504589,-0.244610,-0.453475
0.502484,-0.245709,-0.454386
0.501615,-0.246029,-0.453105
0.499837,-0.244314,-0.455601
0.497064,-0.246105,-0.457426
0.492502,-0.245007,-0.458216
0.490483,-0.246948,-0.462248
0.482647,-0.249100,-0.464558
0.481813,-0.250692,-0.467084
0.482626,-0.252137,-0.468268
0.478032,-0.248624,-0.469060
0.476880,-0.249875,-0.470854
0.474495,-0.249018,-0.469901
0.473853,-0.250508,-0.470864
0.472518,-0.248540,-0.469336
0.472353,-0.247805,-0.471276
0.467886,-0.245250,-0.472205
0.466217,-0.245717,-0.473514
0.466821,-0.243956,-0.472390
0.463356,-0.244888,-0.473023
0.461181,-0.244009,-0.475011
0.458445,-0.242248,-0.474608
0.456775,-0.243354,-0.475646
0.455641,-0.241093,-0.475449
0.454644,-0.243166,-0.476493
0.453171,-0.240317,-0.477588
0.452803,-0.241664,-0.478332
0.449692,-0.241130,-0.479415
0.447243,-0.241092,-0.480581
0.448220,-0.241278,-0.481641
0.444851,-0.240898,-0.482435
0.441447,-0.236947,-0.481314
0.439607,-0.237010,-0.483375
0.437625,-0.239367,-0.483336
0.436206,-0.237905,-0.484805
0.435755,-0.238988,-0.486492
0.434469,-0.237947,-0.487876
0.432382,-0.237283,-0.489073
0.429244,-0.237215,-0.487923
0.427331,-0.239163,-0.488798
0.425430,-0.236221,-0.487761
0.423482,-0.237290,-0.490639
0.420762,-0.237952,-0.492471
0.417489,-0.237642,-0.494461
0.415541,-0.235248,-0.495405
0.414400,-0.236526,-0.496132
0.411405,-0.237365,-0.497659
0.408923,-0.235390,-0.501161
0.406537,-0.236399,-0.500766
0.401131,-0.236540,-0.501156
0.400957,-0.237208,-0.502461
0.399394,-0.238151,-0.506126
0.394897,-0.239336,-0.505637
0.392092,-0.237879,-0.506730
0.388777,-0.238335,-0.510797
0.386711,-0.237867,-0.512925
0.382574,-0.240837,-0.513311
0.380610,-0.240237,-0.514740
0.377844,-0.243514,-0.519657
0.373794,-0.244391,-0.518530
0.366320,-0.245372,-0.524766
0.549666,-0.370748,-0.493625
0.553549,-0.366237,-0.489478
0.555043,-0.363159,-0.485735
0.554498,-0.358026,-0.482545
0.555160,-0.353603,-0.481223
0.555250,-0.352929,-0.479473
0.557210,-0.350799,-0.476699
0.557798,-0.346056,-0.475476
0.557376,-0.344273,-0.474307
0.559558,-0.343456,-0.472430
0.559306,-0.341173,-0.470919
0.559051,-0.338533,-0.470264
0.558798,-0.333476,-0.469140
0.561211,-0.335108,-0.468812
0.559401,-0.328754,-0.468956
0.560068,-0.328943,-0.466515
0.557606,-0.323726,-0.466149
0.559101,-0.322528,-0.463406
0.559705,-0.320066,-0.460369
0.561047,-0.318386,-0.459433
0.560325,-0.315400,-0.459383
0.561436,-0.313229,-0.457044
0.561211,-0.309956,-0.454394
0.563498,-0.304001,-0.449264
0.564314,-0.300806,-0.448434
0.566552,-0.299076,-0.446704
0.566893,-0.295314,-0.445565
0.565438,-0.294938,-0.444630
0.565738,-0.294304,-0.443261
0.564113,-0.290514,-0.444761
0.563365,-0.290744,-0.440706
0.562517,-0.288451,-0.442840
0.561293,-0.287754,-0.441738
0.560785,-0.284174,-0.442005
0.561751,-0.285083,-0.443058
0.560337,-0.283232,-0.442386
0.557111,-0.281752,-0.440643
0.557336,-0.280353,-0.440415
0.557932,-0.278143,-0.438546
0.557099,-0.277682,-0.440094
0.556693,-0.274987,-0.439771
0.556509,-0.274674,-0.441152
0.552836,-0.274086,-0.440659
0.552778,-0.271818,-0.441669
0.549848,-0.272968,-0.439858
0.550123,-0.271680,-0.440853
0.546964,-0.269559,-0.442743
0.546922,-0.268419,-0.437838
0.545669,-0.269504,-0.439848
0.546130,-0.266740,-0.441364
0.543834,-0.267229,-0.440799
0.541572,-0.266586,-0.440003
0.539967,-0.263905,-0.441608
0.540397,-0.262606,-0.441248
0.538339,-0.263897,-0.443083
0.536111,-0.262474,-0.441398
0.535498,-0.259288,-0.442133
0.534562,-0.260186,-0.441423
0.534193,-0.257984,-0.442095
0.532446,-0.258977,-0.441902
0.530809,-0.254969,-0.442754
0.528683,-0.256934,-0.441869
0.528544,-0.255470,-0.442892
0.527944,-0.253361,-0.444429
0.525929,-0.254342,-0.443621
0.525346,-0.252007,-0.444338
0.521738,-0.251587,-0.446618
0.521876,-0.251247,-0.444385
0.519992,-0.250126,-0.444671
0.517830,-0.251693,-0.446548
0.517728,-0.250157,-0.446498
0.513131,-0.250213,-0.445853
0.513548,-0.249302,-0.447264
0.510113,-0.250627,-0.449840
0.509064,-0.247986,-0.448894
0.507163,-0.248357,-0.450471
0.505023,-0.247220,-0.451542
0.501522,-0.248307,-0.451454
0.500459,-0.247354,-0.454288
0.496816,-0.246287,-0.455331
0.496806,-0.246458,-0.456483
0.494394,-0.249049,-0.458094
0.489271,-0.249531,-0.458731
0.484849,-0.252741,-0.464050
0.479628,-0.251867,-0.467689
0.481037,-0.252683,-0.466247
0.480254,-0.252576,-0.465659
0.476966,-0.250224,-0.466167
0.475811,-0.251437,-0.469260
0.475146,-0.250464,-0.468751
0.471813,-0.248574,-0.470051
0.469969,-0.249983,-0.470823
0.469789,-0.247293,-0.471062
0.466706,-0.248595,-0.470389
0.466501,-0.245670,-0.471314
0.462643,-0.247150,-0.470435
0.463441,-0.245721,-0.473708
0.462739,-0.245325,-0.474351
0.459157,-0.245196,-0.473312
0.458992,-0.242765,-0.474821
0.455529,-0.243457,-0.473393
0.455350,-0.243580,-0.475639
0.454118,-0.242352,-0.477657
0.450152,-0.241893,-0.477078
0.447626,-0.242115,-0.477822
0.448042,-0.242107,-0.479473
0.444523,-0.240545,-0.478565
0.441090,-0.239185,-0.479710
0.439986,-0.240102,-0.481460
0.439169,-0.240171,-0.482987
0.438102,-0.238774,-0.481982
0.438173,-0.237317,-0.484328
0.433387,-0.237929,-0.484243
0.429748,-0.237663,-0.486777
0.430791,-0.237215,-0.487274
0.428686,-0.238272,-0.487986
0.425806,-0.238111,-0.487529
0.424447,-0.237141,-0.489891
0.422862,-0.236804,-0.490986
0.418603,-0.238546,-0.490785
0.416627,-0.237762,-0.492925
0.415353,-0.236232,-0.493723
0.413382,-0.236029,-0.495581
0.410807,-0.239153,-0.495937
0.405051,-0.237908,-0.497791
0.405851,-0.239212,-0.499822
0.400833,-0.237282,-0.501850
0.400050,-0.239794,-0.502147
0.396354,-0.238780,-0.503956
0.394413,-0.236780,-0.505037
0.390060,-0.240150,-0.507912
0.388245,-0.240254,-0.508889
0.384770,-0.240241,-0.509673
0.382790,-0.240736,-0.513104
0.378990,-0.242659,-0.516447
0.376548,-0.243496,-0.516807
0.373134,-0.244338,-0.520072
0.365390,-0.247027,-0.525408
0.548512,-0.376266,-0.495310
0.552861,-0.367698,-0.489498
0.553663,-0.364648,-0.485910
0.553915,-0.359510,-0.483718
0.553842,-0.357064,-0.482131
0.556851,-0.353640,-0.478004
0.553908,-0.350202,-0.476084
0.557119,-0.348358,-0.477040
0.556281,-0.345400,-0.473267
0.556649,-0.344592,-0.472313
0.557125,-0.340778,-0.471148
0.557150,-0.340097,-0.469148
0.555065,-0.336994,-0.467898
0.557468,-0.332817,-0.466735
0.557128,-0.332050,-0.467400
0.556798,-0.328460,-0.464532
0.557892,-0.328508,-0.464004
0.559177,-0.326792,-0.463237
0.556080,-0.323402,-0.461340
0.556172,-0.320434,-0.459195
0.558156,-0.318873,-0.459267
0.559115,-0.316128,-0.455725
0.557785,-0.311190,-0.454711
0.559639,-0.308993,-0.451916
0.562520,-0.304077,-0.447430
0.560796,-0.300691,-0.445893
0.564273,-0.298571,-0.444776
0.562434,-0.297191,-0.447373
0.562395,-0.295545,-0.445287
0.563189,-0.292789,-0.445440
0.562039,-0.290516,-0.443817
0.560271,-0.291631,-0.442300
0.561007,-0.285992,-0.439688
0.559262,-0.284450,-0.441782
0.559322,-0.284919,-0.440012
0.554953,-0.283952,-0.440064
0.557508,-0.280916,-0.439902
0.555708,-0.281771,-0.438872
0.554776,-0.278761,-0.438935
0.552242,-0.278266,-0.441840
0.553925,-0.277484,-0.439874
0.553240,-0.275811,-0.439140
0.552877,-0.276566,-0.438321
0.551403,-0.273958,-0.441127
0.549495,-0.273692,-0.438962
0.547636,-0.269769,-0.437644
0.545972,-0.271437,-0.439783
0.546970,-0.268564,-0.439606
0.544731,-0.268443,-0.438264
0.543524,-0.266594,-0.439999
0.543014,-0.266461,-0.440830
0.543071,-0.264883,-0.439592
0.540767,-0.264089,-0.442016
0.539229,-0.264165,-0.439021
0.538508,-0.263944,-0.440320
0.536158,-0.262093,-0.441143
0.534970,-0.261460,-0.439649
0.533672,-0.261854,-0.440672
0.532726,-0.260729,-0.441550
0.531140,-0.256121,-0.442313
0.529648,-0.258531,-0.443269
0.528122,-0.256658,-0.442826
0.527086,-0.257601,-0.441415
0.525526,-0.255391,-0.444070
0.526105,-0.256461,-0.442606
0.522472,-0.255141,-0.444153
0.521347,-0.252286,-0.444070
0.519175,-0.254847,-0.444799
0.518906,-0.252009,-0.445846
0.515955,-0.252221,-0.446168
0.513714,-0.251984,-0.446359
0.514163,-0.250464,-0.447373
0.511300,-0.249453,-0.448400
0.508251,-0.247873,-0.448521
0.508860,-0.248665,-0.448822
0.504192,-0.251128,-0.450611
0.504170,-0.251769,-0.449795
0.502165,-0.248345,-0.452826
0.498368,-0.248972,-0.453583
0.497551,-0.249163,-0.455169
0.493371,-0.250653,-0.455549
0.488844,-0.255401,-0.459975
0.483916,-0.255516,-0.463536
0.482883,-0.254770,-0.463976
0.481637,-0.253634,-0.467221
0.480162,-0.252146,-0.465200
0.478620,-0.253242,-0.464272
0.476501,-0.251268,-0.465908
0.474803,-0.252504,-0.468363
0.472862,-0.250953,-0.470091
0.473016,-0.249198,-0.468454
0.469849,-0.251112,-0.469051
0.468373,-0.249656,-0.468743
0.466877,-0.247680,-0.467538
0.466747,-0.247573,-0.469094
0.465078,-0.247812,-0.472709
0.462200,-0.246204,-0.471116
0.460169,-0.245454,-0.471808
0.458308,-0.245796,-0.472858
0.455758,-0.245040,-0.472510
0.454472,-0.242632,-0.473613
0.454949,-0.243309,-0.474959
0.451456,-0.244002,-0.476808
0.450240,-0.244097,-0.477040
0.445885,-0.243203,-0.478632
0.444384,-0.242911,-0.476662
0.442155,-0.242198,-0.477069
0.442682,-0.241688,-0.479488
0.440576,-0.241131,-0.480230
0.440875,-0.240008,-0.481364
0.435438,-0.238795,-0.482401
0.434752,-0.240383,-0.483014
0.433247,-0.239776,-0.482449
0.430723,-0.239508,-0.485693
0.430666,-0.238046,-0.485246
0.427355,-0.239864,-0.484512
0.425374,-0.238697,-0.485244
0.422466,-0.238143,-0.488447
0.419855,-0.238785,-0.489507
0.418466,-0.238558,-0.490176
0.414737,-0.238562,-0.493049
0.413235,-0.239067,-0.492437
0.411545,-0.236942,-0.492738
0.408498,-0.239357,-0.496630
0.406886,-0.238201,-0.497030
0.404017,-0.239303,-0.498186
0.400925,-0.238446,-0.496755
0.398706,-0.240169,-0.501059
0.398060,-0.239560,-0.502286
0.392759,-0.238293,-0.504314
0.392574,-0.240114,-0.505090
0.388690,-0.239658,-0.505712
0.383725,-0.239550,-0.508060
0.382697,-0.241796,-0.511832
0.378226,-0.243619,-0.513821
0.374513,-0.243789,-0.517132
0.370703,-0.248979,-0.520303
0.364744,-0.249383,-0.523336
0.545916,-0.371734,-0.490909
0.549369,-0.368190,-0.488775
0.553443,-0.360959,-0.481155
0.553779,-0.359097,-0.481345
0.553443,-0.358109,-0.477956
0.554591,-0.352892,-0.478253
0.552784,-0.348888,-0.475168
0.553731,-0.348113,-0.473253
0.556177,-0.345887,-0.472847
0.553712,-0.344041,-0.471743
0.555731,-0.339289,-0.469790
0.555982,-0.337643,-0.469429
0.554943,-0.337671,-0.467868
0.555672,-0.334309,-0.466644
0.554993,-0.332092,-0.463139
0.556593,-0.328858,-0.463967
0.556082,-0.327692,-0.463354
0.554693,-0.325106,-0.462116
0.553229,-0.323877,-0.460097
0.555493,-0.319625,-0.459338
0.555018,-0.318485,-0.458016
0.555358,-0.314795,-0.457797
0.557566,-0.311515,-0.453756
0.557457,-0.308099,-0.452364
0.561055,-0.302446,-0.447383
0.561507,-0.301591,-0.445705
0.561886,-0.298636,-0.443719
0.560636,-0.295431,-0.444068
0.560924,-0.294656,-0.442201
0.559669,-0.293018,-0.440118
0.559421,-0.289769,-0.441479
0.558338,-0.289521,-0.441992
0.557714,-0.287324,-0.440472
0.559025,-0.286855,-0.441141
0.556244,-0.285191,-0.440776
0.555619,-0.284878,-0.439709
0.555050,-0.283874,-0.439708
0.554028,-0.281670,-0.438486
0.552098,-0.280915,-0.436890
0.552565,-0.278184,-0.438660
0.551669,-0.277557,-0.437270
0.552661,-0.276805,-0.439108
0.547908,-0.275287,-0.436967
0.547608,-0.274162,-0.438762
0.546409,-0.272832,-0.439190
0.547325,-0.270954,-0.438374
0.544200,-0.270976,-0.435908
0.544460,-0.269086,-0.437299
0.541523,-0.269549,-0.438699
0.541825,-0.269129,-0.437904
0.541408,-0.266878,-0.438781
0.538829,-0.267751,-0.439650
0.537743,-0.265610,-0.439689
0.536989,-0.266508,-0.438971
0.533248,-0.262775,-0.439358
0.534952,-0.261155,-0.439132
0.532336,-0.262004,-0.440643
0.530784,-0.260813,-0.439552
0.530518,-0.260333,-0.440839
0.527831,-0.260380,-0.439665
0.526136,-0.260020,-0.442110
0.525275,-0.258876,-0.444020
0.524312,-0.258200,-0.442501
0.520414,-0.256954,-0.442955
0.520611,-0.257429,-0.442675
0.520539,-0.255274,-0.443710
0.518682,-0.254353,-0.443582
0.516662,-0.253972,-0.443911
0.515020,-0.252449,-0.442971
0.513358,-0.253039,-0.446201
0.513670,-0.251810,-0.445839
0.508630,-0.252402,-0.445316
0.507937,-0.252857,-0.447887
0.506808,-0.253429,-0.447629
0.504119,-0.251242,-0.450946
0.502645,-0.248487,-0.451245
0.500078,-0.250827,-0.452356
0.497027,-0.252826,-0.453502
0.492245,-0.253091,-0.455333
0.487585,-0.257215,-0.461509
0.484579,-0.255534,-0.462639
0.484544,-0.256255,-0.462243
0.482864,-0.254124,-0.463897
0.480018,-0.254663,-0.465025
0.478405,-0.255002,-0.466440
0.477133,-0.254039,-0.463572
0.474930,-0.252051,-0.465560
0.474403,-0.254838,-0.466194
0.471746,-0.249122,-0.468716
0.471524,-0.252842,-0.465969
0.468888,-0.251854,-0.466935
0.467603,-0.249975,-0.470034
0.463110,-0.250272,-0.467580
0.464626,-0.249582,-0.470559
0.462305,-0.249803,-0.467032
0.461711,-0.248472,-0.470879
0.458650,-0.247827,-0.470678
0.457106,-0.246549,-0.470313
0.455429,-0.245704,-0.472159
0.453626,-0.246636,-0.473100
0.451833,-0.244841,-0.472382
0.449036,-0.246452,-0.473736
0.448736,-0.244596,-0.475538
0.446467,-0.243280,-0.476315
0.442830,-0.242923,-0.477084
0.443738,-0.242464,-0.478755
0.440155,-0.244155,-0.478372
0.439710,-0.241692,-0.480074
0.438308,-0.242061,-0.480311
0.435948,-0.240102,-0.480556
0.434780,-0.241497,-0.481410
0.432516,-0.241018,-0.481842
0.430246,-0.242971,-0.481718
0.426845,-0.240006,-0.484296
0.424068,-0.241384,-0.484415
0.423284,-0.237937,-0.485302
0.421354,-0.238560,-0.485658
0.419813,-0.240587,-0.487084
0.415816,-0.239236,-0.487724
0.415467,-0.240947,-0.490216
0.412540,-0.240104,-0.489833
0.411139,-0.239132,-0.493249
0.408272,-0.239587,-0.492968
0.406780,-0.237780,-0.493105
0.403212,-0.240724,-0.496048
0.399521,-0.240647,-0.498452
0.398186,-0.241673,-0.500650
0.396745,-0.241688,-0.499120
0.389521,-0.241876,-0.502325
0.389732,-0.242208,-0.503743
0.386377,-0.240806,-0.506444
0.382891,-0.241883,-0.508878
0.380920,-0.243311,-0.509263
0.379132,-0.243504,-0.512849
0.374225,-0.245992,-0.514868
0.366975,-0.249049,-0.519799
0.362321,-0.251894,-0.524449
0.544497,-0.377356,-0.490516
0.546148,-0.370667,-0.487894
0.549539,-0.365134,-0.480882
0.551160,-0.361103,-0.480425
0.551273,-0.357237,-0.479808
0.552588,-0.355767,-0.477631
0.553251,-0.352550,-0.473221
0.553932,-0.348968,-0.474111
0.552609,-0.347242,-0.472560
0.553662,-0.347085,-0.469021
0.553467,-0.343643,-0.467662
0.553513,-0.338648,-0.468512
0.554687,-0.338016,-0.467913
0.554266,-0.336297,-0.465527
0.553882,-0.332869,-0.465350
0.553714,-0.330275,-0.463309
0.552285,-0.329848,-0.462475
0.553825,-0.327912,-0.462289
0.553353,-0.325233,-0.458744
0.552664,-0.325050,-0.460521
0.550614,-0.322259,-0.458821
0.551389,-0.318029,-0.455874
0.553376,-0.316018,-0.456289
0.554257,-0.312325,-0.452269
0.555647,-0.310763,-0.448310
0.557932,-0.304954,-0.447985
0.556822,-0.301777,-0.444247
0.557010,-0.298698,-0.444623
0.558222,-0.299113,-0.442255
0.558290,-0.294961,-0.443199
0.559318,-0.293711,-0.442068
0.556332,-0.291149,-0.440855
0.557001,-0.289121,-0.438626
0.557161,-0.289038,-0.438637
0.554064,-0.287943,-0.440807
0.554513,-0.283554,-0.441316
0.553872,-0.283179,-0.436753
0.553075,-0.283073,-0.438754
0.552513,-0.281019,-0.437377
0.550910,-0.281389,-0.438227
0.549447,-0.280361,-0.438095
0.548810,-0.276161,-0.437688
0.548578,-0.277509,-0.438460
0.544801,-0.275800,-0.438845
0.545080,-0.275298,-0.435792
0.543879,-0.272152,-0.436572
0.541768,-0.271390,-0.436394
0.542878,-0.271919,-0.437180
0.541219,-0.268624,-0.436048
0.539616,-0.270606,-0.439733
0.539313,-0.269769,-0.438167
0.538185,-0.266086,-0.438837
0.536042,-0.266083,-0.437631
0.535616,-0.266264,-0.437652
0.533143,-0.266331,-0.438223
0.532570,-0.263033,-0.439805
0.532038,-0.264980,-0.438991
0.529373,-0.262565,-0.439734
0.528626,-0.261912,-0.439335
0.527910,-0.261726,-0.439831
0.525586,-0.259803,-0.440016
0.523480,-0.260154,-0.440342
0.523345,-0.258701,-0.439518
0.522339,-0.257920,-0.442401
0.518387,-0.257014,-0.441261
0.518507,-0.257591,-0.443391
0.516711,-0.256043,-0.442668
0.513271,-0.254634,-0.442586
0.512116,-0.253706,-0.444227
0.512929,-0.254760,-0.443663
0.510770,-0.254970,-0.446574
0.507807,-0.255319,-0.447078
0.506631,-0.251274,-0.446347
0.505450,-0.252070,-0.448080
0.502185,-0.252941,-0.449552
0.500856,-0.254518,-0.453398
0.497454,-0.252866,-0.451580
0.492886,-0.256633,-0.456598
0.486722,-0.258313,-0.459929
0.485190,-0.258813,-0.461921
0.485874,-0.258850,-0.462071
0.482916,-0.256886,-0.462214
0.482389,-0.256347,-0.462010
0.478816,-0.255373,-0.462594
0.477544,-0.255402,-0.463234
0.474408,-0.254518,-0.463702
0.472153,-0.252831,-0.465199
0.470045,-0.253969,-0.465698
0.471285,-0.252157,-0.465959
0.468507,-0.253006,-0.467068
0.466148,-0.254150,-0.466010
0.464468,-0.249070,-0.466513
0.463324,-0.251819,-0.466759
0.464945,-0.249478,-0.467762
0.461774,-0.248916,-0.469624
0.459852,-0.249292,-0.469308
0.458490,-0.246476,-0.470006
0.455650,-0.248294,-0.470902
0.453689,-0.248156,-0.470858
0.453214,-0.246920,-0.471993
0.450209,-0.245364,-0.474019
0.449014,-0.245538,-0.472546
0.446979,-0.245166,-0.475871
0.443684,-0.245152,-0.474878
0.443667,-0.246154,-0.476449
0.441030,-0.244575,-0.477285
0.439139,-0.245101,-0.477852
0.439424,-0.246061,-0.477836
0.436756,-0.241935,-0.479464
0.433571,-0.240920,-0.479685
0.431010,-0.241695,-0.480386
0.429110,-0.240149,-0.481419
0.427938,-0.241055,-0.480281
0.426729,-0.243281,-0.481949
0.423418,-0.239777,-0.484050
0.423212,-0.239399,-0.483758
0.420859,-0.241149,-0.487563
0.418804,-0.240238,-0.487420
0.418304,-0.241462,-0.489075
0.414041,-0.240802,-0.488730
0.412356,-0.240619,-0.489509
0.411418,-0.240526,-0.492827
0.406563,-0.241247,-0.493503
0.404717,-0.241032,-0.494344
0.403865,-0.240742,-0.493048
0.399226,-0.238914,-0.496853
0.397735,-0.241534,-0.497334
0.395018,-0.241113,-0.499861
0.390197,-0.241294,-0.500862
0.388351,-0.242401,-0.502946
0.388011,-0.241755,-0.503245
0.382309,-0.243075,-0.507166
0.379163,-0.245915,-0.507790
0.376199,-0.244929,-0.510491
0.370583,-0.247107,-0.514570
0.367809,-0.250036,-0.517414
0.356883,-0.255560,-0.527929
0.543398,-0.374157,-0.489210
0.548254,-0.366864,-0.485213
0.549276,-0.364166,-0.480888
0.548138,-0.362583,-0.479110
0.550829,-0.356574,-0.477388
0.550936,-0.355227,-0.474331
0.551647,-0.351655,-0.470618
0.551082,-0.350967,-0.472484
0.553536,-0.346850,-0.469225
0.550669,-0.343634,-0.467999
0.551928,-0.340443,-0.465999
0.551853,-0.338324,-0.465450
0.552572,-0.337396,-0.466185
0.551442,-0.335800,-0.463044
0.551433,-0.332897,-0.462776
0.551232,-0.331249,-0.460089
0.552395,-0.330453,-0.462127
0.551257,-0.326804,-0.459798
0.550550,-0.323797,-0.457183
0.550444,-0.323612,-0.458037
0.550293,-0.321465,-0.457901
0.550346,-0.318487,-0.458067
0.549766,-0.315314,-0.454879
0.551879,-0.311307,-0.452191
0.554383,-0.309207,-0.447104
0.553978,-0.304444,-0.447765
0.556044,-0.302895,-0.443652
0.555124,-0.299811,-0.443885
0.555596,-0.298001,-0.444473
0.555005,-0.294698,-0.442372
0.555179,-0.292343,-0.439071
0.553922,-0.292945,-0.439143
0.556468,-0.291407,-0.439972
0.554201,-0.288208,-0.437442
0.550883,-0.287427,-0.438662
0.554508,-0.286077,-0.439142
0.550993,-0.285616,-0.437414
0.550713,-0.283575,-0.437451
0.549905,-0.282191,-0.436785
0.546879,-0.280239,-0.436868
0.546417,-0.278761,-0.439132
0.546248,-0.279072,-0.436137
0.545785,-0.278906,-0.436562
0.546006,-0.278169,-0.436451
0.543371,-0.273188,-0.438031
0.541667,-0.274199,-0.436885
0.540734,-0.272502,-0.437787
0.538185,-0.272650,-0.436370
0.539147,-0.270376,-0.438794
0.538400,-0.269664,-0.436776
0.535764,-0.269728,-0.436247
0.533839,-0.267327,-0.438076
0.532818,-0.266072,-0.439350
0.532426,-0.267000,-0.439646
0.530920,-0.265803,-0.436875
0.530271,-0.263342,-0.437754
0.528960,-0.263264,-0.440432
0.527574,-0.264877,-0.440643
0.526739,-0.260268,-0.439652
0.523002,-0.261133,-0.439274
0.522410,-0.263309,-0.440869
0.521672,-0.258723,-0.440076
0.519490,-0.259645,-0.441946
0.518823,-0.260048,-0.440663
0.516327,-0.259343,-0.441927
0.515621,-0.258448,-0.442545
0.514404,-0.256312,-0.442117
0.512739,-0.255814,-0.442527
0.511880,-0.254667,-0.443869
0.508158,-0.254752,-0.444468
0.505821,-0.255224,-0.446602
0.505602,-0.253888,-0.447690
0.503944,-0.254656,-0.446922
0.499527,-0.255063,-0.450951
0.496719,-0.255495,-0.451405
0.490089,-0.259837,-0.457351
0.487514,-0.259505,-0.455993
0.485685,-0.260892,-0.457993
0.483903,-0.260719,-0.460246
0.483026,-0.256743,-0.460234
0.480661,-0.258936,-0.460998
0.479863,-0.257640,-0.461226
0.478486,-0.257574,-0.462345
0.475441,-0.257014,-0.463301
0.474595,-0.257193,-0.461346
0.473227,-0.257764,-0.463406
0.471671,-0.253858,-0.462036
0.469889,-0.254489,-0.465158
0.467289,-0.254538,-0.465501
0.466248,-0.252075,-0.464184
0.465351,-0.253618,-0.466126
0.464092,-0.251394,-0.466558
0.463005,-0.251092,-0.467038
0.459351,-0.249581,-0.467077
0.458714,-0.249408,-0.467470
0.458212,-0.248780,-0.468260
0.457002,-0.248411,-0.468291
0.452239,-0.250504,-0.471161
0.451076,-0.247717,-0.471964
0.449566,-0.247452,-0.469914
0.446100,-0.247068,-0.473517
0.446630,-0.248637,-0.473979
0.443579,-0.244777,-0.473764
0.443637,-0.246940,-0.476449
0.440431,-0.245725,-0.475431
0.437862,-0.244842,-0.477149
0.437065,-0.245288,-0.477492
0.434982,-0.245488,-0.477986
0.432797,-0.243958,-0.479722
0.430309,-0.242335,-0.479179
0.429594,-0.241975,-0.477058
0.425498,-0.241754,-0.480983
0.426662,-0.243402,-0.483143
0.422537,-0.243257,-0.482508
0.421486,-0.242764,-0.483720
0.420309,-0.242399,-0.484480
0.417883,-0.242825,-0.484891
0.414628,-0.241716,-0.487050
0.412385,-0.241563,-0.487221
0.411312,-0.240713,-0.489634
0.408528,-0.240964,-0.488969
0.405923,-0.241961,-0.489848
0.403663,-0.240098,-0.493193
0.402292,-0.242111,-0.493683
0.398882,-0.240755,-0.495837
0.397086,-0.241515,-0.496283
0.393815,-0.242478,-0.499176
0.388846,-0.241483,-0.499115
0.388036,-0.242837,-0.499557
0.387506,-0.242882,-0.503175
0.382138,-0.245466,-0.506050
0.379810,-0.245232,-0.507111
0.377128,-0.246656,-0.510665
0.368743,-0.250955,-0.514800
0.365285,-0.250696,-0.519104
0.354733,-0.257133,-0.525980
0.539680,-0.379240,-0.492028
0.544685,-0.372535,-0.482481
0.545407,-0.364818,-0.480910
0.548685,-0.361901,-0.479712
0.547480,-0.358065,-0.477073
0.547861,-0.356760,-0.475061
0.548103,-0.353119,-0.472059
0.549595,-0.352252,-0.471693
0.551109,-0.348977,-0.468917
0.548765,-0.345738,-0.468415
0.549250,-0.344152,-0.467814
0.551723,-0.342156,-0.466207
0.549655,-0.339389,-0.465894
0.549682,-0.336419,-0.462818
0.547709,-0.335258,-0.463426
0.549414,-0.333687,-0.461535
0.549843,-0.331006,-0.460878
0.549795,-0.328181,-0.459200
0.548509,-0.326919,-0.457743
0.550057,-0.325259,-0.460706
0.549340,-0.321692,-0.456014
0.545712,-0.321951,-0.457013
0.546641,-0.318803,-0.456062
0.549815,-0.316090,-0.454016
0.549576,-0.313775,-0.451542
0.548294,-0.310047,-0.449546
0.552917,-0.306260,-0.448449
0.554694,-0.301810,-0.444544
0.553255,-0.299603,-0.443691
0.554163,-0.298223,-0.439641
0.553094,-0.297504,-0.439334
0.553506,-0.294892,-0.440119
0.553662,-0.292388,-0.438605
0.555275,-0.290128,-0.438762
0.550860,-0.287611,-0.437712
0.549263,-0.286635,-0.437395
0.549442,-0.285154,-0.437689
0.547443,-0.283245,-0.437762
0.546607,-0.282469,-0.437540
0.548955,-0.280357,-0.438587
0.544518,-0.281763,-0.440071
0.544393,-0.281888,-0.435870
0.544237,-0.279269,-0.434716
0.541822,-0.276834,-0.435750
0.541782,-0.277023,-0.437043
0.542462,-0.275154,-0.437722
0.539610,-0.272950,-0.436417
0.538173,-0.272573,-0.435584
0.536996,-0.272904,-0.436002
0.536250,-0.269981,-0.437181
0.536184,-0.270876,-0.437201
0.533689,-0.269411,-0.437562
0.532603,-0.269226,-0.437693
0.529689,-0.266430,-0.438104
0.533000,-0.267628,-0.436938
0.529212,-0.266141,-0.438046
0.527590,-0.264092,-0.438046
0.524255,-0.264719,-0.438583
0.523879,-0.263681,-0.438912
0.520716,-0.262638,-0.437872
0.520708,-0.262309,-0.438532
0.519624,-0.262236,-0.441362
0.518956,-0.261210,-0.442140
0.516009,-0.258961,-0.442431
0.514830,-0.259226,-0.441148
0.513861,-0.258978,-0.442898
0.511206,-0.257289,-0.444242
0.511582,-0.257318,-0.443811
0.510042,-0.257315,-0.442103
0.505522,-0.257277,-0.444878
0.505159,-0.255256,-0.445572
0.502101,-0.258382,-0.446522
0.498924,-0.258166,-0.450378
0.497119,-0.258236,-0.449748
0.491377,-0.262348,-0.455546
0.489044,-0.263925,-0.456500
0.486205,-0.262767,-0.457766
0.483211,-0.263683,-0.457363
0.482372,-0.262262,-0.457874
0.482749,-0.259284,-0.459957
0.479729,-0.261559,-0.461798
0.479032,-0.260158,-0.460825
0.479061,-0.260327,-0.462666
0.474426,-0.256459,-0.460103
0.474539,-0.255736,-0.464143
0.471753,-0.258556,-0.462099
0.471365,-0.257611,-0.462397
0.469167,-0.257154,-0.463050
0.466933,-0.254518,-0.463103
0.465798,-0.254220,-0.464805
0.464412,-0.252411,-0.464185
0.463151,-0.252331,-0.464652
0.459995,-0.250148,-0.466158
0.459958,-0.251113,-0.464412
0.457698,-0.251855,-0.464902
0.456329,-0.250262,-0.469179
0.453078,-0.250255,-0.468586
0.454170,-0.249955,-0.470060
0.448341,-0.249239,-0.470285
0.449088,-0.247543,-0.471109
0.445167,-0.248139,-0.470059
0.445070,-0.248328,-0.473343
0.444511,-0.249083,-0.473648
0.441936,-0.247120,-0.473249
0.439958,-0.245041,-0.475166
0.437071,-0.247995,-0.475718
0.435832,-0.246403,-0.476443
0.432671,-0.244950,-0.475107
0.431651,-0.244266,-0.477615
0.429858,-0.246022,-0.479266
0.427044,-0.244510,-0.477862
0.424030,-0.243072,-0.479805
0.425406,-0.243868,-0.481109
0.421842,-0.242437,-0.483419
0.421853,-0.243088,-0.482696
0.417220,-0.242604,-0.482552
0.413625,-0.240923,-0.482640
0.415095,-0.241563,-0.485855
0.412850,-0.242799,-0.485448
0.408907,-0.240916,-0.488550
0.408489,-0.242450,-0.488630
0.405211,-0.243998,-0.489079
0.403169,-0.243219,-0.489592
0.400737,-0.244535,-0.491716
0.398144,-0.244548,-0.493024
0.396946,-0.241177,-0.493328
0.391402,-0.243449,-0.496983
0.390651,-0.244927,-0.498722
0.385398,-0.241716,-0.498722
0.385670,-0.243748,-0.502091
0.381283,-0.243958,-0.503079
0.377865,-0.246204,-0.507939
0.372902,-0.247707,-0.510152
0.367737,-0.250701,-0.512529
0.362204,-0.251802,-0.518396
0.353796,-0.261050,-0.526000
0.540560,-0.374555,-0.485478
0.544092,-0.370176,-0.481520
0.546592,-0.366727,-0.478899
0.547295,-0.362621,-0.475512
0.550284,-0.358764,-0.475394
0.547963,-0.355128,-0.472758
0.547901,-0.351795,-0.470027
0.549014,-0.349984,-0.468762
0.548363,-0.348809,-0.469964
0.548676,-0.346453,-0.466081
0.549179,-0.343289,-0.466898
0.548717,-0.341903,-0.465104
0.549977,-0.338527,-0.464176
0.550527,-0.335774,-0.460890
0.548414,-0.335044,-0.463327
0.547928,-0.333435,-0.459726
0.547213,-0.330970,-0.458969
0.548508,-0.330584,-0.457224
0.548491,-0.327203,-0.458542
0.546091,-0.324465,-0.457608
0.546198,-0.322494,-0.456714
0.546193,-0.320298,-0.458158
0.545339,-0.317876,-0.456127
0.546447,-0.316270,-0.453965
0.548812,-0.312714,-0.451509
0.547964,-0.311028,-0.450667
0.547770,-0.309292,-0.447862
0.551815,-0.303378,-0.444402
0.551329,-0.300829,-0.442058
0.550160,-0.298447,-0.442788
0.549279,-0.294146,-0.438662
0.551639,-0.292904,-0.438431
0.550986,-0.290780,-0.438645
0.548261,-0.290899,-0.436821
0.547945,-0.289058,-0.437703
0.548454,-0.287076,-0.435550
0.549014,-0.286069,-0.436816
0.546976,-0.284378,-0.436490
0.545800,-0.284026,-0.435015
0.543871,-0.284433,-0.435764
0.542894,-0.282156,-0.435980
0.541144,-0.278838,-0.435861
0.541288,-0.278987,-0.435241
0.541779,-0.276919,-0.435741
0.538826,-0.277184,-0.436099
0.537250,-0.276410,-0.436751
0.537342,-0.275554,-0.436718
0.534264,-0.275688,-0.435857
0.535614,-0.273848,-0.435610
0.534276,-0.271577,-0.434704
0.531540,-0.272735,-0.435874
0.531405,-0.270189,-0.437843
0.529287,-0.270265,-0.439117
0.529206,-0.269212,-0.437721
0.527024,-0.268476,-0.438208
0.524014,-0.267359,-0.437658
0.523470,-0.266389,-0.437733
0.521403,-0.265978,-0.437057
0.521823,-0.262402,-0.439629
0.519361,-0.264362,-0.439184
0.518716,-0.263449,-0.440468
0.514509,-0.263045,-0.440213
0.513268,-0.261604,-0.441523
0.514022,-0.262837,-0.441891
0.510705,-0.261536,-0.442248
0.509019,-0.260504,-0.442149
0.509084,-0.261533,-0.443457
0.506408,-0.259159,-0.443225
0.504289,-0.258852,-0.445600
0.502554,-0.261135,-0.444986
0.498730,-0.260304,-0.447057
0.493383,-0.263505,-0.449885
0.491390,-0.263554,-0.454084
0.490070,-0.265250,-0.456311
0.485673,-0.265718,-0.455959
0.485284,-0.262191,-0.456730
0.483892,-0.263680,-0.458525
0.480548,-0.263453,-0.459102
0.477929,-0.262088,-0.460064
0.478817,-0.259612,-0.458782
0.478250,-0.259983,-0.459187
0.475131,-0.258828,-0.460304
0.472908,-0.259161,-0.461351
0.472067,-0.258708,-0.461320
0.470138,-0.257352,-0.462407
0.468406,-0.255555,-0.462307
0.466331,-0.257471,-0.461957
0.467049,-0.256204,-0.461293
0.464338,-0.255370,-0.463102
0.462468,-0.253789,-0.464571
0.462185,-0.252539,-0.463516
0.461666,-0.253299,-0.464096
0.457865,-0.252390,-0.465629
0.456732,-0.251258,-0.464859
0.455032,-0.251266,-0.465020
0.454383,-0.251470,-0.466822
0.449028,-0.251569,-0.468389
0.449896,-0.250669,-0.467997
0.446906,-0.250681,-0.469467
0.443095,-0.248260,-0.469774
0.442986,-0.250280,-0.470364
0.442692,-0.248704,-0.472281
0.440362,-0.247717,-0.473352
0.437089,-0.247792,-0.472745
0.436328,-0.246925,-0.474313
0.436562,-0.247836,-0.475173
0.433668,-0.246836,-0.476458
0.428832,-0.247185,-0.475167
0.428017,-0.244712,-0.476770
0.426730,-0.245088,-0.477262
0.424668,-0.244640,-0.478003
0.423530,-0.242783,-0.480588
0.422579,-0.242320,-0.480299
0.417886,-0.244478,-0.479525
0.416583,-0.244565,-0.482914
0.413433,-0.244763,-0.483474
0.412812,-0.243013,-0.483567
0.410158,-0.243108,-0.485863
0.410214,-0.241971,-0.485851
0.405694,-0.243863,-0.488588
0.404433,-0.243791,-0.487931
0.402132,-0.242384,-0.489644
0.401500,-0.242323,-0.491572
0.396322,-0.243336,-0.490530
0.394555,-0.243605,-0.493783
0.393598,-0.243870,-0.495969
0.391251,-0.244326,-0.498535
0.387323,-0.244812,-0.498354
0.384586,-0.243428,-0.501475
0.379388,-0.244927,-0.503368
0.376720,-0.247753,-0.505568
0.372764,-0.249964,-0.508997
0.367781,-0.250955,-0.512754
0.362375,-0.255376,-0.517985
0.353379,-0.261312,-0.526631
0.536570,-0.378565,-0.487566
0.539302,-0.371447,-0.482087
0.542151,-0.369557,-0.480012
0.543754,-0.364423,-0.475453
0.544986,-0.361640,-0.473697
0.545307,-0.357847,-0.472355
0.547603,-0.355364,-0.470019
0.546529,-0.352209,-0.468812
0.546659,-0.350492,-0.466903
0.547388,-0.347574,-0.466217
0.546998,-0.344548,-0.466919
0.545691,-0.342632,-0.465088
0.547536,-0.341524,-0.464205
0.546314,-0.337769,-0.461787
0.547226,-0.337926,-0.461623
0.545428,-0.333588,-0.460816
0.546462,-0.331783,-0.459630
0.546290,-0.329890,-0.457561
0.545787,-0.328429,-0.457335
0.545917,-0.327284,-0.455230
0.545491,-0.325926,-0.456516
0.541569,-0.323479,-0.454990
0.541926,-0.319548,-0.453998
0.541712,-0.318772,-0.453418
0.543984,-0.318998,-0.452599
0.543615,-0.314442,-0.451973
0.545207,-0.310523,-0.450710
0.544977,-0.309343,-0.446095
0.545339,-0.305238,-0.444660
0.547793,-0.301767,-0.443880
0.549156,-0.298492,-0.440190
0.549040,-0.296317,-0.439110
0.547585,-0.293529,-0.435112
0.547598,-0.291491,-0.436877
0.548674,-0.290561,-0.435701
0.547071,-0.290076,-0.437472
0.546617,-0.289046,-0.436829
0.543581,-0.286374,-0.437883
0.543248,-0.287677,-0.434234
0.543311,-0.284439,-0.435792
0.540827,-0.282367,-0.436562
0.540381,-0.282702,-0.435520
0.539303,-0.281470,-0.435788
0.538494,-0.280198,-0.435971
0.539332,-0.276758,-0.436974
0.536466,-0.276543,-0.436578
0.536146,-0.275101,-0.437464
0.534695,-0.276708,-0.435397
0.533634,-0.275242,-0.435838
0.532246,-0.273170,-0.437167
0.531524,-0.273162,-0.435580
0.528524,-0.272386,-0.437861
0.528477,-0.271723,-0.434952
0.525568,-0.270875,-0.435091
0.524306,-0.270746,-0.437566
0.526018,-0.268275,-0.435980
0.524184,-0.268491,-0.435664
0.520459,-0.265052,-0.435363
0.520284,-0.266574,-0.439329
0.518134,-0.265347,-0.436559
0.517058,-0.265685,-0.439116
0.515391,-0.264604,-0.441164
0.513139,-0.263539,-0.439363
0.511590,-0.263184,-0.441737
0.509305,-0.264318,-0.442827
0.506888,-0.264085,-0.443397
0.505234,-0.261308,-0.443171
0.505687,-0.261209,-0.445035
0.500248,-0.264409,-0.447032
0.500426,-0.260007,-0.445439
0.494077,-0.265108,-0.452783
0.491416,-0.265322,-0.453961
0.488160,-0.267057,-0.454056
0.489161,-0.265454,-0.455675
0.484425,-0.265810,-0.454954
0.484942,-0.265042,-0.456575
0.482619,-0.264183,-0.457623
0.479320,-0.265797,-0.458553
0.478958,-0.265152,-0.458721
0.478070,-0.263045,-0.458944
0.475778,-0.261939,-0.459230
0.476562,-0.260996,-0.458667
0.471606,-0.259388,-0.458420
0.470070,-0.260197,-0.460200
0.470159,-0.260398,-0.460375
0.469175,-0.257619,-0.460186
0.467113,-0.257260,-0.463123
0.465292,-0.254982,-0.461222
0.463566,-0.255463,-0.462189
0.461110,-0.257454,-0.461700
0.460095,-0.255019,-0.464605
0.459175,-0.253492,-0.463765
0.458010,-0.252869,-0.464291
0.455844,-0.252494,-0.463988
0.453394,-0.252727,-0.462368
0.451216,-0.253095,-0.466493
0.450270,-0.252065,-0.466978
0.448055,-0.250477,-0.467093
0.447402,-0.251560,-0.469980
0.446511,-0.251929,-0.468727
0.442380,-0.250720,-0.470920
0.440130,-0.250542,-0.471168
0.437454,-0.250782,-0.472782
0.437061,-0.248669,-0.474033
0.434092,-0.248385,-0.473662
0.432123,-0.248774,-0.474638
0.430494,-0.247206,-0.473870
0.430496,-0.247896,-0.475317
0.427308,-0.247171,-0.475694
0.426632,-0.246463,-0.477124
0.423874,-0.245903,-0.477441
0.421534,-0.246105,-0.478491
0.419108,-0.246472,-0.478333
0.418293,-0.247374,-0.480812
0.415577,-0.245508,-0.482456
0.414157,-0.245452,-0.483428
0.412235,-0.242788,-0.483768
0.410457,-0.243664,-0.484402
0.406960,-0.246078,-0.485407
0.404734,-0.245163,-0.486635
0.404937,-0.244213,-0.489434
0.401867,-0.243868,-0.488862
0.400003,-0.244039,-0.490700
0.395824,-0.244653,-0.490707
0.391286,-0.245009,-0.492632
0.390189,-0.244297,-0.494940
0.386295,-0.245251,-0.496439
0.384310,-0.246674,-0.499229
0.382362,-0.245547,-0.501512
0.376862,-0.249252,-0.503221
0.375538,-0.248972,-0.504480
0.371454,-0.251156,-0.510069
0.365136,-0.254561,-0.511958
0.359149,-0.256696,-0.515828
0.350264,-0.264248,-0.526617
0.533422,-0.382216,-0.489818
0.537938,-0.374975,-0.483393
0.540854,-0.368439,-0.479650
0.541608,-0.366586,-0.477071
0.542999,-0.360447,-0.475608
0.542253,-0.359230,-0.471541
0.545080,-0.356996,-0.470790
0.543422,-0.354124,-0.468372
0.544585,-0.352796,-0.467840
0.544587,-0.348843,-0.465943
0.546429,-0.347111,-0.464776
0.544786,-0.344039,-0.461899
0.544061,-0.342481,-0.462026
0.545883,-0.338605,-0.460537
0.543492,-0.338222,-0.458959
0.545396,-0.336176,-0.460972
0.543946,-0.332199,-0.458805
0.545135,-0.333646,-0.460171
0.542056,-0.330084,-0.457203
0.543212,-0.329071,-0.458472
0.541658,-0.327110,-0.453478
0.540415,-0.325175,-0.458813
0.541860,-0.323495,-0.453497
0.541376,-0.322480,-0.455508
0.538360,-0.319827,-0.453708
0.539864,-0.317707,-0.455057
0.541101,-0.315936,-0.451910
0.541685,-0.310438,-0.448707
0.539920,-0.311536,-0.447600
0.541197,-0.306705,-0.444956
0.544769,-0.302811,-0.442385
0.547263,-0.298969,-0.437999
0.544997,-0.295295,-0.438853
0.545350,-0.293963,-0.437717
0.545428,-0.294406,-0.436400
0.542902,-0.291035,-0.437972
0.543015,-0.289196,-0.437442
0.543350,-0.289699,-0.436687
0.541606,-0.286467,-0.435088
0.541382,-0.288003,-0.435947
0.539827,-0.284425,-0.436572
0.539017,-0.284346,-0.437503
0.540351,-0.283119,-0.434858
0.538431,-0.281159,-0.434764
0.534211,-0.278855,-0.434794
0.534877,-0.276528,-0.433469
0.534283,-0.276441,-0.436797
0.531019,-0.277458,-0.435136
0.530229,-0.276962,-0.436456
0.532187,-0.275690,-0.434838
0.526586,-0.275572,-0.434582
0.527560,-0.274237,-0.435738
0.524243,-0.272958,-0.436166
0.524495,-0.272550,-0.435384
0.522077,-0.270884,-0.435717
0.522593,-0.270417,-0.436142
0.519915,-0.269655,-0.438148
0.519270,-0.268545,-0.439092
0.517111,-0.266910,-0.437984
0.516801,-0.265806,-0.438692
0.515133,-0.268461,-0.438941
0.513996,-0.265674,-0.437667
0.510605,-0.267093,-0.441743
0.509461,-0.267743,-0.442099
0.506124,-0.264780,-0.443881
0.507221,-0.266226,-0.444760
0.502349,-0.264408,-0.444987
0.501498,-0.265335,-0.443881
0.497965,-0.266252,-0.447654
0.493653,-0.268163,-0.450535
0.492141,-0.268832,-0.449743
0.489657,-0.268364,-0.453592
0.490205,-0.266130,-0.451135
0.487045,-0.266569,-0.455331
0.482597,-0.267387,-0.454864
0.482884,-0.268570,-0.457784
0.478922,-0.266681,-0.455691
0.479704,-0.266017,-0.457279
0.477025,-0.266445,-0.458155
0.476175,-0.263757,-0.457220
0.474670,-0.263781,-0.457605
0.472838,-0.261942,-0.458563
0.471806,-0.260457,-0.458310
0.470568,-0.260819,-0.458752
0.467753,-0.258584,-0.458634
0.466565,-0.259537,-0.459427
0.464980,-0.258968,-0.461041
0.465181,-0.257834,-0.457652
0.461675,-0.256486,-0.462600
0.460863,-0.256179,-0.461641
0.459071,-0.254844,-0.460978
0.457223,-0.254928,-0.463799
0.455770,-0.252691,-0.463736
0.451894,-0.252528,-0.463549
0.453953,-0.251922,-0.464261
0.452059,-0.253510,-0.464712
0.448510,-0.252854,-0.467290
0.448163,-0.253545,-0.466989
0.446865,-0.252494,-0.467355
0.441688,-0.251215,-0.468856
0.439936,-0.250523,-0.469873
0.441690,-0.250772,-0.469810
0.435248,-0.250910,-0.469048
0.434368,-0.250910,-0.472049
0.434456,-0.250147,-0.473173
0.431603,-0.250185,-0.473709
0.430168,-0.249429,-0.474062
0.428660,-0.247969,-0.475233
0.425949,-0.248515,-0.476166
0.423707,-0.246548,-0.477818
0.424197,-0.248375,-0.477060
0.419685,-0.247898,-0.477644
0.419793,-0.248264,-0.478375
0.414043,-0.247680,-0.479796
0.415435,-0.247232,-0.480441
0.412992,-0.248111,-0.481006
0.411694,-0.243889,-0.479316
0.410208,-0.244044,-0.482208
0.406806,-0.246326,-0.485258
0.403259,-0.244504,-0.485274
0.401044,-0.244757,-0.486395
0.401551,-0.244537,-0.486588
0.398596,-0.245695,-0.490082
0.394162,-0.246061,-0.491657
0.392325,-0.245551,-0.491463
0.389593,-0.244911,-0.491771
0.385590,-0.248089,-0.495970
0.385749,-0.248204,-0.497293
0.379520,-0.248142,-0.498522
0.377521,-0.250774,-0.499937
0.371958,-0.252666,-0.505544
0.368250,-0.252981,-0.508100
0.364733,-0.255936,-0.510223
0.358054,-0.258186,-0.516595
0.348463,-0.264005,-0.525448
0.534929,-0.378846,-0.484604
0.535230,-0.372680,-0.478000
0.540755,-0.368322,-0.476681
0.539701,-0.367006,-0.472065
0.542273,-0.361876,-0.472537
0.542751,-0.357201,-0.471566
0.542394,-0.353824,-0.466426
0.543997,-0.355171,-0.466450
0.543959,-0.351581,-0.467915
0.542557,-0.349549,-0.465167
0.544413,-0.347130,-0.463283
0.543132,-0.342700,-0.462161
0.542673,-0.342242,-0.460523
0.542233,-0.340485,-0.459586
0.541479,-0.337140,-0.459080
0.541726,-0.335640,-0.459983
0.541736,-0.335191,-0.457605
0.542144,-0.332627,-0.457381
0.541078,-0.329161,-0.455141
0.540888,-0.329155,-0.453439
0.538361,-0.327326,-0.456561
0.540178,-0.325040,-0.455724
0.538547,-0.322237,-0.454012
0.539337,-0.322629,-0.453048
0.538430,-0.320834,-0.452352
0.537260,-0.317828,-0.451663
0.537618,-0.316549,-0.448462
0.538843,-0.314351,-0.447005
0.537404,-0.310689,-0.445183
0.539725,-0.306622,-0.444712
0.537150,-0.306381,-0.443085
0.540878,-0.299877,-0.439703
0.543969,-0.296078,-0.437637
0.543670,-0.296642,-0.438173
0.542530,-0.294994,-0.435166
0.543383,-0.293242,-0.436887
0.541609,-0.293952,-0.438154
0.538902,-0.287953,-0.436292
0.538976,-0.289558,-0.434573
0.536765,-0.287114,-0.434547
0.536687,-0.287979,-0.435610
0.535668,-0.283482,-0.435977
0.535088,-0.283822,-0.433268
0.534373,-0.281044,-0.432396
0.535014,-0.281665,-0.435553
0.532298,-0.280291,-0.435006
0.530238,-0.278783,-0.434802
0.529796,-0.277400,-0.435432
0.529251,-0.276441,-0.434357
0.525152,-0.274880,-0.435968
0.525914,-0.274424,-0.435371
0.523645,-0.272648,-0.433552
0.523989,-0.274018,-0.434583
0.523009,-0.271594,-0.436197
0.521556,-0.271437,-0.436702
0.519867,-0.269813,-0.434999
0.518531,-0.270267,-0.437619
0.516165,-0.271076,-0.437244
0.513881,-0.270525,-0.438983
0.512980,-0.268606,-0.439153
0.509622,-0.270436,-0.440808
0.506846,-0.268670,-0.440483
0.505316,-0.267578,-0.442987
0.502807,-0.268110,-0.443319
0.498703,-0.270278,-0.446075
0.497538,-0.272224,-0.447872
0.496336,-0.271825,-0.449742
0.492901,-0.270396,-0.449255
0.492438,-0.270381,-0.451224
0.488239,-0.271132,-0.453434
0.485475,-0.269685,-0.451190
0.483977,-0.271326,-0.455241
0.485250,-0.269117,-0.454276
0.481750,-0.270192,-0.456048
0.480560,-0.269381,-0.456552
0.479268,-0.268745,-0.456758
0.479468,-0.266364,-0.454696
0.476574,-0.263581,-0.456336
0.475544,-0.263687,-0.457295
0.473816,-0.263947,-0.455739
0.472309,-0.263639,-0.456330
0.470196,-0.264504,-0.457915
0.469568,-0.263537,-0.457641
0.467483,-0.262051,-0.458858
0.466441,-0.259480,-0.458200
0.466033,-0.259974,-0.459995
0.462853,-0.259004,-0.459248
0.462135,-0.258247,-0.459426
0.459478,-0.258316,-0.460061
0.457754,-0.254932,-0.461212
0.459004,-0.256687,-0.462099
0.454969,-0.257102,-0.463026
0.451428,-0.256800,-0.462768
0.452731,-0.254059,-0.464806
0.451195,-0.252676,-0.464971
0.448454,-0.254496,-0.464889
0.444803,-0.253385,-0.467105
0.443780,-0.254219,-0.467508
0.442148,-0.253792,-0.467545
0.440429,-0.253565,-0.468374
0.437072,-0.252689,-0.469421
0.435414,-0.253477,-0.469980
0.434246,-0.250749,-0.470547
0.433300,-0.250403,-0.469075
0.430403,-0.250593,-0.470762
0.428869,-0.251228,-0.474234
0.426429,-0.249892,-0.472485
0.425932,-0.249938,-0.474756
0.424300,-0.248826,-0.476491
0.421641,-0.248432,-0.475299
0.419810,-0.247474,-0.475607
0.418554,-0.248907,-0.477379
0.415044,-0.246794,-0.475706
0.411791,-0.248559,-0.479561
0.411426,-0.246432,-0.480303
0.409757,-0.245604,-0.481753
0.407047,-0.246759,-0.480976
0.406401,-0.246012,-0.484118
0.404782,-0.246770,-0.483473
0.401272,-0.246695,-0.485370
0.397901,-0.248625,-0.484808
0.396998,-0.246145,-0.488470
0.393569,-0.246915,-0.489751
0.391746,-0.248195,-0.491964
0.387261,-0.246294,-0.491943
0.385347,-0.248037,-0.497078
0.383377,-0.248597,-0.496479
0.377470,-0.248416,-0.498860
0.375538,-0.248909,-0.501325
0.371431,-0.251715,-0.501708
0.368879,-0.252802,-0.506547
0.361891,-0.257625,-0.510590
0.355244,-0.260850,-0.516197
0.345620,-0.268977,-0.524016
0.529197,-0.383609,-0.489249
0.534941,-0.375338,-0.481271
0.537504,-0.370759,-0.477797
0.537063,-0.367009,-0.475200
0.542098,-0.362837,-0.470041
0.540982,-0.360209,-0.471147
0.540323,-0.358831,-0.467670
0.542197,-0.355003,-0.467701
0.542202,-0.350923,-0.463299
0.542374,-0.349603,-0.464648
0.541768,-0.347423,-0.464087
0.541059,-0.344345,-0.461333
0.542001,-0.343354,-0.461204
0.540353,-0.341477,-0.459188
0.540941,-0.340280,-0.457430
0.541232,-0.338777,-0.459662
0.540566,-0.335966,-0.456476
0.539614,-0.334313,-0.456487
0.539071,-0.331315,-0.455733
0.539368,-0.330478,-0.454741
0.539606,-0.329207,-0.454271
0.537291,-0.327694,-0.454167
0.538227,-0.326268,-0.452745
0.536073,-0.322521,-0.453659
0.536081,-0.321433,-0.452471
0.534403,-0.320752,-0.451413
0.536241,-0.320220,-0.453291
0.536162,-0.316619,-0.449805
0.535544,-0.315000,-0.447391
0.537056,-0.309961,-0.447488
0.535671,-0.309639,-0.446483
0.534254,-0.306523,-0.443830
0.538154,-0.303281,-0.441058
0.537689,-0.300209,-0.439514
0.536974,-0.298574,-0.440061
0.538045,-0.295195,-0.439332
0.537638,-0.293239,-0.438616
0.535323,-0.291371,-0.434724
0.534724,-0.290514,-0.436639
0.534596,-0.289440,-0.436449
0.533800,-0.288762,-0.434203
0.534379,-0.286029,-0.433074
0.533419,-0.287515,-0.434742
0.531064,-0.285684,-0.435502
0.531819,-0.283105,-0.436123
0.529899,-0.282390,-0.434804
0.528238,-0.281379,-0.435500
0.526035,-0.280214,-0.435832
0.525166,-0.279894,-0.435004
0.523631,-0.280269,-0.436180
0.523679,-0.278119,-0.435518
0.521664,-0.276722,-0.435305
0.521844,-0.275821,-0.436743
0.518261,-0.274420,-0.435831
0.517686,-0.271303,-0.436454
0.516590,-0.272464,-0.435088
0.515709,-0.273543,-0.438218
0.513179,-0.273686,-0.439484
0.511452,-0.272895,-0.440016
0.511861,-0.272253,-0.440226
0.507232,-0.271906,-0.442701
0.502764,-0.274214,-0.446586
0.500251,-0.274294,-0.446484
0.498133,-0.276823,-0.449240
0.493964,-0.273487,-0.447736
0.493676,-0.274555,-0.449925
0.492847,-0.275490,-0.451423
0.489009,-0.275345,-0.451860
0.486810,-0.273857,-0.452414
0.486563,-0.271140,-0.452442
0.486725,-0.273401,-0.451903
0.481795,-0.272710,-0.452989
0.482865,-0.270142,-0.453151
0.479241,-0.269690,-0.453490
0.478470,-0.268938,-0.453785
0.476247,-0.268405,-0.455105
0.475764,-0.269219,-0.453881
0.475847,-0.265809,-0.454758
0.473500,-0.267464,-0.454403
0.472503,-0.263988,-0.455044
0.470426,-0.264500,-0.455633
0.469364,-0.262227,-0.456537
0.469413,-0.262405,-0.457652
0.465821,-0.261264,-0.457112
0.465562,-0.261007,-0.457022
0.464706,-0.261207,-0.457746
0.460788,-0.259329,-0.458503
0.460784,-0.257706,-0.458408
0.459310,-0.259614,-0.459681
0.456553,-0.255591,-0.461046
0.455219,-0.257245,-0.460778
0.454178,-0.255438,-0.461511
0.451848,-0.256697,-0.460336
0.448903,-0.256484,-0.462465
0.449577,-0.254157,-0.464087
0.445495,-0.254236,-0.463900
0.443337,-0.255728,-0.464567
0.444172,-0.252488,-0.464866
0.440842,-0.254085,-0.466225
0.440152,-0.254241,-0.467217
0.438184,-0.255637,-0.469179
0.433844,-0.252545,-0.469748
0.432610,-0.253017,-0.470464
0.429097,-0.254122,-0.469478
0.429331,-0.252442,-0.471826
0.426999,-0.252717,-0.471350
0.427194,-0.250296,-0.472891
0.423928,-0.250435,-0.473607
0.423407,-0.250593,-0.473501
0.420036,-0.250218,-0.476669
0.417111,-0.249228,-0.477508
0.414128,-0.248705,-0.478037
0.413532,-0.249923,-0.477100
0.412298,-0.248589,-0.478290
0.411800,-0.249156,-0.478698
0.407686,-0.247893,-0.479663
0.405300,-0.249155,-0.481714
0.402572,-0.247374,-0.482032
0.401760,-0.245736,-0.483219
0.400167,-0.246285,-0.486238
0.396392,-0.248053,-0.484978
0.394773,-0.246879,-0.486956
0.392530,-0.247830,-0.488384
0.388900,-0.248924,-0.490005
0.385806,-0.249160,-0.491749
0.384006,-0.250783,-0.494840
0.380382,-0.250651,-0.496103
0.377663,-0.250318,-0.497132
0.376046,-0.249712,-0.499259
0.370268,-0.251182,-0.501247
0.367239,-0.254278,-0.504623
0.359439,-0.257373,-0.510909
0.352382,-0.262768,-0.515125
0.342774,-0.270661,-0.527440
0.532483,-0.379655,-0.481681
0.534500,-0.374400,-0.475894
0.536848,-0.370213,-0.475333
0.537020,-0.367893,-0.471439
0.538272,-0.363479,-0.470081
0.538436,-0.360138,-0.467186
0.539977,-0.355621,-0.467342
0.542042,-0.355380,-0.462943
0.538760,-0.352174,-0.464000
0.541780,-0.349278,-0.460894
0.542497,-0.347575,-0.462139
0.541199,-0.344149,-0.459676
0.538912,-0.344746,-0.458655
0.539551,-0.342633,-0.457411
0.537991,-0.339684,-0.458325
0.539297,-0.338166,-0.456958
0.537704,-0.335880,-0.455076
0.538454,-0.335059,-0.456164
0.539451,-0.332258,-0.456308
0.536270,-0.331324,-0.453645
0.536639,-0.328407,-0.454944
0.536764,-0.328294,-0.451152
0.534913,-0.325926,-0.451629
0.533849,-0.322700,-0.452388
0.533512,-0.322635,-0.452718
0.532860,-0.320690,-0.451711
0.533433,-0.320009,-0.451572
0.530676,-0.317503,-0.448425
0.531238,-0.316981,-0.448653
0.531405,-0.315166,-0.450292
0.532877,-0.311704,-0.447242
0.531435,-0.309209,-0.445467
0.533521,-0.307798,-0.443805
0.533674,-0.302472,-0.442126
0.532264,-0.302355,-0.441639
0.532335,-0.298944,-0.440793
0.532765,-0.296797,-0.437860
0.531456,-0.297314,-0.438844
0.532514,-0.291748,-0.435398
0.530136,-0.291214,-0.434673
0.530866,-0.289776,-0.435068
0.529831,-0.286168,-0.438198
0.529614,-0.286827,-0.434483
0.526866,-0.284876,-0.435340
0.525650,-0.286158,-0.436409
0.526170,-0.283801,-0.437046
0.524607,-0.282531,-0.435699
0.523866,-0.283040,-0.435681
0.523453,-0.281110,-0.435526
0.520150,-0.280458,-0.436019
0.519829,-0.281282,-0.436217
0.520161,-0.275709,-0.435916
0.515938,-0.275732,-0.436691
0.514545,-0.273699,-0.436744
0.516494,-0.274175,-0.437363
0.512245,-0.277541,-0.438078
0.507764,-0.276047,-0.440352
0.506592,-0.275878,-0.443633
0.503739,-0.278556,-0.443654
0.499871,-0.279291,-0.447763
0.496292,-0.278074,-0.448489
0.495131,-0.278188,-0.450115
0.492839,-0.279193,-0.449764
0.490548,-0.278671,-0.450976
0.489356,-0.278532,-0.450579
0.487722,-0.274814,-0.450523
0.485677,-0.276246,-0.451669
0.486893,-0.275441,-0.451398
0.484888,-0.274557,-0.450236
0.483689,-0.273695,-0.451262
0.484285,-0.273207,-0.451948
0.482245,-0.271838,-0.452696
0.480374,-0.271260,-0.451960
0.478478,-0.269672,-0.452154
0.473753,-0.267379,-0.453884
0.475144,-0.268748,-0.454255
0.475392,-0.268051,-0.455457
0.472910,-0.266907,-0.454492
0.472231,-0.265060,-0.456396
0.469925,-0.264111,-0.455972
0.468271,-0.263964,-0.455899
0.466147,-0.262550,-0.456075
0.465818,-0.264495,-0.456649
0.463528,-0.260834,-0.457305
0.463324,-0.261088,-0.457620
0.459869,-0.259616,-0.456394
0.460732,-0.260055,-0.457728
0.456301,-0.259224,-0.457377
0.456739,-0.258051,-0.459021
0.454723,-0.259065,-0.459129
0.452897,-0.257199,-0.461628
0.449198,-0.257705,-0.462176
0.449128,-0.256297,-0.461608
0.447461,-0.257503,-0.462644
0.444725,-0.256883,-0.462777
0.444466,-0.257634,-0.461882
0.440650,-0.256953,-0.463359
0.440140,-0.255136,-0.466492
0.437212,-0.255753,-0.465420
0.434597,-0.254226,-0.468415
0.436189,-0.255900,-0.468865
0.430857,-0.254836,-0.468520
0.429803,-0.253689,-0.472138
0.427647,-0.252432,-0.470040
0.424355,-0.254037,-0.469472
0.424021,-0.252161,-0.470262
0.422034,-0.251897,-0.471761
0.420537,-0.250884,-0.471200
0.418222,-0.252806,-0.473852
0.416222,-0.250813,-0.473631
0.415011,-0.249564,-0.475632
0.413371,-0.250904,-0.475597
0.410963,-0.251931,-0.477398
0.410324,-0.251885,-0.478484
0.406154,-0.250421,-0.477763
0.404789,-0.250439,-0.481621
0.403166,-0.250812,-0.480167
0.402250,-0.250182,-0.483794
0.396814,-0.248488,-0.483874
0.397569,-0.249715,-0.485277
0.392545,-0.247188,-0.485608
0.391848,-0.250073,-0.487818
0.386311,-0.250937,-0.488653
0.382811,-0.248710,-0.491662
0.383356,-0.251039,-0.493000
0.381740,-0.251777,-0.494069
0.375045,-0.249779,-0.494653
0.372627,-0.253625,-0.499310
0.368026,-0.256548,-0.502861
0.363265,-0.256540,-0.504335
0.358967,-0.258459,-0.508695
0.351355,-0.263260,-0.515570
0.527824,-0.383576,-0.483323
0.532887,-0.375007,-0.477246
0.533744,-0.372216,-0.473977
0.536693,-0.369794,-0.473737
0.538376,-0.363709,-0.469619
0.537922,-0.362209,-0.467022
0.536569,-0.358833,-0.467241
0.539364,-0.355729,-0.462684
0.538435,-0.354112,-0.462327
0.538693,-0.352033,-0.460599
0.537502,-0.349580,-0.460241
0.538101,-0.347518,-0.459240
0.538213,-0.343549,-0.459164
0.537827,-0.343370,-0.460118
0.538283,-0.340267,-0.457544
0.536442,-0.339201,-0.456840
0.536291,-0.335556,-0.456291
0.537207,-0.337414,-0.454893
0.533828,-0.333284,-0.453602
0.534403,-0.331477,-0.454343
0.533410,-0.330755,-0.452022
0.532133,-0.329346,-0.452004
0.535881,-0.329209,-0.452857
0.533382,-0.324965,-0.451816
0.531390,-0.324226,-0.450794
0.531691,-0.321862,-0.449228
0.530736,-0.321969,-0.450140
0.530168,-0.320564,-0.450637
0.528404,-0.317973,-0.448367
0.528009,-0.316622,-0.447836
0.527190,-0.314465,-0.448733
0.526272,-0.311514,-0.447452
0.528703,-0.313766,-0.447067
0.526991,-0.312018,-0.446827
0.527382,-0.307772,-0.446117
0.526563,-0.304702,-0.444173
0.525007,-0.304414,-0.442336
0.526823,-0.302075,-0.442666
0.527675,-0.298683,-0.439884
0.525995,-0.296526,-0.438546
0.527793,-0.295728,-0.439521
0.527838,-0.290553,-0.436784
0.525754,-0.288792,-0.434676
0.525318,-0.289156,-0.435871
0.523630,-0.291489,-0.436298
0.522130,-0.288173,-0.437678
0.520291,-0.287016,-0.436781
0.519713,-0.286020,-0.437562
0.518871,-0.286364,-0.438896
0.517525,-0.283101,-0.438481
0.516534,-0.283607,-0.438153
0.514634,-0.281649,-0.439745
0.511408,-0.282241,-0.439495
0.511228,-0.281887,-0.439262
0.510919,-0.280175,-0.439681
0.506015,-0.280357,-0.440827
0.501142,-0.284874,-0.445613
0.499220,-0.285295,-0.447333
0.497189,-0.283386,-0.449245
0.495323,-0.282655,-0.450213
0.495311,-0.283938,-0.448712
0.493006,-0.282560,-0.447544
0.492247,-0.281612,-0.447932
0.492648,-0.279641,-0.449695
0.489941,-0.278785,-0.449448
0.488718,-0.278781,-0.448447
0.486999,-0.277451,-0.451187
0.486328,-0.277174,-0.450980
0.485016,-0.274668,-0.450484
0.482468,-0.275479,-0.451777
0.480516,-0.273659,-0.452047
0.480291,-0.272021,-0.450933
0.479516,-0.271144,-0.451051
0.477573,-0.269895,-0.452068
0.475744,-0.270273,-0.452728
0.476150,-0.268836,-0.450379
0.472254,-0.268341,-0.452997
0.472163,-0.267201,-0.453032
0.470118,-0.267848,-0.452809
0.469056,-0.266692,-0.453322
0.466278,-0.263516,-0.454282
0.465903,-0.264765,-0.454248
0.464316,-0.261802,-0.455722
0.461957,-0.264453,-0.456719
0.461057,-0.262159,-0.456429
0.460538,-0.262363,-0.455610
0.458388,-0.261279,-0.456631
0.456367,-0.258879,-0.456816
0.454833,-0.261220,-0.459980
0.453380,-0.261362,-0.457559
0.452244,-0.258714,-0.459599
0.449137,-0.258404,-0.459490
0.447759,-0.259704,-0.459704
0.445930,-0.259152,-0.460936
0.443912,-0.256365,-0.461892
0.440283,-0.255495,-0.463592
0.441585,-0.257621,-0.465159
0.437803,-0.254082,-0.464568
0.435439,-0.258450,-0.464170
0.434194,-0.255783,-0.466858
0.432248,-0.258088,-0.469052
0.431036,-0.256908,-0.468935
0.429470,-0.255016,-0.466980
0.426949,-0.252554,-0.469618
0.425633,-0.254623,-0.471270
0.422463,-0.254362,-0.470603
0.420923,-0.252529,-0.470569
0.420583,-0.252196,-0.473348
0.417629,-0.251099,-0.475169
0.415437,-0.252566,-0.474039
0.414773,-0.254222,-0.475433
0.412045,-0.252451,-0.475023
0.410382,-0.249117,-0.477182
0.407488,-0.251565,-0.476485
0.407109,-0.250580,-0.475437
0.402476,-0.250163,-0.480527
0.399752,-0.251918,-0.479379
0.398921,-0.250013,-0.481156
0.397934,-0.250918,-0.482070
0.393667,-0.252380,-0.482362
0.393964,-0.250005,-0.483475
0.389458,-0.250228,-0.484880
0.386927,-0.250679,-0.488445
0.385625,-0.252337,-0.490272
0.381073,-0.252252,-0.492045
0.378796,-0.252801,-0.493457
0.375150,-0.253551,-0.496048
0.371312,-0.254712,-0.501088
0.368597,-0.256160,-0.502359
0.360986,-0.257667,-0.505181
0.356195,-0.261916,-0.510038
0.349380,-0.267305,-0.516836
0.528842,-0.380807,-0.479466
0.531313,-0.373923,-0.475732
0.533862,-0.369898,-0.472651
0.535691,-0.365885,-0.469983
0.536299,-0.362919,-0.469561
0.536468,-0.361352,-0.465744
0.536129,-0.359760,-0.464915
0.536934,-0.357140,-0.463819
0.538437,-0.353762,-0.461303
0.538313,-0.352341,-0.460268
0.534980,-0.348911,-0.458527
0.533530,-0.346772,-0.459616
0.535240,-0.344764,-0.457967
0.534818,-0.342782,-0.455411
0.537510,-0.340874,-0.453739
0.534921,-0.340116,-0.453524
0.534556,-0.336213,-0.452928
0.533865,-0.335800,-0.453795
0.534547,-0.333616,-0.453725
0.534055,-0.330857,-0.454226
0.531707,-0.330692,-0.451937
0.533318,-0.328584,-0.449317
0.532034,-0.327245,-0.450320
0.531150,-0.324938,-0.450169
0.529612,-0.323219,-0.451350
0.528306,-0.323249,-0.448932
0.528548,-0.319625,-0.449927
0.527624,-0.318620,-0.448450
0.526569,-0.317483,-0.448712
0.524619,-0.314346,-0.446926
0.525284,-0.313940,-0.448631
0.523892,-0.314458,-0.446961
0.525860,-0.310535,-0.447465
0.522826,-0.309688,-0.445081
0.521344,-0.308672,-0.446278
0.522001,-0.307685,-0.446349
0.519436,-0.307788,-0.444448
0.520367,-0.306746,-0.445319
0.518789,-0.303370,-0.447114
0.517346,-0.302394,-0.446440
0.516965,-0.302189,-0.443382
0.520215,-0.295156,-0.441482
0.519606,-0.294680,-0.439406
0.516893,-0.297363,-0.444052
0.517129,-0.294652,-0.441023
0.513041,-0.293320,-0.442252
0.511649,-0.293332,-0.444227
0.509379,-0.292350,-0.442395
0.509454,-0.292487,-0.445036
0.509053,-0.289438,-0.444607
0.507499,-0.290927,-0.443033
0.506746,-0.291192,-0.444727
0.505025,-0.289154,-0.445920
0.502455,-0.289167,-0.446135
0.500812,-0.287126,-0.446416
0.498865,-0.285968,-0.446795
0.498235,-0.285318,-0.448061
0.495151,-0.286802,-0.448060
0.494965,-0.284840,-0.448146
0.493832,-0.283537,-0.446725
0.492323,-0.281808,-0.447448
0.490039,-0.283417,-0.448527
0.488879,-0.281258,-0.448735
0.487073,-0.278403,-0.449467
0.487411,-0.279943,-0.447677
0.485219,-0.277663,-0.449961
0.482896,-0.277366,-0.448236
0.482646,-0.277217,-0.449609
0.481018,-0.276436,-0.451137
0.480812,-0.276813,-0.449448
0.478536,-0.273842,-0.448329
0.478051,-0.271456,-0.451261
0.477404,-0.271405,-0.452080
0.475884,-0.269548,-0.449316
0.473420,-0.272069,-0.451804
0.472978,-0.269763,-0.451451
0.469719,-0.270141,-0.453177
0.469682,-0.267673,-0.452230
0.467550,-0.268348,-0.452853
0.464824,-0.267934,-0.454124
0.465749,-0.265857,-0.453089
0.464518,-0.264901,-0.452781
0.463427,-0.263537,-0.453950
0.461386,-0.264502,-0.453376
0.460470,-0.262965,-0.455110
0.458192,-0.264443,-0.454554
0.455612,-0.261241,-0.457285
0.453869,-0.259892,-0.455658
0.453657,-0.260366,-0.459522
0.448910,-0.260107,-0.458012
0.448046,-0.260877,-0.458568
0.446170,-0.259426,-0.458625
0.445510,-0.259511,-0.458818
0.443108,-0.258460,-0.462814
0.438510,-0.259301,-0.462654
0.440122,-0.258706,-0.463465
0.436328,-0.257052,-0.464365
0.435168,-0.256489,-0.464220
0.432149,-0.257391,-0.465549
0.430599,-0.256431,-0.466767
0.430347,-0.257263,-0.466261
0.427922,-0.257422,-0.467290
0.426886,-0.255022,-0.468996
0.423653,-0.256577,-0.470764
0.422522,-0.254844,-0.469593
0.418246,-0.255142,-0.471263
0.416212,-0.254159,-0.469864
0.415870,-0.253969,-0.472437
0.414779,-0.254582,-0.472602
0.412194,-0.253359,-0.473456
0.411227,-0.253038,-0.475088
0.407133,-0.252788,-0.474366
0.405512,-0.251232,-0.476880
0.404270,-0.252286,-0.478834
0.400218,-0.250844,-0.478795
0.399086,-0.250815,-0.479989
0.398322,-0.253309,-0.481452
0.394207,-0.254136,-0.480419
0.394259,-0.253210,-0.483483
0.391599,-0.251078,-0.485298
0.388339,-0.252547,-0.486865
0.386198,-0.254137,-0.486759
0.383122,-0.251506,-0.488708
0.379706,-0.252299,-0.491219
0.378238,-0.252817,-0.490961
0.373770,-0.255446,-0.494224
0.369341,-0.255959,-0.497490
0.365808,-0.257514,-0.501024
0.359387,-0.262035,-0.505885
0.354481,-0.262165,-0.511029
0.344911,-0.269330,-0.515719
0.525389,-0.384520,-0.480363
0.529303,-0.375634,-0.475329
0.531417,-0.372993,-0.470893
0.532973,-0.368674,-0.469334
0.534635,-0.363683,-0.468057
0.534987,-0.363177,-0.466033
0.534551,-0.359619,-0.463240
0.535147,-0.358702,-0.461595
0.535967,-0.354190,-0.460127
0.534815,-0.352695,-0.458247
0.536452,-0.349925,-0.458659
0.535565,-0.348613,-0.458683
0.533908,-0.347226,-0.457363
0.534178,-0.342866,-0.455716
0.532689,-0.343808,-0.456460
0.534566,-0.339725,-0.453929
0.532066,-0.338929,-0.453093
0.531411,-0.337396,-0.451931
0.530517,-0.336380,-0.452816
0.532182,-0.334770,-0.452108
0.528491,-0.330759,-0.451376
0.529434,-0.329378,-0.451028
0.529939,-0.327607,-0.451092
0.530034,-0.328591,-0.450317
0.529614,-0.324270,-0.449581
0.527764,-0.323626,-0.450494
0.529446,-0.322689,-0.447344
0.527074,-0.321391,-0.448310
0.524653,-0.319198,-0.447020
0.523564,-0.320259,-0.446284
0.524155,-0.316570,-0.447844
0.521372,-0.317094,-0.445804
0.522406,-0.314484,-0.446109
0.521540,-0.313160,-0.446524
0.520085,-0.310910,-0.444331
0.521017,-0.309083,-0.444309
0.519231,-0.308210,-0.444289
0.519100,-0.307370,-0.444006
0.515205,-0.305779,-0.443634
0.516657,-0.305596,-0.444331
0.514889,-0.304455,-0.445362
0.515279,-0.301875,-0.443516
0.511924,-0.300507,-0.443539
0.512856,-0.299720,-0.444095
0.510703,-0.300173,-0.443084
0.510108,-0.298288,-0.443266
0.508414,-0.295806,-0.444478
0.507754,-0.294788,-0.445179
0.505132,-0.293914,-0.442870
0.505152,-0.293611,-0.444165
0.504106,-0.292850,-0.446143
0.502789,-0.291308,-0.445917
0.502753,-0.291808,-0.445489
0.500094,-0.287730,-0.445429
0.498753,-0.289786,-0.444451
0.499389,-0.289257,-0.445728
0.496342,-0.285754,-0.448800
0.494210,-0.287000,-0.448374
0.493373,-0.286151,-0.447427
0.492969,-0.285247,-0.446083
0.490981,-0.284479,-0.448199
0.488635,-0.283367,-0.446747
0.489122,-0.281157,-0.447948
0.486052,-0.281612,-0.447498
0.484873,-0.279519,-0.448002
0.484649,-0.278395,-0.447549
0.484693,-0.277635,-0.445961
0.482562,-0.279187,-0.449283
0.479789,-0.277829,-0.446916
0.478362,-0.275544,-0.449183
0.477305,-0.276064,-0.449994
0.475679,-0.273521,-0.449208
0.476424,-0.273834,-0.449056
0.474600,-0.272958,-0.450712
0.473935,-0.271793,-0.450484
0.471302,-0.268773,-0.450205
0.469369,-0.267944,-0.449833
0.469130,-0.270326,-0.451519
0.467627,-0.268130,-0.452208
0.465520,-0.267497,-0.451256
0.461132,-0.266854,-0.451915
0.462823,-0.266549,-0.452599
0.459814,-0.265983,-0.453970
0.458264,-0.265646,-0.453476
0.458497,-0.265400,-0.453936
0.456255,-0.264742,-0.456049
0.452627,-0.262703,-0.456106
0.452364,-0.263652,-0.456250
0.452444,-0.260571,-0.456478
0.448687,-0.262104,-0.456422
0.449355,-0.261874,-0.458787
0.444781,-0.258303,-0.458811
0.443474,-0.260284,-0.457916
0.440044,-0.259047,-0.460318
0.440544,-0.259063,-0.459343
0.438968,-0.258981,-0.461688
0.436766,-0.260938,-0.463835
0.434042,-0.260207,-0.461709
0.432209,-0.258703,-0.465193
0.429742,-0.258063,-0.464975
0.427681,-0.257194,-0.466310
0.427702,-0.257600,-0.468614
0.422980,-0.256496,-0.468040
0.421683,-0.257330,-0.468282
0.419975,-0.257438,-0.469960
0.418599,-0.254562,-0.470409
0.418280,-0.255453,-0.471310
0.413823,-0.255372,-0.472686
0.416334,-0.256030,-0.473979
0.410371,-0.253728,-0.473765
0.408639,-0.253374,-0.474004
0.408709,-0.254189,-0.474557
0.405159,-0.252410,-0.474683
0.402861,-0.251335,-0.478713
0.401563,-0.251515,-0.478307
0.400084,-0.252983,-0.478009
0.396309,-0.253069,-0.479210
0.394766,-0.254396,-0.480077
0.391600,-0.252005,-0.482318
0.388643,-0.254332,-0.482601
0.387773,-0.251495,-0.485441
0.383561,-0.253973,-0.486627
0.381538,-0.253252,-0.489507
0.380170,-0.255155,-0.490012
0.375879,-0.256186,-0.493868
0.372197,-0.258075,-0.494837
0.368171,-0.258896,-0.495426
0.361719,-0.260654,-0.499778
0.357906,-0.263208,-0.503713
0.351709,-0.267396,-0.508731
0.344237,-0.271075,-0.515403
0.521091,-0.390196,-0.482396
0.525711,-0.380178,-0.476350
0.528335,-0.375336,-0.472440
0.528899,-0.369860,-0.469556
0.530593,-0.367037,-0.468993
0.534103,-0.364992,-0.464161
0.533302,-0.363196,-0.463066
0.531969,-0.358987,-0.462407
0.535370,-0.354547,-0.460649
0.533556,-0.354717,-0.459398
0.533348,-0.350437,-0.457013
0.534198,-0.349294,-0.455759
0.533235,-0.347872,-0.456137
0.532340,-0.345856,-0.455838
0.532082,-0.344412,-0.454963
0.534071,-0.341450,-0.454984
0.533004,-0.341124,-0.454127
0.531828,-0.337062,-0.450099
0.530928,-0.338352,-0.452901
0.529138,-0.335349,-0.448190
0.530048,-0.332543,-0.449389
0.528086,-0.330948,-0.450682
0.528953,-0.329213,-0.449340
0.527494,-0.329340,-0.449769
0.526072,-0.326904,-0.449813
0.526962,-0.326533,-0.448023
0.526637,-0.323533,-0.449111
0.524080,-0.321289,-0.446913
0.523634,-0.320426,-0.446643
0.523242,-0.319478,-0.445899
0.522388,-0.317871,-0.447052
0.522073,-0.316564,-0.445905
0.523553,-0.316077,-0.443308
0.519771,-0.314249,-0.444536
0.518887,-0.312381,-0.445416
0.517329,-0.310335,-0.443784
0.516758,-0.309503,-0.443967
0.515082,-0.308597,-0.443534
0.515586,-0.308891,-0.444832
0.514987,-0.307555,-0.443724
0.514532,-0.305585,-0.443388
0.510078,-0.304976,-0.444232
0.510354,-0.301477,-0.442581
0.509631,-0.304660,-0.443969
0.510056,-0.301498,-0.443373
0.507148,-0.298282,-0.443964
0.507574,-0.299555,-0.444437
0.506144,-0.298301,-0.444085
0.504965,-0.296719,-0.443992
0.503154,-0.295533,-0.444981
0.505221,-0.294239,-0.442220
0.503430,-0.294384,-0.445473
0.499372,-0.292921,-0.444069
0.500014,-0.291620,-0.444350
0.496322,-0.290183,-0.444246
0.496788,-0.289111,-0.445094
0.494775,-0.289433,-0.443209
0.494276,-0.286648,-0.446459
0.492294,-0.288750,-0.443587
0.492933,-0.284518,-0.446434
0.489139,-0.284707,-0.447025
0.488258,-0.284632,-0.447072
0.486013,-0.284212,-0.446164
0.485711,-0.281753,-0.446031
0.485009,-0.281569,-0.446079
0.483198,-0.281540,-0.448781
0.482112,-0.279775,-0.447234
0.481086,-0.279500,-0.448291
0.479443,-0.278875,-0.447551
0.478135,-0.276677,-0.448574
0.478634,-0.275973,-0.449021
0.474744,-0.273869,-0.448968
0.474474,-0.273249,-0.447345
0.472321,-0.273986,-0.448347
0.473006,-0.272674,-0.449499
0.470778,-0.272791,-0.449928
0.468454,-0.270991,-0.451033
0.467231,-0.267950,-0.449777
0.464252,-0.269577,-0.449599
0.463888,-0.267872,-0.451576
0.465029,-0.268725,-0.450509
0.461392,-0.266177,-0.451853
0.459248,-0.267184,-0.450504
0.459085,-0.265910,-0.453150
0.455964,-0.264446,-0.452214
0.455089,-0.264895,-0.453992
0.451849,-0.265110,-0.452853
0.451336,-0.263177,-0.454548
0.449465,-0.263361,-0.454247
0.448752,-0.263259,-0.457942
0.447179,-0.263976,-0.458093
0.446250,-0.263317,-0.457244
0.444140,-0.260848,-0.458830
0.439828,-0.262293,-0.459594
0.437440,-0.260469,-0.459611
0.436900,-0.261036,-0.461812
0.435133,-0.260658,-0.461749
0.432500,-0.260507,-0.463411
0.429732,-0.259319,-0.465036
0.429109,-0.259267,-0.464886
0.427464,-0.260084,-0.465096
0.424117,-0.258395,-0.467491
0.422543,-0.258889,-0.467700
0.420475,-0.257190,-0.466585
0.419024,-0.258397,-0.468378
0.418534,-0.258750,-0.468007
0.416577,-0.257082,-0.471144
0.413178,-0.255843,-0.471646
0.411598,-0.257674,-0.471585
0.410989,-0.256613,-0.471241
0.407949,-0.255538,-0.473024
0.405673,-0.255410,-0.474843
0.404225,-0.254341,-0.473429
0.400922,-0.255336,-0.475846
0.400330,-0.254407,-0.475706
0.396210,-0.254857,-0.477704
0.394848,-0.253778,-0.478410
0.391878,-0.252614,-0.478844
0.390535,-0.252767,-0.481763
0.387866,-0.252860,-0.483466
0.386458,-0.254697,-0.484654
0.383957,-0.255923,-0.487348
0.379442,-0.254811,-0.488628
0.378914,-0.256660,-0.487766
0.374685,-0.255624,-0.489025
0.371326,-0.256659,-0.494147
0.365231,-0.260270,-0.496641
0.361218,-0.261253,-0.500580
0.355843,-0.264447,-0.504241
0.350338,-0.268631,-0.509878
0.341237,-0.272488,-0.517913
0.524489,-0.386388,-0.478637
0.525738,-0.379381,-0.471414
0.526408,-0.374134,-0.470579
0.530226,-0.369792,-0.467263
0.530196,-0.367518,-0.465200
0.530543,-0.366205,-0.463326
0.531537,-0.361814,-0.461282
0.530543,-0.357398,-0.460834
0.531162,-0.356671,-0.458469
0.529978,-0.353124,-0.458888
0.529867,-0.353464,-0.456640
0.531695,-0.349564,-0.459609
0.533185,-0.347042,-0.455840
0.531203,-0.345178,-0.455977
0.530111,-0.343451,-0.452012
0.530002,-0.342440,-0.452498
0.530027,-0.341662,-0.450161
0.528890,-0.338138,-0.451904
0.528218,-0.338119,-0.451794
0.528478,-0.336562,-0.449926
0.527493,-0.333039,-0.448255
0.526972,-0.331677,-0.447197
0.525966,-0.330197,-0.449303
0.524707,-0.329459,-0.447861
0.524978,-0.325577,-0.447543
0.521684,-0.326168,-0.445928
0.524748,-0.322977,-0.448393
0.523278,-0.324016,-0.446971
0.522061,-0.320059,-0.447225
0.521366,-0.320626,-0.447834
0.519974,-0.317392,-0.445062
0.517741,-0.315974,-0.445861
0.518765,-0.316489,-0.443117
0.517016,-0.314025,-0.444481
0.517591,-0.313731,-0.445091
0.516761,-0.312370,-0.443276
0.515767,-0.310384,-0.443313
0.512515,-0.309359,-0.442349
0.514068,-0.309192,-0.444028
0.513354,-0.305946,-0.442232
0.512229,-0.304308,-0.442365
0.509468,-0.302446,-0.444328
0.507968,-0.303271,-0.442320
0.508173,-0.300626,-0.443542
0.506679,-0.300772,-0.445181
0.504169,-0.298475,-0.445110
0.505331,-0.298819,-0.443366
0.504578,-0.296699,-0.444120
0.502960,-0.298238,-0.444208
0.501150,-0.295702,-0.443756
0.499244,-0.293968,-0.445757
0.498000,-0.293847,-0.444703
0.498820,-0.292540,-0.443126
0.496573,-0.293564,-0.444103
0.493449,-0.291305,-0.444253
0.494264,-0.289725,-0.444326
0.492960,-0.289245,-0.445481
0.491041,-0.288635,-0.443619
0.490438,-0.287679,-0.445842
0.488722,-0.284054,-0.444712
0.487523,-0.284421,-0.446009
0.485393,-0.282858,-0.445561
0.484969,-0.284141,-0.445997
0.482852,-0.282365,-0.446130
0.480911,-0.281620,-0.444181
0.479628,-0.279349,-0.446158
0.478716,-0.279664,-0.445231
0.478178,-0.278409,-0.446032
0.476423,-0.277267,-0.445434
0.476453,-0.278956,-0.447653
0.472825,-0.277457,-0.448180
0.472369,-0.275081,-0.446190
0.471444,-0.275069,-0.448703
0.469372,-0.274641,-0.448422
0.467717,-0.272493,-0.447471
0.467829,-0.271619,-0.449452
0.465418,-0.271893,-0.446414
0.462544,-0.271407,-0.449215
0.465176,-0.270330,-0.450313
0.461867,-0.269226,-0.451575
0.459387,-0.269950,-0.450754
0.456164,-0.268119,-0.452167
0.456685,-0.267033,-0.450587
0.455124,-0.267402,-0.451396
0.454080,-0.265596,-0.451671
0.450765,-0.265512,-0.453089
0.450124,-0.266197,-0.453494
0.449410,-0.262636,-0.454349
0.446936,-0.265094,-0.455490
0.445233,-0.263493,-0.457154
0.443573,-0.264067,-0.457634
0.441218,-0.264541,-0.457393
0.438869,-0.261238,-0.459812
0.435827,-0.264166,-0.459742
0.434190,-0.263122,-0.459953
0.433160,-0.262007,-0.460394
0.431180,-0.262708,-0.462741
0.430660,-0.259838,-0.463225
0.426119,-0.261486,-0.462811
0.426276,-0.259442,-0.462295
0.424318,-0.259501,-0.463535
0.419575,-0.260493,-0.467420
0.419478,-0.258874,-0.464548
0.417862,-0.258005,-0.467416
0.416759,-0.257658,-0.467705
0.414385,-0.260336,-0.468893
0.412462,-0.257390,-0.469356
0.409371,-0.259460,-0.471838
0.407473,-0.255013,-0.471940
0.407139,-0.257279,-0.472387
0.404317,-0.256023,-0.474024
0.401900,-0.255327,-0.475264
0.399326,-0.253155,-0.474687
0.397765,-0.254439,-0.474328
0.394788,-0.255842,-0.475938
0.395145,-0.253811,-0.477535
0.392562,-0.256046,-0.477605
0.389716,-0.254028,-0.479433
0.386418,-0.253746,-0.481871
0.385523,-0.254843,-0.482792
0.379725,-0.254133,-0.483639
0.378782,-0.255015,-0.487038
0.375959,-0.257685,-0.488182
0.372537,-0.257909,-0.492117
0.368351,-0.258110,-0.493947
0.363829,-0.261376,-0.497728
0.359631,-0.264740,-0.498643
0.354882,-0.265768,-0.503818
0.347151,-0.270711,-0.509435
0.339708,-0.276731,-0.519148
0.518660,-0.388709,-0.481288
0.522943,-0.380727,-0.473339
0.526498,-0.375840,-0.471518
0.527233,-0.374112,-0.467352
0.528442,-0.369191,-0.464579
0.527787,-0.366573,-0.462310
0.527806,-0.362649,-0.461678
0.529890,-0.360954,-0.460778
0.530636,-0.356886,-0.458298
0.530291,-0.355218,-0.456696
0.529004,-0.354180,-0.456510
0.530005,-0.350315,-0.456304
0.528120,-0.348367,-0.454674
0.530349,-0.346429,-0.454438
0.527555,-0.344223,-0.453134
0.527304,-0.342925,-0.451212
0.528281,-0.341318,-0.452232
0.529210,-0.341584,-0.452895
0.526921,-0.339007,-0.450353
0.525723,-0.335139,-0.448996
0.524357,-0.336552,-0.448152
0.525169,-0.331662,-0.450074
0.524455,-0.332158,-0.447111
0.524946,-0.331426,-0.449189
0.523628,-0.328469,-0.448992
0.519465,-0.326422,-0.447345
0.523181,-0.325333,-0.444975
0.518199,-0.324692,-0.444903
0.520315,-0.324501,-0.446312
0.519726,-0.321377,-0.446628
0.517593,-0.319716,-0.446205
0.516812,-0.317090,-0.444666
0.518471,-0.317318,-0.442476
0.517649,-0.318266,-0.444193
0.515645,-0.313802,-0.444497
0.514739,-0.313622,-0.443311
0.512787,-0.313060,-0.444687
0.512716,-0.309845,-0.442727
0.512595,-0.309816,-0.443655
0.511678,-0.309479,-0.444330
0.509484,-0.307542,-0.443168
0.508493,-0.306122,-0.442842
0.510063,-0.303303,-0.441595
0.507032,-0.303030,-0.442365
0.505412,-0.303212,-0.442856
0.503791,-0.301864,-0.441468
0.503122,-0.299071,-0.443848
0.501914,-0.297512,-0.441911
0.500603,-0.301026,-0.443352
0.498928,-0.294772,-0.442057
0.499818,-0.294323,-0.442705
0.497462,-0.294563,-0.441279
0.495781,-0.295550,-0.444746
0.497716,-0.289823,-0.442453
0.494932,-0.292566,-0.442831
0.492018,-0.291013,-0.443228
0.491287,-0.289949,-0.442869
0.490946,-0.289001,-0.443454
0.488526,-0.289710,-0.442457
0.486299,-0.287670,-0.444707
0.484489,-0.286575,-0.443062
0.485982,-0.284741,-0.443500
0.481734,-0.285607,-0.443323
0.483085,-0.284759,-0.443879
0.481171,-0.280645,-0.445921
0.480893,-0.281697,-0.445635
0.478526,-0.281186,-0.445303
0.477789,-0.281666,-0.447941
0.474808,-0.280202,-0.446217
0.476600,-0.278040,-0.445677
0.472688,-0.277332,-0.444843
0.471387,-0.276317,-0.444332
0.470868,-0.276609,-0.445461
0.469674,-0.273686,-0.446987
0.469630,-0.274273,-0.447440
0.467478,-0.273373,-0.446698
0.465633,-0.272326,-0.449837
0.463602,-0.272038,-0.446813
0.461185,-0.270312,-0.448688
0.460048,-0.269515,-0.450020
0.457759,-0.270742,-0.448759
0.458192,-0.267832,-0.449217
0.457090,-0.268521,-0.449008
0.455097,-0.266976,-0.449147
0.451444,-0.266696,-0.451140
0.450017,-0.267555,-0.454114
0.447150,-0.263833,-0.453572
0.447811,-0.267923,-0.453784
0.446064,-0.266476,-0.453891
0.442602,-0.265994,-0.453883
0.441016,-0.265229,-0.455989
0.441467,-0.263815,-0.457284
0.436432,-0.263962,-0.458571
0.436199,-0.261002,-0.459135
0.434065,-0.262792,-0.459530
0.432228,-0.261563,-0.459058
0.430078,-0.263044,-0.460453
0.427210,-0.263498,-0.462796
0.424282,-0.259917,-0.461494
0.424953,-0.259173,-0.463174
0.422029,-0.262130,-0.462961
0.419958,-0.260150,-0.465454
0.418464,-0.261357,-0.465948
0.416837,-0.258652,-0.465593
0.416858,-0.259837,-0.467652
0.413035,-0.258903,-0.467443
0.410602,-0.259275,-0.468231
0.409092,-0.257551,-0.468376
0.407343,-0.259369,-0.470426
0.405323,-0.257277,-0.471444
0.404306,-0.257612,-0.472011
0.400418,-0.256430,-0.472868
0.398090,-0.258049,-0.474021
0.395307,-0.257975,-0.473980
0.394664,-0.255454,-0.475793
0.391979,-0.255991,-0.475975
0.392653,-0.255940,-0.479235
0.387008,-0.255693,-0.479021
0.386511,-0.257439,-0.481070
0.381470,-0.258596,-0.482240
0.379414,-0.255552,-0.485028
0.375713,-0.256867,-0.485524
0.373891,-0.259192,-0.488215
0.370864,-0.261228,-0.489821
0.366277,-0.260751,-0.492335
0.363888,-0.262220,-0.495897
0.359238,-0.263552,-0.499519
0.354572,-0.269146,-0.505171
0.345918,-0.270947,-0.506631
0.336822,-0.278332,-0.517719
0.514488,-0.394333,-0.484118
0.521317,-0.383449,-0.473136
0.523579,-0.379912,-0.468834
0.525817,-0.376328,-0.466660
0.525688,-0.371873,-0.467703
0.526741,-0.367237,-0.464452
0.527680,-0.364721,-0.462888
0.527833,-0.362446,-0.460756
0.527604,-0.360496,-0.459013
0.529813,-0.357343,-0.456286
0.527590,-0.355775,-0.453523
0.529127,-0.353387,-0.454755
0.528083,-0.351205,-0.452187
0.527743,-0.350482,-0.452846
0.527822,-0.349215,-0.453277
0.526154,-0.345882,-0.452716
0.526688,-0.344059,-0.449768
0.526285,-0.344051,-0.449109
0.524780,-0.340564,-0.448303
0.524736,-0.337281,-0.448936
0.524268,-0.336438,-0.447369
0.523399,-0.336689,-0.448738
0.524599,-0.334309,-0.445985
0.523474,-0.329957,-0.446548
0.522230,-0.332186,-0.447566
0.521731,-0.327814,-0.446244
0.519162,-0.327253,-0.446456
0.519607,-0.326315,-0.444574
0.518110,-0.325996,-0.444609
0.518270,-0.321832,-0.444782
0.514193,-0.322184,-0.444875
0.514378,-0.321017,-0.443856
0.514879,-0.319359,-0.441127
0.515117,-0.318309,-0.443080
0.515245,-0.315674,-0.441671
0.511964,-0.315416,-0.443766
0.511492,-0.313571,-0.442890
0.509417,-0.313396,-0.443002
0.509100,-0.310107,-0.444545
0.510318,-0.310176,-0.440932
0.509101,-0.307344,-0.442401
0.508327,-0.306265,-0.440549
0.505435,-0.305378,-0.441539
0.502831,-0.306334,-0.442773
0.504357,-0.302999,-0.440972
0.503818,-0.302327,-0.441730
0.502020,-0.300030,-0.441847
0.500850,-0.301264,-0.442328
0.498135,-0.300704,-0.440227
0.498122,-0.297762,-0.443792
0.497765,-0.298134,-0.444069
0.496794,-0.296979,-0.442019
0.493101,-0.294411,-0.440943
0.492446,-0.294095,-0.443137
0.492909,-0.293548,-0.441106
0.492637,-0.292181,-0.441480
0.490544,-0.291479,-0.444284
0.488824,-0.292010,-0.442504
0.488788,-0.290302,-0.441761
0.485757,-0.286721,-0.443667
0.486028,-0.287488,-0.442669
0.484167,-0.284180,-0.444145
0.481955,-0.285867,-0.444691
0.482764,-0.284656,-0.443090
0.479699,-0.284933,-0.444221
0.479555,-0.283752,-0.444173
0.478983,-0.282444,-0.445512
0.476463,-0.280007,-0.443804
0.474163,-0.279461,-0.444354
0.473833,-0.279996,-0.443042
0.471975,-0.278280,-0.444389
0.469098,-0.279227,-0.445503
0.470282,-0.276468,-0.446979
0.467496,-0.275995,-0.444859
0.467897,-0.273731,-0.446619
0.466383,-0.274919,-0.443048
0.463133,-0.274550,-0.446911
0.461021,-0.273446,-0.448152
0.458512,-0.272733,-0.446621
0.461277,-0.272201,-0.446495
0.459226,-0.271214,-0.448707
0.457718,-0.268259,-0.447972
0.455516,-0.269103,-0.449468
0.451776,-0.266846,-0.448303
0.449732,-0.267065,-0.450269
0.447860,-0.267206,-0.450720
0.447440,-0.267115,-0.451864
0.445981,-0.266855,-0.453103
0.445086,-0.267651,-0.453769
0.442691,-0.267638,-0.452700
0.438725,-0.266978,-0.456353
0.438981,-0.264343,-0.454796
0.435474,-0.265075,-0.456566
0.435418,-0.264064,-0.457627
0.431910,-0.265005,-0.459618
0.429722,-0.265730,-0.460735
0.429999,-0.263784,-0.460016
0.428315,-0.263830,-0.459738
0.424243,-0.261985,-0.462143
0.423301,-0.262603,-0.463484
0.422573,-0.261783,-0.465353
0.419265,-0.262751,-0.464176
0.416723,-0.263030,-0.464397
0.416204,-0.261198,-0.464722
0.414735,-0.261995,-0.466591
0.409157,-0.261678,-0.465214
0.409526,-0.260072,-0.468315
0.408954,-0.259605,-0.469368
0.408409,-0.257643,-0.470118
0.406180,-0.258471,-0.470917
0.402852,-0.259980,-0.472105
0.399845,-0.258609,-0.472231
0.397871,-0.259737,-0.473869
0.394954,-0.257978,-0.475166
0.395123,-0.256722,-0.475130
0.390027,-0.258703,-0.477239
0.387824,-0.261095,-0.477740
0.386122,-0.256943,-0.479143
0.383092,-0.258277,-0.482390
0.380799,-0.261202,-0.482348
0.376701,-0.260566,-0.485612
0.375301,-0.258948,-0.486202
0.372534,-0.261207,-0.488567
0.369933,-0.261704,-0.488292
0.365507,-0.262107,-0.493060
0.360108,-0.264217,-0.493825
0.357826,-0.269199,-0.497977
0.350571,-0.270215,-0.504767
0.343880,-0.275038,-0.508948
0.335802,-0.279460,-0.517007
0.517731,-0.388210,-0.474575
0.522246,-0.382366,-0.469674
0.521918,-0.378568,-0.467856
0.524008,-0.374484,-0.462461
0.525404,-0.371077,-0.464318
0.525821,-0.368928,-0.460475
0.525760,-0.364837,-0.459517
0.527201,-0.361097,-0.457823
0.524830,-0.360286,-0.456249
0.527300,-0.356268,-0.456470
0.527289,-0.355939,-0.456129
0.526389,-0.352806,-0.453224
0.525928,-0.350557,-0.452112
0.525315,-0.346953,-0.451620
0.526380,-0.344067,-0.450607
0.523004,-0.344324,-0.450484
0.525014,-0.343384,-0.449096
0.523219,-0.342467,-0.447913
0.524866,-0.338948,-0.448787
0.522292,-0.337262,-0.448230
0.522481,-0.334072,-0.447656
0.521823,-0.335599,-0.446169
0.520861,-0.334843,-0.446917
0.520616,-0.333161,-0.445456
0.519470,-0.331483,-0.445535
0.519056,-0.331519,-0.446104
0.517467,-0.327373,-0.443757
0.516791,-0.325118,-0.442831
0.517403,-0.323386,-0.442882
0.516505,-0.323354,-0.443257
0.515406,-0.321151,-0.442452
0.515474,-0.321328,-0.442512
0.513234,-0.319607,-0.442372
0.513381,-0.316260,-0.442048
0.511586,-0.316780,-0.441302
0.511486,-0.313218,-0.442082
0.506931,-0.314062,-0.442121
0.508942,-0.313247,-0.441497
0.508809,-0.311146,-0.440239
0.505982,-0.308986,-0.440092
0.506662,-0.307846,-0.443303
0.504421,-0.306630,-0.441057
0.503792,-0.306726,-0.441452
0.502674,-0.305714,-0.441041
0.502287,-0.304554,-0.440959
0.501267,-0.303736,-0.440783
0.498994,-0.302697,-0.439789
0.500418,-0.300973,-0.441967
0.498192,-0.299563,-0.440695
0.495565,-0.297279,-0.440868
0.494675,-0.298321,-0.442100
0.495949,-0.298927,-0.439244
0.491981,-0.295510,-0.440444
0.490026,-0.294315,-0.440463
0.489664,-0.293943,-0.441496
0.489128,-0.293066,-0.443234
0.489294,-0.289705,-0.443076
0.487497,-0.291386,-0.442748
0.486995,-0.289519,-0.440907
0.483265,-0.288326,-0.440565
0.482937,-0.287696,-0.440723
0.482962,-0.285294,-0.440507
0.480622,-0.286194,-0.442714
0.477991,-0.285736,-0.442858
0.476659,-0.284529,-0.443803
0.475414,-0.280865,-0.441370
0.475531,-0.283270,-0.444451
0.473790,-0.281543,-0.442453
0.473177,-0.278940,-0.444875
0.470372,-0.281880,-0.442487
0.469575,-0.277713,-0.443375
0.467905,-0.276287,-0.443859
0.466326,-0.275412,-0.445715
0.468147,-0.274683,-0.444550
0.462566,-0.274447,-0.446705
0.462696,-0.274145,-0.444482
0.460075,-0.274048,-0.446110
0.458753,-0.272469,-0.448461
0.458409,-0.272366,-0.448889
0.455375,-0.270182,-0.448237
0.453910,-0.271183,-0.445897
0.453203,-0.271499,-0.448909
0.452923,-0.270757,-0.447837
0.449971,-0.269536,-0.450214
0.448871,-0.268679,-0.451381
0.447241,-0.269317,-0.453473
0.445356,-0.268190,-0.451698
0.443819,-0.269220,-0.453384
0.440281,-0.267464,-0.455374
0.439277,-0.268336,-0.455430
0.435554,-0.266165,-0.455539
0.434549,-0.266193,-0.455414
0.433652,-0.264663,-0.454331
0.431531,-0.265922,-0.455718
0.431606,-0.266100,-0.459017
0.426359,-0.264189,-0.460130
0.425784,-0.265898,-0.459996
0.422391,-0.264632,-0.460150
0.421670,-0.264462,-0.461774
0.419303,-0.264085,-0.463839
0.417140,-0.263042,-0.463734
0.415167,-0.262411,-0.463857
0.414625,-0.263665,-0.464351
0.411904,-0.262668,-0.462786
0.412792,-0.262815,-0.465433
0.409211,-0.260391,-0.468510
0.405927,-0.263968,-0.467280
0.404838,-0.260705,-0.468771
0.403042,-0.261519,-0.469259
0.400221,-0.259157,-0.470882
0.399068,-0.261141,-0.470653
0.396511,-0.259864,-0.473753
0.397082,-0.261244,-0.471800
0.391405,-0.258766,-0.474165
0.390574,-0.259566,-0.474423
0.389806,-0.260469,-0.476845
0.387189,-0.260848,-0.479571
0.382686,-0.260799,-0.480128
0.378472,-0.261617,-0.481690
0.375865,-0.261599,-0.483939
0.373615,-0.263139,-0.484594
0.373153,-0.260577,-0.486553
0.366917,-0.262578,-0.487535
0.363979,-0.263777,-0.491895
0.359025,-0.268468,-0.496018
0.354892,-0.269027,-0.500751
0.350502,-0.272237,-0.503545
0.339801,-0.275888,-0.510290
0.333210,-0.279767,-0.516674
0.512437,-0.390213,-0.480563
0.518097,-0.383038,-0.470883
0.521350,-0.380553,-0.467281
0.520187,-0.374629,-0.464801
0.522755,-0.373661,-0.462957
0.522814,-0.367257,-0.460961
0.524144,-0.365632,-0.459747
0.524775,-0.364746,-0.457623
0.524348,-0.358851,-0.456128
0.525340,-0.360983,-0.455963
0.524740,-0.356065,-0.454249
0.523119,-0.354448,-0.452999
0.525005,-0.352334,-0.453730
0.525602,-0.350612,-0.450621
0.523640,-0.349300,-0.452358
0.523083,-0.345298,-0.449716
0.523625,-0.346119,-0.448584
0.522667,-0.344259,-0.446457
0.521435,-0.341595,-0.448277
0.520501,-0.338074,-0.446150
0.520497,-0.338459,-0.446372
0.519210,-0.337828,-0.446586
0.520611,-0.335665,-0.445032
0.517574,-0.333395,-0.444363
0.517611,-0.331418,-0.445271
0.514388,-0.330742,-0.443428
0.515948,-0.330051,-0.442841
0.515476,-0.328833,-0.443510
0.515816,-0.326730,-0.442453
0.515907,-0.325454,-0.442108
0.513570,-0.323992,-0.443723
0.513748,-0.322441,-0.441600
0.513269,-0.319294,-0.441952
0.511705,-0.319460,-0.441116
0.510636,-0.318619,-0.440476
0.509951,-0.316389,-0.440830
0.510783,-0.315825,-0.441033
0.507164,-0.313277,-0.440296
0.506136,-0.312916,-0.440707
0.505661,-0.312565,-0.442108
0.504954,-0.310339,-0.439416
0.505654,-0.307784,-0.439345
0.503879,-0.306840,-0.440146
0.500869,-0.305734,-0.440524
0.499116,-0.305988,-0.439852
0.501141,-0.303082,-0.440211
0.497933,-0.302315,-0.439836
0.497346,-0.302579,-0.440440
0.493888,-0.299613,-0.439311
0.493971,-0.299483,-0.438592
0.494588,-0.300456,-0.441518
0.491693,-0.298608,-0.438963
0.492120,-0.296751,-0.441166
0.490049,-0.296512,-0.441278
0.487934,-0.294526,-0.439814
0.487618,-0.293464,-0.439160
0.486359,-0.290971,-0.440357
0.484057,-0.293053,-0.440428
0.484186,-0.291016,-0.441399
0.483555,-0.290244,-0.441230
0.481631,-0.286716,-0.441378
0.479901,-0.289241,-0.441828
0.476944,-0.286350,-0.440452
0.477315,-0.284937,-0.440787
0.476986,-0.285270,-0.442004
0.475989,-0.284530,-0.441404
0.474933,-0.283760,-0.442236
0.473374,-0.282191,-0.440447
0.473053,-0.281943,-0.442458
0.471840,-0.280471,-0.442316
0.471221,-0.278206,-0.442533
0.466331,-0.279086,-0.443739
0.466215,-0.277079,-0.442605
0.465857,-0.276235,-0.442514
0.462601,-0.276744,-0.445211
0.461264,-0.276293,-0.443806
0.460996,-0.275601,-0.444662
0.458543,-0.273663,-0.445143
0.456406,-0.272042,-0.447022
0.456602,-0.273380,-0.447766
0.454438,-0.272103,-0.445871
0.453011,-0.271259,-0.447738
0.448965,-0.271174,-0.449202
0.449257,-0.269923,-0.447917
0.446910,-0.269719,-0.448692
0.445180,-0.270097,-0.449341
0.444199,-0.270746,-0.451811
0.441573,-0.267285,-0.449017
0.441992,-0.268117,-0.452288
0.437153,-0.266722,-0.455608
0.435958,-0.268989,-0.455377
0.433700,-0.268468,-0.454907
0.431740,-0.268227,-0.454666
0.429859,-0.266049,-0.457426
0.427013,-0.266540,-0.455312
0.424094,-0.266885,-0.459673
0.422638,-0.265357,-0.459123
0.423063,-0.267658,-0.460931
0.419971,-0.265336,-0.460555
0.418984,-0.264327,-0.461649
0.417039,-0.263590,-0.460584
0.415387,-0.264859,-0.463787
0.412827,-0.263983,-0.463290
0.411699,-0.263572,-0.465623
0.407673,-0.263552,-0.464750
0.405903,-0.263832,-0.468027
0.405860,-0.262661,-0.467338
0.403973,-0.261422,-0.466803
0.400335,-0.259586,-0.467910
0.398558,-0.261036,-0.469969
0.398753,-0.261081,-0.469852
0.394843,-0.260543,-0.469404
0.391718,-0.261297,-0.473122
0.391225,-0.260180,-0.473271
0.387786,-0.260984,-0.473683
0.386317,-0.260268,-0.476313
0.382861,-0.258234,-0.477893
0.381459,-0.260396,-0.477515
0.376937,-0.261897,-0.483164
0.374925,-0.261275,-0.481508
0.371297,-0.263611,-0.483953
0.368594,-0.263766,-0.486225
0.366859,-0.264241,-0.487802
0.360248,-0.265688,-0.489024
0.355222,-0.268608,-0.495385
0.352511,-0.269708,-0.498391
0.345308,-0.275415,-0.503776
0.339809,-0.277738,-0.511582
0.509378,-0.396494,-0.480618
0.516243,-0.387851,-0.471927
0.518369,-0.382968,-0.468917
0.518841,-0.379157,-0.465556
0.521147,-0.373968,-0.462093
0.523497,-0.369411,-0.459661
0.520664,-0.368935,-0.457863
0.523815,-0.364633,-0.457129
0.522688,-0.363402,-0.455566
0.523702,-0.359395,-0.452924
0.522071,-0.357552,-0.452114
0.524709,-0.356439,-0.451205
0.522086,-0.353491,-0.451099
0.523334,-0.351703,-0.449808
0.521425,-0.349304,-0.449016
0.521533,-0.349143,-0.447551
0.521605,-0.346407,-0.449233
0.521890,-0.346828,-0.445641
0.521046,-0.343788,-0.447672
0.519905,-0.341692,-0.447366
0.520534,-0.340512,-0.445995
0.517916,-0.339241,-0.446550
0.516357,-0.338743,-0.443761
0.519292,-0.334394,-0.444231
0.516201,-0.333666,-0.441555
0.515580,-0.332064,-0.443941
0.514930,-0.329180,-0.443152
0.515791,-0.329243,-0.441595
0.514975,-0.326477,-0.442279
0.512078,-0.324892,-0.442837
0.513140,-0.325036,-0.440354
0.509824,-0.323438,-0.440828
0.510153,-0.321064,-0.439171
0.508767,-0.319724,-0.439085
0.508374,-0.318954,-0.438826
0.507225,-0.317320,-0.439977
0.507201,-0.314357,-0.441319
0.504773,-0.315904,-0.439919
0.504685,-0.312059,-0.440408
0.506455,-0.312021,-0.437979
0.503440,-0.311352,-0.437486
0.503120,-0.310169,-0.437739
0.502014,-0.308903,-0.438349
0.497598,-0.307883,-0.438682
0.497414,-0.307714,-0.439510
0.497342,-0.305854,-0.439708
0.495485,-0.305032,-0.437557
0.494873,-0.302957,-0.437875
0.495173,-0.301807,-0.439702
0.493335,-0.301417,-0.439987
0.490356,-0.301776,-0.438852
0.490798,-0.297430,-0.440293
0.490481,-0.299703,-0.438702
0.489537,-0.299768,-0.437420
0.488862,-0.295508,-0.438640
0.487449,-0.293595,-0.439231
0.485355,-0.295074,-0.439244
0.483220,-0.293009,-0.438259
0.483349,-0.292114,-0.438698
0.482485,-0.291253,-0.440005
0.480678,-0.291147,-0.439657
0.480622,-0.290355,-0.440034
0.478006,-0.289162,-0.441088
0.477016,-0.286216,-0.440552
0.476348,-0.286484,-0.440002
0.474218,-0.284388,-0.441546
0.474033,-0.284049,-0.441054
0.471837,-0.284069,-0.440853
0.469340,-0.281501,-0.442600
0.466887,-0.281802,-0.442829
0.470106,-0.281807,-0.442396
0.467052,-0.278950,-0.441597
0.464930,-0.280238,-0.443397
0.462859,-0.276644,-0.442576
0.460350,-0.276870,-0.443322
0.461720,-0.276494,-0.443526
0.458966,-0.276482,-0.444086
0.456825,-0.276081,-0.445513
0.456403,-0.274255,-0.445968
0.455137,-0.272822,-0.447569
0.452679,-0.273046,-0.446056
0.450692,-0.271676,-0.444986
0.450322,-0.272457,-0.446012
0.447991,-0.273309,-0.446836
0.445617,-0.270426,-0.448294
0.445704,-0.272759,-0.449376
0.442686,-0.272486,-0.449229
0.439853,-0.270635,-0.449840
0.438310,-0.270109,-0.454409
0.436641,-0.269197,-0.452711
0.433947,-0.269855,-0.451621
0.433427,-0.269270,-0.453181
0.430186,-0.268886,-0.453251
0.428791,-0.268830,-0.456618
0.430564,-0.268344,-0.454270
0.423785,-0.265961,-0.457500
0.423648,-0.267824,-0.455945
0.421530,-0.266732,-0.459657
0.418192,-0.266755,-0.458168
0.415747,-0.266845,-0.459819
0.416012,-0.266366,-0.460816
0.413954,-0.264397,-0.461882
0.411693,-0.265832,-0.461646
0.410193,-0.266328,-0.463623
0.407865,-0.264499,-0.463748
0.406348,-0.266229,-0.466080
0.405235,-0.264330,-0.464715
0.400403,-0.262143,-0.468089
0.400111,-0.264811,-0.468178
0.397781,-0.261187,-0.468577
0.396023,-0.264064,-0.468742
0.392916,-0.263853,-0.470535
0.389556,-0.261945,-0.470785
0.389460,-0.263067,-0.474467
0.386749,-0.263280,-0.474706
0.384215,-0.263870,-0.476568
0.382550,-0.264063,-0.475066
0.379359,-0.263338,-0.476735
0.375573,-0.263792,-0.479166
0.372087,-0.263027,-0.482056
0.369492,-0.265007,-0.484643
0.366346,-0.264222,-0.487431
0.363879,-0.267860,-0.486985
0.358155,-0.268482,-0.491878
0.353489,-0.270629,-0.494671
0.348925,-0.273657,-0.497741
0.341720,-0.275182,-0.504168
0.336185,-0.282020,-0.508599
0.513387,-0.387708,-0.472434
0.514944,-0.385253,-0.467924
0.518232,-0.379547,-0.465542
0.519645,-0.377030,-0.461926
0.519759,-0.372339,-0.460983
0.521087,-0.370583,-0.457241
0.519266,-0.367464,-0.457987
0.521586,-0.364442,-0.455142
0.522066,-0.361142,-0.454392
0.522611,-0.360414,-0.454933
0.520632,-0.356269,-0.452955
0.521246,-0.355779,-0.451520
0.521399,-0.352779,-0.450204
0.520669,-0.351669,-0.447387
0.520811,-0.349793,-0.449174
0.517131,-0.348679,-0.448030
0.519584,-0.345632,-0.446532
0.519460,-0.346106,-0.447503
0.518370,-0.344016,-0.444843
0.517756,-0.341530,-0.444918
0.516892,-0.338656,-0.445001
0.515399,-0.335599,-0.442874
0.518415,-0.337111,-0.442575
0.514265,-0.335223,-0.440892
0.515600,-0.334271,-0.442521
0.513711,-0.333204,-0.441768
0.513769,-0.330886,-0.442102
0.512461,-0.329237,-0.440199
0.511093,-0.328601,-0.442128
0.511492,-0.324693,-0.439094
0.510213,-0.323468,-0.440230
0.508191,-0.321164,-0.439385
0.509514,-0.320575,-0.439143
0.508280,-0.320967,-0.438276
0.506598,-0.318804,-0.439523
0.506356,-0.317480,-0.439563
0.505838,-0.316256,-0.439178
0.502343,-0.314075,-0.438435
0.504033,-0.313880,-0.437366
0.503798,-0.311915,-0.436888
0.498977,-0.310893,-0.436913
0.498951,-0.310046,-0.437102
0.499076,-0.309159,-0.437034
0.498398,-0.307673,-0.434771
0.496910,-0.308030,-0.437372
0.496944,-0.307375,-0.437029
0.495314,-0.303092,-0.438960
0.494648,-0.304450,-0.439246
0.492871,-0.301822,-0.438329
0.491513,-0.300707,-0.438139
0.488568,-0.299874,-0.438409
0.489901,-0.299210,-0.437201
0.486881,-0.296636,-0.438498
0.488429,-0.298353,-0.438184
0.484366,-0.296602,-0.438623
0.484835,-0.295568,-0.437928
0.481448,-0.294119,-0.439594
0.482704,-0.292513,-0.438473
0.481499,-0.292158,-0.438257
0.480446,-0.289886,-0.437910
0.478535,-0.290113,-0.438685
0.475762,-0.288495,-0.439256
0.474866,-0.286928,-0.438893
0.474770,-0.287233,-0.440049
0.472626,-0.285993,-0.437585
0.471659,-0.283002,-0.440166
0.470989,-0.285742,-0.439579
0.469101,-0.284274,-0.439228
0.467894,-0.281886,-0.439918
0.466789,-0.280908,-0.440390
0.464841,-0.281635,-0.440658
0.463457,-0.280166,-0.440791
0.462158,-0.278158,-0.441683
0.461117,-0.277078,-0.438764
0.461492,-0.277734,-0.443515
0.458304,-0.277447,-0.441885
0.455186,-0.276014,-0.443567
0.454735,-0.275207,-0.442476
0.452312,-0.275029,-0.443942
0.452912,-0.274926,-0.445052
0.449847,-0.273985,-0.444713
0.448714,-0.273093,-0.445765
0.447835,-0.272401,-0.445070
0.443730,-0.273565,-0.446044
0.441677,-0.271472,-0.450458
0.441236,-0.271069,-0.450218
0.438251,-0.271742,-0.449257
0.436791,-0.271269,-0.452016
0.437101,-0.271827,-0.450353
0.433626,-0.269582,-0.451851
0.430745,-0.271731,-0.453410
0.427457,-0.270893,-0.454733
0.427857,-0.270148,-0.455056
0.424769,-0.268800,-0.455379
0.421954,-0.268361,-0.456418
0.420184,-0.267918,-0.456462
0.419815,-0.270134,-0.457545
0.417349,-0.267453,-0.458433
0.418080,-0.267605,-0.459028
0.415347,-0.266608,-0.460480
0.412295,-0.267157,-0.460642
0.410564,-0.266345,-0.462349
0.407929,-0.267507,-0.462792
0.405603,-0.265141,-0.462879
0.403799,-0.265363,-0.464123
0.402627,-0.266244,-0.465321
0.401276,-0.265017,-0.467201
0.397382,-0.264252,-0.468016
0.398708,-0.264055,-0.467051
0.393864,-0.265927,-0.469842
0.391931,-0.263412,-0.469918
0.390421,-0.262437,-0.470906
0.387021,-0.263435,-0.471585
0.386192,-0.265340,-0.475570
0.382186,-0.264565,-0.477696
0.378824,-0.264978,-0.476342
0.377551,-0.264466,-0.478746
0.373950,-0.263383,-0.479339
0.369830,-0.265802,-0.480740
0.369284,-0.266175,-0.480836
0.365328,-0.266096,-0.486163
0.360909,-0.266712,-0.487731
0.356522,-0.270471,-0.492625
0.352328,-0.271082,-0.494050
0.349180,-0.272821,-0.497060
0.341052,-0.278670,-0.502500
0.334325,-0.281721,-0.509962
0.509497,-0.395435,-0.473103
0.513219,-0.386833,-0.471144
0.516282,-0.380936,-0.464845
0.516831,-0.378686,-0.462759
0.516780,-0.374911,-0.459943
0.518871,-0.371485,-0.458093
0.519484,-0.367111,-0.457714
0.518695,-0.365349,-0.453569
0.520418,-0.365452,-0.453617
0.518200,-0.361748,-0.451407
0.518013,-0.361267,-0.452576
0.517866,-0.357249,-0.450476
0.519647,-0.353910,-0.447203
0.519555,-0.353881,-0.448959
0.519423,-0.350745,-0.448684
0.518552,-0.350604,-0.446359
0.518211,-0.347398,-0.446718
0.516986,-0.347805,-0.445028
0.517059,-0.344957,-0.444392
0.516444,-0.343482,-0.445452
0.515753,-0.341385,-0.444995
0.515560,-0.337287,-0.443366
0.514313,-0.337091,-0.441602
0.514921,-0.337620,-0.441948
0.513485,-0.333408,-0.440026
0.513923,-0.332842,-0.442473
0.511212,-0.331109,-0.441231
0.510648,-0.331167,-0.442030
0.510446,-0.327607,-0.439425
0.508269,-0.325757,-0.438533
0.507927,-0.325004,-0.440315
0.508704,-0.324760,-0.437928
0.505856,-0.322466,-0.438157
0.508622,-0.320007,-0.436888
0.505814,-0.320386,-0.437967
0.505654,-0.318747,-0.439663
0.504027,-0.319060,-0.438077
0.503336,-0.318166,-0.438065
0.502231,-0.315550,-0.436643
0.501162,-0.315267,-0.437152
0.499885,-0.312940,-0.438365
0.498846,-0.309010,-0.437830
0.497831,-0.310562,-0.436431
0.496004,-0.307866,-0.437081
0.495809,-0.307247,-0.438817
0.493746,-0.310120,-0.436005
0.492815,-0.303849,-0.438415
0.493145,-0.302507,-0.437154
0.490694,-0.302822,-0.436945
0.489318,-0.303660,-0.435850
0.488341,-0.299565,-0.435283
0.488844,-0.300646,-0.436786
0.488116,-0.300396,-0.437471
0.485378,-0.298498,-0.437931
0.483635,-0.298142,-0.437525
0.481216,-0.294641,-0.437757
0.481993,-0.297085,-0.439608
0.481574,-0.293710,-0.436575
0.478910,-0.293711,-0.438129
0.479371,-0.292386,-0.436907
0.477226,-0.290944,-0.436480
0.474957,-0.291323,-0.437617
0.473760,-0.288582,-0.439332
0.475323,-0.286830,-0.439232
0.472660,-0.286425,-0.438439
0.471925,-0.285336,-0.440919
0.469499,-0.286302,-0.438536
0.467834,-0.284791,-0.439216
0.468122,-0.283594,-0.438127
0.464683,-0.282242,-0.441005
0.463240,-0.281809,-0.439796
0.463694,-0.281623,-0.440982
0.461292,-0.280457,-0.438904
0.460452,-0.277520,-0.440908
0.457121,-0.278651,-0.440642
0.455057,-0.277407,-0.440614
0.454000,-0.277560,-0.440881
0.452009,-0.277969,-0.440830
0.451680,-0.276347,-0.445133
0.450831,-0.275356,-0.445060
0.448394,-0.274218,-0.445475
0.449175,-0.275006,-0.443604
0.446001,-0.274222,-0.445010
0.441899,-0.273816,-0.444450
0.440673,-0.273498,-0.445798
0.439104,-0.274464,-0.448901
0.436038,-0.273561,-0.449817
0.437077,-0.272730,-0.447309
0.430812,-0.274070,-0.451207
0.432934,-0.272004,-0.452032
0.428485,-0.272163,-0.453046
0.429497,-0.271048,-0.451945
0.425583,-0.270810,-0.454060
0.423299,-0.271964,-0.455729
0.423714,-0.271104,-0.456060
0.420996,-0.270810,-0.455461
0.419402,-0.270334,-0.457802
0.417858,-0.269027,-0.457298
0.415442,-0.267389,-0.458419
0.412714,-0.268080,-0.460603
0.412026,-0.267452,-0.464181
0.408308,-0.266208,-0.461800
0.408122,-0.267457,-0.461894
0.407067,-0.267177,-0.463945
0.403843,-0.266945,-0.462906
0.401095,-0.266403,-0.462830
0.398915,-0.266458,-0.466049
0.396665,-0.266325,-0.466935
0.395629,-0.265172,-0.467799
0.392894,-0.265898,-0.467829
0.389912,-0.266046,-0.469378
0.387123,-0.265945,-0.469852
0.387200,-0.266711,-0.471771
0.381505,-0.264857,-0.472300
0.381272,-0.264848,-0.474181
0.377378,-0.265139,-0.476325
0.374361,-0.264562,-0.477938
0.372896,-0.266812,-0.478563
0.369730,-0.266447,-0.481346
0.367290,-0.268776,-0.482904
0.362724,-0.267360,-0.484017
0.358378,-0.270148,-0.489136
0.355860,-0.272271,-0.491111
0.351255,-0.274911,-0.494274
0.345734,-0.277709,-0.497672
0.338438,-0.279983,-0.504433
0.333040,-0.285736,-0.509789
0.504506,-0.399060,-0.477812
0.512072,-0.390521,-0.468198
0.514114,-0.384489,-0.464167
0.515159,-0.380928,-0.462502
0.515945,-0.377748,-0.459734
0.517159,-0.375016,-0.459458
0.517200,-0.370193,-0.457756
0.521008,-0.368901,-0.453892
0.516185,-0.365638,-0.451995
0.518387,-0.361681,-0.452497
0.518732,-0.361566,-0.451595
0.519924,-0.357903,-0.451575
0.519129,-0.357338,-0.447562
0.518419,-0.354326,-0.447805
0.516626,-0.354793,-0.448257
0.515533,-0.350563,-0.445516
0.515879,-0.350971,-0.445189
0.514827,-0.347298,-0.445847
0.515653,-0.345945,-0.444481
0.514604,-0.346521,-0.444541
0.512164,-0.343550,-0.442451
0.514020,-0.342542,-0.442029
0.512874,-0.340491,-0.442694
0.513204,-0.338798,-0.440730
0.512213,-0.335966,-0.440252
0.511261,-0.334428,-0.439140
0.511121,-0.333750,-0.439856
0.507480,-0.329528,-0.438255
0.508279,-0.330564,-0.439888
0.509014,-0.328918,-0.436728
0.508693,-0.327554,-0.439629
0.504942,-0.325172,-0.438348
0.506509,-0.322674,-0.436874
0.503582,-0.321105,-0.437017
0.503744,-0.322298,-0.437956
0.502859,-0.318459,-0.438630
0.502873,-0.317955,-0.438945
0.502521,-0.318139,-0.439170
0.499515,-0.315631,-0.436335
0.499862,-0.315942,-0.436295
0.499104,-0.314323,-0.435799
0.497198,-0.312424,-0.437563
0.498702,-0.310003,-0.437234
0.496285,-0.308352,-0.436014
0.495623,-0.308658,-0.437179
0.492947,-0.309723,-0.435768
0.492321,-0.304806,-0.433314
0.491238,-0.305873,-0.436162
0.487509,-0.303332,-0.433162
0.487692,-0.301777,-0.434443
0.487339,-0.303034,-0.435339
0.487343,-0.302483,-0.435780
0.486137,-0.299388,-0.435477
0.484385,-0.299669,-0.434827
0.484655,-0.297375,-0.436979
0.482235,-0.297050,-0.435699
0.479885,-0.295146,-0.435694
0.479994,-0.295582,-0.436167
0.476928,-0.295450,-0.438009
0.478370,-0.290844,-0.436288
0.475780,-0.291963,-0.436384
0.475256,-0.291664,-0.436096
0.473407,-0.290297,-0.436412
0.470572,-0.289364,-0.437779
0.470966,-0.289035,-0.438104
0.468830,-0.285387,-0.438962
0.467859,-0.287123,-0.437027
0.466830,-0.286083,-0.438166
0.467463,-0.285047,-0.437084
0.464335,-0.284153,-0.438353
0.464323,-0.284052,-0.436183
0.462984,-0.282389,-0.438596
0.459033,-0.281472,-0.439894
0.457395,-0.279805,-0.440317
0.456318,-0.280044,-0.439918
0.453999,-0.279252,-0.438930
0.453703,-0.279671,-0.441927
0.452230,-0.277127,-0.442862
0.451194,-0.277962,-0.439837
0.447774,-0.278286,-0.445049
0.448263,-0.275780,-0.443659
0.445681,-0.276358,-0.444026
0.444646,-0.274542,-0.445046
0.442173,-0.275119,-0.446583
0.441679,-0.274535,-0.445931
0.438813,-0.275601,-0.447975
0.435964,-0.275395,-0.447005
0.435410,-0.273896,-0.451654
0.431499,-0.271859,-0.450427
0.431353,-0.271954,-0.451595
0.428625,-0.273851,-0.451834
0.428103,-0.272770,-0.452414
0.425542,-0.270642,-0.452031
0.423491,-0.271592,-0.454403
0.420671,-0.269936,-0.455329
0.417876,-0.269974,-0.455921
0.416743,-0.271577,-0.454588
0.415853,-0.268406,-0.457181
0.414192,-0.271302,-0.457162
0.413099,-0.270532,-0.460671
0.409372,-0.269540,-0.461320
0.407115,-0.269299,-0.460966
0.404673,-0.268487,-0.461312
0.403694,-0.268696,-0.461168
0.402127,-0.267680,-0.461927
0.399968,-0.267866,-0.465187
0.397779,-0.268427,-0.465534
0.394387,-0.268528,-0.466130
0.393175,-0.267709,-0.465809
0.391384,-0.266930,-0.466951
0.387274,-0.267234,-0.467627
0.385217,-0.264936,-0.469749
0.384454,-0.268476,-0.472207
0.380792,-0.267471,-0.472898
0.378473,-0.268571,-0.473127
0.375531,-0.267936,-0.473835
0.375071,-0.266966,-0.476477
0.372099,-0.266526,-0.478147
0.370411,-0.269697,-0.480546
0.365268,-0.270894,-0.481664
0.361795,-0.268066,-0.483396
0.358109,-0.271782,-0.488841
0.353304,-0.271478,-0.490205
0.349187,-0.278741,-0.492944
0.342355,-0.279864,-0.497449
0.335542,-0.282333,-0.503230
0.325875,-0.289192,-0.512877
0.507409,-0.392190,-0.471502
0.512477,-0.385226,-0.465334
0.514360,-0.382972,-0.460024
0.514736,-0.378708,-0.460775
0.517918,-0.380421,-0.458524
0.516584,-0.373218,-0.455986
0.515172,-0.371194,-0.453916
0.517234,-0.367495,-0.454642
0.515961,-0.366512,-0.451410
0.515447,-0.364408,-0.449532
0.516879,-0.361068,-0.448193
0.516245,-0.356223,-0.447106
0.517073,-0.356565,-0.445938
0.515684,-0.354191,-0.445379
0.514300,-0.352016,-0.446536
0.514691,-0.350502,-0.444874
0.514227,-0.350393,-0.444321
0.511890,-0.348423,-0.443396
0.513830,-0.344438,-0.442728
0.513123,-0.343165,-0.441608
0.513875,-0.341557,-0.440281
0.512629,-0.339760,-0.441687
0.509710,-0.338470,-0.441277
0.510837,-0.339173,-0.440318
0.510374,-0.336234,-0.439187
0.509192,-0.332391,-0.438933
0.509628,-0.332006,-0.439093
0.507342,-0.332402,-0.438429
0.507655,-0.329478,-0.439114
0.506368,-0.327901,-0.437878
0.505737,-0.326085,-0.437573
0.505044,-0.325713,-0.435826
0.503740,-0.322971,-0.436715
0.504130,-0.321130,-0.437270
0.504055,-0.320205,-0.434700
0.501120,-0.320345,-0.435987
0.500882,-0.319377,-0.435779
0.498976,-0.316591,-0.436169
0.497773,-0.315595,-0.435521
0.497379,-0.314666,-0.435226
0.495998,-0.314789,-0.435857
0.494872,-0.313607,-0.432004
0.493616,-0.313351,-0.434543
0.493187,-0.311817,-0.434204
0.490688,-0.308003,-0.434196
0.491475,-0.307989,-0.436387
0.489134,-0.307163,-0.437462
0.490967,-0.304905,-0.434992
0.486433,-0.304344,-0.436712
0.487637,-0.302775,-0.434992
0.484028,-0.304327,-0.436559
0.483826,-0.301809,-0.432919
0.482360,-0.298236,-0.435394
0.481387,-0.298471,-0.435465
0.481236,-0.300163,-0.434750
0.480238,-0.296707,-0.437977
0.477317,-0.295457,-0.435101
0.477719,-0.294662,-0.434560
0.475137,-0.292438,-0.436215
0.474498,-0.292854,-0.436777
0.473349,-0.293680,-0.435373
0.473452,-0.291210,-0.434890
0.471363,-0.289591,-0.436290
0.469463,-0.289331,-0.437632
0.469243,-0.288145,-0.437255
0.464929,-0.289126,-0.434671
0.466802,-0.286433,-0.437635
0.465584,-0.286973,-0.437797
0.461935,-0.285841,-0.438937
0.462447,-0.284536,-0.438507
0.462949,-0.282943,-0.439726
0.459164,-0.283709,-0.438113
0.457938,-0.282713,-0.439175
0.455586,-0.280959,-0.439263
0.453605,-0.281874,-0.440296
0.451565,-0.279701,-0.440860
0.452631,-0.281669,-0.441802
0.447314,-0.278728,-0.442297
0.446898,-0.278501,-0.441371
0.445246,-0.277234,-0.442483
0.444246,-0.278314,-0.443032
0.442928,-0.276260,-0.442144
0.439439,-0.278207,-0.444137
0.436890,-0.275200,-0.445424
0.434911,-0.275611,-0.444940
0.435020,-0.275182,-0.445849
0.432102,-0.274935,-0.449500
0.430638,-0.273228,-0.447895
0.428759,-0.276056,-0.451336
0.426427,-0.275723,-0.449230
0.424422,-0.273455,-0.451228
0.424040,-0.274130,-0.451548
0.422092,-0.273114,-0.453591
0.421120,-0.272211,-0.453601
0.415224,-0.272834,-0.454140
0.415500,-0.270865,-0.451979
0.414795,-0.270631,-0.455456
0.412170,-0.270157,-0.455290
0.410523,-0.270568,-0.456630
0.407756,-0.272106,-0.458619
0.407749,-0.269696,-0.460396
0.403389,-0.269911,-0.460127
0.401686,-0.270897,-0.459530
0.401387,-0.270075,-0.460953
0.396692,-0.269388,-0.461068
0.395563,-0.269638,-0.464179
0.392739,-0.268076,-0.464907
0.392394,-0.268891,-0.466768
0.391328,-0.268875,-0.468559
0.387828,-0.268457,-0.466573
0.386761,-0.268913,-0.470717
0.383279,-0.270098,-0.470477
0.379836,-0.266947,-0.471417
0.378156,-0.269431,-0.473269
0.375070,-0.269573,-0.473524
0.372754,-0.267748,-0.478702
0.369719,-0.269575,-0.478275
0.367556,-0.271033,-0.478784
0.361070,-0.271383,-0.481245
0.360449,-0.274704,-0.486043
0.355734,-0.274925,-0.489461
0.351700,-0.277445,-0.489152
0.346334,-0.277688,-0.491675
0.338210,-0.281563,-0.499560
0.335832,-0.285441,-0.502975
0.322460,-0.294281,-0.512812
0.505528,-0.394799,-0.470235
0.507679,-0.390140,-0.465519
0.511003,-0.382860,-0.462243
0.510571,-0.380810,-0.458036
0.512980,-0.377440,-0.457814
0.514025,-0.375233,-0.455831
0.514777,-0.371316,-0.455015
0.513398,-0.368522,-0.452376
0.515071,-0.367867,-0.450812
0.513204,-0.364073,-0.450445
0.514866,-0.360371,-0.446859
0.514737,-0.360004,-0.446768
0.517019,-0.358466,-0.447363
0.514384,-0.355547,-0.445786
0.514690,-0.353865,-0.445155
0.514572,-0.351455,-0.446423
0.513406,-0.352885,-0.443574
0.514353,-0.348368,-0.443062
0.512787,-0.347855,-0.442581
0.511013,-0.345134,-0.440365
0.510547,-0.343723,-0.442015
0.508708,-0.342342,-0.439893
0.510092,-0.341046,-0.440713
0.509288,-0.337784,-0.438068
0.509420,-0.338580,-0.437800
0.508969,-0.335222,-0.438832
0.506280,-0.335989,-0.438694
0.506352,-0.332776,-0.437864
0.505811,-0.330254,-0.437499
0.505069,-0.329004,-0.434765
0.503747,-0.326652,-0.437693
0.504241,-0.326051,-0.436303
0.502523,-0.325661,-0.436117
0.502400,-0.323345,-0.435809
0.501408,-0.321269,-0.435234
0.498784,-0.321471,-0.435405
0.499499,-0.320629,-0.434375
0.498348,-0.319417,-0.435907
0.497718,-0.316590,-0.435825
0.496774,-0.316668,-0.434604
0.495527,-0.315420,-0.434674
0.495634,-0.314024,-0.433999
0.492646,-0.311449,-0.434013
0.491749,-0.311942,-0.433553
0.490721,-0.309574,-0.432465
0.490066,-0.310162,-0.433353
0.488874,-0.305540,-0.434150
0.487939,-0.307133,-0.431968
0.488813,-0.306771,-0.434928
0.485581,-0.305170,-0.433913
0.483833,-0.302595,-0.433864
0.482873,-0.304315,-0.433030
0.482120,-0.301605,-0.433652
0.484045,-0.302750,-0.433196
0.480830,-0.298690,-0.436199
0.478445,-0.298956,-0.434060
0.478393,-0.296955,-0.434598
0.477056,-0.297053,-0.435173
0.475288,-0.295909,-0.436342
0.474515,-0.294904,-0.435957
0.471302,-0.293872,-0.435273
0.471043,-0.292896,-0.435243
0.471084,-0.291284,-0.435107
0.468353,-0.290828,-0.435364
0.465701,-0.289497,-0.434984
0.465036,-0.290525,-0.435838
0.463951,-0.288283,-0.437012
0.460918,-0.287138,-0.437711
0.461985,-0.284819,-0.436711
0.460463,-0.286919,-0.437938
0.457167,-0.284582,-0.438363
0.457597,-0.283449,-0.437104
0.457463,-0.282607,-0.436728
0.455320,-0.282777,-0.436822
0.453033,-0.282136,-0.438890
0.452727,-0.280991,-0.440858
0.448981,-0.280751,-0.439912
0.448437,-0.280551,-0.440546
0.448053,-0.278874,-0.441992
0.445259,-0.278167,-0.442552
0.442017,-0.277449,-0.442270
0.439991,-0.278386,-0.442396
0.438605,-0.278750,-0.443266
0.437899,-0.276899,-0.444755
0.436483,-0.277011,-0.446732
0.435192,-0.278120,-0.445871
0.431571,-0.276811,-0.446967
0.430417,-0.276765,-0.448047
0.426887,-0.277123,-0.447729
0.425103,-0.275300,-0.448389
0.424579,-0.273292,-0.449910
0.423066,-0.277822,-0.451142
0.419463,-0.275577,-0.451796
0.418211,-0.272452,-0.453184
0.417592,-0.273156,-0.454428
0.413249,-0.272934,-0.452836
0.413891,-0.272862,-0.454809
0.412339,-0.274032,-0.455581
0.410446,-0.273653,-0.456228
0.405808,-0.271603,-0.456954
0.406191,-0.270213,-0.458191
0.402256,-0.271900,-0.459756
0.400974,-0.269644,-0.462295
0.397145,-0.269470,-0.462706
0.395361,-0.271793,-0.463826
0.396058,-0.270517,-0.463981
0.392529,-0.272263,-0.464451
0.389738,-0.267765,-0.465619
0.388119,-0.269649,-0.465965
0.387175,-0.268818,-0.466429
0.382828,-0.269729,-0.468476
0.380907,-0.269237,-0.467722
0.379067,-0.269998,-0.470644
0.376862,-0.270399,-0.470859
0.373500,-0.270417,-0.474265
0.370593,-0.272153,-0.475856
0.366267,-0.273650,-0.478457
0.367381,-0.273309,-0.479504
0.361191,-0.272788,-0.481719
0.358181,-0.277053,-0.483644
0.352016,-0.274698,-0.485135
0.348523,-0.277665,-0.489545
0.344677,-0.277856,-0.492950
0.338703,-0.283701,-0.499248
0.330862,-0.288213,-0.504460
0.319539,-0.297946,-0.514085
0.500464,-0.401424,-0.471741
0.504733,-0.392575,-0.466273
0.508526,-0.387810,-0.463752
0.510067,-0.384106,-0.460357
0.511722,-0.379432,-0.457584
0.512051,-0.377310,-0.454603
0.513466,-0.374486,-0.453092
0.511450,-0.371572,-0.451349
0.513267,-0.368255,-0.450446
0.512316,-0.366365,-0.449967
0.512210,-0.365351,-0.448264
0.512578,-0.361465,-0.446962
0.513285,-0.359258,-0.447224
0.511975,-0.358976,-0.445929
0.511523,-0.357275,-0.444621
0.511010,-0.353631,-0.445440
0.512586,-0.352853,-0.443519
0.510718,-0.348711,-0.440884
0.509301,-0.349097,-0.440949
0.510992,-0.347300,-0.439861
0.509765,-0.344164,-0.441563
0.507482,-0.343199,-0.440934
0.508082,-0.342549,-0.438345
0.506090,-0.340512,-0.438244
0.506195,-0.339542,-0.438543
0.507839,-0.337842,-0.438682
0.506651,-0.335575,-0.437094
0.503547,-0.334531,-0.436394
0.504777,-0.332279,-0.436646
0.504122,-0.330520,-0.435590
0.502325,-0.328016,-0.434226
0.502525,-0.327470,-0.434590
0.502532,-0.327929,-0.436624
0.501984,-0.325177,-0.435769
0.499847,-0.323763,-0.435500
0.499051,-0.324704,-0.436278
0.497391,-0.320487,-0.432908
0.496315,-0.319896,-0.433157
0.496814,-0.317876,-0.435556
0.495469,-0.317255,-0.432115
0.493066,-0.317312,-0.434467
0.493449,-0.314314,-0.433677
0.491039,-0.313290,-0.433316
0.488188,-0.312880,-0.434237
0.490682,-0.311687,-0.433554
0.490311,-0.310805,-0.433115
0.486661,-0.309187,-0.433582
0.487057,-0.309987,-0.433200
0.485313,-0.305466,-0.434778
0.483950,-0.306830,-0.434384
0.481720,-0.304673,-0.433371
0.483108,-0.303843,-0.432761
0.479160,-0.301482,-0.433386
0.479508,-0.303209,-0.431088
0.477923,-0.300650,-0.432588
0.477487,-0.299252,-0.433964
0.475731,-0.299032,-0.433968
0.475870,-0.299156,-0.434392
0.473802,-0.296992,-0.433210
0.472876,-0.295784,-0.433040
0.470955,-0.295115,-0.432380
0.469964,-0.294699,-0.432929
0.467487,-0.292499,-0.435437
0.467604,-0.292970,-0.437375
0.467626,-0.291928,-0.433928
0.464217,-0.290333,-0.435361
0.462497,-0.289063,-0.433538
0.460920,-0.286928,-0.435980
0.459578,-0.289249,-0.436934
0.458565,-0.288301,-0.436886
0.458729,-0.285051,-0.437482
0.458013,-0.284053,-0.436206
0.455099,-0.284102,-0.436251
0.452398,-0.284078,-0.436698
0.452029,-0.281827,-0.437436
0.450548,-0.282961,-0.439743
0.449636,-0.281921,-0.439209
0.447845,-0.280780,-0.440168
0.444618,-0.281018,-0.440964
0.443615,-0.279369,-0.439971
0.443366,-0.280532,-0.442659
0.439524,-0.279776,-0.442887
0.437857,-0.277509,-0.442656
0.436671,-0.278936,-0.446331
0.433977,-0.279485,-0.444916
0.432465,-0.278025,-0.446896
0.432371,-0.276819,-0.443802
0.430056,-0.277818,-0.447490
0.426115,-0.277989,-0.447145
0.424172,-0.277575,-0.449009
0.422592,-0.276376,-0.449302
0.420717,-0.277560,-0.449565
0.419395,-0.275814,-0.451903
0.415644,-0.276643,-0.451833
0.413429,-0.274837,-0.452451
0.413793,-0.274531,-0.451517
0.410976,-0.273428,-0.454586
0.408818,-0.273289,-0.456638
0.407893,-0.272407,-0.454911
0.404764,-0.273227,-0.457684
0.403509,-0.272017,-0.455855
0.401944,-0.273484,-0.456369
0.400071,-0.272286,-0.460661
0.395508,-0.271249,-0.460520
0.396772,-0.273088,-0.462192
0.393285,-0.273233,-0.461546
0.392008,-0.272559,-0.463091
0.386864,-0.272043,-0.463866
0.386730,-0.271823,-0.466862
0.385377,-0.271263,-0.466616
0.380368,-0.272203,-0.469287
0.381020,-0.269571,-0.468562
0.376028,-0.273851,-0.470053
0.373671,-0.272565,-0.470811
0.371378,-0.272880,-0.475513
0.369783,-0.273833,-0.476490
0.365439,-0.271028,-0.477690
0.362667,-0.274848,-0.478224
0.359505,-0.275158,-0.482307
0.356819,-0.277817,-0.482898
0.354332,-0.278677,-0.487082
0.348043,-0.279928,-0.489993
0.343628,-0.279071,-0.493775
0.335391,-0.286464,-0.499447
0.329816,-0.290055,-0.504539
0.318045,-0.298665,-0.514080
0.498214,-0.403475,-0.471839
0.502667,-0.395839,-0.466225
0.509375,-0.391447,-0.464095
0.509814,-0.383567,-0.457686
0.508953,-0.381779,-0.457333
0.511481,-0.379643,-0.455081
0.510639,-0.375484,-0.452197
0.512189,-0.371569,-0.451695
0.512804,-0.368873,-0.450035
0.511049,-0.366886,-0.448401
0.511959,-0.364975,-0.447774
0.510313,-0.364716,-0.445057
0.511095,-0.363600,-0.444410
0.512500,-0.359228,-0.445241
0.511327,-0.358056,-0.443673
0.511849,-0.355919,-0.442674
0.510028,-0.353598,-0.441663
0.509711,-0.352747,-0.441599
0.508536,-0.350704,-0.442403
0.507785,-0.347702,-0.440495
0.507272,-0.348634,-0.440009
0.506772,-0.343945,-0.437826
0.507819,-0.344021,-0.438263
0.507618,-0.342103,-0.439201
0.504007,-0.339930,-0.436722
0.506534,-0.338189,-0.437827
0.502854,-0.336816,-0.436787
0.503758,-0.335016,-0.437567
0.502150,-0.333966,-0.437071
0.501837,-0.331852,-0.437010
0.500843,-0.330485,-0.434057
0.499122,-0.330412,-0.435659
0.500781,-0.328369,-0.433355
0.498178,-0.323938,-0.435421
0.497034,-0.325521,-0.432926
0.496182,-0.324589,-0.435527
0.496812,-0.324031,-0.434717
0.494210,-0.321778,-0.434489
0.492826,-0.319656,-0.435325
0.493940,-0.319092,-0.432458
0.491599,-0.317949,-0.430429
0.491117,-0.316614,-0.432769
0.491649,-0.314851,-0.431981
0.490268,-0.313114,-0.433411
0.488664,-0.313352,-0.432295
0.487732,-0.311979,-0.435025
0.485273,-0.313300,-0.432114
0.487154,-0.312240,-0.430978
0.483502,-0.309508,-0.433468
0.481935,-0.308878,-0.431466
0.481771,-0.306326,-0.431460
0.482141,-0.303610,-0.430910
0.480820,-0.304838,-0.432099
0.478305,-0.302845,-0.431945
0.475861,-0.302495,-0.433297
0.475802,-0.299622,-0.433492
0.475365,-0.300582,-0.430721
0.474248,-0.298478,-0.434234
0.471625,-0.296922,-0.431683
0.471890,-0.296356,-0.432615
0.471746,-0.295560,-0.431669
0.468326,-0.293186,-0.432061
0.468737,-0.294222,-0.434794
0.467345,-0.290955,-0.434742
0.462678,-0.292399,-0.433252
0.462634,-0.291299,-0.434443
0.460655,-0.291983,-0.436361
0.460310,-0.290749,-0.433024
0.459040,-0.287613,-0.434467
0.458363,-0.288491,-0.436144
0.458465,-0.287599,-0.435978
0.453937,-0.288426,-0.437084
0.453355,-0.286059,-0.436394
0.452434,-0.285459,-0.436912
0.450575,-0.285473,-0.436476
0.447326,-0.284422,-0.439155
0.446793,-0.281778,-0.437487
0.444539,-0.283651,-0.437676
0.442907,-0.282360,-0.440598
0.442316,-0.280801,-0.439101
0.440035,-0.280569,-0.439598
0.438610,-0.281904,-0.441873
0.437357,-0.282221,-0.442259
0.436171,-0.280932,-0.442989
0.431051,-0.280042,-0.442355
0.431617,-0.279714,-0.444912
0.428248,-0.279383,-0.445162
0.426470,-0.278632,-0.446195
0.426043,-0.277468,-0.447542
0.423862,-0.278249,-0.447549
0.421352,-0.279451,-0.447634
0.421114,-0.279246,-0.449361
0.417986,-0.276350,-0.451229
0.415946,-0.277181,-0.449840
0.414472,-0.275517,-0.451309
0.411466,-0.276027,-0.452838
0.409545,-0.274973,-0.451535
0.407755,-0.275292,-0.454602
0.405437,-0.275195,-0.456359
0.403932,-0.273944,-0.454882
0.403032,-0.275893,-0.456487
0.399749,-0.273965,-0.458403
0.398215,-0.272971,-0.459383
0.395758,-0.272878,-0.459720
0.393034,-0.274525,-0.461626
0.389851,-0.272277,-0.462243
0.389793,-0.273784,-0.462156
0.386953,-0.272762,-0.464592
0.384476,-0.272722,-0.465640
0.383307,-0.272447,-0.465517
0.382705,-0.272005,-0.466221
0.378515,-0.273333,-0.470989
0.376443,-0.271503,-0.468088
0.371941,-0.274632,-0.470908
0.369885,-0.274071,-0.471807
0.366859,-0.274857,-0.473553
0.364057,-0.274280,-0.477833
0.362641,-0.277276,-0.480378
0.357557,-0.277520,-0.481679
0.354190,-0.278317,-0.484282
0.349788,-0.279967,-0.485426
0.345680,-0.283269,-0.490358
0.340225,-0.284641,-0.495098
0.333118,-0.286967,-0.499330
0.326363,-0.294939,-0.506135
0.315773,-0.299469,-0.515191
0.495709,-0.406887,-0.476241
0.499857,-0.397671,-0.467472
0.506112,-0.390053,-0.461801
0.506378,-0.386930,-0.457967
0.508896,-0.385672,-0.457219
0.509728,-0.379209,-0.454532
0.506776,-0.377113,-0.453782
0.509929,-0.374345,-0.451419
0.510065,-0.370580,-0.450341
0.509620,-0.369679,-0.447563
0.509437,-0.367067,-0.447772
0.510323,-0.365006,-0.445418
0.508786,-0.363797,-0.443682
0.509011,-0.361071,-0.445066
0.509265,-0.360550,-0.442386
0.510583,-0.354500,-0.443507
0.507574,-0.355248,-0.440950
0.509756,-0.353129,-0.439380
0.509143,-0.352125,-0.440015
0.504916,-0.348908,-0.438644
0.507028,-0.346408,-0.437693
0.506082,-0.347813,-0.437523
0.504660,-0.344654,-0.438825
0.503188,-0.343339,-0.437218
0.503497,-0.343126,-0.437085
0.502701,-0.337792,-0.436508
0.503038,-0.338365,-0.435152
0.500432,-0.336558,-0.435714
0.500902,-0.336921,-0.434615
0.500027,-0.333648,-0.435151
0.499815,-0.333948,-0.433155
0.498402,-0.330316,-0.435978
0.497037,-0.331581,-0.434640
0.498397,-0.326755,-0.435287
0.496395,-0.326878,-0.434621
0.494674,-0.326226,-0.434044
0.492839,-0.323405,-0.433172
0.494631,-0.323516,-0.432987
0.490770,-0.321393,-0.433406
0.492438,-0.321134,-0.435342
0.490144,-0.319883,-0.432538
0.488700,-0.316546,-0.431887
0.488471,-0.314645,-0.433061
0.488841,-0.314723,-0.431851
0.485552,-0.312602,-0.431457
0.485961,-0.312304,-0.432407
0.485200,-0.311344,-0.432023
0.483368,-0.311430,-0.431963
0.481841,-0.311475,-0.433898
0.482337,-0.307243,-0.432225
0.480658,-0.307149,-0.431901
0.477871,-0.306827,-0.430917
0.479279,-0.307367,-0.432495
0.475229,-0.305695,-0.432252
0.476075,-0.303535,-0.432147
0.475231,-0.301597,-0.432495
0.474036,-0.300390,-0.430576
0.471106,-0.300075,-0.432541
0.474148,-0.301489,-0.433339
0.471148,-0.298175,-0.432966
0.469117,-0.298895,-0.430398
0.466092,-0.294220,-0.431345
0.466615,-0.295209,-0.432882
0.465826,-0.292825,-0.433610
0.462839,-0.294683,-0.432130
0.460360,-0.294034,-0.432743
0.461380,-0.292749,-0.432642
0.458487,-0.292074,-0.434170
0.459502,-0.290861,-0.434898
0.456683,-0.290146,-0.434093
0.454529,-0.289965,-0.434359
0.453365,-0.287439,-0.434721
0.452444,-0.286372,-0.435633
0.449930,-0.287379,-0.436455
0.448843,-0.287965,-0.436677
0.448712,-0.284464,-0.436042
0.447311,-0.285121,-0.435754
0.443473,-0.283455,-0.437890
0.440805,-0.284147,-0.437373
0.442541,-0.282130,-0.439550
0.439132,-0.283513,-0.440366
0.438839,-0.280424,-0.440707
0.434119,-0.280792,-0.441919
0.433386,-0.281755,-0.442618
0.430598,-0.281860,-0.444878
0.429637,-0.280498,-0.444143
0.426731,-0.278885,-0.445179
0.424603,-0.279406,-0.446304
0.423126,-0.279334,-0.445828
0.422270,-0.279601,-0.447994
0.420093,-0.278311,-0.448169
0.419712,-0.279470,-0.449470
0.416837,-0.278442,-0.449262
0.415590,-0.277701,-0.449824
0.412732,-0.277478,-0.451112
0.410051,-0.277867,-0.452331
0.410176,-0.277999,-0.453659
0.405085,-0.276041,-0.452903
0.403461,-0.277461,-0.453650
0.403589,-0.275831,-0.456561
0.400366,-0.277163,-0.457407
0.398123,-0.274898,-0.456942
0.398386,-0.273819,-0.456931
0.392245,-0.274625,-0.458584
0.393928,-0.274842,-0.459365
0.388502,-0.273965,-0.460530
0.389520,-0.274613,-0.461802
0.385915,-0.273704,-0.462945
0.382891,-0.274696,-0.462965
0.380161,-0.274915,-0.465607
0.378786,-0.274635,-0.468001
0.376069,-0.275393,-0.468715
0.374207,-0.277561,-0.468758
0.371837,-0.275044,-0.469928
0.368081,-0.275400,-0.472566
0.365636,-0.276875,-0.474847
0.360637,-0.277498,-0.476741
0.357590,-0.276523,-0.479612
0.357415,-0.279451,-0.481797
0.351418,-0.279862,-0.483615
0.346689,-0.282649,-0.485401
0.343619,-0.284212,-0.491524
0.337171,-0.287804,-0.493376
0.332192,-0.288314,-0.496922
0.321412,-0.294083,-0.506708
0.312491,-0.304385,-0.515069
0.490369,-0.410058,-0.473814
0.498364,-0.398688,-0.466476
0.501805,-0.395148,-0.463268
0.502369,-0.389542,-0.457572
0.504703,-0.385564,-0.457079
0.506596,-0.382159,-0.453420
0.507439,-0.380577,-0.452834
0.508125,-0.375944,-0.451115
0.506806,-0.373392,-0.448449
0.509339,-0.373270,-0.447977
0.510256,-0.368733,-0.447181
0.507770,-0.365873,-0.444988
0.508914,-0.364467,-0.445918
0.507694,-0.366433,-0.442694
0.508096,-0.359470,-0.443010
0.507830,-0.357219,-0.442812
0.504997,-0.358252,-0.440098
0.506845,-0.354442,-0.439669
0.508196,-0.353894,-0.439606
0.507119,-0.351834,-0.440192
0.504154,-0.348972,-0.439488
0.504623,-0.348821,-0.437981
0.502650,-0.346101,-0.434908
0.505507,-0.346891,-0.436525
0.502953,-0.344324,-0.434260
0.502646,-0.341099,-0.436939
0.501587,-0.342465,-0.434491
0.500124,-0.338333,-0.435124
0.499899,-0.336684,-0.433018
0.498529,-0.335173,-0.433484
0.497015,-0.333100,-0.435621
0.496471,-0.332468,-0.434548
0.495177,-0.332045,-0.433017
0.495228,-0.330043,-0.432703
0.494053,-0.328884,-0.433785
0.493230,-0.327816,-0.434501
0.491610,-0.326318,-0.431917
0.491104,-0.325069,-0.433143
0.490886,-0.321113,-0.431596
0.489827,-0.323095,-0.431877
0.489192,-0.321721,-0.430595
0.489482,-0.319658,-0.430506
0.488103,-0.320145,-0.432448
0.486959,-0.318092,-0.430490
0.486150,-0.316762,-0.429438
0.482784,-0.314796,-0.430949
0.483325,-0.314702,-0.432788
0.482467,-0.312707,-0.429412
0.482473,-0.313083,-0.431284
0.480788,-0.310684,-0.431799
0.478732,-0.308254,-0.431035
0.478817,-0.307818,-0.429382
0.475882,-0.308968,-0.431233
0.474733,-0.305728,-0.431702
0.475042,-0.306142,-0.430819
0.470817,-0.304468,-0.431684
0.471554,-0.301678,-0.432744
0.471476,-0.300449,-0.432534
0.470812,-0.301307,-0.432517
0.469446,-0.299635,-0.431810
0.466072,-0.298681,-0.430786
0.466811,-0.297853,-0.430879
0.466380,-0.296141,-0.431639
0.464667,-0.295145,-0.431972
0.461365,-0.295293,-0.432596
0.460360,-0.294287,-0.432165
0.458420,-0.294887,-0.431846
0.457651,-0.292466,-0.433251
0.455022,-0.293212,-0.433622
0.456063,-0.290970,-0.433620
0.453620,-0.290297,-0.433226
0.453594,-0.288060,-0.434695
0.449935,-0.289099,-0.435698
0.449009,-0.288974,-0.434634
0.447283,-0.286981,-0.434884
0.446317,-0.286600,-0.435886
0.443190,-0.285757,-0.436665
0.442008,-0.285672,-0.439486
0.441541,-0.285791,-0.438479
0.439889,-0.286127,-0.438602
0.436733,-0.284363,-0.440528
0.435965,-0.282998,-0.438251
0.434018,-0.284562,-0.441196
0.431286,-0.284613,-0.440008
0.431851,-0.282993,-0.443715
0.429276,-0.282098,-0.441809
0.427055,-0.283226,-0.442651
0.423451,-0.283049,-0.445029
0.421913,-0.280503,-0.446031
0.420380,-0.282558,-0.446693
0.418223,-0.279874,-0.445189
0.415820,-0.278316,-0.446152
0.414806,-0.278365,-0.447564
0.412130,-0.279988,-0.449051
0.411510,-0.279217,-0.450228
0.409331,-0.279937,-0.452413
0.409027,-0.278089,-0.451211
0.405326,-0.278535,-0.451952
0.403020,-0.277907,-0.454059
0.401208,-0.276788,-0.453767
0.399689,-0.279011,-0.453768
0.397243,-0.275892,-0.456617
0.394062,-0.276724,-0.455208
0.394303,-0.276937,-0.457546
0.392192,-0.275497,-0.459564
0.389040,-0.276302,-0.460356
0.386416,-0.275866,-0.460240
0.383463,-0.275662,-0.462530
0.381807,-0.276518,-0.461849
0.380215,-0.274583,-0.465266
0.377895,-0.275996,-0.467317
0.374883,-0.274935,-0.465660
0.372317,-0.275400,-0.467527
0.371118,-0.276328,-0.471037
0.363805,-0.277201,-0.472130
0.363243,-0.278201,-0.473552
0.360232,-0.277617,-0.477403
0.357289,-0.280062,-0.478046
0.354107,-0.281844,-0.479020
0.348377,-0.280765,-0.482539
0.343823,-0.284089,-0.485621
0.340826,-0.287519,-0.490031
0.335871,-0.287971,-0.495576
0.330107,-0.293803,-0.500147
0.320544,-0.298703,-0.507616
0.312406,-0.305497,-0.516912
0.497821,-0.399991,-0.466415
0.498028,-0.395977,-0.462932
0.502670,-0.390343,-0.458601
0.504181,-0.384985,-0.456219
0.506093,-0.386134,-0.452986
0.505703,-0.381829,-0.451108
0.505779,-0.377680,-0.451035
0.505322,-0.375896,-0.448755
0.507018,-0.372915,-0.447097
0.507396,-0.369425,-0.445409
0.507459,-0.367551,-0.444347
0.506205,-0.367018,-0.443982
0.507580,-0.363057,-0.443117
0.506615,-0.363290,-0.443769
0.507207,-0.359268,-0.440629
0.505661,-0.358888,-0.441416
0.506190,-0.356299,-0.440229
0.504140,-0.354981,-0.439420
0.503432,-0.352078,-0.437859
0.503666,-0.352296,-0.438303
0.502341,-0.348911,-0.436428
0.504557,-0.345674,-0.437909
0.498826,-0.346719,-0.438414
0.501242,-0.345446,-0.433322
0.500004,-0.344046,-0.433889
0.499942,-0.340060,-0.434320
0.498037,-0.339999,-0.435400
0.498186,-0.338964,-0.433645
0.497653,-0.337148,-0.434037
0.495768,-0.336246,-0.431519
0.496941,-0.332932,-0.432862
0.494753,-0.331769,-0.430994
0.494019,-0.329362,-0.433005
0.493674,-0.330535,-0.432073
0.491670,-0.330662,-0.431981
0.489231,-0.327134,-0.432413
0.489944,-0.325492,-0.433401
0.489431,-0.322939,-0.431983
0.488841,-0.322620,-0.431499
0.487325,-0.320956,-0.431899
0.485169,-0.322477,-0.429806
0.486410,-0.319659,-0.427504
0.485492,-0.318563,-0.430669
0.482732,-0.317178,-0.430665
0.484055,-0.316732,-0.430521
0.481439,-0.317150,-0.430188
0.480798,-0.315361,-0.430987
0.478654,-0.311021,-0.429785
0.479190,-0.311630,-0.430976
0.475250,-0.310808,-0.430971
0.477182,-0.309957,-0.432245
0.473092,-0.307177,-0.432693
0.476715,-0.307600,-0.430137
0.472817,-0.305678,-0.429901
0.473190,-0.303670,-0.429870
0.469054,-0.304527,-0.431762
0.469553,-0.302244,-0.430869
0.468042,-0.300705,-0.431957
0.466657,-0.301921,-0.429839
0.465791,-0.297835,-0.430167
0.464741,-0.299116,-0.429352
0.463837,-0.296624,-0.431442
0.458769,-0.298812,-0.428946
0.460762,-0.296037,-0.431309
0.458356,-0.296691,-0.432020
0.458320,-0.296367,-0.434074
0.456664,-0.295475,-0.432127
0.455524,-0.291845,-0.432760
0.453289,-0.295011,-0.433155
0.451855,-0.291306,-0.432887
0.449576,-0.291689,-0.432591
0.448957,-0.290243,-0.434075
0.448120,-0.287043,-0.434879
0.447075,-0.289334,-0.437467
0.443699,-0.289874,-0.435232
0.442952,-0.286460,-0.437021
0.443218,-0.286771,-0.436262
0.439770,-0.286266,-0.437400
0.438347,-0.284681,-0.438638
0.439829,-0.286993,-0.437298
0.435236,-0.284624,-0.438164
0.432166,-0.283483,-0.438795
0.430782,-0.283565,-0.438882
0.428087,-0.285917,-0.440519
0.427217,-0.283893,-0.441517
0.425216,-0.283741,-0.444102
0.422568,-0.284528,-0.444049
0.420997,-0.282154,-0.445050
0.418954,-0.281554,-0.444181
0.417380,-0.281602,-0.446650
0.415374,-0.282031,-0.447780
0.412688,-0.281024,-0.448154
0.411729,-0.282564,-0.448758
0.412419,-0.279164,-0.450000
0.408310,-0.280603,-0.450062
0.406053,-0.278953,-0.452393
0.403010,-0.279672,-0.451732
0.402207,-0.278499,-0.451742
0.401114,-0.279433,-0.455922
0.397579,-0.279032,-0.455842
0.396343,-0.278084,-0.453548
0.393603,-0.277151,-0.454214
0.389406,-0.275736,-0.455820
0.389032,-0.275419,-0.458130
0.385280,-0.276809,-0.459327
0.386429,-0.277170,-0.458212
0.383934,-0.278237,-0.461302
0.380596,-0.277645,-0.461702
0.377755,-0.278890,-0.462566
0.376278,-0.277933,-0.464682
0.374973,-0.276406,-0.466382
0.369155,-0.278181,-0.469981
0.368361,-0.278449,-0.469216
0.366190,-0.279427,-0.472313
0.360396,-0.278808,-0.471891
0.358579,-0.280133,-0.475645
0.355187,-0.280860,-0.475888
0.351250,-0.283269,-0.479262
0.347301,-0.287280,-0.481537
0.342136,-0.287195,-0.485616
0.338803,-0.289421,-0.488289
0.333344,-0.293193,-0.492456
0.325400,-0.293875,-0.500478
0.317225,-0.300268,-0.504064
0.310007,-0.306299,-0.514559
0.497635,-0.404254,-0.464819
0.498347,-0.398183,-0.462888
0.502520,-0.395584,-0.457773
0.500003,-0.389439,-0.455294
0.502136,-0.386982,-0.455029
0.504302,-0.384718,-0.452214
0.504385,-0.380107,-0.451670
0.505188,-0.376967,-0.447022
0.504804,-0.375938,-0.449138
0.504780,-0.372702,-0.442429
0.503872,-0.369561,-0.442815
0.504742,-0.365970,-0.443911
0.503302,-0.365728,-0.442249
0.505124,-0.363231,-0.440599
0.504396,-0.363950,-0.441320
0.503623,-0.361273,-0.439838
0.503570,-0.357235,-0.439123
0.503318,-0.356903,-0.437168
0.499950,-0.356346,-0.436207
0.502477,-0.352925,-0.435797
0.502650,-0.349544,-0.439475
0.501181,-0.349185,-0.436263
0.500099,-0.349051,-0.434308
0.501621,-0.347680,-0.434140
0.498398,-0.343013,-0.433180
0.499226,-0.341201,-0.434004
0.496300,-0.340946,-0.434052
0.496939,-0.339943,-0.433455
0.496123,-0.338242,-0.433711
0.496193,-0.337760,-0.432162
0.494637,-0.335712,-0.431386
0.492274,-0.334767,-0.430577
0.491352,-0.332789,-0.431584
0.491156,-0.333386,-0.433432
0.490630,-0.330708,-0.432751
0.491965,-0.328966,-0.431109
0.490289,-0.327593,-0.431716
0.488608,-0.327908,-0.430685
0.487143,-0.325259,-0.429991
0.485329,-0.323443,-0.432633
0.485618,-0.322242,-0.429603
0.484843,-0.323807,-0.429596
0.483136,-0.320119,-0.429574
0.482496,-0.319372,-0.430267
0.482394,-0.318825,-0.430713
0.479936,-0.317734,-0.428884
0.478693,-0.314370,-0.429722
0.479698,-0.315997,-0.428869
0.476638,-0.311607,-0.427892
0.475108,-0.311430,-0.428439
0.473375,-0.310208,-0.429331
0.472572,-0.310217,-0.428735
0.472580,-0.311161,-0.429327
0.471003,-0.307322,-0.427437
0.472179,-0.307606,-0.429739
0.469720,-0.306114,-0.429167
0.468226,-0.303710,-0.429100
0.467356,-0.302720,-0.428364
0.467315,-0.302414,-0.428828
0.463924,-0.301084,-0.430370
0.461902,-0.298881,-0.429652
0.460321,-0.297297,-0.429083
0.461137,-0.298621,-0.430769
0.458453,-0.299033,-0.430980
0.458030,-0.296378,-0.430404
0.457022,-0.294773,-0.431698
0.455417,-0.295358,-0.431937
0.454420,-0.294627,-0.430951
0.452391,-0.293422,-0.432683
0.450627,-0.293160,-0.433129
0.448500,-0.290080,-0.432407
0.449719,-0.290586,-0.432170
0.446893,-0.292066,-0.434633
0.445755,-0.290843,-0.434852
0.443276,-0.288185,-0.434488
0.442610,-0.289328,-0.435953
0.438747,-0.290711,-0.436339
0.438077,-0.288335,-0.437980
0.435491,-0.287119,-0.439762
0.434377,-0.286800,-0.436441
0.432287,-0.287136,-0.440275
0.432566,-0.285675,-0.437783
0.429135,-0.285558,-0.438816
0.426154,-0.284625,-0.440146
0.425828,-0.285437,-0.442425
0.423232,-0.283871,-0.442392
0.420533,-0.284775,-0.442300
0.417130,-0.283884,-0.443538
0.418370,-0.282701,-0.446289
0.415207,-0.284294,-0.444801
0.414757,-0.282141,-0.447623
0.412525,-0.284294,-0.447719
0.410714,-0.282612,-0.450646
0.409084,-0.282805,-0.449046
0.406449,-0.279578,-0.449382
0.402625,-0.282714,-0.447882
0.403478,-0.281194,-0.451295
0.399613,-0.278447,-0.452114
0.398118,-0.278448,-0.453158
0.396080,-0.281090,-0.454372
0.395330,-0.281719,-0.454323
0.393171,-0.279839,-0.455805
0.390437,-0.277514,-0.457293
0.389520,-0.281153,-0.457743
0.385932,-0.278736,-0.458493
0.383933,-0.279371,-0.460494
0.382134,-0.279681,-0.460348
0.378529,-0.277493,-0.462120
0.377846,-0.277777,-0.463234
0.373449,-0.279436,-0.465407
0.370775,-0.278796,-0.466249
0.368581,-0.280200,-0.469382
0.365517,-0.281864,-0.468478
0.362533,-0.279490,-0.471379
0.361152,-0.280997,-0.472763
0.357679,-0.280464,-0.474639
0.353802,-0.281991,-0.478523
0.348937,-0.286422,-0.477499
0.344644,-0.286465,-0.483622
0.341757,-0.289316,-0.486670
0.335864,-0.290668,-0.487877
0.332820,-0.295579,-0.494193
0.325591,-0.296209,-0.502281
0.316241,-0.302378,-0.504883
0.306546,-0.307367,-0.511960
0.493396,-0.406070,-0.466553
0.496132,-0.400106,-0.461610
0.499593,-0.395049,-0.456822
0.500557,-0.391979,-0.454213
0.501876,-0.388558,-0.455913
0.501724,-0.386216,-0.450659
0.502259,-0.381975,-0.450544
0.502581,-0.380169,-0.449053
0.503593,-0.376035,-0.447265
0.503137,-0.375436,-0.443447
0.503111,-0.369640,-0.443814
0.504111,-0.367821,-0.441297
0.504694,-0.366734,-0.442340
0.502323,-0.364837,-0.440692
0.503566,-0.364172,-0.437957
0.503527,-0.361371,-0.439192
0.502882,-0.359903,-0.438394
0.501203,-0.357455,-0.435728
0.503121,-0.355594,-0.438579
0.502320,-0.354758,-0.434624
0.500506,-0.350207,-0.436595
0.500388,-0.351315,-0.434207
0.499704,-0.351436,-0.434743
0.498800,-0.347798,-0.436503
0.496355,-0.346518,-0.433574
0.495766,-0.344225,-0.431976
0.496772,-0.343208,-0.432866
0.493948,-0.342179,-0.432961
0.495476,-0.341530,-0.431060
0.492821,-0.339363,-0.432338
0.494443,-0.336616,-0.430848
0.490715,-0.336332,-0.431502
0.490439,-0.335120,-0.429864
0.489808,-0.334299,-0.430272
0.489640,-0.333990,-0.430033
0.488475,-0.329960,-0.430270
0.484984,-0.328888,-0.429677
0.487604,-0.328167,-0.431327
0.487784,-0.326236,-0.431824
0.484564,-0.325349,-0.430931
0.484840,-0.323014,-0.427619
0.481537,-0.324163,-0.429335
0.482703,-0.321819,-0.429349
0.481626,-0.318911,-0.427183
0.480449,-0.320161,-0.428645
0.481088,-0.318865,-0.429092
0.478191,-0.316359,-0.426598
0.476218,-0.314985,-0.428448
0.476552,-0.316510,-0.429622
0.475037,-0.313687,-0.427878
0.473440,-0.312279,-0.428609
0.474057,-0.309938,-0.429062
0.470810,-0.310322,-0.428072
0.468584,-0.309438,-0.428860
0.468792,-0.307863,-0.428417
0.468899,-0.307075,-0.428552
0.467920,-0.305489,-0.427555
0.466079,-0.305019,-0.427390
0.464861,-0.304145,-0.428768
0.463566,-0.304055,-0.429120
0.461090,-0.301340,-0.428860
0.461636,-0.302582,-0.429133
0.459611,-0.301518,-0.429707
0.458733,-0.300154,-0.431058
0.456919,-0.297830,-0.430471
0.456367,-0.299094,-0.431002
0.452425,-0.295956,-0.430035
0.451438,-0.294954,-0.430056
0.450220,-0.294500,-0.432337
0.449268,-0.293712,-0.430926
0.447630,-0.295041,-0.431328
0.446480,-0.294461,-0.433471
0.445678,-0.292675,-0.435019
0.442863,-0.292760,-0.434593
0.441198,-0.293104,-0.434407
0.441213,-0.290273,-0.435306
0.438129,-0.290298,-0.437155
0.435323,-0.288031,-0.436686
0.433889,-0.287378,-0.435259
0.432560,-0.287723,-0.436495
0.431059,-0.288862,-0.438481
0.429136,-0.287566,-0.438066
0.428504,-0.286828,-0.439968
0.426708,-0.286164,-0.439287
0.425128,-0.287452,-0.440820
0.422155,-0.284679,-0.441830
0.419412,-0.286884,-0.440697
0.418045,-0.285802,-0.444118
0.416148,-0.286207,-0.443058
0.414158,-0.283686,-0.444705
0.412572,-0.285847,-0.445649
0.409646,-0.285478,-0.445345
0.407570,-0.283649,-0.446106
0.405071,-0.282322,-0.447001
0.405374,-0.283554,-0.447750
0.403893,-0.282179,-0.447475
0.402010,-0.281404,-0.449380
0.397912,-0.282912,-0.452417
0.397960,-0.281511,-0.453262
0.396744,-0.281156,-0.452168
0.393279,-0.281586,-0.453231
0.390829,-0.280598,-0.455475
0.390174,-0.282178,-0.456384
0.386589,-0.278855,-0.458114
0.385820,-0.279522,-0.456795
0.381995,-0.279524,-0.459384
0.379011,-0.278781,-0.461252
0.377432,-0.279146,-0.460512
0.374894,-0.281558,-0.463023
0.373165,-0.282686,-0.464742
0.370249,-0.280474,-0.463171
0.367648,-0.279826,-0.467526
0.364850,-0.284450,-0.468513
0.361033,-0.282313,-0.471743
0.358931,-0.283528,-0.471738
0.355006,-0.283317,-0.474414
0.351077,-0.286195,-0.477423
0.347120,-0.287183,-0.479463
0.344213,-0.286963,-0.482631
0.340794,-0.290040,-0.485781
0.334425,-0.292667,-0.490803
0.329183,-0.296322,-0.492493
0.321435,-0.301247,-0.498086
0.315222,-0.301373,-0.503224
0.305007,-0.309882,-0.510709
0.491291,-0.407934,-0.467032
0.493564,-0.403556,-0.462157
0.497161,-0.395383,-0.460115
0.497736,-0.392969,-0.455385
0.499237,-0.389313,-0.452858
0.498802,-0.386178,-0.449774
0.500019,-0.384267,-0.447976
0.499985,-0.380396,-0.447843
0.502035,-0.380654,-0.446452
0.503451,-0.374335,-0.443712
0.501569,-0.374280,-0.443230
0.503162,-0.371155,-0.442882
0.502555,-0.369053,-0.440630
0.501870,-0.366415,-0.440469
0.499418,-0.365225,-0.438742
0.502448,-0.364011,-0.438894
0.502087,-0.360435,-0.438630
0.499868,-0.358076,-0.434847
0.499102,-0.357150,-0.436125
0.499717,-0.356065,-0.436768
0.497402,-0.352456,-0.435717
0.497663,-0.352967,-0.434249
0.497005,-0.349225,-0.434225
0.494943,-0.347988,-0.434073
0.495564,-0.347437,-0.432771
0.494771,-0.347608,-0.433481
0.494449,-0.345601,-0.433443
0.493595,-0.343036,-0.431859
0.494183,-0.343840,-0.429483
0.490692,-0.340184,-0.432691
0.490251,-0.340064,-0.429779
0.491061,-0.337853,-0.431022
0.489091,-0.335115,-0.429963
0.487491,-0.336737,-0.429576
0.487648,-0.332941,-0.429014
0.488003,-0.330433,-0.427251
0.486007,-0.331989,-0.430274
0.484020,-0.329578,-0.427908
0.486470,-0.328219,-0.430076
0.485422,-0.327127,-0.429604
0.484019,-0.324831,-0.428163
0.482386,-0.322679,-0.427026
0.480799,-0.322456,-0.429195
0.479039,-0.322115,-0.427104
0.478171,-0.319401,-0.428022
0.478128,-0.318441,-0.427001
0.477140,-0.318752,-0.428522
0.475056,-0.318271,-0.426934
0.475606,-0.315794,-0.427391
0.473611,-0.314583,-0.427693
0.471443,-0.314454,-0.428582
0.471006,-0.313781,-0.429449
0.469767,-0.311270,-0.425776
0.467598,-0.310463,-0.428573
0.466904,-0.309886,-0.427096
0.465707,-0.307671,-0.429055
0.464652,-0.307067,-0.428454
0.463156,-0.306391,-0.430127
0.462798,-0.304543,-0.427793
0.460582,-0.302417,-0.427717
0.460410,-0.302984,-0.427517
0.459786,-0.300778,-0.429503
0.457471,-0.299754,-0.429877
0.456223,-0.300570,-0.429555
0.455350,-0.298521,-0.430139
0.454192,-0.299455,-0.429806
0.452038,-0.298628,-0.430422
0.451147,-0.296024,-0.432612
0.450388,-0.296973,-0.432097
0.446617,-0.295025,-0.430393
0.447536,-0.295811,-0.432195
0.444315,-0.294344,-0.432234
0.444140,-0.294126,-0.431323
0.441869,-0.292765,-0.435256
0.441209,-0.292725,-0.434298
0.437025,-0.292557,-0.433419
0.436621,-0.291653,-0.433785
0.435821,-0.291719,-0.433486
0.432508,-0.290003,-0.434653
0.431255,-0.289764,-0.437214
0.430184,-0.289676,-0.436264
0.428116,-0.289241,-0.438681
0.425672,-0.290548,-0.437445
0.423691,-0.288336,-0.439489
0.422447,-0.289009,-0.440677
0.419307,-0.288307,-0.443506
0.419385,-0.286949,-0.442656
0.416138,-0.286537,-0.442478
0.413946,-0.285940,-0.443702
0.414097,-0.285278,-0.441887
0.410006,-0.286326,-0.443216
0.410584,-0.284571,-0.444328
0.405743,-0.284046,-0.445515
0.406143,-0.284100,-0.446721
0.403680,-0.282321,-0.449680
0.401292,-0.285078,-0.446159
0.400608,-0.283943,-0.448386
0.398573,-0.282727,-0.450408
0.396175,-0.282524,-0.451335
0.395037,-0.282528,-0.451459
0.391945,-0.283353,-0.451185
0.390065,-0.281485,-0.453158
0.386818,-0.282685,-0.453516
0.386150,-0.282606,-0.454801
0.382281,-0.282512,-0.458992
0.379411,-0.280017,-0.460139
0.377539,-0.281287,-0.459033
0.377012,-0.282829,-0.460765
0.371958,-0.280649,-0.460967
0.372436,-0.282262,-0.462496
0.369746,-0.282647,-0.465833
0.366012,-0.282217,-0.465368
0.363175,-0.283129,-0.467503
0.358980,-0.282959,-0.468378
0.356687,-0.285648,-0.472532
0.351725,-0.285724,-0.473415
0.350292,-0.286270,-0.475310
0.346030,-0.286616,-0.478897
0.341291,-0.289748,-0.481511
0.336760,-0.291824,-0.484916
0.332263,-0.294601,-0.490173
0.327491,-0.294725,-0.493593
0.319512,-0.300140,-0.498825
0.315179,-0.303231,-0.502617
0.303277,-0.312200,-0.511419
0.287907,-0.323601,-0.525122
0.487622,-0.408187,-0.464440
0.492142,-0.402671,-0.460881
0.494580,-0.398258,-0.456768
0.496430,-0.394546,-0.453792
0.498899,-0.390396,-0.451510
0.498034,-0.388909,-0.450508
0.497248,-0.384443,-0.446086
0.499973,-0.382165,-0.445569
0.499077,-0.377863,-0.446206
0.499815,-0.376566,-0.443652
0.500567,-0.373935,-0.442147
0.500451,-0.373514,-0.439578
0.500429,-0.370942,-0.440476
0.499137,-0.368137,-0.439470
0.500166,-0.367597,-0.438390
0.498468,-0.364005,-0.436825
0.497550,-0.363511,-0.438690
0.498909,-0.360833,-0.436057
0.498914,-0.359244,-0.434761
0.496329,-0.356145,-0.433618
0.497238,-0.356093,-0.433689
0.498504,-0.353827,-0.433381
0.496446,-0.351950,-0.434344
0.495205,-0.351206,-0.431127
0.494479,-0.346950,-0.432502
0.494365,-0.347895,-0.430899
0.491766,-0.346621,-0.431365
0.492081,-0.344852,-0.433225
0.492189,-0.343275,-0.430660
0.487635,-0.342513,-0.431521
0.490771,-0.340016,-0.430681
0.488956,-0.339400,-0.429386
0.489056,-0.337976,-0.428669
0.487473,-0.336684,-0.429746
0.485588,-0.337507,-0.427954
0.486676,-0.335368,-0.428451
0.483446,-0.331900,-0.428778
0.484022,-0.330885,-0.427161
0.480641,-0.328847,-0.427917
0.482449,-0.328752,-0.428141
0.480691,-0.326390,-0.429163
0.480410,-0.325283,-0.426609
0.477737,-0.325439,-0.428648
0.478512,-0.322085,-0.428339
0.475293,-0.323258,-0.428162
0.475844,-0.321351,-0.425899
0.474997,-0.318908,-0.426579
0.474154,-0.317956,-0.427370
0.472617,-0.317309,-0.428867
0.472437,-0.316447,-0.427759
0.470143,-0.317013,-0.428431
0.470647,-0.313250,-0.426551
0.468725,-0.314061,-0.425819
0.466530,-0.311374,-0.425550
0.465935,-0.310030,-0.427785
0.466499,-0.310742,-0.427190
0.463420,-0.309700,-0.426741
0.461594,-0.307379,-0.427145
0.462684,-0.307332,-0.426820
0.459813,-0.306067,-0.428436
0.459972,-0.304528,-0.425643
0.459033,-0.301718,-0.427986
0.456411,-0.301889,-0.428277
0.455207,-0.302202,-0.428028
0.453544,-0.302602,-0.429314
0.451599,-0.301754,-0.428556
0.450377,-0.299776,-0.428545
0.449207,-0.299478,-0.429003
0.448538,-0.298699,-0.430031
0.445528,-0.298297,-0.431251
0.444098,-0.297614,-0.428580
0.442149,-0.296475,-0.430084
0.441285,-0.296354,-0.431580
0.439981,-0.293937,-0.431917
0.437202,-0.296113,-0.433647
0.438355,-0.295414,-0.433055
0.436625,-0.292036,-0.433464
0.434664,-0.292402,-0.433601
0.431143,-0.292477,-0.435372
0.431089,-0.289649,-0.435555
0.427718,-0.290417,-0.434787
0.425505,-0.290651,-0.437872
0.423516,-0.290025,-0.438597
0.423109,-0.289237,-0.438078
0.421471,-0.289080,-0.439275
0.418710,-0.288889,-0.440056
0.419369,-0.286397,-0.439894
0.413967,-0.287274,-0.440103
0.411762,-0.286511,-0.442743
0.411706,-0.286405,-0.442227
0.408827,-0.287053,-0.444876
0.408013,-0.287479,-0.443047
0.406495,-0.285440,-0.444747
0.404059,-0.285442,-0.445717
0.401500,-0.284826,-0.445039
0.399982,-0.284011,-0.446419
0.398077,-0.285440,-0.447233
0.396585,-0.285539,-0.448521
0.395283,-0.283717,-0.449650
0.392969,-0.282975,-0.450750
0.390429,-0.282389,-0.452043
0.388057,-0.283824,-0.452962
0.387010,-0.285061,-0.452512
0.385175,-0.284156,-0.456672
0.380664,-0.283245,-0.455552
0.380749,-0.285787,-0.458176
0.376361,-0.283792,-0.458395
0.374614,-0.284310,-0.460954
0.372366,-0.284512,-0.462974
0.369827,-0.285447,-0.462417
0.367237,-0.284632,-0.464753
0.366434,-0.285791,-0.465181
0.358903,-0.284404,-0.467007
0.359733,-0.285620,-0.468717
0.356406,-0.287642,-0.471020
0.349146,-0.287761,-0.474101
0.346957,-0.289138,-0.477076
0.343375,-0.291720,-0.480787
0.338475,-0.293044,-0.480957
0.333801,-0.292936,-0.485908
0.329637,-0.295205,-0.487694
0.322280,-0.300216,-0.493522
0.318369,-0.304024,-0.500042
0.313245,-0.306255,-0.502069
0.302729,-0.313794,-0.512388
0.289644,-0.321912,-0.520653
0.485961,-0.412046,-0.464431
0.492618,-0.405246,-0.461340
0.495609,-0.399772,-0.457741
0.494269,-0.396217,-0.453163
0.495447,-0.393805,-0.454528
0.497079,-0.388359,-0.450310
0.496777,-0.386787,-0.445498
0.498513,-0.384244,-0.447057
0.497314,-0.381041,-0.443960
0.498077,-0.380612,-0.443022
0.498375,-0.376811,-0.442344
0.499626,-0.374588,-0.440415
0.501048,-0.371955,-0.440197
0.497891,-0.370463,-0.440131
0.496431,-0.369916,-0.436743
0.497849,-0.366237,-0.435271
0.497342,-0.365251,-0.435855
0.498042,-0.361035,-0.436322
0.497085,-0.360044,-0.435836
0.496102,-0.358181,-0.433191
0.495042,-0.356175,-0.433852
0.497675,-0.356520,-0.432776
0.496515,-0.352789,-0.431942
0.493294,-0.353208,-0.431959
0.493472,-0.348664,-0.432495
0.492860,-0.348188,-0.431352
0.490220,-0.348203,-0.430763
0.491603,-0.345791,-0.430144
0.491164,-0.343600,-0.429483
0.489593,-0.344526,-0.430613
0.487088,-0.341445,-0.429679
0.487226,-0.340570,-0.430579
0.487534,-0.336212,-0.427913
0.487015,-0.337994,-0.427289
0.485892,-0.336574,-0.428503
0.484836,-0.334330,-0.427221
0.483709,-0.335184,-0.428279
0.482670,-0.332039,-0.427631
0.481530,-0.331256,-0.430302
0.481752,-0.329338,-0.427835
0.480121,-0.328431,-0.427895
0.479208,-0.326757,-0.427356
0.476299,-0.325582,-0.426948
0.478339,-0.324163,-0.425387
0.476474,-0.322563,-0.425636
0.474549,-0.321523,-0.426519
0.471825,-0.321928,-0.426744
0.472410,-0.320948,-0.426611
0.471538,-0.318996,-0.425868
0.469604,-0.317962,-0.424275
0.469440,-0.314252,-0.425851
0.467575,-0.315086,-0.427773
0.466475,-0.314587,-0.426469
0.465832,-0.313119,-0.426828
0.465515,-0.311134,-0.429006
0.464386,-0.311957,-0.426900
0.460982,-0.311235,-0.428239
0.460658,-0.309538,-0.428662
0.459384,-0.307503,-0.427579
0.460436,-0.306524,-0.427314
0.457343,-0.305580,-0.425514
0.455543,-0.305778,-0.426375
0.456135,-0.302722,-0.427064
0.453816,-0.305398,-0.426655
0.453063,-0.302736,-0.428431
0.449922,-0.302027,-0.430911
0.450586,-0.302438,-0.428515
0.449440,-0.301171,-0.427862
0.445559,-0.297816,-0.429364
0.444811,-0.298427,-0.430354
0.443126,-0.299419,-0.428671
0.444526,-0.294632,-0.431360
0.441924,-0.296043,-0.432449
0.439683,-0.296801,-0.431470
0.436751,-0.296357,-0.434372
0.435632,-0.294018,-0.433741
0.434131,-0.293631,-0.432539
0.431881,-0.294446,-0.433312
0.430529,-0.293302,-0.435479
0.429107,-0.293880,-0.433938
0.426627,-0.292314,-0.434677
0.424750,-0.293131,-0.434638
0.423262,-0.291523,-0.436118
0.421161,-0.290851,-0.439284
0.417930,-0.290804,-0.439764
0.417198,-0.290994,-0.439231
0.416900,-0.289937,-0.438433
0.415010,-0.288361,-0.440403
0.412595,-0.288567,-0.441144
0.410593,-0.288736,-0.442912
0.407354,-0.288561,-0.443725
0.406717,-0.288672,-0.444462
0.403621,-0.289308,-0.445765
0.404276,-0.288231,-0.444959
0.400964,-0.285356,-0.446074
0.399466,-0.285847,-0.448062
0.396427,-0.285902,-0.448770
0.397241,-0.283980,-0.449951
0.394181,-0.286840,-0.448356
0.389893,-0.286085,-0.450470
0.387592,-0.285865,-0.452724
0.386882,-0.289261,-0.450949
0.386743,-0.285971,-0.453218
0.381666,-0.283955,-0.455658
0.380111,-0.283604,-0.454398
0.378528,-0.285326,-0.456796
0.374888,-0.284606,-0.458766
0.371802,-0.283407,-0.461432
0.368338,-0.284599,-0.461129
0.368516,-0.285884,-0.461663
0.365050,-0.285766,-0.462789
0.362674,-0.285736,-0.466757
0.361088,-0.289216,-0.467534
0.356292,-0.287836,-0.467347
0.353145,-0.287024,-0.471598
0.348565,-0.290249,-0.477046
0.346238,-0.291610,-0.476116
0.342336,-0.292313,-0.478287
0.337447,-0.294025,-0.480420
0.332202,-0.293177,-0.483576
0.327379,-0.299312,-0.489789
0.321320,-0.301626,-0.493562
0.315681,-0.305784,-0.497958
0.310821,-0.306605,-0.501891
0.300881,-0.314885,-0.510327
0.291304,-0.322635,-0.519114
0.485322,-0.410362,-0.466143
0.491985,-0.407375,-0.461664
0.493587,-0.399972,-0.453186
0.494271,-0.397738,-0.453262
0.495715,-0.394435,-0.449566
0.496593,-0.392339,-0.448664
0.497193,-0.387488,-0.444124
0.494904,-0.385409,-0.445014
0.498063,-0.382239,-0.444166
0.497981,-0.380628,-0.443593
0.498531,-0.378659,-0.441273
0.496512,-0.374792,-0.440803
0.496491,-0.373394,-0.438733
0.497943,-0.370680,-0.437350
0.495615,-0.370023,-0.438078
0.498062,-0.367618,-0.437916
0.498155,-0.364967,-0.435547
0.496171,-0.364549,-0.435311
0.496858,-0.363201,-0.433642
0.494139,-0.360536,-0.433834
0.493440,-0.360331,-0.433331
0.494662,-0.357812,-0.431886
0.491035,-0.354341,-0.431761
0.491402,-0.353582,-0.431074
0.491203,-0.352012,-0.433632
0.490944,-0.349322,-0.429960
0.490763,-0.349496,-0.430313
0.487884,-0.345877,-0.430596
0.488202,-0.345550,-0.429929
0.486984,-0.344021,-0.428910
0.486941,-0.343982,-0.427576
0.486545,-0.342319,-0.427078
0.484303,-0.341228,-0.428153
0.483022,-0.337952,-0.427346
0.482444,-0.336736,-0.428832
0.483642,-0.336222,-0.428390
0.484071,-0.335554,-0.428074
0.481595,-0.332556,-0.428448
0.480406,-0.333284,-0.425493
0.478648,-0.331844,-0.429493
0.479104,-0.330235,-0.427016
0.478926,-0.327320,-0.427066
0.475576,-0.326475,-0.426714
0.475427,-0.323567,-0.424279
0.476564,-0.325100,-0.426717
0.473165,-0.325088,-0.425411
0.472144,-0.320588,-0.428138
0.471266,-0.321331,-0.424539
0.470824,-0.320416,-0.427448
0.468112,-0.319854,-0.426895
0.467830,-0.317903,-0.425700
0.466223,-0.318831,-0.425067
0.465465,-0.315001,-0.425923
0.464016,-0.313861,-0.425135
0.463227,-0.312688,-0.425221
0.463818,-0.311974,-0.426625
0.461421,-0.314106,-0.427817
0.460113,-0.307772,-0.425661
0.459414,-0.309593,-0.425537
0.458267,-0.308882,-0.427446
0.456867,-0.307771,-0.427192
0.456874,-0.307898,-0.425495
0.454897,-0.305883,-0.426506
0.453230,-0.304926,-0.426698
0.450990,-0.303700,-0.426840
0.449550,-0.303350,-0.428965
0.446604,-0.304796,-0.427560
0.447504,-0.301674,-0.427656
0.444130,-0.303237,-0.430123
0.443277,-0.300285,-0.429899
0.442640,-0.298184,-0.430586
0.439829,-0.298508,-0.428226
0.438415,-0.297344,-0.429861
0.437733,-0.296561,-0.431435
0.433914,-0.298452,-0.431570
0.433923,-0.297216,-0.430962
0.432329,-0.298852,-0.434145
0.430918,-0.296533,-0.432595
0.427494,-0.294867,-0.434049
0.426943,-0.294162,-0.434570
0.426649,-0.295919,-0.432735
0.423195,-0.293061,-0.434248
0.421836,-0.294613,-0.436843
0.419664,-0.293413,-0.438049
0.418498,-0.293832,-0.436642
0.416912,-0.291293,-0.438575
0.415364,-0.292248,-0.438793
0.415065,-0.291583,-0.439790
0.411475,-0.289766,-0.440710
0.407138,-0.289896,-0.442546
0.406504,-0.290911,-0.441764
0.404266,-0.289870,-0.442940
0.403292,-0.291677,-0.444509
0.399749,-0.286698,-0.443028
0.398097,-0.288179,-0.443717
0.398208,-0.287515,-0.443683
0.394970,-0.288046,-0.447682
0.393187,-0.288604,-0.447005
0.391214,-0.287571,-0.447379
0.389610,-0.286333,-0.450781
0.387631,-0.288507,-0.449613
0.385103,-0.285851,-0.450855
0.384445,-0.287006,-0.451635
0.380278,-0.288021,-0.454269
0.379488,-0.286476,-0.452763
0.375329,-0.286205,-0.454267
0.373007,-0.286322,-0.455551
0.372385,-0.286280,-0.459351
0.368570,-0.286035,-0.460614
0.365225,-0.287370,-0.460508
0.362738,-0.287156,-0.462812
0.358435,-0.287914,-0.463553
0.357272,-0.289399,-0.465946
0.353848,-0.289462,-0.467296
0.349255,-0.290556,-0.468808
0.348589,-0.292655,-0.472460
0.343117,-0.290571,-0.475690
0.340322,-0.292473,-0.477975
0.337065,-0.295174,-0.480090
0.330848,-0.298205,-0.485906
0.326341,-0.299887,-0.489262
0.319199,-0.302931,-0.492970
0.315556,-0.306619,-0.498599
0.308507,-0.308609,-0.501803
0.297712,-0.316329,-0.511536
0.293225,-0.320298,-0.515840
0.483694,-0.416029,-0.462523
0.489188,-0.408281,-0.459520
0.490750,-0.402530,-0.455713
0.492239,-0.400034,-0.452677
0.493017,-0.394690,-0.451261
0.494028,-0.392277,-0.447496
0.493897,-0.388893,-0.445527
0.493550,-0.387981,-0.445192
0.496869,-0.385837,-0.443874
0.495946,-0.381182,-0.443261
0.493372,-0.378543,-0.441350
0.494817,-0.377304,-0.438667
0.495042,-0.375713,-0.437906
0.492374,-0.372319,-0.437211
0.493580,-0.371382,-0.435480
0.494173,-0.366448,-0.434227
0.493737,-0.365880,-0.433683
0.492586,-0.365536,-0.434343
0.494228,-0.363573,-0.431669
0.495074,-0.362093,-0.431614
0.490993,-0.360280,-0.430584
0.492115,-0.358255,-0.433142
0.492464,-0.355306,-0.430596
0.489229,-0.354270,-0.428875
0.491920,-0.354107,-0.430432
0.491201,-0.350643,-0.429537
0.488487,-0.349119,-0.430828
0.489439,-0.348444,-0.428650
0.487615,-0.347581,-0.429530
0.487562,-0.348061,-0.428141
0.483715,-0.345760,-0.426367
0.486094,-0.343848,-0.427942
0.483173,-0.340799,-0.426591
0.484036,-0.340703,-0.427499
0.480808,-0.337251,-0.424974
0.480115,-0.336991,-0.427955
0.480079,-0.337232,-0.426785
0.478121,-0.336164,-0.428268
0.478947,-0.334148,-0.426313
0.478392,-0.333684,-0.426917
0.476078,-0.331288,-0.426398
0.475374,-0.331686,-0.424243
0.475362,-0.328488,-0.427542
0.474400,-0.325535,-0.426585
0.473010,-0.325989,-0.427764
0.472726,-0.326942,-0.424645
0.471401,-0.322565,-0.424966
0.470529,-0.323637,-0.426437
0.469731,-0.323581,-0.424592
0.467109,-0.321007,-0.426480
0.465355,-0.321329,-0.425139
0.462612,-0.319168,-0.425796
0.462538,-0.315801,-0.424104
0.462363,-0.315313,-0.425110
0.461401,-0.315147,-0.426478
0.460325,-0.314509,-0.426651
0.459077,-0.313565,-0.425845
0.457899,-0.313478,-0.424573
0.458209,-0.311596,-0.426064
0.456308,-0.309782,-0.425615
0.454832,-0.308639,-0.424318
0.454280,-0.307477,-0.424892
0.453481,-0.306277,-0.426635
0.449756,-0.305242,-0.426633
0.448341,-0.303637,-0.426213
0.447715,-0.304327,-0.426106
0.447303,-0.303697,-0.426771
0.446369,-0.302906,-0.427161
0.444620,-0.302162,-0.427897
0.442896,-0.303235,-0.428590
0.441379,-0.301915,-0.428930
0.437909,-0.301725,-0.427808
0.437031,-0.300895,-0.428282
0.436645,-0.299816,-0.431192
0.433260,-0.298977,-0.430719
0.430925,-0.298781,-0.431114
0.429905,-0.299303,-0.432805
0.429035,-0.298490,-0.431134
0.425228,-0.297768,-0.434361
0.426177,-0.296957,-0.435705
0.423961,-0.295533,-0.433580
0.423559,-0.295829,-0.434352
0.420352,-0.292614,-0.434936
0.418377,-0.294943,-0.436389
0.416956,-0.293330,-0.436541
0.415290,-0.293228,-0.437209
0.413497,-0.293438,-0.439056
0.410413,-0.292026,-0.439745
0.410116,-0.291198,-0.439421
0.407432,-0.291087,-0.440567
0.406448,-0.290539,-0.441582
0.402620,-0.290532,-0.443106
0.402180,-0.291108,-0.442388
0.400226,-0.288763,-0.441997
0.398324,-0.290065,-0.443273
0.395123,-0.289178,-0.444551
0.391011,-0.288105,-0.446310
0.390324,-0.288939,-0.447351
0.389906,-0.288478,-0.447598
0.388051,-0.289246,-0.449727
0.387173,-0.286307,-0.448896
0.383695,-0.287953,-0.450492
0.381415,-0.288348,-0.453596
0.379943,-0.285822,-0.453880
0.377133,-0.287620,-0.453616
0.373588,-0.287573,-0.456357
0.372151,-0.286117,-0.457773
0.369864,-0.288430,-0.456655
0.368559,-0.288090,-0.459484
0.364241,-0.289574,-0.460782
0.362368,-0.288667,-0.464268
0.358859,-0.289415,-0.462967
0.354918,-0.288347,-0.466318
0.353615,-0.291500,-0.468521
0.348801,-0.291954,-0.468276
0.346597,-0.293320,-0.471825
0.341449,-0.294998,-0.473677
0.337151,-0.297353,-0.478458
0.335245,-0.297682,-0.481674
0.330944,-0.300213,-0.483233
0.325318,-0.304381,-0.489230
0.318972,-0.307929,-0.493825
0.312221,-0.307790,-0.496993
0.305904,-0.310511,-0.502976
0.300074,-0.315871,-0.508945
0.291386,-0.320579,-0.512884
0.283772,-0.325416,-0.520829
0.475769,-0.423977,-0.469088
0.483751,-0.415866,-0.461564
0.486941,-0.410029,-0.457117
0.489518,-0.406035,-0.453018
0.488686,-0.401579,-0.452287
0.493661,-0.397414,-0.447337
0.492186,-0.392483,-0.445991
0.493425,-0.392926,-0.444544
0.492720,-0.391541,-0.443642
0.494617,-0.386118,-0.441256
0.492746,-0.382788,-0.440624
0.493602,-0.382347,-0.440126
0.493647,-0.380126,-0.438227
0.495228,-0.377092,-0.436977
0.493615,-0.374155,-0.434656
0.491044,-0.372630,-0.436069
0.493830,-0.370471,-0.434789
0.494844,-0.367872,-0.434483
0.492445,-0.366444,-0.433310
0.493179,-0.364671,-0.434085
0.493537,-0.363240,-0.432504
0.489756,-0.360543,-0.432828
0.489679,-0.361379,-0.431002
0.491490,-0.358345,-0.428998
0.487652,-0.356856,-0.429406
0.487963,-0.354100,-0.429070
0.487081,-0.352626,-0.427548
0.488218,-0.350922,-0.428438
0.486743,-0.349946,-0.426861
0.487063,-0.348754,-0.427001
0.484418,-0.347483,-0.426383
0.482628,-0.346751,-0.427451
0.483652,-0.344536,-0.426916
0.483282,-0.343214,-0.427408
0.481385,-0.343235,-0.426183
0.482216,-0.341453,-0.424643
0.480722,-0.338846,-0.427106
0.476784,-0.337868,-0.424735
0.479739,-0.335461,-0.425266
0.477319,-0.335523,-0.424431
0.476598,-0.332946,-0.424451
0.475949,-0.335043,-0.423974
0.473169,-0.332720,-0.427209
0.474094,-0.329479,-0.426149
0.471875,-0.328199,-0.424785
0.471249,-0.328389,-0.423482
0.469529,-0.327734,-0.424755
0.468867,-0.324551,-0.424254
0.468580,-0.324131,-0.425654
0.466516,-0.324357,-0.422625
0.466787,-0.319909,-0.424685
0.462989,-0.320227,-0.423946
0.462439,-0.320188,-0.422839
0.462941,-0.321163,-0.423511
0.462027,-0.318226,-0.423682
0.460511,-0.316092,-0.423701
0.458653,-0.314765,-0.423791
0.459086,-0.313579,-0.425085
0.456151,-0.314828,-0.424858
0.455766,-0.312923,-0.422407
0.454662,-0.312556,-0.423328
0.453058,-0.309405,-0.425658
0.451688,-0.308333,-0.426005
0.450446,-0.309664,-0.424606
0.448657,-0.306976,-0.424702
0.448152,-0.306790,-0.425753
0.445808,-0.304362,-0.425932
0.444570,-0.303682,-0.426180
0.442861,-0.304879,-0.427779
0.439829,-0.303685,-0.426929
0.440154,-0.304139,-0.428811
0.438186,-0.303748,-0.427109
0.438094,-0.301298,-0.429502
0.436948,-0.301062,-0.430457
0.433379,-0.301485,-0.429853
0.431586,-0.299568,-0.432307
0.432054,-0.298559,-0.431382
0.428921,-0.298647,-0.430911
0.426354,-0.299150,-0.431900
0.426143,-0.298904,-0.432380
0.423184,-0.297044,-0.434076
0.422991,-0.296606,-0.433730
0.420817,-0.295175,-0.434919
0.417375,-0.296381,-0.434432
0.415193,-0.297644,-0.435905
0.415179,-0.292859,-0.434466
0.412983,-0.294480,-0.436355
0.410688,-0.294300,-0.437660
0.410602,-0.291855,-0.439263
0.408885,-0.293450,-0.439622
0.406353,-0.291911,-0.440573
0.404191,-0.291588,-0.439302
0.404064,-0.292828,-0.441401
0.399898,-0.291621,-0.440461
0.399319,-0.290396,-0.444953
0.397760,-0.290014,-0.444550
0.394551,-0.291343,-0.443514
0.393726,-0.289934,-0.443998
0.389851,-0.289870,-0.447588
0.389749,-0.290858,-0.448417
0.386345,-0.289972,-0.447976
0.385503,-0.286896,-0.448314
0.380793,-0.290431,-0.449714
0.380871,-0.289355,-0.453477
0.377056,-0.289599,-0.452458
0.375902,-0.288479,-0.453816
0.373662,-0.289360,-0.456092
0.372183,-0.288490,-0.455774
0.368241,-0.288492,-0.457358
0.366131,-0.289458,-0.460013
0.363418,-0.291742,-0.459355
0.360310,-0.290442,-0.462245
0.357644,-0.289980,-0.462746
0.353817,-0.289824,-0.465638
0.351954,-0.292940,-0.465639
0.348025,-0.294122,-0.471772
0.344154,-0.294337,-0.471061
0.340301,-0.296148,-0.473625
0.335617,-0.296405,-0.477221
0.332629,-0.299230,-0.480363
0.326859,-0.301883,-0.485762
0.320727,-0.305032,-0.488169
0.315338,-0.307223,-0.492661
0.309826,-0.310745,-0.496405
0.306062,-0.311582,-0.503067
0.298194,-0.316758,-0.505580
0.290879,-0.320896,-0.508855
0.284042,-0.327975,-0.516356
0.476467,-0.423381,-0.466381
0.481981,-0.417541,-0.463066
0.483799,-0.412609,-0.457294
0.487583,-0.406140,-0.453274
0.488591,-0.403746,-0.449928
0.489046,-0.397909,-0.448282
0.489007,-0.395327,-0.447442
0.491791,-0.391060,-0.444515
0.491430,-0.389257,-0.442145
0.492848,-0.387407,-0.440519
0.493424,-0.384891,-0.441283
0.492213,-0.383510,-0.440131
0.493818,-0.380881,-0.439361
0.492330,-0.377688,-0.436206
0.492124,-0.374545,-0.435964
0.492347,-0.373782,-0.432893
0.491975,-0.371340,-0.434416
0.490437,-0.369363,-0.431910
0.490936,-0.367235,-0.433091
0.491576,-0.365829,-0.433539
0.489994,-0.364565,-0.430970
0.490143,-0.363360,-0.430043
0.488455,-0.361497,-0.429454
0.488686,-0.359196,-0.430723
0.489618,-0.358804,-0.428242
0.489304,-0.354649,-0.427650
0.486967,-0.355442,-0.429084
0.486976,-0.353399,-0.425494
0.484774,-0.350222,-0.426826
0.485313,-0.349251,-0.426738
0.483220,-0.348127,-0.426997
0.482932,-0.345780,-0.425647
0.481020,-0.345711,-0.427146
0.480450,-0.344180,-0.426367
0.481123,-0.341499,-0.425781
0.481005,-0.342640,-0.424264
0.477584,-0.340434,-0.426092
0.477551,-0.338754,-0.425530
0.476549,-0.338735,-0.423727
0.475491,-0.337793,-0.425122
0.475096,-0.334022,-0.423667
0.473153,-0.334486,-0.425318
0.472582,-0.332177,-0.423922
0.470721,-0.331470,-0.424600
0.470091,-0.330354,-0.425785
0.470543,-0.329197,-0.423877
0.467795,-0.327003,-0.425721
0.467144,-0.326521,-0.423947
0.467215,-0.324938,-0.422852
0.467515,-0.325822,-0.424597
0.465903,-0.322370,-0.424049
0.462402,-0.323688,-0.423830
0.460718,-0.320337,-0.425509
0.460231,-0.318598,-0.424602
0.460407,-0.320994,-0.423881
0.457416,-0.317775,-0.424223
0.456707,-0.318069,-0.423780
0.455667,-0.315592,-0.423772
0.454334,-0.314904,-0.423554
0.451179,-0.313213,-0.425106
0.453322,-0.311293,-0.424320
0.452386,-0.311853,-0.422895
0.449869,-0.310273,-0.424443
0.448681,-0.310133,-0.425049
0.447264,-0.310595,-0.424987
0.447656,-0.308794,-0.425172
0.445285,-0.308196,-0.425343
0.441373,-0.308680,-0.425642
0.441455,-0.304891,-0.426254
0.440247,-0.305897,-0.428706
0.436818,-0.304846,-0.427584
0.437049,-0.305982,-0.427419
0.435124,-0.302638,-0.426856
0.434067,-0.303557,-0.427986
0.431329,-0.302768,-0.428352
0.431447,-0.300967,-0.429477
0.430152,-0.299346,-0.429463
0.427594,-0.298881,-0.434103
0.426663,-0.301461,-0.431461
0.425014,-0.302114,-0.431753
0.421046,-0.299127,-0.432289
0.422432,-0.300826,-0.431900
0.416958,-0.296222,-0.432730
0.417575,-0.296858,-0.433056
0.416168,-0.297304,-0.434111
0.414492,-0.297164,-0.434920
0.413870,-0.296168,-0.435018
0.409953,-0.295747,-0.437288
0.406255,-0.293283,-0.436324
0.405657,-0.293277,-0.438163
0.404912,-0.295613,-0.438476
0.403497,-0.296384,-0.440225
0.400534,-0.293355,-0.438861
0.398915,-0.293364,-0.441517
0.396990,-0.292926,-0.441863
0.396634,-0.292772,-0.442623
0.392335,-0.293135,-0.442955
0.391045,-0.293344,-0.443820
0.389390,-0.292257,-0.445928
0.387523,-0.291686,-0.445693
0.383711,-0.290793,-0.445251
0.383671,-0.290207,-0.449874
0.381831,-0.292311,-0.449135
0.378205,-0.290671,-0.450287
0.378007,-0.291708,-0.450349
0.373385,-0.290759,-0.451621
0.371297,-0.290444,-0.454869
0.370255,-0.292131,-0.456316
0.368474,-0.290455,-0.455883
0.363618,-0.293184,-0.458490
0.361820,-0.292592,-0.458450
0.360874,-0.289863,-0.461963
0.355149,-0.292247,-0.465562
0.354079,-0.293360,-0.464778
0.349487,-0.293611,-0.466924
0.345200,-0.294537,-0.468880
0.342820,-0.295569,-0.471705
0.339686,-0.297117,-0.476425
0.333194,-0.298989,-0.476523
0.327827,-0.300806,-0.479744
0.321797,-0.304446,-0.484146
0.318323,-0.306697,-0.488323
0.313078,-0.309890,-0.493446
0.308400,-0.315067,-0.495821
0.304801,-0.314470,-0.500957
0.297220,-0.317821,-0.502304
0.289219,-0.321553,-0.509380
0.284513,-0.325351,-0.516661
0.278731,-0.330319,-0.520830
0.477623,-0.426035,-0.465156
0.480991,-0.420200,-0.458421
0.483172,-0.413886,-0.456695
0.485599,-0.408195,-0.451224
0.487594,-0.404238,-0.448397
0.488756,-0.399137,-0.447222
0.489527,-0.397107,-0.445818
0.488462,-0.395724,-0.442637
0.491162,-0.391179,-0.443208
0.490640,-0.389042,-0.441956
0.490091,-0.386862,-0.440000
0.490118,-0.382849,-0.440592
0.491400,-0.383507,-0.436272
0.490350,-0.379923,-0.437397
0.488308,-0.376488,-0.434340
0.491418,-0.377056,-0.433009
0.489350,-0.373280,-0.434269
0.490783,-0.371434,-0.434097
0.490753,-0.369542,-0.431071
0.489680,-0.368486,-0.429392
0.488123,-0.365716,-0.429309
0.488638,-0.364841,-0.430155
0.485168,-0.362751,-0.431080
0.486545,-0.361033,-0.429702
0.486548,-0.358909,-0.427385
0.485947,-0.357686,-0.429288
0.485944,-0.356411,-0.427535
0.484411,-0.355263,-0.427532
0.484591,-0.351388,-0.427203
0.482828,-0.353062,-0.426131
0.480965,-0.349991,-0.425852
0.481511,-0.350123,-0.426185
0.479641,-0.346578,-0.423533
0.479180,-0.346681,-0.426512
0.478815,-0.345512,-0.423891
0.477424,-0.345290,-0.422982
0.476376,-0.342984,-0.424302
0.476045,-0.340824,-0.425677
0.476125,-0.339585,-0.426158
0.472779,-0.339961,-0.423987
0.471916,-0.337090,-0.424453
0.472876,-0.337284,-0.423642
0.472419,-0.336121,-0.424352
0.469831,-0.333249,-0.423020
0.468737,-0.331586,-0.423815
0.467432,-0.331133,-0.424714
0.466963,-0.330496,-0.420866
0.465683,-0.329379,-0.422661
0.464200,-0.327950,-0.423588
0.466194,-0.327640,-0.422010
0.464499,-0.325384,-0.421183
0.460076,-0.325091,-0.422823
0.458996,-0.322594,-0.421723
0.458630,-0.323862,-0.423803
0.458875,-0.321054,-0.423858
0.457095,-0.320387,-0.422200
0.456466,-0.319013,-0.420940
0.454603,-0.316275,-0.423447
0.452210,-0.317765,-0.423681
0.454130,-0.315964,-0.422456
0.452110,-0.315995,-0.421924
0.450672,-0.313148,-0.425157
0.448777,-0.312656,-0.424348
0.447724,-0.310836,-0.424503
0.446490,-0.310148,-0.424498
0.444116,-0.309558,-0.424673
0.444564,-0.309225,-0.424333
0.440328,-0.308417,-0.426091
0.441114,-0.306567,-0.426391
0.441047,-0.306867,-0.424703
0.437472,-0.306403,-0.426737
0.436237,-0.307353,-0.427516
0.434404,-0.305083,-0.428544
0.431669,-0.304709,-0.428152
0.431457,-0.303762,-0.428402
0.430151,-0.302644,-0.428786
0.428162,-0.302484,-0.429988
0.425514,-0.302894,-0.429011
0.424707,-0.301558,-0.428172
0.422857,-0.301751,-0.431656
0.419847,-0.300050,-0.431204
0.417535,-0.298932,-0.432842
0.417728,-0.297885,-0.430690
0.416479,-0.297172,-0.432777
0.414025,-0.297687,-0.432049
0.412373,-0.296576,-0.434676
0.410800,-0.298054,-0.436541
0.409508,-0.297216,-0.435041
0.405639,-0.296237,-0.437683
0.404938,-0.294661,-0.437256
0.402035,-0.296350,-0.437137
0.400573,-0.294003,-0.438055
0.397714,-0.292818,-0.440129
0.397219,-0.293956,-0.439260
0.394432,-0.294110,-0.441454
0.393921,-0.292845,-0.442910
0.390047,-0.293898,-0.441161
0.388998,-0.292986,-0.444680
0.387284,-0.293095,-0.445028
0.383878,-0.293555,-0.446937
0.384111,-0.292766,-0.446919
0.381861,-0.292217,-0.448526
0.378465,-0.291987,-0.448773
0.376699,-0.293101,-0.447646
0.374526,-0.293617,-0.450668
0.372056,-0.290777,-0.452297
0.371119,-0.291613,-0.454632
0.368608,-0.292187,-0.453262
0.365335,-0.290658,-0.454931
0.363427,-0.295366,-0.456111
0.359091,-0.293246,-0.459418
0.354051,-0.294295,-0.461471
0.354928,-0.292668,-0.461902
0.349441,-0.294334,-0.464511
0.346785,-0.295862,-0.464499
0.343576,-0.296064,-0.468591
0.340068,-0.296948,-0.470768
0.337703,-0.302740,-0.472274
0.332785,-0.299413,-0.477744
0.326427,-0.304826,-0.479468
0.322048,-0.303626,-0.484584
0.315537,-0.307766,-0.489399
0.311500,-0.310009,-0.492008
0.306759,-0.314239,-0.495429
0.301024,-0.314787,-0.498778
0.296345,-0.317807,-0.501558
0.290134,-0.323110,-0.508414
0.283780,-0.325678,-0.513641
0.277533,-0.330347,-0.517107
0.475852,-0.424203,-0.462080
0.480446,-0.418734,-0.458594
0.483002,-0.414842,-0.453516
0.485543,-0.407961,-0.452056
0.487235,-0.405980,-0.447900
0.487222,-0.403778,-0.447480
0.489945,-0.400139,-0.445369
0.488693,-0.396257,-0.444446
0.488871,-0.392902,-0.441925
0.489707,-0.390376,-0.439269
0.490342,-0.389663,-0.438784
0.490576,-0.386646,-0.437248
0.489021,-0.384303,-0.438361
0.491991,-0.381304,-0.436380
0.489797,-0.382342,-0.433717
0.489509,-0.378929,-0.434609
0.487915,-0.375003,-0.433456
0.487593,-0.372458,-0.432248
0.487939,-0.371985,-0.430639
0.488671,-0.368203,-0.429042
0.488127,-0.368441,-0.428260
0.487083,-0.365830,-0.430084
0.486505,-0.363749,-0.429623
0.487710,-0.361671,-0.429232
0.486613,-0.360926,-0.427396
0.485652,-0.358822,-0.427599
0.484744,-0.357104,-0.426927
0.483288,-0.355180,-0.426177
0.482901,-0.354537,-0.425847
0.481203,-0.351448,-0.426376
0.480585,-0.352079,-0.424539
0.479910,-0.350445,-0.425083
0.478263,-0.348788,-0.424124
0.478239,-0.347044,-0.425127
0.478077,-0.345450,-0.423394
0.476765,-0.344553,-0.423664
0.475620,-0.342083,-0.424001
0.476155,-0.342615,-0.421605
0.473692,-0.341669,-0.424246
0.471958,-0.338985,-0.423178
0.471664,-0.338639,-0.422732
0.472433,-0.337722,-0.423930
0.469731,-0.335955,-0.421843
0.469176,-0.335546,-0.423497
0.469586,-0.333764,-0.424090
0.466524,-0.333160,-0.421681
0.466454,-0.331225,-0.423519
0.464408,-0.332841,-0.423256
0.461530,-0.330496,-0.423418
0.461320,-0.327362,-0.421149
0.460656,-0.327223,-0.421886
0.461260,-0.326989,-0.422567
0.459516,-0.323882,-0.422484
0.458156,-0.322510,-0.421955
0.458523,-0.321595,-0.422364
0.455738,-0.321732,-0.423179
0.455596,-0.320083,-0.422936
0.451059,-0.320425,-0.421708
0.451523,-0.319339,-0.423990
0.449920,-0.315699,-0.422441
0.449839,-0.316665,-0.422800
0.446170,-0.314615,-0.422743
0.445736,-0.312706,-0.423772
0.445989,-0.314734,-0.421593
0.444281,-0.312063,-0.425104
0.443632,-0.312126,-0.424347
0.442583,-0.310841,-0.423600
0.439953,-0.310480,-0.424292
0.436806,-0.309457,-0.426283
0.437785,-0.307063,-0.424167
0.434273,-0.308674,-0.424634
0.433390,-0.307410,-0.427972
0.433001,-0.306332,-0.427549
0.430011,-0.306173,-0.429102
0.428113,-0.306748,-0.427645
0.428819,-0.305296,-0.428762
0.427476,-0.304819,-0.428327
0.424029,-0.303601,-0.429767
0.422036,-0.302796,-0.430056
0.422354,-0.301568,-0.430260
0.418514,-0.303194,-0.431152
0.417772,-0.299435,-0.431606
0.415882,-0.301717,-0.433021
0.414202,-0.300056,-0.431802
0.411242,-0.300349,-0.433924
0.410569,-0.299393,-0.434635
0.411117,-0.298506,-0.432406
0.406297,-0.298749,-0.434196
0.404456,-0.297424,-0.435981
0.404556,-0.296343,-0.437694
0.402132,-0.296303,-0.439159
0.399637,-0.298005,-0.437582
0.397669,-0.296840,-0.438379
0.396108,-0.294235,-0.438578
0.395416,-0.294301,-0.441447
0.392227,-0.294155,-0.441778
0.390600,-0.295599,-0.440097
0.387580,-0.292419,-0.445231
0.384590,-0.294845,-0.443798
0.382938,-0.295718,-0.444423
0.380759,-0.293581,-0.446195
0.380376,-0.293676,-0.446090
0.376973,-0.293183,-0.446954
0.375523,-0.294229,-0.447812
0.373381,-0.293505,-0.450407
0.370628,-0.294653,-0.451061
0.368995,-0.294033,-0.450389
0.368521,-0.293332,-0.454866
0.364085,-0.294572,-0.455317
0.361373,-0.293783,-0.456605
0.359678,-0.294370,-0.458199
0.355944,-0.293827,-0.460275
0.353143,-0.296136,-0.461290
0.348834,-0.295526,-0.464872
0.346945,-0.295943,-0.464023
0.341920,-0.294898,-0.468666
0.338292,-0.298725,-0.470850
0.334298,-0.300698,-0.473282
0.329949,-0.301939,-0.475732
0.326222,-0.305563,-0.479496
0.319475,-0.308638,-0.484269
0.314556,-0.310291,-0.488470
0.311838,-0.313930,-0.491999
0.306842,-0.314606,-0.497036
0.301161,-0.315375,-0.498003
0.294915,-0.318482,-0.499830
0.289612,-0.322410,-0.505731
0.284042,-0.327935,-0.510489
0.277274,-0.328464,-0.516630
0.474545,-0.430086,-0.466954
0.478595,-0.422927,-0.461602
0.480685,-0.418844,-0.457407
0.481842,-0.412187,-0.453743
0.483674,-0.408527,-0.449915
0.486830,-0.406197,-0.447951
0.486451,-0.402891,-0.446371
0.486727,-0.399900,-0.443635
0.486778,-0.396531,-0.443325
0.488232,-0.393749,-0.441422
0.487456,-0.392647,-0.441106
0.488004,-0.389139,-0.439045
0.488231,-0.387607,-0.437381
0.488246,-0.385061,-0.436007
0.488339,-0.382720,-0.434438
0.487750,-0.382004,-0.431776
0.486530,-0.379317,-0.431495
0.489861,-0.376153,-0.431254
0.488390,-0.374594,-0.432460
0.484177,-0.373964,-0.430030
0.487844,-0.368405,-0.429753
0.484581,-0.370830,-0.428311
0.484703,-0.366438,-0.428083
0.484838,-0.363885,-0.426432
0.484251,-0.363617,-0.427451
0.484297,-0.363717,-0.425691
0.483058,-0.360605,-0.425880
0.482513,-0.359103,-0.426170
0.480955,-0.356382,-0.425214
0.482547,-0.356594,-0.424857
0.480103,-0.355896,-0.423086
0.479249,-0.355009,-0.424960
0.477684,-0.350322,-0.424633
0.478053,-0.352489,-0.421857
0.478926,-0.348863,-0.423269
0.475446,-0.348505,-0.423323
0.474590,-0.347286,-0.423409
0.474178,-0.344571,-0.423125
0.470312,-0.345713,-0.423348
0.471099,-0.340153,-0.422869
0.469577,-0.342002,-0.421858
0.468873,-0.340995,-0.421112
0.469770,-0.340874,-0.421851
0.468301,-0.339817,-0.422348
0.468371,-0.338110,-0.421863
0.465538,-0.335772,-0.422672
0.465509,-0.333730,-0.422451
0.464775,-0.332035,-0.422172
0.462476,-0.329165,-0.421072
0.461152,-0.331574,-0.423730
0.458926,-0.329797,-0.422124
0.460410,-0.327801,-0.423110
0.456325,-0.327861,-0.423597
0.456177,-0.328415,-0.423196
0.458355,-0.326435,-0.421151
0.455099,-0.323510,-0.421553
0.453514,-0.322466,-0.421871
0.453143,-0.322597,-0.421716
0.451913,-0.321759,-0.422827
0.450414,-0.320019,-0.421381
0.448974,-0.319037,-0.423260
0.448911,-0.317452,-0.421303
0.448783,-0.318142,-0.423236
0.444433,-0.316686,-0.422369
0.443007,-0.316020,-0.423193
0.442377,-0.313343,-0.423161
0.441160,-0.314671,-0.423365
0.439131,-0.312230,-0.423794
0.440242,-0.309759,-0.426132
0.437358,-0.311740,-0.423606
0.437305,-0.310633,-0.424014
0.433379,-0.310732,-0.424817
0.432115,-0.307952,-0.426139
0.430676,-0.308730,-0.425927
0.429767,-0.309904,-0.427873
0.430026,-0.305271,-0.427485
0.426465,-0.304539,-0.426233
0.424934,-0.306472,-0.428042
0.423162,-0.304811,-0.429506
0.421552,-0.303890,-0.427541
0.419751,-0.303400,-0.429388
0.418095,-0.301932,-0.429963
0.416328,-0.303523,-0.429119
0.415233,-0.302430,-0.431405
0.411760,-0.302317,-0.434542
0.412129,-0.301936,-0.432489
0.409806,-0.299840,-0.432789
0.407905,-0.297198,-0.432533
0.407299,-0.299390,-0.432898
0.404154,-0.298390,-0.436324
0.402626,-0.299036,-0.435088
0.399517,-0.298297,-0.436218
0.400659,-0.298258,-0.436702
0.395271,-0.298135,-0.438625
0.394793,-0.297712,-0.439094
0.393712,-0.296407,-0.438696
0.390766,-0.298018,-0.440377
0.388806,-0.296472,-0.439946
0.386688,-0.297387,-0.441507
0.381655,-0.296739,-0.441060
0.383537,-0.296011,-0.444285
0.380283,-0.296030,-0.444653
0.377709,-0.295799,-0.447508
0.376311,-0.294494,-0.448103
0.373237,-0.295799,-0.449962
0.371433,-0.294866,-0.449502
0.370330,-0.293921,-0.450751
0.367798,-0.296176,-0.451666
0.365205,-0.294933,-0.452770
0.364046,-0.295494,-0.454129
0.356984,-0.296986,-0.456168
0.354453,-0.296166,-0.457151
0.353969,-0.296463,-0.460123
0.352581,-0.298544,-0.462174
0.345235,-0.298990,-0.463047
0.346101,-0.301231,-0.464925
0.340697,-0.301614,-0.467569
0.335717,-0.301629,-0.467308
0.334706,-0.300744,-0.472522
0.327161,-0.305548,-0.474945
0.323542,-0.305345,-0.479764
0.318574,-0.308773,-0.481943
0.312213,-0.310453,-0.486348
0.307506,-0.315449,-0.489448
0.304671,-0.316459,-0.494149
0.301332,-0.319488,-0.496601
0.296444,-0.319379,-0.501554
0.288533,-0.324227,-0.504451
0.282465,-0.326499,-0.507539
0.277995,-0.329233,-0.512316
0.271602,-0.333762,-0.517981
0.472451,-0.430264,-0.462355
0.476157,-0.425312,-0.457929
0.480104,-0.418889,-0.453446
0.480504,-0.416144,-0.452689
0.482285,-0.412505,-0.449475
0.483904,-0.407642,-0.446002
0.485957,-0.403979,-0.443234
0.485837,-0.401575,-0.443483
0.486194,-0.399597,-0.441353
0.485858,-0.394213,-0.439682
0.485310,-0.392541,-0.438856
0.488509,-0.391573,-0.437195
0.487007,-0.389413,-0.435723
0.486642,-0.386205,-0.434402
0.488378,-0.384388,-0.434538
0.486521,-0.382413,-0.433690
0.486190,-0.382175,-0.432667
0.483927,-0.378242,-0.430636
0.486483,-0.376586,-0.431332
0.484144,-0.375391,-0.427629
0.487154,-0.370720,-0.430899
0.486412,-0.371115,-0.428833
0.484871,-0.368976,-0.427229
0.483545,-0.366280,-0.426531
0.483889,-0.365040,-0.424397
0.482067,-0.363049,-0.424531
0.481278,-0.362430,-0.425464
0.482070,-0.361509,-0.424875
0.481190,-0.359110,-0.424720
0.479093,-0.358644,-0.425841
0.478319,-0.356343,-0.423628
0.477472,-0.354113,-0.423064
0.477582,-0.353673,-0.424437
0.475686,-0.352231,-0.424012
0.475486,-0.349932,-0.422018
0.475491,-0.350318,-0.422368
0.474247,-0.348719,-0.421751
0.472390,-0.346401,-0.422856
0.470816,-0.344212,-0.421975
0.471237,-0.344093,-0.423678
0.468755,-0.342532,-0.421252
0.467744,-0.341565,-0.421147
0.467017,-0.341522,-0.421779
0.467284,-0.338437,-0.420363
0.465905,-0.339123,-0.419795
0.465592,-0.336447,-0.420899
0.462780,-0.336310,-0.419470
0.462989,-0.334404,-0.421608
0.462469,-0.334256,-0.421949
0.459826,-0.332285,-0.420532
0.458645,-0.332164,-0.421288
0.457489,-0.329917,-0.421343
0.458311,-0.329238,-0.422277
0.457749,-0.327695,-0.422046
0.454983,-0.325205,-0.422041
0.454240,-0.325462,-0.420902
0.453601,-0.324627,-0.420648
0.452713,-0.322162,-0.422865
0.449669,-0.322276,-0.419286
0.449865,-0.322954,-0.421281
0.446960,-0.321362,-0.420588
0.445899,-0.318690,-0.420738
0.444974,-0.318222,-0.422659
0.442420,-0.319268,-0.421318
0.442448,-0.316476,-0.422196
0.441370,-0.315550,-0.423798
0.439196,-0.314405,-0.423637
0.439055,-0.314794,-0.425226
0.434888,-0.313685,-0.424867
0.434766,-0.313184,-0.424314
0.432072,-0.311952,-0.424071
0.433702,-0.310116,-0.425224
0.432487,-0.311861,-0.424808
0.428391,-0.309654,-0.425264
0.428105,-0.311157,-0.424761
0.426729,-0.307758,-0.426044
0.423574,-0.306586,-0.426771
0.421572,-0.307402,-0.426801
0.420951,-0.306082,-0.428883
0.420432,-0.304371,-0.427864
0.417669,-0.303310,-0.428372
0.416258,-0.305939,-0.428944
0.414278,-0.304048,-0.429500
0.412436,-0.303636,-0.431951
0.411655,-0.304158,-0.430387
0.411311,-0.303590,-0.432524
0.410143,-0.301719,-0.431176
0.406852,-0.299866,-0.431927
0.406942,-0.301041,-0.433156
0.402843,-0.301659,-0.433747
0.401439,-0.300284,-0.434888
0.399087,-0.298986,-0.436826
0.396960,-0.300377,-0.437106
0.396220,-0.298054,-0.436979
0.394955,-0.299617,-0.438197
0.389364,-0.299184,-0.438784
0.389468,-0.298577,-0.439833
0.386659,-0.298421,-0.442878
0.385071,-0.298032,-0.441434
0.382234,-0.295602,-0.444833
0.379987,-0.294593,-0.444452
0.379047,-0.298599,-0.443348
0.377033,-0.296389,-0.446546
0.374697,-0.295932,-0.445613
0.373635,-0.296071,-0.446530
0.371126,-0.295791,-0.448453
0.368884,-0.295819,-0.449680
0.365721,-0.295280,-0.448951
0.363119,-0.297494,-0.449887
0.360623,-0.297485,-0.453451
0.356940,-0.297259,-0.455755
0.354561,-0.298433,-0.456601
0.351542,-0.298514,-0.458312
0.348312,-0.299311,-0.460638
0.346718,-0.300005,-0.462057
0.340755,-0.299727,-0.463573
0.340475,-0.301622,-0.466754
0.337117,-0.301263,-0.469534
0.331217,-0.306308,-0.472730
0.326623,-0.306143,-0.474780
0.321474,-0.308126,-0.478842
0.317832,-0.311526,-0.483111
0.310745,-0.314739,-0.485667
0.306102,-0.315918,-0.490078
0.301833,-0.317345,-0.493858
0.298351,-0.317877,-0.496568
0.292937,-0.322376,-0.497539
0.288524,-0.324356,-0.502523
0.282690,-0.326381,-0.508741
0.278614,-0.328698,-0.510653
0.270007,-0.334190,-0.517371
0.471157,-0.435705,-0.464978
0.474707,-0.428435,-0.460332
0.477272,-0.423155,-0.455190
0.478678,-0.418564,-0.452885
0.479661,-0.416003,-0.451306
0.482211,-0.412954,-0.447014
0.484378,-0.410195,-0.445788
0.482686,-0.407984,-0.443279
0.485757,-0.400756,-0.442903
0.482839,-0.400604,-0.438272
0.485374,-0.398037,-0.439689
0.484213,-0.396201,-0.438672
0.486319,-0.394017,-0.435634
0.486275,-0.390584,-0.434188
0.485220,-0.386720,-0.435140
0.485115,-0.384984,-0.434369
0.484899,-0.381515,-0.431623
0.483594,-0.380822,-0.431703
0.485299,-0.380055,-0.430317
0.483807,-0.377233,-0.429342
0.484406,-0.374808,-0.429404
0.484055,-0.372299,-0.427069
0.482431,-0.372079,-0.427167
0.483984,-0.368311,-0.426200
0.483591,-0.369454,-0.426783
0.480307,-0.367160,-0.424763
0.481143,-0.365946,-0.425069
0.482845,-0.363950,-0.423938
0.480128,-0.359840,-0.422454
0.477046,-0.358887,-0.424969
0.477761,-0.359224,-0.423315
0.477103,-0.356532,-0.422436
0.474971,-0.357857,-0.423438
0.476571,-0.354593,-0.424143
0.474347,-0.353974,-0.420712
0.472570,-0.352412,-0.424113
0.470916,-0.351419,-0.421531
0.470767,-0.350786,-0.422495
0.472162,-0.347336,-0.423212
0.469184,-0.346779,-0.421461
0.468542,-0.346394,-0.420511
0.469445,-0.345299,-0.420772
0.466261,-0.341966,-0.420358
0.466437,-0.341205,-0.420818
0.465811,-0.342367,-0.420511
0.463922,-0.340393,-0.420850
0.464115,-0.338304,-0.419915
0.462150,-0.337043,-0.418888
0.460013,-0.336341,-0.421173
0.458091,-0.336001,-0.421011
0.458770,-0.334348,-0.420124
0.458416,-0.332771,-0.422723
0.454670,-0.331376,-0.421465
0.455913,-0.330617,-0.421429
0.454361,-0.331714,-0.419930
0.452691,-0.328540,-0.421428
0.452998,-0.326609,-0.420315
0.450835,-0.326208,-0.421589
0.449830,-0.325427,-0.421168
0.446744,-0.324317,-0.421922
0.447707,-0.321403,-0.419207
0.446452,-0.321960,-0.422053
0.445445,-0.321021,-0.422877
0.442827,-0.320784,-0.423075
0.441261,-0.320420,-0.421606
0.440284,-0.318020,-0.422829
0.438608,-0.317038,-0.421821
0.438404,-0.316114,-0.421562
0.436870,-0.315678,-0.422536
0.435715,-0.315532,-0.423333
0.434434,-0.313826,-0.424138
0.431666,-0.314195,-0.425047
0.430199,-0.312770,-0.423587
0.428407,-0.311445,-0.426740
0.425828,-0.312512,-0.425218
0.427641,-0.311982,-0.425065
0.425162,-0.309943,-0.424112
0.422633,-0.308680,-0.425308
0.420511,-0.310306,-0.425632
0.420155,-0.308183,-0.427840
0.418216,-0.305820,-0.424498
0.417951,-0.308919,-0.426891
0.413909,-0.305867,-0.429891
0.413223,-0.305519,-0.429208
0.411680,-0.304391,-0.430173
0.408566,-0.305493,-0.430463
0.408493,-0.304131,-0.430907
0.408982,-0.302404,-0.429262
0.403914,-0.304117,-0.433762
0.403713,-0.302384,-0.433217
0.402158,-0.299891,-0.432569
0.400767,-0.300738,-0.433677
0.398864,-0.302757,-0.433235
0.395739,-0.300249,-0.435234
0.393309,-0.299617,-0.436433
0.391828,-0.300695,-0.438265
0.388363,-0.299059,-0.438127
0.387484,-0.298432,-0.438037
0.385617,-0.298725,-0.439171
0.383713,-0.298341,-0.439254
0.380328,-0.300500,-0.443207
0.380030,-0.299697,-0.442501
0.378435,-0.297439,-0.443697
0.376919,-0.299000,-0.444817
0.372022,-0.300108,-0.444195
0.371866,-0.299665,-0.447535
0.367665,-0.298780,-0.446499
0.366021,-0.297814,-0.449321
0.363670,-0.297841,-0.449735
0.362653,-0.297494,-0.452442
0.359631,-0.299318,-0.451162
0.356136,-0.298169,-0.454171
0.353203,-0.300048,-0.456289
0.350151,-0.299048,-0.455547
0.346682,-0.302867,-0.459322
0.343965,-0.303007,-0.460908
0.339706,-0.301878,-0.464914
0.336836,-0.302617,-0.466918
0.331440,-0.304353,-0.469857
0.327685,-0.305876,-0.471514
0.324988,-0.307578,-0.474122
0.319137,-0.307588,-0.478496
0.314137,-0.313062,-0.481281
0.311977,-0.317525,-0.486393
0.306044,-0.318627,-0.490289
0.302087,-0.319637,-0.490751
0.296994,-0.319805,-0.495059
0.294697,-0.322246,-0.500546
0.289615,-0.325025,-0.502944
0.284075,-0.326681,-0.505094
0.278149,-0.331539,-0.510542
0.271901,-0.333001,-0.513249
0.469994,-0.434687,-0.464495
0.474026,-0.429446,-0.456994
0.476702,-0.422774,-0.455432
0.479319,-0.419534,-0.449366
0.480014,-0.415878,-0.448815
0.481085,-0.413773,-0.448011
0.481084,-0.409893,-0.444126
0.480661,-0.407179,-0.444163
0.484135,-0.404716,-0.442120
0.482404,-0.400474,-0.439392
0.483699,-0.397591,-0.439161
0.484170,-0.398044,-0.436595
0.482939,-0.394845,-0.436532
0.484776,-0.391900,-0.435178
0.483997,-0.387325,-0.432187
0.484362,-0.387726,-0.432518
0.483787,-0.384150,-0.430790
0.482247,-0.381568,-0.430204
0.483774,-0.379297,-0.427935
0.481639,-0.379761,-0.428082
0.483127,-0.378347,-0.427595
0.482806,-0.373749,-0.427851
0.481914,-0.373353,-0.426944
0.481552,-0.370407,-0.426598
0.480603,-0.370306,-0.425819
0.478421,-0.367301,-0.426252
0.480563,-0.369345,-0.423780
0.479031,-0.365043,-0.423581
0.476808,-0.363214,-0.423948
0.476782,-0.362220,-0.422076
0.476343,-0.362180,-0.422143
0.476531,-0.359831,-0.422527
0.475801,-0.357587,-0.421562
0.474721,-0.355138,-0.423072
0.473550,-0.353539,-0.420162
0.472587,-0.353024,-0.420994
0.472281,-0.352276,-0.420715
0.470400,-0.352082,-0.419372
0.468708,-0.350703,-0.420654
0.469903,-0.347492,-0.421119
0.466908,-0.348071,-0.422119
0.466676,-0.347182,-0.419884
0.465564,-0.344376,-0.419415
0.463825,-0.347599,-0.419995
0.462910,-0.343663,-0.420465
0.464932,-0.340542,-0.419985
0.461995,-0.340179,-0.421359
0.459844,-0.339783,-0.419522
0.459560,-0.338563,-0.420022
0.457607,-0.336878,-0.419882
0.456276,-0.333858,-0.419704
0.455422,-0.334129,-0.420738
0.456036,-0.331469,-0.421249
0.455267,-0.329998,-0.421004
0.453209,-0.331702,-0.419209
0.453380,-0.329378,-0.419338
0.451218,-0.329043,-0.420447
0.447899,-0.327489,-0.420697
0.445288,-0.327291,-0.419652
0.448897,-0.326364,-0.418992
0.445526,-0.324957,-0.421523
0.443962,-0.322432,-0.420918
0.442559,-0.323876,-0.420884
0.440705,-0.321527,-0.421097
0.440120,-0.320564,-0.420437
0.439531,-0.321600,-0.422366
0.439321,-0.318958,-0.421211
0.436850,-0.317808,-0.421726
0.435294,-0.316929,-0.421606
0.433265,-0.316877,-0.422894
0.431473,-0.316775,-0.424045
0.430166,-0.314670,-0.424219
0.429902,-0.315309,-0.424299
0.428035,-0.313206,-0.423349
0.426965,-0.312878,-0.423656
0.423074,-0.311399,-0.424178
0.422731,-0.310901,-0.424260
0.420822,-0.310670,-0.424117
0.419509,-0.311021,-0.425322
0.419348,-0.310085,-0.427412
0.416547,-0.308244,-0.426541
0.416601,-0.307495,-0.425854
0.412671,-0.307367,-0.428591
0.413341,-0.308693,-0.428945
0.409429,-0.306120,-0.429764
0.407820,-0.306181,-0.430143
0.406342,-0.307451,-0.430832
0.402892,-0.305123,-0.431833
0.404202,-0.303661,-0.432742
0.400348,-0.306523,-0.432519
0.401284,-0.301515,-0.433910
0.398408,-0.302412,-0.433082
0.395286,-0.302744,-0.435902
0.392728,-0.301712,-0.434797
0.393691,-0.301625,-0.436726
0.389390,-0.303474,-0.438642
0.388076,-0.302045,-0.436656
0.387561,-0.300797,-0.438808
0.385401,-0.301706,-0.438152
0.382699,-0.301160,-0.440818
0.378552,-0.299006,-0.442243
0.376697,-0.299869,-0.441354
0.376276,-0.298281,-0.440871
0.372849,-0.300046,-0.445504
0.372121,-0.300846,-0.442951
0.368667,-0.300044,-0.445235
0.366903,-0.299812,-0.447595
0.365375,-0.298651,-0.446505
0.361320,-0.299707,-0.449101
0.359666,-0.299515,-0.452157
0.359175,-0.300991,-0.449641
0.354051,-0.300240,-0.452989
0.351860,-0.299301,-0.456718
0.348672,-0.300980,-0.456051
0.345556,-0.302782,-0.459757
0.343342,-0.302265,-0.461258
0.339858,-0.303578,-0.462265
0.335768,-0.306530,-0.465035
0.331631,-0.306516,-0.466833
0.329096,-0.306685,-0.470795
0.324175,-0.311498,-0.472682
0.319120,-0.311935,-0.475902
0.314361,-0.313316,-0.481363
0.306967,-0.319803,-0.483591
0.304264,-0.318448,-0.488510
0.301817,-0.319369,-0.490481
0.297591,-0.323257,-0.493526
0.291369,-0.321385,-0.496334
0.286232,-0.324912,-0.498985
0.281324,-0.327137,-0.502595
0.277409,-0.331152,-0.508132
0.271492,-0.333748,-0.511874
0.264934,-0.336603,-0.518535
0.469726,-0.439524,-0.463913
0.473071,-0.433112,-0.460630
0.474171,-0.429793,-0.454222
0.475426,-0.424137,-0.452281
0.479417,-0.421684,-0.450330
0.478902,-0.415594,-0.447365
0.481455,-0.414311,-0.446783
0.478818,-0.411584,-0.442952
0.479890,-0.407839,-0.440725
0.482111,-0.405693,-0.439822
0.481003,-0.402762,-0.441276
0.481828,-0.398309,-0.439495
0.482659,-0.395901,-0.436412
0.480354,-0.395505,-0.434428
0.482381,-0.393428,-0.432949
0.480764,-0.390952,-0.432571
0.480587,-0.389081,-0.432978
0.482731,-0.386596,-0.432492
0.482426,-0.383497,-0.428366
0.482243,-0.381833,-0.428989
0.480943,-0.380803,-0.429800
0.480175,-0.379270,-0.426120
0.482729,-0.375797,-0.425863
0.479293,-0.374056,-0.424692
0.481273,-0.373410,-0.425418
0.479234,-0.371457,-0.425350
0.477399,-0.370645,-0.423390
0.477207,-0.368771,-0.423207
0.477595,-0.365978,-0.423665
0.477351,-0.364583,-0.422196
0.475806,-0.362366,-0.421841
0.475556,-0.362326,-0.423740
0.475833,-0.359399,-0.423328
0.473769,-0.360902,-0.422010
0.475181,-0.358898,-0.421352
0.471275,-0.356026,-0.420852
0.472287,-0.355815,-0.421307
0.470477,-0.354358,-0.418747
0.468174,-0.352401,-0.419307
0.467742,-0.352228,-0.419986
0.466734,-0.349832,-0.419400
0.466942,-0.349292,-0.420761
0.465269,-0.346323,-0.419319
0.462552,-0.345624,-0.419375
0.462510,-0.346051,-0.421023
0.461485,-0.344076,-0.419165
0.460485,-0.342737,-0.419027
0.459449,-0.341396,-0.420820
0.458426,-0.338523,-0.418683
0.455344,-0.339775,-0.419601
0.456544,-0.338859,-0.418489
0.454531,-0.336016,-0.420581
0.455150,-0.336688,-0.420548
0.453857,-0.336224,-0.420283
0.452040,-0.332555,-0.419081
0.451441,-0.332652,-0.419672
0.451584,-0.331704,-0.417449
0.449998,-0.330747,-0.419595
0.446763,-0.328906,-0.419085
0.446799,-0.327791,-0.420088
0.444898,-0.326301,-0.419748
0.444580,-0.326289,-0.420420
0.442702,-0.323095,-0.421841
0.441238,-0.323045,-0.421241
0.439716,-0.323999,-0.422496
0.438741,-0.322569,-0.420408
0.436976,-0.322222,-0.419426
0.437480,-0.319626,-0.419785
0.435725,-0.321148,-0.421810
0.433765,-0.319646,-0.420132
0.432330,-0.318115,-0.422121
0.429179,-0.318019,-0.422714
0.429254,-0.315210,-0.422520
0.426928,-0.316319,-0.422830
0.426378,-0.315683,-0.422543
0.423214,-0.316050,-0.422979
0.422676,-0.311720,-0.423857
0.422378,-0.311683,-0.426397
0.418610,-0.311251,-0.424748
0.418077,-0.312588,-0.425019
0.417202,-0.312025,-0.425027
0.414441,-0.309128,-0.427807
0.412094,-0.309840,-0.426157
0.412171,-0.310168,-0.427355
0.409784,-0.307230,-0.429097
0.409441,-0.306387,-0.429334
0.404994,-0.306693,-0.427549
0.406187,-0.307378,-0.427585
0.402649,-0.305849,-0.430736
0.402369,-0.305914,-0.430467
0.399186,-0.305553,-0.430071
0.398626,-0.305344,-0.430958
0.395764,-0.303633,-0.431713
0.394449,-0.303936,-0.434721
0.393692,-0.304084,-0.434612
0.391413,-0.302927,-0.433932
0.388675,-0.303421,-0.435681
0.387883,-0.301736,-0.438291
0.384537,-0.302703,-0.438723
0.384626,-0.301534,-0.439640
0.380477,-0.302393,-0.439530
0.377835,-0.300830,-0.441563
0.377394,-0.300993,-0.442593
0.374361,-0.302603,-0.440848
0.373269,-0.302023,-0.443689
0.370549,-0.300897,-0.444097
0.367341,-0.301945,-0.445060
0.366224,-0.300625,-0.446154
0.360712,-0.301561,-0.448011
0.360908,-0.299529,-0.448745
0.357298,-0.300439,-0.450896
0.356090,-0.301648,-0.451067
0.352853,-0.302915,-0.452404
0.351716,-0.302365,-0.454183
0.346714,-0.302814,-0.457404
0.343837,-0.304290,-0.458199
0.340043,-0.302741,-0.460587
0.337698,-0.305391,-0.463235
0.334670,-0.306298,-0.465119
0.330457,-0.308504,-0.468237
0.326047,-0.310364,-0.471411
0.321724,-0.311282,-0.472526
0.316116,-0.312291,-0.476398
0.312930,-0.316070,-0.478870
0.307252,-0.316884,-0.483299
0.303041,-0.318849,-0.488460
0.300067,-0.322852,-0.489479
0.294817,-0.323165,-0.491479
0.291087,-0.323536,-0.493947
0.284915,-0.325393,-0.497866
0.281642,-0.327626,-0.500774
0.277658,-0.330819,-0.506587
0.271818,-0.332174,-0.508367
0.265746,-0.336386,-0.514158
0.470551,-0.435975,-0.461778
0.472445,-0.433863,-0.457085
0.475078,-0.428819,-0.451399
0.475784,-0.424827,-0.451683
0.477629,-0.421733,-0.449352
0.479598,-0.417210,-0.446596
0.479582,-0.413352,-0.444207
0.477951,-0.412707,-0.442865
0.481935,-0.409958,-0.440276
0.482180,-0.404690,-0.440339
0.482607,-0.404711,-0.439113
0.482220,-0.401670,-0.437319
0.481942,-0.398983,-0.435023
0.480077,-0.396177,-0.433726
0.482156,-0.394702,-0.432380
0.482485,-0.392620,-0.432292
0.479465,-0.390966,-0.431761
0.480325,-0.389785,-0.430784
0.479742,-0.386531,-0.428799
0.480135,-0.383646,-0.427079
0.481294,-0.381200,-0.426819
0.480696,-0.381531,-0.427015
0.479183,-0.377644,-0.425060
0.478579,-0.377064,-0.423935
0.478630,-0.372535,-0.425305
0.476624,-0.370036,-0.424488
0.476888,-0.372865,-0.422761
0.476914,-0.369640,-0.422133
0.476585,-0.367837,-0.421859
0.474282,-0.364862,-0.422173
0.474406,-0.364931,-0.422355
0.474793,-0.365096,-0.421367
0.473560,-0.362809,-0.419621
0.472600,-0.360507,-0.420487
0.472129,-0.358849,-0.420836
0.470372,-0.357533,-0.419890
0.470994,-0.356281,-0.420745
0.468733,-0.354908,-0.419704
0.467104,-0.354470,-0.419966
0.465477,-0.353764,-0.417404
0.467230,-0.353364,-0.418350
0.465378,-0.349026,-0.417879
0.463253,-0.348114,-0.420499
0.460817,-0.347743,-0.419693
0.461810,-0.347006,-0.419587
0.460465,-0.346523,-0.419116
0.459342,-0.344580,-0.419532
0.457579,-0.344673,-0.418515
0.457206,-0.343453,-0.419576
0.457348,-0.340199,-0.418871
0.455426,-0.339554,-0.418418
0.454036,-0.338343,-0.418832
0.452431,-0.337057,-0.419508
0.452043,-0.334966,-0.420711
0.450983,-0.335896,-0.418923
0.448396,-0.334374,-0.418908
0.447645,-0.332201,-0.419004
0.447133,-0.331096,-0.420952
0.446238,-0.331374,-0.419047
0.445792,-0.329510,-0.418106
0.444543,-0.330461,-0.417744
0.440062,-0.327058,-0.420153
0.440993,-0.326991,-0.419385
0.439398,-0.325822,-0.420955
0.440513,-0.325939,-0.418120
0.437605,-0.322521,-0.419253
0.435836,-0.323186,-0.418581
0.433972,-0.322131,-0.420028
0.433751,-0.322134,-0.420814
0.431657,-0.320700,-0.420371
0.430097,-0.319664,-0.421671
0.427455,-0.318937,-0.419650
0.426730,-0.319479,-0.422019
0.424880,-0.318158,-0.423634
0.424324,-0.317444,-0.422861
0.424217,-0.314924,-0.419945
0.423617,-0.313348,-0.421811
0.419745,-0.316288,-0.422539
0.418336,-0.312460,-0.424897
0.415841,-0.312593,-0.426053
0.414506,-0.312229,-0.425406
0.412338,-0.312328,-0.425036
0.412482,-0.311435,-0.426433
0.410478,-0.310280,-0.427067
0.409631,-0.310900,-0.426769
0.408165,-0.308167,-0.427167
0.405904,-0.309636,-0.427916
0.403022,-0.310044,-0.430438
0.401230,-0.307827,-0.430482
0.401448,-0.307136,-0.429067
0.398494,-0.306943,-0.430045
0.398653,-0.306646,-0.430572
0.393400,-0.306395,-0.432751
0.392116,-0.306329,-0.433911
0.390247,-0.304717,-0.433619
0.389513,-0.302996,-0.434187
0.386751,-0.304684,-0.434898
0.386015,-0.303682,-0.435215
0.382589,-0.303136,-0.437322
0.380295,-0.303418,-0.436675
0.379624,-0.301852,-0.438850
0.375561,-0.302803,-0.440402
0.374866,-0.303129,-0.440895
0.373448,-0.302398,-0.439817
0.369977,-0.302865,-0.442150
0.369737,-0.302883,-0.444028
0.366463,-0.302925,-0.445679
0.363729,-0.302056,-0.446791
0.361901,-0.303051,-0.445439
0.360678,-0.302341,-0.446649
0.356304,-0.301693,-0.448880
0.353236,-0.304084,-0.450929
0.350825,-0.304232,-0.452353
0.348854,-0.302716,-0.453985
0.346453,-0.304776,-0.456136
0.341971,-0.304600,-0.458842
0.339521,-0.305909,-0.460616
0.336821,-0.307399,-0.460818
0.331523,-0.307808,-0.465447
0.326329,-0.310343,-0.466221
0.322827,-0.310796,-0.468715
0.321029,-0.312310,-0.471547
0.314393,-0.316054,-0.475633
0.310131,-0.317487,-0.480712
0.304859,-0.319754,-0.484205
0.301400,-0.321812,-0.485691
0.297305,-0.321248,-0.490103
0.293032,-0.323715,-0.492210
0.289154,-0.325684,-0.494097
0.286561,-0.326840,-0.498305
0.281638,-0.329346,-0.499742
0.275796,-0.330937,-0.502756
0.271734,-0.334378,-0.507938
0.265197,-0.338211,-0.513095
0.467120,-0.443462,-0.461629
0.470284,-0.437450,-0.455961
0.474273,-0.434672,-0.455082
0.474476,-0.429572,-0.452139
0.475550,-0.426586,-0.448978
0.477625,-0.423275,-0.446940
0.479576,-0.418617,-0.443375
0.478127,-0.415669,-0.442040
0.477634,-0.412871,-0.439704
0.481839,-0.411737,-0.438010
0.480049,-0.408635,-0.436891
0.479910,-0.404775,-0.436241
0.481163,-0.402410,-0.435981
0.479699,-0.399828,-0.432374
0.480020,-0.398179,-0.433480
0.479390,-0.397004,-0.431280
0.480965,-0.393644,-0.430867
0.479503,-0.390805,-0.431807
0.477514,-0.387834,-0.429149
0.480633,-0.385687,-0.429933
0.478516,-0.385454,-0.426909
0.477700,-0.385208,-0.426109
0.477868,-0.382804,-0.426364
0.477369,-0.380129,-0.424555
0.478040,-0.377087,-0.424101
0.476329,-0.376874,-0.425446
0.476172,-0.375040,-0.423137
0.473969,-0.374058,-0.422991
0.474336,-0.369838,-0.422140
0.476107,-0.370526,-0.422005
0.475605,-0.368882,-0.423324
0.472804,-0.366329,-0.419991
0.473515,-0.364984,-0.419956
0.470750,-0.363187,-0.420874
0.470674,-0.362178,-0.419311
0.470809,-0.359874,-0.421235
0.468125,-0.359313,-0.418645
0.468099,-0.357742,-0.419500
0.467631,-0.358759,-0.419816
0.467744,-0.356565,-0.419704
0.464043,-0.352074,-0.419449
0.464344,-0.350955,-0.420138
0.465408,-0.351664,-0.418799
0.461001,-0.349341,-0.418507
0.462202,-0.349060,-0.418499
0.459393,-0.348537,-0.418298
0.457748,-0.346061,-0.417629
0.457164,-0.346506,-0.418699
0.456028,-0.344711,-0.417879
0.455095,-0.344523,-0.418292
0.456175,-0.342925,-0.416681
0.453956,-0.340690,-0.417958
0.453095,-0.338948,-0.417901
0.452183,-0.339314,-0.417612
0.449155,-0.339039,-0.418863
0.449500,-0.336958,-0.419164
0.448231,-0.336250,-0.418222
0.447421,-0.334294,-0.417967
0.447216,-0.332823,-0.418268
0.445128,-0.333447,-0.418709
0.443518,-0.330089,-0.417271
0.442827,-0.329492,-0.420211
0.439798,-0.331174,-0.421001
0.439462,-0.328604,-0.418424
0.437471,-0.327986,-0.418830
0.437453,-0.327421,-0.419225
0.436993,-0.324360,-0.418930
0.433772,-0.324719,-0.420005
0.431120,-0.323507,-0.419315
0.431716,-0.324786,-0.418856
0.430617,-0.323594,-0.421389
0.427366,-0.323359,-0.421749
0.427862,-0.322471,-0.421553
0.423317,-0.319501,-0.421600
0.424977,-0.319157,-0.421522
0.423688,-0.317796,-0.422191
0.419253,-0.316919,-0.420553
0.419401,-0.317168,-0.423435
0.419758,-0.314757,-0.422177
0.416448,-0.315695,-0.424496
0.414968,-0.316623,-0.424184
0.414339,-0.314944,-0.425062
0.413572,-0.313066,-0.425025
0.412210,-0.311360,-0.425146
0.409241,-0.312777,-0.425944
0.405911,-0.309980,-0.427521
0.405291,-0.310547,-0.427030
0.402356,-0.312807,-0.428740
0.400917,-0.309848,-0.428433
0.401109,-0.308875,-0.428741
0.400253,-0.308612,-0.431027
0.398414,-0.307326,-0.429135
0.395255,-0.307176,-0.430007
0.392699,-0.308738,-0.430822
0.390694,-0.307292,-0.432295
0.390541,-0.306418,-0.433617
0.386135,-0.308239,-0.435104
0.385989,-0.306141,-0.433204
0.383523,-0.305983,-0.435690
0.380318,-0.305207,-0.436954
0.379989,-0.305774,-0.437596
0.375747,-0.303759,-0.439044
0.376053,-0.306352,-0.438528
0.373449,-0.305921,-0.441459
0.372084,-0.303978,-0.441273
0.370259,-0.303285,-0.441005
0.367182,-0.304492,-0.442822
0.365325,-0.304248,-0.442733
0.361246,-0.305387,-0.446494
0.359278,-0.303502,-0.446522
0.358262,-0.305125,-0.448076
0.354133,-0.303574,-0.447178
0.354399,-0.304974,-0.449850
0.349971,-0.305960,-0.452241
0.346289,-0.305799,-0.454422
0.345132,-0.307308,-0.454706
0.341778,-0.306058,-0.456752
0.337033,-0.305495,-0.460405
0.334218,-0.307755,-0.462490
0.330537,-0.309882,-0.464875
0.325474,-0.310869,-0.467500
0.323980,-0.313949,-0.468313
0.318796,-0.313535,-0.471169
0.315838,-0.317703,-0.473667
0.309439,-0.320306,-0.480064
0.303749,-0.320959,-0.483144
0.300187,-0.322524,-0.486402
0.295168,-0.324338,-0.487639
0.293142,-0.324919,-0.491167
0.287895,-0.325587,-0.492654
0.283636,-0.326531,-0.496254
0.278933,-0.331294,-0.498914
0.275072,-0.329838,-0.503010
0.269531,-0.336050,-0.507303
0.263067,-0.337145,-0.509590
0.469593,-0.442550,-0.458405
0.470715,-0.439449,-0.455874
0.472954,-0.434002,-0.449792
0.474072,-0.430805,-0.449543
0.475537,-0.426044,-0.448121
0.476665,-0.425904,-0.445743
0.476108,-0.418929,-0.443782
0.479464,-0.418864,-0.440750
0.479524,-0.413871,-0.441088
0.478069,-0.409981,-0.438059
0.478907,-0.406808,-0.434974
0.480337,-0.405184,-0.435397
0.477451,-0.402911,-0.434447
0.478896,-0.400670,-0.433074
0.480412,-0.397474,-0.432560
0.478750,-0.396138,-0.429048
0.478043,-0.395910,-0.429915
0.478349,-0.392024,-0.429279
0.477701,-0.391002,-0.425107
0.478792,-0.387565,-0.428229
0.476086,-0.386030,-0.427019
0.477738,-0.384575,-0.425357
0.476925,-0.381396,-0.423803
0.475150,-0.380578,-0.423721
0.474851,-0.379251,-0.423830
0.474253,-0.378500,-0.422593
0.475088,-0.376024,-0.422344
0.473479,-0.373014,-0.421735
0.474167,-0.373010,-0.420412
0.473995,-0.369980,-0.421269
0.472710,-0.368768,-0.420375
0.471815,-0.367943,-0.419959
0.470378,-0.366470,-0.419018
0.467814,-0.364308,-0.417750
0.468585,-0.363681,-0.419072
0.469505,-0.361649,-0.419968
0.466628,-0.361368,-0.419081
0.465336,-0.358636,-0.418681
0.466408,-0.358156,-0.419060
0.463442,-0.357103,-0.419680
0.465156,-0.355940,-0.418396
0.463034,-0.355859,-0.419053
0.461609,-0.354325,-0.417063
0.459505,-0.351620,-0.417859
0.458175,-0.350829,-0.413495
0.459657,-0.351191,-0.417684
0.457872,-0.348686,-0.417022
0.456889,-0.347650,-0.418007
0.453214,-0.347223,-0.418171
0.454790,-0.345745,-0.418286
0.452604,-0.344525,-0.417720
0.451882,-0.341365,-0.418641
0.452914,-0.343038,-0.416674
0.452038,-0.340646,-0.418039
0.448196,-0.339238,-0.418200
0.447257,-0.336189,-0.417539
0.446672,-0.336537,-0.416650
0.444806,-0.336190,-0.416465
0.445834,-0.336047,-0.417371
0.443482,-0.333488,-0.417383
0.440922,-0.333996,-0.419679
0.441513,-0.334607,-0.419703
0.438710,-0.330072,-0.419084
0.436667,-0.330849,-0.417195
0.437324,-0.331093,-0.417341
0.434256,-0.327949,-0.419375
0.434285,-0.328910,-0.419772
0.432955,-0.328073,-0.419868
0.432409,-0.326143,-0.418931
0.431068,-0.324682,-0.419179
0.427085,-0.323109,-0.417216
0.425499,-0.324204,-0.420109
0.425768,-0.321004,-0.419045
0.426496,-0.323045,-0.421769
0.422727,-0.321260,-0.420772
0.421285,-0.318968,-0.420740
0.419055,-0.319280,-0.422146
0.418343,-0.318690,-0.420845
0.417130,-0.316672,-0.422478
0.415937,-0.316777,-0.423079
0.414972,-0.316244,-0.423775
0.413772,-0.317178,-0.424256
0.410139,-0.315645,-0.423798
0.409127,-0.313684,-0.424734
0.409164,-0.313435,-0.426266
0.405575,-0.312714,-0.426895
0.404143,-0.311427,-0.427849
0.403593,-0.312021,-0.425865
0.400887,-0.310599,-0.426993
0.398601,-0.312353,-0.427957
0.397122,-0.308544,-0.428335
0.393913,-0.311160,-0.429664
0.391954,-0.309480,-0.430444
0.392139,-0.310625,-0.430931
0.391740,-0.307637,-0.431221
0.387353,-0.306811,-0.431228
0.384476,-0.310756,-0.432111
0.384744,-0.308892,-0.435612
0.383205,-0.305299,-0.435560
0.379559,-0.307415,-0.435671
0.379092,-0.306557,-0.435546
0.376209,-0.308853,-0.435817
0.371901,-0.305630,-0.438273
0.370751,-0.306536,-0.438503
0.369745,-0.306832,-0.438891
0.366741,-0.305909,-0.440659
0.365460,-0.304832,-0.441163
0.363461,-0.305649,-0.441562
0.360831,-0.306172,-0.443053
0.357454,-0.306552,-0.444632
0.357188,-0.303573,-0.448377
0.353275,-0.305437,-0.447494
0.351043,-0.306153,-0.449355
0.350305,-0.306069,-0.451100
0.345631,-0.309092,-0.451592
0.343451,-0.308511,-0.454288
0.338553,-0.307284,-0.456572
0.337659,-0.308743,-0.459429
0.333863,-0.310801,-0.462584
0.328718,-0.311676,-0.462449
0.324113,-0.312230,-0.464225
0.322528,-0.313576,-0.470647
0.317202,-0.316671,-0.469194
0.310674,-0.318121,-0.475932
0.307488,-0.320928,-0.479738
0.301124,-0.322048,-0.481130
0.297523,-0.324038,-0.485056
0.294109,-0.325873,-0.487086
0.291720,-0.326397,-0.490519
0.287948,-0.328299,-0.492422
0.282513,-0.327397,-0.494341
0.278531,-0.329917,-0.496921
0.274747,-0.331218,-0.503332
0.268857,-0.334546,-0.503653
0.263089,-0.339572,-0.509905
0.466923,-0.448029,-0.460288
0.468252,-0.444791,-0.457009
0.472950,-0.437476,-0.454091
0.472971,-0.433048,-0.449376
0.473490,-0.429235,-0.449898
0.473389,-0.426926,-0.444399
0.475936,-0.423463,-0.444214
0.474786,-0.420990,-0.441726
0.476869,-0.419242,-0.440342
0.477196,-0.414637,-0.438094
0.478174,-0.411419,-0.436113
0.478245,-0.408886,-0.434717
0.478874,-0.408933,-0.433652
0.478216,-0.403665,-0.432522
0.478797,-0.402829,-0.432662
0.476772,-0.400138,-0.432887
0.476741,-0.398211,-0.429957
0.478738,-0.395022,-0.428306
0.477715,-0.392001,-0.428491
0.477556,-0.392738,-0.429101
0.475223,-0.390927,-0.426327
0.474897,-0.388727,-0.425909
0.474638,-0.386207,-0.424622
0.474944,-0.384010,-0.423902
0.475257,-0.383819,-0.423501
0.475867,-0.381510,-0.422728
0.473973,-0.377972,-0.422537
0.472935,-0.377284,-0.418942
0.473633,-0.377136,-0.419683
0.471921,-0.373668,-0.422169
0.470288,-0.374296,-0.420327
0.471551,-0.369581,-0.419525
0.471630,-0.369693,-0.418867
0.469155,-0.369725,-0.417934
0.468305,-0.366632,-0.418853
0.468145,-0.365183,-0.418347
0.467573,-0.362896,-0.418597
0.466573,-0.363379,-0.417658
0.462997,-0.362482,-0.417993
0.463943,-0.359517,-0.417212
0.462451,-0.357959,-0.416079
0.464036,-0.358791,-0.417695
0.462255,-0.355335,-0.417261
0.459588,-0.354486,-0.417145
0.458652,-0.355082,-0.417393
0.458278,-0.351659,-0.417995
0.457644,-0.350915,-0.418677
0.456007,-0.350956,-0.416514
0.453229,-0.347949,-0.416491
0.454322,-0.348539,-0.418408
0.452569,-0.346928,-0.416252
0.450056,-0.345931,-0.416162
0.448254,-0.343365,-0.415438
0.449321,-0.341405,-0.416733
0.447702,-0.340646,-0.416855
0.445784,-0.340002,-0.415703
0.446063,-0.338414,-0.417081
0.444421,-0.338422,-0.419367
0.444419,-0.339031,-0.416377
0.441523,-0.337825,-0.415639
0.440440,-0.335468,-0.416618
0.439296,-0.334263,-0.417703
0.438879,-0.333360,-0.417304
0.437320,-0.333808,-0.418598
0.437085,-0.331764,-0.415933
0.435303,-0.331341,-0.417586
0.433046,-0.329123,-0.419394
0.432580,-0.329443,-0.417150
0.432006,-0.328370,-0.420607
0.430842,-0.327828,-0.419514
0.428055,-0.327701,-0.417201
0.427887,-0.326087,-0.418383
0.425886,-0.324817,-0.419384
0.423010,-0.323638,-0.419916
0.423246,-0.322129,-0.419463
0.420760,-0.321478,-0.419152
0.421657,-0.324006,-0.418314
0.417966,-0.321666,-0.421736
0.416466,-0.319534,-0.420621
0.414793,-0.318758,-0.421129
0.415294,-0.318608,-0.419536
0.413873,-0.318437,-0.421231
0.410082,-0.317038,-0.421686
0.407606,-0.315841,-0.423386
0.406919,-0.315595,-0.424441
0.407143,-0.313672,-0.424884
0.403951,-0.312878,-0.425208
0.403025,-0.314064,-0.425742
0.400368,-0.313592,-0.425282
0.399302,-0.312386,-0.427756
0.398224,-0.311758,-0.426905
0.393813,-0.312091,-0.428871
0.394369,-0.310485,-0.427965
0.391355,-0.312368,-0.430092
0.390082,-0.308013,-0.430104
0.388813,-0.310401,-0.431277
0.385974,-0.308493,-0.431092
0.384544,-0.308283,-0.432232
0.381315,-0.309478,-0.432251
0.381467,-0.309556,-0.434125
0.379222,-0.308444,-0.434771
0.374593,-0.309128,-0.436029
0.376469,-0.308789,-0.437569
0.370826,-0.308009,-0.437930
0.370207,-0.306040,-0.438484
0.367809,-0.305877,-0.439918
0.366826,-0.305719,-0.440198
0.363400,-0.306066,-0.441283
0.363893,-0.306487,-0.440955
0.359852,-0.306268,-0.444791
0.356485,-0.306952,-0.445507
0.355012,-0.306658,-0.445537
0.351109,-0.307935,-0.446900
0.346776,-0.306639,-0.449180
0.346070,-0.307383,-0.451179
0.344913,-0.309788,-0.451103
0.340902,-0.308230,-0.453278
0.338013,-0.309928,-0.455202
0.332984,-0.310501,-0.457803
0.331835,-0.313252,-0.459588
0.328557,-0.311452,-0.461191
0.323650,-0.315032,-0.466064
0.320795,-0.316045,-0.468842
0.314281,-0.317390,-0.471313
0.311343,-0.317588,-0.475781
0.306793,-0.322918,-0.478206
0.299612,-0.323828,-0.480540
0.297585,-0.326656,-0.483247
0.294440,-0.326374,-0.485383
0.290119,-0.327007,-0.489119
0.285646,-0.328803,-0.490244
0.280838,-0.329268,-0.492045
0.277436,-0.334561,-0.496392
0.273558,-0.333170,-0.499350
0.269337,-0.334535,-0.503606
0.264507,-0.339642,-0.507114
0.256958,-0.343395,-0.512319
0.460789,-0.456262,-0.466102
0.466427,-0.447090,-0.457381
0.468986,-0.440632,-0.455545
0.471776,-0.436264,-0.450984
0.471798,-0.435123,-0.446386
0.472692,-0.428501,-0.445757
0.474868,-0.426964,-0.443853
0.474862,-0.425115,-0.441025
0.474599,-0.421574,-0.440163
0.475736,-0.418442,-0.440017
0.475102,-0.415379,-0.438115
0.475572,-0.413447,-0.434318
0.475709,-0.411054,-0.435928
0.477184,-0.407917,-0.434283
0.477914,-0.405239,-0.432447
0.477066,-0.402264,-0.431734
0.475890,-0.400508,-0.431191
0.478031,-0.399274,-0.428124
0.477496,-0.398260,-0.427084
0.475456,-0.393515,-0.427374
0.476142,-0.395525,-0.425660
0.475996,-0.391842,-0.424163
0.474433,-0.389336,-0.424580
0.473794,-0.387890,-0.424774
0.472824,-0.386374,-0.423864
0.474138,-0.383598,-0.422829
0.474497,-0.382037,-0.421994
0.472312,-0.379277,-0.421924
0.470828,-0.378577,-0.421588
0.470568,-0.376403,-0.419962
0.470765,-0.374813,-0.419779
0.469842,-0.372986,-0.418681
0.471252,-0.372732,-0.417766
0.468434,-0.371384,-0.419102
0.469007,-0.368414,-0.417605
0.467015,-0.367971,-0.417181
0.465176,-0.366712,-0.417523
0.465268,-0.365609,-0.417943
0.464331,-0.364730,-0.416366
0.465938,-0.362151,-0.416070
0.463410,-0.361484,-0.418013
0.461526,-0.359975,-0.415996
0.460705,-0.357550,-0.417406
0.459221,-0.358370,-0.415246
0.459423,-0.356981,-0.416552
0.458200,-0.353469,-0.415270
0.455156,-0.356833,-0.415666
0.455944,-0.354350,-0.415750
0.454732,-0.351096,-0.416510
0.454043,-0.351886,-0.415616
0.451738,-0.349097,-0.415988
0.451798,-0.348384,-0.417501
0.451025,-0.348304,-0.416473
0.448009,-0.345382,-0.414603
0.448459,-0.345502,-0.416873
0.446328,-0.344143,-0.416702
0.445453,-0.344026,-0.416764
0.444140,-0.342524,-0.414359
0.443263,-0.342189,-0.415966
0.442098,-0.340081,-0.416074
0.440726,-0.338099,-0.416858
0.439112,-0.336404,-0.418304
0.438460,-0.337012,-0.416212
0.436892,-0.333650,-0.416402
0.435525,-0.334289,-0.417525
0.435312,-0.333627,-0.416318
0.434795,-0.334218,-0.416282
0.433366,-0.330601,-0.417673
0.431538,-0.330837,-0.418588
0.430840,-0.329654,-0.417330
0.428132,-0.327766,-0.418680
0.427118,-0.328075,-0.418801
0.427732,-0.326724,-0.419284
0.423587,-0.325787,-0.419050
0.423406,-0.324980,-0.419207
0.420016,-0.322945,-0.419485
0.419328,-0.323003,-0.419008
0.419024,-0.323127,-0.421221
0.415812,-0.322156,-0.417768
0.414759,-0.322254,-0.421060
0.413857,-0.322078,-0.421675
0.412029,-0.319467,-0.423562
0.411251,-0.320776,-0.420315
0.410061,-0.319422,-0.422399
0.407909,-0.315806,-0.422436
0.406580,-0.317961,-0.423580
0.404921,-0.316374,-0.422605
0.403265,-0.317336,-0.425046
0.401072,-0.313891,-0.425844
0.399440,-0.316042,-0.425825
0.397392,-0.314913,-0.425334
0.393341,-0.314182,-0.428839
0.393519,-0.312515,-0.426329
0.392111,-0.313700,-0.429195
0.389448,-0.312421,-0.428681
0.388943,-0.312784,-0.429126
0.385811,-0.312273,-0.429753
0.386068,-0.310804,-0.430830
0.383765,-0.310710,-0.431302
0.380499,-0.311285,-0.432918
0.378347,-0.311218,-0.432343
0.377359,-0.309955,-0.433942
0.373092,-0.309004,-0.434951
0.371984,-0.309102,-0.435039
0.373482,-0.309452,-0.436349
0.370443,-0.308164,-0.436969
0.365107,-0.310451,-0.438368
0.362716,-0.308916,-0.440263
0.362780,-0.309987,-0.438666
0.359501,-0.308407,-0.441449
0.357447,-0.307939,-0.444635
0.356600,-0.308482,-0.444520
0.353542,-0.309190,-0.442275
0.350101,-0.308815,-0.445570
0.347730,-0.311287,-0.446141
0.345759,-0.310675,-0.448560
0.342578,-0.308909,-0.451862
0.340282,-0.309240,-0.451833
0.336927,-0.311240,-0.454581
0.333775,-0.311361,-0.456040
0.331618,-0.313513,-0.458179
0.324957,-0.312793,-0.461022
0.319571,-0.315792,-0.463663
0.318187,-0.317848,-0.467531
0.312997,-0.318140,-0.470693
0.306949,-0.320673,-0.472147
0.303903,-0.321650,-0.476817
0.300746,-0.327413,-0.481381
0.293195,-0.326019,-0.483333
0.291841,-0.327998,-0.484491
0.291144,-0.330214,-0.485619
0.284877,-0.329576,-0.489920
0.280923,-0.332821,-0.492520
0.277861,-0.333364,-0.495045
0.273307,-0.333245,-0.497910
0.269674,-0.337072,-0.499821
0.262477,-0.338540,-0.504665
0.255258,-0.343708,-0.511291
0.467466,-0.452136,-0.457863
0.467676,-0.447582,-0.454874
0.470115,-0.441435,-0.450844
0.471269,-0.437695,-0.448886
0.471884,-0.434173,-0.446520
0.473476,-0.432306,-0.443462
0.473670,-0.425895,-0.441362
0.474796,-0.425397,-0.441072
0.474393,-0.420156,-0.439627
0.474074,-0.418233,-0.437619
0.475956,-0.417557,-0.436468
0.473281,-0.412980,-0.432795
0.476504,-0.410769,-0.432012
0.475801,-0.409010,-0.432797
0.476113,-0.407196,-0.430865
0.474177,-0.404437,-0.430865
0.476707,-0.403628,-0.429454
0.475563,-0.399678,-0.426883
0.474995,-0.398555,-0.426581
0.473721,-0.397068,-0.426283
0.474975,-0.394392,-0.424410
0.473176,-0.393055,-0.424259
0.474279,-0.391331,-0.424985
0.473045,-0.390653,-0.424991
0.472979,-0.387056,-0.421203
0.472770,-0.384640,-0.420286
0.471996,-0.383949,-0.421827
0.473610,-0.382307,-0.419954
0.470730,-0.380500,-0.420211
0.469306,-0.378202,-0.418438
0.468897,-0.376473,-0.418411
0.469566,-0.376064,-0.416929
0.468951,-0.373400,-0.417371
0.466945,-0.370910,-0.417058
0.466728,-0.370936,-0.417482
0.465003,-0.371653,-0.418819
0.464174,-0.368586,-0.416867
0.465629,-0.365769,-0.417248
0.462205,-0.364649,-0.415859
0.462078,-0.365138,-0.416102
0.460167,-0.361546,-0.416971
0.460588,-0.360027,-0.417067
0.459302,-0.360166,-0.415755
0.458258,-0.358372,-0.416421
0.456456,-0.358254,-0.415047
0.455473,-0.357900,-0.417267
0.455246,-0.357118,-0.417038
0.453631,-0.354099,-0.415941
0.454753,-0.352716,-0.414109
0.451914,-0.351991,-0.413953
0.450019,-0.350881,-0.414488
0.452638,-0.348233,-0.415418
0.448796,-0.348907,-0.415657
0.445687,-0.348262,-0.415020
0.445736,-0.344634,-0.415530
0.444783,-0.344286,-0.414562
0.445576,-0.344514,-0.416655
0.442768,-0.340467,-0.414116
0.440901,-0.342804,-0.414868
0.441040,-0.339486,-0.417883
0.438409,-0.340512,-0.414867
0.438518,-0.339597,-0.415629
0.436836,-0.338255,-0.415959
0.435719,-0.338885,-0.416824
0.434127,-0.334513,-0.416684
0.435417,-0.335367,-0.417414
0.431481,-0.333512,-0.417559
0.431220,-0.333819,-0.418346
0.427355,-0.332360,-0.418073
0.428861,-0.331881,-0.417573
0.425863,-0.329729,-0.418061
0.425492,-0.330055,-0.416549
0.423379,-0.330200,-0.418617
0.422197,-0.327745,-0.419342
0.420240,-0.326993,-0.418964
0.418733,-0.326291,-0.417942
0.418437,-0.324520,-0.417681
0.417355,-0.323991,-0.419495
0.414539,-0.322897,-0.420843
0.414423,-0.320767,-0.419934
0.412099,-0.323647,-0.422220
0.410065,-0.320479,-0.420836
0.411205,-0.319969,-0.422218
0.407035,-0.319998,-0.419883
0.406246,-0.321091,-0.421614
0.404903,-0.318511,-0.422614
0.403876,-0.318733,-0.422646
0.401975,-0.319240,-0.423148
0.401943,-0.319622,-0.423736
0.396391,-0.313963,-0.425171
0.396350,-0.314426,-0.424195
0.394779,-0.315049,-0.425388
0.390243,-0.313889,-0.425026
0.392164,-0.314612,-0.426470
0.389094,-0.313868,-0.426616
0.387571,-0.314100,-0.428205
0.383364,-0.313333,-0.428573
0.383404,-0.313187,-0.431354
0.380179,-0.312408,-0.432416
0.378093,-0.312914,-0.432356
0.376595,-0.313356,-0.433544
0.375491,-0.310697,-0.432410
0.373852,-0.312780,-0.431067
0.372521,-0.312841,-0.436149
0.368535,-0.311103,-0.437649
0.365781,-0.310246,-0.437354
0.364387,-0.309364,-0.437920
0.364073,-0.310076,-0.439059
0.360136,-0.308649,-0.440090
0.355235,-0.310020,-0.440910
0.355111,-0.310961,-0.443105
0.354132,-0.311440,-0.442020
0.351845,-0.310452,-0.444859
0.347898,-0.311944,-0.446483
0.348033,-0.311902,-0.447901
0.343727,-0.310070,-0.447804
0.340258,-0.312621,-0.450300
0.336776,-0.314168,-0.451144
0.335114,-0.312452,-0.455528
0.332062,-0.312881,-0.454715
0.327934,-0.315372,-0.458913
0.322670,-0.316647,-0.462937
0.320162,-0.317649,-0.464980
0.314949,-0.318054,-0.468518
0.313098,-0.319289,-0.469956
0.306689,-0.322802,-0.472480
0.303005,-0.326761,-0.478581
0.297987,-0.326147,-0.478727
0.294780,-0.327753,-0.483132
0.291389,-0.327786,-0.483302
0.289302,-0.329768,-0.486355
0.283811,-0.330552,-0.489123
0.277993,-0.333875,-0.490873
0.274986,-0.334216,-0.495263
0.271650,-0.334656,-0.495575
0.268590,-0.334784,-0.498540
0.259845,-0.339162,-0.505173
0.255872,-0.343218,-0.509629
0.463584,-0.454824,-0.458643
0.466742,-0.448951,-0.453926
0.466028,-0.445790,-0.451732
0.470082,-0.441144,-0.447953
0.471818,-0.437801,-0.446925
0.473264,-0.434739,-0.444330
0.472504,-0.429120,-0.442508
0.472436,-0.428243,-0.440538
0.473727,-0.426038,-0.437068
0.472305,-0.422158,-0.436804
0.473546,-0.420410,-0.435679
0.475839,-0.416842,-0.434170
0.474163,-0.415608,-0.433067
0.474708,-0.412165,-0.430735
0.472948,-0.410311,-0.431522
0.474635,-0.408913,-0.429197
0.473387,-0.405784,-0.430011
0.474074,-0.403756,-0.428043
0.475346,-0.399748,-0.426244
0.475872,-0.398640,-0.425839
0.474193,-0.398455,-0.425535
0.470518,-0.394455,-0.426298
0.473277,-0.391589,-0.423753
0.473409,-0.392219,-0.422826
0.472539,-0.389475,-0.422646
0.470824,-0.387507,-0.421018
0.470765,-0.388060,-0.420490
0.471516,-0.386645,-0.418051
0.471388,-0.384293,-0.421767
0.469147,-0.380970,-0.419125
0.468304,-0.380443,-0.419441
0.468599,-0.377174,-0.417813
0.466393,-0.376095,-0.417613
0.466378,-0.375445,-0.415847
0.466777,-0.374191,-0.416091
0.463913,-0.372323,-0.417634
0.465126,-0.370075,-0.415069
0.463603,-0.369583,-0.418054
0.462765,-0.368188,-0.416214
0.460666,-0.367562,-0.414479
0.458484,-0.366546,-0.416254
0.461025,-0.363043,-0.414995
0.459453,-0.362676,-0.416552
0.457877,-0.361779,-0.415928
0.456075,-0.361354,-0.415320
0.455349,-0.359213,-0.416478
0.456859,-0.357794,-0.414143
0.454311,-0.355704,-0.416135
0.451939,-0.355465,-0.414559
0.451815,-0.353639,-0.416792
0.448758,-0.352960,-0.414602
0.447939,-0.353391,-0.415204
0.446802,-0.350888,-0.414567
0.446190,-0.351360,-0.414881
0.444527,-0.349396,-0.413442
0.445609,-0.346351,-0.413966
0.443512,-0.347569,-0.414201
0.442276,-0.346105,-0.414724
0.440898,-0.345448,-0.415343
0.439617,-0.342169,-0.415237
0.435977,-0.341112,-0.413688
0.438348,-0.341326,-0.415103
0.436726,-0.339038,-0.414485
0.436775,-0.339600,-0.414419
0.434663,-0.337986,-0.417437
0.432867,-0.336967,-0.417289
0.432565,-0.335963,-0.415901
0.430125,-0.334509,-0.415029
0.431001,-0.335345,-0.415514
0.427903,-0.333194,-0.415275
0.425753,-0.332762,-0.418137
0.425117,-0.332806,-0.416271
0.424978,-0.331478,-0.415126
0.420468,-0.330746,-0.416800
0.421146,-0.329445,-0.417066
0.419296,-0.328906,-0.419113
0.418494,-0.328387,-0.417559
0.416988,-0.327955,-0.416318
0.416382,-0.327133,-0.417902
0.414657,-0.324191,-0.419384
0.412844,-0.325109,-0.421312
0.410577,-0.322027,-0.418539
0.409073,-0.323769,-0.419041
0.407587,-0.322244,-0.423168
0.405298,-0.321719,-0.420810
0.405333,-0.320364,-0.420828
0.403156,-0.319722,-0.421688
0.401087,-0.317490,-0.421505
0.401728,-0.319240,-0.421430
0.397761,-0.317911,-0.423378
0.396297,-0.315962,-0.425533
0.394877,-0.317052,-0.425954
0.391959,-0.315595,-0.424114
0.391084,-0.316788,-0.426471
0.391193,-0.315496,-0.425988
0.387046,-0.316455,-0.428805
0.386329,-0.316787,-0.427546
0.384011,-0.314285,-0.427855
0.381223,-0.313735,-0.429312
0.380557,-0.312235,-0.429559
0.378238,-0.311613,-0.431507
0.377736,-0.314759,-0.431703
0.373487,-0.313248,-0.433648
0.373776,-0.312551,-0.434361
0.370663,-0.313559,-0.433756
0.366255,-0.313028,-0.435891
0.365388,-0.313085,-0.434881
0.363983,-0.313591,-0.435653
0.363736,-0.313126,-0.437088
0.360794,-0.311905,-0.438955
0.356794,-0.311832,-0.440318
0.355542,-0.310938,-0.441441
0.351474,-0.310861,-0.442724
0.349882,-0.312215,-0.444091
0.348631,-0.312659,-0.444063
0.345327,-0.313356,-0.447232
0.342952,-0.312136,-0.447151
0.337980,-0.313191,-0.448777
0.337305,-0.312201,-0.451695
0.334086,-0.312637,-0.452136
0.329322,-0.314581,-0.457013
0.327407,-0.316255,-0.457489
0.323611,-0.317713,-0.461408
0.320301,-0.319203,-0.462780
0.315426,-0.319661,-0.464509
0.310010,-0.321118,-0.468467
0.304759,-0.323765,-0.470590
0.302158,-0.326928,-0.476032
0.296832,-0.326417,-0.478178
0.292763,-0.330569,-0.479324
0.289513,-0.329799,-0.484022
0.286831,-0.330029,-0.484313
0.282595,-0.332166,-0.487894
0.277779,-0.333745,-0.491649
0.276652,-0.335411,-0.493033
0.270639,-0.335587,-0.496544
0.266767,-0.338971,-0.497414
0.260533,-0.340402,-0.501297
0.256069,-0.343232,-0.506112
0.454671,-0.465323,-0.466826
0.467347,-0.454625,-0.453662
0.465777,-0.449016,-0.451425
0.469477,-0.445209,-0.446584
0.467760,-0.440063,-0.447155
0.470085,-0.437364,-0.444125
0.469746,-0.434266,-0.443285
0.470474,-0.430659,-0.439161
0.472313,-0.429577,-0.437240
0.474427,-0.426300,-0.437710
0.472264,-0.422402,-0.435808
0.474444,-0.421722,-0.433461
0.475824,-0.419114,-0.432880
0.475150,-0.416056,-0.431216
0.472443,-0.413415,-0.431073
0.474188,-0.410429,-0.430567
0.473923,-0.409292,-0.428502
0.474123,-0.407430,-0.428454
0.472619,-0.403144,-0.427698
0.472457,-0.403451,-0.424875
0.472627,-0.401142,-0.423472
0.471436,-0.396632,-0.424194
0.473593,-0.395296,-0.423473
0.472756,-0.394199,-0.421693
0.470933,-0.393462,-0.422528
0.470012,-0.390975,-0.420287
0.469833,-0.391215,-0.420676
0.469693,-0.387233,-0.419768
0.469650,-0.385835,-0.420785
0.469555,-0.384778,-0.418338
0.467520,-0.383970,-0.418430
0.467491,-0.382463,-0.419870
0.466958,-0.378480,-0.417106
0.465031,-0.378196,-0.416514
0.465671,-0.374580,-0.415094
0.465735,-0.375427,-0.413923
0.463623,-0.374336,-0.416940
0.463346,-0.372028,-0.414494
0.462143,-0.370024,-0.414011
0.459967,-0.370003,-0.415193
0.460552,-0.368344,-0.413470
0.459618,-0.365698,-0.415527
0.457784,-0.366373,-0.415762
0.458301,-0.362587,-0.412730
0.455881,-0.363391,-0.416195
0.454791,-0.365121,-0.416602
0.453448,-0.358808,-0.414211
0.452156,-0.359135,-0.415480
0.450869,-0.359407,-0.411135
0.451618,-0.356934,-0.414812
0.450581,-0.356096,-0.415458
0.448148,-0.354516,-0.415263
0.448734,-0.353839,-0.412261
0.447412,-0.351307,-0.414388
0.446126,-0.351966,-0.412971
0.443485,-0.350448,-0.413595
0.441648,-0.348277,-0.415828
0.441332,-0.348855,-0.413936
0.440346,-0.349106,-0.413890
0.438861,-0.345272,-0.414148
0.437293,-0.343924,-0.412410
0.438008,-0.344811,-0.413638
0.435946,-0.343964,-0.414077
0.435837,-0.341338,-0.414091
0.433903,-0.340807,-0.414375
0.432976,-0.338278,-0.414763
0.431734,-0.340119,-0.415163
0.429405,-0.338863,-0.415165
0.429586,-0.337159,-0.414728
0.425825,-0.337397,-0.415062
0.425379,-0.334185,-0.417196
0.423868,-0.332365,-0.417114
0.423301,-0.333057,-0.415488
0.422930,-0.333854,-0.416375
0.421125,-0.332263,-0.415368
0.418620,-0.331124,-0.416463
0.416673,-0.332133,-0.418730
0.416377,-0.332199,-0.419152
0.416510,-0.328618,-0.417901
0.413772,-0.328912,-0.418267
0.410813,-0.325690,-0.417902
0.410875,-0.325172,-0.418399
0.409992,-0.325055,-0.420273
0.405645,-0.324393,-0.419661
0.405286,-0.326173,-0.419656
0.404317,-0.323677,-0.420862
0.402936,-0.322091,-0.419654
0.402501,-0.321551,-0.420518
0.399605,-0.322657,-0.421160
0.398015,-0.318778,-0.422357
0.396969,-0.320298,-0.421051
0.395045,-0.319152,-0.423225
0.394031,-0.317354,-0.424154
0.392040,-0.318632,-0.426096
0.390164,-0.317790,-0.425579
0.388951,-0.317760,-0.425461
0.386253,-0.315571,-0.426232
0.382857,-0.316794,-0.428379
0.382354,-0.315711,-0.428526
0.380040,-0.317923,-0.429234
0.379640,-0.315511,-0.430473
0.375892,-0.313962,-0.430184
0.374999,-0.315625,-0.431069
0.371975,-0.315432,-0.431765
0.369397,-0.314246,-0.433221
0.367264,-0.313013,-0.435656
0.365451,-0.314016,-0.435391
0.365023,-0.314308,-0.433745
0.361181,-0.313248,-0.437084
0.358856,-0.311116,-0.435458
0.356427,-0.314472,-0.438227
0.355601,-0.313773,-0.440563
0.352910,-0.313000,-0.439969
0.355193,-0.312714,-0.442253
0.348583,-0.313275,-0.443812
0.345153,-0.313387,-0.446143
0.341780,-0.312766,-0.445670
0.340465,-0.315811,-0.446108
0.338919,-0.313587,-0.449760
0.335053,-0.316813,-0.452793
0.332013,-0.314338,-0.452180
0.328562,-0.316963,-0.455146
0.323824,-0.317505,-0.456772
0.321465,-0.318893,-0.457790
0.316667,-0.319359,-0.461671
0.310866,-0.323928,-0.465794
0.308711,-0.323467,-0.468996
0.304358,-0.325497,-0.472671
0.299390,-0.326091,-0.473938
0.295081,-0.328130,-0.477046
0.291167,-0.332316,-0.478551
0.287371,-0.331543,-0.480497
0.283237,-0.333881,-0.482564
0.282440,-0.332392,-0.486542
0.277845,-0.333694,-0.486660
0.275018,-0.336129,-0.490765
0.269014,-0.337553,-0.492316
0.265037,-0.338909,-0.496673
0.260093,-0.339225,-0.499160
0.252154,-0.343092,-0.503816
0.461745,-0.459212,-0.456485
0.466116,-0.452624,-0.450168
0.467510,-0.447681,-0.449344
0.468452,-0.445132,-0.445475
0.469765,-0.440988,-0.444887
0.469439,-0.438616,-0.442811
0.471896,-0.434317,-0.440080
0.470387,-0.431044,-0.438464
0.472214,-0.427993,-0.436603
0.472598,-0.428650,-0.436873
0.471662,-0.425416,-0.433657
0.471352,-0.421601,-0.433019
0.472368,-0.419537,-0.432216
0.472485,-0.415424,-0.428786
0.474071,-0.414072,-0.429275
0.473789,-0.413833,-0.429351
0.474778,-0.410664,-0.428254
0.471608,-0.407246,-0.426804
0.471704,-0.406394,-0.426503
0.471879,-0.404249,-0.423781
0.473180,-0.402465,-0.422831
0.471484,-0.399476,-0.422247
0.472153,-0.399235,-0.424981
0.468994,-0.394401,-0.422282
0.470988,-0.393306,-0.419554
0.469393,-0.392319,-0.418817
0.467913,-0.390675,-0.418302
0.469972,-0.388811,-0.417919
0.468762,-0.387507,-0.418567
0.467803,-0.387075,-0.417072
0.467103,-0.384703,-0.418793
0.466331,-0.383703,-0.416449
0.465028,-0.381695,-0.416249
0.464965,-0.380162,-0.417874
0.464154,-0.378441,-0.415880
0.464972,-0.377291,-0.416002
0.462747,-0.375797,-0.416216
0.459987,-0.374226,-0.415734
0.460431,-0.373450,-0.416681
0.457979,-0.372214,-0.413431
0.458153,-0.370860,-0.415082
0.455823,-0.369535,-0.414840
0.456933,-0.368384,-0.413115
0.456428,-0.367484,-0.413886
0.454353,-0.364391,-0.412907
0.454879,-0.363087,-0.412656
0.452856,-0.361001,-0.413693
0.453392,-0.361962,-0.413851
0.450928,-0.358584,-0.412581
0.448882,-0.359457,-0.413724
0.448623,-0.358552,-0.412813
0.448761,-0.356161,-0.412232
0.446018,-0.354348,-0.413073
0.445367,-0.354927,-0.414125
0.443601,-0.352373,-0.413459
0.442667,-0.351707,-0.412519
0.440998,-0.351186,-0.412642
0.439806,-0.349574,-0.415682
0.439927,-0.348143,-0.414288
0.439571,-0.346249,-0.412351
0.437121,-0.346426,-0.414712
0.436362,-0.345318,-0.412614
0.433140,-0.344392,-0.412922
0.432553,-0.341903,-0.414376
0.431876,-0.343793,-0.413979
0.429941,-0.342792,-0.416135
0.429149,-0.342145,-0.414171
0.428329,-0.339566,-0.413783
0.426329,-0.339347,-0.415112
0.426129,-0.337256,-0.413797
0.425531,-0.337078,-0.415073
0.422943,-0.336226,-0.415139
0.420856,-0.334811,-0.415465
0.420120,-0.334016,-0.415130
0.420455,-0.332978,-0.415528
0.418093,-0.333500,-0.415394
0.416669,-0.331524,-0.416305
0.414439,-0.330780,-0.416065
0.412518,-0.328112,-0.416205
0.411645,-0.330738,-0.417410
0.411842,-0.326370,-0.416420
0.408812,-0.327821,-0.418076
0.406271,-0.327757,-0.419778
0.408269,-0.325206,-0.417397
0.405778,-0.323824,-0.417005
0.404052,-0.324425,-0.420774
0.401298,-0.323658,-0.420346
0.400656,-0.322737,-0.419939
0.399202,-0.323313,-0.418882
0.397341,-0.321491,-0.420605
0.395197,-0.321374,-0.422131
0.391912,-0.320101,-0.421922
0.391048,-0.318894,-0.422811
0.389745,-0.320073,-0.422375
0.388630,-0.317230,-0.424896
0.385952,-0.318831,-0.424237
0.381694,-0.318779,-0.424308
0.383988,-0.317742,-0.426441
0.380496,-0.317279,-0.426781
0.379021,-0.317298,-0.428276
0.375849,-0.318300,-0.427894
0.375764,-0.318302,-0.429807
0.372903,-0.317762,-0.429507
0.369030,-0.315925,-0.430830
0.368649,-0.316268,-0.431280
0.367307,-0.316798,-0.430223
0.364953,-0.316455,-0.434213
0.363501,-0.314834,-0.434727
0.360688,-0.315665,-0.436531
0.359010,-0.314375,-0.436403
0.356310,-0.315172,-0.437921
0.354674,-0.315246,-0.439737
0.351406,-0.315115,-0.440163
0.348689,-0.315801,-0.441177
0.346730,-0.316348,-0.442846
0.346726,-0.312615,-0.445254
0.341303,-0.315682,-0.445522
0.339255,-0.315516,-0.447545
0.335042,-0.315591,-0.446442
0.333045,-0.315890,-0.451794
0.330478,-0.315728,-0.450015
0.327409,-0.318318,-0.453162
0.323731,-0.317386,-0.454661
0.319206,-0.318390,-0.459073
0.315941,-0.323247,-0.461101
0.308870,-0.323072,-0.464268
0.307421,-0.325386,-0.467791
0.301107,-0.327377,-0.469641
0.298456,-0.328104,-0.473379
0.294477,-0.330359,-0.475450
0.291720,-0.332085,-0.477084
0.286895,-0.335300,-0.480438
0.282494,-0.333295,-0.482993
0.279004,-0.334182,-0.484865
0.276274,-0.335159,-0.487867
0.274139,-0.335254,-0.490305
0.269363,-0.337564,-0.492037
0.264867,-0.340811,-0.496662
0.260605,-0.343401,-0.499739
0.252429,-0.346000,-0.504109
0.247356,-0.349075,-0.509034
0.460304,-0.463288,-0.459807
0.463953,-0.456251,-0.452646
0.465223,-0.452006,-0.448546
0.466757,-0.448030,-0.446366
0.468074,-0.444161,-0.445073
0.468862,-0.441465,-0.442384
0.466581,-0.438932,-0.440469
0.469015,-0.435404,-0.437040
0.470569,-0.432266,-0.437422
0.472540,-0.430665,-0.434307
0.470903,-0.428433,-0.434884
0.471147,-0.425538,-0.431981
0.470097,-0.424419,-0.431064
0.472247,-0.418897,-0.428232
0.471087,-0.417239,-0.428190
0.469674,-0.415461,-0.427203
0.472920,-0.412523,-0.428363
0.472083,-0.411025,-0.425736
0.470723,-0.410027,-0.424646
0.471820,-0.406728,-0.423305
0.471564,-0.405076,-0.421939
0.470534,-0.402881,-0.424375
0.469621,-0.400680,-0.421984
0.469728,-0.399214,-0.422284
0.467986,-0.397932,-0.420297
0.468486,-0.394540,-0.419146
0.467523,-0.393230,-0.418254
0.468299,-0.391433,-0.417429
0.468424,-0.392273,-0.417535
0.466737,-0.389761,-0.417251
0.465704,-0.387036,-0.418036
0.466251,-0.386745,-0.416116
0.464313,-0.384588,-0.415437
0.462852,-0.382333,-0.415110
0.464874,-0.382463,-0.416549
0.464004,-0.380366,-0.414446
0.461130,-0.378027,-0.412538
0.462232,-0.376426,-0.415213
0.461155,-0.373253,-0.412688
0.457687,-0.374222,-0.414009
0.458501,-0.373743,-0.414237
0.456881,-0.373081,-0.413830
0.456842,-0.371381,-0.411911
0.454204,-0.368712,-0.412586
0.454938,-0.366539,-0.413683
0.453639,-0.365927,-0.413565
0.451641,-0.362481,-0.413664
0.451556,-0.362678,-0.412767
0.451727,-0.362454,-0.413177
0.448771,-0.363038,-0.412501
0.449568,-0.360264,-0.410930
0.445992,-0.360082,-0.412040
0.444979,-0.358938,-0.411126
0.444075,-0.357013,-0.412747
0.444997,-0.354622,-0.413270
0.441450,-0.355784,-0.413466
0.439828,-0.353461,-0.413474
0.440579,-0.352631,-0.412893
0.439000,-0.350278,-0.412902
0.439553,-0.350318,-0.411609
0.438013,-0.349522,-0.412231
0.436213,-0.347907,-0.412745
0.435027,-0.346427,-0.412007
0.432520,-0.346800,-0.415507
0.431536,-0.345933,-0.414338
0.429672,-0.343544,-0.414612
0.429959,-0.343410,-0.411895
0.428781,-0.341420,-0.413714
0.425880,-0.340242,-0.413705
0.426183,-0.339972,-0.413863
0.425252,-0.337048,-0.412850
0.423279,-0.339747,-0.412449
0.421671,-0.337701,-0.413864
0.419238,-0.335352,-0.415260
0.419025,-0.337795,-0.414515
0.416764,-0.334508,-0.415775
0.416531,-0.334964,-0.415800
0.416531,-0.334155,-0.415324
0.413650,-0.332156,-0.417463
0.412027,-0.331555,-0.416969
0.409476,-0.330304,-0.417544
0.408780,-0.330000,-0.417187
0.408102,-0.329216,-0.418895
0.405286,-0.327991,-0.416515
0.405520,-0.328698,-0.417998
0.405953,-0.325062,-0.419169
0.402443,-0.325655,-0.417981
0.400352,-0.325064,-0.420152
0.399075,-0.324055,-0.419794
0.395876,-0.323774,-0.419577
0.394913,-0.322428,-0.420600
0.392271,-0.322653,-0.419476
0.392203,-0.321830,-0.421815
0.391880,-0.321982,-0.423518
0.388577,-0.320446,-0.422659
0.387768,-0.320834,-0.423359
0.385051,-0.319672,-0.424267
0.382960,-0.318425,-0.424380
0.380084,-0.320071,-0.425627
0.377958,-0.319303,-0.426832
0.376476,-0.319086,-0.429744
0.374563,-0.320618,-0.427224
0.372538,-0.317034,-0.428349
0.371697,-0.317973,-0.429518
0.368550,-0.317639,-0.431292
0.366122,-0.319408,-0.431073
0.365689,-0.318450,-0.432157
0.363850,-0.317663,-0.432327
0.361013,-0.316065,-0.434530
0.359075,-0.317121,-0.434433
0.356036,-0.316413,-0.435858
0.353790,-0.315560,-0.438509
0.351599,-0.315265,-0.435318
0.350838,-0.317262,-0.438591
0.347366,-0.314981,-0.440498
0.346953,-0.315782,-0.440040
0.342656,-0.316485,-0.441257
0.339139,-0.315737,-0.443756
0.338898,-0.317445,-0.447024
0.335461,-0.316526,-0.449784
0.330601,-0.317814,-0.451100
0.329338,-0.317616,-0.450917
0.323804,-0.318985,-0.452987
0.323433,-0.320396,-0.454180
0.317730,-0.320276,-0.456248
0.315721,-0.323424,-0.460436
0.309306,-0.325062,-0.466061
0.305611,-0.327058,-0.466192
0.300928,-0.330394,-0.470287
0.297998,-0.331057,-0.472545
0.291687,-0.331086,-0.475103
0.288574,-0.333874,-0.477781
0.286421,-0.335285,-0.480943
0.280901,-0.336929,-0.484669
0.278021,-0.336010,-0.485311
0.276044,-0.336824,-0.486266
0.271684,-0.339155,-0.488051
0.266981,-0.339012,-0.491396
0.263681,-0.340662,-0.495030
0.258261,-0.343240,-0.497919
0.251526,-0.347477,-0.504251
0.245863,-0.350372,-0.506320
0.451830,-0.477186,-0.466303
0.462458,-0.463142,-0.453800
0.463696,-0.456458,-0.449903
0.464940,-0.451548,-0.445250
0.467059,-0.448084,-0.445029
0.469537,-0.446136,-0.440750
0.467288,-0.441389,-0.441032
0.470406,-0.438356,-0.440071
0.469697,-0.436572,-0.438005
0.470005,-0.433603,-0.435449
0.470795,-0.431389,-0.435346
0.471753,-0.428180,-0.434222
0.469794,-0.428018,-0.432284
0.471191,-0.421448,-0.430544
0.469798,-0.421489,-0.430342
0.469769,-0.418438,-0.428568
0.470761,-0.417105,-0.427305
0.470813,-0.415671,-0.424569
0.470887,-0.412253,-0.425406
0.469998,-0.411518,-0.424485
0.469992,-0.408563,-0.424230
0.470978,-0.406148,-0.422014
0.468648,-0.404933,-0.421361
0.467396,-0.402199,-0.421680
0.467458,-0.399773,-0.420195
0.468189,-0.397872,-0.417321
0.468468,-0.397294,-0.418329
0.467239,-0.393095,-0.418355
0.468247,-0.393003,-0.418420
0.467510,-0.391430,-0.417164
0.466360,-0.390933,-0.416477
0.463438,-0.387033,-0.416887
0.463870,-0.385841,-0.416677
0.465177,-0.386073,-0.415600
0.462625,-0.382542,-0.413865
0.462589,-0.382335,-0.413921
0.461191,-0.381488,-0.413009
0.461628,-0.381044,-0.412428
0.459467,-0.377927,-0.414544
0.457840,-0.376398,-0.413190
0.457488,-0.374953,-0.412462
0.457667,-0.374944,-0.411118
0.455880,-0.371366,-0.413052
0.457503,-0.369921,-0.411908
0.455480,-0.369604,-0.414091
0.452884,-0.369576,-0.411955
0.452674,-0.368657,-0.413561
0.450355,-0.366300,-0.412976
0.448033,-0.365064,-0.411434
0.448678,-0.362912,-0.412807
0.448279,-0.363459,-0.412614
0.445624,-0.363129,-0.411319
0.445402,-0.360990,-0.413016
0.442406,-0.358666,-0.412886
0.443856,-0.359057,-0.411105
0.442310,-0.357556,-0.412613
0.441943,-0.356280,-0.411574
0.439947,-0.355960,-0.411814
0.436008,-0.353903,-0.413040
0.439648,-0.352838,-0.412345
0.436343,-0.352805,-0.412644
0.437068,-0.351812,-0.411886
0.433562,-0.350462,-0.412326
0.433934,-0.350029,-0.411231
0.429305,-0.347759,-0.412701
0.428685,-0.346725,-0.411731
0.430434,-0.346470,-0.411147
0.425623,-0.345343,-0.412012
0.425812,-0.343957,-0.412240
0.424592,-0.343274,-0.414158
0.422754,-0.340724,-0.413617
0.421638,-0.342046,-0.412016
0.422124,-0.340688,-0.413732
0.419913,-0.339009,-0.415868
0.417431,-0.339479,-0.413008
0.416598,-0.336241,-0.413882
0.416257,-0.336309,-0.414020
0.416144,-0.336527,-0.415382
0.414408,-0.335274,-0.414053
0.411205,-0.334565,-0.415256
0.410369,-0.332456,-0.415178
0.408678,-0.331964,-0.416065
0.408078,-0.329972,-0.414708
0.407109,-0.328831,-0.414102
0.406918,-0.328807,-0.417399
0.402354,-0.328806,-0.416883
0.399937,-0.327883,-0.418410
0.401407,-0.328037,-0.417818
0.399472,-0.325802,-0.417699
0.398030,-0.327901,-0.418611
0.395605,-0.324570,-0.418019
0.393138,-0.323832,-0.420365
0.391684,-0.324976,-0.418649
0.391402,-0.322531,-0.419684
0.387446,-0.325893,-0.421214
0.386667,-0.321621,-0.421334
0.385290,-0.321437,-0.422567
0.383221,-0.321346,-0.420508
0.380278,-0.322189,-0.425050
0.379671,-0.321502,-0.425493
0.377426,-0.319639,-0.424320
0.374892,-0.320741,-0.427320
0.372728,-0.320568,-0.427305
0.368995,-0.321093,-0.429113
0.369169,-0.321604,-0.428528
0.366534,-0.320273,-0.430775
0.366045,-0.319336,-0.431415
0.365315,-0.316968,-0.432109
0.362433,-0.321048,-0.431310
0.360451,-0.318149,-0.431693
0.356553,-0.320211,-0.433336
0.355846,-0.318323,-0.436632
0.352515,-0.318229,-0.438137
0.350799,-0.318136,-0.437229
0.348984,-0.316846,-0.438689
0.345671,-0.317212,-0.438986
0.344517,-0.317113,-0.439176
0.339504,-0.317423,-0.442556
0.337479,-0.318124,-0.442438
0.335810,-0.320371,-0.444440
0.332474,-0.318742,-0.446347
0.330688,-0.319428,-0.448564
0.329582,-0.320309,-0.449535
0.323683,-0.319519,-0.452557
0.319641,-0.320891,-0.454855
0.317304,-0.324923,-0.457654
0.312093,-0.324462,-0.457846
0.307563,-0.325503,-0.462486
0.304109,-0.326818,-0.464750
0.299915,-0.331001,-0.467507
0.293748,-0.330790,-0.473197
0.290927,-0.332348,-0.473975
0.288780,-0.335064,-0.477145
0.284830,-0.336354,-0.478339
0.280537,-0.335796,-0.482285
0.274640,-0.337333,-0.482984
0.274440,-0.339468,-0.485247
0.270138,-0.339191,-0.487609
0.266293,-0.338404,-0.491513
0.262814,-0.343674,-0.494170
0.258451,-0.346180,-0.495897
0.251118,-0.349939,-0.498325
0.246643,-0.350350,-0.502954
0.459348,-0.466327,-0.454844
0.461146,-0.460805,-0.452371
0.466654,-0.456583,-0.448933
0.465900,-0.452313,-0.444231
0.467277,-0.449050,-0.442813
0.466891,-0.446781,-0.439905
0.468115,-0.440510,-0.438483
0.468503,-0.439474,-0.437593
0.469183,-0.436063,-0.437008
0.470657,-0.435200,-0.433266
0.469227,-0.429738,-0.432119
0.469749,-0.428567,-0.432191
0.469243,-0.426270,-0.430320
0.469804,-0.424002,-0.427651
0.471099,-0.421663,-0.427419
0.470311,-0.417912,-0.426864
0.470534,-0.416511,-0.425796
0.468375,-0.414588,-0.425178
0.470502,-0.413147,-0.423418
0.470063,-0.412290,-0.423946
0.468740,-0.410906,-0.422233
0.468871,-0.408776,-0.420456
0.468133,-0.405240,-0.420189
0.469337,-0.404457,-0.420862
0.467593,-0.402071,-0.420027
0.467120,-0.399891,-0.419810
0.467213,-0.399533,-0.418333
0.463252,-0.397279,-0.418585
0.464709,-0.395122,-0.417536
0.464421,-0.391688,-0.416775
0.463244,-0.392665,-0.417718
0.463668,-0.389330,-0.415481
0.462071,-0.387267,-0.415677
0.460645,-0.386833,-0.413527
0.461738,-0.386662,-0.414230
0.460692,-0.383863,-0.414226
0.459761,-0.382092,-0.413500
0.458172,-0.381398,-0.412132
0.457730,-0.380141,-0.413469
0.458746,-0.377263,-0.413728
0.455159,-0.376169,-0.413598
0.456231,-0.374412,-0.412511
0.452952,-0.373546,-0.412903
0.454120,-0.372894,-0.413597
0.452609,-0.371225,-0.412444
0.450542,-0.369515,-0.411842
0.451898,-0.369229,-0.410325
0.449074,-0.369742,-0.410366
0.448843,-0.367755,-0.409592
0.445334,-0.366039,-0.410597
0.445634,-0.365185,-0.412576
0.445933,-0.363044,-0.412491
0.441712,-0.361993,-0.411263
0.442944,-0.359240,-0.410209
0.443228,-0.360946,-0.411545
0.441064,-0.357168,-0.410467
0.438687,-0.357442,-0.412518
0.440100,-0.354292,-0.412828
0.436132,-0.356347,-0.411184
0.434901,-0.354382,-0.412997
0.435283,-0.353993,-0.410078
0.434810,-0.353115,-0.411914
0.432933,-0.352102,-0.409869
0.431116,-0.351588,-0.409559
0.429538,-0.347654,-0.410256
0.426095,-0.347697,-0.411573
0.428410,-0.349211,-0.412056
0.425856,-0.347315,-0.411336
0.425821,-0.343986,-0.413236
0.423702,-0.344717,-0.411623
0.423414,-0.342979,-0.411648
0.423384,-0.343934,-0.412119
0.420346,-0.341354,-0.413529
0.420357,-0.340503,-0.412382
0.417457,-0.339266,-0.414919
0.415259,-0.338436,-0.412606
0.415605,-0.338769,-0.412643
0.414033,-0.336369,-0.414555
0.410073,-0.338042,-0.412108
0.410599,-0.334678,-0.414084
0.409222,-0.334852,-0.417505
0.408293,-0.334810,-0.414836
0.405554,-0.330237,-0.413359
0.405065,-0.332748,-0.416176
0.403196,-0.329336,-0.415678
0.402129,-0.331900,-0.416551
0.399512,-0.330617,-0.417328
0.397702,-0.329552,-0.418036
0.396127,-0.328046,-0.418289
0.395424,-0.326551,-0.416687
0.395149,-0.325591,-0.419014
0.390560,-0.324615,-0.419764
0.390833,-0.326633,-0.418767
0.390675,-0.325733,-0.420787
0.388332,-0.323885,-0.421344
0.386961,-0.324913,-0.421078
0.383437,-0.324106,-0.422638
0.381051,-0.325320,-0.420938
0.378832,-0.323862,-0.422788
0.377922,-0.324275,-0.425037
0.377162,-0.322377,-0.422662
0.373168,-0.321522,-0.426461
0.371556,-0.322405,-0.426119
0.370406,-0.322445,-0.428236
0.366967,-0.319958,-0.428780
0.364293,-0.321496,-0.430786
0.361130,-0.322525,-0.430973
0.362671,-0.321665,-0.431603
0.360247,-0.320444,-0.433353
0.356347,-0.321464,-0.433840
0.355944,-0.322080,-0.431777
0.352999,-0.319570,-0.435680
0.350117,-0.319725,-0.436320
0.350052,-0.319100,-0.437088
0.346055,-0.321043,-0.437320
0.345008,-0.319263,-0.438732
0.344559,-0.317599,-0.439009
0.338870,-0.320032,-0.441337
0.335159,-0.320251,-0.443156
0.335097,-0.321022,-0.444885
0.332164,-0.319817,-0.447304
0.326570,-0.320622,-0.446574
0.327032,-0.320954,-0.450384
0.321226,-0.321822,-0.451778
0.318024,-0.323868,-0.453261
0.315456,-0.325574,-0.456285
0.313857,-0.324237,-0.458799
0.306350,-0.328007,-0.463929
0.300958,-0.329421,-0.465905
0.298625,-0.330748,-0.465935
0.293623,-0.332507,-0.470393
0.291279,-0.334970,-0.473479
0.287005,-0.335835,-0.475960
0.282155,-0.338017,-0.476886
0.278446,-0.338033,-0.480644
0.276596,-0.338653,-0.482256
0.272341,-0.339183,-0.484097
0.268403,-0.340835,-0.486675
0.262156,-0.343243,-0.490632
0.260735,-0.343220,-0.492521
0.257118,-0.345480,-0.496667
0.250678,-0.348855,-0.500391
0.245349,-0.352930,-0.501889
0.451992,-0.475253,-0.459808
0.462359,-0.464379,-0.451248
0.461804,-0.460331,-0.448664
0.464546,-0.456069,-0.444511
0.465860,-0.450737,-0.440180
0.465512,-0.448241,-0.441512
0.467394,-0.446387,-0.436637
0.467223,-0.442136,-0.437529
0.468704,-0.440956,-0.434329
0.468136,-0.437644,-0.432408
0.468490,-0.434795,-0.433242
0.468874,-0.431489,-0.431965
0.470000,-0.428496,-0.428048
0.469621,-0.427995,-0.428686
0.468080,-0.426681,-0.430515
0.467009,-0.423372,-0.427357
0.469283,-0.420283,-0.425061
0.468661,-0.417286,-0.424865
0.469004,-0.415141,-0.422455
0.466372,-0.413729,-0.421869
0.467732,-0.410652,-0.420791
0.467403,-0.407740,-0.421479
0.466743,-0.407055,-0.420917
0.466400,-0.407710,-0.418404
0.465247,-0.404307,-0.416897
0.464900,-0.404767,-0.418228
0.465890,-0.399744,-0.416946
0.464764,-0.399570,-0.417580
0.464927,-0.398285,-0.417751
0.463179,-0.397448,-0.416935
0.464608,-0.393150,-0.415994
0.461550,-0.393539,-0.414965
0.461338,-0.392609,-0.413899
0.461006,-0.388556,-0.413516
0.459899,-0.388456,-0.413166
0.460189,-0.388402,-0.412344
0.458485,-0.384236,-0.413208
0.458040,-0.384680,-0.410780
0.456892,-0.381282,-0.412808
0.455833,-0.379535,-0.411445
0.455218,-0.379325,-0.411330
0.455600,-0.379151,-0.412208
0.453699,-0.376584,-0.411890
0.452956,-0.376219,-0.411211
0.452420,-0.376373,-0.411794
0.453386,-0.373237,-0.410875
0.449398,-0.372400,-0.411148
0.447978,-0.371248,-0.410350
0.447819,-0.369515,-0.412313
0.447987,-0.368872,-0.411508
0.445667,-0.368819,-0.410700
0.445725,-0.365085,-0.411679
0.444362,-0.366256,-0.410024
0.442250,-0.363266,-0.410268
0.440231,-0.362132,-0.408707
0.441703,-0.360827,-0.409090
0.437039,-0.359749,-0.410020
0.437014,-0.359680,-0.410195
0.435854,-0.360219,-0.410392
0.435505,-0.358760,-0.409617
0.435349,-0.355581,-0.412871
0.435129,-0.355013,-0.411953
0.434484,-0.352377,-0.410678
0.432719,-0.353057,-0.410665
0.430236,-0.351051,-0.409983
0.429587,-0.351855,-0.410504
0.426390,-0.348476,-0.411497
0.426686,-0.348313,-0.413277
0.426137,-0.348406,-0.411622
0.423257,-0.346816,-0.411350
0.422650,-0.344840,-0.410304
0.421341,-0.345219,-0.410760
0.419108,-0.344163,-0.412211
0.418887,-0.340957,-0.410657
0.417381,-0.343205,-0.413651
0.414537,-0.340438,-0.411828
0.414240,-0.338996,-0.413184
0.410921,-0.338103,-0.413277
0.411171,-0.336791,-0.413940
0.411009,-0.337014,-0.410455
0.408979,-0.336653,-0.415463
0.405862,-0.335099,-0.411767
0.405786,-0.336219,-0.413636
0.404133,-0.333557,-0.416139
0.402168,-0.333849,-0.413252
0.400438,-0.332900,-0.415292
0.399579,-0.332203,-0.415794
0.400935,-0.330755,-0.416501
0.397867,-0.330515,-0.417278
0.394373,-0.329962,-0.416834
0.393917,-0.328141,-0.417617
0.394562,-0.327369,-0.417322
0.390329,-0.329419,-0.417990
0.389853,-0.326113,-0.418610
0.389562,-0.325812,-0.421737
0.384955,-0.326988,-0.418932
0.384444,-0.325100,-0.421052
0.383889,-0.323903,-0.421440
0.380769,-0.323677,-0.420119
0.379722,-0.324111,-0.420973
0.376548,-0.323431,-0.424428
0.375220,-0.324787,-0.425911
0.373793,-0.323971,-0.425059
0.369558,-0.324319,-0.424977
0.367292,-0.323276,-0.427266
0.367399,-0.323126,-0.428537
0.363634,-0.324596,-0.429322
0.362821,-0.323558,-0.429225
0.360476,-0.323107,-0.430064
0.357566,-0.323811,-0.432725
0.355408,-0.319450,-0.434113
0.355665,-0.322567,-0.434298
0.351856,-0.323021,-0.433264
0.349182,-0.321482,-0.434881
0.345872,-0.322297,-0.435442
0.345587,-0.322103,-0.435513
0.342825,-0.322068,-0.438830
0.341428,-0.319872,-0.439023
0.338136,-0.319902,-0.440526
0.335601,-0.323407,-0.442861
0.333192,-0.321980,-0.444776
0.332404,-0.321809,-0.444421
0.328837,-0.322274,-0.445083
0.324458,-0.322019,-0.447782
0.320681,-0.322575,-0.451224
0.317836,-0.324957,-0.453669
0.312096,-0.325224,-0.454882
0.308432,-0.327574,-0.457945
0.306102,-0.328741,-0.462571
0.300180,-0.332572,-0.464520
0.296003,-0.333165,-0.467558
0.294552,-0.334330,-0.469489
0.289686,-0.335662,-0.471870
0.284135,-0.336380,-0.474264
0.281468,-0.339563,-0.476544
0.279508,-0.340185,-0.479076
0.275849,-0.340871,-0.480549
0.272415,-0.341484,-0.482816
0.268172,-0.341871,-0.486341
0.263293,-0.343498,-0.487880
0.259824,-0.346325,-0.493059
0.256317,-0.348083,-0.495990
0.250247,-0.352100,-0.499038
0.244712,-0.351915,-0.501539
0.460236,-0.467862,-0.452420
0.460314,-0.465685,-0.448670
0.462913,-0.459676,-0.444136
0.464824,-0.453902,-0.441830
0.467165,-0.452416,-0.440472
0.465929,-0.449045,-0.437832
0.465529,-0.448000,-0.436040
0.467975,-0.444196,-0.433452
0.467957,-0.440284,-0.435915
0.468678,-0.438390,-0.432308
0.466214,-0.433971,-0.429033
0.468815,-0.432884,-0.429202
0.467631,-0.428985,-0.429672
0.470105,-0.428342,-0.424946
0.468874,-0.426414,-0.425517
0.467459,-0.422599,-0.424940
0.467625,-0.422128,-0.424258
0.467109,-0.418809,-0.423836
0.466736,-0.417115,-0.422165
0.466235,-0.415559,-0.421854
0.468781,-0.412095,-0.421708
0.468646,-0.412057,-0.417544
0.466797,-0.409664,-0.419893
0.466498,-0.407646,-0.419449
0.465607,-0.406555,-0.417829
0.464741,-0.405538,-0.417149
0.466191,-0.402387,-0.416067
0.464453,-0.401361,-0.416414
0.462702,-0.399178,-0.415907
0.462792,-0.398513,-0.415831
0.461888,-0.396641,-0.415152
0.463336,-0.393309,-0.414103
0.458665,-0.393312,-0.414660
0.461418,-0.392673,-0.414120
0.460096,-0.389062,-0.413869
0.459009,-0.387898,-0.413764
0.456889,-0.386614,-0.412190
0.457839,-0.384204,-0.411187
0.457538,-0.382718,-0.410961
0.455514,-0.383436,-0.410463
0.454601,-0.380565,-0.410250
0.453522,-0.379723,-0.410435
0.452667,-0.379086,-0.411423
0.451390,-0.377803,-0.409953
0.451614,-0.377196,-0.410540
0.449273,-0.374449,-0.411699
0.447750,-0.374156,-0.409327
0.445146,-0.373105,-0.407720
0.446673,-0.371890,-0.410133
0.446808,-0.370648,-0.409749
0.444775,-0.368220,-0.409939
0.443316,-0.368087,-0.410517
0.440850,-0.367578,-0.410218
0.440862,-0.366895,-0.412447
0.440418,-0.363494,-0.409802
0.440035,-0.362507,-0.410612
0.437323,-0.361857,-0.409681
0.434257,-0.363056,-0.408039
0.433211,-0.359251,-0.408308
0.433127,-0.358328,-0.410817
0.432924,-0.358138,-0.410618
0.430950,-0.356148,-0.409331
0.429419,-0.355347,-0.411471
0.428146,-0.354008,-0.410504
0.429097,-0.352361,-0.411888
0.426870,-0.352913,-0.410655
0.425987,-0.351393,-0.411174
0.425152,-0.348435,-0.408921
0.422290,-0.351831,-0.411288
0.422942,-0.348884,-0.409025
0.420649,-0.348200,-0.411191
0.420775,-0.344655,-0.411661
0.418836,-0.347038,-0.411307
0.417447,-0.343046,-0.412820
0.415682,-0.343519,-0.411818
0.415104,-0.341732,-0.410890
0.412725,-0.341543,-0.410643
0.412710,-0.340828,-0.411870
0.410319,-0.340877,-0.412062
0.409903,-0.339712,-0.412605
0.408253,-0.337278,-0.415277
0.405455,-0.338183,-0.414255
0.404070,-0.336075,-0.412723
0.402891,-0.335335,-0.413450
0.401634,-0.335024,-0.414210
0.400610,-0.333540,-0.413733
0.398894,-0.331163,-0.412856
0.396606,-0.334435,-0.413549
0.395186,-0.331962,-0.416736
0.395264,-0.330630,-0.415280
0.392556,-0.329864,-0.414893
0.391047,-0.330778,-0.416266
0.389431,-0.329262,-0.416501
0.388358,-0.326996,-0.415943
0.385334,-0.327218,-0.419302
0.384140,-0.326485,-0.420012
0.385116,-0.328368,-0.420894
0.382302,-0.327277,-0.421428
0.379078,-0.326280,-0.420697
0.378357,-0.324575,-0.421868
0.374545,-0.324179,-0.422936
0.372552,-0.327454,-0.424629
0.373136,-0.323830,-0.424996
0.368204,-0.325082,-0.426604
0.367140,-0.325600,-0.425944
0.363795,-0.323832,-0.428646
0.361320,-0.324129,-0.429664
0.360149,-0.325028,-0.431046
0.357309,-0.323526,-0.429265
0.355315,-0.323858,-0.430759
0.354287,-0.323171,-0.430097
0.351187,-0.322263,-0.432105
0.351213,-0.323016,-0.433353
0.348862,-0.322587,-0.435438
0.345716,-0.321798,-0.434576
0.346017,-0.321685,-0.436868
0.342458,-0.322320,-0.436284
0.339190,-0.323423,-0.438298
0.337677,-0.321634,-0.439606
0.334264,-0.322981,-0.440147
0.331712,-0.324633,-0.444474
0.328838,-0.323255,-0.443420
0.327190,-0.322038,-0.447212
0.322933,-0.323717,-0.447307
0.321122,-0.323926,-0.449143
0.318157,-0.324584,-0.450865
0.311886,-0.327162,-0.455941
0.309250,-0.329629,-0.457581
0.303151,-0.331556,-0.460775
0.299319,-0.331944,-0.463984
0.295243,-0.334147,-0.466674
0.293010,-0.335537,-0.468371
0.287666,-0.337771,-0.470391
0.282620,-0.336294,-0.474806
0.278910,-0.339888,-0.475200
0.278222,-0.341545,-0.477787
0.273795,-0.339629,-0.482098
0.269911,-0.341908,-0.482585
0.266289,-0.342999,-0.485920
0.262966,-0.344223,-0.485318
0.258489,-0.345632,-0.490519
0.253559,-0.347936,-0.492381
0.248673,-0.351287,-0.496855
0.245891,-0.352575,-0.500951
0.454050,-0.476048,-0.455909
0.459186,-0.469773,-0.450434
0.461067,-0.461877,-0.445658
0.463229,-0.459562,-0.441117
0.466067,-0.455002,-0.438953
0.466056,-0.452180,-0.437410
0.464754,-0.450425,-0.439596
0.466665,-0.447573,-0.433362
0.468915,-0.444163,-0.434009
0.468077,-0.440683,-0.432923
0.466707,-0.437467,-0.431279
0.468210,-0.435255,-0.430153
0.467531,-0.434292,-0.426259
0.468750,-0.430278,-0.427529
0.468981,-0.429985,-0.426403
0.469665,-0.427259,-0.425306
0.467520,-0.425452,-0.424255
0.468901,-0.421732,-0.422425
0.468696,-0.421510,-0.421550
0.467291,-0.418795,-0.420744
0.465370,-0.417018,-0.418692
0.466633,-0.415348,-0.420861
0.465097,-0.413423,-0.417687
0.465918,-0.411610,-0.418447
0.462960,-0.410142,-0.419081
0.463947,-0.406991,-0.418342
0.464973,-0.405555,-0.415178
0.463568,-0.403748,-0.414510
0.465247,-0.402467,-0.413937
0.462048,-0.398244,-0.414117
0.460697,-0.396782,-0.412157
0.460642,-0.397568,-0.411770
0.460571,-0.395010,-0.413286
0.459601,-0.393712,-0.412534
0.458834,-0.391521,-0.412559
0.458353,-0.389096,-0.410871
0.456288,-0.389308,-0.412042
0.456528,-0.388188,-0.411619
0.455866,-0.387423,-0.410517
0.455176,-0.384834,-0.410812
0.453079,-0.384924,-0.410366
0.453243,-0.381977,-0.409811
0.451313,-0.379569,-0.410231
0.454399,-0.379211,-0.409727
0.451404,-0.378020,-0.410052
0.451023,-0.376193,-0.409738
0.446693,-0.376011,-0.410306
0.448255,-0.372836,-0.409912
0.446201,-0.372755,-0.408303
0.445335,-0.372536,-0.407288
0.443508,-0.371137,-0.408238
0.443024,-0.370340,-0.409194
0.441312,-0.370071,-0.410663
0.439674,-0.368207,-0.408678
0.439865,-0.366806,-0.409391
0.436645,-0.365297,-0.408199
0.438071,-0.363895,-0.409715
0.435415,-0.361532,-0.409233
0.434421,-0.362918,-0.408304
0.433357,-0.362020,-0.407628
0.431014,-0.361745,-0.409331
0.430561,-0.356964,-0.408255
0.430753,-0.358497,-0.409907
0.429128,-0.357945,-0.409626
0.427769,-0.358352,-0.409456
0.426604,-0.355497,-0.409900
0.424436,-0.353813,-0.409578
0.424150,-0.354223,-0.408447
0.422076,-0.352106,-0.411388
0.421027,-0.348667,-0.411227
0.420519,-0.350248,-0.409308
0.419547,-0.347294,-0.411363
0.418671,-0.348864,-0.410050
0.416593,-0.349134,-0.409731
0.415106,-0.345879,-0.409608
0.413568,-0.344522,-0.410451
0.413817,-0.344692,-0.410406
0.413412,-0.341215,-0.410600
0.412639,-0.340650,-0.411907
0.409047,-0.342039,-0.412206
0.408008,-0.341535,-0.410373
0.405171,-0.338802,-0.413192
0.405271,-0.339274,-0.413501
0.404382,-0.339196,-0.411886
0.404309,-0.337052,-0.414129
0.400928,-0.335302,-0.414617
0.398020,-0.337595,-0.415012
0.396281,-0.334809,-0.414257
0.394335,-0.333578,-0.415638
0.394435,-0.333356,-0.412106
0.391747,-0.332485,-0.414810
0.390485,-0.330628,-0.416668
0.389893,-0.330600,-0.416554
0.387060,-0.330428,-0.416017
0.385051,-0.331548,-0.418579
0.383934,-0.329480,-0.417224
0.382125,-0.329060,-0.418628
0.382000,-0.328254,-0.420293
0.381034,-0.328411,-0.420361
0.376436,-0.327160,-0.421455
0.376378,-0.327592,-0.422097
0.373888,-0.326117,-0.424253
0.370051,-0.326560,-0.423635
0.368964,-0.325901,-0.426417
0.366326,-0.324468,-0.422505
0.364832,-0.325689,-0.424756
0.362637,-0.327644,-0.427728
0.360311,-0.326427,-0.427031
0.359462,-0.325730,-0.428965
0.355640,-0.325984,-0.430235
0.355533,-0.325920,-0.429321
0.353203,-0.324436,-0.430712
0.351584,-0.324007,-0.433406
0.347430,-0.325763,-0.432986
0.346456,-0.323461,-0.434772
0.344394,-0.323452,-0.434265
0.343024,-0.325389,-0.435469
0.340130,-0.324162,-0.435140
0.340090,-0.322951,-0.438835
0.335885,-0.323115,-0.439304
0.332278,-0.323763,-0.441335
0.330239,-0.325639,-0.440815
0.327091,-0.323672,-0.442681
0.323382,-0.326193,-0.445325
0.321191,-0.324592,-0.444751
0.319310,-0.327181,-0.447551
0.314481,-0.328721,-0.450188
0.310923,-0.328423,-0.453261
0.309667,-0.331963,-0.456332
0.304430,-0.332339,-0.457849
0.297548,-0.332345,-0.463607
0.292204,-0.335340,-0.466150
0.289215,-0.338454,-0.470103
0.284008,-0.338904,-0.471300
0.278717,-0.340103,-0.473787
0.278222,-0.339693,-0.475171
0.274280,-0.342050,-0.478190
0.271695,-0.341875,-0.478092
0.267547,-0.342447,-0.481356
0.265066,-0.345591,-0.484873
0.260966,-0.346886,-0.486967
0.257399,-0.347185,-0.489670
0.254219,-0.349251,-0.491696
0.249139,-0.350544,-0.497274
0.242997,-0.354938,-0.500344
0.236630,-0.356489,-0.501929
0.457657,-0.472324,-0.450264
0.460063,-0.468150,-0.447506
0.463619,-0.464878,-0.442305
0.464366,-0.459005,-0.438165
0.463176,-0.456493,-0.437290
0.464230,-0.451057,-0.436811
0.464512,-0.451375,-0.433674
0.465422,-0.448212,-0.434311
0.467427,-0.445992,-0.431496
0.466738,-0.441998,-0.429403
0.466392,-0.440629,-0.429591
0.466590,-0.437890,-0.429179
0.467318,-0.434864,-0.427835
0.467090,-0.432246,-0.422903
0.467418,-0.430022,-0.425334
0.466389,-0.427772,-0.423883
0.465481,-0.423969,-0.423066
0.465865,-0.424768,-0.422149
0.466114,-0.420166,-0.421908
0.464851,-0.417238,-0.420722
0.465487,-0.415911,-0.418591
0.465986,-0.414979,-0.418941
0.463062,-0.413530,-0.419461
0.465201,-0.410615,-0.416538
0.464487,-0.410256,-0.414552
0.465129,-0.408346,-0.414720
0.464344,-0.406803,-0.415273
0.461710,-0.404637,-0.413859
0.462609,-0.401345,-0.413863
0.462282,-0.402030,-0.412892
0.460451,-0.399327,-0.412474
0.458828,-0.398151,-0.412453
0.459315,-0.395814,-0.413696
0.457975,-0.394365,-0.411606
0.459265,-0.393888,-0.411123
0.457082,-0.393034,-0.410266
0.456843,-0.390687,-0.410677
0.454883,-0.390608,-0.411483
0.454438,-0.388198,-0.409343
0.454240,-0.387459,-0.409461
0.451870,-0.385316,-0.409700
0.452728,-0.383552,-0.409443
0.449387,-0.380782,-0.409385
0.451505,-0.381466,-0.408163
0.449049,-0.380155,-0.407136
0.448616,-0.378107,-0.407388
0.445214,-0.376611,-0.408446
0.445624,-0.375167,-0.407931
0.444702,-0.374795,-0.407157
0.445031,-0.374636,-0.408081
0.442526,-0.372674,-0.408167
0.442909,-0.371801,-0.407445
0.443405,-0.370599,-0.407102
0.438395,-0.369825,-0.407463
0.437448,-0.369481,-0.407740
0.436559,-0.367653,-0.408183
0.435480,-0.367573,-0.408202
0.434660,-0.364142,-0.408336
0.433601,-0.364860,-0.408193
0.430697,-0.363119,-0.409035
0.431569,-0.361727,-0.407015
0.429207,-0.359033,-0.406335
0.427379,-0.360091,-0.409389
0.426100,-0.358571,-0.410365
0.425861,-0.359640,-0.409742
0.424589,-0.357230,-0.408625
0.423428,-0.354516,-0.411784
0.421505,-0.353930,-0.410916
0.421344,-0.353663,-0.408802
0.421263,-0.353420,-0.408736
0.418121,-0.351254,-0.409752
0.419738,-0.350598,-0.412284
0.417185,-0.348314,-0.408685
0.413745,-0.348927,-0.408393
0.413995,-0.347741,-0.411263
0.411282,-0.346409,-0.410141
0.411949,-0.344517,-0.410499
0.409819,-0.345773,-0.410654
0.408734,-0.343935,-0.411849
0.408434,-0.344121,-0.409531
0.405798,-0.341910,-0.411269
0.404575,-0.341311,-0.410467
0.404507,-0.338829,-0.410539
0.400658,-0.338268,-0.412176
0.399799,-0.337898,-0.412214
0.397933,-0.337585,-0.414455
0.396883,-0.337002,-0.412199
0.396216,-0.335369,-0.411588
0.394999,-0.334644,-0.415142
0.392135,-0.334654,-0.413077
0.391808,-0.334541,-0.414417
0.388473,-0.332279,-0.416714
0.388305,-0.331912,-0.416168
0.387100,-0.331594,-0.414307
0.385189,-0.331085,-0.417852
0.382400,-0.330998,-0.416869
0.380844,-0.330077,-0.417911
0.378594,-0.331906,-0.418437
0.376257,-0.329934,-0.419946
0.374231,-0.330494,-0.418476
0.373131,-0.329572,-0.420932
0.371057,-0.328065,-0.421297
0.368317,-0.328187,-0.423047
0.367783,-0.328026,-0.423029
0.364167,-0.326494,-0.423398
0.362286,-0.328239,-0.426440
0.361959,-0.329179,-0.425812
0.359413,-0.326105,-0.426588
0.357333,-0.326629,-0.426712
0.353744,-0.325595,-0.427819
0.355006,-0.327613,-0.429688
0.350411,-0.324717,-0.431268
0.349932,-0.327894,-0.431135
0.346179,-0.325342,-0.433536
0.345393,-0.325097,-0.432938
0.341729,-0.326494,-0.431599
0.342277,-0.325870,-0.435747
0.338094,-0.324599,-0.436503
0.335631,-0.324269,-0.436959
0.332847,-0.324411,-0.437181
0.331598,-0.327143,-0.440078
0.329270,-0.326075,-0.440165
0.324730,-0.323495,-0.441947
0.323362,-0.325847,-0.443453
0.320351,-0.326581,-0.446242
0.314306,-0.325960,-0.446281
0.313737,-0.328755,-0.450167
0.310056,-0.329320,-0.451865
0.305433,-0.330567,-0.457110
0.300170,-0.332678,-0.460266
0.296780,-0.336277,-0.463538
0.292318,-0.336930,-0.465494
0.289225,-0.338439,-0.467347
0.284671,-0.341923,-0.471267
0.280482,-0.339403,-0.473040
0.277670,-0.342274,-0.474837
0.273647,-0.343290,-0.478347
0.271937,-0.343211,-0.480078
0.267590,-0.343004,-0.480823
0.261469,-0.346457,-0.482483
0.259596,-0.348056,-0.486425
0.256228,-0.348473,-0.488781
0.251811,-0.349950,-0.490564
0.247481,-0.351563,-0.494540
0.242522,-0.353773,-0.497462
0.237243,-0.355342,-0.501659
0.455556,-0.478319,-0.452788
0.460193,-0.471366,-0.446820
0.459205,-0.469473,-0.443557
0.463714,-0.462219,-0.440885
0.464093,-0.460713,-0.436922
0.464312,-0.456587,-0.436081
0.464505,-0.454543,-0.435015
0.465571,-0.450177,-0.432692
0.467454,-0.446547,-0.431014
0.465581,-0.445197,-0.426561
0.463605,-0.443325,-0.427830
0.466466,-0.440943,-0.428238
0.465511,-0.437948,-0.426799
0.466550,-0.435875,-0.425005
0.465188,-0.432856,-0.425601
0.466340,-0.430430,-0.421423
0.466052,-0.426915,-0.420647
0.465579,-0.425517,-0.420585
0.462871,-0.423918,-0.419247
0.464276,-0.421480,-0.418011
0.464722,-0.419092,-0.419523
0.464155,-0.417880,-0.417470
0.464624,-0.418062,-0.416521
0.463884,-0.413065,-0.413948
0.461479,-0.410737,-0.416141
0.463718,-0.410073,-0.414841
0.463909,-0.409626,-0.412394
0.461548,-0.409134,-0.412742
0.462402,-0.404322,-0.413492
0.459647,-0.402582,-0.413233
0.460520,-0.401570,-0.411353
0.457651,-0.402279,-0.410852
0.459513,-0.399467,-0.411536
0.456645,-0.396718,-0.412992
0.456691,-0.397579,-0.409329
0.456484,-0.396679,-0.408865
0.454024,-0.391793,-0.409564
0.457741,-0.391728,-0.410366
0.453695,-0.389444,-0.407828
0.453004,-0.389384,-0.408929
0.451008,-0.385674,-0.407901
0.451118,-0.385510,-0.408237
0.448275,-0.383871,-0.408061
0.449216,-0.383289,-0.408681
0.448388,-0.382479,-0.407209
0.447291,-0.381266,-0.405983
0.446916,-0.380509,-0.406158
0.445454,-0.377885,-0.407833
0.443728,-0.377854,-0.409623
0.442698,-0.376131,-0.407691
0.441891,-0.377466,-0.406751
0.443007,-0.373927,-0.407713
0.439520,-0.372307,-0.408254
0.439304,-0.371970,-0.406086
0.434245,-0.372278,-0.408406
0.435728,-0.369684,-0.406932
0.434996,-0.369970,-0.407850
0.434170,-0.368395,-0.407626
0.433510,-0.366516,-0.407355
0.431424,-0.364068,-0.409376
0.428050,-0.366100,-0.408414
0.426577,-0.363394,-0.409246
0.429215,-0.362090,-0.409983
0.425871,-0.360686,-0.408027
0.425998,-0.360657,-0.407844
0.425343,-0.358938,-0.409126
0.424109,-0.358288,-0.408408
0.422301,-0.358159,-0.407453
0.422022,-0.356983,-0.409279
0.420633,-0.355008,-0.409695
0.418711,-0.353442,-0.411038
0.417177,-0.354219,-0.409584
0.414898,-0.352441,-0.407537
0.415812,-0.351101,-0.409242
0.412719,-0.350159,-0.407829
0.411893,-0.347886,-0.410050
0.410341,-0.348078,-0.409418
0.409548,-0.346863,-0.411557
0.407687,-0.347071,-0.410490
0.405872,-0.344974,-0.409248
0.407448,-0.343015,-0.410365
0.403079,-0.343340,-0.410787
0.403842,-0.342435,-0.408566
0.401352,-0.342105,-0.411257
0.400530,-0.340817,-0.411363
0.398055,-0.340946,-0.412410
0.398649,-0.337982,-0.410757
0.394522,-0.339209,-0.411919
0.394617,-0.337614,-0.413075
0.394558,-0.338316,-0.411732
0.391243,-0.337307,-0.412949
0.391283,-0.335872,-0.413473
0.389923,-0.334228,-0.413171
0.386025,-0.334287,-0.414290
0.386413,-0.333410,-0.413611
0.384800,-0.332133,-0.416477
0.380267,-0.335224,-0.416355
0.378260,-0.332242,-0.416828
0.377901,-0.331624,-0.417694
0.375536,-0.331910,-0.418450
0.375361,-0.329917,-0.421257
0.371380,-0.330093,-0.420850
0.370580,-0.329559,-0.422399
0.366508,-0.330838,-0.422158
0.365791,-0.328923,-0.422193
0.364717,-0.329559,-0.423950
0.361006,-0.329709,-0.423996
0.358529,-0.329175,-0.425349
0.356842,-0.329779,-0.427015
0.356014,-0.328469,-0.428074
0.354155,-0.328561,-0.427743
0.353301,-0.328745,-0.427877
0.349741,-0.328962,-0.429297
0.346273,-0.328149,-0.429302
0.346056,-0.328299,-0.431479
0.343383,-0.326647,-0.432735
0.341928,-0.326593,-0.432604
0.340335,-0.328081,-0.434199
0.335450,-0.325461,-0.435101
0.336870,-0.325738,-0.436808
0.331318,-0.325755,-0.437624
0.329813,-0.326379,-0.438338
0.327288,-0.327018,-0.441731
0.326085,-0.328013,-0.441678
0.322912,-0.328526,-0.441602
0.319062,-0.327560,-0.445036
0.316704,-0.331243,-0.447451
0.312158,-0.328750,-0.449903
0.308509,-0.331178,-0.452015
0.304245,-0.334446,-0.454194
0.298063,-0.337141,-0.456902
0.294460,-0.337532,-0.460341
0.290463,-0.339476,-0.465438
0.285399,-0.340666,-0.466255
0.284585,-0.340912,-0.468716
0.277591,-0.342132,-0.471625
0.273737,-0.344383,-0.475360
0.272786,-0.345364,-0.475752
0.267764,-0.344913,-0.477375
0.265918,-0.348401,-0.479819
0.261405,-0.348091,-0.481398
0.256565,-0.349520,-0.484631
0.255026,-0.352174,-0.489774
0.250780,-0.350627,-0.489616
0.246163,-0.353538,-0.492241
0.241014,-0.353800,-0.496213
0.235408,-0.357228,-0.497471
0.444628,-0.490275,-0.458784
0.455638,-0.476971,-0.447375
0.458155,-0.469848,-0.444557
0.461002,-0.467025,-0.440667
0.461583,-0.464888,-0.439018
0.465867,-0.459819,-0.437022
0.462584,-0.457797,-0.435428
0.464250,-0.453819,-0.433925
0.465415,-0.450766,-0.431178
0.466361,-0.446445,-0.428890
0.465006,-0.446779,-0.427242
0.464643,-0.444257,-0.427197
0.464600,-0.439006,-0.425886
0.464998,-0.437808,-0.425694
0.464122,-0.435552,-0.423411
0.465440,-0.432479,-0.423481
0.465130,-0.432597,-0.420540
0.462861,-0.430333,-0.420843
0.463046,-0.426741,-0.419884
0.465125,-0.423637,-0.417802
0.464267,-0.421686,-0.414841
0.464509,-0.421455,-0.416510
0.464143,-0.419177,-0.415968
0.464014,-0.419125,-0.417202
0.463092,-0.413189,-0.415698
0.462724,-0.412944,-0.414183
0.463577,-0.412383,-0.412381
0.462032,-0.408471,-0.413805
0.461240,-0.407641,-0.413011
0.458890,-0.406881,-0.412726
0.459027,-0.406558,-0.410001
0.459118,-0.404410,-0.411875
0.457590,-0.401466,-0.410604
0.458456,-0.401162,-0.409348
0.455975,-0.397848,-0.407530
0.457092,-0.397752,-0.408855
0.456835,-0.395015,-0.408704
0.455603,-0.393986,-0.410309
0.452965,-0.392482,-0.407602
0.453711,-0.391126,-0.407865
0.452432,-0.390717,-0.407159
0.450976,-0.389023,-0.409948
0.451359,-0.387468,-0.408405
0.447243,-0.385887,-0.405927
0.447250,-0.387395,-0.407739
0.446720,-0.384111,-0.407659
0.447043,-0.381490,-0.407927
0.446432,-0.381146,-0.408035
0.445242,-0.380950,-0.405523
0.444073,-0.378233,-0.404854
0.442520,-0.378099,-0.406358
0.441432,-0.376750,-0.405424
0.439359,-0.373944,-0.406873
0.436291,-0.373145,-0.406489
0.436972,-0.372294,-0.407309
0.435708,-0.372039,-0.405362
0.435318,-0.369581,-0.408285
0.433387,-0.370733,-0.405774
0.431949,-0.371410,-0.408707
0.432796,-0.367922,-0.407500
0.430497,-0.368311,-0.406922
0.429136,-0.365312,-0.406905
0.428042,-0.365363,-0.406644
0.426573,-0.364121,-0.407615
0.424751,-0.363491,-0.406651
0.425820,-0.361364,-0.408088
0.422394,-0.359898,-0.408844
0.422629,-0.360364,-0.409230
0.422424,-0.359074,-0.406296
0.419721,-0.358528,-0.408569
0.418046,-0.356633,-0.407129
0.417158,-0.354233,-0.408679
0.415751,-0.356230,-0.406469
0.414916,-0.351354,-0.408094
0.413490,-0.350597,-0.409107
0.412264,-0.351315,-0.407316
0.410773,-0.350284,-0.407174
0.408904,-0.350493,-0.407732
0.406766,-0.349280,-0.408737
0.408142,-0.348650,-0.408648
0.405583,-0.347995,-0.409977
0.404050,-0.345449,-0.409365
0.402434,-0.345027,-0.410285
0.399860,-0.343296,-0.409084
0.399943,-0.343756,-0.410703
0.398839,-0.341916,-0.410776
0.399294,-0.341004,-0.412239
0.395502,-0.339918,-0.411187
0.394403,-0.338661,-0.411537
0.394374,-0.339849,-0.412900
0.392946,-0.337680,-0.413494
0.389074,-0.336553,-0.411388
0.389444,-0.339173,-0.412380
0.386422,-0.337073,-0.414044
0.384360,-0.335355,-0.414477
0.382749,-0.334988,-0.416754
0.381635,-0.335786,-0.414443
0.379639,-0.333879,-0.414304
0.378148,-0.333774,-0.414871
0.376280,-0.332903,-0.417751
0.374440,-0.333506,-0.417383
0.371692,-0.332878,-0.418002
0.371374,-0.333152,-0.420818
0.368763,-0.330495,-0.421593
0.365290,-0.332391,-0.423263
0.364289,-0.330544,-0.421408
0.362932,-0.333031,-0.421827
0.358554,-0.330613,-0.423847
0.355725,-0.332017,-0.424573
0.355968,-0.331923,-0.426446
0.352993,-0.330512,-0.426573
0.350347,-0.331264,-0.428297
0.349720,-0.329795,-0.425947
0.348018,-0.329874,-0.430053
0.346511,-0.330021,-0.431496
0.342479,-0.327697,-0.428973
0.342542,-0.328507,-0.431858
0.339865,-0.327593,-0.433305
0.338270,-0.326869,-0.434058
0.336384,-0.329208,-0.433948
0.332832,-0.327550,-0.434874
0.331549,-0.326485,-0.435685
0.327658,-0.326569,-0.436658
0.325677,-0.327775,-0.438036
0.322116,-0.327717,-0.441598
0.323133,-0.327086,-0.442973
0.318049,-0.327741,-0.445356
0.311910,-0.329432,-0.445439
0.311175,-0.332182,-0.447916
0.305845,-0.331888,-0.450040
0.302663,-0.334582,-0.453618
0.298943,-0.336822,-0.460338
0.293212,-0.340448,-0.459091
0.289512,-0.343509,-0.463384
0.283295,-0.340278,-0.466317
0.282408,-0.343154,-0.469930
0.277293,-0.343623,-0.472379
0.274700,-0.348348,-0.473569
0.269161,-0.347911,-0.474733
0.268230,-0.348068,-0.477726
0.261948,-0.349177,-0.478893
0.260436,-0.347924,-0.481210
0.255226,-0.352075,-0.483980
0.250688,-0.352696,-0.487207
0.248896,-0.352760,-0.488872
0.244615,-0.353043,-0.489230
0.241182,-0.356941,-0.495633
0.234185,-0.358294,-0.500845
0.453347,-0.479291,-0.448560
0.457406,-0.473808,-0.445158
0.459001,-0.471039,-0.442049
0.459580,-0.465535,-0.437307
0.463948,-0.463146,-0.435854
0.462293,-0.457951,-0.434783
0.462216,-0.457569,-0.433660
0.462782,-0.455109,-0.431369
0.462974,-0.452191,-0.431587
0.463665,-0.446871,-0.425578
0.465583,-0.447016,-0.425683
0.463882,-0.443648,-0.425954
0.465208,-0.439864,-0.423595
0.463465,-0.439071,-0.422919
0.464417,-0.437056,-0.421411
0.463165,-0.434626,-0.421541
0.465682,-0.431509,-0.418417
0.463338,-0.429987,-0.419320
0.464128,-0.427600,-0.419247
0.463963,-0.426129,-0.417866
0.464202,-0.423185,-0.416113
0.463361,-0.421621,-0.416354
0.463488,-0.420496,-0.414867
0.461911,-0.417927,-0.415009
0.462441,-0.416264,-0.415017
0.460466,-0.414633,-0.413124
0.460641,-0.413523,-0.414207
0.461466,-0.412085,-0.413015
0.460567,-0.408720,-0.411027
0.459453,-0.406164,-0.411916
0.458448,-0.407185,-0.409851
0.458553,-0.406488,-0.410417
0.458076,-0.402200,-0.408353
0.456730,-0.401776,-0.407719
0.455778,-0.399555,-0.409286
0.453507,-0.398750,-0.410158
0.456004,-0.396596,-0.408129
0.455110,-0.396666,-0.409041
0.452992,-0.393552,-0.407363
0.453208,-0.393778,-0.407171
0.450628,-0.390790,-0.405953
0.449283,-0.390297,-0.406684
0.447914,-0.388697,-0.407669
0.448297,-0.388788,-0.405445
0.446981,-0.386074,-0.406265
0.445484,-0.385274,-0.406353
0.444446,-0.383701,-0.405691
0.446641,-0.382916,-0.405446
0.442109,-0.380020,-0.406864
0.439387,-0.378667,-0.406643
0.441115,-0.378970,-0.406470
0.438584,-0.376715,-0.404998
0.437862,-0.375257,-0.406264
0.437079,-0.376069,-0.406751
0.434806,-0.375529,-0.407094
0.435838,-0.375267,-0.404506
0.432963,-0.372676,-0.406735
0.433019,-0.373191,-0.405358
0.432489,-0.373075,-0.406435
0.429617,-0.368889,-0.407106
0.428570,-0.367277,-0.406147
0.427603,-0.367572,-0.407397
0.426587,-0.366736,-0.406611
0.426631,-0.367483,-0.406386
0.423526,-0.364072,-0.405587
0.423074,-0.362193,-0.406472
0.420537,-0.361868,-0.407358
0.418102,-0.361720,-0.406901
0.418407,-0.361054,-0.407055
0.417195,-0.358925,-0.407519
0.415835,-0.358254,-0.406092
0.414621,-0.356661,-0.405958
0.413670,-0.356623,-0.406610
0.412755,-0.355683,-0.406667
0.412186,-0.355123,-0.407801
0.410681,-0.352434,-0.408797
0.408957,-0.353022,-0.408838
0.408699,-0.348546,-0.407957
0.404624,-0.350689,-0.407658
0.406145,-0.349849,-0.409289
0.405036,-0.348924,-0.407426
0.402740,-0.346901,-0.409622
0.402440,-0.349449,-0.409181
0.400499,-0.344955,-0.408908
0.398767,-0.345126,-0.409612
0.397186,-0.342618,-0.409223
0.396647,-0.344122,-0.411727
0.394476,-0.341325,-0.407624
0.392686,-0.340737,-0.409349
0.392521,-0.340897,-0.411242
0.389803,-0.337937,-0.411573
0.389204,-0.336529,-0.411444
0.387168,-0.337838,-0.411669
0.386377,-0.337771,-0.412895
0.382385,-0.339723,-0.411404
0.382714,-0.337589,-0.412773
0.380779,-0.335618,-0.413227
0.378489,-0.333892,-0.414893
0.375944,-0.334389,-0.416815
0.375771,-0.334394,-0.414921
0.372557,-0.332753,-0.416370
0.370747,-0.334007,-0.417462
0.369412,-0.337577,-0.420711
0.365831,-0.332429,-0.420786
0.364974,-0.332218,-0.420790
0.362280,-0.333071,-0.421484
0.362098,-0.333607,-0.422549
0.357103,-0.334987,-0.424919
0.355417,-0.334168,-0.424219
0.353984,-0.333293,-0.425606
0.353115,-0.329992,-0.426617
0.348212,-0.330842,-0.426179
0.350136,-0.330748,-0.427026
0.345235,-0.330941,-0.428545
0.345665,-0.330238,-0.428979
0.341956,-0.332165,-0.430684
0.340282,-0.328405,-0.431255
0.337261,-0.330297,-0.431658
0.336147,-0.328956,-0.433142
0.334335,-0.330915,-0.434631
0.332027,-0.327751,-0.433102
0.330204,-0.328649,-0.435362
0.326634,-0.329961,-0.437569
0.324142,-0.328948,-0.438574
0.321375,-0.329177,-0.439085
0.318798,-0.329935,-0.441423
0.316682,-0.332095,-0.445122
0.312646,-0.331628,-0.445462
0.309066,-0.333912,-0.449189
0.305558,-0.334870,-0.451098
0.301692,-0.335585,-0.454419
0.295871,-0.338638,-0.456685
0.292021,-0.340875,-0.460769
0.286762,-0.342528,-0.462408
0.283950,-0.345102,-0.465829
0.279198,-0.344019,-0.466978
0.275508,-0.345550,-0.470750
0.270736,-0.348572,-0.470480
0.269980,-0.348033,-0.474136
0.264848,-0.347342,-0.477815
0.259616,-0.351101,-0.479134
0.256178,-0.350982,-0.480262
0.252797,-0.353510,-0.483883
0.251739,-0.353645,-0.482871
0.248544,-0.352942,-0.485507
0.244985,-0.354116,-0.489922
0.238789,-0.356489,-0.492828
0.233071,-0.359026,-0.497674
0.444231,-0.493916,-0.458393
0.456053,-0.478514,-0.444782
0.457667,-0.475996,-0.442764
0.459025,-0.471133,-0.440357
0.459788,-0.466344,-0.436132
0.460217,-0.463938,-0.430351
0.461627,-0.459517,-0.432056
0.462715,-0.459104,-0.430566
0.464743,-0.452917,-0.427183
0.463517,-0.450696,-0.429163
0.462593,-0.450481,-0.425213
0.464995,-0.447010,-0.427737
0.464837,-0.444152,-0.423510
0.463332,-0.442138,-0.422786
0.464846,-0.440504,-0.421769
0.464789,-0.436632,-0.419549
0.465160,-0.434640,-0.418998
0.462999,-0.433662,-0.417921
0.463121,-0.431343,-0.416933
0.463830,-0.427528,-0.416486
0.463229,-0.425916,-0.416561
0.461068,-0.427055,-0.415111
0.463712,-0.423978,-0.416223
0.460157,-0.418794,-0.414891
0.461007,-0.420013,-0.411883
0.461106,-0.418116,-0.411172
0.458873,-0.415421,-0.411796
0.460135,-0.414545,-0.412256
0.459970,-0.411711,-0.409861
0.457518,-0.411928,-0.410670
0.456198,-0.409697,-0.411428
0.455766,-0.407050,-0.408758
0.456242,-0.406032,-0.406370
0.458542,-0.403294,-0.410464
0.455008,-0.403102,-0.406579
0.455590,-0.400170,-0.406317
0.453374,-0.399836,-0.408288
0.453187,-0.399725,-0.407390
0.452451,-0.395206,-0.407358
0.452223,-0.396773,-0.407414
0.451170,-0.396130,-0.405309
0.451313,-0.391456,-0.406123
0.448882,-0.389448,-0.405656
0.447482,-0.390537,-0.405007
0.446477,-0.390034,-0.404833
0.445282,-0.387968,-0.405439
0.444885,-0.386653,-0.403917
0.443952,-0.382798,-0.405565
0.442341,-0.382228,-0.404941
0.443707,-0.380411,-0.404318
0.440408,-0.381414,-0.403769
0.438360,-0.380522,-0.403620
0.436761,-0.379630,-0.405105
0.435219,-0.379155,-0.406100
0.436386,-0.377609,-0.404975
0.436068,-0.376926,-0.404709
0.434507,-0.374403,-0.403397
0.431817,-0.375259,-0.405874
0.430354,-0.372739,-0.405420
0.428389,-0.371375,-0.404657
0.429203,-0.371277,-0.404717
0.428241,-0.371050,-0.406633
0.425956,-0.367204,-0.406663
0.422326,-0.368508,-0.403825
0.424605,-0.368250,-0.405135
0.423147,-0.365386,-0.404522
0.420398,-0.365831,-0.405979
0.420490,-0.362928,-0.404685
0.418756,-0.362181,-0.405186
0.417844,-0.359703,-0.406136
0.416767,-0.358780,-0.405503
0.414814,-0.359223,-0.407243
0.414488,-0.358642,-0.407104
0.412274,-0.358268,-0.405487
0.411034,-0.355175,-0.405596
0.409709,-0.355876,-0.406851
0.411116,-0.355623,-0.407553
0.407919,-0.353045,-0.406385
0.406467,-0.353476,-0.408061
0.407528,-0.352377,-0.407523
0.404048,-0.350899,-0.407691
0.402932,-0.350901,-0.407434
0.400697,-0.348713,-0.406770
0.399947,-0.346900,-0.408619
0.399970,-0.346700,-0.408562
0.396701,-0.344368,-0.409160
0.396351,-0.344047,-0.410393
0.394564,-0.344018,-0.408288
0.391852,-0.343469,-0.409351
0.391080,-0.344256,-0.409949
0.387750,-0.344385,-0.409906
0.388793,-0.339962,-0.410565
0.387618,-0.339811,-0.410945
0.385797,-0.340673,-0.411115
0.382531,-0.339389,-0.411250
0.383570,-0.336893,-0.413087
0.379622,-0.338192,-0.413211
0.378236,-0.337266,-0.413924
0.376820,-0.336584,-0.413044
0.376129,-0.336501,-0.415212
0.372497,-0.336295,-0.415395
0.371422,-0.337406,-0.415633
0.369519,-0.333652,-0.417558
0.366607,-0.336494,-0.417632
0.363737,-0.335432,-0.419448
0.362668,-0.336019,-0.419825
0.361158,-0.334530,-0.420222
0.360176,-0.334380,-0.421138
0.357941,-0.336451,-0.423731
0.353791,-0.336862,-0.423158
0.351503,-0.332237,-0.422033
0.350690,-0.334764,-0.425379
0.347840,-0.332623,-0.426887
0.346558,-0.332374,-0.426752
0.343867,-0.332192,-0.426970
0.342868,-0.331954,-0.428794
0.340914,-0.331043,-0.429840
0.339123,-0.330720,-0.431514
0.336440,-0.332189,-0.432971
0.333777,-0.331141,-0.430944
0.332799,-0.330139,-0.433275
0.329296,-0.329779,-0.433146
0.327259,-0.331817,-0.436801
0.327245,-0.331888,-0.437162
0.322677,-0.331723,-0.437564
0.319666,-0.332534,-0.439696
0.317461,-0.331680,-0.440439
0.313353,-0.332281,-0.442707
0.311393,-0.333237,-0.444908
0.306267,-0.334881,-0.446684
0.303291,-0.334623,-0.449813
0.298900,-0.339688,-0.451184
0.294633,-0.339670,-0.455178
0.289893,-0.340484,-0.460062
0.284691,-0.345282,-0.461169
0.283381,-0.344005,-0.463155
0.279419,-0.343757,-0.467165
0.274335,-0.346928,-0.469895
0.270534,-0.348123,-0.471787
0.269437,-0.351156,-0.472530
0.264082,-0.352114,-0.475017
0.257747,-0.351135,-0.478417
0.257449,-0.352512,-0.479285
0.253097,-0.352598,-0.481534
0.250136,-0.353559,-0.484649
0.247633,-0.355106,-0.485404
0.243694,-0.354793,-0.489433
0.236675,-0.359168,-0.491881
0.231746,-0.362156,-0.494664
0.446172,-0.490635,-0.453093
0.455756,-0.479342,-0.443624
0.459025,-0.476880,-0.439702
0.460808,-0.470345,-0.438221
0.458856,-0.466939,-0.434358
0.461357,-0.464559,-0.432584
0.462073,-0.459764,-0.430837
0.461540,-0.458376,-0.430769
0.461292,-0.454712,-0.429295
0.463008,-0.453909,-0.424699
0.463839,-0.448869,-0.425634
0.462323,-0.449133,-0.424821
0.465331,-0.445967,-0.422448
0.461514,-0.443066,-0.419767
0.461682,-0.440303,-0.420714
0.462831,-0.438434,-0.418631
0.462061,-0.436387,-0.417769
0.463025,-0.433695,-0.417343
0.462731,-0.433762,-0.415985
0.462339,-0.428201,-0.416439
0.461091,-0.427945,-0.414078
0.460149,-0.425430,-0.415198
0.461344,-0.423915,-0.411735
0.462010,-0.420895,-0.413136
0.458872,-0.419171,-0.411957
0.459917,-0.419027,-0.410404
0.459608,-0.416532,-0.409482
0.459036,-0.413823,-0.410203
0.457919,-0.414732,-0.408506
0.458101,-0.410140,-0.409865
0.455921,-0.411239,-0.407500
0.456194,-0.407928,-0.406785
0.455836,-0.406342,-0.406532
0.454459,-0.406221,-0.408762
0.454181,-0.404737,-0.406869
0.454400,-0.401528,-0.406768
0.450095,-0.400874,-0.407629
0.452345,-0.398910,-0.407157
0.450353,-0.398773,-0.405506
0.450053,-0.396325,-0.406804
0.450484,-0.395385,-0.405799
0.448018,-0.393457,-0.403992
0.448793,-0.393602,-0.404755
0.446886,-0.390999,-0.404210
0.444569,-0.392410,-0.403599
0.442127,-0.388921,-0.405128
0.443224,-0.387638,-0.403529
0.441321,-0.385483,-0.404285
0.440281,-0.384397,-0.403537
0.440606,-0.383395,-0.405347
0.440551,-0.383845,-0.403185
0.436299,-0.379980,-0.404987
0.437552,-0.381274,-0.404107
0.434728,-0.379629,-0.404811
0.434763,-0.377591,-0.404162
0.433394,-0.378453,-0.403949
0.431121,-0.377081,-0.404118
0.430673,-0.373578,-0.404488
0.430032,-0.374327,-0.403597
0.428479,-0.374023,-0.404135
0.426348,-0.371502,-0.405944
0.425849,-0.371679,-0.405291
0.425208,-0.370909,-0.404936
0.423326,-0.371581,-0.405102
0.421454,-0.370326,-0.404921
0.421526,-0.367125,-0.406113
0.418266,-0.365165,-0.405704
0.418737,-0.365309,-0.406401
0.416746,-0.363671,-0.408112
0.415168,-0.361000,-0.406145
0.416132,-0.361555,-0.406627
0.413226,-0.359951,-0.406009
0.412505,-0.359421,-0.404462
0.411556,-0.359237,-0.407079
0.408370,-0.356965,-0.404890
0.409295,-0.356486,-0.404337
0.409166,-0.357065,-0.408012
0.405612,-0.355826,-0.406924
0.405330,-0.353323,-0.406074
0.404734,-0.353134,-0.405410
0.402671,-0.348769,-0.406197
0.401528,-0.351627,-0.404128
0.399616,-0.350558,-0.409058
0.397127,-0.348170,-0.406448
0.397486,-0.348383,-0.406205
0.393151,-0.349740,-0.406205
0.395065,-0.346787,-0.407004
0.393686,-0.344695,-0.408892
0.392478,-0.345414,-0.408410
0.390624,-0.344393,-0.408900
0.389441,-0.342231,-0.410268
0.387765,-0.342809,-0.409804
0.384703,-0.341603,-0.410952
0.383969,-0.339390,-0.410780
0.384553,-0.339738,-0.410801
0.380934,-0.340479,-0.412252
0.379600,-0.340862,-0.412904
0.377153,-0.338638,-0.412312
0.375826,-0.337635,-0.411760
0.374882,-0.339019,-0.415270
0.371159,-0.337895,-0.414910
0.370782,-0.337185,-0.415706
0.365946,-0.336208,-0.416733
0.364820,-0.337248,-0.416372
0.363767,-0.336946,-0.417482
0.359728,-0.335832,-0.417854
0.358272,-0.336167,-0.421984
0.358277,-0.335971,-0.420568
0.354568,-0.337357,-0.423145
0.352844,-0.335881,-0.424318
0.349015,-0.335032,-0.423183
0.348107,-0.335554,-0.424194
0.347601,-0.335152,-0.427591
0.344819,-0.334175,-0.425225
0.341978,-0.335931,-0.426386
0.340956,-0.335000,-0.429127
0.339945,-0.333829,-0.428605
0.335701,-0.331494,-0.429847
0.333416,-0.332812,-0.431278
0.332535,-0.331122,-0.431835
0.329752,-0.331881,-0.432932
0.330236,-0.332016,-0.432791
0.326198,-0.334245,-0.435207
0.324659,-0.333360,-0.434087
0.320702,-0.332379,-0.437299
0.318279,-0.331879,-0.436913
0.314944,-0.333001,-0.440520
0.313696,-0.334132,-0.442110
0.309092,-0.335831,-0.444931
0.306796,-0.336782,-0.446750
0.303143,-0.336744,-0.447432
0.299171,-0.337081,-0.451725
0.291977,-0.342576,-0.456092
0.286913,-0.342828,-0.458787
0.283080,-0.345157,-0.461821
0.279937,-0.347426,-0.463630
0.276008,-0.347317,-0.468852
0.271731,-0.351504,-0.467228
0.268662,-0.350986,-0.470124
0.266976,-0.352475,-0.471835
0.260832,-0.352079,-0.476130
0.258344,-0.354234,-0.477295
0.256218,-0.353355,-0.479382
0.250884,-0.354825,-0.479242
0.249307,-0.354758,-0.481669
0.246308,-0.354680,-0.483692
0.243125,-0.356293,-0.486851
0.236664,-0.358760,-0.490645
0.232896,-0.365502,-0.492753
0.441209,-0.499112,-0.455528
0.452358,-0.485756,-0.445690
0.455118,-0.480091,-0.443423
0.458547,-0.475401,-0.437268
0.458265,-0.469078,-0.433715
0.461088,-0.466639,-0.433616
0.462863,-0.463873,-0.431771
0.460837,-0.464436,-0.427839
0.462563,-0.459487,-0.428886
0.460734,-0.455810,-0.424073
0.462041,-0.452288,-0.423784
0.462337,-0.449721,-0.424294
0.463332,-0.448749,-0.422001
0.463020,-0.445824,-0.420095
0.460603,-0.444982,-0.417820
0.463522,-0.441910,-0.419639
0.461190,-0.440306,-0.417593
0.464582,-0.437156,-0.418262
0.462416,-0.432940,-0.415402
0.461269,-0.431114,-0.415255
0.460033,-0.431066,-0.412458
0.459853,-0.428972,-0.413309
0.459930,-0.426915,-0.412001
0.460052,-0.423741,-0.411542
0.459050,-0.422592,-0.410088
0.458584,-0.421860,-0.409625
0.460144,-0.419846,-0.410049
0.459085,-0.418106,-0.408304
0.458057,-0.416760,-0.408724
0.457341,-0.414269,-0.407530
0.457414,-0.412644,-0.408213
0.456077,-0.410265,-0.408849
0.455096,-0.410151,-0.405890
0.452549,-0.407121,-0.407450
0.454204,-0.406756,-0.405877
0.452680,-0.404212,-0.406709
0.451633,-0.403461,-0.405211
0.450409,-0.401774,-0.404607
0.451866,-0.400865,-0.402963
0.446785,-0.400582,-0.405536
0.448823,-0.398046,-0.403779
0.446408,-0.395802,-0.406513
0.444986,-0.394292,-0.404029
0.445909,-0.393439,-0.403963
0.443892,-0.392078,-0.404530
0.445487,-0.391481,-0.403873
0.442170,-0.388887,-0.402792
0.439616,-0.389919,-0.402424
0.440814,-0.388015,-0.404017
0.440934,-0.387753,-0.402672
0.439583,-0.384712,-0.402630
0.436355,-0.385413,-0.403564
0.435049,-0.381084,-0.404048
0.435291,-0.382700,-0.404540
0.432550,-0.380545,-0.403186
0.431990,-0.381430,-0.402415
0.431453,-0.378844,-0.403851
0.429246,-0.377935,-0.403856
0.427906,-0.377462,-0.403542
0.429861,-0.375039,-0.403235
0.428104,-0.375522,-0.404280
0.425652,-0.373719,-0.403785
0.425053,-0.372613,-0.404192
0.421306,-0.370627,-0.403634
0.423499,-0.371795,-0.404398
0.420042,-0.370646,-0.405355
0.417515,-0.370015,-0.404288
0.418435,-0.368769,-0.404835
0.416811,-0.365613,-0.403762
0.416838,-0.365712,-0.405143
0.415572,-0.364715,-0.404944
0.412357,-0.364734,-0.405933
0.412331,-0.363256,-0.404969
0.413098,-0.361192,-0.405257
0.410326,-0.358366,-0.404626
0.408694,-0.359707,-0.406173
0.407285,-0.358177,-0.403899
0.406411,-0.356176,-0.404317
0.405015,-0.357189,-0.404301
0.403038,-0.355485,-0.406206
0.402076,-0.353971,-0.405398
0.402380,-0.353635,-0.405686
0.398394,-0.353400,-0.405163
0.398554,-0.351612,-0.407645
0.398552,-0.351270,-0.404468
0.394270,-0.348928,-0.406812
0.394758,-0.349119,-0.406434
0.393530,-0.347193,-0.405721
0.391644,-0.345743,-0.408970
0.390084,-0.346256,-0.408920
0.386200,-0.344768,-0.408871
0.386332,-0.343980,-0.409732
0.385127,-0.345633,-0.409020
0.383971,-0.342118,-0.409604
0.383024,-0.343298,-0.410999
0.380314,-0.343435,-0.409548
0.381148,-0.340243,-0.411031
0.379147,-0.340600,-0.410953
0.374638,-0.340345,-0.410658
0.375264,-0.338283,-0.412981
0.373002,-0.341900,-0.411255
0.370319,-0.338601,-0.415065
0.367377,-0.339623,-0.414021
0.365107,-0.336439,-0.415692
0.364347,-0.338424,-0.415564
0.362287,-0.339312,-0.418533
0.360803,-0.336624,-0.418943
0.356796,-0.340867,-0.419056
0.355351,-0.338037,-0.420752
0.352520,-0.337236,-0.422688
0.349903,-0.338125,-0.422594
0.350139,-0.339086,-0.423009
0.346952,-0.337728,-0.422942
0.345363,-0.336798,-0.426030
0.343580,-0.337530,-0.425941
0.341449,-0.337865,-0.426353
0.338209,-0.335448,-0.427511
0.336906,-0.336610,-0.427744
0.336684,-0.335553,-0.428624
0.333794,-0.333008,-0.429942
0.333517,-0.333872,-0.430492
0.329599,-0.332985,-0.432453
0.326136,-0.332775,-0.431371
0.323160,-0.333536,-0.433100
0.322205,-0.333971,-0.434249
0.320319,-0.333189,-0.436216
0.316923,-0.335499,-0.436920
0.313929,-0.334562,-0.440051
0.311505,-0.337081,-0.440046
0.306873,-0.337930,-0.444322
0.303746,-0.338453,-0.446346
0.299184,-0.338263,-0.447657
0.296203,-0.340530,-0.450596
0.290731,-0.344507,-0.455581
0.286061,-0.344788,-0.458692
0.283259,-0.346741,-0.461310
0.278790,-0.350290,-0.463039
0.272787,-0.348731,-0.467289
0.271545,-0.353466,-0.467541
0.265539,-0.352283,-0.469945
0.262675,-0.353389,-0.471709
0.259752,-0.355480,-0.474449
0.256534,-0.354378,-0.476036
0.254029,-0.356049,-0.478507
0.254001,-0.355451,-0.479449
0.249111,-0.356038,-0.483173
0.244577,-0.357414,-0.483970
0.241155,-0.355817,-0.487072
0.236882,-0.360831,-0.491084
0.230446,-0.363343,-0.493572
0.446128,-0.495627,-0.449957
0.453959,-0.484454,-0.442530
0.455693,-0.479133,-0.439054
0.455997,-0.475539,-0.435832
0.460727,-0.470407,-0.433945
0.461488,-0.468124,-0.430867
0.460798,-0.464752,-0.431789
0.460508,-0.461987,-0.428114
0.461748,-0.459651,-0.427166
0.462810,-0.456396,-0.426367
0.461495,-0.453831,-0.423600
0.460794,-0.451170,-0.422632
0.460895,-0.451245,-0.419595
0.462327,-0.446420,-0.418920
0.460229,-0.445015,-0.418238
0.462016,-0.439767,-0.416005
0.462288,-0.438485,-0.415594
0.460134,-0.437333,-0.416794
0.459756,-0.435198,-0.413748
0.460528,-0.435473,-0.413048
0.459872,-0.429249,-0.415112
0.461056,-0.429949,-0.411248
0.459838,-0.427921,-0.410536
0.461057,-0.426021,-0.411865
0.458927,-0.423465,-0.408270
0.458758,-0.421046,-0.409235
0.457690,-0.419071,-0.408310
0.456684,-0.420146,-0.409551
0.455396,-0.417420,-0.409839
0.454664,-0.415200,-0.407152
0.455651,-0.414444,-0.408686
0.456219,-0.412811,-0.408114
0.451299,-0.410911,-0.405753
0.452646,-0.409317,-0.405896
0.453264,-0.408289,-0.406845
0.451829,-0.408420,-0.406168
0.452328,-0.404419,-0.404513
0.448579,-0.404374,-0.404915
0.448115,-0.400774,-0.405091
0.447001,-0.401663,-0.403096
0.447367,-0.399100,-0.403323
0.446496,-0.399151,-0.402243
0.445905,-0.398861,-0.401820
0.445238,-0.396977,-0.401902
0.444039,-0.393859,-0.402160
0.441784,-0.393272,-0.402604
0.440071,-0.391848,-0.402362
0.439951,-0.390466,-0.402542
0.438537,-0.390624,-0.401335
0.438071,-0.388466,-0.404741
0.436460,-0.386686,-0.401700
0.436418,-0.384830,-0.402368
0.435721,-0.385905,-0.402008
0.434630,-0.382542,-0.402401
0.433321,-0.382745,-0.402061
0.431017,-0.378059,-0.402623
0.429250,-0.381527,-0.402537
0.428656,-0.379056,-0.402526
0.427453,-0.378221,-0.403265
0.426489,-0.377904,-0.402563
0.425638,-0.376720,-0.402259
0.424354,-0.376133,-0.403478
0.421834,-0.375831,-0.405256
0.422460,-0.373271,-0.403561
0.421135,-0.373155,-0.404335
0.419116,-0.372138,-0.403356
0.416909,-0.370609,-0.403472
0.417506,-0.369374,-0.405529
0.415783,-0.367201,-0.404958
0.414385,-0.368526,-0.404657
0.412364,-0.366025,-0.400908
0.411044,-0.366956,-0.402055
0.410342,-0.364413,-0.403410
0.409362,-0.363018,-0.403739
0.406859,-0.362705,-0.404117
0.406931,-0.360889,-0.402192
0.406180,-0.358095,-0.403661
0.405382,-0.358503,-0.403967
0.404204,-0.358089,-0.405547
0.401120,-0.356421,-0.405076
0.401249,-0.356328,-0.405782
0.400873,-0.355496,-0.404825
0.397914,-0.353973,-0.403746
0.397031,-0.354439,-0.404842
0.396094,-0.350541,-0.405518
0.394460,-0.349302,-0.405024
0.394128,-0.352557,-0.406754
0.391141,-0.347648,-0.406119
0.391630,-0.347816,-0.407361
0.388777,-0.348765,-0.407413
0.385390,-0.344852,-0.408492
0.386685,-0.348515,-0.406910
0.386560,-0.343953,-0.407752
0.382724,-0.343457,-0.408452
0.381178,-0.343854,-0.409041
0.380229,-0.343660,-0.408787
0.379037,-0.344014,-0.409428
0.377235,-0.341035,-0.409077
0.374072,-0.342737,-0.411120
0.374049,-0.342845,-0.410938
0.369430,-0.340991,-0.413439
0.369475,-0.339562,-0.413037
0.367232,-0.341738,-0.414120
0.364276,-0.340252,-0.414142
0.361857,-0.340833,-0.415854
0.360552,-0.339990,-0.417438
0.359174,-0.339660,-0.416661
0.356726,-0.340602,-0.420429
0.352903,-0.340905,-0.420090
0.349896,-0.339413,-0.421127
0.348250,-0.338470,-0.419010
0.346457,-0.339868,-0.423217
0.345362,-0.338763,-0.424150
0.342575,-0.336127,-0.424590
0.341777,-0.338822,-0.424600
0.340258,-0.339396,-0.426307
0.337873,-0.337221,-0.425922
0.334642,-0.335335,-0.427623
0.332005,-0.335727,-0.429974
0.332196,-0.334661,-0.427415
0.330283,-0.335423,-0.430727
0.326101,-0.337400,-0.432057
0.324915,-0.335795,-0.429395
0.322910,-0.335733,-0.432518
0.319512,-0.335829,-0.432723
0.317990,-0.336020,-0.434797
0.316708,-0.335179,-0.437579
0.313454,-0.338102,-0.437751
0.308048,-0.336690,-0.440078
0.306225,-0.338571,-0.441734
0.301876,-0.338349,-0.443958
0.298491,-0.340521,-0.447343
0.293405,-0.344213,-0.450548
0.287284,-0.345949,-0.452547
0.284461,-0.346811,-0.456281
0.279402,-0.348225,-0.459779
0.275599,-0.351124,-0.463633
0.270761,-0.351075,-0.468350
0.267409,-0.351863,-0.467410
0.264663,-0.353749,-0.470004
0.261947,-0.354426,-0.471560
0.258278,-0.355865,-0.474389
0.255669,-0.358185,-0.475593
0.252025,-0.357534,-0.476838
0.250545,-0.357891,-0.479743
0.245927,-0.355614,-0.480876
0.245334,-0.357642,-0.483820
0.239830,-0.357148,-0.485152
0.235454,-0.361061,-0.488432
0.230871,-0.364041,-0.492800
0.438210,-0.504285,-0.457168
0.449275,-0.489541,-0.444139
0.451934,-0.484758,-0.439735
0.454750,-0.478215,-0.436691
0.457450,-0.475170,-0.432038
0.457937,-0.473180,-0.431350
0.459376,-0.468243,-0.430028
0.458608,-0.465573,-0.427409
0.458999,-0.462334,-0.426525
0.460795,-0.461655,-0.424312
0.462067,-0.458122,-0.422920
0.460423,-0.455121,-0.422017
0.460492,-0.451700,-0.421478
0.460705,-0.449610,-0.419647
0.460190,-0.445949,-0.417454
0.461070,-0.446009,-0.415228
0.459997,-0.442605,-0.416445
0.459133,-0.439141,-0.413435
0.460172,-0.437430,-0.414179
0.459854,-0.439038,-0.412609
0.459669,-0.434315,-0.413178
0.460103,-0.434059,-0.411853
0.460964,-0.430423,-0.410084
0.458895,-0.428533,-0.408341
0.460891,-0.427894,-0.409281
0.458345,-0.424753,-0.408294
0.456003,-0.421189,-0.406217
0.458107,-0.421165,-0.407743
0.456056,-0.418253,-0.407690
0.456184,-0.418547,-0.407216
0.452822,-0.415995,-0.407088
0.452512,-0.414415,-0.405156
0.453901,-0.412823,-0.406234
0.451965,-0.412577,-0.403315
0.452031,-0.412222,-0.402830
0.451247,-0.410078,-0.404126
0.452060,-0.406415,-0.402125
0.449497,-0.406204,-0.405225
0.448808,-0.404929,-0.402129
0.450646,-0.402269,-0.402959
0.447645,-0.399988,-0.404011
0.445683,-0.399852,-0.401053
0.444883,-0.399532,-0.401901
0.444647,-0.398299,-0.403336
0.442184,-0.396273,-0.400842
0.441525,-0.395278,-0.402388
0.441516,-0.396726,-0.401743
0.439596,-0.391974,-0.402385
0.440174,-0.392278,-0.400805
0.435613,-0.390403,-0.402451
0.436183,-0.390881,-0.401899
0.436251,-0.389336,-0.402325
0.435514,-0.387608,-0.403588
0.434246,-0.386572,-0.402287
0.432614,-0.383567,-0.402221
0.430722,-0.383034,-0.402181
0.430176,-0.383634,-0.400734
0.430013,-0.383147,-0.403060
0.427456,-0.380735,-0.401149
0.427132,-0.379396,-0.402351
0.425814,-0.377936,-0.401136
0.424495,-0.379281,-0.401418
0.423613,-0.378211,-0.402614
0.420742,-0.375506,-0.402309
0.419381,-0.374844,-0.401307
0.417509,-0.373715,-0.402143
0.416528,-0.371905,-0.403307
0.415320,-0.373234,-0.403643
0.415508,-0.370741,-0.401549
0.413959,-0.369369,-0.401665
0.413646,-0.367570,-0.402844
0.409797,-0.365610,-0.402706
0.411601,-0.368524,-0.403105
0.408558,-0.364765,-0.402321
0.406680,-0.365361,-0.404614
0.406269,-0.362994,-0.402448
0.405985,-0.362343,-0.406257
0.404813,-0.360318,-0.404198
0.400942,-0.361555,-0.403499
0.400934,-0.358824,-0.404670
0.399795,-0.358415,-0.402540
0.400425,-0.356305,-0.404972
0.398471,-0.356215,-0.405498
0.395662,-0.355084,-0.404596
0.395080,-0.353372,-0.403932
0.393544,-0.354392,-0.405011
0.393995,-0.353444,-0.405289
0.390885,-0.350688,-0.406084
0.390563,-0.352638,-0.405796
0.389344,-0.349958,-0.405163
0.384176,-0.348074,-0.406437
0.385501,-0.348208,-0.406920
0.382766,-0.349272,-0.405266
0.382438,-0.346920,-0.407196
0.379209,-0.344081,-0.408624
0.380668,-0.345132,-0.408407
0.376808,-0.345654,-0.408548
0.376257,-0.342055,-0.410299
0.375042,-0.345238,-0.409147
0.374491,-0.341043,-0.410558
0.370602,-0.342298,-0.411663
0.368853,-0.343609,-0.413205
0.366982,-0.341706,-0.412427
0.365333,-0.342292,-0.412485
0.363729,-0.341494,-0.414926
0.362161,-0.343255,-0.416570
0.357058,-0.341673,-0.417827
0.357525,-0.341938,-0.416737
0.352666,-0.341555,-0.418942
0.351807,-0.341114,-0.420376
0.350652,-0.342460,-0.420718
0.345554,-0.339971,-0.421350
0.345178,-0.340451,-0.422674
0.343141,-0.340194,-0.422315
0.339307,-0.341030,-0.423995
0.338729,-0.338581,-0.422821
0.338564,-0.339311,-0.422930
0.334697,-0.339603,-0.426023
0.332139,-0.337475,-0.426254
0.332516,-0.337221,-0.428584
0.329376,-0.338327,-0.429920
0.327515,-0.338831,-0.430185
0.324685,-0.336995,-0.429215
0.324463,-0.335581,-0.431001
0.322036,-0.335396,-0.432683
0.317772,-0.335505,-0.433802
0.318240,-0.338485,-0.433811
0.314382,-0.339111,-0.436621
0.309993,-0.337422,-0.437085
0.307311,-0.340593,-0.440928
0.305868,-0.340243,-0.442825
0.299374,-0.340845,-0.443985
0.296296,-0.340565,-0.448078
0.292279,-0.343909,-0.450289
0.287837,-0.347782,-0.455258
0.284374,-0.348657,-0.457141
0.278356,-0.351382,-0.458942
0.274834,-0.353022,-0.461630
0.270077,-0.352709,-0.465909
0.269216,-0.354066,-0.467031
0.263145,-0.354681,-0.469887
0.258994,-0.355920,-0.472787
0.258063,-0.357722,-0.472386
0.252888,-0.355340,-0.474318
0.251476,-0.357793,-0.477033
0.249715,-0.357013,-0.477784
0.246056,-0.359343,-0.477856
0.242888,-0.359057,-0.482340
0.238473,-0.359551,-0.483394
0.232417,-0.363696,-0.487032
0.226801,-0.367522,-0.493257
0.443880,-0.500314,-0.451155
0.450978,-0.489592,-0.442434
0.453204,-0.485976,-0.437712
0.453172,-0.479742,-0.433835
0.457848,-0.474960,-0.432503
0.457751,-0.473279,-0.431029
0.456024,-0.468967,-0.427324
0.458395,-0.463507,-0.427971
0.460449,-0.462126,-0.424326
0.458764,-0.460273,-0.422708
0.459477,-0.458488,-0.422261
0.460261,-0.455236,-0.419166
0.459204,-0.454106,-0.418479
0.462406,-0.450520,-0.416548
0.460815,-0.448472,-0.415434
0.458727,-0.446160,-0.415172
0.459665,-0.444745,-0.413808
0.461145,-0.442775,-0.413078
0.460766,-0.440356,-0.411737
0.459077,-0.437891,-0.414082
0.458770,-0.436860,-0.411783
0.456531,-0.432391,-0.410777
0.457735,-0.430398,-0.408839
0.460793,-0.429777,-0.406790
0.459272,-0.425740,-0.407026
0.457750,-0.425560,-0.407586
0.456843,-0.425537,-0.405810
0.455013,-0.423070,-0.404844
0.455200,-0.420697,-0.405998
0.454904,-0.418666,-0.406738
0.454580,-0.416733,-0.404130
0.453708,-0.415487,-0.404178
0.451767,-0.414469,-0.404275
0.453354,-0.412990,-0.403230
0.452502,-0.411300,-0.403423
0.451154,-0.410948,-0.403849
0.448506,-0.409264,-0.400866
0.447443,-0.406702,-0.401939
0.447030,-0.404682,-0.402516
0.447942,-0.403223,-0.403260
0.445302,-0.404115,-0.399642
0.445933,-0.402785,-0.400512
0.442840,-0.401282,-0.401788
0.443193,-0.399332,-0.401070
0.442509,-0.397698,-0.400552
0.439788,-0.396059,-0.399612
0.439144,-0.395199,-0.402214
0.439684,-0.393669,-0.399984
0.438323,-0.393273,-0.399789
0.434782,-0.390779,-0.398762
0.435266,-0.389862,-0.400183
0.436208,-0.390510,-0.400715
0.433023,-0.386270,-0.399133
0.432239,-0.386359,-0.400124
0.430191,-0.385553,-0.401137
0.431339,-0.384688,-0.398643
0.429275,-0.385629,-0.401699
0.424916,-0.384396,-0.402282
0.426399,-0.384394,-0.401380
0.423023,-0.383600,-0.400450
0.422173,-0.380792,-0.401321
0.423813,-0.378327,-0.402506
0.420605,-0.377948,-0.402609
0.419246,-0.377794,-0.401711
0.420055,-0.376550,-0.401936
0.419490,-0.376234,-0.401732
0.415862,-0.374741,-0.401876
0.416227,-0.373314,-0.400319
0.414419,-0.371974,-0.400721
0.412798,-0.369683,-0.401594
0.410854,-0.368743,-0.404862
0.409872,-0.368090,-0.401063
0.410224,-0.366875,-0.400686
0.407436,-0.368406,-0.403939
0.408059,-0.364840,-0.403409
0.404448,-0.365123,-0.402184
0.404311,-0.365126,-0.402194
0.402322,-0.362304,-0.403772
0.400585,-0.362967,-0.401008
0.402742,-0.361203,-0.403031
0.398791,-0.360685,-0.404057
0.397714,-0.358614,-0.402679
0.397069,-0.358656,-0.403540
0.396538,-0.356635,-0.402968
0.394547,-0.354794,-0.401911
0.393643,-0.354487,-0.403767
0.390703,-0.354910,-0.405517
0.389909,-0.353159,-0.406319
0.388314,-0.354153,-0.405253
0.388412,-0.351024,-0.405065
0.385911,-0.349986,-0.404034
0.382055,-0.348703,-0.403882
0.382987,-0.350306,-0.406002
0.380749,-0.348592,-0.407088
0.381671,-0.344860,-0.406333
0.378795,-0.346862,-0.404849
0.376875,-0.345807,-0.409297
0.375590,-0.345567,-0.407099
0.373052,-0.345198,-0.406838
0.369672,-0.344301,-0.410544
0.370416,-0.344017,-0.410829
0.366639,-0.345576,-0.410662
0.364179,-0.343303,-0.414496
0.362404,-0.345175,-0.413547
0.361422,-0.345978,-0.413630
0.359234,-0.344300,-0.413831
0.356293,-0.343889,-0.416419
0.354766,-0.343609,-0.414565
0.352907,-0.342824,-0.419429
0.349836,-0.344222,-0.419490
0.347021,-0.344108,-0.421416
0.343559,-0.343366,-0.421967
0.343523,-0.342332,-0.422536
0.342127,-0.341998,-0.423788
0.338974,-0.342178,-0.424134
0.338860,-0.341707,-0.422824
0.335635,-0.339723,-0.423517
0.334779,-0.340685,-0.424497
0.333878,-0.338915,-0.425090
0.331702,-0.339118,-0.426608
0.330123,-0.338152,-0.426949
0.326808,-0.337950,-0.429485
0.324274,-0.339437,-0.427859
0.323586,-0.337415,-0.431896
0.319015,-0.336528,-0.430593
0.317170,-0.339031,-0.433937
0.314452,-0.338998,-0.435269
0.312243,-0.337990,-0.436768
0.309791,-0.339752,-0.438108
0.304100,-0.339941,-0.440392
0.301261,-0.342914,-0.441534
0.297916,-0.342542,-0.443139
0.295467,-0.342898,-0.447488
0.290951,-0.345294,-0.449085
0.284965,-0.349038,-0.453792
0.281555,-0.351232,-0.455420
0.275881,-0.351022,-0.459436
0.273991,-0.353224,-0.461328
0.268762,-0.354912,-0.465663
0.266104,-0.356161,-0.466835
0.260794,-0.357095,-0.469621
0.259323,-0.359547,-0.469117
0.254818,-0.358051,-0.472226
0.254154,-0.358415,-0.473499
0.248623,-0.357990,-0.474739
0.246981,-0.359903,-0.476304
0.243683,-0.360535,-0.478140
0.241099,-0.361740,-0.480796
0.235794,-0.362716,-0.482539
0.229682,-0.365547,-0.487730
0.225476,-0.368986,-0.490971
0.447537,-0.494117,-0.442408
0.450568,-0.488674,-0.439145
0.452623,-0.483487,-0.436432
0.455583,-0.481408,-0.433446
0.455774,-0.476178,-0.431206
0.457436,-0.472204,-0.427609
0.457056,-0.469892,-0.426907
0.458500,-0.468432,-0.425151
0.459514,-0.464442,-0.422346
0.457657,-0.459878,-0.421210
0.458906,-0.459130,-0.420170
0.459051,-0.455253,-0.418028
0.458710,-0.454753,-0.415165
0.459183,-0.452840,-0.415457
0.457878,-0.447818,-0.414146
0.458302,-0.446962,-0.413548
0.459176,-0.444037,-0.413489
0.458805,-0.442077,-0.411034
0.457714,-0.439619,-0.410935
0.458034,-0.438201,-0.410016
0.456848,-0.436459,-0.409141
0.458809,-0.434599,-0.410243
0.455236,-0.433262,-0.406901
0.459246,-0.427464,-0.406600
0.456655,-0.428431,-0.406320
0.456340,-0.423815,-0.405441
0.454490,-0.424440,-0.405668
0.455481,-0.423410,-0.404254
0.455024,-0.420055,-0.404853
0.453948,-0.418457,-0.405038
0.452450,-0.418958,-0.402425
0.452546,-0.418370,-0.402765
0.450133,-0.414670,-0.401370
0.450115,-0.415226,-0.402363
0.448471,-0.413571,-0.401753
0.448687,-0.411273,-0.401011
0.447677,-0.409297,-0.400175
0.447365,-0.408986,-0.401054
0.447842,-0.406487,-0.401446
0.446130,-0.407091,-0.400449
0.443869,-0.404355,-0.400349
0.443356,-0.403790,-0.399376
0.443011,-0.400355,-0.399669
0.442908,-0.399571,-0.400672
0.442636,-0.400830,-0.400380
0.439482,-0.396527,-0.398415
0.440130,-0.399095,-0.399520
0.437687,-0.395741,-0.398640
0.434960,-0.392143,-0.399487
0.434321,-0.394957,-0.400144
0.434448,-0.392856,-0.397951
0.433687,-0.391497,-0.398493
0.431729,-0.390341,-0.399144
0.430719,-0.388403,-0.398953
0.428951,-0.385684,-0.399198
0.429271,-0.385205,-0.400196
0.425972,-0.384550,-0.400555
0.426737,-0.384770,-0.400350
0.424243,-0.384446,-0.399078
0.422274,-0.381634,-0.398445
0.422836,-0.382844,-0.401136
0.419896,-0.381471,-0.399228
0.418853,-0.380734,-0.399652
0.419841,-0.378045,-0.401337
0.416899,-0.378940,-0.402700
0.416661,-0.378752,-0.400107
0.414534,-0.372824,-0.399852
0.412810,-0.373777,-0.399669
0.412448,-0.374102,-0.401855
0.411934,-0.372728,-0.402182
0.408607,-0.371791,-0.402803
0.411831,-0.368972,-0.400668
0.406831,-0.369592,-0.401599
0.407067,-0.367312,-0.401296
0.403780,-0.365697,-0.402636
0.404019,-0.365752,-0.401403
0.401755,-0.364799,-0.401102
0.402618,-0.362379,-0.401530
0.402140,-0.364488,-0.402495
0.400101,-0.362545,-0.402575
0.396134,-0.361835,-0.402485
0.396604,-0.359857,-0.402882
0.394913,-0.359380,-0.402162
0.392858,-0.357688,-0.404331
0.391676,-0.357652,-0.400872
0.389826,-0.356659,-0.405655
0.391410,-0.354263,-0.402962
0.389329,-0.353823,-0.402239
0.388226,-0.353570,-0.402740
0.385659,-0.351988,-0.403775
0.383692,-0.351831,-0.405200
0.383425,-0.351971,-0.403914
0.381600,-0.349961,-0.402651
0.379257,-0.347779,-0.406590
0.378885,-0.348805,-0.406062
0.375696,-0.348247,-0.406779
0.373069,-0.347228,-0.406502
0.374088,-0.349015,-0.406528
0.371753,-0.344670,-0.408646
0.370018,-0.346289,-0.408252
0.367467,-0.344090,-0.409073
0.365630,-0.345764,-0.410053
0.364482,-0.344957,-0.412890
0.363164,-0.345296,-0.411709
0.359438,-0.343464,-0.412558
0.359583,-0.345657,-0.413322
0.355083,-0.345725,-0.414317
0.352910,-0.344390,-0.415935
0.349163,-0.343791,-0.418037
0.347972,-0.343880,-0.418945
0.345558,-0.344248,-0.418880
0.344105,-0.344477,-0.420086
0.340845,-0.344802,-0.420880
0.342184,-0.342597,-0.422192
0.337504,-0.342006,-0.421326
0.338757,-0.340182,-0.423167
0.334849,-0.342711,-0.422065
0.333150,-0.341493,-0.424968
0.328828,-0.342285,-0.425332
0.329905,-0.342177,-0.427173
0.327487,-0.338015,-0.426807
0.324879,-0.340108,-0.427086
0.323385,-0.340145,-0.428322
0.321321,-0.339358,-0.430086
0.317907,-0.340636,-0.431284
0.316049,-0.340270,-0.432602
0.312874,-0.341916,-0.432694
0.308725,-0.338540,-0.434519
0.307834,-0.340941,-0.436341
0.304976,-0.341210,-0.438004
0.300895,-0.344184,-0.440520
0.297092,-0.344996,-0.442464
0.294136,-0.346408,-0.446215
0.287606,-0.348161,-0.450469
0.282070,-0.350820,-0.451652
0.280198,-0.352406,-0.456918
0.274956,-0.355445,-0.457260
0.272350,-0.357867,-0.462233
0.266472,-0.358090,-0.463808
0.262571,-0.358046,-0.463683
0.259443,-0.358703,-0.467151
0.258075,-0.358135,-0.467556
0.254133,-0.358873,-0.472470
0.250812,-0.360534,-0.473288
0.249392,-0.360682,-0.473392
0.246372,-0.361596,-0.477081
0.243431,-0.362191,-0.478510
0.240550,-0.362379,-0.481136
0.235713,-0.364112,-0.483005
0.229467,-0.366014,-0.485259
0.223846,-0.369484,-0.493766
0.437275,-0.508625,-0.450515
0.448994,-0.494096,-0.440525
0.450754,-0.491109,-0.437536
0.451696,-0.486738,-0.434162
0.451573,-0.480275,-0.431030
0.454117,-0.475563,-0.429987
0.457338,-0.473861,-0.426837
0.456676,-0.470679,-0.423909
0.455881,-0.465577,-0.424652
0.458084,-0.465361,-0.420647
0.458442,-0.463271,-0.419609
0.458043,-0.458916,-0.419692
0.459578,-0.456862,-0.416858
0.457724,-0.454075,-0.415692
0.456792,-0.451762,-0.415997
0.455472,-0.448848,-0.412977
0.457426,-0.447474,-0.412366
0.458395,-0.443949,-0.411564
0.460074,-0.444687,-0.408979
0.459053,-0.441282,-0.410979
0.457420,-0.438910,-0.409366
0.457992,-0.437481,-0.407903
0.458051,-0.436647,-0.408926
0.457299,-0.433503,-0.406541
0.456366,-0.430115,-0.405647
0.456374,-0.430474,-0.404593
0.451864,-0.426286,-0.406265
0.455929,-0.426533,-0.405193
0.455253,-0.424486,-0.403155
0.451047,-0.424014,-0.403576
0.451760,-0.419796,-0.402478
0.452663,-0.419645,-0.402945
0.451569,-0.418748,-0.403223
0.451427,-0.416695,-0.400349
0.450024,-0.415400,-0.401858
0.450332,-0.412427,-0.401047
0.447516,-0.410748,-0.399913
0.448092,-0.409802,-0.401397
0.446437,-0.407102,-0.400507
0.446430,-0.406893,-0.399162
0.442098,-0.406470,-0.398030
0.445171,-0.406417,-0.398808
0.443576,-0.401433,-0.400203
0.442564,-0.403061,-0.397711
0.439961,-0.400840,-0.400159
0.438101,-0.399282,-0.397707
0.438880,-0.398408,-0.401024
0.437393,-0.399608,-0.399346
0.436334,-0.397304,-0.398343
0.433492,-0.396931,-0.400255
0.433579,-0.395180,-0.397931
0.433236,-0.394465,-0.396217
0.431710,-0.392458,-0.398618
0.432185,-0.390947,-0.397017
0.429800,-0.391115,-0.397940
0.426214,-0.387997,-0.397721
0.428445,-0.389572,-0.400374
0.427006,-0.385967,-0.398636
0.425664,-0.385960,-0.398777
0.423345,-0.383507,-0.399534
0.422785,-0.384629,-0.399899
0.419438,-0.382067,-0.399271
0.419635,-0.382575,-0.399186
0.419177,-0.381310,-0.398151
0.416941,-0.378987,-0.398806
0.415258,-0.380341,-0.401031
0.414412,-0.379072,-0.401141
0.411694,-0.377019,-0.399770
0.412334,-0.376160,-0.398658
0.410967,-0.375883,-0.400447
0.409574,-0.373069,-0.400259
0.406547,-0.371911,-0.401597
0.409422,-0.370838,-0.401852
0.407381,-0.370851,-0.401850
0.406011,-0.369319,-0.401227
0.402549,-0.368202,-0.401509
0.403522,-0.368893,-0.402226
0.400647,-0.365681,-0.400729
0.400402,-0.366497,-0.400936
0.400073,-0.365603,-0.402804
0.398527,-0.364292,-0.401513
0.396595,-0.360649,-0.402354
0.394853,-0.361976,-0.400883
0.392401,-0.360664,-0.401134
0.391142,-0.360042,-0.403313
0.391087,-0.358697,-0.400852
0.390780,-0.356414,-0.402768
0.390062,-0.356827,-0.403386
0.385823,-0.355801,-0.401985
0.386539,-0.357693,-0.400565
0.383007,-0.352978,-0.403618
0.383000,-0.353965,-0.402350
0.383250,-0.353537,-0.403968
0.378788,-0.353850,-0.403837
0.377618,-0.352932,-0.404499
0.376264,-0.352018,-0.404572
0.376473,-0.348781,-0.404287
0.374144,-0.347932,-0.405383
0.373976,-0.348199,-0.408037
0.370975,-0.348188,-0.408153
0.366585,-0.348125,-0.407794
0.366528,-0.346451,-0.409696
0.364287,-0.347169,-0.407393
0.360738,-0.346110,-0.409612
0.358913,-0.347637,-0.412104
0.358333,-0.346605,-0.412069
0.355639,-0.346183,-0.415536
0.354057,-0.346121,-0.415831
0.350968,-0.345603,-0.416294
0.348191,-0.346897,-0.419073
0.346493,-0.347311,-0.418374
0.342331,-0.345460,-0.418203
0.342248,-0.347148,-0.420188
0.339893,-0.347094,-0.418377
0.338387,-0.345671,-0.420933
0.338712,-0.346469,-0.422607
0.333320,-0.344508,-0.421829
0.332651,-0.341646,-0.422351
0.332101,-0.344161,-0.422978
0.329984,-0.343105,-0.423421
0.327206,-0.342277,-0.425255
0.326688,-0.343291,-0.425408
0.324011,-0.341057,-0.426955
0.321269,-0.341014,-0.427695
0.319969,-0.342229,-0.429853
0.316409,-0.341806,-0.429337
0.313432,-0.342279,-0.430715
0.312232,-0.343823,-0.432146
0.309145,-0.342268,-0.434588
0.306689,-0.343253,-0.436627
0.302355,-0.343776,-0.440064
0.300206,-0.345989,-0.439954
0.296306,-0.347029,-0.441787
0.292246,-0.347690,-0.446253
0.283994,-0.350113,-0.449032
0.281494,-0.353699,-0.451834
0.276018,-0.353727,-0.455821
0.270214,-0.356740,-0.460711
0.267421,-0.357301,-0.462375
0.265443,-0.357882,-0.464017
0.262700,-0.359847,-0.465494
0.259805,-0.363628,-0.465342
0.253758,-0.361412,-0.470047
0.251752,-0.360086,-0.470947
0.249886,-0.360424,-0.471336
0.245175,-0.362557,-0.473047
0.244240,-0.364228,-0.476020
0.240060,-0.363681,-0.475686
0.235784,-0.362972,-0.478865
0.232730,-0.362577,-0.482363
0.228364,-0.366554,-0.485676
0.222101,-0.372382,-0.489011
0.442260,-0.503278,-0.444090
0.446961,-0.497289,-0.438298
0.448403,-0.490444,-0.437570
0.451003,-0.485170,-0.430224
0.453299,-0.481239,-0.429500
0.453043,-0.476744,-0.427461
0.455651,-0.474566,-0.425492
0.455456,-0.473794,-0.424148
0.457588,-0.466780,-0.423931
0.458540,-0.466471,-0.418946
0.456655,-0.462223,-0.420634
0.456509,-0.460561,-0.417367
0.458207,-0.456508,-0.417657
0.457368,-0.454597,-0.415413
0.459372,-0.453463,-0.414032
0.457098,-0.451661,-0.412876
0.456790,-0.447437,-0.410798
0.456718,-0.445787,-0.410757
0.456242,-0.444110,-0.409010
0.455719,-0.442236,-0.410139
0.457039,-0.439847,-0.408045
0.454773,-0.437737,-0.408969
0.456087,-0.434974,-0.405962
0.454916,-0.435675,-0.405824
0.454901,-0.433120,-0.404459
0.456692,-0.429706,-0.403423
0.454326,-0.429137,-0.403569
0.453422,-0.426778,-0.403193
0.452635,-0.427624,-0.402465
0.453585,-0.424084,-0.403490
0.453170,-0.424107,-0.400632
0.451258,-0.420800,-0.398551
0.450582,-0.418209,-0.399393
0.448400,-0.416954,-0.400692
0.447772,-0.418925,-0.400162
0.447523,-0.413543,-0.400087
0.447530,-0.414908,-0.398642
0.446336,-0.413100,-0.399401
0.445444,-0.410089,-0.398029
0.444013,-0.408860,-0.397020
0.442617,-0.408529,-0.398370
0.442916,-0.406614,-0.399186
0.440856,-0.403877,-0.398455
0.441105,-0.404667,-0.398138
0.438444,-0.403948,-0.397523
0.439180,-0.401189,-0.397749
0.437325,-0.401735,-0.397744
0.436910,-0.399926,-0.397314
0.434674,-0.399377,-0.400439
0.434413,-0.397911,-0.398463
0.434656,-0.394675,-0.397286
0.431132,-0.393044,-0.398147
0.431522,-0.390872,-0.397779
0.430868,-0.392739,-0.396336
0.429006,-0.391813,-0.397674
0.426521,-0.392519,-0.399393
0.426662,-0.389053,-0.398106
0.423521,-0.386532,-0.395239
0.421931,-0.386157,-0.396948
0.424041,-0.385848,-0.400665
0.421027,-0.384596,-0.399249
0.418872,-0.383828,-0.398841
0.417733,-0.382763,-0.396558
0.416715,-0.381570,-0.398526
0.416559,-0.381199,-0.399426
0.415495,-0.382260,-0.397388
0.412380,-0.378251,-0.397614
0.412382,-0.378846,-0.400432
0.409987,-0.378671,-0.399338
0.411059,-0.375589,-0.399397
0.409263,-0.376940,-0.399217
0.406695,-0.373738,-0.400212
0.406796,-0.372158,-0.400392
0.405266,-0.373020,-0.400808
0.405170,-0.371660,-0.399836
0.401046,-0.368922,-0.400851
0.401643,-0.368612,-0.400544
0.401052,-0.366830,-0.400259
0.397501,-0.367708,-0.398408
0.397202,-0.365306,-0.400939
0.395566,-0.364375,-0.401832
0.395791,-0.363098,-0.401688
0.392936,-0.362785,-0.399218
0.392351,-0.362824,-0.400072
0.390653,-0.360323,-0.400670
0.390134,-0.360319,-0.402934
0.387639,-0.360124,-0.401560
0.386344,-0.357339,-0.401664
0.388235,-0.356190,-0.401985
0.385313,-0.356472,-0.401687
0.382457,-0.355232,-0.401705
0.382693,-0.354214,-0.403736
0.380616,-0.354549,-0.402735
0.378641,-0.355228,-0.402313
0.378407,-0.352383,-0.402240
0.375286,-0.349960,-0.403443
0.375045,-0.352065,-0.404647
0.372661,-0.352671,-0.405245
0.371031,-0.349555,-0.405902
0.370277,-0.349166,-0.406087
0.365548,-0.350822,-0.406475
0.362657,-0.350258,-0.408312
0.363402,-0.348038,-0.409615
0.361065,-0.348524,-0.408830
0.358884,-0.348519,-0.410322
0.357770,-0.348724,-0.409126
0.354006,-0.347055,-0.412767
0.351625,-0.348550,-0.412433
0.348996,-0.349111,-0.416774
0.343437,-0.348084,-0.415797
0.344517,-0.348924,-0.415947
0.343341,-0.349357,-0.417981
0.340842,-0.347870,-0.418031
0.339169,-0.348630,-0.421356
0.339057,-0.346556,-0.421457
0.336304,-0.345887,-0.419327
0.334594,-0.346030,-0.422839
0.331187,-0.346062,-0.422520
0.330156,-0.345136,-0.422309
0.327126,-0.345612,-0.421877
0.323411,-0.343897,-0.425564
0.325905,-0.343132,-0.425689
0.322522,-0.343070,-0.427092
0.320359,-0.344363,-0.424967
0.317360,-0.342564,-0.428531
0.316853,-0.343125,-0.429887
0.311138,-0.345604,-0.430676
0.308885,-0.344231,-0.433545
0.310159,-0.342362,-0.433739
0.306487,-0.344019,-0.434154
0.301208,-0.345783,-0.438785
0.297119,-0.347107,-0.441169
0.294279,-0.347746,-0.441172
0.287992,-0.348932,-0.445334
0.285395,-0.350235,-0.446997
0.278572,-0.354667,-0.454287
0.276894,-0.356020,-0.456179
0.270233,-0.358503,-0.459055
0.266531,-0.359230,-0.462791
0.263817,-0.359139,-0.464571
0.260933,-0.360904,-0.464239
0.258033,-0.360678,-0.466598
0.254808,-0.363134,-0.467287
0.252109,-0.360215,-0.469143
0.250063,-0.363095,-0.472872
0.244170,-0.363586,-0.472816
0.242489,-0.363784,-0.473377
0.238630,-0.363313,-0.477162
0.235604,-0.365690,-0.478057
0.231457,-0.367045,-0.481418
0.224233,-0.368724,-0.484949
0.219565,-0.373517,-0.489511
0.431612,-0.514653,-0.453850
0.445560,-0.501575,-0.440014
0.446878,-0.493957,-0.437625
0.450802,-0.489702,-0.432778
0.451906,-0.485613,-0.429175
0.453284,-0.480857,-0.426398
0.455088,-0.477717,-0.426162
0.455320,-0.473228,-0.424948
0.456166,-0.472063,-0.423520
0.455178,-0.468269,-0.419165
0.455911,-0.463919,-0.418554
0.456607,-0.463197,-0.416767
0.456422,-0.462246,-0.416475
0.457177,-0.457779,-0.414616
0.456139,-0.457804,-0.414539
0.455111,-0.454791,-0.412828
0.456332,-0.451009,-0.413202
0.457066,-0.448417,-0.409935
0.456565,-0.446236,-0.408545
0.455914,-0.445127,-0.409123
0.457090,-0.442297,-0.408188
0.454635,-0.440152,-0.404983
0.454784,-0.440920,-0.406165
0.455466,-0.437761,-0.404106
0.455172,-0.435186,-0.403842
0.454071,-0.433372,-0.402664
0.454001,-0.432052,-0.401933
0.453956,-0.428566,-0.402114
0.453234,-0.427788,-0.401174
0.452952,-0.426215,-0.401517
0.451874,-0.424439,-0.401960
0.450068,-0.424799,-0.401094
0.450553,-0.422448,-0.400652
0.451840,-0.419852,-0.398130
0.446766,-0.417267,-0.397400
0.446808,-0.417856,-0.398678
0.447046,-0.414540,-0.399628
0.445741,-0.414502,-0.399205
0.445588,-0.411448,-0.396641
0.442760,-0.411921,-0.399625
0.443607,-0.409119,-0.397608
0.440644,-0.407969,-0.397187
0.442276,-0.405091,-0.397796
0.440453,-0.408366,-0.395896
0.439915,-0.403926,-0.396523
0.438017,-0.402437,-0.396512
0.436631,-0.402110,-0.396110
0.436320,-0.400112,-0.396386
0.435391,-0.399588,-0.396567
0.433952,-0.400252,-0.395565
0.433228,-0.397737,-0.396603
0.433556,-0.395169,-0.398463
0.427216,-0.396491,-0.395525
0.431007,-0.394116,-0.397361
0.429235,-0.393201,-0.395975
0.427816,-0.391852,-0.395482
0.428176,-0.392625,-0.397774
0.424515,-0.391335,-0.396582
0.423603,-0.389161,-0.395968
0.421834,-0.388847,-0.396573
0.422393,-0.387632,-0.397914
0.417002,-0.386219,-0.398387
0.418136,-0.385094,-0.398888
0.416907,-0.384552,-0.399314
0.416274,-0.381622,-0.399371
0.414817,-0.381352,-0.397972
0.414090,-0.382117,-0.396959
0.414539,-0.381529,-0.398013
0.410543,-0.379185,-0.399147
0.409042,-0.377983,-0.399823
0.407822,-0.377208,-0.400545
0.408020,-0.375409,-0.398095
0.405729,-0.374619,-0.396835
0.404186,-0.373817,-0.398330
0.405669,-0.373706,-0.398868
0.402915,-0.372720,-0.399237
0.402341,-0.370786,-0.399512
0.400114,-0.370315,-0.398428
0.398561,-0.368713,-0.399038
0.397365,-0.367826,-0.399883
0.396300,-0.365844,-0.400415
0.395014,-0.366273,-0.397947
0.394824,-0.365664,-0.400320
0.393016,-0.364852,-0.399893
0.392617,-0.362377,-0.400604
0.391485,-0.362375,-0.401148
0.389236,-0.360737,-0.399747
0.387604,-0.360578,-0.399094
0.385399,-0.359149,-0.401765
0.384305,-0.358141,-0.400047
0.384048,-0.355079,-0.401431
0.381914,-0.356956,-0.402242
0.381284,-0.355374,-0.403795
0.378458,-0.354580,-0.400889
0.377279,-0.353683,-0.401030
0.375323,-0.353670,-0.402272
0.373044,-0.353684,-0.404247
0.372548,-0.351270,-0.403107
0.370710,-0.350568,-0.405574
0.369621,-0.352227,-0.404472
0.364565,-0.350414,-0.406120
0.366729,-0.350858,-0.405801
0.362855,-0.351099,-0.406750
0.360192,-0.352090,-0.409591
0.358933,-0.350106,-0.408965
0.355908,-0.349998,-0.408044
0.354814,-0.350411,-0.411083
0.351419,-0.348391,-0.412545
0.351568,-0.349425,-0.413634
0.347179,-0.349810,-0.415368
0.344506,-0.351677,-0.416762
0.342233,-0.350655,-0.417993
0.341122,-0.348764,-0.418153
0.338686,-0.350150,-0.417234
0.336283,-0.349716,-0.419908
0.335425,-0.347349,-0.419938
0.333486,-0.345999,-0.419923
0.331613,-0.347611,-0.420470
0.331542,-0.345910,-0.421211
0.327866,-0.347677,-0.422308
0.326167,-0.345517,-0.423551
0.324062,-0.346178,-0.424889
0.323644,-0.344623,-0.425798
0.318965,-0.345374,-0.424443
0.319713,-0.343227,-0.427136
0.315906,-0.344283,-0.428329
0.313424,-0.344666,-0.428547
0.311099,-0.344428,-0.429861
0.307550,-0.343585,-0.430300
0.305381,-0.345028,-0.433734
0.302027,-0.346032,-0.432233
0.299338,-0.346760,-0.437368
0.294285,-0.349391,-0.438940
0.292481,-0.351027,-0.440713
0.287527,-0.349604,-0.443780
0.280020,-0.353738,-0.449282
0.276535,-0.357601,-0.451185
0.272270,-0.356746,-0.454286
0.268346,-0.358734,-0.456514
0.265790,-0.361362,-0.461985
0.258938,-0.361135,-0.461849
0.259853,-0.362567,-0.463067
0.255567,-0.362199,-0.464431
0.252581,-0.361961,-0.466763
0.249689,-0.362949,-0.467414
0.249150,-0.363360,-0.470073
0.243189,-0.364776,-0.472042
0.240201,-0.364570,-0.474240
0.237063,-0.363678,-0.476585
0.234540,-0.368924,-0.477164
0.231282,-0.370129,-0.478871
0.224129,-0.371568,-0.483787
0.220093,-0.375363,-0.490650
0.436424,-0.510716,-0.447348
0.444969,-0.500222,-0.437540
0.448206,-0.493891,-0.434071
0.450130,-0.489825,-0.431087
0.451647,-0.485827,-0.428428
0.453419,-0.481923,-0.425337
0.453894,-0.480435,-0.426148
0.453186,-0.476443,-0.423709
0.455262,-0.474048,-0.421332
0.454683,-0.468978,-0.418049
0.454547,-0.468901,-0.415780
0.457065,-0.464647,-0.414536
0.455511,-0.460021,-0.415212
0.455358,-0.459138,-0.413388
0.455560,-0.456873,-0.412617
0.456551,-0.455850,-0.410438
0.455536,-0.451065,-0.411237
0.453988,-0.449172,-0.408002
0.455785,-0.447212,-0.406564
0.453133,-0.445323,-0.407186
0.455290,-0.443342,-0.408028
0.455320,-0.441402,-0.405084
0.453215,-0.437386,-0.403521
0.454015,-0.436786,-0.402654
0.453151,-0.438005,-0.401511
0.454338,-0.434182,-0.400977
0.453320,-0.432794,-0.401892
0.452244,-0.430294,-0.399299
0.452295,-0.427803,-0.402880
0.449803,-0.427896,-0.398853
0.450537,-0.426930,-0.399174
0.450567,-0.423917,-0.398848
0.450384,-0.424429,-0.398315
0.448823,-0.422106,-0.398411
0.448358,-0.418243,-0.398285
0.446939,-0.416276,-0.398445
0.445139,-0.418455,-0.396301
0.444263,-0.414820,-0.398100
0.444230,-0.412450,-0.396072
0.442892,-0.412963,-0.396820
0.443379,-0.412475,-0.396599
0.441154,-0.409514,-0.396334
0.440455,-0.408981,-0.396747
0.439586,-0.407846,-0.395939
0.438777,-0.405544,-0.396960
0.437408,-0.406091,-0.395922
0.436225,-0.404016,-0.397257
0.434003,-0.403608,-0.395875
0.432772,-0.402665,-0.393810
0.433086,-0.402027,-0.395636
0.431780,-0.400195,-0.396463
0.430972,-0.397822,-0.395448
0.428691,-0.396707,-0.396675
0.426818,-0.393864,-0.395994
0.426273,-0.392886,-0.396945
0.426938,-0.394391,-0.396407
0.424093,-0.392925,-0.397498
0.424599,-0.390848,-0.396384
0.423871,-0.390339,-0.396578
0.419274,-0.389989,-0.395146
0.419468,-0.389155,-0.396584
0.417556,-0.387949,-0.396948
0.417023,-0.387758,-0.396393
0.417883,-0.386530,-0.396723
0.413582,-0.387916,-0.397374
0.413372,-0.383710,-0.395666
0.410488,-0.382891,-0.398505
0.411008,-0.382388,-0.397224
0.410007,-0.380484,-0.398721
0.406102,-0.378814,-0.398994
0.407509,-0.379528,-0.398282
0.403604,-0.378150,-0.398822
0.404224,-0.378581,-0.396035
0.401637,-0.376779,-0.398351
0.402202,-0.375574,-0.397159
0.400303,-0.373568,-0.401432
0.400121,-0.370962,-0.397721
0.398588,-0.371457,-0.399585
0.398599,-0.372176,-0.399732
0.397372,-0.371471,-0.399528
0.393667,-0.368096,-0.399482
0.395221,-0.366612,-0.398054
0.392188,-0.367793,-0.398457
0.391313,-0.365785,-0.400084
0.390418,-0.364561,-0.398586
0.387380,-0.364655,-0.397959
0.387175,-0.362476,-0.398644
0.385892,-0.360697,-0.399192
0.384057,-0.361465,-0.401189
0.384454,-0.358896,-0.400250
0.380729,-0.358143,-0.399169
0.381857,-0.358486,-0.400922
0.378677,-0.356494,-0.401722
0.378780,-0.357336,-0.400278
0.375151,-0.353653,-0.403753
0.375146,-0.356200,-0.401898
0.371904,-0.354486,-0.402732
0.371406,-0.352847,-0.404030
0.369847,-0.352884,-0.404644
0.367648,-0.352536,-0.405147
0.363417,-0.350245,-0.404736
0.363122,-0.353914,-0.406352
0.362141,-0.350507,-0.405852
0.359135,-0.352539,-0.409030
0.356318,-0.352125,-0.408656
0.354573,-0.349739,-0.410892
0.353417,-0.351214,-0.411430
0.350623,-0.352171,-0.412784
0.347790,-0.351091,-0.411509
0.345021,-0.351708,-0.415594
0.342581,-0.352326,-0.415216
0.340199,-0.352385,-0.417581
0.337312,-0.351938,-0.416151
0.336717,-0.351224,-0.418846
0.333850,-0.351907,-0.419181
0.333454,-0.349162,-0.418320
0.332615,-0.349945,-0.420223
0.328798,-0.347803,-0.419942
0.330007,-0.347628,-0.420714
0.326749,-0.349637,-0.420976
0.323384,-0.346839,-0.422501
0.323357,-0.348314,-0.423581
0.321414,-0.345932,-0.422307
0.318987,-0.347322,-0.427479
0.316233,-0.346734,-0.424556
0.314835,-0.344831,-0.426273
0.312962,-0.345830,-0.428454
0.309805,-0.344917,-0.429042
0.306983,-0.345462,-0.431135
0.305245,-0.346195,-0.430402
0.301212,-0.347996,-0.434479
0.297389,-0.347374,-0.436632
0.293245,-0.349834,-0.439632
0.290877,-0.350322,-0.441430
0.283255,-0.354702,-0.445302
0.279931,-0.357849,-0.448382
0.274085,-0.359807,-0.452858
0.269732,-0.361310,-0.455490
0.264801,-0.362568,-0.458347
0.261751,-0.362970,-0.459998
0.258890,-0.363259,-0.462889
0.256147,-0.365648,-0.463479
0.255242,-0.366146,-0.463117
0.251309,-0.363331,-0.466213
0.248562,-0.364585,-0.467504
0.245434,-0.365421,-0.467492
0.243898,-0.365944,-0.470152
0.239465,-0.364579,-0.472183
0.235922,-0.367372,-0.473643
0.234824,-0.369504,-0.475640
0.229098,-0.370429,-0.478790
0.225155,-0.373752,-0.483173
0.216875,-0.376736,-0.486678
0.440532,-0.505945,-0.440616
0.444441,-0.500346,-0.435506
0.447606,-0.493931,-0.431467
0.448922,-0.492032,-0.430023
0.451684,-0.486916,-0.425739
0.449842,-0.483974,-0.423723
0.452286,-0.481486,-0.422699
0.453398,-0.475739,-0.421340
0.454168,-0.474200,-0.417300
0.453873,-0.471585,-0.416531
0.454780,-0.467992,-0.415251
0.454379,-0.464827,-0.413689
0.455895,-0.463569,-0.412513
0.455511,-0.458801,-0.410694
0.454595,-0.458081,-0.409443
0.454523,-0.456466,-0.409049
0.457059,-0.453934,-0.408222
0.455072,-0.449822,-0.405888
0.454141,-0.447970,-0.405695
0.455109,-0.448680,-0.404059
0.454975,-0.443671,-0.404525
0.453476,-0.444158,-0.404148
0.451916,-0.440606,-0.402025
0.452189,-0.438425,-0.400205
0.453224,-0.436978,-0.400853
0.452198,-0.434433,-0.399805
0.451375,-0.433830,-0.400276
0.452644,-0.430820,-0.398657
0.450727,-0.430143,-0.399496
0.449142,-0.428985,-0.399156
0.449897,-0.427308,-0.396356
0.448195,-0.425078,-0.399611
0.446588,-0.422479,-0.396474
0.445937,-0.421235,-0.397444
0.447996,-0.420732,-0.399177
0.446377,-0.419957,-0.398625
0.445666,-0.417674,-0.395596
0.440940,-0.415724,-0.394565
0.443157,-0.413697,-0.395906
0.443280,-0.413810,-0.395991
0.440762,-0.413194,-0.397020
0.439606,-0.411697,-0.394869
0.439762,-0.407952,-0.394640
0.435405,-0.407905,-0.393229
0.436719,-0.405775,-0.393501
0.434853,-0.406823,-0.393530
0.435989,-0.406788,-0.394878
0.433954,-0.403329,-0.394096
0.432828,-0.401517,-0.397013
0.432425,-0.401731,-0.395592
0.430084,-0.399099,-0.392275
0.429434,-0.398736,-0.395263
0.427627,-0.398279,-0.395268
0.428265,-0.398167,-0.394654
0.425384,-0.396867,-0.396285
0.425037,-0.395040,-0.395248
0.423115,-0.393693,-0.395538
0.422549,-0.391815,-0.394414
0.419974,-0.391713,-0.395368
0.419600,-0.391135,-0.395051
0.418000,-0.391732,-0.397871
0.416842,-0.388325,-0.397348
0.414797,-0.389189,-0.396681
0.414179,-0.387549,-0.397035
0.414227,-0.386579,-0.398076
0.412098,-0.386196,-0.396276
0.411310,-0.385149,-0.397046
0.408101,-0.383633,-0.396655
0.408761,-0.380907,-0.396349
0.405430,-0.380070,-0.395082
0.404703,-0.380199,-0.396091
0.405647,-0.378623,-0.397800
0.403710,-0.377131,-0.396334
0.402591,-0.377496,-0.397145
0.401104,-0.377848,-0.397590
0.399009,-0.376144,-0.397406
0.397518,-0.376003,-0.396811
0.397004,-0.372714,-0.397803
0.396463,-0.372150,-0.398095
0.394993,-0.370261,-0.397474
0.394398,-0.370929,-0.397801
0.394654,-0.369236,-0.399239
0.391389,-0.367604,-0.397390
0.388482,-0.366864,-0.399352
0.387505,-0.367920,-0.397755
0.384889,-0.365540,-0.397409
0.387562,-0.365065,-0.398501
0.384099,-0.363704,-0.398128
0.385175,-0.361607,-0.400342
0.381552,-0.360626,-0.397568
0.381156,-0.361685,-0.398824
0.378588,-0.360066,-0.401187
0.377210,-0.358389,-0.400865
0.376653,-0.359137,-0.399487
0.375379,-0.357459,-0.401800
0.373072,-0.357017,-0.402970
0.371561,-0.356643,-0.402248
0.369209,-0.356367,-0.402200
0.368661,-0.356437,-0.401955
0.366540,-0.355296,-0.404058
0.363359,-0.354926,-0.403572
0.362335,-0.354379,-0.406658
0.361624,-0.354074,-0.405233
0.359603,-0.353892,-0.405474
0.356887,-0.353693,-0.408292
0.351709,-0.351534,-0.407584
0.351508,-0.354226,-0.410402
0.349130,-0.353604,-0.410177
0.345108,-0.352953,-0.414149
0.343771,-0.352821,-0.414134
0.341725,-0.352817,-0.414733
0.339274,-0.352594,-0.415445
0.337482,-0.353319,-0.415144
0.335127,-0.353281,-0.417233
0.333978,-0.350951,-0.417694
0.334597,-0.351239,-0.417691
0.332047,-0.350581,-0.419562
0.328967,-0.347983,-0.418304
0.326467,-0.349927,-0.419871
0.324755,-0.348389,-0.420219
0.324464,-0.349007,-0.421871
0.320611,-0.350014,-0.420549
0.320708,-0.348735,-0.423156
0.318316,-0.348229,-0.423907
0.316404,-0.348337,-0.423760
0.311510,-0.346270,-0.427259
0.311174,-0.348295,-0.426244
0.307951,-0.348566,-0.425553
0.302298,-0.346754,-0.430780
0.302991,-0.350303,-0.432770
0.300079,-0.349307,-0.433003
0.295526,-0.351112,-0.433667
0.290850,-0.351397,-0.437939
0.288558,-0.351319,-0.442501
0.283402,-0.356914,-0.444762
0.276851,-0.358968,-0.449856
0.273221,-0.361281,-0.452358
0.269050,-0.363403,-0.453427
0.264309,-0.363580,-0.456976
0.262003,-0.365523,-0.459749
0.257669,-0.364942,-0.461341
0.254976,-0.365045,-0.462536
0.252552,-0.365979,-0.463663
0.248676,-0.365835,-0.465651
0.247347,-0.367279,-0.467328
0.243526,-0.367419,-0.469776
0.240800,-0.366230,-0.470723
0.239677,-0.367227,-0.470803
0.234535,-0.370365,-0.473242
0.231382,-0.369461,-0.477370
0.228264,-0.368909,-0.480180
0.219394,-0.372774,-0.484530
0.215121,-0.376352,-0.486011
0.431814,-0.519989,-0.450659
0.442551,-0.505663,-0.438131
0.445522,-0.498598,-0.433154
0.447262,-0.494239,-0.429902
0.448082,-0.488763,-0.426669
0.449634,-0.486039,-0.424979
0.450381,-0.483016,-0.423049
0.451148,-0.480324,-0.420711
0.452327,-0.478528,-0.417586
0.452358,-0.473735,-0.418002
0.453590,-0.471085,-0.416310
0.453516,-0.469242,-0.414544
0.452354,-0.467029,-0.413454
0.453063,-0.465523,-0.410666
0.453466,-0.461313,-0.410078
0.454111,-0.457966,-0.409850
0.454823,-0.456259,-0.409359
0.454579,-0.452720,-0.404835
0.453241,-0.451409,-0.405826
0.455278,-0.450254,-0.404326
0.454333,-0.448090,-0.403520
0.454836,-0.446692,-0.402988
0.452556,-0.444250,-0.402312
0.452497,-0.442054,-0.402692
0.452891,-0.441932,-0.398512
0.451637,-0.436856,-0.398885
0.452575,-0.435977,-0.398238
0.449814,-0.431946,-0.398855
0.448414,-0.432451,-0.397357
0.450295,-0.431959,-0.397885
0.448969,-0.427449,-0.398332
0.449068,-0.427941,-0.398347
0.447667,-0.425207,-0.395468
0.447543,-0.424238,-0.396002
0.447402,-0.424339,-0.394115
0.447458,-0.421889,-0.395047
0.444703,-0.420677,-0.393311
0.442470,-0.418584,-0.393335
0.442691,-0.416143,-0.393645
0.443056,-0.416257,-0.395280
0.439165,-0.413231,-0.393801
0.440250,-0.413171,-0.394452
0.438323,-0.411579,-0.393257
0.438448,-0.411805,-0.394264
0.437190,-0.408837,-0.392016
0.436331,-0.407518,-0.394262
0.437068,-0.406007,-0.393169
0.433950,-0.405928,-0.392478
0.432188,-0.405770,-0.393139
0.430272,-0.403602,-0.393995
0.431056,-0.402555,-0.392309
0.427084,-0.402533,-0.392597
0.426728,-0.400785,-0.393205
0.426516,-0.399064,-0.395272
0.426808,-0.399368,-0.395000
0.425515,-0.398221,-0.393591
0.422895,-0.397182,-0.394342
0.422460,-0.395916,-0.393407
0.421389,-0.394028,-0.392757
0.417359,-0.392587,-0.396315
0.417934,-0.392557,-0.393348
0.415464,-0.389034,-0.394387
0.414573,-0.389905,-0.394513
0.413473,-0.389515,-0.394143
0.413511,-0.388624,-0.394544
0.410902,-0.388078,-0.396373
0.412402,-0.388772,-0.395491
0.407329,-0.383249,-0.395084
0.407317,-0.384251,-0.394566
0.406637,-0.384840,-0.397173
0.405986,-0.381862,-0.394548
0.403777,-0.380382,-0.397697
0.404307,-0.380801,-0.396263
0.401290,-0.380640,-0.395441
0.400222,-0.378393,-0.396684
0.400878,-0.376214,-0.396100
0.397827,-0.376022,-0.395777
0.396086,-0.375656,-0.396854
0.395106,-0.373800,-0.395861
0.394592,-0.372165,-0.396857
0.393503,-0.371170,-0.396927
0.392720,-0.371237,-0.396484
0.392394,-0.368963,-0.394569
0.389952,-0.371532,-0.396139
0.388279,-0.369391,-0.397384
0.387619,-0.365745,-0.395631
0.385950,-0.366121,-0.397744
0.384255,-0.363885,-0.398514
0.382509,-0.365762,-0.397116
0.383070,-0.364264,-0.396725
0.380428,-0.363125,-0.397355
0.377869,-0.361487,-0.398268
0.379005,-0.360453,-0.399807
0.377189,-0.359335,-0.398213
0.374329,-0.359824,-0.401073
0.374855,-0.358037,-0.398189
0.370758,-0.358650,-0.400633
0.368931,-0.357330,-0.401311
0.367867,-0.357860,-0.401165
0.365045,-0.355540,-0.401738
0.364396,-0.356857,-0.402237
0.361795,-0.355738,-0.403009
0.358309,-0.355416,-0.402973
0.358121,-0.354093,-0.405627
0.356347,-0.355791,-0.406293
0.353255,-0.354648,-0.405782
0.350806,-0.353807,-0.407380
0.350316,-0.354290,-0.407784
0.347110,-0.354105,-0.412045
0.343895,-0.355405,-0.412728
0.342034,-0.356146,-0.411418
0.340840,-0.355094,-0.414120
0.337725,-0.354640,-0.414916
0.334194,-0.354640,-0.416514
0.334391,-0.354072,-0.415692
0.331885,-0.351933,-0.416458
0.332272,-0.353142,-0.417842
0.330877,-0.352227,-0.418923
0.328709,-0.351232,-0.420008
0.325192,-0.349930,-0.418218
0.322980,-0.349614,-0.419715
0.321070,-0.350552,-0.421176
0.318414,-0.350132,-0.422054
0.317826,-0.350218,-0.421583
0.315941,-0.346393,-0.423487
0.314701,-0.348780,-0.423153
0.312080,-0.349238,-0.424980
0.308805,-0.347051,-0.426689
0.304877,-0.349368,-0.427904
0.303974,-0.348175,-0.430513
0.302846,-0.349104,-0.429053
0.298126,-0.351615,-0.431436
0.294865,-0.353987,-0.434192
0.292752,-0.354018,-0.435606
0.285169,-0.354818,-0.441910
0.278753,-0.358617,-0.442638
0.274395,-0.360063,-0.447930
0.271296,-0.363186,-0.452642
0.266780,-0.363687,-0.453604
0.262915,-0.366354,-0.456944
0.259923,-0.367240,-0.459004
0.255699,-0.369028,-0.461642
0.253097,-0.365385,-0.462132
0.249451,-0.368684,-0.462705
0.249484,-0.368585,-0.463391
0.244118,-0.366226,-0.465618
0.242584,-0.370206,-0.468388
0.238076,-0.368696,-0.468228
0.236213,-0.370335,-0.471570
0.233483,-0.371630,-0.474729
0.228189,-0.371243,-0.474889
0.226551,-0.370711,-0.476578
0.218208,-0.374853,-0.481349
0.213376,-0.379017,-0.486495
0.435214,-0.514285,-0.442203
0.443609,-0.504670,-0.435295
0.445282,-0.499580,-0.432509
0.447749,-0.494105,-0.427273
0.451012,-0.491058,-0.422694
0.450413,-0.489456,-0.422788
0.450668,-0.485008,-0.419796
0.449887,-0.481315,-0.420326
0.451087,-0.478129,-0.418385
0.453033,-0.475441,-0.415896
0.450951,-0.472496,-0.412723
0.452858,-0.468068,-0.412713
0.452770,-0.467151,-0.411261
0.454019,-0.466080,-0.410566
0.453886,-0.463986,-0.409937
0.453393,-0.460803,-0.409148
0.453137,-0.457059,-0.407144
0.452807,-0.455130,-0.405905
0.454134,-0.450839,-0.405364
0.453369,-0.448850,-0.403463
0.455231,-0.447717,-0.403167
0.451895,-0.447390,-0.401352
0.451705,-0.445052,-0.400966
0.451640,-0.442264,-0.400219
0.451326,-0.440810,-0.398280
0.452975,-0.439963,-0.399414
0.451470,-0.436093,-0.398671
0.449207,-0.435260,-0.398978
0.450606,-0.434462,-0.397358
0.448838,-0.431107,-0.397144
0.447050,-0.430960,-0.397436
0.447650,-0.428322,-0.394333
0.445753,-0.427689,-0.393889
0.445716,-0.425311,-0.392456
0.445541,-0.424553,-0.394891
0.443895,-0.424320,-0.394969
0.445478,-0.420530,-0.395051
0.443112,-0.421190,-0.392870
0.443615,-0.417687,-0.392519
0.440350,-0.415462,-0.394175
0.440399,-0.415510,-0.393840
0.437839,-0.413190,-0.393220
0.438699,-0.411980,-0.392332
0.436653,-0.412535,-0.393285
0.435952,-0.410889,-0.391314
0.433298,-0.409754,-0.392025
0.435960,-0.408839,-0.392353
0.433605,-0.407433,-0.393084
0.431761,-0.404937,-0.391848
0.431051,-0.402781,-0.392272
0.429859,-0.406003,-0.393860
0.429160,-0.403942,-0.391091
0.428868,-0.402209,-0.392394
0.425354,-0.401357,-0.392045
0.424176,-0.398585,-0.393828
0.423807,-0.398506,-0.391874
0.421380,-0.398586,-0.391536
0.421024,-0.395557,-0.392319
0.419146,-0.393485,-0.392394
0.417463,-0.395400,-0.393429
0.418322,-0.392648,-0.393619
0.415178,-0.393250,-0.397046
0.412175,-0.391991,-0.394467
0.411525,-0.391203,-0.395535
0.412040,-0.390955,-0.395582
0.409968,-0.389387,-0.394547
0.406902,-0.387501,-0.396249
0.407317,-0.387245,-0.394820
0.406134,-0.385992,-0.394469
0.405504,-0.385481,-0.394944
0.403825,-0.383601,-0.395783
0.402213,-0.384332,-0.392462
0.401494,-0.382539,-0.394942
0.400093,-0.383054,-0.395847
0.398761,-0.381143,-0.393792
0.399211,-0.379261,-0.395378
0.396926,-0.376368,-0.395624
0.395507,-0.377753,-0.394668
0.393609,-0.376268,-0.394699
0.393854,-0.374775,-0.395960
0.392124,-0.373754,-0.395314
0.391657,-0.372901,-0.395413
0.388735,-0.370393,-0.396810
0.387398,-0.371211,-0.396611
0.386607,-0.369679,-0.396690
0.383871,-0.367536,-0.397497
0.382998,-0.367774,-0.396464
0.383603,-0.366234,-0.397449
0.379406,-0.365745,-0.398739
0.379401,-0.363741,-0.395687
0.379216,-0.363457,-0.397275
0.377286,-0.362017,-0.396453
0.376887,-0.363378,-0.398702
0.375217,-0.361298,-0.398529
0.373210,-0.362309,-0.399597
0.372099,-0.361485,-0.399141
0.369724,-0.360601,-0.401473
0.368270,-0.358493,-0.400370
0.365688,-0.359607,-0.399683
0.365125,-0.358963,-0.398974
0.362099,-0.357944,-0.402091
0.360590,-0.356113,-0.401837
0.360411,-0.357337,-0.402165
0.356023,-0.355999,-0.404461
0.354884,-0.356412,-0.404896
0.352595,-0.354634,-0.406677
0.348799,-0.356082,-0.406333
0.348315,-0.356652,-0.409322
0.347313,-0.354817,-0.410080
0.344377,-0.356020,-0.409930
0.340423,-0.355489,-0.411139
0.337564,-0.358398,-0.414232
0.335978,-0.358005,-0.415696
0.333379,-0.356663,-0.413867
0.332495,-0.354636,-0.414787
0.331528,-0.354691,-0.415675
0.330646,-0.353259,-0.416338
0.328115,-0.352835,-0.417918
0.328408,-0.353431,-0.416910
0.322863,-0.352319,-0.418265
0.323412,-0.352983,-0.420043
0.320431,-0.351153,-0.421350
0.319238,-0.351456,-0.420192
0.314946,-0.349296,-0.419017
0.314707,-0.350712,-0.421329
0.311474,-0.350635,-0.423899
0.310438,-0.350969,-0.424810
0.307262,-0.350540,-0.425090
0.304311,-0.351762,-0.426246
0.301914,-0.351557,-0.427182
0.300441,-0.352315,-0.430730
0.296628,-0.351543,-0.432698
0.291892,-0.354307,-0.434111
0.287773,-0.356083,-0.436663
0.283122,-0.357051,-0.440893
0.277907,-0.360006,-0.444009
0.271880,-0.363439,-0.448912
0.268573,-0.364120,-0.451301
0.263862,-0.365875,-0.453423
0.260600,-0.366398,-0.456108
0.255858,-0.370408,-0.456945
0.253500,-0.368785,-0.460510
0.251655,-0.370477,-0.461108
0.247964,-0.369151,-0.461965
0.246546,-0.368859,-0.463327
0.244251,-0.371865,-0.467129
0.241701,-0.370322,-0.466541
0.237097,-0.372072,-0.470026
0.233647,-0.370518,-0.470974
0.231158,-0.375472,-0.472863
0.228251,-0.371557,-0.476211
0.225065,-0.375471,-0.476745
0.216999,-0.377262,-0.481126
0.212045,-0.379869,-0.488974
0.207680,-0.380885,-0.487475
0.423590,-0.529348,-0.454289
0.439128,-0.510371,-0.435365
0.441923,-0.505663,-0.433923
0.444622,-0.500142,-0.428891
0.446054,-0.496332,-0.425718
0.447086,-0.489842,-0.424490
0.448594,-0.488701,-0.422058
0.449885,-0.483534,-0.419954
0.450474,-0.482437,-0.418445
0.450106,-0.480162,-0.418255
0.452936,-0.475383,-0.414101
0.451612,-0.474093,-0.414827
0.451010,-0.470066,-0.411184
0.451742,-0.470564,-0.410198
0.454722,-0.464749,-0.409758
0.451668,-0.464975,-0.407943
0.451526,-0.458713,-0.406070
0.453405,-0.455793,-0.404370
0.453308,-0.455439,-0.405570
0.453767,-0.454803,-0.404328
0.451427,-0.450857,-0.403802
0.452927,-0.449924,-0.402351
0.451933,-0.447383,-0.401062
0.452327,-0.445292,-0.398822
0.451327,-0.443711,-0.397233
0.450193,-0.440572,-0.397612
0.450546,-0.439639,-0.396562
0.449027,-0.437043,-0.395650
0.448688,-0.436853,-0.396132
0.446874,-0.435229,-0.395693
0.448291,-0.433381,-0.396885
0.446939,-0.429604,-0.396820
0.444990,-0.431502,-0.394258
0.445768,-0.429809,-0.395285
0.443334,-0.426568,-0.392598
0.444713,-0.424728,-0.391720
0.442153,-0.424245,-0.392406
0.440950,-0.423573,-0.392995
0.440848,-0.421386,-0.394131
0.440707,-0.418661,-0.392790
0.438054,-0.419625,-0.392422
0.439105,-0.416133,-0.390468
0.438154,-0.415008,-0.392209
0.437289,-0.414686,-0.392646
0.436423,-0.411874,-0.392613
0.436533,-0.412747,-0.390856
0.433995,-0.409549,-0.390310
0.432889,-0.408346,-0.391660
0.431119,-0.408633,-0.389423
0.430929,-0.408028,-0.390089
0.428187,-0.405180,-0.391198
0.427217,-0.405343,-0.392219
0.425193,-0.404368,-0.392370
0.425163,-0.401664,-0.391849
0.424023,-0.403104,-0.390446
0.423904,-0.402345,-0.392029
0.421506,-0.400465,-0.390801
0.419408,-0.399909,-0.391457
0.420838,-0.397158,-0.391740
0.416873,-0.397528,-0.391661
0.416682,-0.397474,-0.392709
0.414129,-0.397097,-0.394373
0.413643,-0.394588,-0.393567
0.412211,-0.394286,-0.393299
0.409952,-0.392699,-0.393220
0.409634,-0.390904,-0.395132
0.408098,-0.390929,-0.394919
0.408139,-0.390451,-0.393723
0.407298,-0.389357,-0.393175
0.407142,-0.389075,-0.395054
0.405259,-0.386503,-0.393816
0.403095,-0.386310,-0.393884
0.402756,-0.385327,-0.393279
0.401651,-0.381496,-0.394421
0.399592,-0.382366,-0.396951
0.397338,-0.382013,-0.395056
0.396809,-0.381836,-0.394919
0.393289,-0.379576,-0.396309
0.394197,-0.378366,-0.393933
0.391849,-0.378281,-0.395104
0.394358,-0.377828,-0.395054
0.390984,-0.375120,-0.394615
0.389301,-0.374823,-0.394163
0.386981,-0.373438,-0.394495
0.386554,-0.369008,-0.396963
0.387140,-0.370563,-0.393715
0.383278,-0.369787,-0.396936
0.382390,-0.368723,-0.396756
0.380687,-0.370258,-0.396209
0.382109,-0.365268,-0.395486
0.378805,-0.365342,-0.397684
0.378624,-0.365494,-0.396730
0.375318,-0.364441,-0.396230
0.375571,-0.362760,-0.396439
0.373331,-0.360824,-0.397899
0.369022,-0.362226,-0.399190
0.369814,-0.361157,-0.400740
0.367337,-0.363371,-0.399831
0.366274,-0.360183,-0.398946
0.363579,-0.362082,-0.400691
0.362607,-0.358634,-0.401120
0.362805,-0.359256,-0.402125
0.358086,-0.358994,-0.401106
0.358894,-0.360141,-0.405228
0.355423,-0.356081,-0.404415
0.354429,-0.360780,-0.403514
0.351748,-0.357218,-0.405567
0.349561,-0.356192,-0.406631
0.345722,-0.358401,-0.406363
0.345001,-0.358021,-0.409816
0.342463,-0.358998,-0.409302
0.339792,-0.358428,-0.411677
0.338369,-0.357892,-0.412724
0.335729,-0.357053,-0.414449
0.331848,-0.357354,-0.412495
0.329892,-0.356167,-0.415748
0.330978,-0.357017,-0.415038
0.329359,-0.355432,-0.414764
0.326512,-0.354798,-0.417168
0.323607,-0.354176,-0.418413
0.322394,-0.352603,-0.416278
0.320972,-0.353631,-0.418114
0.318894,-0.353115,-0.416612
0.316056,-0.352661,-0.420384
0.313177,-0.350734,-0.421220
0.311131,-0.351114,-0.421597
0.311304,-0.353165,-0.422293
0.309125,-0.354109,-0.423980
0.305048,-0.352066,-0.423087
0.302596,-0.351723,-0.425874
0.298995,-0.352674,-0.427526
0.296826,-0.354112,-0.429119
0.291979,-0.353072,-0.431397
0.291003,-0.354707,-0.432599
0.285276,-0.356525,-0.435992
0.281072,-0.359606,-0.440807
0.276511,-0.363079,-0.445175
0.268824,-0.366629,-0.448906
0.266078,-0.366789,-0.451397
0.260803,-0.367274,-0.452373
0.259108,-0.370059,-0.456007
0.256111,-0.372626,-0.459159
0.251131,-0.371331,-0.459437
0.248946,-0.371148,-0.462138
0.246649,-0.371021,-0.462798
0.245492,-0.369058,-0.465224
0.243050,-0.371043,-0.464745
0.238924,-0.372866,-0.465930
0.236973,-0.375120,-0.468187
0.232053,-0.372901,-0.472266
0.227707,-0.374349,-0.473207
0.225285,-0.377117,-0.475607
0.222349,-0.378014,-0.476676
0.216868,-0.376869,-0.481254
0.208445,-0.383263,-0.483267
0.206255,-0.383628,-0.488297
0.427661,-0.525018,-0.446491
0.437199,-0.511823,-0.436261
0.441195,-0.504554,-0.430104
0.445006,-0.499949,-0.429320
0.448929,-0.495584,-0.424397
0.448444,-0.493023,-0.423081
0.448640,-0.488500,-0.419456
0.450618,-0.484077,-0.420012
0.449051,-0.481883,-0.416177
0.451412,-0.480528,-0.414343
0.449422,-0.477330,-0.411797
0.451255,-0.474914,-0.411957
0.452448,-0.471017,-0.410510
0.452410,-0.469362,-0.409613
0.450768,-0.466360,-0.409617
0.453060,-0.463710,-0.407675
0.451367,-0.461510,-0.403227
0.450026,-0.458901,-0.402788
0.452385,-0.456964,-0.402903
0.450780,-0.456436,-0.402363
0.451145,-0.452048,-0.399096
0.450904,-0.451147,-0.398893
0.451214,-0.448921,-0.398751
0.450693,-0.449679,-0.399048
0.449657,-0.443152,-0.398761
0.450834,-0.442370,-0.397394
0.450267,-0.442323,-0.396309
0.448670,-0.438453,-0.395873
0.448910,-0.437776,-0.394093
0.447552,-0.437120,-0.397238
0.447656,-0.435418,-0.394800
0.444128,-0.433915,-0.394447
0.444888,-0.432440,-0.395004
0.443528,-0.430483,-0.392935
0.444512,-0.427097,-0.390520
0.442538,-0.426100,-0.391864
0.441318,-0.425316,-0.391544
0.438470,-0.423473,-0.393871
0.438243,-0.422154,-0.390496
0.440298,-0.420995,-0.390876
0.437729,-0.418735,-0.390663
0.436028,-0.420213,-0.393802
0.438383,-0.414583,-0.392193
0.435010,-0.415649,-0.391460
0.434447,-0.414060,-0.390539
0.434454,-0.414586,-0.391884
0.432778,-0.411108,-0.389115
0.431424,-0.410653,-0.390285
0.430172,-0.410809,-0.391574
0.429231,-0.408820,-0.389747
0.428662,-0.409211,-0.391482
0.428348,-0.406555,-0.390971
0.425299,-0.405292,-0.391850
0.425504,-0.404236,-0.391130
0.424147,-0.404543,-0.387394
0.420901,-0.402380,-0.391786
0.421989,-0.399422,-0.389576
0.419060,-0.399036,-0.391734
0.417692,-0.399606,-0.391287
0.417885,-0.398777,-0.392825
0.415702,-0.399340,-0.391889
0.413699,-0.396788,-0.392247
0.413200,-0.395838,-0.391256
0.412650,-0.393641,-0.392425
0.409037,-0.393090,-0.392688
0.408650,-0.393091,-0.391887
0.408439,-0.392162,-0.391111
0.406645,-0.389826,-0.391558
0.403176,-0.390780,-0.391716
0.404044,-0.388806,-0.390750
0.402735,-0.386502,-0.392539
0.401276,-0.387113,-0.393145
0.398800,-0.388044,-0.392653
0.398768,-0.385800,-0.393561
0.395547,-0.385108,-0.394686
0.396976,-0.383486,-0.393414
0.393767,-0.382236,-0.393085
0.395506,-0.382233,-0.392988
0.392787,-0.378278,-0.392217
0.391879,-0.378122,-0.394790
0.392116,-0.378231,-0.392449
0.388605,-0.374026,-0.392447
0.388579,-0.374663,-0.393758
0.386310,-0.375350,-0.394706
0.385536,-0.371638,-0.392330
0.382979,-0.373495,-0.394153
0.379738,-0.371888,-0.394295
0.381549,-0.370188,-0.393931
0.378794,-0.369362,-0.395804
0.378343,-0.367751,-0.395479
0.376693,-0.368728,-0.396726
0.376525,-0.366699,-0.396219
0.375159,-0.366053,-0.396788
0.372069,-0.365224,-0.396548
0.370188,-0.365530,-0.397655
0.367704,-0.364280,-0.397787
0.371323,-0.363306,-0.396452
0.367213,-0.361680,-0.398340
0.363557,-0.363254,-0.398936
0.365350,-0.362180,-0.400686
0.362006,-0.360863,-0.399726
0.361256,-0.358994,-0.398939
0.357930,-0.359288,-0.400490
0.354998,-0.361204,-0.403281
0.353647,-0.361585,-0.403189
0.351431,-0.359784,-0.403625
0.349963,-0.357756,-0.405346
0.347669,-0.359468,-0.407636
0.345377,-0.358665,-0.405283
0.342436,-0.357042,-0.407647
0.340679,-0.360527,-0.408557
0.338695,-0.360277,-0.409991
0.337045,-0.358425,-0.411439
0.332904,-0.360508,-0.411260
0.333003,-0.358433,-0.413595
0.329906,-0.358387,-0.411854
0.327425,-0.357295,-0.413226
0.328362,-0.355100,-0.413280
0.324798,-0.357629,-0.415725
0.324266,-0.356316,-0.416458
0.323310,-0.356561,-0.415390
0.319992,-0.353702,-0.417718
0.315462,-0.354280,-0.419188
0.315018,-0.353357,-0.418808
0.311323,-0.354647,-0.421571
0.312617,-0.351754,-0.419307
0.308406,-0.353711,-0.421465
0.307336,-0.353664,-0.424321
0.304233,-0.353824,-0.424037
0.301079,-0.352686,-0.426089
0.298350,-0.355682,-0.428437
0.295236,-0.355805,-0.430698
0.290962,-0.356604,-0.432273
0.286216,-0.358583,-0.434897
0.284589,-0.360397,-0.439258
0.278554,-0.361706,-0.441243
0.274079,-0.365554,-0.444729
0.268287,-0.367484,-0.448788
0.263693,-0.368781,-0.452336
0.259800,-0.369832,-0.451571
0.254286,-0.373208,-0.454527
0.253129,-0.371697,-0.457487
0.250280,-0.373175,-0.459874
0.248806,-0.373759,-0.461357
0.244590,-0.371912,-0.460346
0.242330,-0.375660,-0.462714
0.239585,-0.373298,-0.467333
0.235263,-0.375747,-0.465865
0.233380,-0.373527,-0.468177
0.230221,-0.374216,-0.470397
0.227504,-0.376850,-0.472174
0.223484,-0.376728,-0.473482
0.219845,-0.379246,-0.475569
0.213856,-0.380441,-0.480403
0.209057,-0.383439,-0.484881
0.203924,-0.386587,-0.487830
0.432660,-0.516951,-0.438955
0.437594,-0.510440,-0.432184
0.442444,-0.504440,-0.429915
0.445143,-0.499985,-0.425470
0.445521,-0.494907,-0.422794
0.446675,-0.493098,-0.421569
0.449387,-0.490085,-0.419458
0.449501,-0.484404,-0.415019
0.448670,-0.482567,-0.414096
0.450005,-0.480320,-0.410422
0.450722,-0.479271,-0.411314
0.449957,-0.474425,-0.410833
0.450234,-0.473725,-0.409403
0.448930,-0.468199,-0.408794
0.450814,-0.468312,-0.405502
0.452366,-0.463851,-0.403851
0.451758,-0.462169,-0.403311
0.449161,-0.460395,-0.402605
0.449516,-0.457274,-0.400798
0.449376,-0.456424,-0.400188
0.451396,-0.452183,-0.400162
0.449401,-0.451137,-0.398793
0.449768,-0.450255,-0.397310
0.449521,-0.446115,-0.396984
0.449747,-0.444592,-0.395560
0.448464,-0.444452,-0.395937
0.446844,-0.443832,-0.395586
0.448042,-0.439294,-0.394383
0.446951,-0.438818,-0.395211
0.445372,-0.434657,-0.391237
0.445649,-0.433894,-0.393135
0.442854,-0.432850,-0.392436
0.444320,-0.432063,-0.392601
0.443399,-0.429730,-0.390627
0.443940,-0.426147,-0.392176
0.441978,-0.430352,-0.390553
0.441127,-0.424488,-0.391102
0.439498,-0.424954,-0.388450
0.440525,-0.421898,-0.390670
0.439246,-0.421697,-0.390227
0.437279,-0.422166,-0.389881
0.437408,-0.420388,-0.388764
0.437102,-0.420028,-0.391630
0.433489,-0.417329,-0.390432
0.433485,-0.413417,-0.390431
0.434276,-0.415602,-0.389723
0.433399,-0.413484,-0.389681
0.429501,-0.412515,-0.389371
0.427907,-0.410131,-0.389212
0.427781,-0.409573,-0.388888
0.427026,-0.407601,-0.389248
0.425064,-0.405776,-0.389323
0.424159,-0.406414,-0.389388
0.424924,-0.405075,-0.389550
0.422190,-0.403789,-0.389883
0.421873,-0.403224,-0.389416
0.419996,-0.401478,-0.390493
0.418916,-0.401493,-0.389831
0.417343,-0.401183,-0.390831
0.416335,-0.401183,-0.390202
0.413623,-0.400190,-0.390484
0.411016,-0.400195,-0.391184
0.412259,-0.395838,-0.390099
0.408763,-0.394922,-0.390871
0.408377,-0.397623,-0.390341
0.407851,-0.393203,-0.389866
0.406449,-0.392526,-0.393181
0.404766,-0.394008,-0.392207
0.405175,-0.391116,-0.393427
0.403081,-0.391435,-0.391005
0.400481,-0.388824,-0.391848
0.401425,-0.389869,-0.393287
0.399680,-0.386069,-0.392762
0.394954,-0.386593,-0.392305
0.395013,-0.386007,-0.393351
0.395131,-0.384790,-0.392695
0.396200,-0.384627,-0.393783
0.391754,-0.381039,-0.392684
0.390728,-0.380965,-0.392278
0.390361,-0.380229,-0.392629
0.389959,-0.380658,-0.392118
0.384410,-0.376754,-0.395094
0.386189,-0.375360,-0.394568
0.385215,-0.375336,-0.396607
0.385002,-0.376411,-0.395343
0.381924,-0.373516,-0.393272
0.380092,-0.372114,-0.395281
0.378894,-0.372460,-0.393632
0.378860,-0.371157,-0.394802
0.375933,-0.370314,-0.394551
0.375359,-0.369916,-0.394476
0.374663,-0.368950,-0.394716
0.374305,-0.368192,-0.394902
0.371185,-0.368840,-0.395532
0.371128,-0.363863,-0.397599
0.368084,-0.364465,-0.397662
0.365801,-0.365200,-0.397694
0.364647,-0.365552,-0.397440
0.364124,-0.363717,-0.399833
0.363054,-0.363595,-0.398614
0.359311,-0.364121,-0.397329
0.359451,-0.363214,-0.398695
0.355241,-0.360912,-0.399797
0.354716,-0.361328,-0.402877
0.352338,-0.362154,-0.402957
0.349450,-0.359411,-0.403257
0.348101,-0.359077,-0.403543
0.346872,-0.358918,-0.403680
0.342789,-0.358881,-0.405217
0.340734,-0.359021,-0.407523
0.337969,-0.360331,-0.408644
0.338243,-0.362173,-0.409648
0.333535,-0.361044,-0.410430
0.333226,-0.360516,-0.410243
0.331687,-0.360423,-0.411099
0.328701,-0.359172,-0.414297
0.326093,-0.357525,-0.411885
0.324260,-0.359644,-0.412387
0.324061,-0.357854,-0.415028
0.323083,-0.356308,-0.415159
0.318957,-0.357371,-0.416251
0.316631,-0.355033,-0.416481
0.315251,-0.355072,-0.418375
0.312383,-0.354773,-0.417872
0.310641,-0.357030,-0.420861
0.309477,-0.353620,-0.418307
0.307831,-0.355207,-0.420739
0.305668,-0.355331,-0.423487
0.303027,-0.355177,-0.423529
0.298388,-0.357232,-0.424632
0.296421,-0.356528,-0.428006
0.293787,-0.357211,-0.428196
0.288820,-0.361933,-0.431121
0.283833,-0.360364,-0.433885
0.281608,-0.360517,-0.436267
0.276560,-0.364727,-0.441190
0.267690,-0.368626,-0.445364
0.266568,-0.370851,-0.448137
0.261458,-0.371906,-0.449205
0.258973,-0.374000,-0.452749
0.253868,-0.374368,-0.455350
0.253278,-0.373105,-0.456048
0.250029,-0.374366,-0.459287
0.246019,-0.373337,-0.459568
0.242446,-0.375428,-0.460906
0.241040,-0.375009,-0.461645
0.238619,-0.376670,-0.462742
0.233937,-0.375749,-0.465843
0.231162,-0.377069,-0.468191
0.231132,-0.376789,-0.469658
0.224312,-0.377371,-0.470938
0.221683,-0.377230,-0.473024
0.220672,-0.378254,-0.474335
0.211125,-0.383263,-0.480862
0.205946,-0.385980,-0.484493
0.202962,-0.386580,-0.486880
0.423875,-0.535221,-0.447792
0.438214,-0.516562,-0.433917
0.438740,-0.511699,-0.431275
0.441149,-0.505155,-0.426140
0.442644,-0.500908,-0.421769
0.444717,-0.497930,-0.421818
0.444314,-0.493047,-0.418823
0.447754,-0.488725,-0.415060
0.446816,-0.485901,-0.414909
0.447351,-0.485295,-0.411954
0.447789,-0.481317,-0.413032
0.448235,-0.477220,-0.407468
0.451154,-0.476771,-0.409648
0.446777,-0.473563,-0.408029
0.448044,-0.469552,-0.405507
0.449391,-0.468440,-0.403946
0.449871,-0.464257,-0.403645
0.449014,-0.463806,-0.403050
0.451957,-0.461121,-0.399995
0.452299,-0.460165,-0.399698
0.450781,-0.456715,-0.398638
0.447659,-0.454466,-0.398729
0.448721,-0.452089,-0.397447
0.449060,-0.451339,-0.396054
0.448833,-0.449490,-0.394970
0.447111,-0.444847,-0.394543
0.447581,-0.445122,-0.396071
0.446738,-0.444448,-0.390840
0.446242,-0.440271,-0.394013
0.444806,-0.439194,-0.392334
0.444389,-0.439385,-0.392704
0.443985,-0.437734,-0.392704
0.441461,-0.433833,-0.392191
0.442940,-0.432038,-0.391715
0.444166,-0.432490,-0.390872
0.440836,-0.430287,-0.389183
0.441507,-0.428258,-0.390181
0.440625,-0.428655,-0.389932
0.438509,-0.425403,-0.388088
0.436896,-0.424261,-0.390698
0.439423,-0.423483,-0.387876
0.434501,-0.421684,-0.387157
0.434000,-0.421504,-0.387349
0.435131,-0.419433,-0.387576
0.433161,-0.418745,-0.387671
0.431519,-0.415557,-0.388497
0.430059,-0.415927,-0.388721
0.430085,-0.414758,-0.388370
0.428365,-0.413295,-0.388727
0.429119,-0.413339,-0.386899
0.426039,-0.409912,-0.387952
0.426919,-0.410927,-0.387122
0.423516,-0.409377,-0.387703
0.422398,-0.406749,-0.388905
0.421215,-0.407040,-0.389075
0.420699,-0.405449,-0.389935
0.417868,-0.405312,-0.387963
0.418139,-0.401880,-0.388973
0.418389,-0.405126,-0.388363
0.416157,-0.401660,-0.391023
0.415137,-0.399874,-0.388488
0.413431,-0.399872,-0.390464
0.411445,-0.398654,-0.391089
0.411000,-0.397823,-0.388969
0.410648,-0.398107,-0.390412
0.408314,-0.397132,-0.389832
0.405378,-0.396600,-0.391006
0.404206,-0.395017,-0.390420
0.402881,-0.393496,-0.389590
0.401964,-0.392215,-0.392411
0.401872,-0.392087,-0.393561
0.398732,-0.391507,-0.391582
0.397860,-0.390227,-0.392341
0.395261,-0.386391,-0.392520
0.395454,-0.386731,-0.392460
0.392921,-0.386955,-0.391965
0.394115,-0.385793,-0.392854
0.392211,-0.385188,-0.390643
0.391455,-0.384651,-0.393358
0.389299,-0.383098,-0.393142
0.389348,-0.383101,-0.393714
0.387843,-0.380905,-0.391752
0.386756,-0.377695,-0.391489
0.385438,-0.377783,-0.395213
0.384446,-0.377442,-0.392663
0.380700,-0.378092,-0.391033
0.381022,-0.374587,-0.394199
0.379097,-0.374959,-0.391973
0.377386,-0.375580,-0.393851
0.377489,-0.371741,-0.392734
0.375267,-0.371808,-0.395017
0.375816,-0.370866,-0.394203
0.372445,-0.369166,-0.393413
0.372781,-0.369748,-0.395522
0.369652,-0.368516,-0.394522
0.369574,-0.368339,-0.394411
0.367012,-0.368058,-0.397147
0.365872,-0.364870,-0.393733
0.363282,-0.365451,-0.395658
0.359604,-0.361943,-0.396322
0.361631,-0.364541,-0.398967
0.357792,-0.363215,-0.398664
0.356113,-0.365021,-0.398692
0.353466,-0.362430,-0.399267
0.352573,-0.362518,-0.399338
0.351099,-0.363065,-0.400936
0.348438,-0.362025,-0.402289
0.347915,-0.360396,-0.403719
0.346395,-0.363243,-0.405803
0.344260,-0.359830,-0.405590
0.338700,-0.362282,-0.407863
0.337606,-0.359276,-0.409373
0.335074,-0.361279,-0.408822
0.332961,-0.361141,-0.409034
0.331178,-0.361422,-0.410041
0.329078,-0.358918,-0.410874
0.328922,-0.359975,-0.412304
0.323908,-0.360614,-0.411035
0.322723,-0.359224,-0.413364
0.321395,-0.358608,-0.414435
0.321876,-0.358651,-0.415231
0.318028,-0.358248,-0.414612
0.316728,-0.357897,-0.416485
0.314158,-0.357106,-0.417271
0.312889,-0.356475,-0.417546
0.310350,-0.356479,-0.419072
0.307405,-0.356964,-0.418026
0.304252,-0.355420,-0.418678
0.302150,-0.358110,-0.421644
0.300048,-0.358269,-0.422308
0.297516,-0.358363,-0.424579
0.295825,-0.358313,-0.425622
0.292779,-0.359847,-0.428197
0.287698,-0.358451,-0.429863
0.283845,-0.361797,-0.432026
0.280328,-0.364760,-0.435999
0.274341,-0.368001,-0.441250
0.266667,-0.371811,-0.442913
0.264232,-0.371698,-0.447933
0.259167,-0.371896,-0.448652
0.254056,-0.373742,-0.453549
0.253854,-0.375334,-0.453221
0.249602,-0.376944,-0.456089
0.246652,-0.376026,-0.457223
0.244088,-0.376349,-0.458664
0.242139,-0.376380,-0.459993
0.239066,-0.376447,-0.463333
0.237302,-0.376994,-0.460991
0.235838,-0.377386,-0.464261
0.230278,-0.377665,-0.465819
0.227184,-0.379300,-0.468117
0.221976,-0.380215,-0.471110
0.219316,-0.377432,-0.470778
0.217327,-0.382684,-0.472325
0.210040,-0.386738,-0.481459
0.205988,-0.385823,-0.483031
0.202568,-0.388319,-0.485783
0.428006,-0.527651,-0.440839
0.435976,-0.517648,-0.433572
0.438358,-0.512270,-0.427753
0.442006,-0.505961,-0.423010
0.443037,-0.499882,-0.419764
0.445128,-0.496724,-0.417969
0.444320,-0.492946,-0.416923
0.446792,-0.489997,-0.414184
0.446521,-0.487975,-0.412624
0.446600,-0.485787,-0.410913
0.447911,-0.482619,-0.409443
0.447870,-0.478992,-0.410065
0.448048,-0.476391,-0.406992
0.448626,-0.474968,-0.406489
0.451441,-0.471781,-0.402965
0.447815,-0.468156,-0.402004
0.448111,-0.466782,-0.401267
0.446703,-0.465108,-0.401464
0.449052,-0.461523,-0.398980
0.449192,-0.459967,-0.399462
0.448329,-0.454918,-0.396998
0.447430,-0.455478,-0.397295
0.447077,-0.454015,-0.396066
0.448626,-0.453109,-0.395809
0.446188,-0.448435,-0.395021
0.446342,-0.448288,-0.394203
0.446598,-0.445806,-0.392587
0.447058,-0.443058,-0.391758
0.445305,-0.442769,-0.392648
0.444952,-0.440854,-0.390245
0.442811,-0.439769,-0.390770
0.444469,-0.436545,-0.390000
0.442236,-0.435387,-0.388730
0.441110,-0.433651,-0.392143
0.443887,-0.431909,-0.388968
0.438717,-0.429823,-0.388372
0.441434,-0.428552,-0.388435
0.440592,-0.427441,-0.387316
0.438828,-0.428511,-0.387285
0.438123,-0.425312,-0.387318
0.437366,-0.421975,-0.388141
0.435351,-0.421604,-0.388212
0.434916,-0.422983,-0.386600
0.432659,-0.421381,-0.385509
0.432764,-0.417514,-0.386644
0.433667,-0.417503,-0.388773
0.428932,-0.416323,-0.387748
0.428660,-0.414439,-0.387898
0.430218,-0.416693,-0.387619
0.425227,-0.412392,-0.387104
0.426430,-0.412501,-0.387243
0.423459,-0.412523,-0.388895
0.422933,-0.409162,-0.389915
0.421791,-0.407770,-0.387000
0.421496,-0.408812,-0.386042
0.418483,-0.407635,-0.387268
0.417573,-0.406190,-0.388362
0.416998,-0.404368,-0.388214
0.414845,-0.404774,-0.386027
0.415165,-0.401620,-0.389097
0.412709,-0.401650,-0.387655
0.412777,-0.402558,-0.388582
0.411321,-0.401582,-0.388847
0.408132,-0.399486,-0.391127
0.408216,-0.398031,-0.388577
0.406675,-0.398571,-0.389554
0.404335,-0.396607,-0.389418
0.402131,-0.397452,-0.389232
0.402020,-0.394863,-0.389762
0.402664,-0.394070,-0.390397
0.400312,-0.390983,-0.390977
0.397846,-0.390779,-0.391908
0.396130,-0.391612,-0.390718
0.396015,-0.391549,-0.390796
0.395632,-0.389285,-0.391856
0.392918,-0.388074,-0.391055
0.391872,-0.388175,-0.391418
0.390247,-0.387608,-0.390331
0.387950,-0.385118,-0.391993
0.391069,-0.384404,-0.391811
0.386728,-0.382242,-0.392849
0.386830,-0.380717,-0.392043
0.386692,-0.381454,-0.393123
0.382565,-0.378947,-0.390873
0.381498,-0.378949,-0.391099
0.382003,-0.378341,-0.392398
0.381734,-0.376672,-0.391400
0.376502,-0.375250,-0.391392
0.377046,-0.375948,-0.391825
0.375425,-0.373662,-0.393717
0.373323,-0.372040,-0.394099
0.372770,-0.372508,-0.393952
0.371681,-0.370656,-0.395215
0.369072,-0.371507,-0.393612
0.368560,-0.370514,-0.391021
0.366320,-0.370211,-0.394360
0.366637,-0.368254,-0.393443
0.364285,-0.366081,-0.397256
0.361556,-0.369605,-0.396191
0.360426,-0.365869,-0.395769
0.359746,-0.365233,-0.395630
0.357885,-0.365573,-0.396298
0.354463,-0.363680,-0.399888
0.353640,-0.366110,-0.398946
0.350829,-0.363248,-0.401583
0.349147,-0.364240,-0.401367
0.346747,-0.365227,-0.402497
0.344978,-0.362225,-0.403408
0.343328,-0.364554,-0.402514
0.339617,-0.362049,-0.405695
0.339922,-0.363995,-0.403529
0.337561,-0.361894,-0.407749
0.335234,-0.363267,-0.406022
0.330986,-0.364875,-0.409114
0.330816,-0.363423,-0.408893
0.326471,-0.362978,-0.407525
0.328308,-0.359369,-0.408176
0.325357,-0.359978,-0.411376
0.322708,-0.359144,-0.412298
0.322279,-0.358404,-0.412870
0.317263,-0.358997,-0.415612
0.316612,-0.360746,-0.413373
0.316102,-0.358605,-0.415980
0.312534,-0.358845,-0.414813
0.309956,-0.356886,-0.417242
0.307607,-0.358671,-0.419154
0.306384,-0.357643,-0.418321
0.302667,-0.357161,-0.420572
0.302778,-0.360972,-0.421530
0.298708,-0.360297,-0.422005
0.296477,-0.360636,-0.423686
0.292095,-0.359315,-0.426190
0.290276,-0.361576,-0.427416
0.286253,-0.362663,-0.431388
0.282450,-0.366943,-0.433832
0.276813,-0.365958,-0.436869
0.271948,-0.368002,-0.440103
0.265974,-0.371579,-0.445659
0.262546,-0.373581,-0.448532
0.258180,-0.376695,-0.450716
0.254853,-0.373478,-0.451512
0.250009,-0.377322,-0.454199
0.247884,-0.377680,-0.455479
0.245662,-0.377387,-0.458092
0.241167,-0.377291,-0.458264
0.238931,-0.378517,-0.459074
0.237540,-0.377857,-0.462387
0.235247,-0.377363,-0.463726
0.230661,-0.379806,-0.464310
0.227736,-0.380677,-0.465569
0.228058,-0.381639,-0.466117
0.223237,-0.380736,-0.467875
0.219958,-0.380187,-0.470348
0.215866,-0.383725,-0.473951
0.207755,-0.386642,-0.477936
0.205820,-0.388543,-0.480692
0.200115,-0.388592,-0.483947
0.412707,-0.547346,-0.455195
0.432512,-0.522247,-0.433736
0.436697,-0.517024,-0.431075
0.436453,-0.511310,-0.426360
0.441793,-0.507420,-0.422481
0.444047,-0.501196,-0.420131
0.443534,-0.498659,-0.416945
0.443869,-0.493754,-0.415175
0.446038,-0.492403,-0.412954
0.445323,-0.489227,-0.411432
0.445610,-0.484999,-0.411271
0.448387,-0.481048,-0.407590
0.447545,-0.479070,-0.406211
0.448078,-0.478684,-0.404399
0.447657,-0.475816,-0.404400
0.448884,-0.473093,-0.403410
0.448135,-0.469108,-0.402705
0.448602,-0.468778,-0.400830
0.448023,-0.466219,-0.400723
0.447926,-0.463761,-0.398911
0.449179,-0.461603,-0.396533
0.445912,-0.458458,-0.397892
0.447938,-0.455788,-0.396827
0.449461,-0.453962,-0.396437
0.447121,-0.451085,-0.393396
0.443553,-0.451165,-0.392519
0.446883,-0.447211,-0.393913
0.445453,-0.446319,-0.390664
0.446623,-0.444474,-0.391107
0.443770,-0.442786,-0.392013
0.442747,-0.441899,-0.389722
0.442374,-0.438614,-0.391375
0.442731,-0.438987,-0.390276
0.441276,-0.435902,-0.388419
0.441707,-0.434138,-0.388778
0.439148,-0.433839,-0.387720
0.440155,-0.431788,-0.387634
0.440669,-0.430299,-0.388176
0.437066,-0.429820,-0.387843
0.437123,-0.427813,-0.385976
0.435900,-0.425516,-0.389137
0.435725,-0.428591,-0.386894
0.433850,-0.424555,-0.387961
0.431721,-0.422612,-0.386315
0.431113,-0.420936,-0.386678
0.430772,-0.420561,-0.387111
0.431483,-0.420559,-0.385336
0.428226,-0.418990,-0.386679
0.429834,-0.416332,-0.384462
0.426728,-0.415843,-0.386375
0.426008,-0.414487,-0.384991
0.424206,-0.412431,-0.385778
0.422922,-0.413523,-0.386216
0.423473,-0.410503,-0.386272
0.422169,-0.408574,-0.386265
0.419786,-0.408367,-0.387447
0.418840,-0.408045,-0.386165
0.417739,-0.406996,-0.385787
0.415199,-0.407733,-0.386276
0.414361,-0.403233,-0.387727
0.413830,-0.404610,-0.389857
0.411110,-0.404400,-0.385944
0.410312,-0.402705,-0.387762
0.407659,-0.401825,-0.388329
0.407561,-0.400972,-0.388399
0.407036,-0.399960,-0.390581
0.404896,-0.400750,-0.388982
0.403786,-0.397840,-0.387164
0.401459,-0.398952,-0.389677
0.401453,-0.394377,-0.388332
0.399933,-0.395390,-0.389749
0.398497,-0.394432,-0.389129
0.397796,-0.394432,-0.390589
0.394866,-0.392317,-0.389419
0.395133,-0.391854,-0.389478
0.393509,-0.391478,-0.391417
0.392754,-0.391407,-0.390501
0.389707,-0.388655,-0.392019
0.388806,-0.390762,-0.390249
0.391306,-0.384793,-0.390259
0.387182,-0.386042,-0.389642
0.386033,-0.383658,-0.390594
0.384178,-0.381803,-0.390623
0.383725,-0.383331,-0.390492
0.382527,-0.379875,-0.390664
0.379847,-0.380296,-0.389620
0.380119,-0.378872,-0.391880
0.378229,-0.377891,-0.391893
0.378338,-0.377726,-0.391361
0.373841,-0.377679,-0.392368
0.374778,-0.377824,-0.392013
0.372737,-0.374574,-0.392241
0.372252,-0.373546,-0.393400
0.371861,-0.373281,-0.393540
0.368791,-0.371379,-0.392785
0.365920,-0.371694,-0.393587
0.367647,-0.369510,-0.393921
0.365247,-0.369276,-0.393639
0.362905,-0.369401,-0.393261
0.359619,-0.368474,-0.394356
0.360987,-0.369611,-0.394851
0.355896,-0.367681,-0.396153
0.355191,-0.366841,-0.397070
0.351413,-0.366414,-0.398217
0.353337,-0.365936,-0.398883
0.349979,-0.364913,-0.399234
0.347531,-0.365432,-0.400289
0.348028,-0.365643,-0.399997
0.344818,-0.366456,-0.402827
0.343116,-0.364580,-0.401369
0.340318,-0.366216,-0.404127
0.338068,-0.366145,-0.404381
0.334524,-0.366195,-0.405250
0.333335,-0.364914,-0.406610
0.333273,-0.362979,-0.407668
0.328943,-0.365999,-0.408342
0.327205,-0.362952,-0.408568
0.324020,-0.363193,-0.408508
0.323976,-0.363170,-0.410316
0.321489,-0.360789,-0.410678
0.319610,-0.362554,-0.410985
0.316549,-0.361017,-0.413638
0.316313,-0.360728,-0.413338
0.313633,-0.359757,-0.413516
0.309719,-0.361891,-0.413916
0.311049,-0.361626,-0.416673
0.307526,-0.359353,-0.414963
0.305170,-0.358605,-0.417541
0.301315,-0.361506,-0.418984
0.299651,-0.360119,-0.419077
0.297470,-0.360097,-0.422197
0.293041,-0.360156,-0.423966
0.289371,-0.361327,-0.424716
0.287082,-0.363966,-0.428038
0.283155,-0.365402,-0.431239
0.279807,-0.365533,-0.433146
0.274524,-0.369014,-0.437729
0.268075,-0.371416,-0.440629
0.263540,-0.376375,-0.444504
0.260541,-0.376476,-0.446886
0.254853,-0.375931,-0.449693
0.252442,-0.377200,-0.452764
0.248437,-0.379075,-0.453419
0.247280,-0.381066,-0.455666
0.241938,-0.377624,-0.457026
0.241967,-0.380640,-0.459721
0.236713,-0.380166,-0.459082
0.233662,-0.380448,-0.462121
0.233849,-0.380398,-0.461546
0.229445,-0.380137,-0.465630
0.224885,-0.380773,-0.466805
0.223682,-0.381618,-0.466366
0.220869,-0.383205,-0.468893
0.217821,-0.380276,-0.471333
0.212196,-0.384518,-0.473855
0.205943,-0.388039,-0.478128
0.202332,-0.389218,-0.482782
0.200354,-0.392794,-0.482783
0.425535,-0.533167,-0.442230
0.433123,-0.525773,-0.434115
0.436119,-0.517486,-0.429674
0.438423,-0.511450,-0.424287
0.442434,-0.506923,-0.420806
0.441179,-0.503366,-0.418106
0.442807,-0.497833,-0.414776
0.442308,-0.495650,-0.416745
0.443625,-0.492171,-0.411725
0.444083,-0.490174,-0.411369
0.445545,-0.486759,-0.410278
0.447054,-0.484515,-0.406356
0.446548,-0.478772,-0.405559
0.446191,-0.479939,-0.404759
0.445216,-0.476669,-0.401836
0.448612,-0.473186,-0.402437
0.447186,-0.471138,-0.400674
0.447541,-0.468859,-0.399910
0.447133,-0.464845,-0.398878
0.447379,-0.463637,-0.398055
0.445697,-0.461329,-0.395870
0.446476,-0.461348,-0.396329
0.445202,-0.460184,-0.394954
0.446869,-0.454528,-0.393327
0.444856,-0.454427,-0.393210
0.446202,-0.451084,-0.391808
0.443935,-0.449213,-0.391166
0.445242,-0.447915,-0.389053
0.443559,-0.446262,-0.389610
0.443195,-0.445013,-0.388950
0.443286,-0.444126,-0.389264
0.445476,-0.442606,-0.389759
0.441426,-0.438578,-0.387564
0.440744,-0.437758,-0.386869
0.440646,-0.434889,-0.388574
0.441052,-0.435767,-0.386784
0.438175,-0.433224,-0.386173
0.436382,-0.431022,-0.386318
0.438697,-0.431913,-0.387037
0.435732,-0.430111,-0.384798
0.434561,-0.428206,-0.384719
0.433176,-0.426352,-0.385132
0.432885,-0.425236,-0.385176
0.432374,-0.425055,-0.386219
0.431591,-0.422888,-0.386957
0.428925,-0.420674,-0.385083
0.429931,-0.419870,-0.384037
0.429186,-0.418812,-0.385800
0.424735,-0.418218,-0.387577
0.424822,-0.416718,-0.386177
0.424139,-0.418175,-0.385778
0.424343,-0.415589,-0.385000
0.423469,-0.415022,-0.386850
0.422722,-0.412028,-0.385135
0.418260,-0.413033,-0.385056
0.419190,-0.411578,-0.386535
0.417419,-0.410021,-0.386929
0.413658,-0.406877,-0.387080
0.412344,-0.406394,-0.384888
0.412616,-0.406111,-0.385041
0.412702,-0.404477,-0.386166
0.411068,-0.405494,-0.385678
0.408886,-0.403914,-0.387204
0.407558,-0.403022,-0.387640
0.408858,-0.403548,-0.388377
0.404022,-0.400470,-0.386714
0.405285,-0.402035,-0.387291
0.402786,-0.397530,-0.388416
0.402957,-0.400852,-0.387889
0.398275,-0.396190,-0.388355
0.398297,-0.396854,-0.386353
0.395622,-0.396028,-0.388451
0.395610,-0.393546,-0.387680
0.393818,-0.393265,-0.389464
0.392749,-0.391611,-0.390738
0.392864,-0.392881,-0.388445
0.388799,-0.390906,-0.388854
0.388188,-0.391103,-0.389326
0.386027,-0.389092,-0.390987
0.386925,-0.387580,-0.391134
0.386856,-0.386150,-0.389825
0.385551,-0.387245,-0.389139
0.381442,-0.384349,-0.389808
0.381997,-0.384458,-0.390040
0.380416,-0.382955,-0.388797
0.378880,-0.383004,-0.391508
0.376805,-0.380408,-0.388519
0.376847,-0.380832,-0.390249
0.375918,-0.378538,-0.390725
0.376075,-0.379086,-0.391721
0.372003,-0.378844,-0.390195
0.371132,-0.376276,-0.390327
0.371387,-0.376722,-0.391225
0.367690,-0.373764,-0.390251
0.367758,-0.374313,-0.393204
0.367146,-0.372545,-0.393015
0.364395,-0.371913,-0.395254
0.364052,-0.372758,-0.393355
0.363170,-0.369916,-0.394056
0.357399,-0.370191,-0.394880
0.357415,-0.371135,-0.396158
0.356557,-0.369014,-0.395085
0.354203,-0.367883,-0.397155
0.353198,-0.366969,-0.396161
0.351648,-0.368330,-0.397135
0.347076,-0.367244,-0.397862
0.345896,-0.367777,-0.398476
0.344459,-0.367232,-0.400463
0.342917,-0.364326,-0.402568
0.339426,-0.367673,-0.400929
0.338043,-0.365900,-0.403754
0.336735,-0.367018,-0.403694
0.334358,-0.367175,-0.404758
0.330749,-0.364331,-0.405031
0.328946,-0.363640,-0.406445
0.328199,-0.363998,-0.406542
0.325704,-0.365472,-0.408499
0.323490,-0.366063,-0.409093
0.322754,-0.364191,-0.408602
0.321286,-0.364677,-0.409895
0.319566,-0.363409,-0.409355
0.317225,-0.361458,-0.409795
0.312340,-0.361865,-0.412876
0.311033,-0.361248,-0.413279
0.310146,-0.362165,-0.413473
0.308127,-0.362527,-0.414014
0.303871,-0.361108,-0.416087
0.303002,-0.361840,-0.418009
0.298364,-0.362250,-0.419094
0.297157,-0.359782,-0.419917
0.295607,-0.363827,-0.422152
0.292428,-0.363382,-0.424501
0.287445,-0.363965,-0.425588
0.286314,-0.363940,-0.426719
0.282168,-0.364873,-0.430138
0.276576,-0.367734,-0.433755
0.271335,-0.370588,-0.438065
0.264753,-0.375205,-0.443123
0.259063,-0.376696,-0.442395
0.256629,-0.377885,-0.446615
0.252010,-0.378978,-0.449792
0.248929,-0.379422,-0.451263
0.246299,-0.382649,-0.453448
0.244973,-0.381445,-0.452731
0.241533,-0.381416,-0.456321
0.238358,-0.381559,-0.459522
0.234798,-0.381611,-0.460912
0.232351,-0.381800,-0.460660
0.229224,-0.384361,-0.462453
0.227549,-0.383741,-0.463705
0.225887,-0.383510,-0.464881
0.221246,-0.384103,-0.465583
0.219234,-0.385251,-0.469266
0.215880,-0.385336,-0.471120
0.210998,-0.387979,-0.472846
0.205786,-0.388427,-0.478017
0.200315,-0.390490,-0.482124
0.196717,-0.392099,-0.480678
0.408753,-0.550963,-0.452786
0.426426,-0.531107,-0.436480
0.431383,-0.522125,-0.430188
0.435393,-0.516527,-0.425804
0.438087,-0.512851,-0.420674
0.439949,-0.505706,-0.420299
0.441831,-0.503157,-0.417239
0.441026,-0.500687,-0.415535
0.443669,-0.495658,-0.412506
0.444922,-0.492736,-0.410191
0.446099,-0.489217,-0.407250
0.445190,-0.486796,-0.406545
0.446328,-0.484439,-0.405823
0.447136,-0.482662,-0.404575
0.446105,-0.478327,-0.401879
0.444807,-0.477015,-0.401267
0.446220,-0.473666,-0.400514
0.445953,-0.472564,-0.400229
0.445969,-0.469013,-0.399510
0.447623,-0.464713,-0.396833
0.446110,-0.462478,-0.397098
0.445853,-0.463137,-0.394434
0.445943,-0.460360,-0.394369
0.443376,-0.459218,-0.395035
0.444450,-0.455977,-0.391128
0.445001,-0.455568,-0.391246
0.444057,-0.454779,-0.391215
0.443881,-0.450812,-0.390299
0.442544,-0.448226,-0.388688
0.441954,-0.446662,-0.387523
0.443252,-0.444887,-0.387903
0.440960,-0.444949,-0.388953
0.441977,-0.441356,-0.389670
0.441138,-0.441136,-0.387274
0.439563,-0.439348,-0.386941
0.439014,-0.436330,-0.387365
0.437350,-0.435148,-0.385403
0.438407,-0.433581,-0.385121
0.435595,-0.433407,-0.386090
0.438345,-0.431510,-0.385358
0.434314,-0.431084,-0.385164
0.432989,-0.428419,-0.383441
0.432998,-0.428005,-0.384295
0.431070,-0.427931,-0.385401
0.430312,-0.426874,-0.383676
0.429362,-0.423563,-0.384700
0.428470,-0.422139,-0.384673
0.427612,-0.420994,-0.386043
0.424890,-0.420893,-0.384406
0.424687,-0.418766,-0.382547
0.426364,-0.417475,-0.383852
0.423192,-0.414353,-0.383750
0.422488,-0.415987,-0.383723
0.422110,-0.416486,-0.383711
0.419799,-0.415088,-0.383777
0.418671,-0.413133,-0.384663
0.415958,-0.414165,-0.383486
0.414723,-0.410543,-0.384091
0.413564,-0.409857,-0.386079
0.413753,-0.408520,-0.385308
0.410779,-0.407537,-0.385685
0.409921,-0.405661,-0.384106
0.408257,-0.405968,-0.384599
0.407334,-0.406114,-0.386016
0.406318,-0.404470,-0.386633
0.405820,-0.403789,-0.387428
0.403820,-0.403157,-0.385645
0.403399,-0.401634,-0.388731
0.400437,-0.400078,-0.387221
0.399788,-0.401203,-0.384676
0.397707,-0.397630,-0.388439
0.398158,-0.396784,-0.387054
0.394531,-0.397195,-0.387973
0.392994,-0.398469,-0.388091
0.394404,-0.394640,-0.388748
0.390984,-0.396436,-0.387793
0.390504,-0.393375,-0.387039
0.389598,-0.392993,-0.387595
0.386091,-0.390807,-0.388550
0.386057,-0.392557,-0.387950
0.384890,-0.388307,-0.390266
0.385621,-0.388106,-0.389247
0.382982,-0.387567,-0.390321
0.382190,-0.386591,-0.389118
0.380188,-0.386687,-0.389933
0.380884,-0.385167,-0.389435
0.379884,-0.382628,-0.388057
0.376573,-0.380006,-0.391786
0.375369,-0.382411,-0.390112
0.374468,-0.382597,-0.389980
0.373351,-0.380029,-0.389481
0.371082,-0.380169,-0.390070
0.371500,-0.377629,-0.390276
0.368668,-0.376196,-0.390803
0.366517,-0.373525,-0.390991
0.366132,-0.377018,-0.390861
0.361004,-0.374838,-0.392296
0.363008,-0.373567,-0.391662
0.363017,-0.374411,-0.393203
0.359285,-0.372821,-0.392729
0.355952,-0.372122,-0.393568
0.355570,-0.370998,-0.394122
0.356623,-0.367878,-0.394026
0.351460,-0.369610,-0.394134
0.349252,-0.369477,-0.397852
0.350100,-0.370152,-0.395576
0.348553,-0.368084,-0.398420
0.347261,-0.368430,-0.396859
0.344717,-0.367478,-0.399052
0.339510,-0.366792,-0.399738
0.338610,-0.367220,-0.400727
0.336773,-0.368324,-0.402001
0.333808,-0.367985,-0.402559
0.332114,-0.367845,-0.401597
0.331876,-0.366901,-0.405074
0.329357,-0.366634,-0.405152
0.327666,-0.366088,-0.406519
0.324258,-0.365968,-0.406687
0.322212,-0.367164,-0.406042
0.319595,-0.364657,-0.407113
0.317294,-0.363193,-0.407715
0.317505,-0.364567,-0.409204
0.314494,-0.365051,-0.410392
0.313682,-0.365270,-0.412197
0.310118,-0.363316,-0.413367
0.309945,-0.364741,-0.412785
0.306241,-0.361851,-0.413720
0.303902,-0.362356,-0.414843
0.301233,-0.362845,-0.417731
0.297966,-0.363601,-0.418831
0.296001,-0.364345,-0.419024
0.293654,-0.363908,-0.421483
0.292238,-0.363403,-0.422781
0.288007,-0.366188,-0.424296
0.282802,-0.367609,-0.426292
0.278727,-0.367298,-0.430778
0.274057,-0.369130,-0.432540
0.268736,-0.374960,-0.437491
0.262852,-0.376680,-0.441411
0.258202,-0.377358,-0.444662
0.254500,-0.379383,-0.447893
0.251786,-0.380871,-0.447764
0.248228,-0.381174,-0.451390
0.246025,-0.382526,-0.452742
0.242652,-0.385037,-0.452186
0.238729,-0.383147,-0.453009
0.236591,-0.383313,-0.456312
0.235520,-0.383565,-0.457460
0.232881,-0.384047,-0.458920
0.227897,-0.383365,-0.460823
0.224987,-0.385361,-0.462738
0.222195,-0.385150,-0.464189
0.219030,-0.384507,-0.466177
0.216805,-0.385212,-0.467765
0.214204,-0.385312,-0.469308
0.207544,-0.390070,-0.475828
0.203335,-0.392609,-0.475800
0.198497,-0.393469,-0.479609
0.194315,-0.395189,-0.480709
0.419356,-0.540035,-0.442649
0.428911,-0.528020,-0.431254
0.433000,-0.523411,-0.427216
0.435068,-0.516468,-0.423594
0.439383,-0.511286,-0.418756
0.440773,-0.507088,-0.417205
0.441330,-0.503194,-0.414967
0.442032,-0.502143,-0.413699
0.443570,-0.497755,-0.411640
0.442698,-0.493927,-0.408965
0.444487,-0.491358,-0.406223
0.443094,-0.488499,-0.406839
0.444929,-0.484616,-0.403518
0.444738,-0.482867,-0.403739
0.444396,-0.480413,-0.402172
0.445571,-0.477611,-0.400212
0.444553,-0.474412,-0.397604
0.444713,-0.472773,-0.397253
0.444400,-0.472180,-0.395601
0.444430,-0.468473,-0.395424
0.445061,-0.465391,-0.394067
0.444243,-0.463854,-0.394050
0.444538,-0.460472,-0.394531
0.444916,-0.461890,-0.391472
0.444752,-0.456633,-0.391852
0.443372,-0.457183,-0.392161
0.441963,-0.453406,-0.390911
0.441946,-0.451459,-0.389709
0.442195,-0.449703,-0.390546
0.441128,-0.448620,-0.388460
0.442745,-0.447251,-0.388262
0.441224,-0.445716,-0.386413
0.441121,-0.442358,-0.385243
0.438768,-0.441722,-0.387037
0.437477,-0.440034,-0.384603
0.436880,-0.437890,-0.384194
0.437843,-0.435935,-0.385753
0.435775,-0.434673,-0.384283
0.436093,-0.434491,-0.382739
0.434291,-0.433814,-0.384388
0.433461,-0.430149,-0.382345
0.433188,-0.431432,-0.383502
0.431949,-0.428613,-0.386101
0.430854,-0.428501,-0.382391
0.429826,-0.426987,-0.382365
0.429896,-0.425095,-0.384955
0.427987,-0.423180,-0.383150
0.425349,-0.422929,-0.383877
0.424896,-0.421566,-0.382277
0.424832,-0.423181,-0.385166
0.425163,-0.417909,-0.381604
0.422887,-0.417707,-0.382191
0.421281,-0.419876,-0.383175
0.421174,-0.417997,-0.384632
0.417540,-0.413350,-0.383246
0.418717,-0.414319,-0.383970
0.415475,-0.413567,-0.384319
0.415412,-0.412991,-0.384065
0.415062,-0.410478,-0.383674
0.412587,-0.410161,-0.383773
0.410284,-0.408882,-0.383633
0.409525,-0.409562,-0.385648
0.407573,-0.407589,-0.384115
0.406520,-0.407401,-0.385731
0.404333,-0.405375,-0.385927
0.405271,-0.405061,-0.384264
0.401103,-0.404824,-0.385598
0.400632,-0.403980,-0.385196
0.401338,-0.401496,-0.384929
0.397101,-0.400763,-0.384799
0.396875,-0.401328,-0.387406
0.393116,-0.399398,-0.385954
0.394732,-0.398958,-0.385773
0.393813,-0.396917,-0.386595
0.393303,-0.397762,-0.388063
0.390643,-0.396371,-0.387610
0.389197,-0.395223,-0.387517
0.388286,-0.395314,-0.389493
0.385748,-0.394197,-0.387364
0.385776,-0.392244,-0.387454
0.383119,-0.392183,-0.391081
0.382848,-0.389079,-0.388208
0.381338,-0.389226,-0.388287
0.381573,-0.386921,-0.389124
0.379199,-0.386655,-0.389006
0.377303,-0.385043,-0.387813
0.376441,-0.384504,-0.389175
0.374007,-0.381940,-0.389339
0.373806,-0.383291,-0.386947
0.372373,-0.383592,-0.388962
0.371097,-0.380869,-0.390428
0.369352,-0.380885,-0.389622
0.368851,-0.379838,-0.389560
0.366110,-0.378988,-0.390369
0.366156,-0.377765,-0.390696
0.363811,-0.375205,-0.391227
0.361603,-0.375105,-0.391315
0.363439,-0.375893,-0.393000
0.359022,-0.373718,-0.392191
0.359513,-0.371994,-0.393772
0.356653,-0.373393,-0.392350
0.353247,-0.372934,-0.394441
0.352586,-0.372721,-0.393325
0.352340,-0.370349,-0.393395
0.348970,-0.370545,-0.395038
0.345554,-0.372010,-0.395021
0.343570,-0.369107,-0.395884
0.344105,-0.368434,-0.395771
0.342020,-0.370162,-0.398810
0.337725,-0.367898,-0.397339
0.337925,-0.367931,-0.399419
0.336039,-0.368519,-0.402480
0.331694,-0.368895,-0.402993
0.330864,-0.367574,-0.401119
0.328929,-0.367962,-0.404703
0.327788,-0.368006,-0.403710
0.325979,-0.367771,-0.405149
0.322891,-0.367668,-0.405749
0.322125,-0.366830,-0.407958
0.319189,-0.368097,-0.408096
0.315329,-0.367253,-0.406028
0.314173,-0.364347,-0.409343
0.312334,-0.365906,-0.408219
0.310994,-0.365696,-0.409997
0.310528,-0.365207,-0.410750
0.307100,-0.365386,-0.411852
0.305784,-0.365982,-0.412648
0.302268,-0.364596,-0.413235
0.299370,-0.365809,-0.414644
0.296308,-0.365931,-0.416763
0.294671,-0.367021,-0.419305
0.290138,-0.367486,-0.419298
0.288314,-0.366842,-0.422103
0.286137,-0.370006,-0.424144
0.279473,-0.369206,-0.426934
0.276069,-0.370694,-0.430130
0.271662,-0.372977,-0.433631
0.265363,-0.375967,-0.435432
0.261060,-0.378288,-0.441023
0.257559,-0.381389,-0.442971
0.252689,-0.381544,-0.444645
0.248318,-0.382553,-0.449557
0.245709,-0.384079,-0.450555
0.242168,-0.384627,-0.452666
0.238913,-0.383997,-0.453084
0.235878,-0.383903,-0.453985
0.236057,-0.386350,-0.455573
0.231018,-0.385490,-0.457804
0.229073,-0.385574,-0.460571
0.223208,-0.385908,-0.461694
0.222705,-0.386349,-0.464327
0.220535,-0.387621,-0.463342
0.216972,-0.386299,-0.465786
0.213601,-0.389103,-0.467388
0.212775,-0.388155,-0.469566
0.205323,-0.392134,-0.473613
0.202387,-0.392652,-0.476312
0.198564,-0.395897,-0.479407
0.194018,-0.395419,-0.480309
0.178331,-0.405899,-0.492931
0.408372,-0.557116,-0.452346
0.423642,-0.538948,-0.437438
0.429176,-0.529169,-0.429221
0.433136,-0.522994,-0.425591
0.436966,-0.515240,-0.422226
0.437880,-0.510546,-0.418691
0.439448,-0.507594,-0.414145
0.440576,-0.505028,-0.412717
0.439266,-0.500257,-0.412661
0.441787,-0.499602,-0.410704
0.442019,-0.495389,-0.409760
0.443114,-0.491667,-0.406690
0.442204,-0.488268,-0.402817
0.443565,-0.487193,-0.403419
0.443259,-0.484634,-0.403137
0.442809,-0.480472,-0.400488
0.445717,-0.478195,-0.399647
0.445562,-0.476366,-0.397413
0.443935,-0.472914,-0.396209
0.446544,-0.471487,-0.395444
0.445530,-0.469164,-0.393696
0.442848,-0.467620,-0.395032
0.443868,-0.463836,-0.391755
0.442061,-0.462755,-0.393904
0.444397,-0.459975,-0.391180
0.441207,-0.458604,-0.392077
0.441821,-0.458362,-0.390089
0.444940,-0.456201,-0.387276
0.441491,-0.450521,-0.388092
0.442341,-0.450094,-0.387699
0.442073,-0.449738,-0.386004
0.441260,-0.449292,-0.387324
0.439263,-0.448210,-0.387648
0.436641,-0.442984,-0.386263
0.437976,-0.441925,-0.385052
0.437370,-0.441495,-0.383877
0.437548,-0.439218,-0.384319
0.436784,-0.436369,-0.381688
0.435944,-0.435575,-0.382764
0.434602,-0.435743,-0.379818
0.434268,-0.433772,-0.382849
0.432369,-0.434336,-0.382814
0.430419,-0.431320,-0.383588
0.431352,-0.430447,-0.381852
0.430626,-0.427114,-0.380664
0.428540,-0.427685,-0.381488
0.427033,-0.427186,-0.382974
0.426355,-0.423251,-0.382790
0.426153,-0.423585,-0.381740
0.424361,-0.424694,-0.381019
0.423197,-0.422396,-0.381427
0.421761,-0.420383,-0.381542
0.418842,-0.420480,-0.382885
0.420620,-0.418005,-0.382374
0.418881,-0.417280,-0.383118
0.415482,-0.415473,-0.381910
0.415193,-0.415306,-0.383294
0.412946,-0.413699,-0.382743
0.415721,-0.414156,-0.383074
0.411310,-0.413147,-0.382542
0.410178,-0.412907,-0.384113
0.408756,-0.408183,-0.382748
0.409052,-0.408509,-0.382281
0.408041,-0.408588,-0.383937
0.405265,-0.407569,-0.383386
0.403450,-0.406094,-0.385292
0.402731,-0.407034,-0.385286
0.400480,-0.405551,-0.386061
0.400442,-0.404163,-0.383441
0.399154,-0.404888,-0.385922
0.395804,-0.401674,-0.385258
0.394631,-0.402281,-0.386180
0.393326,-0.402172,-0.386514
0.393390,-0.398597,-0.386448
0.393250,-0.399950,-0.386566
0.389453,-0.397982,-0.386678
0.387102,-0.396466,-0.386225
0.386211,-0.394977,-0.388253
0.385678,-0.395050,-0.388220
0.383881,-0.396455,-0.387555
0.383033,-0.394797,-0.386781
0.382795,-0.391114,-0.386978
0.381913,-0.391215,-0.387162
0.380623,-0.390169,-0.390009
0.379291,-0.389437,-0.386973
0.378109,-0.388275,-0.386966
0.373973,-0.386559,-0.388030
0.375624,-0.386435,-0.388599
0.373949,-0.385434,-0.387076
0.371623,-0.384775,-0.389116
0.372665,-0.384830,-0.389193
0.373247,-0.381696,-0.389009
0.367645,-0.382744,-0.388120
0.367668,-0.380610,-0.389924
0.365882,-0.379496,-0.389743
0.364785,-0.379337,-0.390086
0.363169,-0.377981,-0.389091
0.359509,-0.377752,-0.390880
0.359407,-0.376515,-0.390640
0.357795,-0.375909,-0.390272
0.355121,-0.376581,-0.391809
0.355633,-0.375496,-0.392949
0.352356,-0.373614,-0.392864
0.350105,-0.374628,-0.394442
0.350529,-0.374109,-0.392470
0.347875,-0.372491,-0.391991
0.346426,-0.372675,-0.395311
0.343880,-0.372829,-0.394834
0.342076,-0.373329,-0.395501
0.339601,-0.371087,-0.396860
0.337078,-0.372407,-0.397786
0.336406,-0.372333,-0.399554
0.332364,-0.370068,-0.399831
0.331877,-0.371277,-0.400486
0.329225,-0.369617,-0.402474
0.326501,-0.369607,-0.403519
0.324426,-0.369934,-0.405959
0.324594,-0.368734,-0.403792
0.322790,-0.367571,-0.404822
0.319742,-0.368818,-0.404514
0.316506,-0.366952,-0.407489
0.315986,-0.366246,-0.406580
0.312638,-0.367047,-0.406511
0.309570,-0.368141,-0.407206
0.308127,-0.366564,-0.410332
0.306545,-0.367470,-0.409442
0.304386,-0.367005,-0.411398
0.303420,-0.366183,-0.413705
0.300458,-0.365305,-0.416824
0.299523,-0.366715,-0.414550
0.295171,-0.369498,-0.416036
0.291145,-0.367386,-0.418757
0.290444,-0.368040,-0.420802
0.285403,-0.369427,-0.421202
0.280424,-0.371578,-0.423682
0.278494,-0.371154,-0.427451
0.273678,-0.374032,-0.428777
0.269734,-0.377124,-0.434250
0.262512,-0.377110,-0.438868
0.259150,-0.380879,-0.441009
0.254162,-0.381857,-0.443562
0.249647,-0.385186,-0.447527
0.247391,-0.385392,-0.447032
0.245798,-0.384929,-0.449128
0.241045,-0.385694,-0.450454
0.238497,-0.388427,-0.453822
0.235476,-0.388087,-0.452887
0.231683,-0.387219,-0.457869
0.229820,-0.387336,-0.458098
0.227800,-0.386639,-0.459665
0.224608,-0.388725,-0.460397
0.219209,-0.388031,-0.461406
0.219907,-0.389460,-0.465258
0.215215,-0.389362,-0.466320
0.212984,-0.391381,-0.466054
0.207840,-0.389790,-0.469995
0.205939,-0.393026,-0.470596
0.200587,-0.394950,-0.475149
0.195328,-0.396969,-0.476743
0.192026,-0.397687,-0.478457
0.178058,-0.408335,-0.490687
0.412507,-0.549048,-0.442937
0.424479,-0.533635,-0.433571
0.428655,-0.530169,-0.427407
0.431625,-0.522525,-0.424604
0.435689,-0.515907,-0.419779
0.437426,-0.510041,-0.416797
0.438525,-0.510100,-0.413531
0.439187,-0.506008,-0.412382
0.441100,-0.502474,-0.410457
0.440305,-0.499983,-0.408682
0.441052,-0.494297,-0.405748
0.440841,-0.492772,-0.405081
0.441542,-0.490218,-0.403548
0.441038,-0.485724,-0.402571
0.443240,-0.484029,-0.399588
0.442716,-0.481218,-0.398444
0.444745,-0.479021,-0.399027
0.441730,-0.476456,-0.398210
0.443588,-0.473676,-0.394072
0.444000,-0.471992,-0.393242
0.444632,-0.468751,-0.394360
0.442460,-0.465188,-0.392129
0.441913,-0.464844,-0.392884
0.441397,-0.464233,-0.391408
0.442380,-0.461535,-0.390956
0.441767,-0.459428,-0.390549
0.439108,-0.458031,-0.388180
0.440778,-0.454827,-0.387549
0.440610,-0.453056,-0.388223
0.442498,-0.452291,-0.386532
0.440031,-0.450724,-0.384934
0.438709,-0.450218,-0.385873
0.439346,-0.447381,-0.384731
0.438803,-0.446280,-0.385090
0.435852,-0.444821,-0.383798
0.435984,-0.444209,-0.382386
0.434104,-0.439047,-0.384022
0.434368,-0.440234,-0.383389
0.433136,-0.438370,-0.381262
0.433067,-0.435711,-0.380018
0.433088,-0.434981,-0.383357
0.431483,-0.435144,-0.383001
0.431357,-0.432162,-0.383130
0.428151,-0.430990,-0.380626
0.428734,-0.428633,-0.381355
0.428825,-0.427257,-0.382103
0.424902,-0.427387,-0.381533
0.425664,-0.425256,-0.381215
0.425160,-0.423765,-0.379951
0.422108,-0.422903,-0.379685
0.422930,-0.422254,-0.381252
0.420839,-0.422084,-0.380482
0.419444,-0.419688,-0.380699
0.418779,-0.421212,-0.380273
0.418945,-0.419026,-0.381738
0.415417,-0.417486,-0.381003
0.415450,-0.415491,-0.383367
0.412197,-0.415506,-0.381807
0.412013,-0.414990,-0.380816
0.408370,-0.413155,-0.381415
0.408902,-0.412671,-0.382619
0.409063,-0.412015,-0.381958
0.407987,-0.411902,-0.382354
0.405328,-0.409656,-0.384047
0.404278,-0.409505,-0.383729
0.401885,-0.409027,-0.382952
0.400785,-0.408616,-0.385000
0.398762,-0.406293,-0.383866
0.397709,-0.406020,-0.384328
0.396276,-0.403981,-0.384854
0.395521,-0.404894,-0.385739
0.394802,-0.401984,-0.384010
0.393882,-0.402233,-0.384705
0.390574,-0.402361,-0.386362
0.391128,-0.400084,-0.384492
0.388252,-0.399615,-0.386167
0.386356,-0.399903,-0.386027
0.385718,-0.398789,-0.386402
0.384405,-0.395338,-0.387303
0.383361,-0.397324,-0.386039
0.382594,-0.393614,-0.387220
0.379118,-0.394499,-0.387899
0.378723,-0.392997,-0.387510
0.378346,-0.391885,-0.384845
0.376127,-0.390074,-0.385563
0.376687,-0.388542,-0.386850
0.376369,-0.389171,-0.387878
0.373177,-0.387464,-0.387051
0.373449,-0.387971,-0.387557
0.370101,-0.384779,-0.387654
0.369465,-0.385158,-0.385693
0.367835,-0.383628,-0.388749
0.366176,-0.382151,-0.389545
0.364553,-0.382353,-0.389276
0.362323,-0.380638,-0.389229
0.363097,-0.379245,-0.388516
0.362024,-0.378319,-0.390739
0.358690,-0.377838,-0.390445
0.357704,-0.377618,-0.390200
0.356545,-0.377666,-0.389380
0.353508,-0.376745,-0.391126
0.353310,-0.376789,-0.390974
0.351291,-0.374624,-0.392090
0.351920,-0.374484,-0.392515
0.347325,-0.373680,-0.393026
0.346056,-0.373068,-0.393399
0.343379,-0.372692,-0.393806
0.340564,-0.372861,-0.394269
0.342271,-0.373668,-0.395690
0.338095,-0.372420,-0.395784
0.334887,-0.371184,-0.397458
0.333506,-0.373111,-0.398202
0.330976,-0.371529,-0.400436
0.331005,-0.371185,-0.398599
0.330492,-0.370997,-0.401264
0.326251,-0.371306,-0.402681
0.322254,-0.371142,-0.402274
0.323437,-0.371025,-0.404225
0.321021,-0.371967,-0.404859
0.318605,-0.368924,-0.404688
0.315726,-0.371081,-0.405356
0.314308,-0.369711,-0.405478
0.311709,-0.367892,-0.407146
0.308810,-0.369113,-0.408993
0.307498,-0.367975,-0.408167
0.304415,-0.367487,-0.410775
0.304229,-0.368421,-0.412318
0.301242,-0.367650,-0.413503
0.298278,-0.367574,-0.414811
0.295617,-0.368057,-0.416367
0.294027,-0.369075,-0.417174
0.290409,-0.369862,-0.416258
0.288447,-0.370726,-0.418704
0.286167,-0.368760,-0.421302
0.279939,-0.372711,-0.424112
0.274656,-0.376257,-0.428596
0.271977,-0.376628,-0.429239
0.266720,-0.379257,-0.433820
0.263274,-0.383514,-0.438054
0.255773,-0.383649,-0.439703
0.253501,-0.384601,-0.444221
0.251336,-0.386135,-0.444555
0.246029,-0.385684,-0.447124
0.241975,-0.388878,-0.448355
0.239079,-0.387519,-0.450068
0.237434,-0.389245,-0.453345
0.232991,-0.389774,-0.454623
0.231961,-0.389695,-0.456456
0.227287,-0.390670,-0.456423
0.224117,-0.389079,-0.457201
0.221281,-0.390766,-0.461229
0.219291,-0.388693,-0.461105
0.215237,-0.391621,-0.460916
0.212759,-0.391758,-0.466974
0.209458,-0.391958,-0.465023
0.206772,-0.392831,-0.466388
0.201833,-0.394105,-0.470532
0.198631,-0.396695,-0.473201
0.193941,-0.398786,-0.475891
0.188833,-0.399247,-0.477538
0.177505,-0.407953,-0.488692
0.406368,-0.562440,-0.452564
0.417693,-0.546252,-0.440430
0.426234,-0.532909,-0.430124
0.430047,-0.528332,-0.425456
0.430000,-0.522465,-0.420524
0.436516,-0.515340,-0.416316
0.435621,-0.510389,-0.415133
0.436539,-0.509272,-0.413326
0.436730,-0.505926,-0.409645
0.441024,-0.503776,-0.409305
0.436923,-0.499226,-0.405839
0.441678,-0.496432,-0.404155
0.441194,-0.493984,-0.403619
0.441270,-0.491057,-0.403167
0.440648,-0.487877,-0.401458
0.440689,-0.485641,-0.398687
0.442134,-0.484059,-0.398790
0.442270,-0.479771,-0.396452
0.442949,-0.478962,-0.397684
0.442542,-0.475182,-0.394196
0.443372,-0.473724,-0.394958
0.443704,-0.471433,-0.390091
0.439634,-0.468253,-0.390779
0.442190,-0.468252,-0.389658
0.442600,-0.465915,-0.390864
0.442343,-0.463306,-0.387949
0.441307,-0.462571,-0.388860
0.437681,-0.457752,-0.388347
0.438703,-0.456139,-0.385195
0.438815,-0.454255,-0.388073
0.438884,-0.453420,-0.384468
0.437893,-0.451700,-0.385224
0.437395,-0.448857,-0.383620
0.437219,-0.448858,-0.382567
0.436266,-0.447489,-0.384232
0.433687,-0.445358,-0.382902
0.436878,-0.445999,-0.381975
0.434276,-0.441014,-0.381129
0.432066,-0.441216,-0.381486
0.432399,-0.440332,-0.381321
0.431873,-0.437367,-0.379949
0.431556,-0.436900,-0.380538
0.428927,-0.434553,-0.381774
0.430440,-0.433172,-0.380575
0.425246,-0.432986,-0.381279
0.427940,-0.428485,-0.380196
0.425927,-0.429975,-0.380191
0.423757,-0.428062,-0.379451
0.424076,-0.429604,-0.379324
0.422000,-0.427257,-0.380229
0.422054,-0.424856,-0.379609
0.420744,-0.424010,-0.379360
0.421280,-0.422340,-0.380339
0.418214,-0.422786,-0.381678
0.415959,-0.420990,-0.380507
0.415961,-0.418852,-0.380693
0.414885,-0.418118,-0.379593
0.410686,-0.419228,-0.380859
0.411485,-0.416276,-0.381601
0.409910,-0.416555,-0.381246
0.408889,-0.414400,-0.381714
0.407318,-0.415484,-0.381721
0.406059,-0.412874,-0.381550
0.405231,-0.412618,-0.380726
0.404164,-0.411948,-0.383341
0.403117,-0.410173,-0.381849
0.400374,-0.409143,-0.383920
0.398250,-0.407661,-0.385109
0.397836,-0.410310,-0.384014
0.397010,-0.407129,-0.382906
0.394037,-0.405570,-0.384354
0.394565,-0.406494,-0.383672
0.393177,-0.404936,-0.384822
0.390227,-0.404075,-0.384982
0.387283,-0.402789,-0.385241
0.386819,-0.401988,-0.384102
0.387402,-0.400847,-0.384918
0.385226,-0.401133,-0.385594
0.383327,-0.399615,-0.384859
0.383367,-0.397507,-0.388545
0.381645,-0.398144,-0.385039
0.380964,-0.397163,-0.385569
0.378746,-0.394189,-0.384799
0.379611,-0.394904,-0.387823
0.375414,-0.393683,-0.388913
0.375636,-0.392599,-0.386914
0.374273,-0.391419,-0.384699
0.373580,-0.390101,-0.386474
0.373518,-0.390298,-0.384636
0.371856,-0.388564,-0.386053
0.370586,-0.386267,-0.389358
0.366901,-0.388194,-0.386129
0.363748,-0.385880,-0.386304
0.364161,-0.384824,-0.388024
0.364221,-0.384895,-0.387185
0.360349,-0.383311,-0.387002
0.361471,-0.381954,-0.388627
0.359509,-0.381921,-0.389353
0.357611,-0.380836,-0.387296
0.355883,-0.379823,-0.388122
0.354647,-0.380276,-0.389978
0.352064,-0.376499,-0.389754
0.350835,-0.377812,-0.389151
0.350476,-0.377231,-0.392254
0.348783,-0.375699,-0.390377
0.347963,-0.375634,-0.392481
0.343937,-0.377039,-0.392054
0.343980,-0.374474,-0.393325
0.341405,-0.374499,-0.393366
0.339480,-0.376158,-0.394997
0.337051,-0.372746,-0.395041
0.335585,-0.374414,-0.396944
0.330795,-0.372875,-0.397754
0.330692,-0.373701,-0.399353
0.328075,-0.373875,-0.398258
0.327052,-0.374417,-0.399757
0.324817,-0.372032,-0.399631
0.322904,-0.372126,-0.403676
0.319888,-0.370384,-0.402334
0.319690,-0.370809,-0.403408
0.316143,-0.371372,-0.404288
0.314283,-0.371753,-0.406416
0.309683,-0.369790,-0.404863
0.309810,-0.370211,-0.408298
0.309566,-0.370545,-0.407205
0.305129,-0.370348,-0.408246
0.303515,-0.369237,-0.410301
0.301585,-0.371070,-0.409537
0.298658,-0.368296,-0.411285
0.296458,-0.371218,-0.413860
0.294102,-0.369504,-0.414376
0.291901,-0.372769,-0.413626
0.288670,-0.371125,-0.417731
0.285462,-0.374720,-0.418224
0.280908,-0.375266,-0.420989
0.276150,-0.375598,-0.424041
0.271973,-0.377597,-0.426326
0.267564,-0.378124,-0.430367
0.263319,-0.381629,-0.434729
0.256607,-0.383204,-0.437701
0.256885,-0.384773,-0.441628
0.250497,-0.387385,-0.444672
0.248361,-0.388903,-0.445673
0.241959,-0.389839,-0.448993
0.241005,-0.388431,-0.449150
0.237740,-0.390911,-0.452021
0.236852,-0.388832,-0.452173
0.231074,-0.392011,-0.453020
0.229761,-0.390624,-0.456422
0.226237,-0.391028,-0.457289
0.223861,-0.390849,-0.459482
0.221697,-0.392869,-0.460032
0.217791,-0.393782,-0.461275
0.215379,-0.393561,-0.461403
0.211150,-0.393130,-0.464423
0.209028,-0.394117,-0.466303
0.206700,-0.394642,-0.468314
0.202027,-0.395288,-0.469507
0.197288,-0.397449,-0.471787
0.195012,-0.398885,-0.475607
0.189358,-0.400663,-0.477780
0.179934,-0.408296,-0.488288
0.408992,-0.558508,-0.446729
0.419572,-0.542744,-0.435483
0.426763,-0.533627,-0.427491
0.428839,-0.530173,-0.423623
0.429795,-0.523786,-0.416683
0.434912,-0.515866,-0.415888
0.436258,-0.512181,-0.410488
0.435556,-0.510755,-0.412917
0.438094,-0.506227,-0.410267
0.437854,-0.502511,-0.406979
0.439504,-0.499705,-0.406466
0.439003,-0.496316,-0.403800
0.440191,-0.494838,-0.402300
0.438773,-0.492046,-0.400651
0.441053,-0.489539,-0.398496
0.440358,-0.487728,-0.398348
0.439567,-0.485087,-0.397795
0.440989,-0.482839,-0.394220
0.442022,-0.478728,-0.394532
0.440964,-0.478610,-0.393057
0.439970,-0.475526,-0.392586
0.439869,-0.473330,-0.391312
0.441108,-0.469115,-0.389379
0.439391,-0.468132,-0.387847
0.440564,-0.467308,-0.388659
0.441365,-0.463850,-0.384891
0.438855,-0.461222,-0.386837
0.438857,-0.459836,-0.386555
0.438166,-0.458782,-0.385122
0.441061,-0.454681,-0.383153
0.437328,-0.454961,-0.384175
0.436449,-0.453780,-0.382066
0.437883,-0.451546,-0.382647
0.433793,-0.449582,-0.382106
0.436101,-0.449340,-0.381696
0.433065,-0.447323,-0.381042
0.434681,-0.446695,-0.380089
0.433195,-0.444103,-0.381202
0.431427,-0.441550,-0.380139
0.432568,-0.439493,-0.381943
0.430988,-0.438382,-0.379212
0.431842,-0.437309,-0.379246
0.428736,-0.434957,-0.380092
0.428240,-0.434597,-0.380400
0.427214,-0.431853,-0.378964
0.426457,-0.432773,-0.379881
0.422695,-0.432041,-0.379350
0.424585,-0.430509,-0.379052
0.423824,-0.429358,-0.379333
0.422570,-0.428188,-0.377288
0.421484,-0.425977,-0.378130
0.418066,-0.424988,-0.378874
0.419186,-0.424444,-0.379227
0.417480,-0.424068,-0.377737
0.415726,-0.421664,-0.379118
0.414786,-0.423363,-0.380372
0.413610,-0.420634,-0.380848
0.410958,-0.419999,-0.378671
0.408683,-0.418257,-0.380503
0.409144,-0.418025,-0.380282
0.407107,-0.417418,-0.378972
0.407255,-0.416100,-0.380959
0.404550,-0.415120,-0.379935
0.403080,-0.413649,-0.382303
0.403914,-0.412498,-0.380990
0.401733,-0.412989,-0.382974
0.398446,-0.411395,-0.381634
0.398450,-0.410578,-0.380038
0.396487,-0.409782,-0.382035
0.395743,-0.409714,-0.382951
0.393845,-0.407342,-0.381879
0.393375,-0.408440,-0.382572
0.391660,-0.407355,-0.383383
0.390008,-0.405546,-0.384016
0.388583,-0.402914,-0.383863
0.388159,-0.402808,-0.382971
0.383743,-0.403105,-0.383017
0.382760,-0.401419,-0.385399
0.381304,-0.401778,-0.385752
0.380274,-0.398628,-0.385353
0.379400,-0.400161,-0.384165
0.377987,-0.397002,-0.384768
0.379421,-0.395403,-0.385132
0.376717,-0.396227,-0.384602
0.374951,-0.394092,-0.384477
0.374077,-0.394637,-0.385795
0.373099,-0.392664,-0.384740
0.372962,-0.392960,-0.386610
0.370575,-0.388851,-0.386229
0.368654,-0.388686,-0.386354
0.368564,-0.389055,-0.385334
0.364799,-0.388141,-0.386380
0.366889,-0.387689,-0.386892
0.364584,-0.386117,-0.387925
0.362727,-0.385063,-0.385888
0.360727,-0.383080,-0.386686
0.358667,-0.385869,-0.387811
0.359279,-0.381551,-0.387684
0.356385,-0.381183,-0.389753
0.354547,-0.380031,-0.387438
0.353289,-0.380784,-0.390679
0.350481,-0.380642,-0.388709
0.350967,-0.379393,-0.389286
0.348462,-0.379385,-0.390668
0.347198,-0.377919,-0.390774
0.342976,-0.377510,-0.391951
0.343357,-0.377119,-0.391861
0.341534,-0.374922,-0.392896
0.339382,-0.376808,-0.395844
0.336954,-0.374236,-0.393621
0.334855,-0.376720,-0.395276
0.333718,-0.375003,-0.395588
0.331777,-0.376549,-0.395494
0.328697,-0.376760,-0.399047
0.327672,-0.373633,-0.398499
0.325079,-0.375608,-0.398968
0.322298,-0.375382,-0.398634
0.319454,-0.373505,-0.402477
0.318322,-0.374161,-0.401684
0.315853,-0.373087,-0.402481
0.312823,-0.374824,-0.403677
0.311829,-0.372781,-0.404227
0.311671,-0.375390,-0.405767
0.308865,-0.371392,-0.405081
0.304273,-0.371816,-0.405616
0.304742,-0.371944,-0.407597
0.303443,-0.372954,-0.407386
0.300386,-0.371334,-0.411133
0.298019,-0.372134,-0.411273
0.295808,-0.372750,-0.412880
0.292887,-0.372363,-0.413559
0.289604,-0.373363,-0.415906
0.285992,-0.373432,-0.417595
0.283825,-0.375086,-0.419102
0.278768,-0.377569,-0.422118
0.274712,-0.379687,-0.427284
0.271261,-0.380068,-0.428564
0.265172,-0.380596,-0.431026
0.259889,-0.384081,-0.434692
0.255926,-0.386568,-0.439513
0.250764,-0.389970,-0.441107
0.248373,-0.388253,-0.442225
0.245928,-0.391117,-0.444274
0.241179,-0.391335,-0.447722
0.238253,-0.390669,-0.448736
0.236170,-0.391616,-0.448856
0.232261,-0.391934,-0.451049
0.229545,-0.392271,-0.451368
0.227284,-0.393166,-0.455586
0.224497,-0.392975,-0.456789
0.221650,-0.394412,-0.459101
0.217239,-0.393698,-0.459448
0.215214,-0.394464,-0.461669
0.212840,-0.395753,-0.461220
0.210309,-0.394986,-0.464168
0.204876,-0.395669,-0.465165
0.204597,-0.394904,-0.468084
0.200074,-0.397265,-0.469353
0.196284,-0.400022,-0.472910
0.190911,-0.400478,-0.474077
0.187418,-0.403124,-0.477633
0.176904,-0.408792,-0.483973
0.402722,-0.566552,-0.452747
0.413670,-0.552970,-0.438267
0.420911,-0.542163,-0.431080
0.426951,-0.533811,-0.422090
0.429994,-0.528297,-0.421432
0.431224,-0.523674,-0.416209
0.435372,-0.517539,-0.413464
0.434075,-0.516205,-0.410929
0.437731,-0.511190,-0.409916
0.435018,-0.506593,-0.407044
0.437256,-0.503899,-0.406102
0.439758,-0.501317,-0.404353
0.438932,-0.498160,-0.401949
0.441002,-0.496190,-0.401132
0.438819,-0.492419,-0.399701
0.440224,-0.491312,-0.397412
0.438861,-0.488036,-0.398783
0.438864,-0.486134,-0.393420
0.440766,-0.482438,-0.393401
0.440802,-0.481247,-0.394265
0.438837,-0.478740,-0.391353
0.441686,-0.476907,-0.391834
0.439671,-0.472787,-0.389779
0.438457,-0.470570,-0.389579
0.440060,-0.470031,-0.389049
0.438471,-0.468755,-0.387015
0.439356,-0.466288,-0.388936
0.437528,-0.462906,-0.385323
0.438775,-0.461693,-0.383793
0.438287,-0.458010,-0.381974
0.437436,-0.456033,-0.384479
0.437165,-0.455742,-0.384423
0.434770,-0.453061,-0.382944
0.435695,-0.452484,-0.381141
0.434571,-0.449280,-0.383424
0.432791,-0.451094,-0.380613
0.434720,-0.448850,-0.381376
0.431265,-0.445921,-0.378353
0.431217,-0.445093,-0.379096
0.432828,-0.443615,-0.378914
0.429777,-0.440409,-0.377769
0.431023,-0.439902,-0.377107
0.429261,-0.438209,-0.379537
0.427527,-0.437061,-0.377760
0.425516,-0.437168,-0.377566
0.426241,-0.434017,-0.378649
0.424722,-0.434205,-0.378640
0.422805,-0.432357,-0.380175
0.423669,-0.431869,-0.377985
0.420628,-0.430200,-0.377992
0.419110,-0.428827,-0.377751
0.418566,-0.426831,-0.377820
0.419384,-0.427888,-0.377549
0.417222,-0.427043,-0.377528
0.417026,-0.425689,-0.378726
0.415118,-0.422970,-0.379050
0.412319,-0.422059,-0.377209
0.410948,-0.422598,-0.380529
0.409841,-0.419638,-0.378416
0.410798,-0.418903,-0.379518
0.408745,-0.418855,-0.380758
0.406410,-0.416582,-0.378719
0.405056,-0.416743,-0.380328
0.402939,-0.416561,-0.379748
0.401590,-0.416419,-0.379522
0.400411,-0.416117,-0.380415
0.400858,-0.412827,-0.379084
0.397667,-0.413873,-0.382650
0.397533,-0.412146,-0.380758
0.395315,-0.412171,-0.379895
0.392678,-0.413006,-0.382542
0.392868,-0.409867,-0.381949
0.390173,-0.408296,-0.382878
0.390926,-0.407825,-0.382541
0.389078,-0.407640,-0.383577
0.387131,-0.405928,-0.382020
0.384820,-0.404494,-0.383770
0.384099,-0.403567,-0.384221
0.381569,-0.402760,-0.385728
0.381342,-0.401813,-0.383551
0.378871,-0.401893,-0.383057
0.379361,-0.400715,-0.385123
0.378023,-0.399284,-0.383218
0.376679,-0.399549,-0.384551
0.376846,-0.397457,-0.385308
0.374112,-0.396574,-0.383850
0.372763,-0.394304,-0.383049
0.371064,-0.395147,-0.383363
0.370150,-0.393875,-0.383363
0.369005,-0.392380,-0.385326
0.366158,-0.392315,-0.386787
0.365401,-0.389751,-0.384603
0.364922,-0.389551,-0.385763
0.363612,-0.388428,-0.386230
0.361727,-0.388510,-0.388677
0.359922,-0.387262,-0.386971
0.360840,-0.385995,-0.387269
0.358632,-0.384641,-0.386890
0.357690,-0.384412,-0.387245
0.353751,-0.382272,-0.388198
0.351626,-0.382192,-0.387326
0.352123,-0.382254,-0.388651
0.350225,-0.381802,-0.390618
0.348885,-0.380443,-0.389288
0.346816,-0.379163,-0.390491
0.347176,-0.381259,-0.390934
0.343567,-0.380166,-0.390527
0.341091,-0.378014,-0.392479
0.341312,-0.379837,-0.391579
0.337449,-0.376482,-0.392285
0.336084,-0.377600,-0.394991
0.333817,-0.376169,-0.394375
0.330262,-0.376721,-0.395873
0.327846,-0.376302,-0.397187
0.328106,-0.377539,-0.399459
0.324244,-0.376459,-0.397983
0.323625,-0.378017,-0.398217
0.322189,-0.374582,-0.399478
0.320324,-0.376066,-0.400401
0.318134,-0.373818,-0.400958
0.315462,-0.373469,-0.402599
0.313862,-0.373079,-0.402347
0.311302,-0.374862,-0.403688
0.306739,-0.373871,-0.403220
0.307981,-0.373715,-0.404507
0.303799,-0.374007,-0.404671
0.304001,-0.374062,-0.407935
0.301724,-0.372958,-0.407595
0.297930,-0.374235,-0.410075
0.295337,-0.374781,-0.410300
0.293732,-0.372954,-0.413110
0.289943,-0.374768,-0.414694
0.287740,-0.375126,-0.413359
0.284180,-0.376349,-0.417241
0.282721,-0.375751,-0.420694
0.274522,-0.380139,-0.421728
0.269951,-0.379924,-0.425484
0.268641,-0.382165,-0.427326
0.262179,-0.384527,-0.432315
0.256717,-0.387028,-0.436046
0.253608,-0.390178,-0.438360
0.249564,-0.391049,-0.440696
0.245165,-0.391465,-0.442719
0.241416,-0.391905,-0.445390
0.239486,-0.392609,-0.448416
0.236706,-0.391275,-0.449248
0.233763,-0.395536,-0.449890
0.231356,-0.394703,-0.450270
0.228134,-0.397028,-0.451652
0.223190,-0.395190,-0.455225
0.222024,-0.392765,-0.456010
0.219894,-0.394563,-0.456444
0.218064,-0.396700,-0.455062
0.213836,-0.397035,-0.459895
0.211894,-0.397932,-0.462231
0.207064,-0.395921,-0.463589
0.205435,-0.397716,-0.465127
0.202296,-0.393898,-0.466904
0.197945,-0.399708,-0.469030
0.193016,-0.402766,-0.473801
0.190392,-0.400541,-0.474179
0.187123,-0.401463,-0.475117
0.175676,-0.409102,-0.484366
0.406712,-0.562815,-0.445669
0.416529,-0.551872,-0.434893
0.423010,-0.539535,-0.426805
0.425439,-0.532513,-0.422504
0.429004,-0.529261,-0.418774
0.431940,-0.521545,-0.413855
0.432393,-0.517245,-0.412327
0.434319,-0.515727,-0.408623
0.434652,-0.514418,-0.408213
0.434859,-0.509709,-0.404856
0.436687,-0.505085,-0.403761
0.436102,-0.503141,-0.402951
0.437525,-0.497974,-0.400540
0.437558,-0.496530,-0.400796
0.438377,-0.495931,-0.397491
0.442058,-0.491572,-0.397147
0.437607,-0.489891,-0.395256
0.438011,-0.486966,-0.393223
0.437128,-0.483679,-0.395139
0.438982,-0.481288,-0.390715
0.439549,-0.480124,-0.389758
0.439557,-0.478668,-0.391234
0.439705,-0.473285,-0.388525
0.439882,-0.473383,-0.389224
0.437956,-0.469807,-0.388030
0.438112,-0.469904,-0.387778
0.436232,-0.466149,-0.386329
0.439283,-0.463142,-0.385011
0.438059,-0.462086,-0.385922
0.436871,-0.458942,-0.383805
0.437401,-0.457733,-0.380558
0.435639,-0.456877,-0.383269
0.433251,-0.453473,-0.382233
0.432141,-0.454941,-0.380147
0.433215,-0.452023,-0.378440
0.434274,-0.451725,-0.378789
0.431586,-0.448943,-0.380252
0.431232,-0.446595,-0.378222
0.430698,-0.444706,-0.377849
0.431962,-0.443979,-0.379220
0.428570,-0.440392,-0.378568
0.429937,-0.440034,-0.376267
0.426517,-0.439083,-0.377076
0.426076,-0.439699,-0.378863
0.423826,-0.437841,-0.378285
0.425153,-0.436083,-0.377848
0.421273,-0.434980,-0.376006
0.420902,-0.432682,-0.377807
0.421090,-0.431966,-0.376176
0.419268,-0.431734,-0.377522
0.419425,-0.430801,-0.374862
0.416812,-0.428341,-0.376848
0.416615,-0.426746,-0.376617
0.414950,-0.425885,-0.378521
0.414735,-0.425692,-0.378762
0.411956,-0.425177,-0.377346
0.413048,-0.424699,-0.377820
0.407905,-0.423239,-0.377982
0.410523,-0.422159,-0.377997
0.408494,-0.420489,-0.377372
0.406398,-0.420393,-0.378571
0.405484,-0.418812,-0.377519
0.405386,-0.418241,-0.377101
0.403271,-0.418667,-0.378333
0.402049,-0.417419,-0.378028
0.399086,-0.415604,-0.378755
0.397697,-0.414055,-0.377698
0.396597,-0.416072,-0.379815
0.394997,-0.413514,-0.379913
0.392155,-0.412112,-0.379006
0.393755,-0.412794,-0.381326
0.391536,-0.410534,-0.381393
0.388455,-0.409922,-0.380453
0.389299,-0.409347,-0.382494
0.385594,-0.407062,-0.380319
0.383906,-0.406915,-0.382801
0.384199,-0.406123,-0.381471
0.382408,-0.407213,-0.382627
0.380947,-0.404554,-0.382820
0.379351,-0.401740,-0.383720
0.379443,-0.404925,-0.383028
0.378028,-0.402905,-0.383729
0.375834,-0.402595,-0.382635
0.374753,-0.399672,-0.382940
0.373682,-0.399508,-0.384343
0.372074,-0.397254,-0.383281
0.370397,-0.396471,-0.383210
0.369980,-0.395970,-0.383086
0.369189,-0.394733,-0.386048
0.367735,-0.394373,-0.381505
0.365715,-0.392627,-0.383996
0.364532,-0.391599,-0.384027
0.363979,-0.390975,-0.383394
0.359854,-0.390155,-0.385097
0.358855,-0.389741,-0.385197
0.359388,-0.389178,-0.385706
0.359084,-0.387900,-0.384715
0.356811,-0.386345,-0.384859
0.353418,-0.385888,-0.387384
0.354559,-0.386455,-0.384934
0.351567,-0.383820,-0.387207
0.349345,-0.382817,-0.387679
0.347582,-0.382711,-0.387579
0.346469,-0.382005,-0.386793
0.346587,-0.381621,-0.389393
0.343493,-0.381498,-0.389749
0.340634,-0.381326,-0.390991
0.339905,-0.381024,-0.391271
0.338087,-0.380612,-0.390109
0.334212,-0.380530,-0.392826
0.333831,-0.377824,-0.394135
0.333943,-0.379137,-0.395302
0.328616,-0.379141,-0.394927
0.327697,-0.376883,-0.396496
0.326353,-0.378136,-0.397440
0.325059,-0.376096,-0.397730
0.321814,-0.377593,-0.398185
0.321619,-0.376237,-0.398995
0.318222,-0.376049,-0.397389
0.315965,-0.372335,-0.400793
0.313894,-0.377785,-0.401236
0.312480,-0.375365,-0.401669
0.309787,-0.375080,-0.402902
0.305906,-0.376569,-0.402960
0.304783,-0.372228,-0.406071
0.304057,-0.374143,-0.404276
0.302150,-0.376567,-0.406192
0.297191,-0.373859,-0.407927
0.297244,-0.374484,-0.408694
0.292727,-0.374874,-0.409547
0.291447,-0.376638,-0.411313
0.287640,-0.376644,-0.413600
0.284578,-0.376423,-0.415841
0.281388,-0.376737,-0.417636
0.276821,-0.381114,-0.418554
0.272479,-0.380424,-0.422716
0.267974,-0.381736,-0.425942
0.266268,-0.383206,-0.428342
0.259017,-0.385909,-0.433214
0.256210,-0.389120,-0.435514
0.249478,-0.391209,-0.436869
0.247617,-0.390732,-0.442162
0.242827,-0.394441,-0.443169
0.240918,-0.393522,-0.443552
0.236614,-0.395038,-0.446126
0.233680,-0.395017,-0.446116
0.229143,-0.396369,-0.450363
0.229846,-0.395688,-0.453099
0.227651,-0.395677,-0.454150
0.224265,-0.397024,-0.452140
0.217780,-0.398162,-0.453114
0.216974,-0.397542,-0.457802
0.214883,-0.397810,-0.458747
0.210656,-0.397637,-0.459420
0.208082,-0.399702,-0.461639
0.206935,-0.399390,-0.461276
0.203293,-0.398096,-0.463410
0.200233,-0.398302,-0.464502
0.196390,-0.399861,-0.469323
0.190907,-0.402555,-0.472303
0.188906,-0.402949,-0.473263
0.185514,-0.403902,-0.477404
0.175236,-0.409292,-0.484483
0.397615,-0.574715,-0.453015
0.410835,-0.558872,-0.439339
0.417446,-0.546760,-0.430648
0.423064,-0.539363,-0.426773
0.425713,-0.534113,-0.419958
0.429220,-0.529647,-0.416651
0.429932,-0.523843,-0.413601
0.432633,-0.518461,-0.410424
0.433205,-0.514446,-0.408155
0.433466,-0.513076,-0.407816
0.435794,-0.509676,-0.405421
0.436642,-0.505998,-0.403321
0.436547,-0.504154,-0.400944
0.437227,-0.500072,-0.398139
0.436005,-0.498593,-0.399567
0.437444,-0.493540,-0.396566
0.438628,-0.492622,-0.394553
0.436082,-0.489710,-0.395444
0.436834,-0.485951,-0.394449
0.440128,-0.484557,-0.391523
0.437341,-0.482869,-0.392229
0.438206,-0.480396,-0.388616
0.438605,-0.478735,-0.388046
0.435402,-0.476176,-0.387797
0.438203,-0.476008,-0.386668
0.437508,-0.471093,-0.386777
0.436810,-0.469600,-0.385582
0.436102,-0.468809,-0.382223
0.436400,-0.464692,-0.383864
0.436090,-0.464321,-0.383504
0.434794,-0.462191,-0.381613
0.435026,-0.460092,-0.381661
0.434104,-0.459152,-0.378935
0.434939,-0.455124,-0.379886
0.432823,-0.453686,-0.380898
0.431949,-0.454871,-0.378323
0.432368,-0.450976,-0.377553
0.429644,-0.448733,-0.378346
0.430116,-0.450552,-0.376839
0.429585,-0.446396,-0.377906
0.430601,-0.445621,-0.377697
0.427382,-0.442090,-0.376091
0.426048,-0.443766,-0.375532
0.424218,-0.440786,-0.375191
0.424734,-0.442764,-0.378177
0.423502,-0.438154,-0.376926
0.421120,-0.436756,-0.377665
0.423140,-0.434716,-0.377679
0.419819,-0.433879,-0.374682
0.419792,-0.434020,-0.375463
0.418385,-0.433423,-0.375375
0.418390,-0.431991,-0.376051
0.416622,-0.430317,-0.376961
0.415136,-0.429248,-0.375465
0.412969,-0.429199,-0.374122
0.412596,-0.427373,-0.377237
0.411399,-0.427511,-0.377330
0.409778,-0.425813,-0.376889
0.409176,-0.423835,-0.374660
0.408906,-0.424466,-0.378796
0.405875,-0.423445,-0.376534
0.403837,-0.422182,-0.377483
0.402372,-0.419258,-0.377825
0.404355,-0.420365,-0.378454
0.400194,-0.417787,-0.378950
0.399225,-0.417470,-0.378930
0.398129,-0.418758,-0.379729
0.397749,-0.416470,-0.379361
0.396119,-0.418492,-0.379277
0.395080,-0.414835,-0.379944
0.391511,-0.413188,-0.381792
0.389652,-0.412346,-0.379580
0.388139,-0.412482,-0.381295
0.389213,-0.412653,-0.380120
0.385135,-0.411468,-0.380392
0.384664,-0.409205,-0.380225
0.382148,-0.408780,-0.381505
0.382865,-0.407928,-0.380940
0.381546,-0.407282,-0.383176
0.380212,-0.407034,-0.381837
0.378377,-0.406839,-0.381967
0.375548,-0.402913,-0.382407
0.375514,-0.403477,-0.382975
0.374639,-0.402385,-0.383449
0.375116,-0.401500,-0.382690
0.372295,-0.402264,-0.381671
0.368984,-0.398234,-0.383147
0.372053,-0.398024,-0.383844
0.368413,-0.395364,-0.383891
0.367549,-0.395149,-0.383426
0.365382,-0.393448,-0.381576
0.365325,-0.393702,-0.383896
0.363141,-0.391998,-0.384853
0.360368,-0.391468,-0.384351
0.360632,-0.390759,-0.385042
0.358131,-0.389272,-0.384531
0.357825,-0.391923,-0.384705
0.356812,-0.389375,-0.385962
0.354453,-0.388857,-0.384630
0.352714,-0.387019,-0.385729
0.352211,-0.385155,-0.386347
0.351169,-0.385969,-0.387365
0.348616,-0.385549,-0.387350
0.347679,-0.385076,-0.388435
0.345547,-0.382356,-0.388114
0.345261,-0.383949,-0.386400
0.341648,-0.383816,-0.388853
0.340261,-0.382938,-0.389381
0.337272,-0.382577,-0.389503
0.338996,-0.381758,-0.390840
0.335244,-0.379892,-0.392806
0.333276,-0.379572,-0.391193
0.329829,-0.378328,-0.391842
0.329808,-0.378413,-0.392488
0.327812,-0.377949,-0.393735
0.325130,-0.380544,-0.396807
0.324092,-0.378344,-0.394729
0.321060,-0.378891,-0.397403
0.318265,-0.377665,-0.400987
0.317882,-0.379480,-0.398097
0.314420,-0.379428,-0.399080
0.313108,-0.377955,-0.400618
0.308592,-0.377863,-0.399224
0.306531,-0.375920,-0.402787
0.305079,-0.376270,-0.403968
0.304697,-0.375466,-0.403463
0.303354,-0.376014,-0.406295
0.299440,-0.377734,-0.404425
0.295918,-0.373937,-0.407079
0.294167,-0.377338,-0.406220
0.291550,-0.378052,-0.410751
0.286625,-0.376933,-0.411377
0.285832,-0.378466,-0.412170
0.282636,-0.377109,-0.415819
0.280040,-0.379255,-0.417492
0.274382,-0.382596,-0.419889
0.271464,-0.384457,-0.422818
0.268906,-0.383975,-0.424566
0.264216,-0.386860,-0.428445
0.257074,-0.389963,-0.429577
0.253422,-0.393378,-0.433318
0.249224,-0.394803,-0.438277
0.245578,-0.394518,-0.438976
0.240686,-0.396055,-0.440522
0.237406,-0.395762,-0.444122
0.232377,-0.395951,-0.444864
0.231358,-0.397166,-0.449402
0.228490,-0.397276,-0.447614
0.226161,-0.397528,-0.450723
0.223479,-0.398469,-0.454100
0.221154,-0.399502,-0.453359
0.217448,-0.402188,-0.454716
0.216350,-0.397522,-0.456569
0.211223,-0.399203,-0.458393
0.209983,-0.399892,-0.459597
0.209548,-0.398640,-0.461088
0.204405,-0.398851,-0.462364
0.203593,-0.400918,-0.463822
0.199506,-0.401508,-0.464175
0.193681,-0.404356,-0.466085
0.190011,-0.404259,-0.469010
0.187353,-0.404988,-0.471197
0.184570,-0.405477,-0.474550
0.174404,-0.412001,-0.480218
0.403666,-0.566693,-0.445532
0.413227,-0.555688,-0.434337
0.421275,-0.545634,-0.425391
0.423027,-0.538886,-0.423102
0.425026,-0.533711,-0.417440
0.426761,-0.530697,-0.414524
0.432303,-0.523794,-0.411546
0.431090,-0.521654,-0.408784
0.433177,-0.516658,-0.405834
0.433322,-0.515204,-0.405929
0.433847,-0.511731,-0.404827
0.431513,-0.506956,-0.402204
0.435535,-0.504346,-0.398116
0.435370,-0.500851,-0.397646
0.435918,-0.499487,-0.396018
0.437364,-0.496713,-0.396183
0.433064,-0.493559,-0.395286
0.436578,-0.493126,-0.391167
0.436291,-0.488491,-0.392509
0.437098,-0.486050,-0.391552
0.436958,-0.484695,-0.390282
0.437180,-0.480129,-0.388916
0.439545,-0.479325,-0.388133
0.437962,-0.476511,-0.385745
0.435735,-0.475148,-0.386772
0.434477,-0.474300,-0.384037
0.436687,-0.470806,-0.385310
0.434408,-0.468306,-0.382919
0.433688,-0.467891,-0.382088
0.434711,-0.463771,-0.381945
0.435393,-0.463643,-0.381762
0.434584,-0.459859,-0.379661
0.432006,-0.458786,-0.378729
0.434027,-0.456783,-0.380583
0.433215,-0.455041,-0.377816
0.432542,-0.454520,-0.377673
0.429123,-0.454035,-0.377618
0.429890,-0.450683,-0.375198
0.428346,-0.450095,-0.376189
0.427754,-0.448584,-0.377051
0.428036,-0.447335,-0.376048
0.427385,-0.445716,-0.375569
0.425867,-0.444241,-0.376007
0.424509,-0.445088,-0.375778
0.423440,-0.440443,-0.376051
0.422775,-0.439732,-0.376425
0.421508,-0.439195,-0.376617
0.421101,-0.438112,-0.376509
0.420314,-0.437993,-0.373863
0.418830,-0.435430,-0.375114
0.418461,-0.433764,-0.376026
0.416140,-0.431619,-0.375719
0.416704,-0.431417,-0.374187
0.413619,-0.429803,-0.377223
0.412918,-0.428207,-0.374709
0.412206,-0.427817,-0.373118
0.409448,-0.426499,-0.376385
0.409461,-0.425707,-0.375828
0.407109,-0.425321,-0.375862
0.407054,-0.424177,-0.376751
0.402859,-0.425275,-0.375116
0.403580,-0.423751,-0.376069
0.401354,-0.419854,-0.376665
0.401875,-0.422379,-0.375594
0.398816,-0.421602,-0.376874
0.397959,-0.418883,-0.378533
0.395851,-0.419106,-0.377913
0.395300,-0.417569,-0.378422
0.394563,-0.418062,-0.379835
0.392262,-0.415672,-0.378720
0.390598,-0.416329,-0.378087
0.390080,-0.413840,-0.379960
0.388350,-0.416479,-0.379700
0.385084,-0.412494,-0.378704
0.385573,-0.412003,-0.380826
0.382588,-0.412318,-0.379452
0.382357,-0.410519,-0.380948
0.380445,-0.410058,-0.380041
0.376908,-0.409072,-0.380701
0.378377,-0.407827,-0.382038
0.377786,-0.407542,-0.381834
0.375455,-0.406847,-0.380463
0.373522,-0.404855,-0.381075
0.374082,-0.403258,-0.384029
0.370731,-0.406235,-0.381968
0.369076,-0.402215,-0.381289
0.368433,-0.400046,-0.381653
0.366987,-0.399684,-0.381502
0.367062,-0.399747,-0.382321
0.364084,-0.399052,-0.382089
0.363839,-0.397128,-0.384064
0.362210,-0.396630,-0.382456
0.362438,-0.396015,-0.383153
0.361434,-0.393411,-0.383471
0.360093,-0.393196,-0.384399
0.358562,-0.393026,-0.382608
0.356476,-0.392131,-0.383269
0.352927,-0.390364,-0.385434
0.352678,-0.390814,-0.385476
0.353074,-0.388772,-0.383754
0.350258,-0.387256,-0.385531
0.350656,-0.387669,-0.388198
0.347610,-0.385599,-0.387441
0.343609,-0.386651,-0.386799
0.341659,-0.386145,-0.387331
0.342180,-0.386359,-0.388068
0.339809,-0.384391,-0.387651
0.337299,-0.385457,-0.389347
0.337595,-0.384730,-0.389972
0.333682,-0.383719,-0.390780
0.332753,-0.381245,-0.391260
0.329664,-0.381770,-0.391719
0.329014,-0.382825,-0.391689
0.328568,-0.381096,-0.393348
0.324955,-0.382533,-0.393990
0.321704,-0.380320,-0.392962
0.319312,-0.381608,-0.394602
0.317479,-0.379580,-0.394916
0.316908,-0.379328,-0.398206
0.313376,-0.381291,-0.397003
0.313623,-0.378372,-0.398361
0.311027,-0.378721,-0.398980
0.306918,-0.381005,-0.398946
0.307161,-0.380214,-0.401404
0.303614,-0.379527,-0.402116
0.301559,-0.378573,-0.402293
0.300017,-0.379282,-0.405049
0.297257,-0.378438,-0.405355
0.292630,-0.378070,-0.407156
0.293461,-0.377654,-0.407512
0.288969,-0.380444,-0.411258
0.287323,-0.381214,-0.411394
0.282321,-0.380154,-0.412927
0.279698,-0.381713,-0.415320
0.277560,-0.383037,-0.418588
0.272506,-0.385144,-0.421133
0.268474,-0.385642,-0.423618
0.264331,-0.386780,-0.425066
0.258201,-0.388915,-0.429574
0.254422,-0.391274,-0.432597
0.251023,-0.394151,-0.435168
0.245176,-0.395349,-0.436224
0.240519,-0.396817,-0.441077
0.237906,-0.398632,-0.440833
0.237029,-0.399182,-0.441980
0.233315,-0.396619,-0.446465
0.228248,-0.400016,-0.449114
0.227705,-0.399050,-0.449200
0.224388,-0.398715,-0.450390
0.223322,-0.401756,-0.451656
0.220370,-0.399844,-0.451495
0.218589,-0.401728,-0.453972
0.213874,-0.400510,-0.454158
0.211591,-0.400203,-0.457716
0.209111,-0.402181,-0.458886
0.207441,-0.399849,-0.460490
0.204383,-0.400608,-0.460285
0.199909,-0.400481,-0.465107
0.196400,-0.402131,-0.463374
0.194235,-0.402903,-0.466774
0.190117,-0.403957,-0.466906
0.186394,-0.405257,-0.472035
0.182678,-0.407517,-0.471309
0.176082,-0.410168,-0.478537
0.392610,-0.581511,-0.452935
0.407463,-0.563289,-0.440541
0.412692,-0.552344,-0.430025
0.419575,-0.545183,-0.422966
0.421541,-0.540516,-0.420606
0.424182,-0.535213,-0.417946
0.428026,-0.528638,-0.412268
0.430552,-0.524402,-0.410578
0.431022,-0.520450,-0.409494
0.428897,-0.519574,-0.405522
0.430360,-0.515415,-0.403836
0.432228,-0.512055,-0.402710
0.434750,-0.506856,-0.400959
0.433641,-0.505039,-0.399354
0.435006,-0.503746,-0.396858
0.434360,-0.498943,-0.395379
0.437259,-0.499694,-0.394565
0.436840,-0.494852,-0.393681
0.436014,-0.491660,-0.391433
0.436244,-0.489339,-0.390921
0.433944,-0.487703,-0.390947
0.436081,-0.484029,-0.386929
0.435949,-0.483143,-0.387766
0.435507,-0.482325,-0.387368
0.436490,-0.478395,-0.386427
0.435375,-0.476146,-0.382510
0.434555,-0.473730,-0.384702
0.433866,-0.472211,-0.383725
0.433182,-0.470183,-0.383064
0.432842,-0.466650,-0.380572
0.432877,-0.467364,-0.381438
0.433629,-0.466547,-0.381145
0.431551,-0.460927,-0.377344
0.430976,-0.460935,-0.381159
0.431666,-0.458558,-0.379028
0.431185,-0.459002,-0.378586
0.431006,-0.454826,-0.375223
0.429120,-0.454831,-0.375224
0.427962,-0.452843,-0.375367
0.427359,-0.451832,-0.375914
0.427813,-0.451211,-0.375710
0.427017,-0.449464,-0.377501
0.427800,-0.444558,-0.375761
0.425192,-0.444669,-0.373525
0.422956,-0.443443,-0.373732
0.423349,-0.443709,-0.376686
0.420275,-0.441976,-0.374865
0.422185,-0.440155,-0.373233
0.418155,-0.439254,-0.374811
0.419537,-0.436684,-0.374895
0.417755,-0.437342,-0.373548
0.415746,-0.434846,-0.374157
0.416180,-0.435199,-0.373534
0.414481,-0.434969,-0.373180
0.412135,-0.432104,-0.373511
0.411765,-0.431031,-0.374001
0.410555,-0.432432,-0.373710
0.408474,-0.428535,-0.374409
0.408684,-0.428435,-0.374745
0.407315,-0.427493,-0.375475
0.405776,-0.426223,-0.375537
0.403635,-0.423945,-0.375493
0.401125,-0.424318,-0.375376
0.401448,-0.425297,-0.374503
0.399499,-0.424422,-0.376691
0.397493,-0.422860,-0.375635
0.396615,-0.422244,-0.377656
0.395105,-0.421073,-0.378658
0.391830,-0.419032,-0.377828
0.393413,-0.419347,-0.377998
0.388590,-0.419902,-0.376638
0.388450,-0.417364,-0.377323
0.389172,-0.415976,-0.378339
0.386850,-0.415198,-0.377353
0.383976,-0.415153,-0.379823
0.383151,-0.414941,-0.380269
0.382535,-0.411277,-0.379433
0.380884,-0.411922,-0.379498
0.378248,-0.411329,-0.379061
0.379133,-0.410084,-0.380793
0.376098,-0.409140,-0.381161
0.375117,-0.409580,-0.381631
0.372378,-0.409291,-0.379871
0.372528,-0.406927,-0.380082
0.370305,-0.403737,-0.379604
0.369096,-0.403826,-0.379479
0.370790,-0.404580,-0.381664
0.366841,-0.402170,-0.382244
0.367290,-0.401546,-0.382838
0.365515,-0.400622,-0.381486
0.361876,-0.399985,-0.381453
0.361161,-0.399301,-0.382711
0.360247,-0.398478,-0.380739
0.358349,-0.397599,-0.382985
0.357886,-0.396259,-0.383774
0.354879,-0.396914,-0.381923
0.354987,-0.393613,-0.383109
0.355287,-0.392954,-0.382712
0.353737,-0.392634,-0.383544
0.353145,-0.390779,-0.383998
0.347987,-0.390023,-0.384545
0.348624,-0.388645,-0.384414
0.346544,-0.387949,-0.385077
0.344297,-0.387024,-0.385751
0.343223,-0.388274,-0.385725
0.340950,-0.388204,-0.387688
0.339932,-0.385217,-0.388393
0.338656,-0.384676,-0.388413
0.337402,-0.385222,-0.387457
0.335508,-0.383805,-0.389924
0.332571,-0.384442,-0.389158
0.330713,-0.385104,-0.390058
0.328301,-0.382870,-0.389215
0.327101,-0.385308,-0.391753
0.324054,-0.382383,-0.392427
0.321592,-0.382597,-0.391800
0.320233,-0.383397,-0.393559
0.320139,-0.380578,-0.394211
0.319552,-0.382405,-0.396549
0.315913,-0.380982,-0.396489
0.313877,-0.382058,-0.398094
0.312050,-0.381489,-0.399292
0.308837,-0.381589,-0.400053
0.306935,-0.381929,-0.399905
0.304254,-0.381131,-0.399984
0.301786,-0.381031,-0.401271
0.299443,-0.381006,-0.402574
0.298930,-0.380015,-0.404558
0.296742,-0.380672,-0.406807
0.292428,-0.381841,-0.405127
0.289677,-0.380622,-0.409008
0.288452,-0.381295,-0.410019
0.283806,-0.383651,-0.411511
0.278554,-0.383066,-0.413626
0.278042,-0.383837,-0.415997
0.273372,-0.383656,-0.418716
0.269108,-0.385727,-0.419382
0.267761,-0.388392,-0.421841
0.260961,-0.388323,-0.425699
0.257471,-0.389535,-0.429214
0.251213,-0.397191,-0.433323
0.247920,-0.398149,-0.437002
0.241473,-0.397887,-0.436491
0.240578,-0.397434,-0.438479
0.237271,-0.399534,-0.441935
0.234537,-0.398825,-0.442039
0.231394,-0.401977,-0.444848
0.227902,-0.402022,-0.445763
0.225789,-0.402136,-0.448184
0.223196,-0.400428,-0.447266
0.219932,-0.401864,-0.451979
0.217387,-0.401030,-0.452914
0.214669,-0.400576,-0.451640
0.211929,-0.402244,-0.454705
0.210123,-0.402815,-0.456538
0.208065,-0.404639,-0.456182
0.202345,-0.404245,-0.460372
0.200430,-0.403739,-0.460451
0.196550,-0.403409,-0.460397
0.194658,-0.405537,-0.464274
0.191834,-0.406508,-0.467309
0.188047,-0.406916,-0.468210
0.184599,-0.407260,-0.468840
0.179945,-0.408625,-0.473118
0.175124,-0.411006,-0.476238
0.162967,-0.417999,-0.484283
0.400824,-0.571565,-0.443564
0.410507,-0.560582,-0.433221
0.416158,-0.551673,-0.425985
0.419978,-0.544470,-0.420845
0.424260,-0.539454,-0.417509
0.425013,-0.533994,-0.415305
0.426342,-0.529494,-0.410904
0.428534,-0.525269,-0.409653
0.429671,-0.520379,-0.406079
0.430479,-0.518847,-0.404272
0.432251,-0.515487,-0.402484
0.431885,-0.511572,-0.401963
0.432620,-0.509333,-0.399566
0.433992,-0.505872,-0.399133
0.434356,-0.504543,-0.396873
0.435013,-0.500489,-0.394121
0.435316,-0.497963,-0.393338
0.434735,-0.494450,-0.391731
0.435132,-0.495408,-0.390521
0.433583,-0.491894,-0.388903
0.434829,-0.488735,-0.388298
0.434880,-0.485719,-0.387464
0.431843,-0.482171,-0.385571
0.434984,-0.481405,-0.384840
0.435553,-0.478657,-0.384863
0.433579,-0.475442,-0.383305
0.432978,-0.476035,-0.383075
0.433762,-0.472649,-0.381883
0.433191,-0.471116,-0.382959
0.429799,-0.470160,-0.381105
0.432073,-0.466487,-0.380510
0.431122,-0.462973,-0.378472
0.430554,-0.463050,-0.377755
0.432515,-0.460341,-0.376973
0.428679,-0.459017,-0.378350
0.429218,-0.460822,-0.377294
0.428934,-0.456950,-0.378497
0.428574,-0.455789,-0.376678
0.427559,-0.456269,-0.375907
0.426564,-0.452695,-0.373278
0.425142,-0.450812,-0.373702
0.425157,-0.450104,-0.375526
0.425582,-0.446583,-0.373373
0.425539,-0.447272,-0.374302
0.422273,-0.445080,-0.373288
0.420943,-0.443963,-0.373900
0.419740,-0.442958,-0.373027
0.418048,-0.442804,-0.373901
0.417794,-0.440157,-0.373802
0.416443,-0.438906,-0.373764
0.414292,-0.437735,-0.372902
0.413179,-0.437249,-0.373738
0.415067,-0.436434,-0.371995
0.415558,-0.432467,-0.373184
0.411618,-0.434244,-0.372967
0.410931,-0.433689,-0.372825
0.408918,-0.430641,-0.374019
0.408384,-0.431382,-0.372793
0.405063,-0.429077,-0.374278
0.404505,-0.427507,-0.374222
0.403375,-0.427699,-0.375097
0.402642,-0.429885,-0.375408
0.401713,-0.426650,-0.374365
0.400796,-0.424750,-0.374848
0.398227,-0.423700,-0.373823
0.397432,-0.423803,-0.375394
0.395293,-0.421459,-0.376528
0.392973,-0.421687,-0.378486
0.393183,-0.423159,-0.375466
0.390061,-0.419512,-0.377467
0.391580,-0.421179,-0.378392
0.385761,-0.419673,-0.377311
0.386723,-0.419370,-0.379433
0.384012,-0.418249,-0.378424
0.383165,-0.415118,-0.377586
0.380692,-0.415047,-0.380408
0.379576,-0.414200,-0.380226
0.377132,-0.412331,-0.378966
0.378932,-0.412844,-0.378892
0.374688,-0.413972,-0.379698
0.376393,-0.411850,-0.381114
0.374913,-0.410871,-0.382493
0.373873,-0.409186,-0.380513
0.369999,-0.410226,-0.381539
0.370752,-0.407709,-0.380870
0.370925,-0.407875,-0.380607
0.369130,-0.405576,-0.379992
0.364756,-0.403784,-0.380972
0.362994,-0.403550,-0.383599
0.362007,-0.403268,-0.381578
0.362207,-0.399034,-0.381362
0.359781,-0.401651,-0.380497
0.358976,-0.400366,-0.382949
0.357427,-0.398097,-0.382271
0.357060,-0.398104,-0.381187
0.354609,-0.396905,-0.383673
0.354346,-0.396593,-0.384210
0.350309,-0.395132,-0.382987
0.351007,-0.395143,-0.385963
0.351479,-0.392776,-0.384878
0.347730,-0.392664,-0.383475
0.347634,-0.391220,-0.384911
0.346800,-0.390689,-0.385580
0.344869,-0.391662,-0.385007
0.341033,-0.388361,-0.384159
0.341022,-0.390861,-0.383494
0.337594,-0.389755,-0.385321
0.336383,-0.385838,-0.386635
0.335679,-0.388062,-0.387381
0.333427,-0.384886,-0.389115
0.332297,-0.386257,-0.391005
0.330264,-0.387151,-0.389376
0.327560,-0.385180,-0.389278
0.325182,-0.386126,-0.389771
0.324590,-0.383456,-0.390863
0.325324,-0.384429,-0.391973
0.319629,-0.384160,-0.395380
0.319763,-0.383093,-0.395713
0.316790,-0.383378,-0.395713
0.312372,-0.382622,-0.393889
0.311369,-0.384373,-0.395021
0.308449,-0.381885,-0.400434
0.307835,-0.382277,-0.400914
0.305371,-0.381681,-0.397578
0.302437,-0.383486,-0.401083
0.301109,-0.382379,-0.400987
0.299388,-0.381925,-0.403743
0.294735,-0.384735,-0.402797
0.293743,-0.382435,-0.404340
0.290107,-0.381194,-0.406818
0.286460,-0.382892,-0.409077
0.285536,-0.384301,-0.409095
0.281478,-0.384679,-0.410903
0.280302,-0.385779,-0.412632
0.276486,-0.386859,-0.415818
0.272613,-0.387447,-0.415958
0.265723,-0.391253,-0.419078
0.263619,-0.390342,-0.423458
0.257169,-0.392574,-0.425707
0.253435,-0.394884,-0.430239
0.249363,-0.396602,-0.434869
0.245013,-0.398742,-0.435820
0.242048,-0.398908,-0.437574
0.238977,-0.400102,-0.438653
0.236230,-0.401497,-0.441249
0.232480,-0.401189,-0.443903
0.228411,-0.402984,-0.445459
0.226619,-0.404633,-0.447135
0.223274,-0.402634,-0.447818
0.220937,-0.404066,-0.450371
0.217610,-0.403933,-0.448793
0.217648,-0.403346,-0.451738
0.212210,-0.404766,-0.453534
0.212693,-0.404162,-0.452751
0.208092,-0.404043,-0.454713
0.204402,-0.402870,-0.456707
0.202260,-0.405077,-0.458421
0.198907,-0.405813,-0.458620
0.196337,-0.405628,-0.460384
0.193022,-0.404743,-0.463492
0.190073,-0.406979,-0.465744
0.188313,-0.408820,-0.466816
0.182941,-0.408934,-0.468264
0.178713,-0.409605,-0.469518
0.173928,-0.412201,-0.475289
0.163684,-0.418965,-0.483255
0.402513,-0.568946,-0.438903
0.411151,-0.560199,-0.430475
0.417787,-0.550907,-0.423576
0.419025,-0.545359,-0.418395
0.422607,-0.539540,-0.414002
0.423891,-0.535269,-0.412247
0.423157,-0.530894,-0.409206
0.427173,-0.526257,-0.407471
0.427884,-0.524457,-0.405997
0.430544,-0.520322,-0.403504
0.429727,-0.516662,-0.401250
0.433250,-0.512692,-0.400289
0.432146,-0.511107,-0.396162
0.433232,-0.507419,-0.393052
0.432310,-0.503718,-0.394784
0.434173,-0.501602,-0.393522
0.432903,-0.498844,-0.390960
0.433084,-0.496509,-0.391204
0.432675,-0.495814,-0.389453
0.433019,-0.493630,-0.387781
0.432759,-0.490997,-0.387791
0.432456,-0.486845,-0.388081
0.434323,-0.486623,-0.386810
0.432622,-0.482409,-0.384337
0.433390,-0.479527,-0.383566
0.434937,-0.478117,-0.381742
0.432396,-0.475524,-0.381680
0.431880,-0.474783,-0.382769
0.432860,-0.470426,-0.380084
0.432454,-0.469557,-0.379620
0.429497,-0.468174,-0.378323
0.430955,-0.467542,-0.376695
0.429717,-0.467555,-0.375955
0.429391,-0.463134,-0.377393
0.430068,-0.460656,-0.376697
0.429893,-0.459507,-0.374840
0.428520,-0.458310,-0.374472
0.428082,-0.455700,-0.374993
0.427309,-0.455918,-0.374466
0.425323,-0.452679,-0.375114
0.424926,-0.452870,-0.374735
0.423862,-0.451378,-0.371843
0.424321,-0.449222,-0.374141
0.421971,-0.446493,-0.370876
0.422902,-0.445943,-0.371853
0.420066,-0.443484,-0.371982
0.418295,-0.443616,-0.371723
0.418718,-0.444004,-0.372179
0.417241,-0.440876,-0.369894
0.415953,-0.439911,-0.371551
0.413280,-0.439516,-0.372366
0.415527,-0.437226,-0.373150
0.413266,-0.436484,-0.372233
0.409490,-0.436931,-0.371774
0.411207,-0.433812,-0.372513
0.408619,-0.435401,-0.369992
0.409077,-0.431095,-0.372906
0.406092,-0.430183,-0.371789
0.403966,-0.431469,-0.374321
0.403531,-0.427786,-0.373690
0.402967,-0.428118,-0.372365
0.402531,-0.427214,-0.372900
0.399319,-0.426563,-0.371995
0.397622,-0.426546,-0.375382
0.395092,-0.426555,-0.373486
0.395878,-0.427548,-0.374626
0.394004,-0.425611,-0.374157
0.392334,-0.421803,-0.375285
0.390631,-0.421889,-0.374891
0.388720,-0.422327,-0.375497
0.388980,-0.420129,-0.376359
0.387491,-0.419954,-0.376899
0.385527,-0.419382,-0.379272
0.382900,-0.419172,-0.377866
0.382332,-0.418110,-0.376911
0.379943,-0.417598,-0.379300
0.379067,-0.416087,-0.378813
0.378641,-0.414742,-0.377841
0.376363,-0.413648,-0.378000
0.376627,-0.414070,-0.380686
0.371726,-0.413119,-0.380130
0.370443,-0.412940,-0.379476
0.368090,-0.412731,-0.380332
0.368864,-0.408544,-0.379540
0.367963,-0.409129,-0.379683
0.365565,-0.406313,-0.381423
0.363769,-0.409229,-0.380754
0.364458,-0.405074,-0.381154
0.364461,-0.405135,-0.379748
0.361003,-0.404515,-0.380198
0.361015,-0.403573,-0.380374
0.361695,-0.402491,-0.380750
0.357620,-0.400843,-0.378651
0.356963,-0.401608,-0.379889
0.355224,-0.397802,-0.380668
0.353779,-0.397660,-0.380470
0.352029,-0.399555,-0.382400
0.349859,-0.396734,-0.383128
0.350781,-0.395509,-0.382281
0.348456,-0.395053,-0.383062
0.346637,-0.393127,-0.384738
0.345088,-0.393514,-0.384783
0.343798,-0.392297,-0.384958
0.343089,-0.393545,-0.385453
0.340799,-0.391449,-0.386445
0.338203,-0.390545,-0.386215
0.336128,-0.389429,-0.385895
0.335783,-0.389872,-0.386694
0.332766,-0.388983,-0.388388
0.330157,-0.389902,-0.386279
0.329036,-0.387387,-0.387217
0.328248,-0.386691,-0.388153
0.327079,-0.385219,-0.388039
0.324394,-0.386948,-0.388899
0.323893,-0.385051,-0.390845
0.320550,-0.385431,-0.390903
0.320002,-0.384505,-0.393306
0.317839,-0.386154,-0.392724
0.315037,-0.385818,-0.394776
0.310442,-0.385456,-0.395759
0.311842,-0.385116,-0.394928
0.307931,-0.384061,-0.396758
0.305556,-0.384515,-0.396791
0.303504,-0.386715,-0.399277
0.301205,-0.384258,-0.400288
0.299365,-0.385213,-0.401269
0.295179,-0.385164,-0.401763
0.293107,-0.385423,-0.404252
0.291443,-0.385963,-0.405334
0.288746,-0.384450,-0.405953
0.284054,-0.385672,-0.407094
0.280178,-0.385215,-0.410570
0.278226,-0.386610,-0.410787
0.275527,-0.386830,-0.412299
0.274208,-0.390416,-0.415899
0.269131,-0.388768,-0.418435
0.264356,-0.393365,-0.420659
0.260913,-0.394909,-0.421386
0.256557,-0.397346,-0.426310
0.251062,-0.398672,-0.431000
0.246646,-0.399661,-0.431171
0.242907,-0.401004,-0.434370
0.239463,-0.402091,-0.436695
0.238280,-0.402282,-0.438052
0.234456,-0.403743,-0.439852
0.230309,-0.404134,-0.439891
0.226009,-0.402965,-0.445564
0.225532,-0.404378,-0.445415
0.222895,-0.404978,-0.447467
0.219572,-0.403249,-0.445445
0.218560,-0.407083,-0.449564
0.215946,-0.405012,-0.451712
0.211251,-0.407430,-0.451683
0.210079,-0.406098,-0.454647
0.204919,-0.405396,-0.454285
0.201154,-0.406202,-0.457478
0.201259,-0.405939,-0.455048
0.196907,-0.406682,-0.457432
0.194916,-0.406729,-0.461524
0.191026,-0.407784,-0.463302
0.186843,-0.409487,-0.463184
0.183373,-0.408585,-0.465463
0.181276,-0.407617,-0.466423
0.176761,-0.409622,-0.468621
0.175226,-0.413708,-0.473164
0.163252,-0.421496,-0.482731
0.401150,-0.576517,-0.442329
0.405511,-0.567506,-0.433836
0.412300,-0.556280,-0.427669
0.416479,-0.550728,-0.422637
0.420537,-0.544770,-0.415852
0.422407,-0.539770,-0.414438
0.425050,-0.534671,-0.410371
0.427404,-0.531081,-0.406556
0.427106,-0.526405,-0.405193
0.429022,-0.523082,-0.404495
0.427663,-0.521990,-0.400699
0.430145,-0.516714,-0.399231
0.431594,-0.513907,-0.399137
0.430041,-0.513163,-0.396059
0.430856,-0.507129,-0.393702
0.431849,-0.504206,-0.392519
0.431037,-0.501572,-0.392862
0.431311,-0.500194,-0.390372
0.430061,-0.498941,-0.389922
0.432523,-0.497006,-0.390136
0.430453,-0.493368,-0.387427
0.432397,-0.491329,-0.388369
0.431670,-0.486918,-0.385777
0.432152,-0.485738,-0.384231
0.431692,-0.484064,-0.382721
0.429994,-0.480329,-0.381950
0.431111,-0.478024,-0.381296
0.430518,-0.477674,-0.379839
0.430291,-0.475742,-0.378154
0.430437,-0.474937,-0.378737
0.429319,-0.471483,-0.379483
0.429203,-0.471147,-0.378023
0.427991,-0.468872,-0.376877
0.430175,-0.466079,-0.376795
0.427956,-0.464215,-0.374865
0.424118,-0.464367,-0.375778
0.427280,-0.461831,-0.373151
0.425440,-0.459341,-0.374868
0.426424,-0.457922,-0.372464
0.424753,-0.456619,-0.373917
0.423050,-0.455695,-0.374039
0.424453,-0.454279,-0.373426
0.422595,-0.450084,-0.371360
0.422006,-0.449220,-0.371588
0.420626,-0.448699,-0.370622
0.420056,-0.445856,-0.371985
0.418164,-0.445804,-0.373519
0.416715,-0.445729,-0.372238
0.418262,-0.443084,-0.369907
0.415830,-0.443969,-0.370788
0.415312,-0.442257,-0.371976
0.414679,-0.441181,-0.370569
0.413987,-0.438046,-0.370964
0.411610,-0.438081,-0.370075
0.410625,-0.437483,-0.370973
0.408558,-0.436086,-0.371552
0.408243,-0.434915,-0.371963
0.405742,-0.434038,-0.372043
0.403571,-0.431674,-0.371447
0.401843,-0.431809,-0.373554
0.402668,-0.430952,-0.371651
0.400467,-0.433296,-0.373263
0.397971,-0.429096,-0.372639
0.395569,-0.430634,-0.371772
0.393755,-0.428408,-0.371312
0.393710,-0.426449,-0.374810
0.394329,-0.428047,-0.372459
0.391836,-0.426139,-0.375415
0.391256,-0.424396,-0.375689
0.389104,-0.424776,-0.374331
0.388250,-0.422837,-0.375929
0.385959,-0.422405,-0.376389
0.382941,-0.424690,-0.376661
0.382264,-0.422236,-0.375521
0.381350,-0.421341,-0.376408
0.379933,-0.419729,-0.377516
0.378225,-0.419251,-0.378068
0.378725,-0.418189,-0.377598
0.376567,-0.416793,-0.379525
0.375341,-0.415702,-0.377733
0.372920,-0.416874,-0.377412
0.372700,-0.413097,-0.378184
0.369132,-0.414623,-0.379837
0.371095,-0.414302,-0.380030
0.368535,-0.411785,-0.379949
0.367195,-0.412214,-0.379774
0.363687,-0.409888,-0.379429
0.364066,-0.409812,-0.379491
0.361018,-0.407390,-0.380841
0.362785,-0.405858,-0.377678
0.359211,-0.405631,-0.378459
0.359528,-0.404059,-0.379516
0.355680,-0.402295,-0.381638
0.356295,-0.403665,-0.381076
0.355746,-0.402450,-0.379542
0.353297,-0.400191,-0.380567
0.353642,-0.399829,-0.379525
0.348518,-0.399524,-0.380577
0.349905,-0.398707,-0.381872
0.347687,-0.396630,-0.382190
0.347775,-0.394273,-0.380939
0.344429,-0.395384,-0.382902
0.344192,-0.396126,-0.383107
0.340834,-0.394283,-0.381514
0.340498,-0.392778,-0.383156
0.339388,-0.391786,-0.381872
0.336615,-0.392322,-0.385799
0.335349,-0.392216,-0.384995
0.334293,-0.391857,-0.386100
0.334354,-0.389141,-0.389048
0.329188,-0.389384,-0.385510
0.326437,-0.390565,-0.386938
0.326335,-0.388444,-0.387502
0.325162,-0.389064,-0.389375
0.322085,-0.390002,-0.389468
0.321478,-0.387710,-0.391117
0.317235,-0.385460,-0.391040
0.314529,-0.386775,-0.393908
0.312976,-0.387544,-0.392005
0.312855,-0.388801,-0.395656
0.308734,-0.385821,-0.394010
0.309174,-0.387093,-0.394411
0.304877,-0.387444,-0.396101
0.301260,-0.385808,-0.396163
0.301479,-0.386878,-0.398522
0.298181,-0.387908,-0.400587
0.296557,-0.385034,-0.402941
0.293395,-0.385508,-0.402611
0.291209,-0.386214,-0.404482
0.288549,-0.387880,-0.404490
0.284391,-0.387746,-0.406678
0.282693,-0.387262,-0.406364
0.279740,-0.388804,-0.411069
0.279489,-0.389049,-0.411512
0.272820,-0.388702,-0.414540
0.269466,-0.392088,-0.415069
0.265441,-0.394891,-0.416790
0.261880,-0.394250,-0.420934
0.255947,-0.395323,-0.424419
0.253919,-0.400517,-0.427343
0.246638,-0.400370,-0.428685
0.243576,-0.402679,-0.433555
0.240668,-0.402319,-0.433151
0.238752,-0.402720,-0.436156
0.232769,-0.404575,-0.436748
0.232410,-0.404699,-0.438322
0.226994,-0.407131,-0.440662
0.224898,-0.405687,-0.443729
0.223369,-0.406447,-0.445234
0.219879,-0.404877,-0.445379
0.217509,-0.405833,-0.448105
0.216560,-0.406107,-0.448254
0.212076,-0.404676,-0.449391
0.208595,-0.408262,-0.451570
0.207430,-0.405848,-0.453912
0.203659,-0.406542,-0.452909
0.200368,-0.406372,-0.455545
0.198393,-0.407563,-0.456516
0.196092,-0.406145,-0.459085
0.193663,-0.406848,-0.458506
0.190269,-0.408878,-0.460558
0.187443,-0.408962,-0.462124
0.184731,-0.409244,-0.465393
0.180898,-0.410951,-0.466149
0.176243,-0.410933,-0.468392
0.174060,-0.411370,-0.470329
0.162213,-0.420478,-0.479089
0.400914,-0.571824,-0.437227
0.408598,-0.566395,-0.429791
0.413801,-0.559514,-0.422232
0.417053,-0.551032,-0.418004
0.420380,-0.546253,-0.414446
0.420015,-0.541166,-0.412754
0.423851,-0.535609,-0.408437
0.426826,-0.533052,-0.407792
0.427182,-0.527675,-0.405654
0.428070,-0.526680,-0.402586
0.428351,-0.521065,-0.401091
0.428642,-0.516485,-0.400211
0.428179,-0.513943,-0.395492
0.429914,-0.510324,-0.395473
0.428465,-0.508996,-0.392831
0.432493,-0.506785,-0.392305
0.429674,-0.503184,-0.390095
0.429911,-0.501877,-0.388576
0.430670,-0.500200,-0.385986
0.429081,-0.495783,-0.385139
0.429481,-0.493576,-0.384662
0.429943,-0.492356,-0.385260
0.430766,-0.489020,-0.383240
0.431258,-0.485667,-0.382832
0.431371,-0.484656,-0.383358
0.429288,-0.482156,-0.378462
0.431174,-0.480216,-0.380248
0.429242,-0.477069,-0.380905
0.429022,-0.477182,-0.380553
0.428410,-0.474010,-0.377802
0.429170,-0.473579,-0.376467
0.427663,-0.470935,-0.377960
0.427789,-0.468939,-0.374900
0.426974,-0.466804,-0.374621
0.426938,-0.466131,-0.374886
0.426293,-0.463981,-0.374537
0.424117,-0.463224,-0.374521
0.425751,-0.463449,-0.372031
0.425493,-0.459972,-0.373043
0.424005,-0.458721,-0.371665
0.422828,-0.455307,-0.372084
0.422483,-0.453442,-0.371518
0.421954,-0.453155,-0.370820
0.420174,-0.451580,-0.371525
0.420889,-0.450343,-0.372128
0.418574,-0.450289,-0.372182
0.418697,-0.447029,-0.370673
0.417405,-0.447370,-0.371600
0.415148,-0.444841,-0.370609
0.412175,-0.444492,-0.370105
0.412698,-0.444284,-0.371062
0.411821,-0.441251,-0.370479
0.412489,-0.439546,-0.370578
0.408693,-0.439814,-0.370091
0.408393,-0.438006,-0.368254
0.406093,-0.438011,-0.369371
0.407078,-0.436554,-0.372247
0.404887,-0.438222,-0.369966
0.404155,-0.435671,-0.370341
0.402458,-0.433803,-0.370887
0.399717,-0.431835,-0.371931
0.399195,-0.431335,-0.371674
0.396515,-0.432478,-0.374002
0.397279,-0.431283,-0.371645
0.395337,-0.429511,-0.373749
0.391735,-0.427475,-0.372776
0.391717,-0.428462,-0.372476
0.391193,-0.427902,-0.373397
0.390078,-0.426156,-0.372636
0.385595,-0.426057,-0.374801
0.385250,-0.424014,-0.374029
0.384203,-0.423062,-0.374686
0.383604,-0.424118,-0.376296
0.382826,-0.423150,-0.376639
0.380656,-0.422584,-0.375920
0.379239,-0.419076,-0.375201
0.377198,-0.419668,-0.377418
0.374469,-0.419568,-0.375587
0.374001,-0.417056,-0.376037
0.373186,-0.417750,-0.377912
0.371164,-0.416092,-0.378698
0.369398,-0.417637,-0.377309
0.369574,-0.415708,-0.377490
0.366839,-0.413993,-0.377151
0.366357,-0.414520,-0.378004
0.364384,-0.413142,-0.379517
0.361432,-0.410271,-0.377879
0.362113,-0.410202,-0.377746
0.359703,-0.408177,-0.378905
0.359754,-0.408869,-0.379145
0.359009,-0.407907,-0.379558
0.356161,-0.406665,-0.380299
0.355558,-0.404336,-0.380497
0.355796,-0.404277,-0.379186
0.354676,-0.403985,-0.380224
0.351291,-0.404458,-0.381413
0.351396,-0.400670,-0.380128
0.350637,-0.400668,-0.380775
0.347027,-0.398474,-0.381191
0.345898,-0.398713,-0.383508
0.345249,-0.400567,-0.379704
0.343719,-0.397331,-0.381585
0.339653,-0.396612,-0.382497
0.339908,-0.394616,-0.381892
0.340662,-0.395575,-0.382262
0.337473,-0.394126,-0.384699
0.335522,-0.392618,-0.385247
0.334308,-0.393916,-0.383779
0.330565,-0.391926,-0.385212
0.329337,-0.392882,-0.384484
0.328559,-0.392971,-0.386006
0.326090,-0.392564,-0.386491
0.323985,-0.391446,-0.388075
0.322796,-0.392358,-0.386790
0.320531,-0.392214,-0.390799
0.320122,-0.388480,-0.389882
0.317219,-0.390846,-0.391823
0.315900,-0.389617,-0.392660
0.312592,-0.388579,-0.393600
0.311307,-0.390298,-0.392170
0.308765,-0.388668,-0.392751
0.307081,-0.390328,-0.395946
0.302997,-0.387891,-0.397189
0.300150,-0.389987,-0.398436
0.298896,-0.388170,-0.399118
0.295924,-0.388762,-0.398235
0.294869,-0.388109,-0.399906
0.291865,-0.388726,-0.402696
0.288845,-0.389975,-0.401436
0.286026,-0.388202,-0.406040
0.282844,-0.389722,-0.406690
0.281731,-0.390611,-0.407236
0.278220,-0.390821,-0.410549
0.273262,-0.392702,-0.411982
0.270925,-0.392961,-0.414570
0.265427,-0.395442,-0.418091
0.263301,-0.398145,-0.420163
0.257984,-0.396833,-0.420766
0.254393,-0.398766,-0.424785
0.250424,-0.402034,-0.430073
0.244452,-0.403243,-0.432181
0.239829,-0.404976,-0.432718
0.241858,-0.405002,-0.433074
0.237643,-0.404578,-0.437509
0.231506,-0.407451,-0.439690
0.227691,-0.406583,-0.438585
0.226376,-0.405904,-0.441482
0.223231,-0.407520,-0.441205
0.220549,-0.405901,-0.442800
0.217648,-0.408500,-0.445388
0.218432,-0.407234,-0.446290
0.213732,-0.407984,-0.448482
0.209900,-0.408397,-0.449311
0.207769,-0.407706,-0.451820
0.202219,-0.409559,-0.451795
0.202733,-0.409521,-0.454616
0.200047,-0.408187,-0.455462
0.194645,-0.408389,-0.455874
0.194031,-0.407979,-0.456870
0.192864,-0.409270,-0.459615
0.189909,-0.409719,-0.459742
0.185788,-0.411878,-0.463069
0.181870,-0.410308,-0.463669
0.179617,-0.412843,-0.465551
0.175798,-0.412941,-0.467361
0.175137,-0.413255,-0.468681
0.162430,-0.420268,-0.477512
0.391939,-0.587096,-0.443463
0.406895,-0.573494,-0.431596
0.409020,-0.563487,-0.426466
0.411543,-0.556284,-0.421325
0.418064,-0.550568,-0.415679
0.421465,-0.544967,-0.414217
0.421068,-0.541281,-0.408735
0.422294,-0.537306,-0.406821
0.424480,-0.531209,-0.406592
0.424026,-0.528433,-0.401813
0.426651,-0.527676,-0.402164
0.426756,-0.523286,-0.399454
0.428563,-0.518541,-0.397117
0.429843,-0.518578,-0.395493
0.429695,-0.512858,-0.394206
0.429237,-0.508771,-0.392021
0.430732,-0.510777,-0.390234
0.429766,-0.503508,-0.389088
0.429710,-0.501662,-0.388442
0.428929,-0.499675,-0.387669
0.430417,-0.496566,-0.385301
0.430464,-0.494706,-0.387172
0.429868,-0.493122,-0.384441
0.430308,-0.489859,-0.381942
0.428725,-0.487267,-0.381301
0.428231,-0.487522,-0.380817
0.430226,-0.484311,-0.380738
0.430175,-0.482615,-0.378787
0.428829,-0.481041,-0.378753
0.428334,-0.479487,-0.379068
0.427376,-0.475751,-0.376586
0.426782,-0.475626,-0.377194
0.427601,-0.472436,-0.376343
0.427855,-0.469275,-0.373069
0.428153,-0.469841,-0.373403
0.427033,-0.465358,-0.375358
0.426950,-0.465240,-0.373891
0.423103,-0.463201,-0.371818
0.424023,-0.463555,-0.372241
0.422065,-0.461253,-0.373004
0.421843,-0.459450,-0.370086
0.419255,-0.457284,-0.369921
0.422102,-0.454992,-0.370645
0.420839,-0.455144,-0.368523
0.417430,-0.453097,-0.369460
0.417860,-0.452482,-0.367650
0.416244,-0.450445,-0.368976
0.415912,-0.448789,-0.370207
0.414733,-0.448963,-0.370998
0.413249,-0.446644,-0.369804
0.411770,-0.443915,-0.370669
0.412564,-0.443822,-0.367913
0.410509,-0.443127,-0.367737
0.409055,-0.440970,-0.370076
0.409244,-0.439869,-0.369378
0.407911,-0.437865,-0.370076
0.406594,-0.437597,-0.370956
0.405371,-0.437084,-0.368505
0.402195,-0.436006,-0.370133
0.401760,-0.437412,-0.369175
0.400519,-0.434558,-0.370310
0.399319,-0.435912,-0.370110
0.397946,-0.432481,-0.372414
0.396945,-0.433334,-0.371622
0.394472,-0.432819,-0.372799
0.392333,-0.430815,-0.372931
0.390815,-0.430197,-0.369671
0.391090,-0.428710,-0.372653
0.389819,-0.428733,-0.373506
0.387892,-0.427763,-0.375018
0.384297,-0.426590,-0.373984
0.383530,-0.427539,-0.375564
0.382715,-0.424633,-0.372748
0.380693,-0.422832,-0.375790
0.380423,-0.423935,-0.374836
0.378707,-0.423315,-0.375973
0.376305,-0.423594,-0.376207
0.375929,-0.421736,-0.374838
0.374473,-0.420840,-0.377622
0.373118,-0.420692,-0.376779
0.373317,-0.420619,-0.378190
0.370246,-0.418588,-0.376497
0.368122,-0.419661,-0.376721
0.366496,-0.414959,-0.376561
0.366829,-0.415680,-0.376626
0.365015,-0.414917,-0.376485
0.361487,-0.413481,-0.377264
0.361718,-0.413544,-0.377079
0.359237,-0.412323,-0.378418
0.359297,-0.411693,-0.378594
0.357885,-0.409906,-0.378317
0.358119,-0.407975,-0.377508
0.356851,-0.407601,-0.379200
0.354980,-0.405957,-0.377883
0.352274,-0.406833,-0.380457
0.351038,-0.405539,-0.378944
0.351563,-0.403020,-0.380523
0.349778,-0.403724,-0.381515
0.347756,-0.402673,-0.378810
0.346564,-0.401999,-0.380691
0.342687,-0.401682,-0.380455
0.343693,-0.400625,-0.381140
0.342343,-0.399168,-0.379724
0.340204,-0.398984,-0.381520
0.339898,-0.397919,-0.380823
0.338481,-0.398118,-0.381877
0.336037,-0.394722,-0.382959
0.332098,-0.395266,-0.384837
0.331547,-0.393734,-0.383745
0.328999,-0.394042,-0.384462
0.327508,-0.393638,-0.383999
0.326385,-0.393267,-0.385941
0.324150,-0.394255,-0.386450
0.323390,-0.393391,-0.388467
0.318511,-0.393831,-0.390106
0.317866,-0.392375,-0.388963
0.316743,-0.392568,-0.390195
0.313375,-0.392249,-0.389604
0.313038,-0.390549,-0.391049
0.309229,-0.390082,-0.391929
0.305780,-0.389305,-0.392180
0.305219,-0.390019,-0.393214
0.305035,-0.391545,-0.395363
0.300080,-0.390114,-0.395328
0.300287,-0.390855,-0.398361
0.298085,-0.391163,-0.398454
0.295020,-0.391176,-0.398446
0.292062,-0.390818,-0.398978
0.290081,-0.391313,-0.402473
0.287422,-0.391747,-0.401009
0.284994,-0.391407,-0.404401
0.280860,-0.392424,-0.404210
0.277993,-0.393282,-0.407535
0.277215,-0.393063,-0.408308
0.273002,-0.392964,-0.411819
0.267787,-0.396643,-0.412666
0.263481,-0.395199,-0.415174
0.260941,-0.398448,-0.421271
0.255763,-0.399179,-0.422274
0.251919,-0.402853,-0.425972
0.247830,-0.404207,-0.427520
0.245095,-0.405969,-0.429175
0.240135,-0.406430,-0.432070
0.237689,-0.407493,-0.433530
0.232906,-0.406663,-0.435221
0.230138,-0.407766,-0.436315
0.226893,-0.410123,-0.438995
0.224580,-0.409427,-0.440894
0.221820,-0.410616,-0.441380
0.219767,-0.408587,-0.440904
0.216553,-0.407905,-0.442884
0.216208,-0.407437,-0.445158
0.209791,-0.410483,-0.447243
0.207445,-0.411370,-0.447429
0.206150,-0.410464,-0.449355
0.203630,-0.409696,-0.452010
0.199831,-0.411280,-0.452344
0.199534,-0.410860,-0.453834
0.196110,-0.411941,-0.455650
0.190146,-0.410474,-0.457352
0.191396,-0.410162,-0.456883
0.187795,-0.411051,-0.459651
0.185317,-0.411076,-0.461189
0.181320,-0.412062,-0.461348
0.177046,-0.413020,-0.464384
0.174327,-0.414408,-0.466106
0.173505,-0.413074,-0.466502
0.162445,-0.419445,-0.474966
0.400004,-0.578040,-0.436576
0.406367,-0.570871,-0.426819
0.411435,-0.563770,-0.421859
0.412813,-0.556806,-0.419367
0.416970,-0.551221,-0.413610
0.417821,-0.543453,-0.410287
0.421454,-0.541256,-0.407557
0.420982,-0.535254,-0.404881
0.425250,-0.532849,-0.404504
0.425140,-0.529003,-0.401198
0.425767,-0.527791,-0.399072
0.425632,-0.522533,-0.397985
0.428007,-0.519789,-0.397303
0.426550,-0.517367,-0.392824
0.426248,-0.513261,-0.393593
0.427095,-0.511069,-0.389744
0.427647,-0.508812,-0.390340
0.428545,-0.504409,-0.389845
0.428950,-0.501755,-0.387032
0.427589,-0.501826,-0.384692
0.426489,-0.500071,-0.385340
0.428850,-0.497665,-0.383289
0.430726,-0.493070,-0.383746
0.428423,-0.491674,-0.382549
0.429126,-0.489811,-0.378710
0.426948,-0.487852,-0.380249
0.428577,-0.484997,-0.378067
0.425857,-0.482010,-0.377735
0.429211,-0.482147,-0.378850
0.428208,-0.480137,-0.375909
0.426621,-0.478159,-0.377034
0.426817,-0.476232,-0.375107
0.427039,-0.473501,-0.373610
0.427059,-0.471364,-0.374778
0.425645,-0.470608,-0.372342
0.425111,-0.467386,-0.372804
0.422628,-0.468833,-0.374203
0.423099,-0.465319,-0.372917
0.421838,-0.463517,-0.371482
0.422776,-0.462292,-0.370895
0.420010,-0.459392,-0.372103
0.419293,-0.459551,-0.370248
0.419469,-0.458720,-0.369225
0.418589,-0.455141,-0.369443
0.417813,-0.452653,-0.366324
0.418698,-0.450355,-0.369028
0.415601,-0.450878,-0.367795
0.416177,-0.449157,-0.367625
0.414494,-0.449177,-0.367849
0.412603,-0.449585,-0.368973
0.411653,-0.446604,-0.369363
0.409894,-0.444893,-0.367014
0.410477,-0.443952,-0.367152
0.409039,-0.443420,-0.367139
0.406825,-0.442360,-0.367814
0.406218,-0.440607,-0.367690
0.404125,-0.440249,-0.367512
0.403687,-0.438186,-0.368381
0.402218,-0.437253,-0.367831
0.401221,-0.437775,-0.369893
0.399406,-0.435011,-0.368628
0.398102,-0.435762,-0.370340
0.395326,-0.434488,-0.370956
0.395355,-0.434549,-0.371444
0.394658,-0.432931,-0.371295
0.392696,-0.432825,-0.372067
0.389965,-0.430106,-0.371381
0.389816,-0.430560,-0.370735
0.387973,-0.430755,-0.373737
0.385423,-0.429535,-0.372935
0.384557,-0.429562,-0.373846
0.383493,-0.428437,-0.372698
0.383250,-0.427792,-0.374818
0.382064,-0.427642,-0.374982
0.379473,-0.426856,-0.373275
0.375233,-0.426802,-0.376268
0.376735,-0.423241,-0.374412
0.374809,-0.423962,-0.375911
0.372675,-0.421792,-0.377064
0.370594,-0.422957,-0.376461
0.370757,-0.420044,-0.374907
0.367303,-0.419399,-0.376568
0.365249,-0.422035,-0.376774
0.364165,-0.418843,-0.377155
0.363583,-0.418533,-0.377636
0.362462,-0.418468,-0.376642
0.361820,-0.414954,-0.375524
0.361237,-0.413522,-0.377448
0.358876,-0.414652,-0.377455
0.357998,-0.411520,-0.378847
0.357235,-0.413838,-0.377646
0.354563,-0.410785,-0.380125
0.354882,-0.408550,-0.378582
0.352326,-0.406539,-0.377684
0.351052,-0.407339,-0.378374
0.347570,-0.407298,-0.379452
0.348757,-0.406351,-0.378717
0.346319,-0.403383,-0.381061
0.346926,-0.405865,-0.379078
0.344481,-0.403175,-0.377966
0.341027,-0.402567,-0.380277
0.340992,-0.400939,-0.378039
0.339050,-0.399109,-0.381151
0.339344,-0.400456,-0.381452
0.335450,-0.398075,-0.381662
0.335636,-0.399357,-0.383000
0.333359,-0.398332,-0.383095
0.330411,-0.397728,-0.382504
0.330026,-0.397470,-0.381070
0.327946,-0.397200,-0.385308
0.325520,-0.396878,-0.384292
0.325046,-0.395966,-0.384909
0.321783,-0.395390,-0.384778
0.320351,-0.393529,-0.385838
0.318709,-0.394209,-0.386666
0.316754,-0.393652,-0.389654
0.314251,-0.395387,-0.387801
0.311218,-0.392906,-0.390113
0.310165,-0.393807,-0.391764
0.309627,-0.392888,-0.391499
0.305125,-0.394069,-0.392045
0.302469,-0.393051,-0.393501
0.300836,-0.390307,-0.395273
0.298049,-0.392379,-0.396785
0.297162,-0.391831,-0.396488
0.293921,-0.392862,-0.398313
0.290615,-0.392332,-0.398732
0.290615,-0.392467,-0.399710
0.287237,-0.393958,-0.401243
0.285505,-0.393378,-0.402752
0.283595,-0.392334,-0.404090
0.279135,-0.395873,-0.406728
0.276202,-0.395157,-0.408206
0.272146,-0.395180,-0.410692
0.270437,-0.396379,-0.411613
0.264128,-0.398258,-0.413624
0.261570,-0.399177,-0.416469
0.257549,-0.400829,-0.419667
0.254349,-0.403318,-0.422720
0.246214,-0.405876,-0.424300
0.244714,-0.405654,-0.427066
0.243758,-0.405447,-0.429140
0.236750,-0.408122,-0.431622
0.235746,-0.408847,-0.433092
0.230479,-0.409865,-0.433696
0.228851,-0.408649,-0.436829
0.225326,-0.411018,-0.438702
0.224424,-0.410807,-0.439341
0.219747,-0.409178,-0.439915
0.217110,-0.413586,-0.442723
0.218315,-0.409177,-0.440255
0.213172,-0.410515,-0.446918
0.208133,-0.412550,-0.447825
0.207222,-0.411508,-0.446412
0.206240,-0.411438,-0.447948
0.201865,-0.410175,-0.452766
0.199087,-0.412736,-0.452191
0.196595,-0.413273,-0.452515
0.193754,-0.411628,-0.453760
0.191505,-0.411618,-0.455616
0.188952,-0.412686,-0.455120
0.186837,-0.412333,-0.457895
0.181604,-0.413957,-0.457799
0.178869,-0.414906,-0.462314
0.175137,-0.415308,-0.463950
0.173958,-0.415628,-0.463721
0.172763,-0.416174,-0.466965
0.161129,-0.421952,-0.472735
0.402425,-0.576426,-0.430517
0.407312,-0.568199,-0.425893
0.410103,-0.561399,-0.419306
0.414863,-0.556372,-0.418402
0.417303,-0.551031,-0.411502
0.417979,-0.545705,-0.409627
0.419894,-0.541071,-0.407399
0.425705,-0.536668,-0.403426
0.423134,-0.534941,-0.400644
0.423391,-0.531020,-0.400262
0.425614,-0.528483,-0.397416
0.425100,-0.524027,-0.396630
0.425739,-0.520196,-0.393784
0.428133,-0.518828,-0.391530
0.428549,-0.512034,-0.391785
0.427400,-0.513857,-0.387777
0.428042,-0.507345,-0.388275
0.428783,-0.507871,-0.388339
0.428074,-0.507147,-0.387429
0.427134,-0.501263,-0.386248
0.429303,-0.499604,-0.384475
0.427283,-0.498015,-0.382490
0.426650,-0.497855,-0.382839
0.427935,-0.492966,-0.380351
0.427129,-0.491776,-0.379320
0.427562,-0.488513,-0.377651
0.425327,-0.487134,-0.378089
0.425997,-0.484029,-0.376766
0.426746,-0.481413,-0.376659
0.425435,-0.481335,-0.376581
0.426405,-0.480490,-0.377028
0.425320,-0.477268,-0.375337
0.423813,-0.475436,-0.373318
0.424710,-0.473799,-0.373508
0.424645,-0.472278,-0.372371
0.423390,-0.469889,-0.372082
0.421643,-0.470566,-0.370409
0.423144,-0.466490,-0.371073
0.422402,-0.465974,-0.368957
0.418533,-0.462857,-0.369703
0.420788,-0.461299,-0.369532
0.420684,-0.460527,-0.368499
0.419722,-0.459450,-0.367938
0.418715,-0.455063,-0.367352
0.416796,-0.453641,-0.366348
0.415618,-0.453053,-0.366758
0.415355,-0.450488,-0.368122
0.414153,-0.451140,-0.365826
0.411340,-0.449712,-0.368423
0.412201,-0.448876,-0.367468
0.408881,-0.447943,-0.365915
0.409910,-0.448095,-0.368389
0.408086,-0.445157,-0.366991
0.407745,-0.443922,-0.367960
0.407459,-0.443172,-0.368352
0.404055,-0.442346,-0.369465
0.402366,-0.440556,-0.368519
0.402798,-0.439137,-0.367251
0.402278,-0.439904,-0.367377
0.399742,-0.438596,-0.368390
0.397565,-0.440063,-0.368728
0.397082,-0.437634,-0.367964
0.394022,-0.436314,-0.368665
0.394315,-0.436049,-0.370039
0.393996,-0.434553,-0.368637
0.391527,-0.434671,-0.370290
0.390876,-0.433257,-0.371208
0.388069,-0.431279,-0.370208
0.386639,-0.432271,-0.369575
0.384473,-0.431584,-0.371921
0.381964,-0.429920,-0.372162
0.382264,-0.429488,-0.370751
0.382943,-0.427101,-0.372233
0.379010,-0.428182,-0.373428
0.376713,-0.428528,-0.374306
0.374253,-0.427415,-0.373708
0.374119,-0.426402,-0.376008
0.371845,-0.423184,-0.375172
0.370788,-0.425207,-0.374096
0.370079,-0.423080,-0.375089
0.369025,-0.422971,-0.376756
0.367215,-0.421943,-0.375138
0.365590,-0.420695,-0.377139
0.362946,-0.420334,-0.375756
0.361644,-0.419345,-0.375989
0.361019,-0.418954,-0.376667
0.359339,-0.418969,-0.379823
0.358888,-0.415518,-0.377853
0.355606,-0.414996,-0.376220
0.354684,-0.414622,-0.376965
0.354784,-0.414161,-0.377431
0.351871,-0.411065,-0.376998
0.352060,-0.410169,-0.378620
0.350366,-0.410946,-0.378369
0.349237,-0.408870,-0.377798
0.348362,-0.409011,-0.378099
0.345555,-0.406728,-0.376703
0.346040,-0.406236,-0.378447
0.344505,-0.407027,-0.379307
0.341147,-0.405968,-0.379358
0.340434,-0.404999,-0.378526
0.339197,-0.401967,-0.380167
0.336035,-0.402882,-0.380981
0.335633,-0.402330,-0.380571
0.334473,-0.402503,-0.379422
0.332121,-0.400046,-0.381162
0.330545,-0.401506,-0.380346
0.329504,-0.400084,-0.382486
0.327749,-0.396910,-0.382333
0.326206,-0.397521,-0.382470
0.325283,-0.397447,-0.384403
0.323336,-0.398590,-0.383933
0.319871,-0.395567,-0.384143
0.317735,-0.396336,-0.388661
0.316132,-0.396304,-0.388062
0.315062,-0.394805,-0.387125
0.312338,-0.395191,-0.389443
0.310178,-0.394365,-0.388232
0.307894,-0.396135,-0.391448
0.307748,-0.395097,-0.392931
0.302787,-0.393697,-0.393944
0.303189,-0.396823,-0.392716
0.298655,-0.394339,-0.393545
0.297399,-0.394679,-0.394954
0.294634,-0.396106,-0.395219
0.292800,-0.393242,-0.397888
0.292635,-0.394453,-0.397944
0.287557,-0.393684,-0.399167
0.285465,-0.395359,-0.402746
0.281776,-0.396008,-0.403836
0.279776,-0.394997,-0.404971
0.275014,-0.396119,-0.405689
0.272168,-0.397244,-0.408318
0.268734,-0.398027,-0.408737
0.267418,-0.400281,-0.412836
0.262020,-0.401058,-0.415092
0.258186,-0.403254,-0.418523
0.252336,-0.403641,-0.420866
0.249114,-0.406658,-0.422440
0.247790,-0.407444,-0.424649
0.243951,-0.407449,-0.427174
0.238868,-0.409253,-0.428556
0.237694,-0.410184,-0.428595
0.233283,-0.411085,-0.434016
0.229132,-0.412210,-0.432792
0.226161,-0.412514,-0.434857
0.224350,-0.411905,-0.436789
0.221263,-0.412520,-0.437495
0.219269,-0.413044,-0.439481
0.216377,-0.411891,-0.441782
0.213171,-0.410960,-0.442232
0.209705,-0.416947,-0.443522
0.208094,-0.414018,-0.446216
0.206636,-0.412040,-0.446184
0.205335,-0.413245,-0.447025
0.202915,-0.412791,-0.449102
0.196685,-0.413225,-0.450334
0.197300,-0.414727,-0.452415
0.193602,-0.414092,-0.453383
0.189096,-0.413166,-0.454551
0.187878,-0.415115,-0.455527
0.185550,-0.412848,-0.457275
0.183469,-0.415456,-0.457726
0.177966,-0.414767,-0.460685
0.176172,-0.414505,-0.462117
0.171716,-0.418822,-0.464784
0.168232,-0.417093,-0.466598
0.158443,-0.422287,-0.472174
0.152378,-0.427933,-0.477876
0.393177,-0.586776,-0.435818
0.402939,-0.575384,-0.427239
0.406470,-0.567859,-0.425687
0.409852,-0.561216,-0.418283
0.415437,-0.557220,-0.415751
0.417418,-0.549238,-0.411445
0.416933,-0.545318,-0.409377
0.419729,-0.543176,-0.404629
0.423947,-0.536179,-0.400695
0.424625,-0.534409,-0.399813
0.422852,-0.533189,-0.397253
0.423924,-0.527393,-0.396086
0.424888,-0.525073,-0.393701
0.426407,-0.520909,-0.392104
0.424390,-0.519664,-0.391687
0.427256,-0.516950,-0.389777
0.425256,-0.513360,-0.387193
0.425542,-0.509991,-0.388763
0.426353,-0.507603,-0.385443
0.425607,-0.506879,-0.383980
0.428928,-0.503511,-0.383653
0.426892,-0.501452,-0.381867
0.424944,-0.502771,-0.380787
0.427300,-0.497040,-0.381806
0.426272,-0.495150,-0.378994
0.425729,-0.491271,-0.379746
0.426519,-0.490518,-0.376842
0.423068,-0.489361,-0.375764
0.424662,-0.486931,-0.375602
0.424058,-0.483842,-0.375634
0.427076,-0.485174,-0.373563
0.426298,-0.481876,-0.373538
0.424491,-0.478795,-0.370445
0.423496,-0.475592,-0.372267
0.424593,-0.473461,-0.371419
0.422797,-0.473215,-0.370974
0.420900,-0.471073,-0.369987
0.420903,-0.467889,-0.373194
0.421130,-0.466618,-0.369301
0.419165,-0.466235,-0.368207
0.418657,-0.465333,-0.368560
0.418787,-0.463219,-0.368207
0.417542,-0.461290,-0.367026
0.417570,-0.459892,-0.367837
0.417618,-0.456914,-0.367284
0.414002,-0.457605,-0.366832
0.415013,-0.453956,-0.365977
0.412284,-0.455226,-0.367427
0.412897,-0.452166,-0.365934
0.411879,-0.450821,-0.366216
0.412143,-0.451583,-0.367050
0.410430,-0.448467,-0.367165
0.409338,-0.447303,-0.364973
0.406261,-0.447638,-0.367249
0.404826,-0.445951,-0.367411
0.405997,-0.443492,-0.367341
0.401582,-0.443918,-0.366684
0.401690,-0.442990,-0.364702
0.400676,-0.439499,-0.366605
0.400882,-0.441335,-0.366428
0.398718,-0.439903,-0.364737
0.396906,-0.440968,-0.367680
0.395984,-0.439448,-0.366450
0.395015,-0.435927,-0.367429
0.392870,-0.436543,-0.370020
0.392726,-0.436781,-0.368409
0.388367,-0.434868,-0.369568
0.388699,-0.433852,-0.369885
0.387350,-0.434065,-0.370279
0.383194,-0.433060,-0.371094
0.383261,-0.431333,-0.369795
0.382398,-0.431767,-0.370654
0.378973,-0.429184,-0.371182
0.377712,-0.430529,-0.371384
0.376242,-0.428750,-0.373605
0.374242,-0.425996,-0.374839
0.371975,-0.428289,-0.372062
0.372422,-0.429478,-0.373009
0.370254,-0.425949,-0.373020
0.369123,-0.425986,-0.374609
0.368569,-0.425577,-0.374801
0.365380,-0.425196,-0.375487
0.364590,-0.422968,-0.376155
0.364643,-0.422906,-0.374598
0.361280,-0.423837,-0.375494
0.360503,-0.419949,-0.376279
0.358289,-0.419101,-0.375119
0.357903,-0.419288,-0.375485
0.357604,-0.418732,-0.377002
0.354884,-0.417791,-0.376748
0.354339,-0.415858,-0.374764
0.353630,-0.414091,-0.376953
0.351392,-0.412204,-0.377774
0.350521,-0.412425,-0.376960
0.350030,-0.412437,-0.375516
0.348733,-0.411466,-0.378437
0.346886,-0.410886,-0.376049
0.345182,-0.409095,-0.378295
0.343086,-0.410507,-0.378191
0.340832,-0.407964,-0.379074
0.340016,-0.405942,-0.380754
0.339394,-0.408732,-0.379285
0.338157,-0.406609,-0.378745
0.335689,-0.404404,-0.379590
0.335714,-0.404626,-0.378595
0.334233,-0.404545,-0.381080
0.331551,-0.402592,-0.381542
0.330211,-0.399171,-0.380470
0.327909,-0.401546,-0.383202
0.326317,-0.400565,-0.382241
0.324343,-0.401648,-0.382026
0.324859,-0.400664,-0.385077
0.319298,-0.398698,-0.384115
0.319810,-0.398502,-0.385390
0.315073,-0.398971,-0.386911
0.314241,-0.397474,-0.387615
0.311263,-0.397530,-0.385855
0.308443,-0.396890,-0.390428
0.308635,-0.397853,-0.389182
0.307142,-0.398028,-0.389817
0.304058,-0.398758,-0.390542
0.303152,-0.397896,-0.392107
0.299677,-0.396776,-0.393973
0.298487,-0.396643,-0.392427
0.295485,-0.396255,-0.396609
0.293053,-0.397498,-0.397066
0.289617,-0.395036,-0.397474
0.288447,-0.395958,-0.398794
0.284908,-0.395268,-0.398552
0.284014,-0.398769,-0.400145
0.279159,-0.397343,-0.402378
0.277340,-0.397983,-0.405157
0.273562,-0.399645,-0.404326
0.269610,-0.400008,-0.409142
0.269496,-0.399442,-0.408269
0.264887,-0.403459,-0.412692
0.259438,-0.403155,-0.414454
0.255775,-0.404349,-0.416892
0.250916,-0.406468,-0.420757
0.247929,-0.408918,-0.423497
0.243904,-0.409255,-0.425037
0.242205,-0.411475,-0.425719
0.236693,-0.410810,-0.429712
0.232669,-0.412666,-0.429570
0.231530,-0.411905,-0.431443
0.226903,-0.412831,-0.434915
0.223196,-0.413805,-0.436970
0.221627,-0.413122,-0.438323
0.219594,-0.414600,-0.437362
0.216750,-0.412330,-0.438817
0.216750,-0.413163,-0.438376
0.211228,-0.415270,-0.439711
0.208791,-0.414601,-0.443961
0.206460,-0.415255,-0.445142
0.203875,-0.414329,-0.445604
0.200068,-0.415987,-0.448854
0.198621,-0.413907,-0.447656
0.198461,-0.415513,-0.450602
0.192951,-0.413948,-0.450816
0.190182,-0.414943,-0.452398
0.186562,-0.415757,-0.451686
0.185223,-0.416654,-0.452155
0.182647,-0.415019,-0.455752
0.179415,-0.416060,-0.457373
0.176856,-0.416101,-0.459667
0.172163,-0.417173,-0.461283
0.172199,-0.416591,-0.461036
0.168881,-0.417702,-0.464198
0.159841,-0.422476,-0.468215
0.152021,-0.427617,-0.476695
0.397409,-0.583531,-0.431110
0.404224,-0.574659,-0.423695
0.409271,-0.567100,-0.419994
0.409321,-0.560746,-0.416392
0.413293,-0.554841,-0.412605
0.416313,-0.552208,-0.408245
0.417734,-0.548358,-0.406292
0.418201,-0.542911,-0.404200
0.422194,-0.539057,-0.400943
0.422678,-0.534485,-0.399250
0.423475,-0.532954,-0.395375
0.422868,-0.528892,-0.396621
0.425353,-0.525210,-0.393149
0.423866,-0.521740,-0.391661
0.425978,-0.519775,-0.388672
0.424403,-0.516461,-0.390421
0.424226,-0.512683,-0.387412
0.424614,-0.510877,-0.384232
0.425278,-0.509219,-0.384325
0.424116,-0.505990,-0.383713
0.424910,-0.505314,-0.380996
0.425424,-0.503238,-0.382313
0.427665,-0.499838,-0.381887
0.425423,-0.498799,-0.380875
0.423443,-0.494957,-0.379230
0.424035,-0.493773,-0.377687
0.424887,-0.490254,-0.376773
0.424269,-0.489039,-0.376099
0.423982,-0.486478,-0.376468
0.422426,-0.484170,-0.373752
0.423525,-0.481671,-0.372578
0.420899,-0.479902,-0.371511
0.422617,-0.479297,-0.371244
0.422629,-0.477437,-0.371728
0.422979,-0.473581,-0.370857
0.420965,-0.475229,-0.369652
0.419927,-0.471823,-0.371827
0.419443,-0.469379,-0.368368
0.419780,-0.470048,-0.366692
0.419117,-0.467762,-0.367453
0.418108,-0.464228,-0.367532
0.417074,-0.464394,-0.367283
0.415665,-0.462381,-0.366654
0.414118,-0.458622,-0.366258
0.414197,-0.460024,-0.366145
0.416308,-0.458008,-0.367299
0.413187,-0.456391,-0.366240
0.412029,-0.455348,-0.365227
0.411119,-0.453646,-0.366007
0.408935,-0.453122,-0.364971
0.408534,-0.452422,-0.364669
0.406724,-0.450075,-0.365515
0.406941,-0.449229,-0.365630
0.405544,-0.447968,-0.365558
0.404821,-0.446966,-0.364416
0.402722,-0.444830,-0.366300
0.401924,-0.445242,-0.363878
0.402301,-0.443794,-0.365164
0.400697,-0.443226,-0.366039
0.398781,-0.441702,-0.366660
0.395711,-0.440797,-0.365548
0.395634,-0.439675,-0.365253
0.393639,-0.439112,-0.366886
0.391699,-0.439086,-0.368026
0.390471,-0.439100,-0.368864
0.389138,-0.437615,-0.366973
0.387072,-0.437026,-0.368223
0.386889,-0.434082,-0.370301
0.384850,-0.433687,-0.369043
0.384162,-0.435831,-0.370428
0.381726,-0.431456,-0.368511
0.381171,-0.432607,-0.369366
0.379300,-0.434195,-0.370817
0.375303,-0.432811,-0.372334
0.374294,-0.432872,-0.370800
0.374173,-0.431248,-0.371455
0.371691,-0.429184,-0.372580
0.369309,-0.428786,-0.372896
0.368935,-0.429098,-0.374981
0.369782,-0.426118,-0.374066
0.364652,-0.426333,-0.374825
0.363909,-0.425880,-0.375805
0.361863,-0.426308,-0.375860
0.359315,-0.423949,-0.373713
0.358708,-0.423820,-0.376044
0.359108,-0.422603,-0.375950
0.357197,-0.422626,-0.375741
0.355123,-0.418917,-0.373972
0.355308,-0.419543,-0.374631
0.354005,-0.419894,-0.377328
0.352041,-0.417945,-0.374998
0.350749,-0.416531,-0.376983
0.349212,-0.414777,-0.374130
0.347464,-0.416346,-0.376735
0.345918,-0.413704,-0.377465
0.345818,-0.413468,-0.377166
0.344495,-0.412782,-0.379533
0.343845,-0.412464,-0.377310
0.341731,-0.411112,-0.379304
0.340951,-0.411587,-0.379775
0.338078,-0.406749,-0.379716
0.335701,-0.408794,-0.378602
0.336396,-0.407367,-0.378564
0.333875,-0.406405,-0.377878
0.332904,-0.405191,-0.380652
0.329912,-0.406860,-0.381212
0.330573,-0.405844,-0.380683
0.327205,-0.404462,-0.381469
0.325594,-0.401356,-0.381465
0.322707,-0.401994,-0.382678
0.321264,-0.401891,-0.383644
0.321548,-0.401235,-0.384155
0.318316,-0.400275,-0.384197
0.315237,-0.400148,-0.384467
0.314736,-0.400896,-0.386047
0.310952,-0.401542,-0.386331
0.308850,-0.400215,-0.388980
0.309067,-0.400069,-0.389578
0.305142,-0.400775,-0.388699
0.306473,-0.398548,-0.390919
0.302114,-0.398695,-0.390582
0.301708,-0.397378,-0.391616
0.298880,-0.399112,-0.392918
0.296613,-0.398371,-0.394871
0.292414,-0.400698,-0.394822
0.291482,-0.398208,-0.396501
0.287751,-0.399450,-0.397762
0.286349,-0.396733,-0.397965
0.281679,-0.400194,-0.399272
0.280185,-0.399734,-0.401623
0.278263,-0.400817,-0.402401
0.275479,-0.399826,-0.404440
0.270638,-0.399900,-0.405913
0.265703,-0.401207,-0.409822
0.264320,-0.403689,-0.410246
0.260405,-0.405802,-0.413425
0.256200,-0.405653,-0.417884
0.252348,-0.407574,-0.418392
0.247152,-0.409109,-0.420685
0.244614,-0.409162,-0.421622
0.242821,-0.410761,-0.424201
0.239456,-0.411381,-0.428712
0.235321,-0.414260,-0.428471
0.233365,-0.414533,-0.430261
0.230881,-0.413654,-0.431521
0.225187,-0.415961,-0.433555
0.221820,-0.416508,-0.435303
0.218984,-0.417089,-0.435430
0.215951,-0.416176,-0.436953
0.216372,-0.416694,-0.437770
0.211582,-0.415667,-0.441439
0.210958,-0.416029,-0.440182
0.208840,-0.416134,-0.442176
0.203999,-0.417234,-0.443434
0.200703,-0.416529,-0.445414
0.200319,-0.415725,-0.448280
0.197742,-0.415646,-0.448174
0.195946,-0.415871,-0.447706
0.191931,-0.415503,-0.449796
0.188717,-0.415547,-0.451884
0.186935,-0.416630,-0.453072
0.185031,-0.415575,-0.452876
0.184161,-0.415637,-0.456290
0.180663,-0.418086,-0.455912
0.175671,-0.418910,-0.457809
0.172140,-0.418005,-0.461266
0.170676,-0.419341,-0.461472
0.167943,-0.420178,-0.461772
0.161418,-0.424164,-0.469399
0.151842,-0.429125,-0.474867
0.400332,-0.580328,-0.426519
0.404271,-0.574563,-0.423247
0.408445,-0.567569,-0.416482
0.410828,-0.560469,-0.412971
0.413565,-0.553999,-0.410866
0.416984,-0.551548,-0.405166
0.416542,-0.546985,-0.403470
0.418726,-0.542015,-0.403345
0.419254,-0.538128,-0.398635
0.421704,-0.536450,-0.396951
0.422924,-0.533211,-0.394486
0.422549,-0.529882,-0.392920
0.423982,-0.526240,-0.390298
0.422699,-0.524217,-0.389474
0.424551,-0.520714,-0.389667
0.424183,-0.517220,-0.387511
0.423774,-0.514456,-0.385299
0.423661,-0.513517,-0.385673
0.425129,-0.510824,-0.382605
0.425925,-0.508483,-0.383696
0.425152,-0.506760,-0.381449
0.423478,-0.504843,-0.380261
0.425753,-0.500686,-0.378475
0.423540,-0.498046,-0.378030
0.423288,-0.497341,-0.377698
0.423279,-0.493732,-0.374590
0.422456,-0.490708,-0.375363
0.422326,-0.490805,-0.374774
0.423825,-0.487554,-0.374229
0.423003,-0.486723,-0.373826
0.422124,-0.484423,-0.371578
0.422534,-0.482596,-0.370933
0.420984,-0.481674,-0.369754
0.421535,-0.477914,-0.369679
0.420924,-0.477652,-0.369195
0.420390,-0.477735,-0.369360
0.419952,-0.474663,-0.367862
0.418175,-0.470584,-0.367831
0.417809,-0.471474,-0.368603
0.416083,-0.469033,-0.366057
0.417457,-0.466521,-0.368358
0.417607,-0.466267,-0.366722
0.415232,-0.463712,-0.364173
0.414213,-0.462404,-0.365686
0.415123,-0.463015,-0.364846
0.412194,-0.459212,-0.365769
0.411554,-0.458826,-0.365513
0.412607,-0.455587,-0.363690
0.409756,-0.454641,-0.365662
0.409462,-0.453245,-0.366899
0.408313,-0.452152,-0.365773
0.406374,-0.450988,-0.362430
0.406450,-0.449106,-0.363099
0.403351,-0.450182,-0.365322
0.404619,-0.449149,-0.365345
0.401224,-0.446343,-0.362771
0.400222,-0.446678,-0.363813
0.399595,-0.444910,-0.365574
0.400382,-0.443011,-0.364885
0.396339,-0.442236,-0.364393
0.396310,-0.442045,-0.366892
0.394878,-0.442050,-0.365577
0.393034,-0.442139,-0.366628
0.392173,-0.439949,-0.364712
0.389470,-0.438044,-0.365643
0.390623,-0.437297,-0.366526
0.387107,-0.438487,-0.366889
0.384106,-0.437371,-0.364825
0.384323,-0.435370,-0.368436
0.381969,-0.436969,-0.368357
0.381293,-0.436311,-0.368777
0.377588,-0.434487,-0.370040
0.376924,-0.434365,-0.369318
0.373733,-0.433623,-0.371111
0.373855,-0.433502,-0.370740
0.371896,-0.432793,-0.372537
0.371296,-0.431875,-0.372261
0.368897,-0.432572,-0.374258
0.368209,-0.430677,-0.372600
0.365155,-0.429527,-0.373762
0.364484,-0.427376,-0.374248
0.363657,-0.426826,-0.373925
0.360135,-0.426611,-0.375107
0.359576,-0.425276,-0.374499
0.358488,-0.427478,-0.374500
0.356868,-0.423303,-0.374939
0.355791,-0.422830,-0.375989
0.353411,-0.422577,-0.374351
0.353022,-0.420758,-0.375414
0.351585,-0.419155,-0.374641
0.350494,-0.420270,-0.376538
0.349435,-0.418304,-0.375420
0.347652,-0.418298,-0.375287
0.348014,-0.415744,-0.376297
0.346834,-0.413436,-0.377411
0.342779,-0.416183,-0.375865
0.339945,-0.413784,-0.377876
0.340216,-0.412857,-0.376973
0.338141,-0.411560,-0.377997
0.336981,-0.411064,-0.378017
0.336171,-0.411459,-0.378442
0.334914,-0.409849,-0.378086
0.333372,-0.409846,-0.378118
0.332936,-0.409010,-0.378079
0.329545,-0.408794,-0.379845
0.330177,-0.408231,-0.380771
0.326407,-0.405082,-0.380065
0.324252,-0.405453,-0.381733
0.321748,-0.404346,-0.382901
0.323094,-0.403755,-0.381102
0.319932,-0.403451,-0.381690
0.319070,-0.404492,-0.384436
0.316792,-0.405316,-0.383312
0.312931,-0.404043,-0.387450
0.313429,-0.403649,-0.383763
0.310533,-0.403746,-0.387578
0.308575,-0.404465,-0.386180
0.306225,-0.401634,-0.388780
0.304910,-0.401182,-0.388901
0.302743,-0.401379,-0.389402
0.299226,-0.400392,-0.389104
0.298127,-0.400438,-0.391856
0.296132,-0.401243,-0.392287
0.293311,-0.401616,-0.393209
0.291470,-0.401486,-0.394783
0.288967,-0.401568,-0.396578
0.286310,-0.400229,-0.397169
0.284323,-0.401036,-0.396856
0.282258,-0.401466,-0.399139
0.277656,-0.398567,-0.400932
0.274508,-0.403530,-0.401754
0.272371,-0.403517,-0.401649
0.268654,-0.402785,-0.405297
0.264955,-0.403188,-0.408541
0.262098,-0.406455,-0.410837
0.257130,-0.408424,-0.412877
0.253216,-0.407704,-0.414584
0.248341,-0.410270,-0.420493
0.245230,-0.413692,-0.421794
0.242129,-0.413859,-0.421419
0.240430,-0.412134,-0.424303
0.238850,-0.414146,-0.427026
0.233311,-0.414542,-0.425395
0.228701,-0.414697,-0.428973
0.227577,-0.415630,-0.432904
0.225763,-0.417452,-0.433575
0.222347,-0.416230,-0.434347
0.218670,-0.418037,-0.436273
0.217646,-0.417623,-0.434793
0.215256,-0.418120,-0.436694
0.210543,-0.417109,-0.438173
0.210625,-0.418672,-0.440206
0.206261,-0.417192,-0.442631
0.204041,-0.417159,-0.443149
0.199918,-0.419108,-0.443262
0.198961,-0.418606,-0.445503
0.196515,-0.418882,-0.447786
0.193784,-0.418585,-0.447315
0.191449,-0.419668,-0.449041
0.188417,-0.417668,-0.448878
0.184461,-0.416900,-0.450318
0.183038,-0.417406,-0.452716
0.181842,-0.416683,-0.454863
0.176287,-0.419698,-0.456060
0.172594,-0.421086,-0.457451
0.173667,-0.418133,-0.457736
0.169527,-0.419990,-0.459989
0.165953,-0.419699,-0.461061
0.160602,-0.423891,-0.466882
0.150392,-0.430633,-0.473640
0.395378,-0.587943,-0.431972
0.400205,-0.579216,-0.424357
0.406297,-0.572936,-0.420859
0.409127,-0.565671,-0.416469
0.410451,-0.560283,-0.410645
0.412627,-0.558720,-0.407378
0.415011,-0.552401,-0.404990
0.416746,-0.548490,-0.401110
0.417884,-0.545031,-0.400411
0.419287,-0.540081,-0.397307
0.420753,-0.536719,-0.394924
0.419371,-0.534769,-0.393623
0.420890,-0.528691,-0.390158
0.422628,-0.527454,-0.388773
0.423193,-0.524036,-0.385366
0.422479,-0.520254,-0.386520
0.424373,-0.519568,-0.383934
0.423937,-0.515306,-0.386577
0.421368,-0.513479,-0.381506
0.423846,-0.512922,-0.381334
0.421938,-0.509397,-0.380851
0.423085,-0.507013,-0.380566
0.423692,-0.505588,-0.377966
0.422682,-0.503918,-0.377583
0.422969,-0.501340,-0.377326
0.423077,-0.498140,-0.376392
0.422804,-0.497145,-0.375094
0.423593,-0.494082,-0.375194
0.421708,-0.491888,-0.373715
0.420618,-0.489845,-0.372548
0.422378,-0.486234,-0.370895
0.420659,-0.486530,-0.371521
0.420799,-0.484381,-0.371480
0.420056,-0.482294,-0.369578
0.421492,-0.481109,-0.369552
0.419957,-0.477831,-0.367304
0.419820,-0.478161,-0.369302
0.418245,-0.475484,-0.368086
0.418017,-0.472650,-0.366041
0.416637,-0.471724,-0.367187
0.418031,-0.470993,-0.366598
0.414302,-0.467475,-0.365379
0.415222,-0.466282,-0.364854
0.413496,-0.465733,-0.364225
0.412073,-0.462660,-0.366904
0.411845,-0.462319,-0.364992
0.411836,-0.459799,-0.364060
0.410704,-0.460056,-0.364398
0.408878,-0.458562,-0.362172
0.409219,-0.455767,-0.361597
0.405410,-0.456545,-0.364470
0.406324,-0.454384,-0.364447
0.404720,-0.454594,-0.363459
0.405723,-0.452957,-0.362970
0.402817,-0.450123,-0.361878
0.401603,-0.449393,-0.362880
0.400573,-0.448397,-0.362078
0.400542,-0.446829,-0.362017
0.398755,-0.444822,-0.364284
0.396926,-0.445475,-0.362775
0.394878,-0.444013,-0.362066
0.395144,-0.444088,-0.363469
0.394126,-0.441548,-0.365165
0.390912,-0.441643,-0.366478
0.389165,-0.441309,-0.364194
0.389523,-0.440455,-0.364210
0.387614,-0.441482,-0.365083
0.385698,-0.439092,-0.366174
0.384222,-0.437554,-0.366603
0.380672,-0.435627,-0.368581
0.380788,-0.438405,-0.368180
0.378145,-0.438700,-0.367471
0.376345,-0.437171,-0.368009
0.376122,-0.435052,-0.368983
0.374343,-0.435827,-0.371778
0.370202,-0.434769,-0.371339
0.369967,-0.434391,-0.369580
0.368442,-0.432641,-0.373028
0.368629,-0.432573,-0.372085
0.364463,-0.432202,-0.371574
0.365179,-0.430288,-0.371794
0.361425,-0.430625,-0.373490
0.359285,-0.430546,-0.371829
0.361766,-0.430186,-0.372430
0.358006,-0.429899,-0.374277
0.357287,-0.426366,-0.374455
0.355134,-0.426292,-0.374644
0.354337,-0.425277,-0.374179
0.352752,-0.424100,-0.375558
0.350830,-0.423568,-0.374729
0.349901,-0.421006,-0.373887
0.348774,-0.420148,-0.375971
0.347046,-0.420992,-0.372891
0.344531,-0.419232,-0.374712
0.344872,-0.418093,-0.375013
0.343160,-0.418024,-0.375863
0.341438,-0.416489,-0.376269
0.340937,-0.418868,-0.376543
0.338285,-0.416835,-0.376086
0.338335,-0.413026,-0.375643
0.335195,-0.413180,-0.376906
0.333857,-0.413282,-0.378222
0.333804,-0.412407,-0.377507
0.332607,-0.411963,-0.377549
0.329814,-0.411558,-0.376343
0.325907,-0.408949,-0.378747
0.327388,-0.410490,-0.381281
0.325372,-0.408938,-0.379645
0.322130,-0.407810,-0.381679
0.320396,-0.405585,-0.381464
0.320693,-0.403815,-0.381511
0.315884,-0.405697,-0.382836
0.315780,-0.405661,-0.381636
0.315479,-0.402941,-0.383640
0.312745,-0.404949,-0.383863
0.310160,-0.404102,-0.384206
0.307955,-0.404108,-0.384914
0.307388,-0.404043,-0.387786
0.307867,-0.403636,-0.388498
0.301748,-0.404403,-0.387129
0.301342,-0.401582,-0.389266
0.298301,-0.402628,-0.389773
0.296012,-0.403390,-0.392345
0.293040,-0.401573,-0.393700
0.291070,-0.403420,-0.393135
0.288277,-0.404260,-0.395154
0.283483,-0.405281,-0.396580
0.284742,-0.404228,-0.395045
0.280200,-0.403281,-0.398122
0.277109,-0.402456,-0.401668
0.274675,-0.406086,-0.401085
0.271720,-0.404491,-0.403027
0.269398,-0.405537,-0.404217
0.265876,-0.405450,-0.406980
0.262097,-0.407211,-0.409738
0.258151,-0.409737,-0.411519
0.256257,-0.408523,-0.414208
0.250678,-0.411782,-0.415586
0.249223,-0.412987,-0.417281
0.243943,-0.413281,-0.421295
0.241215,-0.414585,-0.422798
0.237757,-0.414551,-0.422712
0.235015,-0.414794,-0.425041
0.231082,-0.417315,-0.428151
0.228373,-0.417534,-0.426896
0.224711,-0.419470,-0.432317
0.221505,-0.417930,-0.433569
0.219788,-0.418165,-0.433052
0.217436,-0.417989,-0.435712
0.216258,-0.419501,-0.436221
0.212323,-0.420187,-0.436429
0.210351,-0.419456,-0.440079
0.207549,-0.419859,-0.440220
0.204044,-0.419429,-0.441256
0.202067,-0.420084,-0.442162
0.200473,-0.419213,-0.442376
0.195405,-0.418575,-0.443806
0.194734,-0.420230,-0.445272
0.191663,-0.421571,-0.446181
0.189637,-0.418952,-0.446452
0.187174,-0.421013,-0.450200
0.184583,-0.419853,-0.451380
0.181618,-0.419630,-0.453060
0.178648,-0.419504,-0.451638
0.176203,-0.419599,-0.454493
0.173885,-0.418244,-0.456327
0.169475,-0.421380,-0.456047
0.167441,-0.420159,-0.457905
0.164121,-0.421443,-0.460490
0.160469,-0.424238,-0.465290
0.151348,-0.430992,-0.471741
0.398061,-0.587092,-0.426631
0.401804,-0.577212,-0.420828
0.405436,-0.571591,-0.416424
0.408566,-0.566873,-0.411849
0.410177,-0.562412,-0.409369
0.412860,-0.558472,-0.405235
0.413206,-0.552203,-0.400578
0.416469,-0.549454,-0.398894
0.416550,-0.545480,-0.397877
0.420616,-0.540154,-0.394665
0.421769,-0.537833,-0.393603
0.419182,-0.534591,-0.392377
0.421583,-0.530400,-0.388966
0.419223,-0.529323,-0.390647
0.423159,-0.524843,-0.387311
0.421888,-0.520540,-0.386954
0.421667,-0.519803,-0.384691
0.421695,-0.518222,-0.383236
0.421887,-0.514545,-0.381424
0.423259,-0.513619,-0.380509
0.422852,-0.511628,-0.379720
0.422820,-0.507221,-0.378562
0.424813,-0.506245,-0.377298
0.421450,-0.502894,-0.377627
0.422293,-0.500977,-0.374131
0.423253,-0.499954,-0.374680
0.421635,-0.497229,-0.373767
0.422015,-0.496788,-0.373315
0.421044,-0.493498,-0.373383
0.420795,-0.491461,-0.371137
0.419759,-0.489064,-0.372230
0.418947,-0.485396,-0.369230
0.421678,-0.486014,-0.369646
0.420795,-0.483613,-0.368013
0.418796,-0.481153,-0.366632
0.419317,-0.479719,-0.365562
0.416994,-0.477328,-0.369311
0.414402,-0.476611,-0.367003
0.417531,-0.473433,-0.366459
0.415417,-0.473464,-0.365436
0.412675,-0.471668,-0.364919
0.414023,-0.469457,-0.364866
0.413657,-0.467944,-0.364926
0.413040,-0.464596,-0.364024
0.412627,-0.463624,-0.362675
0.411667,-0.462707,-0.362407
0.409708,-0.463815,-0.363531
0.410885,-0.460113,-0.361413
0.407111,-0.458610,-0.364822
0.404778,-0.455583,-0.361463
0.406252,-0.456330,-0.364718
0.405505,-0.456494,-0.361736
0.404944,-0.455386,-0.362478
0.404323,-0.453369,-0.363159
0.401105,-0.452047,-0.362827
0.401657,-0.450654,-0.362582
0.399133,-0.449257,-0.361708
0.400460,-0.450175,-0.363149
0.396943,-0.446456,-0.362428
0.394226,-0.447955,-0.364092
0.396153,-0.447719,-0.361830
0.392569,-0.443752,-0.363684
0.391896,-0.448179,-0.363641
0.390620,-0.443189,-0.362854
0.389386,-0.443441,-0.363695
0.387629,-0.441872,-0.365096
0.386093,-0.440221,-0.364812
0.385706,-0.440307,-0.365002
0.383940,-0.438984,-0.364712
0.381530,-0.438709,-0.366847
0.377919,-0.438788,-0.365605
0.377362,-0.438323,-0.368493
0.374552,-0.438302,-0.368569
0.374670,-0.436690,-0.368346
0.371386,-0.435653,-0.368624
0.370311,-0.438210,-0.369215
0.368265,-0.435962,-0.370375
0.365370,-0.435384,-0.370710
0.365384,-0.434884,-0.370268
0.364451,-0.435345,-0.371841
0.363704,-0.434033,-0.371833
0.362146,-0.431897,-0.372386
0.358751,-0.430479,-0.371873
0.358718,-0.430336,-0.371865
0.353474,-0.430365,-0.372851
0.354332,-0.428265,-0.372262
0.353007,-0.429557,-0.373343
0.352631,-0.426686,-0.371637
0.350863,-0.425646,-0.374829
0.350866,-0.425166,-0.373976
0.349436,-0.423819,-0.372872
0.347032,-0.423214,-0.375779
0.347693,-0.424641,-0.374595
0.345587,-0.422523,-0.375654
0.342063,-0.417899,-0.376869
0.342134,-0.420543,-0.374342
0.340038,-0.417934,-0.374448
0.337383,-0.418783,-0.376002
0.337903,-0.417213,-0.374882
0.336942,-0.418334,-0.376299
0.334075,-0.414642,-0.376706
0.332320,-0.413247,-0.377297
0.330538,-0.411224,-0.376766
0.329786,-0.414409,-0.378082
0.329195,-0.412359,-0.379076
0.325393,-0.411759,-0.380535
0.324823,-0.411677,-0.378174
0.322475,-0.411188,-0.381157
0.322239,-0.410223,-0.382139
0.319945,-0.409314,-0.380238
0.317090,-0.409140,-0.381338
0.315843,-0.408007,-0.382264
0.315702,-0.407796,-0.382226
0.314642,-0.408826,-0.383202
0.312920,-0.407577,-0.384208
0.308773,-0.406933,-0.385724
0.307575,-0.407912,-0.384591
0.304879,-0.407596,-0.385819
0.301651,-0.407238,-0.388705
0.300767,-0.406900,-0.388396
0.298208,-0.403828,-0.389158
0.296335,-0.404692,-0.389544
0.292029,-0.406049,-0.390664
0.290053,-0.406005,-0.393086
0.288357,-0.406071,-0.394777
0.286528,-0.405174,-0.395098
0.283768,-0.406476,-0.395264
0.282961,-0.404473,-0.397117
0.278298,-0.406221,-0.398863
0.275626,-0.404241,-0.397823
0.273977,-0.406210,-0.400810
0.271068,-0.406287,-0.401608
0.267129,-0.406824,-0.404704
0.264088,-0.407185,-0.407160
0.261237,-0.411534,-0.407514
0.256280,-0.410927,-0.409551
0.251220,-0.414689,-0.410610
0.249225,-0.413689,-0.416791
0.246295,-0.414048,-0.417686
0.244568,-0.415485,-0.418831
0.238734,-0.418772,-0.421805
0.236243,-0.419526,-0.422737
0.232037,-0.416796,-0.425551
0.229441,-0.420120,-0.426888
0.224552,-0.419586,-0.429355
0.222947,-0.418860,-0.432996
0.218650,-0.420533,-0.432162
0.219844,-0.421644,-0.433415
0.215475,-0.419690,-0.434011
0.213337,-0.419598,-0.435254
0.210727,-0.420208,-0.437438
0.208347,-0.420936,-0.438476
0.204662,-0.423564,-0.439017
0.200713,-0.424482,-0.440236
0.200829,-0.422730,-0.442434
0.197974,-0.421639,-0.444810
0.196284,-0.421744,-0.442828
0.191744,-0.420439,-0.446435
0.189238,-0.421383,-0.446190
0.186277,-0.421846,-0.446426
0.185281,-0.419028,-0.447586
0.182613,-0.419521,-0.449834
0.181252,-0.419005,-0.449721
0.178286,-0.419846,-0.450342
0.175710,-0.421648,-0.453378
0.171572,-0.420606,-0.455324
0.170648,-0.421814,-0.458195
0.165764,-0.423573,-0.458276
0.163752,-0.421523,-0.461911
0.159480,-0.422371,-0.462680
0.150197,-0.431243,-0.468215
0.401153,-0.585581,-0.422908
0.402286,-0.578627,-0.418527
0.406761,-0.572064,-0.412483
0.407900,-0.566267,-0.408959
0.408453,-0.560315,-0.407378
0.411162,-0.558046,-0.405487
0.414297,-0.552434,-0.399963
0.416196,-0.548906,-0.399251
0.416392,-0.545894,-0.398316
0.417978,-0.540931,-0.394188
0.420578,-0.538712,-0.391239
0.419485,-0.535375,-0.391094
0.419690,-0.531687,-0.388586
0.418415,-0.528619,-0.386732
0.420462,-0.527793,-0.386421
0.420595,-0.525067,-0.384037
0.419568,-0.522051,-0.385144
0.420412,-0.518317,-0.382885
0.420985,-0.516375,-0.379914
0.422531,-0.514486,-0.378363
0.419716,-0.510375,-0.377224
0.419746,-0.509596,-0.377317
0.421306,-0.506312,-0.376414
0.420502,-0.506300,-0.375471
0.421222,-0.502369,-0.374321
0.421403,-0.498623,-0.374280
0.419814,-0.498451,-0.374807
0.421377,-0.497448,-0.373019
0.418690,-0.492966,-0.371599
0.419913,-0.491184,-0.370233
0.418321,-0.490707,-0.370605
0.418137,-0.487294,-0.369806
0.418472,-0.485859,-0.369351
0.418413,-0.486484,-0.367502
0.418798,-0.481627,-0.365623
0.416589,-0.479954,-0.365327
0.414883,-0.480006,-0.365762
0.415226,-0.478182,-0.366630
0.415157,-0.476716,-0.364422
0.412913,-0.474253,-0.364597
0.415309,-0.473289,-0.363140
0.412682,-0.470272,-0.364196
0.411235,-0.469794,-0.364661
0.412272,-0.467964,-0.362985
0.411185,-0.467329,-0.364478
0.409811,-0.466371,-0.362370
0.411077,-0.463287,-0.362682
0.406545,-0.462124,-0.360698
0.407280,-0.460713,-0.361930
0.406809,-0.459555,-0.361556
0.403626,-0.457687,-0.362175
0.403604,-0.457304,-0.362828
0.401752,-0.455770,-0.358418
0.400631,-0.452821,-0.360097
0.400076,-0.452623,-0.361233
0.399441,-0.452635,-0.360821
0.400807,-0.450419,-0.360090
0.397773,-0.449198,-0.361129
0.394591,-0.449088,-0.361296
0.395840,-0.448959,-0.362448
0.392485,-0.446331,-0.361300
0.390573,-0.445954,-0.362334
0.388233,-0.446180,-0.363115
0.387775,-0.446512,-0.362015
0.387072,-0.443573,-0.362032
0.387225,-0.444344,-0.363151
0.383631,-0.444236,-0.363042
0.382449,-0.442078,-0.362434
0.382233,-0.443987,-0.364305
0.378992,-0.440123,-0.365269
0.376537,-0.440112,-0.367803
0.374435,-0.440069,-0.366814
0.373898,-0.438621,-0.367096
0.370946,-0.442021,-0.368240
0.371493,-0.439011,-0.369048
0.369163,-0.437732,-0.368450
0.367123,-0.437097,-0.369358
0.367032,-0.438618,-0.369135
0.364316,-0.434719,-0.371068
0.362485,-0.434314,-0.370455
0.361189,-0.433828,-0.370447
0.359345,-0.432950,-0.372663
0.355713,-0.433297,-0.372197
0.356152,-0.431778,-0.372366
0.355557,-0.430953,-0.372545
0.355662,-0.433193,-0.372683
0.350738,-0.430180,-0.372488
0.349859,-0.427996,-0.374485
0.349954,-0.427246,-0.373004
0.349784,-0.427748,-0.373933
0.346355,-0.425946,-0.373365
0.343974,-0.423789,-0.374446
0.343569,-0.424300,-0.374624
0.341901,-0.422317,-0.373424
0.340881,-0.420739,-0.375289
0.339302,-0.420423,-0.374312
0.339003,-0.419582,-0.374449
0.337220,-0.419465,-0.374149
0.336064,-0.419945,-0.376685
0.333393,-0.417240,-0.376323
0.332256,-0.418006,-0.374484
0.330549,-0.417506,-0.377605
0.328509,-0.416993,-0.377710
0.328929,-0.416247,-0.379295
0.325496,-0.413996,-0.377043
0.324843,-0.413340,-0.376318
0.322870,-0.412186,-0.378774
0.322549,-0.411410,-0.377336
0.320388,-0.411934,-0.378798
0.319251,-0.409443,-0.381988
0.316838,-0.409736,-0.381153
0.314637,-0.409353,-0.380432
0.311465,-0.409294,-0.381023
0.309983,-0.409626,-0.382971
0.309859,-0.409301,-0.382120
0.307059,-0.408644,-0.383485
0.305209,-0.409063,-0.385562
0.302573,-0.407007,-0.385053
0.299727,-0.407240,-0.387658
0.298142,-0.406778,-0.387527
0.295583,-0.407957,-0.388874
0.293868,-0.408057,-0.390313
0.290500,-0.408294,-0.389916
0.289815,-0.408651,-0.391345
0.287641,-0.406727,-0.390066
0.285859,-0.409621,-0.393535
0.281426,-0.408480,-0.394768
0.280509,-0.406069,-0.394739
0.275387,-0.407379,-0.399287
0.274083,-0.409114,-0.400345
0.269532,-0.407343,-0.401461
0.267584,-0.408463,-0.402933
0.264280,-0.409825,-0.405227
0.259793,-0.411518,-0.406780
0.257890,-0.412816,-0.409223
0.254636,-0.415195,-0.410149
0.248973,-0.416539,-0.413166
0.245492,-0.416836,-0.415221
0.245315,-0.417034,-0.417176
0.240232,-0.416645,-0.419636
0.236407,-0.417507,-0.421952
0.232584,-0.419937,-0.423153
0.231272,-0.420666,-0.423850
0.227725,-0.421335,-0.426808
0.223017,-0.422625,-0.428755
0.221187,-0.420662,-0.431204
0.219871,-0.421769,-0.433224
0.216475,-0.422806,-0.431360
0.213249,-0.422807,-0.431855
0.211664,-0.419243,-0.434659
0.209049,-0.423965,-0.436705
0.206537,-0.421800,-0.436830
0.203213,-0.421586,-0.439692
0.202566,-0.423956,-0.440792
0.198576,-0.423897,-0.439805
0.195245,-0.423184,-0.444033
0.193799,-0.422689,-0.443272
0.190557,-0.421463,-0.444050
0.188728,-0.422950,-0.444890
0.186308,-0.422605,-0.447694
0.182763,-0.421481,-0.447344
0.181430,-0.421430,-0.448088
0.179101,-0.421847,-0.448549
0.177875,-0.422764,-0.451783
0.174992,-0.420519,-0.450916
0.171455,-0.422477,-0.452594
0.169239,-0.423078,-0.455121
0.165056,-0.424413,-0.458005
0.162503,-0.424518,-0.458932
0.161610,-0.423619,-0.459718
0.148321,-0.431848,-0.469167
0.391176,-0.598011,-0.429853
0.400836,-0.583690,-0.421360
0.402437,-0.577295,-0.416671
0.408218,-0.571825,-0.410756
0.408244,-0.567745,-0.408765
0.410777,-0.562758,-0.404137
0.410090,-0.556170,-0.402147
0.414326,-0.552335,-0.400649
0.415422,-0.548934,-0.395644
0.417753,-0.544302,-0.395114
0.418402,-0.538934,-0.391703
0.417280,-0.539618,-0.389595
0.418263,-0.535705,-0.389245
0.419703,-0.533761,-0.388045
0.419874,-0.531978,-0.385522
0.420812,-0.527416,-0.383295
0.418653,-0.525002,-0.382568
0.419318,-0.521371,-0.381914
0.421441,-0.520502,-0.380013
0.421026,-0.518376,-0.380443
0.420378,-0.516171,-0.378457
0.421924,-0.513535,-0.378923
0.421066,-0.509821,-0.374869
0.420644,-0.507810,-0.374440
0.418402,-0.507949,-0.373837
0.420070,-0.503448,-0.372415
0.419227,-0.502245,-0.372288
0.419410,-0.498717,-0.372667
0.417851,-0.497192,-0.371433
0.417726,-0.493837,-0.370048
0.417283,-0.493452,-0.369627
0.418913,-0.490551,-0.369299
0.419212,-0.488298,-0.367670
0.416379,-0.487291,-0.367214
0.416565,-0.487865,-0.366677
0.416907,-0.484492,-0.367261
0.416578,-0.479970,-0.364571
0.414474,-0.480919,-0.364388
0.414199,-0.480762,-0.363927
0.413536,-0.475436,-0.363814
0.413953,-0.476420,-0.361105
0.413652,-0.473627,-0.363181
0.412332,-0.471149,-0.362999
0.410928,-0.469690,-0.363288
0.410371,-0.467910,-0.362778
0.408981,-0.464424,-0.360386
0.408038,-0.466927,-0.361453
0.408279,-0.464353,-0.360302
0.406978,-0.461268,-0.361443
0.406955,-0.460387,-0.360271
0.405312,-0.461119,-0.360223
0.403164,-0.460021,-0.360556
0.403929,-0.458796,-0.360048
0.403006,-0.457289,-0.360285
0.401572,-0.455884,-0.360705
0.399997,-0.455413,-0.360021
0.397110,-0.454299,-0.360955
0.397297,-0.451263,-0.359315
0.396211,-0.453467,-0.359818
0.396770,-0.449265,-0.362146
0.392419,-0.449924,-0.360010
0.393038,-0.448423,-0.360598
0.391443,-0.449277,-0.360762
0.388525,-0.447083,-0.362925
0.385912,-0.445433,-0.362789
0.385323,-0.447215,-0.360891
0.383414,-0.445762,-0.363653
0.383390,-0.444804,-0.364745
0.380581,-0.443780,-0.363896
0.378535,-0.443630,-0.364142
0.376455,-0.442881,-0.363301
0.376642,-0.442056,-0.365361
0.373015,-0.439733,-0.366847
0.371829,-0.442406,-0.366519
0.370039,-0.440759,-0.366413
0.367508,-0.439029,-0.366096
0.367039,-0.439527,-0.368376
0.365693,-0.440930,-0.370553
0.362958,-0.438488,-0.370403
0.362141,-0.437050,-0.372387
0.361029,-0.436143,-0.371271
0.358191,-0.435230,-0.370640
0.356949,-0.434287,-0.370998
0.356646,-0.434755,-0.371459
0.356422,-0.435593,-0.370877
0.353540,-0.432344,-0.373497
0.351616,-0.433852,-0.372441
0.350208,-0.430900,-0.372546
0.350425,-0.430180,-0.373587
0.346764,-0.428657,-0.373275
0.346782,-0.428431,-0.371717
0.345567,-0.427748,-0.371987
0.344651,-0.426480,-0.373590
0.342239,-0.425328,-0.371883
0.341143,-0.425547,-0.373399
0.340611,-0.422264,-0.375602
0.339767,-0.422694,-0.376030
0.338470,-0.421103,-0.374930
0.334236,-0.422857,-0.375657
0.335448,-0.419531,-0.376452
0.331850,-0.421558,-0.374928
0.330611,-0.419797,-0.374456
0.327895,-0.418304,-0.375415
0.328108,-0.416244,-0.377934
0.325660,-0.416555,-0.374816
0.325283,-0.415853,-0.378462
0.322790,-0.414078,-0.376974
0.321836,-0.414867,-0.378912
0.318778,-0.416065,-0.378502
0.316593,-0.415123,-0.378805
0.317460,-0.411985,-0.380297
0.313889,-0.412993,-0.378653
0.312704,-0.413332,-0.379371
0.308362,-0.412421,-0.382427
0.307510,-0.410985,-0.381425
0.307669,-0.411945,-0.383696
0.303740,-0.410981,-0.384168
0.303940,-0.409842,-0.384493
0.299962,-0.410951,-0.384500
0.297141,-0.411443,-0.387896
0.295365,-0.409074,-0.387304
0.293330,-0.410994,-0.387135
0.292108,-0.411584,-0.389444
0.288147,-0.408188,-0.390011
0.287249,-0.410388,-0.390810
0.286163,-0.407977,-0.391974
0.281006,-0.410418,-0.392540
0.277923,-0.410309,-0.395862
0.276268,-0.410341,-0.395891
0.273895,-0.410847,-0.399791
0.271046,-0.411764,-0.399967
0.267362,-0.411718,-0.400542
0.264441,-0.413631,-0.404941
0.262402,-0.414598,-0.403599
0.259050,-0.415215,-0.405897
0.254886,-0.416964,-0.409539
0.250933,-0.417737,-0.411378
0.246540,-0.418362,-0.415131
0.243046,-0.419861,-0.417054
0.240197,-0.420093,-0.417987
0.236609,-0.419106,-0.417960
0.233808,-0.422058,-0.418402
0.231582,-0.421480,-0.422476
0.226325,-0.421482,-0.424677
0.227602,-0.421466,-0.426383
0.221738,-0.425970,-0.429641
0.218984,-0.424599,-0.430588
0.215963,-0.423968,-0.432793
0.215384,-0.423057,-0.432047
0.211994,-0.422010,-0.432789
0.209172,-0.424143,-0.433660
0.206185,-0.423243,-0.434290
0.203907,-0.424941,-0.436899
0.202765,-0.423554,-0.439993
0.198536,-0.423730,-0.438755
0.196544,-0.425703,-0.439821
0.195470,-0.423292,-0.439969
0.192310,-0.423353,-0.441298
0.187307,-0.425196,-0.443552
0.186952,-0.425163,-0.443770
0.183481,-0.423082,-0.447890
0.183248,-0.425045,-0.446036
0.180994,-0.423457,-0.446920
0.178645,-0.421714,-0.448845
0.176938,-0.424432,-0.450676
0.172997,-0.422477,-0.450568
0.170876,-0.423457,-0.451798
0.167949,-0.425292,-0.452171
0.162601,-0.426001,-0.455707
0.159147,-0.426046,-0.457568
0.158096,-0.427358,-0.458852
0.149657,-0.432691,-0.465278
0.139991,-0.437657,-0.472485
0.392796,-0.593723,-0.425354
0.398509,-0.582931,-0.416824
0.402798,-0.575705,-0.411793
0.407021,-0.572757,-0.407902
0.406623,-0.565595,-0.404688
0.412140,-0.559832,-0.402580
0.412237,-0.557499,-0.398490
0.412103,-0.554307,-0.397243
0.414725,-0.547947,-0.394669
0.417570,-0.546977,-0.392546
0.417513,-0.542150,-0.391661
0.417592,-0.540203,-0.389185
0.417753,-0.535396,-0.386287
0.419338,-0.532861,-0.385635
0.419573,-0.531910,-0.382756
0.417593,-0.530039,-0.385072
0.419104,-0.525159,-0.381742
0.419643,-0.523676,-0.380962
0.418659,-0.520365,-0.377999
0.418593,-0.517464,-0.377488
0.419297,-0.515680,-0.376522
0.420094,-0.514811,-0.376030
0.420165,-0.510938,-0.374628
0.421033,-0.507660,-0.375559
0.418849,-0.507624,-0.371623
0.416623,-0.503609,-0.372122
0.418231,-0.504094,-0.370978
0.416969,-0.500547,-0.368649
0.417647,-0.498996,-0.371520
0.419947,-0.497370,-0.369430
0.416374,-0.495378,-0.368821
0.417269,-0.492694,-0.367852
0.418267,-0.491855,-0.366569
0.415263,-0.488387,-0.365579
0.414983,-0.487782,-0.365233
0.415228,-0.485031,-0.368665
0.415411,-0.484668,-0.364023
0.413558,-0.482043,-0.361130
0.413106,-0.479758,-0.363211
0.411321,-0.479536,-0.361127
0.411915,-0.477673,-0.363120
0.411503,-0.473921,-0.362571
0.410438,-0.474246,-0.361073
0.409882,-0.472105,-0.358889
0.409349,-0.470182,-0.359030
0.406801,-0.468962,-0.359708
0.405116,-0.466832,-0.359620
0.407456,-0.465629,-0.360012
0.406104,-0.463862,-0.360864
0.403646,-0.462492,-0.360839
0.405463,-0.462676,-0.359715
0.402896,-0.463306,-0.357693
0.400754,-0.458461,-0.359594
0.400453,-0.457929,-0.360800
0.397395,-0.456754,-0.358720
0.396711,-0.456821,-0.359317
0.395540,-0.455181,-0.358979
0.395019,-0.452999,-0.359796
0.393214,-0.453580,-0.359464
0.394699,-0.451724,-0.359183
0.390345,-0.451106,-0.361601
0.391045,-0.450595,-0.359476
0.388566,-0.450126,-0.361858
0.387299,-0.449132,-0.363019
0.386036,-0.448131,-0.360992
0.382427,-0.447480,-0.360259
0.382673,-0.447082,-0.362445
0.381047,-0.446111,-0.362690
0.378542,-0.446468,-0.364039
0.378355,-0.445762,-0.364388
0.374775,-0.443825,-0.363352
0.376001,-0.442681,-0.364142
0.372687,-0.442728,-0.364584
0.369651,-0.444342,-0.366848
0.371480,-0.443168,-0.366989
0.366976,-0.441388,-0.368477
0.366909,-0.441464,-0.368871
0.363141,-0.440899,-0.369584
0.361799,-0.440895,-0.369178
0.361369,-0.438893,-0.368541
0.356827,-0.438882,-0.367855
0.357225,-0.437430,-0.370720
0.356632,-0.436800,-0.370802
0.355904,-0.436859,-0.370369
0.352888,-0.436332,-0.369980
0.352869,-0.435267,-0.371594
0.351511,-0.434936,-0.372629
0.347676,-0.431685,-0.370852
0.345356,-0.434614,-0.373859
0.346977,-0.431463,-0.371517
0.344250,-0.430947,-0.373036
0.342198,-0.429709,-0.370723
0.341658,-0.427183,-0.372687
0.339299,-0.428008,-0.371570
0.339696,-0.427143,-0.374402
0.335972,-0.426059,-0.372039
0.336869,-0.425450,-0.374232
0.335297,-0.423220,-0.374331
0.333022,-0.424542,-0.374454
0.329593,-0.423225,-0.372664
0.330056,-0.421102,-0.375464
0.328724,-0.422302,-0.375758
0.327390,-0.419231,-0.374259
0.326081,-0.419701,-0.377474
0.326115,-0.418483,-0.376038
0.322526,-0.419360,-0.377069
0.321373,-0.417435,-0.376341
0.320604,-0.416817,-0.378062
0.316393,-0.414224,-0.377577
0.317194,-0.415109,-0.379345
0.314357,-0.416064,-0.378273
0.311923,-0.414455,-0.379049
0.309668,-0.412694,-0.381542
0.310108,-0.413112,-0.381923
0.307259,-0.413369,-0.380962
0.302606,-0.413162,-0.383929
0.303275,-0.411976,-0.383345
0.299949,-0.409927,-0.382805
0.297294,-0.412981,-0.386785
0.295814,-0.410194,-0.384092
0.294108,-0.412190,-0.387048
0.291930,-0.410198,-0.388358
0.290367,-0.411250,-0.388613
0.285096,-0.411094,-0.390085
0.284038,-0.410436,-0.392451
0.281567,-0.412329,-0.392045
0.281230,-0.411821,-0.394026
0.277106,-0.411599,-0.395117
0.274903,-0.410407,-0.397313
0.270934,-0.412941,-0.399009
0.268867,-0.412547,-0.399242
0.265494,-0.414738,-0.400839
0.261571,-0.415309,-0.403430
0.259115,-0.416552,-0.405187
0.254818,-0.419108,-0.407445
0.251355,-0.418638,-0.410592
0.246535,-0.421008,-0.411779
0.244971,-0.420722,-0.412819
0.241653,-0.420775,-0.414472
0.238705,-0.422409,-0.416040
0.235017,-0.422562,-0.419001
0.232391,-0.422671,-0.418401
0.229943,-0.424497,-0.422423
0.225645,-0.423633,-0.423363
0.222151,-0.423202,-0.427217
0.220538,-0.426118,-0.428540
0.216677,-0.424351,-0.429149
0.216525,-0.425103,-0.427837
0.212234,-0.423489,-0.431582
0.211868,-0.425280,-0.431114
0.207318,-0.426027,-0.432232
0.205594,-0.424908,-0.432353
0.201600,-0.425289,-0.435757
0.199046,-0.425788,-0.438317
0.196223,-0.425415,-0.439488
0.194366,-0.426855,-0.440014
0.191920,-0.425655,-0.438807
0.189690,-0.424938,-0.439790
0.189148,-0.426614,-0.443443
0.185859,-0.428180,-0.442756
0.182005,-0.424432,-0.445365
0.181350,-0.424268,-0.445464
0.180262,-0.424788,-0.447376
0.175859,-0.427383,-0.446752
0.173636,-0.425752,-0.448301
0.171014,-0.425175,-0.448819
0.167657,-0.423510,-0.449903
0.163839,-0.423656,-0.453289
0.163997,-0.427187,-0.455835
0.160190,-0.426240,-0.455413
0.155859,-0.427921,-0.457485
0.149677,-0.432181,-0.464236
0.138727,-0.437876,-0.471177
0.396464,-0.590254,-0.420868
0.400889,-0.583316,-0.413997
0.404031,-0.576189,-0.410712
0.406041,-0.572502,-0.407044
0.407336,-0.566489,-0.402275
0.409165,-0.561331,-0.403208
0.413171,-0.558235,-0.397105
0.412882,-0.555460,-0.396103
0.413476,-0.551815,-0.395594
0.414337,-0.548177,-0.391230
0.415558,-0.544703,-0.386862
0.416078,-0.540146,-0.388053
0.417318,-0.538099,-0.389173
0.417119,-0.533928,-0.383662
0.416581,-0.531636,-0.382590
0.417463,-0.529077,-0.382356
0.417020,-0.526740,-0.380801
0.417651,-0.523990,-0.379191
0.417531,-0.522027,-0.377193
0.418423,-0.520227,-0.376277
0.416929,-0.516294,-0.375241
0.415477,-0.514932,-0.374315
0.417659,-0.512828,-0.374794
0.417253,-0.510241,-0.372976
0.417841,-0.509683,-0.372849
0.416951,-0.506605,-0.370349
0.418080,-0.504626,-0.370895
0.416615,-0.500575,-0.369094
0.414613,-0.499447,-0.370204
0.415833,-0.499558,-0.367655
0.415222,-0.492988,-0.367811
0.415740,-0.493142,-0.365833
0.415336,-0.490746,-0.368674
0.415316,-0.487571,-0.365997
0.415834,-0.487051,-0.365203
0.413281,-0.486465,-0.362830
0.412631,-0.483929,-0.363609
0.411179,-0.481917,-0.363304
0.409784,-0.481102,-0.362602
0.408800,-0.478637,-0.361710
0.412032,-0.479796,-0.360251
0.410214,-0.476118,-0.360368
0.408778,-0.474290,-0.358473
0.407071,-0.474462,-0.361004
0.408122,-0.471475,-0.358129
0.407769,-0.469435,-0.359583
0.405990,-0.467405,-0.358906
0.405678,-0.467269,-0.358080
0.405612,-0.467090,-0.359014
0.403949,-0.465158,-0.359612
0.403352,-0.464294,-0.358458
0.398806,-0.462687,-0.360711
0.399786,-0.461823,-0.358462
0.396697,-0.459072,-0.358761
0.397435,-0.459469,-0.359699
0.396411,-0.457999,-0.358376
0.395208,-0.456748,-0.359325
0.393275,-0.456631,-0.357250
0.392767,-0.455058,-0.358590
0.389909,-0.452627,-0.357483
0.388207,-0.452370,-0.357733
0.387897,-0.452325,-0.359873
0.389993,-0.450510,-0.359953
0.386007,-0.449628,-0.361763
0.384538,-0.449552,-0.360948
0.383411,-0.448495,-0.362975
0.379717,-0.447957,-0.362656
0.379784,-0.447729,-0.362396
0.377521,-0.445069,-0.362115
0.377978,-0.446501,-0.360881
0.374672,-0.445581,-0.363200
0.372023,-0.445839,-0.364860
0.369787,-0.444471,-0.366015
0.370086,-0.443375,-0.367134
0.367434,-0.443173,-0.364776
0.364851,-0.443103,-0.367067
0.364119,-0.443778,-0.367285
0.361558,-0.443312,-0.368952
0.358059,-0.441474,-0.368163
0.359393,-0.441787,-0.368541
0.358261,-0.438150,-0.369765
0.354484,-0.439885,-0.371264
0.353552,-0.439166,-0.370064
0.353282,-0.438080,-0.370597
0.352023,-0.437250,-0.370599
0.348364,-0.437115,-0.371930
0.347995,-0.435429,-0.369606
0.346338,-0.434997,-0.369254
0.344590,-0.435298,-0.371274
0.343046,-0.432776,-0.372429
0.342979,-0.433075,-0.370000
0.340666,-0.431299,-0.371847
0.340883,-0.429681,-0.372651
0.337733,-0.428077,-0.373681
0.336174,-0.429542,-0.372713
0.335173,-0.429145,-0.372540
0.335442,-0.426528,-0.372685
0.332974,-0.425398,-0.374874
0.331561,-0.424497,-0.373828
0.331800,-0.425347,-0.374828
0.327052,-0.421916,-0.374905
0.324797,-0.421779,-0.375024
0.323545,-0.419980,-0.374837
0.324058,-0.422142,-0.374786
0.323017,-0.420229,-0.376516
0.318995,-0.419759,-0.377315
0.319893,-0.418321,-0.376842
0.317606,-0.419324,-0.377294
0.315204,-0.417095,-0.377102
0.314785,-0.416913,-0.381267
0.311338,-0.416715,-0.376984
0.309853,-0.418648,-0.381425
0.307257,-0.416632,-0.380828
0.306209,-0.417855,-0.380762
0.303527,-0.414597,-0.382393
0.302527,-0.414840,-0.381841
0.300384,-0.414165,-0.382334
0.299332,-0.414737,-0.383668
0.295760,-0.414743,-0.384718
0.295813,-0.414523,-0.388209
0.291486,-0.414743,-0.388127
0.288474,-0.415251,-0.385008
0.286651,-0.412479,-0.389972
0.283796,-0.414830,-0.391686
0.283151,-0.413185,-0.391008
0.279717,-0.414894,-0.393062
0.277611,-0.414638,-0.393240
0.276054,-0.414363,-0.394759
0.272262,-0.414983,-0.396369
0.268498,-0.418207,-0.398050
0.266048,-0.416752,-0.398591
0.263682,-0.415615,-0.400463
0.259004,-0.417394,-0.403349
0.255279,-0.420653,-0.405366
0.251845,-0.420560,-0.408192
0.250469,-0.422986,-0.411875
0.245351,-0.421358,-0.413248
0.240982,-0.423442,-0.414218
0.239160,-0.423830,-0.412418
0.235225,-0.422749,-0.418424
0.231295,-0.424882,-0.419995
0.229237,-0.427716,-0.422186
0.226493,-0.425197,-0.423083
0.222582,-0.426032,-0.423460
0.218629,-0.427676,-0.426917
0.217873,-0.426436,-0.425685
0.216915,-0.427696,-0.428189
0.214104,-0.425171,-0.428898
0.210200,-0.425379,-0.429517
0.209155,-0.425507,-0.432559
0.205006,-0.426722,-0.433094
0.205502,-0.427188,-0.435267
0.200569,-0.428832,-0.436987
0.197988,-0.426877,-0.434098
0.195076,-0.427603,-0.438653
0.191895,-0.428199,-0.436010
0.191837,-0.427332,-0.438708
0.187259,-0.425545,-0.441597
0.185456,-0.425826,-0.442732
0.184423,-0.427358,-0.442085
0.180982,-0.424446,-0.443879
0.181826,-0.425622,-0.445179
0.177314,-0.427481,-0.446708
0.174815,-0.426023,-0.446174
0.172837,-0.425244,-0.448624
0.171698,-0.424818,-0.448427
0.166714,-0.424398,-0.448524
0.164330,-0.425638,-0.451687
0.161660,-0.425566,-0.453307
0.159201,-0.425738,-0.457648
0.154790,-0.428193,-0.457112
0.149915,-0.429209,-0.461897
0.138148,-0.438951,-0.469244
0.386080,-0.604258,-0.426553
0.396895,-0.590178,-0.417375
0.402215,-0.583019,-0.411838
0.402724,-0.577338,-0.406291
0.405567,-0.570904,-0.406299
0.408064,-0.566824,-0.403546
0.408672,-0.562802,-0.401808
0.408942,-0.559759,-0.397562
0.410909,-0.555504,-0.396094
0.413438,-0.552396,-0.392356
0.412627,-0.548124,-0.389276
0.416317,-0.543404,-0.388631
0.412968,-0.540737,-0.388680
0.414567,-0.540762,-0.384939
0.414543,-0.535583,-0.382485
0.415111,-0.534818,-0.381889
0.417786,-0.531065,-0.379292
0.416914,-0.525959,-0.379417
0.416571,-0.525691,-0.377813
0.417256,-0.520974,-0.377761
0.415913,-0.521287,-0.375458
0.418019,-0.517951,-0.374468
0.418584,-0.513835,-0.373299
0.417329,-0.513245,-0.373007
0.415522,-0.511680,-0.371986
0.417097,-0.508815,-0.370292
0.416075,-0.508342,-0.370365
0.416806,-0.503990,-0.368825
0.415099,-0.503427,-0.366129
0.417387,-0.500573,-0.367757
0.415016,-0.498258,-0.368339
0.413500,-0.496594,-0.366382
0.413950,-0.496429,-0.366063
0.413737,-0.492515,-0.364605
0.413697,-0.490259,-0.365017
0.412879,-0.490333,-0.360976
0.412245,-0.486858,-0.363306
0.413151,-0.484888,-0.364074
0.410232,-0.485712,-0.363473
0.410987,-0.482802,-0.361874
0.409658,-0.481309,-0.360647
0.409884,-0.479832,-0.360306
0.410065,-0.477763,-0.360741
0.406786,-0.477663,-0.363771
0.408423,-0.474205,-0.360281
0.408133,-0.472506,-0.360044
0.405864,-0.470996,-0.360079
0.404693,-0.469987,-0.357471
0.406129,-0.468926,-0.357915
0.402794,-0.468562,-0.360972
0.402632,-0.467790,-0.359088
0.400699,-0.467105,-0.360587
0.399077,-0.462418,-0.358248
0.396518,-0.462654,-0.356938
0.398711,-0.461132,-0.357277
0.395219,-0.460715,-0.358043
0.394677,-0.459445,-0.358098
0.395547,-0.458033,-0.356495
0.393211,-0.456744,-0.358975
0.391740,-0.455337,-0.358332
0.388569,-0.456645,-0.358539
0.389111,-0.455069,-0.358974
0.387115,-0.451206,-0.358273
0.384886,-0.452995,-0.359218
0.384259,-0.452457,-0.360304
0.382478,-0.452159,-0.359487
0.380455,-0.448769,-0.362636
0.378837,-0.450132,-0.360550
0.377531,-0.448431,-0.360294
0.375617,-0.448152,-0.360566
0.375380,-0.447244,-0.359982
0.372477,-0.448522,-0.363400
0.370729,-0.446378,-0.363024
0.368529,-0.446904,-0.364795
0.367287,-0.447264,-0.365403
0.365684,-0.446360,-0.366585
0.366430,-0.444213,-0.365535
0.361937,-0.445406,-0.366820
0.359087,-0.443691,-0.367979
0.359070,-0.444364,-0.366562
0.357361,-0.445148,-0.368164
0.357138,-0.443684,-0.367869
0.353983,-0.441437,-0.369030
0.351140,-0.439008,-0.369915
0.350897,-0.440436,-0.369577
0.349909,-0.439656,-0.370147
0.347517,-0.436127,-0.370998
0.344501,-0.438112,-0.369940
0.343484,-0.437274,-0.371375
0.342363,-0.433794,-0.370402
0.342208,-0.435329,-0.370554
0.341061,-0.435216,-0.369383
0.339160,-0.432152,-0.372910
0.336289,-0.430368,-0.370352
0.336469,-0.431684,-0.371884
0.334903,-0.430625,-0.374172
0.334108,-0.429683,-0.373214
0.331441,-0.428020,-0.371351
0.330091,-0.429104,-0.372245
0.327349,-0.426322,-0.372107
0.327629,-0.426845,-0.374705
0.325957,-0.426284,-0.373935
0.323950,-0.424169,-0.376345
0.324689,-0.425239,-0.374719
0.320893,-0.423553,-0.376511
0.321360,-0.422346,-0.375584
0.317127,-0.422517,-0.375857
0.317374,-0.420810,-0.378432
0.314321,-0.421195,-0.375349
0.313451,-0.420134,-0.377822
0.310091,-0.420682,-0.378947
0.308062,-0.420147,-0.377008
0.309935,-0.419393,-0.378851
0.306185,-0.416446,-0.381309
0.303470,-0.417116,-0.380746
0.303008,-0.416554,-0.382905
0.301349,-0.415886,-0.382052
0.298789,-0.416664,-0.383672
0.296038,-0.415592,-0.383105
0.293760,-0.415916,-0.385097
0.293253,-0.415726,-0.384451
0.289285,-0.416213,-0.385884
0.288270,-0.416815,-0.386496
0.285083,-0.415602,-0.390220
0.282488,-0.416757,-0.389498
0.280458,-0.416457,-0.391496
0.276274,-0.415836,-0.389933
0.277374,-0.415704,-0.393676
0.273637,-0.417544,-0.396136
0.270547,-0.416799,-0.396188
0.266457,-0.417975,-0.397563
0.263485,-0.416830,-0.401397
0.258402,-0.420598,-0.402012
0.257634,-0.420368,-0.404394
0.252113,-0.423502,-0.405855
0.246993,-0.423265,-0.408259
0.246150,-0.423751,-0.410956
0.243789,-0.423274,-0.411689
0.241929,-0.425188,-0.414689
0.236768,-0.427078,-0.416932
0.234912,-0.425714,-0.416903
0.230007,-0.425094,-0.418108
0.227838,-0.427311,-0.420244
0.225513,-0.427163,-0.421449
0.221351,-0.428657,-0.423239
0.216720,-0.427634,-0.426878
0.217202,-0.430035,-0.424762
0.214900,-0.427276,-0.429255
0.212085,-0.430796,-0.427878
0.210137,-0.429515,-0.428337
0.206781,-0.427745,-0.429825
0.205517,-0.428239,-0.433325
0.200866,-0.429033,-0.432467
0.197969,-0.428929,-0.434186
0.197455,-0.428520,-0.435416
0.193003,-0.428832,-0.437845
0.192672,-0.430746,-0.438940
0.189056,-0.429172,-0.439577
0.188040,-0.427713,-0.439166
0.183583,-0.429801,-0.440833
0.182846,-0.428205,-0.441333
0.180892,-0.427061,-0.441624
0.177054,-0.428093,-0.441754
0.175803,-0.426609,-0.445398
0.175964,-0.426891,-0.445087
0.171855,-0.427811,-0.444881
0.170046,-0.427009,-0.446432
0.166682,-0.425888,-0.449237
0.162800,-0.427608,-0.448264
0.160273,-0.427219,-0.451954
0.157291,-0.430371,-0.453934
0.152995,-0.430264,-0.455956
0.147612,-0.431686,-0.460016
0.139063,-0.439920,-0.469048
0.387786,-0.598998,-0.421192
0.396032,-0.588655,-0.415121
0.400000,-0.580889,-0.410238
0.401455,-0.576536,-0.406561
0.405269,-0.572581,-0.403717
0.405606,-0.568041,-0.400829
0.408705,-0.563239,-0.397981
0.408668,-0.561839,-0.395666
0.411972,-0.555882,-0.393311
0.412112,-0.553352,-0.390666
0.413224,-0.549085,-0.389472
0.413724,-0.544757,-0.386260
0.414107,-0.544109,-0.386049
0.413155,-0.539688,-0.382660
0.414973,-0.537906,-0.382998
0.413888,-0.533988,-0.381582
0.418112,-0.531684,-0.379934
0.415290,-0.528927,-0.377253
0.415410,-0.524151,-0.377604
0.416457,-0.524480,-0.376515
0.414435,-0.521762,-0.374593
0.413854,-0.518323,-0.373362
0.414994,-0.517344,-0.372765
0.415189,-0.513202,-0.371212
0.415954,-0.512887,-0.370647
0.415630,-0.508234,-0.370569
0.413397,-0.508744,-0.367712
0.415092,-0.505398,-0.370164
0.414234,-0.503793,-0.367450
0.413770,-0.501942,-0.367722
0.412683,-0.499761,-0.366195
0.414957,-0.499027,-0.365227
0.412507,-0.496360,-0.364598
0.410843,-0.492909,-0.362949
0.411953,-0.493625,-0.362539
0.412136,-0.491316,-0.362004
0.411447,-0.488875,-0.361685
0.409769,-0.486470,-0.359697
0.408569,-0.485524,-0.361233
0.408581,-0.483964,-0.360821
0.408011,-0.482656,-0.360403
0.406577,-0.479612,-0.358292
0.408026,-0.480299,-0.360439
0.406243,-0.477436,-0.358878
0.405978,-0.477201,-0.357108
0.405683,-0.474549,-0.357332
0.403170,-0.472537,-0.357758
0.403920,-0.471372,-0.357143
0.403235,-0.470537,-0.356768
0.402370,-0.469363,-0.356607
0.399870,-0.469796,-0.358198
0.399467,-0.465247,-0.357633
0.399192,-0.466805,-0.356812
0.397994,-0.463901,-0.357171
0.397352,-0.463466,-0.357563
0.394180,-0.462110,-0.356190
0.393771,-0.459934,-0.357320
0.393995,-0.460204,-0.356744
0.393472,-0.458150,-0.358560
0.391200,-0.454661,-0.358089
0.388843,-0.455602,-0.356500
0.385906,-0.457239,-0.358024
0.386537,-0.453596,-0.359381
0.383076,-0.453042,-0.358740
0.381616,-0.453846,-0.359352
0.380337,-0.451908,-0.360177
0.379433,-0.452884,-0.361800
0.376019,-0.451404,-0.361186
0.377168,-0.449896,-0.361786
0.374543,-0.450082,-0.361645
0.374321,-0.450031,-0.361292
0.370305,-0.450580,-0.361816
0.369646,-0.448975,-0.362794
0.366958,-0.446740,-0.363348
0.367057,-0.446573,-0.363144
0.364338,-0.446646,-0.366092
0.362535,-0.445957,-0.366774
0.360048,-0.444916,-0.364849
0.358279,-0.447243,-0.367746
0.358412,-0.445945,-0.367909
0.354675,-0.445132,-0.366329
0.352993,-0.444236,-0.366869
0.353384,-0.441349,-0.367849
0.350902,-0.441759,-0.368996
0.349217,-0.440416,-0.368297
0.347643,-0.441280,-0.369297
0.345122,-0.439539,-0.368988
0.345145,-0.439911,-0.369698
0.343695,-0.437539,-0.371735
0.342950,-0.437197,-0.369174
0.340058,-0.437245,-0.368860
0.339300,-0.436208,-0.371262
0.338412,-0.434196,-0.368947
0.336373,-0.434200,-0.371979
0.335462,-0.434337,-0.371003
0.333821,-0.430594,-0.371383
0.331855,-0.430307,-0.373254
0.330944,-0.431099,-0.371829
0.329856,-0.427520,-0.370292
0.326021,-0.427706,-0.373753
0.326263,-0.427684,-0.374393
0.325599,-0.426485,-0.372180
0.323910,-0.427002,-0.372805
0.321321,-0.426162,-0.374734
0.319333,-0.425605,-0.374569
0.319085,-0.422783,-0.373419
0.317413,-0.424035,-0.376524
0.313255,-0.421518,-0.376516
0.310541,-0.422482,-0.377050
0.311456,-0.421736,-0.376830
0.310204,-0.420027,-0.377718
0.307744,-0.421889,-0.378816
0.305979,-0.420934,-0.379179
0.303421,-0.419010,-0.379106
0.301429,-0.420871,-0.381202
0.299012,-0.420684,-0.381580
0.298545,-0.417830,-0.381194
0.294277,-0.419664,-0.383194
0.294110,-0.418228,-0.383913
0.291335,-0.419188,-0.385834
0.291312,-0.419621,-0.386158
0.287493,-0.417961,-0.388102
0.285271,-0.418539,-0.387859
0.282471,-0.417873,-0.389165
0.280622,-0.418482,-0.387697
0.278079,-0.417623,-0.391986
0.274350,-0.419582,-0.392785
0.271841,-0.418438,-0.393011
0.270822,-0.417898,-0.395561
0.266752,-0.420220,-0.396859
0.265670,-0.419988,-0.398344
0.262419,-0.421009,-0.399088
0.256675,-0.423517,-0.400815
0.253862,-0.422459,-0.404643
0.248833,-0.425027,-0.405743
0.246692,-0.424915,-0.406976
0.242440,-0.425443,-0.410555
0.241918,-0.425510,-0.411438
0.238632,-0.426666,-0.414007
0.234547,-0.427238,-0.414589
0.232901,-0.428037,-0.416622
0.227516,-0.429568,-0.417646
0.225448,-0.429661,-0.419910
0.223698,-0.429921,-0.418594
0.221895,-0.429896,-0.424071
0.217228,-0.431520,-0.425589
0.214856,-0.429750,-0.426279
0.212061,-0.429762,-0.425659
0.210513,-0.431357,-0.426700
0.207028,-0.431079,-0.428538
0.205067,-0.430137,-0.429263
0.201110,-0.431001,-0.430305
0.200355,-0.429696,-0.433128
0.199527,-0.429975,-0.434677
0.193806,-0.430081,-0.435274
0.192777,-0.430504,-0.436280
0.191941,-0.431372,-0.437231
0.186490,-0.431548,-0.438211
0.186541,-0.431890,-0.437571
0.183494,-0.429218,-0.439321
0.179554,-0.426299,-0.441184
0.178413,-0.428548,-0.441921
0.175997,-0.428584,-0.441118
0.176062,-0.428276,-0.441948
0.171846,-0.429200,-0.444954
0.168276,-0.428138,-0.443673
0.168894,-0.428320,-0.444632
0.164650,-0.429037,-0.449456
0.163195,-0.428366,-0.448255
0.158354,-0.430529,-0.450736
0.154094,-0.431718,-0.451679
0.152919,-0.432809,-0.454148
0.146151,-0.433674,-0.459518
0.136008,-0.441113,-0.465811
0.390460,-0.595363,-0.419501
0.396572,-0.588933,-0.411834
0.400176,-0.581622,-0.408347
0.402269,-0.574993,-0.404928
0.403236,-0.574351,-0.401382
0.405348,-0.568006,-0.400046
0.408766,-0.564438,-0.396097
0.409193,-0.560150,-0.394446
0.408948,-0.557335,-0.393201
0.410333,-0.555699,-0.391776
0.411344,-0.550068,-0.386880
0.410731,-0.545447,-0.384295
0.410727,-0.544721,-0.385635
0.413102,-0.542937,-0.384213
0.413099,-0.537941,-0.383211
0.414426,-0.535440,-0.380883
0.415692,-0.531677,-0.377608
0.413740,-0.532022,-0.377745
0.415891,-0.526767,-0.375309
0.414009,-0.525267,-0.375107
0.417062,-0.524154,-0.374440
0.414047,-0.520090,-0.372288
0.415756,-0.516991,-0.372683
0.415151,-0.516528,-0.371083
0.413372,-0.513768,-0.370067
0.416384,-0.513675,-0.370306
0.413977,-0.508415,-0.368325
0.414400,-0.506786,-0.367194
0.412591,-0.506375,-0.366260
0.412952,-0.502497,-0.366121
0.413121,-0.501327,-0.365063
0.412148,-0.499658,-0.364178
0.412312,-0.498579,-0.364199
0.411578,-0.496426,-0.363874
0.410526,-0.495397,-0.362838
0.411194,-0.493513,-0.360589
0.409753,-0.490272,-0.360790
0.410472,-0.489305,-0.361951
0.408284,-0.487824,-0.358608
0.408691,-0.485799,-0.360639
0.406915,-0.483662,-0.360291
0.406709,-0.481609,-0.357803
0.407028,-0.480153,-0.358543
0.404880,-0.479394,-0.357461
0.403831,-0.477682,-0.355711
0.403907,-0.477058,-0.358321
0.400509,-0.473919,-0.356599
0.403152,-0.471728,-0.355613
0.400379,-0.471250,-0.356085
0.400322,-0.472121,-0.355660
0.399774,-0.467460,-0.356593
0.397366,-0.465466,-0.356848
0.396727,-0.467591,-0.356246
0.394164,-0.465424,-0.356829
0.393442,-0.465328,-0.356961
0.393624,-0.463561,-0.355421
0.390867,-0.462911,-0.357132
0.393273,-0.460988,-0.355473
0.389270,-0.458067,-0.358398
0.387650,-0.458575,-0.356918
0.385728,-0.455614,-0.355085
0.385056,-0.457774,-0.357774
0.385675,-0.456440,-0.356584
0.381923,-0.454807,-0.356775
0.379786,-0.454525,-0.356911
0.379731,-0.455133,-0.357528
0.378753,-0.453097,-0.360032
0.374248,-0.453172,-0.358524
0.374762,-0.453505,-0.359387
0.372041,-0.453020,-0.359786
0.369833,-0.449384,-0.360866
0.369798,-0.451497,-0.360487
0.366098,-0.449814,-0.361881
0.366825,-0.450801,-0.364400
0.366323,-0.450200,-0.365068
0.361659,-0.448901,-0.364105
0.359949,-0.447542,-0.362759
0.358099,-0.448708,-0.367367
0.356014,-0.448695,-0.364611
0.357720,-0.446338,-0.365676
0.354781,-0.446882,-0.366126
0.351284,-0.445719,-0.367057
0.350813,-0.444346,-0.367913
0.349318,-0.443431,-0.367210
0.346983,-0.443727,-0.367503
0.345279,-0.445282,-0.369254
0.341331,-0.441962,-0.371385
0.341909,-0.441459,-0.368302
0.340438,-0.441507,-0.368464
0.339878,-0.440379,-0.369415
0.339329,-0.437300,-0.370739
0.335301,-0.437180,-0.367698
0.333610,-0.435711,-0.371333
0.335177,-0.436524,-0.370350
0.332719,-0.435619,-0.371864
0.331784,-0.433404,-0.373159
0.330794,-0.433616,-0.372011
0.328373,-0.432762,-0.371193
0.328123,-0.432131,-0.370789
0.326183,-0.429393,-0.371029
0.326089,-0.430042,-0.374557
0.324551,-0.429476,-0.375254
0.322780,-0.429628,-0.374376
0.318311,-0.428862,-0.374386
0.318290,-0.427836,-0.373845
0.314661,-0.427038,-0.375021
0.315018,-0.427176,-0.377394
0.312571,-0.425414,-0.375005
0.311317,-0.422799,-0.376717
0.308588,-0.424426,-0.379507
0.307529,-0.424520,-0.379121
0.303891,-0.422635,-0.376610
0.305759,-0.423000,-0.378354
0.300651,-0.421650,-0.381831
0.298198,-0.421503,-0.380494
0.299587,-0.422332,-0.380747
0.296539,-0.421826,-0.382391
0.293746,-0.419674,-0.383802
0.293813,-0.420154,-0.383047
0.291234,-0.421649,-0.384184
0.285823,-0.419761,-0.385159
0.285046,-0.421179,-0.387902
0.283305,-0.421664,-0.385577
0.280513,-0.420867,-0.387658
0.276424,-0.420278,-0.387749
0.275795,-0.420403,-0.389953
0.272486,-0.421375,-0.391386
0.269955,-0.421850,-0.392739
0.268087,-0.421997,-0.395357
0.263094,-0.421878,-0.395256
0.262134,-0.421872,-0.399134
0.258593,-0.425165,-0.400140
0.254869,-0.423502,-0.401805
0.250062,-0.425779,-0.404344
0.247722,-0.426756,-0.406942
0.243446,-0.426911,-0.408861
0.241893,-0.428158,-0.409327
0.238122,-0.427940,-0.411996
0.236502,-0.429962,-0.411080
0.232184,-0.429747,-0.414916
0.228020,-0.428539,-0.415612
0.225739,-0.429595,-0.418087
0.224389,-0.430446,-0.419949
0.221917,-0.432329,-0.422318
0.218532,-0.432344,-0.423481
0.216404,-0.432773,-0.423200
0.215249,-0.431798,-0.425690
0.210204,-0.432058,-0.427604
0.207669,-0.432022,-0.426546
0.207356,-0.431791,-0.428465
0.204218,-0.432330,-0.428337
0.199101,-0.431935,-0.430366
0.197947,-0.433562,-0.432532
0.196004,-0.433949,-0.432698
0.191500,-0.432661,-0.434440
0.190196,-0.433396,-0.435427
0.189775,-0.431790,-0.436193
0.187434,-0.431379,-0.437497
0.183976,-0.429196,-0.436929
0.182389,-0.431349,-0.437206
0.179390,-0.430777,-0.439745
0.178003,-0.432403,-0.439238
0.174634,-0.430646,-0.440602
0.174242,-0.429677,-0.442670
0.172469,-0.429391,-0.443626
0.169851,-0.427413,-0.443403
0.166850,-0.431095,-0.443989
0.162972,-0.427751,-0.444779
0.162086,-0.430125,-0.445368
0.156325,-0.432112,-0.448686
0.153616,-0.432581,-0.453385
0.150956,-0.432196,-0.452288
0.147245,-0.432212,-0.457469
0.137717,-0.440368,-0.463483
0.392692,-0.595547,-0.416981
0.396253,-0.586737,-0.411017
0.402594,-0.583152,-0.404721
0.404550,-0.576353,-0.403133
0.404373,-0.573895,-0.399242
0.406291,-0.567808,-0.396454
0.407259,-0.562816,-0.394799
0.408994,-0.561730,-0.392747
0.409163,-0.558927,-0.389752
0.408812,-0.553914,-0.386687
0.411518,-0.549782,-0.387278
0.412726,-0.547974,-0.385331
0.412232,-0.546311,-0.383141
0.411896,-0.541526,-0.382357
0.412172,-0.540081,-0.381287
0.413072,-0.537285,-0.378160
0.413586,-0.533800,-0.373700
0.412829,-0.532073,-0.374449
0.415984,-0.527814,-0.374078
0.414584,-0.526802,-0.373211
0.412788,-0.523783,-0.372335
0.413353,-0.522348,-0.373565
0.413910,-0.518565,-0.371173
0.411716,-0.516849,-0.369655
0.412975,-0.516173,-0.369465
0.412594,-0.510339,-0.366952
0.411470,-0.511123,-0.366601
0.413860,-0.508828,-0.365255
0.411502,-0.505108,-0.364442
0.409695,-0.504934,-0.363204
0.410306,-0.501939,-0.362066
0.411748,-0.499137,-0.362718
0.412122,-0.498371,-0.363376
0.411062,-0.499704,-0.361241
0.410871,-0.495236,-0.360371
0.410964,-0.490738,-0.359991
0.407089,-0.491902,-0.359792
0.408093,-0.489808,-0.359253
0.405958,-0.487506,-0.360207
0.406191,-0.487796,-0.357355
0.405083,-0.484545,-0.358076
0.403385,-0.482794,-0.357945
0.405352,-0.480358,-0.358805
0.403119,-0.480903,-0.357381
0.402762,-0.480641,-0.356458
0.402592,-0.476380,-0.355183
0.400843,-0.475526,-0.355415
0.402627,-0.473347,-0.355414
0.398849,-0.472098,-0.355213
0.397228,-0.470987,-0.356283
0.397586,-0.469632,-0.355302
0.396752,-0.469403,-0.355561
0.396256,-0.468857,-0.354600
0.394363,-0.467633,-0.353716
0.393940,-0.464703,-0.355610
0.391697,-0.463656,-0.355325
0.390782,-0.463848,-0.356578
0.388444,-0.462474,-0.356613
0.386880,-0.461701,-0.354773
0.386029,-0.461798,-0.356270
0.387192,-0.460504,-0.354942
0.382636,-0.457269,-0.356648
0.382403,-0.459358,-0.357665
0.381372,-0.460700,-0.357129
0.379505,-0.456597,-0.356694
0.380164,-0.455699,-0.359268
0.377152,-0.455233,-0.357845
0.374866,-0.455873,-0.358226
0.373127,-0.454600,-0.360061
0.373457,-0.454377,-0.359539
0.370312,-0.452305,-0.359776
0.369741,-0.452626,-0.361184
0.366462,-0.450871,-0.360726
0.365986,-0.451234,-0.361869
0.361420,-0.452939,-0.361240
0.359866,-0.451195,-0.362910
0.359207,-0.450351,-0.365101
0.357872,-0.453426,-0.363845
0.354521,-0.449719,-0.367381
0.353320,-0.447441,-0.364921
0.351693,-0.447789,-0.365613
0.350702,-0.447956,-0.364814
0.349333,-0.447246,-0.366014
0.347321,-0.446112,-0.367768
0.345724,-0.446145,-0.366954
0.344860,-0.443926,-0.369786
0.341351,-0.444529,-0.367549
0.339767,-0.444399,-0.368050
0.339052,-0.441685,-0.367464
0.338943,-0.440834,-0.369900
0.336157,-0.441151,-0.366667
0.335962,-0.438729,-0.370069
0.333189,-0.437826,-0.370548
0.331659,-0.437771,-0.370852
0.331265,-0.439874,-0.371902
0.330436,-0.435279,-0.369981
0.328233,-0.436254,-0.369512
0.326910,-0.434660,-0.370972
0.325318,-0.433683,-0.371773
0.321588,-0.432427,-0.371864
0.323336,-0.430683,-0.373044
0.318566,-0.430954,-0.372584
0.318108,-0.431170,-0.373219
0.315968,-0.429657,-0.372339
0.315684,-0.429323,-0.375724
0.314024,-0.428103,-0.373379
0.311881,-0.431276,-0.375007
0.310502,-0.428122,-0.374511
0.308041,-0.427050,-0.376470
0.306206,-0.426837,-0.377050
0.305219,-0.425963,-0.377219
0.302841,-0.423680,-0.376895
0.301901,-0.425099,-0.379870
0.299842,-0.425592,-0.379142
0.296893,-0.426524,-0.378922
0.295979,-0.424227,-0.381602
0.292809,-0.425312,-0.381164
0.291722,-0.422864,-0.381129
0.290372,-0.423069,-0.384030
0.287116,-0.423019,-0.383513
0.285432,-0.421416,-0.385497
0.282904,-0.421120,-0.385719
0.280602,-0.423395,-0.388964
0.276647,-0.422865,-0.388800
0.274910,-0.423182,-0.388322
0.271698,-0.423206,-0.390777
0.270533,-0.423072,-0.392256
0.266971,-0.424768,-0.392726
0.264799,-0.422622,-0.394719
0.261935,-0.422992,-0.397088
0.258042,-0.425410,-0.398287
0.255315,-0.425689,-0.399875
0.251329,-0.426654,-0.404253
0.248743,-0.429130,-0.404786
0.245577,-0.427993,-0.405121
0.241307,-0.430043,-0.408077
0.239370,-0.429626,-0.407838
0.236854,-0.430911,-0.412632
0.232930,-0.432172,-0.412833
0.229299,-0.433098,-0.414199
0.228756,-0.433071,-0.415220
0.223338,-0.433824,-0.418449
0.223905,-0.432927,-0.418030
0.219875,-0.433647,-0.419928
0.215662,-0.433698,-0.420384
0.212748,-0.435227,-0.424334
0.209890,-0.435359,-0.425809
0.208631,-0.435123,-0.425301
0.206802,-0.431486,-0.425872
0.202065,-0.432104,-0.427604
0.199716,-0.433816,-0.428320
0.199332,-0.436247,-0.430397
0.196375,-0.434909,-0.431198
0.192461,-0.435205,-0.432974
0.192705,-0.435149,-0.431918
0.190813,-0.434452,-0.433728
0.187756,-0.433334,-0.434597
0.185463,-0.432904,-0.435000
0.184413,-0.432683,-0.437903
0.180852,-0.432050,-0.437033
0.177735,-0.432197,-0.438468
0.176044,-0.429883,-0.438580
0.175169,-0.431897,-0.439920
0.170942,-0.432505,-0.440097
0.169112,-0.430605,-0.442641
0.167431,-0.430640,-0.442784
0.166084,-0.430254,-0.443574
0.163618,-0.431960,-0.446739
0.159334,-0.432263,-0.444845
0.156803,-0.431636,-0.448810
0.152719,-0.432320,-0.451517
0.149530,-0.432735,-0.450983
0.148082,-0.434551,-0.455147
0.136998,-0.440850,-0.460360
0.392179,-0.595140,-0.412604
0.397707,-0.587881,-0.407210
0.400045,-0.582033,-0.404719
0.402249,-0.579032,-0.399476
0.403006,-0.575094,-0.398356
0.405468,-0.570796,-0.394727
0.407506,-0.567867,-0.392320
0.407490,-0.563037,-0.389702
0.409291,-0.558611,-0.391535
0.407558,-0.556081,-0.387241
0.411676,-0.551188,-0.385561
0.408753,-0.546734,-0.384380
0.409924,-0.546703,-0.381487
0.411831,-0.542525,-0.382070
0.409567,-0.540215,-0.378255
0.412342,-0.535972,-0.379346
0.411897,-0.534953,-0.376414
0.414435,-0.530854,-0.374386
0.412703,-0.528277,-0.374151
0.413287,-0.528916,-0.372063
0.412957,-0.525736,-0.371445
0.413030,-0.523472,-0.371078
0.410843,-0.518944,-0.367719
0.411648,-0.518136,-0.367505
0.411634,-0.515835,-0.366733
0.412110,-0.513372,-0.366421
0.410433,-0.512278,-0.365675
0.411213,-0.507853,-0.365046
0.410528,-0.507294,-0.363883
0.410616,-0.506271,-0.363329
0.410365,-0.503833,-0.360845
0.409426,-0.500164,-0.361878
0.409788,-0.498806,-0.360461
0.406937,-0.497805,-0.360677
0.408061,-0.495324,-0.358137
0.407493,-0.493553,-0.359135
0.408959,-0.494262,-0.359283
0.405662,-0.490572,-0.358667
0.405293,-0.488703,-0.357089
0.407045,-0.488322,-0.356044
0.401002,-0.487960,-0.356363
0.404580,-0.483080,-0.356680
0.402911,-0.482211,-0.357667
0.401520,-0.481070,-0.353934
0.401340,-0.478754,-0.355334
0.400275,-0.478109,-0.355406
0.400069,-0.476840,-0.355657
0.398878,-0.474537,-0.355633
0.398257,-0.474115,-0.354352
0.396905,-0.473091,-0.355601
0.395568,-0.471358,-0.353722
0.396094,-0.470806,-0.356919
0.396074,-0.467997,-0.354426
0.392457,-0.467106,-0.353935
0.390910,-0.467291,-0.352953
0.391260,-0.465948,-0.354169
0.390245,-0.466713,-0.355912
0.388202,-0.463206,-0.355881
0.388498,-0.463717,-0.353946
0.384294,-0.463039,-0.353716
0.383999,-0.462538,-0.354077
0.382238,-0.458120,-0.356746
0.380653,-0.460668,-0.357296
0.380040,-0.458560,-0.356939
0.377912,-0.456858,-0.355963
0.374825,-0.459557,-0.357118
0.371642,-0.456921,-0.357604
0.374620,-0.455348,-0.357645
0.372168,-0.454765,-0.357589
0.370008,-0.455016,-0.356233
0.370050,-0.455089,-0.360497
0.366856,-0.454886,-0.359784
0.365796,-0.453959,-0.359836
0.361729,-0.454154,-0.359381
0.360979,-0.452964,-0.361289
0.358631,-0.452787,-0.362456
0.356526,-0.452251,-0.362504
0.354724,-0.450549,-0.363081
0.353864,-0.450496,-0.365771
0.353198,-0.449847,-0.366326
0.350862,-0.448225,-0.364147
0.348436,-0.448520,-0.366421
0.346891,-0.448004,-0.366924
0.344602,-0.448947,-0.366213
0.342717,-0.446218,-0.367386
0.342260,-0.445821,-0.366479
0.341462,-0.444568,-0.367377
0.338815,-0.444687,-0.369105
0.337639,-0.445325,-0.366544
0.334554,-0.445624,-0.368540
0.333245,-0.443519,-0.371754
0.334158,-0.439836,-0.368926
0.332594,-0.441595,-0.369141
0.331476,-0.439515,-0.369897
0.327321,-0.439674,-0.369830
0.326368,-0.439876,-0.369910
0.325426,-0.436542,-0.371609
0.325786,-0.435893,-0.369703
0.323838,-0.437677,-0.372624
0.321026,-0.435562,-0.373069
0.320103,-0.434568,-0.373883
0.317374,-0.432978,-0.372986
0.316852,-0.433468,-0.372812
0.314985,-0.430826,-0.373897
0.311599,-0.432614,-0.375263
0.312269,-0.433063,-0.374306
0.310192,-0.430308,-0.374307
0.310442,-0.430995,-0.377598
0.305736,-0.429039,-0.376923
0.304652,-0.430061,-0.378745
0.303724,-0.428873,-0.376534
0.301368,-0.426461,-0.377847
0.300921,-0.425718,-0.379194
0.297521,-0.426055,-0.379250
0.296107,-0.425122,-0.379944
0.292498,-0.425260,-0.380837
0.291315,-0.424392,-0.382028
0.288276,-0.425484,-0.384341
0.286044,-0.424342,-0.383518
0.284848,-0.425024,-0.384323
0.282904,-0.424450,-0.384925
0.280652,-0.427158,-0.384677
0.278294,-0.426115,-0.386716
0.275961,-0.426299,-0.387195
0.271994,-0.425695,-0.388869
0.268902,-0.426826,-0.390984
0.266540,-0.425899,-0.391609
0.265255,-0.425404,-0.395538
0.264270,-0.426919,-0.395257
0.259131,-0.426592,-0.395406
0.256690,-0.427215,-0.397725
0.253061,-0.426784,-0.399222
0.249103,-0.430406,-0.402187
0.246063,-0.432054,-0.404653
0.245736,-0.430545,-0.407178
0.239071,-0.432537,-0.409395
0.237704,-0.433267,-0.409875
0.234094,-0.431196,-0.411949
0.232703,-0.431278,-0.412530
0.227515,-0.434014,-0.414443
0.224385,-0.434209,-0.416537
0.223928,-0.432697,-0.416280
0.220980,-0.436176,-0.419023
0.216299,-0.435922,-0.421480
0.213315,-0.437073,-0.422155
0.211773,-0.437852,-0.421346
0.207384,-0.435678,-0.423094
0.207567,-0.436155,-0.425021
0.207025,-0.436740,-0.424808
0.201893,-0.434803,-0.427063
0.198678,-0.435441,-0.428482
0.198136,-0.437632,-0.429010
0.192763,-0.436565,-0.430100
0.191809,-0.435980,-0.430995
0.188318,-0.435652,-0.432837
0.188340,-0.434795,-0.433789
0.185073,-0.433826,-0.434346
0.184949,-0.434557,-0.433765
0.179985,-0.432077,-0.434911
0.180027,-0.434656,-0.436962
0.177564,-0.432983,-0.438350
0.174600,-0.434247,-0.438882
0.173539,-0.432446,-0.438381
0.171797,-0.432385,-0.439903
0.169864,-0.430956,-0.439197
0.167259,-0.431190,-0.440820
0.163982,-0.430450,-0.440972
0.160946,-0.430905,-0.446362
0.157833,-0.432530,-0.446567
0.155557,-0.434006,-0.447575
0.151082,-0.434804,-0.447852
0.148783,-0.434037,-0.450301
0.144737,-0.435774,-0.454350
0.136035,-0.442148,-0.460755
0.386077,-0.608315,-0.419102
0.392565,-0.596339,-0.409691
0.397333,-0.587893,-0.404570
0.399137,-0.583097,-0.401567
0.401922,-0.578531,-0.398656
0.402636,-0.573730,-0.396523
0.405177,-0.570198,-0.394048
0.405485,-0.567421,-0.391426
0.407403,-0.563249,-0.390097
0.406787,-0.559655,-0.386275
0.409126,-0.556455,-0.387006
0.408355,-0.551634,-0.384475
0.409622,-0.549870,-0.382885
0.409755,-0.548478,-0.381622
0.409090,-0.544586,-0.378893
0.411462,-0.541315,-0.375958
0.412020,-0.538879,-0.375858
0.412360,-0.537443,-0.373429
0.411053,-0.534159,-0.373099
0.411995,-0.530920,-0.372088
0.409773,-0.531442,-0.372846
0.409799,-0.528720,-0.368315
0.410631,-0.524410,-0.369082
0.409566,-0.522458,-0.368737
0.412032,-0.519103,-0.366298
0.410697,-0.518354,-0.366811
0.410391,-0.513911,-0.365790
0.410506,-0.513436,-0.364895
0.409995,-0.509302,-0.364507
0.409871,-0.509463,-0.363748
0.410325,-0.509333,-0.362396
0.408810,-0.505439,-0.359305
0.409109,-0.501958,-0.360216
0.410072,-0.502451,-0.359749
0.409089,-0.500320,-0.359895
0.406884,-0.495563,-0.359132
0.407910,-0.495742,-0.358601
0.405467,-0.493190,-0.358003
0.405138,-0.493063,-0.359670
0.403595,-0.492830,-0.357405
0.405492,-0.487591,-0.357948
0.403181,-0.485455,-0.357824
0.403523,-0.485321,-0.357011
0.401731,-0.485096,-0.354488
0.400805,-0.484876,-0.355663
0.398468,-0.482851,-0.354761
0.397609,-0.482629,-0.355779
0.398747,-0.480049,-0.354407
0.399356,-0.478518,-0.354454
0.396892,-0.475446,-0.353464
0.395422,-0.475914,-0.353039
0.394340,-0.473672,-0.354008
0.393553,-0.470625,-0.352743
0.392614,-0.472343,-0.354089
0.390321,-0.470051,-0.354216
0.391338,-0.469391,-0.353657
0.389380,-0.466353,-0.353707
0.389362,-0.467286,-0.353353
0.387732,-0.464683,-0.353287
0.385249,-0.462715,-0.355284
0.383191,-0.462578,-0.354159
0.382381,-0.462621,-0.354246
0.381567,-0.461802,-0.355178
0.380086,-0.460489,-0.353280
0.377413,-0.462773,-0.355203
0.374655,-0.459757,-0.358030
0.375678,-0.458829,-0.356110
0.373099,-0.459065,-0.356136
0.372096,-0.456862,-0.358578
0.371763,-0.455932,-0.357637
0.367458,-0.457837,-0.356324
0.368730,-0.455097,-0.359216
0.361655,-0.456225,-0.359073
0.361591,-0.455725,-0.360329
0.359150,-0.455311,-0.361132
0.358802,-0.454710,-0.362963
0.356562,-0.453437,-0.362123
0.355245,-0.453351,-0.363184
0.352842,-0.454620,-0.363887
0.350912,-0.454039,-0.363897
0.349118,-0.451984,-0.363582
0.346523,-0.449847,-0.364319
0.346407,-0.451488,-0.364107
0.346000,-0.449567,-0.365985
0.343338,-0.449168,-0.366566
0.341171,-0.448459,-0.366343
0.340886,-0.447005,-0.365855
0.340041,-0.447129,-0.369720
0.336600,-0.445775,-0.366722
0.338099,-0.446717,-0.366863
0.333738,-0.444953,-0.369233
0.331175,-0.444697,-0.370366
0.332084,-0.442388,-0.369313
0.330183,-0.442430,-0.369429
0.328640,-0.442780,-0.369281
0.326606,-0.439711,-0.368808
0.326872,-0.440328,-0.370022
0.321244,-0.439049,-0.372892
0.322679,-0.437840,-0.371363
0.320435,-0.436582,-0.372256
0.319585,-0.435873,-0.372349
0.316531,-0.436029,-0.371533
0.317421,-0.437370,-0.370257
0.314272,-0.435528,-0.372016
0.312298,-0.434212,-0.373592
0.312117,-0.433506,-0.372145
0.309659,-0.431120,-0.375450
0.306974,-0.432522,-0.373317
0.305143,-0.431182,-0.373996
0.303661,-0.430836,-0.376605
0.301767,-0.430204,-0.376043
0.298996,-0.430571,-0.378450
0.299920,-0.428386,-0.377699
0.298042,-0.428870,-0.378487
0.294721,-0.428150,-0.378501
0.293721,-0.427986,-0.378960
0.290886,-0.428247,-0.380378
0.288121,-0.428027,-0.379918
0.287390,-0.428030,-0.381215
0.285424,-0.427805,-0.381767
0.281698,-0.427158,-0.384028
0.280375,-0.428088,-0.383065
0.277834,-0.427018,-0.384915
0.275790,-0.427291,-0.387358
0.273589,-0.427096,-0.389449
0.271299,-0.426338,-0.390212
0.269347,-0.427944,-0.391402
0.264714,-0.427667,-0.393771
0.262043,-0.428276,-0.393539
0.257222,-0.428077,-0.394625
0.257070,-0.428254,-0.396876
0.251512,-0.431331,-0.398496
0.249835,-0.430088,-0.400785
0.246570,-0.432137,-0.402523
0.245320,-0.431996,-0.404241
0.240686,-0.431950,-0.406491
0.237096,-0.435202,-0.406424
0.236271,-0.433145,-0.407826
0.230507,-0.436591,-0.410631
0.231003,-0.436252,-0.414450
0.224738,-0.436848,-0.415692
0.222496,-0.436434,-0.416499
0.220001,-0.435495,-0.415430
0.218077,-0.438016,-0.416657
0.215199,-0.436597,-0.420275
0.212948,-0.439476,-0.421191
0.207729,-0.439184,-0.421642
0.206843,-0.437373,-0.424153
0.204728,-0.437734,-0.424165
0.203230,-0.438061,-0.426915
0.201407,-0.438478,-0.426173
0.197687,-0.437924,-0.428287
0.193749,-0.437867,-0.429157
0.190441,-0.436226,-0.430767
0.188118,-0.436360,-0.430937
0.188158,-0.437356,-0.433866
0.186119,-0.437073,-0.431218
0.184797,-0.436822,-0.434097
0.183643,-0.436000,-0.433700
0.179531,-0.435428,-0.435332
0.177698,-0.433647,-0.435235
0.174949,-0.433849,-0.435502
0.175673,-0.435195,-0.435895
0.170516,-0.432897,-0.438053
0.170681,-0.433482,-0.439159
0.168867,-0.432024,-0.439661
0.165954,-0.434885,-0.441219
0.162393,-0.432913,-0.438974
0.159985,-0.435450,-0.443096
0.157793,-0.436968,-0.444052
0.153323,-0.435287,-0.446300
0.149309,-0.434692,-0.448601
0.145212,-0.434322,-0.449847
0.145200,-0.437268,-0.452758
0.136405,-0.442927,-0.459366
0.387749,-0.603225,-0.416884
0.395692,-0.594945,-0.408137
0.398089,-0.590117,-0.404088
0.397480,-0.582155,-0.399086
0.399283,-0.579275,-0.397665
0.402646,-0.575247,-0.393990
0.404634,-0.570339,-0.391747
0.404885,-0.567529,-0.390404
0.405522,-0.563324,-0.387852
0.406379,-0.558716,-0.386356
0.406120,-0.557113,-0.385638
0.408058,-0.553117,-0.382424
0.409777,-0.551296,-0.380589
0.407635,-0.548080,-0.379182
0.406792,-0.546372,-0.379001
0.410649,-0.542655,-0.375893
0.410048,-0.538968,-0.375200
0.410456,-0.536277,-0.373042
0.410334,-0.534899,-0.371782
0.411041,-0.531807,-0.369782
0.411289,-0.529643,-0.368820
0.409240,-0.526302,-0.367747
0.411432,-0.525729,-0.365422
0.410427,-0.523279,-0.366942
0.408442,-0.521667,-0.365425
0.408274,-0.517915,-0.365018
0.410412,-0.516156,-0.364972
0.409737,-0.513949,-0.362828
0.408293,-0.511706,-0.363589
0.408221,-0.511796,-0.360972
0.408353,-0.509120,-0.360832
0.406280,-0.507264,-0.361918
0.407646,-0.503600,-0.359538
0.406491,-0.504126,-0.359368
0.405806,-0.499328,-0.358994
0.405658,-0.501520,-0.358922
0.405795,-0.497533,-0.357098
0.403788,-0.493651,-0.355753
0.405343,-0.492564,-0.354578
0.404451,-0.492011,-0.354114
0.403549,-0.489558,-0.354296
0.401401,-0.489686,-0.355416
0.401304,-0.486259,-0.356312
0.400098,-0.484908,-0.352965
0.400491,-0.484198,-0.355182
0.397913,-0.484078,-0.352804
0.399611,-0.480415,-0.352003
0.397717,-0.480406,-0.352069
0.394984,-0.479570,-0.351287
0.395700,-0.476429,-0.354816
0.393477,-0.477197,-0.351691
0.394505,-0.474609,-0.353223
0.391794,-0.474584,-0.351769
0.390919,-0.471665,-0.352191
0.391086,-0.471617,-0.353552
0.390115,-0.468952,-0.351781
0.387416,-0.469255,-0.352988
0.387245,-0.468828,-0.353341
0.385327,-0.466691,-0.353041
0.382071,-0.465995,-0.354024
0.381148,-0.463239,-0.355302
0.380492,-0.465490,-0.352938
0.380000,-0.464660,-0.353748
0.376443,-0.462190,-0.352243
0.377291,-0.461124,-0.354254
0.375217,-0.461001,-0.355317
0.374055,-0.460571,-0.354213
0.372624,-0.459906,-0.356745
0.370885,-0.458752,-0.357223
0.369875,-0.460101,-0.357605
0.366131,-0.459612,-0.358283
0.366672,-0.458155,-0.356767
0.365638,-0.458858,-0.358682
0.360657,-0.458587,-0.360137
0.359406,-0.457421,-0.361799
0.357486,-0.455896,-0.360046
0.355923,-0.456564,-0.361824
0.353540,-0.456292,-0.363554
0.349382,-0.456016,-0.361511
0.348909,-0.452973,-0.362630
0.348364,-0.454995,-0.363411
0.346249,-0.454731,-0.364658
0.346888,-0.452137,-0.364861
0.343144,-0.452688,-0.364888
0.340694,-0.450932,-0.365368
0.340903,-0.450032,-0.366515
0.338154,-0.450062,-0.366320
0.336427,-0.449836,-0.366473
0.334722,-0.448238,-0.368961
0.333770,-0.449010,-0.365586
0.334139,-0.446146,-0.366834
0.329945,-0.447309,-0.367426
0.329982,-0.444637,-0.367265
0.328406,-0.444344,-0.367603
0.326615,-0.443864,-0.370118
0.323572,-0.442879,-0.370557
0.323140,-0.441166,-0.369125
0.320623,-0.441381,-0.369001
0.320883,-0.440226,-0.372223
0.317002,-0.441132,-0.372355
0.317022,-0.440554,-0.372960
0.314967,-0.437561,-0.370294
0.312702,-0.437241,-0.371796
0.311192,-0.434965,-0.370984
0.309795,-0.436611,-0.372356
0.308229,-0.436263,-0.373624
0.306711,-0.435539,-0.374079
0.305354,-0.434505,-0.376045
0.303578,-0.433326,-0.375053
0.300616,-0.431826,-0.376234
0.299948,-0.434852,-0.374667
0.299394,-0.430480,-0.377512
0.299354,-0.431480,-0.377110
0.294320,-0.432584,-0.377901
0.292552,-0.431209,-0.378208
0.289970,-0.429137,-0.379513
0.288068,-0.429918,-0.378499
0.287280,-0.430115,-0.380894
0.284916,-0.429901,-0.381473
0.282237,-0.428800,-0.382699
0.279220,-0.429616,-0.385364
0.278662,-0.431192,-0.385790
0.275062,-0.429655,-0.386135
0.273047,-0.429777,-0.388215
0.270011,-0.429673,-0.387541
0.269424,-0.430609,-0.392237
0.265676,-0.429580,-0.391338
0.263010,-0.428961,-0.391966
0.260470,-0.428364,-0.393593
0.258121,-0.430221,-0.396541
0.254724,-0.432917,-0.397734
0.251267,-0.432691,-0.398879
0.249242,-0.435921,-0.400342
0.244593,-0.434422,-0.402573
0.242607,-0.436061,-0.404368
0.238948,-0.436009,-0.407034
0.235467,-0.437850,-0.406724
0.231593,-0.436299,-0.409384
0.229726,-0.436815,-0.410585
0.225827,-0.436464,-0.411959
0.223270,-0.438006,-0.414658
0.220963,-0.438748,-0.415025
0.218518,-0.439015,-0.416995
0.216214,-0.438453,-0.417638
0.212064,-0.440385,-0.418632
0.208950,-0.439554,-0.422989
0.207045,-0.439602,-0.423036
0.205399,-0.439675,-0.423880
0.202475,-0.438316,-0.425159
0.200976,-0.438797,-0.424358
0.199052,-0.438504,-0.425265
0.196603,-0.438537,-0.427722
0.191537,-0.439418,-0.428731
0.190228,-0.440142,-0.428578
0.187467,-0.438204,-0.429157
0.185306,-0.439083,-0.430475
0.184856,-0.438435,-0.430911
0.182304,-0.438441,-0.430195
0.180947,-0.437087,-0.431957
0.179066,-0.437324,-0.432267
0.176988,-0.437532,-0.433662
0.174567,-0.434804,-0.434918
0.172444,-0.437174,-0.436036
0.170611,-0.435071,-0.437701
0.168441,-0.436099,-0.438090
0.165675,-0.435794,-0.437893
0.164459,-0.435599,-0.438883
0.161793,-0.435056,-0.440273
0.156674,-0.434203,-0.442443
0.154976,-0.434305,-0.444138
0.152598,-0.433795,-0.445893
0.148561,-0.436493,-0.448157
0.147624,-0.437175,-0.447675
0.143556,-0.438061,-0.449989
0.136587,-0.442024,-0.455999
0.389309,-0.603139,-0.412047
0.392953,-0.595100,-0.406679
0.397151,-0.588853,-0.399453
0.398445,-0.582473,-0.397817
0.400757,-0.579111,-0.396346
0.403282,-0.575495,-0.392548
0.403876,-0.572139,-0.389418
0.404790,-0.568811,-0.387990
0.404624,-0.563148,-0.387460
0.404229,-0.560400,-0.384051
0.407019,-0.556038,-0.381054
0.408109,-0.557078,-0.379280
0.408184,-0.551881,-0.378688
0.407144,-0.548955,-0.379114
0.407925,-0.546889,-0.378001
0.408419,-0.543820,-0.375295
0.409940,-0.541739,-0.372351
0.410423,-0.537489,-0.373130
0.410923,-0.535452,-0.369735
0.408970,-0.533221,-0.369665
0.408682,-0.532346,-0.369520
0.408825,-0.528731,-0.366644
0.408498,-0.525408,-0.367745
0.406988,-0.523311,-0.366721
0.407883,-0.520738,-0.364566
0.409084,-0.520764,-0.364440
0.409107,-0.516396,-0.364010
0.408520,-0.515197,-0.361646
0.407507,-0.512213,-0.362824
0.407405,-0.511047,-0.359992
0.407286,-0.509277,-0.361130
0.409267,-0.507634,-0.361570
0.407006,-0.505823,-0.357530
0.408059,-0.503170,-0.358388
0.404996,-0.502880,-0.356421
0.404283,-0.500446,-0.357826
0.404057,-0.497339,-0.356762
0.403866,-0.496574,-0.356405
0.403446,-0.494001,-0.355781
0.400555,-0.492548,-0.355161
0.402671,-0.489864,-0.354131
0.399620,-0.489653,-0.353072
0.400167,-0.489836,-0.356180
0.398992,-0.489594,-0.355249
0.398410,-0.484917,-0.352695
0.396725,-0.484476,-0.352631
0.397604,-0.481616,-0.352651
0.397004,-0.479112,-0.351193
0.396737,-0.479132,-0.350923
0.394855,-0.479491,-0.354683
0.393702,-0.477222,-0.350759
0.390700,-0.475273,-0.350895
0.390453,-0.475336,-0.352446
0.389355,-0.473356,-0.350879
0.387094,-0.472520,-0.350831
0.386316,-0.472675,-0.352844
0.383687,-0.470247,-0.352331
0.385316,-0.468853,-0.351883
0.382918,-0.468809,-0.352281
0.383254,-0.467477,-0.353656
0.381846,-0.464549,-0.352056
0.380587,-0.466624,-0.350521
0.378951,-0.465379,-0.351186
0.377327,-0.462478,-0.355617
0.375493,-0.464136,-0.353977
0.373019,-0.463224,-0.353220
0.370929,-0.463770,-0.354983
0.369684,-0.460414,-0.355445
0.368609,-0.462536,-0.355829
0.368501,-0.460850,-0.354036
0.364956,-0.459055,-0.356922
0.362617,-0.458938,-0.358811
0.361683,-0.460794,-0.357633
0.357193,-0.458696,-0.359039
0.357575,-0.457169,-0.359844
0.355977,-0.459149,-0.361504
0.352184,-0.459139,-0.358844
0.350829,-0.458523,-0.361702
0.351479,-0.456561,-0.360820
0.348879,-0.457191,-0.364002
0.346651,-0.455690,-0.364396
0.343321,-0.455532,-0.364033
0.342644,-0.453368,-0.364903
0.341670,-0.454642,-0.363408
0.339085,-0.453181,-0.365630
0.338438,-0.452708,-0.364038
0.335002,-0.451061,-0.366056
0.335574,-0.450016,-0.366751
0.332087,-0.452336,-0.365703
0.331840,-0.450323,-0.367457
0.331568,-0.447725,-0.368549
0.329865,-0.447196,-0.367431
0.326122,-0.447410,-0.368129
0.326202,-0.447264,-0.368378
0.324508,-0.445066,-0.369275
0.324729,-0.443076,-0.369081
0.321802,-0.445797,-0.370379
0.319040,-0.443860,-0.369032
0.317978,-0.443658,-0.371281
0.316233,-0.441639,-0.369717
0.315349,-0.441658,-0.370903
0.313084,-0.439273,-0.370294
0.311583,-0.440496,-0.372434
0.309242,-0.438625,-0.372006
0.307097,-0.439626,-0.373596
0.306440,-0.436927,-0.373847
0.303430,-0.437861,-0.372423
0.304761,-0.436052,-0.374018
0.301423,-0.437470,-0.374973
0.300809,-0.435555,-0.375974
0.295758,-0.434763,-0.376395
0.296510,-0.434775,-0.376015
0.295594,-0.432256,-0.377790
0.292647,-0.433133,-0.378819
0.290274,-0.432187,-0.377574
0.288912,-0.434341,-0.380489
0.287808,-0.432436,-0.378380
0.284838,-0.431390,-0.380834
0.284818,-0.430884,-0.382870
0.281508,-0.432031,-0.382644
0.278373,-0.432279,-0.383182
0.275881,-0.431662,-0.384603
0.273662,-0.431904,-0.386070
0.271023,-0.431605,-0.386714
0.269107,-0.432673,-0.388113
0.264536,-0.432148,-0.388834
0.262410,-0.432431,-0.390512
0.258530,-0.434122,-0.393235
0.256369,-0.433152,-0.394112
0.255293,-0.434280,-0.394748
0.250874,-0.435146,-0.398561
0.247995,-0.436352,-0.398558
0.245412,-0.435891,-0.400969
0.242371,-0.436262,-0.403638
0.239428,-0.437732,-0.405249
0.235875,-0.437108,-0.405375
0.231797,-0.439257,-0.408788
0.228260,-0.440310,-0.407717
0.228364,-0.437940,-0.411552
0.223200,-0.439757,-0.412659
0.220320,-0.439993,-0.413672
0.218842,-0.440778,-0.413812
0.216903,-0.441513,-0.415875
0.214006,-0.441970,-0.417671
0.211481,-0.441960,-0.417677
0.206565,-0.443274,-0.419905
0.204701,-0.441688,-0.422504
0.203548,-0.442591,-0.422179
0.199705,-0.442677,-0.422819
0.201120,-0.439871,-0.423067
0.195984,-0.441056,-0.426405
0.194221,-0.441782,-0.426148
0.191441,-0.440776,-0.427264
0.189179,-0.442042,-0.428985
0.186657,-0.440673,-0.428677
0.185194,-0.439703,-0.430892
0.182808,-0.440540,-0.431121
0.181449,-0.439054,-0.431034
0.179387,-0.439597,-0.430921
0.179366,-0.436930,-0.431254
0.175400,-0.437917,-0.431848
0.174125,-0.437195,-0.434596
0.171698,-0.435932,-0.434954
0.169795,-0.435436,-0.435595
0.166312,-0.435609,-0.435357
0.165757,-0.434637,-0.437353
0.161041,-0.435820,-0.437323
0.161206,-0.433540,-0.439635
0.159284,-0.436469,-0.440425
0.154973,-0.439191,-0.442009
0.149374,-0.435743,-0.442843
0.148575,-0.436270,-0.445411
0.145189,-0.439338,-0.449499
0.142069,-0.439713,-0.448778
0.134198,-0.443686,-0.455280
0.387358,-0.600980,-0.409115
0.393312,-0.594733,-0.401885
0.396340,-0.590469,-0.397966
0.397113,-0.585682,-0.396769
0.399892,-0.582081,-0.392073
0.401499,-0.576524,-0.389458
0.403427,-0.572530,-0.387981
0.404935,-0.568138,-0.387430
0.405851,-0.565525,-0.385361
0.403575,-0.562256,-0.383301
0.405818,-0.560065,-0.379663
0.405812,-0.554956,-0.379586
0.405510,-0.553816,-0.378217
0.406337,-0.550939,-0.376686
0.407731,-0.547214,-0.376779
0.405077,-0.543853,-0.375213
0.409104,-0.540825,-0.371184
0.409951,-0.537370,-0.370257
0.409418,-0.536564,-0.369085
0.408154,-0.534837,-0.368484
0.408308,-0.531808,-0.366075
0.408180,-0.529975,-0.366020
0.407614,-0.525169,-0.367670
0.407671,-0.526479,-0.365333
0.408888,-0.522963,-0.361594
0.407326,-0.520776,-0.363423
0.406783,-0.518223,-0.361582
0.407763,-0.515561,-0.361059
0.407010,-0.513911,-0.359402
0.408536,-0.512863,-0.360008
0.405463,-0.510498,-0.360525
0.406703,-0.508818,-0.357152
0.404927,-0.507166,-0.357249
0.403581,-0.505647,-0.355544
0.404221,-0.502996,-0.356744
0.403974,-0.500854,-0.357476
0.403495,-0.499048,-0.353027
0.403591,-0.497492,-0.355269
0.400931,-0.496655,-0.354536
0.400822,-0.494121,-0.353718
0.400751,-0.492260,-0.352525
0.400703,-0.490527,-0.353109
0.398527,-0.489105,-0.353032
0.398981,-0.487453,-0.351002
0.397941,-0.485287,-0.350870
0.397079,-0.486358,-0.351126
0.395230,-0.482999,-0.350648
0.393836,-0.481695,-0.349979
0.393269,-0.480633,-0.351371
0.394013,-0.480529,-0.350470
0.390975,-0.477464,-0.352369
0.390766,-0.478108,-0.350880
0.388745,-0.476367,-0.351616
0.387221,-0.476305,-0.350984
0.389427,-0.474554,-0.350928
0.386232,-0.472667,-0.350322
0.385368,-0.471845,-0.349592
0.383163,-0.471248,-0.351092
0.384383,-0.469437,-0.351244
0.381286,-0.467960,-0.350379
0.381168,-0.469892,-0.352832
0.378151,-0.464941,-0.350867
0.379162,-0.465890,-0.353510
0.376432,-0.463502,-0.351091
0.372296,-0.464258,-0.354180
0.371827,-0.465806,-0.353090
0.369664,-0.463872,-0.353966
0.368022,-0.462494,-0.354293
0.367692,-0.463036,-0.355067
0.365081,-0.463375,-0.353657
0.362890,-0.462840,-0.357756
0.362463,-0.460572,-0.355547
0.358316,-0.462055,-0.357024
0.357679,-0.460920,-0.360656
0.356122,-0.459754,-0.358990
0.356715,-0.460944,-0.360602
0.352211,-0.458470,-0.359860
0.350080,-0.460215,-0.361551
0.348381,-0.458901,-0.360198
0.345099,-0.458866,-0.360502
0.344932,-0.456135,-0.361665
0.343301,-0.455966,-0.362119
0.340228,-0.456117,-0.361898
0.339589,-0.455326,-0.364565
0.337123,-0.456020,-0.365495
0.335974,-0.454695,-0.365373
0.335916,-0.452500,-0.366985
0.332767,-0.452232,-0.367570
0.330319,-0.453064,-0.367709
0.330144,-0.453268,-0.367797
0.329267,-0.450963,-0.367099
0.327686,-0.450036,-0.367050
0.324918,-0.449494,-0.366560
0.324913,-0.449466,-0.368106
0.322225,-0.449229,-0.368275
0.321483,-0.447888,-0.367972
0.318955,-0.447075,-0.368404
0.318971,-0.445204,-0.368888
0.315412,-0.444600,-0.370463
0.315135,-0.443505,-0.368966
0.312681,-0.445230,-0.370611
0.313463,-0.442846,-0.371583
0.311545,-0.442704,-0.371446
0.307494,-0.442119,-0.370891
0.307140,-0.439914,-0.371741
0.304409,-0.440665,-0.373302
0.303907,-0.439305,-0.373486
0.301495,-0.439125,-0.373008
0.299697,-0.438128,-0.374347
0.298980,-0.437729,-0.374417
0.296248,-0.437967,-0.378244
0.293683,-0.437699,-0.376064
0.289743,-0.438187,-0.376911
0.289965,-0.436897,-0.377723
0.288240,-0.435269,-0.378323
0.285372,-0.435118,-0.378532
0.284225,-0.434929,-0.379201
0.281005,-0.435185,-0.380419
0.280024,-0.435147,-0.380298
0.277750,-0.433764,-0.381569
0.274859,-0.434703,-0.383852
0.273228,-0.433272,-0.385835
0.270084,-0.432487,-0.386710
0.266972,-0.433741,-0.387229
0.267528,-0.432612,-0.387784
0.263291,-0.433170,-0.388783
0.262108,-0.433333,-0.389513
0.256964,-0.436227,-0.392230
0.254631,-0.437169,-0.394585
0.250523,-0.438149,-0.395335
0.248261,-0.437553,-0.398642
0.242658,-0.438954,-0.400371
0.243505,-0.438754,-0.402514
0.240477,-0.438618,-0.403245
0.235470,-0.441028,-0.402032
0.233512,-0.440319,-0.405970
0.230187,-0.440718,-0.406344
0.227758,-0.441597,-0.408029
0.224920,-0.440659,-0.410221
0.224031,-0.441446,-0.412204
0.221500,-0.442346,-0.414421
0.216561,-0.444097,-0.416141
0.212442,-0.441834,-0.416019
0.209496,-0.443480,-0.416546
0.207299,-0.444232,-0.416894
0.203414,-0.445313,-0.420666
0.203406,-0.445087,-0.419239
0.203130,-0.445006,-0.420368
0.199283,-0.442993,-0.423264
0.196388,-0.442454,-0.422994
0.193989,-0.443129,-0.424142
0.191109,-0.441711,-0.423972
0.189607,-0.443915,-0.426112
0.188150,-0.442985,-0.427147
0.185818,-0.443354,-0.426724
0.184392,-0.441802,-0.429073
0.180356,-0.442091,-0.428883
0.180278,-0.441274,-0.429544
0.178761,-0.440185,-0.429797
0.178741,-0.440473,-0.431684
0.174220,-0.438693,-0.431681
0.172028,-0.437985,-0.434406
0.171011,-0.438027,-0.433986
0.167463,-0.437360,-0.433490
0.164267,-0.438583,-0.437421
0.163806,-0.436927,-0.436618
0.163312,-0.436221,-0.436860
0.158462,-0.436537,-0.435220
0.157866,-0.435341,-0.438267
0.151288,-0.438495,-0.441944
0.149907,-0.438852,-0.441220
0.148445,-0.439952,-0.444911
0.142988,-0.440047,-0.448202
0.140192,-0.441690,-0.448881
0.131176,-0.444426,-0.454051
0.388450,-0.601292,-0.407472
0.391327,-0.597169,-0.403141
0.395171,-0.590574,-0.397662
0.397679,-0.583889,-0.394497
0.397091,-0.580917,-0.391928
0.401507,-0.578664,-0.388984
0.401170,-0.573660,-0.386127
0.402162,-0.568092,-0.386520
0.404799,-0.566281,-0.385157
0.401906,-0.560865,-0.382234
0.404044,-0.559675,-0.381170
0.406660,-0.558910,-0.378112
0.407130,-0.553178,-0.377520
0.405604,-0.552664,-0.375937
0.407955,-0.548310,-0.373765
0.405429,-0.546052,-0.373780
0.407484,-0.543730,-0.371820
0.408114,-0.540624,-0.368018
0.406891,-0.537173,-0.366778
0.407847,-0.534831,-0.367574
0.408309,-0.531819,-0.366794
0.406757,-0.530168,-0.364618
0.408113,-0.527722,-0.364781
0.405992,-0.524690,-0.362738
0.405586,-0.524137,-0.362612
0.406086,-0.520716,-0.360972
0.407656,-0.519889,-0.359728
0.407310,-0.517677,-0.357710
0.404746,-0.516424,-0.358644
0.405660,-0.513535,-0.358855
0.406480,-0.509951,-0.359236
0.402674,-0.511446,-0.357465
0.403558,-0.508432,-0.357951
0.404433,-0.506926,-0.354841
0.402655,-0.504332,-0.355227
0.402605,-0.502941,-0.353757
0.401730,-0.500888,-0.353346
0.401029,-0.498426,-0.354302
0.399951,-0.495402,-0.352571
0.400416,-0.496262,-0.352767
0.399054,-0.495325,-0.353432
0.396721,-0.492982,-0.351696
0.398878,-0.491554,-0.353319
0.395928,-0.488198,-0.349678
0.394370,-0.487398,-0.350518
0.394109,-0.485791,-0.351202
0.394024,-0.485514,-0.350501
0.393731,-0.483952,-0.350161
0.390962,-0.482343,-0.348923
0.391995,-0.482316,-0.351327
0.389621,-0.479532,-0.352591
0.388120,-0.479665,-0.348848
0.387926,-0.477491,-0.349910
0.386723,-0.476870,-0.349007
0.386868,-0.476938,-0.350499
0.383160,-0.475083,-0.350926
0.382187,-0.472712,-0.349771
0.382615,-0.472577,-0.349183
0.380925,-0.471757,-0.350809
0.380267,-0.470083,-0.347547
0.379955,-0.470440,-0.348984
0.376620,-0.467903,-0.351168
0.373835,-0.466767,-0.351012
0.373695,-0.467084,-0.351943
0.372402,-0.469037,-0.352726
0.369903,-0.467245,-0.354502
0.368331,-0.466056,-0.354744
0.367163,-0.465889,-0.353846
0.364051,-0.462642,-0.353768
0.363616,-0.462672,-0.354842
0.361076,-0.465448,-0.354412
0.359040,-0.464213,-0.355574
0.357526,-0.462384,-0.356824
0.355027,-0.460648,-0.359671
0.352894,-0.461227,-0.358892
0.350709,-0.459481,-0.358929
0.350631,-0.461417,-0.362352
0.347988,-0.460441,-0.359282
0.345999,-0.461452,-0.360133
0.343538,-0.458250,-0.363803
0.343383,-0.458017,-0.359635
0.342569,-0.457663,-0.361705
0.338989,-0.458114,-0.363316
0.340346,-0.456420,-0.362434
0.337648,-0.456982,-0.363696
0.333391,-0.454428,-0.366572
0.332787,-0.454982,-0.363974
0.332024,-0.453406,-0.366236
0.330079,-0.455144,-0.366251
0.327562,-0.453842,-0.364774
0.326299,-0.451467,-0.365931
0.324764,-0.450369,-0.367108
0.321593,-0.451437,-0.367355
0.320698,-0.450807,-0.367537
0.320396,-0.449990,-0.367527
0.318924,-0.449365,-0.365140
0.318858,-0.448875,-0.368453
0.313576,-0.448279,-0.368810
0.313194,-0.446785,-0.370597
0.311699,-0.445215,-0.371194
0.311447,-0.447099,-0.371411
0.308416,-0.445031,-0.371190
0.305886,-0.443678,-0.371547
0.304248,-0.443191,-0.372955
0.304206,-0.443001,-0.370710
0.299802,-0.441882,-0.371889
0.301143,-0.442781,-0.373673
0.299204,-0.440822,-0.374786
0.297313,-0.439654,-0.374442
0.294660,-0.439131,-0.376036
0.293144,-0.440442,-0.373820
0.291779,-0.439349,-0.375152
0.290343,-0.437283,-0.375138
0.286527,-0.438433,-0.378592
0.283015,-0.439179,-0.378681
0.284412,-0.437765,-0.378371
0.281174,-0.437944,-0.379016
0.281078,-0.437480,-0.381552
0.277148,-0.436396,-0.382398
0.275806,-0.438348,-0.381892
0.271769,-0.437829,-0.384839
0.272084,-0.435505,-0.385067
0.270190,-0.437878,-0.385721
0.266922,-0.436357,-0.386110
0.263355,-0.435071,-0.387641
0.262197,-0.436329,-0.388076
0.257741,-0.438854,-0.390227
0.255794,-0.437429,-0.391742
0.253720,-0.438114,-0.394182
0.249908,-0.438266,-0.395804
0.246481,-0.439372,-0.396487
0.242604,-0.441872,-0.397906
0.239010,-0.441995,-0.402294
0.235911,-0.442839,-0.402075
0.234800,-0.442381,-0.402800
0.230666,-0.443698,-0.407206
0.226531,-0.442361,-0.407216
0.225721,-0.442304,-0.409035
0.222648,-0.444613,-0.409847
0.219631,-0.444714,-0.410943
0.215745,-0.446317,-0.412104
0.213523,-0.445111,-0.415346
0.210922,-0.445485,-0.415501
0.207941,-0.447370,-0.416032
0.206686,-0.445090,-0.419341
0.205045,-0.446306,-0.420119
0.202548,-0.444022,-0.417896
0.200506,-0.444100,-0.419084
0.195826,-0.444863,-0.422386
0.195730,-0.446391,-0.423780
0.194649,-0.443550,-0.421750
0.190291,-0.444635,-0.425921
0.186928,-0.446962,-0.427442
0.186637,-0.445613,-0.427391
0.182390,-0.444764,-0.429056
0.182021,-0.443004,-0.428301
0.178841,-0.441526,-0.429138
0.178684,-0.440835,-0.429738
0.176800,-0.442297,-0.430164
0.177097,-0.441950,-0.430313
0.173251,-0.440690,-0.430700
0.171757,-0.440069,-0.431914
0.168744,-0.438843,-0.433033
0.166962,-0.437659,-0.432538
0.164470,-0.439865,-0.433573
0.164496,-0.439714,-0.435669
0.160713,-0.436622,-0.433966
0.158218,-0.437538,-0.435436
0.154298,-0.438650,-0.437902
0.150766,-0.439366,-0.438904
0.148647,-0.439891,-0.440389
0.146279,-0.440626,-0.442146
0.144288,-0.440449,-0.447688
0.138566,-0.439730,-0.446059
0.132423,-0.445610,-0.453675
0.118813,-0.455623,-0.463116
0.387700,-0.602137,-0.404911
0.392409,-0.596494,-0.398177
0.394368,-0.589485,-0.394554
0.397416,-0.585219,-0.392656
0.397132,-0.580811,-0.388854
0.399348,-0.577242,-0.387956
0.400452,-0.573433,-0.385347
0.401432,-0.571153,-0.382182
0.403888,-0.565387,-0.382668
0.402012,-0.564850,-0.379252
0.402698,-0.559585,-0.378403
0.403528,-0.557980,-0.376780
0.405120,-0.555419,-0.374737
0.404451,-0.553532,-0.372802
0.403512,-0.550089,-0.372650
0.406375,-0.547628,-0.370981
0.406607,-0.545289,-0.371734
0.408835,-0.541780,-0.368091
0.405637,-0.539906,-0.366284
0.406462,-0.535971,-0.365933
0.405957,-0.535531,-0.364319
0.404550,-0.532051,-0.364602
0.404895,-0.530609,-0.363783
0.406156,-0.528601,-0.362088
0.404979,-0.524509,-0.360715
0.405451,-0.522847,-0.361368
0.405409,-0.520314,-0.359811
0.404373,-0.517110,-0.360147
0.405126,-0.515584,-0.358920
0.403208,-0.515287,-0.356287
0.402531,-0.513847,-0.357064
0.402642,-0.511225,-0.355169
0.402028,-0.508970,-0.353580
0.402239,-0.507785,-0.353517
0.402861,-0.505923,-0.354251
0.400558,-0.504673,-0.353069
0.402255,-0.501277,-0.352326
0.401358,-0.500944,-0.354268
0.399530,-0.498281,-0.352843
0.397790,-0.497583,-0.351847
0.396828,-0.496264,-0.351504
0.397526,-0.493890,-0.350668
0.396512,-0.492556,-0.351709
0.395679,-0.490821,-0.349916
0.395303,-0.489803,-0.350075
0.393955,-0.485848,-0.350834
0.392632,-0.487718,-0.347268
0.392114,-0.484957,-0.349602
0.390122,-0.484138,-0.349907
0.390082,-0.482536,-0.348820
0.387868,-0.481212,-0.347070
0.388327,-0.479245,-0.347891
0.387399,-0.478850,-0.351068
0.386111,-0.476616,-0.352060
0.386347,-0.476289,-0.349472
0.382532,-0.477261,-0.348059
0.381276,-0.474856,-0.348599
0.380747,-0.472797,-0.350000
0.379755,-0.470926,-0.347870
0.380028,-0.470688,-0.349102
0.378034,-0.470095,-0.350881
0.373358,-0.470417,-0.351385
0.373311,-0.468699,-0.350442
0.371749,-0.469213,-0.349752
0.370791,-0.468705,-0.351981
0.367750,-0.468806,-0.352450
0.364485,-0.467338,-0.351522
0.367072,-0.466510,-0.353079
0.362151,-0.465898,-0.353851
0.362995,-0.465539,-0.354230
0.360132,-0.465192,-0.354938
0.358747,-0.463894,-0.353505
0.357763,-0.464563,-0.355504
0.354281,-0.462131,-0.355146
0.353065,-0.462734,-0.358415
0.350181,-0.462877,-0.360095
0.349407,-0.462157,-0.358887
0.345974,-0.461783,-0.359893
0.346104,-0.461845,-0.361034
0.342738,-0.462654,-0.360195
0.341421,-0.460029,-0.363329
0.339018,-0.459684,-0.361159
0.337792,-0.458916,-0.362626
0.338839,-0.457820,-0.362872
0.333171,-0.457398,-0.362313
0.332723,-0.458301,-0.362522
0.332202,-0.456844,-0.362640
0.329263,-0.457217,-0.364799
0.329062,-0.456838,-0.364353
0.327098,-0.454861,-0.365653
0.324683,-0.454931,-0.365653
0.322407,-0.452391,-0.364365
0.322096,-0.453038,-0.366045
0.319203,-0.451178,-0.365457
0.319743,-0.450313,-0.367760
0.317868,-0.452349,-0.368133
0.315570,-0.449994,-0.367577
0.313243,-0.447335,-0.367775
0.311274,-0.450666,-0.368888
0.310831,-0.447539,-0.369741
0.309703,-0.447236,-0.368331
0.307561,-0.446067,-0.370912
0.306123,-0.445597,-0.372737
0.302513,-0.446791,-0.371866
0.301944,-0.445926,-0.372021
0.300740,-0.447225,-0.371891
0.298985,-0.443861,-0.372564
0.296521,-0.442643,-0.375133
0.294464,-0.442311,-0.373052
0.295113,-0.441078,-0.373874
0.290719,-0.440942,-0.374903
0.290219,-0.442550,-0.377660
0.288098,-0.442736,-0.377051
0.286148,-0.440298,-0.376844
0.283801,-0.439077,-0.375850
0.281407,-0.439668,-0.378177
0.281301,-0.438732,-0.381145
0.277784,-0.440235,-0.380028
0.276794,-0.438580,-0.379638
0.273162,-0.439616,-0.380998
0.271257,-0.438312,-0.382013
0.271136,-0.438213,-0.382416
0.265490,-0.439018,-0.386092
0.263539,-0.438433,-0.385991
0.259836,-0.437437,-0.387619
0.258602,-0.439730,-0.388558
0.254218,-0.440973,-0.391444
0.252914,-0.439948,-0.392386
0.250893,-0.440482,-0.393381
0.245337,-0.441596,-0.394317
0.242718,-0.441756,-0.398563
0.241238,-0.443509,-0.400214
0.238265,-0.445080,-0.401935
0.233481,-0.444710,-0.401248
0.230324,-0.443932,-0.405082
0.227158,-0.444370,-0.405410
0.227551,-0.445656,-0.405687
0.223459,-0.446620,-0.407037
0.219906,-0.447278,-0.409433
0.217465,-0.448031,-0.410718
0.213627,-0.448963,-0.413815
0.212217,-0.448249,-0.416936
0.208595,-0.447262,-0.415275
0.205606,-0.448650,-0.418439
0.204922,-0.448241,-0.417463
0.202619,-0.447325,-0.419914
0.201413,-0.449287,-0.418689
0.199385,-0.446831,-0.419360
0.196506,-0.447623,-0.420401
0.192446,-0.446034,-0.422692
0.191001,-0.448424,-0.424202
0.187823,-0.445852,-0.423925
0.186934,-0.446450,-0.424675
0.185011,-0.445452,-0.424198
0.183986,-0.447326,-0.426840
0.178597,-0.444447,-0.426075
0.178616,-0.444427,-0.428632
0.177647,-0.443206,-0.427079
0.175733,-0.443448,-0.429399
0.174260,-0.440107,-0.428319
0.172595,-0.439606,-0.430153
0.170077,-0.440702,-0.430921
0.167476,-0.439842,-0.431340
0.165181,-0.441361,-0.433373
0.163174,-0.441141,-0.432209
0.161240,-0.441694,-0.434321
0.158591,-0.439067,-0.435580
0.156757,-0.437416,-0.435947
0.152723,-0.441667,-0.436455
0.151820,-0.441159,-0.438833
0.146863,-0.441384,-0.440362
0.145329,-0.442509,-0.443121
0.142004,-0.444021,-0.444989
0.137590,-0.442713,-0.446669
0.130333,-0.445963,-0.449301
0.119510,-0.455698,-0.460090
0.386920,-0.602934,-0.402232
0.392411,-0.593538,-0.398032
0.394240,-0.590637,-0.393407
0.395789,-0.585759,-0.390868
0.399693,-0.583051,-0.388807
0.398791,-0.577892,-0.384738
0.400163,-0.573831,-0.383838
0.402422,-0.571165,-0.382885
0.401563,-0.568696,-0.381380
0.401412,-0.565551,-0.378260
0.402419,-0.561397,-0.375509
0.402452,-0.559909,-0.374031
0.403925,-0.557522,-0.374508
0.403905,-0.553124,-0.373741
0.403782,-0.549642,-0.372693
0.404624,-0.545991,-0.371561
0.405006,-0.546101,-0.367383
0.405964,-0.542573,-0.365951
0.404131,-0.541681,-0.368174
0.406512,-0.538485,-0.364748
0.404036,-0.536560,-0.364095
0.403983,-0.533135,-0.363958
0.402946,-0.530973,-0.361234
0.404224,-0.528566,-0.362991
0.402806,-0.525762,-0.360004
0.405073,-0.523319,-0.359735
0.404117,-0.521740,-0.359547
0.403618,-0.518661,-0.357563
0.402234,-0.519228,-0.356316
0.403453,-0.517741,-0.356579
0.400895,-0.515459,-0.355855
0.402277,-0.511097,-0.353904
0.402180,-0.511142,-0.354228
0.400901,-0.510784,-0.353961
0.401137,-0.506738,-0.353031
0.401937,-0.505197,-0.351784
0.398443,-0.502241,-0.352690
0.397287,-0.503499,-0.351388
0.397228,-0.499971,-0.351799
0.396744,-0.498176,-0.353650
0.395503,-0.497562,-0.350292
0.397300,-0.495533,-0.348740
0.394473,-0.493891,-0.350033
0.393368,-0.494374,-0.350185
0.392693,-0.492334,-0.350972
0.392661,-0.488746,-0.349692
0.392288,-0.487529,-0.349044
0.392763,-0.488014,-0.348358
0.389653,-0.485563,-0.349135
0.388639,-0.484401,-0.346744
0.387375,-0.484719,-0.348181
0.385332,-0.483628,-0.346527
0.384264,-0.480082,-0.347524
0.383850,-0.478314,-0.347783
0.382177,-0.478766,-0.347312
0.381961,-0.478318,-0.347972
0.380492,-0.475488,-0.348415
0.380942,-0.475805,-0.350329
0.378036,-0.473003,-0.348654
0.375979,-0.473738,-0.349442
0.373550,-0.472267,-0.348760
0.373004,-0.472144,-0.351039
0.371770,-0.471423,-0.349326
0.370091,-0.470019,-0.350999
0.369427,-0.470847,-0.350935
0.366554,-0.470221,-0.352093
0.366284,-0.470058,-0.351683
0.364056,-0.469712,-0.351969
0.362496,-0.468083,-0.351962
0.360685,-0.468630,-0.354188
0.357933,-0.466192,-0.355036
0.357476,-0.468526,-0.354064
0.353919,-0.465665,-0.357285
0.354568,-0.465151,-0.354458
0.350917,-0.464281,-0.357154
0.347977,-0.464277,-0.356551
0.348841,-0.464804,-0.355857
0.345072,-0.464762,-0.358512
0.344128,-0.463524,-0.358540
0.343298,-0.461373,-0.358972
0.339877,-0.461075,-0.360421
0.338755,-0.460330,-0.362046
0.338086,-0.461348,-0.362689
0.334163,-0.460752,-0.362302
0.334314,-0.459619,-0.360900
0.332444,-0.458285,-0.361978
0.331114,-0.458228,-0.363055
0.329648,-0.458404,-0.364556
0.326697,-0.456951,-0.362947
0.324807,-0.457357,-0.363710
0.323906,-0.455513,-0.365778
0.321834,-0.454804,-0.364893
0.319252,-0.455419,-0.367717
0.318693,-0.454605,-0.367460
0.316394,-0.452020,-0.367444
0.315113,-0.452126,-0.368274
0.314843,-0.450383,-0.368285
0.312534,-0.452478,-0.369325
0.310539,-0.450312,-0.367971
0.309784,-0.449230,-0.371123
0.307361,-0.449327,-0.369308
0.306001,-0.450114,-0.371603
0.303961,-0.448016,-0.370183
0.303157,-0.447466,-0.371283
0.299860,-0.445910,-0.371017
0.297305,-0.446351,-0.373705
0.297995,-0.445436,-0.372052
0.294810,-0.444373,-0.373066
0.293236,-0.446188,-0.371948
0.293173,-0.442285,-0.374440
0.289813,-0.443605,-0.374808
0.287672,-0.441761,-0.377006
0.286051,-0.444704,-0.377904
0.282451,-0.442864,-0.376137
0.279762,-0.440580,-0.376396
0.279349,-0.440715,-0.376861
0.279071,-0.441676,-0.379923
0.275536,-0.441324,-0.380594
0.272728,-0.441068,-0.383326
0.271484,-0.440653,-0.381292
0.267411,-0.440162,-0.382918
0.266576,-0.440890,-0.384158
0.265021,-0.440514,-0.385605
0.260814,-0.441170,-0.385907
0.257706,-0.440309,-0.388140
0.256586,-0.442959,-0.388693
0.253050,-0.442392,-0.389407
0.249610,-0.442114,-0.391003
0.249820,-0.440813,-0.394455
0.243057,-0.442743,-0.394186
0.240812,-0.443964,-0.397690
0.237270,-0.445064,-0.398984
0.235350,-0.444057,-0.401936
0.229564,-0.447023,-0.403809
0.227836,-0.446623,-0.401981
0.227126,-0.447401,-0.405477
0.223070,-0.446177,-0.406807
0.221830,-0.446958,-0.405486
0.217682,-0.448133,-0.411172
0.212875,-0.450039,-0.411970
0.212762,-0.450112,-0.413185
0.210395,-0.450889,-0.415732
0.207220,-0.450904,-0.415275
0.204316,-0.451833,-0.414496
0.202766,-0.448477,-0.415512
0.199463,-0.448105,-0.418721
0.198832,-0.450213,-0.417036
0.195138,-0.449275,-0.420249
0.194759,-0.447997,-0.419421
0.190067,-0.448570,-0.420538
0.187004,-0.448461,-0.425681
0.184533,-0.448868,-0.425244
0.184543,-0.448684,-0.423902
0.184230,-0.446621,-0.424723
0.179114,-0.445042,-0.426379
0.178521,-0.445998,-0.425622
0.177475,-0.445681,-0.425198
0.176349,-0.443614,-0.427580
0.172557,-0.441888,-0.425832
0.173110,-0.440521,-0.427849
0.171195,-0.441699,-0.428462
0.168411,-0.441501,-0.429678
0.166688,-0.441950,-0.430282
0.165445,-0.442037,-0.429435
0.160829,-0.442541,-0.431379
0.160155,-0.441134,-0.433719
0.158200,-0.438630,-0.433502
0.156438,-0.440691,-0.433977
0.152984,-0.436856,-0.435928
0.150740,-0.441627,-0.439195
0.146798,-0.443041,-0.439819
0.141025,-0.441332,-0.442721
0.141161,-0.442445,-0.444263
0.134257,-0.444441,-0.446291
0.129546,-0.446317,-0.449488
0.117946,-0.457599,-0.457794
0.382411,-0.611486,-0.406790
0.387641,-0.602599,-0.400305
0.391223,-0.596277,-0.394597
0.392927,-0.589832,-0.392294
0.394795,-0.588053,-0.389225
0.396398,-0.582091,-0.387321
0.397046,-0.579657,-0.384666
0.397223,-0.573258,-0.382107
0.399816,-0.571102,-0.381283
0.399975,-0.570415,-0.379591
0.400554,-0.565297,-0.376872
0.400135,-0.562321,-0.376598
0.402516,-0.560816,-0.373768
0.404380,-0.556834,-0.373548
0.404285,-0.554533,-0.371785
0.401877,-0.550446,-0.370045
0.403535,-0.548531,-0.369172
0.403097,-0.545576,-0.368938
0.404245,-0.544915,-0.366642
0.402380,-0.542324,-0.363758
0.404327,-0.539497,-0.364247
0.403566,-0.537334,-0.363461
0.401802,-0.535379,-0.363694
0.405385,-0.531136,-0.361034
0.403706,-0.528361,-0.358747
0.402258,-0.526163,-0.361430
0.403085,-0.525249,-0.358577
0.403559,-0.523247,-0.358173
0.403388,-0.522057,-0.355771
0.403550,-0.519829,-0.356488
0.401383,-0.517798,-0.353781
0.400442,-0.516939,-0.356095
0.400955,-0.513284,-0.353693
0.399842,-0.511863,-0.354725
0.400366,-0.510461,-0.353109
0.400679,-0.508508,-0.354193
0.398014,-0.506844,-0.350952
0.398367,-0.502826,-0.348959
0.396470,-0.502687,-0.349883
0.395890,-0.501926,-0.348530
0.394590,-0.501522,-0.350632
0.395045,-0.498054,-0.350078
0.393915,-0.497127,-0.348234
0.394725,-0.496293,-0.348765
0.392364,-0.493795,-0.350230
0.392819,-0.492261,-0.346579
0.391225,-0.491304,-0.348091
0.389848,-0.489219,-0.347735
0.388084,-0.487118,-0.347568
0.385316,-0.486819,-0.345932
0.387667,-0.485654,-0.346673
0.385105,-0.484047,-0.347174
0.385387,-0.483084,-0.347950
0.383895,-0.481162,-0.347925
0.383540,-0.480720,-0.347654
0.380338,-0.479670,-0.346945
0.380064,-0.478690,-0.347783
0.380439,-0.476028,-0.347725
0.377381,-0.478434,-0.347877
0.375991,-0.475185,-0.348644
0.375976,-0.474306,-0.347891
0.373620,-0.474212,-0.348838
0.371900,-0.473725,-0.349492
0.370385,-0.472165,-0.347107
0.368540,-0.472854,-0.351575
0.365047,-0.474874,-0.349371
0.364634,-0.470933,-0.351510
0.361179,-0.471741,-0.351510
0.360828,-0.470405,-0.351799
0.361091,-0.469051,-0.352196
0.359730,-0.469607,-0.353727
0.356788,-0.469056,-0.353517
0.355097,-0.468697,-0.353104
0.353611,-0.468189,-0.355494
0.350368,-0.469074,-0.355722
0.347970,-0.465364,-0.357028
0.345647,-0.466062,-0.357306
0.346828,-0.465374,-0.357112
0.342909,-0.465263,-0.355830
0.340707,-0.463891,-0.358195
0.340232,-0.465750,-0.358737
0.337950,-0.467145,-0.359233
0.336514,-0.462088,-0.359420
0.336044,-0.462652,-0.361686
0.333025,-0.463025,-0.362856
0.330759,-0.461204,-0.361498
0.330483,-0.460373,-0.359972
0.327569,-0.461106,-0.363813
0.326959,-0.459451,-0.361605
0.324522,-0.460497,-0.364724
0.323903,-0.458036,-0.363600
0.321478,-0.458999,-0.364832
0.320657,-0.456628,-0.363923
0.317274,-0.455373,-0.364168
0.320405,-0.454445,-0.363498
0.316920,-0.454491,-0.367664
0.312908,-0.453060,-0.366521
0.312356,-0.453571,-0.367997
0.310624,-0.453651,-0.368543
0.309918,-0.454470,-0.368822
0.307417,-0.452106,-0.368317
0.304188,-0.451581,-0.368312
0.302924,-0.451523,-0.368992
0.301335,-0.450418,-0.369041
0.298103,-0.451370,-0.371266
0.297256,-0.448779,-0.371171
0.297221,-0.447964,-0.370904
0.295382,-0.448759,-0.374462
0.293666,-0.448709,-0.372715
0.290884,-0.446986,-0.372160
0.288083,-0.444577,-0.373964
0.287907,-0.446535,-0.373102
0.284103,-0.446485,-0.375598
0.283637,-0.445258,-0.376550
0.281337,-0.445591,-0.377927
0.278752,-0.444635,-0.377191
0.277849,-0.444829,-0.378852
0.273986,-0.443238,-0.380352
0.274333,-0.442503,-0.378881
0.270167,-0.443646,-0.380341
0.269999,-0.443425,-0.383762
0.267243,-0.443475,-0.382174
0.266098,-0.440643,-0.382964
0.260416,-0.443157,-0.386526
0.259320,-0.443740,-0.386448
0.257391,-0.442764,-0.387144
0.254128,-0.445350,-0.389381
0.250848,-0.444793,-0.391617
0.247983,-0.443773,-0.391494
0.244357,-0.446837,-0.393216
0.241448,-0.445195,-0.395948
0.239171,-0.447279,-0.398207
0.234197,-0.449140,-0.400564
0.233445,-0.448587,-0.401200
0.228986,-0.448529,-0.404905
0.226327,-0.449284,-0.404956
0.226362,-0.448739,-0.404626
0.221008,-0.449620,-0.405885
0.217626,-0.449247,-0.407928
0.213454,-0.451860,-0.410172
0.211328,-0.451443,-0.411099
0.209869,-0.452298,-0.412219
0.208684,-0.450410,-0.413927
0.202489,-0.450965,-0.415603
0.203002,-0.451366,-0.416462
0.201314,-0.450869,-0.416112
0.197283,-0.451618,-0.417694
0.196512,-0.449704,-0.417643
0.193943,-0.449783,-0.418360
0.190789,-0.450117,-0.420226
0.189499,-0.447496,-0.419253
0.185847,-0.450897,-0.423157
0.183711,-0.448678,-0.424532
0.183984,-0.447348,-0.423788
0.181997,-0.449223,-0.422941
0.180302,-0.447435,-0.425327
0.177522,-0.446316,-0.424238
0.175556,-0.444456,-0.426235
0.173451,-0.445293,-0.424827
0.171489,-0.443363,-0.426664
0.169762,-0.442802,-0.425448
0.168072,-0.444311,-0.427943
0.165010,-0.443382,-0.427793
0.164676,-0.443102,-0.428587
0.163633,-0.441430,-0.430940
0.160992,-0.442423,-0.432256
0.158131,-0.443942,-0.433861
0.155864,-0.442445,-0.433195
0.153764,-0.442374,-0.431815
0.152107,-0.441578,-0.435526
0.148782,-0.444428,-0.436810
0.144912,-0.443467,-0.438094
0.141263,-0.443536,-0.440765
0.140842,-0.446138,-0.442690
0.136245,-0.445458,-0.444355
0.128251,-0.447617,-0.448798
0.116617,-0.456363,-0.458505
0.382288,-0.612278,-0.405034
0.386104,-0.603929,-0.397558
0.391256,-0.595231,-0.391072
0.395017,-0.590137,-0.388885
0.395561,-0.587814,-0.387760
0.397229,-0.581434,-0.386024
0.396247,-0.578801,-0.383705
0.398027,-0.576469,-0.381071
0.399061,-0.571405,-0.381125
0.400624,-0.568835,-0.378150
0.399891,-0.566107,-0.375352
0.400564,-0.563884,-0.373301
0.399921,-0.561862,-0.372106
0.401601,-0.557996,-0.371555
0.401326,-0.556495,-0.369297
0.401292,-0.554423,-0.369604
0.402308,-0.549536,-0.367607
0.403763,-0.546155,-0.364996
0.403261,-0.545910,-0.365542
0.403986,-0.541702,-0.363881
0.402241,-0.541132,-0.364699
0.399749,-0.537893,-0.361223
0.404145,-0.535291,-0.359607
0.402909,-0.532113,-0.359446
0.401465,-0.530774,-0.358905
0.402356,-0.528500,-0.356757
0.401301,-0.525813,-0.356078
0.402235,-0.524070,-0.356237
0.400462,-0.522253,-0.355664
0.400334,-0.522611,-0.352158
0.401150,-0.517851,-0.353520
0.399822,-0.515647,-0.352792
0.399778,-0.515900,-0.352846
0.400934,-0.513530,-0.352178
0.397981,-0.511025,-0.351832
0.398873,-0.508035,-0.350237
0.397761,-0.506581,-0.351121
0.396596,-0.506284,-0.349586
0.395501,-0.503843,-0.349760
0.395537,-0.501974,-0.348623
0.393961,-0.501338,-0.350247
0.393769,-0.498664,-0.349021
0.393648,-0.496821,-0.346542
0.390658,-0.497744,-0.348856
0.392100,-0.495356,-0.347871
0.389588,-0.494360,-0.348137
0.389070,-0.493021,-0.346079
0.388777,-0.493120,-0.345991
0.388327,-0.490722,-0.345762
0.387273,-0.488740,-0.348540
0.385640,-0.486498,-0.345743
0.384665,-0.484035,-0.347579
0.382480,-0.484970,-0.346201
0.380780,-0.484584,-0.347626
0.383450,-0.482525,-0.343074
0.382021,-0.480342,-0.346498
0.379754,-0.480392,-0.345787
0.377624,-0.481654,-0.345976
0.373700,-0.477414,-0.346308
0.374549,-0.478251,-0.347034
0.374469,-0.475966,-0.346019
0.371770,-0.476386,-0.347990
0.370525,-0.476523,-0.347099
0.368967,-0.475279,-0.347423
0.368992,-0.471964,-0.351290
0.367107,-0.474907,-0.349519
0.365311,-0.473982,-0.349834
0.363464,-0.471429,-0.350175
0.360876,-0.472128,-0.350035
0.359206,-0.471488,-0.352178
0.356649,-0.471963,-0.353614
0.354947,-0.470073,-0.350807
0.352575,-0.470211,-0.355047
0.350193,-0.469195,-0.355240
0.347651,-0.466706,-0.353568
0.346123,-0.467567,-0.354671
0.346045,-0.468803,-0.357242
0.343569,-0.466873,-0.357331
0.341469,-0.466685,-0.358378
0.339642,-0.467472,-0.357185
0.336197,-0.466192,-0.357693
0.336363,-0.465156,-0.358191
0.336492,-0.463952,-0.358171
0.333423,-0.465444,-0.359447
0.332629,-0.464436,-0.360671
0.330219,-0.462155,-0.361538
0.329129,-0.461309,-0.362088
0.326434,-0.462461,-0.361066
0.323107,-0.462990,-0.363015
0.322760,-0.460573,-0.363594
0.321009,-0.460012,-0.361988
0.321103,-0.460160,-0.363017
0.319214,-0.459488,-0.364248
0.316163,-0.457801,-0.364612
0.315698,-0.458494,-0.364816
0.315375,-0.456976,-0.364199
0.312512,-0.453878,-0.365356
0.309598,-0.454977,-0.367595
0.308427,-0.455298,-0.366172
0.307022,-0.454486,-0.367309
0.305734,-0.451966,-0.369484
0.302162,-0.453879,-0.368366
0.300535,-0.453092,-0.369639
0.298556,-0.453985,-0.371033
0.297038,-0.449901,-0.370624
0.296526,-0.449417,-0.371692
0.294489,-0.451141,-0.370913
0.290899,-0.448427,-0.373029
0.291240,-0.448168,-0.371584
0.288437,-0.448627,-0.375754
0.287176,-0.448233,-0.375388
0.285273,-0.446773,-0.374861
0.283089,-0.448063,-0.376239
0.281552,-0.448537,-0.375677
0.279402,-0.446992,-0.377716
0.277032,-0.444964,-0.377641
0.275332,-0.446704,-0.378190
0.272803,-0.444565,-0.380739
0.270148,-0.445205,-0.378171
0.268974,-0.446122,-0.380454
0.265840,-0.446092,-0.381793
0.262006,-0.445976,-0.380097
0.260694,-0.445694,-0.384738
0.259111,-0.445279,-0.386091
0.255439,-0.444841,-0.385839
0.253844,-0.447014,-0.387066
0.250876,-0.446803,-0.390429
0.247619,-0.445582,-0.390045
0.245760,-0.449567,-0.391957
0.239661,-0.448383,-0.394821
0.239745,-0.448872,-0.395798
0.234583,-0.451306,-0.399486
0.232902,-0.451864,-0.397492
0.227765,-0.450938,-0.401524
0.227727,-0.451443,-0.402686
0.224225,-0.451599,-0.400776
0.223412,-0.451304,-0.402670
0.219900,-0.451316,-0.404721
0.214493,-0.453468,-0.411475
0.211741,-0.454550,-0.410258
0.209152,-0.454938,-0.411802
0.206664,-0.453440,-0.413504
0.206131,-0.454428,-0.412579
0.203668,-0.453205,-0.414485
0.202797,-0.453407,-0.415556
0.199022,-0.452837,-0.416191
0.195626,-0.454033,-0.418818
0.194406,-0.454574,-0.417464
0.192457,-0.453070,-0.418722
0.190854,-0.449707,-0.420690
0.186381,-0.452466,-0.421142
0.184527,-0.450797,-0.420953
0.183910,-0.452067,-0.423499
0.181782,-0.452531,-0.422622
0.177556,-0.450475,-0.422536
0.176387,-0.449388,-0.423931
0.174146,-0.449382,-0.424263
0.174312,-0.448427,-0.425037
0.172391,-0.447418,-0.424482
0.171299,-0.447100,-0.426241
0.169193,-0.444323,-0.423521
0.168588,-0.445325,-0.425922
0.166017,-0.446676,-0.427841
0.162571,-0.443598,-0.429300
0.162486,-0.444156,-0.429201
0.159378,-0.443896,-0.430333
0.156148,-0.443414,-0.430633
0.156022,-0.443201,-0.431369
0.152327,-0.443249,-0.432966
0.149845,-0.444152,-0.433072
0.146836,-0.441912,-0.433961
0.144671,-0.444770,-0.436068
0.138168,-0.444092,-0.438844
0.137568,-0.446564,-0.438223
0.132813,-0.445238,-0.442791
0.126828,-0.448737,-0.447850
0.117503,-0.457362,-0.455316
0.381623,-0.610132,-0.402426
0.385501,-0.601369,-0.396907
0.391745,-0.596813,-0.392628
0.393250,-0.590999,-0.387449
0.394366,-0.587000,-0.386315
0.394943,-0.582224,-0.385458
0.396833,-0.578846,-0.381980
0.397011,-0.576666,-0.378908
0.397751,-0.574493,-0.376875
0.398230,-0.570340,-0.374911
0.398494,-0.566995,-0.373552
0.398767,-0.565473,-0.374086
0.398886,-0.562292,-0.372174
0.401190,-0.557750,-0.369905
0.402624,-0.558109,-0.367987
0.402176,-0.555134,-0.367144
0.400499,-0.550052,-0.365521
0.402502,-0.548625,-0.365276
0.403227,-0.548303,-0.364192
0.402157,-0.543284,-0.362748
0.399446,-0.541080,-0.361903
0.401409,-0.538799,-0.361243
0.401082,-0.537024,-0.359936
0.401717,-0.533394,-0.358387
0.399533,-0.533156,-0.357046
0.400605,-0.529033,-0.356412
0.403356,-0.526934,-0.355925
0.400921,-0.526234,-0.354838
0.400837,-0.522162,-0.353502
0.396976,-0.521473,-0.354169
0.399114,-0.519439,-0.353370
0.398673,-0.518528,-0.351475
0.398158,-0.515549,-0.352015
0.398710,-0.515112,-0.350722
0.396370,-0.510428,-0.351051
0.396937,-0.513411,-0.349345
0.397709,-0.509058,-0.348194
0.395753,-0.507357,-0.348893
0.394378,-0.505229,-0.349238
0.394268,-0.506156,-0.349293
0.393810,-0.503149,-0.347891
0.391309,-0.502785,-0.348631
0.391982,-0.499300,-0.347140
0.391653,-0.498241,-0.347135
0.387983,-0.496666,-0.346461
0.388145,-0.494408,-0.346148
0.387695,-0.494560,-0.347274
0.388189,-0.491977,-0.345761
0.387690,-0.491029,-0.344716
0.386780,-0.489983,-0.346035
0.384538,-0.488259,-0.343585
0.383364,-0.486114,-0.347574
0.382103,-0.486805,-0.346890
0.381088,-0.483303,-0.346677
0.381220,-0.484913,-0.346374
0.377042,-0.482641,-0.344123
0.377073,-0.482053,-0.344179
0.375814,-0.482309,-0.344509
0.374690,-0.479468,-0.345445
0.374425,-0.479382,-0.346065
0.373420,-0.477271,-0.347018
0.372000,-0.477260,-0.347508
0.368808,-0.476759,-0.346379
0.365497,-0.476481,-0.348368
0.365384,-0.476503,-0.349334
0.365281,-0.477386,-0.348789
0.364197,-0.473958,-0.349658
0.360998,-0.472816,-0.350873
0.359362,-0.472968,-0.348643
0.357532,-0.473225,-0.352174
0.356338,-0.471237,-0.350242
0.352165,-0.470387,-0.351077
0.351198,-0.470086,-0.353651
0.350127,-0.470247,-0.352887
0.347061,-0.469431,-0.352876
0.345185,-0.470450,-0.354062
0.345236,-0.470307,-0.354911
0.341834,-0.468324,-0.355247
0.340606,-0.468673,-0.354718
0.337849,-0.468510,-0.355537
0.335485,-0.468024,-0.357716
0.334464,-0.465943,-0.358513
0.331673,-0.467566,-0.359786
0.332275,-0.466328,-0.360331
0.329041,-0.463757,-0.359825
0.326372,-0.464759,-0.358990
0.326354,-0.465517,-0.361226
0.325989,-0.462606,-0.359975
0.322679,-0.464794,-0.362088
0.320096,-0.463329,-0.360883
0.319540,-0.463859,-0.362428
0.318238,-0.460909,-0.363373
0.316448,-0.459486,-0.363396
0.314102,-0.459534,-0.364412
0.312731,-0.457932,-0.364098
0.312983,-0.459284,-0.364377
0.310261,-0.457640,-0.365123
0.308449,-0.457094,-0.364018
0.304828,-0.456967,-0.368181
0.304513,-0.456792,-0.366846
0.303724,-0.456793,-0.369369
0.301268,-0.455005,-0.367728
0.299581,-0.455281,-0.369762
0.296376,-0.455486,-0.368334
0.293405,-0.453100,-0.369250
0.293321,-0.453876,-0.370855
0.290555,-0.452734,-0.371777
0.289546,-0.451649,-0.372563
0.289395,-0.453331,-0.372684
0.287608,-0.451743,-0.371725
0.285210,-0.450742,-0.372338
0.284298,-0.448631,-0.374159
0.281575,-0.448519,-0.374193
0.278634,-0.450021,-0.375412
0.279904,-0.448679,-0.377404
0.273273,-0.448362,-0.377956
0.274563,-0.447761,-0.377905
0.270810,-0.446619,-0.376467
0.269360,-0.446906,-0.378164
0.267092,-0.448058,-0.379721
0.264601,-0.448668,-0.382450
0.263827,-0.447579,-0.382996
0.258859,-0.448395,-0.384124
0.257749,-0.446707,-0.386060
0.252947,-0.447432,-0.384483
0.253791,-0.447474,-0.387979
0.248069,-0.451389,-0.388602
0.245175,-0.449395,-0.390210
0.243512,-0.450151,-0.392536
0.240032,-0.450441,-0.393445
0.234442,-0.452934,-0.397330
0.232947,-0.452328,-0.397156
0.230714,-0.452262,-0.400681
0.227346,-0.452184,-0.401740
0.224941,-0.452052,-0.399730
0.223915,-0.452653,-0.405576
0.219637,-0.453316,-0.405481
0.216648,-0.455876,-0.407614
0.210309,-0.457225,-0.409943
0.209238,-0.453991,-0.410972
0.207075,-0.458247,-0.410250
0.205619,-0.453846,-0.411832
0.204346,-0.455974,-0.412035
0.202125,-0.452366,-0.413269
0.199514,-0.452801,-0.413486
0.196553,-0.454458,-0.416201
0.195483,-0.455359,-0.414548
0.191564,-0.455145,-0.416801
0.189266,-0.454615,-0.418664
0.187862,-0.454523,-0.417813
0.185856,-0.455554,-0.419718
0.185371,-0.451295,-0.420535
0.181726,-0.450299,-0.420644
0.179130,-0.452409,-0.423431
0.180697,-0.450570,-0.423051
0.175881,-0.450344,-0.422746
0.174987,-0.448560,-0.425426
0.174014,-0.450064,-0.422063
0.171085,-0.448887,-0.424373
0.169442,-0.447297,-0.423878
0.168784,-0.446517,-0.424481
0.164505,-0.447208,-0.426901
0.163644,-0.448194,-0.427516
0.162918,-0.447023,-0.428656
0.158705,-0.446433,-0.428479
0.158364,-0.446473,-0.429434
0.155809,-0.446062,-0.427661
0.155002,-0.444278,-0.431385
0.151924,-0.444079,-0.432149
0.146808,-0.443706,-0.432800
0.146520,-0.446263,-0.434836
0.142662,-0.445658,-0.436775
0.138235,-0.446471,-0.437517
0.135292,-0.446574,-0.440458
0.130747,-0.447459,-0.441027
0.127053,-0.448326,-0.447305
0.115661,-0.459794,-0.456151
0.382613,-0.612363,-0.401604
0.386287,-0.602884,-0.393461
0.390953,-0.597704,-0.388869
0.391543,-0.592732,-0.387798
0.394238,-0.588738,-0.384640
0.392806,-0.585352,-0.382936
0.397222,-0.582478,-0.381673
0.396273,-0.577613,-0.375961
0.399669,-0.576411,-0.375163
0.399059,-0.571607,-0.374659
0.398649,-0.567595,-0.371183
0.398338,-0.565691,-0.368344
0.399774,-0.561330,-0.369927
0.400537,-0.560190,-0.367850
0.399146,-0.558601,-0.367313
0.397988,-0.556966,-0.366428
0.401269,-0.553202,-0.365852
0.400759,-0.549154,-0.364399
0.401215,-0.546113,-0.360849
0.399253,-0.544062,-0.362229
0.399368,-0.543955,-0.361057
0.399294,-0.538149,-0.358429
0.397829,-0.537463,-0.356056
0.400028,-0.534689,-0.358863
0.401303,-0.535339,-0.357705
0.400851,-0.528518,-0.356145
0.398409,-0.531242,-0.354755
0.400179,-0.527900,-0.353016
0.398829,-0.525461,-0.353081
0.397438,-0.522214,-0.352886
0.399163,-0.521074,-0.354784
0.397373,-0.518858,-0.351042
0.398100,-0.515977,-0.349267
0.397664,-0.515090,-0.349164
0.397571,-0.514579,-0.350423
0.393961,-0.510680,-0.350150
0.393961,-0.510422,-0.345816
0.394312,-0.507516,-0.348688
0.393929,-0.507549,-0.346378
0.392618,-0.505699,-0.346510
0.391190,-0.504909,-0.347458
0.390598,-0.502883,-0.345820
0.388480,-0.501856,-0.347418
0.390296,-0.498703,-0.345759
0.388499,-0.497655,-0.344884
0.388028,-0.495460,-0.344876
0.387345,-0.495461,-0.343709
0.385411,-0.493939,-0.344743
0.385045,-0.491414,-0.345293
0.383947,-0.492164,-0.344798
0.382737,-0.490984,-0.345620
0.382243,-0.487870,-0.343614
0.380409,-0.487757,-0.342681
0.379196,-0.486804,-0.344695
0.377911,-0.484919,-0.344873
0.377709,-0.484691,-0.343520
0.375635,-0.484081,-0.344810
0.372317,-0.482987,-0.345853
0.373194,-0.480749,-0.345160
0.373038,-0.479291,-0.345505
0.369595,-0.480019,-0.345396
0.365977,-0.480582,-0.345625
0.365890,-0.478095,-0.346091
0.364918,-0.479560,-0.347637
0.363977,-0.477831,-0.344692
0.363043,-0.477341,-0.348317
0.358362,-0.476033,-0.348033
0.358104,-0.475333,-0.348796
0.357441,-0.475601,-0.348843
0.355991,-0.474466,-0.349847
0.352931,-0.473697,-0.349985
0.351847,-0.472285,-0.351696
0.350497,-0.473168,-0.353008
0.349266,-0.471714,-0.352793
0.346571,-0.472204,-0.351474
0.343673,-0.471411,-0.354412
0.344117,-0.472013,-0.352554
0.339920,-0.472900,-0.354879
0.339022,-0.470464,-0.355929
0.336165,-0.470831,-0.355878
0.334980,-0.469903,-0.357670
0.333949,-0.469647,-0.356766
0.331397,-0.467699,-0.358938
0.330274,-0.468877,-0.357696
0.327707,-0.468992,-0.358401
0.326082,-0.466478,-0.360188
0.326468,-0.466739,-0.359348
0.324945,-0.465762,-0.360312
0.319905,-0.466964,-0.360442
0.319962,-0.466630,-0.360966
0.315838,-0.464656,-0.362971
0.315919,-0.463541,-0.361632
0.316318,-0.463492,-0.362058
0.313543,-0.460273,-0.363254
0.310629,-0.462550,-0.364698
0.310223,-0.460023,-0.364130
0.306571,-0.460147,-0.364670
0.304980,-0.458657,-0.365623
0.304328,-0.459419,-0.367495
0.303595,-0.459943,-0.366007
0.301218,-0.457222,-0.367940
0.297995,-0.455677,-0.368372
0.295910,-0.457295,-0.368177
0.293735,-0.457210,-0.371922
0.294087,-0.455152,-0.370338
0.292032,-0.455214,-0.371175
0.289388,-0.454179,-0.371711
0.286420,-0.453991,-0.373697
0.286674,-0.453287,-0.371887
0.283741,-0.452208,-0.372374
0.280987,-0.452492,-0.373534
0.282088,-0.450803,-0.373905
0.278554,-0.451417,-0.374410
0.276643,-0.450590,-0.376837
0.275518,-0.449954,-0.375858
0.271867,-0.450466,-0.377555
0.271766,-0.450614,-0.376566
0.267561,-0.450859,-0.378934
0.264353,-0.452296,-0.381308
0.262516,-0.450684,-0.378616
0.259687,-0.448413,-0.381271
0.259296,-0.451869,-0.384305
0.257283,-0.450064,-0.384375
0.252563,-0.450102,-0.384159
0.250552,-0.450025,-0.388011
0.249770,-0.450816,-0.388476
0.246779,-0.451719,-0.390215
0.244165,-0.454393,-0.392021
0.240608,-0.453466,-0.393643
0.235381,-0.456069,-0.393306
0.234540,-0.455779,-0.395088
0.231017,-0.454171,-0.396755
0.227134,-0.455309,-0.399288
0.226347,-0.454207,-0.400135
0.223920,-0.455384,-0.402332
0.219836,-0.455336,-0.402352
0.216827,-0.459026,-0.406065
0.212633,-0.458593,-0.407974
0.207956,-0.458992,-0.407950
0.209014,-0.457482,-0.408930
0.205948,-0.457458,-0.410621
0.204236,-0.455496,-0.410411
0.202470,-0.458686,-0.413354
0.198227,-0.456280,-0.411775
0.197171,-0.457109,-0.414318
0.195263,-0.455698,-0.413852
0.192448,-0.457328,-0.415864
0.190986,-0.455171,-0.417051
0.186365,-0.456107,-0.417996
0.187049,-0.458124,-0.419191
0.184483,-0.456065,-0.419960
0.184338,-0.453764,-0.419424
0.179467,-0.455536,-0.421911
0.177202,-0.456219,-0.421513
0.179234,-0.454382,-0.420489
0.175120,-0.450656,-0.420407
0.175375,-0.449783,-0.423398
0.170345,-0.451999,-0.421537
0.173352,-0.448049,-0.423063
0.169104,-0.449455,-0.423526
0.167358,-0.450252,-0.422677
0.163686,-0.448375,-0.423881
0.164529,-0.446484,-0.426597
0.160958,-0.447422,-0.425934
0.158846,-0.448239,-0.426965
0.157333,-0.447237,-0.425635
0.154757,-0.445759,-0.429872
0.152296,-0.445948,-0.429306
0.149004,-0.446899,-0.431844
0.146016,-0.445639,-0.430279
0.143427,-0.447945,-0.431078
0.140540,-0.446371,-0.435069
0.137102,-0.446927,-0.436421
0.133378,-0.448539,-0.438689
0.132649,-0.448659,-0.438705
0.129109,-0.449512,-0.440219
0.114693,-0.462494,-0.453095
0.382316,-0.614457,-0.397036
0.385399,-0.605294,-0.391679
0.390536,-0.597775,-0.387250
0.391451,-0.593701,-0.383245
0.391710,-0.589447,-0.382542
0.395128,-0.586837,-0.380611
0.395380,-0.582232,-0.379323
0.396118,-0.578980,-0.376940
0.397283,-0.574797,-0.374877
0.397994,-0.573323,-0.371411
0.394932,-0.568864,-0.371040
0.398619,-0.566742,-0.371864
0.398064,-0.563125,-0.369382
0.399010,-0.561244,-0.366068
0.398013,-0.560027,-0.366063
0.398835,-0.558908,-0.366391
0.399510,-0.553062,-0.363372
0.398506,-0.549583,-0.362104
0.398462,-0.547269,-0.360460
0.399169,-0.545124,-0.360293
0.400678,-0.543490,-0.360588
0.398418,-0.540997,-0.359762
0.400315,-0.539887,-0.356112
0.399371,-0.537543,-0.356441
0.400323,-0.534182,-0.356286
0.397377,-0.531229,-0.354634
0.398705,-0.530112,-0.355148
0.398853,-0.527750,-0.350932
0.398441,-0.525911,-0.352526
0.396325,-0.524224,-0.352166
0.396405,-0.523306,-0.351293
0.394739,-0.521672,-0.349643
0.395860,-0.519336,-0.350085
0.395365,-0.517417,-0.348610
0.395469,-0.516406,-0.348876
0.393041,-0.512934,-0.347415
0.393977,-0.511052,-0.348226
0.393415,-0.510186,-0.346143
0.392277,-0.509718,-0.345435
0.391492,-0.508498,-0.346623
0.388504,-0.505458,-0.347380
0.387446,-0.503931,-0.345324
0.390181,-0.503992,-0.346625
0.389304,-0.501541,-0.345650
0.387220,-0.498191,-0.345890
0.388387,-0.497157,-0.343644
0.386915,-0.497306,-0.344128
0.384043,-0.494580,-0.343386
0.385426,-0.493659,-0.343148
0.382714,-0.492325,-0.343322
0.380377,-0.493102,-0.343868
0.379883,-0.490938,-0.344360
0.378039,-0.490804,-0.344660
0.377144,-0.487065,-0.343140
0.378144,-0.488912,-0.345010
0.375510,-0.486793,-0.344846
0.373208,-0.482725,-0.345744
0.371428,-0.483408,-0.345272
0.372161,-0.482140,-0.345489
0.372542,-0.480432,-0.344570
0.371340,-0.480047,-0.344331
0.367660,-0.478598,-0.345401
0.363394,-0.479113,-0.346394
0.364372,-0.480760,-0.346435
0.362337,-0.479678,-0.347017
0.360180,-0.476478,-0.346890
0.359279,-0.478243,-0.347354
0.356301,-0.475256,-0.348696
0.356183,-0.475844,-0.347865
0.353564,-0.475572,-0.346963
0.351160,-0.475845,-0.349450
0.349290,-0.475856,-0.351542
0.348065,-0.472155,-0.351875
0.346824,-0.473144,-0.351228
0.344019,-0.471902,-0.352531
0.342057,-0.471761,-0.353722
0.342795,-0.472978,-0.353403
0.340282,-0.471856,-0.353896
0.338300,-0.470911,-0.356095
0.333712,-0.472390,-0.356366
0.334021,-0.472353,-0.357139
0.331111,-0.472333,-0.358723
0.328983,-0.470106,-0.357575
0.326469,-0.469028,-0.357805
0.325390,-0.470300,-0.357904
0.325299,-0.470372,-0.359322
0.324723,-0.468344,-0.359838
0.321038,-0.467331,-0.360012
0.319018,-0.465380,-0.360425
0.320581,-0.465181,-0.360753
0.315751,-0.465127,-0.361543
0.315472,-0.466671,-0.363030
0.314264,-0.464906,-0.364432
0.311411,-0.463774,-0.362812
0.308297,-0.464017,-0.363601
0.307850,-0.463746,-0.365146
0.305224,-0.462450,-0.365512
0.304703,-0.460670,-0.364808
0.302213,-0.459138,-0.365321
0.299800,-0.459606,-0.366684
0.297343,-0.459550,-0.365760
0.297296,-0.458567,-0.367495
0.295731,-0.460222,-0.367769
0.294032,-0.458117,-0.368971
0.292407,-0.458135,-0.369246
0.291192,-0.455557,-0.370125
0.288455,-0.457179,-0.369188
0.287497,-0.457979,-0.372382
0.282837,-0.456915,-0.372084
0.281465,-0.455086,-0.373952
0.281141,-0.455460,-0.373065
0.277959,-0.453375,-0.373002
0.274186,-0.455228,-0.373038
0.274879,-0.452971,-0.375214
0.272019,-0.452994,-0.376979
0.269900,-0.452872,-0.377278
0.267133,-0.452153,-0.377583
0.268009,-0.452480,-0.378851
0.264387,-0.452070,-0.378983
0.263449,-0.452028,-0.381638
0.259241,-0.451014,-0.380294
0.257955,-0.452165,-0.381720
0.253920,-0.451855,-0.382206
0.249949,-0.454589,-0.384266
0.249450,-0.453882,-0.386885
0.248821,-0.452872,-0.386272
0.241812,-0.453355,-0.390134
0.240957,-0.455187,-0.391166
0.238538,-0.453868,-0.391486
0.233843,-0.455442,-0.393880
0.230984,-0.458767,-0.396554
0.228638,-0.458165,-0.399120
0.224113,-0.457338,-0.400201
0.222972,-0.456704,-0.400221
0.219589,-0.458142,-0.402820
0.216259,-0.457584,-0.403619
0.211313,-0.460406,-0.408504
0.209899,-0.460577,-0.407637
0.208076,-0.461622,-0.407145
0.207167,-0.460598,-0.408003
0.202788,-0.461358,-0.410229
0.202863,-0.459564,-0.411596
0.199169,-0.460044,-0.412003
0.197323,-0.459850,-0.411465
0.196840,-0.460718,-0.413752
0.193939,-0.458754,-0.413893
0.192184,-0.457901,-0.413466
0.188514,-0.459183,-0.416054
0.185580,-0.458710,-0.415509
0.185706,-0.458157,-0.419369
0.182708,-0.455674,-0.419248
0.180901,-0.455081,-0.416823
0.181131,-0.453721,-0.419199
0.177679,-0.455835,-0.423041
0.176021,-0.454101,-0.417691
0.172565,-0.453231,-0.421033
0.172603,-0.451006,-0.420338
0.170967,-0.450522,-0.421739
0.167954,-0.449789,-0.420425
0.169621,-0.450288,-0.424078
0.164260,-0.449211,-0.423798
0.162012,-0.448584,-0.424450
0.161012,-0.448622,-0.423730
0.159322,-0.448534,-0.424686
0.154828,-0.448672,-0.425441
0.153915,-0.447593,-0.426634
0.152446,-0.447875,-0.429383
0.151469,-0.446041,-0.427353
0.148587,-0.447999,-0.428020
0.145696,-0.446408,-0.429769
0.143437,-0.449085,-0.432552
0.139918,-0.446144,-0.433330
0.135044,-0.449928,-0.436819
0.131903,-0.448636,-0.436094
0.130443,-0.451150,-0.439926
0.127022,-0.451034,-0.440856
0.111352,-0.461775,-0.451195
0.380956,-0.612838,-0.396082
0.386298,-0.603585,-0.391832
0.389293,-0.599573,-0.387301
0.391442,-0.594467,-0.383588
0.392445,-0.589602,-0.380390
0.393658,-0.586324,-0.380050
0.392701,-0.582638,-0.378776
0.394397,-0.579382,-0.374242
0.396199,-0.577507,-0.373728
0.394726,-0.572409,-0.372010
0.396363,-0.569325,-0.369229
0.396016,-0.568537,-0.365977
0.398366,-0.565899,-0.368026
0.397512,-0.562400,-0.366584
0.398780,-0.558449,-0.364359
0.397274,-0.557503,-0.362960
0.399090,-0.552540,-0.363253
0.398853,-0.550513,-0.361026
0.398009,-0.549202,-0.359868
0.397134,-0.549111,-0.358512
0.398158,-0.544941,-0.358425
0.399293,-0.541541,-0.356636
0.397393,-0.540263,-0.354903
0.397553,-0.538132,-0.353698
0.396358,-0.535362,-0.353471
0.398849,-0.533248,-0.350641
0.395455,-0.530808,-0.350723
0.397426,-0.529629,-0.352136
0.395777,-0.525707,-0.351839
0.395496,-0.525690,-0.350983
0.395242,-0.522476,-0.350918
0.393317,-0.520120,-0.348997
0.393484,-0.519359,-0.348193
0.393766,-0.517350,-0.349218
0.393724,-0.516932,-0.346718
0.392472,-0.514842,-0.346406
0.391935,-0.515321,-0.346667
0.392517,-0.510041,-0.345010
0.394435,-0.508316,-0.344619
0.390295,-0.507002,-0.344683
0.390204,-0.506747,-0.344022
0.389252,-0.504288,-0.344630
0.388125,-0.503036,-0.342305
0.384697,-0.500618,-0.343437
0.384919,-0.501137,-0.342949
0.384962,-0.499773,-0.343335
0.385343,-0.498055,-0.342019
0.383803,-0.497978,-0.342072
0.384470,-0.493550,-0.342475
0.380327,-0.494295,-0.341260
0.380785,-0.493054,-0.344004
0.379726,-0.491944,-0.342181
0.376456,-0.491703,-0.343686
0.376750,-0.490234,-0.342106
0.373618,-0.487701,-0.341209
0.373608,-0.489242,-0.344857
0.372572,-0.489401,-0.344819
0.371234,-0.487805,-0.342622
0.369857,-0.485574,-0.345849
0.369021,-0.483655,-0.342476
0.368540,-0.483205,-0.343785
0.363486,-0.481154,-0.344461
0.364452,-0.481896,-0.344556
0.363760,-0.482137,-0.345918
0.360382,-0.478914,-0.346104
0.356725,-0.478827,-0.345955
0.355646,-0.479210,-0.348500
0.354946,-0.479330,-0.347030
0.354408,-0.477154,-0.350243
0.355103,-0.475952,-0.347621
0.351725,-0.477601,-0.350954
0.349433,-0.475941,-0.348451
0.348783,-0.476234,-0.348905
0.344851,-0.474984,-0.349189
0.342963,-0.476419,-0.351803
0.340899,-0.473145,-0.350557
0.339448,-0.471905,-0.351365
0.337037,-0.473222,-0.352020
0.336134,-0.472839,-0.354121
0.333887,-0.472621,-0.352966
0.332812,-0.472854,-0.354003
0.330542,-0.472684,-0.354425
0.327508,-0.471704,-0.357540
0.325385,-0.471122,-0.357753
0.323703,-0.469344,-0.358402
0.323200,-0.471542,-0.358082
0.321147,-0.470478,-0.358755
0.320465,-0.468381,-0.358632
0.318883,-0.469748,-0.359207
0.317661,-0.468674,-0.360089
0.313491,-0.468459,-0.361761
0.311886,-0.465793,-0.361723
0.311405,-0.467433,-0.363308
0.308119,-0.466284,-0.363244
0.307185,-0.465152,-0.361981
0.306638,-0.465417,-0.362781
0.302823,-0.463467,-0.363845
0.302656,-0.464766,-0.366694
0.297427,-0.462711,-0.365262
0.298328,-0.463127,-0.366441
0.297462,-0.461810,-0.366838
0.294031,-0.462067,-0.365310
0.293168,-0.461254,-0.366702
0.291256,-0.459315,-0.368622
0.289380,-0.461916,-0.370567
0.287138,-0.461116,-0.370633
0.286418,-0.458695,-0.369975
0.285693,-0.459371,-0.370049
0.280276,-0.458664,-0.370780
0.280847,-0.457947,-0.372302
0.278279,-0.456997,-0.371356
0.276123,-0.456079,-0.373846
0.273750,-0.459152,-0.374489
0.271972,-0.454232,-0.375132
0.270919,-0.454772,-0.375774
0.268543,-0.455798,-0.376540
0.264762,-0.454330,-0.376960
0.263632,-0.454984,-0.378559
0.262235,-0.455116,-0.378565
0.259787,-0.455390,-0.379894
0.258087,-0.453964,-0.381275
0.255695,-0.454983,-0.382559
0.253036,-0.455596,-0.383784
0.247934,-0.457019,-0.385718
0.247977,-0.456204,-0.386462
0.243387,-0.455569,-0.387243
0.240474,-0.456631,-0.387513
0.237366,-0.458027,-0.390867
0.234341,-0.457499,-0.392110
0.232063,-0.460160,-0.393407
0.228083,-0.460373,-0.395118
0.226458,-0.461344,-0.399158
0.222776,-0.460250,-0.399527
0.221755,-0.459597,-0.400486
0.217050,-0.461077,-0.403273
0.210523,-0.462202,-0.407601
0.208702,-0.463271,-0.407377
0.207590,-0.461022,-0.407339
0.204840,-0.463265,-0.407553
0.203127,-0.463203,-0.410314
0.201702,-0.460629,-0.410594
0.200957,-0.460766,-0.409632
0.196423,-0.459333,-0.411208
0.194535,-0.461527,-0.412270
0.193795,-0.461792,-0.413843
0.189731,-0.460437,-0.414031
0.187008,-0.461360,-0.415293
0.186006,-0.460746,-0.413714
0.185411,-0.458647,-0.416520
0.183687,-0.458122,-0.416487
0.180193,-0.458722,-0.416510
0.180054,-0.456967,-0.419622
0.177416,-0.458035,-0.417886
0.175096,-0.457657,-0.417580
0.174452,-0.453906,-0.418500
0.171708,-0.453738,-0.419307
0.171414,-0.453327,-0.422413
0.168636,-0.452088,-0.419573
0.167830,-0.452756,-0.420253
0.165232,-0.449679,-0.420176
0.164331,-0.451032,-0.422395
0.161514,-0.452426,-0.422188
0.159520,-0.450321,-0.424479
0.157793,-0.448857,-0.423984
0.154644,-0.450612,-0.424938
0.154124,-0.450168,-0.425817
0.152154,-0.450100,-0.425256
0.148382,-0.449968,-0.427808
0.146641,-0.450205,-0.426760
0.143493,-0.448540,-0.428311
0.141630,-0.449290,-0.428646
0.139195,-0.447776,-0.431213
0.134874,-0.450177,-0.435109
0.133641,-0.452240,-0.436179
0.128764,-0.452591,-0.438449
0.124365,-0.452926,-0.441357
0.110493,-0.465279,-0.452051
0.381256,-0.612356,-0.395470
0.386433,-0.603348,-0.387726
0.387266,-0.599422,-0.386708
0.388439,-0.596692,-0.383043
0.390438,-0.593378,-0.380721
0.391872,-0.587599,-0.376347
0.391770,-0.583120,-0.377678
0.393719,-0.581061,-0.373931
0.394875,-0.576468,-0.372710
0.393928,-0.574446,-0.369525
0.395366,-0.571320,-0.368754
0.395017,-0.569964,-0.367608
0.397150,-0.566420,-0.367587
0.396433,-0.563436,-0.365566
0.397808,-0.559607,-0.363547
0.397785,-0.557449,-0.362472
0.397414,-0.555308,-0.361818
0.398302,-0.553263,-0.359927
0.397686,-0.552702,-0.357916
0.397955,-0.546368,-0.357528
0.395430,-0.546476,-0.357899
0.396896,-0.543863,-0.357203
0.398419,-0.542253,-0.355346
0.397586,-0.538834,-0.353055
0.396323,-0.536799,-0.352336
0.397483,-0.533542,-0.351778
0.396248,-0.532978,-0.351450
0.397350,-0.530093,-0.351141
0.394606,-0.529539,-0.349423
0.395193,-0.526408,-0.348231
0.394459,-0.526557,-0.348516
0.392974,-0.524560,-0.347843
0.393022,-0.522188,-0.347610
0.392908,-0.520575,-0.346653
0.393045,-0.517826,-0.346374
0.392685,-0.515858,-0.345891
0.391496,-0.515507,-0.344573
0.389553,-0.512149,-0.344906
0.389393,-0.510800,-0.344323
0.389450,-0.509909,-0.344253
0.390103,-0.505691,-0.344765
0.387079,-0.507053,-0.344500
0.387290,-0.506855,-0.343349
0.383707,-0.504100,-0.342880
0.384510,-0.503260,-0.342790
0.384343,-0.499713,-0.342926
0.383167,-0.499294,-0.341917
0.382694,-0.498323,-0.342217
0.378723,-0.497466,-0.342714
0.380639,-0.494585,-0.340121
0.377744,-0.493695,-0.341677
0.377533,-0.493950,-0.339085
0.378246,-0.493042,-0.342386
0.373907,-0.492171,-0.341146
0.374185,-0.489974,-0.342818
0.372541,-0.487821,-0.341551
0.369924,-0.486391,-0.343847
0.366921,-0.486858,-0.341489
0.369317,-0.486992,-0.341613
0.365810,-0.486132,-0.342913
0.367706,-0.485543,-0.342065
0.366048,-0.483176,-0.345286
0.364864,-0.483413,-0.344724
0.360635,-0.481874,-0.342775
0.359526,-0.481862,-0.347145
0.356566,-0.479830,-0.344354
0.354588,-0.481802,-0.345626
0.354814,-0.480774,-0.346159
0.352544,-0.480011,-0.346299
0.352837,-0.477457,-0.344779
0.348504,-0.480633,-0.347366
0.346242,-0.477587,-0.347679
0.345413,-0.476561,-0.349424
0.344133,-0.476282,-0.351507
0.343298,-0.475878,-0.349604
0.340583,-0.475092,-0.349966
0.339200,-0.475854,-0.351998
0.336552,-0.474183,-0.353445
0.334127,-0.475382,-0.353943
0.332961,-0.473309,-0.353499
0.330034,-0.474310,-0.354278
0.329349,-0.473265,-0.354854
0.325672,-0.473571,-0.356989
0.325577,-0.473522,-0.356704
0.321982,-0.470289,-0.356428
0.320749,-0.471767,-0.359669
0.318739,-0.470544,-0.357295
0.316916,-0.469214,-0.359046
0.316922,-0.469018,-0.359815
0.314496,-0.469600,-0.360756
0.311809,-0.469049,-0.359961
0.310459,-0.468735,-0.361582
0.308347,-0.467150,-0.361944
0.305765,-0.466076,-0.361973
0.305271,-0.465615,-0.361998
0.302453,-0.466733,-0.363866
0.302742,-0.463307,-0.363996
0.299724,-0.466256,-0.363050
0.297013,-0.464960,-0.364816
0.297630,-0.465454,-0.365878
0.295730,-0.464087,-0.366701
0.291548,-0.464593,-0.368021
0.289885,-0.462470,-0.364863
0.289163,-0.462032,-0.367735
0.285730,-0.463093,-0.367656
0.285726,-0.463605,-0.369765
0.283215,-0.462819,-0.370063
0.279306,-0.461633,-0.370382
0.279343,-0.460366,-0.371428
0.278520,-0.460303,-0.370655
0.276081,-0.456824,-0.372566
0.275917,-0.458372,-0.373033
0.273218,-0.458833,-0.374227
0.270843,-0.459199,-0.376294
0.267956,-0.456342,-0.373854
0.266783,-0.456876,-0.375122
0.262864,-0.456939,-0.378129
0.261000,-0.457008,-0.378667
0.260410,-0.456487,-0.379167
0.258316,-0.454264,-0.379127
0.253723,-0.458579,-0.381553
0.251843,-0.457742,-0.384770
0.249278,-0.456928,-0.382072
0.246036,-0.457434,-0.384416
0.244759,-0.456844,-0.386238
0.242314,-0.456430,-0.386673
0.240508,-0.460062,-0.389521
0.236631,-0.459911,-0.391141
0.231376,-0.460581,-0.394290
0.229068,-0.461020,-0.395117
0.223949,-0.463423,-0.398158
0.222925,-0.464777,-0.397296
0.220074,-0.463140,-0.397780
0.217738,-0.463389,-0.401943
0.212923,-0.464140,-0.402592
0.207813,-0.467917,-0.406037
0.209048,-0.466598,-0.405625
0.203177,-0.466890,-0.408807
0.201741,-0.465002,-0.409107
0.201761,-0.463971,-0.405982
0.200508,-0.463195,-0.409344
0.196784,-0.463075,-0.411317
0.197682,-0.463965,-0.412095
0.192478,-0.463262,-0.412787
0.190886,-0.462054,-0.412496
0.189830,-0.462461,-0.412640
0.186263,-0.462810,-0.415510
0.184115,-0.462117,-0.414908
0.181592,-0.458105,-0.417173
0.182052,-0.460861,-0.416249
0.179489,-0.459436,-0.416328
0.177149,-0.458619,-0.416681
0.174562,-0.459993,-0.417617
0.175221,-0.457580,-0.417043
0.173535,-0.456638,-0.417836
0.170192,-0.457973,-0.417005
0.169392,-0.452216,-0.418292
0.167986,-0.454031,-0.419929
0.164829,-0.454268,-0.419074
0.165039,-0.452940,-0.420671
0.162543,-0.452935,-0.418681
0.159560,-0.451814,-0.420548
0.157964,-0.451781,-0.422969
0.155377,-0.453059,-0.421930
0.151581,-0.453229,-0.422577
0.150821,-0.450295,-0.423744
0.150316,-0.449601,-0.425511
0.146814,-0.450612,-0.425561
0.146327,-0.451374,-0.425624
0.143355,-0.448988,-0.427405
0.138967,-0.450888,-0.431307
0.137506,-0.451466,-0.431214
0.132860,-0.450693,-0.433433
0.130320,-0.452344,-0.433964
0.125573,-0.452939,-0.437510
0.123803,-0.452700,-0.438309
0.105518,-0.465694,-0.452908
0.380630,-0.614207,-0.393313
0.385687,-0.605097,-0.386196
0.387226,-0.600471,-0.384453
0.390546,-0.596222,-0.381416
0.389485,-0.592376,-0.378285
0.391219,-0.588727,-0.375852
0.391983,-0.585030,-0.374528
0.391588,-0.581771,-0.371932
0.394654,-0.577146,-0.371262
0.394709,-0.573979,-0.367345
0.393646,-0.572307,-0.368429
0.395978,-0.568938,-0.365903
0.395088,-0.566171,-0.365275
0.395577,-0.563482,-0.365152
0.397778,-0.561200,-0.361454
0.395145,-0.559757,-0.361678
0.396773,-0.553957,-0.359434
0.395227,-0.553562,-0.360083
0.396876,-0.552744,-0.357335
0.397567,-0.549491,-0.356904
0.395246,-0.546264,-0.354962
0.397610,-0.545620,-0.352238
0.396147,-0.541693,-0.353550
0.394442,-0.540327,-0.353165
0.396601,-0.538684,-0.351506
0.396527,-0.534632,-0.350561
0.395216,-0.534756,-0.348118
0.393941,-0.531987,-0.349191
0.393838,-0.531827,-0.349502
0.393848,-0.527480,-0.348325
0.392248,-0.524536,-0.348163
0.394185,-0.524616,-0.345826
0.391379,-0.523033,-0.345207
0.392150,-0.521624,-0.345635
0.390563,-0.516007,-0.345433
0.388203,-0.516873,-0.344703
0.391689,-0.515786,-0.343907
0.388050,-0.512898,-0.343088
0.387654,-0.512192,-0.343708
0.388238,-0.510601,-0.341689
0.385360,-0.509594,-0.344150
0.387169,-0.508720,-0.341602
0.386231,-0.505261,-0.342097
0.382990,-0.506221,-0.342277
0.383385,-0.503371,-0.343352
0.381671,-0.503760,-0.343333
0.380223,-0.501027,-0.341168
0.380257,-0.498668,-0.342287
0.380279,-0.498294,-0.338409
0.379644,-0.495600,-0.340853
0.376047,-0.495137,-0.340867
0.375633,-0.494993,-0.341197
0.374736,-0.492225,-0.342626
0.373174,-0.491098,-0.341061
0.373251,-0.490302,-0.341417
0.371488,-0.491130,-0.339163
0.370802,-0.489010,-0.340291
0.367193,-0.487640,-0.342937
0.367122,-0.488011,-0.341932
0.364816,-0.487372,-0.342483
0.364105,-0.485430,-0.343025
0.363995,-0.486223,-0.344414
0.360712,-0.485048,-0.342797
0.360756,-0.483080,-0.345137
0.359075,-0.483250,-0.345328
0.355546,-0.484532,-0.344940
0.355638,-0.480799,-0.343963
0.352499,-0.483498,-0.346671
0.351393,-0.482388,-0.346446
0.351026,-0.480751,-0.346952
0.345858,-0.477572,-0.347911
0.345965,-0.481073,-0.349070
0.342305,-0.480600,-0.350020
0.341783,-0.478928,-0.348335
0.341395,-0.476235,-0.351274
0.339017,-0.477450,-0.352286
0.336936,-0.475332,-0.349932
0.334881,-0.477733,-0.352443
0.333412,-0.475658,-0.353168
0.331125,-0.476330,-0.352809
0.328990,-0.477425,-0.352788
0.325312,-0.474754,-0.355104
0.325534,-0.476444,-0.355703
0.323936,-0.474093,-0.356670
0.321858,-0.472966,-0.355267
0.320045,-0.474191,-0.357320
0.317444,-0.473334,-0.357781
0.314698,-0.474813,-0.356919
0.315371,-0.471955,-0.360237
0.310103,-0.472569,-0.361297
0.310428,-0.473395,-0.359392
0.307563,-0.472218,-0.360623
0.304632,-0.470433,-0.361305
0.305125,-0.467885,-0.360232
0.301418,-0.468299,-0.362516
0.301471,-0.468848,-0.363906
0.299719,-0.469168,-0.362670
0.298774,-0.467715,-0.364584
0.296721,-0.467876,-0.363490
0.293360,-0.466663,-0.363238
0.292740,-0.465285,-0.364195
0.289387,-0.465929,-0.366943
0.289938,-0.465945,-0.367859
0.286838,-0.464298,-0.369577
0.285041,-0.465497,-0.369119
0.283614,-0.464566,-0.370540
0.279474,-0.462289,-0.369391
0.278676,-0.464085,-0.372034
0.276728,-0.462433,-0.371309
0.275558,-0.461629,-0.371347
0.272565,-0.462562,-0.374550
0.270163,-0.461542,-0.373782
0.269815,-0.459032,-0.372779
0.267042,-0.461431,-0.373640
0.263575,-0.458489,-0.375768
0.264459,-0.459963,-0.374282
0.262342,-0.460855,-0.376289
0.259158,-0.458742,-0.376608
0.257481,-0.458343,-0.378267
0.255682,-0.457597,-0.378628
0.252576,-0.460226,-0.381551
0.251840,-0.459162,-0.382651
0.247908,-0.459042,-0.382965
0.243442,-0.460046,-0.384003
0.243243,-0.460606,-0.387091
0.238564,-0.460091,-0.387706
0.237552,-0.461324,-0.388108
0.233099,-0.462279,-0.391393
0.230668,-0.462811,-0.393262
0.226991,-0.463705,-0.393490
0.223315,-0.464763,-0.396793
0.219824,-0.465595,-0.399173
0.216278,-0.467522,-0.397574
0.214919,-0.467146,-0.400169
0.209533,-0.466038,-0.403168
0.208606,-0.469272,-0.405941
0.203621,-0.468541,-0.407089
0.202750,-0.466566,-0.405348
0.199524,-0.468903,-0.407738
0.199822,-0.465994,-0.406985
0.199048,-0.464150,-0.406381
0.196522,-0.465198,-0.409010
0.194157,-0.465283,-0.409068
0.191303,-0.464393,-0.410235
0.188648,-0.462941,-0.409881
0.188934,-0.464690,-0.412422
0.186332,-0.463019,-0.414912
0.183527,-0.460489,-0.416373
0.181684,-0.462455,-0.414577
0.179430,-0.461039,-0.414286
0.178864,-0.460651,-0.415805
0.175989,-0.462414,-0.415608
0.174831,-0.460029,-0.414314
0.174024,-0.457836,-0.416402
0.170564,-0.456805,-0.419153
0.169102,-0.457310,-0.416351
0.169429,-0.456937,-0.417206
0.166415,-0.455117,-0.417457
0.164735,-0.455290,-0.418206
0.163634,-0.454455,-0.418518
0.163208,-0.452654,-0.419169
0.157197,-0.453687,-0.422273
0.156672,-0.453584,-0.420199
0.153993,-0.452351,-0.422049
0.153229,-0.452962,-0.424759
0.150759,-0.452653,-0.425448
0.147128,-0.451600,-0.424469
0.148308,-0.448678,-0.424164
0.144422,-0.450520,-0.425637
0.142787,-0.450002,-0.426970
0.139283,-0.450794,-0.429060
0.136255,-0.451023,-0.430598
0.130551,-0.451847,-0.432340
0.129338,-0.453349,-0.435945
0.125261,-0.453928,-0.437324
0.121576,-0.455850,-0.437786
0.105776,-0.465890,-0.450591
0.380299,-0.612982,-0.391436
0.384682,-0.605704,-0.385773
0.384380,-0.600511,-0.382192
0.387500,-0.597928,-0.379332
0.390240,-0.593542,-0.378314
0.388983,-0.589258,-0.374539
0.391607,-0.586420,-0.371674
0.392636,-0.582758,-0.370246
0.393279,-0.580092,-0.367510
0.391879,-0.575614,-0.369057
0.395259,-0.572961,-0.365737
0.393369,-0.570621,-0.366433
0.394625,-0.569951,-0.362738
0.395203,-0.563617,-0.363129
0.395982,-0.563651,-0.362208
0.394607,-0.559565,-0.358798
0.394756,-0.557082,-0.358378
0.394502,-0.554176,-0.356905
0.393944,-0.552302,-0.357887
0.393301,-0.551908,-0.355731
0.394062,-0.547766,-0.355428
0.392738,-0.547366,-0.351963
0.395449,-0.541922,-0.351252
0.392330,-0.543304,-0.351741
0.395006,-0.540650,-0.350181
0.393161,-0.534916,-0.350061
0.394902,-0.535182,-0.349443
0.394914,-0.532891,-0.346814
0.393814,-0.531717,-0.348415
0.394616,-0.529247,-0.347375
0.392537,-0.528132,-0.346555
0.391350,-0.524406,-0.344531
0.391751,-0.524717,-0.343140
0.389022,-0.519926,-0.343102
0.389886,-0.519759,-0.342933
0.391120,-0.518462,-0.343204
0.389215,-0.516643,-0.341712
0.387697,-0.514457,-0.341977
0.387323,-0.510832,-0.341908
0.386194,-0.513305,-0.342185
0.386597,-0.510040,-0.341470
0.384304,-0.509753,-0.341240
0.384940,-0.509009,-0.341366
0.381262,-0.506086,-0.342701
0.381232,-0.506000,-0.340824
0.380768,-0.502922,-0.340651
0.379166,-0.501537,-0.340989
0.379601,-0.500737,-0.338799
0.378957,-0.499738,-0.339366
0.378366,-0.498265,-0.339126
0.376660,-0.498027,-0.340076
0.374325,-0.496091,-0.341111
0.372889,-0.494268,-0.339829
0.370951,-0.493992,-0.340380
0.369748,-0.491905,-0.341498
0.368112,-0.491315,-0.339945
0.369729,-0.490158,-0.341393
0.367408,-0.491662,-0.338902
0.366658,-0.489888,-0.340994
0.364463,-0.488285,-0.340287
0.363026,-0.489275,-0.341617
0.360733,-0.486891,-0.342322
0.359598,-0.484001,-0.343118
0.358922,-0.484849,-0.342035
0.356167,-0.486147,-0.343494
0.355133,-0.484460,-0.344037
0.353126,-0.483917,-0.345078
0.349923,-0.483980,-0.345533
0.348831,-0.483080,-0.346135
0.346291,-0.480752,-0.346907
0.346146,-0.482306,-0.346947
0.344912,-0.480001,-0.348379
0.342177,-0.481414,-0.346630
0.340916,-0.479927,-0.349129
0.340130,-0.478920,-0.349154
0.337389,-0.478834,-0.350390
0.337254,-0.476950,-0.347803
0.332800,-0.476431,-0.349922
0.330237,-0.477247,-0.349008
0.330703,-0.477133,-0.353148
0.327912,-0.477873,-0.350998
0.325315,-0.475978,-0.352916
0.321927,-0.477344,-0.354435
0.321842,-0.477514,-0.355332
0.317999,-0.475632,-0.355907
0.316515,-0.477283,-0.357546
0.315959,-0.476482,-0.357482
0.312811,-0.475262,-0.356160
0.312767,-0.474960,-0.357871
0.310268,-0.473843,-0.358287
0.311551,-0.473549,-0.359260
0.305110,-0.473004,-0.361423
0.305299,-0.471431,-0.359277
0.304535,-0.471526,-0.361996
0.302531,-0.470822,-0.362905
0.299152,-0.469346,-0.362316
0.297339,-0.470166,-0.365543
0.295643,-0.468771,-0.363868
0.295490,-0.468873,-0.365336
0.292495,-0.468781,-0.366806
0.291393,-0.467320,-0.367379
0.287467,-0.468789,-0.366216
0.287227,-0.467849,-0.367692
0.283382,-0.468101,-0.367413
0.281722,-0.465583,-0.368445
0.280116,-0.467145,-0.369022
0.279185,-0.467068,-0.369873
0.276144,-0.464753,-0.368877
0.275498,-0.465102,-0.370082
0.273401,-0.462964,-0.370839
0.271028,-0.463000,-0.371921
0.271478,-0.461961,-0.372213
0.269900,-0.461646,-0.373471
0.265740,-0.461580,-0.373726
0.261655,-0.462446,-0.375561
0.258815,-0.461742,-0.375376
0.260371,-0.462596,-0.375866
0.257512,-0.459630,-0.378944
0.254216,-0.461758,-0.378169
0.252185,-0.462706,-0.380904
0.250610,-0.462574,-0.380464
0.247703,-0.460998,-0.382831
0.244351,-0.462269,-0.383784
0.243153,-0.463409,-0.385903
0.238944,-0.461912,-0.385377
0.235311,-0.463777,-0.385338
0.232147,-0.463332,-0.389231
0.231695,-0.464963,-0.391236
0.227517,-0.463962,-0.392988
0.222136,-0.465416,-0.395308
0.221982,-0.466732,-0.398474
0.217173,-0.468535,-0.399445
0.212597,-0.467727,-0.399527
0.210506,-0.471102,-0.403047
0.207418,-0.469693,-0.404803
0.203817,-0.471766,-0.406809
0.203716,-0.470086,-0.406148
0.200369,-0.469560,-0.406826
0.199049,-0.468308,-0.403994
0.196658,-0.468144,-0.405346
0.196129,-0.465875,-0.408218
0.195947,-0.467389,-0.407328
0.193333,-0.466486,-0.407867
0.189124,-0.467573,-0.409817
0.187868,-0.466879,-0.410643
0.186155,-0.464157,-0.412199
0.184915,-0.466162,-0.412785
0.182190,-0.465174,-0.411384
0.181955,-0.462110,-0.413618
0.178314,-0.463892,-0.413110
0.175987,-0.460832,-0.415004
0.175137,-0.462560,-0.414852
0.172723,-0.460723,-0.413585
0.170262,-0.461792,-0.415044
0.170200,-0.459694,-0.417137
0.167487,-0.457074,-0.417991
0.168571,-0.459056,-0.417441
0.164325,-0.454856,-0.419354
0.162793,-0.457259,-0.416281
0.160673,-0.454162,-0.418290
0.161620,-0.457120,-0.419230
0.157288,-0.453108,-0.419258
0.155277,-0.453458,-0.421285
0.153214,-0.457370,-0.422227
0.151784,-0.454896,-0.421007
0.149563,-0.454113,-0.424400
0.147600,-0.453094,-0.424189
0.145154,-0.451961,-0.422995
0.142330,-0.452390,-0.425011
0.139837,-0.453193,-0.427142
0.137964,-0.455033,-0.426575
0.133528,-0.452559,-0.428302
0.131616,-0.454634,-0.431250
0.128503,-0.456741,-0.433417
0.124052,-0.455750,-0.434334
0.119740,-0.456057,-0.436071
0.104692,-0.468277,-0.448293
0.380140,-0.612512,-0.388858
0.384150,-0.607912,-0.383627
0.385445,-0.602023,-0.382325
0.386154,-0.598323,-0.378967
0.388113,-0.592289,-0.376380
0.390738,-0.590444,-0.375915
0.391126,-0.585119,-0.373595
0.391963,-0.583627,-0.369476
0.392162,-0.581613,-0.366777
0.392503,-0.577214,-0.367243
0.392061,-0.574952,-0.366884
0.392470,-0.573050,-0.363159
0.393144,-0.567686,-0.363977
0.392470,-0.565866,-0.361063
0.393620,-0.564065,-0.358687
0.393975,-0.559673,-0.356813
0.393237,-0.558321,-0.357178
0.394026,-0.555658,-0.356308
0.392210,-0.553511,-0.354684
0.394000,-0.550770,-0.355104
0.393703,-0.548789,-0.353510
0.391710,-0.547459,-0.351619
0.391527,-0.546106,-0.352807
0.393629,-0.543687,-0.350695
0.393244,-0.540073,-0.347318
0.393604,-0.535516,-0.347690
0.393978,-0.535370,-0.347276
0.391401,-0.534027,-0.347483
0.393586,-0.532762,-0.346244
0.389992,-0.529398,-0.345389
0.390566,-0.528784,-0.344293
0.389927,-0.526622,-0.345877
0.388576,-0.525954,-0.345387
0.389370,-0.523353,-0.344006
0.390441,-0.522163,-0.343624
0.388616,-0.520785,-0.342912
0.388544,-0.516294,-0.340415
0.386315,-0.514367,-0.341227
0.385751,-0.513647,-0.341988
0.383258,-0.514296,-0.342167
0.382452,-0.513297,-0.342056
0.383400,-0.510328,-0.338865
0.382083,-0.509432,-0.340838
0.383424,-0.507746,-0.341883
0.379894,-0.506251,-0.339046
0.379469,-0.505063,-0.342215
0.378431,-0.504902,-0.339188
0.378695,-0.502094,-0.339430
0.377449,-0.499562,-0.340185
0.376311,-0.498222,-0.339790
0.374660,-0.498948,-0.341414
0.373279,-0.497695,-0.337757
0.372734,-0.496060,-0.338100
0.370612,-0.496898,-0.339111
0.367578,-0.495303,-0.338445
0.368090,-0.493067,-0.340080
0.366375,-0.492012,-0.340336
0.365986,-0.490956,-0.338903
0.364056,-0.491046,-0.340252
0.361367,-0.490188,-0.340151
0.361674,-0.488987,-0.338539
0.359396,-0.488188,-0.340347
0.358010,-0.485051,-0.340934
0.356183,-0.486405,-0.340852
0.354244,-0.486039,-0.340302
0.352525,-0.487181,-0.342061
0.352716,-0.484633,-0.342720
0.349459,-0.483419,-0.344851
0.347050,-0.484803,-0.344392
0.345673,-0.483270,-0.342838
0.343928,-0.484709,-0.346625
0.342191,-0.482175,-0.346598
0.340489,-0.482911,-0.345915
0.339796,-0.481269,-0.346628
0.336421,-0.479694,-0.346777
0.334949,-0.480360,-0.346544
0.336432,-0.481347,-0.348517
0.331409,-0.478749,-0.349405
0.329554,-0.481604,-0.351536
0.327044,-0.479787,-0.351043
0.326590,-0.478565,-0.350155
0.324189,-0.479355,-0.351529
0.321785,-0.477478,-0.352789
0.320013,-0.478501,-0.353075
0.318035,-0.478808,-0.355634
0.315429,-0.476204,-0.356547
0.315325,-0.474982,-0.355313
0.314172,-0.477008,-0.356513
0.313125,-0.477073,-0.358402
0.308726,-0.475319,-0.357930
0.306501,-0.474739,-0.358306
0.304138,-0.473737,-0.359289
0.302418,-0.474030,-0.359962
0.301521,-0.473506,-0.359907
0.301133,-0.474058,-0.360126
0.296685,-0.473415,-0.361209
0.294432,-0.472785,-0.362539
0.294380,-0.472064,-0.362657
0.292459,-0.470580,-0.363337
0.289864,-0.470990,-0.364029
0.289059,-0.469813,-0.365350
0.286279,-0.469725,-0.365993
0.283131,-0.467663,-0.365495
0.283412,-0.470456,-0.367409
0.279473,-0.469735,-0.366872
0.279357,-0.468430,-0.368282
0.276057,-0.467172,-0.370191
0.274808,-0.464851,-0.370596
0.272344,-0.469327,-0.371333
0.272384,-0.464487,-0.369890
0.269167,-0.466224,-0.370908
0.268537,-0.464941,-0.371975
0.265021,-0.467007,-0.372349
0.264934,-0.465217,-0.374447
0.260723,-0.463351,-0.374577
0.258578,-0.463468,-0.374650
0.257228,-0.463375,-0.378126
0.254639,-0.465668,-0.377664
0.253595,-0.462765,-0.379102
0.250568,-0.463867,-0.380699
0.248135,-0.464104,-0.380972
0.246423,-0.463621,-0.382166
0.243324,-0.464706,-0.383171
0.238189,-0.464433,-0.383394
0.237167,-0.467198,-0.383412
0.233753,-0.463359,-0.388345
0.230718,-0.466082,-0.391480
0.227134,-0.465184,-0.391472
0.222412,-0.469421,-0.394352
0.220730,-0.471688,-0.396772
0.217288,-0.470057,-0.397524
0.212839,-0.472644,-0.399280
0.211199,-0.470788,-0.401524
0.205050,-0.474919,-0.403178
0.204016,-0.473403,-0.404790
0.201918,-0.475074,-0.405011
0.201620,-0.473094,-0.404259
0.198500,-0.472552,-0.405201
0.198899,-0.471504,-0.404282
0.194722,-0.467290,-0.407074
0.194568,-0.470188,-0.405463
0.192492,-0.470345,-0.407600
0.191084,-0.469228,-0.409164
0.185824,-0.469505,-0.409527
0.184235,-0.467383,-0.411084
0.184002,-0.466833,-0.411172
0.182419,-0.464321,-0.408922
0.181051,-0.465071,-0.410289
0.176930,-0.465308,-0.413554
0.174998,-0.464887,-0.412524
0.176157,-0.463517,-0.413302
0.174467,-0.462908,-0.413908
0.172397,-0.462083,-0.414181
0.169790,-0.463334,-0.414008
0.168918,-0.460348,-0.414369
0.166083,-0.459310,-0.417140
0.165067,-0.459413,-0.414444
0.162186,-0.457756,-0.415537
0.162130,-0.457532,-0.414805
0.160029,-0.457814,-0.417683
0.158084,-0.457041,-0.418155
0.156335,-0.455696,-0.418599
0.154214,-0.455970,-0.419321
0.151667,-0.454976,-0.418700
0.150782,-0.455408,-0.420249
0.147826,-0.454398,-0.421241
0.144932,-0.455552,-0.421318
0.142292,-0.454908,-0.425214
0.140626,-0.456023,-0.423469
0.139463,-0.452857,-0.423413
0.136013,-0.450669,-0.425773
0.132117,-0.454462,-0.426594
0.129749,-0.455207,-0.429391
0.125219,-0.456777,-0.432914
0.124127,-0.457059,-0.432654
0.118423,-0.457373,-0.435597
0.104078,-0.471129,-0.449267
0.379785,-0.615350,-0.387666
0.382734,-0.608227,-0.381411
0.384796,-0.602356,-0.379982
0.385822,-0.600317,-0.377546
0.387718,-0.594558,-0.374369
0.389385,-0.589734,-0.372074
0.390367,-0.587834,-0.370282
0.391282,-0.584747,-0.367709
0.390228,-0.579876,-0.367366
0.390215,-0.577695,-0.363772
0.392222,-0.576140,-0.365498
0.391880,-0.573104,-0.362420
0.392400,-0.569003,-0.359855
0.393528,-0.566116,-0.360007
0.393894,-0.562836,-0.356892
0.392802,-0.563095,-0.357141
0.392567,-0.558763,-0.356590
0.392522,-0.558412,-0.354855
0.395081,-0.554603,-0.354826
0.392498,-0.554301,-0.353697
0.392659,-0.550362,-0.351588
0.390915,-0.549319,-0.352182
0.392098,-0.543941,-0.349909
0.390888,-0.543270,-0.349669
0.392573,-0.543114,-0.347181
0.391447,-0.538545,-0.349470
0.392212,-0.537126,-0.345049
0.389241,-0.535090,-0.346492
0.390128,-0.533982,-0.345004
0.389316,-0.531782,-0.343918
0.388330,-0.531171,-0.345495
0.389388,-0.527984,-0.343332
0.387905,-0.528054,-0.344004
0.387919,-0.524034,-0.341375
0.389344,-0.523551,-0.340614
0.388412,-0.519271,-0.342157
0.385839,-0.518794,-0.340636
0.383795,-0.517295,-0.340602
0.383917,-0.515026,-0.341130
0.382775,-0.514171,-0.338874
0.381759,-0.514074,-0.338759
0.381600,-0.512170,-0.338825
0.383217,-0.510491,-0.339188
0.381574,-0.510749,-0.340390
0.378766,-0.507777,-0.339451
0.379611,-0.507743,-0.338999
0.377223,-0.505329,-0.339301
0.377699,-0.503057,-0.337378
0.375395,-0.501091,-0.337006
0.375403,-0.499500,-0.338970
0.374013,-0.499352,-0.338017
0.372414,-0.499059,-0.338709
0.370288,-0.499307,-0.339215
0.370724,-0.499381,-0.336366
0.367749,-0.498248,-0.339298
0.366089,-0.496452,-0.340210
0.364647,-0.493403,-0.338547
0.363277,-0.492346,-0.338917
0.363490,-0.491291,-0.338251
0.361855,-0.491460,-0.338679
0.361057,-0.489060,-0.338731
0.357648,-0.489699,-0.339526
0.357183,-0.486719,-0.339862
0.355304,-0.486813,-0.340547
0.353498,-0.489233,-0.341105
0.352635,-0.487630,-0.341040
0.350967,-0.486897,-0.343032
0.349446,-0.486781,-0.341925
0.347524,-0.485522,-0.343298
0.344716,-0.486019,-0.343010
0.343433,-0.484510,-0.344788
0.342482,-0.483886,-0.344543
0.340178,-0.484305,-0.346290
0.338081,-0.483555,-0.345884
0.335749,-0.481537,-0.346497
0.333911,-0.482130,-0.347837
0.332258,-0.479684,-0.346590
0.330215,-0.479742,-0.348051
0.329001,-0.479613,-0.347225
0.327655,-0.481217,-0.350141
0.323487,-0.479347,-0.351880
0.323220,-0.481012,-0.350895
0.319096,-0.478156,-0.353346
0.318772,-0.480168,-0.352838
0.315425,-0.480019,-0.353517
0.312310,-0.478992,-0.354806
0.311803,-0.478463,-0.356532
0.312631,-0.477159,-0.355947
0.310447,-0.476490,-0.355845
0.305435,-0.475630,-0.358410
0.304647,-0.476091,-0.359370
0.303713,-0.475892,-0.359272
0.303555,-0.475854,-0.360631
0.298798,-0.476722,-0.360546
0.298311,-0.475616,-0.360810
0.296091,-0.473992,-0.360697
0.293697,-0.472998,-0.362888
0.293447,-0.474548,-0.361859
0.289927,-0.472378,-0.363095
0.288789,-0.472804,-0.367518
0.285886,-0.471325,-0.364180
0.281614,-0.472993,-0.365383
0.281593,-0.471111,-0.367593
0.281057,-0.470685,-0.367103
0.278114,-0.471507,-0.368535
0.277446,-0.470455,-0.368814
0.273506,-0.469885,-0.368579
0.271457,-0.467757,-0.369896
0.272299,-0.469894,-0.368640
0.269295,-0.469031,-0.370941
0.268072,-0.467929,-0.370381
0.264719,-0.468285,-0.370775
0.262252,-0.467279,-0.371731
0.260107,-0.467396,-0.372569
0.257397,-0.468171,-0.375195
0.256376,-0.466642,-0.374050
0.254394,-0.467760,-0.374191
0.253688,-0.465908,-0.378238
0.250984,-0.465270,-0.376994
0.247272,-0.465159,-0.378886
0.246878,-0.466671,-0.380891
0.243994,-0.467186,-0.383285
0.238309,-0.466509,-0.383433
0.238407,-0.466707,-0.386649
0.233577,-0.467733,-0.384827
0.231099,-0.467634,-0.386790
0.228369,-0.469328,-0.390366
0.222872,-0.470206,-0.391965
0.218890,-0.470652,-0.395041
0.216928,-0.473245,-0.396503
0.213492,-0.473093,-0.399035
0.208840,-0.476532,-0.400036
0.205583,-0.478117,-0.403736
0.202476,-0.476796,-0.403898
0.200335,-0.475344,-0.404160
0.200386,-0.475760,-0.404071
0.200115,-0.472858,-0.402743
0.197720,-0.472303,-0.405921
0.195545,-0.469443,-0.405692
0.193767,-0.471216,-0.406887
0.191477,-0.471055,-0.407379
0.189642,-0.469886,-0.406931
0.185766,-0.469601,-0.407017
0.185130,-0.470125,-0.408325
0.184317,-0.468840,-0.408974
0.181973,-0.467659,-0.409120
0.180002,-0.469618,-0.410615
0.179066,-0.465470,-0.410466
0.175744,-0.466086,-0.411631
0.174045,-0.465259,-0.411602
0.174442,-0.465288,-0.415713
0.174079,-0.466736,-0.413133
0.171173,-0.464309,-0.413405
0.168171,-0.463837,-0.412454
0.166312,-0.462353,-0.413448
0.164531,-0.463514,-0.411912
0.163091,-0.459096,-0.415928
0.163008,-0.460745,-0.415777
0.161392,-0.460729,-0.416611
0.158716,-0.459287,-0.417138
0.157506,-0.458719,-0.416321
0.154324,-0.457702,-0.417506
0.153630,-0.459412,-0.417755
0.149423,-0.456524,-0.418540
0.148639,-0.458410,-0.420313
0.145281,-0.456287,-0.421367
0.143864,-0.458701,-0.421163
0.142943,-0.454748,-0.422109
0.141158,-0.455365,-0.423237
0.137865,-0.455560,-0.423306
0.135834,-0.456349,-0.425446
0.131298,-0.454426,-0.426811
0.127418,-0.456583,-0.428854
0.123618,-0.458953,-0.431613
0.122941,-0.458261,-0.432980
0.116258,-0.459752,-0.434513
0.376344,-0.615639,-0.385211
0.380475,-0.608192,-0.381183
0.382684,-0.603662,-0.377378
0.383966,-0.601429,-0.376709
0.387892,-0.595711,-0.372570
0.387575,-0.592469,-0.368929
0.388855,-0.588272,-0.368785
0.388502,-0.585179,-0.364465
0.390029,-0.582767,-0.365632
0.391873,-0.580631,-0.362906
0.390501,-0.576327,-0.363464
0.390874,-0.573957,-0.361940
0.390323,-0.571121,-0.359734
0.391005,-0.567901,-0.359545
0.390921,-0.566564,-0.357715
0.392378,-0.563820,-0.355873
0.394085,-0.560858,-0.355499
0.392210,-0.558344,-0.352392
0.392156,-0.554166,-0.352468
0.391591,-0.553783,-0.351404
0.390552,-0.551289,-0.352871
0.391139,-0.548224,-0.348514
0.392329,-0.546563,-0.349073
0.390419,-0.544269,-0.347886
0.389744,-0.542226,-0.347140
0.390193,-0.539398,-0.347317
0.390197,-0.540826,-0.345777
0.390842,-0.534831,-0.345160
0.389399,-0.535103,-0.344947
0.387816,-0.532692,-0.344168
0.388332,-0.530768,-0.342941
0.385980,-0.530257,-0.341626
0.387435,-0.528266,-0.341535
0.387932,-0.523710,-0.342599
0.386136,-0.524117,-0.341246
0.385275,-0.521726,-0.340871
0.385593,-0.519585,-0.339130
0.385034,-0.520131,-0.338715
0.383935,-0.515981,-0.338719
0.382852,-0.515220,-0.339279
0.381622,-0.515399,-0.339261
0.378700,-0.514196,-0.340126
0.379400,-0.510707,-0.338506
0.378639,-0.509195,-0.337814
0.377908,-0.507331,-0.337303
0.377363,-0.508481,-0.337103
0.376149,-0.504317,-0.336451
0.377442,-0.505956,-0.336430
0.373409,-0.503374,-0.335920
0.373045,-0.502213,-0.336638
0.373043,-0.501385,-0.337638
0.372446,-0.500000,-0.337670
0.368922,-0.499346,-0.338787
0.368982,-0.497951,-0.337699
0.366992,-0.498122,-0.337753
0.365796,-0.497680,-0.339081
0.363660,-0.494979,-0.339064
0.361999,-0.494830,-0.338724
0.363107,-0.493242,-0.338998
0.360881,-0.492352,-0.338171
0.357896,-0.491052,-0.340155
0.354304,-0.488969,-0.340622
0.355783,-0.490978,-0.339424
0.352401,-0.489586,-0.340166
0.349283,-0.491505,-0.339855
0.351346,-0.488712,-0.341675
0.348625,-0.489168,-0.340950
0.346638,-0.487458,-0.344661
0.344800,-0.485632,-0.342094
0.341186,-0.487008,-0.343520
0.341588,-0.486965,-0.343779
0.339074,-0.485076,-0.344754
0.338332,-0.483679,-0.344440
0.335202,-0.484457,-0.344697
0.334004,-0.485713,-0.345752
0.333383,-0.483317,-0.347201
0.330982,-0.481832,-0.347285
0.329333,-0.481318,-0.346942
0.328597,-0.480580,-0.348150
0.325936,-0.480314,-0.348629
0.322519,-0.481021,-0.350048
0.323925,-0.480526,-0.351722
0.318906,-0.478968,-0.351882
0.317478,-0.480164,-0.351675
0.315395,-0.481415,-0.353465
0.311817,-0.480957,-0.355240
0.310049,-0.480728,-0.354696
0.308648,-0.478258,-0.356731
0.306137,-0.479064,-0.355379
0.306258,-0.478073,-0.355780
0.304576,-0.479326,-0.358817
0.300318,-0.478720,-0.358684
0.300077,-0.476482,-0.359738
0.297412,-0.477489,-0.359470
0.295716,-0.476195,-0.359455
0.294267,-0.474673,-0.360025
0.292396,-0.474297,-0.363554
0.289223,-0.476422,-0.361906
0.286839,-0.472958,-0.363125
0.284449,-0.475446,-0.365527
0.283644,-0.474221,-0.364794
0.281945,-0.474702,-0.366030
0.280808,-0.475758,-0.367499
0.278124,-0.473959,-0.366622
0.277877,-0.474124,-0.368030
0.274598,-0.471860,-0.367135
0.270760,-0.470421,-0.369662
0.270092,-0.471186,-0.367870
0.269375,-0.471866,-0.369225
0.265816,-0.471380,-0.370448
0.263979,-0.471042,-0.370102
0.262836,-0.469129,-0.370602
0.261251,-0.469841,-0.373524
0.257584,-0.467665,-0.373730
0.256367,-0.469816,-0.372269
0.252992,-0.467804,-0.377175
0.252981,-0.468291,-0.375744
0.250732,-0.467306,-0.378868
0.246776,-0.468229,-0.377983
0.245667,-0.467119,-0.378618
0.243106,-0.468652,-0.379342
0.238094,-0.468624,-0.380430
0.238901,-0.470486,-0.384037
0.236046,-0.469796,-0.384699
0.229967,-0.471691,-0.386826
0.229701,-0.470127,-0.388640
0.224052,-0.473326,-0.391793
0.219650,-0.476852,-0.393396
0.217660,-0.474405,-0.396106
0.214676,-0.475317,-0.397278
0.208778,-0.476659,-0.400529
0.204173,-0.480895,-0.402007
0.204692,-0.477743,-0.403519
0.201860,-0.476162,-0.401825
0.199320,-0.477647,-0.402789
0.199910,-0.474511,-0.402854
0.198480,-0.473094,-0.403070
0.195026,-0.472989,-0.404450
0.195512,-0.473460,-0.404444
0.191517,-0.474338,-0.403508
0.191199,-0.473623,-0.405679
0.186780,-0.472495,-0.404801
0.186767,-0.472078,-0.408136
0.184386,-0.471086,-0.408754
0.181231,-0.472036,-0.409315
0.182185,-0.469125,-0.409964
0.181126,-0.469900,-0.408785
0.178118,-0.468449,-0.410007
0.175626,-0.467858,-0.412117
0.174868,-0.467002,-0.411735
0.172081,-0.465605,-0.411888
0.169396,-0.465486,-0.411319
0.168268,-0.466131,-0.412189
0.167111,-0.464074,-0.412480
0.163913,-0.464003,-0.413215
0.163919,-0.462537,-0.414078
0.162756,-0.462449,-0.413806
0.160318,-0.462756,-0.415269
0.159392,-0.461164,-0.413777
0.157075,-0.458954,-0.415943
0.155709,-0.458570,-0.415114
0.154058,-0.459936,-0.416963
0.151962,-0.459783,-0.416263
0.148957,-0.458159,-0.417446
0.144908,-0.457115,-0.418551
0.143825,-0.457807,-0.417665
0.140940,-0.457773,-0.420551
0.140183,-0.457045,-0.421776
0.138546,-0.456092,-0.422929
0.135463,-0.456615,-0.422460
0.133665,-0.457527,-0.424489
0.130889,-0.456210,-0.425617
0.126432,-0.456682,-0.426906
0.123482,-0.458192,-0.429333
0.120027,-0.460879,-0.432759
0.115455,-0.461711,-0.436754
0.369037,-0.628189,-0.389413
0.376177,-0.616037,-0.383313
0.380028,-0.609324,-0.378799
0.381190,-0.605416,-0.377434
0.382479,-0.601069,-0.373967
0.384979,-0.597095,-0.370800
0.386171,-0.594446,-0.368527
0.388080,-0.587426,-0.366956
0.388647,-0.586675,-0.365089
0.386970,-0.582767,-0.364320
0.388607,-0.579891,-0.363530
0.390594,-0.578116,-0.360324
0.390279,-0.574261,-0.361210
0.391039,-0.573624,-0.357006
0.390238,-0.569592,-0.356358
0.390593,-0.568732,-0.358562
0.391752,-0.564649,-0.355985
0.390689,-0.561453,-0.353051
0.392333,-0.558640,-0.353364
0.390673,-0.555548,-0.352534
0.389791,-0.553210,-0.352567
0.389752,-0.551367,-0.349912
0.388970,-0.550399,-0.350391
0.390660,-0.548082,-0.348211
0.389712,-0.546179,-0.346573
0.389299,-0.543703,-0.346083
0.387879,-0.540190,-0.342935
0.390372,-0.539415,-0.345789
0.388736,-0.537649,-0.343346
0.387245,-0.536444,-0.344010
0.387348,-0.535780,-0.342380
0.387111,-0.532929,-0.341007
0.384119,-0.532111,-0.341857
0.385940,-0.528899,-0.341720
0.385132,-0.526968,-0.341065
0.384472,-0.524753,-0.339557
0.384440,-0.524095,-0.337831
0.384475,-0.522265,-0.339963
0.382412,-0.521515,-0.339819
0.382379,-0.519232,-0.336569
0.382088,-0.516895,-0.338405
0.379701,-0.515229,-0.336546
0.380637,-0.515335,-0.337183
0.377632,-0.512676,-0.336138
0.375961,-0.513346,-0.337409
0.376078,-0.510235,-0.337947
0.374822,-0.507983,-0.335628
0.375587,-0.507855,-0.337890
0.373224,-0.504771,-0.337035
0.373930,-0.505517,-0.336045
0.371512,-0.501432,-0.336114
0.370027,-0.500738,-0.336758
0.368196,-0.502527,-0.336793
0.368270,-0.501633,-0.336028
0.366387,-0.500495,-0.337693
0.364434,-0.498535,-0.336442
0.363982,-0.498045,-0.336450
0.362321,-0.497296,-0.338077
0.361137,-0.494721,-0.337185
0.359128,-0.494552,-0.338230
0.359441,-0.494346,-0.336003
0.357782,-0.493668,-0.337797
0.354901,-0.491312,-0.339661
0.353833,-0.492580,-0.339731
0.352451,-0.490165,-0.340279
0.350094,-0.489738,-0.341618
0.349222,-0.490193,-0.340702
0.346129,-0.491452,-0.340876
0.345367,-0.488438,-0.341046
0.343391,-0.489309,-0.340417
0.341676,-0.486628,-0.341841
0.339609,-0.485680,-0.342449
0.338999,-0.487582,-0.343343
0.335319,-0.487312,-0.343914
0.335182,-0.487124,-0.344939
0.331578,-0.485302,-0.344682
0.329866,-0.484919,-0.345975
0.328162,-0.483155,-0.347127
0.326859,-0.484379,-0.347622
0.325123,-0.482185,-0.348854
0.323652,-0.481947,-0.349569
0.323768,-0.483292,-0.348864
0.319368,-0.480241,-0.348536
0.317375,-0.481234,-0.350929
0.316724,-0.482326,-0.349739
0.314671,-0.481242,-0.351694
0.313559,-0.482666,-0.353700
0.310542,-0.479983,-0.354482
0.306694,-0.480687,-0.355366
0.306496,-0.480813,-0.355396
0.303666,-0.482465,-0.356879
0.304827,-0.480551,-0.356141
0.300117,-0.480989,-0.357741
0.297514,-0.478236,-0.358906
0.295126,-0.479476,-0.361240
0.293007,-0.479554,-0.358977
0.291314,-0.477304,-0.360228
0.288610,-0.476927,-0.359288
0.288099,-0.477471,-0.361955
0.285845,-0.477414,-0.363994
0.282118,-0.477429,-0.365428
0.280512,-0.477132,-0.364989
0.279043,-0.475630,-0.367119
0.277532,-0.477807,-0.368003
0.275444,-0.474699,-0.367793
0.273523,-0.474004,-0.367487
0.272372,-0.474603,-0.366968
0.269340,-0.473710,-0.369399
0.268568,-0.471507,-0.368718
0.267877,-0.473390,-0.368636
0.266251,-0.473131,-0.370868
0.263028,-0.472401,-0.369483
0.261712,-0.471083,-0.372318
0.259302,-0.471736,-0.373313
0.259217,-0.470949,-0.374517
0.253823,-0.469609,-0.373326
0.253529,-0.471132,-0.375252
0.251145,-0.471052,-0.375782
0.247452,-0.470331,-0.376551
0.245911,-0.470904,-0.376686
0.242609,-0.469144,-0.378120
0.241056,-0.469458,-0.381280
0.238918,-0.471169,-0.382697
0.233631,-0.471684,-0.382741
0.231435,-0.470090,-0.383639
0.229970,-0.472718,-0.386904
0.222461,-0.474274,-0.390099
0.220212,-0.477859,-0.393252
0.215988,-0.476835,-0.393397
0.213588,-0.478371,-0.395542
0.207351,-0.481198,-0.401268
0.204268,-0.482022,-0.402701
0.203110,-0.478168,-0.401630
0.201953,-0.479799,-0.401763
0.198855,-0.479149,-0.401939
0.199249,-0.479055,-0.403091
0.197053,-0.476032,-0.400759
0.196302,-0.477522,-0.401051
0.194715,-0.475958,-0.402354
0.193068,-0.474337,-0.403023
0.189923,-0.475239,-0.404273
0.188692,-0.475541,-0.405671
0.185175,-0.473676,-0.404322
0.184503,-0.473786,-0.405016
0.182702,-0.471780,-0.404913
0.182292,-0.473247,-0.408595
0.178936,-0.471329,-0.407063
0.177102,-0.469852,-0.407806
0.175334,-0.470141,-0.410625
0.175488,-0.469531,-0.411091
0.171651,-0.467595,-0.411033
0.171637,-0.469555,-0.409326
0.169091,-0.468064,-0.409811
0.165097,-0.465789,-0.411034
0.164127,-0.465775,-0.412927
0.162211,-0.465460,-0.412446
0.162542,-0.464764,-0.411910
0.160563,-0.464464,-0.411990
0.159342,-0.465079,-0.414093
0.156718,-0.460578,-0.414455
0.155809,-0.461517,-0.414252
0.154540,-0.459946,-0.414182
0.151803,-0.461924,-0.414510
0.148825,-0.460057,-0.415438
0.147037,-0.460032,-0.417358
0.145219,-0.456938,-0.417165
0.141779,-0.458985,-0.421025
0.141129,-0.457829,-0.419988
0.137447,-0.458153,-0.418126
0.135338,-0.458837,-0.419004
0.135897,-0.456092,-0.420991
0.132087,-0.458420,-0.423196
0.129501,-0.459209,-0.424694
0.125231,-0.458604,-0.426198
0.122775,-0.460423,-0.429494
0.117388,-0.462422,-0.430811
0.112922,-0.461372,-0.431756
0.368671,-0.626137,-0.389294
0.375968,-0.618018,-0.382530
0.381520,-0.610030,-0.378451
0.383739,-0.604207,-0.375390
0.382558,-0.600086,-0.372451
0.384439,-0.598823,-0.371058
0.385888,-0.594044,-0.366479
0.388217,-0.591029,-0.367060
0.386796,-0.588105,-0.364893
0.387118,-0.585176,-0.363972
0.389100,-0.579771,-0.361650
0.387293,-0.580005,-0.359358
0.389642,-0.576218,-0.359739
0.390291,-0.573462,-0.359267
0.388048,-0.569250,-0.356491
0.390186,-0.568616,-0.355364
0.389312,-0.563710,-0.354173
0.389335,-0.563496,-0.352868
0.388973,-0.561298,-0.350926
0.388760,-0.557692,-0.350481
0.389221,-0.557429,-0.348601
0.388727,-0.555755,-0.348243
0.389348,-0.550873,-0.346505
0.390141,-0.549575,-0.347319
0.388811,-0.547585,-0.347159
0.388375,-0.545744,-0.344873
0.387597,-0.541104,-0.344194
0.388699,-0.541334,-0.342416
0.387797,-0.538977,-0.342716
0.386716,-0.536754,-0.342415
0.388419,-0.533613,-0.342445
0.384332,-0.533412,-0.341809
0.385632,-0.531485,-0.339592
0.385008,-0.529324,-0.339986
0.384559,-0.527108,-0.339065
0.382105,-0.525217,-0.339069
0.380272,-0.525065,-0.339105
0.380863,-0.523487,-0.336064
0.381884,-0.520945,-0.338444
0.379682,-0.519291,-0.336605
0.380295,-0.518506,-0.337300
0.379300,-0.516348,-0.337632
0.377609,-0.515504,-0.337521
0.376434,-0.513889,-0.336685
0.377159,-0.514321,-0.335506
0.375295,-0.513548,-0.336421
0.374494,-0.509837,-0.334890
0.375595,-0.509016,-0.334926
0.372150,-0.506202,-0.336612
0.372258,-0.505141,-0.336819
0.370823,-0.503363,-0.334847
0.370886,-0.504815,-0.334724
0.367603,-0.504009,-0.334990
0.368970,-0.504321,-0.334318
0.364372,-0.501586,-0.334797
0.365259,-0.500978,-0.337311
0.361968,-0.499344,-0.334556
0.359198,-0.496912,-0.335862
0.359351,-0.496871,-0.334947
0.357818,-0.496804,-0.336514
0.356659,-0.494717,-0.337111
0.355735,-0.492075,-0.337401
0.354777,-0.493484,-0.337765
0.351496,-0.493888,-0.337299
0.350422,-0.493521,-0.337604
0.347677,-0.492880,-0.339279
0.348543,-0.491351,-0.337707
0.345030,-0.491586,-0.340574
0.344552,-0.488970,-0.342138
0.341096,-0.489370,-0.340434
0.342231,-0.489986,-0.342813
0.337654,-0.486725,-0.343795
0.337328,-0.487690,-0.341127
0.333528,-0.488747,-0.342910
0.332742,-0.489574,-0.342778
0.331870,-0.486367,-0.343904
0.329359,-0.487155,-0.344488
0.329335,-0.485536,-0.345785
0.324467,-0.485638,-0.346894
0.323885,-0.483538,-0.346689
0.321243,-0.484559,-0.346603
0.322271,-0.484908,-0.348737
0.318549,-0.483353,-0.349271
0.315757,-0.483388,-0.349777
0.315725,-0.482297,-0.349370
0.311202,-0.484240,-0.350920
0.310059,-0.481763,-0.353024
0.308307,-0.483832,-0.353691
0.305109,-0.482976,-0.354637
0.304776,-0.482085,-0.353923
0.301152,-0.480899,-0.354932
0.298702,-0.483449,-0.356233
0.297892,-0.483133,-0.356734
0.294032,-0.480809,-0.356672
0.293717,-0.481525,-0.358318
0.291818,-0.480902,-0.359357
0.290937,-0.480995,-0.360593
0.288527,-0.479423,-0.358326
0.286129,-0.478925,-0.361214
0.283785,-0.480866,-0.362841
0.282624,-0.478807,-0.362968
0.279211,-0.478275,-0.363496
0.277345,-0.477827,-0.366754
0.273671,-0.476697,-0.364767
0.274549,-0.476795,-0.367299
0.273527,-0.477417,-0.367338
0.269516,-0.475494,-0.366267
0.268067,-0.475680,-0.366805
0.267094,-0.474024,-0.367619
0.263937,-0.475982,-0.369458
0.263450,-0.473436,-0.369786
0.259300,-0.474860,-0.372900
0.257901,-0.473785,-0.370939
0.255819,-0.473964,-0.371639
0.253853,-0.471647,-0.373325
0.252553,-0.472149,-0.375636
0.249133,-0.472607,-0.373821
0.248455,-0.473568,-0.375150
0.245181,-0.471996,-0.377071
0.243078,-0.472585,-0.377800
0.240930,-0.475045,-0.381877
0.239638,-0.474141,-0.377819
0.237967,-0.473447,-0.379364
0.231984,-0.471140,-0.382488
0.228469,-0.475476,-0.384901
0.225933,-0.478464,-0.387744
0.220877,-0.478783,-0.391155
0.217077,-0.479651,-0.393269
0.213900,-0.481953,-0.394584
0.208913,-0.484032,-0.399951
0.203574,-0.485647,-0.400663
0.204435,-0.483549,-0.402476
0.201595,-0.485144,-0.402212
0.199027,-0.482491,-0.400527
0.197279,-0.481538,-0.402796
0.197076,-0.480963,-0.402148
0.195307,-0.480125,-0.401451
0.194291,-0.478139,-0.400948
0.191257,-0.478820,-0.401361
0.190149,-0.476253,-0.402014
0.189179,-0.476093,-0.404506
0.186807,-0.475949,-0.404597
0.183720,-0.477991,-0.406965
0.184416,-0.475696,-0.404334
0.180750,-0.473677,-0.406085
0.180226,-0.474090,-0.405004
0.178621,-0.473964,-0.408796
0.175159,-0.472794,-0.407894
0.173768,-0.471084,-0.406704
0.172671,-0.468896,-0.409912
0.171230,-0.469417,-0.408076
0.170990,-0.469472,-0.409727
0.167113,-0.469482,-0.409778
0.166845,-0.468144,-0.409313
0.164736,-0.468565,-0.409898
0.161651,-0.466187,-0.410505
0.161029,-0.465187,-0.410441
0.160095,-0.463455,-0.411505
0.158829,-0.463797,-0.411664
0.155259,-0.464369,-0.413672
0.154839,-0.462754,-0.413104
0.151733,-0.461859,-0.414907
0.150879,-0.461027,-0.412803
0.149572,-0.460791,-0.414807
0.147509,-0.460628,-0.414952
0.144216,-0.461146,-0.416618
0.141131,-0.459762,-0.419216
0.137557,-0.459498,-0.418127
0.137381,-0.458972,-0.419583
0.135878,-0.459854,-0.419836
0.133189,-0.458496,-0.419985
0.130654,-0.458904,-0.421325
0.127420,-0.458042,-0.424610
0.124260,-0.459996,-0.424901
0.119523,-0.461950,-0.428832
0.116073,-0.463554,-0.431013
0.113243,-0.463836,-0.432128
0.368388,-0.627885,-0.388363
0.374373,-0.617027,-0.382118
0.379194,-0.611613,-0.377932
0.381315,-0.607269,-0.373850
0.382016,-0.603231,-0.372318
0.384552,-0.597927,-0.366794
0.384544,-0.594552,-0.367992
0.385718,-0.593033,-0.365485
0.387406,-0.587924,-0.361557
0.386268,-0.583623,-0.361695
0.387471,-0.582720,-0.360957
0.387987,-0.579859,-0.358692
0.387863,-0.576720,-0.357700
0.389476,-0.573730,-0.355840
0.387468,-0.571384,-0.355500
0.388360,-0.569280,-0.355534
0.388870,-0.566487,-0.352726
0.390073,-0.561858,-0.351482
0.389236,-0.560366,-0.349816
0.388385,-0.559536,-0.347970
0.387775,-0.556465,-0.349208
0.387944,-0.556456,-0.348739
0.388221,-0.553856,-0.348000
0.387200,-0.550426,-0.345208
0.388010,-0.548600,-0.345635
0.385751,-0.545988,-0.345497
0.386638,-0.544723,-0.342531
0.387012,-0.540949,-0.342839
0.385780,-0.540862,-0.341824
0.385425,-0.537080,-0.340956
0.385550,-0.535400,-0.339216
0.385802,-0.533698,-0.338891
0.384152,-0.534761,-0.338647
0.384111,-0.531916,-0.341991
0.382177,-0.529459,-0.339094
0.383864,-0.527057,-0.338106
0.381034,-0.527311,-0.338002
0.381573,-0.522236,-0.336065
0.380089,-0.521757,-0.337781
0.379114,-0.521159,-0.334980
0.380142,-0.519949,-0.335903
0.377328,-0.517721,-0.335508
0.377683,-0.518652,-0.334846
0.375916,-0.514913,-0.335569
0.374074,-0.515092,-0.335529
0.374230,-0.511367,-0.333460
0.373235,-0.511642,-0.333281
0.374558,-0.510561,-0.334833
0.369860,-0.508567,-0.333613
0.371716,-0.508195,-0.334096
0.369138,-0.505822,-0.334149
0.367467,-0.504972,-0.333351
0.367242,-0.504130,-0.333821
0.365489,-0.501402,-0.334091
0.363374,-0.501966,-0.333738
0.361745,-0.500975,-0.335915
0.361025,-0.501149,-0.335096
0.360380,-0.497659,-0.334885
0.357763,-0.499048,-0.333947
0.357684,-0.500072,-0.332615
0.357079,-0.497000,-0.335195
0.354484,-0.496985,-0.336317
0.353132,-0.496158,-0.337122
0.351571,-0.495159,-0.337234
0.349233,-0.494274,-0.336274
0.347851,-0.494121,-0.337679
0.344587,-0.492934,-0.338011
0.345089,-0.491921,-0.339944
0.342900,-0.491070,-0.339531
0.341091,-0.490835,-0.340585
0.338678,-0.489986,-0.339602
0.337298,-0.489822,-0.340942
0.335033,-0.488636,-0.339651
0.334744,-0.490409,-0.343213
0.331807,-0.487127,-0.345094
0.329428,-0.490060,-0.343937
0.326266,-0.489596,-0.341605
0.325798,-0.487746,-0.345908
0.323469,-0.487108,-0.344470
0.321944,-0.487042,-0.345354
0.321230,-0.487404,-0.346589
0.320053,-0.484315,-0.349013
0.316621,-0.486018,-0.349165
0.313896,-0.486340,-0.348850
0.313282,-0.486398,-0.349223
0.309061,-0.484635,-0.350622
0.309296,-0.484581,-0.351446
0.305165,-0.484328,-0.352349
0.304768,-0.485291,-0.353233
0.302426,-0.485423,-0.355129
0.301570,-0.484633,-0.354959
0.298926,-0.482378,-0.354252
0.295468,-0.482548,-0.353876
0.295481,-0.482515,-0.357322
0.295299,-0.481709,-0.356871
0.291855,-0.482287,-0.358129
0.286617,-0.482167,-0.357802
0.286562,-0.481155,-0.360158
0.283133,-0.480177,-0.362548
0.281565,-0.479391,-0.362818
0.282077,-0.481959,-0.361294
0.276279,-0.482407,-0.364520
0.274085,-0.482248,-0.363580
0.273122,-0.481057,-0.364737
0.271388,-0.479328,-0.364902
0.268811,-0.481413,-0.366155
0.268162,-0.477917,-0.367279
0.267404,-0.478163,-0.367271
0.263882,-0.477989,-0.367192
0.261415,-0.478029,-0.368602
0.259719,-0.479017,-0.370307
0.258347,-0.477681,-0.371869
0.255291,-0.475144,-0.371567
0.255138,-0.474984,-0.369763
0.253075,-0.476520,-0.373467
0.250706,-0.474375,-0.373883
0.246823,-0.475737,-0.373141
0.244391,-0.475258,-0.373159
0.242843,-0.475532,-0.376640
0.241770,-0.475140,-0.378126
0.238164,-0.476973,-0.378523
0.234433,-0.475643,-0.380692
0.234866,-0.477479,-0.382253
0.230683,-0.477297,-0.382184
0.224974,-0.479065,-0.387548
0.219882,-0.482007,-0.390229
0.217990,-0.480923,-0.390980
0.206567,-0.487868,-0.395589
0.206245,-0.489116,-0.398997
0.204964,-0.488207,-0.400020
0.204641,-0.487464,-0.401436
0.201547,-0.484457,-0.401683
0.198829,-0.485131,-0.399849
0.198226,-0.483615,-0.399908
0.197992,-0.482762,-0.399499
0.195265,-0.482604,-0.399632
0.194972,-0.481121,-0.402699
0.193468,-0.478924,-0.400025
0.190988,-0.479531,-0.402183
0.187395,-0.482440,-0.401899
0.188129,-0.478806,-0.404542
0.184415,-0.476029,-0.405133
0.182320,-0.478554,-0.405241
0.182675,-0.475230,-0.405785
0.180706,-0.476767,-0.404122
0.179046,-0.474331,-0.404107
0.176622,-0.475886,-0.404877
0.175642,-0.474027,-0.406307
0.173970,-0.473880,-0.407958
0.170022,-0.472053,-0.405627
0.169094,-0.471864,-0.406599
0.168396,-0.470965,-0.408388
0.167100,-0.469738,-0.407155
0.163625,-0.468682,-0.410554
0.164239,-0.467299,-0.409299
0.160764,-0.469014,-0.409116
0.158538,-0.466671,-0.411871
0.158320,-0.466546,-0.411468
0.156158,-0.465241,-0.412440
0.155447,-0.463798,-0.411952
0.151681,-0.464378,-0.412410
0.151108,-0.463802,-0.411657
0.150144,-0.463102,-0.413361
0.144829,-0.463236,-0.415329
0.146202,-0.462780,-0.414269
0.141282,-0.463208,-0.417485
0.139866,-0.462673,-0.417254
0.138930,-0.462370,-0.417229
0.135523,-0.460585,-0.417239
0.133721,-0.460662,-0.417438
0.131247,-0.460795,-0.419920
0.128890,-0.460144,-0.419817
0.127425,-0.459530,-0.421857
0.124789,-0.461567,-0.426457
0.117649,-0.463860,-0.426577
0.113608,-0.467581,-0.430357
0.109250,-0.467250,-0.432476
0.367849,-0.627772,-0.386394
0.373593,-0.617913,-0.377309
0.378240,-0.613524,-0.374907
0.380450,-0.608837,-0.373972
0.381907,-0.602172,-0.370150
0.383161,-0.599883,-0.368278
0.385105,-0.596907,-0.364801
0.386083,-0.592634,-0.365261
0.385532,-0.589096,-0.361428
0.386072,-0.587233,-0.357384
0.385693,-0.581137,-0.358146
0.386756,-0.581862,-0.358793
0.386089,-0.578479,-0.355926
0.386214,-0.576012,-0.354534
0.386580,-0.572861,-0.354464
0.386593,-0.570080,-0.351136
0.389332,-0.567270,-0.351799
0.387556,-0.564596,-0.350253
0.387795,-0.562158,-0.350600
0.386564,-0.560158,-0.348344
0.387784,-0.558238,-0.349121
0.385657,-0.556915,-0.345828
0.387738,-0.552752,-0.346575
0.387015,-0.551852,-0.343004
0.384966,-0.549637,-0.342889
0.386178,-0.547638,-0.344925
0.387419,-0.545653,-0.339369
0.385281,-0.542236,-0.343474
0.386132,-0.544302,-0.341987
0.385221,-0.540024,-0.340459
0.382567,-0.536357,-0.338960
0.383467,-0.535900,-0.337519
0.382439,-0.535355,-0.339089
0.379609,-0.534521,-0.339091
0.381551,-0.529521,-0.336964
0.379761,-0.531186,-0.336550
0.381112,-0.526822,-0.336369
0.381228,-0.525707,-0.335390
0.377921,-0.524707,-0.336390
0.378676,-0.522975,-0.336180
0.377114,-0.520751,-0.334927
0.376103,-0.517972,-0.335179
0.375352,-0.517960,-0.334549
0.374433,-0.517119,-0.333348
0.372901,-0.515551,-0.333373
0.373492,-0.515245,-0.333725
0.372425,-0.512556,-0.331585
0.371509,-0.513300,-0.333676
0.367715,-0.508511,-0.332321
0.368223,-0.507583,-0.333784
0.367235,-0.506233,-0.334586
0.366312,-0.506216,-0.332826
0.364810,-0.505190,-0.331695
0.364950,-0.505960,-0.332531
0.364603,-0.505235,-0.334903
0.360901,-0.502437,-0.336072
0.358412,-0.501506,-0.333781
0.358301,-0.502747,-0.332413
0.357968,-0.499216,-0.334092
0.355814,-0.500028,-0.335785
0.355454,-0.497916,-0.334980
0.355390,-0.497035,-0.333156
0.351981,-0.494224,-0.335548
0.349641,-0.496717,-0.335717
0.347422,-0.495920,-0.338643
0.345453,-0.496049,-0.337227
0.345863,-0.495780,-0.339099
0.343079,-0.492983,-0.338462
0.342051,-0.494082,-0.338084
0.339463,-0.493160,-0.338215
0.339551,-0.491289,-0.339334
0.335279,-0.493556,-0.340882
0.332501,-0.491379,-0.342479
0.332667,-0.490159,-0.341747
0.329690,-0.489966,-0.343816
0.329599,-0.489795,-0.343081
0.325856,-0.490962,-0.343493
0.323920,-0.488690,-0.344633
0.324106,-0.489164,-0.343036
0.321365,-0.487545,-0.345304
0.320082,-0.488021,-0.347186
0.317184,-0.488223,-0.346062
0.315807,-0.485436,-0.347799
0.313706,-0.489072,-0.348755
0.310198,-0.486389,-0.349343
0.305972,-0.487223,-0.348755
0.306774,-0.487290,-0.349766
0.305156,-0.485703,-0.351409
0.301999,-0.485865,-0.351351
0.301309,-0.485615,-0.354240
0.298853,-0.481758,-0.353980
0.295743,-0.484842,-0.356988
0.294658,-0.483965,-0.355658
0.292758,-0.482530,-0.356541
0.290051,-0.483799,-0.355436
0.288250,-0.487592,-0.355932
0.285985,-0.484019,-0.359124
0.284740,-0.482526,-0.358698
0.281896,-0.482430,-0.360575
0.279560,-0.484922,-0.363887
0.277328,-0.483718,-0.363960
0.274679,-0.481895,-0.363459
0.274763,-0.483462,-0.364206
0.270388,-0.482777,-0.363987
0.269975,-0.481445,-0.366078
0.267224,-0.481267,-0.368607
0.264634,-0.479754,-0.364349
0.264299,-0.481560,-0.367922
0.262932,-0.479382,-0.366757
0.260205,-0.477954,-0.369276
0.258235,-0.479394,-0.369684
0.254203,-0.480152,-0.367638
0.255297,-0.478180,-0.369715
0.253374,-0.476962,-0.370418
0.249798,-0.478315,-0.374561
0.247610,-0.477911,-0.373496
0.244708,-0.477603,-0.374094
0.244063,-0.476766,-0.375263
0.240018,-0.476793,-0.375948
0.237843,-0.477778,-0.379475
0.234757,-0.478283,-0.376444
0.234244,-0.477508,-0.379730
0.228602,-0.481163,-0.381375
0.225997,-0.481111,-0.383217
0.221116,-0.483288,-0.387882
0.217016,-0.484400,-0.390064
0.205757,-0.490476,-0.397282
0.204513,-0.490962,-0.398647
0.203838,-0.490058,-0.398611
0.202647,-0.488571,-0.399218
0.200528,-0.489118,-0.397385
0.199040,-0.487151,-0.399491
0.199278,-0.484594,-0.399562
0.196936,-0.485509,-0.401102
0.195370,-0.484458,-0.398986
0.194091,-0.483222,-0.399563
0.191761,-0.483951,-0.400101
0.191397,-0.481380,-0.399782
0.188813,-0.480001,-0.400693
0.185890,-0.481788,-0.399857
0.184976,-0.478980,-0.402918
0.184322,-0.479961,-0.401247
0.182722,-0.481335,-0.404672
0.179614,-0.477274,-0.403046
0.177616,-0.475985,-0.404226
0.177771,-0.475978,-0.404925
0.176448,-0.476647,-0.405743
0.171149,-0.474742,-0.406969
0.169694,-0.475002,-0.406254
0.170702,-0.473821,-0.407400
0.168573,-0.474193,-0.407743
0.165688,-0.470658,-0.407074
0.166317,-0.470964,-0.406682
0.163741,-0.471593,-0.409434
0.160015,-0.469678,-0.406351
0.161698,-0.468080,-0.408169
0.159199,-0.466362,-0.409370
0.156242,-0.467653,-0.411622
0.156007,-0.467485,-0.410373
0.153402,-0.466516,-0.408748
0.148266,-0.465499,-0.411566
0.148930,-0.465965,-0.412423
0.146450,-0.464156,-0.412622
0.148064,-0.465212,-0.414254
0.143458,-0.463661,-0.414707
0.139536,-0.466569,-0.415408
0.138264,-0.464129,-0.416374
0.137213,-0.463575,-0.414849
0.135775,-0.462199,-0.416299
0.133120,-0.462800,-0.417695
0.130190,-0.461853,-0.421032
0.126099,-0.461599,-0.421195
0.125859,-0.462133,-0.422318
0.121141,-0.464469,-0.424664
0.115584,-0.466273,-0.426125
0.112252,-0.467286,-0.429869
0.108481,-0.467887,-0.430016
0.367526,-0.629743,-0.385034
0.374843,-0.620785,-0.379666
0.377124,-0.612948,-0.374671
0.378084,-0.609493,-0.369548
0.380665,-0.606325,-0.370152
0.380152,-0.600234,-0.366316
0.382896,-0.597364,-0.363829
0.383756,-0.592361,-0.362270
0.385023,-0.591252,-0.361132
0.382720,-0.587862,-0.362012
0.385300,-0.583989,-0.356746
0.385240,-0.581158,-0.355651
0.385404,-0.579380,-0.356651
0.385421,-0.575753,-0.351739
0.385467,-0.574123,-0.351999
0.385819,-0.570825,-0.351156
0.386794,-0.569598,-0.349944
0.386077,-0.566684,-0.348862
0.386829,-0.563029,-0.347592
0.385975,-0.562326,-0.346018
0.383985,-0.558731,-0.347483
0.384677,-0.556678,-0.346558
0.385186,-0.555651,-0.344332
0.386653,-0.552544,-0.342693
0.385850,-0.549845,-0.342702
0.385059,-0.548803,-0.340163
0.386439,-0.544815,-0.340689
0.383104,-0.542907,-0.341252
0.383946,-0.543690,-0.338412
0.382995,-0.542047,-0.337863
0.382630,-0.539898,-0.337420
0.381711,-0.537286,-0.336742
0.381424,-0.535741,-0.338529
0.380235,-0.534588,-0.335163
0.378642,-0.532535,-0.335210
0.379670,-0.532145,-0.334064
0.379045,-0.528921,-0.335578
0.381367,-0.526994,-0.333304
0.377516,-0.526238,-0.333167
0.377375,-0.524218,-0.334499
0.375772,-0.521749,-0.332634
0.375771,-0.523191,-0.333805
0.376097,-0.517979,-0.333448
0.373692,-0.519000,-0.334615
0.373770,-0.515396,-0.333146
0.371379,-0.515555,-0.333233
0.372165,-0.514617,-0.332037
0.369678,-0.512707,-0.332334
0.369118,-0.511434,-0.331600
0.368001,-0.509417,-0.332813
0.366340,-0.508408,-0.330974
0.366845,-0.508605,-0.331206
0.364473,-0.506592,-0.332054
0.363919,-0.507219,-0.333405
0.360846,-0.504759,-0.330972
0.359158,-0.505113,-0.331960
0.359239,-0.502858,-0.333770
0.357429,-0.502994,-0.335084
0.355970,-0.501670,-0.331482
0.353799,-0.501355,-0.332481
0.353045,-0.498360,-0.334682
0.352662,-0.497874,-0.336587
0.348850,-0.499626,-0.334351
0.347894,-0.496612,-0.336479
0.347101,-0.496158,-0.336691
0.343574,-0.496357,-0.337484
0.341866,-0.494720,-0.336418
0.341993,-0.494674,-0.336768
0.338038,-0.494933,-0.339051
0.336771,-0.493242,-0.337827
0.335021,-0.492741,-0.338140
0.334281,-0.493701,-0.338811
0.331475,-0.492900,-0.339968
0.329924,-0.493694,-0.339088
0.328853,-0.492044,-0.340532
0.327726,-0.491427,-0.341900
0.323716,-0.491391,-0.343613
0.323713,-0.491292,-0.342922
0.322396,-0.491503,-0.343985
0.319368,-0.488744,-0.343692
0.316779,-0.488033,-0.346434
0.315399,-0.489125,-0.345867
0.313041,-0.489046,-0.345363
0.312660,-0.488745,-0.347704
0.310849,-0.489264,-0.348545
0.307157,-0.489033,-0.349588
0.305735,-0.489969,-0.349847
0.302265,-0.488725,-0.350963
0.300918,-0.487784,-0.352645
0.297643,-0.486862,-0.351838
0.294054,-0.486145,-0.353054
0.292881,-0.488502,-0.355116
0.294066,-0.488503,-0.355632
0.289301,-0.487693,-0.355181
0.288169,-0.487756,-0.356132
0.286731,-0.485360,-0.356484
0.283818,-0.487283,-0.358289
0.281519,-0.484004,-0.359240
0.278927,-0.485232,-0.359363
0.277702,-0.483673,-0.362365
0.276287,-0.484178,-0.362810
0.273556,-0.487875,-0.363221
0.270123,-0.484112,-0.366110
0.268913,-0.482932,-0.364967
0.268146,-0.485859,-0.364266
0.265184,-0.484501,-0.365843
0.264001,-0.482765,-0.365659
0.261638,-0.482367,-0.365815
0.258222,-0.481600,-0.367624
0.257435,-0.481592,-0.366852
0.257023,-0.483016,-0.369196
0.254888,-0.481793,-0.369737
0.251250,-0.481302,-0.369740
0.250602,-0.482489,-0.372422
0.247950,-0.480685,-0.371238
0.245601,-0.478277,-0.372173
0.242122,-0.480254,-0.374315
0.242406,-0.478218,-0.375691
0.238408,-0.478558,-0.376202
0.236214,-0.481193,-0.376622
0.232021,-0.481245,-0.379250
0.228336,-0.482739,-0.382845
0.224904,-0.484583,-0.384534
0.222747,-0.485496,-0.386848
0.218758,-0.486897,-0.387112
0.206838,-0.495608,-0.396695
0.205202,-0.490938,-0.395435
0.203579,-0.492826,-0.398082
0.203005,-0.490949,-0.397754
0.202877,-0.492512,-0.397663
0.199272,-0.490481,-0.398917
0.198744,-0.488908,-0.398361
0.195590,-0.487787,-0.399004
0.193450,-0.486412,-0.398882
0.193481,-0.487416,-0.399015
0.191849,-0.484571,-0.399506
0.190033,-0.484947,-0.399448
0.190381,-0.482126,-0.399241
0.186778,-0.482748,-0.399112
0.184036,-0.482239,-0.400915
0.184536,-0.482088,-0.401681
0.181860,-0.479876,-0.402797
0.179210,-0.480772,-0.402591
0.178215,-0.478506,-0.402392
0.176325,-0.480250,-0.404792
0.176522,-0.476757,-0.402005
0.173396,-0.475762,-0.406480
0.172790,-0.475905,-0.405223
0.168936,-0.475650,-0.407666
0.168298,-0.476161,-0.406318
0.165745,-0.476544,-0.405361
0.164710,-0.472065,-0.407658
0.161720,-0.471046,-0.405492
0.161765,-0.471977,-0.406507
0.160702,-0.471843,-0.407558
0.158781,-0.470814,-0.405231
0.156076,-0.470498,-0.408031
0.157685,-0.470362,-0.410282
0.152989,-0.468662,-0.409420
0.151157,-0.468315,-0.409648
0.148947,-0.467687,-0.408726
0.148270,-0.467519,-0.411153
0.146163,-0.467070,-0.410582
0.141601,-0.465051,-0.413074
0.139605,-0.466550,-0.413530
0.137307,-0.466398,-0.415710
0.136529,-0.464203,-0.417330
0.136173,-0.462708,-0.416427
0.133500,-0.462924,-0.416458
0.129638,-0.462546,-0.417910
0.128306,-0.463250,-0.418658
0.126733,-0.462549,-0.417217
0.124450,-0.465247,-0.421065
0.118918,-0.466560,-0.423384
0.115772,-0.468517,-0.423857
0.110146,-0.467050,-0.428847
0.366875,-0.630155,-0.382926
0.370921,-0.620450,-0.375709
0.375450,-0.613236,-0.374310
0.377178,-0.610287,-0.370193
0.379469,-0.605087,-0.368207
0.380683,-0.600529,-0.362760
0.381438,-0.596400,-0.362220
0.382538,-0.594119,-0.361372
0.383155,-0.590472,-0.358968
0.383566,-0.588283,-0.357345
0.385105,-0.586039,-0.358191
0.382819,-0.583327,-0.355614
0.383607,-0.578885,-0.354654
0.384083,-0.576646,-0.352570
0.385290,-0.573906,-0.348894
0.386860,-0.572279,-0.349453
0.383657,-0.570225,-0.346387
0.385076,-0.566939,-0.347605
0.385697,-0.566835,-0.346284
0.384607,-0.562569,-0.346362
0.381846,-0.560076,-0.342853
0.383766,-0.557579,-0.343251
0.381805,-0.556409,-0.343965
0.382784,-0.555593,-0.342075
0.384091,-0.553096,-0.343563
0.383670,-0.550257,-0.339195
0.382539,-0.548007,-0.339518
0.380864,-0.546371,-0.339343
0.382926,-0.545828,-0.338189
0.379729,-0.542540,-0.340086
0.381182,-0.539629,-0.338737
0.380057,-0.540144,-0.336037
0.382271,-0.538266,-0.338054
0.379288,-0.535699,-0.336892
0.380023,-0.533038,-0.334983
0.380162,-0.532173,-0.335774
0.378993,-0.529110,-0.333796
0.377684,-0.529503,-0.332306
0.376210,-0.526703,-0.333133
0.376344,-0.523079,-0.333425
0.374469,-0.522894,-0.332767
0.375548,-0.522241,-0.333873
0.371427,-0.521379,-0.331468
0.372784,-0.519576,-0.331645
0.370875,-0.518731,-0.332016
0.370864,-0.518219,-0.330913
0.370220,-0.513956,-0.331707
0.369009,-0.513838,-0.330889
0.369382,-0.511412,-0.329767
0.365803,-0.511409,-0.330319
0.365272,-0.510680,-0.331215
0.363686,-0.508960,-0.332702
0.362804,-0.506393,-0.331162
0.360211,-0.507912,-0.330601
0.359561,-0.504887,-0.331228
0.359159,-0.505789,-0.332111
0.359262,-0.504884,-0.330019
0.356053,-0.503092,-0.330613
0.356688,-0.503341,-0.331296
0.351150,-0.501207,-0.333170
0.352291,-0.501692,-0.334090
0.349091,-0.500029,-0.332876
0.348366,-0.499604,-0.334034
0.346914,-0.497990,-0.333851
0.346986,-0.500241,-0.335940
0.342149,-0.493314,-0.334478
0.340505,-0.496205,-0.336033
0.341449,-0.498285,-0.336686
0.338785,-0.497539,-0.337513
0.335806,-0.497369,-0.338939
0.336595,-0.497005,-0.338011
0.331542,-0.494992,-0.339431
0.332666,-0.494905,-0.341274
0.331375,-0.494715,-0.339939
0.326358,-0.495352,-0.341366
0.325013,-0.491370,-0.341056
0.323542,-0.493215,-0.340468
0.320489,-0.492638,-0.340970
0.318882,-0.490027,-0.342279
0.317001,-0.490537,-0.342258
0.318194,-0.491429,-0.343890
0.315880,-0.489974,-0.344879
0.313160,-0.489236,-0.347171
0.308013,-0.491566,-0.348288
0.307156,-0.489926,-0.349299
0.303595,-0.490414,-0.347408
0.304330,-0.488721,-0.349639
0.300971,-0.491103,-0.349439
0.299529,-0.490293,-0.352471
0.296855,-0.490216,-0.353156
0.292026,-0.490394,-0.354389
0.292154,-0.490064,-0.355366
0.290597,-0.487425,-0.355818
0.288027,-0.488729,-0.356881
0.285802,-0.491074,-0.356618
0.283122,-0.487277,-0.357427
0.281077,-0.486511,-0.358914
0.279407,-0.486312,-0.359751
0.276483,-0.487379,-0.359053
0.276940,-0.488640,-0.360857
0.273429,-0.486800,-0.360386
0.271075,-0.486432,-0.363633
0.268316,-0.488195,-0.363713
0.268220,-0.487591,-0.364515
0.265478,-0.486463,-0.365624
0.262222,-0.484274,-0.366523
0.261907,-0.486783,-0.365168
0.259379,-0.485418,-0.366261
0.254191,-0.484885,-0.366892
0.255088,-0.484102,-0.369297
0.253714,-0.483854,-0.367450
0.250305,-0.484058,-0.369550
0.250137,-0.482507,-0.370392
0.247816,-0.483352,-0.371974
0.245880,-0.482654,-0.373951
0.242671,-0.483162,-0.371868
0.241546,-0.482291,-0.374946
0.237887,-0.481679,-0.376260
0.234192,-0.483603,-0.375666
0.231328,-0.483118,-0.380348
0.229232,-0.484797,-0.380844
0.225961,-0.484744,-0.381554
0.222797,-0.487206,-0.383408
0.209037,-0.498396,-0.394170
0.206661,-0.496498,-0.393659
0.204852,-0.495423,-0.396669
0.202633,-0.496668,-0.395893
0.202334,-0.495998,-0.397330
0.199990,-0.491088,-0.398420
0.197156,-0.492447,-0.398216
0.195100,-0.491261,-0.398128
0.196929,-0.489196,-0.397815
0.195596,-0.490396,-0.398325
0.193256,-0.489611,-0.398180
0.193075,-0.487074,-0.397611
0.190801,-0.487584,-0.398916
0.189333,-0.486646,-0.397691
0.187709,-0.484832,-0.398372
0.187114,-0.484753,-0.399452
0.182359,-0.485635,-0.399636
0.181344,-0.482903,-0.400538
0.181201,-0.483222,-0.400727
0.178479,-0.483092,-0.401539
0.175740,-0.481479,-0.400534
0.174712,-0.480280,-0.401889
0.174827,-0.478836,-0.403428
0.172598,-0.477141,-0.403292
0.169571,-0.478318,-0.403960
0.167841,-0.478552,-0.406359
0.166825,-0.477100,-0.400486
0.163927,-0.476364,-0.404437
0.163262,-0.473819,-0.405141
0.162688,-0.474684,-0.405186
0.159931,-0.474560,-0.407173
0.158338,-0.472735,-0.405441
0.156952,-0.473082,-0.404515
0.153821,-0.471948,-0.406771
0.154058,-0.471844,-0.408575
0.150284,-0.468700,-0.407466
0.149405,-0.468657,-0.408938
0.147479,-0.469061,-0.409273
0.145982,-0.468330,-0.409367
0.143350,-0.468673,-0.410738
0.142120,-0.467964,-0.411036
0.140290,-0.465572,-0.412137
0.137387,-0.468680,-0.413813
0.134662,-0.466690,-0.414806
0.135217,-0.465152,-0.414231
0.130580,-0.464702,-0.414324
0.129402,-0.464194,-0.415564
0.127474,-0.463923,-0.416743
0.125132,-0.464786,-0.418386
0.121786,-0.465148,-0.421543
0.115606,-0.467276,-0.421907
0.112234,-0.468500,-0.424971
0.364913,-0.630389,-0.382254
0.370914,-0.621648,-0.374353
0.376344,-0.615141,-0.374055
0.374539,-0.611662,-0.370789
0.377793,-0.606489,-0.365373
0.378502,-0.602718,-0.362293
0.383024,-0.599343,-0.360291
0.383146,-0.594261,-0.357455
0.382171,-0.594873,-0.357286
0.381101,-0.589473,-0.355321
0.382174,-0.587770,-0.355092
0.383205,-0.584496,-0.352838
0.382311,-0.580467,-0.351429
0.384487,-0.580558,-0.349131
0.383330,-0.577099,-0.349505
0.385377,-0.573089,-0.349276
0.383265,-0.571186,-0.347326
0.383623,-0.568760,-0.348398
0.383955,-0.565863,-0.347345
0.384241,-0.562824,-0.345081
0.383794,-0.562716,-0.344443
0.383602,-0.559492,-0.343233
0.382084,-0.557635,-0.341810
0.382698,-0.555983,-0.340795
0.380804,-0.551531,-0.341842
0.381540,-0.550545,-0.340304
0.383292,-0.547122,-0.337115
0.382599,-0.545849,-0.337262
0.380655,-0.545279,-0.336848
0.379833,-0.543776,-0.336514
0.381703,-0.542679,-0.336436
0.381011,-0.541436,-0.336495
0.380582,-0.539914,-0.335522
0.377418,-0.536606,-0.333504
0.378947,-0.535094,-0.336060
0.376696,-0.533040,-0.333959
0.376286,-0.529617,-0.332958
0.376534,-0.528388,-0.331763
0.374882,-0.528612,-0.331671
0.375472,-0.527229,-0.333430
0.372575,-0.524919,-0.332552
0.373169,-0.522217,-0.332062
0.372634,-0.523338,-0.331883
0.371330,-0.520868,-0.333225
0.369541,-0.520394,-0.330381
0.369229,-0.515958,-0.332139
0.364752,-0.518961,-0.330159
0.368121,-0.517593,-0.329443
0.364953,-0.512363,-0.330432
0.363977,-0.512196,-0.330887
0.365920,-0.511994,-0.328032
0.362830,-0.510090,-0.328741
0.362695,-0.507843,-0.331462
0.359907,-0.507292,-0.330506
0.357917,-0.507246,-0.330032
0.358519,-0.506098,-0.331127
0.354335,-0.505968,-0.331190
0.354874,-0.503801,-0.328348
0.351744,-0.504586,-0.331449
0.351728,-0.501800,-0.331320
0.350355,-0.501598,-0.334474
0.348134,-0.501598,-0.330963
0.348053,-0.500077,-0.332161
0.345906,-0.500865,-0.333520
0.343113,-0.499544,-0.334240
0.340030,-0.499477,-0.335192
0.340776,-0.497929,-0.335942
0.340005,-0.498407,-0.335063
0.335945,-0.499439,-0.337275
0.334963,-0.496872,-0.337569
0.334785,-0.496371,-0.336171
0.331708,-0.497218,-0.336335
0.328773,-0.495533,-0.338173
0.327874,-0.495692,-0.339081
0.327152,-0.493965,-0.339024
0.324184,-0.493714,-0.341372
0.322942,-0.494893,-0.339203
0.319238,-0.493505,-0.341509
0.316843,-0.493908,-0.342216
0.315753,-0.491692,-0.341158
0.314329,-0.492374,-0.343634
0.311608,-0.492096,-0.344231
0.309813,-0.491859,-0.344295
0.307932,-0.490883,-0.345658
0.306489,-0.492812,-0.346781
0.302684,-0.493741,-0.347428
0.303551,-0.492832,-0.349925
0.297780,-0.492669,-0.350004
0.299056,-0.492996,-0.351317
0.295476,-0.493046,-0.350676
0.291955,-0.492986,-0.355110
0.289019,-0.493875,-0.355222
0.286307,-0.492207,-0.355818
0.285808,-0.489244,-0.355987
0.283266,-0.490932,-0.357640
0.280610,-0.491244,-0.357370
0.279692,-0.491260,-0.359198
0.278193,-0.489938,-0.358023
0.276226,-0.491499,-0.358049
0.273953,-0.490907,-0.360568
0.269631,-0.489508,-0.364657
0.268516,-0.490276,-0.361942
0.264671,-0.489742,-0.364623
0.266321,-0.490404,-0.364786
0.261860,-0.488122,-0.365868
0.259968,-0.487280,-0.365170
0.257923,-0.488506,-0.366204
0.257607,-0.486792,-0.366985
0.255110,-0.487817,-0.368367
0.251794,-0.485964,-0.366167
0.253419,-0.485954,-0.369253
0.250224,-0.485497,-0.368544
0.246160,-0.485024,-0.368912
0.246059,-0.484958,-0.370066
0.242493,-0.485219,-0.373249
0.238598,-0.484454,-0.373774
0.236733,-0.484543,-0.376311
0.235486,-0.485011,-0.375432
0.230998,-0.486842,-0.380181
0.228671,-0.487941,-0.378776
0.225615,-0.487334,-0.381163
0.221419,-0.489584,-0.384048
0.209096,-0.501343,-0.395495
0.205245,-0.499395,-0.393791
0.203813,-0.498759,-0.397463
0.203361,-0.496937,-0.395368
0.202165,-0.497331,-0.395924
0.199324,-0.495723,-0.396926
0.198539,-0.495171,-0.395834
0.197450,-0.495662,-0.397366
0.195593,-0.494632,-0.398806
0.194158,-0.494140,-0.396456
0.192392,-0.492162,-0.396591
0.192607,-0.491564,-0.396750
0.188675,-0.490689,-0.398250
0.189335,-0.487920,-0.396288
0.187763,-0.486147,-0.397051
0.186540,-0.486229,-0.398967
0.184330,-0.485771,-0.397601
0.180769,-0.485447,-0.396439
0.182807,-0.486079,-0.401379
0.177876,-0.484235,-0.400081
0.176436,-0.482626,-0.402043
0.176393,-0.485328,-0.399930
0.174023,-0.482898,-0.402701
0.171232,-0.482544,-0.402043
0.171361,-0.478806,-0.401540
0.168169,-0.480086,-0.401760
0.166391,-0.479475,-0.404828
0.165666,-0.479241,-0.403358
0.163470,-0.476757,-0.402958
0.161324,-0.476086,-0.404084
0.159973,-0.476109,-0.406737
0.157700,-0.474140,-0.407207
0.156595,-0.474324,-0.404635
0.153814,-0.473065,-0.406440
0.155088,-0.473602,-0.407942
0.151418,-0.470506,-0.407686
0.150414,-0.472427,-0.408013
0.149776,-0.470422,-0.408882
0.147527,-0.467386,-0.409123
0.145482,-0.471410,-0.409086
0.140794,-0.468608,-0.409812
0.140120,-0.469416,-0.411515
0.138101,-0.467312,-0.412205
0.137456,-0.468217,-0.409982
0.135399,-0.467191,-0.413171
0.132684,-0.468471,-0.412738
0.129637,-0.465111,-0.414336
0.127316,-0.466782,-0.413560
0.128447,-0.464796,-0.413680
0.122953,-0.466535,-0.416824
0.117741,-0.467683,-0.419361
0.115995,-0.470374,-0.421426
0.364301,-0.634295,-0.381285
0.371296,-0.623356,-0.372795
0.372139,-0.615015,-0.370917
0.376654,-0.612186,-0.366806
0.379097,-0.608066,-0.366647
0.378163,-0.604543,-0.361527
0.380883,-0.600022,-0.360772
0.380102,-0.596884,-0.358740
0.379687,-0.592785,-0.357062
0.382192,-0.592918,-0.356189
0.382383,-0.587583,-0.353738
0.381319,-0.587039,-0.351577
0.382835,-0.583460,-0.351937
0.381373,-0.579208,-0.350256
0.383310,-0.579071,-0.348061
0.384721,-0.574374,-0.345475
0.383652,-0.572796,-0.345980
0.381922,-0.573328,-0.346142
0.382036,-0.567159,-0.345998
0.381544,-0.565192,-0.342871
0.382693,-0.563112,-0.344125
0.381982,-0.560732,-0.341466
0.380570,-0.558771,-0.341110
0.381294,-0.559309,-0.341356
0.383296,-0.554427,-0.337690
0.381356,-0.552431,-0.338664
0.380625,-0.550401,-0.338557
0.381355,-0.550214,-0.337276
0.379754,-0.545633,-0.336705
0.378566,-0.544791,-0.335844
0.379673,-0.542878,-0.334800
0.378315,-0.540083,-0.335118
0.376680,-0.541224,-0.333922
0.379140,-0.536901,-0.333095
0.376258,-0.536794,-0.332255
0.374147,-0.533233,-0.331255
0.375781,-0.531974,-0.331661
0.375286,-0.531832,-0.333721
0.375183,-0.529955,-0.331508
0.372908,-0.529126,-0.332803
0.372883,-0.526547,-0.330348
0.372242,-0.525788,-0.328840
0.371495,-0.524170,-0.330102
0.369772,-0.521991,-0.328890
0.367399,-0.519237,-0.329465
0.368253,-0.519156,-0.330769
0.365250,-0.517275,-0.329908
0.366148,-0.518766,-0.327984
0.365416,-0.515068,-0.328726
0.365714,-0.513495,-0.329783
0.362668,-0.512730,-0.328793
0.360648,-0.511334,-0.328343
0.359255,-0.510375,-0.328753
0.358042,-0.510693,-0.327499
0.358171,-0.507388,-0.327936
0.355699,-0.509496,-0.328857
0.356148,-0.507517,-0.330883
0.353490,-0.504533,-0.330598
0.352443,-0.503466,-0.329875
0.351703,-0.504629,-0.331531
0.349182,-0.503128,-0.330943
0.347558,-0.500935,-0.331636
0.345055,-0.502722,-0.331635
0.343738,-0.502693,-0.331418
0.340936,-0.501393,-0.332793
0.341695,-0.502695,-0.333290
0.339734,-0.501072,-0.332064
0.335733,-0.500578,-0.334669
0.334116,-0.499121,-0.333672
0.334554,-0.497805,-0.335387
0.331286,-0.498899,-0.336938
0.330427,-0.497124,-0.336176
0.328698,-0.497233,-0.336958
0.326221,-0.495420,-0.335915
0.323038,-0.496512,-0.338914
0.323679,-0.498625,-0.339529
0.320360,-0.494931,-0.338321
0.319725,-0.495863,-0.339591
0.317636,-0.495297,-0.342195
0.315275,-0.494355,-0.342435
0.314208,-0.493588,-0.343363
0.311166,-0.494385,-0.343590
0.307165,-0.492583,-0.344331
0.306099,-0.494245,-0.345547
0.303690,-0.493674,-0.346490
0.301941,-0.494814,-0.346746
0.299359,-0.492771,-0.349135
0.298462,-0.495202,-0.349941
0.295747,-0.492356,-0.349786
0.293664,-0.493867,-0.350526
0.289473,-0.492586,-0.352889
0.287646,-0.493791,-0.354076
0.283176,-0.494056,-0.356514
0.283021,-0.495437,-0.357114
0.281567,-0.492683,-0.355616
0.280176,-0.492227,-0.358908
0.277335,-0.491651,-0.357289
0.275707,-0.492660,-0.360891
0.273814,-0.493795,-0.359774
0.270678,-0.492704,-0.361843
0.267524,-0.492623,-0.362191
0.264521,-0.493701,-0.362723
0.265135,-0.494364,-0.365563
0.260931,-0.490697,-0.364716
0.260003,-0.490910,-0.365765
0.256902,-0.490853,-0.366095
0.256168,-0.489238,-0.366109
0.254384,-0.489262,-0.366264
0.253019,-0.489204,-0.368541
0.250031,-0.490047,-0.366556
0.249391,-0.488244,-0.368916
0.245847,-0.486847,-0.369639
0.244541,-0.487953,-0.369499
0.241279,-0.487845,-0.371959
0.240755,-0.489664,-0.370681
0.235403,-0.488104,-0.374833
0.236003,-0.489983,-0.375412
0.230777,-0.489662,-0.376285
0.228181,-0.490536,-0.377698
0.224048,-0.489913,-0.380670
0.221455,-0.491484,-0.381002
0.206745,-0.503708,-0.394918
0.206534,-0.503115,-0.393898
0.205516,-0.501616,-0.395218
0.203490,-0.501134,-0.393403
0.200097,-0.500507,-0.395000
0.199471,-0.498880,-0.395545
0.198241,-0.498089,-0.396708
0.196142,-0.496754,-0.396148
0.196386,-0.497530,-0.395041
0.194226,-0.495880,-0.395673
0.192194,-0.495457,-0.395206
0.190377,-0.493239,-0.395847
0.189123,-0.492692,-0.396250
0.188071,-0.490222,-0.395584
0.187080,-0.492400,-0.393753
0.185609,-0.487706,-0.397387
0.183565,-0.489047,-0.396127
0.182115,-0.486522,-0.397063
0.179498,-0.487104,-0.399467
0.178965,-0.488226,-0.399180
0.178358,-0.485984,-0.399752
0.173941,-0.483242,-0.399303
0.173285,-0.484997,-0.401547
0.171491,-0.485544,-0.399092
0.171626,-0.482915,-0.400073
0.168733,-0.482191,-0.402265
0.169065,-0.480941,-0.399843
0.162812,-0.480320,-0.401958
0.164983,-0.481072,-0.402611
0.164050,-0.479519,-0.402681
0.161064,-0.476577,-0.404076
0.159220,-0.478611,-0.403747
0.156310,-0.475365,-0.404537
0.153945,-0.475121,-0.405714
0.153345,-0.474064,-0.406634
0.151491,-0.476852,-0.406941
0.149978,-0.473468,-0.405156
0.147948,-0.471041,-0.408182
0.148436,-0.471250,-0.407256
0.146723,-0.473125,-0.406254
0.142496,-0.472225,-0.407298
0.139949,-0.468902,-0.408837
0.138639,-0.470269,-0.408152
0.136540,-0.471135,-0.410070
0.135902,-0.470588,-0.411013
0.132395,-0.470265,-0.410701
0.132729,-0.469882,-0.412930
0.126782,-0.468009,-0.412494
0.128037,-0.468951,-0.415340
0.122543,-0.468012,-0.414336
0.121339,-0.468685,-0.416163
0.117848,-0.468841,-0.418169
0.362676,-0.632633,-0.379341
0.369562,-0.623788,-0.372934
0.372419,-0.617583,-0.371091
0.374428,-0.611788,-0.367166
0.377132,-0.609456,-0.363451
0.376181,-0.605553,-0.362128
0.379464,-0.602174,-0.358883
0.380572,-0.598967,-0.358301
0.378819,-0.595534,-0.355253
0.377548,-0.591678,-0.354163
0.381057,-0.588427,-0.354027
0.381813,-0.586670,-0.351353
0.381249,-0.583960,-0.349236
0.379867,-0.582450,-0.347680
0.381753,-0.577400,-0.346552
0.382354,-0.575609,-0.344760
0.381203,-0.574233,-0.345047
0.381175,-0.571278,-0.343357
0.381987,-0.568941,-0.343657
0.380074,-0.565983,-0.341179
0.380413,-0.564089,-0.341701
0.382019,-0.564542,-0.340042
0.381646,-0.560499,-0.338565
0.379874,-0.556148,-0.339534
0.380038,-0.556552,-0.335533
0.378935,-0.554063,-0.336990
0.381952,-0.550523,-0.336139
0.379595,-0.549324,-0.335167
0.379105,-0.546203,-0.333850
0.377885,-0.548825,-0.335828
0.377871,-0.545848,-0.333876
0.377288,-0.543119,-0.334599
0.375758,-0.542038,-0.332532
0.375387,-0.539116,-0.332431
0.373920,-0.537458,-0.330712
0.375704,-0.537224,-0.331326
0.373187,-0.531771,-0.331499
0.373625,-0.532243,-0.331853
0.372641,-0.530547,-0.330255
0.371619,-0.530127,-0.329521
0.371882,-0.528641,-0.329960
0.369413,-0.527464,-0.328452
0.370487,-0.526207,-0.327731
0.368347,-0.524374,-0.329555
0.368398,-0.521676,-0.329530
0.366740,-0.519356,-0.326296
0.362211,-0.520252,-0.328542
0.365616,-0.517648,-0.328632
0.365023,-0.517956,-0.325771
0.362625,-0.515363,-0.327137
0.363278,-0.512984,-0.328407
0.361431,-0.510937,-0.327483
0.358623,-0.512142,-0.328377
0.358303,-0.511586,-0.328221
0.353840,-0.510645,-0.328455
0.354819,-0.509356,-0.326864
0.354979,-0.507324,-0.330411
0.351303,-0.507948,-0.328748
0.349406,-0.506784,-0.329923
0.348385,-0.506163,-0.328434
0.347393,-0.505410,-0.330293
0.344831,-0.503733,-0.330587
0.344140,-0.504066,-0.332306
0.342365,-0.503343,-0.331261
0.340056,-0.501357,-0.332199
0.338839,-0.502999,-0.332745
0.338098,-0.503304,-0.333775
0.333440,-0.501148,-0.331679
0.333928,-0.500734,-0.333682
0.333872,-0.500650,-0.335835
0.330260,-0.498854,-0.334306
0.327647,-0.498937,-0.336336
0.325189,-0.499085,-0.335903
0.323062,-0.498677,-0.336408
0.322366,-0.496924,-0.337820
0.322894,-0.497286,-0.338739
0.318109,-0.495593,-0.337773
0.317892,-0.497474,-0.341034
0.315476,-0.495732,-0.342656
0.313350,-0.495977,-0.340614
0.312138,-0.494595,-0.341467
0.308525,-0.494530,-0.342347
0.306097,-0.497832,-0.342223
0.306377,-0.494721,-0.344036
0.301601,-0.496790,-0.346202
0.303199,-0.494764,-0.346669
0.296645,-0.494900,-0.345921
0.296509,-0.496237,-0.349552
0.295011,-0.494971,-0.351776
0.293680,-0.494767,-0.350047
0.289033,-0.494948,-0.352265
0.286246,-0.497518,-0.353487
0.281799,-0.496522,-0.352959
0.279064,-0.495400,-0.356092
0.277781,-0.496481,-0.356197
0.276568,-0.495723,-0.356655
0.273575,-0.495156,-0.357909
0.272381,-0.492965,-0.357650
0.270860,-0.496507,-0.359062
0.267116,-0.495559,-0.361203
0.268351,-0.495588,-0.360238
0.261531,-0.492270,-0.362388
0.261888,-0.495860,-0.363187
0.258894,-0.495553,-0.363562
0.255891,-0.494354,-0.366310
0.256846,-0.494835,-0.366331
0.254719,-0.491061,-0.364177
0.251593,-0.493916,-0.367864
0.249583,-0.492177,-0.369570
0.248822,-0.491934,-0.368818
0.245909,-0.491918,-0.369183
0.243961,-0.490695,-0.369324
0.241487,-0.491204,-0.368776
0.240381,-0.491333,-0.370459
0.238359,-0.492325,-0.372818
0.232026,-0.490974,-0.374056
0.230865,-0.492129,-0.376646
0.228703,-0.493868,-0.377245
0.227475,-0.493837,-0.378664
0.204851,-0.508900,-0.395769
0.205350,-0.507501,-0.395101
0.205036,-0.506183,-0.393466
0.202950,-0.505587,-0.392598
0.201868,-0.503999,-0.393817
0.201843,-0.503147,-0.393629
0.197108,-0.501352,-0.394921
0.197412,-0.500426,-0.393904
0.197543,-0.501655,-0.395396
0.194989,-0.498677,-0.395362
0.195832,-0.496486,-0.395200
0.192663,-0.495142,-0.394793
0.190411,-0.494915,-0.395841
0.190036,-0.495775,-0.394579
0.189349,-0.492419,-0.394862
0.184846,-0.491990,-0.395192
0.186147,-0.491806,-0.396925
0.184093,-0.491812,-0.396585
0.183784,-0.490559,-0.396665
0.180441,-0.487306,-0.396230
0.177024,-0.488519,-0.395485
0.178005,-0.486515,-0.397317
0.173768,-0.487349,-0.397685
0.173426,-0.487494,-0.400453
0.171164,-0.484155,-0.397614
0.171656,-0.485546,-0.398132
0.167854,-0.485849,-0.401112
0.166117,-0.482974,-0.399952
0.165634,-0.483162,-0.399248
0.163538,-0.482225,-0.401477
0.162047,-0.482418,-0.401603
0.160694,-0.480364,-0.403388
0.158980,-0.480526,-0.403168
0.157168,-0.478673,-0.401924
0.156494,-0.478310,-0.401808
0.155040,-0.476500,-0.405145
0.153679,-0.476044,-0.403698
0.150370,-0.475987,-0.405852
0.146797,-0.475866,-0.403495
0.145603,-0.474692,-0.405915
0.144468,-0.474006,-0.406474
0.144198,-0.472207,-0.406260
0.143321,-0.472868,-0.406274
0.138839,-0.473288,-0.408103
0.137353,-0.471963,-0.407886
0.135356,-0.473443,-0.410899
0.132097,-0.471579,-0.410658
0.130858,-0.469070,-0.411605
0.128948,-0.468825,-0.411898
0.127438,-0.470853,-0.413425
0.124654,-0.469568,-0.413783
0.121585,-0.469219,-0.415030
0.120169,-0.469518,-0.415281
0.362068,-0.635118,-0.380580
0.369227,-0.625980,-0.371661
0.372112,-0.617726,-0.365877
0.373403,-0.614978,-0.367010
0.376473,-0.611283,-0.364024
0.375032,-0.607295,-0.359208
0.378843,-0.602429,-0.357537
0.381040,-0.598669,-0.354176
0.378134,-0.597096,-0.354024
0.380614,-0.595096,-0.352804
0.378960,-0.591847,-0.352321
0.380091,-0.586935,-0.350454
0.379389,-0.583209,-0.350848
0.379385,-0.582632,-0.346557
0.380263,-0.578974,-0.344447
0.381821,-0.576826,-0.344797
0.380418,-0.574008,-0.342890
0.379731,-0.573480,-0.342825
0.379499,-0.569859,-0.342131
0.380453,-0.565932,-0.341719
0.380060,-0.566048,-0.338119
0.379136,-0.562256,-0.339056
0.379838,-0.561659,-0.338968
0.378197,-0.559415,-0.337728
0.380024,-0.556698,-0.336823
0.379323,-0.553692,-0.335718
0.379540,-0.553045,-0.336214
0.378956,-0.550754,-0.334609
0.377807,-0.549997,-0.332962
0.375714,-0.548548,-0.333934
0.376348,-0.547127,-0.333039
0.376378,-0.544308,-0.332269
0.374389,-0.540707,-0.332217
0.374167,-0.540264,-0.331363
0.373525,-0.538794,-0.329858
0.373171,-0.537031,-0.330425
0.370920,-0.536233,-0.327655
0.371412,-0.534369,-0.328988
0.372471,-0.532963,-0.331877
0.369121,-0.529244,-0.328036
0.369912,-0.529701,-0.326840
0.369367,-0.527404,-0.328385
0.366644,-0.528014,-0.329322
0.368449,-0.524091,-0.328896
0.365230,-0.522934,-0.325009
0.364836,-0.521854,-0.327327
0.364680,-0.520064,-0.326288
0.365823,-0.518818,-0.326712
0.361452,-0.516838,-0.328308
0.363338,-0.517090,-0.326419
0.360765,-0.515844,-0.325880
0.359294,-0.513907,-0.326352
0.356591,-0.513168,-0.327596
0.356585,-0.511606,-0.328099
0.354176,-0.511834,-0.328382
0.353192,-0.508555,-0.328162
0.351475,-0.509963,-0.328034
0.350793,-0.508601,-0.328089
0.347761,-0.508872,-0.327605
0.348895,-0.508536,-0.328489
0.346895,-0.507232,-0.329261
0.345855,-0.504699,-0.329120
0.343962,-0.504021,-0.329987
0.341678,-0.503185,-0.331445
0.339580,-0.504098,-0.331885
0.337635,-0.504060,-0.330883
0.335042,-0.503326,-0.329798
0.335579,-0.503502,-0.331552
0.332853,-0.501982,-0.334086
0.328899,-0.501754,-0.333260
0.329470,-0.500173,-0.335272
0.327954,-0.500522,-0.334553
0.326717,-0.502027,-0.335819
0.323863,-0.501129,-0.337201
0.323709,-0.500129,-0.338123
0.320150,-0.502142,-0.338299
0.318007,-0.499285,-0.337796
0.315193,-0.498470,-0.338496
0.315036,-0.497886,-0.339928
0.312528,-0.498290,-0.341908
0.309078,-0.496011,-0.341527
0.309330,-0.497820,-0.341940
0.306157,-0.496164,-0.341816
0.302411,-0.497760,-0.344584
0.301110,-0.498717,-0.344117
0.300080,-0.497136,-0.347755
0.295338,-0.496824,-0.347073
0.293666,-0.498043,-0.346851
0.292381,-0.496998,-0.350539
0.290291,-0.497761,-0.348862
0.285084,-0.497673,-0.351442
0.283200,-0.497951,-0.351619
0.281291,-0.498951,-0.352599
0.277547,-0.498222,-0.356401
0.276301,-0.498626,-0.356623
0.272729,-0.498638,-0.358666
0.271820,-0.497870,-0.358723
0.269019,-0.496478,-0.357572
0.266453,-0.498880,-0.358761
0.262991,-0.497304,-0.361903
0.263156,-0.495885,-0.360115
0.259221,-0.499002,-0.363327
0.258503,-0.498332,-0.361901
0.257761,-0.498430,-0.366240
0.254006,-0.495883,-0.366279
0.252137,-0.496331,-0.365388
0.248918,-0.495490,-0.365369
0.250787,-0.494125,-0.366204
0.247051,-0.495382,-0.367556
0.246199,-0.496081,-0.369481
0.242031,-0.493239,-0.369063
0.239606,-0.492409,-0.370657
0.238811,-0.493470,-0.371139
0.235731,-0.494901,-0.373145
0.232211,-0.494436,-0.373394
0.230770,-0.493747,-0.376161
0.227896,-0.495090,-0.376794
0.225136,-0.495155,-0.378558
0.203932,-0.512886,-0.394984
0.203571,-0.511305,-0.393696
0.204525,-0.510161,-0.393846
0.202724,-0.507229,-0.394331
0.201350,-0.505649,-0.393015
0.200725,-0.504702,-0.392839
0.197437,-0.506140,-0.393008
0.197810,-0.502549,-0.393145
0.196188,-0.503030,-0.393479
0.195011,-0.500398,-0.393651
0.194214,-0.500641,-0.393103
0.193194,-0.498808,-0.394988
0.189493,-0.497799,-0.394773
0.189084,-0.497103,-0.395444
0.187279,-0.495977,-0.394030
0.186045,-0.495835,-0.395566
0.187289,-0.493755,-0.395564
0.182330,-0.490987,-0.395780
0.182827,-0.493098,-0.395852
0.181450,-0.491607,-0.394927
0.180581,-0.489385,-0.396520
0.176081,-0.491430,-0.397086
0.178044,-0.489928,-0.399112
0.174208,-0.487863,-0.398361
0.171343,-0.489314,-0.398026
0.170444,-0.487257,-0.399278
0.168810,-0.485865,-0.398009
0.166355,-0.487510,-0.398829
0.164303,-0.484430,-0.399755
0.162529,-0.482993,-0.401517
0.161722,-0.483565,-0.398422
0.160052,-0.482563,-0.400884
0.158623,-0.480216,-0.400906
0.158855,-0.480962,-0.400976
0.155344,-0.479619,-0.402890
0.156110,-0.478601,-0.401010
0.151092,-0.479822,-0.402786
0.150275,-0.478677,-0.402644
0.147519,-0.477132,-0.403138
0.145802,-0.478088,-0.403397
0.145278,-0.475436,-0.404067
0.144369,-0.474389,-0.406482
0.142175,-0.474405,-0.406785
0.142165,-0.475948,-0.407677
0.138781,-0.474056,-0.406492
0.134613,-0.472628,-0.405484
0.133702,-0.472013,-0.409102
0.132269,-0.474300,-0.410703
0.128704,-0.473295,-0.411042
0.126770,-0.472485,-0.413774
0.124219,-0.469675,-0.410305
0.124862,-0.469818,-0.412902
0.121667,-0.471732,-0.415305
0.359778,-0.637358,-0.378150
0.370530,-0.624298,-0.369742
0.370636,-0.618790,-0.366997
0.372063,-0.615375,-0.363545
0.375656,-0.610270,-0.360691
0.376172,-0.605585,-0.357515
0.375627,-0.603623,-0.355979
0.376884,-0.599946,-0.355418
0.378402,-0.598069,-0.351496
0.377753,-0.594530,-0.351222
0.379025,-0.591908,-0.351383
0.378391,-0.589640,-0.348902
0.377107,-0.585116,-0.347398
0.378054,-0.583629,-0.345628
0.380346,-0.580400,-0.344328
0.381278,-0.577416,-0.343955
0.379501,-0.575879,-0.342781
0.377610,-0.573394,-0.340375
0.378588,-0.572219,-0.340787
0.379720,-0.570471,-0.340250
0.378147,-0.565219,-0.337658
0.378353,-0.564047,-0.338308
0.378751,-0.562163,-0.336263
0.377347,-0.559925,-0.336862
0.380270,-0.557665,-0.334109
0.376874,-0.553344,-0.333696
0.375945,-0.553426,-0.334053
0.377063,-0.553366,-0.333188
0.376936,-0.550986,-0.333214
0.376690,-0.547238,-0.333687
0.377266,-0.547474,-0.332204
0.374187,-0.546068,-0.331486
0.374872,-0.542972,-0.329095
0.372841,-0.541510,-0.329432
0.373070,-0.540215,-0.330916
0.372773,-0.537363,-0.328644
0.372048,-0.535450,-0.328346
0.369907,-0.535717,-0.327417
0.370265,-0.535141,-0.328050
0.368116,-0.530727,-0.327424
0.369987,-0.529034,-0.327549
0.369057,-0.528322,-0.325900
0.367849,-0.527656,-0.324449
0.365026,-0.527700,-0.327652
0.364691,-0.523808,-0.324712
0.362844,-0.521010,-0.327785
0.362048,-0.522613,-0.325894
0.362340,-0.519623,-0.326844
0.361905,-0.521099,-0.325200
0.361574,-0.517423,-0.326504
0.359506,-0.515597,-0.326332
0.359472,-0.515879,-0.325790
0.354840,-0.512719,-0.324646
0.355830,-0.513824,-0.326936
0.354603,-0.514130,-0.325271
0.352727,-0.512332,-0.327901
0.351810,-0.512348,-0.326474
0.349169,-0.510341,-0.328458
0.348608,-0.509567,-0.327145
0.347085,-0.506466,-0.325457
0.344555,-0.508101,-0.326664
0.345371,-0.507878,-0.328365
0.343324,-0.506171,-0.330108
0.341374,-0.505068,-0.329796
0.337883,-0.503166,-0.327818
0.338100,-0.503199,-0.329077
0.333908,-0.504044,-0.328457
0.332296,-0.505170,-0.331495
0.332273,-0.502321,-0.331901
0.328359,-0.502855,-0.332248
0.327226,-0.502570,-0.332621
0.324958,-0.502195,-0.333525
0.324460,-0.502981,-0.334276
0.321557,-0.501392,-0.335533
0.319351,-0.501985,-0.336118
0.316932,-0.502009,-0.336954
0.314996,-0.499440,-0.338977
0.314593,-0.499424,-0.337516
0.314676,-0.499336,-0.337330
0.309193,-0.498813,-0.338905
0.308218,-0.498112,-0.339097
0.306037,-0.499412,-0.340557
0.304056,-0.495989,-0.342499
0.301201,-0.497599,-0.345094
0.300598,-0.496431,-0.344442
0.296841,-0.498645,-0.345309
0.294255,-0.498013,-0.344460
0.292479,-0.498125,-0.348559
0.290021,-0.501148,-0.346300
0.287391,-0.498047,-0.349907
0.286662,-0.497834,-0.349349
0.282717,-0.500369,-0.352939
0.278187,-0.499850,-0.352297
0.274437,-0.498708,-0.356406
0.273231,-0.500645,-0.356197
0.271307,-0.502109,-0.357751
0.268811,-0.500350,-0.359399
0.269070,-0.498858,-0.358014
0.264490,-0.500735,-0.359096
0.262809,-0.499922,-0.361714
0.259991,-0.498841,-0.361679
0.257696,-0.500274,-0.362697
0.256191,-0.499756,-0.364192
0.255539,-0.499331,-0.365500
0.251433,-0.498790,-0.365310
0.249219,-0.499259,-0.364902
0.246478,-0.498076,-0.367981
0.247197,-0.499349,-0.366471
0.244358,-0.497173,-0.367847
0.243913,-0.498395,-0.367035
0.239315,-0.497299,-0.368682
0.239103,-0.496873,-0.371374
0.234915,-0.496313,-0.372219
0.231560,-0.497816,-0.374250
0.229542,-0.496986,-0.374064
0.226220,-0.498795,-0.376739
0.203413,-0.517799,-0.394893
0.204685,-0.515755,-0.395573
0.204075,-0.513234,-0.395855
0.202029,-0.513057,-0.392883
0.203078,-0.510001,-0.391915
0.202386,-0.509005,-0.392388
0.198738,-0.507408,-0.392519
0.197319,-0.507537,-0.393064
0.198327,-0.506909,-0.391006
0.195765,-0.504507,-0.393021
0.194569,-0.503243,-0.393125
0.192124,-0.503193,-0.393960
0.192144,-0.502487,-0.395351
0.189636,-0.501650,-0.394274
0.188061,-0.499616,-0.393570
0.186289,-0.498393,-0.395429
0.187317,-0.498276,-0.394636
0.185368,-0.495279,-0.393427
0.182040,-0.495583,-0.394532
0.181231,-0.495151,-0.393956
0.181641,-0.493060,-0.394900
0.180290,-0.493139,-0.394906
0.176757,-0.493161,-0.396541
0.176069,-0.491382,-0.395875
0.173359,-0.492219,-0.396848
0.171379,-0.490917,-0.397329
0.172331,-0.489664,-0.399221
0.168877,-0.489888,-0.396363
0.166275,-0.488046,-0.397568
0.163887,-0.488916,-0.398747
0.163438,-0.484745,-0.397535
0.162059,-0.486515,-0.398125
0.159575,-0.485026,-0.399031
0.158351,-0.483271,-0.400531
0.157433,-0.483271,-0.400569
0.155159,-0.484814,-0.398285
0.154840,-0.481880,-0.400905
0.150857,-0.481773,-0.402140
0.151078,-0.480868,-0.402544
0.148561,-0.480857,-0.401260
0.148691,-0.478213,-0.403219
0.146505,-0.478398,-0.403906
0.140549,-0.476838,-0.402781
0.144518,-0.478025,-0.406568
0.139960,-0.476588,-0.404940
0.138447,-0.474466,-0.405420
0.136743,-0.474528,-0.406184
0.134410,-0.476267,-0.406967
0.133348,-0.474256,-0.405622
0.129321,-0.473649,-0.407766
0.127682,-0.473556,-0.409592
0.125925,-0.474353,-0.411861
0.359495,-0.637654,-0.376201
0.366821,-0.626519,-0.367507
0.370458,-0.620968,-0.365074
0.370935,-0.617939,-0.363473
0.373324,-0.611958,-0.359181
0.374842,-0.608114,-0.357970
0.374831,-0.603921,-0.354958
0.375830,-0.600380,-0.352502
0.377660,-0.599988,-0.353144
0.376975,-0.595117,-0.353373
0.377287,-0.593292,-0.348198
0.378604,-0.590612,-0.346856
0.376872,-0.587537,-0.346327
0.377869,-0.585925,-0.344201
0.380070,-0.581466,-0.340731
0.380421,-0.581456,-0.343429
0.377878,-0.575051,-0.340890
0.377588,-0.575653,-0.338910
0.378933,-0.574021,-0.338024
0.379162,-0.570578,-0.337205
0.378732,-0.569084,-0.335546
0.378098,-0.565365,-0.337225
0.378385,-0.562228,-0.336743
0.376829,-0.562191,-0.333072
0.379756,-0.560447,-0.334599
0.377739,-0.555084,-0.334911
0.376252,-0.555040,-0.333737
0.376501,-0.554507,-0.331538
0.373626,-0.552334,-0.330708
0.373803,-0.548696,-0.332959
0.373577,-0.547496,-0.329723
0.372908,-0.548308,-0.327915
0.372642,-0.545265,-0.330904
0.373404,-0.543080,-0.329509
0.372522,-0.541528,-0.328439
0.371708,-0.538020,-0.329773
0.371343,-0.538233,-0.329070
0.369299,-0.534330,-0.327247
0.369797,-0.536240,-0.326022
0.369390,-0.530402,-0.327421
0.368135,-0.531878,-0.327347
0.364745,-0.528979,-0.323154
0.364013,-0.528969,-0.326850
0.362902,-0.528001,-0.327499
0.362963,-0.525434,-0.325731
0.361364,-0.526219,-0.325118
0.361541,-0.521872,-0.325186
0.360794,-0.522463,-0.322787
0.359661,-0.520371,-0.324352
0.359628,-0.517936,-0.324688
0.357621,-0.517058,-0.322894
0.357019,-0.517491,-0.325542
0.354612,-0.517236,-0.323663
0.353606,-0.516702,-0.325356
0.354248,-0.514302,-0.326560
0.351562,-0.513099,-0.324760
0.351036,-0.512342,-0.326044
0.348251,-0.512696,-0.326716
0.348452,-0.510531,-0.325986
0.345833,-0.510259,-0.324659
0.344580,-0.508555,-0.326462
0.343946,-0.507968,-0.329275
0.339746,-0.506487,-0.325858
0.339455,-0.506507,-0.327189
0.337135,-0.505472,-0.327860
0.333819,-0.506133,-0.327362
0.331188,-0.504989,-0.331211
0.332248,-0.506198,-0.330078
0.328830,-0.502931,-0.331399
0.328355,-0.503103,-0.331319
0.325853,-0.502470,-0.331002
0.325392,-0.503583,-0.332474
0.321555,-0.502769,-0.336667
0.320052,-0.502618,-0.332970
0.317364,-0.503584,-0.336196
0.316572,-0.503112,-0.336459
0.313598,-0.502375,-0.338943
0.311813,-0.500344,-0.338801
0.310199,-0.499452,-0.337570
0.308319,-0.502579,-0.337993
0.306187,-0.499933,-0.338007
0.304295,-0.500652,-0.339018
0.303351,-0.497962,-0.340958
0.300330,-0.499207,-0.343110
0.297986,-0.499364,-0.342317
0.294658,-0.499989,-0.345038
0.292619,-0.499428,-0.344102
0.292157,-0.501233,-0.347858
0.288649,-0.500708,-0.348072
0.285759,-0.501159,-0.347661
0.281635,-0.502244,-0.348480
0.279229,-0.501684,-0.352835
0.276560,-0.502142,-0.352016
0.274127,-0.502348,-0.355217
0.270597,-0.503629,-0.358032
0.270341,-0.504330,-0.357523
0.268079,-0.503467,-0.357861
0.265711,-0.501957,-0.359151
0.262176,-0.503001,-0.360762
0.258993,-0.503251,-0.360315
0.258303,-0.502851,-0.362876
0.256595,-0.502346,-0.362700
0.252423,-0.502393,-0.362993
0.252176,-0.502807,-0.364963
0.249906,-0.500801,-0.364513
0.245302,-0.500551,-0.366237
0.246167,-0.501748,-0.367054
0.244621,-0.500917,-0.367859
0.239469,-0.500224,-0.366474
0.238263,-0.499861,-0.366236
0.238077,-0.500018,-0.368297
0.233666,-0.501557,-0.371585
0.231237,-0.500461,-0.375025
0.227241,-0.502952,-0.375169
0.204043,-0.521474,-0.394421
0.202478,-0.520787,-0.395545
0.202855,-0.518521,-0.393719
0.201758,-0.516558,-0.393849
0.203959,-0.515622,-0.393214
0.201746,-0.512040,-0.392284
0.199261,-0.512607,-0.391986
0.201162,-0.511255,-0.391423
0.198168,-0.508733,-0.392808
0.196269,-0.508965,-0.392987
0.193635,-0.510062,-0.390984
0.192213,-0.508904,-0.392577
0.190941,-0.506831,-0.393792
0.188809,-0.505126,-0.393593
0.190273,-0.503474,-0.394649
0.188544,-0.503697,-0.392970
0.189160,-0.502775,-0.392815
0.185561,-0.499220,-0.391096
0.182963,-0.499443,-0.393600
0.182714,-0.498274,-0.394452
0.183344,-0.499105,-0.393787
0.179824,-0.496520,-0.392860
0.178442,-0.494834,-0.394496
0.177856,-0.495467,-0.394656
0.176005,-0.491517,-0.395519
0.174339,-0.493670,-0.395050
0.171606,-0.495248,-0.396332
0.169840,-0.491550,-0.396655
0.169808,-0.490944,-0.398001
0.168363,-0.492246,-0.396570
0.166289,-0.492888,-0.398917
0.163683,-0.488813,-0.396618
0.160376,-0.487990,-0.397996
0.160928,-0.486911,-0.397503
0.159009,-0.486580,-0.399352
0.157705,-0.487837,-0.398842
0.154869,-0.486818,-0.400751
0.154857,-0.483543,-0.400813
0.154508,-0.482735,-0.400073
0.148693,-0.483018,-0.402336
0.147790,-0.481508,-0.400812
0.145815,-0.479090,-0.400935
0.145711,-0.481331,-0.403653
0.143975,-0.481253,-0.402822
0.143247,-0.478849,-0.403107
0.141430,-0.477853,-0.404370
0.139849,-0.475558,-0.404265
0.136281,-0.477288,-0.403479
0.133121,-0.476728,-0.405766
0.131447,-0.476212,-0.404978
0.129858,-0.476042,-0.407234
0.356836,-0.639682,-0.375087
0.367038,-0.627004,-0.364810
0.369396,-0.622233,-0.361088
0.370693,-0.617163,-0.361611
0.371152,-0.615312,-0.358589
0.372630,-0.608531,-0.356689
0.375696,-0.605469,-0.353743
0.376611,-0.601698,-0.352102
0.374210,-0.600642,-0.349849
0.375209,-0.595846,-0.348516
0.376506,-0.594788,-0.349205
0.377245,-0.591763,-0.347530
0.375300,-0.586311,-0.345572
0.379216,-0.585291,-0.342501
0.375429,-0.581939,-0.343280
0.374934,-0.579600,-0.340821
0.377121,-0.578161,-0.340184
0.375579,-0.574684,-0.339228
0.377195,-0.574105,-0.338703
0.375346,-0.572659,-0.337852
0.374779,-0.569801,-0.336794
0.375793,-0.567315,-0.336570
0.376723,-0.565312,-0.334491
0.377141,-0.564646,-0.334854
0.376279,-0.560086,-0.331352
0.375821,-0.557628,-0.330732
0.376356,-0.557527,-0.330401
0.375144,-0.553706,-0.329398
0.375586,-0.553718,-0.329305
0.373716,-0.551303,-0.329596
0.374768,-0.549409,-0.329605
0.371667,-0.548964,-0.327663
0.369418,-0.548172,-0.328703
0.369895,-0.543675,-0.330154
0.370935,-0.542052,-0.328762
0.371136,-0.540324,-0.326702
0.371193,-0.538493,-0.327462
0.368322,-0.535886,-0.325672
0.366894,-0.537889,-0.327234
0.365817,-0.534816,-0.324736
0.364982,-0.532968,-0.325750
0.363460,-0.530746,-0.324406
0.362898,-0.529447,-0.325491
0.364476,-0.527697,-0.325854
0.363054,-0.525131,-0.324068
0.361040,-0.525850,-0.323813
0.359389,-0.523715,-0.325504
0.357993,-0.522579,-0.324384
0.358532,-0.522121,-0.322776
0.358179,-0.519534,-0.323345
0.357625,-0.518668,-0.324273
0.355107,-0.518090,-0.324235
0.354097,-0.518158,-0.323218
0.354948,-0.517964,-0.324145
0.352660,-0.515281,-0.322762
0.349326,-0.514819,-0.325151
0.348924,-0.513476,-0.324934
0.347133,-0.512020,-0.322152
0.346200,-0.510103,-0.324575
0.345421,-0.510849,-0.326006
0.344772,-0.509776,-0.326247
0.340082,-0.509359,-0.327443
0.339735,-0.508322,-0.326230
0.338624,-0.506932,-0.327342
0.336484,-0.509219,-0.328812
0.334932,-0.507540,-0.327017
0.332574,-0.507751,-0.328234
0.330390,-0.504280,-0.329571
0.328507,-0.505123,-0.330380
0.326374,-0.506027,-0.331272
0.324332,-0.503594,-0.331395
0.324591,-0.504867,-0.329905
0.319777,-0.504154,-0.332589
0.319050,-0.503662,-0.332840
0.316143,-0.502958,-0.334503
0.314476,-0.505498,-0.334650
0.314832,-0.504131,-0.334492
0.309335,-0.503361,-0.337227
0.309922,-0.501307,-0.339770
0.308287,-0.501668,-0.338318
0.303149,-0.501885,-0.336984
0.303213,-0.501040,-0.337607
0.300476,-0.503950,-0.341322
0.299468,-0.501180,-0.341103
0.295027,-0.501334,-0.341715
0.293040,-0.501437,-0.342359
0.291044,-0.501072,-0.344931
0.290113,-0.502203,-0.347266
0.286747,-0.504040,-0.347786
0.283784,-0.502470,-0.349173
0.281403,-0.503522,-0.350989
0.278986,-0.503634,-0.352244
0.275288,-0.505029,-0.353899
0.273384,-0.505111,-0.353254
0.269734,-0.504491,-0.356607
0.267164,-0.502667,-0.356620
0.263506,-0.507065,-0.357186
0.261041,-0.505188,-0.359588
0.258473,-0.507219,-0.360033
0.257457,-0.507350,-0.361063
0.255569,-0.504434,-0.361046
0.251311,-0.506153,-0.364465
0.251120,-0.504438,-0.362931
0.248648,-0.504949,-0.364608
0.246121,-0.505962,-0.366141
0.245892,-0.503417,-0.366142
0.245474,-0.504290,-0.366732
0.240965,-0.502810,-0.369892
0.236822,-0.505406,-0.368697
0.234632,-0.503755,-0.369059
0.230416,-0.504812,-0.373983
0.225305,-0.506813,-0.376119
0.203741,-0.529286,-0.393051
0.201023,-0.527411,-0.392966
0.202777,-0.524738,-0.394871
0.201893,-0.521538,-0.393942
0.201756,-0.522035,-0.393513
0.202032,-0.520872,-0.391854
0.201593,-0.516004,-0.391186
0.198193,-0.515907,-0.390530
0.198758,-0.514847,-0.390738
0.197756,-0.513811,-0.387497
0.195489,-0.512656,-0.393126
0.193461,-0.512465,-0.392871
0.191228,-0.510589,-0.392512
0.189280,-0.511898,-0.393505
0.189804,-0.506967,-0.391793
0.189068,-0.507699,-0.393066
0.187441,-0.507076,-0.393182
0.186617,-0.506134,-0.392373
0.184917,-0.503235,-0.392279
0.185562,-0.503623,-0.393738
0.183501,-0.501515,-0.391570
0.182915,-0.500116,-0.391959
0.181595,-0.498873,-0.393679
0.180888,-0.498326,-0.394493
0.176183,-0.496887,-0.392877
0.175079,-0.495649,-0.394126
0.174965,-0.496368,-0.392608
0.171348,-0.494057,-0.394958
0.171129,-0.494732,-0.394558
0.169229,-0.493696,-0.394781
0.167088,-0.491304,-0.394882
0.166388,-0.492295,-0.397022
0.162204,-0.489299,-0.395967
0.162063,-0.490224,-0.394944
0.159616,-0.490895,-0.396827
0.157825,-0.489742,-0.399384
0.158015,-0.488174,-0.397561
0.154840,-0.487854,-0.398295
0.154100,-0.484754,-0.399424
0.151535,-0.485452,-0.399294
0.150306,-0.483534,-0.399186
0.149431,-0.486018,-0.400424
0.148729,-0.483620,-0.398292
0.146614,-0.482331,-0.399876
0.142840,-0.481581,-0.401827
0.142014,-0.483496,-0.402496
0.139828,-0.480466,-0.403696
0.138006,-0.479640,-0.401000
0.137506,-0.476825,-0.404018
0.133640,-0.480553,-0.404156
0.356169,-0.639153,-0.374967
0.366006,-0.627604,-0.364532
0.367259,-0.622993,-0.361182
0.369183,-0.618656,-0.358885
0.371885,-0.614981,-0.359405
0.372322,-0.610721,-0.355652
0.374370,-0.606002,-0.352143
0.373657,-0.603778,-0.351274
0.374835,-0.602458,-0.348774
0.376496,-0.596849,-0.346255
0.373544,-0.595263,-0.347846
0.373795,-0.591581,-0.343442
0.375625,-0.591710,-0.343865
0.376904,-0.588946,-0.341666
0.374818,-0.584524,-0.341391
0.376064,-0.582950,-0.339086
0.377688,-0.578679,-0.338403
0.376149,-0.576654,-0.338255
0.376861,-0.576271,-0.337768
0.377301,-0.574399,-0.334980
0.376104,-0.569975,-0.335208
0.377074,-0.569090,-0.334808
0.375226,-0.565940,-0.334312
0.375598,-0.562816,-0.335317
0.374682,-0.561488,-0.331178
0.373820,-0.559586,-0.332761
0.373275,-0.557465,-0.331975
0.373165,-0.555791,-0.331403
0.372207,-0.553857,-0.329428
0.373132,-0.552516,-0.329136
0.370815,-0.547789,-0.328944
0.370492,-0.549454,-0.329500
0.370003,-0.547382,-0.328225
0.370137,-0.545458,-0.325386
0.368078,-0.544068,-0.325608
0.370253,-0.541408,-0.325888
0.367729,-0.539374,-0.324086
0.366010,-0.539202,-0.323725
0.366401,-0.537502,-0.323142
0.367123,-0.535303,-0.323867
0.363693,-0.535528,-0.324509
0.361709,-0.532540,-0.325332
0.362998,-0.532008,-0.323309
0.360702,-0.530266,-0.323155
0.361737,-0.529491,-0.326331
0.359912,-0.527861,-0.322251
0.358453,-0.528032,-0.323484
0.359039,-0.525076,-0.321985
0.356270,-0.523037,-0.321740
0.355465,-0.522786,-0.324139
0.355770,-0.521738,-0.321545
0.354051,-0.519918,-0.323164
0.353081,-0.518555,-0.324009
0.349389,-0.519524,-0.323217
0.349853,-0.516550,-0.324572
0.348035,-0.515423,-0.323817
0.348225,-0.514678,-0.324486
0.345514,-0.514208,-0.324645
0.343512,-0.513809,-0.325452
0.343100,-0.512641,-0.324402
0.341468,-0.510622,-0.323438
0.338888,-0.511048,-0.323148
0.338042,-0.508680,-0.324563
0.337169,-0.509127,-0.325646
0.331629,-0.508509,-0.326521
0.332765,-0.508380,-0.327670
0.330337,-0.509045,-0.326542
0.330909,-0.507577,-0.328318
0.326633,-0.506888,-0.329681
0.325192,-0.506786,-0.327125
0.321847,-0.506583,-0.330614
0.321124,-0.505844,-0.331897
0.318627,-0.506008,-0.332724
0.315446,-0.505314,-0.331749
0.318049,-0.504597,-0.333865
0.312013,-0.506129,-0.335154
0.310611,-0.508427,-0.334614
0.307053,-0.504927,-0.336013
0.305194,-0.503651,-0.337564
0.305342,-0.505074,-0.338014
0.304447,-0.501714,-0.336868
0.302465,-0.503581,-0.338238
0.298150,-0.503335,-0.339748
0.295869,-0.504632,-0.338963
0.294739,-0.503094,-0.340886
0.290000,-0.503749,-0.343169
0.289205,-0.503610,-0.343796
0.287659,-0.503932,-0.344687
0.285788,-0.503644,-0.347602
0.282275,-0.505419,-0.346068
0.279886,-0.504948,-0.349070
0.274976,-0.509292,-0.351071
0.270348,-0.508295,-0.354697
0.269243,-0.509406,-0.354775
0.266224,-0.509464,-0.356775
0.263445,-0.510373,-0.357398
0.260109,-0.510721,-0.360831
0.254956,-0.515042,-0.364024
0.249086,-0.513061,-0.365303
0.249730,-0.513564,-0.366071
0.246718,-0.513816,-0.367068
0.244532,-0.511961,-0.366146
0.242638,-0.511917,-0.365845
0.242853,-0.510660,-0.369114
0.239906,-0.510721,-0.369975
0.238456,-0.511777,-0.368746
0.233694,-0.512469,-0.371000
0.232783,-0.511242,-0.371818
0.229512,-0.511124,-0.372732
0.225280,-0.513155,-0.375180
0.202162,-0.534818,-0.396993
0.201697,-0.529481,-0.396722
0.200646,-0.529528,-0.395581
0.201093,-0.527696,-0.393181
0.200591,-0.525739,-0.392020
0.198242,-0.524147,-0.391272
0.199632,-0.522855,-0.393070
0.196647,-0.522135,-0.390795
0.199488,-0.518308,-0.391852
0.199684,-0.514631,-0.389903
0.196805,-0.516164,-0.391869
0.193231,-0.516811,-0.391433
0.192476,-0.515379,-0.391507
0.193024,-0.513869,-0.390859
0.189183,-0.513086,-0.391513
0.189114,-0.510577,-0.391459
0.188055,-0.508649,-0.392556
0.185728,-0.509389,-0.392172
0.185577,-0.507698,-0.391628
0.186219,-0.506859,-0.390993
0.186018,-0.503601,-0.391481
0.183825,-0.501778,-0.391908
0.181189,-0.503528,-0.392073
0.179394,-0.502561,-0.389869
0.178976,-0.499265,-0.392737
0.177021,-0.499605,-0.391410
0.175821,-0.498548,-0.393207
0.172882,-0.498997,-0.392185
0.172740,-0.498103,-0.393761
0.169427,-0.497499,-0.393473
0.169144,-0.496086,-0.395369
0.166727,-0.496067,-0.395262
0.166017,-0.496549,-0.394769
0.163663,-0.493173,-0.395218
0.161749,-0.491926,-0.394957
0.161888,-0.491487,-0.395743
0.159100,-0.492254,-0.396585
0.157456,-0.491380,-0.397205
0.155069,-0.489815,-0.394931
0.154839,-0.490580,-0.394779
0.153505,-0.487713,-0.397067
0.149278,-0.487826,-0.398392
0.148711,-0.483870,-0.400452
0.148434,-0.487389,-0.400982
0.144809,-0.484484,-0.398763
0.144542,-0.485095,-0.400204
0.142442,-0.485069,-0.399046
0.140811,-0.482955,-0.399719
0.353634,-0.640983,-0.373709
0.365745,-0.628784,-0.363757
0.367554,-0.624591,-0.360689
0.368190,-0.619690,-0.358203
0.370483,-0.614128,-0.355820
0.371689,-0.611813,-0.352202
0.372404,-0.607453,-0.351091
0.372545,-0.604594,-0.349084
0.374966,-0.600982,-0.349222
0.373785,-0.599708,-0.347167
0.372971,-0.596885,-0.345298
0.375066,-0.593900,-0.341629
0.373644,-0.592255,-0.343189
0.376202,-0.589082,-0.340577
0.375477,-0.583339,-0.341749
0.376249,-0.582414,-0.340399
0.375349,-0.580124,-0.336794
0.376755,-0.577718,-0.337662
0.376032,-0.576478,-0.336323
0.374794,-0.573736,-0.335410
0.373481,-0.571868,-0.333616
0.375651,-0.571763,-0.332155
0.372773,-0.568511,-0.334155
0.374145,-0.565985,-0.331523
0.372621,-0.563013,-0.331371
0.373474,-0.559699,-0.328562
0.373252,-0.558156,-0.327920
0.371471,-0.555905,-0.328584
0.370362,-0.555641,-0.327714
0.371687,-0.554344,-0.327755
0.370089,-0.550751,-0.329936
0.369933,-0.551450,-0.327096
0.368103,-0.547016,-0.326490
0.368577,-0.547461,-0.326831
0.367081,-0.545692,-0.325488
0.366178,-0.542050,-0.325102
0.366037,-0.541176,-0.325308
0.365000,-0.538985,-0.324374
0.366734,-0.539158,-0.324026
0.364951,-0.537920,-0.323548
0.364019,-0.534153,-0.323985
0.362273,-0.534581,-0.322548
0.360713,-0.531772,-0.321822
0.359597,-0.531686,-0.323397
0.360196,-0.530915,-0.322248
0.357584,-0.527178,-0.321913
0.359530,-0.526624,-0.321402
0.357350,-0.525923,-0.321148
0.354907,-0.526043,-0.320935
0.354837,-0.522380,-0.321035
0.353924,-0.522101,-0.319325
0.352320,-0.521147,-0.321080
0.352014,-0.519999,-0.320135
0.350423,-0.521211,-0.318305
0.346902,-0.518414,-0.323189
0.348536,-0.516485,-0.323101
0.346427,-0.517508,-0.322100
0.343732,-0.513999,-0.323803
0.345587,-0.516450,-0.324365
0.341653,-0.515502,-0.324385
0.339226,-0.513812,-0.322725
0.339771,-0.512116,-0.323094
0.336583,-0.512502,-0.323455
0.336715,-0.513129,-0.325849
0.332912,-0.509368,-0.324289
0.331511,-0.511389,-0.325654
0.328993,-0.509433,-0.327688
0.326819,-0.508412,-0.328553
0.325652,-0.509390,-0.329466
0.324014,-0.506158,-0.328904
0.321407,-0.507707,-0.328806
0.318507,-0.506266,-0.327766
0.318963,-0.507480,-0.330017
0.316767,-0.506204,-0.331816
0.313215,-0.509110,-0.332461
0.309581,-0.508199,-0.332982
0.309016,-0.507505,-0.332767
0.306548,-0.507629,-0.335450
0.304618,-0.508484,-0.334635
0.302564,-0.506792,-0.336893
0.299784,-0.505394,-0.339850
0.299638,-0.506392,-0.337324
0.296291,-0.506115,-0.340099
0.295318,-0.505060,-0.340786
0.290983,-0.505403,-0.342670
0.289400,-0.506346,-0.340938
0.287757,-0.506009,-0.343595
0.285326,-0.503646,-0.344878
0.282867,-0.508090,-0.343078
0.279655,-0.505144,-0.346685
0.278056,-0.506625,-0.348212
0.276090,-0.507982,-0.350946
0.269522,-0.511815,-0.352991
0.263949,-0.510875,-0.356530
0.263187,-0.511383,-0.358301
0.260268,-0.513445,-0.359008
0.257424,-0.512880,-0.362154
0.253250,-0.515884,-0.364127
0.247656,-0.519590,-0.366005
0.240612,-0.523302,-0.370723
0.239447,-0.521719,-0.372121
0.239024,-0.519826,-0.371377
0.235668,-0.519813,-0.371307
0.234949,-0.517214,-0.371257
0.233504,-0.517029,-0.371584
0.231023,-0.516858,-0.373336
0.227942,-0.516385,-0.373327
0.225339,-0.518285,-0.377265
0.201572,-0.537974,-0.396334
0.202585,-0.537868,-0.392588
0.202505,-0.534137,-0.394875
0.201521,-0.534867,-0.393854
0.199674,-0.531719,-0.393297
0.200137,-0.529508,-0.394444
0.198336,-0.529104,-0.393422
0.198322,-0.527034,-0.391398
0.197922,-0.524872,-0.390925
0.197260,-0.523011,-0.391120
0.196789,-0.521379,-0.390097
0.196100,-0.521234,-0.391331
0.194899,-0.518239,-0.391972
0.192424,-0.517574,-0.391830
0.191663,-0.516202,-0.390923
0.190814,-0.515261,-0.391466
0.190052,-0.514485,-0.390920
0.185743,-0.512399,-0.389889
0.187278,-0.510605,-0.390093
0.186767,-0.508239,-0.390080
0.183989,-0.509318,-0.390592
0.182383,-0.509980,-0.389791
0.183139,-0.508850,-0.391803
0.181768,-0.506062,-0.391760
0.180913,-0.506379,-0.389688
0.177187,-0.503198,-0.389751
0.176824,-0.501211,-0.391527
0.176649,-0.502226,-0.391331
0.173405,-0.502451,-0.391207
0.170204,-0.500552,-0.392755
0.171033,-0.500443,-0.394320
0.169109,-0.499145,-0.392595
0.167736,-0.497565,-0.393731
0.164493,-0.497896,-0.392936
0.164575,-0.496195,-0.394153
0.161099,-0.496127,-0.394903
0.159928,-0.493449,-0.395269
0.160910,-0.494011,-0.396016
0.156226,-0.492392,-0.392949
0.157214,-0.492012,-0.394740
0.153842,-0.490459,-0.396527
0.152227,-0.489800,-0.396172
0.151265,-0.489339,-0.397317
0.149375,-0.488639,-0.396771
0.353269,-0.646864,-0.372289
0.363851,-0.630921,-0.362250
0.366785,-0.627428,-0.359673
0.368073,-0.619154,-0.357143
0.368089,-0.614979,-0.354448
0.370109,-0.613745,-0.353373
0.370183,-0.606868,-0.350188
0.371828,-0.606204,-0.347331
0.372789,-0.603014,-0.349841
0.370818,-0.599879,-0.345109
0.370107,-0.599594,-0.345513
0.372594,-0.592863,-0.341547
0.376098,-0.591290,-0.342339
0.372119,-0.589132,-0.341860
0.373694,-0.586016,-0.336892
0.374484,-0.583354,-0.335710
0.373813,-0.582630,-0.336835
0.372807,-0.579032,-0.335785
0.373953,-0.577023,-0.337797
0.374427,-0.573166,-0.334884
0.372777,-0.574786,-0.333664
0.372898,-0.570737,-0.332131
0.372128,-0.568061,-0.331498
0.371194,-0.565929,-0.331788
0.371826,-0.563874,-0.329456
0.371487,-0.562644,-0.328824
0.371864,-0.559296,-0.328998
0.370316,-0.560309,-0.328884
0.369507,-0.554602,-0.327112
0.369737,-0.554450,-0.325990
0.368170,-0.550703,-0.326240
0.366600,-0.551618,-0.326858
0.368758,-0.548263,-0.326382
0.367586,-0.547279,-0.324618
0.366865,-0.544487,-0.321805
0.363459,-0.544303,-0.324141
0.365629,-0.543065,-0.323352
0.366290,-0.539852,-0.325539
0.363879,-0.540439,-0.322770
0.365523,-0.538545,-0.323521
0.363416,-0.534544,-0.322565
0.361787,-0.536843,-0.321115
0.359756,-0.533689,-0.321918
0.359964,-0.532443,-0.320473
0.359488,-0.530674,-0.321223
0.356788,-0.531148,-0.319813
0.357925,-0.529520,-0.323355
0.355862,-0.525560,-0.318736
0.356178,-0.525540,-0.321602
0.353370,-0.523749,-0.321297
0.353490,-0.522370,-0.318697
0.352040,-0.521666,-0.319930
0.351146,-0.523413,-0.320479
0.349297,-0.519727,-0.318504
0.348270,-0.520252,-0.319609
0.345475,-0.519087,-0.321203
0.343694,-0.518609,-0.320780
0.343849,-0.516152,-0.322456
0.342911,-0.515119,-0.323944
0.340321,-0.515997,-0.322181
0.337562,-0.515455,-0.323282
0.338425,-0.514093,-0.321930
0.335546,-0.512557,-0.321694
0.333155,-0.511327,-0.323275
0.331534,-0.511913,-0.325050
0.330377,-0.509913,-0.323846
0.327904,-0.510621,-0.326186
0.325586,-0.509959,-0.325277
0.323909,-0.511352,-0.324548
0.322211,-0.508352,-0.328197
0.319932,-0.510573,-0.328086
0.319109,-0.506863,-0.328398
0.315368,-0.508576,-0.331144
0.314196,-0.507925,-0.330377
0.312996,-0.509104,-0.331427
0.311598,-0.507141,-0.332860
0.306774,-0.507691,-0.335122
0.306094,-0.508698,-0.335011
0.301421,-0.509385,-0.335349
0.302494,-0.507413,-0.336541
0.299888,-0.507426,-0.337323
0.296627,-0.507282,-0.336187
0.295903,-0.508139,-0.339021
0.292803,-0.507641,-0.338072
0.291065,-0.506300,-0.340829
0.289587,-0.507418,-0.343997
0.287771,-0.508297,-0.344077
0.281939,-0.506839,-0.344297
0.281123,-0.506595,-0.345169
0.280624,-0.506700,-0.345583
0.274708,-0.509825,-0.347834
0.273044,-0.508699,-0.349734
0.268074,-0.509556,-0.353673
0.264303,-0.513732,-0.354197
0.258979,-0.516099,-0.356852
0.257138,-0.515173,-0.360835
0.252752,-0.517327,-0.361504
0.248881,-0.519893,-0.361985
0.243589,-0.522649,-0.368315
0.198230,-0.533669,-0.393159
0.197547,-0.531123,-0.392082
0.196102,-0.530174,-0.391865
0.198150,-0.528689,-0.391315
0.195605,-0.525837,-0.391318
0.195779,-0.524772,-0.390854
0.195458,-0.522884,-0.390885
0.192987,-0.523166,-0.389679
0.192034,-0.522336,-0.391123
0.192423,-0.518091,-0.388651
0.191306,-0.518590,-0.389022
0.188279,-0.518229,-0.388996
0.187391,-0.515857,-0.391565
0.187155,-0.514711,-0.389513
0.183765,-0.513803,-0.388665
0.183640,-0.512233,-0.388499
0.181724,-0.510841,-0.389752
0.180779,-0.508854,-0.388842
0.180931,-0.508531,-0.389163
0.179334,-0.507575,-0.388623
0.176662,-0.505537,-0.388230
0.176726,-0.506698,-0.390635
0.174728,-0.504391,-0.389900
0.172089,-0.503993,-0.391062
0.170119,-0.502753,-0.390111
0.169550,-0.502574,-0.390972
0.168242,-0.500576,-0.391354
0.168257,-0.501643,-0.391037
0.166405,-0.501085,-0.392289
0.162807,-0.499005,-0.393834
0.162770,-0.497901,-0.393372
0.160014,-0.495422,-0.392351
0.158692,-0.494628,-0.394952
0.158639,-0.496645,-0.393457
0.351998,-0.645969,-0.371854
0.362557,-0.633345,-0.360699
0.363699,-0.626016,-0.358442
0.366005,-0.622841,-0.357091
0.368863,-0.618784,-0.353825
0.369807,-0.615027,-0.350115
0.370656,-0.609001,-0.349829
0.371555,-0.605206,-0.347003
0.371247,-0.604079,-0.346892
0.371451,-0.600615,-0.341967
0.372039,-0.598127,-0.341465
0.373559,-0.596208,-0.340880
0.372963,-0.594389,-0.340019
0.371619,-0.591534,-0.338679
0.373910,-0.586196,-0.337873
0.372123,-0.584748,-0.336582
0.372353,-0.580501,-0.335411
0.372155,-0.580988,-0.334375
0.373487,-0.577343,-0.335106
0.369987,-0.575723,-0.333195
0.372069,-0.574391,-0.332366
0.372068,-0.573292,-0.329697
0.371431,-0.570112,-0.329978
0.370106,-0.566395,-0.329207
0.371156,-0.566189,-0.328921
0.370743,-0.563240,-0.326438
0.369240,-0.561194,-0.325899
0.369594,-0.560496,-0.326321
0.368484,-0.556385,-0.326365
0.368360,-0.556878,-0.325579
0.367411,-0.555297,-0.325187
0.366183,-0.552434,-0.324355
0.365494,-0.552195,-0.323630
0.364877,-0.547507,-0.323301
0.365200,-0.547522,-0.324002
0.365229,-0.546784,-0.322904
0.363843,-0.546439,-0.321955
0.362280,-0.541913,-0.323655
0.363690,-0.540539,-0.321669
0.361688,-0.539788,-0.321266
0.359719,-0.538509,-0.322046
0.360675,-0.536557,-0.319904
0.356602,-0.535581,-0.320767
0.356740,-0.533705,-0.320954
0.355858,-0.532021,-0.319833
0.356070,-0.531047,-0.321979
0.354957,-0.528857,-0.320150
0.353063,-0.529026,-0.319231
0.350544,-0.526989,-0.317696
0.351313,-0.525516,-0.319127
0.350396,-0.523713,-0.318205
0.350271,-0.523595,-0.318569
0.347568,-0.523165,-0.319463
0.346864,-0.520069,-0.320916
0.347686,-0.520953,-0.319698
0.344217,-0.521146,-0.319410
0.342383,-0.520074,-0.320415
0.342592,-0.517294,-0.319557
0.341948,-0.517081,-0.321354
0.339699,-0.515081,-0.322680
0.337274,-0.514698,-0.320049
0.337086,-0.514158,-0.322013
0.334940,-0.514873,-0.324414
0.333419,-0.512612,-0.322028
0.330977,-0.512634,-0.322530
0.327588,-0.513071,-0.324471
0.325812,-0.512504,-0.324983
0.324659,-0.510991,-0.325234
0.324210,-0.511951,-0.326581
0.321350,-0.510355,-0.327197
0.317497,-0.509396,-0.326751
0.317382,-0.510589,-0.327817
0.316012,-0.509237,-0.329507
0.312667,-0.510537,-0.329569
0.310991,-0.510625,-0.330663
0.309063,-0.508822,-0.332522
0.305332,-0.509007,-0.332769
0.304427,-0.510947,-0.334870
0.303610,-0.509801,-0.334772
0.299333,-0.510434,-0.335300
0.298976,-0.509792,-0.335518
0.296483,-0.511604,-0.337527
0.294306,-0.509414,-0.337228
0.291698,-0.509362,-0.339785
0.289914,-0.508824,-0.340367
0.285956,-0.509869,-0.343333
0.285931,-0.508836,-0.342127
0.282244,-0.508177,-0.343066
0.279879,-0.509074,-0.345870
0.278879,-0.508923,-0.345073
0.276126,-0.510120,-0.348005
0.272117,-0.508810,-0.349594
0.267290,-0.513088,-0.352462
0.263816,-0.512737,-0.354499
0.256943,-0.518026,-0.355285
0.254028,-0.517089,-0.359399
0.250241,-0.520736,-0.362293
0.244687,-0.522272,-0.365105
0.193049,-0.527153,-0.388341
0.193392,-0.525128,-0.390034
0.192589,-0.522741,-0.388587
0.190043,-0.523298,-0.390395
0.189336,-0.521439,-0.389558
0.188501,-0.519908,-0.389509
0.186920,-0.519752,-0.388935
0.186215,-0.518257,-0.388587
0.185366,-0.516274,-0.388757
0.182927,-0.515093,-0.389738
0.181066,-0.515697,-0.388126
0.180656,-0.512009,-0.390054
0.181431,-0.513278,-0.390276
0.178533,-0.510178,-0.390199
0.176784,-0.509582,-0.390002
0.176701,-0.506991,-0.388949
0.174542,-0.506913,-0.389635
0.172918,-0.508592,-0.388678
0.171475,-0.505655,-0.390786
0.167408,-0.504167,-0.392427
0.169085,-0.501485,-0.390165
0.360827,-0.634137,-0.358833
0.363448,-0.628401,-0.356582
0.364391,-0.622909,-0.355827
0.366838,-0.618518,-0.355557
0.368995,-0.614986,-0.349150
0.369464,-0.609800,-0.347781
0.369796,-0.607211,-0.344260
0.368022,-0.606067,-0.343607
0.371367,-0.602470,-0.343376
0.367980,-0.598711,-0.341825
0.372000,-0.597136,-0.339419
0.373111,-0.594313,-0.339017
0.371878,-0.592245,-0.339006
0.372219,-0.589282,-0.334925
0.372145,-0.585657,-0.336581
0.369942,-0.584931,-0.334861
0.370851,-0.581080,-0.335014
0.370896,-0.579794,-0.333161
0.370641,-0.579426,-0.331025
0.370783,-0.577576,-0.332261
0.370587,-0.573114,-0.329700
0.368980,-0.571339,-0.328835
0.370570,-0.569732,-0.328848
0.370053,-0.566615,-0.328056
0.371592,-0.564696,-0.326021
0.369631,-0.564070,-0.325904
0.367397,-0.561547,-0.325943
0.366051,-0.557924,-0.325544
0.367625,-0.557802,-0.325049
0.365412,-0.557202,-0.325164
0.365644,-0.554992,-0.325186
0.365166,-0.551584,-0.322465
0.364583,-0.551577,-0.322094
0.363517,-0.548491,-0.321617
0.363810,-0.546164,-0.322038
0.363217,-0.543883,-0.321240
0.361704,-0.542189,-0.319237
0.361248,-0.540816,-0.320170
0.361705,-0.540725,-0.319706
0.357790,-0.538268,-0.319607
0.357715,-0.537623,-0.320804
0.356855,-0.539210,-0.320828
0.356522,-0.536761,-0.321642
0.355323,-0.532219,-0.319013
0.353799,-0.533861,-0.320000
0.352535,-0.532519,-0.319042
0.352805,-0.530521,-0.317827
0.350867,-0.528782,-0.318536
0.350304,-0.526307,-0.320081
0.350245,-0.525626,-0.317181
0.351065,-0.523961,-0.318186
0.348571,-0.522541,-0.319051
0.346100,-0.523064,-0.318994
0.344371,-0.522275,-0.321165
0.343992,-0.521185,-0.318151
0.341783,-0.520949,-0.318266
0.340735,-0.519228,-0.320262
0.338222,-0.517032,-0.319050
0.338762,-0.517563,-0.320186
0.335257,-0.518513,-0.321462
0.333165,-0.518800,-0.319891
0.332394,-0.515318,-0.320970
0.331643,-0.515836,-0.319961
0.329563,-0.515495,-0.321289
0.327392,-0.513591,-0.323889
0.325959,-0.514442,-0.323768
0.325184,-0.514692,-0.321443
0.322489,-0.513395,-0.324618
0.320403,-0.514186,-0.326601
0.316997,-0.510593,-0.326887
0.316840,-0.510002,-0.327610
0.314440,-0.510840,-0.325798
0.311523,-0.511343,-0.328122
0.311806,-0.509309,-0.330010
0.305640,-0.512471,-0.331338
0.305288,-0.511221,-0.330341
0.301886,-0.509949,-0.334273
0.299250,-0.510985,-0.334883
0.298780,-0.510949,-0.334586
0.296112,-0.511306,-0.334959
0.294840,-0.512238,-0.337137
0.290594,-0.511343,-0.338542
0.289122,-0.510953,-0.336212
0.286434,-0.510303,-0.337374
0.285179,-0.510839,-0.340883
0.281214,-0.512198,-0.342836
0.280445,-0.510662,-0.343700
0.278228,-0.511764,-0.344203
0.275869,-0.511734,-0.343610
0.273422,-0.510540,-0.346153
0.267447,-0.516144,-0.347284
0.263932,-0.514777,-0.351358
0.261392,-0.514864,-0.353522
0.256758,-0.518397,-0.356735
0.251442,-0.519370,-0.357698
0.248717,-0.523115,-0.361439
0.359189,-0.633304,-0.359927
0.361823,-0.628979,-0.355093
0.363662,-0.624167,-0.354728
0.364016,-0.619992,-0.350781
0.366096,-0.615289,-0.348858
0.366428,-0.612453,-0.346474
0.367004,-0.610192,-0.344894
0.367495,-0.606321,-0.344479
0.368611,-0.604753,-0.341492
0.369616,-0.600352,-0.339240
0.370205,-0.597458,-0.337956
0.371710,-0.595345,-0.336768
0.370636,-0.592516,-0.335499
0.370323,-0.590389,-0.333455
0.371385,-0.588359,-0.333446
0.370692,-0.586890,-0.332619
0.368892,-0.581519,-0.331100
0.367196,-0.581864,-0.332892
0.370398,-0.579059,-0.330368
0.369275,-0.576932,-0.329940
0.368744,-0.573387,-0.328964
0.368686,-0.571597,-0.326955
0.367814,-0.570638,-0.326193
0.367876,-0.565607,-0.325351
0.367971,-0.566425,-0.324170
0.369164,-0.565082,-0.325057
0.367649,-0.562375,-0.323528
0.365422,-0.562506,-0.324291
0.365267,-0.558212,-0.323384
0.365433,-0.556201,-0.323061
0.365138,-0.557627,-0.322509
0.363949,-0.553118,-0.322147
0.363345,-0.551159,-0.322064
0.363578,-0.548435,-0.321722
0.362664,-0.548302,-0.320426
0.362435,-0.546612,-0.321502
0.360615,-0.543384,-0.318788
0.360670,-0.543647,-0.319201
0.359604,-0.542745,-0.318559
0.357026,-0.540415,-0.317997
0.357693,-0.540254,-0.318427
0.355135,-0.538097,-0.318312
0.355364,-0.536109,-0.316303
0.353756,-0.534622,-0.316985
0.353338,-0.533892,-0.316832
0.351594,-0.531665,-0.317992
0.351528,-0.532593,-0.318833
0.353072,-0.529977,-0.318613
0.348357,-0.527275,-0.317370
0.348690,-0.526030,-0.316692
0.348324,-0.527269,-0.318571
0.346520,-0.525835,-0.317497
0.345161,-0.524231,-0.317282
0.342905,-0.520819,-0.319785
0.342875,-0.522388,-0.317249
0.341287,-0.522660,-0.315888
0.340276,-0.521281,-0.317215
0.338582,-0.518374,-0.319484
0.336016,-0.519013,-0.318953
0.334522,-0.517526,-0.317952
0.334536,-0.516400,-0.321090
0.331139,-0.515049,-0.320185
0.330473,-0.514282,-0.319008
0.328327,-0.515842,-0.321524
0.326060,-0.514515,-0.323120
0.322357,-0.514787,-0.322213
0.323186,-0.515248,-0.321961
0.322484,-0.515792,-0.323894
0.318560,-0.511935,-0.323148
0.316585,-0.513613,-0.324165
0.316410,-0.512350,-0.324855
0.312721,-0.512142,-0.324808
0.311477,-0.509912,-0.328910
0.307597,-0.513313,-0.328814
0.306704,-0.513461,-0.329213
0.304190,-0.512980,-0.330860
0.301845,-0.512545,-0.332317
0.299090,-0.512355,-0.334369
0.296896,-0.513280,-0.333113
0.295437,-0.513444,-0.335607
0.292450,-0.512688,-0.335456
0.289295,-0.512177,-0.335633
0.287874,-0.513592,-0.338395
0.285313,-0.513859,-0.338204
0.283110,-0.512276,-0.340077
0.279733,-0.512778,-0.341447
0.278277,-0.513831,-0.341556
0.275733,-0.511006,-0.342686
0.273747,-0.514540,-0.342845
0.270137,-0.512598,-0.346758
0.267388,-0.513829,-0.348253
0.266181,-0.518331,-0.349884
0.257694,-0.518275,-0.350729
0.254185,-0.520841,-0.355154
0.250409,-0.523164,-0.357770
0.245875,-0.525531,-0.362388
0.359189,-0.635119,-0.357681
0.362147,-0.629637,-0.353423
0.363741,-0.623483,-0.352907
0.364584,-0.620320,-0.348826
0.366238,-0.616761,-0.346997
0.366081,-0.614342,-0.345711
0.368835,-0.612045,-0.343835
0.367230,-0.607992,-0.342038
0.368250,-0.607440,-0.339993
0.368533,-0.600126,-0.338589
0.370586,-0.599237,-0.338150
0.366737,-0.595438,-0.336210
0.368135,-0.594719,-0.334102
0.367535,-0.589851,-0.334945
0.370128,-0.587551,-0.332558
0.369428,-0.585397,-0.331666
0.370548,-0.583979,-0.332676
0.368840,-0.583310,-0.331067
0.368607,-0.580366,-0.328964
0.367890,-0.576714,-0.328818
0.368846,-0.574978,-0.327204
0.369732,-0.575427,-0.328510
0.367958,-0.571365,-0.326669
0.367464,-0.566415,-0.324787
0.367605,-0.568369,-0.322650
0.367018,-0.565088,-0.324637
0.367384,-0.562024,-0.322898
0.364755,-0.563851,-0.323257
0.366697,-0.558617,-0.323102
0.363695,-0.558148,-0.321646
0.364221,-0.556096,-0.321531
0.361072,-0.557412,-0.317887
0.361227,-0.553535,-0.319455
0.360959,-0.552214,-0.319780
0.360453,-0.548548,-0.321007
0.361409,-0.548558,-0.321539
0.360444,-0.547680,-0.317689
0.358992,-0.545542,-0.317779
0.357555,-0.544283,-0.317841
0.357905,-0.540460,-0.318961
0.356933,-0.541166,-0.317958
0.355128,-0.539165,-0.316727
0.352959,-0.538201,-0.318889
0.354762,-0.536130,-0.317372
0.351906,-0.533653,-0.318293
0.352174,-0.533324,-0.317852
0.350340,-0.531048,-0.316565
0.348670,-0.532208,-0.316780
0.348039,-0.528604,-0.315639
0.347468,-0.529374,-0.315405
0.346325,-0.529140,-0.315710
0.344955,-0.526888,-0.315766
0.343928,-0.525047,-0.316287
0.343417,-0.523826,-0.315127
0.338076,-0.524364,-0.315616
0.338100,-0.522344,-0.318145
0.337905,-0.522046,-0.318107
0.336637,-0.521363,-0.317164
0.334881,-0.519484,-0.318585
0.333669,-0.519874,-0.318086
0.332167,-0.518558,-0.318102
0.329790,-0.515879,-0.319460
0.331226,-0.514607,-0.318373
0.328257,-0.519071,-0.320093
0.324897,-0.515965,-0.321300
0.323822,-0.515969,-0.322352
0.321765,-0.516012,-0.321499
0.319765,-0.514779,-0.322537
0.317641,-0.514573,-0.321999
0.315246,-0.514236,-0.322258
0.313141,-0.513304,-0.325034
0.312603,-0.514333,-0.324625
0.310881,-0.513539,-0.329029
0.305037,-0.513247,-0.327140
0.301478,-0.513817,-0.329827
0.301547,-0.514411,-0.328034
0.300582,-0.514156,-0.330280
0.296058,-0.514110,-0.331077
0.293992,-0.513729,-0.332009
0.292351,-0.513934,-0.332715
0.289740,-0.514498,-0.335853
0.287724,-0.516523,-0.336537
0.283790,-0.516045,-0.336915
0.282568,-0.513728,-0.338700
0.282233,-0.517140,-0.339339
0.276882,-0.514635,-0.339398
0.276825,-0.515377,-0.341968
0.273022,-0.515199,-0.340944
0.273561,-0.513677,-0.344464
0.269976,-0.516704,-0.345012
0.263613,-0.515770,-0.347819
0.262620,-0.518423,-0.349909
0.256265,-0.520558,-0.353222
0.253670,-0.521996,-0.356230
0.248329,-0.523954,-0.357666
0.244720,-0.528982,-0.362311
0.358108,-0.636624,-0.357382
0.361055,-0.631821,-0.355036
0.361191,-0.626611,-0.352510
0.362690,-0.622553,-0.348112
0.365102,-0.618793,-0.346530
0.364380,-0.613495,-0.345006
0.364895,-0.611643,-0.343879
0.364858,-0.609129,-0.340611
0.366678,-0.610106,-0.339385
0.366725,-0.603888,-0.337984
0.367035,-0.600437,-0.338313
0.366835,-0.597891,-0.335120
0.368148,-0.596437,-0.333640
0.368905,-0.592948,-0.332277
0.368085,-0.589892,-0.333304
0.367907,-0.586489,-0.331331
0.367824,-0.586360,-0.331529
0.367149,-0.584696,-0.327363
0.365659,-0.580335,-0.327287
0.367129,-0.581721,-0.327636
0.367799,-0.576663,-0.325390
0.366714,-0.572510,-0.326748
0.369460,-0.572991,-0.324397
0.366269,-0.570263,-0.322596
0.366725,-0.567708,-0.324098
0.362637,-0.565095,-0.323902
0.362954,-0.564915,-0.320893
0.364537,-0.563583,-0.321689
0.363897,-0.559445,-0.323225
0.361592,-0.558427,-0.321011
0.361890,-0.559111,-0.320551
0.360888,-0.556437,-0.318102
0.359465,-0.552980,-0.317515
0.361039,-0.552252,-0.319337
0.361248,-0.550655,-0.316367
0.359737,-0.549223,-0.318902
0.359269,-0.547290,-0.317376
0.358093,-0.545835,-0.319068
0.355854,-0.544388,-0.317372
0.356551,-0.542585,-0.316114
0.353979,-0.542852,-0.315051
0.354608,-0.539680,-0.317574
0.354455,-0.538550,-0.316300
0.351977,-0.536595,-0.316819
0.351933,-0.536416,-0.314535
0.348766,-0.535177,-0.317623
0.349494,-0.534208,-0.315532
0.346590,-0.532963,-0.313826
0.347093,-0.531285,-0.315536
0.346751,-0.530896,-0.314238
0.345661,-0.527355,-0.314297
0.343123,-0.529435,-0.316830
0.342747,-0.526127,-0.316064
0.342489,-0.524956,-0.313875
0.340325,-0.524341,-0.315597
0.336941,-0.524387,-0.315049
0.337092,-0.521532,-0.314566
0.336094,-0.521851,-0.316738
0.334876,-0.523371,-0.314977
0.332379,-0.520997,-0.316306
0.331372,-0.518576,-0.316970
0.329604,-0.520212,-0.317420
0.325870,-0.518226,-0.317159
0.325241,-0.517677,-0.318085
0.324324,-0.518138,-0.317778
0.321799,-0.516940,-0.318260
0.319697,-0.515697,-0.320798
0.316690,-0.515944,-0.321013
0.318257,-0.514999,-0.323085
0.316449,-0.514718,-0.323906
0.313666,-0.512541,-0.323827
0.311929,-0.514044,-0.321440
0.308492,-0.515824,-0.326289
0.305925,-0.515210,-0.324890
0.304321,-0.515148,-0.328635
0.300362,-0.514877,-0.328928
0.298584,-0.515110,-0.329099
0.297328,-0.514918,-0.331151
0.291636,-0.515366,-0.331701
0.293398,-0.518086,-0.331587
0.289208,-0.514967,-0.335771
0.286913,-0.516888,-0.336712
0.281336,-0.517571,-0.338233
0.283153,-0.516828,-0.339425
0.278820,-0.516077,-0.339614
0.278132,-0.516680,-0.339518
0.275919,-0.517807,-0.340935
0.271965,-0.517981,-0.340611
0.270103,-0.515639,-0.341655
0.267879,-0.516664,-0.343583
0.263064,-0.519231,-0.348186
0.259394,-0.518257,-0.349451
0.256114,-0.521950,-0.351499
0.250364,-0.525361,-0.354082
0.243900,-0.526206,-0.358103
0.240521,-0.528889,-0.361491
0.357243,-0.636943,-0.357133
0.358542,-0.633108,-0.352440
0.358698,-0.627966,-0.350764
0.362452,-0.621437,-0.348502
0.364959,-0.621177,-0.346052
0.363401,-0.615907,-0.345519
0.365042,-0.612881,-0.341810
0.364293,-0.608030,-0.340349
0.366297,-0.607517,-0.340288
0.365992,-0.604366,-0.336435
0.367291,-0.601508,-0.335815
0.366190,-0.598360,-0.334013
0.366068,-0.595877,-0.333538
0.368214,-0.592703,-0.331557
0.367736,-0.590990,-0.330314
0.366711,-0.589980,-0.331666
0.367971,-0.586937,-0.330870
0.366132,-0.583361,-0.327850
0.366677,-0.583323,-0.327043
0.366977,-0.578748,-0.326945
0.365491,-0.575868,-0.325768
0.367525,-0.575777,-0.323646
0.365619,-0.572640,-0.323932
0.366031,-0.571340,-0.321917
0.363927,-0.569187,-0.322082
0.363351,-0.568694,-0.322086
0.363954,-0.565272,-0.321543
0.363041,-0.566241,-0.321196
0.361701,-0.563586,-0.320488
0.361537,-0.562654,-0.320824
0.359510,-0.560377,-0.320852
0.361410,-0.558999,-0.318194
0.359588,-0.555456,-0.318188
0.358397,-0.553281,-0.318265
0.358101,-0.551443,-0.316370
0.359487,-0.550106,-0.318961
0.356207,-0.550121,-0.317853
0.355786,-0.546548,-0.317043
0.356051,-0.544213,-0.315567
0.354892,-0.544563,-0.313482
0.353761,-0.542616,-0.316237
0.353540,-0.543225,-0.314982
0.351784,-0.539961,-0.315172
0.351586,-0.539113,-0.314254
0.350118,-0.537145,-0.314886
0.348686,-0.536426,-0.314070
0.347262,-0.534529,-0.313584
0.346846,-0.533258,-0.314053
0.345089,-0.531124,-0.314682
0.343518,-0.530830,-0.315645
0.343078,-0.530964,-0.314698
0.342488,-0.527355,-0.314298
0.340631,-0.528351,-0.315402
0.337941,-0.528008,-0.315327
0.340667,-0.524763,-0.314556
0.336865,-0.526552,-0.315553
0.334936,-0.525343,-0.315546
0.334212,-0.522998,-0.314637
0.333057,-0.521731,-0.314968
0.330993,-0.522840,-0.316561
0.330716,-0.519568,-0.316114
0.328614,-0.519509,-0.315668
0.327528,-0.520788,-0.318413
0.325851,-0.517897,-0.319379
0.323755,-0.519983,-0.317815
0.321090,-0.518148,-0.317950
0.318830,-0.519753,-0.320300
0.316193,-0.518464,-0.319741
0.315617,-0.518875,-0.318532
0.313179,-0.514867,-0.320430
0.311061,-0.516469,-0.322132
0.311082,-0.516278,-0.322755
0.305684,-0.514165,-0.325259
0.305099,-0.516374,-0.325396
0.301590,-0.517158,-0.326545
0.300661,-0.518486,-0.328186
0.298444,-0.516048,-0.328517
0.292868,-0.518413,-0.327265
0.292000,-0.517299,-0.331353
0.289005,-0.517042,-0.331005
0.286374,-0.515329,-0.331640
0.286545,-0.517900,-0.333957
0.282916,-0.519263,-0.337846
0.280371,-0.517997,-0.337714
0.277339,-0.518692,-0.337878
0.275580,-0.519758,-0.340524
0.272095,-0.518155,-0.341447
0.270347,-0.518159,-0.340665
0.267836,-0.518921,-0.343551
0.265077,-0.519538,-0.343300
0.262373,-0.520632,-0.346321
0.257253,-0.521792,-0.350138
0.251295,-0.522741,-0.351147
0.248369,-0.528080,-0.355860
0.242166,-0.526935,-0.358505
0.240750,-0.530927,-0.361421
0.355745,-0.637623,-0.354262
0.356571,-0.634688,-0.353398
0.359286,-0.630338,-0.348475
0.358813,-0.624828,-0.346306
0.362394,-0.620367,-0.341885
0.363707,-0.617487,-0.342797
0.361828,-0.615684,-0.340079
0.364087,-0.610326,-0.338857
0.364878,-0.608701,-0.336291
0.364446,-0.609393,-0.336101
0.365660,-0.604263,-0.333927
0.365808,-0.600158,-0.332141
0.364542,-0.596406,-0.330881
0.365286,-0.595159,-0.332728
0.367260,-0.593192,-0.330675
0.366702,-0.590270,-0.329210
0.366337,-0.588722,-0.326385
0.364232,-0.586457,-0.324769
0.366412,-0.584231,-0.326432
0.363871,-0.582224,-0.324741
0.366447,-0.577938,-0.323789
0.362702,-0.576292,-0.325789
0.363599,-0.574114,-0.321377
0.364787,-0.574955,-0.320563
0.363807,-0.571887,-0.320151
0.363061,-0.568646,-0.319644
0.362786,-0.568177,-0.320530
0.361448,-0.564872,-0.322066
0.361674,-0.564068,-0.319724
0.359020,-0.562515,-0.317686
0.361124,-0.560600,-0.319422
0.358510,-0.559421,-0.318122
0.358567,-0.555406,-0.316786
0.358926,-0.554806,-0.317695
0.357510,-0.553197,-0.317232
0.356981,-0.551902,-0.315355
0.356399,-0.550507,-0.316732
0.357171,-0.550168,-0.315983
0.355040,-0.547623,-0.315688
0.353163,-0.546207,-0.314941
0.352831,-0.545441,-0.313696
0.348987,-0.543007,-0.315029
0.350401,-0.540793,-0.314831
0.349951,-0.541484,-0.313046
0.347912,-0.539312,-0.313204
0.347544,-0.537584,-0.312472
0.346908,-0.535771,-0.312619
0.345138,-0.535667,-0.313225
0.345337,-0.531834,-0.313839
0.344035,-0.533515,-0.313395
0.342926,-0.531639,-0.310673
0.342157,-0.530925,-0.310470
0.340244,-0.530627,-0.312383
0.338974,-0.527968,-0.313819
0.336821,-0.527106,-0.314864
0.335150,-0.528644,-0.314854
0.333232,-0.523942,-0.315070
0.332552,-0.524694,-0.314817
0.332619,-0.523027,-0.315268
0.331612,-0.522625,-0.314568
0.328485,-0.522672,-0.315471
0.329300,-0.523016,-0.316311
0.325206,-0.519870,-0.316341
0.324531,-0.520894,-0.315953
0.321295,-0.518992,-0.317598
0.318743,-0.522332,-0.317689
0.318648,-0.519042,-0.317556
0.315558,-0.519840,-0.320202
0.315951,-0.520155,-0.322005
0.312969,-0.518828,-0.318902
0.310477,-0.515486,-0.321677
0.307418,-0.516282,-0.321877
0.305993,-0.517413,-0.324104
0.302782,-0.517053,-0.326527
0.299649,-0.518768,-0.323647
0.298743,-0.517329,-0.325735
0.295016,-0.518972,-0.327894
0.292546,-0.518195,-0.330295
0.290799,-0.517499,-0.329965
0.288660,-0.517776,-0.330896
0.287250,-0.519542,-0.330330
0.282155,-0.519652,-0.333282
0.282319,-0.520173,-0.334396
0.278558,-0.520511,-0.335377
0.275633,-0.521368,-0.337382
0.272813,-0.521236,-0.339574
0.270104,-0.520724,-0.340870
0.268244,-0.520339,-0.340252
0.266535,-0.518603,-0.342284
0.265539,-0.519120,-0.341651
0.261753,-0.521807,-0.343581
0.256637,-0.525253,-0.347559
0.251211,-0.526724,-0.350246
0.247297,-0.528488,-0.353837
0.243391,-0.529312,-0.357726
0.355901,-0.641227,-0.354819
0.354454,-0.636071,-0.351230
0.358772,-0.632071,-0.346897
0.358783,-0.626266,-0.346010
0.360746,-0.621427,-0.342889
0.361815,-0.620585,-0.338243
0.361756,-0.616701,-0.337265
0.363210,-0.611531,-0.338175
0.363180,-0.611102,-0.337049
0.361759,-0.607860,-0.335010
0.361742,-0.604057,-0.332012
0.364359,-0.602077,-0.331600
0.362275,-0.598874,-0.331235
0.365395,-0.595022,-0.330660
0.365015,-0.594487,-0.328058
0.364718,-0.590909,-0.328939
0.364491,-0.589256,-0.327060
0.363889,-0.587932,-0.327375
0.364480,-0.583468,-0.325374
0.363761,-0.583649,-0.323767
0.363348,-0.581421,-0.322821
0.363239,-0.578026,-0.322693
0.363157,-0.576246,-0.321770
0.364087,-0.574295,-0.320342
0.360965,-0.572586,-0.321051
0.361318,-0.570868,-0.319985
0.361217,-0.568838,-0.319856
0.359590,-0.568158,-0.317564
0.358331,-0.564401,-0.318207
0.357531,-0.564751,-0.316622
0.357390,-0.561332,-0.316917
0.357775,-0.558833,-0.317638
0.357113,-0.559463,-0.316248
0.355935,-0.557617,-0.315274
0.355056,-0.555021,-0.315594
0.356444,-0.552335,-0.314680
0.353744,-0.549901,-0.314398
0.354551,-0.550363,-0.315109
0.352749,-0.547961,-0.314505
0.351348,-0.546834,-0.315315
0.351831,-0.546051,-0.315305
0.349783,-0.542998,-0.313924
0.349385,-0.543089,-0.313668
0.348653,-0.542886,-0.312075
0.345627,-0.540938,-0.313055
0.345997,-0.537546,-0.312239
0.346060,-0.537363,-0.311225
0.345912,-0.538164,-0.311464
0.345225,-0.535874,-0.312143
0.343864,-0.533737,-0.312574
0.341414,-0.532575,-0.311683
0.341219,-0.531623,-0.311243
0.337730,-0.530753,-0.312446
0.338243,-0.529226,-0.312066
0.335206,-0.527100,-0.313692
0.334882,-0.527000,-0.314282
0.331939,-0.526100,-0.314852
0.329708,-0.526055,-0.313953
0.331221,-0.525862,-0.313386
0.327888,-0.523478,-0.314496
0.326147,-0.522244,-0.313421
0.326616,-0.523291,-0.312987
0.324750,-0.522202,-0.314646
0.322073,-0.522093,-0.315168
0.319977,-0.520778,-0.315901
0.318340,-0.520109,-0.317332
0.318488,-0.520966,-0.317783
0.314439,-0.520332,-0.317587
0.313466,-0.521406,-0.318330
0.311265,-0.519427,-0.321034
0.308600,-0.519168,-0.319751
0.307877,-0.517693,-0.320677
0.304701,-0.517738,-0.322592
0.303442,-0.519454,-0.323681
0.298633,-0.520053,-0.323122
0.296613,-0.518583,-0.326011
0.294169,-0.520757,-0.327181
0.292342,-0.520786,-0.328047
0.288589,-0.519780,-0.328190
0.286177,-0.519211,-0.329459
0.284466,-0.521409,-0.331481
0.281343,-0.521043,-0.331840
0.279342,-0.521098,-0.332427
0.277286,-0.519899,-0.334211
0.275545,-0.520221,-0.337511
0.271136,-0.521313,-0.335840
0.267888,-0.521799,-0.338555
0.264103,-0.521960,-0.340541
0.264260,-0.523432,-0.341119
0.261422,-0.523526,-0.341837
0.259385,-0.523224,-0.344028
0.254369,-0.526831,-0.346126
0.248159,-0.526014,-0.350107
0.243907,-0.530890,-0.353462
0.234924,-0.536861,-0.360431
0.351796,-0.641614,-0.351091
0.354778,-0.637110,-0.349189
0.356475,-0.633019,-0.344411
0.358800,-0.625409,-0.345175
0.360436,-0.623426,-0.341507
0.361152,-0.619428,-0.340679
0.360518,-0.618405,-0.337920
0.362361,-0.613760,-0.335365
0.361797,-0.612011,-0.336237
0.362012,-0.609778,-0.332695
0.361909,-0.606106,-0.331246
0.361825,-0.602073,-0.330266
0.362159,-0.600108,-0.326200
0.362440,-0.596012,-0.327974
0.364437,-0.596369,-0.326878
0.361823,-0.593903,-0.326882
0.362370,-0.588864,-0.324474
0.361339,-0.588297,-0.325282
0.363194,-0.586533,-0.325088
0.363462,-0.581997,-0.324728
0.363026,-0.582022,-0.321316
0.362539,-0.576974,-0.321479
0.361579,-0.578341,-0.320475
0.362007,-0.574829,-0.319891
0.361812,-0.573553,-0.319565
0.359734,-0.572160,-0.317717
0.359511,-0.570301,-0.316933
0.357443,-0.568294,-0.317379
0.357555,-0.566550,-0.317817
0.358121,-0.566309,-0.317297
0.357755,-0.562952,-0.316126
0.355765,-0.560728,-0.315155
0.353422,-0.560998,-0.314494
0.354827,-0.557824,-0.315209
0.354780,-0.557733,-0.316070
0.352244,-0.556749,-0.311264
0.352323,-0.553162,-0.313046
0.352373,-0.552733,-0.314560
0.353088,-0.549557,-0.315076
0.349323,-0.547835,-0.313868
0.349026,-0.547179,-0.313309
0.348373,-0.547286,-0.313900
0.347985,-0.545692,-0.312167
0.343795,-0.543074,-0.312978
0.346740,-0.543457,-0.310718
0.345544,-0.539937,-0.312237
0.343992,-0.539228,-0.308886
0.341242,-0.537022,-0.311257
0.341808,-0.535347,-0.310688
0.339842,-0.535129,-0.311220
0.340362,-0.533875,-0.311712
0.338165,-0.532646,-0.312356
0.336381,-0.533568,-0.311170
0.336597,-0.530815,-0.309686
0.334595,-0.530021,-0.310692
0.331438,-0.530935,-0.311119
0.330952,-0.528843,-0.312810
0.328316,-0.527485,-0.311205
0.329861,-0.526875,-0.313033
0.327288,-0.525082,-0.311622
0.326493,-0.524855,-0.313653
0.324611,-0.522701,-0.313893
0.322732,-0.520960,-0.314084
0.320142,-0.522477,-0.316729
0.318631,-0.523806,-0.314840
0.316456,-0.521136,-0.315562
0.315508,-0.521135,-0.316602
0.315246,-0.520340,-0.315680
0.311950,-0.519900,-0.317388
0.310068,-0.521519,-0.317784
0.308169,-0.522492,-0.320052
0.305293,-0.519163,-0.319127
0.303814,-0.520045,-0.319821
0.300471,-0.519362,-0.320185
0.298470,-0.520079,-0.323174
0.296398,-0.522008,-0.324491
0.293160,-0.522117,-0.325281
0.291826,-0.522612,-0.326426
0.286923,-0.521489,-0.327759
0.286262,-0.522378,-0.329609
0.283305,-0.521469,-0.328883
0.280928,-0.521186,-0.332044
0.276108,-0.523083,-0.333587
0.275715,-0.523466,-0.332821
0.273180,-0.522720,-0.334576
0.270536,-0.523295,-0.337243
0.269259,-0.523866,-0.339645
0.265516,-0.525391,-0.340281
0.260666,-0.524414,-0.340720
0.259168,-0.524030,-0.342875
0.257489,-0.525076,-0.343782
0.252836,-0.527107,-0.345857
0.245333,-0.532179,-0.351675
0.238059,-0.535129,-0.356858
0.230859,-0.542368,-0.364244
0.351178,-0.644492,-0.352047
0.353532,-0.638228,-0.349299
0.356238,-0.633502,-0.345953
0.355839,-0.627173,-0.343113
0.358484,-0.621075,-0.338243
0.358997,-0.621682,-0.337576
0.359313,-0.620592,-0.336634
0.360478,-0.616707,-0.336084
0.360437,-0.612284,-0.333749
0.361767,-0.611713,-0.333328
0.362793,-0.606921,-0.332349
0.359005,-0.604109,-0.330617
0.361077,-0.600236,-0.327874
0.360614,-0.598670,-0.327894
0.362266,-0.595256,-0.325266
0.362723,-0.595376,-0.324270
0.360617,-0.591420,-0.324919
0.361374,-0.589621,-0.323701
0.361338,-0.589044,-0.324425
0.362299,-0.585883,-0.322335
0.359910,-0.581736,-0.322821
0.361481,-0.581195,-0.320382
0.360353,-0.579587,-0.319795
0.359627,-0.578350,-0.317838
0.358965,-0.575069,-0.318503
0.359454,-0.573584,-0.317883
0.356774,-0.573889,-0.318118
0.358479,-0.570724,-0.315850
0.355804,-0.567786,-0.317837
0.356656,-0.566019,-0.316220
0.357682,-0.564031,-0.316863
0.355349,-0.561679,-0.315151
0.354897,-0.561070,-0.314382
0.352824,-0.559718,-0.312696
0.353111,-0.558490,-0.311798
0.351808,-0.556642,-0.312746
0.351756,-0.555627,-0.311569
0.349656,-0.552104,-0.313201
0.350444,-0.552160,-0.312471
0.349453,-0.551840,-0.311066
0.349333,-0.549197,-0.311395
0.347981,-0.545347,-0.311418
0.345534,-0.546287,-0.310156
0.344433,-0.544868,-0.310618
0.345067,-0.544754,-0.311480
0.342308,-0.542342,-0.312330
0.342144,-0.539929,-0.308935
0.339560,-0.538143,-0.309426
0.340128,-0.537144,-0.309063
0.339019,-0.538842,-0.308627
0.337023,-0.534531,-0.310245
0.337036,-0.533724,-0.310554
0.335211,-0.532066,-0.310783
0.334560,-0.533574,-0.311929
0.333848,-0.531596,-0.311559
0.332077,-0.529974,-0.311497
0.331931,-0.529288,-0.309336
0.328343,-0.527737,-0.310776
0.326729,-0.527963,-0.310201
0.325586,-0.525890,-0.312340
0.324011,-0.526146,-0.312550
0.323847,-0.524674,-0.311951
0.322319,-0.524129,-0.312202
0.320319,-0.525356,-0.311952
0.317726,-0.525847,-0.313671
0.316769,-0.523274,-0.313434
0.314530,-0.522805,-0.315811
0.313129,-0.521692,-0.315200
0.311574,-0.523307,-0.316019
0.309520,-0.521869,-0.318778
0.307388,-0.520518,-0.320281
0.305048,-0.521105,-0.316948
0.302433,-0.521294,-0.319242
0.301164,-0.520850,-0.321008
0.297475,-0.521397,-0.320747
0.295241,-0.521047,-0.323331
0.292399,-0.521875,-0.325162
0.289037,-0.520403,-0.325432
0.287969,-0.522036,-0.326300
0.283487,-0.524842,-0.328492
0.283060,-0.523038,-0.328918
0.280343,-0.523633,-0.330138
0.275537,-0.523691,-0.332930
0.274128,-0.525429,-0.332737
0.270597,-0.523242,-0.334269
0.268441,-0.523410,-0.336137
0.266016,-0.524998,-0.335804
0.263372,-0.523396,-0.338982
0.261672,-0.525709,-0.339698
0.256940,-0.525031,-0.342363
0.256495,-0.525042,-0.342633
0.248466,-0.529134,-0.347336
0.242317,-0.535929,-0.353318
0.235124,-0.540121,-0.356597
0.228161,-0.545044,-0.362041
0.350761,-0.643057,-0.349932
0.351280,-0.640810,-0.347099
0.352713,-0.634234,-0.343649
0.355794,-0.633720,-0.338627
0.357910,-0.624924,-0.339820
0.358050,-0.621779,-0.336962
0.359612,-0.621519,-0.336146
0.360975,-0.616426,-0.334420
0.357846,-0.612814,-0.333453
0.357956,-0.611734,-0.331774
0.358747,-0.608509,-0.330555
0.361391,-0.604955,-0.328506
0.359862,-0.602337,-0.327514
0.362501,-0.599419,-0.326010
0.361390,-0.597829,-0.327554
0.360574,-0.596567,-0.325548
0.359645,-0.592948,-0.323799
0.362148,-0.590078,-0.321756
0.358333,-0.589312,-0.322367
0.358602,-0.585750,-0.319496
0.359587,-0.583696,-0.319167
0.359187,-0.582586,-0.320113
0.358684,-0.579467,-0.318510
0.357643,-0.575401,-0.316473
0.358974,-0.575286,-0.315987
0.357867,-0.575483,-0.316964
0.356623,-0.574207,-0.316911
0.356359,-0.569471,-0.314495
0.354454,-0.569860,-0.313838
0.353852,-0.568979,-0.314832
0.354607,-0.566086,-0.314372
0.354337,-0.563141,-0.312090
0.352394,-0.562453,-0.313295
0.351882,-0.561678,-0.313783
0.353236,-0.559972,-0.310934
0.353196,-0.555819,-0.311530
0.349846,-0.555126,-0.309720
0.350984,-0.553675,-0.310839
0.349165,-0.552973,-0.312512
0.347684,-0.551860,-0.311781
0.347622,-0.550264,-0.311537
0.346756,-0.548889,-0.311260
0.345094,-0.546153,-0.307937
0.343385,-0.548122,-0.309079
0.342607,-0.544069,-0.309399
0.342864,-0.543388,-0.310329
0.341865,-0.543042,-0.308116
0.340711,-0.540494,-0.311054
0.340533,-0.539881,-0.309854
0.339538,-0.536586,-0.307999
0.336564,-0.536800,-0.310239
0.337061,-0.535062,-0.309866
0.333558,-0.535004,-0.309605
0.331412,-0.535900,-0.310638
0.332823,-0.532195,-0.308345
0.330771,-0.530739,-0.309275
0.329195,-0.532524,-0.311164
0.326705,-0.529705,-0.311860
0.327931,-0.529682,-0.311097
0.323542,-0.528627,-0.311244
0.322584,-0.527835,-0.310413
0.321942,-0.526716,-0.309739
0.321043,-0.524566,-0.312990
0.318817,-0.525463,-0.311461
0.318017,-0.526297,-0.312877
0.314754,-0.526167,-0.313269
0.313091,-0.522092,-0.313947
0.310613,-0.521576,-0.314800
0.307749,-0.523089,-0.316633
0.307718,-0.522557,-0.315796
0.305275,-0.522494,-0.317265
0.304169,-0.521191,-0.318019
0.301797,-0.521309,-0.318017
0.298910,-0.521527,-0.319331
0.297220,-0.522823,-0.320676
0.292545,-0.523704,-0.321333
0.290072,-0.523551,-0.322146
0.289042,-0.522373,-0.324481
0.286589,-0.525176,-0.326219
0.284088,-0.524619,-0.326044
0.282859,-0.523962,-0.328223
0.276796,-0.524602,-0.329334
0.274055,-0.524782,-0.329784
0.271217,-0.524672,-0.332755
0.271463,-0.526408,-0.334512
0.266331,-0.526051,-0.334446
0.264917,-0.525500,-0.335960
0.263354,-0.526234,-0.338616
0.259296,-0.526682,-0.336954
0.255260,-0.528506,-0.339919
0.252794,-0.527818,-0.341449
0.247689,-0.532308,-0.345377
0.242580,-0.535946,-0.350635
0.233918,-0.542472,-0.355728
0.347397,-0.647136,-0.350356
0.351286,-0.640456,-0.346714
0.352280,-0.635565,-0.343855
0.356424,-0.630844,-0.340085
0.357409,-0.627248,-0.338994
0.356388,-0.623693,-0.336232
0.357886,-0.621018,-0.333177
0.356407,-0.617343,-0.333559
0.357845,-0.615535,-0.330617
0.357074,-0.615005,-0.330393
0.360148,-0.609316,-0.329751
0.361899,-0.607881,-0.326404
0.359340,-0.602848,-0.327147
0.359533,-0.600983,-0.325203
0.359382,-0.598832,-0.324043
0.360170,-0.598139,-0.323213
0.358466,-0.595531,-0.322952
0.358164,-0.590842,-0.321532
0.358607,-0.590234,-0.321132
0.357719,-0.588585,-0.319969
0.358611,-0.585872,-0.319428
0.359314,-0.583501,-0.317628
0.357570,-0.581065,-0.317207
0.357680,-0.578335,-0.317621
0.356754,-0.577806,-0.316290
0.356094,-0.577148,-0.315642
0.357251,-0.574893,-0.313927
0.356148,-0.573602,-0.314074
0.353817,-0.571977,-0.313589
0.352159,-0.568641,-0.312987
0.352683,-0.566039,-0.313736
0.352675,-0.566152,-0.312792
0.350593,-0.563396,-0.311503
0.350384,-0.562083,-0.311722
0.349343,-0.559142,-0.312159
0.350023,-0.559245,-0.310110
0.349521,-0.557445,-0.311472
0.349490,-0.554365,-0.311358
0.348710,-0.554510,-0.309315
0.344982,-0.553131,-0.309225
0.344648,-0.552385,-0.309479
0.344454,-0.549201,-0.309103
0.344684,-0.547614,-0.309683
0.341267,-0.548897,-0.310116
0.342541,-0.545467,-0.306935
0.340302,-0.544895,-0.308385
0.340963,-0.541810,-0.309770
0.338228,-0.543030,-0.308368
0.338510,-0.541231,-0.308341
0.335030,-0.538489,-0.306801
0.335597,-0.537805,-0.306434
0.331802,-0.535367,-0.309511
0.334592,-0.534580,-0.309949
0.332141,-0.532579,-0.309017
0.330598,-0.534350,-0.308143
0.327247,-0.534787,-0.308365
0.326085,-0.532843,-0.309454
0.326109,-0.533868,-0.309933
0.326746,-0.532189,-0.310021
0.324717,-0.531697,-0.308700
0.322227,-0.529881,-0.308409
0.321432,-0.528544,-0.311229
0.317586,-0.527154,-0.310275
0.317652,-0.526325,-0.311954
0.315157,-0.526912,-0.310831
0.314050,-0.525204,-0.312488
0.312788,-0.525453,-0.312482
0.310424,-0.525657,-0.315281
0.307048,-0.526256,-0.315334
0.306226,-0.524942,-0.311681
0.303536,-0.523581,-0.316222
0.302264,-0.523478,-0.318359
0.299974,-0.521802,-0.317336
0.296985,-0.522883,-0.317138
0.293456,-0.521984,-0.319523
0.292772,-0.524433,-0.321489
0.287940,-0.525569,-0.323849
0.287333,-0.524599,-0.324006
0.284795,-0.525517,-0.323868
0.282178,-0.525703,-0.325712
0.277624,-0.525915,-0.326051
0.276538,-0.525249,-0.328275
0.274566,-0.527897,-0.329942
0.270210,-0.527154,-0.330892
0.269079,-0.527337,-0.332893
0.265852,-0.527405,-0.333864
0.263938,-0.529722,-0.336209
0.260824,-0.529797,-0.338944
0.257405,-0.528958,-0.339096
0.253737,-0.529569,-0.339711
0.252302,-0.529131,-0.341116
0.245392,-0.532958,-0.344911
0.240153,-0.539537,-0.351113
0.230814,-0.544043,-0.354254
0.347351,-0.641156,-0.343557
0.351156,-0.636232,-0.341174
0.353912,-0.632913,-0.338612
0.352595,-0.627103,-0.338260
0.355584,-0.623177,-0.335833
0.355818,-0.622153,-0.334057
0.357000,-0.620080,-0.332164
0.357131,-0.616699,-0.330505
0.356951,-0.613342,-0.330673
0.356558,-0.611136,-0.327680
0.358949,-0.607105,-0.325422
0.358690,-0.605459,-0.322835
0.357981,-0.601629,-0.324083
0.358093,-0.600699,-0.323320
0.358410,-0.597661,-0.323721
0.357711,-0.595830,-0.321477
0.355940,-0.593422,-0.321979
0.356796,-0.591128,-0.319825
0.356232,-0.588269,-0.318813
0.356422,-0.586102,-0.319677
0.355393,-0.584979,-0.317025
0.354021,-0.581157,-0.316128
0.356003,-0.580247,-0.314975
0.356615,-0.578474,-0.316767
0.357017,-0.578705,-0.314322
0.354524,-0.575595,-0.312620
0.353778,-0.573326,-0.312049
0.353261,-0.572936,-0.313905
0.350996,-0.570400,-0.312577
0.351496,-0.569391,-0.310905
0.351358,-0.565780,-0.313416
0.349629,-0.564974,-0.311036
0.348964,-0.563400,-0.310199
0.349088,-0.560000,-0.309654
0.350215,-0.558955,-0.310254
0.346623,-0.556414,-0.309006
0.346617,-0.556572,-0.306551
0.346950,-0.555500,-0.310266
0.345616,-0.554614,-0.308808
0.343543,-0.554957,-0.308705
0.341971,-0.551188,-0.307550
0.342334,-0.549827,-0.307521
0.338630,-0.548342,-0.308473
0.341677,-0.546459,-0.308273
0.340319,-0.546185,-0.307940
0.340189,-0.542624,-0.308116
0.338346,-0.542659,-0.307377
0.336494,-0.540800,-0.307514
0.334042,-0.538864,-0.305079
0.333623,-0.540477,-0.307545
0.333364,-0.537040,-0.307890
0.331317,-0.537787,-0.306984
0.329408,-0.535176,-0.307660
0.327392,-0.536451,-0.308322
0.329295,-0.533214,-0.306780
0.327355,-0.535626,-0.306257
0.324253,-0.532560,-0.308969
0.324377,-0.533967,-0.308386
0.320750,-0.530234,-0.307651
0.321077,-0.531952,-0.308767
0.319984,-0.531326,-0.309691
0.317227,-0.527185,-0.310381
0.317099,-0.528146,-0.311413
0.313763,-0.527384,-0.313677
0.311833,-0.527530,-0.312286
0.310428,-0.528668,-0.312151
0.308109,-0.527748,-0.311188
0.305910,-0.525509,-0.313982
0.303671,-0.526097,-0.315079
0.302939,-0.526714,-0.313274
0.301175,-0.525192,-0.315579
0.299420,-0.525379,-0.316308
0.295014,-0.524654,-0.315795
0.293247,-0.525205,-0.316915
0.290047,-0.525701,-0.319802
0.289327,-0.525620,-0.320980
0.284945,-0.526393,-0.322878
0.283074,-0.526694,-0.323250
0.280551,-0.527066,-0.325100
0.276959,-0.527604,-0.323957
0.276050,-0.527608,-0.326325
0.273569,-0.527140,-0.328256
0.268227,-0.527878,-0.329495
0.268946,-0.529791,-0.332382
0.263278,-0.528782,-0.332940
0.261491,-0.530940,-0.334264
0.256404,-0.529120,-0.337230
0.256842,-0.531221,-0.337956
0.252767,-0.533114,-0.339709
0.249171,-0.531799,-0.340385
0.242278,-0.535855,-0.344283
0.237341,-0.540113,-0.347699
0.347372,-0.644554,-0.344592
0.349559,-0.638703,-0.340284
0.353088,-0.635700,-0.336648
0.354458,-0.630806,-0.336346
0.353878,-0.625290,-0.335945
0.353297,-0.622414,-0.331770
0.357789,-0.621061,-0.329942
0.355488,-0.618125,-0.329714
0.356054,-0.615295,-0.326005
0.356030,-0.611245,-0.324367
0.357553,-0.609426,-0.324492
0.356153,-0.606890,-0.322800
0.357230,-0.604225,-0.322217
0.357201,-0.602377,-0.321937
0.355706,-0.599970,-0.319127
0.356211,-0.598548,-0.320444
0.356122,-0.595602,-0.319850
0.355691,-0.593184,-0.318828
0.356394,-0.589842,-0.317502
0.353776,-0.589287,-0.316279
0.354340,-0.587665,-0.314342
0.356353,-0.585871,-0.314442
0.355111,-0.581921,-0.314407
0.354059,-0.580211,-0.313488
0.353798,-0.579204,-0.314430
0.352769,-0.576450,-0.313066
0.352839,-0.574746,-0.312028
0.350790,-0.575009,-0.311853
0.352246,-0.572646,-0.311893
0.350345,-0.571637,-0.309639
0.349067,-0.565901,-0.310925
0.349348,-0.566183,-0.309496
0.348563,-0.563678,-0.309526
0.347324,-0.563606,-0.308987
0.347954,-0.561622,-0.307272
0.347697,-0.559021,-0.307268
0.344745,-0.559842,-0.309037
0.346195,-0.557962,-0.307063
0.343489,-0.555781,-0.306445
0.343719,-0.553763,-0.307324
0.340656,-0.554299,-0.309166
0.341808,-0.552460,-0.304926
0.338588,-0.549629,-0.307011
0.339464,-0.549625,-0.308199
0.338181,-0.548277,-0.306165
0.337486,-0.545350,-0.307515
0.335239,-0.544790,-0.306920
0.334986,-0.544036,-0.305777
0.334302,-0.543287,-0.304959
0.332781,-0.540395,-0.305662
0.331342,-0.541140,-0.306134
0.329407,-0.537954,-0.307591
0.330138,-0.539039,-0.305486
0.326599,-0.536487,-0.307095
0.325619,-0.538626,-0.307858
0.324376,-0.534488,-0.306056
0.324067,-0.536257,-0.307874
0.322791,-0.532754,-0.306008
0.320580,-0.533401,-0.307787
0.320953,-0.530871,-0.306757
0.319006,-0.531434,-0.309090
0.318140,-0.529786,-0.307150
0.314224,-0.530642,-0.310228
0.312190,-0.531423,-0.310303
0.310365,-0.530778,-0.311652
0.308408,-0.530329,-0.310693
0.306554,-0.527730,-0.311809
0.304834,-0.528970,-0.313176
0.302378,-0.528104,-0.313770
0.299740,-0.525848,-0.313841
0.299411,-0.526798,-0.313731
0.296786,-0.525757,-0.315671
0.294532,-0.527032,-0.316280
0.291445,-0.526272,-0.316858
0.290536,-0.527245,-0.319695
0.287070,-0.527916,-0.321145
0.283248,-0.528008,-0.321523
0.284166,-0.528522,-0.322193
0.279402,-0.528244,-0.324226
0.278230,-0.529552,-0.326347
0.271576,-0.529813,-0.325740
0.272862,-0.530172,-0.329389
0.267474,-0.529959,-0.329674
0.264512,-0.528971,-0.330868
0.261835,-0.532371,-0.334599
0.260369,-0.531607,-0.333229
0.258934,-0.533598,-0.335311
0.253138,-0.532079,-0.336875
0.250104,-0.533516,-0.336711
0.246935,-0.532141,-0.339635
0.242220,-0.536440,-0.345661
0.235198,-0.542608,-0.348023
0.347339,-0.640337,-0.339501
0.351289,-0.634996,-0.336286
0.353433,-0.632720,-0.333660
0.353280,-0.627444,-0.333172
0.354243,-0.624649,-0.331719
0.352481,-0.619438,-0.331667
0.353277,-0.619996,-0.328842
0.351815,-0.617329,-0.327441
0.354337,-0.612957,-0.324607
0.354566,-0.611659,-0.323778
0.357236,-0.608605,-0.323818
0.354510,-0.605352,-0.321191
0.356098,-0.603570,-0.320081
0.354149,-0.600494,-0.319828
0.355221,-0.598575,-0.319342
0.353676,-0.598487,-0.317565
0.353917,-0.593422,-0.316107
0.355849,-0.591607,-0.318019
0.353689,-0.590102,-0.317013
0.353867,-0.587527,-0.313845
0.355312,-0.583028,-0.315150
0.354380,-0.583034,-0.312154
0.354414,-0.581273,-0.313129
0.350667,-0.579249,-0.312731
0.350770,-0.579745,-0.311739
0.350834,-0.577498,-0.312078
0.350126,-0.576906,-0.311474
0.349798,-0.573305,-0.309568
0.347917,-0.573420,-0.311112
0.347182,-0.569469,-0.308857
0.348662,-0.568348,-0.309026
0.348233,-0.565121,-0.309288
0.345817,-0.563758,-0.307088
0.344260,-0.561173,-0.307810
0.345806,-0.559378,-0.306299
0.343285,-0.559835,-0.307125
0.343921,-0.558403,-0.308012
0.342173,-0.557342,-0.305439
0.340928,-0.557847,-0.306145
0.340688,-0.554651,-0.305800
0.339941,-0.552684,-0.307438
0.338857,-0.550417,-0.305558
0.338454,-0.549862,-0.304797
0.339099,-0.548946,-0.306505
0.335396,-0.547464,-0.306023
0.336593,-0.544488,-0.304572
0.333447,-0.547572,-0.304951
0.333135,-0.543098,-0.306857
0.331163,-0.541438,-0.304257
0.329288,-0.542094,-0.305297
0.330003,-0.540456,-0.305100
0.326952,-0.540369,-0.304967
0.326962,-0.537270,-0.304996
0.323603,-0.537556,-0.306621
0.323731,-0.536261,-0.306560
0.322314,-0.536266,-0.306530
0.321665,-0.534490,-0.306860
0.319612,-0.532589,-0.308022
0.319693,-0.532788,-0.307699
0.316590,-0.530820,-0.308186
0.313603,-0.530909,-0.306614
0.314199,-0.530659,-0.310264
0.311718,-0.530438,-0.309416
0.307192,-0.530231,-0.310142
0.307514,-0.528646,-0.310893
0.306194,-0.529790,-0.310673
0.303047,-0.527804,-0.312021
0.301696,-0.527393,-0.310995
0.297689,-0.528252,-0.314037
0.299402,-0.528584,-0.311803
0.295024,-0.527018,-0.315632
0.293129,-0.527982,-0.315500
0.291309,-0.529565,-0.317476
0.289092,-0.527198,-0.317786
0.285110,-0.529639,-0.320562
0.282966,-0.528793,-0.320812
0.279703,-0.529057,-0.322938
0.277327,-0.531505,-0.322248
0.275371,-0.529309,-0.323450
0.272154,-0.530984,-0.325723
0.270924,-0.529426,-0.326531
0.266705,-0.532194,-0.327990
0.265158,-0.530834,-0.332470
0.260219,-0.533118,-0.332138
0.258619,-0.532727,-0.332863
0.254895,-0.534103,-0.334171
0.251875,-0.536382,-0.335319
0.248588,-0.535831,-0.337897
0.247045,-0.536935,-0.339092
0.239300,-0.539526,-0.344872
0.348167,-0.644693,-0.340682
0.347294,-0.636090,-0.336411
0.351501,-0.632074,-0.334034
0.352191,-0.629725,-0.330281
0.352432,-0.625220,-0.328454
0.351985,-0.622701,-0.328731
0.353080,-0.620351,-0.328867
0.351973,-0.617430,-0.326579
0.353223,-0.613721,-0.324623
0.353967,-0.612072,-0.322720
0.354921,-0.609688,-0.320535
0.355611,-0.606812,-0.320503
0.354782,-0.604562,-0.318813
0.355217,-0.604035,-0.317363
0.353681,-0.598504,-0.317511
0.352784,-0.598437,-0.318112
0.354883,-0.595959,-0.316316
0.354046,-0.592609,-0.315345
0.352026,-0.590487,-0.313877
0.351248,-0.590367,-0.313413
0.351768,-0.586376,-0.313308
0.352839,-0.586733,-0.312306
0.350014,-0.583492,-0.311978
0.351879,-0.581801,-0.310534
0.350249,-0.579229,-0.311653
0.350605,-0.579112,-0.307920
0.348864,-0.575852,-0.308962
0.347651,-0.576075,-0.308987
0.348519,-0.571838,-0.308596
0.347748,-0.572307,-0.309559
0.348264,-0.569045,-0.308995
0.346486,-0.567653,-0.309167
0.344501,-0.565963,-0.307269
0.343850,-0.564773,-0.305772
0.343021,-0.561690,-0.304550
0.344150,-0.560921,-0.306952
0.341943,-0.560827,-0.306827
0.341315,-0.560804,-0.306259
0.340692,-0.557560,-0.303005
0.342593,-0.554693,-0.304323
0.337786,-0.553673,-0.305412
0.338491,-0.552847,-0.304566
0.337358,-0.550217,-0.305222
0.334862,-0.551044,-0.303204
0.332626,-0.549580,-0.302637
0.332400,-0.547168,-0.303021
0.331599,-0.544459,-0.305202
0.331957,-0.544935,-0.305998
0.331191,-0.542803,-0.304027
0.329489,-0.541371,-0.304595
0.327666,-0.541033,-0.305649
0.326214,-0.540059,-0.304418
0.325697,-0.539503,-0.302930
0.322653,-0.538942,-0.304237
0.322988,-0.539793,-0.304930
0.320795,-0.537571,-0.304729
0.318464,-0.535779,-0.306134
0.318708,-0.536484,-0.305966
0.316472,-0.535065,-0.306750
0.315657,-0.533548,-0.305695
0.313956,-0.532124,-0.306859
0.311427,-0.533569,-0.307025
0.309885,-0.531090,-0.308250
0.306778,-0.532042,-0.307181
0.306779,-0.531407,-0.309175
0.304384,-0.531283,-0.310184
0.301448,-0.531341,-0.310255
0.299170,-0.529120,-0.310250
0.298073,-0.529658,-0.313381
0.295521,-0.529812,-0.314208
0.294888,-0.529116,-0.313579
0.291261,-0.529144,-0.315189
0.288185,-0.529782,-0.316061
0.287768,-0.529378,-0.317721
0.284895,-0.529407,-0.317838
0.279048,-0.530811,-0.320199
0.278475,-0.533143,-0.320369
0.275627,-0.532404,-0.322247
0.272268,-0.531359,-0.321771
0.271976,-0.534494,-0.323963
0.269769,-0.531622,-0.326978
0.264118,-0.534668,-0.327653
0.261230,-0.533289,-0.328221
0.257443,-0.532982,-0.329917
0.256227,-0.536058,-0.331066
0.254349,-0.534477,-0.334502
0.249958,-0.535366,-0.335552
0.247477,-0.538604,-0.336181
0.243170,-0.536700,-0.338976
0.237304,-0.542778,-0.344274
0.347535,-0.641152,-0.337293
0.349195,-0.635135,-0.331127
0.351916,-0.628811,-0.330906
0.351126,-0.626789,-0.328384
0.352075,-0.622915,-0.328488
0.353044,-0.620647,-0.325331
0.351928,-0.620467,-0.324232
0.351117,-0.615462,-0.322654
0.353224,-0.612344,-0.321868
0.351691,-0.609519,-0.321952
0.353031,-0.607548,-0.318878
0.351964,-0.606011,-0.318990
0.353687,-0.602372,-0.316989
0.351493,-0.601272,-0.317754
0.350255,-0.598530,-0.314825
0.351952,-0.597075,-0.315139
0.351294,-0.594000,-0.314650
0.352078,-0.594914,-0.313034
0.352178,-0.589206,-0.313461
0.351041,-0.588645,-0.311495
0.351374,-0.586404,-0.311903
0.349736,-0.582585,-0.307172
0.350812,-0.582272,-0.312225
0.349868,-0.580576,-0.310026
0.347709,-0.578892,-0.307795
0.344775,-0.578343,-0.308959
0.346873,-0.577172,-0.309490
0.347401,-0.575403,-0.308374
0.344886,-0.571531,-0.308089
0.343298,-0.571432,-0.305949
0.344102,-0.569383,-0.307448
0.343093,-0.565372,-0.306182
0.344656,-0.566342,-0.306836
0.343451,-0.562299,-0.306752
0.341903,-0.562198,-0.306713
0.341181,-0.561586,-0.306946
0.340373,-0.559735,-0.304631
0.338937,-0.559096,-0.304727
0.338068,-0.555550,-0.304267
0.338901,-0.555849,-0.304650
0.335655,-0.552899,-0.302240
0.334130,-0.551654,-0.304377
0.335203,-0.550436,-0.303865
0.334965,-0.549102,-0.305547
0.332280,-0.548310,-0.303433
0.330971,-0.546204,-0.303063
0.330799,-0.545922,-0.302322
0.330031,-0.545540,-0.302362
0.327787,-0.542725,-0.303100
0.326412,-0.540361,-0.303549
0.323822,-0.542459,-0.303369
0.323474,-0.539545,-0.304731
0.320991,-0.540323,-0.302665
0.322450,-0.538994,-0.303630
0.318872,-0.538373,-0.303511
0.317505,-0.536650,-0.305170
0.316864,-0.537744,-0.305809
0.316359,-0.535018,-0.303008
0.314111,-0.534398,-0.306081
0.312587,-0.534412,-0.304322
0.310401,-0.533205,-0.306265
0.309055,-0.534045,-0.305276
0.305108,-0.533275,-0.309456
0.304049,-0.533332,-0.306452
0.301308,-0.531309,-0.307038
0.299984,-0.532084,-0.311545
0.299826,-0.531948,-0.309160
0.296314,-0.530335,-0.311554
0.295459,-0.531828,-0.312636
0.291058,-0.529839,-0.312943
0.289891,-0.528087,-0.313712
0.287560,-0.529574,-0.313074
0.283901,-0.530450,-0.314933
0.282334,-0.530875,-0.316725
0.279259,-0.532025,-0.318686
0.277221,-0.532284,-0.319350
0.275515,-0.531416,-0.322799
0.270737,-0.532290,-0.322594
0.268101,-0.532897,-0.323456
0.266570,-0.532928,-0.325746
0.262905,-0.534785,-0.327890
0.260827,-0.534805,-0.327002
0.256180,-0.535157,-0.328618
0.254588,-0.536827,-0.329017
0.252289,-0.536543,-0.333941
0.249089,-0.536147,-0.334471
0.245121,-0.539444,-0.335883
0.241987,-0.540869,-0.340098
0.348531,-0.636914,-0.331482
0.350079,-0.632849,-0.331273
0.348527,-0.627093,-0.328199
0.351634,-0.625506,-0.327444
0.349983,-0.623537,-0.324391
0.352555,-0.620992,-0.323041
0.352183,-0.616216,-0.320575
0.352580,-0.612803,-0.321413
0.351275,-0.611288,-0.320078
0.354152,-0.609839,-0.318184
0.351740,-0.607166,-0.317625
0.349930,-0.604960,-0.318141
0.352110,-0.602283,-0.315582
0.350452,-0.598693,-0.315181
0.349721,-0.597310,-0.315295
0.351060,-0.598234,-0.313622
0.351890,-0.595214,-0.311970
0.349125,-0.592075,-0.312184
0.349201,-0.589236,-0.311317
0.351300,-0.584443,-0.310587
0.349205,-0.585752,-0.309021
0.348247,-0.584368,-0.307665
0.349407,-0.582129,-0.307860
0.348570,-0.580405,-0.308158
0.347221,-0.580308,-0.306680
0.347402,-0.577918,-0.306740
0.344031,-0.576719,-0.306639
0.343110,-0.575072,-0.305977
0.343735,-0.572366,-0.307849
0.343184,-0.568976,-0.305863
0.342865,-0.566893,-0.305709
0.342535,-0.567901,-0.304496
0.340715,-0.565104,-0.304470
0.339065,-0.565131,-0.302864
0.337550,-0.562172,-0.305116
0.338145,-0.560306,-0.303158
0.337060,-0.561012,-0.303400
0.336523,-0.557512,-0.303729
0.335845,-0.556515,-0.302143
0.334715,-0.556749,-0.302975
0.333424,-0.555442,-0.302063
0.332753,-0.551156,-0.304929
0.333946,-0.552234,-0.300846
0.333179,-0.550765,-0.303276
0.331128,-0.549535,-0.301430
0.329625,-0.546671,-0.300795
0.326781,-0.546461,-0.302661
0.327227,-0.543282,-0.301997
0.323751,-0.544176,-0.304179
0.322606,-0.542064,-0.302138
0.321197,-0.542635,-0.303643
0.320238,-0.541455,-0.302627
0.317774,-0.539815,-0.304360
0.319159,-0.539719,-0.302578
0.316899,-0.538638,-0.303257
0.315942,-0.536338,-0.305222
0.313832,-0.536690,-0.304693
0.312112,-0.536216,-0.303276
0.311212,-0.535484,-0.305029
0.308602,-0.533883,-0.305936
0.308404,-0.533345,-0.305918
0.303378,-0.534042,-0.306692
0.302297,-0.533906,-0.308131
0.300258,-0.531395,-0.307242
0.298568,-0.534060,-0.309030
0.295037,-0.533363,-0.307387
0.295329,-0.532333,-0.310759
0.291771,-0.533140,-0.310068
0.292492,-0.532913,-0.310588
0.289663,-0.532364,-0.314107
0.285474,-0.532250,-0.313330
0.284349,-0.532693,-0.316534
0.280747,-0.532911,-0.315246
0.278613,-0.531689,-0.319255
0.272485,-0.532613,-0.318650
0.272041,-0.533487,-0.321533
0.271332,-0.535078,-0.322678
0.269156,-0.534464,-0.322889
0.264585,-0.535256,-0.326389
0.262150,-0.534334,-0.326694
0.256661,-0.536623,-0.326186
0.256529,-0.536224,-0.328794
0.253797,-0.538950,-0.330711
0.249150,-0.538228,-0.332725
0.248100,-0.539741,-0.332120
0.242745,-0.541804,-0.335522
0.348398,-0.639755,-0.331567
0.346106,-0.631637,-0.329385
0.347225,-0.630164,-0.327637
0.349130,-0.628405,-0.326564
0.347583,-0.625008,-0.324663
0.350377,-0.619285,-0.323113
0.350043,-0.618508,-0.321397
0.350487,-0.613497,-0.318463
0.350231,-0.610338,-0.318005
0.351876,-0.611310,-0.319298
0.349090,-0.608585,-0.315379
0.351991,-0.605829,-0.314975
0.350815,-0.604491,-0.315536
0.348997,-0.599868,-0.314003
0.348739,-0.601138,-0.314064
0.347998,-0.595882,-0.312200
0.348347,-0.595354,-0.311417
0.349493,-0.593683,-0.311619
0.348524,-0.591261,-0.311521
0.350111,-0.588049,-0.310978
0.345809,-0.586783,-0.310349
0.345798,-0.587427,-0.308199
0.344743,-0.582786,-0.305946
0.344621,-0.583190,-0.308533
0.343936,-0.579420,-0.307226
0.343687,-0.581118,-0.307505
0.343694,-0.578042,-0.305859
0.342754,-0.575859,-0.304796
0.340136,-0.574361,-0.305868
0.341843,-0.571518,-0.305532
0.341285,-0.570735,-0.305466
0.339850,-0.568734,-0.304781
0.340791,-0.567462,-0.303271
0.338063,-0.567503,-0.301380
0.338053,-0.563722,-0.301331
0.336956,-0.561875,-0.302553
0.337145,-0.559949,-0.302729
0.334705,-0.560669,-0.301269
0.333556,-0.556861,-0.301832
0.330591,-0.556830,-0.301986
0.334933,-0.554622,-0.301060
0.330300,-0.555614,-0.302191
0.331651,-0.554187,-0.300170
0.329968,-0.551428,-0.299646
0.328422,-0.549768,-0.300169
0.327756,-0.549056,-0.300223
0.326001,-0.547152,-0.299674
0.324632,-0.544817,-0.300313
0.322168,-0.545498,-0.301213
0.323327,-0.545203,-0.302010
0.320449,-0.544089,-0.301138
0.318903,-0.543868,-0.301361
0.318204,-0.541873,-0.300055
0.316018,-0.540425,-0.302909
0.316475,-0.538837,-0.300071
0.313675,-0.538340,-0.303345
0.313592,-0.538828,-0.302038
0.310517,-0.536451,-0.302992
0.309317,-0.535977,-0.304096
0.308498,-0.535985,-0.304711
0.305489,-0.534947,-0.303794
0.303016,-0.535625,-0.305530
0.301675,-0.536172,-0.307453
0.301378,-0.534587,-0.307593
0.298144,-0.534203,-0.307401
0.297002,-0.534967,-0.309358
0.295311,-0.532976,-0.309596
0.290169,-0.534274,-0.307670
0.289517,-0.534250,-0.310012
0.287634,-0.534017,-0.311066
0.284907,-0.533954,-0.310113
0.283587,-0.532609,-0.314404
0.281797,-0.533908,-0.315068
0.276833,-0.535292,-0.316974
0.274552,-0.535288,-0.318162
0.273483,-0.536006,-0.319336
0.269669,-0.534404,-0.322158
0.267676,-0.536687,-0.322225
0.263436,-0.535655,-0.323634
0.260752,-0.537035,-0.326347
0.256175,-0.537722,-0.326443
0.255112,-0.539787,-0.326418
0.252554,-0.537767,-0.329539
0.250524,-0.540265,-0.329570
0.245869,-0.543131,-0.331899
0.239671,-0.543637,-0.335780
0.346242,-0.635244,-0.328026
0.344759,-0.631410,-0.327050
0.346275,-0.630679,-0.325890
0.348010,-0.625339,-0.321737
0.347416,-0.622261,-0.321762
0.347615,-0.620243,-0.319064
0.350011,-0.616016,-0.318834
0.350606,-0.613611,-0.315164
0.351215,-0.611961,-0.312858
0.348308,-0.611384,-0.315027
0.346805,-0.607826,-0.314468
0.348869,-0.605689,-0.314829
0.349003,-0.602074,-0.313102
0.346890,-0.602788,-0.311809
0.345544,-0.598409,-0.311720
0.346325,-0.596235,-0.310778
0.348447,-0.595133,-0.309987
0.347415,-0.594382,-0.308509
0.346888,-0.590364,-0.308329
0.345811,-0.588951,-0.308291
0.346138,-0.587394,-0.309006
0.345076,-0.583814,-0.305321
0.341074,-0.581849,-0.307568
0.343961,-0.581804,-0.304944
0.343741,-0.579795,-0.307135
0.343116,-0.578871,-0.303465
0.341781,-0.578191,-0.304954
0.339114,-0.574146,-0.304469
0.340091,-0.572393,-0.303277
0.339427,-0.570910,-0.301668
0.338227,-0.570556,-0.303752
0.336896,-0.567835,-0.302668
0.338338,-0.564858,-0.300876
0.337928,-0.564425,-0.304320
0.336815,-0.564737,-0.301176
0.335331,-0.562600,-0.301236
0.333060,-0.561944,-0.300282
0.332987,-0.558241,-0.299489
0.331281,-0.557227,-0.302007
0.329393,-0.557337,-0.301950
0.328881,-0.557101,-0.301053
0.328621,-0.554066,-0.301955
0.327270,-0.552931,-0.299383
0.327854,-0.550619,-0.301108
0.325392,-0.550497,-0.298510
0.324936,-0.549808,-0.299864
0.322924,-0.548579,-0.299310
0.320603,-0.545705,-0.301116
0.321579,-0.546531,-0.299110
0.321326,-0.545907,-0.300303
0.317385,-0.543894,-0.301410
0.315799,-0.541820,-0.300998
0.316310,-0.542584,-0.300057
0.315113,-0.541149,-0.302155
0.311776,-0.540866,-0.301548
0.312549,-0.539466,-0.300438
0.308508,-0.538854,-0.302547
0.306810,-0.537290,-0.302971
0.306573,-0.536623,-0.301656
0.304618,-0.537961,-0.303216
0.303132,-0.537031,-0.304816
0.300121,-0.534401,-0.305479
0.299831,-0.537726,-0.307170
0.296025,-0.536494,-0.307095
0.295258,-0.533897,-0.307461
0.293953,-0.536249,-0.307285
0.291212,-0.534486,-0.307256
0.288273,-0.535008,-0.309562
0.284145,-0.535590,-0.310248
0.283937,-0.535966,-0.311109
0.281375,-0.535904,-0.312564
0.277363,-0.536629,-0.315858
0.276464,-0.537183,-0.316956
0.275005,-0.534707,-0.315237
0.271027,-0.536336,-0.319808
0.267194,-0.537398,-0.320813
0.263981,-0.538838,-0.321799
0.263370,-0.537345,-0.322907
0.259418,-0.536997,-0.324218
0.253948,-0.540090,-0.325740
0.252785,-0.540549,-0.326061
0.248877,-0.540811,-0.327930
0.245000,-0.542337,-0.332170
0.344856,-0.634579,-0.324472
0.344953,-0.630595,-0.322701
0.346790,-0.627609,-0.321682
0.348354,-0.624695,-0.320949
0.346481,-0.622077,-0.319148
0.348851,-0.618779,-0.318253
0.348430,-0.613802,-0.315484
0.348158,-0.611865,-0.315079
0.348798,-0.610311,-0.313340
0.347964,-0.608730,-0.312130
0.344679,-0.607080,-0.311060
0.347110,-0.603157,-0.312315
0.343999,-0.602260,-0.310161
0.345555,-0.601023,-0.309572
0.346029,-0.598641,-0.310729
0.346469,-0.594692,-0.307338
0.345917,-0.594186,-0.306643
0.344557,-0.591799,-0.307144
0.344799,-0.588730,-0.307673
0.344329,-0.588309,-0.305351
0.344727,-0.587105,-0.306077
0.343013,-0.585115,-0.304963
0.342380,-0.584454,-0.305551
0.342364,-0.580694,-0.306056
0.339674,-0.581007,-0.303293
0.341777,-0.579367,-0.304076
0.338118,-0.576233,-0.306027
0.339139,-0.576878,-0.303540
0.337267,-0.571410,-0.302645
0.336783,-0.571429,-0.301314
0.336384,-0.570569,-0.300599
0.338143,-0.567642,-0.299473
0.336026,-0.567234,-0.301969
0.334647,-0.566349,-0.301099
0.332397,-0.563501,-0.299311
0.331938,-0.563289,-0.300807
0.330932,-0.561147,-0.301886
0.328169,-0.561513,-0.301988
0.328400,-0.557993,-0.301228
0.330309,-0.558007,-0.298208
0.328305,-0.555672,-0.298585
0.327128,-0.554982,-0.299193
0.325803,-0.552986,-0.300659
0.324375,-0.550920,-0.298196
0.323126,-0.550985,-0.299392
0.321784,-0.549809,-0.297977
0.320990,-0.548335,-0.299711
0.318787,-0.547246,-0.299747
0.318052,-0.547294,-0.300342
0.317546,-0.547973,-0.299449
0.314935,-0.543529,-0.298330
0.314224,-0.544989,-0.299826
0.312684,-0.542875,-0.302315
0.310052,-0.543180,-0.299702
0.307401,-0.541810,-0.301425
0.308288,-0.541348,-0.302310
0.305737,-0.539226,-0.299404
0.304818,-0.538066,-0.302123
0.303426,-0.537635,-0.302852
0.300497,-0.538491,-0.303925
0.297980,-0.536834,-0.303237
0.297874,-0.537825,-0.305466
0.295095,-0.536273,-0.303876
0.292196,-0.536735,-0.307007
0.291186,-0.538873,-0.307121
0.289911,-0.538069,-0.307878
0.286136,-0.535899,-0.308046
0.284480,-0.537336,-0.308575
0.285780,-0.536971,-0.310677
0.277872,-0.537465,-0.311768
0.277464,-0.537656,-0.312877
0.274270,-0.537711,-0.316122
0.271335,-0.538441,-0.315958
0.266807,-0.537618,-0.316354
0.265382,-0.539989,-0.318898
0.262530,-0.538564,-0.320057
0.259942,-0.538073,-0.321203
0.256913,-0.539881,-0.323196
0.254409,-0.542048,-0.324759
0.250970,-0.541495,-0.326251
0.246668,-0.543686,-0.327827
0.345074,-0.632548,-0.324370
0.345459,-0.630036,-0.321478
0.346357,-0.626676,-0.319038
0.345067,-0.625206,-0.317470
0.345177,-0.618325,-0.316708
0.348424,-0.619063,-0.315569
0.346194,-0.613191,-0.313875
0.345541,-0.611888,-0.314605
0.344968,-0.609553,-0.312677
0.346979,-0.609561,-0.311575
0.344658,-0.604932,-0.310963
0.345973,-0.602394,-0.310437
0.344150,-0.601427,-0.309095
0.344982,-0.599260,-0.310298
0.345992,-0.597641,-0.308511
0.344698,-0.594191,-0.306577
0.344148,-0.592602,-0.306298
0.345051,-0.590825,-0.305858
0.341280,-0.591990,-0.304935
0.342505,-0.587820,-0.305038
0.340450,-0.586955,-0.303761
0.340211,-0.584666,-0.302093
0.341102,-0.583568,-0.301754
0.340204,-0.580796,-0.302631
0.339000,-0.578879,-0.304104
0.337938,-0.577913,-0.300702
0.337400,-0.576739,-0.301044
0.337037,-0.575407,-0.301583
0.335315,-0.574616,-0.299800
0.336298,-0.570076,-0.299388
0.332012,-0.569803,-0.300107
0.334775,-0.566711,-0.300540
0.331241,-0.568805,-0.301146
0.330460,-0.566166,-0.299662
0.331720,-0.563361,-0.296576
0.328700,-0.562804,-0.298933
0.328821,-0.560857,-0.298348
0.325179,-0.558380,-0.298702
0.327130,-0.557543,-0.299056
0.327044,-0.556038,-0.297601
0.324635,-0.554058,-0.298122
0.324930,-0.555015,-0.296574
0.324676,-0.553190,-0.298044
0.322474,-0.551111,-0.297270
0.318733,-0.551079,-0.298292
0.318512,-0.549861,-0.298123
0.319370,-0.549602,-0.300141
0.317196,-0.548080,-0.298628
0.317302,-0.546537,-0.298693
0.315151,-0.546984,-0.298281
0.312090,-0.546162,-0.298115
0.311040,-0.544798,-0.301300
0.309592,-0.542918,-0.300187
0.308342,-0.542608,-0.298361
0.307122,-0.541414,-0.300493
0.307141,-0.542814,-0.299687
0.301987,-0.541285,-0.301878
0.301572,-0.540394,-0.303404
0.298804,-0.538511,-0.302535
0.297220,-0.539131,-0.303626
0.296933,-0.540783,-0.304043
0.294631,-0.536832,-0.304505
0.293195,-0.539956,-0.305271
0.289155,-0.537894,-0.307158
0.287332,-0.537203,-0.306355
0.284382,-0.538942,-0.307597
0.283403,-0.538400,-0.308734
0.281289,-0.538319,-0.309067
0.277110,-0.537840,-0.312032
0.276020,-0.539180,-0.312144
0.272004,-0.539272,-0.311969
0.269189,-0.539720,-0.315194
0.267779,-0.540571,-0.317065
0.265664,-0.543046,-0.317398
0.263518,-0.541583,-0.318834
0.258567,-0.542954,-0.319730
0.255334,-0.540669,-0.322265
0.251326,-0.543618,-0.325378
0.249962,-0.544202,-0.326352
0.342435,-0.630635,-0.319711
0.345041,-0.628850,-0.320047
0.343063,-0.625177,-0.318965
0.346214,-0.621551,-0.316672
0.346051,-0.618551,-0.315023
0.345970,-0.617168,-0.314036
0.345849,-0.612923,-0.310266
0.344222,-0.612937,-0.310788
0.345663,-0.610098,-0.309920
0.344850,-0.609032,-0.310370
0.343555,-0.603612,-0.308198
0.345094,-0.601583,-0.309750
0.344312,-0.599354,-0.306945
0.342743,-0.597315,-0.306143
0.342396,-0.597942,-0.305491
0.343208,-0.594136,-0.306077
0.342084,-0.593659,-0.303956
0.341519,-0.591218,-0.304121
0.340423,-0.589321,-0.303116
0.339341,-0.587871,-0.303706
0.340462,-0.588009,-0.303212
0.339920,-0.585371,-0.303832
0.338025,-0.582875,-0.301429
0.337416,-0.580576,-0.302324
0.335677,-0.579710,-0.301624
0.335754,-0.577681,-0.301119
0.336001,-0.575419,-0.301424
0.335006,-0.575118,-0.301111
0.333831,-0.572908,-0.300222
0.332927,-0.571509,-0.299122
0.332931,-0.569945,-0.298681
0.331497,-0.568810,-0.301030
0.330440,-0.567629,-0.297544
0.328765,-0.565781,-0.297701
0.330112,-0.566235,-0.296808
0.326531,-0.563424,-0.297003
0.326189,-0.560491,-0.299821
0.325917,-0.558540,-0.299405
0.323950,-0.557592,-0.299498
0.326055,-0.555211,-0.297789
0.325063,-0.556335,-0.297650
0.322739,-0.555379,-0.295289
0.322307,-0.553273,-0.297336
0.319189,-0.551965,-0.297859
0.317931,-0.550453,-0.295864
0.318994,-0.549166,-0.297974
0.315871,-0.550022,-0.297293
0.315392,-0.547765,-0.296441
0.311798,-0.546931,-0.296926
0.312266,-0.545366,-0.297685
0.310865,-0.545381,-0.299391
0.308133,-0.544717,-0.299451
0.305549,-0.542808,-0.297741
0.307402,-0.543368,-0.298258
0.304132,-0.542402,-0.298781
0.304118,-0.542013,-0.299322
0.301081,-0.543001,-0.301416
0.297554,-0.541107,-0.301898
0.295252,-0.541382,-0.301945
0.293081,-0.540834,-0.303648
0.291410,-0.540851,-0.304253
0.290492,-0.540585,-0.303467
0.285936,-0.539368,-0.304299
0.286316,-0.540115,-0.307766
0.282975,-0.540183,-0.307172
0.283270,-0.539055,-0.307421
0.278734,-0.541572,-0.308735
0.277250,-0.539929,-0.310388
0.272912,-0.538948,-0.311785
0.270794,-0.539232,-0.312819
0.269252,-0.540355,-0.312862
0.266491,-0.542820,-0.314618
0.262355,-0.541679,-0.316025
0.259749,-0.542658,-0.319099
0.257748,-0.544089,-0.319877
0.252997,-0.544475,-0.322429
0.250824,-0.546209,-0.322168
0.343808,-0.628378,-0.317217
0.343110,-0.624441,-0.314420
0.343383,-0.622417,-0.313233
0.343233,-0.616617,-0.313597
0.343449,-0.616658,-0.310982
0.342427,-0.611856,-0.309700
0.344723,-0.611812,-0.307928
0.344138,-0.607140,-0.309534
0.342433,-0.605631,-0.308121
0.342368,-0.607200,-0.306837
0.339615,-0.602180,-0.305904
0.342618,-0.598837,-0.304083
0.343098,-0.597725,-0.306448
0.340406,-0.593575,-0.303417
0.341181,-0.595138,-0.304916
0.341421,-0.593456,-0.302430
0.338037,-0.591946,-0.302562
0.337205,-0.589006,-0.302410
0.338369,-0.586886,-0.302101
0.335618,-0.587093,-0.300700
0.336207,-0.582734,-0.302270
0.334915,-0.581934,-0.301681
0.334775,-0.579859,-0.299554
0.336433,-0.578306,-0.300191
0.332827,-0.577888,-0.298028
0.333793,-0.576623,-0.299435
0.334510,-0.572287,-0.296729
0.331276,-0.571307,-0.299093
0.330938,-0.571179,-0.297674
0.329826,-0.569192,-0.298045
0.328072,-0.568893,-0.298002
0.329465,-0.566342,-0.298202
0.327517,-0.564624,-0.298200
0.326596,-0.565212,-0.297194
0.324371,-0.561642,-0.295747
0.323387,-0.563179,-0.296386
0.323783,-0.560601,-0.296264
0.322381,-0.558867,-0.296129
0.322120,-0.556399,-0.295240
0.322394,-0.557202,-0.296614
0.319024,-0.554952,-0.295177
0.318280,-0.551851,-0.296674
0.316104,-0.551892,-0.296546
0.314435,-0.552199,-0.298638
0.314315,-0.550223,-0.297250
0.311897,-0.551923,-0.295907
0.309595,-0.549335,-0.298854
0.310222,-0.546853,-0.298429
0.308415,-0.548042,-0.297791
0.304977,-0.545658,-0.297744
0.306005,-0.545843,-0.297435
0.304665,-0.544782,-0.299651
0.304115,-0.544191,-0.298024
0.299385,-0.543867,-0.297453
0.297182,-0.545044,-0.298614
0.295419,-0.542972,-0.300290
0.294861,-0.544243,-0.301629
0.292615,-0.540565,-0.302031
0.289714,-0.542725,-0.302830
0.288202,-0.541670,-0.303579
0.285476,-0.543081,-0.305105
0.285595,-0.542420,-0.306215
0.281791,-0.539836,-0.304819
0.281699,-0.540468,-0.306684
0.278249,-0.540442,-0.308074
0.275321,-0.541251,-0.309081
0.273261,-0.540942,-0.309613
0.270930,-0.541981,-0.312580
0.267263,-0.542187,-0.313850
0.264421,-0.542512,-0.315187
0.260255,-0.543039,-0.315858
0.257839,-0.544986,-0.316377
0.255962,-0.543625,-0.319631
0.253988,-0.545048,-0.320517
0.341641,-0.624260,-0.315387
0.342477,-0.623005,-0.312716
0.340472,-0.619325,-0.311964
0.341483,-0.619015,-0.311803
0.341846,-0.615304,-0.309670
0.340707,-0.613568,-0.310444
0.342458,-0.608742,-0.308412
0.340165,-0.606973,-0.307797
0.340539,-0.607366,-0.307686
0.340547,-0.603826,-0.305355
0.340147,-0.601806,-0.305103
0.340591,-0.599395,-0.303849
0.340702,-0.595806,-0.304014
0.340640,-0.594598,-0.302612
0.338003,-0.596001,-0.301338
0.339013,-0.592137,-0.301216
0.339362,-0.589722,-0.303391
0.336770,-0.587038,-0.299255
0.337075,-0.586509,-0.299548
0.335709,-0.585579,-0.298857
0.333199,-0.585567,-0.300183
0.333356,-0.583162,-0.299512
0.333497,-0.580096,-0.299395
0.331167,-0.579871,-0.297472
0.331657,-0.577566,-0.297536
0.331352,-0.576592,-0.297830
0.330585,-0.573821,-0.297748
0.330316,-0.573047,-0.295389
0.327933,-0.571474,-0.297054
0.325296,-0.570833,-0.296112
0.326575,-0.569182,-0.296038
0.325115,-0.567777,-0.296846
0.322986,-0.565618,-0.295630
0.324321,-0.564965,-0.296065
0.324555,-0.562867,-0.293630
0.321519,-0.559398,-0.296154
0.318969,-0.559607,-0.295952
0.320613,-0.557958,-0.294743
0.318138,-0.556894,-0.294995
0.318259,-0.558520,-0.294932
0.319084,-0.557031,-0.295689
0.314090,-0.555815,-0.295633
0.314440,-0.553309,-0.296462
0.314283,-0.552475,-0.295318
0.311344,-0.551103,-0.295990
0.309514,-0.552339,-0.294925
0.308782,-0.549253,-0.295745
0.306454,-0.548985,-0.295128
0.306544,-0.547638,-0.295556
0.305620,-0.546668,-0.296838
0.302480,-0.544764,-0.297327
0.301785,-0.544720,-0.297798
0.298563,-0.545756,-0.297781
0.297403,-0.544999,-0.300060
0.294900,-0.544815,-0.298029
0.292104,-0.544987,-0.301009
0.292584,-0.543496,-0.300901
0.290291,-0.543224,-0.301734
0.287580,-0.544759,-0.301687
0.284638,-0.543244,-0.304703
0.283138,-0.541993,-0.304529
0.281011,-0.542679,-0.303889
0.279480,-0.542001,-0.306720
0.275813,-0.541243,-0.308387
0.274853,-0.541480,-0.309398
0.270720,-0.542197,-0.308218
0.267391,-0.541808,-0.310572
0.266327,-0.543528,-0.312999
0.262897,-0.544218,-0.314039
0.261884,-0.545639,-0.315210
0.255724,-0.546021,-0.316819
0.254555,-0.546531,-0.318403
0.339828,-0.625291,-0.310721
0.341310,-0.621854,-0.309469
0.339574,-0.618288,-0.309132
0.340832,-0.615466,-0.308284
0.340329,-0.614200,-0.307593
0.340764,-0.612109,-0.308051
0.339164,-0.610272,-0.306822
0.340915,-0.607041,-0.304584
0.339552,-0.605997,-0.305512
0.337435,-0.603571,-0.304561
0.338672,-0.598906,-0.304456
0.338439,-0.598593,-0.301063
0.337783,-0.595250,-0.301940
0.337448,-0.597395,-0.299639
0.335466,-0.593684,-0.299609
0.336773,-0.592425,-0.303040
0.335498,-0.590710,-0.299569
0.335542,-0.588768,-0.300074
0.334129,-0.585809,-0.299624
0.331811,-0.582354,-0.300413
0.331123,-0.582747,-0.297275
0.331115,-0.580103,-0.298193
0.329834,-0.580697,-0.298381
0.330287,-0.578923,-0.296102
0.329675,-0.577149,-0.297256
0.327987,-0.576170,-0.295589
0.327964,-0.574293,-0.296748
0.327255,-0.574114,-0.297014
0.326240,-0.570199,-0.295064
0.325481,-0.569218,-0.293905
0.325044,-0.567640,-0.294396
0.324761,-0.567761,-0.295429
0.321218,-0.565710,-0.295718
0.319250,-0.561877,-0.297509
0.321369,-0.562735,-0.294461
0.320518,-0.560524,-0.294944
0.319808,-0.561184,-0.293606
0.316299,-0.559282,-0.292973
0.316698,-0.557904,-0.294682
0.315733,-0.557744,-0.295151
0.314324,-0.554826,-0.294975
0.310936,-0.555255,-0.296304
0.311379,-0.555698,-0.295587
0.310565,-0.552916,-0.293619
0.308584,-0.553455,-0.294310
0.308035,-0.550440,-0.295008
0.306025,-0.550559,-0.296334
0.304260,-0.546613,-0.295514
0.305171,-0.548493,-0.295245
0.303513,-0.546991,-0.296224
0.300360,-0.546485,-0.296672
0.297954,-0.546431,-0.295807
0.297750,-0.546448,-0.298798
0.293106,-0.546471,-0.299372
0.292369,-0.546787,-0.299345
0.289075,-0.547814,-0.300074
0.287332,-0.545058,-0.299497
0.285127,-0.544255,-0.304268
0.283200,-0.544708,-0.302258
0.281518,-0.545407,-0.305053
0.280087,-0.544458,-0.303315
0.276017,-0.541553,-0.304627
0.275130,-0.543983,-0.306908
0.270531,-0.544997,-0.308351
0.269078,-0.544031,-0.310356
0.266892,-0.546085,-0.308640
0.262973,-0.547677,-0.312323
0.260324,-0.545812,-0.311369
0.258150,-0.547187,-0.312927
0.253784,-0.548193,-0.315293
0.339134,-0.620222,-0.309799
0.338060,-0.619215,-0.306674
0.340736,-0.616385,-0.308004
0.338078,-0.613421,-0.306886
0.337943,-0.609808,-0.303153
0.338065,-0.608158,-0.304359
0.337368,-0.607226,-0.303931
0.338411,-0.604511,-0.303112
0.337859,-0.601161,-0.303183
0.338794,-0.600737,-0.301001
0.335325,-0.599329,-0.300905
0.335697,-0.597730,-0.299716
0.335965,-0.594110,-0.299913
0.334594,-0.592476,-0.300809
0.333562,-0.592971,-0.299092
0.333378,-0.591771,-0.297387
0.332113,-0.587234,-0.296274
0.330406,-0.585771,-0.298495
0.332187,-0.584954,-0.297562
0.330062,-0.582122,-0.296819
0.331393,-0.583720,-0.297435
0.328503,-0.581154,-0.295498
0.329405,-0.577648,-0.296022
0.329455,-0.575237,-0.294282
0.325450,-0.575363,-0.297318
0.323374,-0.573802,-0.294897
0.323705,-0.572301,-0.293570
0.323458,-0.570832,-0.292896
0.321757,-0.571018,-0.295112
0.323060,-0.569730,-0.293023
0.318379,-0.564892,-0.292406
0.319363,-0.565671,-0.294746
0.319872,-0.566578,-0.293316
0.316346,-0.563076,-0.291852
0.317331,-0.561837,-0.293115
0.317124,-0.558430,-0.294007
0.315949,-0.558229,-0.293117
0.313770,-0.558373,-0.293475
0.313223,-0.558074,-0.293199
0.309922,-0.556357,-0.294709
0.309289,-0.557287,-0.293742
0.307883,-0.553657,-0.294351
0.306380,-0.553272,-0.293944
0.304968,-0.554544,-0.295201
0.302900,-0.552292,-0.293326
0.304252,-0.549483,-0.295672
0.301209,-0.550101,-0.296251
0.301430,-0.548966,-0.294703
0.296849,-0.547837,-0.296635
0.295377,-0.547022,-0.295376
0.294607,-0.547932,-0.296238
0.293590,-0.548188,-0.296668
0.289659,-0.545721,-0.300640
0.289055,-0.545735,-0.299364
0.285296,-0.545416,-0.301170
0.285392,-0.546576,-0.299682
0.281724,-0.546909,-0.302995
0.278249,-0.545180,-0.301584
0.276655,-0.547890,-0.301206
0.276606,-0.544555,-0.304007
0.272094,-0.545832,-0.303295
0.271852,-0.545526,-0.304973
0.269524,-0.545053,-0.307094
0.265030,-0.548611,-0.308606
0.262366,-0.547096,-0.310426
0.261171,-0.547774,-0.312769
0.338593,-0.617974,-0.305776
0.337139,-0.614536,-0.306848
0.338029,-0.613243,-0.305349
0.336069,-0.608879,-0.304351
0.335307,-0.608273,-0.303404
0.335924,-0.606885,-0.301837
0.336619,-0.603768,-0.300753
0.335159,-0.598293,-0.300760
0.334861,-0.598351,-0.301556
0.334216,-0.598429,-0.299057
0.333738,-0.597606,-0.299189
0.333588,-0.594490,-0.298192
0.331426,-0.592851,-0.299091
0.331492,-0.592758,-0.298695
0.332834,-0.589870,-0.296167
0.330429,-0.589815,-0.297013
0.330169,-0.586865,-0.297363
0.329647,-0.584619,-0.296626
0.327054,-0.583837,-0.295866
0.326609,-0.581041,-0.296112
0.327319,-0.579234,-0.294069
0.326887,-0.577828,-0.295639
0.323701,-0.575683,-0.293600
0.323537,-0.575379,-0.294037
0.324307,-0.573976,-0.292477
0.321776,-0.572068,-0.294153
0.319845,-0.571664,-0.294276
0.320673,-0.568978,-0.293608
0.317842,-0.569667,-0.293551
0.318214,-0.568707,-0.292559
0.317261,-0.565155,-0.290550
0.315935,-0.563044,-0.291897
0.314607,-0.564202,-0.291567
0.314184,-0.562933,-0.292606
0.313229,-0.560449,-0.293146
0.313689,-0.559418,-0.291724
0.311611,-0.558267,-0.292580
0.309438,-0.557990,-0.290314
0.310069,-0.556708,-0.292964
0.306455,-0.555883,-0.294126
0.304273,-0.557496,-0.291893
0.303422,-0.554983,-0.295244
0.302472,-0.553637,-0.294684
0.301059,-0.551139,-0.295140
0.297112,-0.551461,-0.292686
0.298999,-0.550115,-0.294320
0.297134,-0.548945,-0.293947
0.296560,-0.548475,-0.295584
0.293008,-0.549819,-0.296755
0.291729,-0.549771,-0.297121
0.291049,-0.549685,-0.298365
0.286587,-0.548320,-0.297425
0.285978,-0.547854,-0.299296
0.282846,-0.546422,-0.299682
0.280772,-0.547170,-0.301892
0.279457,-0.546871,-0.300549
0.276325,-0.547048,-0.300482
0.275012,-0.546214,-0.304737
0.273233,-0.545625,-0.303097
0.270265,-0.548066,-0.304520
0.265540,-0.548084,-0.308361
0.263978,-0.548131,-0.307843
0.261056,-0.549574,-0.308557
0.334446,-0.616929,-0.305518
0.333772,-0.612266,-0.302377
0.336392,-0.609003,-0.302966
0.334039,-0.607861,-0.301209
0.333716,-0.606235,-0.302125
0.335293,-0.603286,-0.299808
0.332123,-0.601582,-0.301095
0.332449,-0.599143,-0.298325
0.332202,-0.599327,-0.299042
0.332966,-0.597206,-0.298645
0.329625,-0.596107,-0.298005
0.329795,-0.593122,-0.296416
0.329470,-0.590066,-0.294378
0.326631,-0.590207,-0.297284
0.328922,-0.588050,-0.294212
0.328047,-0.587331,-0.293657
0.325512,-0.585087,-0.294700
0.324624,-0.583326,-0.294800
0.326730,-0.580826,-0.295337
0.324485,-0.578823,-0.294070
0.324079,-0.579138,-0.294235
0.322156,-0.578657,-0.293355
0.320209,-0.577324,-0.291624
0.319654,-0.575714,-0.291579
0.320473,-0.572850,-0.294204
0.319059,-0.571187,-0.291535
0.318586,-0.570743,-0.292434
0.317921,-0.568587,-0.291563
0.316193,-0.567444,-0.293777
0.315761,-0.567224,-0.291043
0.314236,-0.564404,-0.290630
0.313876,-0.564613,-0.291525
0.311043,-0.563387,-0.290014
0.312081,-0.561762,-0.290754
0.310128,-0.562009,-0.291518
0.306697,-0.559841,-0.291332
0.307314,-0.556857,-0.290572
0.304533,-0.558162,-0.292958
0.305364,-0.558039,-0.292774
0.302710,-0.556601,-0.291994
0.302793,-0.553979,-0.293230
0.301021,-0.552970,-0.292003
0.299304,-0.553585,-0.294026
0.298519,-0.549822,-0.293621
0.296270,-0.550268,-0.293546
0.292613,-0.549372,-0.294992
0.291638,-0.549711,-0.294980
0.290520,-0.549786,-0.294780
0.287792,-0.549094,-0.296304
0.285078,-0.551511,-0.297572
0.282387,-0.548832,-0.296156
0.280311,-0.547575,-0.297890
0.277335,-0.547514,-0.299641
0.277757,-0.550411,-0.298597
0.275260,-0.547311,-0.300798
0.272326,-0.548780,-0.299337
0.271466,-0.547637,-0.302175
0.268945,-0.549091,-0.304769
0.263877,-0.549896,-0.307567
0.333138,-0.611669,-0.301217
0.333973,-0.610093,-0.299689
0.333199,-0.608738,-0.298687
0.333326,-0.605244,-0.298392
0.332478,-0.604311,-0.297874
0.331013,-0.601253,-0.296335
0.331155,-0.601470,-0.297686
0.329503,-0.598473,-0.296454
0.331275,-0.595745,-0.295101
0.327362,-0.595383,-0.295604
0.327066,-0.592258,-0.296057
0.327560,-0.591897,-0.294103
0.325554,-0.589229,-0.295546
0.325277,-0.588634,-0.294719
0.326913,-0.584547,-0.293968
0.324972,-0.585528,-0.293406
0.323840,-0.582159,-0.292392
0.322149,-0.583717,-0.292401
0.320960,-0.581461,-0.292369
0.320616,-0.579066,-0.291816
0.319408,-0.577667,-0.291437
0.318398,-0.575874,-0.290265
0.319390,-0.574157,-0.293291
0.316330,-0.573474,-0.288984
0.316470,-0.571458,-0.290988
0.315987,-0.569055,-0.291445
0.313389,-0.568043,-0.291637
0.311591,-0.566456,-0.290468
0.312876,-0.566026,-0.290470
0.311391,-0.564485,-0.288389
0.310451,-0.563507,-0.290222
0.306424,-0.562453,-0.290892
0.307844,-0.561616,-0.292663
0.308049,-0.561904,-0.290858
0.305983,-0.559125,-0.292371
0.305715,-0.557755,-0.292653
0.300786,-0.557928,-0.292228
0.301937,-0.557527,-0.293819
0.299448,-0.556256,-0.291767
0.299076,-0.554926,-0.292206
0.297780,-0.553115,-0.291086
0.296773,-0.552794,-0.294035
0.294824,-0.551124,-0.292806
0.292252,-0.552013,-0.291936
0.291943,-0.551334,-0.291834
0.288601,-0.550631,-0.296661
0.287074,-0.551655,-0.295395
0.283547,-0.549217,-0.295822
0.283925,-0.551384,-0.298480
0.279182,-0.549450,-0.298388
0.278377,-0.551500,-0.296847
0.276213,-0.551128,-0.298418
0.274177,-0.549033,-0.298953
0.272562,-0.550834,-0.298994
0.268110,-0.549753,-0.302159
0.265711,-0.548874,-0.303576
0.332689,-0.608074,-0.297085
0.331287,-0.607369,-0.298239
0.330390,-0.603388,-0.295641
0.329397,-0.601874,-0.298538
0.327835,-0.602380,-0.297120
0.327703,-0.599622,-0.295679
0.326153,-0.598020,-0.297210
0.326717,-0.596843,-0.293512
0.325685,-0.594699,-0.294908
0.324710,-0.592983,-0.293071
0.325365,-0.590321,-0.292571
0.324021,-0.588862,-0.292734
0.325014,-0.585844,-0.292759
0.322837,-0.587302,-0.293082
0.323711,-0.585953,-0.293407
0.319789,-0.582307,-0.292271
0.319554,-0.581134,-0.291439
0.320226,-0.578448,-0.290395
0.319015,-0.579712,-0.292970
0.317633,-0.578996,-0.291017
0.316320,-0.576212,-0.291427
0.315180,-0.573115,-0.290728
0.313167,-0.572753,-0.290633
0.312779,-0.572215,-0.289268
0.313817,-0.571420,-0.290642
0.313566,-0.568251,-0.290047
0.310137,-0.568306,-0.288474
0.310388,-0.563287,-0.289208
0.309534,-0.563890,-0.289497
0.308795,-0.564892,-0.289626
0.307042,-0.560117,-0.291075
0.305411,-0.561708,-0.291014
0.302730,-0.561231,-0.289805
0.302202,-0.561475,-0.288379
0.301962,-0.558149,-0.290787
0.300155,-0.557381,-0.289774
0.297357,-0.559399,-0.290628
0.298455,-0.554806,-0.291039
0.296262,-0.553876,-0.292332
0.293496,-0.553159,-0.292752
0.293367,-0.555234,-0.289517
0.289933,-0.553320,-0.291404
0.288689,-0.553741,-0.294019
0.286702,-0.553227,-0.293307
0.285454,-0.550228,-0.294808
0.283418,-0.553033,-0.296075
0.280188,-0.552265,-0.295235
0.278105,-0.551614,-0.296733
0.277419,-0.552692,-0.297295
0.273939,-0.550805,-0.298723
0.271461,-0.552159,-0.300004
0.269335,-0.551607,-0.299727
0.330010,-0.606246,-0.295197
0.327851,-0.602784,-0.293953
0.325721,-0.600854,-0.297826
0.325560,-0.600433,-0.293722
0.326211,-0.598151,-0.293388
0.324927,-0.597639,-0.294387
0.324392,-0.593315,-0.293800
0.324643,-0.593301,-0.294100
0.322713,-0.590892,-0.291905
0.322862,-0.589816,-0.293320
0.321354,-0.586887,-0.291651
0.322691,-0.586451,-0.291069
0.320148,-0.584680,-0.292891
0.317473,-0.582549,-0.289888
0.318692,-0.583337,-0.291445
0.318051,-0.580341,-0.292507
0.315825,-0.579132,-0.289589
0.314213,-0.576893,-0.289685
0.314890,-0.576809,-0.289781
0.313508,-0.574692,-0.290206
0.311457,-0.573169,-0.289818
0.311063,-0.572344,-0.290366
0.311841,-0.570327,-0.289545
0.311119,-0.568997,-0.286693
0.308037,-0.569372,-0.288011
0.309285,-0.566939,-0.287536
0.308047,-0.563533,-0.290883
0.304074,-0.564389,-0.289189
0.302844,-0.563628,-0.287962
0.301121,-0.564438,-0.288352
0.302133,-0.562075,-0.288760
0.299455,-0.561388,-0.288270
0.299131,-0.560485,-0.289320
0.297199,-0.558225,-0.289923
0.294473,-0.557616,-0.289741
0.293808,-0.556291,-0.291469
0.294351,-0.555456,-0.288939
0.292501,-0.556850,-0.291363
0.290839,-0.554511,-0.291770
0.288020,-0.553070,-0.291176
0.284395,-0.553668,-0.291864
0.282550,-0.553876,-0.292495
0.279889,-0.552967,-0.295238
0.279927,-0.553994,-0.294277
0.276389,-0.554261,-0.295900
0.273334,-0.554016,-0.296921
0.271964,-0.552453,-0.298378
0.323747,-0.600334,-0.293344
0.322709,-0.597551,-0.293454
0.323265,-0.595250,-0.294204
0.320985,-0.594745,-0.291595
0.321438,-0.592181,-0.290726
0.322584,-0.591024,-0.291540
0.319267,-0.588303,-0.292261
0.321073,-0.586787,-0.291007
0.318316,-0.585156,-0.291083
0.317385,-0.583680,-0.290391
0.317329,-0.584090,-0.287757
0.316638,-0.582994,-0.288993
0.315755,-0.582395,-0.289293
0.314704,-0.578550,-0.288027
0.313001,-0.577531,-0.288272
0.310948,-0.577160,-0.288700
0.311342,-0.575629,-0.288601
0.310931,-0.574902,-0.288997
0.310658,-0.571355,-0.287701
0.309250,-0.572163,-0.286035
0.307618,-0.568896,-0.286748
0.306475,-0.567819,-0.285845
0.305575,-0.566750,-0.287301
0.303245,-0.565695,-0.286959
0.303097,-0.564250,-0.288776
0.301662,-0.565406,-0.288510
0.299058,-0.564579,-0.286706
0.299839,-0.561055,-0.287277
0.297138,-0.561911,-0.289980
0.295575,-0.560523,-0.290070
0.295831,-0.559442,-0.287424
0.293449,-0.557779,-0.288617
0.291011,-0.558825,-0.289233
0.287861,-0.555758,-0.289022
0.289571,-0.556265,-0.290457
0.286418,-0.555745,-0.290691
0.282593,-0.555151,-0.292456
0.281494,-0.555928,-0.291586
0.279274,-0.555181,-0.292108
0.277724,-0.555184,-0.293699
0.276945,-0.554426,-0.295689
0.319106,-0.593229,-0.288727
0.318681,-0.593167,-0.289255
0.320208,-0.591401,-0.289514
0.317178,-0.588087,-0.289921
0.316442,-0.587737,-0.290482
0.315096,-0.584461,-0.288439
0.314409,-0.583806,-0.287141
0.314702,-0.582155,-0.288734
0.311739,-0.581877,-0.290597
0.313751,-0.581417,-0.287431
0.311722,-0.578363,-0.288787
0.311121,-0.578114,-0.286933
0.309719,-0.575959,-0.287194
0.309264,-0.575143,-0.286597
0.307504,-0.573831,-0.289480
0.307405,-0.572767,-0.288318
0.307753,-0.570189,-0.284424
0.306449,-0.567521,-0.286387
0.303605,-0.568174,-0.288899
0.301377,-0.566753,-0.287640
0.299024,-0.567229,-0.287527
0.299258,-0.566854,-0.285732
0.299543,-0.565621,-0.286296
0.295857,-0.563753,-0.288995
0.295801,-0.561961,-0.286599
0.295412,-0.562364,-0.288355
0.292512,-0.562521,-0.288214
0.291425,-0.561214,-0.288795
0.290913,-0.559516,-0.286908
0.289413,-0.557373,-0.287121
0.286423,-0.557227,-0.288172
0.285295,-0.557389,-0.290716
0.283044,-0.558240,-0.290187
0.278928,-0.559038,-0.291872
0.315701,-0.588325,-0.287833
0.314695,-0.587854,-0.290558
0.314440,-0.587177,-0.289101
0.313258,-0.586535,-0.286707
0.313390,-0.583415,-0.287611
0.312463,-0.583146,-0.288600
0.309488,-0.580950,-0.287127
0.308644,-0.580724,-0.286991
0.307678,-0.578058,-0.286981
0.306666,-0.576548,-0.287148
0.305480,-0.575052,-0.283781
0.303475,-0.572586,-0.285093
0.306226,-0.572737,-0.285645
0.303177,-0.572285,-0.287612
0.302130,-0.570353,-0.284052
0.299864,-0.569803,-0.286575
0.300290,-0.568170,-0.286357
0.297425,-0.566612,-0.285372
0.295978,-0.567041,-0.284819
0.294666,-0.566173,-0.284936
0.293010,-0.564896,-0.287172
0.293732,-0.562786,-0.286130
0.290268,-0.564034,-0.288879
0.289137,-0.561671,-0.285997
0.288426,-0.562384,-0.287561
0.285351,-0.562757,-0.288336
0.285112,-0.559108,-0.286819
0.282839,-0.558958,-0.289398
0.307171,-0.582625,-0.286634
0.307564,-0.579998,-0.286230
0.305126,-0.577424,-0.285624
0.303817,-0.577035,-0.287529
0.303333,-0.575315,-0.282531
0.302628,-0.573720,-0.285787
0.300942,-0.571329,-0.283914
0.301475,-0.571805,-0.286408
0.299727,-0.572962,-0.286051
0.298535,-0.570361,-0.285826
0.297155,-0.568873,-0.285675
0.295418,-0.568442,-0.286006
0.293118,-0.565885,-0.286441
0.291236,-0.568541,-0.285967
0.292784,-0.566383,-0.287544
0.288947,-0.564680,-0.286319
