X,Y,Z
0.328019,0.180798,-0.278768
0.327806,0.186135,-0.278159
0.327833,0.173366,-0.284361
0.328354,0.176246,-0.284737
0.329113,0.177407,-0.281891
0.327812,0.179339,-0.280197
0.326864,0.181558,-0.279539
0.330989,0.184823,-0.277449
0.328115,0.186169,-0.275753
0.330245,0.188888,-0.272800
0.326054,0.188822,-0.277926
0.321642,0.185737,-0.278819
0.319863,0.187423,-0.281910
0.325141,0.166645,-0.286152
0.327491,0.168477,-0.286123
0.327134,0.168896,-0.284944
0.327471,0.172272,-0.281934
0.328157,0.175050,-0.282322
0.327187,0.178451,-0.279185
0.328191,0.177536,-0.279317
0.328542,0.180741,-0.277463
0.328488,0.185309,-0.275455
0.327385,0.185164,-0.274894
0.327653,0.188419,-0.273906
0.327889,0.190417,-0.272788
0.327899,0.191492,-0.269318
0.325856,0.192294,-0.272919
0.323171,0.189629,-0.273090
0.318748,0.189499,-0.274488
0.315721,0.189790,-0.278349
0.313344,0.188689,-0.281494
0.241461,0.239945,-0.292778
0.244691,0.240704,-0.292782
0.238948,0.241300,-0.292947
0.238082,0.241887,-0.297246
0.235621,0.242204,-0.294938
0.234667,0.242446,-0.296500
0.234398,0.242694,-0.297756
0.230552,0.241587,-0.299751
0.226178,0.242667,-0.299388
0.226818,0.243986,-0.301515
0.223342,0.244224,-0.302138
0.222359,0.243433,-0.302734
0.218763,0.242959,-0.303712
0.218806,0.244338,-0.303674
0.215874,0.244421,-0.306297
0.215140,0.245805,-0.307225
0.323112,0.158588,-0.290471
0.325598,0.162695,-0.286714
0.326432,0.166341,-0.287058
0.325637,0.168135,-0.285346
0.326685,0.167408,-0.284562
0.326450,0.171205,-0.281665
0.327570,0.173436,-0.280268
0.326645,0.173893,-0.278854
0.326382,0.178789,-0.278569
0.325376,0.180111,-0.274840
0.327378,0.184619,-0.275694
0.327344,0.186566,-0.270094
0.328581,0.187501,-0.271660
0.328156,0.189511,-0.267985
0.328908,0.191229,-0.267791
0.328899,0.194181,-0.266149
0.327336,0.194417,-0.265653
0.324824,0.196640,-0.267827
0.323708,0.194627,-0.269225
0.320642,0.194951,-0.269659
0.315625,0.194784,-0.272813
0.313379,0.192013,-0.275716
0.310787,0.190517,-0.279045
0.307080,0.191792,-0.280583
0.249540,0.242124,-0.287822
0.246598,0.240859,-0.287058
0.243911,0.240132,-0.289992
0.242971,0.242190,-0.290917
0.241630,0.242592,-0.291139
0.238627,0.240283,-0.290315
0.236297,0.243392,-0.295095
0.234950,0.242957,-0.293443
0.232119,0.241645,-0.295575
0.230925,0.243560,-0.295985
0.229779,0.242773,-0.296348
0.226444,0.245255,-0.297270
0.225640,0.242206,-0.297832
0.221531,0.245113,-0.301305
0.222651,0.245461,-0.300637
0.218713,0.244625,-0.303211
0.217764,0.244985,-0.303430
0.214873,0.244420,-0.303958
0.212634,0.247394,-0.305511
0.211452,0.246431,-0.305595
0.209341,0.248169,-0.307618
0.206499,0.247730,-0.307687
0.204452,0.246432,-0.308674
0.323804,0.154853,-0.288449
0.326843,0.161434,-0.288650
0.325838,0.161503,-0.284776
0.324412,0.164632,-0.283231
0.328099,0.166614,-0.281066
0.327014,0.168456,-0.280832
0.324429,0.172007,-0.279744
0.325109,0.173110,-0.277122
0.326420,0.177813,-0.276194
0.326796,0.178798,-0.276279
0.327557,0.181519,-0.274230
0.327765,0.181211,-0.272537
0.326271,0.185391,-0.269728
0.324644,0.187567,-0.269840
0.328754,0.189705,-0.266224
0.328327,0.192166,-0.265384
0.327210,0.195233,-0.264596
0.329187,0.194600,-0.263744
0.327131,0.198260,-0.264988
0.324304,0.197297,-0.265363
0.324592,0.197156,-0.266727
0.320614,0.196831,-0.269385
0.320066,0.198485,-0.268845
0.317278,0.196796,-0.269396
0.313501,0.196935,-0.269620
0.310019,0.195683,-0.274475
0.305688,0.195138,-0.277762
0.303371,0.193674,-0.277977
0.300856,0.195693,-0.281339
0.297292,0.192524,-0.284979
0.249492,0.235906,-0.287946
0.250496,0.237049,-0.286428
0.250934,0.237793,-0.283792
0.249230,0.242335,-0.283836
0.247339,0.239506,-0.284977
0.244277,0.243291,-0.284779
0.242561,0.240283,-0.288340
0.240727,0.243182,-0.286867
0.236297,0.242263,-0.288879
0.235689,0.243030,-0.290908
0.232978,0.242532,-0.290269
0.231946,0.242910,-0.291787
0.231649,0.244062,-0.293341
0.229790,0.242749,-0.295262
0.226196,0.244947,-0.296293
0.225700,0.245462,-0.296901
0.223900,0.245532,-0.296144
0.220162,0.246523,-0.298230
0.219380,0.244926,-0.298023
0.218716,0.246377,-0.300535
0.216383,0.248178,-0.300948
0.209608,0.245961,-0.302548
0.210989,0.247359,-0.302753
0.209079,0.246257,-0.305620
0.207077,0.246478,-0.305238
0.204208,0.247446,-0.305909
0.203058,0.247759,-0.304803
0.203086,0.248266,-0.308446
0.199306,0.248808,-0.309597
0.324419,0.151154,-0.289121
0.324665,0.155085,-0.290557
0.324040,0.157808,-0.285377
0.324476,0.159329,-0.284542
0.323576,0.160200,-0.284724
0.323752,0.162742,-0.283255
0.324469,0.165527,-0.279707
0.323998,0.167098,-0.279014
0.325790,0.169808,-0.278891
0.325536,0.172204,-0.275353
0.325152,0.176577,-0.274918
0.324786,0.177481,-0.273778
0.326612,0.179728,-0.270630
0.326109,0.180760,-0.270793
0.327403,0.183361,-0.267163
0.329238,0.187509,-0.266477
0.327656,0.188284,-0.267866
0.328071,0.191603,-0.264751
0.329262,0.192645,-0.262425
0.328436,0.195142,-0.262147
0.327426,0.196857,-0.260066
0.325133,0.196506,-0.261867
0.323326,0.197907,-0.262423
0.320310,0.197506,-0.263728
0.319319,0.197773,-0.265440
0.316327,0.197080,-0.267903
0.315993,0.198488,-0.265737
0.313722,0.198347,-0.267845
0.311642,0.197020,-0.270475
0.308577,0.200496,-0.270531
0.306509,0.197607,-0.273121
0.306364,0.200737,-0.271637
0.303941,0.200127,-0.274122
0.300889,0.198535,-0.276226
0.299041,0.199399,-0.277540
0.293576,0.196026,-0.279916
0.291183,0.197370,-0.282342
0.286346,0.194539,-0.286139
0.249501,0.218181,-0.297472
0.251136,0.219234,-0.294298
0.247959,0.223240,-0.293364
0.249876,0.225187,-0.289862
0.253019,0.229652,-0.286011
0.251268,0.229718,-0.285993
0.251873,0.234126,-0.285489
0.251845,0.233334,-0.284266
0.252990,0.238471,-0.285515
0.251901,0.238356,-0.282927
0.251370,0.241865,-0.280061
0.250648,0.242092,-0.280551
0.247106,0.240591,-0.281696
0.245435,0.240625,-0.283173
0.244890,0.243515,-0.284185
0.240842,0.240775,-0.283896
0.239450,0.242605,-0.287482
0.238265,0.243335,-0.287154
0.235320,0.241566,-0.287230
0.235365,0.244857,-0.288851
0.231234,0.243885,-0.290816
0.228990,0.246384,-0.291312
0.227614,0.246475,-0.291878
0.223706,0.245626,-0.292148
0.224301,0.245239,-0.293660
0.221792,0.243779,-0.296209
0.219851,0.243404,-0.295230
0.216269,0.246405,-0.297423
0.214224,0.247087,-0.298846
0.213324,0.246648,-0.297287
0.211897,0.247173,-0.300037
0.209953,0.248359,-0.302879
0.206833,0.250091,-0.302439
0.207626,0.247409,-0.302582
0.203014,0.248273,-0.304822
0.201422,0.247614,-0.305080
0.200015,0.249654,-0.305565
0.199251,0.247781,-0.306722
0.196655,0.248085,-0.308265
0.194384,0.248928,-0.309576
0.322492,0.150731,-0.287811
0.327252,0.151154,-0.287799
0.324573,0.155078,-0.287496
0.323910,0.158658,-0.284551
0.324650,0.158981,-0.283225
0.325020,0.160919,-0.281995
0.325379,0.164912,-0.282758
0.324863,0.166581,-0.278226
0.324407,0.168567,-0.277380
0.323766,0.170730,-0.277042
0.326348,0.171858,-0.273476
0.326587,0.173170,-0.273658
0.325597,0.174811,-0.271120
0.326258,0.180280,-0.269338
0.326380,0.181277,-0.269768
0.326024,0.183679,-0.266044
0.325681,0.184698,-0.265047
0.327807,0.187944,-0.265288
0.327712,0.190729,-0.261683
0.326544,0.194346,-0.261458
0.327543,0.193252,-0.260177
0.327681,0.198613,-0.258422
0.326747,0.196638,-0.257399
0.322635,0.197797,-0.259591
0.321883,0.199088,-0.262479
0.321331,0.197901,-0.262848
0.318680,0.198933,-0.262125
0.317234,0.199813,-0.265201
0.315235,0.197929,-0.266337
0.312488,0.199323,-0.265922
0.308314,0.200821,-0.266095
0.308506,0.201458,-0.269017
0.306226,0.200237,-0.269166
0.304362,0.201173,-0.269977
0.303423,0.198669,-0.270292
0.300905,0.202290,-0.272659
0.299470,0.201175,-0.273253
0.298647,0.201162,-0.272229
0.296865,0.202376,-0.274344
0.293494,0.201745,-0.275069
0.291072,0.200332,-0.275133
0.286006,0.201603,-0.281670
0.284812,0.199960,-0.282681
0.282579,0.198700,-0.282625
0.279425,0.200382,-0.285935
0.278016,0.202362,-0.286703
0.274501,0.201309,-0.287246
0.275410,0.202754,-0.287948
0.271914,0.200895,-0.287511
0.271571,0.202088,-0.288415
0.271438,0.205019,-0.287971
0.269317,0.204742,-0.288213
0.268114,0.205736,-0.289713
0.264360,0.205046,-0.291527
0.262172,0.204804,-0.292806
0.262706,0.205450,-0.289919
0.261460,0.208705,-0.291681
0.258675,0.209451,-0.291988
0.260306,0.211403,-0.289912
0.260490,0.214435,-0.290382
0.258958,0.212879,-0.290881
0.256415,0.216562,-0.288934
0.256124,0.217563,-0.290457
0.254907,0.218161,-0.287754
0.255779,0.219328,-0.287897
0.254101,0.220194,-0.286976
0.254892,0.223105,-0.285485
0.253473,0.223980,-0.285857
0.253132,0.225641,-0.286779
0.253852,0.230778,-0.282129
0.252328,0.229235,-0.282868
0.253961,0.231547,-0.282803
0.251720,0.235250,-0.282791
0.253687,0.235412,-0.281179
0.251636,0.237102,-0.279864
0.254286,0.241496,-0.279212
0.250771,0.240305,-0.276645
0.249953,0.241766,-0.279463
0.247176,0.239983,-0.280098
0.247797,0.240870,-0.280006
0.243424,0.243265,-0.281466
0.243173,0.241402,-0.281164
0.240610,0.243037,-0.283331
0.238041,0.243818,-0.282615
0.235491,0.244957,-0.284247
0.234945,0.243866,-0.287127
0.229828,0.243989,-0.288353
0.230749,0.245048,-0.289933
0.228148,0.244771,-0.289962
0.226283,0.244887,-0.288850
0.222412,0.245404,-0.291982
0.220952,0.244506,-0.293202
0.221445,0.247879,-0.293839
0.218124,0.246045,-0.294448
0.215056,0.247777,-0.297049
0.214489,0.246859,-0.296073
0.211732,0.247773,-0.297338
0.210388,0.248460,-0.298424
0.209094,0.248167,-0.298916
0.205893,0.249255,-0.301079
0.204099,0.248338,-0.301502
0.202636,0.250337,-0.302445
0.201076,0.250876,-0.303459
0.198071,0.248744,-0.303593
0.195637,0.250210,-0.305687
0.195197,0.251234,-0.306990
0.193472,0.251643,-0.307899
0.190557,0.251853,-0.308017
0.188064,0.251557,-0.308613
0.323450,0.145617,-0.291363
0.323051,0.145686,-0.288851
0.323245,0.149432,-0.286329
0.323378,0.150597,-0.286064
0.323328,0.153833,-0.286019
0.324412,0.155383,-0.285503
0.323958,0.159631,-0.281575
0.324285,0.161159,-0.279222
0.324160,0.162862,-0.278978
0.322865,0.165249,-0.276920
0.323662,0.166424,-0.275269
0.325096,0.170767,-0.272169
0.326631,0.173064,-0.273654
0.324833,0.174645,-0.271249
0.324986,0.175921,-0.269242
0.326282,0.178029,-0.267957
0.324711,0.180963,-0.266163
0.327299,0.183316,-0.265363
0.327072,0.186392,-0.263945
0.325769,0.187706,-0.261270
0.325027,0.191949,-0.261970
0.327201,0.193026,-0.260926
0.327875,0.196785,-0.257174
0.325499,0.196829,-0.256873
0.325938,0.200437,-0.256406
0.326529,0.198233,-0.255584
0.322049,0.200209,-0.258163
0.319253,0.199986,-0.259030
0.318732,0.200804,-0.260215
0.316350,0.200262,-0.260995
0.315335,0.199069,-0.263065
0.312143,0.199032,-0.262117
0.311938,0.201270,-0.264571
0.308218,0.198955,-0.265512
0.306315,0.199374,-0.267164
0.306183,0.200216,-0.267427
0.303750,0.201054,-0.269950
0.300300,0.202280,-0.269543
0.296553,0.202543,-0.268935
0.296052,0.201356,-0.270076
0.296133,0.202945,-0.271688
0.293912,0.204208,-0.273399
0.291744,0.204246,-0.273186
0.289767,0.204803,-0.275123
0.286588,0.202184,-0.275768
0.285967,0.205588,-0.276697
0.284069,0.204183,-0.277036
0.280545,0.203396,-0.279114
0.280664,0.206400,-0.277010
0.279063,0.206064,-0.281519
0.278249,0.206717,-0.281674
0.275507,0.207081,-0.279636
0.274048,0.209503,-0.282934
0.272860,0.209702,-0.281353
0.272883,0.211305,-0.283503
0.270694,0.210826,-0.281803
0.268481,0.210615,-0.281768
0.267573,0.211999,-0.282650
0.265050,0.212753,-0.283854
0.264554,0.212319,-0.281912
0.262794,0.216320,-0.285266
0.262689,0.216503,-0.285229
0.261406,0.215572,-0.284937
0.260016,0.220100,-0.284123
0.258133,0.221045,-0.284756
0.258791,0.219757,-0.283810
0.257585,0.221621,-0.285325
0.256019,0.224107,-0.283809
0.253854,0.226414,-0.283175
0.254708,0.225742,-0.281550
0.255115,0.226775,-0.280392
0.254348,0.229060,-0.281244
0.254070,0.230942,-0.278721
0.254491,0.233176,-0.278932
0.253971,0.233095,-0.277517
0.252178,0.236605,-0.278694
0.252231,0.236633,-0.275935
0.250025,0.240040,-0.276430
0.253247,0.242267,-0.273341
0.252030,0.241052,-0.273995
0.247699,0.241933,-0.276115
0.244879,0.243970,-0.277898
0.244105,0.243603,-0.277534
0.243530,0.243828,-0.278532
0.240302,0.244469,-0.280429
0.238534,0.244326,-0.280187
0.237293,0.244242,-0.282126
0.235085,0.243953,-0.284590
0.232955,0.245653,-0.285553
0.231134,0.245054,-0.283629
0.228540,0.246529,-0.287033
0.227096,0.246415,-0.286559
0.224886,0.245687,-0.289046
0.223477,0.246004,-0.288473
0.219492,0.246216,-0.288429
0.218892,0.246315,-0.292875
0.217488,0.246669,-0.293758
0.215020,0.248987,-0.294663
0.213593,0.247144,-0.294557
0.210533,0.248785,-0.295838
0.209063,0.248841,-0.296278
0.207055,0.249108,-0.297667
0.205664,0.247700,-0.299172
0.203040,0.248423,-0.299810
0.202987,0.250493,-0.302339
0.199303,0.250881,-0.301838
0.195116,0.251246,-0.301087
0.193715,0.251917,-0.303962
0.192415,0.251508,-0.304696
0.191179,0.252686,-0.307811
0.190955,0.249632,-0.306573
0.186900,0.252096,-0.307316
0.184446,0.251827,-0.310353
0.183852,0.252915,-0.309819
0.321846,0.141785,-0.289061
0.322379,0.143952,-0.288481
0.321777,0.145804,-0.285845
0.321787,0.149899,-0.286562
0.321283,0.150357,-0.284931
0.321936,0.152755,-0.284611
0.323542,0.154719,-0.282721
0.324793,0.157911,-0.281424
0.325065,0.160642,-0.279698
0.324328,0.162723,-0.277507
0.327095,0.163555,-0.275624
0.323445,0.164544,-0.272840
0.323131,0.168039,-0.274016
0.325263,0.171073,-0.271028
0.325415,0.173715,-0.270377
0.325060,0.175812,-0.266751
0.325454,0.178437,-0.266613
0.325130,0.179694,-0.262942
0.326129,0.181819,-0.264293
0.326062,0.184306,-0.261138
0.325131,0.187924,-0.257573
0.325545,0.191163,-0.258676
0.325443,0.190850,-0.257927
0.326487,0.193380,-0.255696
0.328138,0.196162,-0.255614
0.326517,0.199651,-0.252914
0.325446,0.199754,-0.253849
0.323891,0.198438,-0.254748
0.322818,0.199910,-0.255645
0.319308,0.201724,-0.254095
0.317174,0.202978,-0.260675
0.313955,0.199951,-0.259359
0.313524,0.199490,-0.262426
0.311439,0.200543,-0.261367
0.309922,0.199010,-0.263502
0.305021,0.200829,-0.266659
0.304212,0.202382,-0.265138
0.303870,0.200629,-0.265071
0.300770,0.200494,-0.267118
0.300162,0.203069,-0.269118
0.299168,0.202846,-0.267781
0.296366,0.203686,-0.269482
0.295143,0.202598,-0.272023
0.293045,0.203508,-0.271620
0.289674,0.204702,-0.273527
0.289174,0.205215,-0.272977
0.287034,0.205882,-0.274382
0.285155,0.203698,-0.275125
0.282281,0.204109,-0.276571
0.281635,0.205916,-0.276529
0.279445,0.205429,-0.278767
0.278909,0.206858,-0.278997
0.275653,0.210477,-0.279584
0.274329,0.209297,-0.277263
0.273149,0.210134,-0.277765
0.273478,0.209104,-0.280416
0.270240,0.210616,-0.279635
0.270563,0.211320,-0.281509
0.266954,0.212494,-0.279553
0.267875,0.212549,-0.280210
0.265845,0.214868,-0.280757
0.263965,0.215574,-0.282571
0.261208,0.215940,-0.281066
0.260096,0.218563,-0.279775
0.258568,0.216937,-0.280704
0.260425,0.219945,-0.279816
0.258974,0.220103,-0.278353
0.256685,0.221727,-0.280203
0.258890,0.225233,-0.279838
0.257497,0.225623,-0.277704
0.254559,0.226814,-0.278731
0.255118,0.226235,-0.277336
0.255266,0.229831,-0.276150
0.254529,0.233513,-0.276911
0.253899,0.233356,-0.276171
0.254067,0.235540,-0.274659
0.254131,0.236796,-0.275017
0.252038,0.238184,-0.274268
0.252039,0.240181,-0.273541
0.251761,0.242932,-0.271838
0.252191,0.243045,-0.273354
0.249989,0.243089,-0.273671
0.247380,0.243415,-0.274524
0.244045,0.244103,-0.276690
0.242081,0.242331,-0.277290
0.240897,0.245678,-0.277153
0.238912,0.244400,-0.277768
0.237678,0.245605,-0.281453
0.236061,0.245233,-0.280651
0.231920,0.245065,-0.281088
0.231941,0.246392,-0.281145
0.227054,0.245855,-0.284189
0.227766,0.243760,-0.283449
0.226724,0.247454,-0.285251
0.224431,0.247267,-0.286600
0.223342,0.248869,-0.288826
0.220540,0.247732,-0.289742
0.217544,0.246795,-0.289307
0.215301,0.249304,-0.292275
0.215277,0.248122,-0.290228
0.211897,0.248619,-0.292153
0.209229,0.246701,-0.293174
0.208945,0.247806,-0.294238
0.205755,0.249049,-0.295751
0.201641,0.250456,-0.297479
0.200526,0.250103,-0.297702
0.200168,0.248671,-0.298926
0.197299,0.251163,-0.300842
0.194205,0.251868,-0.301903
0.192005,0.250886,-0.303040
0.191699,0.251350,-0.304565
0.189135,0.253039,-0.302606
0.187110,0.252364,-0.305895
0.185252,0.253018,-0.304826
0.184518,0.253133,-0.306667
0.182710,0.251675,-0.308732
0.178964,0.254073,-0.310663
0.322033,0.139962,-0.290883
0.321851,0.140845,-0.288604
0.321205,0.142613,-0.285101
0.322411,0.145009,-0.283611
0.320578,0.147546,-0.285985
0.322664,0.151132,-0.282207
0.321789,0.152656,-0.281195
0.322930,0.154457,-0.281587
0.320811,0.157508,-0.277122
0.322425,0.160040,-0.275494
0.323441,0.163606,-0.275542
0.323602,0.164713,-0.274595
0.324578,0.165322,-0.272805
0.324276,0.170229,-0.270436
0.323947,0.170981,-0.269731
0.323870,0.173860,-0.266634
0.324050,0.177074,-0.266640
0.322772,0.177531,-0.265656
0.325569,0.180722,-0.265389
0.325600,0.183537,-0.262896
0.324550,0.182591,-0.259820
0.325666,0.188602,-0.258374
0.325106,0.189266,-0.256858
0.327074,0.191418,-0.255833
0.325223,0.194097,-0.252850
0.326402,0.198034,-0.252329
0.325197,0.199369,-0.250299
0.326944,0.200323,-0.251098
0.323947,0.199529,-0.250584
0.322034,0.199599,-0.253095
0.320242,0.200213,-0.252540
0.317105,0.199534,-0.253739
0.316679,0.199248,-0.256587
0.313489,0.202027,-0.258117
0.311224,0.200917,-0.258520
0.309992,0.199352,-0.261402
0.306892,0.199330,-0.261175
0.304184,0.201058,-0.260766
0.303461,0.199592,-0.264067
0.302232,0.203110,-0.265793
0.300705,0.203156,-0.266330
0.298501,0.203782,-0.267193
0.296025,0.204028,-0.267361
0.294556,0.202810,-0.267083
0.293158,0.203997,-0.269326
0.291560,0.205398,-0.270365
0.288206,0.205268,-0.270678
0.288389,0.203771,-0.272167
0.285605,0.205171,-0.272531
0.283018,0.204215,-0.273972
0.280325,0.206703,-0.272026
0.279025,0.206662,-0.274888
0.278577,0.208910,-0.275806
0.277889,0.207383,-0.276643
0.275307,0.209525,-0.276825
0.273332,0.208331,-0.276688
0.271334,0.211650,-0.278152
0.272597,0.210682,-0.277069
0.269682,0.211484,-0.278938
0.269605,0.212637,-0.278440
0.266407,0.214867,-0.278914
0.267088,0.214405,-0.277312
0.263394,0.217396,-0.277845
0.264285,0.218156,-0.276906
0.262176,0.217859,-0.277548
0.260527,0.218985,-0.277957
0.261998,0.221191,-0.277981
0.259846,0.223158,-0.276800
0.260007,0.224241,-0.277717
0.258666,0.223639,-0.277802
0.257640,0.225879,-0.276862
0.258010,0.229166,-0.275941
0.256876,0.229812,-0.274226
0.256181,0.233032,-0.274302
0.254920,0.232552,-0.273872
0.251761,0.233333,-0.273067
0.254942,0.234899,-0.271280
0.253229,0.236536,-0.273552
0.252360,0.237709,-0.271187
0.252634,0.241312,-0.270175
0.252414,0.241616,-0.268887
0.251342,0.244441,-0.271288
0.250891,0.242029,-0.271449
0.246367,0.243369,-0.270426
0.245087,0.244606,-0.272772
0.244313,0.242987,-0.274264
0.242297,0.245572,-0.274801
0.240124,0.245236,-0.276116
0.238859,0.244747,-0.277510
0.237131,0.246641,-0.278454
0.234982,0.245833,-0.281197
0.232454,0.244766,-0.279738
0.230119,0.245214,-0.281230
0.227102,0.244832,-0.282363
0.225881,0.246365,-0.282046
0.223476,0.246423,-0.284071
0.222116,0.247628,-0.283505
0.220876,0.248333,-0.285932
0.217126,0.247285,-0.285808
0.215681,0.248926,-0.286164
0.214251,0.248542,-0.288656
0.212505,0.248348,-0.290403
0.210195,0.250573,-0.287676
0.206756,0.247865,-0.291351
0.206467,0.251423,-0.290475
0.203864,0.249989,-0.294382
0.202725,0.251070,-0.294880
0.201661,0.250167,-0.296191
0.198571,0.250795,-0.296335
0.194855,0.251446,-0.296991
0.194676,0.250333,-0.297675
0.191166,0.252613,-0.299627
0.188638,0.252739,-0.301780
0.188838,0.253262,-0.302057
0.187343,0.254048,-0.304198
0.184037,0.252873,-0.303433
0.181553,0.253460,-0.306330
0.179851,0.253872,-0.306174
0.178490,0.254612,-0.308334
0.176287,0.254552,-0.308474
0.318423,0.133248,-0.292322
0.320819,0.137990,-0.289426
0.321403,0.137651,-0.287272
0.320557,0.142268,-0.288437
0.321232,0.142394,-0.285934
0.322371,0.146788,-0.283971
0.322015,0.146931,-0.281909
0.321300,0.150261,-0.279949
0.322937,0.154155,-0.278467
0.321230,0.152670,-0.278737
0.323964,0.156972,-0.276421
0.322365,0.158619,-0.275355
0.321626,0.161609,-0.276384
0.322831,0.163666,-0.271516
0.322081,0.166411,-0.270107
0.322008,0.166865,-0.267661
0.323979,0.171860,-0.266844
0.324406,0.174395,-0.265855
0.325634,0.174732,-0.263626
0.325261,0.178720,-0.261989
0.325096,0.181502,-0.262159
0.323973,0.181121,-0.260400
0.326030,0.184867,-0.258576
0.323127,0.188373,-0.256135
0.325865,0.188892,-0.255750
0.324599,0.193451,-0.253190
0.324970,0.192485,-0.251973
0.327662,0.195329,-0.251485
0.326594,0.197044,-0.249708
0.325386,0.199557,-0.248659
0.323937,0.199188,-0.249469
0.322776,0.201550,-0.248663
0.318739,0.201730,-0.250539
0.319124,0.203077,-0.251639
0.317721,0.203244,-0.254065
0.313043,0.200668,-0.255812
0.312324,0.201239,-0.255801
0.308743,0.200828,-0.258298
0.308626,0.201111,-0.257893
0.305463,0.202891,-0.259768
0.305234,0.201864,-0.260601
0.301744,0.200819,-0.260499
0.300921,0.201884,-0.262821
0.297856,0.202627,-0.264331
0.296717,0.201265,-0.262515
0.296303,0.203104,-0.263989
0.292989,0.204335,-0.265988
0.291486,0.206934,-0.268610
0.288024,0.204920,-0.269283
0.285217,0.206789,-0.268278
0.286014,0.206004,-0.268753
0.283494,0.207621,-0.270991
0.281086,0.206857,-0.270968
0.280255,0.206672,-0.271818
0.278291,0.207404,-0.271172
0.277008,0.209047,-0.272176
0.276904,0.210026,-0.273378
0.275537,0.210596,-0.272015
0.273785,0.210875,-0.274710
0.271166,0.212052,-0.274512
0.270148,0.209491,-0.276296
0.267676,0.212119,-0.276289
0.267684,0.215765,-0.277174
0.266890,0.214987,-0.275736
0.265926,0.215533,-0.274612
0.264955,0.217539,-0.275068
0.262134,0.217892,-0.276482
0.261412,0.219297,-0.274293
0.261729,0.220145,-0.274274
0.260443,0.224435,-0.272509
0.261752,0.222879,-0.275857
0.259130,0.224142,-0.274207
0.259004,0.226481,-0.275537
0.255594,0.227874,-0.272122
0.257529,0.229408,-0.271695
0.256984,0.232749,-0.272961
0.254269,0.230486,-0.271213
0.255548,0.233356,-0.269845
0.255932,0.234659,-0.267142
0.253683,0.237003,-0.271030
0.254009,0.236760,-0.269586
0.253090,0.238641,-0.267181
0.254125,0.244236,-0.266911
0.253406,0.244066,-0.267197
0.251716,0.243804,-0.266771
0.247559,0.245755,-0.268826
0.245978,0.244320,-0.269968
0.245006,0.241452,-0.271415
0.241863,0.243191,-0.271972
0.238210,0.246331,-0.273145
0.237654,0.245499,-0.276020
0.234336,0.244917,-0.275344
0.234947,0.246908,-0.275873
0.232525,0.246069,-0.276318
0.231371,0.246538,-0.278074
0.229209,0.246172,-0.279212
0.227705,0.247482,-0.279986
0.226407,0.247985,-0.280684
0.223418,0.248968,-0.284842
0.220413,0.246363,-0.282352
0.217987,0.248753,-0.284255
0.215796,0.247876,-0.286610
0.214510,0.248469,-0.284123
0.212108,0.247689,-0.287275
0.209152,0.248630,-0.289665
0.208521,0.250805,-0.289850
0.206855,0.248854,-0.289507
0.204897,0.250314,-0.289976
0.203430,0.252004,-0.292867
0.200880,0.252277,-0.292011
0.199188,0.250580,-0.294336
0.194480,0.252599,-0.293967
0.193989,0.252594,-0.297865
0.192263,0.251447,-0.297072
0.191432,0.253274,-0.297873
0.188972,0.254891,-0.299161
0.187149,0.253508,-0.298740
0.183982,0.253364,-0.300282
0.182734,0.254222,-0.302324
0.180508,0.255566,-0.302601
0.177465,0.255454,-0.304240
0.175785,0.254618,-0.304244
0.174086,0.255048,-0.306100
0.171640,0.255838,-0.306918
0.319005,0.130013,-0.293222
0.319061,0.133425,-0.289415
0.321901,0.136404,-0.287956
0.321408,0.137239,-0.287948
0.321076,0.141321,-0.284879
0.322081,0.143013,-0.283889
0.322705,0.144887,-0.280792
0.319291,0.146036,-0.280624
0.322269,0.150585,-0.278962
0.320647,0.149838,-0.278337
0.321789,0.154658,-0.275680
0.321802,0.157848,-0.274023
0.320889,0.158998,-0.273212
0.321842,0.160636,-0.274312
0.322866,0.163444,-0.269258
0.323064,0.165288,-0.267200
0.324652,0.167155,-0.269876
0.323250,0.169468,-0.265353
0.322186,0.172129,-0.264848
0.325003,0.175908,-0.262834
0.322397,0.178752,-0.262640
0.324367,0.179623,-0.259733
0.324266,0.180731,-0.259680
0.324673,0.182382,-0.258100
0.324072,0.184140,-0.255264
0.325615,0.188269,-0.253429
0.325419,0.192234,-0.251898
0.325311,0.193576,-0.250596
0.323721,0.195847,-0.249161
0.325810,0.198643,-0.247656
0.327520,0.198299,-0.247246
0.322807,0.198804,-0.248709
0.321622,0.199119,-0.249126
0.320040,0.200366,-0.250173
0.317908,0.201040,-0.251961
0.317174,0.198742,-0.250967
0.311173,0.200189,-0.253775
0.311258,0.200894,-0.255132
0.309621,0.199426,-0.255987
0.307272,0.202152,-0.256637
0.305916,0.202723,-0.257071
0.302621,0.201955,-0.258248
0.301679,0.203317,-0.261176
0.301314,0.201185,-0.261184
0.297390,0.201682,-0.259859
0.295566,0.203411,-0.262802
0.294672,0.203906,-0.263477
0.292069,0.204044,-0.264762
0.290282,0.204288,-0.264436
0.289175,0.205787,-0.267387
0.288493,0.203938,-0.267401
0.286653,0.207355,-0.267851
0.285003,0.206702,-0.268874
0.282621,0.205888,-0.268159
0.280107,0.207088,-0.267321
0.280208,0.209183,-0.269067
0.278532,0.209484,-0.272988
0.276601,0.209068,-0.271335
0.274566,0.209776,-0.271215
0.273379,0.210381,-0.270184
0.271461,0.212707,-0.272977
0.270375,0.211536,-0.272554
0.270516,0.213393,-0.272509
0.267051,0.213818,-0.272740
0.266611,0.216976,-0.273389
0.265582,0.217003,-0.272563
0.265234,0.218228,-0.272014
0.264585,0.219324,-0.271382
0.261764,0.219662,-0.272250
0.261955,0.220046,-0.272461
0.260307,0.222290,-0.271627
0.260492,0.222236,-0.271569
0.259492,0.224946,-0.270444
0.257143,0.225173,-0.271627
0.257434,0.226426,-0.270712
0.256458,0.228581,-0.271059
0.256958,0.231937,-0.270745
0.255471,0.231160,-0.269543
0.253866,0.234968,-0.268415
0.256478,0.235247,-0.268939
0.252278,0.235970,-0.267111
0.253731,0.238675,-0.268065
0.251588,0.239500,-0.265952
0.251614,0.240902,-0.266812
0.251837,0.240933,-0.263637
0.249622,0.242262,-0.264043
0.246756,0.243482,-0.265786
0.245992,0.245046,-0.268311
0.243748,0.246314,-0.267837
0.245106,0.247136,-0.270467
0.241598,0.244413,-0.270314
0.239533,0.245738,-0.270032
0.236599,0.244692,-0.270787
0.235226,0.246517,-0.272351
0.233702,0.245506,-0.274397
0.229835,0.245141,-0.274884
0.228338,0.247150,-0.275749
0.227470,0.246732,-0.277077
0.225587,0.248725,-0.278248
0.221805,0.249007,-0.277554
0.221850,0.247829,-0.281075
0.218733,0.250601,-0.282447
0.216302,0.250177,-0.281666
0.214271,0.248594,-0.284219
0.214460,0.249617,-0.284375
0.212263,0.250620,-0.284288
0.208878,0.249503,-0.286326
0.208688,0.249889,-0.286221
0.206981,0.250939,-0.289745
0.203537,0.250532,-0.288315
0.201194,0.251776,-0.290217
0.199635,0.250792,-0.289753
0.198211,0.250462,-0.293596
0.195261,0.251427,-0.294130
0.195231,0.253825,-0.294370
0.190898,0.254199,-0.296126
0.189613,0.252099,-0.296642
0.186923,0.253345,-0.298511
0.185100,0.253311,-0.299717
0.182502,0.256833,-0.299530
0.179796,0.252828,-0.301361
0.177594,0.255733,-0.301937
0.177518,0.254431,-0.302690
0.175347,0.255061,-0.303116
0.173105,0.256225,-0.304247
0.170588,0.257522,-0.306540
0.168257,0.257085,-0.305861
0.319618,0.126925,-0.290641
0.318196,0.129722,-0.288759
0.320232,0.132478,-0.288017
0.321157,0.135064,-0.287878
0.321598,0.138815,-0.283195
0.321128,0.138950,-0.284072
0.319670,0.141490,-0.282775
0.320342,0.144457,-0.279416
0.321793,0.146397,-0.279246
0.322119,0.148398,-0.278202
0.320707,0.151606,-0.277090
0.321254,0.152038,-0.272460
0.322370,0.155575,-0.272428
0.320068,0.160275,-0.270594
0.322499,0.162222,-0.268654
0.322105,0.163707,-0.268448
0.321291,0.167292,-0.266027
0.323819,0.167182,-0.265767
0.324915,0.169532,-0.262869
0.322226,0.172993,-0.260761
0.323731,0.175639,-0.260239
0.324014,0.176832,-0.259151
0.322007,0.178389,-0.256430
0.323858,0.181180,-0.257657
0.322663,0.183471,-0.255473
0.324425,0.185844,-0.254068
0.324220,0.188380,-0.251007
0.324947,0.190363,-0.250584
0.325100,0.191874,-0.250765
0.325671,0.194806,-0.247678
0.326020,0.196701,-0.246029
0.323905,0.199247,-0.246438
0.321896,0.198225,-0.246509
0.320096,0.198526,-0.246180
0.318058,0.200155,-0.247568
0.317896,0.201496,-0.248325
0.313998,0.200232,-0.251156
0.312286,0.199889,-0.249415
0.311879,0.201003,-0.251594
0.311078,0.201308,-0.252986
0.306726,0.201524,-0.254052
0.305074,0.200917,-0.252914
0.304055,0.202525,-0.258536
0.301245,0.201758,-0.255166
0.301231,0.202862,-0.256976
0.300133,0.202879,-0.257961
0.296054,0.203522,-0.260259
0.295624,0.202984,-0.259475
0.292507,0.203382,-0.260646
0.292639,0.204683,-0.262499
0.288258,0.204426,-0.264148
0.288663,0.202622,-0.264028
0.286717,0.206258,-0.264547
0.285576,0.205717,-0.265556
0.282304,0.207541,-0.264809
0.282141,0.207214,-0.267112
0.279112,0.207912,-0.266746
0.278974,0.209427,-0.267148
0.276808,0.210787,-0.268976
0.275919,0.211733,-0.268891
0.271316,0.211181,-0.268666
0.272341,0.211858,-0.271965
0.268584,0.213850,-0.269758
0.268981,0.214139,-0.270256
0.269506,0.214870,-0.269841
0.268731,0.216222,-0.270911
0.266567,0.217739,-0.272570
0.264951,0.218033,-0.270064
0.263540,0.218161,-0.270439
0.263400,0.219806,-0.271129
0.262297,0.220200,-0.270013
0.259660,0.223283,-0.270064
0.260078,0.224074,-0.269870
0.259032,0.225701,-0.268791
0.256602,0.226713,-0.271464
0.256617,0.227647,-0.267589
0.255942,0.229593,-0.269012
0.255436,0.229243,-0.267807
0.254482,0.232531,-0.266609
0.254417,0.233663,-0.269004
0.253968,0.234379,-0.266804
0.253749,0.238217,-0.265691
0.252712,0.238788,-0.265505
0.252269,0.239993,-0.265139
0.252297,0.241009,-0.263653
0.251491,0.243744,-0.264633
0.249895,0.244977,-0.262736
0.250399,0.244561,-0.264361
0.247613,0.244508,-0.265799
0.243760,0.244921,-0.267680
0.243679,0.246396,-0.266188
0.240868,0.247388,-0.267984
0.240170,0.247708,-0.268642
0.237314,0.246636,-0.267309
0.234927,0.246555,-0.269841
0.233416,0.248289,-0.272245
0.229322,0.246215,-0.271936
0.228972,0.247995,-0.273558
0.226975,0.248149,-0.273609
0.225102,0.247446,-0.275575
0.222577,0.247997,-0.278232
0.222291,0.248808,-0.277200
0.219375,0.249377,-0.279010
0.219071,0.248636,-0.278237
0.216408,0.249100,-0.279666
0.213117,0.250822,-0.282228
0.210838,0.249516,-0.282263
0.210278,0.250631,-0.281927
0.207580,0.251056,-0.281036
0.207497,0.251522,-0.285901
0.204740,0.251319,-0.284162
0.201881,0.251292,-0.287781
0.200697,0.252015,-0.287822
0.200574,0.253325,-0.287916
0.194932,0.251129,-0.289808
0.193732,0.252448,-0.292827
0.192569,0.251953,-0.290357
0.188942,0.254663,-0.294643
0.186522,0.254814,-0.294559
0.187549,0.254270,-0.294599
0.183365,0.255468,-0.295832
0.183364,0.254944,-0.298590
0.179857,0.255996,-0.299903
0.177204,0.255615,-0.297858
0.175084,0.255239,-0.299818
0.173123,0.256141,-0.299044
0.171347,0.256416,-0.304093
0.169345,0.257526,-0.303937
0.167898,0.256968,-0.305645
0.318133,0.125485,-0.288642
0.319484,0.128391,-0.289085
0.318054,0.129900,-0.286864
0.319625,0.131884,-0.285741
0.319495,0.134324,-0.287064
0.319626,0.136764,-0.283364
0.320005,0.138818,-0.283194
0.320297,0.142059,-0.281154
0.320090,0.142588,-0.279341
0.321159,0.146076,-0.276422
0.320147,0.148884,-0.275092
0.320640,0.149432,-0.275241
0.321866,0.154698,-0.272665
0.320444,0.153505,-0.270780
0.321621,0.156900,-0.268991
0.321741,0.159730,-0.268669
0.320774,0.164425,-0.266319
0.321420,0.164711,-0.264894
0.320848,0.166198,-0.262181
0.322875,0.169688,-0.263207
0.323631,0.170555,-0.261532
0.322985,0.175740,-0.260525
0.322655,0.176265,-0.257374
0.323677,0.177894,-0.256692
0.323239,0.181372,-0.254101
0.323615,0.183522,-0.253248
0.322286,0.184921,-0.253229
0.325025,0.188865,-0.248512
0.322873,0.189844,-0.249736
0.322945,0.191650,-0.246083
0.326032,0.194197,-0.246524
0.326080,0.195744,-0.243816
0.321676,0.198579,-0.244435
0.323690,0.197255,-0.243363
0.321451,0.197952,-0.243349
0.317897,0.198873,-0.245352
0.316636,0.199364,-0.246585
0.315582,0.200373,-0.248893
0.312254,0.202592,-0.249739
0.311280,0.201430,-0.251821
0.308664,0.200557,-0.251129
0.308226,0.200602,-0.250388
0.304624,0.201053,-0.252852
0.303634,0.202020,-0.255114
0.302309,0.201536,-0.254123
0.298947,0.202783,-0.258095
0.297961,0.203497,-0.256597
0.295483,0.204790,-0.256061
0.293044,0.204688,-0.260025
0.290665,0.203250,-0.258822
0.290569,0.202800,-0.259187
0.289064,0.205710,-0.259894
0.285405,0.204152,-0.260048
0.285974,0.205959,-0.261396
0.284709,0.206695,-0.263265
0.283371,0.209225,-0.262823
0.281690,0.207814,-0.263429
0.279452,0.209463,-0.264481
0.277937,0.210595,-0.265824
0.275963,0.209529,-0.267705
0.272872,0.210739,-0.266020
0.274671,0.211938,-0.267922
0.272409,0.211596,-0.267322
0.269992,0.211085,-0.267222
0.267865,0.213781,-0.266806
0.266753,0.214229,-0.267487
0.266384,0.215400,-0.264572
0.266591,0.215712,-0.268800
0.264205,0.217198,-0.266920
0.263677,0.217876,-0.269215
0.262938,0.219923,-0.268704
0.262446,0.221700,-0.269508
0.260832,0.221826,-0.265576
0.261447,0.224560,-0.267005
0.258766,0.226344,-0.267266
0.256511,0.225163,-0.266794
0.257591,0.227718,-0.267280
0.256958,0.229117,-0.266632
0.257225,0.228075,-0.266687
0.254751,0.231850,-0.266091
0.255945,0.232930,-0.264595
0.254430,0.235855,-0.262682
0.254365,0.236219,-0.264291
0.253434,0.235165,-0.261853
0.252229,0.240003,-0.263510
0.252155,0.240857,-0.261147
0.252338,0.242653,-0.258673
0.250677,0.242811,-0.261277
0.249461,0.244940,-0.260210
0.248312,0.246057,-0.260821
0.246095,0.246364,-0.260921
0.242658,0.246384,-0.262650
0.241845,0.245544,-0.264805
0.239221,0.245845,-0.264589
0.239224,0.246516,-0.263549
0.236909,0.247463,-0.269674
0.231824,0.247525,-0.269389
0.231484,0.247094,-0.268919
0.231448,0.246963,-0.271263
0.226928,0.247788,-0.271283
0.224436,0.249819,-0.273000
0.225055,0.249736,-0.272994
0.222512,0.247933,-0.275026
0.220563,0.250178,-0.272272
0.218869,0.248262,-0.276249
0.217241,0.248775,-0.277776
0.214503,0.250679,-0.280788
0.213092,0.249484,-0.279564
0.211804,0.250897,-0.281790
0.208229,0.251759,-0.283103
0.205354,0.252463,-0.282620
0.205857,0.250650,-0.283954
0.202416,0.252596,-0.284095
0.201327,0.251534,-0.284084
0.198492,0.252406,-0.287200
0.196735,0.252919,-0.287501
0.195400,0.255094,-0.286793
0.191149,0.253257,-0.289403
0.189571,0.254692,-0.292040
0.188604,0.255252,-0.293295
0.186128,0.254929,-0.293911
0.184759,0.256812,-0.294730
0.182559,0.254267,-0.295024
0.181492,0.255559,-0.296208
0.179448,0.256070,-0.296370
0.176937,0.256622,-0.296928
0.173862,0.256031,-0.300768
0.173265,0.258179,-0.299576
0.170237,0.256218,-0.298645
0.167877,0.257066,-0.302615
0.166766,0.256717,-0.301624
0.164830,0.259130,-0.303547
0.317592,0.121976,-0.289500
0.319421,0.125409,-0.289557
0.318167,0.127588,-0.286455
0.317521,0.129882,-0.286353
0.318865,0.131397,-0.284124
0.318642,0.134187,-0.281773
0.319764,0.134013,-0.279923
0.318647,0.139373,-0.278533
0.318079,0.142091,-0.278714
0.318385,0.143903,-0.276225
0.318228,0.145539,-0.274570
0.319905,0.148113,-0.273732
0.321898,0.150674,-0.271985
0.319713,0.153450,-0.272200
0.321752,0.154976,-0.269412
0.320089,0.157420,-0.267516
0.321461,0.159429,-0.267469
0.320972,0.160772,-0.266996
0.320669,0.164183,-0.262946
0.320657,0.165478,-0.262997
0.322079,0.169400,-0.260473
0.321475,0.169983,-0.257877
0.322549,0.173488,-0.257769
0.324490,0.177693,-0.255532
0.321630,0.178056,-0.253483
0.323756,0.179198,-0.253424
0.322648,0.181414,-0.252301
0.323967,0.185289,-0.250543
0.323266,0.186762,-0.248429
0.325495,0.189308,-0.246575
0.324674,0.190774,-0.245203
0.323719,0.194071,-0.242888
0.325271,0.195109,-0.242551
0.321992,0.198431,-0.242415
0.322891,0.199538,-0.242737
0.320917,0.198154,-0.243436
0.319187,0.198962,-0.244107
0.316300,0.201019,-0.244587
0.315068,0.199777,-0.246614
0.311689,0.200105,-0.248786
0.310798,0.199207,-0.249589
0.308946,0.201203,-0.250634
0.306755,0.199785,-0.250904
0.304258,0.201396,-0.248710
0.303610,0.200880,-0.252961
0.302842,0.201894,-0.253074
0.299715,0.202138,-0.255505
0.299531,0.203098,-0.254427
0.295666,0.203273,-0.255644
0.292889,0.203640,-0.254672
0.293296,0.202996,-0.258279
0.289970,0.204182,-0.258465
0.288253,0.204899,-0.257753
0.287746,0.205667,-0.259876
0.285867,0.205761,-0.258425
0.285311,0.206391,-0.262284
0.281838,0.206431,-0.261187
0.279394,0.207186,-0.260985
0.279379,0.208032,-0.262406
0.277215,0.208858,-0.263115
0.274832,0.209948,-0.263476
0.273152,0.211636,-0.263181
0.275072,0.211826,-0.263337
0.272640,0.211726,-0.266276
0.269501,0.212874,-0.266533
0.268909,0.214634,-0.265506
0.268659,0.212902,-0.265093
0.268386,0.214009,-0.265866
0.266290,0.215855,-0.265931
0.264976,0.218310,-0.266174
0.262988,0.219077,-0.265408
0.261182,0.219665,-0.264486
0.263012,0.220905,-0.267315
0.261965,0.221787,-0.264142
0.258641,0.222929,-0.265654
0.259839,0.224246,-0.264229
0.257708,0.225368,-0.265149
0.257634,0.226462,-0.263470
0.255516,0.227844,-0.263889
0.255217,0.231579,-0.265590
0.253554,0.230007,-0.265786
0.255548,0.233349,-0.262134
0.253419,0.235060,-0.262976
0.252910,0.237898,-0.259931
0.251376,0.236907,-0.260390
0.251884,0.238588,-0.259586
0.251520,0.240620,-0.260849
0.252243,0.242438,-0.259186
0.249006,0.244123,-0.257520
0.251324,0.245301,-0.258413
0.250223,0.244745,-0.257316
0.249484,0.243768,-0.258745
0.245038,0.245990,-0.261140
0.242777,0.246033,-0.261735
0.241241,0.247870,-0.263298
0.237948,0.248771,-0.263266
0.237844,0.247887,-0.265241
0.234833,0.246550,-0.266056
0.232314,0.247648,-0.266419
0.228445,0.247477,-0.267649
0.229240,0.248637,-0.267794
0.228243,0.249697,-0.269043
0.226572,0.247948,-0.270396
0.224205,0.249351,-0.271804
0.220958,0.248981,-0.273928
0.217958,0.251062,-0.274648
0.216525,0.251279,-0.273467
0.215104,0.251047,-0.276070
0.213141,0.252759,-0.277235
0.212052,0.251386,-0.278023
0.209737,0.250639,-0.278284
0.207558,0.250497,-0.280044
0.205037,0.251778,-0.280624
0.205630,0.254186,-0.282186
0.200766,0.252540,-0.282237
0.200483,0.253172,-0.283766
0.197125,0.254886,-0.284319
0.194661,0.253500,-0.283896
0.194335,0.254869,-0.288046
0.190137,0.255267,-0.287372
0.187463,0.256288,-0.288193
0.186731,0.255298,-0.289973
0.185653,0.254970,-0.290493
0.183296,0.256399,-0.291961
0.180269,0.254186,-0.290949
0.181099,0.258049,-0.293143
0.176661,0.255989,-0.295282
0.174225,0.255330,-0.296291
0.171398,0.256903,-0.296855
0.170857,0.258918,-0.297350
0.168638,0.259569,-0.298243
0.166930,0.256975,-0.301238
0.163589,0.259434,-0.301348
0.162902,0.257404,-0.301601
0.316938,0.118800,-0.289809
0.317390,0.124020,-0.287486
0.319631,0.124074,-0.287870
0.318717,0.127687,-0.287010
0.318862,0.129723,-0.282727
0.318601,0.132238,-0.281565
0.319205,0.134575,-0.280088
0.318900,0.136991,-0.279257
0.318236,0.138916,-0.279450
0.319116,0.139378,-0.275328
0.320238,0.142047,-0.274944
0.320777,0.146832,-0.274173
0.319785,0.147191,-0.271443
0.320387,0.149083,-0.269924
0.323385,0.151885,-0.268392
0.319603,0.154485,-0.268137
0.322362,0.154739,-0.267664
0.321190,0.159345,-0.265101
0.320890,0.161829,-0.263852
0.321874,0.163102,-0.261598
0.319689,0.166432,-0.260997
0.321242,0.167583,-0.260154
0.322821,0.171437,-0.255377
0.322397,0.172972,-0.255250
0.322708,0.173454,-0.254459
0.322169,0.178160,-0.253472
0.322773,0.179240,-0.250264
0.322592,0.182613,-0.249772
0.321797,0.182604,-0.247399
0.323145,0.187954,-0.247306
0.324311,0.187188,-0.245428
0.323810,0.190549,-0.242661
0.323830,0.193642,-0.242032
0.324505,0.194291,-0.239790
0.321778,0.196830,-0.241869
0.319271,0.199040,-0.241151
0.317978,0.198969,-0.241408
0.319320,0.198492,-0.243219
0.317438,0.199527,-0.244699
0.313214,0.201279,-0.246392
0.313646,0.200293,-0.244320
0.308296,0.198862,-0.247171
0.310127,0.201524,-0.247438
0.304068,0.201999,-0.247680
0.304658,0.201772,-0.249982
0.301200,0.200297,-0.250388
0.299909,0.201139,-0.248645
0.299622,0.202538,-0.251836
0.296737,0.202805,-0.252813
0.297118,0.202612,-0.255050
0.293901,0.204235,-0.254184
0.290486,0.202023,-0.255628
0.289321,0.203880,-0.255595
0.288954,0.203632,-0.258435
0.286622,0.204864,-0.256831
0.285428,0.205629,-0.259541
0.284391,0.204812,-0.260277
0.281278,0.206571,-0.257623
0.279560,0.204926,-0.259833
0.278838,0.207391,-0.261126
0.279107,0.208660,-0.261075
0.276148,0.209811,-0.260939
0.273725,0.211707,-0.261965
0.275106,0.211857,-0.262123
0.271783,0.213250,-0.262891
0.268944,0.212909,-0.264532
0.269397,0.211745,-0.262688
0.266644,0.215364,-0.261564
0.267018,0.214844,-0.263751
0.265496,0.216690,-0.264651
0.265445,0.217505,-0.264275
0.263872,0.216939,-0.265358
0.261111,0.219897,-0.261867
0.260711,0.220385,-0.262700
0.261129,0.223006,-0.261892
0.258799,0.223862,-0.262200
0.257876,0.223828,-0.261707
0.257825,0.224908,-0.263172
0.256394,0.227754,-0.264508
0.255992,0.229019,-0.263690
0.255610,0.229779,-0.262672
0.256157,0.230397,-0.262658
0.254125,0.233877,-0.259860
0.253435,0.233145,-0.260845
0.251131,0.237090,-0.258182
0.252604,0.238992,-0.260381
0.251657,0.237669,-0.258577
0.251099,0.240243,-0.256222
0.250395,0.241198,-0.258837
0.249805,0.243834,-0.256411
0.250019,0.246628,-0.252988
0.249753,0.245691,-0.254440
0.246830,0.248806,-0.256769
0.244886,0.248374,-0.256708
0.242925,0.245743,-0.260526
0.240921,0.247230,-0.259732
0.238809,0.247329,-0.261828
0.237715,0.247627,-0.262615
0.235193,0.249536,-0.262887
0.233089,0.247896,-0.263923
0.232692,0.247676,-0.265518
0.228676,0.250204,-0.265807
0.228559,0.247597,-0.267179
0.225331,0.248764,-0.270244
0.223895,0.251295,-0.268109
0.220632,0.252269,-0.268515
0.218449,0.252150,-0.270696
0.216466,0.251475,-0.271756
0.214248,0.252238,-0.271881
0.215002,0.253493,-0.274354
0.212863,0.251207,-0.275200
0.210929,0.253191,-0.275559
0.206477,0.252260,-0.278914
0.204745,0.252132,-0.276899
0.203560,0.251876,-0.279057
0.201420,0.253498,-0.281079
0.199535,0.254275,-0.279718
0.197263,0.252715,-0.281230
0.195877,0.255146,-0.281475
0.194599,0.253372,-0.282246
0.191722,0.254214,-0.285763
0.189639,0.256248,-0.285172
0.185984,0.256017,-0.286917
0.186148,0.256111,-0.289150
0.181798,0.256065,-0.288236
0.181317,0.256691,-0.289670
0.180123,0.257744,-0.291171
0.176839,0.256668,-0.290928
0.175374,0.257969,-0.292851
0.174655,0.257856,-0.295592
0.171407,0.256506,-0.294966
0.169635,0.258269,-0.296031
0.165576,0.258303,-0.297406
0.165167,0.257186,-0.297425
0.161574,0.258450,-0.298169
0.162398,0.259307,-0.300668
0.317653,0.116541,-0.290437
0.317159,0.118744,-0.288544
0.316349,0.120545,-0.287382
0.317560,0.123271,-0.286035
0.318986,0.126348,-0.283897
0.317137,0.128360,-0.281339
0.318398,0.129000,-0.280627
0.318516,0.132065,-0.278513
0.318527,0.136730,-0.277181
0.316341,0.139234,-0.276055
0.318565,0.139249,-0.276075
0.318666,0.141862,-0.273515
0.319723,0.143578,-0.271744
0.317497,0.147724,-0.271229
0.318518,0.150487,-0.268756
0.320664,0.151991,-0.268292
0.319119,0.154012,-0.267039
0.321360,0.157008,-0.265380
0.319022,0.159521,-0.261396
0.320583,0.160950,-0.262107
0.321240,0.162868,-0.259429
0.321968,0.166494,-0.257809
0.321803,0.166763,-0.256318
0.319982,0.170370,-0.255532
0.321341,0.170512,-0.254767
0.321657,0.174534,-0.253484
0.322351,0.177860,-0.251444
0.322503,0.178987,-0.249256
0.322540,0.183400,-0.246475
0.321665,0.184703,-0.245775
0.322567,0.186959,-0.245747
0.324121,0.188623,-0.242819
0.323994,0.191014,-0.241245
0.324645,0.193632,-0.240381
0.323225,0.197489,-0.238040
0.321767,0.196056,-0.239830
0.320654,0.196777,-0.239284
0.317820,0.199999,-0.240278
0.316269,0.199778,-0.240348
0.316548,0.197885,-0.242696
0.314483,0.199139,-0.242920
0.313340,0.198302,-0.244368
0.309192,0.199190,-0.246438
0.308984,0.200664,-0.245303
0.307375,0.199697,-0.247204
0.304140,0.198748,-0.248467
0.302528,0.202427,-0.248496
0.300173,0.200294,-0.247718
0.298938,0.201449,-0.249628
0.295877,0.200393,-0.251912
0.293957,0.201514,-0.253656
0.291764,0.201910,-0.253355
0.291371,0.203558,-0.253822
0.290494,0.204073,-0.253785
0.288744,0.203691,-0.255466
0.286803,0.203101,-0.257942
0.284087,0.205348,-0.255379
0.283200,0.205872,-0.257759
0.281092,0.205216,-0.258749
0.278187,0.206730,-0.257568
0.278460,0.207613,-0.257853
0.275887,0.207486,-0.259428
0.275578,0.209770,-0.259357
0.274843,0.207995,-0.260611
0.274265,0.210798,-0.261705
0.271498,0.209437,-0.261495
0.270606,0.211117,-0.260368
0.267889,0.211810,-0.262982
0.265656,0.215089,-0.263883
0.265069,0.214037,-0.260196
0.265100,0.215354,-0.261997
0.264248,0.216978,-0.263299
0.265472,0.218771,-0.263627
0.260802,0.218955,-0.262563
0.262439,0.219145,-0.260471
0.260494,0.220605,-0.262495
0.259697,0.222296,-0.262940
0.258454,0.224714,-0.262228
0.257727,0.226452,-0.260708
0.255779,0.224909,-0.261506
0.255929,0.227021,-0.258522
0.253590,0.226605,-0.260225
0.256030,0.230306,-0.258222
0.254428,0.233412,-0.257836
0.252809,0.233796,-0.259048
0.252596,0.233212,-0.258482
0.252419,0.237461,-0.258286
0.253449,0.237795,-0.254700
0.251787,0.239388,-0.255108
0.249080,0.239782,-0.256314
0.249127,0.244006,-0.253711
0.248730,0.244496,-0.251153
0.249632,0.245663,-0.252535
0.248619,0.245654,-0.255047
0.243836,0.246273,-0.253255
0.245924,0.247021,-0.254860
0.241966,0.245946,-0.256052
0.240618,0.249997,-0.257092
0.235874,0.246825,-0.258367
0.236437,0.250402,-0.259754
0.233184,0.248933,-0.260108
0.231997,0.249129,-0.261734
0.229670,0.248471,-0.263795
0.226387,0.249484,-0.264479
0.226489,0.251040,-0.263509
0.224716,0.251273,-0.265590
0.223453,0.250770,-0.266376
0.221108,0.252655,-0.267033
0.219710,0.253005,-0.269764
0.215058,0.252557,-0.268927
0.213336,0.252876,-0.270639
0.212068,0.254745,-0.270878
0.210939,0.254261,-0.272739
0.209111,0.253091,-0.273217
0.206222,0.253569,-0.273565
0.202368,0.252074,-0.275060
0.202517,0.255314,-0.275773
0.200585,0.255492,-0.279496
0.198419,0.253878,-0.277968
0.196863,0.253328,-0.279363
0.193785,0.255003,-0.282301
0.193083,0.254435,-0.282041
0.189684,0.256838,-0.284114
0.189388,0.255825,-0.283633
0.185935,0.255021,-0.284746
0.183499,0.256647,-0.284529
0.181510,0.254882,-0.289174
0.180027,0.256848,-0.289639
0.178495,0.258064,-0.290222
0.175560,0.257950,-0.291456
0.174360,0.260232,-0.291101
0.171616,0.260383,-0.291633
0.170013,0.258920,-0.292288
0.168878,0.258768,-0.295125
0.166281,0.259824,-0.294219
0.164190,0.259692,-0.296211
0.161590,0.261592,-0.298077
0.160012,0.260594,-0.298098
0.315181,0.113936,-0.292296
0.316209,0.114812,-0.287779
0.316989,0.119370,-0.287025
0.314522,0.121024,-0.285409
0.317527,0.124466,-0.282774
0.316704,0.124577,-0.282859
0.316550,0.127629,-0.281890
0.316875,0.131671,-0.279553
0.317293,0.133026,-0.276331
0.319578,0.136543,-0.276560
0.320848,0.137071,-0.275314
0.318308,0.141230,-0.273372
0.318360,0.140315,-0.270722
0.317817,0.144113,-0.269557
0.317870,0.145592,-0.269219
0.319151,0.149625,-0.268022
0.318166,0.151471,-0.266779
0.319482,0.153457,-0.265014
0.317761,0.154371,-0.262860
0.318208,0.160314,-0.262356
0.319416,0.160606,-0.261019
0.320928,0.162051,-0.258043
0.324593,0.164084,-0.256703
0.321215,0.169505,-0.254375
0.321226,0.171173,-0.253421
0.320921,0.170724,-0.252918
0.321837,0.173444,-0.250308
0.321497,0.176452,-0.249828
0.321170,0.179133,-0.247339
0.321937,0.182780,-0.247493
0.320321,0.184469,-0.243964
0.322728,0.184746,-0.245745
0.321339,0.185216,-0.242847
0.321967,0.189720,-0.240123
0.323554,0.193499,-0.239065
0.323234,0.193505,-0.236126
0.320401,0.194108,-0.238501
0.318777,0.197032,-0.237515
0.318434,0.195059,-0.237833
0.314821,0.197292,-0.239979
0.315450,0.198085,-0.239656
0.313948,0.197013,-0.239045
0.312910,0.198274,-0.242614
0.310109,0.198083,-0.243281
0.309507,0.198209,-0.242991
0.305868,0.199540,-0.243809
0.305277,0.199209,-0.244856
0.302575,0.201081,-0.245788
0.300035,0.200133,-0.250132
0.299740,0.200524,-0.249059
0.294945,0.202537,-0.249713
0.294957,0.201063,-0.250572
0.295277,0.201619,-0.250845
0.290519,0.203069,-0.251752
0.289184,0.202676,-0.252155
0.287850,0.204159,-0.254796
0.286161,0.203540,-0.256651
0.284846,0.203718,-0.255062
0.283038,0.205123,-0.255486
0.282234,0.205225,-0.256877
0.278202,0.207030,-0.256200
0.275739,0.207557,-0.258279
0.276832,0.207512,-0.258587
0.276019,0.210052,-0.256360
0.272723,0.209571,-0.258900
0.272555,0.209147,-0.258642
0.272392,0.211187,-0.259375
0.268613,0.211361,-0.260764
0.269159,0.212607,-0.258618
0.264989,0.212642,-0.258375
0.264530,0.214610,-0.258867
0.264124,0.213861,-0.258633
0.263554,0.216029,-0.257680
0.262385,0.217505,-0.259281
0.260516,0.218756,-0.258615
0.260590,0.220727,-0.260416
0.259867,0.222732,-0.258684
0.258948,0.221306,-0.258087
0.258584,0.224182,-0.259230
0.258224,0.224696,-0.259414
0.255974,0.226756,-0.256471
0.254521,0.227792,-0.257601
0.254365,0.228852,-0.259504
0.252151,0.230130,-0.256816
0.253607,0.231714,-0.258150
0.253709,0.232497,-0.254986
0.251628,0.234297,-0.255950
0.251445,0.237238,-0.255463
0.251758,0.238238,-0.257365
0.248369,0.239324,-0.254496
0.249664,0.239488,-0.253308
0.248900,0.240786,-0.255327
0.251909,0.243614,-0.251811
0.249727,0.244809,-0.252430
0.248773,0.246707,-0.250927
0.246948,0.246488,-0.251587
0.243836,0.248495,-0.253018
0.244573,0.246966,-0.252943
0.239943,0.247511,-0.254279
0.237399,0.249268,-0.256813
0.236213,0.249047,-0.256473
0.235405,0.249988,-0.257490
0.232002,0.250153,-0.259559
0.230034,0.249342,-0.259060
0.228796,0.249576,-0.259632
0.223213,0.251019,-0.261044
0.225254,0.250460,-0.261536
0.223316,0.252223,-0.264110
0.218786,0.249237,-0.265624
0.219077,0.250401,-0.265579
0.217425,0.251328,-0.264410
0.214784,0.253510,-0.266055
0.213246,0.251931,-0.269547
0.211998,0.253182,-0.270712
0.209493,0.253035,-0.270073
0.206674,0.252633,-0.270120
0.204854,0.253947,-0.271317
0.202734,0.255060,-0.273678
0.201760,0.254853,-0.276625
0.197540,0.252746,-0.277064
0.195543,0.254359,-0.276672
0.192989,0.255228,-0.277554
0.193125,0.257678,-0.280069
0.190896,0.254266,-0.280687
0.187335,0.257688,-0.281806
0.186576,0.256727,-0.283967
0.184258,0.258554,-0.281502
0.182642,0.257789,-0.283235
0.181808,0.259588,-0.284820
0.177034,0.258075,-0.286773
0.176994,0.257858,-0.286586
0.175847,0.258887,-0.288983
0.171758,0.261367,-0.288904
0.170066,0.259786,-0.290623
0.169629,0.257341,-0.289800
0.167132,0.260482,-0.293122
0.163698,0.259573,-0.294694
0.162989,0.262293,-0.294965
0.161062,0.260338,-0.294464
0.157933,0.259054,-0.295365
0.317283,0.110604,-0.291080
0.314597,0.113925,-0.287939
0.315058,0.115137,-0.286252
0.316584,0.118240,-0.286318
0.316799,0.120237,-0.283422
0.317674,0.123516,-0.281886
0.316896,0.124655,-0.281555
0.317787,0.129928,-0.280510
0.316720,0.130390,-0.277304
0.316632,0.131727,-0.276968
0.317357,0.136144,-0.276014
0.317735,0.137522,-0.272033
0.317871,0.140147,-0.270935
0.318918,0.140858,-0.268720
0.318048,0.142996,-0.269947
0.318944,0.146601,-0.266040
0.319312,0.148890,-0.266280
0.319475,0.152829,-0.265264
0.319961,0.153286,-0.263264
0.319594,0.155536,-0.260708
0.318686,0.158879,-0.258898
0.320001,0.161238,-0.256858
0.318652,0.162153,-0.256588
0.319603,0.166054,-0.255055
0.320598,0.166353,-0.252321
0.321976,0.168194,-0.250041
0.319229,0.171446,-0.249932
0.318967,0.172260,-0.249846
0.321198,0.176760,-0.246588
0.321454,0.178442,-0.246454
0.321908,0.182056,-0.244752
0.322579,0.181796,-0.243314
0.323459,0.185142,-0.241123
0.322164,0.188478,-0.239335
0.321991,0.189930,-0.239245
0.323011,0.192988,-0.238618
0.322755,0.195219,-0.236667
0.319043,0.193473,-0.235334
0.319780,0.194864,-0.237361
0.319408,0.195609,-0.237257
0.316217,0.198083,-0.237692
0.313550,0.197824,-0.237092
0.313484,0.196523,-0.237664
0.311785,0.197733,-0.238967
0.308074,0.197730,-0.240509
0.306655,0.197999,-0.243804
0.305061,0.199015,-0.243051
0.304215,0.201198,-0.243892
0.301714,0.201168,-0.246010
0.300321,0.199767,-0.248512
0.298064,0.199522,-0.247411
0.296212,0.201881,-0.247950
0.294168,0.201631,-0.247242
0.289852,0.200060,-0.250836
0.289728,0.200973,-0.250752
0.288971,0.202207,-0.252843
0.287013,0.202648,-0.251548
0.286271,0.203078,-0.253725
0.285815,0.202942,-0.253142
0.284063,0.203422,-0.252295
0.281828,0.204002,-0.253778
0.278409,0.206369,-0.254254
0.276646,0.205829,-0.255427
0.276951,0.207558,-0.254277
0.274081,0.208604,-0.255025
0.274227,0.207824,-0.257212
0.272216,0.209398,-0.257874
0.270815,0.210704,-0.256446
0.269731,0.210580,-0.257818
0.266885,0.211118,-0.258553
0.268014,0.209778,-0.256596
0.266112,0.213025,-0.256042
0.265906,0.214383,-0.257220
0.266063,0.217034,-0.257861
0.261755,0.217325,-0.257083
0.261339,0.218454,-0.257866
0.260936,0.219932,-0.256779
0.260430,0.222642,-0.256438
0.257869,0.220426,-0.256077
0.256477,0.222976,-0.257798
0.256746,0.224128,-0.257966
0.257083,0.227212,-0.256811
0.253937,0.228323,-0.255917
0.253955,0.226964,-0.257057
0.254328,0.229213,-0.256251
0.252099,0.232046,-0.254111
0.251483,0.233443,-0.255542
0.252944,0.234776,-0.254194
0.251952,0.233839,-0.253868
0.250162,0.238074,-0.254849
0.250895,0.237938,-0.253283
0.249088,0.240523,-0.252235
0.250254,0.241089,-0.251254
0.247988,0.243674,-0.250965
0.249417,0.246826,-0.250765
0.247149,0.246568,-0.249388
0.248623,0.246840,-0.248546
0.245521,0.248368,-0.251595
0.242359,0.248905,-0.250901
0.239552,0.248676,-0.253870
0.238263,0.249659,-0.255618
0.236984,0.249429,-0.251340
0.234026,0.249851,-0.253848
0.233460,0.250483,-0.255127
0.230355,0.249737,-0.257733
0.228109,0.250903,-0.257829
0.226669,0.251452,-0.258389
0.225000,0.250464,-0.260158
0.223342,0.250632,-0.261220
0.222704,0.251104,-0.261192
0.219354,0.251729,-0.262565
0.216326,0.252484,-0.264174
0.213862,0.252440,-0.263790
0.212644,0.254645,-0.265098
0.211707,0.255690,-0.266566
0.208348,0.254288,-0.268593
0.206662,0.254015,-0.267750
0.204484,0.253569,-0.270808
0.202763,0.255488,-0.271031
0.200896,0.253082,-0.271091
0.199178,0.253300,-0.272403
0.196479,0.255509,-0.274726
0.196354,0.254353,-0.274750
0.191984,0.256503,-0.275008
0.190967,0.254973,-0.278132
0.189555,0.256417,-0.277671
0.187448,0.257017,-0.277962
0.187452,0.258773,-0.280205
0.184546,0.258083,-0.282112
0.180458,0.260339,-0.283037
0.178236,0.257636,-0.283115
0.178025,0.257459,-0.281899
0.173764,0.258783,-0.284639
0.172507,0.259179,-0.286006
0.170250,0.259483,-0.287960
0.168870,0.258454,-0.287162
0.167796,0.259776,-0.288971
0.164873,0.259896,-0.291061
0.161007,0.261137,-0.292500
0.160057,0.259914,-0.289658
0.159798,0.263941,-0.292711
0.155879,0.260724,-0.295698
0.313238,0.108749,-0.288744
0.313449,0.110726,-0.285902
0.314941,0.113110,-0.288628
0.317320,0.115385,-0.284101
0.316002,0.117828,-0.283945
0.316962,0.120527,-0.281909
0.316260,0.123055,-0.281033
0.315316,0.125058,-0.277633
0.316361,0.125553,-0.276852
0.317238,0.129028,-0.276122
0.315698,0.132389,-0.275793
0.315016,0.135635,-0.272158
0.319022,0.135901,-0.270892
0.316584,0.139096,-0.269506
0.317459,0.142198,-0.268797
0.317653,0.143521,-0.265437
0.319013,0.146583,-0.264674
0.317927,0.149581,-0.265196
0.316909,0.149548,-0.263247
0.318181,0.153555,-0.259468
0.317905,0.155973,-0.258096
0.318596,0.155810,-0.260206
0.319872,0.160209,-0.255035
0.318448,0.163686,-0.255300
0.318575,0.165125,-0.253363
0.320791,0.167766,-0.250866
0.321093,0.168915,-0.250327
0.319676,0.172744,-0.249510
0.319114,0.173431,-0.247720
0.321286,0.174541,-0.244684
0.320925,0.176795,-0.244200
0.322165,0.181527,-0.242861
0.319827,0.181141,-0.241115
0.320210,0.186081,-0.237732
0.319851,0.187543,-0.238598
0.320994,0.189466,-0.238760
0.322016,0.192379,-0.236438
0.321650,0.193112,-0.236091
0.319476,0.197727,-0.235987
0.321373,0.194893,-0.233619
0.318195,0.197875,-0.237217
0.316014,0.195812,-0.236210
0.313423,0.198557,-0.238863
0.314568,0.197912,-0.238288
0.309960,0.196407,-0.238283
0.308144,0.198259,-0.237535
0.306893,0.199826,-0.240607
0.306506,0.199178,-0.242069
0.303747,0.198734,-0.242784
0.301309,0.199484,-0.242034
0.299105,0.199673,-0.244605
0.298929,0.200981,-0.245512
0.295434,0.199095,-0.245788
0.293839,0.199739,-0.246786
0.291815,0.200727,-0.248237
0.289762,0.199622,-0.248025
0.286646,0.200767,-0.249193
0.286845,0.201860,-0.253033
0.284335,0.202072,-0.250764
0.284733,0.203164,-0.251340
0.280118,0.204688,-0.254740
0.281792,0.204692,-0.254382
0.279138,0.204441,-0.254974
0.276997,0.205791,-0.254723
0.275973,0.206433,-0.255583
0.273744,0.206892,-0.253754
0.272752,0.208909,-0.254541
0.270111,0.209452,-0.254806
0.270457,0.209911,-0.254826
0.269035,0.210509,-0.256031
0.268248,0.212254,-0.257470
0.265310,0.213250,-0.256222
0.266278,0.212835,-0.255936
0.262877,0.215070,-0.255466
0.263370,0.213614,-0.254593
0.261614,0.216471,-0.256356
0.260875,0.218440,-0.255900
0.258957,0.217292,-0.255756
0.258986,0.219694,-0.255225
0.258507,0.222745,-0.255152
0.259919,0.223485,-0.254066
0.257576,0.226727,-0.254411
0.257155,0.225241,-0.255794
0.253850,0.226146,-0.253425
0.253237,0.227071,-0.254690
0.253235,0.229292,-0.255085
0.252485,0.229588,-0.253590
0.252743,0.234054,-0.251941
0.250538,0.232107,-0.253396
0.249830,0.234718,-0.252490
0.248999,0.237723,-0.251762
0.249637,0.239353,-0.251519
0.248868,0.238210,-0.250430
0.246422,0.242544,-0.247903
0.249134,0.242974,-0.247607
0.249222,0.245350,-0.245875
0.245828,0.247953,-0.248651
0.247400,0.245490,-0.247300
0.243987,0.247193,-0.248612
0.245424,0.249840,-0.248385
0.241733,0.248578,-0.250665
0.239205,0.250228,-0.250357
0.237400,0.249506,-0.250599
0.236761,0.249487,-0.252377
0.235229,0.248893,-0.253712
0.229621,0.251042,-0.254289
0.230082,0.251234,-0.254044
0.226708,0.253184,-0.256915
0.223763,0.251919,-0.256332
0.223266,0.250717,-0.257762
0.222156,0.250890,-0.260892
0.220279,0.251642,-0.259650
0.218145,0.254805,-0.262357
0.214275,0.251644,-0.261784
0.213625,0.253749,-0.263421
0.211294,0.253141,-0.263735
0.211249,0.252984,-0.265444
0.208420,0.255686,-0.266310
0.207458,0.253289,-0.267806
0.203124,0.253319,-0.268501
0.200818,0.254642,-0.268285
0.199808,0.257392,-0.270547
0.197326,0.257491,-0.268868
0.197262,0.257408,-0.272169
0.194463,0.257393,-0.273600
0.191902,0.258437,-0.275608
0.189603,0.258562,-0.275992
0.188662,0.256655,-0.276807
0.184117,0.258255,-0.277366
0.184092,0.256820,-0.277179
0.180899,0.259421,-0.279494
0.179558,0.256476,-0.280975
0.175630,0.259662,-0.279744
0.176763,0.260514,-0.282656
0.173663,0.258926,-0.284115
0.172050,0.260310,-0.283639
0.168588,0.258915,-0.284546
0.168001,0.259694,-0.286090
0.165653,0.261511,-0.289672
0.163520,0.262053,-0.289470
0.162513,0.262003,-0.289410
0.159524,0.260731,-0.291646
0.158010,0.262073,-0.293138
0.155243,0.262803,-0.293152
0.314327,0.105825,-0.288381
0.313418,0.107765,-0.289431
0.314538,0.111580,-0.287355
0.314292,0.111686,-0.282385
0.314110,0.113466,-0.282856
0.316829,0.117322,-0.281555
0.315444,0.118932,-0.278256
0.316208,0.122271,-0.277278
0.317951,0.124106,-0.275938
0.315329,0.126378,-0.275930
0.316504,0.129828,-0.274814
0.316981,0.133272,-0.272332
0.317127,0.133730,-0.270944
0.317473,0.135293,-0.268808
0.316469,0.137257,-0.266754
0.316212,0.140591,-0.266625
0.318037,0.142846,-0.265024
0.316043,0.146113,-0.261498
0.316066,0.148325,-0.260266
0.318369,0.150310,-0.261674
0.318974,0.152985,-0.258420
0.318034,0.154565,-0.256451
0.318843,0.157849,-0.256097
0.319465,0.158956,-0.254356
0.320030,0.162716,-0.252349
0.320191,0.165179,-0.252440
0.319459,0.167020,-0.248907
0.318225,0.171030,-0.248152
0.319832,0.171028,-0.247111
0.320550,0.174144,-0.246852
0.320239,0.177009,-0.243081
0.320404,0.176292,-0.242907
0.320672,0.179983,-0.239394
0.319886,0.181871,-0.239914
0.317675,0.185607,-0.239634
0.320915,0.187168,-0.236841
0.322146,0.189750,-0.234406
0.320746,0.190894,-0.234644
0.321274,0.193669,-0.230367
0.319593,0.193573,-0.233176
0.317794,0.195145,-0.232741
0.317785,0.194530,-0.233928
0.315073,0.194668,-0.234300
0.313683,0.194945,-0.235461
0.310213,0.197308,-0.235217
0.309347,0.198911,-0.237558
0.309291,0.197323,-0.237829
0.306049,0.197157,-0.239439
0.305108,0.198895,-0.240140
0.303332,0.197450,-0.241594
0.301661,0.199984,-0.241942
0.299110,0.197682,-0.242084
0.297229,0.199947,-0.242513
0.295735,0.198937,-0.242901
0.291101,0.198706,-0.244863
0.290898,0.201121,-0.246119
0.289583,0.200310,-0.245838
0.288972,0.201085,-0.249291
0.286023,0.203132,-0.246097
0.282668,0.202837,-0.248261
0.282459,0.201877,-0.249212
0.280406,0.203582,-0.250954
0.278788,0.203213,-0.251195
0.277653,0.202288,-0.252036
0.276198,0.205002,-0.252289
0.274771,0.205167,-0.251828
0.271831,0.205812,-0.253400
0.272556,0.208116,-0.252986
0.270954,0.207928,-0.253451
0.270087,0.207994,-0.254823
0.269935,0.210020,-0.254617
0.267348,0.212307,-0.254637
0.265125,0.211934,-0.254928
0.266111,0.213224,-0.253569
0.262479,0.214519,-0.255802
0.263599,0.215414,-0.254630
0.261081,0.216887,-0.254248
0.261827,0.217245,-0.254435
0.258963,0.217987,-0.253560
0.257255,0.221319,-0.253670
0.258460,0.222228,-0.253809
0.257181,0.223461,-0.253186
0.255240,0.222527,-0.252900
0.253585,0.224055,-0.251954
0.252906,0.225968,-0.251682
0.254485,0.228246,-0.254240
0.253451,0.228094,-0.253317
0.252705,0.230817,-0.251410
0.252875,0.232934,-0.252615
0.251166,0.232420,-0.250918
0.251553,0.233930,-0.250033
0.249111,0.236056,-0.252416
0.248728,0.237791,-0.248577
0.250399,0.239631,-0.249000
0.246684,0.239372,-0.250087
0.249532,0.241014,-0.247198
0.246117,0.245880,-0.247272
0.244285,0.247808,-0.245706
0.246659,0.250609,-0.245259
0.246035,0.251069,-0.244840
0.244758,0.249356,-0.245502
0.241218,0.247941,-0.245898
0.239682,0.249180,-0.246608
0.236741,0.248737,-0.248961
0.235744,0.250349,-0.250942
0.234374,0.250075,-0.250904
0.232753,0.253260,-0.251047
0.229400,0.251370,-0.253751
0.227299,0.251553,-0.253752
0.225472,0.252603,-0.255297
0.225442,0.252657,-0.254828
0.223251,0.252105,-0.256916
0.219722,0.253572,-0.256284
0.217436,0.252674,-0.257543
0.217092,0.252852,-0.259736
0.214568,0.253637,-0.259877
0.211742,0.253566,-0.261024
0.211255,0.255728,-0.263174
0.208621,0.254096,-0.260626
0.207285,0.255022,-0.264250
0.204475,0.255965,-0.265043
0.203240,0.254129,-0.266258
0.200317,0.255247,-0.267948
0.198634,0.256280,-0.269042
0.196762,0.256145,-0.268724
0.196837,0.255520,-0.269773
0.192595,0.257692,-0.270915
0.189932,0.257744,-0.270836
0.188620,0.257822,-0.273267
0.185438,0.258963,-0.273884
0.183978,0.259269,-0.274647
0.184358,0.258885,-0.276112
0.178863,0.260161,-0.276859
0.180713,0.258948,-0.278175
0.175617,0.257939,-0.279985
0.172891,0.261490,-0.281664
0.171777,0.261880,-0.282179
0.171321,0.260345,-0.280814
0.167420,0.261247,-0.284367
0.165198,0.260497,-0.284905
0.163546,0.261731,-0.285273
0.161633,0.260855,-0.284890
0.159423,0.263390,-0.288407
0.156530,0.263214,-0.290598
0.156398,0.263871,-0.288215
0.314882,0.102393,-0.290077
0.315314,0.104317,-0.287734
0.314085,0.107635,-0.284870
0.316610,0.108761,-0.283849
0.316249,0.112253,-0.282784
0.311683,0.114282,-0.280083
0.314754,0.116366,-0.279607
0.313715,0.118272,-0.277848
0.316547,0.121585,-0.276268
0.315718,0.123412,-0.276721
0.315972,0.127031,-0.273954
0.314522,0.125511,-0.271367
0.314768,0.131782,-0.269305
0.315189,0.132778,-0.268428
0.316307,0.134045,-0.267313
0.316453,0.137550,-0.266075
0.316808,0.142375,-0.266210
0.316354,0.143369,-0.262361
0.318388,0.146290,-0.262472
0.317530,0.147481,-0.260999
0.317881,0.150317,-0.258953
0.316546,0.152840,-0.255987
0.318184,0.153737,-0.254223
0.318114,0.156539,-0.254053
0.318448,0.159589,-0.251424
0.318122,0.159957,-0.250456
0.317728,0.162372,-0.250318
0.320583,0.166772,-0.249481
0.319025,0.167922,-0.246654
0.319537,0.169706,-0.245135
0.320002,0.173401,-0.242872
0.320109,0.175446,-0.241739
0.320909,0.176274,-0.240296
0.320629,0.177381,-0.239153
0.320972,0.181199,-0.237282
0.320349,0.185117,-0.236628
0.320011,0.185268,-0.234544
0.322853,0.190035,-0.235617
0.321563,0.190894,-0.231503
0.320752,0.192759,-0.229307
0.318967,0.194744,-0.232000
0.316613,0.192261,-0.232612
0.315030,0.194027,-0.232342
0.314264,0.193633,-0.235374
0.313141,0.195367,-0.234582
0.310811,0.195719,-0.235841
0.309270,0.196136,-0.234900
0.307137,0.197572,-0.237131
0.306547,0.196346,-0.237729
0.303815,0.196836,-0.238153
0.302267,0.199395,-0.240484
0.297236,0.198871,-0.239027
0.298677,0.197989,-0.238982
0.295607,0.199897,-0.243123
0.292776,0.200208,-0.243018
0.294213,0.200309,-0.244288
0.292729,0.199439,-0.244162
0.289401,0.198233,-0.245443
0.287637,0.201349,-0.247571
0.284725,0.201385,-0.248651
0.282964,0.202746,-0.247466
0.283990,0.203387,-0.249849
0.280594,0.203128,-0.248449
0.278025,0.205440,-0.250825
0.277101,0.203894,-0.249280
0.275590,0.204534,-0.249390
0.273425,0.205685,-0.250964
0.272156,0.207590,-0.250917
0.272482,0.207890,-0.252453
0.269438,0.208099,-0.251918
0.269387,0.210057,-0.251893
0.268197,0.210787,-0.252043
0.267009,0.210869,-0.251849
0.266188,0.210420,-0.251681
0.264927,0.214419,-0.251338
0.263815,0.215400,-0.252349
0.263049,0.215615,-0.251469
0.260457,0.216400,-0.251674
0.260190,0.215956,-0.252597
0.257794,0.219110,-0.252544
0.258976,0.219402,-0.252481
0.257736,0.222042,-0.253735
0.256110,0.220755,-0.251930
0.252925,0.224360,-0.252534
0.253905,0.226518,-0.251878
0.254542,0.225751,-0.251841
0.254961,0.228509,-0.251558
0.253221,0.228443,-0.250659
0.251991,0.227980,-0.250164
0.250718,0.231509,-0.250009
0.250675,0.233084,-0.251045
0.249902,0.233112,-0.247264
0.246654,0.235102,-0.248649
0.245862,0.234753,-0.249001
0.246579,0.238561,-0.246771
0.246528,0.239020,-0.246853
0.246498,0.243490,-0.246628
0.246431,0.243751,-0.243567
0.247410,0.244693,-0.243837
0.245832,0.248160,-0.243471
0.246213,0.248212,-0.242813
0.244604,0.250965,-0.243472
0.241853,0.249227,-0.241689
0.237663,0.250942,-0.243652
0.239246,0.250643,-0.245482
0.236193,0.251706,-0.246587
0.234522,0.250020,-0.247332
0.233133,0.252163,-0.247271
0.229771,0.251584,-0.250059
0.229074,0.252166,-0.248322
0.227011,0.252481,-0.251691
0.224497,0.252965,-0.251553
0.221796,0.253171,-0.253371
0.222043,0.253577,-0.252360
0.218672,0.255102,-0.256928
0.215492,0.255075,-0.257069
0.215402,0.253762,-0.257291
0.214291,0.255293,-0.257839
0.210388,0.254199,-0.258016
0.209367,0.256677,-0.261097
0.207731,0.254281,-0.261635
0.206054,0.256122,-0.262935
0.202919,0.256900,-0.263251
0.199693,0.256037,-0.264934
0.197732,0.255008,-0.266072
0.197165,0.258245,-0.267075
0.194444,0.257532,-0.267398
0.193588,0.256065,-0.267944
0.191951,0.256685,-0.270235
0.188088,0.257744,-0.271376
0.187211,0.260487,-0.271809
0.185628,0.258295,-0.271569
0.182141,0.260680,-0.274220
0.182211,0.260380,-0.274483
0.179478,0.259150,-0.275517
0.177608,0.260457,-0.277293
0.174460,0.261366,-0.276631
0.171560,0.262176,-0.277953
0.172573,0.261874,-0.279777
0.170042,0.262113,-0.280792
0.165392,0.260884,-0.284085
0.163782,0.260409,-0.283179
0.161335,0.261377,-0.284984
0.160091,0.264045,-0.283518
0.158529,0.265248,-0.284693
0.157094,0.262835,-0.286348
0.156828,0.264130,-0.286928
0.313517,0.100970,-0.289796
0.311023,0.100668,-0.287632
0.314074,0.105635,-0.287325
0.312997,0.105888,-0.282889
0.314480,0.109364,-0.283176
0.313177,0.110610,-0.281673
0.314692,0.115142,-0.277905
0.314666,0.116384,-0.277929
0.314290,0.117433,-0.276798
0.316247,0.122241,-0.275078
0.315348,0.123463,-0.273336
0.313851,0.125744,-0.271855
0.314606,0.129216,-0.269566
0.315546,0.129438,-0.269345
0.313371,0.134185,-0.266894
0.316365,0.135059,-0.265098
0.316620,0.137556,-0.263764
0.315404,0.138883,-0.263442
0.318476,0.142217,-0.260479
0.314886,0.145266,-0.260649
0.316473,0.146554,-0.256528
0.317223,0.149671,-0.254991
0.317482,0.152067,-0.255822
0.317953,0.154731,-0.254197
0.318266,0.156492,-0.251428
0.316748,0.156607,-0.250009
0.316493,0.160048,-0.248650
0.317113,0.162486,-0.246275
0.318146,0.166645,-0.244942
0.319679,0.166659,-0.243881
0.317107,0.169663,-0.243815
0.319758,0.174052,-0.241291
0.319216,0.171593,-0.240752
0.320700,0.177082,-0.239573
0.317522,0.182105,-0.240010
0.320834,0.181019,-0.235983
0.319867,0.183776,-0.234760
0.320575,0.184744,-0.234119
0.321870,0.188630,-0.231627
0.322227,0.189319,-0.229870
0.319448,0.192702,-0.230758
0.316911,0.192316,-0.230413
0.317330,0.192739,-0.231416
0.314939,0.191491,-0.230709
0.313397,0.193468,-0.231622
0.313080,0.195688,-0.233276
0.311618,0.194635,-0.232332
0.308655,0.194937,-0.235415
0.307861,0.197034,-0.235429
0.303822,0.196499,-0.237214
0.304501,0.197422,-0.237668
0.300630,0.197588,-0.238845
0.298563,0.198049,-0.238277
0.298141,0.199108,-0.238743
0.295554,0.199007,-0.240263
0.293932,0.198281,-0.240358
0.290149,0.198433,-0.243221
0.291642,0.199930,-0.242696
0.289747,0.199997,-0.243915
0.289189,0.199289,-0.244257
0.285231,0.200453,-0.244961
0.283423,0.200363,-0.245115
0.283268,0.203240,-0.246407
0.281264,0.202905,-0.247947
0.279273,0.202973,-0.248202
0.277722,0.203866,-0.249900
0.275870,0.204687,-0.248995
0.272783,0.204619,-0.248480
0.272586,0.206740,-0.249108
0.272368,0.207185,-0.250381
0.269445,0.208045,-0.252750
0.269460,0.210126,-0.249099
0.268978,0.208489,-0.248538
0.267547,0.210939,-0.251652
0.265723,0.211193,-0.249891
0.262564,0.213201,-0.250434
0.263525,0.213762,-0.249575
0.261048,0.214657,-0.249826
0.260035,0.216666,-0.249415
0.261823,0.216887,-0.250941
0.260311,0.217394,-0.249962
0.258155,0.218486,-0.250209
0.256998,0.221142,-0.249358
0.254425,0.221390,-0.250055
0.252233,0.223148,-0.250361
0.254552,0.222292,-0.249032
0.252537,0.225122,-0.249154
0.252435,0.228995,-0.248233
0.249250,0.229079,-0.249438
0.250642,0.230024,-0.250576
0.250647,0.230053,-0.247708
0.248223,0.231097,-0.248592
0.247346,0.233850,-0.247067
0.247796,0.234761,-0.247521
0.245193,0.237026,-0.246160
0.247172,0.237198,-0.246028
0.244971,0.239954,-0.246737
0.244750,0.241054,-0.246776
0.245919,0.242818,-0.242515
0.245977,0.243670,-0.240749
0.244719,0.246562,-0.242180
0.246184,0.247921,-0.240378
0.244567,0.250413,-0.239896
0.242528,0.249653,-0.242342
0.240760,0.251515,-0.242054
0.240407,0.251896,-0.241248
0.235921,0.249701,-0.241818
0.237118,0.250883,-0.244886
0.234306,0.250137,-0.245004
0.234298,0.252955,-0.247304
0.230031,0.252635,-0.248257
0.228338,0.254259,-0.249734
0.225838,0.252913,-0.249176
0.223466,0.253446,-0.250514
0.221261,0.255563,-0.252580
0.219695,0.253391,-0.252231
0.217550,0.253016,-0.251166
0.213776,0.253328,-0.255085
0.213535,0.253819,-0.255374
0.211766,0.254794,-0.257205
0.211337,0.257278,-0.258114
0.207259,0.255886,-0.257667
0.203921,0.257594,-0.257775
0.203909,0.257086,-0.260350
0.202461,0.257908,-0.262982
0.199964,0.256367,-0.262542
0.197763,0.256849,-0.263403
0.194747,0.259216,-0.265441
0.194240,0.259912,-0.267151
0.190690,0.259143,-0.266078
0.188759,0.259623,-0.266984
0.186350,0.259504,-0.269096
0.185334,0.258366,-0.269021
0.182034,0.260685,-0.270781
0.182296,0.260608,-0.271596
0.179792,0.262153,-0.272095
0.175764,0.260386,-0.272496
0.175030,0.261682,-0.274449
0.173546,0.260758,-0.275670
0.172216,0.262457,-0.275802
0.169636,0.261639,-0.276840
0.167415,0.261685,-0.278332
0.166485,0.262718,-0.280020
0.162822,0.261875,-0.280043
0.163125,0.264867,-0.281985
0.157438,0.262678,-0.283180
0.158512,0.265119,-0.285574
0.154064,0.265586,-0.283921
0.312373,0.098556,-0.287774
0.311290,0.101831,-0.284530
0.313866,0.103756,-0.284671
0.312258,0.106433,-0.281202
0.312044,0.108673,-0.279977
0.313626,0.110718,-0.280297
0.314025,0.111107,-0.280096
0.313326,0.115550,-0.273931
0.314336,0.119457,-0.273839
0.314114,0.122057,-0.274361
0.314076,0.123482,-0.272038
0.313474,0.125443,-0.270414
0.315877,0.126182,-0.266943
0.315286,0.128391,-0.266309
0.314545,0.131926,-0.265772
0.315528,0.135976,-0.264038
0.315761,0.138403,-0.260956
0.315228,0.141496,-0.260302
0.317060,0.142968,-0.258604
0.317104,0.144254,-0.256750
0.315889,0.146089,-0.256155
0.317175,0.150704,-0.255738
0.317057,0.153548,-0.254876
0.315914,0.151624,-0.252933
0.317622,0.157070,-0.251120
0.318431,0.157894,-0.248488
0.317599,0.159128,-0.247258
0.317597,0.162826,-0.245584
0.319710,0.164683,-0.245807
0.318532,0.166097,-0.242591
0.317777,0.168479,-0.241841
0.317925,0.173425,-0.240814
0.317716,0.173236,-0.238514
0.319043,0.176208,-0.235324
0.319916,0.179425,-0.236671
0.319735,0.179870,-0.234825
0.319226,0.182992,-0.232606
0.320626,0.187116,-0.233367
0.319666,0.188648,-0.231557
0.320800,0.190876,-0.227138
0.318683,0.191081,-0.228314
0.316531,0.190501,-0.229306
0.314436,0.191404,-0.229449
0.312501,0.192397,-0.229504
0.311986,0.191785,-0.231500
0.310727,0.192351,-0.230504
0.313267,0.194367,-0.233584
0.308784,0.193876,-0.235118
0.304690,0.195490,-0.233968
0.305155,0.194932,-0.235839
0.301157,0.197101,-0.235799
0.301784,0.195368,-0.236110
0.299230,0.195265,-0.237320
0.295887,0.197326,-0.236587
0.295020,0.198584,-0.239179
0.294647,0.197971,-0.239855
0.291349,0.199913,-0.240684
0.291240,0.200084,-0.241194
0.287774,0.199891,-0.243192
0.286570,0.199351,-0.242361
0.285012,0.199359,-0.243582
0.283469,0.198943,-0.240344
0.281243,0.202213,-0.244278
0.280679,0.201776,-0.243646
0.277390,0.202342,-0.246975
0.276243,0.203089,-0.245795
0.275049,0.205961,-0.248268
0.274842,0.205275,-0.247710
0.274502,0.205857,-0.248668
0.272004,0.204382,-0.247486
0.268028,0.207237,-0.248558
0.266848,0.207880,-0.247054
0.267400,0.208709,-0.250785
0.266018,0.208438,-0.248684
0.265653,0.209380,-0.250627
0.263792,0.212341,-0.249728
0.262387,0.214031,-0.249064
0.262722,0.213293,-0.249527
0.261546,0.215745,-0.248539
0.259877,0.216463,-0.250105
0.256870,0.218228,-0.247946
0.257287,0.218623,-0.250671
0.256249,0.220490,-0.249516
0.255114,0.219558,-0.248510
0.254817,0.224084,-0.247765
0.254229,0.221437,-0.247505
0.253651,0.224747,-0.249648
0.251698,0.224869,-0.247212
0.251481,0.229271,-0.247483
0.249500,0.228999,-0.246500
0.248162,0.228672,-0.246872
0.250653,0.232014,-0.246432
0.247268,0.232407,-0.245195
0.248370,0.234655,-0.243675
0.245684,0.235282,-0.243969
0.246038,0.235105,-0.245097
0.245616,0.237067,-0.243418
0.245181,0.242160,-0.243900
0.247609,0.242858,-0.240905
0.243949,0.244039,-0.239842
0.243324,0.245952,-0.239869
0.244473,0.247200,-0.238614
0.244355,0.248558,-0.239724
0.242818,0.250882,-0.238651
0.241789,0.249805,-0.239725
0.239972,0.252132,-0.240177
0.236181,0.253282,-0.239986
0.235107,0.252541,-0.242252
0.233630,0.252241,-0.241411
0.230916,0.251855,-0.245661
0.230835,0.252855,-0.243355
0.227322,0.252315,-0.247525
0.226920,0.253611,-0.246867
0.222693,0.251852,-0.246375
0.221658,0.253247,-0.249881
0.219488,0.256548,-0.249467
0.218242,0.252774,-0.252080
0.215107,0.255704,-0.252215
0.214010,0.254783,-0.254494
0.213716,0.254768,-0.253265
0.209293,0.256436,-0.255289
0.207610,0.253580,-0.253722
0.206928,0.257360,-0.256691
0.203467,0.258208,-0.257078
0.203513,0.256196,-0.259954
0.198050,0.257925,-0.261314
0.198581,0.255735,-0.260148
0.196065,0.258419,-0.262265
0.194956,0.257782,-0.261500
0.191900,0.259555,-0.263395
0.189147,0.258572,-0.263702
0.187862,0.260329,-0.265790
0.187896,0.260026,-0.267598
0.183011,0.259286,-0.268390
0.183034,0.261622,-0.270337
0.179677,0.261697,-0.270261
0.179202,0.261422,-0.270774
0.176489,0.260266,-0.271531
0.174559,0.260085,-0.272367
0.172658,0.263370,-0.274796
0.170581,0.262517,-0.274503
0.167871,0.262674,-0.276535
0.166033,0.264075,-0.278217
0.164145,0.263174,-0.277269
0.162121,0.264027,-0.278368
0.159861,0.263002,-0.278287
0.157345,0.263569,-0.281776
0.156061,0.263738,-0.283621
0.154479,0.264887,-0.283164
0.311544,0.096836,-0.287257
0.312878,0.097029,-0.284791
0.313166,0.100942,-0.283730
0.312508,0.104011,-0.281769
0.313111,0.107574,-0.279636
0.314690,0.108517,-0.280685
0.312546,0.112100,-0.275542
0.313257,0.110078,-0.273889
0.313257,0.115574,-0.275925
0.312563,0.117372,-0.273419
0.313351,0.121654,-0.272305
0.313634,0.120789,-0.269508
0.313999,0.125242,-0.269772
0.315885,0.126641,-0.266921
0.313113,0.129888,-0.266412
0.315824,0.130648,-0.263559
0.314559,0.134210,-0.261871
0.314311,0.136651,-0.260028
0.315567,0.138455,-0.257299
0.317577,0.140916,-0.257457
0.316247,0.143081,-0.255906
0.316833,0.147127,-0.255413
0.315894,0.147902,-0.253103
0.318101,0.151640,-0.251052
0.316511,0.152726,-0.250287
0.317284,0.156072,-0.249168
0.317477,0.156813,-0.247722
0.317320,0.158443,-0.244765
0.319041,0.163986,-0.245151
0.317129,0.164137,-0.242317
0.317984,0.165795,-0.243339
0.320351,0.169351,-0.241195
0.317616,0.171743,-0.237462
0.317501,0.173366,-0.238661
0.319062,0.175770,-0.236108
0.320187,0.178094,-0.235090
0.318825,0.179502,-0.233465
0.319730,0.181809,-0.232355
0.321611,0.186994,-0.231156
0.318847,0.187794,-0.227715
0.320123,0.187800,-0.227128
0.318105,0.190217,-0.226898
0.314798,0.191081,-0.226523
0.314404,0.190408,-0.229242
0.314214,0.188785,-0.229524
0.313058,0.192056,-0.230329
0.308123,0.193232,-0.230353
0.309604,0.192628,-0.233678
0.307320,0.195406,-0.230301
0.304233,0.195360,-0.232140
0.303229,0.195455,-0.233932
0.300944,0.195341,-0.234394
0.298700,0.196690,-0.233657
0.296760,0.196314,-0.236799
0.296488,0.196915,-0.235922
0.294923,0.196642,-0.237187
0.292470,0.197611,-0.238889
0.291187,0.197007,-0.240316
0.287948,0.197365,-0.239872
0.286947,0.198203,-0.240803
0.284112,0.198111,-0.240806
0.287115,0.201633,-0.240722
0.283889,0.199498,-0.244123
0.280451,0.201494,-0.243616
0.277809,0.201440,-0.244304
0.277271,0.203406,-0.245953
0.276599,0.202411,-0.243480
0.275082,0.202472,-0.246565
0.273015,0.202818,-0.244792
0.270644,0.205086,-0.246430
0.270238,0.206836,-0.245667
0.269286,0.206942,-0.246747
0.267809,0.206564,-0.247432
0.267420,0.208653,-0.245627
0.264290,0.208434,-0.248192
0.263894,0.211041,-0.246443
0.262181,0.211505,-0.247678
0.260893,0.211411,-0.247862
0.260914,0.213978,-0.247302
0.259001,0.214257,-0.247360
0.260906,0.216310,-0.248894
0.257142,0.216901,-0.246990
0.255963,0.217597,-0.246713
0.254817,0.217353,-0.248750
0.254459,0.220119,-0.247655
0.254619,0.222518,-0.246953
0.252683,0.223835,-0.247335
0.253122,0.224388,-0.246755
0.251515,0.225213,-0.247339
0.251603,0.227196,-0.246258
0.249697,0.229454,-0.245972
0.248046,0.230337,-0.244285
0.248208,0.231476,-0.246482
0.246169,0.232315,-0.244858
0.245295,0.233739,-0.244076
0.246183,0.236703,-0.244600
0.245842,0.235429,-0.242771
0.244874,0.239339,-0.241280
0.244773,0.239231,-0.240831
0.242844,0.240760,-0.242198
0.244263,0.243937,-0.237007
0.244833,0.243779,-0.239619
0.243726,0.246426,-0.238431
0.242347,0.248122,-0.237527
0.243389,0.249135,-0.236372
0.240669,0.251754,-0.237821
0.240643,0.251014,-0.237380
0.239115,0.251457,-0.240303
0.237553,0.251667,-0.239180
0.232452,0.253936,-0.239506
0.231988,0.251359,-0.239713
0.229391,0.252564,-0.240187
0.228968,0.252296,-0.242691
0.225085,0.254121,-0.245431
0.224224,0.255955,-0.245461
0.220835,0.252653,-0.245829
0.221436,0.254899,-0.249154
0.218538,0.253443,-0.248196
0.216895,0.256986,-0.247390
0.213513,0.256717,-0.248617
0.212156,0.257084,-0.250252
0.209082,0.256862,-0.252210
0.207270,0.255788,-0.252990
0.207137,0.256815,-0.253883
0.205189,0.258725,-0.255960
0.203125,0.257552,-0.255044
0.199907,0.258413,-0.257522
0.196846,0.256917,-0.257314
0.196833,0.259350,-0.259217
0.195115,0.261259,-0.259937
0.192350,0.259451,-0.260197
0.188499,0.258694,-0.261952
0.187573,0.259077,-0.264020
0.184903,0.261318,-0.263672
0.184791,0.259570,-0.264863
0.182981,0.260628,-0.266579
0.180379,0.261903,-0.267503
0.178127,0.263064,-0.268413
0.176215,0.261188,-0.268995
0.176827,0.260235,-0.269147
0.171785,0.262667,-0.271781
0.171062,0.262577,-0.271876
0.168603,0.262656,-0.274422
0.164111,0.261101,-0.273398
0.164845,0.263170,-0.275021
0.161731,0.263623,-0.276098
0.161335,0.265408,-0.278492
0.160033,0.264782,-0.276490
0.155534,0.263546,-0.277288
0.153736,0.264652,-0.279539
0.311658,0.094269,-0.287139
0.309978,0.097453,-0.286270
0.311510,0.097859,-0.283520
0.313461,0.100112,-0.281188
0.311730,0.103987,-0.281998
0.311370,0.107564,-0.279628
0.313789,0.105512,-0.277563
0.314892,0.110963,-0.275356
0.315186,0.113869,-0.274844
0.311857,0.115283,-0.272477
0.312682,0.117180,-0.269701
0.313691,0.121491,-0.270208
0.313055,0.121550,-0.267723
0.313347,0.125019,-0.268797
0.314205,0.125881,-0.266354
0.315273,0.130087,-0.261768
0.315263,0.132591,-0.263982
0.314652,0.133978,-0.259996
0.313343,0.135640,-0.259680
0.315586,0.139746,-0.259554
0.315862,0.142014,-0.256519
0.315382,0.141975,-0.257175
0.316760,0.144530,-0.251593
0.314581,0.147510,-0.249171
0.315863,0.152442,-0.251387
0.317922,0.152578,-0.250018
0.317233,0.154989,-0.247733
0.316336,0.157781,-0.246629
0.317186,0.160972,-0.242474
0.317707,0.162910,-0.242864
0.317005,0.163021,-0.240753
0.317704,0.167756,-0.239773
0.318271,0.170813,-0.238957
0.317479,0.169643,-0.236904
0.316398,0.176578,-0.236676
0.318402,0.176435,-0.234163
0.318006,0.178234,-0.232541
0.319477,0.179511,-0.231506
0.318146,0.180385,-0.230014
0.319476,0.185550,-0.226923
0.320900,0.186197,-0.225718
0.320921,0.190222,-0.225375
0.317693,0.189215,-0.228353
0.315985,0.188979,-0.227434
0.313947,0.190280,-0.227423
0.311399,0.193002,-0.229629
0.311020,0.190953,-0.228311
0.309858,0.191594,-0.229214
0.307836,0.193082,-0.228550
0.305667,0.192901,-0.230939
0.302883,0.193210,-0.230343
0.302209,0.194079,-0.231886
0.301203,0.193982,-0.230749
0.299257,0.195157,-0.233325
0.298525,0.194727,-0.233568
0.295648,0.195884,-0.236801
0.293412,0.196829,-0.233451
0.291241,0.196285,-0.237796
0.288899,0.198249,-0.238218
0.288911,0.197886,-0.238044
0.286505,0.198286,-0.239214
0.284864,0.198400,-0.241850
0.284411,0.196926,-0.240222
0.281125,0.199074,-0.239677
0.278802,0.199449,-0.241727
0.278452,0.200726,-0.241821
0.276758,0.201730,-0.241808
0.276933,0.201480,-0.243301
0.274839,0.202120,-0.245419
0.273333,0.203423,-0.245608
0.271508,0.206209,-0.243543
0.270439,0.206533,-0.245939
0.268654,0.205636,-0.244111
0.267936,0.208764,-0.243833
0.268081,0.208507,-0.246139
0.265336,0.209373,-0.244425
0.263491,0.208887,-0.247465
0.263247,0.210763,-0.245829
0.260420,0.212318,-0.245986
0.260244,0.213584,-0.245309
0.259583,0.213326,-0.247401
0.258807,0.216023,-0.244749
0.256600,0.216265,-0.245659
0.255119,0.216582,-0.245856
0.254618,0.217820,-0.245093
0.254669,0.220715,-0.244857
0.252894,0.220441,-0.243886
0.253017,0.221223,-0.244098
0.251047,0.225007,-0.245510
0.250677,0.224064,-0.245142
0.248799,0.226862,-0.243587
0.249002,0.228031,-0.244390
0.247930,0.227038,-0.242311
0.249000,0.229953,-0.244148
0.246322,0.230575,-0.241871
0.247743,0.231596,-0.241281
0.246120,0.233591,-0.242316
0.246518,0.235960,-0.242235
0.244202,0.236880,-0.240687
0.244342,0.238849,-0.238908
0.243051,0.239738,-0.238056
0.243466,0.240034,-0.238181
0.242313,0.244681,-0.237942
0.242901,0.243731,-0.238026
0.241249,0.246508,-0.236099
0.242294,0.249394,-0.235733
0.242933,0.251341,-0.236524
0.241482,0.251580,-0.233467
0.237339,0.251132,-0.234805
0.237012,0.252138,-0.235161
0.234719,0.252985,-0.237851
0.234557,0.252972,-0.238433
0.228132,0.253201,-0.238038
0.227637,0.252093,-0.240940
0.226925,0.254930,-0.240145
0.226318,0.254602,-0.241816
0.221884,0.255878,-0.243324
0.221981,0.256049,-0.244859
0.218189,0.258127,-0.245197
0.217899,0.257107,-0.247407
0.214878,0.256218,-0.246027
0.213134,0.257770,-0.248712
0.209805,0.257795,-0.250013
0.210752,0.258876,-0.249136
0.208498,0.257269,-0.250123
0.205531,0.258124,-0.252066
0.202211,0.259106,-0.252290
0.200111,0.258284,-0.253544
0.197743,0.257589,-0.256617
0.198480,0.259490,-0.255494
0.194191,0.259818,-0.257337
0.192792,0.259286,-0.256398
0.191367,0.259878,-0.260687
0.190418,0.260048,-0.261722
0.187503,0.259534,-0.259475
0.185790,0.261479,-0.263175
0.181512,0.261360,-0.261896
0.182490,0.261331,-0.262174
0.180064,0.261586,-0.265522
0.177164,0.263006,-0.265931
0.175298,0.261368,-0.265530
0.173149,0.262156,-0.269467
0.170922,0.264646,-0.269487
0.170329,0.263610,-0.270780
0.166888,0.264911,-0.273505
0.165543,0.263863,-0.272873
0.161863,0.263818,-0.272222
0.160911,0.264299,-0.274662
0.157409,0.265758,-0.275301
0.156730,0.266056,-0.275688
0.155598,0.264477,-0.276898
0.152728,0.265051,-0.277814
0.311297,0.089122,-0.287285
0.310538,0.093504,-0.285090
0.309664,0.094242,-0.282853
0.311871,0.098793,-0.282153
0.312190,0.101562,-0.280930
0.311751,0.102937,-0.278934
0.311124,0.104362,-0.279053
0.313853,0.106514,-0.274626
0.311956,0.109418,-0.273380
0.312114,0.110297,-0.271544
0.313843,0.116091,-0.270099
0.312023,0.116011,-0.268334
0.312533,0.118574,-0.267472
0.313420,0.122201,-0.266428
0.313234,0.125271,-0.263125
0.313780,0.125172,-0.263722
0.313258,0.127296,-0.263168
0.314005,0.130419,-0.260113
0.315189,0.132983,-0.257098
0.314191,0.135224,-0.257884
0.315463,0.138036,-0.254503
0.316243,0.141587,-0.254818
0.315624,0.145326,-0.252269
0.316684,0.144669,-0.251367
0.316440,0.146674,-0.250572
0.315164,0.150143,-0.247536
0.315624,0.152363,-0.248760
0.315165,0.154100,-0.245104
0.317169,0.156028,-0.245924
0.316449,0.158420,-0.239865
0.317900,0.160577,-0.240949
0.317464,0.162425,-0.239677
0.317919,0.166462,-0.237807
0.315083,0.167575,-0.236277
0.318492,0.170655,-0.236307
0.315866,0.172659,-0.232552
0.319410,0.174516,-0.231232
0.317363,0.179403,-0.230065
0.317872,0.180649,-0.227120
0.320464,0.184776,-0.228065
0.317442,0.184712,-0.226585
0.319201,0.186765,-0.224602
0.317019,0.186698,-0.223236
0.316682,0.189574,-0.224135
0.314723,0.190371,-0.225300
0.314075,0.188727,-0.225911
0.310418,0.189112,-0.225598
0.309191,0.189364,-0.226480
0.309756,0.188755,-0.228244
0.306710,0.189622,-0.228285
0.302710,0.192548,-0.226366
0.301716,0.192344,-0.230176
0.302103,0.193364,-0.231064
0.300817,0.193702,-0.231030
0.299541,0.193669,-0.231166
0.295248,0.194219,-0.230014
0.294467,0.194958,-0.232901
0.292772,0.198307,-0.235618
0.291972,0.195681,-0.235609
0.288417,0.197479,-0.234409
0.287942,0.196071,-0.236862
0.285832,0.196596,-0.235938
0.284097,0.196325,-0.238383
0.284076,0.199868,-0.238758
0.280517,0.200620,-0.238259
0.277569,0.200563,-0.239062
0.277632,0.200886,-0.240222
0.276657,0.201082,-0.242065
0.274808,0.202225,-0.242108
0.273142,0.202535,-0.243163
0.273494,0.202765,-0.241671
0.272597,0.204407,-0.243803
0.268747,0.205236,-0.244268
0.267252,0.207460,-0.242743
0.266444,0.207505,-0.242622
0.266462,0.209281,-0.245224
0.264554,0.210023,-0.243179
0.262730,0.208637,-0.244174
0.261472,0.210496,-0.243235
0.260019,0.209772,-0.244825
0.260492,0.214843,-0.245534
0.257592,0.213005,-0.246630
0.256339,0.215244,-0.243994
0.256800,0.214665,-0.244396
0.255211,0.216651,-0.244355
0.254998,0.217391,-0.245164
0.254589,0.218954,-0.243657
0.253197,0.220189,-0.244018
0.252183,0.220634,-0.243681
0.252528,0.222655,-0.242344
0.250179,0.224576,-0.243275
0.249347,0.225958,-0.243342
0.249590,0.227821,-0.242665
0.249061,0.228061,-0.241641
0.245981,0.228378,-0.242964
0.248182,0.229485,-0.241934
0.245226,0.233743,-0.240300
0.244508,0.232972,-0.242019
0.243806,0.234738,-0.239149
0.245067,0.237848,-0.239638
0.243380,0.238549,-0.236413
0.241873,0.237759,-0.236485
0.243417,0.239845,-0.236639
0.242549,0.243583,-0.235514
0.240944,0.244162,-0.235651
0.240859,0.246676,-0.233912
0.240643,0.248152,-0.233517
0.241500,0.248459,-0.234530
0.239776,0.251819,-0.232092
0.238481,0.251496,-0.233970
0.237678,0.252869,-0.233178
0.234538,0.253329,-0.236239
0.232907,0.252591,-0.236461
0.231505,0.252750,-0.236577
0.230363,0.256517,-0.236878
0.229345,0.254187,-0.239766
0.224769,0.255813,-0.238597
0.223640,0.257069,-0.242484
0.221163,0.254894,-0.241325
0.222657,0.256206,-0.242559
0.217858,0.257666,-0.244275
0.215525,0.255096,-0.243171
0.212066,0.258285,-0.246951
0.210557,0.257503,-0.247453
0.209659,0.258390,-0.247911
0.207000,0.258489,-0.248123
0.206779,0.258347,-0.249224
0.203153,0.259260,-0.251013
0.201757,0.258936,-0.250906
0.201687,0.259284,-0.251498
0.199333,0.258690,-0.253899
0.196561,0.259403,-0.254833
0.193486,0.259530,-0.254927
0.190413,0.259159,-0.254389
0.189499,0.260011,-0.256858
0.185977,0.261811,-0.256838
0.185959,0.261658,-0.259743
0.182403,0.261799,-0.262059
0.180859,0.260300,-0.260222
0.179968,0.263223,-0.260120
0.176303,0.262313,-0.262650
0.175790,0.263689,-0.263257
0.174130,0.263010,-0.267580
0.171343,0.262176,-0.266332
0.169327,0.263470,-0.266989
0.167026,0.263444,-0.267730
0.167632,0.265436,-0.268726
0.162369,0.264616,-0.268341
0.161808,0.265368,-0.271988
0.160049,0.265593,-0.270629
0.157016,0.264618,-0.271391
0.155196,0.265188,-0.273853
0.153355,0.266886,-0.273951
0.120769,0.240500,-0.310550
0.105799,0.232816,-0.320621
0.310835,0.090587,-0.283624
0.312437,0.092553,-0.282846
0.310719,0.093360,-0.280198
0.310819,0.097480,-0.279524
0.311191,0.098366,-0.278087
0.310053,0.102662,-0.276674
0.311968,0.104424,-0.272986
0.313913,0.108680,-0.274955
0.312114,0.110774,-0.272481
0.310891,0.112270,-0.270018
0.311681,0.113224,-0.270516
0.312500,0.116587,-0.267435
0.313412,0.118137,-0.267150
0.312592,0.121254,-0.264045
0.314405,0.124254,-0.264198
0.313475,0.125970,-0.261456
0.313988,0.127905,-0.261492
0.311821,0.129624,-0.259189
0.313623,0.132393,-0.257226
0.313098,0.135208,-0.254441
0.313946,0.136836,-0.253015
0.314403,0.139255,-0.254156
0.315898,0.142107,-0.249756
0.312511,0.147251,-0.251161
0.315784,0.146889,-0.247427
0.316386,0.148994,-0.244463
0.315927,0.150128,-0.245232
0.316669,0.154563,-0.242404
0.313881,0.156405,-0.243129
0.314733,0.159873,-0.240973
0.315192,0.159686,-0.239394
0.317656,0.162979,-0.238625
0.317347,0.166817,-0.236122
0.317868,0.167955,-0.234952
0.315831,0.168528,-0.233595
0.316865,0.171650,-0.231197
0.317005,0.175944,-0.229857
0.316797,0.176122,-0.229122
0.319130,0.181804,-0.228729
0.317473,0.180229,-0.226799
0.319118,0.184059,-0.225525
0.317246,0.186915,-0.223701
0.318070,0.186755,-0.223652
0.315736,0.185477,-0.225539
0.313453,0.187302,-0.225451
0.311170,0.188816,-0.225609
0.310086,0.189768,-0.226088
0.306847,0.190830,-0.224952
0.308055,0.190987,-0.227766
0.305880,0.192433,-0.228918
0.304594,0.190099,-0.228156
0.302520,0.193561,-0.229433
0.302940,0.193676,-0.229505
0.299240,0.192227,-0.229483
0.296333,0.194389,-0.231176
0.296014,0.194671,-0.231156
0.294832,0.195662,-0.232844
0.291821,0.194976,-0.232743
0.290946,0.195037,-0.233160
0.288953,0.195596,-0.234045
0.286597,0.198427,-0.234798
0.286257,0.196629,-0.236401
0.284399,0.199164,-0.238460
0.281606,0.197408,-0.239477
0.281006,0.197743,-0.238248
0.280051,0.197764,-0.239618
0.277861,0.200500,-0.239135
0.276460,0.200092,-0.238558
0.273457,0.200563,-0.239892
0.272258,0.202000,-0.242783
0.272073,0.203504,-0.243176
0.270292,0.203302,-0.240641
0.269815,0.203855,-0.241299
0.267233,0.203796,-0.241998
0.268141,0.205852,-0.242366
0.265178,0.205800,-0.244419
0.264327,0.207675,-0.241372
0.261995,0.208659,-0.240897
0.261345,0.211845,-0.242789
0.261777,0.211399,-0.242626
0.261410,0.211940,-0.243361
0.256908,0.213178,-0.241592
0.257293,0.213764,-0.242837
0.254829,0.213436,-0.242977
0.254099,0.216840,-0.243045
0.254790,0.217142,-0.241381
0.252861,0.217975,-0.243292
0.252708,0.219764,-0.240099
0.251857,0.218718,-0.243212
0.248332,0.223652,-0.242442
0.248534,0.223033,-0.242900
0.250231,0.224448,-0.242511
0.248597,0.225949,-0.242544
0.247474,0.225694,-0.242418
0.244412,0.227952,-0.240454
0.244626,0.228738,-0.240009
0.243658,0.231388,-0.238842
0.243663,0.234147,-0.240544
0.243791,0.234206,-0.237143
0.243123,0.235931,-0.238699
0.242457,0.238444,-0.237285
0.241334,0.238840,-0.237467
0.241782,0.240461,-0.235185
0.241046,0.243220,-0.233809
0.239720,0.244359,-0.236262
0.240782,0.244775,-0.233724
0.239317,0.247708,-0.234353
0.240127,0.248840,-0.232399
0.238143,0.252785,-0.232276
0.239237,0.253462,-0.231052
0.237435,0.255525,-0.230859
0.236555,0.254117,-0.232352
0.233550,0.253553,-0.233150
0.232605,0.255530,-0.233935
0.228444,0.253458,-0.234725
0.229449,0.255729,-0.235168
0.227793,0.255915,-0.236574
0.225485,0.255254,-0.237420
0.220610,0.255796,-0.239343
0.220311,0.256203,-0.238435
0.218604,0.255300,-0.241004
0.213371,0.257123,-0.240921
0.213866,0.255025,-0.242248
0.211759,0.258586,-0.243931
0.208270,0.260108,-0.244197
0.207604,0.258817,-0.246078
0.207390,0.258456,-0.246992
0.203612,0.258992,-0.247526
0.200636,0.259243,-0.248308
0.202692,0.260058,-0.249201
0.198736,0.261201,-0.249824
0.195276,0.260421,-0.250500
0.195658,0.261306,-0.253845
0.191288,0.260285,-0.253030
0.190840,0.261718,-0.256469
0.187968,0.260807,-0.255772
0.185654,0.261437,-0.255531
0.184992,0.263222,-0.256831
0.182943,0.262128,-0.257947
0.180804,0.260500,-0.260408
0.177515,0.262309,-0.260523
0.175914,0.261749,-0.261099
0.174067,0.264416,-0.261974
0.172278,0.265806,-0.264111
0.169010,0.265575,-0.263358
0.169189,0.264378,-0.265232
0.165610,0.264924,-0.265994
0.162778,0.264260,-0.265683
0.164082,0.265708,-0.267596
0.160416,0.267144,-0.271082
0.158535,0.268087,-0.272791
0.155958,0.265819,-0.270980
0.154353,0.267870,-0.271701
0.120952,0.243058,-0.305842
0.117388,0.240226,-0.309504
0.116415,0.240352,-0.310204
0.112452,0.241044,-0.310605
0.110196,0.239243,-0.312835
0.099692,0.233141,-0.323447
0.309332,0.087484,-0.283539
0.309375,0.091664,-0.280873
0.311596,0.091509,-0.280092
0.307222,0.095872,-0.279965
0.310154,0.097987,-0.279092
0.310627,0.098675,-0.276635
0.309866,0.101837,-0.275574
0.311040,0.105797,-0.272249
0.308948,0.106177,-0.271387
0.313759,0.108774,-0.271134
0.312646,0.111433,-0.267572
0.311828,0.114524,-0.267065
0.310849,0.116951,-0.265610
0.312497,0.119909,-0.264161
0.310452,0.120890,-0.260370
0.312592,0.123969,-0.262496
0.311784,0.124867,-0.258838
0.313059,0.127705,-0.258462
0.313042,0.130445,-0.256983
0.314163,0.132751,-0.254843
0.313149,0.132956,-0.254510
0.313979,0.137775,-0.251571
0.312938,0.139945,-0.251211
0.313660,0.141439,-0.249173
0.313912,0.145266,-0.248827
0.314000,0.148050,-0.246692
0.316491,0.146789,-0.244424
0.315946,0.151094,-0.241801
0.315762,0.153156,-0.242402
0.314102,0.155788,-0.240081
0.313451,0.157707,-0.239612
0.316466,0.159666,-0.238385
0.316066,0.164642,-0.236930
0.316080,0.165198,-0.235599
0.316246,0.167818,-0.233585
0.316654,0.169477,-0.231726
0.315759,0.171243,-0.230661
0.316636,0.173909,-0.228724
0.318210,0.175036,-0.224513
0.318815,0.179147,-0.224862
0.318253,0.181210,-0.222729
0.317754,0.182920,-0.223879
0.316000,0.185188,-0.219544
0.315166,0.183671,-0.221163
0.314488,0.187660,-0.221835
0.312435,0.187098,-0.222249
0.309557,0.187246,-0.224319
0.309820,0.190214,-0.223723
0.310162,0.189006,-0.226003
0.305678,0.189704,-0.225077
0.305153,0.190610,-0.225574
0.301776,0.189909,-0.226247
0.299994,0.190943,-0.227193
0.299818,0.191553,-0.229815
0.298495,0.192094,-0.228998
0.297568,0.192984,-0.229760
0.294925,0.192757,-0.230830
0.292697,0.192818,-0.231112
0.292026,0.194182,-0.230499
0.290206,0.196997,-0.233582
0.289169,0.195086,-0.236127
0.286671,0.195709,-0.233099
0.284908,0.196849,-0.235546
0.284762,0.197007,-0.233784
0.281303,0.198414,-0.235162
0.282385,0.198081,-0.234563
0.277984,0.199328,-0.237000
0.276748,0.197560,-0.238590
0.276840,0.200075,-0.237845
0.273100,0.200382,-0.238926
0.272813,0.202413,-0.238661
0.271641,0.201852,-0.239775
0.270837,0.202393,-0.240416
0.267133,0.202420,-0.239600
0.266015,0.205823,-0.242626
0.265769,0.206935,-0.239673
0.263827,0.207341,-0.241275
0.264979,0.208384,-0.240003
0.261486,0.208896,-0.240758
0.259579,0.206227,-0.241672
0.261741,0.210692,-0.241786
0.256728,0.212455,-0.240266
0.256247,0.211262,-0.243318
0.254449,0.212125,-0.242045
0.255318,0.212270,-0.242344
0.253164,0.214652,-0.242605
0.252071,0.217003,-0.241670
0.251631,0.218205,-0.239671
0.250622,0.218697,-0.239640
0.250873,0.220787,-0.240615
0.249591,0.220687,-0.241925
0.247180,0.223035,-0.241343
0.248246,0.223768,-0.240098
0.246800,0.226783,-0.241269
0.243789,0.225420,-0.236970
0.245041,0.228767,-0.239190
0.243907,0.229984,-0.240570
0.243780,0.231540,-0.237570
0.242661,0.233089,-0.235472
0.242962,0.233449,-0.236097
0.242987,0.235494,-0.237096
0.242968,0.237357,-0.235477
0.241940,0.236758,-0.236335
0.241849,0.239682,-0.233993
0.240057,0.240437,-0.234242
0.239576,0.242615,-0.231674
0.237486,0.244676,-0.231231
0.236403,0.246328,-0.232343
0.240608,0.248998,-0.230926
0.237271,0.250447,-0.230226
0.238610,0.251957,-0.232177
0.235825,0.254423,-0.228918
0.236322,0.253890,-0.227894
0.233279,0.254657,-0.229570
0.233548,0.253976,-0.230994
0.231534,0.255420,-0.232239
0.228465,0.254051,-0.233082
0.225203,0.256146,-0.233817
0.222937,0.256371,-0.234199
0.222326,0.257021,-0.233849
0.221627,0.255730,-0.237526
0.220013,0.258144,-0.238257
0.218579,0.257681,-0.237804
0.214578,0.257351,-0.240306
0.211872,0.258345,-0.240518
0.211553,0.258881,-0.241275
0.207728,0.257852,-0.243300
0.205831,0.259015,-0.241806
0.204834,0.257470,-0.244454
0.204413,0.260534,-0.245560
0.201131,0.260851,-0.246458
0.198755,0.260193,-0.247321
0.199214,0.261343,-0.247736
0.195435,0.261823,-0.249884
0.192686,0.260674,-0.248666
0.190381,0.260404,-0.249617
0.188141,0.260975,-0.253708
0.188475,0.262511,-0.252310
0.185926,0.261856,-0.254969
0.183522,0.262544,-0.256524
0.181530,0.262246,-0.254686
0.180691,0.263155,-0.259014
0.176642,0.265283,-0.258378
0.176573,0.263447,-0.259193
0.172959,0.263641,-0.258711
0.170845,0.262724,-0.261301
0.168245,0.265093,-0.263808
0.166916,0.265933,-0.263002
0.162985,0.265460,-0.261735
0.162257,0.266540,-0.266261
0.161979,0.265342,-0.266921
0.158100,0.266546,-0.267810
0.157491,0.267639,-0.267375
0.153171,0.267076,-0.269933
0.153794,0.268814,-0.268691
0.119026,0.241386,-0.305497
0.114611,0.240427,-0.307556
0.114024,0.242287,-0.309031
0.112091,0.241324,-0.307345
0.109944,0.242120,-0.311106
0.107827,0.241805,-0.310772
0.105279,0.241109,-0.312038
0.096744,0.237744,-0.320122
0.094341,0.237366,-0.323878
0.307616,0.083947,-0.282908
0.307226,0.087292,-0.283042
0.309261,0.089117,-0.280299
0.310246,0.092263,-0.278001
0.308211,0.095609,-0.278315
0.311553,0.097060,-0.276004
0.309716,0.099082,-0.274692
0.312275,0.102874,-0.271967
0.311536,0.102896,-0.271219
0.311508,0.107202,-0.270310
0.310210,0.108470,-0.268163
0.310647,0.110752,-0.268027
0.311123,0.113774,-0.264295
0.310202,0.115631,-0.265510
0.312205,0.116064,-0.262210
0.311782,0.118610,-0.260777
0.312817,0.122582,-0.258844
0.312796,0.126004,-0.257926
0.314054,0.128527,-0.256461
0.312514,0.129494,-0.252953
0.312997,0.130495,-0.254364
0.312280,0.132559,-0.253619
0.315705,0.135750,-0.251231
0.313333,0.138918,-0.249329
0.313380,0.141883,-0.246315
0.315163,0.143111,-0.247288
0.314905,0.147125,-0.245387
0.314348,0.148370,-0.244479
0.314933,0.151386,-0.241081
0.313185,0.152730,-0.240585
0.316100,0.156932,-0.236731
0.315524,0.158237,-0.238642
0.316704,0.159488,-0.234401
0.313738,0.162375,-0.234332
0.314287,0.164153,-0.233572
0.315448,0.167339,-0.232178
0.315829,0.170075,-0.228606
0.315170,0.169781,-0.228980
0.316302,0.173254,-0.227230
0.317964,0.175784,-0.223844
0.315578,0.177153,-0.223506
0.318114,0.180958,-0.222773
0.316046,0.182886,-0.220775
0.315150,0.184501,-0.221377
0.313040,0.184436,-0.221804
0.314377,0.183913,-0.222681
0.312603,0.185218,-0.222819
0.310776,0.185701,-0.225395
0.308756,0.188017,-0.223758
0.307302,0.187529,-0.225043
0.303980,0.186818,-0.224608
0.303522,0.188553,-0.225898
0.302781,0.190451,-0.225103
0.299618,0.190598,-0.227303
0.298865,0.191162,-0.228181
0.299005,0.193430,-0.228872
0.295876,0.191889,-0.227065
0.295926,0.192239,-0.229338
0.293677,0.194381,-0.227344
0.291146,0.194772,-0.231215
0.290300,0.195170,-0.230206
0.286891,0.193773,-0.232209
0.286896,0.196169,-0.230551
0.282293,0.196480,-0.233543
0.284740,0.196901,-0.232234
0.281470,0.194476,-0.233848
0.279135,0.199584,-0.236836
0.274944,0.197696,-0.234310
0.276368,0.199459,-0.236039
0.276656,0.199749,-0.234219
0.274354,0.200411,-0.236519
0.272348,0.202864,-0.237062
0.267860,0.200411,-0.237381
0.270836,0.203791,-0.237820
0.268137,0.202227,-0.238038
0.267141,0.203552,-0.238025
0.264949,0.203113,-0.239989
0.264964,0.203073,-0.238325
0.262348,0.205722,-0.240296
0.260489,0.206426,-0.237733
0.259800,0.209661,-0.238226
0.258999,0.209538,-0.239021
0.257657,0.211206,-0.237575
0.256187,0.211755,-0.240236
0.255710,0.210963,-0.241901
0.253761,0.213279,-0.241660
0.252387,0.214042,-0.239384
0.251825,0.215248,-0.240644
0.249969,0.216253,-0.240227
0.251690,0.219177,-0.239760
0.250013,0.219173,-0.238436
0.249305,0.219730,-0.240264
0.247899,0.223556,-0.237707
0.245473,0.223758,-0.237281
0.245545,0.225331,-0.239626
0.244772,0.226048,-0.238762
0.242961,0.225673,-0.236186
0.243622,0.229564,-0.237729
0.244171,0.229052,-0.235347
0.242262,0.232675,-0.236713
0.242384,0.234370,-0.235374
0.240991,0.234981,-0.235232
0.240876,0.234964,-0.233597
0.240154,0.238457,-0.232610
0.239573,0.241084,-0.232895
0.239423,0.240934,-0.233910
0.239387,0.241953,-0.231981
0.240591,0.245397,-0.232303
0.237501,0.244153,-0.230862
0.238588,0.245285,-0.228883
0.238129,0.247252,-0.227459
0.236401,0.249835,-0.228609
0.233639,0.249817,-0.227353
0.235048,0.251512,-0.226840
0.234013,0.254290,-0.227489
0.234137,0.256036,-0.227535
0.232734,0.255060,-0.228968
0.229578,0.255405,-0.229562
0.226650,0.256305,-0.230050
0.225510,0.256063,-0.233245
0.222625,0.257855,-0.232967
0.220137,0.257098,-0.233972
0.219716,0.258743,-0.235567
0.217095,0.255778,-0.235241
0.215217,0.257797,-0.237190
0.213018,0.259024,-0.238873
0.212302,0.258822,-0.240818
0.209899,0.259950,-0.239201
0.207800,0.256334,-0.241794
0.205915,0.259572,-0.241461
0.202721,0.258672,-0.243927
0.201697,0.260447,-0.244944
0.201545,0.262925,-0.244948
0.199103,0.261262,-0.247244
0.194858,0.260979,-0.247446
0.193844,0.258813,-0.247438
0.191366,0.262445,-0.249848
0.188513,0.260897,-0.251180
0.187808,0.260955,-0.250936
0.186201,0.262451,-0.253060
0.182693,0.261340,-0.250573
0.182587,0.261746,-0.253327
0.179052,0.264693,-0.254266
0.176637,0.263737,-0.257248
0.176412,0.264136,-0.256009
0.172136,0.265161,-0.257120
0.171797,0.266343,-0.257234
0.169012,0.266085,-0.259795
0.166731,0.264820,-0.260592
0.166012,0.265912,-0.260539
0.162607,0.266061,-0.263509
0.161677,0.266136,-0.263404
0.157527,0.267962,-0.266963
0.155981,0.267109,-0.266992
0.155223,0.268438,-0.265571
0.153986,0.268599,-0.267446
0.120003,0.243465,-0.302808
0.117756,0.242428,-0.302703
0.112654,0.242483,-0.305117
0.112414,0.241779,-0.307335
0.109136,0.242902,-0.306841
0.108028,0.242314,-0.309603
0.105123,0.242014,-0.310597
0.102413,0.244854,-0.310424
0.101052,0.243359,-0.311877
0.099073,0.243703,-0.314797
0.099419,0.244465,-0.313870
0.090740,0.239673,-0.321727
0.086408,0.238444,-0.325135
0.081766,0.235807,-0.325811
0.078814,0.237196,-0.329242
0.306756,0.084843,-0.283410
0.306480,0.085891,-0.279152
0.306701,0.088778,-0.278757
0.309391,0.091098,-0.277410
0.307994,0.091440,-0.276803
0.309243,0.095722,-0.275163
0.308920,0.097904,-0.273216
0.310305,0.102140,-0.271028
0.308652,0.102349,-0.268396
0.309690,0.106095,-0.266300
0.311045,0.107151,-0.267279
0.310665,0.110685,-0.265035
0.312231,0.111988,-0.265321
0.311795,0.116807,-0.261609
0.308879,0.117879,-0.260832
0.309614,0.118099,-0.259763
0.312562,0.121522,-0.257924
0.310772,0.124644,-0.255623
0.311146,0.126674,-0.253404
0.312758,0.129880,-0.253180
0.312091,0.131208,-0.251250
0.313003,0.135201,-0.250019
0.312417,0.135171,-0.247708
0.312239,0.137631,-0.248003
0.314174,0.139704,-0.245926
0.313364,0.142346,-0.242625
0.313566,0.144162,-0.243231
0.314200,0.148222,-0.239503
0.313670,0.149717,-0.239498
0.313417,0.151611,-0.240039
0.314813,0.155492,-0.236160
0.314764,0.157810,-0.234749
0.315605,0.158314,-0.233374
0.315462,0.162098,-0.233378
0.316197,0.164573,-0.230996
0.316301,0.166636,-0.230005
0.315577,0.168694,-0.227017
0.315000,0.172138,-0.225372
0.317573,0.175229,-0.226614
0.316102,0.174621,-0.222518
0.317044,0.179091,-0.221618
0.316568,0.179785,-0.219452
0.317395,0.184020,-0.218340
0.317099,0.181688,-0.222523
0.314835,0.185510,-0.220247
0.310910,0.183870,-0.221210
0.312098,0.185053,-0.221581
0.310521,0.183449,-0.220905
0.308163,0.186122,-0.222388
0.306059,0.185597,-0.223690
0.305214,0.185604,-0.224050
0.301874,0.187449,-0.222725
0.300449,0.186926,-0.224144
0.300838,0.188942,-0.224724
0.297284,0.189579,-0.225028
0.296801,0.189866,-0.227560
0.294403,0.191333,-0.226718
0.293019,0.191006,-0.229296
0.292513,0.192198,-0.229014
0.290508,0.192486,-0.228188
0.287458,0.191607,-0.231229
0.285995,0.193508,-0.231635
0.283816,0.194019,-0.230532
0.286118,0.193041,-0.230484
0.283985,0.196049,-0.231666
0.280970,0.197015,-0.231867
0.279357,0.197042,-0.232494
0.277613,0.198097,-0.234837
0.276525,0.197792,-0.231986
0.274030,0.197859,-0.235660
0.272013,0.198660,-0.234039
0.270880,0.199853,-0.236345
0.270443,0.200664,-0.236671
0.268096,0.203668,-0.235690
0.266976,0.201812,-0.236957
0.266847,0.202313,-0.239072
0.264955,0.204272,-0.238885
0.263024,0.204093,-0.238967
0.263338,0.205825,-0.234860
0.260582,0.205394,-0.238928
0.259577,0.206587,-0.239233
0.258609,0.209680,-0.241379
0.256757,0.209825,-0.241329
0.255540,0.209435,-0.238017
0.255166,0.209559,-0.237926
0.253381,0.214122,-0.237935
0.251192,0.215266,-0.239108
0.251406,0.216130,-0.237600
0.249625,0.217557,-0.238492
0.249954,0.217672,-0.238918
0.249251,0.217421,-0.238039
0.248703,0.218933,-0.237676
0.247395,0.218653,-0.237739
0.246229,0.223461,-0.237795
0.246452,0.222584,-0.237215
0.243793,0.223226,-0.238251
0.243842,0.225712,-0.239078
0.241979,0.227219,-0.236490
0.243542,0.228971,-0.237456
0.242940,0.230310,-0.234595
0.240520,0.231179,-0.233857
0.241070,0.233967,-0.232270
0.237343,0.234717,-0.232833
0.238311,0.235625,-0.232358
0.238246,0.238343,-0.232794
0.238654,0.238175,-0.231203
0.238315,0.241725,-0.230311
0.237721,0.243683,-0.229688
0.236640,0.242978,-0.229596
0.235637,0.246849,-0.230080
0.236014,0.249054,-0.226640
0.235183,0.248167,-0.227550
0.234415,0.250190,-0.228027
0.235381,0.252863,-0.227678
0.233858,0.253219,-0.226772
0.231768,0.253507,-0.226719
0.231318,0.256049,-0.228051
0.229891,0.256450,-0.226269
0.228564,0.256242,-0.228164
0.224568,0.257453,-0.230215
0.225449,0.253964,-0.228041
0.220061,0.257307,-0.232574
0.220424,0.258351,-0.230687
0.218114,0.257629,-0.233788
0.216770,0.256798,-0.232229
0.213037,0.257160,-0.233668
0.210733,0.258419,-0.236108
0.211741,0.261296,-0.235337
0.208083,0.259783,-0.236953
0.206532,0.259780,-0.238441
0.203333,0.260974,-0.239960
0.201982,0.260865,-0.240372
0.200522,0.262346,-0.241129
0.196961,0.261352,-0.242954
0.197134,0.260125,-0.243508
0.193600,0.260463,-0.245162
0.191659,0.262424,-0.246181
0.188216,0.261176,-0.248590
0.189358,0.262498,-0.247761
0.186484,0.262090,-0.247825
0.184506,0.261768,-0.250372
0.182886,0.263441,-0.251952
0.180703,0.263053,-0.254548
0.179905,0.264367,-0.252995
0.179850,0.266238,-0.252552
0.174001,0.264764,-0.256124
0.172409,0.265611,-0.255307
0.168303,0.265168,-0.256120
0.168732,0.264736,-0.257681
0.165657,0.265351,-0.259364
0.164419,0.266024,-0.258121
0.162156,0.268020,-0.262744
0.159680,0.266912,-0.261990
0.157860,0.269078,-0.262650
0.156051,0.267801,-0.263008
0.153168,0.267770,-0.264869
0.119806,0.241728,-0.299495
0.119035,0.240566,-0.301123
0.117568,0.241731,-0.303548
0.114136,0.242472,-0.305245
0.109804,0.242377,-0.305834
0.109631,0.242784,-0.304795
0.105728,0.242978,-0.306508
0.104402,0.242116,-0.307751
0.101596,0.245007,-0.310856
0.102111,0.245060,-0.309899
0.097546,0.243633,-0.312283
0.095811,0.244694,-0.312149
0.094166,0.243582,-0.314052
0.094310,0.243569,-0.314186
0.085648,0.244040,-0.317883
0.083428,0.241832,-0.320682
0.080477,0.243125,-0.322821
0.076836,0.241796,-0.325945
0.072158,0.241668,-0.329669
0.307776,0.080551,-0.283217
0.308381,0.084361,-0.281241
0.309404,0.085520,-0.279217
0.308904,0.086347,-0.278111
0.307933,0.090653,-0.276323
0.307940,0.092954,-0.275477
0.308395,0.096750,-0.272253
0.310892,0.096090,-0.271013
0.308697,0.099114,-0.268896
0.308346,0.103813,-0.269315
0.310103,0.105405,-0.266144
0.308827,0.107136,-0.263961
0.309812,0.109735,-0.264236
0.308676,0.112045,-0.262275
0.310079,0.113214,-0.259924
0.310997,0.117959,-0.259327
0.311636,0.120306,-0.258647
0.311405,0.121396,-0.256128
0.311602,0.124199,-0.254679
0.311401,0.125242,-0.252784
0.311787,0.127954,-0.250594
0.310627,0.130857,-0.250994
0.312321,0.133558,-0.248897
0.313452,0.136294,-0.246950
0.314896,0.137894,-0.244831
0.314140,0.140336,-0.245112
0.310622,0.140790,-0.243871
0.314076,0.143838,-0.241074
0.312614,0.146192,-0.239775
0.315065,0.149020,-0.237351
0.314226,0.152174,-0.237977
0.314213,0.154264,-0.236853
0.312790,0.157745,-0.233132
0.314043,0.158980,-0.232850
0.314810,0.159839,-0.231353
0.314435,0.165456,-0.228876
0.314410,0.165223,-0.228808
0.314431,0.170058,-0.226703
0.315890,0.171016,-0.224981
0.316278,0.175858,-0.220338
0.315979,0.174831,-0.222305
0.316733,0.178295,-0.218420
0.316015,0.179181,-0.217567
0.315970,0.181315,-0.218092
0.314582,0.181786,-0.217793
0.313493,0.182382,-0.218785
0.310942,0.182832,-0.219493
0.308524,0.184299,-0.221851
0.306163,0.183768,-0.220118
0.306886,0.183015,-0.220576
0.306393,0.184358,-0.222134
0.303597,0.187495,-0.223330
0.300876,0.186694,-0.223224
0.299400,0.187881,-0.223245
0.296142,0.187830,-0.222165
0.298005,0.188442,-0.225582
0.297247,0.188560,-0.224444
0.294485,0.191284,-0.227189
0.291129,0.189508,-0.224471
0.290560,0.191173,-0.227728
0.290735,0.190458,-0.229228
0.285987,0.192731,-0.228403
0.286692,0.192725,-0.228501
0.282842,0.193543,-0.229221
0.282485,0.192204,-0.231095
0.281649,0.195365,-0.231387
0.278937,0.195401,-0.229692
0.279433,0.195561,-0.232422
0.278026,0.198315,-0.232760
0.276547,0.196169,-0.231229
0.273397,0.199043,-0.233854
0.272588,0.199486,-0.233258
0.270072,0.201055,-0.234877
0.269074,0.199798,-0.235348
0.268157,0.201672,-0.234566
0.266314,0.202134,-0.235958
0.266005,0.203262,-0.235361
0.263756,0.202174,-0.235758
0.262611,0.204229,-0.236180
0.260518,0.205534,-0.235341
0.260281,0.204196,-0.238464
0.259777,0.205377,-0.236634
0.256715,0.205692,-0.238582
0.257576,0.209047,-0.237584
0.252939,0.209474,-0.236558
0.254156,0.211942,-0.237465
0.252770,0.210767,-0.238382
0.249786,0.212620,-0.239060
0.250577,0.215297,-0.236803
0.248436,0.214619,-0.236295
0.248695,0.216818,-0.236496
0.248838,0.215235,-0.236830
0.246141,0.220790,-0.236967
0.246344,0.220568,-0.234672
0.244307,0.220648,-0.236404
0.243802,0.221201,-0.234566
0.244835,0.224942,-0.236778
0.244520,0.224396,-0.236443
0.241433,0.226665,-0.236093
0.240849,0.227697,-0.232619
0.240552,0.230013,-0.233381
0.239459,0.231147,-0.234123
0.239950,0.232106,-0.232972
0.239745,0.233771,-0.233774
0.238349,0.235478,-0.230342
0.237236,0.236980,-0.232131
0.236536,0.239269,-0.229981
0.237406,0.240151,-0.229745
0.237239,0.244279,-0.229076
0.237136,0.243240,-0.229366
0.235589,0.245781,-0.229243
0.235118,0.246669,-0.227069
0.236858,0.249008,-0.228263
0.233637,0.249672,-0.226525
0.230657,0.249792,-0.228101
0.230197,0.252745,-0.225405
0.230714,0.254081,-0.225281
0.230500,0.255414,-0.224607
0.230835,0.257838,-0.225187
0.227794,0.256621,-0.225707
0.227266,0.256324,-0.226184
0.223764,0.256808,-0.228770
0.222610,0.259570,-0.227998
0.219383,0.259802,-0.230039
0.217965,0.260034,-0.230573
0.214963,0.257556,-0.230671
0.216000,0.259736,-0.232069
0.212037,0.258752,-0.234346
0.210313,0.259710,-0.233083
0.208824,0.261363,-0.236445
0.205404,0.258944,-0.235979
0.205829,0.261760,-0.237735
0.204006,0.260475,-0.236896
0.201067,0.259944,-0.239509
0.201579,0.263046,-0.240712
0.197360,0.260044,-0.241393
0.195299,0.262791,-0.242072
0.192045,0.262293,-0.243212
0.190143,0.261539,-0.244329
0.188824,0.263459,-0.246693
0.188203,0.262982,-0.248143
0.185990,0.266050,-0.245916
0.182605,0.264565,-0.246744
0.180780,0.264839,-0.247608
0.178901,0.265029,-0.247019
0.177041,0.264420,-0.251203
0.175902,0.264999,-0.252360
0.172713,0.264771,-0.254310
0.172085,0.265737,-0.253238
0.168111,0.266631,-0.254681
0.167232,0.267021,-0.255702
0.164049,0.265765,-0.257486
0.162745,0.267433,-0.258948
0.159760,0.267768,-0.258607
0.158163,0.267649,-0.258850
0.157269,0.269598,-0.262057
0.155733,0.268016,-0.261884
0.151736,0.268469,-0.264265
0.119371,0.240606,-0.297948
0.115165,0.242157,-0.301132
0.114045,0.244250,-0.301799
0.112962,0.243457,-0.302072
0.108641,0.243735,-0.304529
0.107033,0.242529,-0.305994
0.104093,0.242756,-0.306134
0.101134,0.244452,-0.308333
0.103069,0.245436,-0.306931
0.097997,0.245597,-0.308728
0.098494,0.245806,-0.309397
0.094503,0.246064,-0.310143
0.092842,0.245867,-0.312346
0.089291,0.247523,-0.311122
0.087435,0.246142,-0.314210
0.086059,0.245743,-0.314999
0.084215,0.246869,-0.313850
0.080394,0.245118,-0.316899
0.076745,0.245133,-0.321364
0.071988,0.246768,-0.323213
0.069063,0.242843,-0.328550
0.062084,0.239512,-0.331706
0.307460,0.081304,-0.280340
0.307951,0.083799,-0.278217
0.307214,0.084173,-0.277645
0.308062,0.087525,-0.275736
0.307856,0.090330,-0.274482
0.307039,0.092501,-0.271507
0.305579,0.095799,-0.269953
0.309197,0.097186,-0.268213
0.307785,0.100168,-0.267630
0.308054,0.101919,-0.268969
0.308697,0.104690,-0.263640
0.308888,0.107564,-0.262688
0.309103,0.109642,-0.261828
0.309761,0.112163,-0.259943
0.309056,0.115591,-0.257272
0.309701,0.117615,-0.258060
0.309540,0.120851,-0.255572
0.310477,0.120636,-0.253540
0.311148,0.122374,-0.253576
0.311012,0.127055,-0.250374
0.312016,0.128736,-0.249969
0.311533,0.130322,-0.247800
0.312705,0.132920,-0.248940
0.312013,0.134407,-0.243951
0.312321,0.137538,-0.244428
0.312776,0.139588,-0.245025
0.312190,0.141843,-0.241918
0.312852,0.145534,-0.239264
0.313775,0.147316,-0.237529
0.313270,0.150671,-0.237379
0.313135,0.150223,-0.234426
0.311920,0.152985,-0.232888
0.312772,0.155833,-0.233126
0.314005,0.158603,-0.230248
0.314078,0.161170,-0.226921
0.314225,0.160993,-0.228591
0.314304,0.165421,-0.226150
0.312453,0.167299,-0.222413
0.314884,0.170965,-0.223338
0.316509,0.172328,-0.222417
0.317204,0.176001,-0.220125
0.315249,0.178547,-0.219285
0.316281,0.179342,-0.217311
0.315016,0.178986,-0.216211
0.311092,0.181863,-0.216349
0.312929,0.182240,-0.218219
0.308636,0.181781,-0.219070
0.308464,0.183313,-0.221438
0.308048,0.183218,-0.220383
0.304540,0.183226,-0.221505
0.302580,0.183330,-0.221762
0.301558,0.185812,-0.220979
0.300750,0.184338,-0.223398
0.299272,0.185175,-0.221192
0.297803,0.187060,-0.222895
0.297460,0.187709,-0.223806
0.295224,0.188796,-0.223447
0.293371,0.190244,-0.224170
0.290803,0.189141,-0.225919
0.288627,0.189583,-0.226426
0.290341,0.191438,-0.226873
0.285391,0.191984,-0.225619
0.286281,0.192520,-0.226761
0.285177,0.192930,-0.226877
0.283213,0.195292,-0.228107
0.281102,0.194056,-0.227996
0.278867,0.196454,-0.228922
0.279003,0.195844,-0.231180
0.276641,0.195288,-0.227002
0.277209,0.198392,-0.232092
0.273537,0.197858,-0.233189
0.270780,0.200088,-0.232177
0.269395,0.198509,-0.231526
0.268425,0.200001,-0.232390
0.268931,0.199265,-0.232384
0.265800,0.201068,-0.233891
0.263953,0.201510,-0.233990
0.264361,0.203045,-0.234213
0.261974,0.202560,-0.233737
0.261987,0.203524,-0.234359
0.259998,0.204339,-0.237242
0.257097,0.206179,-0.235677
0.256689,0.207414,-0.235430
0.255899,0.206850,-0.235356
0.255150,0.207632,-0.234251
0.252746,0.210318,-0.236739
0.251440,0.212816,-0.235619
0.251328,0.212151,-0.235343
0.248510,0.211380,-0.236447
0.250508,0.212653,-0.235550
0.248853,0.215680,-0.234807
0.247284,0.215774,-0.235612
0.247005,0.219536,-0.234733
0.244525,0.219201,-0.235895
0.244949,0.220305,-0.233028
0.242541,0.221478,-0.234448
0.242036,0.222642,-0.235865
0.243327,0.224121,-0.235000
0.241331,0.225976,-0.234220
0.240076,0.228292,-0.231838
0.239578,0.230649,-0.234082
0.239843,0.230443,-0.233045
0.238632,0.231457,-0.232823
0.237787,0.233614,-0.231891
0.237480,0.234378,-0.229763
0.236884,0.236187,-0.229931
0.234933,0.236656,-0.229785
0.235424,0.238534,-0.227627
0.235938,0.240878,-0.226857
0.234205,0.244648,-0.224643
0.234997,0.244149,-0.227255
0.233369,0.247511,-0.226000
0.233424,0.246908,-0.225771
0.231395,0.246638,-0.226767
0.232672,0.249272,-0.225893
0.231520,0.251537,-0.222771
0.231522,0.252187,-0.224140
0.229866,0.252113,-0.224789
0.230079,0.255524,-0.224117
0.228723,0.258475,-0.223434
0.226604,0.257842,-0.223048
0.224765,0.257101,-0.223138
0.224843,0.258541,-0.224827
0.220492,0.258939,-0.226306
0.218505,0.259926,-0.227108
0.215992,0.259627,-0.227632
0.217710,0.259884,-0.229386
0.211427,0.260501,-0.228312
0.211890,0.260951,-0.233217
0.209622,0.260573,-0.232971
0.206111,0.260767,-0.234499
0.203618,0.261311,-0.232569
0.202768,0.261815,-0.234733
0.200437,0.263280,-0.236298
0.198728,0.263025,-0.237259
0.199165,0.262191,-0.238174
0.193483,0.261131,-0.238746
0.192898,0.262942,-0.238252
0.191957,0.263710,-0.243467
0.189538,0.262772,-0.242361
0.187039,0.263390,-0.242768
0.183792,0.264687,-0.244013
0.182513,0.263565,-0.242913
0.180672,0.263727,-0.245538
0.179430,0.263063,-0.247585
0.178257,0.264643,-0.247356
0.174415,0.265843,-0.248328
0.173523,0.267506,-0.250994
0.170795,0.266279,-0.251155
0.167261,0.266900,-0.251379
0.170078,0.266765,-0.254560
0.164075,0.266203,-0.253530
0.163690,0.267976,-0.253505
0.161863,0.267886,-0.254251
0.159314,0.268280,-0.256987
0.157799,0.269776,-0.258226
0.155645,0.269842,-0.257480
0.152528,0.269639,-0.261164
0.120592,0.245356,-0.297002
0.118038,0.244003,-0.295968
0.114658,0.243137,-0.300262
0.113382,0.243695,-0.297720
0.110054,0.241219,-0.299653
0.109747,0.242664,-0.302543
0.105158,0.245433,-0.303562
0.100818,0.243789,-0.304180
0.101700,0.242844,-0.304290
0.101058,0.243632,-0.304777
0.097775,0.245720,-0.306734
0.094812,0.245545,-0.307042
0.091985,0.245819,-0.307146
0.090072,0.247176,-0.309825
0.087062,0.247083,-0.311969
0.086941,0.246162,-0.310193
0.085024,0.246360,-0.312495
0.083386,0.249245,-0.313635
0.081337,0.247488,-0.314904
0.077693,0.248581,-0.316264
0.075796,0.247122,-0.316689
0.073858,0.248073,-0.318165
0.066861,0.246505,-0.322813
0.064396,0.244893,-0.327156
0.060445,0.241704,-0.331127
0.308554,0.076732,-0.280922
0.306815,0.079458,-0.279132
0.305093,0.084552,-0.277425
0.305914,0.086205,-0.274846
0.305768,0.087252,-0.274186
0.307901,0.090715,-0.273610
0.307665,0.092660,-0.270462
0.308636,0.095064,-0.268412
0.308346,0.098205,-0.268210
0.308809,0.099597,-0.265878
0.308518,0.100788,-0.264584
0.309702,0.104055,-0.263335
0.308683,0.107931,-0.260960
0.309234,0.111797,-0.259778
0.310254,0.110576,-0.257720
0.310074,0.112887,-0.258896
0.308923,0.115485,-0.254662
0.309786,0.118604,-0.254080
0.308877,0.121483,-0.252739
0.311370,0.122509,-0.249844
0.310726,0.125974,-0.249655
0.312870,0.129677,-0.245913
0.311016,0.129632,-0.245394
0.310966,0.132953,-0.245880
0.310503,0.134482,-0.241779
0.313390,0.136882,-0.242170
0.312812,0.140975,-0.238387
0.313532,0.143322,-0.237464
0.311527,0.145091,-0.236473
0.312301,0.145950,-0.237363
0.312230,0.148908,-0.234494
0.312237,0.154484,-0.234437
0.313108,0.152938,-0.232708
0.315470,0.154269,-0.229042
0.312163,0.157956,-0.228155
0.312981,0.161380,-0.226402
0.313797,0.161709,-0.224618
0.314397,0.164678,-0.225925
0.313066,0.167052,-0.221493
0.311228,0.169686,-0.220335
0.314904,0.172303,-0.219470
0.316373,0.175568,-0.218806
0.313961,0.176263,-0.216526
0.314000,0.178753,-0.216681
0.313655,0.180333,-0.217211
0.310733,0.179952,-0.217021
0.310648,0.179950,-0.217915
0.310833,0.180718,-0.217986
0.308430,0.181973,-0.218058
0.305194,0.182291,-0.219428
0.303801,0.182746,-0.219808
0.302840,0.184431,-0.219913
0.301547,0.183743,-0.220753
0.298315,0.184869,-0.220973
0.297775,0.183779,-0.219605
0.298467,0.186964,-0.223531
0.294672,0.186737,-0.222572
0.293006,0.187021,-0.222774
0.291714,0.188051,-0.223133
0.291094,0.188802,-0.223839
0.289640,0.189351,-0.224178
0.287294,0.191138,-0.225376
0.286646,0.190513,-0.224476
0.283411,0.191135,-0.225252
0.282180,0.192552,-0.225521
0.280197,0.192760,-0.226637
0.280340,0.195491,-0.228389
0.279122,0.195171,-0.227974
0.277676,0.195482,-0.228240
0.276004,0.195168,-0.226910
0.276401,0.196789,-0.228784
0.272974,0.197266,-0.229770
0.271745,0.197546,-0.230955
0.268915,0.198105,-0.230903
0.268226,0.199884,-0.232054
0.266970,0.200228,-0.232276
0.264488,0.200334,-0.231903
0.262918,0.203437,-0.233204
0.262199,0.200489,-0.232879
0.261364,0.205521,-0.233336
0.260666,0.202509,-0.235052
0.258720,0.203220,-0.236251
0.257604,0.204696,-0.234634
0.256489,0.206458,-0.236408
0.254450,0.208345,-0.234611
0.252688,0.208265,-0.234461
0.252591,0.208878,-0.233866
0.251953,0.209874,-0.236119
0.249129,0.212143,-0.233557
0.249152,0.210378,-0.234737
0.247898,0.212133,-0.234390
0.244930,0.211718,-0.234306
0.245536,0.216036,-0.234387
0.245073,0.216796,-0.234014
0.244171,0.217333,-0.234274
0.244060,0.219213,-0.234780
0.241190,0.219743,-0.233495
0.241985,0.222403,-0.231918
0.241092,0.222505,-0.233462
0.240299,0.225171,-0.234698
0.238258,0.226631,-0.230854
0.238426,0.226520,-0.231710
0.238238,0.226318,-0.229985
0.236127,0.230873,-0.231725
0.236711,0.232266,-0.233762
0.236139,0.231484,-0.229553
0.236477,0.235924,-0.230196
0.234409,0.237526,-0.227924
0.234322,0.238852,-0.227895
0.234648,0.240536,-0.227122
0.234271,0.242140,-0.225737
0.235261,0.241967,-0.226089
0.231764,0.246139,-0.225059
0.230895,0.245999,-0.224997
0.230580,0.246121,-0.225305
0.231075,0.248104,-0.223901
0.228962,0.249897,-0.224749
0.230482,0.251643,-0.223393
0.228650,0.252934,-0.224640
0.228116,0.254943,-0.224242
0.226302,0.255849,-0.222730
0.225661,0.256092,-0.222212
0.224287,0.258730,-0.222203
0.222480,0.258609,-0.223419
0.222159,0.260551,-0.223988
0.219106,0.259201,-0.225097
0.218286,0.258834,-0.224795
0.215561,0.259846,-0.225940
0.213264,0.258863,-0.227706
0.212153,0.259865,-0.228132
0.210781,0.261256,-0.229096
0.207268,0.260914,-0.230893
0.205037,0.262490,-0.230800
0.202411,0.261231,-0.231008
0.201165,0.262827,-0.236772
0.201808,0.261848,-0.233791
0.200105,0.261367,-0.236054
0.195202,0.262380,-0.236341
0.192724,0.263654,-0.235891
0.191331,0.262830,-0.237997
0.190234,0.264425,-0.238881
0.186985,0.264110,-0.238383
0.186918,0.264004,-0.243015
0.184045,0.266821,-0.242875
0.182441,0.265702,-0.241399
0.179905,0.264414,-0.245648
0.178121,0.265047,-0.245898
0.175479,0.266522,-0.246997
0.172134,0.266468,-0.246299
0.172310,0.267015,-0.249609
0.169054,0.266440,-0.248899
0.168074,0.265095,-0.252254
0.164559,0.267436,-0.250032
0.163032,0.266161,-0.251844
0.159714,0.267235,-0.251711
0.158815,0.269572,-0.254565
0.158321,0.268534,-0.253434
0.156342,0.270556,-0.256519
0.154294,0.272188,-0.257311
0.120531,0.244554,-0.291676
0.116380,0.243049,-0.293752
0.113735,0.242632,-0.296046
0.113251,0.243964,-0.297143
0.109825,0.244629,-0.299040
0.107210,0.243559,-0.297630
0.105358,0.243406,-0.301513
0.103281,0.243765,-0.301543
0.101504,0.244907,-0.300937
0.098462,0.245113,-0.305112
0.098640,0.248869,-0.303539
0.095541,0.245211,-0.305030
0.091562,0.246397,-0.307028
0.090391,0.247514,-0.309189
0.088701,0.247766,-0.309454
0.085832,0.247267,-0.308315
0.086793,0.248487,-0.309830
0.084172,0.247445,-0.309177
0.081685,0.247945,-0.312984
0.081356,0.251938,-0.313466
0.077515,0.250990,-0.314611
0.075344,0.248120,-0.315571
0.071810,0.251055,-0.316107
0.070446,0.250124,-0.315708
0.068998,0.250941,-0.316566
0.066218,0.252300,-0.318994
0.062331,0.248517,-0.322864
0.306594,0.078959,-0.277604
0.304542,0.080490,-0.278169
0.306742,0.084915,-0.273798
0.306829,0.084742,-0.273896
0.307434,0.087479,-0.271416
0.306345,0.088705,-0.271020
0.307241,0.092261,-0.269498
0.305671,0.096828,-0.267346
0.306952,0.097905,-0.264444
0.307842,0.098181,-0.263430
0.307337,0.101142,-0.264093
0.308267,0.105137,-0.260317
0.308304,0.105148,-0.261228
0.308576,0.107890,-0.257551
0.308790,0.112306,-0.256340
0.308658,0.112868,-0.255681
0.311217,0.114399,-0.253401
0.308763,0.116926,-0.252160
0.309680,0.120835,-0.251457
0.309485,0.121534,-0.249418
0.310870,0.122559,-0.246034
0.309554,0.129515,-0.245563
0.309689,0.128625,-0.245477
0.311757,0.133739,-0.241391
0.312827,0.134571,-0.240311
0.313163,0.136992,-0.238903
0.312215,0.138924,-0.238635
0.310650,0.142143,-0.237998
0.310900,0.142898,-0.234180
0.312087,0.146882,-0.234211
0.313289,0.147946,-0.232614
0.312327,0.150996,-0.231356
0.314220,0.155816,-0.231016
0.311872,0.156191,-0.227758
0.312244,0.157764,-0.227476
0.312987,0.160571,-0.223320
0.312763,0.162463,-0.226068
0.314585,0.163845,-0.221259
0.314001,0.166744,-0.219397
0.312050,0.171106,-0.219905
0.314672,0.171748,-0.217235
0.314243,0.174951,-0.216465
0.313725,0.176828,-0.216052
0.313415,0.177233,-0.216136
0.312667,0.176936,-0.216037
0.311609,0.178553,-0.216864
0.309283,0.178199,-0.214351
0.308929,0.180316,-0.218493
0.306357,0.181088,-0.215938
0.304424,0.178358,-0.217741
0.303756,0.181665,-0.217345
0.302354,0.182469,-0.219032
0.300214,0.185172,-0.218428
0.298539,0.183498,-0.222498
0.298006,0.185543,-0.221123
0.295863,0.184666,-0.220503
0.295740,0.186456,-0.223418
0.294190,0.186431,-0.221013
0.290341,0.187564,-0.223320
0.290624,0.188549,-0.223268
0.289201,0.190099,-0.222527
0.287670,0.190154,-0.223900
0.285148,0.189503,-0.224782
0.283493,0.191041,-0.225535
0.281807,0.190619,-0.226962
0.280938,0.191550,-0.223488
0.277996,0.191767,-0.225507
0.277577,0.191929,-0.225304
0.276023,0.194463,-0.226235
0.273154,0.194923,-0.229109
0.272958,0.196580,-0.229149
0.272680,0.198709,-0.227538
0.271566,0.196328,-0.228710
0.266353,0.198781,-0.228922
0.267599,0.198865,-0.229475
0.266060,0.199579,-0.230119
0.264136,0.200743,-0.228613
0.262822,0.200658,-0.232544
0.259017,0.201407,-0.231922
0.259606,0.202871,-0.232487
0.260381,0.204675,-0.231710
0.256570,0.203636,-0.231801
0.254552,0.205566,-0.233098
0.254071,0.203285,-0.232201
0.252000,0.208776,-0.234177
0.253060,0.207217,-0.230737
0.251976,0.207476,-0.233836
0.251339,0.209506,-0.234729
0.250301,0.210899,-0.234475
0.248394,0.211952,-0.234459
0.246568,0.212359,-0.232127
0.246674,0.213864,-0.235046
0.244563,0.213564,-0.233330
0.242589,0.216858,-0.232455
0.244265,0.217188,-0.232077
0.242120,0.215953,-0.233466
0.242182,0.218359,-0.231619
0.240332,0.220835,-0.231620
0.238679,0.222912,-0.232675
0.238938,0.225115,-0.232206
0.236900,0.224882,-0.231194
0.238223,0.225528,-0.231023
0.236523,0.228466,-0.229704
0.236017,0.230418,-0.230209
0.237054,0.230167,-0.228398
0.234755,0.233595,-0.227023
0.234174,0.233890,-0.229271
0.232940,0.235449,-0.225741
0.232938,0.236998,-0.226398
0.233826,0.238952,-0.226991
0.233330,0.241151,-0.226678
0.232777,0.242848,-0.224805
0.231150,0.244513,-0.226718
0.230685,0.245417,-0.224313
0.229194,0.245335,-0.223678
0.227895,0.247381,-0.222258
0.231387,0.247964,-0.223112
0.227744,0.250775,-0.221121
0.225712,0.250107,-0.221930
0.225337,0.253016,-0.222970
0.228295,0.254368,-0.222737
0.223512,0.253860,-0.222987
0.224071,0.255764,-0.221132
0.221835,0.257453,-0.221134
0.221298,0.258394,-0.221010
0.220096,0.260353,-0.222494
0.219111,0.259412,-0.221937
0.216542,0.259557,-0.224332
0.212824,0.261423,-0.224782
0.212715,0.261888,-0.226387
0.211475,0.262026,-0.226769
0.208784,0.259326,-0.226990
0.206729,0.261652,-0.228885
0.202862,0.262039,-0.230119
0.202512,0.262283,-0.229011
0.201333,0.262423,-0.230932
0.199224,0.263890,-0.234862
0.193836,0.262849,-0.232896
0.195525,0.263938,-0.233292
0.191337,0.261219,-0.234757
0.190478,0.265395,-0.235622
0.187235,0.263957,-0.238119
0.187968,0.265577,-0.236382
0.184167,0.265763,-0.239333
0.183077,0.266557,-0.240866
0.180572,0.266569,-0.241563
0.178016,0.266367,-0.242169
0.177106,0.266289,-0.241731
0.173473,0.266272,-0.246386
0.173295,0.266866,-0.246427
0.170664,0.266877,-0.246493
0.168746,0.268658,-0.246657
0.167527,0.266719,-0.247396
0.164395,0.266024,-0.248689
0.163007,0.267087,-0.249950
0.159123,0.268295,-0.250582
0.158936,0.269055,-0.253351
0.155779,0.270502,-0.254558
0.153621,0.269770,-0.252945
0.120580,0.243369,-0.292237
0.115820,0.241590,-0.292054
0.114207,0.242415,-0.294116
0.112166,0.241605,-0.296019
0.107650,0.243061,-0.294848
0.106774,0.244502,-0.295306
0.105944,0.243841,-0.296036
0.102319,0.244667,-0.299572
0.103080,0.245314,-0.300166
0.098592,0.244626,-0.301590
0.099215,0.245370,-0.300020
0.096939,0.246631,-0.301053
0.094420,0.245291,-0.303496
0.091440,0.247234,-0.306139
0.089939,0.247404,-0.305066
0.088451,0.247639,-0.305633
0.085096,0.246753,-0.306658
0.084499,0.248526,-0.307820
0.083371,0.248429,-0.307099
0.079055,0.248199,-0.309896
0.078329,0.250394,-0.312193
0.075106,0.250964,-0.311227
0.075880,0.250467,-0.311242
0.072580,0.251576,-0.310817
0.071015,0.252407,-0.314966
0.067770,0.251017,-0.315184
0.065172,0.252103,-0.317345
0.062675,0.253338,-0.316936
0.061209,0.254185,-0.319039
0.059352,0.253902,-0.318658
0.306809,0.074282,-0.277038
0.307805,0.076416,-0.276354
0.305717,0.079831,-0.275256
0.307806,0.080010,-0.273379
0.307302,0.083629,-0.271148
0.307261,0.087232,-0.269230
0.307552,0.090617,-0.270511
0.308340,0.090677,-0.268258
0.306996,0.094011,-0.265992
0.306222,0.095025,-0.262551
0.305370,0.099294,-0.262286
0.308658,0.101849,-0.259612
0.306637,0.104202,-0.259305
0.306024,0.107459,-0.258345
0.308963,0.107248,-0.256259
0.309475,0.109573,-0.255670
0.309312,0.112495,-0.254148
0.309387,0.117454,-0.252756
0.311315,0.118569,-0.252496
0.310442,0.117415,-0.248406
0.310151,0.123061,-0.246223
0.310141,0.123432,-0.245250
0.310740,0.126886,-0.244797
0.309523,0.128729,-0.242087
0.311278,0.129532,-0.241510
0.310942,0.134771,-0.239651
0.312835,0.136811,-0.238348
0.309575,0.139956,-0.237574
0.310742,0.140855,-0.236505
0.310108,0.142466,-0.233484
0.312411,0.145373,-0.233159
0.310959,0.149579,-0.231288
0.312476,0.150007,-0.230507
0.311785,0.152670,-0.229073
0.312122,0.154199,-0.226196
0.313096,0.157895,-0.224923
0.313147,0.159201,-0.222347
0.314034,0.162492,-0.221713
0.313178,0.164579,-0.219676
0.312035,0.167588,-0.218885
0.314130,0.168489,-0.215920
0.313058,0.171567,-0.215934
0.313206,0.173538,-0.214856
0.313468,0.175949,-0.214910
0.311871,0.176722,-0.213064
0.310926,0.177458,-0.213810
0.311019,0.177068,-0.215109
0.307935,0.177974,-0.214982
0.306139,0.178421,-0.216679
0.303773,0.178772,-0.216955
0.303436,0.181481,-0.217626
0.303508,0.180883,-0.217447
0.301201,0.181644,-0.219695
0.299735,0.183646,-0.217122
0.296196,0.183260,-0.219587
0.294038,0.183476,-0.218361
0.294222,0.182984,-0.219920
0.292418,0.183483,-0.221863
0.291380,0.185002,-0.221416
0.290360,0.187547,-0.221019
0.287624,0.187023,-0.221391
0.287914,0.186975,-0.220531
0.286824,0.189771,-0.221605
0.284311,0.188840,-0.221587
0.283735,0.190315,-0.223893
0.280061,0.191277,-0.223408
0.279582,0.191365,-0.224127
0.279116,0.191132,-0.226610
0.277086,0.193493,-0.225497
0.275941,0.192627,-0.225158
0.274519,0.193028,-0.227234
0.273184,0.194788,-0.225396
0.271054,0.195683,-0.226894
0.269136,0.197494,-0.228268
0.269228,0.198934,-0.226902
0.267853,0.197950,-0.228383
0.267284,0.198441,-0.230387
0.266395,0.198753,-0.228566
0.262494,0.199170,-0.228581
0.262910,0.199503,-0.228380
0.258820,0.202244,-0.231011
0.257604,0.203335,-0.230398
0.257264,0.202133,-0.231836
0.255091,0.203629,-0.231540
0.254065,0.204651,-0.231918
0.252281,0.204784,-0.231321
0.254392,0.207310,-0.230979
0.250041,0.208132,-0.230123
0.247888,0.208018,-0.231014
0.248510,0.209881,-0.231301
0.246606,0.211223,-0.231993
0.245657,0.212345,-0.232260
0.244278,0.212264,-0.231431
0.244096,0.213673,-0.232004
0.242676,0.215027,-0.232577
0.243686,0.217279,-0.231318
0.242519,0.216706,-0.231524
0.240684,0.219485,-0.230178
0.239769,0.221821,-0.229554
0.240602,0.221459,-0.228462
0.238945,0.223845,-0.231127
0.235998,0.222773,-0.230790
0.238522,0.227116,-0.229103
0.235400,0.226435,-0.227997
0.236049,0.229216,-0.230966
0.234016,0.230706,-0.228694
0.234822,0.231952,-0.227267
0.233628,0.233590,-0.227459
0.233386,0.234161,-0.226155
0.233004,0.236407,-0.226828
0.231795,0.241024,-0.225102
0.230686,0.240552,-0.224205
0.229689,0.241465,-0.224554
0.229484,0.242998,-0.222685
0.231557,0.243451,-0.222465
0.230905,0.244666,-0.222476
0.229441,0.246552,-0.222489
0.229539,0.247214,-0.221889
0.226906,0.250062,-0.224308
0.227130,0.251390,-0.220832
0.223759,0.251310,-0.223010
0.222502,0.253009,-0.221333
0.222400,0.254856,-0.220777
0.222317,0.256697,-0.219792
0.221194,0.253964,-0.221390
0.220734,0.257798,-0.217943
0.219693,0.259375,-0.218789
0.217741,0.261022,-0.219183
0.214516,0.260250,-0.219641
0.214973,0.260830,-0.221484
0.212061,0.261577,-0.221395
0.210041,0.263141,-0.223578
0.208931,0.263061,-0.225084
0.206790,0.263645,-0.225176
0.204728,0.263184,-0.226030
0.202861,0.262345,-0.226996
0.202805,0.263402,-0.229103
0.197257,0.264127,-0.231230
0.197175,0.264639,-0.231855
0.196263,0.266284,-0.230518
0.193900,0.264724,-0.232048
0.188929,0.262901,-0.232375
0.188196,0.264310,-0.233428
0.186565,0.265984,-0.236132
0.186087,0.264337,-0.236060
0.184469,0.264204,-0.235982
0.181399,0.265052,-0.239213
0.178402,0.268398,-0.239841
0.176399,0.267412,-0.240945
0.173834,0.266250,-0.242266
0.173826,0.268615,-0.242541
0.170793,0.267270,-0.243907
0.169537,0.267835,-0.243287
0.165504,0.268553,-0.244802
0.165019,0.269608,-0.245872
0.163378,0.269573,-0.247452
0.159197,0.270163,-0.248713
0.158544,0.268123,-0.248736
0.155613,0.269555,-0.251081
0.155058,0.269953,-0.251422
0.118245,0.242497,-0.289738
0.117711,0.241949,-0.291230
0.111936,0.240650,-0.291664
0.109940,0.241970,-0.293443
0.107970,0.242825,-0.294096
0.107153,0.243500,-0.295305
0.105818,0.243741,-0.296000
0.103668,0.245569,-0.295778
0.102982,0.242527,-0.297244
0.099055,0.244494,-0.299320
0.098333,0.247056,-0.299367
0.096741,0.246699,-0.300667
0.092497,0.247343,-0.299251
0.092958,0.245570,-0.302197
0.089444,0.247132,-0.302837
0.088389,0.248768,-0.303266
0.085115,0.248666,-0.304347
0.085959,0.248740,-0.306384
0.082960,0.248438,-0.307189
0.081755,0.248724,-0.304729
0.079991,0.250153,-0.305409
0.078431,0.252472,-0.306927
0.074462,0.252697,-0.306871
0.074190,0.252326,-0.308460
0.072154,0.253944,-0.310426
0.069327,0.253259,-0.311409
0.066870,0.253755,-0.314040
0.065224,0.255590,-0.315110
0.062176,0.254109,-0.316366
0.059903,0.252295,-0.316284
0.056609,0.253117,-0.316988
0.304085,0.074850,-0.276186
0.305081,0.077416,-0.274266
0.303914,0.079665,-0.270984
0.305420,0.080826,-0.271572
0.303728,0.082905,-0.269084
0.307781,0.086610,-0.268780
0.306540,0.089182,-0.266196
0.308213,0.092932,-0.266012
0.307956,0.092830,-0.263144
0.305104,0.096836,-0.261827
0.309307,0.098391,-0.260047
0.307331,0.101198,-0.258543
0.307485,0.102903,-0.256349
0.307823,0.105686,-0.257203
0.307386,0.105942,-0.255336
0.309310,0.109197,-0.253326
0.307698,0.111957,-0.252158
0.307524,0.114101,-0.248591
0.308503,0.118610,-0.249072
0.308722,0.120141,-0.247038
0.309743,0.122065,-0.244430
0.310742,0.124843,-0.243842
0.308499,0.126838,-0.242455
0.309705,0.127954,-0.241861
0.310568,0.130798,-0.237884
0.310116,0.133810,-0.239016
0.309042,0.136613,-0.237227
0.312426,0.135984,-0.233378
0.309730,0.140085,-0.231864
0.311955,0.142263,-0.231231
0.311085,0.144629,-0.231843
0.311427,0.147406,-0.229819
0.311248,0.150255,-0.228802
0.312229,0.152012,-0.226198
0.310143,0.155600,-0.223987
0.310113,0.157960,-0.224115
0.312390,0.157833,-0.223543
0.313383,0.159880,-0.221912
0.312628,0.163709,-0.218267
0.313519,0.166163,-0.217776
0.313033,0.167840,-0.214910
0.311734,0.169865,-0.215891
0.312811,0.172625,-0.213204
0.312749,0.175119,-0.213411
0.312570,0.173597,-0.213119
0.309351,0.175011,-0.213186
0.309279,0.176213,-0.215297
0.306870,0.177192,-0.213552
0.306488,0.175889,-0.216045
0.304094,0.177923,-0.215031
0.302412,0.178918,-0.215527
0.298731,0.180362,-0.217237
0.300071,0.179430,-0.218119
0.297694,0.181114,-0.218177
0.296259,0.181095,-0.217777
0.295177,0.183516,-0.218403
0.294695,0.182871,-0.219855
0.293549,0.184030,-0.218488
0.291158,0.183179,-0.219718
0.289445,0.185305,-0.221842
0.290098,0.186333,-0.219818
0.287084,0.186729,-0.220446
0.284845,0.187017,-0.221004
0.284760,0.188234,-0.221886
0.282188,0.189885,-0.221770
0.282211,0.189464,-0.223580
0.280381,0.189251,-0.223969
0.278274,0.189370,-0.222739
0.275483,0.191950,-0.224125
0.272782,0.191702,-0.224466
0.272788,0.194339,-0.226044
0.270491,0.195161,-0.223521
0.270541,0.193317,-0.226117
0.269504,0.195648,-0.225099
0.267305,0.196738,-0.225037
0.268095,0.194932,-0.226922
0.265703,0.197696,-0.226464
0.262599,0.200016,-0.228935
0.262389,0.199597,-0.227615
0.261324,0.199145,-0.228375
0.259445,0.200957,-0.230261
0.259609,0.201559,-0.228436
0.256769,0.201638,-0.229385
0.254694,0.203885,-0.229378
0.253091,0.203990,-0.229916
0.253758,0.203219,-0.231379
0.251413,0.205202,-0.232269
0.248886,0.207452,-0.230228
0.249031,0.208067,-0.230913
0.245135,0.210705,-0.231107
0.245916,0.207887,-0.230744
0.246437,0.208729,-0.231806
0.244203,0.211599,-0.229805
0.242288,0.212648,-0.231727
0.242747,0.213215,-0.230103
0.242202,0.216362,-0.229657
0.240235,0.216125,-0.230726
0.240899,0.220136,-0.228620
0.239909,0.218767,-0.229107
0.237732,0.220904,-0.228199
0.237942,0.223437,-0.229463
0.235861,0.221701,-0.230599
0.237148,0.223517,-0.229161
0.234356,0.225196,-0.228032
0.233286,0.228311,-0.226205
0.232266,0.227957,-0.227308
0.233265,0.230473,-0.226040
0.231322,0.232662,-0.226088
0.233590,0.233473,-0.226647
0.230996,0.235545,-0.224270
0.230553,0.236777,-0.223757
0.230912,0.237182,-0.222684
0.226702,0.239349,-0.223287
0.228470,0.241028,-0.222494
0.227658,0.241884,-0.221702
0.227166,0.241527,-0.222615
0.226076,0.245829,-0.221415
0.227467,0.247663,-0.221106
0.225997,0.247734,-0.221242
0.222841,0.250570,-0.222722
0.224571,0.249591,-0.220168
0.221582,0.251501,-0.220529
0.218248,0.253348,-0.219002
0.221003,0.252920,-0.219226
0.219292,0.256231,-0.220730
0.220252,0.256665,-0.218939
0.218199,0.257504,-0.218520
0.217399,0.260707,-0.218642
0.215525,0.262048,-0.218458
0.214351,0.260518,-0.219752
0.214302,0.260726,-0.219336
0.212328,0.261822,-0.222003
0.210247,0.261115,-0.222155
0.207930,0.263037,-0.222889
0.203735,0.261831,-0.224627
0.202712,0.263772,-0.223793
0.203437,0.264674,-0.224578
0.198892,0.262823,-0.226205
0.197252,0.264009,-0.229387
0.193389,0.266113,-0.229415
0.194229,0.265481,-0.230590
0.190015,0.263712,-0.229352
0.189206,0.264716,-0.230644
0.188113,0.266296,-0.233922
0.185473,0.267089,-0.232582
0.183145,0.267220,-0.237042
0.181700,0.267532,-0.234886
0.182262,0.266690,-0.236347
0.176949,0.267103,-0.238114
0.174902,0.268117,-0.237407
0.172139,0.268543,-0.239452
0.172651,0.268096,-0.240506
0.170188,0.266612,-0.242772
0.166127,0.267686,-0.242329
0.164500,0.269080,-0.243795
0.163076,0.269552,-0.243987
0.161844,0.270377,-0.246098
0.161148,0.270804,-0.246447
0.157829,0.268917,-0.248634
0.120610,0.241883,-0.285404
0.117689,0.243052,-0.286522
0.116540,0.241304,-0.287499
0.112267,0.242138,-0.289338
0.111677,0.241840,-0.292108
0.109574,0.240499,-0.291598
0.105951,0.243404,-0.293417
0.106099,0.241868,-0.293748
0.103133,0.241453,-0.295471
0.101459,0.242210,-0.295409
0.100601,0.244916,-0.295513
0.096923,0.244558,-0.296115
0.094734,0.246355,-0.296696
0.094531,0.245537,-0.298814
0.094058,0.246075,-0.300259
0.090798,0.247124,-0.300103
0.090100,0.248953,-0.301158
0.086683,0.247970,-0.302002
0.084402,0.250831,-0.303862
0.082670,0.248364,-0.304212
0.081501,0.249562,-0.303007
0.079243,0.251795,-0.304802
0.076931,0.251835,-0.304997
0.075779,0.253086,-0.305041
0.074288,0.252333,-0.306820
0.072807,0.253797,-0.305974
0.072366,0.252590,-0.311761
0.066099,0.252099,-0.310926
0.063876,0.253133,-0.311294
0.063449,0.254198,-0.311835
0.061246,0.255292,-0.315824
0.057857,0.253590,-0.314524
0.304920,0.074016,-0.273740
0.303582,0.072116,-0.274267
0.303638,0.075997,-0.271926
0.304540,0.078963,-0.269584
0.304812,0.082277,-0.269339
0.305472,0.084076,-0.270565
0.305758,0.085395,-0.265829
0.306396,0.087970,-0.264674
0.306460,0.090275,-0.264896
0.305409,0.092652,-0.262255
0.306955,0.096024,-0.259183
0.308155,0.095340,-0.258669
0.308380,0.100479,-0.256988
0.307972,0.101912,-0.254310
0.307836,0.105583,-0.253854
0.306038,0.106889,-0.252707
0.309287,0.108858,-0.250934
0.306640,0.112620,-0.251385
0.308934,0.113241,-0.248755
0.309789,0.115154,-0.246109
0.308215,0.118723,-0.245763
0.308183,0.120824,-0.245529
0.308678,0.123418,-0.241737
0.308357,0.127023,-0.240395
0.310519,0.127836,-0.240117
0.309460,0.128966,-0.237854
0.309865,0.133049,-0.235317
0.309848,0.135501,-0.235152
0.308772,0.137334,-0.233336
0.310723,0.140666,-0.232134
0.309355,0.141593,-0.228301
0.310484,0.144550,-0.228278
0.310849,0.146645,-0.227958
0.312240,0.148658,-0.225504
0.310206,0.150681,-0.223399
0.313032,0.153588,-0.222804
0.311910,0.158217,-0.220123
0.311107,0.157348,-0.220344
0.311842,0.160835,-0.218776
0.313818,0.163153,-0.216605
0.313494,0.164226,-0.216109
0.312664,0.169540,-0.213824
0.313949,0.170474,-0.213208
0.312604,0.171752,-0.210639
0.313236,0.173971,-0.211654
0.309151,0.172985,-0.211981
0.307999,0.174662,-0.211558
0.307572,0.174523,-0.212958
0.304315,0.175109,-0.214867
0.304027,0.176495,-0.215828
0.301388,0.177176,-0.216280
0.300622,0.177151,-0.215589
0.299272,0.177888,-0.216079
0.297975,0.178923,-0.217338
0.296536,0.179449,-0.216623
0.292649,0.180491,-0.217304
0.295595,0.180497,-0.216454
0.291675,0.182072,-0.218256
0.291535,0.182971,-0.218173
0.289577,0.184367,-0.218567
0.288818,0.184994,-0.219009
0.286032,0.184832,-0.219168
0.286426,0.185932,-0.219542
0.283862,0.187516,-0.218700
0.282577,0.186013,-0.219611
0.279887,0.188678,-0.220781
0.279662,0.187657,-0.221084
0.280083,0.189804,-0.222046
0.275581,0.190332,-0.222931
0.275225,0.191867,-0.222353
0.274576,0.192456,-0.223317
0.271675,0.192956,-0.222769
0.272360,0.193102,-0.225677
0.271144,0.193730,-0.224282
0.268257,0.194922,-0.222495
0.267360,0.195972,-0.225431
0.264133,0.195668,-0.224206
0.264605,0.197317,-0.226121
0.261952,0.197653,-0.226659
0.261328,0.197629,-0.226250
0.260495,0.198514,-0.227221
0.259675,0.201044,-0.226683
0.257683,0.199855,-0.227981
0.255483,0.201703,-0.227904
0.253153,0.203857,-0.227112
0.251272,0.201675,-0.226943
0.251457,0.204818,-0.227499
0.250258,0.204839,-0.228601
0.248039,0.204209,-0.229374
0.249110,0.205897,-0.229170
0.247716,0.209386,-0.229498
0.246668,0.207872,-0.229769
0.246060,0.211237,-0.229568
0.241805,0.212126,-0.228019
0.242064,0.212385,-0.228481
0.242753,0.213898,-0.229688
0.239933,0.213480,-0.230405
0.239644,0.215189,-0.228964
0.239678,0.217392,-0.227805
0.237642,0.218205,-0.228855
0.237238,0.219457,-0.227693
0.238335,0.221535,-0.228357
0.235490,0.221430,-0.227378
0.234644,0.225162,-0.227503
0.236698,0.224961,-0.226080
0.233220,0.225451,-0.228034
0.232797,0.227997,-0.225930
0.231346,0.230318,-0.225009
0.232188,0.231138,-0.225962
0.230914,0.234718,-0.224637
0.229207,0.234733,-0.225190
0.231097,0.235250,-0.222767
0.230292,0.236655,-0.224043
0.229372,0.237312,-0.222578
0.228042,0.240003,-0.220891
0.227947,0.238931,-0.219868
0.225684,0.242120,-0.220438
0.226044,0.244220,-0.219809
0.224882,0.245631,-0.220513
0.225269,0.245304,-0.219761
0.223010,0.248315,-0.219761
0.223054,0.248611,-0.220177
0.222587,0.249655,-0.219783
0.220405,0.250760,-0.219958
0.218219,0.252528,-0.219874
0.218321,0.254162,-0.219172
0.216480,0.254237,-0.219596
0.217783,0.256764,-0.219339
0.214990,0.257876,-0.219206
0.215208,0.257416,-0.219742
0.214256,0.259675,-0.217806
0.213294,0.262469,-0.217297
0.212025,0.261121,-0.218475
0.210438,0.262645,-0.218686
0.206992,0.262460,-0.218798
0.207904,0.264787,-0.221321
0.203616,0.264597,-0.220513
0.203101,0.264033,-0.222836
0.198276,0.263573,-0.223734
0.197823,0.264229,-0.223935
0.195962,0.263902,-0.225260
0.192388,0.264939,-0.226042
0.192479,0.262483,-0.227146
0.187396,0.266109,-0.229413
0.189646,0.265090,-0.230235
0.185607,0.266070,-0.230088
0.185148,0.266257,-0.232981
0.182275,0.267354,-0.233150
0.179380,0.269158,-0.233156
0.177478,0.265910,-0.236024
0.175939,0.269497,-0.236143
0.173894,0.267400,-0.236054
0.171564,0.270101,-0.236389
0.168564,0.269484,-0.237938
0.168603,0.267236,-0.239462
0.166230,0.269695,-0.240414
0.164256,0.269459,-0.241351
0.161575,0.269751,-0.241715
0.160772,0.270445,-0.244825
0.159191,0.270296,-0.244473
0.121200,0.241230,-0.283192
0.117985,0.240924,-0.286883
0.114369,0.241029,-0.288195
0.111658,0.238797,-0.287248
0.108973,0.239769,-0.290029
0.108406,0.240897,-0.289079
0.106004,0.242202,-0.292061
0.105801,0.243111,-0.293608
0.102316,0.243865,-0.292758
0.101204,0.244827,-0.292680
0.098082,0.242833,-0.294096
0.096478,0.244865,-0.295669
0.095771,0.245783,-0.296736
0.093850,0.246554,-0.296317
0.093028,0.244833,-0.295522
0.092379,0.247515,-0.298296
0.089182,0.249292,-0.298011
0.085041,0.247654,-0.300874
0.085501,0.246635,-0.299327
0.085170,0.251131,-0.301670
0.082248,0.252247,-0.301189
0.078227,0.251518,-0.302213
0.077414,0.249211,-0.301325
0.078105,0.252140,-0.302262
0.076251,0.252575,-0.303509
0.072874,0.253037,-0.304319
0.069409,0.252383,-0.304044
0.068182,0.252892,-0.307575
0.066646,0.252562,-0.307430
0.065067,0.254105,-0.309394
0.062032,0.255330,-0.310881
0.059639,0.254331,-0.310584
0.058034,0.256368,-0.313098
0.304631,0.071324,-0.273416
0.305190,0.072948,-0.271692
0.304682,0.075493,-0.270742
0.305459,0.077983,-0.270027
0.305209,0.082724,-0.267275
0.303871,0.083181,-0.266347
0.303506,0.085160,-0.264736
0.304531,0.088241,-0.263307
0.304597,0.091058,-0.261556
0.307081,0.092825,-0.260421
0.305046,0.094683,-0.258475
0.305175,0.097746,-0.255814
0.306485,0.100066,-0.255824
0.304205,0.102351,-0.253744
0.305787,0.105109,-0.252394
0.306799,0.107241,-0.250441
0.306557,0.109501,-0.248944
0.307991,0.113151,-0.247804
0.306739,0.113601,-0.246095
0.308517,0.117617,-0.245829
0.309289,0.118241,-0.245351
0.309591,0.120307,-0.240952
0.307684,0.124388,-0.242263
0.308807,0.125269,-0.238680
0.308197,0.126801,-0.239865
0.310024,0.129768,-0.233835
0.309755,0.133538,-0.235733
0.310911,0.135781,-0.233979
0.310864,0.137926,-0.232936
0.309548,0.139966,-0.228636
0.309725,0.142747,-0.227686
0.309190,0.144578,-0.227751
0.309679,0.146410,-0.227386
0.309730,0.147781,-0.225006
0.311648,0.151904,-0.223685
0.310551,0.154237,-0.221576
0.311381,0.156312,-0.218954
0.311616,0.157480,-0.217392
0.311376,0.161145,-0.215357
0.312280,0.162802,-0.214928
0.311431,0.165084,-0.213356
0.312272,0.167757,-0.213155
0.312660,0.169036,-0.210106
0.313804,0.169856,-0.211024
0.309822,0.171534,-0.209184
0.309871,0.173036,-0.212193
0.307130,0.172981,-0.211601
0.306523,0.173825,-0.215039
0.305234,0.176732,-0.211686
0.303651,0.175312,-0.212879
0.303520,0.175801,-0.214623
0.299977,0.176540,-0.213711
0.298513,0.176802,-0.215740
0.295401,0.178442,-0.214795
0.296570,0.177647,-0.217209
0.293640,0.178995,-0.214433
0.291698,0.180050,-0.216306
0.293396,0.181996,-0.215456
0.290237,0.181771,-0.216429
0.288612,0.182459,-0.217967
0.288168,0.182602,-0.217111
0.285585,0.184625,-0.218239
0.284500,0.185727,-0.217089
0.285513,0.187614,-0.219523
0.282137,0.184894,-0.219076
0.278426,0.189339,-0.218612
0.280238,0.189081,-0.219064
0.277618,0.189401,-0.220459
0.276472,0.189833,-0.220292
0.272841,0.188107,-0.220536
0.273191,0.191958,-0.220663
0.272161,0.191726,-0.222979
0.270098,0.192811,-0.222139
0.267180,0.192891,-0.223061
0.267477,0.193635,-0.223631
0.266711,0.192683,-0.221573
0.263855,0.193654,-0.222993
0.263693,0.197761,-0.225148
0.262318,0.196831,-0.223901
0.260094,0.197945,-0.225762
0.260216,0.200145,-0.226088
0.256938,0.198834,-0.226431
0.257488,0.200707,-0.226062
0.255279,0.201275,-0.226515
0.252103,0.201316,-0.227461
0.253043,0.203319,-0.227430
0.250277,0.203136,-0.225446
0.248163,0.204847,-0.228937
0.246691,0.205521,-0.228238
0.247959,0.206518,-0.227981
0.247859,0.206659,-0.228264
0.246501,0.207504,-0.229556
0.245284,0.207067,-0.227513
0.241244,0.209228,-0.228923
0.242679,0.212589,-0.228879
0.240143,0.212888,-0.229209
0.240007,0.212892,-0.226697
0.238563,0.215018,-0.227614
0.235844,0.215559,-0.226479
0.238156,0.215976,-0.229025
0.237454,0.219146,-0.226394
0.233245,0.220114,-0.225692
0.234193,0.221836,-0.225984
0.232459,0.225008,-0.224767
0.233071,0.225489,-0.224972
0.231424,0.225931,-0.226134
0.230213,0.225934,-0.224345
0.230945,0.228612,-0.226665
0.228858,0.231385,-0.223184
0.227909,0.231194,-0.224161
0.230666,0.231821,-0.220582
0.230111,0.235645,-0.222773
0.227968,0.238328,-0.223107
0.227272,0.237873,-0.221139
0.224806,0.239865,-0.219919
0.224030,0.239807,-0.219752
0.224837,0.242471,-0.219458
0.222395,0.241186,-0.220310
0.223042,0.245057,-0.219048
0.224325,0.245042,-0.221333
0.222523,0.246155,-0.219366
0.221257,0.248010,-0.219565
0.218588,0.248633,-0.218672
0.218896,0.248549,-0.218622
0.217512,0.252852,-0.219827
0.218311,0.253329,-0.218219
0.216398,0.253591,-0.219511
0.213800,0.254386,-0.219183
0.214974,0.256129,-0.218768
0.213337,0.257511,-0.217671
0.212780,0.257751,-0.217503
0.211590,0.260583,-0.216941
0.211684,0.261907,-0.215782
0.209290,0.263277,-0.219110
0.209105,0.261434,-0.216752
0.206663,0.262588,-0.217098
0.205204,0.264327,-0.219716
0.203026,0.261729,-0.220491
0.201073,0.264778,-0.220447
0.200172,0.263586,-0.223085
0.196674,0.267555,-0.223649
0.195337,0.266928,-0.222333
0.190556,0.265703,-0.224385
0.191956,0.266821,-0.227237
0.190273,0.265266,-0.226962
0.186332,0.266532,-0.229186
0.186116,0.266436,-0.230359
0.182551,0.267527,-0.228853
0.181105,0.266723,-0.230385
0.177022,0.268574,-0.231750
0.174792,0.268723,-0.231259
0.175885,0.270057,-0.232847
0.172997,0.269218,-0.234478
0.171229,0.269062,-0.234133
0.169383,0.269827,-0.237265
0.167265,0.269657,-0.238697
0.164781,0.270033,-0.240372
0.163486,0.270165,-0.239632
0.161044,0.271109,-0.240302
0.122182,0.240430,-0.280687
0.119360,0.241589,-0.280974
0.116835,0.240524,-0.282053
0.114755,0.238426,-0.286168
0.113432,0.241290,-0.287843
0.111992,0.239855,-0.288540
0.107792,0.240426,-0.289834
0.105994,0.239981,-0.289423
0.104218,0.242907,-0.292259
0.101203,0.244453,-0.291446
0.098849,0.242467,-0.291755
0.099209,0.243151,-0.293225
0.095856,0.245758,-0.293348
0.095714,0.244563,-0.292056
0.093364,0.246326,-0.293837
0.093266,0.246034,-0.294448
0.090023,0.245990,-0.296265
0.089164,0.248214,-0.296532
0.087439,0.249240,-0.297602
0.084555,0.247993,-0.298067
0.084651,0.248894,-0.297875
0.082576,0.250545,-0.297805
0.079007,0.250491,-0.298715
0.078867,0.252228,-0.297281
0.077446,0.252431,-0.300957
0.074489,0.253744,-0.299393
0.073440,0.252292,-0.301492
0.071515,0.255126,-0.301890
0.070088,0.255207,-0.304375
0.066893,0.254786,-0.303849
0.065118,0.254834,-0.307627
0.062969,0.253664,-0.306284
0.060248,0.256326,-0.308386
0.059649,0.256593,-0.309066
0.303334,0.066994,-0.271733
0.303968,0.069139,-0.272680
0.303006,0.072601,-0.271442
0.305022,0.076845,-0.269744
0.303283,0.077910,-0.266506
0.305637,0.081628,-0.264786
0.304491,0.084046,-0.265031
0.305658,0.086686,-0.262216
0.306023,0.086176,-0.259959
0.304903,0.090000,-0.260457
0.306512,0.093304,-0.258014
0.306848,0.095159,-0.256044
0.306255,0.097035,-0.254799
0.306610,0.099005,-0.253957
0.306442,0.104410,-0.252967
0.305136,0.105454,-0.250611
0.305922,0.106104,-0.250019
0.308692,0.107045,-0.246770
0.306626,0.111395,-0.247357
0.307729,0.113606,-0.246133
0.307341,0.115154,-0.243250
0.306563,0.119793,-0.243274
0.306003,0.121330,-0.239161
0.309494,0.121119,-0.237821
0.309145,0.125326,-0.237616
0.309306,0.127510,-0.238473
0.309057,0.129573,-0.233305
0.308808,0.132977,-0.233522
0.309985,0.135068,-0.230297
0.309444,0.136556,-0.230106
0.308212,0.140940,-0.227182
0.310397,0.140364,-0.228331
0.309688,0.143533,-0.224628
0.309453,0.148057,-0.223145
0.310722,0.148476,-0.221858
0.311053,0.150168,-0.220931
0.311610,0.151933,-0.220519
0.309510,0.155785,-0.217394
0.310602,0.157071,-0.215979
0.311927,0.159899,-0.215843
0.309882,0.162939,-0.212767
0.312182,0.165187,-0.212128
0.313983,0.167025,-0.210562
0.311124,0.168549,-0.208963
0.309129,0.171198,-0.208455
0.308177,0.168646,-0.209389
0.307505,0.171389,-0.211316
0.307646,0.171789,-0.214173
0.304417,0.173186,-0.210863
0.303771,0.172093,-0.210688
0.301532,0.172655,-0.212041
0.301909,0.174910,-0.213717
0.298460,0.175131,-0.212830
0.296879,0.176388,-0.214603
0.295850,0.177711,-0.215147
0.292180,0.176173,-0.214711
0.294149,0.180183,-0.213982
0.290718,0.180032,-0.217088
0.292147,0.180289,-0.214760
0.290656,0.181816,-0.216422
0.289985,0.181635,-0.215830
0.286820,0.182261,-0.216494
0.282954,0.182687,-0.218511
0.283693,0.182841,-0.216551
0.283083,0.185063,-0.217875
0.280300,0.184944,-0.219090
0.278582,0.186465,-0.218423
0.276694,0.187816,-0.218748
0.276553,0.185826,-0.220207
0.274426,0.190365,-0.218979
0.272395,0.189233,-0.219026
0.272557,0.189940,-0.221030
0.271979,0.190717,-0.218954
0.270322,0.192098,-0.221328
0.268759,0.193147,-0.221142
0.265689,0.194292,-0.222574
0.266871,0.193547,-0.222930
0.265190,0.194246,-0.223701
0.262689,0.195506,-0.223883
0.259645,0.195813,-0.223946
0.259174,0.196770,-0.224211
0.259506,0.197817,-0.222982
0.257204,0.197827,-0.222585
0.255244,0.199996,-0.224634
0.256149,0.200285,-0.225197
0.254619,0.202546,-0.225146
0.253109,0.202209,-0.225090
0.250624,0.202543,-0.225099
0.249363,0.204653,-0.227214
0.249201,0.205119,-0.226635
0.246352,0.206671,-0.228394
0.243982,0.206851,-0.227429
0.245183,0.206668,-0.227417
0.244084,0.207846,-0.228277
0.241349,0.212661,-0.228544
0.241020,0.210477,-0.225539
0.239671,0.212351,-0.225745
0.238730,0.211897,-0.228067
0.237982,0.214179,-0.228150
0.238512,0.216023,-0.226390
0.235974,0.214924,-0.226560
0.234972,0.216910,-0.226708
0.234101,0.217031,-0.224978
0.232781,0.220947,-0.225803
0.233109,0.221156,-0.224395
0.232755,0.222637,-0.225039
0.231374,0.225464,-0.223853
0.231386,0.225637,-0.225131
0.230446,0.226523,-0.225211
0.227800,0.227904,-0.223280
0.229103,0.230137,-0.224415
0.228188,0.231653,-0.221608
0.224269,0.234935,-0.221490
0.226438,0.235555,-0.222525
0.225597,0.235016,-0.219588
0.226563,0.238099,-0.221019
0.225158,0.238905,-0.219804
0.223965,0.242219,-0.219587
0.222489,0.241990,-0.218527
0.222205,0.241397,-0.219848
0.221412,0.243836,-0.218643
0.220037,0.245137,-0.220218
0.219508,0.245422,-0.216179
0.220234,0.248429,-0.217272
0.217744,0.250235,-0.220311
0.216515,0.250997,-0.217650
0.217360,0.250456,-0.218005
0.215453,0.254158,-0.218092
0.214260,0.253015,-0.218182
0.213008,0.254605,-0.218935
0.210033,0.255577,-0.216135
0.212105,0.255967,-0.217346
0.209535,0.258164,-0.216827
0.208137,0.258551,-0.217975
0.209746,0.262152,-0.217430
0.205490,0.260461,-0.218869
0.207188,0.261868,-0.216898
0.207028,0.264229,-0.216308
0.205644,0.265209,-0.218562
0.202580,0.265159,-0.219396
0.196988,0.264332,-0.220149
0.196302,0.264202,-0.220092
0.194812,0.264351,-0.221821
0.193610,0.267889,-0.221780
0.193056,0.265908,-0.223845
0.190014,0.266186,-0.222968
0.184616,0.267591,-0.225172
0.185706,0.267111,-0.224991
0.182407,0.267224,-0.227138
0.181517,0.266817,-0.228368
0.179552,0.267914,-0.230303
0.177465,0.268032,-0.230461
0.176082,0.269206,-0.230876
0.173600,0.269328,-0.232919
0.171012,0.270341,-0.233383
0.169012,0.269796,-0.235406
0.168164,0.270848,-0.236035
0.164111,0.271193,-0.235056
0.163022,0.270505,-0.237893
0.126252,0.241746,-0.278002
0.123538,0.241812,-0.278559
0.119106,0.240760,-0.280861
0.117569,0.239229,-0.281459
0.114915,0.240698,-0.284532
0.111065,0.240130,-0.284814
0.109306,0.239827,-0.286923
0.107833,0.241391,-0.287865
0.104871,0.241291,-0.288193
0.103553,0.241231,-0.288550
0.101943,0.242169,-0.290344
0.099227,0.242143,-0.289427
0.098802,0.241996,-0.290880
0.097059,0.243052,-0.290327
0.095081,0.245428,-0.291326
0.093791,0.244030,-0.293001
0.092171,0.246100,-0.292192
0.091465,0.245762,-0.294817
0.086867,0.247390,-0.292776
0.086569,0.250199,-0.294215
0.084741,0.248227,-0.295890
0.082901,0.248010,-0.296494
0.080024,0.250574,-0.296744
0.078516,0.251012,-0.296623
0.078876,0.250635,-0.296168
0.076812,0.252915,-0.298042
0.076188,0.253277,-0.299326
0.074777,0.252636,-0.296921
0.070214,0.254569,-0.299784
0.069871,0.255374,-0.299861
0.068412,0.254482,-0.302054
0.065468,0.256307,-0.302569
0.063911,0.255442,-0.304222
0.058583,0.254534,-0.306106
0.060088,0.254368,-0.307316
0.056748,0.256365,-0.309411
0.302195,0.068974,-0.273589
0.304602,0.068851,-0.270784
0.303447,0.072361,-0.269639
0.303738,0.074501,-0.268187
0.302066,0.077447,-0.265845
0.304552,0.080363,-0.262830
0.304724,0.081947,-0.261649
0.305364,0.085549,-0.261474
0.305128,0.087077,-0.258866
0.305841,0.089448,-0.259775
0.304279,0.092109,-0.258398
0.305184,0.094475,-0.256814
0.302926,0.097634,-0.252971
0.306690,0.098992,-0.250817
0.305650,0.100640,-0.251520
0.305678,0.105431,-0.248154
0.305250,0.105480,-0.246535
0.305393,0.108147,-0.246130
0.306419,0.109005,-0.243392
0.304681,0.111830,-0.244799
0.306934,0.115274,-0.242925
0.304905,0.117638,-0.238384
0.307795,0.120520,-0.239217
0.308849,0.122279,-0.235696
0.307700,0.123783,-0.238228
0.308058,0.126588,-0.234391
0.307332,0.129867,-0.231912
0.310026,0.130658,-0.230297
0.306608,0.133728,-0.229094
0.308132,0.137856,-0.227037
0.308792,0.136886,-0.226424
0.309730,0.140988,-0.224991
0.308123,0.142674,-0.223281
0.309741,0.146378,-0.222356
0.310730,0.148385,-0.220623
0.309254,0.151159,-0.218847
0.308738,0.152550,-0.219094
0.310061,0.155441,-0.217044
0.310551,0.157984,-0.215797
0.310207,0.158771,-0.213500
0.310382,0.161714,-0.212134
0.311609,0.163026,-0.211272
0.312294,0.167036,-0.207812
0.311710,0.168735,-0.209127
0.310802,0.169500,-0.209489
0.306810,0.168972,-0.210194
0.305196,0.170711,-0.209134
0.304119,0.171603,-0.209026
0.303851,0.171721,-0.210165
0.303959,0.172059,-0.211239
0.299945,0.173632,-0.212783
0.298660,0.171895,-0.212588
0.296819,0.173213,-0.213378
0.297659,0.176497,-0.214027
0.294296,0.175717,-0.213578
0.295145,0.176780,-0.213486
0.292733,0.176938,-0.213403
0.290119,0.178270,-0.215521
0.290379,0.178041,-0.215975
0.287956,0.181012,-0.215010
0.287404,0.181016,-0.215735
0.287101,0.179195,-0.214206
0.283159,0.182746,-0.216888
0.282741,0.183777,-0.216903
0.280792,0.183388,-0.217606
0.280699,0.184385,-0.217916
0.281118,0.184606,-0.216978
0.275988,0.187187,-0.218188
0.275986,0.187991,-0.219853
0.275085,0.187523,-0.219220
0.272782,0.187075,-0.219403
0.269754,0.189669,-0.216781
0.270528,0.190613,-0.216980
0.268640,0.190519,-0.219079
0.266508,0.192008,-0.219524
0.268286,0.191447,-0.220975
0.265442,0.192259,-0.220894
0.262736,0.194735,-0.220343
0.260950,0.193669,-0.221565
0.259940,0.195456,-0.221529
0.259492,0.197261,-0.223691
0.258738,0.197628,-0.222345
0.255424,0.198791,-0.221611
0.253052,0.198789,-0.223769
0.254479,0.198711,-0.221579
0.252670,0.201254,-0.223352
0.250905,0.201421,-0.223268
0.250672,0.202414,-0.222780
0.247415,0.203323,-0.225442
0.246453,0.203134,-0.225986
0.247245,0.203908,-0.226077
0.242191,0.205514,-0.225394
0.244250,0.206206,-0.226070
0.242269,0.208097,-0.224722
0.239558,0.208738,-0.226060
0.239745,0.211304,-0.228326
0.238006,0.211046,-0.225211
0.238950,0.211671,-0.224998
0.236770,0.214902,-0.225462
0.236705,0.214990,-0.225052
0.235857,0.216351,-0.224907
0.233842,0.215484,-0.224454
0.231904,0.217838,-0.224203
0.231666,0.220069,-0.222337
0.231462,0.220504,-0.225104
0.230125,0.221216,-0.223700
0.230640,0.221722,-0.224233
0.229751,0.224372,-0.222380
0.228815,0.227342,-0.223207
0.228178,0.227024,-0.224176
0.225719,0.229408,-0.222875
0.226477,0.230756,-0.220101
0.226420,0.231918,-0.219771
0.224010,0.233804,-0.219356
0.224267,0.232558,-0.220121
0.223222,0.236010,-0.220242
0.224938,0.238004,-0.217615
0.221764,0.240376,-0.216460
0.221646,0.240192,-0.218490
0.222234,0.242773,-0.217138
0.220344,0.243697,-0.220246
0.217105,0.244271,-0.217969
0.217399,0.244726,-0.216442
0.217141,0.246551,-0.218482
0.217195,0.246422,-0.217071
0.216121,0.247556,-0.216461
0.216169,0.249912,-0.215328
0.214597,0.251949,-0.218101
0.214128,0.251937,-0.217258
0.210498,0.254103,-0.216690
0.211274,0.254422,-0.218733
0.209411,0.254848,-0.217933
0.209327,0.256466,-0.216527
0.208036,0.255188,-0.217900
0.206628,0.257232,-0.216553
0.205544,0.261923,-0.214033
0.203795,0.262196,-0.216373
0.202500,0.260374,-0.216189
0.202612,0.264438,-0.215073
0.202142,0.263570,-0.218293
0.199702,0.268028,-0.214923
0.199676,0.264579,-0.216987
0.196162,0.266747,-0.218984
0.192125,0.265817,-0.219955
0.191023,0.267243,-0.221429
0.190994,0.266676,-0.221069
0.188754,0.267520,-0.221887
0.184896,0.268177,-0.222277
0.184300,0.267914,-0.223212
0.181488,0.269183,-0.225210
0.179300,0.269262,-0.226916
0.177310,0.268142,-0.227522
0.177571,0.269871,-0.229059
0.174566,0.269400,-0.230784
0.172136,0.270538,-0.229727
0.169725,0.271193,-0.232026
0.167929,0.269663,-0.233283
0.163032,0.268559,-0.234470
0.128843,0.241191,-0.269982
0.124852,0.241214,-0.275278
0.122686,0.241560,-0.276085
0.118361,0.240426,-0.278816
0.114730,0.238526,-0.280301
0.114090,0.238306,-0.282135
0.111601,0.239556,-0.283789
0.110598,0.240510,-0.283050
0.107155,0.241867,-0.285678
0.105081,0.239842,-0.286881
0.102880,0.240087,-0.286883
0.102601,0.242778,-0.288723
0.099192,0.242061,-0.287760
0.097570,0.242498,-0.290479
0.097009,0.241645,-0.291983
0.094466,0.243666,-0.290442
0.092182,0.244861,-0.290360
0.090077,0.245168,-0.289153
0.089192,0.244615,-0.291399
0.088089,0.245837,-0.292450
0.083189,0.246497,-0.295072
0.084044,0.247751,-0.293955
0.081054,0.250840,-0.293906
0.081483,0.249881,-0.295604
0.078141,0.253230,-0.295555
0.078028,0.251057,-0.297413
0.077105,0.252658,-0.296329
0.073457,0.251073,-0.296348
0.073605,0.253294,-0.296873
0.070489,0.254380,-0.298064
0.069067,0.253654,-0.299637
0.068221,0.253648,-0.298455
0.066765,0.254413,-0.301299
0.063100,0.255930,-0.302933
0.061193,0.256456,-0.301494
0.059065,0.256797,-0.302089
0.056410,0.256208,-0.306235
0.302007,0.065272,-0.272785
0.302188,0.067216,-0.270621
0.304279,0.068245,-0.268692
0.302287,0.071524,-0.267297
0.302391,0.074334,-0.265791
0.303715,0.076564,-0.263761
0.302572,0.079297,-0.264490
0.304202,0.082689,-0.261636
0.304242,0.085543,-0.261494
0.304094,0.087842,-0.257875
0.305574,0.090908,-0.256258
0.303092,0.090176,-0.255944
0.305868,0.093663,-0.254570
0.305280,0.095806,-0.252660
0.304515,0.098752,-0.250077
0.304651,0.100877,-0.250104
0.305063,0.102082,-0.247687
0.306610,0.106295,-0.245353
0.305694,0.106940,-0.244951
0.306263,0.110918,-0.241159
0.306296,0.113257,-0.240954
0.307009,0.113977,-0.239982
0.306647,0.118242,-0.238611
0.306371,0.119721,-0.237276
0.307322,0.122979,-0.234865
0.306854,0.125816,-0.234932
0.305002,0.127139,-0.233882
0.310246,0.129669,-0.232553
0.309235,0.131798,-0.230153
0.309788,0.134197,-0.228238
0.306829,0.134595,-0.226032
0.307446,0.138365,-0.224365
0.308720,0.139753,-0.220517
0.307765,0.142894,-0.222327
0.309736,0.145766,-0.222007
0.308257,0.145447,-0.219884
0.308893,0.150566,-0.217780
0.309427,0.153180,-0.217533
0.309754,0.154727,-0.213654
0.308918,0.155266,-0.214432
0.309992,0.161489,-0.210996
0.310047,0.162240,-0.208257
0.311049,0.161742,-0.210026
0.310168,0.166363,-0.206985
0.310365,0.165693,-0.207373
0.308109,0.166573,-0.208152
0.306272,0.168170,-0.209125
0.305676,0.169957,-0.209270
0.302555,0.169659,-0.208817
0.302289,0.171467,-0.211477
0.300504,0.173488,-0.210201
0.301646,0.172170,-0.209485
0.298422,0.172485,-0.212013
0.297907,0.172608,-0.211874
0.296409,0.173932,-0.211695
0.294900,0.174788,-0.212758
0.292656,0.176745,-0.211569
0.291113,0.175866,-0.214100
0.288510,0.176994,-0.214899
0.288431,0.178049,-0.213406
0.285889,0.178478,-0.215843
0.286188,0.178971,-0.214140
0.284201,0.178607,-0.215768
0.283161,0.180372,-0.213517
0.281965,0.182028,-0.215443
0.281810,0.182693,-0.214843
0.279279,0.182670,-0.215532
0.277877,0.185083,-0.217169
0.275921,0.186684,-0.215134
0.276544,0.185329,-0.216606
0.272278,0.185830,-0.218927
0.273014,0.189047,-0.217016
0.269914,0.189745,-0.219050
0.268155,0.189782,-0.219081
0.267545,0.187554,-0.217376
0.264063,0.189620,-0.218406
0.265718,0.192637,-0.219518
0.262154,0.191862,-0.218911
0.261487,0.192899,-0.221009
0.260020,0.192685,-0.219530
0.259142,0.195035,-0.221620
0.259013,0.194981,-0.219108
0.255908,0.196513,-0.221553
0.254786,0.196614,-0.220152
0.252974,0.198901,-0.222707
0.254846,0.199238,-0.221984
0.252176,0.200394,-0.223182
0.250928,0.200045,-0.221463
0.248789,0.200226,-0.224542
0.246840,0.202309,-0.223821
0.246147,0.202279,-0.221475
0.243186,0.204648,-0.224137
0.242159,0.204860,-0.224992
0.242362,0.206793,-0.223143
0.241856,0.205353,-0.223363
0.240645,0.208092,-0.224680
0.238400,0.207555,-0.225037
0.238626,0.211109,-0.226383
0.237446,0.213300,-0.224206
0.236393,0.213839,-0.222702
0.234310,0.214438,-0.224984
0.233639,0.213274,-0.224994
0.232980,0.215688,-0.221947
0.231719,0.218024,-0.223511
0.231695,0.217658,-0.224231
0.230620,0.218433,-0.224635
0.228631,0.220522,-0.219854
0.227121,0.222608,-0.222210
0.228896,0.224797,-0.220947
0.225665,0.224614,-0.220624
0.225280,0.226010,-0.221622
0.226788,0.228881,-0.220513
0.225832,0.230018,-0.221482
0.222920,0.230557,-0.220559
0.225430,0.232510,-0.217952
0.222728,0.234201,-0.218752
0.221901,0.235142,-0.218612
0.220391,0.236568,-0.219063
0.220480,0.238433,-0.218691
0.219340,0.238535,-0.218051
0.220157,0.240645,-0.217060
0.218530,0.242167,-0.217877
0.217591,0.241077,-0.215905
0.215912,0.243157,-0.215882
0.216586,0.244767,-0.215842
0.214552,0.247243,-0.219307
0.213917,0.248404,-0.215730
0.212217,0.246659,-0.218385
0.213423,0.250246,-0.217023
0.209942,0.250036,-0.215636
0.208846,0.251571,-0.215205
0.207540,0.253638,-0.215794
0.207858,0.252564,-0.215618
0.206880,0.253679,-0.216406
0.204884,0.256117,-0.216529
0.204877,0.259340,-0.215463
0.204316,0.258999,-0.216899
0.201539,0.259095,-0.218359
0.201937,0.260991,-0.216686
0.198417,0.262018,-0.214622
0.198199,0.262671,-0.216211
0.196108,0.263117,-0.216483
0.197819,0.264051,-0.216459
0.195401,0.264098,-0.217593
0.195625,0.267396,-0.218987
0.194154,0.268062,-0.218082
0.188223,0.266730,-0.219077
0.190070,0.269060,-0.219703
0.187567,0.268446,-0.220173
0.184616,0.268527,-0.221565
0.182586,0.270637,-0.223293
0.181083,0.269754,-0.223932
0.178567,0.268758,-0.224757
0.176909,0.270354,-0.225316
0.172039,0.268222,-0.226441
0.170350,0.268842,-0.229690
0.170970,0.267152,-0.233016
0.162089,0.266679,-0.235466
0.155744,0.262521,-0.244266
0.128354,0.242140,-0.270437
0.123434,0.240346,-0.272325
0.123568,0.240422,-0.274521
0.120497,0.240369,-0.275905
0.114907,0.238265,-0.278268
0.113398,0.238981,-0.280174
0.109641,0.239383,-0.282368
0.109034,0.236127,-0.279880
0.107290,0.239660,-0.285172
0.105332,0.240106,-0.283415
0.103615,0.240985,-0.284455
0.099312,0.242180,-0.287250
0.096821,0.240660,-0.285780
0.099214,0.243640,-0.286617
0.094502,0.243923,-0.287293
0.093634,0.244518,-0.288558
0.093281,0.243876,-0.289503
0.090394,0.244401,-0.290146
0.087456,0.244620,-0.288176
0.088852,0.246114,-0.292166
0.085370,0.247293,-0.293757
0.086126,0.248352,-0.292545
0.084764,0.247427,-0.291601
0.083062,0.247073,-0.295807
0.077645,0.251537,-0.293172
0.077869,0.249792,-0.294707
0.075734,0.251014,-0.293766
0.074105,0.252137,-0.294932
0.071945,0.253901,-0.297160
0.070015,0.253319,-0.296117
0.068668,0.252501,-0.297656
0.067096,0.252662,-0.298118
0.065188,0.254322,-0.298548
0.062836,0.256188,-0.298962
0.061831,0.256977,-0.301720
0.059165,0.254806,-0.300717
0.058528,0.259110,-0.301650
0.300554,0.064488,-0.268976
0.302838,0.067306,-0.269725
0.302318,0.068131,-0.267025
0.302689,0.070777,-0.264359
0.303614,0.076061,-0.264541
0.303730,0.074775,-0.261696
0.303078,0.079527,-0.261152
0.302299,0.080739,-0.259769
0.301519,0.083387,-0.258952
0.304148,0.085520,-0.257694
0.303802,0.088114,-0.253776
0.301966,0.091162,-0.252702
0.304104,0.093927,-0.251016
0.304264,0.095753,-0.251436
0.304333,0.099441,-0.246832
0.306210,0.100577,-0.245212
0.303773,0.104153,-0.244993
0.304494,0.106203,-0.243739
0.305828,0.106831,-0.241876
0.305263,0.109449,-0.240119
0.304406,0.109303,-0.239624
0.306474,0.113155,-0.237255
0.306597,0.116380,-0.234593
0.306946,0.118284,-0.235804
0.307201,0.121521,-0.233924
0.306013,0.123679,-0.232040
0.306702,0.127352,-0.231709
0.308661,0.128433,-0.229061
0.306827,0.131173,-0.226870
0.307594,0.133240,-0.227964
0.306145,0.134317,-0.224359
0.307112,0.137047,-0.223118
0.308773,0.139482,-0.220704
0.309453,0.144268,-0.219967
0.307742,0.143423,-0.218353
0.307389,0.146516,-0.217179
0.307719,0.148197,-0.215825
0.310855,0.151571,-0.214000
0.308835,0.155040,-0.213061
0.310208,0.156857,-0.212307
0.312498,0.157569,-0.208246
0.309994,0.161586,-0.209412
0.310898,0.166370,-0.209503
0.312022,0.164053,-0.205853
0.309426,0.167013,-0.207845
0.306903,0.166108,-0.207130
0.306048,0.166520,-0.206382
0.303883,0.166730,-0.207546
0.302408,0.167360,-0.208404
0.301665,0.170754,-0.209451
0.298755,0.168398,-0.209220
0.298017,0.170058,-0.208919
0.295765,0.172647,-0.211102
0.296139,0.172570,-0.211520
0.293808,0.171658,-0.209668
0.292795,0.172914,-0.212492
0.292764,0.175896,-0.210116
0.290241,0.175860,-0.212620
0.289563,0.175702,-0.211353
0.287586,0.176986,-0.212533
0.285079,0.175430,-0.212958
0.284469,0.178094,-0.213526
0.284787,0.178339,-0.213078
0.282092,0.180069,-0.214111
0.280896,0.180660,-0.212091
0.278368,0.182105,-0.213646
0.277290,0.183444,-0.213131
0.276633,0.182481,-0.215290
0.275371,0.185186,-0.216090
0.273929,0.184916,-0.216639
0.274470,0.187756,-0.215899
0.269909,0.187423,-0.216265
0.268424,0.189505,-0.215625
0.269525,0.187224,-0.215173
0.266787,0.188418,-0.216512
0.265642,0.190425,-0.217227
0.266015,0.190075,-0.217804
0.262403,0.193765,-0.217757
0.263443,0.192282,-0.218016
0.261458,0.194686,-0.218099
0.258236,0.192300,-0.220088
0.257418,0.196585,-0.218889
0.255250,0.197833,-0.219948
0.255722,0.197946,-0.220001
0.253592,0.198704,-0.219941
0.250876,0.196960,-0.221566
0.250544,0.200912,-0.221423
0.249675,0.198205,-0.221647
0.247946,0.202103,-0.220432
0.246559,0.203130,-0.222315
0.244659,0.200253,-0.221602
0.243563,0.203555,-0.220224
0.244503,0.204550,-0.223195
0.241334,0.205975,-0.222366
0.241055,0.206188,-0.221562
0.240693,0.208183,-0.222246
0.238326,0.208687,-0.223618
0.237857,0.208319,-0.224597
0.235327,0.209703,-0.221759
0.234356,0.211189,-0.222887
0.234581,0.212583,-0.221992
0.232419,0.213972,-0.222557
0.229810,0.216002,-0.222606
0.229402,0.216180,-0.220949
0.231508,0.215738,-0.222195
0.230692,0.219029,-0.222090
0.228848,0.221058,-0.222360
0.229052,0.222879,-0.221389
0.226763,0.222317,-0.220184
0.226886,0.224171,-0.222243
0.224676,0.225911,-0.219757
0.224232,0.226228,-0.221079
0.223527,0.229094,-0.220840
0.224320,0.228799,-0.219854
0.221663,0.231925,-0.219149
0.220817,0.233139,-0.218248
0.220333,0.235120,-0.217170
0.222263,0.235309,-0.217769
0.219743,0.236720,-0.219045
0.219479,0.237008,-0.218006
0.220695,0.239006,-0.219601
0.215796,0.240191,-0.215770
0.216991,0.239889,-0.216764
0.211816,0.243508,-0.216524
0.215095,0.244410,-0.214950
0.214482,0.244874,-0.217529
0.212798,0.244095,-0.216684
0.211908,0.246904,-0.216979
0.209398,0.247402,-0.216764
0.208547,0.249146,-0.217986
0.207895,0.249867,-0.215828
0.207397,0.251143,-0.216868
0.203946,0.252814,-0.215723
0.205200,0.252942,-0.216223
0.204107,0.253554,-0.217504
0.201461,0.256320,-0.215923
0.200109,0.256709,-0.216904
0.201178,0.256976,-0.214846
0.200711,0.257175,-0.215717
0.197288,0.258421,-0.216543
0.197800,0.258047,-0.217697
0.193685,0.261915,-0.216683
0.195213,0.261392,-0.218154
0.192522,0.263370,-0.216096
0.190392,0.262008,-0.218023
0.188958,0.265587,-0.218728
0.189506,0.265240,-0.220845
0.186790,0.267211,-0.218950
0.185663,0.266395,-0.219379
0.184249,0.266562,-0.221310
0.179539,0.269526,-0.221995
0.178372,0.265563,-0.223933
0.176319,0.267291,-0.224959
0.172692,0.266952,-0.227709
0.170085,0.266390,-0.229023
0.166304,0.264773,-0.230540
0.164078,0.263541,-0.233203
0.160801,0.262781,-0.237990
0.133022,0.241514,-0.268152
0.126137,0.240463,-0.268339
0.125467,0.240294,-0.270764
0.119625,0.239443,-0.273579
0.117363,0.240292,-0.274509
0.115922,0.240106,-0.275482
0.112524,0.237613,-0.276914
0.109700,0.237711,-0.280389
0.106903,0.238860,-0.282323
0.105837,0.239542,-0.281297
0.102329,0.239069,-0.283034
0.102300,0.239922,-0.284185
0.100017,0.241689,-0.283940
0.097458,0.240001,-0.284737
0.097705,0.242034,-0.283710
0.094459,0.241894,-0.286658
0.094891,0.243094,-0.287284
0.091369,0.243028,-0.288656
0.088469,0.244948,-0.287522
0.088703,0.244415,-0.289422
0.087440,0.244966,-0.289510
0.083892,0.247178,-0.290226
0.083143,0.246200,-0.289976
0.081039,0.247954,-0.291462
0.079695,0.246224,-0.290921
0.079619,0.248616,-0.289175
0.075558,0.250334,-0.293960
0.074214,0.249846,-0.292581
0.073766,0.251208,-0.293647
0.071701,0.250902,-0.295858
0.069492,0.252583,-0.295238
0.069639,0.250923,-0.296073
0.065469,0.253686,-0.297496
0.064166,0.253350,-0.296815
0.063680,0.255155,-0.298996
0.062781,0.256977,-0.299046
0.057519,0.255752,-0.299683
0.059401,0.255829,-0.302373
0.056076,0.256338,-0.300941
0.301958,0.063912,-0.268476
0.302127,0.066869,-0.265955
0.302803,0.068249,-0.264462
0.302588,0.073189,-0.262149
0.301489,0.071913,-0.262188
0.301654,0.076450,-0.259888
0.302522,0.078377,-0.258614
0.301380,0.080306,-0.257875
0.303415,0.083565,-0.256544
0.305572,0.083284,-0.254969
0.303883,0.089117,-0.253785
0.304385,0.090519,-0.251658
0.304253,0.093642,-0.250273
0.302391,0.096278,-0.249075
0.303954,0.096925,-0.246836
0.304722,0.098120,-0.246376
0.305777,0.103034,-0.244966
0.305710,0.104845,-0.242732
0.304867,0.106995,-0.239949
0.303937,0.109685,-0.238102
0.305647,0.112487,-0.237031
0.304596,0.114685,-0.236474
0.304401,0.115468,-0.235785
0.305489,0.120315,-0.234205
0.306551,0.119971,-0.232246
0.306839,0.122470,-0.230850
0.306659,0.125343,-0.227530
0.306865,0.129044,-0.227048
0.308837,0.129694,-0.225958
0.306299,0.133174,-0.221981
0.307373,0.135529,-0.221715
0.307133,0.139558,-0.220819
0.306334,0.139038,-0.218998
0.309214,0.143449,-0.219284
0.308658,0.144569,-0.218371
0.306468,0.146435,-0.216616
0.307400,0.149476,-0.215653
0.308713,0.150502,-0.212552
0.307048,0.152002,-0.213144
0.309621,0.155269,-0.210959
0.309696,0.156878,-0.208984
0.309840,0.160385,-0.207381
0.309915,0.162255,-0.203586
0.308993,0.163977,-0.204738
0.306989,0.165819,-0.205879
0.305038,0.164353,-0.206817
0.302798,0.164327,-0.208256
0.300990,0.165890,-0.206218
0.301204,0.165768,-0.208100
0.300158,0.167079,-0.207298
0.298448,0.167051,-0.207708
0.297894,0.168766,-0.207722
0.295784,0.171265,-0.208778
0.294847,0.169779,-0.208768
0.294773,0.170712,-0.208832
0.293605,0.171389,-0.208567
0.290701,0.173999,-0.211693
0.288579,0.174269,-0.209660
0.287941,0.175484,-0.212895
0.284090,0.176020,-0.211322
0.284933,0.177438,-0.212113
0.284016,0.177662,-0.213150
0.282496,0.178806,-0.212741
0.279759,0.178993,-0.210889
0.278815,0.181524,-0.212698
0.278047,0.182308,-0.212855
0.277460,0.179061,-0.212648
0.274679,0.182050,-0.213549
0.273318,0.181793,-0.215507
0.273741,0.184671,-0.215123
0.271172,0.185489,-0.214869
0.271985,0.184431,-0.214911
0.269206,0.187226,-0.213481
0.267810,0.189856,-0.216206
0.266917,0.188847,-0.215756
0.267300,0.188737,-0.215666
0.264513,0.188932,-0.217199
0.262367,0.190725,-0.217155
0.260336,0.190172,-0.217007
0.259644,0.190306,-0.216992
0.256187,0.193018,-0.218049
0.257179,0.194121,-0.218151
0.254771,0.192182,-0.217461
0.253352,0.196284,-0.217355
0.253688,0.196499,-0.218459
0.250439,0.199947,-0.219924
0.249306,0.198041,-0.220242
0.247062,0.199649,-0.220140
0.246814,0.200457,-0.220095
0.246997,0.202547,-0.220095
0.244901,0.202103,-0.221045
0.242619,0.202536,-0.220785
0.240894,0.203476,-0.220912
0.239736,0.203557,-0.220808
0.240327,0.204536,-0.221127
0.238508,0.205632,-0.221675
0.238148,0.207344,-0.223275
0.235725,0.208968,-0.220479
0.233955,0.208557,-0.223157
0.234028,0.212089,-0.221441
0.232518,0.212041,-0.222888
0.232646,0.212700,-0.223191
0.229892,0.214849,-0.219493
0.230807,0.214805,-0.221924
0.229646,0.217379,-0.219750
0.228107,0.217060,-0.220528
0.228475,0.215961,-0.221113
0.226560,0.217786,-0.222359
0.225908,0.220002,-0.220497
0.224438,0.224133,-0.220765
0.223581,0.223330,-0.219209
0.224398,0.224658,-0.218464
0.222307,0.227379,-0.220470
0.220991,0.226386,-0.217702
0.221698,0.231640,-0.220256
0.220075,0.228304,-0.216427
0.218666,0.231856,-0.215902
0.219227,0.234701,-0.215810
0.217804,0.234888,-0.214840
0.217969,0.236134,-0.216543
0.216328,0.237064,-0.219678
0.215337,0.239091,-0.216525
0.214382,0.241192,-0.216959
0.213693,0.241898,-0.217588
0.213707,0.242161,-0.215896
0.212020,0.242352,-0.215540
0.212004,0.245124,-0.216244
0.209769,0.244102,-0.215464
0.208322,0.247092,-0.216385
0.208401,0.246129,-0.216601
0.205700,0.246324,-0.216919
0.203607,0.247918,-0.216556
0.204770,0.249606,-0.215835
0.200969,0.252442,-0.216326
0.202215,0.254309,-0.216650
0.197643,0.255613,-0.216110
0.199632,0.254264,-0.217759
0.197082,0.252430,-0.217438
0.196998,0.258737,-0.217010
0.196195,0.257084,-0.216897
0.193597,0.256844,-0.218818
0.193366,0.259909,-0.217913
0.189832,0.261523,-0.218465
0.191956,0.260620,-0.218193
0.189573,0.262730,-0.219009
0.185982,0.262162,-0.218602
0.186101,0.263375,-0.220292
0.185839,0.264147,-0.218184
0.181258,0.263614,-0.221144
0.181743,0.264556,-0.223699
0.176042,0.263672,-0.223001
0.174308,0.264153,-0.226490
0.172054,0.264451,-0.227477
0.172837,0.264280,-0.228567
0.166831,0.262754,-0.230538
0.163931,0.261847,-0.233926
0.160742,0.262518,-0.235663
0.133516,0.240876,-0.260385
0.127835,0.240411,-0.266583
0.125819,0.241023,-0.267201
0.123022,0.240118,-0.269208
0.121115,0.239812,-0.272550
0.117105,0.240162,-0.274487
0.113299,0.238223,-0.276003
0.111199,0.235850,-0.276529
0.108105,0.239829,-0.277591
0.108685,0.237976,-0.278282
0.105186,0.239834,-0.280940
0.102155,0.238463,-0.281782
0.102028,0.236542,-0.282311
0.098838,0.241787,-0.283710
0.097661,0.240079,-0.284113
0.097398,0.240713,-0.284668
0.093916,0.241184,-0.284141
0.092989,0.241921,-0.284317
0.091001,0.242141,-0.284907
0.090741,0.243956,-0.284820
0.087319,0.244690,-0.286627
0.087727,0.245966,-0.287903
0.084418,0.246909,-0.287004
0.082521,0.247873,-0.287363
0.082151,0.247939,-0.290122
0.079398,0.248136,-0.289779
0.079133,0.249594,-0.288347
0.075824,0.250601,-0.289066
0.075639,0.250788,-0.291263
0.074410,0.250854,-0.291143
0.070590,0.250311,-0.293273
0.067853,0.252783,-0.294493
0.066836,0.252435,-0.293816
0.064551,0.251766,-0.295227
0.061740,0.253168,-0.295135
0.063330,0.253128,-0.295685
0.059907,0.254924,-0.296964
0.058145,0.255304,-0.297034
0.055518,0.255443,-0.297540
0.056156,0.254511,-0.297428
0.301583,0.061199,-0.268331
0.300420,0.061859,-0.268310
0.301271,0.067062,-0.265709
0.301273,0.069282,-0.263725
0.301541,0.071896,-0.260910
0.302212,0.073580,-0.259668
0.301284,0.074936,-0.259476
0.300151,0.078818,-0.257366
0.303435,0.080311,-0.255506
0.301078,0.082008,-0.254778
0.303316,0.084997,-0.251889
0.304401,0.087377,-0.250514
0.304352,0.089722,-0.249794
0.302556,0.092306,-0.250368
0.302782,0.094603,-0.245819
0.304869,0.095369,-0.243872
0.303242,0.099826,-0.243427
0.304707,0.102750,-0.243879
0.304891,0.102001,-0.242112
0.305053,0.107353,-0.239051
0.304133,0.108107,-0.238686
0.304787,0.110488,-0.233760
0.305743,0.114390,-0.234145
0.305302,0.115965,-0.234317
0.305738,0.118274,-0.231200
0.306604,0.121266,-0.228176
0.306121,0.122461,-0.226753
0.307609,0.126245,-0.227272
0.307492,0.126996,-0.226600
0.307223,0.130306,-0.223734
0.306637,0.132833,-0.221205
0.308228,0.132070,-0.221984
0.309468,0.137766,-0.219356
0.308590,0.139030,-0.216132
0.307045,0.141463,-0.214574
0.306341,0.144775,-0.216001
0.309912,0.146871,-0.214474
0.308474,0.145990,-0.212520
0.307771,0.149596,-0.212496
0.309058,0.152426,-0.209965
0.309116,0.156278,-0.208679
0.308188,0.157607,-0.209366
0.308600,0.159533,-0.205567
0.308304,0.161928,-0.203460
0.307544,0.163398,-0.205966
0.303463,0.161622,-0.205342
0.303524,0.163997,-0.206749
0.303281,0.163715,-0.206484
0.301421,0.164608,-0.206096
0.301516,0.165664,-0.208110
0.302459,0.168421,-0.208515
0.297410,0.168108,-0.207340
0.294617,0.167341,-0.209673
0.295064,0.170870,-0.207488
0.291500,0.170479,-0.208504
0.292233,0.169737,-0.209210
0.291796,0.173083,-0.207824
0.289829,0.169531,-0.208711
0.288564,0.173312,-0.209849
0.286370,0.172596,-0.209839
0.285454,0.175244,-0.210535
0.282691,0.177628,-0.213179
0.283278,0.176303,-0.212659
0.281298,0.177153,-0.210893
0.280028,0.178161,-0.212143
0.279065,0.178130,-0.210572
0.277204,0.178914,-0.213252
0.271528,0.180492,-0.213168
0.275600,0.178669,-0.212715
0.273527,0.182478,-0.213666
0.273416,0.182644,-0.213071
0.271381,0.186205,-0.212819
0.269548,0.183599,-0.212666
0.267620,0.184136,-0.213639
0.266925,0.187346,-0.214059
0.265410,0.188050,-0.215426
0.265381,0.187804,-0.215133
0.262690,0.190084,-0.215112
0.261344,0.189501,-0.215797
0.259000,0.191920,-0.215470
0.259010,0.191714,-0.215016
0.258103,0.193945,-0.214980
0.256133,0.194362,-0.217555
0.255197,0.196147,-0.217290
0.252252,0.195579,-0.216222
0.252170,0.196048,-0.218359
0.251463,0.197403,-0.215765
0.248937,0.199117,-0.219023
0.249411,0.198663,-0.218817
0.245733,0.199763,-0.219279
0.246861,0.200370,-0.219463
0.244451,0.201745,-0.221338
0.243329,0.201567,-0.220001
0.241415,0.203493,-0.218932
0.239599,0.204362,-0.219832
0.238103,0.203246,-0.221375
0.237461,0.205954,-0.221436
0.238537,0.206517,-0.221255
0.236883,0.206283,-0.220786
0.233862,0.208800,-0.219981
0.234240,0.208220,-0.221631
0.230587,0.211149,-0.220494
0.232941,0.212153,-0.222131
0.231666,0.213755,-0.220081
0.230094,0.213709,-0.221983
0.227051,0.215586,-0.222301
0.226551,0.214593,-0.219569
0.226766,0.217196,-0.219944
0.224825,0.220505,-0.220294
0.226078,0.220577,-0.221308
0.223227,0.221734,-0.220222
0.221837,0.224511,-0.219108
0.222258,0.223278,-0.218216
0.222294,0.225982,-0.217666
0.219732,0.227195,-0.217464
0.219524,0.228339,-0.216918
0.218205,0.229412,-0.217633
0.217441,0.229793,-0.215172
0.217848,0.233049,-0.215795
0.215658,0.235195,-0.214137
0.215681,0.234250,-0.215920
0.216187,0.236875,-0.215304
0.214688,0.237508,-0.214089
0.211979,0.238902,-0.215595
0.211707,0.240306,-0.214155
0.211340,0.240647,-0.216177
0.208485,0.242102,-0.215009
0.208598,0.243462,-0.216461
0.208071,0.243418,-0.218152
0.206643,0.243786,-0.215597
0.203988,0.244419,-0.216731
0.203728,0.245279,-0.217280
0.201828,0.246892,-0.216911
0.201499,0.249192,-0.215635
0.200470,0.248832,-0.217737
0.201962,0.251946,-0.215878
0.199149,0.251697,-0.217700
0.197436,0.251811,-0.217521
0.194613,0.254873,-0.216440
0.191139,0.254352,-0.216966
0.193105,0.254973,-0.216841
0.192490,0.256548,-0.217317
0.188876,0.257398,-0.218323
0.188269,0.258144,-0.218380
0.188713,0.258151,-0.220559
0.186078,0.260422,-0.219118
0.185794,0.259546,-0.220928
0.182705,0.261564,-0.220748
0.180682,0.261209,-0.220484
0.179061,0.262657,-0.220937
0.175873,0.260549,-0.223096
0.175093,0.261534,-0.225006
0.172259,0.262133,-0.226584
0.169906,0.261812,-0.228902
0.168735,0.262334,-0.229034
0.163789,0.261802,-0.231290
0.160928,0.259324,-0.234027
0.137421,0.242610,-0.259229
0.129101,0.240983,-0.262044
0.126561,0.240274,-0.265563
0.125606,0.238268,-0.265292
0.123192,0.238121,-0.267200
0.118202,0.237224,-0.271106
0.114761,0.237825,-0.272753
0.112965,0.237258,-0.274953
0.110867,0.238936,-0.276625
0.110418,0.237195,-0.274567
0.106594,0.238023,-0.277472
0.106526,0.237415,-0.277422
0.103372,0.237490,-0.278691
0.101279,0.240067,-0.279905
0.099074,0.239466,-0.281030
0.098555,0.239493,-0.282167
0.094973,0.240330,-0.283865
0.093739,0.242247,-0.283218
0.091107,0.243639,-0.283737
0.090240,0.243551,-0.283569
0.087391,0.243915,-0.287133
0.087910,0.243634,-0.286224
0.085950,0.244829,-0.284126
0.084789,0.246736,-0.285542
0.082998,0.244414,-0.286618
0.081364,0.247685,-0.286330
0.079818,0.248925,-0.287163
0.078676,0.248878,-0.288440
0.076732,0.247716,-0.288690
0.074339,0.249675,-0.290698
0.071717,0.251096,-0.290123
0.071457,0.252000,-0.291065
0.068526,0.250654,-0.291336
0.066722,0.250545,-0.291495
0.065263,0.251216,-0.291157
0.064043,0.250842,-0.294190
0.061299,0.251222,-0.294096
0.061499,0.254220,-0.295837
0.058301,0.254708,-0.295331
0.058643,0.252106,-0.296012
0.053103,0.256206,-0.295793
0.298523,0.059400,-0.264821
0.301043,0.063977,-0.266272
0.301472,0.065335,-0.263264
0.299881,0.067084,-0.260683
0.300467,0.070340,-0.259960
0.300281,0.073082,-0.257979
0.300478,0.074358,-0.256281
0.301082,0.078481,-0.256617
0.301423,0.078836,-0.252468
0.301460,0.081756,-0.251990
0.302578,0.083527,-0.251132
0.302627,0.086082,-0.248649
0.302190,0.088968,-0.248578
0.302410,0.091097,-0.246880
0.305322,0.094456,-0.244442
0.304663,0.095325,-0.242491
0.303026,0.098218,-0.243014
0.303297,0.100870,-0.241334
0.304356,0.104542,-0.239841
0.304014,0.108008,-0.237418
0.303869,0.108346,-0.236325
0.303330,0.109335,-0.235380
0.305888,0.114560,-0.233492
0.303243,0.115990,-0.230258
0.304975,0.117311,-0.229203
0.304349,0.120746,-0.228900
0.304738,0.121469,-0.227372
0.306115,0.124005,-0.226483
0.307186,0.127906,-0.223703
0.305320,0.128337,-0.221687
0.305174,0.130995,-0.222935
0.305972,0.135120,-0.217239
0.305808,0.136911,-0.216902
0.306633,0.138093,-0.217190
0.307052,0.140406,-0.213997
0.308137,0.143303,-0.214093
0.306861,0.145257,-0.213426
0.307481,0.149619,-0.211523
0.307398,0.151775,-0.208443
0.309250,0.153016,-0.207688
0.308529,0.154298,-0.204432
0.307595,0.157957,-0.203509
0.308761,0.160041,-0.203895
0.305961,0.159196,-0.203189
0.307054,0.161082,-0.202596
0.302490,0.162584,-0.203866
0.303225,0.162472,-0.205157
0.301423,0.165246,-0.206096
0.299944,0.165436,-0.205043
0.299051,0.163761,-0.206008
0.298717,0.166246,-0.206117
0.297261,0.167567,-0.206786
0.295057,0.167518,-0.206805
0.294545,0.167926,-0.206808
0.292345,0.167580,-0.208294
0.292579,0.171209,-0.208674
0.290228,0.170091,-0.207780
0.288219,0.169064,-0.209234
0.287890,0.171854,-0.208880
0.285943,0.174356,-0.212357
0.284353,0.174631,-0.211712
0.282902,0.174363,-0.209655
0.281755,0.176664,-0.209973
0.280085,0.175920,-0.208459
0.280684,0.179264,-0.210630
0.277594,0.179449,-0.209776
0.277731,0.180895,-0.212026
0.273365,0.178821,-0.212005
0.273579,0.179212,-0.211819
0.271382,0.182614,-0.212487
0.270283,0.183314,-0.210905
0.271058,0.182638,-0.213938
0.267989,0.183867,-0.213008
0.267427,0.184507,-0.215264
0.265492,0.186479,-0.213695
0.263333,0.187339,-0.213401
0.263921,0.184976,-0.213992
0.261209,0.187650,-0.213508
0.260394,0.187795,-0.215722
0.259512,0.189801,-0.213990
0.258551,0.190281,-0.214635
0.256860,0.191651,-0.215620
0.253801,0.192859,-0.216186
0.254716,0.194181,-0.215797
0.253554,0.194351,-0.214038
0.250950,0.196768,-0.217336
0.250156,0.195177,-0.217160
0.248016,0.196327,-0.217060
0.245930,0.198526,-0.217752
0.246329,0.197422,-0.216883
0.244923,0.200474,-0.217937
0.241565,0.200698,-0.219791
0.241434,0.200333,-0.219094
0.240860,0.201966,-0.218438
0.240113,0.203188,-0.217235
0.236946,0.204890,-0.219631
0.237518,0.204538,-0.218634
0.235537,0.206827,-0.217242
0.234957,0.207869,-0.218799
0.234594,0.208366,-0.219041
0.231027,0.208903,-0.219773
0.229275,0.210596,-0.218969
0.228175,0.211262,-0.219393
0.229846,0.212436,-0.219623
0.229581,0.212201,-0.219392
0.225663,0.214478,-0.218544
0.226227,0.212817,-0.219192
0.224827,0.217122,-0.220206
0.222188,0.218689,-0.219035
0.222052,0.219076,-0.218703
0.222252,0.220535,-0.218075
0.221576,0.221144,-0.217358
0.221019,0.222426,-0.221073
0.221353,0.223874,-0.216701
0.219554,0.226193,-0.219137
0.217347,0.227184,-0.217315
0.217014,0.227376,-0.217178
0.216943,0.229304,-0.217093
0.215881,0.229817,-0.215595
0.215391,0.231881,-0.215814
0.215936,0.234536,-0.215729
0.213546,0.233121,-0.215834
0.212096,0.234659,-0.214771
0.211677,0.237784,-0.216028
0.210267,0.237086,-0.215926
0.208301,0.240028,-0.214696
0.209548,0.240204,-0.216320
0.204887,0.243654,-0.215068
0.204031,0.241254,-0.217584
0.204312,0.242098,-0.215731
0.202767,0.243770,-0.216577
0.200861,0.246101,-0.216623
0.200738,0.245536,-0.215491
0.201350,0.248212,-0.217055
0.197806,0.247434,-0.216536
0.197391,0.248374,-0.217028
0.195392,0.249782,-0.217428
0.194687,0.249645,-0.216566
0.194327,0.251522,-0.218864
0.191851,0.252264,-0.218184
0.191169,0.252543,-0.217228
0.189559,0.254025,-0.217078
0.188640,0.255798,-0.218196
0.186652,0.256571,-0.219074
0.184823,0.256272,-0.218454
0.182910,0.256570,-0.219390
0.182899,0.258630,-0.221401
0.179692,0.258540,-0.222128
0.176013,0.258138,-0.221911
0.175932,0.259637,-0.223020
0.173561,0.259531,-0.226403
0.170822,0.258334,-0.225550
0.169382,0.259274,-0.227742
0.164923,0.257741,-0.226997
0.163988,0.259798,-0.229945
0.159548,0.257497,-0.232940
0.137858,0.243392,-0.254958
0.134054,0.238522,-0.259257
0.129493,0.238005,-0.260588
0.123869,0.237856,-0.262849
0.125949,0.235765,-0.267629
0.120385,0.237003,-0.268544
0.119777,0.236409,-0.268972
0.116090,0.236155,-0.270766
0.113250,0.236405,-0.272439
0.110773,0.235014,-0.274457
0.108256,0.235756,-0.276546
0.106998,0.235942,-0.275189
0.104972,0.238659,-0.276552
0.102589,0.237419,-0.276604
0.101013,0.237383,-0.278840
0.099810,0.237047,-0.280568
0.095793,0.238594,-0.281300
0.094250,0.239314,-0.280823
0.093104,0.239722,-0.280411
0.091788,0.241635,-0.281552
0.090841,0.241162,-0.283097
0.087923,0.242137,-0.281553
0.088753,0.244095,-0.283470
0.086003,0.244746,-0.283014
0.083367,0.244409,-0.284865
0.080692,0.244656,-0.285509
0.079246,0.245884,-0.284002
0.079558,0.246971,-0.284520
0.078702,0.247208,-0.286076
0.075719,0.249589,-0.286773
0.073532,0.248861,-0.288197
0.072375,0.249021,-0.287863
0.070625,0.249618,-0.289298
0.067338,0.250891,-0.288628
0.066092,0.250642,-0.292091
0.063861,0.252085,-0.291324
0.062625,0.251392,-0.291880
0.060426,0.252883,-0.293365
0.057687,0.254077,-0.295944
0.057759,0.254809,-0.294510
0.053728,0.254874,-0.294800
0.300895,0.060504,-0.262704
0.299685,0.061073,-0.262804
0.298172,0.065320,-0.261641
0.301158,0.066213,-0.259593
0.299924,0.068944,-0.258370
0.301576,0.072409,-0.256536
0.301140,0.072670,-0.257800
0.302798,0.075970,-0.251920
0.301155,0.080921,-0.250063
0.300197,0.081324,-0.250582
0.301612,0.084184,-0.248034
0.300048,0.087496,-0.247214
0.302214,0.089039,-0.248309
0.301714,0.091369,-0.246776
0.302158,0.092054,-0.242447
0.304284,0.096577,-0.242880
0.304355,0.099249,-0.239576
0.301872,0.101882,-0.238077
0.303627,0.103745,-0.237232
0.303529,0.104975,-0.235813
0.304186,0.107453,-0.233940
0.303975,0.110160,-0.232508
0.304230,0.112725,-0.231929
0.304046,0.114843,-0.230610
0.303917,0.117407,-0.229458
0.306040,0.120472,-0.227080
0.306187,0.121820,-0.221970
0.306016,0.124435,-0.222423
0.306848,0.126487,-0.222342
0.304099,0.129570,-0.219146
0.305512,0.131162,-0.218949
0.305873,0.134397,-0.220449
0.306266,0.135212,-0.216415
0.306311,0.138585,-0.214267
0.306267,0.139964,-0.213432
0.306410,0.144600,-0.211906
0.308993,0.145272,-0.209359
0.307914,0.148778,-0.209534
0.306307,0.149280,-0.207617
0.308239,0.153063,-0.206038
0.308512,0.154871,-0.207143
0.307162,0.157423,-0.204125
0.307380,0.158359,-0.204240
0.307725,0.159116,-0.200085
0.301618,0.159792,-0.202712
0.302809,0.159717,-0.201019
0.302768,0.161578,-0.205125
0.298601,0.164237,-0.203901
0.300273,0.163233,-0.205943
0.296627,0.164491,-0.206939
0.294820,0.163914,-0.205576
0.295828,0.166757,-0.207552
0.294907,0.166624,-0.204681
0.293100,0.166113,-0.205764
0.290784,0.166814,-0.206309
0.290489,0.168736,-0.205799
0.289322,0.169270,-0.207637
0.286468,0.170933,-0.207253
0.287323,0.170254,-0.209623
0.283804,0.172783,-0.208650
0.283523,0.171681,-0.208126
0.283308,0.174843,-0.209851
0.280087,0.175252,-0.207177
0.278502,0.175194,-0.208901
0.279070,0.175958,-0.210091
0.276977,0.177399,-0.210456
0.274832,0.179395,-0.210175
0.272829,0.178338,-0.209750
0.272324,0.178676,-0.210486
0.270631,0.180864,-0.209275
0.269497,0.183005,-0.211526
0.268743,0.183418,-0.212599
0.268390,0.184036,-0.211906
0.267216,0.183767,-0.209805
0.261937,0.185994,-0.211959
0.264599,0.185614,-0.210771
0.262409,0.185524,-0.211995
0.260612,0.187506,-0.211237
0.261059,0.189318,-0.213086
0.259155,0.189987,-0.212937
0.255758,0.191451,-0.214113
0.256068,0.189745,-0.212867
0.255186,0.192198,-0.213239
0.253711,0.194000,-0.213782
0.253638,0.191605,-0.213941
0.249599,0.196411,-0.215506
0.248442,0.193891,-0.214449
0.247780,0.196241,-0.214546
0.246685,0.197162,-0.217639
0.244752,0.198411,-0.215553
0.244825,0.198657,-0.215609
0.243200,0.198772,-0.216321
0.241845,0.201057,-0.217326
0.239637,0.199594,-0.217108
0.239471,0.203600,-0.216144
0.238093,0.206072,-0.218865
0.236779,0.204633,-0.215905
0.236065,0.205333,-0.218930
0.234871,0.205950,-0.217463
0.231754,0.207337,-0.217600
0.232298,0.207447,-0.220033
0.229746,0.210088,-0.219332
0.227347,0.210921,-0.216970
0.227749,0.210239,-0.218729
0.226609,0.211530,-0.217173
0.227140,0.212373,-0.218967
0.226146,0.214221,-0.218242
0.224693,0.215018,-0.218346
0.221602,0.216197,-0.216876
0.220667,0.219837,-0.219628
0.219880,0.219190,-0.215726
0.219185,0.219392,-0.215113
0.217593,0.221615,-0.216076
0.219135,0.221487,-0.218410
0.217717,0.224297,-0.216918
0.216192,0.226764,-0.216207
0.217017,0.227979,-0.213788
0.215815,0.228304,-0.215672
0.216220,0.229768,-0.215764
0.213409,0.228364,-0.215302
0.212517,0.231358,-0.214051
0.211245,0.231830,-0.214133
0.211815,0.234837,-0.215457
0.210946,0.236148,-0.212202
0.208768,0.236887,-0.214519
0.208514,0.238232,-0.214560
0.206961,0.239254,-0.214995
0.205477,0.239475,-0.214065
0.202572,0.240933,-0.215409
0.204580,0.239905,-0.214974
0.199583,0.241442,-0.217142
0.199082,0.241495,-0.215372
0.197285,0.242870,-0.218513
0.196539,0.245026,-0.215759
0.196390,0.245180,-0.216408
0.195285,0.246876,-0.216606
0.192469,0.247267,-0.217759
0.193472,0.247096,-0.216946
0.193229,0.249871,-0.215809
0.188492,0.249235,-0.218229
0.186225,0.250073,-0.218530
0.186795,0.252246,-0.218827
0.184311,0.251126,-0.220000
0.185063,0.254253,-0.221754
0.182896,0.254902,-0.220546
0.180902,0.253175,-0.220371
0.179274,0.254481,-0.222113
0.177317,0.255723,-0.221695
0.175218,0.254357,-0.222514
0.174452,0.254914,-0.224565
0.171816,0.256397,-0.225186
0.170754,0.255354,-0.224780
0.166260,0.258182,-0.227937
0.163567,0.256132,-0.228431
0.159944,0.256787,-0.232057
0.142911,0.241968,-0.251533
0.133244,0.238515,-0.255465
0.132351,0.237635,-0.257628
0.128330,0.236591,-0.260835
0.124650,0.234800,-0.263923
0.123479,0.237367,-0.264144
0.118669,0.235574,-0.267534
0.117700,0.236662,-0.269025
0.115584,0.236984,-0.270327
0.112799,0.237954,-0.270049
0.109828,0.236760,-0.273935
0.108798,0.236667,-0.273701
0.105251,0.237181,-0.273789
0.103237,0.237592,-0.274024
0.102619,0.237519,-0.277007
0.101257,0.238471,-0.275943
0.098040,0.237293,-0.276157
0.094935,0.238630,-0.278709
0.095128,0.239205,-0.279526
0.093573,0.240719,-0.280548
0.089376,0.240467,-0.280249
0.089134,0.239100,-0.280395
0.087704,0.242485,-0.280685
0.085851,0.241640,-0.281733
0.085707,0.245269,-0.283437
0.083514,0.243608,-0.281467
0.083405,0.245945,-0.283842
0.080474,0.244480,-0.284005
0.077301,0.247127,-0.284363
0.075895,0.245905,-0.283602
0.075404,0.247550,-0.285710
0.074646,0.248543,-0.284746
0.074305,0.247212,-0.285391
0.071452,0.250604,-0.287354
0.067766,0.250283,-0.287167
0.065457,0.250519,-0.289915
0.063944,0.250910,-0.290537
0.061814,0.251348,-0.290415
0.060447,0.251047,-0.293035
0.058369,0.251769,-0.293049
0.055997,0.253059,-0.293518
0.054473,0.251813,-0.292917
0.299983,0.056536,-0.264337
0.299261,0.059746,-0.263437
0.302744,0.061891,-0.258631
0.299033,0.064074,-0.259667
0.298953,0.065471,-0.256944
0.300542,0.069386,-0.256692
0.301057,0.071119,-0.254838
0.299512,0.071195,-0.252384
0.302136,0.075503,-0.250324
0.303262,0.078560,-0.250136
0.300776,0.081138,-0.248960
0.300960,0.084961,-0.247442
0.302126,0.086736,-0.244972
0.300841,0.088449,-0.244484
0.302688,0.091613,-0.242156
0.301414,0.094181,-0.241378
0.302627,0.095450,-0.238991
0.302438,0.095760,-0.240510
0.304944,0.100835,-0.236515
0.301993,0.103069,-0.234453
0.301798,0.104994,-0.233785
0.304180,0.106885,-0.232448
0.303840,0.109810,-0.230502
0.302342,0.112370,-0.228336
0.303851,0.115358,-0.226208
0.305775,0.118267,-0.225121
0.303969,0.119108,-0.224838
0.303702,0.122979,-0.223762
0.304296,0.121790,-0.222123
0.304150,0.125908,-0.221190
0.304448,0.129760,-0.219238
0.306858,0.130641,-0.217275
0.307221,0.134671,-0.217278
0.306473,0.136312,-0.214340
0.307808,0.136991,-0.212861
0.305299,0.137899,-0.212381
0.305510,0.142481,-0.209522
0.307593,0.144056,-0.207403
0.306975,0.147814,-0.207409
0.308408,0.148528,-0.206291
0.306407,0.149480,-0.203400
0.307799,0.154631,-0.203521
0.308473,0.157198,-0.200829
0.307576,0.157825,-0.201869
0.305547,0.159609,-0.201982
0.305704,0.157978,-0.202924
0.303890,0.160454,-0.203730
0.299112,0.161581,-0.202892
0.298786,0.160754,-0.203146
0.299231,0.161134,-0.202899
0.297207,0.161855,-0.203278
0.295853,0.161475,-0.204939
0.294331,0.164660,-0.204321
0.292833,0.165287,-0.204195
0.289818,0.165022,-0.202283
0.290646,0.166437,-0.206464
0.289174,0.169096,-0.206412
0.287979,0.168332,-0.207214
0.286601,0.169408,-0.206829
0.283707,0.167713,-0.207944
0.284339,0.171444,-0.206860
0.283290,0.173005,-0.207461
0.280934,0.169753,-0.208207
0.278361,0.174704,-0.208541
0.277881,0.172215,-0.207741
0.275885,0.175332,-0.208113
0.277393,0.176683,-0.208069
0.275729,0.175234,-0.210295
0.272733,0.177459,-0.207680
0.272094,0.177951,-0.210964
0.271320,0.181346,-0.207731
0.268228,0.180938,-0.209482
0.267440,0.182739,-0.210215
0.266636,0.182424,-0.209397
0.265669,0.183119,-0.210347
0.265192,0.184343,-0.211640
0.262650,0.184876,-0.212643
0.261686,0.185100,-0.209424
0.259267,0.188869,-0.210737
0.258277,0.187946,-0.210890
0.257300,0.188405,-0.212377
0.256553,0.189665,-0.212956
0.255173,0.190740,-0.212155
0.254784,0.192515,-0.211742
0.252235,0.192426,-0.211453
0.252020,0.191038,-0.213233
0.251411,0.194239,-0.214016
0.247401,0.196791,-0.214981
0.247230,0.195822,-0.213723
0.245520,0.194856,-0.214989
0.245483,0.197382,-0.216379
0.243796,0.197786,-0.214080
0.241712,0.196767,-0.215297
0.241928,0.200528,-0.215055
0.239682,0.200939,-0.215464
0.238713,0.202397,-0.214239
0.237359,0.202388,-0.215437
0.238316,0.202822,-0.214630
0.234552,0.204421,-0.215667
0.232694,0.206494,-0.215083
0.231781,0.205619,-0.216816
0.230966,0.206978,-0.215294
0.229193,0.206688,-0.217534
0.228841,0.210251,-0.217031
0.228148,0.209745,-0.216337
0.223618,0.209917,-0.216869
0.225032,0.209826,-0.219280
0.223577,0.213124,-0.213416
0.222148,0.215328,-0.217877
0.221695,0.215621,-0.218638
0.220917,0.217207,-0.215061
0.221050,0.217571,-0.215577
0.217660,0.222081,-0.215376
0.218020,0.220579,-0.217682
0.218058,0.222267,-0.214417
0.217349,0.221957,-0.215504
0.215528,0.225136,-0.215784
0.214855,0.225857,-0.215204
0.214251,0.227207,-0.213870
0.212237,0.227260,-0.215169
0.213356,0.229730,-0.213898
0.212672,0.232033,-0.214045
0.211166,0.229185,-0.215388
0.208221,0.234272,-0.214529
0.208295,0.235607,-0.215890
0.206717,0.235353,-0.214142
0.206591,0.236196,-0.214129
0.204996,0.238113,-0.215556
0.200730,0.239075,-0.214913
0.202054,0.238459,-0.217393
0.198262,0.238438,-0.215269
0.200360,0.239811,-0.216257
0.196898,0.240295,-0.216796
0.196417,0.241336,-0.216055
0.195416,0.244564,-0.217314
0.194203,0.243861,-0.218552
0.190578,0.243167,-0.216350
0.192439,0.244725,-0.218542
0.187856,0.246456,-0.217615
0.187701,0.247629,-0.219550
0.188024,0.246844,-0.218739
0.187132,0.251040,-0.219130
0.183051,0.248359,-0.218828
0.182564,0.249964,-0.219666
0.181086,0.252577,-0.219910
0.181422,0.250164,-0.220822
0.176543,0.251719,-0.222369
0.177638,0.251868,-0.221345
0.172466,0.253729,-0.222578
0.172062,0.253639,-0.225281
0.171005,0.256009,-0.222542
0.168585,0.253815,-0.226443
0.168130,0.255163,-0.225301
0.164407,0.254027,-0.228050
0.161136,0.252129,-0.228988
0.142524,0.240131,-0.246072
0.137571,0.238397,-0.252867
0.133283,0.234786,-0.257563
0.131230,0.237566,-0.257004
0.128604,0.234140,-0.259791
0.123383,0.235236,-0.262078
0.122241,0.235384,-0.264272
0.117900,0.231941,-0.265643
0.115035,0.234781,-0.265532
0.114047,0.234708,-0.267142
0.113292,0.236225,-0.268616
0.108690,0.235069,-0.270622
0.106987,0.237532,-0.273198
0.104150,0.235728,-0.272951
0.102466,0.236260,-0.274572
0.102833,0.236100,-0.273725
0.100823,0.237640,-0.276491
0.096565,0.238126,-0.276379
0.094965,0.238479,-0.277020
0.094014,0.239554,-0.278174
0.089235,0.238771,-0.276766
0.088802,0.240095,-0.277208
0.089126,0.240366,-0.278980
0.086560,0.242750,-0.279555
0.086154,0.241783,-0.281064
0.083893,0.244217,-0.281910
0.083856,0.241694,-0.281415
0.080935,0.244775,-0.282785
0.079428,0.243606,-0.281844
0.076313,0.244517,-0.280864
0.075699,0.244817,-0.284103
0.075744,0.247187,-0.284991
0.072048,0.248385,-0.283995
0.071637,0.249230,-0.284487
0.069313,0.250438,-0.286137
0.069165,0.251463,-0.285896
0.065564,0.251124,-0.286287
0.061221,0.250694,-0.290006
0.059949,0.251083,-0.291028
0.059150,0.251274,-0.288908
0.055419,0.253045,-0.291348
0.056744,0.252265,-0.290955
0.054463,0.253885,-0.292178
0.297972,0.057709,-0.262548
0.299190,0.057898,-0.261144
0.300397,0.060517,-0.258119
0.298341,0.064312,-0.258927
0.298696,0.067022,-0.254600
0.300221,0.068061,-0.255048
0.300060,0.070910,-0.251725
0.300862,0.072501,-0.252056
0.301265,0.074864,-0.250264
0.299551,0.079571,-0.249256
0.300988,0.081880,-0.247774
0.301909,0.083425,-0.245721
0.301136,0.085000,-0.243815
0.302340,0.087492,-0.242724
0.303682,0.092220,-0.241848
0.302604,0.090434,-0.238503
0.301359,0.094749,-0.238502
0.302899,0.097319,-0.236947
0.302157,0.101304,-0.235238
0.303148,0.101893,-0.232668
0.304891,0.106842,-0.232938
0.302820,0.104515,-0.229600
0.302496,0.110689,-0.229040
0.303336,0.111621,-0.227219
0.302051,0.116387,-0.226686
0.303014,0.117445,-0.224866
0.304669,0.118415,-0.222514
0.304267,0.122028,-0.221043
0.303380,0.122660,-0.222491
0.305040,0.126193,-0.219807
0.305507,0.128198,-0.215725
0.307073,0.129943,-0.216849
0.305576,0.131945,-0.213115
0.305160,0.135255,-0.213076
0.306768,0.139716,-0.211397
0.306301,0.139958,-0.210265
0.307040,0.142717,-0.208196
0.305854,0.143901,-0.207855
0.305800,0.146194,-0.206639
0.307191,0.151382,-0.204678
0.308110,0.151155,-0.202250
0.308449,0.152794,-0.201657
0.305366,0.155531,-0.200403
0.305257,0.154500,-0.199879
0.305113,0.157596,-0.202460
0.302057,0.156523,-0.200057
0.301579,0.159563,-0.201479
0.299370,0.158249,-0.202864
0.299217,0.159897,-0.201775
0.297392,0.159340,-0.203613
0.297205,0.161489,-0.204058
0.295332,0.163171,-0.204144
0.293227,0.162922,-0.203690
0.292023,0.163638,-0.203890
0.289604,0.164277,-0.205888
0.288964,0.166068,-0.203909
0.286634,0.165024,-0.205732
0.287704,0.166700,-0.206387
0.285330,0.166934,-0.204713
0.282869,0.167014,-0.205666
0.283448,0.169542,-0.205796
0.282031,0.171160,-0.206211
0.280130,0.171111,-0.207985
0.277490,0.171480,-0.207156
0.275862,0.172308,-0.207837
0.274754,0.173926,-0.206461
0.274151,0.174174,-0.208562
0.274779,0.175919,-0.208378
0.272083,0.175373,-0.209123
0.269758,0.177679,-0.206837
0.268614,0.180267,-0.207630
0.268122,0.179104,-0.207949
0.268950,0.181438,-0.208337
0.266695,0.181512,-0.208609
0.263456,0.181775,-0.209126
0.262500,0.184423,-0.210797
0.260982,0.183129,-0.210309
0.260037,0.184814,-0.211155
0.259003,0.183970,-0.210524
0.258687,0.186150,-0.209861
0.256533,0.188196,-0.210026
0.256554,0.188127,-0.210856
0.254619,0.189654,-0.208824
0.253834,0.189598,-0.209675
0.251815,0.194320,-0.210523
0.251957,0.191889,-0.209679
0.249530,0.194122,-0.213168
0.245586,0.191998,-0.212518
0.244652,0.195526,-0.213559
0.244618,0.195959,-0.213326
0.243873,0.197980,-0.214033
0.243096,0.197016,-0.213458
0.241259,0.197574,-0.213011
0.241180,0.198618,-0.215169
0.239412,0.199782,-0.214366
0.238009,0.200636,-0.213286
0.237411,0.202362,-0.212757
0.235708,0.204647,-0.215044
0.234704,0.204028,-0.215027
0.231869,0.204779,-0.214025
0.230051,0.204548,-0.214557
0.230869,0.207831,-0.216400
0.227535,0.208269,-0.217461
0.228681,0.208553,-0.215071
0.226355,0.209681,-0.214392
0.224260,0.210785,-0.216483
0.222965,0.209364,-0.215066
0.223536,0.211065,-0.214259
0.222588,0.212673,-0.216964
0.222340,0.214365,-0.216159
0.219176,0.214947,-0.214553
0.218862,0.216761,-0.218802
0.219086,0.219573,-0.214449
0.217183,0.219464,-0.216259
0.215909,0.221865,-0.214980
0.215826,0.221285,-0.215451
0.215213,0.223581,-0.211512
0.213840,0.224789,-0.214438
0.213048,0.225225,-0.214437
0.211944,0.225775,-0.214484
0.210073,0.228298,-0.213399
0.208964,0.229123,-0.212532
0.207792,0.228039,-0.214353
0.207254,0.232435,-0.213335
0.207581,0.230398,-0.213708
0.203689,0.234508,-0.214619
0.202636,0.234611,-0.216342
0.201977,0.236330,-0.215722
0.201214,0.234371,-0.215731
0.199438,0.236939,-0.214929
0.196338,0.237639,-0.216224
0.197068,0.237163,-0.214896
0.195130,0.238765,-0.214755
0.191411,0.239963,-0.217489
0.192783,0.240758,-0.216015
0.190428,0.240316,-0.216974
0.189103,0.241797,-0.218484
0.187744,0.243740,-0.217913
0.187793,0.244020,-0.218560
0.186588,0.245145,-0.218220
0.184296,0.245463,-0.219227
0.183747,0.245066,-0.218473
0.182550,0.246700,-0.219952
0.180203,0.248747,-0.221561
0.179668,0.249520,-0.220040
0.177134,0.249720,-0.220193
0.174700,0.249281,-0.221851
0.172982,0.250938,-0.222694
0.171326,0.251535,-0.223399
0.170348,0.250676,-0.224327
0.169470,0.251928,-0.223847
0.165930,0.250355,-0.227325
0.162254,0.253282,-0.227451
0.161858,0.251860,-0.229161
0.146207,0.241681,-0.242677
0.138116,0.237517,-0.249717
0.134832,0.237157,-0.252770
0.131851,0.235392,-0.255099
0.129816,0.233431,-0.257101
0.125220,0.235155,-0.258860
0.123615,0.234301,-0.259826
0.119985,0.233693,-0.261989
0.115908,0.233122,-0.265033
0.114096,0.234118,-0.264355
0.116117,0.234241,-0.265384
0.111447,0.236599,-0.267313
0.110159,0.235374,-0.269525
0.107560,0.234633,-0.270217
0.105030,0.235568,-0.270976
0.100394,0.236444,-0.270293
0.100467,0.236605,-0.271424
0.100606,0.234730,-0.273839
0.098978,0.237238,-0.274919
0.096254,0.237807,-0.274387
0.093935,0.239719,-0.276010
0.091963,0.237547,-0.276083
0.090933,0.238910,-0.276393
0.089492,0.239832,-0.276316
0.087197,0.239920,-0.279082
0.084879,0.240193,-0.279776
0.083992,0.242259,-0.278824
0.080893,0.241341,-0.279519
0.080762,0.245270,-0.280810
0.078236,0.244546,-0.281239
0.077870,0.244435,-0.280848
0.076247,0.246083,-0.281989
0.072880,0.246843,-0.281636
0.072529,0.249170,-0.283197
0.072428,0.247968,-0.284855
0.067630,0.249745,-0.285098
0.067250,0.247788,-0.283986
0.066092,0.249330,-0.285856
0.062192,0.247905,-0.285585
0.061226,0.249664,-0.286995
0.060027,0.251418,-0.288153
0.056849,0.251083,-0.290239
0.057014,0.252443,-0.288851
0.053795,0.253478,-0.288664
0.298235,0.054975,-0.260344
0.300266,0.058323,-0.258273
0.297362,0.059873,-0.257128
0.297367,0.064930,-0.254451
0.299600,0.065126,-0.253772
0.299575,0.067921,-0.252373
0.301328,0.070767,-0.252823
0.300722,0.072541,-0.250886
0.299705,0.074720,-0.248685
0.299289,0.076274,-0.246906
0.301181,0.080598,-0.244974
0.301471,0.083774,-0.243147
0.301760,0.084355,-0.241097
0.301263,0.087513,-0.240491
0.302659,0.090157,-0.238715
0.303717,0.090268,-0.239111
0.300674,0.097333,-0.235495
0.301979,0.099223,-0.233984
0.301824,0.099713,-0.233685
0.302405,0.101671,-0.232768
0.303648,0.103199,-0.230056
0.302905,0.106360,-0.229056
0.303068,0.107676,-0.227476
0.304072,0.111643,-0.226519
0.302280,0.113939,-0.224357
0.303803,0.115485,-0.223233
0.302174,0.116132,-0.221429
0.303773,0.121031,-0.219259
0.304395,0.123303,-0.218169
0.304103,0.125598,-0.217145
0.305456,0.128023,-0.214718
0.305358,0.131086,-0.214968
0.305963,0.133471,-0.211137
0.306642,0.134279,-0.210671
0.306398,0.135927,-0.208930
0.305995,0.137896,-0.209362
0.305565,0.141288,-0.205514
0.304324,0.146170,-0.203720
0.306181,0.146168,-0.204346
0.304734,0.149914,-0.202350
0.307048,0.151187,-0.202403
0.306464,0.153524,-0.197075
0.306214,0.154313,-0.200639
0.303667,0.155514,-0.199717
0.303983,0.155092,-0.199788
0.298266,0.156095,-0.199446
0.299707,0.157494,-0.201795
0.297494,0.158819,-0.198734
0.299183,0.159183,-0.203318
0.296078,0.158931,-0.201219
0.294570,0.161160,-0.202849
0.292697,0.161353,-0.201812
0.291190,0.162518,-0.200513
0.290257,0.162195,-0.204489
0.289859,0.163392,-0.204583
0.288075,0.163178,-0.203644
0.287267,0.165078,-0.203830
0.284952,0.165705,-0.204349
0.284034,0.166834,-0.203588
0.283799,0.168082,-0.204114
0.282662,0.169626,-0.205602
0.278661,0.168813,-0.204931
0.279264,0.169815,-0.205142
0.276341,0.172137,-0.205743
0.275457,0.172697,-0.206575
0.273578,0.171872,-0.203459
0.273809,0.174042,-0.206692
0.271647,0.174124,-0.206755
0.270804,0.175075,-0.206620
0.270981,0.176848,-0.209346
0.270315,0.177201,-0.208576
0.268746,0.178121,-0.207770
0.265692,0.178314,-0.209045
0.267077,0.181087,-0.207238
0.263238,0.179991,-0.208764
0.261997,0.181795,-0.208012
0.262364,0.182471,-0.208771
0.258461,0.185290,-0.209181
0.257833,0.184940,-0.208612
0.256987,0.183827,-0.209323
0.255205,0.186517,-0.209301
0.254001,0.187985,-0.208979
0.253445,0.187082,-0.208479
0.253490,0.189210,-0.210815
0.251266,0.188786,-0.211060
0.250025,0.190895,-0.211045
0.250417,0.193511,-0.209538
0.247182,0.191658,-0.211035
0.245536,0.193209,-0.210809
0.243951,0.194543,-0.212414
0.242573,0.195572,-0.211762
0.240680,0.195771,-0.209916
0.239894,0.195701,-0.212663
0.239070,0.198798,-0.212873
0.238748,0.199835,-0.212394
0.237767,0.199378,-0.213141
0.236450,0.200316,-0.213912
0.235656,0.202946,-0.212675
0.232502,0.203107,-0.213555
0.232862,0.203839,-0.213620
0.230507,0.206249,-0.212609
0.229601,0.204723,-0.213105
0.227940,0.207016,-0.215206
0.228969,0.206260,-0.213960
0.225960,0.208024,-0.213203
0.224300,0.208805,-0.213387
0.223254,0.211515,-0.213835
0.220446,0.211061,-0.214625
0.220628,0.212837,-0.214647
0.221663,0.213421,-0.214520
0.219085,0.213182,-0.215423
0.217278,0.214065,-0.213968
0.213753,0.218539,-0.213386
0.216725,0.218647,-0.212974
0.213963,0.219215,-0.214225
0.213036,0.220496,-0.213797
0.213083,0.221136,-0.216037
0.211841,0.224272,-0.214899
0.210316,0.224434,-0.212072
0.210225,0.225952,-0.214268
0.207868,0.225083,-0.215779
0.208337,0.227054,-0.214259
0.205681,0.229189,-0.212748
0.204847,0.229109,-0.212865
0.202654,0.229976,-0.213652
0.203178,0.228782,-0.214932
0.200988,0.233485,-0.214616
0.200316,0.233109,-0.213723
0.197606,0.233672,-0.215152
0.196189,0.234125,-0.217202
0.195123,0.236089,-0.216386
0.194183,0.234864,-0.217224
0.193043,0.235996,-0.217901
0.193251,0.238095,-0.216004
0.188631,0.238938,-0.218387
0.189804,0.239818,-0.218303
0.187807,0.239781,-0.217605
0.186226,0.239944,-0.218926
0.183613,0.241020,-0.217904
0.182572,0.242456,-0.219443
0.182973,0.243827,-0.223655
0.181437,0.243546,-0.219671
0.177209,0.245642,-0.220735
0.176551,0.245945,-0.218896
0.178049,0.248890,-0.221495
0.175791,0.246346,-0.222711
0.172400,0.246177,-0.220107
0.171188,0.247383,-0.224824
0.169558,0.249821,-0.223662
0.168400,0.249064,-0.222247
0.163927,0.251031,-0.225516
0.163359,0.250331,-0.226556
0.160660,0.248402,-0.228115
0.150819,0.240788,-0.238574
0.143256,0.237154,-0.246479
0.138020,0.234955,-0.251594
0.133350,0.235862,-0.252568
0.130379,0.233397,-0.253552
0.129394,0.233913,-0.255924
0.123446,0.233130,-0.258971
0.122750,0.232530,-0.261965
0.118595,0.232504,-0.263254
0.118324,0.232759,-0.263187
0.115241,0.234545,-0.264021
0.112359,0.234188,-0.264903
0.111962,0.234227,-0.264913
0.108969,0.233239,-0.267097
0.105388,0.234876,-0.266885
0.104004,0.232648,-0.269677
0.102266,0.235449,-0.269265
0.100426,0.235261,-0.270749
0.097455,0.236893,-0.272433
0.096036,0.236190,-0.273154
0.091937,0.236024,-0.274220
0.091592,0.238089,-0.274023
0.089982,0.237015,-0.274452
0.089210,0.238348,-0.275862
0.087042,0.238774,-0.275337
0.085741,0.239372,-0.277076
0.085151,0.240740,-0.276850
0.081497,0.242761,-0.279288
0.081519,0.241542,-0.277239
0.080433,0.244212,-0.278296
0.078037,0.243059,-0.279983
0.076696,0.245349,-0.281021
0.074417,0.243731,-0.281689
0.072865,0.244866,-0.280646
0.072198,0.246712,-0.283174
0.069725,0.249126,-0.282592
0.066363,0.248654,-0.281860
0.067522,0.248300,-0.284557
0.065702,0.249028,-0.283082
0.061680,0.249053,-0.287061
0.060855,0.251871,-0.285684
0.058046,0.249370,-0.285984
0.056579,0.249917,-0.286702
0.054530,0.252245,-0.287318
0.053894,0.250919,-0.287649
0.296941,0.053838,-0.261693
0.296109,0.056097,-0.259641
0.297189,0.058165,-0.257680
0.297909,0.059798,-0.254511
0.297993,0.062839,-0.253318
0.299240,0.065385,-0.252823
0.297207,0.067534,-0.251621
0.298260,0.070252,-0.249670
0.300191,0.073557,-0.247691
0.299024,0.075313,-0.246245
0.298872,0.077092,-0.246133
0.299709,0.078958,-0.246069
0.301483,0.083015,-0.242052
0.299549,0.084450,-0.240217
0.299593,0.088346,-0.239296
0.300258,0.091090,-0.238430
0.299087,0.091162,-0.235557
0.301528,0.097535,-0.234607
0.301015,0.096613,-0.233820
0.300744,0.100487,-0.230281
0.300772,0.101623,-0.228669
0.302577,0.103704,-0.227887
0.301639,0.106311,-0.227026
0.301726,0.108586,-0.225826
0.303416,0.110478,-0.223593
0.303224,0.112434,-0.222016
0.302356,0.114420,-0.220503
0.303418,0.118711,-0.219914
0.304535,0.121544,-0.218976
0.303790,0.123929,-0.216853
0.303814,0.124540,-0.215444
0.303942,0.127591,-0.213153
0.303328,0.128880,-0.212138
0.303369,0.132861,-0.210739
0.305537,0.134553,-0.211355
0.304358,0.135006,-0.209138
0.304571,0.139201,-0.205138
0.306155,0.139286,-0.206011
0.305909,0.145150,-0.202299
0.304400,0.147970,-0.202454
0.308055,0.149196,-0.201729
0.305580,0.150264,-0.199635
0.304555,0.153437,-0.197099
0.304499,0.153181,-0.196969
0.304485,0.156350,-0.199278
0.303121,0.153717,-0.199862
0.299072,0.155892,-0.200343
0.299693,0.157011,-0.200240
0.297049,0.157354,-0.202019
0.297866,0.159766,-0.200651
0.295847,0.159227,-0.200688
0.293195,0.157570,-0.200041
0.292304,0.160958,-0.202854
0.291509,0.161459,-0.202417
0.289473,0.161331,-0.201567
0.288299,0.161954,-0.202565
0.287093,0.162285,-0.202977
0.286588,0.166055,-0.203601
0.285091,0.165062,-0.204456
0.283197,0.166555,-0.201328
0.280533,0.167848,-0.202442
0.279624,0.167634,-0.205159
0.278269,0.167262,-0.203569
0.277173,0.169476,-0.203535
0.276508,0.170591,-0.203522
0.274947,0.174870,-0.206258
0.273360,0.170960,-0.205680
0.272309,0.173104,-0.204433
0.271327,0.174733,-0.205088
0.269917,0.175626,-0.204848
0.268014,0.176090,-0.207003
0.266618,0.175622,-0.207023
0.266023,0.179182,-0.207833
0.265526,0.179996,-0.205685
0.264647,0.178821,-0.205750
0.263245,0.180372,-0.207476
0.263190,0.181492,-0.207045
0.259854,0.182034,-0.208644
0.259567,0.184103,-0.209019
0.256726,0.183346,-0.208678
0.257007,0.183929,-0.209286
0.254842,0.186297,-0.207880
0.253332,0.188081,-0.207151
0.252020,0.188409,-0.208873
0.251324,0.189167,-0.207669
0.250195,0.190469,-0.207268
0.249208,0.191362,-0.208800
0.246839,0.191697,-0.208283
0.246684,0.193120,-0.208456
0.244600,0.195403,-0.208858
0.243800,0.193965,-0.210372
0.242822,0.196442,-0.210837
0.240410,0.195623,-0.211971
0.238774,0.196449,-0.211593
0.238062,0.197497,-0.209952
0.236610,0.198916,-0.211238
0.237049,0.200063,-0.212164
0.235916,0.200259,-0.211545
0.231255,0.200845,-0.210457
0.231277,0.202073,-0.211667
0.233572,0.201838,-0.211348
0.226935,0.202753,-0.211444
0.229336,0.204852,-0.211698
0.227124,0.206848,-0.213488
0.226103,0.208139,-0.210789
0.223448,0.208428,-0.213081
0.222935,0.208255,-0.212713
0.222752,0.209781,-0.212792
0.220412,0.210494,-0.213077
0.219037,0.211629,-0.212411
0.218740,0.212529,-0.214625
0.218870,0.213566,-0.213005
0.215760,0.214381,-0.213766
0.216281,0.216131,-0.213764
0.213825,0.216737,-0.214279
0.215761,0.218770,-0.211995
0.212972,0.220375,-0.214531
0.212591,0.221328,-0.216115
0.210703,0.222591,-0.213530
0.208861,0.223576,-0.211886
0.208817,0.222060,-0.213020
0.207997,0.222725,-0.213255
0.208214,0.225383,-0.212910
0.205164,0.227659,-0.214776
0.203885,0.227000,-0.214430
0.202849,0.227735,-0.213593
0.200477,0.229526,-0.214083
0.199271,0.231354,-0.214727
0.196847,0.228918,-0.212514
0.197278,0.232262,-0.213576
0.193774,0.232151,-0.216723
0.192532,0.232406,-0.217477
0.190993,0.235385,-0.215351
0.192712,0.235117,-0.214943
0.189932,0.236472,-0.217288
0.186396,0.235467,-0.217343
0.186209,0.236001,-0.218662
0.185633,0.238131,-0.218374
0.182644,0.239521,-0.219517
0.182291,0.240394,-0.218464
0.182332,0.239357,-0.218891
0.179742,0.241060,-0.218955
0.178651,0.241453,-0.219096
0.176894,0.243442,-0.220505
0.175507,0.243903,-0.220711
0.176688,0.243348,-0.220645
0.172381,0.243880,-0.222766
0.172449,0.245197,-0.222716
0.169970,0.247597,-0.221745
0.167858,0.247151,-0.223971
0.165986,0.246657,-0.224926
0.161816,0.246606,-0.226723
0.159637,0.247935,-0.229307
0.151507,0.240912,-0.235234
0.144310,0.235782,-0.241899
0.139031,0.235091,-0.245886
0.134659,0.232959,-0.248722
0.132910,0.230663,-0.251212
0.129674,0.233929,-0.253027
0.124871,0.232130,-0.254072
0.122699,0.230385,-0.255074
0.120273,0.230426,-0.260212
0.117937,0.232776,-0.260063
0.115664,0.234075,-0.261430
0.114487,0.234341,-0.261023
0.110348,0.233334,-0.262035
0.111576,0.233652,-0.264677
0.109899,0.233913,-0.264023
0.104828,0.235217,-0.265115
0.102134,0.233944,-0.267971
0.101837,0.235277,-0.267137
0.099676,0.235955,-0.269473
0.097906,0.235154,-0.270548
0.095607,0.235662,-0.271437
0.094207,0.235133,-0.272689
0.091465,0.235474,-0.273012
0.089688,0.237585,-0.273649
0.088309,0.239255,-0.274879
0.086359,0.237668,-0.274146
0.084640,0.240094,-0.276863
0.083512,0.238701,-0.276705
0.082291,0.241254,-0.276823
0.080489,0.242501,-0.276515
0.078406,0.241689,-0.277818
0.077163,0.242655,-0.278296
0.075337,0.244640,-0.279716
0.074578,0.244016,-0.277432
0.071716,0.245774,-0.278640
0.070672,0.243717,-0.280135
0.067892,0.243578,-0.281200
0.066708,0.246210,-0.281083
0.065167,0.247855,-0.282165
0.062842,0.248099,-0.282913
0.062788,0.248517,-0.283931
0.059103,0.248345,-0.285265
0.058065,0.250860,-0.285404
0.055658,0.249960,-0.285694
0.054675,0.250999,-0.286004
0.053011,0.252496,-0.287292
0.297669,0.052677,-0.259331
0.296311,0.054869,-0.256270
0.299977,0.059349,-0.257240
0.296425,0.061617,-0.252565
0.296891,0.063060,-0.251413
0.297778,0.065676,-0.251077
0.297144,0.068255,-0.249993
0.299859,0.070250,-0.247197
0.298661,0.072881,-0.247545
0.298296,0.074096,-0.245774
0.299091,0.076644,-0.241184
0.298186,0.080035,-0.243390
0.299319,0.080429,-0.239796
0.301549,0.083923,-0.238597
0.299219,0.087503,-0.236785
0.301243,0.089012,-0.235136
0.300559,0.090684,-0.235215
0.300202,0.093644,-0.231525
0.300682,0.096791,-0.229761
0.300978,0.098013,-0.229403
0.300960,0.101802,-0.226973
0.303466,0.105181,-0.227916
0.300883,0.106078,-0.226629
0.301908,0.110921,-0.223249
0.301375,0.109721,-0.223202
0.302995,0.111996,-0.221918
0.300625,0.114723,-0.219310
0.303573,0.117115,-0.216822
0.304753,0.119297,-0.216556
0.303187,0.122154,-0.214868
0.303312,0.123612,-0.214171
0.303456,0.127214,-0.212480
0.303910,0.129587,-0.211142
0.303927,0.131505,-0.207031
0.303529,0.132576,-0.207869
0.304913,0.135653,-0.206332
0.304696,0.137539,-0.203126
0.303664,0.140270,-0.202574
0.303806,0.143097,-0.201880
0.305075,0.145964,-0.199521
0.305660,0.147779,-0.198915
0.306102,0.150479,-0.197084
0.306059,0.152088,-0.197067
0.302723,0.151509,-0.199448
0.301819,0.153803,-0.197851
0.300596,0.153614,-0.199692
0.299238,0.156005,-0.199170
0.298655,0.155683,-0.198068
0.294911,0.156101,-0.198944
0.295690,0.157115,-0.199443
0.294539,0.157953,-0.200138
0.291662,0.157308,-0.199052
0.289173,0.158818,-0.201945
0.289576,0.160808,-0.200874
0.287362,0.160616,-0.199695
0.286796,0.161670,-0.201476
0.285142,0.162592,-0.201921
0.283102,0.162874,-0.202569
0.283590,0.164766,-0.201846
0.283449,0.164291,-0.202109
0.281270,0.163514,-0.201766
0.281022,0.166806,-0.203720
0.276798,0.169256,-0.202023
0.277328,0.170578,-0.202518
0.275303,0.169606,-0.202936
0.273822,0.171008,-0.204417
0.273415,0.170242,-0.202625
0.271901,0.173159,-0.205912
0.268234,0.172970,-0.205671
0.268770,0.171884,-0.203501
0.267979,0.175522,-0.205365
0.267029,0.175270,-0.205650
0.266446,0.175455,-0.205133
0.263639,0.175674,-0.204704
0.262720,0.179497,-0.205593
0.261781,0.179445,-0.205457
0.261550,0.178438,-0.206263
0.258545,0.180119,-0.206791
0.257861,0.181811,-0.207974
0.256202,0.184904,-0.207265
0.255555,0.185842,-0.207658
0.253909,0.184578,-0.208646
0.252374,0.187280,-0.206926
0.253171,0.186549,-0.207018
0.249527,0.188613,-0.206619
0.250650,0.189119,-0.207930
0.250060,0.191284,-0.207891
0.247401,0.189674,-0.206213
0.246140,0.190285,-0.209080
0.244791,0.191478,-0.209150
0.242714,0.194278,-0.208267
0.240778,0.193281,-0.208380
0.238942,0.195730,-0.211283
0.240485,0.195307,-0.207529
0.236775,0.198527,-0.211538
0.238127,0.199056,-0.210894
0.235564,0.199295,-0.209315
0.232825,0.198507,-0.211138
0.233737,0.200565,-0.209428
0.233099,0.202014,-0.209296
0.229339,0.201988,-0.210803
0.227640,0.204046,-0.210573
0.227057,0.207354,-0.212525
0.228163,0.205236,-0.212112
0.223723,0.204932,-0.209105
0.225031,0.205574,-0.211445
0.220184,0.208305,-0.211256
0.221753,0.209537,-0.212309
0.220020,0.209946,-0.213640
0.220625,0.210018,-0.211178
0.217227,0.210113,-0.213059
0.216089,0.213289,-0.213325
0.217540,0.214864,-0.212941
0.214388,0.214825,-0.212727
0.214004,0.214224,-0.211229
0.213764,0.217561,-0.212419
0.212019,0.218140,-0.213700
0.208879,0.219664,-0.210992
0.209404,0.220873,-0.212967
0.209948,0.222088,-0.211296
0.205442,0.221670,-0.212455
0.206085,0.221986,-0.212035
0.204060,0.222141,-0.215587
0.202967,0.225040,-0.214850
0.200798,0.224993,-0.212960
0.201224,0.227731,-0.214050
0.198492,0.229455,-0.213195
0.196475,0.226603,-0.215200
0.197247,0.228598,-0.214734
0.194170,0.228906,-0.213775
0.193347,0.230603,-0.216362
0.191274,0.231880,-0.216160
0.188774,0.230434,-0.217229
0.186586,0.231839,-0.218789
0.186259,0.231667,-0.215499
0.184569,0.233435,-0.218390
0.184109,0.235166,-0.219401
0.182542,0.235760,-0.218952
0.183114,0.237929,-0.218438
0.180268,0.237718,-0.217947
0.178507,0.237946,-0.219961
0.177155,0.239002,-0.221570
0.176545,0.239957,-0.221726
0.173652,0.242251,-0.221999
0.172847,0.242312,-0.221057
0.172851,0.242781,-0.222291
0.169605,0.242834,-0.221127
0.168868,0.243791,-0.222342
0.168295,0.244398,-0.221695
0.166159,0.245500,-0.223588
0.162362,0.245679,-0.227071
0.159310,0.245733,-0.226688
0.150499,0.238930,-0.235129
0.144605,0.239851,-0.240205
0.142663,0.234261,-0.242713
0.136895,0.234542,-0.245467
0.133743,0.233227,-0.247607
0.130529,0.232249,-0.251496
0.127690,0.231464,-0.253998
0.124719,0.232356,-0.255870
0.122834,0.232598,-0.256649
0.119114,0.232946,-0.257352
0.118512,0.231528,-0.257796
0.116823,0.230653,-0.259456
0.114582,0.232416,-0.261665
0.112161,0.232716,-0.261055
0.109678,0.233708,-0.259979
0.106595,0.232527,-0.263745
0.104558,0.235352,-0.264995
0.103943,0.234059,-0.266557
0.102436,0.236650,-0.265867
0.099165,0.233693,-0.266169
0.097729,0.232178,-0.267793
0.095566,0.233955,-0.268210
0.093563,0.235514,-0.270137
0.091263,0.238178,-0.272323
0.088045,0.236187,-0.270294
0.089151,0.238272,-0.272431
0.086579,0.237500,-0.272077
0.083367,0.241660,-0.273028
0.081198,0.237701,-0.272396
0.081161,0.240117,-0.276809
0.079843,0.240640,-0.273747
0.078444,0.241824,-0.273390
0.075235,0.241479,-0.276166
0.073911,0.242755,-0.277963
0.073222,0.242838,-0.276335
0.072645,0.245718,-0.278009
0.069180,0.245385,-0.279599
0.067021,0.247709,-0.278867
0.064855,0.245663,-0.280215
0.064237,0.246877,-0.280862
0.062194,0.244784,-0.281385
0.059914,0.247846,-0.280916
0.059237,0.247808,-0.282364
0.057790,0.249163,-0.281603
0.055467,0.248720,-0.282705
0.055003,0.250146,-0.283520
0.052146,0.250799,-0.285335
0.295929,0.053836,-0.256044
0.297803,0.056468,-0.253245
0.296136,0.058125,-0.252567
0.297764,0.059744,-0.252680
0.295422,0.061479,-0.250537
0.298074,0.064929,-0.247914
0.299372,0.067885,-0.247785
0.298244,0.070986,-0.245620
0.298998,0.071732,-0.244668
0.298832,0.076298,-0.242636
0.297070,0.077715,-0.243154
0.299754,0.080403,-0.239359
0.299547,0.083426,-0.239529
0.299786,0.083371,-0.238148
0.300264,0.086406,-0.236814
0.301315,0.089531,-0.231858
0.301240,0.091880,-0.231627
0.299152,0.093183,-0.229647
0.301228,0.094879,-0.228998
0.301477,0.099090,-0.228401
0.300435,0.099817,-0.225728
0.299090,0.103863,-0.224260
0.301512,0.105001,-0.223808
0.300877,0.107108,-0.220761
0.303207,0.111017,-0.221189
0.301997,0.114916,-0.219198
0.302589,0.113123,-0.219585
0.302046,0.116217,-0.217055
0.301444,0.120498,-0.214578
0.306105,0.121546,-0.211239
0.302906,0.124058,-0.211235
0.302073,0.127582,-0.211430
0.305526,0.127755,-0.208520
0.303024,0.132276,-0.207530
0.304867,0.133734,-0.209348
0.304196,0.137857,-0.204856
0.304214,0.139180,-0.203765
0.303780,0.139566,-0.201556
0.303914,0.142170,-0.201168
0.303251,0.147370,-0.199846
0.306006,0.148107,-0.196647
0.303685,0.150122,-0.196486
0.304421,0.151726,-0.197700
0.302503,0.151461,-0.197461
0.299159,0.152948,-0.195593
0.301341,0.151821,-0.197269
0.297603,0.153332,-0.197811
0.298268,0.153011,-0.197466
0.294474,0.153995,-0.198712
0.294682,0.157458,-0.199786
0.294792,0.153953,-0.197879
0.290809,0.157580,-0.198475
0.289465,0.157824,-0.199530
0.288890,0.156822,-0.201085
0.286247,0.156814,-0.199334
0.286681,0.158934,-0.201429
0.283504,0.162268,-0.202264
0.284567,0.162220,-0.201341
0.282242,0.162395,-0.202163
0.280060,0.161490,-0.199921
0.280921,0.167216,-0.201956
0.277509,0.167421,-0.202529
0.277682,0.165194,-0.202670
0.277284,0.167403,-0.202230
0.275248,0.167303,-0.201768
0.272350,0.167329,-0.203425
0.271527,0.171098,-0.204334
0.270646,0.171535,-0.202592
0.270061,0.171479,-0.204411
0.268899,0.171892,-0.203795
0.265880,0.172809,-0.204498
0.265697,0.173721,-0.203995
0.265579,0.176950,-0.203459
0.262599,0.175816,-0.204413
0.260190,0.178264,-0.203335
0.260357,0.178407,-0.205258
0.258934,0.179822,-0.205377
0.256656,0.181794,-0.204133
0.255066,0.181424,-0.205551
0.253940,0.182914,-0.207952
0.254134,0.182451,-0.205223
0.254476,0.184785,-0.206797
0.250294,0.185242,-0.207067
0.252315,0.187303,-0.206740
0.249810,0.189003,-0.206537
0.248582,0.187512,-0.206880
0.247516,0.186918,-0.206840
0.247891,0.188897,-0.206207
0.247326,0.191417,-0.205729
0.243957,0.190777,-0.205287
0.240204,0.193207,-0.206559
0.240800,0.192650,-0.208324
0.240133,0.193531,-0.206526
0.238353,0.195092,-0.207754
0.235728,0.195553,-0.207573
0.235733,0.197133,-0.206820
0.233770,0.198551,-0.207406
0.234627,0.198081,-0.208206
0.232267,0.200738,-0.209324
0.229868,0.199496,-0.208989
0.229939,0.202016,-0.209583
0.227693,0.201584,-0.209995
0.227687,0.206215,-0.209554
0.227299,0.202753,-0.209752
0.224768,0.206342,-0.211969
0.223917,0.205423,-0.210969
0.221419,0.206770,-0.212000
0.220419,0.209972,-0.211584
0.219126,0.209683,-0.211472
0.217109,0.209966,-0.210803
0.216715,0.209277,-0.211153
0.216288,0.212057,-0.212580
0.215056,0.214578,-0.210111
0.212271,0.212519,-0.211489
0.213078,0.213944,-0.211582
0.210666,0.215182,-0.210963
0.209992,0.217125,-0.210487
0.208976,0.217036,-0.213285
0.207416,0.217576,-0.213107
0.206580,0.219970,-0.211125
0.204371,0.219323,-0.212341
0.205970,0.220593,-0.213826
0.201463,0.222211,-0.211165
0.200442,0.222334,-0.212254
0.200673,0.222266,-0.213604
0.197578,0.224053,-0.213987
0.198644,0.224635,-0.214560
0.195466,0.226420,-0.214939
0.194480,0.226130,-0.215996
0.193287,0.229206,-0.216548
0.189219,0.228849,-0.216235
0.191434,0.229856,-0.215931
0.186279,0.231492,-0.218272
0.185781,0.229696,-0.217288
0.183697,0.231853,-0.217907
0.183926,0.230019,-0.216738
0.182273,0.231537,-0.218343
0.181802,0.231998,-0.218527
0.179740,0.234981,-0.220431
0.177601,0.235863,-0.218976
0.177337,0.236132,-0.220496
0.174643,0.239249,-0.221152
0.173748,0.238911,-0.219698
0.172370,0.238219,-0.221650
0.171113,0.240112,-0.222725
0.169774,0.241217,-0.219825
0.167178,0.242948,-0.222177
0.166754,0.241797,-0.222566
0.164281,0.241654,-0.224296
0.161138,0.240683,-0.223716
0.159566,0.240493,-0.226961
0.151485,0.237079,-0.233387
0.146522,0.236747,-0.235768
0.141436,0.234421,-0.242193
0.139687,0.232894,-0.243986
0.135829,0.232769,-0.246407
0.132454,0.231202,-0.248739
0.129289,0.229913,-0.250241
0.126690,0.233111,-0.250516
0.122954,0.230674,-0.254407
0.121614,0.228495,-0.254542
0.118062,0.232515,-0.256873
0.117057,0.230117,-0.256001
0.113428,0.231517,-0.256229
0.114447,0.230741,-0.258636
0.112281,0.232830,-0.259520
0.108080,0.232851,-0.262037
0.105886,0.232156,-0.262337
0.104180,0.234547,-0.262558
0.102729,0.231568,-0.263794
0.100532,0.234111,-0.263124
0.098370,0.232562,-0.265133
0.096658,0.235623,-0.266186
0.093862,0.235451,-0.265982
0.093795,0.234210,-0.270528
0.090628,0.236575,-0.269473
0.087336,0.236485,-0.271417
0.085059,0.236055,-0.270569
0.086099,0.236843,-0.269000
0.084535,0.236181,-0.272203
0.082023,0.237520,-0.275063
0.081171,0.239115,-0.273943
0.078932,0.239268,-0.273067
0.075097,0.240831,-0.274275
0.075702,0.240523,-0.276510
0.072473,0.241312,-0.275250
0.069851,0.242897,-0.276954
0.070072,0.243605,-0.276760
0.068821,0.242726,-0.278040
0.068229,0.245180,-0.280936
0.065329,0.244274,-0.279370
0.063351,0.243915,-0.278631
0.062271,0.245444,-0.278345
0.060733,0.248217,-0.281211
0.058774,0.246967,-0.280660
0.057915,0.247348,-0.281019
0.054941,0.249090,-0.281876
0.053631,0.251371,-0.281896
0.053252,0.250947,-0.284747
0.297466,0.051098,-0.255648
0.296706,0.053980,-0.254203
0.297796,0.056332,-0.251823
0.298288,0.059710,-0.248273
0.296584,0.063186,-0.246768
0.297623,0.063751,-0.246863
0.296521,0.067845,-0.244527
0.296145,0.070918,-0.243153
0.296648,0.073119,-0.242963
0.299065,0.074559,-0.241224
0.297470,0.075794,-0.238773
0.298093,0.078418,-0.238130
0.297908,0.081087,-0.234272
0.298891,0.083261,-0.235375
0.299986,0.085262,-0.234627
0.299092,0.088199,-0.232956
0.299679,0.089985,-0.230456
0.298239,0.093434,-0.228472
0.301736,0.095083,-0.226418
0.299992,0.097058,-0.226681
0.300416,0.099991,-0.224072
0.301284,0.103432,-0.222766
0.300677,0.106132,-0.222404
0.301142,0.106777,-0.220724
0.300655,0.108495,-0.217592
0.300992,0.110547,-0.216944
0.301721,0.113805,-0.216644
0.302612,0.116779,-0.213898
0.301823,0.118834,-0.213493
0.301030,0.121448,-0.211450
0.301768,0.123999,-0.209425
0.303252,0.125189,-0.207871
0.303311,0.126445,-0.205141
0.301769,0.131037,-0.205391
0.302166,0.132571,-0.203814
0.303692,0.136237,-0.201989
0.305001,0.136786,-0.201323
0.303494,0.139180,-0.199501
0.303499,0.143075,-0.196775
0.303277,0.143471,-0.195193
0.302983,0.145964,-0.195776
0.303883,0.148064,-0.196173
0.302923,0.148836,-0.195602
0.302258,0.151240,-0.193696
0.299237,0.150771,-0.197177
0.299227,0.151802,-0.199029
0.295311,0.151827,-0.195605
0.296774,0.154119,-0.197741
0.293797,0.154946,-0.197611
0.295796,0.153953,-0.196063
0.291581,0.154516,-0.197660
0.290141,0.156354,-0.200088
0.290249,0.157292,-0.197473
0.288255,0.157886,-0.197747
0.287100,0.157808,-0.199811
0.285049,0.161114,-0.199667
0.283915,0.162642,-0.200687
0.281019,0.161240,-0.200521
0.281168,0.161868,-0.199582
0.279521,0.164618,-0.199365
0.278257,0.164140,-0.200436
0.276853,0.165452,-0.200736
0.275166,0.165660,-0.200232
0.273567,0.164916,-0.200384
0.273352,0.167837,-0.202784
0.271667,0.168140,-0.201508
0.269622,0.169581,-0.202892
0.268519,0.168761,-0.201288
0.269046,0.171093,-0.201013
0.267350,0.172397,-0.203488
0.265289,0.172549,-0.203164
0.264556,0.172554,-0.202691
0.263349,0.176086,-0.204735
0.262411,0.177124,-0.203573
0.261388,0.176148,-0.202786
0.258412,0.178357,-0.203418
0.257401,0.178183,-0.204146
0.259033,0.180924,-0.203191
0.256630,0.180856,-0.200354
0.257261,0.181732,-0.205384
0.254529,0.182543,-0.206333
0.251580,0.183123,-0.203888
0.250553,0.184687,-0.205749
0.249238,0.185859,-0.203336
0.247320,0.187143,-0.205727
0.248337,0.187355,-0.203968
0.245082,0.188300,-0.205592
0.244841,0.187605,-0.204693
0.245530,0.190231,-0.206647
0.242014,0.190948,-0.206648
0.240377,0.191529,-0.205733
0.240719,0.192573,-0.206775
0.236205,0.193741,-0.208134
0.236333,0.195935,-0.204976
0.234271,0.196017,-0.209130
0.236342,0.194080,-0.207621
0.233339,0.197298,-0.206931
0.232410,0.198110,-0.206681
0.231920,0.199262,-0.210106
0.231330,0.200065,-0.208464
0.227980,0.201515,-0.208205
0.226976,0.201980,-0.208484
0.225554,0.203241,-0.208916
0.223834,0.204078,-0.210054
0.223185,0.204302,-0.208402
0.222545,0.205278,-0.208401
0.221136,0.205128,-0.207871
0.218871,0.206892,-0.208995
0.215803,0.206909,-0.209644
0.217788,0.207597,-0.208737
0.215921,0.209343,-0.209506
0.214824,0.211469,-0.209031
0.213263,0.213176,-0.207953
0.212133,0.213563,-0.210421
0.213138,0.212256,-0.211253
0.211639,0.214475,-0.211446
0.207773,0.215370,-0.210102
0.208250,0.217611,-0.209824
0.207598,0.216356,-0.212297
0.202959,0.217719,-0.212016
0.204174,0.220156,-0.211457
0.200921,0.219455,-0.211108
0.202501,0.222081,-0.212208
0.200519,0.222113,-0.212977
0.199007,0.221649,-0.213526
0.195624,0.224245,-0.214430
0.195248,0.224940,-0.214134
0.192282,0.224946,-0.215074
0.191049,0.224498,-0.215010
0.188947,0.225439,-0.215646
0.188316,0.229056,-0.215853
0.185835,0.227760,-0.216394
0.184575,0.226180,-0.216723
0.184706,0.229070,-0.217247
0.181304,0.229815,-0.217241
0.180944,0.230338,-0.216427
0.180446,0.231257,-0.219223
0.180073,0.231607,-0.217163
0.176250,0.234565,-0.219543
0.177096,0.235361,-0.218230
0.176565,0.236063,-0.218323
0.176207,0.236095,-0.218410
0.171694,0.237358,-0.220109
0.171101,0.238193,-0.219445
0.168495,0.240020,-0.220879
0.167708,0.238778,-0.219478
0.166207,0.239505,-0.221550
0.163318,0.238668,-0.220535
0.162206,0.239460,-0.224214
0.156732,0.238647,-0.227768
0.151525,0.232958,-0.231501
0.149148,0.236005,-0.234670
0.144121,0.233618,-0.238986
0.139444,0.231996,-0.241251
0.137249,0.231514,-0.243261
0.133191,0.231276,-0.244920
0.131982,0.230548,-0.248372
0.129912,0.231866,-0.249906
0.124808,0.227926,-0.249170
0.122354,0.231150,-0.250512
0.120642,0.229681,-0.253300
0.118305,0.229817,-0.253014
0.117203,0.230362,-0.255412
0.114923,0.230378,-0.256004
0.112787,0.232830,-0.257943
0.111766,0.230955,-0.259659
0.107760,0.231683,-0.260513
0.104533,0.232825,-0.260296
0.106101,0.230826,-0.261144
0.102164,0.231798,-0.263308
0.099340,0.232354,-0.264601
0.099030,0.231836,-0.263017
0.096580,0.235274,-0.264743
0.094484,0.234363,-0.266165
0.093943,0.234698,-0.267918
0.088256,0.234325,-0.269877
0.088317,0.234210,-0.269216
0.084175,0.235739,-0.269314
0.084891,0.237887,-0.271734
0.081255,0.236057,-0.271046
0.078841,0.237302,-0.271302
0.077736,0.238247,-0.273098
0.078350,0.240078,-0.271719
0.076670,0.239401,-0.273618
0.075277,0.239184,-0.274223
0.072609,0.239809,-0.273867
0.069410,0.242119,-0.276849
0.070237,0.240816,-0.275523
0.067335,0.243407,-0.275611
0.065284,0.242515,-0.275530
0.063883,0.244277,-0.276171
0.062223,0.243329,-0.277192
0.061199,0.245946,-0.277675
0.057719,0.247263,-0.279312
0.056613,0.246353,-0.277819
0.055769,0.247560,-0.280136
0.053820,0.250171,-0.282445
0.051937,0.249360,-0.281098
0.051134,0.247458,-0.282898
0.295876,0.052535,-0.252774
0.296062,0.054381,-0.252079
0.294335,0.057042,-0.250879
0.297636,0.059284,-0.248054
0.297618,0.062777,-0.247231
0.299144,0.064079,-0.244456
0.296276,0.066830,-0.244334
0.297952,0.068026,-0.241599
0.297109,0.070155,-0.238748
0.297142,0.074750,-0.240060
0.298082,0.076342,-0.237269
0.298018,0.078882,-0.235538
0.297561,0.080422,-0.236155
0.299324,0.081165,-0.231301
0.299215,0.084909,-0.233217
0.298685,0.088509,-0.229799
0.298608,0.091458,-0.228653
0.299330,0.090316,-0.227912
0.298656,0.094822,-0.226006
0.300149,0.099104,-0.224290
0.299028,0.098433,-0.225311
0.298933,0.103630,-0.221940
0.299956,0.103677,-0.221093
0.300332,0.106988,-0.218423
0.300557,0.107843,-0.217224
0.303019,0.110074,-0.216135
0.302316,0.113100,-0.212616
0.301552,0.117379,-0.212626
0.302274,0.118400,-0.211673
0.301085,0.121192,-0.208813
0.302150,0.122987,-0.208537
0.302927,0.125424,-0.206017
0.303442,0.129536,-0.204195
0.303469,0.130105,-0.204271
0.302198,0.134303,-0.202185
0.303032,0.134569,-0.200808
0.304230,0.136884,-0.200797
0.303618,0.139710,-0.197112
0.304753,0.141230,-0.195324
0.304826,0.141864,-0.195947
0.301761,0.146304,-0.194742
0.303481,0.146057,-0.194126
0.300739,0.147166,-0.195724
0.300467,0.148830,-0.195480
0.297769,0.148753,-0.195894
0.297439,0.147816,-0.195222
0.295853,0.151565,-0.195655
0.294896,0.153401,-0.196839
0.293122,0.153836,-0.195235
0.291105,0.154270,-0.197860
0.290920,0.153567,-0.195872
0.290801,0.153982,-0.197406
0.289824,0.154717,-0.198883
0.286832,0.154325,-0.198143
0.285240,0.155809,-0.197982
0.283171,0.158364,-0.198144
0.281102,0.159606,-0.198747
0.280423,0.160148,-0.197104
0.280032,0.161175,-0.199093
0.277137,0.161176,-0.201073
0.279124,0.161808,-0.199908
0.275714,0.163052,-0.201701
0.275047,0.164776,-0.201041
0.273287,0.165007,-0.201859
0.272910,0.167297,-0.202891
0.270912,0.168782,-0.200939
0.269987,0.166823,-0.201696
0.266111,0.168876,-0.201646
0.266301,0.170747,-0.199894
0.267137,0.170033,-0.202530
0.264851,0.169993,-0.202573
0.263039,0.174002,-0.201732
0.261489,0.175179,-0.201052
0.261796,0.173831,-0.204240
0.258096,0.175038,-0.202698
0.260008,0.178427,-0.202588
0.258460,0.177090,-0.202735
0.255377,0.180358,-0.203315
0.254820,0.179410,-0.200898
0.254775,0.182319,-0.203560
0.252254,0.182589,-0.206233
0.252375,0.182534,-0.204158
0.250417,0.181729,-0.202236
0.250244,0.184888,-0.202975
0.247647,0.183619,-0.203696
0.247055,0.188008,-0.204651
0.245532,0.186647,-0.203747
0.244955,0.186979,-0.205258
0.243345,0.189639,-0.204061
0.241470,0.190055,-0.207207
0.240409,0.191206,-0.206272
0.237934,0.191365,-0.207150
0.239607,0.193312,-0.204244
0.237101,0.194823,-0.204119
0.237160,0.195253,-0.205880
0.233830,0.196834,-0.206686
0.232696,0.196371,-0.204667
0.230906,0.198115,-0.206145
0.231806,0.196965,-0.207214
0.230276,0.199408,-0.205858
0.228932,0.199352,-0.205822
0.225662,0.201063,-0.206612
0.225879,0.201847,-0.207135
0.223844,0.200753,-0.206936
0.222726,0.203948,-0.206931
0.221232,0.203397,-0.209965
0.221145,0.204424,-0.205586
0.217431,0.206687,-0.207904
0.216969,0.205675,-0.210007
0.216717,0.206162,-0.208307
0.215260,0.208436,-0.207632
0.213379,0.209463,-0.209894
0.212108,0.209633,-0.207467
0.210252,0.211481,-0.208509
0.209839,0.212108,-0.209243
0.208086,0.213978,-0.207821
0.208653,0.215386,-0.211432
0.205467,0.216120,-0.209845
0.207314,0.217359,-0.210327
0.203879,0.218196,-0.211859
0.201393,0.218204,-0.211427
0.198514,0.218883,-0.209260
0.197709,0.219324,-0.211133
0.198984,0.221393,-0.213146
0.195753,0.221173,-0.213324
0.193744,0.222781,-0.211487
0.192564,0.222164,-0.214228
0.191361,0.223600,-0.212622
0.189350,0.223470,-0.215741
0.188879,0.223198,-0.215691
0.187125,0.225339,-0.216689
0.184581,0.224351,-0.217385
0.184745,0.227331,-0.216393
0.180786,0.228184,-0.217312
0.180043,0.227527,-0.216386
0.178780,0.228021,-0.217748
0.177594,0.230011,-0.217021
0.176166,0.230989,-0.217149
0.177819,0.231560,-0.217351
0.175133,0.231741,-0.217523
0.173314,0.232151,-0.218612
0.171326,0.234960,-0.221283
0.171786,0.236419,-0.219523
0.172159,0.234646,-0.219379
0.166822,0.236143,-0.222292
0.164850,0.235650,-0.222279
0.163295,0.237840,-0.221163
0.161907,0.235472,-0.222503
0.155712,0.234909,-0.228295
0.151587,0.233978,-0.232631
0.149060,0.233115,-0.232773
0.145391,0.230265,-0.235354
0.141873,0.230617,-0.239338
0.137498,0.231579,-0.241799
0.134093,0.229287,-0.242271
0.132519,0.229352,-0.243674
0.130627,0.227542,-0.245247
0.128059,0.227179,-0.246995
0.124344,0.228844,-0.248835
0.121713,0.229042,-0.250062
0.120927,0.229984,-0.248881
0.119235,0.228816,-0.255170
0.115480,0.229233,-0.253997
0.115241,0.230083,-0.254988
0.111060,0.228620,-0.255954
0.108328,0.229268,-0.257292
0.107615,0.230633,-0.258802
0.104658,0.230445,-0.257004
0.101608,0.230647,-0.260834
0.101377,0.231096,-0.261175
0.099482,0.230496,-0.261240
0.097559,0.232833,-0.263097
0.095496,0.233891,-0.263746
0.091839,0.234398,-0.268493
0.091134,0.232541,-0.267004
0.089532,0.234416,-0.268722
0.088079,0.232814,-0.268352
0.085544,0.233763,-0.268796
0.082530,0.234005,-0.268664
0.081862,0.234064,-0.271077
0.079907,0.237524,-0.270159
0.077960,0.238620,-0.271951
0.077012,0.238063,-0.272025
0.073245,0.238623,-0.271545
0.074215,0.238040,-0.273708
0.072587,0.239899,-0.272536
0.069557,0.241165,-0.273951
0.067935,0.241825,-0.276298
0.066026,0.240254,-0.274715
0.065736,0.241872,-0.275243
0.063392,0.243118,-0.276560
0.061063,0.242049,-0.275624
0.057573,0.243808,-0.279284
0.058255,0.243751,-0.277367
0.056752,0.244764,-0.279481
0.053434,0.246683,-0.277551
0.051717,0.247860,-0.279887
0.052345,0.247934,-0.279944
0.295311,0.050086,-0.250912
0.296209,0.054344,-0.250522
0.295660,0.057523,-0.246621
0.294697,0.058091,-0.247641
0.295394,0.060411,-0.246139
0.297021,0.064224,-0.243044
0.296589,0.067012,-0.242233
0.296215,0.069077,-0.239462
0.296541,0.072280,-0.238914
0.296852,0.073055,-0.236309
0.296751,0.074741,-0.235054
0.300142,0.076612,-0.233281
0.298061,0.079049,-0.232880
0.297041,0.081042,-0.232619
0.297732,0.084595,-0.229708
0.297029,0.086088,-0.228724
0.298965,0.091153,-0.226284
0.298909,0.094847,-0.224394
0.298376,0.096313,-0.225271
0.299905,0.096737,-0.225665
0.300806,0.099532,-0.219830
0.299134,0.101149,-0.218808
0.301792,0.105246,-0.218715
0.298212,0.106624,-0.216031
0.300160,0.109646,-0.214472
0.300811,0.111284,-0.215364
0.300761,0.113192,-0.213390
0.301072,0.118060,-0.210242
0.300724,0.116447,-0.210774
0.302015,0.119672,-0.206045
0.300551,0.122398,-0.206249
0.301467,0.125173,-0.204998
0.302059,0.127050,-0.203063
0.302781,0.128180,-0.202073
0.301575,0.131830,-0.200232
0.302313,0.135845,-0.199550
0.304672,0.134945,-0.197473
0.304175,0.140867,-0.196772
0.302932,0.139718,-0.196331
0.302904,0.144117,-0.194254
0.301484,0.144529,-0.193313
0.303122,0.145315,-0.193421
0.298819,0.144740,-0.194247
0.297672,0.148723,-0.194425
0.297283,0.148629,-0.194134
0.295773,0.149593,-0.195872
0.292870,0.150769,-0.194900
0.293968,0.151069,-0.196168
0.292501,0.150787,-0.195885
0.291566,0.151341,-0.196741
0.287852,0.152669,-0.196616
0.287916,0.152414,-0.195767
0.286103,0.153550,-0.195324
0.284347,0.157250,-0.197481
0.285111,0.155492,-0.197220
0.284151,0.156553,-0.199488
0.280508,0.159228,-0.198748
0.277756,0.158664,-0.197461
0.279879,0.161369,-0.197731
0.276920,0.160959,-0.198313
0.276099,0.162850,-0.197468
0.274927,0.161405,-0.199858
0.272571,0.163367,-0.198797
0.272712,0.163242,-0.199103
0.271178,0.164125,-0.198570
0.271475,0.166160,-0.200217
0.267789,0.165884,-0.198760
0.265793,0.168235,-0.199457
0.265327,0.169542,-0.201930
0.264746,0.171811,-0.199961
0.263887,0.170478,-0.202588
0.262189,0.170934,-0.200754
0.260496,0.173557,-0.202077
0.259926,0.172898,-0.201267
0.258633,0.175911,-0.201958
0.257036,0.175608,-0.200776
0.256579,0.178247,-0.202238
0.253879,0.177667,-0.201866
0.254867,0.177453,-0.203954
0.253869,0.179474,-0.200849
0.252979,0.179461,-0.201482
0.251704,0.181136,-0.201960
0.249259,0.184209,-0.201792
0.248851,0.185112,-0.201899
0.245426,0.185970,-0.203916
0.245166,0.186430,-0.201943
0.245693,0.187005,-0.201819
0.243205,0.187776,-0.203846
0.240698,0.188117,-0.203109
0.239764,0.188150,-0.203242
0.239450,0.190011,-0.202324
0.240197,0.191594,-0.204193
0.237941,0.191023,-0.203743
0.235060,0.191779,-0.203480
0.236820,0.194206,-0.203397
0.233421,0.194622,-0.203608
0.231357,0.195686,-0.204162
0.232674,0.195845,-0.203869
0.229519,0.198376,-0.204109
0.229597,0.198790,-0.205165
0.227418,0.197739,-0.204992
0.225789,0.199725,-0.204227
0.225993,0.200995,-0.205390
0.222323,0.203195,-0.204874
0.222699,0.200879,-0.207931
0.219346,0.205384,-0.207632
0.218786,0.203887,-0.206321
0.217626,0.205531,-0.204290
0.217867,0.207293,-0.207917
0.217208,0.207814,-0.207840
0.212987,0.208704,-0.208446
0.212611,0.208518,-0.207807
0.211991,0.210207,-0.207734
0.208779,0.210585,-0.208593
0.209502,0.212855,-0.208391
0.207936,0.211404,-0.208268
0.205077,0.213797,-0.209979
0.204930,0.214202,-0.209156
0.203760,0.215197,-0.209770
0.202043,0.216104,-0.209802
0.200361,0.216804,-0.212557
0.198788,0.218745,-0.210151
0.199780,0.216687,-0.213161
0.197514,0.219061,-0.211245
0.193521,0.220699,-0.212498
0.194324,0.222557,-0.214260
0.193668,0.221527,-0.213285
0.188703,0.220857,-0.214184
0.188321,0.222078,-0.215024
0.185044,0.221812,-0.214419
0.183652,0.223763,-0.216268
0.182330,0.222418,-0.215475
0.181988,0.224797,-0.218350
0.180651,0.224406,-0.215356
0.178276,0.227010,-0.217495
0.177595,0.227639,-0.215503
0.176988,0.226956,-0.217577
0.175428,0.227980,-0.218622
0.173613,0.229879,-0.217993
0.173568,0.230880,-0.216945
0.171638,0.232049,-0.218479
0.167890,0.231864,-0.220231
0.166975,0.232686,-0.219075
0.163518,0.232442,-0.221182
0.164478,0.234130,-0.221033
0.162040,0.232011,-0.224086
0.160447,0.234762,-0.224174
0.155191,0.233581,-0.225596
0.153384,0.232357,-0.228715
0.150597,0.231248,-0.230653
0.146471,0.232808,-0.232268
0.144163,0.227953,-0.237979
0.140764,0.229197,-0.240305
0.138591,0.229165,-0.239467
0.133699,0.227662,-0.240974
0.131450,0.228087,-0.242553
0.129108,0.227977,-0.244888
0.128355,0.227742,-0.247680
0.124950,0.229625,-0.248014
0.121941,0.229611,-0.248143
0.120268,0.228839,-0.248864
0.117379,0.228110,-0.250333
0.116012,0.229123,-0.250503
0.112208,0.230814,-0.254063
0.109221,0.228051,-0.254410
0.107459,0.228981,-0.256827
0.106472,0.229851,-0.257134
0.103549,0.230038,-0.259783
0.102007,0.228851,-0.257726
0.100799,0.232171,-0.261077
0.097540,0.230391,-0.261012
0.096287,0.230804,-0.263398
0.094147,0.230781,-0.261951
0.090865,0.233337,-0.264980
0.088996,0.231241,-0.265565
0.087203,0.234083,-0.266420
0.086940,0.232777,-0.266072
0.083913,0.234302,-0.265808
0.082784,0.235068,-0.268329
0.080496,0.236532,-0.268515
0.080762,0.234434,-0.269382
0.077812,0.237918,-0.271205
0.075824,0.236000,-0.271396
0.073757,0.236391,-0.270485
0.071958,0.237793,-0.271448
0.071494,0.237397,-0.273180
0.068225,0.239437,-0.272143
0.069445,0.239277,-0.272896
0.065120,0.241472,-0.272532
0.063795,0.240806,-0.273780
0.060991,0.242778,-0.275174
0.061562,0.242115,-0.275993
0.059935,0.242040,-0.278291
0.057858,0.242868,-0.278053
0.055646,0.247106,-0.279059
0.053587,0.245065,-0.278463
0.053190,0.244227,-0.277076
0.052122,0.244471,-0.279050
0.294573,0.046284,-0.250020
0.295209,0.050411,-0.248610
0.295378,0.051895,-0.248702
0.295643,0.057289,-0.247222
0.295093,0.059167,-0.245823
0.293333,0.059195,-0.243718
0.295887,0.063759,-0.239873
0.295905,0.066127,-0.241533
0.297716,0.067443,-0.239484
0.296795,0.070532,-0.236589
0.296004,0.072086,-0.237135
0.295610,0.074597,-0.235131
0.296730,0.078160,-0.231168
0.295772,0.079096,-0.230873
0.296702,0.082972,-0.230801
0.298790,0.084776,-0.229029
0.297880,0.086892,-0.226845
0.298798,0.088928,-0.223715
0.298871,0.090780,-0.223793
0.299328,0.091901,-0.222633
0.299108,0.095067,-0.220180
0.300565,0.097786,-0.220154
0.299028,0.101179,-0.217291
0.298783,0.103901,-0.215795
0.299453,0.104189,-0.216109
0.300597,0.108502,-0.214784
0.299979,0.111180,-0.211250
0.300535,0.112903,-0.211860
0.298743,0.116233,-0.208650
0.299767,0.117749,-0.207686
0.302450,0.119024,-0.205200
0.299858,0.122649,-0.203019
0.300055,0.124521,-0.204892
0.300941,0.127607,-0.202001
0.302424,0.127729,-0.200167
0.302660,0.133055,-0.197618
0.303086,0.132854,-0.197744
0.301961,0.137624,-0.197105
0.301383,0.138085,-0.194268
0.302329,0.140569,-0.193313
0.302015,0.141948,-0.191521
0.301830,0.142148,-0.192472
0.298572,0.144673,-0.194600
0.299377,0.146377,-0.192660
0.298076,0.147866,-0.192181
0.296260,0.145140,-0.193842
0.294957,0.147500,-0.193700
0.294246,0.148843,-0.193392
0.292783,0.149547,-0.194852
0.290011,0.151797,-0.196314
0.289149,0.149592,-0.195902
0.288400,0.153226,-0.193770
0.287354,0.154851,-0.195011
0.285509,0.156031,-0.195835
0.282847,0.154486,-0.195767
0.284021,0.156171,-0.196722
0.281276,0.157419,-0.196005
0.281128,0.157359,-0.195750
0.277934,0.159741,-0.197801
0.279108,0.158502,-0.197439
0.276576,0.160504,-0.196679
0.276097,0.160860,-0.197551
0.275688,0.160652,-0.198169
0.273037,0.163551,-0.197752
0.271634,0.163822,-0.199281
0.269642,0.166455,-0.198833
0.267431,0.165051,-0.199217
0.267524,0.165803,-0.198494
0.266204,0.165034,-0.196574
0.265586,0.168471,-0.198361
0.265220,0.168338,-0.198081
0.263188,0.171396,-0.198754
0.260980,0.170694,-0.199061
0.259910,0.173192,-0.198801
0.259615,0.174696,-0.201985
0.257124,0.174382,-0.201227
0.257226,0.175497,-0.199524
0.256303,0.176638,-0.200978
0.253842,0.176490,-0.201432
0.253931,0.177880,-0.201852
0.253285,0.179307,-0.199840
0.250280,0.177950,-0.202042
0.249513,0.180967,-0.201054
0.247560,0.183125,-0.202686
0.246750,0.181602,-0.201708
0.246695,0.183863,-0.198780
0.244662,0.184138,-0.201741
0.243222,0.186154,-0.200790
0.243639,0.187369,-0.203560
0.239183,0.188358,-0.198877
0.240693,0.187389,-0.201790
0.239084,0.190964,-0.201708
0.238618,0.188240,-0.202632
0.237284,0.190709,-0.202505
0.233390,0.192609,-0.203624
0.233921,0.194619,-0.202551
0.233060,0.193165,-0.201430
0.230539,0.194958,-0.202833
0.229030,0.194196,-0.202256
0.229160,0.198339,-0.203862
0.227328,0.197167,-0.203901
0.224149,0.198105,-0.205768
0.224910,0.199667,-0.204916
0.223083,0.200902,-0.204911
0.221026,0.201454,-0.204749
0.221918,0.202112,-0.205143
0.219222,0.202380,-0.204987
0.217540,0.204127,-0.207008
0.216129,0.204555,-0.205338
0.215727,0.204407,-0.203643
0.214010,0.206479,-0.206841
0.212573,0.207284,-0.206105
0.211202,0.208917,-0.207709
0.209555,0.207924,-0.209003
0.211103,0.209743,-0.207119
0.207165,0.209010,-0.207776
0.208215,0.209608,-0.207128
0.205413,0.212940,-0.206661
0.204562,0.213811,-0.208864
0.201001,0.214203,-0.209875
0.200384,0.215960,-0.208085
0.199807,0.216017,-0.208033
0.197782,0.216244,-0.212923
0.197369,0.216552,-0.208888
0.195300,0.218030,-0.210694
0.192590,0.217863,-0.211428
0.191979,0.218275,-0.213099
0.190438,0.218219,-0.214610
0.186710,0.218189,-0.213353
0.186516,0.220840,-0.213744
0.184007,0.221564,-0.216307
0.183325,0.221360,-0.215315
0.181695,0.221738,-0.217289
0.179964,0.223660,-0.215677
0.181612,0.223629,-0.215519
0.177014,0.225152,-0.215463
0.176557,0.227052,-0.216344
0.174735,0.225926,-0.217208
0.172876,0.228624,-0.218533
0.172306,0.230358,-0.218404
0.171248,0.230732,-0.219098
0.167632,0.229230,-0.218827
0.167902,0.228182,-0.219799
0.165595,0.229804,-0.222161
0.164041,0.231595,-0.221648
0.161502,0.231863,-0.221797
0.160230,0.232817,-0.222837
0.159031,0.233233,-0.224467
0.154640,0.230009,-0.226348
0.149777,0.230376,-0.228390
0.147275,0.226413,-0.230503
0.143934,0.227321,-0.233125
0.141321,0.227647,-0.234294
0.138532,0.225060,-0.237679
0.135803,0.229566,-0.238321
0.132652,0.229433,-0.241412
0.130532,0.228264,-0.242330
0.128782,0.228422,-0.243942
0.127488,0.226095,-0.245168
0.123637,0.227086,-0.246842
0.122661,0.227894,-0.247760
0.119606,0.229428,-0.247834
0.114393,0.228992,-0.249802
0.112593,0.226778,-0.252109
0.112394,0.228511,-0.252384
0.108644,0.228270,-0.252771
0.108755,0.227400,-0.255857
0.105175,0.229355,-0.254553
0.104984,0.229329,-0.255609
0.101614,0.229441,-0.256504
0.098228,0.227911,-0.259061
0.097055,0.230885,-0.259919
0.095324,0.231459,-0.260989
0.094213,0.230708,-0.262641
0.092198,0.231176,-0.262198
0.091625,0.231265,-0.263847
0.087335,0.231977,-0.264446
0.087304,0.231523,-0.265127
0.083671,0.234244,-0.264668
0.081705,0.233409,-0.263944
0.080197,0.231795,-0.266513
0.079556,0.235016,-0.270077
0.076218,0.236452,-0.269331
0.073490,0.236756,-0.268734
0.072652,0.236772,-0.269037
0.070630,0.238884,-0.270072
0.069767,0.236447,-0.270906
0.066913,0.238350,-0.271934
0.067272,0.239346,-0.271197
0.065041,0.238987,-0.274049
0.063050,0.242432,-0.273474
0.060968,0.239586,-0.274077
0.057364,0.241643,-0.273459
0.057988,0.242888,-0.275593
0.056581,0.244696,-0.273330
0.055770,0.244075,-0.276205
0.051173,0.243414,-0.277249
0.050218,0.246058,-0.277886
0.048472,0.247912,-0.277060
0.293758,0.047597,-0.249081
0.295555,0.050845,-0.248063
0.295910,0.053258,-0.246244
0.295797,0.054385,-0.243625
0.294816,0.055733,-0.242489
0.295959,0.061490,-0.241535
0.296330,0.061447,-0.238773
0.294493,0.064673,-0.236898
0.296250,0.066458,-0.237277
0.295498,0.070629,-0.234798
0.297374,0.072081,-0.232544
0.296994,0.073596,-0.232185
0.296254,0.076685,-0.229586
0.297094,0.080062,-0.228076
0.296418,0.083491,-0.229198
0.296628,0.084783,-0.226003
0.296454,0.085606,-0.223280
0.297780,0.089363,-0.224232
0.296040,0.092451,-0.222398
0.297609,0.095455,-0.221717
0.296973,0.095373,-0.219387
0.298655,0.098930,-0.216723
0.299317,0.100498,-0.216337
0.300623,0.102853,-0.216795
0.298568,0.107190,-0.211334
0.301152,0.106572,-0.212605
0.299062,0.110598,-0.211650
0.300381,0.113046,-0.207529
0.299509,0.114578,-0.207532
0.298062,0.118160,-0.203797
0.301428,0.119839,-0.204469
0.300637,0.120808,-0.201160
0.300656,0.125577,-0.201742
0.303535,0.125094,-0.200734
0.300809,0.128860,-0.197292
0.302838,0.130873,-0.196325
0.302441,0.132314,-0.196402
0.301312,0.135601,-0.195026
0.301555,0.139000,-0.193777
0.302095,0.141776,-0.190644
0.302210,0.141945,-0.192637
0.300106,0.142436,-0.191770
0.299982,0.143683,-0.191135
0.298521,0.144531,-0.192098
0.297656,0.144376,-0.191982
0.293956,0.144005,-0.192269
0.292159,0.147016,-0.190877
0.291321,0.147571,-0.193372
0.290455,0.148824,-0.195814
0.289860,0.149861,-0.193860
0.286144,0.150643,-0.193127
0.287246,0.150711,-0.195369
0.285406,0.151804,-0.193068
0.284802,0.152726,-0.194970
0.283322,0.152636,-0.192840
0.280793,0.154671,-0.192629
0.280631,0.155562,-0.195603
0.280550,0.156466,-0.196473
0.279613,0.157644,-0.196053
0.277595,0.159890,-0.193779
0.274866,0.157682,-0.196363
0.273853,0.162040,-0.195660
0.272538,0.161708,-0.196558
0.269194,0.159436,-0.197382
0.270047,0.161812,-0.195291
0.269927,0.162135,-0.196263
0.265982,0.165144,-0.195054
0.266025,0.165893,-0.198042
0.264828,0.164836,-0.197682
0.264538,0.166349,-0.197568
0.261724,0.168546,-0.196388
0.263425,0.169911,-0.199105
0.260360,0.168270,-0.198844
0.257283,0.171157,-0.198879
0.257424,0.172296,-0.200021
0.256308,0.172034,-0.199672
0.256893,0.174176,-0.199869
0.255086,0.175288,-0.200077
0.254562,0.176648,-0.200033
0.249949,0.176399,-0.199684
0.252548,0.177228,-0.198149
0.250850,0.179108,-0.199692
0.249809,0.179054,-0.199766
0.247788,0.180788,-0.198569
0.246525,0.180787,-0.201307
0.246131,0.183122,-0.201806
0.243451,0.183437,-0.200389
0.241393,0.184126,-0.200156
0.242377,0.185738,-0.198987
0.240657,0.185605,-0.199848
0.239738,0.185650,-0.200723
0.238966,0.189307,-0.202454
0.235748,0.189451,-0.202259
0.235878,0.190645,-0.201102
0.233689,0.190643,-0.202099
0.232152,0.192343,-0.203067
0.232063,0.192228,-0.201935
0.230024,0.193811,-0.203339
0.228551,0.194982,-0.204072
0.228134,0.194343,-0.202568
0.227242,0.197194,-0.202241
0.223311,0.198661,-0.203166
0.224733,0.198102,-0.205526
0.223566,0.197837,-0.205033
0.220970,0.200065,-0.205031
0.219881,0.199918,-0.206003
0.218833,0.199934,-0.203510
0.217241,0.203339,-0.205895
0.215597,0.202188,-0.204866
0.215668,0.203064,-0.204369
0.212376,0.205667,-0.205443
0.212964,0.206673,-0.208230
0.210932,0.206640,-0.203937
0.210089,0.207746,-0.206786
0.209918,0.208097,-0.206968
0.207218,0.210353,-0.207139
0.205360,0.210928,-0.207364
0.202261,0.211447,-0.208531
0.202235,0.212588,-0.207049
0.200223,0.212504,-0.208180
0.199696,0.212374,-0.210248
0.195906,0.215045,-0.209779
0.195492,0.215473,-0.208937
0.195667,0.216464,-0.208430
0.195640,0.216742,-0.211457
0.191557,0.216346,-0.212287
0.191862,0.215970,-0.213257
0.187402,0.215062,-0.212529
0.184552,0.217233,-0.214549
0.184867,0.216997,-0.213009
0.183063,0.219018,-0.216504
0.180563,0.219344,-0.214354
0.179171,0.219517,-0.216407
0.178826,0.220942,-0.218017
0.176709,0.222045,-0.217645
0.174683,0.223929,-0.215744
0.174946,0.223187,-0.217148
0.173126,0.226130,-0.216779
0.172940,0.226868,-0.216237
0.172851,0.226792,-0.217925
0.170238,0.224386,-0.218537
0.168072,0.228087,-0.218177
0.167861,0.227575,-0.218887
0.162644,0.228126,-0.220393
0.162141,0.228771,-0.220177
0.159800,0.229901,-0.220909
0.157376,0.229570,-0.222558
0.155369,0.229779,-0.224810
0.151070,0.229131,-0.226512
0.147916,0.228490,-0.228155
0.145091,0.228470,-0.232013
0.143854,0.227752,-0.230391
0.139384,0.227296,-0.234384
0.136830,0.225933,-0.235667
0.136423,0.227481,-0.238196
0.131418,0.228493,-0.239615
0.130892,0.227780,-0.240549
0.127404,0.223877,-0.241545
0.125132,0.226057,-0.243443
0.123297,0.226406,-0.245330
0.123038,0.226972,-0.245498
0.119053,0.227334,-0.247712
0.117310,0.227418,-0.247046
0.111511,0.226369,-0.250497
0.110334,0.228519,-0.251185
0.109374,0.227115,-0.252904
0.107132,0.226583,-0.254219
0.105524,0.226412,-0.253747
0.102891,0.228140,-0.256292
0.102787,0.228897,-0.255539
0.098490,0.226746,-0.258290
0.096964,0.229461,-0.259472
0.093717,0.228992,-0.256729
0.090744,0.228846,-0.259988
0.092265,0.230007,-0.259789
0.088571,0.229386,-0.261964
0.086130,0.230345,-0.262323
0.084014,0.230709,-0.262886
0.082343,0.234046,-0.265857
0.082441,0.233341,-0.265909
0.079502,0.234808,-0.265136
0.076697,0.233014,-0.266631
0.074911,0.234721,-0.268796
0.074275,0.234152,-0.268483
0.073797,0.235862,-0.270022
0.069309,0.237164,-0.268935
0.068936,0.235379,-0.270747
0.065494,0.237321,-0.269763
0.064935,0.238580,-0.271995
0.062942,0.239600,-0.270020
0.062169,0.238818,-0.272109
0.059749,0.239981,-0.273619
0.055959,0.239202,-0.272638
0.057499,0.242597,-0.274960
0.055571,0.242459,-0.276585
0.052130,0.242528,-0.272603
0.051343,0.243212,-0.274730
0.051089,0.244312,-0.276891
0.294576,0.047305,-0.246012
0.294117,0.049864,-0.245850
0.294681,0.050473,-0.244835
0.292893,0.054170,-0.243013
0.294294,0.055902,-0.240894
0.295373,0.061168,-0.240101
0.295686,0.061557,-0.237774
0.294974,0.064085,-0.236566
0.294804,0.068607,-0.236860
0.294627,0.069205,-0.234379
0.296283,0.071491,-0.232867
0.295031,0.073419,-0.229698
0.294694,0.076880,-0.229947
0.297475,0.077639,-0.228148
0.297841,0.080098,-0.227606
0.298085,0.083643,-0.223499
0.298845,0.085043,-0.223296
0.296193,0.089066,-0.220425
0.296921,0.090397,-0.222456
0.298423,0.091668,-0.218975
0.297530,0.095300,-0.219051
0.298544,0.097581,-0.215890
0.297322,0.100698,-0.214174
0.299758,0.101537,-0.213588
0.299289,0.104824,-0.211099
0.297675,0.106518,-0.211158
0.299594,0.109694,-0.208170
0.299477,0.113509,-0.207494
0.298459,0.112401,-0.205369
0.298809,0.116703,-0.203748
0.300345,0.119254,-0.202466
0.300116,0.121386,-0.202976
0.299046,0.125567,-0.198948
0.300595,0.125574,-0.197945
0.300602,0.128120,-0.197640
0.300917,0.130275,-0.195015
0.300958,0.133953,-0.192646
0.300772,0.135647,-0.192682
0.300665,0.137841,-0.189003
0.303252,0.139629,-0.190478
0.299952,0.139557,-0.192227
0.297639,0.141671,-0.191128
0.297463,0.142219,-0.192069
0.297012,0.143322,-0.191999
0.296363,0.145003,-0.192913
0.292663,0.143747,-0.191895
0.292421,0.144560,-0.191991
0.292635,0.145378,-0.191039
0.289923,0.147596,-0.192482
0.289345,0.148340,-0.191878
0.286501,0.147585,-0.193736
0.287026,0.148294,-0.192446
0.284158,0.152258,-0.193553
0.285112,0.153033,-0.193348
0.282230,0.152190,-0.192852
0.281911,0.152383,-0.195614
0.279740,0.154612,-0.193826
0.277942,0.157071,-0.195652
0.277178,0.155191,-0.194149
0.276228,0.156985,-0.195617
0.273837,0.158277,-0.193983
0.273880,0.158977,-0.195638
0.272527,0.158880,-0.196893
0.270401,0.158628,-0.195320
0.270448,0.161420,-0.197687
0.269499,0.162738,-0.195870
0.265432,0.162202,-0.196199
0.266229,0.164642,-0.196806
0.264966,0.165806,-0.196434
0.261344,0.164601,-0.198089
0.262382,0.166906,-0.197561
0.261246,0.167389,-0.196813
0.258054,0.169026,-0.197098
0.257336,0.170860,-0.198566
0.259600,0.169673,-0.197250
0.255147,0.170235,-0.197517
0.253890,0.171504,-0.197949
0.253044,0.175081,-0.197418
0.252776,0.175392,-0.197756
0.251026,0.176530,-0.199907
0.248643,0.177567,-0.198211
0.247715,0.176583,-0.197520
0.245964,0.178118,-0.198713
0.246761,0.179208,-0.198742
0.245995,0.180788,-0.199420
0.243785,0.181683,-0.198158
0.242909,0.181872,-0.197243
0.243472,0.183311,-0.199516
0.240062,0.183272,-0.198374
0.240549,0.184638,-0.198727
0.235882,0.184989,-0.200196
0.235190,0.188193,-0.200226
0.235359,0.189264,-0.200609
0.234185,0.189977,-0.199581
0.233188,0.190558,-0.201023
0.230825,0.189526,-0.199225
0.231140,0.190695,-0.199722
0.229530,0.192273,-0.201844
0.227038,0.194785,-0.204047
0.226217,0.195545,-0.200176
0.224162,0.196644,-0.202436
0.224247,0.196421,-0.203802
0.223115,0.196325,-0.204626
0.222685,0.198672,-0.202418
0.221245,0.199339,-0.201881
0.220447,0.199805,-0.202679
0.217701,0.200231,-0.202961
0.215827,0.203062,-0.202988
0.214477,0.202429,-0.203990
0.213405,0.203372,-0.203605
0.211301,0.203870,-0.204041
0.211177,0.206435,-0.204976
0.211316,0.205871,-0.205304
0.206122,0.207109,-0.205839
0.206900,0.208601,-0.205854
0.207262,0.207625,-0.205383
0.203017,0.209421,-0.205730
0.202979,0.209798,-0.206592
0.202930,0.210296,-0.205235
0.199671,0.210676,-0.206413
0.197904,0.212446,-0.208371
0.197394,0.212233,-0.208559
0.195908,0.212876,-0.209418
0.192987,0.213229,-0.208391
0.191419,0.212310,-0.209711
0.190748,0.212951,-0.211548
0.187745,0.213577,-0.213104
0.186331,0.216801,-0.212009
0.182788,0.216242,-0.212986
0.181911,0.216604,-0.213170
0.178615,0.216356,-0.214739
0.179611,0.217908,-0.214609
0.178678,0.220449,-0.214464
0.177250,0.221936,-0.214175
0.177879,0.221834,-0.214956
0.176084,0.222841,-0.217266
0.174249,0.222768,-0.214712
0.173922,0.222927,-0.215364
0.172267,0.224803,-0.216323
0.169739,0.225981,-0.217334
0.167272,0.227884,-0.218200
0.167427,0.225023,-0.217278
0.162629,0.225850,-0.219773
0.162092,0.227756,-0.220510
0.161377,0.226791,-0.220897
0.158483,0.229131,-0.221104
0.156049,0.226456,-0.223740
0.151925,0.226323,-0.224866
0.149904,0.226032,-0.227115
0.149774,0.225929,-0.228848
0.144306,0.226105,-0.232243
0.141311,0.225808,-0.233401
0.138887,0.227701,-0.234077
0.137565,0.226056,-0.235774
0.135293,0.225461,-0.235933
0.132088,0.226445,-0.238446
0.129211,0.226623,-0.239331
0.127032,0.224857,-0.241525
0.124628,0.225619,-0.241949
0.120531,0.225255,-0.244836
0.120207,0.224624,-0.241860
0.115345,0.225275,-0.245221
0.115305,0.227765,-0.246670
0.113435,0.227723,-0.248107
0.111198,0.226980,-0.249300
0.104335,0.227815,-0.251150
0.106205,0.228086,-0.252016
0.102634,0.227281,-0.250935
0.101729,0.226618,-0.255613
0.101430,0.227240,-0.255854
0.096249,0.227164,-0.254687
0.095926,0.228850,-0.259138
0.093894,0.228271,-0.258230
0.092182,0.229201,-0.260284
0.088433,0.228828,-0.259027
0.087873,0.231205,-0.260877
0.084631,0.230928,-0.259646
0.082381,0.230180,-0.262204
0.081724,0.229523,-0.264300
0.078966,0.232318,-0.266623
0.078040,0.233296,-0.266592
0.075873,0.229864,-0.264812
0.072418,0.234375,-0.266319
0.072120,0.234351,-0.265142
0.069781,0.235642,-0.268653
0.067166,0.235122,-0.269711
0.067810,0.235022,-0.268991
0.066760,0.237362,-0.270272
0.062060,0.237820,-0.268611
0.060033,0.238512,-0.270041
0.059742,0.239971,-0.270673
0.058994,0.238737,-0.272402
0.056808,0.240378,-0.272566
0.054636,0.240510,-0.273934
0.053547,0.239724,-0.274944
0.050825,0.240993,-0.274381
0.049674,0.240408,-0.277304
0.048223,0.243259,-0.275855
0.294699,0.047763,-0.245102
0.292309,0.049707,-0.241962
0.294571,0.052232,-0.243331
0.295241,0.054402,-0.241423
0.295152,0.055590,-0.238413
0.295776,0.059076,-0.237235
0.292861,0.059950,-0.236945
0.293329,0.063120,-0.235066
0.296032,0.065672,-0.232857
0.295421,0.069040,-0.231747
0.296419,0.070283,-0.230143
0.295397,0.074241,-0.229574
0.295476,0.075594,-0.225533
0.294172,0.079771,-0.225848
0.298159,0.080455,-0.224853
0.295972,0.082875,-0.222945
0.295981,0.086078,-0.220472
0.297628,0.087874,-0.220443
0.298611,0.092008,-0.219178
0.296565,0.091877,-0.218706
0.297202,0.095559,-0.218030
0.298693,0.097650,-0.214669
0.298736,0.100562,-0.211136
0.298938,0.101785,-0.210242
0.297177,0.105972,-0.211538
0.299613,0.106572,-0.208231
0.297590,0.109298,-0.206307
0.298439,0.110376,-0.204553
0.298316,0.113144,-0.202719
0.298347,0.116819,-0.203609
0.299812,0.118220,-0.200747
0.299345,0.120557,-0.199213
0.299077,0.123835,-0.199118
0.300558,0.125556,-0.198353
0.301025,0.129432,-0.194248
0.298891,0.130472,-0.193857
0.301167,0.132530,-0.192700
0.299964,0.136087,-0.191700
0.301661,0.138002,-0.190219
0.298829,0.138990,-0.188935
0.298626,0.139583,-0.190023
0.297096,0.140603,-0.189961
0.295454,0.141350,-0.189100
0.296260,0.142428,-0.190298
0.293358,0.144095,-0.189895
0.292610,0.144164,-0.190709
0.290617,0.144880,-0.191066
0.289459,0.146733,-0.192718
0.289964,0.144711,-0.191311
0.287012,0.148307,-0.190957
0.285787,0.146461,-0.191536
0.285336,0.151065,-0.192973
0.284983,0.150289,-0.193641
0.283403,0.151501,-0.191138
0.282205,0.151526,-0.192670
0.278903,0.152237,-0.191025
0.280263,0.151207,-0.193790
0.278451,0.154343,-0.192063
0.276255,0.156096,-0.194316
0.273319,0.155821,-0.194467
0.275013,0.156390,-0.194242
0.272371,0.158642,-0.193288
0.270381,0.157557,-0.195339
0.269828,0.161403,-0.196071
0.267623,0.159354,-0.195619
0.266834,0.161071,-0.196121
0.265328,0.162734,-0.195469
0.264620,0.162628,-0.195365
0.264850,0.163846,-0.195554
0.260988,0.165384,-0.194948
0.262435,0.165550,-0.195287
0.257396,0.167984,-0.196037
0.258289,0.168658,-0.195555
0.256396,0.169342,-0.196406
0.256118,0.169588,-0.198826
0.253376,0.171662,-0.196575
0.252625,0.173121,-0.195713
0.253004,0.171342,-0.197394
0.251550,0.172838,-0.198055
0.249977,0.175644,-0.196598
0.248612,0.173541,-0.198433
0.247011,0.177704,-0.196709
0.247500,0.176991,-0.199033
0.245713,0.177623,-0.197822
0.243960,0.179296,-0.194732
0.243073,0.180180,-0.197242
0.241318,0.182706,-0.199514
0.240948,0.182018,-0.196911
0.238711,0.183235,-0.198377
0.239330,0.183666,-0.197067
0.237003,0.184658,-0.197120
0.235665,0.186490,-0.199175
0.234578,0.186780,-0.199103
0.234412,0.189796,-0.199821
0.232892,0.191062,-0.199231
0.231360,0.188772,-0.198816
0.226687,0.190012,-0.200342
0.227577,0.189719,-0.200647
0.226942,0.192279,-0.202030
0.226389,0.192744,-0.200444
0.224976,0.197022,-0.199371
0.222615,0.195296,-0.199911
0.221256,0.197157,-0.201851
0.220525,0.199776,-0.200749
0.219282,0.198402,-0.200679
0.218108,0.199426,-0.201593
0.215456,0.200001,-0.202977
0.215922,0.199859,-0.203983
0.212672,0.201277,-0.204592
0.211606,0.201810,-0.203551
0.211829,0.204812,-0.204318
0.209833,0.204623,-0.202312
0.209564,0.204060,-0.203581
0.207676,0.206824,-0.203260
0.204592,0.207453,-0.204427
0.205474,0.207172,-0.205622
0.203945,0.210102,-0.205005
0.201568,0.209012,-0.203886
0.199197,0.208963,-0.207389
0.196999,0.210303,-0.207743
0.197453,0.212621,-0.206640
0.195340,0.210331,-0.206520
0.194208,0.213389,-0.209296
0.192468,0.213377,-0.208638
0.190104,0.213407,-0.210870
0.188951,0.213103,-0.210245
0.187432,0.214710,-0.211637
0.185044,0.213151,-0.213392
0.182889,0.215770,-0.212402
0.182506,0.216700,-0.213801
0.176406,0.216520,-0.212976
0.177740,0.216803,-0.214681
0.176104,0.217508,-0.213145
0.175451,0.219604,-0.216462
0.174208,0.220003,-0.214798
0.171480,0.220950,-0.215484
0.171830,0.221267,-0.214418
0.170350,0.222698,-0.215339
0.168692,0.221317,-0.217469
0.166790,0.222729,-0.216237
0.164658,0.224888,-0.217138
0.164168,0.225016,-0.217510
0.163284,0.224443,-0.219401
0.159960,0.227070,-0.219912
0.159019,0.225324,-0.220863
0.154724,0.227411,-0.221597
0.152874,0.225336,-0.224246
0.151317,0.225084,-0.224249
0.150008,0.224740,-0.228222
0.146349,0.226926,-0.226120
0.143746,0.226064,-0.229105
0.141868,0.225414,-0.230378
0.139774,0.225549,-0.229874
0.133975,0.227507,-0.233125
0.133923,0.225002,-0.235137
0.131728,0.225336,-0.238731
0.129456,0.224064,-0.238927
0.125989,0.225521,-0.239313
0.121515,0.223563,-0.241647
0.121619,0.225032,-0.241751
0.119241,0.224725,-0.243372
0.115911,0.225869,-0.245064
0.113579,0.224027,-0.246337
0.111674,0.224170,-0.246516
0.109722,0.225689,-0.247759
0.106643,0.226019,-0.249874
0.103364,0.226030,-0.251270
0.102499,0.225531,-0.251564
0.101358,0.226397,-0.252352
0.096856,0.226898,-0.252788
0.097976,0.227483,-0.255407
0.094222,0.226083,-0.257954
0.092465,0.228346,-0.255646
0.090284,0.228432,-0.257529
0.088779,0.228806,-0.258201
0.087642,0.227959,-0.259846
0.086352,0.229100,-0.261277
0.082616,0.231908,-0.260405
0.082203,0.230416,-0.262964
0.076649,0.231448,-0.263662
0.077436,0.229757,-0.262063
0.074825,0.232852,-0.266991
0.073355,0.232216,-0.267194
0.070043,0.233084,-0.267429
0.069361,0.232084,-0.265442
0.067935,0.234422,-0.269091
0.067406,0.234138,-0.267563
0.065399,0.235981,-0.268729
0.062693,0.235200,-0.267612
0.059854,0.237959,-0.270266
0.059485,0.236485,-0.270388
0.056706,0.239069,-0.270939
0.055461,0.238323,-0.271386
0.054839,0.239715,-0.272569
0.053181,0.241357,-0.272124
0.049953,0.241451,-0.273664
0.050165,0.240702,-0.274236
0.046419,0.243154,-0.274895
0.293169,0.045771,-0.243876
0.293105,0.048988,-0.242404
0.293544,0.050709,-0.240166
0.293864,0.053501,-0.240865
0.294296,0.052856,-0.238954
0.294104,0.056964,-0.237210
0.294779,0.060840,-0.235575
0.294894,0.062482,-0.232994
0.293471,0.065908,-0.230774
0.295374,0.067054,-0.230254
0.294915,0.069366,-0.225811
0.296022,0.073381,-0.227866
0.295560,0.075473,-0.224274
0.296124,0.076111,-0.225032
0.296536,0.081535,-0.225152
0.295664,0.082669,-0.222330
0.296105,0.086715,-0.220275
0.296286,0.085514,-0.219900
0.297374,0.089448,-0.216356
0.296780,0.092145,-0.215658
0.296477,0.095115,-0.214767
0.297679,0.097477,-0.211490
0.295449,0.100125,-0.210010
0.298871,0.102147,-0.209420
0.296887,0.102744,-0.206891
0.298998,0.105239,-0.209139
0.298608,0.109851,-0.205294
0.298807,0.110877,-0.202931
0.296963,0.113591,-0.204056
0.299000,0.116687,-0.200189
0.300437,0.118659,-0.200051
0.299720,0.121994,-0.198642
0.299794,0.123177,-0.195818
0.299069,0.123940,-0.194759
0.298667,0.125621,-0.193576
0.298147,0.130783,-0.192764
0.298243,0.133414,-0.190385
0.300738,0.134854,-0.187688
0.300068,0.137050,-0.186856
0.299070,0.135858,-0.189263
0.297501,0.138884,-0.188720
0.295496,0.138758,-0.187998
0.294800,0.140201,-0.189887
0.295259,0.141411,-0.189130
0.293828,0.139799,-0.188560
0.293243,0.141151,-0.189084
0.292387,0.143251,-0.191281
0.290020,0.143123,-0.191111
0.288247,0.146432,-0.191326
0.285878,0.144919,-0.190737
0.284441,0.147086,-0.190982
0.284162,0.147874,-0.190760
0.280293,0.146988,-0.190434
0.281904,0.149704,-0.190600
0.281026,0.151268,-0.192559
0.279967,0.150649,-0.191729
0.278008,0.152984,-0.192119
0.276985,0.154934,-0.191736
0.274635,0.154773,-0.192305
0.273834,0.155764,-0.192335
0.272470,0.156176,-0.191369
0.272232,0.157333,-0.190960
0.269349,0.157148,-0.193481
0.267633,0.158147,-0.192665
0.268767,0.159514,-0.192417
0.266177,0.161081,-0.194504
0.266485,0.160525,-0.194032
0.264830,0.164583,-0.195278
0.262941,0.164668,-0.195293
0.260862,0.162956,-0.194186
0.260516,0.166392,-0.194250
0.258543,0.168466,-0.195436
0.256870,0.166234,-0.194986
0.257838,0.165125,-0.195533
0.255418,0.168426,-0.194367
0.251777,0.169381,-0.196726
0.252544,0.172763,-0.196905
0.252302,0.172950,-0.196581
0.251147,0.171382,-0.195312
0.248331,0.173526,-0.195177
0.250492,0.176628,-0.195219
0.246918,0.175077,-0.195345
0.247435,0.177644,-0.195786
0.244525,0.176289,-0.197259
0.242697,0.178048,-0.197545
0.241314,0.180334,-0.196566
0.241460,0.180784,-0.197869
0.239120,0.182057,-0.198694
0.239712,0.182391,-0.198136
0.236517,0.183200,-0.196339
0.234672,0.183668,-0.196725
0.236679,0.185896,-0.196160
0.234095,0.186956,-0.197646
0.233076,0.187663,-0.197499
0.231033,0.189095,-0.197942
0.228724,0.188890,-0.196794
0.228436,0.192240,-0.199471
0.228484,0.190751,-0.196995
0.226486,0.191478,-0.200836
0.223469,0.193015,-0.198590
0.224407,0.192662,-0.199160
0.222786,0.196430,-0.199375
0.221216,0.194121,-0.199989
0.219378,0.196102,-0.200479
0.218487,0.199008,-0.199446
0.216908,0.198013,-0.200089
0.214220,0.199002,-0.199365
0.214851,0.198352,-0.200929
0.212086,0.200872,-0.201341
0.210465,0.201579,-0.204304
0.209252,0.203522,-0.200582
0.210266,0.203464,-0.203311
0.208356,0.203566,-0.203006
0.207202,0.204210,-0.205200
0.203422,0.205106,-0.202686
0.205027,0.207557,-0.203330
0.200928,0.206827,-0.203657
0.199921,0.205411,-0.205763
0.197347,0.208785,-0.205092
0.198984,0.207784,-0.204457
0.196852,0.207688,-0.204257
0.194168,0.210695,-0.207018
0.191533,0.209934,-0.207149
0.190497,0.209860,-0.206895
0.189736,0.213382,-0.208403
0.187451,0.212870,-0.209471
0.184135,0.214229,-0.210001
0.183749,0.213527,-0.212351
0.178920,0.211956,-0.213790
0.178133,0.214483,-0.211602
0.178397,0.214239,-0.213132
0.176751,0.215777,-0.213012
0.176099,0.216851,-0.213698
0.174899,0.217601,-0.213638
0.173016,0.218576,-0.214024
0.170895,0.220904,-0.213267
0.170591,0.220954,-0.214829
0.168572,0.222960,-0.215861
0.167857,0.222894,-0.215385
0.163443,0.223499,-0.216882
0.161539,0.223078,-0.217968
0.161596,0.222785,-0.218543
0.159486,0.224611,-0.218094
0.158160,0.223876,-0.219105
0.156323,0.227184,-0.220075
0.156311,0.224911,-0.221157
0.151879,0.222361,-0.221928
0.150239,0.223840,-0.224528
0.147231,0.224243,-0.223831
0.143037,0.223535,-0.226923
0.143907,0.223070,-0.227033
0.139694,0.224422,-0.228741
0.136138,0.225466,-0.231738
0.136511,0.223618,-0.231903
0.132887,0.223417,-0.234188
0.130953,0.224949,-0.236075
0.127402,0.226379,-0.235468
0.125234,0.222832,-0.239187
0.122837,0.224867,-0.240146
0.119421,0.222998,-0.240943
0.117048,0.224671,-0.244315
0.116976,0.223061,-0.242379
0.113681,0.224907,-0.245856
0.111469,0.222205,-0.245815
0.109413,0.225860,-0.247060
0.105922,0.225641,-0.249105
0.104055,0.226572,-0.250065
0.102628,0.226121,-0.249204
0.098542,0.227025,-0.253085
0.098272,0.224458,-0.253896
0.093830,0.224253,-0.254838
0.092958,0.224435,-0.254475
0.090327,0.227224,-0.256569
0.089769,0.226039,-0.256880
0.089092,0.226946,-0.258485
0.084810,0.226623,-0.258206
0.084350,0.227162,-0.259330
0.080819,0.228032,-0.261140
0.079567,0.230031,-0.261547
0.076881,0.230027,-0.260346
0.073722,0.228106,-0.263227
0.071251,0.230073,-0.262812
0.071522,0.230955,-0.265529
0.068674,0.231504,-0.264103
0.068533,0.232001,-0.268074
0.067472,0.233203,-0.266308
0.065532,0.232394,-0.265084
0.062626,0.234898,-0.266663
0.060969,0.235840,-0.267935
0.060244,0.236287,-0.268695
0.056650,0.235975,-0.267439
0.058951,0.236133,-0.270748
0.054179,0.237031,-0.270663
0.052252,0.237592,-0.271278
0.050484,0.238737,-0.273097
0.049278,0.239215,-0.271671
0.049117,0.239443,-0.272689
0.293328,0.048510,-0.242593
0.292258,0.050468,-0.240311
0.292338,0.049402,-0.237164
0.292859,0.052522,-0.238087
0.293872,0.055164,-0.236722
0.291578,0.058075,-0.233708
0.293758,0.061469,-0.233739
0.293781,0.063993,-0.231677
0.294584,0.064490,-0.229659
0.294077,0.067644,-0.228972
0.294942,0.069810,-0.226823
0.294636,0.073156,-0.224439
0.293184,0.076613,-0.224262
0.295754,0.076764,-0.221279
0.296335,0.079960,-0.220244
0.294970,0.083080,-0.220037
0.295734,0.085095,-0.217687
0.295323,0.085958,-0.216405
0.297337,0.089102,-0.215981
0.296563,0.093504,-0.212562
0.294035,0.093720,-0.211595
0.296143,0.097139,-0.212656
0.295651,0.099213,-0.209409
0.298805,0.097868,-0.208466
0.298991,0.103376,-0.205881
0.298838,0.107022,-0.204861
0.298982,0.107334,-0.204748
0.296513,0.109716,-0.201041
0.297624,0.112761,-0.201816
0.298960,0.114933,-0.198069
0.298180,0.116547,-0.198844
0.299036,0.120876,-0.195855
0.300087,0.122479,-0.194653
0.300241,0.125564,-0.193398
0.300195,0.125262,-0.192541
0.300250,0.129036,-0.188274
0.299620,0.132212,-0.187802
0.302442,0.134482,-0.187673
0.299617,0.134238,-0.189478
0.297320,0.135752,-0.187078
0.296783,0.134725,-0.186940
0.296256,0.137578,-0.187910
0.294156,0.139283,-0.186847
0.294639,0.139318,-0.189983
0.290689,0.139727,-0.188997
0.290428,0.142159,-0.189434
0.288680,0.143753,-0.189626
0.288212,0.143100,-0.188912
0.287071,0.145002,-0.189457
0.286102,0.144726,-0.188598
0.284975,0.145397,-0.189279
0.283702,0.145543,-0.192178
0.283238,0.147562,-0.188443
0.280636,0.147668,-0.189554
0.277726,0.149866,-0.191030
0.278102,0.149642,-0.190966
0.276913,0.149930,-0.189997
0.274970,0.152346,-0.190947
0.275428,0.152589,-0.189893
0.274205,0.155550,-0.192104
0.270836,0.157198,-0.191366
0.271344,0.155420,-0.191048
0.268331,0.155975,-0.191389
0.269311,0.157227,-0.192366
0.266654,0.159908,-0.192342
0.265204,0.159885,-0.193283
0.264714,0.160639,-0.192891
0.263703,0.161709,-0.192625
0.262830,0.161932,-0.192596
0.260268,0.163494,-0.193678
0.260212,0.164277,-0.195012
0.258899,0.165762,-0.193972
0.257101,0.165340,-0.193904
0.255132,0.168983,-0.193362
0.254114,0.168893,-0.193314
0.253188,0.169496,-0.193918
0.252061,0.170407,-0.193227
0.251725,0.171472,-0.194945
0.249560,0.172725,-0.195589
0.249155,0.172843,-0.195171
0.245870,0.173300,-0.194950
0.244863,0.171771,-0.196761
0.244570,0.174172,-0.195268
0.241399,0.175059,-0.195069
0.241931,0.178179,-0.197309
0.239153,0.176370,-0.196229
0.238652,0.178089,-0.196857
0.239024,0.179845,-0.195803
0.237031,0.180893,-0.194434
0.235869,0.181281,-0.195874
0.236261,0.183049,-0.198042
0.236014,0.185674,-0.196715
0.234338,0.186104,-0.196801
0.232223,0.187077,-0.198526
0.229425,0.188951,-0.196117
0.229495,0.188991,-0.196573
0.227697,0.188928,-0.198323
0.227670,0.190128,-0.197554
0.222517,0.190896,-0.198244
0.222977,0.191931,-0.197008
0.220700,0.192560,-0.198168
0.220294,0.193760,-0.198430
0.220696,0.194523,-0.198452
0.218553,0.193260,-0.197933
0.217143,0.195893,-0.198537
0.215561,0.196599,-0.199246
0.215425,0.199769,-0.202200
0.213602,0.200169,-0.200523
0.213377,0.201667,-0.199281
0.211311,0.199265,-0.199031
0.210366,0.200896,-0.201291
0.210445,0.202678,-0.201410
0.206535,0.204251,-0.202209
0.206931,0.204048,-0.202930
0.202120,0.202932,-0.202016
0.202797,0.203347,-0.203122
0.199923,0.205922,-0.201606
0.198903,0.206866,-0.204739
0.200232,0.207367,-0.204763
0.197236,0.207733,-0.205224
0.195246,0.209384,-0.204424
0.192419,0.208090,-0.205237
0.191267,0.210121,-0.206883
0.189101,0.211010,-0.207929
0.187655,0.209092,-0.207057
0.184921,0.211771,-0.208128
0.183856,0.211861,-0.208148
0.182206,0.213007,-0.211622
0.180975,0.213365,-0.210953
0.178681,0.213765,-0.209393
0.177309,0.214712,-0.211079
0.175671,0.213779,-0.212547
0.173469,0.215808,-0.212042
0.172305,0.216035,-0.210252
0.172443,0.215859,-0.212516
0.169909,0.217091,-0.213282
0.169186,0.219548,-0.213156
0.167289,0.220164,-0.214165
0.166232,0.221572,-0.214361
0.165874,0.220036,-0.215493
0.163611,0.220898,-0.216273
0.160224,0.220482,-0.216649
0.158705,0.222185,-0.216914
0.156959,0.223404,-0.218969
0.156383,0.222021,-0.219489
0.154930,0.223891,-0.221263
0.151267,0.221484,-0.221860
0.146980,0.222506,-0.223257
0.146324,0.224381,-0.222777
0.142210,0.224796,-0.224119
0.139522,0.223036,-0.226459
0.138280,0.222837,-0.228107
0.136520,0.222826,-0.228775
0.131579,0.224907,-0.230582
0.131359,0.224039,-0.230839
0.127760,0.222864,-0.234117
0.126129,0.224005,-0.235746
0.122898,0.223941,-0.235385
0.120597,0.222840,-0.238512
0.119976,0.223359,-0.240317
0.116328,0.221760,-0.241306
0.113923,0.223258,-0.242102
0.111333,0.225179,-0.245799
0.108252,0.225899,-0.244905
0.108429,0.224474,-0.246195
0.104468,0.223952,-0.247916
0.102103,0.224263,-0.247183
0.099819,0.222152,-0.249529
0.098301,0.224135,-0.249996
0.096366,0.224451,-0.252736
0.093009,0.223882,-0.252354
0.090945,0.225349,-0.253746
0.091762,0.224684,-0.253041
0.087300,0.226133,-0.254754
0.086980,0.224723,-0.256491
0.084654,0.227256,-0.258657
0.081529,0.226875,-0.258641
0.082056,0.227740,-0.259934
0.078553,0.228529,-0.259113
0.074853,0.229352,-0.262155
0.073365,0.229833,-0.262717
0.072311,0.228467,-0.263142
0.071112,0.231334,-0.264065
0.068876,0.230026,-0.264093
0.067233,0.230895,-0.264015
0.067335,0.231059,-0.265617
0.062166,0.233547,-0.267284
0.060485,0.233105,-0.266778
0.060405,0.233923,-0.267621
0.057543,0.234139,-0.268160
0.056579,0.232825,-0.265574
0.054191,0.235813,-0.267874
0.052888,0.236143,-0.269764
0.052925,0.239236,-0.270314
0.050736,0.239367,-0.270352
0.048475,0.240333,-0.271179
0.045504,0.240073,-0.269739
0.292276,0.044628,-0.239916
0.292046,0.048340,-0.237496
0.292381,0.050033,-0.237868
0.290527,0.051588,-0.235328
0.292373,0.055344,-0.234821
0.291685,0.057112,-0.231608
0.293697,0.061594,-0.231170
0.293399,0.063358,-0.230839
0.293754,0.066820,-0.229520
0.292791,0.067703,-0.227075
0.294371,0.071003,-0.224859
0.294824,0.073571,-0.224499
0.293531,0.076085,-0.220769
0.294247,0.075196,-0.220438
0.296177,0.080341,-0.219619
0.294502,0.082048,-0.217422
0.294896,0.085065,-0.215244
0.296171,0.086980,-0.214932
0.296320,0.087496,-0.212110
0.295668,0.091828,-0.211900
0.295697,0.093954,-0.210424
0.298066,0.096577,-0.211233
0.296570,0.099872,-0.207415
0.297819,0.099207,-0.205137
0.298536,0.104291,-0.202486
0.295448,0.106947,-0.201834
0.298361,0.109174,-0.202403
0.297670,0.110329,-0.200913
0.299748,0.112774,-0.198407
0.298087,0.114925,-0.197026
0.298233,0.117367,-0.195054
0.300506,0.119654,-0.194878
0.298299,0.120598,-0.192483
0.298311,0.124187,-0.191709
0.299395,0.126649,-0.189163
0.299505,0.128937,-0.188293
0.299002,0.130725,-0.187106
0.298443,0.133114,-0.187571
0.297011,0.134507,-0.189176
0.297211,0.136565,-0.188145
0.294860,0.135562,-0.187572
0.293499,0.135941,-0.186620
0.291801,0.137685,-0.187918
0.291252,0.136846,-0.187032
0.291141,0.140300,-0.188837
0.289460,0.140084,-0.188752
0.288397,0.141696,-0.188390
0.287632,0.142774,-0.188811
0.285905,0.142459,-0.190289
0.282651,0.143592,-0.189310
0.283910,0.144891,-0.188390
0.281158,0.144741,-0.190089
0.281711,0.145383,-0.186886
0.278784,0.148017,-0.191050
0.278805,0.149751,-0.189407
0.276000,0.150345,-0.190451
0.274665,0.150955,-0.190063
0.274027,0.150395,-0.188652
0.273755,0.151895,-0.190997
0.272689,0.154134,-0.191457
0.270993,0.153688,-0.191012
0.268715,0.156039,-0.190493
0.269095,0.156744,-0.190978
0.266602,0.156281,-0.190646
0.265281,0.159598,-0.192436
0.263661,0.160611,-0.191248
0.261143,0.158914,-0.194066
0.262283,0.160811,-0.192066
0.260968,0.158818,-0.191693
0.257500,0.163033,-0.192654
0.258562,0.162459,-0.193507
0.257596,0.163729,-0.194058
0.254791,0.164742,-0.194916
0.254689,0.165051,-0.193500
0.252638,0.167602,-0.193790
0.253184,0.167210,-0.193090
0.251432,0.168759,-0.194337
0.251128,0.168220,-0.192390
0.248707,0.169183,-0.193191
0.247041,0.172927,-0.192610
0.244627,0.172426,-0.193419
0.245117,0.173280,-0.194772
0.245045,0.172311,-0.194013
0.241237,0.175274,-0.195309
0.241523,0.176948,-0.194434
0.241416,0.178321,-0.195171
0.238128,0.177361,-0.195830
0.236839,0.180799,-0.194770
0.236397,0.183071,-0.195176
0.235252,0.179117,-0.194183
0.234330,0.182417,-0.196972
0.232892,0.182487,-0.196155
0.232100,0.186720,-0.196045
0.230349,0.186646,-0.196391
0.231167,0.184766,-0.196388
0.229249,0.186009,-0.197740
0.226032,0.186357,-0.194887
0.224481,0.188867,-0.195844
0.222814,0.190155,-0.198183
0.223280,0.187648,-0.196590
0.221220,0.192137,-0.196731
0.220116,0.193693,-0.198798
0.219948,0.193339,-0.197320
0.218102,0.194918,-0.198255
0.216688,0.196324,-0.199346
0.214442,0.196272,-0.200319
0.212999,0.195552,-0.197977
0.211610,0.199310,-0.198256
0.210557,0.197329,-0.198018
0.208991,0.199110,-0.199692
0.207034,0.198945,-0.199566
0.206085,0.202094,-0.200849
0.204160,0.202875,-0.199811
0.204206,0.204166,-0.202241
0.202493,0.201659,-0.200988
0.202006,0.203606,-0.201670
0.200838,0.203257,-0.202034
0.199630,0.204000,-0.202753
0.197229,0.205351,-0.204094
0.194782,0.206064,-0.203422
0.194055,0.208695,-0.203416
0.192592,0.210277,-0.204500
0.189128,0.207531,-0.205572
0.187747,0.209260,-0.205898
0.185893,0.210023,-0.207647
0.184978,0.211184,-0.207516
0.183303,0.209547,-0.207978
0.182173,0.208672,-0.209415
0.178995,0.212460,-0.210077
0.177232,0.212263,-0.210629
0.175450,0.213618,-0.210929
0.175171,0.213708,-0.210351
0.173311,0.213197,-0.209493
0.172620,0.215384,-0.210920
0.172178,0.217244,-0.212884
0.169527,0.216886,-0.213766
0.167740,0.216306,-0.210619
0.167296,0.218294,-0.211719
0.165024,0.219104,-0.213164
0.161396,0.218289,-0.214608
0.162755,0.220036,-0.215008
0.160934,0.220643,-0.215956
0.159604,0.219970,-0.217333
0.155650,0.221739,-0.218153
0.151535,0.221202,-0.218670
0.149724,0.222162,-0.218693
0.149976,0.221455,-0.221674
0.147174,0.224563,-0.223143
0.144652,0.223754,-0.223408
0.142690,0.223192,-0.224765
0.140111,0.221798,-0.225864
0.135873,0.220323,-0.226072
0.134824,0.224674,-0.227856
0.133792,0.221685,-0.230185
0.131998,0.222084,-0.230395
0.128288,0.223018,-0.232487
0.124885,0.222847,-0.235007
0.120790,0.221081,-0.235288
0.121701,0.221505,-0.236312
0.118012,0.222294,-0.240120
0.115046,0.222198,-0.238996
0.111581,0.221463,-0.242521
0.109909,0.222739,-0.241146
0.108977,0.222077,-0.244915
0.106854,0.221572,-0.243136
0.104765,0.221434,-0.244719
0.102047,0.222930,-0.247632
0.101144,0.224557,-0.246849
0.097506,0.223472,-0.249227
0.093299,0.222574,-0.251848
0.092361,0.224997,-0.251369
0.091674,0.223701,-0.252580
0.088149,0.224513,-0.256551
0.089134,0.225315,-0.254291
0.084308,0.224732,-0.256578
0.083169,0.226338,-0.255690
0.079553,0.226114,-0.257366
0.078311,0.227483,-0.258268
0.076705,0.224785,-0.259754
0.075388,0.227204,-0.260042
0.072786,0.227474,-0.261832
0.070374,0.227810,-0.262124
0.068449,0.229452,-0.261471
0.068772,0.230421,-0.262754
0.066710,0.228603,-0.263129
0.064564,0.230580,-0.263323
0.062167,0.230036,-0.264739
0.058024,0.231406,-0.266001
0.058802,0.233666,-0.265992
0.058302,0.232596,-0.266635
0.056161,0.233962,-0.267646
0.055097,0.234790,-0.267609
0.052859,0.236578,-0.268158
0.051260,0.235416,-0.269269
0.049261,0.237261,-0.269536
0.046907,0.234580,-0.267828
0.047117,0.237682,-0.269839
0.292971,0.046476,-0.236741
0.292236,0.047502,-0.236751
0.292445,0.050676,-0.234492
0.292746,0.053730,-0.234857
0.291960,0.054161,-0.232552
0.292448,0.057527,-0.230149
0.292977,0.059349,-0.228276
0.290805,0.062796,-0.228352
0.294011,0.063606,-0.226778
0.292894,0.068405,-0.225828
0.293799,0.069437,-0.223133
0.293525,0.072849,-0.223338
0.293632,0.072753,-0.219680
0.293359,0.077101,-0.219127
0.294089,0.079376,-0.218201
0.295739,0.079931,-0.216410
0.295254,0.082214,-0.215557
0.295329,0.085958,-0.213302
0.295632,0.088894,-0.209919
0.296250,0.091580,-0.209365
0.297543,0.092610,-0.208523
0.295480,0.096712,-0.206052
0.295646,0.097020,-0.204244
0.294882,0.102300,-0.203825
0.295874,0.103354,-0.201434
0.296206,0.105250,-0.200962
0.295755,0.108136,-0.199502
0.297772,0.108865,-0.197850
0.299229,0.111142,-0.197591
0.296959,0.114888,-0.195217
0.298393,0.116436,-0.194668
0.297201,0.120011,-0.192813
0.298700,0.121924,-0.189915
0.296361,0.125645,-0.189477
0.298399,0.126739,-0.188781
0.299503,0.127534,-0.186924
0.299773,0.130134,-0.185356
0.298818,0.132759,-0.185165
0.297136,0.133521,-0.184284
0.295530,0.134092,-0.186084
0.294590,0.134088,-0.186115
0.292194,0.134762,-0.186636
0.293264,0.136182,-0.186168
0.290644,0.135824,-0.185990
0.289780,0.137724,-0.187437
0.287825,0.139026,-0.185125
0.286592,0.140424,-0.188136
0.285237,0.140578,-0.186562
0.284998,0.143791,-0.187274
0.284421,0.141408,-0.188220
0.283403,0.145463,-0.186360
0.280929,0.144992,-0.187274
0.277681,0.145475,-0.187125
0.279953,0.145781,-0.188723
0.277553,0.148267,-0.187685
0.275424,0.147762,-0.188715
0.275266,0.149733,-0.190836
0.274149,0.148423,-0.189797
0.273584,0.151659,-0.189236
0.271595,0.152354,-0.189210
0.270177,0.153641,-0.189408
0.268620,0.155376,-0.188867
0.266250,0.156748,-0.189837
0.266494,0.154892,-0.190412
0.264495,0.156750,-0.192242
0.261062,0.158187,-0.189385
0.260997,0.157784,-0.190797
0.260547,0.159946,-0.190315
0.259447,0.158647,-0.191785
0.256965,0.161159,-0.193198
0.257175,0.163380,-0.193125
0.256931,0.161812,-0.190524
0.256094,0.164816,-0.191178
0.252339,0.167857,-0.192147
0.252183,0.166911,-0.191021
0.250952,0.166711,-0.191797
0.249296,0.167657,-0.192738
0.248795,0.169066,-0.192605
0.246855,0.168789,-0.194807
0.246392,0.171778,-0.194293
0.245468,0.172960,-0.192946
0.242951,0.172686,-0.192979
0.242976,0.174599,-0.192803
0.240268,0.176271,-0.193932
0.240124,0.175448,-0.192387
0.239017,0.177431,-0.193712
0.237762,0.177369,-0.193226
0.237016,0.177849,-0.194283
0.235767,0.179052,-0.192978
0.233431,0.180693,-0.193717
0.231781,0.182079,-0.194003
0.232540,0.181540,-0.193532
0.231087,0.180833,-0.194405
0.229848,0.183446,-0.196500
0.228748,0.185930,-0.193737
0.225802,0.186377,-0.195247
0.225205,0.188497,-0.195866
0.224929,0.187201,-0.194593
0.224404,0.189572,-0.196298
0.221235,0.187724,-0.196201
0.220388,0.189019,-0.195567
0.219753,0.191747,-0.195012
0.216640,0.191196,-0.196624
0.216870,0.193044,-0.197679
0.217626,0.193658,-0.196535
0.214296,0.195071,-0.197758
0.212986,0.196530,-0.198680
0.210993,0.197150,-0.196511
0.210680,0.200970,-0.197814
0.210120,0.198064,-0.199137
0.207859,0.198003,-0.200016
0.204707,0.200013,-0.200066
0.204212,0.203668,-0.200900
0.203171,0.201791,-0.200306
0.200144,0.200484,-0.199718
0.200392,0.202213,-0.200293
0.197853,0.203300,-0.199594
0.196696,0.205048,-0.203057
0.193737,0.204195,-0.201578
0.193461,0.205339,-0.201149
0.192721,0.205239,-0.203300
0.189952,0.207650,-0.204491
0.187987,0.207335,-0.203825
0.188367,0.207139,-0.205387
0.187308,0.208535,-0.207038
0.185115,0.209739,-0.207110
0.180552,0.210467,-0.208728
0.178997,0.211801,-0.209987
0.178815,0.212126,-0.208735
0.178067,0.211942,-0.209634
0.174387,0.214143,-0.208154
0.173626,0.213562,-0.207993
0.172991,0.214193,-0.209429
0.172741,0.215789,-0.211954
0.169832,0.217188,-0.210650
0.168256,0.215154,-0.211406
0.166613,0.217130,-0.212005
0.162933,0.215990,-0.211195
0.162159,0.217731,-0.214753
0.162628,0.215533,-0.214984
0.160422,0.219417,-0.214225
0.158857,0.219637,-0.215619
0.155225,0.219915,-0.216109
0.153651,0.220823,-0.215731
0.151954,0.220055,-0.217972
0.149100,0.220866,-0.218803
0.147823,0.220199,-0.221678
0.146486,0.221596,-0.219686
0.143232,0.221057,-0.221697
0.142820,0.221789,-0.223384
0.138818,0.221799,-0.225539
0.137757,0.220734,-0.225798
0.133886,0.223415,-0.228823
0.131605,0.222434,-0.230089
0.129307,0.221939,-0.230477
0.125486,0.221051,-0.231109
0.125843,0.222427,-0.234313
0.120554,0.222025,-0.235117
0.119219,0.220639,-0.235650
0.116874,0.221433,-0.236735
0.113097,0.220389,-0.237078
0.113540,0.220921,-0.240763
0.110632,0.221501,-0.242288
0.107187,0.220814,-0.242000
0.105870,0.221576,-0.244588
0.102987,0.220142,-0.246011
0.100837,0.222326,-0.246015
0.099379,0.222567,-0.246366
0.094489,0.222615,-0.249296
0.093853,0.222134,-0.250773
0.089431,0.221518,-0.250344
0.089792,0.222734,-0.251584
0.089153,0.223374,-0.252957
0.085610,0.224451,-0.252052
0.085488,0.225868,-0.254135
0.081560,0.224834,-0.254736
0.080279,0.224568,-0.257947
0.078142,0.224444,-0.256445
0.074498,0.224987,-0.259010
0.073930,0.225650,-0.260489
0.072942,0.225698,-0.260450
0.070685,0.228252,-0.260915
0.068237,0.227895,-0.259557
0.066589,0.228080,-0.261336
0.064919,0.230638,-0.263694
0.064459,0.230341,-0.262927
0.058815,0.229421,-0.265073
0.059046,0.230777,-0.264376
0.057383,0.229377,-0.264772
0.055793,0.231959,-0.265315
0.053892,0.231306,-0.266847
0.053893,0.231724,-0.266529
0.050708,0.233353,-0.267291
0.050904,0.234335,-0.269192
0.048525,0.236879,-0.270271
0.047104,0.235539,-0.268701
0.289511,0.045570,-0.237431
0.290609,0.045364,-0.234786
0.293020,0.049872,-0.234381
0.292515,0.051592,-0.232707
0.294038,0.053268,-0.231026
0.291908,0.057970,-0.228049
0.293926,0.058730,-0.227962
0.292444,0.060392,-0.226775
0.295399,0.065036,-0.224583
0.292225,0.068227,-0.222197
0.292530,0.068493,-0.224641
0.292938,0.070542,-0.219140
0.293067,0.074845,-0.219522
0.293086,0.075777,-0.216734
0.294978,0.081083,-0.215948
0.294271,0.080703,-0.214612
0.295777,0.081524,-0.211436
0.295870,0.084374,-0.210767
0.296070,0.087881,-0.208480
0.293216,0.089955,-0.208681
0.294234,0.090363,-0.205402
0.296615,0.093910,-0.205346
0.297431,0.097112,-0.203949
0.296023,0.100946,-0.202358
0.295743,0.102550,-0.200259
0.296910,0.105063,-0.200751
0.296721,0.105094,-0.197204
0.296847,0.110110,-0.195224
0.297109,0.113958,-0.196402
0.297402,0.113097,-0.194040
0.299186,0.115924,-0.193187
0.297049,0.119874,-0.190836
0.299397,0.121452,-0.188996
0.297892,0.122716,-0.187730
0.299906,0.125135,-0.185488
0.297592,0.129425,-0.184990
0.296078,0.129717,-0.186034
0.297241,0.128901,-0.185353
0.295943,0.130945,-0.185075
0.295405,0.131906,-0.183758
0.292866,0.134054,-0.186147
0.293552,0.133349,-0.185612
0.288967,0.134568,-0.185189
0.291014,0.136972,-0.184709
0.287584,0.138429,-0.185221
0.287016,0.139030,-0.187012
0.286589,0.139278,-0.186120
0.283986,0.139039,-0.185992
0.283835,0.140457,-0.186864
0.282416,0.143667,-0.185434
0.282088,0.143645,-0.187002
0.278989,0.143366,-0.189232
0.279388,0.144902,-0.186714
0.276803,0.146088,-0.186525
0.275264,0.146219,-0.187598
0.273499,0.147922,-0.186905
0.272743,0.146062,-0.189581
0.273943,0.149099,-0.186509
0.272125,0.151307,-0.187044
0.269043,0.151981,-0.188311
0.268688,0.153361,-0.188618
0.268589,0.152806,-0.188873
0.265507,0.153682,-0.186375
0.265561,0.154574,-0.188347
0.263880,0.154412,-0.188047
0.263853,0.156715,-0.188607
0.261814,0.157975,-0.187591
0.260232,0.155631,-0.189939
0.257590,0.159689,-0.189383
0.256753,0.160720,-0.192080
0.257430,0.162004,-0.190458
0.255057,0.160744,-0.190104
0.252465,0.164843,-0.190273
0.253357,0.164394,-0.190564
0.251095,0.166052,-0.191230
0.250320,0.165122,-0.193035
0.247477,0.167130,-0.191673
0.249744,0.167150,-0.191175
0.247109,0.168046,-0.189362
0.246361,0.169468,-0.191940
0.243922,0.169944,-0.192836
0.243573,0.171691,-0.191604
0.242602,0.172591,-0.192418
0.238643,0.175099,-0.193725
0.238765,0.172139,-0.192278
0.236707,0.175611,-0.192523
0.237291,0.176996,-0.193093
0.233433,0.178269,-0.193946
0.232227,0.178106,-0.193707
0.232066,0.178372,-0.193993
0.233300,0.180359,-0.193365
0.231228,0.182288,-0.192835
0.228619,0.180383,-0.193522
0.229481,0.182610,-0.193613
0.225765,0.183751,-0.191802
0.225082,0.184774,-0.194359
0.226121,0.189062,-0.194004
0.223866,0.188550,-0.192755
0.220921,0.188863,-0.193832
0.220581,0.188026,-0.194959
0.219294,0.189569,-0.194180
0.218640,0.190073,-0.193590
0.217957,0.191278,-0.195751
0.216753,0.193225,-0.195189
0.215674,0.193466,-0.195786
0.214041,0.193467,-0.194230
0.212451,0.195711,-0.197074
0.210458,0.197335,-0.198148
0.208471,0.195490,-0.196732
0.207248,0.196659,-0.197752
0.205811,0.198378,-0.197524
0.203963,0.200433,-0.198064
0.203040,0.200703,-0.198597
0.201346,0.199939,-0.199101
0.201052,0.201482,-0.197887
0.199008,0.202579,-0.200510
0.196873,0.204431,-0.200521
0.195181,0.202791,-0.200473
0.195035,0.203351,-0.200823
0.194394,0.203060,-0.201911
0.189848,0.206831,-0.200973
0.187609,0.204246,-0.201550
0.187172,0.205041,-0.204157
0.185064,0.206036,-0.203389
0.184902,0.206751,-0.204703
0.181093,0.208214,-0.206814
0.179645,0.207939,-0.207476
0.181065,0.207912,-0.205982
0.176880,0.212225,-0.207697
0.175930,0.208526,-0.208611
0.174247,0.210167,-0.210565
0.172440,0.213339,-0.208124
0.171104,0.212282,-0.211213
0.172167,0.212384,-0.209851
0.167315,0.212757,-0.210631
0.166212,0.214212,-0.209190
0.165083,0.213842,-0.210676
0.164968,0.217019,-0.211704
0.161497,0.215676,-0.212250
0.162903,0.216626,-0.211455
0.158261,0.218704,-0.212708
0.157336,0.218812,-0.214260
0.154744,0.218554,-0.214627
0.154699,0.217749,-0.216584
0.151539,0.219009,-0.217166
0.148987,0.219761,-0.218467
0.145937,0.220171,-0.219889
0.143999,0.219550,-0.220193
0.141857,0.219600,-0.222842
0.138184,0.218350,-0.223870
0.138734,0.219089,-0.223139
0.134808,0.220389,-0.225325
0.132374,0.218628,-0.227137
0.131780,0.220309,-0.228786
0.128193,0.218580,-0.229519
0.124904,0.219539,-0.231442
0.123992,0.218779,-0.230968
0.121147,0.220142,-0.233367
0.118423,0.219153,-0.234787
0.114610,0.221384,-0.236657
0.114479,0.219896,-0.237797
0.109801,0.221211,-0.240609
0.107665,0.220597,-0.238393
0.105977,0.221128,-0.242914
0.104601,0.221181,-0.243647
0.099514,0.219304,-0.247067
0.099625,0.222405,-0.245250
0.095444,0.219383,-0.246561
0.095340,0.218784,-0.246057
0.092973,0.220261,-0.248567
0.090913,0.222137,-0.250154
0.087864,0.222124,-0.250116
0.084940,0.220717,-0.254195
0.083946,0.224684,-0.253317
0.081754,0.222169,-0.254182
0.079162,0.222913,-0.254059
0.076347,0.223430,-0.254786
0.076055,0.224099,-0.257185
0.074889,0.223871,-0.256587
0.071968,0.224087,-0.259057
0.071832,0.225099,-0.260524
0.069409,0.224193,-0.259680
0.065969,0.227716,-0.261010
0.064742,0.227790,-0.261098
0.062605,0.228236,-0.261532
0.060125,0.228699,-0.261340
0.060649,0.230371,-0.262160
0.057697,0.228721,-0.263889
0.055818,0.228760,-0.262795
0.056275,0.230745,-0.262973
0.052575,0.233406,-0.264878
0.051613,0.231963,-0.267069
0.049996,0.233408,-0.265063
0.047619,0.233139,-0.268041
0.046731,0.234910,-0.268148
0.045243,0.235107,-0.268537
0.291661,0.043760,-0.235106
0.290746,0.044212,-0.235113
0.290365,0.047290,-0.234051
0.291691,0.048445,-0.231315
0.290657,0.051655,-0.231387
0.291093,0.054402,-0.229942
0.291682,0.057530,-0.227174
0.290381,0.057052,-0.226063
0.292444,0.060227,-0.224472
0.291727,0.062329,-0.222794
0.292533,0.064973,-0.222046
0.291544,0.068832,-0.216475
0.293470,0.073172,-0.217894
0.293864,0.075329,-0.217243
0.293694,0.074661,-0.216677
0.293824,0.079168,-0.213857
0.292439,0.080214,-0.212042
0.296120,0.084528,-0.212832
0.293527,0.085148,-0.209082
0.294938,0.087757,-0.207079
0.294001,0.091342,-0.205286
0.294991,0.093288,-0.202366
0.293426,0.095005,-0.204146
0.298185,0.096868,-0.200648
0.294906,0.100029,-0.201128
0.297396,0.101943,-0.197510
0.297942,0.103998,-0.198199
0.297405,0.107421,-0.196220
0.299395,0.109906,-0.193909
0.297746,0.110396,-0.192950
0.297143,0.115326,-0.192939
0.296664,0.116571,-0.190070
0.296886,0.119452,-0.189045
0.296507,0.120647,-0.187227
0.297644,0.123680,-0.185529
0.296286,0.126582,-0.184084
0.298229,0.126554,-0.184613
0.297571,0.129306,-0.185449
0.293133,0.129429,-0.184839
0.292654,0.129512,-0.184463
0.294669,0.131186,-0.184679
0.290204,0.132802,-0.183126
0.291970,0.133695,-0.185151
0.290030,0.135684,-0.184448
0.287570,0.133205,-0.184294
0.288253,0.138009,-0.183026
0.289247,0.137349,-0.183525
0.286228,0.137689,-0.185261
0.282546,0.139497,-0.185256
0.282363,0.139865,-0.185164
0.281410,0.138866,-0.185208
0.278168,0.141379,-0.187155
0.279513,0.141496,-0.184518
0.276888,0.141870,-0.185599
0.276454,0.145533,-0.186462
0.275642,0.144635,-0.188263
0.275182,0.145842,-0.188093
0.271139,0.146289,-0.185827
0.270903,0.148741,-0.188346
0.271026,0.151054,-0.186051
0.269437,0.150549,-0.187876
0.267759,0.150892,-0.187534
0.266371,0.152031,-0.189048
0.265514,0.152806,-0.187882
0.263629,0.154718,-0.187706
0.262652,0.154757,-0.186893
0.260465,0.156650,-0.187726
0.259307,0.156820,-0.187480
0.257511,0.158741,-0.189285
0.258744,0.157553,-0.187413
0.255134,0.157718,-0.186702
0.252852,0.160621,-0.189043
0.255490,0.160999,-0.189776
0.253536,0.161624,-0.189159
0.249943,0.163598,-0.191451
0.250799,0.163889,-0.189672
0.249256,0.164516,-0.188123
0.247713,0.166220,-0.189303
0.247680,0.168258,-0.190049
0.245285,0.169064,-0.189851
0.242740,0.169056,-0.189007
0.243783,0.168460,-0.191224
0.241145,0.172101,-0.190730
0.239405,0.172616,-0.191285
0.239640,0.172082,-0.190470
0.238511,0.172829,-0.192769
0.237453,0.174656,-0.191332
0.234771,0.178403,-0.192078
0.234931,0.176325,-0.192149
0.232551,0.178221,-0.192853
0.231973,0.178144,-0.192283
0.229960,0.181665,-0.192210
0.230227,0.178714,-0.191923
0.228577,0.183118,-0.193787
0.226741,0.181696,-0.191972
0.227191,0.183809,-0.192667
0.224756,0.182962,-0.193005
0.224088,0.185661,-0.192401
0.222694,0.185449,-0.193225
0.221707,0.185846,-0.194181
0.218811,0.189849,-0.192694
0.217393,0.189713,-0.194609
0.215663,0.189312,-0.196325
0.214871,0.190607,-0.191837
0.215309,0.190967,-0.194047
0.213064,0.192205,-0.193705
0.213107,0.191370,-0.196118
0.211905,0.195535,-0.194194
0.208380,0.195214,-0.195582
0.207270,0.193709,-0.194365
0.205718,0.198316,-0.195040
0.205089,0.198592,-0.196822
0.204649,0.199434,-0.196415
0.202274,0.198886,-0.197741
0.200912,0.200301,-0.197909
0.199374,0.200721,-0.196792
0.199571,0.201547,-0.198756
0.197574,0.202482,-0.198115
0.196638,0.200568,-0.200400
0.194463,0.205056,-0.199722
0.191527,0.203826,-0.200249
0.188358,0.204928,-0.201710
0.188497,0.203835,-0.203865
0.186882,0.204259,-0.201026
0.185264,0.206501,-0.205574
0.184150,0.206232,-0.203298
0.181030,0.207545,-0.203014
0.179897,0.206682,-0.206028
0.178138,0.208021,-0.207124
0.173789,0.210327,-0.207128
0.175048,0.209149,-0.208276
0.172241,0.209757,-0.207668
0.171330,0.211344,-0.207648
0.170629,0.210270,-0.207441
0.169258,0.212156,-0.209748
0.167833,0.214343,-0.209871
0.165681,0.215904,-0.210048
0.163839,0.214808,-0.210264
0.163242,0.214312,-0.209710
0.160564,0.214667,-0.210842
0.158940,0.214907,-0.211516
0.154096,0.217483,-0.213205
0.154230,0.215174,-0.213045
0.152722,0.219734,-0.215983
0.150873,0.218180,-0.212993
0.149929,0.217273,-0.219164
0.147363,0.217579,-0.218843
0.144833,0.215873,-0.219022
0.143091,0.218708,-0.220064
0.139418,0.219037,-0.222339
0.139834,0.221315,-0.221712
0.135695,0.220374,-0.223154
0.130764,0.220359,-0.225036
0.132808,0.216992,-0.225223
0.129193,0.218973,-0.228479
0.125217,0.219688,-0.228067
0.123846,0.219907,-0.230227
0.120902,0.219815,-0.231409
0.119434,0.219698,-0.231736
0.118781,0.217824,-0.234008
0.116022,0.218273,-0.233912
0.113762,0.219660,-0.236544
0.110255,0.217925,-0.236422
0.108629,0.220794,-0.238887
0.105890,0.221265,-0.241504
0.102919,0.218269,-0.241359
0.100259,0.220809,-0.242937
0.098010,0.221053,-0.243346
0.096858,0.219067,-0.244857
0.093546,0.219584,-0.248646
0.090637,0.218991,-0.246165
0.088376,0.220796,-0.248454
0.087202,0.221453,-0.251559
0.083046,0.220638,-0.251378
0.082556,0.222420,-0.251133
0.081556,0.220501,-0.254092
0.079420,0.220375,-0.253278
0.075949,0.222690,-0.256826
0.073896,0.221546,-0.256646
0.073927,0.224387,-0.257370
0.071484,0.222395,-0.257270
0.070349,0.223288,-0.259554
0.067095,0.223646,-0.259791
0.066398,0.223022,-0.259503
0.062623,0.225281,-0.261426
0.064241,0.225483,-0.261609
0.059857,0.226042,-0.262287
0.056842,0.227154,-0.260230
0.054523,0.228252,-0.262555
0.054452,0.228459,-0.263368
0.052560,0.229035,-0.263844
0.051960,0.231305,-0.263312
0.048395,0.229436,-0.264222
0.048614,0.232477,-0.265653
0.045223,0.231558,-0.265622
0.046238,0.232342,-0.267038
0.290543,0.041236,-0.235363
0.290639,0.043638,-0.234126
0.289325,0.047412,-0.230871
0.290382,0.048478,-0.229962
0.290664,0.051937,-0.227436
0.291665,0.051335,-0.229029
0.291651,0.055590,-0.228260
0.291095,0.058245,-0.223484
0.292292,0.062716,-0.222892
0.289783,0.064031,-0.220474
0.293818,0.066122,-0.218235
0.289244,0.069321,-0.216299
0.292480,0.069230,-0.213348
0.292890,0.073108,-0.215772
0.293815,0.073201,-0.213612
0.292142,0.077395,-0.214627
0.293019,0.079767,-0.210390
0.292648,0.081739,-0.208206
0.293001,0.083581,-0.208678
0.295108,0.085266,-0.205726
0.295087,0.089834,-0.203367
0.295935,0.092422,-0.203482
0.295041,0.093842,-0.200929
0.294255,0.098834,-0.201746
0.294265,0.098757,-0.199787
0.297456,0.101501,-0.197653
0.296538,0.102567,-0.196755
0.295160,0.103724,-0.193474
0.296727,0.108207,-0.191663
0.296150,0.112326,-0.193378
0.295793,0.113000,-0.189982
0.297292,0.115132,-0.189473
0.294576,0.117907,-0.188137
0.296325,0.120423,-0.185264
0.298348,0.124336,-0.183620
0.297667,0.123274,-0.182035
0.296061,0.125563,-0.182807
0.294568,0.126367,-0.182866
0.293245,0.128309,-0.182820
0.294757,0.127775,-0.183039
0.291122,0.129888,-0.184483
0.289214,0.131823,-0.182557
0.289752,0.132497,-0.183353
0.288358,0.132996,-0.184890
0.288963,0.135059,-0.182053
0.286514,0.133904,-0.185017
0.285856,0.136633,-0.184486
0.284074,0.136396,-0.186006
0.282520,0.138259,-0.182189
0.281295,0.136706,-0.184023
0.278908,0.137994,-0.183849
0.278187,0.140690,-0.184168
0.278384,0.140700,-0.186933
0.274585,0.143762,-0.185057
0.274269,0.144015,-0.185202
0.275970,0.145080,-0.188039
0.272721,0.145655,-0.184813
0.272328,0.146499,-0.183988
0.270889,0.145175,-0.187509
0.271857,0.149654,-0.186607
0.266828,0.148655,-0.185882
0.267912,0.149852,-0.185076
0.265821,0.151936,-0.184487
0.263452,0.152796,-0.187409
0.263009,0.153762,-0.186483
0.262141,0.153323,-0.187590
0.260585,0.153922,-0.187087
0.259595,0.157132,-0.187785
0.258510,0.158092,-0.187206
0.256646,0.159037,-0.187308
0.256592,0.156239,-0.187556
0.253909,0.159347,-0.187352
0.252072,0.160245,-0.187705
0.254079,0.160197,-0.186911
0.251249,0.161143,-0.188181
0.248959,0.164373,-0.190611
0.248005,0.163505,-0.189652
0.246103,0.166264,-0.188373
0.243733,0.166424,-0.190352
0.243686,0.167742,-0.189625
0.245174,0.168879,-0.190435
0.242698,0.167069,-0.191433
0.242002,0.170182,-0.189518
0.240291,0.170871,-0.191956
0.236162,0.172250,-0.190774
0.236353,0.172948,-0.191187
0.236893,0.172326,-0.191211
0.234259,0.174162,-0.189496
0.233650,0.175256,-0.189398
0.233886,0.176687,-0.191736
0.230984,0.176647,-0.190703
0.231181,0.177985,-0.191428
0.227725,0.178431,-0.191903
0.227722,0.180834,-0.192061
0.225661,0.178791,-0.192101
0.224667,0.182946,-0.191000
0.222384,0.184385,-0.191561
0.223506,0.183621,-0.190729
0.220892,0.184430,-0.192286
0.219663,0.186546,-0.193278
0.218886,0.188501,-0.192013
0.219660,0.186824,-0.192505
0.216011,0.188657,-0.190200
0.213956,0.190843,-0.192929
0.214034,0.191299,-0.192344
0.212596,0.191102,-0.193469
0.209518,0.193015,-0.196282
0.209289,0.193030,-0.195376
0.208882,0.193694,-0.194835
0.205992,0.194262,-0.196977
0.207457,0.194075,-0.196500
0.206186,0.195920,-0.195473
0.202873,0.199161,-0.195866
0.201319,0.199542,-0.196946
0.199773,0.198473,-0.195831
0.197042,0.199977,-0.197583
0.197036,0.201848,-0.198022
0.196230,0.200321,-0.199457
0.193648,0.201275,-0.197684
0.190822,0.202469,-0.197218
0.191282,0.202483,-0.200596
0.189100,0.203491,-0.200626
0.188236,0.203716,-0.200705
0.186000,0.204908,-0.201833
0.183169,0.203499,-0.202177
0.181222,0.204344,-0.203162
0.180896,0.206011,-0.203394
0.178331,0.206242,-0.202727
0.177359,0.207211,-0.204051
0.173873,0.208495,-0.206834
0.173369,0.209359,-0.204551
0.172397,0.210584,-0.208631
0.169631,0.210696,-0.207587
0.169000,0.210602,-0.206753
0.166941,0.210264,-0.207145
0.165489,0.212721,-0.208348
0.165862,0.211671,-0.208925
0.163123,0.210759,-0.208247
0.162062,0.214247,-0.211705
0.161482,0.215386,-0.212242
0.157652,0.215439,-0.210431
0.158051,0.214046,-0.212532
0.156163,0.215732,-0.213595
0.150463,0.215181,-0.213916
0.149500,0.216431,-0.214292
0.150060,0.216563,-0.214706
0.147384,0.215674,-0.214836
0.144957,0.217111,-0.219228
0.140876,0.218207,-0.218970
0.140553,0.216282,-0.219187
0.137896,0.218489,-0.219445
0.135120,0.218542,-0.223897
0.132949,0.217995,-0.223015
0.129134,0.217735,-0.226072
0.127896,0.217769,-0.226149
0.126900,0.217100,-0.226722
0.123341,0.218510,-0.228211
0.122039,0.215923,-0.229781
0.119729,0.218329,-0.231359
0.115702,0.218718,-0.234679
0.113721,0.218070,-0.232340
0.112489,0.217981,-0.235382
0.107414,0.218767,-0.235466
0.107217,0.218244,-0.239428
0.103712,0.219152,-0.240475
0.101151,0.218024,-0.240484
0.098979,0.217239,-0.242171
0.096820,0.220265,-0.243471
0.094715,0.219450,-0.243715
0.091411,0.217762,-0.246190
0.089914,0.219974,-0.248890
0.088780,0.219819,-0.247702
0.083294,0.220279,-0.249964
0.085115,0.221800,-0.250275
0.080298,0.218395,-0.251954
0.079704,0.219612,-0.252361
0.076948,0.219957,-0.253145
0.075081,0.221688,-0.254300
0.074811,0.221501,-0.254889
0.070866,0.222033,-0.255477
0.068774,0.224855,-0.256568
0.067159,0.221307,-0.256767
0.063960,0.223999,-0.259187
0.062886,0.225213,-0.257363
0.060406,0.224882,-0.259544
0.060139,0.224791,-0.261296
0.060162,0.226890,-0.261616
0.058119,0.226708,-0.261781
0.055388,0.226066,-0.262588
0.053578,0.226701,-0.263665
0.050212,0.228116,-0.262281
0.048322,0.230315,-0.265442
0.048715,0.230296,-0.266026
0.046748,0.233092,-0.265464
0.045881,0.229934,-0.266365
0.041204,0.230418,-0.265337
0.287424,0.041249,-0.233325
0.290045,0.042540,-0.232363
0.289006,0.046779,-0.231312
0.287602,0.047551,-0.225937
0.289457,0.051929,-0.227597
0.290151,0.052082,-0.225238
0.288992,0.055707,-0.224344
0.289924,0.056779,-0.222773
0.290971,0.061075,-0.220013
0.291599,0.061137,-0.218660
0.291875,0.065130,-0.219405
0.292730,0.066914,-0.214629
0.290257,0.068889,-0.215296
0.292274,0.073200,-0.212911
0.292163,0.073848,-0.211084
0.293885,0.079168,-0.210003
0.291727,0.080931,-0.208054
0.293723,0.081780,-0.208706
0.294578,0.084292,-0.206320
0.293678,0.086382,-0.203649
0.294532,0.087643,-0.203381
0.294053,0.091789,-0.200980
0.294348,0.094539,-0.201786
0.293900,0.094747,-0.198788
0.292610,0.099999,-0.196540
0.293584,0.101118,-0.195280
0.295939,0.102455,-0.195688
0.295599,0.105888,-0.192001
0.293810,0.108459,-0.189406
0.295267,0.108514,-0.188971
0.294695,0.113148,-0.188895
0.298217,0.114662,-0.187316
0.296437,0.116636,-0.186602
0.294646,0.121274,-0.184895
0.296184,0.124252,-0.181117
0.296215,0.121764,-0.182116
0.294009,0.125545,-0.182273
0.292838,0.126294,-0.183050
0.293996,0.126180,-0.181778
0.292301,0.127467,-0.184190
0.289866,0.128603,-0.183161
0.287908,0.130209,-0.182692
0.288727,0.131195,-0.182820
0.286577,0.131695,-0.181839
0.284975,0.133390,-0.184060
0.284256,0.135925,-0.181502
0.282989,0.133285,-0.181964
0.281899,0.136694,-0.182619
0.283166,0.137221,-0.182902
0.279982,0.138045,-0.183130
0.278791,0.138531,-0.185165
0.278259,0.140567,-0.184634
0.277189,0.140865,-0.183548
0.274884,0.141115,-0.184916
0.273468,0.144405,-0.183310
0.271900,0.141971,-0.182725
0.271894,0.145157,-0.183205
0.271461,0.145400,-0.184303
0.269437,0.145524,-0.184897
0.268683,0.145762,-0.184685
0.267797,0.148742,-0.186347
0.265905,0.149570,-0.183812
0.265305,0.152404,-0.184673
0.262140,0.149668,-0.185350
0.261385,0.150723,-0.184436
0.261180,0.151622,-0.186247
0.259654,0.154771,-0.184616
0.260455,0.153228,-0.185706
0.257480,0.155195,-0.185303
0.256908,0.157058,-0.186356
0.255613,0.158433,-0.187386
0.253268,0.159736,-0.186479
0.253526,0.157885,-0.188410
0.250713,0.161577,-0.188435
0.250146,0.160438,-0.186829
0.248603,0.164358,-0.187371
0.249096,0.163347,-0.187506
0.245875,0.164077,-0.187379
0.244471,0.164731,-0.187558
0.244756,0.166925,-0.189023
0.244422,0.168558,-0.189056
0.240163,0.167703,-0.187148
0.239231,0.168971,-0.188888
0.238370,0.169765,-0.188624
0.236384,0.171568,-0.190076
0.235968,0.171460,-0.188854
0.237044,0.173600,-0.188934
0.233688,0.172339,-0.188939
0.233091,0.174569,-0.188604
0.230921,0.175807,-0.187992
0.230364,0.174673,-0.189447
0.228946,0.176563,-0.188519
0.228619,0.177976,-0.189355
0.228758,0.179328,-0.191078
0.225433,0.181326,-0.189803
0.226032,0.180258,-0.190031
0.223023,0.183712,-0.190979
0.221298,0.182996,-0.192235
0.221323,0.183575,-0.190270
0.218458,0.188048,-0.190769
0.215713,0.185955,-0.191381
0.216690,0.187488,-0.192245
0.214500,0.187382,-0.189964
0.213884,0.187576,-0.192895
0.212238,0.188832,-0.191355
0.210293,0.190743,-0.192896
0.209756,0.189797,-0.192363
0.209538,0.192589,-0.193617
0.206106,0.191884,-0.195380
0.205784,0.196934,-0.194192
0.204160,0.194567,-0.193808
0.202813,0.195219,-0.192420
0.201137,0.195270,-0.196147
0.201207,0.196802,-0.195610
0.198667,0.196944,-0.193385
0.196888,0.196998,-0.195853
0.194907,0.198845,-0.196612
0.194879,0.198500,-0.195757
0.191515,0.200622,-0.197864
0.191739,0.202510,-0.197960
0.189925,0.200519,-0.199581
0.186719,0.203437,-0.198671
0.185026,0.201370,-0.199816
0.185137,0.202448,-0.202557
0.182478,0.202556,-0.202061
0.181578,0.204141,-0.203332
0.178420,0.203784,-0.201886
0.179324,0.206367,-0.202894
0.174911,0.203551,-0.202365
0.175825,0.207600,-0.202944
0.172890,0.204888,-0.203562
0.172926,0.207442,-0.205899
0.167788,0.207070,-0.206278
0.169752,0.208170,-0.205198
0.167080,0.210320,-0.207053
0.167343,0.208516,-0.206572
0.163211,0.214329,-0.206640
0.162155,0.211938,-0.209283
0.158094,0.213870,-0.209960
0.160903,0.212730,-0.210413
0.157853,0.213089,-0.210246
0.156551,0.214304,-0.211058
0.153150,0.212751,-0.211368
0.149799,0.214732,-0.212015
0.148448,0.215699,-0.214420
0.144760,0.213928,-0.215728
0.143109,0.215929,-0.213718
0.144757,0.214848,-0.219342
0.141013,0.216048,-0.218266
0.137308,0.215451,-0.220954
0.134593,0.216181,-0.220460
0.134923,0.217482,-0.220905
0.132186,0.216867,-0.222516
0.128898,0.217320,-0.223592
0.125900,0.217571,-0.223465
0.124853,0.214950,-0.225573
0.121255,0.217000,-0.228040
0.119493,0.218267,-0.229092
0.119608,0.218532,-0.230936
0.118214,0.216295,-0.232523
0.113449,0.216988,-0.235890
0.109712,0.217588,-0.235098
0.108335,0.215583,-0.236138
0.104035,0.216463,-0.237288
0.102551,0.216331,-0.240449
0.099732,0.215781,-0.241401
0.098392,0.218207,-0.242684
0.094759,0.217234,-0.242054
0.094116,0.217370,-0.243143
0.090968,0.216584,-0.245660
0.089350,0.218517,-0.245145
0.087585,0.217791,-0.247037
0.085294,0.218617,-0.249417
0.082040,0.217533,-0.250922
0.078754,0.218443,-0.250300
0.077809,0.217561,-0.251973
0.075946,0.219050,-0.250503
0.073175,0.222057,-0.252049
0.070654,0.219613,-0.252798
0.071268,0.221054,-0.255237
0.068131,0.221911,-0.256201
0.066836,0.220348,-0.258768
0.065015,0.223265,-0.258031
0.062138,0.222246,-0.259572
0.061073,0.223849,-0.259569
0.060292,0.222752,-0.258664
0.059315,0.222881,-0.260610
0.053878,0.223791,-0.261484
0.054851,0.225567,-0.260258
0.051664,0.226525,-0.261939
0.050771,0.227345,-0.263138
0.049672,0.228064,-0.264255
0.048426,0.227279,-0.263328
0.046394,0.229484,-0.263676
0.044824,0.230202,-0.263778
0.289644,0.040839,-0.232820
0.290264,0.043359,-0.228031
0.291486,0.046339,-0.228409
0.289327,0.048243,-0.226859
0.290320,0.051595,-0.223587
0.289654,0.053486,-0.223140
0.290276,0.053241,-0.219965
0.291553,0.058118,-0.219976
0.290430,0.059181,-0.218680
0.290950,0.062085,-0.217890
0.290107,0.066615,-0.217239
0.291883,0.066760,-0.213486
0.291651,0.068165,-0.213317
0.292146,0.072795,-0.212050
0.291395,0.073847,-0.209588
0.292415,0.077225,-0.208504
0.291278,0.079826,-0.206964
0.292190,0.081068,-0.205419
0.291016,0.083165,-0.203577
0.292918,0.086471,-0.201859
0.294917,0.089082,-0.200737
0.293106,0.091652,-0.200272
0.293297,0.093257,-0.198019
0.292874,0.095607,-0.197846
0.294075,0.096772,-0.193269
0.294581,0.100275,-0.194652
0.293879,0.104163,-0.191630
0.293967,0.105659,-0.189522
0.292808,0.108108,-0.189218
0.295634,0.109926,-0.187880
0.295889,0.114711,-0.186306
0.294974,0.114516,-0.185843
0.297028,0.120325,-0.184433
0.296588,0.120139,-0.183527
0.297275,0.119370,-0.182530
0.293276,0.123207,-0.180624
0.293739,0.122557,-0.181425
0.292724,0.121902,-0.182395
0.292720,0.125711,-0.180832
0.287562,0.126641,-0.182144
0.289705,0.128872,-0.181463
0.287176,0.129441,-0.180716
0.287087,0.126905,-0.182902
0.285454,0.130067,-0.181091
0.284155,0.131131,-0.182689
0.284830,0.132409,-0.182106
0.282854,0.133898,-0.182778
0.283000,0.134244,-0.181877
0.280796,0.135874,-0.182425
0.278705,0.135256,-0.180885
0.279008,0.137123,-0.181201
0.274592,0.139271,-0.182095
0.275644,0.138578,-0.182101
0.274430,0.139958,-0.183019
0.272761,0.141515,-0.183638
0.272906,0.143874,-0.182044
0.270724,0.144781,-0.181586
0.268446,0.146587,-0.183262
0.268050,0.147090,-0.183424
0.266616,0.146925,-0.185372
0.266146,0.147724,-0.182626
0.265498,0.148268,-0.184053
0.265674,0.149145,-0.183552
0.261733,0.149439,-0.184435
0.261093,0.150851,-0.186118
0.259650,0.153551,-0.185046
0.258768,0.152650,-0.186483
0.257759,0.155213,-0.184452
0.254647,0.154328,-0.184233
0.253206,0.156279,-0.184210
0.252011,0.156122,-0.187788
0.251431,0.157129,-0.187109
0.250588,0.157341,-0.184990
0.250569,0.161370,-0.185978
0.249151,0.161222,-0.185622
0.247244,0.161185,-0.187324
0.246822,0.162053,-0.186794
0.244357,0.162674,-0.188767
0.244878,0.164370,-0.188136
0.241958,0.165295,-0.186982
0.242162,0.166089,-0.185944
0.240918,0.167523,-0.186699
0.237509,0.167279,-0.187231
0.236930,0.167717,-0.187245
0.236267,0.171486,-0.188041
0.237829,0.169582,-0.186911
0.233104,0.172453,-0.187954
0.233398,0.172415,-0.187844
0.233545,0.172920,-0.187105
0.231219,0.175737,-0.185982
0.229188,0.175516,-0.187467
0.228208,0.176485,-0.188070
0.226464,0.175729,-0.189169
0.226637,0.178421,-0.189072
0.225384,0.179023,-0.186925
0.222113,0.179111,-0.189503
0.223035,0.179429,-0.190440
0.221662,0.182091,-0.190421
0.217868,0.184859,-0.191684
0.217685,0.184059,-0.190271
0.215112,0.185362,-0.190654
0.215250,0.185184,-0.191253
0.215244,0.187221,-0.190251
0.211483,0.187482,-0.191117
0.212989,0.190801,-0.192252
0.211324,0.189438,-0.191278
0.209055,0.189267,-0.192099
0.207921,0.189436,-0.193059
0.203482,0.190314,-0.192246
0.205413,0.192475,-0.191161
0.202645,0.194215,-0.192493
0.202034,0.195733,-0.193567
0.200898,0.194120,-0.196141
0.199119,0.195414,-0.194984
0.196739,0.197053,-0.195174
0.195056,0.197472,-0.195554
0.194164,0.197787,-0.196505
0.191052,0.199233,-0.195929
0.190238,0.200940,-0.193973
0.191539,0.200272,-0.196406
0.189013,0.198351,-0.201275
0.186537,0.200431,-0.199596
0.183012,0.202323,-0.199110
0.183050,0.203262,-0.199271
0.180915,0.201288,-0.200940
0.179381,0.203284,-0.200812
0.178137,0.203412,-0.201850
0.176115,0.204124,-0.201678
0.175333,0.204232,-0.200855
0.172948,0.204752,-0.202576
0.170456,0.206435,-0.202363
0.169700,0.206438,-0.205946
0.168186,0.208479,-0.203507
0.165366,0.208608,-0.205551
0.165193,0.208485,-0.204584
0.164671,0.209912,-0.205580
0.163643,0.208012,-0.207314
0.160754,0.210416,-0.207268
0.158729,0.210846,-0.208215
0.156216,0.211963,-0.208578
0.157309,0.212391,-0.208809
0.153374,0.214088,-0.210855
0.153365,0.216145,-0.209647
0.148487,0.214873,-0.212201
0.147949,0.213078,-0.213047
0.146964,0.213172,-0.213868
0.144733,0.214472,-0.214949
0.140942,0.214968,-0.216154
0.141585,0.213584,-0.217443
0.138602,0.215438,-0.217603
0.134258,0.213769,-0.220437
0.133919,0.214317,-0.222082
0.131196,0.216489,-0.222693
0.126678,0.214825,-0.223625
0.123884,0.216678,-0.223553
0.121834,0.215561,-0.224607
0.118989,0.217059,-0.226306
0.118249,0.215461,-0.228802
0.117741,0.214143,-0.230266
0.114071,0.215967,-0.233245
0.110863,0.216445,-0.231830
0.107042,0.216240,-0.232833
0.108625,0.214508,-0.234761
0.102700,0.216022,-0.235924
0.102104,0.216679,-0.235952
0.099492,0.215384,-0.239501
0.095434,0.217001,-0.239051
0.095018,0.216371,-0.242413
0.091585,0.214953,-0.241558
0.088803,0.215885,-0.243442
0.087142,0.217556,-0.246095
0.085956,0.217744,-0.246800
0.084499,0.215340,-0.246328
0.080050,0.217324,-0.249430
0.079595,0.218028,-0.248181
0.078745,0.219049,-0.251372
0.073216,0.218586,-0.252064
0.075077,0.218599,-0.253547
0.069854,0.218835,-0.252146
0.068848,0.219738,-0.254417
0.067118,0.219422,-0.254419
0.063984,0.221358,-0.254896
0.061957,0.220683,-0.255284
0.059715,0.222282,-0.257160
0.060379,0.222508,-0.256614
0.057399,0.222448,-0.257799
0.056315,0.222437,-0.260169
0.053272,0.224007,-0.260299
0.053432,0.225390,-0.259986
0.051113,0.223847,-0.261198
0.048944,0.226032,-0.258393
0.048263,0.226014,-0.261251
0.045387,0.227337,-0.262784
0.043859,0.229274,-0.265091
0.043060,0.228942,-0.265423
0.288537,0.039966,-0.229289
0.290800,0.041062,-0.226264
0.289301,0.043430,-0.226417
0.289144,0.048182,-0.224743
0.289529,0.050566,-0.222225
0.289337,0.052334,-0.221130
0.291171,0.053645,-0.219050
0.289049,0.059764,-0.219782
0.290968,0.058202,-0.218181
0.290860,0.061040,-0.215547
0.291672,0.063569,-0.215485
0.289855,0.066613,-0.213367
0.291789,0.070451,-0.211053
0.292627,0.071897,-0.212357
0.291274,0.072955,-0.206833
0.292563,0.075912,-0.208061
0.292586,0.078965,-0.204689
0.290233,0.079573,-0.204394
0.292098,0.085302,-0.203779
0.293666,0.084042,-0.201465
0.291942,0.087925,-0.199448
0.292095,0.090874,-0.199100
0.292733,0.090415,-0.195205
0.293862,0.095322,-0.195542
0.293711,0.096226,-0.192944
0.294612,0.102231,-0.193030
0.295577,0.102581,-0.192190
0.294859,0.104607,-0.191280
0.295332,0.106975,-0.186880
0.294180,0.109963,-0.186133
0.295192,0.110487,-0.183555
0.296435,0.112731,-0.181675
0.295571,0.117034,-0.182312
0.296022,0.117802,-0.179473
0.292148,0.121234,-0.180164
0.293993,0.120304,-0.181793
0.292327,0.121511,-0.179989
0.291787,0.124917,-0.182413
0.289601,0.124559,-0.179915
0.290063,0.125968,-0.179867
0.288940,0.127148,-0.180176
0.287094,0.127522,-0.180336
0.286632,0.127875,-0.179875
0.285045,0.132733,-0.180099
0.284547,0.131606,-0.182026
0.282496,0.131561,-0.180955
0.281684,0.132791,-0.179576
0.281244,0.131219,-0.180364
0.279905,0.134044,-0.179539
0.278747,0.135917,-0.181842
0.277610,0.135291,-0.180232
0.275104,0.138195,-0.183278
0.273360,0.139787,-0.182354
0.272613,0.141904,-0.179764
0.272116,0.139656,-0.181360
0.273243,0.141616,-0.182273
0.268331,0.141021,-0.180842
0.268171,0.144598,-0.184228
0.267265,0.144235,-0.181696
0.267196,0.146113,-0.182234
0.264374,0.146591,-0.182739
0.264062,0.148151,-0.181880
0.262266,0.148080,-0.183735
0.261668,0.149234,-0.182608
0.259250,0.151807,-0.183864
0.259514,0.151780,-0.181481
0.257137,0.151100,-0.184887
0.256796,0.152811,-0.183685
0.254913,0.153390,-0.183122
0.255364,0.155605,-0.185083
0.252624,0.157197,-0.184685
0.251992,0.157279,-0.184748
0.249994,0.157838,-0.186019
0.248914,0.158877,-0.185712
0.248983,0.158311,-0.185467
0.247476,0.159903,-0.183918
0.244852,0.162564,-0.185275
0.243218,0.161780,-0.185101
0.243142,0.162401,-0.186558
0.240035,0.164772,-0.186228
0.239429,0.165604,-0.187302
0.239012,0.166947,-0.186735
0.237323,0.167147,-0.187046
0.235773,0.167527,-0.185295
0.234763,0.168733,-0.187956
0.233048,0.169074,-0.189212
0.232940,0.170625,-0.188382
0.231167,0.169209,-0.187011
0.230780,0.172684,-0.185488
0.228251,0.171494,-0.186324
0.229438,0.175479,-0.187201
0.226907,0.175814,-0.187764
0.225602,0.176802,-0.187556
0.223955,0.178286,-0.187904
0.222390,0.178262,-0.188739
0.222943,0.179123,-0.189886
0.220635,0.180928,-0.188458
0.218543,0.182030,-0.190469
0.218951,0.181825,-0.190943
0.218090,0.183071,-0.188745
0.213513,0.182616,-0.187287
0.215523,0.186044,-0.187746
0.213835,0.184135,-0.189429
0.212813,0.187494,-0.190121
0.209729,0.188127,-0.191959
0.210233,0.186854,-0.190482
0.208139,0.189557,-0.191112
0.207899,0.188982,-0.191443
0.205743,0.190404,-0.192018
0.202938,0.191129,-0.192219
0.202571,0.191777,-0.191674
0.200997,0.194024,-0.192979
0.199577,0.193806,-0.193364
0.197440,0.194049,-0.192248
0.195398,0.196450,-0.193872
0.194129,0.196177,-0.193032
0.194187,0.197132,-0.195923
0.192233,0.196690,-0.194132
0.190597,0.198313,-0.194258
0.187272,0.199947,-0.196162
0.188122,0.198426,-0.196228
0.186143,0.197984,-0.196786
0.182743,0.201070,-0.196204
0.182413,0.201353,-0.198611
0.179713,0.202590,-0.199495
0.179004,0.200658,-0.199627
0.176899,0.203535,-0.201559
0.174792,0.201844,-0.201598
0.173224,0.201830,-0.201913
0.172849,0.205391,-0.203454
0.168967,0.205250,-0.205698
0.171503,0.205870,-0.203591
0.167212,0.206925,-0.202637
0.167000,0.207316,-0.205220
0.164254,0.208312,-0.205146
0.161757,0.208238,-0.205274
0.161418,0.208242,-0.206168
0.160193,0.211349,-0.206234
0.156674,0.209980,-0.208434
0.156053,0.212106,-0.207133
0.153725,0.212168,-0.208444
0.153190,0.210445,-0.208512
0.149555,0.213045,-0.209926
0.148029,0.213066,-0.211941
0.146826,0.213031,-0.212101
0.143409,0.215313,-0.211477
0.141949,0.213536,-0.213682
0.140424,0.213853,-0.215349
0.138438,0.215735,-0.215188
0.136382,0.214710,-0.215991
0.131835,0.214712,-0.219196
0.131809,0.214770,-0.218086
0.128918,0.214088,-0.219884
0.125978,0.212836,-0.221459
0.125135,0.212931,-0.223131
0.121135,0.212002,-0.226270
0.119363,0.213783,-0.225616
0.115889,0.213983,-0.226458
0.114234,0.213407,-0.227372
0.111519,0.215116,-0.229480
0.109814,0.212861,-0.232526
0.107909,0.213568,-0.232871
0.105164,0.214117,-0.234311
0.103968,0.214830,-0.234916
0.099831,0.215672,-0.238126
0.098797,0.214279,-0.236876
0.095949,0.214840,-0.239301
0.094204,0.215039,-0.241120
0.091272,0.215409,-0.240874
0.089939,0.215776,-0.242966
0.085643,0.215366,-0.244518
0.083560,0.215113,-0.244823
0.081290,0.215468,-0.245824
0.081328,0.215483,-0.249117
0.076957,0.215059,-0.248162
0.075381,0.216601,-0.250728
0.072859,0.216846,-0.251254
0.072811,0.216407,-0.252546
0.068380,0.217787,-0.253144
0.068359,0.218594,-0.254674
0.065750,0.220111,-0.254866
0.063028,0.220215,-0.253392
0.061692,0.220160,-0.257700
0.060400,0.220880,-0.256477
0.058731,0.222440,-0.256133
0.057352,0.220306,-0.258380
0.056585,0.223135,-0.257545
0.054096,0.222240,-0.257620
0.051616,0.222762,-0.260039
0.048588,0.225131,-0.258674
0.047200,0.225686,-0.259860
0.045648,0.225902,-0.262145
0.043424,0.224602,-0.261844
0.043834,0.224780,-0.260761
0.287190,0.039703,-0.227418
0.289819,0.042348,-0.226857
0.289895,0.044864,-0.224349
0.289432,0.048021,-0.222709
0.286875,0.050459,-0.221685
0.288777,0.052343,-0.218739
0.290371,0.054110,-0.219410
0.289551,0.056664,-0.217235
0.290748,0.058803,-0.215723
0.289664,0.062744,-0.213747
0.291366,0.063750,-0.212357
0.290919,0.065466,-0.209903
0.288884,0.068229,-0.211138
0.290343,0.069363,-0.208463
0.291531,0.073565,-0.204675
0.290340,0.076078,-0.205254
0.292105,0.077018,-0.203603
0.292756,0.081093,-0.200205
0.293843,0.081246,-0.200585
0.292459,0.085908,-0.198765
0.293643,0.087884,-0.197365
0.292849,0.091127,-0.195172
0.293425,0.093358,-0.195075
0.293095,0.096323,-0.194173
0.294082,0.097514,-0.192345
0.294480,0.099327,-0.188121
0.292996,0.102121,-0.190274
0.295541,0.103398,-0.190847
0.293965,0.105710,-0.185799
0.293281,0.109081,-0.184886
0.292996,0.111116,-0.183753
0.293119,0.111383,-0.182156
0.294403,0.116828,-0.181731
0.294591,0.116590,-0.181798
0.292352,0.118147,-0.181738
0.291104,0.121008,-0.180736
0.290534,0.119111,-0.181331
0.289859,0.124312,-0.179068
0.289604,0.123697,-0.181819
0.288168,0.123439,-0.179008
0.288652,0.124359,-0.179084
0.284330,0.125412,-0.180014
0.285453,0.129125,-0.178783
0.283522,0.127734,-0.178970
0.284187,0.131345,-0.179346
0.282531,0.131471,-0.180184
0.281343,0.131532,-0.178391
0.280703,0.132258,-0.180496
0.277209,0.132710,-0.179795
0.276368,0.133375,-0.180220
0.275383,0.135854,-0.179788
0.274909,0.136894,-0.179594
0.273194,0.140048,-0.180641
0.273406,0.138309,-0.180529
0.269492,0.138879,-0.180322
0.269218,0.141152,-0.181986
0.269082,0.142321,-0.180361
0.267282,0.142507,-0.181344
0.267653,0.144259,-0.182129
0.266184,0.144206,-0.180862
0.261669,0.146331,-0.181882
0.265827,0.146202,-0.182179
0.261469,0.148373,-0.182027
0.260382,0.148014,-0.181754
0.259404,0.149384,-0.180650
0.258898,0.150515,-0.179670
0.256321,0.152087,-0.181568
0.254873,0.151375,-0.184193
0.253612,0.154787,-0.182442
0.252285,0.153754,-0.182843
0.249926,0.156376,-0.182367
0.249747,0.155427,-0.184765
0.248906,0.156698,-0.183670
0.248954,0.156583,-0.184794
0.246636,0.155974,-0.182770
0.246558,0.160095,-0.184247
0.244539,0.161929,-0.185755
0.243969,0.162985,-0.183203
0.241342,0.161823,-0.185514
0.241579,0.164272,-0.183146
0.239422,0.164679,-0.184471
0.238548,0.166155,-0.183964
0.236174,0.166065,-0.186264
0.234559,0.167182,-0.186013
0.236137,0.167798,-0.186139
0.233792,0.170273,-0.185030
0.230503,0.169788,-0.183727
0.229904,0.171330,-0.185763
0.229950,0.171498,-0.186212
0.227497,0.172151,-0.185176
0.227921,0.172483,-0.184597
0.226690,0.173374,-0.186879
0.222904,0.175425,-0.186983
0.223963,0.177874,-0.187925
0.222706,0.178809,-0.187983
0.220120,0.178294,-0.186566
0.220530,0.178893,-0.187973
0.219772,0.180920,-0.187548
0.215912,0.182158,-0.189699
0.216537,0.181280,-0.187332
0.215546,0.181732,-0.187469
0.211562,0.183146,-0.187917
0.213922,0.183614,-0.188812
0.212107,0.185488,-0.189485
0.210467,0.186272,-0.188075
0.208503,0.186738,-0.190292
0.207734,0.190188,-0.189460
0.205122,0.191304,-0.189738
0.205335,0.188746,-0.190416
0.203072,0.190317,-0.191428
0.200340,0.192501,-0.188487
0.198807,0.191701,-0.191356
0.199885,0.192010,-0.189168
0.197440,0.194394,-0.191458
0.195593,0.194946,-0.193864
0.193890,0.194860,-0.195052
0.193169,0.194184,-0.191904
0.190907,0.195823,-0.192528
0.189193,0.197844,-0.194224
0.189493,0.197368,-0.195912
0.186942,0.197408,-0.193880
0.185568,0.199895,-0.196777
0.182742,0.199333,-0.198899
0.180520,0.200518,-0.198120
0.178608,0.201068,-0.199164
0.176699,0.201279,-0.197861
0.175145,0.201485,-0.199770
0.173980,0.203580,-0.199785
0.173762,0.203485,-0.199424
0.171026,0.204125,-0.201485
0.170577,0.204608,-0.200236
0.167330,0.204284,-0.203148
0.166865,0.204810,-0.202531
0.164804,0.205145,-0.204170
0.161420,0.204737,-0.205040
0.163589,0.208011,-0.203549
0.159332,0.208025,-0.204310
0.159209,0.207703,-0.204713
0.159782,0.208837,-0.206486
0.155590,0.210110,-0.207022
0.152054,0.210028,-0.206912
0.150453,0.210806,-0.207761
0.149737,0.212870,-0.210931
0.148152,0.211067,-0.211577
0.144505,0.212114,-0.210951
0.144072,0.210391,-0.213738
0.142075,0.211811,-0.211603
0.137806,0.215019,-0.214929
0.136166,0.212855,-0.214098
0.135221,0.213674,-0.216546
0.130520,0.212982,-0.217584
0.128490,0.213681,-0.219386
0.129593,0.214232,-0.220766
0.124930,0.214071,-0.222105
0.123613,0.212018,-0.222998
0.120176,0.213027,-0.224991
0.116974,0.215109,-0.226060
0.116116,0.214434,-0.225406
0.113413,0.212538,-0.227343
0.111875,0.212614,-0.230809
0.107007,0.213771,-0.229522
0.106769,0.213089,-0.233675
0.102412,0.213935,-0.232955
0.100724,0.213112,-0.235439
0.099822,0.213111,-0.235913
0.096552,0.212109,-0.236344
0.094959,0.215122,-0.238416
0.093146,0.213972,-0.240022
0.088583,0.211347,-0.241617
0.087729,0.214928,-0.240846
0.084443,0.211722,-0.245167
0.081663,0.212805,-0.245580
0.080593,0.212813,-0.245373
0.077614,0.214874,-0.245623
0.075541,0.216048,-0.247623
0.074685,0.213103,-0.249399
0.070532,0.214814,-0.249839
0.069009,0.216573,-0.251986
0.067375,0.216365,-0.251971
0.065520,0.216817,-0.254165
0.065301,0.216293,-0.254010
0.062005,0.216088,-0.255067
0.061652,0.219661,-0.254322
0.057160,0.220260,-0.256335
0.056596,0.218913,-0.256793
0.057740,0.219838,-0.257524
0.051350,0.221122,-0.257268
0.051418,0.220246,-0.257976
0.049506,0.223322,-0.257996
0.051179,0.223976,-0.257169
0.047509,0.222215,-0.258957
0.044814,0.223627,-0.260555
0.042493,0.224628,-0.259710
0.041942,0.224805,-0.260767
0.287910,0.040168,-0.226020
0.287090,0.041176,-0.222753
0.287754,0.044880,-0.221136
0.286988,0.046950,-0.220960
0.288112,0.049780,-0.219793
0.289109,0.050931,-0.219373
0.289659,0.055555,-0.217281
0.289518,0.056885,-0.213383
0.290057,0.058597,-0.214948
0.289565,0.062247,-0.211319
0.289720,0.062648,-0.210623
0.290943,0.064536,-0.207792
0.289554,0.067948,-0.207452
0.288637,0.069132,-0.206668
0.290111,0.072324,-0.203470
0.291386,0.077786,-0.202310
0.292553,0.078775,-0.201453
0.292178,0.080732,-0.201505
0.292268,0.081597,-0.198831
0.291451,0.084529,-0.197107
0.293239,0.086010,-0.196332
0.293978,0.091390,-0.195406
0.292292,0.090727,-0.192312
0.293277,0.093866,-0.191291
0.292757,0.097198,-0.189455
0.292899,0.100249,-0.188525
0.294262,0.101679,-0.187700
0.294120,0.102788,-0.185992
0.293930,0.106869,-0.183567
0.294771,0.109250,-0.183473
0.293626,0.110251,-0.182188
0.294587,0.113162,-0.179490
0.293182,0.115201,-0.178951
0.294520,0.114647,-0.179664
0.290676,0.119700,-0.178484
0.290238,0.119404,-0.178104
0.289652,0.121925,-0.179072
0.288872,0.121525,-0.178661
0.286171,0.121563,-0.178443
0.286146,0.124911,-0.178755
0.284930,0.123799,-0.178515
0.285919,0.125431,-0.180259
0.283995,0.126765,-0.178942
0.283742,0.127692,-0.178847
0.281188,0.129446,-0.178454
0.281061,0.129166,-0.179789
0.279196,0.130516,-0.178046
0.278621,0.130279,-0.180128
0.276513,0.130861,-0.179622
0.278466,0.134335,-0.177549
0.274816,0.134600,-0.179061
0.271097,0.134984,-0.180754
0.270231,0.135937,-0.180158
0.272117,0.138062,-0.180500
0.270929,0.138275,-0.180696
0.268885,0.138060,-0.179686
0.268374,0.142003,-0.179334
0.267630,0.141410,-0.179836
0.265529,0.143041,-0.179472
0.262433,0.144189,-0.181031
0.263110,0.144443,-0.180881
0.263171,0.146011,-0.181259
0.260402,0.146840,-0.179130
0.259244,0.147138,-0.178803
0.257341,0.147622,-0.181520
0.257082,0.147573,-0.181098
0.255684,0.150740,-0.180099
0.254499,0.150591,-0.181838
0.254745,0.152960,-0.182218
0.253081,0.152804,-0.184059
0.251190,0.153288,-0.182281
0.248878,0.153926,-0.182199
0.249065,0.157026,-0.180476
0.246931,0.157950,-0.182550
0.245890,0.157526,-0.183327
0.246157,0.157837,-0.184142
0.244629,0.157810,-0.183932
0.241211,0.160105,-0.182786
0.240476,0.160472,-0.184334
0.239418,0.159181,-0.184332
0.239717,0.162076,-0.183749
0.237842,0.162253,-0.184492
0.235631,0.164888,-0.184132
0.234136,0.163797,-0.183116
0.230898,0.167140,-0.182452
0.233631,0.170192,-0.183578
0.230925,0.167953,-0.183366
0.230790,0.170096,-0.185286
0.228835,0.170579,-0.184577
0.227413,0.170653,-0.183291
0.228034,0.171962,-0.186058
0.226010,0.175294,-0.184249
0.222965,0.173557,-0.184610
0.223719,0.175827,-0.186221
0.219232,0.177212,-0.185450
0.218545,0.177289,-0.186923
0.219038,0.177624,-0.187724
0.218727,0.180253,-0.187067
0.215547,0.179683,-0.185310
0.214807,0.182236,-0.187984
0.214523,0.180969,-0.186092
0.211320,0.183762,-0.186843
0.210937,0.183372,-0.186736
0.209285,0.182923,-0.188081
0.209777,0.184413,-0.187129
0.205691,0.187537,-0.187397
0.205597,0.186741,-0.188986
0.203705,0.185706,-0.190932
0.202544,0.189362,-0.187742
0.200557,0.191646,-0.190058
0.199099,0.189522,-0.188506
0.197147,0.191232,-0.188751
0.196815,0.192713,-0.190384
0.195159,0.192902,-0.191771
0.195809,0.194073,-0.192551
0.192913,0.195845,-0.192146
0.191044,0.195712,-0.194055
0.190023,0.196869,-0.192428
0.187238,0.196793,-0.193803
0.187225,0.197733,-0.194839
0.185409,0.198558,-0.193750
0.182626,0.197540,-0.193566
0.181430,0.196121,-0.195563
0.180334,0.197675,-0.197264
0.178741,0.200374,-0.196408
0.175840,0.198324,-0.199199
0.174660,0.202051,-0.199286
0.174865,0.201537,-0.199485
0.170156,0.203136,-0.198633
0.170493,0.202441,-0.199461
0.169103,0.203808,-0.199467
0.166991,0.202773,-0.200753
0.164724,0.205158,-0.202051
0.164200,0.205522,-0.201551
0.160903,0.204252,-0.200675
0.161361,0.206507,-0.203179
0.160322,0.207552,-0.204979
0.156981,0.207822,-0.203082
0.154931,0.207361,-0.205612
0.152863,0.207557,-0.205023
0.152209,0.208905,-0.207174
0.150623,0.209549,-0.207295
0.149340,0.212611,-0.206301
0.144420,0.212021,-0.210435
0.143544,0.210404,-0.208642
0.141772,0.211930,-0.212238
0.139269,0.210536,-0.212290
0.137977,0.210697,-0.213234
0.136090,0.211667,-0.214090
0.132572,0.211609,-0.214804
0.131141,0.210687,-0.215340
0.127571,0.212628,-0.216522
0.125133,0.212510,-0.219551
0.124567,0.212690,-0.219294
0.121478,0.211587,-0.220951
0.117898,0.213003,-0.223796
0.116550,0.212602,-0.224616
0.113802,0.212579,-0.224882
0.111042,0.210340,-0.226082
0.111021,0.212998,-0.228852
0.107506,0.210541,-0.231360
0.106364,0.212471,-0.232156
0.101751,0.211283,-0.231568
0.099011,0.211160,-0.233266
0.098370,0.210712,-0.235144
0.095413,0.212484,-0.237339
0.091381,0.211030,-0.238633
0.089749,0.212579,-0.237746
0.088896,0.210699,-0.240971
0.084475,0.211358,-0.243606
0.083194,0.211846,-0.243946
0.079749,0.212939,-0.245406
0.077302,0.213450,-0.246151
0.076478,0.211462,-0.245632
0.076202,0.213415,-0.245304
0.071865,0.213640,-0.247684
0.069801,0.213367,-0.248702
0.067812,0.215921,-0.248672
0.067538,0.214069,-0.250058
0.065116,0.214119,-0.251750
0.062751,0.215833,-0.251713
0.060058,0.215913,-0.255307
0.058668,0.217377,-0.256255
0.056828,0.216329,-0.255780
0.055313,0.216727,-0.256584
0.053701,0.220527,-0.258125
0.051378,0.218622,-0.255212
0.050721,0.220375,-0.254874
0.048789,0.221292,-0.257205
0.048586,0.220681,-0.256536
0.045962,0.221234,-0.259272
0.041559,0.222511,-0.259197
0.039574,0.223933,-0.259857
0.286627,0.038679,-0.223788
0.287360,0.041088,-0.221788
0.287064,0.042440,-0.220834
0.287678,0.044583,-0.219967
0.288574,0.048385,-0.218598
0.288042,0.049870,-0.217357
0.288911,0.053627,-0.215390
0.289876,0.056340,-0.213538
0.289080,0.059732,-0.212557
0.290277,0.061759,-0.210332
0.288298,0.062483,-0.210186
0.290425,0.065691,-0.209788
0.289073,0.068250,-0.205199
0.290147,0.072016,-0.204740
0.290603,0.072271,-0.204607
0.290424,0.074215,-0.201503
0.289563,0.078519,-0.199962
0.289643,0.079845,-0.198728
0.291980,0.082288,-0.195807
0.290124,0.084483,-0.195294
0.292222,0.087899,-0.194810
0.292458,0.089734,-0.193823
0.290681,0.091244,-0.190833
0.294141,0.095255,-0.191342
0.291837,0.096595,-0.189086
0.292267,0.099444,-0.185585
0.293981,0.101531,-0.186499
0.293835,0.102412,-0.184470
0.293349,0.106072,-0.181774
0.294241,0.108890,-0.183012
0.292809,0.111696,-0.180535
0.292144,0.111151,-0.177776
0.292585,0.114566,-0.179178
0.292400,0.114337,-0.179433
0.291312,0.115856,-0.179114
0.290525,0.115824,-0.176756
0.290129,0.118323,-0.177795
0.287340,0.117050,-0.178014
0.287996,0.122156,-0.178034
0.286216,0.120634,-0.179369
0.284749,0.123169,-0.179441
0.282041,0.125091,-0.178822
0.282912,0.124791,-0.176787
0.279964,0.124933,-0.178500
0.281358,0.127839,-0.179242
0.279542,0.128498,-0.177822
0.278798,0.129177,-0.180447
0.278381,0.132087,-0.175911
0.274955,0.131273,-0.178710
0.274663,0.131921,-0.177879
0.273299,0.132960,-0.177319
0.272005,0.133099,-0.180910
0.269661,0.134982,-0.176884
0.269772,0.137825,-0.176494
0.269935,0.137805,-0.177247
0.267887,0.138468,-0.178639
0.267650,0.140011,-0.177583
0.266669,0.140705,-0.178950
0.262935,0.141106,-0.178257
0.263393,0.142691,-0.178012
0.262915,0.143366,-0.178759
0.259956,0.143636,-0.180072
0.261709,0.144605,-0.180199
0.257383,0.146440,-0.178812
0.256936,0.147005,-0.178406
0.257100,0.146522,-0.179317
0.255063,0.149378,-0.179542
0.252892,0.148100,-0.178802
0.253468,0.151249,-0.181154
0.250775,0.152295,-0.181255
0.250132,0.153211,-0.181871
0.249753,0.154536,-0.181170
0.245774,0.154424,-0.181184
0.246364,0.155024,-0.181281
0.245162,0.156972,-0.180840
0.242355,0.157740,-0.180489
0.241376,0.159928,-0.180676
0.241627,0.158849,-0.182216
0.239577,0.159569,-0.183064
0.238394,0.161266,-0.183118
0.238479,0.161812,-0.182565
0.236610,0.162430,-0.182889
0.237856,0.164487,-0.180841
0.234344,0.163641,-0.183427
0.233817,0.164742,-0.183355
0.232333,0.167756,-0.184825
0.231230,0.167332,-0.183246
0.228437,0.167408,-0.184192
0.228299,0.170177,-0.184305
0.226542,0.170111,-0.182474
0.224983,0.171499,-0.185183
0.224977,0.172203,-0.183314
0.222458,0.171770,-0.185503
0.222394,0.174509,-0.184007
0.220557,0.176037,-0.185390
0.219907,0.176544,-0.184090
0.217704,0.176100,-0.185422
0.215820,0.178726,-0.186288
0.213745,0.180086,-0.184388
0.216896,0.179370,-0.186029
0.213983,0.182261,-0.186003
0.209379,0.180288,-0.186020
0.209553,0.183795,-0.185169
0.207959,0.184610,-0.186279
0.206536,0.182686,-0.186695
0.206450,0.186376,-0.187660
0.205824,0.186128,-0.188480
0.202210,0.186580,-0.187674
0.202938,0.188108,-0.187176
0.199949,0.188690,-0.186074
0.199313,0.190132,-0.186929
0.198601,0.190565,-0.190132
0.197144,0.191468,-0.190123
0.196053,0.190331,-0.190712
0.192476,0.190303,-0.191188
0.191295,0.193883,-0.191149
0.190665,0.194715,-0.193260
0.188562,0.193680,-0.192548
0.187486,0.194457,-0.192385
0.186304,0.195137,-0.193027
0.184869,0.194556,-0.194667
0.181662,0.194516,-0.193665
0.181321,0.197375,-0.194841
0.176907,0.197568,-0.194577
0.179480,0.197554,-0.197053
0.176613,0.200639,-0.197639
0.174143,0.198995,-0.197131
0.170615,0.199608,-0.199239
0.171129,0.198107,-0.197396
0.169437,0.203306,-0.200601
0.168486,0.202974,-0.199396
0.163634,0.202549,-0.198513
0.162350,0.202714,-0.200002
0.162358,0.202431,-0.200841
0.160185,0.203562,-0.201050
0.159203,0.204905,-0.202815
0.156185,0.204530,-0.204091
0.156368,0.206771,-0.202833
0.154597,0.206383,-0.203110
0.153360,0.209003,-0.204303
0.150897,0.207464,-0.204823
0.148962,0.207939,-0.206111
0.146426,0.207832,-0.207297
0.145933,0.209342,-0.207872
0.142355,0.208491,-0.209761
0.138120,0.208927,-0.209938
0.139265,0.209379,-0.210257
0.135732,0.208564,-0.211707
0.132819,0.210071,-0.214607
0.132649,0.210359,-0.215349
0.129939,0.209194,-0.216181
0.127526,0.212363,-0.216800
0.125388,0.210425,-0.219006
0.123426,0.208846,-0.219710
0.120322,0.211577,-0.220490
0.117631,0.210786,-0.221933
0.114792,0.211028,-0.222372
0.113145,0.210882,-0.226408
0.111049,0.209907,-0.227141
0.108418,0.210947,-0.225909
0.106325,0.208971,-0.229117
0.104036,0.208833,-0.231103
0.102370,0.210889,-0.230997
0.098069,0.212304,-0.236882
0.096631,0.210550,-0.236516
0.092904,0.211237,-0.237529
0.090569,0.211419,-0.237085
0.089478,0.211769,-0.240312
0.086369,0.210073,-0.240626
0.083474,0.209523,-0.242415
0.081744,0.210727,-0.243042
0.078661,0.213740,-0.243810
0.076583,0.212806,-0.244599
0.074457,0.212999,-0.244075
0.070819,0.210089,-0.247162
0.071085,0.212927,-0.248182
0.069047,0.212506,-0.248384
0.064787,0.212433,-0.250109
0.067037,0.214100,-0.249237
0.063250,0.215607,-0.250198
0.060577,0.214428,-0.251917
0.059853,0.215618,-0.253063
0.059098,0.215593,-0.252332
0.054804,0.218113,-0.253539
0.054447,0.217620,-0.254512
0.052307,0.216745,-0.254101
0.049884,0.217788,-0.256821
0.049388,0.219351,-0.255648
0.047902,0.219556,-0.256831
0.046626,0.219238,-0.257579
0.044641,0.222191,-0.257542
0.043387,0.220738,-0.260201
0.041741,0.221942,-0.259443
0.287118,0.037541,-0.221001
0.286284,0.039829,-0.220142
0.288208,0.041821,-0.217747
0.286937,0.045433,-0.217014
0.285734,0.045608,-0.216885
0.286805,0.049957,-0.214694
0.287632,0.053011,-0.214056
0.288085,0.055814,-0.214261
0.287942,0.058466,-0.209919
0.289339,0.059406,-0.208016
0.290101,0.059851,-0.208261
0.290002,0.065664,-0.205186
0.289947,0.067383,-0.204164
0.290789,0.070748,-0.202939
0.289337,0.073365,-0.202062
0.290624,0.073900,-0.200826
0.292176,0.077880,-0.198628
0.292429,0.080404,-0.196920
0.290550,0.082343,-0.195538
0.290775,0.083957,-0.193056
0.290748,0.087101,-0.196131
0.291448,0.088432,-0.190126
0.293248,0.091597,-0.189913
0.292405,0.094325,-0.187067
0.292794,0.094891,-0.187269
0.292967,0.098346,-0.185608
0.291865,0.101698,-0.183609
0.292979,0.101932,-0.183508
0.292325,0.105623,-0.179621
0.292967,0.107832,-0.180337
0.291713,0.108787,-0.178701
0.291731,0.110300,-0.179834
0.291037,0.113629,-0.177989
0.289073,0.113989,-0.178218
0.290158,0.114803,-0.179249
0.289693,0.114516,-0.177149
0.286938,0.117681,-0.177147
0.287437,0.117144,-0.178072
0.284813,0.119934,-0.178129
0.284500,0.121185,-0.176237
0.282672,0.121155,-0.177772
0.282828,0.121762,-0.175813
0.280578,0.123111,-0.177245
0.280891,0.124791,-0.176961
0.280790,0.126790,-0.176879
0.277897,0.125486,-0.175289
0.277713,0.127139,-0.176634
0.276573,0.128737,-0.178279
0.272943,0.130881,-0.176350
0.275647,0.130805,-0.176259
0.271837,0.131602,-0.178440
0.269308,0.131228,-0.176577
0.267531,0.134140,-0.178319
0.269517,0.136332,-0.177606
0.268495,0.137523,-0.179043
0.266379,0.138422,-0.177533
0.265016,0.137192,-0.176476
0.264616,0.140163,-0.176724
0.264405,0.141021,-0.177352
0.263232,0.142163,-0.177643
0.260560,0.142383,-0.179281
0.260770,0.142327,-0.179250
0.259771,0.142408,-0.178676
0.256685,0.147197,-0.179450
0.256895,0.146649,-0.178789
0.253398,0.146618,-0.177837
0.252632,0.149384,-0.178716
0.253652,0.149290,-0.178473
0.249904,0.150553,-0.178352
0.249382,0.149956,-0.178545
0.247220,0.150663,-0.178291
0.246813,0.153129,-0.179641
0.247640,0.155448,-0.179798
0.245390,0.155483,-0.180861
0.243360,0.156089,-0.182042
0.242336,0.156182,-0.181332
0.238321,0.156720,-0.182073
0.240430,0.158895,-0.180933
0.239297,0.157812,-0.182335
0.238064,0.160155,-0.181411
0.237924,0.159712,-0.181757
0.234742,0.162659,-0.180871
0.234093,0.164211,-0.182129
0.232686,0.162715,-0.182228
0.230922,0.165290,-0.184124
0.231253,0.167019,-0.183417
0.229333,0.166066,-0.183300
0.228456,0.165489,-0.183599
0.226502,0.165478,-0.183991
0.223919,0.169343,-0.183446
0.224280,0.172114,-0.184812
0.223143,0.172225,-0.181972
0.222515,0.171263,-0.183963
0.221727,0.173646,-0.184331
0.218666,0.174890,-0.183777
0.217510,0.175311,-0.184212
0.216886,0.175709,-0.185121
0.215909,0.176933,-0.185090
0.214281,0.178162,-0.183475
0.213344,0.177384,-0.183776
0.211966,0.179467,-0.185238
0.209194,0.179787,-0.185900
0.209184,0.180349,-0.184831
0.206234,0.182940,-0.184930
0.208128,0.182161,-0.186667
0.205082,0.183033,-0.184375
0.201991,0.184290,-0.187835
0.203343,0.187881,-0.186978
0.201670,0.187115,-0.187570
0.198839,0.187435,-0.186668
0.198213,0.187579,-0.188703
0.197950,0.190132,-0.188991
0.196103,0.189377,-0.188850
0.195017,0.190489,-0.189109
0.190732,0.190985,-0.189290
0.191596,0.192825,-0.189673
0.189812,0.191698,-0.191468
0.187742,0.192713,-0.189861
0.186223,0.193856,-0.190666
0.183935,0.194293,-0.190531
0.184425,0.195141,-0.192770
0.180766,0.196144,-0.192349
0.178658,0.197082,-0.191912
0.178295,0.197152,-0.195060
0.175179,0.197268,-0.194057
0.174559,0.198680,-0.195872
0.173956,0.197720,-0.196442
0.168449,0.201125,-0.197566
0.168660,0.200662,-0.196772
0.167881,0.201802,-0.196815
0.165072,0.199914,-0.200025
0.165504,0.201700,-0.201280
0.163743,0.201115,-0.200122
0.160800,0.202275,-0.198858
0.160331,0.204707,-0.200306
0.157854,0.205041,-0.201573
0.157930,0.205238,-0.202330
0.153998,0.205599,-0.203578
0.153087,0.206127,-0.204114
0.151340,0.205129,-0.204241
0.148870,0.206462,-0.203101
0.145827,0.208332,-0.206947
0.143850,0.207358,-0.207433
0.143574,0.208899,-0.207715
0.140481,0.207641,-0.209166
0.138124,0.209469,-0.207610
0.137109,0.208145,-0.209996
0.133646,0.208590,-0.211781
0.132557,0.210251,-0.212835
0.130291,0.208695,-0.213467
0.130495,0.210108,-0.216970
0.126086,0.209073,-0.217462
0.122268,0.210684,-0.219455
0.121296,0.209312,-0.219819
0.119463,0.207885,-0.220153
0.117296,0.208005,-0.222172
0.113395,0.209214,-0.223012
0.110568,0.210700,-0.222884
0.110390,0.208246,-0.225279
0.107692,0.208287,-0.224878
0.105271,0.210297,-0.227931
0.102973,0.208738,-0.231074
0.099425,0.207927,-0.232248
0.097219,0.208604,-0.233557
0.094362,0.209557,-0.233511
0.090907,0.208624,-0.234551
0.091169,0.209391,-0.237737
0.087084,0.209710,-0.237468
0.084105,0.210044,-0.237705
0.082700,0.209326,-0.241014
0.080079,0.209049,-0.239976
0.076838,0.211137,-0.242235
0.076351,0.211430,-0.244440
0.075007,0.210978,-0.245244
0.070243,0.211969,-0.246700
0.069674,0.210060,-0.246515
0.066550,0.211040,-0.247865
0.066187,0.212738,-0.248479
0.064009,0.212817,-0.250291
0.062047,0.214918,-0.248789
0.057240,0.211169,-0.251012
0.058276,0.214916,-0.250646
0.056364,0.213947,-0.253961
0.055589,0.213942,-0.252485
0.052611,0.215464,-0.253598
0.050482,0.216217,-0.254207
0.049626,0.216559,-0.256689
0.048791,0.219037,-0.255821
0.044079,0.218020,-0.254830
0.043762,0.218406,-0.256420
0.042035,0.217980,-0.257710
0.040004,0.220445,-0.257071
0.284268,0.032990,-0.223542
0.283383,0.038179,-0.219585
0.285286,0.039604,-0.220540
0.284870,0.043007,-0.217288
0.288335,0.044167,-0.216027
0.287105,0.047343,-0.212889
0.286876,0.051827,-0.213573
0.287935,0.052212,-0.210745
0.288357,0.055066,-0.209820
0.286432,0.057219,-0.207443
0.288775,0.061181,-0.206722
0.287044,0.061335,-0.207524
0.288406,0.065042,-0.203143
0.288233,0.066558,-0.202944
0.290932,0.067161,-0.200443
0.288712,0.071418,-0.199112
0.291130,0.073589,-0.197579
0.291260,0.077262,-0.195791
0.289339,0.078020,-0.195841
0.291079,0.080548,-0.194641
0.290888,0.082412,-0.191714
0.289375,0.086179,-0.191013
0.290695,0.087396,-0.189096
0.291945,0.091580,-0.187362
0.290540,0.093481,-0.185960
0.293582,0.095465,-0.184613
0.291104,0.095259,-0.182982
0.292788,0.100899,-0.183196
0.290485,0.102997,-0.180036
0.292136,0.104005,-0.180638
0.290834,0.106973,-0.178628
0.290685,0.107473,-0.178596
0.291646,0.107307,-0.178268
0.289867,0.110472,-0.178167
0.289777,0.110317,-0.176614
0.288830,0.113745,-0.179378
0.288884,0.114389,-0.178629
0.285972,0.116621,-0.175570
0.285462,0.115580,-0.176406
0.284622,0.117332,-0.178093
0.282964,0.119958,-0.177786
0.280582,0.122173,-0.174456
0.281248,0.122976,-0.176510
0.279349,0.122457,-0.176280
0.278483,0.123940,-0.176366
0.278662,0.126192,-0.176257
0.277898,0.127339,-0.176627
0.275443,0.128724,-0.176957
0.273500,0.126555,-0.174880
0.271213,0.129326,-0.176210
0.273359,0.131084,-0.174949
0.272115,0.130691,-0.176459
0.270263,0.131707,-0.177909
0.270015,0.134594,-0.175416
0.267812,0.134174,-0.176665
0.267800,0.136288,-0.178051
0.265434,0.134228,-0.176168
0.264180,0.138084,-0.176664
0.264585,0.138685,-0.179315
0.263450,0.138268,-0.177093
0.261506,0.140933,-0.176378
0.259776,0.141644,-0.175645
0.259058,0.142340,-0.175088
0.257959,0.143360,-0.177178
0.254864,0.145708,-0.176696
0.255696,0.145267,-0.178975
0.255018,0.146564,-0.179082
0.253880,0.147461,-0.178251
0.251357,0.147500,-0.179153
0.249342,0.148770,-0.178093
0.248812,0.149354,-0.178547
0.247151,0.149281,-0.177239
0.245744,0.152184,-0.179323
0.244174,0.152217,-0.179055
0.244762,0.155317,-0.180248
0.244329,0.153848,-0.178999
0.241590,0.157192,-0.178840
0.241264,0.157202,-0.179141
0.240710,0.156265,-0.178884
0.237576,0.158737,-0.181168
0.236368,0.159175,-0.180250
0.236170,0.158902,-0.180126
0.235706,0.162383,-0.180970
0.232900,0.161205,-0.178821
0.231470,0.161006,-0.179842
0.231390,0.164427,-0.180049
0.227549,0.165259,-0.182480
0.228024,0.164906,-0.181885
0.228206,0.166349,-0.182001
0.225889,0.167921,-0.181680
0.224522,0.167060,-0.183130
0.223181,0.168821,-0.180514
0.220785,0.171588,-0.181281
0.220052,0.172476,-0.179524
0.219221,0.171663,-0.181682
0.217449,0.174696,-0.183456
0.218567,0.174450,-0.183317
0.216269,0.175000,-0.182931
0.214571,0.175370,-0.183305
0.212670,0.176931,-0.184118
0.211027,0.176708,-0.182524
0.210789,0.179567,-0.183086
0.209164,0.179952,-0.182975
0.208674,0.180409,-0.184336
0.206714,0.182560,-0.183986
0.206653,0.184009,-0.184760
0.203234,0.182215,-0.185123
0.203164,0.184112,-0.183573
0.202124,0.185652,-0.185633
0.199041,0.186872,-0.184848
0.197581,0.186796,-0.185694
0.195997,0.186555,-0.187147
0.196039,0.187808,-0.188703
0.192602,0.190357,-0.186800
0.193777,0.189235,-0.187596
0.190338,0.190888,-0.188666
0.188901,0.192591,-0.188487
0.188820,0.192202,-0.188271
0.183769,0.191103,-0.190092
0.183495,0.192365,-0.190671
0.184467,0.192635,-0.191175
0.180374,0.193057,-0.192257
0.179548,0.195410,-0.192585
0.178076,0.195385,-0.193124
0.176900,0.193690,-0.194300
0.172939,0.196334,-0.194850
0.173133,0.195817,-0.194785
0.171774,0.197151,-0.194888
0.170797,0.197524,-0.195258
0.169019,0.199317,-0.197234
0.167716,0.199998,-0.196623
0.164477,0.198229,-0.194949
0.164445,0.200914,-0.196941
0.161337,0.200803,-0.197467
0.160136,0.201566,-0.197718
0.157558,0.202136,-0.199841
0.155886,0.204740,-0.200203
0.155592,0.205218,-0.199650
0.153341,0.203982,-0.201420
0.152560,0.203537,-0.203021
0.148406,0.204390,-0.202077
0.147228,0.205180,-0.202909
0.145487,0.205943,-0.204052
0.143398,0.205778,-0.204730
0.142172,0.203904,-0.206082
0.139925,0.206924,-0.207066
0.137958,0.207931,-0.209471
0.135419,0.208418,-0.207782
0.134053,0.206552,-0.211128
0.130265,0.207894,-0.212461
0.128609,0.208391,-0.213230
0.127369,0.209082,-0.213447
0.123429,0.207258,-0.215651
0.121574,0.206986,-0.218129
0.120523,0.208526,-0.216704
0.117774,0.206501,-0.221109
0.115729,0.208320,-0.222940
0.113438,0.206717,-0.223438
0.109402,0.208552,-0.223865
0.107318,0.208438,-0.223755
0.105451,0.208668,-0.227878
0.101698,0.207860,-0.227251
0.099883,0.205943,-0.229618
0.098580,0.206261,-0.230714
0.095396,0.208270,-0.233020
0.091171,0.207897,-0.233135
0.091036,0.206991,-0.233917
0.087386,0.207888,-0.236315
0.086040,0.208696,-0.239721
0.083854,0.207238,-0.237990
0.082045,0.207310,-0.240435
0.079917,0.209810,-0.239758
0.074967,0.209347,-0.240651
0.073983,0.209503,-0.242691
0.072839,0.208890,-0.244249
0.070201,0.208257,-0.247696
0.067933,0.209533,-0.246836
0.065082,0.210649,-0.247570
0.063590,0.212626,-0.246641
0.062771,0.210627,-0.249459
0.059316,0.211053,-0.250366
0.060174,0.212315,-0.249767
0.055799,0.210825,-0.250633
0.055171,0.215312,-0.253123
0.051659,0.214299,-0.251695
0.049140,0.216432,-0.251465
0.048645,0.215989,-0.254395
0.050094,0.215845,-0.253389
0.046456,0.216850,-0.254879
0.044408,0.217290,-0.256437
0.041949,0.219475,-0.256495
0.038905,0.217927,-0.257974
0.037721,0.218507,-0.257154
0.283059,0.034456,-0.224417
0.287576,0.034995,-0.219376
0.286258,0.039361,-0.215027
0.286447,0.041557,-0.212678
0.286616,0.045710,-0.212885
0.286270,0.047568,-0.214379
0.285933,0.049468,-0.209972
0.288686,0.051795,-0.209908
0.286224,0.053356,-0.208630
0.287776,0.057997,-0.205033
0.287708,0.058660,-0.205400
0.287542,0.060484,-0.202937
0.287180,0.064861,-0.202347
0.288623,0.066942,-0.200110
0.288609,0.069860,-0.200216
0.288384,0.072316,-0.198441
0.290070,0.073915,-0.197397
0.289512,0.077713,-0.193947
0.288606,0.078955,-0.194877
0.291331,0.080727,-0.191364
0.289727,0.083942,-0.191443
0.290587,0.085858,-0.188129
0.292289,0.087078,-0.187268
0.292191,0.091048,-0.188280
0.291368,0.092795,-0.185719
0.290065,0.095154,-0.182119
0.291814,0.096887,-0.183058
0.290887,0.099095,-0.178567
0.292076,0.101744,-0.178335
0.292633,0.106062,-0.178554
0.289174,0.105242,-0.176969
0.288151,0.106057,-0.179401
0.287884,0.108830,-0.176183
0.287639,0.108683,-0.174845
0.288509,0.110758,-0.175943
0.285096,0.111816,-0.175346
0.284552,0.114124,-0.174136
0.284339,0.114624,-0.175897
0.282995,0.116081,-0.176939
0.282980,0.117291,-0.175785
0.280320,0.116350,-0.174541
0.280898,0.119494,-0.176600
0.278469,0.120940,-0.172959
0.279424,0.118447,-0.175581
0.279011,0.123545,-0.174492
0.278302,0.124148,-0.175378
0.276976,0.125743,-0.173986
0.273966,0.125823,-0.177742
0.273605,0.129418,-0.174052
0.270428,0.128852,-0.174616
0.271492,0.129346,-0.175009
0.270041,0.132260,-0.176536
0.267964,0.131541,-0.174848
0.267368,0.133487,-0.174965
0.267031,0.131434,-0.174765
0.263438,0.132562,-0.175664
0.263733,0.135243,-0.175097
0.263353,0.137152,-0.174344
0.263660,0.137462,-0.176478
0.259835,0.138420,-0.175948
0.260412,0.142788,-0.175850
0.260008,0.140308,-0.177228
0.259263,0.141967,-0.174963
0.255493,0.141985,-0.177726
0.256783,0.143308,-0.177141
0.254740,0.143703,-0.175683
0.251859,0.144374,-0.176797
0.252779,0.146370,-0.176340
0.249590,0.147853,-0.176828
0.248742,0.147549,-0.177880
0.248728,0.148143,-0.176875
0.248628,0.149907,-0.176284
0.245416,0.150911,-0.176352
0.243391,0.151760,-0.178362
0.243440,0.154908,-0.177537
0.243917,0.153597,-0.176556
0.241380,0.156485,-0.178168
0.240044,0.154919,-0.178836
0.238314,0.156413,-0.178876
0.236331,0.157098,-0.179089
0.235242,0.157264,-0.181795
0.234364,0.158809,-0.180678
0.233564,0.161172,-0.179808
0.233504,0.160866,-0.179473
0.230780,0.161559,-0.181449
0.230363,0.162270,-0.180507
0.227589,0.162894,-0.179458
0.229300,0.162865,-0.180431
0.226224,0.164500,-0.181533
0.226072,0.166415,-0.180543
0.222816,0.168637,-0.179835
0.220348,0.166403,-0.180311
0.221133,0.170346,-0.182899
0.218959,0.169970,-0.180695
0.218462,0.172434,-0.180398
0.217412,0.171151,-0.184403
0.215429,0.173399,-0.181245
0.215080,0.173250,-0.183142
0.213896,0.174074,-0.182680
0.212608,0.176665,-0.181628
0.210068,0.175474,-0.185158
0.209452,0.177383,-0.180047
0.206675,0.177412,-0.181722
0.207191,0.180634,-0.184011
0.206463,0.180010,-0.183272
0.204080,0.181978,-0.183005
0.202901,0.180731,-0.183791
0.201117,0.182551,-0.182925
0.199274,0.185002,-0.185278
0.199444,0.184848,-0.184166
0.199286,0.186675,-0.185344
0.195723,0.186346,-0.186919
0.195522,0.186797,-0.186792
0.193159,0.189742,-0.185793
0.191897,0.188738,-0.187375
0.189784,0.188693,-0.188821
0.188344,0.190386,-0.188447
0.185749,0.189777,-0.189979
0.186587,0.191969,-0.186530
0.182608,0.190827,-0.190340
0.183011,0.193934,-0.189484
0.181239,0.193500,-0.190472
0.177478,0.193912,-0.190954
0.177407,0.194391,-0.193076
0.174837,0.192796,-0.194479
0.173175,0.195456,-0.191144
0.172584,0.195649,-0.194310
0.170327,0.194859,-0.194696
0.169146,0.198451,-0.194448
0.167425,0.199560,-0.196038
0.166299,0.198728,-0.196196
0.163829,0.200559,-0.194994
0.163012,0.200265,-0.197683
0.161640,0.200450,-0.197389
0.159226,0.201807,-0.199580
0.157830,0.201277,-0.200315
0.156628,0.201460,-0.198778
0.153377,0.202406,-0.199919
0.151853,0.204724,-0.201996
0.149847,0.205156,-0.200807
0.148619,0.205294,-0.200943
0.145271,0.204180,-0.203642
0.144492,0.205548,-0.204408
0.143307,0.204051,-0.206139
0.141616,0.205481,-0.205043
0.140085,0.204427,-0.204188
0.139337,0.205773,-0.207369
0.133952,0.205153,-0.208778
0.130769,0.205889,-0.208702
0.131587,0.207083,-0.212477
0.126253,0.204814,-0.212406
0.124764,0.205684,-0.214074
0.121977,0.206874,-0.215029
0.119603,0.205318,-0.216651
0.118163,0.206228,-0.218358
0.114377,0.208080,-0.218825
0.113464,0.205807,-0.219590
0.109149,0.205210,-0.221765
0.108256,0.207180,-0.223689
0.103947,0.206662,-0.223375
0.103423,0.206420,-0.225320
0.100761,0.205744,-0.227996
0.098670,0.204149,-0.229152
0.096994,0.206751,-0.229359
0.092027,0.205868,-0.231147
0.090821,0.205387,-0.233419
0.090408,0.206627,-0.233785
0.086422,0.206890,-0.236217
0.086262,0.207100,-0.237795
0.082783,0.206316,-0.237765
0.080740,0.207510,-0.240451
0.078847,0.206339,-0.240044
0.074769,0.206850,-0.242071
0.073610,0.208738,-0.242322
0.071410,0.207261,-0.241692
0.069814,0.208431,-0.245286
0.065649,0.206797,-0.245831
0.064223,0.207917,-0.245010
0.064635,0.211666,-0.245918
0.060917,0.209680,-0.246387
0.059743,0.211736,-0.247884
0.056593,0.212011,-0.250891
0.054851,0.211529,-0.250798
0.052539,0.211707,-0.250650
0.051512,0.213080,-0.251961
0.050594,0.214536,-0.251410
0.047771,0.213012,-0.253431
0.045175,0.214471,-0.253981
0.044281,0.214470,-0.254274
0.041838,0.215277,-0.255316
0.041234,0.215162,-0.257274
0.039152,0.218476,-0.257139
0.284565,0.031852,-0.221008
0.282132,0.034923,-0.217145
0.286383,0.039320,-0.216369
0.287843,0.040551,-0.214241
0.288617,0.045229,-0.211186
0.287057,0.045815,-0.209107
0.288594,0.047670,-0.209492
0.286826,0.052088,-0.205972
0.287555,0.054550,-0.206949
0.286856,0.056601,-0.205328
0.287174,0.059323,-0.203846
0.287993,0.059787,-0.201600
0.288507,0.064432,-0.199656
0.287499,0.065383,-0.197636
0.288270,0.068666,-0.199172
0.287878,0.071827,-0.196101
0.288335,0.071742,-0.192866
0.289995,0.076428,-0.192310
0.288869,0.077322,-0.190867
0.289891,0.079987,-0.190873
0.291236,0.082460,-0.189743
0.290058,0.084493,-0.187630
0.288605,0.088626,-0.185789
0.292173,0.091097,-0.185149
0.290126,0.093679,-0.184374
0.292076,0.093536,-0.180726
0.291988,0.097329,-0.180054
0.293690,0.096685,-0.178981
0.289650,0.100669,-0.176671
0.290244,0.102013,-0.177067
0.289654,0.102933,-0.178085
0.287585,0.102812,-0.174962
0.288675,0.106581,-0.176473
0.286132,0.108048,-0.175213
0.285696,0.109876,-0.174940
0.284134,0.110865,-0.177499
0.283213,0.112643,-0.174869
0.286934,0.114081,-0.176322
0.282794,0.114998,-0.175325
0.281519,0.116513,-0.173742
0.283716,0.117704,-0.173128
0.280853,0.119121,-0.174983
0.277184,0.119529,-0.173850
0.280106,0.119100,-0.173869
0.276907,0.122837,-0.173828
0.276209,0.122173,-0.175718
0.274865,0.125344,-0.175135
0.274908,0.124277,-0.173982
0.271609,0.125637,-0.173588
0.269982,0.126900,-0.174529
0.271015,0.127864,-0.174116
0.270409,0.129239,-0.174939
0.267547,0.129987,-0.174064
0.265465,0.131122,-0.174521
0.266539,0.132415,-0.175479
0.266058,0.132734,-0.174361
0.265201,0.135611,-0.175309
0.262814,0.134438,-0.174076
0.261215,0.137181,-0.175903
0.259602,0.137713,-0.175064
0.259820,0.139032,-0.174691
0.258134,0.140185,-0.173606
0.257372,0.141135,-0.175352
0.255870,0.142948,-0.176267
0.254285,0.143738,-0.175123
0.254113,0.141568,-0.176472
0.251819,0.145167,-0.175973
0.248777,0.145445,-0.175131
0.251218,0.148006,-0.175472
0.248921,0.147927,-0.176706
0.247295,0.148842,-0.176272
0.245861,0.149625,-0.177233
0.244347,0.149045,-0.177207
0.243143,0.152395,-0.177154
0.243267,0.152064,-0.177037
0.241928,0.153044,-0.176757
0.241314,0.153097,-0.177718
0.237966,0.154513,-0.179896
0.237934,0.153845,-0.177289
0.234717,0.157812,-0.178217
0.232960,0.156861,-0.176736
0.234161,0.157525,-0.179425
0.231844,0.160454,-0.179767
0.230187,0.158161,-0.177823
0.230004,0.162032,-0.177873
0.228371,0.161351,-0.179156
0.228660,0.160947,-0.179863
0.225719,0.163576,-0.178455
0.225607,0.163929,-0.179223
0.224025,0.166514,-0.179953
0.222148,0.164425,-0.180272
0.221974,0.167844,-0.180766
0.220611,0.169487,-0.180800
0.217536,0.169804,-0.180566
0.216935,0.169599,-0.181136
0.216877,0.170633,-0.181528
0.214719,0.173033,-0.181894
0.212208,0.173597,-0.179670
0.212124,0.173780,-0.181627
0.211664,0.174952,-0.180526
0.210264,0.173915,-0.182326
0.206303,0.176379,-0.181423
0.205514,0.176904,-0.180889
0.206819,0.177290,-0.180957
0.204993,0.179223,-0.182142
0.203260,0.180081,-0.182430
0.203199,0.180690,-0.183267
0.198865,0.182244,-0.183288
0.199590,0.182678,-0.183434
0.197080,0.183031,-0.183654
0.194780,0.185179,-0.183696
0.194231,0.185164,-0.184335
0.194083,0.185206,-0.184617
0.192059,0.186716,-0.184872
0.191204,0.187256,-0.184811
0.188257,0.189127,-0.187370
0.186916,0.189106,-0.187674
0.186564,0.190086,-0.188355
0.184100,0.191375,-0.187758
0.183319,0.191865,-0.189725
0.181750,0.192258,-0.190518
0.177123,0.189960,-0.190089
0.177027,0.192400,-0.190649
0.175089,0.192159,-0.190415
0.175324,0.194990,-0.191264
0.170754,0.193841,-0.194177
0.172840,0.194900,-0.193593
0.168709,0.194735,-0.191926
0.168513,0.196248,-0.193316
0.165458,0.196580,-0.194121
0.163501,0.196851,-0.193970
0.164833,0.199230,-0.193207
0.161615,0.199136,-0.195729
0.160347,0.200858,-0.197416
0.157017,0.200959,-0.196385
0.158607,0.199188,-0.197037
0.154642,0.200472,-0.197666
0.153340,0.202437,-0.200495
0.148934,0.203403,-0.199719
0.150294,0.202609,-0.201280
0.146485,0.204167,-0.201443
0.145573,0.202453,-0.202065
0.141611,0.203934,-0.203977
0.141972,0.203933,-0.204901
0.139561,0.202917,-0.206639
0.137881,0.203291,-0.206484
0.136672,0.203634,-0.206203
0.131867,0.206120,-0.207779
0.131037,0.205617,-0.212263
0.127944,0.205201,-0.212023
0.124960,0.205053,-0.209762
0.124211,0.205841,-0.213888
0.120502,0.204894,-0.214494
0.120294,0.205281,-0.216728
0.116575,0.204277,-0.218012
0.114805,0.205089,-0.218509
0.112232,0.205642,-0.219641
0.108362,0.204169,-0.219984
0.106585,0.205383,-0.222773
0.102751,0.204438,-0.225769
0.102054,0.203569,-0.225100
0.099203,0.205918,-0.225431
0.095581,0.205535,-0.228619
0.093662,0.204595,-0.230112
0.092395,0.204709,-0.230078
0.087957,0.205901,-0.230470
0.088622,0.205822,-0.234541
0.085115,0.203535,-0.233885
0.083410,0.204946,-0.236597
0.079990,0.207835,-0.236709
0.078187,0.206119,-0.238140
0.075022,0.204593,-0.238249
0.074410,0.205937,-0.241291
0.071935,0.205744,-0.239940
0.069355,0.206167,-0.244626
0.066396,0.207944,-0.242224
0.064907,0.207215,-0.243802
0.063793,0.208937,-0.245607
0.061886,0.206193,-0.247128
0.057750,0.209230,-0.245378
0.057165,0.208230,-0.247185
0.054929,0.209928,-0.249116
0.054186,0.210399,-0.248839
0.052011,0.211653,-0.249298
0.050250,0.210619,-0.249985
0.049791,0.210956,-0.249183
0.047913,0.212149,-0.252603
0.045097,0.214081,-0.253138
0.041324,0.214286,-0.253120
0.041027,0.211990,-0.252838
0.039569,0.212831,-0.256953
0.282113,0.032721,-0.217025
0.285217,0.034983,-0.215768
0.285969,0.038104,-0.212452
0.285302,0.042011,-0.210643
0.284732,0.045512,-0.210454
0.285681,0.045293,-0.208847
0.285035,0.047610,-0.204485
0.286282,0.053113,-0.205548
0.285362,0.055685,-0.203761
0.287949,0.055395,-0.203057
0.287580,0.058402,-0.199860
0.287139,0.061289,-0.199715
0.286554,0.062619,-0.199260
0.289436,0.064385,-0.196973
0.287790,0.067632,-0.196168
0.288114,0.070294,-0.193863
0.287527,0.071936,-0.190773
0.287021,0.074542,-0.192776
0.287064,0.077729,-0.191481
0.286962,0.079845,-0.188426
0.289489,0.082297,-0.187945
0.289107,0.084731,-0.187641
0.288777,0.086836,-0.183599
0.290140,0.089347,-0.181855
0.290860,0.090223,-0.181590
0.291398,0.093041,-0.181991
0.290297,0.096714,-0.182521
0.288899,0.097060,-0.176563
0.290580,0.098644,-0.176155
0.288831,0.101696,-0.177806
0.288931,0.103917,-0.176749
0.287842,0.104602,-0.176438
0.285714,0.105135,-0.175765
0.285988,0.106482,-0.175717
0.284218,0.110230,-0.174599
0.284266,0.109192,-0.173370
0.283104,0.110857,-0.175322
0.283214,0.109746,-0.174104
0.282341,0.113896,-0.173774
0.281032,0.115542,-0.175309
0.279608,0.117226,-0.173239
0.278473,0.115998,-0.173939
0.276122,0.119158,-0.173639
0.275383,0.119501,-0.172198
0.273902,0.121688,-0.173724
0.274367,0.122580,-0.172490
0.273512,0.122928,-0.173038
0.272799,0.125222,-0.172905
0.269983,0.125262,-0.172615
0.270701,0.126727,-0.172493
0.269744,0.128320,-0.173230
0.269675,0.127464,-0.173750
0.268772,0.130283,-0.171396
0.264488,0.130071,-0.173863
0.264551,0.131352,-0.172981
0.262954,0.133366,-0.173788
0.262902,0.132542,-0.175084
0.261613,0.133995,-0.173248
0.258798,0.137176,-0.174122
0.259784,0.135628,-0.173550
0.256411,0.137425,-0.175080
0.257188,0.140416,-0.174186
0.256724,0.139874,-0.173068
0.255107,0.138601,-0.172482
0.252536,0.141255,-0.173934
0.252077,0.141460,-0.172328
0.251288,0.141889,-0.174217
0.249987,0.142367,-0.174642
0.248066,0.144649,-0.174236
0.248064,0.144866,-0.175309
0.245595,0.148124,-0.175104
0.246660,0.148251,-0.174366
0.242214,0.149706,-0.174809
0.241611,0.150832,-0.173733
0.240316,0.152140,-0.174569
0.239624,0.151948,-0.174799
0.239098,0.154220,-0.176935
0.236631,0.153535,-0.174559
0.237741,0.156091,-0.175584
0.235726,0.154728,-0.174380
0.233049,0.156244,-0.176944
0.232750,0.157635,-0.177036
0.230871,0.157373,-0.175704
0.231097,0.158111,-0.176603
0.228612,0.159861,-0.178108
0.228110,0.160708,-0.176410
0.226944,0.160886,-0.178193
0.224731,0.161259,-0.177778
0.221634,0.163415,-0.178269
0.223133,0.165218,-0.178300
0.220813,0.165520,-0.177386
0.220091,0.166433,-0.179162
0.219376,0.167999,-0.180123
0.219230,0.167686,-0.178379
0.215767,0.168996,-0.179827
0.215666,0.172292,-0.179637
0.213126,0.171179,-0.180413
0.210429,0.170269,-0.180180
0.210532,0.173047,-0.178879
0.209984,0.174266,-0.180638
0.209613,0.175580,-0.178011
0.207113,0.176066,-0.180834
0.204738,0.176141,-0.181722
0.204237,0.180341,-0.180269
0.202785,0.178592,-0.181422
0.202726,0.178983,-0.182401
0.201755,0.181488,-0.181267
0.200027,0.180783,-0.183325
0.198274,0.183080,-0.181009
0.196385,0.181321,-0.182561
0.195657,0.184116,-0.181320
0.193459,0.184741,-0.183492
0.191626,0.184297,-0.183964
0.189662,0.185908,-0.183537
0.188146,0.187389,-0.183169
0.188030,0.185500,-0.184883
0.188891,0.190567,-0.185484
0.184707,0.186506,-0.187202
0.184289,0.189512,-0.186238
0.181337,0.189691,-0.188593
0.180302,0.188660,-0.189422
0.177896,0.191089,-0.188695
0.176137,0.192923,-0.188179
0.174647,0.191944,-0.189599
0.173412,0.192872,-0.189236
0.171012,0.193073,-0.191713
0.169739,0.193465,-0.191695
0.168675,0.196107,-0.191253
0.165381,0.194367,-0.192419
0.163986,0.195754,-0.191490
0.163229,0.196000,-0.193468
0.161265,0.195141,-0.194794
0.161331,0.196156,-0.193120
0.156733,0.199662,-0.194428
0.157881,0.199991,-0.197469
0.154977,0.199367,-0.198669
0.153138,0.200195,-0.198455
0.152212,0.200148,-0.196799
0.151065,0.199379,-0.199341
0.149224,0.200515,-0.200118
0.145574,0.200659,-0.200328
0.144424,0.201104,-0.202364
0.141996,0.203215,-0.202580
0.141183,0.205168,-0.202405
0.138099,0.202470,-0.205352
0.134741,0.204172,-0.204925
0.132616,0.202374,-0.207566
0.131592,0.204954,-0.207539
0.128874,0.203222,-0.206871
0.126621,0.203503,-0.209955
0.123970,0.204501,-0.212332
0.122488,0.205213,-0.210517
0.120009,0.204028,-0.215044
0.116412,0.204380,-0.213581
0.114862,0.202895,-0.217499
0.111020,0.201948,-0.218329
0.109725,0.203765,-0.219606
0.107000,0.203490,-0.222229
0.104026,0.202883,-0.221784
0.103343,0.203620,-0.224036
0.098992,0.202783,-0.225712
0.098034,0.204462,-0.227743
0.094708,0.203166,-0.228182
0.092867,0.204861,-0.229497
0.089848,0.203612,-0.230320
0.088227,0.203596,-0.231347
0.085827,0.203463,-0.232969
0.083374,0.203970,-0.234738
0.081602,0.205519,-0.234464
0.079223,0.203070,-0.237306
0.076121,0.203046,-0.236764
0.074784,0.204751,-0.238860
0.072758,0.203748,-0.242225
0.069665,0.204893,-0.241410
0.067353,0.206686,-0.241828
0.064813,0.205881,-0.243266
0.064574,0.206118,-0.243278
0.061874,0.205270,-0.244558
0.060832,0.207127,-0.247323
0.058386,0.206102,-0.246290
0.055966,0.206848,-0.248367
0.054293,0.207353,-0.248448
0.053223,0.210069,-0.249163
0.050333,0.208410,-0.249163
0.048722,0.210098,-0.250697
0.046058,0.211927,-0.250195
0.045174,0.212011,-0.251341
0.043403,0.212828,-0.251809
0.041607,0.209868,-0.252244
0.039382,0.214791,-0.251880
0.036938,0.213939,-0.252830
0.280054,0.030427,-0.216922
0.283895,0.035061,-0.214927
0.285963,0.039240,-0.210306
0.285291,0.042060,-0.210020
0.285087,0.043125,-0.208226
0.285355,0.044682,-0.207406
0.284799,0.046528,-0.205601
0.285572,0.049178,-0.202045
0.287205,0.053342,-0.203598
0.288473,0.054268,-0.201763
0.285643,0.057711,-0.198220
0.287964,0.059706,-0.198162
0.286844,0.062196,-0.197704
0.288144,0.065779,-0.193891
0.287214,0.068899,-0.194751
0.287665,0.068089,-0.189996
0.285797,0.071251,-0.191492
0.286222,0.072866,-0.191268
0.289321,0.075223,-0.188483
0.288831,0.079067,-0.187627
0.287348,0.080707,-0.185713
0.288233,0.083642,-0.184489
0.288671,0.087123,-0.183248
0.288909,0.087492,-0.182823
0.286870,0.090489,-0.180420
0.289839,0.092003,-0.180523
0.289740,0.095376,-0.177791
0.287904,0.098136,-0.175772
0.286170,0.098263,-0.175772
0.287135,0.100356,-0.175695
0.285596,0.101030,-0.174638
0.285444,0.102448,-0.174241
0.284893,0.102577,-0.176804
0.285736,0.105095,-0.173551
0.283816,0.107325,-0.173928
0.284840,0.111016,-0.172169
0.284601,0.110786,-0.173911
0.281545,0.111553,-0.174745
0.280850,0.111095,-0.170694
0.280259,0.112811,-0.172277
0.278537,0.115669,-0.172412
0.276069,0.115541,-0.171703
0.278211,0.117164,-0.173716
0.276980,0.117052,-0.172798
0.274016,0.119061,-0.173699
0.271639,0.120221,-0.171876
0.273330,0.122638,-0.172127
0.270101,0.123426,-0.172133
0.269566,0.123650,-0.171797
0.271368,0.125086,-0.172547
0.268241,0.124107,-0.172402
0.266930,0.127560,-0.171874
0.266029,0.127977,-0.172012
0.265460,0.128101,-0.172014
0.264303,0.130670,-0.171702
0.261440,0.131316,-0.172712
0.261188,0.133302,-0.172727
0.260995,0.131411,-0.170802
0.258963,0.134955,-0.172683
0.257954,0.135280,-0.170862
0.258355,0.137416,-0.172187
0.257654,0.136172,-0.173461
0.255637,0.137480,-0.174323
0.254352,0.140234,-0.174462
0.252037,0.140144,-0.172973
0.251855,0.139164,-0.173024
0.250867,0.143279,-0.172214
0.250835,0.142951,-0.171977
0.246599,0.143575,-0.175043
0.245094,0.144158,-0.174220
0.244629,0.145780,-0.174437
0.242228,0.147005,-0.175131
0.242984,0.146893,-0.173402
0.242192,0.149201,-0.174445
0.241656,0.149244,-0.173264
0.238495,0.151268,-0.174142
0.238309,0.151425,-0.172457
0.235870,0.153212,-0.176838
0.235102,0.152690,-0.175054
0.234620,0.156673,-0.174190
0.233146,0.157234,-0.175412
0.230960,0.155332,-0.175023
0.230588,0.156691,-0.176244
0.229306,0.157861,-0.175850
0.229086,0.159115,-0.175778
0.226869,0.159304,-0.175867
0.224308,0.159016,-0.176902
0.221597,0.162680,-0.177381
0.222718,0.162995,-0.176411
0.222808,0.161070,-0.176719
0.221651,0.165463,-0.176687
0.219609,0.164869,-0.177886
0.220765,0.166451,-0.177157
0.216132,0.168747,-0.178610
0.214735,0.170002,-0.180887
0.216194,0.169257,-0.179509
0.211694,0.170699,-0.175796
0.211249,0.169056,-0.177863
0.209918,0.173647,-0.178979
0.207562,0.173712,-0.179880
0.208231,0.172394,-0.179374
0.205208,0.175009,-0.180934
0.205635,0.174180,-0.180719
0.203184,0.175324,-0.180840
0.201812,0.176893,-0.180710
0.200659,0.175915,-0.179886
0.199618,0.176480,-0.180082
0.197376,0.177842,-0.178688
0.197063,0.179152,-0.181220
0.197027,0.182775,-0.179932
0.194172,0.181426,-0.182010
0.193815,0.183160,-0.181492
0.191760,0.182758,-0.182963
0.190756,0.184351,-0.184191
0.187653,0.186736,-0.182299
0.187869,0.186059,-0.184270
0.184665,0.186758,-0.182848
0.183281,0.186895,-0.183773
0.181142,0.186664,-0.187332
0.181965,0.190475,-0.186442
0.180079,0.186255,-0.186240
0.177207,0.189654,-0.187953
0.175155,0.189631,-0.188940
0.173962,0.189838,-0.187106
0.172680,0.189460,-0.190354
0.170702,0.192961,-0.188263
0.168780,0.193449,-0.190674
0.168174,0.192269,-0.190824
0.164218,0.195453,-0.192423
0.163540,0.195132,-0.191105
0.162503,0.196203,-0.192645
0.159633,0.195606,-0.190415
0.158492,0.196945,-0.194873
0.156857,0.196909,-0.194311
0.155991,0.196521,-0.196934
0.153197,0.197330,-0.196195
0.151044,0.197187,-0.197474
0.147512,0.197727,-0.197326
0.147915,0.198160,-0.199542
0.147261,0.200258,-0.198681
0.145003,0.199100,-0.199808
0.141705,0.201905,-0.202664
0.140094,0.201109,-0.200785
0.138106,0.201851,-0.201340
0.136080,0.201509,-0.204292
0.134868,0.201332,-0.203501
0.131665,0.204665,-0.206002
0.130431,0.201995,-0.207427
0.127364,0.203416,-0.209676
0.124516,0.203683,-0.209658
0.121209,0.202329,-0.209495
0.119441,0.201215,-0.212700
0.117430,0.201736,-0.214599
0.117428,0.202233,-0.216308
0.113772,0.203280,-0.215133
0.112100,0.202325,-0.216999
0.107967,0.200674,-0.218269
0.106773,0.202781,-0.221823
0.104346,0.202516,-0.219959
0.100557,0.203253,-0.224501
0.098114,0.200948,-0.223445
0.094444,0.201946,-0.226059
0.095024,0.201631,-0.228794
0.093600,0.201372,-0.227103
0.088356,0.202038,-0.231412
0.086819,0.202784,-0.231381
0.083319,0.203525,-0.230561
0.081444,0.202663,-0.232613
0.077996,0.202360,-0.232729
0.078302,0.202430,-0.233867
0.073727,0.203606,-0.237154
0.073754,0.202422,-0.238706
0.071439,0.203773,-0.238353
0.067324,0.203772,-0.240907
0.065974,0.203468,-0.240113
0.063321,0.203724,-0.241489
0.063952,0.202008,-0.241859
0.059997,0.204987,-0.245158
0.058836,0.206765,-0.246148
0.056382,0.207378,-0.246938
0.054991,0.207500,-0.247795
0.053730,0.208691,-0.245173
0.051740,0.206009,-0.248403
0.049591,0.209010,-0.247825
0.047738,0.209438,-0.249584
0.044679,0.208290,-0.250812
0.044630,0.208837,-0.251089
0.040649,0.209799,-0.250766
0.040276,0.210295,-0.251565
0.037780,0.212488,-0.251813
0.279083,0.025456,-0.219343
0.279530,0.028226,-0.217242
0.282527,0.033959,-0.212995
0.282321,0.036975,-0.211728
0.288020,0.039222,-0.207730
0.284470,0.043357,-0.206978
0.284639,0.045230,-0.206501
0.283947,0.049475,-0.204852
0.287291,0.049674,-0.202772
0.285166,0.055405,-0.200904
0.285779,0.056088,-0.198692
0.284879,0.058444,-0.197591
0.286101,0.057964,-0.197135
0.286603,0.062800,-0.194069
0.287446,0.063709,-0.194188
0.285569,0.066447,-0.193277
0.284165,0.069489,-0.191845
0.286408,0.070672,-0.189415
0.285477,0.073029,-0.189897
0.285653,0.075195,-0.184710
0.286613,0.079535,-0.185987
0.287285,0.082328,-0.184115
0.287385,0.082417,-0.185732
0.289120,0.084289,-0.183249
0.287854,0.086164,-0.182125
0.285698,0.089533,-0.179727
0.289367,0.089921,-0.178383
0.286822,0.092452,-0.177057
0.287547,0.095038,-0.175655
0.287403,0.096866,-0.176245
0.285442,0.097321,-0.174897
0.285861,0.099968,-0.177396
0.283085,0.101873,-0.173359
0.283243,0.105047,-0.174745
0.284005,0.104124,-0.174120
0.283750,0.106759,-0.172660
0.282066,0.106769,-0.173385
0.281436,0.108522,-0.171668
0.280301,0.109151,-0.171611
0.278426,0.114100,-0.174145
0.278616,0.113020,-0.170304
0.277900,0.110741,-0.172218
0.276540,0.113625,-0.170359
0.275277,0.115432,-0.171463
0.273666,0.117586,-0.171701
0.273720,0.118417,-0.171564
0.273169,0.119897,-0.172741
0.272368,0.119926,-0.172200
0.269716,0.122428,-0.171376
0.268745,0.124848,-0.170721
0.265703,0.124461,-0.170148
0.266509,0.124583,-0.171433
0.266328,0.126876,-0.170155
0.264621,0.125786,-0.171024
0.264419,0.128891,-0.171556
0.262739,0.128517,-0.170606
0.262337,0.130696,-0.168276
0.259938,0.132011,-0.170898
0.259628,0.132009,-0.171782
0.259415,0.134219,-0.171775
0.258518,0.135192,-0.171078
0.256148,0.137127,-0.169507
0.255938,0.134869,-0.171658
0.251941,0.136500,-0.172656
0.252922,0.137592,-0.173540
0.251166,0.140220,-0.172956
0.251054,0.141544,-0.171789
0.249189,0.141636,-0.170949
0.249230,0.141294,-0.172999
0.247291,0.145145,-0.172944
0.245253,0.145847,-0.171505
0.242952,0.144672,-0.172302
0.243101,0.148000,-0.173112
0.241287,0.147787,-0.173717
0.240826,0.148060,-0.173309
0.239755,0.149603,-0.174004
0.238756,0.150388,-0.170955
0.236800,0.151303,-0.171918
0.236547,0.151556,-0.173348
0.233585,0.154329,-0.174046
0.236006,0.154488,-0.173680
0.231274,0.155487,-0.175026
0.231357,0.155744,-0.174236
0.230868,0.156092,-0.172352
0.227893,0.156132,-0.175761
0.227873,0.157349,-0.172953
0.224125,0.158531,-0.173932
0.223878,0.160376,-0.175460
0.222403,0.160970,-0.173911
0.221373,0.162750,-0.175327
0.219535,0.164293,-0.175797
0.217437,0.162784,-0.177700
0.219369,0.164640,-0.174838
0.216085,0.164997,-0.177336
0.215618,0.165865,-0.176497
0.215066,0.167776,-0.177637
0.212042,0.166063,-0.176748
0.210890,0.169509,-0.177332
0.210235,0.169879,-0.176677
0.208316,0.172185,-0.178744
0.207590,0.172743,-0.177535
0.207099,0.171709,-0.177927
0.205031,0.175118,-0.178986
0.205060,0.175393,-0.179937
0.200915,0.175183,-0.177747
0.202152,0.175507,-0.180175
0.199962,0.177154,-0.179353
0.197615,0.177650,-0.179391
0.196525,0.180520,-0.180180
0.194866,0.178766,-0.179757
0.195156,0.180710,-0.180234
0.192445,0.181312,-0.178879
0.192566,0.182746,-0.182528
0.191480,0.180967,-0.183497
0.189139,0.184580,-0.182550
0.189705,0.182778,-0.183119
0.184155,0.185151,-0.183953
0.184645,0.185029,-0.183138
0.182869,0.186674,-0.182974
0.179681,0.187234,-0.184726
0.178437,0.187230,-0.185538
0.177721,0.186520,-0.186564
0.175677,0.190803,-0.186611
0.175184,0.189205,-0.187319
0.173089,0.189974,-0.186852
0.171081,0.189993,-0.188823
0.168442,0.191373,-0.188112
0.168081,0.193112,-0.190003
0.165878,0.191772,-0.190356
0.164903,0.192588,-0.190824
0.162570,0.194134,-0.189060
0.161699,0.193526,-0.190031
0.157321,0.194770,-0.191533
0.158482,0.195891,-0.192647
0.156675,0.195063,-0.192993
0.154647,0.197268,-0.194100
0.151503,0.197614,-0.193642
0.152872,0.197027,-0.195263
0.147785,0.197143,-0.194971
0.146500,0.198164,-0.196117
0.145927,0.198174,-0.197612
0.142276,0.198488,-0.199158
0.141488,0.199729,-0.201482
0.138232,0.199170,-0.200017
0.137814,0.198193,-0.201198
0.135868,0.199006,-0.202641
0.131919,0.201351,-0.203767
0.130280,0.200584,-0.204377
0.128324,0.201308,-0.205544
0.125421,0.201675,-0.207340
0.124167,0.199976,-0.209323
0.120957,0.200934,-0.207789
0.121233,0.200324,-0.212262
0.116808,0.201354,-0.211836
0.114153,0.199161,-0.214494
0.112037,0.201209,-0.213496
0.110122,0.199697,-0.216678
0.108474,0.198895,-0.218748
0.104947,0.199941,-0.219150
0.101278,0.202339,-0.220472
0.101331,0.200720,-0.222477
0.097280,0.201355,-0.221901
0.094675,0.199847,-0.225895
0.094016,0.197633,-0.227483
0.089716,0.201166,-0.227066
0.088018,0.202251,-0.228530
0.084269,0.200404,-0.230921
0.081345,0.202777,-0.231032
0.080009,0.200229,-0.231747
0.079852,0.197972,-0.233811
0.075049,0.200898,-0.234113
0.074007,0.201938,-0.237569
0.070615,0.201673,-0.236051
0.069514,0.201361,-0.238230
0.067909,0.201485,-0.237984
0.065820,0.203133,-0.240469
0.063408,0.203864,-0.241099
0.060883,0.203364,-0.241743
0.058807,0.203503,-0.242197
0.057982,0.203117,-0.243883
0.056079,0.204435,-0.245672
0.051339,0.205435,-0.246094
0.051120,0.205131,-0.246704
0.050395,0.207139,-0.246530
0.048864,0.205749,-0.247878
0.047194,0.205452,-0.248496
0.043769,0.207945,-0.249951
0.039898,0.208097,-0.250256
0.039720,0.208989,-0.250719
0.035887,0.209707,-0.249321
0.038200,0.209659,-0.254205
0.277706,0.025383,-0.216811
0.280149,0.029879,-0.214175
0.282537,0.033523,-0.212981
0.283236,0.036519,-0.207160
0.284811,0.040067,-0.206219
0.285532,0.042962,-0.205914
0.286382,0.044054,-0.204106
0.285713,0.046649,-0.202242
0.285244,0.047602,-0.198642
0.285271,0.052765,-0.198816
0.285295,0.053707,-0.195910
0.284071,0.054047,-0.196410
0.285255,0.059145,-0.195896
0.285874,0.061647,-0.192989
0.288164,0.062929,-0.192848
0.286533,0.065104,-0.192018
0.287369,0.069111,-0.189150
0.284889,0.069547,-0.191014
0.285565,0.070939,-0.189332
0.285622,0.074384,-0.184735
0.286236,0.077527,-0.185162
0.284848,0.078249,-0.184113
0.286690,0.082593,-0.182909
0.286617,0.082566,-0.181198
0.287294,0.085702,-0.179485
0.285209,0.088565,-0.179979
0.285966,0.088971,-0.177457
0.286998,0.093076,-0.177444
0.287127,0.095271,-0.175086
0.285508,0.094472,-0.175439
0.283071,0.097013,-0.175093
0.284199,0.097750,-0.175271
0.283441,0.097429,-0.172229
0.281583,0.102294,-0.171801
0.283862,0.103051,-0.172070
0.282037,0.105766,-0.173516
0.281587,0.105689,-0.171093
0.281437,0.109041,-0.171866
0.278900,0.109341,-0.170996
0.276905,0.110609,-0.170617
0.277790,0.112218,-0.170179
0.277656,0.112696,-0.169637
0.273680,0.112797,-0.171158
0.274293,0.115854,-0.173000
0.272098,0.116553,-0.170132
0.273011,0.116679,-0.170175
0.270697,0.119544,-0.170501
0.269367,0.119309,-0.169181
0.270667,0.121312,-0.169847
0.267489,0.121012,-0.169098
0.269351,0.121703,-0.169844
0.266861,0.123996,-0.169838
0.265245,0.125489,-0.169782
0.263538,0.124555,-0.171890
0.262550,0.128015,-0.171483
0.260960,0.129531,-0.171556
0.259957,0.130807,-0.169883
0.259269,0.130261,-0.170158
0.257316,0.131851,-0.172173
0.257032,0.132866,-0.169085
0.256272,0.132317,-0.169625
0.254222,0.135269,-0.170407
0.254620,0.135005,-0.171691
0.251784,0.135634,-0.169511
0.250791,0.138407,-0.171600
0.250906,0.136552,-0.171771
0.248185,0.138473,-0.170272
0.247523,0.138731,-0.172042
0.244569,0.141423,-0.171801
0.246360,0.142261,-0.171212
0.242792,0.141609,-0.173475
0.243813,0.144046,-0.171943
0.240464,0.145673,-0.171470
0.241277,0.145908,-0.172530
0.239419,0.147843,-0.172713
0.238564,0.148209,-0.170253
0.238149,0.148691,-0.171140
0.235196,0.150637,-0.172411
0.235279,0.149804,-0.172914
0.233477,0.151212,-0.172149
0.232105,0.152507,-0.172406
0.230608,0.154282,-0.172681
0.230723,0.153628,-0.171975
0.227366,0.154774,-0.172361
0.227595,0.154760,-0.174394
0.225796,0.156545,-0.173064
0.224796,0.157554,-0.174097
0.224492,0.157949,-0.174046
0.221745,0.159740,-0.172971
0.222311,0.162260,-0.174489
0.220274,0.162808,-0.173272
0.217066,0.163993,-0.173923
0.217467,0.164147,-0.176390
0.214573,0.162819,-0.175861
0.213444,0.166623,-0.174497
0.213052,0.167011,-0.176898
0.211819,0.166117,-0.177980
0.211884,0.169974,-0.174750
0.209502,0.168939,-0.176025
0.207960,0.169368,-0.177060
0.206103,0.169922,-0.177969
0.204429,0.170602,-0.178032
0.203818,0.173534,-0.177594
0.203935,0.173396,-0.176824
0.200628,0.174675,-0.176924
0.200471,0.176193,-0.178277
0.199174,0.177284,-0.178692
0.199379,0.176497,-0.178065
0.197894,0.175693,-0.179415
0.196165,0.177411,-0.176710
0.191910,0.179532,-0.178172
0.192166,0.179700,-0.179832
0.189979,0.180113,-0.181565
0.189480,0.181324,-0.181446
0.187277,0.182016,-0.180057
0.186520,0.184168,-0.179926
0.186218,0.183755,-0.180580
0.182606,0.185025,-0.182108
0.181580,0.187204,-0.181554
0.179535,0.186575,-0.184169
0.178158,0.185138,-0.185671
0.176272,0.185485,-0.184447
0.174371,0.188537,-0.183591
0.170489,0.187586,-0.185908
0.173450,0.191628,-0.186288
0.169166,0.189056,-0.185762
0.167365,0.189404,-0.187160
0.166419,0.188735,-0.189045
0.165846,0.190431,-0.188541
0.163873,0.191265,-0.187023
0.161409,0.192719,-0.189996
0.159135,0.193598,-0.190477
0.160898,0.194219,-0.188829
0.158979,0.195244,-0.191213
0.154837,0.194008,-0.192755
0.155007,0.196732,-0.193347
0.149719,0.196269,-0.192615
0.150359,0.196374,-0.195779
0.148826,0.196781,-0.195655
0.145736,0.197904,-0.195819
0.144703,0.197333,-0.198908
0.141739,0.198552,-0.197174
0.140195,0.198467,-0.198607
0.139018,0.197594,-0.200705
0.136432,0.198365,-0.201877
0.133155,0.199432,-0.202490
0.130614,0.198444,-0.203854
0.128226,0.199617,-0.203303
0.127213,0.199477,-0.205556
0.124423,0.200241,-0.207650
0.122586,0.198672,-0.207613
0.118748,0.200002,-0.208486
0.118152,0.199723,-0.210795
0.114477,0.198961,-0.214619
0.112149,0.199572,-0.213067
0.109483,0.197656,-0.211888
0.107742,0.199381,-0.215005
0.104556,0.199604,-0.218312
0.103651,0.199746,-0.219371
0.101016,0.199839,-0.221276
0.099304,0.197982,-0.219990
0.096357,0.198515,-0.222281
0.093643,0.198826,-0.224062
0.090740,0.199527,-0.226363
0.087999,0.199394,-0.227037
0.087309,0.200990,-0.226471
0.086009,0.199816,-0.231396
0.079811,0.200940,-0.229402
0.079923,0.200824,-0.232976
0.078567,0.200145,-0.231388
0.074692,0.200571,-0.234962
0.073770,0.200606,-0.236213
0.070708,0.199477,-0.236871
0.068809,0.200906,-0.236507
0.065480,0.201928,-0.239150
0.062266,0.201948,-0.238722
0.061951,0.200424,-0.240760
0.059374,0.199853,-0.241667
0.056736,0.201942,-0.241974
0.054491,0.202882,-0.244354
0.052596,0.203853,-0.243061
0.052001,0.205158,-0.243855
0.049853,0.203710,-0.245999
0.046854,0.204309,-0.246449
0.044733,0.204717,-0.248071
0.043902,0.206389,-0.248893
0.041837,0.207795,-0.250373
0.040808,0.205399,-0.251723
0.038035,0.206330,-0.250498
0.035504,0.207672,-0.252354
0.277060,0.023415,-0.215812
0.280719,0.028296,-0.214176
0.280542,0.033885,-0.210900
0.282505,0.036247,-0.206481
0.282956,0.039050,-0.206393
0.282446,0.042960,-0.204621
0.284636,0.043063,-0.202553
0.284889,0.045855,-0.201264
0.285190,0.049874,-0.199094
0.283180,0.051662,-0.198659
0.283925,0.053221,-0.197672
0.285556,0.055142,-0.192522
0.283467,0.058452,-0.194271
0.283626,0.061449,-0.191770
0.283676,0.062837,-0.192440
0.283269,0.066080,-0.188750
0.285375,0.067016,-0.189585
0.285140,0.069346,-0.189454
0.284269,0.069029,-0.187890
0.285320,0.073717,-0.184005
0.284996,0.077006,-0.182937
0.285047,0.077936,-0.182660
0.285207,0.081619,-0.180306
0.286618,0.082953,-0.181110
0.285372,0.083340,-0.179786
0.284269,0.086976,-0.177884
0.284780,0.088794,-0.177997
0.283632,0.089729,-0.175066
0.284960,0.093711,-0.174214
0.283389,0.092710,-0.173916
0.284193,0.098054,-0.174770
0.282577,0.100264,-0.173026
0.282038,0.100220,-0.173768
0.280372,0.100316,-0.172025
0.281547,0.102603,-0.172698
0.281525,0.101544,-0.170838
0.278398,0.104933,-0.169938
0.280732,0.107678,-0.169495
0.277195,0.109098,-0.170495
0.275433,0.108755,-0.170550
0.275662,0.110345,-0.169437
0.274797,0.109502,-0.168673
0.274855,0.113299,-0.170618
0.273027,0.114074,-0.168996
0.273936,0.113386,-0.169048
0.272867,0.117617,-0.168444
0.268300,0.116234,-0.167448
0.268772,0.118785,-0.170048
0.269625,0.119702,-0.169740
0.266921,0.120208,-0.169903
0.265256,0.122972,-0.169564
0.264734,0.121864,-0.168534
0.263441,0.122964,-0.169743
0.262360,0.122256,-0.167150
0.261995,0.127899,-0.168342
0.259043,0.126434,-0.168972
0.259333,0.128236,-0.168758
0.258971,0.128816,-0.169589
0.257149,0.130493,-0.170863
0.256868,0.132083,-0.169396
0.255293,0.132392,-0.169432
0.254327,0.132989,-0.168580
0.254000,0.135140,-0.169720
0.250568,0.135612,-0.170716
0.251406,0.135356,-0.170133
0.250162,0.135655,-0.170351
0.248398,0.137546,-0.170158
0.247019,0.140016,-0.171303
0.245123,0.140910,-0.171307
0.242571,0.139799,-0.171718
0.244498,0.142442,-0.170243
0.240427,0.142774,-0.170570
0.242366,0.143304,-0.170205
0.237546,0.144150,-0.170137
0.235818,0.147544,-0.169681
0.237548,0.146176,-0.172039
0.236269,0.148951,-0.172132
0.234977,0.149145,-0.171945
0.233093,0.150143,-0.170532
0.233187,0.149889,-0.172090
0.230904,0.151016,-0.172126
0.228727,0.151738,-0.170931
0.228865,0.152524,-0.171660
0.227478,0.155527,-0.173723
0.226241,0.152666,-0.172815
0.224913,0.155167,-0.172335
0.223833,0.156516,-0.172268
0.223221,0.155689,-0.173964
0.221905,0.159025,-0.172642
0.221806,0.159180,-0.172053
0.219783,0.160104,-0.171672
0.218257,0.161156,-0.173807
0.216775,0.163960,-0.171015
0.214384,0.164476,-0.175413
0.213721,0.165285,-0.173909
0.212757,0.164700,-0.174017
0.210553,0.166857,-0.173626
0.207924,0.168440,-0.173487
0.209970,0.167327,-0.174292
0.207888,0.169302,-0.175327
0.205628,0.168877,-0.175850
0.204771,0.171019,-0.175186
0.202085,0.171712,-0.175719
0.202321,0.171053,-0.176055
0.200143,0.174491,-0.178099
0.198259,0.174524,-0.176725
0.195521,0.176580,-0.177028
0.198510,0.175856,-0.176800
0.194220,0.176641,-0.179197
0.193521,0.176985,-0.180203
0.194414,0.178625,-0.176907
0.190940,0.178802,-0.178696
0.190881,0.179742,-0.179243
0.186529,0.179025,-0.180460
0.184661,0.182867,-0.179196
0.184472,0.182201,-0.179604
0.182736,0.184776,-0.179793
0.181266,0.181867,-0.182415
0.180687,0.184711,-0.181650
0.177482,0.186386,-0.181172
0.177923,0.184569,-0.183241
0.174821,0.184949,-0.182777
0.173845,0.184874,-0.183524
0.173498,0.186740,-0.185637
0.170219,0.187457,-0.186550
0.170245,0.186859,-0.184537
0.168695,0.187680,-0.186802
0.164491,0.189057,-0.186541
0.164705,0.190966,-0.187627
0.163159,0.189502,-0.189255
0.161659,0.190411,-0.187961
0.159337,0.192741,-0.189350
0.157468,0.194724,-0.189026
0.158119,0.194867,-0.190790
0.154225,0.193906,-0.193537
0.151983,0.194387,-0.190935
0.149283,0.193515,-0.192447
0.149568,0.194664,-0.194592
0.146277,0.193160,-0.195229
0.143401,0.195777,-0.194796
0.142974,0.195903,-0.196721
0.140338,0.196678,-0.197241
0.137008,0.197314,-0.197418
0.136571,0.195607,-0.199208
0.132135,0.196833,-0.200773
0.133128,0.195353,-0.202654
0.128322,0.197302,-0.202204
0.126601,0.198453,-0.203845
0.124584,0.197080,-0.204396
0.122100,0.197538,-0.207202
0.120640,0.197712,-0.208788
0.115314,0.197922,-0.208673
0.116930,0.196140,-0.209403
0.113334,0.199334,-0.210019
0.113452,0.196813,-0.213317
0.110143,0.197486,-0.215851
0.105285,0.199575,-0.215024
0.103440,0.199315,-0.217842
0.101780,0.198511,-0.216511
0.098244,0.198898,-0.220924
0.096697,0.196207,-0.220387
0.093653,0.198349,-0.221754
0.091647,0.197220,-0.225431
0.088185,0.199532,-0.224790
0.086886,0.197982,-0.227520
0.085650,0.198364,-0.226936
0.082618,0.197596,-0.228726
0.081107,0.198707,-0.230702
0.079592,0.199061,-0.230319
0.075692,0.199038,-0.232813
0.072799,0.199534,-0.231272
0.071904,0.199458,-0.236482
0.070644,0.200666,-0.235133
0.068693,0.198457,-0.235311
0.064914,0.200638,-0.238377
0.064047,0.199922,-0.239137
0.059254,0.198976,-0.239546
0.058494,0.201951,-0.238909
0.056079,0.200673,-0.240401
0.053765,0.199687,-0.243297
0.053484,0.199502,-0.244794
0.051757,0.201679,-0.244174
0.048199,0.203956,-0.245686
0.045972,0.201754,-0.247211
0.043602,0.202874,-0.247640
0.040668,0.205150,-0.247727
0.039522,0.205667,-0.247249
0.038564,0.204880,-0.249617
0.036211,0.205017,-0.249396
0.034999,0.207755,-0.250600
0.276976,0.023449,-0.216225
0.278131,0.028988,-0.212686
0.281540,0.033189,-0.208321
0.280338,0.038073,-0.206276
0.283817,0.039409,-0.202908
0.281666,0.040442,-0.202129
0.283659,0.043545,-0.200296
0.282308,0.046232,-0.197792
0.283649,0.048912,-0.197200
0.283007,0.050634,-0.197228
0.285173,0.054144,-0.194177
0.284521,0.055349,-0.194314
0.284434,0.057069,-0.192802
0.282603,0.061267,-0.190347
0.283341,0.062161,-0.188908
0.285236,0.062941,-0.189439
0.285406,0.066225,-0.188051
0.283878,0.068928,-0.188973
0.283718,0.069459,-0.185358
0.283716,0.073433,-0.183969
0.283570,0.076819,-0.183572
0.285614,0.078221,-0.180494
0.282920,0.081292,-0.180664
0.283538,0.084496,-0.176398
0.283845,0.081338,-0.178100
0.286021,0.085576,-0.176337
0.285905,0.086815,-0.176939
0.283635,0.088794,-0.176022
0.283711,0.092562,-0.173368
0.284902,0.094353,-0.172342
0.282513,0.094605,-0.173487
0.281289,0.097705,-0.171997
0.282533,0.099348,-0.171896
0.278662,0.099376,-0.171497
0.281017,0.102268,-0.170875
0.279329,0.103507,-0.169303
0.278595,0.103001,-0.169108
0.277862,0.103852,-0.170884
0.277333,0.107040,-0.169688
0.275810,0.106509,-0.168304
0.273790,0.107027,-0.167654
0.275898,0.109091,-0.167711
0.270397,0.112342,-0.170008
0.271468,0.111224,-0.166774
0.270568,0.114351,-0.168099
0.269202,0.114352,-0.169304
0.269351,0.115275,-0.168529
0.269857,0.118094,-0.168386
0.266372,0.117443,-0.168863
0.266721,0.121073,-0.168575
0.265098,0.121183,-0.168823
0.262988,0.122431,-0.167683
0.263279,0.123527,-0.168773
0.261552,0.123431,-0.167364
0.259721,0.125563,-0.167197
0.258720,0.127149,-0.168204
0.256769,0.125392,-0.168011
0.258222,0.127420,-0.170943
0.256070,0.129781,-0.168362
0.255749,0.130003,-0.169717
0.254517,0.133059,-0.166946
0.251909,0.130598,-0.167687
0.251251,0.134288,-0.169499
0.251300,0.133635,-0.170745
0.249590,0.135184,-0.169458
0.248501,0.135230,-0.168755
0.244176,0.135439,-0.169186
0.245291,0.138915,-0.169044
0.244876,0.136860,-0.168799
0.242461,0.141141,-0.170135
0.242053,0.142002,-0.168752
0.241132,0.140454,-0.168686
0.240774,0.143625,-0.171425
0.236725,0.144636,-0.170250
0.236000,0.143758,-0.169994
0.236004,0.146191,-0.171330
0.234611,0.146925,-0.171947
0.233329,0.147296,-0.169289
0.232937,0.148015,-0.170340
0.232386,0.147987,-0.170734
0.230101,0.150140,-0.171069
0.230494,0.151416,-0.171655
0.227147,0.151775,-0.170904
0.228157,0.154035,-0.173175
0.226134,0.152367,-0.173095
0.223402,0.155804,-0.172125
0.224332,0.157124,-0.171207
0.222264,0.156257,-0.173130
0.219162,0.156435,-0.173847
0.218598,0.160522,-0.173252
0.217580,0.159339,-0.172825
0.215181,0.161375,-0.170451
0.215115,0.161195,-0.173604
0.215533,0.161973,-0.174197
0.213519,0.164693,-0.172321
0.213205,0.163585,-0.173479
0.209114,0.165711,-0.175125
0.209182,0.165061,-0.174394
0.208419,0.169031,-0.175410
0.205460,0.169211,-0.173446
0.205581,0.169312,-0.173582
0.203466,0.170024,-0.173922
0.203266,0.169737,-0.175866
0.201150,0.171605,-0.175563
0.201208,0.172968,-0.176267
0.196607,0.173786,-0.175208
0.196975,0.174101,-0.174430
0.196565,0.177064,-0.175871
0.195940,0.177216,-0.178506
0.190985,0.176208,-0.176470
0.191090,0.175818,-0.176765
0.190021,0.178836,-0.179326
0.188340,0.178421,-0.178914
0.186780,0.178527,-0.178378
0.186412,0.178989,-0.178649
0.184912,0.181159,-0.177699
0.182645,0.180304,-0.179859
0.181806,0.184762,-0.179859
0.179029,0.181772,-0.182324
0.178869,0.183648,-0.184195
0.176311,0.182155,-0.182746
0.172640,0.184480,-0.182841
0.171330,0.184056,-0.182879
0.170952,0.185341,-0.183275
0.168354,0.185768,-0.186906
0.167372,0.188089,-0.185788
0.168045,0.187153,-0.185482
0.165775,0.187951,-0.186353
0.161179,0.190084,-0.187682
0.161542,0.191312,-0.186480
0.158900,0.192133,-0.187164
0.157146,0.192028,-0.189343
0.157008,0.193215,-0.189676
0.153470,0.192031,-0.188429
0.153298,0.192339,-0.190088
0.151405,0.192291,-0.191911
0.148322,0.193992,-0.193135
0.145955,0.195753,-0.194254
0.144895,0.194644,-0.192676
0.143525,0.195192,-0.194655
0.138326,0.195668,-0.196068
0.138615,0.195179,-0.196089
0.136252,0.196390,-0.197161
0.134758,0.194471,-0.199576
0.132762,0.194415,-0.200595
0.131382,0.196355,-0.201066
0.127328,0.195777,-0.201712
0.125880,0.196233,-0.203017
0.122940,0.196093,-0.203914
0.121845,0.196060,-0.207107
0.119438,0.196809,-0.208086
0.117470,0.196819,-0.207416
0.115175,0.194461,-0.209429
0.113275,0.195931,-0.210647
0.109976,0.197088,-0.211205
0.107413,0.195993,-0.214752
0.101732,0.195581,-0.212369
0.101805,0.195444,-0.216527
0.100110,0.196798,-0.217033
0.096591,0.196578,-0.220960
0.095557,0.197007,-0.218449
0.091873,0.198218,-0.220240
0.090907,0.196637,-0.222070
0.088421,0.197805,-0.222040
0.086918,0.195940,-0.224793
0.084814,0.197511,-0.225627
0.082179,0.197132,-0.225986
0.078003,0.196055,-0.229329
0.075180,0.195557,-0.230483
0.074567,0.197623,-0.231947
0.072694,0.198811,-0.233029
0.068842,0.196297,-0.234973
0.068306,0.197230,-0.234028
0.064558,0.196065,-0.235896
0.064873,0.198729,-0.238016
0.059392,0.201024,-0.234956
0.058029,0.199149,-0.240699
0.055950,0.199943,-0.242063
0.055135,0.201084,-0.241924
0.054037,0.200530,-0.241390
0.052266,0.199264,-0.242740
0.048688,0.200041,-0.244544
0.045546,0.202189,-0.245576
0.043204,0.202648,-0.246797
0.042680,0.202042,-0.245676
0.041113,0.202306,-0.246673
0.040006,0.203477,-0.247325
0.037807,0.205091,-0.249417
0.034405,0.204847,-0.250018
0.276380,0.018729,-0.216771
0.275351,0.023691,-0.213817
0.276265,0.027677,-0.213092
0.280624,0.029783,-0.205483
0.282078,0.035167,-0.204723
0.280940,0.037773,-0.201528
0.283192,0.039612,-0.202540
0.283398,0.042962,-0.199397
0.284225,0.044671,-0.197714
0.282265,0.050573,-0.195451
0.283268,0.050886,-0.194612
0.282578,0.053842,-0.193849
0.283878,0.055672,-0.193041
0.284214,0.056075,-0.191325
0.283344,0.057191,-0.189399
0.283104,0.060698,-0.188165
0.283521,0.061945,-0.189413
0.282060,0.065207,-0.187269
0.282509,0.068234,-0.186032
0.284174,0.069801,-0.184208
0.282355,0.072906,-0.182807
0.283676,0.073790,-0.180524
0.282646,0.077593,-0.178552
0.283101,0.080967,-0.176629
0.285095,0.081109,-0.177029
0.282256,0.081920,-0.175662
0.285182,0.084773,-0.174889
0.285561,0.088129,-0.175091
0.283229,0.090573,-0.173453
0.281898,0.090288,-0.171885
0.282207,0.093249,-0.172204
0.282088,0.093851,-0.171949
0.280744,0.092639,-0.170740
0.279430,0.095966,-0.171232
0.281687,0.098743,-0.169713
0.277794,0.100497,-0.168522
0.279811,0.102146,-0.167195
0.278154,0.103792,-0.168069
0.274807,0.104486,-0.168832
0.274484,0.105507,-0.167826
0.274526,0.108795,-0.169046
0.274039,0.106205,-0.167563
0.271539,0.107879,-0.168106
0.268461,0.109143,-0.167609
0.270837,0.112248,-0.168062
0.270252,0.110648,-0.168199
0.268235,0.113777,-0.166482
0.268555,0.115545,-0.166094
0.265191,0.116455,-0.165823
0.265012,0.116785,-0.166554
0.265292,0.119352,-0.167502
0.264349,0.118167,-0.165657
0.262404,0.119648,-0.167233
0.261630,0.121737,-0.167956
0.259699,0.123086,-0.166949
0.258778,0.123846,-0.166837
0.259776,0.123911,-0.167377
0.258818,0.125780,-0.168208
0.256298,0.127055,-0.167976
0.254398,0.126681,-0.168097
0.255932,0.129594,-0.167961
0.251990,0.130481,-0.167458
0.250433,0.133084,-0.166425
0.249637,0.132000,-0.167541
0.248773,0.133239,-0.165921
0.246807,0.133740,-0.168133
0.247070,0.135745,-0.169431
0.244640,0.136330,-0.166779
0.244288,0.136181,-0.166428
0.241350,0.137826,-0.169198
0.243061,0.138638,-0.167286
0.240309,0.141302,-0.167253
0.239446,0.140724,-0.167571
0.239000,0.141094,-0.168476
0.238837,0.142680,-0.169193
0.237406,0.144929,-0.169862
0.235895,0.145685,-0.169054
0.233022,0.147427,-0.168100
0.232651,0.146882,-0.168417
0.232753,0.147443,-0.168892
0.230074,0.147375,-0.169009
0.227279,0.150714,-0.170258
0.226216,0.151406,-0.169301
0.226055,0.152840,-0.169933
0.226712,0.152775,-0.168847
0.224521,0.152384,-0.170548
0.222382,0.154387,-0.169973
0.223136,0.155430,-0.171324
0.218663,0.156566,-0.172408
0.219766,0.156603,-0.169415
0.217517,0.157830,-0.170118
0.215064,0.158857,-0.171198
0.213916,0.159348,-0.173379
0.212338,0.160238,-0.171827
0.213594,0.161130,-0.171599
0.211228,0.161544,-0.171613
0.210140,0.163689,-0.175041
0.210477,0.164317,-0.172329
0.208474,0.165940,-0.172610
0.207771,0.166223,-0.173500
0.205488,0.168967,-0.172625
0.203297,0.169253,-0.173684
0.201889,0.169179,-0.173195
0.201141,0.169312,-0.175147
0.198827,0.170182,-0.174026
0.198407,0.170399,-0.174517
0.196794,0.174035,-0.175101
0.196274,0.173805,-0.175379
0.193957,0.174022,-0.175898
0.194434,0.175153,-0.174774
0.191069,0.175413,-0.175977
0.189766,0.175505,-0.177245
0.190609,0.177219,-0.175999
0.187855,0.177201,-0.178143
0.185488,0.178533,-0.178480
0.183923,0.178938,-0.176449
0.183389,0.179074,-0.177856
0.182745,0.180798,-0.180100
0.180311,0.182815,-0.178779
0.175615,0.181384,-0.179867
0.177738,0.183287,-0.180432
0.174397,0.182359,-0.181639
0.173088,0.183722,-0.181896
0.172848,0.183332,-0.181544
0.171113,0.186234,-0.184368
0.167204,0.185308,-0.181902
0.165186,0.184747,-0.183656
0.165190,0.186872,-0.183011
0.162265,0.188651,-0.184964
0.162937,0.191012,-0.185214
0.160749,0.187780,-0.185856
0.157002,0.187967,-0.188234
0.156648,0.191543,-0.187776
0.156068,0.190766,-0.188512
0.152182,0.190327,-0.189195
0.154092,0.190743,-0.189993
0.150391,0.192413,-0.189147
0.147404,0.192370,-0.190452
0.146208,0.190171,-0.191801
0.144842,0.194773,-0.194280
0.143141,0.191644,-0.194739
0.139152,0.192909,-0.195022
0.137018,0.195954,-0.195219
0.134384,0.193762,-0.197240
0.135156,0.195437,-0.197952
0.133239,0.193710,-0.199889
0.128391,0.195750,-0.200982
0.128044,0.195485,-0.201122
0.124955,0.194862,-0.200711
0.122768,0.193292,-0.202409
0.120580,0.194027,-0.205197
0.117530,0.196080,-0.207566
0.114682,0.195545,-0.207320
0.113818,0.195063,-0.206630
0.109523,0.194324,-0.212375
0.108309,0.195175,-0.212312
0.106968,0.196350,-0.213215
0.101266,0.194344,-0.213478
0.102743,0.194538,-0.215475
0.098486,0.194603,-0.215043
0.097326,0.194492,-0.215621
0.092407,0.193199,-0.220864
0.092082,0.197674,-0.221842
0.088623,0.193358,-0.221528
0.086313,0.195423,-0.223029
0.083537,0.195903,-0.224742
0.083438,0.195756,-0.224730
0.078285,0.195607,-0.228437
0.079462,0.196352,-0.226555
0.075745,0.196496,-0.229103
0.072174,0.197303,-0.231140
0.072005,0.196675,-0.230376
0.068052,0.196592,-0.232345
0.067703,0.197078,-0.233476
0.061714,0.199171,-0.237264
0.061908,0.198970,-0.237819
0.060412,0.198252,-0.236733
0.057431,0.198795,-0.240038
0.055982,0.197028,-0.240415
0.053372,0.199743,-0.239264
0.050878,0.199117,-0.240950
0.048526,0.197761,-0.241458
0.047653,0.199976,-0.241531
0.046063,0.198706,-0.243396
0.043972,0.200257,-0.243985
0.041609,0.201257,-0.243983
0.038599,0.200477,-0.244985
0.037790,0.200230,-0.247099
0.033780,0.201440,-0.247968
0.272424,0.019080,-0.215639
0.272765,0.020783,-0.214021
0.278290,0.027608,-0.210632
0.279485,0.029991,-0.205745
0.279184,0.034292,-0.202534
0.279962,0.037039,-0.202243
0.283486,0.039968,-0.200295
0.282639,0.042154,-0.199645
0.283818,0.045240,-0.196424
0.281407,0.046440,-0.193881
0.282348,0.051016,-0.194127
0.282521,0.052886,-0.191378
0.283829,0.053884,-0.190967
0.283782,0.056350,-0.187907
0.281781,0.058238,-0.189165
0.282535,0.060608,-0.187695
0.281264,0.062254,-0.186434
0.282963,0.063692,-0.184849
0.281713,0.066786,-0.184679
0.282963,0.069405,-0.185856
0.281955,0.071257,-0.180904
0.282249,0.074208,-0.181386
0.281181,0.077505,-0.177387
0.282992,0.079377,-0.177208
0.282365,0.079347,-0.175909
0.281468,0.082923,-0.175282
0.283392,0.084852,-0.176128
0.282165,0.085582,-0.173845
0.281891,0.086908,-0.173655
0.282766,0.090675,-0.170385
0.280865,0.090813,-0.171958
0.280669,0.093714,-0.170381
0.279830,0.094111,-0.170219
0.280794,0.097505,-0.168895
0.279569,0.096373,-0.168710
0.277170,0.097931,-0.167907
0.274563,0.100932,-0.166550
0.276689,0.101512,-0.166271
0.274557,0.103553,-0.168513
0.274475,0.102125,-0.166896
0.272977,0.105255,-0.167100
0.271182,0.106623,-0.166697
0.270665,0.105682,-0.167344
0.269825,0.107635,-0.165041
0.267979,0.110319,-0.166444
0.269659,0.110168,-0.166979
0.265339,0.111493,-0.166154
0.267316,0.116216,-0.165515
0.265250,0.113624,-0.167311
0.264395,0.117316,-0.166555
0.263507,0.117051,-0.167442
0.263885,0.119543,-0.165112
0.260962,0.121739,-0.164945
0.259515,0.119745,-0.167547
0.257617,0.120796,-0.165569
0.257347,0.123294,-0.167338
0.257566,0.123028,-0.167622
0.255105,0.123622,-0.166336
0.256640,0.126490,-0.166787
0.254214,0.126651,-0.166550
0.251386,0.127886,-0.165196
0.252167,0.128593,-0.165306
0.252086,0.130705,-0.164441
0.249849,0.132214,-0.166390
0.248509,0.132831,-0.167300
0.246318,0.131505,-0.168184
0.246186,0.133166,-0.166092
0.242951,0.135019,-0.166948
0.243177,0.136519,-0.166831
0.243405,0.135712,-0.166289
0.240334,0.137887,-0.165986
0.238967,0.137849,-0.166885
0.238208,0.138797,-0.169175
0.238361,0.140666,-0.167240
0.235979,0.141713,-0.167013
0.234986,0.141767,-0.168182
0.233148,0.142266,-0.165689
0.230431,0.143185,-0.166980
0.231252,0.145652,-0.169920
0.230203,0.147283,-0.167426
0.228911,0.148085,-0.167445
0.228991,0.148893,-0.168384
0.226238,0.148282,-0.167671
0.225754,0.150975,-0.166930
0.224242,0.152362,-0.167995
0.223243,0.152163,-0.167978
0.222163,0.153400,-0.168104
0.221394,0.154174,-0.169095
0.219259,0.156368,-0.166581
0.217579,0.157652,-0.169428
0.217374,0.155726,-0.170057
0.215969,0.157658,-0.171400
0.215308,0.157783,-0.169022
0.213051,0.160936,-0.170168
0.211811,0.160584,-0.168956
0.212611,0.160056,-0.169954
0.207675,0.162273,-0.170129
0.208755,0.164353,-0.172083
0.207253,0.163334,-0.170216
0.206295,0.166649,-0.171027
0.204316,0.166903,-0.170840
0.202260,0.165597,-0.173317
0.200626,0.167630,-0.174029
0.200328,0.167801,-0.173843
0.200131,0.170755,-0.174516
0.196857,0.169240,-0.172877
0.197221,0.172265,-0.174303
0.193099,0.173514,-0.171575
0.193163,0.174292,-0.174810
0.191957,0.173157,-0.175332
0.190100,0.174725,-0.176092
0.190401,0.174803,-0.174554
0.186693,0.177256,-0.177291
0.186039,0.176790,-0.175081
0.186199,0.178735,-0.175132
0.184475,0.179658,-0.175670
0.182704,0.178379,-0.175949
0.178947,0.181746,-0.177995
0.178177,0.181342,-0.178773
0.176897,0.180964,-0.177971
0.175475,0.181954,-0.179755
0.173710,0.183104,-0.178626
0.172989,0.181837,-0.181097
0.170586,0.183212,-0.180770
0.169373,0.184298,-0.181887
0.167340,0.183877,-0.181712
0.165447,0.185789,-0.184827
0.162511,0.187777,-0.184910
0.162743,0.184911,-0.184132
0.161164,0.185411,-0.183475
0.160665,0.188122,-0.183187
0.158240,0.188845,-0.186172
0.154099,0.190670,-0.188148
0.153042,0.187556,-0.187099
0.151755,0.189543,-0.187869
0.150769,0.189887,-0.187645
0.149225,0.192292,-0.190675
0.146871,0.190433,-0.191281
0.145575,0.192249,-0.189515
0.142980,0.192714,-0.190992
0.140213,0.192315,-0.193420
0.138062,0.191639,-0.193516
0.137704,0.192571,-0.195023
0.134374,0.191663,-0.196205
0.131547,0.191256,-0.196247
0.129364,0.193413,-0.199643
0.130428,0.194266,-0.197546
0.126627,0.193426,-0.201969
0.125119,0.193567,-0.200892
0.121878,0.194912,-0.203377
0.120031,0.194420,-0.203099
0.116550,0.193429,-0.206299
0.115687,0.192504,-0.205653
0.111188,0.194890,-0.209418
0.108233,0.194149,-0.208219
0.105978,0.194348,-0.211323
0.105839,0.194692,-0.212632
0.101076,0.195064,-0.215038
0.099966,0.192459,-0.214786
0.096005,0.193323,-0.218081
0.094820,0.194788,-0.217685
0.092836,0.194144,-0.219337
0.091654,0.195105,-0.218369
0.086716,0.192172,-0.222520
0.085466,0.193964,-0.221754
0.083550,0.195106,-0.225112
0.082159,0.193972,-0.225075
0.077725,0.196113,-0.225840
0.075978,0.195696,-0.227458
0.074614,0.194833,-0.228112
0.071290,0.194554,-0.228921
0.069701,0.195191,-0.232724
0.067522,0.195052,-0.230651
0.065202,0.196059,-0.233206
0.062583,0.196432,-0.235193
0.060257,0.196274,-0.234428
0.057142,0.197554,-0.237691
0.056626,0.198886,-0.237130
0.052607,0.197028,-0.237901
0.050797,0.195232,-0.240483
0.048022,0.195717,-0.240456
0.047571,0.198711,-0.242630
0.045866,0.197572,-0.242977
0.042473,0.198671,-0.241221
0.043332,0.199380,-0.242781
0.039550,0.198735,-0.244253
0.037570,0.199668,-0.246176
0.035046,0.199099,-0.245597
0.032879,0.199420,-0.248607
0.272534,0.018497,-0.215634
0.272777,0.022103,-0.210091
0.276725,0.025922,-0.207466
0.279183,0.029236,-0.203828
0.278506,0.032904,-0.202473
0.279752,0.034884,-0.200515
0.279751,0.038131,-0.197905
0.279472,0.041369,-0.195205
0.279710,0.042921,-0.194714
0.281720,0.046020,-0.192902
0.283176,0.047970,-0.192889
0.281982,0.048711,-0.189457
0.280346,0.051934,-0.190804
0.282494,0.055037,-0.188317
0.282898,0.056174,-0.187119
0.281664,0.058369,-0.188627
0.281283,0.061230,-0.184811
0.283197,0.062874,-0.183526
0.282284,0.065414,-0.183207
0.282113,0.066368,-0.181105
0.281175,0.069676,-0.179650
0.279542,0.070565,-0.180021
0.280726,0.075037,-0.178996
0.281140,0.078729,-0.175798
0.282198,0.079612,-0.174424
0.281892,0.080753,-0.175893
0.280832,0.083701,-0.172781
0.283351,0.086856,-0.171553
0.281619,0.085673,-0.170285
0.281464,0.088419,-0.170867
0.280887,0.090295,-0.169022
0.278154,0.090034,-0.167564
0.278683,0.093821,-0.168600
0.278513,0.096135,-0.169081
0.276641,0.095139,-0.169153
0.277773,0.098970,-0.166818
0.276689,0.100189,-0.165854
0.275421,0.100392,-0.166237
0.275194,0.102309,-0.165003
0.276097,0.103603,-0.164898
0.272481,0.103272,-0.165119
0.271753,0.106349,-0.165755
0.269961,0.107623,-0.166975
0.269970,0.106133,-0.167733
0.268334,0.109362,-0.166571
0.267458,0.110391,-0.166309
0.267237,0.110029,-0.163593
0.267307,0.113184,-0.164559
0.264943,0.114395,-0.166637
0.262878,0.113569,-0.164851
0.263960,0.116303,-0.165375
0.260509,0.116116,-0.163971
0.260767,0.118181,-0.166260
0.257805,0.117117,-0.165939
0.258631,0.120710,-0.165658
0.258037,0.120274,-0.166668
0.254773,0.121223,-0.166008
0.253985,0.122681,-0.165596
0.254225,0.124856,-0.163120
0.251673,0.126319,-0.163817
0.248964,0.128522,-0.164696
0.250029,0.126782,-0.165441
0.249385,0.128161,-0.165405
0.248902,0.131461,-0.166046
0.247561,0.132819,-0.165183
0.246798,0.130515,-0.165270
0.244560,0.132976,-0.168555
0.243077,0.135634,-0.165040
0.242155,0.133273,-0.167248
0.241461,0.135905,-0.167258
0.239987,0.137207,-0.166001
0.239247,0.136520,-0.166430
0.237900,0.139589,-0.164275
0.234503,0.139052,-0.165833
0.236180,0.139379,-0.168323
0.233431,0.141183,-0.165877
0.234004,0.143306,-0.167175
0.230557,0.145142,-0.167344
0.231027,0.144092,-0.167045
0.230292,0.147180,-0.166816
0.227768,0.146914,-0.168032
0.228305,0.148363,-0.167067
0.224200,0.150325,-0.164956
0.225265,0.148657,-0.169078
0.225002,0.149394,-0.166831
0.222208,0.151866,-0.167518
0.221109,0.153867,-0.168654
0.220333,0.154075,-0.168245
0.219613,0.155680,-0.168022
0.218609,0.153258,-0.167023
0.215754,0.157194,-0.168408
0.214433,0.158445,-0.169028
0.213676,0.158490,-0.168849
0.212778,0.159673,-0.169358
0.210757,0.159283,-0.170132
0.209078,0.159587,-0.168800
0.205334,0.160404,-0.169839
0.208055,0.163027,-0.172038
0.205250,0.163019,-0.169723
0.205079,0.163681,-0.170607
0.205532,0.161643,-0.171679
0.201794,0.166677,-0.171826
0.200198,0.167370,-0.170930
0.199384,0.166781,-0.172809
0.199456,0.169544,-0.171411
0.196193,0.171141,-0.171599
0.195138,0.171733,-0.172645
0.193860,0.171238,-0.171824
0.193314,0.170875,-0.174182
0.190046,0.172313,-0.171718
0.188823,0.172705,-0.173831
0.187413,0.175219,-0.174879
0.185974,0.176017,-0.176022
0.184513,0.174730,-0.176230
0.182519,0.175939,-0.176617
0.181554,0.177128,-0.178112
0.180625,0.177698,-0.177939
0.177960,0.179698,-0.175867
0.175791,0.178925,-0.177051
0.176103,0.180407,-0.179353
0.174246,0.180439,-0.179828
0.172760,0.180572,-0.177783
0.170209,0.181514,-0.180722
0.168430,0.182658,-0.181158
0.167995,0.183147,-0.180496
0.165524,0.183545,-0.180455
0.165766,0.185259,-0.181029
0.162175,0.184003,-0.181863
0.162338,0.185757,-0.183125
0.161044,0.183534,-0.183565
0.159765,0.187859,-0.184461
0.155323,0.187095,-0.185600
0.154636,0.187034,-0.186000
0.152744,0.186925,-0.184307
0.151560,0.189141,-0.186664
0.149444,0.189253,-0.185698
0.148657,0.187982,-0.188289
0.147162,0.189208,-0.188752
0.145029,0.191697,-0.188962
0.141455,0.191167,-0.190713
0.136403,0.190235,-0.192442
0.138423,0.190232,-0.194337
0.133208,0.190058,-0.195771
0.131215,0.190825,-0.196253
0.130135,0.191646,-0.195948
0.129678,0.192520,-0.197128
0.125891,0.190202,-0.200598
0.122800,0.191955,-0.198857
0.123185,0.193065,-0.201142
0.118055,0.191855,-0.203004
0.118206,0.192797,-0.203235
0.115511,0.193980,-0.203763
0.112440,0.191145,-0.207043
0.110835,0.192709,-0.207455
0.107852,0.192773,-0.207711
0.105768,0.192835,-0.208904
0.103465,0.192008,-0.210977
0.098998,0.192080,-0.210772
0.098128,0.191979,-0.212048
0.095716,0.192630,-0.216221
0.091699,0.191431,-0.216802
0.090714,0.191125,-0.217824
0.089944,0.192600,-0.216325
0.086838,0.193777,-0.219076
0.084326,0.191953,-0.221133
0.083209,0.193665,-0.222964
0.078840,0.192616,-0.223352
0.078079,0.194432,-0.225071
0.073154,0.193753,-0.225642
0.072150,0.193822,-0.227324
0.070242,0.193476,-0.228879
0.068069,0.193847,-0.228946
0.066077,0.194723,-0.230426
0.063072,0.194144,-0.232664
0.060031,0.193400,-0.235057
0.060203,0.194061,-0.234061
0.058018,0.196721,-0.236392
0.052556,0.194138,-0.237448
0.051244,0.195372,-0.236710
0.049130,0.194599,-0.237598
0.046669,0.195804,-0.241031
0.046531,0.196058,-0.240700
0.044273,0.198784,-0.241110
0.041915,0.198059,-0.244189
0.039323,0.197601,-0.243118
0.037925,0.196472,-0.244473
0.035636,0.198605,-0.247511
0.034172,0.198370,-0.247629
0.273574,0.015514,-0.213050
0.273683,0.021257,-0.206677
0.279391,0.026774,-0.206563
0.279652,0.029205,-0.202087
0.278755,0.032103,-0.200001
0.279066,0.034338,-0.199202
0.279402,0.039068,-0.197001
0.282239,0.039938,-0.196146
0.279165,0.043623,-0.195103
0.281761,0.045228,-0.192341
0.280429,0.047864,-0.191339
0.281334,0.049914,-0.190606
0.279789,0.050805,-0.189310
0.281354,0.054607,-0.186638
0.280344,0.058163,-0.185648
0.280544,0.058848,-0.185195
0.279995,0.058833,-0.182737
0.280379,0.062791,-0.183834
0.278915,0.064105,-0.182356
0.280308,0.066845,-0.179615
0.279711,0.068702,-0.178730
0.280216,0.071362,-0.176971
0.282109,0.072940,-0.176071
0.280842,0.076601,-0.176197
0.280690,0.076444,-0.173683
0.279984,0.079702,-0.172456
0.280704,0.082303,-0.171748
0.279394,0.085521,-0.169690
0.281591,0.085665,-0.169192
0.278196,0.086009,-0.170389
0.278548,0.088125,-0.168825
0.277643,0.091144,-0.168714
0.278781,0.093209,-0.167098
0.276341,0.093355,-0.167675
0.274743,0.095855,-0.165415
0.276362,0.097001,-0.166422
0.276156,0.102408,-0.165578
0.273494,0.101274,-0.164924
0.274155,0.102374,-0.165732
0.273870,0.102038,-0.164327
0.270962,0.103426,-0.164828
0.270638,0.105172,-0.165805
0.267584,0.105607,-0.165283
0.269385,0.106034,-0.164760
0.267950,0.107755,-0.164794
0.266574,0.109255,-0.163798
0.266516,0.110511,-0.163479
0.265305,0.110190,-0.163239
0.263096,0.112014,-0.164514
0.262531,0.113664,-0.162709
0.263682,0.114214,-0.163430
0.260879,0.114435,-0.164201
0.257257,0.116475,-0.165019
0.258097,0.120541,-0.165879
0.258724,0.118835,-0.164999
0.258143,0.121701,-0.165791
0.255968,0.120818,-0.162514
0.255487,0.124504,-0.165834
0.254478,0.123868,-0.162261
0.252597,0.125894,-0.165127
0.251179,0.126068,-0.162628
0.250723,0.126391,-0.164787
0.246842,0.128050,-0.163575
0.247273,0.129774,-0.164176
0.247002,0.130180,-0.164781
0.243944,0.131093,-0.164361
0.243190,0.131840,-0.165169
0.241564,0.135502,-0.164508
0.242645,0.133551,-0.164181
0.239908,0.134819,-0.165259
0.242699,0.133980,-0.165657
0.238090,0.136725,-0.164346
0.235708,0.138642,-0.165381
0.235681,0.138212,-0.164053
0.233180,0.141098,-0.166547
0.232234,0.140207,-0.166166
0.232913,0.142196,-0.164113
0.231109,0.142230,-0.165609
0.228096,0.144005,-0.167051
0.227129,0.143031,-0.166495
0.228550,0.147120,-0.166885
0.225608,0.144376,-0.166852
0.225608,0.148045,-0.165885
0.223141,0.150076,-0.166801
0.222282,0.149346,-0.166330
0.220644,0.152213,-0.166676
0.219526,0.151270,-0.166252
0.218744,0.153718,-0.168269
0.219275,0.153831,-0.168288
0.216296,0.155387,-0.167958
0.214897,0.156392,-0.168183
0.212377,0.154112,-0.167450
0.210894,0.157163,-0.166213
0.209395,0.158366,-0.167176
0.209842,0.158863,-0.168245
0.208049,0.160232,-0.169923
0.205794,0.160156,-0.169206
0.205698,0.160686,-0.168710
0.204781,0.161428,-0.168306
0.203545,0.163721,-0.168882
0.200216,0.165219,-0.170840
0.200242,0.166391,-0.171167
0.198763,0.164625,-0.169709
0.197604,0.165776,-0.169424
0.198092,0.167602,-0.170606
0.197037,0.169366,-0.171183
0.194905,0.169488,-0.172466
0.193149,0.168231,-0.171366
0.191604,0.171758,-0.171905
0.188927,0.172796,-0.172443
0.187737,0.173201,-0.171052
0.186234,0.172686,-0.173694
0.186246,0.172541,-0.174011
0.184337,0.175859,-0.173927
0.182553,0.176317,-0.174435
0.181398,0.175709,-0.174431
0.180589,0.176355,-0.176146
0.177356,0.176640,-0.176050
0.176873,0.178211,-0.176238
0.174822,0.178483,-0.175755
0.172181,0.178691,-0.177421
0.169739,0.178739,-0.177697
0.171279,0.180665,-0.178504
0.169537,0.181899,-0.178019
0.167499,0.183282,-0.178985
0.164379,0.182744,-0.180311
0.163406,0.184978,-0.179101
0.160681,0.183572,-0.181496
0.160037,0.184885,-0.182049
0.160389,0.184070,-0.182503
0.157216,0.186914,-0.183085
0.156090,0.186901,-0.183163
0.154020,0.186444,-0.184219
0.151018,0.188096,-0.184839
0.150215,0.188101,-0.185836
0.146525,0.188349,-0.184909
0.147319,0.188107,-0.187208
0.144675,0.188297,-0.188108
0.140968,0.190565,-0.189147
0.138892,0.188698,-0.188672
0.138891,0.190427,-0.191253
0.136320,0.187558,-0.190766
0.132576,0.188524,-0.193956
0.130952,0.189366,-0.194675
0.128958,0.190361,-0.197002
0.126537,0.187920,-0.197542
0.125118,0.192512,-0.197827
0.122209,0.190975,-0.198232
0.118369,0.192005,-0.201225
0.119058,0.190063,-0.201275
0.116025,0.191624,-0.202587
0.113301,0.190958,-0.203280
0.112048,0.191685,-0.205337
0.108600,0.189492,-0.206604
0.107166,0.190955,-0.208964
0.101768,0.192834,-0.209939
0.101187,0.191885,-0.209591
0.100176,0.190606,-0.210610
0.097310,0.190563,-0.213461
0.094807,0.189526,-0.214220
0.093367,0.192370,-0.216932
0.090778,0.191153,-0.217635
0.086974,0.194445,-0.217371
0.085788,0.191855,-0.220325
0.083573,0.190945,-0.220563
0.079360,0.193132,-0.221161
0.079866,0.192490,-0.222211
0.075395,0.192586,-0.223026
0.071955,0.192638,-0.224710
0.070504,0.189944,-0.226851
0.066389,0.191510,-0.229618
0.066912,0.193293,-0.227275
0.063225,0.193415,-0.229816
0.062451,0.191592,-0.232291
0.060136,0.192232,-0.233612
0.055605,0.193018,-0.234436
0.054088,0.194480,-0.235834
0.052690,0.193529,-0.236590
0.050343,0.195100,-0.236740
0.048995,0.195496,-0.238700
0.046938,0.192719,-0.238951
0.043152,0.194706,-0.241537
0.042629,0.193071,-0.240191
0.041105,0.195624,-0.242390
0.037080,0.195222,-0.243774
0.034957,0.195565,-0.246036
0.034729,0.197253,-0.244758
0.267169,0.010141,-0.215349
0.271950,0.017020,-0.211203
0.275767,0.023236,-0.206170
0.276787,0.025194,-0.201825
0.276461,0.027228,-0.200903
0.276337,0.030260,-0.198794
0.277752,0.033434,-0.198151
0.277951,0.037586,-0.195198
0.278861,0.039318,-0.194481
0.280198,0.039559,-0.192079
0.280408,0.045579,-0.189846
0.279881,0.045426,-0.190084
0.279465,0.049587,-0.188612
0.280657,0.051545,-0.188342
0.279031,0.054037,-0.185830
0.279177,0.055034,-0.186150
0.279064,0.056694,-0.185181
0.277862,0.060826,-0.182517
0.281288,0.061402,-0.182923
0.278195,0.063325,-0.179246
0.279919,0.067603,-0.178158
0.281262,0.067696,-0.178012
0.279311,0.072016,-0.176939
0.279270,0.072862,-0.175443
0.279914,0.075292,-0.173383
0.277602,0.076872,-0.172171
0.279577,0.080074,-0.172512
0.280501,0.082957,-0.171106
0.279347,0.084173,-0.169305
0.278468,0.085685,-0.168890
0.279804,0.086394,-0.167831
0.277556,0.090409,-0.165270
0.278716,0.090907,-0.166439
0.275856,0.091057,-0.166764
0.276829,0.095191,-0.165266
0.275388,0.095320,-0.165103
0.275216,0.098222,-0.165028
0.276080,0.098558,-0.165164
0.271588,0.098091,-0.164555
0.272715,0.100227,-0.164963
0.272047,0.102264,-0.164375
0.271332,0.104637,-0.164093
0.268357,0.104801,-0.164166
0.270162,0.104380,-0.164213
0.268309,0.105460,-0.163110
0.263607,0.106558,-0.163734
0.264840,0.108415,-0.163686
0.264245,0.109873,-0.161961
0.264047,0.110583,-0.163465
0.262976,0.111872,-0.163822
0.260102,0.113374,-0.163057
0.261176,0.113607,-0.163053
0.260209,0.114161,-0.163986
0.256959,0.115368,-0.161852
0.257570,0.118200,-0.165370
0.256391,0.118038,-0.164392
0.254791,0.118571,-0.164720
0.254450,0.119264,-0.163819
0.254074,0.121322,-0.161923
0.252458,0.122314,-0.165172
0.249726,0.124769,-0.163922
0.250858,0.123235,-0.162045
0.248556,0.125583,-0.162946
0.248908,0.126863,-0.162065
0.246533,0.127888,-0.164581
0.243820,0.127606,-0.163947
0.244514,0.129066,-0.163933
0.244359,0.130470,-0.163111
0.241758,0.131273,-0.161949
0.241278,0.131095,-0.164074
0.237794,0.132104,-0.164443
0.238846,0.134850,-0.163602
0.239439,0.135515,-0.163999
0.235403,0.137384,-0.162508
0.234617,0.136716,-0.164891
0.233449,0.138973,-0.166068
0.231221,0.140459,-0.164644
0.230583,0.139062,-0.163407
0.230323,0.142477,-0.164166
0.228255,0.142415,-0.164335
0.227202,0.144802,-0.166783
0.226949,0.144065,-0.165746
0.224996,0.145271,-0.165483
0.224111,0.146436,-0.165313
0.222394,0.148446,-0.164230
0.219818,0.151229,-0.165106
0.220342,0.148701,-0.166519
0.218189,0.148838,-0.166037
0.217051,0.151256,-0.166749
0.217335,0.153298,-0.165181
0.214189,0.154950,-0.165824
0.215013,0.154210,-0.166467
0.212313,0.155200,-0.166612
0.210522,0.155418,-0.167667
0.210266,0.154413,-0.166122
0.207668,0.158642,-0.166462
0.207903,0.157890,-0.168230
0.206752,0.159135,-0.168825
0.205300,0.160899,-0.167756
0.202993,0.160829,-0.166825
0.202863,0.162917,-0.167878
0.201100,0.163548,-0.169108
0.198767,0.162162,-0.168357
0.198072,0.165337,-0.166395
0.195500,0.167392,-0.169137
0.196106,0.165872,-0.170099
0.194311,0.167117,-0.170043
0.191363,0.168042,-0.171993
0.190272,0.169235,-0.172571
0.191185,0.168695,-0.171968
0.188572,0.171892,-0.169792
0.188343,0.171504,-0.172644
0.186104,0.172836,-0.171986
0.184980,0.173299,-0.171723
0.181939,0.173729,-0.172816
0.182502,0.173652,-0.174208
0.181046,0.174205,-0.172968
0.178592,0.177305,-0.173350
0.177401,0.176478,-0.175743
0.173743,0.178056,-0.176368
0.173254,0.178535,-0.176540
0.171622,0.176729,-0.175866
0.170597,0.180310,-0.177196
0.169813,0.178739,-0.178125
0.166531,0.180711,-0.179895
0.165633,0.179591,-0.179382
0.163970,0.179923,-0.181412
0.160229,0.183628,-0.180782
0.160098,0.183257,-0.178978
0.159595,0.183201,-0.182589
0.156372,0.184098,-0.181323
0.156639,0.186006,-0.182556
0.154300,0.186324,-0.183836
0.153102,0.185374,-0.182067
0.151134,0.185915,-0.184998
0.147486,0.185573,-0.184034
0.146473,0.186485,-0.183519
0.145071,0.189327,-0.185863
0.142739,0.188178,-0.187158
0.140418,0.187995,-0.187838
0.139459,0.188548,-0.190306
0.138278,0.187590,-0.190298
0.133708,0.188494,-0.191948
0.132230,0.187542,-0.192688
0.128748,0.189779,-0.195645
0.127312,0.188358,-0.194598
0.125044,0.190227,-0.196311
0.121326,0.189605,-0.198342
0.120904,0.190209,-0.198563
0.119143,0.188895,-0.199206
0.116718,0.190677,-0.200885
0.114429,0.188811,-0.201794
0.112411,0.188912,-0.201238
0.109148,0.190044,-0.203914
0.107290,0.189116,-0.206373
0.105890,0.188245,-0.206668
0.102468,0.189048,-0.207132
0.100579,0.191651,-0.210290
0.096921,0.188407,-0.211492
0.095202,0.190180,-0.213711
0.093231,0.189751,-0.213453
0.091042,0.190972,-0.216527
0.089958,0.190991,-0.215459
0.086063,0.191411,-0.216295
0.083983,0.191377,-0.218618
0.081299,0.190333,-0.221316
0.079557,0.191419,-0.221033
0.078211,0.190073,-0.223317
0.074119,0.191134,-0.224170
0.070634,0.191491,-0.222632
0.069298,0.190444,-0.225547
0.066857,0.190787,-0.226269
0.064715,0.192642,-0.228774
0.061499,0.191901,-0.229481
0.060601,0.191325,-0.231808
0.057291,0.190479,-0.232844
0.055731,0.190724,-0.234915
0.053506,0.190747,-0.236237
0.050971,0.191575,-0.234290
0.050196,0.193334,-0.236695
0.045519,0.192444,-0.237508
0.047304,0.193917,-0.238618
0.042884,0.194187,-0.241484
0.039028,0.193218,-0.241784
0.037897,0.193669,-0.241532
0.035510,0.195304,-0.243906
0.034039,0.195803,-0.243285
0.032141,0.195960,-0.245063
0.268466,0.010421,-0.212158
0.272354,0.016981,-0.208620
0.276036,0.018960,-0.205125
0.276423,0.024818,-0.201444
0.275954,0.027643,-0.199925
0.277119,0.029226,-0.197712
0.278158,0.033093,-0.196760
0.277442,0.034513,-0.194770
0.279600,0.037842,-0.194334
0.277539,0.041223,-0.191954
0.277756,0.043503,-0.191559
0.277017,0.045776,-0.187516
0.278399,0.049274,-0.188360
0.279358,0.049384,-0.183915
0.278659,0.052180,-0.184102
0.277923,0.052679,-0.184066
0.278836,0.056905,-0.184041
0.277543,0.057946,-0.181350
0.280244,0.060217,-0.179012
0.278706,0.062832,-0.178827
0.278774,0.066228,-0.179411
0.277325,0.066371,-0.176008
0.277754,0.070373,-0.174697
0.279648,0.072688,-0.172828
0.280982,0.074088,-0.172208
0.280963,0.075843,-0.170260
0.280147,0.078020,-0.170329
0.279537,0.080833,-0.170064
0.279898,0.082682,-0.168092
0.278978,0.083967,-0.169102
0.277740,0.086643,-0.168293
0.276081,0.086405,-0.165752
0.276413,0.090233,-0.165512
0.276427,0.093191,-0.165153
0.276442,0.092847,-0.165294
0.274483,0.094380,-0.164663
0.273807,0.095343,-0.162959
0.273171,0.095851,-0.163554
0.273160,0.098375,-0.166559
0.271518,0.096911,-0.161461
0.271438,0.101567,-0.162481
0.269036,0.102316,-0.163540
0.268102,0.102387,-0.161418
0.268964,0.104760,-0.162409
0.266086,0.104043,-0.164031
0.266761,0.106046,-0.163221
0.263150,0.106737,-0.162254
0.262419,0.109475,-0.161719
0.262610,0.111536,-0.162923
0.262565,0.111674,-0.161304
0.260509,0.110930,-0.161802
0.258208,0.112223,-0.162835
0.259361,0.112971,-0.161931
0.256301,0.115184,-0.162557
0.257076,0.115363,-0.162870
0.254696,0.116070,-0.162320
0.253705,0.119536,-0.161306
0.253064,0.119968,-0.161773
0.251598,0.122710,-0.163098
0.250585,0.120908,-0.163127
0.249623,0.123242,-0.164436
0.249353,0.125102,-0.161425
0.247072,0.124104,-0.161317
0.245762,0.126542,-0.162081
0.247303,0.125668,-0.163499
0.244630,0.124817,-0.162322
0.242603,0.129917,-0.161461
0.242178,0.129825,-0.162998
0.240314,0.128473,-0.163882
0.237716,0.132423,-0.163865
0.236790,0.131625,-0.163188
0.236841,0.135080,-0.161649
0.234235,0.135011,-0.162473
0.234205,0.136208,-0.163449
0.234389,0.136490,-0.164594
0.232334,0.138631,-0.163071
0.229060,0.138325,-0.163404
0.230536,0.139173,-0.164014
0.228791,0.141455,-0.164779
0.226625,0.142726,-0.164427
0.225607,0.140937,-0.164232
0.223526,0.145587,-0.165060
0.223009,0.144589,-0.164945
0.220940,0.145026,-0.163940
0.222076,0.145817,-0.164237
0.220253,0.148279,-0.164697
0.218694,0.148031,-0.166503
0.217562,0.150131,-0.162285
0.216665,0.149262,-0.164858
0.216492,0.150735,-0.164449
0.214585,0.152453,-0.166179
0.213435,0.152917,-0.167296
0.211558,0.154622,-0.163882
0.209978,0.153714,-0.166960
0.209326,0.155460,-0.167225
0.210487,0.157438,-0.166126
0.206822,0.157054,-0.165419
0.205691,0.158402,-0.165864
0.202821,0.158915,-0.167935
0.204156,0.157957,-0.167701
0.201531,0.161969,-0.167860
0.199005,0.163210,-0.168225
0.199093,0.162517,-0.167209
0.195908,0.164139,-0.166673
0.196597,0.165632,-0.167433
0.194611,0.164805,-0.167033
0.191629,0.165996,-0.169648
0.190568,0.168329,-0.168475
0.189676,0.167796,-0.168142
0.188951,0.169437,-0.170533
0.186737,0.169181,-0.170426
0.186770,0.171260,-0.171458
0.182891,0.171157,-0.171617
0.181104,0.170900,-0.170165
0.180841,0.171850,-0.173345
0.180918,0.174567,-0.169076
0.178970,0.174070,-0.173124
0.179933,0.175333,-0.172450
0.174355,0.173435,-0.173306
0.173874,0.176033,-0.174278
0.171834,0.176367,-0.175108
0.171353,0.177448,-0.173305
0.168764,0.177307,-0.176543
0.167598,0.177915,-0.177720
0.168349,0.179711,-0.177163
0.165351,0.178109,-0.179342
0.163067,0.178877,-0.176519
0.162364,0.181831,-0.178764
0.159463,0.181950,-0.176316
0.158642,0.182796,-0.180499
0.157519,0.183223,-0.180409
0.155214,0.183281,-0.182473
0.151915,0.183708,-0.182929
0.151011,0.182948,-0.183746
0.149077,0.182347,-0.183722
0.147163,0.184500,-0.186253
0.143884,0.185539,-0.186526
0.141917,0.185519,-0.186691
0.142339,0.187529,-0.186224
0.139983,0.185516,-0.187677
0.139619,0.187510,-0.188279
0.136312,0.186212,-0.188267
0.133212,0.187473,-0.189876
0.132523,0.189197,-0.189998
0.129202,0.186249,-0.192304
0.127016,0.186877,-0.192768
0.124526,0.189007,-0.195042
0.121110,0.188262,-0.196922
0.118624,0.186887,-0.196412
0.117336,0.186946,-0.199922
0.114734,0.186313,-0.199572
0.111337,0.189525,-0.199045
0.107809,0.188795,-0.201414
0.109086,0.188486,-0.203911
0.106785,0.186316,-0.204979
0.102222,0.188253,-0.204702
0.099417,0.187135,-0.207424
0.096514,0.187411,-0.210032
0.096535,0.187770,-0.209157
0.094345,0.188752,-0.210391
0.091275,0.188413,-0.213755
0.089695,0.189841,-0.213837
0.087234,0.189121,-0.213488
0.084282,0.190581,-0.218346
0.081931,0.187800,-0.216376
0.080055,0.189983,-0.218890
0.077847,0.187996,-0.219002
0.075445,0.189774,-0.220474
0.072502,0.190396,-0.224490
0.068469,0.191321,-0.225003
0.067951,0.189676,-0.225923
0.064197,0.188935,-0.226637
0.063217,0.189785,-0.228143
0.059816,0.190121,-0.229407
0.060405,0.189030,-0.230142
0.055830,0.191578,-0.232370
0.054762,0.189131,-0.235778
0.051103,0.190458,-0.231659
0.048929,0.191827,-0.234388
0.047528,0.191419,-0.235818
0.042816,0.190723,-0.236917
0.043442,0.192065,-0.238229
0.041689,0.192073,-0.240219
0.038732,0.192808,-0.239275
0.036479,0.191119,-0.242714
0.034955,0.190068,-0.241316
0.032459,0.192525,-0.245479
0.268349,0.009419,-0.211278
0.271443,0.015977,-0.207377
0.271592,0.020005,-0.202477
0.275220,0.025111,-0.199966
0.273728,0.026894,-0.198538
0.276216,0.029096,-0.197873
0.275794,0.031669,-0.195874
0.276639,0.034688,-0.194720
0.275124,0.039258,-0.191483
0.278600,0.039508,-0.189052
0.278897,0.042695,-0.188253
0.278612,0.042998,-0.188131
0.276762,0.046067,-0.186014
0.279358,0.049040,-0.184151
0.277301,0.052497,-0.182821
0.279348,0.052959,-0.183522
0.278671,0.055234,-0.180680
0.277394,0.057454,-0.179791
0.278247,0.058497,-0.178494
0.277130,0.062982,-0.178063
0.277114,0.064753,-0.176361
0.276563,0.066123,-0.175909
0.276825,0.067856,-0.173356
0.278574,0.072185,-0.174840
0.278520,0.073346,-0.171604
0.279360,0.076435,-0.169242
0.277185,0.078924,-0.168373
0.276611,0.080288,-0.166909
0.278316,0.083304,-0.167521
0.277984,0.085063,-0.168456
0.276679,0.083236,-0.165375
0.277032,0.086665,-0.164837
0.274665,0.087250,-0.163867
0.274099,0.093129,-0.163356
0.274883,0.090993,-0.163843
0.273490,0.093212,-0.163985
0.274435,0.095545,-0.161740
0.272012,0.095537,-0.162574
0.273218,0.096182,-0.161474
0.271724,0.098023,-0.163799
0.270079,0.099699,-0.162107
0.269807,0.101486,-0.162321
0.267278,0.101469,-0.162035
0.265250,0.102707,-0.161721
0.266183,0.103517,-0.159427
0.264384,0.105902,-0.158636
0.262943,0.106815,-0.160868
0.263033,0.106525,-0.162186
0.261435,0.109044,-0.161257
0.260421,0.109468,-0.159716
0.260130,0.111396,-0.159565
0.256392,0.110325,-0.160938
0.257816,0.113192,-0.161080
0.256352,0.114784,-0.161590
0.255166,0.115567,-0.163069
0.255211,0.118565,-0.161476
0.253030,0.116628,-0.162764
0.252723,0.116118,-0.162069
0.248332,0.118359,-0.160003
0.248913,0.121397,-0.162448
0.249134,0.121795,-0.161688
0.246905,0.122924,-0.163212
0.246758,0.123145,-0.160555
0.245117,0.125412,-0.162294
0.244575,0.126263,-0.163615
0.242430,0.125756,-0.160598
0.244402,0.125326,-0.162147
0.238791,0.126872,-0.161964
0.242087,0.129604,-0.161415
0.237512,0.131027,-0.161811
0.236345,0.131002,-0.161940
0.235495,0.132974,-0.163415
0.233340,0.134511,-0.160895
0.234600,0.134806,-0.162575
0.232329,0.135832,-0.162060
0.230335,0.135497,-0.164208
0.230758,0.137542,-0.163872
0.226964,0.138133,-0.163247
0.227966,0.138921,-0.162898
0.225068,0.141902,-0.164271
0.227578,0.140993,-0.162821
0.224089,0.144053,-0.164000
0.222504,0.143228,-0.162317
0.223423,0.143810,-0.163605
0.219767,0.145179,-0.164697
0.219340,0.146955,-0.163551
0.217461,0.148117,-0.163608
0.217225,0.147760,-0.165377
0.215703,0.149202,-0.163169
0.214997,0.148531,-0.164712
0.212278,0.151731,-0.162155
0.212510,0.151665,-0.164237
0.211002,0.152738,-0.164260
0.208259,0.153029,-0.167132
0.208436,0.154534,-0.165847
0.207137,0.153725,-0.164755
0.206225,0.158314,-0.165784
0.204974,0.159007,-0.163977
0.201936,0.159877,-0.167876
0.201278,0.158767,-0.166604
0.200893,0.161693,-0.165151
0.200642,0.162253,-0.166113
0.199383,0.162598,-0.166787
0.195525,0.164096,-0.166498
0.194537,0.163449,-0.166709
0.193584,0.163777,-0.167418
0.192582,0.165993,-0.167735
0.191497,0.166572,-0.168331
0.189275,0.168720,-0.168457
0.188468,0.167760,-0.167174
0.187051,0.168327,-0.166428
0.185799,0.168309,-0.168527
0.184826,0.169495,-0.171094
0.183283,0.172114,-0.172012
0.180613,0.170912,-0.171425
0.179839,0.172195,-0.172741
0.178674,0.173786,-0.171867
0.174849,0.173767,-0.170118
0.175454,0.175120,-0.174191
0.175072,0.176131,-0.172864
0.170068,0.176175,-0.173617
0.170655,0.176663,-0.174556
0.166787,0.175844,-0.174588
0.166831,0.176362,-0.175186
0.165921,0.177032,-0.174039
0.163297,0.179546,-0.176296
0.161129,0.178741,-0.177177
0.160050,0.180146,-0.178160
0.158924,0.179851,-0.179125
0.155565,0.180850,-0.178459
0.155785,0.180943,-0.180618
0.153712,0.181818,-0.180516
0.152176,0.181711,-0.183914
0.152303,0.181989,-0.180489
0.148342,0.184447,-0.182046
0.145524,0.184824,-0.182466
0.142836,0.184752,-0.184475
0.141343,0.184886,-0.185248
0.141527,0.185652,-0.185248
0.137399,0.186768,-0.186656
0.135671,0.185750,-0.186503
0.134238,0.185915,-0.188545
0.130486,0.187875,-0.189608
0.129459,0.186046,-0.189763
0.128617,0.186324,-0.192720
0.125702,0.184874,-0.193291
0.123259,0.186915,-0.194746
0.120685,0.187393,-0.194667
0.119577,0.186963,-0.198650
0.116273,0.186596,-0.198172
0.114045,0.187186,-0.198911
0.111858,0.185845,-0.200992
0.108710,0.187502,-0.201590
0.108286,0.186457,-0.202392
0.104702,0.187755,-0.206041
0.104456,0.187809,-0.206016
0.099647,0.186435,-0.206772
0.098737,0.187674,-0.208009
0.095745,0.185231,-0.210609
0.091921,0.188763,-0.211532
0.089772,0.186223,-0.211314
0.086745,0.187842,-0.213587
0.086158,0.188967,-0.214881
0.084650,0.189200,-0.214986
0.083641,0.188513,-0.215774
0.078549,0.187483,-0.217609
0.075610,0.188757,-0.220359
0.075678,0.188314,-0.222101
0.070911,0.189624,-0.221705
0.069166,0.188239,-0.223334
0.065581,0.187904,-0.225791
0.062781,0.189184,-0.226148
0.060527,0.189150,-0.226894
0.058472,0.188746,-0.227838
0.056764,0.188639,-0.229417
0.053998,0.189053,-0.231018
0.053209,0.187722,-0.233938
0.049896,0.189274,-0.232559
0.047808,0.187532,-0.235271
0.042743,0.190528,-0.234877
0.043183,0.189020,-0.237228
0.040053,0.187678,-0.237396
0.038911,0.189569,-0.240221
0.035973,0.191397,-0.239094
0.035202,0.189733,-0.242933
0.032929,0.192527,-0.243456
0.269243,0.009609,-0.209964
0.272162,0.016345,-0.205032
0.274220,0.022216,-0.202387
0.272921,0.023502,-0.199415
0.272752,0.024647,-0.196643
0.276028,0.028837,-0.195274
0.275923,0.032496,-0.192819
0.274095,0.034197,-0.192703
0.275437,0.037255,-0.190482
0.276846,0.040470,-0.189014
0.275046,0.041342,-0.187751
0.275527,0.042230,-0.184299
0.276778,0.046241,-0.185000
0.277059,0.048150,-0.185422
0.277043,0.049941,-0.182962
0.276077,0.052028,-0.180931
0.275976,0.055520,-0.179930
0.277445,0.056887,-0.177207
0.277387,0.058881,-0.177468
0.277359,0.061187,-0.176083
0.276743,0.062938,-0.174057
0.276055,0.067996,-0.175983
0.277033,0.068270,-0.172998
0.277629,0.072004,-0.171159
0.278534,0.073503,-0.169571
0.278937,0.073072,-0.169895
0.275866,0.077083,-0.167792
0.276494,0.078384,-0.165590
0.277790,0.081516,-0.165064
0.275129,0.083743,-0.165669
0.275596,0.084248,-0.165192
0.275888,0.086521,-0.163371
0.274717,0.088892,-0.161469
0.273685,0.088003,-0.161856
0.275574,0.091935,-0.162206
0.271830,0.094120,-0.159536
0.272508,0.094411,-0.161015
0.273069,0.097033,-0.163517
0.270912,0.095312,-0.159978
0.271112,0.096026,-0.159625
0.268226,0.098870,-0.158473
0.268032,0.098899,-0.159224
0.266997,0.100176,-0.160043
0.266943,0.101283,-0.161989
0.265496,0.103120,-0.161227
0.265010,0.103674,-0.159534
0.262968,0.105998,-0.159533
0.261194,0.107307,-0.159183
0.259070,0.107274,-0.159192
0.259573,0.108455,-0.159536
0.258808,0.109079,-0.160428
0.259416,0.110232,-0.160449
0.256224,0.112792,-0.159225
0.254889,0.111822,-0.160668
0.253306,0.110871,-0.160130
0.254829,0.115140,-0.160691
0.250889,0.115159,-0.161815
0.248830,0.116240,-0.159004
0.248288,0.118000,-0.160401
0.248121,0.120298,-0.160531
0.247169,0.118536,-0.159531
0.244712,0.122292,-0.161099
0.242810,0.123294,-0.159938
0.245194,0.122927,-0.160703
0.240815,0.124508,-0.159042
0.241646,0.126000,-0.161067
0.239728,0.126055,-0.161627
0.238956,0.128447,-0.161301
0.238053,0.128027,-0.160071
0.237335,0.127518,-0.160359
0.234045,0.131729,-0.160847
0.233804,0.132587,-0.161947
0.231551,0.132613,-0.161110
0.232920,0.132770,-0.162238
0.231344,0.134415,-0.161648
0.230375,0.135481,-0.162453
0.226435,0.135709,-0.162780
0.228518,0.136281,-0.164345
0.225718,0.138495,-0.162704
0.223213,0.139094,-0.162523
0.224428,0.142026,-0.160844
0.222041,0.141567,-0.162648
0.221300,0.141421,-0.161761
0.221888,0.141435,-0.163097
0.220851,0.143434,-0.163615
0.218583,0.145374,-0.161983
0.215586,0.143835,-0.166038
0.214688,0.146932,-0.164158
0.214824,0.148229,-0.161828
0.212225,0.148042,-0.161517
0.211332,0.148125,-0.163298
0.211274,0.152501,-0.164318
0.207972,0.153345,-0.163150
0.210509,0.152053,-0.164585
0.207151,0.154777,-0.162215
0.205539,0.154517,-0.162940
0.203199,0.153745,-0.163457
0.202252,0.157526,-0.165086
0.201578,0.157131,-0.164426
0.201768,0.156899,-0.164645
0.199977,0.160486,-0.166420
0.197534,0.158824,-0.166250
0.198436,0.162294,-0.165689
0.194857,0.161594,-0.165430
0.195187,0.163148,-0.165635
0.191966,0.161880,-0.166476
0.192168,0.164643,-0.167984
0.189069,0.167009,-0.166512
0.189380,0.166205,-0.168119
0.185280,0.167307,-0.166258
0.185531,0.166205,-0.167544
0.185271,0.168220,-0.167779
0.181367,0.166218,-0.167362
0.181770,0.169618,-0.169207
0.178482,0.171377,-0.167421
0.178340,0.171941,-0.168824
0.176849,0.171158,-0.172917
0.177534,0.173807,-0.171627
0.173565,0.172784,-0.170979
0.171227,0.174817,-0.173806
0.170594,0.175037,-0.173971
0.169787,0.175348,-0.172573
0.167476,0.175038,-0.173582
0.163896,0.175697,-0.175441
0.163189,0.177356,-0.174666
0.162905,0.176048,-0.176097
0.160919,0.178206,-0.176377
0.156936,0.178262,-0.176606
0.156114,0.180298,-0.176618
0.155252,0.179941,-0.179565
0.153789,0.180856,-0.179230
0.152718,0.181374,-0.177499
0.150404,0.181089,-0.182220
0.147007,0.182115,-0.182169
0.146690,0.179216,-0.181980
0.144487,0.180963,-0.182821
0.141961,0.184546,-0.183152
0.141588,0.182209,-0.182933
0.138650,0.183887,-0.183802
0.137504,0.183587,-0.185847
0.133770,0.183388,-0.187331
0.132708,0.185940,-0.188793
0.129233,0.185715,-0.190136
0.127400,0.186306,-0.189247
0.124374,0.184053,-0.189103
0.125255,0.185512,-0.192756
0.122540,0.185738,-0.193825
0.119768,0.182844,-0.195817
0.116611,0.185890,-0.194669
0.115021,0.184563,-0.197638
0.113709,0.185313,-0.197453
0.110364,0.184927,-0.199487
0.107303,0.186609,-0.202310
0.104648,0.186138,-0.201720
0.104245,0.185040,-0.204204
0.099711,0.185215,-0.204898
0.097774,0.185783,-0.207123
0.097316,0.187228,-0.206881
0.093991,0.184126,-0.207551
0.091026,0.188977,-0.208998
0.088448,0.186158,-0.212033
0.085850,0.186216,-0.213410
0.084993,0.185446,-0.214447
0.082120,0.186270,-0.213007
0.081719,0.185268,-0.215819
0.077379,0.186794,-0.217231
0.074406,0.188092,-0.220616
0.073521,0.187825,-0.220260
0.070743,0.186303,-0.220172
0.066516,0.185879,-0.224184
0.063446,0.187331,-0.225715
0.063189,0.187327,-0.225100
0.060305,0.187395,-0.226595
0.057372,0.188413,-0.227210
0.054916,0.186779,-0.229132
0.054011,0.189940,-0.230795
0.049917,0.187313,-0.229511
0.048951,0.188894,-0.232829
0.045763,0.188269,-0.233165
0.044698,0.188317,-0.233945
0.043227,0.187190,-0.236719
0.038401,0.188616,-0.238017
0.035764,0.189683,-0.239012
0.033834,0.188020,-0.238647
0.032246,0.188226,-0.239711
0.028793,0.186962,-0.239850
0.268012,0.011794,-0.207097
0.272800,0.015794,-0.201755
0.271938,0.019230,-0.201037
0.274363,0.023910,-0.199310
0.274806,0.026058,-0.196897
0.273117,0.027055,-0.194792
0.273288,0.032121,-0.193012
0.276123,0.032473,-0.190604
0.274669,0.036201,-0.189052
0.276005,0.039069,-0.186740
0.276671,0.039712,-0.185367
0.276354,0.043718,-0.184752
0.276444,0.044940,-0.181703
0.275438,0.048426,-0.181148
0.275448,0.049731,-0.180460
0.276610,0.050219,-0.178444
0.276171,0.052461,-0.178861
0.275927,0.056100,-0.176329
0.277442,0.058112,-0.175554
0.275145,0.059934,-0.174342
0.276145,0.062797,-0.174729
0.275290,0.065554,-0.171302
0.276194,0.068067,-0.171731
0.276356,0.068668,-0.170183
0.277174,0.072887,-0.169334
0.276121,0.074183,-0.166728
0.275524,0.077284,-0.165198
0.275538,0.077981,-0.164811
0.275091,0.079946,-0.164646
0.275017,0.079419,-0.163504
0.275856,0.082554,-0.160785
0.275933,0.086009,-0.161789
0.274964,0.086673,-0.162254
0.274285,0.089611,-0.159995
0.270636,0.091813,-0.158754
0.272636,0.090589,-0.159393
0.269677,0.094267,-0.158623
0.270662,0.094533,-0.160493
0.268886,0.093803,-0.160123
0.268831,0.096922,-0.158089
0.266962,0.097056,-0.158978
0.266557,0.101264,-0.162350
0.266690,0.099680,-0.159866
0.264789,0.100151,-0.157967
0.263459,0.101140,-0.158319
0.262379,0.103244,-0.159264
0.261696,0.105539,-0.158231
0.258705,0.106819,-0.159157
0.260817,0.106938,-0.158242
0.258876,0.108755,-0.158857
0.256603,0.108789,-0.159243
0.256112,0.110846,-0.159050
0.255061,0.111160,-0.160173
0.254010,0.112314,-0.159169
0.253344,0.113625,-0.159335
0.252706,0.114251,-0.157303
0.250363,0.114763,-0.159405
0.250474,0.116708,-0.159119
0.247370,0.116791,-0.157157
0.248096,0.118772,-0.160095
0.244195,0.119509,-0.159455
0.244505,0.119880,-0.159961
0.243663,0.122663,-0.158509
0.242899,0.121793,-0.159433
0.239687,0.124151,-0.160769
0.241280,0.125289,-0.158593
0.239688,0.124372,-0.160236
0.236755,0.127781,-0.159859
0.237120,0.126035,-0.160377
0.236149,0.128763,-0.159745
0.235448,0.129513,-0.159591
0.234622,0.130968,-0.159461
0.231979,0.131291,-0.162495
0.233114,0.132232,-0.160981
0.229252,0.132577,-0.161155
0.229520,0.135000,-0.160370
0.225975,0.133798,-0.162061
0.227643,0.137607,-0.159324
0.223311,0.136223,-0.162316
0.224929,0.141044,-0.161930
0.223232,0.139712,-0.161791
0.222363,0.139927,-0.160872
0.219596,0.140699,-0.162033
0.218486,0.142853,-0.160847
0.217735,0.142846,-0.159676
0.217585,0.144746,-0.162632
0.217805,0.145160,-0.160997
0.215627,0.146273,-0.161413
0.212850,0.148285,-0.161815
0.213639,0.147751,-0.161876
0.208084,0.151436,-0.162779
0.207901,0.150219,-0.163544
0.209245,0.150837,-0.161905
0.205827,0.150441,-0.162668
0.203399,0.154162,-0.162836
0.204435,0.153854,-0.163498
0.203829,0.153632,-0.163164
0.204076,0.156198,-0.162304
0.202386,0.156269,-0.162879
0.198030,0.156028,-0.163110
0.197104,0.158669,-0.164465
0.197165,0.159061,-0.165910
0.195600,0.160518,-0.164206
0.194946,0.160675,-0.165665
0.193685,0.161304,-0.166613
0.189822,0.163407,-0.165187
0.192042,0.163986,-0.164674
0.189429,0.163707,-0.166361
0.188266,0.166267,-0.166619
0.186816,0.165464,-0.169169
0.183377,0.167543,-0.166827
0.185136,0.169916,-0.166699
0.182842,0.167871,-0.168565
0.178394,0.167879,-0.167790
0.179640,0.170137,-0.169009
0.176942,0.168928,-0.168056
0.177204,0.172342,-0.170510
0.174891,0.170625,-0.169339
0.174264,0.172627,-0.169980
0.170387,0.173106,-0.171009
0.168495,0.173980,-0.171087
0.167913,0.172324,-0.172070
0.166538,0.174378,-0.173074
0.164686,0.173944,-0.172200
0.161276,0.176800,-0.175401
0.160206,0.174937,-0.174507
0.159831,0.177680,-0.174286
0.159808,0.177181,-0.176003
0.156172,0.176700,-0.177426
0.152688,0.179646,-0.177411
0.152109,0.179351,-0.178077
0.151253,0.181144,-0.178234
0.147838,0.180496,-0.179316
0.150759,0.181925,-0.180885
0.144494,0.179814,-0.180479
0.143926,0.181359,-0.180604
0.142618,0.181212,-0.181723
0.138755,0.182692,-0.182500
0.135393,0.180630,-0.183659
0.132874,0.182648,-0.184939
0.131340,0.182508,-0.184606
0.130574,0.181153,-0.185768
0.129029,0.183618,-0.189329
0.126380,0.182245,-0.190267
0.124171,0.183227,-0.189859
0.121187,0.184164,-0.191868
0.120788,0.183509,-0.191865
0.116530,0.183746,-0.194968
0.117171,0.185220,-0.196151
0.115386,0.183901,-0.196065
0.111420,0.184098,-0.198236
0.108112,0.183599,-0.199735
0.104441,0.183340,-0.200712
0.104393,0.183765,-0.200390
0.102768,0.184883,-0.202144
0.100813,0.184880,-0.201711
0.096020,0.185975,-0.206850
0.093509,0.184843,-0.205477
0.092336,0.188143,-0.208626
0.089915,0.184464,-0.208755
0.087309,0.186399,-0.211521
0.086554,0.184181,-0.210355
0.082045,0.186430,-0.212690
0.080484,0.185219,-0.215483
0.078599,0.185681,-0.215884
0.075692,0.187852,-0.217125
0.073945,0.184881,-0.217855
0.071073,0.184868,-0.219989
0.067656,0.185274,-0.219173
0.066199,0.185604,-0.222100
0.063303,0.183658,-0.221465
0.062406,0.184828,-0.224871
0.057430,0.187889,-0.226587
0.055640,0.186743,-0.228605
0.052325,0.185721,-0.228572
0.051523,0.187599,-0.229876
0.048159,0.186221,-0.229612
0.047300,0.185163,-0.232759
0.044184,0.186323,-0.232449
0.042027,0.186147,-0.234022
0.039242,0.187866,-0.236798
0.036204,0.186667,-0.237852
0.036969,0.185042,-0.238742
0.033164,0.185400,-0.240378
0.030708,0.186218,-0.239964
0.261906,0.001052,-0.211911
0.268192,0.008733,-0.204546
0.272093,0.017410,-0.201439
0.270980,0.017374,-0.197476
0.273194,0.022119,-0.196891
0.272463,0.023335,-0.195802
0.272591,0.028504,-0.192665
0.273983,0.029559,-0.189304
0.273911,0.032979,-0.189714
0.273428,0.036042,-0.188299
0.274495,0.037617,-0.186665
0.275513,0.040146,-0.183888
0.276437,0.043426,-0.183892
0.275782,0.044832,-0.184276
0.275462,0.046437,-0.179559
0.273006,0.046713,-0.179841
0.274503,0.051140,-0.178743
0.275640,0.053858,-0.177685
0.276713,0.055213,-0.175817
0.275439,0.058828,-0.173829
0.278344,0.060140,-0.173459
0.277642,0.062451,-0.171492
0.275016,0.062970,-0.170423
0.275731,0.064292,-0.170514
0.276434,0.069769,-0.169157
0.275097,0.071913,-0.167078
0.275961,0.075121,-0.165184
0.275156,0.076396,-0.165078
0.275781,0.078910,-0.165177
0.275454,0.080817,-0.162494
0.274533,0.079197,-0.160923
0.275109,0.083405,-0.162353
0.274136,0.085212,-0.160879
0.274996,0.086312,-0.160933
0.271929,0.088496,-0.159523
0.271504,0.090151,-0.160078
0.271665,0.091606,-0.160140
0.271571,0.092114,-0.159226
0.268742,0.092277,-0.158580
0.268989,0.093547,-0.158369
0.266699,0.095515,-0.157746
0.266414,0.093087,-0.158188
0.265848,0.097094,-0.156881
0.263688,0.099871,-0.158303
0.263479,0.099801,-0.158938
0.261393,0.099943,-0.159169
0.260524,0.102033,-0.157760
0.260506,0.103012,-0.158437
0.259662,0.104786,-0.159154
0.259144,0.105997,-0.157597
0.258814,0.107660,-0.156614
0.254043,0.107486,-0.156655
0.257246,0.110301,-0.157242
0.253494,0.109334,-0.158410
0.252829,0.111059,-0.157714
0.251897,0.112730,-0.158856
0.251972,0.112038,-0.155904
0.250552,0.114509,-0.157467
0.248816,0.114942,-0.157523
0.246564,0.117507,-0.158876
0.246184,0.117275,-0.157008
0.243954,0.117654,-0.158153
0.243630,0.119800,-0.157148
0.244242,0.120968,-0.159816
0.240964,0.119017,-0.157496
0.239003,0.121035,-0.158219
0.239032,0.123672,-0.160751
0.236478,0.123535,-0.158448
0.238371,0.124749,-0.158906
0.236140,0.126886,-0.160896
0.234195,0.129175,-0.159151
0.234607,0.127218,-0.159119
0.234531,0.129724,-0.158422
0.231029,0.130273,-0.158102
0.228980,0.132163,-0.160046
0.228426,0.134987,-0.157408
0.227320,0.132659,-0.158666
0.226726,0.133899,-0.160592
0.225569,0.135508,-0.160795
0.223929,0.136547,-0.159622
0.222952,0.137056,-0.160652
0.220385,0.138317,-0.162743
0.221406,0.138929,-0.160870
0.219445,0.141130,-0.160913
0.218397,0.140939,-0.163458
0.216149,0.140377,-0.161956
0.215105,0.143254,-0.160929
0.214920,0.142849,-0.160900
0.213137,0.144693,-0.160952
0.210398,0.145108,-0.161301
0.211333,0.147901,-0.161551
0.208472,0.145018,-0.162103
0.208102,0.148888,-0.162231
0.207605,0.150441,-0.161537
0.205042,0.150342,-0.160361
0.204634,0.151410,-0.160950
0.202150,0.153728,-0.163393
0.203333,0.153401,-0.162657
0.201192,0.153740,-0.161301
0.199917,0.153992,-0.163753
0.198689,0.156434,-0.162234
0.198930,0.156788,-0.162677
0.196105,0.157498,-0.163622
0.194556,0.159957,-0.163297
0.193573,0.160449,-0.164868
0.192363,0.159911,-0.162827
0.189597,0.160990,-0.164113
0.187925,0.162784,-0.163898
0.188657,0.163606,-0.165608
0.186823,0.163083,-0.166595
0.185903,0.165464,-0.165629
0.182404,0.166184,-0.166189
0.180902,0.164937,-0.165881
0.181157,0.164751,-0.167572
0.180182,0.168335,-0.166940
0.177437,0.167599,-0.168370
0.176227,0.168558,-0.168904
0.175569,0.169710,-0.168072
0.170661,0.169812,-0.168148
0.170531,0.171120,-0.170908
0.168701,0.168717,-0.171851
0.169065,0.172044,-0.170293
0.164790,0.173350,-0.170389
0.165487,0.174724,-0.172474
0.163857,0.173612,-0.172052
0.161156,0.173651,-0.172132
0.159715,0.174386,-0.171483
0.160023,0.176794,-0.174454
0.156525,0.176793,-0.174164
0.153791,0.178384,-0.176255
0.154263,0.177335,-0.176314
0.150828,0.178223,-0.175138
0.148867,0.178752,-0.177120
0.145787,0.178361,-0.178390
0.147010,0.180204,-0.178072
0.144198,0.181176,-0.178321
0.141673,0.180096,-0.179789
0.142330,0.182602,-0.180842
0.136939,0.180885,-0.183081
0.136148,0.179545,-0.182018
0.135428,0.180449,-0.183671
0.131851,0.181950,-0.185468
0.128866,0.181537,-0.185855
0.128852,0.181728,-0.185814
0.125328,0.182602,-0.187456
0.124870,0.181332,-0.190630
0.120491,0.183508,-0.189594
0.120333,0.183924,-0.192040
0.117428,0.182543,-0.195439
0.114930,0.184575,-0.195876
0.113989,0.183791,-0.196186
0.110282,0.183259,-0.198042
0.108466,0.184371,-0.199484
0.106549,0.185064,-0.199479
0.103397,0.184330,-0.202141
0.098397,0.183688,-0.202317
0.097492,0.182613,-0.202870
0.096240,0.182938,-0.205136
0.094683,0.183108,-0.205086
0.091512,0.183420,-0.208027
0.089357,0.182760,-0.207143
0.088647,0.184331,-0.208462
0.086869,0.183054,-0.210309
0.081943,0.182590,-0.211774
0.079422,0.185048,-0.211688
0.077323,0.182870,-0.215807
0.073914,0.185334,-0.215681
0.073278,0.183014,-0.215938
0.068963,0.185554,-0.220345
0.068729,0.183391,-0.219730
0.063713,0.181491,-0.223327
0.062131,0.184939,-0.221190
0.058437,0.185609,-0.223899
0.056812,0.183450,-0.226468
0.055837,0.183089,-0.225539
0.051760,0.183666,-0.228466
0.050512,0.184539,-0.227892
0.045667,0.183999,-0.230827
0.045760,0.184302,-0.232183
0.040774,0.183906,-0.233128
0.040465,0.183479,-0.233865
0.040348,0.184407,-0.235892
0.036012,0.182619,-0.237058
0.033287,0.184801,-0.239387
0.030279,0.183892,-0.242780
0.259725,0.000108,-0.210921
0.265793,0.011182,-0.204168
0.271531,0.016489,-0.199461
0.270131,0.018097,-0.196221
0.272217,0.020267,-0.195578
0.272613,0.023350,-0.192368
0.274114,0.026575,-0.190993
0.273529,0.028659,-0.189355
0.274068,0.032785,-0.188033
0.273671,0.034737,-0.188208
0.274443,0.034469,-0.184519
0.274300,0.038590,-0.184377
0.274328,0.040462,-0.181410
0.273268,0.043867,-0.178722
0.273558,0.047407,-0.180599
0.275179,0.045649,-0.179358
0.274138,0.049395,-0.176856
0.276303,0.052061,-0.177053
0.274855,0.054709,-0.174995
0.272285,0.055351,-0.173489
0.275231,0.058153,-0.172456
0.273946,0.060008,-0.170229
0.275716,0.063035,-0.170754
0.274228,0.065499,-0.168874
0.274251,0.066805,-0.168541
0.274038,0.070100,-0.168181
0.275708,0.071836,-0.164751
0.274240,0.073410,-0.163132
0.275878,0.075371,-0.160589
0.276527,0.076872,-0.163466
0.273395,0.079969,-0.161659
0.272568,0.082451,-0.161794
0.270577,0.083800,-0.159579
0.272252,0.085338,-0.160036
0.271838,0.087275,-0.157153
0.270589,0.088271,-0.157677
0.269499,0.089932,-0.158652
0.270930,0.092167,-0.157993
0.268038,0.091669,-0.157599
0.268650,0.092424,-0.156825
0.266929,0.093853,-0.157762
0.265500,0.095950,-0.157469
0.265447,0.096095,-0.156447
0.262368,0.098355,-0.157335
0.263378,0.097896,-0.156003
0.262365,0.099091,-0.154264
0.260296,0.101705,-0.156345
0.260906,0.102618,-0.154605
0.260906,0.101354,-0.157665
0.257733,0.104832,-0.155946
0.256686,0.104414,-0.156231
0.254955,0.106503,-0.155063
0.253991,0.109391,-0.157647
0.252636,0.108168,-0.157020
0.251167,0.109320,-0.156628
0.251490,0.110189,-0.157134
0.249488,0.113464,-0.154771
0.248766,0.112198,-0.156217
0.247094,0.115205,-0.157733
0.245533,0.116020,-0.156902
0.246464,0.114724,-0.156952
0.243529,0.116967,-0.157695
0.241571,0.119497,-0.155607
0.241954,0.119310,-0.158512
0.240968,0.119892,-0.155489
0.238744,0.121981,-0.156578
0.236482,0.123689,-0.156699
0.237573,0.124887,-0.159353
0.235304,0.124219,-0.156408
0.235300,0.126375,-0.158593
0.232680,0.127834,-0.160156
0.232394,0.127416,-0.155945
0.231005,0.131199,-0.158215
0.229304,0.130040,-0.157557
0.229092,0.130469,-0.157497
0.227918,0.129680,-0.156611
0.226060,0.132302,-0.158932
0.224541,0.133191,-0.158447
0.224219,0.134848,-0.159664
0.223190,0.135443,-0.159131
0.221610,0.135111,-0.161312
0.221828,0.136980,-0.157868
0.220402,0.137156,-0.158124
0.217372,0.139072,-0.158446
0.218147,0.142398,-0.159162
0.215546,0.141707,-0.159248
0.212869,0.143264,-0.160810
0.212848,0.143260,-0.158996
0.212538,0.144870,-0.160680
0.210976,0.143736,-0.160492
0.209118,0.146805,-0.160369
0.210991,0.147727,-0.161509
0.206959,0.147623,-0.159928
0.205776,0.149320,-0.161115
0.204146,0.149641,-0.160160
0.203739,0.150326,-0.160663
0.200807,0.151932,-0.159332
0.200680,0.153864,-0.160295
0.198189,0.152550,-0.159898
0.198346,0.151669,-0.162178
0.195277,0.154576,-0.161518
0.195036,0.156881,-0.161728
0.194502,0.155218,-0.160689
0.194115,0.156524,-0.162795
0.191354,0.159654,-0.161735
0.191282,0.161578,-0.163156
0.190013,0.159978,-0.164178
0.186037,0.161996,-0.162590
0.185740,0.162239,-0.162767
0.185196,0.162230,-0.163517
0.185069,0.165326,-0.165642
0.181440,0.163535,-0.164215
0.181693,0.165860,-0.165608
0.178178,0.165313,-0.165682
0.177360,0.166459,-0.167068
0.176017,0.166643,-0.166098
0.175741,0.168216,-0.167673
0.173241,0.168352,-0.167227
0.173089,0.168934,-0.168319
0.168119,0.171998,-0.169020
0.167266,0.170344,-0.169256
0.165765,0.170889,-0.170343
0.165635,0.170552,-0.169992
0.164078,0.172538,-0.172782
0.160923,0.171799,-0.172544
0.160272,0.173087,-0.172122
0.158898,0.175302,-0.172122
0.157988,0.175397,-0.172032
0.155028,0.174393,-0.173239
0.152592,0.176529,-0.174948
0.150844,0.176126,-0.175252
0.151949,0.177317,-0.174384
0.149236,0.176902,-0.176206
0.146168,0.176977,-0.176774
0.144638,0.177245,-0.180506
0.141696,0.179454,-0.177733
0.141188,0.181056,-0.178831
0.138204,0.180271,-0.180343
0.136588,0.178922,-0.181781
0.135064,0.179752,-0.184016
0.133031,0.181282,-0.182920
0.128827,0.179999,-0.182051
0.129929,0.178821,-0.184605
0.127837,0.180604,-0.188525
0.122800,0.181437,-0.186831
0.121552,0.182203,-0.190509
0.118541,0.181354,-0.190634
0.116655,0.180797,-0.190439
0.115376,0.181465,-0.192762
0.112553,0.183955,-0.194196
0.109671,0.182836,-0.195640
0.108425,0.182134,-0.194922
0.106418,0.181593,-0.197433
0.104411,0.182036,-0.197952
0.101018,0.183101,-0.200344
0.100323,0.182896,-0.201335
0.098129,0.184689,-0.203778
0.092852,0.183302,-0.203804
0.093677,0.182104,-0.206116
0.091309,0.183840,-0.206789
0.088413,0.181315,-0.205390
0.083364,0.182506,-0.208858
0.081296,0.182197,-0.209445
0.079780,0.182569,-0.211579
0.078758,0.181498,-0.210597
0.075945,0.184523,-0.214332
0.072945,0.182273,-0.215071
0.070230,0.180430,-0.216543
0.068863,0.182112,-0.216531
0.065636,0.182629,-0.218513
0.062520,0.184157,-0.220159
0.059370,0.181655,-0.220932
0.057940,0.182636,-0.223346
0.054440,0.184587,-0.223239
0.053239,0.183743,-0.226104
0.050359,0.182051,-0.225833
0.048495,0.184981,-0.228000
0.044343,0.183597,-0.230368
0.044198,0.183551,-0.231570
0.040509,0.183284,-0.232220
0.038239,0.183434,-0.234102
0.033858,0.183314,-0.236822
0.031206,0.181033,-0.238952
0.027968,0.179851,-0.240826
0.262465,0.001159,-0.208765
0.267336,0.010806,-0.202371
0.267570,0.013470,-0.199381
0.269649,0.016211,-0.194580
0.270145,0.019434,-0.193690
0.270870,0.024186,-0.190690
0.273181,0.026521,-0.187271
0.272108,0.027502,-0.188193
0.271631,0.031480,-0.187402
0.273135,0.034491,-0.184196
0.273612,0.035371,-0.184654
0.272372,0.037643,-0.183797
0.273390,0.040350,-0.181674
0.273140,0.043851,-0.180576
0.275917,0.044731,-0.178293
0.274672,0.047972,-0.175513
0.273088,0.049107,-0.175726
0.274947,0.052145,-0.174484
0.275636,0.054487,-0.172608
0.275875,0.055560,-0.171485
0.272811,0.059583,-0.170905
0.273006,0.059660,-0.169942
0.273573,0.061428,-0.169511
0.275852,0.064788,-0.167666
0.273713,0.066287,-0.166874
0.272438,0.070423,-0.162624
0.273795,0.070763,-0.162527
0.273878,0.074480,-0.162761
0.275273,0.075469,-0.160814
0.273450,0.076981,-0.161084
0.273246,0.080542,-0.158066
0.271234,0.081217,-0.158775
0.272113,0.083490,-0.159016
0.271604,0.085082,-0.156821
0.271022,0.085236,-0.157186
0.269970,0.087845,-0.157217
0.269534,0.087473,-0.156811
0.270918,0.090581,-0.155943
0.267455,0.091890,-0.155702
0.266885,0.092165,-0.156397
0.266772,0.092869,-0.156076
0.263325,0.095784,-0.156584
0.264977,0.095845,-0.157759
0.262102,0.096927,-0.156623
0.260942,0.098389,-0.156192
0.258940,0.099495,-0.155327
0.259215,0.100565,-0.156181
0.257233,0.101948,-0.156118
0.255626,0.102389,-0.155358
0.256339,0.105230,-0.154000
0.253805,0.105342,-0.155537
0.254309,0.105194,-0.155141
0.253932,0.107921,-0.155439
0.251181,0.107004,-0.154723
0.252314,0.107738,-0.155997
0.249043,0.110059,-0.157652
0.249694,0.110225,-0.154007
0.248334,0.111776,-0.154681
0.245153,0.114155,-0.156314
0.245366,0.114673,-0.156157
0.246870,0.115320,-0.155858
0.243708,0.116642,-0.156847
0.241939,0.118372,-0.156281
0.241581,0.117922,-0.155250
0.237556,0.117634,-0.154789
0.237465,0.119943,-0.156163
0.237860,0.120387,-0.157267
0.235724,0.122266,-0.155210
0.234390,0.122669,-0.156625
0.234965,0.124229,-0.156358
0.232987,0.127180,-0.157217
0.232069,0.125834,-0.155568
0.230722,0.126210,-0.156550
0.228436,0.126922,-0.156789
0.227525,0.129421,-0.157553
0.228049,0.129025,-0.157988
0.224809,0.129617,-0.155919
0.224405,0.129758,-0.158203
0.222949,0.134700,-0.158197
0.222620,0.133615,-0.155085
0.220481,0.135246,-0.156524
0.218197,0.137895,-0.158221
0.218319,0.137574,-0.158722
0.218648,0.138336,-0.157788
0.216042,0.139481,-0.158660
0.214675,0.140288,-0.159395
0.213532,0.140557,-0.159342
0.212781,0.142104,-0.160459
0.211484,0.143021,-0.158442
0.210514,0.144900,-0.159491
0.207774,0.145564,-0.160011
0.209901,0.145416,-0.160123
0.205628,0.148372,-0.158782
0.204478,0.146886,-0.160306
0.204595,0.148361,-0.159862
0.204119,0.151062,-0.161592
0.200817,0.150204,-0.158613
0.200481,0.150327,-0.160857
0.198459,0.152586,-0.160677
0.197203,0.152587,-0.161428
0.194838,0.153720,-0.160405
0.195532,0.155728,-0.162006
0.194586,0.155676,-0.161575
0.192200,0.157526,-0.162731
0.190852,0.155313,-0.163010
0.189405,0.159429,-0.161575
0.189416,0.159015,-0.161793
0.187241,0.161075,-0.162912
0.186119,0.161303,-0.163640
0.183908,0.162038,-0.165408
0.181209,0.162974,-0.163675
0.182105,0.162500,-0.164079
0.180958,0.163602,-0.165582
0.176506,0.164428,-0.163963
0.177359,0.165144,-0.164161
0.175332,0.166511,-0.166449
0.174710,0.166029,-0.167092
0.171151,0.167406,-0.167096
0.171546,0.165942,-0.167961
0.168675,0.169782,-0.164904
0.167500,0.167529,-0.168131
0.166897,0.170141,-0.166805
0.164747,0.169887,-0.167829
0.164096,0.171181,-0.171418
0.161282,0.171934,-0.171167
0.158402,0.172051,-0.171432
0.157318,0.171825,-0.172840
0.156767,0.172818,-0.174062
0.152686,0.172711,-0.173927
0.153276,0.175558,-0.174755
0.150458,0.174137,-0.174311
0.148149,0.175355,-0.174783
0.148473,0.174478,-0.174185
0.145018,0.177594,-0.176245
0.143065,0.176944,-0.176717
0.141410,0.176934,-0.175874
0.140196,0.179126,-0.177499
0.137955,0.178891,-0.179875
0.137099,0.178104,-0.180270
0.132725,0.179861,-0.181986
0.131335,0.178927,-0.180680
0.130191,0.180823,-0.183196
0.127652,0.179335,-0.186153
0.126950,0.180110,-0.185947
0.121629,0.181211,-0.187513
0.119827,0.179754,-0.187514
0.117658,0.181042,-0.190914
0.116834,0.180712,-0.191784
0.113344,0.180083,-0.191130
0.110910,0.182179,-0.193106
0.110780,0.180912,-0.191440
0.106805,0.181416,-0.194326
0.105698,0.180057,-0.195888
0.100811,0.180317,-0.197623
0.099122,0.181212,-0.198696
0.098759,0.180285,-0.197506
0.094682,0.182683,-0.202945
0.092245,0.181228,-0.203624
0.091098,0.182129,-0.202953
0.087103,0.180141,-0.204811
0.084065,0.180582,-0.206840
0.086133,0.181719,-0.208171
0.080513,0.182660,-0.208622
0.078762,0.180529,-0.210884
0.077850,0.180789,-0.209934
0.073273,0.179245,-0.213090
0.071836,0.182757,-0.214698
0.069464,0.182038,-0.216709
0.066751,0.179504,-0.217034
0.064103,0.181164,-0.218725
0.058897,0.182011,-0.221075
0.057494,0.181200,-0.221686
0.055988,0.180951,-0.222400
0.055770,0.182638,-0.224915
0.052308,0.181690,-0.223434
0.048737,0.179805,-0.225550
0.047380,0.182718,-0.228754
0.044197,0.181469,-0.228981
0.042326,0.181296,-0.230411
0.036964,0.179456,-0.233156
0.034358,0.181339,-0.233397
0.030333,0.178867,-0.235742
0.028230,0.181343,-0.239789
0.261187,0.001750,-0.205727
0.267064,0.007914,-0.201272
0.267072,0.012128,-0.195525
0.270805,0.014411,-0.196364
0.270693,0.019655,-0.191174
0.269778,0.022903,-0.189670
0.270925,0.025540,-0.188249
0.272920,0.029103,-0.187543
0.271471,0.030449,-0.184959
0.271845,0.033070,-0.184462
0.274055,0.034050,-0.181851
0.273952,0.037373,-0.181037
0.272347,0.040902,-0.178909
0.273987,0.042784,-0.177075
0.272826,0.043149,-0.176066
0.273701,0.047157,-0.175867
0.274513,0.048658,-0.173293
0.272689,0.051085,-0.174119
0.272340,0.054229,-0.171212
0.273496,0.054242,-0.169830
0.273848,0.058951,-0.168666
0.274798,0.059899,-0.166931
0.271927,0.062759,-0.168985
0.273647,0.064646,-0.166690
0.274508,0.066272,-0.164258
0.274594,0.069366,-0.163165
0.275111,0.070231,-0.161351
0.273017,0.073234,-0.161635
0.273297,0.074457,-0.159173
0.274456,0.077179,-0.160340
0.272295,0.078049,-0.158419
0.272952,0.080372,-0.159047
0.270599,0.081422,-0.159061
0.268677,0.084403,-0.158124
0.270769,0.085406,-0.156415
0.269762,0.086991,-0.155916
0.268049,0.087173,-0.156101
0.267370,0.088288,-0.154806
0.265587,0.090119,-0.154347
0.266253,0.092861,-0.154510
0.265082,0.092593,-0.155697
0.264188,0.090800,-0.154712
0.261178,0.095479,-0.153817
0.262138,0.097616,-0.154440
0.262206,0.097269,-0.155854
0.261130,0.098380,-0.154272
0.260329,0.098294,-0.154442
0.257726,0.100369,-0.153903
0.255023,0.101045,-0.152696
0.255327,0.102465,-0.155875
0.254229,0.103915,-0.155308
0.253516,0.105790,-0.154486
0.249814,0.107706,-0.152921
0.251638,0.106191,-0.153918
0.250250,0.110018,-0.153759
0.250197,0.108546,-0.155470
0.248333,0.109603,-0.156807
0.247315,0.111488,-0.155813
0.245093,0.112153,-0.154838
0.243123,0.113230,-0.153116
0.243035,0.115506,-0.153721
0.242857,0.113269,-0.155202
0.241507,0.117159,-0.154930
0.239232,0.119339,-0.155609
0.238885,0.119389,-0.155584
0.238293,0.119698,-0.155578
0.235815,0.118046,-0.155358
0.235574,0.121825,-0.155627
0.235744,0.121311,-0.153999
0.234086,0.123289,-0.155299
0.232101,0.124079,-0.156798
0.232172,0.126654,-0.154643
0.229441,0.126416,-0.156627
0.227539,0.127530,-0.155156
0.226385,0.127301,-0.158277
0.225231,0.130379,-0.156294
0.225702,0.128334,-0.156337
0.222928,0.130876,-0.156882
0.223244,0.131446,-0.158201
0.219320,0.133010,-0.156959
0.217402,0.133394,-0.156273
0.218104,0.132306,-0.155480
0.216011,0.134059,-0.159140
0.215275,0.136070,-0.155929
0.213622,0.139432,-0.156428
0.214238,0.138422,-0.157515
0.212921,0.140672,-0.158082
0.210914,0.141803,-0.158438
0.208191,0.142683,-0.158913
0.208945,0.143890,-0.157950
0.207649,0.143010,-0.159345
0.206890,0.143340,-0.157036
0.206297,0.145885,-0.160780
0.202751,0.146985,-0.159211
0.202737,0.146495,-0.159330
0.202238,0.150931,-0.158254
0.200048,0.149325,-0.156932
0.197935,0.149094,-0.161258
0.197965,0.150576,-0.158615
0.197857,0.152093,-0.160225
0.196732,0.153307,-0.159547
0.192646,0.154602,-0.158431
0.191948,0.153901,-0.159704
0.189113,0.155359,-0.159447
0.187264,0.155981,-0.160331
0.187830,0.158267,-0.159473
0.187856,0.158574,-0.162005
0.185521,0.158447,-0.160024
0.183491,0.158517,-0.161296
0.182948,0.160924,-0.162121
0.180568,0.161924,-0.161744
0.178191,0.162446,-0.163311
0.178803,0.164098,-0.162491
0.176331,0.165001,-0.164409
0.174573,0.164089,-0.164304
0.172987,0.165966,-0.166530
0.173707,0.165012,-0.165429
0.171018,0.167027,-0.165811
0.168714,0.168319,-0.166441
0.167022,0.168867,-0.167677
0.164332,0.167062,-0.167616
0.163352,0.169392,-0.169717
0.162852,0.170329,-0.167795
0.160129,0.169035,-0.168249
0.160167,0.170948,-0.169318
0.155606,0.171693,-0.169307
0.156926,0.172062,-0.169328
0.154784,0.172321,-0.171219
0.153331,0.173298,-0.172138
0.151567,0.173609,-0.172713
0.147857,0.174680,-0.171104
0.148539,0.176500,-0.174473
0.145692,0.174402,-0.173848
0.145320,0.174744,-0.173666
0.142145,0.176749,-0.176715
0.140278,0.177937,-0.177409
0.136370,0.176012,-0.177103
0.136055,0.176881,-0.179784
0.134760,0.177600,-0.180100
0.132552,0.177532,-0.183138
0.128528,0.176494,-0.180001
0.127452,0.178199,-0.182514
0.125202,0.179930,-0.184376
0.122688,0.177867,-0.183847
0.123556,0.177199,-0.186095
0.116952,0.178851,-0.188406
0.114815,0.179247,-0.188156
0.115802,0.177750,-0.189570
0.112962,0.178485,-0.190820
0.111384,0.180442,-0.191686
0.107621,0.178352,-0.191461
0.104543,0.178624,-0.193859
0.104610,0.180412,-0.194548
0.101401,0.179684,-0.196790
0.099008,0.180556,-0.197743
0.095203,0.178908,-0.199975
0.094205,0.178996,-0.199733
0.091334,0.178340,-0.201568
0.089707,0.181738,-0.203863
0.087426,0.180028,-0.204757
0.084936,0.180328,-0.205352
0.080104,0.179582,-0.205917
0.079907,0.179571,-0.207648
0.079717,0.181413,-0.209773
0.072638,0.181017,-0.213126
0.073415,0.181531,-0.210755
0.070859,0.180022,-0.213888
0.067718,0.179197,-0.214640
0.065696,0.181674,-0.218185
0.062356,0.180096,-0.219093
0.060055,0.180383,-0.219254
0.058258,0.177880,-0.219732
0.053274,0.179960,-0.221256
0.051145,0.179361,-0.223763
0.049446,0.180218,-0.224789
0.048730,0.180434,-0.225654
0.043172,0.179434,-0.226630
0.040379,0.178465,-0.228955
0.037638,0.177673,-0.231290
0.037495,0.178423,-0.232343
0.029413,0.176303,-0.237920
0.026826,0.174526,-0.239268
0.262630,0.003191,-0.202380
0.263979,0.009274,-0.198991
0.265528,0.011322,-0.195985
0.267824,0.013165,-0.192161
0.269941,0.019327,-0.187941
0.270824,0.021653,-0.187895
0.268802,0.023384,-0.187164
0.269344,0.026217,-0.186535
0.270183,0.030297,-0.184779
0.271333,0.032139,-0.182004
0.273659,0.033771,-0.180842
0.272520,0.037619,-0.178343
0.273644,0.039021,-0.178196
0.272904,0.040229,-0.177798
0.272765,0.042871,-0.174431
0.271929,0.045274,-0.173235
0.272833,0.047249,-0.172017
0.271468,0.049950,-0.170988
0.273884,0.052219,-0.170961
0.273217,0.054120,-0.170075
0.271759,0.056025,-0.166123
0.271934,0.059924,-0.166846
0.271896,0.060886,-0.164756
0.271932,0.063287,-0.164054
0.272942,0.066318,-0.161852
0.273522,0.068447,-0.161197
0.272635,0.070992,-0.159538
0.272692,0.072431,-0.158035
0.274529,0.076826,-0.159363
0.270821,0.076146,-0.157687
0.272452,0.077283,-0.155950
0.271907,0.079246,-0.156157
0.270742,0.081127,-0.154890
0.272310,0.084043,-0.155065
0.269539,0.084610,-0.155953
0.268315,0.087311,-0.155061
0.269972,0.085267,-0.153833
0.267600,0.089346,-0.154826
0.265904,0.090532,-0.154799
0.266019,0.089807,-0.154626
0.263789,0.089487,-0.152621
0.261948,0.092109,-0.154914
0.262850,0.094135,-0.154941
0.259072,0.095754,-0.154097
0.257607,0.096721,-0.153335
0.257528,0.094140,-0.151829
0.257385,0.099697,-0.152837
0.256135,0.100363,-0.154327
0.253030,0.101928,-0.151307
0.254651,0.102174,-0.151617
0.255841,0.103155,-0.153629
0.252410,0.105312,-0.153208
0.251319,0.104842,-0.152881
0.249405,0.105159,-0.151383
0.248789,0.106991,-0.152004
0.250590,0.108628,-0.154350
0.245821,0.111012,-0.150396
0.245647,0.110900,-0.152095
0.246405,0.109789,-0.153170
0.243142,0.109454,-0.153694
0.241206,0.112835,-0.154005
0.239581,0.114009,-0.152956
0.240257,0.115993,-0.150992
0.238856,0.116509,-0.152955
0.239735,0.117835,-0.155046
0.237485,0.117702,-0.154634
0.235346,0.120900,-0.153579
0.233806,0.118794,-0.153827
0.230939,0.119607,-0.154762
0.229750,0.123078,-0.154954
0.229160,0.122826,-0.155029
0.228911,0.125065,-0.156958
0.228669,0.124434,-0.155542
0.225198,0.127531,-0.154852
0.225391,0.126775,-0.154607
0.224903,0.128573,-0.153700
0.223641,0.128775,-0.157618
0.223135,0.130025,-0.155272
0.221751,0.131295,-0.154320
0.219777,0.132459,-0.154821
0.219679,0.132284,-0.156481
0.216639,0.133184,-0.154620
0.214538,0.135104,-0.154940
0.215374,0.135240,-0.155312
0.212908,0.137846,-0.156474
0.212269,0.137983,-0.155085
0.211512,0.138993,-0.157044
0.211123,0.139188,-0.155426
0.210690,0.139333,-0.157158
0.208056,0.141497,-0.157174
0.206143,0.142398,-0.156181
0.205021,0.142215,-0.156518
0.204196,0.145370,-0.156466
0.201552,0.144680,-0.155982
0.203714,0.147393,-0.158583
0.200850,0.147631,-0.158470
0.199341,0.149231,-0.158542
0.196075,0.148638,-0.159067
0.196903,0.149942,-0.158131
0.195382,0.151232,-0.160202
0.193558,0.153175,-0.159435
0.193479,0.152370,-0.158846
0.192589,0.152848,-0.159630
0.192969,0.155596,-0.159421
0.189192,0.155074,-0.159857
0.187472,0.156759,-0.159903
0.185727,0.156437,-0.161480
0.186106,0.157847,-0.160871
0.184621,0.156881,-0.161043
0.182926,0.159756,-0.162561
0.179191,0.162561,-0.162416
0.179226,0.161943,-0.162424
0.178245,0.162417,-0.163104
0.176372,0.162844,-0.162602
0.174215,0.164066,-0.162770
0.173140,0.162842,-0.162962
0.170452,0.165099,-0.164388
0.169328,0.167143,-0.166058
0.165928,0.167387,-0.165684
0.166436,0.165630,-0.166371
0.163743,0.168111,-0.167516
0.162608,0.166363,-0.167153
0.162603,0.168355,-0.165990
0.159679,0.167991,-0.166418
0.157547,0.170170,-0.168260
0.157469,0.169946,-0.171897
0.154924,0.171425,-0.170403
0.152949,0.171019,-0.170098
0.151103,0.172038,-0.172342
0.148820,0.173811,-0.169724
0.146962,0.174003,-0.172950
0.147120,0.173858,-0.173702
0.144492,0.176021,-0.174140
0.142173,0.174655,-0.175771
0.143593,0.176213,-0.173761
0.139025,0.174878,-0.176639
0.136895,0.176746,-0.178022
0.134353,0.177448,-0.177841
0.133432,0.176891,-0.178122
0.131297,0.177947,-0.179790
0.130426,0.177121,-0.179176
0.126385,0.177851,-0.181532
0.123468,0.177345,-0.180973
0.122649,0.176917,-0.182134
0.122251,0.178196,-0.184757
0.117000,0.177895,-0.185094
0.117779,0.178912,-0.187656
0.113937,0.179047,-0.186635
0.111063,0.178037,-0.190325
0.109906,0.177645,-0.189933
0.105363,0.177236,-0.191640
0.101983,0.178035,-0.192966
0.099627,0.179124,-0.193240
0.099177,0.177923,-0.195634
0.096846,0.180435,-0.196524
0.095253,0.177646,-0.198856
0.093579,0.177747,-0.201929
0.090581,0.179252,-0.200928
0.087309,0.178775,-0.202036
0.084113,0.177865,-0.203470
0.081848,0.178971,-0.204577
0.079401,0.176923,-0.206053
0.077288,0.177238,-0.206017
0.077194,0.179609,-0.207011
0.074758,0.178874,-0.209731
0.072102,0.178973,-0.211484
0.069080,0.179756,-0.214744
0.064598,0.179260,-0.213509
0.062707,0.179493,-0.216194
0.060316,0.178496,-0.216205
0.058329,0.176292,-0.217379
0.056360,0.178993,-0.220437
0.053132,0.179381,-0.223317
0.051890,0.178711,-0.221216
0.047064,0.179208,-0.225387
0.046263,0.177288,-0.225556
0.041040,0.176054,-0.227730
0.039140,0.177581,-0.229984
0.038335,0.177856,-0.230430
0.028613,0.172724,-0.237321
0.255943,-0.003178,-0.207116
0.264224,0.004170,-0.199910
0.265138,0.008709,-0.197865
0.266332,0.009631,-0.195048
0.266360,0.013957,-0.189814
0.268680,0.017441,-0.190275
0.269506,0.022266,-0.187877
0.270520,0.023573,-0.183709
0.269381,0.025580,-0.181615
0.270297,0.027242,-0.182262
0.270593,0.031024,-0.182263
0.270139,0.034772,-0.179363
0.272064,0.036410,-0.177738
0.271652,0.038494,-0.176162
0.271063,0.039318,-0.175092
0.271531,0.042950,-0.173459
0.271397,0.045083,-0.171291
0.271078,0.047248,-0.171925
0.271803,0.048590,-0.168912
0.268791,0.051954,-0.169056
0.273566,0.056325,-0.167432
0.269163,0.056710,-0.165889
0.270947,0.059869,-0.165201
0.272711,0.059443,-0.164595
0.272657,0.061819,-0.161360
0.273260,0.063837,-0.161211
0.271104,0.069695,-0.158277
0.272686,0.069463,-0.157880
0.271701,0.071763,-0.154598
0.270940,0.075735,-0.156487
0.271304,0.075930,-0.155951
0.271726,0.077580,-0.156107
0.271683,0.077790,-0.153195
0.270291,0.081061,-0.154578
0.271787,0.081826,-0.153874
0.270001,0.083568,-0.152898
0.268668,0.085335,-0.151424
0.267866,0.086707,-0.151644
0.266312,0.086342,-0.153838
0.264109,0.089048,-0.154007
0.264409,0.089875,-0.153052
0.261405,0.090038,-0.151403
0.262528,0.092658,-0.151692
0.260639,0.093084,-0.152508
0.260831,0.092381,-0.151756
0.258554,0.095012,-0.150943
0.258307,0.095760,-0.151363
0.257640,0.097059,-0.151951
0.256165,0.099148,-0.151354
0.254210,0.099952,-0.155989
0.253967,0.100639,-0.153279
0.251174,0.103412,-0.151669
0.250720,0.103360,-0.153230
0.251371,0.105252,-0.152498
0.248853,0.103625,-0.153617
0.250587,0.106576,-0.152429
0.246648,0.108113,-0.153171
0.246038,0.110231,-0.151408
0.244682,0.110469,-0.153837
0.243766,0.110535,-0.151445
0.243631,0.110981,-0.151704
0.242581,0.112068,-0.152141
0.238240,0.111923,-0.152985
0.241179,0.114018,-0.152558
0.238200,0.115626,-0.153810
0.235094,0.116129,-0.152426
0.234286,0.118070,-0.151905
0.233922,0.117047,-0.152803
0.232645,0.119802,-0.151773
0.231698,0.118801,-0.151929
0.229591,0.120709,-0.153521
0.228898,0.122194,-0.153035
0.228269,0.122980,-0.153100
0.226894,0.124354,-0.153791
0.227208,0.123895,-0.154369
0.226137,0.124486,-0.153248
0.223473,0.127182,-0.152317
0.221288,0.128959,-0.154483
0.220819,0.129470,-0.155701
0.218282,0.129909,-0.155558
0.218184,0.132862,-0.155850
0.216498,0.132521,-0.155067
0.215233,0.132882,-0.153939
0.213397,0.135360,-0.153526
0.214904,0.134754,-0.155353
0.213654,0.135640,-0.155812
0.212080,0.137260,-0.153964
0.208883,0.137374,-0.154791
0.208253,0.138572,-0.154701
0.210041,0.138854,-0.157136
0.206042,0.139891,-0.156414
0.207159,0.143170,-0.157094
0.203614,0.143209,-0.155538
0.202466,0.143351,-0.155641
0.200255,0.144281,-0.156628
0.201361,0.146436,-0.157395
0.199478,0.145060,-0.155832
0.199377,0.146333,-0.156269
0.196595,0.148797,-0.156497
0.194539,0.149675,-0.158071
0.194509,0.150160,-0.159373
0.193050,0.152758,-0.156567
0.191662,0.152213,-0.159001
0.191869,0.152779,-0.158354
0.189026,0.154520,-0.157429
0.186442,0.152661,-0.158084
0.185652,0.154228,-0.159636
0.185707,0.155774,-0.159597
0.183300,0.157002,-0.159355
0.183013,0.157090,-0.158740
0.181013,0.157932,-0.159968
0.179686,0.158319,-0.159814
0.177682,0.161023,-0.160579
0.177476,0.157853,-0.163209
0.173667,0.162315,-0.161632
0.174470,0.162840,-0.162242
0.172158,0.163563,-0.163272
0.170045,0.162797,-0.163989
0.166192,0.164197,-0.166299
0.166237,0.165732,-0.165103
0.163715,0.166814,-0.166002
0.164582,0.165376,-0.162929
0.161233,0.167400,-0.166513
0.161675,0.168628,-0.167596
0.155301,0.168942,-0.168764
0.157472,0.167058,-0.169931
0.154500,0.168153,-0.167368
0.154267,0.169110,-0.168125
0.152508,0.172210,-0.170633
0.150684,0.172169,-0.170943
0.148761,0.170262,-0.171581
0.145577,0.168800,-0.172605
0.144727,0.173143,-0.173489
0.141628,0.172737,-0.172809
0.141258,0.173731,-0.175422
0.138206,0.171837,-0.175421
0.139045,0.172739,-0.174637
0.136612,0.174318,-0.176112
0.134421,0.176505,-0.178036
0.132012,0.173799,-0.179600
0.130176,0.175449,-0.179746
0.127306,0.175446,-0.177336
0.125295,0.178419,-0.181499
0.123375,0.176000,-0.182295
0.121476,0.176360,-0.181939
0.119672,0.175775,-0.185116
0.117342,0.178088,-0.184989
0.114600,0.176200,-0.187263
0.113044,0.177299,-0.188631
0.109834,0.178227,-0.189781
0.105318,0.178496,-0.191311
0.104937,0.177050,-0.190437
0.101907,0.176252,-0.192147
0.100151,0.177395,-0.194232
0.098096,0.177750,-0.194776
0.096030,0.176941,-0.196505
0.094250,0.178186,-0.196571
0.090661,0.177046,-0.198971
0.088062,0.175078,-0.198878
0.087993,0.177489,-0.202501
0.086670,0.178253,-0.201799
0.081910,0.177128,-0.204968
0.079095,0.175532,-0.205174
0.076092,0.178984,-0.208034
0.072189,0.178876,-0.207199
0.070720,0.178499,-0.211183
0.070361,0.177448,-0.209650
0.066645,0.177159,-0.211511
0.064087,0.178895,-0.212913
0.060620,0.178226,-0.215255
0.058551,0.177265,-0.215355
0.055566,0.175813,-0.216659
0.054496,0.178051,-0.218897
0.050478,0.177598,-0.222078
0.048672,0.176336,-0.222500
0.046075,0.175692,-0.223753
0.043980,0.177043,-0.224899
0.038717,0.177035,-0.227321
0.036970,0.176711,-0.229520
0.028028,0.169568,-0.238091
0.257209,-0.006246,-0.205645
0.261886,0.002546,-0.198677
0.263545,0.006184,-0.194243
0.264884,0.011134,-0.193208
0.266276,0.014163,-0.190191
0.267511,0.018616,-0.187101
0.270563,0.019392,-0.186122
0.266807,0.021533,-0.184563
0.269122,0.025509,-0.181353
0.269949,0.027133,-0.181646
0.269488,0.031126,-0.178475
0.269739,0.034108,-0.177319
0.270403,0.037355,-0.177585
0.270272,0.037554,-0.175430
0.269435,0.040665,-0.174679
0.270219,0.041755,-0.173242
0.269858,0.043913,-0.171511
0.271297,0.046338,-0.169035
0.271060,0.049570,-0.169336
0.271982,0.051228,-0.168660
0.270849,0.053650,-0.167410
0.269457,0.053985,-0.164875
0.271416,0.056745,-0.163125
0.273644,0.060644,-0.160963
0.272258,0.065363,-0.158082
0.272722,0.066844,-0.158822
0.273841,0.068700,-0.158490
0.274001,0.069903,-0.156695
0.271244,0.071947,-0.154795
0.271960,0.074574,-0.153764
0.271438,0.075327,-0.153954
0.271298,0.078862,-0.153854
0.270959,0.079147,-0.153598
0.270224,0.079892,-0.153565
0.269044,0.082593,-0.152171
0.267582,0.084552,-0.151937
0.267034,0.083876,-0.151358
0.266407,0.085671,-0.150045
0.265087,0.085300,-0.151684
0.265951,0.089089,-0.151109
0.263088,0.088451,-0.151417
0.263384,0.089469,-0.150846
0.262137,0.090640,-0.149996
0.259744,0.093683,-0.150423
0.258583,0.094672,-0.150584
0.256854,0.093402,-0.150106
0.257648,0.094040,-0.150899
0.256954,0.097928,-0.150214
0.254259,0.098519,-0.149906
0.254477,0.098586,-0.150320
0.253881,0.102751,-0.149531
0.252646,0.102035,-0.152281
0.251003,0.102767,-0.152001
0.249468,0.102511,-0.150026
0.246744,0.104130,-0.150533
0.247186,0.106888,-0.150945
0.247038,0.107052,-0.150184
0.245185,0.107499,-0.151543
0.245069,0.107815,-0.150825
0.242561,0.110591,-0.150143
0.242900,0.110791,-0.152171
0.239711,0.111205,-0.151363
0.239095,0.112661,-0.151639
0.237859,0.115019,-0.152015
0.236595,0.113000,-0.150858
0.235420,0.116614,-0.151409
0.234204,0.117401,-0.151905
0.234688,0.117016,-0.152732
0.232296,0.118365,-0.152882
0.230048,0.119661,-0.151842
0.230734,0.119534,-0.151321
0.228328,0.121611,-0.151617
0.226134,0.122736,-0.150633
0.226486,0.122631,-0.152309
0.224573,0.123319,-0.154357
0.224931,0.123677,-0.153103
0.222473,0.124754,-0.153185
0.222532,0.125581,-0.152808
0.218982,0.127788,-0.153820
0.217622,0.130387,-0.152411
0.217527,0.129949,-0.153042
0.217719,0.129790,-0.153629
0.213811,0.131568,-0.155477
0.214183,0.134141,-0.154021
0.214683,0.132690,-0.152471
0.211540,0.134629,-0.154465
0.209862,0.137713,-0.155626
0.209792,0.137228,-0.154652
0.210319,0.136588,-0.154070
0.206758,0.137302,-0.156927
0.205278,0.140569,-0.152987
0.205776,0.141539,-0.156224
0.202876,0.141035,-0.155161
0.201197,0.141946,-0.155324
0.202480,0.143826,-0.156343
0.198899,0.144311,-0.155577
0.198297,0.145494,-0.157539
0.196909,0.143992,-0.157332
0.195183,0.147977,-0.155040
0.193256,0.149475,-0.154512
0.193266,0.147520,-0.157324
0.191270,0.150725,-0.156279
0.191444,0.151082,-0.156081
0.190211,0.151563,-0.156655
0.187794,0.153764,-0.157095
0.186642,0.154776,-0.157644
0.184523,0.155860,-0.157982
0.182965,0.154549,-0.158082
0.181807,0.156174,-0.158381
0.180569,0.155491,-0.159650
0.179122,0.156604,-0.159851
0.178127,0.158693,-0.159376
0.178421,0.159131,-0.159432
0.175732,0.159753,-0.158947
0.174112,0.162957,-0.163108
0.172394,0.160307,-0.163535
0.170334,0.160926,-0.162103
0.167681,0.162078,-0.163336
0.166422,0.164152,-0.164967
0.166090,0.162584,-0.164516
0.165508,0.164196,-0.164964
0.162285,0.165677,-0.165151
0.160898,0.165573,-0.164765
0.159529,0.166679,-0.166946
0.156888,0.164999,-0.165860
0.156060,0.167964,-0.168665
0.154088,0.167547,-0.168130
0.152505,0.169576,-0.167925
0.149152,0.171163,-0.167328
0.150301,0.168749,-0.169194
0.145980,0.170194,-0.169939
0.145039,0.170844,-0.170715
0.144371,0.172480,-0.171848
0.142335,0.171121,-0.171829
0.140691,0.173769,-0.173861
0.137274,0.171896,-0.173233
0.136402,0.173560,-0.173566
0.133562,0.171804,-0.174177
0.133648,0.174553,-0.177472
0.130079,0.173936,-0.176892
0.129897,0.173005,-0.177050
0.127633,0.175372,-0.178337
0.124180,0.175095,-0.179525
0.121121,0.173387,-0.181325
0.118973,0.174404,-0.183402
0.117847,0.175511,-0.183002
0.114761,0.176331,-0.184028
0.113006,0.175652,-0.185793
0.111766,0.175790,-0.186112
0.108211,0.175375,-0.188297
0.106567,0.175281,-0.190493
0.104478,0.176373,-0.191697
0.100416,0.175149,-0.192494
0.098322,0.175051,-0.192652
0.095109,0.177469,-0.192939
0.095843,0.175209,-0.196462
0.091645,0.175229,-0.198145
0.089707,0.174951,-0.199477
0.086829,0.176060,-0.198422
0.085087,0.177084,-0.201467
0.082194,0.176830,-0.203128
0.080565,0.176542,-0.205278
0.077958,0.175616,-0.203312
0.075810,0.175606,-0.205865
0.072236,0.174914,-0.207597
0.069470,0.176001,-0.208162
0.068012,0.176267,-0.211897
0.064554,0.175633,-0.211052
0.062503,0.176272,-0.213292
0.060096,0.174489,-0.215447
0.058583,0.174661,-0.217228
0.055300,0.174710,-0.216864
0.053141,0.174595,-0.220536
0.048212,0.173213,-0.222398
0.045109,0.174790,-0.221662
0.044544,0.173747,-0.224157
0.039635,0.172480,-0.226531
0.037928,0.173091,-0.227182
0.027479,0.166714,-0.237367
0.255246,-0.004071,-0.202596
0.260757,0.002312,-0.197654
0.262689,0.006466,-0.193578
0.265354,0.010460,-0.192461
0.266727,0.013509,-0.188588
0.266826,0.017174,-0.186465
0.267463,0.018693,-0.184870
0.268328,0.022697,-0.183036
0.269563,0.024084,-0.179752
0.268603,0.027487,-0.178974
0.269165,0.028960,-0.177405
0.270142,0.032606,-0.177279
0.269187,0.035251,-0.175582
0.270969,0.036401,-0.174802
0.270477,0.038248,-0.171990
0.269180,0.041825,-0.171296
0.270415,0.043704,-0.167983
0.271877,0.045892,-0.168359
0.272244,0.047506,-0.166080
0.270540,0.050444,-0.166727
0.271243,0.051121,-0.164922
0.270703,0.056347,-0.164661
0.270010,0.057780,-0.162239
0.273407,0.059834,-0.159552
0.272599,0.063843,-0.157383
0.273500,0.066783,-0.156832
0.272906,0.067400,-0.154297
0.272583,0.070368,-0.155313
0.273618,0.070785,-0.152620
0.271013,0.073912,-0.152155
0.270782,0.073365,-0.152484
0.272482,0.076507,-0.151402
0.272677,0.079460,-0.150956
0.269451,0.079420,-0.150524
0.268943,0.081840,-0.150891
0.266541,0.082399,-0.149011
0.266195,0.081942,-0.149853
0.267043,0.085125,-0.148476
0.264965,0.086073,-0.147357
0.262577,0.087933,-0.149062
0.261744,0.088761,-0.149185
0.262971,0.089973,-0.148473
0.259240,0.093196,-0.149081
0.260119,0.091805,-0.150301
0.258104,0.094095,-0.150069
0.256008,0.093729,-0.150519
0.254784,0.095418,-0.149084
0.256058,0.095741,-0.147489
0.253095,0.097855,-0.149235
0.254266,0.097243,-0.148134
0.252749,0.101213,-0.150102
0.253224,0.101556,-0.150825
0.249954,0.100502,-0.149730
0.249133,0.101196,-0.150742
0.247048,0.102611,-0.147683
0.247053,0.104543,-0.150253
0.244863,0.104932,-0.151298
0.242800,0.105093,-0.149314
0.242916,0.106483,-0.150308
0.244159,0.108300,-0.150312
0.241140,0.108957,-0.150234
0.239990,0.111076,-0.150327
0.237737,0.111139,-0.150367
0.238217,0.112676,-0.148451
0.235322,0.112451,-0.150025
0.234215,0.114154,-0.150055
0.235010,0.114532,-0.150408
0.231238,0.115442,-0.150726
0.231557,0.118451,-0.151426
0.229676,0.118941,-0.151180
0.229398,0.119946,-0.152723
0.229882,0.121359,-0.149926
0.227828,0.120139,-0.151142
0.225940,0.121987,-0.152890
0.223890,0.123053,-0.151405
0.222817,0.124564,-0.153653
0.223575,0.125638,-0.151929
0.221482,0.126011,-0.152243
0.219556,0.128056,-0.151851
0.217921,0.127639,-0.151466
0.217923,0.129299,-0.152476
0.216600,0.131358,-0.151733
0.213053,0.129570,-0.152886
0.211671,0.131949,-0.152863
0.213100,0.132792,-0.152952
0.209827,0.133973,-0.151189
0.208623,0.134940,-0.152722
0.208044,0.134664,-0.152178
0.207972,0.138901,-0.152474
0.206116,0.137751,-0.155526
0.202501,0.137332,-0.155678
0.203754,0.140880,-0.153588
0.202839,0.141309,-0.153979
0.200821,0.142112,-0.153562
0.199204,0.142282,-0.156285
0.196989,0.144173,-0.155403
0.196572,0.145979,-0.153812
0.196401,0.145447,-0.155287
0.194759,0.146094,-0.156483
0.192314,0.147494,-0.155491
0.192414,0.146787,-0.155997
0.191828,0.149068,-0.157252
0.190012,0.148353,-0.159393
0.187990,0.150945,-0.155184
0.184174,0.149612,-0.157218
0.184002,0.152816,-0.157113
0.182734,0.153590,-0.157446
0.182092,0.153062,-0.156221
0.180132,0.155632,-0.156336
0.180495,0.156185,-0.158559
0.179385,0.155685,-0.157531
0.177953,0.159915,-0.160355
0.172850,0.156944,-0.158318
0.175085,0.156829,-0.160426
0.172018,0.160564,-0.160260
0.169990,0.159835,-0.161397
0.168378,0.161098,-0.161774
0.168403,0.159950,-0.162367
0.165053,0.160871,-0.162250
0.164227,0.162704,-0.162624
0.163624,0.163391,-0.162353
0.161941,0.165740,-0.163365
0.159564,0.163144,-0.163949
0.157096,0.165063,-0.164940
0.156057,0.164613,-0.165782
0.153897,0.165850,-0.167176
0.152269,0.167122,-0.166437
0.151617,0.167560,-0.167932
0.148871,0.166268,-0.165482
0.147086,0.168350,-0.168602
0.146556,0.168444,-0.170497
0.145256,0.168623,-0.170081
0.142678,0.168632,-0.169507
0.141463,0.171113,-0.173311
0.139704,0.171963,-0.169975
0.138149,0.171774,-0.172961
0.136084,0.171581,-0.173112
0.131723,0.171949,-0.173327
0.131737,0.171179,-0.174442
0.129875,0.170917,-0.177495
0.130496,0.172382,-0.179054
0.125075,0.173853,-0.179826
0.122614,0.173094,-0.178562
0.118693,0.173480,-0.180338
0.119133,0.173433,-0.180210
0.116344,0.174188,-0.184586
0.114251,0.173515,-0.184509
0.112048,0.172178,-0.184702
0.110768,0.173977,-0.186030
0.106712,0.172865,-0.187161
0.103455,0.175014,-0.190493
0.101272,0.173457,-0.191013
0.101020,0.175455,-0.190895
0.097993,0.174456,-0.193298
0.096762,0.173811,-0.193441
0.092768,0.175155,-0.194367
0.090506,0.175706,-0.197685
0.089535,0.174234,-0.198163
0.086060,0.173329,-0.197652
0.083393,0.174033,-0.200293
0.081580,0.175551,-0.202996
0.077321,0.175286,-0.204301
0.076960,0.174452,-0.201641
0.073452,0.175045,-0.205543
0.072459,0.173805,-0.207478
0.068429,0.175499,-0.207799
0.069190,0.173923,-0.210751
0.063947,0.173908,-0.210501
0.060851,0.174452,-0.212240
0.059824,0.173444,-0.215382
0.056312,0.174344,-0.214722
0.052960,0.172236,-0.216124
0.050670,0.172596,-0.218902
0.046476,0.171289,-0.222232
0.043205,0.170653,-0.223397
0.039109,0.172041,-0.224671
0.039354,0.171567,-0.226884
0.256755,-0.005055,-0.199767
0.260760,0.003341,-0.195673
0.262918,0.004268,-0.194473
0.264317,0.007707,-0.189308
0.264259,0.012355,-0.187483
0.267090,0.015608,-0.185760
0.265732,0.017562,-0.183488
0.268024,0.019880,-0.181174
0.266621,0.023819,-0.180070
0.267263,0.026316,-0.176890
0.267898,0.029115,-0.177769
0.268474,0.031016,-0.177078
0.269075,0.033800,-0.174285
0.269663,0.036756,-0.171955
0.270492,0.037634,-0.170716
0.268742,0.041824,-0.169146
0.269335,0.043026,-0.167917
0.270561,0.046862,-0.165996
0.270222,0.047026,-0.165503
0.268819,0.051147,-0.164565
0.270755,0.051931,-0.161191
0.270314,0.054728,-0.160934
0.270585,0.059615,-0.158944
0.272367,0.060298,-0.156318
0.271854,0.065096,-0.156431
0.270486,0.064365,-0.152464
0.272041,0.067623,-0.153946
0.270062,0.070451,-0.153541
0.272182,0.070159,-0.152556
0.272122,0.073278,-0.151684
0.271543,0.075330,-0.149439
0.269085,0.075649,-0.149333
0.269668,0.079045,-0.149519
0.268729,0.078745,-0.150798
0.266791,0.081759,-0.148582
0.266935,0.081867,-0.147988
0.267484,0.084054,-0.146553
0.265747,0.082923,-0.144684
0.264927,0.085459,-0.147955
0.263439,0.086291,-0.148434
0.261644,0.089191,-0.150166
0.260316,0.089986,-0.149346
0.259435,0.089377,-0.147153
0.258689,0.092151,-0.149466
0.257280,0.091377,-0.148615
0.258740,0.092796,-0.146746
0.254891,0.094648,-0.147974
0.253754,0.095955,-0.147665
0.252662,0.097760,-0.147832
0.253298,0.097381,-0.146844
0.251270,0.099131,-0.149596
0.249203,0.098301,-0.147695
0.249204,0.099915,-0.146699
0.247335,0.100512,-0.147756
0.246708,0.101503,-0.147725
0.245914,0.103674,-0.146502
0.242548,0.105755,-0.147599
0.242692,0.107331,-0.147419
0.242573,0.106380,-0.148151
0.241627,0.107204,-0.149107
0.240749,0.106312,-0.147890
0.239239,0.108988,-0.148481
0.236925,0.110737,-0.149377
0.235404,0.111902,-0.149948
0.235414,0.111798,-0.149926
0.233893,0.113019,-0.149563
0.232880,0.115291,-0.149681
0.231935,0.116412,-0.149307
0.230085,0.116773,-0.150319
0.231086,0.118165,-0.150381
0.227795,0.118418,-0.149083
0.227123,0.120281,-0.148276
0.222217,0.119122,-0.149100
0.224203,0.121371,-0.150456
0.222956,0.121851,-0.150608
0.221109,0.122271,-0.150195
0.220057,0.123310,-0.152528
0.220098,0.124484,-0.152672
0.216064,0.127995,-0.150990
0.217928,0.127737,-0.149692
0.216392,0.127370,-0.149667
0.212702,0.130824,-0.151215
0.211624,0.130406,-0.152765
0.210225,0.129849,-0.152160
0.210618,0.132122,-0.151737
0.209088,0.132805,-0.152508
0.208222,0.133966,-0.152025
0.205858,0.136411,-0.152753
0.205630,0.135604,-0.152198
0.204408,0.136798,-0.151576
0.202231,0.136764,-0.153868
0.203702,0.138819,-0.154019
0.200426,0.139845,-0.152190
0.201188,0.139716,-0.154638
0.198747,0.140563,-0.153702
0.197834,0.139289,-0.154451
0.195583,0.141258,-0.153388
0.194609,0.144708,-0.153828
0.194809,0.146240,-0.153802
0.191060,0.145771,-0.156196
0.190730,0.146706,-0.155800
0.188866,0.149424,-0.154782
0.186848,0.149393,-0.154746
0.188590,0.148063,-0.155462
0.186021,0.150937,-0.154898
0.183559,0.151048,-0.156689
0.179250,0.152385,-0.156611
0.181429,0.152110,-0.156552
0.178643,0.153451,-0.157324
0.177055,0.152783,-0.158508
0.176521,0.153613,-0.157537
0.175147,0.156795,-0.158574
0.173816,0.155725,-0.159118
0.172693,0.157281,-0.159185
0.171656,0.157688,-0.161634
0.170665,0.158576,-0.160235
0.169117,0.157205,-0.159973
0.166968,0.159249,-0.161038
0.166069,0.160009,-0.160381
0.162081,0.160419,-0.162435
0.162476,0.161629,-0.164140
0.158553,0.164054,-0.162553
0.158931,0.162382,-0.162520
0.157733,0.164462,-0.163922
0.154094,0.164500,-0.166074
0.153047,0.163769,-0.164267
0.151901,0.166239,-0.167279
0.151102,0.163944,-0.165731
0.149313,0.166608,-0.168600
0.148450,0.167789,-0.167573
0.146388,0.167805,-0.167769
0.143401,0.167647,-0.169936
0.140477,0.167293,-0.169961
0.139898,0.169580,-0.170848
0.137797,0.165817,-0.170899
0.135081,0.169384,-0.173253
0.133493,0.168830,-0.173581
0.132042,0.170650,-0.172459
0.130872,0.172703,-0.174719
0.126946,0.171982,-0.176561
0.123598,0.171693,-0.178247
0.122140,0.169134,-0.178828
0.120367,0.170661,-0.178708
0.118938,0.171085,-0.180397
0.117025,0.173681,-0.181589
0.114595,0.171211,-0.182113
0.111269,0.171269,-0.183593
0.111123,0.171654,-0.184588
0.108292,0.174606,-0.186398
0.105723,0.170712,-0.187748
0.103974,0.174461,-0.188289
0.099025,0.173925,-0.190422
0.097401,0.174188,-0.190565
0.093327,0.171666,-0.190893
0.093007,0.171294,-0.191857
0.090954,0.172735,-0.195425
0.086863,0.172584,-0.196280
0.087023,0.172256,-0.198094
0.083299,0.172828,-0.198157
0.082643,0.173533,-0.198482
0.078861,0.173434,-0.201152
0.075521,0.174312,-0.203477
0.074203,0.172896,-0.203758
0.072996,0.174565,-0.202489
0.069223,0.172713,-0.206158
0.067040,0.171445,-0.208024
0.064533,0.171166,-0.210046
0.059252,0.173115,-0.210097
0.058966,0.172473,-0.211277
0.054546,0.172610,-0.214682
0.053835,0.172592,-0.216164
0.049039,0.172581,-0.217673
0.047931,0.169544,-0.220324
0.045204,0.170052,-0.220575
0.040877,0.170030,-0.224490
0.038298,0.169353,-0.224975
0.248534,-0.014279,-0.207435
0.259642,-0.001599,-0.195352
0.262064,-0.000274,-0.193991
0.262675,0.003760,-0.190434
0.262353,0.009284,-0.189763
0.263690,0.011094,-0.185448
0.264424,0.012504,-0.183889
0.265298,0.017032,-0.182266
0.268110,0.019702,-0.179442
0.266488,0.021017,-0.179570
0.266935,0.026617,-0.175451
0.267878,0.028194,-0.175698
0.269001,0.030854,-0.174931
0.268057,0.031206,-0.171687
0.269336,0.036498,-0.170232
0.267322,0.039551,-0.168553
0.267473,0.039557,-0.168979
0.268293,0.042231,-0.165013
0.267686,0.044661,-0.167595
0.268364,0.046426,-0.164586
0.269638,0.050588,-0.165391
0.268392,0.051896,-0.160142
0.272134,0.055609,-0.160702
0.270675,0.056966,-0.157081
0.271763,0.060272,-0.153284
0.271121,0.063011,-0.154265
0.272611,0.063868,-0.153073
0.271059,0.066823,-0.154693
0.273360,0.069299,-0.151808
0.271386,0.070630,-0.150916
0.270395,0.071967,-0.148391
0.270048,0.073854,-0.149593
0.270038,0.076069,-0.147085
0.269128,0.076415,-0.147072
0.267525,0.078023,-0.149156
0.266146,0.081353,-0.147155
0.268700,0.078010,-0.146458
0.265696,0.083375,-0.146382
0.263923,0.083523,-0.145063
0.262796,0.084317,-0.148049
0.262327,0.087236,-0.145281
0.262149,0.086499,-0.148103
0.259545,0.088928,-0.145801
0.259278,0.089521,-0.148038
0.258040,0.090476,-0.146211
0.257261,0.090418,-0.148663
0.255523,0.092290,-0.146660
0.253483,0.092305,-0.145688
0.253153,0.095965,-0.145584
0.252281,0.094522,-0.147700
0.252844,0.095508,-0.145516
0.250205,0.099053,-0.146125
0.249795,0.097643,-0.146775
0.248729,0.102912,-0.145944
0.247514,0.102013,-0.145961
0.246248,0.101866,-0.146501
0.246743,0.102963,-0.145751
0.242743,0.103187,-0.148082
0.242800,0.105816,-0.146692
0.242354,0.106372,-0.147274
0.238382,0.106593,-0.147881
0.239504,0.108008,-0.147116
0.238253,0.109046,-0.147135
0.236858,0.110463,-0.147207
0.234687,0.111901,-0.146333
0.233301,0.112756,-0.148631
0.233514,0.112058,-0.147392
0.232127,0.113089,-0.146923
0.230364,0.113457,-0.149306
0.229830,0.116240,-0.147580
0.228833,0.116312,-0.149376
0.226654,0.118121,-0.148010
0.227368,0.119843,-0.149218
0.226258,0.118589,-0.146816
0.221281,0.120672,-0.149793
0.222802,0.122563,-0.150116
0.220331,0.121694,-0.150326
0.219093,0.122942,-0.148856
0.217966,0.123656,-0.149210
0.216201,0.125344,-0.149218
0.214603,0.125042,-0.148967
0.213114,0.128351,-0.149497
0.211857,0.127922,-0.149797
0.212458,0.128672,-0.149829
0.210261,0.129679,-0.149082
0.208393,0.129913,-0.152595
0.207850,0.131848,-0.150301
0.206408,0.132138,-0.151275
0.207635,0.131516,-0.151893
0.205360,0.133573,-0.151105
0.204188,0.136935,-0.153286
0.201661,0.135749,-0.152282
0.201762,0.137806,-0.153047
0.200270,0.137808,-0.152774
0.199497,0.139104,-0.153522
0.199522,0.139123,-0.152718
0.194166,0.142102,-0.151793
0.192687,0.140841,-0.152338
0.195425,0.143371,-0.153136
0.189416,0.142832,-0.153158
0.191376,0.145517,-0.154609
0.188240,0.144457,-0.152375
0.190744,0.147744,-0.154610
0.186195,0.147672,-0.154380
0.185356,0.148807,-0.155540
0.182541,0.148750,-0.155135
0.183158,0.148631,-0.156469
0.181734,0.150732,-0.155668
0.180265,0.151035,-0.154930
0.179462,0.152786,-0.156135
0.176761,0.153314,-0.153962
0.176221,0.155104,-0.156700
0.173943,0.154293,-0.156677
0.174083,0.154770,-0.158418
0.170035,0.156640,-0.157971
0.169685,0.155824,-0.157136
0.169879,0.158171,-0.159578
0.167295,0.160124,-0.160105
0.163840,0.158636,-0.160569
0.165892,0.157717,-0.160553
0.160575,0.157527,-0.160852
0.160404,0.159770,-0.161313
0.158099,0.162524,-0.162228
0.156137,0.160867,-0.162443
0.154578,0.160730,-0.162710
0.154448,0.164344,-0.166627
0.150831,0.162965,-0.162729
0.147580,0.164010,-0.164929
0.148134,0.164006,-0.165032
0.145995,0.165586,-0.165969
0.145463,0.166423,-0.167817
0.143851,0.167314,-0.166799
0.142844,0.168045,-0.167844
0.140698,0.167240,-0.170335
0.138734,0.169737,-0.168389
0.135466,0.169865,-0.169548
0.135352,0.166952,-0.170935
0.129363,0.169370,-0.171116
0.128825,0.170102,-0.174386
0.128152,0.169249,-0.174866
0.124480,0.168994,-0.174159
0.123324,0.170374,-0.176718
0.121131,0.172062,-0.176997
0.119675,0.169535,-0.178305
0.117560,0.169048,-0.179378
0.115258,0.172317,-0.179490
0.111551,0.170195,-0.181604
0.109942,0.170764,-0.184352
0.106525,0.170015,-0.185421
0.107536,0.170608,-0.183617
0.104415,0.170087,-0.188062
0.101860,0.170953,-0.188376
0.099087,0.170883,-0.187622
0.096338,0.170739,-0.190225
0.095554,0.171721,-0.190730
0.090793,0.170798,-0.192743
0.090455,0.170084,-0.192359
0.088204,0.171426,-0.194559
0.084454,0.173195,-0.197811
0.082353,0.172078,-0.199423
0.079995,0.171334,-0.200472
0.078668,0.171841,-0.199937
0.075026,0.170627,-0.200290
0.072107,0.173077,-0.203638
0.070739,0.172298,-0.206302
0.067841,0.171601,-0.204867
0.065401,0.171584,-0.208103
0.062445,0.171253,-0.209088
0.060472,0.169538,-0.210825
0.057632,0.170096,-0.211710
0.054376,0.170854,-0.214805
0.052203,0.169999,-0.215849
0.046180,0.170466,-0.217179
0.043367,0.168588,-0.220439
0.042214,0.169457,-0.219059
0.038894,0.167074,-0.222680
0.251527,-0.014919,-0.203773
0.257311,-0.002483,-0.193914
0.261333,-0.000553,-0.192255
0.262099,0.003373,-0.188811
0.261115,0.007943,-0.184993
0.261986,0.009962,-0.184738
0.263257,0.013157,-0.183911
0.264497,0.016666,-0.181897
0.264800,0.018510,-0.179790
0.265194,0.022376,-0.176454
0.266414,0.024459,-0.175951
0.268409,0.026715,-0.173560
0.268003,0.028851,-0.172130
0.265821,0.033307,-0.171086
0.267328,0.035050,-0.170340
0.267822,0.038355,-0.166315
0.269865,0.040150,-0.165347
0.268224,0.040123,-0.165635
0.267266,0.043874,-0.163207
0.268767,0.047822,-0.162507
0.269246,0.048443,-0.160953
0.268651,0.049771,-0.158392
0.271355,0.054445,-0.156919
0.273109,0.058002,-0.152385
0.270994,0.060520,-0.151817
0.272937,0.062345,-0.154633
0.272350,0.065835,-0.150640
0.269817,0.066153,-0.149427
0.270166,0.067625,-0.148017
0.270319,0.070170,-0.147627
0.271201,0.073872,-0.146724
0.271219,0.072561,-0.148435
0.269650,0.076142,-0.147232
0.266472,0.075884,-0.147983
0.268355,0.077740,-0.146316
0.265530,0.079577,-0.146783
0.265563,0.081069,-0.146873
0.263744,0.081556,-0.144080
0.264477,0.082517,-0.145134
0.263624,0.084489,-0.142137
0.260349,0.083436,-0.144157
0.260581,0.085689,-0.146130
0.261387,0.085925,-0.143181
0.257549,0.088742,-0.144393
0.257850,0.091032,-0.143795
0.255265,0.090604,-0.143768
0.254810,0.091100,-0.143076
0.252764,0.091298,-0.145165
0.252512,0.092318,-0.144837
0.251611,0.094437,-0.144552
0.250214,0.096447,-0.143485
0.251213,0.094827,-0.145629
0.249490,0.098780,-0.145048
0.248169,0.099362,-0.144769
0.247517,0.099744,-0.144692
0.245051,0.102097,-0.144590
0.244729,0.102809,-0.146284
0.244047,0.103162,-0.143779
0.242045,0.104220,-0.147472
0.240236,0.104676,-0.144277
0.237913,0.107100,-0.144815
0.238596,0.105437,-0.146246
0.235800,0.108268,-0.144600
0.234483,0.108845,-0.145271
0.235553,0.109516,-0.145103
0.233791,0.109514,-0.146584
0.231408,0.111213,-0.147366
0.232260,0.113476,-0.147649
0.229705,0.113875,-0.147561
0.230000,0.115871,-0.147781
0.227232,0.114970,-0.148357
0.226877,0.115075,-0.146921
0.223651,0.119080,-0.148796
0.223443,0.118500,-0.148354
0.222788,0.119606,-0.148322
0.222024,0.121038,-0.148878
0.222307,0.120692,-0.147069
0.219989,0.122304,-0.148025
0.217761,0.124950,-0.150573
0.216468,0.125962,-0.147892
0.216201,0.124676,-0.147335
0.213602,0.125493,-0.148920
0.211785,0.127204,-0.147997
0.211176,0.127995,-0.150412
0.210932,0.128768,-0.149789
0.209993,0.129027,-0.149763
0.208249,0.129721,-0.150434
0.205441,0.131432,-0.151513
0.204739,0.131620,-0.150734
0.204668,0.134161,-0.151244
0.202938,0.134154,-0.149721
0.201383,0.136376,-0.150322
0.199772,0.137177,-0.150682
0.199293,0.136920,-0.150865
0.200397,0.137980,-0.151155
0.196898,0.138251,-0.152483
0.194558,0.139542,-0.152888
0.195097,0.141595,-0.150983
0.191014,0.142285,-0.153549
0.191165,0.143215,-0.150749
0.189598,0.142738,-0.152500
0.186839,0.144734,-0.152422
0.187001,0.147096,-0.152569
0.185495,0.145110,-0.152801
0.183933,0.146997,-0.153992
0.183380,0.149428,-0.153054
0.182198,0.149725,-0.154764
0.181525,0.149769,-0.155909
0.178395,0.150462,-0.156388
0.176159,0.150442,-0.154826
0.175784,0.151298,-0.155597
0.173169,0.152492,-0.155787
0.173006,0.155028,-0.156919
0.170700,0.155337,-0.155154
0.166651,0.154110,-0.157972
0.167307,0.157560,-0.158009
0.165475,0.155227,-0.157777
0.165492,0.156403,-0.158974
0.165285,0.156951,-0.158544
0.162195,0.155998,-0.161171
0.162035,0.158358,-0.161127
0.158714,0.159420,-0.161531
0.157308,0.158815,-0.160911
0.156541,0.159250,-0.162229
0.154315,0.162500,-0.163167
0.151870,0.162556,-0.164204
0.149701,0.163541,-0.163722
0.149258,0.162762,-0.164601
0.147825,0.162887,-0.164567
0.145043,0.162685,-0.164037
0.143883,0.164860,-0.165147
0.141167,0.162961,-0.166354
0.139693,0.165406,-0.166395
0.138116,0.166704,-0.167854
0.136399,0.167446,-0.167625
0.133979,0.166181,-0.168201
0.132501,0.167990,-0.169163
0.132088,0.165810,-0.170459
0.129945,0.167357,-0.172168
0.126224,0.168863,-0.173859
0.123970,0.168592,-0.173575
0.122783,0.168074,-0.175345
0.120599,0.167957,-0.176682
0.118131,0.167529,-0.175423
0.115806,0.170373,-0.179377
0.114334,0.169960,-0.180147
0.113481,0.170623,-0.181169
0.108390,0.167258,-0.182759
0.107714,0.170701,-0.183192
0.106410,0.168591,-0.185848
0.101359,0.169641,-0.186655
0.100624,0.170425,-0.187701
0.098331,0.170930,-0.188128
0.093504,0.171367,-0.191116
0.092847,0.170242,-0.191012
0.090750,0.169297,-0.193288
0.088086,0.170495,-0.194535
0.085900,0.171291,-0.194073
0.082280,0.170101,-0.196074
0.080467,0.170300,-0.197583
0.077863,0.169861,-0.197699
0.077291,0.170642,-0.200950
0.073807,0.169855,-0.200611
0.071581,0.170550,-0.203239
0.069397,0.170473,-0.204882
0.065035,0.168714,-0.206540
0.063543,0.170184,-0.207500
0.059852,0.169059,-0.208585
0.056833,0.168308,-0.210495
0.056358,0.168262,-0.211982
0.053857,0.168296,-0.214316
0.049788,0.165984,-0.214463
0.046540,0.168709,-0.218706
0.042354,0.166173,-0.220118
0.039588,0.165677,-0.222106
0.251136,-0.010828,-0.200568
0.257067,-0.003579,-0.193603
0.258319,0.001715,-0.190867
0.260727,0.001238,-0.189204
0.263857,0.007466,-0.183820
0.262969,0.010748,-0.184106
0.263193,0.013712,-0.181879
0.264287,0.015036,-0.179020
0.263318,0.021052,-0.177830
0.265220,0.020596,-0.176619
0.266188,0.024478,-0.174505
0.266810,0.027513,-0.173366
0.266710,0.029726,-0.168976
0.267812,0.030915,-0.168477
0.266060,0.033032,-0.168047
0.267496,0.035874,-0.164548
0.267778,0.038332,-0.165072
0.269187,0.041444,-0.164560
0.266916,0.042179,-0.162001
0.268768,0.047246,-0.159747
0.270638,0.047841,-0.158415
0.269007,0.052662,-0.156047
0.269805,0.054048,-0.156650
0.271350,0.057472,-0.151414
0.270025,0.058919,-0.152606
0.270062,0.061356,-0.150643
0.272406,0.064666,-0.147453
0.269668,0.066674,-0.149343
0.269756,0.067543,-0.146740
0.269364,0.068773,-0.145693
0.269870,0.071982,-0.147083
0.269644,0.073062,-0.145604
0.266759,0.075416,-0.145624
0.269180,0.075371,-0.146238
0.267028,0.077604,-0.145012
0.265945,0.077882,-0.145637
0.266649,0.078650,-0.143452
0.263127,0.079490,-0.144433
0.262498,0.082462,-0.141209
0.262134,0.084286,-0.142696
0.262972,0.084833,-0.143272
0.259948,0.086470,-0.144036
0.259673,0.085994,-0.142232
0.258336,0.086296,-0.144969
0.255097,0.089245,-0.142238
0.255711,0.089403,-0.143793
0.255237,0.092463,-0.141893
0.253474,0.092236,-0.145137
0.252286,0.093041,-0.144422
0.251263,0.093679,-0.142967
0.249594,0.094955,-0.143374
0.250972,0.096884,-0.143222
0.249040,0.095506,-0.144109
0.247365,0.096487,-0.144752
0.246702,0.101198,-0.141976
0.245170,0.098874,-0.143598
0.244465,0.101959,-0.142704
0.241343,0.102286,-0.142343
0.239481,0.104093,-0.143725
0.239788,0.106020,-0.145529
0.238951,0.105036,-0.145100
0.237575,0.107317,-0.144933
0.235275,0.107425,-0.145408
0.234464,0.108523,-0.143194
0.233723,0.108600,-0.145244
0.231747,0.109898,-0.145986
0.231695,0.112034,-0.147444
0.230562,0.110960,-0.145250
0.228494,0.114389,-0.145515
0.228287,0.113109,-0.145247
0.225106,0.113293,-0.146948
0.224303,0.114969,-0.144897
0.225837,0.118319,-0.146769
0.222933,0.117485,-0.146763
0.220256,0.120114,-0.145623
0.221909,0.120325,-0.146641
0.218959,0.121553,-0.147846
0.216730,0.119721,-0.146675
0.215996,0.121735,-0.150147
0.215894,0.124072,-0.147920
0.213324,0.125902,-0.147318
0.211901,0.124953,-0.147651
0.211147,0.127758,-0.148826
0.210133,0.127086,-0.149797
0.209014,0.126781,-0.149672
0.206402,0.129148,-0.148356
0.204730,0.129822,-0.149360
0.203759,0.131186,-0.149304
0.205065,0.131552,-0.148981
0.201637,0.131978,-0.148816
0.201505,0.135371,-0.151492
0.198814,0.133231,-0.149183
0.199192,0.135023,-0.150868
0.198437,0.135573,-0.151947
0.195478,0.135626,-0.149787
0.195457,0.138041,-0.149048
0.195712,0.138128,-0.149545
0.191513,0.138361,-0.150754
0.190365,0.142050,-0.152466
0.190653,0.142306,-0.150757
0.188568,0.142624,-0.152887
0.187762,0.143932,-0.152773
0.185838,0.144483,-0.153868
0.184099,0.144825,-0.152711
0.183049,0.146453,-0.150909
0.182117,0.144050,-0.152734
0.178276,0.147746,-0.153183
0.178877,0.150611,-0.154287
0.178419,0.148639,-0.153986
0.175850,0.147562,-0.154541
0.175640,0.151681,-0.156411
0.174704,0.150932,-0.156602
0.172215,0.152284,-0.155264
0.170069,0.153150,-0.155892
0.168477,0.153303,-0.156857
0.166194,0.153986,-0.156094
0.165530,0.154768,-0.155949
0.165075,0.154562,-0.160154
0.162037,0.156454,-0.157514
0.160601,0.155994,-0.158225
0.157769,0.157368,-0.158332
0.158423,0.154757,-0.159095
0.155186,0.158683,-0.160066
0.153397,0.158482,-0.160267
0.152473,0.161969,-0.161788
0.151770,0.161135,-0.161626
0.149696,0.162429,-0.162651
0.146913,0.161885,-0.161803
0.146207,0.162313,-0.162459
0.143555,0.161632,-0.163617
0.141613,0.162820,-0.165091
0.140930,0.163482,-0.165052
0.139878,0.164205,-0.165632
0.135972,0.164739,-0.166893
0.133880,0.164313,-0.166260
0.131861,0.165712,-0.169289
0.130896,0.167216,-0.169904
0.128967,0.165355,-0.170331
0.127228,0.166952,-0.171329
0.125413,0.166769,-0.174222
0.123856,0.166709,-0.173857
0.119478,0.169047,-0.174804
0.119635,0.167343,-0.176008
0.116577,0.167192,-0.177893
0.113411,0.167969,-0.177624
0.110636,0.169282,-0.180235
0.109317,0.168157,-0.179271
0.107402,0.166923,-0.181573
0.104339,0.171115,-0.182623
0.104278,0.168930,-0.184182
0.098561,0.167041,-0.184968
0.098917,0.168750,-0.187024
0.096689,0.168506,-0.188729
0.092623,0.168294,-0.188555
0.092020,0.169287,-0.189175
0.087966,0.168419,-0.192390
0.085953,0.168173,-0.193727
0.085350,0.168966,-0.194313
0.083172,0.169381,-0.195796
0.078431,0.167923,-0.197236
0.077542,0.168971,-0.198733
0.073225,0.168223,-0.199801
0.072534,0.168342,-0.201581
0.069475,0.168434,-0.200134
0.067061,0.167553,-0.204899
0.064672,0.169409,-0.205725
0.061614,0.165366,-0.206248
0.058649,0.166830,-0.208789
0.057139,0.167840,-0.210023
0.053253,0.168133,-0.213602
0.049622,0.166887,-0.215992
0.046771,0.166177,-0.216230
0.043130,0.165763,-0.217881
0.040031,0.164044,-0.221066
0.253474,-0.011314,-0.196372
0.255570,-0.004697,-0.193087
0.258666,-0.001895,-0.191080
0.259362,0.002406,-0.187498
0.261891,0.006038,-0.184183
0.262305,0.008182,-0.180644
0.261963,0.012521,-0.180559
0.261457,0.014975,-0.178051
0.264448,0.017469,-0.176912
0.263295,0.021427,-0.174341
0.263539,0.024853,-0.171236
0.266151,0.026667,-0.170008
0.264319,0.027008,-0.170814
0.266098,0.031923,-0.167855
0.266469,0.033573,-0.165191
0.266764,0.038222,-0.163440
0.267519,0.038302,-0.163006
0.267268,0.040140,-0.161700
0.267577,0.042816,-0.160227
0.266717,0.046804,-0.158915
0.269234,0.046557,-0.156647
0.268839,0.049656,-0.155404
0.270461,0.053873,-0.151929
0.271761,0.058683,-0.151017
0.271993,0.060213,-0.148527
0.271142,0.062501,-0.148579
0.270239,0.063736,-0.147892
0.270971,0.065269,-0.147579
0.269740,0.066436,-0.145419
0.270490,0.068226,-0.145343
0.268347,0.071922,-0.145454
0.268470,0.071611,-0.144800
0.266857,0.072583,-0.144099
0.265964,0.074867,-0.144836
0.264153,0.076977,-0.144682
0.264510,0.077440,-0.141913
0.263642,0.079237,-0.141810
0.263389,0.080881,-0.142050
0.261364,0.081755,-0.141344
0.260375,0.082438,-0.143087
0.260986,0.083478,-0.142380
0.260589,0.084923,-0.141546
0.256859,0.085148,-0.142478
0.258458,0.088670,-0.142167
0.254649,0.089005,-0.142816
0.254615,0.089218,-0.142061
0.254509,0.090604,-0.143825
0.253858,0.090545,-0.140309
0.253389,0.091351,-0.142176
0.252078,0.093599,-0.140923
0.250179,0.093412,-0.140882
0.248875,0.097249,-0.141790
0.248267,0.094894,-0.143193
0.244576,0.096770,-0.143349
0.245604,0.098027,-0.140524
0.245092,0.098189,-0.143072
0.240967,0.101497,-0.143262
0.241843,0.100718,-0.142224
0.239600,0.103947,-0.142001
0.239899,0.103877,-0.141904
0.238568,0.104242,-0.144166
0.235816,0.105643,-0.141945
0.236259,0.106856,-0.142869
0.235124,0.105867,-0.143528
0.233636,0.109479,-0.142900
0.231727,0.110051,-0.143972
0.231834,0.112263,-0.144139
0.230014,0.111370,-0.143209
0.230613,0.110581,-0.144434
0.226224,0.113215,-0.144483
0.226502,0.113613,-0.142049
0.224725,0.115025,-0.145193
0.222759,0.116252,-0.145014
0.221450,0.117240,-0.145364
0.219112,0.116412,-0.146988
0.220685,0.117923,-0.144401
0.217818,0.121596,-0.145558
0.216475,0.119438,-0.146372
0.214201,0.121278,-0.146079
0.214748,0.121915,-0.146363
0.213456,0.122771,-0.147014
0.213470,0.124721,-0.146449
0.210115,0.123596,-0.148086
0.207911,0.126006,-0.148349
0.207708,0.128071,-0.146840
0.206958,0.127584,-0.146533
0.205228,0.127884,-0.147233
0.203707,0.129261,-0.147193
0.203884,0.128471,-0.148730
0.201401,0.130414,-0.148527
0.199801,0.132582,-0.148214
0.199750,0.134498,-0.148564
0.198478,0.134045,-0.149338
0.196344,0.133025,-0.150365
0.195265,0.135679,-0.149823
0.194055,0.138452,-0.150377
0.192571,0.137228,-0.150059
0.190825,0.137409,-0.149877
0.189710,0.139524,-0.149979
0.187911,0.139770,-0.149843
0.187778,0.142311,-0.152633
0.184377,0.141948,-0.148463
0.183531,0.144425,-0.150965
0.182740,0.144021,-0.149674
0.180150,0.144286,-0.151683
0.179196,0.146575,-0.152454
0.179869,0.149382,-0.152833
0.178751,0.148138,-0.152450
0.175350,0.149282,-0.153866
0.173243,0.149159,-0.152803
0.172371,0.148711,-0.154925
0.173384,0.148956,-0.153620
0.170076,0.153776,-0.153108
0.169603,0.152907,-0.155861
0.167540,0.152505,-0.153300
0.165632,0.153310,-0.154941
0.164417,0.154250,-0.156099
0.161165,0.151669,-0.156249
0.162440,0.155572,-0.157980
0.158360,0.157047,-0.157467
0.157928,0.156861,-0.161249
0.154308,0.157799,-0.160472
0.152343,0.156432,-0.160455
0.153115,0.157763,-0.160993
0.153130,0.158922,-0.160565
0.149046,0.156261,-0.160889
0.148694,0.160768,-0.161241
0.147252,0.161285,-0.163153
0.144573,0.160577,-0.163347
0.143221,0.163183,-0.163047
0.140109,0.161941,-0.164847
0.139691,0.163229,-0.165421
0.137422,0.162887,-0.165100
0.135151,0.163938,-0.165928
0.133066,0.163978,-0.167261
0.131420,0.163188,-0.166826
0.128996,0.164284,-0.169489
0.128758,0.165229,-0.169685
0.125388,0.165339,-0.172043
0.123385,0.164794,-0.170995
0.122631,0.165952,-0.172364
0.119024,0.164418,-0.172744
0.115700,0.165643,-0.177275
0.114459,0.166298,-0.174512
0.115396,0.166477,-0.176911
0.109725,0.166455,-0.177849
0.107560,0.165630,-0.179911
0.106832,0.166265,-0.182007
0.101729,0.166209,-0.181904
0.100775,0.167922,-0.183159
0.098089,0.167471,-0.184787
0.098429,0.166229,-0.186372
0.093660,0.164793,-0.187415
0.090095,0.165670,-0.189853
0.090636,0.168660,-0.189540
0.086562,0.167475,-0.190481
0.085103,0.167905,-0.194856
0.083545,0.166787,-0.194648
0.079635,0.166920,-0.195604
0.077870,0.166224,-0.195737
0.075430,0.167068,-0.197849
0.072486,0.168535,-0.198786
0.070168,0.167835,-0.199930
0.066874,0.165632,-0.202527
0.064611,0.165852,-0.203652
0.062920,0.164692,-0.203042
0.060992,0.166452,-0.205576
0.056288,0.164723,-0.207171
0.052943,0.165427,-0.208747
0.050948,0.163406,-0.212399
0.046609,0.163573,-0.214971
0.044438,0.164245,-0.215027
0.041769,0.161851,-0.217691
0.253799,-0.009282,-0.192646
0.254710,-0.007412,-0.190786
0.255930,-0.003023,-0.186237
0.258439,0.001465,-0.185700
0.261184,0.005307,-0.183269
0.260895,0.008892,-0.180746
0.262976,0.010225,-0.178145
0.261575,0.015324,-0.175970
0.262476,0.017049,-0.175104
0.262860,0.016596,-0.172569
0.263150,0.022462,-0.170039
0.264581,0.023391,-0.170198
0.266001,0.027995,-0.168337
0.265623,0.030131,-0.166094
0.264165,0.033004,-0.164616
0.266158,0.035822,-0.163587
0.264683,0.038321,-0.161423
0.266864,0.039566,-0.160883
0.266504,0.041486,-0.160272
0.267540,0.043527,-0.155332
0.268576,0.048293,-0.155145
0.268482,0.050812,-0.154669
0.267839,0.055233,-0.150582
0.270457,0.057642,-0.148156
0.270516,0.061368,-0.146722
0.269460,0.061321,-0.146602
0.270651,0.063259,-0.147011
0.268874,0.067236,-0.146100
0.267951,0.066047,-0.143453
0.269150,0.069563,-0.144339
0.268335,0.072228,-0.143727
0.266201,0.072300,-0.142635
0.266388,0.073925,-0.142713
0.267056,0.073999,-0.140840
0.264734,0.074889,-0.141301
0.264373,0.077625,-0.140963
0.261503,0.078587,-0.141435
0.262806,0.077321,-0.140148
0.261456,0.079215,-0.139678
0.260820,0.080719,-0.140627
0.259069,0.083503,-0.140042
0.258255,0.083703,-0.141464
0.256696,0.086531,-0.140478
0.255450,0.086282,-0.141534
0.257624,0.087129,-0.140403
0.253112,0.089635,-0.139841
0.253525,0.090152,-0.142315
0.251703,0.090915,-0.143809
0.251780,0.091701,-0.140349
0.250184,0.093881,-0.140526
0.248894,0.092827,-0.139527
0.248442,0.093895,-0.140911
0.247339,0.095209,-0.141938
0.246821,0.096680,-0.141399
0.245103,0.098068,-0.141584
0.242020,0.097355,-0.140384
0.241372,0.100946,-0.141615
0.242675,0.100851,-0.140515
0.241919,0.102870,-0.142913
0.238721,0.103226,-0.141746
0.237264,0.101400,-0.142095
0.233965,0.103589,-0.140054
0.236227,0.106861,-0.141444
0.233499,0.106133,-0.142255
0.232316,0.108631,-0.139964
0.231531,0.108167,-0.142749
0.228424,0.110946,-0.142513
0.228013,0.109758,-0.142666
0.225631,0.111668,-0.141645
0.223816,0.113502,-0.141969
0.225126,0.112404,-0.143314
0.222562,0.112437,-0.144960
0.223403,0.114886,-0.143054
0.220723,0.115685,-0.143123
0.219086,0.116302,-0.143711
0.217998,0.117531,-0.145122
0.217188,0.119545,-0.143804
0.216545,0.119441,-0.145659
0.214821,0.118428,-0.145287
0.212556,0.121659,-0.145369
0.212151,0.123562,-0.145757
0.211250,0.123989,-0.144246
0.209316,0.124342,-0.145014
0.208188,0.127286,-0.147994
0.206001,0.126276,-0.146767
0.205264,0.126001,-0.146235
0.202600,0.127397,-0.147465
0.203354,0.128362,-0.147390
0.202647,0.129145,-0.145560
0.200560,0.131158,-0.147644
0.198268,0.132343,-0.148036
0.197767,0.133263,-0.147634
0.196998,0.131414,-0.148483
0.195977,0.134212,-0.148224
0.194951,0.135027,-0.149724
0.190244,0.135080,-0.148284
0.192410,0.136783,-0.148444
0.188578,0.137921,-0.148440
0.188064,0.138488,-0.148370
0.189390,0.138530,-0.149629
0.187077,0.139289,-0.148397
0.182736,0.142154,-0.151095
0.184808,0.141280,-0.149692
0.182361,0.144484,-0.150130
0.179987,0.144455,-0.150453
0.179348,0.145359,-0.151111
0.177527,0.145021,-0.151718
0.176519,0.147314,-0.151881
0.174850,0.146411,-0.151890
0.173369,0.147412,-0.151390
0.173758,0.148666,-0.154512
0.170473,0.148520,-0.153439
0.168737,0.150090,-0.153239
0.168462,0.151187,-0.153927
0.166036,0.151914,-0.154588
0.165325,0.152446,-0.153987
0.161918,0.151235,-0.155931
0.159906,0.153408,-0.155407
0.161066,0.155779,-0.156454
0.157942,0.153421,-0.157954
0.157164,0.154600,-0.156687
0.155511,0.155800,-0.157543
0.152760,0.156108,-0.158310
0.151343,0.156826,-0.158577
0.149486,0.158433,-0.159624
0.149486,0.158210,-0.160662
0.145989,0.159896,-0.161493
0.144214,0.161426,-0.160962
0.143076,0.160536,-0.161427
0.138268,0.160001,-0.163368
0.139523,0.160145,-0.165500
0.138160,0.159835,-0.161979
0.135608,0.159286,-0.163749
0.135022,0.162328,-0.167511
0.133095,0.162627,-0.166850
0.130838,0.163924,-0.166847
0.127920,0.162047,-0.168194
0.122523,0.162726,-0.170264
0.123864,0.163169,-0.171557
0.122032,0.164047,-0.171683
0.120190,0.163438,-0.171517
0.116559,0.163029,-0.172940
0.115988,0.165610,-0.175777
0.111996,0.165154,-0.175567
0.111140,0.164746,-0.177091
0.109547,0.163776,-0.180242
0.105832,0.164611,-0.179382
0.104312,0.162616,-0.178975
0.102401,0.164375,-0.180914
0.100010,0.166299,-0.184935
0.097935,0.166114,-0.184437
0.096012,0.164658,-0.186889
0.091871,0.166225,-0.186914
0.091564,0.166174,-0.187991
0.088755,0.166286,-0.189539
0.085916,0.164179,-0.190526
0.083065,0.165515,-0.192914
0.079637,0.165302,-0.193700
0.077649,0.163984,-0.192988
0.075401,0.166465,-0.195700
0.073228,0.164193,-0.195759
0.070582,0.165240,-0.197355
0.067023,0.165597,-0.198750
0.066148,0.164222,-0.202040
0.063726,0.163776,-0.203480
0.059245,0.162719,-0.205227
0.056221,0.163428,-0.206150
0.053717,0.164195,-0.208265
0.052080,0.164607,-0.210568
0.044838,0.161726,-0.212227
0.041796,0.163791,-0.213558
0.039688,0.160219,-0.216166
0.039056,0.160405,-0.217834
0.246269,-0.020124,-0.202298
0.254086,-0.010269,-0.192329
0.256060,-0.007985,-0.190689
0.257143,-0.005630,-0.185025
0.258179,0.003724,-0.182672
0.259308,0.005760,-0.180923
0.258151,0.007114,-0.179697
0.260086,0.008179,-0.176017
0.263162,0.012150,-0.176363
0.262836,0.015147,-0.173935
0.261924,0.016245,-0.173153
0.264848,0.021255,-0.171154
0.262874,0.024270,-0.167800
0.263980,0.026581,-0.167005
0.263892,0.029266,-0.164768
0.265119,0.033146,-0.162738
0.265379,0.034374,-0.160516
0.265239,0.038519,-0.159313
0.267695,0.039548,-0.158792
0.266566,0.043074,-0.158486
0.268054,0.044225,-0.155583
0.268742,0.047746,-0.153779
0.270863,0.051104,-0.150158
0.271665,0.055716,-0.147317
0.269637,0.056761,-0.147356
0.271178,0.058881,-0.146603
0.270082,0.061399,-0.145099
0.270567,0.064503,-0.143511
0.271530,0.066796,-0.142216
0.269474,0.065756,-0.141761
0.269423,0.067724,-0.141997
0.268657,0.069892,-0.142286
0.266559,0.071149,-0.141023
0.266914,0.072049,-0.140721
0.264735,0.072786,-0.142194
0.264767,0.075772,-0.138683
0.263294,0.076046,-0.140442
0.263570,0.075817,-0.141039
0.262211,0.080249,-0.141124
0.260421,0.080709,-0.140607
0.259384,0.080666,-0.140172
0.260445,0.081806,-0.138174
0.255575,0.081326,-0.137969
0.257590,0.083287,-0.136715
0.255330,0.083467,-0.138095
0.255753,0.085248,-0.138860
0.253901,0.089600,-0.139799
0.252569,0.089051,-0.137620
0.250957,0.088932,-0.138838
0.250648,0.091863,-0.139587
0.248137,0.092890,-0.137480
0.246929,0.093773,-0.139459
0.248541,0.094843,-0.138859
0.245384,0.096614,-0.139251
0.244299,0.097753,-0.139224
0.244130,0.097639,-0.140072
0.242786,0.099018,-0.138542
0.241398,0.098883,-0.138922
0.238421,0.100727,-0.138104
0.239109,0.102339,-0.138555
0.238010,0.101697,-0.139354
0.237177,0.104166,-0.140997
0.235965,0.105417,-0.140437
0.234758,0.103955,-0.139178
0.232782,0.106237,-0.140440
0.229914,0.107056,-0.140683
0.229355,0.108815,-0.140466
0.228726,0.108552,-0.141155
0.226202,0.112448,-0.141367
0.226772,0.111941,-0.141661
0.224574,0.109781,-0.141293
0.221805,0.113160,-0.144302
0.224430,0.114396,-0.141131
0.221892,0.115257,-0.142002
0.222116,0.117427,-0.141263
0.219548,0.115238,-0.143753
0.217900,0.117193,-0.144515
0.215444,0.118240,-0.143828
0.215095,0.118034,-0.143586
0.213782,0.119541,-0.144561
0.210628,0.121189,-0.144007
0.210564,0.120719,-0.144038
0.209459,0.122190,-0.145210
0.206750,0.123773,-0.143446
0.207619,0.124083,-0.145697
0.205912,0.125492,-0.143196
0.203086,0.125976,-0.145146
0.202602,0.128338,-0.144316
0.201707,0.128196,-0.145344
0.201034,0.129517,-0.144089
0.200142,0.129727,-0.144754
0.196905,0.129514,-0.146479
0.196963,0.130121,-0.146064
0.195123,0.131539,-0.146718
0.194588,0.132615,-0.146096
0.192504,0.134495,-0.147477
0.191325,0.133921,-0.146592
0.190338,0.134438,-0.148331
0.188437,0.137209,-0.147776
0.186666,0.138349,-0.147129
0.185322,0.138950,-0.147724
0.184381,0.139018,-0.148880
0.183963,0.140184,-0.148229
0.182952,0.141238,-0.150969
0.179673,0.141160,-0.147594
0.179115,0.143330,-0.150380
0.178224,0.143046,-0.148639
0.176255,0.143978,-0.150238
0.176874,0.144568,-0.148839
0.174887,0.145032,-0.153876
0.170762,0.146746,-0.154024
0.169807,0.148485,-0.151990
0.170412,0.146754,-0.152392
0.169077,0.147849,-0.152694
0.165955,0.149618,-0.154521
0.164759,0.147996,-0.152286
0.162048,0.150665,-0.154724
0.160910,0.149933,-0.155021
0.158631,0.149293,-0.156466
0.156502,0.152836,-0.155143
0.155754,0.153985,-0.156672
0.156588,0.153814,-0.157883
0.152888,0.153727,-0.157555
0.152355,0.155801,-0.157872
0.150121,0.153896,-0.158543
0.148723,0.155315,-0.160258
0.146258,0.156102,-0.160479
0.144178,0.156677,-0.160019
0.141930,0.157946,-0.160434
0.143656,0.159449,-0.162069
0.140031,0.158953,-0.162933
0.138614,0.158672,-0.162658
0.136335,0.158537,-0.164040
0.133798,0.160174,-0.162781
0.131946,0.160563,-0.163639
0.131764,0.160703,-0.167835
0.129491,0.160989,-0.167021
0.127438,0.161853,-0.167286
0.124893,0.161384,-0.167960
0.122384,0.162529,-0.171331
0.120283,0.163179,-0.170814
0.117988,0.162583,-0.171221
0.116304,0.162919,-0.172367
0.114818,0.162183,-0.174401
0.111907,0.162850,-0.175461
0.109860,0.163352,-0.175838
0.107687,0.162521,-0.176997
0.104886,0.163640,-0.178946
0.103204,0.164805,-0.179394
0.100563,0.164825,-0.181249
0.097943,0.163949,-0.179755
0.096726,0.161999,-0.183525
0.095637,0.163427,-0.184730
0.092094,0.163733,-0.185133
0.088218,0.163225,-0.188749
0.086620,0.163766,-0.188780
0.083216,0.164321,-0.189943
0.080046,0.163511,-0.190725
0.080536,0.164026,-0.193978
0.077523,0.165843,-0.195098
0.073558,0.164139,-0.196659
0.071882,0.163423,-0.197118
0.068988,0.164677,-0.196241
0.067666,0.164110,-0.199806
0.063403,0.162323,-0.201494
0.061738,0.161393,-0.201242
0.057951,0.162666,-0.204604
0.056394,0.160775,-0.205508
0.052158,0.163759,-0.209436
0.046968,0.162226,-0.209324
0.045620,0.162188,-0.210629
0.041514,0.159877,-0.215957
0.038962,0.158389,-0.216939
0.249625,-0.018168,-0.196063
0.253756,-0.010800,-0.191822
0.254187,-0.007232,-0.189028
0.256747,-0.004144,-0.182983
0.257697,0.001739,-0.180422
0.257263,0.002854,-0.178799
0.258381,0.008058,-0.178630
0.259564,0.009652,-0.175103
0.261097,0.012260,-0.173410
0.261285,0.015229,-0.171521
0.261193,0.016482,-0.169407
0.262126,0.019407,-0.167605
0.261636,0.024383,-0.168397
0.262530,0.025208,-0.166794
0.263403,0.028624,-0.164988
0.263035,0.032658,-0.162666
0.264157,0.034769,-0.160563
0.266069,0.034928,-0.159461
0.265540,0.039384,-0.157442
0.266203,0.041703,-0.156490
0.267091,0.045416,-0.153661
0.265296,0.046029,-0.153908
0.271093,0.051542,-0.147968
0.270669,0.054834,-0.146597
0.271103,0.057012,-0.143863
0.270285,0.059167,-0.144482
0.271318,0.059878,-0.142175
0.269852,0.061731,-0.141186
0.268920,0.063996,-0.142010
0.268136,0.065812,-0.141130
0.267759,0.067280,-0.140098
0.267179,0.066624,-0.139102
0.266608,0.069865,-0.139356
0.265777,0.071440,-0.138916
0.263766,0.073941,-0.140561
0.262989,0.073620,-0.138264
0.262511,0.077763,-0.137365
0.262681,0.077054,-0.137336
0.261862,0.075501,-0.137345
0.258281,0.080064,-0.137765
0.258197,0.080485,-0.137985
0.256862,0.082833,-0.138130
0.256521,0.082905,-0.138973
0.255633,0.083236,-0.137771
0.255288,0.085088,-0.137623
0.254441,0.086670,-0.136029
0.249704,0.088232,-0.136573
0.252086,0.089542,-0.137288
0.251368,0.090171,-0.137615
0.247969,0.089998,-0.139034
0.250498,0.093189,-0.137318
0.249754,0.094232,-0.138385
0.245869,0.095421,-0.137925
0.246213,0.095004,-0.137270
0.244936,0.094612,-0.137568
0.241859,0.098401,-0.137461
0.241931,0.098242,-0.138795
0.242985,0.099565,-0.136893
0.240546,0.101767,-0.137446
0.237643,0.100800,-0.138274
0.237221,0.101552,-0.138419
0.235111,0.104870,-0.139937
0.234126,0.103205,-0.138516
0.235403,0.103099,-0.139016
0.231491,0.104334,-0.138969
0.231953,0.105537,-0.138920
0.231200,0.105454,-0.138498
0.229727,0.106799,-0.141573
0.226133,0.107856,-0.138378
0.225514,0.111125,-0.141122
0.223724,0.107683,-0.140743
0.223997,0.109913,-0.141616
0.222249,0.111091,-0.142315
0.220930,0.112537,-0.142154
0.218039,0.114704,-0.142013
0.217005,0.115296,-0.141174
0.217202,0.115494,-0.141753
0.214932,0.119336,-0.142701
0.213238,0.115827,-0.143036
0.212708,0.118388,-0.141697
0.212362,0.119122,-0.142147
0.209795,0.120213,-0.141345
0.206983,0.121225,-0.141723
0.205443,0.122079,-0.143926
0.205092,0.122282,-0.143510
0.203003,0.123228,-0.142967
0.204115,0.124254,-0.145095
0.201617,0.125393,-0.145517
0.201159,0.124705,-0.145162
0.200829,0.128657,-0.145616
0.198362,0.128630,-0.145411
0.198435,0.129211,-0.144115
0.195136,0.129857,-0.145895
0.193845,0.130536,-0.144248
0.192132,0.132202,-0.147138
0.192160,0.131027,-0.146618
0.190485,0.132976,-0.147692
0.190213,0.133136,-0.146030
0.187182,0.134141,-0.147086
0.188376,0.136289,-0.146451
0.186473,0.136807,-0.146393
0.183772,0.137124,-0.149111
0.182610,0.136801,-0.148610
0.181966,0.140869,-0.150000
0.180541,0.141020,-0.150637
0.177170,0.140072,-0.147889
0.177550,0.140202,-0.148942
0.173746,0.142921,-0.148971
0.174195,0.144251,-0.150306
0.172074,0.146786,-0.151130
0.171508,0.144863,-0.149581
0.168744,0.144294,-0.150479
0.167858,0.144677,-0.153925
0.166106,0.148729,-0.152257
0.164165,0.147425,-0.152117
0.163114,0.148133,-0.152774
0.162055,0.148958,-0.154195
0.160531,0.150943,-0.152917
0.158266,0.149603,-0.155896
0.157297,0.151180,-0.153572
0.155156,0.150542,-0.156168
0.153639,0.152469,-0.156790
0.151694,0.152673,-0.155769
0.148767,0.154070,-0.156532
0.148003,0.153808,-0.158106
0.147808,0.154334,-0.158598
0.144934,0.155270,-0.158614
0.143185,0.156517,-0.160395
0.142145,0.158179,-0.161697
0.140732,0.157362,-0.160342
0.137078,0.157853,-0.161232
0.136562,0.158792,-0.160888
0.134715,0.159018,-0.161738
0.132684,0.157977,-0.162542
0.131549,0.161653,-0.164541
0.131286,0.159195,-0.165196
0.127043,0.159951,-0.166722
0.125659,0.162348,-0.168030
0.122376,0.161081,-0.166013
0.120449,0.161549,-0.167980
0.120527,0.161682,-0.170525
0.117678,0.160841,-0.172435
0.115511,0.160473,-0.172175
0.112721,0.159419,-0.173612
0.112363,0.162789,-0.173103
0.107794,0.161798,-0.176822
0.104310,0.160980,-0.176529
0.102455,0.161829,-0.178237
0.101754,0.163078,-0.178403
0.099192,0.162994,-0.180341
0.095509,0.162180,-0.182177
0.094054,0.161815,-0.182304
0.092074,0.160167,-0.182781
0.087299,0.160612,-0.186074
0.085018,0.161167,-0.186149
0.085232,0.161786,-0.188889
0.081128,0.162894,-0.190006
0.078315,0.160992,-0.191135
0.077291,0.163492,-0.193028
0.075179,0.162032,-0.194291
0.072293,0.160937,-0.193586
0.071098,0.161494,-0.195213
0.066344,0.162395,-0.197588
0.063438,0.161906,-0.200440
0.061833,0.161407,-0.200971
0.056517,0.161849,-0.203353
0.055352,0.162449,-0.207195
0.054660,0.158589,-0.206835
0.051438,0.159477,-0.209564
0.047313,0.158236,-0.211493
0.044358,0.160129,-0.211417
0.038625,0.157619,-0.214419
0.250196,-0.015364,-0.192290
0.254222,-0.011297,-0.189287
0.253994,-0.006848,-0.184287
0.256680,-0.003745,-0.182577
0.257225,0.000042,-0.180791
0.256853,0.002361,-0.178994
0.259064,0.005449,-0.176446
0.258684,0.008008,-0.175486
0.259317,0.011523,-0.174004
0.260331,0.013874,-0.169681
0.260157,0.017275,-0.169506
0.261674,0.019915,-0.166221
0.262509,0.021569,-0.165838
0.261793,0.023900,-0.163639
0.264462,0.027042,-0.162555
0.265604,0.029620,-0.159428
0.263286,0.030645,-0.159187
0.263901,0.035645,-0.156351
0.265713,0.038376,-0.155007
0.265174,0.042174,-0.154494
0.265449,0.044056,-0.151368
0.267039,0.047138,-0.149111
0.268990,0.050400,-0.146269
0.269812,0.054775,-0.144177
0.270482,0.057357,-0.146076
0.266963,0.058167,-0.142932
0.269848,0.060623,-0.142271
0.269824,0.061677,-0.139603
0.267457,0.063647,-0.141386
0.268313,0.067726,-0.140834
0.267500,0.065641,-0.139392
0.265147,0.066270,-0.137609
0.266671,0.068756,-0.138977
0.265585,0.068391,-0.139091
0.264508,0.071978,-0.137644
0.264292,0.072354,-0.137035
0.264495,0.073995,-0.136013
0.261347,0.078071,-0.136467
0.259385,0.076221,-0.135841
0.260521,0.078281,-0.135247
0.260085,0.078378,-0.136284
0.255615,0.079346,-0.135251
0.257642,0.081204,-0.137146
0.257104,0.083696,-0.134256
0.256044,0.083745,-0.135691
0.252959,0.085098,-0.136424
0.252396,0.087682,-0.135179
0.251758,0.088983,-0.135801
0.250688,0.089155,-0.137481
0.248152,0.090459,-0.136940
0.248636,0.092518,-0.135709
0.244043,0.093325,-0.135926
0.245961,0.092935,-0.134862
0.246535,0.095170,-0.136983
0.241404,0.096659,-0.138489
0.242467,0.096082,-0.138566
0.240411,0.098560,-0.136976
0.239819,0.097495,-0.135140
0.238756,0.099077,-0.138218
0.239101,0.101067,-0.136462
0.236315,0.100036,-0.138680
0.234745,0.102912,-0.138603
0.233178,0.102680,-0.138570
0.232432,0.102003,-0.137975
0.230312,0.102763,-0.138132
0.230765,0.105087,-0.139569
0.228120,0.107805,-0.138455
0.227710,0.105226,-0.137961
0.225168,0.106141,-0.139153
0.225866,0.109231,-0.137870
0.224440,0.110143,-0.139186
0.221607,0.110947,-0.138191
0.222530,0.112419,-0.139039
0.218680,0.112503,-0.139839
0.219190,0.114125,-0.140080
0.216038,0.113548,-0.140512
0.216823,0.116579,-0.141886
0.214811,0.114739,-0.138623
0.214349,0.118198,-0.140212
0.211210,0.117687,-0.141021
0.209885,0.119231,-0.141300
0.208523,0.121491,-0.141785
0.207623,0.119760,-0.143486
0.206720,0.122403,-0.143357
0.204747,0.124390,-0.142936
0.204801,0.122809,-0.143609
0.201601,0.123308,-0.141961
0.201920,0.125268,-0.143942
0.199512,0.125805,-0.143046
0.199575,0.124959,-0.143944
0.197601,0.128179,-0.143497
0.197431,0.128432,-0.144898
0.193988,0.128757,-0.145632
0.191599,0.130717,-0.143481
0.192932,0.132606,-0.144819
0.189314,0.133725,-0.144583
0.189332,0.133261,-0.144359
0.186777,0.131654,-0.145435
0.189129,0.135883,-0.145352
0.185396,0.136444,-0.145409
0.183306,0.136287,-0.147849
0.183644,0.137262,-0.145655
0.180996,0.135083,-0.146834
0.180482,0.138170,-0.148593
0.178557,0.139814,-0.146678
0.178337,0.141430,-0.147591
0.176261,0.139397,-0.148505
0.175200,0.142036,-0.148838
0.171924,0.140852,-0.150106
0.171381,0.143131,-0.147896
0.169928,0.144793,-0.148690
0.166572,0.143760,-0.148857
0.166332,0.144359,-0.152209
0.165222,0.145716,-0.150557
0.163389,0.147529,-0.151938
0.160296,0.146969,-0.152242
0.160254,0.149370,-0.153591
0.157378,0.146735,-0.154988
0.158353,0.147655,-0.153748
0.153779,0.148983,-0.153923
0.153161,0.151150,-0.155250
0.152442,0.149301,-0.154880
0.149966,0.151164,-0.155389
0.148611,0.150816,-0.154730
0.148717,0.152643,-0.156443
0.147011,0.154738,-0.156091
0.143309,0.153902,-0.158601
0.142966,0.152699,-0.155246
0.141051,0.156316,-0.161194
0.137521,0.157932,-0.160320
0.137026,0.156243,-0.162713
0.134651,0.156512,-0.160857
0.131755,0.156946,-0.163070
0.131129,0.158255,-0.164018
0.128508,0.158223,-0.165711
0.128879,0.158359,-0.164328
0.127285,0.158822,-0.165743
0.125076,0.159441,-0.168354
0.122214,0.159461,-0.167481
0.121114,0.159071,-0.168686
0.119456,0.159004,-0.168885
0.114675,0.159187,-0.170769
0.110960,0.158280,-0.173063
0.110058,0.162924,-0.174668
0.107790,0.160118,-0.175597
0.107058,0.160322,-0.172985
0.104019,0.157451,-0.177309
0.102190,0.161665,-0.176031
0.098559,0.160450,-0.178928
0.097872,0.160152,-0.179602
0.096210,0.160757,-0.181620
0.094307,0.160154,-0.182786
0.090900,0.162076,-0.184634
0.087233,0.159992,-0.184668
0.085311,0.161306,-0.187528
0.083696,0.160094,-0.187532
0.080134,0.161849,-0.187717
0.078276,0.159818,-0.190302
0.076089,0.163030,-0.193092
0.073286,0.160154,-0.193349
0.070262,0.159407,-0.195272
0.067443,0.161063,-0.194776
0.065461,0.161045,-0.197832
0.057999,0.160295,-0.198323
0.057036,0.158009,-0.201733
0.055531,0.156943,-0.204218
0.053754,0.158002,-0.205399
0.050926,0.157808,-0.206112
0.047004,0.157046,-0.209758
0.044240,0.157143,-0.211504
0.039810,0.156086,-0.214747
0.251431,-0.015385,-0.191718
0.253972,-0.011756,-0.186854
0.254225,-0.008433,-0.182061
0.255376,-0.003803,-0.179645
0.257305,-0.000540,-0.179091
0.256780,0.003593,-0.177598
0.257808,0.005336,-0.174609
0.257508,0.006421,-0.172625
0.259591,0.011773,-0.171476
0.259428,0.013803,-0.170653
0.260493,0.014331,-0.169177
0.260066,0.018338,-0.164871
0.261180,0.021438,-0.166743
0.261303,0.024517,-0.163815
0.262922,0.027040,-0.159762
0.261236,0.028417,-0.158911
0.262441,0.033975,-0.157246
0.263394,0.035617,-0.156127
0.264770,0.038951,-0.152885
0.266431,0.041359,-0.152359
0.265205,0.045898,-0.150046
0.266132,0.046784,-0.147544
0.269383,0.050002,-0.143053
0.270758,0.053564,-0.142063
0.269352,0.054576,-0.138108
0.267028,0.059540,-0.140400
0.269396,0.059793,-0.138648
0.267083,0.060502,-0.137392
0.267750,0.063692,-0.137536
0.266380,0.065121,-0.136528
0.264879,0.066818,-0.137614
0.265471,0.068099,-0.137968
0.265196,0.067561,-0.135646
0.264346,0.069601,-0.137727
0.264374,0.071890,-0.135741
0.264462,0.074144,-0.133963
0.260554,0.072832,-0.136537
0.260097,0.075013,-0.136602
0.259771,0.075135,-0.134403
0.258598,0.077048,-0.134791
0.259176,0.077998,-0.134896
0.257093,0.078879,-0.135484
0.256868,0.080698,-0.134139
0.256409,0.083185,-0.134377
0.255760,0.084131,-0.134060
0.253498,0.085583,-0.134062
0.251362,0.086614,-0.134568
0.250788,0.087819,-0.135699
0.247929,0.085779,-0.134147
0.248033,0.089862,-0.135620
0.247268,0.090137,-0.134783
0.244755,0.090945,-0.135248
0.246479,0.093513,-0.133055
0.243645,0.090816,-0.134666
0.243669,0.093163,-0.134670
0.241188,0.094994,-0.135148
0.240064,0.096192,-0.134114
0.238645,0.097046,-0.135947
0.238299,0.097182,-0.135405
0.234986,0.098993,-0.136632
0.233348,0.100476,-0.137101
0.233684,0.100078,-0.135343
0.232891,0.101422,-0.134410
0.232198,0.104235,-0.136229
0.230020,0.103150,-0.136255
0.229813,0.104776,-0.137029
0.227293,0.106492,-0.138165
0.225597,0.104697,-0.137964
0.227516,0.106941,-0.135164
0.222815,0.107180,-0.136539
0.220048,0.111319,-0.137221
0.220018,0.108964,-0.138452
0.218942,0.112693,-0.137709
0.218764,0.112492,-0.138601
0.218171,0.112162,-0.139410
0.216356,0.113407,-0.138902
0.213554,0.113598,-0.137401
0.212489,0.116784,-0.139896
0.212826,0.117778,-0.139548
0.211704,0.115302,-0.139462
0.209360,0.118916,-0.141606
0.209995,0.120616,-0.142747
0.205695,0.116995,-0.140955
0.204880,0.121758,-0.141318
0.202355,0.121742,-0.141259
0.201782,0.121293,-0.140583
0.200817,0.121615,-0.142270
0.200390,0.123169,-0.140882
0.199419,0.125072,-0.142700
0.197827,0.125702,-0.140882
0.196817,0.128339,-0.141532
0.196094,0.127525,-0.145186
0.195809,0.127553,-0.142989
0.191294,0.128531,-0.145016
0.192291,0.129628,-0.143201
0.189910,0.131145,-0.143307
0.189935,0.130962,-0.143815
0.186942,0.132801,-0.144770
0.186462,0.135357,-0.143705
0.185527,0.131713,-0.145189
0.181932,0.134790,-0.145192
0.182266,0.136830,-0.145358
0.178733,0.137015,-0.144636
0.178866,0.136378,-0.144431
0.176478,0.138299,-0.146561
0.174967,0.139206,-0.145987
0.175062,0.139585,-0.147022
0.172219,0.138269,-0.148108
0.171908,0.141010,-0.148374
0.168689,0.141148,-0.148238
0.170188,0.143481,-0.149674
0.166036,0.144336,-0.147619
0.166928,0.143867,-0.150026
0.163925,0.145758,-0.150812
0.160197,0.145979,-0.151644
0.161964,0.145515,-0.150281
0.159105,0.145546,-0.151504
0.157074,0.148214,-0.152723
0.157003,0.147070,-0.152982
0.154131,0.150016,-0.153726
0.151912,0.150001,-0.154856
0.152715,0.150377,-0.153391
0.150056,0.149532,-0.153323
0.148276,0.150676,-0.155552
0.145754,0.151804,-0.156000
0.143624,0.151739,-0.157987
0.143754,0.153047,-0.157377
0.141525,0.153358,-0.158012
0.139112,0.153574,-0.157905
0.137857,0.156462,-0.159495
0.136769,0.154997,-0.161797
0.132513,0.154892,-0.158670
0.133164,0.155580,-0.159382
0.129342,0.154888,-0.162049
0.128928,0.154309,-0.162087
0.126959,0.157068,-0.162241
0.123470,0.155514,-0.166151
0.121772,0.157949,-0.166731
0.118266,0.157498,-0.167932
0.115982,0.158150,-0.168425
0.114045,0.156804,-0.171602
0.113650,0.158849,-0.171167
0.111564,0.158847,-0.169193
0.109718,0.158786,-0.172821
0.106187,0.157835,-0.172843
0.104134,0.158153,-0.174760
0.103543,0.158446,-0.176326
0.101227,0.158797,-0.178629
0.098352,0.160050,-0.179105
0.093261,0.160079,-0.178667
0.090580,0.158442,-0.179726
0.091361,0.159190,-0.180636
0.088359,0.158210,-0.182454
0.086546,0.159648,-0.183820
0.083571,0.159652,-0.186220
0.082195,0.157549,-0.188174
0.077170,0.159417,-0.187958
0.076032,0.158159,-0.191842
0.073247,0.159206,-0.190662
0.072457,0.159264,-0.194745
0.068822,0.159395,-0.194903
0.065266,0.159987,-0.195486
0.062022,0.158425,-0.196901
0.060865,0.158186,-0.199091
0.057625,0.157243,-0.202482
0.056586,0.158120,-0.202375
0.051714,0.156119,-0.206008
0.047159,0.154087,-0.206654
0.043217,0.154580,-0.209948
0.042442,0.153856,-0.210066
0.240502,-0.027838,-0.198602
0.249372,-0.015629,-0.189261
0.252987,-0.013079,-0.184509
0.254687,-0.008773,-0.182076
0.253799,-0.005129,-0.179733
0.256313,-0.002666,-0.177732
0.255766,0.001651,-0.175949
0.257574,0.004850,-0.174439
0.256348,0.006831,-0.171132
0.257865,0.009623,-0.170511
0.258291,0.011169,-0.168719
0.257550,0.014384,-0.166100
0.257476,0.017638,-0.165288
0.260436,0.021300,-0.163473
0.260435,0.021778,-0.161475
0.262285,0.024714,-0.159664
0.262408,0.029292,-0.155705
0.262697,0.031783,-0.155919
0.264450,0.035787,-0.151055
0.265537,0.037883,-0.152203
0.265785,0.041178,-0.150234
0.266245,0.043496,-0.146062
0.268348,0.047695,-0.142551
0.268815,0.051110,-0.141968
0.268947,0.053912,-0.140328
0.269529,0.054486,-0.141348
0.270169,0.056680,-0.138356
0.269870,0.059419,-0.137616
0.268995,0.060341,-0.135490
0.267635,0.062412,-0.135801
0.265900,0.066074,-0.136591
0.266052,0.065215,-0.135611
0.265119,0.065200,-0.135480
0.264245,0.068878,-0.136491
0.264538,0.069336,-0.136875
0.264288,0.070855,-0.136042
0.262373,0.070987,-0.134448
0.261051,0.073562,-0.132218
0.260209,0.073107,-0.134190
0.256503,0.076395,-0.133034
0.256761,0.077330,-0.133821
0.257022,0.077485,-0.133358
0.258444,0.079757,-0.133470
0.256462,0.080854,-0.132883
0.254584,0.082420,-0.132076
0.253919,0.084518,-0.133382
0.251263,0.083392,-0.131985
0.252185,0.082925,-0.132171
0.251179,0.087876,-0.131630
0.248769,0.087310,-0.134715
0.246267,0.088257,-0.132165
0.246280,0.090904,-0.132224
0.246261,0.091411,-0.132950
0.243588,0.092701,-0.132871
0.241490,0.092001,-0.133812
0.241581,0.094174,-0.133229
0.240906,0.092455,-0.133303
0.238755,0.094309,-0.135235
0.238018,0.097161,-0.133424
0.234875,0.097688,-0.133813
0.237203,0.097847,-0.132555
0.236255,0.099355,-0.133706
0.234364,0.100816,-0.135808
0.233370,0.100569,-0.134937
0.231227,0.101153,-0.134166
0.230901,0.101812,-0.134173
0.230038,0.103690,-0.134500
0.227283,0.106680,-0.134407
0.225292,0.104814,-0.136480
0.224598,0.104528,-0.137024
0.222221,0.106592,-0.135595
0.223602,0.108280,-0.136660
0.221864,0.108203,-0.135706
0.220949,0.109446,-0.137003
0.218985,0.110687,-0.138377
0.216997,0.112098,-0.137270
0.216761,0.113299,-0.136253
0.214853,0.112977,-0.137201
0.213694,0.112856,-0.137992
0.210675,0.115502,-0.139261
0.209057,0.114956,-0.138095
0.210257,0.118127,-0.137306
0.209208,0.117881,-0.137680
0.206276,0.117904,-0.137663
0.204146,0.120348,-0.140158
0.203413,0.119894,-0.141894
0.201159,0.119117,-0.142744
0.199528,0.121790,-0.141595
0.200169,0.123599,-0.140701
0.200030,0.123546,-0.140092
0.196978,0.126230,-0.141026
0.195368,0.125965,-0.142646
0.194021,0.126169,-0.141998
0.192742,0.126015,-0.143284
0.189544,0.127113,-0.143833
0.190200,0.127273,-0.143518
0.188264,0.132153,-0.142229
0.187955,0.129230,-0.143233
0.184557,0.132842,-0.143584
0.182863,0.133081,-0.146669
0.183910,0.131688,-0.145293
0.180656,0.133738,-0.143096
0.180016,0.134944,-0.143404
0.179025,0.134818,-0.144389
0.177367,0.138139,-0.147595
0.177349,0.136504,-0.144816
0.173255,0.139219,-0.145646
0.172528,0.139017,-0.145896
0.173095,0.140146,-0.147177
0.170627,0.139357,-0.146444
0.168625,0.141426,-0.147486
0.167399,0.141126,-0.148313
0.164411,0.143452,-0.147792
0.164660,0.143224,-0.148858
0.161559,0.143490,-0.150228
0.160262,0.144037,-0.149245
0.159829,0.145758,-0.149462
0.156692,0.145337,-0.151278
0.156055,0.146727,-0.152536
0.153426,0.146989,-0.153093
0.153354,0.148512,-0.150833
0.151999,0.147987,-0.153532
0.148397,0.146204,-0.153029
0.148821,0.148894,-0.154557
0.147076,0.149351,-0.154285
0.144697,0.151609,-0.151707
0.142625,0.151992,-0.155175
0.141063,0.152049,-0.156820
0.140479,0.151809,-0.157600
0.139546,0.151858,-0.157060
0.136611,0.153487,-0.160141
0.135006,0.153568,-0.161339
0.131295,0.154873,-0.160797
0.131749,0.154783,-0.160693
0.131287,0.154718,-0.161536
0.126117,0.155761,-0.162268
0.124207,0.154107,-0.163451
0.122546,0.155398,-0.163732
0.120541,0.156315,-0.166209
0.119235,0.157282,-0.166786
0.115586,0.157041,-0.166576
0.113367,0.157511,-0.169675
0.113173,0.157376,-0.167869
0.108505,0.156019,-0.169825
0.108728,0.157188,-0.170061
0.106976,0.158999,-0.173717
0.101312,0.157324,-0.172201
0.100618,0.156719,-0.175649
0.097703,0.155999,-0.175894
0.098151,0.157898,-0.180281
0.092255,0.159530,-0.177344
0.092306,0.157990,-0.179681
0.088325,0.157692,-0.183731
0.087994,0.156415,-0.181858
0.085461,0.158511,-0.184021
0.082978,0.159138,-0.185504
0.079983,0.156940,-0.188139
0.077722,0.157431,-0.188024
0.075965,0.157002,-0.189688
0.071707,0.157451,-0.190904
0.068792,0.158026,-0.191279
0.066303,0.158093,-0.193668
0.064497,0.157034,-0.196825
0.061724,0.156301,-0.196346
0.058095,0.155813,-0.199437
0.054136,0.155761,-0.202675
0.051193,0.153881,-0.202602
0.048982,0.153872,-0.206237
0.045974,0.153461,-0.207190
0.041807,0.152668,-0.211425
0.039172,0.153159,-0.211831
0.249113,-0.021446,-0.192213
0.247925,-0.017540,-0.187821
0.250574,-0.012143,-0.184531
0.255996,-0.009261,-0.181073
0.256622,-0.005797,-0.178583
0.254560,-0.004909,-0.175392
0.255147,0.000743,-0.173386
0.253869,0.004188,-0.173308
0.256872,0.003939,-0.169173
0.258095,0.009654,-0.170048
0.257558,0.011485,-0.167384
0.257670,0.015362,-0.165733
0.257666,0.018233,-0.163935
0.258414,0.019178,-0.161099
0.260203,0.022153,-0.160242
0.259496,0.025729,-0.158854
0.262395,0.028537,-0.156505
0.263428,0.030767,-0.153748
0.263122,0.034289,-0.150559
0.266292,0.039082,-0.148168
0.266173,0.041285,-0.147040
0.267114,0.043937,-0.141883
0.268224,0.046158,-0.142053
0.268690,0.049011,-0.140382
0.268533,0.053739,-0.139232
0.268764,0.055207,-0.139960
0.269269,0.057406,-0.136215
0.266519,0.058473,-0.137811
0.268440,0.060322,-0.135201
0.268042,0.062147,-0.135468
0.265581,0.062837,-0.136428
0.264085,0.063966,-0.134498
0.264608,0.066644,-0.133311
0.263046,0.067710,-0.134527
0.263767,0.068922,-0.134088
0.262859,0.069312,-0.132750
0.261841,0.072203,-0.131416
0.261797,0.071430,-0.133509
0.258518,0.073646,-0.132991
0.256378,0.074159,-0.131850
0.256812,0.078420,-0.132279
0.257642,0.076955,-0.131562
0.254714,0.077545,-0.131941
0.256474,0.080391,-0.131290
0.253724,0.080256,-0.133711
0.252249,0.083808,-0.132619
0.251045,0.084328,-0.131665
0.251396,0.084398,-0.132035
0.250686,0.084893,-0.130646
0.248565,0.085568,-0.130208
0.246254,0.089283,-0.131334
0.245607,0.089846,-0.129776
0.245244,0.090483,-0.130960
0.244356,0.090173,-0.132148
0.243960,0.091254,-0.132964
0.239234,0.093677,-0.133634
0.239919,0.095198,-0.132225
0.239253,0.092902,-0.132948
0.237372,0.094914,-0.133196
0.236334,0.096015,-0.132821
0.236445,0.098271,-0.134034
0.232972,0.098448,-0.131915
0.232401,0.098794,-0.133391
0.230248,0.101306,-0.133642
0.230224,0.101350,-0.133125
0.227696,0.101369,-0.133746
0.226591,0.104138,-0.133986
0.226659,0.104741,-0.133631
0.227203,0.105388,-0.134350
0.223016,0.106325,-0.135526
0.223155,0.105084,-0.135569
0.221616,0.106642,-0.133242
0.219069,0.107874,-0.134803
0.218702,0.108203,-0.136015
0.217718,0.107837,-0.135507
0.214867,0.109655,-0.136994
0.213735,0.111137,-0.136540
0.212235,0.112790,-0.135996
0.211699,0.112587,-0.135701
0.210718,0.114166,-0.137309
0.208454,0.114519,-0.135713
0.207439,0.116835,-0.138813
0.208064,0.116326,-0.139432
0.204001,0.118529,-0.140450
0.203760,0.118963,-0.139026
0.202286,0.119140,-0.137852
0.200137,0.119784,-0.139150
0.199736,0.120282,-0.140221
0.198040,0.122503,-0.141140
0.198740,0.123249,-0.141573
0.194662,0.124519,-0.139230
0.194371,0.124143,-0.141506
0.194907,0.124439,-0.139821
0.191878,0.127837,-0.139175
0.191012,0.127912,-0.140633
0.190982,0.129330,-0.143677
0.187661,0.127607,-0.144107
0.186698,0.130808,-0.140657
0.184179,0.129029,-0.141102
0.182835,0.130572,-0.142676
0.183111,0.131250,-0.143361
0.180543,0.132273,-0.144399
0.177729,0.133059,-0.145641
0.179111,0.132938,-0.144059
0.176964,0.135943,-0.143733
0.172320,0.135424,-0.145715
0.174653,0.136577,-0.146493
0.170342,0.138891,-0.144479
0.169590,0.138208,-0.148732
0.168955,0.138952,-0.147016
0.168572,0.139728,-0.147341
0.164835,0.140512,-0.147355
0.163903,0.139764,-0.148194
0.162914,0.140899,-0.148661
0.160498,0.140545,-0.148703
0.159481,0.142503,-0.151042
0.158131,0.144132,-0.150530
0.157068,0.143349,-0.151787
0.155223,0.144933,-0.152971
0.154175,0.145876,-0.150556
0.150385,0.146663,-0.152842
0.150784,0.145631,-0.152597
0.146951,0.148684,-0.151712
0.146946,0.148236,-0.154093
0.144797,0.148525,-0.153783
0.145133,0.148488,-0.152512
0.140614,0.150384,-0.154526
0.141940,0.151473,-0.154161
0.138808,0.150500,-0.155812
0.136188,0.151853,-0.157399
0.135568,0.152262,-0.155900
0.131923,0.154562,-0.157873
0.130576,0.152577,-0.159393
0.130340,0.152938,-0.158990
0.128303,0.152612,-0.159431
0.126458,0.154334,-0.160655
0.123694,0.152153,-0.161526
0.121014,0.153286,-0.164280
0.120431,0.155399,-0.163107
0.116339,0.155296,-0.164201
0.115338,0.154693,-0.167317
0.114933,0.156199,-0.167252
0.111316,0.155174,-0.169128
0.108200,0.155716,-0.169097
0.106607,0.155896,-0.173885
0.105366,0.157140,-0.172012
0.102264,0.154751,-0.175122
0.100125,0.156256,-0.174674
0.097920,0.156644,-0.175750
0.093589,0.156222,-0.176301
0.093108,0.157561,-0.178375
0.091437,0.157408,-0.179651
0.088463,0.156939,-0.181120
0.086126,0.157305,-0.182722
0.084171,0.156730,-0.184545
0.079773,0.155553,-0.185701
0.077021,0.156492,-0.186352
0.073985,0.157840,-0.186945
0.071620,0.156899,-0.188531
0.070015,0.156161,-0.190537
0.065448,0.156170,-0.190379
0.063542,0.153937,-0.193569
0.062749,0.154254,-0.195495
0.060652,0.153298,-0.196293
0.057416,0.153176,-0.195589
0.051915,0.153715,-0.199408
0.050050,0.153778,-0.202187
0.046352,0.150827,-0.205573
0.043877,0.152788,-0.206468
0.041420,0.150371,-0.209825
0.246936,-0.021237,-0.187723
0.249277,-0.016396,-0.185191
0.251857,-0.013075,-0.181283
0.254319,-0.010457,-0.178512
0.254127,-0.004298,-0.176554
0.255284,-0.004277,-0.174627
0.254645,-0.001064,-0.171775
0.254488,0.002922,-0.171804
0.256455,0.007735,-0.170301
0.256130,0.008654,-0.167318
0.256732,0.008722,-0.165508
0.257622,0.010586,-0.164682
0.256753,0.016946,-0.161945
0.257977,0.017203,-0.161149
0.257797,0.021626,-0.158976
0.258137,0.024162,-0.156167
0.261583,0.027007,-0.154454
0.261129,0.028844,-0.153342
0.261797,0.032727,-0.150127
0.262090,0.036304,-0.147776
0.264061,0.038809,-0.145413
0.265315,0.043304,-0.142565
0.267000,0.045161,-0.142481
0.265860,0.050687,-0.139063
0.268269,0.052726,-0.137405
0.266494,0.053286,-0.137804
0.265051,0.057750,-0.137377
0.269183,0.055539,-0.135261
0.266269,0.060184,-0.132943
0.268080,0.060092,-0.134214
0.266474,0.064739,-0.132607
0.264430,0.062955,-0.131642
0.263462,0.066918,-0.132418
0.263723,0.066983,-0.131200
0.262449,0.069549,-0.130330
0.261847,0.069486,-0.133044
0.259777,0.071619,-0.132978
0.259098,0.072398,-0.131884
0.259447,0.072979,-0.132487
0.257139,0.074567,-0.131521
0.257276,0.074766,-0.131005
0.255675,0.078500,-0.131207
0.255034,0.079349,-0.129365
0.254048,0.078792,-0.129525
0.252393,0.081078,-0.130714
0.253850,0.082292,-0.132548
0.249711,0.082010,-0.129609
0.249645,0.084686,-0.128815
0.249982,0.084560,-0.128868
0.246027,0.087191,-0.130440
0.246511,0.087391,-0.129186
0.243948,0.089287,-0.128686
0.245692,0.087857,-0.130135
0.242595,0.089706,-0.130874
0.242711,0.090642,-0.130223
0.240126,0.094846,-0.130181
0.238970,0.091217,-0.131374
0.237860,0.094982,-0.130614
0.236704,0.095772,-0.130496
0.234838,0.098090,-0.131493
0.234511,0.096308,-0.130328
0.232188,0.096868,-0.132269
0.230322,0.099862,-0.131866
0.228853,0.100524,-0.130900
0.229684,0.100630,-0.132858
0.230123,0.101781,-0.132115
0.227860,0.101812,-0.130232
0.224243,0.104047,-0.133001
0.224484,0.105320,-0.132435
0.222626,0.104764,-0.134760
0.220303,0.105120,-0.132901
0.221936,0.106772,-0.133608
0.221187,0.108164,-0.133125
0.216830,0.106987,-0.133695
0.216273,0.109682,-0.134305
0.215457,0.110574,-0.135012
0.214406,0.111968,-0.136412
0.213266,0.112456,-0.135788
0.211651,0.112005,-0.133661
0.210204,0.114090,-0.137006
0.208657,0.114785,-0.135197
0.206585,0.115723,-0.135353
0.204593,0.116495,-0.137303
0.205394,0.114902,-0.137030
0.203182,0.117779,-0.138133
0.201934,0.117362,-0.137799
0.200437,0.119948,-0.137172
0.198509,0.120630,-0.138182
0.198014,0.120084,-0.137483
0.193890,0.122365,-0.140041
0.194891,0.121567,-0.141282
0.193644,0.124464,-0.138006
0.191899,0.125726,-0.139801
0.192548,0.124869,-0.139611
0.188315,0.125971,-0.140156
0.188060,0.125966,-0.138179
0.184895,0.128120,-0.139048
0.185791,0.127495,-0.140702
0.185374,0.127825,-0.140051
0.182469,0.128799,-0.139814
0.182856,0.130846,-0.142329
0.180748,0.131070,-0.142623
0.179257,0.132056,-0.142034
0.174745,0.132671,-0.142384
0.174256,0.134023,-0.142818
0.173464,0.135443,-0.141859
0.171249,0.134816,-0.144436
0.171527,0.137296,-0.144467
0.168961,0.136779,-0.145177
0.167135,0.138357,-0.145477
0.167236,0.139253,-0.146033
0.165449,0.138988,-0.148825
0.163044,0.139130,-0.148143
0.159593,0.140898,-0.148613
0.158730,0.141451,-0.148006
0.158722,0.139618,-0.147027
0.156295,0.143680,-0.149097
0.155000,0.144436,-0.149463
0.154359,0.143676,-0.152011
0.152094,0.145046,-0.150835
0.151260,0.143544,-0.154530
0.148078,0.144956,-0.151101
0.145194,0.146242,-0.153341
0.143787,0.145819,-0.152841
0.143040,0.146376,-0.152719
0.141664,0.148250,-0.153277
0.140865,0.149807,-0.153946
0.140198,0.149570,-0.155603
0.139808,0.150194,-0.155007
0.134833,0.150229,-0.156722
0.134764,0.148939,-0.157756
0.132575,0.152201,-0.157897
0.130154,0.152612,-0.158045
0.126960,0.153359,-0.158530
0.125834,0.155214,-0.159048
0.125041,0.151496,-0.160972
0.121145,0.153971,-0.163458
0.119271,0.152584,-0.162579
0.117094,0.152428,-0.163719
0.115713,0.152629,-0.161970
0.112344,0.153073,-0.165569
0.110903,0.154209,-0.166652
0.109521,0.154289,-0.169125
0.107045,0.155140,-0.169393
0.105920,0.153668,-0.168916
0.102380,0.154495,-0.172229
0.099503,0.154563,-0.173226
0.097914,0.154780,-0.173243
0.093603,0.156164,-0.174304
0.092784,0.154659,-0.177899
0.091147,0.153662,-0.178334
0.087334,0.153007,-0.178524
0.085295,0.155245,-0.180627
0.081513,0.155971,-0.180942
0.080338,0.154590,-0.182333
0.080242,0.154801,-0.185306
0.074363,0.154316,-0.187545
0.074268,0.153628,-0.188223
0.071628,0.153394,-0.189702
0.068339,0.155093,-0.191054
0.068185,0.154919,-0.188531
0.063602,0.151585,-0.192835
0.059844,0.153588,-0.194894
0.057452,0.152535,-0.196498
0.054754,0.153943,-0.197626
0.052079,0.152999,-0.200999
0.047194,0.150970,-0.200434
0.044877,0.150119,-0.202736
0.040239,0.149709,-0.207711
0.039567,0.149252,-0.208766
0.245049,-0.024257,-0.187104
0.248456,-0.017687,-0.182320
0.252198,-0.013479,-0.178798
0.254263,-0.009707,-0.177044
0.250052,-0.007230,-0.175944
0.253891,-0.001951,-0.173494
0.254150,-0.001699,-0.170816
0.254613,0.000955,-0.170056
0.254809,0.005814,-0.167301
0.254714,0.005713,-0.165087
0.256104,0.011344,-0.166195
0.257274,0.012484,-0.161236
0.255426,0.015158,-0.161046
0.257642,0.017462,-0.159819
0.257829,0.018975,-0.157860
0.257557,0.023144,-0.155965
0.258825,0.027234,-0.153951
0.261082,0.032586,-0.152447
0.262767,0.034192,-0.150192
0.266218,0.037221,-0.146831
0.264500,0.040762,-0.144956
0.265066,0.042515,-0.141111
0.266812,0.045122,-0.141021
0.266811,0.050866,-0.138285
0.265656,0.052119,-0.135928
0.267217,0.053194,-0.134231
0.266269,0.054592,-0.132666
0.267278,0.056124,-0.132103
0.265454,0.058817,-0.135619
0.264786,0.059259,-0.132062
0.267114,0.060109,-0.132315
0.264386,0.062584,-0.130900
0.263733,0.067518,-0.130186
0.264082,0.066849,-0.131283
0.261818,0.068015,-0.129539
0.262855,0.071744,-0.131085
0.260515,0.068753,-0.130198
0.258739,0.071124,-0.129036
0.258287,0.075097,-0.129985
0.256832,0.075622,-0.130083
0.257862,0.076954,-0.128996
0.255859,0.077850,-0.129212
0.254647,0.078428,-0.128037
0.253950,0.080334,-0.128760
0.251224,0.080921,-0.129127
0.251670,0.080548,-0.129022
0.249106,0.080712,-0.128169
0.248137,0.084259,-0.127808
0.247973,0.085447,-0.126202
0.247333,0.086887,-0.129318
0.245341,0.086375,-0.129983
0.244491,0.088751,-0.129838
0.243834,0.087660,-0.127250
0.241510,0.088552,-0.127319
0.241105,0.090999,-0.129803
0.239253,0.091614,-0.127562
0.240140,0.093322,-0.129732
0.236031,0.091828,-0.127831
0.236163,0.093751,-0.130287
0.236801,0.094597,-0.129392
0.235080,0.096590,-0.129618
0.232053,0.096789,-0.128950
0.231511,0.097383,-0.130765
0.228733,0.101191,-0.131183
0.229880,0.099039,-0.128893
0.227974,0.100843,-0.130739
0.227371,0.101789,-0.130720
0.225899,0.102587,-0.130003
0.223507,0.101808,-0.131267
0.222886,0.103805,-0.132979
0.221673,0.105794,-0.133057
0.220001,0.104532,-0.132025
0.219025,0.108672,-0.129856
0.214942,0.108938,-0.132994
0.217766,0.107550,-0.134162
0.215038,0.109768,-0.133837
0.213225,0.109104,-0.132546
0.211151,0.109978,-0.133288
0.211250,0.112079,-0.135189
0.210265,0.111250,-0.135088
0.206276,0.113304,-0.133609
0.205822,0.114170,-0.134760
0.203546,0.115540,-0.135846
0.202115,0.116999,-0.135391
0.202943,0.115553,-0.135154
0.198747,0.117435,-0.136092
0.199266,0.119718,-0.135349
0.198270,0.117997,-0.138650
0.195687,0.120435,-0.137666
0.194481,0.119652,-0.136237
0.193540,0.122637,-0.139066
0.192876,0.122137,-0.135176
0.191758,0.123438,-0.139341
0.191102,0.122513,-0.138297
0.189029,0.124773,-0.139211
0.187303,0.124464,-0.139716
0.185438,0.127332,-0.138723
0.183094,0.126869,-0.141364
0.183417,0.126805,-0.143197
0.180893,0.127030,-0.143703
0.179831,0.132179,-0.143712
0.180264,0.131604,-0.142639
0.178679,0.132220,-0.142239
0.175176,0.132574,-0.142562
0.174073,0.133200,-0.145338
0.170858,0.133132,-0.143446
0.171137,0.133137,-0.143849
0.170198,0.134253,-0.144004
0.167062,0.136301,-0.144704
0.165786,0.135857,-0.145050
0.163356,0.135705,-0.145029
0.163012,0.137535,-0.145842
0.161376,0.137628,-0.145270
0.159793,0.137496,-0.146727
0.159348,0.140340,-0.148329
0.156188,0.139677,-0.147290
0.157165,0.141014,-0.148675
0.153383,0.143378,-0.149500
0.152204,0.142752,-0.149411
0.150399,0.142733,-0.151051
0.148666,0.145627,-0.149706
0.146434,0.146403,-0.151441
0.146551,0.143123,-0.149941
0.144185,0.144330,-0.152199
0.143169,0.145586,-0.151564
0.140457,0.146292,-0.151721
0.139113,0.147819,-0.154016
0.136522,0.147700,-0.154035
0.136242,0.148739,-0.153790
0.134960,0.146535,-0.154377
0.131958,0.150449,-0.158457
0.127881,0.149855,-0.156313
0.128745,0.149421,-0.155825
0.126914,0.149898,-0.159947
0.123864,0.151997,-0.159893
0.120062,0.150691,-0.159699
0.122020,0.151092,-0.161290
0.118143,0.152060,-0.162834
0.116709,0.152131,-0.162467
0.113415,0.151407,-0.163850
0.112125,0.153179,-0.165184
0.111455,0.153805,-0.164898
0.108639,0.154391,-0.166350
0.106120,0.152305,-0.167726
0.104133,0.152033,-0.170600
0.100970,0.152962,-0.171598
0.097622,0.155518,-0.172200
0.096271,0.152275,-0.173166
0.096198,0.153361,-0.172881
0.092352,0.151960,-0.179609
0.088102,0.151994,-0.177715
0.086460,0.153054,-0.177376
0.084730,0.153868,-0.178299
0.081819,0.154054,-0.180273
0.079217,0.152656,-0.182822
0.077921,0.152802,-0.183415
0.074070,0.153524,-0.186159
0.072020,0.150718,-0.185401
0.067390,0.151124,-0.188424
0.066190,0.152902,-0.190757
0.064357,0.151313,-0.192399
0.062443,0.151931,-0.192022
0.057827,0.152550,-0.195490
0.055371,0.151518,-0.197780
0.052195,0.153020,-0.196675
0.047626,0.149520,-0.199689
0.044703,0.149777,-0.205857
0.041337,0.150280,-0.203394
0.039324,0.148231,-0.207233
0.241928,-0.027132,-0.190113
0.245173,-0.022776,-0.185572
0.248231,-0.018030,-0.181879
0.249547,-0.017225,-0.176925
0.248282,-0.009719,-0.175854
0.250916,-0.005638,-0.172245
0.253599,-0.005152,-0.170426
0.254552,-0.001821,-0.170134
0.254326,0.001901,-0.166636
0.254074,0.004395,-0.164719
0.254899,0.006196,-0.165495
0.255867,0.008131,-0.163104
0.256022,0.011943,-0.162142
0.256314,0.014041,-0.160503
0.256790,0.015965,-0.159064
0.257477,0.019742,-0.156327
0.258218,0.022234,-0.154505
0.259475,0.025262,-0.151883
0.261683,0.029883,-0.150214
0.260026,0.031271,-0.147058
0.260719,0.036886,-0.145955
0.262773,0.037404,-0.142390
0.264009,0.039867,-0.140593
0.265622,0.043739,-0.139939
0.264214,0.047454,-0.137758
0.264889,0.051391,-0.135339
0.264876,0.052991,-0.132457
0.264860,0.054411,-0.132196
0.265522,0.056450,-0.132247
0.264789,0.058768,-0.133508
0.263510,0.059631,-0.129499
0.264248,0.061505,-0.129645
0.262172,0.061505,-0.131522
0.261823,0.064870,-0.128645
0.260571,0.065513,-0.129364
0.261404,0.066628,-0.129973
0.259558,0.068806,-0.128992
0.259233,0.070455,-0.128913
0.259123,0.070779,-0.127691
0.257797,0.073596,-0.127015
0.253925,0.073608,-0.128298
0.254641,0.075016,-0.126863
0.254902,0.073630,-0.128101
0.253583,0.078464,-0.127981
0.252908,0.077022,-0.128037
0.251056,0.080061,-0.128150
0.249876,0.080860,-0.127444
0.250061,0.082677,-0.126501
0.247440,0.082137,-0.127750
0.246816,0.082371,-0.128767
0.245064,0.083838,-0.126767
0.244412,0.085397,-0.126569
0.245444,0.086982,-0.127637
0.244227,0.088469,-0.127603
0.242551,0.088482,-0.126772
0.240515,0.091475,-0.127334
0.239151,0.091217,-0.126618
0.239417,0.091198,-0.126742
0.235736,0.092821,-0.127030
0.237406,0.091768,-0.128338
0.234414,0.094904,-0.127868
0.233356,0.097033,-0.127713
0.232006,0.096304,-0.128893
0.230792,0.098298,-0.128957
0.228158,0.097737,-0.129503
0.228876,0.100103,-0.128436
0.225427,0.102411,-0.130403
0.225143,0.101687,-0.130627
0.224502,0.102308,-0.130203
0.222839,0.103742,-0.130468
0.221719,0.102342,-0.130042
0.221342,0.105209,-0.131051
0.218629,0.105525,-0.132059
0.218560,0.104907,-0.132172
0.214858,0.107202,-0.128651
0.216810,0.108265,-0.130333
0.212197,0.106990,-0.131961
0.213209,0.110214,-0.133201
0.211344,0.111452,-0.132543
0.210797,0.110630,-0.131753
0.207126,0.113583,-0.132697
0.206554,0.112535,-0.133231
0.203919,0.113140,-0.132064
0.203565,0.113940,-0.134248
0.203905,0.117385,-0.134020
0.201253,0.116000,-0.134843
0.198529,0.117992,-0.136265
0.199259,0.117829,-0.136428
0.197547,0.116879,-0.135246
0.196911,0.119119,-0.137564
0.194911,0.119938,-0.137463
0.191878,0.120157,-0.134783
0.190447,0.121634,-0.137736
0.191050,0.123210,-0.137840
0.189448,0.123702,-0.137310
0.187275,0.125006,-0.138034
0.186878,0.124965,-0.138272
0.182572,0.125644,-0.138545
0.182593,0.126620,-0.139887
0.180203,0.127827,-0.140037
0.180020,0.127177,-0.138521
0.178866,0.128835,-0.140492
0.177916,0.127989,-0.139007
0.175193,0.130533,-0.140600
0.174862,0.132790,-0.140787
0.172086,0.130822,-0.142108
0.170865,0.131215,-0.141990
0.167282,0.134662,-0.142360
0.166816,0.133335,-0.143484
0.166932,0.134656,-0.144314
0.164130,0.136590,-0.144723
0.163070,0.135494,-0.145068
0.161706,0.136299,-0.145793
0.160996,0.136898,-0.144510
0.159042,0.137156,-0.146503
0.157183,0.139413,-0.147940
0.156857,0.138769,-0.146386
0.154290,0.137576,-0.147430
0.151676,0.137411,-0.149303
0.151993,0.142099,-0.148942
0.147255,0.142373,-0.147834
0.149117,0.141343,-0.150087
0.144112,0.143216,-0.147880
0.143773,0.143555,-0.149647
0.144457,0.144249,-0.150434
0.141118,0.144620,-0.150544
0.138764,0.146635,-0.151224
0.136844,0.146448,-0.152035
0.137011,0.145856,-0.154305
0.133680,0.146427,-0.154428
0.133592,0.147326,-0.154659
0.131158,0.147849,-0.155442
0.128633,0.149069,-0.155574
0.130379,0.147413,-0.157365
0.125803,0.148719,-0.159174
0.123536,0.147948,-0.159584
0.123259,0.151189,-0.158210
0.118560,0.150729,-0.159467
0.118038,0.152697,-0.161044
0.114379,0.150716,-0.161678
0.112993,0.149544,-0.162328
0.112272,0.150935,-0.164622
0.107574,0.151690,-0.165891
0.106363,0.151092,-0.166550
0.102747,0.151650,-0.167884
0.100382,0.151774,-0.168748
0.100430,0.151542,-0.169564
0.097432,0.152356,-0.171398
0.096795,0.152230,-0.171178
0.092868,0.149879,-0.173369
0.088914,0.153327,-0.176306
0.087378,0.151497,-0.174738
0.086969,0.153282,-0.175985
0.084454,0.151624,-0.178916
0.080341,0.152327,-0.179325
0.077895,0.152922,-0.181503
0.076156,0.150182,-0.182501
0.070597,0.151403,-0.184827
0.068311,0.150756,-0.186121
0.065936,0.151003,-0.185989
0.064324,0.150755,-0.189832
0.060807,0.151890,-0.188635
0.058423,0.149212,-0.192426
0.056189,0.151445,-0.194228
0.053746,0.148406,-0.196501
0.050757,0.147631,-0.198628
0.046965,0.147901,-0.200963
0.043660,0.147519,-0.202270
0.040912,0.144257,-0.205602
0.035406,0.145683,-0.204938
0.242205,-0.029530,-0.188655
0.246707,-0.024801,-0.182971
0.248902,-0.017097,-0.180039
0.251066,-0.014983,-0.177517
0.251670,-0.011795,-0.174146
0.250699,-0.007957,-0.170540
0.251880,-0.004576,-0.169921
0.251571,-0.001411,-0.166019
0.255869,0.000579,-0.166319
0.255713,0.002549,-0.163809
0.253718,0.004087,-0.163852
0.254066,0.010244,-0.161278
0.253739,0.010119,-0.160080
0.254657,0.011911,-0.157267
0.256443,0.016433,-0.157359
0.255803,0.018840,-0.155029
0.256272,0.021342,-0.152686
0.256271,0.023480,-0.152848
0.257879,0.028545,-0.149258
0.259665,0.032237,-0.147142
0.259739,0.032556,-0.146044
0.262953,0.037602,-0.141809
0.261761,0.040579,-0.138881
0.264968,0.045133,-0.139214
0.263960,0.045024,-0.135554
0.262621,0.047923,-0.134784
0.265059,0.051672,-0.131317
0.265359,0.054051,-0.131355
0.263005,0.055453,-0.131006
0.262763,0.057073,-0.128148
0.263171,0.058525,-0.131999
0.262320,0.058986,-0.128965
0.263593,0.063800,-0.127550
0.259424,0.064476,-0.128278
0.261845,0.064225,-0.127357
0.260387,0.066375,-0.127396
0.258444,0.068867,-0.128397
0.257455,0.067481,-0.129332
0.257812,0.071121,-0.127151
0.257693,0.071881,-0.126851
0.256697,0.072211,-0.124925
0.253585,0.075581,-0.128740
0.255763,0.074085,-0.126095
0.252597,0.075240,-0.126882
0.252226,0.077209,-0.126329
0.249920,0.079355,-0.127564
0.250768,0.078677,-0.127766
0.247224,0.079976,-0.124277
0.246923,0.082246,-0.126701
0.246727,0.082488,-0.125005
0.247225,0.084834,-0.126769
0.246393,0.085043,-0.125242
0.244693,0.086914,-0.125256
0.242265,0.088539,-0.125323
0.239989,0.087218,-0.125234
0.240297,0.091256,-0.125909
0.240746,0.088917,-0.126814
0.239085,0.090174,-0.126351
0.237715,0.092232,-0.125854
0.234895,0.091772,-0.125275
0.232740,0.095804,-0.127604
0.235027,0.095336,-0.125677
0.231708,0.096550,-0.127915
0.229832,0.096411,-0.127006
0.228769,0.098450,-0.127483
0.226119,0.098106,-0.127386
0.229386,0.099369,-0.128704
0.225135,0.098680,-0.128177
0.222559,0.101511,-0.129732
0.222728,0.100531,-0.128218
0.220302,0.103135,-0.128378
0.220136,0.103791,-0.127928
0.219184,0.105246,-0.128343
0.218559,0.104695,-0.130047
0.215388,0.107024,-0.130233
0.213365,0.107066,-0.129145
0.210534,0.107412,-0.129140
0.211199,0.107846,-0.132149
0.210639,0.109760,-0.130298
0.208640,0.111219,-0.130698
0.207373,0.111326,-0.131882
0.207499,0.112755,-0.131375
0.204617,0.113045,-0.132422
0.203372,0.111431,-0.133619
0.202075,0.114816,-0.132325
0.200087,0.115858,-0.134151
0.199899,0.116612,-0.133478
0.197107,0.115487,-0.133947
0.196466,0.117464,-0.135004
0.194850,0.118265,-0.136307
0.192904,0.119112,-0.135639
0.191000,0.119322,-0.134998
0.188813,0.119298,-0.135653
0.189186,0.120152,-0.135439
0.187594,0.123374,-0.136523
0.187479,0.123700,-0.138199
0.184614,0.123507,-0.137299
0.183601,0.125242,-0.139636
0.183078,0.127059,-0.136418
0.182030,0.128031,-0.139257
0.177514,0.128015,-0.138937
0.175907,0.127709,-0.137511
0.174418,0.128256,-0.140361
0.174504,0.129482,-0.141765
0.173015,0.128880,-0.140662
0.170477,0.127820,-0.141009
0.171019,0.130812,-0.142115
0.167915,0.129694,-0.142685
0.167031,0.131465,-0.140235
0.163498,0.132325,-0.143049
0.161779,0.132099,-0.143003
0.163644,0.133525,-0.144918
0.161572,0.134065,-0.143805
0.156696,0.135504,-0.144260
0.156196,0.136477,-0.146708
0.156583,0.136530,-0.145046
0.152809,0.136787,-0.146324
0.152481,0.137285,-0.147149
0.149417,0.136858,-0.146242
0.147777,0.139839,-0.148945
0.145084,0.138903,-0.148273
0.146923,0.140745,-0.148812
0.144274,0.141872,-0.149016
0.145917,0.143458,-0.147330
0.141879,0.142028,-0.150742
0.141855,0.144447,-0.150784
0.136783,0.145496,-0.150652
0.137659,0.143553,-0.150194
0.135250,0.146768,-0.151577
0.135302,0.144635,-0.154511
0.130404,0.146415,-0.154304
0.129508,0.147520,-0.155074
0.128735,0.148679,-0.155032
0.124521,0.147393,-0.155272
0.123976,0.149359,-0.156140
0.122644,0.149657,-0.157945
0.119474,0.149520,-0.161433
0.116435,0.148211,-0.158098
0.116960,0.149548,-0.159471
0.113675,0.147385,-0.163520
0.113005,0.149746,-0.162076
0.109979,0.151914,-0.163444
0.108358,0.150309,-0.163874
0.106156,0.151041,-0.166058
0.103783,0.151775,-0.167356
0.100864,0.151671,-0.167094
0.098591,0.150631,-0.169845
0.097071,0.151144,-0.169574
0.094401,0.151304,-0.171814
0.090851,0.150436,-0.172400
0.088723,0.149109,-0.176153
0.084909,0.150377,-0.174741
0.084297,0.151660,-0.175007
0.082590,0.150792,-0.176978
0.078208,0.150512,-0.179501
0.076381,0.149716,-0.180163
0.074118,0.151008,-0.179990
0.071807,0.149296,-0.183453
0.067801,0.150604,-0.187258
0.066055,0.151794,-0.186225
0.062774,0.149614,-0.190518
0.060124,0.150208,-0.189513
0.059374,0.149003,-0.192878
0.055448,0.147210,-0.194233
0.051077,0.147308,-0.195322
0.049327,0.146981,-0.197805
0.044409,0.145610,-0.200762
0.040475,0.145581,-0.203100
0.038780,0.145614,-0.204979
0.242837,-0.028405,-0.183954
0.246826,-0.024031,-0.182840
0.248528,-0.018558,-0.178663
0.248079,-0.015190,-0.174918
0.250307,-0.011429,-0.172699
0.251350,-0.011397,-0.169718
0.252042,-0.006839,-0.169188
0.252887,-0.000253,-0.165482
0.251812,-0.000002,-0.165221
0.251904,0.000185,-0.164496
0.256159,0.003848,-0.162292
0.253286,0.008338,-0.160284
0.253720,0.011552,-0.158808
0.254728,0.011612,-0.157288
0.253680,0.014893,-0.156335
0.256332,0.017489,-0.156284
0.254028,0.020503,-0.152634
0.256126,0.023209,-0.150615
0.257389,0.026518,-0.148028
0.257595,0.031035,-0.144687
0.258955,0.032250,-0.142972
0.261168,0.035840,-0.140713
0.260922,0.040306,-0.137773
0.262140,0.044535,-0.136101
0.262995,0.046271,-0.134544
0.264586,0.047945,-0.132261
0.263421,0.051270,-0.130071
0.262042,0.054030,-0.131521
0.264008,0.054391,-0.130711
0.263274,0.053821,-0.129312
0.262752,0.058594,-0.128515
0.262050,0.058320,-0.128326
0.262089,0.060477,-0.128381
0.260404,0.063929,-0.126968
0.259033,0.062964,-0.126462
0.257672,0.065806,-0.126274
0.257970,0.067160,-0.126339
0.259152,0.066529,-0.125371
0.257994,0.069000,-0.125655
0.255869,0.071109,-0.124427
0.255389,0.071884,-0.125628
0.254184,0.072370,-0.125116
0.254467,0.075119,-0.125647
0.252276,0.074096,-0.125631
0.250385,0.075967,-0.124752
0.250505,0.078410,-0.124462
0.248911,0.078487,-0.122702
0.246379,0.080658,-0.124487
0.246080,0.082408,-0.124506
0.246061,0.082694,-0.124444
0.243766,0.083197,-0.124032
0.242556,0.084788,-0.124609
0.243445,0.086004,-0.126340
0.242237,0.084929,-0.124589
0.241615,0.089050,-0.123022
0.239831,0.089578,-0.124431
0.240553,0.089453,-0.125780
0.235273,0.090933,-0.124801
0.237819,0.091992,-0.125686
0.232337,0.091638,-0.124393
0.233197,0.094067,-0.125332
0.232633,0.094327,-0.124639
0.232219,0.095011,-0.125354
0.229721,0.095284,-0.126366
0.227576,0.096969,-0.124956
0.228515,0.097356,-0.125239
0.226248,0.100038,-0.127331
0.222672,0.098175,-0.127771
0.222185,0.098000,-0.126700
0.220381,0.100471,-0.126264
0.220767,0.103609,-0.127643
0.217217,0.102703,-0.127891
0.217431,0.104358,-0.128776
0.216158,0.104453,-0.128632
0.216134,0.106442,-0.126924
0.212881,0.105298,-0.129779
0.213767,0.106539,-0.130803
0.209648,0.108544,-0.130021
0.209632,0.107604,-0.130003
0.206537,0.110679,-0.130189
0.205084,0.111053,-0.130382
0.204824,0.109727,-0.131481
0.201735,0.112551,-0.129274
0.201175,0.113582,-0.129812
0.201943,0.113243,-0.132160
0.199651,0.112241,-0.131284
0.198167,0.114190,-0.132405
0.195584,0.117690,-0.135548
0.193244,0.117486,-0.133642
0.194198,0.117276,-0.131740
0.192943,0.117783,-0.133094
0.192732,0.118025,-0.133575
0.188163,0.118030,-0.134964
0.187562,0.120561,-0.133696
0.186272,0.119463,-0.136036
0.184973,0.122956,-0.134697
0.183033,0.121944,-0.135473
0.183587,0.123849,-0.137500
0.182937,0.122602,-0.137598
0.179156,0.123715,-0.138128
0.177382,0.125480,-0.137124
0.176926,0.125677,-0.137393
0.174332,0.126993,-0.138363
0.171877,0.125724,-0.138046
0.171420,0.129385,-0.138547
0.172058,0.129455,-0.139495
0.168599,0.127725,-0.141457
0.166835,0.128829,-0.140979
0.163802,0.130014,-0.139618
0.164025,0.130894,-0.142026
0.160041,0.132258,-0.143249
0.159769,0.132894,-0.143647
0.160133,0.133537,-0.142261
0.158192,0.133369,-0.142355
0.156179,0.134565,-0.143041
0.154456,0.134876,-0.144913
0.152297,0.136382,-0.146820
0.152320,0.136252,-0.146492
0.149216,0.136288,-0.147393
0.149044,0.137682,-0.147929
0.146643,0.138723,-0.147236
0.144350,0.139823,-0.148060
0.143435,0.140397,-0.147310
0.141707,0.139538,-0.148395
0.140412,0.142035,-0.148416
0.139442,0.141423,-0.152203
0.136920,0.143190,-0.150184
0.132677,0.144448,-0.150388
0.133895,0.144420,-0.150306
0.129644,0.144568,-0.151286
0.131550,0.143026,-0.154728
0.127705,0.143980,-0.153750
0.125488,0.145389,-0.155654
0.124252,0.147193,-0.154769
0.121940,0.146499,-0.154658
0.122246,0.148607,-0.158725
0.119927,0.148870,-0.157897
0.117268,0.146823,-0.158096
0.113774,0.147725,-0.159715
0.112447,0.148973,-0.161295
0.111951,0.151576,-0.160590
0.109590,0.148492,-0.163162
0.103694,0.147361,-0.164562
0.106219,0.149414,-0.164454
0.100424,0.148855,-0.166583
0.098002,0.147648,-0.166016
0.097773,0.149077,-0.166518
0.092892,0.150204,-0.170891
0.092236,0.149364,-0.169444
0.091161,0.150655,-0.171910
0.088103,0.148845,-0.172666
0.085782,0.150883,-0.173094
0.082489,0.149076,-0.173902
0.079502,0.151366,-0.176758
0.078922,0.150174,-0.178813
0.074248,0.148786,-0.180398
0.074794,0.149455,-0.180877
0.069204,0.149774,-0.182683
0.066653,0.146147,-0.185154
0.064479,0.147369,-0.186554
0.061682,0.146358,-0.187666
0.056717,0.147708,-0.190675
0.055790,0.149143,-0.191250
0.054208,0.146132,-0.192787
0.049566,0.145599,-0.193031
0.046461,0.144317,-0.199642
0.041389,0.144599,-0.200266
0.038643,0.142497,-0.203312
0.239432,-0.034768,-0.189210
0.242701,-0.029525,-0.183170
0.245990,-0.023144,-0.177533
0.247090,-0.020756,-0.176240
0.247958,-0.016029,-0.174024
0.249729,-0.015081,-0.170887
0.250292,-0.010369,-0.169912
0.251379,-0.007879,-0.167125
0.251930,-0.003851,-0.164343
0.252326,0.000186,-0.163166
0.252039,0.001631,-0.162368
0.252856,0.003182,-0.161569
0.252550,0.008069,-0.158184
0.254203,0.007958,-0.155941
0.253566,0.012400,-0.156185
0.253017,0.014114,-0.155099
0.252635,0.014839,-0.152487
0.254867,0.016812,-0.151794
0.254004,0.022791,-0.151205
0.254326,0.024636,-0.147841
0.257131,0.026731,-0.145214
0.257992,0.029698,-0.144511
0.258390,0.034384,-0.140510
0.260911,0.039801,-0.137127
0.262147,0.041667,-0.136092
0.262903,0.045261,-0.132674
0.262495,0.048090,-0.131354
0.261699,0.050963,-0.131271
0.263491,0.052178,-0.128242
0.262999,0.052280,-0.129229
0.262334,0.055358,-0.129222
0.260671,0.057931,-0.129248
0.260451,0.059557,-0.124956
0.260139,0.057723,-0.126902
0.261010,0.062862,-0.125540
0.257989,0.063989,-0.126150
0.260133,0.064292,-0.125105
0.257314,0.064033,-0.125095
0.257864,0.068161,-0.124084
0.255616,0.066503,-0.124617
0.255721,0.068866,-0.123197
0.253470,0.073045,-0.124838
0.252623,0.072724,-0.124525
0.253643,0.072870,-0.124834
0.250507,0.074159,-0.121900
0.248587,0.076044,-0.123920
0.249671,0.075271,-0.124194
0.249625,0.076808,-0.123754
0.246126,0.077790,-0.123047
0.245286,0.081079,-0.124286
0.244389,0.082000,-0.123999
0.242371,0.082321,-0.123486
0.243785,0.084024,-0.122857
0.241684,0.084941,-0.121975
0.240668,0.085939,-0.123181
0.238820,0.086026,-0.121643
0.238179,0.088964,-0.122651
0.238899,0.089211,-0.123052
0.236431,0.089426,-0.124375
0.235777,0.090211,-0.122995
0.233775,0.093088,-0.123730
0.230972,0.093870,-0.122745
0.230110,0.094565,-0.123872
0.229105,0.093766,-0.123518
0.228397,0.095479,-0.125448
0.226804,0.094682,-0.127302
0.225930,0.096988,-0.125332
0.224824,0.096730,-0.123983
0.223057,0.096932,-0.125237
0.220346,0.098593,-0.125511
0.221446,0.101474,-0.124744
0.218982,0.101771,-0.125801
0.217863,0.102825,-0.125792
0.216833,0.102844,-0.125175
0.214217,0.104695,-0.128594
0.213677,0.103405,-0.126615
0.212399,0.105932,-0.128251
0.211934,0.104809,-0.127349
0.208878,0.104983,-0.128397
0.209336,0.109005,-0.129066
0.205978,0.108282,-0.129132
0.204632,0.108987,-0.129464
0.205075,0.110909,-0.128329
0.201651,0.111381,-0.129609
0.202041,0.110888,-0.130184
0.197600,0.113445,-0.132041
0.197040,0.113426,-0.129381
0.197905,0.113453,-0.129997
0.195690,0.113658,-0.131555
0.194266,0.117619,-0.132528
0.194465,0.116249,-0.132485
0.191548,0.117282,-0.133474
0.189347,0.115954,-0.130753
0.188134,0.116977,-0.134714
0.187719,0.118033,-0.134499
0.184868,0.119469,-0.132944
0.183384,0.120734,-0.135188
0.183561,0.122841,-0.134753
0.181390,0.120869,-0.136575
0.179270,0.122940,-0.135781
0.178127,0.123204,-0.135010
0.177848,0.124524,-0.136091
0.173048,0.124242,-0.138408
0.173981,0.126752,-0.137753
0.172077,0.126995,-0.137803
0.170952,0.127533,-0.139232
0.167562,0.127100,-0.138589
0.168353,0.128000,-0.140641
0.168060,0.126603,-0.139312
0.165078,0.130629,-0.140563
0.162008,0.131139,-0.142285
0.159723,0.129795,-0.141415
0.159437,0.132043,-0.143807
0.158196,0.135118,-0.143325
0.156811,0.131342,-0.142514
0.152870,0.133400,-0.142319
0.152921,0.134032,-0.143796
0.151263,0.134019,-0.145996
0.147673,0.136074,-0.146360
0.147703,0.133988,-0.146686
0.145121,0.135979,-0.148111
0.141753,0.138418,-0.147358
0.143790,0.139068,-0.146364
0.141077,0.137888,-0.148224
0.139213,0.139756,-0.148014
0.138964,0.140997,-0.148636
0.137523,0.142040,-0.148380
0.134514,0.142312,-0.149063
0.134137,0.143265,-0.150196
0.130582,0.142731,-0.150695
0.130155,0.142581,-0.151862
0.128822,0.143409,-0.152355
0.126320,0.143243,-0.152885
0.124546,0.146151,-0.152406
0.122647,0.143631,-0.155508
0.121372,0.146628,-0.155713
0.118480,0.145037,-0.156056
0.116960,0.146899,-0.157481
0.117242,0.145211,-0.157784
0.114389,0.147113,-0.158816
0.111198,0.147370,-0.159561
0.109813,0.148640,-0.160146
0.106115,0.147125,-0.162769
0.104909,0.146030,-0.160816
0.101539,0.148034,-0.163648
0.100926,0.148351,-0.164791
0.097947,0.148262,-0.168457
0.095829,0.148384,-0.165712
0.094529,0.148230,-0.165629
0.091078,0.148126,-0.168398
0.089457,0.150302,-0.170085
0.087890,0.149206,-0.172389
0.084047,0.148855,-0.173787
0.082131,0.148965,-0.175473
0.078961,0.147893,-0.175781
0.077047,0.148678,-0.175746
0.072518,0.147574,-0.179074
0.071853,0.146044,-0.180040
0.068060,0.147655,-0.183873
0.065230,0.145735,-0.185358
0.064002,0.144695,-0.185270
0.059139,0.145233,-0.187501
0.058720,0.146844,-0.189555
0.053995,0.144497,-0.190690
0.052345,0.144167,-0.192621
0.048457,0.144027,-0.194466
0.043047,0.143717,-0.198122
0.040077,0.141587,-0.200267
0.035532,0.140741,-0.203476
0.239946,-0.033525,-0.187365
0.243843,-0.027327,-0.182089
0.245367,-0.024147,-0.177817
0.246668,-0.019621,-0.174448
0.248165,-0.016392,-0.171468
0.249710,-0.013524,-0.171598
0.248804,-0.008908,-0.167010
0.250822,-0.006211,-0.165298
0.250155,-0.004162,-0.164406
0.251289,-0.002835,-0.163191
0.250540,0.000569,-0.161468
0.251824,0.002877,-0.156988
0.251290,0.005181,-0.159147
0.252561,0.008807,-0.156493
0.253096,0.010657,-0.154063
0.252578,0.012213,-0.152539
0.252088,0.015047,-0.154385
0.251958,0.016766,-0.149297
0.256397,0.019353,-0.147005
0.254339,0.023315,-0.145473
0.256625,0.025419,-0.143644
0.256745,0.030732,-0.143345
0.257333,0.033776,-0.139281
0.260422,0.037081,-0.135495
0.260490,0.039848,-0.134981
0.262167,0.045609,-0.132408
0.263482,0.045506,-0.129913
0.261254,0.048500,-0.130068
0.262187,0.052480,-0.127494
0.261897,0.051061,-0.126712
0.261513,0.055628,-0.126675
0.262750,0.055308,-0.128392
0.259059,0.057581,-0.124071
0.259662,0.057794,-0.125263
0.258573,0.061339,-0.125845
0.257347,0.060811,-0.124252
0.256745,0.060715,-0.123952
0.255682,0.063789,-0.122327
0.254239,0.063960,-0.123192
0.254081,0.068468,-0.123645
0.255179,0.068432,-0.122929
0.252580,0.070243,-0.123168
0.251829,0.071800,-0.121320
0.248994,0.075882,-0.121822
0.249605,0.073477,-0.122993
0.247839,0.075759,-0.121121
0.247641,0.076680,-0.121734
0.247906,0.076126,-0.120303
0.246583,0.080026,-0.123840
0.245746,0.079494,-0.121424
0.243832,0.079743,-0.123226
0.243421,0.083022,-0.120627
0.242854,0.082172,-0.122550
0.242147,0.084693,-0.120065
0.240069,0.084723,-0.121477
0.239633,0.086379,-0.121562
0.240418,0.087028,-0.121290
0.235444,0.087941,-0.121460
0.237068,0.088084,-0.123844
0.233014,0.090574,-0.122013
0.235289,0.093920,-0.121195
0.232177,0.091473,-0.120476
0.231743,0.093555,-0.122594
0.227906,0.093514,-0.122676
0.229042,0.095238,-0.123263
0.226641,0.097649,-0.123171
0.225353,0.096817,-0.123344
0.223789,0.096183,-0.124122
0.222826,0.098374,-0.123754
0.222785,0.098896,-0.125585
0.221436,0.098678,-0.122623
0.218520,0.101256,-0.124477
0.218178,0.102099,-0.125138
0.214093,0.102848,-0.126798
0.213592,0.102390,-0.125749
0.214689,0.104510,-0.126843
0.211891,0.106020,-0.125520
0.208885,0.103505,-0.127718
0.208423,0.107518,-0.125735
0.209109,0.106542,-0.128528
0.207476,0.108190,-0.126379
0.202286,0.107103,-0.128445
0.203617,0.108503,-0.127697
0.203184,0.110003,-0.129637
0.199905,0.109826,-0.130327
0.200215,0.112828,-0.130264
0.198705,0.112885,-0.128838
0.196097,0.112092,-0.129105
0.194622,0.112937,-0.130607
0.193920,0.114921,-0.130422
0.192291,0.116229,-0.129920
0.189557,0.116280,-0.132547
0.188715,0.116856,-0.131401
0.188661,0.117441,-0.132325
0.185012,0.115879,-0.133018
0.182396,0.119243,-0.133059
0.183301,0.118102,-0.135144
0.182657,0.120662,-0.132277
0.180447,0.121656,-0.135891
0.179104,0.122583,-0.135127
0.176385,0.121670,-0.135343
0.175309,0.121505,-0.134806
0.174278,0.125496,-0.135876
0.172448,0.124755,-0.136311
0.170575,0.125038,-0.136258
0.169446,0.124779,-0.136054
0.166282,0.125140,-0.137819
0.164652,0.128665,-0.139060
0.165028,0.125223,-0.139360
0.161333,0.128195,-0.137929
0.160084,0.129403,-0.140876
0.158982,0.126561,-0.141827
0.158114,0.129010,-0.141499
0.158021,0.130364,-0.142875
0.154630,0.131319,-0.142606
0.151446,0.131423,-0.143752
0.150029,0.133191,-0.143878
0.151465,0.132982,-0.145173
0.149049,0.134620,-0.145315
0.145862,0.134446,-0.145810
0.145263,0.134180,-0.145031
0.142974,0.135853,-0.145069
0.140249,0.137245,-0.146754
0.140135,0.138473,-0.147690
0.138793,0.139537,-0.147442
0.136437,0.138385,-0.147314
0.135674,0.141020,-0.148367
0.134213,0.139674,-0.146183
0.131091,0.141907,-0.149182
0.130073,0.141551,-0.150852
0.130044,0.141516,-0.149769
0.127082,0.140935,-0.151724
0.123506,0.143406,-0.149483
0.123427,0.142991,-0.152567
0.121932,0.143328,-0.153404
0.118722,0.143938,-0.153992
0.117390,0.144006,-0.156069
0.116354,0.144748,-0.156747
0.114326,0.146525,-0.156728
0.112712,0.146618,-0.158420
0.109742,0.147876,-0.157985
0.104592,0.144992,-0.158867
0.106953,0.145745,-0.160668
0.103980,0.146197,-0.160951
0.101664,0.145228,-0.163471
0.099371,0.146434,-0.163436
0.095940,0.145154,-0.166543
0.095639,0.146372,-0.166116
0.091583,0.147761,-0.166451
0.089001,0.147193,-0.167899
0.088571,0.147451,-0.171141
0.085020,0.149346,-0.172116
0.082429,0.148107,-0.171213
0.081220,0.147355,-0.172524
0.078422,0.146883,-0.175652
0.073404,0.146458,-0.178036
0.071761,0.147621,-0.176299
0.070379,0.147240,-0.180158
0.065865,0.146260,-0.179889
0.062955,0.145036,-0.184091
0.061088,0.145145,-0.183451
0.058527,0.142726,-0.186484
0.055488,0.144713,-0.188181
0.051655,0.143377,-0.190711
0.048898,0.143982,-0.192670
0.045870,0.141264,-0.194058
0.042134,0.139483,-0.197868
0.037648,0.139354,-0.199946
0.238073,-0.033865,-0.182821
0.241959,-0.029200,-0.177159
0.246065,-0.023533,-0.175789
0.245896,-0.018235,-0.171293
0.247532,-0.017134,-0.171817
0.249621,-0.013595,-0.168469
0.250188,-0.008480,-0.164148
0.248575,-0.008769,-0.164219
0.249688,-0.005457,-0.161494
0.249539,-0.004562,-0.159452
0.249053,0.000162,-0.160605
0.253079,0.002591,-0.157369
0.251429,0.004566,-0.157364
0.252253,0.008427,-0.154836
0.252265,0.008520,-0.154141
0.251350,0.011589,-0.150472
0.251468,0.015129,-0.150796
0.251829,0.016701,-0.151588
0.253898,0.020021,-0.145940
0.251060,0.022738,-0.146597
0.254878,0.024848,-0.143895
0.255078,0.028671,-0.142314
0.254025,0.030483,-0.140281
0.257546,0.037365,-0.137533
0.261022,0.038528,-0.131034
0.258778,0.042414,-0.131700
0.260538,0.045575,-0.130078
0.261484,0.050400,-0.127026
0.261424,0.048755,-0.128175
0.260939,0.051061,-0.124008
0.260089,0.054126,-0.125818
0.261030,0.054683,-0.123696
0.258643,0.056438,-0.124941
0.257329,0.060599,-0.123775
0.259028,0.060172,-0.123340
0.257094,0.060559,-0.124096
0.256144,0.062145,-0.125357
0.253681,0.063151,-0.122230
0.254078,0.064895,-0.120930
0.252991,0.066023,-0.120960
0.251838,0.069353,-0.122309
0.251871,0.068061,-0.119478
0.251883,0.071473,-0.121762
0.250975,0.070326,-0.119047
0.249820,0.073428,-0.119049
0.249811,0.075325,-0.121850
0.247283,0.075398,-0.120538
0.247458,0.076107,-0.120689
0.247277,0.078063,-0.120577
0.246734,0.078892,-0.118811
0.245067,0.081002,-0.120803
0.243744,0.082876,-0.120500
0.240359,0.081707,-0.118936
0.242173,0.084276,-0.120629
0.238935,0.086125,-0.119145
0.239208,0.086698,-0.117319
0.238451,0.087858,-0.121519
0.236872,0.088741,-0.119083
0.236058,0.088049,-0.118989
0.234640,0.091425,-0.120386
0.231067,0.089904,-0.119019
0.230416,0.091375,-0.120826
0.230330,0.092555,-0.121891
0.230088,0.094171,-0.119553
0.228766,0.094165,-0.121502
0.227337,0.097307,-0.121894
0.224428,0.096766,-0.122847
0.222581,0.095930,-0.123044
0.221171,0.097907,-0.123719
0.221962,0.099248,-0.122334
0.218749,0.097991,-0.122461
0.218586,0.098839,-0.124525
0.217375,0.101421,-0.123839
0.215116,0.102401,-0.123906
0.211856,0.101780,-0.124108
0.213235,0.102907,-0.124759
0.209305,0.103098,-0.124156
0.210518,0.104096,-0.125269
0.207227,0.107081,-0.125346
0.205650,0.103386,-0.127186
0.203402,0.107928,-0.127350
0.203846,0.107642,-0.128968
0.201765,0.108769,-0.128616
0.198372,0.107208,-0.127630
0.198829,0.109778,-0.127553
0.198345,0.110474,-0.130010
0.194470,0.112111,-0.129069
0.195607,0.112073,-0.130378
0.192492,0.112236,-0.129294
0.192477,0.113806,-0.127984
0.191471,0.115659,-0.128915
0.190205,0.115121,-0.131083
0.188308,0.115495,-0.132145
0.187379,0.116059,-0.130351
0.184224,0.117244,-0.132740
0.183675,0.117041,-0.131024
0.182878,0.120025,-0.132992
0.179053,0.118999,-0.134106
0.178145,0.119780,-0.132478
0.176873,0.121955,-0.133119
0.173790,0.120710,-0.134005
0.173547,0.121256,-0.132772
0.171261,0.121539,-0.136009
0.170906,0.124202,-0.135760
0.169483,0.122366,-0.136917
0.168574,0.125344,-0.136949
0.165626,0.124739,-0.137919
0.163494,0.124041,-0.138875
0.162946,0.126801,-0.139993
0.160711,0.128172,-0.138161
0.159996,0.127340,-0.140536
0.157482,0.126884,-0.141722
0.156266,0.128298,-0.142990
0.153959,0.130245,-0.141172
0.152302,0.128813,-0.143728
0.149582,0.130605,-0.142473
0.148774,0.129974,-0.141686
0.148163,0.133092,-0.141534
0.145379,0.134085,-0.142436
0.145463,0.132521,-0.144713
0.144221,0.132173,-0.144572
0.141931,0.134322,-0.146606
0.141020,0.135819,-0.144016
0.137295,0.135603,-0.146346
0.138375,0.136352,-0.146657
0.135509,0.138172,-0.148668
0.134536,0.137280,-0.146910
0.133558,0.138380,-0.148693
0.133368,0.139330,-0.149534
0.128769,0.140049,-0.148927
0.128044,0.140636,-0.148812
0.126381,0.140614,-0.148560
0.124617,0.141024,-0.149583
0.122625,0.141733,-0.151755
0.118824,0.142829,-0.151058
0.118409,0.142458,-0.154663
0.117412,0.144049,-0.156404
0.115089,0.143999,-0.156327
0.112327,0.143043,-0.155278
0.109718,0.144005,-0.157984
0.109019,0.145378,-0.158974
0.106284,0.143401,-0.159010
0.104026,0.145047,-0.158221
0.102718,0.147332,-0.161917
0.100100,0.145663,-0.162833
0.098064,0.143414,-0.160080
0.097854,0.144536,-0.163795
0.093817,0.146791,-0.164055
0.091861,0.145815,-0.165363
0.088830,0.146736,-0.169764
0.085916,0.146040,-0.168911
0.083948,0.144475,-0.170943
0.080455,0.146685,-0.171337
0.078998,0.145253,-0.172244
0.078133,0.147152,-0.174828
0.073067,0.146380,-0.176026
0.070318,0.144996,-0.176549
0.069585,0.145511,-0.177413
0.065715,0.145341,-0.178778
0.062119,0.144854,-0.181128
0.059570,0.144374,-0.185754
0.057156,0.143098,-0.185564
0.055116,0.141275,-0.189519
0.049652,0.141785,-0.189696
0.045450,0.140655,-0.190844
0.042674,0.139034,-0.195501
0.039263,0.138950,-0.196706
0.035136,0.138254,-0.198930
0.234009,-0.041959,-0.186712
0.240725,-0.034639,-0.180939
0.244145,-0.028481,-0.175972
0.243523,-0.022627,-0.173205
0.246051,-0.020785,-0.170341
0.247133,-0.016118,-0.169626
0.247224,-0.013252,-0.165251
0.248875,-0.012578,-0.163156
0.249535,-0.008015,-0.163615
0.250086,-0.006664,-0.161041
0.249405,-0.004422,-0.159716
0.248914,-0.000765,-0.157049
0.249251,0.001886,-0.157074
0.251403,0.003940,-0.152937
0.249164,0.007443,-0.153683
0.250860,0.007934,-0.153608
0.250829,0.011129,-0.150508
0.251271,0.012692,-0.148552
0.252065,0.015342,-0.148973
0.250160,0.017686,-0.148491
0.252281,0.020408,-0.145289
0.252967,0.025099,-0.143259
0.254557,0.025349,-0.140621
0.254855,0.030288,-0.138630
0.257542,0.034086,-0.134667
0.260199,0.037997,-0.131525
0.257106,0.040649,-0.127894
0.258270,0.044994,-0.126365
0.260449,0.047966,-0.126650
0.258187,0.046734,-0.124106
0.260294,0.051797,-0.125387
0.259441,0.051130,-0.124732
0.258100,0.053992,-0.123971
0.258811,0.056095,-0.122427
0.258249,0.057950,-0.121559
0.256643,0.060298,-0.123968
0.256491,0.060345,-0.121547
0.254223,0.060307,-0.120653
0.255211,0.063146,-0.121398
0.252515,0.065912,-0.121540
0.253727,0.065882,-0.120132
0.251716,0.067167,-0.119028
0.251621,0.069260,-0.120908
0.251738,0.069447,-0.118658
0.248795,0.072418,-0.121279
0.249490,0.073855,-0.119328
0.247412,0.074303,-0.120780
0.246835,0.073801,-0.118577
0.244368,0.074465,-0.120983
0.246467,0.079156,-0.118090
0.245173,0.079543,-0.117787
0.243124,0.077890,-0.118345
0.242521,0.080270,-0.118521
0.241642,0.082611,-0.117068
0.239526,0.082598,-0.117962
0.239528,0.084224,-0.117451
0.240269,0.085277,-0.118893
0.237196,0.087115,-0.119828
0.235545,0.088757,-0.116538
0.235905,0.088419,-0.119867
0.233450,0.090001,-0.116145
0.230166,0.088754,-0.117684
0.231100,0.092220,-0.118985
0.228770,0.094059,-0.118967
0.228830,0.092547,-0.119530
0.226538,0.092845,-0.118796
0.226671,0.093902,-0.119506
0.224445,0.094739,-0.119700
0.222555,0.095758,-0.120339
0.222258,0.095925,-0.120492
0.220091,0.097659,-0.121092
0.217924,0.098347,-0.122208
0.215517,0.099855,-0.119710
0.216263,0.099677,-0.120900
0.213117,0.100288,-0.121343
0.214063,0.099240,-0.122667
0.211526,0.104280,-0.123085
0.211124,0.101643,-0.123104
0.208862,0.103083,-0.124170
0.207458,0.105138,-0.124756
0.206344,0.105117,-0.125074
0.205110,0.105771,-0.125006
0.202410,0.107976,-0.125013
0.199058,0.106552,-0.126562
0.199526,0.105987,-0.126210
0.198549,0.110200,-0.129663
0.198523,0.109358,-0.128355
0.194763,0.111290,-0.128163
0.193227,0.111324,-0.128564
0.191562,0.111396,-0.127368
0.190396,0.111373,-0.129796
0.189169,0.114137,-0.128255
0.189563,0.115287,-0.130691
0.187335,0.114927,-0.130234
0.185317,0.114253,-0.131199
0.183294,0.114822,-0.130373
0.183373,0.116365,-0.131109
0.179479,0.116921,-0.130658
0.180870,0.118130,-0.133791
0.178685,0.117570,-0.132404
0.175916,0.119646,-0.133485
0.173487,0.120078,-0.133042
0.174096,0.120903,-0.136482
0.171120,0.121487,-0.133541
0.169254,0.121579,-0.135475
0.167909,0.124016,-0.134351
0.168032,0.122779,-0.134570
0.164420,0.123937,-0.135353
0.162162,0.124434,-0.136917
0.160713,0.124940,-0.138757
0.159455,0.124923,-0.139569
0.158785,0.124862,-0.139587
0.157265,0.126040,-0.138276
0.154056,0.127481,-0.142132
0.153352,0.126853,-0.140959
0.150540,0.127536,-0.140361
0.148881,0.128846,-0.141319
0.148065,0.131318,-0.143005
0.146336,0.132439,-0.142755
0.144907,0.132710,-0.141655
0.142266,0.130813,-0.143475
0.142394,0.134131,-0.142492
0.138372,0.134340,-0.144330
0.138503,0.133291,-0.144974
0.137563,0.134540,-0.144989
0.136626,0.134784,-0.146379
0.133969,0.138000,-0.146953
0.133599,0.137190,-0.146356
0.131372,0.137637,-0.146216
0.130643,0.137706,-0.146196
0.128598,0.139197,-0.148541
0.126903,0.139145,-0.148839
0.124322,0.138385,-0.149671
0.121830,0.140172,-0.150717
0.119695,0.138940,-0.150125
0.118676,0.142341,-0.152391
0.116207,0.141417,-0.152985
0.116016,0.141945,-0.154364
0.112141,0.140958,-0.153973
0.111246,0.142174,-0.154877
0.109057,0.145590,-0.156353
0.109029,0.143622,-0.157139
0.104420,0.142966,-0.157239
0.105492,0.142509,-0.157238
0.100321,0.144081,-0.160027
0.097910,0.142583,-0.160658
0.095565,0.143437,-0.163203
0.093249,0.144451,-0.163578
0.091835,0.146832,-0.164665
0.089851,0.144978,-0.164406
0.086029,0.147275,-0.167889
0.084004,0.145043,-0.167517
0.083756,0.146290,-0.169755
0.081660,0.146368,-0.169292
0.077654,0.144816,-0.170502
0.077022,0.145432,-0.172076
0.072309,0.143718,-0.172086
0.068999,0.145028,-0.176237
0.068496,0.144061,-0.179163
0.065300,0.143586,-0.180363
0.062195,0.144350,-0.182059
0.058426,0.141879,-0.183669
0.054106,0.143532,-0.187844
0.052389,0.142256,-0.186518
0.048957,0.139321,-0.189201
0.044718,0.140787,-0.192183
0.039122,0.137519,-0.195347
0.035809,0.135477,-0.196610
0.237011,-0.041262,-0.183842
0.239748,-0.033292,-0.178903
0.240473,-0.028803,-0.175750
0.242489,-0.023687,-0.172769
0.245896,-0.020145,-0.166641
0.247564,-0.018386,-0.166363
0.247928,-0.013717,-0.164937
0.248041,-0.011632,-0.161051
0.247434,-0.008755,-0.160674
0.247637,-0.008235,-0.159380
0.249245,-0.003344,-0.159074
0.250199,-0.000740,-0.158223
0.248281,0.000790,-0.154660
0.248144,0.004176,-0.153512
0.248512,0.005695,-0.152132
0.249738,0.007967,-0.149682
0.249758,0.010796,-0.149580
0.249627,0.011767,-0.148311
0.247807,0.015533,-0.147562
0.250512,0.015855,-0.146658
0.249437,0.018239,-0.144104
0.249074,0.022305,-0.142612
0.251112,0.026089,-0.140982
0.253372,0.029295,-0.138742
0.254169,0.034702,-0.135248
0.257680,0.038496,-0.131491
0.259521,0.041125,-0.128920
0.258251,0.045093,-0.126914
0.259448,0.046756,-0.125916
0.258047,0.049799,-0.124998
0.259922,0.048697,-0.123204
0.258986,0.050677,-0.124080
0.257169,0.052632,-0.121657
0.257558,0.054411,-0.121274
0.256156,0.056653,-0.119943
0.256300,0.058728,-0.120415
0.255951,0.059429,-0.120460
0.254122,0.059666,-0.121373
0.253802,0.061845,-0.121089
0.253977,0.063788,-0.119742
0.251702,0.063527,-0.117460
0.250739,0.068155,-0.121761
0.250202,0.067576,-0.119784
0.251016,0.071895,-0.115653
0.248652,0.070517,-0.117710
0.248136,0.071597,-0.119369
0.246028,0.071705,-0.119105
0.245700,0.073878,-0.119359
0.244649,0.073368,-0.117847
0.244934,0.076338,-0.117703
0.243093,0.077609,-0.117595
0.243753,0.079678,-0.117300
0.239967,0.082407,-0.115857
0.239373,0.080941,-0.117059
0.238876,0.081716,-0.117382
0.239485,0.083449,-0.116442
0.237302,0.085085,-0.116573
0.235077,0.084282,-0.116036
0.233532,0.086596,-0.115541
0.233052,0.086124,-0.116031
0.232083,0.089301,-0.118909
0.230455,0.090062,-0.117728
0.229862,0.091474,-0.118094
0.227515,0.091558,-0.116978
0.229736,0.089580,-0.118257
0.225340,0.092794,-0.118143
0.224303,0.092991,-0.118884
0.224348,0.094730,-0.118607
0.222652,0.096132,-0.119001
0.222631,0.095381,-0.117599
0.218056,0.097546,-0.120588
0.218349,0.097886,-0.119554
0.215969,0.099457,-0.120104
0.214906,0.099540,-0.121161
0.214807,0.097372,-0.121230
0.213229,0.102246,-0.121307
0.210746,0.101711,-0.120782
0.208677,0.102121,-0.124573
0.206993,0.102763,-0.124644
0.206864,0.103019,-0.119294
0.204400,0.103051,-0.125074
0.202121,0.104631,-0.123934
0.201976,0.105596,-0.124213
0.199949,0.107997,-0.124623
0.200913,0.106315,-0.124241
0.196240,0.108707,-0.125527
0.196637,0.108857,-0.124638
0.194563,0.109511,-0.125971
0.191113,0.109088,-0.126823
0.193889,0.112186,-0.128897
0.189107,0.111228,-0.126568
0.189742,0.110752,-0.126802
0.187884,0.114666,-0.129250
0.187361,0.114137,-0.127968
0.182743,0.115755,-0.127963
0.183216,0.114288,-0.128810
0.179796,0.116992,-0.129060
0.178160,0.116440,-0.131979
0.178930,0.117628,-0.131271
0.175244,0.116679,-0.133085
0.175100,0.119104,-0.131278
0.174007,0.117717,-0.132653
0.171742,0.117864,-0.133982
0.169948,0.120274,-0.135199
0.169202,0.120569,-0.135164
0.167285,0.123078,-0.134023
0.164709,0.121692,-0.136536
0.164376,0.121682,-0.136204
0.160830,0.121679,-0.134378
0.159992,0.121867,-0.137668
0.157074,0.123286,-0.136599
0.156595,0.123750,-0.139168
0.153636,0.124790,-0.138342
0.153401,0.125505,-0.138572
0.151299,0.124958,-0.140278
0.150702,0.127318,-0.141900
0.149102,0.128065,-0.140440
0.146469,0.128601,-0.139536
0.145517,0.129448,-0.142637
0.143668,0.130283,-0.141238
0.140808,0.129254,-0.142830
0.139478,0.130991,-0.142626
0.139328,0.134236,-0.141843
0.137005,0.133830,-0.145061
0.136968,0.133973,-0.144224
0.134838,0.134761,-0.144461
0.134268,0.136355,-0.146127
0.131456,0.135292,-0.148895
0.129624,0.135135,-0.146039
0.127581,0.136976,-0.146027
0.127212,0.136966,-0.147965
0.124652,0.137646,-0.148138
0.124372,0.136729,-0.148006
0.121023,0.137842,-0.151534
0.120047,0.141364,-0.151749
0.117759,0.138370,-0.152038
0.116495,0.142325,-0.149838
0.115156,0.142473,-0.152282
0.112335,0.141860,-0.153986
0.108934,0.141660,-0.152868
0.107420,0.141810,-0.157150
0.107404,0.141975,-0.155503
0.103781,0.140957,-0.156163
0.100816,0.142231,-0.158091
0.098516,0.142039,-0.159423
0.096132,0.140459,-0.159060
0.096294,0.143295,-0.163405
0.093423,0.142521,-0.163229
0.091966,0.144678,-0.163111
0.090281,0.143506,-0.163414
0.084637,0.144190,-0.166591
0.085225,0.144839,-0.166362
0.081215,0.144390,-0.167540
0.080621,0.143933,-0.168140
0.078320,0.144434,-0.169787
0.073502,0.143443,-0.172866
0.070925,0.142638,-0.174209
0.070857,0.143470,-0.173720
0.068895,0.144066,-0.178352
0.064758,0.142837,-0.180501
0.061692,0.141651,-0.179322
0.056527,0.139935,-0.182352
0.053843,0.140655,-0.183942
0.051404,0.141676,-0.187768
0.046939,0.140570,-0.187140
0.043019,0.137834,-0.190728
0.039631,0.137660,-0.194437
0.034739,0.135686,-0.197062
0.236600,-0.039139,-0.180782
0.241695,-0.034562,-0.175059
0.241018,-0.029540,-0.173789
0.245761,-0.024171,-0.168744
0.243880,-0.022542,-0.168200
0.245459,-0.017279,-0.165494
0.246764,-0.016904,-0.161246
0.247814,-0.013048,-0.162159
0.246082,-0.009914,-0.159880
0.246229,-0.008238,-0.157852
0.248002,-0.004539,-0.155932
0.248048,-0.002820,-0.155178
0.249510,0.001827,-0.154380
0.249496,0.001101,-0.152918
0.247581,0.005385,-0.152499
0.247733,0.006303,-0.150765
0.249894,0.007344,-0.150653
0.249670,0.011843,-0.147752
0.248045,0.014572,-0.147930
0.248934,0.015507,-0.144502
0.249448,0.018063,-0.143595
0.251799,0.021469,-0.143376
0.252104,0.024394,-0.138422
0.252474,0.026458,-0.138347
0.254545,0.031696,-0.134498
0.256869,0.037501,-0.131014
0.256993,0.040801,-0.128044
0.257706,0.043882,-0.124202
0.257771,0.044035,-0.125113
0.259422,0.047374,-0.122938
0.257182,0.048322,-0.122531
0.257882,0.052049,-0.123004
0.256523,0.051813,-0.120451
0.254919,0.053912,-0.119597
0.255731,0.055579,-0.120027
0.255952,0.056105,-0.119087
0.254788,0.059229,-0.116962
0.251707,0.059429,-0.118408
0.254216,0.062133,-0.117118
0.251629,0.063787,-0.119210
0.253249,0.064920,-0.118482
0.249715,0.063479,-0.117490
0.248794,0.066336,-0.116804
0.248795,0.068087,-0.116377
0.246961,0.068494,-0.117350
0.247891,0.069836,-0.115951
0.245477,0.071970,-0.117153
0.243686,0.073312,-0.115753
0.243941,0.072303,-0.117752
0.242241,0.077240,-0.117273
0.242869,0.077506,-0.115895
0.241079,0.077303,-0.113947
0.238217,0.077876,-0.116064
0.239977,0.079915,-0.115610
0.238752,0.082546,-0.116699
0.237567,0.083033,-0.114096
0.236418,0.084537,-0.113126
0.235304,0.086294,-0.115582
0.233991,0.085726,-0.114754
0.236685,0.086912,-0.114758
0.231472,0.088772,-0.115408
0.228851,0.089802,-0.116947
0.227543,0.090723,-0.116336
0.228844,0.091499,-0.116137
0.225523,0.090878,-0.116586
0.224126,0.091829,-0.115585
0.223333,0.092157,-0.117493
0.221865,0.094302,-0.119690
0.219806,0.093717,-0.118476
0.219364,0.094423,-0.119058
0.219436,0.094654,-0.118189
0.216357,0.097413,-0.117790
0.215758,0.097321,-0.118080
0.213999,0.098238,-0.119039
0.213600,0.099470,-0.120989
0.212051,0.099390,-0.121141
0.209820,0.099478,-0.120814
0.207853,0.102589,-0.121351
0.206395,0.101074,-0.120875
0.206685,0.103309,-0.122557
0.203331,0.103671,-0.121434
0.204757,0.105222,-0.121949
0.201860,0.102872,-0.124364
0.199282,0.105671,-0.121974
0.199028,0.105880,-0.122693
0.195411,0.108439,-0.124490
0.194704,0.106672,-0.124872
0.195379,0.110342,-0.125827
0.191478,0.109273,-0.125519
0.188177,0.109284,-0.124240
0.189079,0.110819,-0.126897
0.186710,0.111967,-0.127620
0.185069,0.112065,-0.127755
0.185575,0.112739,-0.127706
0.183145,0.113848,-0.129955
0.181464,0.114624,-0.128922
0.179397,0.112159,-0.129829
0.180693,0.113606,-0.130421
0.176334,0.116155,-0.131219
0.176180,0.115917,-0.130407
0.173007,0.117225,-0.131678
0.172795,0.115863,-0.130589
0.169138,0.117964,-0.132786
0.167123,0.117988,-0.131403
0.168229,0.118338,-0.133572
0.165294,0.121137,-0.132914
0.162668,0.120693,-0.134901
0.161034,0.119384,-0.135704
0.157262,0.121655,-0.135732
0.157750,0.124267,-0.137247
0.156992,0.122652,-0.138370
0.154430,0.121692,-0.139194
0.153501,0.123372,-0.138478
0.152031,0.125082,-0.139467
0.150910,0.124823,-0.139651
0.149568,0.125442,-0.139900
0.145899,0.125830,-0.141482
0.143887,0.127651,-0.141859
0.145252,0.127225,-0.141382
0.141119,0.128214,-0.140892
0.140482,0.128622,-0.141458
0.138345,0.128299,-0.143001
0.136811,0.130867,-0.143285
0.135629,0.130163,-0.144233
0.134867,0.132307,-0.142611
0.132377,0.133642,-0.142902
0.133335,0.133361,-0.145534
0.129060,0.131986,-0.142917
0.129569,0.135087,-0.145081
0.128698,0.135126,-0.145982
0.126080,0.136675,-0.146167
0.123700,0.135459,-0.145850
0.123909,0.138550,-0.147286
0.119641,0.138681,-0.149661
0.118485,0.137273,-0.150986
0.117323,0.137560,-0.149952
0.113764,0.138342,-0.148531
0.114130,0.139466,-0.151468
0.110436,0.139138,-0.154376
0.109274,0.140196,-0.154988
0.105310,0.141173,-0.153329
0.105914,0.140355,-0.153919
0.101518,0.139422,-0.156313
0.099335,0.141034,-0.155877
0.097500,0.141889,-0.157898
0.093593,0.141969,-0.158540
0.094369,0.142313,-0.161367
0.092202,0.141257,-0.161270
0.088971,0.143302,-0.163329
0.086577,0.141956,-0.162275
0.084488,0.141863,-0.165751
0.084306,0.142400,-0.165843
0.079778,0.142722,-0.165690
0.079034,0.141760,-0.168310
0.075670,0.142518,-0.170811
0.072678,0.139906,-0.170845
0.069904,0.140892,-0.172796
0.066700,0.143375,-0.174392
0.064732,0.140999,-0.175580
0.061569,0.138919,-0.177866
0.058851,0.140833,-0.178640
0.056596,0.141120,-0.178832
0.051829,0.140151,-0.181996
0.049870,0.138665,-0.183946
0.045457,0.137688,-0.189013
0.041448,0.138155,-0.189857
0.036502,0.133850,-0.192143
0.032803,0.135318,-0.195769
0.234672,-0.047765,-0.182868
0.236089,-0.039304,-0.178669
0.239051,-0.033254,-0.174197
0.243111,-0.029729,-0.172585
0.242945,-0.025594,-0.169617
0.243946,-0.023708,-0.165045
0.245974,-0.019177,-0.164019
0.245071,-0.016022,-0.161071
0.245809,-0.015102,-0.158951
0.246873,-0.012042,-0.158546
0.246732,-0.008161,-0.156947
0.248251,-0.004847,-0.155777
0.247286,-0.002192,-0.155081
0.245989,-0.001592,-0.154335
0.247831,0.002819,-0.152007
0.246123,0.003290,-0.150270
0.248116,0.003828,-0.148476
0.249016,0.009544,-0.146081
0.249767,0.011111,-0.146765
0.247442,0.012406,-0.143836
0.247138,0.013499,-0.143090
0.248600,0.017476,-0.144129
0.248354,0.019201,-0.140517
0.249773,0.022801,-0.137247
0.251213,0.026538,-0.135218
0.252348,0.029415,-0.134779
0.256882,0.035970,-0.128749
0.258369,0.038814,-0.124252
0.256607,0.042208,-0.124946
0.256595,0.044825,-0.122503
0.257590,0.046680,-0.122460
0.256357,0.048952,-0.121626
0.257074,0.049308,-0.117302
0.257823,0.051298,-0.118877
0.255130,0.053347,-0.119325
0.256256,0.055274,-0.117648
0.254266,0.056574,-0.118174
0.253726,0.056494,-0.117874
0.255002,0.060905,-0.118672
0.253100,0.060336,-0.115556
0.251147,0.060270,-0.115535
0.249257,0.062009,-0.116768
0.249353,0.065054,-0.116576
0.247803,0.065430,-0.116619
0.247427,0.067071,-0.116554
0.245828,0.069200,-0.116768
0.245003,0.069698,-0.117809
0.243658,0.069995,-0.115742
0.245061,0.071756,-0.116024
0.243703,0.073034,-0.115290
0.242127,0.074646,-0.114687
0.240502,0.075318,-0.115019
0.239971,0.078626,-0.114535
0.239342,0.076831,-0.114375
0.239136,0.080039,-0.115620
0.238294,0.082084,-0.114015
0.236777,0.082322,-0.113872
0.234329,0.083127,-0.113285
0.234973,0.082743,-0.114335
0.233738,0.084869,-0.113851
0.231552,0.085694,-0.115020
0.231973,0.087088,-0.114968
0.229836,0.089803,-0.115995
0.227936,0.087671,-0.115259
0.226892,0.090612,-0.114544
0.225886,0.089661,-0.115841
0.223952,0.091736,-0.116870
0.224955,0.091717,-0.115672
0.223247,0.092802,-0.115227
0.220959,0.095338,-0.118166
0.218636,0.092056,-0.118553
0.216030,0.094260,-0.117121
0.214679,0.095426,-0.117851
0.215123,0.096689,-0.118451
0.211777,0.099157,-0.118936
0.211642,0.097492,-0.120009
0.209414,0.098518,-0.119452
0.207802,0.100746,-0.120498
0.207656,0.102344,-0.121520
0.205224,0.101641,-0.120965
0.204018,0.102677,-0.121778
0.204520,0.101918,-0.121592
0.201604,0.105480,-0.121461
0.200357,0.104157,-0.121670
0.200460,0.104481,-0.123216
0.197127,0.105074,-0.121289
0.194697,0.106617,-0.122896
0.193097,0.108074,-0.125516
0.192787,0.107248,-0.123247
0.189970,0.109753,-0.123703
0.189842,0.109823,-0.123678
0.188360,0.109255,-0.126802
0.188652,0.110821,-0.128075
0.184545,0.109983,-0.125769
0.182414,0.110334,-0.126436
0.182835,0.113001,-0.127039
0.179233,0.112594,-0.128292
0.178041,0.112111,-0.128390
0.176365,0.113620,-0.127300
0.174740,0.115221,-0.130202
0.174822,0.113158,-0.129307
0.172533,0.116821,-0.129571
0.170662,0.118131,-0.129774
0.167850,0.118167,-0.132640
0.166343,0.115663,-0.132794
0.166324,0.118418,-0.131350
0.165028,0.118220,-0.132861
0.161039,0.118862,-0.134155
0.159419,0.121642,-0.133784
0.157597,0.119657,-0.135432
0.157489,0.119873,-0.136169
0.154752,0.119587,-0.137954
0.151915,0.122448,-0.138678
0.150279,0.122705,-0.136312
0.151532,0.122200,-0.140078
0.149732,0.123898,-0.138145
0.145238,0.124367,-0.139676
0.146356,0.124224,-0.139858
0.144461,0.123926,-0.139299
0.141671,0.125123,-0.141848
0.140237,0.126614,-0.140953
0.139041,0.128110,-0.140894
0.136795,0.127600,-0.142124
0.137481,0.129719,-0.141575
0.135873,0.130723,-0.140628
0.135361,0.130288,-0.141822
0.131701,0.132826,-0.143124
0.129478,0.132724,-0.143434
0.126382,0.133211,-0.143316
0.127305,0.132783,-0.143607
0.125277,0.133641,-0.145565
0.122859,0.134394,-0.146550
0.121737,0.137077,-0.146784
0.120537,0.135926,-0.148450
0.118339,0.137669,-0.150099
0.115870,0.137726,-0.150932
0.115312,0.137697,-0.149167
0.114841,0.139198,-0.148040
0.111608,0.138968,-0.149765
0.108987,0.139494,-0.150676
0.106795,0.137963,-0.152172
0.104240,0.136589,-0.153225
0.103538,0.138797,-0.155400
0.100968,0.138414,-0.153907
0.099320,0.141175,-0.155469
0.097785,0.139525,-0.158345
0.095050,0.140468,-0.157777
0.092525,0.141718,-0.159178
0.091700,0.141216,-0.159256
0.087694,0.141728,-0.159872
0.084760,0.141564,-0.160699
0.084215,0.141059,-0.164143
0.079834,0.142513,-0.164569
0.078307,0.143759,-0.164815
0.078396,0.142025,-0.168650
0.073399,0.142584,-0.169169
0.072815,0.141396,-0.169841
0.067931,0.139769,-0.170450
0.067081,0.141232,-0.174095
0.062326,0.137865,-0.173534
0.062828,0.142330,-0.176025
0.059800,0.140172,-0.180143
0.054048,0.140170,-0.179506
0.051984,0.137950,-0.181561
0.049503,0.137682,-0.184704
0.045021,0.136042,-0.186057
0.042035,0.137023,-0.190910
0.036654,0.134579,-0.191581
0.032407,0.130582,-0.196875
0.231698,-0.044137,-0.182163
0.237249,-0.038345,-0.175259
0.237314,-0.034974,-0.172202
0.240282,-0.029494,-0.170253
0.240623,-0.026689,-0.165097
0.244528,-0.023466,-0.163413
0.244290,-0.019019,-0.162003
0.244231,-0.018427,-0.161621
0.244632,-0.014765,-0.159132
0.244188,-0.010940,-0.156491
0.245817,-0.008752,-0.155324
0.245139,-0.006850,-0.155570
0.246593,-0.004967,-0.152526
0.245878,-0.001858,-0.148783
0.247365,0.000225,-0.149985
0.248007,0.002568,-0.149514
0.246220,0.005718,-0.147584
0.247001,0.006843,-0.146837
0.246973,0.009588,-0.145043
0.247417,0.011772,-0.144442
0.247655,0.014821,-0.145705
0.246841,0.014284,-0.140335
0.247977,0.017306,-0.140868
0.246410,0.021160,-0.137563
0.250170,0.027051,-0.132480
0.249730,0.027102,-0.132842
0.253850,0.033861,-0.127658
0.256838,0.037502,-0.125982
0.255378,0.040823,-0.124266
0.254760,0.041800,-0.123468
0.255512,0.046184,-0.121672
0.256286,0.048810,-0.119851
0.256374,0.049442,-0.120455
0.254114,0.049623,-0.119476
0.254698,0.052671,-0.118278
0.254235,0.054027,-0.119925
0.252293,0.054294,-0.117874
0.252915,0.056954,-0.116413
0.253224,0.056688,-0.117183
0.250653,0.057874,-0.115709
0.249666,0.061645,-0.117557
0.250027,0.061345,-0.115068
0.248917,0.064512,-0.116058
0.247479,0.064606,-0.114360
0.248530,0.066825,-0.115589
0.246140,0.067262,-0.115319
0.245671,0.068750,-0.115209
0.243340,0.069079,-0.115892
0.244316,0.071428,-0.113711
0.242447,0.072556,-0.112914
0.240773,0.074229,-0.113742
0.240685,0.075969,-0.114378
0.238476,0.074768,-0.113861
0.239336,0.077147,-0.113720
0.236512,0.077121,-0.114677
0.236286,0.078554,-0.112358
0.236290,0.080658,-0.110991
0.236547,0.081340,-0.111861
0.233089,0.082607,-0.113117
0.233233,0.084609,-0.111229
0.231438,0.083322,-0.114313
0.231027,0.087549,-0.112653
0.230828,0.086477,-0.112631
0.228352,0.088151,-0.114009
0.226424,0.088855,-0.114886
0.225452,0.088941,-0.113239
0.224532,0.089755,-0.116404
0.221168,0.094223,-0.114425
0.220291,0.092320,-0.115423
0.222332,0.091652,-0.116006
0.219923,0.092771,-0.116446
0.217977,0.093480,-0.116185
0.213459,0.096109,-0.116628
0.211816,0.094306,-0.116479
0.211800,0.095991,-0.115474
0.211020,0.098032,-0.118826
0.210577,0.098566,-0.117057
0.207133,0.097576,-0.117429
0.207889,0.099163,-0.118776
0.204741,0.099083,-0.119383
0.202533,0.100526,-0.120258
0.200445,0.102366,-0.120793
0.199703,0.102510,-0.119981
0.198074,0.103049,-0.120610
0.197018,0.103212,-0.118178
0.197174,0.105256,-0.120548
0.195872,0.103962,-0.122218
0.193576,0.107123,-0.122798
0.193084,0.105073,-0.125245
0.188671,0.105775,-0.124072
0.188291,0.106939,-0.125323
0.184633,0.108946,-0.124809
0.186187,0.108907,-0.125973
0.183248,0.111997,-0.125118
0.182807,0.110244,-0.126473
0.180333,0.111886,-0.126661
0.178506,0.111421,-0.127787
0.176292,0.111265,-0.127003
0.174727,0.113731,-0.125987
0.175391,0.113505,-0.130238
0.172037,0.112980,-0.128785
0.171118,0.115304,-0.128857
0.172556,0.116148,-0.132612
0.168790,0.117356,-0.130594
0.166862,0.117566,-0.131208
0.164409,0.117488,-0.131136
0.161456,0.118172,-0.133122
0.161292,0.118110,-0.133742
0.158491,0.116277,-0.132911
0.156542,0.118013,-0.133526
0.155592,0.118548,-0.132741
0.153164,0.119991,-0.134967
0.152328,0.120523,-0.136115
0.150780,0.121027,-0.137799
0.148861,0.120642,-0.138606
0.145575,0.123284,-0.139181
0.145114,0.122732,-0.138215
0.144616,0.121818,-0.141017
0.143516,0.123530,-0.139870
0.141440,0.125331,-0.140200
0.141477,0.125072,-0.139524
0.139005,0.126410,-0.142323
0.135563,0.127575,-0.139842
0.136200,0.127117,-0.142744
0.133067,0.128728,-0.143611
0.131037,0.132032,-0.139314
0.129535,0.129070,-0.142041
0.128669,0.131904,-0.143797
0.126012,0.131186,-0.142914
0.127010,0.133121,-0.144541
0.123459,0.134329,-0.142871
0.124033,0.132845,-0.146564
0.121423,0.133296,-0.145518
0.119992,0.134720,-0.146755
0.118618,0.136331,-0.145222
0.115015,0.137657,-0.145844
0.112499,0.136768,-0.147861
0.111835,0.136687,-0.147950
0.109396,0.137833,-0.148376
0.109278,0.137895,-0.150640
0.106864,0.135029,-0.150636
0.106547,0.138093,-0.153606
0.101530,0.138555,-0.153584
0.103101,0.139949,-0.155246
0.098775,0.140762,-0.155768
0.094517,0.139940,-0.157676
0.094354,0.140414,-0.156249
0.093249,0.140505,-0.158241
0.089536,0.141503,-0.160258
0.086588,0.140587,-0.159163
0.087747,0.139921,-0.159063
0.084765,0.141461,-0.160927
0.079660,0.139031,-0.164076
0.080525,0.139912,-0.163616
0.076498,0.139406,-0.166519
0.073050,0.139291,-0.165542
0.070696,0.141201,-0.169033
0.067489,0.139492,-0.170156
0.064553,0.139529,-0.173266
0.062266,0.140719,-0.174119
0.059120,0.140089,-0.176964
0.055118,0.138540,-0.177385
0.052240,0.137843,-0.178363
0.051110,0.135627,-0.180009
0.045143,0.135742,-0.183301
0.043180,0.136372,-0.186717
0.041272,0.133785,-0.188795
0.036742,0.134493,-0.190156
0.233523,-0.045663,-0.178835
0.235748,-0.038918,-0.173671
0.237508,-0.033605,-0.170587
0.240523,-0.031079,-0.168917
0.239967,-0.027220,-0.164660
0.244214,-0.023368,-0.161433
0.243520,-0.020911,-0.159097
0.245312,-0.018527,-0.158372
0.244626,-0.016180,-0.156376
0.245616,-0.011936,-0.156110
0.245284,-0.009067,-0.152255
0.245389,-0.008511,-0.152519
0.245453,-0.005138,-0.152940
0.245523,-0.002113,-0.149756
0.246783,-0.001937,-0.150147
0.244889,0.003076,-0.147842
0.244068,0.002767,-0.146362
0.243150,0.005081,-0.145173
0.244477,0.009017,-0.145781
0.246789,0.007761,-0.143300
0.245598,0.012432,-0.139861
0.246406,0.014565,-0.141072
0.245363,0.015708,-0.140977
0.244890,0.020364,-0.139049
0.248722,0.023403,-0.135809
0.247811,0.026845,-0.132111
0.251834,0.032274,-0.127932
0.253848,0.036533,-0.123742
0.254594,0.037603,-0.123495
0.253406,0.041789,-0.123200
0.255388,0.043601,-0.118925
0.252625,0.045743,-0.119082
0.254143,0.047817,-0.120237
0.253895,0.048468,-0.116452
0.251551,0.052190,-0.117466
0.253595,0.051896,-0.117386
0.252949,0.053561,-0.115987
0.251856,0.054391,-0.116667
0.250726,0.057800,-0.115543
0.251073,0.057325,-0.115013
0.247572,0.061503,-0.113156
0.249105,0.060956,-0.113331
0.246890,0.061580,-0.116260
0.246871,0.063644,-0.113704
0.245243,0.066094,-0.112985
0.244828,0.067529,-0.113274
0.242879,0.067540,-0.112631
0.244135,0.068854,-0.112594
0.244084,0.069002,-0.114741
0.239958,0.072747,-0.113170
0.239839,0.072673,-0.112561
0.240286,0.074523,-0.113484
0.239727,0.076678,-0.113299
0.238094,0.075659,-0.112143
0.235700,0.078546,-0.111335
0.235980,0.079316,-0.110052
0.233732,0.079599,-0.111813
0.233959,0.080378,-0.111293
0.232552,0.082018,-0.110814
0.232042,0.084362,-0.113594
0.229973,0.085437,-0.109876
0.228909,0.083760,-0.111213
0.228350,0.085518,-0.112205
0.226951,0.088219,-0.109585
0.224517,0.087913,-0.112290
0.225029,0.087848,-0.112417
0.222352,0.088741,-0.113201
0.221233,0.090368,-0.113036
0.220400,0.090466,-0.113145
0.220124,0.091496,-0.115012
0.217113,0.092369,-0.114550
0.213897,0.093053,-0.114017
0.212642,0.093684,-0.115323
0.213929,0.095081,-0.116830
0.212090,0.094647,-0.116116
0.209565,0.095253,-0.115730
0.209074,0.095098,-0.117199
0.207109,0.098357,-0.117349
0.204489,0.097680,-0.117959
0.203733,0.099200,-0.119426
0.201657,0.099444,-0.117065
0.201997,0.100595,-0.119012
0.199279,0.100372,-0.120046
0.198221,0.102507,-0.119659
0.195754,0.103678,-0.119426
0.195686,0.102440,-0.121289
0.192645,0.102858,-0.119311
0.191693,0.103935,-0.122424
0.188362,0.108319,-0.122401
0.187661,0.104859,-0.121820
0.188083,0.106722,-0.123054
0.185305,0.107698,-0.123269
0.185691,0.108258,-0.124140
0.183138,0.109335,-0.123549
0.180738,0.107301,-0.126768
0.178747,0.109795,-0.126049
0.179054,0.109741,-0.125599
0.175042,0.110412,-0.126281
0.175785,0.111566,-0.126304
0.171768,0.109436,-0.128088
0.172005,0.112140,-0.126621
0.170280,0.114600,-0.129152
0.166952,0.114067,-0.128900
0.165949,0.113280,-0.129772
0.164620,0.115257,-0.129967
0.162005,0.115852,-0.130602
0.160187,0.116361,-0.134508
0.159724,0.115346,-0.132340
0.156457,0.116321,-0.134890
0.155069,0.117542,-0.133601
0.152891,0.118035,-0.133941
0.151185,0.119273,-0.135876
0.149315,0.118900,-0.138055
0.149277,0.119681,-0.134557
0.145654,0.118218,-0.136294
0.144444,0.121142,-0.138404
0.142470,0.121673,-0.139981
0.142983,0.123817,-0.138987
0.139909,0.122391,-0.139955
0.139532,0.123506,-0.139127
0.138325,0.124259,-0.139521
0.135197,0.123227,-0.138708
0.134248,0.124334,-0.142080
0.132140,0.127897,-0.140986
0.131526,0.127982,-0.140008
0.130854,0.126709,-0.142091
0.129459,0.131406,-0.141606
0.129335,0.126956,-0.141729
0.125317,0.130932,-0.142223
0.124658,0.130627,-0.141767
0.122367,0.132095,-0.144273
0.121204,0.133066,-0.143001
0.119982,0.131876,-0.144219
0.118153,0.133870,-0.144982
0.116496,0.134448,-0.146461
0.114622,0.135522,-0.145615
0.110889,0.134788,-0.148122
0.109117,0.135153,-0.147898
0.107824,0.136958,-0.148159
0.106758,0.134922,-0.150616
0.104487,0.136970,-0.151375
0.105412,0.136403,-0.150195
0.101181,0.135916,-0.150741
0.096470,0.138399,-0.152608
0.098724,0.139065,-0.153638
0.095356,0.137989,-0.155110
0.091678,0.137541,-0.155982
0.091609,0.138849,-0.158019
0.089287,0.140558,-0.156585
0.086694,0.139350,-0.158435
0.083943,0.137348,-0.157564
0.080274,0.139346,-0.161014
0.077657,0.139857,-0.161952
0.075283,0.138827,-0.163990
0.076942,0.140833,-0.163999
0.074523,0.139751,-0.164764
0.069341,0.138308,-0.169219
0.066229,0.141112,-0.167943
0.064922,0.138608,-0.170222
0.061079,0.139565,-0.174278
0.060308,0.139397,-0.173546
0.057238,0.137672,-0.176782
0.052497,0.137293,-0.179989
0.048432,0.134809,-0.178469
0.043813,0.134049,-0.182548
0.042686,0.132464,-0.185810
0.037559,0.133540,-0.185414
0.033579,0.132812,-0.190292
0.228558,-0.051550,-0.182193
0.234470,-0.043978,-0.174471
0.236367,-0.038525,-0.170503
0.239471,-0.035988,-0.168632
0.241063,-0.031520,-0.166605
0.242389,-0.027847,-0.163268
0.243332,-0.024023,-0.160324
0.241728,-0.022077,-0.158912
0.242832,-0.020350,-0.157104
0.242001,-0.015885,-0.154708
0.244744,-0.015322,-0.154847
0.244929,-0.010981,-0.153749
0.243625,-0.010405,-0.152402
0.243961,-0.007694,-0.149657
0.246117,-0.003970,-0.148875
0.243167,-0.001500,-0.147159
0.244717,-0.000648,-0.148099
0.243507,0.004133,-0.146822
0.244293,0.003542,-0.144344
0.244328,0.008174,-0.143353
0.245347,0.007931,-0.142871
0.244631,0.010474,-0.142388
0.244782,0.012265,-0.141466
0.244078,0.014019,-0.139147
0.244269,0.019597,-0.137872
0.244572,0.021719,-0.135681
0.248879,0.023631,-0.132803
0.249139,0.030022,-0.127568
0.251688,0.035557,-0.122475
0.251954,0.037913,-0.124640
0.255340,0.040427,-0.119389
0.254056,0.042786,-0.118148
0.253968,0.044179,-0.119415
0.252070,0.046182,-0.115382
0.251941,0.047127,-0.119431
0.252364,0.051314,-0.116072
0.251097,0.050741,-0.116350
0.250171,0.053772,-0.116121
0.249986,0.053988,-0.114106
0.249779,0.056102,-0.115241
0.247863,0.055224,-0.113182
0.247849,0.059350,-0.113111
0.246900,0.061924,-0.113434
0.247180,0.062441,-0.112642
0.246251,0.062429,-0.114488
0.244222,0.064276,-0.114391
0.245583,0.065613,-0.113141
0.244645,0.066234,-0.111902
0.242258,0.067878,-0.111667
0.240948,0.070310,-0.112217
0.238989,0.070228,-0.111112
0.237108,0.069338,-0.111478
0.238381,0.072877,-0.110583
0.238335,0.074072,-0.112053
0.236210,0.075683,-0.112014
0.236614,0.076278,-0.110997
0.234670,0.077383,-0.110635
0.233280,0.078927,-0.110116
0.232481,0.080230,-0.111813
0.231148,0.080589,-0.111760
0.229778,0.082310,-0.112260
0.230050,0.082902,-0.111342
0.228445,0.085464,-0.110499
0.227580,0.084377,-0.112124
0.226775,0.085163,-0.110865
0.225153,0.086514,-0.112351
0.226005,0.088979,-0.109845
0.223760,0.087928,-0.111861
0.220100,0.088555,-0.111402
0.219341,0.090933,-0.113233
0.218173,0.091046,-0.114431
0.216197,0.091575,-0.113935
0.212945,0.092581,-0.113876
0.212044,0.093522,-0.113053
0.211733,0.093924,-0.112426
0.210260,0.093744,-0.116450
0.207520,0.093724,-0.117106
0.208615,0.095209,-0.116110
0.208272,0.098486,-0.115839
0.204856,0.098754,-0.116505
0.203304,0.097974,-0.118181
0.200324,0.097436,-0.115739
0.199224,0.098868,-0.115679
0.197839,0.101358,-0.118314
0.197511,0.101338,-0.116960
0.195407,0.102377,-0.119659
0.195844,0.101755,-0.119406
0.191827,0.102326,-0.119938
0.190924,0.103577,-0.120016
0.188901,0.104421,-0.119879
0.187934,0.104210,-0.122317
0.185165,0.105513,-0.121941
0.185160,0.106210,-0.123179
0.184146,0.106243,-0.121931
0.182330,0.106792,-0.124370
0.179670,0.108658,-0.125485
0.177384,0.109308,-0.124806
0.175399,0.109240,-0.124879
0.175501,0.111250,-0.128024
0.173486,0.109915,-0.124943
0.170826,0.111175,-0.127376
0.168263,0.111499,-0.126189
0.167455,0.111094,-0.128340
0.167677,0.111230,-0.128350
0.165109,0.114086,-0.130467
0.163780,0.113679,-0.130674
0.161987,0.112490,-0.131853
0.159528,0.112801,-0.131842
0.158341,0.113693,-0.133177
0.155240,0.115629,-0.131071
0.152652,0.115514,-0.133974
0.151280,0.116207,-0.133923
0.150442,0.116895,-0.134684
0.149972,0.115556,-0.137595
0.145394,0.117969,-0.135513
0.144350,0.118164,-0.134911
0.144753,0.119232,-0.137969
0.142949,0.119771,-0.138136
0.141878,0.122255,-0.140111
0.141428,0.120001,-0.139112
0.138992,0.124155,-0.137764
0.136270,0.122610,-0.138486
0.134793,0.124669,-0.139546
0.131776,0.125104,-0.140657
0.133243,0.125078,-0.138575
0.131759,0.127651,-0.138226
0.129451,0.125959,-0.139585
0.127849,0.127676,-0.141766
0.127386,0.127709,-0.140649
0.125809,0.129643,-0.141321
0.125110,0.130984,-0.143516
0.122288,0.127142,-0.143575
0.119245,0.131313,-0.144067
0.118128,0.131823,-0.141432
0.117293,0.132876,-0.143754
0.114610,0.132371,-0.145386
0.112628,0.133997,-0.144626
0.110354,0.134999,-0.146044
0.108506,0.134391,-0.147996
0.108640,0.135794,-0.148125
0.106634,0.134342,-0.145875
0.103613,0.136971,-0.150308
0.101413,0.136897,-0.150937
0.099654,0.136534,-0.153274
0.096558,0.135534,-0.153792
0.096633,0.137307,-0.152333
0.093106,0.137072,-0.153810
0.090939,0.137025,-0.155412
0.090002,0.137577,-0.154253
0.086182,0.138795,-0.155774
0.085025,0.138628,-0.159436
0.084280,0.137591,-0.157388
0.082379,0.138840,-0.160626
0.079278,0.138320,-0.161348
0.077634,0.139392,-0.161460
0.072372,0.139045,-0.164797
0.071278,0.139652,-0.166406
0.067757,0.140011,-0.166372
0.067896,0.138711,-0.165424
0.063718,0.137050,-0.170805
0.060998,0.137158,-0.169052
0.058397,0.136161,-0.175461
0.055046,0.135861,-0.174969
0.050949,0.136036,-0.176847
0.048659,0.135138,-0.178325
0.044405,0.133429,-0.181356
0.040442,0.133245,-0.183288
0.036492,0.132018,-0.186077
0.030645,0.130227,-0.192263
0.229977,-0.049132,-0.178060
0.235855,-0.043841,-0.173712
0.237258,-0.039571,-0.169727
0.239099,-0.034878,-0.166047
0.239053,-0.031575,-0.163775
0.239791,-0.028554,-0.162304
0.242157,-0.025665,-0.160492
0.241906,-0.023203,-0.157537
0.239997,-0.020331,-0.157774
0.242330,-0.017553,-0.153045
0.243776,-0.014172,-0.153039
0.243817,-0.010777,-0.149995
0.245784,-0.011191,-0.149687
0.243854,-0.008465,-0.146095
0.243085,-0.003944,-0.148302
0.244893,-0.002710,-0.146242
0.242100,-0.002735,-0.144029
0.242497,0.001311,-0.143620
0.243456,0.003573,-0.144900
0.244531,0.004975,-0.143935
0.243238,0.007973,-0.141424
0.243224,0.012208,-0.140089
0.242363,0.012344,-0.137740
0.242685,0.013750,-0.136111
0.243197,0.016413,-0.136077
0.242774,0.019568,-0.132950
0.245926,0.025545,-0.131132
0.247782,0.028771,-0.128119
0.251426,0.033913,-0.123386
0.250389,0.036256,-0.121033
0.251102,0.039252,-0.119257
0.250611,0.043068,-0.120326
0.251618,0.044329,-0.117448
0.252586,0.044213,-0.117638
0.250799,0.046688,-0.116631
0.252555,0.049637,-0.115256
0.252385,0.049453,-0.114541
0.252034,0.051599,-0.113948
0.250471,0.054327,-0.111776
0.248749,0.054320,-0.114269
0.248260,0.056012,-0.112288
0.246630,0.059010,-0.110440
0.247084,0.059354,-0.110827
0.245737,0.060084,-0.111612
0.242812,0.060025,-0.112702
0.243740,0.062670,-0.113804
0.242940,0.066187,-0.111798
0.241694,0.066627,-0.112463
0.242022,0.066955,-0.111980
0.238613,0.067437,-0.111249
0.236553,0.069236,-0.111776
0.238377,0.070082,-0.112355
0.236656,0.071729,-0.108700
0.237890,0.073998,-0.109890
0.235197,0.072948,-0.111149
0.234824,0.076845,-0.110361
0.235669,0.076956,-0.110001
0.231804,0.078159,-0.109838
0.231772,0.078679,-0.109037
0.231973,0.080400,-0.110912
0.229833,0.080463,-0.111521
0.227877,0.082607,-0.109141
0.229202,0.081928,-0.109472
0.226373,0.083414,-0.110575
0.225273,0.084388,-0.108943
0.224545,0.084935,-0.109367
0.221440,0.087717,-0.110885
0.219527,0.087992,-0.112075
0.220817,0.088275,-0.111720
0.216263,0.090873,-0.110681
0.215290,0.089152,-0.111630
0.213623,0.090287,-0.113331
0.211888,0.092887,-0.113198
0.211376,0.091590,-0.113001
0.210402,0.093348,-0.114736
0.208688,0.093901,-0.114847
0.208730,0.092630,-0.113386
0.207894,0.093537,-0.115471
0.204035,0.094843,-0.114096
0.203522,0.096265,-0.116405
0.200242,0.097456,-0.114454
0.203426,0.098234,-0.115947
0.196719,0.097885,-0.117829
0.196395,0.099166,-0.118037
0.195890,0.101634,-0.117514
0.194481,0.098570,-0.118772
0.192758,0.102100,-0.119094
0.190737,0.100240,-0.119174
0.187409,0.103424,-0.120289
0.188404,0.103207,-0.119291
0.186768,0.104580,-0.120765
0.184328,0.104501,-0.121186
0.184210,0.106626,-0.121308
0.182673,0.104751,-0.122120
0.182228,0.104547,-0.122927
0.179701,0.107816,-0.122875
0.177482,0.107163,-0.123979
0.175648,0.108400,-0.124541
0.174581,0.109669,-0.124780
0.171525,0.109553,-0.125262
0.171882,0.109249,-0.126240
0.167604,0.108223,-0.125848
0.166824,0.110988,-0.127765
0.164659,0.110938,-0.128964
0.162933,0.112486,-0.128582
0.162783,0.113531,-0.129176
0.159304,0.111420,-0.131642
0.157682,0.111725,-0.132332
0.156227,0.112640,-0.132318
0.152927,0.113675,-0.131521
0.152455,0.113484,-0.134663
0.150000,0.113661,-0.134124
0.149226,0.115279,-0.134636
0.147740,0.115572,-0.135541
0.144679,0.115057,-0.135035
0.144496,0.115328,-0.134266
0.142421,0.117293,-0.136783
0.139355,0.117755,-0.136039
0.138813,0.119758,-0.135383
0.137202,0.118904,-0.139194
0.136549,0.121667,-0.137668
0.133189,0.123003,-0.138678
0.132836,0.123089,-0.136033
0.131090,0.123221,-0.139934
0.131592,0.125653,-0.137872
0.129756,0.123362,-0.139167
0.127215,0.126471,-0.140013
0.127269,0.126727,-0.138956
0.124526,0.127587,-0.139426
0.124224,0.127944,-0.142132
0.125075,0.127225,-0.143142
0.120367,0.131817,-0.141002
0.119572,0.129359,-0.144785
0.116351,0.130425,-0.140766
0.115358,0.131906,-0.144176
0.112990,0.133750,-0.142361
0.110783,0.134849,-0.143128
0.108867,0.131603,-0.144246
0.107195,0.132766,-0.146107
0.106720,0.134768,-0.146640
0.103710,0.133050,-0.148215
0.101484,0.132474,-0.147623
0.101868,0.135713,-0.149241
0.099617,0.135537,-0.149786
0.097062,0.134640,-0.151600
0.092556,0.136720,-0.150660
0.092673,0.135164,-0.152696
0.091850,0.135599,-0.155366
0.086469,0.137853,-0.156421
0.085159,0.137423,-0.156083
0.082890,0.137869,-0.157583
0.082533,0.138091,-0.156285
0.079926,0.138912,-0.158958
0.079075,0.136803,-0.160701
0.075520,0.136989,-0.162311
0.071981,0.137529,-0.162802
0.069586,0.137547,-0.162963
0.066486,0.137699,-0.164998
0.065092,0.136677,-0.166919
0.062404,0.137490,-0.169294
0.057862,0.137716,-0.170010
0.055826,0.136278,-0.169242
0.055030,0.135912,-0.173831
0.051113,0.135372,-0.176519
0.047147,0.132629,-0.178266
0.043879,0.133241,-0.179271
0.039857,0.132336,-0.182678
0.035306,0.129850,-0.186965
0.028413,0.124374,-0.193230
0.225233,-0.058062,-0.181704
0.230136,-0.048933,-0.173488
0.235524,-0.041687,-0.172423
0.236275,-0.038531,-0.167538
0.236980,-0.034675,-0.164412
0.238783,-0.031681,-0.161394
0.239419,-0.029526,-0.159420
0.240112,-0.027592,-0.157015
0.241414,-0.023621,-0.156399
0.242002,-0.019911,-0.155252
0.242564,-0.017813,-0.153877
0.240781,-0.015733,-0.151831
0.242004,-0.011358,-0.150227
0.242533,-0.011455,-0.148505
0.242087,-0.007332,-0.149464
0.241625,-0.003635,-0.146622
0.240842,-0.002719,-0.145985
0.242365,-0.003665,-0.144848
0.242181,-0.000749,-0.144118
0.243275,0.003306,-0.142460
0.243102,0.003911,-0.139666
0.241372,0.006837,-0.140560
0.242160,0.006669,-0.140165
0.243091,0.010884,-0.138886
0.243013,0.013485,-0.138275
0.242291,0.014703,-0.135709
0.243301,0.015822,-0.135441
0.243977,0.022905,-0.132148
0.245652,0.026183,-0.129060
0.248054,0.029334,-0.124205
0.250670,0.032840,-0.120690
0.250514,0.038670,-0.118380
0.251375,0.041375,-0.117664
0.253582,0.041614,-0.114749
0.248910,0.045011,-0.115026
0.250180,0.048179,-0.116284
0.250345,0.045830,-0.115755
0.249902,0.049021,-0.111662
0.251187,0.050830,-0.112320
0.247484,0.051644,-0.112750
0.247687,0.052430,-0.113258
0.247183,0.055040,-0.111244
0.245551,0.056970,-0.111696
0.245750,0.057279,-0.112160
0.245151,0.060370,-0.111285
0.244548,0.061026,-0.109425
0.243123,0.061341,-0.113721
0.242601,0.062358,-0.111686
0.241103,0.064527,-0.109996
0.239869,0.065959,-0.112624
0.239855,0.069168,-0.109161
0.238555,0.067347,-0.109542
0.237763,0.070664,-0.109407
0.235785,0.071410,-0.111365
0.234126,0.070653,-0.110586
0.236266,0.072370,-0.109090
0.232441,0.074685,-0.109885
0.232003,0.075360,-0.107572
0.230887,0.077259,-0.109245
0.229807,0.077934,-0.107379
0.231884,0.078672,-0.109908
0.227629,0.081638,-0.108881
0.226500,0.080811,-0.108454
0.224063,0.081578,-0.110193
0.225130,0.082511,-0.107648
0.223753,0.083452,-0.110135
0.221831,0.085772,-0.111316
0.221505,0.085693,-0.108704
0.219771,0.086613,-0.111736
0.218308,0.087115,-0.110394
0.217520,0.086945,-0.109627
0.217188,0.090239,-0.112573
0.213351,0.089847,-0.109761
0.213308,0.089594,-0.111954
0.210049,0.089754,-0.112159
0.208425,0.091301,-0.113661
0.207755,0.091769,-0.113609
0.206860,0.092441,-0.114418
0.203452,0.093212,-0.115418
0.204183,0.093012,-0.114256
0.203042,0.093792,-0.114699
0.200972,0.096289,-0.114430
0.200504,0.094223,-0.114512
0.198058,0.095873,-0.115713
0.196369,0.098856,-0.116635
0.195016,0.101119,-0.115763
0.194102,0.098902,-0.116637
0.191186,0.100465,-0.117095
0.190008,0.099490,-0.119626
0.187366,0.101776,-0.118734
0.187840,0.102963,-0.119351
0.185644,0.103397,-0.119758
0.182070,0.103426,-0.119421
0.181472,0.105431,-0.121108
0.180232,0.105678,-0.120978
0.179556,0.105064,-0.122067
0.176752,0.106155,-0.121502
0.176282,0.106936,-0.122727
0.174361,0.108330,-0.123679
0.173335,0.107669,-0.123212
0.170720,0.106980,-0.124085
0.169440,0.108225,-0.124721
0.168026,0.109568,-0.125482
0.164539,0.109928,-0.125938
0.164789,0.111324,-0.126414
0.161583,0.110163,-0.129048
0.160342,0.109373,-0.129509
0.155320,0.110336,-0.131937
0.156128,0.109650,-0.131799
0.155660,0.112464,-0.132697
0.150736,0.111994,-0.131032
0.150395,0.112695,-0.130868
0.149233,0.112910,-0.133415
0.147915,0.113061,-0.132497
0.145206,0.114251,-0.133565
0.144410,0.114847,-0.135044
0.142559,0.115876,-0.136116
0.140084,0.116250,-0.133288
0.138250,0.117359,-0.135609
0.136777,0.118886,-0.137028
0.136958,0.118563,-0.138004
0.133857,0.118543,-0.137366
0.132827,0.120411,-0.138610
0.133306,0.119867,-0.137885
0.131654,0.123321,-0.138504
0.129711,0.122247,-0.139662
0.129506,0.124430,-0.136844
0.127669,0.125817,-0.139163
0.123528,0.126159,-0.139471
0.123826,0.125995,-0.141099
0.121547,0.124564,-0.140280
0.119239,0.126568,-0.139584
0.118914,0.128099,-0.138738
0.117810,0.128430,-0.142434
0.116407,0.132230,-0.142416
0.113919,0.131880,-0.140837
0.113683,0.131680,-0.141482
0.111495,0.130115,-0.144381
0.109363,0.131009,-0.143417
0.109051,0.132229,-0.144276
0.104874,0.132988,-0.146092
0.104130,0.134440,-0.144733
0.098854,0.133815,-0.146591
0.099613,0.134054,-0.147733
0.097093,0.135168,-0.150307
0.094146,0.135408,-0.149055
0.094601,0.135485,-0.149155
0.091785,0.135279,-0.151916
0.090910,0.133945,-0.152029
0.087169,0.136276,-0.154035
0.085072,0.135181,-0.153882
0.081762,0.137170,-0.155432
0.082564,0.135873,-0.155960
0.079873,0.136828,-0.157140
0.075941,0.136575,-0.157153
0.074560,0.134827,-0.160438
0.072127,0.136114,-0.160241
0.068833,0.137266,-0.163804
0.067569,0.136863,-0.163658
0.065935,0.134732,-0.166208
0.062095,0.136363,-0.166692
0.058860,0.135421,-0.169526
0.055972,0.135637,-0.171305
0.052867,0.134696,-0.172009
0.049212,0.134741,-0.171853
0.046456,0.133017,-0.178082
0.042155,0.132812,-0.180031
0.038701,0.131878,-0.182006
0.033139,0.128330,-0.185537
0.228057,-0.055069,-0.178559
0.231188,-0.047973,-0.170293
0.232138,-0.042042,-0.170276
0.235963,-0.040710,-0.166239
0.235957,-0.036153,-0.163754
0.238344,-0.033146,-0.162162
0.238900,-0.028792,-0.158321
0.240453,-0.026113,-0.156086
0.241789,-0.023471,-0.156057
0.241860,-0.018807,-0.153014
0.240915,-0.018331,-0.153793
0.238791,-0.015138,-0.149804
0.243219,-0.013909,-0.147367
0.241871,-0.011098,-0.146526
0.241559,-0.009747,-0.145708
0.240988,-0.007654,-0.145873
0.241868,-0.005385,-0.145261
0.241511,-0.004241,-0.141038
0.242170,-0.001486,-0.145055
0.240042,0.001349,-0.140361
0.242684,0.004756,-0.140946
0.242383,0.006637,-0.139962
0.239728,0.007442,-0.137432
0.239260,0.009300,-0.138080
0.241085,0.010924,-0.135101
0.239277,0.015526,-0.134901
0.241024,0.016788,-0.133348
0.242658,0.019237,-0.129421
0.244580,0.023950,-0.129686
0.246146,0.028623,-0.124619
0.246819,0.033404,-0.120051
0.249855,0.035357,-0.119888
0.248215,0.037684,-0.118363
0.248904,0.039404,-0.116811
0.249935,0.044312,-0.114889
0.250502,0.043466,-0.115103
0.249747,0.044518,-0.113671
0.248693,0.047923,-0.115020
0.246284,0.048595,-0.114220
0.246396,0.050912,-0.111592
0.245901,0.051662,-0.112000
0.245222,0.053158,-0.110852
0.245522,0.055242,-0.110524
0.245404,0.055474,-0.109831
0.242317,0.059050,-0.112583
0.241632,0.060085,-0.107845
0.240662,0.061811,-0.109633
0.242152,0.061220,-0.110095
0.240741,0.064455,-0.109267
0.238923,0.065517,-0.108927
0.238129,0.065695,-0.107804
0.236592,0.066827,-0.107932
0.235746,0.066854,-0.107957
0.234371,0.070073,-0.109277
0.233610,0.071545,-0.109793
0.233199,0.072415,-0.106704
0.232856,0.072741,-0.107607
0.232929,0.073685,-0.107225
0.233026,0.074071,-0.108274
0.230604,0.076481,-0.106992
0.227328,0.076856,-0.107671
0.227129,0.079004,-0.105957
0.224372,0.079401,-0.107409
0.225938,0.079004,-0.107503
0.224279,0.080661,-0.108037
0.222128,0.081213,-0.107873
0.220535,0.084696,-0.108827
0.219525,0.084447,-0.108236
0.217540,0.085436,-0.109665
0.218159,0.087067,-0.109952
0.215928,0.086906,-0.110094
0.213302,0.087754,-0.110903
0.213902,0.087506,-0.110039
0.210780,0.088268,-0.111302
0.208320,0.088968,-0.111107
0.208635,0.090970,-0.111225
0.206326,0.092358,-0.111448
0.205470,0.093129,-0.112490
0.204168,0.093503,-0.111452
0.201218,0.094061,-0.112613
0.201805,0.095220,-0.112195
0.200836,0.094834,-0.112156
0.197813,0.097275,-0.113796
0.195631,0.095123,-0.112866
0.196238,0.097351,-0.114475
0.192638,0.096629,-0.116286
0.191739,0.097763,-0.118793
0.190794,0.097205,-0.115769
0.187386,0.098172,-0.116964
0.186888,0.100922,-0.117771
0.186541,0.101858,-0.119246
0.181134,0.101916,-0.118649
0.183286,0.101871,-0.119879
0.180695,0.103110,-0.118450
0.180396,0.103880,-0.120318
0.176959,0.104805,-0.121993
0.177137,0.105284,-0.121475
0.174287,0.105104,-0.120325
0.172902,0.104777,-0.121000
0.169200,0.104603,-0.123622
0.168369,0.106760,-0.122561
0.166931,0.105641,-0.126511
0.164850,0.106467,-0.126134
0.162690,0.109448,-0.126546
0.161604,0.107696,-0.127291
0.160277,0.108265,-0.128494
0.155967,0.106641,-0.130855
0.154322,0.108385,-0.130640
0.153486,0.107586,-0.131533
0.151815,0.109515,-0.133455
0.150834,0.109558,-0.131426
0.148511,0.111952,-0.131715
0.146594,0.111053,-0.132706
0.144116,0.111589,-0.134300
0.145129,0.111306,-0.133328
0.141602,0.112994,-0.132391
0.140032,0.113806,-0.134971
0.140929,0.115411,-0.134463
0.137811,0.114952,-0.134130
0.138893,0.117195,-0.135534
0.134740,0.116152,-0.135367
0.135416,0.117232,-0.137337
0.131381,0.119755,-0.135359
0.131895,0.119147,-0.136059
0.129826,0.121023,-0.138065
0.127212,0.121719,-0.138041
0.126255,0.124026,-0.139668
0.125313,0.123580,-0.136389
0.124951,0.123637,-0.136409
0.123750,0.125790,-0.139386
0.121043,0.124685,-0.139437
0.118927,0.125507,-0.139312
0.119479,0.126341,-0.138632
0.115028,0.127290,-0.141215
0.113589,0.128733,-0.139375
0.113078,0.128144,-0.142526
0.113669,0.130647,-0.141801
0.108920,0.130577,-0.142134
0.108384,0.132029,-0.142692
0.107134,0.130823,-0.144956
0.104473,0.129748,-0.143535
0.103792,0.129016,-0.145914
0.100820,0.132465,-0.145635
0.098807,0.132023,-0.148035
0.097114,0.130645,-0.149070
0.095817,0.133756,-0.148876
0.093232,0.134308,-0.149838
0.091415,0.134203,-0.150216
0.089693,0.134648,-0.150140
0.086116,0.137231,-0.151783
0.084363,0.133985,-0.152777
0.082946,0.133114,-0.153933
0.079493,0.135409,-0.156760
0.077371,0.135388,-0.157760
0.075555,0.135922,-0.157977
0.072828,0.135445,-0.160030
0.069257,0.136357,-0.160488
0.068643,0.135834,-0.160477
0.066961,0.136337,-0.161895
0.064047,0.134632,-0.162127
0.060924,0.133743,-0.168293
0.055856,0.134039,-0.167535
0.052092,0.133744,-0.170759
0.052801,0.132902,-0.170693
0.049079,0.134114,-0.174011
0.045052,0.131573,-0.176457
0.040384,0.129526,-0.178117
0.038196,0.131675,-0.180512
0.030111,0.127385,-0.186014
0.228323,-0.053734,-0.174431
0.233465,-0.048455,-0.169685
0.234675,-0.044924,-0.168476
0.235726,-0.039021,-0.164608
0.236943,-0.035576,-0.160213
0.238640,-0.031567,-0.157822
0.236246,-0.030404,-0.158933
0.239118,-0.023566,-0.154970
0.239823,-0.023553,-0.153927
0.238907,-0.021048,-0.148768
0.241400,-0.018476,-0.149917
0.241172,-0.014970,-0.149001
0.240670,-0.015186,-0.148303
0.241595,-0.012822,-0.146211
0.239707,-0.009250,-0.144017
0.239957,-0.008465,-0.142268
0.240738,-0.004420,-0.143439
0.239807,-0.005226,-0.143346
0.241490,-0.002440,-0.140417
0.239584,-0.001040,-0.141909
0.237527,0.001487,-0.138502
0.241202,0.003131,-0.139372
0.239711,0.006179,-0.137800
0.237855,0.007494,-0.137004
0.239520,0.009722,-0.135593
0.238354,0.009769,-0.134547
0.237538,0.015384,-0.135711
0.239330,0.016350,-0.129369
0.240365,0.022766,-0.127669
0.243576,0.025023,-0.124231
0.247815,0.032256,-0.119863
0.247023,0.035673,-0.119243
0.246415,0.036540,-0.116376
0.248353,0.037319,-0.113395
0.247714,0.042356,-0.113631
0.248923,0.044009,-0.114355
0.246915,0.046009,-0.112328
0.243722,0.044487,-0.111135
0.247765,0.047551,-0.112050
0.246226,0.050419,-0.108499
0.245417,0.051356,-0.109917
0.244295,0.053484,-0.109576
0.244772,0.054803,-0.108139
0.242918,0.056784,-0.108973
0.243104,0.057099,-0.107197
0.241599,0.059018,-0.108484
0.241021,0.058878,-0.107440
0.238997,0.062790,-0.108687
0.239324,0.062833,-0.108309
0.238952,0.061306,-0.107367
0.236597,0.065648,-0.108230
0.235880,0.064595,-0.106684
0.234661,0.068080,-0.107558
0.234074,0.068836,-0.108079
0.233101,0.069625,-0.106575
0.233085,0.071305,-0.108693
0.229943,0.072379,-0.107625
0.231741,0.073370,-0.106548
0.229098,0.074135,-0.106189
0.228678,0.074511,-0.106536
0.226307,0.076508,-0.107615
0.225973,0.077479,-0.107048
0.225501,0.076499,-0.107215
0.224500,0.078622,-0.106874
0.221570,0.081133,-0.107244
0.221447,0.081472,-0.105452
0.219443,0.081657,-0.106967
0.218215,0.082824,-0.107749
0.217624,0.083588,-0.108203
0.214421,0.086219,-0.107759
0.213469,0.086378,-0.110022
0.213296,0.086506,-0.110999
0.211693,0.085969,-0.107666
0.211158,0.087880,-0.109986
0.210093,0.088415,-0.108579
0.206705,0.088568,-0.111478
0.205470,0.089320,-0.110497
0.205158,0.089962,-0.111214
0.203366,0.090765,-0.112525
0.201870,0.093077,-0.110876
0.199950,0.093640,-0.112001
0.196504,0.093753,-0.112610
0.195801,0.093995,-0.114197
0.196243,0.093995,-0.112750
0.194060,0.095294,-0.113104
0.193966,0.095546,-0.113966
0.191820,0.096831,-0.114307
0.189390,0.096685,-0.115943
0.188306,0.101018,-0.115784
0.188233,0.099163,-0.116710
0.186261,0.100705,-0.116966
0.181582,0.099422,-0.115898
0.182626,0.101349,-0.116921
0.180126,0.102151,-0.119137
0.178041,0.101985,-0.118753
0.176515,0.102818,-0.118856
0.174546,0.103750,-0.120900
0.172372,0.104592,-0.120199
0.171091,0.104658,-0.122722
0.170143,0.103934,-0.121589
0.168587,0.103960,-0.123720
0.164665,0.104959,-0.123669
0.163287,0.105850,-0.124756
0.161991,0.105312,-0.125581
0.161537,0.105986,-0.127260
0.158428,0.106654,-0.126988
0.155629,0.105902,-0.128782
0.154719,0.107282,-0.129641
0.153004,0.105622,-0.129902
0.151026,0.108162,-0.129889
0.148930,0.110833,-0.130396
0.146251,0.109269,-0.129533
0.147236,0.110661,-0.132214
0.141982,0.110737,-0.132569
0.143464,0.111410,-0.132336
0.139779,0.113150,-0.134315
0.138193,0.112046,-0.134675
0.137625,0.114944,-0.135497
0.137262,0.113481,-0.133658
0.135820,0.115251,-0.135385
0.135232,0.116289,-0.136192
0.132808,0.115608,-0.134700
0.131421,0.116344,-0.135967
0.129130,0.118892,-0.135031
0.127648,0.118869,-0.135837
0.128051,0.121060,-0.136268
0.122987,0.120236,-0.136273
0.125250,0.121601,-0.137068
0.122315,0.121809,-0.136380
0.120752,0.123152,-0.137522
0.120488,0.124347,-0.138477
0.114910,0.123810,-0.137762
0.116549,0.124847,-0.139836
0.113603,0.126041,-0.140411
0.113152,0.126212,-0.139531
0.111067,0.127240,-0.138569
0.110218,0.129042,-0.140505
0.109188,0.129082,-0.141914
0.106298,0.129104,-0.143845
0.105258,0.130444,-0.142888
0.101348,0.130886,-0.145268
0.101836,0.131194,-0.143402
0.098704,0.130279,-0.145445
0.096612,0.132747,-0.146224
0.097153,0.131444,-0.149066
0.093911,0.132079,-0.149671
0.091461,0.133977,-0.147932
0.090260,0.134151,-0.150586
0.086634,0.134047,-0.148804
0.084901,0.133532,-0.150711
0.084045,0.134592,-0.153205
0.081509,0.135428,-0.154523
0.078841,0.134429,-0.153958
0.077378,0.135471,-0.156145
0.074877,0.135900,-0.155909
0.071592,0.133152,-0.159731
0.069367,0.136787,-0.159275
0.067077,0.134661,-0.159687
0.063525,0.134708,-0.162259
0.062962,0.133073,-0.164779
0.057662,0.134167,-0.163776
0.056524,0.132476,-0.165427
0.052599,0.133980,-0.169289
0.051263,0.133159,-0.170761
0.047567,0.130951,-0.171989
0.044214,0.129353,-0.174891
0.039555,0.130478,-0.176823
0.036663,0.126616,-0.181282
0.027864,0.124303,-0.186939
0.221979,-0.060268,-0.176803
0.229653,-0.053153,-0.172467
0.231575,-0.049856,-0.168058
0.234580,-0.044371,-0.163790
0.236575,-0.038744,-0.160872
0.235836,-0.036899,-0.159340
0.235465,-0.034056,-0.157233
0.238467,-0.032282,-0.156526
0.237283,-0.026533,-0.153531
0.237745,-0.025303,-0.149815
0.238476,-0.022028,-0.149806
0.239138,-0.021194,-0.151228
0.240105,-0.018088,-0.146882
0.241991,-0.013930,-0.147954
0.237793,-0.012323,-0.144917
0.239544,-0.011697,-0.144042
0.238105,-0.008934,-0.143981
0.240021,-0.007487,-0.141493
0.240125,-0.004648,-0.141789
0.238886,-0.003764,-0.139157
0.239720,-0.002523,-0.140010
0.237504,0.001732,-0.139281
0.238749,0.001879,-0.136933
0.239997,0.005510,-0.136428
0.237845,0.006650,-0.134986
0.237953,0.010191,-0.136781
0.237436,0.011516,-0.134075
0.237105,0.013265,-0.132259
0.237916,0.017407,-0.131240
0.239496,0.020716,-0.127935
0.243612,0.022661,-0.124408
0.244795,0.028277,-0.120632
0.247016,0.034781,-0.118415
0.247210,0.035057,-0.116761
0.247403,0.039328,-0.115146
0.247619,0.041116,-0.114522
0.247674,0.043731,-0.113340
0.248766,0.043227,-0.110727
0.246730,0.046931,-0.111137
0.246331,0.048709,-0.110363
0.244201,0.048920,-0.110189
0.245147,0.049632,-0.110407
0.244843,0.050320,-0.108200
0.242008,0.052913,-0.109634
0.242726,0.055106,-0.107315
0.239634,0.055550,-0.108021
0.240433,0.057022,-0.106298
0.238576,0.058444,-0.105921
0.239815,0.061133,-0.107736
0.237227,0.062158,-0.106959
0.236211,0.062446,-0.106075
0.236130,0.065221,-0.108008
0.236540,0.064714,-0.106244
0.234200,0.066082,-0.107613
0.231651,0.066039,-0.106946
0.231525,0.067319,-0.105620
0.230639,0.068883,-0.105578
0.228985,0.070195,-0.106322
0.229899,0.072933,-0.107723
0.228202,0.073224,-0.105865
0.227790,0.073742,-0.105360
0.226543,0.075392,-0.106353
0.225659,0.076036,-0.105917
0.225075,0.075669,-0.106003
0.222534,0.078362,-0.106070
0.223526,0.078041,-0.105728
0.220338,0.080857,-0.106873
0.218299,0.082976,-0.107054
0.217585,0.081856,-0.106585
0.216628,0.082086,-0.107335
0.215793,0.083201,-0.107630
0.211405,0.087136,-0.109856
0.211862,0.084262,-0.107769
0.210678,0.086611,-0.107856
0.208113,0.087508,-0.108990
0.207545,0.089497,-0.110233
0.205575,0.087636,-0.110481
0.204929,0.088519,-0.109108
0.203140,0.088491,-0.109521
0.202662,0.089476,-0.111046
0.199583,0.090702,-0.111334
0.197317,0.091902,-0.114009
0.196612,0.092275,-0.112897
0.196043,0.091664,-0.112364
0.195139,0.095605,-0.110304
0.192522,0.096290,-0.112594
0.192478,0.095948,-0.113894
0.190514,0.095907,-0.113898
0.188783,0.096732,-0.114979
0.186445,0.097432,-0.112829
0.184689,0.098208,-0.115016
0.184981,0.098595,-0.118177
0.182491,0.096787,-0.115032
0.180339,0.098478,-0.116458
0.178041,0.099093,-0.117019
0.178629,0.102325,-0.118549
0.175233,0.101101,-0.118258
0.175151,0.101749,-0.118565
0.172968,0.103465,-0.119504
0.169519,0.103114,-0.121454
0.167546,0.103769,-0.121413
0.166753,0.104219,-0.122650
0.164214,0.103333,-0.122292
0.162042,0.104011,-0.127287
0.159280,0.105846,-0.126154
0.157363,0.103968,-0.127222
0.156601,0.105873,-0.126046
0.152535,0.105014,-0.128551
0.151694,0.104650,-0.128090
0.151723,0.106330,-0.130303
0.147542,0.106539,-0.129733
0.147711,0.106587,-0.129967
0.143893,0.108424,-0.130718
0.143417,0.109334,-0.133111
0.142171,0.107435,-0.131948
0.142435,0.109048,-0.131786
0.139227,0.109563,-0.133233
0.138830,0.110097,-0.134211
0.138056,0.110887,-0.133017
0.135837,0.111704,-0.134335
0.134566,0.111653,-0.134032
0.130938,0.114737,-0.133489
0.131190,0.116318,-0.136286
0.129291,0.116374,-0.133758
0.127733,0.117576,-0.135479
0.125825,0.118598,-0.135624
0.126485,0.120037,-0.136283
0.125022,0.119597,-0.136284
0.124899,0.121583,-0.135867
0.120217,0.121962,-0.137105
0.120411,0.122595,-0.136163
0.119004,0.120618,-0.137986
0.115924,0.121228,-0.137431
0.114244,0.123496,-0.138735
0.112779,0.125170,-0.138523
0.113354,0.123935,-0.140443
0.107163,0.126430,-0.141175
0.108140,0.126190,-0.141170
0.107369,0.128190,-0.141071
0.106063,0.128337,-0.141222
0.105399,0.128936,-0.143183
0.102634,0.130399,-0.143140
0.098855,0.129573,-0.144016
0.099982,0.131726,-0.143158
0.094608,0.130784,-0.145596
0.095558,0.131862,-0.144935
0.092378,0.129598,-0.145589
0.088806,0.130903,-0.147766
0.089748,0.130062,-0.148649
0.086472,0.134198,-0.149424
0.083737,0.131976,-0.149863
0.081678,0.133903,-0.152627
0.078833,0.134081,-0.152971
0.077748,0.133666,-0.153027
0.074636,0.134582,-0.153851
0.070498,0.134035,-0.154296
0.072634,0.133046,-0.158299
0.067704,0.131083,-0.157589
0.065357,0.133938,-0.160043
0.062483,0.133818,-0.159266
0.062349,0.132216,-0.162000
0.059916,0.133606,-0.164810
0.054843,0.131289,-0.163911
0.053282,0.132277,-0.166066
0.050632,0.131650,-0.169939
0.047019,0.129462,-0.171269
0.042172,0.129926,-0.172782
0.038683,0.129957,-0.176647
0.035068,0.126206,-0.180196
0.025043,0.118948,-0.188571
0.225991,-0.056384,-0.173981
0.228490,-0.051941,-0.168919
0.232655,-0.049372,-0.167148
0.233520,-0.043553,-0.161512
0.234795,-0.040969,-0.159483
0.236146,-0.038007,-0.158608
0.235084,-0.035478,-0.157399
0.236681,-0.032544,-0.154666
0.237519,-0.029103,-0.152422
0.237609,-0.025999,-0.150710
0.238888,-0.024891,-0.148733
0.238085,-0.021498,-0.147688
0.238967,-0.019860,-0.145690
0.239993,-0.017482,-0.144792
0.237675,-0.015943,-0.145335
0.239138,-0.011660,-0.142862
0.237191,-0.010045,-0.142492
0.237099,-0.007904,-0.140793
0.237869,-0.006339,-0.140405
0.238684,-0.004074,-0.139483
0.237345,-0.001582,-0.137978
0.238635,-0.000720,-0.136567
0.238313,0.001970,-0.137662
0.239379,0.003505,-0.136356
0.237405,0.004397,-0.136422
0.234716,0.008035,-0.132976
0.235170,0.011577,-0.131963
0.233903,0.012780,-0.131598
0.236837,0.014699,-0.131658
0.236984,0.018971,-0.127137
0.237912,0.020558,-0.125445
0.240940,0.026194,-0.121088
0.244813,0.031904,-0.118813
0.245529,0.033640,-0.116114
0.247397,0.037437,-0.112719
0.246213,0.038645,-0.112251
0.247604,0.040240,-0.111432
0.244760,0.041913,-0.108985
0.244886,0.044024,-0.112114
0.244235,0.046236,-0.108273
0.244267,0.049210,-0.108159
0.241200,0.049003,-0.108389
0.241668,0.050569,-0.107066
0.240521,0.054079,-0.108273
0.241391,0.053789,-0.108238
0.240653,0.053700,-0.106704
0.238149,0.054955,-0.106507
0.238716,0.055962,-0.106730
0.237952,0.057332,-0.106892
0.237748,0.059365,-0.107637
0.236996,0.062090,-0.105926
0.234937,0.062073,-0.105311
0.234502,0.064404,-0.105274
0.233232,0.063828,-0.106573
0.231641,0.067162,-0.106337
0.229401,0.069005,-0.105943
0.229950,0.069755,-0.105687
0.228392,0.070587,-0.105652
0.226750,0.070819,-0.104101
0.226102,0.072452,-0.105471
0.224864,0.075000,-0.104496
0.224493,0.076114,-0.105357
0.222167,0.074421,-0.106401
0.223086,0.074539,-0.104632
0.220850,0.075143,-0.105642
0.218698,0.078777,-0.104929
0.219255,0.079282,-0.107635
0.217725,0.077185,-0.106366
0.216039,0.080240,-0.106300
0.213772,0.080672,-0.108834
0.214500,0.083961,-0.106043
0.212645,0.084042,-0.106452
0.211876,0.083088,-0.106476
0.207920,0.082518,-0.108124
0.208637,0.085525,-0.107922
0.207354,0.085533,-0.108906
0.204929,0.087333,-0.107838
0.205440,0.088311,-0.108908
0.201493,0.088001,-0.108622
0.200406,0.089926,-0.108632
0.199529,0.087755,-0.111288
0.197815,0.092009,-0.111947
0.193933,0.089923,-0.110089
0.195607,0.091117,-0.110558
0.191474,0.092627,-0.112386
0.190910,0.094015,-0.112353
0.188682,0.095367,-0.111179
0.189398,0.093653,-0.112578
0.188299,0.095352,-0.113353
0.185787,0.097440,-0.112678
0.184594,0.096481,-0.114397
0.182107,0.097754,-0.114629
0.181124,0.097976,-0.115277
0.177379,0.098920,-0.117124
0.177665,0.099469,-0.115959
0.174293,0.100162,-0.118207
0.174479,0.101600,-0.119950
0.174525,0.101314,-0.120909
0.169802,0.100200,-0.119966
0.168449,0.101645,-0.119906
0.165887,0.102065,-0.121441
0.163141,0.102367,-0.122222
0.162143,0.100772,-0.123911
0.160716,0.103810,-0.124456
0.157599,0.103040,-0.125152
0.155760,0.098749,-0.127200
0.154455,0.102587,-0.127588
0.152233,0.104769,-0.129671
0.149737,0.104004,-0.128264
0.148050,0.102656,-0.131968
0.146864,0.105571,-0.128871
0.145314,0.105184,-0.131146
0.144727,0.106243,-0.131169
0.141582,0.108087,-0.131550
0.140657,0.106330,-0.132155
0.140882,0.108355,-0.131969
0.138490,0.108509,-0.132407
0.137497,0.112171,-0.130634
0.134061,0.109028,-0.134130
0.136693,0.112400,-0.134977
0.131136,0.111482,-0.134956
0.130649,0.113039,-0.134803
0.132016,0.113522,-0.133521
0.128075,0.114550,-0.133167
0.128836,0.113709,-0.133827
0.125663,0.117818,-0.133904
0.124922,0.117405,-0.134019
0.123874,0.119483,-0.134747
0.121427,0.117637,-0.133571
0.118849,0.120070,-0.134331
0.119339,0.122233,-0.134692
0.117286,0.123013,-0.136079
0.114875,0.121811,-0.135539
0.115291,0.124463,-0.136579
0.113963,0.125658,-0.139627
0.112449,0.124072,-0.138005
0.108276,0.124558,-0.139003
0.107609,0.125676,-0.140555
0.104968,0.124769,-0.139706
0.104576,0.127648,-0.140606
0.100079,0.128257,-0.141749
0.102639,0.129373,-0.142682
0.097506,0.128121,-0.142541
0.097522,0.128043,-0.144029
0.094442,0.129355,-0.143599
0.093484,0.129038,-0.145617
0.091153,0.130382,-0.144844
0.088417,0.130560,-0.146037
0.087333,0.131247,-0.145427
0.086226,0.130732,-0.149409
0.083365,0.132275,-0.147368
0.082420,0.132449,-0.149466
0.078392,0.132844,-0.150501
0.076425,0.133486,-0.151568
0.073404,0.130227,-0.154497
0.070703,0.133397,-0.153765
0.070461,0.132936,-0.154240
0.067711,0.131711,-0.156643
0.066472,0.132220,-0.157699
0.063729,0.132491,-0.159428
0.062206,0.132761,-0.160443
0.057014,0.132336,-0.162627
0.055606,0.130342,-0.164143
0.052987,0.131786,-0.164623
0.046257,0.129628,-0.169447
0.044453,0.129028,-0.170507
0.039364,0.129995,-0.173531
0.038153,0.129385,-0.176240
0.030768,0.124827,-0.177982
0.224147,-0.066099,-0.177089
0.227799,-0.058922,-0.171259
0.229404,-0.053339,-0.166732
0.231133,-0.047320,-0.164245
0.231170,-0.042691,-0.161026
0.233735,-0.040735,-0.159040
0.234374,-0.039150,-0.156421
0.236454,-0.037303,-0.154847
0.237051,-0.033427,-0.152220
0.236951,-0.028906,-0.151267
0.238708,-0.027242,-0.149506
0.238366,-0.026004,-0.147569
0.237485,-0.021515,-0.148877
0.239024,-0.018646,-0.145605
0.236092,-0.016264,-0.143383
0.236665,-0.014535,-0.143553
0.237835,-0.013686,-0.140453
0.237093,-0.011422,-0.140935
0.238028,-0.008493,-0.140924
0.236199,-0.007163,-0.140183
0.234404,-0.003286,-0.137009
0.237695,-0.002817,-0.136981
0.235102,-0.002755,-0.137918
0.236080,0.001296,-0.136062
0.236488,0.003045,-0.134665
0.235687,0.006399,-0.134926
0.235907,0.006877,-0.132899
0.235325,0.009141,-0.133560
0.231886,0.007884,-0.129480
0.235204,0.012804,-0.129628
0.236269,0.016222,-0.127362
0.235322,0.019492,-0.125074
0.240829,0.023059,-0.122865
0.241244,0.030601,-0.116931
0.243632,0.031690,-0.113925
0.245222,0.033829,-0.112692
0.245203,0.034983,-0.111650
0.243993,0.039530,-0.108153
0.244061,0.042364,-0.107970
0.242732,0.042861,-0.108059
0.241807,0.045755,-0.108196
0.242752,0.044826,-0.108005
0.242341,0.048073,-0.107400
0.241344,0.046561,-0.106914
0.240996,0.050436,-0.106648
0.238213,0.050464,-0.106133
0.239766,0.054019,-0.106453
0.237367,0.055269,-0.105460
0.237364,0.055539,-0.106088
0.234753,0.058791,-0.105830
0.236276,0.060575,-0.104579
0.234271,0.060715,-0.105186
0.233258,0.059779,-0.105345
0.231102,0.061303,-0.105167
0.232732,0.064566,-0.104365
0.229710,0.065785,-0.104066
0.230632,0.066461,-0.103627
0.229796,0.066457,-0.104093
0.229551,0.069081,-0.103821
0.226236,0.068908,-0.104396
0.226644,0.069977,-0.103404
0.225333,0.072617,-0.103922
0.223736,0.071851,-0.105765
0.223120,0.075488,-0.104805
0.221160,0.074750,-0.103650
0.221505,0.075877,-0.104973
0.218637,0.076900,-0.104965
0.220124,0.077897,-0.106208
0.215646,0.077896,-0.106416
0.213261,0.077784,-0.105259
0.213690,0.081249,-0.104195
0.213051,0.081366,-0.105429
0.211316,0.081594,-0.104141
0.208388,0.080984,-0.105614
0.207648,0.084229,-0.105444
0.206314,0.083430,-0.106878
0.207430,0.085802,-0.106955
0.203711,0.086814,-0.108179
0.202206,0.087356,-0.104715
0.201524,0.087312,-0.106234
0.198896,0.087727,-0.109236
0.197025,0.088817,-0.110697
0.197761,0.091767,-0.108574
0.196341,0.090698,-0.109068
0.194805,0.089785,-0.110365
0.191682,0.091937,-0.110368
0.191504,0.091499,-0.110235
0.190102,0.093683,-0.111972
0.186445,0.093056,-0.112442
0.186409,0.093048,-0.113269
0.183904,0.094923,-0.112317
0.183059,0.096130,-0.114398
0.182557,0.096129,-0.115129
0.179825,0.097544,-0.114612
0.178471,0.097986,-0.115496
0.176172,0.095313,-0.117754
0.174104,0.097834,-0.116016
0.171835,0.098650,-0.117944
0.170177,0.099174,-0.116364
0.168564,0.097860,-0.119202
0.167366,0.100197,-0.119737
0.163055,0.098818,-0.121648
0.161651,0.101272,-0.121495
0.159382,0.099966,-0.122205
0.157924,0.098809,-0.124907
0.156751,0.098021,-0.125456
0.154389,0.098212,-0.126029
0.151710,0.102540,-0.128159
0.151681,0.104404,-0.128328
0.148945,0.102247,-0.127529
0.147451,0.103658,-0.129565
0.146590,0.104822,-0.129490
0.143075,0.104736,-0.129779
0.142269,0.105082,-0.130269
0.140373,0.104947,-0.129203
0.138768,0.106193,-0.131190
0.137968,0.105846,-0.132278
0.136562,0.107541,-0.131083
0.133632,0.109099,-0.129884
0.133094,0.108983,-0.133152
0.131163,0.110481,-0.132121
0.129222,0.110739,-0.133303
0.127444,0.110641,-0.132425
0.126815,0.112252,-0.134042
0.126430,0.113872,-0.134250
0.125642,0.113824,-0.134297
0.124130,0.116468,-0.133702
0.123744,0.117012,-0.135485
0.121441,0.116376,-0.132823
0.119186,0.118442,-0.134601
0.118839,0.118945,-0.136178
0.117280,0.120640,-0.135305
0.115211,0.118550,-0.134548
0.113529,0.122329,-0.136487
0.111497,0.121716,-0.135282
0.110640,0.121895,-0.137652
0.109108,0.125242,-0.136292
0.108269,0.124078,-0.138648
0.104245,0.125001,-0.140541
0.104084,0.126207,-0.138541
0.103532,0.126581,-0.140133
0.101248,0.127294,-0.141249
0.100379,0.126208,-0.140269
0.097835,0.128751,-0.140917
0.096743,0.127488,-0.141745
0.095684,0.128460,-0.142282
0.091437,0.128819,-0.142753
0.088408,0.128989,-0.143760
0.088067,0.129092,-0.144233
0.085934,0.129254,-0.144899
0.085773,0.130343,-0.145800
0.080090,0.132130,-0.146994
0.079780,0.131129,-0.149366
0.077281,0.131742,-0.149172
0.076435,0.131896,-0.152070
0.072681,0.131665,-0.151836
0.073858,0.133980,-0.153992
0.068769,0.130080,-0.153730
0.066623,0.131380,-0.154750
0.064593,0.131235,-0.156431
0.062428,0.130794,-0.158411
0.060673,0.131484,-0.159307
0.054804,0.130331,-0.160819
0.053939,0.132950,-0.162207
0.049184,0.130414,-0.164953
0.047174,0.129688,-0.165754
0.045542,0.128854,-0.167986
0.039354,0.127187,-0.170724
0.037181,0.127514,-0.173642
0.031312,0.122867,-0.178428
0.224238,-0.062934,-0.172640
0.227683,-0.057081,-0.167450
0.230960,-0.053647,-0.164783
0.232164,-0.049987,-0.163567
0.233909,-0.046612,-0.159687
0.233186,-0.041802,-0.155545
0.234698,-0.038951,-0.156514
0.233601,-0.036720,-0.153836
0.235562,-0.033246,-0.151245
0.238041,-0.030434,-0.151779
0.235698,-0.026629,-0.149706
0.236390,-0.024751,-0.147687
0.236657,-0.021832,-0.145017
0.236582,-0.021099,-0.143932
0.238757,-0.018514,-0.141622
0.237424,-0.015584,-0.141482
0.235985,-0.012727,-0.141288
0.239355,-0.011170,-0.138605
0.235619,-0.011288,-0.140418
0.235330,-0.008343,-0.137463
0.236526,-0.007033,-0.136657
0.234594,-0.002772,-0.138162
0.235451,-0.002749,-0.135521
0.232336,-0.000193,-0.133252
0.234798,0.000398,-0.134104
0.235073,0.004031,-0.132124
0.234688,0.005573,-0.129663
0.235001,0.005051,-0.131008
0.232043,0.009347,-0.131278
0.232802,0.010129,-0.129718
0.233826,0.013121,-0.127447
0.236199,0.017805,-0.124400
0.235594,0.021380,-0.122602
0.238071,0.025589,-0.118832
0.241437,0.032366,-0.113361
0.242733,0.033457,-0.113819
0.244361,0.036932,-0.110625
0.242001,0.037985,-0.108686
0.241770,0.040634,-0.109069
0.242439,0.042364,-0.109555
0.241179,0.044725,-0.107446
0.241264,0.045755,-0.107961
0.241869,0.045615,-0.106510
0.241324,0.047358,-0.106535
0.239066,0.048228,-0.106313
0.237455,0.051271,-0.105103
0.236985,0.049810,-0.103769
0.236524,0.055693,-0.104484
0.236034,0.056246,-0.105212
0.234838,0.057819,-0.104521
0.235175,0.059198,-0.106271
0.234793,0.057748,-0.104233
0.232966,0.058789,-0.102951
0.231089,0.061832,-0.103841
0.231317,0.062813,-0.102609
0.229881,0.064230,-0.103375
0.227923,0.064910,-0.103368
0.226195,0.065304,-0.103759
0.225808,0.065812,-0.102607
0.225188,0.068374,-0.104484
0.223891,0.070011,-0.102959
0.222967,0.068921,-0.103649
0.220284,0.071108,-0.104260
0.221436,0.073394,-0.103608
0.220231,0.073515,-0.102277
0.218838,0.075748,-0.103490
0.215632,0.075405,-0.103964
0.215921,0.076504,-0.101579
0.213210,0.075605,-0.105287
0.215645,0.078504,-0.104658
0.210998,0.080334,-0.105157
0.211784,0.080225,-0.103847
0.209397,0.081243,-0.106594
0.207407,0.082026,-0.106231
0.207629,0.081917,-0.106875
0.205871,0.082712,-0.106147
0.203518,0.083229,-0.105801
0.202717,0.086589,-0.106411
0.202119,0.087053,-0.105284
0.200002,0.084476,-0.105851
0.199354,0.086686,-0.107290
0.196207,0.088582,-0.109994
0.198682,0.089112,-0.108509
0.195142,0.088552,-0.110047
0.194324,0.090404,-0.108402
0.189629,0.091841,-0.109762
0.189224,0.091975,-0.111359
0.186951,0.092493,-0.109770
0.186950,0.093525,-0.112498
0.185348,0.094161,-0.111898
0.182765,0.093365,-0.111397
0.183090,0.093174,-0.113784
0.179460,0.094152,-0.113308
0.178543,0.096002,-0.115762
0.175748,0.095486,-0.114997
0.174927,0.096323,-0.116232
0.172755,0.096083,-0.114750
0.171405,0.098025,-0.117523
0.168260,0.097919,-0.118965
0.166304,0.098464,-0.118473
0.167636,0.098558,-0.120327
0.162475,0.098503,-0.121662
0.160517,0.099391,-0.122910
0.158152,0.096602,-0.124389
0.154244,0.098193,-0.122641
0.153002,0.097459,-0.126341
0.151256,0.099002,-0.126422
0.148674,0.099454,-0.125770
0.149381,0.099956,-0.125590
0.146347,0.101876,-0.129075
0.144073,0.101124,-0.127453
0.143952,0.103548,-0.128843
0.141513,0.102821,-0.129190
0.140500,0.101953,-0.130537
0.139112,0.104276,-0.129776
0.139144,0.104087,-0.130680
0.136956,0.105394,-0.129539
0.135341,0.104313,-0.129888
0.133326,0.108577,-0.132266
0.131757,0.107588,-0.131463
0.128964,0.109353,-0.131070
0.128959,0.108287,-0.130792
0.125920,0.112704,-0.133205
0.126797,0.112264,-0.132673
0.126234,0.112289,-0.130918
0.124661,0.112652,-0.133912
0.120624,0.113545,-0.133848
0.121477,0.114784,-0.131927
0.119947,0.118555,-0.134490
0.117629,0.117004,-0.132584
0.116504,0.117295,-0.131782
0.117141,0.117942,-0.136319
0.115146,0.118558,-0.134517
0.112233,0.120390,-0.135029
0.111900,0.121159,-0.135151
0.110282,0.120212,-0.137465
0.107038,0.124181,-0.137933
0.105409,0.123503,-0.138672
0.106248,0.123128,-0.138252
0.102463,0.124712,-0.138304
0.102017,0.124009,-0.138616
0.099719,0.124837,-0.139826
0.096951,0.124958,-0.141175
0.096832,0.124810,-0.139367
0.093092,0.125651,-0.141337
0.092872,0.126130,-0.140164
0.090996,0.129150,-0.141946
0.089907,0.128292,-0.143124
0.086055,0.127755,-0.144580
0.084799,0.127182,-0.145177
0.082656,0.128759,-0.146945
0.082342,0.129691,-0.147128
0.078952,0.131179,-0.146701
0.078684,0.130873,-0.148260
0.073912,0.132268,-0.149138
0.073390,0.130830,-0.151756
0.069566,0.129091,-0.152310
0.070477,0.130919,-0.153376
0.066386,0.129536,-0.153974
0.064080,0.129676,-0.156386
0.060404,0.131961,-0.155998
0.057128,0.131203,-0.155390
0.055991,0.129246,-0.159641
0.051346,0.129390,-0.161748
0.050407,0.131197,-0.163782
0.046874,0.129968,-0.165253
0.042278,0.128353,-0.169847
0.040156,0.127075,-0.169336
0.034785,0.125267,-0.173894
0.028741,0.121835,-0.179243
0.220533,-0.069718,-0.175505
0.225099,-0.062273,-0.168369
0.228323,-0.057502,-0.164131
0.229256,-0.054440,-0.161926
0.232970,-0.049212,-0.160661
0.233240,-0.044433,-0.156575
0.233219,-0.043134,-0.154614
0.231598,-0.039043,-0.153952
0.234485,-0.038100,-0.150973
0.235247,-0.032982,-0.147449
0.234948,-0.031244,-0.146170
0.234957,-0.026205,-0.147164
0.233798,-0.026817,-0.144931
0.235190,-0.023431,-0.144069
0.236640,-0.022130,-0.142078
0.235595,-0.020514,-0.141977
0.235957,-0.018610,-0.141278
0.235412,-0.015060,-0.139055
0.234479,-0.014019,-0.139219
0.236055,-0.011119,-0.138337
0.235027,-0.009660,-0.137287
0.233315,-0.008974,-0.134894
0.233992,-0.005028,-0.134917
0.231940,-0.003258,-0.134118
0.234753,-0.000430,-0.134688
0.234351,-0.001291,-0.130967
0.234725,0.002258,-0.131816
0.232120,0.003761,-0.130091
0.232738,0.005857,-0.129131
0.231181,0.008765,-0.127913
0.230501,0.009517,-0.128398
0.231642,0.010788,-0.126956
0.233094,0.015036,-0.124375
0.235570,0.018864,-0.122709
0.237080,0.022628,-0.119980
0.240975,0.030606,-0.112511
0.240826,0.032163,-0.109407
0.240336,0.035475,-0.110085
0.241541,0.035607,-0.108736
0.242049,0.039578,-0.109676
0.241220,0.041871,-0.106987
0.240779,0.042137,-0.106978
0.238858,0.043988,-0.107186
0.238367,0.044083,-0.103821
0.237891,0.046022,-0.105434
0.238043,0.049597,-0.105530
0.236566,0.048384,-0.104874
0.235718,0.051176,-0.103691
0.235456,0.051987,-0.105582
0.233982,0.053894,-0.106186
0.232882,0.054912,-0.104888
0.232726,0.057700,-0.104193
0.233603,0.059119,-0.103156
0.230592,0.059698,-0.102958
0.230396,0.061067,-0.105978
0.230544,0.063076,-0.102844
0.227250,0.064443,-0.103202
0.225819,0.064430,-0.102679
0.224157,0.064982,-0.103100
0.223466,0.064985,-0.102717
0.221665,0.065839,-0.103225
0.222868,0.067458,-0.102726
0.221031,0.070807,-0.102350
0.221881,0.069519,-0.102401
0.218589,0.072447,-0.103773
0.219661,0.072522,-0.101648
0.216729,0.072910,-0.103431
0.216490,0.074570,-0.101686
0.215148,0.076679,-0.104715
0.213055,0.078738,-0.102680
0.210682,0.076655,-0.103295
0.210185,0.077472,-0.102828
0.212106,0.079162,-0.104597
0.208285,0.080238,-0.103288
0.207614,0.080535,-0.103101
0.205647,0.082188,-0.104766
0.204323,0.082122,-0.106537
0.204136,0.081335,-0.104865
0.201900,0.082956,-0.105226
0.200801,0.085557,-0.106522
0.198279,0.085192,-0.106517
0.196316,0.085805,-0.107206
0.194645,0.087159,-0.105505
0.193456,0.088393,-0.107711
0.192825,0.089942,-0.109103
0.190686,0.089805,-0.108962
0.190534,0.089856,-0.109428
0.186641,0.090718,-0.109337
0.185650,0.092142,-0.109874
0.184325,0.090921,-0.110779
0.181235,0.093304,-0.109290
0.183553,0.092725,-0.110502
0.179650,0.093798,-0.111169
0.177954,0.094599,-0.113447
0.177504,0.093730,-0.113592
0.176861,0.095141,-0.115657
0.172771,0.095816,-0.115790
0.170586,0.093444,-0.114406
0.169191,0.097895,-0.116093
0.166590,0.098403,-0.115635
0.166768,0.096133,-0.116883
0.163256,0.095236,-0.117639
0.161991,0.094993,-0.120915
0.159223,0.096442,-0.122950
0.157247,0.096654,-0.122868
0.153308,0.097047,-0.124574
0.153590,0.098436,-0.125091
0.149839,0.098413,-0.127632
0.148861,0.098709,-0.126472
0.145769,0.098071,-0.125227
0.145348,0.100533,-0.127975
0.143742,0.099019,-0.126142
0.142695,0.100263,-0.128782
0.139209,0.102134,-0.128818
0.139466,0.101332,-0.128160
0.137676,0.103951,-0.128615
0.135332,0.103389,-0.128413
0.135333,0.103987,-0.131025
0.133350,0.103272,-0.131123
0.131141,0.105196,-0.133137
0.131767,0.107768,-0.131326
0.129621,0.106898,-0.131838
0.127165,0.108184,-0.132628
0.125229,0.107708,-0.130774
0.125638,0.109555,-0.132432
0.124502,0.110541,-0.129490
0.120194,0.112768,-0.131619
0.122273,0.112702,-0.133031
0.121234,0.113953,-0.130387
0.119599,0.114822,-0.131128
0.116908,0.115353,-0.132891
0.117372,0.115392,-0.132010
0.115080,0.117960,-0.132508
0.114378,0.117323,-0.133011
0.111058,0.118730,-0.134045
0.111318,0.119385,-0.135063
0.109894,0.117754,-0.137209
0.106784,0.122121,-0.136417
0.105570,0.121724,-0.136170
0.105213,0.123453,-0.136721
0.101576,0.121927,-0.135822
0.101084,0.123950,-0.139288
0.097979,0.124808,-0.136544
0.097091,0.124125,-0.138000
0.093616,0.125528,-0.140006
0.093106,0.125690,-0.141753
0.091883,0.126802,-0.142256
0.089683,0.127813,-0.141688
0.087503,0.128806,-0.142257
0.086383,0.127480,-0.142731
0.082830,0.125825,-0.145828
0.080880,0.126065,-0.143976
0.082124,0.129679,-0.145287
0.077193,0.128407,-0.146926
0.074625,0.128759,-0.148295
0.072479,0.129524,-0.150118
0.070169,0.129046,-0.150162
0.070179,0.128693,-0.150178
0.067555,0.129349,-0.151117
0.064621,0.129097,-0.153598
0.063989,0.130324,-0.154384
0.059201,0.130254,-0.154851
0.056897,0.128827,-0.158213
0.055360,0.130378,-0.157435
0.051175,0.129291,-0.159349
0.048987,0.127312,-0.163280
0.044313,0.127370,-0.163437
0.044240,0.127362,-0.167775
0.036657,0.127383,-0.169650
0.033469,0.123631,-0.173471
0.028229,0.121809,-0.174941
0.217854,-0.073088,-0.176407
0.222802,-0.067095,-0.171003
0.226960,-0.060485,-0.167187
0.228074,-0.056441,-0.161883
0.230007,-0.052959,-0.159764
0.231635,-0.050123,-0.157879
0.232801,-0.048113,-0.156399
0.231986,-0.043046,-0.153361
0.233996,-0.042106,-0.152065
0.233941,-0.037129,-0.150356
0.235151,-0.035199,-0.149397
0.235460,-0.033447,-0.147939
0.234729,-0.030599,-0.146199
0.236534,-0.026723,-0.143869
0.236014,-0.025305,-0.141390
0.234808,-0.022688,-0.143081
0.235444,-0.019878,-0.140417
0.235138,-0.017462,-0.140030
0.235157,-0.015683,-0.138441
0.235682,-0.013538,-0.137379
0.233018,-0.013810,-0.136891
0.233279,-0.010466,-0.135865
0.234245,-0.009965,-0.133856
0.233030,-0.005287,-0.132767
0.232836,-0.004694,-0.135543
0.233237,-0.003023,-0.134077
0.231669,-0.000727,-0.132632
0.232142,0.000005,-0.129810
0.230570,0.002003,-0.130006
0.231636,0.004347,-0.128272
0.229888,0.006561,-0.129167
0.232717,0.008878,-0.125904
0.229349,0.008321,-0.126773
0.229683,0.012991,-0.126236
0.230760,0.017297,-0.122174
0.235509,0.020690,-0.118649
0.235626,0.025940,-0.115552
0.239615,0.030860,-0.111571
0.239986,0.033404,-0.108895
0.239532,0.034672,-0.110248
0.239688,0.038640,-0.107649
0.238784,0.037673,-0.107556
0.240789,0.039300,-0.108624
0.239608,0.043396,-0.104796
0.235730,0.044259,-0.105545
0.237225,0.046839,-0.103028
0.236518,0.047659,-0.104527
0.234429,0.048273,-0.104984
0.235336,0.050031,-0.103122
0.234391,0.048805,-0.104427
0.233759,0.053651,-0.102976
0.230413,0.053763,-0.103005
0.230659,0.054713,-0.102905
0.229636,0.055071,-0.104112
0.230892,0.057221,-0.102775
0.227913,0.059436,-0.101317
0.227510,0.059484,-0.103008
0.227130,0.061627,-0.102006
0.226330,0.063657,-0.102141
0.224269,0.063629,-0.100998
0.225329,0.066084,-0.100923
0.221703,0.065341,-0.102084
0.222787,0.067972,-0.101933
0.221496,0.066541,-0.101757
0.219615,0.069851,-0.101378
0.219205,0.070054,-0.103293
0.216204,0.070301,-0.101917
0.215651,0.074106,-0.101873
0.214137,0.073361,-0.102919
0.212202,0.073390,-0.100712
0.212132,0.075611,-0.102793
0.209739,0.074242,-0.101281
0.210282,0.075753,-0.103736
0.208470,0.079189,-0.104207
0.205696,0.078801,-0.103464
0.204574,0.082363,-0.104293
0.204240,0.080976,-0.102908
0.201499,0.080293,-0.103743
0.202355,0.082604,-0.105170
0.199486,0.083668,-0.102987
0.198829,0.084783,-0.104775
0.197690,0.083945,-0.106620
0.196918,0.086913,-0.106752
0.194530,0.086050,-0.106571
0.193757,0.083420,-0.106764
0.190860,0.087711,-0.107150
0.189880,0.086932,-0.107215
0.188473,0.087342,-0.105897
0.187344,0.087946,-0.108802
0.184689,0.090216,-0.109234
0.184419,0.089453,-0.107809
0.180332,0.091401,-0.107299
0.180440,0.090426,-0.112272
0.179070,0.091310,-0.110023
0.177455,0.091928,-0.112008
0.172837,0.093142,-0.111155
0.172510,0.093150,-0.113533
0.171397,0.092446,-0.114072
0.170782,0.092471,-0.114299
0.168299,0.095472,-0.115409
0.165315,0.095345,-0.117116
0.161993,0.093559,-0.119012
0.161898,0.093015,-0.118421
0.157366,0.094504,-0.121340
0.155166,0.095094,-0.120566
0.152221,0.095576,-0.122600
0.150148,0.093514,-0.123964
0.149786,0.093534,-0.124590
0.148233,0.095466,-0.126592
0.146711,0.096430,-0.125261
0.144354,0.097787,-0.126249
0.145056,0.098474,-0.125850
0.143288,0.098058,-0.126152
0.139323,0.098158,-0.127843
0.139724,0.097273,-0.129121
0.137738,0.100486,-0.128329
0.135985,0.100080,-0.129107
0.133031,0.101370,-0.130443
0.132780,0.102694,-0.130220
0.131071,0.104194,-0.133255
0.128250,0.103632,-0.129423
0.129479,0.106298,-0.130499
0.127266,0.107710,-0.131552
0.126942,0.105211,-0.131210
0.123000,0.108857,-0.128441
0.123496,0.108865,-0.130575
0.121200,0.110285,-0.132058
0.120808,0.109865,-0.129468
0.120025,0.112413,-0.129476
0.119803,0.112889,-0.131586
0.118170,0.116205,-0.131103
0.117894,0.115297,-0.132722
0.114986,0.116594,-0.133162
0.114796,0.116686,-0.133397
0.111745,0.117088,-0.133414
0.109781,0.116954,-0.131172
0.108324,0.118293,-0.133258
0.107056,0.120297,-0.134183
0.106867,0.120146,-0.133526
0.104839,0.120091,-0.135850
0.103000,0.121149,-0.136810
0.103002,0.122811,-0.135642
0.100111,0.121865,-0.136827
0.096444,0.124573,-0.136693
0.094959,0.123028,-0.137705
0.093133,0.123327,-0.139367
0.091811,0.123675,-0.139371
0.089779,0.125340,-0.140892
0.088537,0.126931,-0.139646
0.087486,0.125730,-0.141027
0.083249,0.126293,-0.140262
0.084108,0.126539,-0.142368
0.081717,0.125959,-0.142569
0.078712,0.127443,-0.146025
0.077066,0.128152,-0.143666
0.075351,0.129566,-0.145983
0.072111,0.128658,-0.148436
0.072287,0.129266,-0.149092
0.066017,0.128640,-0.149777
0.064959,0.128897,-0.151285
0.064654,0.130865,-0.150472
0.061511,0.128880,-0.151244
0.059799,0.129577,-0.152930
0.058041,0.128739,-0.154885
0.052858,0.128752,-0.157244
0.050683,0.128183,-0.158994
0.047013,0.126951,-0.160692
0.043872,0.125289,-0.165089
0.039081,0.125916,-0.166231
0.035623,0.121429,-0.169191
0.031039,0.122074,-0.173189
0.217133,-0.072019,-0.174011
0.223667,-0.064285,-0.169285
0.224919,-0.062455,-0.163532
0.226897,-0.058765,-0.159926
0.230287,-0.054917,-0.157261
0.228820,-0.050264,-0.156074
0.229367,-0.047371,-0.155317
0.231224,-0.043643,-0.150202
0.234600,-0.040246,-0.149872
0.232818,-0.038251,-0.149776
0.234522,-0.037320,-0.145932
0.232934,-0.032561,-0.145922
0.232307,-0.030553,-0.146232
0.234442,-0.028551,-0.141404
0.234659,-0.025015,-0.141382
0.234184,-0.023081,-0.140943
0.234979,-0.020314,-0.139299
0.235619,-0.018526,-0.139174
0.233416,-0.017955,-0.138241
0.233249,-0.015207,-0.136586
0.233594,-0.012509,-0.135465
0.232747,-0.011892,-0.134969
0.232111,-0.009450,-0.133169
0.231500,-0.006852,-0.133259
0.229693,-0.005273,-0.133353
0.231473,-0.003809,-0.132408
0.231572,-0.000341,-0.130972
0.229708,-0.000135,-0.131242
0.230374,0.003142,-0.130835
0.228856,0.003519,-0.128150
0.229996,0.005228,-0.126561
0.230356,0.006911,-0.127399
0.228515,0.010181,-0.127694
0.227831,0.011303,-0.125999
0.228302,0.012498,-0.124179
0.229637,0.017351,-0.121727
0.232189,0.022979,-0.116138
0.235736,0.026193,-0.114710
0.239201,0.030389,-0.108164
0.235564,0.032064,-0.108795
0.237438,0.035729,-0.107567
0.237154,0.036915,-0.107386
0.237329,0.039425,-0.106944
0.236601,0.042605,-0.103102
0.234380,0.043511,-0.106244
0.234444,0.042325,-0.103640
0.235896,0.044731,-0.102475
0.232598,0.045789,-0.104001
0.233804,0.046648,-0.104477
0.233504,0.050710,-0.101053
0.233714,0.048968,-0.102080
0.231681,0.052535,-0.100997
0.230374,0.055239,-0.101221
0.229765,0.055491,-0.100514
0.227208,0.057153,-0.101793
0.226885,0.058185,-0.101177
0.224799,0.058891,-0.101123
0.227049,0.061619,-0.101516
0.224585,0.060397,-0.100566
0.226417,0.062843,-0.100697
0.224722,0.063044,-0.100749
0.220638,0.064427,-0.100875
0.221461,0.066505,-0.100191
0.220057,0.066800,-0.099634
0.216444,0.070039,-0.101391
0.217471,0.068211,-0.102465
0.214832,0.069142,-0.100996
0.215085,0.070679,-0.101380
0.212742,0.071060,-0.100266
0.212031,0.074015,-0.099408
0.210769,0.072847,-0.100804
0.209958,0.073960,-0.103329
0.207092,0.074176,-0.103336
0.207278,0.075606,-0.100013
0.206962,0.079797,-0.102790
0.206136,0.076859,-0.102185
0.203441,0.078974,-0.102053
0.202045,0.079296,-0.104502
0.200912,0.077583,-0.103037
0.199033,0.080152,-0.104065
0.197629,0.083296,-0.102955
0.194575,0.079855,-0.104257
0.194091,0.083179,-0.104880
0.194401,0.084712,-0.103943
0.191592,0.086259,-0.105299
0.190613,0.084509,-0.107912
0.188224,0.088164,-0.106073
0.187080,0.086096,-0.107591
0.186325,0.087897,-0.108236
0.184505,0.090014,-0.106926
0.183882,0.089699,-0.107509
0.180221,0.088021,-0.109230
0.178182,0.090961,-0.108349
0.176752,0.088886,-0.110597
0.176193,0.088769,-0.112023
0.174684,0.091983,-0.113590
0.170856,0.090706,-0.113410
0.168507,0.092011,-0.111927
0.168063,0.091850,-0.115203
0.164506,0.093607,-0.115790
0.163588,0.093087,-0.115999
0.160695,0.091777,-0.116489
0.158374,0.093975,-0.120376
0.156382,0.092127,-0.119085
0.155842,0.090606,-0.122203
0.151610,0.092541,-0.122428
0.151550,0.091887,-0.124273
0.148526,0.092297,-0.124254
0.148339,0.093690,-0.125662
0.146171,0.094440,-0.124308
0.144946,0.095356,-0.125820
0.143375,0.095900,-0.125560
0.140522,0.096494,-0.125571
0.138836,0.096461,-0.126512
0.137204,0.096705,-0.126794
0.137166,0.098997,-0.126884
0.134726,0.097809,-0.127184
0.135837,0.099283,-0.128205
0.132154,0.102725,-0.128566
0.131335,0.102444,-0.129370
0.127967,0.103020,-0.129963
0.127846,0.104088,-0.130362
0.125635,0.104721,-0.130945
0.125425,0.104564,-0.130497
0.124332,0.105907,-0.130552
0.123445,0.106266,-0.130521
0.120901,0.107896,-0.128880
0.120706,0.109282,-0.130195
0.119412,0.112333,-0.131836
0.118828,0.111250,-0.131783
0.118472,0.111242,-0.130928
0.115604,0.114032,-0.130856
0.114851,0.115217,-0.131276
0.111517,0.114029,-0.131001
0.109742,0.115866,-0.132147
0.108294,0.116075,-0.131271
0.110834,0.117406,-0.132926
0.107321,0.117562,-0.130923
0.103556,0.117567,-0.132617
0.101328,0.117845,-0.134495
0.102084,0.118176,-0.135267
0.100443,0.122861,-0.134210
0.098235,0.120852,-0.135700
0.096006,0.122684,-0.136992
0.091979,0.122331,-0.136206
0.093637,0.122626,-0.137745
0.091711,0.121818,-0.137758
0.090213,0.124754,-0.139669
0.088337,0.124433,-0.138754
0.086373,0.125639,-0.140650
0.082315,0.126409,-0.140417
0.080937,0.126193,-0.140303
0.081675,0.126786,-0.142673
0.078171,0.126973,-0.142880
0.078208,0.128478,-0.144331
0.073527,0.126388,-0.145318
0.071418,0.126897,-0.147044
0.071818,0.127345,-0.148537
0.067073,0.128615,-0.147763
0.065231,0.128101,-0.149796
0.064278,0.126649,-0.149709
0.061413,0.130036,-0.152184
0.059077,0.126901,-0.152553
0.054612,0.128119,-0.153936
0.053030,0.128609,-0.153957
0.049842,0.127483,-0.156776
0.044583,0.125836,-0.160234
0.042183,0.125630,-0.161566
0.038644,0.125744,-0.164569
0.035615,0.121933,-0.166010
0.029681,0.119450,-0.173579
0.215698,-0.076623,-0.175040
0.221738,-0.069283,-0.168005
0.223617,-0.066104,-0.163880
0.225820,-0.060311,-0.160735
0.229588,-0.056860,-0.158300
0.229628,-0.053944,-0.156038
0.228378,-0.049613,-0.153855
0.230746,-0.046204,-0.152740
0.232797,-0.043948,-0.152168
0.230775,-0.042266,-0.146366
0.231738,-0.037737,-0.145545
0.232482,-0.037428,-0.145724
0.232573,-0.034139,-0.143196
0.233627,-0.032183,-0.141714
0.233482,-0.029578,-0.142016
0.231741,-0.025323,-0.138531
0.234169,-0.025856,-0.136703
0.234067,-0.020975,-0.140393
0.233123,-0.020120,-0.137235
0.233432,-0.018312,-0.135008
0.231767,-0.017352,-0.135222
0.231249,-0.014978,-0.134838
0.231376,-0.013151,-0.133699
0.232340,-0.010519,-0.132252
0.232671,-0.007591,-0.131360
0.231786,-0.009126,-0.129588
0.228325,-0.006249,-0.130012
0.228776,-0.003304,-0.127704
0.228156,-0.000723,-0.128179
0.228168,-0.000734,-0.127296
0.227905,0.001549,-0.125425
0.228689,0.005393,-0.127008
0.229125,0.006598,-0.125324
0.227765,0.007246,-0.124905
0.227884,0.008975,-0.122013
0.227825,0.010494,-0.122241
0.226261,0.015134,-0.122896
0.228632,0.017815,-0.120090
0.231441,0.022701,-0.114517
0.235372,0.026169,-0.112535
0.234524,0.033467,-0.109264
0.235309,0.033145,-0.107703
0.235891,0.035608,-0.106764
0.232489,0.037683,-0.105798
0.234454,0.038207,-0.103358
0.234143,0.039802,-0.105046
0.234917,0.041974,-0.103210
0.235573,0.045279,-0.104493
0.232832,0.047826,-0.103560
0.233556,0.047235,-0.103592
0.231925,0.048502,-0.101262
0.230945,0.050077,-0.098325
0.228866,0.051128,-0.101975
0.228353,0.051014,-0.101397
0.229445,0.055125,-0.101420
0.225258,0.056399,-0.099891
0.225405,0.055310,-0.100409
0.224469,0.057866,-0.099952
0.224719,0.057404,-0.100039
0.223555,0.059046,-0.101461
0.223218,0.061849,-0.101304
0.222029,0.062293,-0.097849
0.220612,0.063090,-0.100355
0.218634,0.063161,-0.099950
0.218319,0.065857,-0.101124
0.217159,0.064574,-0.098912
0.215534,0.066616,-0.100333
0.214079,0.068044,-0.101144
0.214041,0.069966,-0.101546
0.213577,0.070543,-0.100701
0.212380,0.072305,-0.100146
0.209523,0.071977,-0.101827
0.208475,0.073902,-0.101602
0.207482,0.073377,-0.101286
0.204235,0.073929,-0.100731
0.206278,0.075394,-0.102537
0.201624,0.079479,-0.102434
0.202508,0.078384,-0.101216
0.200794,0.078056,-0.103019
0.199267,0.078460,-0.103133
0.198892,0.079521,-0.102335
0.198021,0.079165,-0.104488
0.193351,0.083134,-0.102757
0.192829,0.083236,-0.104765
0.193634,0.082325,-0.104886
0.189383,0.081174,-0.104263
0.189068,0.085668,-0.105596
0.187048,0.083914,-0.105343
0.185850,0.085517,-0.106719
0.182204,0.085305,-0.106224
0.182913,0.086033,-0.107461
0.179304,0.089292,-0.108542
0.178044,0.087617,-0.110347
0.178053,0.089961,-0.109718
0.177309,0.087957,-0.109386
0.176179,0.088173,-0.110237
0.172513,0.089985,-0.111994
0.169718,0.091407,-0.113569
0.168694,0.091242,-0.111125
0.165816,0.092717,-0.111489
0.162639,0.090029,-0.114334
0.163442,0.091606,-0.117616
0.159218,0.091196,-0.117529
0.157825,0.091681,-0.120117
0.154368,0.089414,-0.120792
0.153134,0.088588,-0.120846
0.149468,0.088891,-0.120452
0.148334,0.090526,-0.122373
0.147159,0.091142,-0.123442
0.144876,0.091907,-0.125400
0.144599,0.094043,-0.122842
0.141580,0.093851,-0.125279
0.140335,0.095629,-0.125309
0.138843,0.094429,-0.126826
0.138789,0.094430,-0.126941
0.136254,0.094416,-0.128047
0.134373,0.096912,-0.127622
0.135867,0.098131,-0.128128
0.131362,0.098890,-0.128515
0.129526,0.098248,-0.126972
0.127974,0.099298,-0.127762
0.126333,0.100113,-0.128701
0.125229,0.101860,-0.130186
0.124160,0.103312,-0.127627
0.123479,0.105289,-0.128869
0.123475,0.104256,-0.130041
0.121340,0.105024,-0.128814
0.119805,0.107159,-0.128072
0.117546,0.108021,-0.129706
0.116372,0.108611,-0.128726
0.116869,0.110563,-0.129583
0.114400,0.110766,-0.130255
0.113385,0.111744,-0.132148
0.113068,0.115066,-0.129976
0.111330,0.114037,-0.131493
0.109793,0.115142,-0.127601
0.108718,0.114710,-0.129812
0.107069,0.116210,-0.131892
0.105845,0.116448,-0.130612
0.103223,0.119911,-0.132916
0.101862,0.117373,-0.133863
0.100879,0.118860,-0.132868
0.097936,0.118757,-0.133142
0.096550,0.120609,-0.133675
0.095799,0.121861,-0.135155
0.093455,0.122838,-0.136217
0.090770,0.120863,-0.135849
0.090578,0.122607,-0.136788
0.087888,0.123389,-0.138128
0.082953,0.120701,-0.140500
0.084490,0.124401,-0.138870
0.080852,0.122645,-0.140140
0.080559,0.126792,-0.140268
0.078649,0.126445,-0.140546
0.077391,0.125470,-0.141551
0.076066,0.125311,-0.144179
0.074055,0.123578,-0.141199
0.071911,0.126362,-0.145425
0.068932,0.128508,-0.144413
0.066458,0.125702,-0.147814
0.064288,0.127493,-0.148560
0.062280,0.126659,-0.150274
0.059924,0.127197,-0.150244
0.057643,0.126412,-0.151637
0.055090,0.127681,-0.153666
0.053733,0.126864,-0.154499
0.048996,0.125713,-0.156415
0.046794,0.125522,-0.158776
0.042107,0.122358,-0.161236
0.037040,0.121563,-0.164780
0.030864,0.121984,-0.167577
0.027163,0.119529,-0.171221
0.214100,-0.082725,-0.177200
0.220608,-0.074658,-0.172264
0.221205,-0.070014,-0.166348
0.224398,-0.065218,-0.164441
0.224537,-0.061877,-0.158677
0.228945,-0.055915,-0.157212
0.228761,-0.053491,-0.152964
0.229183,-0.051681,-0.151136
0.229086,-0.047879,-0.150259
0.230356,-0.045987,-0.149933
0.230551,-0.040709,-0.144889
0.230881,-0.041126,-0.146374
0.231275,-0.035981,-0.143397
0.230304,-0.034532,-0.142589
0.231723,-0.032285,-0.139158
0.232882,-0.028710,-0.137903
0.233571,-0.025779,-0.138956
0.231890,-0.025226,-0.139799
0.232755,-0.023669,-0.136001
0.229769,-0.021102,-0.135621
0.230978,-0.018438,-0.135482
0.231520,-0.016952,-0.133906
0.232560,-0.016285,-0.133208
0.230472,-0.012744,-0.133297
0.230550,-0.012623,-0.130576
0.228265,-0.009254,-0.129685
0.229852,-0.008355,-0.129327
0.229264,-0.008222,-0.127735
0.228423,-0.003562,-0.128374
0.227669,-0.002027,-0.127159
0.227093,-0.000355,-0.127412
0.227024,-0.000091,-0.125586
0.227390,0.004718,-0.126254
0.227251,0.007114,-0.124926
0.226887,0.006077,-0.123687
0.226270,0.007345,-0.123321
0.224876,0.010549,-0.123321
0.224652,0.012189,-0.123531
0.225747,0.013528,-0.122550
0.227372,0.016304,-0.120865
0.229718,0.020097,-0.114969
0.232740,0.028096,-0.111124
0.232174,0.033095,-0.106472
0.233828,0.033918,-0.107969
0.233143,0.035754,-0.107615
0.234832,0.038145,-0.101835
0.232548,0.038638,-0.104286
0.233496,0.039368,-0.102558
0.231756,0.041520,-0.102128
0.232226,0.046233,-0.100805
0.231225,0.046373,-0.100897
0.229685,0.046773,-0.101268
0.228948,0.047406,-0.101612
0.228329,0.050063,-0.099631
0.226985,0.051619,-0.100461
0.228199,0.053429,-0.099586
0.226782,0.053564,-0.098663
0.224587,0.054994,-0.099111
0.224381,0.057151,-0.098360
0.222982,0.057702,-0.098082
0.221315,0.057734,-0.098794
0.221830,0.059524,-0.101022
0.219716,0.059115,-0.097461
0.217945,0.062063,-0.098628
0.218972,0.063660,-0.099065
0.214592,0.065251,-0.099642
0.216437,0.064925,-0.099100
0.214389,0.065642,-0.098384
0.213743,0.067284,-0.098482
0.211583,0.067612,-0.100825
0.210417,0.069273,-0.100893
0.212483,0.070623,-0.099941
0.208681,0.071167,-0.098610
0.206519,0.073673,-0.099742
0.205837,0.073530,-0.101344
0.203483,0.073363,-0.099580
0.204066,0.074551,-0.098848
0.200097,0.075844,-0.102673
0.200519,0.074803,-0.100250
0.199632,0.077970,-0.101292
0.196967,0.076417,-0.100682
0.196504,0.077561,-0.104421
0.195490,0.080230,-0.101984
0.194048,0.080445,-0.102246
0.191824,0.079481,-0.103740
0.190429,0.081836,-0.103180
0.188784,0.083308,-0.103929
0.187367,0.084428,-0.104767
0.185520,0.084617,-0.104798
0.184217,0.083114,-0.106926
0.183460,0.083372,-0.106039
0.182176,0.083848,-0.107624
0.177736,0.084880,-0.108886
0.178913,0.086659,-0.108325
0.176135,0.086795,-0.110113
0.172806,0.085299,-0.108795
0.172026,0.088059,-0.109125
0.170269,0.088638,-0.111105
0.168696,0.088741,-0.112076
0.168329,0.089013,-0.113112
0.166410,0.088085,-0.114617
0.161359,0.089466,-0.114514
0.160404,0.087572,-0.115950
0.157764,0.087906,-0.117998
0.155342,0.087868,-0.119011
0.151794,0.088555,-0.120788
0.149303,0.087438,-0.121281
0.149025,0.089147,-0.120194
0.146598,0.088653,-0.122561
0.145126,0.090133,-0.121039
0.144089,0.090217,-0.123947
0.143464,0.090983,-0.125780
0.141669,0.093176,-0.124139
0.140022,0.092842,-0.124436
0.137399,0.093644,-0.125435
0.133968,0.093439,-0.126539
0.133936,0.095675,-0.125509
0.131573,0.097654,-0.126411
0.130551,0.095601,-0.126751
0.128736,0.096591,-0.127696
0.127209,0.097415,-0.129608
0.125919,0.100402,-0.128655
0.127212,0.099489,-0.127634
0.123886,0.098989,-0.128401
0.123411,0.102366,-0.128394
0.121408,0.103789,-0.129811
0.120256,0.102781,-0.127167
0.121318,0.105686,-0.130095
0.118597,0.106763,-0.130173
0.116857,0.106341,-0.128777
0.116107,0.107540,-0.128790
0.114773,0.108768,-0.129061
0.115869,0.109689,-0.127561
0.113403,0.110501,-0.127483
0.111177,0.112036,-0.127297
0.110154,0.113776,-0.130159
0.108175,0.113274,-0.129535
0.107099,0.113919,-0.130973
0.104517,0.115553,-0.130307
0.103633,0.114596,-0.130773
0.101473,0.116284,-0.132264
0.101968,0.117073,-0.129470
0.100056,0.117941,-0.131125
0.098287,0.120979,-0.132767
0.095498,0.119951,-0.132690
0.095092,0.119391,-0.135767
0.092508,0.119697,-0.133645
0.090541,0.120383,-0.136481
0.087887,0.121263,-0.137206
0.086499,0.121337,-0.136713
0.084090,0.120802,-0.137944
0.081832,0.121155,-0.138397
0.081676,0.122881,-0.138090
0.078853,0.123132,-0.137948
0.080024,0.124652,-0.139159
0.075931,0.125732,-0.141758
0.071676,0.123562,-0.143444
0.070241,0.123515,-0.144369
0.070017,0.125025,-0.142339
0.066753,0.125685,-0.146168
0.065688,0.127672,-0.144549
0.063684,0.125855,-0.147290
0.061822,0.126631,-0.147720
0.060241,0.127691,-0.148046
0.057613,0.126540,-0.149385
0.056894,0.125885,-0.151739
0.053535,0.126007,-0.151472
0.048048,0.126163,-0.151808
0.044676,0.125077,-0.156821
0.037449,0.122843,-0.160093
0.034953,0.120046,-0.164174
0.031472,0.117596,-0.167532
0.023281,0.115156,-0.171033
0.213398,-0.085424,-0.176903
0.217121,-0.081942,-0.171716
0.220508,-0.073021,-0.165612
0.223952,-0.070334,-0.164070
0.222453,-0.065191,-0.160136
0.228382,-0.061524,-0.156125
0.227432,-0.058262,-0.156209
0.226694,-0.055759,-0.151955
0.227000,-0.051143,-0.151902
0.229125,-0.046459,-0.148553
0.230509,-0.046918,-0.146051
0.229505,-0.043554,-0.144656
0.230086,-0.040454,-0.144188
0.231024,-0.038800,-0.143722
0.232218,-0.035844,-0.139261
0.231787,-0.034149,-0.139537
0.232705,-0.031997,-0.138100
0.231028,-0.029012,-0.137277
0.231080,-0.025897,-0.137439
0.230236,-0.025236,-0.136099
0.230288,-0.021254,-0.136778
0.229294,-0.020841,-0.134910
0.231304,-0.018853,-0.133217
0.230098,-0.015815,-0.132317
0.229260,-0.016306,-0.130085
0.230416,-0.009763,-0.129323
0.228559,-0.011147,-0.132068
0.227412,-0.011399,-0.128662
0.227755,-0.007031,-0.127931
0.227896,-0.007417,-0.127973
0.227209,-0.004370,-0.126696
0.225104,-0.001142,-0.126868
0.227653,0.000114,-0.126808
0.226836,0.001742,-0.123982
0.226397,0.002190,-0.124281
0.226534,0.004300,-0.125030
0.225822,0.006649,-0.122857
0.224996,0.008676,-0.122623
0.224520,0.011149,-0.121915
0.223683,0.013334,-0.118849
0.223956,0.014566,-0.119229
0.224313,0.018970,-0.118078
0.226604,0.020665,-0.113181
0.229052,0.027522,-0.109245
0.232732,0.031557,-0.105949
0.232263,0.033530,-0.104394
0.232504,0.036377,-0.102162
0.231464,0.038911,-0.104680
0.231468,0.042220,-0.101527
0.231398,0.040306,-0.101657
0.231382,0.042088,-0.101529
0.229755,0.044587,-0.100663
0.228715,0.046463,-0.100421
0.228132,0.046743,-0.098848
0.225209,0.048158,-0.100219
0.227287,0.049909,-0.100076
0.225979,0.051931,-0.099253
0.224019,0.051976,-0.099890
0.225018,0.054558,-0.099706
0.222131,0.056083,-0.099401
0.221022,0.057634,-0.098772
0.221143,0.057044,-0.098587
0.219116,0.057419,-0.099864
0.219785,0.058605,-0.097688
0.217603,0.060393,-0.097234
0.217557,0.061968,-0.099056
0.216275,0.062529,-0.096741
0.214101,0.064378,-0.098244
0.212126,0.064608,-0.097713
0.211614,0.066654,-0.100027
0.211317,0.066671,-0.097482
0.210159,0.066513,-0.099815
0.207938,0.069779,-0.098528
0.207097,0.069972,-0.101008
0.205328,0.070971,-0.098163
0.204491,0.072824,-0.099256
0.202197,0.074450,-0.099751
0.199391,0.073249,-0.099718
0.202467,0.074706,-0.102045
0.200048,0.076225,-0.099054
0.198028,0.075735,-0.101158
0.195998,0.078068,-0.100302
0.195798,0.077387,-0.099588
0.191711,0.077862,-0.101471
0.190849,0.078532,-0.102857
0.193125,0.079242,-0.102528
0.189545,0.079653,-0.101103
0.188117,0.080076,-0.103800
0.186159,0.079588,-0.105850
0.185593,0.083724,-0.105030
0.181327,0.082369,-0.104828
0.180997,0.084160,-0.106057
0.178272,0.082331,-0.107879
0.180157,0.084718,-0.104295
0.176088,0.084015,-0.106864
0.172650,0.085947,-0.108096
0.172552,0.088041,-0.107617
0.169781,0.087441,-0.110963
0.169883,0.085992,-0.110250
0.165461,0.086768,-0.110822
0.164638,0.088396,-0.113443
0.162857,0.084278,-0.111130
0.159406,0.087108,-0.114940
0.157016,0.086096,-0.116975
0.153594,0.086003,-0.118403
0.152160,0.084962,-0.120283
0.149264,0.085328,-0.122201
0.148541,0.085662,-0.118979
0.146300,0.087127,-0.120592
0.145122,0.088175,-0.122325
0.141708,0.088918,-0.122296
0.142674,0.089509,-0.122726
0.141049,0.089812,-0.123418
0.139422,0.091278,-0.124082
0.137294,0.090941,-0.124993
0.135267,0.090859,-0.124840
0.134888,0.091225,-0.125918
0.132172,0.093287,-0.125911
0.132573,0.095593,-0.126621
0.130033,0.095838,-0.127553
0.128311,0.095383,-0.126789
0.126143,0.095540,-0.126786
0.125164,0.096495,-0.126563
0.122473,0.097373,-0.126789
0.122115,0.100166,-0.126523
0.121199,0.099781,-0.126328
0.119538,0.101773,-0.125210
0.119561,0.103810,-0.127218
0.117257,0.103275,-0.124656
0.118567,0.105386,-0.125828
0.115782,0.105883,-0.128059
0.116171,0.107341,-0.126929
0.113328,0.109681,-0.127183
0.111565,0.109992,-0.127064
0.109703,0.110087,-0.128958
0.110754,0.111618,-0.128655
0.108902,0.111998,-0.129005
0.106944,0.112074,-0.131332
0.106143,0.113069,-0.130673
0.103564,0.113382,-0.128839
0.103024,0.114398,-0.129981
0.100976,0.114930,-0.130170
0.098039,0.114745,-0.131639
0.098817,0.115198,-0.130782
0.096780,0.117898,-0.132398
0.095496,0.116598,-0.132845
0.091175,0.118384,-0.131573
0.090035,0.119134,-0.133228
0.089924,0.118153,-0.135408
0.087612,0.120588,-0.135868
0.084105,0.121934,-0.136687
0.084385,0.120258,-0.136827
0.082790,0.122270,-0.137258
0.079319,0.121798,-0.138003
0.079143,0.123157,-0.139509
0.075982,0.122969,-0.140857
0.073366,0.123664,-0.139412
0.070589,0.121488,-0.140193
0.070449,0.125052,-0.142166
0.069727,0.124940,-0.142699
0.066055,0.124723,-0.143788
0.064351,0.127068,-0.143839
0.063530,0.125901,-0.143733
0.061590,0.126507,-0.145507
0.059333,0.126044,-0.149424
0.057053,0.125655,-0.148594
0.052653,0.124959,-0.150566
0.051758,0.127588,-0.150773
0.047862,0.124370,-0.153722
0.044413,0.122000,-0.154328
0.037375,0.120269,-0.159718
0.033785,0.118221,-0.161904
0.029048,0.117452,-0.167397
0.214854,-0.083929,-0.172556
0.217887,-0.076926,-0.166090
0.219955,-0.071810,-0.163783
0.221989,-0.068256,-0.159543
0.225628,-0.063444,-0.159334
0.224856,-0.061969,-0.155954
0.226217,-0.058675,-0.153578
0.229184,-0.053934,-0.151542
0.227869,-0.052073,-0.149578
0.227395,-0.050537,-0.148308
0.228448,-0.046790,-0.144716
0.229939,-0.042158,-0.144553
0.229398,-0.040768,-0.142985
0.231261,-0.038848,-0.141942
0.230840,-0.035641,-0.137286
0.230163,-0.033786,-0.137982
0.230208,-0.030376,-0.135785
0.229907,-0.028566,-0.135970
0.229727,-0.027004,-0.136346
0.231073,-0.024211,-0.132385
0.231539,-0.024241,-0.132344
0.229344,-0.022525,-0.133296
0.228460,-0.020992,-0.129785
0.228280,-0.015836,-0.131247
0.228815,-0.015982,-0.131163
0.227912,-0.014640,-0.131396
0.227997,-0.011889,-0.128289
0.226795,-0.010852,-0.127047
0.227197,-0.009934,-0.127897
0.225420,-0.004983,-0.126172
0.227332,-0.003104,-0.126344
0.223914,-0.002675,-0.125134
0.226348,-0.002825,-0.124361
0.224360,0.000281,-0.123814
0.224495,0.002076,-0.124592
0.225512,0.004668,-0.124528
0.223758,0.007555,-0.121485
0.222518,0.007788,-0.120649
0.222138,0.009392,-0.121800
0.221918,0.013387,-0.119602
0.221334,0.012926,-0.117493
0.222657,0.014659,-0.118924
0.222673,0.017254,-0.115523
0.226466,0.023001,-0.113780
0.230505,0.028409,-0.106231
0.230477,0.031773,-0.103587
0.227823,0.033640,-0.104475
0.229756,0.036759,-0.101682
0.229632,0.037505,-0.100797
0.230208,0.042349,-0.102336
0.229191,0.039629,-0.101256
0.227319,0.043163,-0.100035
0.226258,0.042852,-0.099725
0.228021,0.046593,-0.100343
0.224666,0.047267,-0.097904
0.226217,0.049119,-0.099084
0.223364,0.050475,-0.099259
0.222284,0.050425,-0.097950
0.222476,0.050249,-0.097718
0.221999,0.050988,-0.099627
0.221280,0.053538,-0.099597
0.219755,0.056384,-0.096233
0.219577,0.058478,-0.098987
0.216706,0.057876,-0.098355
0.216886,0.058446,-0.097542
0.214226,0.060422,-0.097402
0.213789,0.062513,-0.098749
0.211268,0.061910,-0.094993
0.209914,0.063694,-0.098342
0.211095,0.064053,-0.099672
0.210001,0.064855,-0.098765
0.208409,0.066392,-0.098472
0.206632,0.068223,-0.100599
0.205268,0.069587,-0.098111
0.205471,0.068765,-0.097384
0.202232,0.069205,-0.098188
0.202784,0.068777,-0.097949
0.202298,0.070903,-0.098549
0.199301,0.073385,-0.099279
0.197177,0.074294,-0.099616
0.195968,0.075089,-0.099459
0.195124,0.076697,-0.098183
0.192323,0.076075,-0.098802
0.192799,0.076240,-0.099992
0.189850,0.078038,-0.101779
0.190267,0.077240,-0.102099
0.187526,0.080257,-0.100990
0.186716,0.079367,-0.101283
0.184105,0.080849,-0.103837
0.182625,0.081611,-0.103668
0.181945,0.081639,-0.106489
0.179527,0.081721,-0.104417
0.179104,0.084579,-0.104139
0.175278,0.083527,-0.105800
0.174090,0.083422,-0.106690
0.172517,0.084258,-0.109524
0.171951,0.082522,-0.108528
0.167085,0.084123,-0.109781
0.165530,0.084386,-0.109163
0.163954,0.083552,-0.112969
0.162120,0.084900,-0.111930
0.159648,0.084237,-0.114065
0.155801,0.084169,-0.114872
0.155769,0.083647,-0.117493
0.151062,0.082898,-0.116633
0.150505,0.083457,-0.120212
0.148863,0.084616,-0.120130
0.145747,0.086166,-0.120772
0.144995,0.085959,-0.120928
0.145576,0.084417,-0.121266
0.141881,0.085053,-0.122425
0.140123,0.087633,-0.120584
0.137538,0.086571,-0.120953
0.136878,0.090219,-0.122333
0.134402,0.090614,-0.123056
0.133924,0.089938,-0.123469
0.131067,0.092682,-0.124385
0.132704,0.091070,-0.124699
0.130453,0.092498,-0.124594
0.125532,0.093935,-0.127510
0.126323,0.092365,-0.128480
0.125121,0.096497,-0.126185
0.123973,0.095561,-0.126491
0.123110,0.098840,-0.127108
0.122153,0.097151,-0.126369
0.120687,0.098318,-0.126962
0.119614,0.099022,-0.126668
0.117919,0.102011,-0.127011
0.116691,0.102788,-0.127010
0.116912,0.102392,-0.127641
0.114357,0.105324,-0.126568
0.113326,0.104999,-0.127553
0.111340,0.107991,-0.126549
0.111780,0.106917,-0.126924
0.110810,0.108684,-0.126997
0.108887,0.109935,-0.125721
0.106635,0.108696,-0.128161
0.105034,0.111283,-0.128385
0.104190,0.112968,-0.128425
0.101597,0.110356,-0.129395
0.100990,0.112911,-0.128264
0.099952,0.112932,-0.129157
0.098397,0.114298,-0.130595
0.096819,0.115304,-0.131364
0.096199,0.116568,-0.131498
0.092437,0.116630,-0.132821
0.090175,0.117554,-0.131738
0.090891,0.118890,-0.132596
0.089405,0.117758,-0.134023
0.086884,0.119301,-0.135398
0.083182,0.119379,-0.136433
0.081416,0.120294,-0.135992
0.081024,0.120409,-0.136611
0.079962,0.122102,-0.135906
0.076528,0.121861,-0.138295
0.074579,0.121104,-0.138746
0.072687,0.121466,-0.139726
0.070683,0.121149,-0.140171
0.069146,0.122500,-0.141056
0.068562,0.125001,-0.141257
0.066791,0.123743,-0.141851
0.063748,0.124018,-0.141467
0.061395,0.124822,-0.144406
0.060635,0.124107,-0.144665
0.057670,0.124578,-0.143909
0.055758,0.125501,-0.148072
0.052587,0.125744,-0.150207
0.048991,0.124603,-0.150809
0.046294,0.123304,-0.152809
0.040970,0.122490,-0.157073
0.035821,0.120007,-0.160992
0.032934,0.118054,-0.164822
0.023537,0.113178,-0.169011
0.203790,-0.100932,-0.184299
0.215708,-0.086515,-0.173404
0.218730,-0.079622,-0.167828
0.219423,-0.078059,-0.166467
0.222134,-0.070578,-0.160040
0.222462,-0.067635,-0.156429
0.226228,-0.065272,-0.155095
0.224909,-0.060590,-0.153718
0.226403,-0.058509,-0.151668
0.225938,-0.054821,-0.149482
0.228065,-0.052054,-0.146736
0.225993,-0.047936,-0.145477
0.228755,-0.048023,-0.145396
0.228555,-0.044508,-0.144189
0.228425,-0.040875,-0.141889
0.228993,-0.041677,-0.137496
0.229978,-0.036221,-0.139407
0.228883,-0.034992,-0.135804
0.229054,-0.032854,-0.136622
0.228961,-0.030618,-0.134450
0.228101,-0.028954,-0.134379
0.227262,-0.026697,-0.132057
0.230146,-0.022171,-0.131423
0.229602,-0.022018,-0.132306
0.229139,-0.021239,-0.130912
0.226969,-0.019024,-0.129467
0.226851,-0.015084,-0.127286
0.228321,-0.015812,-0.128145
0.226541,-0.013734,-0.128542
0.225613,-0.011095,-0.126961
0.225560,-0.010530,-0.128266
0.223836,-0.006788,-0.124760
0.224488,-0.004976,-0.124605
0.224323,-0.003046,-0.125034
0.223143,-0.002846,-0.124476
0.222718,-0.001562,-0.124069
0.222767,0.001813,-0.122211
0.224481,0.003531,-0.121924
0.220882,0.002209,-0.120449
0.220526,0.006549,-0.117621
0.220950,0.007800,-0.120940
0.221022,0.009689,-0.119455
0.219679,0.011101,-0.120534
0.220474,0.011775,-0.120433
0.220007,0.014784,-0.117301
0.219957,0.014931,-0.116626
0.222811,0.023169,-0.109671
0.226552,0.026893,-0.106800
0.228094,0.031969,-0.105160
0.227672,0.031951,-0.103648
0.228240,0.036222,-0.102254
0.227496,0.038432,-0.101337
0.225974,0.040328,-0.100520
0.227440,0.042343,-0.100456
0.224561,0.042768,-0.099664
0.224163,0.044556,-0.099262
0.224512,0.046312,-0.097627
0.223270,0.045495,-0.097240
0.222054,0.049002,-0.098055
0.222002,0.048886,-0.095202
0.220079,0.050381,-0.097609
0.218545,0.054490,-0.098127
0.218292,0.053070,-0.095200
0.218481,0.052514,-0.095861
0.216665,0.055222,-0.095549
0.215029,0.055804,-0.096315
0.215211,0.058172,-0.097914
0.212139,0.060646,-0.096960
0.212977,0.058866,-0.096520
0.212567,0.063135,-0.098020
0.209521,0.063142,-0.096552
0.209541,0.063468,-0.100142
0.206558,0.066328,-0.098222
0.206115,0.064047,-0.096274
0.204181,0.064988,-0.096677
0.203213,0.067965,-0.096941
0.203464,0.068042,-0.097406
0.201526,0.069279,-0.097415
0.201192,0.068698,-0.099647
0.199146,0.070324,-0.099952
0.198563,0.071313,-0.100261
0.197084,0.072136,-0.098674
0.196014,0.073041,-0.099566
0.192785,0.074761,-0.100504
0.193577,0.074531,-0.098754
0.189831,0.074699,-0.099617
0.191060,0.077144,-0.100478
0.187136,0.077130,-0.101973
0.186867,0.077442,-0.101414
0.185044,0.078815,-0.099483
0.184426,0.078784,-0.101432
0.180480,0.078145,-0.103312
0.180221,0.078079,-0.105418
0.174942,0.079126,-0.103996
0.175716,0.081401,-0.105181
0.175804,0.079896,-0.107214
0.173339,0.082512,-0.106652
0.173552,0.081044,-0.106835
0.167838,0.081751,-0.110942
0.166618,0.083984,-0.109873
0.163558,0.081751,-0.108704
0.162170,0.081713,-0.111549
0.160166,0.080830,-0.112307
0.157147,0.080303,-0.114582
0.152801,0.083324,-0.114205
0.152137,0.080525,-0.117850
0.147932,0.082991,-0.118765
0.147685,0.081222,-0.117325
0.146766,0.082118,-0.120736
0.144686,0.081581,-0.121065
0.140970,0.084583,-0.118909
0.142475,0.085924,-0.120433
0.139341,0.085111,-0.119657
0.140233,0.087403,-0.122090
0.136934,0.087705,-0.121180
0.137530,0.087210,-0.121133
0.134636,0.088630,-0.122483
0.132464,0.086817,-0.123287
0.130417,0.088772,-0.123480
0.130326,0.093016,-0.125777
0.129358,0.090345,-0.125100
0.126610,0.091726,-0.125834
0.124140,0.090695,-0.125267
0.123715,0.093800,-0.126237
0.120836,0.096082,-0.125054
0.120266,0.093160,-0.125384
0.121814,0.096444,-0.124668
0.117667,0.098036,-0.127697
0.116624,0.098805,-0.124634
0.116065,0.097756,-0.125694
0.116723,0.100979,-0.126389
0.115814,0.102551,-0.124798
0.114323,0.101904,-0.125911
0.111280,0.104517,-0.126036
0.110839,0.104791,-0.126912
0.109849,0.105467,-0.127078
0.108860,0.107987,-0.124568
0.108493,0.109053,-0.125908
0.106422,0.108219,-0.126925
0.104572,0.108888,-0.126108
0.102592,0.111097,-0.129104
0.101993,0.110420,-0.127212
0.099303,0.110788,-0.130493
0.095915,0.113307,-0.130365
0.097641,0.112763,-0.129631
0.095070,0.113720,-0.130532
0.093950,0.115043,-0.129990
0.090742,0.113646,-0.130503
0.091956,0.115838,-0.132051
0.089462,0.117206,-0.132236
0.086000,0.118132,-0.132889
0.084465,0.116691,-0.134026
0.082255,0.118450,-0.132939
0.080077,0.118493,-0.133175
0.078587,0.120839,-0.135954
0.077470,0.120998,-0.136830
0.075535,0.119942,-0.138900
0.073485,0.117146,-0.136367
0.071338,0.119342,-0.139226
0.068362,0.121606,-0.140273
0.068201,0.122016,-0.140721
0.065676,0.122855,-0.140630
0.064448,0.122834,-0.142373
0.063336,0.122173,-0.142061
0.061898,0.124286,-0.141891
0.057494,0.124789,-0.143758
0.057091,0.124272,-0.144729
0.054307,0.121923,-0.146607
0.052885,0.123967,-0.147334
0.050222,0.123020,-0.148935
0.046309,0.122433,-0.152623
0.038634,0.120934,-0.156886
0.035555,0.117457,-0.160220
0.026601,0.116108,-0.163328
0.206486,-0.102602,-0.182608
0.211140,-0.089744,-0.173946
0.216936,-0.084686,-0.168270
0.219126,-0.079998,-0.164114
0.220203,-0.076374,-0.160628
0.221546,-0.073025,-0.158070
0.224980,-0.069140,-0.155052
0.224462,-0.062978,-0.153853
0.226164,-0.062803,-0.153182
0.225021,-0.060435,-0.149041
0.225359,-0.054038,-0.145856
0.227978,-0.052734,-0.147098
0.227757,-0.050271,-0.143521
0.227921,-0.047567,-0.143768
0.228868,-0.044742,-0.141586
0.227998,-0.041474,-0.138977
0.227603,-0.040146,-0.138053
0.229466,-0.037564,-0.138336
0.228818,-0.035157,-0.136997
0.227428,-0.033447,-0.135286
0.229778,-0.031709,-0.132861
0.227765,-0.029012,-0.133740
0.227015,-0.028871,-0.131244
0.228307,-0.023961,-0.130316
0.224471,-0.022700,-0.129117
0.226614,-0.019987,-0.129837
0.227308,-0.020292,-0.128056
0.227864,-0.017508,-0.127595
0.225494,-0.016340,-0.127454
0.225407,-0.014024,-0.126659
0.224866,-0.013683,-0.126077
0.225636,-0.009516,-0.123719
0.223602,-0.006605,-0.124464
0.224353,-0.006069,-0.123680
0.225494,-0.004744,-0.122219
0.223417,-0.003927,-0.123473
0.223235,-0.001289,-0.120935
0.222619,0.001258,-0.121495
0.220959,0.001997,-0.120861
0.220918,0.003081,-0.119186
0.217637,0.005394,-0.118602
0.219931,0.006043,-0.118676
0.219416,0.007313,-0.118104
0.219548,0.011356,-0.117849
0.218190,0.011718,-0.116378
0.216054,0.013069,-0.115217
0.217991,0.012530,-0.116424
0.216793,0.016721,-0.116542
0.220446,0.022078,-0.109282
0.224717,0.027902,-0.103498
0.224648,0.033933,-0.102492
0.223691,0.035218,-0.103283
0.223759,0.035531,-0.100877
0.225801,0.036857,-0.100234
0.223179,0.039315,-0.100445
0.223388,0.040144,-0.099419
0.223526,0.042305,-0.098876
0.221447,0.042975,-0.099020
0.221599,0.043118,-0.099689
0.220162,0.046638,-0.096970
0.220678,0.047906,-0.096232
0.218882,0.049045,-0.096424
0.217561,0.049858,-0.096709
0.217860,0.049663,-0.096306
0.216166,0.052412,-0.095873
0.215601,0.055283,-0.094520
0.212260,0.052958,-0.094638
0.213719,0.056784,-0.097067
0.212247,0.057965,-0.096974
0.210409,0.059221,-0.095953
0.210388,0.059686,-0.098145
0.209138,0.060752,-0.095971
0.206433,0.060622,-0.095789
0.208232,0.060383,-0.094952
0.205796,0.062418,-0.095926
0.204109,0.064161,-0.095049
0.203414,0.064485,-0.095806
0.201841,0.066848,-0.098626
0.200687,0.066314,-0.099105
0.199653,0.067989,-0.097923
0.197562,0.067820,-0.097948
0.195601,0.069459,-0.099087
0.194090,0.069475,-0.099006
0.192483,0.070716,-0.098808
0.193314,0.071485,-0.098800
0.190747,0.074258,-0.097401
0.188294,0.071334,-0.100361
0.188338,0.074129,-0.099974
0.185538,0.075727,-0.100730
0.184445,0.075841,-0.100552
0.181752,0.075779,-0.100558
0.180664,0.076502,-0.101521
0.179288,0.076578,-0.102142
0.177375,0.079411,-0.103293
0.176356,0.077554,-0.102540
0.174498,0.080486,-0.106265
0.173284,0.080029,-0.106064
0.172308,0.079751,-0.107929
0.168005,0.079638,-0.105804
0.166982,0.077507,-0.109280
0.163975,0.078804,-0.110124
0.160743,0.079958,-0.112828
0.158202,0.078351,-0.111129
0.156580,0.078920,-0.115036
0.153821,0.077871,-0.117088
0.153283,0.079201,-0.116380
0.149494,0.079507,-0.118379
0.148604,0.079465,-0.117810
0.146731,0.080616,-0.118383
0.145972,0.081445,-0.120673
0.143974,0.080764,-0.118324
0.142486,0.081913,-0.118643
0.140844,0.083705,-0.119680
0.135832,0.083886,-0.120336
0.138101,0.083424,-0.121098
0.136126,0.085792,-0.119423
0.131769,0.087396,-0.122093
0.132675,0.086228,-0.123223
0.130586,0.087135,-0.124812
0.131745,0.090114,-0.124120
0.128625,0.087505,-0.124433
0.127914,0.089016,-0.124214
0.127040,0.088124,-0.125139
0.124598,0.092257,-0.124033
0.123382,0.091452,-0.125527
0.121968,0.092824,-0.124516
0.120078,0.094447,-0.124467
0.119683,0.094458,-0.124203
0.116802,0.095381,-0.124786
0.116036,0.097614,-0.124363
0.115393,0.099888,-0.126087
0.115361,0.099199,-0.124984
0.112065,0.102325,-0.123028
0.109953,0.102279,-0.123822
0.111538,0.103236,-0.126482
0.109773,0.105267,-0.124553
0.108018,0.106144,-0.125681
0.106468,0.106311,-0.126519
0.105762,0.104448,-0.124597
0.102840,0.107262,-0.126026
0.102283,0.108487,-0.126529
0.100783,0.109277,-0.126154
0.100412,0.111450,-0.127046
0.098703,0.110705,-0.128147
0.096642,0.111219,-0.128937
0.095300,0.110142,-0.128285
0.093037,0.111440,-0.129506
0.091432,0.114385,-0.129431
0.091824,0.115445,-0.130093
0.087425,0.115113,-0.130808
0.087526,0.115213,-0.131671
0.087110,0.114684,-0.132910
0.084495,0.115954,-0.132207
0.081463,0.116947,-0.133281
0.079528,0.115837,-0.134197
0.079398,0.117647,-0.133541
0.075443,0.117442,-0.134244
0.076132,0.117355,-0.134846
0.071182,0.119330,-0.135434
0.070523,0.119184,-0.137977
0.069606,0.121936,-0.138750
0.067461,0.119422,-0.139216
0.065247,0.119613,-0.139813
0.065093,0.119273,-0.138891
0.060997,0.122977,-0.141217
0.059553,0.121529,-0.141303
0.056679,0.122441,-0.143791
0.054908,0.123313,-0.144394
0.054028,0.121947,-0.143695
0.051353,0.122663,-0.145316
0.046784,0.121728,-0.148410
0.044914,0.120006,-0.152837
0.038320,0.118187,-0.155219
0.031790,0.115433,-0.160101
0.021895,0.110406,-0.167408
0.208605,-0.100227,-0.177437
0.212414,-0.095607,-0.171852
0.215082,-0.087797,-0.167078
0.218691,-0.083353,-0.167205
0.219116,-0.081184,-0.160556
0.219969,-0.075159,-0.156659
0.223194,-0.069261,-0.154991
0.222896,-0.068618,-0.152584
0.224399,-0.064815,-0.151939
0.224037,-0.063622,-0.149680
0.224530,-0.060268,-0.148693
0.225673,-0.055781,-0.145989
0.226215,-0.053656,-0.144313
0.227379,-0.050135,-0.143852
0.227897,-0.048221,-0.141287
0.228712,-0.047600,-0.139161
0.226923,-0.042686,-0.137741
0.225938,-0.038744,-0.137325
0.226900,-0.038436,-0.135387
0.226593,-0.035882,-0.135710
0.228291,-0.036377,-0.132802
0.227082,-0.032424,-0.132797
0.227107,-0.030031,-0.132212
0.226733,-0.028295,-0.130809
0.226150,-0.026016,-0.129526
0.227787,-0.024825,-0.130366
0.229143,-0.021310,-0.128159
0.227818,-0.020231,-0.126414
0.224672,-0.017622,-0.127314
0.224643,-0.016597,-0.127288
0.223959,-0.012729,-0.126090
0.224352,-0.012885,-0.124100
0.225262,-0.010331,-0.124880
0.222615,-0.009117,-0.122790
0.224040,-0.009159,-0.121977
0.222460,-0.006738,-0.121089
0.222367,-0.003949,-0.120801
0.220595,-0.003023,-0.122149
0.219321,-0.000629,-0.119828
0.220652,-0.001659,-0.120668
0.218926,0.002576,-0.119495
0.220214,0.003288,-0.117051
0.218958,0.005312,-0.118403
0.218186,0.006630,-0.116020
0.215252,0.008225,-0.115686
0.216791,0.008860,-0.116939
0.215345,0.011668,-0.115107
0.216204,0.012372,-0.114656
0.215035,0.015284,-0.114592
0.215614,0.016964,-0.114133
0.219512,0.020630,-0.109319
0.221236,0.026955,-0.104622
0.222955,0.031071,-0.100744
0.222229,0.035602,-0.102169
0.221425,0.034547,-0.099948
0.223127,0.036281,-0.100399
0.221667,0.037770,-0.098855
0.221568,0.040640,-0.098881
0.219461,0.042261,-0.097410
0.220231,0.042714,-0.097088
0.217760,0.044911,-0.096545
0.216540,0.047832,-0.098399
0.216617,0.047252,-0.096341
0.216775,0.048891,-0.095710
0.216267,0.051187,-0.097061
0.215082,0.051937,-0.095633
0.212101,0.051135,-0.095032
0.212615,0.052454,-0.097081
0.212573,0.054215,-0.095150
0.208736,0.056471,-0.095564
0.206762,0.055908,-0.095896
0.208434,0.055768,-0.096249
0.208309,0.057686,-0.096471
0.207044,0.060368,-0.097686
0.204661,0.060704,-0.095756
0.202743,0.061266,-0.094921
0.201357,0.063097,-0.096195
0.201554,0.064676,-0.095968
0.200194,0.064345,-0.097420
0.197393,0.064937,-0.095837
0.197417,0.064165,-0.096733
0.195721,0.068496,-0.097802
0.195723,0.069028,-0.100205
0.192057,0.068959,-0.097660
0.190004,0.070981,-0.099066
0.189939,0.070576,-0.098596
0.189509,0.070529,-0.097863
0.187669,0.072306,-0.099396
0.185680,0.073494,-0.099168
0.185530,0.073015,-0.099541
0.183759,0.073590,-0.101366
0.182635,0.075365,-0.099849
0.179787,0.074841,-0.100457
0.176548,0.075644,-0.101859
0.174457,0.076626,-0.103912
0.173776,0.078891,-0.103158
0.170193,0.078420,-0.104791
0.169118,0.077645,-0.105568
0.167196,0.075634,-0.108538
0.166120,0.077368,-0.107871
0.162650,0.075316,-0.110848
0.157788,0.076893,-0.114136
0.156202,0.076869,-0.113137
0.155259,0.076425,-0.113496
0.152266,0.076987,-0.116736
0.151735,0.077571,-0.115401
0.149170,0.074872,-0.116571
0.148737,0.078058,-0.118351
0.144959,0.077383,-0.117340
0.143182,0.080920,-0.116641
0.143932,0.078079,-0.116501
0.142192,0.082108,-0.119070
0.140575,0.080780,-0.118926
0.138874,0.082958,-0.120808
0.137323,0.083238,-0.120615
0.136958,0.083169,-0.119620
0.133919,0.084499,-0.120658
0.131877,0.084141,-0.123544
0.132151,0.086984,-0.122107
0.130301,0.086975,-0.122087
0.129250,0.086302,-0.122560
0.126960,0.086826,-0.122619
0.125217,0.088126,-0.124454
0.120177,0.090248,-0.124471
0.121663,0.088677,-0.124532
0.121953,0.090923,-0.125892
0.121635,0.092013,-0.124686
0.119541,0.092896,-0.124268
0.115546,0.092932,-0.123093
0.117070,0.095269,-0.123448
0.117115,0.096222,-0.124246
0.112504,0.097321,-0.122983
0.112341,0.096815,-0.123531
0.113036,0.099241,-0.123739
0.110327,0.099887,-0.124237
0.109323,0.101242,-0.123192
0.108118,0.104047,-0.124204
0.106760,0.102923,-0.125464
0.107432,0.106004,-0.124776
0.102892,0.106846,-0.124498
0.101278,0.106783,-0.127646
0.101154,0.109234,-0.127250
0.100281,0.107903,-0.126308
0.098475,0.108154,-0.128496
0.096808,0.109454,-0.126607
0.095631,0.110672,-0.126458
0.094690,0.108797,-0.127986
0.090947,0.110354,-0.129009
0.090820,0.110642,-0.129016
0.089487,0.110319,-0.129567
0.087790,0.113502,-0.129110
0.087705,0.113807,-0.130689
0.083805,0.113889,-0.131842
0.081768,0.114493,-0.131130
0.079832,0.114608,-0.131597
0.077797,0.114287,-0.133505
0.075768,0.116797,-0.134347
0.076712,0.116190,-0.134712
0.074038,0.116625,-0.134714
0.070023,0.118238,-0.135853
0.068791,0.116748,-0.135462
0.067192,0.118295,-0.137335
0.065620,0.119343,-0.138026
0.061651,0.119552,-0.137849
0.061772,0.119525,-0.136837
0.059193,0.120483,-0.140943
0.057647,0.120074,-0.140968
0.056849,0.122320,-0.141035
0.054252,0.121778,-0.142258
0.050339,0.121064,-0.143531
0.049087,0.121233,-0.146294
0.047048,0.119460,-0.149331
0.040477,0.119076,-0.152572
0.037208,0.113834,-0.154657
0.027993,0.111402,-0.161022
0.200840,-0.112404,-0.185634
0.209152,-0.099963,-0.176073
0.211061,-0.097198,-0.171656
0.214028,-0.092298,-0.167939
0.218258,-0.086817,-0.163062
0.218025,-0.082125,-0.161544
0.219681,-0.078324,-0.158829
0.223405,-0.073248,-0.155805
0.222975,-0.071125,-0.154433
0.222786,-0.068909,-0.152093
0.222643,-0.066097,-0.149480
0.224403,-0.061225,-0.147326
0.224580,-0.059832,-0.146362
0.225439,-0.057566,-0.144906
0.225596,-0.053644,-0.142766
0.226161,-0.051510,-0.141816
0.228078,-0.049252,-0.139084
0.224421,-0.047156,-0.136935
0.228220,-0.042101,-0.137039
0.228175,-0.041916,-0.137205
0.227028,-0.041024,-0.133954
0.225740,-0.037988,-0.133254
0.226771,-0.033860,-0.132538
0.227452,-0.034479,-0.132480
0.225484,-0.031776,-0.131301
0.227848,-0.028848,-0.129587
0.225014,-0.027692,-0.129173
0.223160,-0.025965,-0.128081
0.223627,-0.025018,-0.127409
0.224796,-0.019917,-0.125355
0.223648,-0.019180,-0.123954
0.221843,-0.018266,-0.124836
0.224782,-0.017001,-0.124833
0.225004,-0.013801,-0.123264
0.223163,-0.012238,-0.123835
0.223537,-0.011447,-0.121305
0.222185,-0.009986,-0.121760
0.219871,-0.006663,-0.121486
0.220066,-0.004708,-0.118949
0.220012,-0.002565,-0.119295
0.219940,-0.003139,-0.118753
0.219164,-0.001379,-0.118070
0.219525,-0.000831,-0.118650
0.216827,0.000756,-0.119246
0.216571,0.001967,-0.115921
0.216358,0.006797,-0.117247
0.216105,0.007452,-0.114738
0.215496,0.008802,-0.115184
0.215799,0.012492,-0.114465
0.214408,0.010579,-0.111860
0.212297,0.013843,-0.114088
0.212031,0.014976,-0.113484
0.211060,0.016386,-0.111875
0.211137,0.019339,-0.113566
0.216692,0.025043,-0.105214
0.216742,0.029319,-0.103648
0.219733,0.032360,-0.100821
0.218047,0.034271,-0.101722
0.219286,0.037594,-0.097697
0.218988,0.036236,-0.099838
0.216989,0.040377,-0.097434
0.218198,0.038713,-0.098111
0.216234,0.042965,-0.096951
0.215476,0.045425,-0.096362
0.216096,0.046760,-0.096338
0.214695,0.047905,-0.097640
0.214741,0.049393,-0.094331
0.212620,0.049377,-0.096740
0.211548,0.051467,-0.096828
0.209623,0.051745,-0.096515
0.210167,0.053046,-0.095860
0.210440,0.055084,-0.097479
0.207238,0.054585,-0.096644
0.205132,0.056261,-0.096529
0.207221,0.056766,-0.094338
0.205462,0.057507,-0.095425
0.203380,0.060723,-0.094631
0.199619,0.062578,-0.096986
0.201009,0.061749,-0.094805
0.199591,0.062755,-0.095094
0.197654,0.062797,-0.096856
0.196566,0.064626,-0.096560
0.194535,0.064474,-0.097588
0.195668,0.066673,-0.094748
0.191310,0.065419,-0.096156
0.192907,0.066846,-0.097867
0.191014,0.068730,-0.098236
0.188878,0.069552,-0.098220
0.187200,0.066651,-0.099336
0.184526,0.070055,-0.098388
0.184706,0.070756,-0.099138
0.183279,0.071366,-0.100562
0.181567,0.071675,-0.100935
0.179092,0.074991,-0.099276
0.176862,0.074506,-0.100362
0.177320,0.073529,-0.100765
0.175086,0.073434,-0.103215
0.173346,0.074566,-0.103001
0.171688,0.074947,-0.104125
0.167596,0.074334,-0.106389
0.163965,0.074798,-0.109257
0.161923,0.073150,-0.109112
0.159384,0.071433,-0.111375
0.158311,0.074197,-0.111550
0.156759,0.072619,-0.113070
0.154490,0.073739,-0.113126
0.150511,0.073670,-0.116963
0.148382,0.075686,-0.114268
0.147894,0.074533,-0.116394
0.144629,0.073774,-0.115848
0.144801,0.075398,-0.117888
0.142530,0.077782,-0.118682
0.141090,0.078017,-0.120155
0.139755,0.079236,-0.116951
0.139909,0.078412,-0.118936
0.135618,0.080161,-0.118580
0.135416,0.081955,-0.119956
0.132378,0.083346,-0.118919
0.132856,0.083543,-0.121314
0.131876,0.083427,-0.119500
0.129062,0.083089,-0.122087
0.127968,0.082737,-0.122433
0.125931,0.084546,-0.123603
0.123430,0.085123,-0.123038
0.122490,0.087419,-0.124254
0.120139,0.088841,-0.122440
0.121329,0.087545,-0.125199
0.120903,0.089245,-0.121276
0.117045,0.091017,-0.122959
0.118196,0.090604,-0.125293
0.116425,0.091483,-0.122333
0.115089,0.093222,-0.121884
0.114418,0.093657,-0.123149
0.113100,0.095463,-0.122990
0.110510,0.096371,-0.121656
0.108848,0.100434,-0.123251
0.109446,0.098211,-0.122802
0.108641,0.100820,-0.122431
0.107848,0.101481,-0.122738
0.106190,0.103350,-0.124456
0.104527,0.102878,-0.121811
0.102940,0.105490,-0.123401
0.101808,0.104712,-0.125673
0.100082,0.105226,-0.125577
0.100920,0.107457,-0.124414
0.097973,0.106272,-0.125788
0.096659,0.108672,-0.125041
0.092955,0.109982,-0.126515
0.090996,0.109784,-0.126293
0.091527,0.109983,-0.127392
0.089225,0.111474,-0.127154
0.086631,0.111431,-0.128523
0.085861,0.112398,-0.129631
0.084495,0.112865,-0.129487
0.082650,0.113859,-0.131414
0.083371,0.115232,-0.131554
0.078091,0.114729,-0.131520
0.077041,0.113880,-0.132115
0.075929,0.114943,-0.133686
0.074413,0.115821,-0.132061
0.071780,0.117023,-0.132543
0.069109,0.116841,-0.135328
0.067971,0.115852,-0.135651
0.065800,0.117271,-0.136954
0.063874,0.119104,-0.139043
0.063100,0.117429,-0.137893
0.062547,0.117919,-0.138355
0.059403,0.120561,-0.138144
0.057797,0.120381,-0.140132
0.053664,0.119412,-0.141251
0.051366,0.120755,-0.142211
0.049511,0.119964,-0.144500
0.047684,0.120492,-0.145126
0.043611,0.118530,-0.149528
0.036866,0.115679,-0.152992
0.032906,0.113093,-0.156946
0.022316,0.107910,-0.165720
0.205524,-0.109137,-0.180552
0.209098,-0.099739,-0.174567
0.211709,-0.098807,-0.169788
0.213069,-0.093990,-0.168709
0.216104,-0.089043,-0.164543
0.216664,-0.085609,-0.160729
0.217376,-0.080063,-0.158378
0.219170,-0.077910,-0.157211
0.220867,-0.074128,-0.152448
0.222493,-0.072700,-0.151151
0.221572,-0.069699,-0.149942
0.221775,-0.066151,-0.147026
0.223821,-0.061988,-0.145078
0.225591,-0.061092,-0.144417
0.224514,-0.058413,-0.143720
0.223770,-0.055821,-0.142021
0.224890,-0.053949,-0.138685
0.226163,-0.050351,-0.137069
0.225349,-0.047606,-0.136532
0.227291,-0.045904,-0.134708
0.225076,-0.042493,-0.133582
0.225305,-0.040291,-0.133402
0.225386,-0.037586,-0.131903
0.226785,-0.035123,-0.132063
0.224702,-0.031851,-0.130675
0.224781,-0.032749,-0.129861
0.225581,-0.031284,-0.127994
0.223970,-0.027662,-0.128460
0.225520,-0.025782,-0.126898
0.222208,-0.024172,-0.125339
0.222605,-0.024213,-0.125488
0.222581,-0.020485,-0.124912
0.223362,-0.018781,-0.123453
0.221755,-0.018188,-0.120894
0.221883,-0.014507,-0.122188
0.221128,-0.013505,-0.121989
0.220893,-0.010864,-0.120043
0.220848,-0.008308,-0.119367
0.220449,-0.008751,-0.119676
0.219073,-0.005939,-0.120217
0.218469,-0.005344,-0.119073
0.219422,-0.002170,-0.117866
0.218072,0.000544,-0.118740
0.218214,0.000031,-0.117059
0.216296,0.002471,-0.117935
0.217098,0.002290,-0.115543
0.213290,0.001569,-0.114010
0.215020,0.006424,-0.113980
0.214201,0.008227,-0.115056
0.212333,0.007906,-0.116755
0.213736,0.010860,-0.113930
0.211242,0.012545,-0.114272
0.211485,0.012818,-0.113311
0.209974,0.013762,-0.111959
0.209335,0.015368,-0.110985
0.211797,0.018253,-0.111083
0.206399,0.018890,-0.111460
0.213863,0.025452,-0.104865
0.217048,0.029834,-0.100369
0.217054,0.031463,-0.100282
0.216588,0.035586,-0.099137
0.216287,0.037873,-0.098304
0.217125,0.038585,-0.098607
0.212794,0.040570,-0.095643
0.214480,0.042136,-0.098799
0.214324,0.043356,-0.094995
0.212447,0.043271,-0.095943
0.211608,0.045795,-0.093729
0.210851,0.049533,-0.094972
0.211278,0.048343,-0.095762
0.206499,0.050019,-0.097260
0.207860,0.049805,-0.095069
0.207950,0.052562,-0.096761
0.207441,0.053649,-0.094727
0.204705,0.053736,-0.095498
0.201399,0.056385,-0.095261
0.202020,0.055613,-0.094119
0.202477,0.057053,-0.094235
0.198768,0.058200,-0.094148
0.199459,0.061395,-0.095774
0.198504,0.060539,-0.095720
0.198144,0.059078,-0.094383
0.195253,0.062615,-0.097812
0.194527,0.065850,-0.093935
0.193574,0.064041,-0.097137
0.191738,0.065757,-0.096938
0.189417,0.064170,-0.098448
0.189014,0.068232,-0.097270
0.188998,0.066772,-0.097107
0.186425,0.068418,-0.098096
0.184336,0.068771,-0.100540
0.181642,0.069229,-0.098001
0.180557,0.069340,-0.097218
0.178434,0.071536,-0.100651
0.179249,0.071334,-0.101352
0.175223,0.073215,-0.101796
0.174941,0.071756,-0.104417
0.171383,0.073110,-0.102483
0.169753,0.071761,-0.103719
0.166899,0.073248,-0.106300
0.162678,0.071043,-0.108067
0.160722,0.072395,-0.110564
0.157311,0.070332,-0.111566
0.156311,0.069256,-0.112796
0.155157,0.071299,-0.114395
0.153141,0.072316,-0.111023
0.150986,0.073105,-0.115483
0.150226,0.072299,-0.114381
0.147388,0.072216,-0.114588
0.145727,0.074158,-0.116514
0.144443,0.073799,-0.116394
0.141814,0.073431,-0.116445
0.143050,0.076099,-0.116410
0.141650,0.076754,-0.115828
0.137730,0.077081,-0.118768
0.136924,0.079848,-0.118472
0.136506,0.079530,-0.120501
0.135783,0.080405,-0.120861
0.132264,0.081734,-0.120271
0.129736,0.081399,-0.120608
0.130105,0.079821,-0.120296
0.127368,0.081790,-0.120296
0.126620,0.084176,-0.121732
0.123620,0.082739,-0.121514
0.122363,0.082591,-0.121771
0.120648,0.085901,-0.124244
0.119024,0.086725,-0.122307
0.117979,0.088044,-0.121330
0.116423,0.089137,-0.122310
0.117128,0.089526,-0.124124
0.116069,0.090861,-0.122871
0.115336,0.092149,-0.123228
0.112190,0.091713,-0.121548
0.112681,0.091531,-0.121681
0.111890,0.094904,-0.123514
0.109919,0.094077,-0.121839
0.108298,0.098326,-0.123873
0.109292,0.097250,-0.122145
0.108818,0.099178,-0.123548
0.104813,0.101262,-0.123249
0.102746,0.101715,-0.123027
0.102278,0.101854,-0.121828
0.101334,0.101381,-0.125082
0.100796,0.102355,-0.123424
0.098610,0.105596,-0.124513
0.096297,0.105886,-0.124278
0.095742,0.105069,-0.123669
0.094669,0.105720,-0.124545
0.092283,0.109174,-0.126526
0.091089,0.109308,-0.125525
0.089594,0.108464,-0.127634
0.088703,0.110996,-0.127762
0.084994,0.110576,-0.127589
0.084470,0.111903,-0.128537
0.084362,0.110603,-0.129445
0.081722,0.110152,-0.130082
0.080778,0.112749,-0.130951
0.078167,0.113259,-0.129042
0.077398,0.114273,-0.131071
0.073690,0.113293,-0.131568
0.072768,0.114070,-0.131692
0.071446,0.114300,-0.133878
0.069973,0.114250,-0.134591
0.067586,0.115858,-0.134303
0.065920,0.114537,-0.135096
0.064409,0.116714,-0.135886
0.060710,0.115671,-0.136789
0.060373,0.117231,-0.137616
0.056046,0.116970,-0.136723
0.056198,0.119646,-0.139817
0.053148,0.119476,-0.140385
0.050785,0.119105,-0.141701
0.047743,0.118912,-0.143119
0.043684,0.115064,-0.143423
0.039673,0.115539,-0.149924
0.032830,0.113088,-0.153046
0.026131,0.108645,-0.156104
0.204299,-0.117565,-0.181945
0.207129,-0.107627,-0.175496
0.210759,-0.105149,-0.172357
0.212176,-0.102080,-0.169759
0.212537,-0.096175,-0.165439
0.215169,-0.092161,-0.165333
0.217273,-0.086920,-0.162238
0.218406,-0.085522,-0.158766
0.220418,-0.079272,-0.155677
0.220215,-0.079112,-0.151974
0.221568,-0.075412,-0.153050
0.223023,-0.071766,-0.149313
0.222234,-0.069628,-0.147866
0.223016,-0.066234,-0.145735
0.223666,-0.064133,-0.145181
0.223491,-0.060058,-0.140760
0.224809,-0.058611,-0.139714
0.225812,-0.056207,-0.141692
0.225746,-0.053116,-0.138254
0.225158,-0.050024,-0.135467
0.224288,-0.046308,-0.134616
0.223700,-0.044898,-0.133906
0.224963,-0.042875,-0.132974
0.224290,-0.041129,-0.132643
0.224777,-0.039123,-0.130159
0.224060,-0.038569,-0.131111
0.224233,-0.036795,-0.129078
0.224080,-0.035314,-0.128219
0.225126,-0.029778,-0.127083
0.221939,-0.029018,-0.125716
0.221730,-0.028365,-0.125504
0.222223,-0.025352,-0.125927
0.221994,-0.024276,-0.123096
0.223061,-0.021223,-0.124553
0.222596,-0.021336,-0.123686
0.221300,-0.019911,-0.122582
0.221765,-0.017724,-0.121626
0.219590,-0.016220,-0.119134
0.219727,-0.013413,-0.119120
0.218853,-0.012004,-0.119247
0.218201,-0.010750,-0.117445
0.217861,-0.009553,-0.116628
0.217449,-0.006195,-0.115524
0.218451,-0.005719,-0.116175
0.216806,-0.002171,-0.115812
0.215000,-0.001347,-0.115961
0.216774,-0.000660,-0.115900
0.217315,0.002984,-0.115495
0.214389,0.002441,-0.113538
0.213864,0.004566,-0.113703
0.211871,0.004821,-0.114074
0.210803,0.007617,-0.113057
0.211474,0.010337,-0.112982
0.210984,0.010631,-0.112578
0.210706,0.012256,-0.111790
0.209847,0.014473,-0.112249
0.206625,0.013276,-0.110586
0.207895,0.015693,-0.110830
0.207407,0.020503,-0.112018
0.207484,0.020255,-0.109907
0.205708,0.021210,-0.108866
0.211806,0.027969,-0.101254
0.210702,0.031339,-0.101198
0.212054,0.034338,-0.099529
0.210975,0.037764,-0.099431
0.210811,0.038262,-0.098392
0.211931,0.040990,-0.096369
0.211934,0.044297,-0.094895
0.212154,0.043987,-0.096380
0.210595,0.046214,-0.093493
0.209251,0.043688,-0.096859
0.209479,0.046017,-0.095193
0.206843,0.049115,-0.094159
0.207149,0.048699,-0.095420
0.204283,0.051946,-0.093930
0.204270,0.049740,-0.094214
0.202572,0.052762,-0.095114
0.201284,0.053239,-0.095438
0.199101,0.054652,-0.096174
0.199694,0.054410,-0.093865
0.197937,0.058413,-0.094218
0.197880,0.058617,-0.094180
0.195263,0.059133,-0.095029
0.194832,0.062578,-0.096926
0.193248,0.058797,-0.094600
0.191237,0.062298,-0.096912
0.189816,0.062944,-0.096417
0.189879,0.064359,-0.096917
0.186632,0.063622,-0.098948
0.187652,0.065253,-0.097226
0.185393,0.066445,-0.096337
0.183723,0.065218,-0.098737
0.182556,0.067614,-0.099550
0.179346,0.069099,-0.098807
0.177490,0.067564,-0.101029
0.178677,0.069547,-0.101215
0.176211,0.069530,-0.102347
0.174373,0.070514,-0.099292
0.172594,0.070017,-0.100404
0.170317,0.067949,-0.103322
0.166748,0.068782,-0.106102
0.160743,0.066084,-0.107158
0.158091,0.067132,-0.110879
0.156358,0.068506,-0.108879
0.156223,0.067218,-0.111492
0.155797,0.068319,-0.111767
0.153375,0.067067,-0.112482
0.151967,0.070922,-0.114544
0.149624,0.069609,-0.112519
0.147323,0.072080,-0.115573
0.146678,0.070436,-0.112454
0.143933,0.071374,-0.115461
0.142322,0.073323,-0.115819
0.141523,0.073470,-0.114858
0.139003,0.075121,-0.118455
0.139230,0.074614,-0.117987
0.137188,0.076549,-0.117218
0.133770,0.076649,-0.117731
0.134837,0.075899,-0.117305
0.132759,0.077641,-0.117967
0.131191,0.078828,-0.118427
0.129201,0.078892,-0.119419
0.126157,0.080653,-0.121706
0.125793,0.079757,-0.120020
0.123841,0.082516,-0.120981
0.123787,0.084289,-0.123879
0.121737,0.080659,-0.120530
0.119415,0.084198,-0.121941
0.119692,0.082918,-0.121162
0.118660,0.086203,-0.123300
0.115577,0.087479,-0.121941
0.111919,0.088115,-0.121090
0.114497,0.089048,-0.122677
0.114321,0.090763,-0.124074
0.113616,0.091630,-0.123403
0.108024,0.092428,-0.123151
0.109998,0.094666,-0.121434
0.109779,0.094661,-0.121275
0.106558,0.094810,-0.121717
0.107144,0.094364,-0.122135
0.104957,0.095714,-0.122090
0.103508,0.098077,-0.122898
0.102031,0.100765,-0.120329
0.102477,0.099880,-0.120893
0.100164,0.100254,-0.123004
0.098404,0.101210,-0.122966
0.098301,0.104352,-0.125664
0.095914,0.103441,-0.123520
0.093735,0.101301,-0.123998
0.091545,0.105006,-0.123858
0.091363,0.107345,-0.125796
0.088620,0.108214,-0.126312
0.087046,0.107559,-0.125306
0.086908,0.110198,-0.125891
0.082857,0.109540,-0.124733
0.083722,0.110396,-0.128081
0.080987,0.109489,-0.128161
0.079316,0.111399,-0.129381
0.078962,0.112732,-0.128314
0.076834,0.111775,-0.129885
0.074853,0.114330,-0.130122
0.071571,0.111568,-0.129774
0.069912,0.112584,-0.130992
0.067561,0.113636,-0.133796
0.068113,0.113406,-0.135959
0.065733,0.116420,-0.133994
0.063157,0.114787,-0.134557
0.061084,0.112271,-0.132944
0.059285,0.116311,-0.135588
0.057960,0.115261,-0.135766
0.055238,0.117311,-0.137714
0.052122,0.116954,-0.139728
0.051708,0.117588,-0.139250
0.046633,0.116521,-0.141731
0.045633,0.116439,-0.144009
0.041434,0.114584,-0.144992
0.034965,0.111869,-0.149980
0.029913,0.109177,-0.154257
0.020546,0.104504,-0.160132
0.203681,-0.119997,-0.180203
0.208472,-0.114448,-0.177193
0.208958,-0.110523,-0.173423
0.210405,-0.105527,-0.171060
0.212364,-0.103575,-0.167642
0.212980,-0.096888,-0.165733
0.214367,-0.095610,-0.163478
0.216677,-0.092884,-0.157830
0.217115,-0.088654,-0.157347
0.220290,-0.083058,-0.155215
0.220955,-0.082066,-0.151620
0.220422,-0.078644,-0.149700
0.218880,-0.074317,-0.149624
0.222096,-0.072286,-0.149578
0.222532,-0.070289,-0.143672
0.222560,-0.066367,-0.142771
0.222592,-0.064163,-0.143301
0.223830,-0.063937,-0.141222
0.223147,-0.057925,-0.140440
0.224788,-0.055625,-0.137362
0.222511,-0.051866,-0.136129
0.224065,-0.052171,-0.134531
0.223191,-0.051417,-0.134542
0.223363,-0.048036,-0.134130
0.226638,-0.043898,-0.131852
0.223911,-0.043634,-0.131142
0.223530,-0.041443,-0.128796
0.222360,-0.037402,-0.128957
0.223454,-0.036902,-0.126825
0.224238,-0.032701,-0.125637
0.221982,-0.033391,-0.127256
0.223240,-0.031229,-0.126064
0.220541,-0.026921,-0.124006
0.221904,-0.026805,-0.121719
0.222689,-0.023129,-0.122599
0.223133,-0.021829,-0.122673
0.222074,-0.020975,-0.120417
0.220678,-0.018296,-0.120208
0.220637,-0.017129,-0.119353
0.219117,-0.018460,-0.118129
0.220863,-0.013335,-0.118233
0.219366,-0.012800,-0.117859
0.220333,-0.010487,-0.117036
0.217277,-0.008632,-0.117676
0.217925,-0.006457,-0.116768
0.217226,-0.003581,-0.116456
0.215363,-0.001989,-0.115412
0.216706,-0.002810,-0.114291
0.213997,-0.001611,-0.115166
0.214245,-0.001384,-0.112706
0.212379,0.001198,-0.114637
0.213107,0.003449,-0.112551
0.210254,0.004187,-0.112419
0.210055,0.007463,-0.111987
0.212667,0.007983,-0.112412
0.211337,0.008519,-0.110851
0.208472,0.012300,-0.111404
0.208798,0.013142,-0.110429
0.206470,0.013873,-0.111375
0.208587,0.015591,-0.110700
0.205228,0.014132,-0.110892
0.203609,0.018149,-0.108427
0.204874,0.018281,-0.110142
0.201803,0.019788,-0.110211
0.205195,0.025804,-0.106245
0.208020,0.030610,-0.102067
0.212398,0.032823,-0.099054
0.210877,0.035584,-0.099147
0.208301,0.037362,-0.096810
0.209941,0.039846,-0.096146
0.208950,0.040593,-0.096051
0.206598,0.041594,-0.097204
0.207191,0.042096,-0.096095
0.205552,0.044940,-0.094290
0.204695,0.045572,-0.094744
0.202546,0.048099,-0.094763
0.202471,0.048943,-0.095342
0.202698,0.049820,-0.095095
0.200480,0.051724,-0.094793
0.200516,0.054200,-0.097476
0.197907,0.051492,-0.093741
0.197170,0.052901,-0.095556
0.198800,0.053562,-0.094670
0.196080,0.057003,-0.093921
0.194674,0.059857,-0.095230
0.193451,0.059302,-0.095978
0.190637,0.060259,-0.094537
0.190833,0.062018,-0.095457
0.187927,0.060615,-0.096069
0.187776,0.060408,-0.095020
0.186838,0.063268,-0.096723
0.183351,0.063006,-0.097749
0.183316,0.061759,-0.099389
0.181596,0.064374,-0.097885
0.179558,0.063417,-0.097912
0.177452,0.065418,-0.099282
0.175818,0.066781,-0.099278
0.175934,0.064333,-0.099885
0.173502,0.067990,-0.101758
0.170497,0.069422,-0.100820
0.167357,0.065109,-0.104004
0.161951,0.061878,-0.106293
0.161318,0.065025,-0.108703
0.159284,0.061603,-0.110373
0.157148,0.064537,-0.110645
0.155563,0.067481,-0.111673
0.153747,0.065583,-0.112577
0.153664,0.065853,-0.111273
0.152409,0.067541,-0.110095
0.150173,0.068432,-0.112807
0.146823,0.068255,-0.113727
0.145415,0.067665,-0.114339
0.144847,0.069815,-0.111542
0.142727,0.070111,-0.114404
0.142741,0.071622,-0.114819
0.138917,0.072900,-0.116571
0.138404,0.073748,-0.115128
0.138265,0.073930,-0.115763
0.134600,0.074051,-0.115973
0.135814,0.072484,-0.117930
0.131487,0.075516,-0.115836
0.131092,0.075721,-0.117160
0.128392,0.076660,-0.118747
0.125831,0.076032,-0.117151
0.125474,0.076574,-0.120932
0.124001,0.077874,-0.118990
0.122386,0.078806,-0.120830
0.119674,0.079839,-0.122512
0.120726,0.083168,-0.120858
0.116718,0.082318,-0.120048
0.116295,0.081250,-0.121264
0.116669,0.083269,-0.121982
0.114801,0.083256,-0.119922
0.114298,0.084362,-0.121221
0.110720,0.086793,-0.121978
0.111043,0.087553,-0.121498
0.108902,0.089878,-0.121319
0.108205,0.090393,-0.124098
0.109078,0.092280,-0.119745
0.105708,0.092323,-0.120920
0.106683,0.094986,-0.121203
0.106043,0.095419,-0.119929
0.105207,0.096717,-0.122026
0.103870,0.098505,-0.120542
0.101461,0.097281,-0.122249
0.100384,0.097872,-0.122320
0.096826,0.099253,-0.123125
0.099220,0.102212,-0.122610
0.096350,0.101640,-0.122852
0.094778,0.102271,-0.122009
0.091408,0.103805,-0.123244
0.092299,0.103834,-0.124614
0.087850,0.104879,-0.123130
0.088538,0.105880,-0.124037
0.085212,0.106280,-0.125113
0.085390,0.106847,-0.124955
0.083973,0.108403,-0.126301
0.082695,0.108555,-0.127209
0.078466,0.107986,-0.126899
0.079120,0.111605,-0.127115
0.077985,0.110487,-0.129648
0.076174,0.110910,-0.128462
0.073613,0.110686,-0.127777
0.071548,0.110409,-0.130379
0.069962,0.112985,-0.130941
0.066883,0.113143,-0.132380
0.064334,0.113387,-0.133616
0.062961,0.114043,-0.134394
0.062600,0.113653,-0.133442
0.060390,0.112487,-0.136056
0.057332,0.114738,-0.136406
0.057433,0.114226,-0.138399
0.053335,0.114868,-0.137619
0.051114,0.114360,-0.138044
0.048664,0.114823,-0.139597
0.047301,0.114940,-0.140253
0.041423,0.114348,-0.144197
0.037906,0.110561,-0.148769
0.031970,0.108390,-0.152013
0.026818,0.106707,-0.154942
0.204402,-0.124286,-0.183733
0.209588,-0.116293,-0.174260
0.210604,-0.117094,-0.171657
0.211174,-0.111920,-0.168640
0.211267,-0.107889,-0.167375
0.211953,-0.102905,-0.164543
0.214780,-0.099090,-0.164365
0.216511,-0.097876,-0.161336
0.216067,-0.094487,-0.159392
0.217343,-0.090201,-0.157391
0.218386,-0.087440,-0.154924
0.218023,-0.083639,-0.153551
0.219192,-0.082747,-0.151947
0.220287,-0.077191,-0.148383
0.221396,-0.076030,-0.147206
0.221538,-0.071694,-0.144313
0.221609,-0.070323,-0.143828
0.222423,-0.067312,-0.142774
0.224266,-0.064198,-0.140385
0.221726,-0.061878,-0.138968
0.222804,-0.061599,-0.138091
0.223610,-0.056313,-0.136402
0.223453,-0.054359,-0.137240
0.222042,-0.051174,-0.134856
0.222260,-0.052289,-0.132396
0.223053,-0.047953,-0.131177
0.222838,-0.046890,-0.132483
0.222641,-0.044373,-0.130046
0.222363,-0.042736,-0.127224
0.223370,-0.038483,-0.127757
0.221472,-0.037348,-0.126477
0.223650,-0.034938,-0.124186
0.223603,-0.032356,-0.123120
0.221466,-0.032056,-0.123589
0.221256,-0.031496,-0.123288
0.218229,-0.027321,-0.121840
0.221392,-0.025484,-0.120776
0.220214,-0.022918,-0.122397
0.218374,-0.022541,-0.118888
0.220209,-0.022034,-0.118753
0.219808,-0.017166,-0.120427
0.219027,-0.017935,-0.118119
0.218386,-0.015590,-0.115584
0.218146,-0.012115,-0.116070
0.217826,-0.009561,-0.114936
0.215033,-0.010868,-0.115141
0.216668,-0.007890,-0.115314
0.216407,-0.006443,-0.114022
0.214189,-0.003882,-0.112771
0.212525,-0.003227,-0.114284
0.213521,-0.003520,-0.113655
0.213062,-0.000721,-0.113761
0.212660,0.002268,-0.114047
0.211155,0.002194,-0.110411
0.210751,0.003281,-0.112654
0.209715,0.003423,-0.112380
0.207931,0.007153,-0.111245
0.209861,0.006072,-0.110295
0.207245,0.010646,-0.110969
0.206436,0.011976,-0.109226
0.204252,0.013228,-0.108678
0.206446,0.015138,-0.109287
0.203864,0.013937,-0.108552
0.203172,0.017179,-0.108998
0.203222,0.018229,-0.110586
0.201330,0.019672,-0.108887
0.200931,0.021434,-0.108815
0.200163,0.021990,-0.107497
0.202200,0.027129,-0.103914
0.206708,0.032423,-0.099787
0.206751,0.035103,-0.095438
0.205154,0.038258,-0.098263
0.205231,0.038067,-0.096580
0.203752,0.040021,-0.095705
0.203091,0.041806,-0.096123
0.201484,0.041814,-0.095492
0.202983,0.043149,-0.095486
0.200776,0.045529,-0.096280
0.200303,0.045335,-0.096165
0.198181,0.047390,-0.095379
0.198176,0.047655,-0.093568
0.197375,0.048532,-0.094753
0.196023,0.049736,-0.094910
0.196584,0.051715,-0.093844
0.193945,0.052936,-0.094784
0.192588,0.054076,-0.096390
0.189727,0.054341,-0.093942
0.191293,0.055789,-0.095748
0.189428,0.055859,-0.098040
0.187333,0.058883,-0.096510
0.186495,0.058311,-0.096927
0.184113,0.058742,-0.097133
0.182204,0.059306,-0.097500
0.182532,0.059514,-0.097517
0.180772,0.061359,-0.098146
0.179498,0.061268,-0.097932
0.177164,0.062341,-0.098174
0.174486,0.063455,-0.100479
0.171723,0.064244,-0.098811
0.169969,0.065084,-0.101282
0.169028,0.061584,-0.104029
0.165136,0.061541,-0.104888
0.163075,0.061224,-0.104799
0.160481,0.061811,-0.108835
0.157991,0.060643,-0.111586
0.155718,0.061400,-0.109158
0.153216,0.063373,-0.110120
0.153146,0.062099,-0.111046
0.152527,0.065747,-0.112840
0.152046,0.066339,-0.111416
0.149677,0.063449,-0.112798
0.148197,0.066247,-0.111696
0.148041,0.067987,-0.112119
0.143358,0.067339,-0.113473
0.142261,0.067872,-0.114413
0.140585,0.068778,-0.113529
0.139093,0.069869,-0.112210
0.138889,0.070562,-0.116669
0.136953,0.072056,-0.116453
0.135196,0.070542,-0.115584
0.134783,0.071754,-0.116564
0.132346,0.074707,-0.114807
0.133256,0.074239,-0.118643
0.128890,0.075258,-0.116587
0.127274,0.075674,-0.117812
0.126748,0.075613,-0.119513
0.124038,0.075541,-0.118533
0.123733,0.078243,-0.120000
0.120160,0.076830,-0.120297
0.120603,0.078080,-0.119411
0.118622,0.080908,-0.120617
0.116568,0.078744,-0.120718
0.114586,0.080576,-0.121997
0.111546,0.082439,-0.122095
0.111786,0.081925,-0.121277
0.112919,0.082991,-0.120467
0.109745,0.086876,-0.121447
0.109980,0.086611,-0.120398
0.109789,0.085831,-0.118582
0.108300,0.088537,-0.120360
0.106221,0.090395,-0.118636
0.106447,0.091162,-0.123862
0.104381,0.091386,-0.120928
0.103772,0.093227,-0.122012
0.100970,0.095800,-0.121163
0.099205,0.094964,-0.119710
0.099337,0.096307,-0.119655
0.098446,0.098635,-0.119634
0.096784,0.098939,-0.120197
0.094107,0.099929,-0.124085
0.092495,0.100359,-0.122957
0.092728,0.101011,-0.123888
0.091836,0.102792,-0.123182
0.089172,0.104992,-0.123601
0.087036,0.101706,-0.123706
0.087819,0.104039,-0.123755
0.087145,0.104969,-0.124583
0.083175,0.104874,-0.124990
0.082752,0.107013,-0.126268
0.082348,0.106914,-0.125927
0.078654,0.107739,-0.126075
0.077853,0.106696,-0.127741
0.076133,0.108583,-0.127843
0.074595,0.108431,-0.129512
0.071292,0.108049,-0.127482
0.070732,0.108940,-0.129651
0.065956,0.110474,-0.129053
0.065238,0.110377,-0.131644
0.063701,0.109723,-0.130766
0.062336,0.111196,-0.132695
0.059684,0.111480,-0.134109
0.058834,0.112364,-0.135129
0.054827,0.112327,-0.135480
0.055484,0.112585,-0.136976
0.052962,0.112394,-0.137623
0.049522,0.113652,-0.138092
0.045888,0.114933,-0.138455
0.044335,0.112382,-0.142267
0.039939,0.111089,-0.145768
0.035149,0.106801,-0.148953
0.029106,0.104213,-0.153661
0.205465,-0.127151,-0.179401
0.208403,-0.121676,-0.174954
0.211572,-0.118180,-0.172355
0.210810,-0.116342,-0.171020
0.212542,-0.111690,-0.169335
0.213703,-0.109098,-0.164728
0.213022,-0.106503,-0.163871
0.215195,-0.104348,-0.162852
0.216999,-0.100610,-0.161888
0.215044,-0.096997,-0.157111
0.217198,-0.093842,-0.155521
0.216508,-0.087853,-0.155200
0.217914,-0.087673,-0.151905
0.219857,-0.084284,-0.151009
0.219523,-0.081590,-0.150145
0.221196,-0.080210,-0.145619
0.220941,-0.074503,-0.142454
0.222445,-0.071020,-0.142311
0.220585,-0.069646,-0.139611
0.222080,-0.068053,-0.139243
0.222073,-0.063151,-0.138308
0.222023,-0.061484,-0.138182
0.222438,-0.060440,-0.137184
0.224592,-0.058819,-0.134636
0.220908,-0.057217,-0.134021
0.221699,-0.051134,-0.132119
0.222642,-0.051242,-0.129919
0.222403,-0.048736,-0.130296
0.222466,-0.047236,-0.129236
0.222705,-0.045924,-0.128401
0.221596,-0.041686,-0.126767
0.221321,-0.039478,-0.127993
0.222067,-0.037634,-0.126058
0.219637,-0.034897,-0.125159
0.222259,-0.035306,-0.123426
0.222218,-0.032318,-0.122846
0.220823,-0.028704,-0.123208
0.220565,-0.026841,-0.120271
0.217904,-0.026412,-0.119284
0.217819,-0.023823,-0.119670
0.218785,-0.022895,-0.118544
0.219370,-0.020077,-0.118634
0.217733,-0.018771,-0.118911
0.218683,-0.016825,-0.115569
0.217354,-0.016997,-0.116119
0.215917,-0.014030,-0.116219
0.213996,-0.013397,-0.115556
0.214238,-0.009241,-0.114299
0.214207,-0.009660,-0.113497
0.212858,-0.007253,-0.112389
0.214411,-0.005855,-0.113449
0.213895,-0.003846,-0.114022
0.210467,-0.002665,-0.110782
0.211857,-0.000878,-0.111381
0.211190,0.000253,-0.109982
0.207823,0.000588,-0.110138
0.207751,0.001661,-0.109864
0.208627,0.003964,-0.109450
0.208029,0.006590,-0.109141
0.207864,0.006638,-0.109171
0.207062,0.008132,-0.108394
0.206759,0.008589,-0.108728
0.206816,0.011855,-0.109373
0.203773,0.012631,-0.107770
0.202973,0.011357,-0.107728
0.201541,0.013732,-0.108192
0.201673,0.016261,-0.107601
0.199986,0.019219,-0.107876
0.200812,0.019341,-0.106315
0.197670,0.021806,-0.107533
0.196487,0.022067,-0.107175
0.195480,0.022670,-0.105714
0.194649,0.022871,-0.106127
0.195707,0.026011,-0.105481
0.198502,0.032111,-0.101138
0.198252,0.033730,-0.098272
0.198430,0.035510,-0.099066
0.199358,0.038629,-0.098661
0.199114,0.038513,-0.096801
0.199043,0.042827,-0.096918
0.198099,0.042333,-0.096300
0.196270,0.044212,-0.094897
0.195981,0.046870,-0.094200
0.193666,0.046896,-0.095846
0.193274,0.048196,-0.095996
0.191088,0.049069,-0.096198
0.191788,0.051078,-0.094555
0.191479,0.051566,-0.096621
0.187323,0.054041,-0.095909
0.189552,0.052860,-0.095823
0.186400,0.054756,-0.096848
0.185705,0.053463,-0.097015
0.183949,0.055083,-0.097148
0.181808,0.054337,-0.098421
0.179595,0.056131,-0.096090
0.177806,0.056914,-0.096975
0.175718,0.056839,-0.099661
0.174317,0.057747,-0.099251
0.173271,0.057730,-0.102701
0.171741,0.058289,-0.100095
0.169810,0.057463,-0.102897
0.166991,0.059588,-0.106261
0.163963,0.058385,-0.104225
0.161902,0.059371,-0.106386
0.160247,0.057748,-0.108767
0.155188,0.059412,-0.108785
0.155245,0.059951,-0.108109
0.155070,0.058066,-0.109088
0.153591,0.061283,-0.111511
0.149859,0.061688,-0.108499
0.149415,0.062562,-0.108858
0.148323,0.064614,-0.109250
0.149688,0.064630,-0.111364
0.144790,0.064451,-0.112323
0.144237,0.067802,-0.111467
0.143059,0.067240,-0.112812
0.141798,0.065856,-0.110609
0.138848,0.067718,-0.113301
0.140211,0.067141,-0.115024
0.136045,0.067412,-0.111890
0.136085,0.069332,-0.114677
0.134321,0.069182,-0.115097
0.130553,0.072005,-0.114304
0.130857,0.072572,-0.118151
0.129217,0.072733,-0.116532
0.128380,0.071238,-0.115181
0.124970,0.074122,-0.118497
0.124960,0.072992,-0.118475
0.122036,0.074396,-0.119608
0.121405,0.075166,-0.117504
0.120387,0.077224,-0.120935
0.117605,0.076955,-0.120924
0.114843,0.078291,-0.119238
0.116015,0.078550,-0.118932
0.113142,0.080377,-0.119254
0.112214,0.079015,-0.121766
0.112518,0.081628,-0.119682
0.108398,0.081371,-0.122571
0.108511,0.083337,-0.121333
0.104790,0.083535,-0.122057
0.106489,0.087977,-0.121328
0.106434,0.087216,-0.119474
0.103202,0.089111,-0.119185
0.105049,0.088758,-0.119704
0.103427,0.089934,-0.120171
0.101653,0.089462,-0.120363
0.100597,0.093820,-0.119047
0.098727,0.093766,-0.120029
0.097938,0.097559,-0.121372
0.096880,0.098323,-0.121316
0.095385,0.096822,-0.120771
0.092750,0.098319,-0.121642
0.092519,0.100045,-0.120355
0.091632,0.099904,-0.120001
0.090109,0.099256,-0.121548
0.088981,0.101072,-0.123450
0.087756,0.101123,-0.123422
0.084811,0.101446,-0.122479
0.083181,0.103857,-0.122506
0.080163,0.102939,-0.125229
0.081391,0.103872,-0.124062
0.079475,0.105139,-0.125789
0.077647,0.106438,-0.125991
0.075244,0.106858,-0.125195
0.073323,0.108641,-0.126362
0.071030,0.107752,-0.125816
0.068717,0.107884,-0.128586
0.068595,0.108098,-0.127876
0.065755,0.107150,-0.129787
0.063359,0.109609,-0.130157
0.063062,0.110696,-0.131969
0.060553,0.110078,-0.132823
0.056171,0.110684,-0.132904
0.056533,0.109610,-0.135710
0.054784,0.110916,-0.133523
0.052747,0.111203,-0.136690
0.048621,0.112413,-0.137978
0.047399,0.110576,-0.139078
0.041350,0.109722,-0.140786
0.040462,0.108049,-0.142419
0.036212,0.107236,-0.146562
0.028758,0.104287,-0.150548
0.201488,-0.137651,-0.185899
0.206890,-0.129852,-0.178392
0.209990,-0.126483,-0.174790
0.212069,-0.123696,-0.173728
0.212056,-0.118046,-0.172232
0.212666,-0.115386,-0.167677
0.213434,-0.113007,-0.166268
0.212577,-0.110738,-0.163828
0.214064,-0.105853,-0.163225
0.213632,-0.105004,-0.161451
0.215293,-0.101566,-0.159000
0.216363,-0.097931,-0.156280
0.214859,-0.094620,-0.155401
0.218102,-0.093270,-0.152178
0.216575,-0.089998,-0.150718
0.217582,-0.086062,-0.150729
0.219940,-0.083718,-0.146993
0.219514,-0.079720,-0.145954
0.220288,-0.079667,-0.143552
0.218953,-0.074803,-0.142294
0.221890,-0.074641,-0.141589
0.220004,-0.068392,-0.141275
0.220789,-0.068383,-0.138569
0.220939,-0.066017,-0.139263
0.222509,-0.061107,-0.135588
0.220956,-0.060493,-0.135327
0.219810,-0.058443,-0.133353
0.222000,-0.054254,-0.132867
0.221060,-0.053299,-0.130302
0.220488,-0.052040,-0.130396
0.221788,-0.050404,-0.127773
0.220982,-0.048418,-0.129144
0.220708,-0.046218,-0.128574
0.219246,-0.044137,-0.125779
0.220195,-0.041500,-0.124303
0.222685,-0.038008,-0.124662
0.221367,-0.037113,-0.121649
0.219387,-0.033556,-0.123790
0.221526,-0.033490,-0.119233
0.219925,-0.032956,-0.120898
0.216992,-0.031060,-0.120353
0.220842,-0.027160,-0.119062
0.218747,-0.025927,-0.119015
0.217439,-0.023695,-0.117685
0.216695,-0.022134,-0.115981
0.216249,-0.021777,-0.118104
0.217085,-0.020237,-0.115708
0.216162,-0.018059,-0.116363
0.215319,-0.015315,-0.116238
0.215784,-0.014270,-0.114303
0.214515,-0.011878,-0.114004
0.212374,-0.010637,-0.114346
0.213337,-0.008495,-0.112036
0.213742,-0.007915,-0.111529
0.211515,-0.006373,-0.110892
0.210789,-0.004274,-0.112192
0.211255,-0.002959,-0.110869
0.207591,-0.000260,-0.110051
0.209029,0.000427,-0.109737
0.208152,0.002488,-0.112072
0.206837,0.003060,-0.110082
0.207232,0.004871,-0.109470
0.205355,0.006458,-0.109107
0.202645,0.006275,-0.108201
0.203385,0.008907,-0.109253
0.201971,0.010283,-0.107136
0.203238,0.010546,-0.107413
0.201402,0.013169,-0.109157
0.200746,0.013248,-0.106356
0.200418,0.017256,-0.106179
0.198270,0.016494,-0.106249
0.198571,0.017873,-0.107033
0.197030,0.019616,-0.105438
0.197671,0.018836,-0.107754
0.194655,0.021617,-0.106519
0.193089,0.022644,-0.105944
0.192814,0.022276,-0.105423
0.192216,0.026660,-0.106066
0.192637,0.027886,-0.106694
0.190464,0.028490,-0.105255
0.189327,0.029380,-0.106011
0.191330,0.030256,-0.102641
0.190744,0.034316,-0.106632
0.192383,0.036524,-0.102556
0.191085,0.038236,-0.098678
0.191570,0.044902,-0.096052
0.191166,0.042896,-0.096431
0.191971,0.045382,-0.096779
0.189161,0.048049,-0.095198
0.189850,0.048914,-0.095835
0.187641,0.048601,-0.095685
0.186878,0.048592,-0.096920
0.185098,0.050033,-0.095527
0.181702,0.050112,-0.097557
0.181731,0.051574,-0.097110
0.178116,0.051370,-0.100273
0.176445,0.049767,-0.102488
0.171598,0.049468,-0.104080
0.169930,0.048065,-0.104648
0.167793,0.048629,-0.105847
0.167360,0.047946,-0.105802
0.165753,0.050916,-0.103811
0.162955,0.051141,-0.108501
0.163514,0.052944,-0.107682
0.161698,0.053760,-0.106749
0.159118,0.053432,-0.107418
0.157065,0.054782,-0.108238
0.155450,0.055678,-0.106834
0.155954,0.056032,-0.110704
0.153479,0.056593,-0.108949
0.152054,0.058070,-0.109793
0.149712,0.058363,-0.109683
0.149861,0.058958,-0.110441
0.149144,0.061611,-0.110059
0.148369,0.060702,-0.110591
0.146668,0.063462,-0.110620
0.141809,0.064067,-0.111895
0.143088,0.061859,-0.110098
0.141394,0.065911,-0.112244
0.139382,0.066710,-0.112304
0.138308,0.065826,-0.112529
0.136369,0.067385,-0.111720
0.135152,0.067187,-0.114707
0.134592,0.069406,-0.113869
0.132235,0.069116,-0.114371
0.131322,0.070190,-0.114081
0.130262,0.069575,-0.115902
0.126371,0.071354,-0.116659
0.127063,0.072348,-0.115474
0.123448,0.072006,-0.118374
0.122941,0.072443,-0.117770
0.120938,0.071205,-0.118333
0.118706,0.075391,-0.117726
0.118502,0.075576,-0.118203
0.115584,0.075668,-0.118530
0.115280,0.076501,-0.117936
0.113220,0.077729,-0.119247
0.111298,0.079501,-0.121032
0.110664,0.078790,-0.119076
0.108616,0.079982,-0.121620
0.106764,0.081156,-0.119951
0.106817,0.082808,-0.122102
0.105790,0.084296,-0.120525
0.103839,0.084869,-0.118204
0.105247,0.085302,-0.121014
0.100976,0.086310,-0.119652
0.099158,0.087769,-0.117294
0.102573,0.090669,-0.120357
0.100451,0.090564,-0.119111
0.099409,0.093273,-0.119138
0.096933,0.093012,-0.118790
0.097116,0.093043,-0.118322
0.094923,0.093817,-0.119689
0.093070,0.097480,-0.121214
0.092442,0.096268,-0.118841
0.090594,0.097629,-0.121143
0.091358,0.098116,-0.120828
0.090629,0.099765,-0.121731
0.087017,0.099244,-0.122080
0.084002,0.101531,-0.123227
0.084439,0.099896,-0.121291
0.082845,0.101806,-0.121771
0.079770,0.102358,-0.123022
0.081233,0.103889,-0.123597
0.076584,0.102816,-0.123489
0.075345,0.103735,-0.124825
0.074208,0.104506,-0.126340
0.070676,0.105036,-0.125998
0.073299,0.104632,-0.126492
0.068455,0.106657,-0.127826
0.067065,0.105996,-0.127499
0.065102,0.107456,-0.129386
0.060907,0.106943,-0.129277
0.058528,0.107384,-0.133633
0.055089,0.107710,-0.131947
0.057062,0.108257,-0.133657
0.056222,0.108098,-0.133379
0.052035,0.107474,-0.136529
0.048833,0.108598,-0.138024
0.047392,0.109656,-0.136979
0.042769,0.110486,-0.139594
0.041862,0.106389,-0.141736
0.035418,0.105998,-0.144947
0.033215,0.103972,-0.148072
0.205644,-0.142039,-0.182609
0.210107,-0.133080,-0.175205
0.210736,-0.129961,-0.174799
0.210274,-0.128311,-0.171284
0.211749,-0.125051,-0.169056
0.211643,-0.118842,-0.165776
0.211955,-0.117522,-0.166687
0.213497,-0.113258,-0.163505
0.214310,-0.113191,-0.160740
0.216443,-0.109165,-0.162133
0.214683,-0.109189,-0.157306
0.213847,-0.102692,-0.155628
0.215907,-0.100462,-0.156072
0.217667,-0.099710,-0.153162
0.217464,-0.093955,-0.151631
0.216764,-0.093190,-0.151087
0.220921,-0.090762,-0.149006
0.219465,-0.087809,-0.146469
0.219797,-0.083430,-0.147263
0.219391,-0.079202,-0.144594
0.219336,-0.078752,-0.141767
0.220429,-0.076819,-0.139815
0.220328,-0.072771,-0.138689
0.219229,-0.071703,-0.138854
0.221173,-0.068761,-0.138063
0.218946,-0.066202,-0.135148
0.219298,-0.063704,-0.134561
0.221420,-0.059570,-0.132972
0.220190,-0.059690,-0.133311
0.221151,-0.057246,-0.132040
0.221930,-0.055350,-0.129344
0.220125,-0.053955,-0.128527
0.219783,-0.050498,-0.127249
0.221570,-0.050385,-0.127644
0.218448,-0.045872,-0.126715
0.220562,-0.041813,-0.124564
0.219374,-0.044404,-0.125060
0.220866,-0.038165,-0.123800
0.219762,-0.036172,-0.122368
0.218592,-0.036884,-0.121559
0.218181,-0.035000,-0.123056
0.217390,-0.032764,-0.119588
0.217919,-0.029350,-0.119752
0.218174,-0.028623,-0.117253
0.216484,-0.026727,-0.117689
0.216077,-0.025296,-0.118049
0.216238,-0.024157,-0.114793
0.215913,-0.022849,-0.115791
0.216902,-0.022139,-0.117623
0.213356,-0.018855,-0.114033
0.214479,-0.015184,-0.114881
0.213181,-0.014706,-0.113153
0.213876,-0.011456,-0.112191
0.213077,-0.012373,-0.111661
0.212010,-0.009190,-0.111204
0.212647,-0.008781,-0.109629
0.212291,-0.004832,-0.110886
0.208698,-0.004007,-0.109774
0.209990,-0.002667,-0.110286
0.208137,-0.003422,-0.109831
0.207071,-0.001714,-0.109532
0.206442,0.001343,-0.109013
0.205714,0.001604,-0.106938
0.205511,0.001680,-0.109342
0.203983,0.003586,-0.106968
0.202573,0.006926,-0.106281
0.203890,0.008931,-0.106497
0.202332,0.009037,-0.108326
0.201562,0.011236,-0.106621
0.199609,0.010314,-0.106204
0.199543,0.010805,-0.105870
0.200016,0.012662,-0.104436
0.197987,0.014067,-0.103854
0.198151,0.017335,-0.105965
0.194311,0.016677,-0.104803
0.194476,0.020664,-0.105900
0.193598,0.019748,-0.104779
0.192107,0.022010,-0.105344
0.192261,0.021840,-0.105239
0.189865,0.023274,-0.105597
0.187920,0.024603,-0.103960
0.187403,0.024107,-0.107296
0.188522,0.027275,-0.105855
0.186433,0.027018,-0.105314
0.186026,0.029027,-0.103510
0.186082,0.031889,-0.102940
0.186161,0.031725,-0.102997
0.184570,0.036338,-0.102189
0.184078,0.035205,-0.100819
0.181587,0.039954,-0.100426
0.183244,0.038394,-0.101897
0.180072,0.041587,-0.101341
0.180231,0.043015,-0.102127
0.179453,0.042810,-0.102152
0.176159,0.042013,-0.102990
0.175575,0.042532,-0.102402
0.173504,0.045244,-0.104256
0.171894,0.043787,-0.104508
0.172693,0.044916,-0.102592
0.169449,0.043706,-0.103880
0.168933,0.046740,-0.105104
0.166510,0.049385,-0.104448
0.166966,0.049949,-0.104737
0.163155,0.048735,-0.105185
0.163308,0.049360,-0.107883
0.161391,0.051481,-0.106256
0.159153,0.052060,-0.108229
0.157934,0.052904,-0.108533
0.156076,0.052103,-0.106992
0.154612,0.053449,-0.106429
0.152280,0.055521,-0.107948
0.151567,0.055528,-0.108859
0.151289,0.054792,-0.108252
0.147758,0.055008,-0.108859
0.148554,0.059052,-0.109846
0.145504,0.058749,-0.109885
0.144838,0.059752,-0.108739
0.143827,0.062026,-0.110690
0.140744,0.062598,-0.110528
0.141434,0.062468,-0.111734
0.139356,0.061757,-0.112019
0.138209,0.063040,-0.110183
0.138276,0.065319,-0.111467
0.136283,0.065304,-0.112893
0.131374,0.066132,-0.114350
0.132228,0.065289,-0.114304
0.131315,0.068932,-0.114263
0.130069,0.069128,-0.113922
0.127816,0.067486,-0.113281
0.125204,0.070697,-0.114372
0.124088,0.068947,-0.117411
0.121921,0.068301,-0.116550
0.120905,0.068930,-0.116470
0.118600,0.071762,-0.116031
0.118592,0.070423,-0.117104
0.115498,0.073821,-0.117185
0.114560,0.072710,-0.116846
0.111796,0.075612,-0.117314
0.112093,0.074741,-0.119515
0.109473,0.075207,-0.119087
0.108483,0.077735,-0.120434
0.108257,0.077864,-0.120143
0.106596,0.079791,-0.120883
0.103213,0.080663,-0.122250
0.104238,0.082238,-0.120157
0.102833,0.083220,-0.121411
0.101559,0.084928,-0.119419
0.100971,0.084990,-0.120126
0.099971,0.085795,-0.119012
0.100929,0.088951,-0.118570
0.099210,0.087705,-0.119726
0.096695,0.089231,-0.119260
0.095641,0.091049,-0.116971
0.093789,0.090446,-0.118785
0.094871,0.092763,-0.118780
0.092240,0.094204,-0.120864
0.091604,0.094292,-0.121049
0.089497,0.096658,-0.118375
0.089136,0.096970,-0.118668
0.086619,0.097919,-0.120735
0.085143,0.099331,-0.121278
0.083270,0.100326,-0.121331
0.081867,0.100002,-0.120829
0.079765,0.100027,-0.120767
0.078039,0.101203,-0.123561
0.076694,0.100847,-0.123456
0.073741,0.101577,-0.124482
0.074726,0.101980,-0.123921
0.072619,0.102368,-0.123585
0.069321,0.105419,-0.127229
0.068817,0.103182,-0.126640
0.067269,0.105917,-0.125802
0.064033,0.103527,-0.128720
0.064796,0.105748,-0.129981
0.059077,0.106198,-0.128671
0.058550,0.107767,-0.131372
0.056412,0.106919,-0.130678
0.055324,0.107629,-0.133546
0.050412,0.106048,-0.134063
0.051787,0.106389,-0.134416
0.048421,0.104584,-0.136817
0.044173,0.105508,-0.138605
0.039867,0.106527,-0.140956
0.037219,0.104430,-0.143778
0.032607,0.102864,-0.144721
0.025922,0.098917,-0.151293
0.203604,-0.148857,-0.182042
0.208443,-0.141908,-0.178809
0.211840,-0.137521,-0.176134
0.212601,-0.134317,-0.173601
0.212168,-0.128785,-0.172666
0.212486,-0.126279,-0.169537
0.212926,-0.125566,-0.169383
0.213482,-0.122832,-0.165249
0.214914,-0.119336,-0.163398
0.215143,-0.115391,-0.161280
0.215225,-0.113944,-0.160338
0.213579,-0.109762,-0.158835
0.215755,-0.109260,-0.155396
0.214274,-0.106911,-0.156090
0.217086,-0.104557,-0.156024
0.215522,-0.100422,-0.152816
0.218176,-0.098728,-0.151217
0.217633,-0.092985,-0.148994
0.217148,-0.091349,-0.146371
0.218432,-0.089450,-0.146457
0.217978,-0.086731,-0.144908
0.218032,-0.084025,-0.143022
0.219473,-0.081656,-0.141500
0.218941,-0.079631,-0.140484
0.219681,-0.075348,-0.140384
0.218518,-0.073623,-0.141126
0.221034,-0.073362,-0.135794
0.219643,-0.068075,-0.135908
0.217864,-0.066738,-0.134610
0.221873,-0.064663,-0.134277
0.219778,-0.062790,-0.131763
0.219235,-0.060417,-0.130930
0.219931,-0.057036,-0.130414
0.220365,-0.057017,-0.129628
0.217990,-0.052718,-0.127897
0.219179,-0.048968,-0.128094
0.219824,-0.050620,-0.125728
0.218448,-0.046324,-0.122946
0.219006,-0.045702,-0.123236
0.218752,-0.042577,-0.122747
0.219979,-0.041214,-0.120769
0.219597,-0.040645,-0.120113
0.217622,-0.038250,-0.119325
0.219298,-0.035668,-0.119709
0.216147,-0.034137,-0.118790
0.215615,-0.032089,-0.119439
0.217026,-0.029526,-0.116792
0.215712,-0.029667,-0.118380
0.214309,-0.026389,-0.115202
0.215507,-0.026027,-0.115877
0.214100,-0.022363,-0.115287
0.213371,-0.020016,-0.116801
0.211723,-0.019173,-0.115321
0.213249,-0.018358,-0.113801
0.211890,-0.016759,-0.112698
0.210533,-0.015061,-0.109995
0.211523,-0.011638,-0.111298
0.210681,-0.011001,-0.109565
0.209924,-0.010757,-0.109931
0.210057,-0.008811,-0.107046
0.208765,-0.005073,-0.109216
0.207630,-0.002008,-0.109086
0.205954,-0.004171,-0.108670
0.207225,-0.001690,-0.107509
0.205465,-0.002313,-0.107441
0.203354,0.000815,-0.107555
0.206447,0.000232,-0.105643
0.204356,0.002803,-0.105681
0.202508,0.005624,-0.105995
0.201162,0.005392,-0.105484
0.199518,0.008844,-0.105636
0.199202,0.007496,-0.107713
0.196965,0.008222,-0.106617
0.198617,0.011471,-0.105342
0.195990,0.013022,-0.104034
0.195403,0.014423,-0.103925
0.192723,0.012674,-0.105180
0.193572,0.017235,-0.105179
0.193694,0.018168,-0.104409
0.191844,0.018324,-0.105036
0.190643,0.018509,-0.107191
0.190242,0.020919,-0.105676
0.189080,0.021285,-0.104385
0.189674,0.023705,-0.102364
0.186391,0.022213,-0.104868
0.186776,0.023826,-0.104675
0.184227,0.026515,-0.105215
0.182778,0.027419,-0.106107
0.183586,0.028776,-0.104456
0.181552,0.029166,-0.105328
0.180866,0.032402,-0.105261
0.178320,0.033479,-0.102619
0.180473,0.033573,-0.102618
0.180943,0.037612,-0.104357
0.179220,0.038341,-0.101511
0.178196,0.036513,-0.100083
0.175391,0.039223,-0.101998
0.172915,0.041209,-0.102701
0.171809,0.040747,-0.101400
0.169227,0.039388,-0.104260
0.168146,0.042696,-0.104720
0.169832,0.043709,-0.104928
0.169377,0.043449,-0.105412
0.165336,0.046345,-0.104147
0.164168,0.046174,-0.105115
0.162846,0.047385,-0.104742
0.162953,0.047856,-0.105792
0.160991,0.048525,-0.105080
0.157259,0.050791,-0.104920
0.155913,0.051456,-0.105820
0.155458,0.049119,-0.107101
0.155116,0.052100,-0.106087
0.154089,0.052538,-0.106181
0.152578,0.053622,-0.108263
0.150823,0.052705,-0.108564
0.148544,0.053478,-0.107538
0.148028,0.057697,-0.107549
0.145791,0.057264,-0.110683
0.147305,0.057631,-0.108150
0.142401,0.057359,-0.109257
0.141936,0.059729,-0.108798
0.142867,0.060748,-0.110054
0.138290,0.061455,-0.110952
0.137966,0.060547,-0.111953
0.136699,0.060143,-0.110449
0.134849,0.062992,-0.110071
0.134070,0.064643,-0.110670
0.130793,0.065872,-0.110411
0.130090,0.064206,-0.113827
0.128676,0.067883,-0.111876
0.126883,0.068392,-0.113198
0.124345,0.068594,-0.113147
0.123351,0.067721,-0.114219
0.123160,0.067739,-0.115350
0.122537,0.068311,-0.115280
0.119596,0.069497,-0.117578
0.117389,0.070598,-0.115646
0.115973,0.071290,-0.117614
0.114636,0.072003,-0.115573
0.112825,0.071832,-0.117519
0.112692,0.071286,-0.118867
0.109649,0.075731,-0.120294
0.107305,0.072239,-0.120077
0.104936,0.073432,-0.120116
0.107106,0.076571,-0.120005
0.102416,0.076892,-0.120149
0.102640,0.078947,-0.118849
0.103072,0.081531,-0.118909
0.100975,0.081664,-0.118903
0.100916,0.082955,-0.119108
0.099666,0.081362,-0.118998
0.100469,0.084377,-0.117646
0.098160,0.086453,-0.119333
0.096884,0.087040,-0.118179
0.096174,0.087149,-0.117829
0.093760,0.088541,-0.117599
0.093392,0.090526,-0.117963
0.091429,0.089927,-0.119925
0.092354,0.094138,-0.117673
0.089607,0.095086,-0.118887
0.088898,0.094640,-0.120060
0.086785,0.095270,-0.119624
0.084802,0.096275,-0.120732
0.084622,0.097329,-0.120107
0.081469,0.097435,-0.118385
0.080306,0.099944,-0.120483
0.081095,0.098155,-0.121397
0.079495,0.099480,-0.123160
0.075098,0.100262,-0.122228
0.076251,0.101531,-0.122473
0.071157,0.099780,-0.124486
0.070114,0.101469,-0.123059
0.068568,0.101707,-0.125595
0.067932,0.105500,-0.125318
0.064285,0.104746,-0.126290
0.062099,0.105132,-0.127262
0.060665,0.102547,-0.128916
0.058914,0.106947,-0.130746
0.056008,0.103991,-0.130471
0.054472,0.104523,-0.131368
0.051421,0.104183,-0.133644
0.048168,0.104608,-0.133695
0.048232,0.104355,-0.135254
0.043089,0.104442,-0.138443
0.042587,0.105650,-0.138937
0.037533,0.103319,-0.140739
0.033825,0.101286,-0.144255
0.026333,0.097813,-0.148749
0.204865,-0.151290,-0.180936
0.210198,-0.146347,-0.178899
0.212204,-0.142075,-0.173271
0.210635,-0.135653,-0.172507
0.212647,-0.132972,-0.170905
0.214142,-0.132294,-0.169301
0.213775,-0.128098,-0.168935
0.213183,-0.124024,-0.163244
0.216240,-0.121656,-0.162485
0.215136,-0.118568,-0.161679
0.214401,-0.117332,-0.162537
0.217497,-0.112459,-0.158458
0.216041,-0.113889,-0.156025
0.216398,-0.109173,-0.156135
0.216999,-0.106799,-0.155808
0.215293,-0.107463,-0.154617
0.214568,-0.101918,-0.154246
0.216896,-0.099203,-0.149282
0.217462,-0.098872,-0.148434
0.216255,-0.094042,-0.146141
0.218949,-0.090833,-0.146557
0.217773,-0.090430,-0.143756
0.219523,-0.087444,-0.143749
0.216954,-0.084042,-0.141671
0.218463,-0.079882,-0.139069
0.219248,-0.079050,-0.139381
0.220503,-0.076975,-0.138034
0.220032,-0.075080,-0.137537
0.218449,-0.070973,-0.135141
0.218965,-0.071026,-0.133809
0.220200,-0.069391,-0.134146
0.221155,-0.066580,-0.133159
0.217939,-0.063087,-0.130785
0.220113,-0.060857,-0.127318
0.220677,-0.057424,-0.129099
0.218223,-0.056566,-0.127010
0.218279,-0.054104,-0.128723
0.216833,-0.051538,-0.125992
0.218639,-0.050244,-0.125712
0.218042,-0.046935,-0.123705
0.217570,-0.046068,-0.121538
0.218197,-0.044588,-0.121578
0.216299,-0.041126,-0.121743
0.217990,-0.040046,-0.120170
0.216838,-0.038887,-0.120525
0.216705,-0.036302,-0.117413
0.215917,-0.034603,-0.117674
0.216780,-0.032906,-0.116843
0.215412,-0.030639,-0.115622
0.215436,-0.030278,-0.114890
0.214625,-0.026355,-0.114145
0.213885,-0.025738,-0.113371
0.213061,-0.023566,-0.112833
0.210973,-0.024394,-0.114202
0.211973,-0.020222,-0.112036
0.211363,-0.018172,-0.111118
0.211735,-0.017196,-0.110056
0.208384,-0.016439,-0.112353
0.209234,-0.014276,-0.111091
0.209749,-0.013183,-0.110365
0.210374,-0.010925,-0.109405
0.208429,-0.007319,-0.111331
0.208594,-0.007232,-0.107720
0.205411,-0.006438,-0.109222
0.204580,-0.004043,-0.107920
0.205589,-0.005739,-0.106857
0.204761,-0.000918,-0.106865
0.204537,0.000691,-0.105031
0.202504,-0.001149,-0.107893
0.202519,0.001999,-0.106136
0.202907,0.001599,-0.106420
0.201294,0.005046,-0.106284
0.198870,0.006989,-0.104308
0.200186,0.006462,-0.105210
0.197607,0.006464,-0.105951
0.196533,0.008040,-0.103371
0.195352,0.013684,-0.106246
0.193035,0.012634,-0.104828
0.193615,0.013537,-0.104354
0.193226,0.014639,-0.104238
0.192662,0.016662,-0.103793
0.193115,0.017385,-0.103785
0.189506,0.016592,-0.103500
0.187893,0.019588,-0.103560
0.186344,0.021427,-0.102072
0.186902,0.020660,-0.103968
0.185715,0.024407,-0.103047
0.182844,0.025789,-0.102504
0.183982,0.027161,-0.104217
0.182986,0.028170,-0.102880
0.181322,0.026497,-0.103433
0.178929,0.028072,-0.102947
0.178089,0.030478,-0.103863
0.177685,0.029155,-0.103707
0.177685,0.032438,-0.104230
0.175305,0.033069,-0.105184
0.172670,0.033368,-0.104328
0.175363,0.035149,-0.103886
0.173044,0.036330,-0.103875
0.171912,0.038338,-0.103461
0.172254,0.034735,-0.103276
0.169752,0.038953,-0.100719
0.167009,0.041907,-0.104143
0.166403,0.041518,-0.104302
0.164325,0.042609,-0.104267
0.163438,0.042306,-0.104969
0.164659,0.043596,-0.104792
0.162492,0.046957,-0.102970
0.161136,0.045929,-0.104419
0.158930,0.046591,-0.103952
0.156169,0.047439,-0.104776
0.156272,0.048815,-0.104520
0.156069,0.049846,-0.106583
0.151637,0.049301,-0.105279
0.153455,0.052053,-0.106923
0.150222,0.051326,-0.105836
0.148737,0.052447,-0.106142
0.148366,0.053901,-0.107498
0.146031,0.054855,-0.105759
0.144101,0.056320,-0.107921
0.144014,0.055298,-0.107953
0.142213,0.056874,-0.108331
0.141082,0.057552,-0.109231
0.138319,0.057331,-0.107874
0.138207,0.058148,-0.110405
0.137796,0.059306,-0.110632
0.134007,0.060401,-0.109671
0.133768,0.063207,-0.110791
0.132595,0.062387,-0.110277
0.129867,0.063740,-0.110035
0.128942,0.064016,-0.111382
0.127573,0.064020,-0.113351
0.126520,0.067257,-0.112397
0.125464,0.067109,-0.113707
0.122473,0.065885,-0.114087
0.119587,0.067032,-0.114744
0.120082,0.066610,-0.115362
0.117472,0.068756,-0.115948
0.115009,0.070258,-0.115708
0.113844,0.068992,-0.116451
0.111845,0.067737,-0.117295
0.110060,0.070554,-0.117882
0.108184,0.071839,-0.120104
0.106605,0.069542,-0.120185
0.104306,0.071330,-0.119337
0.102881,0.072922,-0.119692
0.102694,0.073619,-0.120215
0.103311,0.073941,-0.118924
0.101746,0.074928,-0.118819
0.099852,0.076776,-0.118863
0.098199,0.078694,-0.118398
0.097782,0.080064,-0.118042
0.099411,0.081024,-0.117750
0.097837,0.082565,-0.118246
0.096373,0.085167,-0.118460
0.094127,0.086907,-0.117213
0.094506,0.086864,-0.117991
0.092311,0.090314,-0.117929
0.091744,0.090711,-0.116007
0.090859,0.089381,-0.117718
0.090677,0.091405,-0.117624
0.088208,0.093244,-0.116702
0.087623,0.093221,-0.117545
0.086676,0.092667,-0.118100
0.083993,0.093965,-0.119068
0.082098,0.095004,-0.118749
0.079690,0.095966,-0.118914
0.077771,0.096635,-0.119055
0.078470,0.097458,-0.120829
0.075092,0.097699,-0.121481
0.075658,0.097128,-0.121991
0.072075,0.099613,-0.121170
0.069059,0.099736,-0.123520
0.069309,0.100533,-0.124358
0.066215,0.099520,-0.125859
0.063814,0.101793,-0.125078
0.061854,0.103359,-0.128041
0.062929,0.100280,-0.127451
0.060155,0.103060,-0.128444
0.056867,0.102876,-0.130131
0.052998,0.102063,-0.129373
0.052602,0.103941,-0.130771
0.049246,0.102483,-0.131806
0.046133,0.101459,-0.132747
0.044260,0.102148,-0.134924
0.040145,0.101332,-0.138849
0.039522,0.101386,-0.138216
0.034154,0.097162,-0.142233
0.026885,0.095927,-0.146175
0.202980,-0.160394,-0.184022
0.208264,-0.154595,-0.181989
0.211851,-0.148081,-0.175294
0.211889,-0.144248,-0.174172
0.212181,-0.142133,-0.172017
0.215353,-0.139682,-0.170159
0.214478,-0.136264,-0.166669
0.215827,-0.132975,-0.164632
0.213626,-0.130229,-0.164139
0.217885,-0.128165,-0.164838
0.216122,-0.124181,-0.159844
0.216617,-0.122973,-0.160501
0.216590,-0.120346,-0.159610
0.217644,-0.116229,-0.157142
0.218322,-0.114062,-0.155616
0.216712,-0.110097,-0.154495
0.216634,-0.110674,-0.153898
0.216160,-0.107290,-0.151140
0.216301,-0.104967,-0.151214
0.216019,-0.102951,-0.149731
0.216940,-0.100221,-0.148824
0.219059,-0.097408,-0.147593
0.216969,-0.093284,-0.145361
0.218272,-0.092707,-0.142647
0.216069,-0.090373,-0.143710
0.218256,-0.085774,-0.140722
0.217460,-0.086849,-0.140200
0.218910,-0.081662,-0.138888
0.218512,-0.079690,-0.137259
0.220872,-0.078605,-0.136384
0.218201,-0.075224,-0.135485
0.217734,-0.073817,-0.133127
0.217637,-0.072314,-0.133108
0.218199,-0.068672,-0.131235
0.220167,-0.066125,-0.130078
0.219239,-0.063639,-0.128559
0.219075,-0.062599,-0.127123
0.219246,-0.059651,-0.127604
0.219145,-0.057500,-0.125288
0.217270,-0.055917,-0.125058
0.217421,-0.053495,-0.123990
0.217672,-0.050959,-0.122736
0.217792,-0.049062,-0.123729
0.217001,-0.048215,-0.119716
0.217997,-0.043159,-0.120912
0.215681,-0.042066,-0.120995
0.216211,-0.041215,-0.121134
0.215272,-0.039615,-0.119500
0.216353,-0.036642,-0.117373
0.214190,-0.035281,-0.114396
0.214118,-0.033904,-0.115462
0.214120,-0.032261,-0.114168
0.214729,-0.032081,-0.115858
0.211358,-0.029567,-0.112333
0.212087,-0.028368,-0.113222
0.211723,-0.024655,-0.113096
0.208592,-0.024207,-0.113377
0.211825,-0.023935,-0.113119
0.209439,-0.020715,-0.112387
0.209429,-0.019240,-0.113599
0.210237,-0.017350,-0.109836
0.209763,-0.013566,-0.110001
0.206895,-0.014352,-0.109278
0.205801,-0.011782,-0.108068
0.207904,-0.011104,-0.106739
0.207024,-0.008410,-0.106909
0.205538,-0.006793,-0.105701
0.205079,-0.005235,-0.107605
0.204948,-0.004429,-0.104548
0.204590,-0.002771,-0.105182
0.203230,-0.001304,-0.103255
0.203003,-0.000958,-0.105327
0.200128,0.001069,-0.105102
0.200199,0.003759,-0.105967
0.200278,0.003182,-0.105525
0.197696,0.004559,-0.103928
0.198297,0.007613,-0.104746
0.196012,0.008110,-0.104444
0.197440,0.008817,-0.103429
0.195977,0.009615,-0.104316
0.195265,0.011210,-0.103299
0.190010,0.013245,-0.104010
0.194309,0.012627,-0.102082
0.190087,0.015809,-0.103825
0.190421,0.016909,-0.103738
0.189042,0.016381,-0.104427
0.186449,0.017689,-0.103363
0.184851,0.019701,-0.102742
0.186740,0.020121,-0.100445
0.184673,0.022902,-0.102293
0.182946,0.022640,-0.102829
0.182687,0.023348,-0.102641
0.182037,0.025167,-0.103508
0.179610,0.025971,-0.102871
0.178674,0.028340,-0.102356
0.177058,0.028663,-0.103411
0.176491,0.030855,-0.100567
0.175713,0.031073,-0.101897
0.174980,0.030747,-0.103314
0.172452,0.031298,-0.102853
0.172681,0.034971,-0.105121
0.169546,0.033027,-0.104778
0.167780,0.035403,-0.103345
0.167272,0.035926,-0.102474
0.168094,0.036926,-0.102762
0.165989,0.037818,-0.102547
0.164759,0.038643,-0.103783
0.163817,0.041762,-0.104975
0.162825,0.043052,-0.104052
0.159861,0.042454,-0.103727
0.159368,0.045291,-0.102894
0.159172,0.045311,-0.101764
0.156131,0.045209,-0.103851
0.155901,0.046640,-0.105008
0.154331,0.048533,-0.103847
0.154020,0.047927,-0.105754
0.153687,0.047924,-0.106526
0.147802,0.050114,-0.106181
0.149579,0.049099,-0.104176
0.147858,0.049998,-0.106928
0.146810,0.050833,-0.107039
0.144812,0.054619,-0.106425
0.143629,0.052222,-0.107951
0.142318,0.053641,-0.107539
0.139498,0.056688,-0.109028
0.139575,0.056856,-0.107943
0.138255,0.056386,-0.108326
0.135477,0.056620,-0.108058
0.135134,0.058806,-0.110931
0.134402,0.059866,-0.109752
0.133255,0.060812,-0.110572
0.129190,0.058473,-0.110859
0.128942,0.061338,-0.109044
0.127450,0.062153,-0.110686
0.124663,0.062669,-0.109810
0.123041,0.063229,-0.112702
0.121534,0.063128,-0.113289
0.120378,0.065371,-0.112358
0.118374,0.065596,-0.114523
0.116760,0.065795,-0.116550
0.116446,0.064317,-0.116326
0.112799,0.065690,-0.116469
0.110542,0.068093,-0.116269
0.110659,0.066692,-0.117257
0.107744,0.068358,-0.116538
0.106114,0.068105,-0.118600
0.103827,0.069114,-0.118932
0.104940,0.069497,-0.119194
0.102471,0.073015,-0.120790
0.099090,0.072728,-0.119192
0.101129,0.074420,-0.120575
0.099551,0.074899,-0.119239
0.097816,0.075586,-0.118911
0.098280,0.076642,-0.117286
0.096735,0.078468,-0.116736
0.095401,0.079863,-0.119417
0.095821,0.080039,-0.118409
0.093446,0.082779,-0.116225
0.095139,0.086260,-0.116073
0.091739,0.084806,-0.117476
0.091503,0.087949,-0.118386
0.091334,0.088534,-0.115609
0.090018,0.089187,-0.116345
0.086568,0.090410,-0.116664
0.084355,0.090696,-0.117231
0.085207,0.092873,-0.120105
0.084318,0.092675,-0.118861
0.082537,0.090480,-0.118290
0.081470,0.093454,-0.118535
0.078570,0.094989,-0.120556
0.076504,0.093182,-0.119816
0.075469,0.095916,-0.121580
0.075118,0.095952,-0.121450
0.070581,0.095544,-0.122026
0.071360,0.096090,-0.123390
0.066067,0.097468,-0.122024
0.065591,0.098302,-0.123978
0.065004,0.099934,-0.122922
0.064847,0.096604,-0.123904
0.062752,0.099029,-0.125862
0.058754,0.099670,-0.127351
0.056138,0.100586,-0.125387
0.054183,0.100472,-0.128690
0.051826,0.099209,-0.131825
0.050808,0.099917,-0.131236
0.047616,0.102138,-0.132346
0.043611,0.098903,-0.131871
0.041607,0.099655,-0.136388
0.039277,0.101144,-0.136637
0.034229,0.098121,-0.140289
0.027937,0.093170,-0.145714
0.206531,-0.163324,-0.184733
0.209192,-0.156953,-0.179391
0.212790,-0.148537,-0.174662
0.213126,-0.147352,-0.170664
0.213306,-0.145106,-0.171785
0.215419,-0.143535,-0.169125
0.215806,-0.138483,-0.167065
0.215633,-0.136386,-0.166180
0.215615,-0.134667,-0.163020
0.216407,-0.130836,-0.162198
0.216490,-0.128325,-0.160794
0.215294,-0.123670,-0.158265
0.217611,-0.123655,-0.158766
0.215406,-0.123389,-0.157165
0.216264,-0.118847,-0.156989
0.214858,-0.115507,-0.155739
0.217684,-0.113376,-0.153483
0.215226,-0.110531,-0.151776
0.216948,-0.108859,-0.149260
0.215021,-0.106569,-0.150975
0.217340,-0.102640,-0.146749
0.220083,-0.103007,-0.146025
0.216255,-0.099302,-0.146055
0.218681,-0.098559,-0.144602
0.218576,-0.094598,-0.144265
0.217078,-0.090869,-0.142390
0.218500,-0.090309,-0.140393
0.217732,-0.086723,-0.138034
0.217477,-0.083447,-0.139106
0.218736,-0.084432,-0.137820
0.218489,-0.081786,-0.136646
0.215564,-0.078800,-0.133768
0.219403,-0.076083,-0.130534
0.217491,-0.074614,-0.132357
0.218003,-0.072358,-0.129692
0.217901,-0.068260,-0.129132
0.217302,-0.067465,-0.130498
0.220367,-0.063291,-0.125412
0.216133,-0.063211,-0.126401
0.218984,-0.060760,-0.124534
0.217785,-0.056701,-0.123290
0.216213,-0.056659,-0.122493
0.216252,-0.053184,-0.122675
0.217248,-0.050678,-0.119095
0.216131,-0.051128,-0.121601
0.217003,-0.048770,-0.119096
0.215669,-0.046597,-0.120615
0.218355,-0.042988,-0.121084
0.216768,-0.042190,-0.117333
0.214991,-0.041631,-0.118349
0.211944,-0.041576,-0.117022
0.214774,-0.035613,-0.116184
0.212821,-0.035130,-0.115785
0.213444,-0.033454,-0.113639
0.212633,-0.032449,-0.114697
0.212299,-0.029725,-0.113388
0.212597,-0.029200,-0.114950
0.211175,-0.026918,-0.111945
0.210001,-0.025664,-0.112616
0.209993,-0.025050,-0.109589
0.209591,-0.023011,-0.111948
0.209026,-0.018927,-0.110491
0.206586,-0.017029,-0.107924
0.206736,-0.016970,-0.109114
0.206091,-0.016364,-0.107712
0.206212,-0.013223,-0.107116
0.206210,-0.011668,-0.105872
0.204696,-0.012057,-0.105401
0.204918,-0.008898,-0.105326
0.204688,-0.008673,-0.106339
0.204708,-0.004808,-0.105517
0.203079,-0.004334,-0.104948
0.202551,-0.001824,-0.102844
0.200137,-0.001880,-0.102409
0.199910,-0.001086,-0.102076
0.198910,0.000139,-0.105435
0.197999,0.003055,-0.103665
0.196962,0.003670,-0.103308
0.195592,0.004349,-0.103606
0.195371,0.005191,-0.102662
0.194509,0.008457,-0.103116
0.193246,0.009964,-0.102369
0.191454,0.008268,-0.101893
0.192202,0.009905,-0.101994
0.191748,0.011602,-0.102311
0.187715,0.013154,-0.102263
0.187420,0.015433,-0.101815
0.187599,0.015716,-0.102437
0.187348,0.017097,-0.103158
0.184006,0.018906,-0.102647
0.183861,0.019779,-0.102705
0.184967,0.019979,-0.103168
0.181910,0.022392,-0.102801
0.179627,0.022940,-0.100008
0.181517,0.026525,-0.102607
0.180625,0.022999,-0.101630
0.177479,0.025688,-0.100494
0.177624,0.027508,-0.100331
0.175485,0.028150,-0.102116
0.171673,0.028842,-0.102579
0.172752,0.029790,-0.102876
0.171964,0.031527,-0.102418
0.170536,0.032461,-0.100715
0.171219,0.034397,-0.102369
0.167656,0.035078,-0.101343
0.166169,0.036855,-0.102547
0.164862,0.038172,-0.102168
0.165802,0.035659,-0.101803
0.161491,0.038860,-0.103618
0.163674,0.038074,-0.103369
0.160447,0.040998,-0.102250
0.160505,0.039227,-0.102467
0.157342,0.042759,-0.101685
0.158031,0.042607,-0.103798
0.155852,0.043528,-0.104212
0.154910,0.046994,-0.103652
0.152941,0.047033,-0.105365
0.151673,0.046501,-0.106132
0.150106,0.045740,-0.104338
0.147587,0.048062,-0.103568
0.147688,0.049662,-0.102859
0.146539,0.049049,-0.105930
0.145738,0.050348,-0.106269
0.144867,0.051112,-0.106758
0.142576,0.052734,-0.106965
0.141117,0.053230,-0.106392
0.139497,0.052833,-0.105171
0.139342,0.054337,-0.107259
0.134970,0.055045,-0.106669
0.133428,0.056447,-0.108178
0.130713,0.056356,-0.109491
0.131789,0.058748,-0.108360
0.130313,0.060563,-0.109810
0.125870,0.059729,-0.110360
0.127623,0.060897,-0.109780
0.124105,0.059201,-0.111066
0.122707,0.059059,-0.110285
0.122632,0.061091,-0.111485
0.118232,0.061461,-0.111395
0.119036,0.063866,-0.112550
0.117025,0.063970,-0.114581
0.114863,0.064099,-0.113625
0.114179,0.064066,-0.115544
0.112030,0.062781,-0.115475
0.109745,0.064602,-0.115948
0.108100,0.063801,-0.117914
0.105270,0.066549,-0.117990
0.103369,0.067760,-0.118476
0.102688,0.065822,-0.119039
0.102155,0.070270,-0.118794
0.100136,0.069391,-0.119320
0.098961,0.071005,-0.117702
0.098625,0.072246,-0.119287
0.099609,0.074177,-0.117931
0.095791,0.073261,-0.117828
0.095513,0.073235,-0.118533
0.094065,0.076796,-0.118794
0.094467,0.079339,-0.117458
0.094187,0.079087,-0.117189
0.092348,0.082792,-0.116803
0.090548,0.082152,-0.116363
0.093681,0.085490,-0.114181
0.090632,0.086493,-0.116211
0.087476,0.085548,-0.118399
0.085611,0.086913,-0.116202
0.084645,0.086590,-0.118741
0.086277,0.089642,-0.116831
0.082173,0.088034,-0.117851
0.083301,0.092110,-0.118732
0.079840,0.091206,-0.118976
0.078638,0.090358,-0.118252
0.077213,0.091382,-0.121354
0.075216,0.093705,-0.121435
0.073762,0.091496,-0.120423
0.071023,0.094635,-0.120440
0.070513,0.091638,-0.121186
0.067023,0.095765,-0.123370
0.065504,0.097942,-0.123273
0.064393,0.096005,-0.124567
0.061147,0.097138,-0.123106
0.062088,0.098925,-0.125955
0.058990,0.098214,-0.126515
0.054727,0.097360,-0.127987
0.052695,0.098792,-0.129379
0.054017,0.099494,-0.129012
0.048969,0.097717,-0.129662
0.048428,0.097024,-0.131274
0.046126,0.098556,-0.133035
0.043658,0.096273,-0.135413
0.039007,0.097248,-0.135308
0.033852,0.096997,-0.139633
0.028918,0.092418,-0.144716
0.206751,-0.164848,-0.182419
0.209292,-0.159509,-0.179142
0.213043,-0.155898,-0.173879
0.213742,-0.152054,-0.170315
0.214225,-0.148714,-0.169656
0.216520,-0.147413,-0.166795
0.215278,-0.142899,-0.165364
0.215944,-0.140675,-0.163007
0.216231,-0.136495,-0.163789
0.215633,-0.136751,-0.160795
0.216829,-0.131248,-0.158185
0.219113,-0.130277,-0.159623
0.216490,-0.127223,-0.158006
0.217291,-0.124663,-0.154929
0.217189,-0.123485,-0.154501
0.217301,-0.120499,-0.153575
0.218061,-0.116103,-0.152690
0.217790,-0.116719,-0.152862
0.216363,-0.112547,-0.150069
0.215941,-0.111355,-0.148728
0.216173,-0.108930,-0.149126
0.218340,-0.106945,-0.146670
0.215642,-0.104203,-0.145728
0.216591,-0.102767,-0.146143
0.214803,-0.100650,-0.144004
0.216888,-0.096303,-0.142551
0.218445,-0.095294,-0.139258
0.218496,-0.092975,-0.139149
0.218925,-0.089515,-0.137436
0.218902,-0.087533,-0.138095
0.218437,-0.085904,-0.136358
0.217153,-0.082314,-0.135156
0.217713,-0.080537,-0.132646
0.217560,-0.076552,-0.132487
0.217838,-0.075932,-0.134045
0.218107,-0.072674,-0.130584
0.216512,-0.071675,-0.128979
0.218262,-0.071474,-0.130503
0.216600,-0.067154,-0.127877
0.218024,-0.065927,-0.125925
0.215877,-0.063723,-0.124680
0.217378,-0.059933,-0.123327
0.215678,-0.059494,-0.123075
0.217300,-0.057214,-0.121945
0.214959,-0.053689,-0.120747
0.215592,-0.054262,-0.120580
0.216096,-0.050597,-0.121186
0.214923,-0.048225,-0.117576
0.213694,-0.047838,-0.119350
0.214981,-0.045735,-0.115985
0.215551,-0.041947,-0.118587
0.213375,-0.040065,-0.115835
0.213950,-0.041672,-0.114036
0.213825,-0.038690,-0.115016
0.212510,-0.035736,-0.114186
0.212752,-0.035002,-0.113588
0.209962,-0.032400,-0.112588
0.210065,-0.033109,-0.112098
0.210346,-0.028167,-0.112259
0.208512,-0.028878,-0.110334
0.208045,-0.029527,-0.111188
0.208045,-0.023917,-0.109102
0.208251,-0.022464,-0.108352
0.207943,-0.022937,-0.108047
0.206508,-0.020453,-0.108302
0.207498,-0.017745,-0.109153
0.205562,-0.017241,-0.108622
0.205299,-0.015620,-0.105540
0.202928,-0.014902,-0.107465
0.203176,-0.010090,-0.105783
0.205218,-0.009089,-0.104791
0.201481,-0.008956,-0.105543
0.204758,-0.005755,-0.103891
0.202219,-0.004192,-0.103425
0.200232,-0.004539,-0.102241
0.198667,-0.002927,-0.101942
0.198161,-0.001990,-0.102479
0.196843,-0.001102,-0.102845
0.197235,-0.000070,-0.101835
0.195103,0.000327,-0.100514
0.194418,0.002966,-0.101047
0.194740,0.002789,-0.101290
0.191847,0.006182,-0.102416
0.192643,0.006295,-0.100299
0.190752,0.008726,-0.101694
0.191487,0.008749,-0.102458
0.188927,0.011947,-0.101110
0.187513,0.011658,-0.101720
0.187710,0.012897,-0.100107
0.185357,0.014676,-0.100157
0.185110,0.016546,-0.099311
0.182600,0.017494,-0.100441
0.183320,0.018275,-0.101302
0.182537,0.019533,-0.100859
0.180860,0.020968,-0.101477
0.178959,0.021664,-0.101389
0.177756,0.023193,-0.102013
0.176046,0.022288,-0.101468
0.175745,0.026049,-0.099714
0.174524,0.024938,-0.102816
0.173859,0.027836,-0.102516
0.173226,0.027728,-0.098968
0.172336,0.029214,-0.100838
0.169848,0.029862,-0.102920
0.169237,0.032405,-0.100409
0.167719,0.032822,-0.100201
0.165476,0.033154,-0.100286
0.166296,0.035611,-0.101048
0.165564,0.035113,-0.102714
0.163509,0.036308,-0.100683
0.163023,0.037372,-0.101962
0.163166,0.038521,-0.101835
0.159803,0.038021,-0.102994
0.158924,0.039555,-0.103524
0.155426,0.041754,-0.102255
0.155613,0.042917,-0.102159
0.152779,0.040649,-0.102421
0.152131,0.043607,-0.102379
0.151869,0.044370,-0.103510
0.151544,0.045958,-0.104246
0.148756,0.046948,-0.104246
0.145934,0.047977,-0.104395
0.144542,0.047035,-0.102243
0.146766,0.049648,-0.104958
0.142901,0.050838,-0.105437
0.143262,0.052186,-0.105169
0.141485,0.051787,-0.105925
0.139933,0.052689,-0.104956
0.137140,0.051685,-0.105461
0.136968,0.053644,-0.105825
0.134001,0.053304,-0.105914
0.134503,0.054762,-0.109316
0.131097,0.056252,-0.108703
0.128187,0.054146,-0.107938
0.128218,0.056219,-0.107286
0.127712,0.056909,-0.108006
0.126730,0.056620,-0.110132
0.122988,0.060157,-0.107931
0.121668,0.059683,-0.111445
0.120368,0.058764,-0.112042
0.119947,0.061236,-0.113541
0.117423,0.060501,-0.114014
0.114405,0.061323,-0.112034
0.112929,0.061706,-0.114976
0.111530,0.060933,-0.113945
0.109785,0.064287,-0.113295
0.110561,0.064136,-0.115769
0.106318,0.064405,-0.115028
0.102951,0.064104,-0.117535
0.102684,0.062904,-0.117876
0.102231,0.065117,-0.118730
0.098478,0.065196,-0.119902
0.097598,0.066808,-0.118540
0.095414,0.069074,-0.119283
0.095564,0.068261,-0.118252
0.095677,0.071724,-0.117695
0.096518,0.073557,-0.118586
0.094414,0.074232,-0.119136
0.093822,0.074707,-0.117925
0.092891,0.075159,-0.117321
0.089726,0.076441,-0.118202
0.089781,0.079630,-0.116169
0.088284,0.080586,-0.115960
0.088685,0.082253,-0.116397
0.086826,0.081254,-0.115853
0.084708,0.084744,-0.117152
0.084926,0.084022,-0.117487
0.084380,0.086757,-0.116564
0.082560,0.087703,-0.117910
0.080677,0.087771,-0.118739
0.079548,0.088268,-0.118318
0.076021,0.087950,-0.118546
0.076554,0.090456,-0.118810
0.074059,0.091365,-0.118270
0.073741,0.090613,-0.119641
0.071236,0.090957,-0.121729
0.069121,0.091664,-0.121544
0.067092,0.093497,-0.119835
0.067371,0.094744,-0.121341
0.065243,0.094144,-0.122039
0.062872,0.094052,-0.122986
0.061807,0.094971,-0.123050
0.060899,0.096332,-0.123826
0.055880,0.094622,-0.126959
0.052937,0.095329,-0.127778
0.050239,0.096725,-0.126561
0.049158,0.096233,-0.129390
0.046738,0.095783,-0.130540
0.044503,0.096170,-0.132595
0.040705,0.096817,-0.131767
0.037532,0.093676,-0.134203
0.035919,0.091773,-0.135843
0.207809,-0.171397,-0.183045
0.212217,-0.164774,-0.176368
0.215039,-0.158606,-0.173434
0.213995,-0.156025,-0.171964
0.213934,-0.153501,-0.169040
0.215452,-0.152737,-0.164983
0.215151,-0.146336,-0.164995
0.216613,-0.143310,-0.163671
0.218065,-0.141388,-0.162634
0.217141,-0.138338,-0.162093
0.218430,-0.137194,-0.158520
0.218255,-0.132472,-0.155923
0.219091,-0.131450,-0.156275
0.215956,-0.130004,-0.156955
0.218852,-0.124665,-0.156028
0.217069,-0.124328,-0.154899
0.218368,-0.122230,-0.152710
0.217227,-0.120087,-0.150778
0.218604,-0.117332,-0.149833
0.217064,-0.113159,-0.149508
0.219635,-0.113607,-0.146653
0.216957,-0.111692,-0.146544
0.216847,-0.108416,-0.146831
0.219825,-0.107396,-0.145680
0.217008,-0.103712,-0.142765
0.216644,-0.102130,-0.142175
0.218072,-0.100487,-0.140233
0.218566,-0.097449,-0.140564
0.216421,-0.093022,-0.139674
0.220309,-0.091399,-0.137356
0.217040,-0.089408,-0.135646
0.216314,-0.087507,-0.135312
0.218243,-0.085980,-0.134752
0.215150,-0.084826,-0.135386
0.214581,-0.080950,-0.130803
0.215308,-0.079990,-0.130321
0.217173,-0.075647,-0.128779
0.216771,-0.073486,-0.127000
0.218418,-0.071586,-0.127605
0.215401,-0.070035,-0.125609
0.217320,-0.067089,-0.125803
0.218260,-0.065891,-0.125504
0.214538,-0.064089,-0.125252
0.214518,-0.061150,-0.123261
0.214136,-0.058150,-0.124787
0.216394,-0.057347,-0.120069
0.214379,-0.055369,-0.120029
0.214124,-0.055627,-0.119532
0.214923,-0.052742,-0.117973
0.215026,-0.051357,-0.118621
0.214271,-0.047981,-0.115611
0.212246,-0.047512,-0.115489
0.212688,-0.044010,-0.114523
0.213441,-0.044599,-0.115949
0.211950,-0.039702,-0.114524
0.211675,-0.038690,-0.112584
0.210528,-0.036169,-0.113834
0.208778,-0.036557,-0.111921
0.209637,-0.035993,-0.112136
0.212173,-0.032576,-0.110710
0.207659,-0.030943,-0.110168
0.207292,-0.028746,-0.110755
0.207800,-0.028418,-0.108861
0.205399,-0.026530,-0.109314
0.205273,-0.023957,-0.107574
0.204792,-0.021261,-0.107930
0.205423,-0.023011,-0.107175
0.205883,-0.021337,-0.106786
0.204057,-0.017407,-0.105421
0.204065,-0.016931,-0.104313
0.202869,-0.013530,-0.105350
0.203367,-0.013453,-0.102927
0.201734,-0.010873,-0.105007
0.200721,-0.011092,-0.103353
0.201294,-0.008512,-0.102041
0.200897,-0.007418,-0.103028
0.200274,-0.006623,-0.101248
0.198197,-0.004774,-0.103894
0.198293,-0.002623,-0.102122
0.195920,-0.002690,-0.101592
0.195270,-0.000451,-0.100170
0.193934,0.001422,-0.102823
0.192468,0.001490,-0.100226
0.193172,0.004826,-0.099297
0.193031,0.005244,-0.098069
0.189524,0.005968,-0.102065
0.188047,0.007789,-0.100098
0.189389,0.011115,-0.100453
0.188333,0.011980,-0.100683
0.187202,0.010706,-0.100720
0.184841,0.011651,-0.099850
0.185426,0.013642,-0.100127
0.184726,0.013693,-0.099551
0.182910,0.016345,-0.098578
0.181504,0.016578,-0.099099
0.181859,0.017114,-0.097864
0.179805,0.019133,-0.100151
0.177362,0.020462,-0.097586
0.176638,0.021859,-0.098079
0.174772,0.022824,-0.098861
0.175710,0.023570,-0.101820
0.173628,0.025558,-0.097607
0.173255,0.024449,-0.100345
0.171469,0.025322,-0.101239
0.171281,0.028604,-0.099932
0.169557,0.027983,-0.098813
0.166844,0.029886,-0.099545
0.167876,0.031230,-0.102965
0.167821,0.031020,-0.100961
0.165488,0.031829,-0.102124
0.162161,0.033799,-0.101677
0.160401,0.034680,-0.102171
0.159557,0.036451,-0.102365
0.158169,0.035961,-0.102532
0.156612,0.036684,-0.102602
0.157379,0.039133,-0.101876
0.156597,0.039731,-0.102419
0.153979,0.041501,-0.102163
0.153197,0.043077,-0.102391
0.151361,0.042224,-0.101157
0.148675,0.042337,-0.101881
0.149975,0.042469,-0.103838
0.148970,0.045216,-0.102458
0.145388,0.045073,-0.103244
0.144604,0.046250,-0.102204
0.143211,0.045638,-0.104821
0.142087,0.050257,-0.103160
0.140397,0.050412,-0.102905
0.138179,0.049847,-0.104267
0.139360,0.051181,-0.105466
0.134811,0.051878,-0.105044
0.135066,0.053047,-0.104959
0.130867,0.051350,-0.106945
0.131011,0.053117,-0.106334
0.129361,0.053983,-0.108050
0.129559,0.055157,-0.107905
0.127836,0.054889,-0.106966
0.125586,0.057261,-0.109461
0.122584,0.056350,-0.107954
0.121692,0.058463,-0.111450
0.121188,0.059198,-0.110966
0.119526,0.058681,-0.111263
0.117755,0.060176,-0.110863
0.116505,0.060169,-0.111931
0.115410,0.058066,-0.111209
0.111566,0.060955,-0.112382
0.111485,0.062308,-0.114970
0.106302,0.059800,-0.116243
0.104868,0.060962,-0.114622
0.104891,0.062122,-0.116362
0.102475,0.062190,-0.117277
0.099477,0.063100,-0.116233
0.099951,0.064056,-0.119222
0.096861,0.064161,-0.117213
0.095033,0.064433,-0.120837
0.093640,0.066760,-0.119470
0.093376,0.067382,-0.121377
0.092380,0.069102,-0.119298
0.091046,0.068998,-0.118822
0.090879,0.072793,-0.118742
0.090198,0.073344,-0.118224
0.090427,0.075767,-0.117530
0.088545,0.076709,-0.119804
0.087174,0.078895,-0.118563
0.088348,0.079510,-0.115242
0.085621,0.080637,-0.116989
0.085655,0.078692,-0.115319
0.084140,0.083956,-0.116485
0.082369,0.080078,-0.116759
0.081458,0.084978,-0.117234
0.078246,0.084601,-0.116658
0.079484,0.086690,-0.119183
0.074933,0.087649,-0.117217
0.075349,0.086420,-0.118419
0.074616,0.086483,-0.117874
0.071681,0.089291,-0.116125
0.069568,0.088821,-0.119379
0.070157,0.090977,-0.120326
0.070213,0.090711,-0.119187
0.063710,0.091420,-0.119467
0.065538,0.090734,-0.120709
0.062629,0.091715,-0.120726
0.061278,0.092609,-0.122480
0.056384,0.093640,-0.125194
0.055530,0.092942,-0.125375
0.054596,0.093034,-0.125910
0.051727,0.091047,-0.128315
0.049341,0.093494,-0.127915
0.048197,0.094219,-0.129182
0.044786,0.090939,-0.130585
0.041252,0.090518,-0.132375
0.039515,0.091381,-0.135509
0.033017,0.090920,-0.136799
0.205403,-0.180418,-0.186148
0.206487,-0.175972,-0.184211
0.209962,-0.172671,-0.179716
0.217166,-0.160815,-0.172107
0.213977,-0.160760,-0.170004
0.215951,-0.156902,-0.169634
0.216896,-0.155118,-0.166791
0.216975,-0.151423,-0.164930
0.217100,-0.145875,-0.164852
0.217093,-0.146312,-0.161785
0.217714,-0.143221,-0.159852
0.218759,-0.139060,-0.159370
0.218852,-0.138323,-0.157272
0.215410,-0.134229,-0.155653
0.217317,-0.134413,-0.155001
0.218934,-0.129622,-0.153770
0.220013,-0.129098,-0.152619
0.218782,-0.124861,-0.152745
0.219561,-0.124241,-0.151532
0.219661,-0.122282,-0.149402
0.218057,-0.120799,-0.148038
0.219596,-0.115461,-0.147469
0.218855,-0.114618,-0.146044
0.214805,-0.113019,-0.146909
0.217087,-0.111730,-0.142859
0.217026,-0.107779,-0.142683
0.216129,-0.105665,-0.141819
0.217040,-0.104588,-0.141636
0.216550,-0.102266,-0.140260
0.218164,-0.099216,-0.138526
0.216751,-0.097759,-0.136388
0.217192,-0.094821,-0.137383
0.216851,-0.091408,-0.136864
0.215093,-0.091973,-0.134654
0.217306,-0.089902,-0.135252
0.214784,-0.088623,-0.134250
0.216527,-0.083244,-0.129207
0.214871,-0.082180,-0.130942
0.216781,-0.079156,-0.130488
0.217851,-0.076902,-0.127054
0.215249,-0.076570,-0.128414
0.216546,-0.073988,-0.125109
0.215525,-0.071826,-0.125967
0.213485,-0.070183,-0.124123
0.213151,-0.066362,-0.123306
0.214934,-0.064664,-0.121803
0.214965,-0.061410,-0.121617
0.213679,-0.060513,-0.120763
0.214557,-0.059593,-0.119771
0.212914,-0.056095,-0.120222
0.213396,-0.055204,-0.118347
0.212924,-0.054727,-0.117300
0.211691,-0.051780,-0.117204
0.213529,-0.047703,-0.116557
0.211262,-0.046735,-0.114814
0.212474,-0.044640,-0.114336
0.211176,-0.044547,-0.114673
0.209572,-0.041163,-0.112178
0.211050,-0.039035,-0.112425
0.209090,-0.038773,-0.111468
0.208588,-0.037550,-0.110783
0.207716,-0.034600,-0.110299
0.207606,-0.032876,-0.109646
0.207492,-0.032861,-0.108739
0.206680,-0.030296,-0.109365
0.206099,-0.028468,-0.110056
0.205839,-0.029262,-0.106874
0.208335,-0.025546,-0.107637
0.204947,-0.022408,-0.106929
0.205405,-0.023086,-0.106831
0.201659,-0.020963,-0.106948
0.203738,-0.018155,-0.106221
0.202861,-0.018128,-0.105083
0.200539,-0.015888,-0.103484
0.200482,-0.012545,-0.104105
0.199911,-0.012672,-0.103690
0.201759,-0.009336,-0.103244
0.198491,-0.008300,-0.103024
0.196894,-0.007422,-0.101011
0.197967,-0.005931,-0.102389
0.197191,-0.004423,-0.101478
0.198185,-0.004870,-0.101624
0.197275,-0.001239,-0.101292
0.197500,-0.000239,-0.101875
0.192433,0.000030,-0.100937
0.193229,0.001296,-0.097926
0.191023,0.004440,-0.098757
0.189676,0.003766,-0.100092
0.189535,0.005124,-0.098552
0.188747,0.004749,-0.098711
0.189728,0.006493,-0.098221
0.187331,0.010264,-0.098711
0.186201,0.011283,-0.099107
0.184188,0.010286,-0.100437
0.186884,0.012240,-0.098907
0.183665,0.014211,-0.097734
0.181249,0.014798,-0.100394
0.180902,0.013477,-0.099307
0.181023,0.019122,-0.098838
0.178401,0.019761,-0.098527
0.176855,0.018209,-0.100076
0.175388,0.019358,-0.098831
0.174869,0.021538,-0.098875
0.174496,0.021440,-0.097118
0.173532,0.023300,-0.097861
0.170772,0.025221,-0.098820
0.169997,0.025653,-0.097292
0.169899,0.025078,-0.101171
0.167554,0.026430,-0.098228
0.169696,0.028957,-0.100471
0.166003,0.031120,-0.100473
0.164883,0.031850,-0.101696
0.163007,0.031462,-0.099574
0.160218,0.032744,-0.099948
0.159833,0.034092,-0.101274
0.157912,0.034286,-0.100805
0.157617,0.036040,-0.101577
0.157222,0.037796,-0.100837
0.156072,0.035292,-0.100835
0.154482,0.037725,-0.100551
0.154540,0.041247,-0.100014
0.153414,0.040768,-0.100405
0.150605,0.038156,-0.101731
0.149750,0.040456,-0.102329
0.148175,0.043388,-0.101472
0.146136,0.043678,-0.103012
0.145529,0.043362,-0.102333
0.144743,0.045239,-0.103286
0.139942,0.046092,-0.105027
0.139754,0.047020,-0.103882
0.137904,0.047892,-0.103585
0.137816,0.049861,-0.102818
0.134693,0.048456,-0.105605
0.133323,0.050441,-0.105618
0.135147,0.049988,-0.104384
0.132544,0.049157,-0.104048
0.129017,0.051462,-0.105552
0.126434,0.053114,-0.105311
0.128052,0.054043,-0.108770
0.124950,0.053191,-0.108878
0.123297,0.053785,-0.108846
0.124001,0.055142,-0.108370
0.119674,0.054775,-0.110731
0.118858,0.057016,-0.108485
0.117080,0.057229,-0.109071
0.114827,0.057467,-0.110834
0.114430,0.058751,-0.113188
0.111606,0.059297,-0.111324
0.110078,0.058580,-0.111376
0.109232,0.059494,-0.112977
0.106003,0.059781,-0.114221
0.104083,0.060435,-0.115223
0.103459,0.060072,-0.114429
0.103221,0.058353,-0.117716
0.097781,0.060882,-0.116575
0.094590,0.062528,-0.118615
0.095649,0.063561,-0.116969
0.094361,0.063988,-0.120656
0.091810,0.064212,-0.120896
0.091548,0.064787,-0.120022
0.088314,0.065394,-0.119554
0.087861,0.066673,-0.118817
0.087155,0.067712,-0.121188
0.086296,0.070691,-0.118228
0.085983,0.070621,-0.119469
0.085931,0.071621,-0.117807
0.084255,0.074953,-0.116769
0.085412,0.074203,-0.115976
0.084504,0.077060,-0.117015
0.081710,0.078392,-0.118343
0.082156,0.080153,-0.116351
0.080392,0.078808,-0.116610
0.080306,0.081032,-0.116180
0.077184,0.081603,-0.116456
0.077472,0.083467,-0.117159
0.075541,0.084142,-0.119655
0.073376,0.084419,-0.117692
0.070697,0.087420,-0.119223
0.072666,0.087428,-0.119764
0.068999,0.087726,-0.119698
0.067618,0.087201,-0.121006
0.066257,0.088102,-0.118522
0.065232,0.091109,-0.119140
0.062147,0.088730,-0.121530
0.059018,0.089822,-0.123271
0.059383,0.089883,-0.125557
0.054968,0.091676,-0.124492
0.054520,0.090560,-0.124776
0.051435,0.089807,-0.126211
0.051415,0.090825,-0.126972
0.046410,0.092642,-0.127359
0.043868,0.090554,-0.130308
0.041140,0.088820,-0.133418
0.036997,0.089929,-0.134209
0.034230,0.090176,-0.137239
0.207443,-0.180641,-0.182457
0.210589,-0.175384,-0.179649
0.215214,-0.167733,-0.172288
0.214408,-0.165506,-0.170676
0.216090,-0.161491,-0.168339
0.219138,-0.158383,-0.165670
0.218240,-0.154916,-0.166701
0.215640,-0.153000,-0.161466
0.218380,-0.147476,-0.161853
0.218967,-0.146204,-0.159973
0.219949,-0.144462,-0.157289
0.219080,-0.142533,-0.156366
0.218878,-0.140063,-0.155505
0.218982,-0.137787,-0.153491
0.217488,-0.134608,-0.154835
0.218644,-0.130611,-0.153992
0.217946,-0.131088,-0.151609
0.216963,-0.129015,-0.150261
0.218646,-0.126508,-0.147963
0.218150,-0.121820,-0.148021
0.219201,-0.122231,-0.147630
0.217721,-0.120702,-0.146144
0.216905,-0.117497,-0.147583
0.217791,-0.116290,-0.143327
0.215898,-0.113710,-0.143888
0.216756,-0.109405,-0.141128
0.218136,-0.108241,-0.140273
0.217366,-0.106364,-0.140350
0.217965,-0.103557,-0.140558
0.218412,-0.101175,-0.140085
0.217340,-0.099723,-0.136292
0.216830,-0.097080,-0.135978
0.216502,-0.096032,-0.135851
0.215614,-0.094393,-0.133882
0.217687,-0.089989,-0.131094
0.215784,-0.089493,-0.131896
0.214856,-0.086982,-0.131003
0.215336,-0.084953,-0.130051
0.216630,-0.081193,-0.131694
0.216071,-0.080027,-0.128456
0.214845,-0.078536,-0.128032
0.215745,-0.076099,-0.125969
0.216350,-0.074316,-0.122818
0.214688,-0.071062,-0.124522
0.216154,-0.068450,-0.122879
0.213972,-0.069105,-0.121114
0.214062,-0.067962,-0.121564
0.215543,-0.066132,-0.119993
0.212452,-0.063081,-0.119513
0.213253,-0.060694,-0.117365
0.215884,-0.059124,-0.116370
0.211860,-0.054828,-0.114607
0.212705,-0.053939,-0.115677
0.212308,-0.053126,-0.114973
0.212875,-0.050496,-0.114920
0.212658,-0.047598,-0.114488
0.209662,-0.046297,-0.112219
0.210311,-0.046313,-0.113127
0.211592,-0.044307,-0.111408
0.208991,-0.042421,-0.112274
0.206952,-0.038793,-0.111628
0.207355,-0.037000,-0.111067
0.208271,-0.036390,-0.110058
0.205999,-0.035188,-0.109711
0.207930,-0.033262,-0.108222
0.206171,-0.031744,-0.109141
0.206352,-0.030350,-0.108120
0.203259,-0.029423,-0.107725
0.204669,-0.026788,-0.106314
0.205079,-0.025726,-0.105972
0.201512,-0.023597,-0.104378
0.201180,-0.020480,-0.104174
0.202167,-0.021019,-0.103404
0.200542,-0.019074,-0.104245
0.201368,-0.017546,-0.103188
0.199940,-0.016623,-0.104520
0.198926,-0.012949,-0.102642
0.197947,-0.010846,-0.100628
0.198506,-0.010708,-0.102418
0.197261,-0.008904,-0.101844
0.196116,-0.008207,-0.100480
0.195504,-0.006431,-0.101761
0.193888,-0.006867,-0.100727
0.196828,-0.003186,-0.101507
0.193424,-0.003836,-0.098046
0.193871,0.000437,-0.099328
0.190873,-0.000966,-0.099526
0.190777,0.002362,-0.100474
0.188878,0.004987,-0.098472
0.187955,0.006543,-0.096881
0.187791,0.006931,-0.097779
0.187013,0.006790,-0.096679
0.184498,0.009166,-0.097166
0.185165,0.010212,-0.098040
0.183523,0.009050,-0.099987
0.183751,0.010381,-0.097098
0.181686,0.012454,-0.097586
0.181276,0.014883,-0.096700
0.178751,0.015477,-0.098271
0.177285,0.017754,-0.096505
0.177326,0.016533,-0.099307
0.176858,0.018339,-0.097113
0.175096,0.019733,-0.097767
0.175122,0.018922,-0.099346
0.172914,0.020173,-0.098601
0.169791,0.023825,-0.097956
0.171154,0.022514,-0.096899
0.167555,0.024667,-0.098212
0.167906,0.026085,-0.098890
0.168117,0.025292,-0.098608
0.166887,0.027137,-0.098933
0.164139,0.028422,-0.097947
0.164845,0.028506,-0.097200
0.161931,0.029200,-0.099140
0.159628,0.030430,-0.099953
0.161013,0.032757,-0.098628
0.158300,0.033123,-0.101109
0.156831,0.033457,-0.099355
0.154165,0.035457,-0.099750
0.156547,0.035743,-0.099562
0.150468,0.035544,-0.099527
0.152183,0.036487,-0.100677
0.149180,0.039084,-0.101847
0.148989,0.040638,-0.100901
0.148672,0.040792,-0.100022
0.147175,0.041972,-0.100803
0.146143,0.040908,-0.101827
0.142898,0.043445,-0.103222
0.141484,0.043927,-0.100713
0.141237,0.044097,-0.102837
0.140145,0.045195,-0.102670
0.137055,0.046315,-0.102975
0.136237,0.045273,-0.104915
0.134656,0.048248,-0.103989
0.132727,0.047747,-0.103506
0.131538,0.048714,-0.105887
0.130107,0.050313,-0.104534
0.129679,0.050839,-0.107540
0.128327,0.052317,-0.107156
0.124148,0.052948,-0.105714
0.123452,0.053573,-0.108480
0.121655,0.052170,-0.107011
0.118512,0.053585,-0.107828
0.118861,0.054517,-0.109011
0.117574,0.053546,-0.108173
0.113621,0.054418,-0.108744
0.112919,0.054353,-0.110218
0.112610,0.057359,-0.112110
0.110976,0.058725,-0.112517
0.109329,0.056729,-0.111358
0.106674,0.057199,-0.113042
0.104325,0.058259,-0.113396
0.100300,0.058377,-0.115631
0.100572,0.060229,-0.116288
0.098995,0.059960,-0.114890
0.097413,0.060398,-0.116777
0.095116,0.062483,-0.117018
0.095105,0.061633,-0.118494
0.092435,0.059728,-0.117741
0.089397,0.062021,-0.117692
0.087498,0.063500,-0.119474
0.087738,0.065446,-0.120859
0.085195,0.063798,-0.120416
0.084095,0.065335,-0.122480
0.083173,0.068350,-0.119554
0.083351,0.068574,-0.119771
0.082978,0.070783,-0.118077
0.082873,0.072187,-0.117942
0.081639,0.072751,-0.117352
0.080946,0.075365,-0.118209
0.081997,0.076679,-0.118409
0.079411,0.077060,-0.117116
0.078715,0.077541,-0.116543
0.076117,0.079673,-0.116316
0.074989,0.078965,-0.118241
0.073003,0.081706,-0.116389
0.071634,0.084055,-0.117541
0.070308,0.083450,-0.118369
0.070184,0.085618,-0.117140
0.067825,0.085072,-0.116786
0.066901,0.087827,-0.118083
0.065646,0.085330,-0.120670
0.063933,0.086747,-0.120747
0.060372,0.085228,-0.122286
0.057003,0.087946,-0.121920
0.057839,0.088689,-0.122027
0.055129,0.088072,-0.124372
0.051690,0.085860,-0.122416
0.050182,0.087500,-0.125884
0.048751,0.088340,-0.125581
0.046128,0.087529,-0.127386
0.042356,0.085303,-0.130141
0.040052,0.087758,-0.133244
0.035819,0.084475,-0.134863
0.208243,-0.184768,-0.182537
0.211079,-0.179059,-0.179553
0.212618,-0.173398,-0.174673
0.216138,-0.170151,-0.171010
0.215740,-0.167155,-0.170106
0.217290,-0.162069,-0.167509
0.217572,-0.161428,-0.165957
0.217766,-0.157606,-0.165938
0.217272,-0.153258,-0.163149
0.218447,-0.151164,-0.159591
0.218291,-0.149235,-0.157829
0.218671,-0.145678,-0.156586
0.219212,-0.142507,-0.155294
0.218003,-0.141147,-0.156198
0.220325,-0.139570,-0.155192
0.220366,-0.134760,-0.152681
0.219455,-0.136143,-0.152116
0.219864,-0.131294,-0.150629
0.218449,-0.131223,-0.150446
0.219847,-0.128162,-0.146302
0.218579,-0.124419,-0.146935
0.219255,-0.123221,-0.146142
0.216483,-0.120841,-0.145621
0.218643,-0.118286,-0.143125
0.216699,-0.117608,-0.141959
0.217515,-0.116331,-0.139842
0.217733,-0.112963,-0.140952
0.216647,-0.111487,-0.140523
0.216725,-0.107034,-0.137393
0.217112,-0.107664,-0.139158
0.214392,-0.104466,-0.137519
0.215289,-0.103711,-0.136871
0.214642,-0.100697,-0.135572
0.214803,-0.096961,-0.134629
0.215561,-0.096182,-0.133781
0.216806,-0.096202,-0.132239
0.216674,-0.090851,-0.131130
0.214527,-0.089725,-0.130746
0.216096,-0.086182,-0.129954
0.215575,-0.085675,-0.127036
0.215786,-0.083216,-0.128991
0.216192,-0.082325,-0.126367
0.215035,-0.078021,-0.126613
0.213832,-0.077166,-0.124745
0.215087,-0.075644,-0.125383
0.212372,-0.073717,-0.122567
0.216004,-0.071760,-0.122877
0.214162,-0.070515,-0.121532
0.212951,-0.065997,-0.119253
0.212432,-0.064131,-0.118488
0.213107,-0.062796,-0.117176
0.213181,-0.059489,-0.116845
0.213197,-0.060574,-0.115290
0.211450,-0.055965,-0.114711
0.213199,-0.056243,-0.116663
0.209409,-0.052167,-0.115773
0.211061,-0.052252,-0.112906
0.208459,-0.050538,-0.114070
0.210228,-0.045554,-0.112116
0.208175,-0.045272,-0.112293
0.209438,-0.044130,-0.109297
0.206556,-0.042741,-0.108511
0.207722,-0.041444,-0.110818
0.205745,-0.040097,-0.109365
0.206732,-0.036979,-0.109112
0.206346,-0.036452,-0.108652
0.202828,-0.036795,-0.107293
0.204502,-0.033714,-0.106999
0.204431,-0.030999,-0.106097
0.201479,-0.029601,-0.106533
0.203310,-0.029262,-0.105575
0.201460,-0.026955,-0.104876
0.200724,-0.024597,-0.105051
0.200620,-0.021715,-0.103961
0.199602,-0.022655,-0.104722
0.197593,-0.019013,-0.102574
0.199197,-0.018419,-0.101889
0.198258,-0.015610,-0.101607
0.198123,-0.015400,-0.100622
0.197570,-0.014888,-0.100351
0.196070,-0.011835,-0.101009
0.195303,-0.010419,-0.099736
0.193856,-0.010678,-0.099585
0.193754,-0.007877,-0.101689
0.193058,-0.007016,-0.099047
0.190184,-0.004925,-0.098954
0.190698,-0.004827,-0.101110
0.190683,-0.001585,-0.098772
0.191042,-0.001152,-0.097918
0.188754,0.001232,-0.098531
0.187701,0.002057,-0.099492
0.188371,0.002857,-0.097423
0.186976,0.004411,-0.097413
0.185744,0.004534,-0.096297
0.183043,0.005371,-0.097114
0.183063,0.007308,-0.097003
0.183466,0.007681,-0.098643
0.181317,0.010972,-0.095767
0.181100,0.012508,-0.097564
0.180193,0.012198,-0.096397
0.176620,0.013387,-0.096346
0.176728,0.015628,-0.097786
0.176682,0.015701,-0.097232
0.176280,0.016025,-0.097718
0.174323,0.017528,-0.096714
0.175821,0.020483,-0.097094
0.173285,0.019404,-0.098392
0.170284,0.020798,-0.098530
0.170685,0.023356,-0.097908
0.167707,0.021981,-0.100931
0.165517,0.023223,-0.096674
0.166809,0.026069,-0.098021
0.163975,0.027241,-0.096028
0.163842,0.028267,-0.095210
0.163161,0.027242,-0.098087
0.160123,0.029536,-0.099993
0.158928,0.029629,-0.098311
0.158819,0.030556,-0.098050
0.155223,0.033087,-0.099561
0.155797,0.031356,-0.098404
0.154631,0.034062,-0.097889
0.153626,0.036761,-0.099041
0.152712,0.035051,-0.100327
0.150669,0.037165,-0.099466
0.149714,0.037871,-0.098629
0.147945,0.038912,-0.100627
0.147269,0.039576,-0.097602
0.145678,0.039475,-0.101078
0.144263,0.040959,-0.101229
0.142963,0.043042,-0.098539
0.141296,0.041687,-0.103408
0.138277,0.043481,-0.102325
0.138931,0.044189,-0.100699
0.135376,0.044316,-0.102907
0.135666,0.045561,-0.103291
0.133555,0.046612,-0.105089
0.130549,0.047545,-0.102953
0.130288,0.046855,-0.104129
0.129041,0.047382,-0.105897
0.127357,0.048616,-0.105536
0.124632,0.047568,-0.105577
0.124279,0.048222,-0.105540
0.121887,0.051685,-0.106548
0.120137,0.051859,-0.106838
0.119753,0.050409,-0.105993
0.116665,0.051575,-0.107880
0.115572,0.053133,-0.106392
0.113405,0.054519,-0.109162
0.111786,0.054794,-0.110931
0.110102,0.055369,-0.112851
0.107081,0.056236,-0.111255
0.107960,0.056142,-0.114085
0.104004,0.057431,-0.112610
0.102872,0.058040,-0.113566
0.102679,0.056774,-0.114661
0.099247,0.056356,-0.115035
0.099144,0.057844,-0.115776
0.095228,0.057672,-0.116364
0.094723,0.059931,-0.116863
0.092287,0.059965,-0.117804
0.091356,0.060948,-0.116688
0.089036,0.060704,-0.119844
0.086686,0.059916,-0.119932
0.084774,0.059828,-0.120925
0.082420,0.062067,-0.119865
0.081886,0.061530,-0.120743
0.080384,0.063932,-0.121987
0.078252,0.062815,-0.122854
0.078114,0.064990,-0.121260
0.077828,0.068979,-0.119192
0.079212,0.069590,-0.119868
0.076814,0.071819,-0.118097
0.075961,0.073764,-0.117704
0.076896,0.074509,-0.118165
0.074577,0.074735,-0.116998
0.073586,0.078097,-0.117687
0.072919,0.080090,-0.117865
0.071743,0.078238,-0.119146
0.069890,0.079569,-0.117624
0.068111,0.081506,-0.116087
0.066971,0.083282,-0.118192
0.064530,0.081391,-0.119045
0.063907,0.082622,-0.120452
0.062185,0.084792,-0.122174
0.058893,0.084069,-0.122850
0.058721,0.085423,-0.120562
0.056113,0.085855,-0.121839
0.053129,0.085524,-0.122992
0.049154,0.084639,-0.126536
0.050825,0.085359,-0.126943
0.046923,0.085098,-0.126738
0.045714,0.084404,-0.126411
0.040979,0.084747,-0.132506
0.036935,0.083140,-0.134459
0.032040,0.081901,-0.136980
0.204693,-0.194959,-0.184253
0.208961,-0.186534,-0.180584
0.213737,-0.178700,-0.174279
0.212830,-0.174250,-0.169500
0.214616,-0.173441,-0.169823
0.216039,-0.168927,-0.167134
0.218856,-0.165590,-0.165903
0.217964,-0.158701,-0.163149
0.218138,-0.158386,-0.160008
0.219774,-0.155270,-0.158858
0.219858,-0.151172,-0.157231
0.220019,-0.149614,-0.158824
0.222064,-0.147336,-0.156016
0.218351,-0.145885,-0.153946
0.220652,-0.142513,-0.152843
0.220743,-0.140818,-0.149295
0.219913,-0.137890,-0.151274
0.221096,-0.137748,-0.148605
0.218278,-0.134078,-0.149293
0.219599,-0.133489,-0.148368
0.219333,-0.128564,-0.143677
0.218180,-0.127456,-0.147301
0.218186,-0.124076,-0.143794
0.218736,-0.123387,-0.144661
0.217190,-0.119774,-0.141999
0.218250,-0.118732,-0.141586
0.216639,-0.117097,-0.140492
0.217915,-0.116241,-0.141233
0.218197,-0.113744,-0.139156
0.216591,-0.111004,-0.137115
0.215132,-0.107714,-0.136620
0.215378,-0.103903,-0.135229
0.216782,-0.105208,-0.135111
0.215634,-0.103158,-0.133953
0.216987,-0.101789,-0.133292
0.215500,-0.100162,-0.133660
0.215561,-0.097919,-0.132858
0.215170,-0.093749,-0.129141
0.216303,-0.093212,-0.128384
0.215523,-0.087347,-0.128161
0.213968,-0.086972,-0.126375
0.215552,-0.088402,-0.124791
0.213003,-0.085754,-0.125034
0.212490,-0.082867,-0.123534
0.213341,-0.080541,-0.123687
0.215108,-0.078927,-0.123194
0.214339,-0.074822,-0.123043
0.212527,-0.072327,-0.123040
0.211431,-0.071716,-0.120085
0.210101,-0.070084,-0.118306
0.212549,-0.067647,-0.119041
0.213356,-0.065021,-0.116232
0.211761,-0.064251,-0.114104
0.211502,-0.064372,-0.117355
0.211281,-0.060378,-0.115214
0.209508,-0.060089,-0.115538
0.211306,-0.054841,-0.114168
0.210458,-0.054582,-0.111457
0.209837,-0.053681,-0.113610
0.208904,-0.050301,-0.110281
0.209787,-0.048388,-0.110828
0.208808,-0.047902,-0.111044
0.208287,-0.045617,-0.110340
0.207570,-0.044914,-0.108143
0.207542,-0.043519,-0.109697
0.206534,-0.042247,-0.108849
0.206200,-0.039252,-0.108827
0.205597,-0.036962,-0.106075
0.204231,-0.035675,-0.107910
0.202996,-0.031507,-0.106904
0.204449,-0.032078,-0.105591
0.201391,-0.031550,-0.104881
0.202526,-0.028374,-0.105111
0.200938,-0.029019,-0.104054
0.199568,-0.025775,-0.104040
0.199329,-0.025547,-0.102700
0.197559,-0.023461,-0.105178
0.199870,-0.021279,-0.102334
0.196607,-0.017919,-0.101664
0.195793,-0.018844,-0.101489
0.196609,-0.016624,-0.100015
0.196168,-0.014226,-0.100109
0.194342,-0.014964,-0.100332
0.195209,-0.010690,-0.099390
0.195059,-0.011428,-0.097882
0.194063,-0.009920,-0.098784
0.191709,-0.008806,-0.099633
0.190637,-0.007463,-0.098450
0.189822,-0.003409,-0.099818
0.189717,-0.003237,-0.098062
0.187749,-0.001484,-0.097775
0.188418,-0.000935,-0.096615
0.187002,-0.000094,-0.096341
0.185543,0.002023,-0.096669
0.185920,0.002798,-0.097816
0.185327,0.002697,-0.096937
0.184284,0.002529,-0.097666
0.183100,0.006930,-0.095349
0.181768,0.006729,-0.095347
0.182023,0.007947,-0.096132
0.180387,0.009044,-0.094313
0.177946,0.010540,-0.097316
0.178009,0.011278,-0.094612
0.175253,0.014436,-0.094442
0.175423,0.014409,-0.096254
0.172924,0.013932,-0.094303
0.171342,0.017885,-0.093727
0.172027,0.019262,-0.095321
0.169785,0.018688,-0.096924
0.168185,0.020677,-0.096915
0.169637,0.022906,-0.094740
0.168002,0.021689,-0.097977
0.164353,0.022973,-0.094695
0.163854,0.025784,-0.097116
0.162353,0.024343,-0.095532
0.160029,0.026784,-0.097085
0.160334,0.027260,-0.095685
0.160924,0.027226,-0.099514
0.158948,0.030102,-0.096122
0.155431,0.028938,-0.097199
0.158255,0.030380,-0.097563
0.153552,0.031355,-0.100733
0.154216,0.032669,-0.099496
0.150285,0.033411,-0.100079
0.150590,0.034078,-0.098017
0.149712,0.034966,-0.098535
0.148465,0.036903,-0.099388
0.145659,0.038040,-0.098963
0.143745,0.037063,-0.099831
0.144007,0.036846,-0.100206
0.140495,0.039484,-0.099742
0.140414,0.040019,-0.100866
0.139464,0.039244,-0.100452
0.136425,0.042044,-0.101919
0.136030,0.043643,-0.102143
0.134003,0.041723,-0.101176
0.132641,0.043841,-0.104480
0.131722,0.045251,-0.104726
0.128645,0.045139,-0.102502
0.129349,0.044821,-0.103928
0.125868,0.045362,-0.104782
0.124443,0.045546,-0.106354
0.123585,0.047167,-0.107012
0.121933,0.046821,-0.106571
0.120058,0.048587,-0.106290
0.118486,0.051176,-0.106602
0.118303,0.049420,-0.107623
0.112590,0.051583,-0.107161
0.113639,0.051381,-0.108692
0.111394,0.053655,-0.110168
0.109163,0.054535,-0.108828
0.108433,0.053084,-0.109959
0.106642,0.052473,-0.109941
0.104332,0.052518,-0.111028
0.103520,0.053555,-0.112361
0.100695,0.054023,-0.114055
0.099478,0.054289,-0.113872
0.094696,0.056666,-0.115629
0.094948,0.055592,-0.113533
0.091495,0.055152,-0.114859
0.091711,0.057918,-0.116348
0.088417,0.057737,-0.116783
0.086400,0.057771,-0.119183
0.085842,0.055898,-0.121619
0.084396,0.058161,-0.121854
0.081207,0.058971,-0.120814
0.080109,0.059627,-0.121670
0.079060,0.059898,-0.121995
0.077284,0.060915,-0.122003
0.076219,0.061960,-0.121548
0.074733,0.063901,-0.120950
0.075035,0.064756,-0.122268
0.075039,0.067075,-0.119360
0.075353,0.068274,-0.118109
0.073927,0.069703,-0.119742
0.074987,0.072125,-0.118408
0.071439,0.074149,-0.116407
0.069090,0.073580,-0.118580
0.070299,0.075683,-0.118267
0.070728,0.074727,-0.118372
0.068071,0.079048,-0.118029
0.065747,0.079075,-0.118778
0.064554,0.079302,-0.119327
0.061418,0.080709,-0.119759
0.060404,0.080031,-0.120506
0.060127,0.080169,-0.118531
0.057818,0.082308,-0.122070
0.055473,0.081351,-0.122654
0.053382,0.080472,-0.122732
0.050133,0.082171,-0.125749
0.050239,0.082095,-0.123836
0.047768,0.080517,-0.125816
0.043599,0.083141,-0.128466
0.039193,0.079862,-0.132086
0.203687,-0.200764,-0.184697
0.207193,-0.193961,-0.183106
0.209855,-0.184922,-0.174536
0.215371,-0.179927,-0.171693
0.214536,-0.179248,-0.167130
0.215132,-0.173011,-0.169196
0.218020,-0.168299,-0.165647
0.218032,-0.167582,-0.162720
0.219252,-0.165156,-0.162031
0.220253,-0.162378,-0.159052
0.218875,-0.156309,-0.157869
0.219121,-0.155594,-0.156474
0.220730,-0.154091,-0.156101
0.219168,-0.150341,-0.153823
0.219327,-0.147193,-0.154129
0.219294,-0.144200,-0.152345
0.219816,-0.142856,-0.149545
0.220061,-0.140148,-0.147871
0.220164,-0.138627,-0.148945
0.219411,-0.135767,-0.146653
0.219130,-0.133739,-0.147157
0.218679,-0.131564,-0.145229
0.219026,-0.127804,-0.145092
0.217633,-0.128524,-0.144107
0.218216,-0.125170,-0.143214
0.218116,-0.123386,-0.140476
0.218703,-0.121010,-0.141003
0.218014,-0.118871,-0.139047
0.218965,-0.115143,-0.136880
0.216791,-0.114996,-0.137686
0.217489,-0.110641,-0.137727
0.215845,-0.109591,-0.134954
0.215242,-0.108569,-0.135722
0.215038,-0.106660,-0.135315
0.215485,-0.107448,-0.133035
0.216693,-0.103965,-0.129601
0.215059,-0.101458,-0.130535
0.214413,-0.097962,-0.131482
0.215175,-0.096667,-0.128526
0.215958,-0.093840,-0.128952
0.213415,-0.093212,-0.128730
0.215027,-0.090274,-0.125730
0.215045,-0.089870,-0.127012
0.214528,-0.086332,-0.126876
0.214418,-0.084189,-0.124387
0.214345,-0.082045,-0.122889
0.213401,-0.079941,-0.123111
0.212098,-0.076701,-0.121418
0.213087,-0.075009,-0.121469
0.211699,-0.075101,-0.120406
0.212431,-0.074143,-0.118658
0.211367,-0.070205,-0.118120
0.212755,-0.067791,-0.118017
0.212160,-0.066644,-0.117122
0.210364,-0.066232,-0.117309
0.209562,-0.060721,-0.115250
0.211049,-0.060362,-0.113208
0.211104,-0.059830,-0.114165
0.208144,-0.057031,-0.111756
0.208773,-0.058359,-0.113065
0.207991,-0.053820,-0.113534
0.207736,-0.053139,-0.111358
0.206859,-0.049570,-0.109017
0.207402,-0.048494,-0.109801
0.206659,-0.048151,-0.108553
0.207411,-0.046813,-0.108549
0.205793,-0.043587,-0.107975
0.205554,-0.042428,-0.107711
0.203135,-0.038877,-0.105229
0.204714,-0.038875,-0.105390
0.202478,-0.036297,-0.104584
0.201791,-0.034924,-0.106682
0.201680,-0.034467,-0.104471
0.201588,-0.033464,-0.104820
0.199648,-0.029110,-0.102526
0.199936,-0.027926,-0.103715
0.199580,-0.025595,-0.103154
0.198965,-0.025360,-0.101727
0.197270,-0.023746,-0.102168
0.196871,-0.021452,-0.101000
0.196180,-0.019902,-0.101007
0.195272,-0.017818,-0.101618
0.194887,-0.017768,-0.099248
0.195620,-0.017208,-0.099996
0.192941,-0.015379,-0.097989
0.193361,-0.012977,-0.098264
0.192875,-0.011563,-0.097848
0.191577,-0.009425,-0.099362
0.191351,-0.010197,-0.096858
0.190761,-0.006932,-0.096470
0.190790,-0.007282,-0.097418
0.187987,-0.003912,-0.096787
0.187426,-0.002372,-0.096912
0.187265,-0.003083,-0.096900
0.189136,-0.001758,-0.096760
0.185032,-0.000070,-0.096610
0.183490,0.001419,-0.095409
0.183540,0.002922,-0.095844
0.181337,0.004452,-0.097652
0.181900,0.005290,-0.095825
0.181484,0.007093,-0.094688
0.180573,0.008865,-0.095707
0.180116,0.009261,-0.094584
0.176185,0.012159,-0.095883
0.175173,0.012846,-0.095271
0.175434,0.011342,-0.094512
0.174255,0.013280,-0.095514
0.171551,0.016053,-0.095580
0.172072,0.014666,-0.095492
0.170573,0.017668,-0.094316
0.168391,0.017348,-0.095396
0.168773,0.018931,-0.092785
0.166313,0.019508,-0.093870
0.163712,0.018343,-0.092529
0.164098,0.023242,-0.096186
0.164405,0.020695,-0.096551
0.160502,0.024310,-0.096414
0.160204,0.024345,-0.096505
0.157040,0.024887,-0.096774
0.160070,0.027000,-0.096032
0.157542,0.027622,-0.096070
0.154111,0.029958,-0.096410
0.155621,0.028252,-0.097572
0.153068,0.032773,-0.099330
0.152409,0.031859,-0.096265
0.150028,0.032828,-0.096607
0.148515,0.033666,-0.096496
0.147940,0.034566,-0.100053
0.146758,0.034592,-0.097770
0.142732,0.035765,-0.098791
0.144643,0.037171,-0.098358
0.145112,0.038284,-0.099175
0.141028,0.039424,-0.098325
0.140390,0.039344,-0.099871
0.137840,0.039102,-0.100758
0.135743,0.040397,-0.099410
0.135998,0.040816,-0.101354
0.132684,0.040290,-0.100884
0.130147,0.041291,-0.101244
0.130274,0.042237,-0.101174
0.128486,0.041553,-0.102334
0.125735,0.042573,-0.103827
0.124767,0.044327,-0.103633
0.122847,0.045951,-0.103850
0.121501,0.044716,-0.106820
0.120813,0.046467,-0.105689
0.119041,0.047321,-0.104780
0.116685,0.048147,-0.104650
0.115630,0.048773,-0.107351
0.115182,0.049553,-0.108059
0.111736,0.051333,-0.105690
0.109480,0.051316,-0.109963
0.107493,0.050668,-0.108483
0.107471,0.050885,-0.109839
0.105395,0.050342,-0.108925
0.102537,0.053224,-0.110791
0.099589,0.053331,-0.111641
0.097628,0.053078,-0.113684
0.097701,0.052478,-0.114172
0.094188,0.053183,-0.114680
0.092103,0.054301,-0.114740
0.091905,0.054299,-0.116009
0.086271,0.053399,-0.117247
0.086720,0.052850,-0.120058
0.082665,0.055501,-0.120271
0.080945,0.054826,-0.120484
0.079250,0.055594,-0.120736
0.079867,0.054505,-0.122107
0.078137,0.057145,-0.123359
0.076856,0.055842,-0.119768
0.073961,0.060903,-0.119646
0.075574,0.060324,-0.122982
0.073513,0.060125,-0.121647
0.070828,0.062643,-0.122309
0.070925,0.061239,-0.123132
0.069111,0.064171,-0.120254
0.070073,0.065182,-0.119739
0.069543,0.069171,-0.119355
0.070132,0.070896,-0.120651
0.069313,0.071556,-0.118171
0.068595,0.072184,-0.120560
0.064704,0.073759,-0.120297
0.062673,0.073612,-0.118843
0.061769,0.075800,-0.120464
0.062087,0.076223,-0.121666
0.058299,0.074484,-0.121103
0.056441,0.074043,-0.122230
0.054719,0.076579,-0.121922
0.053694,0.078830,-0.122545
0.051724,0.077697,-0.124331
0.048245,0.076972,-0.124290
0.044540,0.079586,-0.125305
0.044332,0.078545,-0.127906
0.201873,-0.205363,-0.190448
0.205116,-0.199924,-0.183281
0.209715,-0.193578,-0.181478
0.215234,-0.187136,-0.175070
0.214695,-0.182262,-0.169105
0.215550,-0.179198,-0.168697
0.215765,-0.174966,-0.166216
0.218115,-0.170312,-0.163817
0.219751,-0.169201,-0.162027
0.219031,-0.165027,-0.160754
0.220575,-0.161348,-0.159825
0.219659,-0.156841,-0.156429
0.221106,-0.156424,-0.154208
0.219960,-0.155552,-0.153567
0.222173,-0.152883,-0.152320
0.220629,-0.148603,-0.150708
0.221324,-0.148435,-0.150467
0.219628,-0.143688,-0.149537
0.221317,-0.143472,-0.148565
0.221209,-0.138887,-0.147430
0.221010,-0.138390,-0.144928
0.221655,-0.135534,-0.142877
0.218719,-0.134910,-0.144239
0.219131,-0.132605,-0.144485
0.219236,-0.129851,-0.142465
0.219715,-0.129686,-0.141665
0.220496,-0.126053,-0.140061
0.217610,-0.122955,-0.140565
0.217853,-0.120421,-0.138802
0.216492,-0.121718,-0.136471
0.217373,-0.117455,-0.136408
0.218719,-0.115507,-0.136453
0.217629,-0.111527,-0.134126
0.217689,-0.110129,-0.134600
0.216289,-0.108810,-0.132016
0.214892,-0.108993,-0.131923
0.215041,-0.103541,-0.132863
0.213841,-0.104207,-0.130504
0.214445,-0.102253,-0.131025
0.214245,-0.098577,-0.129015
0.216917,-0.096593,-0.129382
0.214427,-0.095138,-0.126337
0.214496,-0.093686,-0.126879
0.212207,-0.091485,-0.122119
0.213367,-0.090053,-0.124458
0.211815,-0.087256,-0.124237
0.213079,-0.085464,-0.123730
0.212828,-0.082461,-0.122480
0.211495,-0.081312,-0.121736
0.213253,-0.079314,-0.121424
0.213261,-0.077080,-0.119026
0.211903,-0.075002,-0.119503
0.212905,-0.073948,-0.116498
0.211672,-0.071822,-0.115487
0.210682,-0.067868,-0.115604
0.210074,-0.067300,-0.114921
0.209010,-0.064633,-0.113142
0.209812,-0.066478,-0.114480
0.209325,-0.061244,-0.112940
0.208288,-0.060793,-0.111703
0.210128,-0.057534,-0.110452
0.206663,-0.055750,-0.111003
0.206666,-0.054517,-0.108638
0.205876,-0.054128,-0.109428
0.206407,-0.050597,-0.107533
0.205566,-0.049412,-0.107927
0.206679,-0.049251,-0.107789
0.203874,-0.046898,-0.108346
0.203593,-0.046443,-0.104509
0.203495,-0.044213,-0.106798
0.203617,-0.042517,-0.105361
0.203545,-0.039798,-0.105525
0.202509,-0.040250,-0.103669
0.201489,-0.038639,-0.102422
0.201191,-0.035751,-0.102916
0.201173,-0.033375,-0.102701
0.198632,-0.028519,-0.102962
0.199696,-0.029968,-0.101332
0.197654,-0.029049,-0.099651
0.195837,-0.027624,-0.100699
0.196771,-0.025538,-0.101976
0.198587,-0.024002,-0.101365
0.194302,-0.022360,-0.097770
0.195237,-0.020789,-0.099604
0.193270,-0.018627,-0.100106
0.192657,-0.018063,-0.099801
0.192668,-0.014787,-0.098030
0.193333,-0.015390,-0.097040
0.191290,-0.012716,-0.097259
0.191903,-0.014191,-0.096976
0.188738,-0.010456,-0.098498
0.188929,-0.008096,-0.095988
0.188377,-0.006747,-0.095226
0.190187,-0.008535,-0.094133
0.186209,-0.003771,-0.096792
0.185050,-0.002265,-0.094545
0.183138,-0.001999,-0.093890
0.181698,-0.000297,-0.095230
0.184488,0.002094,-0.095096
0.181358,0.000944,-0.096312
0.180128,0.003476,-0.095139
0.180136,0.004428,-0.095707
0.180118,0.005848,-0.094314
0.177197,0.006030,-0.093233
0.177748,0.008211,-0.094153
0.175015,0.009621,-0.095456
0.174709,0.010205,-0.092917
0.172751,0.011263,-0.093907
0.172161,0.011405,-0.094601
0.170840,0.013448,-0.091556
0.171297,0.012771,-0.095268
0.168538,0.014096,-0.092042
0.167549,0.016684,-0.094637
0.167296,0.017855,-0.093362
0.164082,0.019417,-0.094005
0.164227,0.019547,-0.093832
0.165620,0.022018,-0.093483
0.163154,0.021934,-0.093915
0.160107,0.020359,-0.094333
0.159112,0.022972,-0.095723
0.158177,0.025795,-0.094952
0.155004,0.025462,-0.095182
0.155876,0.025025,-0.097061
0.153319,0.025872,-0.097935
0.153181,0.025918,-0.095056
0.151777,0.029053,-0.094665
0.150808,0.028663,-0.096224
0.150282,0.030954,-0.095869
0.147481,0.030286,-0.096412
0.145463,0.030747,-0.096352
0.144952,0.032725,-0.096475
0.141507,0.032964,-0.098092
0.142507,0.034838,-0.097111
0.141452,0.034777,-0.097367
0.137479,0.035363,-0.098311
0.136657,0.036850,-0.098608
0.134080,0.037802,-0.099119
0.133121,0.039083,-0.100087
0.133255,0.037722,-0.099406
0.131635,0.039274,-0.101777
0.128566,0.037371,-0.100338
0.127980,0.041040,-0.102172
0.125367,0.041192,-0.104045
0.125283,0.039975,-0.102029
0.123720,0.042822,-0.105268
0.121359,0.042785,-0.102570
0.118959,0.044608,-0.104121
0.118753,0.045547,-0.104440
0.116517,0.044464,-0.106298
0.115802,0.047327,-0.105452
0.113744,0.046851,-0.107382
0.113362,0.048813,-0.105529
0.109200,0.047834,-0.107124
0.109457,0.050027,-0.106093
0.105532,0.048318,-0.108435
0.104793,0.051301,-0.107406
0.105214,0.051059,-0.107489
0.101469,0.047858,-0.110801
0.099139,0.051146,-0.109489
0.096879,0.052398,-0.110765
0.095472,0.052888,-0.114780
0.093182,0.051617,-0.113766
0.090808,0.051596,-0.115612
0.088269,0.053375,-0.115814
0.088719,0.053480,-0.117249
0.085492,0.052545,-0.118081
0.083756,0.052046,-0.118704
0.078022,0.053122,-0.119900
0.078709,0.052104,-0.122643
0.074428,0.051795,-0.122903
0.071515,0.051441,-0.124957
0.070556,0.052600,-0.123716
0.068142,0.052496,-0.124469
0.066832,0.053513,-0.127649
0.064975,0.049938,-0.128241
0.060235,0.051398,-0.127110
0.057883,0.051470,-0.131167
0.056757,0.052602,-0.133411
0.055344,0.052569,-0.133005
0.050563,0.050582,-0.134325
0.047831,0.049485,-0.139293
0.060679,0.063059,-0.125928
0.058624,0.066704,-0.124203
0.059756,0.067281,-0.124012
0.058530,0.069409,-0.122083
0.058514,0.070972,-0.123335
0.054921,0.069664,-0.123146
0.052828,0.072912,-0.125237
0.052269,0.071473,-0.123656
0.050996,0.070768,-0.125774
0.048575,0.073069,-0.125819
0.046969,0.073591,-0.124353
0.188462,-0.223338,-0.203140
0.203226,-0.204476,-0.184512
0.207860,-0.198380,-0.180297
0.211641,-0.192933,-0.175300
0.215482,-0.186988,-0.171009
0.214272,-0.184507,-0.168480
0.218474,-0.179150,-0.167566
0.216443,-0.176489,-0.163211
0.219852,-0.173466,-0.164022
0.219791,-0.172475,-0.159980
0.221076,-0.167231,-0.157461
0.221612,-0.162679,-0.155821
0.220590,-0.161741,-0.155374
0.220502,-0.159358,-0.153512
0.221142,-0.157231,-0.153323
0.219552,-0.152361,-0.151546
0.220085,-0.152017,-0.149712
0.220092,-0.148363,-0.149941
0.219147,-0.145323,-0.147280
0.219594,-0.145171,-0.147297
0.220399,-0.142996,-0.144568
0.219782,-0.139858,-0.146067
0.220913,-0.138694,-0.142466
0.220685,-0.136726,-0.141021
0.220990,-0.134748,-0.141589
0.220168,-0.130198,-0.142074
0.220017,-0.128876,-0.140901
0.218018,-0.127509,-0.139518
0.219520,-0.125224,-0.136922
0.218433,-0.124265,-0.137125
0.218125,-0.122069,-0.137164
0.218605,-0.118457,-0.135109
0.216757,-0.116317,-0.133720
0.215666,-0.115337,-0.133212
0.216497,-0.114646,-0.132707
0.215445,-0.112939,-0.131455
0.216475,-0.109502,-0.131409
0.215378,-0.108675,-0.130397
0.215302,-0.105620,-0.130864
0.216997,-0.103065,-0.128643
0.211586,-0.102986,-0.128151
0.213800,-0.101401,-0.126398
0.213345,-0.097542,-0.124883
0.213386,-0.095999,-0.127414
0.211951,-0.094125,-0.124425
0.213025,-0.091970,-0.123397
0.211893,-0.088571,-0.124560
0.212642,-0.086854,-0.120802
0.212364,-0.085676,-0.120038
0.211992,-0.085905,-0.122027
0.210635,-0.081706,-0.121540
0.212080,-0.079996,-0.117892
0.212691,-0.079986,-0.117389
0.211973,-0.076255,-0.117949
0.210550,-0.074421,-0.116431
0.209434,-0.072299,-0.114910
0.210173,-0.070463,-0.114960
0.209123,-0.069653,-0.113368
0.206710,-0.066004,-0.112847
0.209059,-0.065113,-0.112814
0.207524,-0.061315,-0.112514
0.207461,-0.062762,-0.112168
0.207760,-0.061297,-0.109404
0.206801,-0.057017,-0.108885
0.204938,-0.056256,-0.109541
0.205534,-0.055253,-0.110080
0.205056,-0.053873,-0.108379
0.204827,-0.049844,-0.106925
0.201823,-0.051103,-0.107304
0.204648,-0.045645,-0.105617
0.202104,-0.045315,-0.106472
0.202227,-0.044379,-0.105726
0.201938,-0.042420,-0.105591
0.201463,-0.040721,-0.102667
0.202206,-0.040386,-0.105253
0.199313,-0.037192,-0.103045
0.199095,-0.036556,-0.102952
0.198724,-0.035001,-0.102740
0.198499,-0.033867,-0.103232
0.196352,-0.031894,-0.101768
0.196674,-0.029937,-0.099847
0.196663,-0.026310,-0.100023
0.195155,-0.024721,-0.100155
0.195459,-0.022737,-0.097902
0.193058,-0.022251,-0.098755
0.192624,-0.022541,-0.098345
0.192326,-0.019469,-0.098777
0.193147,-0.018820,-0.097817
0.192107,-0.016158,-0.098381
0.190370,-0.013181,-0.096644
0.188920,-0.014117,-0.096132
0.190668,-0.010566,-0.097095
0.188560,-0.010167,-0.097302
0.185612,-0.007874,-0.095474
0.188127,-0.008583,-0.095434
0.187499,-0.008424,-0.095618
0.184166,-0.006512,-0.095765
0.183558,-0.005112,-0.094064
0.182275,-0.003494,-0.095301
0.182839,-0.001366,-0.093911
0.181517,-0.000457,-0.094848
0.181194,0.000707,-0.093523
0.180261,0.002281,-0.093282
0.180209,0.003103,-0.093477
0.176014,0.005382,-0.092752
0.177736,0.004930,-0.093660
0.176732,0.006853,-0.093374
0.174254,0.007765,-0.093622
0.172886,0.007595,-0.092742
0.172193,0.008723,-0.092164
0.169984,0.011084,-0.093668
0.169249,0.012912,-0.093960
0.169252,0.012260,-0.093489
0.168273,0.013805,-0.093656
0.166136,0.017171,-0.092728
0.164755,0.015025,-0.091896
0.165331,0.018472,-0.090888
0.162655,0.018788,-0.092831
0.162083,0.019872,-0.093412
0.160681,0.020107,-0.094120
0.157520,0.021352,-0.093048
0.156727,0.022166,-0.093999
0.157951,0.022381,-0.094003
0.155833,0.025402,-0.094844
0.153976,0.025938,-0.096588
0.153700,0.027665,-0.095120
0.150458,0.026094,-0.095076
0.152109,0.027733,-0.094854
0.148433,0.028419,-0.094892
0.148096,0.030274,-0.096062
0.146805,0.030293,-0.095897
0.143693,0.030402,-0.094191
0.144283,0.031380,-0.097078
0.142106,0.032986,-0.097319
0.140891,0.032477,-0.097828
0.138592,0.034130,-0.097645
0.137704,0.035046,-0.098749
0.136995,0.035354,-0.096182
0.133260,0.036432,-0.098826
0.132229,0.038427,-0.098940
0.130289,0.038703,-0.100125
0.129314,0.038414,-0.100248
0.127823,0.038780,-0.100786
0.126799,0.039043,-0.102859
0.124368,0.039996,-0.102716
0.123024,0.041966,-0.104213
0.120308,0.041455,-0.102486
0.119267,0.042257,-0.103752
0.118473,0.042093,-0.102924
0.115785,0.043225,-0.104987
0.116420,0.044965,-0.104921
0.114600,0.045360,-0.104635
0.112113,0.044744,-0.104540
0.109269,0.048014,-0.105052
0.108671,0.045046,-0.105731
0.107304,0.047365,-0.107493
0.105119,0.048519,-0.106338
0.103390,0.049481,-0.110319
0.101755,0.049843,-0.108612
0.100127,0.050690,-0.110463
0.098142,0.047451,-0.110576
0.095889,0.049970,-0.112294
0.094706,0.049642,-0.112654
0.090985,0.050431,-0.113080
0.089451,0.050159,-0.113780
0.088398,0.050276,-0.114602
0.085430,0.050913,-0.114899
0.083593,0.048515,-0.118283
0.080878,0.051551,-0.117443
0.077551,0.052881,-0.119181
0.076708,0.050480,-0.119666
0.074953,0.051237,-0.120888
0.071014,0.049560,-0.123754
0.068842,0.050193,-0.122412
0.064943,0.050368,-0.124958
0.063968,0.050250,-0.129802
0.061030,0.051304,-0.130121
0.057672,0.050121,-0.130850
0.058165,0.050557,-0.132677
0.053768,0.048037,-0.132408
0.050035,0.048058,-0.135471
0.043873,0.044683,-0.139767
0.041266,0.045690,-0.143541
0.194066,-0.225072,-0.198629
0.200781,-0.213291,-0.189485
0.204999,-0.206456,-0.182705
0.209559,-0.198690,-0.177172
0.215580,-0.194301,-0.172333
0.216477,-0.186276,-0.170125
0.217560,-0.187666,-0.167183
0.217908,-0.180208,-0.165434
0.217178,-0.178954,-0.163636
0.219641,-0.174499,-0.160478
0.220542,-0.170787,-0.158827
0.219248,-0.168118,-0.156486
0.220833,-0.166952,-0.154651
0.222044,-0.164032,-0.155954
0.220823,-0.160892,-0.152924
0.222076,-0.160073,-0.151973
0.220265,-0.156180,-0.149882
0.219834,-0.152048,-0.150454
0.220877,-0.151095,-0.149115
0.219236,-0.146366,-0.147815
0.222414,-0.147650,-0.144150
0.221337,-0.143599,-0.143946
0.220633,-0.141796,-0.143371
0.220711,-0.141324,-0.141588
0.220730,-0.139076,-0.139444
0.220195,-0.136343,-0.140142
0.219905,-0.133938,-0.139678
0.220316,-0.131420,-0.137530
0.216824,-0.130104,-0.138487
0.217912,-0.128400,-0.137611
0.219075,-0.124776,-0.135092
0.217301,-0.124652,-0.135949
0.218614,-0.121838,-0.134400
0.217968,-0.118865,-0.131608
0.217306,-0.116521,-0.130961
0.215929,-0.116826,-0.132643
0.214351,-0.113757,-0.130694
0.216668,-0.110111,-0.130675
0.215043,-0.110469,-0.130286
0.215203,-0.109828,-0.127283
0.215263,-0.107714,-0.128085
0.214172,-0.104821,-0.126240
0.216391,-0.101602,-0.127413
0.212513,-0.101945,-0.125078
0.213477,-0.100807,-0.122822
0.213186,-0.096346,-0.125496
0.211005,-0.094865,-0.120956
0.213556,-0.093263,-0.121552
0.212933,-0.091315,-0.120404
0.211556,-0.089697,-0.119740
0.210103,-0.088030,-0.121028
0.210523,-0.084321,-0.118155
0.209927,-0.081727,-0.118135
0.211134,-0.080415,-0.118308
0.209424,-0.079897,-0.117017
0.211137,-0.076295,-0.115598
0.209671,-0.076370,-0.113434
0.209386,-0.074401,-0.113850
0.208840,-0.070984,-0.115922
0.207701,-0.068903,-0.112059
0.205735,-0.068905,-0.113186
0.207851,-0.065194,-0.112359
0.206657,-0.064314,-0.108990
0.206868,-0.061572,-0.108735
0.205525,-0.060184,-0.110046
0.205748,-0.059469,-0.109507
0.206823,-0.056213,-0.108957
0.204893,-0.055264,-0.106331
0.204293,-0.054701,-0.107838
0.202531,-0.052533,-0.106377
0.203774,-0.050674,-0.106216
0.200674,-0.048939,-0.104897
0.202339,-0.046744,-0.105267
0.200139,-0.045485,-0.104524
0.200697,-0.041768,-0.103381
0.200412,-0.041364,-0.102912
0.200329,-0.041055,-0.103048
0.196612,-0.040238,-0.104818
0.199731,-0.036770,-0.102513
0.197100,-0.037297,-0.100808
0.195778,-0.035216,-0.099485
0.196643,-0.031611,-0.101421
0.196383,-0.030370,-0.101724
0.194031,-0.028959,-0.099541
0.194421,-0.027506,-0.100343
0.192714,-0.027079,-0.098603
0.193141,-0.025066,-0.099147
0.193365,-0.023608,-0.099008
0.191257,-0.020766,-0.096335
0.189900,-0.021001,-0.098793
0.189753,-0.020474,-0.096045
0.188460,-0.018350,-0.095856
0.189465,-0.015985,-0.094557
0.188026,-0.014556,-0.093206
0.187973,-0.014025,-0.095782
0.187978,-0.011971,-0.093102
0.184744,-0.010582,-0.093103
0.185141,-0.010063,-0.093737
0.182640,-0.008295,-0.095225
0.182406,-0.006725,-0.093310
0.181513,-0.006606,-0.093562
0.179621,-0.004844,-0.093358
0.181947,0.000046,-0.094037
0.180118,-0.003132,-0.091243
0.179403,-0.000434,-0.092607
0.176378,0.001476,-0.093119
0.176455,0.001122,-0.092415
0.175760,0.004867,-0.092460
0.174232,0.005433,-0.091079
0.172407,0.006383,-0.092387
0.170666,0.007091,-0.092268
0.172538,0.007488,-0.091567
0.170354,0.010241,-0.092343
0.169202,0.010851,-0.090202
0.167079,0.011193,-0.092938
0.165352,0.011661,-0.092258
0.164878,0.015407,-0.093704
0.165598,0.015427,-0.092849
0.162958,0.015702,-0.091753
0.161464,0.017066,-0.093781
0.160312,0.018154,-0.094442
0.160268,0.019772,-0.092808
0.157870,0.020289,-0.093788
0.155026,0.020014,-0.093062
0.154017,0.021077,-0.093184
0.153002,0.021582,-0.094427
0.151075,0.020562,-0.093394
0.149766,0.023781,-0.094212
0.148788,0.027379,-0.094307
0.149295,0.026447,-0.093776
0.146395,0.028045,-0.093148
0.144568,0.028558,-0.095798
0.145925,0.027591,-0.094434
0.143262,0.028453,-0.098313
0.141521,0.030486,-0.096643
0.138493,0.030458,-0.095935
0.137738,0.032245,-0.098098
0.137044,0.031808,-0.096862
0.133927,0.034341,-0.099774
0.135370,0.034369,-0.099936
0.133106,0.035155,-0.098980
0.129687,0.033192,-0.098402
0.128569,0.035631,-0.099845
0.126078,0.035504,-0.100167
0.125962,0.038490,-0.099307
0.123657,0.038939,-0.101792
0.124269,0.038282,-0.103164
0.121528,0.039366,-0.102557
0.121095,0.038618,-0.100530
0.117025,0.041440,-0.103370
0.117853,0.040625,-0.101295
0.114201,0.041682,-0.102991
0.112219,0.042623,-0.103349
0.112194,0.042999,-0.106599
0.109126,0.043296,-0.105466
0.109528,0.044070,-0.103283
0.107635,0.045039,-0.106198
0.104695,0.043910,-0.106078
0.103056,0.045068,-0.106845
0.101577,0.044907,-0.108214
0.098877,0.046367,-0.110376
0.096061,0.047312,-0.110065
0.095953,0.046613,-0.107324
0.093267,0.048046,-0.110134
0.091883,0.047759,-0.113685
0.088779,0.047539,-0.112355
0.086399,0.046659,-0.114268
0.083775,0.048993,-0.114570
0.082473,0.048358,-0.116839
0.081345,0.047625,-0.118182
0.078305,0.048969,-0.118675
0.076123,0.048968,-0.120600
0.074328,0.051517,-0.122003
0.072025,0.050495,-0.121394
0.069130,0.047545,-0.122337
0.066957,0.047783,-0.124819
0.061422,0.047833,-0.127343
0.059783,0.044898,-0.130786
0.056189,0.047691,-0.130138
0.056035,0.047250,-0.131474
0.053094,0.047332,-0.132247
0.047624,0.046565,-0.136548
0.044715,0.042707,-0.140273
0.037423,0.042088,-0.143433
0.029782,0.037202,-0.150790
0.191541,-0.230633,-0.200165
0.201343,-0.218738,-0.190791
0.202708,-0.212488,-0.183490
0.207960,-0.207255,-0.179136
0.213327,-0.199261,-0.174745
0.215382,-0.194091,-0.172821
0.216039,-0.191424,-0.167006
0.217636,-0.185224,-0.165072
0.217988,-0.184765,-0.163781
0.216133,-0.181154,-0.162045
0.217470,-0.176445,-0.160073
0.221310,-0.173627,-0.159139
0.220361,-0.171742,-0.154953
0.222633,-0.168571,-0.155204
0.221122,-0.165447,-0.152326
0.221497,-0.162616,-0.150519
0.221744,-0.161910,-0.150719
0.218717,-0.159443,-0.148764
0.220043,-0.153926,-0.146985
0.221612,-0.152777,-0.145854
0.221494,-0.149240,-0.145338
0.222033,-0.149138,-0.145368
0.222364,-0.146737,-0.142839
0.220632,-0.143210,-0.142912
0.218775,-0.141500,-0.141485
0.219946,-0.141521,-0.140811
0.219463,-0.138590,-0.138417
0.219577,-0.135619,-0.139115
0.217977,-0.134004,-0.138601
0.219274,-0.132665,-0.136278
0.221083,-0.128346,-0.135964
0.219243,-0.128804,-0.134198
0.217988,-0.125465,-0.134260
0.217762,-0.122635,-0.133073
0.217822,-0.122115,-0.130769
0.217688,-0.117123,-0.131905
0.216729,-0.116475,-0.132148
0.214606,-0.117598,-0.131002
0.216887,-0.113202,-0.129465
0.215045,-0.110516,-0.128277
0.215772,-0.109306,-0.129769
0.215589,-0.108253,-0.127494
0.212906,-0.106613,-0.126519
0.214074,-0.105163,-0.124769
0.213754,-0.103241,-0.123655
0.212315,-0.101291,-0.123819
0.212819,-0.098322,-0.121948
0.213108,-0.097112,-0.120525
0.212621,-0.095802,-0.121085
0.210349,-0.092570,-0.120649
0.210281,-0.090655,-0.122808
0.211104,-0.089431,-0.118189
0.211898,-0.087764,-0.117669
0.210277,-0.084955,-0.117852
0.210179,-0.083063,-0.116239
0.207943,-0.082284,-0.115362
0.208006,-0.080337,-0.115040
0.209091,-0.078636,-0.116921
0.208758,-0.074207,-0.114008
0.209037,-0.075411,-0.113608
0.206731,-0.072428,-0.112173
0.208387,-0.070311,-0.111922
0.207793,-0.068582,-0.110161
0.206876,-0.068554,-0.110040
0.206794,-0.067356,-0.108949
0.205960,-0.062254,-0.107337
0.204634,-0.061658,-0.109186
0.205531,-0.061175,-0.107280
0.203802,-0.059834,-0.106953
0.203006,-0.058759,-0.106246
0.202356,-0.053750,-0.107316
0.202357,-0.053359,-0.104958
0.199212,-0.050872,-0.105374
0.199982,-0.049534,-0.104471
0.200857,-0.048563,-0.104070
0.201887,-0.046808,-0.103189
0.199776,-0.044543,-0.103484
0.197716,-0.043321,-0.101478
0.196023,-0.043072,-0.100951
0.197698,-0.041664,-0.101494
0.195359,-0.041072,-0.101978
0.195482,-0.036241,-0.099528
0.196543,-0.036372,-0.099135
0.194790,-0.033769,-0.100316
0.193185,-0.033197,-0.098986
0.191788,-0.030557,-0.098768
0.192521,-0.030747,-0.099196
0.190826,-0.027695,-0.099298
0.190934,-0.026311,-0.096487
0.189026,-0.025912,-0.097148
0.189565,-0.023958,-0.097324
0.188550,-0.021628,-0.096913
0.188709,-0.020867,-0.093872
0.188874,-0.016688,-0.095448
0.187945,-0.016751,-0.094169
0.187213,-0.014486,-0.093654
0.184601,-0.014480,-0.095341
0.185538,-0.012761,-0.092818
0.185157,-0.009933,-0.094908
0.183679,-0.009575,-0.091078
0.181899,-0.009449,-0.092087
0.180516,-0.006388,-0.091828
0.179228,-0.007532,-0.092518
0.180110,-0.004117,-0.090964
0.178681,-0.004903,-0.091585
0.177142,-0.002896,-0.093696
0.177317,0.000831,-0.091917
0.176050,0.001160,-0.091765
0.173452,0.001948,-0.092531
0.173557,0.002893,-0.090394
0.171863,0.003225,-0.091084
0.172668,0.003272,-0.091522
0.169675,0.007282,-0.090031
0.170786,0.007337,-0.091053
0.169199,0.005849,-0.093210
0.168705,0.010463,-0.091730
0.167131,0.010877,-0.090195
0.166565,0.011870,-0.091763
0.164724,0.012730,-0.091295
0.165496,0.012849,-0.092667
0.161087,0.014393,-0.089087
0.162278,0.015481,-0.090713
0.158558,0.016669,-0.091630
0.158843,0.015561,-0.091437
0.157501,0.020018,-0.092630
0.156074,0.019061,-0.093247
0.154557,0.017550,-0.093362
0.151638,0.021208,-0.093196
0.149117,0.022209,-0.093748
0.150367,0.023496,-0.095333
0.148852,0.022984,-0.093679
0.148006,0.024631,-0.094010
0.147288,0.024862,-0.093680
0.144226,0.028331,-0.095027
0.143484,0.026961,-0.095777
0.140404,0.026196,-0.092804
0.141096,0.029252,-0.096778
0.138448,0.030179,-0.097398
0.137130,0.030372,-0.096164
0.134892,0.031412,-0.095837
0.132066,0.033668,-0.096273
0.132738,0.033822,-0.098900
0.130415,0.031010,-0.098373
0.129030,0.034336,-0.098516
0.128626,0.032329,-0.101042
0.125317,0.033307,-0.099980
0.124943,0.035677,-0.101302
0.124521,0.035647,-0.099291
0.120519,0.036005,-0.101089
0.119669,0.036364,-0.101845
0.118746,0.038523,-0.100911
0.116661,0.037882,-0.101525
0.115101,0.039118,-0.103446
0.111472,0.039153,-0.101291
0.113349,0.038895,-0.104462
0.111314,0.041314,-0.104613
0.109187,0.042311,-0.104427
0.106298,0.042066,-0.104854
0.104525,0.041859,-0.105420
0.103812,0.042856,-0.106460
0.102931,0.044696,-0.107430
0.099776,0.044253,-0.105786
0.099056,0.044570,-0.108492
0.098099,0.046409,-0.109232
0.096137,0.046437,-0.109409
0.091847,0.049794,-0.111409
0.091002,0.046259,-0.110327
0.088569,0.046871,-0.113013
0.085365,0.046334,-0.113468
0.082590,0.045867,-0.114125
0.082327,0.048821,-0.115284
0.079348,0.046566,-0.116886
0.077605,0.047559,-0.117851
0.073949,0.047603,-0.119200
0.071305,0.045569,-0.118818
0.069356,0.046974,-0.122376
0.067932,0.046835,-0.124873
0.064121,0.044408,-0.125312
0.061572,0.044743,-0.125965
0.058526,0.045334,-0.129097
0.055562,0.044866,-0.128831
0.052293,0.044004,-0.131632
0.049487,0.043430,-0.135171
0.042326,0.042849,-0.136919
0.039904,0.039973,-0.139942
0.032915,0.036784,-0.146820
0.191399,-0.234754,-0.199341
0.197909,-0.226804,-0.192205
0.203002,-0.218154,-0.185107
0.207041,-0.211714,-0.181721
0.211121,-0.205030,-0.175992
0.212752,-0.199796,-0.171667
0.214842,-0.196801,-0.168516
0.215991,-0.192874,-0.167142
0.219833,-0.187204,-0.164437
0.217982,-0.184616,-0.160474
0.218292,-0.181200,-0.159645
0.220375,-0.179524,-0.158091
0.221395,-0.174550,-0.156316
0.221732,-0.174095,-0.153687
0.219590,-0.170760,-0.152590
0.219125,-0.166877,-0.154282
0.220268,-0.165297,-0.150568
0.221632,-0.162396,-0.147349
0.221795,-0.160903,-0.148100
0.222579,-0.158479,-0.145701
0.219649,-0.154828,-0.145313
0.221246,-0.153010,-0.145297
0.222526,-0.150868,-0.139985
0.222055,-0.148289,-0.140680
0.221059,-0.144656,-0.141047
0.219743,-0.144452,-0.140870
0.220522,-0.143673,-0.139300
0.220728,-0.139461,-0.137398
0.218781,-0.137257,-0.138853
0.218154,-0.136029,-0.134931
0.219810,-0.135484,-0.134385
0.218405,-0.131927,-0.133721
0.220286,-0.130511,-0.132614
0.219416,-0.128482,-0.131921
0.218604,-0.126310,-0.131239
0.217704,-0.122787,-0.133050
0.215740,-0.121137,-0.129837
0.217639,-0.120620,-0.129910
0.217267,-0.119761,-0.128552
0.215765,-0.116622,-0.128968
0.213956,-0.114057,-0.129736
0.215183,-0.112774,-0.128274
0.212901,-0.110272,-0.126967
0.215975,-0.110084,-0.124954
0.213361,-0.107095,-0.125819
0.214691,-0.104316,-0.121945
0.213732,-0.102419,-0.123623
0.212537,-0.100942,-0.121818
0.210770,-0.099232,-0.122483
0.211783,-0.097731,-0.122024
0.210819,-0.096508,-0.119538
0.209811,-0.094344,-0.119866
0.210154,-0.092617,-0.117560
0.208795,-0.089687,-0.116161
0.209204,-0.086784,-0.116802
0.210722,-0.085482,-0.115981
0.208110,-0.084592,-0.114762
0.206904,-0.082383,-0.113454
0.209718,-0.081236,-0.114494
0.207655,-0.080124,-0.112568
0.207134,-0.076575,-0.112075
0.206414,-0.074289,-0.112731
0.206829,-0.073185,-0.110950
0.206402,-0.070531,-0.110691
0.206216,-0.070491,-0.110656
0.205083,-0.065677,-0.109383
0.203848,-0.067057,-0.108292
0.203869,-0.063873,-0.108933
0.202224,-0.063438,-0.108173
0.206044,-0.060160,-0.106356
0.202744,-0.059514,-0.106692
0.201389,-0.056245,-0.106836
0.201110,-0.059224,-0.104073
0.199270,-0.055158,-0.106025
0.199878,-0.054171,-0.102758
0.198827,-0.050155,-0.103814
0.199175,-0.048304,-0.101417
0.197705,-0.049293,-0.102103
0.199098,-0.044501,-0.102058
0.196535,-0.044217,-0.102366
0.196332,-0.045465,-0.101191
0.196072,-0.042353,-0.100126
0.196311,-0.040048,-0.100167
0.194073,-0.039672,-0.100138
0.193935,-0.036728,-0.098894
0.192368,-0.034372,-0.099778
0.190569,-0.033002,-0.100213
0.193738,-0.033560,-0.097434
0.190119,-0.029762,-0.098395
0.189465,-0.029993,-0.096986
0.190402,-0.027323,-0.096564
0.189942,-0.026575,-0.096238
0.186989,-0.026151,-0.094529
0.187727,-0.025356,-0.096269
0.187809,-0.021590,-0.096162
0.186643,-0.020834,-0.093555
0.186329,-0.018827,-0.094056
0.187322,-0.016269,-0.092890
0.185151,-0.015488,-0.092670
0.183005,-0.014921,-0.092667
0.182122,-0.014308,-0.093282
0.182207,-0.011257,-0.093667
0.181790,-0.010257,-0.091875
0.179151,-0.010191,-0.093015
0.178676,-0.006327,-0.091947
0.176843,-0.007551,-0.092350
0.179895,-0.004022,-0.091652
0.176880,-0.002788,-0.090206
0.176564,-0.002500,-0.089359
0.174434,-0.001155,-0.092044
0.174623,0.000118,-0.090794
0.173288,0.001719,-0.091884
0.169606,0.004594,-0.090226
0.170111,0.003578,-0.090227
0.171180,0.004165,-0.091987
0.167786,0.005638,-0.091307
0.168267,0.006759,-0.090858
0.164842,0.008005,-0.089745
0.165668,0.010353,-0.090022
0.164349,0.009915,-0.088333
0.163480,0.011447,-0.088016
0.161176,0.014597,-0.089746
0.160244,0.013628,-0.090083
0.160523,0.014196,-0.092125
0.158927,0.014688,-0.091303
0.156380,0.017380,-0.090321
0.155058,0.017182,-0.091749
0.154110,0.016026,-0.092333
0.150887,0.019060,-0.090158
0.152233,0.019253,-0.091689
0.150326,0.020379,-0.094231
0.149625,0.022150,-0.092407
0.144685,0.020899,-0.092783
0.145303,0.023024,-0.093895
0.143107,0.023460,-0.093683
0.144317,0.022204,-0.093526
0.141622,0.024859,-0.094580
0.138531,0.024957,-0.095682
0.139512,0.028020,-0.095593
0.136522,0.026591,-0.096347
0.135557,0.027476,-0.096000
0.134128,0.029528,-0.096037
0.131365,0.028804,-0.096067
0.130963,0.027816,-0.098008
0.128584,0.030244,-0.098022
0.126579,0.033509,-0.100024
0.124069,0.031714,-0.099581
0.124079,0.033417,-0.098816
0.121150,0.033354,-0.098538
0.120099,0.033777,-0.100838
0.117823,0.035002,-0.101454
0.115417,0.034959,-0.100419
0.116993,0.036765,-0.099851
0.115700,0.036933,-0.102339
0.113956,0.035954,-0.102877
0.112007,0.038161,-0.101090
0.111358,0.039196,-0.101842
0.108521,0.040078,-0.102015
0.105931,0.041031,-0.103966
0.106095,0.041641,-0.103895
0.103387,0.041261,-0.105497
0.101751,0.041800,-0.106285
0.098881,0.042833,-0.106786
0.097781,0.044142,-0.106752
0.097068,0.044286,-0.107139
0.094725,0.045392,-0.107632
0.091689,0.044338,-0.107880
0.090229,0.044995,-0.108804
0.086186,0.045058,-0.112901
0.086405,0.044947,-0.112302
0.084292,0.045025,-0.114129
0.083400,0.044412,-0.113998
0.081071,0.046310,-0.117242
0.077143,0.045617,-0.117906
0.074043,0.045778,-0.116774
0.071392,0.045566,-0.120910
0.069286,0.046154,-0.118671
0.068682,0.044839,-0.122499
0.063250,0.044526,-0.123898
0.060610,0.043340,-0.124155
0.058156,0.042277,-0.127385
0.054488,0.043978,-0.129892
0.052797,0.042777,-0.130064
0.048945,0.041329,-0.133238
0.044788,0.039407,-0.136104
0.039430,0.038612,-0.139148
0.033439,0.034395,-0.143315
0.191082,-0.241247,-0.201617
0.196111,-0.234617,-0.194795
0.203201,-0.226709,-0.187144
0.206363,-0.219610,-0.183170
0.209242,-0.210908,-0.178408
0.213250,-0.206185,-0.171475
0.213904,-0.201264,-0.169215
0.214908,-0.198961,-0.167274
0.216486,-0.193554,-0.164558
0.217680,-0.191092,-0.161199
0.218402,-0.187365,-0.159029
0.219804,-0.182293,-0.159131
0.219952,-0.179515,-0.155214
0.217957,-0.179463,-0.154504
0.219448,-0.176548,-0.152559
0.220431,-0.172140,-0.152473
0.220975,-0.170716,-0.150822
0.222287,-0.167606,-0.150491
0.221512,-0.164467,-0.147725
0.222679,-0.160630,-0.146945
0.219634,-0.159262,-0.144879
0.221568,-0.156853,-0.143697
0.221714,-0.155013,-0.142759
0.221386,-0.153402,-0.139929
0.220995,-0.151336,-0.142413
0.221049,-0.148909,-0.138897
0.221507,-0.145882,-0.138672
0.220447,-0.142562,-0.136846
0.220680,-0.144234,-0.136752
0.219540,-0.139597,-0.136730
0.219768,-0.138048,-0.134223
0.220455,-0.136582,-0.132776
0.218909,-0.134227,-0.132777
0.217459,-0.131521,-0.132984
0.218547,-0.128534,-0.131553
0.217272,-0.127747,-0.129435
0.217031,-0.127533,-0.130552
0.217351,-0.125670,-0.128911
0.214360,-0.122068,-0.129311
0.215578,-0.121021,-0.126530
0.215303,-0.117396,-0.127933
0.213370,-0.118022,-0.126456
0.217432,-0.116712,-0.125650
0.215075,-0.113440,-0.126023
0.213079,-0.111232,-0.121102
0.214012,-0.108305,-0.122795
0.214096,-0.105591,-0.122664
0.213562,-0.105129,-0.121721
0.210296,-0.102736,-0.122039
0.211554,-0.102887,-0.120605
0.212400,-0.100171,-0.120343
0.211917,-0.097545,-0.120229
0.210107,-0.095685,-0.118562
0.209560,-0.094519,-0.118467
0.209783,-0.091824,-0.116675
0.209818,-0.091524,-0.116257
0.210117,-0.089766,-0.116847
0.208950,-0.086412,-0.113690
0.207654,-0.086059,-0.114338
0.208827,-0.084671,-0.113413
0.208057,-0.080755,-0.111341
0.208046,-0.081305,-0.114008
0.207259,-0.078304,-0.111643
0.205411,-0.076152,-0.111767
0.205660,-0.073532,-0.111084
0.203343,-0.073116,-0.110117
0.205502,-0.070787,-0.109585
0.205260,-0.067559,-0.106996
0.203502,-0.068083,-0.107085
0.203322,-0.067050,-0.107609
0.203283,-0.065462,-0.106943
0.202248,-0.062618,-0.104227
0.199502,-0.059717,-0.105763
0.200055,-0.060775,-0.104251
0.201054,-0.057794,-0.105238
0.200139,-0.055342,-0.103944
0.200959,-0.053165,-0.101960
0.198919,-0.054049,-0.103296
0.198407,-0.050587,-0.101617
0.197169,-0.049174,-0.101052
0.196351,-0.046644,-0.101188
0.194968,-0.047175,-0.100696
0.196190,-0.045494,-0.101768
0.194911,-0.043848,-0.098974
0.192650,-0.041741,-0.100998
0.193513,-0.038793,-0.099554
0.192435,-0.038998,-0.098197
0.192933,-0.036780,-0.098789
0.191330,-0.036212,-0.097284
0.189785,-0.031044,-0.096980
0.189467,-0.032704,-0.096070
0.189362,-0.029204,-0.097783
0.187520,-0.027587,-0.096327
0.185885,-0.025808,-0.095766
0.187764,-0.025215,-0.093807
0.186086,-0.023264,-0.096713
0.187201,-0.023641,-0.094364
0.182786,-0.022287,-0.093863
0.183980,-0.020468,-0.092615
0.182835,-0.020263,-0.093506
0.183666,-0.015856,-0.091664
0.183844,-0.016307,-0.092056
0.182516,-0.014484,-0.091405
0.179891,-0.013916,-0.092403
0.180126,-0.011652,-0.091072
0.177734,-0.010094,-0.091591
0.178209,-0.010406,-0.089685
0.178405,-0.007998,-0.090337
0.176606,-0.006805,-0.091862
0.173369,-0.005086,-0.091213
0.174348,-0.004815,-0.089309
0.173315,-0.002859,-0.091714
0.172047,0.000655,-0.091004
0.170898,-0.000065,-0.089641
0.172104,-0.000750,-0.088855
0.168165,0.002146,-0.089806
0.167240,0.003028,-0.089371
0.165863,0.006146,-0.091051
0.165979,0.008031,-0.089816
0.165112,0.006769,-0.090199
0.163600,0.007982,-0.088358
0.162558,0.008002,-0.088934
0.162283,0.008907,-0.091698
0.160201,0.013142,-0.090263
0.158076,0.009716,-0.088498
0.157019,0.011635,-0.090777
0.155203,0.013845,-0.092626
0.154639,0.014134,-0.090925
0.154678,0.016557,-0.090494
0.152781,0.016617,-0.093164
0.152097,0.015355,-0.091509
0.150484,0.018890,-0.091497
0.149578,0.018759,-0.092238
0.148681,0.020747,-0.092326
0.144333,0.019125,-0.091780
0.145358,0.020680,-0.093215
0.143279,0.022150,-0.094451
0.140755,0.022737,-0.093093
0.137566,0.025006,-0.093549
0.138584,0.025594,-0.094387
0.135404,0.025351,-0.094187
0.135286,0.026001,-0.095359
0.134605,0.026016,-0.096625
0.131797,0.026357,-0.095189
0.129497,0.027005,-0.095960
0.128948,0.028763,-0.097436
0.125871,0.030917,-0.097136
0.125395,0.029441,-0.098917
0.122476,0.031622,-0.099030
0.122994,0.031239,-0.100756
0.121343,0.031462,-0.100309
0.119298,0.035197,-0.101659
0.116846,0.033041,-0.099483
0.114154,0.035795,-0.101790
0.114353,0.035002,-0.101075
0.113780,0.034983,-0.100427
0.109909,0.037408,-0.101556
0.110298,0.037398,-0.102348
0.108433,0.037737,-0.100556
0.106782,0.037661,-0.103179
0.105014,0.039608,-0.104027
0.103945,0.038243,-0.105104
0.102248,0.040520,-0.103352
0.100145,0.039979,-0.106406
0.097465,0.041183,-0.104934
0.096344,0.040020,-0.104878
0.093710,0.039044,-0.105941
0.090654,0.040626,-0.108888
0.090470,0.041611,-0.109228
0.087658,0.041500,-0.110137
0.085951,0.043446,-0.109988
0.083786,0.042650,-0.110237
0.082445,0.043706,-0.113272
0.079326,0.044334,-0.114873
0.076847,0.044057,-0.114219
0.072595,0.043859,-0.116201
0.071387,0.042390,-0.118074
0.068182,0.042292,-0.118048
0.066606,0.042628,-0.123218
0.063690,0.038854,-0.122244
0.061281,0.041505,-0.124041
0.059884,0.039863,-0.124806
0.055738,0.042130,-0.127788
0.053705,0.041014,-0.131302
0.052116,0.040450,-0.132337
0.046825,0.038125,-0.133720
0.039868,0.036053,-0.135609
0.036875,0.035134,-0.139487
0.185840,-0.254756,-0.207728
0.191726,-0.246886,-0.202520
0.196552,-0.239175,-0.195306
0.201298,-0.231249,-0.187261
0.205045,-0.223799,-0.181468
0.206941,-0.219507,-0.177828
0.211862,-0.212022,-0.174719
0.213698,-0.206830,-0.170458
0.214989,-0.203534,-0.168223
0.215885,-0.199954,-0.164727
0.217814,-0.194631,-0.162740
0.217885,-0.190214,-0.161260
0.220691,-0.187265,-0.158018
0.219080,-0.185347,-0.155678
0.220313,-0.181788,-0.154252
0.219290,-0.181439,-0.152462
0.220310,-0.177594,-0.151383
0.221438,-0.175200,-0.151882
0.221317,-0.172467,-0.147933
0.221651,-0.168492,-0.148778
0.223526,-0.167449,-0.146148
0.221062,-0.162635,-0.145883
0.220955,-0.162484,-0.143771
0.219301,-0.157638,-0.143720
0.220348,-0.157238,-0.142056
0.222229,-0.153743,-0.139939
0.222849,-0.152660,-0.140344
0.222268,-0.150545,-0.138545
0.221228,-0.148207,-0.135673
0.220919,-0.146922,-0.137623
0.219730,-0.144085,-0.136363
0.219652,-0.142007,-0.134654
0.219586,-0.139702,-0.133708
0.219388,-0.138799,-0.132076
0.219558,-0.137707,-0.131140
0.219926,-0.132434,-0.131623
0.219210,-0.132187,-0.128737
0.218634,-0.129493,-0.129006
0.216728,-0.128242,-0.129736
0.218117,-0.126516,-0.127803
0.217332,-0.125404,-0.127779
0.214799,-0.124104,-0.126633
0.215604,-0.119473,-0.125913
0.215175,-0.117713,-0.125634
0.215410,-0.117419,-0.122109
0.214752,-0.115424,-0.124281
0.214999,-0.113181,-0.122493
0.212985,-0.111072,-0.123649
0.212713,-0.110173,-0.120913
0.212971,-0.108757,-0.120886
0.213740,-0.107912,-0.120974
0.213122,-0.104081,-0.117334
0.212632,-0.103123,-0.119565
0.209842,-0.102732,-0.118111
0.210345,-0.098019,-0.117161
0.210565,-0.099450,-0.117781
0.210547,-0.095815,-0.114851
0.209882,-0.094473,-0.116401
0.205710,-0.093247,-0.116422
0.207896,-0.090065,-0.113586
0.205736,-0.089123,-0.113038
0.207537,-0.087434,-0.113066
0.206093,-0.084562,-0.112725
0.205485,-0.082015,-0.112053
0.205098,-0.080921,-0.110285
0.204875,-0.080138,-0.112327
0.206394,-0.076863,-0.109966
0.205305,-0.073642,-0.110843
0.203444,-0.074014,-0.108982
0.204936,-0.074107,-0.106872
0.202539,-0.070713,-0.107582
0.202221,-0.068615,-0.105877
0.201667,-0.068398,-0.105405
0.201950,-0.066447,-0.106220
0.200890,-0.064127,-0.105836
0.200874,-0.060362,-0.104438
0.197976,-0.061764,-0.103828
0.199276,-0.057633,-0.102094
0.197453,-0.057025,-0.101395
0.196878,-0.055354,-0.100599
0.197047,-0.053919,-0.102751
0.196655,-0.050760,-0.101126
0.195028,-0.049989,-0.100875
0.195114,-0.049060,-0.098998
0.194339,-0.048821,-0.098810
0.193815,-0.046468,-0.100014
0.192099,-0.044451,-0.099414
0.193756,-0.043770,-0.098770
0.190618,-0.040425,-0.098905
0.192206,-0.038637,-0.098927
0.190244,-0.038595,-0.097045
0.190820,-0.036393,-0.097843
0.189390,-0.035121,-0.096519
0.187972,-0.032562,-0.095998
0.187915,-0.029890,-0.095533
0.188603,-0.029684,-0.094824
0.186778,-0.031103,-0.094960
0.185781,-0.028729,-0.093933
0.186244,-0.025130,-0.094140
0.184539,-0.024730,-0.093803
0.182068,-0.022839,-0.093202
0.182064,-0.021843,-0.092173
0.182988,-0.020825,-0.090829
0.181179,-0.018775,-0.091795
0.179819,-0.016325,-0.091788
0.180285,-0.013775,-0.089746
0.178553,-0.014828,-0.090532
0.179713,-0.013123,-0.091020
0.176132,-0.012378,-0.091010
0.177121,-0.010670,-0.088740
0.177159,-0.008967,-0.091350
0.174840,-0.008042,-0.090609
0.174070,-0.006813,-0.089518
0.174296,-0.005748,-0.087193
0.172641,-0.002912,-0.090344
0.171577,-0.003087,-0.089775
0.168730,-0.000577,-0.089933
0.170696,-0.000155,-0.089573
0.168215,-0.000367,-0.088521
0.165497,0.001838,-0.087465
0.165345,0.002707,-0.089075
0.165503,0.005068,-0.088683
0.161593,0.005232,-0.089937
0.163415,0.006192,-0.087530
0.161191,0.006698,-0.088683
0.159712,0.008553,-0.091550
0.161117,0.009563,-0.088358
0.156090,0.009502,-0.088669
0.156417,0.011573,-0.091137
0.154217,0.012800,-0.089567
0.152587,0.013216,-0.091093
0.152192,0.014106,-0.088695
0.148877,0.015739,-0.088421
0.149867,0.016359,-0.088910
0.148445,0.015662,-0.088747
0.147637,0.017808,-0.091601
0.143703,0.019808,-0.091451
0.144945,0.019699,-0.091489
0.142063,0.021134,-0.091093
0.141882,0.020986,-0.093794
0.138484,0.022871,-0.093000
0.136576,0.021511,-0.091818
0.136802,0.023362,-0.093709
0.133309,0.023741,-0.095661
0.134483,0.023463,-0.094474
0.130573,0.024584,-0.093281
0.129093,0.025820,-0.094760
0.127212,0.027516,-0.097407
0.126007,0.025354,-0.096090
0.125962,0.027571,-0.096844
0.124817,0.028832,-0.096861
0.122754,0.028249,-0.098006
0.120545,0.028858,-0.098961
0.117797,0.030425,-0.100895
0.119339,0.030529,-0.098650
0.115776,0.030866,-0.101845
0.112893,0.031813,-0.101476
0.113250,0.033095,-0.101860
0.110154,0.034687,-0.101608
0.107888,0.033631,-0.100118
0.108364,0.035193,-0.101732
0.106371,0.036965,-0.103680
0.105167,0.036668,-0.101776
0.103387,0.036561,-0.104844
0.100504,0.037689,-0.103613
0.100220,0.039477,-0.103652
0.095687,0.037170,-0.105663
0.095923,0.040188,-0.105651
0.093736,0.038125,-0.105096
0.093288,0.042373,-0.107578
0.090890,0.040111,-0.108441
0.089019,0.040360,-0.107804
0.085848,0.040907,-0.110403
0.083910,0.040775,-0.108918
0.082712,0.041037,-0.111536
0.080699,0.041392,-0.112929
0.076088,0.041748,-0.114194
0.073426,0.039172,-0.116128
0.071722,0.040577,-0.117316
0.072525,0.041645,-0.118650
0.065744,0.041758,-0.119977
0.066282,0.040854,-0.121253
0.063876,0.038504,-0.121609
0.059944,0.040151,-0.121976
0.054841,0.038154,-0.125265
0.054809,0.038208,-0.126350
0.051501,0.037834,-0.130001
0.046215,0.033807,-0.131098
0.042861,0.032914,-0.134197
0.036905,0.032293,-0.137691
0.186239,-0.258583,-0.208100
0.190358,-0.253154,-0.201939
0.195899,-0.246140,-0.194919
0.202344,-0.236776,-0.190128
0.205045,-0.229465,-0.183382
0.206340,-0.223674,-0.178972
0.210131,-0.217450,-0.176915
0.212264,-0.211298,-0.171066
0.214977,-0.209818,-0.168716
0.215350,-0.205510,-0.165323
0.215542,-0.201689,-0.164698
0.216752,-0.198260,-0.162375
0.217000,-0.194565,-0.158346
0.218943,-0.191653,-0.155915
0.220340,-0.187460,-0.153679
0.219386,-0.184558,-0.153406
0.219922,-0.182742,-0.151318
0.221696,-0.180126,-0.149656
0.222029,-0.178137,-0.148612
0.221492,-0.173395,-0.148880
0.221210,-0.169676,-0.146090
0.218965,-0.168416,-0.145881
0.222857,-0.166936,-0.145944
0.221159,-0.165201,-0.141782
0.221162,-0.161537,-0.142098
0.220092,-0.158226,-0.139495
0.221813,-0.156378,-0.138905
0.221773,-0.155927,-0.137300
0.220824,-0.153770,-0.133917
0.221601,-0.149485,-0.135423
0.221220,-0.148644,-0.134308
0.219219,-0.147683,-0.134254
0.220106,-0.144343,-0.134764
0.220771,-0.143239,-0.132949
0.218605,-0.140236,-0.131330
0.219374,-0.136855,-0.128762
0.219688,-0.136506,-0.128618
0.218772,-0.133843,-0.128919
0.218416,-0.133481,-0.127144
0.217855,-0.129694,-0.126779
0.218293,-0.129259,-0.126831
0.217133,-0.127580,-0.126458
0.215594,-0.124287,-0.125309
0.217252,-0.124587,-0.124529
0.215593,-0.120524,-0.125499
0.213914,-0.119321,-0.123894
0.214963,-0.117369,-0.123587
0.213072,-0.115235,-0.120635
0.215266,-0.114613,-0.122931
0.213830,-0.110799,-0.122203
0.215146,-0.112199,-0.120248
0.212585,-0.107252,-0.118392
0.213388,-0.108388,-0.118282
0.211605,-0.103613,-0.117058
0.210805,-0.101516,-0.118513
0.211309,-0.102203,-0.116549
0.209008,-0.100768,-0.115477
0.209459,-0.098712,-0.116746
0.209843,-0.096485,-0.114166
0.207730,-0.094529,-0.113538
0.206698,-0.091151,-0.113148
0.206343,-0.090398,-0.111510
0.208086,-0.090065,-0.111392
0.207911,-0.086280,-0.112961
0.204970,-0.086567,-0.111918
0.203483,-0.084154,-0.110859
0.206662,-0.082815,-0.108490
0.203708,-0.078650,-0.108453
0.203737,-0.079761,-0.108145
0.203836,-0.075777,-0.107398
0.203171,-0.075703,-0.108166
0.201999,-0.075686,-0.107785
0.203945,-0.069933,-0.106889
0.200552,-0.070763,-0.105028
0.200320,-0.067417,-0.105958
0.199479,-0.066418,-0.104920
0.199839,-0.065681,-0.105077
0.200535,-0.063544,-0.102613
0.198534,-0.062932,-0.101897
0.197163,-0.060079,-0.100895
0.198402,-0.057490,-0.101871
0.196016,-0.056922,-0.103501
0.196511,-0.055769,-0.101565
0.195173,-0.053418,-0.100670
0.194831,-0.053333,-0.100008
0.194172,-0.049861,-0.099957
0.191619,-0.050030,-0.100458
0.193225,-0.048055,-0.098852
0.192625,-0.044893,-0.099548
0.190332,-0.043962,-0.097574
0.190410,-0.041993,-0.098475
0.189554,-0.040653,-0.098304
0.187064,-0.038345,-0.095859
0.189199,-0.039098,-0.097951
0.189782,-0.038106,-0.096459
0.186955,-0.034983,-0.095843
0.187479,-0.033771,-0.095335
0.183802,-0.032798,-0.093571
0.185221,-0.030056,-0.091718
0.183432,-0.029132,-0.093784
0.184605,-0.026601,-0.093278
0.183495,-0.022885,-0.093402
0.183410,-0.025255,-0.093242
0.180438,-0.024215,-0.092425
0.177465,-0.022838,-0.090588
0.180023,-0.021176,-0.090110
0.178771,-0.019204,-0.090280
0.178882,-0.017302,-0.091964
0.177322,-0.016003,-0.092059
0.176554,-0.015211,-0.090455
0.175539,-0.013011,-0.089530
0.175049,-0.012999,-0.086877
0.174938,-0.010259,-0.089677
0.174334,-0.010404,-0.090213
0.172407,-0.006956,-0.089125
0.172615,-0.007219,-0.088860
0.169082,-0.005689,-0.087263
0.168410,-0.004422,-0.087998
0.170515,-0.003021,-0.087563
0.166682,-0.001621,-0.089108
0.166129,-0.001243,-0.089059
0.165013,0.000959,-0.089043
0.164502,0.001128,-0.087907
0.163426,0.002411,-0.088269
0.161433,0.003574,-0.086059
0.159355,0.005516,-0.087504
0.159152,0.005363,-0.088776
0.158584,0.007270,-0.087995
0.157313,0.007315,-0.088310
0.154260,0.009872,-0.089779
0.155730,0.009990,-0.087860
0.154364,0.009940,-0.087173
0.151900,0.010909,-0.088824
0.149790,0.013077,-0.088839
0.148548,0.011462,-0.088373
0.149336,0.013643,-0.090973
0.147400,0.014901,-0.090304
0.144239,0.014970,-0.090404
0.143925,0.020000,-0.089464
0.141614,0.016937,-0.091566
0.141081,0.017838,-0.091190
0.138226,0.018559,-0.091829
0.137631,0.018058,-0.090664
0.134234,0.021607,-0.092764
0.134045,0.019979,-0.094958
0.132760,0.022291,-0.094885
0.131249,0.019188,-0.093813
0.127287,0.022337,-0.094484
0.128314,0.022293,-0.093730
0.125175,0.025390,-0.093412
0.125278,0.024702,-0.096913
0.123126,0.023950,-0.097720
0.122639,0.026981,-0.096514
0.120002,0.026385,-0.098370
0.117846,0.028721,-0.098591
0.118497,0.027725,-0.097471
0.115684,0.029066,-0.099130
0.114174,0.028882,-0.097881
0.112389,0.030525,-0.098990
0.111733,0.031084,-0.100788
0.108906,0.030968,-0.101527
0.108548,0.031888,-0.100306
0.105658,0.034576,-0.099187
0.103922,0.032908,-0.100118
0.103500,0.034439,-0.101805
0.101655,0.033739,-0.104339
0.101763,0.035774,-0.102634
0.097148,0.035131,-0.102566
0.096994,0.036035,-0.104356
0.093660,0.036477,-0.105229
0.092551,0.035898,-0.107988
0.090822,0.036014,-0.105081
0.089648,0.038176,-0.106316
0.086592,0.038489,-0.107618
0.083607,0.038873,-0.109303
0.083983,0.040207,-0.109980
0.081014,0.038148,-0.111230
0.077238,0.039398,-0.110389
0.076646,0.039079,-0.113478
0.071687,0.039578,-0.116043
0.070076,0.038470,-0.116043
0.068330,0.039566,-0.117900
0.064739,0.039074,-0.120525
0.062039,0.040518,-0.120036
0.058751,0.037595,-0.120370
0.057913,0.037413,-0.125122
0.053417,0.038734,-0.125445
0.052420,0.034802,-0.126988
0.046316,0.032895,-0.130388
0.044666,0.034541,-0.131426
0.039493,0.030786,-0.133739
0.187379,-0.262383,-0.208699
0.191545,-0.257134,-0.201795
0.194343,-0.249256,-0.197385
0.198073,-0.242151,-0.192103
0.202660,-0.235581,-0.186549
0.204827,-0.228488,-0.181313
0.208372,-0.225660,-0.177400
0.212243,-0.219792,-0.171809
0.213916,-0.215619,-0.167927
0.214216,-0.211328,-0.166136
0.214924,-0.206295,-0.165740
0.216516,-0.202984,-0.163015
0.218246,-0.199686,-0.160985
0.219271,-0.196068,-0.157388
0.219940,-0.191003,-0.154553
0.220994,-0.188170,-0.153319
0.219473,-0.184974,-0.151694
0.220290,-0.184097,-0.150964
0.222066,-0.180196,-0.150515
0.220247,-0.179505,-0.147806
0.220062,-0.176384,-0.147036
0.221123,-0.173891,-0.143977
0.223149,-0.172568,-0.143397
0.221670,-0.169613,-0.143737
0.221361,-0.165846,-0.141925
0.221710,-0.164744,-0.139556
0.220731,-0.162018,-0.138418
0.221268,-0.158665,-0.137416
0.222908,-0.157378,-0.137911
0.219849,-0.155109,-0.136248
0.220858,-0.153793,-0.135569
0.221741,-0.151206,-0.134589
0.221050,-0.147707,-0.133409
0.222216,-0.147949,-0.133853
0.221776,-0.144979,-0.131773
0.219602,-0.143530,-0.130509
0.218812,-0.141021,-0.130701
0.218490,-0.138598,-0.128115
0.218882,-0.134318,-0.127386
0.217877,-0.134323,-0.127686
0.217956,-0.133085,-0.125512
0.217969,-0.132771,-0.123097
0.217181,-0.129200,-0.124191
0.217002,-0.126247,-0.121930
0.215282,-0.123097,-0.123934
0.216081,-0.124479,-0.120340
0.215934,-0.121562,-0.121204
0.213379,-0.118912,-0.121284
0.213708,-0.119315,-0.118898
0.213801,-0.116121,-0.120013
0.213282,-0.115131,-0.119467
0.210032,-0.113081,-0.118801
0.210251,-0.112265,-0.118609
0.212596,-0.109699,-0.119233
0.210675,-0.106427,-0.117755
0.210332,-0.105935,-0.116809
0.210234,-0.102386,-0.114798
0.208392,-0.101742,-0.116295
0.209513,-0.101032,-0.114625
0.208740,-0.098503,-0.115117
0.208486,-0.098292,-0.113336
0.206576,-0.096322,-0.110178
0.207434,-0.093243,-0.111187
0.206071,-0.090728,-0.109174
0.204746,-0.090692,-0.110674
0.207773,-0.087490,-0.111304
0.203897,-0.085591,-0.109638
0.205775,-0.085978,-0.108796
0.205113,-0.082780,-0.108268
0.203396,-0.082024,-0.108063
0.201161,-0.077040,-0.108125
0.201806,-0.077739,-0.105919
0.203870,-0.075999,-0.106011
0.199323,-0.075771,-0.105154
0.200619,-0.072311,-0.106526
0.202078,-0.071638,-0.104905
0.199460,-0.070179,-0.101750
0.199080,-0.067082,-0.103359
0.198226,-0.065794,-0.103090
0.197427,-0.065172,-0.102400
0.197219,-0.064404,-0.101606
0.196572,-0.060915,-0.100253
0.196468,-0.060904,-0.101002
0.196241,-0.056610,-0.099726
0.193727,-0.055800,-0.099002
0.194972,-0.056279,-0.098583
0.194621,-0.052027,-0.098850
0.193314,-0.050360,-0.098477
0.192932,-0.052661,-0.097197
0.189374,-0.048549,-0.096859
0.189817,-0.047225,-0.095468
0.189568,-0.045399,-0.098005
0.189422,-0.044657,-0.097903
0.187244,-0.040805,-0.096954
0.189115,-0.039964,-0.094617
0.187104,-0.041638,-0.095653
0.185873,-0.038311,-0.094019
0.185794,-0.035129,-0.094792
0.183968,-0.035128,-0.095191
0.185921,-0.034546,-0.095592
0.184171,-0.031762,-0.093486
0.183030,-0.030266,-0.093645
0.183664,-0.028101,-0.091545
0.182724,-0.025551,-0.091726
0.180983,-0.026386,-0.091330
0.179939,-0.022556,-0.089474
0.178389,-0.022807,-0.091899
0.178971,-0.022606,-0.091842
0.178837,-0.021397,-0.090093
0.177035,-0.018758,-0.088548
0.176154,-0.016008,-0.090166
0.175338,-0.016624,-0.089225
0.173942,-0.012721,-0.088311
0.173558,-0.013189,-0.090040
0.173977,-0.010406,-0.088475
0.173756,-0.010019,-0.088161
0.171110,-0.009474,-0.089312
0.170664,-0.007613,-0.087044
0.169079,-0.005368,-0.087681
0.166940,-0.005660,-0.089795
0.165471,-0.004825,-0.088073
0.164508,-0.002202,-0.086687
0.164008,-0.003021,-0.087573
0.164707,-0.000861,-0.088871
0.164236,-0.000768,-0.087467
0.160743,0.000651,-0.088024
0.160108,0.001675,-0.088387
0.160745,0.003593,-0.088319
0.156203,0.004527,-0.086880
0.157342,0.006043,-0.087350
0.155440,0.005572,-0.087609
0.153510,0.005945,-0.085415
0.152857,0.006895,-0.089291
0.150008,0.006988,-0.087965
0.150731,0.010281,-0.089112
0.149331,0.011939,-0.088769
0.146526,0.011972,-0.089584
0.146114,0.013710,-0.091654
0.142750,0.013027,-0.090013
0.144045,0.015432,-0.091182
0.141143,0.015507,-0.089417
0.142248,0.016128,-0.089423
0.139351,0.014723,-0.089742
0.137031,0.017587,-0.092004
0.136221,0.018756,-0.090258
0.134024,0.019540,-0.091677
0.133663,0.019173,-0.093024
0.131700,0.020685,-0.094092
0.131067,0.021722,-0.091154
0.129792,0.022146,-0.094426
0.125121,0.022560,-0.094873
0.123518,0.022378,-0.095062
0.122597,0.023082,-0.095647
0.120373,0.024244,-0.096500
0.119739,0.023312,-0.097139
0.116229,0.024616,-0.096071
0.115751,0.025448,-0.096468
0.116497,0.025347,-0.099915
0.114077,0.026469,-0.097149
0.113126,0.028206,-0.098282
0.108990,0.028272,-0.098308
0.109088,0.030931,-0.099279
0.106971,0.029781,-0.100357
0.107127,0.031994,-0.101272
0.104683,0.030057,-0.102193
0.102557,0.032420,-0.102613
0.100632,0.033612,-0.103480
0.098334,0.033378,-0.102348
0.096771,0.035528,-0.104070
0.096395,0.037232,-0.103311
0.095269,0.034878,-0.104962
0.090299,0.036279,-0.104103
0.090050,0.036857,-0.103819
0.088484,0.035406,-0.107511
0.084617,0.034686,-0.108015
0.083601,0.037336,-0.108160
0.082716,0.036256,-0.109686
0.081743,0.038248,-0.108669
0.078529,0.036363,-0.111365
0.076586,0.036431,-0.111363
0.074152,0.037823,-0.112954
0.070821,0.038126,-0.115410
0.067089,0.037352,-0.115385
0.066916,0.035535,-0.117494
0.062130,0.035915,-0.119242
0.061438,0.034956,-0.122233
0.055928,0.036070,-0.123486
0.054003,0.035849,-0.124305
0.053399,0.034599,-0.125957
0.048548,0.033974,-0.128047
0.044877,0.031224,-0.129827
0.041578,0.031144,-0.133278
0.193485,-0.260287,-0.201636
0.194282,-0.253699,-0.195298
0.198078,-0.250361,-0.191948
0.202402,-0.240809,-0.186327
0.204169,-0.237478,-0.183142
0.208248,-0.230820,-0.179710
0.209897,-0.224372,-0.174546
0.211563,-0.219415,-0.171335
0.215749,-0.218492,-0.167794
0.215256,-0.211847,-0.166197
0.214772,-0.208905,-0.162863
0.217299,-0.204344,-0.160822
0.217588,-0.201295,-0.156468
0.219279,-0.197038,-0.156289
0.220387,-0.194253,-0.152730
0.219350,-0.191585,-0.152268
0.221455,-0.188836,-0.150138
0.221105,-0.184894,-0.149952
0.220813,-0.183747,-0.148163
0.220558,-0.180563,-0.148215
0.221699,-0.178305,-0.146209
0.222965,-0.175833,-0.142757
0.223222,-0.172817,-0.143568
0.221583,-0.169379,-0.142981
0.221929,-0.168442,-0.138853
0.223810,-0.166331,-0.137932
0.220514,-0.163574,-0.139365
0.222668,-0.161407,-0.136445
0.222675,-0.159788,-0.137276
0.219673,-0.158941,-0.134858
0.220119,-0.154257,-0.133493
0.221853,-0.153436,-0.131947
0.221453,-0.151802,-0.131040
0.220180,-0.147802,-0.132691
0.218705,-0.146084,-0.131876
0.219392,-0.143288,-0.129401
0.219962,-0.142218,-0.127785
0.220338,-0.140791,-0.127836
0.219045,-0.139961,-0.127584
0.219692,-0.136485,-0.124768
0.217664,-0.135708,-0.124838
0.217602,-0.134791,-0.124216
0.216907,-0.129699,-0.125069
0.214939,-0.129723,-0.123870
0.217626,-0.127768,-0.123050
0.217063,-0.128567,-0.122196
0.215981,-0.124298,-0.121137
0.214843,-0.122442,-0.121405
0.213993,-0.120163,-0.121400
0.213939,-0.119429,-0.117680
0.215587,-0.116014,-0.118701
0.211828,-0.114893,-0.117075
0.211526,-0.113905,-0.118099
0.211102,-0.112805,-0.116333
0.208601,-0.109131,-0.117421
0.210399,-0.107789,-0.117341
0.209472,-0.108180,-0.114473
0.208215,-0.104841,-0.116241
0.207087,-0.102633,-0.112383
0.208907,-0.103379,-0.112783
0.208453,-0.097852,-0.111783
0.207204,-0.098888,-0.112766
0.206894,-0.095612,-0.112168
0.205245,-0.095107,-0.110896
0.203938,-0.092581,-0.111581
0.204589,-0.090625,-0.110682
0.205395,-0.089033,-0.108909
0.203331,-0.087587,-0.109218
0.202256,-0.084586,-0.106927
0.201568,-0.083504,-0.107923
0.201807,-0.083153,-0.105417
0.199970,-0.082049,-0.105031
0.200372,-0.080298,-0.104378
0.200734,-0.077285,-0.106596
0.198628,-0.076721,-0.103248
0.199855,-0.075444,-0.102071
0.199245,-0.073969,-0.105422
0.198664,-0.070356,-0.103051
0.198916,-0.071561,-0.105339
0.198345,-0.068527,-0.102514
0.197252,-0.065492,-0.101632
0.196336,-0.063614,-0.103267
0.193094,-0.062945,-0.100933
0.193926,-0.059982,-0.098926
0.192685,-0.059184,-0.098068
0.190974,-0.058747,-0.100138
0.193783,-0.056538,-0.099495
0.191593,-0.053932,-0.096780
0.191229,-0.054956,-0.096284
0.190432,-0.051805,-0.098005
0.189093,-0.050119,-0.097121
0.189429,-0.049288,-0.095046
0.186186,-0.045911,-0.096966
0.188427,-0.045535,-0.095824
0.186055,-0.046753,-0.095452
0.184783,-0.043825,-0.095953
0.185327,-0.042409,-0.093716
0.184724,-0.041110,-0.092489
0.183025,-0.037833,-0.094164
0.185463,-0.036036,-0.093012
0.181885,-0.036977,-0.093720
0.182597,-0.034063,-0.091083
0.180173,-0.030112,-0.093504
0.178475,-0.031596,-0.091391
0.180337,-0.029750,-0.090669
0.177351,-0.028874,-0.088627
0.178534,-0.027903,-0.091585
0.177894,-0.024379,-0.090234
0.176643,-0.022418,-0.091578
0.175966,-0.022808,-0.086965
0.174616,-0.019396,-0.088045
0.173842,-0.018252,-0.089276
0.173606,-0.018784,-0.087202
0.174903,-0.017292,-0.087291
0.172094,-0.015013,-0.087057
0.170395,-0.013467,-0.088381
0.172488,-0.012421,-0.086327
0.168672,-0.010723,-0.087819
0.167582,-0.008699,-0.087068
0.167196,-0.009985,-0.086751
0.166486,-0.006939,-0.087486
0.165520,-0.005213,-0.087013
0.163393,-0.004519,-0.087292
0.163131,-0.003829,-0.088095
0.161432,-0.003449,-0.086141
0.161059,-0.002332,-0.086977
0.159285,0.000589,-0.086194
0.158820,0.001875,-0.088183
0.158642,0.002057,-0.085113
0.155522,0.003714,-0.086950
0.156213,0.005466,-0.085884
0.153117,0.005702,-0.086600
0.152345,0.004279,-0.087557
0.151648,0.006658,-0.087637
0.149478,0.007708,-0.086600
0.147856,0.006013,-0.088692
0.148042,0.009778,-0.088033
0.146027,0.009616,-0.086810
0.144335,0.011364,-0.090266
0.142942,0.012637,-0.090215
0.141271,0.012379,-0.089684
0.141387,0.012150,-0.090394
0.139196,0.015014,-0.091124
0.138954,0.013220,-0.092006
0.135669,0.013995,-0.091317
0.133846,0.016520,-0.092037
0.131764,0.015445,-0.091637
0.131519,0.015812,-0.092963
0.129173,0.017210,-0.093076
0.127307,0.019950,-0.092380
0.127705,0.020291,-0.092033
0.122788,0.019287,-0.095419
0.122533,0.020640,-0.095774
0.121287,0.022435,-0.095342
0.118514,0.023617,-0.097473
0.116381,0.023188,-0.095535
0.116092,0.023049,-0.095182
0.113559,0.022453,-0.097099
0.114598,0.026684,-0.098515
0.112575,0.026250,-0.097759
0.113146,0.025500,-0.097572
0.108121,0.026558,-0.098029
0.107432,0.026317,-0.099603
0.104794,0.028427,-0.099649
0.104607,0.029194,-0.099808
0.101757,0.028832,-0.102467
0.100962,0.030223,-0.101205
0.099522,0.029908,-0.102867
0.098160,0.030540,-0.101698
0.097307,0.032023,-0.102456
0.096587,0.033905,-0.102622
0.091066,0.032125,-0.104435
0.090732,0.032548,-0.105045
0.088578,0.035372,-0.106921
0.086644,0.035197,-0.106015
0.085771,0.033526,-0.106394
0.082091,0.034128,-0.107542
0.079856,0.035158,-0.108180
0.076655,0.035433,-0.108877
0.074823,0.036344,-0.111090
0.074472,0.034461,-0.112315
0.071158,0.033989,-0.114745
0.069092,0.034773,-0.112940
0.066345,0.035142,-0.115806
0.063394,0.035233,-0.117701
0.060799,0.034457,-0.118496
0.058804,0.033662,-0.121360
0.055814,0.032077,-0.122517
0.052531,0.033042,-0.123817
0.047137,0.031505,-0.127173
0.041712,0.031843,-0.127913
0.040526,0.027920,-0.131211
0.190440,-0.265261,-0.201947
0.194704,-0.259796,-0.194947
0.198336,-0.253702,-0.192627
0.199058,-0.248217,-0.189538
0.202237,-0.242855,-0.183996
0.205215,-0.235682,-0.180194
0.208351,-0.231743,-0.177013
0.211796,-0.225642,-0.170857
0.213200,-0.220687,-0.169082
0.214599,-0.217806,-0.165405
0.215899,-0.215444,-0.163781
0.218727,-0.210628,-0.161743
0.216075,-0.206037,-0.157607
0.219781,-0.203732,-0.158178
0.219558,-0.199188,-0.155692
0.220242,-0.197028,-0.152013
0.218999,-0.194673,-0.151906
0.218476,-0.191432,-0.150731
0.221133,-0.188564,-0.148821
0.219652,-0.187324,-0.148057
0.221940,-0.184278,-0.145402
0.222965,-0.180206,-0.144070
0.219322,-0.178592,-0.142391
0.221880,-0.175611,-0.142160
0.220026,-0.173462,-0.142073
0.219594,-0.172135,-0.138943
0.221740,-0.167995,-0.137091
0.222111,-0.166864,-0.138976
0.222283,-0.163756,-0.136978
0.222788,-0.163529,-0.134557
0.221643,-0.161381,-0.134097
0.221545,-0.155129,-0.132807
0.221445,-0.153131,-0.131318
0.221505,-0.153177,-0.132040
0.219255,-0.150024,-0.129042
0.220028,-0.149934,-0.130109
0.220285,-0.147823,-0.127650
0.221038,-0.147376,-0.126658
0.218747,-0.143472,-0.126569
0.218898,-0.143808,-0.125400
0.217488,-0.138809,-0.125716
0.215711,-0.136889,-0.125070
0.217565,-0.135248,-0.125413
0.215747,-0.132451,-0.122084
0.217444,-0.130973,-0.123820
0.215539,-0.128858,-0.121898
0.216572,-0.126597,-0.119890
0.214316,-0.126449,-0.118825
0.213783,-0.124338,-0.120409
0.214588,-0.122459,-0.117580
0.216942,-0.120949,-0.118237
0.214578,-0.117562,-0.117374
0.212544,-0.116991,-0.116252
0.212498,-0.116264,-0.117324
0.211729,-0.114494,-0.116543
0.211618,-0.113429,-0.114376
0.211393,-0.111042,-0.113988
0.210716,-0.108365,-0.114697
0.208027,-0.109031,-0.114328
0.209336,-0.104553,-0.113558
0.208508,-0.104639,-0.112289
0.206300,-0.101761,-0.112361
0.206423,-0.099447,-0.111888
0.206511,-0.099028,-0.112065
0.205531,-0.097517,-0.109652
0.205184,-0.095562,-0.108788
0.203957,-0.093927,-0.109884
0.202860,-0.091855,-0.109390
0.204128,-0.089686,-0.107368
0.201402,-0.089352,-0.109086
0.201627,-0.086527,-0.107094
0.201262,-0.084628,-0.105839
0.199590,-0.084261,-0.104299
0.200147,-0.082563,-0.104856
0.200375,-0.080378,-0.105272
0.200359,-0.078228,-0.104403
0.198591,-0.076694,-0.104263
0.198019,-0.075819,-0.103210
0.198585,-0.073854,-0.103840
0.196575,-0.073557,-0.102983
0.196220,-0.069335,-0.101779
0.193763,-0.068851,-0.101896
0.193424,-0.066885,-0.098950
0.194986,-0.064891,-0.100226
0.194971,-0.063430,-0.099225
0.192720,-0.061856,-0.099777
0.193144,-0.061720,-0.098409
0.190830,-0.058219,-0.096665
0.192757,-0.058489,-0.098353
0.191407,-0.055794,-0.098393
0.187938,-0.053703,-0.097853
0.189966,-0.052943,-0.097877
0.189697,-0.052462,-0.098121
0.186871,-0.050923,-0.095005
0.186910,-0.048138,-0.094683
0.185547,-0.047629,-0.096924
0.185369,-0.046466,-0.093258
0.184288,-0.045379,-0.094374
0.184509,-0.042813,-0.091917
0.182160,-0.039595,-0.093473
0.182329,-0.040218,-0.092997
0.181887,-0.038773,-0.091787
0.180512,-0.036772,-0.090596
0.179655,-0.035074,-0.091001
0.179589,-0.032492,-0.089809
0.179599,-0.030952,-0.090385
0.178445,-0.029707,-0.090222
0.179173,-0.028727,-0.090383
0.175838,-0.029008,-0.089758
0.175972,-0.026497,-0.089289
0.173770,-0.024776,-0.089525
0.175054,-0.022940,-0.087879
0.174161,-0.020918,-0.088712
0.174191,-0.019934,-0.088638
0.172830,-0.018592,-0.087385
0.169623,-0.018010,-0.086465
0.170085,-0.017219,-0.087061
0.168628,-0.014404,-0.086330
0.169321,-0.013555,-0.086813
0.166287,-0.013138,-0.086484
0.164757,-0.011094,-0.086573
0.164662,-0.009353,-0.085248
0.163742,-0.007711,-0.086213
0.164185,-0.010655,-0.085662
0.162400,-0.006697,-0.085330
0.160044,-0.005621,-0.086410
0.161920,-0.004158,-0.086426
0.160090,-0.003246,-0.087050
0.158098,-0.002122,-0.085803
0.156415,-0.001395,-0.086474
0.154867,0.002508,-0.086272
0.156479,0.000466,-0.085690
0.154257,0.002893,-0.086937
0.151963,0.004432,-0.085668
0.149769,0.004161,-0.087237
0.148373,0.005775,-0.087264
0.147267,0.006222,-0.086696
0.146973,0.005652,-0.087458
0.143917,0.007530,-0.086866
0.144080,0.010257,-0.084748
0.144129,0.008785,-0.088711
0.142473,0.011337,-0.090177
0.139507,0.010050,-0.091157
0.138648,0.009640,-0.089052
0.136044,0.012852,-0.089442
0.133318,0.012452,-0.090993
0.132301,0.013257,-0.092345
0.130403,0.014461,-0.091751
0.132012,0.014987,-0.094126
0.129045,0.016391,-0.092489
0.127815,0.016185,-0.093528
0.126345,0.016874,-0.091930
0.125431,0.018089,-0.093833
0.122149,0.017151,-0.095574
0.119137,0.019123,-0.096570
0.117082,0.019630,-0.093802
0.119124,0.019132,-0.095990
0.115279,0.021019,-0.093439
0.115355,0.020842,-0.096502
0.113654,0.022649,-0.096164
0.109749,0.022164,-0.096962
0.110424,0.023697,-0.097141
0.109627,0.024452,-0.099233
0.106674,0.025826,-0.098211
0.105379,0.027162,-0.098184
0.102859,0.027292,-0.097581
0.101282,0.026067,-0.099926
0.100759,0.026603,-0.099850
0.099555,0.028954,-0.100226
0.099013,0.030583,-0.101731
0.094978,0.029581,-0.100393
0.095656,0.030014,-0.103523
0.091582,0.030923,-0.102113
0.091527,0.033422,-0.104409
0.088924,0.029484,-0.103537
0.087195,0.032125,-0.103935
0.084463,0.031419,-0.106652
0.083700,0.034061,-0.106390
0.080825,0.032231,-0.107956
0.079588,0.033339,-0.107944
0.076819,0.033553,-0.108509
0.075368,0.033127,-0.110163
0.072400,0.033494,-0.111047
0.071591,0.034592,-0.112644
0.067060,0.033554,-0.114871
0.063786,0.033484,-0.113122
0.060093,0.033900,-0.118261
0.060016,0.032251,-0.118703
0.055968,0.031942,-0.120486
0.052958,0.031234,-0.120865
0.049908,0.031521,-0.123871
0.042335,0.027523,-0.129311
0.039870,0.026718,-0.133712
0.193261,-0.270768,-0.202444
0.195952,-0.264634,-0.197778
0.199782,-0.259121,-0.192743
0.201978,-0.253461,-0.187768
0.201603,-0.248553,-0.183930
0.206095,-0.243178,-0.182263
0.208603,-0.238040,-0.176648
0.210329,-0.231501,-0.174914
0.212539,-0.227243,-0.170120
0.212412,-0.225063,-0.168051
0.215779,-0.218171,-0.163976
0.215614,-0.217373,-0.161694
0.218098,-0.211818,-0.160934
0.218789,-0.208389,-0.158335
0.218761,-0.204543,-0.154489
0.220505,-0.201582,-0.155477
0.220235,-0.197488,-0.151897
0.220003,-0.197483,-0.150489
0.219794,-0.193179,-0.147300
0.221869,-0.191059,-0.147504
0.221444,-0.188824,-0.146244
0.221266,-0.185703,-0.146804
0.220760,-0.182902,-0.142636
0.220669,-0.180465,-0.141098
0.221559,-0.177898,-0.139442
0.221420,-0.174067,-0.137377
0.220757,-0.171468,-0.137574
0.222055,-0.170939,-0.137178
0.220022,-0.169266,-0.135315
0.222804,-0.166739,-0.134909
0.221597,-0.164059,-0.134352
0.221314,-0.164659,-0.132822
0.220551,-0.160769,-0.131115
0.218527,-0.157340,-0.129559
0.220813,-0.155346,-0.129988
0.221048,-0.153855,-0.130272
0.220121,-0.149606,-0.128934
0.218513,-0.147374,-0.125941
0.220938,-0.147435,-0.125858
0.220276,-0.144391,-0.124923
0.218989,-0.145152,-0.126740
0.217149,-0.144280,-0.122539
0.218657,-0.137393,-0.122467
0.218654,-0.140163,-0.120364
0.216970,-0.135627,-0.122489
0.218576,-0.133514,-0.121021
0.218046,-0.132359,-0.118924
0.215295,-0.130178,-0.121239
0.215835,-0.128853,-0.120652
0.215702,-0.126762,-0.118258
0.214752,-0.124939,-0.116838
0.213712,-0.122398,-0.117562
0.213653,-0.121362,-0.118023
0.213620,-0.119740,-0.115455
0.211969,-0.117805,-0.114904
0.212774,-0.113781,-0.113138
0.210353,-0.115632,-0.114284
0.209464,-0.112331,-0.115656
0.208251,-0.111242,-0.114490
0.208494,-0.109751,-0.113616
0.207337,-0.107902,-0.112299
0.207231,-0.104213,-0.112703
0.205260,-0.104298,-0.111860
0.205219,-0.102486,-0.109052
0.205670,-0.102317,-0.109827
0.204023,-0.101617,-0.110353
0.203807,-0.099174,-0.110365
0.204178,-0.094099,-0.110025
0.203379,-0.092825,-0.108204
0.201852,-0.092648,-0.106708
0.201007,-0.092745,-0.107077
0.200219,-0.087720,-0.106638
0.200480,-0.089902,-0.105171
0.199458,-0.087596,-0.104585
0.199912,-0.086036,-0.104725
0.199791,-0.083392,-0.104455
0.200539,-0.081056,-0.104731
0.200216,-0.078736,-0.104423
0.199190,-0.078060,-0.101114
0.196354,-0.075873,-0.102438
0.196403,-0.076718,-0.102678
0.195367,-0.073201,-0.099299
0.193247,-0.070779,-0.099294
0.195487,-0.069587,-0.099803
0.193676,-0.069476,-0.097783
0.192904,-0.068525,-0.099101
0.193512,-0.066143,-0.097746
0.191880,-0.063246,-0.097135
0.191467,-0.061584,-0.096596
0.189149,-0.060036,-0.097954
0.190037,-0.058588,-0.096646
0.188790,-0.056292,-0.097961
0.189979,-0.053670,-0.096239
0.188064,-0.053285,-0.096005
0.186215,-0.052787,-0.096135
0.186729,-0.051991,-0.095547
0.183311,-0.049887,-0.095253
0.184876,-0.048304,-0.095885
0.183079,-0.045990,-0.094190
0.184652,-0.043988,-0.092576
0.182980,-0.043350,-0.094806
0.183771,-0.042845,-0.094889
0.181902,-0.040121,-0.090854
0.179775,-0.039326,-0.092317
0.178966,-0.036418,-0.091806
0.177187,-0.036399,-0.089742
0.177861,-0.035368,-0.090293
0.179424,-0.033931,-0.091744
0.176537,-0.031620,-0.089369
0.176485,-0.029996,-0.089192
0.174174,-0.027042,-0.088051
0.175279,-0.028613,-0.090519
0.173343,-0.025484,-0.090127
0.173508,-0.025909,-0.086948
0.173303,-0.023687,-0.088142
0.171257,-0.020760,-0.087738
0.170022,-0.020530,-0.086607
0.170027,-0.019438,-0.086608
0.168223,-0.017052,-0.087546
0.169712,-0.017896,-0.085215
0.166950,-0.017155,-0.085133
0.167116,-0.013021,-0.085723
0.164713,-0.012971,-0.087427
0.162126,-0.012446,-0.087119
0.162623,-0.011326,-0.085678
0.162607,-0.008071,-0.086038
0.160151,-0.006001,-0.086221
0.158533,-0.006698,-0.087147
0.158021,-0.005580,-0.083383
0.158530,-0.002796,-0.084448
0.157101,-0.002197,-0.084778
0.156337,-0.003901,-0.084280
0.153231,-0.002702,-0.085029
0.154833,-0.000850,-0.084595
0.151558,0.001937,-0.086062
0.150803,0.000762,-0.085139
0.149481,0.002328,-0.085807
0.146866,0.003681,-0.087777
0.146501,0.004417,-0.084896
0.147039,0.006113,-0.084924
0.142377,0.005565,-0.087336
0.143137,0.005826,-0.088417
0.139154,0.006728,-0.087004
0.139566,0.009672,-0.088108
0.137739,0.007534,-0.090354
0.136122,0.008609,-0.091793
0.135458,0.008484,-0.090943
0.133994,0.013108,-0.089262
0.130866,0.013026,-0.091188
0.129956,0.012215,-0.091241
0.129516,0.012275,-0.091003
0.126882,0.013788,-0.092045
0.126420,0.013561,-0.093057
0.122866,0.013689,-0.094089
0.123079,0.015058,-0.092931
0.120779,0.018610,-0.092454
0.117217,0.017461,-0.095020
0.118378,0.018982,-0.094700
0.116070,0.017393,-0.096195
0.114374,0.019877,-0.095025
0.112322,0.020472,-0.095723
0.110016,0.019288,-0.094699
0.109991,0.020899,-0.096503
0.108602,0.023888,-0.096294
0.107731,0.022947,-0.096758
0.106541,0.023621,-0.095062
0.105259,0.024099,-0.097606
0.101015,0.024272,-0.099177
0.100030,0.026506,-0.098700
0.099204,0.026368,-0.099752
0.097198,0.027456,-0.098935
0.095918,0.026474,-0.101776
0.094979,0.028866,-0.101081
0.092970,0.027158,-0.101924
0.089468,0.028676,-0.101321
0.090055,0.031010,-0.103090
0.086270,0.029353,-0.101692
0.086053,0.030787,-0.103814
0.082472,0.032417,-0.104632
0.082710,0.030117,-0.105557
0.079199,0.030508,-0.106334
0.076818,0.034101,-0.108245
0.076164,0.031965,-0.109860
0.071755,0.031228,-0.110411
0.069988,0.031812,-0.109888
0.068175,0.031580,-0.113021
0.064819,0.031215,-0.113233
0.063164,0.033259,-0.114546
0.057280,0.029232,-0.117354
0.055097,0.030466,-0.119550
0.051501,0.029248,-0.123036
0.049554,0.029595,-0.122600
0.045492,0.026305,-0.128251
0.039118,0.023058,-0.131154
0.188869,-0.277430,-0.205994
0.193633,-0.271340,-0.201238
0.196993,-0.264364,-0.192442
0.198922,-0.257127,-0.189480
0.202782,-0.254766,-0.184301
0.204561,-0.247768,-0.182386
0.204638,-0.244213,-0.178806
0.210920,-0.237470,-0.175095
0.212422,-0.234296,-0.169574
0.213898,-0.228220,-0.167723
0.213852,-0.224470,-0.166320
0.213441,-0.222414,-0.164330
0.214878,-0.216964,-0.160558
0.217877,-0.213202,-0.157103
0.219222,-0.210582,-0.155112
0.220874,-0.207578,-0.152840
0.219457,-0.204255,-0.150827
0.218789,-0.202956,-0.151529
0.220092,-0.199423,-0.149331
0.221316,-0.196275,-0.148427
0.220472,-0.193818,-0.146942
0.221581,-0.191250,-0.145400
0.220959,-0.187294,-0.145009
0.222472,-0.185442,-0.141181
0.221879,-0.183455,-0.139703
0.222911,-0.180411,-0.139322
0.223119,-0.177871,-0.136862
0.222696,-0.175584,-0.137295
0.221361,-0.172098,-0.135058
0.224231,-0.170780,-0.134756
0.220222,-0.171308,-0.132737
0.221942,-0.168536,-0.131902
0.221515,-0.165318,-0.131360
0.221488,-0.162265,-0.128377
0.219805,-0.161887,-0.127642
0.221348,-0.158668,-0.127287
0.221941,-0.155419,-0.128172
0.220065,-0.152340,-0.125813
0.220829,-0.149545,-0.127649
0.222121,-0.149464,-0.125062
0.218689,-0.146626,-0.123216
0.217557,-0.145620,-0.123706
0.218869,-0.144202,-0.122725
0.219412,-0.140096,-0.123335
0.217782,-0.139884,-0.119972
0.217240,-0.139668,-0.120143
0.217169,-0.135594,-0.118372
0.215439,-0.136441,-0.117854
0.216573,-0.132353,-0.117605
0.215280,-0.130486,-0.119204
0.214524,-0.129689,-0.116998
0.214076,-0.124452,-0.117023
0.212843,-0.124803,-0.116711
0.212074,-0.122302,-0.114681
0.212329,-0.123153,-0.115969
0.211915,-0.120342,-0.115325
0.212663,-0.117754,-0.112885
0.210908,-0.119620,-0.112628
0.212213,-0.113353,-0.113380
0.208913,-0.114100,-0.111330
0.208142,-0.111730,-0.111141
0.207726,-0.112130,-0.113066
0.208798,-0.107071,-0.109436
0.204683,-0.107441,-0.109331
0.205442,-0.105179,-0.110564
0.206278,-0.104936,-0.108124
0.204803,-0.100333,-0.108548
0.204952,-0.099365,-0.109987
0.204142,-0.097864,-0.106165
0.201974,-0.098029,-0.107134
0.202764,-0.094419,-0.105239
0.200948,-0.094418,-0.106233
0.201667,-0.091648,-0.105248
0.200947,-0.091765,-0.105634
0.200849,-0.089731,-0.103882
0.201288,-0.088015,-0.103598
0.197747,-0.081999,-0.101841
0.198360,-0.084063,-0.102003
0.197395,-0.081724,-0.103996
0.198736,-0.081636,-0.102572
0.196465,-0.079106,-0.101640
0.194360,-0.079353,-0.101348
0.195118,-0.075070,-0.101940
0.193584,-0.075711,-0.098738
0.193347,-0.072238,-0.099414
0.194230,-0.070250,-0.101453
0.191619,-0.070845,-0.098144
0.192867,-0.066740,-0.097611
0.191732,-0.066471,-0.098890
0.189851,-0.065192,-0.098074
0.189171,-0.063845,-0.097238
0.189776,-0.062692,-0.095525
0.187057,-0.060912,-0.094803
0.188749,-0.059569,-0.094522
0.187447,-0.059202,-0.095030
0.185993,-0.055968,-0.094432
0.186865,-0.053764,-0.094300
0.186872,-0.052706,-0.092224
0.183653,-0.051557,-0.092937
0.184478,-0.050643,-0.092195
0.181307,-0.048473,-0.093454
0.181435,-0.047477,-0.092131
0.181453,-0.043521,-0.092919
0.180777,-0.043752,-0.091666
0.180946,-0.041529,-0.090501
0.175805,-0.042461,-0.092057
0.178505,-0.039218,-0.089821
0.177717,-0.038942,-0.089581
0.178188,-0.035026,-0.089082
0.176938,-0.036652,-0.089158
0.174205,-0.033281,-0.087541
0.174136,-0.031570,-0.089130
0.173091,-0.030015,-0.087718
0.174808,-0.028882,-0.086856
0.173645,-0.027056,-0.087421
0.170276,-0.027041,-0.088668
0.170525,-0.025047,-0.086854
0.170428,-0.023713,-0.087009
0.167932,-0.021887,-0.086138
0.167944,-0.020499,-0.086738
0.166430,-0.017848,-0.085818
0.166534,-0.018301,-0.086020
0.166203,-0.017811,-0.086331
0.163932,-0.016590,-0.085665
0.162291,-0.013075,-0.087055
0.159704,-0.012934,-0.085535
0.162157,-0.012219,-0.085525
0.157546,-0.010571,-0.084135
0.160213,-0.009331,-0.085359
0.157744,-0.007334,-0.085554
0.155935,-0.007903,-0.084068
0.157316,-0.005053,-0.085387
0.156456,-0.003046,-0.085249
0.154166,-0.004744,-0.086849
0.152957,-0.005117,-0.086262
0.152572,-0.003002,-0.086493
0.150885,-0.001451,-0.084900
0.149302,-0.002441,-0.084660
0.149392,-0.000464,-0.086339
0.145444,0.000607,-0.085596
0.143753,0.002720,-0.085051
0.144617,0.003900,-0.087204
0.142863,0.003890,-0.087811
0.140765,0.006304,-0.088370
0.139287,0.006978,-0.087286
0.138081,0.006982,-0.089743
0.136595,0.005447,-0.089829
0.136323,0.008914,-0.089166
0.133434,0.007164,-0.091643
0.129821,0.008884,-0.090808
0.129030,0.009981,-0.090159
0.128877,0.011373,-0.092218
0.126604,0.010946,-0.092067
0.125339,0.011486,-0.092199
0.123740,0.012204,-0.091823
0.121397,0.013187,-0.089492
0.119098,0.015070,-0.092949
0.117362,0.015915,-0.092210
0.118621,0.013561,-0.094327
0.115564,0.016634,-0.096713
0.115051,0.017240,-0.095447
0.114238,0.016555,-0.094796
0.113276,0.018248,-0.095305
0.110329,0.018637,-0.096465
0.108545,0.018528,-0.095883
0.105898,0.022863,-0.094964
0.107014,0.020518,-0.095943
0.103556,0.021745,-0.097131
0.102559,0.022334,-0.099343
0.099573,0.020894,-0.098718
0.097857,0.023935,-0.098378
0.096447,0.024503,-0.099044
0.094703,0.023193,-0.099778
0.092023,0.025209,-0.100523
0.092736,0.026833,-0.100572
0.090574,0.028184,-0.101020
0.089888,0.027634,-0.101753
0.085880,0.027672,-0.102557
0.083943,0.028199,-0.101880
0.083348,0.028638,-0.104103
0.080484,0.029719,-0.104354
0.080196,0.029922,-0.104687
0.078435,0.030023,-0.106121
0.073740,0.028730,-0.107899
0.072368,0.028213,-0.109985
0.070097,0.028253,-0.111418
0.066051,0.031023,-0.113278
0.063276,0.028741,-0.113800
0.064094,0.030193,-0.115266
0.059045,0.028177,-0.116430
0.057351,0.027110,-0.117401
0.051791,0.026311,-0.119751
0.051112,0.025616,-0.123518
0.043960,0.025068,-0.124369
0.039149,0.020434,-0.131781
0.191617,-0.275985,-0.198676
0.196643,-0.268305,-0.194587
0.198049,-0.263026,-0.190447
0.201852,-0.257729,-0.186558
0.204441,-0.255028,-0.183821
0.205889,-0.250242,-0.180426
0.209787,-0.244449,-0.175094
0.209882,-0.237977,-0.172918
0.211426,-0.233546,-0.169719
0.211814,-0.231485,-0.166797
0.213898,-0.227967,-0.165362
0.213952,-0.224352,-0.162522
0.218884,-0.220684,-0.159725
0.216189,-0.215008,-0.157526
0.217314,-0.213509,-0.154500
0.219492,-0.209286,-0.151713
0.220491,-0.206253,-0.150498
0.221804,-0.204294,-0.148527
0.219878,-0.200980,-0.148138
0.221835,-0.198281,-0.147568
0.219969,-0.194601,-0.146001
0.221837,-0.193333,-0.144400
0.219666,-0.191504,-0.142603
0.221018,-0.187500,-0.141162
0.221582,-0.185698,-0.142262
0.221649,-0.182533,-0.139165
0.221734,-0.180433,-0.136520
0.220229,-0.177052,-0.136717
0.221253,-0.175124,-0.133834
0.221985,-0.172586,-0.134064
0.222424,-0.169605,-0.133749
0.222455,-0.169274,-0.133539
0.220927,-0.167654,-0.129392
0.220680,-0.165866,-0.131448
0.220372,-0.162694,-0.126987
0.222204,-0.159756,-0.126988
0.219556,-0.158660,-0.128034
0.218600,-0.155420,-0.126752
0.221463,-0.154527,-0.124519
0.218793,-0.151400,-0.122058
0.219949,-0.149475,-0.121801
0.219034,-0.146628,-0.121791
0.217504,-0.145036,-0.120709
0.217949,-0.143254,-0.121663
0.217531,-0.143234,-0.120587
0.216501,-0.142958,-0.119572
0.216423,-0.138210,-0.117810
0.217066,-0.136354,-0.119927
0.215919,-0.136738,-0.119056
0.214778,-0.133521,-0.116266
0.215941,-0.127695,-0.114469
0.214001,-0.128130,-0.114115
0.211823,-0.126882,-0.113058
0.212620,-0.126303,-0.113525
0.212795,-0.124998,-0.113566
0.211374,-0.123853,-0.112623
0.211450,-0.119655,-0.112068
0.210944,-0.118481,-0.111596
0.210565,-0.119571,-0.107770
0.209901,-0.116105,-0.110764
0.208483,-0.114267,-0.111784
0.209255,-0.115154,-0.110542
0.206212,-0.110158,-0.108673
0.207146,-0.111529,-0.108947
0.206056,-0.107490,-0.110320
0.204677,-0.106872,-0.110212
0.205224,-0.103617,-0.108561
0.203875,-0.103654,-0.107133
0.205664,-0.100502,-0.106907
0.200697,-0.099506,-0.105323
0.203162,-0.098003,-0.106130
0.201814,-0.097549,-0.104689
0.201842,-0.095685,-0.103939
0.200246,-0.092735,-0.105384
0.199595,-0.092268,-0.104082
0.200218,-0.088908,-0.104196
0.197100,-0.087927,-0.103338
0.197601,-0.087512,-0.101563
0.197109,-0.085319,-0.102286
0.198187,-0.084256,-0.100615
0.195677,-0.082728,-0.101859
0.194452,-0.081947,-0.101232
0.194582,-0.078683,-0.101000
0.192768,-0.076830,-0.098844
0.194300,-0.075717,-0.098898
0.192711,-0.075359,-0.099729
0.190141,-0.072339,-0.097975
0.190538,-0.070624,-0.097876
0.189411,-0.070010,-0.097992
0.189110,-0.067972,-0.097309
0.189379,-0.067989,-0.097517
0.190136,-0.065466,-0.097545
0.186416,-0.063541,-0.095657
0.184176,-0.062158,-0.094995
0.187092,-0.059952,-0.095269
0.185348,-0.060464,-0.096034
0.183748,-0.058264,-0.093844
0.183562,-0.056386,-0.094258
0.183797,-0.053952,-0.093594
0.184198,-0.052549,-0.093596
0.182015,-0.052643,-0.092874
0.181527,-0.051423,-0.095053
0.180863,-0.049511,-0.091404
0.180381,-0.047954,-0.089853
0.180283,-0.046798,-0.089452
0.177756,-0.043063,-0.090268
0.176210,-0.043215,-0.091184
0.177786,-0.041510,-0.089253
0.175938,-0.039805,-0.090085
0.176057,-0.038856,-0.090434
0.173002,-0.036818,-0.088341
0.174104,-0.033435,-0.086640
0.173400,-0.033422,-0.089522
0.170795,-0.031629,-0.088954
0.173380,-0.031813,-0.086561
0.171775,-0.029379,-0.086498
0.169764,-0.028293,-0.086269
0.169983,-0.025550,-0.086248
0.169134,-0.025214,-0.086027
0.168223,-0.023583,-0.085634
0.164680,-0.021209,-0.085574
0.165209,-0.020484,-0.084189
0.165189,-0.019597,-0.086923
0.163668,-0.019285,-0.084646
0.161969,-0.017066,-0.084923
0.160820,-0.016663,-0.085096
0.160536,-0.012687,-0.083790
0.158287,-0.012831,-0.085473
0.158846,-0.012481,-0.085406
0.159410,-0.012769,-0.085949
0.156316,-0.010581,-0.084739
0.154544,-0.008213,-0.085641
0.155295,-0.008156,-0.085052
0.151337,-0.007301,-0.085085
0.150830,-0.005678,-0.084438
0.151042,-0.004766,-0.084055
0.147242,-0.003208,-0.083248
0.147503,-0.003099,-0.085560
0.147139,-0.000433,-0.086635
0.144948,-0.000155,-0.084442
0.144743,-0.002253,-0.084133
0.144484,0.001772,-0.085929
0.142658,0.000704,-0.087221
0.139517,0.003096,-0.086217
0.138605,0.001027,-0.085763
0.136672,0.003999,-0.085943
0.135236,0.003728,-0.089188
0.134203,0.005527,-0.087672
0.132771,0.007428,-0.089453
0.130595,0.005342,-0.089581
0.129640,0.007495,-0.088481
0.128353,0.007248,-0.089594
0.125995,0.007247,-0.090637
0.124565,0.009142,-0.091858
0.123852,0.010451,-0.089796
0.121631,0.011566,-0.091442
0.120752,0.010239,-0.093747
0.119156,0.011869,-0.091448
0.117827,0.013716,-0.092166
0.114194,0.012899,-0.093850
0.112566,0.014070,-0.092813
0.112640,0.016190,-0.091790
0.111451,0.013682,-0.095512
0.110020,0.016245,-0.094202
0.106189,0.017613,-0.094623
0.106511,0.017946,-0.095699
0.104254,0.017844,-0.095423
0.104066,0.018060,-0.095089
0.101204,0.020045,-0.097691
0.099651,0.020123,-0.096481
0.098384,0.021580,-0.098662
0.098034,0.021509,-0.098189
0.095226,0.022692,-0.100640
0.093418,0.022092,-0.100376
0.091185,0.022282,-0.101539
0.091703,0.025890,-0.099575
0.089205,0.026348,-0.103173
0.085126,0.026453,-0.100688
0.086130,0.024417,-0.100655
0.081720,0.027038,-0.105263
0.079515,0.028457,-0.104770
0.078653,0.029537,-0.105793
0.075542,0.026142,-0.104404
0.074005,0.028036,-0.106788
0.072484,0.028092,-0.106917
0.068790,0.028505,-0.109249
0.067642,0.026907,-0.108353
0.063909,0.027732,-0.110818
0.062293,0.025725,-0.112812
0.059280,0.026592,-0.116942
0.057894,0.025130,-0.116630
0.052963,0.025532,-0.119496
0.048961,0.023444,-0.120925
0.042725,0.021149,-0.123833
0.039435,0.017771,-0.129112
0.191652,-0.282505,-0.201164
0.195027,-0.275387,-0.195436
0.200094,-0.268773,-0.189168
0.200699,-0.262826,-0.186370
0.202152,-0.258956,-0.181537
0.205986,-0.253359,-0.179609
0.206685,-0.248725,-0.177642
0.208306,-0.245146,-0.172352
0.211536,-0.240224,-0.170194
0.214471,-0.236960,-0.167399
0.213163,-0.233801,-0.164827
0.214963,-0.232448,-0.161798
0.216115,-0.226399,-0.160368
0.216084,-0.222417,-0.158929
0.216378,-0.217837,-0.156677
0.219597,-0.214863,-0.154303
0.220644,-0.210929,-0.152198
0.220369,-0.208754,-0.153112
0.219665,-0.204318,-0.149982
0.218427,-0.202011,-0.147283
0.217806,-0.200654,-0.145440
0.220737,-0.198229,-0.144398
0.219985,-0.196014,-0.142458
0.220815,-0.194028,-0.141482
0.221077,-0.188574,-0.138881
0.222876,-0.186895,-0.137616
0.221695,-0.185304,-0.136605
0.220519,-0.180060,-0.135410
0.221440,-0.181229,-0.134096
0.221284,-0.178146,-0.133717
0.221827,-0.174891,-0.133722
0.222382,-0.172665,-0.131802
0.220982,-0.171291,-0.131276
0.221241,-0.169429,-0.128074
0.222145,-0.169109,-0.129187
0.221466,-0.165867,-0.126812
0.219648,-0.161490,-0.126457
0.221096,-0.161147,-0.125444
0.221868,-0.157747,-0.123399
0.219503,-0.156647,-0.123078
0.220149,-0.154784,-0.123795
0.219733,-0.149922,-0.120648
0.219782,-0.151337,-0.121848
0.219764,-0.149194,-0.120674
0.218945,-0.146076,-0.119667
0.218156,-0.143049,-0.119362
0.218326,-0.143360,-0.117965
0.216188,-0.139517,-0.118899
0.216252,-0.137499,-0.116261
0.217336,-0.138548,-0.118320
0.215225,-0.137133,-0.114294
0.212772,-0.133651,-0.114483
0.214346,-0.133448,-0.114580
0.214668,-0.129477,-0.113893
0.212249,-0.127140,-0.113606
0.213722,-0.123612,-0.111297
0.210251,-0.125233,-0.113340
0.210342,-0.124803,-0.110036
0.209369,-0.121692,-0.112323
0.208318,-0.121404,-0.112170
0.207223,-0.119187,-0.111438
0.207719,-0.118523,-0.111458
0.207140,-0.114235,-0.107472
0.208194,-0.113952,-0.109215
0.206053,-0.112890,-0.108549
0.206175,-0.108416,-0.107611
0.205325,-0.108424,-0.108727
0.204662,-0.106426,-0.108287
0.203567,-0.107701,-0.106389
0.202686,-0.103382,-0.107103
0.201984,-0.102755,-0.105301
0.202345,-0.101388,-0.105407
0.201582,-0.100021,-0.104491
0.199589,-0.097477,-0.104701
0.201050,-0.094612,-0.103059
0.200534,-0.095236,-0.103301
0.198429,-0.092306,-0.102021
0.196758,-0.091621,-0.102556
0.199534,-0.089258,-0.103083
0.194720,-0.087607,-0.101014
0.196593,-0.086212,-0.100442
0.194852,-0.086438,-0.100148
0.192725,-0.083635,-0.099205
0.194938,-0.081976,-0.099193
0.194418,-0.079824,-0.099806
0.191893,-0.077679,-0.098977
0.190858,-0.076401,-0.098435
0.191197,-0.076727,-0.097446
0.190662,-0.074941,-0.097188
0.189963,-0.071155,-0.096358
0.188065,-0.072155,-0.095963
0.187806,-0.069283,-0.096517
0.186739,-0.067246,-0.094044
0.185187,-0.066699,-0.096708
0.185403,-0.065528,-0.094046
0.185982,-0.062901,-0.093905
0.185312,-0.061766,-0.094746
0.184709,-0.059591,-0.093639
0.182471,-0.058117,-0.091513
0.183417,-0.057039,-0.093088
0.181561,-0.057032,-0.093907
0.182707,-0.054188,-0.091486
0.181832,-0.054180,-0.091620
0.180454,-0.050997,-0.089858
0.179762,-0.049208,-0.089859
0.177160,-0.049217,-0.092190
0.176800,-0.048110,-0.091800
0.177940,-0.044619,-0.089530
0.177194,-0.043299,-0.091129
0.176092,-0.042348,-0.088021
0.172857,-0.040102,-0.088470
0.175238,-0.038551,-0.088454
0.173819,-0.038186,-0.089146
0.172601,-0.034991,-0.088763
0.170397,-0.034771,-0.089185
0.169527,-0.033432,-0.087362
0.170449,-0.032094,-0.088939
0.168585,-0.030549,-0.085747
0.168339,-0.028408,-0.087114
0.168308,-0.026624,-0.088308
0.166826,-0.027530,-0.082337
0.164286,-0.022685,-0.085984
0.165631,-0.025524,-0.085297
0.164364,-0.021503,-0.085120
0.161172,-0.019008,-0.084491
0.163611,-0.019738,-0.085030
0.159774,-0.016410,-0.085535
0.161005,-0.019611,-0.085168
0.157137,-0.017906,-0.084435
0.156580,-0.015550,-0.086083
0.156902,-0.013511,-0.085929
0.154814,-0.012944,-0.084358
0.154432,-0.013244,-0.082882
0.152691,-0.009349,-0.084694
0.152497,-0.010080,-0.083762
0.152145,-0.008924,-0.084049
0.149111,-0.006422,-0.085419
0.149650,-0.007520,-0.084796
0.148250,-0.006128,-0.085337
0.147634,-0.006713,-0.084971
0.144169,-0.005531,-0.086046
0.145754,-0.003037,-0.086048
0.143517,-0.002188,-0.084728
0.141095,-0.001059,-0.085865
0.138561,-0.001753,-0.086236
0.138708,-0.000658,-0.085755
0.136097,0.001057,-0.086290
0.135184,0.002334,-0.086723
0.134812,0.003076,-0.087414
0.133456,0.002255,-0.089248
0.128517,0.005074,-0.088210
0.130920,0.005207,-0.088658
0.129538,0.005729,-0.088026
0.126870,0.005964,-0.090263
0.124486,0.007813,-0.091236
0.123782,0.007606,-0.092196
0.121446,0.009801,-0.091410
0.120011,0.008770,-0.091349
0.115772,0.008202,-0.092909
0.116974,0.011708,-0.090751
0.114426,0.012377,-0.092460
0.112968,0.012124,-0.093028
0.112484,0.014180,-0.093861
0.109428,0.013105,-0.094687
0.109071,0.013758,-0.095172
0.107113,0.014947,-0.094856
0.108516,0.015727,-0.095173
0.102512,0.016024,-0.095755
0.102928,0.016086,-0.096005
0.098944,0.017520,-0.097143
0.098948,0.016498,-0.096287
0.096149,0.017487,-0.099909
0.097337,0.018626,-0.098949
0.093417,0.019850,-0.098892
0.093678,0.020497,-0.099736
0.093411,0.018739,-0.100121
0.091055,0.020227,-0.098747
0.087814,0.023707,-0.102738
0.086323,0.023000,-0.099235
0.083366,0.023051,-0.101902
0.081308,0.025351,-0.102467
0.081673,0.023249,-0.101673
0.077066,0.026020,-0.103181
0.076750,0.025464,-0.103449
0.075159,0.026676,-0.104644
0.072040,0.024343,-0.105490
0.069641,0.025430,-0.108730
0.066985,0.023741,-0.109058
0.063497,0.024331,-0.110870
0.061407,0.024333,-0.112742
0.058995,0.026274,-0.112300
0.057555,0.022985,-0.115364
0.055206,0.024691,-0.118304
0.046712,0.020176,-0.118475
0.045334,0.019589,-0.123223
0.039162,0.016179,-0.129686
0.189873,-0.289215,-0.204224
0.196387,-0.279169,-0.197020
0.199418,-0.273125,-0.191056
0.202257,-0.271779,-0.186687
0.203935,-0.263964,-0.182357
0.205518,-0.260295,-0.180509
0.206955,-0.255503,-0.176223
0.208201,-0.250956,-0.173566
0.212485,-0.247259,-0.172105
0.212868,-0.240686,-0.167639
0.213930,-0.239949,-0.164172
0.213447,-0.234090,-0.163120
0.214558,-0.233785,-0.160829
0.215960,-0.227456,-0.158370
0.217745,-0.223465,-0.157132
0.217952,-0.218636,-0.153404
0.218910,-0.217125,-0.150608
0.219838,-0.214269,-0.151372
0.218070,-0.213749,-0.150784
0.219568,-0.208190,-0.146629
0.220920,-0.206116,-0.146591
0.220398,-0.201993,-0.144014
0.220094,-0.199454,-0.143067
0.219591,-0.198260,-0.141520
0.220861,-0.195274,-0.142187
0.220295,-0.192421,-0.138565
0.222374,-0.189696,-0.137576
0.220694,-0.186023,-0.134376
0.222362,-0.186012,-0.135203
0.222026,-0.182253,-0.133284
0.221845,-0.178215,-0.130975
0.222388,-0.178138,-0.130172
0.220332,-0.176225,-0.129018
0.222463,-0.172635,-0.129406
0.222891,-0.170194,-0.126609
0.222864,-0.169894,-0.128218
0.218809,-0.167481,-0.125535
0.221570,-0.166841,-0.124275
0.219569,-0.162820,-0.122700
0.218935,-0.160155,-0.123622
0.219052,-0.157977,-0.121962
0.217907,-0.155896,-0.121604
0.217738,-0.155969,-0.121458
0.218321,-0.151790,-0.120099
0.219127,-0.151120,-0.119196
0.217752,-0.148162,-0.117952
0.217214,-0.146676,-0.118034
0.216486,-0.146411,-0.118585
0.216949,-0.144206,-0.116358
0.215532,-0.141278,-0.116213
0.215546,-0.141045,-0.115982
0.215909,-0.137896,-0.114304
0.215448,-0.136894,-0.112525
0.215695,-0.134979,-0.112300
0.213156,-0.131639,-0.114960
0.213918,-0.131747,-0.111332
0.211345,-0.127712,-0.111039
0.213019,-0.127175,-0.108672
0.213281,-0.126232,-0.110911
0.211083,-0.124344,-0.108734
0.208392,-0.122572,-0.109074
0.210368,-0.120311,-0.108986
0.208435,-0.117642,-0.110185
0.208582,-0.118731,-0.108437
0.207465,-0.115706,-0.106822
0.206662,-0.114597,-0.106750
0.205773,-0.111737,-0.107004
0.206473,-0.110428,-0.106339
0.203504,-0.109686,-0.106379
0.204363,-0.109241,-0.107429
0.203913,-0.107111,-0.105026
0.201954,-0.104181,-0.104476
0.202549,-0.104268,-0.104542
0.200951,-0.102920,-0.104765
0.199698,-0.099191,-0.103789
0.199301,-0.098696,-0.099736
0.200020,-0.097960,-0.102120
0.199838,-0.094389,-0.100868
0.196157,-0.095322,-0.101804
0.197880,-0.092014,-0.103832
0.195429,-0.092108,-0.100495
0.197129,-0.089812,-0.099770
0.196711,-0.088591,-0.100018
0.193711,-0.085969,-0.098980
0.192857,-0.085254,-0.103491
0.193665,-0.081903,-0.100770
0.192093,-0.082466,-0.098532
0.191108,-0.079659,-0.097249
0.190899,-0.078264,-0.098366
0.189135,-0.075975,-0.096271
0.189761,-0.076044,-0.096527
0.186862,-0.075364,-0.097337
0.186383,-0.071917,-0.096228
0.187779,-0.071177,-0.094521
0.186007,-0.071292,-0.095306
0.184531,-0.067437,-0.093193
0.184147,-0.065685,-0.094774
0.184673,-0.064583,-0.093677
0.183717,-0.064039,-0.094923
0.182876,-0.061181,-0.093853
0.181262,-0.061144,-0.091859
0.180065,-0.058512,-0.092466
0.180119,-0.057929,-0.093322
0.181264,-0.058135,-0.093296
0.177958,-0.053940,-0.091305
0.177878,-0.052890,-0.091297
0.178663,-0.048791,-0.090060
0.176817,-0.049598,-0.089306
0.176967,-0.049303,-0.090284
0.175776,-0.047139,-0.088455
0.175097,-0.045191,-0.088678
0.173381,-0.044263,-0.089114
0.172917,-0.041759,-0.090169
0.170896,-0.041941,-0.087963
0.172020,-0.038548,-0.087848
0.170032,-0.036526,-0.086709
0.169262,-0.037044,-0.085967
0.167211,-0.034999,-0.087145
0.168065,-0.034309,-0.087405
0.166742,-0.032473,-0.085003
0.168231,-0.030919,-0.086000
0.165264,-0.029804,-0.086139
0.163457,-0.027119,-0.085294
0.164027,-0.027594,-0.085245
0.164696,-0.024626,-0.083593
0.160861,-0.023128,-0.082695
0.162568,-0.023218,-0.084883
0.160762,-0.021096,-0.084586
0.159220,-0.018424,-0.082218
0.157915,-0.018589,-0.085226
0.157527,-0.018980,-0.084361
0.153956,-0.017673,-0.083208
0.154912,-0.017762,-0.083771
0.154208,-0.014502,-0.085169
0.152237,-0.013047,-0.083168
0.151653,-0.012296,-0.081951
0.149289,-0.011868,-0.085200
0.148858,-0.010602,-0.084304
0.146791,-0.010015,-0.082788
0.146701,-0.008878,-0.083396
0.146564,-0.007859,-0.086060
0.143895,-0.006678,-0.086461
0.143767,-0.004016,-0.084980
0.141488,-0.005003,-0.083775
0.141307,-0.002960,-0.086898
0.139347,-0.001809,-0.085419
0.136701,-0.002519,-0.088538
0.138071,-0.000799,-0.086340
0.134125,-0.000269,-0.085034
0.133583,0.000506,-0.086830
0.132696,-0.000908,-0.088486
0.130439,0.001245,-0.086007
0.127650,0.001980,-0.087684
0.126761,0.003271,-0.088869
0.124717,0.003784,-0.090017
0.124493,0.004595,-0.090405
0.122313,0.005810,-0.088398
0.119477,0.005704,-0.087222
0.119211,0.006492,-0.090019
0.119565,0.007407,-0.089109
0.115238,0.006592,-0.090449
0.112762,0.008707,-0.092215
0.113591,0.008514,-0.092657
0.111854,0.010116,-0.092479
0.110189,0.010836,-0.093110
0.107402,0.013300,-0.095342
0.108262,0.013107,-0.092949
0.104214,0.011443,-0.093230
0.103702,0.012374,-0.093707
0.102251,0.013060,-0.094406
0.100821,0.015951,-0.096263
0.100141,0.016712,-0.097079
0.097784,0.016052,-0.095364
0.095864,0.017650,-0.097773
0.094162,0.018333,-0.097672
0.092698,0.017918,-0.097023
0.091397,0.018234,-0.098291
0.090530,0.020831,-0.099562
0.085928,0.021110,-0.100004
0.085716,0.019732,-0.099868
0.085563,0.021031,-0.100010
0.082677,0.020589,-0.100135
0.081778,0.021557,-0.099887
0.078744,0.023335,-0.101776
0.076185,0.023333,-0.102894
0.076109,0.024023,-0.103903
0.070805,0.023008,-0.105666
0.070265,0.023310,-0.108099
0.069240,0.023968,-0.107966
0.066439,0.022169,-0.109012
0.062177,0.022961,-0.110085
0.058940,0.022593,-0.112916
0.057291,0.021970,-0.113867
0.052450,0.021206,-0.116195
0.049503,0.018913,-0.120246
0.043366,0.019066,-0.120990
0.038361,0.014220,-0.127742
0.193565,-0.290275,-0.198521
0.199087,-0.279292,-0.190607
0.201117,-0.273924,-0.186466
0.202578,-0.267643,-0.183457
0.204584,-0.264318,-0.178649
0.206367,-0.260982,-0.177005
0.206733,-0.256427,-0.176398
0.209141,-0.251131,-0.172799
0.210186,-0.248145,-0.171271
0.211556,-0.242710,-0.166920
0.213740,-0.239656,-0.163037
0.212548,-0.235348,-0.163440
0.214442,-0.234573,-0.159552
0.215377,-0.229563,-0.157898
0.217683,-0.226652,-0.154475
0.217552,-0.223529,-0.154118
0.217898,-0.220600,-0.150559
0.216620,-0.216351,-0.150109
0.219895,-0.213213,-0.147238
0.220298,-0.212072,-0.144713
0.221533,-0.208313,-0.143034
0.220402,-0.205507,-0.143343
0.220239,-0.201552,-0.141885
0.220898,-0.201579,-0.142273
0.220209,-0.197778,-0.138915
0.222043,-0.194278,-0.137056
0.220442,-0.190355,-0.136707
0.222237,-0.188007,-0.134308
0.222932,-0.188662,-0.132994
0.223698,-0.183902,-0.133236
0.221947,-0.183002,-0.131813
0.221674,-0.180780,-0.131293
0.223072,-0.178850,-0.129456
0.221393,-0.175646,-0.129177
0.220311,-0.174075,-0.128964
0.220943,-0.172645,-0.124407
0.219369,-0.170638,-0.122604
0.221217,-0.167678,-0.124965
0.221401,-0.165503,-0.120989
0.220429,-0.162781,-0.123237
0.220885,-0.160365,-0.121907
0.218678,-0.158114,-0.120258
0.217749,-0.156655,-0.119456
0.220145,-0.154978,-0.120380
0.220687,-0.152981,-0.117435
0.218026,-0.150573,-0.117260
0.216957,-0.148104,-0.118524
0.218944,-0.145646,-0.115155
0.217798,-0.144808,-0.114694
0.216191,-0.142530,-0.113096
0.215072,-0.139857,-0.113259
0.217710,-0.139429,-0.113369
0.215766,-0.138804,-0.112841
0.214298,-0.136121,-0.111175
0.214285,-0.134361,-0.110327
0.212930,-0.133421,-0.112429
0.214320,-0.130657,-0.109280
0.211131,-0.129074,-0.108583
0.210648,-0.129764,-0.109105
0.211866,-0.126957,-0.108641
0.208508,-0.125996,-0.109360
0.207377,-0.123466,-0.108116
0.208688,-0.120970,-0.107659
0.207526,-0.118614,-0.108233
0.206279,-0.118597,-0.106541
0.206228,-0.116055,-0.106150
0.205166,-0.115177,-0.104344
0.206629,-0.111744,-0.103673
0.204334,-0.110525,-0.104886
0.203164,-0.111520,-0.104874
0.203092,-0.108700,-0.103205
0.201190,-0.107078,-0.102792
0.202482,-0.105833,-0.105762
0.202366,-0.105019,-0.103575
0.200217,-0.102855,-0.103438
0.197857,-0.102314,-0.102648
0.199150,-0.099025,-0.102028
0.196743,-0.097670,-0.099908
0.199335,-0.096830,-0.101840
0.196562,-0.094478,-0.100536
0.195060,-0.094584,-0.099037
0.194499,-0.091742,-0.100382
0.193941,-0.089909,-0.099549
0.194801,-0.088218,-0.099716
0.191792,-0.087847,-0.099813
0.191933,-0.086001,-0.100307
0.193251,-0.084044,-0.099460
0.190674,-0.082418,-0.096378
0.189814,-0.080399,-0.096833
0.190660,-0.077737,-0.095535
0.189714,-0.078396,-0.095038
0.186086,-0.077105,-0.096975
0.185827,-0.076065,-0.095787
0.186369,-0.075754,-0.094535
0.183952,-0.070658,-0.095205
0.183976,-0.071204,-0.093239
0.184815,-0.070099,-0.092885
0.182176,-0.068127,-0.092579
0.183204,-0.067350,-0.093286
0.182738,-0.065683,-0.093118
0.182041,-0.065477,-0.091249
0.179191,-0.059807,-0.091162
0.178844,-0.061267,-0.091132
0.179737,-0.058662,-0.092801
0.176383,-0.056969,-0.091520
0.178612,-0.056261,-0.089720
0.176138,-0.054186,-0.090239
0.175195,-0.053994,-0.089401
0.176098,-0.049869,-0.087587
0.174425,-0.049429,-0.090376
0.171791,-0.048678,-0.088452
0.171663,-0.046423,-0.087120
0.171417,-0.043646,-0.089493
0.170536,-0.043856,-0.087497
0.171694,-0.042658,-0.088777
0.169045,-0.040419,-0.087086
0.170986,-0.039705,-0.086608
0.168383,-0.039568,-0.084656
0.166069,-0.038632,-0.085613
0.167266,-0.037657,-0.085124
0.165334,-0.034470,-0.084803
0.164629,-0.033228,-0.084490
0.164581,-0.030827,-0.084940
0.164579,-0.031832,-0.084006
0.161290,-0.026849,-0.084341
0.161292,-0.028532,-0.084810
0.160918,-0.025976,-0.085374
0.159622,-0.024635,-0.081786
0.157885,-0.023470,-0.083442
0.156504,-0.021887,-0.082135
0.156035,-0.020600,-0.083353
0.156549,-0.019788,-0.082704
0.152732,-0.017150,-0.084610
0.154172,-0.017266,-0.080929
0.152818,-0.017766,-0.082587
0.150920,-0.017316,-0.083277
0.149546,-0.015066,-0.083361
0.147706,-0.011834,-0.082956
0.146703,-0.012460,-0.083732
0.147419,-0.012511,-0.084142
0.144595,-0.010748,-0.083996
0.142824,-0.010849,-0.085017
0.141456,-0.007781,-0.084435
0.141413,-0.007720,-0.086226
0.138819,-0.007275,-0.084546
0.138168,-0.005133,-0.085623
0.137742,-0.003833,-0.086849
0.136308,-0.004864,-0.084478
0.133828,-0.001939,-0.085372
0.134527,-0.002402,-0.087699
0.130970,-0.001214,-0.086068
0.129028,-0.000235,-0.085372
0.129612,0.000487,-0.088469
0.127706,0.001483,-0.089532
0.123300,-0.000564,-0.086687
0.123793,-0.000019,-0.088546
0.122912,0.003034,-0.090035
0.120871,0.002987,-0.088796
0.118490,0.003788,-0.091247
0.118630,0.005030,-0.090951
0.117054,0.006789,-0.090589
0.114212,0.006553,-0.090023
0.112783,0.006943,-0.090440
0.110890,0.006952,-0.093545
0.109603,0.008552,-0.092109
0.108950,0.009553,-0.095188
0.104989,0.009930,-0.093593
0.105048,0.010827,-0.093537
0.104036,0.010657,-0.094413
0.101179,0.012118,-0.095350
0.100557,0.011673,-0.095848
0.097183,0.013093,-0.095454
0.098028,0.012902,-0.096691
0.095380,0.014968,-0.094345
0.092164,0.015003,-0.095292
0.091598,0.015663,-0.098994
0.091500,0.015756,-0.098117
0.090131,0.017650,-0.098093
0.087993,0.017209,-0.098573
0.084237,0.017871,-0.098141
0.084428,0.017131,-0.099128
0.082054,0.018587,-0.101670
0.080057,0.018112,-0.099922
0.078509,0.020806,-0.101317
0.077482,0.019820,-0.103338
0.074913,0.018522,-0.102780
0.071772,0.021447,-0.105197
0.068556,0.020169,-0.106741
0.066129,0.021265,-0.108585
0.064350,0.021464,-0.110454
0.062748,0.020198,-0.109441
0.059328,0.017828,-0.112309
0.056915,0.017805,-0.114412
0.052439,0.017230,-0.115529
0.049266,0.016416,-0.118210
0.044473,0.015579,-0.120241
0.038194,0.010224,-0.127754
0.190575,-0.297508,-0.199755
0.196143,-0.286251,-0.195083
0.199369,-0.281119,-0.188880
0.202709,-0.273851,-0.183537
0.205430,-0.270302,-0.182893
0.205985,-0.264850,-0.179411
0.205472,-0.260304,-0.175195
0.209199,-0.257270,-0.171967
0.209246,-0.254295,-0.169396
0.212055,-0.247360,-0.166926
0.212534,-0.246458,-0.164007
0.213669,-0.243403,-0.161389
0.216319,-0.237116,-0.160283
0.215251,-0.234431,-0.157282
0.216838,-0.233262,-0.155484
0.217453,-0.228626,-0.152658
0.219012,-0.223821,-0.151071
0.218737,-0.221157,-0.149041
0.219251,-0.218714,-0.149158
0.219505,-0.217887,-0.145959
0.220362,-0.212408,-0.146097
0.220613,-0.212135,-0.142956
0.219293,-0.209603,-0.140739
0.220041,-0.206480,-0.142511
0.221247,-0.202193,-0.138977
0.221460,-0.199342,-0.138186
0.219996,-0.196629,-0.136768
0.221469,-0.193675,-0.134577
0.220977,-0.191561,-0.132683
0.219853,-0.189216,-0.131989
0.222072,-0.185497,-0.132527
0.221659,-0.185247,-0.129115
0.220581,-0.182524,-0.127532
0.220874,-0.181259,-0.128667
0.223610,-0.178037,-0.127301
0.220587,-0.176184,-0.124626
0.220353,-0.173299,-0.126911
0.221529,-0.171223,-0.122492
0.221355,-0.170048,-0.122193
0.219829,-0.166864,-0.122935
0.220532,-0.164242,-0.121184
0.220302,-0.161430,-0.121028
0.219887,-0.162330,-0.118577
0.220136,-0.159725,-0.118238
0.218983,-0.156959,-0.117889
0.217617,-0.157034,-0.118063
0.219505,-0.153469,-0.115369
0.216309,-0.150661,-0.113763
0.217278,-0.149488,-0.116297
0.216104,-0.147652,-0.114583
0.215398,-0.146607,-0.112444
0.216705,-0.142932,-0.112223
0.215999,-0.140730,-0.111347
0.215591,-0.141585,-0.109662
0.214722,-0.139256,-0.109760
0.214147,-0.138210,-0.108743
0.213254,-0.136951,-0.110211
0.212038,-0.131980,-0.109980
0.212487,-0.130250,-0.111253
0.210837,-0.128764,-0.109537
0.209373,-0.128705,-0.109860
0.210825,-0.127577,-0.107409
0.208669,-0.127852,-0.107709
0.207481,-0.122610,-0.108437
0.207087,-0.123261,-0.107818
0.207416,-0.119512,-0.104322
0.204998,-0.119241,-0.105918
0.204918,-0.117765,-0.106073
0.204372,-0.115433,-0.104650
0.203563,-0.113317,-0.104858
0.202651,-0.112794,-0.101879
0.204116,-0.110459,-0.103542
0.201058,-0.110460,-0.102463
0.199782,-0.109200,-0.103278
0.199218,-0.105726,-0.101990
0.199233,-0.105900,-0.102586
0.197203,-0.105029,-0.102082
0.197390,-0.102722,-0.100886
0.198221,-0.102125,-0.100793
0.195965,-0.096823,-0.099444
0.194190,-0.097804,-0.098809
0.195422,-0.095955,-0.100249
0.194515,-0.094987,-0.098852
0.193341,-0.091531,-0.099030
0.191952,-0.091769,-0.098452
0.189912,-0.089238,-0.098473
0.193361,-0.089423,-0.097739
0.189627,-0.087175,-0.097833
0.190101,-0.085181,-0.096561
0.188747,-0.086162,-0.095191
0.189310,-0.081672,-0.095536
0.190506,-0.080251,-0.094674
0.187821,-0.080088,-0.095031
0.188033,-0.077569,-0.094893
0.186130,-0.076387,-0.093831
0.184909,-0.076667,-0.094474
0.185734,-0.072375,-0.094995
0.183913,-0.072121,-0.092961
0.182734,-0.070899,-0.094435
0.182435,-0.069138,-0.090473
0.180007,-0.068022,-0.093581
0.181760,-0.065767,-0.093401
0.179055,-0.063003,-0.093141
0.180348,-0.062998,-0.091274
0.178940,-0.063052,-0.088990
0.176750,-0.060438,-0.090914
0.175184,-0.059485,-0.090709
0.175730,-0.057509,-0.090383
0.174268,-0.054948,-0.089412
0.176614,-0.055116,-0.090514
0.172736,-0.053443,-0.087566
0.173544,-0.051710,-0.088218
0.170944,-0.050346,-0.086726
0.169231,-0.050713,-0.088223
0.171093,-0.046764,-0.086054
0.168957,-0.045703,-0.087873
0.170490,-0.043492,-0.086035
0.168953,-0.042701,-0.087560
0.167331,-0.041017,-0.085581
0.166966,-0.041119,-0.086188
0.165652,-0.038650,-0.085009
0.165178,-0.036591,-0.085199
0.164195,-0.033955,-0.084702
0.164368,-0.035358,-0.086231
0.161504,-0.033374,-0.084238
0.160946,-0.031413,-0.084760
0.160697,-0.032237,-0.084561
0.160193,-0.029528,-0.084146
0.161371,-0.028032,-0.084156
0.157065,-0.027789,-0.081621
0.153946,-0.025037,-0.084776
0.155015,-0.024671,-0.085352
0.154989,-0.022580,-0.081629
0.152936,-0.021214,-0.083191
0.153090,-0.021857,-0.083484
0.152307,-0.017923,-0.080693
0.149680,-0.017414,-0.084796
0.151637,-0.016509,-0.082782
0.147955,-0.015342,-0.083455
0.146408,-0.015263,-0.081700
0.146340,-0.012266,-0.084896
0.143035,-0.014076,-0.082337
0.142321,-0.011789,-0.083129
0.142053,-0.010156,-0.081384
0.140162,-0.009374,-0.084033
0.138317,-0.008944,-0.082896
0.137488,-0.009761,-0.084974
0.136898,-0.007251,-0.085121
0.134651,-0.006847,-0.085033
0.135843,-0.005316,-0.085246
0.131936,-0.004013,-0.085536
0.131083,-0.002704,-0.085337
0.129625,-0.003240,-0.087466
0.129131,-0.003115,-0.085980
0.127695,-0.003468,-0.087514
0.125535,-0.003224,-0.087087
0.122667,-0.000789,-0.087774
0.120780,0.000701,-0.087900
0.120593,-0.000247,-0.089071
0.117266,0.001471,-0.088361
0.116667,0.002427,-0.088667
0.117069,0.002310,-0.090616
0.113392,0.004418,-0.089331
0.113277,0.003533,-0.089261
0.111498,0.004563,-0.089402
0.111711,0.006274,-0.092067
0.107481,0.006179,-0.091615
0.104464,0.005659,-0.092846
0.104839,0.005871,-0.092193
0.101957,0.007502,-0.094081
0.100897,0.009952,-0.093444
0.099332,0.010695,-0.094183
0.099242,0.012681,-0.093936
0.096774,0.010157,-0.095177
0.095761,0.012177,-0.096468
0.094162,0.011963,-0.095247
0.091614,0.013361,-0.095955
0.090019,0.013887,-0.097798
0.089576,0.016092,-0.096599
0.086121,0.017520,-0.097644
0.086308,0.015639,-0.097334
0.083184,0.015535,-0.097829
0.080799,0.017185,-0.101125
0.081311,0.017208,-0.100697
0.077730,0.016625,-0.101411
0.075028,0.017399,-0.102859
0.075281,0.018722,-0.103371
0.072489,0.019177,-0.102780
0.067091,0.020380,-0.105257
0.067646,0.017941,-0.105349
0.064818,0.018256,-0.105700
0.063833,0.019213,-0.108230
0.059202,0.017110,-0.110055
0.055162,0.018278,-0.111959
0.051870,0.017111,-0.114296
0.050903,0.015188,-0.116224
0.043949,0.012576,-0.120449
0.037441,0.007962,-0.125810
0.193958,-0.295721,-0.194226
0.199422,-0.288338,-0.189438
0.202338,-0.281044,-0.185123
0.203474,-0.274281,-0.183158
0.204616,-0.270855,-0.178283
0.207125,-0.265491,-0.175799
0.210419,-0.263864,-0.173535
0.210795,-0.259452,-0.170800
0.211419,-0.255243,-0.168422
0.212196,-0.250026,-0.166646
0.211745,-0.246049,-0.162178
0.214701,-0.244160,-0.160091
0.215361,-0.239954,-0.159203
0.215686,-0.236883,-0.157462
0.216583,-0.235339,-0.153915
0.216994,-0.230672,-0.151465
0.217455,-0.227817,-0.151769
0.218160,-0.224201,-0.147960
0.219028,-0.221423,-0.147970
0.220127,-0.219361,-0.144652
0.218841,-0.216128,-0.144042
0.221505,-0.212852,-0.141549
0.219535,-0.210959,-0.142308
0.219710,-0.207387,-0.139005
0.217842,-0.205243,-0.138334
0.222511,-0.201379,-0.136482
0.221741,-0.197475,-0.136207
0.224952,-0.196015,-0.136466
0.219970,-0.193844,-0.133738
0.220929,-0.191946,-0.133757
0.221223,-0.187222,-0.131403
0.221570,-0.189352,-0.131626
0.220573,-0.187187,-0.128017
0.220799,-0.182978,-0.126476
0.220275,-0.180831,-0.126439
0.221466,-0.179283,-0.125459
0.219782,-0.175589,-0.122954
0.224027,-0.174661,-0.124394
0.220987,-0.171333,-0.120926
0.220073,-0.167805,-0.121716
0.221999,-0.166674,-0.120619
0.219097,-0.165840,-0.119787
0.219411,-0.164487,-0.118142
0.222165,-0.161421,-0.118731
0.218243,-0.158225,-0.117025
0.218741,-0.157208,-0.116787
0.217881,-0.155034,-0.117032
0.218773,-0.153914,-0.115749
0.216185,-0.153254,-0.113193
0.217849,-0.150118,-0.114041
0.217441,-0.147894,-0.114003
0.216126,-0.146494,-0.110755
0.213982,-0.144316,-0.110244
0.215903,-0.139612,-0.109756
0.214340,-0.140218,-0.108891
0.214644,-0.139884,-0.109900
0.214875,-0.137335,-0.107738
0.213036,-0.135403,-0.109423
0.210786,-0.133948,-0.107664
0.210341,-0.131574,-0.107968
0.211346,-0.130005,-0.106383
0.210091,-0.131230,-0.106201
0.210417,-0.127930,-0.105295
0.208309,-0.126047,-0.105316
0.208371,-0.124021,-0.105309
0.207451,-0.122267,-0.105496
0.207017,-0.120131,-0.103204
0.204732,-0.119305,-0.104295
0.204937,-0.118086,-0.103084
0.204694,-0.115027,-0.100539
0.203338,-0.114621,-0.104702
0.200933,-0.114389,-0.102791
0.201521,-0.112098,-0.102619
0.200930,-0.110185,-0.101300
0.198637,-0.108621,-0.101943
0.200767,-0.109268,-0.101557
0.198445,-0.106348,-0.101202
0.198127,-0.105101,-0.100984
0.198053,-0.103690,-0.100449
0.197006,-0.101099,-0.099048
0.195862,-0.099796,-0.098442
0.194377,-0.098326,-0.099405
0.194978,-0.096604,-0.095863
0.193076,-0.096360,-0.098197
0.193372,-0.094664,-0.098809
0.193174,-0.091814,-0.097285
0.190886,-0.090488,-0.094503
0.190877,-0.088923,-0.095501
0.190231,-0.088364,-0.096109
0.187646,-0.088572,-0.094881
0.188514,-0.085092,-0.095756
0.187519,-0.086049,-0.094851
0.184864,-0.082977,-0.095253
0.186386,-0.079483,-0.094346
0.183426,-0.078604,-0.093908
0.183380,-0.079759,-0.095154
0.183315,-0.078000,-0.093714
0.182906,-0.074498,-0.094182
0.182774,-0.074347,-0.093001
0.179429,-0.070771,-0.093030
0.181689,-0.069997,-0.091193
0.179134,-0.068444,-0.090345
0.182215,-0.067246,-0.091186
0.178008,-0.066749,-0.089950
0.178728,-0.066353,-0.090150
0.176048,-0.064537,-0.088926
0.175153,-0.061379,-0.089412
0.172014,-0.060801,-0.090067
0.173718,-0.058467,-0.087495
0.174353,-0.055851,-0.089715
0.170749,-0.054693,-0.087696
0.173533,-0.053797,-0.087488
0.172270,-0.051464,-0.087976
0.170510,-0.048800,-0.087530
0.167544,-0.049969,-0.086238
0.169240,-0.047511,-0.087612
0.167581,-0.047994,-0.086413
0.167358,-0.044823,-0.085635
0.166149,-0.044124,-0.085217
0.166522,-0.044690,-0.085898
0.165254,-0.040472,-0.084870
0.163974,-0.040444,-0.082970
0.162686,-0.037960,-0.085115
0.161002,-0.037051,-0.085553
0.162355,-0.034880,-0.086094
0.161824,-0.036152,-0.083562
0.160180,-0.033790,-0.081830
0.159911,-0.032081,-0.084324
0.157148,-0.031620,-0.084477
0.155203,-0.029802,-0.083541
0.156887,-0.028737,-0.082485
0.154706,-0.028099,-0.082350
0.154585,-0.026495,-0.083545
0.154375,-0.023615,-0.084056
0.150297,-0.023511,-0.082636
0.149263,-0.021862,-0.082164
0.149668,-0.021719,-0.083632
0.150853,-0.020761,-0.083400
0.148133,-0.020222,-0.082262
0.146414,-0.017469,-0.084424
0.144337,-0.017598,-0.083535
0.143023,-0.014802,-0.082890
0.142003,-0.015382,-0.083210
0.139007,-0.012345,-0.084104
0.142153,-0.011738,-0.084588
0.138300,-0.010743,-0.083964
0.137017,-0.010275,-0.083930
0.136542,-0.010464,-0.083293
0.134100,-0.008806,-0.085337
0.133614,-0.008191,-0.087255
0.132583,-0.009253,-0.085075
0.130452,-0.007384,-0.085898
0.129581,-0.006884,-0.085074
0.129127,-0.004244,-0.088540
0.125464,-0.004902,-0.085729
0.124842,-0.003860,-0.086486
0.124197,-0.003444,-0.089248
0.122252,-0.003471,-0.086662
0.119213,-0.000715,-0.086318
0.119183,-0.002082,-0.087731
0.117820,-0.001253,-0.087992
0.116196,0.001408,-0.088907
0.114500,0.000575,-0.089330
0.112599,0.002411,-0.089819
0.112185,0.001949,-0.089568
0.109854,0.001752,-0.090766
0.107685,0.002864,-0.091427
0.107637,0.005447,-0.090659
0.104590,0.004177,-0.091545
0.099619,0.004970,-0.093160
0.100835,0.007688,-0.093868
0.100393,0.007840,-0.093410
0.099611,0.007114,-0.095527
0.096865,0.009597,-0.092963
0.093064,0.010325,-0.092770
0.092967,0.010638,-0.094885
0.090933,0.009703,-0.096256
0.089311,0.011629,-0.096682
0.089214,0.010447,-0.096520
0.088520,0.012112,-0.096633
0.084172,0.012612,-0.095666
0.083754,0.012881,-0.097443
0.079768,0.013315,-0.099800
0.078410,0.014852,-0.099223
0.080146,0.014528,-0.099232
0.074491,0.015289,-0.099604
0.073842,0.014194,-0.099516
0.072457,0.015535,-0.102142
0.068724,0.014241,-0.104142
0.065350,0.017295,-0.106034
0.064267,0.017083,-0.107774
0.061857,0.015863,-0.108426
0.058961,0.013835,-0.109187
0.056877,0.014893,-0.111660
0.050885,0.013225,-0.114189
0.047914,0.009765,-0.116872
0.043422,0.009236,-0.119316
0.037616,0.005717,-0.125593
0.196259,-0.295287,-0.193577
0.199942,-0.285440,-0.186596
0.203741,-0.277429,-0.181805
0.203945,-0.277010,-0.178368
0.208457,-0.271547,-0.177300
0.207552,-0.266420,-0.175770
0.211228,-0.265803,-0.170356
0.211287,-0.258446,-0.169469
0.213364,-0.257738,-0.165897
0.213763,-0.252845,-0.163475
0.216624,-0.250158,-0.160756
0.215753,-0.246483,-0.159765
0.214336,-0.243167,-0.157042
0.217511,-0.237739,-0.154236
0.215942,-0.236375,-0.153744
0.218784,-0.231073,-0.151356
0.219650,-0.229657,-0.151944
0.219284,-0.226549,-0.147826
0.218966,-0.224230,-0.145992
0.219199,-0.220928,-0.145649
0.219773,-0.216266,-0.142587
0.220651,-0.215287,-0.143171
0.219544,-0.213351,-0.139392
0.219775,-0.212240,-0.138817
0.219971,-0.208679,-0.137182
0.220903,-0.204017,-0.136464
0.222271,-0.202481,-0.136145
0.221832,-0.200288,-0.133338
0.222224,-0.198284,-0.131186
0.220151,-0.195424,-0.130182
0.222024,-0.191319,-0.130289
0.219054,-0.190244,-0.129280
0.221193,-0.185304,-0.127610
0.220506,-0.184148,-0.124352
0.220650,-0.185530,-0.124667
0.221550,-0.179134,-0.121396
0.220697,-0.179251,-0.123906
0.222458,-0.175903,-0.122753
0.219942,-0.173609,-0.120830
0.220758,-0.173120,-0.119564
0.221578,-0.168846,-0.120831
0.220733,-0.166388,-0.119347
0.219881,-0.165453,-0.118460
0.218069,-0.161989,-0.116626
0.219402,-0.159711,-0.116013
0.217719,-0.160007,-0.116673
0.217763,-0.156597,-0.114137
0.217653,-0.156734,-0.112374
0.216323,-0.154834,-0.113160
0.216240,-0.152830,-0.112403
0.215568,-0.150477,-0.111053
0.216629,-0.149787,-0.111113
0.213727,-0.146901,-0.109906
0.213667,-0.145081,-0.108849
0.213594,-0.140144,-0.109147
0.215078,-0.141334,-0.107995
0.214478,-0.139287,-0.108175
0.211179,-0.138146,-0.107016
0.211580,-0.137730,-0.107269
0.209993,-0.137145,-0.105628
0.210528,-0.133792,-0.106503
0.210009,-0.130589,-0.104004
0.207336,-0.129450,-0.104435
0.208947,-0.128385,-0.104143
0.208834,-0.127002,-0.103793
0.207410,-0.125770,-0.101585
0.204752,-0.123693,-0.102119
0.205820,-0.120893,-0.102129
0.203825,-0.121157,-0.101505
0.202854,-0.119338,-0.102513
0.202662,-0.119181,-0.102074
0.201281,-0.114850,-0.103129
0.201827,-0.117129,-0.102047
0.199485,-0.112821,-0.102700
0.199598,-0.111633,-0.101273
0.198725,-0.111099,-0.099728
0.198405,-0.108646,-0.097973
0.198345,-0.108912,-0.100338
0.197250,-0.106050,-0.098589
0.195761,-0.103328,-0.098136
0.197175,-0.101424,-0.097642
0.194422,-0.101409,-0.099691
0.194328,-0.098336,-0.097084
0.192317,-0.099779,-0.097892
0.192794,-0.099596,-0.095981
0.191260,-0.092953,-0.098071
0.191655,-0.095489,-0.096478
0.189299,-0.092536,-0.093745
0.190373,-0.090234,-0.096546
0.188325,-0.089228,-0.094674
0.189102,-0.087357,-0.094402
0.186349,-0.085061,-0.094070
0.185608,-0.085603,-0.094046
0.186194,-0.082651,-0.093762
0.185222,-0.083467,-0.094538
0.184165,-0.081789,-0.090117
0.182180,-0.079051,-0.093814
0.181928,-0.077877,-0.093952
0.181188,-0.074565,-0.092987
0.180008,-0.074249,-0.093838
0.180158,-0.072702,-0.091454
0.178625,-0.070018,-0.092227
0.179692,-0.069898,-0.091205
0.177961,-0.070825,-0.089351
0.177408,-0.068855,-0.091203
0.176046,-0.065876,-0.088576
0.174119,-0.065067,-0.090190
0.174220,-0.065412,-0.089049
0.172519,-0.063411,-0.089214
0.173899,-0.061483,-0.087767
0.174548,-0.060246,-0.087517
0.170822,-0.058781,-0.087748
0.171216,-0.057049,-0.087403
0.169671,-0.054198,-0.086653
0.169001,-0.053363,-0.084976
0.168214,-0.052318,-0.086560
0.166650,-0.049872,-0.087597
0.166887,-0.048549,-0.084024
0.165138,-0.048574,-0.085379
0.167195,-0.044454,-0.085719
0.166389,-0.044510,-0.086018
0.164151,-0.042021,-0.086536
0.162927,-0.042960,-0.084021
0.159459,-0.040658,-0.083521
0.162757,-0.038851,-0.082423
0.159703,-0.038519,-0.083129
0.160103,-0.035339,-0.084797
0.157341,-0.034429,-0.083677
0.156898,-0.033485,-0.084622
0.157276,-0.031524,-0.081330
0.155262,-0.030837,-0.082801
0.154805,-0.029569,-0.081288
0.152492,-0.029457,-0.083960
0.151483,-0.027489,-0.080823
0.150744,-0.027539,-0.083128
0.149798,-0.023886,-0.083040
0.149281,-0.024460,-0.083668
0.146964,-0.024020,-0.083141
0.146914,-0.024055,-0.081218
0.144032,-0.020354,-0.082798
0.145634,-0.019152,-0.082058
0.142338,-0.018915,-0.084374
0.141132,-0.016233,-0.081696
0.142133,-0.019288,-0.082085
0.139821,-0.015977,-0.081480
0.138147,-0.015961,-0.083054
0.136758,-0.013463,-0.083589
0.136139,-0.013815,-0.082927
0.132961,-0.012409,-0.085626
0.133043,-0.011374,-0.083934
0.129978,-0.011672,-0.084916
0.131140,-0.010264,-0.084610
0.128991,-0.012116,-0.083446
0.127984,-0.006407,-0.085338
0.126287,-0.007631,-0.085524
0.123356,-0.006283,-0.085321
0.121625,-0.004344,-0.087738
0.122536,-0.006173,-0.087363
0.119763,-0.004137,-0.087057
0.119744,-0.002605,-0.087643
0.118239,-0.002269,-0.088480
0.114889,-0.001888,-0.089404
0.113187,-0.001060,-0.088767
0.112691,0.001402,-0.090301
0.108794,0.000363,-0.090830
0.107266,-0.001414,-0.091525
0.107965,0.001959,-0.091075
0.104315,0.000284,-0.090820
0.104361,0.004443,-0.089973
0.103185,0.001832,-0.093200
0.100442,0.004283,-0.090503
0.099837,0.004914,-0.091235
0.097546,0.005280,-0.092735
0.097881,0.006543,-0.094113
0.094868,0.005430,-0.093359
0.093588,0.007141,-0.094263
0.091654,0.007967,-0.095494
0.089317,0.009091,-0.096700
0.088712,0.008846,-0.093995
0.087231,0.011117,-0.097736
0.085253,0.010569,-0.096714
0.082937,0.010654,-0.098867
0.083152,0.010888,-0.099131
0.080763,0.011353,-0.099999
0.076707,0.012864,-0.100115
0.075594,0.011476,-0.100468
0.074378,0.012668,-0.102404
0.071490,0.013807,-0.103382
0.070330,0.012292,-0.104233
0.067413,0.012551,-0.104674
0.064348,0.012951,-0.105700
0.061499,0.013287,-0.107268
0.058071,0.014108,-0.107515
0.054999,0.012544,-0.109810
0.051394,0.010866,-0.113286
0.047535,0.007927,-0.115778
0.042675,0.005697,-0.119644
0.035438,0.003153,-0.124031
0.022100,-0.007503,-0.136749
0.190086,-0.304109,-0.198672
0.199299,-0.293555,-0.188264
0.199215,-0.288384,-0.183671
0.205048,-0.281870,-0.179695
0.208113,-0.278234,-0.176577
0.209715,-0.272178,-0.172390
0.209202,-0.270366,-0.171249
0.209330,-0.265046,-0.168437
0.210313,-0.260760,-0.167454
0.211907,-0.258769,-0.165513
0.212388,-0.255129,-0.161860
0.214706,-0.252585,-0.159203
0.214935,-0.245443,-0.157289
0.216979,-0.245119,-0.155748
0.216227,-0.240157,-0.151330
0.217260,-0.238347,-0.152555
0.217409,-0.233962,-0.150883
0.218976,-0.231319,-0.148331
0.219300,-0.228719,-0.146516
0.219805,-0.226924,-0.147112
0.218126,-0.223516,-0.143927
0.218981,-0.221687,-0.141520
0.220456,-0.218192,-0.142661
0.220869,-0.216199,-0.138444
0.219892,-0.211952,-0.139768
0.220287,-0.208447,-0.137557
0.221798,-0.207000,-0.134368
0.223074,-0.204021,-0.132696
0.221231,-0.202551,-0.132211
0.222195,-0.198864,-0.131588
0.221452,-0.197138,-0.128988
0.220676,-0.195767,-0.129772
0.220402,-0.193805,-0.127312
0.220821,-0.192357,-0.126560
0.221540,-0.187873,-0.125385
0.221878,-0.185438,-0.125061
0.219524,-0.183309,-0.122703
0.219580,-0.181501,-0.122537
0.221466,-0.178216,-0.122809
0.221021,-0.176357,-0.120206
0.219924,-0.174270,-0.120355
0.218136,-0.171983,-0.119674
0.219840,-0.171896,-0.117136
0.217670,-0.167482,-0.117780
0.219642,-0.164547,-0.116747
0.218218,-0.166017,-0.114627
0.217841,-0.162200,-0.114343
0.216359,-0.161092,-0.113865
0.217386,-0.159031,-0.111938
0.218219,-0.156140,-0.113953
0.214836,-0.156240,-0.111740
0.215897,-0.154109,-0.110035
0.214235,-0.150590,-0.108318
0.214687,-0.149397,-0.108273
0.214487,-0.147087,-0.108351
0.217071,-0.147683,-0.107851
0.212740,-0.143758,-0.107148
0.212991,-0.140844,-0.107269
0.211069,-0.141436,-0.105973
0.211363,-0.141544,-0.105018
0.210620,-0.138261,-0.104228
0.211961,-0.135308,-0.106383
0.208523,-0.134283,-0.103568
0.209571,-0.132848,-0.102949
0.208358,-0.131237,-0.104170
0.208630,-0.130554,-0.101184
0.207182,-0.127190,-0.105088
0.206343,-0.127325,-0.101896
0.205696,-0.124928,-0.101585
0.203825,-0.124217,-0.102357
0.202570,-0.123580,-0.102248
0.202078,-0.120316,-0.099402
0.202390,-0.118236,-0.101257
0.202177,-0.119620,-0.100036
0.200164,-0.116493,-0.101389
0.200266,-0.114808,-0.099133
0.198147,-0.112603,-0.099055
0.198468,-0.110292,-0.101144
0.197511,-0.110387,-0.099651
0.195394,-0.106651,-0.100102
0.196080,-0.107403,-0.097258
0.194242,-0.107242,-0.097886
0.193511,-0.105215,-0.098895
0.192957,-0.101173,-0.094385
0.192789,-0.102316,-0.096702
0.192577,-0.098729,-0.095874
0.192057,-0.098858,-0.096318
0.189978,-0.096560,-0.094979
0.189884,-0.096332,-0.094587
0.189017,-0.096006,-0.094696
0.188713,-0.090607,-0.093600
0.186357,-0.090605,-0.093932
0.187837,-0.090239,-0.094805
0.185869,-0.088363,-0.093196
0.184954,-0.086478,-0.090913
0.183585,-0.085881,-0.091849
0.182825,-0.083623,-0.093196
0.182842,-0.081525,-0.092463
0.182671,-0.080280,-0.092263
0.179818,-0.079708,-0.091517
0.180742,-0.078304,-0.091605
0.180413,-0.075595,-0.090897
0.178826,-0.075263,-0.090388
0.177086,-0.074304,-0.089125
0.177002,-0.070136,-0.089700
0.175734,-0.070867,-0.090152
0.176084,-0.070654,-0.088818
0.175645,-0.067417,-0.089582
0.172512,-0.064281,-0.088588
0.172665,-0.064800,-0.088340
0.170651,-0.064014,-0.088485
0.171431,-0.061424,-0.087998
0.172114,-0.059130,-0.088145
0.170760,-0.058260,-0.083949
0.169087,-0.057088,-0.085801
0.168186,-0.056250,-0.088442
0.166687,-0.055194,-0.086503
0.166577,-0.051845,-0.086901
0.167362,-0.050252,-0.086628
0.163823,-0.051905,-0.086584
0.162557,-0.048712,-0.084807
0.162298,-0.048664,-0.084350
0.161985,-0.044411,-0.085292
0.161086,-0.043668,-0.081771
0.160028,-0.040819,-0.083644
0.160625,-0.041419,-0.085745
0.159211,-0.038901,-0.082854
0.158025,-0.040131,-0.083087
0.158272,-0.039155,-0.083532
0.156011,-0.038256,-0.082380
0.156042,-0.035892,-0.082962
0.155531,-0.034569,-0.082985
0.153953,-0.034397,-0.084090
0.152865,-0.031543,-0.082625
0.151628,-0.029553,-0.082711
0.150362,-0.028258,-0.081068
0.148001,-0.029101,-0.081994
0.146973,-0.027292,-0.080178
0.146954,-0.027751,-0.082896
0.145661,-0.025267,-0.081883
0.144194,-0.023849,-0.082082
0.144357,-0.022298,-0.082414
0.143828,-0.022339,-0.082489
0.140893,-0.022213,-0.081780
0.139013,-0.017627,-0.080930
0.138468,-0.018329,-0.081976
0.138077,-0.018556,-0.082528
0.138906,-0.017836,-0.083103
0.134981,-0.015576,-0.083487
0.134238,-0.013771,-0.083050
0.130842,-0.013896,-0.082472
0.129554,-0.012879,-0.082616
0.128819,-0.012879,-0.084157
0.126644,-0.012416,-0.083029
0.126008,-0.010401,-0.085507
0.124481,-0.010059,-0.084062
0.123155,-0.009998,-0.083538
0.121059,-0.007671,-0.084115
0.119171,-0.006367,-0.087212
0.116255,-0.006001,-0.085774
0.118340,-0.008339,-0.087384
0.115900,-0.004683,-0.087803
0.115171,-0.005036,-0.086785
0.114314,-0.004397,-0.086556
0.111447,-0.004985,-0.088087
0.111297,-0.001666,-0.089022
0.108350,-0.000900,-0.087908
0.107431,-0.001628,-0.087845
0.106003,-0.000576,-0.089757
0.103327,0.000344,-0.090476
0.101121,0.001502,-0.092015
0.101064,0.001163,-0.092589
0.099671,-0.000502,-0.090684
0.098823,0.001766,-0.093678
0.096216,0.003410,-0.092479
0.094018,0.004573,-0.092692
0.092327,0.002911,-0.093597
0.090044,0.006767,-0.093350
0.089163,0.005272,-0.095960
0.086068,0.005569,-0.094661
0.085570,0.007145,-0.096117
0.084321,0.007627,-0.098090
0.084243,0.009708,-0.098538
0.079879,0.008297,-0.097339
0.078396,0.009555,-0.096714
0.075089,0.010512,-0.099903
0.074288,0.010562,-0.100303
0.073857,0.010486,-0.099596
0.072122,0.009620,-0.101767
0.069207,0.009808,-0.103874
0.066190,0.009087,-0.103694
0.062499,0.009881,-0.104553
0.061135,0.010042,-0.107685
0.058732,0.010134,-0.108944
0.055128,0.010165,-0.111132
0.052883,0.006155,-0.113268
0.045962,0.006220,-0.114795
0.040826,0.003992,-0.119327
0.036226,-0.000735,-0.124488
0.020903,-0.008271,-0.134700
0.196270,-0.301382,-0.191656
0.200169,-0.296241,-0.187041
0.204728,-0.289454,-0.182144
0.206493,-0.281945,-0.177717
0.206421,-0.278995,-0.173648
0.207756,-0.273592,-0.170300
0.210315,-0.272104,-0.168705
0.210396,-0.266456,-0.167551
0.212422,-0.264244,-0.165293
0.211577,-0.259349,-0.163812
0.214770,-0.256964,-0.160735
0.213752,-0.254064,-0.158093
0.215570,-0.250575,-0.157299
0.214519,-0.247301,-0.153557
0.217104,-0.242628,-0.152898
0.217524,-0.242496,-0.151313
0.217335,-0.237508,-0.147386
0.217871,-0.232756,-0.146534
0.217097,-0.232813,-0.144136
0.220402,-0.228361,-0.142912
0.217579,-0.228853,-0.142844
0.219911,-0.221870,-0.141938
0.220431,-0.222134,-0.139381
0.222084,-0.219143,-0.139004
0.220359,-0.214249,-0.136352
0.221255,-0.209912,-0.134150
0.220190,-0.209998,-0.135013
0.220880,-0.205273,-0.131568
0.220346,-0.204454,-0.131068
0.221147,-0.203691,-0.129408
0.221592,-0.200646,-0.130452
0.219131,-0.196427,-0.128130
0.220561,-0.194795,-0.124527
0.220753,-0.194515,-0.126159
0.218650,-0.189970,-0.126601
0.219242,-0.187829,-0.124362
0.219297,-0.185937,-0.122739
0.221624,-0.183672,-0.120679
0.220388,-0.181641,-0.119387
0.219252,-0.177798,-0.119271
0.219079,-0.178132,-0.118672
0.219387,-0.172986,-0.116683
0.218824,-0.170469,-0.116638
0.220304,-0.170113,-0.114752
0.219037,-0.169996,-0.114244
0.218160,-0.167439,-0.115121
0.218414,-0.164829,-0.116000
0.217823,-0.163266,-0.111527
0.217107,-0.160686,-0.111766
0.218023,-0.160498,-0.111181
0.215653,-0.158086,-0.110427
0.216748,-0.153428,-0.109216
0.215339,-0.154479,-0.107415
0.213428,-0.150719,-0.107462
0.216490,-0.147030,-0.107031
0.212987,-0.148547,-0.107703
0.213653,-0.146952,-0.106496
0.212561,-0.143449,-0.104095
0.212871,-0.143046,-0.104787
0.212888,-0.141175,-0.105540
0.210669,-0.140351,-0.105255
0.210916,-0.139369,-0.103807
0.209577,-0.134208,-0.106134
0.208338,-0.137100,-0.101196
0.207891,-0.133750,-0.101108
0.208563,-0.131356,-0.102055
0.205991,-0.129428,-0.102662
0.205294,-0.128192,-0.100267
0.204215,-0.125942,-0.100783
0.202760,-0.126085,-0.100745
0.203269,-0.124099,-0.100765
0.202119,-0.120137,-0.100608
0.203165,-0.121615,-0.100243
0.200446,-0.120862,-0.099632
0.201379,-0.119036,-0.099156
0.197888,-0.115073,-0.098238
0.197875,-0.116256,-0.099074
0.195805,-0.114426,-0.098968
0.196418,-0.112841,-0.095893
0.195779,-0.111848,-0.097526
0.196180,-0.109161,-0.094958
0.194495,-0.107999,-0.096853
0.193823,-0.106431,-0.096130
0.192389,-0.106577,-0.096129
0.191943,-0.103606,-0.096047
0.192075,-0.102481,-0.094475
0.189138,-0.100602,-0.094618
0.191695,-0.099979,-0.096381
0.187332,-0.096650,-0.095167
0.188643,-0.095657,-0.094328
0.188191,-0.093110,-0.092860
0.187032,-0.094679,-0.094035
0.186120,-0.092299,-0.092233
0.184161,-0.091068,-0.092384
0.184950,-0.088158,-0.093351
0.184000,-0.088573,-0.091267
0.182042,-0.086469,-0.093536
0.182324,-0.084829,-0.090405
0.179933,-0.083059,-0.093805
0.178541,-0.081845,-0.091475
0.178031,-0.081426,-0.090968
0.178945,-0.080726,-0.091558
0.177186,-0.078820,-0.090519
0.176595,-0.076236,-0.089275
0.177054,-0.074783,-0.087577
0.174915,-0.072768,-0.088497
0.174082,-0.074252,-0.086899
0.172873,-0.069778,-0.088848
0.173050,-0.070941,-0.088117
0.172706,-0.067168,-0.088129
0.171726,-0.066799,-0.085879
0.170800,-0.063985,-0.087534
0.168749,-0.062719,-0.086710
0.169340,-0.062952,-0.085713
0.167001,-0.059962,-0.085888
0.167751,-0.058438,-0.083920
0.166823,-0.057000,-0.085753
0.166230,-0.056929,-0.085524
0.164059,-0.053095,-0.084448
0.162025,-0.053139,-0.084940
0.164109,-0.053621,-0.084045
0.161735,-0.050033,-0.085218
0.162262,-0.051015,-0.083237
0.161821,-0.046488,-0.083530
0.161312,-0.045069,-0.084114
0.159615,-0.046134,-0.082723
0.157759,-0.045054,-0.082151
0.157037,-0.042635,-0.082439
0.154701,-0.039577,-0.084014
0.154548,-0.038736,-0.083338
0.154861,-0.037487,-0.083304
0.153422,-0.037553,-0.082097
0.150268,-0.035553,-0.081230
0.151691,-0.034348,-0.082053
0.150733,-0.032791,-0.081252
0.150470,-0.031622,-0.082821
0.148950,-0.032514,-0.081534
0.147964,-0.030760,-0.081984
0.147016,-0.026356,-0.082156
0.144175,-0.028576,-0.080524
0.144285,-0.028334,-0.082987
0.142393,-0.026544,-0.081658
0.142197,-0.025720,-0.082251
0.138841,-0.024900,-0.081182
0.139137,-0.021959,-0.082390
0.137089,-0.022022,-0.083122
0.138449,-0.021716,-0.082376
0.136185,-0.018642,-0.082793
0.133591,-0.017054,-0.083289
0.131381,-0.017635,-0.081662
0.132743,-0.016056,-0.082773
0.130384,-0.015659,-0.082530
0.129341,-0.014606,-0.085068
0.127275,-0.015058,-0.084201
0.126922,-0.014359,-0.082956
0.123794,-0.012821,-0.083426
0.122013,-0.011392,-0.084004
0.121493,-0.010958,-0.084452
0.118806,-0.010143,-0.086168
0.118670,-0.009055,-0.083768
0.116858,-0.008438,-0.083928
0.116069,-0.008321,-0.086931
0.115181,-0.007628,-0.087422
0.114449,-0.007380,-0.086501
0.112088,-0.006421,-0.087910
0.109327,-0.004988,-0.090001
0.108521,-0.004578,-0.088129
0.107156,-0.003226,-0.089134
0.103771,-0.004220,-0.089662
0.102928,-0.002151,-0.090297
0.101189,-0.003353,-0.089452
0.101666,-0.001890,-0.090274
0.099099,-0.000806,-0.091863
0.098699,0.001750,-0.090457
0.095210,0.001127,-0.091172
0.093976,0.002006,-0.091243
0.092340,0.001612,-0.091679
0.088638,0.003636,-0.094043
0.091032,0.004595,-0.095770
0.087019,0.003947,-0.094144
0.087583,0.004838,-0.095295
0.083676,0.003409,-0.097240
0.082390,0.002879,-0.095641
0.079333,0.006233,-0.097617
0.079392,0.005762,-0.096521
0.075911,0.009555,-0.098623
0.074705,0.007493,-0.101006
0.072758,0.007788,-0.101256
0.070307,0.009165,-0.103135
0.066033,0.007488,-0.101615
0.065440,0.007375,-0.103060
0.062330,0.006849,-0.105388
0.059618,0.007700,-0.105901
0.056205,0.008724,-0.107516
0.053260,0.005870,-0.109343
0.051704,0.004663,-0.111305
0.046771,0.003277,-0.114195
0.041106,0.000862,-0.118986
0.034234,-0.003504,-0.124790
0.021056,-0.013777,-0.132894
0.200088,-0.304216,-0.189256
0.201964,-0.296437,-0.182782
0.206343,-0.289907,-0.178433
0.206331,-0.282743,-0.174164
0.210509,-0.280249,-0.171954
0.209149,-0.274666,-0.170011
0.210811,-0.272620,-0.167652
0.211147,-0.269153,-0.164915
0.211489,-0.265384,-0.162035
0.213516,-0.261503,-0.160600
0.214994,-0.259388,-0.158579
0.213471,-0.255165,-0.156684
0.214978,-0.250999,-0.153471
0.215101,-0.249676,-0.152737
0.213492,-0.246002,-0.151937
0.217409,-0.242703,-0.149852
0.216438,-0.240447,-0.147760
0.218361,-0.235785,-0.145716
0.219217,-0.231816,-0.145611
0.220629,-0.230723,-0.144371
0.221201,-0.227990,-0.140760
0.219816,-0.225386,-0.141866
0.219279,-0.222898,-0.139688
0.221048,-0.219154,-0.135565
0.219560,-0.218144,-0.136323
0.221457,-0.215100,-0.135640
0.220666,-0.211731,-0.133485
0.220928,-0.208070,-0.132377
0.220857,-0.208259,-0.130227
0.219924,-0.205207,-0.128051
0.220935,-0.201604,-0.127780
0.219230,-0.199426,-0.127888
0.219241,-0.197254,-0.125290
0.219473,-0.195128,-0.125911
0.221415,-0.193868,-0.123353
0.221524,-0.191213,-0.122862
0.220786,-0.188630,-0.121102
0.221322,-0.186000,-0.119658
0.219542,-0.184353,-0.119003
0.220099,-0.181393,-0.119313
0.219382,-0.180566,-0.117426
0.220425,-0.178931,-0.116790
0.219018,-0.174817,-0.116304
0.219798,-0.172593,-0.115511
0.218189,-0.170775,-0.113834
0.219487,-0.170004,-0.113244
0.215068,-0.168342,-0.113838
0.217233,-0.164733,-0.112328
0.217874,-0.162812,-0.111843
0.219110,-0.161956,-0.110489
0.215968,-0.158615,-0.108852
0.216698,-0.156970,-0.109211
0.214992,-0.156552,-0.106254
0.215907,-0.155374,-0.107594
0.215697,-0.153197,-0.107033
0.215532,-0.149909,-0.106696
0.211639,-0.147900,-0.104161
0.211886,-0.147402,-0.105285
0.211643,-0.146260,-0.104394
0.211855,-0.143204,-0.103342
0.211892,-0.142339,-0.102277
0.208877,-0.140451,-0.103201
0.209306,-0.138638,-0.101752
0.206587,-0.136425,-0.103672
0.207875,-0.135924,-0.100292
0.208700,-0.134185,-0.100944
0.206273,-0.130419,-0.101614
0.206253,-0.131592,-0.100354
0.205943,-0.129110,-0.100920
0.201953,-0.127978,-0.099096
0.201249,-0.126625,-0.098270
0.203235,-0.124432,-0.098388
0.200394,-0.124548,-0.097290
0.201077,-0.122183,-0.099527
0.201619,-0.120191,-0.097962
0.199259,-0.121156,-0.099133
0.199437,-0.119341,-0.096692
0.198459,-0.116073,-0.097974
0.197351,-0.115070,-0.096994
0.195230,-0.111852,-0.094348
0.193759,-0.110126,-0.098215
0.193429,-0.111873,-0.095613
0.194313,-0.110571,-0.093904
0.193749,-0.109205,-0.095158
0.192177,-0.106468,-0.094836
0.188857,-0.105083,-0.093926
0.190110,-0.104166,-0.094540
0.188134,-0.100678,-0.094361
0.189354,-0.100143,-0.093385
0.187880,-0.098927,-0.090810
0.187205,-0.098629,-0.092676
0.186672,-0.095623,-0.092152
0.185338,-0.095314,-0.092380
0.186458,-0.093003,-0.093060
0.185188,-0.093327,-0.091381
0.183311,-0.091265,-0.092342
0.182834,-0.090095,-0.091734
0.179930,-0.088024,-0.092097
0.178808,-0.085981,-0.091022
0.179998,-0.087192,-0.091136
0.177773,-0.084153,-0.091434
0.176898,-0.082092,-0.091560
0.176581,-0.080632,-0.089874
0.174606,-0.079971,-0.089922
0.175393,-0.076742,-0.088993
0.173727,-0.075842,-0.087669
0.173912,-0.074042,-0.089302
0.173849,-0.072786,-0.089831
0.172847,-0.073132,-0.088968
0.173006,-0.071356,-0.089128
0.170313,-0.069730,-0.085800
0.169169,-0.066612,-0.085130
0.168447,-0.066391,-0.087324
0.168912,-0.064388,-0.086577
0.168158,-0.062497,-0.084733
0.168724,-0.062299,-0.086012
0.165837,-0.060557,-0.086972
0.165259,-0.059334,-0.084710
0.164584,-0.059263,-0.084474
0.163081,-0.057393,-0.085882
0.161486,-0.054992,-0.085158
0.161599,-0.053942,-0.083974
0.160352,-0.053110,-0.084066
0.160906,-0.050636,-0.083401
0.157476,-0.048743,-0.082809
0.156813,-0.049102,-0.082814
0.157865,-0.047317,-0.083511
0.157172,-0.045646,-0.081990
0.155238,-0.043953,-0.083310
0.153837,-0.044436,-0.082028
0.154253,-0.040361,-0.081109
0.153595,-0.042683,-0.081177
0.150304,-0.040214,-0.082611
0.147557,-0.037519,-0.083215
0.149448,-0.036964,-0.080990
0.147122,-0.035783,-0.081751
0.148266,-0.032889,-0.081711
0.148174,-0.033039,-0.080528
0.146033,-0.031759,-0.080492
0.143830,-0.030368,-0.080520
0.142437,-0.029882,-0.081602
0.140723,-0.029563,-0.080415
0.140209,-0.026719,-0.082288
0.141378,-0.026392,-0.082173
0.138848,-0.026171,-0.081600
0.137759,-0.025436,-0.082076
0.137136,-0.024873,-0.079862
0.135392,-0.024396,-0.082066
0.134699,-0.019885,-0.083139
0.133578,-0.020090,-0.082194
0.132672,-0.022599,-0.080675
0.127731,-0.018412,-0.081693
0.129283,-0.016952,-0.083974
0.128184,-0.017058,-0.082761
0.126830,-0.015876,-0.082399
0.123815,-0.014584,-0.084516
0.122618,-0.015922,-0.084067
0.122261,-0.014923,-0.084384
0.119957,-0.012810,-0.085518
0.117321,-0.011567,-0.086275
0.116958,-0.011304,-0.084520
0.113802,-0.012041,-0.086264
0.114671,-0.010137,-0.085296
0.113692,-0.009996,-0.084137
0.108644,-0.010653,-0.087798
0.108896,-0.007283,-0.086682
0.108467,-0.007770,-0.087313
0.104881,-0.005138,-0.088360
0.103227,-0.006609,-0.087668
0.103544,-0.006421,-0.088515
0.101933,-0.004112,-0.089262
0.098949,-0.002138,-0.089840
0.100217,-0.005774,-0.091543
0.095823,-0.003213,-0.092378
0.094768,-0.002162,-0.091326
0.092814,-0.001431,-0.092049
0.092274,-0.000002,-0.089272
0.091365,0.000454,-0.094311
0.088039,0.001694,-0.092883
0.085650,0.001592,-0.091779
0.084687,0.001138,-0.095479
0.082783,0.001138,-0.094589
0.081367,0.002550,-0.094897
0.079694,0.002458,-0.098616
0.078046,0.004769,-0.097789
0.077064,0.003652,-0.096522
0.073715,0.004698,-0.100188
0.071036,0.004585,-0.100723
0.067520,0.003724,-0.100829
0.067770,0.004760,-0.102627
0.062842,0.005569,-0.102862
0.062542,0.006638,-0.103320
0.059117,0.003548,-0.108377
0.057058,0.003540,-0.107358
0.055283,0.003744,-0.108200
0.050233,0.001644,-0.111803
0.045117,0.000531,-0.115537
0.041111,-0.002080,-0.118083
0.034871,-0.006078,-0.123693
0.021909,-0.014832,-0.134205
0.199655,-0.302220,-0.185917
0.202047,-0.295269,-0.179915
0.206543,-0.291247,-0.175914
0.207810,-0.286382,-0.174692
0.210083,-0.280722,-0.170368
0.209557,-0.276865,-0.167578
0.211042,-0.275162,-0.166793
0.210481,-0.270837,-0.162768
0.213662,-0.266690,-0.162296
0.214392,-0.265223,-0.159436
0.213329,-0.259678,-0.156691
0.214503,-0.257661,-0.156813
0.215670,-0.253933,-0.152876
0.216272,-0.250551,-0.153664
0.214729,-0.248236,-0.150659
0.218458,-0.245227,-0.147639
0.216665,-0.239458,-0.146555
0.217094,-0.238627,-0.144564
0.218421,-0.237636,-0.143286
0.216574,-0.233254,-0.142188
0.219287,-0.230970,-0.140653
0.219667,-0.227331,-0.139505
0.219925,-0.224930,-0.139084
0.222605,-0.222662,-0.134649
0.220697,-0.220260,-0.136266
0.220461,-0.217246,-0.131876
0.220859,-0.213297,-0.131946
0.221763,-0.213325,-0.128561
0.219609,-0.208685,-0.129397
0.221534,-0.206840,-0.129888
0.221743,-0.205550,-0.127325
0.219476,-0.202482,-0.127820
0.221458,-0.199471,-0.126172
0.221299,-0.196645,-0.123619
0.218431,-0.195596,-0.122775
0.220020,-0.194956,-0.123441
0.219199,-0.191671,-0.122038
0.220647,-0.188288,-0.121192
0.220042,-0.186012,-0.118120
0.220460,-0.185036,-0.118656
0.221341,-0.184070,-0.116538
0.219382,-0.179823,-0.117916
0.218254,-0.177484,-0.116097
0.218362,-0.175416,-0.115563
0.220767,-0.174763,-0.113549
0.217992,-0.173589,-0.113411
0.216744,-0.170764,-0.112982
0.217728,-0.168010,-0.112090
0.214863,-0.164182,-0.110658
0.218153,-0.163823,-0.108675
0.217289,-0.161425,-0.107957
0.214276,-0.161276,-0.107947
0.215025,-0.158919,-0.108535
0.214537,-0.154903,-0.108763
0.215074,-0.153599,-0.105486
0.213821,-0.152870,-0.104730
0.214429,-0.151793,-0.104624
0.213509,-0.147960,-0.104130
0.211540,-0.148796,-0.103348
0.210883,-0.145003,-0.101284
0.211719,-0.145495,-0.102971
0.209507,-0.142762,-0.101601
0.209849,-0.141631,-0.101646
0.208365,-0.140662,-0.101715
0.207589,-0.138045,-0.099524
0.207083,-0.134862,-0.100079
0.206306,-0.137003,-0.099455
0.207183,-0.132078,-0.097384
0.205515,-0.132502,-0.099731
0.204347,-0.130858,-0.099289
0.202087,-0.130272,-0.098335
0.202726,-0.128517,-0.096437
0.200545,-0.125293,-0.098737
0.201788,-0.125960,-0.098163
0.199761,-0.123821,-0.097379
0.199239,-0.119661,-0.098259
0.198387,-0.119740,-0.094416
0.197938,-0.118279,-0.094183
0.198579,-0.117242,-0.094435
0.196764,-0.117001,-0.096707
0.195363,-0.113916,-0.091919
0.194608,-0.113140,-0.095490
0.192824,-0.111025,-0.093490
0.189881,-0.109306,-0.094241
0.190856,-0.108974,-0.096436
0.190421,-0.108068,-0.095604
0.189312,-0.107173,-0.094110
0.190706,-0.106792,-0.093447
0.189116,-0.105950,-0.093299
0.186930,-0.100574,-0.093848
0.186183,-0.101465,-0.091532
0.186080,-0.099822,-0.090803
0.185547,-0.096451,-0.093595
0.184148,-0.095788,-0.093729
0.182471,-0.096332,-0.092584
0.182908,-0.093394,-0.091592
0.181398,-0.092888,-0.093277
0.179340,-0.092427,-0.091230
0.179301,-0.088849,-0.090770
0.178316,-0.088687,-0.089890
0.176393,-0.086168,-0.089492
0.177337,-0.085376,-0.089465
0.174365,-0.084070,-0.091363
0.174589,-0.084076,-0.089760
0.173718,-0.082138,-0.090594
0.172767,-0.079059,-0.089071
0.172473,-0.077570,-0.087179
0.171772,-0.075712,-0.086673
0.173598,-0.074662,-0.087488
0.169840,-0.072802,-0.087567
0.169784,-0.071544,-0.087814
0.170957,-0.071453,-0.086976
0.169024,-0.067213,-0.085341
0.168471,-0.068461,-0.085476
0.167095,-0.065817,-0.085550
0.166346,-0.064508,-0.083951
0.162292,-0.064633,-0.085515
0.163883,-0.062537,-0.086340
0.162033,-0.059415,-0.083149
0.161526,-0.060571,-0.082887
0.160859,-0.058511,-0.083086
0.161550,-0.058129,-0.082887
0.160287,-0.054354,-0.083566
0.159224,-0.052663,-0.082995
0.158448,-0.054249,-0.083730
0.157285,-0.050690,-0.083174
0.157590,-0.049968,-0.081168
0.155679,-0.048570,-0.079642
0.154156,-0.046711,-0.083253
0.155140,-0.044132,-0.082076
0.153063,-0.043762,-0.081473
0.149605,-0.044481,-0.079735
0.149645,-0.040469,-0.082179
0.150332,-0.040211,-0.081667
0.148929,-0.040778,-0.080332
0.147965,-0.038752,-0.080263
0.145863,-0.039260,-0.081276
0.146124,-0.036583,-0.080864
0.144513,-0.035792,-0.078981
0.145174,-0.034669,-0.080247
0.143407,-0.031514,-0.080892
0.141040,-0.031421,-0.081425
0.140738,-0.029019,-0.079966
0.138911,-0.029330,-0.079765
0.136581,-0.027690,-0.081270
0.136809,-0.027692,-0.079911
0.136181,-0.026147,-0.082623
0.134989,-0.025145,-0.082285
0.132078,-0.024690,-0.082178
0.130661,-0.024239,-0.081094
0.129965,-0.021670,-0.081378
0.129828,-0.021563,-0.083438
0.128675,-0.022767,-0.082835
0.127188,-0.020559,-0.082539
0.125347,-0.018494,-0.083248
0.124198,-0.016789,-0.082256
0.122825,-0.016593,-0.082192
0.122336,-0.014561,-0.083353
0.119664,-0.014389,-0.084677
0.120222,-0.016009,-0.083965
0.115859,-0.012359,-0.083511
0.114450,-0.014067,-0.084524
0.113110,-0.013041,-0.086991
0.110743,-0.011711,-0.084078
0.110141,-0.011862,-0.086054
0.108938,-0.009633,-0.086338
0.107523,-0.009623,-0.086615
0.106051,-0.008814,-0.084524
0.104736,-0.009881,-0.087609
0.101970,-0.007472,-0.089187
0.100699,-0.007786,-0.088298
0.099139,-0.006761,-0.088799
0.097154,-0.004979,-0.089939
0.095854,-0.003837,-0.089600
0.094935,-0.003416,-0.089614
0.093918,-0.004762,-0.090210
0.092020,-0.002913,-0.091634
0.087639,-0.003135,-0.091139
0.087952,-0.001147,-0.092743
0.084478,-0.002036,-0.093595
0.084026,-0.001342,-0.093903
0.080754,-0.001063,-0.094554
0.079997,0.000185,-0.095799
0.080360,-0.001443,-0.096746
0.075554,-0.000875,-0.094551
0.074342,0.001017,-0.097306
0.073585,0.002544,-0.099971
0.070579,0.001516,-0.100503
0.070111,0.001137,-0.099936
0.066164,0.000854,-0.100495
0.063847,0.002329,-0.101690
0.061317,0.001303,-0.104934
0.057656,0.000934,-0.104631
0.057004,0.001953,-0.105772
0.053039,0.000056,-0.108803
0.048467,0.000939,-0.110530
0.044398,-0.002182,-0.115316
0.038698,-0.006632,-0.116708
0.031168,-0.008337,-0.124590
0.022003,-0.017462,-0.132598
0.200287,-0.303821,-0.183542
0.206174,-0.296816,-0.177472
0.205739,-0.292435,-0.175670
0.208422,-0.288359,-0.171400
0.207873,-0.282642,-0.169262
0.210223,-0.279403,-0.167107
0.213178,-0.275392,-0.165117
0.212396,-0.270461,-0.161280
0.213529,-0.269690,-0.160369
0.213890,-0.264441,-0.157652
0.215006,-0.262449,-0.155241
0.216637,-0.257692,-0.154387
0.215689,-0.255091,-0.152348
0.217335,-0.252057,-0.150730
0.215908,-0.250350,-0.149151
0.216684,-0.248685,-0.149510
0.218118,-0.243892,-0.144285
0.217834,-0.239172,-0.144372
0.219835,-0.238184,-0.141704
0.218760,-0.237048,-0.141183
0.220511,-0.233078,-0.139229
0.220046,-0.229687,-0.138311
0.219968,-0.226740,-0.136252
0.221172,-0.226652,-0.137397
0.221234,-0.222988,-0.134500
0.219554,-0.220410,-0.132491
0.218680,-0.217821,-0.129951
0.222857,-0.214017,-0.129229
0.219033,-0.213916,-0.128612
0.219435,-0.211435,-0.126490
0.219403,-0.209131,-0.128174
0.219691,-0.206711,-0.126160
0.219058,-0.203095,-0.124803
0.218899,-0.200560,-0.123074
0.219776,-0.198035,-0.121970
0.220059,-0.197071,-0.121230
0.218178,-0.194411,-0.120578
0.219797,-0.190699,-0.117618
0.220263,-0.189020,-0.117347
0.218035,-0.186716,-0.117284
0.219465,-0.184958,-0.115384
0.219408,-0.181797,-0.114989
0.218236,-0.181469,-0.113211
0.219377,-0.179274,-0.113482
0.218259,-0.176793,-0.112331
0.217400,-0.176440,-0.110707
0.216644,-0.171588,-0.110178
0.216630,-0.170277,-0.109133
0.218061,-0.168187,-0.106798
0.214899,-0.167383,-0.107997
0.216384,-0.164856,-0.110299
0.214996,-0.162042,-0.107386
0.215379,-0.159236,-0.104195
0.215102,-0.158199,-0.105590
0.215692,-0.157352,-0.104613
0.213573,-0.156756,-0.104026
0.214133,-0.153846,-0.103453
0.212408,-0.152924,-0.102517
0.210717,-0.151318,-0.103641
0.211595,-0.149548,-0.100989
0.208719,-0.146922,-0.101278
0.210352,-0.145149,-0.101857
0.211018,-0.144146,-0.100702
0.209142,-0.140061,-0.100564
0.208701,-0.142581,-0.099670
0.208735,-0.137405,-0.098155
0.204332,-0.137758,-0.098382
0.204682,-0.134377,-0.098493
0.205007,-0.134341,-0.096980
0.204283,-0.133457,-0.098079
0.202710,-0.130621,-0.095306
0.202430,-0.129095,-0.099493
0.202816,-0.129540,-0.096773
0.202739,-0.126129,-0.095113
0.200390,-0.125661,-0.095807
0.198638,-0.124855,-0.095234
0.197724,-0.121817,-0.096083
0.196937,-0.121037,-0.093842
0.195213,-0.120439,-0.094169
0.196891,-0.119064,-0.096383
0.194558,-0.115864,-0.093252
0.195091,-0.115526,-0.095646
0.192194,-0.115011,-0.094162
0.191372,-0.112763,-0.094395
0.192243,-0.111461,-0.094219
0.188537,-0.109584,-0.093833
0.188945,-0.110248,-0.091518
0.188674,-0.106622,-0.093037
0.189603,-0.105933,-0.092042
0.187010,-0.103391,-0.092572
0.185512,-0.102835,-0.092261
0.185876,-0.103430,-0.092417
0.185406,-0.100745,-0.089370
0.184075,-0.099848,-0.090926
0.183091,-0.097957,-0.089650
0.181777,-0.096062,-0.091063
0.179789,-0.094516,-0.091180
0.179515,-0.092875,-0.091100
0.179604,-0.091078,-0.088846
0.179377,-0.090970,-0.088525
0.179102,-0.089552,-0.090164
0.176681,-0.087948,-0.087194
0.176087,-0.087327,-0.088338
0.174136,-0.084459,-0.089241
0.173345,-0.083833,-0.087616
0.173946,-0.081904,-0.088510
0.173539,-0.080053,-0.088642
0.170769,-0.079640,-0.087688
0.169615,-0.077855,-0.086585
0.170112,-0.074187,-0.087706
0.168226,-0.075632,-0.087359
0.169249,-0.075449,-0.085274
0.167211,-0.071591,-0.085413
0.166449,-0.070094,-0.087391
0.164824,-0.070122,-0.086669
0.164813,-0.069257,-0.085108
0.165448,-0.066260,-0.085216
0.162728,-0.065712,-0.083938
0.162010,-0.065277,-0.084423
0.161122,-0.062616,-0.084294
0.161872,-0.061571,-0.083951
0.160512,-0.057506,-0.084088
0.159275,-0.057848,-0.083697
0.159719,-0.055346,-0.084662
0.157204,-0.055380,-0.081839
0.157268,-0.054247,-0.081778
0.155643,-0.053453,-0.082510
0.155514,-0.050242,-0.078971
0.154051,-0.049892,-0.081654
0.150812,-0.048872,-0.082132
0.153179,-0.048111,-0.080656
0.151831,-0.045773,-0.082366
0.148353,-0.045177,-0.079913
0.149827,-0.043807,-0.080258
0.146382,-0.042404,-0.081116
0.146831,-0.041157,-0.081529
0.144983,-0.040189,-0.082093
0.144533,-0.037161,-0.081008
0.144229,-0.037635,-0.079255
0.143320,-0.036209,-0.080986
0.140608,-0.037043,-0.080415
0.140168,-0.035489,-0.080780
0.139034,-0.033319,-0.080451
0.137860,-0.032891,-0.079249
0.136854,-0.031357,-0.082333
0.135615,-0.028766,-0.080387
0.133842,-0.028889,-0.080384
0.134039,-0.027020,-0.080030
0.131394,-0.028552,-0.081714
0.132588,-0.027355,-0.082840
0.130710,-0.024982,-0.081650
0.128670,-0.023899,-0.081941
0.126332,-0.022685,-0.082048
0.126175,-0.023821,-0.080607
0.125493,-0.021026,-0.081497
0.124498,-0.021255,-0.084393
0.122052,-0.020099,-0.081578
0.120526,-0.019415,-0.083151
0.117529,-0.020565,-0.082860
0.118253,-0.016252,-0.084226
0.116850,-0.015652,-0.083115
0.114681,-0.017262,-0.084299
0.113420,-0.017575,-0.083576
0.111690,-0.015154,-0.085374
0.111927,-0.014078,-0.083883
0.108619,-0.012965,-0.084755
0.106925,-0.014019,-0.087959
0.106749,-0.011716,-0.085503
0.103927,-0.010541,-0.085571
0.101367,-0.010912,-0.084172
0.100954,-0.010345,-0.087564
0.099934,-0.007188,-0.086898
0.097138,-0.008636,-0.089592
0.094056,-0.008112,-0.091235
0.094912,-0.006064,-0.090333
0.093527,-0.006543,-0.089518
0.091383,-0.003925,-0.090945
0.090650,-0.006535,-0.091876
0.087578,-0.006252,-0.090458
0.085051,-0.006497,-0.092300
0.083000,-0.004801,-0.093459
0.079733,-0.002571,-0.092977
0.083330,-0.001706,-0.094711
0.078349,-0.001799,-0.096985
0.076677,-0.001166,-0.096287
0.073123,-0.000857,-0.096466
0.071024,-0.000743,-0.097587
0.069818,-0.000892,-0.100591
0.067847,-0.001140,-0.099347
0.067792,-0.000186,-0.101359
0.061680,-0.001341,-0.101195
0.061173,-0.003279,-0.100725
0.056902,-0.001066,-0.104825
0.057465,-0.001419,-0.106966
0.053807,-0.004532,-0.108430
0.048819,-0.005368,-0.111220
0.043771,-0.004717,-0.114063
0.037744,-0.009541,-0.116986
0.031179,-0.011160,-0.125036
0.201649,-0.305531,-0.181520
0.205711,-0.298902,-0.177435
0.206988,-0.293434,-0.174774
0.209489,-0.290725,-0.168888
0.211138,-0.285320,-0.167344
0.212113,-0.280381,-0.164563
0.212178,-0.277032,-0.161951
0.213018,-0.275747,-0.160065
0.215052,-0.270766,-0.157789
0.214314,-0.268115,-0.156844
0.214599,-0.265115,-0.154035
0.216245,-0.261129,-0.151800
0.218469,-0.256257,-0.149371
0.217260,-0.257101,-0.148020
0.216415,-0.251899,-0.146631
0.218838,-0.250943,-0.145029
0.218622,-0.245883,-0.143732
0.219946,-0.241947,-0.141728
0.217643,-0.237242,-0.141043
0.221656,-0.238261,-0.137452
0.217892,-0.233631,-0.137081
0.219956,-0.231829,-0.137180
0.219838,-0.230010,-0.135718
0.218874,-0.224990,-0.134080
0.220692,-0.225436,-0.132217
0.218505,-0.222278,-0.132927
0.220401,-0.220535,-0.130974
0.221821,-0.214807,-0.127632
0.220043,-0.215693,-0.126380
0.220263,-0.212540,-0.126413
0.220959,-0.209286,-0.125049
0.219479,-0.208711,-0.125326
0.219591,-0.207032,-0.125480
0.216714,-0.202741,-0.123447
0.218780,-0.199971,-0.121542
0.220670,-0.198367,-0.118894
0.219919,-0.199066,-0.119173
0.218746,-0.195140,-0.117573
0.219749,-0.192380,-0.114973
0.218941,-0.188938,-0.115689
0.219769,-0.187806,-0.113363
0.218484,-0.184888,-0.114113
0.217077,-0.183998,-0.112574
0.218849,-0.181650,-0.113776
0.218812,-0.179140,-0.111207
0.218137,-0.177651,-0.111109
0.216722,-0.177437,-0.109737
0.216986,-0.175531,-0.109251
0.215615,-0.171045,-0.108171
0.215700,-0.169755,-0.107104
0.217635,-0.168124,-0.106366
0.216492,-0.166131,-0.104149
0.214486,-0.164919,-0.105976
0.214322,-0.159417,-0.102241
0.212422,-0.158480,-0.104828
0.213516,-0.156841,-0.104076
0.212823,-0.156772,-0.103101
0.213903,-0.152976,-0.101390
0.209856,-0.152384,-0.102150
0.211929,-0.150602,-0.102522
0.211855,-0.150149,-0.100889
0.209845,-0.150037,-0.100343
0.209994,-0.146866,-0.098275
0.208063,-0.144831,-0.102019
0.207146,-0.141367,-0.098577
0.207543,-0.141256,-0.097735
0.206519,-0.138859,-0.099031
0.206632,-0.137306,-0.097026
0.205431,-0.136756,-0.096582
0.202548,-0.133628,-0.095246
0.204669,-0.133938,-0.095568
0.201778,-0.130774,-0.097013
0.200414,-0.132446,-0.095680
0.200086,-0.130038,-0.095981
0.200714,-0.128487,-0.096233
0.202517,-0.125821,-0.094646
0.199130,-0.125996,-0.093670
0.197048,-0.123139,-0.091963
0.195681,-0.121940,-0.095550
0.193925,-0.120314,-0.092638
0.194325,-0.121829,-0.093207
0.193852,-0.117038,-0.092329
0.192372,-0.116764,-0.092667
0.192516,-0.115649,-0.091799
0.191081,-0.114449,-0.092076
0.190632,-0.114339,-0.091892
0.190263,-0.110582,-0.092769
0.187824,-0.110222,-0.092244
0.187508,-0.108712,-0.091552
0.187668,-0.108191,-0.090821
0.186378,-0.107547,-0.092353
0.184305,-0.103313,-0.089453
0.183340,-0.103233,-0.091055
0.184610,-0.102265,-0.090658
0.183253,-0.099643,-0.090369
0.181885,-0.099540,-0.088092
0.178287,-0.096495,-0.088766
0.181705,-0.095573,-0.090151
0.178075,-0.094924,-0.090008
0.176887,-0.094316,-0.089460
0.175405,-0.091747,-0.088276
0.176189,-0.090434,-0.086526
0.174791,-0.089343,-0.090243
0.174711,-0.087051,-0.088172
0.172466,-0.084282,-0.090291
0.174390,-0.085375,-0.085939
0.172430,-0.082760,-0.087276
0.171111,-0.082976,-0.087392
0.170548,-0.080500,-0.085808
0.169368,-0.079432,-0.086656
0.169372,-0.077715,-0.085011
0.169873,-0.077483,-0.086467
0.168839,-0.077356,-0.086932
0.166766,-0.072848,-0.085142
0.165299,-0.073444,-0.084029
0.164025,-0.070474,-0.083958
0.162386,-0.070052,-0.082338
0.163947,-0.069990,-0.085216
0.162694,-0.066745,-0.084246
0.160616,-0.066921,-0.082541
0.160742,-0.064129,-0.083306
0.157980,-0.062639,-0.083245
0.157116,-0.061361,-0.081925
0.158287,-0.058874,-0.080771
0.157027,-0.057270,-0.080723
0.156067,-0.056553,-0.082156
0.155859,-0.053988,-0.080977
0.154238,-0.054843,-0.081373
0.152493,-0.052383,-0.081498
0.153967,-0.052328,-0.081024
0.151624,-0.050793,-0.081174
0.150970,-0.048831,-0.080531
0.149422,-0.047951,-0.080732
0.150555,-0.045568,-0.078798
0.148641,-0.044875,-0.079141
0.145420,-0.044589,-0.081209
0.143756,-0.041913,-0.081806
0.144636,-0.040932,-0.080498
0.143114,-0.040349,-0.079214
0.142140,-0.039701,-0.078617
0.140594,-0.037280,-0.079336
0.138936,-0.036990,-0.080824
0.137338,-0.036115,-0.078374
0.138394,-0.036431,-0.080355
0.136431,-0.034208,-0.081043
0.135363,-0.032878,-0.079194
0.133926,-0.030509,-0.080846
0.133654,-0.029992,-0.078000
0.131823,-0.029964,-0.081936
0.129837,-0.028065,-0.081042
0.129352,-0.029789,-0.081664
0.128014,-0.028136,-0.079369
0.124977,-0.026727,-0.081293
0.124103,-0.026564,-0.081647
0.123230,-0.024290,-0.081470
0.122628,-0.023326,-0.082441
0.120591,-0.023505,-0.082266
0.120436,-0.022063,-0.082186
0.117070,-0.018982,-0.082021
0.116411,-0.020869,-0.082824
0.115520,-0.018958,-0.082385
0.114749,-0.018547,-0.086210
0.113340,-0.018224,-0.083573
0.112035,-0.015540,-0.084135
0.111403,-0.016180,-0.084364
0.107754,-0.015322,-0.088013
0.106870,-0.015302,-0.083547
0.104796,-0.013409,-0.086848
0.103312,-0.013177,-0.085318
0.100627,-0.011941,-0.086264
0.100340,-0.012510,-0.086774
0.100220,-0.011993,-0.088660
0.096290,-0.011084,-0.087271
0.095574,-0.008888,-0.087272
0.094132,-0.010543,-0.089058
0.092158,-0.007846,-0.090138
0.089164,-0.007137,-0.089824
0.088968,-0.007283,-0.093697
0.086228,-0.009543,-0.093183
0.083282,-0.008454,-0.095256
0.084056,-0.006096,-0.094105
0.081954,-0.006120,-0.093586
0.078892,-0.006991,-0.093696
0.076546,-0.003733,-0.093692
0.075656,-0.004488,-0.096026
0.075149,-0.004669,-0.095739
0.070700,-0.003881,-0.100482
0.070171,-0.004278,-0.098148
0.067490,-0.004235,-0.098636
0.063673,-0.003876,-0.100239
0.063194,-0.002521,-0.100921
0.059284,-0.004220,-0.100592
0.059809,-0.004003,-0.103951
0.056117,-0.003161,-0.106047
0.051574,-0.005448,-0.110374
0.048300,-0.009633,-0.111800
0.043662,-0.008998,-0.114698
0.037927,-0.009990,-0.117619
0.030566,-0.017461,-0.126966
0.190461,-0.323460,-0.195312
0.202970,-0.306556,-0.179147
0.206920,-0.300577,-0.174118
0.208163,-0.295944,-0.171946
0.208902,-0.291023,-0.168979
0.211915,-0.286241,-0.164933
0.212695,-0.283547,-0.163719
0.210725,-0.278624,-0.160453
0.213054,-0.276953,-0.159268
0.215198,-0.274447,-0.156338
0.215718,-0.269611,-0.153924
0.216258,-0.265944,-0.154102
0.216867,-0.263726,-0.153928
0.218100,-0.260357,-0.150144
0.218072,-0.256910,-0.147256
0.219651,-0.254983,-0.147464
0.220146,-0.252641,-0.143133
0.217563,-0.248873,-0.141643
0.217132,-0.244505,-0.141194
0.219149,-0.241235,-0.140162
0.217880,-0.241317,-0.137029
0.218985,-0.237781,-0.137189
0.220710,-0.234747,-0.135892
0.220706,-0.231334,-0.135441
0.219893,-0.229064,-0.134594
0.221049,-0.228270,-0.132197
0.220244,-0.224118,-0.130345
0.218921,-0.223061,-0.128794
0.221294,-0.221128,-0.128015
0.220206,-0.218392,-0.126768
0.222474,-0.215322,-0.126631
0.219297,-0.213883,-0.124408
0.220934,-0.210990,-0.124887
0.219213,-0.206933,-0.121416
0.218941,-0.206623,-0.122396
0.216986,-0.203147,-0.120261
0.217623,-0.202337,-0.118710
0.218256,-0.198424,-0.119664
0.219903,-0.196258,-0.116512
0.220877,-0.193670,-0.117864
0.218303,-0.189243,-0.113893
0.219245,-0.188653,-0.116302
0.218050,-0.186701,-0.112672
0.218642,-0.184924,-0.112969
0.218542,-0.185140,-0.111788
0.217906,-0.181622,-0.110387
0.217262,-0.179592,-0.109428
0.215729,-0.178467,-0.108824
0.216584,-0.176846,-0.108830
0.215152,-0.173298,-0.107126
0.214744,-0.170546,-0.108799
0.214608,-0.170544,-0.104243
0.216343,-0.166853,-0.106218
0.214643,-0.165027,-0.105062
0.213165,-0.162625,-0.104260
0.214246,-0.162291,-0.102934
0.212925,-0.158005,-0.103140
0.211626,-0.157972,-0.101159
0.210788,-0.155430,-0.100183
0.213090,-0.155531,-0.101342
0.210812,-0.154732,-0.100978
0.210308,-0.152531,-0.099442
0.210596,-0.150919,-0.099829
0.208503,-0.150004,-0.100280
0.207755,-0.147801,-0.097307
0.208106,-0.144689,-0.097310
0.206983,-0.144638,-0.096355
0.207558,-0.140969,-0.096748
0.205383,-0.140403,-0.093427
0.205302,-0.138609,-0.095861
0.202690,-0.137954,-0.095942
0.203416,-0.134814,-0.095707
0.202482,-0.133354,-0.094640
0.202168,-0.132960,-0.093920
0.200337,-0.131961,-0.096149
0.199005,-0.130834,-0.094627
0.199527,-0.128278,-0.094030
0.199410,-0.126580,-0.093765
0.197556,-0.125179,-0.093868
0.196749,-0.126223,-0.094588
0.196048,-0.122387,-0.093174
0.193751,-0.122115,-0.094063
0.194119,-0.118667,-0.092251
0.193496,-0.120007,-0.093093
0.190608,-0.118482,-0.091912
0.188618,-0.116738,-0.092812
0.187801,-0.115827,-0.089927
0.188993,-0.113109,-0.091546
0.188866,-0.112965,-0.091437
0.187732,-0.110542,-0.091372
0.186826,-0.110061,-0.091866
0.186153,-0.108611,-0.091101
0.184082,-0.105541,-0.091129
0.182631,-0.104388,-0.090228
0.181919,-0.104051,-0.089603
0.183210,-0.103754,-0.089174
0.181674,-0.103423,-0.087907
0.180170,-0.100989,-0.089541
0.179521,-0.097843,-0.088425
0.177336,-0.097471,-0.088474
0.176100,-0.099108,-0.089364
0.175696,-0.093994,-0.088653
0.176158,-0.093859,-0.088032
0.175102,-0.091872,-0.088790
0.173657,-0.091312,-0.085784
0.171873,-0.089760,-0.086625
0.172894,-0.087526,-0.086719
0.171346,-0.086068,-0.087907
0.170026,-0.085573,-0.086025
0.167938,-0.085071,-0.084671
0.168105,-0.084167,-0.086044
0.168436,-0.081541,-0.085528
0.167119,-0.081029,-0.086279
0.166550,-0.079946,-0.085088
0.164017,-0.075521,-0.084877
0.165957,-0.075553,-0.083615
0.164102,-0.073853,-0.084681
0.161998,-0.072340,-0.084285
0.161924,-0.071967,-0.083644
0.160651,-0.070762,-0.083097
0.159878,-0.068187,-0.084443
0.159010,-0.067486,-0.082692
0.159253,-0.066255,-0.083051
0.157551,-0.064482,-0.082162
0.156030,-0.062578,-0.080956
0.155784,-0.061079,-0.080831
0.156814,-0.059670,-0.082646
0.155128,-0.059373,-0.082587
0.154449,-0.056921,-0.081721
0.151977,-0.056191,-0.081313
0.150650,-0.054956,-0.080933
0.151207,-0.052084,-0.081919
0.149150,-0.053508,-0.080174
0.150479,-0.050504,-0.080277
0.148837,-0.050210,-0.079710
0.147779,-0.049763,-0.080728
0.144905,-0.046259,-0.080132
0.145067,-0.046130,-0.078447
0.144530,-0.044549,-0.077826
0.141866,-0.043793,-0.080051
0.141155,-0.042549,-0.079120
0.141077,-0.041405,-0.081058
0.140698,-0.040513,-0.078351
0.137479,-0.039696,-0.080153
0.137430,-0.036888,-0.080047
0.137142,-0.036527,-0.079311
0.135254,-0.034905,-0.080993
0.135808,-0.034469,-0.080644
0.132880,-0.035113,-0.079876
0.130428,-0.033396,-0.079398
0.130566,-0.030600,-0.077796
0.128271,-0.031636,-0.079661
0.127542,-0.029098,-0.081035
0.127088,-0.029094,-0.081181
0.124443,-0.029796,-0.079752
0.122473,-0.026408,-0.080176
0.121093,-0.025861,-0.080855
0.123220,-0.025155,-0.083593
0.119007,-0.023632,-0.082391
0.116052,-0.024324,-0.080483
0.116155,-0.020373,-0.082774
0.117838,-0.021687,-0.082162
0.112981,-0.021925,-0.081879
0.110479,-0.021862,-0.084131
0.110867,-0.019854,-0.084073
0.109562,-0.020167,-0.083888
0.107366,-0.018403,-0.081761
0.104984,-0.018718,-0.082461
0.104269,-0.017006,-0.083648
0.103888,-0.016512,-0.085590
0.102299,-0.014870,-0.085735
0.100238,-0.015803,-0.085056
0.097387,-0.014560,-0.087504
0.097369,-0.012905,-0.087414
0.094569,-0.012524,-0.088139
0.092933,-0.012181,-0.087997
0.092612,-0.012568,-0.087360
0.090288,-0.010147,-0.090523
0.088189,-0.010087,-0.091006
0.085689,-0.011046,-0.091162
0.084595,-0.009465,-0.092850
0.083179,-0.009391,-0.093774
0.080584,-0.009873,-0.092019
0.079306,-0.009590,-0.092911
0.074969,-0.007700,-0.093766
0.075628,-0.006260,-0.093756
0.071476,-0.006914,-0.096112
0.069136,-0.007852,-0.097512
0.068919,-0.005896,-0.100390
0.065427,-0.005089,-0.099687
0.064676,-0.005502,-0.100862
0.060353,-0.007709,-0.102146
0.058099,-0.008313,-0.103437
0.054930,-0.006610,-0.103471
0.054740,-0.008407,-0.105697
0.049922,-0.011161,-0.109107
0.045170,-0.010228,-0.111596
0.042095,-0.011597,-0.113607
0.036321,-0.011920,-0.117148
0.028119,-0.019441,-0.123925
0.192642,-0.322485,-0.190502
0.202017,-0.307425,-0.176317
0.206447,-0.303283,-0.171820
0.207148,-0.298605,-0.167523
0.208078,-0.292938,-0.165804
0.210485,-0.287452,-0.166056
0.212699,-0.285434,-0.161316
0.213450,-0.282496,-0.161264
0.213657,-0.278592,-0.158496
0.215375,-0.275117,-0.154770
0.216023,-0.271548,-0.153296
0.214749,-0.269417,-0.151691
0.216645,-0.265654,-0.150964
0.215540,-0.261901,-0.146199
0.218296,-0.259900,-0.146436
0.216951,-0.256795,-0.145581
0.220121,-0.253141,-0.144264
0.219682,-0.250120,-0.140536
0.219689,-0.246458,-0.138998
0.219250,-0.244350,-0.141117
0.218632,-0.242500,-0.136812
0.218206,-0.238519,-0.135649
0.220270,-0.239330,-0.135759
0.220381,-0.233888,-0.133513
0.219627,-0.232617,-0.131816
0.219602,-0.228823,-0.130559
0.218820,-0.227806,-0.129671
0.220234,-0.223646,-0.130325
0.219521,-0.223594,-0.129466
0.219990,-0.220197,-0.125923
0.220150,-0.218764,-0.125394
0.218874,-0.212857,-0.126140
0.219139,-0.214363,-0.121020
0.219822,-0.211976,-0.123397
0.217008,-0.207864,-0.124106
0.220144,-0.205673,-0.119120
0.219862,-0.202514,-0.119704
0.218268,-0.200440,-0.117195
0.219408,-0.197742,-0.115924
0.218559,-0.196415,-0.115148
0.216085,-0.194014,-0.111842
0.219436,-0.191234,-0.113922
0.218168,-0.189940,-0.111961
0.218393,-0.187957,-0.109093
0.217590,-0.187289,-0.110365
0.217751,-0.184901,-0.109683
0.216902,-0.182700,-0.109441
0.217048,-0.181030,-0.108955
0.214683,-0.178643,-0.108845
0.216056,-0.177126,-0.106246
0.212939,-0.175976,-0.104208
0.214641,-0.171944,-0.104790
0.214839,-0.171016,-0.103502
0.217332,-0.169239,-0.101965
0.212513,-0.167016,-0.102686
0.214609,-0.164745,-0.102841
0.213162,-0.164118,-0.101885
0.212295,-0.160762,-0.101941
0.212875,-0.157708,-0.100551
0.209931,-0.157517,-0.100193
0.210183,-0.155037,-0.100155
0.211034,-0.153241,-0.098192
0.209392,-0.153421,-0.098278
0.208051,-0.151550,-0.097523
0.208230,-0.148303,-0.096777
0.207713,-0.149047,-0.096694
0.206341,-0.144681,-0.097096
0.206771,-0.144946,-0.093981
0.206155,-0.141698,-0.096543
0.204906,-0.139488,-0.095377
0.202827,-0.138548,-0.095254
0.203372,-0.139062,-0.096077
0.203035,-0.137265,-0.093317
0.201289,-0.137102,-0.094269
0.200077,-0.134744,-0.094479
0.199777,-0.134694,-0.094101
0.199616,-0.129817,-0.090614
0.197345,-0.129541,-0.092892
0.198616,-0.127832,-0.092795
0.195023,-0.127734,-0.094858
0.195632,-0.125662,-0.094070
0.192692,-0.124397,-0.091048
0.194225,-0.124857,-0.090215
0.193459,-0.121341,-0.092005
0.190542,-0.119654,-0.090556
0.189643,-0.118246,-0.092132
0.190506,-0.117651,-0.091199
0.189423,-0.116218,-0.089690
0.188987,-0.114512,-0.088997
0.187835,-0.114155,-0.089604
0.186395,-0.112576,-0.089270
0.185667,-0.111160,-0.090097
0.183968,-0.107787,-0.089369
0.184467,-0.106206,-0.088898
0.181802,-0.108106,-0.089518
0.181432,-0.102562,-0.086968
0.181221,-0.103989,-0.088959
0.179424,-0.102655,-0.088513
0.178383,-0.101688,-0.087640
0.177234,-0.099454,-0.089662
0.175883,-0.099997,-0.087785
0.173992,-0.099798,-0.087847
0.174766,-0.096535,-0.088341
0.173164,-0.095311,-0.086572
0.174342,-0.093469,-0.088802
0.172382,-0.091059,-0.086009
0.172245,-0.089678,-0.086317
0.170717,-0.088821,-0.087158
0.171700,-0.087210,-0.085673
0.167584,-0.087278,-0.086159
0.166805,-0.086354,-0.086016
0.167411,-0.084378,-0.084915
0.166478,-0.081582,-0.084444
0.166084,-0.081041,-0.084906
0.164467,-0.080253,-0.085413
0.164468,-0.079863,-0.083700
0.164518,-0.078703,-0.084674
0.161928,-0.075357,-0.082663
0.160370,-0.075137,-0.084303
0.160431,-0.071845,-0.082587
0.159677,-0.073302,-0.081483
0.158238,-0.070187,-0.082481
0.156545,-0.068165,-0.083433
0.156583,-0.068273,-0.081599
0.154109,-0.066097,-0.082633
0.155154,-0.064046,-0.082026
0.155715,-0.062253,-0.078407
0.153272,-0.061189,-0.082311
0.153609,-0.060604,-0.080216
0.152133,-0.059557,-0.082183
0.149409,-0.057289,-0.077544
0.150889,-0.056247,-0.080592
0.148058,-0.054981,-0.080991
0.148214,-0.054740,-0.078417
0.147061,-0.051779,-0.079627
0.146695,-0.050809,-0.079653
0.144349,-0.049345,-0.080635
0.143342,-0.047836,-0.080181
0.142521,-0.048332,-0.080054
0.142728,-0.046991,-0.078048
0.140129,-0.045302,-0.079052
0.139791,-0.043811,-0.078958
0.138920,-0.044340,-0.080013
0.136740,-0.040722,-0.079145
0.137517,-0.042129,-0.077367
0.137293,-0.038935,-0.080556
0.134009,-0.037550,-0.078819
0.131464,-0.038962,-0.078518
0.132830,-0.035828,-0.078650
0.131703,-0.033981,-0.081312
0.129843,-0.034082,-0.077987
0.128469,-0.033822,-0.081522
0.127250,-0.033431,-0.077494
0.129289,-0.030861,-0.079553
0.124006,-0.030845,-0.078587
0.124451,-0.030035,-0.079811
0.121896,-0.030664,-0.079698
0.118727,-0.026694,-0.079198
0.119284,-0.027122,-0.082029
0.117165,-0.025027,-0.079412
0.119293,-0.025034,-0.080901
0.113643,-0.025226,-0.083004
0.113346,-0.024286,-0.082573
0.111240,-0.022081,-0.081407
0.110376,-0.022732,-0.083548
0.109514,-0.022764,-0.082923
0.107971,-0.019451,-0.082790
0.105573,-0.019183,-0.083305
0.103704,-0.018731,-0.085474
0.103719,-0.018712,-0.084634
0.101498,-0.015578,-0.083717
0.099161,-0.017916,-0.085833
0.097195,-0.017154,-0.084478
0.095484,-0.016181,-0.087198
0.094696,-0.015445,-0.087266
0.093046,-0.013962,-0.088420
0.088624,-0.014111,-0.088017
0.089829,-0.013643,-0.088945
0.086950,-0.012568,-0.089946
0.085483,-0.012447,-0.090945
0.081921,-0.013285,-0.090387
0.081853,-0.010780,-0.094120
0.080309,-0.011844,-0.092008
0.078647,-0.012489,-0.092517
0.076307,-0.012689,-0.093340
0.075962,-0.011151,-0.094701
0.072613,-0.010355,-0.096232
0.069476,-0.011207,-0.097973
0.066188,-0.012592,-0.097696
0.065339,-0.008696,-0.100057
0.062888,-0.009737,-0.099075
0.060762,-0.009864,-0.100770
0.057112,-0.009040,-0.103362
0.055851,-0.012640,-0.106405
0.051659,-0.010593,-0.104772
0.046605,-0.011393,-0.108343
0.044865,-0.014754,-0.111781
0.041700,-0.015337,-0.114064
0.036175,-0.019612,-0.117770
0.026172,-0.022950,-0.124476
0.192319,-0.327181,-0.188477
0.204570,-0.308996,-0.175699
0.207623,-0.303105,-0.171309
0.208135,-0.300638,-0.169514
0.210227,-0.294225,-0.167198
0.212792,-0.290369,-0.164625
0.215481,-0.287455,-0.161101
0.211952,-0.284266,-0.157178
0.215737,-0.280858,-0.156539
0.215356,-0.277325,-0.155691
0.215477,-0.274035,-0.151995
0.216362,-0.272729,-0.151421
0.219456,-0.268828,-0.148629
0.218923,-0.263534,-0.148106
0.216500,-0.261222,-0.145945
0.217174,-0.258168,-0.142731
0.218711,-0.257144,-0.142834
0.219439,-0.253019,-0.139957
0.220501,-0.251495,-0.139598
0.220858,-0.247983,-0.136585
0.219615,-0.247174,-0.136925
0.218354,-0.239997,-0.135619
0.220861,-0.239106,-0.132926
0.219031,-0.235506,-0.131944
0.220746,-0.232970,-0.131352
0.220742,-0.228919,-0.130407
0.219695,-0.230872,-0.128850
0.222031,-0.225835,-0.127293
0.219676,-0.224426,-0.122626
0.219291,-0.222922,-0.125187
0.220131,-0.221658,-0.123744
0.219615,-0.217993,-0.123594
0.216792,-0.214956,-0.122930
0.219297,-0.214259,-0.120307
0.220822,-0.211019,-0.120915
0.217275,-0.211336,-0.118025
0.218851,-0.207422,-0.118685
0.218148,-0.204620,-0.117271
0.218657,-0.201398,-0.114497
0.217551,-0.200198,-0.112583
0.218112,-0.195889,-0.113641
0.217335,-0.195976,-0.112943
0.216517,-0.192298,-0.110906
0.217545,-0.191716,-0.110684
0.217834,-0.187787,-0.109991
0.216541,-0.187062,-0.109642
0.217761,-0.184977,-0.108594
0.214763,-0.183578,-0.106453
0.214925,-0.179357,-0.108093
0.216208,-0.179806,-0.104940
0.215186,-0.176921,-0.103740
0.215770,-0.175599,-0.104237
0.216074,-0.172723,-0.101870
0.214315,-0.171593,-0.104883
0.212321,-0.169184,-0.102643
0.215131,-0.166874,-0.100152
0.211122,-0.165050,-0.101846
0.213492,-0.165193,-0.101161
0.210971,-0.163260,-0.100661
0.210053,-0.160003,-0.099671
0.208266,-0.159144,-0.097417
0.209165,-0.156020,-0.097602
0.209644,-0.156104,-0.099305
0.207930,-0.152508,-0.094805
0.205574,-0.151211,-0.096897
0.206262,-0.149960,-0.095374
0.207414,-0.150093,-0.093758
0.207445,-0.147129,-0.096144
0.204460,-0.144480,-0.091557
0.203022,-0.143310,-0.094291
0.204254,-0.142497,-0.094081
0.202768,-0.141465,-0.092276
0.201990,-0.138214,-0.093699
0.201340,-0.139029,-0.091905
0.199579,-0.136207,-0.092060
0.198964,-0.135552,-0.093349
0.197964,-0.134295,-0.091910
0.198359,-0.132677,-0.090911
0.196653,-0.131240,-0.092290
0.195152,-0.129741,-0.090674
0.193257,-0.129555,-0.091643
0.193350,-0.126524,-0.090799
0.193465,-0.124438,-0.090409
0.192221,-0.124662,-0.089678
0.189583,-0.124039,-0.090099
0.191435,-0.120608,-0.090398
0.188311,-0.121803,-0.089919
0.187984,-0.118792,-0.089108
0.187682,-0.117869,-0.089650
0.186343,-0.117652,-0.088500
0.185553,-0.112930,-0.088882
0.185100,-0.112078,-0.087685
0.184522,-0.112268,-0.088601
0.184547,-0.111559,-0.088364
0.181783,-0.109223,-0.087975
0.180786,-0.109452,-0.088087
0.181075,-0.107955,-0.088667
0.179703,-0.107119,-0.087328
0.179149,-0.105362,-0.087368
0.177301,-0.103710,-0.088178
0.176230,-0.101394,-0.085857
0.173560,-0.100919,-0.089476
0.174264,-0.100221,-0.087392
0.173450,-0.098528,-0.087266
0.171446,-0.096957,-0.086078
0.172315,-0.095631,-0.088682
0.171306,-0.093208,-0.087678
0.170713,-0.092998,-0.084536
0.169085,-0.093732,-0.085047
0.167760,-0.089182,-0.084222
0.167296,-0.089616,-0.083306
0.168217,-0.087424,-0.083364
0.165096,-0.085439,-0.084631
0.165632,-0.084462,-0.082410
0.164083,-0.083975,-0.084323
0.162320,-0.081794,-0.081085
0.162439,-0.079496,-0.083971
0.161095,-0.078299,-0.080986
0.161405,-0.077415,-0.083709
0.160428,-0.077536,-0.083027
0.158162,-0.073290,-0.082254
0.157236,-0.071942,-0.080727
0.156662,-0.071727,-0.081004
0.156686,-0.070568,-0.081183
0.156971,-0.067992,-0.081959
0.156041,-0.066837,-0.080836
0.154502,-0.066262,-0.079907
0.154826,-0.064693,-0.081745
0.153385,-0.061679,-0.080141
0.149255,-0.061008,-0.080740
0.151182,-0.060876,-0.079046
0.148658,-0.057759,-0.081228
0.147820,-0.059442,-0.080470
0.146113,-0.055078,-0.079384
0.144973,-0.056408,-0.079710
0.145990,-0.053203,-0.078670
0.144556,-0.052641,-0.080406
0.145386,-0.052613,-0.078327
0.142957,-0.050614,-0.078487
0.143015,-0.050199,-0.079967
0.141372,-0.048465,-0.078596
0.139271,-0.048059,-0.079501
0.137500,-0.046170,-0.078036
0.137282,-0.045837,-0.077390
0.135846,-0.045135,-0.077662
0.134130,-0.042181,-0.079036
0.134351,-0.040356,-0.078982
0.133961,-0.038241,-0.079764
0.131967,-0.037876,-0.076982
0.129697,-0.039338,-0.079359
0.127594,-0.036473,-0.076996
0.126384,-0.038252,-0.080082
0.126956,-0.034864,-0.080005
0.124461,-0.033967,-0.082791
0.123790,-0.033176,-0.080312
0.123534,-0.031442,-0.079538
0.120331,-0.032119,-0.079518
0.119854,-0.031538,-0.080211
0.119371,-0.030081,-0.080140
0.116772,-0.029813,-0.081150
0.115253,-0.026776,-0.080903
0.114240,-0.026747,-0.080774
0.112746,-0.025653,-0.081104
0.110922,-0.026627,-0.081053
0.109402,-0.026352,-0.082129
0.109494,-0.025605,-0.081120
0.105762,-0.022878,-0.082756
0.105016,-0.022461,-0.083331
0.103224,-0.021612,-0.081618
0.103120,-0.021663,-0.083767
0.102264,-0.019712,-0.083571
0.098716,-0.020343,-0.085799
0.096342,-0.019759,-0.084665
0.095829,-0.020773,-0.086105
0.092822,-0.018231,-0.085985
0.092067,-0.017804,-0.089094
0.090433,-0.017574,-0.085640
0.088794,-0.016807,-0.087162
0.086931,-0.015509,-0.088351
0.084783,-0.016058,-0.088087
0.083296,-0.016967,-0.089982
0.082102,-0.014772,-0.089091
0.079269,-0.014330,-0.091499
0.077689,-0.013903,-0.092891
0.075301,-0.014310,-0.092781
0.072268,-0.014634,-0.094543
0.070903,-0.013467,-0.096017
0.069915,-0.010855,-0.096681
0.067649,-0.014485,-0.098665
0.065201,-0.014002,-0.098790
0.063338,-0.013310,-0.100381
0.058806,-0.013742,-0.102358
0.057494,-0.014705,-0.101914
0.054890,-0.014758,-0.104260
0.050734,-0.016187,-0.104343
0.047984,-0.015904,-0.110261
0.043811,-0.016617,-0.110115
0.039770,-0.018904,-0.112603
0.031434,-0.020869,-0.118708
0.025568,-0.026819,-0.125139
0.205533,-0.312890,-0.174398
0.207872,-0.305827,-0.169643
0.208203,-0.303161,-0.165755
0.210627,-0.296711,-0.164479
0.212692,-0.292647,-0.160505
0.211385,-0.288887,-0.159168
0.215527,-0.287220,-0.157120
0.214084,-0.282407,-0.155352
0.215604,-0.277418,-0.153215
0.216403,-0.275937,-0.153724
0.214184,-0.272496,-0.150068
0.216468,-0.272638,-0.147267
0.217605,-0.267443,-0.147235
0.216601,-0.264269,-0.145473
0.215916,-0.260239,-0.143128
0.214531,-0.258717,-0.140086
0.218623,-0.256107,-0.139469
0.218305,-0.254324,-0.136064
0.219124,-0.251834,-0.136536
0.219092,-0.245400,-0.134456
0.220043,-0.242848,-0.133905
0.219158,-0.241164,-0.133488
0.219401,-0.240151,-0.129884
0.219521,-0.238507,-0.129479
0.220210,-0.234304,-0.129811
0.220584,-0.232149,-0.126242
0.219523,-0.229578,-0.126499
0.220396,-0.226589,-0.123275
0.220868,-0.226206,-0.122124
0.220740,-0.222364,-0.122217
0.220208,-0.221946,-0.121419
0.219373,-0.218863,-0.121366
0.216682,-0.217193,-0.120834
0.218780,-0.214400,-0.118253
0.216246,-0.211782,-0.118276
0.218979,-0.209688,-0.115911
0.217423,-0.206683,-0.115674
0.218577,-0.204433,-0.117172
0.217217,-0.202736,-0.115703
0.216456,-0.200315,-0.112742
0.217946,-0.197572,-0.111045
0.216488,-0.195117,-0.110543
0.215845,-0.193407,-0.109272
0.215282,-0.192253,-0.107671
0.214608,-0.190882,-0.107346
0.216996,-0.189264,-0.107956
0.215972,-0.185682,-0.106710
0.214600,-0.184965,-0.105475
0.215537,-0.183868,-0.103163
0.214087,-0.179298,-0.103179
0.211844,-0.177650,-0.104990
0.214530,-0.178100,-0.102530
0.215443,-0.173889,-0.101505
0.213583,-0.169694,-0.101726
0.212154,-0.170072,-0.101113
0.211196,-0.167792,-0.100367
0.211116,-0.167521,-0.098963
0.211944,-0.164726,-0.098840
0.210285,-0.163156,-0.097634
0.210173,-0.160163,-0.098005
0.209962,-0.158002,-0.098173
0.209268,-0.157236,-0.095983
0.207254,-0.156752,-0.097052
0.207296,-0.154745,-0.095763
0.206738,-0.153090,-0.097065
0.208001,-0.148572,-0.093205
0.204988,-0.149438,-0.095596
0.205006,-0.146081,-0.091737
0.204439,-0.146550,-0.093000
0.202198,-0.146122,-0.092526
0.201756,-0.140669,-0.093790
0.200311,-0.141474,-0.092469
0.201045,-0.139951,-0.090803
0.199672,-0.140534,-0.090909
0.199085,-0.137569,-0.092345
0.197882,-0.135308,-0.090209
0.196450,-0.135377,-0.091555
0.197145,-0.133286,-0.090714
0.194858,-0.132437,-0.090864
0.194114,-0.131554,-0.089882
0.194506,-0.129965,-0.089468
0.193106,-0.126847,-0.088541
0.190931,-0.127065,-0.088099
0.191233,-0.124773,-0.090866
0.190897,-0.126630,-0.089123
0.189041,-0.120795,-0.089952
0.187413,-0.120636,-0.088897
0.186928,-0.120561,-0.087118
0.186906,-0.119517,-0.087815
0.185904,-0.115579,-0.088274
0.183693,-0.116096,-0.087971
0.183420,-0.113458,-0.090144
0.181832,-0.111425,-0.087476
0.181723,-0.111293,-0.086382
0.182639,-0.109739,-0.088071
0.178934,-0.110918,-0.087674
0.178718,-0.107600,-0.088620
0.177343,-0.108944,-0.087022
0.178772,-0.104549,-0.088260
0.176635,-0.103947,-0.086045
0.174014,-0.103860,-0.085521
0.173247,-0.101809,-0.085125
0.171845,-0.101141,-0.085671
0.174490,-0.098851,-0.087705
0.173059,-0.096352,-0.084837
0.170434,-0.096945,-0.084530
0.169607,-0.095431,-0.084204
0.168596,-0.093695,-0.085173
0.167712,-0.090907,-0.082773
0.167960,-0.090673,-0.085394
0.165357,-0.091293,-0.082795
0.166572,-0.088935,-0.082966
0.162562,-0.087804,-0.083877
0.164195,-0.083802,-0.083739
0.161634,-0.083388,-0.083341
0.160641,-0.081907,-0.084207
0.160714,-0.081049,-0.082075
0.160029,-0.081390,-0.081939
0.159382,-0.078093,-0.083236
0.159659,-0.077477,-0.082104
0.157970,-0.075119,-0.081321
0.157755,-0.074992,-0.081785
0.154972,-0.074388,-0.081950
0.156640,-0.073709,-0.078109
0.152658,-0.069440,-0.081356
0.152852,-0.068467,-0.081212
0.154412,-0.067124,-0.078986
0.151890,-0.065498,-0.079038
0.149324,-0.065759,-0.081716
0.149508,-0.061986,-0.079965
0.149511,-0.061222,-0.078510
0.148231,-0.060649,-0.078470
0.146278,-0.059061,-0.079364
0.144083,-0.057844,-0.078606
0.145735,-0.058796,-0.079780
0.143066,-0.055323,-0.079361
0.144596,-0.054838,-0.077416
0.141153,-0.053091,-0.078364
0.138510,-0.051383,-0.079585
0.139064,-0.051300,-0.079684
0.137385,-0.049809,-0.078469
0.137779,-0.047712,-0.079219
0.136075,-0.045767,-0.079858
0.134871,-0.048069,-0.079021
0.133409,-0.046509,-0.078092
0.132333,-0.044749,-0.076702
0.133982,-0.043591,-0.077665
0.130157,-0.041463,-0.078243
0.128334,-0.040271,-0.077737
0.127567,-0.040983,-0.077580
0.127237,-0.040165,-0.077765
0.124873,-0.038268,-0.080203
0.125710,-0.038496,-0.079170
0.123783,-0.036528,-0.078284
0.121646,-0.035495,-0.078610
0.122056,-0.034575,-0.079406
0.118610,-0.032198,-0.081116
0.118073,-0.032617,-0.080609
0.118110,-0.031331,-0.080910
0.114049,-0.029792,-0.080307
0.116103,-0.029852,-0.080594
0.112022,-0.029622,-0.081688
0.110100,-0.029087,-0.081038
0.109144,-0.031180,-0.081915
0.107907,-0.026961,-0.081183
0.106824,-0.025129,-0.081331
0.105134,-0.025618,-0.083668
0.101595,-0.026018,-0.083294
0.100520,-0.025755,-0.082915
0.101006,-0.023882,-0.084643
0.098028,-0.023714,-0.083846
0.096788,-0.022574,-0.082701
0.093310,-0.022781,-0.085332
0.092960,-0.019822,-0.085360
0.089984,-0.019688,-0.086467
0.087739,-0.017931,-0.086970
0.089641,-0.020057,-0.087817
0.086731,-0.018579,-0.088996
0.085062,-0.019009,-0.089223
0.083941,-0.018362,-0.090782
0.080505,-0.017516,-0.089443
0.078594,-0.016210,-0.092559
0.079285,-0.016136,-0.092201
0.076086,-0.016349,-0.092516
0.073068,-0.017035,-0.093095
0.069045,-0.015791,-0.095169
0.069051,-0.014805,-0.096557
0.067517,-0.017587,-0.095031
0.062815,-0.014827,-0.098405
0.060708,-0.017766,-0.098726
0.056546,-0.017193,-0.098510
0.056018,-0.016138,-0.100981
0.054503,-0.015777,-0.105340
0.051107,-0.017824,-0.103543
0.044600,-0.018434,-0.109448
0.044720,-0.019584,-0.109704
0.039394,-0.021090,-0.113477
0.030312,-0.025818,-0.115674
0.020822,-0.031237,-0.126009
0.204880,-0.314476,-0.170169
0.205390,-0.308830,-0.168256
0.208896,-0.303837,-0.164338
0.210083,-0.299175,-0.161571
0.211246,-0.294103,-0.158255
0.213267,-0.290164,-0.158480
0.215465,-0.287541,-0.156538
0.215832,-0.284495,-0.153746
0.214632,-0.282102,-0.152242
0.216163,-0.277284,-0.150675
0.217200,-0.275179,-0.147951
0.216764,-0.272103,-0.146313
0.217500,-0.268208,-0.144407
0.217106,-0.266760,-0.145586
0.218125,-0.263597,-0.142158
0.215605,-0.261862,-0.139386
0.217513,-0.259966,-0.139555
0.219760,-0.253540,-0.136719
0.220045,-0.252473,-0.136882
0.218860,-0.249897,-0.134278
0.220442,-0.247539,-0.132792
0.220046,-0.244219,-0.133156
0.220448,-0.243509,-0.130221
0.219832,-0.239383,-0.127910
0.219387,-0.237625,-0.126918
0.219718,-0.234693,-0.126540
0.219883,-0.233541,-0.124219
0.221274,-0.230282,-0.123584
0.219821,-0.227353,-0.122992
0.219489,-0.224378,-0.122263
0.220367,-0.223243,-0.121272
0.218910,-0.219770,-0.120354
0.219766,-0.219717,-0.119623
0.218173,-0.215266,-0.116990
0.217071,-0.211424,-0.117088
0.218659,-0.210896,-0.117695
0.218336,-0.208908,-0.116278
0.217359,-0.207206,-0.112701
0.218257,-0.205408,-0.112066
0.217967,-0.202794,-0.112070
0.218801,-0.201648,-0.112757
0.218058,-0.196944,-0.109675
0.217203,-0.195724,-0.108105
0.218518,-0.194517,-0.106632
0.216036,-0.191947,-0.108426
0.216524,-0.189456,-0.105697
0.216384,-0.188442,-0.106720
0.215040,-0.185014,-0.103070
0.213426,-0.185507,-0.106184
0.215913,-0.182851,-0.103838
0.213108,-0.180758,-0.101395
0.214355,-0.175981,-0.101619
0.214699,-0.174949,-0.099851
0.213309,-0.174230,-0.101343
0.212567,-0.171798,-0.100200
0.212367,-0.170723,-0.098361
0.212762,-0.168034,-0.097581
0.212853,-0.166645,-0.097767
0.210710,-0.166941,-0.097965
0.210172,-0.164554,-0.094711
0.211223,-0.160666,-0.096194
0.210563,-0.160418,-0.095368
0.207415,-0.158879,-0.094401
0.206829,-0.158307,-0.093618
0.205016,-0.155215,-0.093482
0.205732,-0.154705,-0.092448
0.206420,-0.151867,-0.092885
0.207674,-0.150704,-0.094065
0.205659,-0.148321,-0.092202
0.202542,-0.146552,-0.090863
0.202248,-0.144152,-0.092233
0.203155,-0.144691,-0.092733
0.201646,-0.142528,-0.090773
0.199788,-0.141629,-0.090510
0.199317,-0.141201,-0.091896
0.197433,-0.138293,-0.091215
0.196576,-0.136955,-0.090487
0.196750,-0.136710,-0.087866
0.195474,-0.135567,-0.088845
0.194355,-0.132522,-0.088809
0.194068,-0.133620,-0.090019
0.192871,-0.132275,-0.089195
0.191980,-0.129623,-0.088453
0.190755,-0.128729,-0.088361
0.188507,-0.126177,-0.089476
0.189726,-0.126020,-0.087837
0.188502,-0.125017,-0.088356
0.187370,-0.120811,-0.087603
0.185653,-0.120066,-0.088413
0.183458,-0.121127,-0.089031
0.185758,-0.118242,-0.088171
0.181725,-0.116741,-0.086277
0.181960,-0.115171,-0.085926
0.182029,-0.115986,-0.086564
0.180396,-0.115706,-0.086468
0.179365,-0.110286,-0.087555
0.178747,-0.110332,-0.085564
0.178336,-0.109596,-0.086234
0.176613,-0.108415,-0.086084
0.177494,-0.106789,-0.086196
0.175248,-0.105845,-0.084963
0.173965,-0.105788,-0.085115
0.172087,-0.103936,-0.086060
0.170120,-0.102999,-0.085901
0.170690,-0.102931,-0.083657
0.167586,-0.100771,-0.085916
0.170064,-0.098610,-0.085363
0.168701,-0.098242,-0.084919
0.168306,-0.095874,-0.084531
0.166181,-0.096536,-0.085053
0.163805,-0.093414,-0.082756
0.164760,-0.091531,-0.084039
0.164984,-0.090154,-0.083238
0.162155,-0.090087,-0.083829
0.162182,-0.087832,-0.081116
0.161760,-0.085113,-0.081970
0.160288,-0.083603,-0.083238
0.160252,-0.083188,-0.081381
0.157908,-0.080944,-0.080716
0.156845,-0.081586,-0.080068
0.156585,-0.079346,-0.081282
0.154802,-0.076059,-0.078645
0.155095,-0.074477,-0.081810
0.155431,-0.075164,-0.079890
0.154625,-0.072130,-0.079962
0.151812,-0.070820,-0.081632
0.152885,-0.071247,-0.079970
0.150930,-0.068847,-0.078224
0.150212,-0.065816,-0.081320
0.147955,-0.066386,-0.078413
0.146909,-0.064749,-0.078924
0.145711,-0.063967,-0.077964
0.144719,-0.065087,-0.079289
0.146397,-0.063639,-0.080892
0.144246,-0.059956,-0.078856
0.141144,-0.057829,-0.078598
0.141800,-0.056757,-0.078513
0.141708,-0.057432,-0.077198
0.137937,-0.055385,-0.078394
0.138753,-0.052141,-0.077501
0.138281,-0.052848,-0.075977
0.136689,-0.051671,-0.078101
0.135268,-0.050114,-0.076779
0.133700,-0.050679,-0.078482
0.134373,-0.048197,-0.076395
0.133207,-0.048731,-0.078166
0.133526,-0.045699,-0.077778
0.131926,-0.046017,-0.076439
0.129940,-0.044165,-0.079429
0.127250,-0.044555,-0.077940
0.126069,-0.041591,-0.077180
0.126388,-0.040446,-0.078472
0.123936,-0.040252,-0.079236
0.124613,-0.039024,-0.079254
0.120823,-0.038002,-0.078913
0.119263,-0.035840,-0.078582
0.120082,-0.036330,-0.076885
0.116636,-0.034885,-0.079116
0.117724,-0.034816,-0.080052
0.113692,-0.034434,-0.081544
0.114032,-0.033030,-0.080940
0.110677,-0.032370,-0.080998
0.109297,-0.031829,-0.082222
0.108144,-0.029875,-0.079699
0.106798,-0.029936,-0.082269
0.104938,-0.029660,-0.082162
0.102610,-0.024890,-0.081090
0.102544,-0.027316,-0.082456
0.100960,-0.027102,-0.081963
0.098834,-0.025809,-0.083284
0.097859,-0.024693,-0.083459
0.095657,-0.025948,-0.084042
0.094570,-0.022658,-0.086176
0.092291,-0.025024,-0.086423
0.089645,-0.024055,-0.086404
0.090455,-0.021005,-0.085141
0.087545,-0.021883,-0.087763
0.085953,-0.022087,-0.088207
0.085183,-0.020042,-0.089255
0.082379,-0.021182,-0.091028
0.081610,-0.019899,-0.090261
0.078442,-0.017936,-0.088975
0.076112,-0.021433,-0.091265
0.074540,-0.019373,-0.092079
0.072100,-0.019549,-0.095483
0.068570,-0.018029,-0.095231
0.068856,-0.018391,-0.095864
0.063197,-0.018964,-0.098019
0.064457,-0.019479,-0.098075
0.061648,-0.019371,-0.098861
0.059444,-0.018424,-0.100409
0.052852,-0.019493,-0.101160
0.050990,-0.020387,-0.102895
0.048960,-0.020589,-0.104241
0.046025,-0.022042,-0.107470
0.041996,-0.024367,-0.111565
0.039180,-0.025442,-0.114362
0.029152,-0.028925,-0.118772
0.018339,-0.037940,-0.127632
0.203978,-0.315714,-0.170863
0.209248,-0.311037,-0.167121
0.209001,-0.305907,-0.164432
0.209676,-0.302263,-0.159980
0.212841,-0.296960,-0.159300
0.212933,-0.293309,-0.155529
0.215325,-0.289749,-0.154181
0.215532,-0.287588,-0.151172
0.215103,-0.283910,-0.149574
0.215015,-0.280779,-0.149267
0.216080,-0.278447,-0.147686
0.217152,-0.276519,-0.144906
0.216687,-0.270753,-0.143708
0.215329,-0.267836,-0.141427
0.215220,-0.265401,-0.140127
0.218437,-0.262501,-0.137122
0.219134,-0.261421,-0.135669
0.219843,-0.258926,-0.136583
0.218442,-0.255154,-0.134988
0.220057,-0.251906,-0.133086
0.216779,-0.251345,-0.132788
0.218897,-0.247407,-0.129735
0.218220,-0.244876,-0.129388
0.218091,-0.242221,-0.129348
0.220930,-0.239823,-0.126236
0.218951,-0.238811,-0.124872
0.221215,-0.235491,-0.123603
0.219521,-0.232101,-0.122288
0.219189,-0.229931,-0.122042
0.218374,-0.226492,-0.119467
0.220980,-0.226335,-0.119837
0.217936,-0.223944,-0.117945
0.219310,-0.220580,-0.119183
0.216424,-0.218500,-0.117723
0.217790,-0.217057,-0.115273
0.218457,-0.214845,-0.115300
0.216907,-0.213422,-0.113800
0.217706,-0.210811,-0.113053
0.217661,-0.207798,-0.111555
0.215765,-0.205585,-0.111839
0.216677,-0.204568,-0.110994
0.216289,-0.200133,-0.110716
0.217259,-0.199096,-0.109968
0.216290,-0.196587,-0.107781
0.215646,-0.194803,-0.107686
0.216266,-0.191447,-0.106144
0.214190,-0.189801,-0.105816
0.216335,-0.188398,-0.103483
0.213343,-0.186292,-0.102468
0.212717,-0.184790,-0.103559
0.213199,-0.182263,-0.100034
0.213806,-0.180490,-0.101868
0.214372,-0.176524,-0.100331
0.212626,-0.175472,-0.100679
0.211424,-0.173722,-0.099527
0.210094,-0.173803,-0.097740
0.211470,-0.172128,-0.097114
0.211001,-0.169497,-0.097856
0.210701,-0.168877,-0.095084
0.208765,-0.166239,-0.095633
0.209747,-0.165127,-0.094826
0.209128,-0.162786,-0.092867
0.209366,-0.161023,-0.094377
0.208090,-0.159856,-0.092986
0.206687,-0.157163,-0.093025
0.209307,-0.156732,-0.093078
0.206615,-0.153737,-0.092074
0.203210,-0.152367,-0.091674
0.204342,-0.150252,-0.092168
0.201303,-0.149948,-0.090280
0.201056,-0.148432,-0.090774
0.202035,-0.148892,-0.090198
0.200198,-0.145885,-0.089556
0.200510,-0.144894,-0.088364
0.198316,-0.143492,-0.089807
0.197712,-0.141089,-0.090256
0.197599,-0.140779,-0.088515
0.195571,-0.139617,-0.088149
0.193622,-0.138363,-0.088134
0.193677,-0.138368,-0.088430
0.192493,-0.132493,-0.090184
0.194152,-0.132301,-0.086718
0.190215,-0.132806,-0.088498
0.191613,-0.130631,-0.087442
0.189233,-0.129737,-0.087831
0.191309,-0.127905,-0.088125
0.187645,-0.127166,-0.087230
0.186214,-0.123514,-0.086689
0.186941,-0.122927,-0.086495
0.184066,-0.121711,-0.087513
0.184260,-0.119994,-0.086839
0.183712,-0.121803,-0.085101
0.184096,-0.118305,-0.084440
0.181736,-0.118655,-0.085101
0.181012,-0.116027,-0.086096
0.179245,-0.113092,-0.084861
0.178954,-0.114790,-0.087052
0.178225,-0.113713,-0.083312
0.175059,-0.111135,-0.085440
0.175320,-0.110613,-0.085233
0.173461,-0.107351,-0.086848
0.173826,-0.108019,-0.085249
0.172127,-0.105462,-0.083854
0.171040,-0.103361,-0.085306
0.168786,-0.103300,-0.084801
0.169134,-0.103295,-0.084570
0.169724,-0.100111,-0.083260
0.169299,-0.101043,-0.084121
0.165248,-0.097507,-0.083137
0.164341,-0.097148,-0.083475
0.165413,-0.096655,-0.083717
0.163404,-0.094840,-0.083873
0.163550,-0.091924,-0.082991
0.162909,-0.092261,-0.082847
0.162345,-0.090044,-0.082648
0.161329,-0.088587,-0.082167
0.160890,-0.088185,-0.080017
0.156607,-0.087089,-0.082898
0.155700,-0.085545,-0.080174
0.156519,-0.085128,-0.080451
0.153922,-0.080772,-0.080061
0.155820,-0.080125,-0.080412
0.153620,-0.078473,-0.079141
0.153198,-0.076889,-0.079918
0.152479,-0.075939,-0.080698
0.151565,-0.074389,-0.079912
0.151597,-0.072044,-0.078777
0.149647,-0.071813,-0.077271
0.148548,-0.071434,-0.077052
0.147609,-0.071667,-0.078460
0.146212,-0.069461,-0.077456
0.148627,-0.068783,-0.076693
0.145637,-0.065722,-0.078584
0.146615,-0.064849,-0.077827
0.143729,-0.063614,-0.077866
0.143911,-0.062578,-0.076938
0.141527,-0.058855,-0.078676
0.140855,-0.058584,-0.076451
0.139318,-0.058508,-0.078481
0.137725,-0.058979,-0.079089
0.137191,-0.054175,-0.075846
0.136120,-0.053642,-0.077098
0.135712,-0.052540,-0.076321
0.134611,-0.053388,-0.078285
0.131164,-0.051264,-0.077519
0.130880,-0.049151,-0.076514
0.130458,-0.047547,-0.074469
0.129830,-0.047566,-0.076381
0.128885,-0.047252,-0.077317
0.126071,-0.044643,-0.076725
0.125706,-0.044327,-0.077331
0.122411,-0.043435,-0.078169
0.123538,-0.042218,-0.077839
0.121528,-0.042510,-0.077577
0.119705,-0.040171,-0.077095
0.117871,-0.039773,-0.078639
0.118730,-0.039240,-0.077588
0.119022,-0.038945,-0.078884
0.118280,-0.036735,-0.079953
0.111960,-0.036803,-0.078177
0.110836,-0.037040,-0.081618
0.110933,-0.035019,-0.079993
0.110031,-0.033811,-0.082157
0.108017,-0.034116,-0.081767
0.108117,-0.031236,-0.080242
0.106362,-0.030008,-0.080062
0.103148,-0.031379,-0.081399
0.100879,-0.030701,-0.080385
0.099021,-0.028632,-0.083076
0.097288,-0.030938,-0.082857
0.095886,-0.028769,-0.085056
0.094614,-0.027977,-0.082567
0.094214,-0.027601,-0.083970
0.090960,-0.027291,-0.084338
0.091292,-0.026946,-0.087081
0.089335,-0.024794,-0.085581
0.087170,-0.023581,-0.087739
0.085544,-0.024426,-0.087075
0.082350,-0.023043,-0.088420
0.081841,-0.023018,-0.088403
0.080416,-0.020499,-0.090141
0.077367,-0.022318,-0.090582
0.076166,-0.023917,-0.090164
0.075567,-0.021403,-0.092051
0.071640,-0.022944,-0.093818
0.070593,-0.020920,-0.094437
0.067641,-0.022707,-0.093870
0.060826,-0.022882,-0.094242
0.061142,-0.023382,-0.097964
0.058259,-0.023171,-0.097069
0.058897,-0.022814,-0.099945
0.054882,-0.022492,-0.100999
0.051902,-0.022516,-0.102042
0.046906,-0.023404,-0.104420
0.044529,-0.026903,-0.106924
0.040053,-0.026246,-0.107844
0.033920,-0.029671,-0.113790
0.031138,-0.032693,-0.118376
0.017612,-0.040453,-0.128620
0.205012,-0.318124,-0.169315
0.206585,-0.314655,-0.167378
0.209996,-0.308326,-0.163699
0.211505,-0.303412,-0.160280
0.212916,-0.301126,-0.155684
0.212710,-0.295850,-0.154779
0.214288,-0.293420,-0.152284
0.214655,-0.288917,-0.151784
0.216457,-0.286280,-0.149372
0.217319,-0.283136,-0.147473
0.217553,-0.280840,-0.146043
0.216390,-0.276648,-0.143423
0.219000,-0.273510,-0.143168
0.217924,-0.272698,-0.141768
0.219865,-0.269635,-0.140869
0.218659,-0.267524,-0.137758
0.218529,-0.264277,-0.136851
0.220001,-0.260870,-0.135310
0.217662,-0.257812,-0.133703
0.217747,-0.254590,-0.131337
0.220544,-0.253095,-0.130350
0.218258,-0.250458,-0.130484
0.219309,-0.247275,-0.130379
0.220150,-0.243753,-0.126101
0.219550,-0.244052,-0.126572
0.220400,-0.239895,-0.123118
0.219884,-0.237392,-0.122944
0.219606,-0.235230,-0.121641
0.219255,-0.231519,-0.121028
0.219124,-0.230037,-0.119308
0.218170,-0.228065,-0.119701
0.218828,-0.225572,-0.118634
0.218801,-0.222762,-0.117800
0.217299,-0.219941,-0.116261
0.218388,-0.219379,-0.115299
0.218598,-0.216671,-0.115035
0.217725,-0.216467,-0.111028
0.215503,-0.212386,-0.113972
0.216045,-0.210015,-0.110057
0.218732,-0.208756,-0.109595
0.215674,-0.206525,-0.107718
0.217536,-0.203523,-0.108101
0.215329,-0.202166,-0.107506
0.214977,-0.198090,-0.106325
0.215178,-0.196949,-0.107193
0.214798,-0.195215,-0.107442
0.214401,-0.194175,-0.104684
0.213598,-0.191097,-0.104032
0.213592,-0.189607,-0.102215
0.214838,-0.187191,-0.101591
0.213857,-0.187782,-0.101487
0.212032,-0.182285,-0.099151
0.214043,-0.181982,-0.100298
0.212328,-0.179720,-0.097336
0.212123,-0.178175,-0.099184
0.210835,-0.177221,-0.096789
0.211975,-0.174621,-0.097312
0.211869,-0.170855,-0.097359
0.209472,-0.169888,-0.095955
0.209598,-0.168729,-0.094181
0.209595,-0.167452,-0.095081
0.207096,-0.167114,-0.092069
0.207085,-0.162980,-0.091350
0.207692,-0.161170,-0.093228
0.207045,-0.161448,-0.092421
0.206456,-0.160668,-0.092202
0.205212,-0.156559,-0.091068
0.204338,-0.155217,-0.090160
0.205057,-0.153542,-0.090775
0.203588,-0.151511,-0.090390
0.200304,-0.152032,-0.091008
0.203513,-0.150418,-0.089925
0.200672,-0.148968,-0.088943
0.197201,-0.145996,-0.090020
0.196023,-0.146687,-0.090288
0.197446,-0.145436,-0.086573
0.196154,-0.141202,-0.088161
0.193540,-0.139699,-0.087553
0.196444,-0.140411,-0.086722
0.193322,-0.137949,-0.087857
0.194612,-0.136215,-0.086843
0.193765,-0.136253,-0.086296
0.190998,-0.134361,-0.086967
0.191445,-0.132094,-0.087837
0.190373,-0.131898,-0.086303
0.188412,-0.128462,-0.087809
0.187282,-0.131007,-0.086643
0.187967,-0.128174,-0.085819
0.185202,-0.126956,-0.085468
0.184171,-0.125269,-0.085492
0.184489,-0.122840,-0.085545
0.184841,-0.122171,-0.085657
0.183917,-0.121918,-0.085815
0.181394,-0.120831,-0.083901
0.179496,-0.118978,-0.083856
0.178503,-0.116643,-0.084677
0.177594,-0.115273,-0.085916
0.177592,-0.116857,-0.085649
0.173538,-0.114648,-0.083656
0.174676,-0.111421,-0.084070
0.174285,-0.111190,-0.085830
0.172537,-0.110286,-0.083765
0.170768,-0.110319,-0.086372
0.171637,-0.107562,-0.084110
0.170126,-0.106577,-0.083003
0.168386,-0.104968,-0.086615
0.169263,-0.104548,-0.084250
0.167175,-0.101608,-0.082438
0.165425,-0.099906,-0.081040
0.163888,-0.099294,-0.082549
0.164767,-0.098982,-0.083235
0.164677,-0.096851,-0.084067
0.163082,-0.095129,-0.081856
0.161784,-0.094417,-0.080165
0.162158,-0.093300,-0.081143
0.160141,-0.090799,-0.081770
0.159623,-0.090337,-0.079711
0.157973,-0.088198,-0.081955
0.158042,-0.090274,-0.081134
0.155610,-0.086489,-0.081120
0.158392,-0.085217,-0.080702
0.153419,-0.082468,-0.079886
0.153622,-0.082399,-0.079828
0.153005,-0.079958,-0.078594
0.151228,-0.079063,-0.080630
0.151051,-0.079219,-0.079740
0.152597,-0.079377,-0.077361
0.146686,-0.075397,-0.079448
0.149191,-0.073542,-0.079041
0.147727,-0.071410,-0.078704
0.147558,-0.070474,-0.077468
0.144497,-0.070947,-0.079295
0.144831,-0.069055,-0.077304
0.142813,-0.067758,-0.076706
0.141586,-0.066973,-0.077262
0.141413,-0.066245,-0.076567
0.139860,-0.064413,-0.076404
0.141515,-0.063093,-0.076465
0.139300,-0.060839,-0.077157
0.138533,-0.060390,-0.076024
0.136708,-0.058897,-0.076651
0.137307,-0.058158,-0.075507
0.133027,-0.056444,-0.076239
0.133557,-0.056050,-0.076200
0.132681,-0.053910,-0.077636
0.132335,-0.054896,-0.074455
0.130177,-0.052798,-0.075774
0.126647,-0.049192,-0.077016
0.126339,-0.048314,-0.075357
0.127069,-0.049704,-0.076554
0.126806,-0.048553,-0.077228
0.123494,-0.047185,-0.076277
0.121094,-0.045704,-0.076253
0.120639,-0.043447,-0.079477
0.119927,-0.043709,-0.077012
0.117979,-0.043226,-0.077741
0.118348,-0.039939,-0.077313
0.115390,-0.041404,-0.077072
0.115521,-0.041177,-0.078606
0.113296,-0.038814,-0.078042
0.111261,-0.038721,-0.077265
0.109431,-0.038823,-0.078696
0.110338,-0.038638,-0.078328
0.107037,-0.035126,-0.081026
0.104598,-0.036218,-0.079948
0.105520,-0.035595,-0.082912
0.102823,-0.035458,-0.078673
0.101214,-0.032099,-0.081847
0.099557,-0.031597,-0.081968
0.098657,-0.031864,-0.082803
0.098381,-0.031281,-0.081701
0.093747,-0.032357,-0.081883
0.093205,-0.030934,-0.081725
0.090839,-0.028971,-0.085526
0.089973,-0.028717,-0.086050
0.088018,-0.028493,-0.084712
0.085204,-0.027395,-0.084710
0.084752,-0.026021,-0.086508
0.084348,-0.026807,-0.086222
0.081184,-0.027013,-0.087909
0.080417,-0.025278,-0.087839
0.076253,-0.024985,-0.087976
0.074819,-0.026073,-0.089851
0.071421,-0.025477,-0.090892
0.070385,-0.024519,-0.092147
0.068623,-0.026015,-0.092632
0.067154,-0.024040,-0.093773
0.063742,-0.024720,-0.095800
0.063000,-0.025483,-0.095276
0.059988,-0.024887,-0.097713
0.056420,-0.023628,-0.100714
0.051944,-0.023874,-0.100333
0.052973,-0.025894,-0.102405
0.046481,-0.027095,-0.104811
0.042688,-0.029317,-0.108194
0.040667,-0.028537,-0.109841
0.034655,-0.030764,-0.115469
0.028276,-0.034648,-0.117614
0.019805,-0.043198,-0.127092
0.205211,-0.321104,-0.168631
0.206776,-0.316518,-0.165491
0.207982,-0.311146,-0.161701
0.210149,-0.306263,-0.157929
0.214204,-0.302605,-0.156501
0.214200,-0.296612,-0.151842
0.215234,-0.294097,-0.150582
0.213589,-0.292730,-0.149650
0.215168,-0.285003,-0.148780
0.217357,-0.285806,-0.145453
0.216679,-0.281761,-0.143232
0.217120,-0.278682,-0.144181
0.217523,-0.275997,-0.142059
0.216360,-0.275310,-0.141300
0.218966,-0.272197,-0.137047
0.218710,-0.268796,-0.135458
0.216060,-0.264857,-0.134404
0.216700,-0.262809,-0.135240
0.220868,-0.259277,-0.129895
0.216188,-0.256938,-0.131047
0.218835,-0.254727,-0.131061
0.216809,-0.251644,-0.129102
0.218675,-0.250714,-0.127940
0.220098,-0.246573,-0.125757
0.218443,-0.245869,-0.124862
0.219269,-0.243259,-0.124353
0.219293,-0.239202,-0.123146
0.219081,-0.237627,-0.120821
0.220090,-0.234990,-0.119153
0.219754,-0.234063,-0.118576
0.220520,-0.230864,-0.119065
0.217502,-0.227041,-0.118052
0.217478,-0.224707,-0.117319
0.218218,-0.223724,-0.114513
0.217818,-0.222327,-0.112097
0.219138,-0.220479,-0.112515
0.218618,-0.215979,-0.111273
0.217868,-0.214632,-0.111443
0.218047,-0.214086,-0.110604
0.216652,-0.211623,-0.108959
0.218592,-0.209276,-0.109790
0.215776,-0.206590,-0.107644
0.214843,-0.204147,-0.106278
0.215111,-0.201857,-0.106739
0.214924,-0.201112,-0.104165
0.213967,-0.197967,-0.105222
0.215139,-0.196717,-0.101842
0.214785,-0.193245,-0.102675
0.213605,-0.191243,-0.104004
0.212395,-0.190345,-0.100657
0.211998,-0.188720,-0.100744
0.213877,-0.185611,-0.099726
0.213254,-0.182881,-0.099027
0.214364,-0.181454,-0.097060
0.210718,-0.180091,-0.097135
0.211457,-0.180246,-0.097043
0.210331,-0.176991,-0.095734
0.209803,-0.176269,-0.095425
0.209010,-0.174956,-0.094213
0.209158,-0.172308,-0.094407
0.208058,-0.170619,-0.094622
0.207672,-0.170602,-0.094492
0.208850,-0.167137,-0.091781
0.205803,-0.165695,-0.093248
0.205172,-0.163813,-0.092001
0.207588,-0.161660,-0.090230
0.205577,-0.158608,-0.090969
0.203720,-0.157738,-0.090165
0.203335,-0.156223,-0.087917
0.201655,-0.155838,-0.089181
0.203114,-0.153435,-0.087509
0.200406,-0.152517,-0.089236
0.199286,-0.151536,-0.088369
0.196623,-0.150445,-0.088845
0.197010,-0.148540,-0.087852
0.197111,-0.146800,-0.086396
0.196119,-0.144679,-0.089516
0.196329,-0.144172,-0.089140
0.194621,-0.143576,-0.085869
0.193120,-0.140844,-0.086464
0.193702,-0.139945,-0.086691
0.191111,-0.137682,-0.087958
0.190693,-0.137590,-0.083874
0.191311,-0.133113,-0.087556
0.191353,-0.135603,-0.086636
0.188920,-0.133592,-0.085053
0.187833,-0.130285,-0.084341
0.186367,-0.129767,-0.085799
0.186849,-0.126997,-0.085213
0.184121,-0.127906,-0.084901
0.183818,-0.126096,-0.084868
0.181778,-0.126755,-0.084929
0.180204,-0.123569,-0.082878
0.178994,-0.123008,-0.084174
0.179731,-0.120635,-0.083801
0.177020,-0.120267,-0.085131
0.176912,-0.118648,-0.083506
0.175938,-0.118715,-0.084034
0.174301,-0.116697,-0.083816
0.173523,-0.115364,-0.084254
0.175066,-0.113980,-0.081952
0.171629,-0.113428,-0.084594
0.170579,-0.112171,-0.083830
0.171176,-0.109272,-0.083399
0.168125,-0.109039,-0.082387
0.166850,-0.107774,-0.082312
0.167762,-0.107365,-0.083913
0.166441,-0.106991,-0.082787
0.165207,-0.103135,-0.081078
0.166630,-0.101481,-0.082064
0.162291,-0.100991,-0.083482
0.163806,-0.098790,-0.080917
0.164091,-0.097464,-0.081171
0.160218,-0.096355,-0.081759
0.160721,-0.095874,-0.079433
0.160805,-0.095669,-0.080280
0.156470,-0.093525,-0.080684
0.156037,-0.092183,-0.080054
0.156852,-0.089980,-0.079235
0.156158,-0.090088,-0.078714
0.155280,-0.086964,-0.079361
0.154889,-0.085715,-0.079488
0.154436,-0.086113,-0.077217
0.153343,-0.082101,-0.080307
0.151717,-0.080511,-0.079766
0.150267,-0.080170,-0.077562
0.150423,-0.080208,-0.079339
0.149511,-0.077756,-0.079401
0.147840,-0.076376,-0.077179
0.148093,-0.075287,-0.078751
0.146992,-0.074121,-0.077902
0.144473,-0.073069,-0.076663
0.144929,-0.070401,-0.077271
0.142071,-0.070836,-0.076731
0.142855,-0.068738,-0.076835
0.140959,-0.067392,-0.077097
0.139999,-0.065812,-0.075186
0.139149,-0.064888,-0.077431
0.139546,-0.064694,-0.076353
0.136394,-0.063397,-0.074268
0.137347,-0.063376,-0.077090
0.135392,-0.060650,-0.077130
0.133599,-0.057896,-0.076640
0.132542,-0.058090,-0.075494
0.132305,-0.058272,-0.076391
0.131987,-0.057572,-0.075382
0.130236,-0.055000,-0.076098
0.128030,-0.054699,-0.077743
0.128986,-0.053229,-0.076554
0.125697,-0.050884,-0.077014
0.123534,-0.050096,-0.078395
0.125154,-0.051207,-0.076924
0.122863,-0.049412,-0.077700
0.120870,-0.047790,-0.076410
0.119824,-0.046626,-0.075974
0.117712,-0.046634,-0.076765
0.116028,-0.044768,-0.078109
0.115788,-0.043801,-0.077151
0.115581,-0.043510,-0.077467
0.111599,-0.042699,-0.076813
0.109692,-0.041073,-0.078360
0.107984,-0.039468,-0.079013
0.108118,-0.038109,-0.079002
0.107479,-0.038819,-0.079901
0.103204,-0.038635,-0.076601
0.105092,-0.037841,-0.080297
0.102487,-0.038310,-0.079745
0.101171,-0.035711,-0.081605
0.100850,-0.036451,-0.081300
0.098095,-0.035100,-0.080215
0.096819,-0.033023,-0.081342
0.095268,-0.031622,-0.081839
0.093444,-0.030615,-0.083260
0.091037,-0.032027,-0.082917
0.089634,-0.031992,-0.081396
0.087044,-0.030502,-0.083585
0.086259,-0.029621,-0.084589
0.085986,-0.028936,-0.086189
0.082041,-0.028067,-0.087656
0.080874,-0.029123,-0.086254
0.076937,-0.029765,-0.087801
0.075132,-0.028224,-0.088032
0.074810,-0.028567,-0.088598
0.072898,-0.030451,-0.088845
0.070631,-0.029422,-0.089766
0.068219,-0.027662,-0.092936
0.065772,-0.026982,-0.094720
0.063844,-0.026894,-0.094795
0.062024,-0.027396,-0.096402
0.057209,-0.027822,-0.097084
0.056806,-0.028856,-0.100167
0.052046,-0.028814,-0.101540
0.050347,-0.031265,-0.103838
0.046872,-0.031413,-0.105615
0.042240,-0.033206,-0.108005
0.038160,-0.033552,-0.107220
0.032567,-0.036803,-0.113404
0.026610,-0.037857,-0.116195
0.020357,-0.044125,-0.126249
0.205020,-0.322071,-0.169140
0.209387,-0.316944,-0.163334
0.209691,-0.313796,-0.160074
0.209295,-0.308957,-0.157367
0.214751,-0.305046,-0.153334
0.214797,-0.300616,-0.150896
0.213245,-0.298666,-0.149393
0.215552,-0.291662,-0.147006
0.214208,-0.292341,-0.146451
0.215680,-0.288777,-0.145694
0.214915,-0.284478,-0.144781
0.216139,-0.282621,-0.140568
0.217663,-0.277392,-0.140382
0.218016,-0.277490,-0.140824
0.218562,-0.275344,-0.137167
0.220549,-0.269529,-0.138009
0.219472,-0.268388,-0.135164
0.218755,-0.264478,-0.131421
0.218168,-0.263375,-0.131831
0.220486,-0.260704,-0.130384
0.218810,-0.257793,-0.129119
0.218046,-0.256767,-0.128792
0.219400,-0.252293,-0.130173
0.219382,-0.250184,-0.126087
0.219636,-0.247951,-0.124396
0.220565,-0.244515,-0.122566
0.218383,-0.241785,-0.122058
0.219260,-0.239576,-0.121172
0.218113,-0.236809,-0.119183
0.217603,-0.236868,-0.118564
0.219018,-0.233005,-0.115965
0.218176,-0.230141,-0.115886
0.218325,-0.228001,-0.116449
0.218855,-0.224922,-0.115177
0.219133,-0.224238,-0.113736
0.216974,-0.222071,-0.112057
0.217231,-0.221496,-0.111147
0.216652,-0.218753,-0.110804
0.215723,-0.214761,-0.108725
0.217063,-0.213427,-0.108376
0.217281,-0.211676,-0.107718
0.216743,-0.210219,-0.107553
0.216450,-0.205595,-0.105994
0.216247,-0.206572,-0.104980
0.214559,-0.204086,-0.104784
0.213605,-0.200512,-0.103311
0.212953,-0.197238,-0.101295
0.214764,-0.198686,-0.102022
0.213455,-0.196958,-0.100599
0.211667,-0.193897,-0.100941
0.213022,-0.191285,-0.099911
0.212180,-0.188167,-0.099159
0.212641,-0.187908,-0.097198
0.213739,-0.184056,-0.096527
0.209979,-0.182886,-0.097075
0.210872,-0.180018,-0.095570
0.211510,-0.179874,-0.096423
0.210575,-0.178379,-0.096279
0.209472,-0.176600,-0.095417
0.207910,-0.174320,-0.093550
0.207698,-0.170431,-0.095199
0.207678,-0.170259,-0.092299
0.207801,-0.170704,-0.092118
0.206104,-0.167635,-0.091509
0.205912,-0.167222,-0.089720
0.205529,-0.163361,-0.091140
0.203358,-0.163479,-0.089469
0.204049,-0.161199,-0.089934
0.202115,-0.159770,-0.088673
0.201512,-0.156513,-0.088783
0.202444,-0.157132,-0.089975
0.200079,-0.156923,-0.089515
0.200642,-0.152222,-0.088306
0.198720,-0.152228,-0.086146
0.199619,-0.152655,-0.087328
0.196722,-0.150249,-0.087170
0.196422,-0.147676,-0.086245
0.196720,-0.145274,-0.085079
0.193207,-0.144790,-0.086275
0.195263,-0.144664,-0.085681
0.193713,-0.143444,-0.084771
0.191786,-0.138976,-0.085701
0.191929,-0.139823,-0.083061
0.191589,-0.138241,-0.085555
0.190080,-0.136280,-0.085242
0.188116,-0.132805,-0.084876
0.186628,-0.135807,-0.084439
0.187321,-0.130278,-0.085857
0.184939,-0.131898,-0.084036
0.185897,-0.130837,-0.084232
0.183222,-0.129910,-0.083891
0.182081,-0.126471,-0.082280
0.181008,-0.125942,-0.082427
0.179544,-0.126988,-0.084534
0.178513,-0.124632,-0.081492
0.179817,-0.121451,-0.084468
0.176620,-0.122617,-0.083692
0.176030,-0.121422,-0.084125
0.175289,-0.118629,-0.083634
0.173085,-0.118986,-0.082352
0.172790,-0.117305,-0.082568
0.170706,-0.116080,-0.083069
0.172544,-0.114741,-0.083619
0.169853,-0.113069,-0.083365
0.170192,-0.112887,-0.081721
0.167176,-0.110617,-0.081787
0.167367,-0.108314,-0.083073
0.168104,-0.110427,-0.081031
0.164416,-0.107588,-0.083517
0.163375,-0.104553,-0.081984
0.162056,-0.103844,-0.081053
0.162267,-0.103361,-0.082709
0.161512,-0.101722,-0.080318
0.160885,-0.100525,-0.079177
0.156645,-0.096549,-0.080050
0.158357,-0.095515,-0.079671
0.157098,-0.094658,-0.078350
0.157744,-0.093746,-0.078516
0.156794,-0.093331,-0.080158
0.154600,-0.089961,-0.079543
0.154237,-0.088854,-0.078896
0.154410,-0.087871,-0.079369
0.152674,-0.089456,-0.079658
0.152479,-0.087270,-0.079194
0.151021,-0.084885,-0.079012
0.150292,-0.084924,-0.079080
0.148697,-0.080258,-0.076618
0.147555,-0.079259,-0.076965
0.147649,-0.079837,-0.076024
0.146097,-0.077956,-0.076170
0.145140,-0.076221,-0.076487
0.142694,-0.074657,-0.077942
0.143305,-0.076435,-0.076384
0.141588,-0.072917,-0.078013
0.141329,-0.072298,-0.076634
0.141275,-0.069378,-0.077373
0.141114,-0.069669,-0.076988
0.139125,-0.068150,-0.076761
0.138964,-0.065745,-0.075683
0.136699,-0.065629,-0.075909
0.133370,-0.065318,-0.078086
0.133653,-0.062507,-0.075855
0.133403,-0.062556,-0.074512
0.131650,-0.061739,-0.076379
0.130935,-0.060318,-0.075466
0.131384,-0.058523,-0.075660
0.127167,-0.057453,-0.075658
0.126445,-0.058209,-0.075753
0.125146,-0.057092,-0.077493
0.125242,-0.051581,-0.076089
0.124524,-0.053824,-0.073696
0.123789,-0.052377,-0.075894
0.122655,-0.053151,-0.074629
0.119689,-0.048927,-0.075314
0.119956,-0.049873,-0.077010
0.117373,-0.049418,-0.076117
0.116395,-0.049146,-0.077695
0.114971,-0.046037,-0.077324
0.111559,-0.044564,-0.075756
0.112180,-0.045024,-0.078145
0.110141,-0.045591,-0.077909
0.110951,-0.042098,-0.077192
0.108625,-0.043412,-0.077606
0.106346,-0.042923,-0.079279
0.105831,-0.041153,-0.078426
0.103319,-0.039645,-0.078697
0.101257,-0.037873,-0.081463
0.100353,-0.038735,-0.079298
0.096286,-0.037180,-0.079454
0.096222,-0.036817,-0.080713
0.095740,-0.036327,-0.080746
0.093532,-0.034788,-0.082918
0.091954,-0.037186,-0.081852
0.090372,-0.035375,-0.084127
0.088978,-0.035105,-0.083832
0.088377,-0.033747,-0.084224
0.086786,-0.033972,-0.083578
0.084251,-0.031168,-0.085418
0.082242,-0.033410,-0.086534
0.081512,-0.033432,-0.088094
0.076734,-0.030478,-0.089093
0.076902,-0.030432,-0.088585
0.074287,-0.029715,-0.088997
0.072270,-0.029682,-0.089918
0.069299,-0.030085,-0.090668
0.065537,-0.029850,-0.092385
0.065770,-0.029872,-0.090541
0.063269,-0.030441,-0.092696
0.060494,-0.031454,-0.096834
0.057684,-0.030264,-0.096023
0.054711,-0.031874,-0.098106
0.050158,-0.031008,-0.100638
0.048685,-0.031835,-0.101319
0.043907,-0.034063,-0.105307
0.040945,-0.034587,-0.108391
0.037742,-0.038615,-0.109324
0.032271,-0.039077,-0.114652
0.024993,-0.040974,-0.117756
0.015561,-0.047608,-0.125039
0.204639,-0.325606,-0.167805
0.208069,-0.319034,-0.163775
0.210049,-0.314264,-0.159668
0.210009,-0.311619,-0.156976
0.212852,-0.305133,-0.153996
0.213698,-0.305464,-0.150180
0.214805,-0.299478,-0.148921
0.214486,-0.295166,-0.146787
0.214409,-0.293977,-0.144267
0.216739,-0.290721,-0.145290
0.215529,-0.284306,-0.143060
0.217283,-0.282445,-0.141364
0.218019,-0.281453,-0.138883
0.217195,-0.279220,-0.137349
0.218397,-0.276831,-0.136590
0.219248,-0.272338,-0.136497
0.218089,-0.270502,-0.132887
0.218891,-0.266483,-0.131379
0.217747,-0.263553,-0.130289
0.217467,-0.262402,-0.130275
0.218461,-0.261554,-0.128547
0.217949,-0.258550,-0.128682
0.217325,-0.255972,-0.126354
0.217678,-0.252441,-0.125709
0.218949,-0.249181,-0.122486
0.219459,-0.246967,-0.121018
0.216897,-0.245095,-0.120723
0.218513,-0.242381,-0.119498
0.219210,-0.238857,-0.118421
0.218290,-0.237490,-0.118935
0.218244,-0.233614,-0.118007
0.217697,-0.234278,-0.115628
0.219391,-0.231451,-0.114258
0.220502,-0.229542,-0.112111
0.217002,-0.227461,-0.112396
0.215633,-0.226774,-0.110644
0.216641,-0.223843,-0.110721
0.216052,-0.221126,-0.109227
0.216638,-0.216100,-0.109613
0.217158,-0.214575,-0.108341
0.214577,-0.214693,-0.108107
0.218061,-0.211371,-0.105918
0.215915,-0.210535,-0.108022
0.215521,-0.206185,-0.103757
0.212591,-0.206228,-0.100700
0.214120,-0.203689,-0.102237
0.211836,-0.201074,-0.100858
0.212664,-0.199226,-0.101012
0.212937,-0.198149,-0.100194
0.212419,-0.195238,-0.099181
0.212432,-0.193003,-0.099217
0.212797,-0.192565,-0.097585
0.212113,-0.190646,-0.096113
0.210254,-0.187902,-0.095808
0.212676,-0.185690,-0.095703
0.210939,-0.184704,-0.094833
0.210226,-0.183001,-0.095668
0.208604,-0.180214,-0.094084
0.207306,-0.178644,-0.093521
0.209240,-0.175878,-0.092858
0.207425,-0.175543,-0.091595
0.207491,-0.172820,-0.091059
0.207390,-0.170669,-0.091727
0.206186,-0.169627,-0.091409
0.205556,-0.169285,-0.089250
0.204206,-0.166561,-0.089778
0.202988,-0.166851,-0.087758
0.202972,-0.165147,-0.088836
0.201134,-0.162262,-0.088542
0.200719,-0.159532,-0.088239
0.200888,-0.159027,-0.088010
0.199160,-0.157524,-0.086901
0.199529,-0.154528,-0.085411
0.198338,-0.155371,-0.085576
0.197783,-0.152231,-0.086353
0.195380,-0.151243,-0.084941
0.195448,-0.149933,-0.084658
0.196187,-0.149114,-0.085552
0.194956,-0.147570,-0.082175
0.193638,-0.145219,-0.081385
0.192847,-0.146216,-0.085196
0.191598,-0.143242,-0.082983
0.190877,-0.141046,-0.084324
0.190944,-0.139567,-0.085526
0.187919,-0.138471,-0.082992
0.187133,-0.138116,-0.082586
0.185318,-0.138337,-0.084350
0.186866,-0.133705,-0.083920
0.182626,-0.132827,-0.084331
0.183538,-0.131969,-0.083503
0.183686,-0.131034,-0.081912
0.181238,-0.128403,-0.081959
0.180193,-0.129769,-0.082672
0.179873,-0.127153,-0.083474
0.179694,-0.125493,-0.083494
0.178104,-0.125986,-0.082695
0.175729,-0.123789,-0.083125
0.176819,-0.122984,-0.081009
0.174830,-0.120627,-0.082151
0.175488,-0.121110,-0.082192
0.169236,-0.118623,-0.083624
0.171668,-0.119300,-0.081146
0.171390,-0.117233,-0.081760
0.169674,-0.116864,-0.082992
0.168609,-0.114350,-0.082049
0.168075,-0.112212,-0.081758
0.166630,-0.111516,-0.079795
0.167071,-0.110628,-0.082534
0.164368,-0.109394,-0.079269
0.163144,-0.108210,-0.082276
0.163592,-0.105998,-0.082130
0.160874,-0.105874,-0.080921
0.157923,-0.103736,-0.080840
0.159426,-0.102410,-0.081630
0.158685,-0.101417,-0.078187
0.157587,-0.099100,-0.079771
0.157697,-0.098888,-0.079398
0.154623,-0.098216,-0.080048
0.156083,-0.096036,-0.079848
0.153338,-0.095994,-0.078253
0.154564,-0.091667,-0.077076
0.153016,-0.092261,-0.077801
0.151947,-0.091089,-0.079560
0.151125,-0.089053,-0.077923
0.150777,-0.086497,-0.076554
0.147016,-0.085751,-0.077761
0.149170,-0.085775,-0.076694
0.145977,-0.083079,-0.077468
0.147255,-0.082820,-0.077346
0.144920,-0.078878,-0.076746
0.144719,-0.080315,-0.076728
0.142279,-0.079003,-0.076897
0.142317,-0.076709,-0.076095
0.141086,-0.074894,-0.077658
0.142208,-0.072664,-0.075248
0.140214,-0.073658,-0.076181
0.137296,-0.073206,-0.075648
0.137076,-0.069052,-0.076891
0.136697,-0.066241,-0.074777
0.136229,-0.068329,-0.075679
0.135687,-0.066240,-0.075961
0.135862,-0.065722,-0.075150
0.133698,-0.063436,-0.073663
0.132964,-0.062046,-0.075912
0.130227,-0.060477,-0.075187
0.129525,-0.061453,-0.074350
0.128970,-0.059894,-0.075963
0.126783,-0.059825,-0.074810
0.125882,-0.057326,-0.074101
0.123754,-0.057753,-0.074554
0.122201,-0.057971,-0.076386
0.123695,-0.055870,-0.074827
0.121806,-0.053784,-0.075482
0.119634,-0.053881,-0.075541
0.119623,-0.052235,-0.073888
0.117252,-0.051791,-0.076902
0.116662,-0.050938,-0.077040
0.113720,-0.049437,-0.077685
0.113074,-0.048422,-0.078078
0.112202,-0.048590,-0.077121
0.108761,-0.045362,-0.076658
0.110327,-0.047090,-0.076886
0.107180,-0.045933,-0.078039
0.105441,-0.045267,-0.076792
0.103325,-0.044350,-0.080346
0.102263,-0.043970,-0.079805
0.102353,-0.043229,-0.079664
0.099578,-0.040549,-0.079722
0.099237,-0.041728,-0.079615
0.096394,-0.040929,-0.080196
0.096882,-0.039283,-0.079149
0.092916,-0.039808,-0.080129
0.091174,-0.037655,-0.082065
0.092046,-0.037159,-0.081728
0.086655,-0.037237,-0.082217
0.088504,-0.036963,-0.084559
0.084937,-0.035379,-0.084335
0.081061,-0.035010,-0.083689
0.081456,-0.035963,-0.084537
0.079640,-0.031573,-0.086750
0.078158,-0.034313,-0.086665
0.075718,-0.034891,-0.088087
0.075155,-0.035049,-0.087705
0.071237,-0.033082,-0.090959
0.068880,-0.032849,-0.089194
0.066875,-0.032278,-0.092307
0.062957,-0.032130,-0.092326
0.061274,-0.030252,-0.095616
0.061523,-0.035501,-0.095438
0.056767,-0.036201,-0.096691
0.052629,-0.034664,-0.100076
0.052309,-0.034494,-0.100550
0.047201,-0.037131,-0.103074
0.043490,-0.036017,-0.106165
0.039677,-0.039288,-0.107957
0.035939,-0.038679,-0.109415
0.031182,-0.043779,-0.112648
0.021153,-0.049304,-0.121818
0.015657,-0.050048,-0.125272
0.201863,-0.329325,-0.166686
0.205810,-0.323771,-0.162289
0.208471,-0.318502,-0.157864
0.211981,-0.312070,-0.155510
0.210795,-0.309890,-0.152649
0.212969,-0.305316,-0.151018
0.214066,-0.300918,-0.149325
0.215886,-0.297691,-0.145940
0.213946,-0.294130,-0.143019
0.215095,-0.292033,-0.142155
0.216350,-0.289971,-0.140220
0.216518,-0.284218,-0.139113
0.218403,-0.281879,-0.137400
0.219082,-0.281877,-0.136975
0.219359,-0.277633,-0.135808
0.217511,-0.276228,-0.133455
0.218171,-0.272773,-0.131987
0.217799,-0.270878,-0.132211
0.217399,-0.267421,-0.130499
0.219165,-0.266740,-0.127590
0.218762,-0.260874,-0.128211
0.217795,-0.259829,-0.127931
0.217555,-0.256302,-0.124243
0.218685,-0.255986,-0.124242
0.217151,-0.252846,-0.122591
0.217863,-0.248976,-0.121515
0.218979,-0.247653,-0.120816
0.218681,-0.245970,-0.118355
0.217868,-0.243992,-0.117390
0.218237,-0.242226,-0.117067
0.218243,-0.236760,-0.115146
0.219173,-0.233553,-0.114058
0.216680,-0.233632,-0.114020
0.218026,-0.233440,-0.110561
0.218127,-0.230650,-0.112300
0.216451,-0.226808,-0.112585
0.216233,-0.224531,-0.110460
0.216114,-0.222972,-0.108057
0.218047,-0.222253,-0.106523
0.215646,-0.217137,-0.108967
0.214708,-0.216246,-0.106358
0.215535,-0.213985,-0.106694
0.213407,-0.213978,-0.104735
0.215585,-0.211315,-0.103093
0.213385,-0.207367,-0.104029
0.213091,-0.206644,-0.101414
0.214080,-0.204031,-0.100391
0.214379,-0.201850,-0.100759
0.213728,-0.199306,-0.100957
0.213204,-0.198310,-0.099397
0.212428,-0.197608,-0.098355
0.211516,-0.195852,-0.096962
0.212390,-0.192702,-0.097356
0.211485,-0.189019,-0.095385
0.211949,-0.188565,-0.093203
0.210122,-0.187533,-0.094679
0.209498,-0.184615,-0.094879
0.209670,-0.184547,-0.093656
0.208573,-0.181638,-0.091982
0.208857,-0.180411,-0.091641
0.205475,-0.177166,-0.092345
0.206628,-0.176535,-0.088906
0.205965,-0.173370,-0.091152
0.206822,-0.171760,-0.088832
0.204236,-0.172484,-0.087988
0.204725,-0.167750,-0.089593
0.203988,-0.167065,-0.088733
0.203144,-0.166327,-0.088772
0.201748,-0.164594,-0.087343
0.199608,-0.162774,-0.085245
0.200897,-0.161514,-0.085741
0.199899,-0.160014,-0.085455
0.198894,-0.160020,-0.085784
0.196954,-0.155753,-0.085850
0.198873,-0.155340,-0.085475
0.196167,-0.153903,-0.085300
0.193881,-0.153701,-0.085053
0.196680,-0.152585,-0.083122
0.195002,-0.149234,-0.081723
0.193348,-0.148129,-0.085187
0.190554,-0.148715,-0.083602
0.190877,-0.143924,-0.084181
0.189700,-0.145263,-0.082988
0.190100,-0.143978,-0.082493
0.187692,-0.141339,-0.081977
0.185774,-0.141900,-0.081361
0.187760,-0.139329,-0.083657
0.186669,-0.137959,-0.081844
0.185693,-0.136059,-0.083165
0.181316,-0.134396,-0.082725
0.181037,-0.135147,-0.080833
0.181510,-0.133315,-0.081831
0.180023,-0.132229,-0.080137
0.180198,-0.130507,-0.081474
0.179543,-0.129347,-0.080230
0.177785,-0.127604,-0.083181
0.177751,-0.125943,-0.081058
0.173591,-0.123557,-0.081074
0.173831,-0.124024,-0.081391
0.173052,-0.122125,-0.080617
0.173195,-0.122141,-0.081639
0.173020,-0.122028,-0.081936
0.169749,-0.120162,-0.081172
0.170934,-0.118100,-0.081375
0.167909,-0.115988,-0.081538
0.167973,-0.117128,-0.082617
0.164601,-0.115760,-0.080865
0.164780,-0.113205,-0.079072
0.163890,-0.110092,-0.081806
0.162576,-0.109395,-0.080296
0.161795,-0.109114,-0.081563
0.160527,-0.109705,-0.078998
0.160594,-0.107307,-0.079833
0.160357,-0.106120,-0.077362
0.160723,-0.105014,-0.079766
0.157675,-0.102515,-0.079120
0.157321,-0.100398,-0.079434
0.154724,-0.103006,-0.079738
0.156470,-0.098751,-0.078466
0.154487,-0.097109,-0.078786
0.152374,-0.093805,-0.078027
0.153573,-0.094121,-0.078606
0.150772,-0.092042,-0.079752
0.148968,-0.091685,-0.075404
0.150466,-0.090764,-0.077238
0.148236,-0.088690,-0.077169
0.149691,-0.088153,-0.078546
0.147140,-0.086408,-0.076265
0.147665,-0.085754,-0.077262
0.146160,-0.084133,-0.074772
0.143668,-0.081866,-0.077367
0.143167,-0.081241,-0.077405
0.142415,-0.079402,-0.075854
0.141312,-0.078773,-0.073835
0.141542,-0.078723,-0.076040
0.139089,-0.075341,-0.075027
0.138025,-0.076744,-0.075645
0.136078,-0.073880,-0.073824
0.134903,-0.071113,-0.075246
0.136749,-0.070880,-0.074635
0.135401,-0.072667,-0.075630
0.134089,-0.068978,-0.072706
0.132024,-0.066605,-0.074149
0.130816,-0.067707,-0.075885
0.129929,-0.064123,-0.072929
0.126572,-0.064993,-0.075093
0.129217,-0.065222,-0.073600
0.126866,-0.062832,-0.075282
0.126486,-0.060044,-0.075656
0.124720,-0.059372,-0.075835
0.121846,-0.056877,-0.073748
0.120299,-0.057907,-0.074014
0.119980,-0.056618,-0.074205
0.118363,-0.055012,-0.075648
0.115973,-0.055367,-0.076708
0.116123,-0.053606,-0.075684
0.114853,-0.053479,-0.076838
0.114264,-0.052275,-0.076339
0.112130,-0.049559,-0.076189
0.110330,-0.052171,-0.075271
0.109917,-0.047653,-0.076378
0.109579,-0.048295,-0.077970
0.107129,-0.048340,-0.076968
0.106270,-0.049004,-0.079450
0.102939,-0.045649,-0.077992
0.100353,-0.045579,-0.080076
0.100773,-0.045066,-0.081007
0.098604,-0.045907,-0.077265
0.099199,-0.042956,-0.079089
0.096789,-0.042822,-0.081505
0.096551,-0.042784,-0.079012
0.093251,-0.041118,-0.081255
0.092118,-0.040554,-0.081025
0.088932,-0.040715,-0.082984
0.089475,-0.041226,-0.082166
0.085060,-0.036689,-0.083340
0.085942,-0.037636,-0.083476
0.083656,-0.035864,-0.084369
0.080895,-0.035985,-0.084717
0.078737,-0.037209,-0.085963
0.076804,-0.037012,-0.084913
0.074876,-0.035675,-0.087753
0.073470,-0.036041,-0.089465
0.071311,-0.036699,-0.089555
0.069400,-0.035627,-0.091326
0.066051,-0.035649,-0.091087
0.065456,-0.037035,-0.089867
0.062124,-0.036035,-0.092413
0.060322,-0.035584,-0.093662
0.057273,-0.035127,-0.096878
0.053099,-0.038290,-0.097305
0.049868,-0.037314,-0.100019
0.047032,-0.040369,-0.101366
0.043529,-0.041417,-0.103290
0.037476,-0.042209,-0.107582
0.034556,-0.043626,-0.112157
0.031401,-0.047245,-0.114791
0.020513,-0.050239,-0.118502
0.016104,-0.052580,-0.122208
0.005602,-0.061421,-0.132885
0.203232,-0.332822,-0.166505
0.207254,-0.326545,-0.162144
0.210493,-0.320275,-0.157775
0.211431,-0.315486,-0.153379
0.212841,-0.311399,-0.150878
0.215315,-0.309173,-0.148487
0.213744,-0.303964,-0.147344
0.216202,-0.300191,-0.146179
0.214565,-0.298692,-0.141773
0.217048,-0.295217,-0.142368
0.218176,-0.292521,-0.139728
0.217653,-0.289277,-0.139353
0.215173,-0.284594,-0.137531
0.216350,-0.282488,-0.136217
0.217727,-0.279161,-0.133831
0.217740,-0.278460,-0.132534
0.216837,-0.276289,-0.129856
0.218803,-0.272629,-0.128769
0.218398,-0.269394,-0.128393
0.216852,-0.268151,-0.127343
0.217689,-0.266597,-0.125192
0.218160,-0.264326,-0.126778
0.218359,-0.263083,-0.125045
0.217273,-0.256030,-0.123621
0.219119,-0.254721,-0.121400
0.216443,-0.252849,-0.119929
0.219285,-0.252103,-0.117901
0.218281,-0.247904,-0.118172
0.217876,-0.243839,-0.116034
0.216025,-0.243329,-0.113520
0.217959,-0.238970,-0.113673
0.219225,-0.238067,-0.113305
0.218165,-0.237366,-0.112546
0.217142,-0.236966,-0.112743
0.217437,-0.232165,-0.110731
0.215713,-0.230555,-0.108941
0.216894,-0.225468,-0.108719
0.216404,-0.225016,-0.109330
0.215750,-0.222481,-0.108902
0.216184,-0.221894,-0.104309
0.214850,-0.217851,-0.105302
0.214004,-0.217118,-0.102646
0.215797,-0.216175,-0.102694
0.213706,-0.213836,-0.102998
0.212785,-0.211600,-0.101120
0.212789,-0.207781,-0.100252
0.210867,-0.208618,-0.100631
0.212173,-0.202765,-0.100712
0.210545,-0.203998,-0.101130
0.213005,-0.202502,-0.097289
0.211989,-0.199929,-0.098460
0.211764,-0.197195,-0.097084
0.211608,-0.195809,-0.095438
0.211024,-0.193440,-0.094651
0.211110,-0.191078,-0.093876
0.209377,-0.190459,-0.093512
0.208452,-0.185903,-0.094265
0.210255,-0.185066,-0.091526
0.206935,-0.182652,-0.092926
0.207997,-0.181828,-0.091503
0.207903,-0.180681,-0.090533
0.205208,-0.178746,-0.092067
0.205921,-0.176600,-0.088880
0.204135,-0.176991,-0.087825
0.205914,-0.172365,-0.089476
0.203820,-0.173102,-0.088108
0.201137,-0.170887,-0.088401
0.203874,-0.167785,-0.086401
0.202253,-0.166481,-0.086054
0.202689,-0.164099,-0.085941
0.200257,-0.165176,-0.085962
0.201520,-0.162902,-0.085068
0.199866,-0.160160,-0.086206
0.197539,-0.162087,-0.084795
0.197854,-0.158319,-0.085416
0.195162,-0.156674,-0.084053
0.193978,-0.152825,-0.083565
0.194550,-0.154817,-0.084183
0.193792,-0.153382,-0.082567
0.192753,-0.151779,-0.084009
0.192956,-0.150545,-0.081361
0.191128,-0.149054,-0.083615
0.191899,-0.147670,-0.082449
0.189021,-0.146455,-0.082720
0.188467,-0.144309,-0.080522
0.187098,-0.144173,-0.084124
0.186353,-0.142333,-0.081863
0.183409,-0.140271,-0.080999
0.183694,-0.140326,-0.080627
0.184824,-0.139133,-0.082221
0.181566,-0.133329,-0.080458
0.182818,-0.135412,-0.080256
0.180197,-0.134438,-0.080844
0.177759,-0.131012,-0.081545
0.177048,-0.131871,-0.080000
0.178417,-0.132459,-0.081993
0.177636,-0.130220,-0.080314
0.177156,-0.127384,-0.080872
0.175331,-0.127755,-0.081727
0.172505,-0.126470,-0.079411
0.173850,-0.123565,-0.081802
0.169727,-0.122465,-0.078514
0.170915,-0.121518,-0.082091
0.168507,-0.121942,-0.079172
0.167792,-0.119307,-0.081509
0.165530,-0.118032,-0.081142
0.164647,-0.118307,-0.079894
0.165143,-0.116108,-0.079856
0.163476,-0.113669,-0.079863
0.161360,-0.114452,-0.077287
0.163123,-0.111795,-0.081028
0.161747,-0.109737,-0.078535
0.160364,-0.108002,-0.078846
0.158036,-0.105892,-0.079188
0.158184,-0.106556,-0.077994
0.156151,-0.104586,-0.079873
0.155701,-0.103930,-0.077963
0.154845,-0.103396,-0.077613
0.154269,-0.100571,-0.078362
0.152388,-0.099608,-0.079836
0.153676,-0.098129,-0.077644
0.151470,-0.097609,-0.077048
0.150409,-0.097533,-0.076977
0.150767,-0.094568,-0.076741
0.150005,-0.092425,-0.077066
0.148334,-0.092937,-0.075470
0.145900,-0.091041,-0.077751
0.147361,-0.091009,-0.076972
0.143867,-0.087837,-0.076321
0.143742,-0.085963,-0.076669
0.144242,-0.084502,-0.074636
0.143892,-0.083645,-0.076164
0.141516,-0.083863,-0.075437
0.141779,-0.082140,-0.075071
0.138781,-0.080354,-0.075123
0.139059,-0.077864,-0.073681
0.137677,-0.077345,-0.075580
0.136307,-0.074136,-0.073884
0.136935,-0.072872,-0.073559
0.135889,-0.074336,-0.074847
0.133029,-0.073591,-0.075073
0.131944,-0.073367,-0.074713
0.130735,-0.072091,-0.074310
0.130605,-0.069142,-0.074021
0.129064,-0.067013,-0.074063
0.127902,-0.067269,-0.073729
0.128275,-0.066110,-0.074492
0.126372,-0.064217,-0.073210
0.124308,-0.064399,-0.074342
0.125237,-0.061291,-0.074078
0.124018,-0.061777,-0.074808
0.121584,-0.061441,-0.072852
0.119700,-0.060340,-0.074876
0.118398,-0.059877,-0.073578
0.115245,-0.059268,-0.072471
0.116843,-0.057695,-0.076508
0.114762,-0.056272,-0.076270
0.112481,-0.055516,-0.076626
0.114231,-0.055066,-0.073963
0.109590,-0.054424,-0.076033
0.106819,-0.053574,-0.074905
0.107142,-0.051913,-0.077108
0.105706,-0.049519,-0.076629
0.102909,-0.049534,-0.077572
0.103510,-0.049749,-0.076219
0.100951,-0.047960,-0.079520
0.098720,-0.049377,-0.077636
0.098938,-0.044667,-0.078357
0.095937,-0.046147,-0.079546
0.094034,-0.045836,-0.078885
0.093667,-0.046072,-0.081220
0.092429,-0.044370,-0.081179
0.090487,-0.044149,-0.079880
0.088467,-0.043420,-0.080549
0.086338,-0.042874,-0.081010
0.085934,-0.040927,-0.082622
0.082620,-0.041891,-0.084157
0.081921,-0.039915,-0.084798
0.081133,-0.039561,-0.083933
0.078084,-0.040652,-0.086029
0.076061,-0.037488,-0.084791
0.073639,-0.038804,-0.084896
0.071977,-0.038253,-0.088185
0.068251,-0.038642,-0.087439
0.066699,-0.038722,-0.088323
0.066063,-0.038050,-0.090310
0.061041,-0.036838,-0.092255
0.060384,-0.039041,-0.093344
0.057500,-0.038617,-0.093475
0.054762,-0.039731,-0.097587
0.051837,-0.041318,-0.097507
0.048929,-0.038789,-0.098668
0.047153,-0.039837,-0.101512
0.041116,-0.042606,-0.101418
0.037774,-0.044148,-0.107365
0.034200,-0.048998,-0.108810
0.028081,-0.048720,-0.113720
0.021743,-0.053832,-0.117705
0.015804,-0.055678,-0.122274
0.006906,-0.062990,-0.128118
-0.008611,-0.075550,-0.145142
0.202877,-0.338447,-0.168516
0.206867,-0.326837,-0.160860
0.209502,-0.323555,-0.155565
0.210842,-0.316807,-0.153463
0.211870,-0.315374,-0.150968
0.213087,-0.311598,-0.149511
0.215163,-0.305270,-0.145770
0.215692,-0.303388,-0.143433
0.217511,-0.300557,-0.142357
0.215806,-0.296100,-0.139740
0.215367,-0.294944,-0.138010
0.217126,-0.291569,-0.137766
0.217707,-0.289729,-0.135811
0.216026,-0.285673,-0.136108
0.217388,-0.282193,-0.134349
0.216875,-0.279521,-0.131147
0.215747,-0.279206,-0.130594
0.219566,-0.275431,-0.128448
0.219033,-0.271854,-0.129138
0.219957,-0.269574,-0.125050
0.216669,-0.267903,-0.123775
0.217601,-0.264610,-0.124025
0.218725,-0.262468,-0.122832
0.218336,-0.260956,-0.121409
0.218231,-0.258098,-0.121231
0.218198,-0.255786,-0.119910
0.214981,-0.252163,-0.116777
0.218940,-0.250990,-0.117728
0.218238,-0.248685,-0.114333
0.217090,-0.246117,-0.115918
0.218770,-0.243524,-0.114360
0.215623,-0.241720,-0.113009
0.216905,-0.240046,-0.112052
0.217074,-0.236761,-0.112475
0.215877,-0.235653,-0.110260
0.216466,-0.234567,-0.109053
0.216021,-0.229242,-0.109238
0.216447,-0.227780,-0.105806
0.215444,-0.226517,-0.104973
0.215370,-0.224637,-0.104613
0.214440,-0.222953,-0.105274
0.214217,-0.219282,-0.103279
0.214177,-0.218705,-0.101243
0.213585,-0.215943,-0.102798
0.213104,-0.215682,-0.100509
0.213925,-0.210986,-0.100595
0.210500,-0.209902,-0.100843
0.211104,-0.207215,-0.098923
0.211110,-0.204643,-0.097889
0.210935,-0.203593,-0.098911
0.212955,-0.201832,-0.097613
0.210872,-0.199907,-0.094344
0.210854,-0.197285,-0.095831
0.211364,-0.195753,-0.092664
0.210319,-0.193301,-0.093115
0.207630,-0.191317,-0.092647
0.209039,-0.189668,-0.093905
0.209448,-0.189778,-0.091809
0.205079,-0.186982,-0.091455
0.205979,-0.185724,-0.089759
0.205833,-0.182916,-0.088329
0.205469,-0.181270,-0.088350
0.205966,-0.180357,-0.090281
0.206047,-0.176811,-0.091276
0.203779,-0.178052,-0.087776
0.203545,-0.174170,-0.086602
0.204539,-0.171429,-0.086400
0.201224,-0.169571,-0.088021
0.201622,-0.168743,-0.084004
0.201314,-0.168343,-0.084508
0.200496,-0.166484,-0.084060
0.200264,-0.165585,-0.085171
0.198109,-0.165574,-0.086412
0.198216,-0.161769,-0.085516
0.195911,-0.161362,-0.082571
0.195615,-0.158733,-0.084691
0.195861,-0.158727,-0.083604
0.194517,-0.155678,-0.082244
0.192414,-0.155021,-0.082543
0.192486,-0.153218,-0.084266
0.189341,-0.153007,-0.082815
0.190829,-0.149173,-0.082623
0.189897,-0.150207,-0.081935
0.187693,-0.148682,-0.080385
0.188562,-0.147286,-0.080209
0.189990,-0.144250,-0.082755
0.187219,-0.144044,-0.079870
0.184158,-0.143116,-0.080924
0.184759,-0.141246,-0.081125
0.182763,-0.140904,-0.077781
0.181784,-0.142013,-0.081434
0.180763,-0.136806,-0.079231
0.179903,-0.137425,-0.080283
0.177768,-0.134939,-0.079260
0.177474,-0.136651,-0.081060
0.177991,-0.132442,-0.080252
0.175053,-0.131107,-0.077097
0.175431,-0.130505,-0.079995
0.174503,-0.128873,-0.080191
0.171534,-0.128569,-0.079895
0.170510,-0.125729,-0.079161
0.171371,-0.126797,-0.080044
0.169354,-0.125126,-0.079939
0.167935,-0.123177,-0.079864
0.166033,-0.124368,-0.080841
0.167234,-0.120123,-0.079153
0.164162,-0.121779,-0.079063
0.163588,-0.116975,-0.080107
0.163755,-0.117910,-0.079646
0.161368,-0.115657,-0.077782
0.160097,-0.115044,-0.078315
0.159434,-0.113069,-0.080001
0.159978,-0.112844,-0.077844
0.156970,-0.111192,-0.078276
0.157657,-0.108829,-0.079156
0.158050,-0.107939,-0.077890
0.154763,-0.107407,-0.075586
0.155877,-0.104635,-0.076426
0.154408,-0.103185,-0.077829
0.152599,-0.103199,-0.076482
0.151853,-0.101248,-0.076827
0.153062,-0.101350,-0.075490
0.150292,-0.099219,-0.075043
0.148108,-0.096990,-0.076326
0.149855,-0.095940,-0.076680
0.147246,-0.094890,-0.073274
0.145690,-0.093968,-0.076696
0.144475,-0.093076,-0.074328
0.147028,-0.091201,-0.074762
0.145457,-0.089912,-0.077839
0.142312,-0.087089,-0.072202
0.141726,-0.087666,-0.075514
0.140107,-0.086251,-0.073866
0.140282,-0.083635,-0.074948
0.137242,-0.083906,-0.072817
0.137344,-0.083270,-0.071935
0.138211,-0.080760,-0.075485
0.135804,-0.079968,-0.073637
0.135082,-0.075137,-0.074313
0.131382,-0.077863,-0.074734
0.132768,-0.075935,-0.073335
0.132786,-0.076715,-0.072867
0.131768,-0.072889,-0.073615
0.130361,-0.071686,-0.074562
0.127749,-0.070024,-0.073026
0.127713,-0.069773,-0.074888
0.125923,-0.068945,-0.074941
0.126901,-0.068908,-0.072646
0.123530,-0.067204,-0.072636
0.122357,-0.066479,-0.073377
0.122044,-0.065094,-0.074507
0.120578,-0.063846,-0.073050
0.118199,-0.062771,-0.073988
0.118135,-0.061053,-0.073118
0.116139,-0.059692,-0.076173
0.117129,-0.059428,-0.075593
0.112950,-0.057814,-0.074009
0.112902,-0.056886,-0.074570
0.109704,-0.056989,-0.075219
0.109515,-0.054858,-0.076453
0.108391,-0.054608,-0.076664
0.106029,-0.054758,-0.075052
0.107820,-0.054763,-0.076875
0.103474,-0.052359,-0.075901
0.101211,-0.052663,-0.078129
0.099712,-0.051020,-0.078233
0.099377,-0.051829,-0.076971
0.097799,-0.049781,-0.078364
0.096076,-0.051241,-0.078793
0.095206,-0.047686,-0.079022
0.094324,-0.046822,-0.078664
0.092403,-0.046940,-0.079757
0.090709,-0.047794,-0.080727
0.087367,-0.046467,-0.080175
0.087426,-0.044734,-0.080908
0.084904,-0.043193,-0.082782
0.085021,-0.043733,-0.084237
0.079568,-0.043244,-0.082568
0.080603,-0.044788,-0.084055
0.076709,-0.041834,-0.083690
0.075919,-0.042404,-0.086229
0.075756,-0.041698,-0.085200
0.073740,-0.041487,-0.087079
0.067761,-0.041273,-0.088601
0.067160,-0.039724,-0.087823
0.066663,-0.042473,-0.089557
0.062656,-0.040274,-0.089975
0.059580,-0.041830,-0.094038
0.057653,-0.043086,-0.095163
0.054327,-0.044572,-0.096713
0.052100,-0.045345,-0.096580
0.046884,-0.044607,-0.097404
0.045397,-0.043460,-0.102503
0.042247,-0.047460,-0.103292
0.038035,-0.047562,-0.106588
0.031272,-0.050259,-0.108803
0.027400,-0.054380,-0.115140
0.022401,-0.055204,-0.119361
0.016399,-0.059895,-0.121019
0.007617,-0.063316,-0.130590
-0.002222,-0.070786,-0.138291
0.197332,-0.344578,-0.169696
0.205910,-0.330635,-0.160163
0.209888,-0.324885,-0.155304
0.211641,-0.321337,-0.152699
0.210572,-0.315714,-0.148593
0.212818,-0.313330,-0.146213
0.215515,-0.310270,-0.145708
0.215845,-0.307035,-0.143192
0.214702,-0.304662,-0.140771
0.216499,-0.299145,-0.140270
0.217459,-0.296170,-0.137580
0.214805,-0.293348,-0.134590
0.218638,-0.291421,-0.134281
0.218570,-0.287120,-0.133729
0.216293,-0.286944,-0.132368
0.216824,-0.281888,-0.128531
0.217226,-0.280241,-0.129674
0.216470,-0.277563,-0.127874
0.217676,-0.275913,-0.125706
0.217876,-0.274009,-0.126268
0.217435,-0.269711,-0.125382
0.218471,-0.267873,-0.124083
0.216946,-0.265386,-0.121573
0.217910,-0.262147,-0.120250
0.215992,-0.258089,-0.120109
0.217545,-0.259037,-0.117813
0.217874,-0.256224,-0.115648
0.216835,-0.253148,-0.117857
0.218579,-0.247646,-0.115929
0.217763,-0.248461,-0.115137
0.216424,-0.245346,-0.112511
0.216200,-0.244197,-0.110131
0.217790,-0.242140,-0.111832
0.217736,-0.239746,-0.107747
0.217216,-0.239645,-0.108738
0.217849,-0.234195,-0.109014
0.217268,-0.232970,-0.106128
0.216436,-0.230875,-0.107552
0.214905,-0.227244,-0.106585
0.217580,-0.226882,-0.102749
0.215724,-0.223405,-0.104390
0.214383,-0.222400,-0.101964
0.214927,-0.219694,-0.102414
0.214490,-0.218638,-0.101525
0.213531,-0.216386,-0.100661
0.212492,-0.214216,-0.100067
0.214060,-0.211893,-0.098723
0.210540,-0.211466,-0.098058
0.212717,-0.208584,-0.098164
0.211407,-0.208682,-0.097845
0.210015,-0.206195,-0.096049
0.209915,-0.203509,-0.095990
0.211234,-0.200408,-0.095031
0.210256,-0.198042,-0.094193
0.210538,-0.198052,-0.092765
0.209076,-0.196098,-0.093347
0.207595,-0.192641,-0.092332
0.206013,-0.193165,-0.091106
0.207636,-0.189809,-0.090903
0.207062,-0.186058,-0.089343
0.206678,-0.188431,-0.090496
0.206233,-0.184040,-0.090046
0.206193,-0.183077,-0.086828
0.204363,-0.181072,-0.087500
0.204791,-0.177419,-0.087861
0.203131,-0.175815,-0.086830
0.202455,-0.175376,-0.086257
0.202368,-0.171298,-0.086669
0.202127,-0.170639,-0.086563
0.201365,-0.171761,-0.084222
0.200061,-0.170143,-0.084290
0.197126,-0.167177,-0.085258
0.197369,-0.166171,-0.083930
0.198320,-0.164755,-0.082952
0.195474,-0.164374,-0.084782
0.195587,-0.163069,-0.082824
0.197516,-0.158878,-0.082914
0.192975,-0.158298,-0.083353
0.191512,-0.157197,-0.082535
0.191871,-0.156776,-0.081922
0.190915,-0.155107,-0.081429
0.189083,-0.152006,-0.081718
0.188467,-0.152089,-0.080382
0.189902,-0.151534,-0.079535
0.188360,-0.150799,-0.080896
0.188119,-0.149294,-0.080223
0.184921,-0.147025,-0.078785
0.185319,-0.146368,-0.080442
0.183821,-0.143752,-0.081460
0.181653,-0.142831,-0.080915
0.180576,-0.142466,-0.080710
0.181137,-0.140981,-0.081043
0.179706,-0.140051,-0.080468
0.176673,-0.138326,-0.080471
0.176934,-0.135438,-0.079135
0.177222,-0.135340,-0.079661
0.175692,-0.136813,-0.078534
0.175292,-0.133268,-0.077346
0.172939,-0.134476,-0.077658
0.172000,-0.130688,-0.076938
0.171383,-0.130591,-0.079211
0.170821,-0.127981,-0.077736
0.169020,-0.128336,-0.079186
0.169004,-0.126385,-0.079244
0.167017,-0.126464,-0.078465
0.165323,-0.126399,-0.078796
0.163505,-0.121766,-0.079723
0.163883,-0.123162,-0.076735
0.163838,-0.121010,-0.077531
0.162177,-0.118021,-0.078458
0.161586,-0.117336,-0.080349
0.161626,-0.115154,-0.077436
0.159356,-0.116438,-0.078230
0.156393,-0.113766,-0.077553
0.158005,-0.112795,-0.076682
0.155239,-0.111484,-0.079162
0.154562,-0.109019,-0.077957
0.154325,-0.107772,-0.076519
0.152861,-0.108279,-0.077123
0.152856,-0.106109,-0.074348
0.151342,-0.105460,-0.076125
0.150557,-0.103733,-0.077600
0.151049,-0.102262,-0.075454
0.148222,-0.099549,-0.074980
0.148455,-0.098413,-0.075204
0.147285,-0.097132,-0.074011
0.146357,-0.096445,-0.075846
0.145424,-0.095523,-0.074816
0.145827,-0.092184,-0.074308
0.142103,-0.094856,-0.073040
0.140647,-0.090985,-0.074482
0.143845,-0.089050,-0.073552
0.138629,-0.090288,-0.072593
0.141196,-0.085928,-0.073102
0.138774,-0.085494,-0.072018
0.137785,-0.085847,-0.073582
0.136283,-0.082252,-0.073518
0.135921,-0.081450,-0.073461
0.133775,-0.080916,-0.071784
0.134776,-0.079387,-0.073205
0.131519,-0.078564,-0.073963
0.132611,-0.076035,-0.072233
0.129313,-0.075458,-0.072184
0.129935,-0.075954,-0.074777
0.128123,-0.074233,-0.074066
0.125237,-0.073931,-0.072813
0.125602,-0.071514,-0.071954
0.124884,-0.069218,-0.074332
0.122209,-0.070395,-0.073882
0.121545,-0.068932,-0.072042
0.121765,-0.066517,-0.073839
0.119653,-0.065831,-0.073160
0.117502,-0.064085,-0.074067
0.116025,-0.064601,-0.074230
0.116215,-0.066433,-0.071819
0.114603,-0.061777,-0.073440
0.112158,-0.061136,-0.075883
0.111250,-0.061101,-0.073273
0.111701,-0.059605,-0.074212
0.108456,-0.058662,-0.072895
0.107111,-0.057770,-0.075392
0.107020,-0.056960,-0.075408
0.103897,-0.058188,-0.075167
0.102738,-0.056584,-0.076102
0.100465,-0.053953,-0.078049
0.099501,-0.054749,-0.079152
0.098229,-0.055183,-0.078184
0.096168,-0.053534,-0.078376
0.094398,-0.052113,-0.078707
0.095492,-0.050333,-0.077846
0.092249,-0.051925,-0.078450
0.091096,-0.049109,-0.078671
0.088766,-0.050271,-0.080394
0.088168,-0.047305,-0.080273
0.085207,-0.046150,-0.080224
0.084071,-0.048279,-0.080608
0.082641,-0.047189,-0.082974
0.080497,-0.045801,-0.081930
0.080126,-0.044775,-0.083580
0.079730,-0.044507,-0.084069
0.074814,-0.046049,-0.084923
0.074728,-0.044329,-0.086450
0.069837,-0.045107,-0.085467
0.068883,-0.044965,-0.085268
0.066661,-0.044523,-0.088139
0.065397,-0.043924,-0.089597
0.062030,-0.043585,-0.090392
0.061084,-0.044957,-0.093061
0.058049,-0.043559,-0.093447
0.055388,-0.044481,-0.094940
0.051930,-0.045281,-0.096370
0.049359,-0.048112,-0.097444
0.044719,-0.045645,-0.099896
0.040674,-0.048216,-0.102484
0.034571,-0.050274,-0.106208
0.030105,-0.052696,-0.109714
0.027400,-0.056986,-0.113386
0.020638,-0.059185,-0.117627
0.016475,-0.061644,-0.121256
0.010684,-0.064048,-0.125000
0.002260,-0.069562,-0.130687
-0.010018,-0.077465,-0.141377
0.205610,-0.334323,-0.159477
0.208363,-0.326954,-0.155911
0.210214,-0.323891,-0.151509
0.211101,-0.319842,-0.149410
0.213952,-0.316055,-0.145117
0.213803,-0.312019,-0.143502
0.217142,-0.309086,-0.141844
0.216852,-0.305255,-0.140374
0.215209,-0.302201,-0.139700
0.216475,-0.300931,-0.136912
0.215346,-0.298581,-0.134224
0.217836,-0.293648,-0.133048
0.218170,-0.290455,-0.131191
0.217425,-0.287427,-0.131184
0.218196,-0.285416,-0.128618
0.218076,-0.279964,-0.128519
0.215852,-0.280282,-0.126352
0.218509,-0.278822,-0.123258
0.217808,-0.276200,-0.124963
0.217271,-0.270342,-0.123971
0.216839,-0.268679,-0.123413
0.218763,-0.267162,-0.120829
0.216468,-0.266733,-0.119316
0.217872,-0.262520,-0.119118
0.217352,-0.260712,-0.116815
0.217678,-0.256417,-0.116377
0.217026,-0.253571,-0.115698
0.216769,-0.253886,-0.113015
0.216974,-0.250697,-0.112036
0.216313,-0.249005,-0.113260
0.215850,-0.247028,-0.111506
0.216744,-0.246983,-0.111146
0.215841,-0.241378,-0.108451
0.215904,-0.240834,-0.109440
0.214946,-0.237280,-0.106615
0.214878,-0.236098,-0.107212
0.216769,-0.234332,-0.106463
0.214436,-0.231819,-0.104348
0.213881,-0.228875,-0.104707
0.213795,-0.228483,-0.102888
0.214909,-0.224955,-0.104414
0.213532,-0.223839,-0.100876
0.213661,-0.219268,-0.101087
0.212367,-0.219050,-0.099823
0.211669,-0.215310,-0.098147
0.211858,-0.213791,-0.097355
0.209653,-0.215409,-0.097055
0.211482,-0.212877,-0.096660
0.212001,-0.209979,-0.095513
0.209796,-0.207747,-0.093593
0.208602,-0.205271,-0.092932
0.210509,-0.203122,-0.092251
0.209542,-0.200880,-0.093623
0.210946,-0.199556,-0.092114
0.208189,-0.197114,-0.092117
0.208306,-0.195080,-0.090288
0.207683,-0.194655,-0.090354
0.206687,-0.193466,-0.090114
0.204770,-0.191914,-0.088388
0.205595,-0.188720,-0.088783
0.203879,-0.186468,-0.088063
0.202797,-0.186182,-0.087310
0.204788,-0.182804,-0.084793
0.204732,-0.182175,-0.086616
0.203378,-0.182285,-0.085625
0.201800,-0.177723,-0.085523
0.200300,-0.176871,-0.083333
0.202866,-0.173796,-0.084777
0.201221,-0.173110,-0.084070
0.200390,-0.171144,-0.082658
0.200187,-0.171420,-0.082897
0.197501,-0.169921,-0.083198
0.196864,-0.168290,-0.082384
0.195109,-0.166353,-0.080819
0.193431,-0.165005,-0.081957
0.193316,-0.164052,-0.083153
0.193704,-0.162893,-0.083098
0.192887,-0.160879,-0.081881
0.193247,-0.158974,-0.080726
0.190457,-0.158346,-0.081371
0.189318,-0.155607,-0.077942
0.189059,-0.155284,-0.077917
0.189715,-0.154386,-0.079528
0.184740,-0.153443,-0.081824
0.185562,-0.151472,-0.078465
0.183942,-0.149904,-0.080269
0.183398,-0.150324,-0.080144
0.180691,-0.147565,-0.079893
0.181645,-0.146977,-0.080990
0.180771,-0.144432,-0.079098
0.181609,-0.142938,-0.080094
0.179797,-0.142272,-0.080633
0.176389,-0.140505,-0.079700
0.179142,-0.141315,-0.078997
0.176339,-0.137051,-0.080229
0.173386,-0.138191,-0.078087
0.175396,-0.136305,-0.079525
0.172976,-0.135269,-0.075904
0.172736,-0.134315,-0.078962
0.169983,-0.134032,-0.077375
0.169593,-0.131842,-0.079070
0.170185,-0.129349,-0.077898
0.167834,-0.129705,-0.078322
0.166292,-0.128873,-0.078296
0.165204,-0.125243,-0.078782
0.165179,-0.125730,-0.078239
0.164440,-0.124081,-0.077885
0.164032,-0.123433,-0.078516
0.161491,-0.122872,-0.076680
0.160189,-0.120768,-0.075869
0.160651,-0.118628,-0.076071
0.158552,-0.115954,-0.076314
0.157485,-0.116386,-0.076412
0.154610,-0.115228,-0.077355
0.155231,-0.113493,-0.075322
0.154887,-0.112736,-0.075883
0.151751,-0.112140,-0.076524
0.152618,-0.110270,-0.077353
0.153336,-0.107848,-0.075453
0.150599,-0.107150,-0.075141
0.150873,-0.105651,-0.077910
0.150761,-0.105721,-0.076330
0.147170,-0.102587,-0.073529
0.147997,-0.101910,-0.076051
0.147191,-0.101691,-0.074414
0.146336,-0.096592,-0.074277
0.145356,-0.098696,-0.073698
0.142600,-0.096370,-0.073756
0.141907,-0.095433,-0.072586
0.141955,-0.094437,-0.071516
0.140283,-0.093885,-0.074585
0.140335,-0.090501,-0.071141
0.138675,-0.089797,-0.074542
0.136938,-0.089850,-0.074162
0.138193,-0.087843,-0.071104
0.136702,-0.084612,-0.072793
0.135083,-0.084070,-0.070962
0.134517,-0.083804,-0.072286
0.133407,-0.081396,-0.072608
0.135583,-0.082744,-0.072340
0.130823,-0.078095,-0.070903
0.128498,-0.078623,-0.072311
0.128979,-0.078299,-0.072533
0.129039,-0.076881,-0.071345
0.126890,-0.076235,-0.073059
0.125379,-0.072528,-0.071290
0.124861,-0.071821,-0.072081
0.124418,-0.071810,-0.072917
0.123015,-0.071168,-0.072192
0.119891,-0.070110,-0.070573
0.119858,-0.069321,-0.070956
0.116832,-0.067267,-0.073219
0.115183,-0.069253,-0.072405
0.114749,-0.063937,-0.075295
0.112864,-0.065948,-0.073425
0.111248,-0.064567,-0.073273
0.111510,-0.064408,-0.072138
0.109153,-0.062639,-0.074809
0.107872,-0.060488,-0.074806
0.107087,-0.060213,-0.075627
0.106717,-0.060533,-0.075393
0.102957,-0.060552,-0.073576
0.102853,-0.059741,-0.074954
0.100537,-0.059322,-0.074001
0.097832,-0.058238,-0.077802
0.097020,-0.056859,-0.077826
0.095496,-0.057269,-0.077665
0.093317,-0.054772,-0.078863
0.094999,-0.056025,-0.077852
0.090712,-0.053727,-0.078810
0.088486,-0.051166,-0.078829
0.088103,-0.052091,-0.079692
0.088071,-0.052553,-0.078526
0.085425,-0.051525,-0.079101
0.084111,-0.052221,-0.081990
0.082233,-0.048903,-0.082029
0.079910,-0.051019,-0.082329
0.079031,-0.050186,-0.079952
0.076450,-0.049253,-0.084898
0.073956,-0.047011,-0.084372
0.072407,-0.046779,-0.085475
0.070415,-0.046541,-0.085749
0.070212,-0.047221,-0.087269
0.065855,-0.047048,-0.086792
0.064459,-0.047574,-0.088844
0.062292,-0.045767,-0.090741
0.060409,-0.045977,-0.090618
0.055146,-0.046196,-0.092125
0.053320,-0.048589,-0.095252
0.048853,-0.048272,-0.096946
0.046750,-0.047363,-0.098671
0.043871,-0.049257,-0.099166
0.040112,-0.053680,-0.102979
0.035634,-0.055661,-0.106219
0.031130,-0.056646,-0.108638
0.025162,-0.060107,-0.113251
0.020892,-0.061566,-0.117277
0.013382,-0.063660,-0.120574
0.012187,-0.065897,-0.123657
0.006047,-0.069450,-0.128219
-0.006070,-0.078604,-0.136368
0.203050,-0.336527,-0.158536
0.208288,-0.334470,-0.154987
0.210045,-0.326358,-0.151943
0.211212,-0.322646,-0.146215
0.214517,-0.317557,-0.144245
0.213727,-0.313846,-0.144571
0.212764,-0.312293,-0.141132
0.215504,-0.306900,-0.139707
0.216410,-0.304712,-0.136133
0.216496,-0.302116,-0.135068
0.215321,-0.297113,-0.133560
0.216409,-0.296927,-0.133177
0.216865,-0.292494,-0.130000
0.216459,-0.289669,-0.128225
0.217017,-0.288655,-0.128051
0.219349,-0.284030,-0.126736
0.217817,-0.282543,-0.125258
0.217862,-0.280456,-0.123966
0.219197,-0.278331,-0.124621
0.219959,-0.273977,-0.122484
0.216581,-0.271310,-0.119700
0.216481,-0.269645,-0.118893
0.217754,-0.265905,-0.118639
0.217605,-0.265945,-0.116204
0.217911,-0.262549,-0.117940
0.215536,-0.261677,-0.114918
0.217446,-0.257705,-0.112910
0.219530,-0.256007,-0.114531
0.216835,-0.254465,-0.111473
0.217375,-0.249831,-0.111250
0.218546,-0.250558,-0.110649
0.216206,-0.246460,-0.108938
0.217494,-0.244700,-0.108743
0.216724,-0.242655,-0.107931
0.215819,-0.240876,-0.105925
0.214654,-0.237093,-0.105789
0.216386,-0.236592,-0.103545
0.215118,-0.233218,-0.104706
0.215117,-0.230869,-0.101461
0.215893,-0.229216,-0.103012
0.212926,-0.227779,-0.101365
0.215129,-0.225471,-0.098204
0.211435,-0.224950,-0.099853
0.212693,-0.222381,-0.098984
0.213218,-0.220912,-0.097168
0.211717,-0.217837,-0.100151
0.212534,-0.215737,-0.096294
0.211133,-0.214999,-0.095330
0.211563,-0.211966,-0.094831
0.210679,-0.208638,-0.094898
0.208531,-0.208437,-0.094770
0.210570,-0.206153,-0.093239
0.208372,-0.204209,-0.090679
0.209400,-0.202583,-0.090620
0.207146,-0.201900,-0.091878
0.207686,-0.200452,-0.088947
0.205917,-0.196864,-0.088823
0.206384,-0.195192,-0.088703
0.207246,-0.195203,-0.089674
0.207568,-0.192677,-0.087623
0.206934,-0.189933,-0.087956
0.203378,-0.187242,-0.086387
0.202583,-0.186146,-0.085569
0.204266,-0.185240,-0.087108
0.204096,-0.183075,-0.084706
0.204426,-0.179057,-0.084061
0.201987,-0.180825,-0.083941
0.200367,-0.176181,-0.082244
0.201438,-0.174462,-0.083243
0.199151,-0.174947,-0.081256
0.198763,-0.173955,-0.080721
0.197541,-0.174286,-0.083372
0.196714,-0.169867,-0.082280
0.196736,-0.168686,-0.082891
0.192511,-0.169846,-0.079842
0.194148,-0.165157,-0.080163
0.192731,-0.163601,-0.081232
0.191315,-0.162786,-0.080311
0.191466,-0.162019,-0.080026
0.190216,-0.160442,-0.079635
0.189006,-0.158404,-0.078995
0.188451,-0.158960,-0.080095
0.188258,-0.158345,-0.079807
0.186534,-0.156230,-0.078029
0.186019,-0.154379,-0.078702
0.184583,-0.151349,-0.079968
0.182438,-0.151183,-0.077348
0.181817,-0.149125,-0.077543
0.181312,-0.149796,-0.078528
0.183364,-0.149874,-0.080651
0.179868,-0.147703,-0.076101
0.179038,-0.144265,-0.078884
0.178369,-0.142863,-0.078283
0.178765,-0.141814,-0.078805
0.177756,-0.143331,-0.077139
0.173070,-0.137581,-0.077128
0.173742,-0.139717,-0.079270
0.173279,-0.136131,-0.078376
0.171404,-0.136859,-0.077137
0.171549,-0.136319,-0.077575
0.170270,-0.136210,-0.079001
0.167965,-0.132108,-0.077469
0.168009,-0.131891,-0.079631
0.165155,-0.129897,-0.079490
0.164657,-0.131474,-0.077120
0.161788,-0.128645,-0.076229
0.162830,-0.125638,-0.077148
0.162016,-0.125132,-0.076475
0.163803,-0.125480,-0.076586
0.159009,-0.121629,-0.077348
0.159441,-0.122222,-0.076977
0.158883,-0.120002,-0.077007
0.156006,-0.119867,-0.077274
0.156188,-0.117362,-0.075197
0.154649,-0.117000,-0.078077
0.154366,-0.113027,-0.077053
0.151866,-0.115131,-0.077195
0.152804,-0.112750,-0.075766
0.152012,-0.111097,-0.075788
0.150251,-0.110067,-0.076082
0.151903,-0.109071,-0.073330
0.146298,-0.109236,-0.073801
0.149112,-0.104594,-0.074884
0.147012,-0.105111,-0.071915
0.147770,-0.103472,-0.074453
0.144087,-0.100856,-0.074246
0.142158,-0.101109,-0.073222
0.143627,-0.100076,-0.073301
0.142831,-0.097087,-0.071870
0.140108,-0.097076,-0.073054
0.141660,-0.094897,-0.073170
0.138865,-0.093522,-0.072492
0.139634,-0.094210,-0.073846
0.136476,-0.091083,-0.070205
0.138686,-0.089700,-0.072845
0.135894,-0.089332,-0.071557
0.133064,-0.086266,-0.070384
0.133155,-0.087371,-0.071062
0.131554,-0.086026,-0.072850
0.132442,-0.084160,-0.071421
0.132073,-0.082707,-0.070740
0.130073,-0.082543,-0.071417
0.127988,-0.078416,-0.071686
0.126116,-0.080274,-0.070857
0.126218,-0.079032,-0.071883
0.124274,-0.076823,-0.072684
0.124329,-0.077933,-0.070525
0.122351,-0.075528,-0.071312
0.121465,-0.073841,-0.070605
0.120358,-0.073530,-0.072125
0.118701,-0.070451,-0.070689
0.117704,-0.070844,-0.070633
0.115626,-0.071660,-0.072447
0.114713,-0.069209,-0.073279
0.113824,-0.067743,-0.072939
0.112542,-0.068972,-0.073110
0.109357,-0.066000,-0.074333
0.109903,-0.066352,-0.076079
0.107664,-0.066141,-0.074103
0.105051,-0.063774,-0.073642
0.103750,-0.062538,-0.074483
0.104076,-0.062643,-0.074119
0.101975,-0.061916,-0.075967
0.099486,-0.061355,-0.078703
0.096387,-0.058764,-0.074782
0.096697,-0.058495,-0.075506
0.095548,-0.058426,-0.077955
0.095140,-0.058055,-0.077120
0.092437,-0.057744,-0.077608
0.090372,-0.057189,-0.077386
0.089684,-0.056265,-0.077487
0.088544,-0.055140,-0.077553
0.086719,-0.054479,-0.078177
0.084705,-0.052031,-0.078669
0.084387,-0.052645,-0.078915
0.081744,-0.053516,-0.079718
0.079534,-0.053366,-0.080822
0.076786,-0.051418,-0.081028
0.076745,-0.051738,-0.082908
0.074156,-0.051726,-0.082568
0.072655,-0.049470,-0.083301
0.071877,-0.049206,-0.081554
0.067852,-0.047039,-0.086142
0.066171,-0.050514,-0.085870
0.062487,-0.049543,-0.086901
0.061071,-0.049714,-0.087981
0.060077,-0.049021,-0.089021
0.056953,-0.050797,-0.090086
0.052180,-0.050361,-0.093802
0.051388,-0.052135,-0.094808
0.046764,-0.052097,-0.098166
0.042303,-0.054112,-0.100913
0.037819,-0.052868,-0.102237
0.038225,-0.056125,-0.104671
0.031112,-0.061191,-0.108398
0.024019,-0.063222,-0.112143
0.019588,-0.063157,-0.116155
0.015268,-0.066193,-0.118977
0.011747,-0.068161,-0.121678
0.006270,-0.070648,-0.125153
-0.001403,-0.074327,-0.132198
-0.010683,-0.081054,-0.137498
0.204138,-0.341118,-0.158055
0.208927,-0.334867,-0.153762
0.209839,-0.329926,-0.150288
0.212141,-0.323627,-0.147084
0.213468,-0.319879,-0.142718
0.213374,-0.317173,-0.141446
0.213859,-0.314288,-0.140733
0.213978,-0.310661,-0.137183
0.217455,-0.307339,-0.135729
0.217109,-0.304211,-0.132919
0.216249,-0.302480,-0.131501
0.216430,-0.299227,-0.132166
0.216960,-0.295478,-0.129987
0.216707,-0.294871,-0.128200
0.217687,-0.290824,-0.128744
0.217910,-0.286419,-0.125138
0.217867,-0.285200,-0.124376
0.217465,-0.281590,-0.123401
0.219208,-0.279500,-0.122991
0.219205,-0.278256,-0.121123
0.217414,-0.276142,-0.121886
0.216767,-0.273082,-0.120576
0.217998,-0.271244,-0.117681
0.217187,-0.268872,-0.118318
0.215770,-0.266522,-0.116155
0.217319,-0.264015,-0.113382
0.217781,-0.261287,-0.112496
0.219537,-0.257205,-0.112107
0.215026,-0.256061,-0.110631
0.216302,-0.254951,-0.109324
0.216440,-0.252211,-0.110347
0.216019,-0.249067,-0.107463
0.213499,-0.247534,-0.106070
0.216164,-0.245972,-0.107068
0.216943,-0.242546,-0.105266
0.215699,-0.240078,-0.104578
0.214718,-0.238812,-0.103369
0.213288,-0.234504,-0.101857
0.213571,-0.234581,-0.102769
0.214360,-0.232056,-0.100650
0.213422,-0.230483,-0.100264
0.214596,-0.227201,-0.098171
0.212138,-0.226280,-0.099731
0.212158,-0.224994,-0.097208
0.213129,-0.221239,-0.097382
0.211689,-0.220702,-0.096195
0.211091,-0.217507,-0.096832
0.210380,-0.218139,-0.095866
0.210269,-0.214649,-0.093948
0.209763,-0.211768,-0.093064
0.209614,-0.208507,-0.092450
0.208773,-0.209532,-0.091970
0.210414,-0.209162,-0.088985
0.210576,-0.205576,-0.092846
0.207804,-0.203800,-0.090455
0.205396,-0.201579,-0.089597
0.205759,-0.201811,-0.088302
0.205974,-0.198022,-0.087076
0.207149,-0.196968,-0.087677
0.204591,-0.194548,-0.088375
0.203390,-0.192417,-0.086631
0.204542,-0.189980,-0.086874
0.203893,-0.188420,-0.086103
0.203093,-0.187750,-0.086072
0.202801,-0.185716,-0.084095
0.202954,-0.183147,-0.084450
0.200752,-0.181214,-0.082602
0.200747,-0.179578,-0.083241
0.198088,-0.178578,-0.083715
0.199799,-0.177014,-0.082878
0.199118,-0.177746,-0.078813
0.196058,-0.173252,-0.079793
0.195807,-0.170141,-0.082197
0.195747,-0.172093,-0.081362
0.194779,-0.170070,-0.080203
0.193521,-0.168317,-0.082364
0.194383,-0.167385,-0.080716
0.190194,-0.166133,-0.078456
0.191644,-0.163999,-0.080133
0.191806,-0.161661,-0.078997
0.189009,-0.161833,-0.079579
0.189230,-0.160019,-0.078579
0.188341,-0.158206,-0.078722
0.185681,-0.156414,-0.078914
0.185221,-0.155553,-0.078092
0.184057,-0.152886,-0.078978
0.183135,-0.154403,-0.078443
0.183911,-0.151665,-0.078461
0.180297,-0.151099,-0.078288
0.182764,-0.149998,-0.079791
0.178130,-0.150530,-0.077428
0.178759,-0.146700,-0.077604
0.176386,-0.148436,-0.077630
0.177984,-0.145323,-0.075675
0.175660,-0.143328,-0.076253
0.174995,-0.145345,-0.077682
0.173079,-0.142758,-0.077111
0.172815,-0.140794,-0.075613
0.173310,-0.139710,-0.076346
0.172789,-0.139343,-0.077661
0.168600,-0.138253,-0.076423
0.168696,-0.135894,-0.077793
0.165805,-0.133002,-0.076689
0.166226,-0.132887,-0.076909
0.166324,-0.132301,-0.076524
0.161868,-0.130610,-0.076100
0.162822,-0.130203,-0.075759
0.162071,-0.129265,-0.077746
0.159990,-0.127705,-0.076800
0.159382,-0.125510,-0.076831
0.158974,-0.125199,-0.075774
0.158083,-0.123826,-0.075034
0.155944,-0.120682,-0.075779
0.155761,-0.119567,-0.075066
0.154085,-0.119980,-0.075471
0.152390,-0.119188,-0.074741
0.152412,-0.118625,-0.073589
0.150942,-0.114876,-0.074228
0.149830,-0.115082,-0.074980
0.151161,-0.113554,-0.075197
0.147552,-0.111154,-0.071397
0.148919,-0.109572,-0.073516
0.147116,-0.108460,-0.074709
0.145882,-0.105901,-0.072200
0.144583,-0.105942,-0.073826
0.144427,-0.104459,-0.072853
0.143596,-0.102574,-0.073194
0.144063,-0.101518,-0.074024
0.143846,-0.099514,-0.074466
0.141505,-0.099077,-0.072020
0.140692,-0.098242,-0.071574
0.139888,-0.095179,-0.073599
0.138429,-0.095982,-0.071404
0.137079,-0.093644,-0.071777
0.136046,-0.094528,-0.071618
0.135931,-0.092341,-0.070422
0.133625,-0.090991,-0.070579
0.132781,-0.091440,-0.071138
0.132258,-0.086679,-0.070631
0.131800,-0.088058,-0.069709
0.129198,-0.087282,-0.071161
0.130970,-0.084895,-0.071767
0.127817,-0.083953,-0.070125
0.125509,-0.081254,-0.071818
0.124593,-0.080339,-0.069322
0.124474,-0.079955,-0.071772
0.123122,-0.078744,-0.070911
0.121789,-0.076962,-0.071847
0.122306,-0.076805,-0.071072
0.119515,-0.076674,-0.070250
0.119095,-0.074522,-0.070604
0.116698,-0.072358,-0.073592
0.115279,-0.073274,-0.072022
0.114599,-0.071168,-0.071044
0.112175,-0.071119,-0.071889
0.110666,-0.069239,-0.072863
0.110355,-0.070838,-0.073993
0.110166,-0.069910,-0.072560
0.107510,-0.069057,-0.071515
0.105650,-0.066454,-0.070567
0.104544,-0.066347,-0.073944
0.102916,-0.065401,-0.074736
0.101469,-0.064098,-0.075253
0.098479,-0.064978,-0.074962
0.096901,-0.063771,-0.074714
0.096114,-0.061486,-0.074696
0.093607,-0.062361,-0.076233
0.093856,-0.060393,-0.076362
0.094457,-0.059301,-0.075393
0.089910,-0.058758,-0.078834
0.089517,-0.059729,-0.077216
0.084969,-0.056913,-0.076983
0.085155,-0.057547,-0.078178
0.083491,-0.056386,-0.078528
0.082842,-0.055480,-0.078952
0.080500,-0.055307,-0.080102
0.079904,-0.056416,-0.081374
0.076532,-0.054228,-0.081514
0.074386,-0.052443,-0.080845
0.072834,-0.054074,-0.081697
0.073368,-0.051040,-0.083757
0.070808,-0.053051,-0.085024
0.066795,-0.052941,-0.085967
0.065506,-0.051285,-0.085630
0.061944,-0.053793,-0.086986
0.060368,-0.050997,-0.087446
0.059675,-0.052420,-0.089306
0.055308,-0.053815,-0.091009
0.052111,-0.053522,-0.092465
0.047736,-0.054790,-0.093625
0.046113,-0.055037,-0.096055
0.042459,-0.057262,-0.097433
0.038121,-0.058196,-0.102491
0.033841,-0.060670,-0.104822
0.031481,-0.062555,-0.106785
0.025018,-0.065098,-0.113150
0.020871,-0.066502,-0.116173
0.015036,-0.070139,-0.117196
0.010722,-0.071311,-0.120781
0.006332,-0.073669,-0.122386
0.000819,-0.076041,-0.129503
-0.006669,-0.078936,-0.136518
-0.013926,-0.086531,-0.141265
0.203761,-0.343081,-0.158396
0.206078,-0.339196,-0.154571
0.208939,-0.332203,-0.149028
0.213499,-0.328197,-0.146524
0.211728,-0.325140,-0.143514
0.214899,-0.320738,-0.140588
0.214451,-0.317377,-0.138833
0.215087,-0.312754,-0.136270
0.216124,-0.309522,-0.135025
0.216348,-0.306387,-0.133642
0.217685,-0.303471,-0.130597
0.217117,-0.300590,-0.129907
0.217361,-0.296787,-0.127990
0.216536,-0.296391,-0.130188
0.217431,-0.292712,-0.125929
0.218962,-0.290532,-0.125220
0.217003,-0.288827,-0.124920
0.217179,-0.284239,-0.123699
0.218939,-0.283545,-0.121256
0.215995,-0.281311,-0.118075
0.217297,-0.278323,-0.120334
0.215525,-0.272566,-0.117498
0.216855,-0.273000,-0.117245
0.216472,-0.271390,-0.118001
0.217927,-0.267148,-0.114076
0.219152,-0.264792,-0.115620
0.217644,-0.263039,-0.113170
0.218277,-0.261547,-0.112720
0.216826,-0.258412,-0.111394
0.216285,-0.255762,-0.109695
0.216413,-0.256152,-0.108629
0.216495,-0.251876,-0.107060
0.216978,-0.251152,-0.108100
0.213447,-0.248919,-0.105415
0.213826,-0.246403,-0.105209
0.213590,-0.244087,-0.104646
0.214803,-0.241140,-0.102133
0.213913,-0.238865,-0.102343
0.213624,-0.235664,-0.100960
0.212780,-0.235659,-0.100429
0.215771,-0.232726,-0.101424
0.213253,-0.230749,-0.099872
0.213524,-0.228266,-0.098092
0.213148,-0.227283,-0.097706
0.211101,-0.224324,-0.097239
0.211321,-0.223100,-0.096543
0.210855,-0.221280,-0.094882
0.212412,-0.218413,-0.094385
0.209907,-0.215905,-0.094691
0.209487,-0.214353,-0.093833
0.208389,-0.212366,-0.091571
0.209181,-0.211904,-0.092320
0.209461,-0.208695,-0.092605
0.207481,-0.206981,-0.089894
0.207803,-0.206570,-0.089199
0.207114,-0.204444,-0.089281
0.206560,-0.203206,-0.086480
0.205121,-0.201284,-0.089410
0.205749,-0.199366,-0.088735
0.204298,-0.197056,-0.084179
0.205610,-0.195328,-0.087547
0.205085,-0.194118,-0.085950
0.201659,-0.192447,-0.084164
0.202464,-0.189351,-0.084046
0.200609,-0.186163,-0.083089
0.200980,-0.187048,-0.081958
0.200545,-0.183452,-0.079791
0.201396,-0.180773,-0.080275
0.200034,-0.180814,-0.082611
0.198479,-0.179447,-0.081955
0.198393,-0.178442,-0.081322
0.196671,-0.175900,-0.079772
0.196005,-0.178467,-0.081007
0.194034,-0.175669,-0.080924
0.192560,-0.172860,-0.080284
0.194379,-0.169600,-0.079056
0.191127,-0.170100,-0.079155
0.192793,-0.169891,-0.079606
0.192001,-0.167333,-0.080162
0.189680,-0.166152,-0.079147
0.186611,-0.164831,-0.077304
0.189986,-0.162126,-0.077393
0.188505,-0.161361,-0.078108
0.184677,-0.160217,-0.078451
0.184333,-0.159822,-0.076559
0.185957,-0.157404,-0.077368
0.184799,-0.156561,-0.077667
0.180250,-0.155954,-0.076321
0.180788,-0.152351,-0.078736
0.180459,-0.153855,-0.078317
0.180198,-0.152610,-0.078065
0.179571,-0.149877,-0.077422
0.176776,-0.149560,-0.078697
0.176869,-0.149062,-0.075611
0.175279,-0.147305,-0.079131
0.172209,-0.144508,-0.074096
0.170438,-0.144542,-0.076637
0.170162,-0.144372,-0.075431
0.171993,-0.142768,-0.075805
0.170068,-0.140151,-0.075064
0.169073,-0.140571,-0.076685
0.166765,-0.137996,-0.075216
0.165537,-0.139816,-0.075800
0.163285,-0.136883,-0.077344
0.164136,-0.133283,-0.075152
0.163520,-0.132819,-0.076849
0.161024,-0.130516,-0.074658
0.163127,-0.130860,-0.075672
0.159604,-0.129423,-0.075996
0.159130,-0.128538,-0.074103
0.158330,-0.127119,-0.074971
0.156081,-0.125751,-0.075445
0.155768,-0.125033,-0.074674
0.154718,-0.122903,-0.074598
0.154320,-0.120588,-0.074760
0.153019,-0.121249,-0.074781
0.151944,-0.119426,-0.073462
0.148291,-0.117997,-0.074767
0.150965,-0.117019,-0.074712
0.150532,-0.116022,-0.071724
0.150434,-0.114457,-0.073454
0.148631,-0.113191,-0.073756
0.146694,-0.112906,-0.072707
0.146415,-0.110895,-0.070726
0.144987,-0.109451,-0.072050
0.144676,-0.107553,-0.070791
0.142343,-0.105999,-0.069697
0.143918,-0.103584,-0.070886
0.142317,-0.104322,-0.070391
0.140714,-0.101685,-0.070596
0.140464,-0.102142,-0.070901
0.138937,-0.099676,-0.071754
0.137832,-0.097494,-0.070198
0.137439,-0.098319,-0.071062
0.135582,-0.096328,-0.071159
0.133962,-0.094734,-0.070768
0.132405,-0.092291,-0.070310
0.133087,-0.093335,-0.069358
0.130618,-0.091311,-0.069262
0.130188,-0.089466,-0.071126
0.128023,-0.088396,-0.072190
0.127318,-0.088545,-0.072206
0.127385,-0.086266,-0.071054
0.126359,-0.085342,-0.070196
0.124492,-0.082764,-0.069713
0.124377,-0.083387,-0.070266
0.122505,-0.082114,-0.068813
0.121701,-0.082355,-0.069145
0.120640,-0.079659,-0.068902
0.118843,-0.079684,-0.069443
0.119436,-0.078070,-0.072381
0.115709,-0.074852,-0.070530
0.115183,-0.075509,-0.071053
0.112774,-0.075015,-0.070551
0.113047,-0.075925,-0.069870
0.109685,-0.072319,-0.073081
0.110891,-0.071837,-0.073205
0.107856,-0.070626,-0.072579
0.107407,-0.069702,-0.072400
0.105783,-0.070036,-0.071768
0.103523,-0.070072,-0.072190
0.101347,-0.069016,-0.073726
0.100285,-0.066452,-0.074758
0.098225,-0.066600,-0.076439
0.099593,-0.065005,-0.073856
0.094855,-0.067456,-0.075001
0.094357,-0.065046,-0.077167
0.091715,-0.063329,-0.077158
0.091641,-0.063830,-0.075692
0.088661,-0.062104,-0.076770
0.088087,-0.062367,-0.076998
0.087363,-0.062205,-0.077897
0.083493,-0.060984,-0.077972
0.082263,-0.058629,-0.077603
0.082301,-0.058415,-0.077589
0.079613,-0.058162,-0.079632
0.079405,-0.057608,-0.078698
0.076412,-0.057565,-0.080697
0.076373,-0.055343,-0.082850
0.072893,-0.057419,-0.083067
0.072797,-0.056018,-0.082975
0.070222,-0.054204,-0.084013
0.065882,-0.055545,-0.082779
0.065658,-0.055452,-0.087059
0.062150,-0.056042,-0.087629
0.061012,-0.054727,-0.088053
0.056765,-0.056123,-0.089294
0.054840,-0.058716,-0.090485
0.051201,-0.058024,-0.091449
0.050875,-0.056396,-0.093534
0.046181,-0.055925,-0.095199
0.042457,-0.059726,-0.098669
0.037686,-0.059610,-0.099158
0.034990,-0.062012,-0.105097
0.030477,-0.064874,-0.107993
0.023828,-0.066941,-0.111050
0.017562,-0.067782,-0.115229
0.016232,-0.068524,-0.116449
0.011533,-0.070680,-0.119480
0.007281,-0.075433,-0.122484
0.002666,-0.078993,-0.128613
-0.003731,-0.080975,-0.128783
-0.011220,-0.084514,-0.136763
0.198548,-0.350549,-0.161276
0.204806,-0.340625,-0.155380
0.208218,-0.336270,-0.149130
0.211243,-0.328712,-0.145740
0.212973,-0.327106,-0.143667
0.211440,-0.324208,-0.141394
0.214716,-0.318907,-0.137330
0.215540,-0.316855,-0.136873
0.214626,-0.311089,-0.134043
0.216456,-0.311334,-0.132879
0.213878,-0.304785,-0.131521
0.217830,-0.303875,-0.128363
0.216269,-0.300552,-0.127566
0.216951,-0.297029,-0.126243
0.217634,-0.295865,-0.125396
0.215741,-0.293490,-0.125266
0.218817,-0.290871,-0.121914
0.216889,-0.287015,-0.122893
0.215602,-0.282004,-0.120436
0.218016,-0.281573,-0.117513
0.216773,-0.280579,-0.119727
0.214730,-0.277551,-0.115961
0.217714,-0.277124,-0.116796
0.217227,-0.271139,-0.114622
0.216088,-0.270542,-0.112771
0.216326,-0.266462,-0.113494
0.216610,-0.267125,-0.111540
0.216718,-0.261627,-0.110343
0.215341,-0.262369,-0.110799
0.216354,-0.258551,-0.109372
0.217250,-0.257019,-0.106396
0.216755,-0.254164,-0.108209
0.215797,-0.253459,-0.105656
0.215399,-0.251362,-0.104911
0.213717,-0.247132,-0.103854
0.215043,-0.246063,-0.104336
0.213849,-0.243289,-0.101293
0.214771,-0.240869,-0.103152
0.214048,-0.238473,-0.099352
0.213700,-0.237763,-0.100899
0.213438,-0.234841,-0.097988
0.211711,-0.233862,-0.097820
0.211468,-0.232049,-0.094790
0.212380,-0.229951,-0.097497
0.210763,-0.228008,-0.095191
0.211016,-0.225230,-0.094813
0.210416,-0.223132,-0.095222
0.211882,-0.220984,-0.094472
0.212019,-0.219491,-0.092944
0.210329,-0.219419,-0.092634
0.210573,-0.215519,-0.091254
0.210573,-0.214365,-0.090450
0.208308,-0.211659,-0.089547
0.206798,-0.209983,-0.088167
0.206259,-0.208613,-0.090183
0.207820,-0.206772,-0.087405
0.206421,-0.204504,-0.088186
0.204395,-0.201391,-0.085598
0.205106,-0.202735,-0.086627
0.204563,-0.199191,-0.085549
0.206023,-0.197038,-0.085419
0.203694,-0.196794,-0.083881
0.202479,-0.194583,-0.083122
0.202062,-0.193654,-0.083305
0.202032,-0.190870,-0.085003
0.200073,-0.189119,-0.080616
0.199725,-0.187708,-0.082379
0.198090,-0.186954,-0.079219
0.199420,-0.183110,-0.082168
0.199696,-0.180620,-0.079439
0.196046,-0.181857,-0.080905
0.195996,-0.177491,-0.078900
0.194877,-0.178766,-0.080677
0.194177,-0.176396,-0.080731
0.194562,-0.174095,-0.078735
0.193259,-0.173598,-0.078484
0.193234,-0.173007,-0.079986
0.192017,-0.169608,-0.079221
0.189212,-0.169818,-0.077077
0.191907,-0.168347,-0.077888
0.187981,-0.168610,-0.077274
0.188871,-0.166996,-0.076581
0.186118,-0.163501,-0.076975
0.184208,-0.163084,-0.077518
0.185162,-0.160770,-0.077452
0.181865,-0.158922,-0.076302
0.183057,-0.157811,-0.076759
0.179858,-0.158294,-0.076487
0.181578,-0.157129,-0.077861
0.180167,-0.156347,-0.076870
0.178162,-0.155172,-0.076735
0.176251,-0.154504,-0.077516
0.176973,-0.151458,-0.076227
0.175024,-0.149452,-0.074747
0.173084,-0.150824,-0.074596
0.170872,-0.148647,-0.077675
0.170076,-0.146665,-0.076220
0.170958,-0.145072,-0.075434
0.169400,-0.143942,-0.073133
0.169573,-0.145128,-0.075122
0.168630,-0.143554,-0.074295
0.166060,-0.142540,-0.073867
0.165050,-0.139929,-0.076316
0.164531,-0.138472,-0.075515
0.163001,-0.137392,-0.074293
0.161461,-0.137511,-0.076319
0.162973,-0.136136,-0.075967
0.161474,-0.132591,-0.073623
0.161096,-0.132949,-0.074748
0.159255,-0.131455,-0.075481
0.158635,-0.130102,-0.076359
0.156963,-0.130517,-0.073889
0.155674,-0.127925,-0.074978
0.155567,-0.125970,-0.074014
0.154719,-0.124982,-0.074790
0.153263,-0.123529,-0.074917
0.152921,-0.123315,-0.071951
0.150415,-0.122462,-0.074838
0.149597,-0.119912,-0.073406
0.149484,-0.118499,-0.072753
0.148927,-0.115875,-0.072260
0.146803,-0.116286,-0.073412
0.147266,-0.113630,-0.072155
0.144937,-0.112710,-0.071771
0.143613,-0.109399,-0.072379
0.144076,-0.111545,-0.071831
0.142764,-0.108813,-0.072264
0.141842,-0.107706,-0.071138
0.140381,-0.106597,-0.069822
0.139849,-0.106244,-0.070278
0.140041,-0.104606,-0.071530
0.138895,-0.101357,-0.070827
0.136254,-0.102007,-0.069885
0.134724,-0.099203,-0.070704
0.134960,-0.098259,-0.069795
0.133911,-0.095606,-0.070018
0.132805,-0.096837,-0.070924
0.131661,-0.095112,-0.070504
0.131827,-0.092778,-0.070096
0.130592,-0.092050,-0.069211
0.129272,-0.089978,-0.070363
0.128184,-0.088971,-0.068438
0.127039,-0.087251,-0.069296
0.127649,-0.087440,-0.069756
0.123639,-0.087375,-0.069995
0.123530,-0.085376,-0.070053
0.123427,-0.085166,-0.069345
0.120854,-0.081944,-0.070050
0.120043,-0.081818,-0.070586
0.118168,-0.081174,-0.070808
0.118134,-0.078925,-0.070046
0.116005,-0.078372,-0.069210
0.114674,-0.078099,-0.068702
0.112685,-0.079066,-0.071486
0.112895,-0.078147,-0.070821
0.109553,-0.075731,-0.071121
0.109039,-0.075084,-0.070633
0.109501,-0.075071,-0.071912
0.105180,-0.073990,-0.073221
0.103080,-0.071823,-0.072629
0.102155,-0.071306,-0.072841
0.102241,-0.071684,-0.074316
0.098670,-0.071297,-0.071478
0.099712,-0.069040,-0.074074
0.095782,-0.068968,-0.075471
0.096192,-0.068177,-0.076091
0.093600,-0.070133,-0.077268
0.092111,-0.066322,-0.076689
0.090606,-0.066146,-0.075579
0.089309,-0.065724,-0.074722
0.087201,-0.062082,-0.077521
0.085839,-0.064162,-0.077255
0.083650,-0.062784,-0.079020
0.083785,-0.062731,-0.078261
0.082153,-0.063674,-0.078551
0.077962,-0.059346,-0.078230
0.077128,-0.059755,-0.078418
0.076509,-0.059060,-0.078462
0.075211,-0.059762,-0.080471
0.075023,-0.058963,-0.080425
0.069187,-0.057869,-0.081305
0.069233,-0.059042,-0.084061
0.066250,-0.059222,-0.084438
0.064753,-0.056766,-0.085285
0.061362,-0.057511,-0.085331
0.058913,-0.057893,-0.087801
0.057137,-0.056800,-0.088087
0.053764,-0.057225,-0.090751
0.050954,-0.059067,-0.092568
0.048437,-0.060186,-0.094261
0.045878,-0.061523,-0.096806
0.040927,-0.062104,-0.098145
0.037223,-0.062579,-0.100872
0.033165,-0.066327,-0.103059
0.027174,-0.067263,-0.103942
0.022005,-0.067780,-0.110002
0.019127,-0.071112,-0.111817
0.016146,-0.074677,-0.115858
0.011830,-0.074115,-0.117338
0.010228,-0.074614,-0.120588
0.002961,-0.077888,-0.126331
-0.001472,-0.080281,-0.128096
-0.007032,-0.084329,-0.132486
-0.016804,-0.089283,-0.136860
0.203511,-0.344142,-0.152729
0.209617,-0.338633,-0.149260
0.210925,-0.332557,-0.144506
0.210322,-0.327421,-0.141304
0.212746,-0.323194,-0.140364
0.214585,-0.322308,-0.138839
0.214330,-0.317206,-0.135476
0.216947,-0.316011,-0.135540
0.214168,-0.311147,-0.132567
0.217493,-0.307864,-0.129964
0.216469,-0.305996,-0.128056
0.216612,-0.304174,-0.128338
0.217968,-0.300355,-0.125569
0.216740,-0.297540,-0.125005
0.217567,-0.293391,-0.123065
0.217750,-0.292855,-0.124504
0.216063,-0.291640,-0.119809
0.216752,-0.287426,-0.118454
0.218644,-0.285966,-0.118069
0.215760,-0.282987,-0.116268
0.215848,-0.279002,-0.116275
0.215889,-0.277733,-0.114918
0.217428,-0.273537,-0.113790
0.216799,-0.272111,-0.112016
0.217291,-0.269721,-0.111358
0.215137,-0.268473,-0.110511
0.216908,-0.266968,-0.111275
0.217370,-0.264525,-0.109869
0.215136,-0.262647,-0.106985
0.216805,-0.261274,-0.107881
0.215050,-0.257924,-0.106550
0.215423,-0.254029,-0.105326
0.214943,-0.253360,-0.103701
0.215069,-0.250911,-0.103156
0.212004,-0.248333,-0.102105
0.213739,-0.245206,-0.102079
0.213945,-0.244983,-0.099753
0.213179,-0.241902,-0.100319
0.211805,-0.240495,-0.097378
0.211771,-0.238769,-0.098177
0.212345,-0.234312,-0.097033
0.213815,-0.233477,-0.098489
0.211253,-0.232071,-0.095286
0.210355,-0.231313,-0.095922
0.209251,-0.226543,-0.096289
0.209692,-0.227128,-0.093293
0.210693,-0.223982,-0.091856
0.208795,-0.223599,-0.090311
0.209050,-0.219353,-0.091764
0.207681,-0.219106,-0.090103
0.209484,-0.215797,-0.090148
0.208865,-0.213584,-0.088944
0.206955,-0.213199,-0.088055
0.207716,-0.211462,-0.086961
0.205836,-0.209587,-0.086176
0.202856,-0.208377,-0.085927
0.204290,-0.204756,-0.085229
0.203925,-0.204221,-0.084650
0.203807,-0.201598,-0.084472
0.202298,-0.199196,-0.085514
0.203580,-0.199115,-0.083544
0.201029,-0.196061,-0.084352
0.200239,-0.196582,-0.083019
0.200966,-0.193428,-0.081595
0.202078,-0.192304,-0.082087
0.200888,-0.190655,-0.080721
0.200126,-0.189492,-0.080416
0.198455,-0.186058,-0.079130
0.196460,-0.186442,-0.080500
0.197387,-0.183967,-0.079941
0.196380,-0.181280,-0.080325
0.195331,-0.182838,-0.079763
0.195422,-0.181174,-0.078068
0.193556,-0.177950,-0.079239
0.193145,-0.176673,-0.078554
0.190135,-0.175469,-0.075925
0.193068,-0.173457,-0.076429
0.190970,-0.172827,-0.078026
0.188901,-0.172621,-0.076513
0.187421,-0.169442,-0.076975
0.187798,-0.167948,-0.076342
0.184180,-0.168210,-0.074396
0.184905,-0.165928,-0.075745
0.185192,-0.165119,-0.076278
0.181500,-0.164506,-0.076565
0.181642,-0.161591,-0.076677
0.181494,-0.161167,-0.076456
0.182254,-0.160195,-0.077383
0.179893,-0.158425,-0.074517
0.178869,-0.157479,-0.077725
0.176837,-0.155625,-0.075712
0.177302,-0.154417,-0.076002
0.174357,-0.154097,-0.074159
0.174258,-0.150159,-0.073383
0.173301,-0.150184,-0.074039
0.170158,-0.147993,-0.074823
0.170508,-0.150701,-0.074411
0.169910,-0.146875,-0.075214
0.169203,-0.145983,-0.075085
0.167898,-0.145845,-0.075301
0.168632,-0.145211,-0.075051
0.166541,-0.143886,-0.075714
0.165615,-0.142291,-0.074688
0.163253,-0.140319,-0.073788
0.161910,-0.139624,-0.074839
0.162308,-0.138742,-0.074418
0.160118,-0.136011,-0.074395
0.158902,-0.134566,-0.074212
0.157304,-0.132419,-0.073281
0.155604,-0.130724,-0.073550
0.157072,-0.131086,-0.075034
0.156099,-0.131176,-0.074988
0.153714,-0.129470,-0.074256
0.153095,-0.127040,-0.074643
0.152220,-0.126739,-0.073790
0.150611,-0.125483,-0.072839
0.147519,-0.124134,-0.074117
0.150087,-0.123183,-0.073071
0.148767,-0.120570,-0.072423
0.147979,-0.118742,-0.072419
0.146578,-0.119612,-0.071942
0.144438,-0.115798,-0.070609
0.143564,-0.116781,-0.072941
0.143772,-0.114087,-0.071307
0.142399,-0.113139,-0.070957
0.143349,-0.110506,-0.072464
0.142983,-0.110279,-0.070568
0.139214,-0.109929,-0.071290
0.139107,-0.107119,-0.068374
0.137899,-0.106521,-0.071064
0.137834,-0.104886,-0.072170
0.138421,-0.104074,-0.070045
0.135220,-0.102835,-0.068259
0.135561,-0.102450,-0.068280
0.133310,-0.099657,-0.067994
0.132336,-0.097026,-0.067922
0.131497,-0.099353,-0.070043
0.131279,-0.097630,-0.066655
0.129359,-0.095322,-0.069683
0.128849,-0.092299,-0.069087
0.126796,-0.091530,-0.069100
0.124988,-0.092517,-0.068794
0.125244,-0.091303,-0.069426
0.121715,-0.088684,-0.069328
0.122980,-0.087816,-0.068736
0.122425,-0.087342,-0.068169
0.120110,-0.086391,-0.068899
0.120355,-0.085286,-0.069477
0.117520,-0.083724,-0.067975
0.118521,-0.082337,-0.068168
0.115530,-0.080602,-0.070417
0.114922,-0.080082,-0.068631
0.112741,-0.079327,-0.071558
0.110675,-0.079916,-0.070443
0.110228,-0.079650,-0.071500
0.107719,-0.076864,-0.069566
0.106494,-0.076191,-0.072183
0.104994,-0.075128,-0.071935
0.103583,-0.074542,-0.073520
0.102944,-0.073756,-0.071564
0.101109,-0.073797,-0.072815
0.097801,-0.073495,-0.073555
0.098316,-0.072760,-0.075192
0.095738,-0.072237,-0.073531
0.095201,-0.071000,-0.074975
0.092867,-0.070679,-0.075235
0.092256,-0.069203,-0.077217
0.088852,-0.069463,-0.077080
0.088104,-0.069229,-0.077238
0.088465,-0.066535,-0.078402
0.084124,-0.066175,-0.078318
0.082957,-0.065968,-0.076456
0.083055,-0.064960,-0.076743
0.081685,-0.064162,-0.077461
0.079160,-0.064541,-0.079741
0.076147,-0.061590,-0.079984
0.074636,-0.063438,-0.078560
0.072835,-0.062081,-0.078963
0.072846,-0.062438,-0.081141
0.069336,-0.063010,-0.082289
0.068315,-0.061684,-0.082392
0.066587,-0.060987,-0.082880
0.063446,-0.058812,-0.084825
0.059739,-0.061788,-0.083829
0.059191,-0.060476,-0.087735
0.057258,-0.061810,-0.088405
0.054885,-0.059482,-0.088111
0.050791,-0.061688,-0.091003
0.047254,-0.063999,-0.093774
0.043517,-0.063457,-0.094022
0.041766,-0.065546,-0.097346
0.036388,-0.066427,-0.100734
0.031730,-0.067705,-0.102109
0.027934,-0.070712,-0.106179
0.023912,-0.071292,-0.108268
0.017299,-0.074525,-0.111903
0.015296,-0.075876,-0.114753
0.012827,-0.076517,-0.117132
0.009159,-0.078414,-0.118961
0.003359,-0.080361,-0.123805
-0.000968,-0.082332,-0.126715
-0.005602,-0.082252,-0.128911
-0.013796,-0.089600,-0.136532
0.203003,-0.349290,-0.153024
0.207643,-0.342422,-0.148760
0.212667,-0.336742,-0.143606
0.213614,-0.330306,-0.142705
0.212272,-0.327536,-0.138704
0.214287,-0.325527,-0.138049
0.215805,-0.319806,-0.136951
0.216117,-0.317649,-0.133441
0.215515,-0.314541,-0.130254
0.214804,-0.312892,-0.128182
0.218543,-0.306915,-0.126692
0.217699,-0.305997,-0.125379
0.217699,-0.301815,-0.126912
0.217035,-0.300227,-0.123394
0.216102,-0.296409,-0.121693
0.216322,-0.296240,-0.120137
0.216867,-0.293545,-0.121677
0.216876,-0.291250,-0.121025
0.215793,-0.287954,-0.118009
0.215703,-0.285775,-0.114919
0.219607,-0.282242,-0.116907
0.217168,-0.280093,-0.114353
0.216929,-0.278428,-0.113531
0.216601,-0.276650,-0.111893
0.216132,-0.274730,-0.111020
0.216850,-0.272490,-0.108904
0.215288,-0.269135,-0.107947
0.216931,-0.267303,-0.108649
0.215026,-0.266414,-0.107737
0.216578,-0.262428,-0.103990
0.214599,-0.261230,-0.105318
0.215323,-0.256152,-0.103439
0.213426,-0.254801,-0.104001
0.214830,-0.252681,-0.103303
0.214774,-0.250723,-0.103415
0.214282,-0.249414,-0.099611
0.214384,-0.246524,-0.097297
0.214268,-0.243917,-0.099682
0.212886,-0.241994,-0.097136
0.212292,-0.241260,-0.096519
0.213149,-0.238952,-0.096526
0.210893,-0.236805,-0.095887
0.211297,-0.234861,-0.094411
0.209531,-0.234597,-0.093945
0.210045,-0.232651,-0.093615
0.209686,-0.228431,-0.092059
0.209760,-0.226354,-0.090909
0.207686,-0.224677,-0.092224
0.209078,-0.223528,-0.089965
0.209960,-0.222254,-0.088931
0.207878,-0.218176,-0.088179
0.206346,-0.217440,-0.085818
0.208049,-0.216536,-0.088629
0.204951,-0.213398,-0.085604
0.204274,-0.212044,-0.088506
0.205140,-0.209949,-0.087360
0.204081,-0.208720,-0.085838
0.202856,-0.207489,-0.083264
0.203992,-0.204126,-0.083573
0.203572,-0.202622,-0.083215
0.203810,-0.200324,-0.084747
0.201229,-0.198676,-0.081855
0.199098,-0.197452,-0.082104
0.201365,-0.196744,-0.080390
0.200409,-0.194672,-0.079818
0.199874,-0.193752,-0.081208
0.198043,-0.192147,-0.079022
0.198127,-0.188931,-0.079353
0.198120,-0.188980,-0.079913
0.197138,-0.185990,-0.079495
0.194630,-0.184955,-0.079384
0.193647,-0.183799,-0.078539
0.194345,-0.180859,-0.077009
0.192552,-0.180127,-0.076429
0.193897,-0.177698,-0.077941
0.193765,-0.177759,-0.075777
0.190487,-0.174742,-0.075676
0.190319,-0.175044,-0.075446
0.188323,-0.173067,-0.075062
0.187977,-0.172735,-0.076045
0.188576,-0.170404,-0.074373
0.187891,-0.169587,-0.074390
0.185531,-0.168279,-0.075749
0.183297,-0.167663,-0.075796
0.181693,-0.165423,-0.077450
0.181834,-0.164414,-0.076881
0.180064,-0.163321,-0.074789
0.179388,-0.163293,-0.075602
0.176354,-0.162955,-0.074601
0.179643,-0.161363,-0.075376
0.177530,-0.157871,-0.076125
0.174943,-0.157005,-0.073400
0.173687,-0.157493,-0.075157
0.174740,-0.154860,-0.074736
0.171898,-0.154130,-0.074202
0.171720,-0.151714,-0.074768
0.170593,-0.151523,-0.073345
0.169203,-0.149975,-0.074111
0.167910,-0.148145,-0.074333
0.167149,-0.147967,-0.074014
0.165433,-0.148403,-0.074345
0.165472,-0.145646,-0.073530
0.161839,-0.145215,-0.074801
0.160508,-0.143173,-0.075345
0.161663,-0.140704,-0.073584
0.161362,-0.141445,-0.073770
0.161396,-0.140258,-0.074061
0.159671,-0.138694,-0.073181
0.156898,-0.136393,-0.073772
0.155855,-0.137412,-0.073232
0.156118,-0.133992,-0.073840
0.154510,-0.133023,-0.073280
0.153238,-0.132183,-0.074310
0.151326,-0.129164,-0.072990
0.153281,-0.127655,-0.071980
0.149574,-0.128343,-0.072008
0.150220,-0.127186,-0.072452
0.149644,-0.125065,-0.072206
0.148533,-0.124486,-0.071345
0.146806,-0.122699,-0.071456
0.147125,-0.121576,-0.072154
0.144931,-0.119714,-0.071534
0.144053,-0.118175,-0.071393
0.142768,-0.116830,-0.070126
0.144274,-0.115464,-0.070015
0.140796,-0.113440,-0.071189
0.142435,-0.113930,-0.070178
0.141439,-0.112894,-0.070125
0.138692,-0.109426,-0.070553
0.138110,-0.109444,-0.070087
0.137137,-0.106100,-0.068788
0.136428,-0.107510,-0.070842
0.134048,-0.105632,-0.069851
0.134004,-0.102701,-0.069931
0.132755,-0.102016,-0.068195
0.132716,-0.099222,-0.067573
0.130905,-0.099777,-0.069051
0.128973,-0.097294,-0.067258
0.128790,-0.096372,-0.069452
0.128517,-0.096022,-0.067093
0.127199,-0.095902,-0.067501
0.124308,-0.092963,-0.068812
0.123787,-0.092175,-0.069142
0.123817,-0.094114,-0.068935
0.123129,-0.091352,-0.068285
0.121305,-0.090721,-0.066337
0.119567,-0.087436,-0.068553
0.119211,-0.089161,-0.068336
0.117522,-0.086317,-0.067842
0.116524,-0.085030,-0.068061
0.116067,-0.084844,-0.069558
0.114772,-0.084324,-0.069413
0.112175,-0.082790,-0.068996
0.110107,-0.082137,-0.069078
0.109807,-0.079819,-0.070880
0.108229,-0.080553,-0.070521
0.106331,-0.078826,-0.070121
0.103591,-0.080341,-0.070769
0.105418,-0.078670,-0.073454
0.100174,-0.076820,-0.071214
0.099290,-0.077863,-0.072316
0.098410,-0.075673,-0.072880
0.095443,-0.074985,-0.072688
0.094476,-0.074997,-0.073360
0.094224,-0.074655,-0.074976
0.091124,-0.073046,-0.076226
0.090543,-0.073774,-0.075234
0.088333,-0.074049,-0.074254
0.087811,-0.070440,-0.075895
0.087987,-0.070212,-0.075576
0.084587,-0.070489,-0.074922
0.083394,-0.068367,-0.078848
0.080662,-0.068169,-0.076871
0.079129,-0.067450,-0.076625
0.078702,-0.066818,-0.077683
0.076017,-0.066030,-0.079169
0.076371,-0.065312,-0.078597
0.074440,-0.065569,-0.082171
0.071058,-0.064858,-0.079298
0.070279,-0.063632,-0.080145
0.067049,-0.062939,-0.078724
0.065084,-0.064434,-0.080251
0.063640,-0.064841,-0.082297
0.061036,-0.064524,-0.085026
0.058162,-0.063367,-0.086800
0.056074,-0.064288,-0.086212
0.053284,-0.064113,-0.088591
0.051160,-0.065298,-0.089819
0.047158,-0.065598,-0.091979
0.045786,-0.066325,-0.094481
0.038946,-0.066003,-0.094978
0.036130,-0.069602,-0.098846
0.034057,-0.071494,-0.102497
0.027764,-0.071197,-0.104430
0.022500,-0.074187,-0.105865
0.018870,-0.077282,-0.109502
0.014110,-0.078012,-0.113490
0.013325,-0.079223,-0.114303
0.008625,-0.080155,-0.117527
0.004901,-0.079729,-0.120171
0.001097,-0.084031,-0.123023
-0.005191,-0.084007,-0.126576
-0.010386,-0.087822,-0.130536
-0.019171,-0.092816,-0.136573
0.205130,-0.350689,-0.150761
0.207509,-0.344477,-0.147899
0.208857,-0.339225,-0.143616
0.212215,-0.331900,-0.139418
0.213616,-0.330826,-0.139215
0.211733,-0.330485,-0.134508
0.213936,-0.323218,-0.134471
0.214546,-0.320450,-0.132185
0.215066,-0.316804,-0.129991
0.216686,-0.316131,-0.129082
0.218607,-0.310310,-0.125587
0.215484,-0.308432,-0.124734
0.216247,-0.305544,-0.124267
0.217006,-0.303898,-0.123603
0.216884,-0.302054,-0.121858
0.217249,-0.295986,-0.119349
0.216033,-0.295516,-0.118489
0.215989,-0.293199,-0.116543
0.216091,-0.290414,-0.117726
0.218084,-0.287210,-0.116013
0.216317,-0.286501,-0.115830
0.216428,-0.284962,-0.113888
0.215902,-0.281522,-0.112737
0.215238,-0.278885,-0.110419
0.216938,-0.276525,-0.109827
0.216590,-0.274394,-0.107927
0.217030,-0.271013,-0.107952
0.213816,-0.270550,-0.107732
0.214558,-0.266581,-0.106406
0.214757,-0.264163,-0.106473
0.215031,-0.264567,-0.103976
0.215548,-0.259976,-0.102133
0.212892,-0.259375,-0.103052
0.213933,-0.257244,-0.101344
0.214028,-0.255754,-0.101670
0.214286,-0.252499,-0.098509
0.214856,-0.249819,-0.100013
0.213354,-0.248959,-0.098124
0.213193,-0.246299,-0.098057
0.212601,-0.243934,-0.098083
0.212837,-0.241196,-0.097582
0.212897,-0.238835,-0.094897
0.210539,-0.237293,-0.093621
0.208748,-0.236650,-0.093994
0.211050,-0.231747,-0.092917
0.209965,-0.232945,-0.091639
0.210509,-0.231094,-0.092404
0.208939,-0.226816,-0.091832
0.209902,-0.224647,-0.090229
0.207674,-0.221536,-0.088685
0.207670,-0.223585,-0.087379
0.206686,-0.219650,-0.086556
0.207170,-0.220614,-0.086014
0.206155,-0.215993,-0.087089
0.205348,-0.217325,-0.085030
0.205903,-0.215120,-0.084075
0.203793,-0.212120,-0.085134
0.203274,-0.209850,-0.085897
0.203286,-0.208281,-0.083933
0.201174,-0.206624,-0.084447
0.200432,-0.204098,-0.082636
0.201451,-0.202439,-0.081423
0.200475,-0.199339,-0.082265
0.200430,-0.197718,-0.080086
0.200198,-0.197884,-0.080868
0.199302,-0.195380,-0.079970
0.198034,-0.193413,-0.080719
0.196999,-0.191148,-0.078988
0.197629,-0.190744,-0.077892
0.196514,-0.189235,-0.078442
0.195660,-0.188387,-0.077811
0.194675,-0.186793,-0.076432
0.194220,-0.185253,-0.076592
0.192258,-0.184422,-0.077910
0.191472,-0.182481,-0.078074
0.191735,-0.180446,-0.076257
0.191719,-0.181789,-0.076547
0.188771,-0.176029,-0.076574
0.186522,-0.177077,-0.075511
0.188911,-0.175279,-0.075067
0.187970,-0.172532,-0.074050
0.185787,-0.172976,-0.076112
0.183120,-0.171443,-0.075136
0.181506,-0.167251,-0.073793
0.182337,-0.167433,-0.074952
0.180910,-0.169244,-0.074565
0.181236,-0.166761,-0.075575
0.180544,-0.166647,-0.074751
0.178844,-0.164349,-0.074317
0.177474,-0.164175,-0.073062
0.178179,-0.161577,-0.075563
0.174379,-0.161862,-0.075379
0.176424,-0.157866,-0.072965
0.173005,-0.156082,-0.073159
0.172372,-0.158232,-0.073488
0.172151,-0.154575,-0.073462
0.171646,-0.154067,-0.073760
0.167949,-0.153101,-0.074829
0.167272,-0.149893,-0.074717
0.168343,-0.149476,-0.072849
0.167383,-0.148696,-0.073190
0.165528,-0.149096,-0.074226
0.162294,-0.147245,-0.072905
0.162198,-0.146211,-0.075551
0.161987,-0.144825,-0.072986
0.158462,-0.144563,-0.074813
0.158303,-0.143881,-0.074509
0.156986,-0.140982,-0.073209
0.159352,-0.138401,-0.074494
0.156572,-0.137793,-0.073406
0.153387,-0.136595,-0.072150
0.153376,-0.136207,-0.071339
0.152911,-0.133410,-0.071670
0.152175,-0.133021,-0.072955
0.152251,-0.132714,-0.072525
0.150971,-0.129365,-0.070874
0.148646,-0.129647,-0.070824
0.146735,-0.128438,-0.071287
0.148306,-0.126401,-0.072582
0.145499,-0.125907,-0.071542
0.146651,-0.126320,-0.069633
0.142738,-0.123913,-0.069791
0.143641,-0.121131,-0.070818
0.142657,-0.119868,-0.071898
0.140568,-0.119239,-0.069214
0.139915,-0.117174,-0.070831
0.142103,-0.115469,-0.069161
0.140270,-0.112802,-0.069290
0.138215,-0.113977,-0.068884
0.139388,-0.109957,-0.068520
0.136980,-0.108012,-0.069495
0.136272,-0.110243,-0.069179
0.133903,-0.108458,-0.069404
0.135544,-0.107386,-0.070246
0.132316,-0.105497,-0.068605
0.131579,-0.103926,-0.068155
0.130135,-0.102822,-0.068186
0.129159,-0.101835,-0.067331
0.129837,-0.102553,-0.068281
0.126402,-0.099012,-0.068184
0.126415,-0.098598,-0.068617
0.127413,-0.098391,-0.068986
0.123977,-0.096084,-0.067944
0.123489,-0.094647,-0.067488
0.122651,-0.094334,-0.067084
0.120768,-0.091316,-0.066599
0.118015,-0.091267,-0.068383
0.119743,-0.089763,-0.068417
0.117024,-0.090817,-0.067064
0.116239,-0.087756,-0.069578
0.115192,-0.088952,-0.067144
0.113459,-0.086973,-0.068113
0.111359,-0.086428,-0.069139
0.107619,-0.084354,-0.068447
0.109193,-0.084993,-0.069283
0.107165,-0.083947,-0.070513
0.106634,-0.081507,-0.069866
0.105428,-0.083523,-0.071560
0.101834,-0.080843,-0.071037
0.099834,-0.082125,-0.069526
0.098899,-0.078667,-0.070112
0.097157,-0.079450,-0.071663
0.094919,-0.080287,-0.074485
0.093305,-0.078545,-0.072801
0.092468,-0.078661,-0.074284
0.090539,-0.077202,-0.075464
0.089491,-0.078277,-0.072434
0.087278,-0.074014,-0.075757
0.086351,-0.074117,-0.075959
0.085330,-0.072821,-0.075110
0.082300,-0.073531,-0.077753
0.083414,-0.071550,-0.074994
0.079944,-0.073099,-0.076609
0.079030,-0.069828,-0.077570
0.078097,-0.068382,-0.076399
0.075858,-0.069748,-0.077437
0.075666,-0.066629,-0.079857
0.071505,-0.068796,-0.079848
0.071147,-0.068313,-0.080877
0.070293,-0.065882,-0.079310
0.068468,-0.063410,-0.079546
0.065465,-0.065281,-0.080647
0.062438,-0.066874,-0.081860
0.060836,-0.064772,-0.083899
0.058238,-0.066926,-0.084338
0.055578,-0.066173,-0.087225
0.054555,-0.068525,-0.089119
0.050168,-0.067188,-0.089802
0.046024,-0.068048,-0.091776
0.044185,-0.069631,-0.092627
0.039523,-0.071159,-0.096007
0.036437,-0.072502,-0.099119
0.033899,-0.071784,-0.100881
0.028516,-0.075912,-0.103146
0.022973,-0.075778,-0.107217
0.019634,-0.076791,-0.109307
0.013107,-0.080605,-0.113779
0.012232,-0.080855,-0.114926
0.008215,-0.081438,-0.115124
0.005493,-0.083441,-0.118941
0.001135,-0.084695,-0.121238
-0.003171,-0.086169,-0.124040
-0.007339,-0.086454,-0.128052
-0.015974,-0.093209,-0.133472
-0.022199,-0.096865,-0.139495
0.201336,-0.355683,-0.153377
0.205294,-0.346644,-0.146943
0.209444,-0.343944,-0.144563
0.211234,-0.337895,-0.136665
0.212365,-0.334905,-0.136690
0.212147,-0.330353,-0.134487
0.213457,-0.328752,-0.133044
0.214520,-0.324981,-0.132048
0.215924,-0.319231,-0.128058
0.216154,-0.315141,-0.127250
0.215320,-0.312430,-0.127420
0.216257,-0.310926,-0.125696
0.215432,-0.308502,-0.122497
0.217514,-0.305577,-0.121574
0.216797,-0.301307,-0.121980
0.215714,-0.300999,-0.118887
0.216536,-0.298777,-0.118296
0.215600,-0.295860,-0.117545
0.217075,-0.291683,-0.117486
0.216625,-0.290365,-0.115325
0.215778,-0.287327,-0.113445
0.215713,-0.285109,-0.112348
0.216594,-0.283763,-0.111136
0.214481,-0.282025,-0.110507
0.215768,-0.278086,-0.106864
0.215718,-0.274436,-0.107700
0.216167,-0.273158,-0.108898
0.216932,-0.270252,-0.106309
0.217134,-0.270129,-0.104416
0.214200,-0.269071,-0.104722
0.214198,-0.266408,-0.103017
0.214852,-0.264022,-0.101178
0.212466,-0.261396,-0.103762
0.212825,-0.259624,-0.100975
0.215171,-0.256139,-0.098191
0.213032,-0.256075,-0.097607
0.211268,-0.253677,-0.097378
0.211500,-0.249528,-0.097412
0.212314,-0.247839,-0.095035
0.210764,-0.244950,-0.093744
0.211872,-0.242909,-0.095868
0.211228,-0.240831,-0.093979
0.211011,-0.242193,-0.091856
0.209766,-0.238159,-0.091466
0.210830,-0.236621,-0.092905
0.210170,-0.231959,-0.089413
0.207906,-0.230802,-0.091569
0.208966,-0.230040,-0.089548
0.208500,-0.227294,-0.088178
0.208147,-0.227890,-0.086799
0.207603,-0.223495,-0.087590
0.206128,-0.222219,-0.086473
0.206628,-0.222739,-0.086968
0.204780,-0.220059,-0.086256
0.204952,-0.217443,-0.083819
0.207470,-0.216241,-0.083780
0.204542,-0.214941,-0.083041
0.204357,-0.211374,-0.083191
0.202516,-0.210390,-0.083122
0.201877,-0.210177,-0.084425
0.201084,-0.208074,-0.082580
0.198203,-0.204642,-0.082291
0.200385,-0.204283,-0.081467
0.198674,-0.203376,-0.079320
0.198501,-0.199959,-0.078701
0.199383,-0.199945,-0.079245
0.199113,-0.196619,-0.080361
0.197664,-0.194294,-0.078459
0.194471,-0.194779,-0.079348
0.195808,-0.191634,-0.075727
0.194809,-0.190133,-0.077722
0.193540,-0.188847,-0.076382
0.192371,-0.186974,-0.075343
0.192578,-0.187138,-0.076393
0.190673,-0.184762,-0.076082
0.189870,-0.183926,-0.076326
0.191096,-0.182431,-0.074973
0.188419,-0.180698,-0.073139
0.188857,-0.177105,-0.074851
0.186941,-0.177104,-0.072552
0.188452,-0.174389,-0.073175
0.185355,-0.174690,-0.074812
0.185398,-0.174223,-0.072764
0.183983,-0.172725,-0.074141
0.181726,-0.169679,-0.075144
0.181030,-0.170063,-0.074472
0.181536,-0.168356,-0.074963
0.178912,-0.168027,-0.073068
0.178387,-0.166648,-0.075727
0.177490,-0.166029,-0.073784
0.178875,-0.164088,-0.073174
0.173523,-0.163703,-0.072682
0.172648,-0.161991,-0.073994
0.172283,-0.161845,-0.072989
0.171617,-0.159602,-0.072842
0.170239,-0.158131,-0.073864
0.168473,-0.157137,-0.073134
0.166483,-0.155386,-0.072501
0.165057,-0.154455,-0.072309
0.167407,-0.151647,-0.073643
0.165660,-0.150826,-0.072450
0.163554,-0.152350,-0.073612
0.160722,-0.149993,-0.072427
0.160298,-0.149288,-0.073326
0.158858,-0.147715,-0.072743
0.159457,-0.146759,-0.073471
0.157305,-0.146559,-0.072232
0.158119,-0.141924,-0.073179
0.154827,-0.141888,-0.072619
0.156119,-0.142547,-0.070827
0.154311,-0.138460,-0.071326
0.154226,-0.139574,-0.072295
0.152459,-0.137978,-0.070799
0.150372,-0.137298,-0.072585
0.149368,-0.135954,-0.072427
0.149213,-0.135626,-0.072708
0.147822,-0.132330,-0.073759
0.147264,-0.130106,-0.071605
0.146657,-0.130054,-0.072121
0.144461,-0.128213,-0.072074
0.145025,-0.125944,-0.072446
0.145691,-0.127466,-0.070735
0.144141,-0.122806,-0.070567
0.142321,-0.124106,-0.069271
0.142490,-0.119343,-0.068558
0.139129,-0.118822,-0.068752
0.140042,-0.118374,-0.068365
0.137651,-0.115984,-0.068374
0.137647,-0.114052,-0.067272
0.136207,-0.114786,-0.068543
0.134579,-0.113428,-0.067714
0.135387,-0.112803,-0.068098
0.133605,-0.110773,-0.067423
0.133353,-0.109513,-0.068517
0.131259,-0.109235,-0.068608
0.129523,-0.105152,-0.066528
0.130024,-0.106099,-0.066984
0.129361,-0.106646,-0.066224
0.128671,-0.104403,-0.067814
0.127202,-0.100806,-0.064988
0.125685,-0.100763,-0.065550
0.124612,-0.100360,-0.068324
0.122454,-0.098875,-0.066069
0.121952,-0.097454,-0.066882
0.119748,-0.095559,-0.065867
0.118420,-0.096677,-0.067342
0.119438,-0.093461,-0.066407
0.117070,-0.092529,-0.067986
0.116071,-0.092259,-0.068328
0.114671,-0.090348,-0.067225
0.114350,-0.089858,-0.067979
0.112722,-0.089749,-0.068462
0.111589,-0.088546,-0.067852
0.109262,-0.088765,-0.067807
0.105385,-0.086735,-0.069205
0.106633,-0.085497,-0.070217
0.104743,-0.085447,-0.070111
0.104031,-0.085332,-0.069647
0.103811,-0.084678,-0.071712
0.100466,-0.083789,-0.070076
0.098166,-0.083607,-0.071729
0.097402,-0.082401,-0.070593
0.095487,-0.081717,-0.072309
0.093993,-0.079932,-0.073333
0.093025,-0.080670,-0.074198
0.091279,-0.079559,-0.073318
0.088432,-0.079625,-0.073068
0.087765,-0.078198,-0.075917
0.086339,-0.077677,-0.073106
0.083993,-0.075433,-0.074661
0.081987,-0.074909,-0.076705
0.081281,-0.074534,-0.075389
0.080953,-0.073859,-0.076564
0.078533,-0.073118,-0.077638
0.078154,-0.072869,-0.076575
0.075821,-0.070935,-0.077673
0.074452,-0.071951,-0.077873
0.074776,-0.070231,-0.078151
0.070641,-0.069789,-0.078375
0.068822,-0.071225,-0.081183
0.068448,-0.068201,-0.080030
0.063781,-0.069539,-0.081383
0.062512,-0.068821,-0.081414
0.060551,-0.069204,-0.083619
0.057265,-0.067814,-0.082451
0.055471,-0.068902,-0.084500
0.053974,-0.068661,-0.088067
0.049710,-0.070330,-0.089540
0.047885,-0.069378,-0.090389
0.043945,-0.070660,-0.092274
0.040421,-0.071895,-0.093637
0.034941,-0.072491,-0.097092
0.033401,-0.075963,-0.099324
0.028749,-0.077480,-0.103796
0.023352,-0.077186,-0.105246
0.019847,-0.080025,-0.107543
0.016366,-0.082030,-0.110837
0.011515,-0.082843,-0.113637
0.008551,-0.084773,-0.117294
0.006695,-0.085228,-0.115846
0.000556,-0.086012,-0.119882
-0.001048,-0.087209,-0.123950
-0.007680,-0.089408,-0.124667
-0.013359,-0.093127,-0.128175
-0.020845,-0.097153,-0.134451
0.205557,-0.351522,-0.146602
0.208821,-0.344389,-0.142872
0.211940,-0.338615,-0.139597
0.210983,-0.337483,-0.136674
0.213157,-0.333294,-0.134504
0.213041,-0.328499,-0.133207
0.213045,-0.326342,-0.131692
0.216090,-0.323586,-0.127426
0.216033,-0.318851,-0.126536
0.214097,-0.316726,-0.125025
0.217526,-0.311744,-0.122650
0.216200,-0.311245,-0.122729
0.215898,-0.308213,-0.120784
0.215620,-0.306507,-0.121906
0.215005,-0.303052,-0.118599
0.214966,-0.300027,-0.117762
0.216472,-0.297178,-0.116369
0.216044,-0.294688,-0.116202
0.215472,-0.294878,-0.114074
0.218663,-0.287983,-0.111128
0.214622,-0.287924,-0.110314
0.216498,-0.288675,-0.110383
0.217297,-0.284406,-0.109303
0.216368,-0.281357,-0.107338
0.216312,-0.278948,-0.106359
0.214391,-0.277904,-0.107191
0.214933,-0.275934,-0.103608
0.214276,-0.272746,-0.105750
0.214823,-0.270789,-0.104772
0.213670,-0.269828,-0.102360
0.214368,-0.265488,-0.103548
0.212569,-0.263455,-0.102200
0.214109,-0.260765,-0.100456
0.213417,-0.257615,-0.100024
0.211518,-0.256464,-0.098479
0.211712,-0.254943,-0.096243
0.213204,-0.253064,-0.094524
0.211874,-0.251092,-0.097026
0.211459,-0.249865,-0.095269
0.212344,-0.244981,-0.093712
0.210451,-0.245544,-0.093867
0.210528,-0.242456,-0.093011
0.208348,-0.241192,-0.090798
0.209319,-0.240802,-0.093022
0.209188,-0.237854,-0.089729
0.208915,-0.234703,-0.087314
0.207458,-0.231536,-0.087456
0.207562,-0.230216,-0.087472
0.207775,-0.228007,-0.087876
0.207834,-0.227720,-0.086853
0.206720,-0.223753,-0.085415
0.205658,-0.223632,-0.084086
0.206941,-0.220782,-0.083762
0.203532,-0.220879,-0.083546
0.204373,-0.217922,-0.083800
0.204660,-0.214533,-0.084429
0.203215,-0.214581,-0.082202
0.202462,-0.215228,-0.082087
0.200243,-0.210306,-0.081598
0.200575,-0.209349,-0.081395
0.200035,-0.207007,-0.079671
0.199532,-0.205843,-0.079302
0.200213,-0.205387,-0.078252
0.198100,-0.204688,-0.079772
0.198734,-0.200747,-0.079032
0.197267,-0.198378,-0.079617
0.197149,-0.196858,-0.076247
0.195550,-0.195614,-0.077216
0.193884,-0.194783,-0.077315
0.195428,-0.191912,-0.076188
0.194904,-0.191762,-0.074827
0.193583,-0.191560,-0.075413
0.192322,-0.188363,-0.074041
0.190483,-0.189874,-0.074435
0.189892,-0.185673,-0.073474
0.190400,-0.185201,-0.074911
0.188777,-0.182600,-0.074616
0.190538,-0.181375,-0.074113
0.187589,-0.179600,-0.075830
0.185740,-0.176464,-0.072759
0.184996,-0.177945,-0.072752
0.182818,-0.175294,-0.072917
0.183692,-0.174420,-0.073875
0.182297,-0.173751,-0.073291
0.181305,-0.173329,-0.074246
0.178394,-0.170444,-0.074227
0.178521,-0.171233,-0.070407
0.177865,-0.169295,-0.071228
0.175783,-0.170431,-0.074145
0.174092,-0.168224,-0.073218
0.175723,-0.165323,-0.072194
0.172088,-0.164101,-0.072548
0.173249,-0.162486,-0.073492
0.170884,-0.164676,-0.072339
0.169702,-0.162814,-0.072503
0.168298,-0.160670,-0.072446
0.166692,-0.158039,-0.072405
0.166437,-0.157722,-0.073674
0.164752,-0.156441,-0.072347
0.164387,-0.154452,-0.073101
0.165340,-0.154087,-0.074973
0.161558,-0.151904,-0.073381
0.161289,-0.151017,-0.072785
0.160699,-0.152498,-0.073830
0.156650,-0.150859,-0.071583
0.157267,-0.148632,-0.071368
0.156736,-0.147433,-0.074030
0.155392,-0.146051,-0.073640
0.155616,-0.145180,-0.071294
0.154404,-0.142154,-0.071598
0.150591,-0.139965,-0.071690
0.153579,-0.141268,-0.071471
0.153816,-0.138996,-0.069744
0.149721,-0.138998,-0.069909
0.147633,-0.136821,-0.072012
0.148140,-0.135381,-0.070213
0.147849,-0.135402,-0.070338
0.147528,-0.133369,-0.069860
0.143928,-0.131781,-0.070460
0.144338,-0.129599,-0.071209
0.145856,-0.127763,-0.070806
0.141664,-0.127413,-0.069482
0.140841,-0.125124,-0.068938
0.140168,-0.121436,-0.068034
0.141006,-0.122127,-0.070129
0.139360,-0.121561,-0.069097
0.139183,-0.120782,-0.068816
0.136791,-0.118675,-0.066974
0.134213,-0.117436,-0.065682
0.136355,-0.114601,-0.066440
0.133382,-0.114854,-0.066644
0.133715,-0.115374,-0.067375
0.132443,-0.111023,-0.066654
0.132654,-0.109509,-0.066614
0.129796,-0.109579,-0.065737
0.130522,-0.107688,-0.066384
0.129139,-0.108664,-0.066695
0.125853,-0.107152,-0.066936
0.126147,-0.102417,-0.066052
0.126501,-0.102909,-0.067589
0.125313,-0.102380,-0.065253
0.120914,-0.102564,-0.067183
0.121511,-0.099746,-0.065768
0.121342,-0.100112,-0.069449
0.118404,-0.098475,-0.067178
0.119050,-0.097537,-0.065583
0.115763,-0.093144,-0.066720
0.115297,-0.094223,-0.066326
0.115679,-0.094395,-0.066954
0.113160,-0.094937,-0.066929
0.112145,-0.090996,-0.066448
0.111384,-0.090918,-0.068001
0.107916,-0.090780,-0.067905
0.106090,-0.090825,-0.069466
0.104330,-0.089924,-0.067649
0.104153,-0.088333,-0.069762
0.104080,-0.087705,-0.068296
0.100846,-0.087989,-0.071127
0.099792,-0.087416,-0.070868
0.096762,-0.086344,-0.072266
0.093301,-0.085271,-0.072940
0.094867,-0.084370,-0.072743
0.092147,-0.084987,-0.073386
0.092006,-0.081449,-0.072855
0.089555,-0.083349,-0.073713
0.088534,-0.083215,-0.075439
0.085444,-0.080975,-0.073482
0.085261,-0.078464,-0.075653
0.082006,-0.080644,-0.075807
0.083253,-0.078670,-0.075812
0.079952,-0.077500,-0.077660
0.079879,-0.075922,-0.076529
0.078340,-0.077245,-0.076805
0.076175,-0.076586,-0.077028
0.075459,-0.074736,-0.076873
0.073049,-0.074913,-0.075734
0.070344,-0.073239,-0.077143
0.071902,-0.073312,-0.076538
0.069350,-0.069822,-0.079591
0.067190,-0.069733,-0.079079
0.065694,-0.071986,-0.079449
0.061533,-0.071822,-0.081207
0.057665,-0.072402,-0.082972
0.057916,-0.070021,-0.083248
0.055132,-0.070396,-0.085676
0.052465,-0.071523,-0.087287
0.047937,-0.071415,-0.087260
0.044670,-0.072221,-0.089112
0.043733,-0.073438,-0.091495
0.039305,-0.073710,-0.093501
0.036706,-0.077467,-0.096287
0.032816,-0.076877,-0.098110
0.029402,-0.079598,-0.101579
0.023956,-0.080968,-0.105581
0.019558,-0.082070,-0.108766
0.016916,-0.082243,-0.111320
0.012499,-0.084392,-0.113703
0.009720,-0.085621,-0.114378
0.007926,-0.086036,-0.116612
0.001578,-0.086688,-0.118355
-0.002417,-0.091156,-0.120695
-0.006988,-0.092954,-0.123179
-0.010843,-0.092333,-0.126456
-0.017548,-0.097374,-0.132488
0.203956,-0.356908,-0.145753
0.208067,-0.347149,-0.142943
0.210410,-0.342072,-0.138112
0.208413,-0.338028,-0.134965
0.212126,-0.335388,-0.133038
0.213544,-0.331593,-0.132002
0.213260,-0.329437,-0.130081
0.215160,-0.326503,-0.126916
0.215588,-0.321613,-0.126501
0.213652,-0.320518,-0.123364
0.216621,-0.315778,-0.123203
0.214855,-0.312722,-0.122411
0.216902,-0.310868,-0.120100
0.217338,-0.310650,-0.119604
0.216044,-0.302673,-0.117883
0.216915,-0.305011,-0.117906
0.215010,-0.300238,-0.116031
0.215244,-0.299440,-0.112885
0.215780,-0.294199,-0.113322
0.216056,-0.292115,-0.110923
0.214521,-0.291118,-0.110190
0.216312,-0.288105,-0.110199
0.216767,-0.286476,-0.109099
0.215280,-0.282362,-0.105904
0.215108,-0.282339,-0.106786
0.215449,-0.278248,-0.104912
0.214228,-0.278985,-0.105354
0.214458,-0.275093,-0.102862
0.214889,-0.270732,-0.104013
0.213365,-0.271353,-0.101716
0.213709,-0.269080,-0.101788
0.213147,-0.267267,-0.100081
0.212387,-0.262940,-0.100233
0.213007,-0.263694,-0.096492
0.211828,-0.259208,-0.098981
0.212315,-0.258030,-0.097999
0.212129,-0.257142,-0.094475
0.212699,-0.252492,-0.094287
0.212221,-0.252482,-0.093526
0.212917,-0.248230,-0.094224
0.210783,-0.248083,-0.092864
0.210210,-0.245158,-0.092386
0.210243,-0.242961,-0.090171
0.208468,-0.240447,-0.090763
0.207690,-0.241018,-0.089339
0.207735,-0.238028,-0.089414
0.208313,-0.234569,-0.087278
0.208039,-0.236643,-0.084807
0.206724,-0.232989,-0.087391
0.207940,-0.229724,-0.085764
0.206010,-0.228036,-0.083081
0.208011,-0.226259,-0.084447
0.205408,-0.224061,-0.086134
0.205308,-0.222823,-0.082847
0.201729,-0.220631,-0.084016
0.202855,-0.222426,-0.082741
0.201698,-0.218182,-0.081932
0.202175,-0.216404,-0.079672
0.200868,-0.216018,-0.082245
0.201645,-0.213503,-0.079594
0.199679,-0.209966,-0.080870
0.200006,-0.208565,-0.079304
0.198100,-0.206325,-0.079025
0.198748,-0.204859,-0.076477
0.198959,-0.204446,-0.076612
0.197571,-0.201700,-0.078186
0.195180,-0.200431,-0.076551
0.194453,-0.197418,-0.075602
0.195542,-0.199876,-0.075029
0.196298,-0.197000,-0.075454
0.192972,-0.195370,-0.073577
0.192299,-0.192444,-0.075333
0.192066,-0.191857,-0.073695
0.190191,-0.190677,-0.073617
0.191815,-0.186852,-0.074902
0.188701,-0.186993,-0.072222
0.187881,-0.185250,-0.071729
0.186675,-0.181803,-0.073942
0.186424,-0.180386,-0.072281
0.187382,-0.181658,-0.071726
0.184457,-0.179444,-0.072131
0.183078,-0.178781,-0.073858
0.184397,-0.178233,-0.070824
0.181963,-0.176044,-0.071982
0.180206,-0.174278,-0.071115
0.179872,-0.172923,-0.071917
0.178005,-0.172883,-0.071081
0.176929,-0.172008,-0.072782
0.175359,-0.169434,-0.071967
0.176540,-0.166782,-0.072615
0.172586,-0.169899,-0.072813
0.174012,-0.170011,-0.072139
0.170710,-0.167112,-0.071362
0.170047,-0.166053,-0.072595
0.169353,-0.164662,-0.071783
0.168113,-0.163079,-0.072901
0.166683,-0.161415,-0.072413
0.165798,-0.160514,-0.072282
0.165177,-0.158979,-0.073714
0.164254,-0.159079,-0.072281
0.162850,-0.158575,-0.073276
0.161011,-0.154149,-0.071632
0.159811,-0.154451,-0.072925
0.158770,-0.154427,-0.071350
0.158314,-0.151721,-0.072440
0.157196,-0.150371,-0.070781
0.157204,-0.149650,-0.070818
0.156008,-0.149116,-0.070723
0.154861,-0.147565,-0.070337
0.153579,-0.145065,-0.072484
0.152697,-0.143866,-0.069735
0.151554,-0.142685,-0.071240
0.149248,-0.144587,-0.072115
0.149682,-0.140000,-0.068936
0.147378,-0.140771,-0.072097
0.146484,-0.137947,-0.070027
0.145423,-0.138003,-0.068712
0.144061,-0.135403,-0.069201
0.145249,-0.132961,-0.069098
0.145471,-0.132098,-0.069665
0.141544,-0.131864,-0.068089
0.142527,-0.129786,-0.069015
0.139311,-0.128806,-0.068690
0.141190,-0.126770,-0.068543
0.139581,-0.126761,-0.066866
0.138960,-0.123943,-0.067997
0.138555,-0.123328,-0.068053
0.136987,-0.123323,-0.067835
0.138228,-0.119282,-0.068676
0.135618,-0.118050,-0.065809
0.134111,-0.117489,-0.067325
0.132920,-0.116094,-0.067367
0.132972,-0.114507,-0.067149
0.133174,-0.114203,-0.065718
0.129178,-0.114331,-0.064874
0.128933,-0.111798,-0.067851
0.129698,-0.108312,-0.068239
0.126190,-0.109061,-0.064816
0.128774,-0.107216,-0.066850
0.125624,-0.107300,-0.066008
0.124552,-0.105122,-0.066289
0.121624,-0.104775,-0.064922
0.122295,-0.105727,-0.066528
0.120212,-0.100924,-0.066624
0.118407,-0.099705,-0.063283
0.117634,-0.098820,-0.068076
0.115766,-0.097774,-0.066150
0.114941,-0.098924,-0.067242
0.114020,-0.098069,-0.067691
0.112072,-0.096192,-0.066906
0.112308,-0.094599,-0.067441
0.108223,-0.094542,-0.067751
0.107912,-0.093973,-0.066926
0.106198,-0.092885,-0.068796
0.104515,-0.092184,-0.068995
0.101342,-0.091811,-0.071206
0.103327,-0.090282,-0.071278
0.101817,-0.091769,-0.068756
0.098462,-0.090161,-0.071794
0.096366,-0.087521,-0.071399
0.095184,-0.089194,-0.071576
0.092081,-0.088151,-0.072292
0.090409,-0.086591,-0.072120
0.091285,-0.086431,-0.074114
0.087768,-0.084761,-0.071088
0.088123,-0.084365,-0.073833
0.085042,-0.083551,-0.074523
0.084536,-0.083399,-0.073838
0.082324,-0.084214,-0.073638
0.080649,-0.082276,-0.073659
0.081340,-0.081101,-0.074834
0.078715,-0.080701,-0.074516
0.077343,-0.080013,-0.073749
0.075554,-0.076211,-0.075850
0.075401,-0.076495,-0.078690
0.073239,-0.076828,-0.076178
0.068032,-0.075520,-0.076896
0.069243,-0.073936,-0.076687
0.067679,-0.073248,-0.077627
0.065215,-0.074565,-0.078182
0.064469,-0.074696,-0.078695
0.059813,-0.072883,-0.080238
0.059041,-0.073750,-0.083356
0.056926,-0.071997,-0.082690
0.054084,-0.074230,-0.082308
0.053399,-0.072751,-0.085275
0.049572,-0.072733,-0.089345
0.046647,-0.075011,-0.088602
0.042681,-0.076164,-0.089737
0.038884,-0.077836,-0.092288
0.036536,-0.078288,-0.093434
0.031594,-0.080868,-0.098445
0.028986,-0.080947,-0.099864
0.023872,-0.084904,-0.106432
0.019256,-0.084195,-0.106186
0.015302,-0.086637,-0.108654
0.011722,-0.087118,-0.110772
0.008185,-0.088672,-0.111946
0.005478,-0.087485,-0.113748
0.002432,-0.088716,-0.115022
0.000687,-0.090747,-0.117922
-0.003898,-0.093857,-0.123857
-0.008957,-0.094767,-0.125473
-0.015502,-0.096841,-0.129345
-0.022658,-0.101290,-0.134119
0.202648,-0.357945,-0.145739
0.206605,-0.352884,-0.142463
0.211707,-0.345639,-0.139406
0.209326,-0.342196,-0.135233
0.211754,-0.338976,-0.132575
0.213229,-0.334982,-0.131891
0.213724,-0.332915,-0.129891
0.214525,-0.329920,-0.127548
0.214741,-0.327110,-0.126376
0.213140,-0.323808,-0.122660
0.214425,-0.319299,-0.122887
0.214489,-0.316292,-0.118501
0.214544,-0.313758,-0.118693
0.217301,-0.312757,-0.117328
0.215130,-0.308733,-0.115916
0.214930,-0.306272,-0.115459
0.215603,-0.302927,-0.113897
0.216337,-0.301701,-0.114188
0.217021,-0.297441,-0.112969
0.215107,-0.296865,-0.110083
0.218152,-0.294398,-0.110959
0.216222,-0.290602,-0.108894
0.215997,-0.290624,-0.109337
0.215120,-0.286940,-0.107098
0.214572,-0.285530,-0.104697
0.214757,-0.283297,-0.104709
0.213017,-0.279035,-0.104797
0.215342,-0.278667,-0.102683
0.214555,-0.273627,-0.101474
0.214073,-0.273928,-0.102799
0.213153,-0.271985,-0.099269
0.212645,-0.268417,-0.099471
0.212781,-0.267798,-0.095924
0.211989,-0.266666,-0.098157
0.211557,-0.263138,-0.097339
0.211776,-0.261547,-0.093323
0.212759,-0.258516,-0.094333
0.209464,-0.255995,-0.092005
0.211090,-0.255741,-0.092718
0.210164,-0.251076,-0.091608
0.208968,-0.250751,-0.092090
0.209126,-0.248412,-0.091802
0.208060,-0.244945,-0.091985
0.208500,-0.244752,-0.090530
0.206587,-0.240631,-0.088748
0.208398,-0.239912,-0.088639
0.208396,-0.238873,-0.086308
0.207160,-0.236659,-0.085621
0.206990,-0.233686,-0.085233
0.206964,-0.232734,-0.083438
0.205776,-0.229494,-0.084162
0.207470,-0.229469,-0.086382
0.204579,-0.229597,-0.083235
0.202972,-0.226578,-0.082727
0.204189,-0.224645,-0.083984
0.204941,-0.220281,-0.082172
0.202679,-0.220532,-0.081065
0.199988,-0.218749,-0.081717
0.201828,-0.217571,-0.079732
0.201068,-0.216017,-0.077645
0.198681,-0.214372,-0.079840
0.198321,-0.211003,-0.077892
0.198672,-0.211216,-0.078395
0.199483,-0.210271,-0.077975
0.197220,-0.206365,-0.075917
0.196432,-0.204599,-0.077873
0.195092,-0.203759,-0.074948
0.196507,-0.202679,-0.075185
0.195299,-0.200831,-0.076444
0.194076,-0.197100,-0.075097
0.192126,-0.199073,-0.074928
0.191621,-0.195300,-0.074319
0.193204,-0.196817,-0.075959
0.189831,-0.193657,-0.074750
0.188461,-0.191306,-0.073559
0.188696,-0.189044,-0.073224
0.188855,-0.189671,-0.075378
0.186640,-0.185985,-0.072545
0.184501,-0.183148,-0.072022
0.185761,-0.185199,-0.072121
0.184721,-0.181801,-0.071940
0.184794,-0.182860,-0.072673
0.182579,-0.181651,-0.071671
0.180485,-0.179104,-0.072169
0.180981,-0.178605,-0.071268
0.176342,-0.177471,-0.070514
0.177869,-0.175876,-0.072240
0.177201,-0.175454,-0.070195
0.174761,-0.173560,-0.071506
0.175550,-0.169682,-0.070699
0.173578,-0.169437,-0.071526
0.172221,-0.169105,-0.069432
0.170725,-0.169456,-0.070340
0.169199,-0.167253,-0.071934
0.168204,-0.166563,-0.072578
0.167441,-0.166036,-0.072558
0.165885,-0.165809,-0.071092
0.166159,-0.164930,-0.072782
0.165169,-0.162484,-0.070920
0.162423,-0.160593,-0.070395
0.161493,-0.160099,-0.070877
0.160182,-0.159636,-0.069709
0.159934,-0.159235,-0.070744
0.157845,-0.155828,-0.071750
0.158905,-0.154008,-0.070745
0.156326,-0.154932,-0.070912
0.156029,-0.151382,-0.071669
0.156514,-0.149890,-0.070586
0.151921,-0.151224,-0.069899
0.153596,-0.150130,-0.070004
0.151264,-0.147802,-0.070986
0.151414,-0.145670,-0.071714
0.148334,-0.145099,-0.071109
0.150069,-0.144669,-0.069773
0.149547,-0.141205,-0.069034
0.146406,-0.140215,-0.069536
0.145693,-0.139941,-0.068741
0.143049,-0.137925,-0.067697
0.144595,-0.137262,-0.069827
0.143541,-0.133034,-0.067851
0.141902,-0.133588,-0.068307
0.141361,-0.132203,-0.068271
0.140194,-0.131970,-0.066446
0.139081,-0.130982,-0.067153
0.139018,-0.127859,-0.068420
0.137266,-0.127825,-0.067526
0.135670,-0.127100,-0.066545
0.136560,-0.124642,-0.067233
0.133276,-0.121842,-0.066004
0.134601,-0.122815,-0.068247
0.134793,-0.119393,-0.066587
0.133480,-0.121173,-0.066293
0.131661,-0.117353,-0.065197
0.129789,-0.117609,-0.066617
0.128814,-0.113805,-0.064501
0.127362,-0.113159,-0.066888
0.128246,-0.111952,-0.064793
0.126717,-0.111617,-0.066137
0.125101,-0.110361,-0.066956
0.123723,-0.110296,-0.064986
0.123525,-0.110697,-0.064028
0.120980,-0.107547,-0.065155
0.122669,-0.104932,-0.066099
0.120013,-0.105534,-0.064831
0.117947,-0.103214,-0.065576
0.116505,-0.102574,-0.064568
0.116738,-0.101358,-0.066077
0.114667,-0.100592,-0.067042
0.112951,-0.098961,-0.064804
0.112399,-0.099634,-0.064686
0.110541,-0.097959,-0.066239
0.107775,-0.099502,-0.067698
0.107280,-0.094152,-0.067769
0.105136,-0.095188,-0.065502
0.102330,-0.095563,-0.069327
0.101129,-0.093487,-0.070215
0.101971,-0.095175,-0.066364
0.098697,-0.093018,-0.068735
0.098118,-0.091438,-0.071456
0.096766,-0.090460,-0.069757
0.092393,-0.091253,-0.071413
0.091952,-0.090033,-0.070154
0.092707,-0.090954,-0.073324
0.088730,-0.091724,-0.072463
0.088235,-0.090058,-0.072069
0.087100,-0.088360,-0.074372
0.084459,-0.085840,-0.073317
0.085400,-0.084005,-0.073618
0.084836,-0.084814,-0.072955
0.081690,-0.083539,-0.073312
0.079099,-0.085221,-0.073640
0.078179,-0.082131,-0.074077
0.076684,-0.082342,-0.076043
0.075522,-0.082795,-0.074767
0.074310,-0.079919,-0.076548
0.071798,-0.078904,-0.077010
0.070153,-0.079439,-0.076111
0.069847,-0.079009,-0.076951
0.067224,-0.076069,-0.077503
0.063554,-0.075912,-0.077623
0.062727,-0.078075,-0.079795
0.061438,-0.075444,-0.079290
0.060747,-0.077715,-0.081032
0.057424,-0.076952,-0.082490
0.053343,-0.076224,-0.083427
0.051480,-0.075451,-0.083234
0.048074,-0.077490,-0.084716
0.047061,-0.078150,-0.087486
0.043273,-0.077870,-0.089750
0.038635,-0.079197,-0.092610
0.034543,-0.079651,-0.094214
0.030891,-0.081227,-0.096776
0.028115,-0.086259,-0.099249
0.023317,-0.087242,-0.100364
0.019524,-0.086364,-0.105544
0.014713,-0.089206,-0.107342
0.012832,-0.089016,-0.109773
0.009450,-0.090306,-0.111989
0.005365,-0.091610,-0.112749
0.001099,-0.092687,-0.115929
-0.000863,-0.093602,-0.116985
-0.005996,-0.094518,-0.121561
-0.007897,-0.095664,-0.122390
-0.014383,-0.098145,-0.124526
-0.021605,-0.101663,-0.132752
0.200583,-0.364648,-0.145781
0.205320,-0.355313,-0.142483
0.210993,-0.347513,-0.136961
0.210575,-0.345898,-0.133349
0.212140,-0.340819,-0.132079
0.212219,-0.337652,-0.130077
0.213272,-0.334134,-0.127508
0.214239,-0.331800,-0.127858
0.215912,-0.326652,-0.126499
0.215091,-0.325795,-0.120785
0.215898,-0.320129,-0.121112
0.214769,-0.319365,-0.121142
0.213337,-0.316220,-0.118079
0.215798,-0.313983,-0.118183
0.215077,-0.311994,-0.116458
0.215030,-0.309887,-0.114598
0.215869,-0.308045,-0.114244
0.214778,-0.304269,-0.112396
0.215402,-0.302166,-0.110256
0.214521,-0.296795,-0.110042
0.215198,-0.295365,-0.110637
0.215572,-0.292280,-0.107800
0.214041,-0.291468,-0.107052
0.217073,-0.289321,-0.103718
0.214697,-0.288073,-0.104264
0.214905,-0.283550,-0.104344
0.213705,-0.281340,-0.101054
0.212338,-0.279902,-0.101636
0.213447,-0.278398,-0.101672
0.212005,-0.275461,-0.099771
0.212130,-0.274546,-0.096317
0.212113,-0.269826,-0.099225
0.213784,-0.267880,-0.096325
0.214138,-0.267914,-0.098996
0.211878,-0.263364,-0.094905
0.211253,-0.263846,-0.096709
0.211961,-0.260811,-0.092387
0.212915,-0.259851,-0.094107
0.209586,-0.256193,-0.093246
0.208550,-0.253796,-0.090258
0.208877,-0.252688,-0.091870
0.209139,-0.251890,-0.090199
0.209645,-0.249878,-0.090743
0.208693,-0.247890,-0.088855
0.208250,-0.245308,-0.088066
0.209092,-0.243415,-0.085746
0.207186,-0.239864,-0.087447
0.206203,-0.239025,-0.085462
0.207522,-0.236587,-0.086265
0.208382,-0.236467,-0.086149
0.205599,-0.234390,-0.085153
0.203252,-0.231862,-0.083504
0.204647,-0.228996,-0.082847
0.203938,-0.228940,-0.083682
0.202818,-0.226264,-0.080777
0.203014,-0.222542,-0.080912
0.202340,-0.224240,-0.079828
0.202605,-0.221945,-0.079758
0.201808,-0.219810,-0.080961
0.199735,-0.218340,-0.079617
0.198896,-0.215418,-0.079033
0.197862,-0.215389,-0.077085
0.198147,-0.213952,-0.078298
0.196618,-0.211357,-0.077347
0.196083,-0.208355,-0.076960
0.197718,-0.206946,-0.074747
0.196961,-0.207829,-0.075415
0.195390,-0.205495,-0.074704
0.192511,-0.203937,-0.074739
0.190157,-0.201845,-0.073794
0.192164,-0.199717,-0.075041
0.191605,-0.199088,-0.073025
0.192615,-0.198795,-0.071923
0.188644,-0.194535,-0.075279
0.188256,-0.194352,-0.073287
0.189093,-0.191648,-0.073640
0.187374,-0.189976,-0.073096
0.186760,-0.190270,-0.072527
0.186440,-0.191113,-0.072431
0.186152,-0.187940,-0.070686
0.184508,-0.185015,-0.071924
0.180639,-0.182455,-0.071713
0.182008,-0.182241,-0.071784
0.180637,-0.181224,-0.071200
0.180465,-0.182588,-0.070482
0.179231,-0.180281,-0.070636
0.176679,-0.176962,-0.069154
0.176081,-0.177664,-0.069264
0.176028,-0.178986,-0.069921
0.174169,-0.175837,-0.072108
0.170998,-0.173544,-0.069937
0.171206,-0.171770,-0.070766
0.170575,-0.173327,-0.071854
0.170181,-0.170327,-0.071878
0.166745,-0.170913,-0.070417
0.167652,-0.169714,-0.070069
0.164550,-0.166942,-0.071919
0.166141,-0.167247,-0.071899
0.163639,-0.166301,-0.071297
0.161557,-0.165172,-0.071724
0.162303,-0.162800,-0.071450
0.160274,-0.162210,-0.071491
0.156496,-0.160418,-0.070402
0.159201,-0.160618,-0.070441
0.157929,-0.159129,-0.069959
0.156034,-0.155116,-0.069590
0.156123,-0.154736,-0.069705
0.154668,-0.154248,-0.070405
0.153473,-0.153946,-0.071472
0.151745,-0.151147,-0.069382
0.149901,-0.151621,-0.069795
0.150789,-0.149859,-0.070436
0.147675,-0.148253,-0.069200
0.148341,-0.147204,-0.068582
0.147186,-0.145296,-0.068452
0.146016,-0.144433,-0.068399
0.143495,-0.143754,-0.068689
0.144003,-0.141390,-0.066824
0.143742,-0.138156,-0.068382
0.142019,-0.136995,-0.069240
0.143796,-0.135787,-0.068516
0.140729,-0.135202,-0.067598
0.140736,-0.132733,-0.069299
0.140674,-0.131097,-0.068035
0.138860,-0.133496,-0.066343
0.136527,-0.129815,-0.067940
0.138814,-0.128471,-0.067126
0.136729,-0.127433,-0.067189
0.135891,-0.124914,-0.065247
0.133941,-0.124426,-0.066179
0.132312,-0.121129,-0.065161
0.132430,-0.124471,-0.065904
0.131097,-0.120881,-0.067083
0.130602,-0.120026,-0.066341
0.127877,-0.118395,-0.064911
0.127138,-0.116749,-0.065559
0.126598,-0.114816,-0.065432
0.125840,-0.114759,-0.063711
0.122633,-0.111865,-0.064010
0.122347,-0.112601,-0.064907
0.123684,-0.111717,-0.065243
0.121840,-0.108664,-0.063632
0.119341,-0.109480,-0.066363
0.118942,-0.108329,-0.065834
0.119247,-0.106644,-0.064909
0.114118,-0.105874,-0.066796
0.115916,-0.105259,-0.064095
0.113720,-0.103634,-0.064809
0.112225,-0.101170,-0.066025
0.112001,-0.101512,-0.063954
0.110088,-0.100915,-0.066374
0.110373,-0.101155,-0.065637
0.107108,-0.099384,-0.066028
0.103564,-0.098305,-0.067157
0.101744,-0.098132,-0.067145
0.104443,-0.096276,-0.068218
0.100793,-0.096513,-0.068512
0.099268,-0.096952,-0.067889
0.097391,-0.095658,-0.068406
0.095135,-0.094952,-0.070656
0.094320,-0.093389,-0.071787
0.091939,-0.092591,-0.070837
0.089967,-0.093239,-0.072553
0.087346,-0.093622,-0.072319
0.086403,-0.093198,-0.072506
0.086134,-0.091326,-0.074658
0.084624,-0.088914,-0.074494
0.082774,-0.088668,-0.072053
0.084414,-0.088960,-0.074468
0.080880,-0.087867,-0.072986
0.079079,-0.086978,-0.073796
0.078246,-0.086713,-0.075925
0.076587,-0.084070,-0.074581
0.073086,-0.084178,-0.074684
0.071306,-0.085060,-0.074662
0.071214,-0.081965,-0.075133
0.068504,-0.082430,-0.075912
0.068394,-0.082603,-0.076026
0.067955,-0.082842,-0.076491
0.064326,-0.081679,-0.075794
0.063137,-0.079319,-0.079797
0.061070,-0.079185,-0.080292
0.058409,-0.079188,-0.083033
0.056561,-0.076929,-0.082105
0.053978,-0.080064,-0.080648
0.051619,-0.078778,-0.084088
0.049575,-0.080788,-0.083967
0.047627,-0.078819,-0.088510
0.044306,-0.082125,-0.087386
0.040465,-0.080930,-0.089190
0.037110,-0.081860,-0.093195
0.032530,-0.082885,-0.095628
0.025871,-0.087633,-0.097783
0.022913,-0.090372,-0.100004
0.019521,-0.091487,-0.104330
0.017180,-0.091752,-0.106497
0.013582,-0.092615,-0.108323
0.008423,-0.092593,-0.110019
0.007185,-0.094615,-0.111095
0.004248,-0.096050,-0.115700
-0.000641,-0.096501,-0.114764
-0.003717,-0.098293,-0.119197
-0.007414,-0.098317,-0.121435
-0.012719,-0.098910,-0.123037
-0.018713,-0.101428,-0.126078
-0.028041,-0.107866,-0.134364
0.198263,-0.368180,-0.147941
0.203353,-0.358820,-0.142179
0.209763,-0.352248,-0.135473
0.210719,-0.346525,-0.133105
0.212670,-0.345609,-0.131712
0.210618,-0.341108,-0.130169
0.210060,-0.336636,-0.127809
0.215148,-0.334605,-0.124387
0.213576,-0.329611,-0.125366
0.214373,-0.327714,-0.121805
0.214777,-0.325355,-0.117934
0.214821,-0.323126,-0.118627
0.214842,-0.318201,-0.118543
0.215380,-0.316669,-0.115646
0.213493,-0.312369,-0.116991
0.214249,-0.311782,-0.112091
0.215920,-0.309227,-0.113559
0.216225,-0.307571,-0.113241
0.216255,-0.304161,-0.109917
0.215622,-0.301845,-0.108954
0.216245,-0.298155,-0.108057
0.215263,-0.296568,-0.106941
0.216883,-0.294241,-0.107771
0.214270,-0.291944,-0.104643
0.215653,-0.290446,-0.103735
0.214048,-0.287463,-0.102695
0.213180,-0.286188,-0.100788
0.213115,-0.284970,-0.100633
0.213048,-0.280374,-0.099721
0.212781,-0.277742,-0.098538
0.213965,-0.275686,-0.098426
0.213090,-0.274528,-0.097328
0.212035,-0.274046,-0.094720
0.210857,-0.269799,-0.096192
0.213998,-0.269762,-0.093476
0.211555,-0.265462,-0.093139
0.211025,-0.262336,-0.092025
0.212597,-0.262252,-0.090431
0.212237,-0.257814,-0.090250
0.209360,-0.257664,-0.090224
0.211143,-0.256747,-0.091655
0.208787,-0.255425,-0.088376
0.208831,-0.252101,-0.087181
0.208082,-0.251049,-0.087524
0.207137,-0.249442,-0.091640
0.207379,-0.248001,-0.087083
0.206374,-0.245501,-0.086131
0.205368,-0.241944,-0.085296
0.206598,-0.241108,-0.082545
0.205957,-0.239780,-0.084549
0.203110,-0.235853,-0.081854
0.203509,-0.235279,-0.083228
0.204974,-0.231724,-0.082058
0.205329,-0.233701,-0.080904
0.202818,-0.229636,-0.080817
0.201752,-0.228969,-0.077911
0.201567,-0.225774,-0.080280
0.201087,-0.224828,-0.079318
0.201772,-0.221385,-0.080496
0.199021,-0.221387,-0.078430
0.198337,-0.218932,-0.076470
0.197378,-0.216296,-0.076439
0.198252,-0.215368,-0.076539
0.196858,-0.214937,-0.076042
0.196960,-0.211376,-0.075542
0.197141,-0.210703,-0.076271
0.194194,-0.207570,-0.075308
0.193965,-0.207573,-0.075358
0.195197,-0.205388,-0.074888
0.192043,-0.205052,-0.076282
0.190508,-0.204633,-0.072695
0.188832,-0.201821,-0.072980
0.190323,-0.199150,-0.072997
0.189770,-0.197136,-0.073967
0.187348,-0.197680,-0.070853
0.188125,-0.195363,-0.073660
0.186517,-0.192969,-0.069614
0.185959,-0.193704,-0.071069
0.185264,-0.190544,-0.071805
0.185230,-0.190677,-0.070583
0.184277,-0.188192,-0.071137
0.183221,-0.185246,-0.068746
0.180962,-0.186173,-0.068212
0.180598,-0.183769,-0.070658
0.177806,-0.184562,-0.069209
0.177435,-0.181966,-0.071525
0.175982,-0.179807,-0.071456
0.175066,-0.180632,-0.068620
0.175065,-0.177269,-0.070134
0.173736,-0.178096,-0.068661
0.172131,-0.176995,-0.070257
0.171775,-0.175700,-0.069237
0.169899,-0.172656,-0.070135
0.167041,-0.174339,-0.069305
0.168693,-0.172079,-0.069324
0.166377,-0.170292,-0.069358
0.164846,-0.169781,-0.070825
0.163768,-0.169636,-0.071083
0.162897,-0.167033,-0.070597
0.161311,-0.166211,-0.070409
0.160704,-0.165896,-0.069395
0.158497,-0.164708,-0.070918
0.158898,-0.162692,-0.071853
0.156945,-0.162953,-0.072943
0.156214,-0.162180,-0.071732
0.154684,-0.159108,-0.071021
0.152945,-0.158223,-0.070670
0.154715,-0.156866,-0.067381
0.151370,-0.155992,-0.070880
0.151762,-0.154912,-0.069116
0.150470,-0.153300,-0.070101
0.150122,-0.151283,-0.069608
0.148934,-0.152169,-0.070340
0.147678,-0.148887,-0.068275
0.146608,-0.148938,-0.069303
0.147246,-0.146554,-0.068064
0.144658,-0.146490,-0.066840
0.142856,-0.143486,-0.070176
0.143778,-0.141698,-0.069073
0.141706,-0.141934,-0.067456
0.141956,-0.140982,-0.066666
0.142113,-0.139185,-0.066503
0.139613,-0.138048,-0.067513
0.138225,-0.136678,-0.066367
0.138364,-0.133254,-0.068448
0.135145,-0.132651,-0.067012
0.136613,-0.131298,-0.065502
0.135608,-0.131328,-0.066124
0.133787,-0.128253,-0.064628
0.132416,-0.128094,-0.065519
0.132526,-0.129111,-0.065010
0.131693,-0.126560,-0.065549
0.128622,-0.124704,-0.063604
0.129167,-0.122621,-0.064901
0.127064,-0.120726,-0.063377
0.128312,-0.120057,-0.065766
0.124973,-0.118260,-0.062730
0.125352,-0.118243,-0.062980
0.123972,-0.116924,-0.064248
0.122367,-0.115143,-0.063722
0.122763,-0.112128,-0.065171
0.118906,-0.112607,-0.064074
0.121091,-0.110666,-0.064787
0.119133,-0.110098,-0.064184
0.116549,-0.108663,-0.063781
0.116247,-0.108833,-0.063189
0.114935,-0.107426,-0.064527
0.113757,-0.107642,-0.063617
0.111242,-0.108177,-0.063019
0.110995,-0.105646,-0.063360
0.109265,-0.103896,-0.067452
0.105965,-0.102983,-0.065299
0.105854,-0.102449,-0.065884
0.103580,-0.102035,-0.064341
0.101555,-0.102038,-0.065487
0.100203,-0.099729,-0.066401
0.100521,-0.099142,-0.068064
0.098138,-0.099145,-0.066663
0.095753,-0.098725,-0.069098
0.094080,-0.098676,-0.068516
0.091830,-0.097024,-0.070088
0.089406,-0.097597,-0.071996
0.090843,-0.098517,-0.071717
0.086400,-0.097515,-0.073427
0.086933,-0.095343,-0.073133
0.084617,-0.094554,-0.072287
0.082215,-0.093905,-0.072739
0.083894,-0.091991,-0.072902
0.081339,-0.092695,-0.073431
0.078945,-0.089016,-0.073068
0.076265,-0.089094,-0.072653
0.076698,-0.088557,-0.073715
0.074528,-0.087865,-0.075604
0.073308,-0.085067,-0.077141
0.071018,-0.086833,-0.074877
0.069313,-0.085536,-0.075309
0.070190,-0.084796,-0.078466
0.068091,-0.082661,-0.075889
0.066795,-0.082797,-0.075868
0.062949,-0.082503,-0.075895
0.060153,-0.082213,-0.078243
0.059350,-0.083241,-0.078054
0.058933,-0.081333,-0.078756
0.055978,-0.081621,-0.080636
0.051738,-0.080940,-0.080038
0.050304,-0.080888,-0.082136
0.049914,-0.083151,-0.085288
0.046375,-0.084295,-0.084454
0.042949,-0.082448,-0.088084
0.041440,-0.084404,-0.088180
0.036815,-0.084005,-0.092064
0.031049,-0.088557,-0.095562
0.025628,-0.088028,-0.098359
0.022223,-0.091627,-0.101054
0.017787,-0.092172,-0.102683
0.015257,-0.092645,-0.105050
0.010205,-0.095077,-0.106719
0.009082,-0.096081,-0.109530
0.005409,-0.096562,-0.110642
0.001898,-0.096583,-0.112055
-0.000783,-0.097913,-0.112727
-0.003636,-0.097581,-0.115699
-0.008478,-0.100329,-0.116894
-0.013863,-0.100384,-0.122544
-0.017813,-0.102757,-0.123217
-0.023792,-0.108930,-0.132291
0.203299,-0.366081,-0.143223
0.209436,-0.356628,-0.135401
0.208998,-0.352264,-0.134236
0.210637,-0.349357,-0.131683
0.211882,-0.344065,-0.127998
0.212140,-0.339251,-0.127508
0.213116,-0.336054,-0.124338
0.212853,-0.332604,-0.122457
0.212387,-0.330443,-0.121403
0.214811,-0.327852,-0.116970
0.214947,-0.323191,-0.118288
0.216102,-0.321511,-0.116091
0.215736,-0.317770,-0.116093
0.212827,-0.317405,-0.112790
0.214430,-0.315305,-0.112447
0.213000,-0.311086,-0.113199
0.216515,-0.310808,-0.111835
0.215377,-0.306372,-0.108873
0.216796,-0.303703,-0.108582
0.214325,-0.303457,-0.107697
0.215127,-0.299298,-0.106171
0.215001,-0.296349,-0.104246
0.217593,-0.293938,-0.103344
0.216112,-0.291706,-0.102630
0.215376,-0.288601,-0.100731
0.213495,-0.290126,-0.099740
0.212807,-0.287653,-0.098591
0.212202,-0.282517,-0.099685
0.213266,-0.281221,-0.097344
0.211498,-0.277506,-0.097420
0.213166,-0.277480,-0.096636
0.212447,-0.274237,-0.097552
0.213337,-0.272383,-0.093246
0.212103,-0.270587,-0.093054
0.212608,-0.269424,-0.092722
0.212411,-0.265688,-0.092887
0.210702,-0.264206,-0.091574
0.210466,-0.261707,-0.090859
0.209675,-0.259625,-0.089830
0.208546,-0.259398,-0.087084
0.207563,-0.257085,-0.088161
0.207816,-0.255162,-0.086836
0.208600,-0.254371,-0.086702
0.207702,-0.250426,-0.086766
0.206466,-0.250305,-0.085454
0.205847,-0.246189,-0.084963
0.204440,-0.243073,-0.083966
0.204995,-0.242568,-0.083936
0.204558,-0.239418,-0.083923
0.206092,-0.238112,-0.082360
0.202943,-0.237074,-0.083219
0.205525,-0.235171,-0.081926
0.201618,-0.233652,-0.080657
0.202001,-0.233118,-0.079972
0.203573,-0.232177,-0.078518
0.200433,-0.226949,-0.079284
0.201020,-0.227065,-0.078456
0.197958,-0.225508,-0.076867
0.198545,-0.225352,-0.077524
0.197895,-0.224175,-0.077609
0.196270,-0.220604,-0.076663
0.198103,-0.217990,-0.075383
0.197940,-0.216890,-0.074050
0.195709,-0.215745,-0.073792
0.195367,-0.213455,-0.074109
0.193468,-0.210569,-0.072745
0.193343,-0.212323,-0.072839
0.192421,-0.209078,-0.073642
0.192161,-0.207591,-0.073829
0.192271,-0.205292,-0.072836
0.190913,-0.205889,-0.073336
0.188175,-0.204328,-0.071000
0.187936,-0.202659,-0.072857
0.187547,-0.202868,-0.072744
0.187709,-0.198674,-0.071703
0.187497,-0.197181,-0.071651
0.185527,-0.195558,-0.071141
0.184087,-0.195163,-0.071084
0.185873,-0.193227,-0.069601
0.183230,-0.191273,-0.068756
0.180452,-0.190475,-0.068900
0.179950,-0.190110,-0.070008
0.178638,-0.185865,-0.069687
0.177941,-0.186706,-0.069525
0.177953,-0.186534,-0.069843
0.176603,-0.181379,-0.068127
0.174954,-0.181212,-0.069353
0.173988,-0.181871,-0.068817
0.174405,-0.179870,-0.069381
0.171870,-0.179817,-0.069381
0.170447,-0.178045,-0.068076
0.169206,-0.176202,-0.067601
0.169947,-0.175730,-0.068058
0.167854,-0.174607,-0.069947
0.165519,-0.175216,-0.069851
0.165586,-0.170750,-0.070636
0.164376,-0.172091,-0.068978
0.164270,-0.170208,-0.070731
0.160646,-0.169471,-0.069326
0.159581,-0.168160,-0.069870
0.158829,-0.166619,-0.069752
0.157395,-0.166989,-0.071057
0.156472,-0.165213,-0.069743
0.154561,-0.163658,-0.070120
0.155744,-0.161708,-0.070117
0.153235,-0.160618,-0.068222
0.152859,-0.161277,-0.070568
0.152196,-0.159127,-0.067484
0.149721,-0.158576,-0.070669
0.149478,-0.157139,-0.068716
0.148248,-0.155550,-0.068320
0.148048,-0.152608,-0.070670
0.149415,-0.153568,-0.068387
0.145656,-0.149791,-0.069040
0.146012,-0.148910,-0.069059
0.145423,-0.147687,-0.068777
0.142239,-0.147433,-0.067601
0.142274,-0.146794,-0.066609
0.142036,-0.143866,-0.066672
0.142256,-0.142850,-0.067893
0.141598,-0.140948,-0.064879
0.138839,-0.139017,-0.066345
0.136880,-0.136978,-0.065825
0.136620,-0.138259,-0.064816
0.136199,-0.135340,-0.065415
0.135691,-0.134078,-0.066368
0.134422,-0.133716,-0.062116
0.133235,-0.129786,-0.064198
0.132712,-0.130461,-0.064908
0.130481,-0.129187,-0.064370
0.128881,-0.126341,-0.064907
0.130326,-0.125893,-0.064583
0.130202,-0.124753,-0.064050
0.127403,-0.121562,-0.065203
0.126068,-0.120934,-0.063004
0.125177,-0.120639,-0.064693
0.124341,-0.121020,-0.061660
0.125052,-0.118805,-0.065277
0.122168,-0.118998,-0.064028
0.120448,-0.116557,-0.062596
0.120810,-0.114697,-0.063712
0.119779,-0.114893,-0.062260
0.115552,-0.114305,-0.064439
0.117126,-0.112266,-0.063085
0.115653,-0.110394,-0.064510
0.114265,-0.109555,-0.063090
0.111323,-0.110903,-0.065233
0.110221,-0.109540,-0.064174
0.110459,-0.106395,-0.062745
0.109347,-0.104985,-0.064843
0.104530,-0.104662,-0.065675
0.106244,-0.105125,-0.064756
0.103013,-0.104490,-0.066602
0.102831,-0.102965,-0.066289
0.101374,-0.101834,-0.067342
0.099649,-0.102583,-0.067268
0.097343,-0.100666,-0.068220
0.095782,-0.103077,-0.069677
0.093066,-0.100808,-0.071715
0.090930,-0.099829,-0.069954
0.089093,-0.099236,-0.071639
0.088680,-0.100123,-0.070743
0.085316,-0.099904,-0.069337
0.083932,-0.098169,-0.072749
0.084666,-0.097611,-0.071709
0.082495,-0.097140,-0.075067
0.081097,-0.096837,-0.071154
0.078531,-0.095237,-0.073113
0.078589,-0.094416,-0.073374
0.078190,-0.092447,-0.073851
0.077011,-0.093341,-0.073246
0.077962,-0.089764,-0.074776
0.073272,-0.089607,-0.072512
0.072372,-0.091201,-0.074405
0.071861,-0.089685,-0.074273
0.068471,-0.088454,-0.075392
0.067287,-0.088856,-0.075024
0.066716,-0.088338,-0.075082
0.063389,-0.085671,-0.074255
0.060954,-0.084936,-0.077663
0.060379,-0.085859,-0.080010
0.057872,-0.085145,-0.079960
0.057047,-0.085712,-0.079519
0.053595,-0.084102,-0.081340
0.051584,-0.084166,-0.080291
0.047695,-0.083769,-0.081706
0.046233,-0.084132,-0.085274
0.042294,-0.085955,-0.086443
0.038039,-0.087919,-0.088633
0.035731,-0.086545,-0.091554
0.031934,-0.089090,-0.093221
0.027302,-0.092342,-0.096164
0.022640,-0.092894,-0.098231
0.020126,-0.094272,-0.102646
0.015406,-0.096145,-0.104590
0.012272,-0.096351,-0.106304
0.007370,-0.097832,-0.107589
0.005837,-0.099296,-0.110366
0.002464,-0.098908,-0.112752
-0.001402,-0.099365,-0.113005
-0.004357,-0.100370,-0.114733
-0.007876,-0.100246,-0.118015
-0.011597,-0.103212,-0.121609
-0.015290,-0.103676,-0.122372
-0.021842,-0.109551,-0.127864
-0.028831,-0.114810,-0.132826
0.201373,-0.368982,-0.143390
0.206598,-0.361304,-0.137330
0.209616,-0.353385,-0.131811
0.209980,-0.347408,-0.129573
0.211795,-0.346515,-0.125779
0.212684,-0.342578,-0.127246
0.213779,-0.338349,-0.123132
0.211014,-0.336192,-0.121222
0.212935,-0.333159,-0.121823
0.214757,-0.331609,-0.119516
0.213870,-0.326851,-0.117053
0.213319,-0.326159,-0.116327
0.214349,-0.320814,-0.114929
0.213638,-0.319839,-0.113048
0.213574,-0.316862,-0.109944
0.216406,-0.313040,-0.113260
0.214091,-0.312824,-0.108233
0.214920,-0.308773,-0.108626
0.215544,-0.306809,-0.106286
0.213716,-0.304069,-0.106166
0.215205,-0.301898,-0.104263
0.217246,-0.300044,-0.102072
0.214472,-0.295260,-0.105112
0.215489,-0.293812,-0.102272
0.214498,-0.291926,-0.101199
0.210418,-0.289750,-0.100538
0.211808,-0.289604,-0.098077
0.213218,-0.286219,-0.099202
0.211971,-0.284197,-0.097494
0.213019,-0.281648,-0.095331
0.213348,-0.278110,-0.095618
0.212770,-0.277913,-0.093701
0.211199,-0.276091,-0.093182
0.211333,-0.274416,-0.093544
0.211492,-0.269204,-0.089632
0.211078,-0.267302,-0.093111
0.211435,-0.265407,-0.090767
0.210798,-0.265578,-0.088549
0.209775,-0.262873,-0.087899
0.210289,-0.261227,-0.087516
0.209769,-0.259896,-0.087784
0.208683,-0.258454,-0.084856
0.207146,-0.256376,-0.085613
0.206542,-0.252638,-0.086474
0.204508,-0.250367,-0.084105
0.207428,-0.248750,-0.083247
0.205244,-0.247298,-0.083186
0.206184,-0.245283,-0.084019
0.205114,-0.243492,-0.081808
0.204044,-0.241610,-0.082631
0.204155,-0.240225,-0.079779
0.202514,-0.238731,-0.081027
0.203189,-0.237838,-0.079878
0.203374,-0.235284,-0.078847
0.199896,-0.232191,-0.079200
0.199477,-0.232154,-0.078620
0.201512,-0.231230,-0.077693
0.200397,-0.228522,-0.079595
0.197273,-0.224848,-0.079301
0.198719,-0.225477,-0.076502
0.196813,-0.223719,-0.076267
0.198521,-0.221417,-0.075860
0.197173,-0.217544,-0.073923
0.195394,-0.217822,-0.075161
0.195637,-0.215845,-0.073364
0.194819,-0.216174,-0.073228
0.194351,-0.213820,-0.074141
0.192686,-0.212614,-0.072575
0.192773,-0.210275,-0.074306
0.190203,-0.210304,-0.073408
0.191570,-0.206815,-0.071869
0.190425,-0.206455,-0.069090
0.189021,-0.203062,-0.072112
0.189072,-0.203114,-0.070728
0.186968,-0.203367,-0.071322
0.186448,-0.201525,-0.070931
0.185402,-0.198089,-0.069412
0.184860,-0.198367,-0.068560
0.184476,-0.195966,-0.068808
0.180750,-0.193146,-0.070948
0.180924,-0.193508,-0.070538
0.179209,-0.191777,-0.066911
0.180712,-0.191917,-0.069131
0.178040,-0.189055,-0.066463
0.177040,-0.188298,-0.069138
0.176326,-0.189005,-0.068005
0.175368,-0.185671,-0.068882
0.173009,-0.186092,-0.068751
0.172605,-0.182987,-0.068650
0.171831,-0.182322,-0.068424
0.171806,-0.182158,-0.068095
0.168658,-0.179244,-0.069710
0.166036,-0.179954,-0.068405
0.166922,-0.177043,-0.069021
0.166591,-0.175556,-0.070171
0.165214,-0.176135,-0.068869
0.163425,-0.173756,-0.069120
0.163339,-0.171149,-0.068696
0.160673,-0.172703,-0.070557
0.160177,-0.170831,-0.068414
0.160456,-0.171234,-0.069599
0.157318,-0.168365,-0.069180
0.157287,-0.168638,-0.068659
0.155804,-0.167946,-0.070704
0.153802,-0.167248,-0.070313
0.151350,-0.163348,-0.068206
0.151959,-0.164315,-0.070671
0.150537,-0.161338,-0.069909
0.149014,-0.161006,-0.069537
0.149426,-0.160461,-0.068851
0.148509,-0.160137,-0.069472
0.145137,-0.155552,-0.068393
0.145553,-0.155494,-0.069414
0.144479,-0.155760,-0.069033
0.144704,-0.153424,-0.068087
0.144059,-0.150519,-0.066715
0.141792,-0.149190,-0.066828
0.140174,-0.149572,-0.064614
0.140976,-0.147124,-0.068028
0.140986,-0.145594,-0.065769
0.139022,-0.144704,-0.067029
0.138030,-0.142184,-0.065653
0.134015,-0.141942,-0.065337
0.137018,-0.140370,-0.065498
0.134381,-0.138916,-0.065032
0.133759,-0.135718,-0.062589
0.134215,-0.136109,-0.065072
0.132452,-0.133540,-0.063411
0.131837,-0.133624,-0.063552
0.131256,-0.132344,-0.063683
0.130258,-0.131285,-0.064303
0.127991,-0.129096,-0.062969
0.126956,-0.127971,-0.064635
0.128519,-0.126944,-0.063719
0.125148,-0.126926,-0.063161
0.124948,-0.124023,-0.064348
0.123394,-0.122267,-0.063060
0.122778,-0.121290,-0.063063
0.122052,-0.120940,-0.062837
0.122332,-0.120379,-0.064457
0.118186,-0.118861,-0.060760
0.118879,-0.117120,-0.064495
0.119061,-0.115553,-0.064809
0.115225,-0.113977,-0.064155
0.115527,-0.114401,-0.063429
0.114677,-0.113699,-0.063303
0.113938,-0.111581,-0.062281
0.110720,-0.110730,-0.063081
0.109026,-0.109108,-0.063293
0.106754,-0.108092,-0.065453
0.107697,-0.107726,-0.064436
0.106252,-0.108951,-0.062259
0.101034,-0.106384,-0.066049
0.102702,-0.107747,-0.066318
0.099083,-0.105017,-0.064895
0.099170,-0.104584,-0.063873
0.096223,-0.103809,-0.069617
0.094199,-0.105273,-0.069013
0.093693,-0.102195,-0.068581
0.092416,-0.104134,-0.071725
0.086557,-0.103510,-0.070748
0.087875,-0.103311,-0.070923
0.086830,-0.101780,-0.073404
0.083819,-0.099710,-0.072289
0.083867,-0.102194,-0.071609
0.081323,-0.098462,-0.071844
0.079315,-0.098808,-0.071341
0.079007,-0.097671,-0.073344
0.077350,-0.095823,-0.072018
0.077350,-0.095835,-0.073359
0.075358,-0.094711,-0.073650
0.073269,-0.093464,-0.072919
0.071500,-0.093749,-0.072317
0.069467,-0.092734,-0.073126
0.069779,-0.094028,-0.075176
0.067455,-0.090477,-0.073983
0.065401,-0.091305,-0.075617
0.062631,-0.089302,-0.073967
0.063076,-0.086354,-0.075331
0.061014,-0.089051,-0.074326
0.059003,-0.087247,-0.077465
0.058054,-0.086580,-0.077516
0.055367,-0.086594,-0.079751
0.053092,-0.087428,-0.080025
0.051380,-0.087671,-0.079152
0.050178,-0.085934,-0.083124
0.046301,-0.087752,-0.082918
0.042895,-0.087848,-0.084836
0.039891,-0.090966,-0.087315
0.035592,-0.090460,-0.089592
0.031920,-0.092202,-0.091104
0.027822,-0.093722,-0.096348
0.021624,-0.095016,-0.097682
0.019340,-0.097297,-0.100888
0.015305,-0.097020,-0.101948
0.012567,-0.100346,-0.106116
0.007903,-0.098191,-0.106145
0.006361,-0.102447,-0.107492
0.002697,-0.100553,-0.110667
-0.000486,-0.102641,-0.112748
-0.003863,-0.102038,-0.115692
-0.007932,-0.102240,-0.115660
-0.012612,-0.105782,-0.118449
-0.015696,-0.105067,-0.121210
-0.021155,-0.109316,-0.123682
-0.027774,-0.114165,-0.132135
0.198715,-0.372663,-0.143808
0.204835,-0.364853,-0.137492
0.208802,-0.357108,-0.130412
0.209389,-0.354633,-0.127880
0.211683,-0.349555,-0.128952
0.211306,-0.346181,-0.124522
0.211352,-0.343177,-0.123440
0.212552,-0.339934,-0.121920
0.214036,-0.333759,-0.118701
0.212023,-0.332981,-0.117131
0.212844,-0.330607,-0.114676
0.214832,-0.329141,-0.117404
0.214594,-0.325030,-0.113244
0.214334,-0.322772,-0.113611
0.214600,-0.319091,-0.110147
0.215312,-0.317427,-0.109440
0.213998,-0.314464,-0.109472
0.213372,-0.312673,-0.107922
0.213669,-0.310191,-0.105729
0.215182,-0.308715,-0.104061
0.216294,-0.304047,-0.103067
0.215444,-0.301728,-0.102407
0.213843,-0.299295,-0.100914
0.213928,-0.296870,-0.099816
0.212912,-0.294453,-0.100190
0.213973,-0.292421,-0.100034
0.211636,-0.292133,-0.097712
0.213133,-0.289630,-0.097309
0.212899,-0.288492,-0.097530
0.210614,-0.284820,-0.096895
0.212564,-0.282050,-0.093865
0.212915,-0.280124,-0.091446
0.211243,-0.278509,-0.092682
0.210052,-0.277094,-0.091633
0.212408,-0.271875,-0.091535
0.211250,-0.269485,-0.090142
0.210487,-0.269546,-0.088106
0.211587,-0.269785,-0.088364
0.210445,-0.266315,-0.087312
0.208693,-0.262534,-0.086519
0.208651,-0.261409,-0.086456
0.207318,-0.260461,-0.085922
0.206582,-0.257875,-0.086144
0.206756,-0.257187,-0.084122
0.206884,-0.253954,-0.082154
0.205960,-0.252098,-0.082555
0.204920,-0.250507,-0.081460
0.205719,-0.247599,-0.080059
0.205642,-0.247695,-0.080710
0.203892,-0.243195,-0.080505
0.203739,-0.243034,-0.080342
0.202394,-0.240867,-0.079101
0.201019,-0.238082,-0.079586
0.201118,-0.237975,-0.080281
0.202540,-0.236293,-0.076113
0.200896,-0.233144,-0.079289
0.198179,-0.231576,-0.076856
0.200718,-0.230436,-0.076835
0.197408,-0.227759,-0.074363
0.197411,-0.227434,-0.075408
0.196389,-0.227726,-0.075675
0.196942,-0.225221,-0.075543
0.193880,-0.220873,-0.074573
0.196002,-0.221726,-0.073858
0.195940,-0.219069,-0.073466
0.193068,-0.215974,-0.073062
0.193675,-0.216518,-0.074002
0.192442,-0.213018,-0.072301
0.191970,-0.212244,-0.071253
0.188773,-0.211459,-0.070861
0.189411,-0.208448,-0.071917
0.188645,-0.209267,-0.070054
0.186030,-0.206447,-0.071417
0.186808,-0.205558,-0.069378
0.186235,-0.204235,-0.071377
0.185064,-0.201837,-0.071429
0.183167,-0.200936,-0.068036
0.185170,-0.199554,-0.068434
0.181685,-0.199997,-0.069293
0.181820,-0.195923,-0.070849
0.180583,-0.195545,-0.069869
0.179634,-0.194014,-0.066932
0.179446,-0.191355,-0.069846
0.179048,-0.191710,-0.067407
0.176902,-0.190092,-0.068044
0.176531,-0.188654,-0.068559
0.174104,-0.189621,-0.068558
0.172928,-0.188164,-0.068081
0.173906,-0.185384,-0.066819
0.170532,-0.184243,-0.068485
0.169780,-0.183908,-0.066770
0.169806,-0.181545,-0.068416
0.167492,-0.181653,-0.069060
0.168622,-0.180639,-0.068366
0.165446,-0.179191,-0.068211
0.163899,-0.180250,-0.068639
0.162812,-0.177447,-0.068319
0.162191,-0.176436,-0.067111
0.159199,-0.175481,-0.068520
0.157566,-0.173504,-0.067236
0.159277,-0.171988,-0.067681
0.155821,-0.173187,-0.067931
0.154571,-0.170304,-0.068476
0.153264,-0.171630,-0.069366
0.154473,-0.169678,-0.067705
0.151831,-0.167062,-0.068507
0.151203,-0.167539,-0.071030
0.150773,-0.165632,-0.068676
0.148605,-0.166375,-0.068356
0.148138,-0.160034,-0.067578
0.145655,-0.160865,-0.069478
0.145796,-0.161128,-0.066855
0.145153,-0.158033,-0.068428
0.144150,-0.157354,-0.067152
0.143052,-0.156268,-0.068542
0.142033,-0.153680,-0.066360
0.142315,-0.152845,-0.066624
0.139951,-0.150319,-0.065238
0.141655,-0.148804,-0.067116
0.138892,-0.147661,-0.067390
0.138127,-0.148165,-0.066502
0.136566,-0.146682,-0.066400
0.139173,-0.144489,-0.067501
0.137629,-0.143550,-0.065659
0.134373,-0.140868,-0.063895
0.133088,-0.138833,-0.064079
0.132933,-0.139966,-0.064953
0.130838,-0.138615,-0.063725
0.131488,-0.135894,-0.064363
0.131545,-0.134558,-0.062333
0.129396,-0.131190,-0.062971
0.126555,-0.132643,-0.062778
0.128352,-0.129448,-0.063139
0.127803,-0.129915,-0.062885
0.126061,-0.128182,-0.060501
0.124954,-0.127806,-0.063787
0.122405,-0.125226,-0.062484
0.122587,-0.123530,-0.064200
0.121985,-0.123814,-0.061209
0.122002,-0.122557,-0.061564
0.118795,-0.121084,-0.061038
0.118136,-0.120807,-0.062870
0.116611,-0.118842,-0.065304
0.114064,-0.118075,-0.061780
0.114346,-0.117598,-0.061655
0.113119,-0.114091,-0.062214
0.112489,-0.115483,-0.062145
0.111936,-0.114242,-0.061440
0.107581,-0.114822,-0.063742
0.109410,-0.111566,-0.064898
0.108018,-0.110743,-0.064626
0.104963,-0.111604,-0.064187
0.102078,-0.111168,-0.065087
0.100355,-0.107531,-0.067118
0.101061,-0.108507,-0.064963
0.099427,-0.108865,-0.065102
0.095746,-0.108629,-0.066086
0.093227,-0.106893,-0.065318
0.093113,-0.106525,-0.067456
0.088482,-0.106703,-0.069254
0.088955,-0.107811,-0.069803
0.087655,-0.105005,-0.070107
0.084549,-0.105526,-0.070517
0.084055,-0.102809,-0.070781
0.082866,-0.105611,-0.073198
0.080157,-0.103111,-0.069753
0.079893,-0.101627,-0.071383
0.078793,-0.099834,-0.072297
0.077280,-0.101615,-0.070818
0.076339,-0.099166,-0.073315
0.074846,-0.097808,-0.073331
0.072973,-0.096922,-0.073152
0.072334,-0.097339,-0.072347
0.068875,-0.094330,-0.072175
0.069001,-0.093978,-0.074092
0.068650,-0.091847,-0.073073
0.066559,-0.093575,-0.074361
0.062386,-0.091151,-0.073618
0.060101,-0.090440,-0.076392
0.060283,-0.089935,-0.074686
0.059527,-0.092417,-0.077662
0.056449,-0.089606,-0.076709
0.054701,-0.091213,-0.078163
0.051516,-0.089212,-0.080247
0.051757,-0.089296,-0.077298
0.051865,-0.088542,-0.080661
0.044409,-0.089545,-0.083535
0.042655,-0.091744,-0.084839
0.039606,-0.093363,-0.086936
0.036516,-0.094202,-0.089631
0.031472,-0.095263,-0.093042
0.027244,-0.097616,-0.094914
0.023447,-0.097802,-0.097071
0.017429,-0.098930,-0.099633
0.014100,-0.100151,-0.101316
0.010792,-0.101519,-0.106587
0.007262,-0.102302,-0.104388
0.006353,-0.102693,-0.108397
0.002972,-0.103894,-0.108662
0.001584,-0.104138,-0.110144
-0.005717,-0.104618,-0.112026
-0.006375,-0.107220,-0.116766
-0.010986,-0.108812,-0.116112
-0.015542,-0.106864,-0.120500
-0.019673,-0.110591,-0.124182
-0.026837,-0.115289,-0.128244
0.195823,-0.376837,-0.144378
0.201926,-0.369309,-0.138272
0.208483,-0.358983,-0.130454
0.207847,-0.355159,-0.129077
0.210458,-0.355453,-0.127264
0.210693,-0.349495,-0.125232
0.212685,-0.345379,-0.122874
0.213747,-0.342023,-0.121920
0.215156,-0.337836,-0.118501
0.216194,-0.335178,-0.117006
0.213430,-0.331198,-0.114774
0.214562,-0.329362,-0.114677
0.214428,-0.328204,-0.113646
0.213940,-0.326809,-0.111278
0.211282,-0.322133,-0.110142
0.214637,-0.319731,-0.107435
0.215237,-0.316413,-0.107836
0.215865,-0.314805,-0.105381
0.214136,-0.311259,-0.105237
0.213513,-0.311506,-0.105159
0.213830,-0.307205,-0.102407
0.213823,-0.304856,-0.102262
0.213184,-0.302244,-0.101740
0.214075,-0.300480,-0.100555
0.213631,-0.297957,-0.099982
0.214230,-0.296983,-0.098870
0.212865,-0.294093,-0.096254
0.213788,-0.291426,-0.096964
0.212531,-0.290504,-0.095917
0.211487,-0.289307,-0.094090
0.212683,-0.283796,-0.093151
0.211435,-0.281743,-0.093437
0.209971,-0.281258,-0.093146
0.211372,-0.279225,-0.091236
0.210723,-0.276077,-0.092072
0.212020,-0.275130,-0.089525
0.209558,-0.271001,-0.087440
0.210904,-0.270503,-0.086720
0.208575,-0.268551,-0.087311
0.207628,-0.267667,-0.086496
0.209336,-0.264435,-0.085038
0.206930,-0.261197,-0.085813
0.206473,-0.259125,-0.084241
0.207465,-0.257238,-0.083083
0.205701,-0.256335,-0.083113
0.204215,-0.254685,-0.083570
0.207175,-0.251512,-0.080053
0.204805,-0.250800,-0.083488
0.203216,-0.250498,-0.081200
0.202656,-0.245003,-0.080704
0.203760,-0.244530,-0.078267
0.202003,-0.242435,-0.077625
0.201906,-0.242082,-0.077577
0.202026,-0.242252,-0.078203
0.202479,-0.239651,-0.078504
0.200929,-0.238102,-0.077958
0.199360,-0.235384,-0.076558
0.198050,-0.234717,-0.075895
0.197124,-0.232347,-0.073908
0.197030,-0.229829,-0.075311
0.195718,-0.227783,-0.072769
0.196173,-0.227955,-0.073260
0.193092,-0.224624,-0.073320
0.193891,-0.222505,-0.073292
0.194138,-0.221502,-0.072423
0.193313,-0.220493,-0.071394
0.193884,-0.218371,-0.072833
0.190185,-0.218705,-0.070297
0.192048,-0.214411,-0.071058
0.189661,-0.212529,-0.068790
0.189728,-0.212136,-0.070360
0.188186,-0.212169,-0.070674
0.187372,-0.209914,-0.068803
0.187638,-0.207437,-0.070016
0.185068,-0.207546,-0.070280
0.184501,-0.205414,-0.070441
0.183481,-0.204592,-0.069221
0.183370,-0.202828,-0.069864
0.183927,-0.200536,-0.069064
0.181492,-0.200596,-0.069625
0.179063,-0.198894,-0.067719
0.179299,-0.199153,-0.069114
0.178122,-0.195319,-0.068144
0.176746,-0.194661,-0.066537
0.175579,-0.192598,-0.067235
0.175524,-0.193123,-0.068663
0.174569,-0.189803,-0.066811
0.171390,-0.188774,-0.068130
0.169959,-0.190426,-0.067091
0.170218,-0.189370,-0.066567
0.169956,-0.186708,-0.069604
0.170420,-0.185837,-0.067034
0.165254,-0.186108,-0.067502
0.166809,-0.184856,-0.068428
0.165456,-0.182508,-0.066999
0.162316,-0.181085,-0.067714
0.162372,-0.180598,-0.070147
0.159472,-0.180580,-0.068264
0.158631,-0.179054,-0.069668
0.157722,-0.175624,-0.068394
0.155169,-0.176716,-0.067647
0.154711,-0.175786,-0.069268
0.155114,-0.174747,-0.068501
0.151779,-0.170723,-0.068197
0.152888,-0.173076,-0.069663
0.151787,-0.171927,-0.068527
0.150785,-0.169592,-0.069773
0.150332,-0.168010,-0.068198
0.146669,-0.168438,-0.068487
0.148180,-0.165963,-0.068109
0.147080,-0.163854,-0.067619
0.146512,-0.162320,-0.068602
0.144898,-0.161267,-0.068733
0.143252,-0.161168,-0.069342
0.142415,-0.160228,-0.068606
0.141176,-0.158456,-0.067396
0.139789,-0.155617,-0.067285
0.137581,-0.154675,-0.064998
0.138474,-0.152891,-0.065432
0.138295,-0.150953,-0.065586
0.136763,-0.149724,-0.065184
0.137046,-0.149160,-0.065825
0.136318,-0.147418,-0.064808
0.132388,-0.144918,-0.063715
0.133623,-0.146362,-0.064968
0.133427,-0.142066,-0.064086
0.133215,-0.141442,-0.065394
0.132337,-0.141287,-0.064248
0.131106,-0.139876,-0.062665
0.131491,-0.138084,-0.062235
0.128833,-0.136046,-0.062753
0.127362,-0.137573,-0.062407
0.127255,-0.134753,-0.062903
0.124667,-0.133746,-0.062281
0.124664,-0.131742,-0.063421
0.124910,-0.130812,-0.061247
0.125113,-0.127581,-0.063094
0.119762,-0.127632,-0.061900
0.120603,-0.125550,-0.062366
0.119714,-0.125407,-0.061233
0.119025,-0.122641,-0.063188
0.116413,-0.121999,-0.062091
0.117150,-0.122095,-0.061741
0.113356,-0.119993,-0.062016
0.115509,-0.119359,-0.062487
0.112415,-0.119712,-0.063107
0.111317,-0.116389,-0.061607
0.109611,-0.118246,-0.061921
0.109943,-0.117023,-0.061706
0.106531,-0.117247,-0.064364
0.106654,-0.114498,-0.063272
0.103611,-0.114686,-0.064213
0.102123,-0.113333,-0.064023
0.100976,-0.111810,-0.066979
0.098405,-0.111362,-0.064089
0.096865,-0.109136,-0.067535
0.093075,-0.112038,-0.065150
0.094164,-0.109322,-0.067231
0.091170,-0.110628,-0.069053
0.090635,-0.109655,-0.067890
0.089034,-0.107961,-0.067972
0.084643,-0.108845,-0.071828
0.083922,-0.108054,-0.071063
0.082669,-0.106953,-0.071801
0.081008,-0.108326,-0.071891
0.078419,-0.106821,-0.072377
0.077971,-0.104832,-0.071221
0.077539,-0.102022,-0.072279
0.077597,-0.101566,-0.070122
0.074006,-0.101705,-0.072277
0.074668,-0.098656,-0.072310
0.072135,-0.099991,-0.073307
0.072404,-0.097770,-0.070895
0.070457,-0.098181,-0.071981
0.067255,-0.097851,-0.072824
0.066046,-0.096109,-0.072229
0.066282,-0.095627,-0.076172
0.062904,-0.094231,-0.072797
0.062354,-0.095621,-0.074630
0.060661,-0.092728,-0.074070
0.056977,-0.092947,-0.076453
0.056297,-0.093479,-0.076320
0.054378,-0.091477,-0.077677
0.051899,-0.091908,-0.078710
0.049061,-0.091732,-0.078909
0.046366,-0.092267,-0.079407
0.043885,-0.093205,-0.083173
0.041858,-0.094660,-0.085209
0.037151,-0.094575,-0.084896
0.035261,-0.094436,-0.087064
0.032161,-0.095094,-0.091442
0.027161,-0.100301,-0.095316
0.021189,-0.100679,-0.097496
0.017905,-0.102222,-0.098541
0.016182,-0.103178,-0.098923
0.011893,-0.103804,-0.102510
0.008195,-0.106082,-0.103454
0.005958,-0.105747,-0.106205
0.001261,-0.105839,-0.109013
-0.002732,-0.107942,-0.110546
-0.002905,-0.109401,-0.113080
-0.007258,-0.109189,-0.115036
-0.011184,-0.109440,-0.115603
-0.013882,-0.112560,-0.120105
-0.017960,-0.112107,-0.122791
-0.023353,-0.114930,-0.127519
-0.029871,-0.119142,-0.131197
0.201478,-0.372795,-0.137359
0.206057,-0.363295,-0.132935
0.208695,-0.360267,-0.127963
0.208590,-0.354759,-0.123786
0.209337,-0.353938,-0.125930
0.211904,-0.347508,-0.121993
0.212257,-0.344064,-0.118076
0.213725,-0.341497,-0.117671
0.213202,-0.339381,-0.117008
0.213791,-0.335717,-0.114231
0.214806,-0.331551,-0.112142
0.213702,-0.331598,-0.112958
0.212740,-0.326992,-0.110280
0.214240,-0.325494,-0.109222
0.212642,-0.323220,-0.107298
0.215187,-0.319858,-0.107852
0.213846,-0.317297,-0.105818
0.212303,-0.313694,-0.104309
0.214082,-0.311675,-0.103493
0.215606,-0.310045,-0.101761
0.212810,-0.307990,-0.101209
0.214003,-0.304954,-0.098844
0.213077,-0.301825,-0.100910
0.213557,-0.300807,-0.098921
0.212950,-0.299071,-0.096105
0.212842,-0.295298,-0.096637
0.213037,-0.293732,-0.096037
0.211915,-0.291979,-0.093718
0.212782,-0.290566,-0.093290
0.210898,-0.287754,-0.095035
0.211191,-0.285416,-0.091623
0.212679,-0.283349,-0.090409
0.211019,-0.282611,-0.089822
0.210042,-0.279640,-0.089255
0.209197,-0.277210,-0.090360
0.209281,-0.275195,-0.087680
0.209396,-0.273608,-0.087025
0.210712,-0.271777,-0.084822
0.208616,-0.269795,-0.086399
0.206700,-0.267544,-0.083368
0.206699,-0.264192,-0.084230
0.207951,-0.264029,-0.084685
0.206933,-0.260572,-0.084771
0.205603,-0.259798,-0.081237
0.206136,-0.259512,-0.080582
0.205486,-0.256290,-0.081186
0.204028,-0.252482,-0.080410
0.203392,-0.253054,-0.080318
0.206641,-0.249196,-0.079286
0.202179,-0.247906,-0.078251
0.201522,-0.246891,-0.079463
0.202889,-0.243414,-0.076322
0.201497,-0.241842,-0.076970
0.200646,-0.241667,-0.076210
0.198735,-0.242020,-0.077737
0.198542,-0.238153,-0.075384
0.196846,-0.236383,-0.074439
0.196547,-0.235703,-0.076390
0.196858,-0.232800,-0.074379
0.194294,-0.232554,-0.074046
0.194132,-0.230572,-0.072993
0.196122,-0.227977,-0.073953
0.195399,-0.224599,-0.071090
0.193076,-0.225903,-0.070632
0.194726,-0.222673,-0.072606
0.193044,-0.221118,-0.071220
0.191866,-0.220301,-0.070275
0.190781,-0.218939,-0.071910
0.189815,-0.217881,-0.069736
0.189068,-0.217104,-0.071676
0.188009,-0.214224,-0.069771
0.186460,-0.214517,-0.068468
0.188318,-0.211889,-0.068576
0.184919,-0.211009,-0.069150
0.182472,-0.206937,-0.068685
0.183814,-0.208576,-0.069099
0.182647,-0.206929,-0.068610
0.182852,-0.206452,-0.069240
0.181181,-0.203364,-0.066682
0.180268,-0.200884,-0.066549
0.180379,-0.199924,-0.065284
0.176517,-0.199259,-0.066820
0.177988,-0.199390,-0.065729
0.175410,-0.196978,-0.068623
0.173165,-0.194867,-0.067580
0.172291,-0.193121,-0.064611
0.172691,-0.192847,-0.065365
0.171193,-0.191801,-0.066491
0.171263,-0.193076,-0.067709
0.167813,-0.187648,-0.067913
0.168358,-0.187777,-0.067082
0.166711,-0.187840,-0.065975
0.166665,-0.186749,-0.066839
0.166679,-0.183959,-0.065744
0.162791,-0.183554,-0.068783
0.162960,-0.183274,-0.068202
0.160966,-0.183425,-0.067587
0.160100,-0.180653,-0.065846
0.158942,-0.180912,-0.066859
0.155666,-0.178581,-0.067961
0.155621,-0.179049,-0.067949
0.154035,-0.177352,-0.069346
0.152904,-0.177737,-0.068558
0.153184,-0.174549,-0.069475
0.150596,-0.175326,-0.066892
0.150595,-0.173228,-0.067351
0.149377,-0.172108,-0.068532
0.149234,-0.171345,-0.067471
0.146594,-0.167846,-0.067364
0.145097,-0.166970,-0.069650
0.144107,-0.166355,-0.067321
0.143823,-0.166031,-0.068386
0.142930,-0.163523,-0.065390
0.141460,-0.162368,-0.066778
0.140473,-0.161106,-0.066594
0.139630,-0.159957,-0.065429
0.138630,-0.156553,-0.066227
0.138251,-0.155990,-0.064109
0.138091,-0.153346,-0.066138
0.137282,-0.154788,-0.064210
0.136562,-0.151369,-0.064861
0.134876,-0.152240,-0.064609
0.135636,-0.149707,-0.063226
0.134773,-0.148280,-0.065125
0.133520,-0.145897,-0.064569
0.131451,-0.144010,-0.062459
0.129196,-0.142314,-0.061794
0.130983,-0.143886,-0.063465
0.129938,-0.141523,-0.062920
0.127547,-0.139974,-0.062370
0.128958,-0.137925,-0.063429
0.127171,-0.136537,-0.059088
0.124656,-0.136308,-0.063185
0.124488,-0.132875,-0.060464
0.124665,-0.132850,-0.061162
0.122852,-0.130015,-0.061683
0.120168,-0.130724,-0.062471
0.118200,-0.130681,-0.061390
0.118212,-0.128478,-0.062545
0.116529,-0.128897,-0.061161
0.117421,-0.125755,-0.061744
0.115662,-0.124382,-0.061264
0.114898,-0.124264,-0.060715
0.112356,-0.124345,-0.061034
0.111436,-0.120863,-0.062242
0.109832,-0.121739,-0.060978
0.109808,-0.120031,-0.060750
0.108694,-0.119857,-0.062016
0.106231,-0.118727,-0.063459
0.105571,-0.118080,-0.063300
0.103938,-0.116895,-0.064248
0.101641,-0.115456,-0.064108
0.101986,-0.115221,-0.065067
0.101185,-0.113858,-0.064297
0.097472,-0.113659,-0.065052
0.096748,-0.114665,-0.067056
0.092427,-0.112152,-0.065067
0.090885,-0.114054,-0.067257
0.087690,-0.113008,-0.067499
0.089054,-0.110862,-0.068535
0.084737,-0.111434,-0.068062
0.084272,-0.112395,-0.069788
0.082104,-0.109082,-0.069098
0.081140,-0.109931,-0.070929
0.080151,-0.107811,-0.069509
0.077559,-0.107348,-0.072337
0.076081,-0.104948,-0.070636
0.076260,-0.107160,-0.071499
0.075423,-0.102907,-0.072795
0.073939,-0.103134,-0.071652
0.072254,-0.102361,-0.070676
0.070491,-0.100886,-0.070345
0.068572,-0.100343,-0.071969
0.067789,-0.099757,-0.072897
0.066734,-0.099555,-0.072772
0.065119,-0.098505,-0.073714
0.063365,-0.096970,-0.071810
0.061166,-0.096028,-0.073211
0.057041,-0.097282,-0.074864
0.059427,-0.094852,-0.074994
0.056790,-0.095699,-0.075044
0.052263,-0.094310,-0.076141
0.050327,-0.096239,-0.077091
0.049243,-0.094571,-0.079211
0.047794,-0.093324,-0.077802
0.045151,-0.096548,-0.081432
0.040746,-0.095653,-0.081881
0.037744,-0.097176,-0.084639
0.034501,-0.098252,-0.085705
0.029659,-0.099061,-0.090112
0.026472,-0.100712,-0.091763
0.021174,-0.101959,-0.096344
0.016799,-0.106049,-0.098197
0.013596,-0.106168,-0.101243
0.010123,-0.106895,-0.102612
0.007663,-0.109459,-0.102933
0.005611,-0.109071,-0.104868
0.001198,-0.109546,-0.109150
-0.002691,-0.108927,-0.110176
-0.005204,-0.108460,-0.110486
-0.007682,-0.110421,-0.113877
-0.009894,-0.112474,-0.115139
-0.015547,-0.111896,-0.117238
-0.018234,-0.114340,-0.119395
-0.023769,-0.117436,-0.124717
-0.030386,-0.120301,-0.128971
0.200070,-0.376225,-0.139219
0.204996,-0.365664,-0.132519
0.209748,-0.362129,-0.127521
0.208466,-0.357949,-0.125333
0.209443,-0.357214,-0.124288
0.209443,-0.351210,-0.121790
0.212122,-0.348157,-0.119421
0.212373,-0.343445,-0.116510
0.213689,-0.342839,-0.114867
0.213018,-0.338151,-0.113435
0.211811,-0.335638,-0.110928
0.214021,-0.332474,-0.111110
0.214941,-0.330265,-0.110940
0.213205,-0.327652,-0.107452
0.213960,-0.326384,-0.105651
0.212840,-0.321768,-0.105867
0.215328,-0.320833,-0.105665
0.214521,-0.316467,-0.105101
0.213718,-0.315095,-0.101723
0.213968,-0.312507,-0.101383
0.212572,-0.309470,-0.099965
0.212064,-0.307437,-0.100601
0.211966,-0.304713,-0.100563
0.209977,-0.304754,-0.096952
0.213029,-0.301569,-0.097698
0.213945,-0.300330,-0.097201
0.213293,-0.297708,-0.094145
0.211482,-0.294980,-0.093622
0.211487,-0.291556,-0.093375
0.212912,-0.291576,-0.091598
0.210354,-0.287068,-0.091433
0.211437,-0.285745,-0.090740
0.210668,-0.283955,-0.087397
0.210371,-0.282286,-0.087117
0.209582,-0.279517,-0.086256
0.211081,-0.278051,-0.085912
0.209956,-0.275541,-0.084307
0.208787,-0.272529,-0.084710
0.208374,-0.270174,-0.085053
0.207253,-0.269940,-0.083758
0.205918,-0.268629,-0.083422
0.207601,-0.265492,-0.083318
0.204493,-0.263167,-0.082897
0.206767,-0.260703,-0.083268
0.204952,-0.259596,-0.082581
0.204435,-0.258976,-0.081879
0.203799,-0.257486,-0.078908
0.202446,-0.253536,-0.079270
0.203058,-0.253074,-0.077646
0.203341,-0.251078,-0.076866
0.202692,-0.247670,-0.076891
0.201462,-0.246570,-0.077075
0.200366,-0.246694,-0.077534
0.197536,-0.243988,-0.076248
0.198400,-0.243105,-0.074469
0.198245,-0.240996,-0.075668
0.196724,-0.240838,-0.073349
0.196932,-0.236711,-0.072996
0.195034,-0.235736,-0.072902
0.194496,-0.235523,-0.074403
0.193487,-0.233104,-0.072092
0.196331,-0.230042,-0.071249
0.195427,-0.229438,-0.071251
0.193257,-0.227336,-0.071564
0.192784,-0.226095,-0.070711
0.192916,-0.224392,-0.070652
0.190171,-0.224032,-0.071186
0.188925,-0.222577,-0.068450
0.189564,-0.220388,-0.068228
0.188397,-0.219209,-0.070443
0.185505,-0.217060,-0.069665
0.187181,-0.216456,-0.069526
0.185898,-0.213090,-0.069578
0.183632,-0.212652,-0.068083
0.182757,-0.210857,-0.067864
0.182710,-0.210386,-0.069718
0.181312,-0.210701,-0.067752
0.180881,-0.206654,-0.064960
0.179326,-0.205618,-0.065542
0.178757,-0.205788,-0.066557
0.177268,-0.204347,-0.065625
0.179280,-0.202229,-0.067633
0.177057,-0.202498,-0.064254
0.173846,-0.198976,-0.066253
0.173731,-0.200720,-0.066348
0.172649,-0.196829,-0.067421
0.172073,-0.196223,-0.065495
0.169248,-0.194732,-0.067790
0.169518,-0.195273,-0.068501
0.167651,-0.192824,-0.067309
0.166719,-0.191500,-0.066800
0.167551,-0.190494,-0.066438
0.165374,-0.188233,-0.067217
0.163368,-0.188871,-0.066169
0.162688,-0.186896,-0.067198
0.161299,-0.185344,-0.068379
0.159301,-0.185535,-0.067403
0.158596,-0.182566,-0.067119
0.157232,-0.183870,-0.066908
0.157639,-0.182130,-0.066548
0.152937,-0.180822,-0.069777
0.152531,-0.180165,-0.066312
0.152700,-0.178178,-0.067668
0.150983,-0.175542,-0.067693
0.151142,-0.175822,-0.066403
0.148393,-0.175969,-0.068181
0.147321,-0.174945,-0.066885
0.146806,-0.173921,-0.067459
0.144978,-0.171543,-0.068150
0.143951,-0.169963,-0.066536
0.143532,-0.169966,-0.065563
0.142459,-0.168027,-0.065972
0.140024,-0.166257,-0.066599
0.139424,-0.163845,-0.065920
0.139777,-0.164764,-0.066320
0.139186,-0.162472,-0.066486
0.137406,-0.160563,-0.066581
0.136497,-0.159681,-0.063246
0.137311,-0.158051,-0.064076
0.135334,-0.156584,-0.063798
0.134115,-0.156574,-0.063856
0.135093,-0.152853,-0.064260
0.132796,-0.151887,-0.061510
0.133625,-0.150441,-0.062555
0.132851,-0.148627,-0.063699
0.130724,-0.148275,-0.062229
0.128057,-0.146956,-0.063957
0.128943,-0.144563,-0.061827
0.129749,-0.144572,-0.062005
0.126464,-0.142047,-0.062560
0.125296,-0.140788,-0.063057
0.127356,-0.142904,-0.061315
0.124257,-0.138418,-0.062471
0.124437,-0.137103,-0.060968
0.122328,-0.137722,-0.063038
0.122682,-0.135128,-0.062268
0.119836,-0.133392,-0.060817
0.118865,-0.130967,-0.058644
0.120248,-0.131368,-0.061090
0.114475,-0.130513,-0.061114
0.114062,-0.128565,-0.061210
0.114109,-0.129468,-0.059696
0.113916,-0.126215,-0.060789
0.112259,-0.126003,-0.061346
0.112069,-0.126139,-0.061834
0.111077,-0.125889,-0.060097
0.110196,-0.122393,-0.060454
0.108581,-0.121008,-0.060401
0.106597,-0.121846,-0.062461
0.104445,-0.118675,-0.061260
0.102814,-0.119897,-0.062203
0.102358,-0.117583,-0.063544
0.101023,-0.118222,-0.064030
0.098113,-0.118030,-0.064176
0.095898,-0.117195,-0.065314
0.094044,-0.116414,-0.063649
0.094087,-0.115270,-0.064783
0.090583,-0.115407,-0.065923
0.088587,-0.114491,-0.065989
0.088419,-0.113042,-0.068901
0.084002,-0.112764,-0.066300
0.084630,-0.115452,-0.069175
0.081978,-0.113811,-0.068964
0.081982,-0.112558,-0.068620
0.077878,-0.111493,-0.069752
0.077503,-0.110226,-0.069523
0.077906,-0.109546,-0.069734
0.076726,-0.108362,-0.071403
0.074507,-0.106223,-0.070240
0.074342,-0.107158,-0.071405
0.070427,-0.105197,-0.071854
0.070571,-0.106296,-0.069300
0.068886,-0.104023,-0.072133
0.066431,-0.102836,-0.072022
0.065481,-0.101523,-0.072500
0.064530,-0.100936,-0.073531
0.063719,-0.100384,-0.072772
0.061231,-0.101141,-0.074414
0.059147,-0.100194,-0.073810
0.055832,-0.097909,-0.074603
0.053748,-0.099093,-0.074791
0.053001,-0.098104,-0.077909
0.049529,-0.098110,-0.075758
0.047572,-0.095769,-0.079166
0.046722,-0.097593,-0.077841
0.043267,-0.096510,-0.081439
0.041938,-0.096336,-0.082960
0.037490,-0.100971,-0.086150
0.035556,-0.099764,-0.086735
0.030545,-0.102009,-0.088000
0.025388,-0.103732,-0.092151
0.022355,-0.105878,-0.095392
0.017897,-0.105790,-0.095841
0.015081,-0.107285,-0.097889
0.011731,-0.109743,-0.102891
0.006667,-0.109285,-0.103800
0.005000,-0.111434,-0.105482
0.003521,-0.109882,-0.108026
-0.002348,-0.111436,-0.106715
-0.006879,-0.110896,-0.110393
-0.004412,-0.112417,-0.110844
-0.011123,-0.113529,-0.113987
-0.013093,-0.115521,-0.114623
-0.018496,-0.115206,-0.118514
-0.022799,-0.118271,-0.124146
-0.028912,-0.121561,-0.127725
-0.032539,-0.125744,-0.127540
0.198123,-0.380415,-0.137671
0.202902,-0.371724,-0.130557
0.207549,-0.366014,-0.127924
0.210488,-0.363268,-0.124912
0.208184,-0.358155,-0.122318
0.208868,-0.353813,-0.119987
0.209076,-0.351118,-0.118817
0.212355,-0.347726,-0.117181
0.211730,-0.343307,-0.114875
0.214054,-0.342387,-0.112115
0.216284,-0.339294,-0.114345
0.214432,-0.334966,-0.110309
0.213990,-0.333613,-0.107007
0.213132,-0.329190,-0.109050
0.213894,-0.329036,-0.107123
0.213341,-0.325098,-0.104350
0.212319,-0.321648,-0.103897
0.213809,-0.319261,-0.102814
0.215358,-0.316873,-0.099941
0.215145,-0.315950,-0.100459
0.214827,-0.311453,-0.098401
0.211555,-0.308830,-0.099354
0.211835,-0.307364,-0.096873
0.212044,-0.307863,-0.097874
0.209985,-0.303238,-0.094941
0.210179,-0.302630,-0.094626
0.212391,-0.300700,-0.095261
0.210022,-0.298698,-0.093218
0.211680,-0.294932,-0.092936
0.211069,-0.294991,-0.091806
0.209545,-0.289333,-0.090385
0.210623,-0.289300,-0.090177
0.210229,-0.285651,-0.087633
0.212313,-0.284407,-0.089216
0.208319,-0.281546,-0.086724
0.209557,-0.280696,-0.085388
0.209021,-0.276790,-0.084154
0.208048,-0.275313,-0.084052
0.208735,-0.274868,-0.084462
0.206977,-0.273250,-0.082504
0.205755,-0.270743,-0.083745
0.206164,-0.268836,-0.082899
0.206602,-0.266546,-0.080258
0.205343,-0.265868,-0.082894
0.204788,-0.262045,-0.082318
0.204932,-0.263211,-0.080009
0.204872,-0.259346,-0.077976
0.202608,-0.256959,-0.076101
0.203288,-0.256393,-0.077123
0.203996,-0.254255,-0.076110
0.202249,-0.253328,-0.074226
0.201606,-0.251180,-0.076706
0.200107,-0.248398,-0.075942
0.199636,-0.247344,-0.075128
0.198479,-0.243782,-0.074785
0.197714,-0.244955,-0.076018
0.197796,-0.241591,-0.072618
0.195024,-0.240779,-0.074367
0.194766,-0.240737,-0.073585
0.195944,-0.239122,-0.070571
0.192955,-0.235284,-0.071931
0.195643,-0.235879,-0.069881
0.193280,-0.229906,-0.070775
0.192585,-0.229992,-0.069463
0.192462,-0.228048,-0.069544
0.189930,-0.229188,-0.068995
0.192007,-0.226759,-0.068947
0.188917,-0.224684,-0.069446
0.189136,-0.225226,-0.070326
0.188968,-0.220684,-0.068676
0.185429,-0.218622,-0.069321
0.184472,-0.217984,-0.067587
0.185040,-0.216033,-0.067858
0.184377,-0.216781,-0.067227
0.183153,-0.213955,-0.066880
0.181042,-0.213279,-0.065586
0.181878,-0.213114,-0.065843
0.180205,-0.210476,-0.066616
0.180024,-0.210012,-0.065374
0.178258,-0.206956,-0.065715
0.177143,-0.205769,-0.066564
0.177314,-0.204823,-0.067482
0.173569,-0.203618,-0.066776
0.174545,-0.200538,-0.065425
0.172204,-0.202310,-0.065327
0.168645,-0.199918,-0.065112
0.168523,-0.197878,-0.066616
0.169874,-0.198839,-0.066200
0.169251,-0.197992,-0.067480
0.167009,-0.195797,-0.065742
0.166802,-0.194595,-0.064666
0.164532,-0.195146,-0.065602
0.165437,-0.191777,-0.066423
0.163338,-0.191546,-0.066669
0.161879,-0.189776,-0.066385
0.159629,-0.188681,-0.066850
0.158827,-0.187102,-0.066331
0.157114,-0.187918,-0.067007
0.154757,-0.186885,-0.067789
0.154005,-0.184730,-0.066202
0.153999,-0.184317,-0.066401
0.152089,-0.183787,-0.066651
0.150141,-0.180696,-0.067097
0.150278,-0.180868,-0.068115
0.149407,-0.181155,-0.066806
0.145572,-0.179068,-0.067597
0.146950,-0.177197,-0.068684
0.144822,-0.175131,-0.064525
0.145265,-0.177012,-0.067399
0.145574,-0.173790,-0.066735
0.141270,-0.174068,-0.066122
0.141764,-0.172385,-0.064657
0.140901,-0.170134,-0.067687
0.140303,-0.168815,-0.067163
0.137712,-0.167888,-0.065830
0.137503,-0.166450,-0.066342
0.135635,-0.164147,-0.065332
0.136647,-0.163661,-0.064162
0.135441,-0.160747,-0.065578
0.135945,-0.161326,-0.064264
0.132800,-0.158183,-0.063513
0.133514,-0.156140,-0.064074
0.132501,-0.155542,-0.063914
0.131471,-0.152957,-0.063990
0.132039,-0.154060,-0.064098
0.130839,-0.150859,-0.062099
0.129427,-0.150596,-0.062967
0.128077,-0.150911,-0.062064
0.126278,-0.146204,-0.061403
0.126629,-0.147051,-0.060840
0.125616,-0.143440,-0.060273
0.123845,-0.141722,-0.061231
0.122558,-0.142216,-0.060533
0.121605,-0.139041,-0.059284
0.122080,-0.138721,-0.061016
0.121763,-0.138875,-0.060353
0.121112,-0.137011,-0.060238
0.118779,-0.135747,-0.060860
0.116030,-0.133633,-0.060114
0.117077,-0.133006,-0.058942
0.115814,-0.131567,-0.060708
0.115648,-0.130241,-0.058936
0.115090,-0.130266,-0.058667
0.111850,-0.127432,-0.058630
0.110822,-0.127340,-0.062655
0.108713,-0.124597,-0.060974
0.107352,-0.124985,-0.060517
0.106472,-0.124924,-0.058875
0.103475,-0.123052,-0.063054
0.104219,-0.123779,-0.063774
0.101025,-0.120778,-0.061141
0.100917,-0.119576,-0.061339
0.100625,-0.120225,-0.062885
0.097825,-0.120241,-0.062976
0.094393,-0.119337,-0.063731
0.094786,-0.117646,-0.063038
0.090694,-0.118777,-0.065141
0.090918,-0.118491,-0.064911
0.088377,-0.116873,-0.063140
0.087017,-0.117750,-0.066486
0.083213,-0.117706,-0.068146
0.083270,-0.117725,-0.067599
0.082703,-0.116344,-0.067314
0.082114,-0.115045,-0.068058
0.078485,-0.113344,-0.069132
0.076179,-0.113489,-0.068843
0.075559,-0.110809,-0.068076
0.074232,-0.111731,-0.070032
0.074526,-0.109461,-0.068326
0.071824,-0.109611,-0.069026
0.071418,-0.107756,-0.070462
0.069196,-0.106536,-0.069820
0.067004,-0.106727,-0.069930
0.069695,-0.103991,-0.071860
0.064256,-0.103767,-0.069667
0.064960,-0.105414,-0.070464
0.063441,-0.102419,-0.072064
0.060432,-0.103502,-0.073587
0.059840,-0.103592,-0.071426
0.056233,-0.101625,-0.074415
0.052867,-0.101302,-0.074455
0.053474,-0.103194,-0.075588
0.049947,-0.100397,-0.078518
0.047381,-0.102745,-0.076840
0.047510,-0.100971,-0.078214
0.043137,-0.101579,-0.078602
0.039023,-0.100098,-0.083540
0.036557,-0.102226,-0.084626
0.034053,-0.103084,-0.083802
0.029858,-0.103668,-0.087359
0.023687,-0.105376,-0.091905
0.021125,-0.109022,-0.096401
0.015527,-0.110428,-0.095847
0.014246,-0.112226,-0.098682
0.011338,-0.109792,-0.100537
0.006325,-0.114549,-0.103294
0.005305,-0.114348,-0.104291
0.000558,-0.113051,-0.104504
-0.002547,-0.113549,-0.106730
-0.005640,-0.113655,-0.109407
-0.008163,-0.116446,-0.111942
-0.009555,-0.117795,-0.114232
-0.015065,-0.117351,-0.114905
-0.017877,-0.118148,-0.116976
-0.021353,-0.120274,-0.118777
-0.027733,-0.123593,-0.121990
-0.032922,-0.127493,-0.127574
0.202863,-0.374611,-0.132134
0.205805,-0.366910,-0.126413
0.209160,-0.364959,-0.124967
0.207850,-0.361580,-0.120817
0.211470,-0.356609,-0.119733
0.210583,-0.352893,-0.116404
0.212442,-0.351079,-0.116548
0.213879,-0.348490,-0.116430
0.211885,-0.344344,-0.111516
0.214066,-0.341535,-0.110380
0.214601,-0.337377,-0.110525
0.212583,-0.336246,-0.107838
0.211256,-0.333157,-0.108659
0.212775,-0.331129,-0.105132
0.212082,-0.329299,-0.105706
0.211895,-0.326715,-0.102960
0.213413,-0.324363,-0.100084
0.212147,-0.320651,-0.101600
0.212912,-0.318665,-0.098055
0.211635,-0.316782,-0.097371
0.212797,-0.313108,-0.097871
0.212525,-0.313543,-0.097519
0.212427,-0.309046,-0.097211
0.212559,-0.308422,-0.095078
0.210198,-0.305230,-0.095273
0.211615,-0.303154,-0.095465
0.213126,-0.298756,-0.092452
0.210225,-0.298431,-0.091132
0.211942,-0.297540,-0.090836
0.209401,-0.292630,-0.089550
0.212456,-0.292522,-0.088032
0.210953,-0.288523,-0.088455
0.208546,-0.286862,-0.088496
0.209666,-0.283400,-0.085626
0.209195,-0.281519,-0.084939
0.208369,-0.281214,-0.083182
0.205381,-0.278948,-0.084315
0.207500,-0.276135,-0.083141
0.207551,-0.275734,-0.083003
0.206615,-0.272691,-0.082753
0.204959,-0.271221,-0.080692
0.205872,-0.270557,-0.081397
0.205553,-0.267604,-0.079169
0.204600,-0.264997,-0.079531
0.205232,-0.264274,-0.078160
0.203977,-0.262460,-0.078619
0.203189,-0.261012,-0.078245
0.202672,-0.259353,-0.075804
0.202433,-0.255767,-0.075814
0.201706,-0.256148,-0.075623
0.202653,-0.250516,-0.075963
0.201858,-0.248903,-0.075435
0.197840,-0.250210,-0.072462
0.198036,-0.250595,-0.073395
0.194865,-0.248014,-0.073784
0.196873,-0.244499,-0.073230
0.195814,-0.245071,-0.072894
0.194689,-0.241305,-0.072902
0.192567,-0.241342,-0.071387
0.195213,-0.239046,-0.072626
0.192665,-0.236159,-0.070746
0.192420,-0.235225,-0.070099
0.192267,-0.232812,-0.070025
0.193631,-0.230883,-0.069086
0.191892,-0.229850,-0.069313
0.190340,-0.228188,-0.067027
0.190376,-0.225450,-0.067526
0.186435,-0.225576,-0.068164
0.188129,-0.224873,-0.067104
0.186476,-0.225053,-0.068071
0.183319,-0.221418,-0.067288
0.184348,-0.219762,-0.067265
0.182899,-0.221137,-0.066476
0.184698,-0.215449,-0.067922
0.181938,-0.216824,-0.067255
0.180286,-0.214583,-0.066574
0.179942,-0.213173,-0.065426
0.178938,-0.209917,-0.065459
0.178399,-0.210694,-0.066922
0.177184,-0.206733,-0.066163
0.175501,-0.206027,-0.065998
0.174293,-0.204664,-0.065028
0.174742,-0.205425,-0.067220
0.171303,-0.202084,-0.065686
0.170813,-0.202093,-0.064171
0.169490,-0.203140,-0.065540
0.169645,-0.200848,-0.063620
0.167590,-0.198777,-0.065356
0.167703,-0.199273,-0.066523
0.165356,-0.197048,-0.066033
0.163728,-0.195948,-0.063929
0.163509,-0.196921,-0.066807
0.162625,-0.193879,-0.066318
0.159817,-0.194048,-0.065801
0.158532,-0.192206,-0.067674
0.159060,-0.192139,-0.067157
0.156875,-0.190852,-0.069117
0.155040,-0.188801,-0.067129
0.153764,-0.190419,-0.066835
0.152751,-0.187031,-0.068519
0.150227,-0.186988,-0.067775
0.148847,-0.186079,-0.067747
0.149396,-0.185409,-0.066960
0.150065,-0.182772,-0.065953
0.149367,-0.183085,-0.067383
0.146158,-0.179162,-0.066538
0.145275,-0.180028,-0.067708
0.142977,-0.177959,-0.065779
0.142824,-0.177390,-0.065240
0.141202,-0.175384,-0.065793
0.138669,-0.176176,-0.066442
0.140557,-0.171567,-0.067120
0.136232,-0.171685,-0.064141
0.136803,-0.170062,-0.066010
0.137248,-0.167943,-0.065082
0.136546,-0.169052,-0.065314
0.132877,-0.165742,-0.064175
0.134314,-0.164265,-0.064675
0.135170,-0.163034,-0.064878
0.134144,-0.160953,-0.063383
0.131648,-0.160278,-0.063762
0.131515,-0.157325,-0.063337
0.130723,-0.158426,-0.063068
0.130215,-0.155403,-0.061296
0.128604,-0.154855,-0.061082
0.128374,-0.153641,-0.062924
0.127592,-0.151839,-0.062237
0.124635,-0.148916,-0.062673
0.125755,-0.148361,-0.062336
0.125683,-0.145123,-0.062131
0.125190,-0.144893,-0.061156
0.123109,-0.144858,-0.061110
0.120334,-0.143568,-0.060608
0.119851,-0.141629,-0.061242
0.120686,-0.138645,-0.059925
0.119631,-0.139581,-0.060933
0.120183,-0.138173,-0.060037
0.116687,-0.136178,-0.059633
0.115066,-0.136307,-0.059658
0.113783,-0.135078,-0.060491
0.115057,-0.133433,-0.057854
0.111278,-0.130579,-0.059595
0.110027,-0.131873,-0.060644
0.111430,-0.130335,-0.060620
0.109016,-0.129504,-0.059866
0.107701,-0.128104,-0.057994
0.106194,-0.128680,-0.062675
0.105152,-0.124143,-0.059523
0.103891,-0.126195,-0.060417
0.101740,-0.124188,-0.062338
0.100685,-0.123091,-0.061651
0.097894,-0.121394,-0.061310
0.097611,-0.122483,-0.063154
0.094953,-0.120917,-0.062097
0.092349,-0.123084,-0.061764
0.091895,-0.121632,-0.063167
0.092396,-0.122591,-0.064176
0.088346,-0.120056,-0.065197
0.087588,-0.119139,-0.064725
0.084264,-0.119563,-0.065985
0.082121,-0.118022,-0.066967
0.081362,-0.118342,-0.067143
0.079332,-0.116890,-0.066515
0.078582,-0.116522,-0.069183
0.076761,-0.115832,-0.068535
0.076117,-0.114983,-0.069893
0.073075,-0.114566,-0.069033
0.074407,-0.112773,-0.069976
0.071421,-0.111716,-0.068079
0.071069,-0.111654,-0.071291
0.068107,-0.109117,-0.068860
0.067979,-0.108299,-0.071058
0.065717,-0.108643,-0.070879
0.065094,-0.107375,-0.070231
0.060784,-0.106271,-0.072488
0.061204,-0.105935,-0.071239
0.060307,-0.104907,-0.072896
0.057800,-0.103365,-0.072034
0.058648,-0.104723,-0.072623
0.053528,-0.105354,-0.075613
0.051899,-0.102475,-0.075209
0.050221,-0.102712,-0.077044
0.047225,-0.103498,-0.078677
0.044896,-0.103727,-0.077915
0.043774,-0.104092,-0.079315
0.038641,-0.104635,-0.079922
0.037087,-0.103306,-0.083112
0.034143,-0.105753,-0.083764
0.027781,-0.108177,-0.087842
0.026014,-0.110787,-0.092070
0.018825,-0.112101,-0.093274
0.017076,-0.112347,-0.096578
0.013004,-0.113475,-0.095817
0.009152,-0.113482,-0.100221
0.006833,-0.115713,-0.101043
0.002922,-0.117247,-0.103114
0.000587,-0.115891,-0.105605
-0.001627,-0.118289,-0.106480
-0.002940,-0.117804,-0.109200
-0.010076,-0.117950,-0.110030
-0.011099,-0.117362,-0.113958
-0.015718,-0.120778,-0.113347
-0.017928,-0.120863,-0.114662
-0.020433,-0.122316,-0.117452
-0.026722,-0.124888,-0.122008
-0.030552,-0.127761,-0.124455
0.206476,-0.372098,-0.126440
0.207054,-0.369473,-0.123528
0.208070,-0.364751,-0.121003
0.208585,-0.360832,-0.119528
0.211291,-0.358477,-0.117841
0.210448,-0.352232,-0.115939
0.211401,-0.350786,-0.114963
0.212189,-0.347450,-0.112140
0.212481,-0.342847,-0.112288
0.212777,-0.340495,-0.109082
0.212532,-0.337622,-0.107063
0.212525,-0.337888,-0.104868
0.213467,-0.332042,-0.105214
0.213199,-0.328640,-0.103269
0.214566,-0.330409,-0.102786
0.212061,-0.325327,-0.100529
0.211624,-0.321311,-0.102181
0.212031,-0.320900,-0.097076
0.212533,-0.319299,-0.097619
0.210102,-0.315830,-0.096073
0.213166,-0.314395,-0.097161
0.212010,-0.309894,-0.094596
0.212360,-0.308705,-0.094096
0.212198,-0.306809,-0.093142
0.211164,-0.305172,-0.092488
0.210660,-0.302240,-0.090880
0.210530,-0.301710,-0.092300
0.210558,-0.299463,-0.089335
0.209767,-0.295683,-0.086619
0.207630,-0.293607,-0.087049
0.209586,-0.292844,-0.087224
0.208870,-0.289925,-0.086443
0.209214,-0.285346,-0.084270
0.210267,-0.284842,-0.084281
0.208233,-0.281879,-0.085239
0.207853,-0.280889,-0.081794
0.208379,-0.280773,-0.082163
0.205343,-0.276730,-0.082435
0.205262,-0.277003,-0.080980
0.206534,-0.275638,-0.081406
0.206272,-0.271760,-0.080064
0.204917,-0.271928,-0.078377
0.204391,-0.269497,-0.079820
0.202188,-0.267738,-0.079395
0.203588,-0.265465,-0.078025
0.203305,-0.262010,-0.076003
0.201217,-0.259459,-0.076407
0.201651,-0.258143,-0.075567
0.201512,-0.256398,-0.075492
0.199633,-0.255741,-0.074616
0.200671,-0.254940,-0.074805
0.198465,-0.252577,-0.075646
0.197341,-0.250788,-0.073163
0.198088,-0.250037,-0.072185
0.197580,-0.248820,-0.073662
0.195002,-0.246818,-0.073208
0.194442,-0.243396,-0.071248
0.196294,-0.241090,-0.069953
0.192435,-0.240859,-0.069105
0.194105,-0.240269,-0.068798
0.193058,-0.236435,-0.069491
0.191579,-0.235584,-0.067427
0.190366,-0.236171,-0.067352
0.190189,-0.232759,-0.068620
0.189726,-0.231010,-0.067933
0.189220,-0.229067,-0.068544
0.188671,-0.227649,-0.067508
0.186744,-0.227570,-0.067712
0.185033,-0.224015,-0.066683
0.184682,-0.223603,-0.066947
0.184530,-0.223223,-0.066917
0.183305,-0.219952,-0.068029
0.181437,-0.218588,-0.063619
0.181438,-0.220195,-0.066044
0.181397,-0.218132,-0.064698
0.180145,-0.215386,-0.065853
0.178248,-0.213047,-0.064721
0.178677,-0.212157,-0.064379
0.177019,-0.212015,-0.064923
0.177589,-0.211165,-0.062954
0.175505,-0.210532,-0.063693
0.175170,-0.207245,-0.064228
0.173066,-0.207387,-0.063716
0.171226,-0.207267,-0.065058
0.173050,-0.204447,-0.064867
0.168091,-0.203959,-0.065070
0.167992,-0.202634,-0.066456
0.166970,-0.202780,-0.066152
0.165678,-0.199586,-0.065356
0.164242,-0.200687,-0.066932
0.162372,-0.197924,-0.065784
0.160709,-0.197554,-0.065829
0.159276,-0.194748,-0.065220
0.157788,-0.195046,-0.065212
0.156750,-0.196572,-0.065074
0.155651,-0.195843,-0.064376
0.154964,-0.193343,-0.064769
0.154950,-0.192112,-0.067844
0.152911,-0.189611,-0.067176
0.151213,-0.189443,-0.066120
0.151644,-0.188632,-0.067166
0.149732,-0.187278,-0.066885
0.147452,-0.186410,-0.065844
0.146789,-0.186007,-0.066806
0.146489,-0.183106,-0.064948
0.145411,-0.180831,-0.066083
0.141857,-0.181940,-0.067101
0.143014,-0.180286,-0.065316
0.141149,-0.178624,-0.066079
0.140620,-0.178263,-0.066198
0.137569,-0.176920,-0.065944
0.139204,-0.174512,-0.065357
0.135709,-0.174378,-0.066420
0.138058,-0.171698,-0.065170
0.134700,-0.170952,-0.065672
0.135004,-0.170860,-0.063322
0.135142,-0.168151,-0.066274
0.134696,-0.165992,-0.064480
0.131628,-0.165498,-0.063850
0.132419,-0.162229,-0.061592
0.129525,-0.160748,-0.061646
0.131168,-0.158269,-0.064146
0.128110,-0.160393,-0.061854
0.127919,-0.156221,-0.062114
0.127350,-0.156398,-0.062567
0.125897,-0.153840,-0.061434
0.126743,-0.153425,-0.060961
0.125908,-0.149606,-0.062287
0.121720,-0.151335,-0.061045
0.121919,-0.149801,-0.061055
0.123242,-0.148391,-0.060389
0.120950,-0.145239,-0.060042
0.118044,-0.145414,-0.062009
0.118048,-0.144511,-0.061204
0.116961,-0.142691,-0.059789
0.119109,-0.140861,-0.059541
0.116316,-0.138844,-0.060125
0.114904,-0.139267,-0.058905
0.115128,-0.137856,-0.058397
0.112625,-0.136776,-0.059158
0.111236,-0.135693,-0.058991
0.111134,-0.133822,-0.058777
0.109358,-0.132343,-0.057598
0.108784,-0.130817,-0.058864
0.107016,-0.131462,-0.060230
0.106782,-0.129586,-0.059326
0.104565,-0.129114,-0.059087
0.101678,-0.126372,-0.062614
0.102008,-0.128490,-0.060470
0.099321,-0.128472,-0.061377
0.098749,-0.126550,-0.060280
0.097568,-0.125254,-0.061834
0.095745,-0.125855,-0.062809
0.093141,-0.123911,-0.063011
0.090151,-0.122722,-0.061753
0.090883,-0.125291,-0.064000
0.088410,-0.123440,-0.063815
0.085496,-0.123763,-0.067059
0.083575,-0.121625,-0.064228
0.084166,-0.120764,-0.064237
0.081138,-0.119946,-0.065969
0.079488,-0.116623,-0.068798
0.079056,-0.117774,-0.067787
0.076291,-0.117318,-0.066886
0.074329,-0.115394,-0.066385
0.072649,-0.117107,-0.068277
0.072976,-0.112817,-0.067967
0.071685,-0.113567,-0.068784
0.071602,-0.114069,-0.068884
0.068128,-0.112736,-0.070349
0.066789,-0.112058,-0.069438
0.064247,-0.110785,-0.069895
0.064797,-0.109721,-0.070498
0.060575,-0.108021,-0.070426
0.059536,-0.109876,-0.071403
0.059380,-0.107155,-0.072124
0.056568,-0.107496,-0.071771
0.055589,-0.106133,-0.072056
0.053580,-0.106891,-0.073925
0.051870,-0.106245,-0.073911
0.049687,-0.107486,-0.075567
0.048062,-0.104208,-0.075297
0.045116,-0.105275,-0.078005
0.043966,-0.106075,-0.078251
0.040116,-0.106555,-0.081920
0.038045,-0.107219,-0.081899
0.033669,-0.108453,-0.085228
0.028720,-0.109948,-0.084603
0.025623,-0.112849,-0.090113
0.018178,-0.114040,-0.094527
0.017788,-0.117113,-0.095600
0.012279,-0.115479,-0.097073
0.008965,-0.119516,-0.099045
0.004328,-0.118438,-0.100683
0.004807,-0.117813,-0.102973
0.000425,-0.118436,-0.105776
-0.004345,-0.120992,-0.104881
-0.005321,-0.122412,-0.108231
-0.008501,-0.120890,-0.110314
-0.012250,-0.121071,-0.110322
-0.016841,-0.122956,-0.113780
-0.019196,-0.123204,-0.116444
-0.019405,-0.122786,-0.116098
-0.024829,-0.124881,-0.118256
-0.029941,-0.126868,-0.121679
-0.035706,-0.131423,-0.125570
0.206602,-0.376557,-0.126191
0.206760,-0.371700,-0.123304
0.207985,-0.367397,-0.120926
0.206590,-0.363582,-0.118285
0.211775,-0.360004,-0.119956
0.210417,-0.357437,-0.115888
0.210578,-0.353734,-0.113031
0.212654,-0.349533,-0.110161
0.210919,-0.348030,-0.108561
0.212173,-0.344935,-0.108534
0.211959,-0.340626,-0.107835
0.213837,-0.339970,-0.107595
0.211722,-0.337054,-0.104172
0.211970,-0.333414,-0.102265
0.211238,-0.330790,-0.101239
0.211046,-0.328806,-0.099896
0.213165,-0.326261,-0.098847
0.212839,-0.322418,-0.098471
0.211936,-0.321417,-0.094225
0.211188,-0.318892,-0.096685
0.211895,-0.317349,-0.095692
0.211602,-0.314084,-0.094130
0.210175,-0.311367,-0.092829
0.211373,-0.309891,-0.092717
0.210412,-0.310146,-0.091068
0.211600,-0.306267,-0.088619
0.212433,-0.303592,-0.090268
0.209424,-0.300699,-0.089262
0.210443,-0.298203,-0.088868
0.209548,-0.297334,-0.087498
0.210311,-0.295560,-0.085268
0.208179,-0.291473,-0.084497
0.209046,-0.288703,-0.083070
0.207443,-0.288463,-0.082662
0.208906,-0.287222,-0.082164
0.206583,-0.284156,-0.080890
0.205867,-0.282693,-0.081232
0.206928,-0.280704,-0.081281
0.205870,-0.278776,-0.080537
0.201791,-0.278082,-0.080336
0.205467,-0.277173,-0.078100
0.204604,-0.273310,-0.078053
0.201992,-0.273576,-0.078891
0.203043,-0.269095,-0.079558
0.204079,-0.269022,-0.077692
0.200884,-0.264776,-0.075578
0.201794,-0.262311,-0.075902
0.201209,-0.262767,-0.072896
0.201200,-0.261656,-0.074904
0.199843,-0.258008,-0.072931
0.198725,-0.258841,-0.074699
0.200078,-0.252960,-0.073511
0.198873,-0.253704,-0.071326
0.194816,-0.250650,-0.070407
0.195830,-0.249757,-0.072790
0.194325,-0.249861,-0.072234
0.195535,-0.246670,-0.070585
0.191984,-0.244544,-0.070607
0.193698,-0.242667,-0.069266
0.190938,-0.243704,-0.070585
0.194482,-0.240508,-0.067733
0.190786,-0.239785,-0.068565
0.187638,-0.236761,-0.068797
0.187799,-0.235112,-0.066433
0.188704,-0.234798,-0.069048
0.188780,-0.233645,-0.066806
0.186680,-0.231917,-0.065985
0.185343,-0.231734,-0.067517
0.185746,-0.229285,-0.067693
0.184978,-0.229400,-0.066580
0.182946,-0.227529,-0.064932
0.183259,-0.225903,-0.066611
0.183664,-0.222832,-0.065610
0.181876,-0.224018,-0.065751
0.179387,-0.219537,-0.064471
0.177975,-0.219213,-0.064731
0.178842,-0.217355,-0.064182
0.176957,-0.217036,-0.064278
0.177097,-0.214417,-0.064119
0.175083,-0.213239,-0.062804
0.175092,-0.211586,-0.064570
0.172759,-0.211921,-0.065714
0.171115,-0.210968,-0.063956
0.169334,-0.208098,-0.063803
0.170684,-0.207406,-0.065351
0.167033,-0.207001,-0.066978
0.167235,-0.205661,-0.063486
0.164921,-0.203990,-0.064389
0.164223,-0.203649,-0.065323
0.162782,-0.203020,-0.063030
0.162561,-0.200670,-0.062337
0.158746,-0.201427,-0.064543
0.160504,-0.200137,-0.064688
0.158487,-0.197254,-0.064469
0.156561,-0.198252,-0.065204
0.154827,-0.195664,-0.066289
0.154498,-0.195723,-0.064880
0.154137,-0.193947,-0.066253
0.152192,-0.195043,-0.067049
0.151372,-0.192534,-0.065888
0.149110,-0.191475,-0.067358
0.148163,-0.188922,-0.068310
0.146829,-0.188816,-0.067212
0.146973,-0.187689,-0.066977
0.146911,-0.187209,-0.066152
0.143090,-0.183709,-0.066200
0.141784,-0.184717,-0.065197
0.143574,-0.183030,-0.066891
0.138703,-0.180787,-0.065630
0.140804,-0.182652,-0.067981
0.138639,-0.179199,-0.067552
0.136220,-0.177738,-0.063774
0.135835,-0.177301,-0.064102
0.134278,-0.175237,-0.063501
0.136651,-0.174012,-0.064816
0.134600,-0.174746,-0.064161
0.133811,-0.170355,-0.065993
0.132021,-0.170445,-0.064356
0.131883,-0.166141,-0.063793
0.130766,-0.166733,-0.063833
0.129962,-0.164941,-0.063481
0.130260,-0.162754,-0.060329
0.128421,-0.162699,-0.060497
0.127572,-0.161785,-0.062579
0.127310,-0.158875,-0.062159
0.125279,-0.158898,-0.061071
0.125725,-0.156218,-0.060232
0.123946,-0.156486,-0.060963
0.122967,-0.154348,-0.059886
0.122367,-0.154021,-0.061018
0.120412,-0.150044,-0.061219
0.120777,-0.150758,-0.060562
0.118099,-0.147346,-0.059420
0.119329,-0.146532,-0.058054
0.118006,-0.146407,-0.059965
0.116919,-0.144010,-0.059908
0.116736,-0.143911,-0.060422
0.116276,-0.140725,-0.058818
0.113812,-0.140883,-0.058543
0.112037,-0.138322,-0.058168
0.111125,-0.136448,-0.059189
0.111154,-0.137949,-0.058925
0.107193,-0.134781,-0.058893
0.106468,-0.135567,-0.058648
0.105326,-0.133847,-0.058601
0.104197,-0.131166,-0.059732
0.103584,-0.130823,-0.059328
0.103644,-0.131426,-0.060632
0.101084,-0.130709,-0.058822
0.100054,-0.129534,-0.059958
0.099930,-0.128629,-0.061213
0.095244,-0.127852,-0.060825
0.094609,-0.128864,-0.063768
0.094795,-0.126343,-0.062281
0.092459,-0.126313,-0.064254
0.088045,-0.126906,-0.063323
0.086889,-0.124992,-0.063621
0.085060,-0.125306,-0.064869
0.083609,-0.125115,-0.064607
0.082003,-0.122430,-0.064672
0.082512,-0.120697,-0.066919
0.080610,-0.121883,-0.065983
0.077095,-0.121613,-0.066754
0.076360,-0.120267,-0.066615
0.076090,-0.118995,-0.065095
0.073506,-0.117397,-0.068395
0.071365,-0.118182,-0.068706
0.072314,-0.117924,-0.067097
0.069223,-0.114903,-0.067325
0.066729,-0.115756,-0.068359
0.065780,-0.114242,-0.070026
0.065456,-0.114714,-0.069157
0.062702,-0.114742,-0.070075
0.063361,-0.112769,-0.070616
0.058693,-0.112105,-0.069311
0.059774,-0.112338,-0.069450
0.055570,-0.110950,-0.071607
0.054395,-0.109301,-0.072331
0.052918,-0.111453,-0.072800
0.050726,-0.110971,-0.072550
0.049222,-0.109412,-0.075046
0.047237,-0.110457,-0.075759
0.043630,-0.106961,-0.077061
0.040896,-0.109047,-0.077191
0.039197,-0.112478,-0.079549
0.035643,-0.111086,-0.080750
0.032739,-0.111029,-0.082051
0.027577,-0.113886,-0.087107
0.023617,-0.114259,-0.087563
0.020321,-0.117344,-0.092303
0.014526,-0.117933,-0.094186
0.011549,-0.121043,-0.096211
0.007930,-0.121204,-0.099059
0.005133,-0.122916,-0.102089
0.002614,-0.120166,-0.102846
-0.001743,-0.121625,-0.103241
-0.004029,-0.122378,-0.106136
-0.004717,-0.122646,-0.108018
-0.009574,-0.125373,-0.107020
-0.014236,-0.124314,-0.112066
-0.015666,-0.124515,-0.111586
-0.019283,-0.124598,-0.113020
-0.020833,-0.126986,-0.114835
-0.023389,-0.127900,-0.117783
-0.028234,-0.128964,-0.118528
-0.034707,-0.133468,-0.124233
0.205614,-0.375320,-0.123558
0.205956,-0.372029,-0.119809
0.207573,-0.368353,-0.118193
0.210704,-0.362181,-0.115716
0.209424,-0.358537,-0.112913
0.212362,-0.356647,-0.111683
0.211057,-0.352216,-0.108869
0.211480,-0.350943,-0.109767
0.212796,-0.345919,-0.107644
0.212718,-0.345739,-0.106387
0.210420,-0.341720,-0.103724
0.212572,-0.338599,-0.103555
0.213140,-0.336797,-0.103549
0.211855,-0.335557,-0.099276
0.212786,-0.332832,-0.099509
0.212859,-0.330281,-0.098823
0.212743,-0.324934,-0.098433
0.211763,-0.323324,-0.095222
0.212236,-0.319865,-0.093927
0.211038,-0.318906,-0.093709
0.211774,-0.315843,-0.094487
0.210941,-0.315273,-0.091584
0.210887,-0.311565,-0.091561
0.210450,-0.310464,-0.090441
0.211797,-0.308718,-0.088677
0.211244,-0.306804,-0.088414
0.210165,-0.304267,-0.088331
0.208020,-0.301809,-0.086380
0.209518,-0.300916,-0.086235
0.208496,-0.297262,-0.085367
0.206901,-0.295515,-0.083481
0.206884,-0.293137,-0.082607
0.205854,-0.291150,-0.082394
0.207249,-0.288319,-0.084867
0.208526,-0.286865,-0.083609
0.209226,-0.286394,-0.080673
0.206601,-0.284814,-0.080810
0.204859,-0.280791,-0.079112
0.203820,-0.279098,-0.079681
0.203950,-0.277550,-0.077354
0.204134,-0.276662,-0.075825
0.204719,-0.273553,-0.078288
0.203542,-0.273313,-0.075676
0.202367,-0.271130,-0.075868
0.202110,-0.268909,-0.076550
0.200398,-0.266714,-0.074510
0.201281,-0.265159,-0.072474
0.199594,-0.263607,-0.071870
0.201453,-0.260977,-0.072199
0.199001,-0.258824,-0.074706
0.197733,-0.258689,-0.072194
0.196631,-0.255151,-0.071813
0.194649,-0.253472,-0.070939
0.194978,-0.254218,-0.070815
0.194033,-0.253129,-0.070261
0.192345,-0.250830,-0.070921
0.193827,-0.246713,-0.068284
0.193683,-0.246543,-0.068322
0.192566,-0.245353,-0.069036
0.190244,-0.244304,-0.068544
0.192163,-0.241212,-0.068410
0.190124,-0.239162,-0.068396
0.190540,-0.237333,-0.066888
0.185802,-0.235998,-0.066564
0.188553,-0.234852,-0.066746
0.185661,-0.233290,-0.065428
0.185460,-0.234134,-0.066688
0.184845,-0.231177,-0.065595
0.182501,-0.230012,-0.066842
0.182803,-0.229809,-0.065492
0.182279,-0.230401,-0.066548
0.182287,-0.225124,-0.067788
0.178669,-0.225947,-0.065249
0.177983,-0.223500,-0.064557
0.178682,-0.221952,-0.065062
0.177736,-0.220416,-0.065476
0.175209,-0.217132,-0.065856
0.175838,-0.217916,-0.063781
0.172696,-0.217976,-0.063773
0.174395,-0.216980,-0.062979
0.172306,-0.215240,-0.064785
0.169869,-0.214396,-0.064232
0.169679,-0.212012,-0.064584
0.169787,-0.213634,-0.064058
0.167759,-0.209697,-0.064312
0.166819,-0.209114,-0.062719
0.165646,-0.208091,-0.063111
0.162374,-0.206652,-0.064489
0.163647,-0.206401,-0.064473
0.160714,-0.204748,-0.064702
0.159405,-0.202541,-0.064872
0.158099,-0.201579,-0.064956
0.156749,-0.202398,-0.065669
0.156414,-0.199158,-0.065632
0.152945,-0.200299,-0.062901
0.152005,-0.197950,-0.065230
0.153668,-0.196935,-0.062922
0.149748,-0.199015,-0.064891
0.150354,-0.196653,-0.065154
0.148785,-0.193376,-0.066130
0.146565,-0.193879,-0.066349
0.147696,-0.193565,-0.067129
0.144737,-0.191201,-0.065455
0.144444,-0.192370,-0.065040
0.142034,-0.190437,-0.067583
0.144876,-0.188455,-0.063149
0.141240,-0.187450,-0.066544
0.139391,-0.186675,-0.066475
0.139569,-0.185327,-0.063656
0.139265,-0.182415,-0.065523
0.137311,-0.182833,-0.065303
0.134108,-0.181554,-0.065794
0.133734,-0.177598,-0.063537
0.132183,-0.175334,-0.065027
0.132423,-0.175103,-0.065019
0.133757,-0.173464,-0.065517
0.130813,-0.174067,-0.065042
0.130118,-0.170254,-0.063023
0.129671,-0.171566,-0.061719
0.130022,-0.169020,-0.060510
0.128153,-0.167220,-0.061096
0.127102,-0.164847,-0.061326
0.127934,-0.164825,-0.061190
0.124255,-0.162233,-0.062454
0.125272,-0.161105,-0.060355
0.123843,-0.159129,-0.062816
0.122541,-0.158207,-0.061331
0.121331,-0.156218,-0.059171
0.121207,-0.154641,-0.060440
0.120650,-0.154369,-0.059002
0.120624,-0.152843,-0.060851
0.119709,-0.151456,-0.059254
0.117952,-0.151861,-0.060671
0.115536,-0.147304,-0.058252
0.115366,-0.146509,-0.058801
0.115007,-0.144545,-0.059523
0.112944,-0.145526,-0.058407
0.113630,-0.141041,-0.057242
0.111059,-0.141294,-0.059374
0.109686,-0.140556,-0.059660
0.108999,-0.140472,-0.059042
0.108563,-0.140230,-0.059740
0.106734,-0.137950,-0.059449
0.105907,-0.138044,-0.057473
0.103745,-0.134924,-0.058586
0.103936,-0.136429,-0.058596
0.102063,-0.133055,-0.060380
0.100891,-0.133878,-0.059506
0.099051,-0.134317,-0.060190
0.097217,-0.134930,-0.060898
0.095216,-0.133506,-0.061327
0.094282,-0.130880,-0.061837
0.093279,-0.129306,-0.063181
0.091773,-0.128862,-0.061386
0.089062,-0.127541,-0.061299
0.089035,-0.127093,-0.062876
0.086238,-0.127320,-0.062971
0.082125,-0.127028,-0.063372
0.083150,-0.125416,-0.064088
0.081209,-0.125004,-0.064085
0.078998,-0.124403,-0.064146
0.078541,-0.124196,-0.064819
0.076246,-0.122720,-0.067121
0.074417,-0.120416,-0.066654
0.072754,-0.122787,-0.066970
0.071640,-0.120128,-0.064923
0.071415,-0.120007,-0.066569
0.069145,-0.119759,-0.068229
0.067228,-0.118293,-0.069066
0.064463,-0.117578,-0.067436
0.064658,-0.115283,-0.067819
0.063813,-0.115613,-0.069935
0.061392,-0.117491,-0.067449
0.058787,-0.115633,-0.067610
0.059206,-0.112868,-0.072747
0.057788,-0.113249,-0.071496
0.053860,-0.113575,-0.070385
0.051627,-0.111575,-0.071457
0.050451,-0.111202,-0.074942
0.049512,-0.112416,-0.074247
0.046808,-0.112935,-0.073889
0.043437,-0.111681,-0.073617
0.041232,-0.112655,-0.077152
0.038542,-0.113899,-0.078774
0.034719,-0.114076,-0.080893
0.031480,-0.113747,-0.082644
0.028238,-0.114717,-0.084871
0.024165,-0.117579,-0.088071
0.015512,-0.121117,-0.091501
0.015726,-0.122967,-0.093860
0.010727,-0.124177,-0.097225
0.008146,-0.125215,-0.100307
0.004974,-0.125220,-0.101827
0.001596,-0.125610,-0.102578
-0.000786,-0.127384,-0.103299
-0.005253,-0.125547,-0.104984
-0.006325,-0.126403,-0.104604
-0.010154,-0.127912,-0.108488
-0.011452,-0.125310,-0.107454
-0.015178,-0.130240,-0.109243
-0.018462,-0.128399,-0.114712
-0.021082,-0.127855,-0.113318
-0.023256,-0.129435,-0.115030
-0.029809,-0.131968,-0.119523
-0.034127,-0.133327,-0.122711
0.205405,-0.378058,-0.122848
0.206365,-0.373929,-0.120511
0.207852,-0.369732,-0.117347
0.209078,-0.367374,-0.115526
0.210012,-0.362690,-0.113934
0.209389,-0.359328,-0.112155
0.209432,-0.356280,-0.109376
0.209419,-0.354796,-0.109074
0.211507,-0.349450,-0.105840
0.210592,-0.349328,-0.105599
0.210291,-0.345633,-0.103710
0.212492,-0.341287,-0.104037
0.212815,-0.339161,-0.100920
0.211890,-0.336733,-0.101158
0.212140,-0.334139,-0.099265
0.211911,-0.331175,-0.097722
0.214061,-0.328001,-0.095206
0.210564,-0.325696,-0.097775
0.211321,-0.323564,-0.094260
0.213434,-0.323375,-0.092712
0.210607,-0.320215,-0.094181
0.210978,-0.317827,-0.090692
0.210446,-0.315857,-0.090902
0.209400,-0.312493,-0.088726
0.210830,-0.310055,-0.089366
0.209313,-0.309580,-0.088564
0.210982,-0.308821,-0.087419
0.209780,-0.303922,-0.086720
0.209249,-0.302695,-0.085317
0.207617,-0.300529,-0.084958
0.207972,-0.296534,-0.080791
0.208371,-0.296554,-0.083292
0.206824,-0.293388,-0.081835
0.208849,-0.289551,-0.081365
0.206913,-0.289153,-0.083759
0.207827,-0.286791,-0.079749
0.207414,-0.288518,-0.078422
0.204937,-0.284473,-0.080561
0.205035,-0.282260,-0.079212
0.203779,-0.279495,-0.078411
0.204145,-0.280147,-0.077501
0.203564,-0.277938,-0.075279
0.203426,-0.272303,-0.076613
0.200881,-0.273168,-0.075857
0.201195,-0.270765,-0.073592
0.200432,-0.267645,-0.073802
0.200370,-0.267603,-0.073154
0.200567,-0.264163,-0.071462
0.200320,-0.263263,-0.070785
0.200158,-0.261926,-0.069087
0.197871,-0.261602,-0.070773
0.198255,-0.258270,-0.071989
0.197582,-0.257545,-0.070798
0.195724,-0.256464,-0.068317
0.195177,-0.253048,-0.069712
0.194292,-0.253396,-0.067713
0.194094,-0.250532,-0.069101
0.191735,-0.249318,-0.067125
0.190564,-0.247109,-0.067852
0.193686,-0.245374,-0.068720
0.190500,-0.243650,-0.066701
0.188651,-0.242526,-0.066195
0.189327,-0.241277,-0.065421
0.187563,-0.239247,-0.064217
0.187944,-0.237763,-0.065631
0.186293,-0.236129,-0.063121
0.185863,-0.236088,-0.066495
0.184439,-0.234395,-0.066771
0.182695,-0.232659,-0.064406
0.181815,-0.233204,-0.066289
0.182280,-0.229748,-0.064810
0.178806,-0.228364,-0.064457
0.178577,-0.225986,-0.063950
0.179678,-0.225234,-0.063358
0.179063,-0.223388,-0.065252
0.178383,-0.223976,-0.064852
0.175769,-0.222619,-0.064597
0.174175,-0.220942,-0.064276
0.172668,-0.218537,-0.064494
0.170152,-0.218328,-0.063146
0.171572,-0.217763,-0.063742
0.168849,-0.217061,-0.064203
0.168101,-0.216241,-0.063807
0.167817,-0.214539,-0.063308
0.167531,-0.213587,-0.063475
0.164058,-0.211630,-0.064233
0.164734,-0.210575,-0.064020
0.163339,-0.210482,-0.063742
0.160728,-0.210465,-0.062299
0.158956,-0.208545,-0.062226
0.157268,-0.205203,-0.063792
0.157684,-0.205002,-0.063308
0.156910,-0.206440,-0.062452
0.155168,-0.204667,-0.064189
0.153460,-0.201528,-0.067454
0.153636,-0.204373,-0.064207
0.151855,-0.202028,-0.067164
0.149907,-0.201140,-0.064219
0.147659,-0.199936,-0.066556
0.147447,-0.198634,-0.065294
0.146322,-0.197626,-0.066935
0.143898,-0.197423,-0.066030
0.144529,-0.195354,-0.065235
0.143124,-0.192234,-0.064105
0.142872,-0.192954,-0.065937
0.142513,-0.190612,-0.064184
0.139007,-0.191192,-0.065604
0.140565,-0.188567,-0.065244
0.137943,-0.186928,-0.064251
0.138149,-0.188163,-0.064853
0.135283,-0.186415,-0.065621
0.134501,-0.183990,-0.064004
0.133753,-0.181305,-0.063611
0.133249,-0.179707,-0.063754
0.132367,-0.178983,-0.064148
0.131844,-0.176405,-0.062713
0.131910,-0.176211,-0.063692
0.130270,-0.174606,-0.063448
0.130479,-0.171807,-0.062828
0.127453,-0.170319,-0.061597
0.127002,-0.168428,-0.061652
0.125278,-0.168020,-0.062672
0.127114,-0.168005,-0.060723
0.125197,-0.166672,-0.060931
0.122356,-0.163411,-0.060833
0.123052,-0.164756,-0.061758
0.122690,-0.160313,-0.061039
0.121355,-0.160927,-0.060442
0.120949,-0.158387,-0.060262
0.118678,-0.157805,-0.060322
0.118475,-0.155365,-0.059223
0.116179,-0.154940,-0.059076
0.116754,-0.151660,-0.058433
0.116157,-0.152304,-0.057113
0.113486,-0.149586,-0.058597
0.112845,-0.150716,-0.057169
0.111676,-0.147162,-0.058977
0.112005,-0.145653,-0.057783
0.111375,-0.146978,-0.059411
0.109541,-0.145429,-0.057933
0.109092,-0.142791,-0.056586
0.106264,-0.141951,-0.057865
0.107303,-0.141089,-0.057721
0.106212,-0.142329,-0.058843
0.105791,-0.138255,-0.059364
0.102050,-0.139480,-0.058685
0.102581,-0.136423,-0.056597
0.101931,-0.136691,-0.058905
0.099377,-0.136297,-0.060374
0.098426,-0.133773,-0.059267
0.092351,-0.135633,-0.062118
0.094809,-0.131782,-0.060667
0.092744,-0.134561,-0.060575
0.089965,-0.131953,-0.060731
0.089099,-0.128851,-0.060454
0.086558,-0.129734,-0.059704
0.084838,-0.130501,-0.061856
0.083873,-0.128295,-0.061565
0.083069,-0.129921,-0.062860
0.081755,-0.127409,-0.064147
0.078909,-0.128047,-0.062874
0.077431,-0.126422,-0.064827
0.076008,-0.125487,-0.063265
0.073293,-0.124068,-0.065995
0.074227,-0.124917,-0.066145
0.070527,-0.123271,-0.066947
0.070141,-0.121972,-0.065920
0.066833,-0.123528,-0.067238
0.066657,-0.122683,-0.066586
0.064581,-0.119606,-0.067845
0.063780,-0.119057,-0.067252
0.061142,-0.119125,-0.068808
0.061113,-0.116416,-0.068900
0.059799,-0.117830,-0.069080
0.058972,-0.118573,-0.068608
0.056982,-0.115698,-0.069876
0.054776,-0.116624,-0.069638
0.053866,-0.115179,-0.072913
0.048083,-0.115552,-0.071802
0.047078,-0.116475,-0.074458
0.044108,-0.114169,-0.074581
0.046209,-0.114246,-0.072951
0.040208,-0.115955,-0.077925
0.036597,-0.116314,-0.078460
0.033805,-0.116171,-0.080532
0.031838,-0.114365,-0.081953
0.027221,-0.119784,-0.084755
0.022244,-0.122054,-0.088515
0.018202,-0.122961,-0.090963
0.013492,-0.126401,-0.092965
0.009625,-0.126037,-0.097440
0.008462,-0.126562,-0.097857
0.002979,-0.128375,-0.100936
0.001845,-0.129096,-0.102726
-0.001512,-0.127327,-0.104634
-0.006254,-0.129510,-0.105241
-0.007129,-0.130232,-0.105441
-0.008651,-0.128150,-0.107030
-0.010749,-0.128858,-0.108008
-0.013607,-0.130628,-0.108929
-0.015870,-0.128301,-0.110223
-0.018999,-0.130872,-0.113018
-0.023715,-0.129260,-0.113705
-0.026183,-0.132391,-0.116451
-0.031253,-0.135016,-0.121161
-0.038169,-0.138309,-0.125837
0.203941,-0.378037,-0.121943
0.205013,-0.374129,-0.118113
0.207571,-0.370104,-0.115181
0.207913,-0.365395,-0.113927
0.209710,-0.363384,-0.110725
0.212924,-0.359824,-0.106803
0.211279,-0.356425,-0.106701
0.210611,-0.354085,-0.104443
0.209226,-0.349851,-0.104538
0.211690,-0.347631,-0.104416
0.212083,-0.344938,-0.100930
0.211085,-0.340228,-0.102973
0.211485,-0.339076,-0.099682
0.211405,-0.338812,-0.098629
0.213482,-0.334433,-0.097240
0.210481,-0.332045,-0.095476
0.214422,-0.329081,-0.093089
0.211859,-0.326311,-0.093065
0.211314,-0.324145,-0.091642
0.208474,-0.321750,-0.090615
0.210613,-0.321523,-0.090749
0.209572,-0.316593,-0.088558
0.211436,-0.316187,-0.089422
0.209500,-0.314490,-0.089257
0.209178,-0.312878,-0.084396
0.211240,-0.309513,-0.087828
0.207971,-0.305598,-0.087255
0.207683,-0.305229,-0.082606
0.209549,-0.303104,-0.084597
0.210347,-0.301587,-0.082388
0.209578,-0.296882,-0.082451
0.207500,-0.296919,-0.083234
0.206698,-0.294045,-0.077853
0.204604,-0.292975,-0.078803
0.205187,-0.291572,-0.078767
0.204112,-0.288613,-0.077681
0.203351,-0.287780,-0.077362
0.204773,-0.285706,-0.077182
0.203972,-0.284873,-0.077270
0.203031,-0.281313,-0.076497
0.202373,-0.280250,-0.073671
0.203636,-0.276261,-0.076181
0.201511,-0.276649,-0.072349
0.200776,-0.276553,-0.074190
0.201489,-0.274082,-0.073448
0.199445,-0.269630,-0.074548
0.199218,-0.268651,-0.072508
0.198194,-0.264946,-0.071975
0.199184,-0.264827,-0.070901
0.196816,-0.263449,-0.070223
0.197029,-0.261620,-0.069913
0.195971,-0.259096,-0.070074
0.194218,-0.259648,-0.070093
0.195388,-0.256395,-0.069428
0.194952,-0.255962,-0.068468
0.193298,-0.255396,-0.068102
0.192011,-0.250772,-0.068105
0.191637,-0.251756,-0.067508
0.191062,-0.249952,-0.067399
0.190028,-0.246355,-0.066130
0.189808,-0.244968,-0.066346
0.186997,-0.242693,-0.064174
0.189373,-0.243356,-0.064870
0.184874,-0.241206,-0.065319
0.188713,-0.238540,-0.064241
0.184562,-0.239477,-0.064345
0.184639,-0.238399,-0.064245
0.182991,-0.235014,-0.064242
0.180227,-0.235601,-0.064363
0.179688,-0.233434,-0.064529
0.181343,-0.232273,-0.062938
0.178988,-0.231427,-0.064929
0.177423,-0.227240,-0.062794
0.178047,-0.227937,-0.062786
0.176383,-0.225853,-0.062700
0.174277,-0.225015,-0.061500
0.173067,-0.223321,-0.062111
0.171927,-0.222210,-0.064083
0.171886,-0.220060,-0.062674
0.169508,-0.220581,-0.064017
0.170093,-0.218336,-0.063118
0.168333,-0.218389,-0.061770
0.168472,-0.217583,-0.061595
0.165922,-0.216614,-0.061961
0.164938,-0.215542,-0.063182
0.162537,-0.213607,-0.061677
0.162044,-0.213045,-0.063155
0.161862,-0.211871,-0.061711
0.161267,-0.210531,-0.065453
0.157784,-0.210991,-0.062879
0.155099,-0.207851,-0.064263
0.155619,-0.205682,-0.062853
0.154659,-0.208121,-0.064929
0.155022,-0.207326,-0.064518
0.151946,-0.205467,-0.064461
0.151327,-0.202148,-0.065009
0.148456,-0.201988,-0.064699
0.147843,-0.204395,-0.063000
0.146295,-0.201717,-0.064921
0.144828,-0.200697,-0.064648
0.146991,-0.198567,-0.067480
0.142010,-0.197938,-0.065838
0.142781,-0.198966,-0.063408
0.141535,-0.195902,-0.064576
0.141517,-0.193406,-0.063892
0.139728,-0.191879,-0.063668
0.137807,-0.191788,-0.064337
0.135886,-0.191411,-0.063094
0.135356,-0.188184,-0.062922
0.133834,-0.187440,-0.064311
0.133888,-0.185276,-0.063937
0.133180,-0.185313,-0.065080
0.131485,-0.183572,-0.063385
0.130701,-0.184181,-0.062658
0.129012,-0.181299,-0.062817
0.128509,-0.179782,-0.064314
0.129460,-0.177655,-0.062301
0.127138,-0.176120,-0.062059
0.127389,-0.175510,-0.062786
0.125680,-0.172939,-0.061685
0.123599,-0.172409,-0.062762
0.124146,-0.170069,-0.061958
0.123481,-0.169788,-0.061960
0.122243,-0.168195,-0.059080
0.124707,-0.166837,-0.059533
0.121550,-0.162866,-0.060375
0.119866,-0.163802,-0.058859
0.119292,-0.164676,-0.058522
0.117985,-0.160670,-0.060636
0.117161,-0.159242,-0.058112
0.115816,-0.157972,-0.059578
0.115864,-0.156523,-0.057886
0.115872,-0.153842,-0.059183
0.114980,-0.154398,-0.059826
0.114364,-0.151037,-0.058196
0.111343,-0.150297,-0.058100
0.112373,-0.152014,-0.056936
0.109702,-0.149132,-0.057635
0.107493,-0.146157,-0.058462
0.108554,-0.148065,-0.058648
0.107181,-0.145950,-0.056564
0.106963,-0.142870,-0.056942
0.103948,-0.144394,-0.057908
0.102508,-0.142248,-0.058827
0.102296,-0.141095,-0.058161
0.100805,-0.141586,-0.058410
0.097481,-0.139532,-0.060717
0.097526,-0.139410,-0.059110
0.097129,-0.136706,-0.058520
0.094215,-0.136825,-0.058437
0.092766,-0.136613,-0.058643
0.089691,-0.135126,-0.060707
0.090098,-0.134947,-0.060759
0.089751,-0.134261,-0.061295
0.087414,-0.133625,-0.062202
0.083931,-0.132951,-0.061707
0.083668,-0.130974,-0.062772
0.083098,-0.131658,-0.063025
0.079853,-0.130582,-0.063018
0.079058,-0.128969,-0.064478
0.076287,-0.128154,-0.063595
0.074293,-0.127920,-0.064515
0.074035,-0.125951,-0.064106
0.073498,-0.127117,-0.065130
0.069463,-0.128365,-0.065744
0.069324,-0.124198,-0.064755
0.068096,-0.122754,-0.064321
0.065392,-0.124634,-0.067054
0.066046,-0.124134,-0.067225
0.063717,-0.122715,-0.067843
0.060782,-0.121962,-0.068957
0.061548,-0.119150,-0.069187
0.059836,-0.120437,-0.067774
0.056074,-0.118952,-0.068846
0.057170,-0.119103,-0.070892
0.053455,-0.117024,-0.069924
0.051132,-0.118290,-0.070867
0.050142,-0.119621,-0.071773
0.046775,-0.116482,-0.071841
0.045290,-0.117627,-0.072424
0.043494,-0.118030,-0.076153
0.040360,-0.117407,-0.077297
0.036431,-0.118697,-0.079966
0.034864,-0.117947,-0.079901
0.030926,-0.121203,-0.081571
0.026296,-0.124709,-0.084579
0.018690,-0.125063,-0.088861
0.015822,-0.128274,-0.093188
0.010938,-0.128549,-0.093397
0.009716,-0.128113,-0.096293
0.005044,-0.131290,-0.098985
0.001761,-0.129395,-0.098818
0.000642,-0.132031,-0.100481
-0.004538,-0.132430,-0.101116
-0.005323,-0.130833,-0.103299
-0.007493,-0.131203,-0.104904
-0.010092,-0.130712,-0.106643
-0.014540,-0.131365,-0.107556
-0.014164,-0.130838,-0.109606
-0.016412,-0.132366,-0.110877
-0.019925,-0.131044,-0.110717
-0.022330,-0.132170,-0.111867
-0.024303,-0.132263,-0.114619
-0.032938,-0.136974,-0.116532
-0.037557,-0.139881,-0.122650
0.206143,-0.378340,-0.118084
0.206337,-0.371132,-0.116628
0.209274,-0.369590,-0.113045
0.210726,-0.363253,-0.110652
0.209996,-0.363394,-0.107555
0.210408,-0.358556,-0.107746
0.209424,-0.356017,-0.106297
0.208864,-0.352637,-0.103455
0.210593,-0.350462,-0.101616
0.210973,-0.347097,-0.101773
0.210508,-0.346772,-0.101537
0.211704,-0.343001,-0.101473
0.211131,-0.339353,-0.097780
0.211327,-0.337376,-0.096566
0.210644,-0.334252,-0.095482
0.211927,-0.332645,-0.094854
0.212063,-0.329768,-0.092115
0.210457,-0.326810,-0.092789
0.210556,-0.326275,-0.090938
0.208379,-0.323081,-0.089524
0.210546,-0.322735,-0.088848
0.209978,-0.317091,-0.089232
0.209748,-0.317111,-0.086442
0.207771,-0.315148,-0.087333
0.209078,-0.312935,-0.086640
0.209372,-0.308569,-0.084302
0.207511,-0.306707,-0.085710
0.208985,-0.304465,-0.082015
0.206977,-0.303171,-0.079757
0.206786,-0.301746,-0.080014
0.206747,-0.297919,-0.080728
0.206927,-0.296754,-0.077845
0.205770,-0.296098,-0.079209
0.205851,-0.292113,-0.078795
0.205451,-0.290483,-0.076165
0.205812,-0.289278,-0.076606
0.204558,-0.287360,-0.076213
0.202743,-0.285942,-0.075331
0.203539,-0.283138,-0.075675
0.201900,-0.283249,-0.075911
0.200679,-0.280976,-0.074943
0.201847,-0.278643,-0.070611
0.200439,-0.278102,-0.072124
0.201831,-0.275323,-0.072366
0.199717,-0.273750,-0.070235
0.196922,-0.268761,-0.070240
0.198333,-0.269208,-0.070317
0.199074,-0.268972,-0.069042
0.199724,-0.268343,-0.069021
0.194759,-0.264898,-0.068483
0.196871,-0.262696,-0.069425
0.196114,-0.262809,-0.067319
0.194409,-0.259932,-0.069068
0.193764,-0.258453,-0.066802
0.194104,-0.256506,-0.067805
0.193117,-0.254375,-0.067641
0.190444,-0.252449,-0.066257
0.189538,-0.252141,-0.067372
0.188100,-0.248386,-0.065960
0.187833,-0.248308,-0.064140
0.189627,-0.245997,-0.064653
0.186328,-0.245562,-0.063576
0.184399,-0.245920,-0.062854
0.184831,-0.240658,-0.063605
0.184039,-0.240793,-0.064986
0.183225,-0.241073,-0.064589
0.181632,-0.237006,-0.064381
0.180945,-0.238029,-0.064540
0.180180,-0.236752,-0.063804
0.180110,-0.235557,-0.063112
0.178009,-0.233358,-0.062192
0.177056,-0.232910,-0.062305
0.177429,-0.228436,-0.063521
0.174290,-0.230975,-0.062483
0.175585,-0.226688,-0.063227
0.173861,-0.227278,-0.062934
0.172115,-0.225445,-0.064309
0.171103,-0.225011,-0.060676
0.168991,-0.225220,-0.062670
0.168409,-0.223411,-0.062851
0.166688,-0.221841,-0.063107
0.165819,-0.218776,-0.063042
0.165211,-0.219693,-0.063283
0.163949,-0.217140,-0.062243
0.161894,-0.217570,-0.064449
0.161207,-0.217278,-0.063779
0.161379,-0.215488,-0.063467
0.159267,-0.215140,-0.062343
0.156407,-0.212104,-0.062570
0.157876,-0.211608,-0.063984
0.155722,-0.212346,-0.063953
0.154898,-0.211343,-0.062925
0.151465,-0.208454,-0.065022
0.150599,-0.210513,-0.064678
0.148977,-0.209209,-0.064746
0.148606,-0.206858,-0.064356
0.147984,-0.206536,-0.066898
0.146361,-0.203833,-0.065325
0.143550,-0.204292,-0.064416
0.143419,-0.201899,-0.066015
0.142107,-0.200113,-0.063921
0.141930,-0.200973,-0.065473
0.140027,-0.200314,-0.065653
0.140270,-0.195550,-0.065436
0.138239,-0.195417,-0.064284
0.137933,-0.196294,-0.065006
0.136065,-0.193784,-0.064728
0.136229,-0.192991,-0.063892
0.134270,-0.191665,-0.064648
0.133293,-0.190303,-0.065209
0.132361,-0.189088,-0.062753
0.131135,-0.188635,-0.062248
0.129653,-0.185488,-0.063986
0.129634,-0.183459,-0.063417
0.127332,-0.181786,-0.061844
0.126767,-0.181204,-0.063068
0.125901,-0.180505,-0.061252
0.126147,-0.177958,-0.061693
0.125570,-0.176934,-0.063063
0.124247,-0.175275,-0.060433
0.123171,-0.173833,-0.060398
0.123873,-0.174319,-0.060730
0.120962,-0.169476,-0.061578
0.122045,-0.168853,-0.061439
0.121481,-0.169862,-0.059157
0.119650,-0.167888,-0.058782
0.116852,-0.166294,-0.058345
0.118181,-0.163494,-0.060259
0.115046,-0.160654,-0.060102
0.117317,-0.159758,-0.057557
0.115066,-0.160740,-0.059213
0.113187,-0.158404,-0.058455
0.114471,-0.157074,-0.055603
0.114022,-0.154390,-0.057150
0.112706,-0.155158,-0.057456
0.110103,-0.151200,-0.057746
0.108006,-0.152035,-0.059020
0.107507,-0.149427,-0.057808
0.105860,-0.150167,-0.059097
0.107465,-0.149224,-0.057050
0.105458,-0.148631,-0.056389
0.105253,-0.146522,-0.057102
0.101883,-0.144267,-0.058528
0.100943,-0.145027,-0.056869
0.098168,-0.143072,-0.058527
0.098028,-0.141227,-0.057399
0.097229,-0.142079,-0.058511
0.097094,-0.140455,-0.058006
0.093086,-0.139841,-0.057100
0.093714,-0.136928,-0.059558
0.089937,-0.139363,-0.058722
0.088440,-0.138304,-0.060595
0.087665,-0.137501,-0.061794
0.084125,-0.135888,-0.059430
0.084066,-0.135691,-0.062458
0.082748,-0.136020,-0.062835
0.082062,-0.134649,-0.062076
0.079151,-0.134083,-0.063458
0.078198,-0.132275,-0.063545
0.075473,-0.131587,-0.061395
0.073736,-0.131204,-0.064872
0.071362,-0.129453,-0.062795
0.072803,-0.129515,-0.064700
0.069602,-0.128536,-0.063903
0.069490,-0.128605,-0.064064
0.067174,-0.127522,-0.064933
0.066199,-0.128114,-0.066096
0.064622,-0.126379,-0.066957
0.062573,-0.127096,-0.067774
0.061832,-0.125559,-0.066136
0.058790,-0.121766,-0.066343
0.057841,-0.121785,-0.067868
0.056199,-0.121682,-0.068617
0.054382,-0.122388,-0.069276
0.053254,-0.122132,-0.069179
0.050281,-0.119008,-0.069222
0.048536,-0.120613,-0.071842
0.044904,-0.122033,-0.071029
0.044744,-0.120621,-0.071331
0.042676,-0.120147,-0.072134
0.040632,-0.119747,-0.076182
0.035684,-0.120606,-0.074963
0.032884,-0.121759,-0.080727
0.029966,-0.121537,-0.080628
0.025489,-0.125420,-0.085322
0.020848,-0.129365,-0.088298
0.013417,-0.132218,-0.091882
0.012074,-0.131569,-0.093941
0.008469,-0.134450,-0.095588
0.005749,-0.132911,-0.099574
0.001828,-0.133570,-0.099468
0.000110,-0.132546,-0.099819
-0.002789,-0.131880,-0.101165
-0.006230,-0.134828,-0.101618
-0.006026,-0.133027,-0.103812
-0.010491,-0.134429,-0.105564
-0.012560,-0.134144,-0.106035
-0.014873,-0.134115,-0.105783
-0.015636,-0.134503,-0.106882
-0.019613,-0.135177,-0.109745
-0.024661,-0.134148,-0.112017
-0.024800,-0.136428,-0.113349
-0.030348,-0.137699,-0.117508
-0.037731,-0.142593,-0.122005
0.204342,-0.377443,-0.115340
0.206322,-0.374826,-0.112360
0.209930,-0.367290,-0.109617
0.210298,-0.365562,-0.106866
0.210674,-0.361132,-0.105345
0.209319,-0.358249,-0.104524
0.209144,-0.356084,-0.103097
0.208260,-0.351200,-0.101617
0.211017,-0.350395,-0.101982
0.210694,-0.347841,-0.099781
0.209400,-0.345979,-0.097728
0.211929,-0.343316,-0.097864
0.211498,-0.340605,-0.095954
0.210879,-0.338311,-0.094858
0.211023,-0.336637,-0.093501
0.210038,-0.333129,-0.090327
0.210028,-0.330027,-0.090701
0.208615,-0.327649,-0.090117
0.210629,-0.324310,-0.088838
0.210508,-0.324019,-0.086636
0.209199,-0.321905,-0.086716
0.209416,-0.320129,-0.086946
0.208866,-0.317422,-0.085227
0.207703,-0.313479,-0.084876
0.208716,-0.315184,-0.081647
0.207346,-0.311501,-0.083060
0.208126,-0.309721,-0.081892
0.207734,-0.305058,-0.082659
0.206634,-0.304743,-0.081090
0.208723,-0.301754,-0.081795
0.205785,-0.300322,-0.078728
0.205725,-0.298545,-0.078529
0.206689,-0.296594,-0.076054
0.205589,-0.293328,-0.076144
0.205048,-0.292564,-0.077049
0.202288,-0.288843,-0.075906
0.202955,-0.289259,-0.075081
0.204139,-0.287067,-0.075123
0.201462,-0.284588,-0.071896
0.200660,-0.284817,-0.072954
0.200165,-0.280143,-0.074652
0.199456,-0.279615,-0.073171
0.199454,-0.277618,-0.071419
0.199947,-0.275961,-0.070281
0.198557,-0.274707,-0.069816
0.197725,-0.272260,-0.068431
0.198903,-0.270936,-0.068702
0.195656,-0.268782,-0.068275
0.196509,-0.267715,-0.067912
0.194336,-0.264057,-0.065693
0.193949,-0.263718,-0.069745
0.193545,-0.261919,-0.068308
0.193192,-0.260047,-0.067325
0.193543,-0.258238,-0.065565
0.189821,-0.260036,-0.066523
0.191919,-0.255687,-0.064051
0.189322,-0.253962,-0.066574
0.188088,-0.252853,-0.062567
0.187359,-0.251813,-0.065374
0.186785,-0.249533,-0.062045
0.186601,-0.247106,-0.065109
0.185110,-0.246206,-0.064830
0.183499,-0.244366,-0.062604
0.184167,-0.242261,-0.060985
0.183103,-0.244116,-0.061534
0.182581,-0.242468,-0.063119
0.182535,-0.241560,-0.065027
0.181031,-0.238893,-0.063447
0.179716,-0.238050,-0.062340
0.178238,-0.234160,-0.062613
0.175081,-0.233905,-0.061697
0.177068,-0.231936,-0.060392
0.173047,-0.231775,-0.061158
0.174389,-0.231044,-0.061226
0.172830,-0.229720,-0.060000
0.171468,-0.228370,-0.060936
0.171898,-0.226364,-0.061293
0.168615,-0.227111,-0.062323
0.167092,-0.226014,-0.062171
0.166319,-0.225008,-0.061235
0.165575,-0.225111,-0.061941
0.165171,-0.222661,-0.064017
0.163576,-0.220531,-0.061518
0.163713,-0.220073,-0.062452
0.161622,-0.220026,-0.062254
0.158946,-0.218124,-0.062790
0.158973,-0.217873,-0.063043
0.157607,-0.216677,-0.060898
0.153924,-0.215522,-0.063412
0.154746,-0.214758,-0.063405
0.151676,-0.214725,-0.063057
0.153038,-0.213815,-0.062455
0.148926,-0.211764,-0.061280
0.148681,-0.210514,-0.065246
0.148213,-0.210618,-0.063554
0.147409,-0.210137,-0.064762
0.143628,-0.206756,-0.063861
0.143743,-0.206149,-0.064233
0.142919,-0.204280,-0.063778
0.139563,-0.205413,-0.063449
0.140421,-0.202946,-0.064816
0.139202,-0.201573,-0.064565
0.138112,-0.201229,-0.064727
0.136032,-0.199738,-0.063879
0.135755,-0.197819,-0.064314
0.135424,-0.197780,-0.061710
0.134278,-0.198434,-0.066191
0.133198,-0.193610,-0.063108
0.132967,-0.192683,-0.065417
0.130542,-0.192613,-0.063309
0.130160,-0.192136,-0.063476
0.129902,-0.190241,-0.064910
0.130122,-0.184909,-0.062242
0.127470,-0.186289,-0.063726
0.125317,-0.184229,-0.062563
0.126391,-0.184298,-0.061488
0.126092,-0.182205,-0.062520
0.124573,-0.180678,-0.061613
0.122899,-0.178077,-0.060573
0.121690,-0.175324,-0.061509
0.119691,-0.177840,-0.060176
0.118756,-0.175097,-0.060049
0.119785,-0.175371,-0.059004
0.118326,-0.171107,-0.060882
0.118093,-0.169711,-0.057319
0.116544,-0.166834,-0.060704
0.116029,-0.168913,-0.059704
0.114607,-0.166160,-0.059607
0.114544,-0.164693,-0.058971
0.114235,-0.164029,-0.058001
0.112103,-0.161462,-0.058064
0.111686,-0.160121,-0.057630
0.114001,-0.159417,-0.058530
0.110345,-0.157823,-0.056153
0.109687,-0.156652,-0.057233
0.107435,-0.155979,-0.057341
0.108534,-0.154247,-0.057961
0.103191,-0.154073,-0.057693
0.105846,-0.151090,-0.056487
0.103548,-0.152176,-0.056204
0.103736,-0.150043,-0.056781
0.099866,-0.149616,-0.055759
0.100325,-0.147299,-0.056652
0.099061,-0.144771,-0.057215
0.098077,-0.146817,-0.056366
0.095147,-0.143888,-0.058118
0.094201,-0.144271,-0.056335
0.091376,-0.140855,-0.058317
0.091337,-0.141259,-0.057795
0.091951,-0.140047,-0.058707
0.088238,-0.140042,-0.059173
0.086468,-0.138191,-0.059913
0.084327,-0.138319,-0.060846
0.085125,-0.139208,-0.060370
0.082629,-0.137590,-0.061374
0.080105,-0.136184,-0.062297
0.079475,-0.136324,-0.062667
0.076334,-0.134269,-0.060427
0.075229,-0.137032,-0.062024
0.076108,-0.132563,-0.063255
0.072654,-0.133167,-0.061480
0.070955,-0.131864,-0.064069
0.068784,-0.131609,-0.064761
0.068065,-0.129619,-0.064348
0.067435,-0.130865,-0.063138
0.065026,-0.131518,-0.064818
0.064866,-0.127630,-0.067110
0.062689,-0.129829,-0.064508
0.060688,-0.127287,-0.065627
0.059054,-0.127994,-0.066268
0.057807,-0.125879,-0.067468
0.054252,-0.127303,-0.066598
0.054803,-0.125464,-0.068446
0.050848,-0.123373,-0.068715
0.049043,-0.124568,-0.069144
0.049720,-0.122914,-0.070807
0.045371,-0.123196,-0.070390
0.042574,-0.124130,-0.072272
0.039636,-0.123997,-0.072439
0.039306,-0.125185,-0.075386
0.035604,-0.126254,-0.077564
0.030777,-0.126329,-0.079165
0.028360,-0.128573,-0.081306
0.023622,-0.129871,-0.085306
0.016150,-0.133070,-0.089057
0.013230,-0.134030,-0.091384
0.008987,-0.133216,-0.093609
0.007172,-0.135727,-0.095401
0.003334,-0.138660,-0.098198
0.001697,-0.136565,-0.099359
-0.000733,-0.137314,-0.100010
-0.004086,-0.135312,-0.100170
-0.005332,-0.136049,-0.103315
-0.007194,-0.136813,-0.102631
-0.009489,-0.136303,-0.104060
-0.013109,-0.136083,-0.104649
-0.014819,-0.136478,-0.104769
-0.016722,-0.136493,-0.107577
-0.020498,-0.138895,-0.111139
-0.022277,-0.138214,-0.109533
-0.025914,-0.138258,-0.112148
-0.032204,-0.142324,-0.113535
-0.036710,-0.142905,-0.118945
0.205955,-0.375710,-0.113183
0.207466,-0.372279,-0.110863
0.209386,-0.367961,-0.105568
0.207856,-0.363964,-0.105115
0.210553,-0.361611,-0.103538
0.212025,-0.358441,-0.103975
0.209573,-0.357539,-0.099543
0.209055,-0.353219,-0.100956
0.208362,-0.352034,-0.099895
0.209318,-0.346372,-0.096493
0.210885,-0.346479,-0.094043
0.211752,-0.342530,-0.094476
0.211014,-0.339370,-0.092784
0.208130,-0.336387,-0.092383
0.209819,-0.335168,-0.090265
0.209990,-0.333418,-0.089279
0.209882,-0.328972,-0.091745
0.209775,-0.328911,-0.088901
0.209999,-0.325167,-0.087681
0.208761,-0.325583,-0.085524
0.210422,-0.323629,-0.087308
0.209848,-0.320673,-0.084333
0.207349,-0.318112,-0.082188
0.207990,-0.316738,-0.081230
0.207607,-0.314072,-0.080490
0.207954,-0.311178,-0.081848
0.207443,-0.308187,-0.080623
0.209350,-0.306057,-0.079313
0.204679,-0.304887,-0.079389
0.205109,-0.303303,-0.078084
0.205564,-0.300895,-0.077670
0.205010,-0.298959,-0.077009
0.204310,-0.297791,-0.077236
0.202964,-0.293308,-0.075119
0.203454,-0.292753,-0.076272
0.204023,-0.290692,-0.073692
0.202316,-0.287772,-0.073256
0.200689,-0.288587,-0.073252
0.201484,-0.286031,-0.071699
0.200579,-0.285989,-0.071291
0.200528,-0.280337,-0.073000
0.200003,-0.280519,-0.072280
0.199324,-0.278612,-0.071485
0.200164,-0.275935,-0.069719
0.198385,-0.275511,-0.069435
0.196528,-0.272118,-0.066542
0.196140,-0.273212,-0.068431
0.194980,-0.270408,-0.067580
0.196047,-0.268249,-0.067778
0.196444,-0.267753,-0.067527
0.193973,-0.264028,-0.066341
0.193707,-0.262965,-0.066802
0.190720,-0.261380,-0.066414
0.190642,-0.260553,-0.064542
0.191799,-0.257511,-0.063585
0.189285,-0.258248,-0.063648
0.189291,-0.256052,-0.063372
0.189449,-0.252187,-0.062620
0.188283,-0.253608,-0.065562
0.185366,-0.250256,-0.063092
0.186957,-0.248288,-0.063715
0.186126,-0.247668,-0.063313
0.183128,-0.246898,-0.062347
0.183423,-0.244722,-0.061147
0.179527,-0.241394,-0.062325
0.181144,-0.242962,-0.061444
0.178490,-0.241393,-0.063864
0.178970,-0.241272,-0.060857
0.176979,-0.238136,-0.060301
0.176278,-0.238602,-0.061522
0.175847,-0.236332,-0.059206
0.174887,-0.235108,-0.063046
0.171841,-0.234199,-0.061207
0.172352,-0.233878,-0.059973
0.171243,-0.231734,-0.061120
0.171653,-0.230805,-0.061425
0.169773,-0.230155,-0.059551
0.169807,-0.226862,-0.061147
0.165054,-0.228164,-0.059357
0.165378,-0.227008,-0.058941
0.163692,-0.225644,-0.061691
0.161602,-0.224949,-0.061253
0.162394,-0.222080,-0.061489
0.160857,-0.221622,-0.061556
0.159790,-0.222240,-0.061219
0.159329,-0.220575,-0.063675
0.154551,-0.219064,-0.063261
0.154626,-0.218290,-0.063909
0.153176,-0.218954,-0.064381
0.150467,-0.217142,-0.063572
0.151153,-0.216288,-0.063311
0.150208,-0.214251,-0.065259
0.148851,-0.214001,-0.064523
0.146513,-0.212064,-0.062908
0.145424,-0.210637,-0.065521
0.145961,-0.211189,-0.064365
0.142344,-0.208774,-0.064022
0.141311,-0.209818,-0.064967
0.140656,-0.208217,-0.065347
0.138099,-0.207207,-0.064171
0.137660,-0.205131,-0.065189
0.138071,-0.204134,-0.065683
0.136063,-0.202441,-0.064282
0.134014,-0.201027,-0.064927
0.135308,-0.201313,-0.064457
0.134040,-0.198499,-0.064125
0.131754,-0.198277,-0.063858
0.130521,-0.196448,-0.062207
0.130554,-0.195316,-0.063735
0.128561,-0.193334,-0.063377
0.128567,-0.192206,-0.061258
0.127364,-0.190660,-0.061832
0.126109,-0.190733,-0.062709
0.126791,-0.188359,-0.061857
0.124815,-0.186953,-0.063735
0.122620,-0.183749,-0.062126
0.122094,-0.184600,-0.060761
0.121492,-0.182472,-0.060516
0.122446,-0.180273,-0.061035
0.121086,-0.179148,-0.060344
0.118701,-0.178848,-0.059850
0.119168,-0.176441,-0.059825
0.118731,-0.174825,-0.059467
0.118588,-0.174340,-0.060719
0.115564,-0.172240,-0.057121
0.113899,-0.169607,-0.058405
0.115103,-0.169314,-0.059264
0.112143,-0.167238,-0.057862
0.112374,-0.166158,-0.058023
0.111890,-0.165900,-0.057363
0.110924,-0.163071,-0.057858
0.109529,-0.160998,-0.056302
0.107866,-0.161908,-0.057990
0.107876,-0.160961,-0.057478
0.107526,-0.156884,-0.057039
0.104558,-0.157216,-0.058056
0.104080,-0.156644,-0.056937
0.103802,-0.155886,-0.057517
0.102686,-0.153628,-0.057144
0.101785,-0.151064,-0.056963
0.100717,-0.150865,-0.057785
0.100400,-0.150258,-0.056695
0.097818,-0.148289,-0.057273
0.097360,-0.147888,-0.055804
0.093405,-0.148905,-0.057794
0.092533,-0.147782,-0.056126
0.091944,-0.144906,-0.058126
0.092224,-0.144827,-0.058016
0.089755,-0.144403,-0.057893
0.088045,-0.145999,-0.061200
0.085278,-0.144194,-0.061314
0.085529,-0.141919,-0.059416
0.085165,-0.141142,-0.061312
0.081282,-0.141491,-0.059810
0.081996,-0.140635,-0.062065
0.078744,-0.138350,-0.060651
0.077200,-0.137705,-0.063238
0.076587,-0.136359,-0.063094
0.075569,-0.137451,-0.061905
0.071832,-0.135740,-0.063247
0.069784,-0.135824,-0.062745
0.069819,-0.133219,-0.062929
0.067288,-0.133145,-0.062316
0.067542,-0.132607,-0.063667
0.066528,-0.132142,-0.063040
0.063092,-0.131374,-0.066320
0.060571,-0.132524,-0.065486
0.059885,-0.129813,-0.065413
0.057892,-0.129528,-0.065847
0.057426,-0.127503,-0.067232
0.055209,-0.127448,-0.068177
0.052070,-0.127192,-0.066800
0.051999,-0.127228,-0.067730
0.048544,-0.127980,-0.068056
0.046928,-0.126757,-0.070540
0.045840,-0.127154,-0.071825
0.042875,-0.127100,-0.073462
0.040412,-0.126722,-0.073152
0.035745,-0.128781,-0.076842
0.031261,-0.127067,-0.076706
0.031539,-0.129703,-0.079322
0.025362,-0.131173,-0.081786
0.019432,-0.133706,-0.084999
0.014668,-0.134446,-0.090638
0.011712,-0.139401,-0.090972
0.007987,-0.138957,-0.094284
0.005697,-0.137074,-0.094384
0.003700,-0.140549,-0.097226
0.001586,-0.140619,-0.097839
-0.001824,-0.139802,-0.099467
-0.003584,-0.140465,-0.098886
-0.005989,-0.138247,-0.101178
-0.007669,-0.137548,-0.101903
-0.012542,-0.138481,-0.103022
-0.011931,-0.139456,-0.103013
-0.016373,-0.139917,-0.105310
-0.016374,-0.139163,-0.107068
-0.020760,-0.139344,-0.108280
-0.023535,-0.140948,-0.109600
-0.026294,-0.142568,-0.110969
-0.031689,-0.142611,-0.114284
-0.037138,-0.146273,-0.117947
-0.042791,-0.150289,-0.124672
0.204763,-0.375592,-0.108706
0.208809,-0.371231,-0.107575
0.209570,-0.367288,-0.103281
0.208605,-0.363974,-0.104826
0.209863,-0.361602,-0.102740
0.210189,-0.358416,-0.099391
0.210265,-0.356834,-0.098412
0.208507,-0.354436,-0.098877
0.209053,-0.349940,-0.096453
0.208393,-0.349550,-0.095092
0.210566,-0.345098,-0.095006
0.209714,-0.343391,-0.092795
0.212274,-0.339998,-0.091458
0.212110,-0.337508,-0.089802
0.209839,-0.335230,-0.089465
0.207021,-0.334572,-0.090679
0.211866,-0.331341,-0.088205
0.208244,-0.328294,-0.085210
0.208947,-0.326086,-0.086013
0.209447,-0.325839,-0.085218
0.209900,-0.322327,-0.085831
0.208715,-0.320374,-0.082312
0.207415,-0.317079,-0.080826
0.209468,-0.313874,-0.079569
0.207672,-0.313451,-0.080011
0.206346,-0.311534,-0.080633
0.207691,-0.310606,-0.080216
0.206523,-0.307359,-0.077684
0.206961,-0.307048,-0.075959
0.206097,-0.301540,-0.074146
0.204142,-0.302340,-0.074636
0.206610,-0.300604,-0.076288
0.203100,-0.297098,-0.073643
0.202916,-0.297230,-0.073211
0.200869,-0.293477,-0.073207
0.202469,-0.291922,-0.073392
0.198402,-0.287503,-0.071612
0.201554,-0.288300,-0.069786
0.200685,-0.287286,-0.070724
0.200786,-0.285616,-0.069461
0.199695,-0.283104,-0.069698
0.199904,-0.282176,-0.070180
0.197591,-0.279374,-0.068690
0.196547,-0.277150,-0.067777
0.197085,-0.276431,-0.068243
0.197041,-0.274664,-0.066967
0.196264,-0.272647,-0.067917
0.194280,-0.269663,-0.066358
0.191913,-0.269583,-0.064651
0.193690,-0.265957,-0.065532
0.192218,-0.265884,-0.066463
0.191513,-0.265426,-0.065936
0.191955,-0.264362,-0.066732
0.190354,-0.259543,-0.064492
0.189411,-0.259895,-0.063454
0.188930,-0.257822,-0.063080
0.187189,-0.256919,-0.063042
0.186445,-0.255009,-0.061384
0.184977,-0.252984,-0.060628
0.185143,-0.251536,-0.060515
0.183486,-0.250893,-0.063426
0.184122,-0.249133,-0.060615
0.183048,-0.250073,-0.060678
0.181561,-0.246254,-0.062852
0.181244,-0.246475,-0.061892
0.179171,-0.244965,-0.060110
0.179550,-0.245096,-0.061233
0.177645,-0.242472,-0.061178
0.175358,-0.241451,-0.060941
0.174760,-0.240397,-0.059218
0.174364,-0.238052,-0.062669
0.172162,-0.237689,-0.060558
0.171383,-0.235195,-0.058828
0.169919,-0.234627,-0.060201
0.168941,-0.234215,-0.061412
0.168853,-0.232328,-0.061354
0.167553,-0.231019,-0.060803
0.167584,-0.231722,-0.061940
0.164424,-0.231121,-0.060347
0.162912,-0.226620,-0.061090
0.160782,-0.228312,-0.060453
0.163107,-0.226394,-0.059698
0.158981,-0.226788,-0.061816
0.159265,-0.224330,-0.061425
0.157341,-0.222283,-0.059355
0.156747,-0.222529,-0.060275
0.154811,-0.221225,-0.061493
0.152620,-0.220868,-0.061317
0.151500,-0.219230,-0.063107
0.149467,-0.217731,-0.062128
0.147447,-0.217161,-0.064609
0.148213,-0.215918,-0.063784
0.146509,-0.215685,-0.063106
0.146730,-0.215300,-0.065023
0.142450,-0.213267,-0.063388
0.141590,-0.213273,-0.063344
0.139907,-0.211559,-0.066075
0.139036,-0.208933,-0.064825
0.139609,-0.209585,-0.063555
0.137325,-0.208174,-0.064918
0.138137,-0.207265,-0.064444
0.135607,-0.207069,-0.064753
0.134741,-0.205687,-0.064231
0.134734,-0.203448,-0.063585
0.132900,-0.201491,-0.063728
0.131223,-0.202806,-0.062603
0.130675,-0.200831,-0.063893
0.130750,-0.199221,-0.064263
0.126159,-0.199215,-0.063217
0.127342,-0.196018,-0.063227
0.126786,-0.195085,-0.063210
0.125228,-0.192777,-0.061059
0.126216,-0.190397,-0.061836
0.124169,-0.191314,-0.060780
0.124109,-0.188276,-0.059789
0.123483,-0.187660,-0.060677
0.121194,-0.186908,-0.061017
0.120770,-0.183114,-0.060620
0.119525,-0.184892,-0.060261
0.118419,-0.181133,-0.061102
0.119999,-0.180039,-0.059709
0.117756,-0.176917,-0.059485
0.115262,-0.176286,-0.061195
0.115155,-0.175938,-0.060941
0.115156,-0.174980,-0.059102
0.113546,-0.174396,-0.056615
0.112147,-0.172406,-0.059337
0.113314,-0.170243,-0.057165
0.113719,-0.168199,-0.058119
0.110613,-0.166423,-0.057086
0.109690,-0.165346,-0.055638
0.108186,-0.166554,-0.056802
0.107493,-0.163352,-0.056616
0.107661,-0.161749,-0.056732
0.103446,-0.160490,-0.058743
0.104129,-0.159051,-0.054980
0.100598,-0.156544,-0.056827
0.101423,-0.155258,-0.057538
0.101776,-0.155941,-0.054980
0.099503,-0.154286,-0.055926
0.097204,-0.153680,-0.057666
0.096858,-0.151280,-0.056185
0.094568,-0.152346,-0.057622
0.094489,-0.151414,-0.057539
0.094787,-0.148576,-0.057183
0.090314,-0.147923,-0.056241
0.091170,-0.147283,-0.057788
0.091160,-0.146964,-0.059036
0.088280,-0.145975,-0.057448
0.085660,-0.145954,-0.057534
0.084108,-0.145178,-0.057446
0.082055,-0.142778,-0.057926
0.080727,-0.144078,-0.060531
0.079707,-0.142915,-0.059783
0.078651,-0.143295,-0.062672
0.077158,-0.139678,-0.058886
0.074710,-0.139991,-0.059974
0.073462,-0.138469,-0.063551
0.072229,-0.139024,-0.062397
0.069732,-0.136784,-0.062461
0.068838,-0.137163,-0.062315
0.068631,-0.136101,-0.062687
0.065918,-0.136255,-0.063106
0.064279,-0.136782,-0.065561
0.064170,-0.135228,-0.064283
0.062109,-0.134105,-0.063752
0.059366,-0.132943,-0.064918
0.058325,-0.131427,-0.064895
0.056788,-0.132591,-0.067350
0.053766,-0.131645,-0.064673
0.053397,-0.131233,-0.066188
0.047389,-0.131830,-0.067240
0.050221,-0.130195,-0.070749
0.047502,-0.129627,-0.068740
0.043077,-0.129933,-0.071026
0.040855,-0.128048,-0.071613
0.036339,-0.129586,-0.072299
0.034894,-0.132086,-0.075226
0.031677,-0.133347,-0.076601
0.028636,-0.132794,-0.079198
0.023607,-0.134351,-0.082818
0.020719,-0.139353,-0.086993
0.014002,-0.139603,-0.090101
0.010790,-0.141611,-0.090325
0.006430,-0.141429,-0.092343
0.005041,-0.144239,-0.094143
0.001558,-0.144436,-0.096533
0.000894,-0.140671,-0.097834
-0.003092,-0.141978,-0.096904
-0.003278,-0.142614,-0.100381
-0.007026,-0.141480,-0.100197
-0.008521,-0.141816,-0.102854
-0.009863,-0.141311,-0.100652
-0.013439,-0.142301,-0.102753
-0.015654,-0.141044,-0.105575
-0.018374,-0.141592,-0.105662
-0.022358,-0.142397,-0.106861
-0.023349,-0.142110,-0.110156
-0.025963,-0.141965,-0.109504
-0.030844,-0.144757,-0.112447
-0.037596,-0.149242,-0.117213
-0.043493,-0.152323,-0.122862
0.206702,-0.374448,-0.105851
0.209964,-0.372159,-0.104554
0.209315,-0.367018,-0.102901
0.209093,-0.365561,-0.100284
0.208296,-0.362747,-0.099649
0.208525,-0.354997,-0.097458
0.209620,-0.357336,-0.096786
0.209309,-0.352251,-0.095397
0.207947,-0.351005,-0.096931
0.209164,-0.348098,-0.093329
0.209172,-0.346670,-0.090005
0.209674,-0.344603,-0.091363
0.210985,-0.340879,-0.090939
0.205971,-0.338297,-0.088224
0.210457,-0.337622,-0.087162
0.208782,-0.334506,-0.088334
0.209482,-0.331607,-0.085679
0.208697,-0.330659,-0.085218
0.210601,-0.327281,-0.082563
0.207946,-0.325946,-0.084757
0.207684,-0.322850,-0.080074
0.206649,-0.321616,-0.081032
0.207036,-0.317634,-0.078579
0.206817,-0.315174,-0.079566
0.206437,-0.314158,-0.079953
0.205405,-0.313715,-0.077300
0.204715,-0.308635,-0.077173
0.206127,-0.307174,-0.075812
0.206298,-0.304467,-0.074103
0.205458,-0.305663,-0.074477
0.203714,-0.302324,-0.074268
0.204643,-0.302655,-0.075684
0.201977,-0.298835,-0.072778
0.201740,-0.297794,-0.072334
0.201433,-0.295919,-0.073411
0.202050,-0.293671,-0.070627
0.198892,-0.290767,-0.069099
0.200780,-0.288643,-0.068148
0.199779,-0.287533,-0.072235
0.197996,-0.284817,-0.068931
0.198463,-0.283081,-0.068533
0.198134,-0.283547,-0.069059
0.196249,-0.277881,-0.065632
0.196838,-0.277322,-0.065509
0.195843,-0.275843,-0.065183
0.194657,-0.274446,-0.065753
0.194594,-0.275109,-0.065236
0.193723,-0.273935,-0.064624
0.192832,-0.271574,-0.065711
0.192669,-0.268058,-0.064944
0.190796,-0.266504,-0.065201
0.189303,-0.265910,-0.064181
0.191063,-0.263416,-0.062596
0.187924,-0.264352,-0.062792
0.187247,-0.261978,-0.063433
0.185744,-0.259056,-0.061007
0.187632,-0.257858,-0.062382
0.186864,-0.255312,-0.059957
0.185415,-0.255573,-0.060148
0.182190,-0.254360,-0.061254
0.184785,-0.251366,-0.059924
0.182024,-0.252230,-0.060599
0.180682,-0.251579,-0.061626
0.179325,-0.249514,-0.058519
0.177277,-0.248376,-0.060705
0.177052,-0.245803,-0.060412
0.177653,-0.246319,-0.060776
0.176401,-0.244134,-0.059553
0.174378,-0.243174,-0.060159
0.173702,-0.240774,-0.060846
0.173148,-0.239912,-0.060766
0.171756,-0.239178,-0.059799
0.169185,-0.237058,-0.058720
0.168298,-0.236391,-0.060551
0.167170,-0.236112,-0.058214
0.166719,-0.235399,-0.061094
0.166064,-0.233444,-0.060132
0.163041,-0.233301,-0.058705
0.163592,-0.232223,-0.060044
0.162411,-0.229048,-0.060552
0.159678,-0.229838,-0.059562
0.158697,-0.226567,-0.060387
0.156910,-0.226265,-0.059272
0.156923,-0.226439,-0.060014
0.155689,-0.224662,-0.061194
0.154537,-0.225505,-0.061758
0.152208,-0.224323,-0.061469
0.150029,-0.223206,-0.063647
0.148376,-0.221007,-0.061199
0.148598,-0.220075,-0.062599
0.147251,-0.220833,-0.063821
0.145185,-0.221697,-0.062747
0.144334,-0.217969,-0.062672
0.142792,-0.216373,-0.063293
0.140087,-0.215609,-0.063690
0.140283,-0.217727,-0.063116
0.137878,-0.212158,-0.063838
0.139159,-0.213099,-0.064151
0.138143,-0.211527,-0.062674
0.136253,-0.211027,-0.062276
0.135239,-0.211027,-0.065094
0.132832,-0.207768,-0.062201
0.132442,-0.206372,-0.063284
0.131840,-0.205528,-0.064641
0.128913,-0.204984,-0.064464
0.127311,-0.204238,-0.062794
0.126346,-0.201693,-0.063379
0.126351,-0.200479,-0.063959
0.127789,-0.200990,-0.061555
0.125595,-0.197649,-0.061583
0.124859,-0.195473,-0.060652
0.122830,-0.192178,-0.062765
0.123105,-0.193855,-0.060300
0.120787,-0.190396,-0.060610
0.122102,-0.190397,-0.061461
0.119350,-0.191227,-0.060381
0.117896,-0.187107,-0.058663
0.119237,-0.187449,-0.060033
0.117252,-0.184379,-0.057841
0.116702,-0.183829,-0.060217
0.116072,-0.181636,-0.058985
0.116986,-0.180478,-0.060951
0.113007,-0.180013,-0.057435
0.114213,-0.179079,-0.058199
0.112028,-0.177459,-0.058254
0.109834,-0.174364,-0.060152
0.111156,-0.173602,-0.057866
0.110222,-0.172415,-0.056877
0.109062,-0.171545,-0.058145
0.109898,-0.168348,-0.056996
0.107965,-0.170305,-0.057475
0.107938,-0.166023,-0.057455
0.104506,-0.166072,-0.057154
0.105227,-0.163634,-0.056266
0.105391,-0.163344,-0.055588
0.102287,-0.161893,-0.057378
0.099825,-0.160036,-0.054911
0.099520,-0.159641,-0.057572
0.097660,-0.159387,-0.054781
0.098822,-0.155730,-0.056416
0.095285,-0.156279,-0.056370
0.094555,-0.154133,-0.055320
0.092975,-0.153916,-0.054711
0.092460,-0.151071,-0.054733
0.091201,-0.150901,-0.056996
0.090804,-0.150812,-0.056632
0.087583,-0.149568,-0.056693
0.086058,-0.149067,-0.057948
0.085522,-0.148692,-0.057157
0.085897,-0.145804,-0.056695
0.082290,-0.147096,-0.056962
0.081927,-0.145076,-0.059405
0.079249,-0.144502,-0.056878
0.076876,-0.146301,-0.060724
0.077677,-0.143730,-0.059738
0.075557,-0.143657,-0.058753
0.072750,-0.140552,-0.060949
0.071264,-0.142700,-0.060947
0.069495,-0.141760,-0.062460
0.069045,-0.138725,-0.062226
0.067642,-0.138354,-0.062298
0.064871,-0.139050,-0.063189
0.065315,-0.137658,-0.061567
0.062687,-0.136052,-0.063080
0.061082,-0.135479,-0.063244
0.059377,-0.138049,-0.064570
0.056482,-0.134861,-0.064940
0.053923,-0.134253,-0.065485
0.053154,-0.132104,-0.065127
0.051336,-0.134541,-0.067436
0.048978,-0.134563,-0.069524
0.046260,-0.132714,-0.068027
0.045972,-0.133355,-0.070936
0.041327,-0.133904,-0.072605
0.039252,-0.134694,-0.070778
0.036788,-0.135845,-0.075206
0.034271,-0.135151,-0.074162
0.030238,-0.135543,-0.079312
0.029403,-0.138881,-0.079240
0.024001,-0.138628,-0.081170
0.016996,-0.140222,-0.086953
0.014429,-0.141781,-0.089055
0.011153,-0.144909,-0.093483
0.007732,-0.144945,-0.093803
0.004329,-0.145518,-0.095719
0.000940,-0.149947,-0.095508
0.000145,-0.144738,-0.097769
-0.002246,-0.143754,-0.095892
-0.005964,-0.145406,-0.099234
-0.006110,-0.145448,-0.100358
-0.007847,-0.145285,-0.100912
-0.012439,-0.144227,-0.102203
-0.014089,-0.145928,-0.102505
-0.016095,-0.142787,-0.102077
-0.017032,-0.143283,-0.105913
-0.020118,-0.143428,-0.107257
-0.024934,-0.145975,-0.108153
-0.027254,-0.146090,-0.109714
-0.031089,-0.148108,-0.112652
-0.038453,-0.151801,-0.116434
-0.043822,-0.154638,-0.119105
0.206358,-0.373926,-0.103206
0.208247,-0.370163,-0.103770
0.207151,-0.368359,-0.100972
0.208646,-0.364687,-0.100397
0.209183,-0.362035,-0.096524
0.210298,-0.359930,-0.095617
0.207697,-0.357662,-0.095555
0.208826,-0.354347,-0.094508
0.208744,-0.351983,-0.093427
0.209069,-0.349137,-0.092532
0.209869,-0.347883,-0.091234
0.209307,-0.342770,-0.089935
0.208473,-0.341527,-0.087646
0.208095,-0.337240,-0.086983
0.209803,-0.336538,-0.085195
0.207642,-0.333662,-0.083261
0.208590,-0.333069,-0.084118
0.207502,-0.330751,-0.084948
0.206284,-0.327671,-0.082804
0.205865,-0.327501,-0.081772
0.206969,-0.324462,-0.081438
0.207092,-0.320992,-0.080529
0.205220,-0.319277,-0.079276
0.205921,-0.318283,-0.076329
0.205827,-0.314218,-0.075923
0.205140,-0.312564,-0.076946
0.206312,-0.311845,-0.076518
0.204160,-0.308900,-0.075035
0.203561,-0.306747,-0.072684
0.203775,-0.306058,-0.072138
0.203802,-0.303010,-0.074276
0.201593,-0.300871,-0.072460
0.203762,-0.300526,-0.070189
0.202456,-0.297449,-0.071489
0.199929,-0.296242,-0.069381
0.202052,-0.294444,-0.068562
0.198460,-0.289421,-0.069214
0.197591,-0.291684,-0.069553
0.197651,-0.289740,-0.069586
0.197723,-0.283610,-0.066806
0.197727,-0.285763,-0.066650
0.196042,-0.284312,-0.066005
0.197601,-0.282314,-0.065694
0.195060,-0.280442,-0.066721
0.194976,-0.278535,-0.065432
0.194074,-0.277607,-0.064207
0.192350,-0.276577,-0.063720
0.192682,-0.274115,-0.063005
0.192470,-0.273422,-0.063235
0.190076,-0.270716,-0.061540
0.190325,-0.267852,-0.062142
0.191013,-0.267221,-0.062493
0.188819,-0.264696,-0.063084
0.189691,-0.264329,-0.061340
0.187091,-0.261337,-0.062106
0.187424,-0.260688,-0.061824
0.184653,-0.259009,-0.060382
0.187485,-0.259363,-0.060483
0.183006,-0.255942,-0.060460
0.182001,-0.253949,-0.059963
0.182177,-0.253332,-0.059639
0.179173,-0.249415,-0.059862
0.178848,-0.250792,-0.059540
0.179417,-0.250493,-0.059445
0.175591,-0.249407,-0.060301
0.175973,-0.246290,-0.060710
0.174761,-0.246408,-0.059416
0.175179,-0.244979,-0.058578
0.174164,-0.241581,-0.061125
0.171910,-0.242502,-0.058394
0.172348,-0.240790,-0.058688
0.169149,-0.240362,-0.058797
0.167668,-0.238616,-0.059915
0.168515,-0.237152,-0.059112
0.166028,-0.237507,-0.059556
0.164348,-0.235829,-0.058667
0.163033,-0.233525,-0.059309
0.164181,-0.234687,-0.060861
0.160853,-0.233618,-0.061243
0.158272,-0.232893,-0.060442
0.158326,-0.228871,-0.060513
0.156839,-0.228899,-0.059171
0.155154,-0.232035,-0.059986
0.154618,-0.227365,-0.060282
0.153506,-0.225964,-0.060179
0.152378,-0.226454,-0.062045
0.151798,-0.223290,-0.060760
0.148082,-0.225276,-0.060294
0.148002,-0.222785,-0.059359
0.146923,-0.222391,-0.062379
0.145024,-0.222982,-0.062606
0.143589,-0.221650,-0.062492
0.141474,-0.220162,-0.061878
0.140158,-0.219482,-0.063379
0.139040,-0.216809,-0.062794
0.138989,-0.215685,-0.062968
0.135128,-0.215475,-0.062850
0.136878,-0.214859,-0.062263
0.135529,-0.213207,-0.063343
0.134077,-0.212269,-0.062178
0.131541,-0.210434,-0.063375
0.130827,-0.210946,-0.061988
0.130779,-0.209649,-0.063195
0.127945,-0.209973,-0.064102
0.128200,-0.205540,-0.061870
0.126256,-0.206217,-0.062375
0.128501,-0.203268,-0.062152
0.126253,-0.202948,-0.060960
0.125840,-0.200516,-0.064310
0.122932,-0.199044,-0.061827
0.124133,-0.198605,-0.061766
0.122375,-0.196791,-0.060450
0.119447,-0.195387,-0.062094
0.118392,-0.193315,-0.060896
0.116747,-0.193479,-0.060285
0.120015,-0.190626,-0.059546
0.117747,-0.189882,-0.059644
0.115313,-0.188321,-0.060264
0.116316,-0.185412,-0.058862
0.115052,-0.184078,-0.058517
0.114398,-0.183742,-0.059141
0.112674,-0.182818,-0.056927
0.111773,-0.180140,-0.057813
0.113464,-0.178395,-0.056440
0.110202,-0.179239,-0.059853
0.109363,-0.176232,-0.058371
0.107566,-0.174553,-0.058097
0.108141,-0.173640,-0.057327
0.106734,-0.172411,-0.057571
0.107998,-0.169453,-0.055514
0.104776,-0.170677,-0.056175
0.105072,-0.169588,-0.056747
0.102283,-0.167683,-0.055616
0.103835,-0.168164,-0.056058
0.102958,-0.164513,-0.054608
0.099893,-0.164439,-0.055668
0.100549,-0.162562,-0.058318
0.098015,-0.162306,-0.056262
0.095147,-0.160909,-0.056923
0.095405,-0.159528,-0.054629
0.094150,-0.158418,-0.056117
0.093065,-0.157330,-0.053889
0.091917,-0.155434,-0.059162
0.088757,-0.152879,-0.056991
0.087705,-0.152504,-0.055870
0.086182,-0.153299,-0.057057
0.086833,-0.150348,-0.056811
0.084475,-0.152626,-0.056074
0.082148,-0.149818,-0.058547
0.081573,-0.148760,-0.057937
0.079791,-0.149518,-0.057923
0.080537,-0.147574,-0.058542
0.076539,-0.147781,-0.058446
0.075837,-0.146246,-0.060092
0.073303,-0.144323,-0.060246
0.069770,-0.144997,-0.062563
0.070793,-0.143588,-0.059789
0.068641,-0.143194,-0.061417
0.067226,-0.144764,-0.061295
0.066890,-0.141508,-0.062593
0.064561,-0.142923,-0.062469
0.065273,-0.142212,-0.061735
0.062305,-0.140657,-0.063498
0.059620,-0.139125,-0.064327
0.058732,-0.139091,-0.064408
0.055834,-0.139154,-0.065177
0.056114,-0.138458,-0.065696
0.053016,-0.136869,-0.065231
0.050188,-0.138177,-0.066553
0.048146,-0.135982,-0.066914
0.046243,-0.137677,-0.067478
0.045318,-0.138471,-0.070702
0.043559,-0.138037,-0.069614
0.040539,-0.136306,-0.071414
0.035677,-0.139005,-0.074800
0.033390,-0.137639,-0.074902
0.029347,-0.140161,-0.079050
0.025936,-0.141329,-0.077072
0.020329,-0.145450,-0.083529
0.014282,-0.145291,-0.087622
0.012432,-0.147560,-0.090216
0.007745,-0.149227,-0.091226
0.005677,-0.147175,-0.093767
0.003464,-0.149884,-0.095087
0.000651,-0.151283,-0.097018
-0.001716,-0.149126,-0.096704
-0.004366,-0.148947,-0.098760
-0.006649,-0.149256,-0.099050
-0.007407,-0.146750,-0.098763
-0.009005,-0.148374,-0.101005
-0.012450,-0.147706,-0.101231
-0.013914,-0.147486,-0.100411
-0.017760,-0.147859,-0.102332
-0.019949,-0.148153,-0.106313
-0.021276,-0.150365,-0.105919
-0.026362,-0.148431,-0.106963
-0.028230,-0.148589,-0.108514
-0.031458,-0.149616,-0.111987
-0.037678,-0.154196,-0.114775
-0.042748,-0.157085,-0.120237
0.206292,-0.374189,-0.103360
0.207958,-0.372993,-0.099896
0.208306,-0.369659,-0.098367
0.209194,-0.366317,-0.095700
0.207279,-0.361548,-0.097065
0.208152,-0.359629,-0.093613
0.208230,-0.357628,-0.091805
0.207619,-0.352882,-0.090856
0.209030,-0.350024,-0.091845
0.209004,-0.350531,-0.087352
0.210779,-0.348075,-0.086547
0.208309,-0.343275,-0.086748
0.207559,-0.341575,-0.086262
0.209523,-0.340150,-0.087423
0.208710,-0.339509,-0.084692
0.206785,-0.335813,-0.084675
0.206571,-0.333500,-0.083974
0.206590,-0.329482,-0.082404
0.206192,-0.327734,-0.079407
0.204417,-0.326791,-0.078915
0.206451,-0.322677,-0.076192
0.207643,-0.321824,-0.077926
0.205313,-0.318722,-0.077584
0.206140,-0.318045,-0.076411
0.205197,-0.315052,-0.073778
0.202826,-0.312643,-0.073215
0.204960,-0.311342,-0.073260
0.204318,-0.307977,-0.072552
0.204101,-0.305996,-0.072327
0.203044,-0.306516,-0.072297
0.201732,-0.304537,-0.071292
0.203115,-0.303910,-0.071288
0.199265,-0.301108,-0.070882
0.199911,-0.299535,-0.068616
0.198374,-0.297552,-0.068691
0.196966,-0.294517,-0.068437
0.197470,-0.294239,-0.066719
0.198760,-0.290111,-0.067426
0.196526,-0.288322,-0.066576
0.196299,-0.288116,-0.066408
0.196489,-0.286316,-0.065728
0.197512,-0.284190,-0.066724
0.196540,-0.282678,-0.064142
0.194528,-0.279224,-0.064417
0.192670,-0.278063,-0.064345
0.193493,-0.278288,-0.063454
0.192543,-0.275562,-0.063061
0.192164,-0.274239,-0.063835
0.191454,-0.274394,-0.062618
0.188807,-0.270738,-0.061351
0.188017,-0.268101,-0.061642
0.190427,-0.268117,-0.062525
0.187146,-0.265761,-0.062609
0.186834,-0.265689,-0.059114
0.185767,-0.263970,-0.058941
0.184366,-0.263151,-0.058245
0.186161,-0.259754,-0.058830
0.184304,-0.258080,-0.060733
0.181918,-0.258241,-0.058986
0.181329,-0.255939,-0.058225
0.180030,-0.255875,-0.058716
0.180642,-0.254332,-0.058976
0.177178,-0.255002,-0.059811
0.177980,-0.251362,-0.057345
0.175664,-0.250218,-0.059095
0.173275,-0.250615,-0.059294
0.173911,-0.250550,-0.060003
0.172013,-0.248254,-0.058235
0.170914,-0.243514,-0.057096
0.171476,-0.240241,-0.059027
0.170065,-0.244626,-0.058366
0.168430,-0.241552,-0.059194
0.168485,-0.240583,-0.059557
0.162495,-0.240323,-0.058358
0.164045,-0.239802,-0.057669
0.162720,-0.237199,-0.059013
0.160910,-0.236686,-0.058823
0.159560,-0.236555,-0.060446
0.157462,-0.233518,-0.058195
0.159178,-0.235546,-0.060405
0.156737,-0.233374,-0.059684
0.154890,-0.232278,-0.059848
0.153226,-0.230291,-0.059286
0.153904,-0.230135,-0.059688
0.151541,-0.230726,-0.060691
0.149249,-0.228008,-0.058777
0.149336,-0.226028,-0.059456
0.147281,-0.225932,-0.060898
0.145054,-0.224873,-0.058979
0.145418,-0.224910,-0.062449
0.141624,-0.223922,-0.062723
0.140332,-0.223131,-0.061865
0.140681,-0.221609,-0.062740
0.138005,-0.220831,-0.061990
0.138331,-0.219642,-0.062905
0.136255,-0.221291,-0.063312
0.133905,-0.217514,-0.061412
0.131328,-0.216655,-0.061626
0.133683,-0.216158,-0.062527
0.131923,-0.214099,-0.064618
0.129783,-0.214196,-0.060816
0.129775,-0.211425,-0.062121
0.127137,-0.209972,-0.061771
0.128102,-0.209895,-0.061584
0.125038,-0.210062,-0.062948
0.124201,-0.207158,-0.063185
0.123469,-0.205951,-0.062734
0.123996,-0.205374,-0.063033
0.121712,-0.201347,-0.060868
0.122789,-0.202673,-0.061107
0.120733,-0.200251,-0.060390
0.120195,-0.199235,-0.061085
0.119382,-0.197832,-0.060888
0.118083,-0.196096,-0.060655
0.116274,-0.194404,-0.059738
0.117908,-0.192300,-0.057641
0.117471,-0.194203,-0.060075
0.113462,-0.190460,-0.059240
0.113361,-0.187120,-0.058636
0.111884,-0.186558,-0.057853
0.111850,-0.186646,-0.059278
0.112463,-0.184243,-0.058845
0.108897,-0.185379,-0.058818
0.109764,-0.182173,-0.058913
0.107902,-0.180759,-0.058326
0.105732,-0.179257,-0.058136
0.106744,-0.177632,-0.056789
0.107187,-0.176766,-0.057611
0.104299,-0.175144,-0.057043
0.102180,-0.173753,-0.055102
0.102770,-0.172525,-0.056810
0.101978,-0.171003,-0.056889
0.100000,-0.169822,-0.057205
0.099302,-0.170560,-0.056814
0.099725,-0.165595,-0.056929
0.098482,-0.166425,-0.055061
0.096988,-0.164012,-0.054740
0.095802,-0.164007,-0.056821
0.093838,-0.159971,-0.056032
0.092495,-0.161698,-0.055357
0.090226,-0.160418,-0.057002
0.090945,-0.159075,-0.055147
0.089590,-0.160089,-0.055486
0.087262,-0.156586,-0.056973
0.086682,-0.156819,-0.056126
0.084701,-0.154880,-0.056175
0.082745,-0.154421,-0.055894
0.082547,-0.154035,-0.057446
0.081443,-0.152184,-0.058633
0.080741,-0.151562,-0.059038
0.076392,-0.151397,-0.057515
0.075165,-0.148666,-0.058717
0.075346,-0.149369,-0.059478
0.072262,-0.147689,-0.058936
0.071536,-0.146577,-0.058585
0.069351,-0.147059,-0.059926
0.069284,-0.146417,-0.062443
0.067529,-0.146343,-0.060679
0.063584,-0.144297,-0.060983
0.065059,-0.143184,-0.061709
0.062611,-0.143367,-0.060212
0.062196,-0.143051,-0.061626
0.058451,-0.143198,-0.065587
0.058258,-0.143149,-0.064151
0.054742,-0.140880,-0.063867
0.053631,-0.139506,-0.064890
0.052376,-0.142702,-0.063186
0.050501,-0.140818,-0.064557
0.048107,-0.140458,-0.067271
0.046049,-0.139266,-0.069716
0.043011,-0.141761,-0.069561
0.039583,-0.140248,-0.070840
0.037721,-0.140392,-0.072673
0.034631,-0.140104,-0.073066
0.031070,-0.140510,-0.073351
0.029506,-0.142860,-0.077916
0.024785,-0.147120,-0.080389
0.019764,-0.147282,-0.084188
0.016420,-0.150846,-0.089141
0.009941,-0.151314,-0.090241
0.006862,-0.151153,-0.091720
0.005154,-0.152958,-0.094649
0.003045,-0.154159,-0.095531
-0.001897,-0.153798,-0.095716
-0.002229,-0.152851,-0.097450
-0.006009,-0.152862,-0.097002
-0.008298,-0.153578,-0.098306
-0.008610,-0.150632,-0.100687
-0.010509,-0.152285,-0.098648
-0.013792,-0.150075,-0.101123
-0.014849,-0.151908,-0.103783
-0.017036,-0.151540,-0.102851
-0.020621,-0.151419,-0.105259
-0.023449,-0.152254,-0.104514
-0.025583,-0.152947,-0.106323
-0.027340,-0.152202,-0.106802
-0.031868,-0.152717,-0.109121
-0.036234,-0.156554,-0.113653
-0.043482,-0.158954,-0.119172
0.206658,-0.375973,-0.099614
0.206548,-0.372109,-0.098567
0.207174,-0.368598,-0.096719
0.208414,-0.365566,-0.094913
0.209966,-0.360110,-0.094557
0.207673,-0.361429,-0.093112
0.206431,-0.357974,-0.091313
0.210399,-0.354363,-0.088384
0.207565,-0.351592,-0.087170
0.207476,-0.348822,-0.085902
0.208191,-0.346307,-0.087050
0.208374,-0.344300,-0.084444
0.207682,-0.343618,-0.086740
0.208397,-0.340108,-0.084371
0.205759,-0.339622,-0.083620
0.204615,-0.337766,-0.081945
0.206868,-0.333611,-0.082583
0.205290,-0.330523,-0.079975
0.206320,-0.329986,-0.077975
0.205246,-0.328768,-0.081038
0.205002,-0.324943,-0.077728
0.206581,-0.322802,-0.076080
0.205130,-0.321241,-0.074926
0.204555,-0.319860,-0.074803
0.205043,-0.315577,-0.072448
0.206221,-0.314804,-0.073253
0.203973,-0.312041,-0.073530
0.202793,-0.312395,-0.071460
0.202052,-0.308218,-0.072127
0.200746,-0.307945,-0.070932
0.200578,-0.306361,-0.071093
0.199585,-0.305528,-0.070726
0.200300,-0.300574,-0.070578
0.199195,-0.300175,-0.068005
0.198780,-0.298053,-0.068987
0.199223,-0.297139,-0.066997
0.196238,-0.294276,-0.066897
0.197250,-0.292296,-0.065040
0.197139,-0.291762,-0.065192
0.196746,-0.288250,-0.063652
0.196869,-0.287284,-0.063807
0.195056,-0.283658,-0.064957
0.194887,-0.283357,-0.064330
0.195764,-0.280723,-0.064218
0.192575,-0.278878,-0.063324
0.192810,-0.277590,-0.061906
0.190436,-0.278164,-0.062943
0.190187,-0.275284,-0.060101
0.189664,-0.275872,-0.059863
0.188398,-0.272666,-0.060746
0.187312,-0.270241,-0.060072
0.188613,-0.267890,-0.059357
0.186422,-0.268206,-0.060291
0.186771,-0.266008,-0.058484
0.185731,-0.264862,-0.058093
0.183964,-0.261716,-0.058831
0.183141,-0.259450,-0.057815
0.180880,-0.260626,-0.057418
0.180954,-0.258939,-0.057490
0.178949,-0.259159,-0.059671
0.179872,-0.257259,-0.057627
0.176828,-0.257040,-0.058138
0.176541,-0.253990,-0.059938
0.176201,-0.253563,-0.057584
0.174309,-0.254044,-0.057677
0.173921,-0.250930,-0.055527
0.172087,-0.248102,-0.059138
0.171823,-0.247874,-0.058371
0.170202,-0.246958,-0.058257
0.170604,-0.242664,-0.058442
0.167464,-0.245949,-0.057547
0.166058,-0.244177,-0.056903
0.166251,-0.242336,-0.059290
0.165187,-0.242995,-0.057183
0.162916,-0.238133,-0.057665
0.163625,-0.239697,-0.058505
0.161234,-0.240051,-0.057028
0.158307,-0.241082,-0.060860
0.158227,-0.236077,-0.060433
0.157101,-0.235498,-0.060511
0.155059,-0.235126,-0.059019
0.151932,-0.235021,-0.058184
0.151282,-0.232731,-0.058034
0.150770,-0.232795,-0.059367
0.148065,-0.231157,-0.058751
0.148633,-0.229896,-0.058844
0.145597,-0.228856,-0.060850
0.144644,-0.228911,-0.061688
0.143418,-0.227727,-0.060415
0.142366,-0.226874,-0.061322
0.140860,-0.226158,-0.061916
0.135615,-0.226602,-0.062174
0.136872,-0.224725,-0.061803
0.137264,-0.223368,-0.062649
0.135845,-0.222483,-0.062427
0.133137,-0.222829,-0.063001
0.132989,-0.220529,-0.061887
0.132556,-0.219453,-0.062693
0.131748,-0.218588,-0.060688
0.129422,-0.217013,-0.062836
0.128303,-0.214506,-0.063259
0.125916,-0.215181,-0.061783
0.125648,-0.213624,-0.062393
0.123913,-0.213966,-0.062587
0.121350,-0.211676,-0.062421
0.121863,-0.208424,-0.061572
0.120549,-0.207392,-0.061632
0.121264,-0.208488,-0.062435
0.120966,-0.205568,-0.062905
0.121198,-0.203769,-0.062097
0.119218,-0.202717,-0.060568
0.116291,-0.201358,-0.060314
0.117285,-0.197394,-0.058871
0.117085,-0.197337,-0.059231
0.115779,-0.196519,-0.060974
0.115545,-0.195657,-0.059733
0.113720,-0.192722,-0.060368
0.113261,-0.190717,-0.058293
0.110649,-0.189049,-0.058715
0.112537,-0.189249,-0.060587
0.110306,-0.189393,-0.056360
0.108002,-0.185852,-0.058633
0.107278,-0.185245,-0.057826
0.104965,-0.185137,-0.056264
0.107726,-0.183154,-0.057829
0.106024,-0.181680,-0.057563
0.103939,-0.180026,-0.058179
0.103950,-0.178937,-0.057172
0.103074,-0.176126,-0.055885
0.101869,-0.176064,-0.057342
0.100465,-0.174402,-0.056396
0.098679,-0.171757,-0.057462
0.098615,-0.171365,-0.057314
0.096726,-0.169830,-0.053754
0.097988,-0.169965,-0.057040
0.093894,-0.170154,-0.056888
0.093247,-0.167141,-0.054725
0.091516,-0.165118,-0.056668
0.089711,-0.165690,-0.055553
0.089530,-0.164326,-0.054579
0.089171,-0.163856,-0.056627
0.087513,-0.163663,-0.055412
0.086355,-0.161478,-0.056404
0.085639,-0.159951,-0.057803
0.083401,-0.158247,-0.056998
0.081674,-0.157906,-0.055546
0.080157,-0.157474,-0.057126
0.078764,-0.156462,-0.058001
0.077936,-0.155064,-0.059338
0.074948,-0.153289,-0.059781
0.075975,-0.152493,-0.059871
0.074303,-0.154417,-0.056663
0.072713,-0.151768,-0.059242
0.071743,-0.150397,-0.058758
0.069514,-0.150831,-0.059095
0.068278,-0.150965,-0.058635
0.067522,-0.147585,-0.058650
0.065003,-0.147367,-0.061909
0.063015,-0.148202,-0.061562
0.061363,-0.146523,-0.060666
0.056215,-0.147272,-0.063160
0.058487,-0.145917,-0.063939
0.055996,-0.145720,-0.062912
0.052664,-0.143304,-0.061605
0.052784,-0.144391,-0.063407
0.052107,-0.144599,-0.064127
0.047946,-0.144015,-0.067369
0.045709,-0.143486,-0.066174
0.044394,-0.144844,-0.068280
0.042735,-0.144098,-0.070646
0.039339,-0.141219,-0.069804
0.036195,-0.145805,-0.071054
0.032686,-0.144432,-0.073768
0.028962,-0.146088,-0.076618
0.025756,-0.147689,-0.079487
0.021508,-0.149156,-0.079572
0.017217,-0.151653,-0.086616
0.011668,-0.155119,-0.087365
0.010638,-0.153752,-0.090082
0.006841,-0.157242,-0.091633
0.003972,-0.156383,-0.094332
0.000550,-0.156238,-0.095227
-0.001177,-0.155268,-0.096505
-0.002958,-0.156760,-0.096329
-0.005671,-0.154316,-0.095686
-0.008203,-0.154041,-0.098464
-0.010932,-0.155038,-0.097808
-0.012180,-0.154957,-0.100021
-0.011968,-0.155827,-0.101062
-0.017595,-0.153200,-0.100288
-0.019100,-0.154069,-0.103010
-0.018368,-0.155545,-0.105913
-0.022762,-0.153034,-0.104442
-0.028132,-0.153933,-0.103959
-0.028182,-0.155070,-0.106614
-0.031318,-0.157041,-0.109688
-0.037470,-0.159450,-0.111975
-0.041865,-0.160423,-0.116463
0.205327,-0.374474,-0.097821
0.205140,-0.371285,-0.098162
0.207872,-0.368506,-0.093278
0.206984,-0.366118,-0.094633
0.208007,-0.361420,-0.092516
0.206899,-0.358199,-0.089428
0.208746,-0.355454,-0.089419
0.209311,-0.355311,-0.086550
0.207658,-0.351140,-0.085026
0.206749,-0.348017,-0.085677
0.207568,-0.348073,-0.083679
0.207199,-0.346729,-0.086422
0.208098,-0.343343,-0.083884
0.207070,-0.341802,-0.081950
0.206576,-0.339040,-0.079615
0.205620,-0.336143,-0.081531
0.207282,-0.334124,-0.080967
0.206016,-0.333207,-0.080465
0.204999,-0.330992,-0.078003
0.205468,-0.327790,-0.077516
0.205411,-0.326215,-0.075219
0.204840,-0.322804,-0.075250
0.205146,-0.322148,-0.072925
0.203069,-0.318687,-0.072211
0.203826,-0.318183,-0.073322
0.203050,-0.313690,-0.072081
0.203383,-0.313568,-0.072087
0.202267,-0.312672,-0.071753
0.202073,-0.309809,-0.069055
0.199530,-0.310340,-0.070141
0.201619,-0.305338,-0.070295
0.198653,-0.303956,-0.070482
0.199590,-0.303267,-0.067399
0.199303,-0.300770,-0.067039
0.198079,-0.298537,-0.067580
0.196423,-0.297398,-0.065160
0.195677,-0.294055,-0.063314
0.197907,-0.293952,-0.064378
0.194872,-0.288633,-0.063475
0.197451,-0.289945,-0.064154
0.194496,-0.287194,-0.061004
0.191625,-0.286081,-0.061813
0.193701,-0.285197,-0.062428
0.194218,-0.283865,-0.063428
0.191245,-0.282768,-0.062720
0.189154,-0.280164,-0.060778
0.190113,-0.277213,-0.059006
0.189874,-0.276989,-0.061522
0.188563,-0.276258,-0.062046
0.187060,-0.275121,-0.060622
0.188570,-0.273239,-0.061340
0.185267,-0.272768,-0.058207
0.184625,-0.268704,-0.058138
0.182981,-0.266544,-0.057551
0.184118,-0.264794,-0.056625
0.182404,-0.264046,-0.055940
0.183473,-0.264464,-0.058623
0.181494,-0.261630,-0.057478
0.181016,-0.259758,-0.057955
0.178969,-0.258338,-0.055181
0.177367,-0.258690,-0.058515
0.175728,-0.257149,-0.057832
0.174180,-0.255612,-0.058486
0.174257,-0.253248,-0.057477
0.172409,-0.252725,-0.057181
0.173874,-0.251325,-0.057376
0.170988,-0.250508,-0.056589
0.170856,-0.249309,-0.055334
0.169272,-0.248236,-0.056504
0.167778,-0.247891,-0.057531
0.165187,-0.247918,-0.056606
0.165265,-0.245101,-0.057819
0.163266,-0.244719,-0.056115
0.163561,-0.242339,-0.056103
0.161611,-0.241704,-0.057866
0.159133,-0.242665,-0.058626
0.159230,-0.240999,-0.058745
0.158239,-0.239302,-0.056908
0.156044,-0.238917,-0.058043
0.155390,-0.238339,-0.057989
0.152319,-0.238569,-0.058265
0.150447,-0.234893,-0.059391
0.149896,-0.234857,-0.058063
0.147755,-0.231551,-0.058574
0.148091,-0.232362,-0.058675
0.146858,-0.232377,-0.060410
0.144443,-0.230618,-0.059054
0.142989,-0.232758,-0.057077
0.140509,-0.228291,-0.061893
0.140252,-0.228882,-0.059807
0.139613,-0.226956,-0.061259
0.136354,-0.227125,-0.062019
0.136147,-0.226765,-0.063937
0.135129,-0.226838,-0.060912
0.134526,-0.224645,-0.060971
0.132288,-0.223357,-0.061976
0.129697,-0.222796,-0.059803
0.128524,-0.221115,-0.062258
0.129870,-0.219715,-0.062220
0.127607,-0.219436,-0.063619
0.127167,-0.218955,-0.061504
0.125775,-0.215777,-0.061368
0.123258,-0.215800,-0.061978
0.122859,-0.212238,-0.063226
0.123750,-0.212675,-0.060315
0.120323,-0.211559,-0.062120
0.120962,-0.210507,-0.060826
0.119602,-0.209796,-0.061391
0.118614,-0.208064,-0.061392
0.118314,-0.207514,-0.061334
0.117710,-0.205134,-0.061325
0.114489,-0.202085,-0.060066
0.116199,-0.201552,-0.060250
0.113731,-0.200227,-0.060666
0.112999,-0.197374,-0.059170
0.111566,-0.198690,-0.057914
0.113869,-0.195960,-0.057371
0.108405,-0.194312,-0.057106
0.107316,-0.193641,-0.058789
0.106497,-0.191993,-0.057581
0.106913,-0.191772,-0.056095
0.106451,-0.188770,-0.057336
0.110579,-0.187962,-0.057546
0.105200,-0.186102,-0.056273
0.103711,-0.183026,-0.058286
0.103472,-0.183051,-0.057086
0.101686,-0.180610,-0.058761
0.100038,-0.179676,-0.055358
0.100961,-0.177100,-0.055102
0.099183,-0.179091,-0.056008
0.099392,-0.176907,-0.056048
0.098136,-0.174646,-0.056111
0.097413,-0.174565,-0.056522
0.094377,-0.174657,-0.056097
0.094308,-0.172573,-0.054917
0.093467,-0.171396,-0.055995
0.089971,-0.169771,-0.057584
0.090511,-0.168613,-0.058124
0.091051,-0.166688,-0.055995
0.087392,-0.166307,-0.057098
0.086573,-0.166049,-0.057514
0.086492,-0.164700,-0.056701
0.084475,-0.163133,-0.057136
0.081304,-0.162618,-0.056178
0.080966,-0.159711,-0.055902
0.081226,-0.159358,-0.057090
0.078394,-0.160135,-0.057663
0.076518,-0.160335,-0.059192
0.075183,-0.157556,-0.056853
0.073173,-0.158209,-0.059427
0.072859,-0.156618,-0.058363
0.071609,-0.156380,-0.058114
0.070455,-0.155685,-0.060117
0.067782,-0.154530,-0.059333
0.067665,-0.153087,-0.059547
0.064840,-0.152673,-0.061047
0.063322,-0.150196,-0.061838
0.061686,-0.152184,-0.061296
0.059619,-0.151876,-0.060992
0.057834,-0.148658,-0.060729
0.056669,-0.149123,-0.064652
0.057452,-0.147609,-0.062263
0.053832,-0.147890,-0.064719
0.050771,-0.147540,-0.063500
0.050203,-0.144576,-0.064977
0.048382,-0.147191,-0.066600
0.045242,-0.149247,-0.066334
0.043195,-0.146994,-0.069429
0.040172,-0.146005,-0.068889
0.037520,-0.145747,-0.069433
0.036131,-0.148076,-0.072683
0.030988,-0.150424,-0.073446
0.027933,-0.150156,-0.076966
0.024067,-0.153046,-0.079293
0.020149,-0.153694,-0.081595
0.015721,-0.157317,-0.084829
0.010635,-0.157470,-0.088425
0.007921,-0.158184,-0.089230
0.005297,-0.157296,-0.091810
0.001619,-0.157990,-0.093406
-0.000029,-0.158867,-0.093415
-0.003600,-0.160803,-0.095848
-0.006668,-0.158281,-0.095905
-0.007439,-0.159489,-0.096328
-0.007785,-0.157390,-0.096436
-0.010924,-0.158455,-0.098259
-0.011913,-0.157039,-0.098384
-0.015695,-0.156771,-0.100879
-0.016376,-0.156417,-0.102059
-0.021002,-0.157502,-0.102089
-0.023409,-0.157485,-0.103598
-0.024037,-0.156823,-0.103241
-0.027488,-0.158668,-0.103955
-0.029672,-0.157602,-0.106098
-0.032075,-0.158399,-0.108463
-0.036974,-0.160710,-0.111284
-0.044984,-0.166772,-0.116932
-0.047765,-0.164158,-0.118728
0.206563,-0.371572,-0.093649
0.204674,-0.370310,-0.092079
0.205244,-0.368030,-0.091219
0.207073,-0.360808,-0.091287
0.207321,-0.361260,-0.088590
0.208311,-0.357022,-0.087151
0.208658,-0.355006,-0.085141
0.208454,-0.352705,-0.084343
0.205785,-0.351229,-0.084861
0.208350,-0.347804,-0.081802
0.204745,-0.345038,-0.081523
0.206646,-0.345608,-0.081925
0.206340,-0.341450,-0.079656
0.204668,-0.338584,-0.077700
0.207029,-0.335833,-0.078486
0.204612,-0.336568,-0.078090
0.204618,-0.333254,-0.076914
0.204615,-0.330200,-0.075954
0.204307,-0.328063,-0.075464
0.205625,-0.327828,-0.074384
0.202751,-0.324810,-0.074154
0.205431,-0.322625,-0.071088
0.204656,-0.319873,-0.071563
0.200688,-0.317727,-0.070514
0.201318,-0.316613,-0.069915
0.202107,-0.315329,-0.069337
0.201617,-0.312785,-0.068867
0.200749,-0.309760,-0.068637
0.199146,-0.309883,-0.066628
0.197121,-0.307039,-0.069291
0.198989,-0.305681,-0.068546
0.197736,-0.303889,-0.067602
0.199022,-0.304099,-0.064863
0.197820,-0.298999,-0.064417
0.197219,-0.298283,-0.066433
0.196011,-0.295452,-0.064742
0.195676,-0.295299,-0.064165
0.195526,-0.290898,-0.062819
0.193590,-0.292979,-0.062889
0.193585,-0.286759,-0.062318
0.191830,-0.288111,-0.062207
0.192479,-0.286201,-0.061131
0.191418,-0.286243,-0.059055
0.189948,-0.282470,-0.059646
0.188234,-0.280224,-0.058604
0.189024,-0.280750,-0.057725
0.186530,-0.278469,-0.058594
0.188293,-0.277497,-0.059366
0.186464,-0.273576,-0.059519
0.185765,-0.272327,-0.058956
0.184943,-0.272232,-0.058739
0.184338,-0.269955,-0.057354
0.182278,-0.269000,-0.058606
0.183243,-0.266400,-0.056502
0.180924,-0.265941,-0.057075
0.180608,-0.263234,-0.058026
0.178389,-0.263968,-0.055319
0.178579,-0.261640,-0.055147
0.178270,-0.261204,-0.056008
0.177453,-0.258394,-0.056177
0.175214,-0.258301,-0.055483
0.171806,-0.257682,-0.056462
0.172114,-0.256047,-0.056413
0.172045,-0.255577,-0.057126
0.169439,-0.254588,-0.054952
0.168966,-0.251722,-0.055063
0.167914,-0.252263,-0.054590
0.166572,-0.251063,-0.055725
0.164335,-0.248688,-0.055091
0.164125,-0.248068,-0.056242
0.162032,-0.246666,-0.058285
0.162485,-0.246564,-0.057793
0.160745,-0.245249,-0.057417
0.159239,-0.243123,-0.055743
0.158079,-0.242671,-0.058008
0.156600,-0.242134,-0.056799
0.156395,-0.241460,-0.059183
0.154782,-0.241085,-0.058886
0.153159,-0.239396,-0.056394
0.152032,-0.238854,-0.057974
0.148793,-0.238741,-0.058568
0.148069,-0.236927,-0.059268
0.146731,-0.234503,-0.059028
0.145001,-0.233689,-0.059185
0.145010,-0.234596,-0.059888
0.144949,-0.232353,-0.059414
0.140629,-0.233902,-0.061685
0.139277,-0.233638,-0.059076
0.139095,-0.231668,-0.060369
0.137337,-0.231038,-0.060397
0.135614,-0.230461,-0.061822
0.134694,-0.228362,-0.061603
0.134160,-0.226616,-0.062222
0.130257,-0.225898,-0.062437
0.128940,-0.224540,-0.060613
0.129949,-0.223530,-0.061788
0.129962,-0.224467,-0.061474
0.125313,-0.222266,-0.062364
0.125183,-0.223147,-0.061792
0.123516,-0.220805,-0.060597
0.123771,-0.219685,-0.061785
0.123098,-0.216805,-0.062472
0.121060,-0.213511,-0.060332
0.120648,-0.214987,-0.061648
0.119306,-0.215094,-0.059866
0.118128,-0.212963,-0.060570
0.114677,-0.213212,-0.061363
0.116034,-0.211465,-0.060991
0.116936,-0.208728,-0.061227
0.114632,-0.206076,-0.058714
0.112968,-0.205942,-0.060468
0.112778,-0.203966,-0.061098
0.109939,-0.203117,-0.060454
0.111219,-0.200555,-0.060431
0.110544,-0.199740,-0.057738
0.108623,-0.197698,-0.059665
0.106605,-0.197353,-0.059353
0.106604,-0.194473,-0.059982
0.105416,-0.195539,-0.059254
0.105310,-0.193815,-0.056754
0.104256,-0.191725,-0.055869
0.102758,-0.191449,-0.058095
0.102290,-0.189973,-0.056771
0.103616,-0.186865,-0.056517
0.100105,-0.186095,-0.056812
0.099857,-0.184149,-0.058256
0.097690,-0.182035,-0.056801
0.099416,-0.181074,-0.055301
0.096750,-0.181178,-0.055978
0.094465,-0.179068,-0.057138
0.095306,-0.176984,-0.055159
0.093939,-0.175990,-0.057251
0.093445,-0.176110,-0.058025
0.091323,-0.174197,-0.056459
0.088631,-0.171655,-0.054714
0.088115,-0.172625,-0.055574
0.086863,-0.171071,-0.056856
0.087162,-0.168557,-0.056637
0.086398,-0.171295,-0.056586
0.083988,-0.169440,-0.055177
0.083970,-0.167806,-0.058020
0.081522,-0.164797,-0.056510
0.081398,-0.166208,-0.057749
0.077462,-0.164466,-0.056748
0.078218,-0.164338,-0.058433
0.075530,-0.162615,-0.057974
0.075212,-0.161278,-0.057246
0.072582,-0.162168,-0.058964
0.070848,-0.158909,-0.059718
0.070319,-0.158833,-0.057601
0.067772,-0.157509,-0.058576
0.067857,-0.155628,-0.060727
0.063532,-0.157834,-0.059577
0.064751,-0.157965,-0.060144
0.061502,-0.156158,-0.060025
0.061313,-0.153495,-0.060031
0.058154,-0.153897,-0.061576
0.057040,-0.154764,-0.061284
0.057789,-0.154136,-0.062498
0.055226,-0.152189,-0.063915
0.050667,-0.152871,-0.064632
0.049936,-0.151845,-0.065169
0.049945,-0.150737,-0.066882
0.046964,-0.151009,-0.067161
0.042983,-0.153089,-0.067769
0.040296,-0.151884,-0.068790
0.039373,-0.150522,-0.070814
0.036310,-0.152911,-0.070755
0.031646,-0.154118,-0.073598
0.030144,-0.154083,-0.075552
0.024973,-0.154378,-0.076928
0.022705,-0.156375,-0.080026
0.018305,-0.160134,-0.083630
0.010937,-0.159743,-0.086828
0.010825,-0.162224,-0.089767
0.007010,-0.162554,-0.090039
0.003738,-0.163927,-0.091054
0.001505,-0.161816,-0.093964
-0.002699,-0.163275,-0.093458
-0.002672,-0.163064,-0.095017
-0.004833,-0.164141,-0.096567
-0.006182,-0.162068,-0.094285
-0.009734,-0.160939,-0.097933
-0.011691,-0.161507,-0.097300
-0.012750,-0.161172,-0.096610
-0.016590,-0.161169,-0.098777
-0.017596,-0.160935,-0.100782
-0.020145,-0.160972,-0.100963
-0.023835,-0.162246,-0.102574
-0.024622,-0.161871,-0.104542
-0.027445,-0.160850,-0.104406
-0.031786,-0.162016,-0.105230
-0.031548,-0.161482,-0.108940
-0.037212,-0.163837,-0.110598
-0.044434,-0.167857,-0.115584
-0.049901,-0.169848,-0.118972
0.206141,-0.373117,-0.093242
0.205525,-0.370379,-0.089694
0.207228,-0.367864,-0.091635
0.206351,-0.364704,-0.089070
0.208353,-0.362650,-0.085924
0.206556,-0.357811,-0.086146
0.208697,-0.356515,-0.086190
0.207275,-0.352747,-0.083597
0.206588,-0.351760,-0.080469
0.206646,-0.350094,-0.081940
0.207486,-0.347135,-0.079869
0.205543,-0.346538,-0.079736
0.204880,-0.343654,-0.077868
0.204355,-0.338911,-0.077510
0.206070,-0.338096,-0.076847
0.206213,-0.335531,-0.074568
0.205434,-0.334524,-0.075399
0.204357,-0.332246,-0.074807
0.204224,-0.328508,-0.074754
0.204520,-0.327086,-0.072187
0.202841,-0.325389,-0.070778
0.203632,-0.321956,-0.069997
0.203325,-0.321339,-0.069849
0.202101,-0.319725,-0.069477
0.200720,-0.317200,-0.068007
0.200183,-0.316038,-0.069370
0.200739,-0.313135,-0.067128
0.199606,-0.312225,-0.066879
0.199222,-0.309234,-0.066836
0.198406,-0.307982,-0.065212
0.197980,-0.305333,-0.066053
0.197474,-0.304191,-0.065281
0.198463,-0.302499,-0.066019
0.194498,-0.301104,-0.064701
0.195450,-0.298588,-0.064308
0.195229,-0.297842,-0.062074
0.194895,-0.294589,-0.061663
0.192904,-0.292618,-0.061998
0.192927,-0.291490,-0.059427
0.191000,-0.288277,-0.060995
0.191868,-0.289566,-0.059987
0.190923,-0.285035,-0.061049
0.188370,-0.285021,-0.059507
0.188177,-0.284297,-0.058902
0.189281,-0.283048,-0.057000
0.185982,-0.280006,-0.057718
0.187563,-0.278214,-0.056342
0.185861,-0.278142,-0.056240
0.185339,-0.274556,-0.056300
0.186073,-0.274396,-0.055269
0.183505,-0.271738,-0.058021
0.183636,-0.272378,-0.054962
0.181859,-0.268710,-0.056446
0.180364,-0.268539,-0.055617
0.180416,-0.266957,-0.054313
0.177986,-0.265139,-0.055051
0.177219,-0.263599,-0.054548
0.178092,-0.265059,-0.053460
0.175843,-0.263321,-0.054464
0.173795,-0.260138,-0.055030
0.173491,-0.259478,-0.054979
0.172710,-0.259116,-0.056017
0.172615,-0.259339,-0.054257
0.168776,-0.257157,-0.055326
0.170769,-0.254911,-0.056688
0.167342,-0.254682,-0.055212
0.166270,-0.253026,-0.058231
0.165932,-0.251274,-0.056147
0.164815,-0.248979,-0.054941
0.162570,-0.250295,-0.057113
0.163023,-0.248266,-0.055170
0.160356,-0.247401,-0.056089
0.157427,-0.247864,-0.056423
0.155558,-0.247085,-0.057448
0.154298,-0.245840,-0.057192
0.154094,-0.245390,-0.056809
0.153523,-0.242699,-0.059385
0.152743,-0.243725,-0.058244
0.149355,-0.243317,-0.059089
0.147869,-0.240590,-0.058368
0.146903,-0.240075,-0.059904
0.144763,-0.239428,-0.059777
0.143701,-0.236888,-0.058626
0.143722,-0.238491,-0.059565
0.143224,-0.235498,-0.058627
0.140714,-0.235055,-0.058083
0.138606,-0.233479,-0.062034
0.138957,-0.232604,-0.059122
0.137767,-0.232441,-0.059432
0.133838,-0.231624,-0.060506
0.131846,-0.230914,-0.061642
0.133271,-0.230287,-0.062469
0.130113,-0.229938,-0.060429
0.129662,-0.229680,-0.061023
0.128214,-0.228077,-0.062343
0.126716,-0.225877,-0.061217
0.125260,-0.226205,-0.060141
0.124430,-0.224716,-0.061823
0.123356,-0.221661,-0.062383
0.121966,-0.222792,-0.060191
0.120564,-0.220555,-0.061714
0.120681,-0.218761,-0.062009
0.119911,-0.218086,-0.060917
0.118294,-0.216898,-0.059219
0.118390,-0.214672,-0.061756
0.114150,-0.213492,-0.061777
0.115667,-0.214009,-0.061460
0.115238,-0.212595,-0.060766
0.112591,-0.210692,-0.061227
0.112717,-0.208408,-0.060252
0.110819,-0.208168,-0.060056
0.109629,-0.205304,-0.057750
0.108484,-0.203254,-0.059622
0.109636,-0.203321,-0.059576
0.108483,-0.200941,-0.058160
0.106610,-0.200910,-0.059556
0.104801,-0.200710,-0.058039
0.104791,-0.197056,-0.059097
0.103027,-0.197063,-0.058347
0.104511,-0.193607,-0.059507
0.100648,-0.194131,-0.055637
0.101039,-0.192111,-0.057234
0.100687,-0.190715,-0.056076
0.099169,-0.188322,-0.055835
0.100035,-0.187085,-0.057748
0.097085,-0.187244,-0.058289
0.097531,-0.184395,-0.055657
0.095809,-0.183464,-0.056503
0.093332,-0.183637,-0.055388
0.092102,-0.182669,-0.055581
0.092098,-0.180753,-0.055177
0.092055,-0.178397,-0.056117
0.090839,-0.177865,-0.056193
0.090878,-0.176183,-0.056433
0.087150,-0.175606,-0.054874
0.087856,-0.173962,-0.055525
0.086526,-0.173005,-0.055748
0.082732,-0.172342,-0.055192
0.082528,-0.172581,-0.055740
0.081223,-0.169320,-0.056017
0.081961,-0.169896,-0.057161
0.077754,-0.169492,-0.058522
0.076796,-0.166829,-0.057187
0.076694,-0.167265,-0.057993
0.073711,-0.166872,-0.058133
0.073737,-0.164358,-0.057337
0.071768,-0.163664,-0.056729
0.073360,-0.164261,-0.059587
0.069117,-0.161999,-0.059757
0.067404,-0.160909,-0.059213
0.065984,-0.158988,-0.058529
0.064821,-0.161508,-0.059806
0.062796,-0.159381,-0.060276
0.060908,-0.158828,-0.060048
0.058867,-0.156071,-0.062320
0.058056,-0.158276,-0.062053
0.054816,-0.157070,-0.060792
0.054723,-0.155895,-0.062465
0.051775,-0.158130,-0.061314
0.049866,-0.153452,-0.063810
0.049336,-0.154923,-0.065190
0.046002,-0.156952,-0.064172
0.044998,-0.154639,-0.066334
0.039331,-0.155440,-0.067609
0.040795,-0.154713,-0.068762
0.038550,-0.155785,-0.070094
0.032191,-0.155789,-0.070827
0.030977,-0.155724,-0.072644
0.027341,-0.158002,-0.075864
0.024288,-0.159978,-0.077499
0.020272,-0.160245,-0.081076
0.016015,-0.162505,-0.084669
0.012183,-0.164496,-0.087169
0.007532,-0.164957,-0.088452
0.005788,-0.165768,-0.086915
0.003801,-0.164605,-0.090134
-0.000028,-0.165528,-0.092500
-0.003197,-0.166466,-0.092744
-0.002898,-0.166387,-0.093496
-0.007318,-0.163622,-0.096221
-0.009124,-0.164555,-0.096398
-0.011836,-0.162916,-0.096755
-0.013688,-0.165441,-0.098392
-0.016896,-0.164392,-0.099635
-0.017868,-0.161791,-0.098612
-0.018325,-0.161291,-0.100645
-0.022905,-0.163869,-0.101904
-0.023593,-0.164994,-0.101639
-0.025496,-0.162892,-0.102814
-0.028247,-0.163736,-0.104118
-0.030223,-0.163622,-0.106943
-0.033028,-0.164752,-0.107343
-0.038310,-0.164709,-0.107468
-0.045235,-0.171414,-0.114379
-0.046732,-0.170709,-0.117637
0.205193,-0.372157,-0.090108
0.204758,-0.369521,-0.091211
0.205779,-0.365590,-0.087023
0.205983,-0.364867,-0.086329
0.205964,-0.362794,-0.083999
0.205941,-0.358410,-0.082694
0.204886,-0.355406,-0.082605
0.206023,-0.355641,-0.082246
0.207473,-0.351866,-0.081596
0.205043,-0.350392,-0.078736
0.205069,-0.348611,-0.077528
0.207126,-0.346653,-0.079199
0.205420,-0.344763,-0.075127
0.203625,-0.341890,-0.075882
0.204917,-0.339524,-0.075974
0.202940,-0.336039,-0.073786
0.202786,-0.336950,-0.074346
0.204480,-0.332752,-0.073221
0.202608,-0.330434,-0.072114
0.204051,-0.327359,-0.069958
0.203657,-0.325331,-0.069592
0.203172,-0.324907,-0.070889
0.200979,-0.321579,-0.069372
0.201059,-0.320305,-0.069168
0.200512,-0.316913,-0.069409
0.200430,-0.317669,-0.068921
0.197994,-0.312852,-0.066486
0.197675,-0.311022,-0.067236
0.196531,-0.310378,-0.066748
0.198646,-0.310119,-0.065682
0.196347,-0.306103,-0.064411
0.196495,-0.305257,-0.062491
0.196352,-0.303896,-0.062430
0.196968,-0.301362,-0.062402
0.194017,-0.299469,-0.060004
0.194934,-0.297278,-0.061204
0.194211,-0.296461,-0.061250
0.192998,-0.293948,-0.058746
0.193544,-0.293517,-0.059601
0.191506,-0.291067,-0.059130
0.191783,-0.291192,-0.059265
0.190626,-0.286827,-0.058467
0.191005,-0.286084,-0.058833
0.188831,-0.284550,-0.058195
0.186571,-0.282023,-0.058228
0.188460,-0.279274,-0.058447
0.185106,-0.279764,-0.057801
0.184413,-0.278083,-0.055810
0.182520,-0.277358,-0.056354
0.183030,-0.275584,-0.054446
0.183364,-0.274459,-0.055442
0.182361,-0.272073,-0.052817
0.179870,-0.270522,-0.055008
0.179811,-0.267218,-0.053700
0.178382,-0.267314,-0.054468
0.177024,-0.266338,-0.054272
0.175310,-0.265148,-0.053968
0.175235,-0.265213,-0.055190
0.174977,-0.264022,-0.054169
0.174769,-0.263164,-0.056021
0.173613,-0.261390,-0.055583
0.170475,-0.259970,-0.055313
0.169839,-0.258587,-0.054714
0.169611,-0.258386,-0.054924
0.167147,-0.257698,-0.052434
0.166650,-0.256029,-0.052823
0.166131,-0.255756,-0.055195
0.161920,-0.253435,-0.054921
0.162870,-0.253925,-0.054954
0.161691,-0.252037,-0.053584
0.160744,-0.251400,-0.055558
0.157273,-0.250895,-0.056857
0.155740,-0.248797,-0.053281
0.155475,-0.247359,-0.057507
0.155071,-0.247873,-0.056671
0.152080,-0.246200,-0.054470
0.151960,-0.244869,-0.056399
0.150940,-0.245353,-0.056031
0.147184,-0.243795,-0.058315
0.147719,-0.243213,-0.057072
0.148090,-0.242658,-0.057875
0.147310,-0.240701,-0.058521
0.142553,-0.241031,-0.056339
0.143203,-0.238592,-0.059056
0.140992,-0.235726,-0.057776
0.139485,-0.240171,-0.059521
0.137535,-0.235983,-0.057272
0.135276,-0.234506,-0.058300
0.135216,-0.234057,-0.059777
0.133943,-0.234257,-0.059030
0.130385,-0.232353,-0.060257
0.129534,-0.233240,-0.060068
0.129028,-0.233283,-0.059676
0.127288,-0.229919,-0.061668
0.125457,-0.228092,-0.059771
0.125835,-0.229550,-0.060745
0.124690,-0.227262,-0.061459
0.121315,-0.225015,-0.061286
0.121473,-0.225200,-0.061098
0.119473,-0.224938,-0.061086
0.119371,-0.224252,-0.062118
0.117097,-0.221674,-0.060557
0.119334,-0.220311,-0.059687
0.114957,-0.217032,-0.061606
0.116186,-0.218053,-0.061815
0.114637,-0.214794,-0.061214
0.111734,-0.214538,-0.061501
0.111218,-0.213386,-0.059755
0.110940,-0.213272,-0.060281
0.110549,-0.210261,-0.059180
0.108607,-0.210584,-0.059179
0.107383,-0.208990,-0.059895
0.107159,-0.207365,-0.060228
0.105987,-0.205435,-0.058006
0.104212,-0.203857,-0.058532
0.105255,-0.203671,-0.060201
0.105214,-0.200695,-0.058974
0.104969,-0.201956,-0.058801
0.102411,-0.200187,-0.058828
0.100648,-0.196912,-0.057396
0.098862,-0.195031,-0.057757
0.099386,-0.194446,-0.058456
0.099360,-0.194350,-0.056961
0.096418,-0.191330,-0.056247
0.095701,-0.189087,-0.056578
0.094923,-0.190501,-0.055749
0.095146,-0.189061,-0.056966
0.092523,-0.186600,-0.059723
0.093408,-0.183925,-0.056329
0.090322,-0.184287,-0.055629
0.091329,-0.182497,-0.055384
0.089270,-0.181647,-0.057268
0.087879,-0.181386,-0.056148
0.088190,-0.179505,-0.054170
0.085765,-0.180386,-0.056582
0.084578,-0.178120,-0.056692
0.082202,-0.176813,-0.056230
0.082845,-0.175363,-0.055791
0.079246,-0.175698,-0.055607
0.078740,-0.173080,-0.055402
0.075556,-0.171177,-0.055831
0.077329,-0.171125,-0.057110
0.076793,-0.168840,-0.056786
0.073850,-0.169491,-0.057951
0.070416,-0.168361,-0.058363
0.073065,-0.165788,-0.059268
0.070078,-0.164565,-0.058430
0.064999,-0.166149,-0.059340
0.065815,-0.164595,-0.060520
0.064581,-0.165385,-0.058619
0.063695,-0.163609,-0.062365
0.061471,-0.163854,-0.060204
0.058752,-0.163777,-0.060847
0.056800,-0.161231,-0.061064
0.057757,-0.161200,-0.061538
0.055779,-0.161282,-0.062653
0.051506,-0.160776,-0.062593
0.052517,-0.160824,-0.064111
0.051129,-0.160518,-0.063991
0.048004,-0.159793,-0.064078
0.044770,-0.159567,-0.066602
0.040083,-0.159963,-0.066504
0.041459,-0.159610,-0.067625
0.037151,-0.159263,-0.068928
0.033650,-0.158712,-0.071867
0.031837,-0.158824,-0.074167
0.029085,-0.162986,-0.074438
0.025491,-0.160383,-0.077686
0.022087,-0.162109,-0.077896
0.016729,-0.166210,-0.081380
0.015189,-0.167295,-0.086217
0.009891,-0.168156,-0.085310
0.005832,-0.167417,-0.088240
0.005219,-0.168358,-0.089078
0.000414,-0.170575,-0.089159
-0.000982,-0.170328,-0.092886
-0.003132,-0.169052,-0.092923
-0.005449,-0.169233,-0.095060
-0.006803,-0.168117,-0.093187
-0.009629,-0.167794,-0.096545
-0.010009,-0.166006,-0.095899
-0.013267,-0.169466,-0.098738
-0.015085,-0.168727,-0.098735
-0.017946,-0.168574,-0.099770
-0.019251,-0.168561,-0.098971
-0.022795,-0.167220,-0.102349
-0.024784,-0.168430,-0.099618
-0.025921,-0.167861,-0.101439
-0.028661,-0.166795,-0.103913
-0.031292,-0.165502,-0.104169
-0.034080,-0.163995,-0.106208
-0.039124,-0.167481,-0.109688
-0.044165,-0.172310,-0.112763
-0.049444,-0.175439,-0.118191
0.206547,-0.372362,-0.089367
0.205416,-0.367795,-0.084949
0.206447,-0.364014,-0.085345
0.206379,-0.361294,-0.082989
0.206055,-0.359209,-0.080411
0.206055,-0.356477,-0.080346
0.206359,-0.353952,-0.081239
0.206365,-0.353249,-0.078712
0.205788,-0.349708,-0.078288
0.205298,-0.348293,-0.077082
0.205269,-0.346094,-0.076022
0.205269,-0.343705,-0.076142
0.205449,-0.342652,-0.076498
0.204732,-0.338433,-0.074646
0.203207,-0.338484,-0.074291
0.203454,-0.333846,-0.072850
0.203585,-0.332967,-0.070110
0.201833,-0.330370,-0.069621
0.201438,-0.330225,-0.069702
0.201003,-0.324498,-0.069333
0.201161,-0.326108,-0.067832
0.201004,-0.322494,-0.067567
0.199158,-0.320387,-0.065523
0.200494,-0.319507,-0.066176
0.197494,-0.316940,-0.066387
0.199927,-0.315343,-0.067303
0.197124,-0.313168,-0.066252
0.196435,-0.312858,-0.064268
0.197078,-0.308609,-0.062638
0.196723,-0.307054,-0.062892
0.196120,-0.305079,-0.062446
0.195213,-0.305789,-0.060363
0.194887,-0.303221,-0.061192
0.193408,-0.299692,-0.060087
0.193558,-0.299256,-0.060021
0.192944,-0.297749,-0.060281
0.192602,-0.294868,-0.060102
0.190895,-0.294825,-0.057538
0.192185,-0.291510,-0.058486
0.190265,-0.291679,-0.058090
0.189542,-0.289694,-0.058054
0.188239,-0.287343,-0.057100
0.185142,-0.285517,-0.055844
0.186561,-0.284016,-0.056342
0.186373,-0.283495,-0.056179
0.185338,-0.281198,-0.055864
0.183410,-0.279425,-0.054556
0.182059,-0.278987,-0.053675
0.181819,-0.275056,-0.055147
0.181280,-0.274162,-0.053999
0.180479,-0.272097,-0.055412
0.181387,-0.271888,-0.052313
0.178029,-0.270750,-0.052580
0.177111,-0.270549,-0.052414
0.176478,-0.269597,-0.056131
0.174204,-0.268121,-0.054684
0.173510,-0.265375,-0.055705
0.172603,-0.264232,-0.053455
0.172017,-0.263353,-0.053859
0.171102,-0.264386,-0.055091
0.168791,-0.261490,-0.052504
0.169235,-0.260443,-0.052761
0.167339,-0.258491,-0.053544
0.165933,-0.257830,-0.054563
0.166345,-0.254663,-0.054981
0.164682,-0.256611,-0.053886
0.163184,-0.254812,-0.054909
0.159491,-0.256129,-0.053069
0.159238,-0.254222,-0.053200
0.157898,-0.252917,-0.055096
0.156662,-0.252558,-0.057377
0.152817,-0.248866,-0.057146
0.154912,-0.248840,-0.055190
0.152263,-0.249059,-0.057924
0.149697,-0.249198,-0.054393
0.147533,-0.247613,-0.056621
0.148199,-0.244692,-0.055078
0.146462,-0.247673,-0.056784
0.148084,-0.244314,-0.057579
0.144787,-0.244067,-0.059551
0.142481,-0.243645,-0.057407
0.142359,-0.242514,-0.057734
0.140831,-0.239843,-0.057281
0.138066,-0.239788,-0.057520
0.137722,-0.237144,-0.056485
0.136319,-0.239964,-0.059045
0.134517,-0.236166,-0.059823
0.131007,-0.238424,-0.059043
0.130271,-0.235623,-0.059758
0.130609,-0.236452,-0.059842
0.126570,-0.234945,-0.061479
0.126620,-0.232439,-0.059785
0.126036,-0.231390,-0.060743
0.124880,-0.231399,-0.060615
0.122807,-0.229257,-0.061176
0.120060,-0.228144,-0.060081
0.120403,-0.229298,-0.060333
0.121086,-0.227291,-0.061257
0.118950,-0.225062,-0.060977
0.118547,-0.222815,-0.060195
0.116759,-0.223551,-0.060040
0.115900,-0.223548,-0.060386
0.115297,-0.224096,-0.060219
0.114541,-0.220196,-0.060874
0.112016,-0.218679,-0.061050
0.111217,-0.217058,-0.059405
0.111831,-0.218278,-0.059367
0.109820,-0.213366,-0.059427
0.107141,-0.215186,-0.060195
0.108620,-0.211906,-0.059492
0.104110,-0.212261,-0.059198
0.103864,-0.209804,-0.060217
0.104982,-0.208968,-0.059080
0.103440,-0.205567,-0.058781
0.102346,-0.206952,-0.059345
0.100232,-0.204409,-0.058965
0.099864,-0.202556,-0.058785
0.098978,-0.200576,-0.059546
0.098245,-0.198510,-0.057727
0.097761,-0.198135,-0.055971
0.096542,-0.196718,-0.056776
0.096484,-0.196163,-0.058147
0.094304,-0.194878,-0.059464
0.093354,-0.194803,-0.056584
0.093613,-0.190173,-0.056175
0.092423,-0.190398,-0.055510
0.089505,-0.190200,-0.057276
0.090509,-0.188614,-0.057274
0.090226,-0.186472,-0.056284
0.084926,-0.185173,-0.058016
0.087731,-0.183045,-0.057300
0.083431,-0.182861,-0.057623
0.084580,-0.182698,-0.055122
0.080342,-0.180731,-0.055466
0.080554,-0.177524,-0.056430
0.081600,-0.179520,-0.055297
0.078456,-0.176777,-0.055093
0.077906,-0.176748,-0.057597
0.076849,-0.175278,-0.056438
0.075573,-0.175127,-0.057419
0.074980,-0.173830,-0.057571
0.072358,-0.171649,-0.059589
0.072198,-0.171820,-0.059115
0.067653,-0.169157,-0.058617
0.067630,-0.168794,-0.058235
0.066233,-0.168660,-0.058169
0.063756,-0.169150,-0.059677
0.062935,-0.169901,-0.059400
0.062126,-0.166484,-0.059650
0.060174,-0.169007,-0.058952
0.057156,-0.164570,-0.060812
0.059038,-0.164748,-0.061026
0.054831,-0.166517,-0.061619
0.053498,-0.163550,-0.063656
0.054101,-0.163338,-0.062310
0.049118,-0.163462,-0.064328
0.048235,-0.163941,-0.063878
0.044894,-0.163683,-0.065384
0.044859,-0.163022,-0.066412
0.041892,-0.164358,-0.065412
0.038462,-0.162504,-0.069250
0.037071,-0.161978,-0.068241
0.033339,-0.164645,-0.072379
0.029081,-0.165162,-0.073020
0.028246,-0.165591,-0.075525
0.025546,-0.168303,-0.076264
0.019089,-0.169522,-0.079821
0.014852,-0.169828,-0.081796
0.011643,-0.172900,-0.085058
0.006629,-0.171254,-0.087810
0.005875,-0.173971,-0.087109
0.002799,-0.172426,-0.089697
-0.000462,-0.171759,-0.091710
-0.001650,-0.173585,-0.092626
-0.002895,-0.174046,-0.093226
-0.006752,-0.172312,-0.093165
-0.008755,-0.172397,-0.095288
-0.008396,-0.173730,-0.095534
-0.011978,-0.172554,-0.095991
-0.014802,-0.172239,-0.098437
-0.016899,-0.169507,-0.095844
-0.019272,-0.169809,-0.097564
-0.020255,-0.170444,-0.100692
-0.024720,-0.169145,-0.100260
-0.024132,-0.172920,-0.102071
-0.027539,-0.170881,-0.102255
-0.030418,-0.170224,-0.106433
-0.032542,-0.170693,-0.106130
-0.034405,-0.167939,-0.107141
-0.041792,-0.173413,-0.108953
-0.044203,-0.174392,-0.114514
-0.047833,-0.176978,-0.113826
0.204291,-0.371699,-0.086533
0.202674,-0.368329,-0.086056
0.205953,-0.365017,-0.081738
0.205431,-0.360033,-0.082350
0.206644,-0.361604,-0.080348
0.204803,-0.357167,-0.080314
0.206388,-0.353993,-0.079629
0.204184,-0.352670,-0.077527
0.205317,-0.351536,-0.076715
0.202755,-0.348577,-0.076178
0.205398,-0.346568,-0.077270
0.204686,-0.345938,-0.073980
0.203935,-0.344143,-0.071939
0.202438,-0.340020,-0.073919
0.202116,-0.335987,-0.072180
0.202659,-0.334553,-0.070105
0.201606,-0.333302,-0.070471
0.203285,-0.331274,-0.067781
0.200449,-0.329068,-0.067366
0.200549,-0.327447,-0.066764
0.199903,-0.324009,-0.068029
0.198752,-0.324798,-0.065931
0.197807,-0.322597,-0.064436
0.199940,-0.319980,-0.064431
0.197301,-0.319189,-0.063158
0.197172,-0.316404,-0.062794
0.198201,-0.311132,-0.064578
0.196618,-0.312628,-0.063156
0.196012,-0.311056,-0.062581
0.194816,-0.309610,-0.061399
0.192209,-0.308005,-0.061353
0.193289,-0.304981,-0.060984
0.193706,-0.302409,-0.058055
0.193093,-0.302461,-0.058833
0.193347,-0.299965,-0.058604
0.191509,-0.297799,-0.058692
0.190594,-0.295743,-0.057271
0.190442,-0.293979,-0.058848
0.189831,-0.293620,-0.057297
0.187411,-0.291637,-0.055798
0.187800,-0.292035,-0.056562
0.185621,-0.289514,-0.056490
0.186609,-0.286259,-0.056708
0.184827,-0.285490,-0.054567
0.185938,-0.284595,-0.056167
0.182111,-0.285037,-0.054952
0.181667,-0.280798,-0.056228
0.181144,-0.281375,-0.053624
0.181964,-0.275535,-0.051768
0.181094,-0.275165,-0.052501
0.180390,-0.274798,-0.053104
0.177854,-0.272500,-0.052124
0.177843,-0.272562,-0.054879
0.176679,-0.271118,-0.053444
0.175719,-0.270889,-0.052241
0.175433,-0.269627,-0.052757
0.174137,-0.267753,-0.052451
0.170712,-0.268233,-0.053173
0.171331,-0.264396,-0.051619
0.169688,-0.265916,-0.053275
0.168429,-0.262235,-0.053622
0.166068,-0.262661,-0.053927
0.166516,-0.260263,-0.053684
0.163335,-0.260426,-0.052264
0.163317,-0.260098,-0.052724
0.162199,-0.258078,-0.053785
0.159832,-0.256655,-0.053834
0.158984,-0.256661,-0.052823
0.156790,-0.256970,-0.054360
0.156478,-0.253755,-0.053860
0.155165,-0.256128,-0.054914
0.153149,-0.252354,-0.055360
0.151570,-0.252086,-0.055370
0.151253,-0.252218,-0.055276
0.148220,-0.249502,-0.054510
0.146553,-0.252083,-0.055751
0.147091,-0.246544,-0.057282
0.145509,-0.247354,-0.056167
0.142709,-0.245991,-0.056620
0.142682,-0.244888,-0.058172
0.140092,-0.243617,-0.057879
0.140162,-0.244262,-0.056744
0.138262,-0.241272,-0.055934
0.137192,-0.240040,-0.056908
0.136406,-0.241557,-0.056042
0.133940,-0.239167,-0.056992
0.130996,-0.239657,-0.057504
0.128555,-0.239069,-0.059427
0.129361,-0.237879,-0.059182
0.127476,-0.238176,-0.063244
0.124755,-0.236672,-0.060152
0.124296,-0.236818,-0.058023
0.124023,-0.235095,-0.058540
0.123718,-0.235154,-0.060086
0.122079,-0.231728,-0.059716
0.120379,-0.229950,-0.061440
0.117396,-0.229878,-0.059175
0.117388,-0.228033,-0.058898
0.115824,-0.227154,-0.061147
0.116835,-0.227020,-0.059792
0.114413,-0.224867,-0.061938
0.113514,-0.222591,-0.060494
0.112837,-0.222494,-0.062564
0.111744,-0.219584,-0.059959
0.112244,-0.219999,-0.060351
0.108249,-0.219095,-0.060540
0.109400,-0.220164,-0.060030
0.105328,-0.216909,-0.060082
0.105673,-0.214697,-0.058301
0.106037,-0.213438,-0.060164
0.103806,-0.212921,-0.059665
0.103436,-0.211014,-0.058460
0.101607,-0.211194,-0.059467
0.100866,-0.209817,-0.058559
0.098377,-0.207331,-0.058394
0.101009,-0.205772,-0.057125
0.097857,-0.204412,-0.057775
0.096340,-0.204396,-0.057911
0.095524,-0.203941,-0.057096
0.096741,-0.200291,-0.057807
0.093815,-0.200718,-0.056653
0.093023,-0.197585,-0.056671
0.092240,-0.196535,-0.056846
0.090565,-0.194398,-0.055757
0.087966,-0.192330,-0.057873
0.088379,-0.192819,-0.057552
0.088429,-0.192030,-0.056741
0.085677,-0.189256,-0.056803
0.087263,-0.188323,-0.055751
0.085554,-0.187285,-0.056410
0.083386,-0.186278,-0.055870
0.080031,-0.185377,-0.056988
0.081159,-0.185066,-0.056282
0.080579,-0.182758,-0.057241
0.078979,-0.180467,-0.056769
0.077963,-0.182054,-0.058176
0.078364,-0.180086,-0.057020
0.073861,-0.181222,-0.056901
0.074656,-0.177080,-0.057452
0.072167,-0.177415,-0.057696
0.070721,-0.177226,-0.056388
0.069850,-0.176356,-0.058435
0.069385,-0.174407,-0.057732
0.065962,-0.173597,-0.059212
0.066725,-0.173419,-0.059622
0.064139,-0.174045,-0.058046
0.062486,-0.168876,-0.061045
0.060338,-0.169038,-0.060631
0.059085,-0.171296,-0.059797
0.055258,-0.170023,-0.062365
0.053916,-0.169250,-0.063452
0.054352,-0.169004,-0.062309
0.051960,-0.167659,-0.063469
0.050574,-0.166988,-0.063458
0.050489,-0.166154,-0.064926
0.044643,-0.167575,-0.064758
0.043405,-0.168761,-0.065578
0.041829,-0.166992,-0.065322
0.038219,-0.165112,-0.067353
0.038398,-0.166289,-0.069097
0.035979,-0.168542,-0.068830
0.028784,-0.168382,-0.072598
0.027235,-0.168658,-0.074001
0.024009,-0.171498,-0.075330
0.022893,-0.169517,-0.077005
0.018716,-0.173964,-0.079669
0.013168,-0.174084,-0.083634
0.009805,-0.178078,-0.087822
0.006685,-0.175391,-0.086536
0.004496,-0.174656,-0.088270
0.002061,-0.177894,-0.089352
-0.001402,-0.175356,-0.089604
-0.003021,-0.177104,-0.091246
-0.006589,-0.175334,-0.093821
-0.008148,-0.175901,-0.094600
-0.010519,-0.176259,-0.094364
-0.012970,-0.176723,-0.097439
-0.014430,-0.174591,-0.093995
-0.015715,-0.176332,-0.097220
-0.017678,-0.174659,-0.099001
-0.019549,-0.173464,-0.098937
-0.021756,-0.173974,-0.098949
-0.023808,-0.172550,-0.101328
-0.028294,-0.175394,-0.102321
-0.028370,-0.174449,-0.104986
-0.032236,-0.172628,-0.101610
-0.033319,-0.173981,-0.104587
-0.034466,-0.172696,-0.107541
-0.041096,-0.174473,-0.108922
-0.045186,-0.177553,-0.113045
-0.047520,-0.179196,-0.114644
-0.052850,-0.179180,-0.115738
0.203879,-0.369625,-0.084149
0.203144,-0.367636,-0.081874
0.204362,-0.366630,-0.080526
0.205198,-0.362655,-0.081219
0.204325,-0.362306,-0.078097
0.205708,-0.359102,-0.077562
0.203085,-0.356343,-0.076539
0.205477,-0.353063,-0.075468
0.204029,-0.350968,-0.074911
0.203946,-0.348550,-0.073868
0.204800,-0.347238,-0.073626
0.202111,-0.345349,-0.072340
0.202468,-0.342676,-0.071466
0.200039,-0.341015,-0.070320
0.202746,-0.338538,-0.070777
0.202252,-0.335763,-0.067770
0.200352,-0.333935,-0.066106
0.200361,-0.331373,-0.066637
0.199665,-0.331289,-0.066592
0.200698,-0.329973,-0.066593
0.200075,-0.326839,-0.066259
0.197465,-0.325374,-0.067411
0.197240,-0.323152,-0.066046
0.197056,-0.320162,-0.063254
0.194966,-0.319046,-0.064214
0.197851,-0.316465,-0.061779
0.195651,-0.315094,-0.060142
0.196531,-0.312940,-0.061286
0.194316,-0.311498,-0.060884
0.195379,-0.309786,-0.061008
0.195703,-0.308417,-0.061243
0.192575,-0.306378,-0.058646
0.193534,-0.305044,-0.057644
0.191627,-0.301279,-0.057390
0.191558,-0.302152,-0.056468
0.190856,-0.300591,-0.057449
0.189312,-0.297589,-0.056691
0.187381,-0.295079,-0.054338
0.187868,-0.293126,-0.054511
0.188316,-0.293737,-0.055057
0.186063,-0.292853,-0.056395
0.184036,-0.288315,-0.055001
0.186568,-0.287242,-0.055972
0.184826,-0.286793,-0.054538
0.183932,-0.284198,-0.052603
0.184653,-0.282719,-0.051795
0.180593,-0.282679,-0.052937
0.180698,-0.282365,-0.051033
0.180771,-0.278317,-0.052750
0.178935,-0.278470,-0.051096
0.176365,-0.279359,-0.050392
0.175205,-0.274725,-0.052319
0.175024,-0.274907,-0.053640
0.176867,-0.272723,-0.051084
0.173769,-0.269790,-0.052323
0.172184,-0.270841,-0.052034
0.170175,-0.267333,-0.053154
0.171529,-0.265479,-0.053300
0.169003,-0.268264,-0.049646
0.166401,-0.266125,-0.050926
0.165208,-0.264345,-0.053901
0.166142,-0.261641,-0.053114
0.165742,-0.261570,-0.050934
0.161091,-0.260200,-0.053714
0.163079,-0.260630,-0.052787
0.160538,-0.259523,-0.053254
0.161484,-0.258040,-0.053517
0.157857,-0.257988,-0.053089
0.157320,-0.256559,-0.052656
0.154272,-0.257026,-0.053128
0.152813,-0.255383,-0.054460
0.150785,-0.255925,-0.054681
0.148455,-0.254031,-0.054194
0.149529,-0.254277,-0.053259
0.145896,-0.251954,-0.055927
0.145920,-0.254194,-0.056068
0.145996,-0.250619,-0.055175
0.141760,-0.249734,-0.055506
0.141340,-0.248634,-0.056580
0.140006,-0.246934,-0.054851
0.140524,-0.244936,-0.056591
0.136813,-0.243726,-0.056639
0.136954,-0.245156,-0.057300
0.134051,-0.242573,-0.056346
0.133566,-0.243271,-0.056823
0.130836,-0.243855,-0.058386
0.130087,-0.241495,-0.059112
0.128157,-0.240789,-0.059216
0.126203,-0.240842,-0.059021
0.125316,-0.240042,-0.059010
0.125338,-0.239911,-0.060241
0.123349,-0.238322,-0.060788
0.120962,-0.237822,-0.058958
0.120594,-0.235191,-0.057556
0.118525,-0.234779,-0.059114
0.117723,-0.233823,-0.059268
0.117576,-0.233955,-0.058150
0.115318,-0.231785,-0.059684
0.114856,-0.226758,-0.062070
0.114285,-0.227673,-0.059409
0.111108,-0.228638,-0.061426
0.113076,-0.226381,-0.059880
0.111659,-0.224178,-0.060653
0.109129,-0.224762,-0.060940
0.106848,-0.222950,-0.058442
0.106886,-0.220638,-0.058191
0.107730,-0.220577,-0.059232
0.104329,-0.219280,-0.059606
0.105256,-0.217376,-0.057171
0.102933,-0.215345,-0.059284
0.102872,-0.214881,-0.058363
0.102263,-0.213686,-0.059907
0.100471,-0.212004,-0.060705
0.099444,-0.212033,-0.059529
0.097292,-0.211266,-0.057670
0.096845,-0.210680,-0.058327
0.098214,-0.209197,-0.056939
0.094175,-0.204304,-0.057401
0.094410,-0.205275,-0.056757
0.094566,-0.202184,-0.058639
0.091063,-0.200002,-0.056958
0.091322,-0.199771,-0.056085
0.091917,-0.197986,-0.056226
0.087589,-0.197961,-0.056919
0.087582,-0.195635,-0.055445
0.086823,-0.193947,-0.057218
0.086024,-0.193841,-0.057364
0.083742,-0.192104,-0.057751
0.084676,-0.191831,-0.056487
0.081052,-0.190908,-0.057315
0.080378,-0.188013,-0.056807
0.080831,-0.189747,-0.056526
0.078219,-0.187078,-0.057631
0.076313,-0.185963,-0.056591
0.076559,-0.186601,-0.058729
0.074551,-0.185255,-0.057667
0.073241,-0.183132,-0.055873
0.070589,-0.181780,-0.058901
0.068767,-0.183599,-0.058584
0.068820,-0.179454,-0.059952
0.069122,-0.179188,-0.058618
0.066809,-0.179394,-0.059832
0.065464,-0.177751,-0.059099
0.062887,-0.176409,-0.058087
0.062028,-0.176792,-0.060263
0.062020,-0.175686,-0.060873
0.058327,-0.172619,-0.060649
0.057214,-0.174791,-0.059118
0.055768,-0.174551,-0.060930
0.051032,-0.173427,-0.061634
0.052241,-0.173164,-0.061853
0.047264,-0.171548,-0.063599
0.047693,-0.173667,-0.063513
0.046051,-0.169717,-0.064989
0.043304,-0.172332,-0.066043
0.041986,-0.172532,-0.067881
0.039846,-0.170279,-0.067923
0.038377,-0.171387,-0.069591
0.034406,-0.170894,-0.068243
0.030107,-0.172436,-0.072730
0.027615,-0.174177,-0.075168
0.026781,-0.174492,-0.075937
0.021666,-0.173225,-0.077434
0.018883,-0.176580,-0.079988
0.014026,-0.177747,-0.081612
0.011384,-0.178439,-0.082461
0.006833,-0.180284,-0.086411
0.005628,-0.180233,-0.087304
0.003838,-0.180074,-0.087586
0.001659,-0.179681,-0.090159
-0.002099,-0.180505,-0.089412
-0.002424,-0.178461,-0.089985
-0.006615,-0.178005,-0.091348
-0.009375,-0.181317,-0.093987
-0.009016,-0.180546,-0.094267
-0.012066,-0.177843,-0.094252
-0.014395,-0.180093,-0.096152
-0.019619,-0.178387,-0.096047
-0.016874,-0.178423,-0.097910
-0.022961,-0.178030,-0.098632
-0.024365,-0.177879,-0.098353
-0.025178,-0.177225,-0.097211
-0.026303,-0.176326,-0.101899
-0.029972,-0.177824,-0.101063
-0.033021,-0.177374,-0.102378
-0.033753,-0.176400,-0.105373
-0.034722,-0.176211,-0.104324
-0.040876,-0.180647,-0.107419
-0.048216,-0.181172,-0.110186
-0.050565,-0.180154,-0.113420
-0.052871,-0.182604,-0.115097
0.203748,-0.371645,-0.081821
0.204520,-0.368162,-0.081945
0.205429,-0.365604,-0.079754
0.202223,-0.362628,-0.079864
0.203414,-0.360979,-0.078745
0.201781,-0.360411,-0.077500
0.203304,-0.354089,-0.075848
0.203830,-0.355731,-0.073027
0.202431,-0.351668,-0.072724
0.202795,-0.352136,-0.073308
0.203158,-0.347247,-0.072905
0.200972,-0.347297,-0.070300
0.203093,-0.344592,-0.070414
0.200084,-0.342572,-0.068263
0.202940,-0.340630,-0.068519
0.201741,-0.335691,-0.069589
0.200023,-0.335392,-0.068620
0.199206,-0.334533,-0.066530
0.199766,-0.331655,-0.066030
0.197616,-0.328879,-0.064981
0.198294,-0.325471,-0.063577
0.198246,-0.326201,-0.062883
0.196735,-0.323475,-0.062961
0.196406,-0.321660,-0.063397
0.196205,-0.320436,-0.061384
0.194476,-0.320461,-0.060272
0.196159,-0.316093,-0.061264
0.193685,-0.314571,-0.058256
0.193826,-0.312112,-0.058806
0.192205,-0.311881,-0.057768
0.194608,-0.308477,-0.060123
0.193209,-0.307983,-0.056904
0.191205,-0.307613,-0.055724
0.190526,-0.302125,-0.056427
0.189714,-0.300996,-0.055909
0.187706,-0.300835,-0.055902
0.188730,-0.299655,-0.054892
0.188206,-0.297968,-0.054701
0.186703,-0.293666,-0.054195
0.186120,-0.293889,-0.053848
0.184967,-0.293378,-0.054018
0.184177,-0.291639,-0.053006
0.184648,-0.290662,-0.051247
0.183771,-0.289491,-0.052762
0.181013,-0.285514,-0.051842
0.180651,-0.283899,-0.052753
0.180284,-0.281726,-0.052385
0.180593,-0.281134,-0.052157
0.178013,-0.280892,-0.051987
0.180970,-0.277469,-0.049805
0.175792,-0.277651,-0.049882
0.175400,-0.276303,-0.051648
0.175199,-0.272989,-0.051660
0.174171,-0.273831,-0.049760
0.172088,-0.271465,-0.050566
0.172371,-0.271874,-0.050332
0.169916,-0.272159,-0.049314
0.167013,-0.270285,-0.051033
0.169166,-0.270277,-0.051183
0.164962,-0.267582,-0.050130
0.166270,-0.267622,-0.052743
0.163358,-0.265285,-0.052139
0.162859,-0.263599,-0.051325
0.160852,-0.263369,-0.050493
0.159890,-0.260715,-0.051723
0.158901,-0.261664,-0.050285
0.156931,-0.260211,-0.051529
0.154623,-0.260281,-0.050967
0.154362,-0.258553,-0.053723
0.151366,-0.259467,-0.053416
0.151440,-0.258761,-0.053814
0.150492,-0.255617,-0.053501
0.148536,-0.256987,-0.054359
0.146934,-0.253681,-0.053203
0.145528,-0.253898,-0.052479
0.141821,-0.252007,-0.054222
0.141824,-0.253635,-0.056408
0.139872,-0.250691,-0.056840
0.139325,-0.251875,-0.055108
0.138598,-0.250177,-0.055496
0.137507,-0.246455,-0.055984
0.136741,-0.248643,-0.057354
0.133800,-0.248573,-0.055604
0.135222,-0.245133,-0.056211
0.129828,-0.243746,-0.058403
0.131125,-0.242996,-0.058176
0.127687,-0.243701,-0.056806
0.126786,-0.243281,-0.057543
0.123884,-0.243000,-0.059765
0.122354,-0.241825,-0.060444
0.122202,-0.240826,-0.058780
0.120532,-0.239605,-0.057450
0.120121,-0.239336,-0.058599
0.118709,-0.236913,-0.060372
0.117134,-0.235759,-0.060551
0.115531,-0.236020,-0.059025
0.114567,-0.233925,-0.061751
0.113671,-0.233552,-0.060663
0.113260,-0.231582,-0.060664
0.111577,-0.229236,-0.059309
0.109637,-0.229446,-0.060636
0.108135,-0.229299,-0.060855
0.107726,-0.227700,-0.061381
0.106012,-0.223513,-0.059365
0.106752,-0.224153,-0.057318
0.104297,-0.224036,-0.058356
0.103697,-0.224938,-0.059948
0.101853,-0.219817,-0.059862
0.101381,-0.219995,-0.058675
0.098595,-0.218341,-0.057890
0.099978,-0.216845,-0.057754
0.097692,-0.217339,-0.058522
0.096934,-0.215694,-0.061192
0.095940,-0.213711,-0.058350
0.093286,-0.213130,-0.059615
0.096243,-0.209694,-0.058681
0.093161,-0.209509,-0.058352
0.092817,-0.210374,-0.056883
0.093044,-0.205475,-0.057835
0.089091,-0.205073,-0.056062
0.088230,-0.204225,-0.055912
0.087404,-0.202642,-0.056776
0.087818,-0.201910,-0.055799
0.085277,-0.199888,-0.056923
0.085801,-0.198443,-0.056321
0.084059,-0.197813,-0.056319
0.084370,-0.197577,-0.055611
0.082535,-0.196241,-0.057962
0.081667,-0.195027,-0.057362
0.079122,-0.194082,-0.055972
0.078876,-0.190646,-0.056442
0.076417,-0.190205,-0.057328
0.075639,-0.190919,-0.055782
0.073299,-0.189203,-0.056145
0.073718,-0.187997,-0.058116
0.071260,-0.186137,-0.057666
0.071279,-0.185547,-0.057505
0.069103,-0.184580,-0.058548
0.067545,-0.182774,-0.057155
0.066038,-0.183201,-0.056939
0.065129,-0.181830,-0.058417
0.063740,-0.179857,-0.060933
0.061560,-0.179359,-0.059828
0.060415,-0.182178,-0.059134
0.058629,-0.179787,-0.061289
0.054966,-0.177388,-0.061117
0.055851,-0.177334,-0.061562
0.054871,-0.177631,-0.061308
0.052089,-0.178818,-0.062579
0.049653,-0.176881,-0.061769
0.047708,-0.175307,-0.063936
0.045465,-0.176186,-0.063331
0.044667,-0.175055,-0.064413
0.042697,-0.176625,-0.065490
0.040021,-0.174313,-0.067353
0.036748,-0.173951,-0.067407
0.033711,-0.177055,-0.069660
0.030596,-0.175660,-0.070943
0.028449,-0.176667,-0.071429
0.026449,-0.178031,-0.074333
0.022019,-0.180298,-0.076842
0.019670,-0.178735,-0.076399
0.017083,-0.179276,-0.079265
0.013033,-0.181074,-0.084012
0.009288,-0.182015,-0.084055
0.006105,-0.183141,-0.087257
0.005398,-0.183620,-0.086644
0.003571,-0.184453,-0.087590
-0.000353,-0.184223,-0.089736
-0.001920,-0.182700,-0.090679
-0.008251,-0.184080,-0.090337
-0.008304,-0.181909,-0.093886
-0.009208,-0.182950,-0.093214
-0.011462,-0.182910,-0.094589
-0.015518,-0.182822,-0.094723
-0.017987,-0.182995,-0.096150
-0.018341,-0.181441,-0.095638
-0.019406,-0.179732,-0.097628
-0.022015,-0.183406,-0.099431
-0.023524,-0.181273,-0.097929
-0.026041,-0.179558,-0.098310
-0.027623,-0.180668,-0.101209
-0.030580,-0.178268,-0.101096
-0.031364,-0.180192,-0.101908
-0.034599,-0.179435,-0.103004
-0.037782,-0.179660,-0.102210
-0.040657,-0.180514,-0.107224
-0.045523,-0.183390,-0.110007
-0.048444,-0.183701,-0.111615
-0.053846,-0.185276,-0.114174
0.202959,-0.369094,-0.079061
0.203758,-0.366664,-0.077895
0.203746,-0.364556,-0.078162
0.202526,-0.363095,-0.077104
0.202539,-0.359902,-0.074991
0.203823,-0.357528,-0.074657
0.203457,-0.357435,-0.071116
0.202613,-0.354284,-0.073612
0.202443,-0.351736,-0.070342
0.200875,-0.349577,-0.071783
0.200274,-0.345246,-0.071245
0.203166,-0.343416,-0.068634
0.200897,-0.343373,-0.066267
0.200131,-0.342049,-0.067635
0.201250,-0.338699,-0.063701
0.199158,-0.335517,-0.063616
0.199607,-0.335840,-0.066029
0.197506,-0.332941,-0.064674
0.196058,-0.332554,-0.063781
0.196557,-0.327582,-0.063405
0.196848,-0.327405,-0.061796
0.196349,-0.324811,-0.061927
0.194863,-0.324469,-0.059929
0.194537,-0.322289,-0.060525
0.195726,-0.319808,-0.058255
0.194387,-0.317971,-0.060373
0.193438,-0.317220,-0.057940
0.191962,-0.313394,-0.058765
0.190616,-0.310440,-0.056884
0.190842,-0.310814,-0.057792
0.193058,-0.307987,-0.055805
0.189700,-0.306417,-0.055274
0.190848,-0.305605,-0.054174
0.188432,-0.304368,-0.053366
0.187745,-0.303431,-0.055435
0.188334,-0.301593,-0.054711
0.185413,-0.299188,-0.054673
0.184485,-0.298493,-0.054487
0.184849,-0.295354,-0.052832
0.183647,-0.294177,-0.052263
0.183610,-0.291742,-0.053930
0.182377,-0.289946,-0.052461
0.182125,-0.289972,-0.053764
0.179680,-0.286174,-0.052245
0.180266,-0.286882,-0.050892
0.179169,-0.282077,-0.051068
0.179171,-0.284249,-0.047712
0.177336,-0.283066,-0.051857
0.178042,-0.280215,-0.049124
0.176332,-0.279035,-0.050368
0.175323,-0.277662,-0.052271
0.174471,-0.276533,-0.049064
0.170174,-0.276631,-0.051272
0.171432,-0.272119,-0.049940
0.170828,-0.274590,-0.048627
0.168499,-0.271995,-0.050548
0.168372,-0.271238,-0.049191
0.164923,-0.269304,-0.050068
0.165525,-0.267578,-0.050868
0.163896,-0.270360,-0.049103
0.163245,-0.267737,-0.049849
0.162486,-0.263734,-0.050998
0.159488,-0.266326,-0.052224
0.159432,-0.263933,-0.052913
0.156504,-0.262434,-0.051581
0.156327,-0.262699,-0.051101
0.155499,-0.262445,-0.053222
0.151319,-0.262155,-0.054401
0.151141,-0.259049,-0.053051
0.149932,-0.258257,-0.053632
0.146691,-0.258852,-0.053420
0.147233,-0.258456,-0.054661
0.145314,-0.257786,-0.053532
0.144802,-0.258219,-0.055314
0.141738,-0.253977,-0.055271
0.142356,-0.255031,-0.055061
0.140333,-0.253365,-0.054303
0.137137,-0.251789,-0.055789
0.137367,-0.251855,-0.056573
0.134893,-0.248513,-0.054517
0.133912,-0.249095,-0.055655
0.130443,-0.247140,-0.054809
0.131176,-0.248633,-0.057115
0.129965,-0.246385,-0.056526
0.127722,-0.246131,-0.056043
0.127874,-0.247370,-0.056983
0.123361,-0.247193,-0.058960
0.123114,-0.245720,-0.058235
0.121011,-0.242186,-0.057654
0.120399,-0.245146,-0.058449
0.116368,-0.242992,-0.059729
0.118209,-0.241538,-0.059922
0.116001,-0.240286,-0.059330
0.114505,-0.238235,-0.061292
0.115195,-0.238228,-0.060450
0.114431,-0.236276,-0.058803
0.110635,-0.236301,-0.058537
0.111609,-0.234389,-0.059134
0.108942,-0.233530,-0.060528
0.107313,-0.231680,-0.059549
0.106615,-0.231787,-0.059502
0.107518,-0.229644,-0.059905
0.105560,-0.227495,-0.059908
0.101685,-0.226831,-0.059840
0.103907,-0.227963,-0.060383
0.101687,-0.225668,-0.057857
0.099747,-0.223648,-0.059163
0.098524,-0.220714,-0.060431
0.097491,-0.221794,-0.060188
0.096917,-0.220120,-0.059418
0.095615,-0.218451,-0.058628
0.095813,-0.217267,-0.058310
0.092179,-0.216520,-0.059277
0.094190,-0.213837,-0.059597
0.091885,-0.213569,-0.056335
0.091735,-0.211354,-0.058913
0.091544,-0.211965,-0.058105
0.090314,-0.210471,-0.058007
0.088357,-0.208204,-0.056801
0.088326,-0.205830,-0.057601
0.084646,-0.204978,-0.058940
0.084917,-0.204410,-0.058033
0.084154,-0.201250,-0.056755
0.082760,-0.202527,-0.058232
0.081013,-0.200677,-0.057329
0.080881,-0.198926,-0.059030
0.079124,-0.199543,-0.057728
0.078966,-0.195230,-0.057668
0.078908,-0.196045,-0.057789
0.076025,-0.195838,-0.056284
0.073612,-0.194046,-0.056317
0.072416,-0.191405,-0.058470
0.070884,-0.190179,-0.057406
0.069070,-0.190635,-0.057384
0.067203,-0.188991,-0.057508
0.068703,-0.187826,-0.059670
0.065702,-0.189417,-0.058477
0.066146,-0.188007,-0.056119
0.061963,-0.187517,-0.057754
0.060995,-0.185339,-0.059047
0.059995,-0.185561,-0.060657
0.060334,-0.185663,-0.059682
0.057655,-0.183186,-0.061431
0.055178,-0.181955,-0.059941
0.052752,-0.182238,-0.061625
0.051158,-0.181242,-0.060698
0.049003,-0.181196,-0.062610
0.050067,-0.182089,-0.063038
0.045806,-0.181484,-0.063465
0.044061,-0.179732,-0.066935
0.043354,-0.179918,-0.065267
0.041250,-0.181498,-0.065874
0.038152,-0.179691,-0.067891
0.034755,-0.179355,-0.068532
0.031936,-0.180459,-0.070558
0.029898,-0.182564,-0.071594
0.026812,-0.182176,-0.072242
0.024246,-0.181368,-0.073647
0.020020,-0.182886,-0.078258
0.016967,-0.185379,-0.078643
0.014978,-0.184226,-0.079522
0.009252,-0.185421,-0.083666
0.007212,-0.184382,-0.083496
0.004796,-0.185130,-0.087380
0.003712,-0.187204,-0.088362
0.001933,-0.185644,-0.087377
0.001526,-0.187352,-0.088618
-0.005069,-0.186111,-0.089382
-0.006831,-0.186052,-0.091335
-0.008696,-0.185078,-0.093800
-0.012234,-0.186820,-0.092603
-0.013685,-0.184037,-0.094752
-0.015402,-0.187076,-0.093621
-0.017090,-0.183882,-0.096122
-0.020163,-0.185268,-0.096517
-0.019264,-0.184654,-0.095875
-0.024008,-0.184863,-0.095602
-0.026011,-0.183239,-0.098002
-0.027588,-0.182380,-0.097942
-0.029202,-0.181823,-0.100277
-0.032109,-0.183489,-0.100816
-0.034993,-0.183877,-0.102339
-0.036208,-0.182262,-0.102183
-0.039377,-0.183456,-0.104596
-0.040118,-0.185290,-0.105373
-0.046102,-0.186500,-0.109479
-0.048278,-0.186828,-0.111825
-0.051405,-0.188606,-0.114445
0.201316,-0.370221,-0.076148
0.201975,-0.366767,-0.075469
0.201917,-0.367048,-0.074956
0.200692,-0.364011,-0.075871
0.203055,-0.359739,-0.072991
0.201983,-0.358394,-0.072804
0.202962,-0.356012,-0.070816
0.203068,-0.353688,-0.071505
0.201301,-0.352013,-0.067312
0.199705,-0.349235,-0.067350
0.201550,-0.348231,-0.069343
0.199110,-0.343984,-0.067334
0.200221,-0.344737,-0.065378
0.199012,-0.340623,-0.066893
0.198371,-0.339218,-0.065164
0.198729,-0.337727,-0.063547
0.197744,-0.334155,-0.062174
0.195447,-0.334675,-0.062564
0.196857,-0.333436,-0.061438
0.196630,-0.330970,-0.063253
0.196862,-0.327741,-0.061598
0.195184,-0.327454,-0.062983
0.195838,-0.322858,-0.060864
0.194080,-0.322426,-0.060082
0.194663,-0.320863,-0.059079
0.192413,-0.319425,-0.058613
0.193095,-0.316199,-0.056294
0.191552,-0.314361,-0.055144
0.189398,-0.312731,-0.053529
0.190924,-0.311460,-0.057152
0.188633,-0.309594,-0.054835
0.189866,-0.307474,-0.054591
0.188891,-0.304134,-0.053860
0.188384,-0.303188,-0.053158
0.187222,-0.303605,-0.053675
0.184752,-0.301983,-0.054600
0.183851,-0.298211,-0.053128
0.185828,-0.299662,-0.051943
0.185022,-0.297619,-0.051570
0.182537,-0.293445,-0.052492
0.182629,-0.291454,-0.051496
0.182167,-0.290649,-0.050386
0.181943,-0.289783,-0.049789
0.179591,-0.288285,-0.051391
0.178790,-0.285326,-0.048906
0.179039,-0.282575,-0.048062
0.176184,-0.284470,-0.047485
0.177142,-0.283410,-0.047400
0.175090,-0.282888,-0.050199
0.173437,-0.279974,-0.049009
0.173925,-0.278787,-0.048551
0.173063,-0.276552,-0.048366
0.171919,-0.278327,-0.048650
0.168865,-0.275577,-0.050147
0.168148,-0.274910,-0.050490
0.168636,-0.274959,-0.049518
0.164948,-0.271612,-0.050502
0.164719,-0.270917,-0.046963
0.162535,-0.269402,-0.048777
0.162777,-0.268228,-0.049380
0.160415,-0.268641,-0.050512
0.157976,-0.267231,-0.051623
0.157464,-0.266214,-0.051430
0.155967,-0.264607,-0.050920
0.156092,-0.265142,-0.049843
0.155445,-0.264930,-0.050783
0.151178,-0.263012,-0.053079
0.150373,-0.262235,-0.051845
0.149134,-0.262094,-0.051236
0.147583,-0.260316,-0.051643
0.145284,-0.260836,-0.053856
0.145614,-0.257898,-0.054001
0.143372,-0.258447,-0.052484
0.142757,-0.258473,-0.053851
0.139673,-0.256394,-0.052914
0.139499,-0.256887,-0.052845
0.139026,-0.256547,-0.053054
0.137142,-0.253980,-0.054645
0.136673,-0.253131,-0.054580
0.134539,-0.252330,-0.056128
0.132343,-0.251098,-0.055363
0.132255,-0.252430,-0.056319
0.129141,-0.250442,-0.057125
0.127699,-0.249614,-0.055554
0.126751,-0.247882,-0.057955
0.123973,-0.249566,-0.057363
0.121958,-0.249019,-0.057798
0.121112,-0.246659,-0.058473
0.119756,-0.246392,-0.058647
0.118566,-0.245916,-0.060569
0.116890,-0.243850,-0.057884
0.114688,-0.243019,-0.057753
0.115257,-0.242128,-0.059508
0.113772,-0.241187,-0.061749
0.111233,-0.239371,-0.060225
0.110276,-0.239367,-0.060087
0.107833,-0.237776,-0.058835
0.108961,-0.238718,-0.060321
0.107233,-0.236260,-0.060514
0.104761,-0.235870,-0.059672
0.104302,-0.230384,-0.059374
0.103909,-0.233372,-0.059618
0.102301,-0.230710,-0.057665
0.100295,-0.229923,-0.058611
0.100679,-0.228923,-0.059798
0.099529,-0.227064,-0.058104
0.096512,-0.226709,-0.059450
0.097126,-0.225894,-0.058825
0.096287,-0.226382,-0.059293
0.096249,-0.224195,-0.060090
0.093880,-0.221492,-0.058672
0.095286,-0.218739,-0.058076
0.090260,-0.219171,-0.060035
0.091834,-0.216668,-0.059226
0.090769,-0.216093,-0.059095
0.088631,-0.214609,-0.057731
0.086737,-0.213876,-0.056251
0.086175,-0.210993,-0.057865
0.084363,-0.210613,-0.058148
0.084931,-0.209012,-0.057513
0.083705,-0.207575,-0.056256
0.081212,-0.208184,-0.055789
0.082026,-0.203526,-0.057555
0.080690,-0.205145,-0.056497
0.079038,-0.203146,-0.057013
0.076916,-0.203108,-0.055994
0.078044,-0.201560,-0.057613
0.076032,-0.201372,-0.059365
0.076338,-0.197075,-0.055604
0.073520,-0.197978,-0.057747
0.072965,-0.197644,-0.056725
0.071340,-0.194209,-0.056636
0.069204,-0.195451,-0.057997
0.067751,-0.193975,-0.057920
0.066825,-0.191129,-0.058349
0.065241,-0.192026,-0.058602
0.063790,-0.193335,-0.057680
0.060893,-0.191289,-0.059181
0.060349,-0.191165,-0.059578
0.060489,-0.190073,-0.059185
0.056803,-0.189323,-0.060735
0.055549,-0.186937,-0.061093
0.054920,-0.188217,-0.061020
0.052294,-0.187122,-0.063341
0.048795,-0.185885,-0.063830
0.048335,-0.185599,-0.063608
0.045659,-0.185081,-0.062595
0.045324,-0.184785,-0.064447
0.042554,-0.185497,-0.065023
0.040118,-0.185659,-0.067505
0.038667,-0.185026,-0.068412
0.035271,-0.183437,-0.070848
0.033082,-0.183544,-0.070546
0.028599,-0.185783,-0.073610
0.026296,-0.185649,-0.073125
0.024196,-0.188178,-0.073076
0.020923,-0.186432,-0.076045
0.017085,-0.188816,-0.078654
0.014104,-0.189175,-0.081417
0.012835,-0.189302,-0.081292
0.010379,-0.187965,-0.083114
0.005794,-0.188316,-0.085015
0.003164,-0.190659,-0.082782
0.002509,-0.189216,-0.085930
0.000213,-0.190609,-0.087547
-0.001964,-0.188903,-0.088702
-0.006314,-0.191392,-0.091568
-0.008068,-0.189746,-0.090953
-0.009278,-0.189968,-0.090222
-0.011173,-0.188794,-0.093602
-0.013527,-0.189563,-0.094487
-0.014292,-0.189759,-0.093608
-0.017937,-0.187168,-0.095183
-0.020844,-0.188115,-0.096493
-0.021255,-0.188960,-0.097793
-0.023103,-0.188850,-0.096936
-0.026934,-0.186357,-0.098014
-0.028035,-0.187797,-0.098027
-0.031054,-0.186570,-0.099931
-0.033266,-0.184662,-0.100689
-0.035943,-0.185592,-0.100765
-0.037081,-0.186456,-0.101143
-0.039586,-0.186213,-0.103265
-0.043688,-0.188587,-0.105054
-0.047902,-0.187185,-0.107575
-0.051513,-0.189692,-0.109979
-0.052088,-0.188508,-0.112787
-0.065277,-0.201822,-0.123844
0.201515,-0.367996,-0.073989
0.201163,-0.367159,-0.072686
0.200512,-0.363706,-0.073708
0.200431,-0.361757,-0.071566
0.200143,-0.360894,-0.070751
0.200578,-0.358877,-0.068289
0.200268,-0.355283,-0.069408
0.200588,-0.351687,-0.067719
0.199636,-0.349969,-0.066589
0.199926,-0.349262,-0.067277
0.199587,-0.344053,-0.065171
0.199172,-0.342749,-0.063515
0.198980,-0.342528,-0.063630
0.198685,-0.337905,-0.064008
0.199071,-0.339999,-0.065437
0.196350,-0.335621,-0.061427
0.197138,-0.334299,-0.063313
0.196026,-0.333474,-0.058696
0.194728,-0.330574,-0.061315
0.195018,-0.329502,-0.059644
0.194169,-0.326287,-0.061815
0.194318,-0.325050,-0.059557
0.192384,-0.323786,-0.056720
0.192177,-0.322467,-0.057662
0.192401,-0.319400,-0.057486
0.192003,-0.318003,-0.054862
0.191417,-0.315756,-0.055566
0.192008,-0.313598,-0.053576
0.189850,-0.311070,-0.054927
0.186496,-0.307697,-0.053838
0.188435,-0.309259,-0.053510
0.186051,-0.306861,-0.052099
0.186357,-0.306997,-0.052258
0.184562,-0.304881,-0.054153
0.184413,-0.303249,-0.051439
0.183370,-0.300072,-0.050389
0.183445,-0.301239,-0.049529
0.183588,-0.294622,-0.051362
0.181712,-0.295263,-0.050624
0.182092,-0.294061,-0.050281
0.180672,-0.293952,-0.048677
0.179271,-0.291085,-0.049094
0.179890,-0.288834,-0.049639
0.179083,-0.289384,-0.049760
0.176126,-0.286742,-0.047189
0.177435,-0.286336,-0.048672
0.174396,-0.283837,-0.047918
0.174445,-0.283189,-0.049909
0.172115,-0.281907,-0.046364
0.172321,-0.281525,-0.048519
0.171666,-0.281189,-0.049043
0.169994,-0.278866,-0.048573
0.168175,-0.277327,-0.048454
0.168285,-0.276155,-0.048466
0.166741,-0.272983,-0.047983
0.164912,-0.274903,-0.047381
0.164357,-0.272886,-0.047325
0.161798,-0.271413,-0.047697
0.159761,-0.271224,-0.049823
0.159936,-0.268930,-0.050117
0.157660,-0.268983,-0.049803
0.158506,-0.268392,-0.050074
0.154535,-0.267571,-0.050658
0.155306,-0.267544,-0.048605
0.151287,-0.265852,-0.048861
0.150218,-0.264944,-0.049947
0.146871,-0.263661,-0.051549
0.148592,-0.262677,-0.050805
0.147469,-0.261633,-0.052542
0.143379,-0.265993,-0.053534
0.143885,-0.260923,-0.052747
0.140283,-0.260782,-0.053922
0.142023,-0.260177,-0.053885
0.139850,-0.259806,-0.052093
0.137333,-0.259039,-0.054701
0.134737,-0.258343,-0.054714
0.132776,-0.257137,-0.053355
0.134231,-0.254673,-0.053354
0.132081,-0.253715,-0.056632
0.132450,-0.251497,-0.054335
0.128559,-0.253705,-0.056298
0.126222,-0.255373,-0.056121
0.124086,-0.252773,-0.056024
0.123979,-0.250834,-0.057044
0.122648,-0.250099,-0.056900
0.121066,-0.252481,-0.057346
0.118261,-0.249572,-0.057945
0.116682,-0.248323,-0.058364
0.116863,-0.248456,-0.057991
0.115377,-0.246616,-0.057719
0.113168,-0.246000,-0.058366
0.112155,-0.244942,-0.059024
0.110776,-0.244105,-0.059515
0.109050,-0.242992,-0.060269
0.108613,-0.240517,-0.059701
0.104649,-0.239591,-0.060129
0.105013,-0.237766,-0.058296
0.102950,-0.239626,-0.059744
0.103891,-0.235472,-0.059308
0.103608,-0.235801,-0.059176
0.100463,-0.233738,-0.058749
0.099744,-0.233522,-0.059472
0.099610,-0.233809,-0.057694
0.097640,-0.231181,-0.058924
0.096718,-0.230588,-0.059718
0.096884,-0.227721,-0.058698
0.095224,-0.226440,-0.058456
0.093242,-0.226518,-0.058499
0.092309,-0.223679,-0.059419
0.090948,-0.223030,-0.058981
0.089741,-0.221859,-0.058266
0.089638,-0.220917,-0.058569
0.087694,-0.221877,-0.060692
0.087578,-0.218375,-0.056273
0.086309,-0.218094,-0.058507
0.085282,-0.217083,-0.056230
0.085482,-0.214273,-0.058369
0.084051,-0.214947,-0.059264
0.082161,-0.212775,-0.058669
0.082108,-0.213086,-0.057413
0.079983,-0.208826,-0.056905
0.079403,-0.208003,-0.058822
0.077140,-0.206641,-0.057512
0.077973,-0.206766,-0.058161
0.075140,-0.205741,-0.057514
0.072339,-0.203889,-0.056467
0.072158,-0.203105,-0.056333
0.070658,-0.202714,-0.058952
0.069785,-0.199104,-0.058725
0.069369,-0.198895,-0.056645
0.067929,-0.198463,-0.059526
0.065688,-0.198774,-0.058210
0.064936,-0.196085,-0.058844
0.063040,-0.195175,-0.059036
0.061559,-0.195719,-0.056720
0.061626,-0.195253,-0.059110
0.059313,-0.193460,-0.060973
0.057508,-0.191494,-0.058810
0.055131,-0.190362,-0.059668
0.055774,-0.189661,-0.060479
0.052706,-0.191091,-0.058792
0.048717,-0.190350,-0.063588
0.048868,-0.189920,-0.064405
0.046895,-0.189146,-0.063867
0.043121,-0.190242,-0.063651
0.040760,-0.188086,-0.064669
0.041033,-0.189160,-0.066497
0.036919,-0.187677,-0.067984
0.037943,-0.188576,-0.066561
0.032675,-0.189858,-0.068773
0.030483,-0.188963,-0.070972
0.027642,-0.190919,-0.071947
0.025689,-0.189097,-0.072102
0.022809,-0.188614,-0.076022
0.017926,-0.191086,-0.076666
0.016142,-0.193356,-0.078169
0.013723,-0.191181,-0.079430
0.010751,-0.192475,-0.081385
0.007898,-0.192053,-0.081501
0.005946,-0.192869,-0.084084
0.003222,-0.194530,-0.084492
-0.000150,-0.191105,-0.084535
-0.001260,-0.193781,-0.088149
-0.004947,-0.193415,-0.088312
-0.006061,-0.194474,-0.090405
-0.009267,-0.192333,-0.091072
-0.012304,-0.194721,-0.091950
-0.012120,-0.192217,-0.092093
-0.014940,-0.191889,-0.093440
-0.017958,-0.191539,-0.092340
-0.018203,-0.190467,-0.094768
-0.020894,-0.191396,-0.095173
-0.023295,-0.189899,-0.095205
-0.023900,-0.190136,-0.098494
-0.026707,-0.189558,-0.097400
-0.028741,-0.191571,-0.097294
-0.033019,-0.189381,-0.100067
-0.032949,-0.191371,-0.102013
-0.034823,-0.187244,-0.101635
-0.037646,-0.187781,-0.103920
-0.040184,-0.187974,-0.102651
-0.044368,-0.189546,-0.104975
-0.046216,-0.189798,-0.108192
-0.050037,-0.192752,-0.109273
-0.053104,-0.193181,-0.109562
-0.056516,-0.193129,-0.113142
0.200572,-0.365549,-0.072289
0.199687,-0.366421,-0.070752
0.199965,-0.361626,-0.070858
0.198847,-0.360435,-0.068876
0.202033,-0.358296,-0.067193
0.199210,-0.355515,-0.065849
0.200349,-0.353318,-0.067048
0.199265,-0.351108,-0.065464
0.199634,-0.348997,-0.062220
0.200074,-0.347742,-0.062974
0.198994,-0.345044,-0.062728
0.196384,-0.342166,-0.063576
0.197111,-0.340762,-0.060974
0.197489,-0.337829,-0.062683
0.193787,-0.338692,-0.059216
0.194887,-0.334783,-0.060533
0.194478,-0.334914,-0.060933
0.194753,-0.332245,-0.060817
0.195658,-0.329542,-0.058654
0.193531,-0.325948,-0.056105
0.193435,-0.326045,-0.057709
0.191343,-0.325038,-0.056366
0.189774,-0.321827,-0.053926
0.191735,-0.320076,-0.055889
0.190800,-0.317213,-0.055199
0.189762,-0.317281,-0.052961
0.189556,-0.315587,-0.053258
0.187376,-0.312280,-0.053992
0.188769,-0.311194,-0.051456
0.187271,-0.311351,-0.052451
0.186798,-0.308027,-0.051828
0.186424,-0.307128,-0.051900
0.184966,-0.305241,-0.049871
0.183226,-0.302808,-0.050582
0.183973,-0.303219,-0.050573
0.180389,-0.301094,-0.050149
0.183315,-0.298074,-0.049759
0.180323,-0.297250,-0.049544
0.180502,-0.296020,-0.048199
0.178810,-0.294338,-0.048226
0.179274,-0.292833,-0.047225
0.178583,-0.290769,-0.046449
0.176041,-0.288329,-0.047123
0.175156,-0.289016,-0.046254
0.174969,-0.287546,-0.045988
0.172584,-0.285502,-0.046356
0.174384,-0.284402,-0.046112
0.172577,-0.283450,-0.047336
0.169827,-0.281303,-0.049083
0.170633,-0.280392,-0.045750
0.167495,-0.281093,-0.046124
0.167467,-0.276381,-0.049552
0.166185,-0.276759,-0.047721
0.165417,-0.278519,-0.047699
0.162987,-0.273784,-0.048223
0.162793,-0.275263,-0.048263
0.158656,-0.274831,-0.048507
0.159691,-0.272948,-0.046173
0.158467,-0.271685,-0.047787
0.157889,-0.273226,-0.049306
0.155086,-0.270585,-0.050670
0.152851,-0.270790,-0.049652
0.150479,-0.269533,-0.051323
0.150262,-0.269496,-0.049075
0.148641,-0.267553,-0.051417
0.147094,-0.264874,-0.050386
0.144863,-0.265857,-0.051170
0.142861,-0.265297,-0.051951
0.143264,-0.264030,-0.052837
0.141424,-0.264730,-0.051831
0.139231,-0.264787,-0.051530
0.137922,-0.263954,-0.052273
0.137375,-0.260978,-0.054081
0.135279,-0.260300,-0.052601
0.135560,-0.260787,-0.053285
0.130966,-0.259625,-0.053627
0.130397,-0.257152,-0.053720
0.131055,-0.256681,-0.052381
0.128710,-0.255606,-0.055043
0.125845,-0.254918,-0.057782
0.124799,-0.253625,-0.056171
0.124653,-0.256130,-0.057266
0.121044,-0.250686,-0.055797
0.121196,-0.251603,-0.056566
0.118397,-0.252830,-0.057982
0.118529,-0.251660,-0.058756
0.116620,-0.250661,-0.056941
0.114392,-0.249881,-0.058156
0.112213,-0.247297,-0.057518
0.109647,-0.247737,-0.058200
0.109249,-0.247334,-0.057433
0.106351,-0.246601,-0.059338
0.107269,-0.246253,-0.058475
0.106427,-0.242105,-0.059819
0.103743,-0.240465,-0.058338
0.102610,-0.241492,-0.059366
0.103198,-0.240998,-0.060276
0.101390,-0.240143,-0.059361
0.100706,-0.236275,-0.059191
0.099122,-0.237687,-0.058843
0.096241,-0.236143,-0.059570
0.096982,-0.237289,-0.060334
0.094669,-0.232925,-0.060540
0.092883,-0.232698,-0.058826
0.093994,-0.229298,-0.061012
0.091853,-0.230312,-0.059507
0.091335,-0.229351,-0.058930
0.088480,-0.226502,-0.059473
0.090245,-0.226553,-0.057005
0.087809,-0.225407,-0.058658
0.087221,-0.223386,-0.058653
0.086000,-0.223451,-0.057886
0.085092,-0.220803,-0.058446
0.083064,-0.218912,-0.057517
0.082656,-0.218100,-0.057257
0.081193,-0.216590,-0.056948
0.079860,-0.216798,-0.058113
0.079749,-0.216101,-0.057711
0.078173,-0.213018,-0.059055
0.075932,-0.212199,-0.056532
0.075664,-0.211590,-0.058403
0.074722,-0.209976,-0.056615
0.073051,-0.208059,-0.058320
0.072429,-0.207335,-0.061078
0.072175,-0.206209,-0.056943
0.070079,-0.208194,-0.058915
0.068183,-0.205656,-0.056823
0.068847,-0.203398,-0.060028
0.067915,-0.203369,-0.058745
0.064300,-0.201163,-0.059165
0.063177,-0.199762,-0.059626
0.060260,-0.200794,-0.060778
0.058871,-0.199010,-0.058424
0.059137,-0.198188,-0.061643
0.056471,-0.198711,-0.059820
0.056102,-0.197575,-0.061687
0.055267,-0.197534,-0.061723
0.050283,-0.195506,-0.062515
0.050529,-0.193827,-0.061325
0.048330,-0.195036,-0.062094
0.045528,-0.195280,-0.064256
0.045019,-0.193783,-0.065930
0.043449,-0.193123,-0.065194
0.042715,-0.193720,-0.067847
0.039190,-0.192693,-0.066405
0.035324,-0.192044,-0.068121
0.033088,-0.193667,-0.068465
0.029880,-0.195080,-0.069923
0.030066,-0.194332,-0.071523
0.025168,-0.195381,-0.073637
0.022781,-0.194450,-0.074322
0.019635,-0.194297,-0.076798
0.018092,-0.195323,-0.078426
0.015402,-0.195518,-0.079237
0.014071,-0.193367,-0.079553
0.010035,-0.196015,-0.080858
0.007997,-0.196317,-0.080820
0.005608,-0.196364,-0.085008
0.004007,-0.196103,-0.084065
0.001707,-0.196117,-0.086796
-0.001636,-0.197658,-0.087998
-0.005276,-0.196653,-0.086462
-0.007833,-0.196825,-0.090662
-0.009006,-0.197746,-0.089476
-0.012936,-0.194751,-0.091137
-0.013374,-0.195275,-0.090557
-0.014743,-0.194037,-0.090217
-0.017853,-0.193868,-0.092261
-0.018848,-0.195531,-0.093366
-0.021648,-0.193399,-0.092944
-0.022878,-0.193495,-0.097022
-0.025464,-0.194004,-0.095581
-0.029038,-0.194303,-0.097148
-0.031443,-0.193229,-0.099459
-0.031391,-0.192380,-0.097737
-0.034630,-0.192973,-0.099256
-0.036353,-0.192363,-0.100531
-0.040156,-0.191964,-0.100935
-0.040424,-0.191689,-0.101182
-0.043669,-0.193914,-0.103122
-0.047295,-0.193960,-0.106628
-0.048379,-0.194835,-0.109297
-0.054518,-0.196672,-0.109558
-0.057359,-0.193405,-0.112579
0.200908,-0.367776,-0.072704
0.199828,-0.365940,-0.070369
0.198075,-0.364128,-0.067172
0.199741,-0.362420,-0.068881
0.200569,-0.359311,-0.063878
0.199698,-0.357249,-0.067421
0.199563,-0.353447,-0.064733
0.198187,-0.351604,-0.063107
0.197897,-0.348953,-0.063736
0.199277,-0.348159,-0.062221
0.196646,-0.346439,-0.060663
0.196152,-0.345280,-0.060869
0.197072,-0.341340,-0.060249
0.194549,-0.340046,-0.060409
0.194824,-0.339179,-0.058186
0.194020,-0.337298,-0.057660
0.196218,-0.333311,-0.059793
0.193783,-0.332858,-0.057619
0.193136,-0.330658,-0.056512
0.189521,-0.330477,-0.058537
0.191260,-0.327019,-0.055843
0.189403,-0.323854,-0.055188
0.189358,-0.324109,-0.053076
0.191010,-0.319997,-0.055492
0.190911,-0.319069,-0.052723
0.188010,-0.317680,-0.052967
0.186732,-0.318045,-0.053003
0.187677,-0.314336,-0.050150
0.188733,-0.314071,-0.051822
0.187065,-0.310484,-0.051384
0.184266,-0.309713,-0.051600
0.183790,-0.308143,-0.051559
0.185623,-0.305170,-0.049478
0.181112,-0.303817,-0.048519
0.182370,-0.303805,-0.049721
0.182108,-0.301257,-0.047016
0.180753,-0.298825,-0.048293
0.177918,-0.298050,-0.050843
0.178947,-0.296932,-0.048361
0.178708,-0.293729,-0.046695
0.177778,-0.294372,-0.046404
0.176465,-0.290222,-0.047176
0.174431,-0.289626,-0.046501
0.175388,-0.289608,-0.046464
0.174041,-0.288079,-0.045529
0.173590,-0.286164,-0.045512
0.172306,-0.287338,-0.049276
0.170789,-0.284861,-0.048155
0.168108,-0.284479,-0.048727
0.167865,-0.283257,-0.045450
0.166241,-0.279826,-0.046773
0.164780,-0.280602,-0.045995
0.165916,-0.280082,-0.048197
0.162684,-0.279542,-0.046679
0.161111,-0.274800,-0.047915
0.160150,-0.277472,-0.047848
0.158118,-0.274284,-0.046472
0.156724,-0.274439,-0.047699
0.156492,-0.274018,-0.048792
0.153818,-0.274300,-0.047724
0.153151,-0.272436,-0.049864
0.149970,-0.271759,-0.048390
0.149298,-0.272391,-0.050436
0.147137,-0.269751,-0.050341
0.147547,-0.270909,-0.049512
0.146960,-0.267570,-0.049372
0.144338,-0.267399,-0.051589
0.141056,-0.268308,-0.050504
0.140022,-0.267657,-0.052856
0.137571,-0.266648,-0.053005
0.137352,-0.265094,-0.053044
0.136182,-0.263649,-0.052422
0.133226,-0.263972,-0.052218
0.134192,-0.263699,-0.052884
0.131371,-0.260418,-0.054765
0.130530,-0.261669,-0.054653
0.130553,-0.259200,-0.052797
0.128472,-0.258499,-0.055136
0.126983,-0.258723,-0.054541
0.124345,-0.257341,-0.055962
0.122740,-0.257393,-0.056390
0.118852,-0.255578,-0.057764
0.118555,-0.256998,-0.057471
0.118178,-0.254502,-0.055058
0.116491,-0.254335,-0.057026
0.115480,-0.253858,-0.055133
0.114449,-0.251632,-0.058770
0.110695,-0.251650,-0.057159
0.108244,-0.251980,-0.059633
0.109121,-0.250142,-0.058822
0.109063,-0.248716,-0.058458
0.106980,-0.248671,-0.059586
0.104109,-0.246843,-0.059702
0.104131,-0.246800,-0.059482
0.102311,-0.245990,-0.060516
0.100128,-0.243062,-0.061359
0.099970,-0.243037,-0.058242
0.098786,-0.242446,-0.060437
0.098691,-0.241949,-0.060142
0.095787,-0.239475,-0.060871
0.097128,-0.237898,-0.058900
0.093806,-0.237507,-0.060841
0.092402,-0.236498,-0.058668
0.092386,-0.233707,-0.059656
0.093797,-0.231513,-0.059840
0.090382,-0.232749,-0.058377
0.089469,-0.230249,-0.057723
0.086798,-0.230307,-0.058602
0.087095,-0.228748,-0.059367
0.085422,-0.227706,-0.058587
0.085117,-0.225052,-0.057068
0.083433,-0.224381,-0.058859
0.082086,-0.221202,-0.057387
0.082457,-0.222301,-0.056970
0.080085,-0.220776,-0.059549
0.080331,-0.220670,-0.057830
0.079011,-0.220049,-0.058434
0.075445,-0.216482,-0.056101
0.076395,-0.215569,-0.058167
0.074634,-0.215662,-0.057877
0.075536,-0.213704,-0.057129
0.071750,-0.213032,-0.057948
0.072909,-0.211179,-0.059553
0.068603,-0.211108,-0.057947
0.068464,-0.208885,-0.058966
0.066846,-0.207272,-0.057153
0.066492,-0.207601,-0.058297
0.065098,-0.206058,-0.059144
0.060595,-0.206535,-0.057926
0.062269,-0.204623,-0.060219
0.060715,-0.206639,-0.060104
0.057853,-0.203183,-0.060029
0.057097,-0.202809,-0.058928
0.055799,-0.202144,-0.061223
0.055364,-0.200683,-0.060861
0.052398,-0.200374,-0.062116
0.048746,-0.199293,-0.062503
0.049811,-0.199318,-0.062890
0.047450,-0.199962,-0.062142
0.044881,-0.199096,-0.065524
0.041069,-0.196515,-0.065713
0.039405,-0.199355,-0.065133
0.039740,-0.196895,-0.066250
0.035601,-0.197879,-0.068373
0.033412,-0.198053,-0.070464
0.030358,-0.198179,-0.072007
0.025462,-0.198433,-0.072300
0.028491,-0.196590,-0.072609
0.021864,-0.198891,-0.071947
0.021858,-0.199240,-0.073722
0.018157,-0.200191,-0.076220
0.017654,-0.198773,-0.078280
0.014896,-0.198110,-0.078928
0.013406,-0.199076,-0.080004
0.008612,-0.199416,-0.081878
0.007517,-0.201702,-0.081421
0.003453,-0.198421,-0.082384
0.000136,-0.200608,-0.084763
-0.001445,-0.201667,-0.085707
-0.002665,-0.199507,-0.086832
-0.005909,-0.199614,-0.087123
-0.008303,-0.200309,-0.088899
-0.012893,-0.197985,-0.087154
-0.011145,-0.198574,-0.090203
-0.011417,-0.198799,-0.090620
-0.015891,-0.197490,-0.091320
-0.017717,-0.197297,-0.089894
-0.019962,-0.195964,-0.092723
-0.022352,-0.197755,-0.093720
-0.025653,-0.196544,-0.096408
-0.027056,-0.196282,-0.097530
-0.029836,-0.197350,-0.096850
-0.030795,-0.193389,-0.098438
-0.032273,-0.195557,-0.098111
-0.034431,-0.196189,-0.099850
-0.036766,-0.196905,-0.101592
-0.039412,-0.194098,-0.099634
-0.039646,-0.195203,-0.101090
-0.043048,-0.195949,-0.103338
-0.048462,-0.195268,-0.105380
-0.051617,-0.198408,-0.107887
-0.056398,-0.196801,-0.107988
-0.055672,-0.200170,-0.111316
-0.071652,-0.207836,-0.120195
0.198359,-0.366672,-0.066925
0.197956,-0.365460,-0.068830
0.196399,-0.361703,-0.066454
0.198357,-0.358075,-0.066442
0.199423,-0.358514,-0.064490
0.197403,-0.353702,-0.061929
0.198932,-0.351257,-0.062002
0.196251,-0.351156,-0.061296
0.197530,-0.349431,-0.061020
0.198337,-0.347930,-0.061506
0.197061,-0.344846,-0.059751
0.194920,-0.344907,-0.059909
0.193832,-0.340394,-0.060030
0.192308,-0.340287,-0.059241
0.194720,-0.337639,-0.057660
0.190920,-0.335133,-0.056927
0.193111,-0.334465,-0.056237
0.192716,-0.331572,-0.055265
0.190692,-0.330163,-0.054996
0.190473,-0.327952,-0.053643
0.191823,-0.327402,-0.052910
0.189672,-0.322085,-0.052360
0.189124,-0.322185,-0.051969
0.188096,-0.320699,-0.051315
0.188694,-0.318272,-0.051062
0.186672,-0.316763,-0.050799
0.185647,-0.315886,-0.050562
0.184204,-0.315890,-0.049803
0.184816,-0.313249,-0.051227
0.185901,-0.311160,-0.051080
0.184896,-0.308820,-0.049297
0.181702,-0.307554,-0.049899
0.182750,-0.307252,-0.048751
0.179519,-0.305383,-0.047856
0.179125,-0.303106,-0.050091
0.180204,-0.300122,-0.046227
0.179096,-0.300332,-0.048238
0.177185,-0.297091,-0.046729
0.177017,-0.296768,-0.046759
0.178140,-0.293868,-0.045930
0.175785,-0.292546,-0.045278
0.173043,-0.294284,-0.046229
0.173336,-0.293706,-0.045177
0.170390,-0.290076,-0.046542
0.169615,-0.288751,-0.044560
0.168636,-0.288059,-0.044646
0.168145,-0.285695,-0.045756
0.166665,-0.285360,-0.044554
0.165282,-0.283196,-0.044688
0.166177,-0.282522,-0.044234
0.163305,-0.281440,-0.045152
0.161283,-0.280349,-0.045089
0.163242,-0.279780,-0.046006
0.159709,-0.277183,-0.046368
0.158430,-0.278142,-0.045244
0.155183,-0.276704,-0.047346
0.157469,-0.277148,-0.047486
0.153507,-0.276021,-0.045354
0.151909,-0.273558,-0.047818
0.150990,-0.273619,-0.046526
0.148068,-0.272302,-0.048185
0.147074,-0.273291,-0.048844
0.145836,-0.271789,-0.048465
0.146028,-0.273018,-0.050070
0.143308,-0.269672,-0.050631
0.141993,-0.268529,-0.050781
0.140016,-0.269420,-0.050556
0.135747,-0.268158,-0.051884
0.135573,-0.268756,-0.052401
0.134162,-0.265257,-0.052415
0.133285,-0.265780,-0.053121
0.133394,-0.265294,-0.051863
0.129842,-0.263721,-0.051991
0.129673,-0.264047,-0.054049
0.128339,-0.261911,-0.052543
0.126902,-0.260872,-0.052544
0.126135,-0.261625,-0.052595
0.124735,-0.259339,-0.053745
0.122058,-0.261257,-0.055701
0.120869,-0.261058,-0.055474
0.119062,-0.259079,-0.055139
0.117888,-0.259172,-0.055274
0.114961,-0.257616,-0.056512
0.113811,-0.256613,-0.058524
0.111894,-0.255785,-0.059079
0.110030,-0.256248,-0.057825
0.109759,-0.253652,-0.057710
0.108353,-0.254839,-0.059987
0.108456,-0.250171,-0.057595
0.105624,-0.249943,-0.057695
0.103692,-0.251756,-0.058754
0.101929,-0.250460,-0.059092
0.103463,-0.248939,-0.059039
0.098130,-0.247770,-0.058371
0.100099,-0.246058,-0.060371
0.098500,-0.243268,-0.058476
0.096127,-0.245151,-0.059065
0.094909,-0.244021,-0.060339
0.091910,-0.241373,-0.058567
0.091813,-0.241850,-0.058642
0.092877,-0.238078,-0.059079
0.089391,-0.237023,-0.060365
0.088203,-0.238396,-0.060038
0.089303,-0.236106,-0.059355
0.087423,-0.235161,-0.058587
0.086535,-0.234347,-0.058322
0.084124,-0.231178,-0.060352
0.082676,-0.230516,-0.057257
0.084274,-0.229984,-0.057273
0.081359,-0.229785,-0.058444
0.079928,-0.226758,-0.060021
0.080002,-0.225790,-0.058688
0.078291,-0.225099,-0.058030
0.078595,-0.222412,-0.058145
0.076664,-0.221586,-0.058043
0.073055,-0.220554,-0.058035
0.072882,-0.221413,-0.057889
0.073976,-0.216348,-0.059831
0.072006,-0.217282,-0.057573
0.070749,-0.216122,-0.057667
0.067442,-0.213812,-0.059215
0.067161,-0.211880,-0.058742
0.066577,-0.214927,-0.059409
0.065715,-0.213716,-0.060697
0.063344,-0.210968,-0.058776
0.063878,-0.209411,-0.058092
0.062135,-0.210307,-0.058508
0.058538,-0.207083,-0.059597
0.058171,-0.207880,-0.061894
0.055468,-0.207384,-0.061716
0.055328,-0.205898,-0.060830
0.053530,-0.203433,-0.061761
0.052583,-0.206889,-0.062395
0.049306,-0.203472,-0.060863
0.048753,-0.204945,-0.064329
0.047191,-0.203131,-0.063134
0.044324,-0.204268,-0.063532
0.041574,-0.202622,-0.065471
0.040117,-0.202151,-0.066673
0.037055,-0.200990,-0.067438
0.035155,-0.202512,-0.067302
0.034541,-0.202905,-0.070360
0.031785,-0.202032,-0.070047
0.028344,-0.199585,-0.072854
0.025498,-0.202984,-0.070997
0.024262,-0.201693,-0.073655
0.022284,-0.201451,-0.075415
0.019278,-0.204262,-0.074852
0.016021,-0.202646,-0.077275
0.017545,-0.202729,-0.077884
0.014192,-0.202787,-0.078109
0.008678,-0.202727,-0.080114
0.008418,-0.202883,-0.081795
0.005953,-0.202660,-0.081180
0.002809,-0.202087,-0.082636
0.000881,-0.203376,-0.085069
-0.002516,-0.204309,-0.085430
-0.005355,-0.203857,-0.088592
-0.009100,-0.203971,-0.087368
-0.010656,-0.203011,-0.088240
-0.010271,-0.202334,-0.087290
-0.012677,-0.203020,-0.089951
-0.012965,-0.201629,-0.091074
-0.015102,-0.200789,-0.089712
-0.017651,-0.200064,-0.090460
-0.021214,-0.200260,-0.091958
-0.022207,-0.198868,-0.093051
-0.024431,-0.201500,-0.094794
-0.026293,-0.200366,-0.096827
-0.029714,-0.200046,-0.095637
-0.031386,-0.197842,-0.096717
-0.031666,-0.197738,-0.096730
-0.035934,-0.199019,-0.097532
-0.038360,-0.198195,-0.099723
-0.038920,-0.196273,-0.100231
-0.042787,-0.197469,-0.099783
-0.044558,-0.199401,-0.102899
-0.048028,-0.198587,-0.105230
-0.050271,-0.200509,-0.107579
-0.054284,-0.198899,-0.105757
-0.054670,-0.199699,-0.110200
-0.065214,-0.205452,-0.115423
0.196367,-0.364216,-0.066503
0.196930,-0.363609,-0.066062
0.198622,-0.361988,-0.062294
0.195492,-0.358373,-0.062783
0.197691,-0.356053,-0.063260
0.196892,-0.353868,-0.062043
0.197515,-0.351581,-0.060951
0.193857,-0.349614,-0.060385
0.196366,-0.346964,-0.060042
0.194312,-0.347424,-0.058503
0.194018,-0.345464,-0.058997
0.195242,-0.343026,-0.057839
0.193072,-0.340795,-0.055900
0.193169,-0.338067,-0.057656
0.193195,-0.336438,-0.056357
0.192396,-0.332942,-0.055655
0.191195,-0.332997,-0.054683
0.189240,-0.331445,-0.054861
0.190961,-0.329405,-0.053900
0.187529,-0.327847,-0.051747
0.189733,-0.327098,-0.052330
0.189353,-0.323087,-0.052031
0.187156,-0.324230,-0.050746
0.187050,-0.320655,-0.050821
0.183665,-0.319152,-0.049116
0.184942,-0.316763,-0.050292
0.182259,-0.315868,-0.049707
0.184324,-0.313067,-0.048726
0.182117,-0.314092,-0.047708
0.182313,-0.311786,-0.049023
0.181282,-0.308385,-0.046259
0.180628,-0.305753,-0.047069
0.179501,-0.306077,-0.047486
0.179075,-0.302683,-0.048242
0.177556,-0.303415,-0.046306
0.176756,-0.298745,-0.045323
0.176100,-0.299400,-0.045056
0.175425,-0.295836,-0.044486
0.173619,-0.295639,-0.045111
0.172902,-0.295987,-0.043545
0.174155,-0.295094,-0.045558
0.171651,-0.293683,-0.044285
0.169544,-0.291547,-0.044477
0.170061,-0.289618,-0.044289
0.168974,-0.290735,-0.044261
0.166890,-0.289213,-0.044090
0.164901,-0.288126,-0.045681
0.165520,-0.287033,-0.044825
0.165467,-0.284233,-0.044245
0.162191,-0.282860,-0.044964
0.160474,-0.281881,-0.045703
0.160360,-0.280157,-0.046059
0.157494,-0.279899,-0.045066
0.157052,-0.279584,-0.044672
0.156803,-0.278742,-0.045195
0.155398,-0.278939,-0.046096
0.152132,-0.278077,-0.046142
0.151071,-0.276197,-0.045429
0.150719,-0.278163,-0.047338
0.147392,-0.276519,-0.047604
0.146805,-0.275061,-0.047559
0.146270,-0.272972,-0.048710
0.141170,-0.272675,-0.049772
0.140624,-0.273119,-0.049412
0.138398,-0.272182,-0.051709
0.137028,-0.273184,-0.051729
0.133577,-0.272125,-0.053289
0.135010,-0.273028,-0.053081
0.130417,-0.271750,-0.051386
0.133017,-0.268393,-0.052704
0.129125,-0.267431,-0.052326
0.128771,-0.267169,-0.052383
0.126809,-0.264583,-0.053908
0.123979,-0.265624,-0.052874
0.125149,-0.264245,-0.052463
0.122680,-0.264865,-0.053487
0.120435,-0.263128,-0.054984
0.119035,-0.264853,-0.055462
0.116386,-0.262684,-0.055941
0.114005,-0.261262,-0.058561
0.115781,-0.261730,-0.056821
0.114356,-0.260342,-0.057690
0.109129,-0.259309,-0.055263
0.110654,-0.259434,-0.057037
0.107382,-0.257334,-0.058587
0.106087,-0.255864,-0.058053
0.105950,-0.254859,-0.058722
0.103840,-0.254606,-0.057545
0.102205,-0.255122,-0.059021
0.101042,-0.254457,-0.058797
0.099919,-0.251840,-0.057362
0.099275,-0.251734,-0.059184
0.098887,-0.249778,-0.056510
0.094070,-0.248509,-0.059385
0.095588,-0.247666,-0.060740
0.093538,-0.248360,-0.059545
0.091302,-0.246500,-0.060053
0.090376,-0.245254,-0.059862
0.090906,-0.243655,-0.058510
0.088496,-0.241707,-0.058235
0.088600,-0.242402,-0.061239
0.085657,-0.238926,-0.060579
0.083600,-0.236670,-0.059459
0.085002,-0.238181,-0.058197
0.082961,-0.236078,-0.057931
0.081510,-0.235301,-0.060173
0.084630,-0.232641,-0.058985
0.080778,-0.232548,-0.060071
0.078300,-0.231435,-0.058356
0.079199,-0.229496,-0.058679
0.077652,-0.228081,-0.059209
0.075076,-0.228429,-0.057807
0.074965,-0.227058,-0.059316
0.075521,-0.225540,-0.058844
0.072620,-0.224154,-0.059605
0.071057,-0.221957,-0.058214
0.070455,-0.220306,-0.057811
0.069684,-0.222285,-0.058337
0.067346,-0.219388,-0.059027
0.067063,-0.218696,-0.060175
0.065373,-0.216266,-0.059654
0.062938,-0.217158,-0.061245
0.062357,-0.215885,-0.059448
0.058851,-0.215133,-0.060187
0.058484,-0.213256,-0.060195
0.056823,-0.214489,-0.061349
0.055991,-0.213567,-0.059729
0.055304,-0.213003,-0.059113
0.052971,-0.211560,-0.061972
0.051098,-0.208815,-0.063448
0.051670,-0.208865,-0.060706
0.049418,-0.209514,-0.062339
0.046566,-0.209136,-0.063609
0.045108,-0.209341,-0.064700
0.042495,-0.207635,-0.064199
0.040634,-0.207225,-0.064560
0.038249,-0.206313,-0.067980
0.037006,-0.207423,-0.066062
0.033527,-0.207098,-0.067963
0.032499,-0.206577,-0.069808
0.029418,-0.206994,-0.070865
0.025921,-0.208562,-0.071443
0.024178,-0.206125,-0.073048
0.023552,-0.206414,-0.074562
0.020463,-0.205539,-0.074281
0.017134,-0.206575,-0.076386
0.015553,-0.208534,-0.076194
0.013966,-0.205772,-0.078224
0.010846,-0.206764,-0.079000
0.007082,-0.205510,-0.079068
0.004951,-0.205546,-0.079408
0.004734,-0.206430,-0.082029
0.002079,-0.205440,-0.083234
0.000961,-0.208699,-0.084306
-0.002800,-0.206452,-0.085383
-0.005617,-0.204728,-0.085111
-0.006147,-0.206393,-0.088423
-0.007989,-0.205299,-0.087617
-0.011578,-0.204292,-0.089815
-0.012125,-0.206001,-0.087715
-0.014206,-0.203150,-0.088616
-0.016358,-0.203186,-0.091213
-0.020229,-0.205073,-0.091697
-0.021661,-0.203653,-0.093495
-0.023717,-0.202769,-0.092961
-0.026205,-0.203623,-0.094391
-0.027307,-0.201762,-0.094372
-0.030976,-0.201864,-0.095333
-0.032470,-0.204332,-0.093864
-0.034199,-0.202379,-0.095688
-0.034764,-0.201002,-0.096929
-0.037650,-0.198017,-0.099331
-0.040025,-0.201806,-0.099023
-0.041765,-0.199545,-0.100994
-0.043947,-0.200652,-0.101399
-0.047493,-0.201807,-0.103883
-0.050391,-0.200428,-0.104211
-0.054933,-0.203175,-0.108008
-0.056517,-0.202906,-0.108172
-0.058727,-0.204473,-0.108163
0.195845,-0.366218,-0.063499
0.197965,-0.362458,-0.063197
0.197652,-0.362369,-0.062449
0.197975,-0.359037,-0.062216
0.197399,-0.357454,-0.059876
0.193937,-0.356118,-0.061234
0.195386,-0.352805,-0.058779
0.195081,-0.351615,-0.058600
0.192913,-0.349040,-0.060177
0.195628,-0.348205,-0.056972
0.193454,-0.344489,-0.055940
0.192879,-0.342849,-0.056284
0.190147,-0.340675,-0.055540
0.191134,-0.340753,-0.053531
0.190146,-0.338198,-0.053878
0.190016,-0.334747,-0.054554
0.190051,-0.335467,-0.053776
0.188333,-0.332039,-0.051837
0.188371,-0.329882,-0.053545
0.188544,-0.327953,-0.051168
0.187806,-0.325893,-0.048846
0.188262,-0.325018,-0.050006
0.187075,-0.322694,-0.050189
0.186577,-0.321641,-0.048735
0.182671,-0.319429,-0.050857
0.185415,-0.316467,-0.047939
0.182797,-0.315642,-0.048682
0.182669,-0.313310,-0.047338
0.180528,-0.313129,-0.048942
0.180571,-0.310745,-0.048936
0.178211,-0.311887,-0.046399
0.178104,-0.308007,-0.045799
0.178093,-0.308751,-0.044849
0.178982,-0.305333,-0.045125
0.177673,-0.303926,-0.045149
0.177011,-0.301874,-0.045525
0.176562,-0.300066,-0.044677
0.174673,-0.298999,-0.043292
0.171532,-0.297362,-0.044678
0.171209,-0.296264,-0.045960
0.170314,-0.295886,-0.044706
0.170789,-0.295213,-0.044983
0.169948,-0.294441,-0.041792
0.168333,-0.292156,-0.043678
0.167491,-0.291737,-0.042426
0.167170,-0.288775,-0.044821
0.163792,-0.288384,-0.042609
0.164685,-0.287357,-0.042379
0.162850,-0.286609,-0.042817
0.161554,-0.286797,-0.043945
0.160320,-0.284413,-0.042500
0.159185,-0.281848,-0.044635
0.155113,-0.283275,-0.045813
0.156356,-0.283280,-0.045264
0.152843,-0.282526,-0.045960
0.153466,-0.279829,-0.044721
0.151414,-0.279214,-0.045837
0.147541,-0.279151,-0.047068
0.147560,-0.277701,-0.047458
0.145027,-0.277324,-0.045513
0.146651,-0.276618,-0.046573
0.142824,-0.275140,-0.048376
0.142204,-0.275389,-0.049419
0.138289,-0.275709,-0.049406
0.138423,-0.276103,-0.049046
0.135454,-0.273647,-0.049525
0.133908,-0.272558,-0.051336
0.131585,-0.273647,-0.051679
0.131149,-0.272828,-0.052030
0.130856,-0.272825,-0.050367
0.128659,-0.268595,-0.052270
0.126213,-0.268800,-0.052314
0.126153,-0.267896,-0.052803
0.122095,-0.268632,-0.050939
0.123152,-0.266755,-0.052689
0.118988,-0.267787,-0.054844
0.117185,-0.265942,-0.053393
0.116051,-0.266313,-0.056325
0.114069,-0.265666,-0.055290
0.112578,-0.263899,-0.055542
0.111612,-0.262229,-0.058360
0.110043,-0.261562,-0.056322
0.107106,-0.262119,-0.056615
0.107589,-0.263023,-0.059356
0.106611,-0.260109,-0.058679
0.105768,-0.258838,-0.057320
0.103847,-0.259246,-0.058042
0.103314,-0.258193,-0.058215
0.101439,-0.256814,-0.059442
0.100459,-0.256429,-0.059416
0.098258,-0.253431,-0.056744
0.097917,-0.254272,-0.061070
0.094401,-0.252615,-0.061372
0.093995,-0.253186,-0.059901
0.092659,-0.250363,-0.059108
0.090947,-0.247468,-0.060106
0.089059,-0.247330,-0.060844
0.090799,-0.246949,-0.061831
0.086868,-0.245034,-0.057838
0.085882,-0.244852,-0.059072
0.087292,-0.244783,-0.061653
0.085216,-0.243041,-0.060404
0.082130,-0.243660,-0.061508
0.082155,-0.240196,-0.059466
0.082812,-0.237798,-0.059504
0.080880,-0.239197,-0.057001
0.079521,-0.236008,-0.059991
0.077882,-0.235384,-0.059673
0.076113,-0.233617,-0.058515
0.075828,-0.232326,-0.058158
0.074916,-0.229331,-0.058195
0.073385,-0.231522,-0.057261
0.072638,-0.228598,-0.058602
0.069773,-0.228139,-0.060624
0.069979,-0.227729,-0.057991
0.068329,-0.223668,-0.058635
0.065280,-0.224645,-0.058168
0.065709,-0.222128,-0.057029
0.065552,-0.222833,-0.060989
0.064827,-0.221540,-0.059882
0.060803,-0.220754,-0.060367
0.059596,-0.219911,-0.057510
0.060225,-0.218008,-0.057900
0.055258,-0.217606,-0.059684
0.055874,-0.217228,-0.059935
0.053245,-0.215510,-0.061912
0.053009,-0.216017,-0.061457
0.050153,-0.213880,-0.062379
0.049645,-0.215772,-0.062021
0.047880,-0.214355,-0.062214
0.048381,-0.212906,-0.064085
0.044756,-0.212385,-0.064789
0.045231,-0.214440,-0.064690
0.041905,-0.211136,-0.065904
0.039437,-0.212420,-0.065872
0.036988,-0.211872,-0.066913
0.034947,-0.212216,-0.067094
0.032038,-0.212050,-0.070383
0.030167,-0.213136,-0.071601
0.027761,-0.209658,-0.070687
0.026241,-0.210886,-0.072359
0.021014,-0.209464,-0.072861
0.020928,-0.209429,-0.073482
0.019401,-0.209800,-0.074691
0.017551,-0.211643,-0.076643
0.015791,-0.210046,-0.077215
0.012262,-0.212171,-0.077698
0.008536,-0.211221,-0.077684
0.008238,-0.209132,-0.078949
0.004553,-0.210517,-0.080980
0.000044,-0.208468,-0.081780
0.000062,-0.210622,-0.083231
-0.001664,-0.209856,-0.084624
-0.004098,-0.211046,-0.084842
-0.006460,-0.211805,-0.087303
-0.009748,-0.208623,-0.086902
-0.010127,-0.209214,-0.086192
-0.011840,-0.206519,-0.086146
-0.011492,-0.206507,-0.089238
-0.015071,-0.206110,-0.087671
-0.016888,-0.205594,-0.089308
-0.018745,-0.207859,-0.090196
-0.023605,-0.207846,-0.094352
-0.025859,-0.205037,-0.092564
-0.026251,-0.206089,-0.093427
-0.028289,-0.206280,-0.094329
-0.029647,-0.204816,-0.095681
-0.034505,-0.203792,-0.096322
-0.035470,-0.204495,-0.095519
-0.038805,-0.204138,-0.096962
-0.039156,-0.205092,-0.097809
-0.041386,-0.202727,-0.098862
-0.043570,-0.202759,-0.098079
-0.044842,-0.203899,-0.101070
-0.047012,-0.204157,-0.104193
-0.051366,-0.203505,-0.104798
-0.052448,-0.206115,-0.105957
-0.058010,-0.204247,-0.106224
-0.060111,-0.204196,-0.107270
-0.074115,-0.217695,-0.120063
0.196550,-0.364449,-0.061313
0.197245,-0.361384,-0.060906
0.195286,-0.359833,-0.059145
0.195533,-0.358475,-0.060939
0.193316,-0.355815,-0.059018
0.194679,-0.353648,-0.057227
0.194382,-0.354094,-0.057164
0.192489,-0.349664,-0.057992
0.192888,-0.348965,-0.056443
0.191122,-0.346565,-0.053047
0.190661,-0.345513,-0.055036
0.191206,-0.342817,-0.054797
0.191269,-0.340109,-0.054088
0.192409,-0.338806,-0.053798
0.188217,-0.336370,-0.053008
0.188354,-0.335248,-0.049572
0.186908,-0.332325,-0.050445
0.187269,-0.328516,-0.050546
0.188236,-0.330407,-0.050265
0.187402,-0.325477,-0.048222
0.185873,-0.324990,-0.048727
0.183893,-0.323808,-0.050864
0.183640,-0.322954,-0.048082
0.182452,-0.320713,-0.047646
0.182093,-0.318981,-0.047531
0.184530,-0.318409,-0.047208
0.180928,-0.315396,-0.046263
0.181527,-0.313639,-0.045906
0.180205,-0.313325,-0.044503
0.178062,-0.311125,-0.046819
0.176796,-0.309142,-0.045954
0.176991,-0.308017,-0.044802
0.178166,-0.307720,-0.044633
0.176740,-0.305191,-0.042975
0.176150,-0.304102,-0.044463
0.173656,-0.301515,-0.043136
0.173168,-0.300977,-0.044624
0.173790,-0.299379,-0.042860
0.170967,-0.296710,-0.043213
0.168228,-0.297431,-0.045507
0.167350,-0.295370,-0.042174
0.166688,-0.293417,-0.043221
0.165236,-0.294187,-0.043199
0.166117,-0.292182,-0.041695
0.163822,-0.290881,-0.043361
0.164433,-0.289504,-0.041443
0.164089,-0.286586,-0.040541
0.161020,-0.287415,-0.042128
0.160793,-0.284680,-0.045115
0.158164,-0.285696,-0.042486
0.157549,-0.285499,-0.043541
0.154158,-0.283523,-0.042933
0.153501,-0.284262,-0.042890
0.152203,-0.282568,-0.043882
0.149907,-0.280794,-0.044451
0.148494,-0.281489,-0.046863
0.148097,-0.278041,-0.044759
0.145024,-0.280042,-0.044412
0.143234,-0.278833,-0.044885
0.142677,-0.278485,-0.045964
0.140583,-0.278296,-0.047456
0.138164,-0.277127,-0.049090
0.135637,-0.278805,-0.048953
0.135615,-0.278198,-0.048751
0.133604,-0.275654,-0.051086
0.129970,-0.277006,-0.051780
0.129726,-0.274403,-0.052479
0.129924,-0.276392,-0.050877
0.128450,-0.273701,-0.050633
0.127299,-0.270745,-0.049563
0.125957,-0.272458,-0.052075
0.124133,-0.268425,-0.054019
0.120455,-0.270793,-0.054143
0.120379,-0.269770,-0.054345
0.117497,-0.270842,-0.052968
0.115953,-0.269433,-0.053836
0.114743,-0.267835,-0.055934
0.112773,-0.268644,-0.056084
0.112201,-0.266011,-0.056855
0.109333,-0.266348,-0.057116
0.107422,-0.265697,-0.056022
0.105943,-0.266744,-0.060239
0.105451,-0.264759,-0.057990
0.102759,-0.262484,-0.059336
0.101767,-0.261915,-0.058175
0.101778,-0.260495,-0.057029
0.103364,-0.259938,-0.056046
0.099460,-0.257286,-0.058694
0.097654,-0.257636,-0.058158
0.094609,-0.254354,-0.060234
0.093283,-0.258268,-0.056998
0.093822,-0.255018,-0.059651
0.089441,-0.254293,-0.059493
0.087881,-0.255775,-0.058110
0.087742,-0.251142,-0.059947
0.085697,-0.250384,-0.057884
0.086484,-0.249396,-0.060867
0.085268,-0.247760,-0.060352
0.082744,-0.248604,-0.058448
0.081909,-0.246863,-0.059675
0.080779,-0.245777,-0.059696
0.083023,-0.244741,-0.057689
0.080879,-0.240821,-0.058853
0.077979,-0.241414,-0.059967
0.076291,-0.239291,-0.059992
0.078360,-0.236992,-0.058587
0.074659,-0.237671,-0.059524
0.074205,-0.235889,-0.059730
0.074817,-0.234842,-0.059264
0.072413,-0.233814,-0.057344
0.071719,-0.231500,-0.059301
0.070614,-0.231907,-0.057648
0.067466,-0.230256,-0.060906
0.067086,-0.229835,-0.058596
0.067031,-0.228106,-0.057618
0.064970,-0.227785,-0.059890
0.062796,-0.226884,-0.060267
0.062256,-0.226658,-0.060154
0.060699,-0.222858,-0.058671
0.060071,-0.224282,-0.058572
0.058360,-0.220498,-0.060473
0.056984,-0.222569,-0.062905
0.055210,-0.221341,-0.060140
0.053796,-0.220964,-0.061182
0.052300,-0.219409,-0.062550
0.048962,-0.219549,-0.062385
0.048391,-0.218629,-0.061181
0.045995,-0.217359,-0.060921
0.044309,-0.216625,-0.062096
0.042863,-0.219055,-0.064562
0.041006,-0.217105,-0.065243
0.038924,-0.216532,-0.066707
0.036147,-0.217647,-0.067281
0.035577,-0.217472,-0.068028
0.032608,-0.214600,-0.069028
0.031728,-0.215368,-0.069976
0.030543,-0.216314,-0.071006
0.025952,-0.216450,-0.071782
0.022287,-0.214983,-0.072453
0.021237,-0.215119,-0.074133
0.019298,-0.215500,-0.074794
0.014642,-0.214115,-0.077094
0.012372,-0.214229,-0.077277
0.011795,-0.214895,-0.077911
0.010091,-0.214042,-0.079720
0.007820,-0.216284,-0.078931
0.005414,-0.212967,-0.080426
0.003264,-0.211346,-0.080316
-0.000159,-0.213755,-0.082589
-0.001802,-0.214456,-0.083186
-0.003296,-0.213383,-0.085216
-0.007298,-0.214215,-0.085298
-0.007748,-0.213968,-0.083086
-0.008879,-0.213385,-0.085762
-0.010439,-0.210810,-0.086481
-0.012535,-0.211337,-0.087144
-0.015199,-0.210047,-0.089015
-0.014736,-0.209695,-0.087334
-0.017619,-0.209715,-0.090189
-0.022412,-0.210098,-0.089551
-0.022059,-0.209748,-0.091459
-0.024942,-0.208411,-0.091448
-0.027244,-0.208824,-0.092900
-0.028249,-0.208581,-0.092670
-0.030941,-0.208922,-0.093349
-0.033326,-0.208901,-0.092894
-0.034537,-0.207717,-0.095850
-0.037937,-0.208303,-0.097082
-0.040347,-0.206980,-0.096814
-0.041518,-0.205355,-0.098336
-0.043350,-0.205532,-0.097742
-0.042630,-0.205011,-0.100182
-0.048503,-0.208448,-0.102445
-0.051386,-0.207066,-0.102527
-0.054436,-0.207491,-0.104977
-0.055388,-0.207242,-0.104956
-0.059250,-0.206150,-0.107722
-0.068882,-0.214318,-0.115578
0.194187,-0.364329,-0.060443
0.193350,-0.362908,-0.058970
0.194351,-0.360587,-0.059822
0.193618,-0.360038,-0.058348
0.193573,-0.356719,-0.058144
0.193557,-0.354467,-0.057973
0.191537,-0.352627,-0.056840
0.191384,-0.351953,-0.056169
0.193439,-0.351571,-0.054249
0.191643,-0.346953,-0.053787
0.190812,-0.345898,-0.053631
0.189533,-0.344090,-0.052407
0.190188,-0.340920,-0.052512
0.188031,-0.340382,-0.051385
0.187824,-0.336671,-0.051338
0.189774,-0.335293,-0.050534
0.187585,-0.332985,-0.049560
0.186242,-0.331312,-0.050471
0.185078,-0.331503,-0.049371
0.184207,-0.328303,-0.048012
0.184883,-0.327833,-0.047670
0.183261,-0.327410,-0.048952
0.182994,-0.324549,-0.045753
0.183525,-0.322066,-0.046542
0.181882,-0.318856,-0.046915
0.179720,-0.319167,-0.044671
0.179617,-0.317774,-0.045971
0.178954,-0.315224,-0.045511
0.178812,-0.314078,-0.042982
0.176871,-0.313122,-0.045829
0.178323,-0.310225,-0.042140
0.175421,-0.309150,-0.043668
0.177476,-0.307184,-0.042160
0.174094,-0.306372,-0.043355
0.175367,-0.305922,-0.043681
0.172025,-0.303589,-0.043258
0.172186,-0.302403,-0.042567
0.171542,-0.301688,-0.041085
0.170369,-0.297892,-0.042561
0.167578,-0.299808,-0.041562
0.166423,-0.296619,-0.041839
0.167579,-0.295523,-0.043762
0.165025,-0.293276,-0.041396
0.163021,-0.292963,-0.040900
0.161465,-0.292887,-0.042676
0.160719,-0.291416,-0.041168
0.159717,-0.290514,-0.041505
0.160257,-0.289439,-0.042164
0.159422,-0.287939,-0.041471
0.156474,-0.287796,-0.041174
0.155022,-0.288197,-0.042735
0.154038,-0.289196,-0.043316
0.152748,-0.285336,-0.042679
0.149795,-0.284706,-0.044078
0.150550,-0.283519,-0.044485
0.148583,-0.284001,-0.044438
0.144160,-0.281608,-0.044872
0.146587,-0.281696,-0.046518
0.142588,-0.279873,-0.044338
0.142221,-0.279338,-0.047639
0.138945,-0.281680,-0.047254
0.136591,-0.280759,-0.048354
0.134089,-0.278692,-0.049157
0.134563,-0.279563,-0.049046
0.129995,-0.278730,-0.047997
0.128513,-0.277831,-0.052284
0.129257,-0.275829,-0.051089
0.125981,-0.277260,-0.049609
0.124326,-0.271435,-0.050998
0.123460,-0.273437,-0.050208
0.121024,-0.271641,-0.050310
0.120101,-0.272023,-0.051650
0.119540,-0.272160,-0.051921
0.117218,-0.271764,-0.054053
0.114258,-0.270434,-0.054221
0.114415,-0.269617,-0.051778
0.112207,-0.271121,-0.053393
0.110448,-0.269627,-0.056088
0.109905,-0.270115,-0.058886
0.107214,-0.268905,-0.058066
0.105614,-0.266729,-0.058725
0.103345,-0.268418,-0.058766
0.100425,-0.267315,-0.058289
0.099024,-0.267456,-0.058234
0.097284,-0.266198,-0.058605
0.096113,-0.265102,-0.059758
0.096885,-0.263419,-0.058736
0.095740,-0.260866,-0.059820
0.095101,-0.260841,-0.057695
0.091084,-0.259142,-0.058197
0.091281,-0.259678,-0.060196
0.091894,-0.258601,-0.059284
0.090627,-0.256408,-0.061555
0.085143,-0.256348,-0.058009
0.087410,-0.256284,-0.060360
0.084222,-0.251845,-0.060418
0.082987,-0.254005,-0.059149
0.081968,-0.251156,-0.059297
0.083636,-0.248350,-0.060598
0.080142,-0.248218,-0.059468
0.077548,-0.247371,-0.058177
0.078521,-0.245089,-0.059486
0.077924,-0.244525,-0.059560
0.076825,-0.245512,-0.059027
0.078199,-0.241517,-0.059017
0.074215,-0.240368,-0.059245
0.072991,-0.239849,-0.059585
0.071530,-0.239863,-0.058396
0.070118,-0.237673,-0.059905
0.071989,-0.237243,-0.060317
0.068069,-0.235959,-0.060338
0.068412,-0.234298,-0.061086
0.065279,-0.233014,-0.060175
0.063739,-0.233575,-0.057863
0.062614,-0.230930,-0.059140
0.060871,-0.230422,-0.058163
0.060480,-0.229142,-0.060823
0.059787,-0.228091,-0.059635
0.057214,-0.226693,-0.059230
0.057204,-0.225488,-0.059480
0.053447,-0.225711,-0.062381
0.051848,-0.223547,-0.062087
0.050457,-0.223894,-0.060913
0.050506,-0.225169,-0.060148
0.048398,-0.223241,-0.065498
0.047327,-0.222242,-0.063702
0.044664,-0.223127,-0.064345
0.042353,-0.220204,-0.063815
0.039661,-0.222217,-0.066327
0.039057,-0.221322,-0.065676
0.035426,-0.220700,-0.067808
0.035049,-0.221565,-0.069189
0.033134,-0.218829,-0.069230
0.030943,-0.220706,-0.070317
0.029960,-0.221108,-0.069110
0.026010,-0.220676,-0.071442
0.023177,-0.219364,-0.072465
0.023391,-0.219558,-0.070254
0.020237,-0.219463,-0.075498
0.019127,-0.219542,-0.073380
0.015552,-0.216844,-0.074880
0.011090,-0.217461,-0.075924
0.012205,-0.218982,-0.076063
0.008638,-0.217081,-0.076832
0.006263,-0.217709,-0.079491
0.004247,-0.218962,-0.079638
0.002294,-0.217469,-0.080030
0.000067,-0.217282,-0.081327
-0.002223,-0.217591,-0.081682
-0.005732,-0.217215,-0.082927
-0.006548,-0.216720,-0.085536
-0.006936,-0.217831,-0.084500
-0.010520,-0.213816,-0.085538
-0.011149,-0.214033,-0.083596
-0.014096,-0.212770,-0.084452
-0.014924,-0.211313,-0.085386
-0.015748,-0.213070,-0.088270
-0.019718,-0.214738,-0.088447
-0.022678,-0.213573,-0.089732
-0.023121,-0.212578,-0.089079
-0.026423,-0.211580,-0.089211
-0.027768,-0.212260,-0.091495
-0.027338,-0.213353,-0.094341
-0.030321,-0.210565,-0.092036
-0.033329,-0.209669,-0.094032
-0.034529,-0.210605,-0.095618
-0.037841,-0.212477,-0.096997
-0.038810,-0.210249,-0.098365
-0.041090,-0.209787,-0.095598
-0.044170,-0.209928,-0.098840
-0.045120,-0.206877,-0.097820
-0.047341,-0.210460,-0.100799
-0.052042,-0.210083,-0.102201
-0.054934,-0.210257,-0.102426
-0.055343,-0.210581,-0.104020
-0.060596,-0.210141,-0.103934
-0.060776,-0.212211,-0.108531
0.194572,-0.363857,-0.056734
0.193564,-0.362335,-0.058388
0.194033,-0.359411,-0.058203
0.193221,-0.358548,-0.055894
0.192449,-0.356991,-0.056075
0.189478,-0.353647,-0.055833
0.189530,-0.350901,-0.054651
0.189664,-0.351239,-0.054723
0.190243,-0.349851,-0.054900
0.191735,-0.344467,-0.051866
0.189890,-0.344233,-0.051920
0.190147,-0.341723,-0.050263
0.187652,-0.339465,-0.049257
0.187971,-0.340522,-0.049840
0.186762,-0.336779,-0.048882
0.185715,-0.335393,-0.048284
0.186154,-0.333829,-0.049380
0.183298,-0.332523,-0.047286
0.183587,-0.328275,-0.046784
0.182106,-0.328815,-0.046834
0.183344,-0.326711,-0.045781
0.181818,-0.323819,-0.045743
0.180944,-0.323112,-0.046414
0.177891,-0.320179,-0.044879
0.178528,-0.319694,-0.045983
0.180716,-0.319355,-0.044036
0.179145,-0.315201,-0.042226
0.176538,-0.314551,-0.042810
0.177101,-0.313321,-0.044062
0.175609,-0.311737,-0.043556
0.175150,-0.310582,-0.042304
0.173459,-0.308522,-0.041378
0.175028,-0.307440,-0.043002
0.172344,-0.305235,-0.041713
0.171434,-0.306047,-0.040871
0.170282,-0.303522,-0.042481
0.167341,-0.301158,-0.041152
0.168728,-0.302200,-0.042871
0.166724,-0.300870,-0.042258
0.166164,-0.299704,-0.043018
0.164726,-0.299191,-0.041417
0.163704,-0.295752,-0.038347
0.162442,-0.294928,-0.041761
0.162225,-0.294348,-0.041482
0.159607,-0.290820,-0.040697
0.159650,-0.291633,-0.040546
0.158833,-0.289609,-0.042411
0.156466,-0.290478,-0.040813
0.154706,-0.288207,-0.040645
0.153342,-0.287831,-0.045149
0.152925,-0.286064,-0.042617
0.148926,-0.286170,-0.042530
0.149407,-0.287116,-0.044992
0.146890,-0.285104,-0.043687
0.147102,-0.282925,-0.042183
0.144055,-0.283784,-0.045256
0.141973,-0.282017,-0.044979
0.141868,-0.282974,-0.046016
0.139155,-0.282229,-0.046150
0.135986,-0.281406,-0.045529
0.134188,-0.283030,-0.047743
0.132478,-0.281793,-0.047358
0.130396,-0.280554,-0.048131
0.129017,-0.282171,-0.047837
0.128184,-0.281241,-0.048974
0.124934,-0.278972,-0.051518
0.125548,-0.279418,-0.051284
0.123652,-0.276349,-0.051644
0.121595,-0.275327,-0.049868
0.121117,-0.275298,-0.052352
0.119114,-0.275908,-0.051859
0.117527,-0.274889,-0.051634
0.115369,-0.273252,-0.053800
0.113820,-0.273340,-0.052811
0.112752,-0.273520,-0.053389
0.110171,-0.273570,-0.055327
0.107935,-0.271439,-0.055633
0.104462,-0.270834,-0.057191
0.104751,-0.271405,-0.054744
0.102237,-0.271619,-0.058829
0.099572,-0.272101,-0.059111
0.099277,-0.271156,-0.059529
0.096660,-0.267237,-0.058386
0.097556,-0.269029,-0.061310
0.095326,-0.266431,-0.059395
0.094963,-0.265032,-0.059175
0.093128,-0.264296,-0.059356
0.091469,-0.263276,-0.057736
0.091425,-0.260673,-0.060195
0.090042,-0.259981,-0.059416
0.084694,-0.261823,-0.059794
0.085246,-0.259550,-0.061610
0.084850,-0.259073,-0.060165
0.082512,-0.257341,-0.060006
0.081569,-0.255834,-0.059887
0.081086,-0.254711,-0.059817
0.080212,-0.254519,-0.059154
0.078594,-0.253985,-0.062410
0.079255,-0.253154,-0.058693
0.076243,-0.249504,-0.059482
0.075988,-0.249808,-0.057525
0.075996,-0.248357,-0.057083
0.074232,-0.246417,-0.059411
0.071428,-0.242236,-0.059658
0.072655,-0.243690,-0.059527
0.070026,-0.243466,-0.060195
0.070326,-0.241126,-0.059745
0.068025,-0.241909,-0.058780
0.066237,-0.239991,-0.059503
0.063452,-0.237139,-0.058821
0.063992,-0.235805,-0.058118
0.062400,-0.236689,-0.059597
0.060450,-0.236250,-0.059742
0.058158,-0.234840,-0.062168
0.058614,-0.233605,-0.060069
0.057307,-0.230734,-0.059748
0.057153,-0.230424,-0.059809
0.056045,-0.230836,-0.062072
0.055083,-0.229944,-0.061309
0.050834,-0.229973,-0.059979
0.050537,-0.229583,-0.063202
0.048273,-0.226905,-0.062031
0.045791,-0.228791,-0.062309
0.043126,-0.225929,-0.062407
0.042729,-0.226522,-0.064416
0.041172,-0.226295,-0.064518
0.037843,-0.227206,-0.067575
0.035798,-0.223410,-0.067826
0.035584,-0.227101,-0.068991
0.031150,-0.224848,-0.068711
0.030235,-0.226411,-0.071134
0.029196,-0.225713,-0.070573
0.026055,-0.224687,-0.069446
0.026031,-0.223186,-0.071178
0.022573,-0.222519,-0.071488
0.020206,-0.224254,-0.073374
0.017539,-0.222573,-0.074625
0.016371,-0.222095,-0.074110
0.015798,-0.221456,-0.075169
0.013138,-0.223913,-0.075387
0.007922,-0.221810,-0.076951
0.007044,-0.221536,-0.080701
0.006010,-0.220143,-0.078337
0.003445,-0.221469,-0.079817
0.000758,-0.221410,-0.082236
-0.000896,-0.220296,-0.081931
-0.002876,-0.222154,-0.084298
-0.002692,-0.220787,-0.083992
-0.006984,-0.216560,-0.084143
-0.010171,-0.217235,-0.083566
-0.009966,-0.217199,-0.085303
-0.010319,-0.218659,-0.084793
-0.012420,-0.216576,-0.083433
-0.013805,-0.216031,-0.085268
-0.017556,-0.215782,-0.086402
-0.019687,-0.216852,-0.087388
-0.021395,-0.217886,-0.088604
-0.023522,-0.216760,-0.091263
-0.027670,-0.214081,-0.090003
-0.028658,-0.214966,-0.091773
-0.031271,-0.214455,-0.091680
-0.030938,-0.214038,-0.090936
-0.034656,-0.213149,-0.093318
-0.037757,-0.213671,-0.094577
-0.036762,-0.212492,-0.094616
-0.040492,-0.213211,-0.095460
-0.042680,-0.212729,-0.094771
-0.043877,-0.209214,-0.098209
-0.046612,-0.212883,-0.098366
-0.048201,-0.210424,-0.097520
-0.051652,-0.211915,-0.099314
-0.054038,-0.212569,-0.102739
-0.055311,-0.212418,-0.103004
-0.060728,-0.212900,-0.104433
-0.061444,-0.211506,-0.107971
-0.075711,-0.222283,-0.115804
0.191733,-0.362629,-0.056355
0.191874,-0.361040,-0.056169
0.191203,-0.358783,-0.055077
0.189498,-0.357362,-0.055232
0.190634,-0.355300,-0.052132
0.189205,-0.351582,-0.053171
0.188913,-0.354206,-0.051901
0.188669,-0.349308,-0.050605
0.188020,-0.346681,-0.052064
0.187309,-0.344880,-0.049888
0.188942,-0.343510,-0.048756
0.187594,-0.342153,-0.049166
0.185272,-0.339003,-0.049852
0.185760,-0.337352,-0.049633
0.185648,-0.336600,-0.045700
0.183273,-0.335942,-0.046290
0.183795,-0.332217,-0.045476
0.182274,-0.332766,-0.048057
0.181680,-0.329874,-0.046757
0.181457,-0.328132,-0.045928
0.180204,-0.327110,-0.045371
0.178399,-0.324195,-0.045212
0.180474,-0.322470,-0.045271
0.179140,-0.321661,-0.044049
0.177897,-0.319540,-0.043101
0.176217,-0.317726,-0.044128
0.177576,-0.317623,-0.043517
0.175141,-0.315575,-0.042492
0.175045,-0.312607,-0.041747
0.173700,-0.310659,-0.041038
0.173095,-0.309271,-0.041488
0.172386,-0.310889,-0.040933
0.170078,-0.308270,-0.040906
0.167937,-0.304703,-0.041109
0.167978,-0.304909,-0.040873
0.168771,-0.304090,-0.042591
0.165098,-0.304138,-0.040852
0.165575,-0.301204,-0.041695
0.163613,-0.300633,-0.040389
0.165270,-0.300282,-0.042159
0.163868,-0.297375,-0.040209
0.162896,-0.296336,-0.039984
0.160096,-0.296014,-0.040632
0.161347,-0.294181,-0.039628
0.159223,-0.293108,-0.039565
0.157750,-0.292106,-0.039644
0.154279,-0.292355,-0.041365
0.153476,-0.288797,-0.041730
0.150480,-0.290801,-0.041527
0.148758,-0.289808,-0.040463
0.146694,-0.289397,-0.041520
0.149100,-0.286794,-0.041524
0.146250,-0.288372,-0.042251
0.143393,-0.286395,-0.043475
0.142457,-0.286451,-0.043141
0.139731,-0.286706,-0.042708
0.136919,-0.284776,-0.045491
0.137455,-0.285460,-0.045862
0.135688,-0.285286,-0.046883
0.132904,-0.285113,-0.046198
0.130198,-0.284717,-0.050580
0.127525,-0.284790,-0.049509
0.125394,-0.285048,-0.050335
0.125605,-0.282309,-0.051801
0.123449,-0.281916,-0.051100
0.123487,-0.281656,-0.050501
0.120509,-0.280575,-0.050865
0.119233,-0.279645,-0.051288
0.118830,-0.277058,-0.053178
0.115561,-0.278855,-0.051184
0.114740,-0.277470,-0.054738
0.112475,-0.277716,-0.052832
0.110328,-0.275226,-0.055168
0.110497,-0.274997,-0.053524
0.108421,-0.275990,-0.055899
0.106176,-0.276358,-0.056220
0.101399,-0.274452,-0.058663
0.101287,-0.274181,-0.056999
0.099037,-0.275458,-0.060659
0.097779,-0.274110,-0.060308
0.094512,-0.273342,-0.059780
0.092680,-0.273136,-0.059709
0.095166,-0.269632,-0.057898
0.093841,-0.268264,-0.059925
0.092138,-0.268294,-0.058590
0.090097,-0.269449,-0.060060
0.086185,-0.267363,-0.060217
0.085855,-0.264747,-0.059486
0.086225,-0.264894,-0.062247
0.085167,-0.263645,-0.059576
0.084299,-0.264115,-0.060947
0.081574,-0.261910,-0.060009
0.079067,-0.260188,-0.059518
0.080461,-0.258950,-0.059863
0.079518,-0.260300,-0.059646
0.079000,-0.257288,-0.059218
0.077646,-0.253708,-0.058091
0.076220,-0.254162,-0.060869
0.075201,-0.250208,-0.060917
0.071266,-0.252508,-0.057474
0.073157,-0.251585,-0.059247
0.071585,-0.250051,-0.057995
0.070280,-0.246772,-0.058900
0.069905,-0.246391,-0.061625
0.067483,-0.243385,-0.060192
0.066474,-0.242673,-0.061113
0.065373,-0.242558,-0.059070
0.062493,-0.241358,-0.059203
0.062305,-0.241057,-0.059035
0.059775,-0.240870,-0.059105
0.059204,-0.239124,-0.062540
0.060233,-0.237693,-0.060690
0.057487,-0.237201,-0.061620
0.055796,-0.237213,-0.059802
0.054305,-0.234981,-0.061607
0.053302,-0.234717,-0.063075
0.051843,-0.235028,-0.059928
0.050231,-0.234644,-0.062408
0.051437,-0.232838,-0.062538
0.045869,-0.231869,-0.062502
0.044307,-0.230597,-0.064430
0.042250,-0.229982,-0.064723
0.040008,-0.231274,-0.066124
0.038593,-0.231140,-0.065624
0.036634,-0.232458,-0.065743
0.036786,-0.228960,-0.067021
0.032506,-0.229070,-0.068202
0.032895,-0.226560,-0.068938
0.028249,-0.228692,-0.068772
0.026754,-0.229693,-0.071617
0.022643,-0.227231,-0.072056
0.021014,-0.229287,-0.073909
0.019953,-0.226736,-0.072126
0.017280,-0.228100,-0.074126
0.015168,-0.225492,-0.076191
0.013799,-0.227333,-0.073996
0.011881,-0.225826,-0.077011
0.012664,-0.227266,-0.076291
0.008667,-0.227182,-0.078310
0.006215,-0.224597,-0.079858
0.004375,-0.226121,-0.077699
0.002745,-0.225189,-0.079907
0.000093,-0.224338,-0.080097
-0.002479,-0.225424,-0.082438
-0.004906,-0.222936,-0.081493
-0.005144,-0.225495,-0.083434
-0.007327,-0.224708,-0.082234
-0.009153,-0.220632,-0.083577
-0.009284,-0.223229,-0.084510
-0.013408,-0.219648,-0.085229
-0.014324,-0.219116,-0.084550
-0.015403,-0.218815,-0.085290
-0.017856,-0.218770,-0.086920
-0.021370,-0.219456,-0.089898
-0.022542,-0.220686,-0.087172
-0.025541,-0.219541,-0.089896
-0.026326,-0.219209,-0.089796
-0.026979,-0.216790,-0.090618
-0.030561,-0.219239,-0.090971
-0.031940,-0.214970,-0.091970
-0.034027,-0.216786,-0.092101
-0.037961,-0.216542,-0.094487
-0.038737,-0.215171,-0.093608
-0.042512,-0.216592,-0.095951
-0.042160,-0.214148,-0.095556
-0.043286,-0.215188,-0.094144
-0.045388,-0.211981,-0.096447
-0.047640,-0.213223,-0.098661
-0.049811,-0.213587,-0.100440
-0.055670,-0.214367,-0.100177
-0.057787,-0.215211,-0.100894
-0.060130,-0.215541,-0.102497
-0.061617,-0.217154,-0.105356
-0.069982,-0.221314,-0.110809
0.190182,-0.363047,-0.054598
0.190160,-0.360347,-0.054167
0.189215,-0.359336,-0.052864
0.189842,-0.356829,-0.054388
0.186595,-0.356239,-0.053225
0.188409,-0.353264,-0.050264
0.187605,-0.351402,-0.049202
0.186686,-0.349772,-0.050261
0.185964,-0.345874,-0.049937
0.185103,-0.344721,-0.048506
0.185764,-0.341168,-0.048779
0.183314,-0.340672,-0.047934
0.184044,-0.340551,-0.046859
0.183674,-0.339193,-0.046785
0.182848,-0.336522,-0.046317
0.182877,-0.335453,-0.045418
0.183421,-0.332627,-0.044436
0.180711,-0.332187,-0.043349
0.180977,-0.330781,-0.044930
0.180239,-0.327185,-0.043085
0.178840,-0.325398,-0.045037
0.177236,-0.324223,-0.044658
0.177486,-0.323736,-0.041452
0.175693,-0.320560,-0.043070
0.175334,-0.318659,-0.040457
0.176473,-0.317103,-0.041476
0.175072,-0.315610,-0.041053
0.174544,-0.314982,-0.040919
0.172637,-0.311705,-0.040521
0.171869,-0.311809,-0.039934
0.171063,-0.310443,-0.039433
0.169093,-0.309663,-0.039517
0.168578,-0.308205,-0.040002
0.166802,-0.307534,-0.040723
0.165417,-0.305981,-0.039783
0.166144,-0.305096,-0.041163
0.164454,-0.302387,-0.039774
0.162902,-0.302609,-0.040702
0.161969,-0.301466,-0.040429
0.159367,-0.299804,-0.039220
0.158535,-0.297132,-0.039160
0.159487,-0.296229,-0.040810
0.156404,-0.294910,-0.037963
0.156050,-0.295729,-0.040676
0.154566,-0.294663,-0.039351
0.154317,-0.293664,-0.040307
0.149914,-0.293888,-0.039754
0.150320,-0.293236,-0.041914
0.149920,-0.291131,-0.043343
0.147052,-0.291475,-0.040872
0.145575,-0.291209,-0.041675
0.145174,-0.288152,-0.040974
0.141625,-0.288150,-0.044491
0.141053,-0.288283,-0.043658
0.139069,-0.285590,-0.042560
0.137047,-0.287008,-0.045105
0.134125,-0.285813,-0.045501
0.132738,-0.286558,-0.046157
0.129525,-0.287260,-0.046987
0.129336,-0.286308,-0.049107
0.125512,-0.286763,-0.049814
0.123946,-0.287272,-0.049619
0.121400,-0.285768,-0.051507
0.121014,-0.284874,-0.050184
0.120435,-0.284150,-0.049550
0.118094,-0.282330,-0.051466
0.118381,-0.283626,-0.051239
0.115155,-0.280942,-0.053173
0.113813,-0.280633,-0.051721
0.110269,-0.279359,-0.054184
0.111466,-0.278679,-0.054849
0.109661,-0.279117,-0.053716
0.106421,-0.278274,-0.053959
0.104746,-0.279007,-0.055131
0.103113,-0.278390,-0.056394
0.101249,-0.278246,-0.055501
0.097120,-0.276806,-0.058370
0.097923,-0.277077,-0.057568
0.093217,-0.277715,-0.060700
0.092328,-0.276674,-0.060474
0.090906,-0.275767,-0.059462
0.090255,-0.274359,-0.059874
0.089261,-0.271877,-0.061286
0.088250,-0.270222,-0.058202
0.087649,-0.271091,-0.059429
0.085953,-0.269342,-0.059610
0.084287,-0.268301,-0.059764
0.084311,-0.266747,-0.060895
0.081859,-0.266353,-0.060069
0.081918,-0.266816,-0.060922
0.080080,-0.264606,-0.059587
0.078938,-0.262700,-0.061437
0.077252,-0.262126,-0.061550
0.076449,-0.260513,-0.059746
0.074740,-0.259284,-0.061158
0.074450,-0.257990,-0.061232
0.074040,-0.256479,-0.058727
0.072560,-0.254595,-0.061709
0.070943,-0.254064,-0.061990
0.069284,-0.252205,-0.059677
0.068324,-0.252474,-0.061978
0.066234,-0.250612,-0.061731
0.067253,-0.249548,-0.061081
0.065780,-0.249170,-0.059485
0.065053,-0.248599,-0.058274
0.063517,-0.244929,-0.060006
0.060407,-0.245354,-0.059610
0.059948,-0.244159,-0.060757
0.058776,-0.244737,-0.060834
0.058147,-0.240180,-0.059667
0.054726,-0.240185,-0.058663
0.055657,-0.242231,-0.060779
0.054290,-0.238457,-0.060713
0.051477,-0.238198,-0.061883
0.049984,-0.237916,-0.061166
0.048533,-0.237854,-0.060321
0.045512,-0.236188,-0.063959
0.046241,-0.235453,-0.063769
0.043042,-0.235682,-0.063124
0.040118,-0.234097,-0.067185
0.041196,-0.235129,-0.066410
0.036909,-0.232795,-0.065630
0.035899,-0.232603,-0.068138
0.033446,-0.234750,-0.067681
0.030395,-0.234560,-0.068732
0.027574,-0.232535,-0.067543
0.025076,-0.233338,-0.072825
0.023833,-0.232957,-0.071114
0.023540,-0.233372,-0.071583
0.019132,-0.230827,-0.072474
0.018574,-0.231601,-0.074762
0.015944,-0.231296,-0.075163
0.014607,-0.231167,-0.074575
0.014175,-0.229492,-0.076643
0.011136,-0.230801,-0.078545
0.009879,-0.231749,-0.076838
0.008366,-0.231152,-0.076134
0.004739,-0.229114,-0.077319
0.003596,-0.228722,-0.080209
0.000421,-0.229014,-0.079745
-0.000980,-0.228824,-0.080588
-0.003191,-0.226380,-0.081250
-0.003644,-0.227660,-0.080890
-0.006557,-0.227073,-0.082914
-0.009266,-0.224440,-0.082746
-0.010484,-0.225092,-0.084426
-0.011346,-0.225216,-0.084504
-0.013977,-0.223594,-0.085092
-0.013691,-0.222555,-0.084690
-0.015846,-0.221729,-0.084630
-0.017735,-0.224263,-0.085364
-0.022519,-0.223121,-0.087708
-0.023490,-0.222194,-0.087139
-0.023075,-0.220311,-0.089463
-0.027160,-0.220681,-0.087838
-0.028743,-0.219662,-0.090262
-0.031003,-0.220376,-0.090554
-0.032969,-0.218961,-0.090862
-0.034662,-0.218918,-0.092647
-0.039723,-0.219726,-0.093181
-0.039902,-0.219381,-0.093982
-0.039060,-0.218391,-0.095636
-0.041581,-0.218750,-0.092852
-0.044726,-0.217702,-0.096589
-0.047534,-0.215269,-0.095304
-0.048535,-0.214861,-0.098162
-0.050509,-0.217531,-0.098541
-0.051428,-0.218461,-0.098841
-0.056761,-0.217057,-0.102861
-0.059359,-0.216990,-0.100988
-0.061359,-0.219024,-0.103564
-0.067496,-0.218039,-0.104704
-0.079131,-0.231386,-0.117642
0.189091,-0.362742,-0.053915
0.186255,-0.357945,-0.051632
0.187176,-0.359376,-0.052030
0.185736,-0.354864,-0.052888
0.184795,-0.353218,-0.051433
0.187588,-0.351636,-0.049684
0.184551,-0.350726,-0.048908
0.186750,-0.348041,-0.048426
0.185784,-0.344980,-0.048030
0.183236,-0.344127,-0.047509
0.183270,-0.343809,-0.046734
0.183251,-0.340292,-0.045821
0.181097,-0.338462,-0.043915
0.181402,-0.338550,-0.046518
0.180123,-0.335828,-0.045114
0.179383,-0.333152,-0.043920
0.178684,-0.331266,-0.046053
0.178762,-0.329648,-0.042756
0.177099,-0.328250,-0.042798
0.175955,-0.327366,-0.042236
0.175748,-0.327202,-0.043523
0.176326,-0.324116,-0.041321
0.175630,-0.322018,-0.041078
0.174832,-0.318851,-0.041111
0.172217,-0.318744,-0.039516
0.173740,-0.316627,-0.039772
0.173299,-0.316163,-0.039491
0.169658,-0.314183,-0.038717
0.170343,-0.313411,-0.041182
0.168451,-0.312091,-0.037537
0.170160,-0.311164,-0.040344
0.168025,-0.310197,-0.038768
0.168016,-0.308606,-0.037308
0.165382,-0.304790,-0.038541
0.165104,-0.305930,-0.038415
0.163797,-0.305308,-0.037594
0.163270,-0.302593,-0.038942
0.159570,-0.301204,-0.038766
0.160987,-0.301272,-0.039062
0.159016,-0.301019,-0.038479
0.156989,-0.297431,-0.040880
0.155063,-0.295736,-0.037817
0.154877,-0.297725,-0.038815
0.151908,-0.295381,-0.038352
0.152151,-0.293219,-0.040741
0.149348,-0.294204,-0.039195
0.148824,-0.294785,-0.038881
0.147052,-0.292913,-0.041538
0.145731,-0.292850,-0.042137
0.143568,-0.292163,-0.040939
0.142515,-0.291854,-0.041813
0.142019,-0.289137,-0.042300
0.136905,-0.287193,-0.041747
0.135680,-0.289987,-0.042819
0.135154,-0.287918,-0.044443
0.132302,-0.288928,-0.045741
0.131250,-0.289464,-0.046162
0.128082,-0.287802,-0.046603
0.125830,-0.287562,-0.047843
0.124334,-0.287978,-0.048281
0.122219,-0.288178,-0.048310
0.120968,-0.286964,-0.051014
0.119515,-0.285718,-0.049615
0.118726,-0.287110,-0.048855
0.115285,-0.286891,-0.051957
0.116212,-0.285208,-0.049816
0.111591,-0.285922,-0.053378
0.108934,-0.285632,-0.055089
0.110093,-0.283788,-0.052135
0.107101,-0.282835,-0.053874
0.107108,-0.281355,-0.053316
0.105914,-0.281802,-0.053386
0.102205,-0.282353,-0.055851
0.100621,-0.280918,-0.057401
0.098687,-0.281078,-0.056818
0.093151,-0.280964,-0.057614
0.093136,-0.280459,-0.060136
0.091005,-0.278744,-0.058535
0.090121,-0.281487,-0.059387
0.089558,-0.278268,-0.058496
0.087764,-0.276841,-0.061837
0.085654,-0.276758,-0.059206
0.085697,-0.274175,-0.060815
0.083524,-0.272087,-0.061551
0.081875,-0.272773,-0.061526
0.082285,-0.272663,-0.061420
0.081367,-0.270966,-0.059836
0.079183,-0.268198,-0.061542
0.079175,-0.268710,-0.061398
0.078463,-0.267377,-0.061531
0.075878,-0.266958,-0.059247
0.075559,-0.264175,-0.060169
0.075585,-0.262176,-0.059213
0.074110,-0.261741,-0.059123
0.072357,-0.261478,-0.061179
0.070822,-0.257889,-0.058618
0.069823,-0.258285,-0.060940
0.069942,-0.256398,-0.059792
0.066662,-0.257471,-0.059517
0.064554,-0.254988,-0.058897
0.064033,-0.251948,-0.059725
0.062289,-0.252497,-0.060136
0.061725,-0.252666,-0.060083
0.061436,-0.248847,-0.060908
0.060392,-0.248730,-0.060080
0.059609,-0.248949,-0.061045
0.057821,-0.248433,-0.061386
0.056595,-0.246289,-0.062040
0.054809,-0.243871,-0.061465
0.052453,-0.243109,-0.061626
0.051944,-0.242720,-0.061809
0.050125,-0.244495,-0.060875
0.050057,-0.242642,-0.061883
0.045573,-0.241426,-0.063384
0.046939,-0.241200,-0.062741
0.044725,-0.238985,-0.064628
0.042067,-0.239690,-0.064777
0.038517,-0.237899,-0.066049
0.037310,-0.238569,-0.066774
0.035578,-0.238569,-0.066361
0.032299,-0.238757,-0.067640
0.031243,-0.238958,-0.067839
0.031066,-0.238475,-0.070649
0.026330,-0.236752,-0.070171
0.025413,-0.237602,-0.070535
0.023547,-0.237904,-0.070357
0.021693,-0.235831,-0.070335
0.019546,-0.235218,-0.071948
0.017983,-0.234778,-0.072374
0.014345,-0.234672,-0.072495
0.013817,-0.235569,-0.073683
0.012834,-0.233313,-0.074730
0.008558,-0.235777,-0.076461
0.008289,-0.232936,-0.075666
0.004855,-0.232440,-0.077294
0.004057,-0.234345,-0.078825
0.000905,-0.231827,-0.078128
-0.001228,-0.231873,-0.078750
-0.002540,-0.231533,-0.080466
-0.003061,-0.229377,-0.080580
-0.007251,-0.230727,-0.081568
-0.007291,-0.232271,-0.081498
-0.009531,-0.230166,-0.082937
-0.011353,-0.230812,-0.082330
-0.013287,-0.228937,-0.083584
-0.013844,-0.226742,-0.083559
-0.014336,-0.225352,-0.083857
-0.016777,-0.225666,-0.084400
-0.020535,-0.225093,-0.085664
-0.023432,-0.224261,-0.086489
-0.023018,-0.225194,-0.086654
-0.025169,-0.223171,-0.087774
-0.027526,-0.226418,-0.090249
-0.029934,-0.222883,-0.088966
-0.029221,-0.222504,-0.089374
-0.035007,-0.221922,-0.088914
-0.034153,-0.222758,-0.089266
-0.039279,-0.220708,-0.091965
-0.039177,-0.220717,-0.091679
-0.040050,-0.219407,-0.094249
-0.042371,-0.220927,-0.094231
-0.043019,-0.218850,-0.093777
-0.047477,-0.216810,-0.094418
-0.049197,-0.219212,-0.094473
-0.049741,-0.217404,-0.097181
-0.053824,-0.218098,-0.099776
-0.056880,-0.219408,-0.099728
-0.060299,-0.219563,-0.099534
-0.061250,-0.221359,-0.100405
-0.064549,-0.220511,-0.102607
-0.075358,-0.229662,-0.112370
0.189440,-0.359922,-0.049876
0.186559,-0.358832,-0.049910
0.187802,-0.357901,-0.050274
0.186052,-0.355146,-0.047747
0.185193,-0.355665,-0.047235
0.185132,-0.349893,-0.045324
0.184550,-0.349381,-0.046410
0.183974,-0.348473,-0.047177
0.183019,-0.345997,-0.046657
0.181605,-0.343474,-0.042375
0.183026,-0.342825,-0.044087
0.182223,-0.343074,-0.043892
0.180778,-0.339251,-0.044344
0.179255,-0.335268,-0.044011
0.179453,-0.335122,-0.042383
0.176695,-0.332335,-0.041608
0.177015,-0.333052,-0.043356
0.177451,-0.329288,-0.043001
0.176683,-0.329092,-0.042480
0.175444,-0.328052,-0.042455
0.175642,-0.324562,-0.040405
0.174905,-0.322438,-0.038635
0.172918,-0.322488,-0.039192
0.173766,-0.321217,-0.039437
0.173091,-0.319640,-0.037691
0.170813,-0.316784,-0.037106
0.170015,-0.316018,-0.038641
0.169214,-0.314851,-0.039190
0.166955,-0.313136,-0.038014
0.165764,-0.311325,-0.038944
0.165988,-0.309910,-0.038302
0.163408,-0.308023,-0.035583
0.162643,-0.309215,-0.036296
0.161211,-0.307574,-0.039449
0.160175,-0.306166,-0.036943
0.158791,-0.304196,-0.038095
0.159502,-0.304226,-0.039241
0.154910,-0.304054,-0.037437
0.155896,-0.301084,-0.037171
0.157589,-0.297522,-0.036336
0.154147,-0.299634,-0.038154
0.152481,-0.299156,-0.039004
0.151630,-0.296387,-0.039092
0.149336,-0.298215,-0.040487
0.149145,-0.297708,-0.039958
0.146240,-0.297094,-0.038825
0.143016,-0.295515,-0.039905
0.142801,-0.294236,-0.040811
0.143030,-0.291595,-0.041746
0.138675,-0.292448,-0.041664
0.139018,-0.290938,-0.042729
0.137850,-0.292377,-0.041700
0.135758,-0.292322,-0.043743
0.132653,-0.291633,-0.043679
0.130770,-0.293389,-0.045790
0.130464,-0.290922,-0.045295
0.125261,-0.292186,-0.048303
0.125081,-0.293076,-0.048484
0.122087,-0.290349,-0.048111
0.120041,-0.289530,-0.049649
0.117018,-0.287926,-0.049559
0.117888,-0.288729,-0.050623
0.115702,-0.289968,-0.050640
0.114235,-0.289475,-0.051332
0.111034,-0.286555,-0.050692
0.111566,-0.285346,-0.052574
0.107092,-0.287506,-0.052852
0.107550,-0.286597,-0.054347
0.105254,-0.284897,-0.053193
0.103387,-0.284156,-0.054917
0.099052,-0.284059,-0.055914
0.099756,-0.284996,-0.057323
0.094489,-0.287200,-0.059794
0.092547,-0.286468,-0.060412
0.093027,-0.282742,-0.059905
0.091169,-0.283614,-0.059453
0.088404,-0.286421,-0.061005
0.087332,-0.282963,-0.060226
0.085700,-0.280709,-0.060061
0.084753,-0.280998,-0.059441
0.082693,-0.279373,-0.059514
0.081601,-0.278893,-0.060254
0.082809,-0.277559,-0.060263
0.079629,-0.276706,-0.061898
0.078502,-0.275881,-0.060692
0.078055,-0.274771,-0.062251
0.077487,-0.273823,-0.060781
0.076315,-0.270317,-0.061403
0.074651,-0.269132,-0.061494
0.073307,-0.268148,-0.060265
0.073146,-0.266129,-0.058841
0.070089,-0.267006,-0.060005
0.071853,-0.264999,-0.059074
0.069189,-0.261952,-0.061624
0.068801,-0.261735,-0.059372
0.067098,-0.261205,-0.059917
0.066009,-0.258035,-0.059516
0.063527,-0.257898,-0.060312
0.063896,-0.257009,-0.061459
0.061232,-0.255664,-0.059932
0.061978,-0.255277,-0.060321
0.059217,-0.252245,-0.058868
0.057553,-0.253732,-0.060665
0.057518,-0.253795,-0.061144
0.055681,-0.250903,-0.062332
0.053908,-0.250646,-0.060677
0.051054,-0.249974,-0.060270
0.049726,-0.248167,-0.062607
0.048269,-0.246335,-0.062122
0.048316,-0.244248,-0.063624
0.047213,-0.247678,-0.061874
0.045503,-0.244995,-0.063663
0.043514,-0.244654,-0.064191
0.041258,-0.244616,-0.065291
0.038910,-0.243304,-0.064908
0.038020,-0.242863,-0.065414
0.037455,-0.244605,-0.066591
0.033252,-0.243219,-0.067830
0.031151,-0.244029,-0.069380
0.028620,-0.241980,-0.067283
0.027473,-0.242048,-0.070523
0.025260,-0.242469,-0.071072
0.023697,-0.241967,-0.071958
0.021604,-0.240990,-0.072489
0.019442,-0.240521,-0.073505
0.018690,-0.239792,-0.073167
0.016487,-0.238199,-0.071494
0.013364,-0.237840,-0.075168
0.014142,-0.238221,-0.074259
0.011957,-0.237267,-0.075020
0.009157,-0.237950,-0.075263
0.006417,-0.234187,-0.076015
0.006062,-0.236775,-0.077437
0.002355,-0.237985,-0.079086
0.000247,-0.235370,-0.078657
-0.000924,-0.235887,-0.080790
-0.003378,-0.235907,-0.081075
-0.004581,-0.233840,-0.081972
-0.005749,-0.234802,-0.084321
-0.009211,-0.232342,-0.082369
-0.009980,-0.233748,-0.082339
-0.011081,-0.233705,-0.081592
-0.013046,-0.230283,-0.083546
-0.016376,-0.228835,-0.083164
-0.016236,-0.230725,-0.083529
-0.018671,-0.231501,-0.085913
-0.020009,-0.230406,-0.085603
-0.022145,-0.228456,-0.086382
-0.023814,-0.228025,-0.087870
-0.027807,-0.227276,-0.088244
-0.028990,-0.228089,-0.089178
-0.031934,-0.227158,-0.089772
-0.032526,-0.225650,-0.090503
-0.031592,-0.225404,-0.090020
-0.034870,-0.225354,-0.091218
-0.039106,-0.224055,-0.092379
-0.040342,-0.223964,-0.090919
-0.041970,-0.222421,-0.091228
-0.043153,-0.220400,-0.093439
-0.045649,-0.220356,-0.093743
-0.047570,-0.222666,-0.093491
-0.048109,-0.221251,-0.096902
-0.050751,-0.222190,-0.095261
-0.054208,-0.222812,-0.095282
-0.056007,-0.221170,-0.097786
-0.057506,-0.221562,-0.098898
-0.062086,-0.222571,-0.101205
-0.065872,-0.223598,-0.102272
-0.072191,-0.227755,-0.108322
0.185757,-0.360252,-0.049862
0.186752,-0.356982,-0.049106
0.185949,-0.356548,-0.047784
0.185202,-0.354088,-0.047938
0.183272,-0.351322,-0.047292
0.183879,-0.351339,-0.046057
0.183396,-0.348445,-0.045913
0.180393,-0.345098,-0.044067
0.180041,-0.345309,-0.043728
0.180601,-0.344978,-0.041526
0.179823,-0.341989,-0.044609
0.179551,-0.340091,-0.040755
0.179443,-0.337405,-0.043139
0.178607,-0.337229,-0.042387
0.175603,-0.334353,-0.040172
0.177529,-0.332488,-0.040096
0.176846,-0.331892,-0.040790
0.175514,-0.330761,-0.041429
0.174756,-0.328406,-0.039923
0.172804,-0.325376,-0.038558
0.173175,-0.326446,-0.039352
0.172002,-0.323339,-0.038583
0.172181,-0.321715,-0.037793
0.169917,-0.320184,-0.037171
0.169149,-0.320034,-0.035383
0.169002,-0.316894,-0.037221
0.166246,-0.317266,-0.036704
0.165971,-0.313569,-0.038436
0.165421,-0.314521,-0.035916
0.165383,-0.313719,-0.036689
0.163416,-0.312355,-0.038599
0.163949,-0.309952,-0.035527
0.161171,-0.309338,-0.036013
0.160147,-0.307989,-0.038139
0.159701,-0.307610,-0.037812
0.158362,-0.303891,-0.035883
0.157614,-0.304976,-0.035795
0.155298,-0.303414,-0.038129
0.153916,-0.302065,-0.037814
0.152694,-0.299670,-0.038435
0.148925,-0.302404,-0.037635
0.148981,-0.299985,-0.037289
0.146750,-0.298483,-0.038810
0.146699,-0.296443,-0.039610
0.144269,-0.296215,-0.039367
0.142009,-0.297465,-0.040063
0.141060,-0.295788,-0.038417
0.140416,-0.296897,-0.041217
0.137144,-0.294185,-0.040596
0.137357,-0.293989,-0.040905
0.134407,-0.293352,-0.042016
0.131899,-0.293319,-0.042799
0.130170,-0.294639,-0.043941
0.128624,-0.291447,-0.044925
0.124049,-0.291983,-0.046615
0.122904,-0.293878,-0.047980
0.121213,-0.294404,-0.047805
0.121035,-0.293326,-0.049242
0.118638,-0.291694,-0.047796
0.116033,-0.292695,-0.050419
0.114188,-0.291946,-0.050591
0.111344,-0.291440,-0.051155
0.111516,-0.291815,-0.051731
0.108747,-0.290666,-0.051503
0.107445,-0.289771,-0.051719
0.105594,-0.288772,-0.053400
0.103340,-0.289676,-0.053544
0.103049,-0.287845,-0.053656
0.101480,-0.287745,-0.054777
0.097706,-0.287014,-0.056129
0.093008,-0.289766,-0.059059
0.091834,-0.288893,-0.061151
0.088695,-0.290330,-0.062607
0.086540,-0.290610,-0.061048
0.085722,-0.287036,-0.060578
0.084146,-0.288187,-0.064119
0.082887,-0.286231,-0.061884
0.082121,-0.284698,-0.064000
0.081965,-0.284909,-0.061475
0.080081,-0.281105,-0.061504
0.078826,-0.281636,-0.062564
0.078299,-0.281063,-0.060180
0.076160,-0.279670,-0.060808
0.074867,-0.278466,-0.062208
0.073284,-0.276401,-0.062371
0.073117,-0.275868,-0.059745
0.071597,-0.275155,-0.061641
0.071948,-0.271413,-0.060403
0.070060,-0.270519,-0.059890
0.070221,-0.269910,-0.059898
0.070653,-0.268506,-0.060768
0.069378,-0.266046,-0.060444
0.068023,-0.266287,-0.059874
0.067179,-0.263221,-0.060424
0.064782,-0.263807,-0.057848
0.062004,-0.260962,-0.060416
0.059924,-0.262133,-0.061564
0.058548,-0.259997,-0.062381
0.059586,-0.258130,-0.058790
0.057819,-0.255837,-0.061221
0.054936,-0.254198,-0.059045
0.054852,-0.255038,-0.060412
0.053286,-0.254544,-0.061386
0.051063,-0.253729,-0.060209
0.051913,-0.252565,-0.061437
0.050984,-0.254355,-0.062470
0.048911,-0.252828,-0.062217
0.045996,-0.251692,-0.062928
0.045495,-0.250830,-0.064188
0.043486,-0.249788,-0.062516
0.040920,-0.249034,-0.064169
0.041365,-0.248301,-0.063550
0.036367,-0.247540,-0.065212
0.036923,-0.248230,-0.067014
0.032329,-0.248088,-0.067623
0.030383,-0.246321,-0.066311
0.028776,-0.246611,-0.071323
0.025098,-0.248858,-0.070556
0.022294,-0.246780,-0.071064
0.023702,-0.248541,-0.070680
0.020589,-0.246070,-0.072131
0.018571,-0.244984,-0.071446
0.019148,-0.244669,-0.073395
0.016126,-0.241540,-0.072371
0.017088,-0.243502,-0.072299
0.013737,-0.242044,-0.074248
0.010797,-0.242372,-0.074240
0.009548,-0.242311,-0.076601
0.006252,-0.242644,-0.077862
0.002493,-0.241923,-0.078389
0.001206,-0.241417,-0.076399
0.000279,-0.240255,-0.079523
-0.000037,-0.240010,-0.078553
-0.002180,-0.239743,-0.079206
-0.003077,-0.239924,-0.081060
-0.006652,-0.240412,-0.080723
-0.007654,-0.237731,-0.080924
-0.009378,-0.237676,-0.081739
-0.011622,-0.236603,-0.081846
-0.012967,-0.236655,-0.081241
-0.014298,-0.232505,-0.085248
-0.014236,-0.234274,-0.082218
-0.018426,-0.232740,-0.083518
-0.018281,-0.232599,-0.083647
-0.021425,-0.231962,-0.085707
-0.023932,-0.231680,-0.086624
-0.025388,-0.232156,-0.085971
-0.028188,-0.231632,-0.087248
-0.028864,-0.232142,-0.086600
-0.030573,-0.230285,-0.087802
-0.033269,-0.226594,-0.087628
-0.033253,-0.227634,-0.088112
-0.036263,-0.226770,-0.088810
-0.039334,-0.226711,-0.089891
-0.039790,-0.227347,-0.091541
-0.042745,-0.225873,-0.093230
-0.043962,-0.226099,-0.091989
-0.045170,-0.224955,-0.092203
-0.047862,-0.224172,-0.094206
-0.048936,-0.222134,-0.092801
-0.052497,-0.223449,-0.095210
-0.053336,-0.223776,-0.095383
-0.055775,-0.224096,-0.095953
-0.057774,-0.223621,-0.098950
-0.062507,-0.226433,-0.099296
-0.064494,-0.223665,-0.100933
-0.069407,-0.226348,-0.102180
-0.080971,-0.235581,-0.115105
0.184599,-0.360757,-0.047417
0.185348,-0.359840,-0.046681
0.182564,-0.358081,-0.047236
0.184415,-0.353884,-0.044925
0.181705,-0.349209,-0.044723
0.182400,-0.349557,-0.045528
0.181399,-0.348678,-0.044848
0.180170,-0.345758,-0.041859
0.180431,-0.344548,-0.043952
0.176609,-0.343663,-0.042964
0.179775,-0.341572,-0.040505
0.178118,-0.339865,-0.040212
0.176484,-0.339590,-0.041826
0.176894,-0.333896,-0.041608
0.177585,-0.333184,-0.040560
0.174581,-0.334083,-0.038620
0.173622,-0.330320,-0.039860
0.174380,-0.329073,-0.040019
0.173943,-0.328463,-0.039196
0.170920,-0.329381,-0.038299
0.170037,-0.326777,-0.037397
0.170416,-0.323547,-0.037947
0.170007,-0.320516,-0.038452
0.166516,-0.319851,-0.036129
0.165684,-0.317007,-0.035217
0.165805,-0.319692,-0.035730
0.165436,-0.317529,-0.034414
0.164181,-0.316965,-0.036591
0.164686,-0.313307,-0.035027
0.161730,-0.312899,-0.036016
0.161082,-0.311779,-0.037567
0.157176,-0.310288,-0.036135
0.159258,-0.309852,-0.034880
0.155397,-0.307916,-0.035127
0.156611,-0.305127,-0.036137
0.154871,-0.305384,-0.036604
0.152757,-0.303958,-0.035426
0.152153,-0.302941,-0.036279
0.151415,-0.303447,-0.039222
0.151682,-0.301317,-0.037379
0.148323,-0.301631,-0.037502
0.144068,-0.301966,-0.038686
0.143820,-0.300302,-0.036883
0.144711,-0.300162,-0.037981
0.141190,-0.297974,-0.039056
0.139928,-0.297299,-0.040110
0.138917,-0.298354,-0.040116
0.138595,-0.295483,-0.040862
0.135524,-0.296521,-0.040582
0.133447,-0.295032,-0.043023
0.128600,-0.296917,-0.042715
0.127391,-0.295112,-0.043599
0.126678,-0.296859,-0.044207
0.124947,-0.296380,-0.044249
0.122002,-0.293719,-0.046763
0.119626,-0.294480,-0.048227
0.119506,-0.296346,-0.048229
0.115496,-0.294924,-0.049332
0.112998,-0.295695,-0.051472
0.111567,-0.296660,-0.050114
0.110322,-0.294183,-0.049392
0.107199,-0.292813,-0.051331
0.107465,-0.293195,-0.052843
0.105828,-0.292365,-0.052929
0.104431,-0.291744,-0.051242
0.100498,-0.290610,-0.053838
0.099441,-0.291346,-0.053406
0.097692,-0.290118,-0.053888
0.093717,-0.292365,-0.057549
0.090200,-0.294911,-0.060587
0.087096,-0.295165,-0.062681
0.084045,-0.295768,-0.064200
0.081906,-0.296414,-0.063133
0.079887,-0.294397,-0.065713
0.075960,-0.296277,-0.066013
0.076267,-0.294039,-0.065574
0.079514,-0.289607,-0.061712
0.078775,-0.285085,-0.062224
0.077123,-0.284768,-0.063801
0.076241,-0.286086,-0.063563
0.073479,-0.283114,-0.060848
0.074419,-0.283274,-0.062122
0.071905,-0.280617,-0.061276
0.070270,-0.280825,-0.062604
0.070428,-0.278786,-0.061978
0.070909,-0.276444,-0.061553
0.067613,-0.274566,-0.062299
0.067499,-0.273845,-0.059719
0.068192,-0.271804,-0.059704
0.066845,-0.269618,-0.060388
0.066080,-0.268368,-0.060307
0.064867,-0.266752,-0.060234
0.063019,-0.267604,-0.060445
0.062238,-0.267317,-0.061154
0.059325,-0.264291,-0.058974
0.059125,-0.263739,-0.059390
0.058948,-0.262492,-0.061448
0.057181,-0.261012,-0.059239
0.056092,-0.260288,-0.061598
0.053070,-0.261381,-0.060129
0.051246,-0.258626,-0.062367
0.050981,-0.257620,-0.060235
0.050794,-0.256968,-0.059520
0.047818,-0.256216,-0.060492
0.045275,-0.255156,-0.063714
0.044875,-0.254796,-0.062969
0.041979,-0.254785,-0.064417
0.040507,-0.253808,-0.064299
0.040676,-0.252468,-0.065771
0.036201,-0.252009,-0.066772
0.034651,-0.253517,-0.066284
0.034567,-0.253678,-0.066139
0.029807,-0.251260,-0.070500
0.029521,-0.252729,-0.068965
0.025755,-0.251649,-0.070559
0.024597,-0.251965,-0.071482
0.022459,-0.252094,-0.072560
0.021578,-0.250862,-0.071347
0.019810,-0.248597,-0.072480
0.016934,-0.249851,-0.073758
0.016049,-0.246952,-0.073296
0.015725,-0.246171,-0.074268
0.013049,-0.246075,-0.073323
0.010868,-0.246263,-0.074931
0.007859,-0.246989,-0.077756
0.004204,-0.247939,-0.080607
0.003837,-0.247089,-0.077281
0.001984,-0.247338,-0.078246
0.000062,-0.244702,-0.077928
-0.001814,-0.245169,-0.078493
-0.000977,-0.241675,-0.079059
-0.004948,-0.243136,-0.080145
-0.007058,-0.244649,-0.080495
-0.006419,-0.242712,-0.079636
-0.009063,-0.240953,-0.081144
-0.011592,-0.239692,-0.083637
-0.010131,-0.239151,-0.081708
-0.014449,-0.238604,-0.080226
-0.014849,-0.238626,-0.083112
-0.014382,-0.236852,-0.082785
-0.016908,-0.237081,-0.084785
-0.020830,-0.235210,-0.082275
-0.023018,-0.235650,-0.086465
-0.025320,-0.235345,-0.085187
-0.029237,-0.236703,-0.086626
-0.029659,-0.233650,-0.086873
-0.029512,-0.233208,-0.089133
-0.031729,-0.231658,-0.086965
-0.032619,-0.231857,-0.087607
-0.034287,-0.230432,-0.088097
-0.034075,-0.229523,-0.089633
-0.039368,-0.230391,-0.089594
-0.039199,-0.229694,-0.088158
-0.041528,-0.229940,-0.090806
-0.044362,-0.227268,-0.090754
-0.044819,-0.227116,-0.090273
-0.048704,-0.229201,-0.092859
-0.048892,-0.225054,-0.092172
-0.051067,-0.227455,-0.091394
-0.054374,-0.225051,-0.093829
-0.054728,-0.228330,-0.094717
-0.058907,-0.225687,-0.097825
-0.060695,-0.225017,-0.098642
-0.063594,-0.225176,-0.101066
-0.066838,-0.226229,-0.099782
-0.077592,-0.236942,-0.109906
0.182576,-0.357819,-0.045258
0.183887,-0.357656,-0.043723
0.183176,-0.356263,-0.045763
0.181089,-0.351180,-0.044438
0.180819,-0.349995,-0.042540
0.181360,-0.349385,-0.042392
0.178587,-0.346394,-0.040220
0.177295,-0.344792,-0.040184
0.177216,-0.345817,-0.043019
0.177373,-0.342075,-0.039002
0.174456,-0.340846,-0.040394
0.176054,-0.339002,-0.038057
0.173509,-0.339369,-0.040041
0.173537,-0.336447,-0.038193
0.172118,-0.332272,-0.037959
0.173447,-0.334135,-0.036155
0.172798,-0.331056,-0.037170
0.171226,-0.329541,-0.038487
0.170281,-0.327797,-0.037207
0.169584,-0.326033,-0.036524
0.166629,-0.324877,-0.036339
0.166644,-0.324112,-0.036415
0.166874,-0.321267,-0.036351
0.166831,-0.320862,-0.037361
0.163728,-0.318207,-0.036207
0.163907,-0.317562,-0.033818
0.161936,-0.317014,-0.035750
0.160121,-0.317178,-0.034733
0.160599,-0.313659,-0.037638
0.158933,-0.311939,-0.034272
0.156353,-0.312025,-0.035768
0.157888,-0.309205,-0.034724
0.157403,-0.309540,-0.035371
0.156240,-0.307374,-0.035201
0.153184,-0.307050,-0.035896
0.151864,-0.306558,-0.034162
0.150152,-0.304885,-0.035658
0.148007,-0.303669,-0.035448
0.149042,-0.304875,-0.036595
0.144527,-0.303051,-0.037206
0.146183,-0.302253,-0.038625
0.143577,-0.301019,-0.037856
0.142155,-0.300841,-0.038470
0.140024,-0.301713,-0.038027
0.138154,-0.300440,-0.037522
0.136401,-0.299225,-0.038473
0.134573,-0.299123,-0.039623
0.134339,-0.297826,-0.039278
0.130544,-0.297318,-0.041527
0.128847,-0.297891,-0.043024
0.127142,-0.299542,-0.044284
0.125190,-0.299956,-0.044367
0.119029,-0.299142,-0.045212
0.117673,-0.297328,-0.044300
0.117580,-0.298800,-0.046765
0.116074,-0.297637,-0.049924
0.114973,-0.295934,-0.049791
0.109596,-0.297628,-0.047918
0.109114,-0.298927,-0.049183
0.108590,-0.295801,-0.049925
0.106430,-0.295065,-0.053096
0.104310,-0.296138,-0.049887
0.102880,-0.295270,-0.050748
0.098083,-0.294310,-0.053093
0.097669,-0.294083,-0.052786
0.098133,-0.291776,-0.056098
0.094181,-0.295021,-0.055334
0.089911,-0.298055,-0.058957
0.087524,-0.296945,-0.059636
0.081092,-0.298755,-0.063172
0.078852,-0.297548,-0.063112
0.076657,-0.299987,-0.066298
0.074643,-0.300309,-0.067110
0.069118,-0.301355,-0.071050
0.067043,-0.304271,-0.072579
0.069324,-0.300328,-0.066444
0.071369,-0.294616,-0.067470
0.072435,-0.290662,-0.062202
0.071423,-0.288027,-0.064628
0.072292,-0.289326,-0.063237
0.069575,-0.286721,-0.063054
0.068374,-0.283177,-0.062071
0.067803,-0.284913,-0.062403
0.067633,-0.282694,-0.062501
0.065859,-0.281446,-0.063211
0.063804,-0.279024,-0.060372
0.065348,-0.277272,-0.060204
0.065557,-0.275375,-0.061520
0.062963,-0.271287,-0.060311
0.061014,-0.271612,-0.058976
0.061342,-0.271115,-0.060019
0.061282,-0.270710,-0.059318
0.058439,-0.268605,-0.061350
0.057771,-0.268559,-0.060040
0.053819,-0.267828,-0.060233
0.055390,-0.266513,-0.060839
0.055973,-0.265150,-0.060914
0.053659,-0.265575,-0.060039
0.051139,-0.263764,-0.062609
0.047964,-0.261092,-0.060951
0.048302,-0.260972,-0.062042
0.046037,-0.259823,-0.062476
0.045334,-0.259111,-0.063406
0.044953,-0.258467,-0.064046
0.041669,-0.258878,-0.062714
0.039170,-0.258109,-0.065672
0.038679,-0.257491,-0.066021
0.035065,-0.257141,-0.066013
0.033488,-0.256923,-0.066989
0.030783,-0.257775,-0.068529
0.028921,-0.256363,-0.069104
0.026355,-0.256452,-0.069394
0.024239,-0.257292,-0.070903
0.021905,-0.254916,-0.070977
0.021648,-0.256307,-0.071308
0.019846,-0.254518,-0.072999
0.019002,-0.253803,-0.073999
0.015152,-0.253474,-0.072988
0.015275,-0.255531,-0.073452
0.010605,-0.252622,-0.075657
0.009277,-0.252817,-0.074314
0.007084,-0.252815,-0.079072
0.004474,-0.251908,-0.075830
0.002871,-0.252658,-0.079269
0.002905,-0.248771,-0.078001
0.001922,-0.248162,-0.078122
0.000227,-0.248392,-0.078699
-0.002004,-0.249073,-0.078886
-0.005677,-0.247243,-0.078703
-0.005077,-0.247477,-0.078914
-0.006619,-0.244705,-0.081897
-0.008840,-0.244159,-0.078252
-0.009924,-0.243849,-0.078372
-0.012385,-0.243340,-0.081188
-0.013668,-0.243659,-0.080535
-0.014987,-0.239728,-0.082334
-0.017128,-0.240593,-0.083177
-0.018959,-0.240133,-0.083613
-0.018940,-0.238485,-0.084309
-0.020993,-0.238656,-0.082557
-0.024669,-0.238860,-0.083717
-0.026412,-0.238557,-0.084103
-0.026665,-0.236680,-0.085153
-0.030195,-0.237125,-0.085598
-0.030867,-0.234975,-0.085541
-0.032954,-0.236516,-0.085786
-0.033867,-0.234815,-0.084919
-0.033574,-0.232694,-0.086564
-0.037340,-0.232889,-0.089395
-0.040038,-0.232434,-0.089696
-0.040880,-0.230953,-0.088846
-0.040248,-0.231637,-0.088152
-0.044227,-0.231010,-0.088912
-0.046117,-0.230282,-0.091085
-0.047967,-0.230505,-0.091636
-0.050564,-0.228299,-0.092410
-0.052770,-0.228971,-0.090537
-0.052205,-0.226445,-0.094505
-0.056181,-0.228947,-0.094057
-0.058701,-0.228541,-0.095299
-0.059708,-0.229546,-0.096910
-0.063502,-0.228221,-0.099102
-0.065482,-0.229536,-0.099922
-0.072841,-0.233210,-0.105757
0.181561,-0.357382,-0.044613
0.179887,-0.355817,-0.042916
0.180951,-0.352096,-0.043197
0.177665,-0.353979,-0.041794
0.177451,-0.350397,-0.040481
0.177225,-0.349945,-0.040456
0.176608,-0.348651,-0.040441
0.176016,-0.344407,-0.040167
0.175436,-0.342753,-0.038286
0.176765,-0.341312,-0.040332
0.174088,-0.339962,-0.037799
0.173842,-0.339217,-0.039668
0.173059,-0.335389,-0.037758
0.172505,-0.335068,-0.036878
0.171796,-0.332569,-0.036009
0.170755,-0.331671,-0.035262
0.170110,-0.330752,-0.036029
0.169766,-0.327980,-0.036493
0.169214,-0.326650,-0.034824
0.167120,-0.325121,-0.036294
0.163738,-0.324641,-0.036301
0.166723,-0.323720,-0.035413
0.165428,-0.320985,-0.035441
0.163196,-0.320488,-0.034373
0.162221,-0.319016,-0.034687
0.161068,-0.318274,-0.033777
0.158413,-0.317602,-0.034949
0.158426,-0.315848,-0.036969
0.159155,-0.314104,-0.035804
0.156923,-0.314311,-0.033089
0.156341,-0.312818,-0.034838
0.155066,-0.309534,-0.032778
0.153605,-0.309556,-0.035274
0.152352,-0.308324,-0.035874
0.150739,-0.309357,-0.035653
0.147373,-0.306398,-0.035847
0.146083,-0.307331,-0.035630
0.147126,-0.306996,-0.034251
0.144134,-0.305482,-0.036100
0.141848,-0.306395,-0.036122
0.140230,-0.304453,-0.036485
0.140135,-0.302581,-0.038750
0.136365,-0.304307,-0.038981
0.135494,-0.302345,-0.038760
0.134801,-0.299191,-0.038736
0.132157,-0.301494,-0.038349
0.128638,-0.300132,-0.040100
0.128470,-0.301690,-0.040525
0.126530,-0.300841,-0.042964
0.123167,-0.298729,-0.044057
0.121599,-0.300953,-0.047068
0.116842,-0.300863,-0.045181
0.117829,-0.301471,-0.046828
0.116630,-0.299894,-0.047658
0.111500,-0.300870,-0.048463
0.111610,-0.300888,-0.049749
0.108717,-0.300427,-0.051016
0.106999,-0.299574,-0.050310
0.103880,-0.298864,-0.051900
0.105329,-0.297979,-0.051933
0.100142,-0.298243,-0.052002
0.099626,-0.297647,-0.052417
0.098372,-0.294590,-0.051500
0.095015,-0.298606,-0.053033
0.093952,-0.297293,-0.056027
0.090763,-0.297755,-0.059340
0.086298,-0.298753,-0.060448
0.082364,-0.302201,-0.062064
0.080576,-0.302553,-0.065294
0.075449,-0.304203,-0.066302
0.074108,-0.305409,-0.069451
0.067608,-0.307351,-0.072363
0.059533,-0.308911,-0.077045
0.062648,-0.303058,-0.072261
0.066841,-0.299052,-0.068389
0.067839,-0.293240,-0.064595
0.067182,-0.291178,-0.062567
0.067051,-0.290611,-0.063851
0.066843,-0.287434,-0.063635
0.063766,-0.285523,-0.064870
0.064766,-0.285022,-0.064312
0.063746,-0.282078,-0.062536
0.062455,-0.281181,-0.063009
0.059366,-0.280396,-0.062434
0.060637,-0.279002,-0.061216
0.060588,-0.277948,-0.062746
0.058591,-0.275908,-0.062320
0.057508,-0.274106,-0.059755
0.055846,-0.271318,-0.061462
0.054911,-0.270354,-0.062159
0.054078,-0.269727,-0.060876
0.054239,-0.269945,-0.061562
0.051465,-0.268797,-0.061702
0.049872,-0.268863,-0.062379
0.049307,-0.267338,-0.060259
0.048197,-0.267222,-0.062047
0.046938,-0.265015,-0.061556
0.044196,-0.264868,-0.062612
0.042548,-0.262867,-0.063390
0.040779,-0.264352,-0.064418
0.040600,-0.263448,-0.066834
0.038374,-0.261122,-0.066462
0.037071,-0.260271,-0.066620
0.033199,-0.260264,-0.067057
0.030251,-0.262278,-0.068633
0.031384,-0.260480,-0.066937
0.026899,-0.263507,-0.069637
0.024743,-0.265351,-0.071129
0.023083,-0.261405,-0.071876
0.018278,-0.260368,-0.072068
0.019070,-0.259948,-0.073733
0.018361,-0.259884,-0.072904
0.015888,-0.260903,-0.074050
0.013180,-0.259430,-0.074123
0.009755,-0.261359,-0.074733
0.007030,-0.259796,-0.077187
0.006612,-0.258837,-0.073824
0.005853,-0.258009,-0.077925
0.002133,-0.256160,-0.077488
0.002275,-0.255724,-0.076351
0.001333,-0.255387,-0.075163
0.001084,-0.254273,-0.077923
-0.001067,-0.252660,-0.077816
-0.002702,-0.250975,-0.078062
-0.003276,-0.252466,-0.077718
-0.004365,-0.248673,-0.078417
-0.007226,-0.246002,-0.078329
-0.008398,-0.247866,-0.081224
-0.010021,-0.246840,-0.080174
-0.010830,-0.245124,-0.080472
-0.013384,-0.246509,-0.080568
-0.015733,-0.246145,-0.080721
-0.016253,-0.241417,-0.082389
-0.020199,-0.243175,-0.082554
-0.020785,-0.243703,-0.082858
-0.022472,-0.241942,-0.084921
-0.026415,-0.243928,-0.084783
-0.027152,-0.242745,-0.084785
-0.027946,-0.238045,-0.084428
-0.030054,-0.239957,-0.084537
-0.030876,-0.239905,-0.086391
-0.031776,-0.238726,-0.085524
-0.033330,-0.236581,-0.088212
-0.034545,-0.237609,-0.087144
-0.036492,-0.234530,-0.085682
-0.038599,-0.235888,-0.088756
-0.040892,-0.235386,-0.087506
-0.042731,-0.232873,-0.088462
-0.044682,-0.233829,-0.087598
-0.047803,-0.231516,-0.089925
-0.047606,-0.233266,-0.090654
-0.050246,-0.232932,-0.092409
-0.051946,-0.233101,-0.090914
-0.054733,-0.229640,-0.090804
-0.055738,-0.231350,-0.091832
-0.059325,-0.229781,-0.095005
-0.060311,-0.232408,-0.095671
-0.064701,-0.229492,-0.095485
-0.067814,-0.232401,-0.098359
-0.069357,-0.232399,-0.100487
-0.084407,-0.242449,-0.112965
0.180977,-0.357210,-0.042853
0.178578,-0.357103,-0.041539
0.177863,-0.354923,-0.040061
0.178638,-0.352291,-0.040047
0.177329,-0.351128,-0.040362
0.176797,-0.349437,-0.039111
0.174281,-0.346360,-0.036260
0.175364,-0.344259,-0.037934
0.174487,-0.344355,-0.038813
0.174181,-0.341168,-0.036972
0.172440,-0.340642,-0.036978
0.171989,-0.339203,-0.035699
0.171846,-0.338264,-0.036073
0.171848,-0.333669,-0.034967
0.168964,-0.332664,-0.035550
0.168678,-0.332474,-0.035897
0.168775,-0.330001,-0.035191
0.168459,-0.329251,-0.033399
0.166599,-0.326876,-0.034873
0.163761,-0.325069,-0.034494
0.164122,-0.325831,-0.032997
0.161586,-0.322662,-0.033322
0.161724,-0.323445,-0.034600
0.160797,-0.321682,-0.032944
0.158700,-0.319279,-0.033204
0.158429,-0.318075,-0.035094
0.158859,-0.318269,-0.031643
0.156241,-0.314873,-0.033592
0.155861,-0.314806,-0.033358
0.153866,-0.314270,-0.032948
0.153259,-0.312985,-0.033862
0.151470,-0.312272,-0.034496
0.149551,-0.309106,-0.034997
0.146678,-0.309262,-0.034151
0.146880,-0.311004,-0.035103
0.145197,-0.308925,-0.035750
0.144680,-0.308970,-0.036623
0.140959,-0.307998,-0.035783
0.139558,-0.306759,-0.037205
0.140573,-0.306493,-0.036694
0.137416,-0.307034,-0.037229
0.133890,-0.304929,-0.038024
0.132399,-0.303096,-0.037444
0.132473,-0.301910,-0.037621
0.130692,-0.304316,-0.040015
0.129194,-0.302636,-0.040167
0.127049,-0.302908,-0.041208
0.124879,-0.303109,-0.041801
0.121915,-0.303545,-0.042217
0.118417,-0.301546,-0.044830
0.118361,-0.301385,-0.045313
0.114029,-0.301928,-0.045873
0.111375,-0.302443,-0.048936
0.112050,-0.301649,-0.046558
0.108115,-0.302458,-0.048143
0.106916,-0.303501,-0.051109
0.103828,-0.301148,-0.050075
0.102907,-0.302082,-0.051253
0.102774,-0.300963,-0.051555
0.097904,-0.304569,-0.054712
0.097139,-0.300706,-0.052661
0.093892,-0.300735,-0.053671
0.092536,-0.299465,-0.055446
0.088502,-0.302485,-0.057031
0.085631,-0.303310,-0.060010
0.081823,-0.306216,-0.061423
0.077128,-0.304290,-0.064977
0.073487,-0.307861,-0.065632
0.070965,-0.309200,-0.070472
0.059730,-0.306293,-0.072807
0.060037,-0.300007,-0.070330
0.063222,-0.298165,-0.067452
0.061783,-0.292717,-0.066917
0.062585,-0.292306,-0.062582
0.062237,-0.289511,-0.063954
0.061554,-0.289439,-0.062813
0.059365,-0.287297,-0.061711
0.059089,-0.283264,-0.061849
0.058697,-0.283675,-0.064531
0.057135,-0.283946,-0.063285
0.057345,-0.280100,-0.061133
0.055342,-0.280253,-0.062325
0.055591,-0.279796,-0.061855
0.052988,-0.277418,-0.063887
0.052009,-0.277064,-0.063871
0.049332,-0.276004,-0.064163
0.049043,-0.272788,-0.063685
0.050060,-0.272277,-0.062662
0.046077,-0.272013,-0.063398
0.044593,-0.273518,-0.064116
0.045978,-0.270074,-0.062871
0.042967,-0.269168,-0.063499
0.040840,-0.267680,-0.063900
0.038701,-0.268961,-0.064965
0.036958,-0.268308,-0.065753
0.034192,-0.267612,-0.067271
0.033216,-0.266886,-0.067901
0.031123,-0.269290,-0.070342
0.026538,-0.271467,-0.071038
0.024959,-0.269422,-0.069341
0.023624,-0.268070,-0.072199
0.020329,-0.267360,-0.073887
0.019680,-0.266984,-0.072781
0.019574,-0.266087,-0.072778
0.015684,-0.265457,-0.073281
0.013087,-0.264713,-0.074351
0.009830,-0.265722,-0.077472
0.008335,-0.266340,-0.077823
0.006104,-0.262802,-0.075874
0.007404,-0.264040,-0.076317
0.003619,-0.262048,-0.075796
0.004575,-0.261435,-0.077643
0.002244,-0.260666,-0.076954
0.001999,-0.258932,-0.077902
-0.002729,-0.258421,-0.079168
0.000117,-0.259101,-0.075992
-0.003465,-0.254953,-0.079484
-0.004009,-0.254174,-0.079986
-0.004748,-0.253548,-0.078620
-0.007452,-0.252957,-0.081070
-0.007857,-0.252338,-0.078319
-0.009075,-0.252100,-0.077616
-0.012161,-0.251012,-0.079225
-0.011908,-0.249178,-0.080158
-0.015113,-0.247882,-0.079409
-0.016407,-0.247727,-0.080584
-0.020073,-0.246384,-0.079190
-0.019948,-0.245983,-0.081462
-0.023058,-0.247361,-0.080978
-0.024362,-0.246621,-0.082772
-0.027088,-0.245657,-0.083584
-0.027555,-0.243519,-0.083549
-0.027846,-0.244311,-0.081891
-0.029352,-0.242959,-0.085607
-0.030903,-0.241469,-0.086304
-0.032829,-0.241210,-0.083684
-0.033717,-0.239415,-0.084600
-0.035032,-0.238086,-0.085136
-0.038699,-0.240451,-0.086652
-0.037895,-0.238136,-0.086870
-0.041547,-0.236593,-0.085857
-0.043219,-0.236253,-0.086645
-0.044153,-0.236257,-0.088170
-0.047519,-0.236060,-0.090110
-0.047362,-0.236094,-0.089516
-0.050437,-0.234027,-0.088194
-0.053504,-0.234042,-0.091167
-0.052584,-0.233136,-0.089580
-0.055110,-0.232275,-0.091295
-0.059220,-0.234420,-0.092707
-0.060648,-0.232653,-0.094722
-0.061704,-0.235934,-0.095611
-0.065984,-0.234612,-0.096244
-0.070708,-0.233351,-0.097852
-0.082858,-0.242945,-0.107327
0.177859,-0.355655,-0.039755
0.176758,-0.356081,-0.040674
0.173631,-0.353214,-0.039569
0.174686,-0.351497,-0.038621
0.173408,-0.350468,-0.040072
0.172162,-0.348749,-0.037177
0.174019,-0.346895,-0.037029
0.172891,-0.343331,-0.035616
0.171491,-0.343145,-0.034851
0.172873,-0.343206,-0.034350
0.171390,-0.340369,-0.034353
0.169662,-0.337364,-0.036137
0.169238,-0.336483,-0.034379
0.168112,-0.333473,-0.034710
0.167476,-0.333546,-0.035006
0.166356,-0.330331,-0.033305
0.166504,-0.329873,-0.033893
0.163627,-0.331314,-0.033326
0.163020,-0.329194,-0.033591
0.161363,-0.327334,-0.032600
0.162140,-0.324850,-0.031948
0.160383,-0.324084,-0.032126
0.159264,-0.323344,-0.032367
0.158593,-0.322480,-0.033028
0.156368,-0.320783,-0.032331
0.155727,-0.317965,-0.033001
0.154101,-0.318836,-0.033245
0.153967,-0.317865,-0.032221
0.153056,-0.316437,-0.034270
0.150865,-0.316198,-0.033419
0.148472,-0.314370,-0.032604
0.148609,-0.313908,-0.034421
0.146929,-0.312263,-0.032525
0.145216,-0.312457,-0.035181
0.141712,-0.310857,-0.037143
0.139284,-0.308474,-0.033595
0.142847,-0.309346,-0.035687
0.137483,-0.309884,-0.035216
0.137263,-0.307044,-0.034386
0.135512,-0.308109,-0.037101
0.134178,-0.306321,-0.035735
0.132682,-0.304846,-0.037795
0.127972,-0.306496,-0.037704
0.127748,-0.306983,-0.039785
0.126966,-0.307326,-0.040756
0.123003,-0.305749,-0.041658
0.121095,-0.306690,-0.041110
0.118509,-0.304939,-0.042175
0.117840,-0.304792,-0.043451
0.115658,-0.305745,-0.043993
0.112475,-0.305702,-0.045555
0.110307,-0.305020,-0.046254
0.108198,-0.303259,-0.047139
0.106118,-0.303474,-0.049924
0.104971,-0.305248,-0.050163
0.102090,-0.303735,-0.052351
0.098114,-0.305616,-0.050937
0.096852,-0.303732,-0.053306
0.095205,-0.305306,-0.054458
0.093734,-0.303071,-0.053074
0.093468,-0.303129,-0.054085
0.089597,-0.304559,-0.056398
0.084998,-0.306358,-0.058115
0.079539,-0.310175,-0.060910
0.074698,-0.309628,-0.064470
0.073918,-0.310013,-0.066165
0.070958,-0.313038,-0.069200
0.052620,-0.309299,-0.075869
0.053922,-0.305422,-0.072229
0.055981,-0.301497,-0.069399
0.055752,-0.295298,-0.067552
0.058356,-0.293541,-0.065988
0.058987,-0.290669,-0.064443
0.056701,-0.287966,-0.062783
0.056323,-0.288485,-0.062408
0.056918,-0.288420,-0.063645
0.054436,-0.286340,-0.062241
0.053268,-0.286054,-0.064213
0.051117,-0.284457,-0.063375
0.051236,-0.283568,-0.063638
0.048764,-0.281739,-0.064116
0.048770,-0.278394,-0.064347
0.048087,-0.278082,-0.064125
0.045476,-0.279225,-0.062681
0.043247,-0.276337,-0.066887
0.043192,-0.277458,-0.063675
0.039794,-0.273655,-0.066093
0.039906,-0.273820,-0.066401
0.037782,-0.276652,-0.065705
0.037003,-0.274466,-0.067030
0.033954,-0.276032,-0.068418
0.031848,-0.273482,-0.068260
0.028530,-0.275090,-0.069908
0.026711,-0.273871,-0.071731
0.023170,-0.276554,-0.072570
0.021926,-0.274160,-0.072664
0.019958,-0.272579,-0.071925
0.017637,-0.274393,-0.074215
0.016576,-0.271753,-0.074498
0.015732,-0.272775,-0.075207
0.009204,-0.271313,-0.076611
0.009068,-0.273012,-0.077328
0.007035,-0.271700,-0.078556
0.004683,-0.270666,-0.078142
0.005265,-0.268802,-0.079143
0.003066,-0.267433,-0.079804
0.002417,-0.267565,-0.077601
0.001934,-0.265824,-0.079006
-0.001569,-0.264180,-0.077402
-0.001238,-0.262233,-0.077722
-0.002207,-0.261175,-0.075116
-0.002324,-0.261901,-0.077437
-0.002554,-0.260599,-0.077647
-0.005312,-0.260697,-0.077709
-0.006737,-0.258267,-0.077356
-0.008771,-0.258128,-0.078224
-0.012692,-0.256473,-0.077058
-0.012302,-0.255140,-0.078723
-0.012957,-0.254487,-0.080980
-0.015583,-0.255144,-0.079024
-0.016520,-0.253726,-0.078847
-0.017854,-0.249831,-0.080352
-0.017857,-0.252098,-0.082093
-0.020389,-0.251534,-0.082050
-0.022147,-0.249955,-0.084086
-0.025068,-0.247778,-0.083654
-0.026184,-0.249511,-0.080585
-0.028026,-0.248662,-0.082434
-0.029609,-0.247363,-0.082611
-0.030028,-0.245040,-0.083187
-0.030557,-0.244107,-0.083147
-0.033768,-0.244657,-0.084355
-0.033090,-0.244430,-0.084286
-0.036120,-0.241720,-0.083752
-0.037056,-0.240572,-0.084980
-0.037744,-0.239458,-0.085752
-0.041803,-0.238740,-0.084589
-0.041889,-0.239030,-0.086184
-0.044628,-0.238595,-0.086068
-0.046304,-0.236881,-0.085908
-0.047685,-0.237655,-0.087768
-0.049021,-0.237301,-0.089770
-0.051587,-0.235906,-0.089697
-0.054000,-0.235604,-0.088095
-0.055728,-0.235290,-0.089848
-0.057891,-0.235115,-0.091697
-0.060499,-0.234426,-0.093274
-0.064472,-0.236160,-0.092279
-0.066996,-0.236586,-0.095780
-0.068764,-0.237906,-0.098723
-0.077091,-0.241155,-0.102406
0.173854,-0.358155,-0.038129
0.172773,-0.353927,-0.037862
0.176638,-0.353897,-0.039831
0.173763,-0.352300,-0.034821
0.170967,-0.350045,-0.037020
0.172614,-0.346788,-0.036000
0.169561,-0.347584,-0.034247
0.170670,-0.343151,-0.034679
0.169497,-0.343084,-0.033257
0.170355,-0.341310,-0.033596
0.168338,-0.338009,-0.033273
0.167559,-0.335871,-0.034708
0.166272,-0.337628,-0.032296
0.166074,-0.336578,-0.033042
0.163285,-0.333041,-0.033185
0.163323,-0.332572,-0.033757
0.162730,-0.329313,-0.032182
0.162942,-0.328462,-0.032472
0.161168,-0.326595,-0.032594
0.160770,-0.326488,-0.032848
0.159861,-0.323712,-0.033317
0.158213,-0.324775,-0.032033
0.157898,-0.323690,-0.032249
0.154496,-0.324331,-0.033185
0.152847,-0.320502,-0.031016
0.152929,-0.318406,-0.031292
0.152146,-0.317221,-0.032397
0.152348,-0.318028,-0.032606
0.150190,-0.317412,-0.030731
0.147915,-0.316527,-0.033118
0.146424,-0.315431,-0.032885
0.144884,-0.315057,-0.033637
0.143561,-0.313614,-0.035040
0.141330,-0.313017,-0.033793
0.141336,-0.312524,-0.035585
0.137209,-0.310660,-0.035178
0.135820,-0.310786,-0.033624
0.136036,-0.308333,-0.037010
0.132101,-0.309332,-0.036185
0.133111,-0.309032,-0.036483
0.130800,-0.309769,-0.037830
0.127924,-0.308856,-0.038575
0.126627,-0.308400,-0.038497
0.123225,-0.310412,-0.041594
0.120968,-0.307397,-0.040007
0.119492,-0.307966,-0.042240
0.116465,-0.310730,-0.042101
0.116262,-0.306333,-0.044053
0.112476,-0.309317,-0.044178
0.109110,-0.306437,-0.048113
0.107733,-0.307996,-0.046019
0.106231,-0.310283,-0.046304
0.104882,-0.308498,-0.050136
0.102245,-0.308742,-0.048980
0.099052,-0.308044,-0.051875
0.097120,-0.308022,-0.049002
0.095160,-0.306993,-0.051779
0.093493,-0.307088,-0.054307
0.092908,-0.309106,-0.053434
0.089147,-0.307822,-0.054846
0.084213,-0.307003,-0.057102
0.081895,-0.312344,-0.062411
0.075933,-0.313333,-0.063699
0.071401,-0.317103,-0.068831
0.068963,-0.317330,-0.067148
0.047716,-0.307885,-0.074212
0.049129,-0.305749,-0.072843
0.050414,-0.297957,-0.068173
0.052451,-0.295034,-0.065589
0.054361,-0.293361,-0.065436
0.051614,-0.290657,-0.066326
0.050739,-0.289243,-0.065049
0.049601,-0.289492,-0.064411
0.046895,-0.286717,-0.065216
0.046712,-0.285189,-0.065896
0.044920,-0.286417,-0.064555
0.043059,-0.287067,-0.066281
0.041546,-0.284294,-0.065078
0.040208,-0.282083,-0.065351
0.039716,-0.282352,-0.067591
0.037680,-0.282051,-0.067040
0.035830,-0.281084,-0.066700
0.032215,-0.281101,-0.067163
0.030001,-0.280525,-0.071580
0.029108,-0.282625,-0.072153
0.027617,-0.279309,-0.071558
0.025531,-0.279284,-0.071989
0.023851,-0.279127,-0.072764
0.016560,-0.286193,-0.078869
0.010579,-0.284849,-0.078586
0.011871,-0.284235,-0.079843
0.012098,-0.281803,-0.079269
0.009340,-0.282015,-0.079203
0.011652,-0.279379,-0.078693
0.007814,-0.279096,-0.078797
0.006609,-0.275618,-0.078864
0.005828,-0.276614,-0.078540
0.006493,-0.273705,-0.079057
0.003434,-0.272115,-0.078189
0.002876,-0.271426,-0.077770
0.000737,-0.271329,-0.079828
0.002258,-0.268540,-0.077561
-0.000468,-0.267032,-0.079228
-0.002411,-0.265107,-0.078594
-0.002137,-0.263033,-0.076871
-0.003794,-0.261847,-0.077493
-0.006501,-0.262705,-0.076708
-0.005151,-0.262872,-0.076016
-0.009592,-0.259745,-0.077530
-0.007749,-0.261326,-0.079951
-0.011493,-0.259379,-0.079261
-0.014628,-0.257868,-0.077891
-0.014522,-0.260662,-0.079275
-0.017470,-0.256522,-0.080225
-0.016915,-0.255126,-0.080554
-0.018193,-0.253135,-0.079509
-0.021309,-0.254555,-0.079532
-0.021713,-0.254030,-0.082452
-0.023302,-0.254149,-0.082595
-0.025772,-0.252275,-0.080451
-0.028511,-0.250797,-0.082677
-0.028358,-0.250276,-0.084354
-0.030088,-0.250919,-0.083364
-0.029920,-0.247800,-0.080152
-0.033858,-0.246722,-0.084135
-0.034565,-0.246931,-0.084032
-0.036159,-0.247482,-0.082816
-0.035336,-0.244904,-0.083990
-0.037593,-0.245147,-0.083737
-0.039302,-0.243563,-0.083730
-0.042473,-0.242892,-0.084616
-0.042906,-0.241673,-0.083763
-0.046651,-0.240761,-0.085506
-0.046762,-0.241295,-0.086375
-0.048069,-0.241694,-0.087683
-0.050624,-0.240177,-0.087736
-0.051423,-0.240504,-0.088380
-0.053697,-0.237963,-0.087984
-0.055461,-0.236031,-0.087818
-0.057571,-0.239921,-0.090612
-0.059675,-0.236655,-0.091784
-0.063506,-0.239095,-0.092500
-0.065590,-0.240378,-0.092697
-0.068855,-0.239305,-0.096633
-0.073383,-0.239034,-0.099224
-0.083717,-0.250244,-0.108246
0.172623,-0.355325,-0.035644
0.171990,-0.352183,-0.036808
0.173640,-0.351370,-0.036734
0.169486,-0.350505,-0.035480
0.170666,-0.347607,-0.035571
0.169566,-0.347177,-0.034463
0.167112,-0.342730,-0.033332
0.168360,-0.343266,-0.033873
0.168480,-0.343061,-0.031748
0.166112,-0.339273,-0.033186
0.167382,-0.337081,-0.031899
0.164595,-0.337371,-0.033449
0.163777,-0.335296,-0.033746
0.161983,-0.332522,-0.031280
0.161866,-0.334052,-0.031727
0.161059,-0.332138,-0.029653
0.159809,-0.330021,-0.031297
0.157780,-0.330247,-0.033039
0.156930,-0.328512,-0.032807
0.157535,-0.326984,-0.030889
0.154576,-0.325020,-0.028869
0.151944,-0.323689,-0.031418
0.152411,-0.322496,-0.031525
0.150986,-0.320330,-0.030477
0.151085,-0.320698,-0.031530
0.148219,-0.320052,-0.032852
0.147900,-0.317955,-0.031753
0.143637,-0.318222,-0.032283
0.144163,-0.316058,-0.033743
0.143580,-0.315420,-0.031144
0.140620,-0.316170,-0.032237
0.138395,-0.316417,-0.032808
0.137727,-0.314835,-0.033915
0.137845,-0.311441,-0.035268
0.135338,-0.313714,-0.036219
0.132980,-0.312218,-0.035139
0.130400,-0.312248,-0.036344
0.129101,-0.311814,-0.037572
0.126553,-0.309602,-0.038655
0.124834,-0.311168,-0.039028
0.124661,-0.312337,-0.041261
0.122031,-0.310503,-0.041524
0.117533,-0.310696,-0.041714
0.115807,-0.309473,-0.041980
0.113301,-0.309698,-0.042193
0.111437,-0.308586,-0.044171
0.109669,-0.308684,-0.044565
0.108511,-0.311721,-0.046497
0.106623,-0.310769,-0.048079
0.102199,-0.311535,-0.047565
0.101153,-0.309991,-0.050015
0.098525,-0.310326,-0.048447
0.096664,-0.311132,-0.050471
0.095699,-0.309594,-0.051611
0.092965,-0.310629,-0.052653
0.092459,-0.310719,-0.053638
0.089595,-0.309493,-0.053623
0.082429,-0.312177,-0.057333
0.081539,-0.313353,-0.060893
0.076471,-0.315670,-0.063376
0.070217,-0.318293,-0.067490
0.023536,-0.330058,-0.090480
0.022810,-0.326637,-0.090938
0.023508,-0.325740,-0.090641
0.024642,-0.323958,-0.087346
0.021335,-0.319283,-0.089019
0.020135,-0.318898,-0.087632
0.022225,-0.317016,-0.087643
0.021847,-0.314938,-0.086245
0.022995,-0.313756,-0.087425
0.038695,-0.289790,-0.068237
0.039666,-0.288370,-0.067297
0.036935,-0.287618,-0.067622
0.020453,-0.304522,-0.081939
0.020865,-0.303922,-0.083474
0.017995,-0.301128,-0.082116
0.018094,-0.300161,-0.081885
0.019934,-0.296530,-0.080655
0.017556,-0.295417,-0.079030
0.016458,-0.293980,-0.080185
0.015227,-0.294609,-0.078707
0.015190,-0.291459,-0.080111
0.015033,-0.290710,-0.079642
0.013542,-0.288371,-0.079852
0.009614,-0.286353,-0.078822
0.011024,-0.286362,-0.078422
0.010468,-0.286357,-0.079474
0.009613,-0.283701,-0.078215
0.006566,-0.281395,-0.078956
0.005478,-0.280745,-0.079793
0.004106,-0.279070,-0.078821
0.002932,-0.277274,-0.078044
0.003702,-0.276837,-0.079706
0.000150,-0.275886,-0.078072
0.000311,-0.271411,-0.079303
0.000023,-0.271584,-0.077829
-0.000336,-0.271553,-0.075908
-0.000827,-0.268103,-0.076155
-0.003475,-0.270432,-0.076686
-0.003190,-0.266218,-0.076440
-0.005805,-0.265824,-0.077399
-0.006710,-0.264560,-0.078703
-0.009025,-0.264486,-0.077866
-0.011285,-0.264189,-0.079507
-0.012743,-0.264088,-0.078543
-0.013802,-0.260714,-0.078753
-0.015058,-0.262076,-0.079363
-0.015018,-0.260402,-0.078358
-0.017906,-0.258798,-0.080179
-0.020053,-0.258964,-0.079644
-0.021492,-0.257611,-0.082241
-0.022778,-0.255544,-0.080677
-0.024854,-0.257454,-0.080796
-0.024836,-0.254045,-0.080703
-0.026719,-0.253437,-0.082625
-0.027909,-0.254280,-0.082035
-0.029278,-0.253299,-0.080999
-0.033511,-0.251623,-0.084078
-0.031429,-0.252191,-0.080683
-0.033849,-0.250160,-0.081771
-0.035825,-0.248215,-0.082327
-0.037464,-0.247919,-0.081845
-0.038751,-0.245101,-0.082581
-0.039783,-0.245750,-0.083699
-0.040259,-0.246804,-0.083993
-0.042336,-0.245972,-0.085271
-0.044742,-0.243117,-0.084340
-0.047170,-0.242276,-0.084761
-0.048751,-0.242200,-0.085580
-0.049655,-0.242498,-0.084929
-0.052420,-0.239389,-0.087148
-0.052392,-0.240477,-0.087402
-0.053380,-0.239004,-0.089975
-0.059882,-0.238211,-0.087765
-0.060784,-0.240207,-0.090113
-0.063073,-0.242328,-0.091563
-0.065207,-0.241367,-0.093004
-0.068950,-0.239765,-0.096183
-0.071090,-0.242399,-0.094416
-0.083059,-0.248423,-0.104027
0.171301,-0.354074,-0.034996
0.169013,-0.352236,-0.035037
0.169466,-0.350116,-0.033564
0.168548,-0.348533,-0.034411
0.166838,-0.346373,-0.032128
0.167132,-0.346013,-0.031168
0.169112,-0.343144,-0.032984
0.165559,-0.343713,-0.030957
0.164982,-0.340993,-0.030808
0.164087,-0.339517,-0.030241
0.161380,-0.337689,-0.031844
0.163665,-0.337354,-0.030766
0.160152,-0.334079,-0.030115
0.160409,-0.334682,-0.029766
0.158465,-0.333225,-0.030375
0.157393,-0.330885,-0.028925
0.157322,-0.328932,-0.030985
0.154740,-0.330418,-0.030129
0.153963,-0.327096,-0.029632
0.152506,-0.326591,-0.029251
0.152586,-0.327116,-0.032004
0.150492,-0.323860,-0.030362
0.151188,-0.321892,-0.031518
0.151872,-0.320183,-0.030271
0.147036,-0.320395,-0.030857
0.144666,-0.321510,-0.030898
0.142679,-0.320231,-0.032989
0.143507,-0.318500,-0.032967
0.141399,-0.317117,-0.034312
0.139300,-0.318580,-0.032040
0.137678,-0.315625,-0.033407
0.134996,-0.316621,-0.032789
0.134644,-0.315372,-0.034754
0.133436,-0.315781,-0.036136
0.132808,-0.315215,-0.032910
0.128256,-0.314126,-0.035483
0.128879,-0.311872,-0.035185
0.124787,-0.313651,-0.038496
0.123434,-0.312725,-0.038703
0.120703,-0.315606,-0.040017
0.117187,-0.312686,-0.041070
0.116050,-0.313824,-0.040828
0.114877,-0.312675,-0.041811
0.112761,-0.312393,-0.041604
0.110723,-0.312245,-0.045209
0.107670,-0.312083,-0.045738
0.105734,-0.314262,-0.047730
0.102259,-0.315293,-0.048242
0.098914,-0.313748,-0.047662
0.099807,-0.313438,-0.049275
0.095153,-0.311949,-0.052253
0.093451,-0.312360,-0.049814
0.091622,-0.312341,-0.051238
0.089688,-0.313265,-0.051044
0.088226,-0.311576,-0.053156
0.084459,-0.314515,-0.056841
0.075701,-0.320583,-0.060821
0.068058,-0.323478,-0.068982
0.024148,-0.329150,-0.088759
0.022638,-0.326961,-0.087841
0.022779,-0.324915,-0.088737
0.021996,-0.322616,-0.088796
0.020409,-0.320168,-0.085743
0.021625,-0.318343,-0.084937
0.020229,-0.317051,-0.084896
0.021646,-0.311997,-0.083101
0.020246,-0.310896,-0.084099
0.020804,-0.310824,-0.084281
0.021614,-0.306401,-0.082289
0.019450,-0.302928,-0.079658
0.018423,-0.303555,-0.080365
0.019359,-0.301030,-0.080647
0.015719,-0.301420,-0.079572
0.014530,-0.299551,-0.080289
0.015034,-0.298368,-0.080313
0.013202,-0.295566,-0.079000
0.012302,-0.294867,-0.079363
0.010992,-0.294229,-0.079341
0.011270,-0.291812,-0.079992
0.011706,-0.290373,-0.077727
0.010126,-0.290090,-0.079497
0.007890,-0.287225,-0.078299
0.008547,-0.285189,-0.078114
0.007224,-0.284852,-0.078695
0.006023,-0.282576,-0.078672
0.005555,-0.282537,-0.077367
0.003809,-0.280818,-0.076675
0.001986,-0.280112,-0.077035
-0.000093,-0.278099,-0.076132
0.000855,-0.276381,-0.075949
-0.000114,-0.273838,-0.076835
-0.001112,-0.273186,-0.075989
-0.001930,-0.273685,-0.075649
-0.003243,-0.271385,-0.077503
-0.005269,-0.272228,-0.077790
-0.007707,-0.269888,-0.077672
-0.009914,-0.269536,-0.079022
-0.009658,-0.266874,-0.075657
-0.011771,-0.267714,-0.076891
-0.014285,-0.264857,-0.077427
-0.016057,-0.264960,-0.076852
-0.016784,-0.265874,-0.077575
-0.015582,-0.264491,-0.077158
-0.018983,-0.264866,-0.079729
-0.021427,-0.261510,-0.078803
-0.022678,-0.260561,-0.078634
-0.022116,-0.259880,-0.079661
-0.024276,-0.259669,-0.079422
-0.025446,-0.258667,-0.081534
-0.027830,-0.257158,-0.082967
-0.029654,-0.254280,-0.081658
-0.031771,-0.255306,-0.081664
-0.032125,-0.254773,-0.080550
-0.034247,-0.253974,-0.081846
-0.035723,-0.252127,-0.081250
-0.034674,-0.251548,-0.080343
-0.037269,-0.250082,-0.081212
-0.038040,-0.249386,-0.080930
-0.039415,-0.248319,-0.082444
-0.040456,-0.246671,-0.081796
-0.044422,-0.247977,-0.083776
-0.044566,-0.246694,-0.083057
-0.046960,-0.244853,-0.083767
-0.048258,-0.244497,-0.085567
-0.051028,-0.243297,-0.085845
-0.052579,-0.245529,-0.086753
-0.052738,-0.241289,-0.083936
-0.054947,-0.241596,-0.086614
-0.057250,-0.240962,-0.089282
-0.061992,-0.244275,-0.091508
-0.063738,-0.243116,-0.091421
-0.068043,-0.243251,-0.089269
-0.068869,-0.240734,-0.092884
-0.073395,-0.243161,-0.093689
-0.079143,-0.248962,-0.098902
0.167492,-0.354368,-0.032731
0.167517,-0.352540,-0.033613
0.166294,-0.350954,-0.030682
0.165944,-0.348238,-0.032916
0.164829,-0.345824,-0.031459
0.165709,-0.344530,-0.032025
0.165003,-0.342891,-0.029767
0.163635,-0.342192,-0.030497
0.162568,-0.341711,-0.032187
0.160843,-0.340311,-0.033119
0.160182,-0.337797,-0.029660
0.159497,-0.334801,-0.030530
0.158700,-0.335796,-0.030441
0.157260,-0.334472,-0.030723
0.156986,-0.332611,-0.031362
0.157828,-0.331961,-0.029875
0.152836,-0.330305,-0.028595
0.152699,-0.327283,-0.029837
0.151242,-0.327990,-0.029279
0.151618,-0.324680,-0.032073
0.149965,-0.325633,-0.030291
0.147497,-0.325062,-0.030372
0.147440,-0.323581,-0.028114
0.146931,-0.323482,-0.031189
0.143459,-0.321184,-0.030821
0.141529,-0.321859,-0.030871
0.141429,-0.321864,-0.031364
0.138041,-0.320814,-0.032728
0.136611,-0.320146,-0.031772
0.135954,-0.319640,-0.033437
0.134137,-0.319015,-0.031003
0.133658,-0.316542,-0.033165
0.132683,-0.316803,-0.034043
0.129200,-0.316468,-0.033924
0.126302,-0.316938,-0.035879
0.126711,-0.314782,-0.035597
0.122235,-0.317931,-0.036367
0.120368,-0.317630,-0.039180
0.117919,-0.316036,-0.039779
0.117355,-0.316426,-0.039930
0.113474,-0.317221,-0.042944
0.110834,-0.316090,-0.042673
0.110991,-0.315812,-0.044723
0.107301,-0.316357,-0.044803
0.105217,-0.315838,-0.044257
0.102182,-0.317327,-0.046400
0.101130,-0.316030,-0.045839
0.098172,-0.315345,-0.047507
0.096400,-0.316141,-0.049550
0.094169,-0.314566,-0.050077
0.092805,-0.315719,-0.052931
0.089035,-0.318162,-0.052820
0.087110,-0.314191,-0.054492
0.081779,-0.318160,-0.055477
0.073768,-0.326292,-0.063941
0.066643,-0.333210,-0.069217
0.021683,-0.327993,-0.088215
0.021317,-0.327356,-0.085938
0.019449,-0.323770,-0.084560
0.018444,-0.321351,-0.086935
0.020099,-0.321356,-0.084710
0.018973,-0.318757,-0.083135
0.019946,-0.316004,-0.083615
0.018529,-0.311973,-0.082707
0.019891,-0.310758,-0.081323
0.019921,-0.308686,-0.079478
0.018049,-0.304466,-0.079185
0.016898,-0.305673,-0.080017
0.015634,-0.302938,-0.080083
0.015092,-0.302573,-0.078918
0.014501,-0.302614,-0.079538
0.011508,-0.300549,-0.076628
0.009834,-0.296444,-0.076743
0.011583,-0.298455,-0.078230
0.007695,-0.295807,-0.077711
0.009517,-0.294092,-0.080479
0.010493,-0.292608,-0.077328
0.006067,-0.290060,-0.077303
0.006582,-0.291742,-0.077616
0.004689,-0.288164,-0.078993
0.004021,-0.288617,-0.076689
0.003141,-0.284458,-0.078703
0.002385,-0.283071,-0.076649
0.000301,-0.281639,-0.075933
0.000009,-0.282833,-0.077320
-0.001615,-0.279096,-0.076131
-0.002272,-0.278363,-0.075008
-0.001618,-0.277969,-0.077271
-0.003240,-0.276895,-0.076807
-0.005357,-0.275837,-0.075995
-0.007027,-0.273672,-0.077164
-0.009674,-0.273938,-0.076912
-0.009825,-0.271941,-0.074893
-0.010663,-0.270858,-0.078272
-0.012205,-0.268775,-0.076136
-0.014482,-0.270379,-0.077882
-0.016127,-0.269476,-0.078683
-0.018688,-0.267530,-0.075202
-0.018086,-0.266351,-0.076445
-0.018412,-0.265370,-0.078051
-0.020572,-0.265030,-0.079331
-0.021651,-0.263629,-0.079380
-0.022726,-0.262698,-0.079329
-0.025790,-0.260181,-0.078651
-0.028142,-0.260911,-0.076300
-0.029243,-0.260725,-0.079331
-0.028271,-0.259664,-0.078839
-0.029769,-0.257981,-0.081375
-0.033125,-0.257240,-0.081852
-0.032159,-0.255982,-0.081522
-0.033005,-0.254531,-0.081777
-0.036694,-0.253742,-0.081696
-0.037474,-0.253240,-0.081956
-0.038528,-0.252913,-0.080904
-0.038571,-0.249863,-0.081445
-0.040076,-0.250088,-0.080539
-0.041760,-0.249130,-0.082363
-0.046008,-0.248553,-0.082445
-0.048395,-0.247523,-0.083804
-0.047426,-0.247821,-0.083575
-0.049793,-0.245318,-0.082514
-0.050290,-0.248341,-0.084795
-0.054648,-0.246589,-0.085255
-0.057074,-0.245382,-0.086591
-0.057379,-0.243244,-0.086152
-0.061398,-0.244951,-0.087151
-0.063255,-0.245451,-0.088200
-0.066936,-0.245935,-0.090079
-0.067957,-0.244539,-0.091165
-0.072709,-0.246107,-0.094575
-0.075740,-0.246152,-0.095149
-0.088801,-0.258654,-0.105344
0.165751,-0.352773,-0.033385
0.166994,-0.350849,-0.030949
0.165794,-0.349049,-0.030132
0.164999,-0.346871,-0.030264
0.163442,-0.347091,-0.030556
0.162166,-0.345238,-0.029611
0.161556,-0.343462,-0.031122
0.161323,-0.343695,-0.028985
0.162377,-0.341364,-0.029559
0.160291,-0.338614,-0.031021
0.158736,-0.338703,-0.028166
0.156865,-0.337064,-0.029522
0.156917,-0.336347,-0.030558
0.154292,-0.332477,-0.030047
0.154239,-0.332987,-0.029270
0.151013,-0.333253,-0.029047
0.152747,-0.331867,-0.029988
0.151345,-0.328923,-0.029236
0.148139,-0.328049,-0.030367
0.148128,-0.326420,-0.028967
0.147619,-0.327799,-0.029948
0.144589,-0.325916,-0.029416
0.141661,-0.324810,-0.031612
0.141357,-0.325195,-0.030533
0.140071,-0.325713,-0.031401
0.136845,-0.324668,-0.030812
0.138116,-0.323456,-0.033054
0.134342,-0.322513,-0.032670
0.132685,-0.320635,-0.033406
0.131569,-0.321535,-0.032225
0.131150,-0.318062,-0.031318
0.129640,-0.320336,-0.032927
0.127122,-0.318425,-0.034757
0.124219,-0.317834,-0.034936
0.122171,-0.319541,-0.037035
0.120941,-0.318383,-0.037870
0.120064,-0.318680,-0.038010
0.116814,-0.318606,-0.038946
0.114353,-0.319486,-0.040147
0.111583,-0.319263,-0.041662
0.108100,-0.319704,-0.042219
0.107683,-0.318494,-0.043548
0.104530,-0.318526,-0.044099
0.101910,-0.318571,-0.045880
0.098375,-0.321127,-0.047007
0.098497,-0.319525,-0.049471
0.094080,-0.321175,-0.048778
0.092794,-0.320435,-0.050908
0.089335,-0.318508,-0.050778
0.089925,-0.318704,-0.050890
0.088209,-0.317937,-0.052209
0.081972,-0.321854,-0.057397
0.072984,-0.325883,-0.060989
0.064835,-0.334014,-0.069613
0.017890,-0.326474,-0.085837
0.019777,-0.326643,-0.083761
0.018277,-0.322521,-0.082567
0.019592,-0.321346,-0.082785
0.019126,-0.318271,-0.084171
0.018938,-0.316691,-0.081454
0.019214,-0.313486,-0.083320
0.018877,-0.312146,-0.080364
0.017081,-0.308642,-0.079543
0.016374,-0.308423,-0.081288
0.014757,-0.307969,-0.080561
0.013750,-0.306654,-0.079407
0.013946,-0.304459,-0.079734
0.011407,-0.302389,-0.079531
0.011755,-0.300469,-0.078339
0.011126,-0.300680,-0.079476
0.009291,-0.299575,-0.078639
0.008061,-0.297620,-0.076318
0.005919,-0.295770,-0.079893
0.007341,-0.293485,-0.077199
0.005238,-0.293413,-0.078021
0.005513,-0.290797,-0.077328
0.002528,-0.289830,-0.076755
0.000069,-0.289309,-0.077095
0.001914,-0.286620,-0.076972
0.001258,-0.285066,-0.075350
0.000553,-0.283228,-0.076698
-0.000372,-0.283861,-0.075538
-0.001843,-0.282245,-0.076210
-0.004373,-0.279229,-0.075118
-0.002646,-0.279256,-0.075962
-0.004988,-0.276806,-0.075831
-0.009163,-0.276791,-0.074456
-0.008868,-0.275737,-0.076896
-0.008961,-0.274638,-0.076594
-0.010519,-0.276568,-0.077003
-0.012123,-0.274213,-0.077377
-0.015128,-0.271218,-0.078212
-0.016414,-0.272669,-0.076166
-0.016716,-0.270200,-0.077982
-0.018327,-0.269141,-0.077012
-0.020511,-0.271530,-0.077844
-0.021075,-0.267043,-0.077136
-0.022104,-0.267996,-0.079207
-0.022781,-0.265729,-0.079063
-0.025314,-0.266228,-0.076925
-0.025392,-0.264026,-0.079391
-0.029859,-0.263722,-0.078847
-0.030069,-0.262676,-0.078552
-0.031121,-0.259931,-0.077780
-0.031944,-0.260124,-0.081329
-0.033898,-0.259415,-0.079980
-0.035151,-0.256312,-0.080231
-0.035496,-0.256820,-0.081797
-0.036920,-0.255514,-0.078238
-0.039138,-0.253056,-0.077815
-0.039394,-0.252246,-0.079061
-0.041153,-0.252478,-0.079808
-0.044115,-0.251903,-0.082487
-0.045129,-0.251551,-0.081686
-0.046187,-0.250536,-0.081262
-0.047639,-0.250003,-0.084206
-0.049927,-0.248729,-0.082635
-0.052969,-0.248384,-0.083592
-0.053665,-0.247914,-0.083094
-0.054034,-0.247658,-0.084333
-0.057518,-0.245555,-0.086159
-0.061291,-0.245813,-0.084711
-0.063625,-0.246543,-0.086145
-0.065912,-0.246791,-0.089382
-0.069275,-0.247965,-0.093020
-0.071770,-0.249025,-0.092359
-0.074928,-0.249980,-0.093297
-0.085233,-0.255770,-0.100314
0.162446,-0.352530,-0.031227
0.164694,-0.350748,-0.030682
0.162884,-0.349249,-0.030344
0.160587,-0.349839,-0.030276
0.162001,-0.346345,-0.028141
0.160403,-0.345383,-0.029545
0.159021,-0.346008,-0.029167
0.159594,-0.342115,-0.030490
0.157910,-0.340713,-0.028275
0.156889,-0.340867,-0.028682
0.154828,-0.339343,-0.027980
0.154521,-0.336900,-0.027174
0.154267,-0.336543,-0.030211
0.151909,-0.333420,-0.029465
0.150082,-0.335784,-0.027584
0.151061,-0.332212,-0.028991
0.149116,-0.330107,-0.028122
0.149056,-0.327937,-0.028724
0.145582,-0.327376,-0.028373
0.145140,-0.329582,-0.028274
0.143691,-0.327280,-0.029423
0.140110,-0.327220,-0.028773
0.141268,-0.326150,-0.030565
0.139089,-0.326173,-0.030039
0.135666,-0.326636,-0.032916
0.133398,-0.323852,-0.030066
0.133703,-0.324400,-0.032438
0.132715,-0.322404,-0.033994
0.129137,-0.323566,-0.034462
0.129551,-0.320602,-0.033647
0.125679,-0.322951,-0.035090
0.126903,-0.321114,-0.034095
0.121231,-0.321402,-0.034911
0.120843,-0.321922,-0.036926
0.117058,-0.320980,-0.037716
0.115384,-0.322182,-0.039064
0.111443,-0.319527,-0.038713
0.110214,-0.321348,-0.039865
0.109732,-0.321683,-0.040540
0.107122,-0.320565,-0.040864
0.106309,-0.321034,-0.043318
0.103000,-0.322362,-0.044328
0.099006,-0.321350,-0.045920
0.097011,-0.322486,-0.047141
0.095332,-0.321581,-0.046851
0.094278,-0.323625,-0.049804
0.088801,-0.322731,-0.050080
0.089443,-0.321903,-0.050436
0.087152,-0.324497,-0.053259
0.080952,-0.324329,-0.053774
0.073537,-0.331788,-0.063710
0.018397,-0.327595,-0.085820
0.019392,-0.323114,-0.083592
0.016367,-0.323233,-0.082480
0.018799,-0.322003,-0.081192
0.016052,-0.318096,-0.082284
0.014661,-0.315697,-0.079375
0.013974,-0.317291,-0.080506
0.015363,-0.313488,-0.079878
0.014137,-0.311445,-0.080357
0.011492,-0.310626,-0.079928
0.013069,-0.306849,-0.078301
0.010104,-0.305735,-0.076919
0.008333,-0.304356,-0.078635
0.010099,-0.302512,-0.078652
0.008272,-0.300858,-0.078652
0.006538,-0.298475,-0.077289
0.007148,-0.298368,-0.077091
0.007474,-0.298093,-0.076950
0.005851,-0.296545,-0.076480
0.005041,-0.294527,-0.077222
0.003648,-0.292253,-0.076551
0.001911,-0.292539,-0.077580
0.000916,-0.289186,-0.074767
0.000696,-0.288890,-0.073552
-0.001789,-0.285461,-0.075611
-0.000548,-0.286372,-0.074258
-0.003582,-0.283873,-0.074995
-0.003073,-0.281672,-0.075435
-0.005633,-0.282246,-0.074880
-0.006821,-0.281988,-0.075030
-0.007150,-0.280961,-0.074287
-0.009343,-0.280289,-0.075137
-0.014617,-0.279295,-0.076476
-0.011768,-0.276712,-0.076212
-0.012801,-0.276646,-0.076911
-0.014561,-0.274512,-0.076953
-0.016865,-0.273526,-0.074891
-0.016321,-0.273477,-0.075603
-0.019146,-0.272600,-0.077532
-0.019919,-0.270741,-0.076437
-0.021109,-0.271607,-0.077427
-0.022898,-0.270086,-0.075867
-0.026034,-0.267492,-0.075969
-0.025123,-0.266310,-0.078766
-0.027846,-0.265155,-0.077715
-0.029063,-0.265845,-0.078408
-0.029732,-0.264436,-0.078024
-0.030878,-0.264458,-0.077508
-0.033427,-0.261813,-0.078433
-0.033849,-0.259600,-0.077987
-0.036788,-0.259765,-0.077986
-0.036724,-0.258659,-0.078473
-0.037844,-0.259131,-0.078764
-0.039567,-0.258271,-0.080097
-0.040405,-0.254560,-0.079711
-0.042031,-0.255307,-0.078535
-0.042912,-0.254639,-0.079614
-0.046060,-0.253149,-0.080576
-0.047904,-0.251919,-0.080129
-0.048572,-0.253740,-0.082093
-0.049406,-0.253064,-0.080187
-0.053048,-0.250927,-0.081932
-0.053518,-0.250112,-0.082738
-0.056125,-0.251388,-0.081971
-0.058291,-0.248865,-0.082584
-0.059533,-0.247950,-0.084322
-0.062597,-0.248858,-0.085828
-0.066969,-0.250309,-0.088021
-0.069874,-0.250949,-0.089169
-0.070608,-0.251060,-0.090470
-0.074873,-0.251729,-0.094155
-0.081233,-0.257289,-0.097575
0.162502,-0.348495,-0.029431
0.161687,-0.349565,-0.028602
0.159881,-0.349333,-0.029946
0.156927,-0.348718,-0.027444
0.160612,-0.347126,-0.026688
0.156193,-0.344088,-0.027790
0.156561,-0.343938,-0.029090
0.155654,-0.342273,-0.027876
0.154925,-0.340208,-0.027320
0.153607,-0.337087,-0.026536
0.151000,-0.337335,-0.028826
0.150399,-0.337979,-0.028700
0.149542,-0.337132,-0.027320
0.148503,-0.334155,-0.028248
0.147095,-0.334403,-0.027771
0.146701,-0.332801,-0.027096
0.144600,-0.331961,-0.027466
0.141745,-0.329901,-0.029603
0.142181,-0.330684,-0.029249
0.139108,-0.331172,-0.028146
0.137165,-0.328701,-0.029348
0.136340,-0.328096,-0.030371
0.133407,-0.328212,-0.030108
0.130913,-0.326473,-0.031436
0.131147,-0.325424,-0.031550
0.128442,-0.325090,-0.030964
0.127412,-0.325033,-0.033822
0.125463,-0.324150,-0.032375
0.123668,-0.323940,-0.033277
0.122148,-0.322619,-0.033595
0.119351,-0.321147,-0.034041
0.118535,-0.324987,-0.036711
0.115445,-0.323558,-0.039429
0.113873,-0.324433,-0.039783
0.111596,-0.323445,-0.039142
0.107617,-0.326028,-0.040763
0.104652,-0.322933,-0.039932
0.105500,-0.324213,-0.042642
0.101813,-0.324217,-0.042856
0.097749,-0.324028,-0.044438
0.097414,-0.324591,-0.045674
0.096670,-0.326626,-0.045223
0.091940,-0.326060,-0.049100
0.089417,-0.324928,-0.048983
0.087051,-0.325441,-0.052581
0.085311,-0.324296,-0.051866
0.081535,-0.326731,-0.054661
0.074459,-0.332384,-0.061787
0.015733,-0.326862,-0.081686
0.014944,-0.324183,-0.083649
0.015368,-0.320929,-0.080641
0.014536,-0.320268,-0.081450
0.013402,-0.318382,-0.082096
0.012398,-0.316773,-0.079722
0.012259,-0.317896,-0.080525
0.010920,-0.313304,-0.078949
0.009084,-0.313428,-0.078398
0.009483,-0.309022,-0.078619
0.008672,-0.308428,-0.079737
0.008281,-0.308212,-0.075682
0.007875,-0.306508,-0.077272
0.006838,-0.303838,-0.076783
0.006287,-0.302711,-0.076043
0.003969,-0.299629,-0.076484
0.002051,-0.300753,-0.075744
0.003146,-0.297185,-0.076336
0.003005,-0.296554,-0.075830
0.001537,-0.295353,-0.073641
0.000065,-0.294830,-0.075707
-0.000693,-0.291405,-0.073161
-0.000741,-0.292037,-0.073292
-0.001733,-0.287548,-0.075341
-0.002118,-0.287577,-0.074005
-0.003251,-0.285610,-0.074392
-0.006007,-0.286666,-0.073971
-0.007128,-0.284500,-0.075156
-0.010190,-0.282155,-0.076250
-0.013019,-0.281656,-0.074275
-0.012152,-0.279803,-0.074712
-0.013581,-0.281203,-0.075895
-0.016161,-0.279820,-0.076035
-0.015476,-0.277982,-0.075537
-0.017663,-0.275934,-0.073370
-0.017856,-0.275928,-0.076845
-0.020273,-0.274270,-0.075539
-0.022585,-0.275076,-0.076415
-0.022433,-0.271710,-0.076206
-0.022850,-0.274315,-0.075370
-0.027365,-0.271998,-0.075458
-0.027308,-0.269497,-0.074232
-0.026454,-0.269662,-0.076225
-0.029523,-0.269259,-0.076493
-0.032441,-0.266579,-0.078109
-0.032658,-0.264489,-0.078155
-0.034989,-0.266143,-0.076011
-0.035211,-0.262391,-0.077555
-0.034914,-0.262666,-0.077257
-0.036108,-0.262308,-0.078325
-0.037894,-0.261787,-0.076523
-0.039362,-0.260022,-0.077243
-0.042618,-0.257348,-0.077127
-0.042866,-0.258611,-0.078819
-0.044200,-0.257280,-0.078990
-0.046637,-0.254856,-0.077943
-0.047161,-0.254431,-0.079136
-0.048367,-0.256442,-0.079817
-0.048475,-0.254827,-0.081698
-0.052917,-0.254663,-0.082217
-0.056244,-0.251846,-0.083033
-0.056068,-0.250598,-0.083016
-0.058960,-0.252821,-0.082992
-0.060596,-0.251262,-0.085532
-0.062664,-0.252041,-0.083733
-0.066997,-0.251387,-0.087172
-0.069018,-0.252998,-0.089358
-0.071785,-0.253800,-0.089867
-0.075193,-0.252762,-0.090584
-0.078687,-0.253196,-0.092829
0.156767,-0.350346,-0.028041
0.156591,-0.348694,-0.027831
0.157493,-0.346884,-0.027786
0.155262,-0.345177,-0.028198
0.154038,-0.345292,-0.027966
0.154747,-0.343202,-0.026968
0.152931,-0.341534,-0.026096
0.151624,-0.340293,-0.024203
0.149734,-0.338343,-0.026654
0.149676,-0.337628,-0.026517
0.147963,-0.337397,-0.027381
0.145385,-0.332872,-0.025736
0.144890,-0.334607,-0.025927
0.144650,-0.333623,-0.026872
0.141378,-0.332960,-0.028220
0.141000,-0.331773,-0.028690
0.137992,-0.330610,-0.029174
0.137819,-0.332042,-0.030936
0.138134,-0.329763,-0.027539
0.133189,-0.330462,-0.030540
0.133937,-0.328978,-0.032494
0.129154,-0.328420,-0.031748
0.129069,-0.326313,-0.030693
0.127109,-0.326372,-0.030676
0.125787,-0.327504,-0.030944
0.124164,-0.325336,-0.033992
0.118852,-0.327197,-0.034719
0.119572,-0.328807,-0.034617
0.116854,-0.326560,-0.034548
0.115971,-0.326906,-0.037829
0.112306,-0.328097,-0.037213
0.111400,-0.326533,-0.039769
0.108417,-0.325684,-0.038534
0.106386,-0.325399,-0.041005
0.105314,-0.326192,-0.040781
0.101221,-0.326440,-0.043406
0.098821,-0.327663,-0.044303
0.098600,-0.327459,-0.045135
0.092432,-0.326931,-0.046382
0.090720,-0.327342,-0.046684
0.089766,-0.326888,-0.049303
0.088894,-0.329061,-0.049445
0.085190,-0.328205,-0.050964
0.079362,-0.333133,-0.055359
0.012459,-0.324618,-0.082151
0.012910,-0.320786,-0.079710
0.011107,-0.319819,-0.080084
0.011838,-0.317628,-0.077722
0.011307,-0.315464,-0.077767
0.007991,-0.316474,-0.080406
0.007963,-0.312348,-0.078431
0.007225,-0.311420,-0.077824
0.008339,-0.310381,-0.078470
0.006412,-0.309540,-0.077380
0.006421,-0.310136,-0.076782
0.003469,-0.305084,-0.078886
0.004421,-0.305169,-0.076471
0.002526,-0.303537,-0.077143
0.003162,-0.300596,-0.075399
-0.000457,-0.298930,-0.075379
-0.000338,-0.297920,-0.074048
-0.000577,-0.296425,-0.073958
-0.000374,-0.295505,-0.075091
-0.002652,-0.292412,-0.073098
-0.002221,-0.292436,-0.073137
-0.004564,-0.290284,-0.072947
-0.005196,-0.291048,-0.073162
-0.006682,-0.289004,-0.074872
-0.008454,-0.286453,-0.074321
-0.009415,-0.284702,-0.074102
-0.012049,-0.284561,-0.074454
-0.011534,-0.285091,-0.076188
-0.013476,-0.281677,-0.076279
-0.014567,-0.282356,-0.071985
-0.015520,-0.280041,-0.075802
-0.017279,-0.279614,-0.074385
-0.017122,-0.279501,-0.074831
-0.020521,-0.277682,-0.076196
-0.021892,-0.277016,-0.075756
-0.021707,-0.276819,-0.075247
-0.024604,-0.274503,-0.074956
-0.026190,-0.274090,-0.076400
-0.027666,-0.273516,-0.074470
-0.027234,-0.271412,-0.075955
-0.029780,-0.271974,-0.075965
-0.032036,-0.267698,-0.074393
-0.032256,-0.268131,-0.077990
-0.033241,-0.267643,-0.076696
-0.033807,-0.266928,-0.076186
-0.035118,-0.264336,-0.076758
-0.037417,-0.265432,-0.076120
-0.039904,-0.262535,-0.076494
-0.040677,-0.262788,-0.075613
-0.039957,-0.262051,-0.076501
-0.042385,-0.258940,-0.077003
-0.043365,-0.257369,-0.075328
-0.048272,-0.257828,-0.079065
-0.046645,-0.258362,-0.080532
-0.048572,-0.258164,-0.078960
-0.050008,-0.256140,-0.080188
-0.054416,-0.256060,-0.080372
-0.057268,-0.256169,-0.081830
-0.055222,-0.255463,-0.081539
-0.059108,-0.254263,-0.081446
-0.060361,-0.255217,-0.082251
-0.063891,-0.254603,-0.085667
-0.065616,-0.255899,-0.084598
-0.069056,-0.254499,-0.087234
-0.070814,-0.256723,-0.087246
-0.074236,-0.256041,-0.089018
-0.076815,-0.256719,-0.091034
-0.093618,-0.268965,-0.102938
0.154801,-0.350287,-0.027614
0.155662,-0.348476,-0.025705
0.153086,-0.348395,-0.027229
0.151941,-0.345368,-0.024837
0.150224,-0.342601,-0.027265
0.149842,-0.341766,-0.026682
0.148314,-0.340855,-0.024927
0.147055,-0.338998,-0.023964
0.147638,-0.337835,-0.026779
0.145176,-0.337745,-0.024712
0.142579,-0.337840,-0.027557
0.142934,-0.335572,-0.028263
0.138759,-0.333655,-0.027931
0.139210,-0.336805,-0.026464
0.137559,-0.334811,-0.027226
0.135404,-0.334549,-0.027720
0.131876,-0.333796,-0.030587
0.130032,-0.329596,-0.029985
0.130746,-0.332221,-0.030891
0.130264,-0.330646,-0.029192
0.127329,-0.331143,-0.028820
0.126760,-0.328139,-0.030534
0.123681,-0.331041,-0.032200
0.122511,-0.328742,-0.032070
0.119147,-0.328622,-0.033256
0.116664,-0.330473,-0.035115
0.115366,-0.328053,-0.035452
0.112169,-0.329195,-0.037527
0.109817,-0.328823,-0.037794
0.107049,-0.329076,-0.038762
0.105667,-0.328719,-0.039666
0.104627,-0.330066,-0.039731
0.103171,-0.331216,-0.042459
0.099427,-0.330468,-0.044247
0.095201,-0.330697,-0.045461
0.094216,-0.331772,-0.046024
0.090754,-0.331059,-0.046164
0.088241,-0.331183,-0.047908
0.087139,-0.332830,-0.050025
0.083730,-0.332785,-0.050777
0.009736,-0.321149,-0.079265
0.006854,-0.320886,-0.078666
0.007250,-0.318821,-0.078007
0.007288,-0.316790,-0.078194
0.006907,-0.315530,-0.080485
0.006083,-0.314372,-0.075802
0.006854,-0.312086,-0.076646
0.003564,-0.310315,-0.076615
0.002044,-0.308509,-0.073126
0.003631,-0.308007,-0.077008
0.002559,-0.307440,-0.074994
0.000822,-0.305289,-0.075780
0.000751,-0.303229,-0.075184
0.000402,-0.301002,-0.073216
0.000115,-0.299925,-0.075416
-0.002074,-0.298817,-0.074940
-0.001713,-0.298797,-0.072249
-0.004424,-0.294984,-0.073388
-0.005382,-0.292271,-0.074530
-0.005360,-0.292356,-0.074525
-0.009004,-0.291452,-0.073781
-0.008481,-0.290266,-0.072127
-0.011248,-0.290086,-0.073268
-0.011516,-0.286927,-0.072726
-0.014300,-0.288770,-0.074223
-0.015772,-0.284584,-0.073836
-0.016727,-0.284350,-0.073996
-0.016975,-0.284966,-0.073653
-0.016645,-0.283692,-0.077235
-0.019092,-0.284014,-0.074492
-0.020322,-0.280909,-0.074765
-0.022187,-0.279307,-0.073919
-0.023442,-0.280792,-0.075972
-0.025454,-0.279737,-0.075337
-0.026028,-0.277419,-0.076503
-0.026687,-0.276289,-0.074943
-0.028468,-0.275469,-0.074799
-0.029080,-0.275915,-0.075747
-0.030788,-0.272050,-0.075200
-0.032118,-0.270229,-0.076792
-0.034941,-0.271615,-0.075154
-0.036021,-0.269930,-0.074744
-0.036396,-0.268741,-0.076635
-0.037499,-0.266982,-0.074640
-0.038736,-0.266897,-0.076315
-0.040358,-0.264005,-0.075349
-0.042005,-0.264594,-0.077366
-0.042261,-0.262753,-0.076712
-0.043687,-0.263920,-0.076942
-0.046600,-0.262115,-0.076404
-0.049074,-0.261095,-0.077603
-0.050502,-0.260933,-0.079414
-0.050093,-0.258951,-0.079914
-0.052847,-0.258176,-0.079211
-0.054618,-0.259168,-0.079488
-0.057567,-0.258671,-0.079213
-0.057673,-0.255735,-0.079289
-0.059086,-0.254817,-0.080000
-0.064397,-0.255132,-0.080522
-0.066244,-0.258462,-0.084660
-0.068318,-0.258611,-0.086482
-0.070833,-0.260167,-0.086745
-0.073566,-0.256505,-0.086574
-0.078244,-0.258919,-0.090687
-0.086543,-0.264866,-0.098250
0.150677,-0.347581,-0.024425
0.150750,-0.347652,-0.027367
0.148573,-0.344847,-0.024976
0.149420,-0.343488,-0.025597
0.147654,-0.345651,-0.023669
0.146305,-0.341832,-0.026323
0.142838,-0.340123,-0.023751
0.144545,-0.340417,-0.024048
0.141162,-0.338237,-0.026094
0.140023,-0.338138,-0.028801
0.140615,-0.336449,-0.026197
0.137189,-0.338275,-0.026796
0.135242,-0.336386,-0.026525
0.133295,-0.337114,-0.028935
0.133914,-0.334186,-0.028707
0.129149,-0.334346,-0.028864
0.127365,-0.333344,-0.029202
0.125591,-0.332599,-0.030872
0.127212,-0.333647,-0.029458
0.123495,-0.333385,-0.030593
0.121581,-0.330652,-0.032165
0.118687,-0.334009,-0.034229
0.118384,-0.332277,-0.033644
0.114217,-0.333888,-0.035195
0.111431,-0.332754,-0.036668
0.109965,-0.332516,-0.036191
0.107380,-0.331907,-0.038770
0.103228,-0.332399,-0.037281
0.103299,-0.331549,-0.038572
0.101900,-0.332538,-0.040018
0.099159,-0.333283,-0.040619
0.094606,-0.332535,-0.042655
0.092199,-0.333782,-0.046113
0.090168,-0.335955,-0.046874
0.088161,-0.336803,-0.048972
0.006232,-0.321157,-0.077836
0.006907,-0.319200,-0.078822
0.005824,-0.318879,-0.078896
0.004892,-0.317703,-0.077343
0.005337,-0.315198,-0.076622
0.003449,-0.315171,-0.077648
0.003168,-0.313646,-0.073797
0.002032,-0.308739,-0.074234
0.002309,-0.310487,-0.073585
0.001593,-0.307439,-0.074968
-0.000500,-0.305502,-0.074361
-0.001024,-0.304141,-0.072583
-0.000802,-0.304406,-0.073716
-0.002742,-0.301670,-0.073991
-0.005342,-0.298894,-0.075111
-0.003363,-0.296852,-0.073796
-0.005397,-0.299099,-0.073314
-0.006794,-0.296145,-0.075513
-0.007954,-0.296313,-0.073452
-0.009577,-0.293351,-0.072890
-0.009737,-0.294228,-0.074067
-0.011598,-0.290797,-0.073614
-0.013754,-0.291156,-0.072849
-0.015095,-0.290254,-0.073477
-0.016043,-0.287582,-0.074844
-0.017425,-0.286193,-0.072962
-0.018965,-0.286412,-0.073345
-0.019040,-0.285583,-0.072903
-0.019890,-0.284378,-0.073095
-0.023470,-0.284201,-0.072769
-0.023788,-0.282123,-0.074120
-0.027004,-0.281104,-0.074772
-0.027690,-0.279556,-0.073770
-0.028506,-0.280500,-0.075084
-0.028806,-0.278460,-0.073269
-0.031257,-0.277608,-0.074466
-0.031034,-0.275622,-0.074883
-0.032159,-0.276121,-0.073006
-0.035273,-0.273478,-0.075292
-0.034537,-0.271073,-0.073491
-0.037251,-0.270078,-0.074220
-0.037117,-0.269694,-0.074703
-0.040085,-0.269356,-0.074119
-0.041756,-0.267507,-0.074181
-0.041987,-0.267289,-0.073928
-0.042906,-0.266073,-0.076668
-0.045466,-0.264161,-0.076651
-0.046406,-0.265270,-0.075137
-0.047743,-0.264999,-0.076071
-0.053050,-0.263405,-0.077954
-0.052761,-0.263229,-0.077396
-0.053220,-0.261003,-0.077436
-0.054593,-0.261223,-0.077107
-0.056651,-0.261435,-0.079990
-0.057818,-0.258336,-0.079614
-0.062129,-0.258606,-0.080411
-0.064959,-0.258502,-0.082978
-0.066991,-0.260791,-0.084913
-0.067534,-0.261330,-0.085202
-0.071740,-0.259718,-0.086209
-0.073872,-0.260003,-0.088450
-0.077410,-0.259931,-0.088321
-0.082085,-0.261213,-0.092324
0.148835,-0.348307,-0.025240
0.145152,-0.347046,-0.024501
0.145186,-0.344729,-0.022629
0.144300,-0.344264,-0.025518
0.142786,-0.345217,-0.025109
0.142265,-0.342509,-0.025313
0.139192,-0.340674,-0.026337
0.137403,-0.341686,-0.025126
0.135718,-0.339450,-0.025954
0.134908,-0.341952,-0.026078
0.132926,-0.337596,-0.027595
0.130830,-0.336632,-0.028376
0.129756,-0.335601,-0.029098
0.128144,-0.336720,-0.028956
0.126506,-0.336161,-0.029249
0.124622,-0.335408,-0.030777
0.123815,-0.334989,-0.031717
0.119815,-0.335181,-0.031885
0.117708,-0.332368,-0.031158
0.115977,-0.336047,-0.032030
0.112264,-0.333727,-0.034368
0.109774,-0.335518,-0.035428
0.109994,-0.334982,-0.036290
0.107261,-0.336144,-0.037970
0.103823,-0.336225,-0.038421
0.102086,-0.334394,-0.041445
0.099855,-0.336036,-0.039594
0.095946,-0.335393,-0.041587
0.093762,-0.337282,-0.043432
0.002481,-0.320746,-0.075304
0.004347,-0.319459,-0.075054
0.003621,-0.317021,-0.076116
0.001749,-0.314064,-0.077682
0.000907,-0.312646,-0.073657
0.001146,-0.311844,-0.073631
-0.001229,-0.312384,-0.073062
-0.000774,-0.308839,-0.073853
-0.002531,-0.308797,-0.073253
-0.002430,-0.307313,-0.072766
-0.004347,-0.304429,-0.074104
-0.005424,-0.303341,-0.073167
-0.004541,-0.300439,-0.070479
-0.006722,-0.300673,-0.072495
-0.008459,-0.299423,-0.073298
-0.008878,-0.297758,-0.074131
-0.009465,-0.295584,-0.072400
-0.014127,-0.295800,-0.072627
-0.013716,-0.294699,-0.071769
-0.014400,-0.293555,-0.072823
-0.016028,-0.292472,-0.070778
-0.017071,-0.292238,-0.072160
-0.018183,-0.291300,-0.074875
-0.020426,-0.290335,-0.074780
-0.020479,-0.287748,-0.073226
-0.021488,-0.288106,-0.072602
-0.021770,-0.286936,-0.073819
-0.022618,-0.284909,-0.073714
-0.025513,-0.284872,-0.071076
-0.025838,-0.281772,-0.071067
-0.026346,-0.280230,-0.073654
-0.028754,-0.281249,-0.070840
-0.030113,-0.279290,-0.075873
-0.031165,-0.276842,-0.073886
-0.032514,-0.276371,-0.075175
-0.034007,-0.274446,-0.073505
-0.034375,-0.272725,-0.072635
-0.036447,-0.273868,-0.072714
-0.038799,-0.273423,-0.074646
-0.039038,-0.272120,-0.074130
-0.040932,-0.270949,-0.075821
-0.042043,-0.268756,-0.074621
-0.042829,-0.267818,-0.074169
-0.045590,-0.267536,-0.076260
-0.047392,-0.266169,-0.074076
-0.050782,-0.268011,-0.076217
-0.051567,-0.266086,-0.077869
-0.051731,-0.265505,-0.078154
-0.055329,-0.263838,-0.076651
-0.056551,-0.265865,-0.075211
-0.058748,-0.265786,-0.079227
-0.060180,-0.262626,-0.078271
-0.061818,-0.262824,-0.079162
-0.063406,-0.262825,-0.080540
-0.065353,-0.263794,-0.084223
-0.070374,-0.262202,-0.083370
-0.072292,-0.263263,-0.084295
-0.072790,-0.263507,-0.086651
-0.077426,-0.263174,-0.088419
-0.080435,-0.263917,-0.088715
0.144171,-0.346894,-0.023866
0.140222,-0.346137,-0.022914
0.139441,-0.343039,-0.025915
0.138719,-0.343742,-0.025311
0.135405,-0.344117,-0.026739
0.136732,-0.343587,-0.026816
0.132059,-0.342447,-0.025989
0.131223,-0.340658,-0.028273
0.129489,-0.341315,-0.027460
0.127219,-0.341599,-0.027365
0.126394,-0.339836,-0.027809
0.125086,-0.338092,-0.030094
0.121563,-0.336350,-0.027802
0.120965,-0.338147,-0.031684
0.118398,-0.339057,-0.033003
0.115030,-0.337727,-0.030962
0.113907,-0.338420,-0.033363
0.110410,-0.339047,-0.035109
0.106804,-0.338770,-0.034473
0.108051,-0.336797,-0.038196
0.104455,-0.337930,-0.038647
0.101992,-0.337581,-0.038320
0.001301,-0.321785,-0.075824
0.001618,-0.321242,-0.073290
0.001320,-0.318131,-0.073665
-0.001242,-0.316718,-0.073886
-0.001634,-0.314266,-0.073752
-0.000358,-0.314464,-0.073694
-0.003150,-0.312603,-0.072979
-0.003236,-0.308108,-0.070576
-0.004303,-0.308485,-0.071393
-0.005563,-0.306329,-0.071000
-0.007613,-0.305178,-0.073235
-0.007302,-0.302816,-0.071064
-0.007219,-0.301986,-0.071765
-0.010686,-0.302273,-0.071347
-0.010503,-0.299850,-0.071704
-0.011877,-0.297544,-0.072114
-0.014165,-0.297861,-0.072113
-0.014107,-0.298303,-0.071096
-0.016794,-0.295006,-0.072195
-0.016167,-0.295641,-0.071289
-0.018539,-0.293574,-0.069587
-0.019158,-0.292602,-0.073019
-0.019653,-0.290282,-0.072273
-0.021618,-0.291568,-0.071083
-0.025248,-0.289559,-0.071356
-0.024176,-0.286800,-0.071356
-0.024563,-0.284910,-0.072791
-0.026770,-0.284991,-0.071286
-0.029701,-0.283828,-0.072493
-0.031067,-0.282991,-0.071387
-0.029186,-0.281792,-0.071796
-0.032456,-0.280659,-0.071510
-0.033913,-0.279816,-0.072667
-0.033661,-0.277723,-0.072472
-0.036466,-0.277427,-0.071939
-0.036785,-0.276528,-0.073531
-0.038290,-0.275099,-0.074929
-0.039519,-0.275780,-0.073654
-0.042602,-0.272455,-0.072033
-0.041898,-0.272630,-0.072437
-0.044333,-0.271524,-0.073398
-0.044991,-0.270318,-0.074496
-0.047249,-0.270097,-0.074870
-0.049987,-0.268375,-0.075543
-0.052277,-0.269576,-0.075620
-0.051396,-0.269011,-0.077111
-0.054159,-0.268820,-0.075962
-0.056252,-0.266536,-0.076469
-0.056457,-0.267500,-0.077660
-0.059818,-0.265496,-0.077632
-0.062236,-0.263884,-0.078990
-0.064208,-0.262748,-0.078639
-0.066357,-0.262835,-0.080230
-0.067331,-0.264269,-0.082586
-0.071165,-0.262444,-0.081761
-0.074631,-0.267051,-0.084022
-0.075384,-0.265382,-0.084923
-0.080790,-0.266960,-0.086649
-0.095601,-0.278107,-0.101429
0.127706,-0.342598,-0.026679
0.126184,-0.339937,-0.028229
0.125385,-0.341815,-0.029868
0.122535,-0.342481,-0.029435
0.121119,-0.339502,-0.029495
0.117447,-0.342148,-0.029963
-0.000751,-0.317902,-0.072527
-0.002649,-0.317463,-0.071847
-0.003677,-0.318539,-0.072765
-0.003713,-0.315208,-0.072403
-0.005220,-0.313214,-0.070225
-0.005429,-0.310035,-0.070809
-0.005712,-0.307147,-0.070925
-0.006221,-0.307557,-0.071165
-0.006838,-0.306570,-0.071353
-0.009737,-0.306648,-0.072461
-0.009625,-0.304707,-0.071377
-0.011376,-0.303367,-0.071122
-0.013552,-0.303426,-0.070690
-0.014847,-0.302075,-0.071830
-0.015692,-0.301349,-0.072013
-0.016870,-0.297670,-0.071183
-0.016830,-0.295107,-0.070967
-0.019061,-0.296647,-0.071601
-0.020414,-0.294666,-0.070865
-0.019904,-0.291769,-0.071015
-0.022957,-0.293659,-0.071171
-0.025227,-0.291932,-0.070775
-0.024305,-0.291137,-0.071398
-0.027739,-0.290818,-0.070441
-0.029101,-0.286481,-0.072880
-0.028974,-0.285870,-0.071900
-0.030839,-0.284841,-0.072877
-0.030793,-0.284563,-0.072597
-0.034948,-0.283276,-0.070621
-0.034207,-0.282635,-0.072850
-0.035907,-0.282906,-0.072249
-0.038390,-0.281229,-0.072783
-0.037250,-0.279574,-0.073391
-0.041130,-0.278468,-0.072656
-0.040226,-0.278310,-0.071940
-0.041029,-0.274732,-0.071533
-0.044707,-0.275458,-0.072977
-0.042756,-0.273355,-0.071919
-0.046327,-0.273313,-0.072284
-0.048397,-0.270914,-0.074351
-0.050593,-0.272326,-0.074543
-0.051697,-0.271024,-0.074645
-0.054063,-0.270160,-0.076314
-0.054318,-0.270292,-0.075408
-0.057413,-0.268878,-0.075036
-0.057385,-0.268606,-0.075408
-0.059578,-0.266279,-0.076997
-0.061852,-0.267141,-0.077200
-0.062458,-0.268150,-0.078456
-0.066958,-0.265760,-0.078227
-0.068009,-0.266886,-0.080786
-0.072173,-0.266793,-0.081712
-0.072278,-0.266897,-0.084623
-0.077588,-0.268978,-0.085774
-0.079332,-0.268751,-0.086817
-0.089093,-0.276530,-0.093827
-0.005183,-0.317234,-0.071224
-0.004019,-0.315755,-0.070612
-0.005641,-0.313678,-0.072088
-0.006364,-0.311334,-0.071089
-0.007619,-0.312248,-0.072784
-0.009674,-0.310248,-0.070027
-0.011247,-0.309040,-0.070376
-0.010956,-0.307490,-0.071480
-0.012097,-0.306385,-0.072984
-0.013690,-0.304475,-0.069654
-0.014076,-0.302682,-0.070716
-0.017079,-0.305107,-0.071991
-0.015849,-0.302577,-0.070462
-0.016840,-0.299524,-0.071719
-0.020817,-0.299416,-0.071095
-0.021970,-0.298880,-0.070217
-0.021280,-0.297000,-0.070354
-0.024056,-0.295278,-0.071131
-0.022667,-0.292687,-0.071994
-0.028032,-0.292888,-0.070607
-0.027353,-0.291775,-0.070654
-0.026352,-0.290219,-0.070375
-0.029973,-0.288992,-0.071936
-0.029932,-0.291478,-0.070941
-0.032910,-0.286985,-0.071494
-0.034231,-0.286649,-0.072310
-0.036484,-0.283134,-0.071780
-0.037081,-0.285912,-0.071759
-0.037057,-0.282790,-0.072287
-0.038468,-0.282440,-0.071300
-0.038771,-0.280965,-0.071995
-0.042507,-0.279812,-0.070585
-0.041626,-0.278522,-0.071293
-0.043650,-0.278696,-0.069916
-0.046215,-0.276859,-0.071997
-0.044874,-0.277433,-0.074665
-0.047121,-0.275259,-0.071680
-0.050779,-0.275740,-0.074584
-0.052876,-0.272939,-0.074197
-0.053128,-0.271960,-0.074750
-0.054695,-0.273688,-0.074686
-0.058216,-0.274004,-0.074521
-0.059773,-0.271739,-0.076347
-0.057810,-0.271307,-0.076500
-0.062139,-0.269381,-0.078206
-0.062770,-0.269208,-0.077276
-0.065583,-0.268791,-0.076538
-0.069590,-0.267963,-0.078634
-0.071039,-0.270434,-0.082564
-0.074197,-0.268967,-0.081203
-0.076998,-0.271101,-0.082700
-0.079506,-0.271755,-0.085567
-0.084640,-0.273782,-0.087653
-0.006411,-0.315904,-0.070938
-0.010375,-0.314796,-0.071283
-0.010306,-0.314104,-0.071095
-0.012264,-0.313304,-0.068710
-0.011651,-0.311580,-0.070391
-0.012917,-0.309482,-0.069799
-0.015820,-0.307700,-0.069790
-0.017876,-0.307767,-0.070609
-0.016431,-0.305909,-0.070552
-0.018655,-0.305324,-0.072306
-0.018449,-0.304505,-0.069378
-0.020127,-0.303312,-0.068836
-0.021132,-0.299782,-0.070762
-0.022244,-0.301515,-0.069988
-0.025006,-0.299716,-0.070138
-0.025631,-0.297630,-0.069786
-0.026420,-0.295353,-0.070751
-0.027160,-0.295887,-0.069861
-0.028835,-0.293199,-0.070044
-0.030491,-0.293354,-0.068785
-0.028621,-0.291632,-0.068949
-0.031649,-0.291278,-0.069704
-0.033371,-0.290508,-0.071403
-0.034785,-0.290280,-0.070678
-0.036530,-0.286995,-0.069650
-0.035546,-0.285966,-0.070715
-0.039854,-0.284900,-0.070241
-0.040344,-0.284002,-0.070359
-0.042358,-0.284125,-0.071893
-0.043924,-0.282676,-0.071392
-0.044247,-0.281000,-0.072130
-0.044853,-0.280157,-0.070514
-0.047227,-0.279437,-0.071635
-0.050069,-0.279714,-0.071005
-0.051376,-0.278483,-0.072681
-0.052201,-0.277647,-0.073163
-0.054596,-0.275618,-0.071416
-0.054509,-0.274199,-0.073740
-0.055946,-0.275113,-0.073859
-0.060533,-0.272695,-0.073163
-0.061418,-0.272861,-0.075666
-0.062500,-0.273080,-0.076910
-0.064534,-0.273052,-0.075350
-0.067147,-0.272369,-0.077115
-0.067663,-0.269328,-0.077493
-0.070721,-0.271228,-0.081713
-0.074324,-0.273619,-0.081254
-0.076616,-0.273969,-0.083075
-0.079572,-0.273834,-0.082892
-0.084812,-0.273963,-0.085474
-0.011449,-0.315113,-0.069469
-0.013689,-0.314645,-0.070388
-0.013953,-0.313557,-0.069671
-0.015109,-0.312906,-0.068986
-0.016279,-0.310104,-0.070521
-0.017198,-0.310965,-0.070692
-0.018829,-0.307514,-0.068623
-0.020709,-0.307170,-0.068945
-0.022095,-0.303837,-0.068007
-0.022361,-0.303414,-0.070186
-0.023689,-0.302151,-0.071074
-0.025072,-0.301649,-0.069710
-0.025273,-0.300314,-0.069672
-0.025382,-0.300468,-0.070176
-0.028549,-0.297687,-0.069320
-0.031503,-0.297139,-0.068412
-0.031542,-0.294621,-0.070316
-0.033729,-0.294836,-0.068777
-0.033680,-0.293317,-0.068545
-0.035028,-0.293217,-0.068886
-0.035000,-0.290189,-0.070567
-0.037446,-0.291321,-0.070808
-0.037370,-0.290275,-0.069604
-0.037911,-0.289216,-0.070557
-0.038544,-0.287661,-0.068810
-0.043658,-0.285690,-0.072105
-0.045183,-0.284518,-0.070022
-0.044859,-0.284061,-0.069379
-0.046860,-0.282848,-0.072726
-0.046844,-0.281439,-0.070171
-0.049281,-0.281343,-0.071367
-0.051174,-0.278865,-0.072918
-0.053147,-0.278296,-0.071506
-0.055536,-0.279377,-0.072828
-0.056767,-0.278949,-0.072978
-0.057927,-0.276713,-0.075226
-0.059754,-0.276294,-0.073401
-0.059996,-0.276701,-0.074632
-0.063787,-0.274985,-0.074186
-0.064041,-0.274967,-0.074313
-0.065961,-0.274692,-0.076427
-0.069011,-0.273002,-0.076699
-0.070564,-0.273540,-0.075581
-0.074203,-0.275226,-0.078677
-0.078068,-0.275901,-0.080904
-0.079379,-0.278271,-0.082734
-0.083050,-0.276305,-0.083887
-0.015792,-0.315602,-0.069251
-0.017044,-0.315203,-0.068195
-0.019490,-0.313123,-0.068623
-0.019675,-0.312123,-0.070659
-0.021536,-0.309477,-0.068934
-0.021366,-0.308804,-0.069373
-0.023164,-0.305902,-0.069095
-0.023632,-0.308103,-0.068628
-0.026658,-0.305265,-0.068540
-0.026218,-0.303731,-0.068713
-0.028074,-0.302191,-0.066984
-0.028143,-0.300409,-0.069171
-0.029613,-0.298591,-0.068850
-0.031141,-0.299517,-0.069931
-0.033160,-0.296538,-0.069054
-0.033699,-0.297461,-0.070491
-0.034415,-0.295940,-0.068421
-0.038022,-0.294013,-0.067735
-0.038936,-0.295180,-0.068333
-0.037572,-0.291419,-0.067753
-0.038267,-0.290253,-0.069486
-0.040082,-0.289665,-0.067381
-0.042601,-0.289440,-0.069509
-0.046225,-0.288038,-0.070061
-0.046097,-0.284951,-0.071047
-0.047852,-0.286396,-0.070216
-0.048981,-0.284737,-0.070209
-0.048759,-0.284849,-0.070129
-0.051349,-0.281633,-0.071608
-0.053314,-0.282281,-0.071265
-0.052949,-0.281676,-0.071669
-0.055598,-0.281306,-0.072762
-0.058255,-0.280948,-0.073206
-0.061288,-0.279282,-0.073344
-0.061429,-0.277352,-0.073959
-0.062209,-0.276806,-0.075309
-0.065631,-0.276771,-0.073092
-0.067699,-0.277563,-0.073841
-0.070691,-0.277557,-0.075148
-0.070824,-0.277359,-0.076435
-0.073330,-0.277248,-0.079557
-0.077021,-0.278621,-0.080861
-0.081315,-0.278787,-0.083732
-0.082239,-0.281272,-0.083661
-0.019981,-0.313206,-0.071189
-0.023143,-0.312600,-0.069732
-0.024067,-0.311794,-0.068024
-0.025289,-0.307882,-0.069609
-0.025335,-0.308902,-0.068860
-0.025332,-0.305155,-0.068517
-0.027591,-0.305210,-0.066517
-0.029094,-0.304336,-0.068086
-0.030512,-0.303298,-0.068487
-0.030250,-0.301163,-0.069004
-0.033755,-0.301647,-0.069603
-0.032836,-0.301082,-0.066720
-0.035520,-0.299711,-0.067627
-0.037909,-0.295759,-0.068097
-0.038553,-0.295906,-0.068040
-0.040113,-0.295294,-0.069188
-0.037687,-0.294890,-0.069375
-0.041406,-0.290377,-0.068867
-0.044995,-0.292684,-0.067616
-0.043759,-0.288907,-0.068983
-0.045393,-0.289681,-0.069042
-0.048392,-0.289130,-0.069151
-0.047258,-0.288974,-0.071119
-0.049391,-0.286124,-0.068804
-0.052300,-0.286028,-0.071358
-0.054650,-0.285160,-0.070421
-0.055865,-0.285872,-0.070420
-0.055959,-0.281954,-0.071899
-0.058192,-0.282487,-0.071972
-0.061198,-0.280814,-0.071252
-0.062640,-0.283076,-0.071908
-0.066630,-0.278422,-0.073233
-0.064734,-0.280415,-0.074420
-0.067552,-0.279523,-0.071887
-0.067523,-0.279950,-0.074143
-0.072519,-0.279258,-0.074600
-0.073807,-0.279633,-0.077789
-0.076495,-0.279788,-0.077798
-0.079364,-0.282837,-0.080320
-0.084220,-0.283070,-0.081776
-0.086728,-0.281838,-0.082692
-0.025828,-0.313024,-0.069558
-0.025626,-0.311236,-0.065024
-0.028461,-0.311180,-0.066828
-0.029016,-0.309287,-0.066735
-0.031090,-0.308115,-0.069480
-0.031593,-0.305351,-0.068500
-0.031329,-0.304820,-0.067496
-0.031991,-0.302781,-0.066922
-0.033477,-0.303941,-0.066688
-0.034571,-0.301949,-0.067871
-0.036791,-0.299206,-0.066949
-0.038757,-0.296624,-0.068083
-0.038396,-0.296355,-0.068564
-0.039633,-0.298842,-0.067417
-0.042123,-0.294846,-0.066741
-0.043389,-0.295873,-0.068550
-0.044079,-0.295949,-0.068113
-0.045004,-0.292585,-0.068927
-0.046780,-0.292556,-0.068429
-0.048373,-0.290144,-0.068934
-0.050616,-0.288771,-0.068187
-0.052662,-0.289896,-0.068585
-0.052800,-0.289122,-0.070226
-0.056912,-0.287161,-0.072169
-0.059161,-0.287894,-0.068836
-0.059286,-0.286611,-0.071686
-0.060558,-0.285457,-0.070223
-0.063039,-0.284087,-0.071539
-0.063914,-0.282541,-0.071309
-0.066060,-0.284188,-0.071484
-0.067330,-0.282672,-0.074496
-0.070149,-0.282050,-0.073947
-0.071344,-0.283343,-0.073477
-0.074345,-0.282000,-0.077385
-0.077936,-0.283543,-0.077307
-0.079234,-0.283309,-0.079907
-0.082137,-0.285140,-0.081418
-0.085373,-0.285679,-0.083481
-0.030322,-0.308781,-0.066835
-0.030939,-0.307689,-0.066491
-0.032305,-0.307767,-0.067337
-0.033963,-0.307455,-0.066660
-0.035946,-0.304827,-0.064537
-0.035728,-0.303533,-0.065933
-0.039436,-0.302485,-0.065826
-0.038513,-0.302805,-0.067951
-0.040393,-0.302435,-0.066293
-0.041249,-0.300666,-0.066225
-0.044990,-0.298675,-0.065072
-0.043238,-0.297484,-0.065166
-0.045888,-0.295233,-0.066510
-0.045391,-0.295074,-0.068147
-0.047673,-0.295966,-0.067890
-0.047975,-0.293979,-0.068440
-0.049631,-0.293286,-0.067960
-0.052206,-0.292937,-0.068329
-0.055516,-0.290384,-0.070272
-0.055737,-0.289750,-0.070382
-0.056125,-0.287611,-0.069264
-0.058804,-0.288884,-0.071330
-0.059644,-0.287521,-0.069668
-0.062582,-0.287891,-0.070670
-0.064150,-0.285110,-0.070659
-0.065531,-0.285256,-0.070642
-0.066075,-0.283877,-0.070126
-0.067666,-0.282960,-0.071895
-0.071434,-0.283949,-0.073008
-0.073841,-0.284162,-0.074704
-0.075598,-0.283396,-0.074915
-0.082293,-0.286733,-0.076836
-0.084015,-0.287733,-0.078758
-0.087444,-0.286710,-0.082151
-0.035996,-0.309329,-0.066948
-0.036959,-0.309509,-0.065847
-0.038440,-0.306047,-0.065782
-0.039866,-0.304539,-0.066032
-0.041195,-0.302535,-0.065333
-0.042653,-0.303550,-0.066611
-0.044043,-0.301876,-0.065507
-0.043067,-0.299730,-0.067006
-0.047172,-0.298703,-0.067352
-0.046997,-0.296049,-0.068160
-0.048738,-0.297493,-0.067273
-0.050422,-0.297437,-0.066685
-0.052302,-0.295658,-0.066345
-0.052705,-0.295855,-0.066906
-0.055297,-0.296404,-0.069080
-0.057072,-0.295543,-0.066881
-0.059432,-0.291740,-0.067878
-0.059351,-0.291965,-0.069505
-0.060396,-0.290383,-0.069784
-0.064190,-0.290509,-0.068681
-0.066328,-0.287828,-0.069730
-0.065445,-0.287663,-0.070311
-0.066615,-0.287848,-0.071762
-0.067650,-0.286307,-0.071885
-0.070993,-0.287138,-0.071738
-0.073491,-0.287682,-0.073192
-0.077722,-0.287141,-0.076995
-0.083090,-0.289989,-0.078094
-0.084833,-0.291191,-0.078722
-0.089780,-0.290432,-0.079210
-0.041459,-0.306359,-0.066324
-0.042438,-0.305963,-0.065373
-0.043115,-0.303878,-0.065412
-0.045476,-0.305016,-0.066292
-0.047538,-0.301594,-0.064443
-0.046205,-0.301730,-0.065242
-0.050229,-0.299259,-0.066608
-0.050797,-0.298027,-0.066974
-0.052233,-0.297555,-0.065793
-0.052809,-0.298084,-0.066389
-0.056505,-0.295474,-0.066099
-0.056542,-0.297006,-0.067529
-0.058765,-0.295480,-0.067436
-0.058391,-0.295336,-0.067712
-0.059646,-0.293406,-0.068088
-0.063002,-0.291757,-0.069644
-0.065146,-0.291200,-0.068110
-0.066000,-0.291550,-0.069774
-0.067792,-0.291279,-0.071171
-0.069772,-0.288348,-0.068788
-0.072804,-0.289400,-0.071034
-0.074487,-0.289824,-0.071465
-0.078945,-0.293495,-0.074898
-0.081479,-0.292017,-0.076084
-0.085791,-0.293227,-0.077631
-0.088260,-0.292044,-0.079561
-0.044473,-0.308074,-0.064345
-0.048697,-0.306664,-0.063789
-0.046889,-0.304228,-0.067060
-0.049639,-0.304655,-0.067233
-0.049644,-0.301752,-0.065927
-0.053255,-0.299117,-0.066053
-0.054291,-0.299009,-0.065210
-0.056356,-0.298032,-0.065742
-0.056129,-0.299643,-0.064785
-0.056069,-0.297381,-0.067270
-0.061162,-0.297461,-0.067500
-0.063765,-0.294655,-0.067075
-0.063658,-0.295958,-0.067193
-0.065661,-0.295135,-0.066146
-0.067232,-0.294515,-0.068109
-0.069005,-0.293855,-0.070579
-0.071877,-0.294050,-0.068775
-0.071938,-0.292507,-0.070030
-0.076091,-0.294360,-0.071422
-0.078864,-0.294270,-0.074373
-0.081778,-0.294355,-0.076200
-0.085635,-0.294292,-0.078456
-0.086433,-0.296242,-0.078179
-0.049702,-0.306115,-0.064541
-0.054664,-0.304673,-0.067174
-0.054693,-0.305536,-0.065116
-0.054828,-0.303140,-0.064113
-0.057524,-0.302481,-0.065962
-0.058728,-0.301338,-0.064960
-0.061788,-0.300491,-0.067106
-0.063348,-0.297053,-0.067246
-0.062107,-0.300845,-0.066279
-0.065144,-0.297330,-0.067308
-0.067501,-0.296538,-0.067109
-0.069315,-0.295213,-0.067150
-0.071884,-0.296929,-0.068916
-0.073256,-0.293103,-0.068867
-0.076065,-0.297363,-0.072409
-0.078462,-0.296806,-0.071844
-0.083131,-0.296329,-0.072815
-0.086793,-0.298299,-0.078856
-0.064364,-0.303837,-0.067676
-0.064756,-0.301885,-0.065517
-0.065641,-0.301636,-0.069584
-0.067534,-0.301886,-0.064477
-0.069124,-0.298200,-0.066837
-0.070513,-0.298544,-0.068904
-0.070877,-0.298827,-0.069389
-0.076784,-0.296639,-0.070393
-0.078212,-0.301173,-0.072768
-0.081449,-0.300482,-0.073024
