X,Y,Z
0.193821,0.646410,0.400901
0.185953,0.645719,0.395884
0.191984,0.637847,0.401173
0.203983,0.655868,0.418716
0.197309,0.656253,0.415041
0.183744,0.650220,0.403588
0.190139,0.629250,0.401442
0.209625,0.654426,0.427460
0.204806,0.656530,0.425878
0.198649,0.657387,0.422791
0.191860,0.657675,0.419003
0.181734,0.654882,0.411478
0.158111,0.584941,0.363466
0.188281,0.620617,0.401705
0.213440,0.651282,0.434123
0.208820,0.653558,0.432762
0.203987,0.655644,0.431166
0.199147,0.657733,0.429569
0.193268,0.658863,0.426811
0.186379,0.659070,0.422931
0.178272,0.658174,0.417703
0.156152,0.576044,0.363658
0.186412,0.611948,0.401962
0.215576,0.646553,0.438878
0.212391,0.650186,0.439138
0.207904,0.652584,0.437929
0.202958,0.654559,0.436209
0.198002,0.656537,0.434484
0.193313,0.658775,0.433066
0.188139,0.660572,0.431111
0.180933,0.660498,0.426896
0.173231,0.659993,0.422145
0.154180,0.567108,0.363845
0.184531,0.603244,0.402214
0.213780,0.638067,0.439190
0.213693,0.644666,0.442948
0.210098,0.647908,0.442745
0.206044,0.650717,0.442026
0.201489,0.653060,0.440750
0.196571,0.655072,0.439073
0.192151,0.657559,0.437957
0.187725,0.660050,0.436841
0.183295,0.662544,0.435723
0.176189,0.662574,0.431640
0.168835,0.662404,0.427298
0.152197,0.558135,0.364026
0.182638,0.594501,0.402460
0.211977,0.629549,0.439501
0.214760,0.638921,0.446494
0.211584,0.642563,0.446763
0.207657,0.645490,0.446187
0.203600,0.648299,0.445469
0.199540,0.651110,0.444750
0.195391,0.653843,0.443936
0.190961,0.656318,0.442811
0.186526,0.658797,0.441685
0.182085,0.661278,0.440558
0.177675,0.663796,0.439470
0.171281,0.664497,0.436195
0.163935,0.664346,0.431882
0.154029,0.661886,0.424767
0.150199,0.549121,0.364198
0.180735,0.585724,0.402702
0.210160,0.620993,0.439804
0.215414,0.632777,0.449576
0.212392,0.636569,0.450017
0.209319,0.640311,0.450401
0.205345,0.643195,0.449776
0.201359,0.646071,0.449139
0.197412,0.648990,0.448549
0.193557,0.651999,0.448064
0.189697,0.655007,0.447576
0.185263,0.657484,0.446453
0.180841,0.659981,0.445349
0.176446,0.662510,0.444279
0.172046,0.665042,0.443208
0.166337,0.666382,0.440702
0.159653,0.666849,0.437137
0.152197,0.666637,0.432739
0.178820,0.576908,0.402939
0.208333,0.612403,0.440104
0.215370,0.625953,0.451873
0.212472,0.629871,0.452456
0.209509,0.633725,0.452966
0.206408,0.637443,0.453319
0.203071,0.640936,0.453407
0.199192,0.643915,0.452893
0.195334,0.646918,0.452404
0.191479,0.649927,0.451921
0.187611,0.652928,0.451424
0.183705,0.655897,0.450889
0.179701,0.658780,0.450248
0.175337,0.661334,0.449214
0.170968,0.663892,0.448178
0.166655,0.666508,0.447208
0.162329,0.669120,0.446228
0.155724,0.669666,0.442764
0.149334,0.670429,0.439547
0.176894,0.568056,0.403171
0.206493,0.603775,0.440396
0.215020,0.618821,0.453830
0.212376,0.622993,0.454701
0.209580,0.627015,0.455400
0.206728,0.630978,0.456033
0.203562,0.634637,0.456314
0.200254,0.638161,0.456436
0.196775,0.641521,0.456369
0.192946,0.644553,0.455915
0.189023,0.647500,0.455359
0.185098,0.650449,0.454802
0.181553,0.653757,0.454667
0.178022,0.657080,0.454549
0.174425,0.660341,0.454357
0.170083,0.662920,0.453352
0.165879,0.665632,0.452502
0.161738,0.668408,0.451724
0.157714,0.671297,0.451077
0.152754,0.673342,0.449416
0.145979,0.673760,0.445793
0.136266,0.671562,0.439005
0.174954,0.559165,0.403395
0.204645,0.595114,0.440686
0.214072,0.611094,0.455120
0.211560,0.615407,0.456143
0.209062,0.619725,0.457178
0.206587,0.624060,0.458235
0.203729,0.628022,0.458862
0.200865,0.631973,0.459479
0.197427,0.635376,0.459459
0.193884,0.638679,0.459323
0.190341,0.641983,0.459187
0.186511,0.645020,0.458737
0.182930,0.648293,0.458562
0.179403,0.651618,0.458447
0.175886,0.654954,0.458344
0.172368,0.658290,0.458241
0.169186,0.661937,0.458505
0.165342,0.664976,0.458048
0.161278,0.667816,0.457352
0.157319,0.670758,0.456774
0.153496,0.673828,0.456347
0.149819,0.677033,0.456078
0.143878,0.678205,0.453369
0.137306,0.678831,0.449991
0.173005,0.550239,0.403618
0.202785,0.586416,0.440971
0.212675,0.602910,0.455914
0.210377,0.607445,0.457180
0.208183,0.612073,0.458559
0.205817,0.616525,0.459740
0.203407,0.620927,0.460869
0.200685,0.625022,0.461646
0.197841,0.628997,0.462286
0.194742,0.632725,0.462643
0.191179,0.636012,0.462487
0.187616,0.639301,0.462331
0.184310,0.642833,0.462459
0.180830,0.646201,0.462396
0.177313,0.649536,0.462293
0.173796,0.652872,0.462191
0.170850,0.656736,0.462710
0.167682,0.660395,0.462988
0.164270,0.663828,0.463001
0.161354,0.667715,0.463550
0.157958,0.671162,0.463579
0.154309,0.674380,0.463335
0.150662,0.677602,0.463094
0.147034,0.680844,0.462876
0.142948,0.683678,0.462167
0.136473,0.684385,0.458900
0.171040,0.541270,0.403830
0.200912,0.577680,0.441250
0.211171,0.594600,0.456594
0.208984,0.599259,0.457990
0.206821,0.603932,0.459407
0.204679,0.608615,0.460841
0.202387,0.613145,0.462104
0.200142,0.617711,0.463415
0.197790,0.622166,0.464602
0.194846,0.626049,0.465132
0.191969,0.629992,0.465734
0.188606,0.633471,0.465800
0.185319,0.637022,0.465949
0.182033,0.640573,0.466098
0.178741,0.644119,0.466241
0.175224,0.647454,0.466139
0.172146,0.651198,0.466515
0.169366,0.655215,0.467214
0.166180,0.658855,0.467470
0.163549,0.663003,0.468326
0.160716,0.666961,0.468962
0.158199,0.671203,0.469935
0.155463,0.675241,0.470670
0.152880,0.679412,0.471567
0.151175,0.684369,0.473402
0.148451,0.688402,0.474141
0.145854,0.692543,0.475013
0.143080,0.696522,0.475694
0.130344,0.691679,0.465769
0.169064,0.532262,0.404037
0.199030,0.568909,0.441525
0.209531,0.586134,0.457130
0.207516,0.590978,0.458722
0.205550,0.595859,0.460362
0.203431,0.600580,0.461827
0.201279,0.605259,0.463249
0.199221,0.610020,0.464770
0.197068,0.614679,0.466180
0.194931,0.619344,0.467603
0.192115,0.623352,0.468275
0.189274,0.627333,0.468915
0.186420,0.631296,0.469540
0.183114,0.634830,0.469667
0.179808,0.638363,0.469796
0.176503,0.641897,0.469924
0.173444,0.645661,0.470321
0.170662,0.649678,0.471016
0.167884,0.653696,0.471714
0.165209,0.657804,0.472521
0.162829,0.662179,0.473643
0.160315,0.666424,0.474617
0.158136,0.670968,0.475948
0.155635,0.675213,0.476930
0.154619,0.680792,0.479498
0.153175,0.685970,0.481599
0.151972,0.691351,0.483951
0.147352,0.693668,0.482654
0.142724,0.695987,0.481356
0.138090,0.698311,0.480055
0.133449,0.700637,0.478753
0.128802,0.702968,0.477449
0.124147,0.705301,0.476142
0.167078,0.523219,0.404242
0.197136,0.560101,0.441797
0.207812,0.577566,0.457584
0.205937,0.582565,0.459337
0.204055,0.587545,0.461075
0.202106,0.592449,0.462733
0.200189,0.597372,0.464419
0.198197,0.602211,0.466016
0.196174,0.607010,0.467574
0.194034,0.611685,0.468996
0.191887,0.616345,0.470406
0.189535,0.620800,0.471585
0.186830,0.624911,0.472374
0.184070,0.628965,0.473100
0.180997,0.632720,0.473483
0.177703,0.636266,0.473625
0.174510,0.639905,0.473875
0.171581,0.643789,0.474410
0.169200,0.648180,0.475538
0.166421,0.652194,0.476231
0.164334,0.656843,0.477668
0.161972,0.661230,0.478804
0.160286,0.666227,0.480662
0.158105,0.670763,0.481983
0.157046,0.676307,0.484499
0.156305,0.682124,0.487346
0.155553,0.687912,0.490172
0.150941,0.690223,0.488881
0.146322,0.692538,0.487589
0.141697,0.694855,0.486294
0.137065,0.697177,0.484997
0.132425,0.699501,0.483699
0.127779,0.701830,0.482398
0.123126,0.704161,0.481096
0.118466,0.706496,0.479792
0.165077,0.514134,0.404439
0.195229,0.551252,0.442060
0.205991,0.568871,0.457932
0.204407,0.574176,0.460013
0.202590,0.579239,0.461828
0.200720,0.584236,0.463577
0.198780,0.589153,0.465242
0.196873,0.594091,0.466937
0.194941,0.598994,0.468598
0.193012,0.603888,0.470256
0.191033,0.608723,0.471854
0.188919,0.613418,0.473297
0.186793,0.618092,0.474722
0.184121,0.622238,0.475547
0.181450,0.626380,0.476370
0.178871,0.630603,0.477289
0.175766,0.634326,0.477634
0.172573,0.637965,0.477884
0.169497,0.641713,0.478259
0.167690,0.646635,0.480002
0.164962,0.650696,0.480747
0.163217,0.655657,0.482546
0.161060,0.660230,0.483897
0.159995,0.665792,0.486412
0.158556,0.670996,0.488517
0.158413,0.677364,0.491999
0.159126,0.684481,0.496378
0.154522,0.686787,0.495093
0.149911,0.689096,0.493805
0.145294,0.691409,0.492517
0.140671,0.693725,0.491226
0.136039,0.696044,0.489933
0.131402,0.698367,0.488639
0.126758,0.700693,0.487342
0.122106,0.703023,0.486044
0.117448,0.705356,0.484744
0.112783,0.707692,0.483441
0.108111,0.710033,0.482137
0.163064,0.505009,0.404630
0.193310,0.542367,0.442319
0.204083,0.560064,0.458191
0.202556,0.565447,0.460340
0.201075,0.570859,0.462532
0.199305,0.575973,0.464397
0.197478,0.581018,0.466190
0.195517,0.585920,0.467830
0.193560,0.590814,0.469467
0.191765,0.595855,0.471277
0.190012,0.600923,0.473125
0.188186,0.605909,0.474887
0.186009,0.610547,0.476259
0.183836,0.615179,0.477629
0.181412,0.619565,0.478723
0.178922,0.623880,0.479740
0.176433,0.628191,0.480757
0.173610,0.632181,0.481406
0.170637,0.636026,0.481893
0.167445,0.639665,0.482142
0.165608,0.644561,0.483848
0.163504,0.649199,0.485260
0.161907,0.654295,0.487211
0.160492,0.659546,0.489349
0.159515,0.665183,0.491947
0.159121,0.671335,0.495157
0.158947,0.677665,0.498589
0.158094,0.683360,0.501288
0.153492,0.685663,0.500007
0.148883,0.687971,0.498724
0.144267,0.690281,0.497439
0.139645,0.692595,0.496152
0.135016,0.694913,0.494864
0.130380,0.697233,0.493573
0.125738,0.699558,0.492280
0.121088,0.701885,0.490986
0.116431,0.704217,0.489690
0.111768,0.706551,0.488391
0.107097,0.708890,0.487091
0.102419,0.711231,0.485788
0.161040,0.495845,0.404817
0.191381,0.533444,0.442574
0.201609,0.550666,0.457829
0.200721,0.556708,0.460693
0.199194,0.562096,0.462839
0.197734,0.567535,0.465050
0.195970,0.572659,0.466918
0.194282,0.577845,0.468862
0.192435,0.582862,0.470623
0.190603,0.587883,0.472395
0.188798,0.592917,0.474190
0.187031,0.597976,0.476019
0.185278,0.603036,0.477857
0.183174,0.607748,0.479307
0.181122,0.612499,0.480807
0.178980,0.617155,0.482203
0.176452,0.621437,0.483178
0.173962,0.625748,0.484190
0.171259,0.629852,0.484969
0.168350,0.633759,0.485523
0.165460,0.637681,0.486097
0.163596,0.642551,0.487768
0.161848,0.647519,0.489558
0.160665,0.652995,0.491943
0.159936,0.658873,0.494804
0.159135,0.664667,0.497579
0.159266,0.671291,0.501333
0.161657,0.679940,0.507468
0.157063,0.682239,0.506193
0.152463,0.684541,0.504916
0.147856,0.686847,0.503637
0.143241,0.689155,0.502355
0.138621,0.691467,0.501073
0.133994,0.693783,0.499788
0.129360,0.696102,0.498501
0.124719,0.698424,0.497212
0.120071,0.700750,0.495922
0.115416,0.703079,0.494630
0.110754,0.705412,0.493335
0.106085,0.707748,0.492039
0.101409,0.710088,0.490740
0.096726,0.712431,0.489441
0.189439,0.524483,0.442824
0.198498,0.540598,0.456770
0.197925,0.546982,0.459989
0.197752,0.553743,0.463638
0.196271,0.559180,0.465830
0.194744,0.564556,0.467963
0.193155,0.569857,0.470019
0.191475,0.575054,0.471967
0.189624,0.580071,0.473722
0.187661,0.584967,0.475346
0.185839,0.589988,0.477118
0.184073,0.595052,0.478945
0.182400,0.600192,0.480865
0.180571,0.605171,0.482611
0.178533,0.609938,0.484123
0.176516,0.614715,0.485652
0.174057,0.619063,0.486698
0.171533,0.623344,0.487671
0.169069,0.627675,0.488706
0.166347,0.631757,0.489459
0.163626,0.635837,0.490212
0.161812,0.640753,0.491931
0.160065,0.645722,0.493716
0.159457,0.651727,0.496705
0.158972,0.657827,0.499816
0.159369,0.664712,0.503850
0.162041,0.673643,0.510278
0.160626,0.678823,0.512364
0.156034,0.681120,0.511092
0.151435,0.683420,0.509819
0.146829,0.685723,0.508543
0.142217,0.688031,0.507266
0.137598,0.690341,0.505987
0.132973,0.692654,0.504706
0.128340,0.694971,0.503424
0.123701,0.697291,0.502139
0.119055,0.699615,0.500852
0.114401,0.701943,0.499564
0.109741,0.704273,0.498274
0.105074,0.706607,0.496981
0.100400,0.708945,0.495687
0.095719,0.711287,0.494391
0.091030,0.713631,0.493092
0.170422,0.498218,0.424111
0.193201,0.528290,0.453298
0.195020,0.537114,0.459175
0.194926,0.543983,0.462917
0.194780,0.550775,0.466587
0.193313,0.556229,0.468789
0.191821,0.561644,0.470955
0.190245,0.566961,0.473021
0.188651,0.572245,0.475059
0.186903,0.577366,0.476921
0.184940,0.582265,0.478543
0.183007,0.587182,0.480190
0.181345,0.592349,0.482126
0.179741,0.597559,0.484117
0.178080,0.602700,0.486039
0.176014,0.607442,0.487517
0.173951,0.612178,0.488993
0.171716,0.616742,0.490279
0.169306,0.621131,0.491372
0.166898,0.625516,0.492464
0.164445,0.629850,0.493503
0.161792,0.633993,0.494326
0.159736,0.638685,0.495781
0.158284,0.643925,0.497873
0.157855,0.650097,0.501044
0.158047,0.656816,0.504861
0.160195,0.665299,0.510732
0.163669,0.674951,0.517980
0.159596,0.677707,0.517253
0.155005,0.680002,0.515985
0.150408,0.682300,0.514716
0.145804,0.684602,0.513444
0.141194,0.686907,0.512171
0.136576,0.689215,0.510896
0.131953,0.691527,0.509619
0.127322,0.693841,0.508340
0.122685,0.696160,0.507060
0.118040,0.698482,0.505777
0.113389,0.700807,0.504493
0.108730,0.703136,0.503206
0.104064,0.705468,0.501917
0.099392,0.707804,0.500627
0.094713,0.710144,0.499335
0.090026,0.712487,0.498041
0.085332,0.714833,0.496745
0.183675,0.511651,0.445160
0.190629,0.525713,0.456729
0.192237,0.534327,0.462356
0.191925,0.540982,0.465848
0.191805,0.547803,0.469537
0.190341,0.553264,0.471737
0.188880,0.558714,0.473933
0.187333,0.564062,0.476025
0.185786,0.569397,0.478110
0.184214,0.574693,0.480161
0.182302,0.579645,0.481834
0.180384,0.584578,0.483494
0.178600,0.589629,0.485292
0.177049,0.594893,0.487336
0.175482,0.600128,0.489355
0.173523,0.604975,0.490945
0.171558,0.609805,0.492522
0.169535,0.614571,0.494032
0.167119,0.618955,0.495116
0.164711,0.623340,0.496204
0.162275,0.627693,0.497259
0.159819,0.632020,0.498289
0.157649,0.636606,0.499619
0.156418,0.642051,0.501939
0.156252,0.648464,0.505378
0.157108,0.655793,0.509883
0.160108,0.665052,0.516632
0.163149,0.674303,0.523399
0.158567,0.676593,0.522137
0.153978,0.678886,0.520873
0.149383,0.681182,0.519607
0.144780,0.683481,0.518340
0.140172,0.685785,0.517070
0.135557,0.688091,0.515799
0.130934,0.690400,0.514526
0.126305,0.692714,0.513251
0.121669,0.695030,0.511975
0.117026,0.697350,0.510696
0.112377,0.699674,0.509416
0.107720,0.702000,0.508132
0.103056,0.704331,0.506848
0.098386,0.706665,0.505562
0.093708,0.709002,0.504274
0.089023,0.711343,0.502983
0.084330,0.713687,0.501691
0.170750,0.491473,0.433291
0.185716,0.513740,0.453723
0.189349,0.524439,0.461587
0.189420,0.531508,0.465505
0.189128,0.538185,0.469009
0.188827,0.544829,0.472490
0.187424,0.550354,0.474751
0.186084,0.555927,0.477075
0.184687,0.561426,0.479326
0.183194,0.566817,0.481464
0.181547,0.572042,0.483428
0.179657,0.577017,0.485121
0.177757,0.581971,0.486797
0.175846,0.586902,0.488454
0.174290,0.592164,0.490488
0.172816,0.597491,0.492602
0.171183,0.602651,0.494537
0.169213,0.607479,0.496105
0.167252,0.612303,0.497677
0.164942,0.616790,0.498871
0.162529,0.621171,0.499951
0.160168,0.625594,0.501083
0.157805,0.630008,0.502208
0.155677,0.634633,0.503579
0.154734,0.640346,0.506196
0.154669,0.646850,0.509730
0.155804,0.654435,0.514515
0.160145,0.664918,0.522649
0.162120,0.673192,0.528273
0.157540,0.675480,0.527015
0.152952,0.677770,0.525755
0.148359,0.680065,0.524493
0.143758,0.682363,0.523229
0.139151,0.684664,0.521964
0.134537,0.686968,0.520697
0.129916,0.689276,0.519428
0.125289,0.691587,0.518157
0.120655,0.693902,0.516884
0.116014,0.696220,0.515609
0.111366,0.698541,0.514332
0.106711,0.700866,0.513054
0.102049,0.703195,0.511773
0.097380,0.705526,0.510491
0.092704,0.707862,0.509206
0.088021,0.710201,0.507920
0.083330,0.712543,0.506631
0.078633,0.714890,0.505341
0.160330,0.473737,0.424228
0.182269,0.503204,0.452347
0.185308,0.513350,0.459560
0.186628,0.521713,0.464856
0.186598,0.528683,0.468653
0.186354,0.535412,0.472200
0.185894,0.541900,0.475498
0.184790,0.547726,0.478080
0.183454,0.553303,0.480401
0.182074,0.558823,0.482665
0.180600,0.564235,0.484820
0.178879,0.569389,0.486697
0.177003,0.574380,0.488401
0.175105,0.579338,0.490075
0.173231,0.584308,0.491769
0.171673,0.589571,0.493795
0.170254,0.594952,0.495963
0.168838,0.600322,0.498125
0.166882,0.605165,0.499705
0.164914,0.609984,0.501264
0.162804,0.614660,0.502668
0.160500,0.619144,0.503860
0.158198,0.623624,0.505052
0.155896,0.628094,0.506238
0.153539,0.632506,0.507362
0.152985,0.638580,0.510381
0.152937,0.645100,0.513922
0.155158,0.653680,0.519830
0.158468,0.663217,0.526857
0.160974,0.671974,0.533019
0.156513,0.674368,0.531887
0.151928,0.676657,0.530632
0.147335,0.678949,0.529373
0.142737,0.681245,0.528114
0.138131,0.683544,0.526852
0.133519,0.685847,0.525589
0.128900,0.688152,0.524323
0.124275,0.690461,0.523057
0.119642,0.692774,0.521787
0.115002,0.695090,0.520516
0.110356,0.697410,0.519243
0.105703,0.699733,0.517969
0.101042,0.702060,0.516692
0.096375,0.704389,0.515414
0.091701,0.706723,0.514134
0.087020,0.709060,0.512851
0.082331,0.711400,0.511566
0.077635,0.713745,0.510280
0.072932,0.716092,0.508992
0.172374,0.486056,0.443885
0.183427,0.504412,0.459921
0.184701,0.512761,0.465168
0.183975,0.519055,0.468205
0.183774,0.525855,0.471803
0.183579,0.532636,0.475394
0.182963,0.538972,0.478513
0.182155,0.545095,0.481411
0.180821,0.550678,0.483728
0.179436,0.556195,0.485981
0.178006,0.561651,0.488177
0.176209,0.566734,0.489968
0.174345,0.571740,0.491682
0.172549,0.576799,0.493461
0.170738,0.581833,0.495218
0.169004,0.586927,0.497051
0.167645,0.592369,0.499277
0.166277,0.597787,0.501485
0.164555,0.602854,0.503310
0.162566,0.607656,0.504843
0.160568,0.612439,0.506362
0.158491,0.617137,0.507791
0.156220,0.621645,0.509010
0.153920,0.626118,0.510195
0.151622,0.630585,0.511378
0.150738,0.636354,0.514042
0.151257,0.643397,0.518165
0.153633,0.652119,0.524217
0.156379,0.661139,0.530632
0.158187,0.669262,0.536048
0.155488,0.673257,0.536754
0.150904,0.675544,0.535502
0.146314,0.677835,0.534248
0.141717,0.680129,0.532992
0.137113,0.682426,0.531734
0.132502,0.684726,0.530475
0.127885,0.687030,0.529214
0.123261,0.689338,0.527950
0.118630,0.691648,0.526685
0.113992,0.693962,0.525418
0.109348,0.696280,0.524149
0.104696,0.698601,0.522878
0.100037,0.700926,0.521605
0.095372,0.703254,0.520331
0.090699,0.705585,0.519054
0.086020,0.707920,0.517776
0.081333,0.710259,0.516496
0.076639,0.712601,0.515213
0.071937,0.714947,0.513929
0.175708,0.482358,0.450002
0.180069,0.493942,0.458669
0.183160,0.504172,0.465910
0.182461,0.510518,0.468980
0.181715,0.516793,0.471984
0.181098,0.523177,0.475120
0.180727,0.529784,0.478509
0.180029,0.536042,0.481531
0.179334,0.542280,0.484544
0.178187,0.548052,0.487058
0.176797,0.553566,0.489300
0.175405,0.559062,0.491531
0.173571,0.564111,0.493277
0.171735,0.569146,0.495017
0.169944,0.574214,0.496798
0.168227,0.579339,0.498650
0.166440,0.584385,0.500422
0.164968,0.589721,0.502523
0.163601,0.595142,0.504726
0.162116,0.600438,0.506797
0.160200,0.605310,0.508404
0.158209,0.610102,0.509926
0.156158,0.614825,0.511379
0.154084,0.619520,0.512803
0.151970,0.624166,0.514180
0.149707,0.628666,0.515396
0.148464,0.634102,0.517675
0.148607,0.640800,0.521393
0.151231,0.649752,0.527686
0.154051,0.658843,0.534160
0.154938,0.666127,0.538601
0.154464,0.672147,0.541616
0.149882,0.674433,0.540367
0.145293,0.676721,0.539117
0.140698,0.679013,0.537865
0.136095,0.681308,0.536611
0.131487,0.683607,0.535356
0.126871,0.685909,0.534098
0.122249,0.688215,0.532838
0.117619,0.690524,0.531577
0.112983,0.692836,0.530314
0.108340,0.695151,0.529049
0.103691,0.697471,0.527782
0.099034,0.699793,0.526513
0.094370,0.702119,0.525243
0.089699,0.704449,0.523970
0.085021,0.706782,0.522695
0.080336,0.709119,0.521419
0.075643,0.711459,0.520141
0.070944,0.713803,0.518861
0.039927,0.693970,0.491221
0.177892,0.477493,0.454850
0.180891,0.487711,0.462012
0.181690,0.495634,0.466739
0.180990,0.502001,0.469808
0.180221,0.508275,0.472791
0.179454,0.514530,0.475765
0.178841,0.520919,0.478895
0.177923,0.526980,0.481681
0.177156,0.533172,0.484621
0.176402,0.539355,0.487562
0.175546,0.545418,0.490383
0.174088,0.550868,0.492546
0.172605,0.556278,0.494674
0.170948,0.561503,0.496608
0.169124,0.566551,0.498354
0.167293,0.571582,0.500088
0.165576,0.576710,0.501936
0.163863,0.581831,0.503783
0.162248,0.587031,0.505725
0.160834,0.592411,0.507875
0.159424,0.597780,0.510019
0.157660,0.602799,0.511784
0.155786,0.607703,0.513425
0.153826,0.612515,0.514970
0.151762,0.617219,0.516400
0.149722,0.621936,0.517851
0.147802,0.626756,0.519423
0.146114,0.631780,0.521230
0.145822,0.638079,0.524485
0.148419,0.647011,0.530731
0.150777,0.655681,0.536707
0.151694,0.662998,0.541168
0.153255,0.670871,0.546280
0.148860,0.673322,0.545227
0.144273,0.675610,0.543981
0.139680,0.677899,0.542732
0.135079,0.680193,0.541482
0.130472,0.682490,0.540231
0.125858,0.684790,0.538977
0.121237,0.687093,0.537721
0.116610,0.689400,0.536464
0.111976,0.691710,0.535205
0.107334,0.694024,0.533943
0.102686,0.696341,0.532681
0.098031,0.698662,0.531416
0.093369,0.700986,0.530149
0.088700,0.703314,0.528880
0.084024,0.705645,0.527610
0.079340,0.707980,0.526337
0.074649,0.710318,0.525062
0.069952,0.712660,0.523786
0.059110,0.709831,0.516379
0.179756,0.472302,0.459345
0.181858,0.481623,0.465514
0.181536,0.488418,0.469010
0.180584,0.494546,0.471806
0.178949,0.499959,0.473847
0.178001,0.506053,0.476626
0.177217,0.512291,0.479571
0.176380,0.518456,0.482449
0.175247,0.524304,0.484996
0.174490,0.530508,0.487938
0.173729,0.536688,0.490865
0.172696,0.542577,0.493488
0.171280,0.548072,0.495690
0.169803,0.553491,0.497820
0.168309,0.558879,0.499923
0.166493,0.563937,0.501675
0.164680,0.568988,0.503423
0.162931,0.574088,0.505233
0.161271,0.579260,0.507130
0.159614,0.584424,0.509024
0.158124,0.589733,0.511087
0.156658,0.595052,0.513168
0.155082,0.600253,0.515126
0.153202,0.605153,0.516756
0.151319,0.610039,0.518379
0.149402,0.614883,0.519960
0.147381,0.619619,0.521426
0.145454,0.624434,0.522986
0.143606,0.629312,0.524622
0.143358,0.635654,0.527914
0.145507,0.644176,0.533678
0.147129,0.652176,0.538874
0.148146,0.659591,0.543429
0.149023,0.666849,0.547822
0.147840,0.672214,0.550081
0.143255,0.674499,0.548839
0.138663,0.676787,0.547594
0.134064,0.679078,0.546348
0.129459,0.681373,0.545100
0.124846,0.683671,0.543850
0.120227,0.685973,0.542599
0.115602,0.688278,0.541345
0.110969,0.690587,0.540090
0.106329,0.692898,0.538832
0.101683,0.695213,0.537574
0.097029,0.697532,0.536312
0.092369,0.699854,0.535050
0.087701,0.702180,0.533785
0.083027,0.704509,0.532518
0.078345,0.706842,0.531249
0.073656,0.709178,0.529979
0.068961,0.711518,0.528706
0.057013,0.707753,0.520219
0.042892,0.702219,0.509604
0.181363,0.466849,0.463556
0.181921,0.474600,0.468030
0.181240,0.481044,0.471132
0.180561,0.487468,0.474225
0.179119,0.493091,0.476477
0.177318,0.498334,0.478329
0.176082,0.504135,0.480787
0.175140,0.510214,0.483553
0.173763,0.515837,0.485839
0.172578,0.521635,0.488323
0.171820,0.527840,0.491255
0.170887,0.533853,0.493990
0.169727,0.539620,0.496471
0.168469,0.545273,0.498837
0.166999,0.550702,0.500969
0.165576,0.556162,0.503142
0.163854,0.561316,0.504990
0.162061,0.566388,0.506755
0.160315,0.571493,0.508563
0.158691,0.576703,0.510495
0.157038,0.581872,0.512387
0.155475,0.587115,0.514368
0.154007,0.592434,0.516441
0.152437,0.597643,0.518401
0.150607,0.602592,0.520080
0.148725,0.607482,0.521700
0.146825,0.612344,0.523295
0.144911,0.617182,0.524869
0.143063,0.622072,0.526506
0.141158,0.626899,0.528080
0.140646,0.632999,0.531088
0.141441,0.640281,0.535437
0.143038,0.648267,0.540596
0.143398,0.655091,0.544464
0.144491,0.662554,0.549071
0.146682,0.670980,0.554787
0.142238,0.673389,0.553691
0.137647,0.675675,0.552451
0.133050,0.677965,0.551208
0.128446,0.680258,0.549964
0.123836,0.682555,0.548718
0.119218,0.684854,0.547471
0.114594,0.687157,0.546221
0.109963,0.689464,0.544969
0.105325,0.691774,0.543716
0.100681,0.694087,0.542461
0.096029,0.696404,0.541204
0.091370,0.698724,0.539945
0.086705,0.701048,0.538684
0.082031,0.703375,0.537421
0.077352,0.705706,0.536156
0.072665,0.708040,0.534889
0.067970,0.710378,0.533621
0.055381,0.706066,0.524521
0.045010,0.703680,0.517653
0.032884,0.699871,0.509073
0.182094,0.467678,0.470667
0.181328,0.474051,0.473676
0.180563,0.480404,0.476675
0.179469,0.486398,0.479304
0.177649,0.491633,0.481137
0.175855,0.496880,0.482991
0.174162,0.502216,0.484946
0.172845,0.507917,0.487298
0.171332,0.513404,0.489432
0.169963,0.519020,0.491711
0.169078,0.525101,0.494499
0.167957,0.530930,0.497026
0.166756,0.536660,0.499457
0.165602,0.542419,0.501928
0.164193,0.547911,0.504119
0.162772,0.553376,0.506290
0.161245,0.558722,0.508340
0.159469,0.563813,0.510118
0.157697,0.568896,0.511895
0.156041,0.574078,0.513788
0.154423,0.579283,0.515713
0.152796,0.584467,0.517622
0.151214,0.589680,0.519571
0.149635,0.594884,0.521516
0.147926,0.599950,0.523318
0.146089,0.604885,0.524980
0.144201,0.609761,0.526584
0.142171,0.614494,0.528035
0.140145,0.619221,0.529484
0.138548,0.624336,0.531372
0.137278,0.629740,0.533591
0.136518,0.635597,0.536326
0.137872,0.643373,0.541226
0.138120,0.650106,0.544973
0.138662,0.657081,0.549007
0.141271,0.665900,0.555140
0.141222,0.672281,0.558538
0.136633,0.674565,0.557302
0.132037,0.676853,0.556063
0.127435,0.679144,0.554823
0.122826,0.681438,0.553581
0.118211,0.683736,0.552337
0.113588,0.686037,0.551091
0.108959,0.688342,0.549843
0.104323,0.690650,0.548594
0.099680,0.692961,0.547343
0.095030,0.695276,0.546089
0.090373,0.697595,0.544834
0.085709,0.699917,0.543577
0.081037,0.702241,0.542318
0.076359,0.704571,0.541057
0.071674,0.706903,0.539795
0.062951,0.705825,0.534535
0.053031,0.703774,0.528110
0.043286,0.701914,0.521882
0.035432,0.701679,0.517540
0.025231,0.699518,0.510905
0.180050,0.458442,0.470889
0.181836,0.467483,0.476681
0.180687,0.473454,0.479260
0.179477,0.479345,0.481765
0.178037,0.484980,0.484009
0.176140,0.490134,0.485752
0.174336,0.495369,0.487587
0.172476,0.500534,0.489355
0.170561,0.505631,0.491058
0.169047,0.511118,0.493182
0.167535,0.516592,0.495302
0.166130,0.522157,0.497528
0.165026,0.528006,0.500066
0.163867,0.533781,0.502536
0.162663,0.539495,0.504949
0.161397,0.545130,0.507286
0.160018,0.550639,0.509496
0.158643,0.556136,0.511700
0.156888,0.561251,0.513498
0.155105,0.566324,0.515258
0.153389,0.571451,0.517083
0.151731,0.576620,0.518961
0.150034,0.581740,0.520792
0.148410,0.586916,0.522693
0.146832,0.592124,0.524635
0.145239,0.597303,0.526553
0.143325,0.602168,0.528132
0.141352,0.606967,0.529644
0.139374,0.611751,0.531145
0.137393,0.616524,0.532639
0.135509,0.621375,0.534226
0.133502,0.626104,0.535682
0.132189,0.631461,0.537845
0.131534,0.637405,0.540675
0.131430,0.643833,0.544058
0.131865,0.650728,0.547979
0.134052,0.659182,0.553672
0.136662,0.667980,0.559775
0.135620,0.673457,0.562147
0.131025,0.675742,0.560912
0.126425,0.678031,0.559676
0.121818,0.680324,0.558438
0.117204,0.682620,0.557197
0.112583,0.684919,0.555956
0.107956,0.687222,0.554712
0.103321,0.689528,0.553466
0.098680,0.691837,0.552219
0.094031,0.694150,0.550969
0.089376,0.696467,0.549718
0.084714,0.698787,0.548465
0.080045,0.701110,0.547210
0.075368,0.703437,0.545953
0.068693,0.704074,0.542723
0.057886,0.701234,0.535422
0.049656,0.700617,0.530689
0.041562,0.700149,0.526109
0.034728,0.700767,0.522783
0.027115,0.700757,0.518705
0.017690,0.699272,0.512869
0.179878,0.458343,0.477006
0.180714,0.466393,0.481744
0.179493,0.472286,0.484236
0.178213,0.478101,0.486654
0.176545,0.483500,0.488644
0.174671,0.488676,0.490404
0.172782,0.493823,0.492142
0.170779,0.498841,0.493749
0.168788,0.503860,0.495364
0.166792,0.508862,0.496968
0.165179,0.514236,0.498973
0.163533,0.519563,0.500936
0.162208,0.525193,0.503232
0.160982,0.530906,0.505625
0.159773,0.536618,0.508026
0.158549,0.542298,0.510402
0.157252,0.547891,0.512693
0.155893,0.553407,0.514910
0.154320,0.558699,0.516893
0.152537,0.563776,0.518650
0.150706,0.568794,0.520350
0.148975,0.573896,0.522147
0.147278,0.579019,0.523974
0.145605,0.584151,0.525818
0.144029,0.589363,0.527758
0.142294,0.594411,0.529524
0.140427,0.599324,0.531149
0.138495,0.604166,0.532701
0.136528,0.608963,0.534210
0.134411,0.613612,0.535560
0.132078,0.618052,0.536683
0.130012,0.622731,0.538077
0.128034,0.627482,0.539556
0.126675,0.632790,0.541661
0.125166,0.637947,0.543607
0.124813,0.644143,0.546723
0.125759,0.651492,0.551147
0.128366,0.660309,0.557239
0.130402,0.668573,0.562731
0.130015,0.674633,0.565756
0.125416,0.676920,0.564524
0.120811,0.679211,0.563289
0.116199,0.681505,0.562053
0.111579,0.683802,0.560815
0.106953,0.686103,0.559575
0.102321,0.688407,0.558333
0.097681,0.690715,0.557090
0.093034,0.693025,0.555844
0.088381,0.695340,0.554597
0.083720,0.697658,0.553347
0.079053,0.699980,0.552096
0.070492,0.698987,0.547002
0.061768,0.697890,0.541764
0.053510,0.697224,0.537006
0.046874,0.697961,0.533860
0.039848,0.698391,0.530342
0.033156,0.699127,0.527167
0.027552,0.700792,0.525065
0.019690,0.700596,0.520769
0.008931,0.698032,0.513664
0.177319,0.448548,0.476686
0.179162,0.457679,0.482519
0.179302,0.465002,0.486486
0.178104,0.470918,0.488994
0.176751,0.476655,0.491325
0.174978,0.481944,0.493194
0.173086,0.487099,0.494928
0.171025,0.492070,0.496475
0.168917,0.496980,0.497965
0.166875,0.501948,0.499520
0.164840,0.506911,0.501077
0.162852,0.511909,0.502677
0.161168,0.517199,0.504594
0.159635,0.522625,0.506663
0.158259,0.528191,0.508890
0.156879,0.533737,0.511104
0.155642,0.539408,0.513462
0.154390,0.545049,0.515794
0.153088,0.550623,0.518065
0.151750,0.556147,0.520290
0.149907,0.561167,0.521980
0.148057,0.566170,0.523656
0.146271,0.571221,0.525391
0.144556,0.576329,0.527194
0.142844,0.581428,0.528995
0.141027,0.586414,0.530680
0.139233,0.591411,0.532382
0.137442,0.596399,0.534082
0.135524,0.601257,0.535644
0.133405,0.605917,0.536995
0.131107,0.610401,0.538157
0.128789,0.614860,0.539296
0.126464,0.619305,0.540423
0.124191,0.623791,0.541598
0.121511,0.627897,0.542357
0.119658,0.632751,0.543952
0.118295,0.638041,0.546039
0.118284,0.644541,0.549489
0.119370,0.652007,0.554035
0.121361,0.660255,0.559478
0.123255,0.668380,0.564804
0.123048,0.674598,0.567999
0.119805,0.678099,0.568136
0.115194,0.680391,0.566903
0.110577,0.682686,0.565669
0.105952,0.684985,0.564433
0.101321,0.687287,0.563195
0.096683,0.689592,0.561955
0.092038,0.691902,0.560713
0.087387,0.694214,0.559470
0.082728,0.696531,0.558224
0.071505,0.693229,0.550504
0.064175,0.693304,0.546647
0.056483,0.693100,0.542450
0.049856,0.693826,0.539313
0.043391,0.694712,0.536347
0.037774,0.696332,0.534222
0.031589,0.697492,0.531551
0.026165,0.699305,0.529632
0.020993,0.701343,0.527966
0.012817,0.700905,0.523387
0.003077,0.699210,0.517308
0.177461,0.448785,0.483140
0.177993,0.456543,0.487533
0.177638,0.463351,0.490952
0.176609,0.469439,0.493633
0.175274,0.475192,0.495974
0.173482,0.480460,0.497816
0.171490,0.485511,0.499436
0.169277,0.490325,0.500815
0.167129,0.495196,0.502258
0.164901,0.499974,0.503608
0.162763,0.504833,0.505051
0.160766,0.509824,0.506637
0.158888,0.514921,0.508343
0.157086,0.520080,0.510122
0.155525,0.525465,0.512148
0.154072,0.530943,0.514281
0.152780,0.536563,0.516574
0.151517,0.542195,0.518889
0.150216,0.547774,0.521156
0.148870,0.553294,0.523367
0.147233,0.558516,0.525267
0.145408,0.563545,0.526964
0.143565,0.568545,0.528638
0.141852,0.573657,0.530439
0.140004,0.578629,0.532094
0.138158,0.583591,0.533745
0.136305,0.588536,0.535383
0.134455,0.593471,0.537018
0.132345,0.598153,0.538381
0.130037,0.602641,0.539536
0.127751,0.607142,0.540710
0.125449,0.611621,0.541863
0.122917,0.615879,0.542778
0.120169,0.619934,0.543471
0.117397,0.623962,0.544136
0.114625,0.627988,0.544800
0.113140,0.633178,0.546764
0.112681,0.639283,0.549755
0.112766,0.645860,0.553285
0.113173,0.652702,0.557126
0.114155,0.660033,0.561531
0.113735,0.666086,0.564516
0.112985,0.671826,0.567160
0.111041,0.676492,0.568603
0.108695,0.680796,0.569641
0.104953,0.683869,0.569286
0.100323,0.686169,0.568051
0.095687,0.688473,0.566815
0.091043,0.690780,0.565577
0.084645,0.691579,0.562610
0.072637,0.687572,0.554124
0.064909,0.687293,0.549881
0.058570,0.688230,0.547019
0.052272,0.689222,0.544207
0.046287,0.690500,0.541714
0.040576,0.692027,0.539496
0.034849,0.693557,0.537273
0.030178,0.695987,0.536085
0.024790,0.697829,0.534206
0.019692,0.699926,0.532616
0.014986,0.702358,0.531411
0.006928,0.702036,0.526971
-0.003045,0.700171,0.520698
0.065267,0.293168,0.347925
0.070795,0.306822,0.358057
0.070687,0.314453,0.362030
0.069830,0.321267,0.365177
0.068602,0.327669,0.367910
0.175626,0.446959,0.487446
0.176433,0.455002,0.492120
0.175955,0.461681,0.495395
0.175050,0.467895,0.498200
0.173704,0.473634,0.500519
0.172012,0.479003,0.502462
0.169852,0.483881,0.503897
0.167542,0.488595,0.505167
0.165197,0.493265,0.506395
0.162885,0.497958,0.507652
0.160678,0.502748,0.509017
0.158598,0.507655,0.510509
0.156496,0.512529,0.511975
0.154565,0.517563,0.513613
0.152785,0.522733,0.515404
0.151338,0.528219,0.517537
0.149967,0.533765,0.519742
0.148635,0.539333,0.521979
0.147272,0.544855,0.524177
0.145941,0.550392,0.526398
0.144526,0.555833,0.528524
0.142705,0.560869,0.530222
0.140876,0.565884,0.531905
0.138992,0.570837,0.533526
0.137145,0.575812,0.535178
0.135302,0.580780,0.536829
0.133456,0.585735,0.538471
0.131349,0.590432,0.539839
0.129130,0.595016,0.541089
0.126857,0.599541,0.542278
0.124522,0.604001,0.543401
0.121989,0.608270,0.544317
0.119224,0.612319,0.544995
0.116401,0.616311,0.545613
0.113600,0.620320,0.546251
0.111278,0.624761,0.547370
0.109276,0.629486,0.548809
0.108160,0.635004,0.551133
0.107466,0.640888,0.553875
0.107154,0.647096,0.556989
0.107176,0.653583,0.560427
0.106665,0.659571,0.563319
0.105447,0.664913,0.565498
0.103151,0.669288,0.566596
0.100368,0.673227,0.567207
0.097492,0.677082,0.567723
0.092648,0.679212,0.566291
0.088050,0.681569,0.565107
0.079217,0.680260,0.559750
0.071420,0.679884,0.555433
0.065498,0.681152,0.552975
0.059584,0.682445,0.550534
0.053574,0.683674,0.548009
0.048168,0.685435,0.546084
0.042749,0.687199,0.544153
0.037092,0.688777,0.541998
0.032645,0.691387,0.541028
0.028191,0.694000,0.540056
0.023463,0.696393,0.538822
0.018457,0.698563,0.537325
0.013732,0.700977,0.536104
0.009148,0.703519,0.535026
0.000989,0.703130,0.530511
-0.007662,0.702370,0.525540
0.035933,0.213989,0.297470
0.047941,0.235105,0.314910
0.066899,0.263592,0.339889
0.072539,0.277567,0.350217
0.076994,0.290194,0.359210
0.080364,0.301596,0.366987
0.081810,0.310893,0.372643
0.082173,0.319000,0.377103
0.082855,0.327410,0.381890
0.084336,0.336623,0.387520
0.170227,0.434169,0.484100
0.173858,0.445202,0.491820
0.174477,0.453050,0.496278
0.174235,0.459972,0.499795
0.173648,0.466512,0.502929
0.172434,0.472385,0.505382
0.170495,0.477498,0.507053
0.168209,0.482245,0.508349
0.165731,0.486788,0.509436
0.163265,0.491334,0.510531
0.160883,0.495956,0.511710
0.158536,0.500606,0.512923
0.156237,0.505294,0.514181
0.154121,0.510155,0.515626
0.152038,0.515039,0.517101
0.150155,0.520110,0.518779
0.148598,0.525491,0.520793
0.147085,0.530900,0.522844
0.145678,0.536397,0.524998
0.144278,0.541887,0.527150
0.142971,0.547452,0.529393
0.141671,0.553008,0.531633
0.139979,0.558169,0.533460
0.138056,0.563099,0.535043
0.136137,0.568020,0.536624
0.134289,0.572998,0.538272
0.132447,0.577970,0.539919
0.130391,0.582730,0.541343
0.128163,0.587318,0.542586
0.125917,0.591880,0.543805
0.123673,0.596437,0.545022
0.121136,0.600713,0.545939
0.118462,0.604856,0.546712
0.115789,0.608997,0.547484
0.113039,0.613061,0.548176
0.110428,0.617248,0.549006
0.108143,0.621727,0.550161
0.106035,0.626360,0.551491
0.104342,0.631361,0.553232
0.102441,0.636163,0.554760
0.101028,0.641392,0.556769
0.099600,0.646597,0.558757
0.099181,0.652687,0.561743
0.097506,0.657643,0.563471
0.095295,0.662113,0.564660
0.091167,0.664887,0.563947
0.086599,0.667281,0.562802
0.081244,0.668995,0.560885
0.074653,0.669647,0.557759
0.069474,0.671546,0.556032
0.064526,0.673658,0.554539
0.059349,0.675583,0.552826
0.054160,0.677512,0.551111
0.049053,0.679523,0.549480
0.043952,0.681551,0.547862
0.039177,0.683869,0.546569
0.034540,0.686313,0.545414
0.029897,0.688760,0.544258
0.025449,0.691381,0.543296
0.021691,0.694585,0.543005
0.017223,0.697202,0.542030
0.012477,0.699597,0.540792
0.007908,0.702147,0.539729
0.003320,0.704690,0.538652
-0.004985,0.704199,0.534021
-0.012305,0.704543,0.530348
0.041569,0.195904,0.297780
0.052731,0.216310,0.314348
0.060596,0.232988,0.327228
0.068542,0.249656,0.340146
0.076320,0.266042,0.352828
0.080894,0.278873,0.361962
0.084984,0.291115,0.370533
0.086900,0.300962,0.376707
0.087900,0.309783,0.381861
0.088880,0.318545,0.386973
0.089848,0.327256,0.392053
0.092062,0.337241,0.398455
0.107978,0.361579,0.419581
0.168864,0.432838,0.488933
0.171905,0.443254,0.495995
0.172354,0.450923,0.500256
0.172342,0.458084,0.504008
0.172206,0.465088,0.507612
0.171089,0.471059,0.510159
0.169064,0.476081,0.511733
0.166440,0.480481,0.512664
0.163809,0.484867,0.513585
0.161204,0.489272,0.514530
0.158696,0.493768,0.515574
0.156302,0.498371,0.516733
0.153988,0.503044,0.517971
0.151743,0.507779,0.519278
0.149566,0.512571,0.520650
0.147626,0.517588,0.522265
0.145761,0.522666,0.523951
0.144197,0.528028,0.525944
0.142719,0.533460,0.528020
0.141320,0.538955,0.530169
0.139969,0.544480,0.532359
0.138632,0.550003,0.534556
0.137108,0.555332,0.536553
0.135218,0.560295,0.538166
0.133317,0.565236,0.539761
0.131432,0.570183,0.541368
0.129360,0.574941,0.542778
0.127236,0.579640,0.544129
0.125106,0.584324,0.545469
0.122860,0.588890,0.546687
0.120296,0.593152,0.547578
0.117613,0.597298,0.548346
0.114935,0.601443,0.549117
0.112260,0.605587,0.549888
0.109790,0.609914,0.550862
0.107372,0.614282,0.551885
0.104989,0.618676,0.552941
0.102892,0.623324,0.554279
0.100590,0.627777,0.555408
0.098244,0.632184,0.556490
0.095774,0.636472,0.557444
0.093940,0.641324,0.559028
0.091230,0.645385,0.559737
0.087650,0.648669,0.559582
0.083836,0.651748,0.559196
0.079931,0.654751,0.558722
0.076312,0.658009,0.558534
0.071783,0.660474,0.557449
0.067026,0.662748,0.556147
0.062443,0.665183,0.555019
0.058177,0.667901,0.554207
0.053820,0.670548,0.553309
0.049492,0.673227,0.552444
0.045297,0.676025,0.551711
0.040669,0.678462,0.550561
0.036034,0.680902,0.549409
0.031393,0.683346,0.548256
0.026926,0.685946,0.547276
0.023104,0.689093,0.546922
0.019361,0.692312,0.546647
0.015676,0.695581,0.546429
0.011239,0.698230,0.545491
0.006709,0.700810,0.544467
0.002126,0.703355,0.543397
-0.002687,0.705720,0.542113
-0.010435,0.705700,0.538036
-0.017781,0.706037,0.534357
0.048018,0.186856,0.303270
0.054553,0.202275,0.314755
0.064435,0.221287,0.329870
0.068793,0.234129,0.338869
0.077385,0.251523,0.352463
0.082194,0.264697,0.361870
0.085528,0.276203,0.369634
0.088471,0.287226,0.376939
0.090304,0.296999,0.383011
0.091568,0.306116,0.388442
0.092755,0.315109,0.393767
0.094576,0.324736,0.399755
0.097345,0.335321,0.406742
0.104099,0.350057,0.417984
0.119863,0.374176,0.438848
0.165792,0.429718,0.491931
0.169339,0.440665,0.499513
0.169953,0.448507,0.503937
0.170226,0.455965,0.507981
0.170041,0.462919,0.511522
0.169152,0.469124,0.514303
0.167022,0.474038,0.515759
0.164442,0.478483,0.516735
0.161696,0.482752,0.517532
0.159035,0.487101,0.518416
0.156484,0.491554,0.519410
0.154090,0.496158,0.520566
0.151709,0.500766,0.521732
0.149329,0.505366,0.522892
0.147043,0.510052,0.524148
0.144960,0.514929,0.525610
0.143009,0.519926,0.527203
0.141322,0.525170,0.529064
0.139758,0.530521,0.531045
0.138362,0.536021,0.533192
0.136912,0.541455,0.535276
0.135460,0.546871,0.537350
0.134028,0.552292,0.539437
0.132297,0.557412,0.541209
0.130410,0.562371,0.542817
0.128334,0.567138,0.544225
0.126212,0.571853,0.545581
0.124087,0.576555,0.546929
0.121964,0.581251,0.548275
0.119493,0.585611,0.549263
0.116800,0.589757,0.550023
0.114108,0.593900,0.550782
0.111418,0.598040,0.551541
0.108933,0.602364,0.552503
0.106559,0.606783,0.553573
0.104203,0.611213,0.554657
0.101832,0.615623,0.555724
0.099408,0.619977,0.556734
0.096859,0.624211,0.557616
0.094306,0.628438,0.558491
0.091856,0.632751,0.559466
0.088825,0.636539,0.559862
0.085326,0.639907,0.559793
0.081701,0.643164,0.559601
0.077677,0.646072,0.559017
0.073765,0.649082,0.558545
0.069866,0.652109,0.558089
0.065867,0.655051,0.557536
0.061865,0.657996,0.556983
0.057515,0.660644,0.556093
0.053470,0.663563,0.555504
0.049397,0.666463,0.554890
0.045124,0.669197,0.554085
0.041068,0.672123,0.553494
0.037009,0.675052,0.552903
0.032888,0.677932,0.552254
0.028401,0.680511,0.551255
0.024580,0.683657,0.550903
0.020757,0.686805,0.550549
0.017030,0.690037,0.550290
0.013448,0.693393,0.550172
0.009960,0.696829,0.550145
0.005511,0.699474,0.549201
0.000934,0.702021,0.548139
-0.003701,0.704529,0.547026
-0.008594,0.706835,0.545673
-0.015978,0.707127,0.541963
-0.023240,0.707545,0.538382
0.049749,0.172549,0.303551
0.056529,0.188346,0.315323
0.061810,0.202389,0.325400
0.069704,0.219240,0.338304
0.074508,0.232591,0.347771
0.079410,0.245975,0.357306
0.084763,0.259779,0.367296
0.089276,0.272591,0.376330
0.091974,0.283368,0.383356
0.093317,0.292628,0.388885
0.094238,0.301391,0.393935
0.095010,0.309956,0.398804
0.096163,0.318890,0.404064
0.098431,0.328968,0.410502
0.103165,0.341609,0.419562
0.112727,0.359274,0.433760
0.123158,0.377746,0.448831
0.162504,0.426372,0.494705
0.166762,0.438065,0.503023
0.167323,0.445855,0.507378
0.167374,0.453084,0.511174
0.167195,0.460048,0.514712
0.166179,0.466125,0.517351
0.164462,0.471466,0.519241
0.162018,0.476052,0.520358
0.159344,0.480395,0.521228
0.156661,0.484723,0.522086
0.154117,0.489184,0.523086
0.151686,0.493752,0.524200
0.149274,0.498331,0.525330
0.146850,0.502889,0.526443
0.144395,0.507409,0.527520
0.142173,0.512151,0.528833
0.140339,0.517265,0.530544
0.138550,0.522412,0.532295
0.136892,0.527674,0.534175
0.135330,0.533016,0.536145
0.133816,0.538392,0.538159
0.132329,0.543778,0.540192
0.130874,0.549182,0.542251
0.129372,0.554526,0.544255
0.127272,0.559283,0.545641
0.125172,0.564033,0.547023
0.123074,0.568774,0.548400
0.120949,0.573481,0.549747
0.118505,0.577878,0.550766
0.115982,0.582195,0.551701
0.113431,0.586480,0.552605
0.110740,0.590628,0.553364
0.108148,0.594864,0.554222
0.105693,0.599220,0.555214
0.103324,0.603649,0.556288
0.100964,0.608080,0.557368
0.098349,0.612271,0.558190
0.095816,0.616532,0.559090
0.093282,0.620786,0.559987
0.090715,0.625004,0.560848
0.087627,0.628750,0.561192
0.084429,0.632396,0.561425
0.081297,0.636100,0.561723
0.077652,0.639346,0.561515
0.073997,0.642587,0.561299
0.069933,0.645469,0.560683
0.065877,0.648364,0.560078
0.061813,0.651257,0.559467
0.057701,0.654113,0.558812
0.053828,0.657182,0.558393
0.049744,0.660073,0.557771
0.045592,0.662911,0.557086
0.041749,0.666020,0.556703
0.037788,0.669031,0.556208
0.033785,0.672011,0.555674
0.029778,0.674994,0.555140
0.025965,0.678144,0.554794
0.022235,0.681368,0.554530
0.018410,0.684516,0.554178
0.014749,0.687804,0.553983
0.011546,0.691477,0.554227
0.008045,0.694902,0.554188
0.004314,0.698139,0.553931
-0.000257,0.700688,0.552876
-0.004658,0.703385,0.551988
-0.009009,0.706130,0.551150
-0.014154,0.708237,0.549566
-0.021468,0.708600,0.545941
-0.028866,0.708921,0.542251
0.047434,0.153618,0.299351
0.054519,0.169883,0.311488
0.060011,0.184274,0.321823
0.065956,0.199087,0.332613
0.072424,0.214396,0.343932
0.076138,0.226576,0.352193
0.081148,0.240115,0.361835
0.087240,0.254766,0.372617
0.090687,0.266445,0.380479
0.092979,0.276808,0.387057
0.094622,0.286417,0.392906
0.095706,0.295376,0.398125
0.096541,0.304028,0.403057
0.097461,0.312734,0.408061
0.099388,0.322475,0.414125
0.102340,0.333257,0.421264
0.108316,0.347188,0.431611
0.117083,0.363985,0.444899
0.123879,0.378610,0.456033
0.129844,0.392281,0.466240
0.163681,0.434940,0.506001
0.164246,0.442737,0.510347
0.164263,0.449935,0.514098
0.163972,0.456788,0.517509
0.163115,0.463033,0.520309
0.161427,0.468408,0.522226
0.159139,0.473156,0.523504
0.156718,0.477759,0.524639
0.154144,0.482201,0.525609
0.151671,0.486736,0.526681
0.149249,0.491315,0.527802
0.146837,0.495894,0.528929
0.144370,0.500411,0.529994
0.141906,0.504924,0.531059
0.139477,0.509463,0.532156
0.137568,0.514506,0.533785
0.135775,0.519652,0.535528
0.133960,0.524763,0.537241
0.132185,0.529902,0.538989
0.130708,0.535317,0.541037
0.129208,0.540695,0.543052
0.127746,0.546096,0.545099
0.125888,0.551103,0.546737
0.123945,0.556016,0.548280
0.121888,0.560811,0.549703
0.119833,0.565599,0.551124
0.117525,0.570137,0.552283
0.115000,0.574463,0.553220
0.112478,0.578786,0.554155
0.109958,0.583105,0.555090
0.107465,0.587443,0.556049
0.104919,0.591725,0.556952
0.102444,0.596068,0.557923
0.100078,0.600505,0.559000
0.097480,0.604722,0.559841
0.094738,0.608803,0.560537
0.092131,0.613001,0.561364
0.089652,0.617312,0.562316
0.086704,0.621192,0.562801
0.083598,0.624929,0.563128
0.080436,0.628614,0.563400
0.077151,0.632188,0.563551
0.073636,0.635558,0.563476
0.069960,0.638787,0.563243
0.066288,0.642022,0.563016
0.062266,0.644951,0.562448
0.058229,0.647873,0.561869
0.054180,0.650790,0.561279
0.050383,0.653930,0.560938
0.046584,0.657072,0.560596
0.042473,0.659949,0.559955
0.038795,0.663203,0.559734
0.035169,0.666504,0.559566
0.031163,0.669484,0.559033
0.027211,0.672515,0.558554
0.023391,0.675661,0.558203
0.019714,0.678932,0.557993
0.016036,0.682204,0.557782
0.012846,0.685888,0.558038
0.009644,0.689560,0.558283
0.006130,0.692975,0.558231
0.002427,0.696234,0.558000
-0.001150,0.699601,0.557891
-0.005319,0.702484,0.557223
-0.009659,0.705234,0.556396
-0.014657,0.707456,0.554954
-0.019710,0.709645,0.553464
-0.027434,0.709689,0.549473
-0.035135,0.709781,0.545518
0.043127,0.132290,0.292933
0.050881,0.149450,0.305841
0.058124,0.165932,0.318134
0.063584,0.180319,0.328417
0.068386,0.193888,0.337935
0.072906,0.207071,0.347107
0.077632,0.220408,0.356466
0.082548,0.233882,0.365994
0.086568,0.246296,0.374509
0.090472,0.258516,0.382863
0.093495,0.269709,0.390228
0.095501,0.279740,0.396465
0.097064,0.289242,0.402197
0.097824,0.297832,0.407042
0.098256,0.306034,0.411516
0.098656,0.314166,0.415936
0.100623,0.323935,0.422016
0.104826,0.336033,0.430463
0.111309,0.350482,0.441308
0.117829,0.364887,0.452149
0.123012,0.377805,0.461528
0.129061,0.391558,0.471787
0.159501,0.430668,0.507822
0.161013,0.439458,0.513160
0.161083,0.446715,0.516956
0.160540,0.453313,0.520094
0.159608,0.459486,0.522809
0.158077,0.465027,0.524886
0.156074,0.470071,0.526462
0.153802,0.474830,0.527750
0.151454,0.479503,0.528956
0.148981,0.484040,0.530025
0.146440,0.488502,0.531020
0.144120,0.493177,0.532240
0.141644,0.497687,0.533294
0.139250,0.502272,0.534429
0.136802,0.506795,0.535504
0.134712,0.511662,0.536943
0.132722,0.516619,0.538480
0.130938,0.521764,0.540222
0.129109,0.526854,0.541911
0.127539,0.532182,0.543858
0.126059,0.537584,0.545890
0.124227,0.542634,0.547558
0.122349,0.547626,0.549171
0.120496,0.552632,0.550805
0.118494,0.557485,0.552282
0.116248,0.562096,0.553507
0.113985,0.566682,0.554711
0.111633,0.571177,0.555821
0.109110,0.575504,0.556756
0.106551,0.579792,0.557651
0.104047,0.584124,0.558599
0.101674,0.588573,0.559674
0.099190,0.592911,0.560635
0.096531,0.597083,0.561419
0.093723,0.601113,0.562052
0.091086,0.605296,0.562853
0.088439,0.609465,0.563642
0.085581,0.613438,0.564219
0.082602,0.617297,0.564675
0.079520,0.621062,0.565029
0.076398,0.624791,0.565343
0.072987,0.628260,0.565374
0.069573,0.631727,0.565401
0.065971,0.635028,0.565246
0.062321,0.638289,0.565043
0.058593,0.641483,0.564767
0.054558,0.644413,0.564194
0.050656,0.647463,0.563753
0.046875,0.650623,0.563431
0.043092,0.653784,0.563109
0.039348,0.656982,0.562826
0.035832,0.660378,0.562764
0.032237,0.663709,0.562627
0.028541,0.666956,0.562394
0.024673,0.670060,0.561998
0.020833,0.673192,0.561632
0.017137,0.676448,0.561404
0.013772,0.679984,0.561493
0.010815,0.683864,0.561970
0.007742,0.687645,0.562338
0.004215,0.691048,0.562273
0.000652,0.694422,0.562175
-0.002736,0.697944,0.562245
-0.005995,0.701572,0.562436
-0.010309,0.704339,0.561635
-0.015375,0.706501,0.560130
-0.020510,0.708619,0.558567
-0.025278,0.711045,0.557353
-0.032844,0.711231,0.553530
0.046043,0.127488,0.298850
0.054416,0.145394,0.312422
0.061027,0.161202,0.324000
0.064903,0.173841,0.332530
0.068849,0.186491,0.341100
0.073362,0.199704,0.350255
0.078137,0.213138,0.359659
0.081338,0.224753,0.367311
0.085280,0.237126,0.375737
0.089605,0.249854,0.384544
0.093648,0.262204,0.393010
0.095576,0.272179,0.399157
0.096629,0.281155,0.404337
0.097352,0.289733,0.409140
0.097722,0.297893,0.413545
0.098508,0.306465,0.418379
0.099548,0.315272,0.423464
0.102001,0.325547,0.430037
0.106057,0.337475,0.438292
0.112205,0.351555,0.448739
0.117380,0.364528,0.458112
0.121496,0.376318,0.466326
0.127612,0.390140,0.476623
0.154429,0.425467,0.508717
0.157438,0.435823,0.515620
0.157490,0.443069,0.519388
0.157036,0.449763,0.522611
0.156032,0.455869,0.525246
0.154628,0.461546,0.527453
0.152850,0.466824,0.529260
0.150736,0.471748,0.530712
0.148399,0.476436,0.531926
0.146121,0.481174,0.533197
0.143746,0.485805,0.534362
0.141291,0.490348,0.535440
0.138726,0.494773,0.536401
0.136335,0.499364,0.537536
0.133951,0.503954,0.538676
0.131816,0.508780,0.540066
0.129686,0.513601,0.541455
0.127754,0.518607,0.543043
0.126033,0.523806,0.544839
0.124354,0.529033,0.546672
0.122554,0.534130,0.548375
0.120757,0.539218,0.550074
0.118900,0.544236,0.551707
0.117022,0.549223,0.553312
0.114886,0.553954,0.554653
0.112629,0.558561,0.555867
0.110365,0.563153,0.557068
0.108104,0.567739,0.558269
0.105698,0.572181,0.559321
0.103122,0.576458,0.560199
0.100609,0.580787,0.561137
0.098236,0.585241,0.562212
0.095618,0.589461,0.563039
0.092791,0.593484,0.563657
0.089939,0.597479,0.564247
0.087300,0.601667,0.565047
0.084306,0.605526,0.565494
0.081392,0.609456,0.566019
0.078452,0.613358,0.566516
0.075391,0.617151,0.566893
0.072102,0.620737,0.567047
0.068762,0.624277,0.567150
0.065361,0.627763,0.567194
0.061958,0.631248,0.567236
0.058337,0.634541,0.567067
0.054695,0.637819,0.566879
0.050881,0.640947,0.566525
0.047097,0.644106,0.566202
0.043313,0.647268,0.565880
0.039526,0.650431,0.565558
0.035887,0.653724,0.565380
0.032334,0.657094,0.565285
0.028815,0.660495,0.565224
0.025424,0.664007,0.565287
0.021971,0.667466,0.565290
0.018292,0.670736,0.565079
0.014725,0.674103,0.564976
0.011518,0.677774,0.565215
0.008499,0.681602,0.565633
0.005634,0.685557,0.566196
0.002466,0.689258,0.566471
-0.001060,0.692662,0.566408
-0.004416,0.696210,0.566507
-0.007674,0.699838,0.566698
-0.011152,0.703286,0.566683
-0.016260,0.705410,0.565142
-0.021363,0.707550,0.563611
-0.026129,0.709974,0.562401
0.037611,0.101222,0.287867
0.048952,0.122687,0.304755
0.056899,0.140157,0.317839
0.061253,0.153447,0.326922
0.065120,0.166116,0.335435
0.069311,0.179081,0.344267
0.073816,0.192326,0.353404
0.077093,0.204129,0.361167
0.080396,0.215898,0.368926
0.084078,0.228027,0.377065
0.088359,0.240752,0.385820
0.091862,0.252552,0.393698
0.094115,0.262922,0.400196
0.095575,0.272376,0.405814
0.096598,0.281310,0.410940
0.097210,0.289758,0.415604
0.097690,0.298028,0.420108
0.098589,0.306712,0.425041
0.099879,0.315778,0.430373
0.102312,0.326021,0.436898
0.106810,0.338408,0.445591
0.111837,0.351289,0.454809
0.116171,0.363368,0.463259
0.120046,0.374901,0.471191
0.125306,0.387823,0.480550
0.127259,0.397226,0.486397
0.153077,0.431373,0.517266
0.153768,0.439288,0.521695
0.153482,0.446162,0.525087
0.152452,0.452247,0.527690
0.151202,0.458088,0.530053
0.149481,0.463429,0.531916
0.147451,0.468444,0.533453
0.145328,0.473353,0.534887
0.142990,0.478034,0.536093
0.140590,0.482645,0.537232
0.138304,0.487361,0.538482
0.135891,0.491941,0.539598
0.133410,0.496445,0.540639
0.131083,0.501095,0.541836
0.128891,0.505869,0.543164
0.126646,0.510581,0.544434
0.124567,0.515446,0.545869
0.122848,0.520652,0.547663
0.120861,0.525584,0.549180
0.119010,0.530637,0.550828
0.117235,0.535752,0.552547
0.115449,0.540845,0.554250
0.113305,0.545583,0.555585
0.111159,0.550310,0.556914
0.109016,0.555031,0.558241
0.106754,0.559631,0.559444
0.104407,0.564142,0.560559
0.102044,0.568631,0.561653
0.099688,0.573119,0.562750
0.097165,0.577445,0.563679
0.094535,0.581664,0.564497
0.091730,0.585718,0.565140
0.088954,0.589795,0.565810
0.086179,0.593868,0.566478
0.083161,0.597715,0.566904
0.080051,0.601477,0.567240
0.077064,0.605348,0.567695
0.074170,0.609301,0.568240
0.070997,0.613000,0.568511
0.067791,0.616667,0.568749
0.064498,0.620258,0.568902
0.061109,0.623763,0.568962
0.057711,0.627260,0.569013
0.054228,0.630683,0.568982
0.050601,0.633980,0.568812
0.046948,0.637257,0.568619
0.043294,0.640535,0.568424
0.039640,0.643816,0.568233
0.035998,0.647110,0.568053
0.032421,0.650462,0.567938
0.028842,0.653814,0.567821
0.025309,0.657208,0.567750
0.022114,0.660892,0.568001
0.018809,0.664481,0.568147
0.015240,0.667848,0.568043
0.012163,0.671631,0.568407
0.009265,0.675563,0.568939
0.006184,0.679340,0.569297
0.003147,0.683154,0.569697
0.000278,0.687104,0.570254
-0.002771,0.690904,0.570640
-0.006143,0.694436,0.570723
-0.010009,0.697565,0.570343
-0.013528,0.700982,0.570291
-0.017144,0.704320,0.570148
-0.022215,0.706482,0.568650
-0.026980,0.708904,0.567444
0.051854,0.117888,0.310649
0.056574,0.131717,0.320167
0.060989,0.145121,0.329309
0.065337,0.158377,0.338343
0.069773,0.171659,0.347435
0.072792,0.183275,0.354944
0.076007,0.195049,0.362635
0.079207,0.206746,0.370280
0.082709,0.218718,0.378220
0.086353,0.230783,0.386281
0.089262,0.241975,0.393517
0.091826,0.252730,0.400351
0.093985,0.262987,0.406722
0.095485,0.272475,0.412360
0.096558,0.281454,0.417518
0.096746,0.289434,0.421710
0.097004,0.297457,0.425958
0.097426,0.305623,0.430365
0.099375,0.315389,0.436377
0.102255,0.326102,0.443352
0.105870,0.337541,0.451076
0.110543,0.350042,0.459888
0.114938,0.362182,0.468373
0.118447,0.373326,0.475892
0.123052,0.385560,0.484533
0.124792,0.394743,0.490138
0.147297,0.425449,0.517442
0.149162,0.434592,0.523091
0.149937,0.442570,0.527582
0.148867,0.448620,0.530138
0.147730,0.454581,0.532613
0.145988,0.459909,0.534453
0.144163,0.465136,0.536198
0.141955,0.469965,0.537543
0.139743,0.474778,0.538878
0.137361,0.479411,0.540033
0.134974,0.484031,0.541179
0.132556,0.488611,0.542288
0.130098,0.493144,0.543353
0.127958,0.497983,0.544738
0.125784,0.502778,0.546083
0.123602,0.507556,0.547415
0.121376,0.512281,0.548698
0.119416,0.517256,0.550244
0.117416,0.522182,0.551746
0.115423,0.527103,0.553248
0.113649,0.532226,0.554967
0.111513,0.536988,0.556314
0.109385,0.541748,0.557665
0.107277,0.546518,0.559031
0.105172,0.551282,0.560395
0.103040,0.556012,0.561728
0.100671,0.560509,0.562820
0.098303,0.564999,0.563910
0.095959,0.569505,0.565019
0.093451,0.573850,0.565961
0.090645,0.577914,0.566606
0.087839,0.581973,0.567249
0.085058,0.586051,0.567915
0.082029,0.589898,0.568335
0.078908,0.593660,0.568664
0.075789,0.597420,0.568993
0.072725,0.601230,0.569375
0.069568,0.604954,0.569667
0.066376,0.608644,0.569922
0.063173,0.612324,0.570167
0.059955,0.615990,0.570397
0.056620,0.619551,0.570512
0.053371,0.623189,0.570712
0.050046,0.626760,0.570839
0.046466,0.630105,0.570718
0.042798,0.633376,0.570514
0.039130,0.636650,0.570312
0.035472,0.639934,0.570120
0.031971,0.643358,0.570080
0.028523,0.646827,0.570091
0.025088,0.650309,0.570115
0.021865,0.653974,0.570342
0.018800,0.657773,0.570719
0.015604,0.661460,0.570971
0.012277,0.665035,0.571098
0.009117,0.668752,0.571384
0.006245,0.672710,0.571941
0.003475,0.676749,0.572593
0.000638,0.680732,0.573180
-0.002235,0.684681,0.573732
-0.005167,0.688579,0.574228
-0.008715,0.691968,0.574147
-0.012540,0.695132,0.573807
-0.015904,0.698677,0.573900
-0.019267,0.702223,0.573994
-0.023135,0.705361,0.573620
0.050717,0.108449,0.312093
0.056164,0.123161,0.322405
0.060541,0.136567,0.331500
0.065553,0.150623,0.341253
0.068503,0.162263,0.348715
0.071472,0.173865,0.356168
0.074141,0.185069,0.363263
0.077912,0.197450,0.371525
0.081236,0.209266,0.379269
0.083725,0.220093,0.386079
0.086391,0.231061,0.393053
0.089344,0.242290,0.400307
0.091791,0.252907,0.406989
0.093830,0.263022,0.413205
0.094538,0.271637,0.417973
0.094931,0.279873,0.422387
0.095221,0.287960,0.426672
0.095525,0.296030,0.430955
0.096200,0.304465,0.435614
0.098340,0.314432,0.441807
0.100769,0.324658,0.448280
0.103765,0.335437,0.455325
0.109202,0.348746,0.464913
0.112513,0.359739,0.472229
0.116848,0.371752,0.480591
0.120442,0.382926,0.488145
0.122207,0.392136,0.493758
0.122622,0.399900,0.497941
0.143738,0.429051,0.523652
0.145254,0.437806,0.528906
0.144654,0.444349,0.531945
0.143735,0.450542,0.534642
0.142230,0.456118,0.536725
0.140439,0.461387,0.538503
0.138443,0.466436,0.540065
0.136236,0.471260,0.541404
0.133979,0.476024,0.542686
0.131641,0.480698,0.543880
0.129180,0.485240,0.544945
0.126591,0.489648,0.545876
0.124358,0.494401,0.547165
0.121925,0.498947,0.548245
0.119773,0.503761,0.549607
0.117610,0.508555,0.550953
0.115490,0.513381,0.552337
0.113581,0.518402,0.553928
0.111675,0.523414,0.555517
0.109680,0.528329,0.557011
0.107548,0.533103,0.558362
0.105418,0.537869,0.559710
0.103295,0.542632,0.561060
0.101254,0.547463,0.562488
0.099195,0.552269,0.563893
0.096896,0.556838,0.565053
0.094556,0.561361,0.566170
0.092082,0.565751,0.567150
0.089521,0.570055,0.568042
0.086739,0.574147,0.568712
0.083938,0.578218,0.569361
0.080902,0.582069,0.569778
0.077778,0.585836,0.570106
0.074654,0.589602,0.570435
0.071531,0.593367,0.570764
0.068264,0.597001,0.570951
0.064999,0.600635,0.571140
0.061743,0.604277,0.571337
0.058538,0.607965,0.571585
0.055184,0.611518,0.571686
0.051810,0.615054,0.571769
0.048518,0.618663,0.571931
0.045253,0.622296,0.572119
0.041889,0.625842,0.572212
0.038413,0.629289,0.572197
0.034936,0.632737,0.572182
0.031388,0.636125,0.572101
0.027911,0.639576,0.572088
0.024437,0.643029,0.572077
0.021066,0.646574,0.572166
0.017938,0.650326,0.572486
0.014881,0.654139,0.572872
0.011868,0.657987,0.573299
0.008973,0.661934,0.573837
0.006109,0.665904,0.574403
0.003172,0.669811,0.574899
0.000430,0.673878,0.575576
-0.002326,0.677930,0.576239
-0.005126,0.681943,0.576860
-0.008023,0.685873,0.577388
-0.011288,0.689498,0.577573
-0.014917,0.692825,0.577418
-0.018280,0.696371,0.577512
-0.021584,0.699967,0.577661
0.049445,0.098828,0.313397
0.054533,0.113181,0.323308
0.060090,0.127992,0.333692
0.064218,0.141086,0.342473
0.066572,0.152091,0.349283
0.069167,0.163313,0.356328
0.072686,0.175522,0.364346
0.075873,0.187293,0.371972
0.078407,0.198271,0.378861
0.080633,0.208849,0.385389
0.083702,0.220313,0.392798
0.086470,0.231384,0.399853
0.089308,0.242476,0.406955
0.090719,0.251944,0.412502
0.091762,0.260964,0.417632
0.092609,0.269729,0.422533
0.093129,0.278101,0.427066
0.093574,0.286355,0.431500
0.094047,0.294605,0.435948
0.094631,0.302938,0.440494
0.096480,0.312591,0.446358
0.098778,0.322676,0.452672
0.101911,0.333600,0.459838
0.106262,0.345757,0.468255
0.109914,0.357113,0.475906
0.114249,0.369128,0.484242
0.117255,0.379688,0.491158
0.119725,0.389636,0.497489
0.120045,0.397303,0.501561
0.119872,0.404430,0.505106
0.140186,0.432646,0.529848
0.140007,0.439631,0.533318
0.139308,0.446060,0.536239
0.138279,0.452129,0.538809
0.136518,0.457437,0.540617
0.134739,0.462713,0.542400
0.132489,0.467500,0.543693
0.130130,0.472168,0.544870
0.127949,0.477006,0.546225
0.125726,0.481792,0.547532
0.123110,0.486178,0.548434
0.120688,0.490749,0.549530
0.118058,0.495108,0.550411
0.115905,0.499928,0.551771
0.113729,0.504715,0.553102
0.111555,0.509496,0.554432
0.109459,0.514342,0.555834
0.107513,0.519324,0.557381
0.105565,0.524293,0.558921
0.103556,0.529192,0.560395
0.101428,0.533967,0.561744
0.099405,0.538832,0.563193
0.097345,0.543653,0.564601
0.095319,0.548496,0.566037
0.093044,0.553094,0.567221
0.090607,0.557534,0.568243
0.088108,0.561908,0.569198
0.085547,0.566218,0.570090
0.082821,0.570369,0.570817
0.079860,0.574299,0.571311
0.076759,0.578096,0.571665
0.073559,0.581802,0.571924
0.070389,0.585534,0.572210
0.067131,0.589184,0.572410
0.063826,0.592792,0.572565
0.060535,0.596411,0.572732
0.057276,0.600059,0.572930
0.053938,0.603637,0.573052
0.050512,0.607134,0.573089
0.047058,0.610608,0.573099
0.043651,0.614125,0.573155
0.040307,0.617697,0.573272
0.036952,0.621261,0.573377
0.033532,0.624767,0.573421
0.030097,0.628261,0.573451
0.026863,0.631931,0.573674
0.023517,0.635503,0.573789
0.020167,0.639073,0.573902
0.017100,0.642885,0.574281
0.014028,0.646693,0.574656
0.010910,0.650460,0.574987
0.007956,0.654364,0.575472
0.005033,0.658293,0.575985
0.002167,0.662268,0.576550
-0.000292,0.666582,0.577496
-0.002852,0.670807,0.578345
-0.005390,0.675046,0.579212
-0.008167,0.679082,0.579853
-0.010969,0.683093,0.580470
-0.013863,0.687027,0.581000
-0.017217,0.690581,0.581101
-0.020444,0.694240,0.581322
0.046226,0.086925,0.312571
0.052895,0.103165,0.324213
0.059221,0.118916,0.335433
0.061774,0.130251,0.342490
0.064632,0.141877,0.349851
0.066915,0.152789,0.356556
0.070105,0.164673,0.364217
0.073303,0.176504,0.371853
0.074972,0.186555,0.377810
0.077537,0.197561,0.384706
0.080032,0.208433,0.391499
0.083562,0.220402,0.399375
0.086392,0.231532,0.406469
0.087543,0.240754,0.411741
0.088278,0.249476,0.416547
0.089695,0.258906,0.422059
0.090547,0.267676,0.426948
0.091327,0.276330,0.431742
0.091541,0.284332,0.435918
0.091932,0.292492,0.440263
0.092429,0.300732,0.444703
0.094400,0.310515,0.450677
0.096818,0.320727,0.457095
0.099055,0.330698,0.463298
0.103182,0.342621,0.471455
0.107314,0.354486,0.479584
0.111149,0.365977,0.487372
0.114608,0.377015,0.494739
0.116857,0.386735,0.500822
0.117190,0.394418,0.504895
0.116877,0.401402,0.508286
0.116757,0.408560,0.511862
0.134095,0.433616,0.533406
0.134224,0.440906,0.537176
0.133889,0.447695,0.540456
0.132298,0.453184,0.542437
0.130379,0.458326,0.544075
0.128463,0.463459,0.545710
0.126268,0.468300,0.547055
0.123806,0.472863,0.548122
0.121457,0.477531,0.549300
0.119199,0.482281,0.550567
0.116850,0.486932,0.551737
0.114187,0.491265,0.552585
0.112015,0.496073,0.553925
0.109629,0.500662,0.555044
0.107031,0.505037,0.555948
0.105076,0.510030,0.557491
0.103225,0.515112,0.559133
0.101306,0.520117,0.560701
0.099391,0.525114,0.562267
0.097538,0.530160,0.563890
0.095526,0.535043,0.565349
0.093478,0.539882,0.566767
0.091414,0.544696,0.568165
0.089031,0.549200,0.569243
0.086512,0.553569,0.570183
0.084007,0.557944,0.571133
0.081512,0.562324,0.572091
0.078750,0.566449,0.572784
0.075709,0.570312,0.573201
0.072663,0.574169,0.573614
0.069461,0.577880,0.573872
0.066182,0.581519,0.574056
0.062828,0.585089,0.574165
0.059430,0.588621,0.574233
0.056068,0.592185,0.574336
0.052738,0.595777,0.574469
0.049366,0.599332,0.574562
0.045985,0.602879,0.574646
0.042526,0.606357,0.574656
0.039137,0.609897,0.574733
0.035711,0.613407,0.574775
0.032168,0.616813,0.574706
0.028627,0.620223,0.574639
0.025368,0.623881,0.574842
0.022131,0.627557,0.575065
0.018852,0.631196,0.575249
0.015629,0.634884,0.575485
0.012618,0.638753,0.575921
0.009612,0.642625,0.576360
0.006716,0.646590,0.576904
0.003954,0.650664,0.577570
0.001078,0.654641,0.578130
-0.001534,0.658836,0.578934
-0.003946,0.663194,0.579924
-0.006460,0.667463,0.580815
-0.008778,0.671891,0.581887
-0.011454,0.676015,0.582623
-0.014226,0.680056,0.583268
-0.016776,0.684277,0.584117
-0.019380,0.688449,0.584914
0.051370,0.093250,0.325250
0.055949,0.107043,0.334556
0.059318,0.119367,0.342506
0.061902,0.130725,0.349567
0.064838,0.142429,0.356983
0.067689,0.153975,0.364276
0.070074,0.164934,0.371035
0.071789,0.175080,0.377043
0.073523,0.185201,0.383048
0.076669,0.196853,0.390544
0.079544,0.208143,0.397719
0.082111,0.219033,0.404536
0.083836,0.228936,0.410425
0.085021,0.238196,0.415716
0.085837,0.247007,0.420593
0.087300,0.256489,0.426137
0.088178,0.265288,0.431039
0.088542,0.273489,0.435377
0.089014,0.281773,0.439812
0.089288,0.289808,0.444021
0.090196,0.298491,0.448879
0.091845,0.307930,0.454495
0.093523,0.317355,0.460120
0.096134,0.327727,0.466696
0.100088,0.339469,0.474647
0.103981,0.351086,0.482503
0.108046,0.362823,0.490507
0.111956,0.374336,0.498320
0.113598,0.383426,0.503756
0.114332,0.391531,0.508233
0.114024,0.398522,0.511618
0.113639,0.405409,0.514912
0.113339,0.412359,0.518281
0.126960,0.433523,0.535900
0.127741,0.441468,0.540320
0.127359,0.448200,0.543537
0.125477,0.453390,0.545212
0.123599,0.458573,0.546887
0.121725,0.463747,0.548558
0.119439,0.468495,0.549805
0.117124,0.473206,0.551019
0.114671,0.477771,0.552089
0.111961,0.482075,0.552896
0.109171,0.486293,0.553619
0.106921,0.491036,0.554882
0.104411,0.495516,0.555880
0.102425,0.500499,0.557398
0.100603,0.505630,0.559074
0.098784,0.510752,0.560747
0.096952,0.515849,0.562401
0.095267,0.521077,0.564196
0.093504,0.526216,0.565906
0.091640,0.531247,0.567510
0.089605,0.536105,0.568940
0.087294,0.540692,0.570093
0.084878,0.545173,0.571139
0.082401,0.549589,0.572121
0.079896,0.553972,0.573072
0.077101,0.558079,0.573737
0.074187,0.562073,0.574284
0.071318,0.566103,0.574872
0.068454,0.570136,0.575464
0.065282,0.573882,0.575755
0.061965,0.577494,0.575905
0.058649,0.581107,0.576055
0.055251,0.584646,0.576126
0.051816,0.588151,0.576162
0.048337,0.591617,0.576155
0.044871,0.595096,0.576162
0.041405,0.598576,0.576169
0.038019,0.602128,0.576253
0.034671,0.605713,0.576373
0.031322,0.609298,0.576493
0.027830,0.612758,0.576476
0.024364,0.616241,0.576485
0.021011,0.619824,0.576601
0.017635,0.623387,0.576696
0.014258,0.626951,0.576791
0.011142,0.630738,0.577131
0.008127,0.634613,0.577566
0.005115,0.638488,0.578004
0.002447,0.642655,0.578763
-0.000178,0.646854,0.579560
-0.003002,0.650880,0.580169
-0.005474,0.655201,0.581105
-0.007773,0.659661,0.582200
-0.009918,0.664244,0.583435
-0.012194,0.668711,0.584545
-0.014749,0.672941,0.585393
-0.017339,0.677137,0.586207
-0.019789,0.681444,0.587147
0.047116,0.080132,0.323315
0.052667,0.095114,0.333681
0.055812,0.107234,0.341389
0.059366,0.119759,0.349507
0.062454,0.131685,0.357087
0.065437,0.143428,0.364523
0.066817,0.153288,0.370198
0.068554,0.163507,0.376234
0.070276,0.173658,0.382229
0.072702,0.184551,0.388954
0.075512,0.195821,0.396063
0.077029,0.205591,0.401762
0.079092,0.215922,0.408019
0.081252,0.226308,0.414354
0.082482,0.235619,0.419676
0.083375,0.244517,0.424619
0.084140,0.253234,0.429407
0.084940,0.261951,0.434212
0.085582,0.270460,0.438832
0.086116,0.278814,0.443320
0.086642,0.287123,0.447780
0.087307,0.295546,0.452369
0.088391,0.304382,0.457377
0.090187,0.313939,0.463109
0.093210,0.324752,0.470095
0.096545,0.335843,0.477379
0.100644,0.347682,0.485426
0.104939,0.359665,0.493645
0.108184,0.370486,0.500747
0.110336,0.380114,0.506694
0.111309,0.388471,0.511405
0.111147,0.395617,0.514931
0.110371,0.402104,0.517815
0.109920,0.408904,0.521020
0.109056,0.415256,0.523791
0.110447,0.423884,0.528849
0.120966,0.441741,0.543176
0.119771,0.447643,0.545553
0.117898,0.452844,0.547233
0.115902,0.457909,0.548783
0.113910,0.462967,0.550331
0.111461,0.467557,0.551412
0.108725,0.471855,0.552200
0.105896,0.476055,0.552893
0.103130,0.480313,0.553646
0.100882,0.485072,0.554913
0.099423,0.490594,0.556965
0.097724,0.495868,0.558771
0.095891,0.500998,0.560435
0.094145,0.506200,0.562180
0.092729,0.511708,0.564246
0.091141,0.517036,0.566134
0.089413,0.522217,0.567878
0.087554,0.527260,0.569485
0.085514,0.532121,0.570910
0.083067,0.536588,0.571929
0.080684,0.541107,0.573008
0.078207,0.545530,0.573990
0.075442,0.549679,0.574689
0.072533,0.553689,0.575245
0.069608,0.557681,0.575784
0.066712,0.561696,0.576349
0.063726,0.565625,0.576825
0.060661,0.569479,0.577223
0.057513,0.573254,0.577540
0.054362,0.577026,0.577854
0.051039,0.580640,0.578000
0.047551,0.584105,0.577989
0.044064,0.587572,0.577979
0.040587,0.591049,0.577979
0.037122,0.594537,0.577990
0.033718,0.598080,0.578061
0.030304,0.601616,0.578122
0.026888,0.605150,0.578182
0.023482,0.608692,0.578250
0.020119,0.612274,0.578361
0.016768,0.615866,0.578482
0.013403,0.619446,0.578591
0.010052,0.623039,0.578714
0.006761,0.626684,0.578892
0.003719,0.630543,0.579304
0.000788,0.634496,0.579820
-0.001840,0.638703,0.580618
-0.004434,0.642937,0.581446
-0.006928,0.647250,0.582364
-0.009441,0.651543,0.583263
-0.011650,0.656085,0.584441
-0.013706,0.660749,0.585758
-0.015796,0.665378,0.587040
-0.018011,0.669894,0.588202
-0.020693,0.674018,0.588930
0.048417,0.082016,0.331766
0.052412,0.095179,0.340401
0.056268,0.108108,0.348848
0.059657,0.120431,0.356756
0.062251,0.131779,0.363772
0.063729,0.141795,0.369556
0.065300,0.151870,0.375417
0.067037,0.162083,0.381432
0.068761,0.172233,0.387408
0.070757,0.182639,0.393649
0.072498,0.192710,0.399593
0.073981,0.202444,0.405239
0.076070,0.212807,0.411505
0.078227,0.223193,0.417818
0.079874,0.232967,0.423565
0.079736,0.240732,0.427403
0.080560,0.249521,0.432241
0.081416,0.258304,0.437093
0.082371,0.267157,0.442029
0.083019,0.275638,0.446622
0.083272,0.283657,0.450785
0.084023,0.292178,0.455452
0.084608,0.300484,0.459927
0.086645,0.310303,0.465893
0.089556,0.321003,0.472743
0.092945,0.332157,0.480062
0.097303,0.344275,0.488353
0.100976,0.355609,0.495906
0.104402,0.366626,0.503174
0.107069,0.376796,0.509635
0.107974,0.385088,0.514264
0.107992,0.392426,0.517965
0.107217,0.398918,0.520842
0.106508,0.405456,0.523776
0.105778,0.411949,0.526676
0.104639,0.418005,0.529150
0.105228,0.425795,0.533368
0.108330,0.436096,0.540113
0.107136,0.442016,0.542491
0.106859,0.448840,0.545787
0.105058,0.454115,0.547535
0.104492,0.460608,0.550517
0.102376,0.465539,0.551934
0.099646,0.469853,0.552732
0.097298,0.474537,0.553907
0.095870,0.480116,0.555996
0.094420,0.485658,0.558055
0.092763,0.490982,0.559901
0.091249,0.496433,0.561882
0.089883,0.502013,0.564002
0.088459,0.507521,0.566058
0.086890,0.512876,0.567963
0.085321,0.518217,0.569862
0.083451,0.523257,0.571457
0.081515,0.528224,0.572982
0.079008,0.532641,0.573944
0.076504,0.537054,0.574905
0.073678,0.541158,0.575547
0.070839,0.545246,0.576176
0.067987,0.549318,0.576790
0.065052,0.553309,0.577321
0.062030,0.557217,0.577767
0.058921,0.561043,0.578128
0.055845,0.564896,0.578520
0.052755,0.568734,0.578896
0.049593,0.572506,0.579202
0.046380,0.576229,0.579460
0.043059,0.579854,0.579613
0.039698,0.583443,0.579727
0.036293,0.586992,0.579800
0.032874,0.590529,0.579859
0.029466,0.594077,0.579929
0.026057,0.597624,0.579999
0.022638,0.601162,0.580059
0.019136,0.604629,0.580041
0.015631,0.608094,0.580021
0.012374,0.611776,0.580235
0.009117,0.615458,0.580449
0.005844,0.619126,0.580648
0.002550,0.622775,0.580827
-0.000674,0.626485,0.581071
-0.003454,0.630575,0.581730
-0.006145,0.634737,0.582470
-0.008725,0.638990,0.583312
-0.011150,0.643368,0.584295
-0.013531,0.647779,0.585317
-0.015449,0.652574,0.586765
-0.017500,0.657248,0.588084
-0.019578,0.661892,0.589377
-0.021640,0.666542,0.590679
0.048556,0.082549,0.338932
0.052393,0.095514,0.347361
0.056723,0.108981,0.356288
0.058722,0.119692,0.362664
0.060569,0.130178,0.368850
0.062013,0.140152,0.374578
0.063784,0.150450,0.380633
0.065524,0.160663,0.386628
0.066214,0.169643,0.391478
0.066940,0.178624,0.396348
0.068840,0.188878,0.402445
0.070973,0.199343,0.408764
0.073035,0.209676,0.414982
0.074837,0.219673,0.420901
0.075761,0.228653,0.425869
0.075939,0.236775,0.430032
0.076292,0.245053,0.434362
0.077828,0.254587,0.439915
0.078574,0.263218,0.444619
0.079173,0.271652,0.449150
0.079647,0.279916,0.453533
0.080170,0.288198,0.457950
0.081114,0.296895,0.462786
0.083095,0.306659,0.468678
0.085716,0.317057,0.475209
0.089321,0.328445,0.482730
0.093219,0.340083,0.490523
0.096612,0.351131,0.497767
0.100613,0.362758,0.505607
0.103534,0.373200,0.512310
0.104054,0.381096,0.516531
0.104412,0.388794,0.520573
0.104059,0.395727,0.523873
0.103354,0.402273,0.526803
0.102420,0.408562,0.529489
0.101175,0.414514,0.531851
0.100087,0.420607,0.534361
0.100072,0.427767,0.537946
0.098566,0.433398,0.540015
0.097859,0.439814,0.542879
0.098464,0.447521,0.547048
0.096594,0.452731,0.548723
0.095466,0.458665,0.551134
0.093600,0.463851,0.552800
0.092565,0.469844,0.555286
0.090881,0.475182,0.557119
0.089401,0.480706,0.559148
0.087961,0.486253,0.561208
0.086788,0.492045,0.563525
0.085611,0.497816,0.565829
0.084178,0.503324,0.567874
0.082928,0.508993,0.570091
0.081432,0.514411,0.572058
0.079397,0.519301,0.573491
0.077483,0.524295,0.575035
0.074972,0.528716,0.575993
0.072199,0.532883,0.576693
0.069428,0.537047,0.577392
0.066450,0.541013,0.577887
0.063458,0.544964,0.578368
0.060403,0.548853,0.578786
0.057315,0.552708,0.579171
0.054227,0.556562,0.579556
0.051108,0.560386,0.579909
0.047991,0.564209,0.580263
0.044768,0.567934,0.580515
0.041551,0.571664,0.580773
0.038332,0.575390,0.581026
0.034967,0.578984,0.581142
0.031674,0.582644,0.581326
0.028411,0.586329,0.581537
0.025092,0.589964,0.581696
0.021773,0.593598,0.581854
0.018372,0.597161,0.581935
0.014781,0.600557,0.581837
0.011189,0.603953,0.581739
0.007748,0.607483,0.581784
0.004495,0.611177,0.582004
0.001332,0.614949,0.582311
-0.001885,0.618672,0.582564
-0.005107,0.622392,0.582814
-0.007768,0.626592,0.583586
-0.010447,0.630772,0.584339
-0.012932,0.635113,0.585270
-0.015309,0.639540,0.586298
-0.017618,0.644019,0.587387
-0.019457,0.648886,0.588906
-0.021413,0.653647,0.590313
-0.023725,0.658103,0.591388
0.048694,0.083079,0.346079
0.052407,0.095889,0.354340
0.055075,0.107426,0.361443
0.056868,0.117897,0.367575
0.058904,0.128596,0.373942
0.060464,0.138699,0.379774
0.062265,0.149027,0.385838
0.062325,0.157334,0.390022
0.062431,0.165659,0.394237
0.063159,0.174647,0.399095
0.065054,0.184901,0.405170
0.067785,0.196040,0.412105
0.068904,0.205330,0.417309
0.070001,0.214554,0.422470
0.071232,0.223883,0.427750
0.071725,0.232359,0.432235
0.072015,0.240576,0.436488
0.073289,0.249834,0.441754
0.074377,0.258845,0.446803
0.075126,0.267450,0.451480
0.075709,0.275838,0.455966
0.076333,0.284235,0.460477
0.077740,0.293434,0.465779
0.079567,0.303039,0.471496
0.081961,0.313200,0.477773
0.085361,0.324377,0.485061
0.088640,0.335370,0.492198
0.092237,0.346641,0.499632
0.096813,0.358880,0.508039
0.098539,0.368082,0.513503
0.100126,0.377098,0.518804
0.100469,0.384787,0.522820
0.100902,0.392536,0.526912
0.099795,0.398674,0.529427
0.098625,0.404728,0.531869
0.097707,0.411020,0.534556
0.096593,0.417092,0.537035
0.095558,0.423226,0.539584
0.094425,0.429240,0.542025
0.093240,0.435185,0.544405
0.092602,0.441659,0.547323
0.091411,0.447560,0.549678
0.089941,0.453166,0.551746
0.088853,0.459135,0.554186
0.087853,0.465172,0.556705
0.086171,0.470521,0.558539
0.084625,0.475991,0.560500
0.083390,0.481749,0.562762
0.082226,0.487558,0.565084
0.081065,0.493353,0.567401
0.080367,0.499579,0.570165
0.079400,0.505526,0.572655
0.077535,0.510597,0.574258
0.075501,0.515495,0.575690
0.073473,0.520388,0.577123
0.070743,0.524608,0.577868
0.067858,0.528678,0.578460
0.065086,0.532849,0.579160
0.062282,0.536986,0.579827
0.059176,0.540838,0.580199
0.055895,0.544525,0.580403
0.052684,0.548276,0.580673
0.049528,0.552076,0.580995
0.046399,0.555900,0.581341
0.043124,0.559589,0.581549
0.039846,0.563273,0.581752
0.036641,0.567024,0.582025
0.033458,0.570794,0.582318
0.030266,0.574553,0.582602
0.027018,0.578261,0.582832
0.023770,0.581969,0.583062
0.020486,0.585644,0.583257
0.017163,0.589283,0.583416
0.013713,0.592811,0.583454
0.010214,0.596297,0.583448
0.006734,0.599800,0.583459
0.003222,0.603276,0.583441
-0.000115,0.606906,0.583588
-0.003280,0.610684,0.583894
-0.006445,0.614462,0.584201
-0.009540,0.618298,0.584571
-0.012197,0.622509,0.585349
-0.014853,0.626718,0.586125
-0.017358,0.631049,0.587038
-0.019557,0.635635,0.588231
-0.021744,0.640224,0.589432
-0.023753,0.644956,0.590794
-0.025757,0.649684,0.592156
0.047878,0.082499,0.352180
0.050576,0.094126,0.359320
0.053243,0.105658,0.366396
0.055084,0.116183,0.372559
0.057223,0.126996,0.379014
0.058552,0.136832,0.384578
0.058564,0.145125,0.388717
0.058488,0.153284,0.392745
0.058681,0.161713,0.397042
0.059502,0.170812,0.401986
0.061079,0.180715,0.407707
0.062086,0.189937,0.412806
0.063509,0.199579,0.418320
0.064657,0.208872,0.423524
0.066377,0.218754,0.429305
0.067346,0.227763,0.434278
0.067498,0.235838,0.438378
0.068577,0.244892,0.443428
0.069895,0.254163,0.448706
0.070827,0.262975,0.453562
0.071911,0.271911,0.458556
0.072911,0.280718,0.463443
0.074378,0.289986,0.468793
0.075976,0.299352,0.474257
0.078357,0.309505,0.480504
0.081183,0.320080,0.487183
0.084050,0.330646,0.493878
0.087775,0.342062,0.501424
0.091212,0.353117,0.508646
0.093529,0.362948,0.514700
0.095409,0.372280,0.520288
0.096518,0.380771,0.525072
0.096365,0.387924,0.528561
0.095893,0.394723,0.531714
0.094636,0.400695,0.534064
0.094012,0.407293,0.537042
0.093036,0.413512,0.539654
0.091517,0.419162,0.541713
0.090407,0.425208,0.544173
0.089236,0.431174,0.546563
0.088026,0.437083,0.548904
0.086690,0.442849,0.551113
0.085453,0.448697,0.553411
0.084262,0.454572,0.555745
0.083128,0.460487,0.558127
0.081609,0.466007,0.560122
0.080162,0.471582,0.562179
0.078719,0.477145,0.564232
0.077501,0.482913,0.566499
0.076947,0.489305,0.569409
0.076594,0.495870,0.572505
0.075667,0.501862,0.575029
0.073633,0.506777,0.576465
0.071604,0.511687,0.577901
0.069579,0.516590,0.579335
0.066969,0.520931,0.580198
0.064075,0.524998,0.580783
0.061142,0.529024,0.581327
0.058075,0.532923,0.581742
0.054860,0.536680,0.582012
0.051503,0.540305,0.582146
0.048193,0.543973,0.582324
0.044980,0.547730,0.582595
0.041653,0.551380,0.582756
0.038309,0.555015,0.582902
0.034976,0.558659,0.583056
0.031678,0.562336,0.583245
0.028478,0.566099,0.583525
0.025256,0.569842,0.583786
0.022110,0.573652,0.584116
0.019000,0.577493,0.584481
0.015847,0.581294,0.584803
0.012480,0.584904,0.584924
0.008959,0.588378,0.584902
0.005438,0.591853,0.584878
0.001941,0.595351,0.584879
-0.001544,0.598859,0.584891
-0.004798,0.602570,0.585118
-0.007979,0.606343,0.585413
-0.011145,0.610129,0.585722
-0.014234,0.613980,0.586102
-0.016792,0.618285,0.586973
-0.019418,0.622526,0.587777
-0.022040,0.626767,0.588584
-0.024336,0.631280,0.589689
-0.026261,0.636100,0.591132
-0.028301,0.640813,0.592463
0.042222,0.067738,0.348822
0.046027,0.080715,0.357159
0.048746,0.092364,0.364296
0.051412,0.103892,0.371347
0.053416,0.114601,0.377662
0.054674,0.124402,0.383156
0.054792,0.132857,0.387414
0.054751,0.141096,0.391487
0.054644,0.149226,0.395473
0.054924,0.157760,0.399851
0.055511,0.166600,0.404534
0.055599,0.174846,0.408674
0.056166,0.183590,0.413299
0.057168,0.192779,0.418361
0.059163,0.203026,0.424443
0.060745,0.212768,0.430068
0.061779,0.221863,0.435100
0.062883,0.230994,0.440184
0.063242,0.239271,0.444474
0.065028,0.249063,0.450225
0.066663,0.258646,0.455797
0.068004,0.267868,0.461045
0.069469,0.277181,0.466399
0.070739,0.286243,0.471531
0.072444,0.295728,0.477090
0.074581,0.305627,0.483069
0.076997,0.315774,0.489310
0.079726,0.326203,0.495846
0.082809,0.336953,0.502717
0.085457,0.347194,0.509120
0.088266,0.357553,0.515661
0.090334,0.367091,0.521426
0.091624,0.375780,0.526384
0.091397,0.382868,0.529792
0.091182,0.389942,0.533200
0.090653,0.396668,0.536278
0.089758,0.402999,0.538978
0.088596,0.409036,0.541399
0.087387,0.415008,0.543766
0.086204,0.420988,0.546148
0.085222,0.427152,0.548723
0.083568,0.432624,0.550619
0.082074,0.438242,0.552668
0.080955,0.444217,0.555080
0.079762,0.450100,0.557410
0.078213,0.455615,0.559380
0.076649,0.461100,0.561328
0.075244,0.466727,0.563426
0.073843,0.472343,0.565519
0.073575,0.479043,0.568714
0.073234,0.485648,0.571826
0.072894,0.492232,0.574928
0.072028,0.498288,0.577506
0.069944,0.503162,0.578892
0.067863,0.508028,0.580275
0.065780,0.512882,0.581651
0.063112,0.517174,0.582458
0.060037,0.521078,0.582870
0.056964,0.524979,0.583281
0.053847,0.528839,0.583651
0.050550,0.532529,0.583846
0.047321,0.536280,0.584105
0.044007,0.539952,0.584283
0.040531,0.543473,0.584305
0.037000,0.546945,0.584276
0.033563,0.550505,0.584337
0.030218,0.554147,0.584484
0.026786,0.557711,0.584550
0.023370,0.561289,0.584631
0.020234,0.565121,0.584976
0.017012,0.568872,0.585239
0.013899,0.572721,0.585605
0.010598,0.576401,0.585793
0.007195,0.579990,0.585885
0.003976,0.583741,0.586150
0.000667,0.587412,0.586330
-0.002860,0.590893,0.586307
-0.006316,0.594437,0.586350
-0.009502,0.598215,0.586644
-0.012689,0.601993,0.586938
-0.015875,0.605770,0.587232
-0.019056,0.609550,0.587529
-0.021669,0.613818,0.588352
-0.024225,0.618128,0.589223
-0.026826,0.622396,0.590051
-0.028938,0.627073,0.591325
0.044171,0.078926,0.362130
0.046910,0.090595,0.369264
0.049582,0.102127,0.376297
0.050278,0.111330,0.381198
0.050761,0.120247,0.385852
0.051025,0.128874,0.390255
0.050930,0.137059,0.394260
0.050821,0.145192,0.398234
0.050647,0.153219,0.402122
0.050007,0.160691,0.405504
0.050106,0.168961,0.409648
0.050311,0.177314,0.413885
0.051260,0.186459,0.418883
0.052530,0.195919,0.424196
0.053981,0.205535,0.429675
0.055337,0.215002,0.435034
0.056515,0.224230,0.440187
0.057924,0.233669,0.445558
0.060126,0.243925,0.451727
0.062343,0.254149,0.457887
0.064031,0.263753,0.463478
0.065459,0.273033,0.468779
0.067197,0.282603,0.474379
0.068854,0.292042,0.479873
0.070799,0.301743,0.485639
0.073021,0.311692,0.491665
0.075342,0.321697,0.497768
0.077721,0.331716,0.503907
0.080217,0.341809,0.510140
0.082681,0.351820,0.516317
0.084522,0.361137,0.521841
0.085780,0.369807,0.526758
0.086335,0.377715,0.530947
0.086158,0.384839,0.534387
0.085757,0.391708,0.537590
0.084836,0.398022,0.540260
0.083535,0.403930,0.542541
0.082911,0.410505,0.545487
0.081834,0.416601,0.547973
0.080219,0.422138,0.549915
0.078935,0.427992,0.552178
0.077399,0.433577,0.554182
0.076330,0.439611,0.556641
0.074789,0.445159,0.558625
0.073175,0.450621,0.560530
0.071564,0.456072,0.562431
0.069963,0.461519,0.564336
0.069979,0.468527,0.567813
0.070007,0.475520,0.571290
0.069703,0.482167,0.574430
0.069383,0.488776,0.577544
0.068293,0.494622,0.579899
0.066382,0.499667,0.581451
0.064069,0.504318,0.582609
0.061782,0.508985,0.583787
0.059365,0.513521,0.584836
0.056347,0.517484,0.585304
0.053321,0.521437,0.585763
0.050200,0.525298,0.586130
0.046705,0.528808,0.586137
0.043304,0.532407,0.586235
0.039968,0.536066,0.586395
0.036297,0.539415,0.586236
0.032703,0.542837,0.586151
0.029169,0.546315,0.586123
0.025518,0.549687,0.585985
0.021770,0.552973,0.585756
0.018196,0.556419,0.585693
0.014950,0.560162,0.585939
0.011841,0.564027,0.586313
0.008442,0.567630,0.586414
0.004953,0.571154,0.586431
0.001471,0.574686,0.586456
-0.001753,0.578445,0.586721
-0.004976,0.582204,0.586986
-0.008246,0.585921,0.587208
-0.011712,0.589468,0.587248
-0.014704,0.593427,0.587726
-0.017731,0.597353,0.588172
-0.020971,0.601094,0.588419
-0.024212,0.604833,0.588666
-0.027371,0.608642,0.588988
-0.030016,0.612889,0.589781
-0.032229,0.617499,0.590968
0.042317,0.077137,0.367099
0.044812,0.088522,0.373949
0.045862,0.098181,0.379234
0.046305,0.107099,0.383854
0.046841,0.116083,0.388553
0.047252,0.124886,0.393100
0.047104,0.133016,0.397039
0.046230,0.140290,0.400197
0.045293,0.147467,0.403277
0.044642,0.154938,0.406643
0.044593,0.163055,0.410625
0.044650,0.171258,0.414701
0.045436,0.180236,0.419520
0.045500,0.188375,0.423568
0.046882,0.197934,0.428968
0.048353,0.207547,0.434438
0.049823,0.217114,0.439885
0.052335,0.227774,0.446386
0.055076,0.238628,0.453096
0.057713,0.249317,0.459672
0.059572,0.259115,0.465424
0.061865,0.269333,0.471600
0.063762,0.279078,0.477345
0.065421,0.288523,0.482825
0.067010,0.297852,0.488213
0.068998,0.307559,0.493985
0.070841,0.317068,0.499587
0.072992,0.326856,0.505479
0.075283,0.336745,0.511490
0.076839,0.345820,0.516737
0.078869,0.355348,0.522440
0.079796,0.363689,0.527015
0.080548,0.371816,0.531397
0.080688,0.379279,0.535149
0.080049,0.385918,0.538110
0.079363,0.392485,0.541012
0.078528,0.398879,0.543756
0.077606,0.405163,0.546402
0.076511,0.411254,0.548868
0.075195,0.417104,0.551106
0.073805,0.422862,0.553261
0.072640,0.428828,0.555631
0.071127,0.434431,0.557649
0.069586,0.439992,0.559633
0.068060,0.445552,0.561624
0.066519,0.451083,0.563593
0.065424,0.457035,0.565990
0.065149,0.463769,0.569178
0.066350,0.471911,0.573789
0.066177,0.478690,0.577049
0.065871,0.485317,0.580169
0.064451,0.490854,0.582200
0.062849,0.496200,0.584048
0.060548,0.500868,0.585216
0.058106,0.505394,0.586244
0.055585,0.509837,0.587193
0.052607,0.513845,0.587702
0.049590,0.517812,0.588170
0.046562,0.521765,0.588627
0.043058,0.525274,0.588629
0.039555,0.528783,0.588632
0.035963,0.532210,0.588551
0.032277,0.535553,0.588382
0.028590,0.538896,0.588212
0.024858,0.542200,0.588001
0.020871,0.545276,0.587551
0.017023,0.548480,0.587234
0.013312,0.551811,0.587045
0.009553,0.555101,0.586814
0.006097,0.558666,0.586869
0.002648,0.562238,0.586929
-0.000786,0.565823,0.587004
-0.004212,0.569417,0.587086
-0.007614,0.573030,0.587190
-0.011087,0.576583,0.587230
-0.014558,0.580137,0.587271
-0.018031,0.583691,0.587311
-0.021504,0.587246,0.587351
-0.024669,0.591069,0.587676
-0.027597,0.595095,0.588218
-0.030689,0.598978,0.588608
-0.034974,0.601836,0.587904
-0.036928,0.606691,0.589336
0.039611,0.074361,0.371161
0.040864,0.084308,0.376670
0.041842,0.093891,0.381865
0.042324,0.102859,0.386514
0.042914,0.111913,0.391258
0.043448,0.120862,0.395923
0.042368,0.127940,0.398873
0.040976,0.134638,0.401484
0.039922,0.141695,0.404436
0.039312,0.149226,0.407841
0.039062,0.157130,0.411605
0.038904,0.165107,0.415452
0.039628,0.174029,0.420197
0.039604,0.182087,0.424149
0.039885,0.190447,0.428400
0.041267,0.199981,0.433769
0.043850,0.210785,0.440355
0.046738,0.221868,0.447227
0.049760,0.233042,0.454210
0.052561,0.243921,0.460939
0.055842,0.255263,0.468132
0.058369,0.265739,0.474529
0.060321,0.275547,0.480314
0.062111,0.285136,0.485911
0.063294,0.294038,0.490873
0.064848,0.303292,0.496189
0.066474,0.312581,0.501558
0.068507,0.322253,0.507315
0.069996,0.331313,0.512505
0.071583,0.340433,0.517771
0.072980,0.349315,0.522828
0.074098,0.357869,0.527585
0.074515,0.365663,0.531625
0.074793,0.373283,0.535509
0.074292,0.380077,0.538606
0.073657,0.386711,0.541556
0.072966,0.393264,0.544440
0.071924,0.399441,0.546966
0.070834,0.405549,0.549434
0.069742,0.411638,0.551892
0.068650,0.417707,0.554341
0.067471,0.423671,0.556694
0.066294,0.429619,0.559041
0.064836,0.435272,0.561104
0.063122,0.440657,0.562911
0.061013,0.445641,0.564325
0.060246,0.451927,0.567040
0.059796,0.458501,0.570052
0.061072,0.466728,0.574727
0.062494,0.475062,0.579526
0.062134,0.481643,0.582586
0.060539,0.487017,0.584445
0.058998,0.492429,0.586349
0.056891,0.497288,0.587703
0.054330,0.501707,0.588617
0.051780,0.506130,0.589538
0.049044,0.510370,0.590278
0.045952,0.514273,0.590677
0.042861,0.518174,0.591075
0.039380,0.521709,0.591102
0.035812,0.525164,0.591046
0.032148,0.528531,0.590900
0.028334,0.531762,0.590613
0.024509,0.534986,0.590318
0.020549,0.538088,0.589896
0.016552,0.541161,0.589441
0.012437,0.544131,0.588878
0.008432,0.547205,0.588420
0.004557,0.550401,0.588086
0.000777,0.553686,0.587842
-0.002783,0.557168,0.587804
-0.006356,0.560642,0.587755
-0.010249,0.563832,0.587410
-0.014143,0.567025,0.587065
-0.017793,0.570436,0.586947
-0.021253,0.574017,0.587006
-0.024713,0.577597,0.587066
-0.030963,0.578749,0.584558
-0.035598,0.581322,0.583544
0.035449,0.069893,0.373683
0.036908,0.080085,0.379395
0.037815,0.089592,0.384501
0.038336,0.098613,0.389180
0.038980,0.107736,0.393969
0.038352,0.115366,0.397402
0.037101,0.122260,0.400168
0.035718,0.128982,0.402786
0.034533,0.135904,0.405599
0.033964,0.143494,0.409041
0.032976,0.150585,0.412034
0.032995,0.158774,0.416058
0.033797,0.167799,0.420876
0.033733,0.175827,0.424781
0.032945,0.183023,0.427923
0.035031,0.193349,0.434008
0.037682,0.204244,0.440650
0.040718,0.215505,0.447660
0.044030,0.227008,0.454923
0.048286,0.239474,0.463122
0.052001,0.251292,0.470738
0.054694,0.261951,0.477285
0.056776,0.271904,0.483185
0.058254,0.281167,0.488452
0.059506,0.290148,0.493469
0.060689,0.299016,0.498397
0.062332,0.308330,0.503770
0.063472,0.317073,0.508615
0.064909,0.326089,0.513740
0.066296,0.335012,0.518795
0.067532,0.343739,0.523680
0.068184,0.351823,0.527963
0.068700,0.359735,0.532095
0.068685,0.367069,0.535684
0.068411,0.374110,0.539002
0.067954,0.380939,0.542126
0.067273,0.387517,0.545018
0.066371,0.393848,0.547679
0.065165,0.399853,0.550032
0.064218,0.406101,0.552631
0.063470,0.412527,0.555415
0.062630,0.418840,0.558099
0.061363,0.424709,0.560355
0.059938,0.430405,0.562449
0.057904,0.435486,0.563943
0.055807,0.440493,0.565369
0.053712,0.445492,0.566794
0.053809,0.452616,0.570334
0.056676,0.462401,0.576538
0.058265,0.470904,0.581486
0.058149,0.477729,0.584775
0.056769,0.483317,0.586839
0.054963,0.488482,0.588485
0.052926,0.493415,0.589905
0.050649,0.498111,0.591091
0.047991,0.502437,0.591909
0.045335,0.506760,0.592726
0.042194,0.510621,0.593079
0.039035,0.514465,0.593415
0.035668,0.518113,0.593553
0.032067,0.521542,0.593468
0.028330,0.524848,0.593257
0.024436,0.528012,0.592899
0.020523,0.531161,0.592524
0.016408,0.534129,0.591962
0.012291,0.537099,0.591400
0.008125,0.540031,0.590795
0.003734,0.542764,0.589982
-0.000448,0.545692,0.589367
-0.004240,0.548975,0.589118
-0.008525,0.551821,0.588412
-0.012555,0.554900,0.587946
-0.016460,0.558092,0.587597
-0.020367,0.561288,0.587248
-0.024277,0.564485,0.586898
-0.031724,0.564582,0.583294
0.030936,0.065016,0.375846
0.032946,0.075856,0.382126
0.033779,0.085285,0.387141
0.034324,0.094340,0.391833
0.033415,0.101693,0.394982
0.032475,0.108981,0.398084
0.031816,0.116563,0.401468
0.030444,0.123309,0.404093
0.029231,0.130213,0.406875
0.027563,0.136580,0.409171
0.025994,0.143040,0.411561
0.027063,0.152418,0.416667
0.027929,0.161528,0.421542
0.027767,0.169461,0.425340
0.026493,0.176139,0.427981
0.028727,0.186644,0.434206
0.030871,0.197000,0.440315
0.034398,0.208814,0.447812
0.039113,0.221856,0.456489
0.043703,0.234694,0.465006
0.047963,0.247108,0.473155
0.050650,0.257767,0.479677
0.052589,0.267576,0.485419
0.054083,0.276863,0.490687
0.055711,0.286251,0.496070
0.056808,0.295034,0.500899
0.057585,0.303442,0.505388
0.058568,0.312031,0.510065
0.059844,0.320889,0.515018
0.061019,0.329602,0.519850
0.061679,0.337744,0.524151
0.062312,0.345823,0.528409
0.062919,0.353842,0.532624
0.062866,0.361152,0.536171
0.062612,0.368227,0.539504
0.062197,0.375114,0.542667
0.061565,0.381754,0.545603
0.060797,0.388235,0.548395
0.059803,0.394466,0.550955
0.058911,0.400782,0.553605
0.058136,0.407193,0.556359
0.057413,0.413635,0.559154
0.056445,0.419813,0.561700
0.054459,0.424965,0.563247
0.052490,0.430122,0.564806
0.050494,0.435240,0.566332
0.048622,0.440469,0.567972
0.046947,0.445878,0.569796
0.051471,0.457289,0.577584
0.054026,0.466738,0.583450
0.053789,0.473455,0.586617
0.052778,0.479405,0.589031
0.051038,0.484640,0.590739
0.049068,0.489643,0.592221
0.046752,0.494308,0.593369
0.044205,0.498746,0.594293
0.041488,0.503018,0.595053
0.038613,0.507136,0.595661
0.035361,0.510898,0.595910
0.031982,0.514540,0.596039
0.028330,0.517929,0.595909
0.024555,0.521206,0.595666
0.020630,0.524346,0.595283
0.016593,0.527387,0.594796
0.012415,0.530304,0.594180
0.008174,0.533168,0.593507
0.003771,0.535892,0.592686
-0.000599,0.538652,0.591900
-0.005204,0.541206,0.590897
-0.010009,0.543590,0.589715
-0.014414,0.546341,0.588906
-0.018751,0.549159,0.588163
-0.022666,0.552358,0.587814
-0.027561,0.554693,0.586562
0.028884,0.071512,0.384764
0.029380,0.080560,0.389413
0.028236,0.087684,0.392326
0.027558,0.095316,0.395713
0.026625,0.102628,0.398820
0.026142,0.110425,0.402382
0.025152,0.117617,0.405404
0.022816,0.123267,0.407018
0.020825,0.129290,0.408982
0.019260,0.135772,0.411377
0.021108,0.146037,0.417277
0.021838,0.155012,0.422005
0.021345,0.162594,0.425457
0.020021,0.169233,0.428046
0.022214,0.179709,0.434217
0.024517,0.190258,0.440477
0.028447,0.202527,0.448368
0.033719,0.216188,0.457590
0.038967,0.229749,0.466752
0.043163,0.242104,0.474814
0.046107,0.253050,0.481580
0.048152,0.262980,0.487412
0.049902,0.272549,0.492926
0.051589,0.282007,0.498355
0.051950,0.290020,0.502434
0.052749,0.298461,0.506934
0.053774,0.307105,0.511644
0.054685,0.315591,0.516221
0.055170,0.323597,0.520357
0.055799,0.331720,0.524620
0.056484,0.339868,0.528923
0.056940,0.347746,0.532982
0.056959,0.355143,0.536594
0.056774,0.362304,0.539992
0.056395,0.369241,0.543186
0.055840,0.375974,0.546196
0.055091,0.382488,0.549005
0.054331,0.388970,0.551792
0.053572,0.395431,0.554569
0.052807,0.401864,0.557330
0.051823,0.408058,0.559867
0.050594,0.413990,0.562159
0.049369,0.419908,0.564444
0.047415,0.425091,0.566018
0.045082,0.429890,0.567219
0.042436,0.434374,0.568114
0.041805,0.440814,0.570943
0.045618,0.451548,0.578029
0.049677,0.462466,0.585324
0.049419,0.469170,0.588464
0.048409,0.475129,0.590874
0.046979,0.480669,0.592877
0.045077,0.485745,0.594422
0.042735,0.490392,0.595545
0.040358,0.494998,0.596631
0.037608,0.499245,0.597361
0.034770,0.503404,0.598004
0.031731,0.507372,0.598456
0.028333,0.511002,0.598570
0.024718,0.514430,0.598478
0.020962,0.517730,0.598256
0.016971,0.520815,0.597815
0.012712,0.523658,0.597125
0.008463,0.526516,0.596447
0.004028,0.529211,0.595600
-0.000422,0.531898,0.594741
-0.005059,0.534425,0.593713
-0.009826,0.536841,0.592569
-0.014626,0.539238,0.591397
-0.019458,0.541616,0.590202
-0.024295,0.543997,0.589006
-0.033380,0.542620,0.583911
0.023265,0.065367,0.385785
0.023222,0.073808,0.389862
0.022085,0.080956,0.392780
0.021299,0.088482,0.396052
0.020753,0.096251,0.399559
0.020218,0.104003,0.403063
0.018689,0.110602,0.405524
0.016143,0.116033,0.406925
0.013843,0.121726,0.408572
0.012496,0.128472,0.411194
0.014549,0.138983,0.417293
0.014207,0.146786,0.420915
0.014083,0.154799,0.424746
0.013576,0.162358,0.428170
0.015704,0.172781,0.434263
0.018306,0.183672,0.440814
0.021592,0.195254,0.448032
0.027969,0.210133,0.458352
0.033437,0.223947,0.467713
0.037836,0.236532,0.475959
0.041487,0.248249,0.483420
0.043640,0.258304,0.489347
0.045193,0.267672,0.494649
0.046100,0.276313,0.499285
0.047078,0.284991,0.503973
0.047775,0.293334,0.508362
0.048753,0.301940,0.513014
0.048665,0.309392,0.516590
0.049279,0.317548,0.520847
0.049884,0.325661,0.525080
0.050423,0.333672,0.529231
0.050631,0.341310,0.533041
0.050829,0.348907,0.536824
0.050904,0.356349,0.540474
0.050525,0.363299,0.543664
0.049891,0.369968,0.546594
0.049197,0.376552,0.549454
0.048489,0.383100,0.552289
0.047739,0.389583,0.555073
0.047003,0.396060,0.557860
0.046278,0.402526,0.560647
0.045197,0.408618,0.563080
0.043833,0.414411,0.565231
0.042045,0.419770,0.566964
0.039560,0.424432,0.568021
0.036887,0.428902,0.568894
0.034217,0.433369,0.569766
0.033084,0.439322,0.572106
0.043607,0.456529,0.585569
0.044988,0.464827,0.590268
0.044028,0.470842,0.592722
0.042576,0.476370,0.594701
0.040734,0.481511,0.596303
0.038747,0.486503,0.597761
0.036244,0.490997,0.598728
0.033668,0.495416,0.599623
0.030959,0.499703,0.600389
0.028040,0.503789,0.600955
0.024800,0.507572,0.601219
0.021299,0.511111,0.601238
0.017489,0.514366,0.600968
0.013374,0.517341,0.600415
0.008986,0.520071,0.599610
0.004463,0.522684,0.598683
-0.000027,0.525336,0.597790
-0.004741,0.527791,0.596694
-0.009479,0.530232,0.595578
-0.014410,0.532509,0.594290
-0.019256,0.534873,0.593084
-0.024592,0.536809,0.591434
-0.031263,0.537568,0.588563
0.016021,0.065855,0.389252
0.015909,0.074201,0.393236
0.014976,0.081575,0.396353
0.014631,0.089590,0.400065
0.013215,0.096359,0.402655
0.011261,0.102496,0.404679
0.009392,0.108711,0.406782
0.006826,0.114127,0.408161
0.005616,0.121044,0.410923
0.005863,0.129563,0.415165
0.006516,0.138495,0.419803
0.005984,0.146078,0.423215
0.007104,0.155454,0.428294
0.008424,0.165007,0.433556
0.011575,0.176518,0.440651
0.014968,0.188235,0.447962
0.021086,0.202851,0.457995
0.026970,0.217131,0.467753
0.032498,0.230949,0.477115
0.036171,0.242702,0.484580
0.038588,0.253052,0.490757
0.039679,0.261939,0.495585
0.040593,0.270599,0.500218
0.041619,0.279341,0.504945
0.042313,0.287695,0.509324
0.042474,0.295455,0.513157
0.042620,0.303169,0.516960
0.042977,0.311072,0.520957
0.043658,0.319279,0.525258
0.043752,0.326846,0.528965
0.044180,0.334727,0.532986
0.044470,0.342436,0.536857
0.044614,0.349965,0.540570
0.044285,0.356982,0.543806
0.043702,0.363717,0.546783
0.043079,0.370388,0.549710
0.042406,0.376986,0.552577
0.041769,0.383599,0.555469
0.041134,0.390191,0.558351
0.040433,0.396695,0.561159
0.039734,0.403180,0.563959
0.038262,0.408879,0.566005
0.036020,0.413803,0.567302
0.033798,0.418738,0.568615
0.031551,0.423638,0.569899
0.028818,0.428056,0.570715
0.026020,0.432404,0.571465
0.026951,0.440353,0.575761
0.038233,0.458243,0.589878
0.038792,0.465735,0.593774
0.038009,0.471913,0.596385
0.036214,0.477109,0.598030
0.034167,0.482053,0.599432
0.031924,0.486802,0.600645
0.029536,0.491404,0.601716
0.026908,0.495776,0.602560
0.024187,0.500054,0.603313
0.021305,0.504176,0.603914
0.017959,0.507865,0.604079
0.014111,0.511089,0.603778
0.009708,0.513804,0.602961
0.005121,0.516356,0.601976
0.000493,0.518880,0.600958
-0.004336,0.521229,0.599758
-0.009132,0.523616,0.598592
-0.013888,0.526050,0.597469
-0.019152,0.528035,0.595881
-0.025202,0.529327,0.593580
-0.030973,0.530886,0.591541
0.008626,0.074639,0.396655
0.007342,0.081601,0.399393
0.005604,0.088026,0.401654
0.003806,0.094362,0.403843
0.001885,0.100540,0.405896
0.000064,0.106813,0.408043
-0.001775,0.113046,0.410163
-0.002953,0.119997,0.412947
-0.002198,0.129070,0.417687
-0.001927,0.137567,0.421916
-0.001695,0.145988,0.426089
0.000849,0.156910,0.432584
0.003420,0.167809,0.439081
0.007995,0.180837,0.447571
0.013123,0.194396,0.456583
0.020243,0.210036,0.467561
0.025969,0.224085,0.477099
0.030322,0.236584,0.485227
0.032703,0.246909,0.491356
0.034129,0.256167,0.496508
0.035072,0.264872,0.501162
0.035331,0.272816,0.505118
0.035387,0.280513,0.508858
0.035404,0.288141,0.512544
0.035857,0.296195,0.516647
0.036214,0.304115,0.520640
0.036367,0.311793,0.524417
0.036935,0.319869,0.528586
0.037338,0.327743,0.532578
0.037744,0.335588,0.536557
0.037702,0.342944,0.540085
0.037515,0.350125,0.543459
0.037279,0.357230,0.546771
0.036687,0.363948,0.549726
0.035973,0.370521,0.552552
0.035408,0.377222,0.555512
0.034993,0.384050,0.558605
0.034508,0.390785,0.561619
0.033329,0.396807,0.563955
0.032050,0.402712,0.566186
0.030768,0.408598,0.568407
0.028480,0.413480,0.569658
0.025807,0.417975,0.570536
0.022762,0.422102,0.571058
0.019800,0.426306,0.571657
0.017170,0.430825,0.572568
0.028321,0.448617,0.586528
0.032424,0.459540,0.593775
0.032212,0.466280,0.596923
0.030996,0.472040,0.599115
0.029370,0.477396,0.600914
0.027304,0.482321,0.602293
0.024892,0.486911,0.603344
0.022508,0.491520,0.604417
0.020110,0.496109,0.605473
0.017495,0.500488,0.606324
0.014283,0.504306,0.606617
0.010555,0.507647,0.606430
0.006088,0.510308,0.605559
0.000970,0.512380,0.604090
-0.004000,0.514596,0.602762
-0.008884,0.516904,0.601520
-0.013930,0.519073,0.600131
-0.019211,0.521041,0.598534
-0.024635,0.522893,0.596811
-0.031591,0.523382,0.593692
-0.000790,0.072654,0.397891
-0.002358,0.079295,0.400329
-0.003916,0.085926,0.402768
-0.005634,0.092357,0.405034
-0.007625,0.098460,0.407010
-0.009480,0.104698,0.409118
-0.011181,0.111089,0.411372
-0.011024,0.119522,0.415502
-0.010378,0.128462,0.420110
-0.011150,0.135801,0.423267
-0.007783,0.147655,0.430584
-0.004352,0.159519,0.437936
-0.000393,0.171898,0.445790
0.004306,0.185015,0.454355
0.011647,0.200920,0.465530
0.018811,0.216543,0.476485
0.023691,0.229627,0.485120
0.026501,0.240428,0.491663
0.028372,0.250176,0.497249
0.028731,0.258275,0.501315
0.028603,0.265825,0.504883
0.028514,0.273389,0.508476
0.028542,0.281046,0.512171
0.028145,0.288229,0.515432
0.028426,0.296092,0.519348
0.028903,0.304127,0.523440
0.029476,0.312229,0.527610
0.030208,0.320462,0.531919
0.030516,0.328225,0.535800
0.030703,0.335835,0.539548
0.030750,0.343272,0.543146
0.030332,0.350210,0.546280
0.029700,0.356907,0.549195
0.029131,0.363644,0.552161
0.028573,0.370369,0.555125
0.027991,0.377048,0.558056
0.027353,0.383647,0.560922
0.026716,0.390228,0.563779
0.025627,0.396338,0.566193
0.024303,0.402198,0.568373
0.022337,0.407412,0.569935
0.019819,0.412074,0.570965
0.016769,0.416209,0.571487
0.013721,0.420344,0.572009
0.010576,0.424380,0.572437
0.007279,0.428267,0.572721
0.024934,0.452267,0.592746
0.026246,0.460485,0.597327
0.025236,0.466455,0.599712
0.023898,0.472096,0.601780
0.021845,0.477048,0.603174
0.019624,0.481829,0.604405
0.017437,0.486635,0.605663
0.015206,0.491390,0.606877
0.012635,0.495820,0.607771
0.009675,0.499883,0.608301
0.006213,0.503478,0.608365
0.001462,0.505885,0.607238
-0.004015,0.507635,0.605446
-0.009142,0.509719,0.603984
-0.014104,0.511965,0.602678
-0.019142,0.514152,0.601307
-0.024676,0.515903,0.599488
-0.030895,0.517049,0.597050
-0.038008,0.517412,0.593805
-0.012507,0.076511,0.400845
-0.014062,0.083150,0.403281
-0.015764,0.089604,0.405558
-0.017754,0.095716,0.407534
-0.019158,0.102462,0.410093
-0.020164,0.109628,0.413044
-0.020127,0.117923,0.417037
-0.023184,0.122775,0.417897
-0.021502,0.132820,0.423515
-0.013247,0.150003,0.435704
-0.010133,0.161488,0.442699
-0.004460,0.175692,0.452223
0.002973,0.191721,0.463465
0.010084,0.207312,0.474342
0.015579,0.221081,0.483572
0.020272,0.233919,0.491972
0.021696,0.243206,0.497104
0.022148,0.251421,0.501256
0.022047,0.259017,0.504847
0.021743,0.266371,0.508226
0.020517,0.272730,0.510685
0.019619,0.279412,0.513457
0.019819,0.287215,0.517291
0.020957,0.295962,0.522027
0.022093,0.304668,0.526743
0.022896,0.312994,0.531117
0.023474,0.321055,0.535256
0.023844,0.328870,0.539178
0.023409,0.335834,0.542306
0.022928,0.342727,0.545379
0.022313,0.349461,0.548310
0.021699,0.356172,0.551232
0.020985,0.362761,0.554047
0.020219,0.369276,0.556801
0.019454,0.375770,0.559546
0.018950,0.382503,0.562531
0.018454,0.389221,0.565512
0.017163,0.395132,0.567725
0.014848,0.400022,0.568959
0.012536,0.404905,0.570191
0.010227,0.409782,0.571422
0.007557,0.414299,0.572307
0.004210,0.418155,0.572550
0.000863,0.422010,0.572794
-0.002483,0.425864,0.573037
-0.006075,0.429480,0.573049
0.017634,0.459114,0.598608
0.017021,0.465464,0.601357
0.015864,0.471279,0.603589
0.013608,0.476042,0.604790
0.011396,0.480838,0.606027
0.009024,0.485476,0.607113
0.006519,0.489982,0.608072
0.003592,0.494089,0.608638
-0.000295,0.497305,0.608316
-0.005063,0.499712,0.607184
-0.010002,0.501971,0.605901
-0.014971,0.504213,0.604594
-0.020107,0.506312,0.603139
-0.025794,0.507924,0.601187
-0.033404,0.507811,0.597486
-0.025263,0.079225,0.402769
-0.026186,0.086559,0.405831
-0.027922,0.092961,0.408059
-0.028871,0.100216,0.411071
-0.030957,0.106190,0.412927
-0.034405,0.110648,0.413410
-0.036463,0.116626,0.415282
-0.027071,0.135102,0.428590
-0.020595,0.150295,0.438939
-0.014161,0.165356,0.449204
-0.006862,0.181269,0.460288
0.000699,0.197374,0.471590
0.007221,0.212273,0.481820
0.011699,0.224904,0.489991
0.014852,0.236058,0.496823
0.015507,0.244507,0.501171
0.015430,0.252146,0.504783
0.014989,0.259373,0.508023
0.013665,0.265647,0.510387
0.012431,0.271995,0.512829
0.011762,0.278913,0.515814
0.013334,0.288132,0.520967
0.014996,0.297403,0.526188
0.015841,0.305790,0.530597
0.016164,0.313608,0.534484
0.016110,0.321010,0.537994
0.015890,0.328214,0.541329
0.015377,0.335095,0.544370
0.014799,0.341886,0.547337
0.013665,0.348094,0.549760
0.012521,0.354273,0.552164
0.011379,0.360436,0.554563
0.010760,0.367101,0.557450
0.010081,0.373684,0.560270
0.009230,0.380075,0.562915
0.007951,0.386025,0.565146
0.006676,0.391961,0.567372
0.005403,0.397883,0.569592
0.002459,0.402159,0.570228
-0.000567,0.406351,0.570785
-0.003592,0.410541,0.571341
-0.006615,0.414728,0.571897
-0.009939,0.418622,0.572170
-0.013737,0.422061,0.571998
-0.017461,0.425572,0.571896
0.007507,0.456328,0.598508
0.007776,0.463518,0.602070
0.006658,0.469374,0.604332
0.004528,0.474264,0.605650
0.001778,0.478565,0.606391
-0.000979,0.482854,0.607123
-0.004379,0.486542,0.607260
-0.008064,0.489965,0.607135
-0.012461,0.492733,0.606357
-0.016947,0.495426,0.605501
-0.021917,0.497684,0.604206
-0.028042,0.498898,0.601861
-0.041543,0.086407,0.405160
-0.044521,0.091438,0.406137
-0.048789,0.095039,0.405820
-0.053237,0.098444,0.405323
-0.051931,0.108141,0.410561
-0.032971,0.137016,0.433329
-0.024013,0.154857,0.446085
-0.017173,0.170303,0.456693
-0.009751,0.186291,0.467835
-0.002915,0.201558,0.478356
0.002463,0.215182,0.487401
0.006418,0.227218,0.495011
0.008781,0.237502,0.501032
0.008554,0.245001,0.504493
0.008346,0.252492,0.507959
0.007748,0.259544,0.511031
0.006884,0.266294,0.513833
0.006608,0.273634,0.517195
0.007071,0.281713,0.521261
0.008299,0.290551,0.526052
0.008717,0.298517,0.530043
0.009139,0.306455,0.534022
0.008885,0.313670,0.537335
0.008545,0.320772,0.540554
0.007513,0.327145,0.543096
0.006276,0.333292,0.545434
0.005054,0.339435,0.547776
0.003814,0.345542,0.550093
0.002600,0.351657,0.552426
0.001210,0.357578,0.554582
-0.000178,0.363485,0.556733
-0.000864,0.370070,0.559540
-0.001430,0.376751,0.562451
-0.003033,0.382391,0.564373
-0.005544,0.387130,0.565433
-0.008053,0.391862,0.566492
-0.010558,0.396590,0.567549
-0.013665,0.400729,0.568041
-0.017151,0.404498,0.568176
-0.020981,0.407937,0.567989
-0.024901,0.411290,0.567719
-0.030748,0.412811,0.565660
-0.036267,0.414658,0.563913
-0.043006,0.415366,0.561041
-0.049488,0.416337,0.558419
-0.005778,0.464462,0.602130
-0.007011,0.470210,0.604279
-0.009135,0.475113,0.605602
-0.013052,0.478341,0.605274
-0.017118,0.481434,0.604811
-0.021699,0.484057,0.603879
-0.029732,0.483517,0.599799
-0.033679,0.144561,0.443201
-0.027281,0.159559,0.453352
-0.020881,0.174476,0.463465
-0.014091,0.189729,0.473921
-0.007644,0.204531,0.484003
-0.003083,0.217242,0.492196
-0.000269,0.228034,0.498651
0.002041,0.238241,0.504589
0.001809,0.245722,0.508028
0.001618,0.253219,0.511494
0.001664,0.260936,0.515177
0.001296,0.268191,0.518444
0.001474,0.275987,0.522227
0.001584,0.283682,0.525930
0.001764,0.291419,0.529686
0.002165,0.299354,0.533640
0.001945,0.306623,0.536984
0.000603,0.312721,0.539241
-0.000859,0.318680,0.541374
-0.002318,0.324626,0.543503
-0.003772,0.330560,0.545628
-0.005604,0.336097,0.547386
-0.007431,0.341625,0.549141
-0.009257,0.347142,0.550893
-0.010743,0.352982,0.552958
-0.012274,0.358762,0.554974
-0.013843,0.364489,0.556946
-0.015508,0.370106,0.558822
-0.017401,0.375486,0.560476
-0.020086,0.380083,0.561383
-0.023332,0.384128,0.561762
-0.026576,0.388171,0.562141
-0.030144,0.391901,0.562218
-0.034769,0.394614,0.561311
-0.039397,0.397332,0.560404
-0.045721,0.398442,0.557931
-0.053259,0.398417,0.554343
-0.082012,0.378349,0.531182
-0.105890,0.363052,0.512597
-0.052302,0.124552,0.431539
-0.037997,0.148159,0.449464
-0.031854,0.162832,0.459307
-0.025805,0.177324,0.469020
-0.019898,0.191586,0.478556
-0.014156,0.205593,0.487894
-0.009595,0.218273,0.496047
-0.007083,0.228721,0.502174
-0.004720,0.238962,0.508134
-0.004904,0.246483,0.511604
-0.004854,0.254219,0.515285
-0.004891,0.261837,0.518869
-0.005014,0.269336,0.522357
-0.005066,0.276880,0.525900
-0.004944,0.284575,0.529596
-0.005200,0.291852,0.532915
-0.006217,0.298325,0.535495
-0.007672,0.304332,0.537647
-0.009123,0.310326,0.539795
-0.010982,0.315889,0.541547
-0.013143,0.321134,0.543005
-0.015301,0.326372,0.544461
-0.017456,0.331601,0.545915
-0.019798,0.336632,0.547187
-0.021937,0.341855,0.548645
-0.024072,0.347071,0.550101
-0.026204,0.352279,0.551556
-0.028754,0.357064,0.552612
-0.031582,0.361570,0.553406
-0.034406,0.366074,0.554200
-0.037396,0.370411,0.554837
-0.041158,0.373996,0.554754
-0.044922,0.377582,0.554670
-0.050359,0.379561,0.553034
-0.058724,0.378751,0.548696
-0.071058,0.374192,0.540709
-0.087664,0.365638,0.528812
-0.102749,0.358613,0.518358
-0.119721,0.349890,0.506208
-0.052709,0.132442,0.441716
-0.043550,0.150411,0.454500
-0.037970,0.164437,0.463740
-0.032063,0.178738,0.473264
-0.026743,0.192334,0.482178
-0.021546,0.205729,0.490939
-0.017466,0.217871,0.498585
-0.014516,0.228762,0.505108
-0.011924,0.239224,0.511260
-0.011513,0.247358,0.515286
-0.011538,0.255005,0.518878
-0.011562,0.262623,0.522457
-0.011606,0.270192,0.526004
-0.012447,0.276912,0.528774
-0.013337,0.283559,0.531487
-0.014227,0.290184,0.534190
-0.015116,0.296789,0.536884
-0.017233,0.302127,0.538402
-0.019830,0.306966,0.539458
-0.022423,0.311801,0.540515
-0.025119,0.316525,0.541471
-0.028112,0.320945,0.542143
-0.030827,0.325636,0.543074
-0.033540,0.330322,0.544004
-0.036586,0.334670,0.544618
-0.039766,0.338883,0.545105
-0.042907,0.343131,0.545626
-0.046182,0.347243,0.546021
-0.049557,0.351255,0.546321
-0.052931,0.355266,0.546621
-0.057043,0.358560,0.546235
-0.063237,0.359852,0.543925
-0.070374,0.360256,0.540752
-0.079646,0.358642,0.535622
-0.090569,0.355495,0.528991
-0.099751,0.354051,0.523984
-0.113853,0.347991,0.514482
-0.138429,0.332129,0.495425
-0.062741,0.129924,0.442447
-0.050597,0.151057,0.458077
-0.045610,0.164413,0.466693
-0.040460,0.177874,0.475435
-0.035376,0.191192,0.484078
-0.030093,0.204651,0.492881
-0.026385,0.216381,0.500133
-0.023277,0.227422,0.506778
-0.020731,0.237821,0.512859
-0.019671,0.246624,0.517491
-0.019748,0.254211,0.521019
-0.019939,0.261650,0.524423
-0.020623,0.268555,0.527346
-0.021464,0.275275,0.530107
-0.022482,0.281793,0.532690
-0.024630,0.287138,0.534192
-0.026857,0.292392,0.535614
-0.029080,0.297638,0.537034
-0.031744,0.302427,0.538032
-0.035039,0.306576,0.538433
-0.038401,0.310656,0.538770
-0.041415,0.315078,0.539432
-0.044580,0.319347,0.539949
-0.048059,0.323301,0.540173
-0.051602,0.327189,0.540335
-0.054810,0.331406,0.540809
-0.057871,0.335762,0.541417
-0.060959,0.340088,0.541999
-0.065832,0.342677,0.540926
-0.071144,0.344850,0.539452
-0.077778,0.345760,0.536763
-0.084341,0.346759,0.534150
-0.091572,0.347139,0.530931
-0.100583,0.345848,0.526093
-0.110816,0.343433,0.520152
-0.124968,0.337356,0.510651
-0.059449,0.149780,0.459916
-0.055052,0.162484,0.467921
-0.050573,0.175208,0.475975
-0.045781,0.188198,0.484299
-0.040980,0.201130,0.492601
-0.037021,0.213111,0.500063
-0.033655,0.224412,0.506929
-0.031728,0.234159,0.512394
-0.029769,0.243896,0.517869
-0.029777,0.251554,0.521451
-0.029786,0.259183,0.525018
-0.030727,0.265827,0.527688
-0.032667,0.271429,0.529402
-0.034559,0.277065,0.531155
-0.036387,0.282751,0.532961
-0.039100,0.287530,0.533929
-0.042327,0.291782,0.534408
-0.045611,0.295975,0.534834
-0.048613,0.300444,0.535521
-0.051351,0.305171,0.536452
-0.054763,0.309223,0.536751
-0.058015,0.313430,0.537199
-0.061012,0.317886,0.537881
-0.063849,0.322493,0.538710
-0.067083,0.326705,0.539168
-0.071513,0.329748,0.538518
-0.076048,0.332696,0.537775
-0.081361,0.334895,0.536318
-0.087627,0.336188,0.533989
-0.093515,0.337863,0.532017
-0.101253,0.337783,0.528358
-0.109434,0.337309,0.524306
-0.122459,0.332266,0.515847
-0.158842,0.305184,0.486137
-0.077092,0.139166,0.453314
-0.066613,0.158331,0.467145
-0.062520,0.170637,0.474797
-0.058815,0.182470,0.482046
-0.054903,0.194462,0.489467
-0.050245,0.207174,0.497572
-0.047186,0.218154,0.504122
-0.044746,0.228439,0.510059
-0.044170,0.236751,0.514206
-0.043267,0.245365,0.518647
-0.043732,0.252540,0.521777
-0.044660,0.259217,0.524460
-0.046243,0.265204,0.526515
-0.048511,0.270480,0.527918
-0.051153,0.275368,0.528966
-0.054121,0.279917,0.529704
-0.056304,0.285249,0.531173
-0.058588,0.290469,0.532543
-0.061333,0.295218,0.533478
-0.063934,0.300103,0.534543
-0.066604,0.304912,0.535542
-0.069274,0.309713,0.536536
-0.072319,0.314138,0.537180
-0.076117,0.317821,0.537126
-0.080247,0.321182,0.536768
-0.084773,0.324161,0.536046
-0.090197,0.326277,0.534503
-0.095702,0.328326,0.532890
-0.102183,0.329453,0.530391
-0.110580,0.328765,0.526152
-0.120183,0.326960,0.520830
-0.137426,0.317940,0.508576
-0.107937,0.106479,0.430383
-0.101194,0.121793,0.440640
-0.079391,0.152936,0.465261
-0.075025,0.165522,0.473144
-0.070549,0.178159,0.481103
-0.067521,0.189218,0.487653
-0.065287,0.199398,0.493426
-0.063339,0.209233,0.498906
-0.061072,0.219354,0.504666
-0.059389,0.228827,0.509854
-0.059950,0.235957,0.512909
-0.060397,0.243178,0.516059
-0.062054,0.249141,0.518062
-0.063807,0.254991,0.519966
-0.064778,0.261616,0.522596
-0.065980,0.267987,0.524999
-0.067462,0.274058,0.527134
-0.069277,0.279780,0.528950
-0.070925,0.285653,0.530915
-0.073076,0.291012,0.532407
-0.075286,0.296301,0.533839
-0.077949,0.301132,0.534847
-0.081080,0.305497,0.535421
-0.084810,0.309270,0.535441
-0.088769,0.312821,0.535251
-0.093453,0.315670,0.534398
-0.098747,0.317934,0.532989
-0.104212,0.320045,0.531429
-0.112161,0.319783,0.527611
-0.120988,0.318712,0.523008
-0.137325,0.310515,0.511599
-0.107846,0.114877,0.441016
-0.102731,0.128404,0.449656
-0.093903,0.145768,0.461795
-0.082446,0.165791,0.476386
-0.080387,0.175874,0.482013
-0.078934,0.185280,0.487046
-0.077141,0.194998,0.492381
-0.076067,0.203930,0.497018
-0.076454,0.211320,0.500264
-0.076839,0.218685,0.503499
-0.076430,0.226837,0.507467
-0.075979,0.234999,0.511458
-0.076517,0.242125,0.514512
-0.077120,0.249162,0.517494
-0.078100,0.255793,0.520113
-0.078597,0.262890,0.523172
-0.079657,0.269400,0.525698
-0.081234,0.275374,0.527736
-0.082680,0.281463,0.529888
-0.084724,0.286943,0.531480
-0.087052,0.292130,0.532806
-0.090339,0.296366,0.533245
-0.093625,0.300599,0.533684
-0.097534,0.304223,0.533552
-0.102692,0.306634,0.532279
-0.107857,0.309049,0.531005
-0.114924,0.309642,0.528004
-0.123937,0.308388,0.523245
-0.138469,0.301889,0.513498
-0.176579,0.272986,0.482439
-0.111046,0.111622,0.444706
-0.107072,0.123946,0.452234
-0.104427,0.134809,0.458474
-0.101844,0.145556,0.464631
-0.096519,0.159117,0.473355
-0.090588,0.173239,0.482618
-0.089428,0.182336,0.487356
-0.088274,0.191388,0.492071
-0.087868,0.199632,0.496066
-0.088047,0.207244,0.499499
-0.088289,0.214763,0.502862
-0.088339,0.222451,0.506390
-0.088345,0.230155,0.509945
-0.088352,0.237830,0.513487
-0.088030,0.245807,0.517321
-0.087938,0.253523,0.520928
-0.087883,0.261174,0.524487
-0.089433,0.267197,0.526553
-0.091531,0.272660,0.528108
-0.093925,0.277818,0.529384
-0.096740,0.282551,0.530270
-0.099553,0.287280,0.531156
-0.103328,0.291060,0.531158
-0.107890,0.294074,0.530443
-0.112454,0.297091,0.529728
-0.118634,0.298552,0.527548
-0.127914,0.297040,0.522563
-0.140881,0.292026,0.514258
-0.169061,0.272518,0.492229
-0.114978,0.107590,0.447708
-0.111337,0.119568,0.454898
-0.108925,0.130194,0.460901
-0.106876,0.140388,0.466537
-0.104807,0.150558,0.472172
-0.102900,0.160513,0.477633
-0.101019,0.170396,0.483049
-0.098711,0.180676,0.488844
-0.098305,0.188952,0.492841
-0.098497,0.196580,0.496264
-0.098689,0.204181,0.499675
-0.098969,0.211666,0.502992
-0.099122,0.219251,0.506414
-0.098555,0.227538,0.510490
-0.097833,0.235948,0.514695
-0.097232,0.244203,0.518772
-0.097166,0.251891,0.522341
-0.097916,0.258737,0.525147
-0.099673,0.264562,0.527021
-0.101741,0.270064,0.528601
-0.104107,0.275259,0.529904
-0.107963,0.278983,0.529843
-0.112432,0.282106,0.529224
-0.116905,0.285232,0.528603
-0.122904,0.286880,0.526600
-0.132757,0.284815,0.521113
-0.143732,0.281711,0.514632
-0.164158,0.269581,0.499644
-0.116851,0.113872,0.456398
-0.115579,0.123309,0.461312
-0.114793,0.132196,0.465750
-0.113672,0.141397,0.470486
-0.111783,0.151357,0.475923
-0.109767,0.161406,0.481459
-0.108094,0.171055,0.486653
-0.106910,0.180158,0.491374
-0.105731,0.189217,0.496071
-0.105809,0.196954,0.499586
-0.106367,0.204173,0.502642
-0.106924,0.211368,0.505688
-0.107478,0.218541,0.508725
-0.108081,0.225641,0.511706
-0.107931,0.233473,0.515368
-0.107474,0.241583,0.519299
-0.108318,0.248365,0.522024
-0.109564,0.254726,0.524371
-0.110983,0.260898,0.526552
-0.114619,0.264869,0.526705
-0.118467,0.268629,0.526665
-0.122318,0.272388,0.526623
-0.127890,0.274469,0.525021
-0.137750,0.272399,0.519547
-0.147772,0.270215,0.513946
-0.166431,0.259748,0.500583
-0.123719,0.106746,0.456646
-0.121207,0.117505,0.462715
-0.120712,0.126100,0.466872
-0.119694,0.135207,0.471502
-0.119385,0.143536,0.475452
-0.118630,0.152297,0.479804
-0.116631,0.162308,0.485296
-0.115815,0.171055,0.489669
-0.115372,0.179384,0.493680
-0.115852,0.186737,0.496823
-0.116330,0.194067,0.499957
-0.116806,0.201372,0.503080
-0.117339,0.208596,0.506140
-0.117892,0.215774,0.509169
-0.118037,0.223338,0.512561
-0.118193,0.230864,0.515931
-0.118354,0.238357,0.519285
-0.118909,0.245433,0.522267
-0.122720,0.249265,0.522276
-0.126531,0.253097,0.522286
-0.130342,0.256929,0.522296
-0.135813,0.259137,0.520804
-0.145658,0.257094,0.515367
-0.152883,0.257638,0.512312
-0.168836,0.249760,0.501414
-0.200521,0.226799,0.476425
-0.127273,0.111241,0.463730
-0.125557,0.121131,0.469020
-0.125062,0.129700,0.473151
-0.124623,0.138177,0.477215
-0.124572,0.146219,0.480903
-0.124520,0.154230,0.484578
-0.124452,0.162229,0.488254
-0.124327,0.170255,0.491970
-0.124202,0.178252,0.495671
-0.124077,0.186218,0.499359
-0.124719,0.193376,0.502328
-0.125490,0.200380,0.505169
-0.126228,0.207394,0.508030
-0.126964,0.214386,0.510881
-0.127698,0.221359,0.513724
-0.129505,0.227239,0.515580
-0.132420,0.232005,0.516424
-0.135332,0.236767,0.517267
-0.138241,0.241524,0.518110
-0.143506,0.243963,0.516821
-0.151702,0.243544,0.512895
-0.158443,0.244574,0.510292
-0.172979,0.238056,0.500697
-0.197831,0.221629,0.481884
-0.132174,0.106203,0.465857
-0.130820,0.115722,0.470796
-0.130047,0.124593,0.475176
-0.129720,0.132964,0.479127
-0.129394,0.141301,0.483062
-0.129599,0.149058,0.486493
-0.129805,0.156784,0.489908
-0.130012,0.164482,0.493312
-0.130065,0.172309,0.496842
-0.131028,0.179181,0.499527
-0.132060,0.185961,0.502137
-0.133089,0.192722,0.504741
-0.134111,0.199470,0.507342
-0.135118,0.206212,0.509947
-0.137679,0.211378,0.511130
-0.140218,0.216557,0.512329
-0.142755,0.221729,0.513526
-0.145288,0.226895,0.514722
-0.151498,0.228427,0.512597
-0.157709,0.229976,0.510479
-0.163999,0.231465,0.508298
-0.177048,0.226382,0.500063
-0.194936,0.216664,0.487523
-0.136316,0.110071,0.472376
-0.135302,0.119206,0.476971
-0.134831,0.127738,0.481047
-0.134511,0.136080,0.484968
-0.134187,0.144392,0.488877
-0.134195,0.152332,0.492468
-0.134712,0.159719,0.495577
-0.136019,0.166273,0.497953
-0.137323,0.172811,0.500322
-0.138624,0.179333,0.502686
-0.139742,0.186020,0.505207
-0.141013,0.192534,0.507581
-0.143671,0.197634,0.508686
-0.146292,0.202765,0.509822
-0.148838,0.207961,0.511022
-0.151380,0.213150,0.512220
-0.157277,0.215011,0.510393
-0.163556,0.216511,0.508230
-0.169792,0.218071,0.506113
-0.182427,0.213387,0.498273
-0.193112,0.210666,0.492204
-0.141850,0.104380,0.473943
-0.140719,0.113649,0.478635
-0.140093,0.122354,0.482845
-0.139608,0.130877,0.486909
-0.139279,0.139206,0.490815
-0.139779,0.146649,0.493948
-0.140574,0.153764,0.496799
-0.141822,0.160393,0.499226
-0.143117,0.166953,0.501602
-0.144408,0.173497,0.503972
-0.146136,0.179581,0.505937
-0.148819,0.184686,0.507030
-0.151499,0.189786,0.508122
-0.154176,0.194881,0.509213
-0.156871,0.199948,0.510283
-0.163019,0.201579,0.508245
-0.169156,0.203238,0.506225
-0.175061,0.205140,0.504418
-0.186286,0.201833,0.497862
-0.197246,0.198839,0.491566
-0.225420,0.179113,0.469955
-0.146244,0.107979,0.480219
-0.145438,0.116883,0.484586
-0.145140,0.125224,0.488470
-0.145582,0.132769,0.491664
-0.146442,0.139856,0.494464
-0.147300,0.146923,0.497256
-0.148156,0.153969,0.500039
-0.148968,0.161035,0.502852
-0.150791,0.167054,0.504738
-0.153594,0.172066,0.505731
-0.156394,0.177073,0.506723
-0.159192,0.182074,0.507714
-0.162218,0.186839,0.508496
-0.168317,0.188536,0.506517
-0.174191,0.190472,0.504746
-0.180076,0.192411,0.502972
-0.190986,0.189412,0.496717
-0.201595,0.186759,0.490754
-0.227325,0.169359,0.471361
-0.151353,0.110820,0.485827
-0.151955,0.118242,0.488882
-0.152419,0.125781,0.492053
-0.152838,0.133339,0.495252
-0.153410,0.140714,0.498301
-0.154259,0.147781,0.501088
-0.156350,0.153560,0.502740
-0.159095,0.158662,0.503796
-0.161837,0.163758,0.504851
-0.164538,0.168886,0.505938
-0.167609,0.173634,0.506691
-0.173607,0.175449,0.504816
-0.179578,0.177308,0.502973
-0.185421,0.179307,0.501250
-0.195658,0.176973,0.495617
-0.207081,0.173517,0.488949
-0.229240,0.159570,0.472770
-0.158116,0.111938,0.489919
-0.158400,0.119677,0.493249
-0.158990,0.127073,0.496288
-0.159579,0.134445,0.499317
-0.161889,0.140033,0.500781
-0.164567,0.145234,0.501908
-0.167249,0.150421,0.503027
-0.169938,0.155592,0.504135
-0.173170,0.160207,0.504753
-0.179080,0.162130,0.502972
-0.184937,0.164120,0.501245
-0.191020,0.165898,0.499323
-0.202332,0.162501,0.492754
-0.212839,0.159953,0.486924
-0.164878,0.113060,0.494018
-0.164846,0.121112,0.497616
-0.167410,0.126471,0.498860
-0.170199,0.131591,0.499898
-0.173027,0.136661,0.500896
-0.175852,0.141726,0.501893
-0.179432,0.146020,0.502210
-0.185525,0.147780,0.500282
-0.191766,0.149406,0.498228
-0.198087,0.150970,0.496110
-0.208638,0.148336,0.490242
-0.220661,0.144288,0.483090
-0.174908,0.110822,0.495182
-0.177814,0.115859,0.496127
-0.180181,0.121439,0.497552
-0.182545,0.127010,0.498974
-0.186190,0.131271,0.499248
-0.192780,0.132551,0.496892
-0.199397,0.133823,0.494522
-0.206555,0.134572,0.491678
