X,Y,Z
0.101382,0.082612,-0.018977
0.098496,0.086895,-0.018129
0.095611,0.091176,-0.017282
0.092728,0.095454,-0.016436
0.089847,0.099730,-0.015590
0.086968,0.104002,-0.014745
0.108534,0.068159,-0.016618
0.105644,0.072450,-0.015771
0.102756,0.076738,-0.014925
0.099869,0.081023,-0.014080
0.096984,0.085305,-0.013234
0.094101,0.089585,-0.012390
0.091220,0.093863,-0.011545
0.088340,0.098137,-0.010702
0.085462,0.102410,-0.009859
0.082586,0.106679,-0.009016
0.079711,0.110946,-0.008174
0.112801,0.057986,-0.013410
0.109909,0.062281,-0.012564
0.107018,0.066574,-0.011719
0.104130,0.070863,-0.010874
0.101243,0.075150,-0.010031
0.098357,0.079435,-0.009187
0.095474,0.083717,-0.008344
0.092592,0.087996,-0.007501
0.089713,0.092273,-0.006659
0.086835,0.096547,-0.005818
0.083958,0.100818,-0.004977
0.081083,0.105087,-0.004136
0.078210,0.109353,-0.003296
0.075339,0.113617,-0.002457
0.005263,0.081967,-0.063783
0.005163,0.088702,-0.059783
0.117071,0.047806,-0.010200
0.114176,0.052106,-0.009355
0.111284,0.056403,-0.008511
0.108393,0.060697,-0.007667
0.105504,0.064989,-0.006824
0.102617,0.069278,-0.005982
0.099731,0.073565,-0.005140
0.096847,0.077849,-0.004298
0.093966,0.082129,-0.003458
0.091085,0.086408,-0.002617
0.088207,0.090684,-0.001777
0.085330,0.094957,-0.000938
0.082455,0.099228,-0.000099
0.079582,0.103496,0.000739
0.076710,0.107762,0.001577
0.073840,0.112025,0.002414
0.030682,0.082401,-0.041327
0.022593,0.082422,-0.046175
0.016401,0.084057,-0.048915
0.011878,0.087097,-0.049806
0.008490,0.091084,-0.049446
0.004632,0.094681,-0.049603
0.118447,0.041924,-0.006143
0.115552,0.046226,-0.005301
0.112659,0.050525,-0.004458
0.109768,0.054821,-0.003616
0.106878,0.059115,-0.002775
0.103991,0.063406,-0.001934
0.101105,0.067695,-0.001093
0.098221,0.071980,-0.000254
0.095339,0.076263,0.000585
0.092458,0.080544,0.001424
0.089579,0.084821,0.002262
0.086703,0.089097,0.003100
0.083827,0.093369,0.003937
0.080954,0.097639,0.004774
0.078082,0.101907,0.005610
0.075212,0.106172,0.006446
0.072343,0.110434,0.007281
0.067205,0.112784,0.005610
0.027239,0.085966,-0.034401
0.020439,0.087070,-0.037814
0.014324,0.088766,-0.040462
0.009662,0.091683,-0.041507
0.004969,0.094581,-0.042583
0.001126,0.098186,-0.042725
0.122721,0.031734,-0.002930
0.119823,0.036041,-0.002088
0.116928,0.040346,-0.001246
0.114035,0.044647,-0.000405
0.111143,0.048946,0.000435
0.108253,0.053241,0.001274
0.105365,0.057534,0.002113
0.102479,0.061825,0.002952
0.099595,0.066113,0.003790
0.096712,0.070397,0.004628
0.093831,0.074679,0.005465
0.090952,0.078959,0.006302
0.088075,0.083236,0.007138
0.085199,0.087511,0.007973
0.082326,0.091783,0.008808
0.079453,0.096052,0.009643
0.076583,0.100319,0.010477
0.073715,0.104583,0.011310
0.070848,0.108845,0.012144
0.067217,0.112460,0.012134
0.031716,0.089371,-0.022859
0.022154,0.088147,-0.029301
0.015635,0.089494,-0.032390
0.009395,0.091092,-0.035163
0.004913,0.094158,-0.036008
0.000392,0.097199,-0.036892
-0.003535,0.100732,-0.037128
0.124098,0.025850,0.001127
0.121200,0.030160,0.001967
0.118304,0.034466,0.002807
0.115410,0.038769,0.003646
0.112518,0.043070,0.004484
0.109628,0.047368,0.005323
0.106739,0.051663,0.006160
0.103853,0.055955,0.006997
0.100968,0.060245,0.007834
0.098085,0.064531,0.008670
0.095204,0.068816,0.009505
0.092325,0.073097,0.010340
0.089447,0.077376,0.011175
0.086572,0.081653,0.012008
0.083698,0.085926,0.012842
0.080825,0.090198,0.013675
0.077955,0.094466,0.014507
0.075086,0.098732,0.015339
0.072219,0.102996,0.016171
0.069353,0.107257,0.017001
0.066489,0.111516,0.017832
0.032471,0.089659,-0.015436
0.022766,0.088305,-0.022021
0.015653,0.089148,-0.025754
0.009663,0.090946,-0.028250
0.004246,0.093232,-0.030115
-0.000179,0.096347,-0.030894
-0.004590,0.099479,-0.031656
-0.008606,0.102939,-0.031987
0.125475,0.019966,0.005183
0.122577,0.024277,0.006022
0.119680,0.028585,0.006859
0.116786,0.032891,0.007697
0.113893,0.037194,0.008534
0.111003,0.041494,0.009371
0.108114,0.045791,0.010207
0.105227,0.050085,0.011042
0.102342,0.054377,0.011877
0.099458,0.058666,0.012711
0.096577,0.062952,0.013545
0.093698,0.067236,0.014378
0.090820,0.071516,0.015211
0.087944,0.075794,0.016043
0.085070,0.080070,0.016875
0.082197,0.084343,0.017706
0.079327,0.088614,0.018537
0.076457,0.092882,0.019368
0.073590,0.097147,0.020197
0.070724,0.101410,0.021027
0.067860,0.105671,0.021856
0.064635,0.109624,0.022288
0.033613,0.090272,-0.007612
0.023151,0.088274,-0.015007
0.015628,0.088767,-0.019180
0.009326,0.090299,-0.022011
0.003762,0.092458,-0.024032
-0.001241,0.095092,-0.025438
-0.006079,0.097871,-0.026661
-0.010260,0.101194,-0.027170
-0.013656,0.105160,-0.026831
0.126852,0.014082,0.009238
0.123954,0.018396,0.010076
0.121057,0.022706,0.010912
0.118162,0.027013,0.011748
0.115269,0.031318,0.012583
0.112378,0.035620,0.013418
0.109489,0.039920,0.014253
0.106602,0.044216,0.015086
0.103716,0.048510,0.015919
0.100833,0.052800,0.016752
0.097951,0.057088,0.017584
0.095071,0.061374,0.018416
0.092193,0.065657,0.019247
0.089317,0.069937,0.020078
0.086442,0.074214,0.020908
0.083569,0.078489,0.021738
0.080698,0.082762,0.022567
0.077829,0.087032,0.023396
0.074961,0.091299,0.024223
0.072095,0.095563,0.025051
0.069231,0.099825,0.025878
0.066368,0.104085,0.026705
0.060754,0.106025,0.024531
0.035773,0.091741,0.001298
0.022943,0.087749,-0.008656
0.014913,0.087813,-0.013369
0.008152,0.088959,-0.016692
0.002494,0.091037,-0.018810
-0.002835,0.093400,-0.020566
-0.007562,0.096268,-0.021666
-0.012074,0.099320,-0.022529
-0.015653,0.103136,-0.022389
-0.018967,0.107167,-0.021965
0.128230,0.008198,0.013293
0.125331,0.012513,0.014129
0.122433,0.016826,0.014963
0.119538,0.021135,0.015798
0.116645,0.025442,0.016632
0.113754,0.029746,0.017465
0.110864,0.034048,0.018298
0.107976,0.038346,0.019130
0.105091,0.042642,0.019962
0.102207,0.046935,0.020793
0.099325,0.051225,0.021623
0.096444,0.055512,0.022453
0.093566,0.059797,0.023283
0.090689,0.064079,0.024112
0.087814,0.068359,0.024940
0.084942,0.072636,0.025769
0.082070,0.076910,0.026596
0.079201,0.081182,0.027423
0.076332,0.085451,0.028249
0.073467,0.089717,0.029076
0.070602,0.093981,0.029901
0.067739,0.098243,0.030726
0.064878,0.102502,0.031551
0.056448,0.102068,0.026323
0.035998,0.091587,0.008077
0.022245,0.086815,-0.002850
0.013673,0.086423,-0.008137
0.006896,0.087552,-0.011469
0.000976,0.089411,-0.013865
-0.004293,0.091821,-0.015551
-0.009361,0.094407,-0.017015
-0.013666,0.097626,-0.017656
-0.017635,0.101124,-0.017934
-0.021352,0.104828,-0.017941
-0.025289,0.108357,-0.018182
0.126708,0.006631,0.018182
0.123811,0.010945,0.019015
0.120915,0.015257,0.019848
0.118021,0.019567,0.020680
0.115129,0.023873,0.021511
0.112239,0.028176,0.022343
0.109351,0.032477,0.023173
0.106465,0.036775,0.024003
0.103581,0.041069,0.024833
0.100699,0.045362,0.025662
0.097818,0.049651,0.026490
0.094939,0.053938,0.027318
0.092062,0.058222,0.028145
0.089187,0.062503,0.028972
0.086314,0.066782,0.029799
0.083442,0.071058,0.030625
0.080572,0.075332,0.031450
0.077704,0.079602,0.032275
0.074838,0.083871,0.033099
0.071973,0.088136,0.033923
0.069110,0.092400,0.034746
0.066249,0.096661,0.035570
0.063389,0.100919,0.036392
0.051578,0.097636,0.027516
0.036244,0.091452,0.014863
0.020900,0.085342,0.002247
0.012344,0.084959,-0.003008
0.005094,0.085693,-0.006840
-0.001018,0.087391,-0.009436
-0.006396,0.089712,-0.011233
-0.011403,0.092347,-0.012628
-0.015682,0.095587,-0.013240
-0.019825,0.098943,-0.013702
-0.023940,0.102325,-0.014133
-0.027906,0.105833,-0.014402
0.128086,0.000748,0.022234
0.125188,0.005065,0.023065
0.122292,0.009380,0.023897
0.119397,0.013691,0.024727
0.116505,0.017999,0.025558
0.113614,0.022304,0.026387
0.110727,0.026607,0.027216
0.107840,0.030907,0.028044
0.104955,0.035204,0.028872
0.102072,0.039498,0.029700
0.099191,0.043790,0.030526
0.096312,0.048078,0.031353
0.093435,0.052364,0.032179
0.090560,0.056648,0.033004
0.087685,0.060928,0.033828
0.084814,0.065206,0.034653
0.081944,0.069482,0.035476
0.079075,0.073755,0.036300
0.076209,0.078025,0.037122
0.073344,0.082293,0.037945
0.070480,0.086557,0.038766
0.067619,0.090820,0.039588
0.064759,0.095080,0.040409
0.059505,0.097312,0.038637
0.046731,0.093221,0.028751
0.034137,0.089345,0.019096
0.021399,0.085409,0.009322
0.009915,0.082580,0.000932
0.002827,0.083448,-0.002714
-0.003182,0.085232,-0.005191
-0.008752,0.087394,-0.007189
-0.013735,0.090050,-0.008553
-0.018551,0.092852,-0.009733
-0.022587,0.096297,-0.010080
-0.026577,0.099783,-0.010375
-0.030928,0.102982,-0.011051
-0.035642,0.105895,-0.012106
0.127912,-0.006579,0.024535
0.126566,-0.000815,0.027116
0.123669,0.003502,0.027946
0.120774,0.007815,0.028775
0.117882,0.012125,0.029603
0.114990,0.016433,0.030431
0.112102,0.020738,0.031258
0.109215,0.025039,0.032085
0.106330,0.029339,0.032912
0.103446,0.033635,0.033737
0.100565,0.037928,0.034563
0.097685,0.042219,0.035387
0.094808,0.046507,0.036211
0.091932,0.050792,0.037035
0.089058,0.055075,0.037858
0.086186,0.059355,0.038681
0.083315,0.063632,0.039503
0.080447,0.067907,0.040324
0.077580,0.072179,0.041145
0.074715,0.076449,0.041966
0.071851,0.080715,0.042786
0.068989,0.084980,0.043606
0.066129,0.089242,0.044425
0.063271,0.093501,0.045244
0.053576,0.091974,0.038686
0.042558,0.089374,0.030728
0.031478,0.086774,0.022734
0.020062,0.083943,0.014408
0.007988,0.080619,0.005411
0.000665,0.081292,0.001524
-0.006110,0.082442,-0.001763
-0.011481,0.084770,-0.003541
-0.016586,0.087328,-0.005029
-0.021321,0.090198,-0.006119
-0.025536,0.093499,-0.006653
-0.029537,0.096979,-0.006957
-0.034254,0.099885,-0.008016
-0.038959,0.102810,-0.009056
-0.044305,0.105229,-0.010767
0.127943,-0.006696,0.031166
0.125046,-0.002377,0.031994
0.122151,0.001939,0.032821
0.119258,0.006251,0.033648
0.116367,0.010561,0.034475
0.113477,0.014868,0.035300
0.110590,0.019172,0.036126
0.107704,0.023473,0.036950
0.104821,0.027772,0.037775
0.101939,0.032067,0.038598
0.099059,0.036360,0.039421
0.096181,0.040650,0.040244
0.093305,0.044937,0.041066
0.090431,0.049222,0.041887
0.087558,0.053504,0.042708
0.084687,0.057783,0.043529
0.081819,0.062060,0.044349
0.078951,0.066333,0.045168
0.076086,0.070605,0.045987
0.073222,0.074873,0.046806
0.070360,0.079140,0.047624
0.067500,0.083404,0.048441
0.064641,0.087665,0.049258
0.059964,0.090377,0.048114
0.048509,0.087364,0.039686
0.038504,0.085627,0.032846
0.028372,0.083827,0.025894
0.017523,0.081473,0.018203
0.007107,0.079529,0.011003
-0.002031,0.078692,0.005192
-0.008613,0.080003,0.002121
-0.014309,0.082064,0.000004
-0.019564,0.084500,-0.001638
-0.024044,0.087582,-0.002453
-0.028441,0.090737,-0.003177
-0.032986,0.093779,-0.004052
-0.037719,0.096676,-0.005121
-0.042997,0.099144,-0.006758
-0.048563,0.101394,-0.008690
-0.054031,0.103735,-0.010512
0.125268,-0.016367,0.030660
0.126424,-0.008255,0.036042
0.123529,-0.003938,0.036868
0.120635,0.000377,0.037693
0.117743,0.004689,0.038518
0.114853,0.008998,0.039342
0.111966,0.013305,0.040166
0.109079,0.017608,0.040989
0.106196,0.021908,0.041811
0.103314,0.026206,0.042634
0.100433,0.030501,0.043455
0.097555,0.034793,0.044276
0.094678,0.039082,0.045096
0.091803,0.043368,0.045916
0.088931,0.047653,0.046736
0.086059,0.051934,0.047554
0.083190,0.056212,0.048373
0.080323,0.060488,0.049190
0.077457,0.064761,0.050008
0.074593,0.069032,0.050824
0.071730,0.073300,0.051641
0.068870,0.077566,0.052457
0.066011,0.081829,0.053273
0.063154,0.086089,0.054087
0.054486,0.085409,0.048658
0.044359,0.083529,0.041686
0.034695,0.082085,0.035235
0.025029,0.080681,0.028807
0.015144,0.079136,0.022170
0.005504,0.077838,0.015817
-0.004074,0.076633,0.009556
-0.011020,0.077643,0.006108
-0.017263,0.079254,0.003418
-0.022499,0.081709,0.001803
-0.027651,0.084244,0.000283
-0.032055,0.087399,-0.000442
-0.036574,0.090466,-0.001285
-0.041500,0.093212,-0.002551
-0.047359,0.095218,-0.004789
-0.053171,0.097278,-0.006968
-0.059237,0.099150,-0.009403
-0.065034,0.101253,-0.011549
0.127802,-0.014134,0.040090
0.124906,-0.009814,0.040914
0.122012,-0.005497,0.041738
0.119120,-0.001183,0.042561
0.116230,0.003129,0.043384
0.113341,0.007437,0.044205
0.110455,0.011742,0.045027
0.107570,0.016045,0.045848
0.104688,0.020344,0.046668
0.101807,0.024641,0.047488
0.098928,0.028935,0.048308
0.096051,0.033227,0.049126
0.093176,0.037516,0.049945
0.090303,0.041802,0.050763
0.087432,0.046085,0.051580
0.084562,0.050365,0.052397
0.081694,0.054643,0.053213
0.078828,0.058918,0.054028
0.075964,0.063191,0.054844
0.073101,0.067461,0.055658
0.070240,0.071728,0.056472
0.067381,0.075993,0.057286
0.064524,0.080255,0.058100
0.059686,0.082824,0.056786
0.049549,0.080898,0.049803
0.039807,0.079354,0.043269
0.031136,0.078754,0.037902
0.021928,0.077738,0.031983
0.012836,0.076859,0.026211
0.003477,0.075794,0.020177
-0.005692,0.074927,0.014367
-0.014191,0.074652,0.009287
-0.020229,0.076435,0.006824
-0.025971,0.078478,0.004683
-0.031098,0.081037,0.003196
-0.035906,0.083867,0.002050
-0.040423,0.086941,0.001215
-0.046029,0.089144,-0.000754
-0.052481,0.090682,-0.003599
-0.059046,0.092147,-0.006552
-0.065222,0.093943,-0.009088
-0.072071,0.095223,-0.012311
0.120419,-0.028238,0.034334
0.126284,-0.015691,0.044960
0.123389,-0.011372,0.045781
0.120497,-0.007055,0.046603
0.117606,-0.002742,0.047424
0.114717,0.001569,0.048245
0.111830,0.005877,0.049065
0.108945,0.010181,0.049884
0.106062,0.014483,0.050703
0.103181,0.018782,0.051521
0.100302,0.023078,0.052339
0.097425,0.027372,0.053156
0.094549,0.031662,0.053972
0.091676,0.035950,0.054789
0.088804,0.040235,0.055605
0.085934,0.044518,0.056420
0.083066,0.048798,0.057235
0.080199,0.053075,0.058049
0.077335,0.057349,0.058862
0.074472,0.061621,0.059675
0.071611,0.065890,0.060488
0.068751,0.070157,0.061300
0.065894,0.074421,0.062112
0.063038,0.078683,0.062923
0.054615,0.078190,0.057777
0.044837,0.076579,0.051205
0.035904,0.075727,0.045558
0.027349,0.075230,0.040335
0.018933,0.074885,0.035278
0.010391,0.074467,0.030107
0.001461,0.073760,0.024546
-0.007447,0.073108,0.019029
-0.016098,0.072705,0.013803
-0.023461,0.073396,0.009953
-0.029523,0.075179,0.007484
-0.034829,0.077597,0.005818
-0.039755,0.080336,0.004555
-0.045141,0.082712,0.002819
-0.051486,0.084327,0.000088
-0.059195,0.084864,-0.004051
-0.066479,0.085769,-0.007732
-0.074507,0.086105,-0.012171
0.123090,-0.025861,0.043904
0.124767,-0.017246,0.049825
0.121874,-0.012928,0.050645
0.118982,-0.008612,0.051465
0.116093,-0.004299,0.052283
0.113205,0.000010,0.053102
0.110321,0.004318,0.053920
0.107437,0.008622,0.054737
0.104556,0.012923,0.055554
0.101676,0.017221,0.056370
0.098798,0.021517,0.057186
0.095922,0.025809,0.058001
0.093048,0.030099,0.058815
0.090176,0.034386,0.059629
0.087306,0.038671,0.060443
0.084438,0.042953,0.061256
0.081571,0.047232,0.062069
0.078706,0.051508,0.062880
0.075843,0.055782,0.063692
0.072981,0.060053,0.064503
0.070122,0.064321,0.065314
0.067264,0.068587,0.066124
0.064407,0.072851,0.066933
0.059363,0.075235,0.065402
0.050090,0.074021,0.059369
0.040691,0.072740,0.053225
0.032054,0.072144,0.047914
0.023997,0.072073,0.043237
0.016039,0.072116,0.038684
0.007686,0.071857,0.033730
-0.000549,0.071731,0.028920
-0.009258,0.071243,0.023628
-0.017876,0.070864,0.018453
-0.026334,0.070653,0.013465
-0.032860,0.072057,0.010519
-0.038996,0.073801,0.007992
-0.044412,0.076147,0.006226
-0.050476,0.077981,0.003792
-0.060580,0.076573,-0.002831
-0.068649,0.076843,-0.007317
-0.078004,0.076112,-0.013119
0.117817,-0.038024,0.040546
0.123848,-0.025278,0.051314
0.123251,-0.018800,0.054687
0.120359,-0.014482,0.055505
0.117470,-0.010167,0.056322
0.114582,-0.005856,0.057139
0.111696,-0.001546,0.057955
0.108812,0.002760,0.058771
0.105930,0.007063,0.059586
0.103050,0.011364,0.060401
0.100172,0.015661,0.061215
0.097296,0.019956,0.062028
0.094422,0.024248,0.062842
0.091549,0.028537,0.063654
0.088678,0.032824,0.064466
0.085809,0.037107,0.065277
0.082942,0.041388,0.066088
0.080077,0.045667,0.066898
0.077214,0.049942,0.067708
0.074352,0.054215,0.068518
0.071492,0.058486,0.069327
0.068634,0.062754,0.070135
0.065777,0.067019,0.070943
0.062923,0.071282,0.071751
0.054797,0.071023,0.066942
0.045594,0.069877,0.061007
0.036892,0.069196,0.055626
0.028375,0.068706,0.050461
0.020600,0.068877,0.046099
0.012866,0.069111,0.041798
0.005002,0.069266,0.037377
-0.003260,0.069117,0.032554
-0.011763,0.068801,0.027496
-0.020404,0.068405,0.022313
-0.028823,0.068225,0.017382
-0.036822,0.068422,0.012907
-0.043115,0.070043,0.010228
-0.051292,0.070149,0.005600
-0.062009,0.068227,-0.001649
-0.071183,0.067598,-0.007272
-0.080594,0.066815,-0.013117
0.108948,-0.053642,0.033203
0.119163,-0.036877,0.048627
0.122091,-0.027056,0.055915
0.121737,-0.020353,0.059545
0.118846,-0.016036,0.060361
0.115958,-0.011721,0.061176
0.113072,-0.007410,0.061991
0.110187,-0.003102,0.062805
0.107305,0.001204,0.063619
0.104424,0.005506,0.064431
0.101546,0.009806,0.065244
0.098670,0.014103,0.066056
0.095794,0.018396,0.066867
0.092922,0.022688,0.067678
0.090050,0.026976,0.068488
0.087181,0.031262,0.069298
0.084314,0.035545,0.070107
0.081448,0.039825,0.070916
0.078584,0.044103,0.071725
0.075722,0.048378,0.072532
0.072862,0.052650,0.073340
0.070004,0.056920,0.074147
0.067147,0.061187,0.074953
0.064292,0.065452,0.075759
0.058705,0.067361,0.073656
0.050187,0.066773,0.068450
0.042017,0.066516,0.063632
0.033553,0.066041,0.058521
0.025083,0.065595,0.053425
0.017071,0.065569,0.048829
0.009599,0.066028,0.044820
0.002246,0.066613,0.040950
-0.005988,0.066490,0.036173
-0.014416,0.066237,0.031210
-0.023020,0.065871,0.026082
-0.031777,0.065414,0.020814
-0.040296,0.065186,0.015814
-0.049567,0.064378,0.010051
-0.062968,0.060245,0.000027
-0.071684,0.059975,-0.005110
-0.081085,0.059186,-0.010936
0.114562,-0.048443,0.046048
0.119605,-0.036581,0.055682
0.120334,-0.028834,0.060513
0.120223,-0.021904,0.064399
0.117334,-0.017588,0.065212
0.114447,-0.013274,0.066026
0.111563,-0.008964,0.066838
0.108680,-0.004656,0.067650
0.105799,-0.000351,0.068462
0.102920,0.003950,0.069272
0.100043,0.008249,0.070083
0.097168,0.012545,0.070893
0.094294,0.016839,0.071702
0.091423,0.021129,0.072511
0.088553,0.025417,0.073319
0.085686,0.029702,0.074127
0.082820,0.033984,0.074934
0.079955,0.038264,0.075740
0.077093,0.042541,0.076547
0.074232,0.046815,0.077352
0.071374,0.051087,0.078158
0.068517,0.055356,0.078962
0.065661,0.059622,0.079766
0.062287,0.063436,0.080017
0.054212,0.063203,0.075282
0.046400,0.063227,0.070843
0.038438,0.063153,0.066264
0.030314,0.062971,0.061530
0.021895,0.062572,0.056505
0.013641,0.062345,0.051671
0.006269,0.062891,0.047781
-0.001133,0.063439,0.043875
-0.009029,0.063601,0.039467
-0.017542,0.063279,0.034432
-0.026182,0.062886,0.029284
-0.035342,0.062100,0.023616
-0.045002,0.060940,0.017450
-0.060849,0.054763,0.004897
-0.070492,0.053718,-0.001193
-0.084735,0.048982,-0.012010
0.110494,-0.059549,0.044075
0.116163,-0.047041,0.054401
0.118223,-0.038005,0.060706
0.119255,-0.029976,0.065853
0.118678,-0.023486,0.069213
0.115824,-0.019139,0.070061
0.112939,-0.014826,0.070871
0.110055,-0.010516,0.071682
0.107174,-0.006209,0.072492
0.104294,-0.001905,0.073301
0.101417,0.002396,0.074110
0.098541,0.006694,0.074918
0.095667,0.010989,0.075726
0.092795,0.015282,0.076533
0.089926,0.019572,0.077340
0.087057,0.023859,0.078146
0.084191,0.028143,0.078951
0.081327,0.032425,0.079756
0.078464,0.036704,0.080561
0.075603,0.040980,0.081365
0.072744,0.045253,0.082169
0.069886,0.049524,0.082971
0.067031,0.053793,0.083774
0.064177,0.058058,0.084576
0.057828,0.059299,0.081674
0.050482,0.059701,0.077729
0.042678,0.059737,0.073316
0.034781,0.059723,0.068822
0.027072,0.059900,0.064542
0.018653,0.059503,0.059533
0.010548,0.059404,0.054873
0.002819,0.059654,0.050624
-0.004719,0.060091,0.046590
-0.012394,0.060441,0.042428
-0.020740,0.060262,0.037585
-0.029391,0.059863,0.032443
-0.038906,0.058786,0.026425
-0.050667,0.055905,0.018108
-0.067983,0.048537,0.004084
-0.080413,0.045237,-0.004853
0.102006,-0.074913,0.037224
0.112619,-0.057635,0.053020
0.116413,-0.046918,0.061238
0.117612,-0.038702,0.066570
0.118020,-0.031264,0.071014
0.116932,-0.025255,0.073801
0.114314,-0.020688,0.074904
0.111431,-0.016376,0.075713
0.108549,-0.012067,0.076522
0.105669,-0.007761,0.077330
0.102791,-0.003458,0.078136
0.099915,0.000843,0.078943
0.097041,0.005140,0.079749
0.094168,0.009435,0.080555
0.091298,0.013726,0.081360
0.088429,0.018016,0.082164
0.085563,0.022302,0.082969
0.082698,0.026586,0.083772
0.079835,0.030866,0.084575
0.076973,0.035145,0.085377
0.074114,0.039420,0.086179
0.071257,0.043693,0.086981
0.068401,0.047963,0.087782
0.065546,0.052231,0.088582
0.060024,0.054178,0.086558
0.053996,0.055703,0.084007
0.046680,0.056136,0.080109
0.038942,0.056234,0.075782
0.031537,0.056646,0.071822
0.023807,0.056807,0.067535
0.015529,0.056534,0.062692
0.007498,0.056500,0.058125
-0.000553,0.056481,0.053555
-0.008220,0.056814,0.049401
-0.015864,0.057194,0.045287
-0.024100,0.057110,0.040575
-0.033037,0.056477,0.035156
-0.042639,0.055332,0.029069
-0.059627,0.048163,0.015388
-0.072624,0.044346,0.005866
0.109057,-0.068285,0.051631
0.114292,-0.056151,0.061437
0.115709,-0.047697,0.067010
0.116920,-0.039474,0.072335
0.116394,-0.032918,0.075740
0.115248,-0.026966,0.078453
0.112806,-0.022237,0.079744
0.109923,-0.017926,0.080551
0.107043,-0.013617,0.081357
0.104165,-0.009312,0.082163
0.101288,-0.005009,0.082968
0.098414,-0.000709,0.083773
0.095541,0.003587,0.084577
0.092670,0.007881,0.085380
0.089801,0.012172,0.086183
0.086934,0.016461,0.086986
0.084069,0.020746,0.087787
0.081206,0.025029,0.088589
0.078344,0.029309,0.089390
0.075484,0.033586,0.090190
0.072626,0.037861,0.090990
0.069770,0.042133,0.091789
0.066916,0.046403,0.092588
0.062494,0.049303,0.091729
0.056144,0.050535,0.088839
0.050158,0.052102,0.086345
0.042863,0.052558,0.082484
0.035555,0.053031,0.078625
0.028290,0.053565,0.074825
0.020538,0.053711,0.070531
0.012286,0.053463,0.065733
0.004190,0.053378,0.061113
-0.003767,0.053441,0.056657
-0.011614,0.053626,0.052331
-0.019491,0.053815,0.047991
-0.027658,0.053793,0.043367
-0.036841,0.052960,0.037712
-0.047957,0.050572,0.030089
-0.065829,0.042685,0.015547
-0.079470,0.038352,0.005399
0.110746,-0.066771,0.060077
0.113799,-0.056724,0.067450
0.115139,-0.048349,0.072917
0.115313,-0.041110,0.077089
0.114773,-0.034569,0.080467
0.113832,-0.028425,0.083395
0.111299,-0.023784,0.084581
0.108418,-0.019473,0.085385
0.105539,-0.015166,0.086189
0.102662,-0.010861,0.086993
0.099787,-0.006559,0.087796
0.096914,-0.002260,0.088598
0.094043,0.002036,0.089400
0.091174,0.006329,0.090202
0.088306,0.010619,0.091002
0.085441,0.014907,0.091803
0.082577,0.019192,0.092603
0.079715,0.023474,0.093402
0.076854,0.027753,0.094200
0.073996,0.032030,0.094999
0.071140,0.036304,0.095797
0.068285,0.040576,0.096594
0.063550,0.043198,0.095405
0.058320,0.045397,0.093699
0.052310,0.046931,0.091180
0.046315,0.048495,0.088686
0.039345,0.049239,0.085182
0.032229,0.049879,0.081538
0.024988,0.050438,0.077777
0.017315,0.050655,0.073581
0.009098,0.050438,0.068835
0.000879,0.050253,0.064105
-0.006996,0.050388,0.059749
-0.014925,0.050508,0.055354
-0.023132,0.050425,0.050689
-0.031452,0.050279,0.045924
-0.040822,0.049296,0.040098
-0.052964,0.046066,0.031447
-0.070137,0.038760,0.017670
-0.159947,-0.027884,-0.070380
0.106533,-0.078068,0.057997
0.111890,-0.065777,0.067898
0.113284,-0.057319,0.073425
0.114245,-0.049308,0.078459
0.113706,-0.042745,0.081839
0.113170,-0.036202,0.085209
0.111773,-0.030486,0.087631
0.109683,-0.025432,0.089294
0.106914,-0.021020,0.090216
0.104037,-0.016713,0.091018
0.101161,-0.012409,0.091820
0.098287,-0.008108,0.092620
0.095415,-0.003810,0.093420
0.092546,0.000485,0.094220
0.089678,0.004778,0.095020
0.086812,0.009067,0.095818
0.083948,0.013355,0.096616
0.081086,0.017639,0.097414
0.078225,0.021920,0.098211
0.075366,0.026199,0.099008
0.072509,0.030475,0.099804
0.069228,0.034372,0.100149
0.064565,0.037054,0.099038
0.060095,0.039914,0.098134
0.054728,0.041998,0.096293
0.048700,0.043522,0.093766
0.042647,0.045041,0.091223
0.036027,0.046089,0.088096
0.028900,0.046724,0.084455
0.021651,0.047281,0.080700
0.014071,0.047579,0.076614
0.005867,0.047378,0.071900
-0.002332,0.047211,0.067206
-0.010341,0.047237,0.062727
-0.018418,0.047236,0.058196
-0.026762,0.047043,0.053406
-0.035578,0.046488,0.048149
-0.045111,0.045376,0.042177
-0.059424,0.040361,0.031333
-0.074899,0.034461,0.019342
0.108364,-0.076404,0.066585
0.111424,-0.066319,0.073936
0.112817,-0.057868,0.079441
0.112637,-0.050942,0.083214
0.112387,-0.044109,0.086896
0.111594,-0.037810,0.089975
0.109706,-0.032556,0.091857
0.107744,-0.027382,0.093653
0.105411,-0.022566,0.095042
0.102535,-0.018259,0.095842
0.099661,-0.013956,0.096642
0.096788,-0.009656,0.097440
0.093918,-0.005358,0.098239
0.091050,-0.001064,0.099036
0.087872,0.002946,0.099501
0.084516,0.006792,0.099775
0.081611,0.011043,0.100528
0.078775,0.015351,0.101351
0.075771,0.019506,0.101995
0.072617,0.023523,0.102477
0.069463,0.027538,0.102959
0.065581,0.030908,0.102673
0.061188,0.033834,0.101852
0.056913,0.036868,0.101158
0.051079,0.038549,0.098835
0.045104,0.040123,0.096374
0.038904,0.041521,0.093689
0.032342,0.042624,0.090636
0.025567,0.043566,0.087374
0.018147,0.043979,0.083455
0.010483,0.044212,0.079299
0.002625,0.044307,0.074958
-0.005520,0.044190,0.070337
-0.013677,0.044094,0.065722
-0.021920,0.043957,0.061035
-0.030241,0.043787,0.056287
-0.039272,0.043057,0.050828
-0.049916,0.041029,0.043741
-0.066258,0.034346,0.030864
-0.082519,0.027814,0.018117
0.103947,-0.087924,0.064311
0.109563,-0.075344,0.074455
0.110959,-0.066859,0.079963
0.111744,-0.058991,0.084787
0.111620,-0.052017,0.088606
0.111408,-0.045151,0.092315
0.109519,-0.039886,0.094197
0.107633,-0.034630,0.096076
0.105797,-0.029340,0.098002
0.103327,-0.024650,0.099239
0.100692,-0.020121,0.100296
0.098113,-0.015547,0.101408
0.095064,-0.011410,0.102014
0.092019,-0.007274,0.102623
0.088882,-0.003225,0.103131
0.085456,0.000560,0.103331
0.082238,0.004533,0.103752
0.079339,0.008789,0.104509
0.076525,0.013118,0.105353
0.073462,0.017220,0.105932
0.069907,0.020881,0.105991
0.066366,0.024557,0.106066
0.062282,0.027753,0.105571
0.058094,0.030862,0.104970
0.053267,0.033416,0.103704
0.047425,0.035094,0.101382
0.041503,0.036720,0.098986
0.035133,0.037975,0.096135
0.028559,0.039074,0.093083
0.022047,0.040247,0.090107
0.014570,0.040615,0.086143
0.006892,0.040840,0.081989
-0.000696,0.041169,0.077941
-0.008677,0.041193,0.073505
-0.016894,0.041050,0.068845
-0.025342,0.040744,0.063964
-0.033919,0.040363,0.058970
-0.042978,0.039614,0.053502
-0.054128,0.037171,0.045925
-0.071192,0.029897,0.032357
0.107444,-0.084643,0.074700
0.109143,-0.075835,0.080539
0.110873,-0.067037,0.086390
0.110828,-0.059966,0.090294
0.110728,-0.052974,0.094125
0.109331,-0.047230,0.096540
0.107564,-0.041850,0.098548
0.105916,-0.036371,0.100677
0.103660,-0.031473,0.102146
0.101128,-0.026841,0.103313
0.098583,-0.022228,0.104462
0.095789,-0.017852,0.105341
0.092780,-0.013679,0.105988
0.089746,-0.009531,0.106607
0.086403,-0.005669,0.106895
0.083223,-0.001660,0.107356
0.080080,0.002380,0.107855
0.077091,0.006557,0.108515
0.074277,0.010887,0.109358
0.071216,0.014992,0.109937
0.067661,0.018653,0.109996
0.064014,0.022235,0.109961
0.059718,0.025245,0.109246
0.055292,0.028146,0.108398
0.049727,0.030056,0.106367
0.043790,0.031657,0.103957
0.037897,0.033313,0.101602
0.031470,0.034523,0.098703
0.025035,0.035746,0.095807
0.018254,0.036693,0.092565
0.010945,0.037210,0.088790
0.003296,0.037464,0.084680
-0.004225,0.037855,0.080718
-0.011821,0.038209,0.076694
-0.020165,0.037960,0.071918
-0.028702,0.037583,0.066964
-0.037616,0.036923,0.061644
-0.047190,0.035750,0.055671
-0.059611,0.032259,0.046828
-0.076140,0.025435,0.033851
0.101176,-0.097976,0.070436
0.107599,-0.084574,0.081419
0.109492,-0.075589,0.087445
0.109926,-0.068037,0.091869
0.109884,-0.060968,0.095762
0.109327,-0.054412,0.099085
0.107685,-0.048901,0.101229
0.106036,-0.043412,0.103356
0.104023,-0.038277,0.105086
0.101490,-0.033639,0.106252
0.098959,-0.029005,0.107417
0.096440,-0.024368,0.108590
0.093466,-0.020158,0.109275
0.090495,-0.015947,0.109962
0.087351,-0.011900,0.110462
0.084192,-0.007869,0.110945
0.081093,-0.003786,0.111490
0.077921,0.000229,0.111957
0.074843,0.004325,0.112521
0.071976,0.008608,0.113305
0.068918,0.012716,0.113887
0.065415,0.016425,0.114001
0.061636,0.019890,0.113827
0.057417,0.022969,0.113196
0.052747,0.025656,0.112098
0.046711,0.027156,0.109585
0.040758,0.028745,0.107167
0.034577,0.030154,0.104523
0.028015,0.031250,0.101495
0.021574,0.032473,0.098604
0.014414,0.033098,0.094985
0.007098,0.033615,0.091218
-0.000279,0.034106,0.087403
-0.007809,0.034492,0.083446
-0.015369,0.034881,0.079472
-0.023507,0.034810,0.074925
-0.032141,0.034355,0.069890
-0.041311,0.033485,0.064327
-0.051626,0.031700,0.057625
-0.066197,0.026433,0.046635
-0.084919,0.017811,0.031487
0.105274,-0.094092,0.081458
0.107846,-0.084418,0.088220
0.109023,-0.076127,0.093449
0.108973,-0.069043,0.097333
0.108820,-0.062083,0.101092
0.107486,-0.056266,0.103567
0.106155,-0.050463,0.106037
0.104387,-0.045088,0.108029
0.101881,-0.040416,0.109225
0.099443,-0.035689,0.110489
0.097007,-0.030967,0.111752
0.094122,-0.026669,0.112532
0.091148,-0.022457,0.113216
0.088195,-0.018230,0.113919
0.085162,-0.014081,0.114536
0.082062,-0.009996,0.115080
0.078956,-0.005919,0.115616
0.075763,-0.001923,0.116059
0.072595,0.002093,0.116528
0.069658,0.006314,0.117237
0.066600,0.010423,0.117817
0.063154,0.014183,0.117990
0.059257,0.017544,0.117694
0.055116,0.020693,0.117146
0.049788,0.022802,0.115369
0.043745,0.024299,0.112859
0.037725,0.025832,0.110381
0.031273,0.027007,0.107467
0.024550,0.027969,0.104285
0.017906,0.029021,0.101197
0.010693,0.029605,0.097536
0.003382,0.030131,0.093789
-0.004029,0.030597,0.089954
-0.011521,0.031022,0.086052
-0.019194,0.031320,0.081978
-0.026984,0.031547,0.077802
-0.035732,0.030999,0.072669
-0.045019,0.030036,0.067008
-0.056025,0.027680,0.059629
-0.072142,0.021136,0.047115
0.096234,-0.110147,0.074226
0.105270,-0.094169,0.087997
0.108006,-0.084344,0.094911
0.108058,-0.077140,0.098905
0.108008,-0.070060,0.102776
0.106978,-0.063938,0.105579
0.105647,-0.058119,0.108049
0.104443,-0.052198,0.110646
0.102336,-0.047142,0.112269
0.099930,-0.042376,0.113568
0.097494,-0.037648,0.114830
0.094780,-0.033185,0.115793
0.091814,-0.028961,0.116486
0.089042,-0.024562,0.117381
0.086146,-0.020283,0.118142
0.083040,-0.016200,0.118680
0.079936,-0.012118,0.119219
0.076817,-0.008052,0.119740
0.073611,-0.004069,0.120168
0.070413,-0.000080,0.120603
0.067340,0.004020,0.121168
0.064283,0.008130,0.121748
0.060775,0.011837,0.121857
0.056877,0.015198,0.121562
0.052814,0.018417,0.121097
0.046826,0.019946,0.118642
0.040777,0.021439,0.116135
0.034728,0.022950,0.113637
0.027965,0.023858,0.110413
0.021081,0.024684,0.107078
0.014114,0.025461,0.103672
0.006914,0.026062,0.100039
-0.000352,0.026631,0.096352
-0.007771,0.027096,0.092524
-0.015257,0.027530,0.088641
-0.023071,0.027713,0.084441
-0.030888,0.027923,0.080253
-0.039510,0.027486,0.075266
-0.049434,0.025994,0.068982
-0.061590,0.022687,0.060470
-0.077993,0.015915,0.047712
0.102684,-0.103960,0.087772
0.105794,-0.093736,0.095089
0.106939,-0.085452,0.100264
0.106994,-0.078248,0.104247
0.106594,-0.071506,0.107727
0.105390,-0.065552,0.110334
0.104185,-0.059615,0.112931
0.102310,-0.054328,0.114803
0.100089,-0.049380,0.116299
0.097871,-0.044438,0.117794
0.095438,-0.039706,0.119056
0.092663,-0.035300,0.119951
0.089890,-0.030897,0.120845
0.087119,-0.026498,0.121739
0.084024,-0.022402,0.122288
0.080951,-0.018289,0.122859
0.077996,-0.014071,0.123551
0.074815,-0.010062,0.124006
0.071609,-0.006079,0.124432
0.069048,-0.001517,0.125530
0.066035,0.002634,0.126155
0.062842,0.006621,0.126591
0.059087,0.010105,0.126442
0.055055,0.013346,0.126008
0.050330,0.015979,0.124860
0.044098,0.017295,0.122162
0.038118,0.018851,0.119734
0.032097,0.020388,0.117274
0.025099,0.021093,0.113820
0.018097,0.021818,0.110376
0.010751,0.022272,0.106594
0.003658,0.022968,0.103084
-0.003873,0.023313,0.099141
-0.011397,0.023692,0.095220
-0.019113,0.023936,0.091120
-0.027023,0.024043,0.086838
-0.035103,0.024037,0.082400
-0.043552,0.023751,0.077607
-0.054307,0.021570,0.070508
-0.067918,0.017059,0.060564
-0.088975,0.006439,0.043181
0.094708,-0.119028,0.081741
0.103389,-0.103341,0.095071
0.105816,-0.093787,0.101624
0.105979,-0.086455,0.105724
0.106057,-0.079233,0.109717
0.104974,-0.073148,0.112454
0.103893,-0.067077,0.115183
0.102284,-0.061527,0.117339
0.100131,-0.056504,0.118909
0.097987,-0.051481,0.120484
0.095845,-0.046468,0.122054
0.093293,-0.041848,0.123185
0.090739,-0.037236,0.124311
0.087967,-0.032833,0.125203
0.085009,-0.028607,0.125897
0.082027,-0.024406,0.126564
0.079071,-0.020186,0.127255
0.076019,-0.016058,0.127844
0.072813,-0.012073,0.128270
0.070116,-0.007629,0.129226
0.068013,-0.002656,0.130795
0.064920,0.001419,0.131333
0.061678,0.005359,0.131714
0.057838,0.008765,0.131477
0.053761,0.011962,0.130995
0.048529,0.014145,0.129328
0.042230,0.015400,0.126569
0.035774,0.016538,0.123660
0.029303,0.017683,0.120746
0.022335,0.018416,0.117336
0.015260,0.019080,0.113828
0.007905,0.019527,0.110051
0.000329,0.019810,0.106061
-0.007344,0.020038,0.101988
-0.015011,0.020299,0.097936
-0.022973,0.020338,0.093603
-0.030914,0.020424,0.089306
-0.039322,0.020146,0.084555
-0.048322,0.019404,0.079225
-0.059810,0.016618,0.071418
-0.074971,0.010826,0.059956
0.100616,-0.113335,0.094665
0.104130,-0.102688,0.102387
0.105003,-0.094645,0.107249
0.105236,-0.087250,0.111408
0.104436,-0.080875,0.114448
0.103457,-0.074691,0.117285
0.102335,-0.068662,0.119962
0.100291,-0.063525,0.121648
0.098207,-0.058437,0.123286
0.096065,-0.053414,0.124858
0.093579,-0.048723,0.126059
0.091027,-0.044101,0.127188
0.088485,-0.039478,0.128323
0.085937,-0.034868,0.129447
0.083104,-0.030526,0.130271
0.080148,-0.026303,0.130961
0.077193,-0.022083,0.131651
0.074017,-0.018068,0.132108
0.071357,-0.013587,0.133102
0.068822,-0.008999,0.134221
0.066978,-0.003795,0.136053
0.063806,0.000206,0.136505
0.060501,0.004085,0.136818
0.056590,0.007425,0.136507
0.051814,0.009999,0.135306
0.046582,0.012181,0.133642
0.040566,0.013685,0.131182
0.034074,0.014789,0.128244
0.027445,0.015795,0.125178
0.020365,0.016429,0.121663
0.012902,0.016756,0.117773
0.005230,0.016930,0.113684
-0.002646,0.016956,0.109403
-0.010823,0.016755,0.104835
-0.018727,0.016819,0.100561
-0.026837,0.016736,0.096092
-0.035014,0.016628,0.091575
-0.043512,0.016280,0.086751
-0.053615,0.014618,0.080336
-0.066151,0.010964,0.071508
-0.082790,0.003952,0.058611
0.093455,-0.127649,0.089555
0.101397,-0.112632,0.102034
0.103720,-0.103150,0.108450
0.104093,-0.095596,0.112759
0.104044,-0.088477,0.116602
0.103149,-0.082196,0.119530
0.102228,-0.075960,0.122419
0.100270,-0.070729,0.124198
0.098228,-0.065590,0.125881
0.096250,-0.060401,0.127627
0.093901,-0.055574,0.128974
0.091370,-0.050925,0.130125
0.088841,-0.046281,0.131275
0.086311,-0.041646,0.132419
0.083677,-0.037115,0.133450
0.081044,-0.032588,0.134480
0.078269,-0.028199,0.135357
0.075221,-0.024064,0.135948
0.072598,-0.019546,0.136978
0.069980,-0.015030,0.138009
0.067787,-0.010134,0.139479
0.065882,-0.004989,0.141240
0.062645,-0.001050,0.141621
0.059326,0.002814,0.141917
0.055092,0.005862,0.141273
0.049868,0.008038,0.139616
0.044770,0.010337,0.138094
0.038919,0.011985,0.135810
0.032377,0.013043,0.132830
0.025666,0.013975,0.129688
0.018377,0.014426,0.125971
0.010689,0.014558,0.121864
0.002915,0.014643,0.117684
-0.005584,0.014135,0.112789
-0.013856,0.013854,0.108140
-0.022335,0.013430,0.103300
-0.030541,0.013270,0.098754
-0.039207,0.012752,0.093761
-0.048120,0.012060,0.088540
-0.058872,0.009860,0.081500
-0.073167,0.004744,0.070949
0.098643,-0.122628,0.101670
0.102432,-0.111681,0.109655
0.102961,-0.103950,0.114130
0.103503,-0.096238,0.118602
0.102677,-0.089872,0.121604
0.101854,-0.083525,0.124597
0.100407,-0.077793,0.126919
0.098501,-0.072514,0.128747
0.096598,-0.067244,0.130571
0.094322,-0.062339,0.131995
0.091761,-0.057711,0.133116
0.089203,-0.053087,0.134235
0.086671,-0.048447,0.135377
0.084050,-0.043896,0.136423
0.081416,-0.039363,0.137452
0.078782,-0.034837,0.138476
0.076154,-0.030311,0.139505
0.073840,-0.025506,0.140855
0.071221,-0.020986,0.141885
0.068604,-0.016471,0.142913
0.066754,-0.011268,0.144730
0.064769,-0.006198,0.146401
0.061469,-0.002319,0.146715
0.058122,0.001517,0.146980
0.053209,0.003958,0.145641
0.048270,0.006385,0.144279
0.043017,0.008546,0.142604
0.037306,0.010315,0.140468
0.030742,0.011352,0.137474
0.023987,0.012243,0.134296
0.016610,0.012616,0.130502
0.008718,0.012569,0.126200
0.000510,0.012280,0.121596
-0.008137,0.011644,0.116566
-0.017114,0.010760,0.111223
-0.025803,0.010160,0.106190
-0.034409,0.009664,0.101259
-0.043471,0.008815,0.095888
-0.053311,0.007348,0.089762
-0.066181,0.003378,0.080637
-0.080682,-0.001894,0.069924
0.091688,-0.136778,0.096822
0.099602,-0.121740,0.109219
0.101843,-0.112311,0.115522
0.102646,-0.104320,0.120271
0.102153,-0.097614,0.123628
0.101490,-0.091094,0.126791
0.100370,-0.085035,0.129459
0.098633,-0.079583,0.131465
0.096898,-0.074141,0.133467
0.094746,-0.069110,0.135022
0.092234,-0.064428,0.136194
0.089733,-0.059743,0.137374
0.087235,-0.055063,0.138552
0.084475,-0.050636,0.139453
0.081766,-0.046166,0.140404
0.079128,-0.041636,0.141426
0.076493,-0.037111,0.142446
0.074276,-0.032207,0.143898
0.072084,-0.027290,0.145370
0.069843,-0.022426,0.146786
0.067562,-0.017609,0.148156
0.065550,-0.012556,0.149798
0.063138,-0.007874,0.151024
0.059784,-0.004045,0.151281
0.056255,-0.000373,0.151358
0.051762,0.002441,0.150451
0.046823,0.004866,0.149094
0.041154,0.006657,0.146999
0.035393,0.008381,0.144818
0.029043,0.009605,0.142050
0.022415,0.010605,0.139011
0.014961,0.010909,0.135148
0.006923,0.010734,0.130712
-0.001741,0.010048,0.125663
-0.010620,0.009213,0.120416
-0.020370,0.007667,0.114315
-0.029194,0.006955,0.109164
-0.038495,0.005871,0.103555
-0.048007,0.004648,0.097757
-0.058801,0.002383,0.090704
-0.073419,-0.003046,0.079876
0.096659,-0.131944,0.108674
0.100274,-0.121132,0.116441
0.101234,-0.112960,0.121357
0.101756,-0.105247,0.125791
0.101140,-0.098664,0.129004
0.100282,-0.092336,0.131949
0.098567,-0.086850,0.133978
0.096976,-0.081260,0.136132
0.095155,-0.075902,0.138036
0.092845,-0.071020,0.139421
0.090477,-0.066204,0.140739
0.087977,-0.061519,0.141916
0.085216,-0.057087,0.142815
0.082383,-0.052727,0.143637
0.079554,-0.048370,0.144460
0.076838,-0.043911,0.145398
0.074591,-0.039027,0.146818
0.072314,-0.034179,0.148202
0.069940,-0.029429,0.149482
0.067584,-0.024670,0.150775
0.065506,-0.019667,0.152350
0.063217,-0.014865,0.153702
0.060742,-0.010238,0.154862
0.057515,-0.006294,0.155248
0.053795,-0.002793,0.155130
0.049550,0.000244,0.154479
0.044981,0.002997,0.153502
0.039352,0.004822,0.151453
0.033422,0.006397,0.149109
0.027358,0.007870,0.146637
0.020800,0.008931,0.143678
0.013581,0.009436,0.140062
0.005271,0.009021,0.135365
-0.003798,0.007985,0.129925
-0.013127,0.006762,0.124244
-0.023139,0.004992,0.117900
-0.032862,0.003513,0.111869
-0.042806,0.001887,0.105640
-0.053131,-0.000018,0.099056
-0.066422,-0.004380,0.089551
-0.080322,-0.009190,0.079478
0.090488,-0.145359,0.104701
0.097727,-0.130936,0.116327
0.099896,-0.121550,0.122528
0.101245,-0.113006,0.127838
0.100646,-0.106387,0.131068
0.100158,-0.099684,0.134404
0.098722,-0.093917,0.136729
0.097164,-0.088282,0.138917
0.095437,-0.082824,0.140919
0.093126,-0.077934,0.142303
0.090820,-0.073050,0.143687
0.088596,-0.068097,0.145151
0.085935,-0.063564,0.146156
0.083098,-0.059204,0.146973
0.080263,-0.054846,0.147791
0.077430,-0.050491,0.148607
0.074457,-0.046270,0.149277
0.071899,-0.041672,0.150372
0.069523,-0.036913,0.151651
0.067172,-0.032139,0.152951
0.064863,-0.027335,0.154291
0.063172,-0.021978,0.156258
0.060884,-0.017174,0.157608
0.058322,-0.012626,0.158674
0.055246,-0.008543,0.159215
0.051334,-0.005213,0.158903
0.047184,-0.002091,0.158351
0.042432,0.000501,0.157191
0.037298,0.002765,0.155651
0.031413,0.004378,0.153359
0.025380,0.005879,0.150926
0.019123,0.007201,0.148278
0.012247,0.008004,0.145018
0.003665,0.007349,0.140061
-0.006037,0.005764,0.134003
-0.015633,0.004311,0.128073
-0.026103,0.002150,0.121294
-0.036554,0.000051,0.114559
-0.047125,-0.002104,0.107730
-0.059783,-0.005979,0.098856
-0.073658,-0.010821,0.088811
-0.090679,-0.018238,0.075696
0.095378,-0.140577,0.116434
0.098732,-0.129991,0.123892
0.100463,-0.121045,0.129603
0.100261,-0.114020,0.133254
0.099832,-0.107240,0.136651
0.098618,-0.101243,0.139210
0.097138,-0.095521,0.141479
0.095725,-0.089749,0.143811
0.093606,-0.084666,0.145397
0.091378,-0.079700,0.146862
0.089153,-0.074739,0.148325
0.086493,-0.070199,0.149331
0.083720,-0.065772,0.150216
0.080949,-0.061349,0.151100
0.078103,-0.057001,0.151903
0.075122,-0.052784,0.152564
0.072142,-0.048569,0.153225
0.069163,-0.044357,0.153885
0.066758,-0.039622,0.155131
0.064448,-0.034809,0.156470
0.062139,-0.030002,0.157807
0.060613,-0.024493,0.159937
0.058550,-0.019484,0.161514
0.055899,-0.015014,0.162487
0.052977,-0.010794,0.163181
0.048922,-0.007590,0.162726
0.044911,-0.004344,0.162317
0.039941,-0.001944,0.160942
0.034728,0.000250,0.159326
0.029244,0.002219,0.157446
0.023311,0.003807,0.155122
0.017580,0.005588,0.153008
0.011196,0.006817,0.150251
0.002184,0.005787,0.144879
-0.008221,0.003590,0.138137
-0.018497,0.001551,0.131549
-0.029737,-0.001268,0.124028
-0.040506,-0.003634,0.117001
-0.053731,-0.008040,0.107569
-0.068120,-0.013369,0.097020
-0.080983,-0.017337,0.088015
0.093245,-0.150032,0.116781
0.097709,-0.138313,0.125410
0.099452,-0.129325,0.131133
0.099879,-0.121664,0.135446
0.099486,-0.114830,0.138881
0.098597,-0.108502,0.141782
0.097249,-0.102637,0.144190
0.095905,-0.096786,0.146593
0.093860,-0.091623,0.148257
0.091763,-0.086521,0.149859
0.089669,-0.081427,0.151459
0.087089,-0.076805,0.152548
0.084353,-0.072336,0.153472
0.081619,-0.067872,0.154395
0.078811,-0.063484,0.155237
0.075667,-0.059413,0.155731
0.072676,-0.055204,0.156381
0.069687,-0.050997,0.157030
0.066548,-0.046932,0.157524
0.063977,-0.042348,0.158597
0.061721,-0.037481,0.159990
0.059422,-0.032664,0.161333
0.057984,-0.027072,0.163548
0.056186,-0.021821,0.165389
0.053477,-0.017403,0.166301
0.050658,-0.013088,0.167099
0.046650,-0.009842,0.166692
0.042437,-0.006774,0.166082
0.037566,-0.004286,0.164811
0.032249,-0.002183,0.163097
0.026699,-0.000271,0.161157
0.021173,0.001676,0.159248
0.015594,0.003590,0.157294
0.009372,0.004959,0.154706
0.000416,0.003975,0.149405
-0.010836,0.001045,0.141843
-0.021870,-0.001645,0.134523
-0.033385,-0.004698,0.126755
-0.046406,-0.008983,0.117526
-0.062114,-0.015490,0.105680
-0.075427,-0.019888,0.096235
-0.088371,-0.023909,0.087187
0.095841,-0.147490,0.126043
0.098460,-0.137607,0.132688
0.099457,-0.129360,0.137602
0.099184,-0.122390,0.141162
0.098602,-0.115746,0.144384
0.097317,-0.109807,0.146859
0.096036,-0.103881,0.149328
0.094139,-0.098565,0.151145
0.092108,-0.093389,0.152817
0.090082,-0.088221,0.154487
0.087650,-0.083450,0.155731
0.085079,-0.078819,0.156826
0.082433,-0.074266,0.157839
0.079589,-0.069907,0.158645
0.076436,-0.065841,0.159130
0.073284,-0.061777,0.159615
0.070163,-0.057688,0.160129
0.066984,-0.053655,0.160583
0.063749,-0.049676,0.160979
0.060764,-0.045469,0.161628
0.058897,-0.040243,0.163414
0.056789,-0.035248,0.164949
0.055339,-0.029666,0.167146
0.053469,-0.024477,0.168909
0.050612,-0.020190,0.169670
0.047708,-0.015949,0.170380
0.043720,-0.012682,0.169997
0.039494,-0.009624,0.169376
0.034676,-0.007086,0.168164
0.029459,-0.004891,0.166557
0.023951,-0.002940,0.164667
0.018491,-0.000934,0.162831
0.012824,0.000905,0.160796
0.006216,0.001940,0.157834
-0.003035,0.000703,0.152259
-0.014128,-0.002087,0.144879
-0.025445,-0.005017,0.137305
-0.038797,-0.009641,0.127750
-0.053398,-0.015265,0.116999
-0.070839,-0.023232,0.103492
-0.082150,-0.025913,0.096055
-0.100495,-0.034480,0.081749
0.094267,-0.156403,0.126993
0.097557,-0.145819,0.134345
0.099196,-0.136913,0.139932
0.098958,-0.129889,0.143528
0.098579,-0.123030,0.146962
0.097359,-0.117012,0.149504
0.096191,-0.110962,0.152090
0.094476,-0.105460,0.154097
0.092501,-0.100220,0.155828
0.090501,-0.095017,0.157525
0.088096,-0.090212,0.158796
0.085534,-0.085565,0.159901
0.083006,-0.080893,0.161037
0.080301,-0.076396,0.161986
0.077182,-0.072295,0.162507
0.074024,-0.068232,0.162987
0.070868,-0.064172,0.163466
0.067391,-0.060412,0.163615
0.063969,-0.056601,0.163822
0.060732,-0.052622,0.164215
0.057598,-0.048549,0.164713
0.055721,-0.043327,0.166485
0.053767,-0.038189,0.168172
0.052139,-0.032763,0.170185
0.050429,-0.027427,0.172106
0.047553,-0.023153,0.172846
0.044684,-0.018877,0.173593
0.040692,-0.015610,0.173208
0.036414,-0.012595,0.172539
0.031561,-0.010084,0.171298
0.026390,-0.007846,0.169744
0.020893,-0.005883,0.167871
0.015337,-0.003958,0.165947
0.009304,-0.002435,0.163557
0.002272,-0.001765,0.160186
-0.007190,-0.003180,0.154423
-0.018052,-0.005764,0.147298
-0.029940,-0.009181,0.139188
-0.044514,-0.014845,0.128465
-0.066180,-0.026494,0.110812
-0.078051,-0.029689,0.102828
-0.088965,-0.032018,0.095812
0.092662,-0.165369,0.127920
0.096685,-0.154019,0.136039
0.098834,-0.144581,0.142160
0.098790,-0.137346,0.145958
0.098791,-0.130094,0.149789
0.097579,-0.124055,0.152338
0.096383,-0.118018,0.154895
0.094761,-0.112413,0.156999
0.092826,-0.107125,0.158770
0.090923,-0.101817,0.160568
0.088643,-0.096884,0.161970
0.086149,-0.092165,0.163145
0.083621,-0.087487,0.164280
0.080905,-0.082994,0.165220
0.077806,-0.078869,0.165761
0.074707,-0.074747,0.166302
0.071590,-0.070645,0.166822
0.068084,-0.066910,0.166943
0.064556,-0.063195,0.167042
0.061036,-0.059473,0.167148
0.057551,-0.055718,0.167291
0.054441,-0.051620,0.167813
0.052491,-0.046461,0.169508
0.050390,-0.041452,0.171043
0.048902,-0.035895,0.173193
0.047229,-0.030521,0.175147
0.044504,-0.026107,0.176040
0.041638,-0.021825,0.176788
0.037660,-0.018542,0.176421
0.033359,-0.015545,0.175732
0.028413,-0.013113,0.174404
0.023101,-0.010996,0.172716
0.017473,-0.009144,0.170722
0.011565,-0.007523,0.168457
0.005205,-0.006282,0.165754
-0.002299,-0.006016,0.161931
-0.011567,-0.007255,0.156381
-0.022408,-0.009814,0.149303
-0.035190,-0.013995,0.140344
-0.060633,-0.028972,0.118994
-0.073786,-0.033305,0.109759
-0.083302,-0.034479,0.104113
-0.095771,-0.038117,0.095605
0.090893,-0.174523,0.128682
0.096771,-0.161283,0.138747
0.098590,-0.152144,0.144517
0.098931,-0.144509,0.148716
0.098976,-0.137194,0.152591
0.097873,-0.131034,0.155254
0.096707,-0.124955,0.157840
0.095195,-0.119231,0.160058
0.093314,-0.113879,0.161885
0.091413,-0.108561,0.163684
0.089155,-0.103598,0.165109
0.086667,-0.098865,0.166291
0.084193,-0.094128,0.167483
0.081591,-0.089520,0.168538
0.078564,-0.085322,0.169155
0.075526,-0.081138,0.169758
0.072489,-0.076957,0.170361
0.068917,-0.073282,0.170415
0.065340,-0.069610,0.170465
0.061819,-0.065887,0.170571
0.058194,-0.062259,0.170573
0.054537,-0.058661,0.170542
0.051253,-0.054719,0.170888
0.049150,-0.049697,0.172425
0.047050,-0.044682,0.173959
0.045351,-0.039313,0.175892
0.044024,-0.033619,0.178191
0.041459,-0.029057,0.179242
0.038362,-0.024979,0.179759
0.034194,-0.021863,0.179205
0.029738,-0.018999,0.178367
0.024901,-0.016465,0.177154
0.019639,-0.014299,0.175524
0.013779,-0.012648,0.173308
0.007622,-0.011240,0.170808
0.000814,-0.010384,0.167674
-0.007079,-0.010451,0.163483
-0.016414,-0.011739,0.157891
-0.027799,-0.014761,0.150305
-0.043488,-0.021435,0.138531
-0.070266,-0.037540,0.115954
-0.080117,-0.039028,0.109983
-0.089013,-0.039662,0.104966
-0.102831,-0.044432,0.095179
0.097341,-0.168075,0.141966
0.099245,-0.158827,0.147819
0.099616,-0.151143,0.152046
0.099518,-0.143952,0.155769
0.098351,-0.137842,0.158363
0.097096,-0.131837,0.160856
0.095625,-0.126060,0.163116
0.093746,-0.120697,0.164944
0.091951,-0.115265,0.166853
0.089788,-0.110202,0.168375
0.087347,-0.105417,0.169605
0.084912,-0.100635,0.170836
0.082299,-0.096031,0.171882
0.079370,-0.091735,0.172599
0.076442,-0.087442,0.173315
0.073436,-0.083229,0.173949
0.069874,-0.079542,0.174015
0.066263,-0.075900,0.174031
0.062659,-0.072252,0.174054
0.058928,-0.068722,0.173948
0.055225,-0.065164,0.173873
0.051522,-0.061605,0.173797
0.047606,-0.058240,0.173508
0.044967,-0.053703,0.174504
0.043336,-0.048254,0.176507
0.041666,-0.042852,0.178466
0.039866,-0.037581,0.180288
0.037466,-0.032863,0.181504
0.034163,-0.028963,0.181818
0.030338,-0.025533,0.181611
0.026068,-0.022497,0.180962
0.021288,-0.019908,0.179813
0.015749,-0.017982,0.177916
0.009744,-0.016451,0.175569
0.003304,-0.015287,0.172800
-0.003814,-0.014695,0.169374
-0.011842,-0.014871,0.165069
-0.021730,-0.016631,0.158956
-0.034403,-0.020756,0.150140
-0.066921,-0.041910,0.121973
-0.077740,-0.044257,0.115062
-0.085305,-0.043775,0.111346
-0.094231,-0.044425,0.106320
-0.110249,-0.051054,0.094434
0.098697,-0.174084,0.146012
0.100355,-0.165060,0.151600
0.100432,-0.157653,0.155515
0.100296,-0.150484,0.159194
0.099109,-0.144381,0.161766
0.097873,-0.138345,0.164277
0.096346,-0.132612,0.166478
0.094459,-0.127247,0.168297
0.092663,-0.121807,0.170203
0.090491,-0.116744,0.171715
0.088078,-0.111925,0.172974
0.085635,-0.107144,0.174198
0.083020,-0.102535,0.175241
0.080121,-0.098206,0.175988
0.077223,-0.093879,0.176736
0.074327,-0.089556,0.177483
0.070847,-0.085790,0.177632
0.067275,-0.082111,0.177688
0.063673,-0.078459,0.177714
0.059870,-0.074995,0.177537
0.055972,-0.071617,0.177265
0.052153,-0.068164,0.177073
0.048284,-0.064755,0.176833
0.044345,-0.061407,0.176524
0.040404,-0.058058,0.176214
0.038353,-0.052983,0.177796
0.036658,-0.047594,0.179729
0.034934,-0.042244,0.181626
0.033103,-0.037003,0.183409
0.029925,-0.032983,0.183850
0.026407,-0.029270,0.183952
0.022085,-0.026274,0.183258
0.016878,-0.024058,0.181694
0.011438,-0.022036,0.179906
0.005596,-0.020356,0.177729
-0.001264,-0.019553,0.174559
-0.008577,-0.019124,0.170958
-0.017198,-0.019808,0.166091
-0.027982,-0.022336,0.159127
-0.062807,-0.045603,0.128737
-0.074532,-0.048764,0.120949
-0.082794,-0.048899,0.116557
-0.089950,-0.048059,0.113253
-0.099855,-0.049535,0.107299
-0.119782,-0.059470,0.091677
0.100444,-0.179702,0.150467
0.102326,-0.170434,0.156281
0.102016,-0.163399,0.159788
0.101648,-0.156449,0.163220
0.100220,-0.150575,0.165539
0.098846,-0.144665,0.167904
0.097270,-0.138971,0.170051
0.095391,-0.133589,0.171878
0.093554,-0.128180,0.173740
0.091213,-0.123274,0.175078
0.088786,-0.118461,0.176322
0.086369,-0.113647,0.177572
0.083813,-0.108976,0.178675
0.081003,-0.104555,0.179515
0.078104,-0.100226,0.180261
0.075207,-0.095899,0.181006
0.071699,-0.092157,0.181128
0.068177,-0.088428,0.181236
0.064655,-0.084700,0.181344
0.060936,-0.081155,0.181253
0.057092,-0.077728,0.181036
0.053246,-0.074298,0.180819
0.049133,-0.071116,0.180333
0.044960,-0.067984,0.179790
0.041008,-0.064645,0.179471
0.036811,-0.061526,0.178908
0.032651,-0.058369,0.178385
0.031605,-0.052378,0.180964
0.029912,-0.046989,0.182892
0.028182,-0.041646,0.184775
0.025461,-0.037206,0.185672
0.021684,-0.033717,0.185521
0.017084,-0.030960,0.184561
0.012224,-0.028425,0.183348
0.006834,-0.026351,0.181619
0.000448,-0.025142,0.178920
-0.006267,-0.024203,0.175908
-0.014358,-0.024444,0.171563
-0.023433,-0.025513,0.166273
-0.038351,-0.031617,0.155311
-0.070887,-0.052881,0.127257
-0.080271,-0.054006,0.121777
-0.087432,-0.053186,0.118470
-0.095100,-0.052775,0.114686
-0.106721,-0.055704,0.107098
0.100775,-0.194178,0.149579
0.104417,-0.183066,0.157248
0.104862,-0.175235,0.161550
0.104011,-0.168734,0.164487
0.103088,-0.162327,0.167337
0.101691,-0.156414,0.169685
0.100298,-0.150514,0.172027
0.098504,-0.145027,0.173947
0.096540,-0.139722,0.175684
0.094699,-0.134308,0.177540
0.092263,-0.129488,0.178779
0.089697,-0.124805,0.179880
0.087134,-0.120126,0.180980
0.084537,-0.115488,0.182041
0.081817,-0.110975,0.182973
0.078987,-0.106575,0.183789
0.076079,-0.102254,0.184523
0.072698,-0.098388,0.184776
0.069222,-0.094614,0.184930
0.065745,-0.090841,0.185085
0.062105,-0.087222,0.185074
0.058353,-0.083708,0.184949
0.054548,-0.080241,0.184774
0.050521,-0.076979,0.184376
0.046157,-0.074027,0.183642
0.041790,-0.071072,0.182908
0.037504,-0.068035,0.182259
0.033143,-0.065062,0.181538
0.028785,-0.062081,0.180822
0.025059,-0.058519,0.180737
0.023690,-0.052821,0.182987
0.021788,-0.047620,0.184702
0.019477,-0.042797,0.186007
0.015875,-0.039137,0.186038
0.012058,-0.035668,0.185856
0.007193,-0.033129,0.184648
0.001281,-0.031506,0.182418
-0.005350,-0.030502,0.179493
-0.012019,-0.029510,0.176543
-0.021179,-0.030676,0.171176
-0.032419,-0.033616,0.163805
-0.066803,-0.056601,0.133985
-0.078027,-0.059346,0.126725
-0.084904,-0.058296,0.123696
-0.092053,-0.057459,0.120415
-0.100972,-0.058110,0.115440
-0.114239,-0.062429,0.106300
0.107901,-0.194329,0.159667
0.109195,-0.185596,0.164862
0.108136,-0.179281,0.167586
0.107444,-0.172616,0.170680
0.105704,-0.167026,0.172675
0.103787,-0.161628,0.174478
0.101874,-0.156240,0.176278
0.099944,-0.150881,0.178056
0.098005,-0.145544,0.179816
0.096070,-0.140216,0.181574
0.093495,-0.135528,0.182669
0.090955,-0.130814,0.183795
0.088424,-0.126100,0.184926
0.085624,-0.121654,0.185779
0.082643,-0.117389,0.186445
0.079822,-0.112974,0.187270
0.076940,-0.108623,0.188031
0.073579,-0.104736,0.188304
0.070218,-0.100850,0.188576
0.066848,-0.096974,0.188838
0.063220,-0.093342,0.188840
0.059464,-0.089831,0.188713
0.055694,-0.086332,0.188572
0.051862,-0.082888,0.188372
0.047672,-0.079776,0.187813
0.043344,-0.076787,0.187119
0.038960,-0.073845,0.186372
0.034111,-0.071324,0.185166
0.029573,-0.068509,0.184274
0.025046,-0.065677,0.183395
0.019857,-0.063440,0.181866
0.015826,-0.060142,0.181486
0.014515,-0.054386,0.183789
0.012497,-0.049282,0.185388
0.010066,-0.044557,0.186576
0.005918,-0.041371,0.186078
0.000525,-0.039287,0.184364
-0.005565,-0.037808,0.181975
-0.011739,-0.036384,0.179513
-0.020683,-0.037377,0.174365
-0.031765,-0.040203,0.167159
-0.062867,-0.060431,0.140565
-0.075885,-0.064770,0.131571
-0.082715,-0.063693,0.128591
-0.089773,-0.062791,0.125401
-0.096809,-0.061847,0.122245
-0.106975,-0.063558,0.116091
-0.123282,-0.070456,0.104068
0.113952,-0.202983,0.164771
0.115153,-0.194309,0.169871
0.114109,-0.187961,0.172610
0.113115,-0.181583,0.175390
0.111069,-0.176290,0.177067
0.108702,-0.171332,0.178405
0.106684,-0.166035,0.180099
0.104515,-0.160900,0.181631
0.102098,-0.156024,0.182901
0.099684,-0.151155,0.184169
0.097494,-0.146073,0.185662
0.094918,-0.141383,0.186754
0.092345,-0.136697,0.187845
0.089774,-0.132016,0.188934
0.086876,-0.127662,0.189686
0.083882,-0.123407,0.190338
0.080891,-0.119153,0.190990
0.077864,-0.114938,0.191604
0.074544,-0.111008,0.191919
0.071215,-0.107088,0.192224
0.067886,-0.103170,0.192529
0.064300,-0.099498,0.192573
0.060490,-0.096037,0.192393
0.056718,-0.092538,0.192252
0.052900,-0.089082,0.192065
0.048862,-0.085829,0.191659
0.044820,-0.082575,0.191252
0.040619,-0.079467,0.190688
0.035858,-0.076870,0.189570
0.031005,-0.074350,0.188365
0.026153,-0.071819,0.187167
0.020908,-0.069637,0.185584
0.015738,-0.067375,0.184083
0.010432,-0.065226,0.182452
0.004524,-0.063607,0.180237
0.000796,-0.060013,0.180168
-0.000989,-0.054677,0.182002
-0.004230,-0.050651,0.182407
-0.008348,-0.047406,0.181957
-0.013861,-0.045394,0.180148
-0.026340,-0.049511,0.171577
-0.047638,-0.061315,0.154482
-0.059526,-0.064764,0.146561
-0.073017,-0.069555,0.137120
-0.082549,-0.070841,0.131533
-0.089024,-0.069443,0.128911
-0.095160,-0.067733,0.126625
-0.103115,-0.067568,0.122602
-0.114081,-0.069949,0.115709
-0.137257,-0.082686,0.097161
0.122027,-0.209530,0.171995
0.122174,-0.201915,0.175990
0.121101,-0.195583,0.178698
0.120032,-0.189268,0.181399
0.117564,-0.184399,0.182635
0.115083,-0.179552,0.183853
0.112719,-0.174597,0.185187
0.110175,-0.169832,0.186330
0.107206,-0.165503,0.187030
0.104551,-0.160865,0.188051
0.102123,-0.156007,0.189302
0.099405,-0.151448,0.190249
0.096512,-0.147068,0.191015
0.093859,-0.142457,0.192023
0.091295,-0.137766,0.193117
0.088162,-0.133640,0.193629
0.085012,-0.129533,0.194122
0.081982,-0.125312,0.194735
0.078929,-0.121119,0.195322
0.075621,-0.117175,0.195649
0.072315,-0.113231,0.195977
0.068996,-0.109302,0.196292
0.065409,-0.105630,0.196335
0.061597,-0.102169,0.196154
0.057785,-0.098708,0.195974
0.053913,-0.095302,0.195734
0.049818,-0.092102,0.195273
0.045728,-0.088894,0.194819
0.041636,-0.085684,0.194365
0.037398,-0.082605,0.193769
0.032805,-0.079850,0.192822
0.027958,-0.077320,0.191630
0.022682,-0.075175,0.190018
0.017138,-0.073262,0.188149
0.011805,-0.071143,0.186494
0.005648,-0.069758,0.184037
-0.000654,-0.068485,0.181449
-0.006929,-0.067170,0.178895
-0.012080,-0.064830,0.177448
-0.018100,-0.063253,0.175161
-0.027029,-0.064245,0.170054
-0.036692,-0.065851,0.164253
-0.046186,-0.067266,0.158637
-0.056097,-0.069007,0.152639
-0.068399,-0.072798,0.144354
-0.080424,-0.076290,0.136366
-0.088426,-0.076230,0.132277
-0.094005,-0.074045,0.130531
-0.100676,-0.072787,0.127744
-0.109740,-0.073564,0.122678
-0.124183,-0.078906,0.112493
0.130305,-0.223333,0.175581
0.131415,-0.214665,0.180598
0.130088,-0.208567,0.183046
0.128730,-0.202520,0.185452
0.127031,-0.196843,0.187494
0.124454,-0.192083,0.188614
0.121919,-0.187289,0.189773
0.119414,-0.182474,0.190958
0.116718,-0.177861,0.191942
0.113540,-0.173743,0.192425
0.110587,-0.169401,0.193138
0.107637,-0.165062,0.193850
0.104658,-0.160757,0.194530
0.101575,-0.156562,0.195101
0.098683,-0.152181,0.195865
0.095793,-0.147803,0.196629
0.092804,-0.143528,0.197289
0.089587,-0.139482,0.197714
0.086438,-0.135372,0.198207
0.083290,-0.131265,0.198699
0.080058,-0.127242,0.199105
0.076729,-0.123315,0.199412
0.073431,-0.119362,0.199748
0.070133,-0.115409,0.200084
0.066543,-0.111738,0.200125
0.062720,-0.108289,0.199934
0.058911,-0.104825,0.199757
0.055055,-0.101403,0.199534
0.050758,-0.098395,0.198872
0.046457,-0.095385,0.198210
0.042341,-0.092196,0.197734
0.038099,-0.089121,0.197136
0.033801,-0.086093,0.196484
0.029500,-0.083062,0.195832
0.024712,-0.080475,0.194703
0.019204,-0.078538,0.192870
0.013693,-0.076590,0.191042
0.007883,-0.074900,0.188928
0.001589,-0.073633,0.186349
-0.004572,-0.072228,0.183908
-0.011188,-0.071213,0.181034
-0.018675,-0.070958,0.177323
-0.026450,-0.070932,0.173346
-0.033487,-0.070222,0.170100
-0.042696,-0.071412,0.164764
-0.052424,-0.073020,0.158947
-0.063964,-0.076180,0.151404
-0.080590,-0.083739,0.138994
-0.088301,-0.083436,0.135193
-0.093877,-0.081251,0.133453
-0.098999,-0.078658,0.132155
-0.106546,-0.078147,0.128545
-0.118141,-0.081086,0.121087
0.137830,-0.237951,0.178369
0.138849,-0.229316,0.183306
0.138548,-0.222106,0.186840
0.137218,-0.215999,0.189283
0.135892,-0.209908,0.191721
0.133949,-0.204476,0.193505
0.131392,-0.199693,0.194644
0.128825,-0.194929,0.195767
0.126262,-0.190171,0.196890
0.123498,-0.185626,0.197801
0.120273,-0.181558,0.198232
0.117105,-0.177435,0.198721
0.113931,-0.173322,0.199201
0.110761,-0.169210,0.199682
0.107585,-0.165106,0.200158
0.104295,-0.161120,0.200513
0.101006,-0.157136,0.200869
0.097954,-0.152920,0.201464
0.094803,-0.148805,0.201957
0.091396,-0.144947,0.202188
0.087989,-0.141090,0.202418
0.084797,-0.137023,0.202866
0.081518,-0.133045,0.203223
0.078080,-0.129223,0.203420
0.074644,-0.125401,0.203617
0.071329,-0.121463,0.203935
0.067710,-0.117819,0.203949
0.063897,-0.114360,0.203768
0.060054,-0.110928,0.203557
0.056198,-0.107507,0.203335
0.051899,-0.104500,0.202674
0.047619,-0.101472,0.202034
0.043339,-0.098438,0.201396
0.038966,-0.095487,0.200669
0.034675,-0.092453,0.200026
0.030406,-0.089394,0.199408
0.025987,-0.086468,0.198644
0.021021,-0.084039,0.197346
0.015860,-0.081778,0.195863
0.010250,-0.079916,0.193945
0.004284,-0.078365,0.191688
-0.002106,-0.077180,0.189025
-0.008783,-0.076234,0.186094
-0.015474,-0.075281,0.183159
-0.022926,-0.074986,0.179499
-0.030986,-0.075209,0.175262
-0.039408,-0.075722,0.170692
-0.048363,-0.076674,0.165625
-0.060318,-0.080237,0.157688
-0.075191,-0.086308,0.146975
-0.089064,-0.091428,0.137260
-0.094039,-0.088718,0.136102
-0.099577,-0.086487,0.134411
-0.106495,-0.085438,0.131409
-0.116151,-0.086729,0.125810
0.145258,-0.245099,0.184925
0.146490,-0.236208,0.190086
0.144879,-0.230366,0.192242
0.143129,-0.224688,0.194245
0.142201,-0.218161,0.197100
0.140497,-0.212470,0.199133
0.137989,-0.207632,0.200320
0.135457,-0.202829,0.201478
0.132927,-0.198032,0.202634
0.130302,-0.193343,0.203686
0.127046,-0.189309,0.204083
0.123775,-0.185294,0.204462
0.120505,-0.181281,0.204841
0.117293,-0.177212,0.205277
0.114022,-0.173206,0.205652
0.110498,-0.169459,0.205767
0.107025,-0.165660,0.205933
0.103760,-0.161656,0.206309
0.100495,-0.157653,0.206686
0.096857,-0.154025,0.206681
0.093363,-0.150253,0.206822
0.089960,-0.146393,0.207055
0.086557,-0.142533,0.207288
0.082943,-0.138882,0.207307
0.079486,-0.135079,0.207483
0.076047,-0.131258,0.207678
0.072608,-0.127439,0.207872
0.068874,-0.123905,0.207770
0.065069,-0.120438,0.207598
0.061250,-0.116983,0.207412
0.057372,-0.113582,0.207169
0.053130,-0.110524,0.206565
0.048877,-0.107472,0.205953
0.044597,-0.104440,0.205317
0.040232,-0.101483,0.204599
0.035819,-0.098565,0.203836
0.031402,-0.095645,0.203073
0.026981,-0.092722,0.202310
0.022015,-0.090296,0.201015
0.017093,-0.087821,0.199767
0.012181,-0.085326,0.198535
0.006613,-0.083421,0.196667
0.000637,-0.081873,0.194410
-0.005812,-0.080736,0.191702
-0.012749,-0.080021,0.188529
-0.019658,-0.079257,0.185397
-0.027447,-0.079258,0.181425
-0.035532,-0.079495,0.177182
-0.045315,-0.081211,0.171320
-0.056876,-0.084459,0.163770
-0.069194,-0.088321,0.155521
-0.088388,-0.098171,0.140714
-0.098232,-0.099726,0.134902
-0.102309,-0.096209,0.134616
-0.108282,-0.094337,0.132526
-0.116138,-0.094079,0.128651
0.144488,-0.276389,0.175031
0.150127,-0.262608,0.184900
0.151227,-0.253782,0.189944
0.151965,-0.245382,0.194588
0.150585,-0.239278,0.196988
0.149206,-0.233191,0.199380
0.147827,-0.227122,0.201764
0.146058,-0.221485,0.203729
0.143646,-0.216537,0.205019
0.141262,-0.211571,0.206331
0.138921,-0.206571,0.207682
0.136442,-0.201724,0.208885
0.133387,-0.197484,0.209488
0.130259,-0.193323,0.210012
0.127128,-0.189169,0.210532
0.123889,-0.185129,0.210940
0.120652,-0.181091,0.211347
0.117054,-0.177423,0.211382
0.113521,-0.173690,0.211484
0.110043,-0.169901,0.211642
0.106566,-0.166113,0.211800
0.103075,-0.162340,0.211943
0.099358,-0.158794,0.211856
0.095640,-0.155248,0.211768
0.091921,-0.151702,0.211681
0.088484,-0.147877,0.211878
0.084805,-0.144292,0.211830
0.081062,-0.140768,0.211719
0.077348,-0.137215,0.211638
0.073910,-0.133394,0.211832
0.070128,-0.129906,0.211683
0.066278,-0.126483,0.211465
0.062428,-0.123057,0.211250
0.058553,-0.119653,0.211011
0.054297,-0.116610,0.210394
0.050057,-0.113547,0.209796
0.045830,-0.110467,0.209213
0.041446,-0.107529,0.208478
0.036966,-0.104676,0.207652
0.032482,-0.101821,0.206824
0.027951,-0.099002,0.205954
0.023236,-0.096347,0.204907
0.018402,-0.093794,0.203747
0.013492,-0.091302,0.202518
0.008212,-0.089140,0.200934
0.002627,-0.087244,0.199060
-0.003074,-0.085440,0.197080
-0.009766,-0.084518,0.194147
-0.016721,-0.083813,0.190971
-0.024441,-0.083772,0.187068
-0.032471,-0.083981,0.182882
-0.041592,-0.085133,0.177662
-0.053196,-0.088456,0.170076
-0.065971,-0.092761,0.161396
-0.092399,-0.109054,0.139686
-0.101878,-0.110292,0.134240
-0.106823,-0.107521,0.133135
-0.110977,-0.104049,0.132788
-0.119607,-0.104466,0.128191
0.153592,-0.297278,0.175499
0.157562,-0.285155,0.183650
0.157344,-0.277663,0.187335
0.156939,-0.270403,0.190807
0.157355,-0.262283,0.195131
0.157114,-0.254907,0.198745
0.155801,-0.248710,0.201219
0.154492,-0.242529,0.203687
0.153129,-0.236425,0.206088
0.151488,-0.230635,0.208190
0.149177,-0.225571,0.209584
0.146797,-0.220592,0.210901
0.144393,-0.215647,0.212189
0.142025,-0.210676,0.213507
0.139334,-0.206052,0.214485
0.136340,-0.201749,0.215149
0.133265,-0.197537,0.215724
0.130159,-0.193361,0.216267
0.127057,-0.189185,0.216810
0.123768,-0.185205,0.217161
0.120142,-0.181571,0.217165
0.116506,-0.177948,0.217158
0.112869,-0.174325,0.217151
0.109366,-0.170567,0.217280
0.105695,-0.166980,0.217238
0.101798,-0.163618,0.216967
0.098012,-0.160143,0.216809
0.094315,-0.156579,0.216742
0.090616,-0.153016,0.216673
0.086557,-0.149807,0.216242
0.082822,-0.146277,0.216139
0.079087,-0.142746,0.216035
0.075350,-0.139216,0.215931
0.071376,-0.135915,0.215589
0.067524,-0.132493,0.215372
0.063671,-0.129070,0.215154
0.059707,-0.125753,0.214826
0.055478,-0.122685,0.214238
0.051218,-0.119642,0.213622
0.046982,-0.116572,0.213031
0.042355,-0.113866,0.212058
0.037847,-0.111041,0.211205
0.033398,-0.108154,0.210414
0.028866,-0.105338,0.209545
0.024094,-0.102737,0.208445
0.019389,-0.100068,0.207414
0.014704,-0.097371,0.206407
0.009570,-0.095079,0.204967
0.004214,-0.092981,0.203317
-0.001398,-0.091103,0.201426
-0.007647,-0.089791,0.198925
-0.014035,-0.088585,0.196300
-0.020718,-0.087627,0.193400
-0.029846,-0.088847,0.188158
-0.039244,-0.090272,0.182676
-0.049974,-0.092846,0.175937
-0.062627,-0.097080,0.167383
-0.076368,-0.102218,0.157821
0.162292,-0.318752,0.175492
0.164122,-0.308858,0.181411
0.165071,-0.299988,0.186368
0.165506,-0.291724,0.190760
0.165122,-0.284396,0.194266
0.164292,-0.277584,0.197287
0.163465,-0.270793,0.200298
0.162203,-0.264500,0.202838
0.160857,-0.258318,0.205279
0.159540,-0.252124,0.207742
0.158228,-0.245946,0.210199
0.156749,-0.239965,0.212472
0.154529,-0.234793,0.213962
0.152233,-0.229713,0.215368
0.149925,-0.224657,0.216755
0.147528,-0.219707,0.218045
0.145013,-0.214891,0.219206
0.142014,-0.210590,0.219864
0.139025,-0.206285,0.220528
0.136034,-0.201987,0.221188
0.133042,-0.197696,0.221844
0.129968,-0.193493,0.222414
0.126511,-0.189690,0.222588
0.123011,-0.185932,0.222719
0.119480,-0.182206,0.222817
0.115870,-0.178561,0.222835
0.112260,-0.174917,0.222853
0.108383,-0.171542,0.222599
0.104474,-0.168198,0.222314
0.100567,-0.164848,0.222032
0.096671,-0.161487,0.221762
0.092859,-0.158040,0.221578
0.088770,-0.154864,0.221117
0.084680,-0.151687,0.220656
0.080702,-0.148397,0.220308
0.076952,-0.144881,0.220191
0.072912,-0.141645,0.219785
0.068872,-0.138407,0.219379
0.064908,-0.135092,0.219052
0.060901,-0.131816,0.218683
0.056379,-0.129030,0.217806
0.052255,-0.125858,0.217326
0.048137,-0.122676,0.216853
0.043481,-0.120000,0.215853
0.038623,-0.117508,0.214659
0.034205,-0.114593,0.213900
0.029729,-0.111725,0.213088
0.025008,-0.109080,0.212040
0.020231,-0.106479,0.210941
0.015534,-0.103796,0.209924
0.010533,-0.101385,0.208617
0.005419,-0.099067,0.207205
0.000209,-0.096828,0.205704
-0.005818,-0.095323,0.203422
-0.012393,-0.094300,0.200619
-0.018782,-0.093087,0.198005
-0.026902,-0.093418,0.193738
-0.035658,-0.094290,0.188877
-0.047493,-0.097887,0.181086
-0.060434,-0.102414,0.172266
-0.071721,-0.105407,0.165056
0.171028,-0.324482,0.183453
0.172510,-0.314945,0.188999
0.172708,-0.306884,0.193155
0.171970,-0.299898,0.196300
0.171170,-0.293006,0.199365
0.170014,-0.286532,0.202041
0.168648,-0.280311,0.204485
0.167764,-0.273582,0.207427
0.166296,-0.267514,0.209741
0.164832,-0.261461,0.212051
0.163371,-0.255423,0.214354
0.161866,-0.249451,0.216602
0.159669,-0.244242,0.218118
0.157474,-0.239041,0.219631
0.155231,-0.233905,0.221087
0.152957,-0.228814,0.222505
0.150653,-0.223765,0.223886
0.147713,-0.219398,0.224605
0.144730,-0.215083,0.225275
0.141718,-0.210803,0.225913
0.138717,-0.206517,0.226559
0.135728,-0.202224,0.227216
0.132607,-0.198074,0.227733
0.129240,-0.194179,0.228000
0.125753,-0.190412,0.228140
0.122248,-0.186664,0.228263
0.118745,-0.182915,0.228387
0.115165,-0.179245,0.228432
0.111216,-0.175949,0.228103
0.107265,-0.172653,0.227774
0.103325,-0.169342,0.227457
0.099417,-0.165999,0.227173
0.095341,-0.162820,0.226721
0.090929,-0.159971,0.225935
0.086853,-0.156783,0.225488
0.082776,-0.153594,0.225041
0.078651,-0.150449,0.224548
0.074427,-0.147396,0.223958
0.070383,-0.144163,0.223550
0.066338,-0.140928,0.223142
0.062130,-0.137847,0.222575
0.057573,-0.135098,0.221666
0.053102,-0.132260,0.220844
0.049011,-0.129052,0.220399
0.044536,-0.126206,0.219579
0.039750,-0.123648,0.218458
0.034977,-0.121070,0.217354
0.030452,-0.118248,0.216496
0.025768,-0.115571,0.215486
0.021085,-0.112884,0.214482
0.016364,-0.110224,0.213444
0.011354,-0.107825,0.212130
0.006250,-0.105502,0.210731
0.001125,-0.103188,0.209317
-0.004471,-0.101295,0.207453
-0.010582,-0.099859,0.205100
-0.017138,-0.098808,0.202329
-0.025273,-0.099170,0.198053
-0.033844,-0.099893,0.193376
-0.045203,-0.103092,0.186050
-0.058268,-0.107766,0.177122
-0.069057,-0.110345,0.170395
0.178554,-0.331530,0.190123
0.179142,-0.322965,0.194715
0.179825,-0.314330,0.199388
0.178653,-0.307812,0.202070
0.177192,-0.301636,0.204435
0.176013,-0.295168,0.207089
0.174403,-0.289200,0.209275
0.173167,-0.282836,0.211847
0.171638,-0.276817,0.214100
0.170065,-0.270864,0.216297
0.168515,-0.264904,0.218509
0.166967,-0.258959,0.220715
0.164865,-0.253633,0.222332
0.162620,-0.248474,0.223794
0.160389,-0.243312,0.225264
0.158198,-0.238120,0.226769
0.155931,-0.233020,0.228190
0.153255,-0.228367,0.229182
0.150334,-0.223981,0.229917
0.147428,-0.219586,0.230664
0.144448,-0.215274,0.231331
0.141436,-0.211002,0.231964
0.138423,-0.206735,0.232593
0.135117,-0.202779,0.232919
0.131753,-0.198885,0.233185
0.128389,-0.194993,0.233450
0.125019,-0.191110,0.233707
0.121516,-0.187364,0.233829
0.117874,-0.183763,0.233808
0.113980,-0.180416,0.233534
0.110059,-0.177095,0.233234
0.106128,-0.173782,0.232923
0.102195,-0.170470,0.232612
0.098052,-0.167364,0.232092
0.093618,-0.164544,0.231282
0.089181,-0.161721,0.230472
0.084876,-0.158762,0.229797
0.080739,-0.155632,0.229292
0.076295,-0.152800,0.228483
0.071847,-0.149965,0.227674
0.067713,-0.146818,0.227179
0.063477,-0.143767,0.226584
0.058873,-0.141066,0.225630
0.054265,-0.138362,0.224675
0.049857,-0.135458,0.223920
0.045334,-0.132659,0.223056
0.040716,-0.129943,0.222102
0.035941,-0.127369,0.220997
0.031176,-0.124778,0.219907
0.026489,-0.122103,0.218898
0.021800,-0.119424,0.217890
0.017111,-0.116736,0.216886
0.012020,-0.114414,0.215496
0.007070,-0.111951,0.214249
0.001955,-0.109631,0.212847
-0.003736,-0.107831,0.210895
-0.009926,-0.106473,0.208471
-0.015976,-0.104969,0.206190
-0.023455,-0.104748,0.202550
-0.032175,-0.105626,0.197735
-0.043427,-0.108756,0.190521
-0.055776,-0.112821,0.182287
-0.066947,-0.115769,0.175205
-0.079170,-0.119606,0.167149
0.185461,-0.339252,0.196131
0.185732,-0.331015,0.200385
0.185549,-0.323327,0.204137
0.184637,-0.316493,0.207099
0.183379,-0.310073,0.209680
0.182061,-0.303742,0.212186
0.180371,-0.297845,0.214290
0.178727,-0.291917,0.216431
0.177125,-0.285960,0.218609
0.175310,-0.280256,0.220553
0.173628,-0.274422,0.222630
0.172036,-0.268507,0.224791
0.170085,-0.263001,0.226568
0.167841,-0.257828,0.228033
0.165602,-0.252662,0.229496
0.163366,-0.247506,0.230956
0.161133,-0.242358,0.232414
0.158738,-0.237394,0.233699
0.155777,-0.233046,0.234392
0.152817,-0.228702,0.235084
0.149911,-0.224306,0.235829
0.147074,-0.219845,0.236642
0.144165,-0.215466,0.237377
0.141047,-0.211311,0.237895
0.137688,-0.207413,0.238164
0.134328,-0.203517,0.238432
0.130956,-0.199637,0.238686
0.127578,-0.195765,0.238933
0.124202,-0.191893,0.239181
0.120534,-0.188322,0.239133
0.116654,-0.184966,0.238871
0.112763,-0.181621,0.238597
0.108869,-0.178275,0.238323
0.104939,-0.174964,0.238014
0.100681,-0.171981,0.237376
0.096148,-0.169268,0.236467
0.091738,-0.166425,0.235683
0.087341,-0.163563,0.234916
0.082849,-0.160790,0.234056
0.078273,-0.158093,0.233117
0.073837,-0.155252,0.232319
0.069396,-0.152408,0.231521
0.064835,-0.149676,0.230606
0.060238,-0.146972,0.229659
0.055636,-0.144265,0.228711
0.051015,-0.141569,0.227749
0.046111,-0.139138,0.226513
0.041569,-0.136350,0.225636
0.036890,-0.133687,0.224628
0.031941,-0.131272,0.223361
0.027170,-0.128679,0.222272
0.022518,-0.125965,0.221303
0.017753,-0.123350,0.220229
0.012530,-0.121155,0.218714
0.007497,-0.118771,0.217389
0.002604,-0.116247,0.216205
-0.002998,-0.114369,0.214343
-0.009279,-0.113101,0.211837
-0.015400,-0.111668,0.209493
-0.022723,-0.111316,0.206007
-0.031022,-0.111827,0.201602
-0.041716,-0.114476,0.194931
-0.052973,-0.117586,0.187747
-0.065085,-0.121413,0.179777
-0.077303,-0.125278,0.171736
0.188177,-0.351768,0.197650
0.190767,-0.340828,0.204393
0.191007,-0.332624,0.208601
0.190321,-0.325508,0.211806
0.189151,-0.318967,0.214483
0.187988,-0.312441,0.217155
0.186325,-0.306500,0.219287
0.184607,-0.300638,0.221352
0.182942,-0.294735,0.223465
0.180816,-0.289361,0.225084
0.178996,-0.283664,0.227015
0.177203,-0.277952,0.228969
0.175250,-0.272432,0.230747
0.173069,-0.267178,0.232278
0.170594,-0.262256,0.233498
0.168274,-0.257177,0.234872
0.166037,-0.252020,0.236327
0.163803,-0.246870,0.237781
0.161075,-0.242264,0.238717
0.158215,-0.237808,0.239512
0.155335,-0.233378,0.240285
0.152378,-0.229038,0.240974
0.149490,-0.224631,0.241731
0.146656,-0.220173,0.242540
0.143444,-0.216118,0.242960
0.140170,-0.212133,0.243315
0.136873,-0.208174,0.243644
0.133532,-0.204265,0.243928
0.130176,-0.200372,0.244196
0.126803,-0.196500,0.244445
0.123016,-0.193054,0.244274
0.119177,-0.189662,0.244052
0.115327,-0.186279,0.243819
0.111467,-0.182904,0.243577
0.107606,-0.179529,0.243335
0.103339,-0.176561,0.242688
0.098818,-0.173843,0.241789
0.094285,-0.171130,0.240882
0.089780,-0.168383,0.240006
0.085282,-0.165623,0.239139
0.080403,-0.163232,0.237900
0.075519,-0.160837,0.236659
0.071078,-0.157997,0.235861
0.066507,-0.155280,0.234938
0.061754,-0.152731,0.233839
0.057029,-0.150148,0.232772
0.052423,-0.147441,0.231825
0.047092,-0.145425,0.230173
0.042365,-0.142817,0.229117
0.037799,-0.140047,0.228222
0.032869,-0.137618,0.226975
0.027822,-0.135288,0.225621
0.023146,-0.132599,0.224631
0.018315,-0.130047,0.223495
0.013139,-0.127810,0.222030
0.007905,-0.125616,0.220515
0.002963,-0.123138,0.219288
-0.002710,-0.121329,0.217361
-0.008753,-0.119848,0.215088
-0.015002,-0.118539,0.212626
-0.022338,-0.118208,0.209135
-0.030389,-0.118504,0.204975
-0.040286,-0.120452,0.199072
-0.051176,-0.123255,0.192248
-0.063228,-0.127059,0.184345
-0.075546,-0.131045,0.176220
0.188048,-0.367628,0.196112
0.194926,-0.351661,0.207460
0.195659,-0.342850,0.212201
0.195753,-0.334810,0.216242
0.194564,-0.328268,0.218902
0.193382,-0.321740,0.221557
0.191993,-0.315470,0.223982
0.190412,-0.309437,0.226193
0.188750,-0.303515,0.228309
0.186695,-0.298049,0.230003
0.184632,-0.292607,0.231682
0.182641,-0.287100,0.233429
0.180464,-0.281814,0.234973
0.178219,-0.276616,0.236440
0.176080,-0.271314,0.238011
0.173624,-0.266372,0.239246
0.171153,-0.261458,0.240460
0.168705,-0.256528,0.241692
0.166255,-0.251611,0.242919
0.163393,-0.247149,0.243713
0.160533,-0.242691,0.244507
0.157675,-0.238239,0.245298
0.154817,-0.233793,0.246088
0.151941,-0.229373,0.246855
0.149025,-0.225002,0.247577
0.145656,-0.221113,0.247835
0.142307,-0.217208,0.248112
0.139079,-0.213178,0.248510
0.135794,-0.209210,0.248849
0.132500,-0.205255,0.249178
0.129148,-0.201363,0.249446
0.125432,-0.197849,0.249345
0.121636,-0.194416,0.249165
0.117817,-0.191006,0.248962
0.113978,-0.187613,0.248741
0.110123,-0.184237,0.248502
0.105809,-0.181322,0.247808
0.101389,-0.178510,0.247009
0.096905,-0.175756,0.246149
0.092384,-0.173031,0.245258
0.087726,-0.170437,0.244232
0.082766,-0.168136,0.242911
0.077905,-0.165725,0.241694
0.073038,-0.163312,0.240475
0.068147,-0.160913,0.239237
0.063375,-0.158388,0.238121
0.058598,-0.155860,0.237004
0.053815,-0.153329,0.235885
0.048509,-0.151295,0.234260
0.043181,-0.149270,0.232619
0.038613,-0.146503,0.231725
0.033694,-0.144065,0.230492
0.028746,-0.141644,0.229237
0.023762,-0.139248,0.227951
0.018820,-0.136803,0.226710
0.013619,-0.134592,0.225225
0.008449,-0.132341,0.223775
0.003125,-0.130222,0.222183
-0.002615,-0.128478,0.220198
-0.008459,-0.126816,0.218121
-0.014734,-0.125536,0.215640
-0.021781,-0.124948,0.212431
-0.029623,-0.125066,0.208477
-0.038858,-0.126428,0.203212
-0.049374,-0.128917,0.196753
-0.061589,-0.132899,0.188706
-0.074290,-0.137262,0.180230
0.192580,-0.370078,0.203560
0.198462,-0.355233,0.213823
0.199776,-0.345739,0.219174
0.199408,-0.338225,0.222712
0.198420,-0.331450,0.225578
0.197305,-0.324844,0.228297
0.195850,-0.318648,0.230644
0.194408,-0.312458,0.232995
0.192535,-0.306774,0.234882
0.190292,-0.301522,0.236372
0.188175,-0.296142,0.237987
0.185960,-0.290885,0.239493
0.183563,-0.285844,0.240802
0.181293,-0.280673,0.242239
0.179033,-0.275503,0.243680
0.176502,-0.270644,0.244832
0.173965,-0.265801,0.245974
0.171432,-0.260965,0.247114
0.168732,-0.256319,0.248078
0.165708,-0.252031,0.248704
0.162849,-0.247572,0.249496
0.159992,-0.243118,0.250287
0.157136,-0.238669,0.251076
0.154281,-0.234227,0.251862
0.151207,-0.230023,0.252421
0.147877,-0.226095,0.252718
0.144512,-0.222208,0.252975
0.141171,-0.218297,0.253257
0.137944,-0.214268,0.253655
0.134717,-0.210245,0.254049
0.131268,-0.206455,0.254218
0.127567,-0.202927,0.254132
0.123865,-0.199400,0.254046
0.120118,-0.195919,0.253914
0.116323,-0.192486,0.253735
0.112527,-0.189053,0.253555
0.108223,-0.186134,0.252869
0.103828,-0.183302,0.252095
0.099414,-0.180484,0.251305
0.094985,-0.177675,0.250503
0.090324,-0.175092,0.249474
0.085218,-0.172944,0.248009
0.080104,-0.170793,0.246542
0.075233,-0.168391,0.245320
0.070204,-0.166136,0.243946
0.064940,-0.164100,0.242348
0.059968,-0.161766,0.241042
0.055168,-0.159255,0.239908
0.049869,-0.157220,0.238292
0.044563,-0.155180,0.236675
0.039421,-0.152969,0.235224
0.034447,-0.150585,0.233942
0.029477,-0.148189,0.232668
0.024522,-0.145768,0.231413
0.019333,-0.143559,0.229937
0.014114,-0.141367,0.228438
0.008917,-0.139144,0.226966
0.003585,-0.137034,0.225370
-0.002176,-0.135314,0.223370
-0.008191,-0.133817,0.221133
-0.014544,-0.132615,0.218582
-0.021105,-0.131586,0.215843
-0.028866,-0.131641,0.211973
-0.037785,-0.132730,0.207017
-0.047958,-0.134929,0.200892
-0.060016,-0.138798,0.193006
-0.074114,-0.144461,0.183222
0.197095,-0.372526,0.210980
0.201990,-0.358798,0.220170
0.203697,-0.348836,0.225929
0.202875,-0.341840,0.228976
0.202038,-0.334887,0.231995
0.200699,-0.328535,0.234469
0.199150,-0.322444,0.236711
0.197728,-0.316227,0.239077
0.195819,-0.310583,0.240921
0.193732,-0.305156,0.242568
0.191625,-0.299765,0.244190
0.189220,-0.294722,0.245491
0.186785,-0.289724,0.246756
0.184292,-0.284802,0.247955
0.181804,-0.279883,0.249155
0.179330,-0.274961,0.250363
0.176530,-0.270408,0.251228
0.173978,-0.265590,0.252346
0.171431,-0.260777,0.253464
0.168400,-0.256499,0.254080
0.165372,-0.252224,0.254696
0.162346,-0.247952,0.255311
0.159452,-0.243544,0.256057
0.156598,-0.239099,0.256842
0.153387,-0.235042,0.257260
0.149950,-0.231229,0.257446
0.146667,-0.227255,0.257787
0.143368,-0.223301,0.258110
0.140036,-0.219384,0.258399
0.136811,-0.215358,0.258794
0.133303,-0.211631,0.258902
0.129619,-0.208087,0.258833
0.125955,-0.204523,0.258784
0.122285,-0.200965,0.258729
0.118583,-0.197439,0.258642
0.114785,-0.194011,0.258459
0.110460,-0.191119,0.257751
0.106132,-0.188225,0.257044
0.101763,-0.185367,0.256298
0.097364,-0.182534,0.255525
0.092785,-0.179875,0.254578
0.087713,-0.177703,0.253147
0.082642,-0.175518,0.251723
0.077564,-0.173330,0.250296
0.072404,-0.171212,0.248795
0.067135,-0.169190,0.247193
0.061857,-0.167164,0.245587
0.056534,-0.165171,0.243944
0.051143,-0.163231,0.242241
0.045790,-0.161241,0.240582
0.040447,-0.159229,0.238937
0.035278,-0.157036,0.237469
0.030222,-0.154725,0.236114
0.025253,-0.152320,0.234848
0.020119,-0.150062,0.233429
0.014811,-0.147958,0.231848
0.009424,-0.145917,0.230196
0.003976,-0.143920,0.228494
-0.001547,-0.141980,0.226725
-0.007484,-0.140416,0.224567
-0.013912,-0.139290,0.221950
-0.020697,-0.138477,0.219003
-0.028264,-0.138364,0.215324
-0.036662,-0.138990,0.210871
-0.046580,-0.140976,0.204996
-0.058730,-0.144959,0.197034
-0.075654,-0.153231,0.184599
0.198307,-0.378818,0.214864
0.205095,-0.362842,0.226062
0.206400,-0.353330,0.231383
0.205749,-0.346127,0.234606
0.205053,-0.339004,0.237767
0.203872,-0.332465,0.240403
0.202416,-0.326265,0.242736
0.200856,-0.320203,0.244951
0.198872,-0.314641,0.246711
0.196879,-0.309107,0.248453
0.194620,-0.303887,0.249909
0.192120,-0.298950,0.251108
0.189779,-0.293847,0.252466
0.187203,-0.289017,0.253575
0.184717,-0.284098,0.254773
0.182213,-0.279208,0.255946
0.179477,-0.274585,0.256874
0.176679,-0.270038,0.257735
0.173991,-0.265380,0.258704
0.171097,-0.260953,0.259458
0.168070,-0.256678,0.260072
0.165045,-0.252407,0.260685
0.162022,-0.248139,0.261297
0.158949,-0.243930,0.261856
0.155565,-0.240059,0.262095
0.152129,-0.236246,0.262281
0.148692,-0.232435,0.262465
0.145419,-0.228453,0.262814
0.142180,-0.224440,0.263194
0.138902,-0.220470,0.263535
0.135291,-0.216852,0.263539
0.131599,-0.213318,0.263460
0.127907,-0.209785,0.263382
0.124233,-0.206232,0.263323
0.120570,-0.202668,0.263274
0.116836,-0.199178,0.263154
0.112607,-0.196191,0.262543
0.108331,-0.193250,0.261886
0.104031,-0.190326,0.261209
0.099697,-0.187433,0.260501
0.095102,-0.184797,0.259537
0.090025,-0.182637,0.258102
0.084942,-0.180474,0.256666
0.079865,-0.178292,0.255241
0.074629,-0.176259,0.253666
0.069084,-0.174518,0.251795
0.063732,-0.172573,0.250119
0.058430,-0.170567,0.248497
0.052652,-0.169013,0.246420
0.046918,-0.167401,0.244392
0.041584,-0.165386,0.242760
0.036416,-0.163197,0.241294
0.031240,-0.161004,0.239827
0.026047,-0.158817,0.238348
0.020819,-0.156652,0.236842
0.015649,-0.154420,0.235396
0.010278,-0.152368,0.233763
0.004671,-0.150526,0.231911
-0.001070,-0.148796,0.229938
-0.006778,-0.147020,0.228005
-0.013244,-0.145939,0.225355
-0.019895,-0.145009,0.222541
-0.027504,-0.144947,0.218829
-0.035785,-0.145478,0.214494
-0.045392,-0.147198,0.208922
-0.057620,-0.151283,0.200898
0.198467,-0.386350,0.217627
0.206712,-0.368616,0.230364
0.209012,-0.357921,0.236736
0.208382,-0.350684,0.239975
0.207705,-0.343530,0.243151
0.206526,-0.336983,0.245783
0.205270,-0.330547,0.248323
0.203587,-0.324621,0.250403
0.201637,-0.319018,0.252194
0.199710,-0.313405,0.254001
0.197506,-0.308121,0.255512
0.195068,-0.303115,0.256770
0.192614,-0.298137,0.258008
0.189952,-0.293404,0.259023
0.187256,-0.288718,0.259999
0.184752,-0.283827,0.261170
0.181781,-0.279463,0.261852
0.179061,-0.274829,0.262791
0.176417,-0.270121,0.263803
0.173514,-0.265705,0.264545
0.170470,-0.261449,0.265139
0.167382,-0.257246,0.265685
0.164296,-0.253047,0.266231
0.161212,-0.248850,0.266777
0.157821,-0.244987,0.267008
0.154329,-0.241235,0.267136
0.150871,-0.237449,0.267297
0.147437,-0.233639,0.267481
0.144173,-0.229652,0.267836
0.140935,-0.225640,0.268215
0.137215,-0.222138,0.268108
0.133547,-0.218580,0.268054
0.129887,-0.215015,0.268007
0.126204,-0.211473,0.267938
0.122513,-0.207940,0.267861
0.118742,-0.204488,0.267704
0.114526,-0.201493,0.267106
0.110308,-0.198495,0.266507
0.106050,-0.195534,0.265872
0.101769,-0.192591,0.265216
0.097275,-0.189858,0.264353
0.092249,-0.187656,0.262967
0.087206,-0.185459,0.261572
0.082157,-0.183258,0.260176
0.076951,-0.181204,0.258630
0.071410,-0.179469,0.256764
0.065859,-0.177731,0.254895
0.060324,-0.175962,0.253049
0.054503,-0.174460,0.250931
0.048643,-0.172981,0.248783
0.042850,-0.171418,0.246709
0.037514,-0.169398,0.245083
0.032326,-0.167221,0.243606
0.027123,-0.165048,0.242121
0.021788,-0.162989,0.240515
0.016430,-0.160941,0.238892
0.011132,-0.158824,0.237333
0.005498,-0.157012,0.235458
-0.000193,-0.155240,0.233537
-0.005991,-0.153556,0.231520
-0.012517,-0.152537,0.228820
-0.019110,-0.151562,0.226065
-0.026810,-0.151596,0.222273
-0.035148,-0.152194,0.217892
-0.044853,-0.154024,0.212237
-0.056971,-0.158033,0.204329
0.196683,-0.396187,0.218323
0.208058,-0.374710,0.234378
0.211157,-0.363053,0.241589
0.210703,-0.355598,0.245010
0.210090,-0.348359,0.248249
0.209047,-0.341646,0.251020
0.207882,-0.335097,0.253651
0.206279,-0.329075,0.255810
0.204352,-0.323442,0.257621
0.202415,-0.317837,0.259414
0.200127,-0.312647,0.260832
0.197804,-0.307508,0.262208
0.195308,-0.302577,0.263398
0.192622,-0.297870,0.264386
0.189962,-0.293144,0.265395
0.187284,-0.288446,0.266383
0.184318,-0.284078,0.267068
0.181350,-0.279719,0.267748
0.178596,-0.275129,0.268645
0.175725,-0.270676,0.269418
0.172562,-0.266550,0.269888
0.169558,-0.262255,0.270520
0.166557,-0.257963,0.271150
0.163473,-0.253766,0.271695
0.160105,-0.249880,0.271947
0.156614,-0.246129,0.272075
0.153125,-0.242378,0.272202
0.149636,-0.238629,0.272330
0.146183,-0.234842,0.272492
0.142870,-0.230910,0.272795
0.139145,-0.227414,0.272684
0.135420,-0.223918,0.272572
0.131710,-0.220406,0.272475
0.128050,-0.216842,0.272428
0.124389,-0.213277,0.272381
0.120594,-0.209853,0.272199
0.116426,-0.206812,0.271649
0.112215,-0.203810,0.271058
0.107996,-0.200812,0.270462
0.103768,-0.197819,0.269858
0.099301,-0.195065,0.269021
0.094284,-0.192859,0.267647
0.089260,-0.190651,0.266271
0.084214,-0.188455,0.264878
0.078990,-0.186426,0.263317
0.073362,-0.184786,0.261367
0.067801,-0.183066,0.259491
0.062247,-0.181326,0.257627
0.056142,-0.180113,0.255236
0.050144,-0.178778,0.252957
0.044360,-0.177215,0.250894
0.038953,-0.175270,0.249203
0.033537,-0.173320,0.247508
0.028198,-0.171282,0.245895
0.022866,-0.169227,0.244294
0.017518,-0.167173,0.242684
0.012150,-0.165127,0.241061
0.006422,-0.163411,0.239100
0.000655,-0.161717,0.237109
-0.005180,-0.160072,0.235062
-0.011608,-0.158970,0.232459
-0.018221,-0.158021,0.229691
-0.026137,-0.158270,0.225701
-0.034555,-0.158958,0.221251
-0.044316,-0.160857,0.215553
-0.056605,-0.165051,0.207498
0.209283,-0.380950,0.238263
0.213078,-0.368443,0.246204
0.212753,-0.360824,0.249757
0.212291,-0.353397,0.253150
0.211331,-0.346578,0.256003
0.210329,-0.339832,0.258801
0.208725,-0.333805,0.260956
0.206898,-0.328053,0.262867
0.204977,-0.322424,0.264674
0.202794,-0.317112,0.266198
0.200473,-0.311970,0.267572
0.197921,-0.307101,0.268700
0.195261,-0.302365,0.269712
0.192583,-0.297658,0.270700
0.189767,-0.293114,0.271542
0.186802,-0.288745,0.272226
0.183858,-0.284359,0.272928
0.180916,-0.279976,0.273630
0.177947,-0.275631,0.274300
0.174783,-0.271507,0.274768
0.171620,-0.267385,0.275235
0.168610,-0.263101,0.275856
0.165611,-0.258811,0.276484
0.162285,-0.254881,0.276778
0.158806,-0.251119,0.276917
0.155325,-0.247360,0.277051
0.151845,-0.243603,0.277186
0.148365,-0.239847,0.277321
0.144815,-0.236166,0.277384
0.141072,-0.232691,0.277255
0.137351,-0.229192,0.277146
0.133627,-0.225696,0.277035
0.129903,-0.222200,0.276924
0.126214,-0.218667,0.276848
0.122367,-0.215298,0.276615
0.118228,-0.212229,0.276094
0.114086,-0.209159,0.275572
0.109883,-0.206148,0.274991
0.105668,-0.203145,0.274401
0.101272,-0.200323,0.273634
0.096224,-0.198157,0.272230
0.091260,-0.195894,0.270915
0.086263,-0.193655,0.269571
0.081049,-0.191624,0.268021
0.075424,-0.189991,0.266076
0.069789,-0.188355,0.264129
0.064171,-0.186686,0.262205
0.058076,-0.185474,0.259826
0.051926,-0.184298,0.257404
0.045852,-0.183029,0.255063
0.040372,-0.181162,0.253303
0.034914,-0.179259,0.251572
0.029451,-0.177348,0.249842
0.024006,-0.175407,0.248135
0.018599,-0.173415,0.246472
0.013220,-0.171383,0.244841
0.007561,-0.169608,0.242949
0.001778,-0.167935,0.240947
-0.004241,-0.166472,0.238728
-0.010798,-0.165499,0.236008
-0.017298,-0.164454,0.233351
-0.025467,-0.164953,0.229129
-0.034386,-0.166122,0.224215
-0.044415,-0.168290,0.218274
-0.057059,-0.172839,0.209899
0.209109,-0.388849,0.240667
0.214218,-0.374753,0.249991
0.214616,-0.366268,0.254304
0.214298,-0.358658,0.257844
0.213423,-0.351729,0.260783
0.212471,-0.344915,0.263629
0.211065,-0.338650,0.265988
0.209269,-0.332857,0.267928
0.207453,-0.327104,0.269840
0.205298,-0.321756,0.271390
0.203047,-0.316532,0.272833
0.200415,-0.311752,0.273876
0.197773,-0.306994,0.274904
0.195123,-0.302255,0.275918
0.192248,-0.297777,0.276696
0.189280,-0.293411,0.277374
0.186321,-0.289041,0.278060
0.183380,-0.284659,0.278759
0.180211,-0.280536,0.279222
0.176998,-0.276464,0.279639
0.173841,-0.272336,0.280111
0.170681,-0.268216,0.280577
0.167662,-0.263946,0.281184
0.164348,-0.260004,0.281489
0.160842,-0.256271,0.281600
0.157375,-0.252499,0.281748
0.153898,-0.248738,0.281885
0.150419,-0.244983,0.282020
0.146870,-0.241303,0.282083
0.143056,-0.237905,0.281881
0.139244,-0.234504,0.281681
0.135527,-0.231003,0.281577
0.131810,-0.227500,0.281472
0.128092,-0.223998,0.281368
0.124141,-0.220739,0.281032
0.120001,-0.217674,0.280510
0.115860,-0.214606,0.279989
0.111718,-0.211536,0.279469
0.107551,-0.208487,0.278926
0.103275,-0.205545,0.278278
0.098080,-0.203536,0.276731
0.092933,-0.201466,0.275238
0.087963,-0.199204,0.273923
0.082811,-0.197117,0.272435
0.077127,-0.195552,0.270435
0.071499,-0.193917,0.268496
0.065859,-0.192278,0.266554
0.059722,-0.191117,0.264138
0.053557,-0.189966,0.261704
0.047494,-0.188696,0.259377
0.041865,-0.186982,0.257476
0.036223,-0.185265,0.255571
0.030757,-0.183363,0.253841
0.025312,-0.181427,0.252137
0.019877,-0.179469,0.250449
0.014414,-0.177525,0.248740
0.008632,-0.175873,0.246734
0.002961,-0.174100,0.244842
-0.003070,-0.172656,0.242615
-0.009671,-0.171734,0.239858
-0.016265,-0.170786,0.237118
-0.024698,-0.171549,0.232652
-0.034019,-0.173112,0.227368
-0.044763,-0.175966,0.220767
-0.058058,-0.181147,0.211796
0.214141,-0.382507,0.252493
0.215633,-0.372707,0.257957
0.216143,-0.364107,0.262365
0.215353,-0.357066,0.265391
0.214475,-0.350154,0.268310
0.213229,-0.343696,0.270833
0.211487,-0.337834,0.272826
0.209748,-0.331985,0.274815
0.207679,-0.326534,0.276452
0.205219,-0.321545,0.277675
0.202762,-0.316564,0.278897
0.200205,-0.311708,0.280009
0.197473,-0.307060,0.280937
0.194674,-0.302496,0.281790
0.191732,-0.298101,0.282494
0.188793,-0.293709,0.283197
0.185826,-0.289355,0.283868
0.182534,-0.285368,0.284204
0.179244,-0.281383,0.284541
0.176042,-0.277305,0.284965
0.172892,-0.273174,0.285440
0.169743,-0.269047,0.285913
0.166420,-0.265114,0.286207
0.162905,-0.261392,0.286307
0.159401,-0.257660,0.286418
0.155935,-0.253889,0.286565
0.152469,-0.250119,0.286713
0.148923,-0.246438,0.286778
0.145111,-0.243041,0.286577
0.141298,-0.239643,0.286376
0.137484,-0.236245,0.286175
0.133700,-0.232816,0.286003
0.129983,-0.229315,0.285899
0.125987,-0.226105,0.285519
0.121798,-0.223093,0.284949
0.117627,-0.220059,0.284399
0.113487,-0.216988,0.283882
0.109346,-0.213916,0.283364
0.105202,-0.210843,0.282846
0.100084,-0.208761,0.281377
0.094883,-0.206753,0.279832
0.089673,-0.204743,0.278284
0.084535,-0.202647,0.276811
0.078841,-0.201101,0.274804
0.073136,-0.199551,0.272793
0.067462,-0.197954,0.270820
0.061327,-0.196801,0.268409
0.055175,-0.195646,0.265992
0.049119,-0.194379,0.263674
0.043420,-0.192741,0.261709
0.037710,-0.191099,0.259741
0.032090,-0.189354,0.257865
0.026760,-0.187312,0.256274
0.021347,-0.185339,0.254610
0.015889,-0.183395,0.252909
0.010059,-0.181797,0.250861
0.004205,-0.180208,0.248798
-0.001900,-0.178841,0.246505
-0.008508,-0.177937,0.243744
-0.015191,-0.177083,0.240924
-0.024325,-0.178524,0.235806
-0.034334,-0.180752,0.229885
-0.044734,-0.183302,0.223619
-0.058183,-0.188656,0.214520
0.213299,-0.391185,0.254192
0.216721,-0.379069,0.261687
0.217556,-0.370064,0.266433
0.217130,-0.362582,0.269836
0.216265,-0.355642,0.272766
0.215232,-0.348926,0.275507
0.213446,-0.343107,0.277452
0.211704,-0.337254,0.279435
0.209882,-0.331513,0.281325
0.207425,-0.326517,0.282549
0.204948,-0.321555,0.283748
0.202405,-0.316679,0.284873
0.199822,-0.311861,0.285951
0.197093,-0.307216,0.286875
0.194155,-0.302816,0.287580
0.191216,-0.298424,0.288281
0.188074,-0.294266,0.288772
0.184850,-0.290205,0.289175
0.181567,-0.286212,0.289518
0.178280,-0.282230,0.289852
0.175088,-0.278144,0.290284
0.171940,-0.274016,0.290757
0.168498,-0.270214,0.290930
0.164976,-0.266500,0.291023
0.161463,-0.262780,0.291123
0.157960,-0.259049,0.291233
0.154495,-0.255279,0.291380
0.150951,-0.251596,0.291447
0.147088,-0.248256,0.291194
0.143290,-0.244845,0.291008
0.139493,-0.241431,0.290823
0.135697,-0.238016,0.290639
0.131900,-0.234601,0.290455
0.127832,-0.231468,0.290004
0.123644,-0.228459,0.289435
0.119454,-0.225448,0.288866
0.115260,-0.222436,0.288297
0.111112,-0.219373,0.287774
0.106969,-0.216302,0.287256
0.101928,-0.214147,0.285865
0.096820,-0.212052,0.284411
0.091627,-0.210031,0.282881
0.086349,-0.208085,0.281274
0.080287,-0.206920,0.278912
0.074579,-0.205380,0.276902
0.068835,-0.203860,0.274865
0.062727,-0.202689,0.272483
0.056525,-0.201592,0.270021
0.050446,-0.200356,0.267686
0.044709,-0.198762,0.265687
0.038982,-0.197145,0.263705
0.033403,-0.195366,0.261872
0.028075,-0.193328,0.260286
0.022737,-0.191286,0.258696
0.017358,-0.189273,0.257072
0.011537,-0.187674,0.255036
0.005694,-0.186081,0.252986
-0.000541,-0.184849,0.250573
-0.007430,-0.184223,0.247552
-0.014196,-0.183457,0.244658
-0.023790,-0.185353,0.239117
-0.034902,-0.188644,0.232170
-0.045020,-0.190945,0.226181
-0.058218,-0.196092,0.217332
0.210236,-0.402532,0.253558
0.216891,-0.386525,0.264452
0.218553,-0.376516,0.270063
0.218820,-0.368199,0.274189
0.217977,-0.361222,0.277138
0.217130,-0.354275,0.280071
0.215401,-0.348382,0.282073
0.213615,-0.342574,0.284006
0.211846,-0.336764,0.285948
0.209629,-0.331486,0.287420
0.207082,-0.326602,0.288543
0.204538,-0.321724,0.289666
0.201998,-0.316853,0.290786
0.199439,-0.312013,0.291882
0.196576,-0.307528,0.292662
0.193434,-0.303364,0.293153
0.190246,-0.299258,0.293595
0.187060,-0.295154,0.294036
0.183827,-0.291106,0.294428
0.180589,-0.287070,0.294812
0.177316,-0.283075,0.295158
0.174135,-0.278983,0.295596
0.170624,-0.275257,0.295700
0.167047,-0.271606,0.295735
0.163532,-0.267887,0.295833
0.160022,-0.264166,0.295935
0.156521,-0.260436,0.296045
0.152984,-0.256746,0.296119
0.149121,-0.253408,0.295867
0.145257,-0.250069,0.295614
0.141410,-0.246711,0.295379
0.137614,-0.243297,0.295195
0.133818,-0.239883,0.295012
0.129624,-0.236886,0.294436
0.125279,-0.234045,0.293713
0.121157,-0.230965,0.293212
0.117033,-0.227883,0.292711
0.112907,-0.224800,0.292210
0.108698,-0.221799,0.291629
0.103659,-0.219649,0.290240
0.098613,-0.217495,0.288850
0.093547,-0.215352,0.287445
0.088348,-0.213332,0.285917
0.082045,-0.212422,0.283325
0.075743,-0.211491,0.280742
0.069986,-0.209991,0.278696
0.063909,-0.208796,0.276349
0.057817,-0.207598,0.273996
0.051782,-0.206326,0.271706
0.046046,-0.204739,0.269712
0.040232,-0.203214,0.267650
0.034686,-0.201409,0.265852
0.029387,-0.199347,0.264296
0.024050,-0.197310,0.262709
0.018622,-0.195350,0.261042
0.012787,-0.193772,0.258995
0.007124,-0.192012,0.257119
0.000991,-0.190690,0.254806
-0.006352,-0.190512,0.251362
-0.013492,-0.190114,0.248122
-0.023619,-0.192537,0.242088
-0.035514,-0.196593,0.234420
-0.044976,-0.198289,0.229056
0.214987,-0.396465,0.265044
0.219065,-0.383550,0.273186
0.220087,-0.374317,0.278100
0.219596,-0.366910,0.281414
0.218758,-0.359939,0.284352
0.217355,-0.353658,0.286689
0.215580,-0.347828,0.288633
0.213794,-0.342029,0.290555
0.211717,-0.336585,0.292168
0.209167,-0.331700,0.293287
0.206625,-0.326817,0.294409
0.204086,-0.321941,0.295529
0.201552,-0.317071,0.296648
0.198773,-0.312489,0.297512
0.195604,-0.308355,0.297974
0.192416,-0.304248,0.298414
0.189230,-0.300144,0.298855
0.186044,-0.296044,0.299293
0.182805,-0.292007,0.299675
0.179569,-0.287972,0.300058
0.176326,-0.283950,0.300431
0.172750,-0.280297,0.300467
0.169172,-0.276648,0.300502
0.165598,-0.272995,0.300539
0.162088,-0.269274,0.300641
0.158580,-0.265553,0.300742
0.155016,-0.261894,0.300788
0.151154,-0.258557,0.300537
0.147292,-0.255219,0.300285
0.143428,-0.251880,0.300034
0.139564,-0.248541,0.299782
0.135735,-0.245164,0.299566
0.131532,-0.242180,0.298982
0.127169,-0.239361,0.298242
0.122804,-0.236539,0.297502
0.118573,-0.233571,0.296897
0.114447,-0.230490,0.296397
0.110156,-0.227576,0.295737
0.105153,-0.225394,0.294385
0.100180,-0.223170,0.293068
0.095201,-0.220942,0.291750
0.090215,-0.218711,0.290430
0.084148,-0.217572,0.288069
0.077669,-0.216832,0.285320
0.071126,-0.216136,0.282518
0.064887,-0.215113,0.280018
0.058717,-0.214000,0.277595
0.052773,-0.212643,0.275398
0.047073,-0.211025,0.273442
0.041253,-0.209512,0.271378
0.035769,-0.207650,0.269643
0.030558,-0.205507,0.268173
0.025339,-0.203359,0.266701
0.019896,-0.201420,0.265022
0.013977,-0.199931,0.262900
0.008204,-0.198283,0.260923
0.002064,-0.196975,0.258608
-0.005030,-0.196570,0.255403
-0.013167,-0.197141,0.251231
-0.024280,-0.200526,0.244284
-0.035974,-0.204412,0.236819
-0.045139,-0.205840,0.231744
0.218072,-0.392387,0.274738
0.220996,-0.380865,0.281636
0.220782,-0.373113,0.285236
0.220367,-0.365630,0.288611
0.219046,-0.359238,0.291033
0.217493,-0.353141,0.293203
0.215762,-0.347271,0.295180
0.213777,-0.341714,0.296886
0.211208,-0.336848,0.297982
0.208656,-0.331973,0.299092
0.206117,-0.327093,0.300210
0.203581,-0.322221,0.301326
0.200850,-0.317581,0.302237
0.197688,-0.313438,0.302706
0.194556,-0.309268,0.303201
0.191399,-0.305130,0.303670
0.188215,-0.301028,0.304108
0.185021,-0.296942,0.304535
0.181785,-0.292907,0.304916
0.178437,-0.289000,0.305183
0.174824,-0.285390,0.305181
0.171292,-0.281691,0.305261
0.167722,-0.278037,0.305301
0.164154,-0.274380,0.305344
0.160646,-0.270660,0.305445
0.157053,-0.267033,0.305461
0.153065,-0.263835,0.305084
0.149163,-0.260541,0.304794
0.145315,-0.257188,0.304558
0.141467,-0.253833,0.304321
0.137617,-0.250479,0.304085
0.133319,-0.247601,0.303407
0.129012,-0.244725,0.302723
0.124699,-0.241852,0.302036
0.120346,-0.239015,0.301311
0.115987,-0.236179,0.300585
0.111551,-0.233419,0.299784
0.106548,-0.231241,0.298435
0.101538,-0.229060,0.297084
0.096545,-0.226851,0.295755
0.091560,-0.224623,0.294438
0.085657,-0.223325,0.292238
0.079311,-0.222460,0.289621
0.072788,-0.221755,0.286842
0.065917,-0.221380,0.283740
0.059420,-0.220604,0.281008
0.053557,-0.219171,0.278893
0.047901,-0.217514,0.276983
0.042235,-0.215854,0.275070
0.036844,-0.213904,0.273427
0.031613,-0.211784,0.271941
0.026373,-0.209662,0.270452
0.020967,-0.207689,0.268812
0.015201,-0.206059,0.266837
0.009320,-0.204523,0.264762
0.002971,-0.203426,0.262254
-0.004196,-0.203101,0.258987
-0.012860,-0.204193,0.254328
-0.026714,-0.210232,0.244828
-0.036226,-0.212045,0.239419
-0.045328,-0.213427,0.234413
0.216479,-0.401964,0.275669
0.221194,-0.388266,0.284433
0.221979,-0.379307,0.289071
0.221679,-0.371670,0.292563
0.220708,-0.364855,0.295345
0.219183,-0.358715,0.297542
0.217631,-0.352626,0.299701
0.215836,-0.346841,0.301601
0.213266,-0.341972,0.302695
0.210700,-0.337110,0.303787
0.208146,-0.332244,0.304888
0.205609,-0.327369,0.306001
0.202927,-0.322669,0.306962
0.199762,-0.318531,0.307424
0.196605,-0.314387,0.307894
0.193475,-0.310219,0.308388
0.190346,-0.306053,0.308882
0.187201,-0.301912,0.309356
0.184000,-0.297838,0.309771
0.180548,-0.294048,0.309933
0.176935,-0.290439,0.309931
0.173328,-0.286824,0.309934
0.169803,-0.283121,0.310019
0.166272,-0.279425,0.310098
0.162711,-0.275764,0.310145
0.159110,-0.272147,0.310153
0.155123,-0.268950,0.309777
0.151135,-0.265752,0.309401
0.147146,-0.262552,0.309025
0.143293,-0.259205,0.308785
0.139445,-0.255851,0.308549
0.135083,-0.253042,0.307810
0.130613,-0.250344,0.306967
0.126323,-0.247448,0.306303
0.122008,-0.244575,0.305617
0.117690,-0.241700,0.304930
0.112992,-0.239216,0.303876
0.107939,-0.237094,0.302481
0.102933,-0.234914,0.301136
0.097917,-0.232733,0.299787
0.092905,-0.230537,0.298446
0.086932,-0.229318,0.296183
0.080775,-0.228270,0.293752
0.074449,-0.227374,0.291167
0.067581,-0.227008,0.288072
0.060296,-0.227040,0.284589
0.054206,-0.225841,0.282261
0.048496,-0.224243,0.280304
0.042774,-0.222642,0.278343
0.037642,-0.220437,0.276949
0.032598,-0.218135,0.275644
0.027364,-0.216010,0.274165
0.021905,-0.214095,0.272478
0.016138,-0.212470,0.270506
0.010365,-0.210834,0.268537
0.003879,-0.209879,0.265904
-0.003327,-0.209602,0.262606
-0.012542,-0.211243,0.257439
-0.028642,-0.219480,0.245855
-0.036211,-0.219436,0.242273
-0.045035,-0.220566,0.237535
0.220792,-0.396396,0.286610
0.222985,-0.385731,0.292710
0.223074,-0.377616,0.296601
0.222261,-0.370600,0.299544
0.220735,-0.364452,0.301737
0.219211,-0.358320,0.303923
0.217757,-0.352126,0.306172
0.215276,-0.347150,0.307356
0.212756,-0.342230,0.308494
0.210192,-0.337372,0.309583
0.207636,-0.332515,0.310674
0.205005,-0.327755,0.311684
0.201839,-0.323616,0.312146
0.198675,-0.319479,0.312607
0.195523,-0.315335,0.313078
0.192394,-0.311168,0.313570
0.189268,-0.307005,0.314062
0.186144,-0.302844,0.314554
0.182658,-0.299093,0.314680
0.179046,-0.295485,0.314678
0.175434,-0.291877,0.314676
0.171838,-0.288253,0.314689
0.168314,-0.284550,0.314774
0.164790,-0.280849,0.314858
0.161167,-0.277258,0.314843
0.157181,-0.274062,0.314468
0.153194,-0.270866,0.314093
0.149206,-0.267668,0.313718
0.145217,-0.264470,0.313343
0.141272,-0.261222,0.313012
0.136949,-0.258375,0.312312
0.132315,-0.255855,0.311309
0.127905,-0.253090,0.310529
0.123630,-0.250176,0.309883
0.119315,-0.247300,0.309201
0.114578,-0.244862,0.308110
0.109422,-0.242853,0.306617
0.104316,-0.240781,0.305177
0.099302,-0.238602,0.303832
0.094281,-0.236421,0.302485
0.087809,-0.235723,0.299746
0.081663,-0.234670,0.297330
0.075298,-0.233822,0.294712
0.067821,-0.234086,0.291040
0.060465,-0.234199,0.287497
0.054742,-0.232633,0.285525
0.049007,-0.231063,0.283548
0.043336,-0.229415,0.281640
0.038297,-0.227118,0.280339
0.033250,-0.224821,0.279035
0.028180,-0.222536,0.277713
0.022855,-0.220493,0.276157
0.017099,-0.218862,0.274199
0.011330,-0.217228,0.272238
0.004747,-0.216377,0.269519
-0.002413,-0.216065,0.266270
-0.012029,-0.218113,0.260736
-0.027576,-0.225856,0.249688
-0.035574,-0.226238,0.245712
-0.044526,-0.227506,0.240863
0.224458,-0.383578,0.300629
0.223815,-0.376347,0.303743
0.222286,-0.370191,0.305931
0.220858,-0.363935,0.308214
0.219443,-0.357687,0.310499
0.217116,-0.352524,0.311840
0.214628,-0.347562,0.313010
0.212122,-0.342632,0.314156
0.209620,-0.337709,0.315301
0.207077,-0.332844,0.316399
0.203915,-0.328698,0.316864
0.200751,-0.324561,0.317324
0.197589,-0.320427,0.317784
0.194441,-0.316282,0.318255
0.191315,-0.312118,0.318746
0.188191,-0.307956,0.319237
0.184648,-0.304269,0.319305
0.181096,-0.300594,0.319363
0.177544,-0.296921,0.319420
0.173934,-0.293314,0.319419
0.170349,-0.289679,0.319443
0.166826,-0.285979,0.319526
0.163150,-0.282446,0.319458
0.159027,-0.279403,0.318948
0.155042,-0.276207,0.318575
0.151072,-0.272991,0.318218
0.147101,-0.269775,0.317861
0.143130,-0.266557,0.317505
0.138812,-0.263709,0.316810
0.134182,-0.261189,0.315812
0.129545,-0.258669,0.314812
0.125196,-0.255837,0.314094
0.120918,-0.252924,0.313449
0.116164,-0.250508,0.312343
0.111009,-0.248503,0.310854
0.105846,-0.246496,0.309362
0.100685,-0.244475,0.307877
0.095389,-0.242584,0.306267
0.088839,-0.241976,0.303457
0.082338,-0.241296,0.300705
0.075666,-0.240769,0.297800
0.068106,-0.241128,0.294055
0.061007,-0.240987,0.290765
0.055233,-0.239477,0.288749
0.049430,-0.237980,0.286712
0.043877,-0.236216,0.284921
0.038823,-0.233936,0.283609
0.033739,-0.231677,0.282274
0.028649,-0.229413,0.280937
0.023248,-0.227446,0.279314
0.017760,-0.225555,0.277613
0.012261,-0.223660,0.275909
0.005578,-0.222915,0.273101
-0.001499,-0.222532,0.269937
-0.011240,-0.224721,0.264295
-0.025567,-0.231320,0.254401
-0.034156,-0.232291,0.249881
-0.043915,-0.234355,0.244290
0.225378,-0.382084,0.307952
0.223952,-0.375794,0.310244
0.222530,-0.369522,0.312530
0.221113,-0.363266,0.314810
0.218913,-0.357947,0.316280
0.216476,-0.352921,0.317501
0.213982,-0.347972,0.318657
0.211478,-0.343046,0.319798
0.208974,-0.338131,0.320935
0.205879,-0.333908,0.321466
0.202801,-0.329671,0.322013
0.199665,-0.325506,0.322498
0.196505,-0.321373,0.322956
0.193362,-0.317228,0.323428
0.190237,-0.313066,0.323917
0.186683,-0.309391,0.323974
0.183039,-0.305821,0.323939
0.179504,-0.302129,0.324013
0.176004,-0.298400,0.324121
0.172433,-0.294751,0.324158
0.168861,-0.291105,0.324192
0.165174,-0.287587,0.324113
0.160987,-0.284618,0.323539
0.156883,-0.281553,0.323049
0.152861,-0.278396,0.322642
0.148891,-0.275181,0.322286
0.144920,-0.271964,0.321930
0.140665,-0.269051,0.321298
0.136041,-0.266529,0.320308
0.131413,-0.264005,0.319316
0.126773,-0.261486,0.318316
0.122484,-0.258586,0.317662
0.117483,-0.256435,0.316318
0.112142,-0.254632,0.314652
0.107066,-0.252538,0.313246
0.101982,-0.250441,0.311838
0.096190,-0.249069,0.309755
0.089615,-0.248496,0.306927
0.083058,-0.247881,0.304126
0.075812,-0.247954,0.300677
0.068134,-0.248443,0.296828
0.061358,-0.247980,0.293853
0.055426,-0.246633,0.291692
0.049618,-0.245144,0.289658
0.044293,-0.243151,0.288086
0.039251,-0.240860,0.286790
0.034202,-0.238566,0.285492
0.029102,-0.236313,0.284151
0.023621,-0.234430,0.282455
0.018130,-0.232543,0.280756
0.012629,-0.230652,0.279055
0.006055,-0.229807,0.276355
-0.000829,-0.229243,0.273377
-0.010452,-0.231336,0.267855
-0.023041,-0.236276,0.259595
-0.032712,-0.238320,0.254074
-0.043092,-0.241006,0.247916
0.224174,-0.375143,0.316816
0.222783,-0.368845,0.319121
0.220709,-0.363371,0.320718
0.218271,-0.358340,0.321936
0.215836,-0.353317,0.323152
0.213336,-0.348383,0.324295
0.210834,-0.343461,0.325431
0.207773,-0.339196,0.325997
0.204681,-0.334972,0.326529
0.201606,-0.330736,0.327074
0.198532,-0.326503,0.327618
0.195421,-0.322319,0.328122
0.192282,-0.318173,0.328595
0.188718,-0.314512,0.328641
0.185074,-0.310942,0.328606
0.181430,-0.307373,0.328571
0.177913,-0.303663,0.328661
0.174413,-0.299935,0.328769
0.170915,-0.296209,0.328876
0.167197,-0.292726,0.328765
0.163011,-0.289758,0.328193
0.158823,-0.286789,0.327621
0.154738,-0.283704,0.327151
0.150712,-0.280552,0.326741
0.146710,-0.277371,0.326355
0.142518,-0.274392,0.325785
0.137895,-0.271874,0.324796
0.133269,-0.269352,0.323808
0.128639,-0.266826,0.322820
0.124051,-0.264249,0.321875
0.119145,-0.262002,0.320626
0.113448,-0.260581,0.318618
0.108127,-0.258748,0.316980
0.103027,-0.256672,0.315559
0.096890,-0.255668,0.313148
0.089866,-0.255569,0.309895
0.083304,-0.254965,0.307097
0.075722,-0.255394,0.303334
0.068032,-0.255904,0.299483
0.061760,-0.254928,0.296995
0.055783,-0.253632,0.294796
0.049807,-0.252317,0.292607
0.044686,-0.250118,0.291234
0.039577,-0.247896,0.289879
0.034461,-0.245670,0.288521
0.029184,-0.243595,0.287018
0.023964,-0.241451,0.285572
0.018502,-0.239538,0.283905
0.012771,-0.237878,0.281993
0.006367,-0.236869,0.279459
-0.000559,-0.236354,0.276448
-0.009736,-0.238027,0.271352
-0.021192,-0.241888,0.264157
-0.031487,-0.244563,0.258065
-0.042248,-0.247641,0.251565
0.222374,-0.368950,0.325021
0.220067,-0.363759,0.326371
0.217630,-0.358732,0.327583
0.215193,-0.353719,0.328789
0.212690,-0.348793,0.329924
0.209670,-0.344478,0.330530
0.206573,-0.340260,0.331055
0.203486,-0.336034,0.331588
0.200412,-0.331800,0.332131
0.197340,-0.327570,0.332673
0.194271,-0.323342,0.333215
0.190751,-0.319631,0.333305
0.187107,-0.316061,0.333270
0.183465,-0.312492,0.333236
0.179822,-0.308924,0.333201
0.176321,-0.305197,0.333307
0.172823,-0.301470,0.333414
0.169140,-0.297950,0.333338
0.165034,-0.294897,0.332845
0.160848,-0.291930,0.332274
0.156659,-0.288961,0.331703
0.152593,-0.285855,0.331254
0.148566,-0.282703,0.330844
0.144369,-0.279733,0.330269
0.139748,-0.277217,0.329284
0.135122,-0.274699,0.328297
0.130494,-0.272177,0.327311
0.125861,-0.269652,0.326325
0.120806,-0.267569,0.324933
0.115015,-0.266255,0.322838
0.109480,-0.264656,0.320995
0.104150,-0.262825,0.319356
0.097593,-0.262269,0.316548
0.090560,-0.262189,0.313293
0.083316,-0.262302,0.309848
0.075669,-0.262807,0.306032
0.068113,-0.263187,0.302317
0.061823,-0.262235,0.299818
0.055771,-0.261018,0.297555
0.049934,-0.259564,0.295503
0.044776,-0.257402,0.294100
0.039647,-0.255200,0.292730
0.034527,-0.252978,0.291373
0.029098,-0.251056,0.289731
0.023703,-0.249088,0.288127
0.018517,-0.246899,0.286724
0.012810,-0.245217,0.284839
0.006503,-0.244116,0.282403
-0.000483,-0.243668,0.279342
-0.009020,-0.244723,0.274851
-0.020181,-0.248320,0.267942
-0.030707,-0.251243,0.261647
-0.043736,-0.256555,0.253060
0.221439,-0.369676,0.330374
0.219205,-0.364405,0.331791
0.216972,-0.359144,0.333204
0.214547,-0.354124,0.334415
0.211567,-0.349759,0.335061
0.208469,-0.345539,0.335584
0.205373,-0.341322,0.336108
0.202291,-0.337096,0.336641
0.199219,-0.332863,0.337183
0.196149,-0.328635,0.337724
0.192578,-0.324981,0.337762
0.189041,-0.321291,0.337834
0.185498,-0.317610,0.337898
0.181856,-0.314042,0.337863
0.178229,-0.310458,0.337844
0.174731,-0.306730,0.337950
0.171048,-0.303211,0.337875
0.166866,-0.300245,0.337306
0.162798,-0.297149,0.336853
0.158684,-0.294102,0.336355
0.154494,-0.291134,0.335786
0.150448,-0.288006,0.335357
0.146310,-0.284974,0.334841
0.141595,-0.282565,0.333765
0.136977,-0.280043,0.332787
0.132348,-0.277526,0.331801
0.127716,-0.275005,0.330817
0.122740,-0.272843,0.329503
0.116679,-0.271827,0.327150
0.110877,-0.270517,0.325054
0.105503,-0.268739,0.323376
0.098501,-0.268662,0.320145
0.091343,-0.268723,0.316777
0.084325,-0.268610,0.313555
0.075695,-0.270151,0.308809
0.068449,-0.270218,0.305397
0.061922,-0.269515,0.302680
0.055625,-0.268555,0.300190
0.050087,-0.266795,0.298427
0.044925,-0.264637,0.297025
0.039755,-0.262476,0.295621
0.034588,-0.260303,0.294225
0.029011,-0.258532,0.292449
0.023442,-0.256739,0.290687
0.018225,-0.254579,0.289260
0.012068,-0.253348,0.286962
0.005992,-0.252018,0.284748
-0.000911,-0.251491,0.281773
-0.008419,-0.251540,0.278247
-0.019174,-0.254760,0.271726
-0.029942,-0.257943,0.265217
0.218269,-0.365138,0.337129
0.216041,-0.359878,0.338539
0.213376,-0.355142,0.339502
0.210365,-0.350818,0.340113
0.207269,-0.346600,0.340635
0.204175,-0.342384,0.341156
0.201097,-0.338157,0.341691
0.198027,-0.333926,0.342231
0.194478,-0.330248,0.342291
0.190795,-0.326724,0.342217
0.187289,-0.323000,0.342318
0.183795,-0.319264,0.342431
0.180248,-0.315591,0.342490
0.176639,-0.311989,0.342486
0.172956,-0.308470,0.342410
0.168774,-0.305507,0.341843
0.164590,-0.302542,0.341276
0.160542,-0.299424,0.340844
0.156502,-0.296294,0.340420
0.152329,-0.293307,0.339869
0.148257,-0.290207,0.339417
0.143513,-0.287835,0.338314
0.138818,-0.285400,0.337263
0.134202,-0.282874,0.336291
0.129570,-0.280356,0.335308
0.124822,-0.277957,0.334216
0.118566,-0.277160,0.331677
0.112585,-0.276050,0.329412
0.106856,-0.274655,0.327396
0.099861,-0.274581,0.324178
0.092168,-0.275218,0.320304
0.085123,-0.275144,0.317062
0.076469,-0.276725,0.312303
0.068786,-0.277258,0.308482
0.062236,-0.276584,0.305750
0.055667,-0.275909,0.303009
0.049948,-0.274338,0.301080
0.044676,-0.272291,0.299580
0.039395,-0.270243,0.298077
0.034006,-0.268293,0.296477
0.028629,-0.266318,0.294895
0.023320,-0.264262,0.293383
0.017515,-0.262693,0.291413
0.011337,-0.261484,0.289102
0.005014,-0.260402,0.286665
-0.002243,-0.260231,0.283370
-0.010703,-0.261228,0.278972
-0.020138,-0.263154,0.273689
-0.031262,-0.266704,0.266865
0.214742,-0.361043,0.343497
0.211894,-0.356523,0.344272
0.209050,-0.352008,0.345047
0.206070,-0.347659,0.345681
0.202977,-0.343446,0.346200
0.199905,-0.339216,0.346737
0.196376,-0.335514,0.346817
0.192694,-0.331990,0.346744
0.189030,-0.328446,0.346688
0.185536,-0.324709,0.346801
0.182044,-0.320973,0.346913
0.178552,-0.317239,0.347026
0.174864,-0.313727,0.346944
0.170682,-0.310766,0.346379
0.166499,-0.307804,0.345813
0.162325,-0.304827,0.345258
0.158285,-0.301699,0.344835
0.154244,-0.298570,0.344413
0.150183,-0.295459,0.343972
0.145460,-0.293069,0.342891
0.140712,-0.290698,0.341789
0.136040,-0.288237,0.340764
0.131420,-0.285711,0.339793
0.126792,-0.283188,0.338818
0.120645,-0.282284,0.336388
0.114479,-0.281383,0.333949
0.108488,-0.280276,0.331684
0.101200,-0.280526,0.328191
0.093540,-0.281142,0.324355
0.085920,-0.281684,0.320572
0.078394,-0.282098,0.316893
0.068984,-0.284452,0.311440
0.062424,-0.283795,0.308704
0.055942,-0.283034,0.306053
0.049832,-0.281868,0.303761
0.044110,-0.280286,0.301842
0.038823,-0.278242,0.300340
0.033327,-0.276399,0.298647
0.027831,-0.274542,0.296960
0.022516,-0.272489,0.295448
0.016518,-0.271115,0.293305
0.010485,-0.269760,0.291137
0.003676,-0.269165,0.288256
-0.003786,-0.269202,0.284781
-0.012498,-0.270456,0.280161
-0.022681,-0.273133,0.274202
0.213237,-0.362448,0.348244
0.210400,-0.357919,0.349026
0.207566,-0.353395,0.349806
0.204731,-0.348880,0.350583
0.201781,-0.344506,0.351240
0.198275,-0.340778,0.351343
0.194593,-0.337254,0.351270
0.190911,-0.333731,0.351196
0.187277,-0.330154,0.351170
0.183785,-0.326417,0.351283
0.180292,-0.322682,0.351395
0.176616,-0.319158,0.351325
0.172527,-0.316096,0.350850
0.168408,-0.313063,0.350348
0.164223,-0.310101,0.349784
0.160068,-0.307103,0.349250
0.156027,-0.303975,0.348828
0.151985,-0.300846,0.348406
0.147363,-0.298350,0.347424
0.142661,-0.295934,0.346368
0.137910,-0.293563,0.345268
0.133259,-0.291076,0.344269
0.128635,-0.288551,0.343299
0.122730,-0.287400,0.341103
0.116459,-0.286621,0.338566
0.110384,-0.285614,0.336226
0.102694,-0.286308,0.332353
0.094911,-0.287068,0.328406
0.086691,-0.288258,0.324060
0.079750,-0.288068,0.320941
0.069225,-0.291611,0.314443
0.062611,-0.291016,0.311662
0.056265,-0.290119,0.309145
0.050151,-0.288962,0.306856
0.044023,-0.287802,0.304561
0.038201,-0.286307,0.302562
0.032646,-0.284523,0.300820
0.027081,-0.282736,0.299075
0.021390,-0.281063,0.297219
0.015359,-0.279720,0.295054
0.008966,-0.278727,0.292559
0.001998,-0.278293,0.289541
-0.006034,-0.278903,0.285549
-0.015304,-0.280720,0.280428
-0.028191,-0.286099,0.271990
0.208888,-0.359336,0.353759
0.206056,-0.354813,0.354537
0.203226,-0.350294,0.355314
0.199999,-0.346242,0.355694
0.196491,-0.342517,0.355794
0.192810,-0.338994,0.355721
0.189128,-0.335472,0.355648
0.185524,-0.331861,0.355651
0.182033,-0.328125,0.355763
0.178359,-0.324597,0.355696
0.174169,-0.321651,0.355124
0.170116,-0.318546,0.354687
0.166117,-0.315378,0.354305
0.161947,-0.312400,0.353756
0.157810,-0.309380,0.353242
0.153769,-0.306252,0.352821
0.149140,-0.303767,0.351834
0.144486,-0.301303,0.350826
0.139860,-0.298801,0.349848
0.135105,-0.296432,0.348750
0.130475,-0.293918,0.347775
0.124857,-0.292466,0.345858
0.118568,-0.291719,0.343306
0.112281,-0.290950,0.340765
0.104709,-0.291533,0.337011
0.096350,-0.292923,0.332523
0.088005,-0.294263,0.328064
0.080531,-0.294647,0.324446
0.069980,-0.298240,0.317935
0.062844,-0.298200,0.314669
0.056024,-0.297803,0.311711
0.049801,-0.296762,0.309326
0.043562,-0.295717,0.306935
0.037216,-0.294764,0.304452
0.031592,-0.293049,0.302652
0.026057,-0.291227,0.300942
0.020146,-0.289777,0.298889
0.014049,-0.288500,0.296670
0.007286,-0.287881,0.293841
-0.000329,-0.288101,0.290234
-0.009103,-0.289459,0.285570
-0.020698,-0.293613,0.278319
0.204546,-0.356229,0.359265
0.201348,-0.352140,0.359674
0.197919,-0.348323,0.359852
0.194531,-0.344459,0.360070
0.191027,-0.340734,0.360171
0.187346,-0.337212,0.360098
0.183773,-0.333568,0.360131
0.180103,-0.330036,0.360068
0.175912,-0.327091,0.359496
0.171720,-0.324145,0.358925
0.167703,-0.320998,0.358525
0.163704,-0.317830,0.358144
0.159670,-0.314698,0.357730
0.155552,-0.311657,0.357236
0.150955,-0.309141,0.356281
0.146238,-0.306751,0.355214
0.141605,-0.304260,0.354230
0.137007,-0.301724,0.353284
0.132314,-0.299284,0.352251
0.126876,-0.297645,0.350507
0.120757,-0.296725,0.348122
0.114400,-0.296045,0.345517
0.106976,-0.296486,0.341908
0.098135,-0.298411,0.336968
0.089390,-0.300195,0.332138
0.081295,-0.301251,0.327939
0.072293,-0.303231,0.322900
0.063082,-0.305389,0.317683
0.055451,-0.305850,0.313970
0.049096,-0.304947,0.311469
0.042730,-0.304035,0.308966
0.036233,-0.303239,0.306350
0.030508,-0.301626,0.304464
0.024767,-0.300013,0.302570
0.018662,-0.298758,0.300344
0.012057,-0.297999,0.297662
0.004859,-0.297820,0.294442
-0.003231,-0.298522,0.290407
-0.013661,-0.301557,0.284229
0.199257,-0.354233,0.363822
0.195839,-0.350403,0.364011
0.192451,-0.346540,0.364228
0.189066,-0.342678,0.364446
0.185564,-0.338953,0.364548
0.181846,-0.335475,0.364438
0.177656,-0.332531,0.363868
0.173464,-0.329587,0.363298
0.169289,-0.326619,0.362746
0.165290,-0.323451,0.362366
0.161290,-0.320283,0.361985
0.157288,-0.317114,0.361604
0.152769,-0.314515,0.360727
0.148054,-0.312128,0.359662
0.143333,-0.309738,0.358596
0.138722,-0.307219,0.357639
0.134120,-0.304684,0.356694
0.128893,-0.302822,0.355155
0.122803,-0.301883,0.352799
0.116591,-0.301056,0.350337
0.109537,-0.301116,0.347083
0.099999,-0.303813,0.341489
0.089574,-0.307411,0.335076
0.082061,-0.307859,0.331435
0.071904,-0.311080,0.325318
0.062841,-0.313095,0.320252
0.054995,-0.313789,0.316346
0.048258,-0.313288,0.313495
0.041844,-0.312428,0.310955
0.035348,-0.311631,0.308349
0.029265,-0.310387,0.306136
0.023230,-0.309075,0.303977
0.016709,-0.308247,0.301373
0.009674,-0.307924,0.298303
0.001965,-0.308267,0.294621
-0.008304,-0.311186,0.288591
-0.069000,-0.365226,0.236122
0.193758,-0.352484,0.368169
0.190371,-0.348620,0.368387
0.186986,-0.344758,0.368604
0.183460,-0.341060,0.368682
0.179399,-0.337971,0.368240
0.175208,-0.335028,0.367671
0.171014,-0.332084,0.367101
0.166876,-0.329073,0.366587
0.162876,-0.325906,0.366208
0.158874,-0.322737,0.365828
0.154406,-0.320085,0.365000
0.149853,-0.317522,0.364094
0.145150,-0.315116,0.363046
0.140437,-0.312714,0.361993
0.135836,-0.310182,0.361051
0.130693,-0.308234,0.359594
0.124793,-0.307098,0.357423
0.118722,-0.306130,0.355097
0.112417,-0.305396,0.352558
0.102428,-0.308605,0.346543
0.089967,-0.314414,0.338217
0.082959,-0.314332,0.335060
0.071227,-0.319250,0.327472
0.062528,-0.320891,0.322759
0.054537,-0.321746,0.318727
0.046711,-0.322395,0.314864
0.040238,-0.321594,0.312280
0.034031,-0.320494,0.309952
0.027961,-0.319234,0.307760
0.021548,-0.318311,0.305258
0.014755,-0.317762,0.302412
0.006996,-0.318183,0.298684
-0.002880,-0.320747,0.293014
-0.045343,-0.356573,0.257333
-0.069247,-0.373210,0.238856
0.188290,-0.350701,0.372546
0.184766,-0.346999,0.372626
0.180804,-0.343797,0.372281
0.176841,-0.340594,0.371936
0.172759,-0.337526,0.371475
0.168564,-0.334582,0.370907
0.164462,-0.331528,0.370431
0.160460,-0.328361,0.370052
0.155964,-0.325743,0.369198
0.151414,-0.323179,0.368297
0.146857,-0.320616,0.367391
0.142243,-0.318108,0.366434
0.137552,-0.315679,0.365407
0.132503,-0.313634,0.364042
0.126485,-0.312636,0.361762
0.120633,-0.311439,0.359648
0.114612,-0.310408,0.357381
0.105188,-0.313033,0.351908
0.092563,-0.319057,0.343438
0.082919,-0.321815,0.337804
0.070549,-0.327439,0.329631
0.060399,-0.330634,0.323569
0.054034,-0.329767,0.321072
0.045163,-0.331527,0.316243
0.038860,-0.330545,0.313826
0.032790,-0.329299,0.311634
0.026476,-0.328292,0.309224
0.019704,-0.327740,0.306399
0.012015,-0.328118,0.302735
0.002731,-0.330114,0.297611
-0.017665,-0.343510,0.282262
-0.044128,-0.363005,0.261387
-0.069417,-0.381130,0.241667
0.186075,-0.352936,0.376575
0.182110,-0.349738,0.376227
0.178146,-0.346535,0.375883
0.174182,-0.343332,0.375539
0.170217,-0.340128,0.375194
0.166112,-0.337081,0.374715
0.162047,-0.333985,0.374276
0.157521,-0.331402,0.373397
0.152973,-0.328839,0.372498
0.148418,-0.326276,0.371597
0.143857,-0.323714,0.370692
0.139292,-0.321149,0.369786
0.134311,-0.319034,0.368489
0.128295,-0.318044,0.366213
0.122326,-0.316983,0.363992
0.116463,-0.315790,0.361878
0.108255,-0.317121,0.357559
0.098074,-0.320545,0.351400
0.082403,-0.329825,0.340105
0.069929,-0.335584,0.331851
0.058261,-0.340416,0.324382
0.051551,-0.339911,0.321573
0.043726,-0.340565,0.317734
0.037708,-0.339279,0.315592
0.031435,-0.338245,0.313220
0.024684,-0.337694,0.310413
0.017176,-0.337910,0.306918
0.008218,-0.339608,0.302093
-0.009567,-0.350420,0.289148
-0.029761,-0.363616,0.274032
-0.043787,-0.370338,0.264640
-0.066977,-0.386385,0.246877
0.179481,-0.352445,0.379860
0.175510,-0.349249,0.379510
0.171538,-0.346052,0.379160
0.167566,-0.342854,0.378811
0.163588,-0.339661,0.378457
0.159080,-0.337061,0.377596
0.154531,-0.334501,0.376699
0.149978,-0.331939,0.375801
0.145419,-0.329377,0.374900
0.140854,-0.326815,0.373996
0.136020,-0.324543,0.372840
0.130105,-0.323450,0.370665
0.124077,-0.322464,0.368390
0.118158,-0.321341,0.366226
0.110311,-0.322296,0.362255
0.100819,-0.325001,0.356752
0.080903,-0.338913,0.341490
0.061701,-0.351929,0.326954
0.055168,-0.351249,0.324314
0.048036,-0.351187,0.321124
0.042593,-0.349303,0.319518
0.036553,-0.348039,0.317363
0.029772,-0.347540,0.314530
0.022422,-0.347617,0.311178
0.013813,-0.348987,0.306676
0.000207,-0.355540,0.297581
-0.015718,-0.364432,0.286385
-0.034672,-0.376373,0.272445
-0.048629,-0.383038,0.263142
-0.064540,-0.391638,0.252083
0.172880,-0.351955,0.383148
0.168907,-0.348758,0.382799
0.164920,-0.345574,0.382438
0.160502,-0.342874,0.381666
0.156081,-0.340172,0.380893
0.151536,-0.337604,0.380004
0.146980,-0.335042,0.379108
0.142416,-0.332481,0.378207
0.137554,-0.330245,0.377026
0.131870,-0.328905,0.375073
0.125883,-0.327883,0.372840
0.119853,-0.326891,0.370575
0.112330,-0.327509,0.366914
0.102943,-0.330123,0.361518
0.079356,-0.348076,0.342840
0.057844,-0.363631,0.326173
0.051690,-0.362534,0.323899
0.045509,-0.361445,0.321610
0.040680,-0.358895,0.320585
0.034945,-0.357302,0.318722
0.027847,-0.357137,0.315605
0.019409,-0.358362,0.311260
0.007707,-0.362987,0.303919
-0.008238,-0.371999,0.292697
-0.024847,-0.381612,0.280907
-0.034700,-0.384098,0.275359
-0.049096,-0.391249,0.265670
-0.062106,-0.396890,0.257284
0.166253,-0.351490,0.386421
0.161835,-0.348792,0.385650
0.157412,-0.346092,0.384878
0.152988,-0.343390,0.384106
0.148539,-0.340710,0.383313
0.143978,-0.338149,0.382418
0.139088,-0.335948,0.381212
0.133444,-0.334571,0.379300
0.127639,-0.333356,0.377243
0.121640,-0.332339,0.375011
0.114396,-0.332667,0.371618
0.104494,-0.335867,0.365746
0.077597,-0.357493,0.344002
0.051803,-0.377742,0.323370
0.048947,-0.373063,0.324186
0.043291,-0.371402,0.322396
0.037542,-0.369827,0.320526
0.031228,-0.368840,0.318138
0.024183,-0.368612,0.315084
0.013603,-0.372104,0.308778
-0.008960,-0.388197,0.291455
-0.016765,-0.388621,0.287767
-0.025972,-0.390484,0.282807
-0.035653,-0.392802,0.277430
-0.047555,-0.397386,0.270042
-0.059064,-0.401504,0.263039
0.158739,-0.352020,0.388860
0.154315,-0.349318,0.388091
0.149888,-0.346615,0.387321
0.145459,-0.343909,0.386551
0.140621,-0.341652,0.385399
0.134979,-0.340280,0.383491
0.129325,-0.338907,0.381580
0.123398,-0.337818,0.379419
0.116118,-0.338200,0.375997
0.106349,-0.341278,0.370259
0.075830,-0.366946,0.345166
0.045498,-0.392200,0.320342
0.042474,-0.387667,0.321015
0.039359,-0.383240,0.321602
0.032021,-0.383358,0.318271
0.024309,-0.383850,0.314608
0.001121,-0.400831,0.296668
-0.004697,-0.399189,0.294803
-0.010525,-0.397543,0.292935
-0.017646,-0.397246,0.289888
-0.027123,-0.399404,0.284692
-0.037345,-0.402300,0.278833
-0.045917,-0.403423,0.274503
-0.055632,-0.405701,0.269147
0.151208,-0.352555,0.391302
0.146778,-0.349851,0.390533
0.141964,-0.347570,0.389406
0.136474,-0.346036,0.387645
0.130861,-0.344623,0.385776
0.125155,-0.343298,0.383825
0.118283,-0.343244,0.380791
0.107851,-0.347076,0.374442
0.074429,-0.376026,0.346681
0.028248,-0.418658,0.307152
0.024096,-0.415273,0.306811
0.018999,-0.412910,0.305594
0.013378,-0.411103,0.303896
0.007747,-0.409292,0.302196
0.002038,-0.407553,0.300429
-0.003782,-0.405916,0.298568
-0.009612,-0.404276,0.296703
-0.018764,-0.406142,0.291799
-0.027426,-0.407449,0.287362
-0.035695,-0.408307,0.283299
-0.043530,-0.408675,0.279648
-0.052205,-0.409892,0.275245
0.143248,-0.353557,0.393359
0.137758,-0.352028,0.391601
0.132257,-0.350496,0.389841
0.126733,-0.348976,0.388065
0.120446,-0.348286,0.385583
0.109147,-0.353103,0.378434
0.033063,-0.429039,0.311002
0.029149,-0.425392,0.310883
0.024287,-0.422780,0.309885
0.019420,-0.420166,0.308886
0.014069,-0.418067,0.307444
0.008466,-0.416230,0.305773
0.002852,-0.414390,0.304098
-0.002771,-0.412548,0.302422
-0.010083,-0.412494,0.299203
-0.018155,-0.413223,0.295298
-0.025717,-0.413377,0.291876
-0.033737,-0.413988,0.288047
-0.041145,-0.413925,0.284789
-0.048785,-0.414076,0.281333
-0.061823,-0.419839,0.272993
0.133211,-0.356866,0.393493
0.127774,-0.355252,0.391803
0.121941,-0.354066,0.389749
0.111043,-0.358467,0.382986
0.029288,-0.432970,0.313910
0.024204,-0.430598,0.312711
0.019139,-0.428196,0.311534
0.014013,-0.425851,0.310305
0.008881,-0.423503,0.309074
0.003743,-0.421152,0.307841
-0.001417,-0.418815,0.306594
-0.008961,-0.419021,0.303168
-0.016531,-0.419227,0.299730
-0.024101,-0.419405,0.296305
-0.031519,-0.419393,0.293031
-0.039044,-0.419468,0.289672
-0.046578,-0.419524,0.286316
-0.059288,-0.424978,0.278286
0.112016,-0.364855,0.386679
0.020087,-0.434896,0.315322
0.015003,-0.432508,0.314134
0.010103,-0.429909,0.313120
0.005029,-0.427492,0.311950
-0.001021,-0.426118,0.309890
-0.008274,-0.426021,0.306738
-0.015304,-0.425658,0.303800
-0.022355,-0.425294,0.300854
-0.029770,-0.425293,0.297588
-0.037273,-0.425358,0.294254
-0.044796,-0.425417,0.290914
-0.056755,-0.430114,0.283576
0.010679,-0.437025,0.316576
0.005772,-0.434425,0.315562
-0.000739,-0.433555,0.313086
-0.007422,-0.432849,0.310461
-0.014124,-0.432143,0.307830
-0.020750,-0.431333,0.305276
-0.028001,-0.431171,0.302163
-0.035494,-0.431239,0.298844
-0.043015,-0.431309,0.295511
-0.054372,-0.435401,0.288728
-0.000023,-0.440531,0.316683
-0.006472,-0.439579,0.314278
-0.012936,-0.438624,0.311868
-0.019418,-0.437668,0.309450
-0.026508,-0.437342,0.306490
-0.033912,-0.437329,0.303256
-0.041412,-0.437390,0.299948
-0.052750,-0.441489,0.293193
-0.018201,-0.444129,0.313521
-0.025285,-0.443807,0.310572
-0.032390,-0.443485,0.307615
-0.039846,-0.443511,0.304352
-0.050426,-0.446833,0.298290
-0.031177,-0.449973,0.311697
-0.038296,-0.449651,0.308743
-0.048105,-0.452174,0.303384
-0.058194,-0.454949,0.297794
-0.047402,-0.459243,0.307026
