X,Y,Z
-0.021208,0.387350,-0.243173
-0.024852,0.385625,-0.244937
-0.028504,0.383898,-0.246705
-0.032163,0.382166,-0.248477
-0.035831,0.380431,-0.250252
-0.039506,0.378692,-0.252031
-0.013784,0.393874,-0.231345
-0.017400,0.392166,-0.233087
-0.021024,0.390455,-0.234833
-0.024656,0.388740,-0.236583
-0.028296,0.387021,-0.238337
-0.031943,0.385298,-0.240094
-0.035599,0.383572,-0.241855
-0.039262,0.381842,-0.243619
-0.042934,0.380108,-0.245388
-0.046614,0.378370,-0.247161
-0.050302,0.376628,-0.248938
-0.053997,0.374883,-0.250718
-0.057702,0.373134,-0.252503
-0.061414,0.371380,-0.254292
-0.065135,0.369623,-0.256084
-0.010140,0.394660,-0.225410
-0.013625,0.396941,-0.223091
-0.017230,0.395242,-0.224819
-0.020842,0.393539,-0.226551
-0.024462,0.391832,-0.228286
-0.028090,0.390122,-0.230025
-0.031725,0.388408,-0.231769
-0.035369,0.386691,-0.233515
-0.039020,0.384970,-0.235265
-0.042680,0.383244,-0.237021
-0.046347,0.381515,-0.238779
-0.050023,0.379783,-0.240541
-0.053707,0.378046,-0.242307
-0.057399,0.376306,-0.244077
-0.061099,0.374562,-0.245851
-0.064807,0.372813,-0.247629
-0.068524,0.371062,-0.249410
-0.072249,0.369305,-0.251196
-0.075982,0.367545,-0.252986
-0.003171,0.386650,-0.228415
-0.006596,0.392130,-0.222858
-0.010017,0.396883,-0.218040
-0.013467,0.399986,-0.214893
-0.017060,0.398296,-0.216607
-0.020661,0.396602,-0.218325
-0.024269,0.394904,-0.220046
-0.027885,0.393202,-0.221772
-0.031509,0.391497,-0.223500
-0.035140,0.389788,-0.225233
-0.038780,0.388076,-0.226969
-0.042427,0.386359,-0.228710
-0.046083,0.384639,-0.230454
-0.049746,0.382915,-0.232202
-0.053418,0.381188,-0.233953
-0.057098,0.379456,-0.235708
-0.060786,0.377721,-0.237468
-0.064482,0.375982,-0.239232
-0.068186,0.374239,-0.240999
-0.071898,0.372492,-0.242770
-0.075619,0.370741,-0.244545
-0.079349,0.368986,-0.246325
-0.083086,0.367227,-0.248107
-0.086833,0.365465,-0.249895
0.082384,0.385056,-0.224901
0.078613,0.393034,-0.216837
0.074983,0.396505,-0.213328
0.071484,0.394597,-0.215256
0.067977,0.392690,-0.217185
0.064462,0.390779,-0.219116
0.060937,0.388983,-0.220931
0.007429,0.378843,-0.231181
0.003900,0.381359,-0.228637
0.000442,0.386642,-0.223298
-0.003040,0.389987,-0.219917
-0.006511,0.393217,-0.216651
-0.009965,0.396532,-0.213301
-0.013387,0.400464,-0.209326
-0.016892,0.401330,-0.208451
-0.020481,0.399644,-0.210155
-0.024077,0.397954,-0.211863
-0.027681,0.396261,-0.213574
-0.031293,0.394565,-0.215289
-0.034913,0.392865,-0.217008
-0.038541,0.391161,-0.218730
-0.042177,0.389453,-0.220456
-0.045820,0.387741,-0.222186
-0.049472,0.386026,-0.223920
-0.053131,0.384308,-0.225657
-0.056799,0.382585,-0.227398
-0.060475,0.380859,-0.229143
-0.064158,0.379128,-0.230892
-0.067850,0.377394,-0.232645
-0.071551,0.375656,-0.234402
-0.075259,0.373914,-0.236162
-0.078976,0.372168,-0.237927
-0.082701,0.370419,-0.239696
-0.086435,0.368665,-0.241469
-0.090177,0.366907,-0.243245
-0.093928,0.365145,-0.245026
-0.097687,0.363380,-0.246810
0.086167,0.375657,-0.229257
0.082361,0.383715,-0.221137
0.078591,0.391696,-0.213095
0.074858,0.399599,-0.205130
0.071342,0.399018,-0.205716
0.067851,0.397018,-0.207732
0.064366,0.394165,-0.210606
0.060869,0.391303,-0.213491
0.057343,0.389768,-0.215037
0.053809,0.388364,-0.216452
0.050269,0.386924,-0.217903
0.046724,0.385395,-0.219444
0.043171,0.383959,-0.220891
0.039613,0.382540,-0.222321
0.036049,0.381119,-0.223752
0.032478,0.379957,-0.224924
0.028905,0.379281,-0.225605
0.025329,0.378605,-0.226286
0.021755,0.378465,-0.226427
0.018182,0.378513,-0.226379
0.014617,0.379148,-0.225739
0.011072,0.380949,-0.223925
0.007555,0.383935,-0.220915
0.004021,0.385388,-0.219451
0.000494,0.386893,-0.217935
-0.002985,0.390149,-0.214654
-0.006457,0.393113,-0.211667
-0.009914,0.396183,-0.208574
-0.013366,0.398988,-0.205746
-0.016735,0.403994,-0.200702
-0.020302,0.402665,-0.202041
-0.023887,0.400984,-0.203735
-0.027479,0.399300,-0.205433
-0.031080,0.397612,-0.207133
-0.034688,0.395920,-0.208838
-0.038304,0.394225,-0.210546
-0.041928,0.392525,-0.212259
-0.045559,0.390823,-0.213975
-0.049199,0.389116,-0.215694
-0.052846,0.387406,-0.217417
-0.056502,0.385692,-0.219144
-0.060166,0.383974,-0.220876
-0.063837,0.382253,-0.222610
-0.067517,0.380528,-0.224349
-0.071205,0.378798,-0.226091
-0.074902,0.377065,-0.227838
-0.078606,0.375329,-0.229588
-0.082319,0.373588,-0.231342
-0.086040,0.371843,-0.233100
-0.089770,0.370094,-0.234863
-0.093508,0.368342,-0.236628
-0.097254,0.366585,-0.238398
-0.101010,0.364824,-0.240173
0.089984,0.366175,-0.233655
0.086142,0.374316,-0.225476
0.082337,0.382377,-0.217377
0.078569,0.390360,-0.209358
0.074838,0.398266,-0.201415
0.071286,0.399426,-0.200250
0.067788,0.398101,-0.201581
0.064293,0.396236,-0.203455
0.060790,0.394367,-0.205333
0.057287,0.391949,-0.207762
0.053763,0.390461,-0.209257
0.050233,0.388940,-0.210785
0.046697,0.387417,-0.212314
0.043154,0.385921,-0.213818
0.039604,0.384554,-0.215191
0.036049,0.383500,-0.216249
0.032489,0.382445,-0.217310
0.028925,0.381608,-0.218151
0.025360,0.381220,-0.218540
0.021795,0.380901,-0.218861
0.018237,0.381432,-0.218327
0.014687,0.382395,-0.217360
0.011136,0.383052,-0.216700
0.007603,0.384564,-0.215180
0.004076,0.386074,-0.213664
0.000556,0.387581,-0.212150
-0.002941,0.389829,-0.209891
-0.006413,0.392679,-0.207029
-0.009881,0.395214,-0.204482
-0.013346,0.397514,-0.202171
-0.016736,0.401832,-0.197833
-0.020124,0.405666,-0.193982
-0.023697,0.403994,-0.195662
-0.027279,0.402318,-0.197345
-0.030867,0.400638,-0.199033
-0.034464,0.398955,-0.200724
-0.038068,0.397268,-0.202419
-0.041680,0.395577,-0.204117
-0.045300,0.393883,-0.205819
-0.048928,0.392185,-0.207525
-0.052563,0.390484,-0.209234
-0.056207,0.388779,-0.210947
-0.059859,0.387069,-0.212664
-0.063519,0.385357,-0.214385
-0.067186,0.383640,-0.216109
-0.070862,0.381920,-0.217837
-0.074546,0.380195,-0.219570
-0.078239,0.378467,-0.221306
-0.081939,0.376735,-0.223045
-0.085648,0.374999,-0.224790
-0.089365,0.373260,-0.226536
-0.093091,0.371516,-0.228289
-0.096825,0.369768,-0.230044
-0.100568,0.368017,-0.231804
-0.104319,0.366261,-0.233568
0.089956,0.364834,-0.229856
0.086116,0.372977,-0.221700
0.082314,0.381041,-0.213624
0.078548,0.389027,-0.205627
0.074819,0.396935,-0.197706
0.071259,0.398531,-0.196108
0.067755,0.397631,-0.197009
0.064263,0.395795,-0.198848
0.060764,0.393927,-0.200719
0.057255,0.392265,-0.202383
0.053735,0.390892,-0.203758
0.050209,0.389552,-0.205100
0.046677,0.388210,-0.206444
0.043141,0.386699,-0.207957
0.039597,0.385623,-0.209035
0.036048,0.384606,-0.210054
0.032496,0.383587,-0.211074
0.028940,0.382839,-0.211824
0.025382,0.382446,-0.212217
0.021822,0.381898,-0.212766
0.018266,0.381983,-0.212681
0.014721,0.382877,-0.211786
0.011174,0.383388,-0.211274
0.007639,0.384458,-0.210202
0.004117,0.385975,-0.208683
0.000601,0.387528,-0.207128
-0.002907,0.389078,-0.205575
-0.006378,0.391836,-0.202813
-0.009856,0.393946,-0.200699
-0.013325,0.396052,-0.198591
-0.016735,0.399702,-0.194935
-0.020109,0.403961,-0.190670
-0.023521,0.406683,-0.187943
-0.027079,0.405315,-0.189314
-0.030657,0.403644,-0.190987
-0.034242,0.401969,-0.192664
-0.037834,0.400291,-0.194345
-0.041435,0.398609,-0.196030
-0.045043,0.396923,-0.197719
-0.048659,0.395233,-0.199410
-0.052283,0.393541,-0.201106
-0.055914,0.391844,-0.202805
-0.059554,0.390143,-0.204509
-0.063202,0.388439,-0.206215
-0.066858,0.386731,-0.207925
-0.070521,0.385019,-0.209640
-0.074194,0.383304,-0.211358
-0.077874,0.381585,-0.213080
-0.081562,0.379861,-0.214806
-0.085259,0.378134,-0.216536
-0.088964,0.376404,-0.218269
-0.092677,0.374668,-0.220007
-0.096399,0.372930,-0.221748
-0.100129,0.371187,-0.223493
-0.103867,0.369441,-0.225242
-0.107614,0.367690,-0.226996
0.093804,0.355269,-0.234277
0.089928,0.363496,-0.226063
0.086090,0.371641,-0.217930
0.082290,0.379707,-0.209876
0.078526,0.387695,-0.201901
0.074799,0.395605,-0.194002
0.071235,0.397511,-0.192099
0.067728,0.396875,-0.192735
0.064234,0.395354,-0.194254
0.060736,0.393645,-0.195960
0.057229,0.392067,-0.197535
0.053715,0.390626,-0.198974
0.050193,0.389288,-0.200310
0.046666,0.387755,-0.201841
0.043135,0.386026,-0.203567
0.039594,0.384900,-0.204692
0.036049,0.383883,-0.205707
0.032499,0.382893,-0.206695
0.028945,0.382021,-0.207566
0.025394,0.382120,-0.207467
0.021841,0.381890,-0.207697
0.018284,0.381477,-0.208109
0.014743,0.382377,-0.207211
0.011205,0.383275,-0.206314
0.007670,0.384109,-0.205481
0.004151,0.385595,-0.203998
0.000640,0.387153,-0.202442
-0.002865,0.388709,-0.200888
-0.006359,0.390435,-0.199165
-0.009836,0.392487,-0.197116
-0.013305,0.394534,-0.195072
-0.016734,0.397572,-0.192038
-0.020121,0.401468,-0.188149
-0.023545,0.403881,-0.185740
-0.026944,0.406662,-0.182963
-0.030447,0.406629,-0.182995
-0.034021,0.404963,-0.184659
-0.037602,0.403293,-0.186327
-0.041191,0.401619,-0.187998
-0.044787,0.399942,-0.189673
-0.048391,0.398261,-0.191351
-0.052004,0.396576,-0.193033
-0.055624,0.394888,-0.194718
-0.059252,0.393196,-0.196408
-0.062887,0.391501,-0.198101
-0.066531,0.389801,-0.199798
-0.070183,0.388098,-0.201498
-0.073843,0.386392,-0.203202
-0.077511,0.384681,-0.204910
-0.081187,0.382966,-0.206622
-0.084872,0.381248,-0.208338
-0.088565,0.379526,-0.210057
-0.092266,0.377800,-0.211781
-0.095975,0.376070,-0.213508
-0.099693,0.374336,-0.215239
-0.103419,0.372598,-0.216974
-0.107153,0.370857,-0.218713
0.093775,0.353930,-0.230467
0.089901,0.362158,-0.222276
0.086065,0.370306,-0.214165
0.082266,0.378375,-0.206134
0.078505,0.386365,-0.198181
0.074780,0.394278,-0.190304
0.071210,0.396494,-0.188098
0.067706,0.395857,-0.188732
0.064203,0.394978,-0.189607
0.060707,0.393447,-0.191131
0.057204,0.391870,-0.192701
0.053694,0.390361,-0.194203
0.050178,0.388806,-0.195750
0.046657,0.387082,-0.197467
0.043128,0.385354,-0.199187
0.039591,0.384178,-0.200357
0.036049,0.383182,-0.201349
0.032502,0.382222,-0.202305
0.028951,0.381261,-0.203261
0.025403,0.381305,-0.203217
0.021855,0.381404,-0.203119
0.018306,0.381335,-0.203188
0.014764,0.381871,-0.202654
0.011229,0.382658,-0.201871
0.007696,0.383416,-0.201115
0.004166,0.384214,-0.200322
0.000657,0.385773,-0.198769
-0.002846,0.387337,-0.197213
-0.006342,0.388928,-0.195629
-0.009824,0.390777,-0.193789
-0.013285,0.393053,-0.191523
-0.016716,0.395990,-0.188600
-0.020136,0.398867,-0.185736
-0.023565,0.401174,-0.183440
-0.026972,0.403809,-0.180816
-0.030415,0.405272,-0.179361
-0.033838,0.407082,-0.177559
-0.037371,0.406275,-0.178362
-0.040948,0.404610,-0.180019
-0.044533,0.402941,-0.181681
-0.048126,0.401268,-0.183346
-0.051726,0.399592,-0.185014
-0.055335,0.397912,-0.186686
-0.058951,0.396229,-0.188362
-0.062575,0.394541,-0.190042
-0.066207,0.392850,-0.191725
-0.069847,0.391156,-0.193411
-0.073495,0.389458,-0.195102
-0.077151,0.387756,-0.196796
-0.080815,0.386050,-0.198494
-0.084488,0.384340,-0.200196
-0.088168,0.382627,-0.201902
-0.091857,0.380909,-0.203611
-0.095554,0.379188,-0.205324
-0.099260,0.377463,-0.207041
-0.102973,0.375734,-0.208762
-0.106696,0.374001,-0.210487
-0.110426,0.372265,-0.212216
0.093745,0.352592,-0.226662
0.089873,0.360823,-0.218494
0.086039,0.368973,-0.210406
0.082243,0.377044,-0.202397
0.078483,0.385037,-0.194466
0.074760,0.392953,-0.186610
0.071191,0.395244,-0.184336
0.067696,0.394241,-0.185332
0.064195,0.393318,-0.186248
0.060695,0.392094,-0.187463
0.057190,0.390790,-0.188757
0.053680,0.389540,-0.189996
0.050166,0.388037,-0.191489
0.046647,0.386410,-0.193103
0.043122,0.384683,-0.194817
0.039588,0.383469,-0.196021
0.036049,0.382511,-0.196972
0.032505,0.381552,-0.197924
0.028958,0.380591,-0.198877
0.025412,0.380491,-0.198977
0.021867,0.380590,-0.198878
0.018323,0.380692,-0.198777
0.014779,0.380877,-0.198594
0.011248,0.381784,-0.197694
0.007720,0.382690,-0.196794
0.004194,0.383483,-0.196008
0.000674,0.384395,-0.195103
-0.002827,0.385981,-0.193529
-0.006321,0.387573,-0.191949
-0.009809,0.389162,-0.190373
-0.013268,0.391478,-0.188074
-0.016719,0.393734,-0.185835
-0.020158,0.396086,-0.183501
-0.023582,0.398577,-0.181029
-0.027001,0.400914,-0.178710
-0.030453,0.402209,-0.177424
-0.033881,0.403935,-0.175712
-0.037319,0.405287,-0.174371
-0.040776,0.406120,-0.173543
-0.044281,0.405919,-0.173743
-0.047862,0.404255,-0.175394
-0.051451,0.402587,-0.177049
-0.055048,0.400916,-0.178708
-0.058652,0.399241,-0.180370
-0.062265,0.397562,-0.182036
-0.065885,0.395879,-0.183706
-0.069513,0.394194,-0.185379
-0.073149,0.392504,-0.187056
-0.076793,0.390810,-0.188737
-0.080446,0.389113,-0.190421
-0.084106,0.387411,-0.192109
-0.087775,0.385707,-0.193801
-0.091451,0.383998,-0.195496
-0.095136,0.382285,-0.197196
-0.098829,0.380569,-0.198899
-0.102531,0.378849,-0.200606
-0.106241,0.377125,-0.202317
-0.109959,0.375397,-0.204032
0.097623,0.342942,-0.231089
0.093715,0.351257,-0.222863
0.089845,0.359490,-0.214717
0.086014,0.367643,-0.206652
0.082220,0.375716,-0.198665
0.078462,0.383711,-0.190756
0.074741,0.391629,-0.182922
0.071184,0.393447,-0.181124
0.067689,0.392422,-0.182137
0.064189,0.391516,-0.183034
0.060686,0.390512,-0.184028
0.057182,0.389309,-0.185217
0.053672,0.388136,-0.186378
0.050160,0.386631,-0.187866
0.046642,0.385124,-0.189358
0.043117,0.383685,-0.190781
0.039585,0.382688,-0.191768
0.036049,0.381830,-0.192617
0.032508,0.380883,-0.193553
0.028964,0.379923,-0.194503
0.025421,0.379679,-0.194745
0.021879,0.379788,-0.194637
0.018337,0.379901,-0.194526
0.014796,0.380013,-0.194414
0.011256,0.380146,-0.194283
0.007729,0.381053,-0.193386
0.004206,0.381958,-0.192490
0.000688,0.382894,-0.191564
-0.002823,0.384012,-0.190458
-0.006317,0.385580,-0.188906
-0.009805,0.387146,-0.187357
-0.013285,0.388751,-0.185770
-0.016743,0.390833,-0.183710
-0.020183,0.393212,-0.181357
-0.023607,0.395738,-0.178858
-0.027031,0.397985,-0.176635
-0.030483,0.399316,-0.175318
-0.033924,0.400787,-0.173863
-0.037368,0.402054,-0.172609
-0.040832,0.402802,-0.171868
-0.044286,0.403680,-0.171000
-0.047737,0.404548,-0.170141
-0.051194,0.405258,-0.169439
-0.054763,0.403899,-0.170783
-0.058356,0.402233,-0.172432
-0.061957,0.400562,-0.174084
-0.065565,0.398888,-0.175741
-0.069182,0.397210,-0.177401
-0.072806,0.395529,-0.179064
-0.076438,0.393844,-0.180731
-0.080079,0.392155,-0.182402
-0.083727,0.390462,-0.184077
-0.087384,0.388766,-0.185755
-0.091048,0.387066,-0.187437
-0.094721,0.385362,-0.189123
-0.098402,0.383654,-0.190812
-0.102092,0.381942,-0.192506
-0.105789,0.380227,-0.194203
-0.109496,0.378508,-0.195904
-0.116539,0.339760,-0.234237
-0.121166,0.329075,-0.244807
0.097591,0.341606,-0.227272
0.093685,0.349923,-0.219069
0.089818,0.358159,-0.210947
0.085988,0.366314,-0.202904
0.082196,0.374389,-0.194939
0.078441,0.382387,-0.187052
0.074721,0.390307,-0.179240
0.071177,0.391589,-0.177975
0.067683,0.390605,-0.178946
0.064183,0.389716,-0.179822
0.060678,0.388880,-0.180647
0.057172,0.387898,-0.181616
0.053664,0.386733,-0.182764
0.050153,0.385260,-0.184217
0.046636,0.383911,-0.185549
0.043112,0.382558,-0.186882
0.039583,0.381617,-0.187811
0.036049,0.380759,-0.188657
0.032511,0.379900,-0.189504
0.028970,0.379077,-0.190316
0.025427,0.378495,-0.190890
0.021888,0.378779,-0.190609
0.018351,0.379063,-0.190329
0.014814,0.379224,-0.190171
0.011276,0.379336,-0.190060
0.007739,0.379448,-0.189950
0.004217,0.380330,-0.189080
0.000700,0.381307,-0.188117
-0.002812,0.382282,-0.187155
-0.006317,0.383406,-0.186046
-0.009805,0.384985,-0.184489
-0.013285,0.386594,-0.182902
-0.016759,0.388201,-0.181317
-0.020210,0.390266,-0.179279
-0.023641,0.392641,-0.176937
-0.027069,0.394851,-0.174759
-0.030518,0.396313,-0.173316
-0.033964,0.397720,-0.171929
-0.037418,0.398818,-0.170845
-0.040888,0.399482,-0.170191
-0.044345,0.400347,-0.169337
-0.047806,0.401075,-0.168620
-0.051279,0.401540,-0.168161
-0.054741,0.402164,-0.167546
-0.058207,0.402669,-0.167048
-0.061677,0.403099,-0.166624
-0.065247,0.401876,-0.167829
-0.068852,0.400207,-0.169476
-0.072465,0.398534,-0.171126
-0.076085,0.396857,-0.172780
-0.079714,0.395177,-0.174437
-0.083351,0.393493,-0.176098
-0.086995,0.391805,-0.177763
-0.090648,0.390113,-0.179431
-0.094309,0.388418,-0.181103
-0.097978,0.386718,-0.182779
-0.101655,0.385015,-0.184459
-0.105386,0.382787,-0.186657
-0.110021,0.370343,-0.198930
-0.115997,0.343579,-0.225327
-0.120336,0.335869,-0.232931
-0.124552,0.329836,-0.238881
-0.128560,0.326231,-0.242437
-0.132502,0.323464,-0.245166
-0.136348,0.321781,-0.246826
-0.140202,0.320096,-0.248488
0.101502,0.331870,-0.231723
0.097559,0.340273,-0.223461
0.093656,0.348592,-0.215281
0.089790,0.356830,-0.207181
0.085963,0.364987,-0.199161
0.082173,0.373065,-0.191218
0.078419,0.381065,-0.183352
0.074702,0.388987,-0.175562
0.071175,0.389543,-0.175016
0.067677,0.388778,-0.175768
0.064178,0.387871,-0.176660
0.060675,0.386946,-0.177569
0.057169,0.386006,-0.178493
0.053659,0.385070,-0.179413
0.050144,0.384136,-0.180332
0.046629,0.382786,-0.181659
0.043108,0.381434,-0.182989
0.039580,0.380548,-0.183860
0.036048,0.379711,-0.184683
0.032513,0.378943,-0.185438
0.028975,0.378174,-0.186195
0.025435,0.377628,-0.186731
0.021892,0.377085,-0.187266
0.018354,0.377147,-0.187205
0.014819,0.377431,-0.186926
0.011284,0.377714,-0.186647
0.007751,0.377998,-0.186367
0.004222,0.378446,-0.185927
0.000704,0.379357,-0.185031
-0.002806,0.380396,-0.184010
-0.006313,0.381434,-0.182990
-0.009811,0.382626,-0.181817
-0.013295,0.384097,-0.180370
-0.016774,0.385566,-0.178926
-0.020234,0.387404,-0.177119
-0.023678,0.389490,-0.175068
-0.027107,0.391714,-0.172881
-0.030559,0.393180,-0.171440
-0.034005,0.394624,-0.170020
-0.037467,0.395585,-0.169075
-0.040939,0.396245,-0.168426
-0.044404,0.397010,-0.167674
-0.047875,0.397599,-0.167095
-0.051355,0.397974,-0.166726
-0.054834,0.398349,-0.166357
-0.058312,0.398731,-0.165981
-0.061788,0.399113,-0.165606
-0.065275,0.399291,-0.165431
-0.068796,0.398942,-0.165774
-0.072321,0.398573,-0.166137
-0.075868,0.397906,-0.166793
-0.079428,0.397102,-0.167584
-0.083025,0.395842,-0.168823
-0.086686,0.393802,-0.170828
-0.090370,0.391581,-0.173011
-0.094092,0.389010,-0.175540
-0.097881,0.385756,-0.178740
-0.101685,0.382499,-0.181942
-0.105744,0.376432,-0.187908
-0.111053,0.356381,-0.207622
-0.115585,0.345966,-0.217864
-0.119935,0.338021,-0.225676
-0.124123,0.332167,-0.231431
-0.127992,0.329913,-0.233648
-0.131944,0.326908,-0.236602
-0.135865,0.324352,-0.239115
-0.139755,0.322221,-0.241210
-0.143607,0.320538,-0.242865
-0.147455,0.318970,-0.244407
-0.151323,0.317297,-0.246052
-0.155203,0.315581,-0.247739
-0.159091,0.313862,-0.249430
0.101468,0.330536,-0.227895
0.097527,0.338941,-0.219656
0.093626,0.347263,-0.211499
0.089763,0.355503,-0.203421
0.085938,0.363662,-0.195423
0.082149,0.371742,-0.187502
0.078398,0.379744,-0.179659
0.074682,0.387669,-0.171890
0.071173,0.387487,-0.172069
0.067677,0.386608,-0.172930
0.064176,0.385837,-0.173686
0.060673,0.384963,-0.174543
0.057167,0.384022,-0.175465
0.053657,0.383091,-0.176378
0.050143,0.382169,-0.177281
0.046625,0.381247,-0.178186
0.043103,0.380344,-0.179070
0.039578,0.379577,-0.179822
0.036049,0.378810,-0.180574
0.032516,0.378041,-0.181327
0.028981,0.377332,-0.182023
0.025444,0.376789,-0.182556
0.021904,0.376245,-0.183089
0.018362,0.375701,-0.183621
0.014822,0.375516,-0.183803
0.011288,0.375800,-0.183525
0.007757,0.376205,-0.183128
0.004230,0.376689,-0.182653
0.000704,0.377174,-0.182178
-0.002814,0.377908,-0.181459
-0.006321,0.378947,-0.180440
-0.009819,0.380173,-0.179238
-0.013311,0.381412,-0.178023
-0.016793,0.382837,-0.176627
-0.020252,0.384743,-0.174758
-0.023698,0.386778,-0.172763
-0.027149,0.388496,-0.171080
-0.030601,0.389991,-0.169614
-0.034050,0.391430,-0.168204
-0.037515,0.392382,-0.167270
-0.040990,0.393025,-0.166640
-0.044463,0.393671,-0.166006
-0.047948,0.394031,-0.165654
-0.051441,0.394223,-0.165466
-0.054932,0.394448,-0.165245
-0.058419,0.394732,-0.164967
-0.061904,0.395028,-0.164676
-0.065418,0.394850,-0.164851
-0.068950,0.394415,-0.165278
-0.072486,0.393936,-0.165746
-0.076037,0.393284,-0.166386
-0.079600,0.392515,-0.167140
-0.083230,0.390875,-0.168747
-0.086887,0.388959,-0.170626
-0.090586,0.386624,-0.172915
-0.094279,0.384497,-0.175000
-0.098061,0.381391,-0.178044
-0.101876,0.378052,-0.181317
-0.105942,0.371943,-0.187305
-0.111021,0.354559,-0.204346
-0.115469,0.345056,-0.213662
-0.119668,0.338720,-0.219872
-0.123870,0.332651,-0.225822
-0.127732,0.330400,-0.228028
-0.131672,0.327458,-0.230912
-0.135487,0.325899,-0.232440
-0.139284,0.324587,-0.233726
-0.143148,0.322695,-0.235581
-0.146994,0.321062,-0.237182
-0.150838,0.319515,-0.238697
-0.154693,0.317934,-0.240248
-0.158571,0.316221,-0.241927
-0.162370,0.315267,-0.242861
-0.166119,0.314773,-0.243346
-0.170030,0.312956,-0.245127
-0.173958,0.311070,-0.246976
-0.177925,0.308951,-0.249053
-0.181836,0.307348,-0.250625
0.101434,0.329204,-0.224072
0.097496,0.337611,-0.215856
0.093597,0.345935,-0.207721
0.089735,0.354177,-0.199666
0.085912,0.362339,-0.191690
0.082126,0.370421,-0.183792
0.078376,0.378426,-0.175970
0.074669,0.386105,-0.168465
0.071177,0.385160,-0.169389
0.067682,0.384214,-0.170313
0.064179,0.383505,-0.171006
0.060673,0.382796,-0.171699
0.057165,0.382039,-0.172439
0.053655,0.381128,-0.173329
0.050141,0.380296,-0.174142
0.046623,0.379463,-0.174956
0.043101,0.378745,-0.175658
0.039576,0.378227,-0.176164
0.036049,0.377709,-0.176670
0.032519,0.377142,-0.177225
0.028986,0.376493,-0.177858
0.025452,0.375950,-0.178389
0.021915,0.375407,-0.178919
0.018376,0.374857,-0.179458
0.014833,0.374275,-0.180026
0.011292,0.373920,-0.180373
0.007763,0.374407,-0.179897
0.004237,0.374894,-0.179421
0.000712,0.375381,-0.178945
-0.002811,0.375867,-0.178470
-0.006329,0.376501,-0.177851
-0.009827,0.377733,-0.176646
-0.013320,0.378964,-0.175443
-0.016808,0.380194,-0.174242
-0.020285,0.381606,-0.172862
-0.023744,0.383358,-0.171150
-0.027197,0.385083,-0.169464
-0.030649,0.386661,-0.167922
-0.034095,0.388234,-0.166385
-0.037562,0.389177,-0.165463
-0.041044,0.389733,-0.164920
-0.044525,0.390269,-0.164396
-0.048032,0.390250,-0.164414
-0.051537,0.390282,-0.164383
-0.055032,0.390512,-0.164158
-0.058533,0.390604,-0.164068
-0.062039,0.390622,-0.164051
-0.065573,0.390202,-0.164461
-0.069108,0.389791,-0.164863
-0.072656,0.389223,-0.165419
-0.076213,0.388571,-0.166056
-0.079783,0.387777,-0.166831
-0.083428,0.386001,-0.168567
-0.087078,0.384256,-0.170272
-0.090747,0.382384,-0.172101
-0.094468,0.379957,-0.174474
-0.098248,0.376928,-0.177433
-0.102145,0.372658,-0.181606
-0.106425,0.364109,-0.189961
-0.111035,0.352211,-0.201588
-0.115335,0.344361,-0.209260
-0.119445,0.338944,-0.214553
-0.123597,0.333346,-0.220023
-0.127531,0.330278,-0.223022
-0.131499,0.326997,-0.226228
-0.135330,0.325238,-0.227947
-0.139131,0.323859,-0.229295
-0.142931,0.322545,-0.230579
-0.146701,0.321583,-0.231519
-0.150471,0.320657,-0.232424
-0.154259,0.319619,-0.233438
-0.158060,0.318509,-0.234523
-0.161871,0.317363,-0.235643
-0.165611,0.316871,-0.236123
-0.169354,0.316379,-0.236605
-0.173109,0.315817,-0.237154
-0.177093,0.313428,-0.239488
-0.181122,0.310772,-0.242084
-0.185038,0.309097,-0.243720
0.105376,0.319380,-0.228529
0.101400,0.327874,-0.220254
0.097464,0.336283,-0.212061
0.093567,0.344609,-0.203949
0.089708,0.352854,-0.195917
0.085887,0.361018,-0.187963
0.082103,0.369102,-0.180087
0.078355,0.377109,-0.172286
0.074675,0.383715,-0.165850
0.071183,0.382769,-0.166772
0.067686,0.381883,-0.167636
0.064182,0.381174,-0.168326
0.060676,0.380429,-0.169052
0.057167,0.379703,-0.169759
0.053652,0.379265,-0.170186
0.050137,0.378597,-0.170837
0.046620,0.377763,-0.171650
0.043099,0.377143,-0.172253
0.039575,0.376625,-0.172758
0.036049,0.376046,-0.173322
0.032520,0.375420,-0.173932
0.028989,0.375028,-0.174314
0.025457,0.374593,-0.174737
0.021921,0.374012,-0.175303
0.018383,0.373432,-0.175869
0.014843,0.372850,-0.176436
0.011306,0.372711,-0.176571
0.007769,0.372606,-0.176674
0.004237,0.372772,-0.176512
0.000712,0.373259,-0.176038
-0.002810,0.373746,-0.175563
-0.006325,0.374477,-0.174851
-0.009836,0.375247,-0.174100
-0.013333,0.376384,-0.172993
-0.016822,0.377622,-0.171787
-0.020305,0.378896,-0.170546
-0.023782,0.380168,-0.169306
-0.027246,0.381666,-0.167847
-0.030702,0.383201,-0.166352
-0.034154,0.384693,-0.164898
-0.037622,0.385697,-0.163920
-0.041105,0.386300,-0.163332
-0.044592,0.386751,-0.162893
-0.048105,0.386695,-0.162947
-0.051624,0.386521,-0.163117
-0.055144,0.386347,-0.163287
-0.058665,0.386171,-0.163457
-0.062190,0.385960,-0.163663
-0.065725,0.385602,-0.164012
-0.069264,0.385218,-0.164386
-0.072828,0.384487,-0.165099
-0.076392,0.383801,-0.165767
-0.079986,0.382740,-0.166800
-0.083610,0.381341,-0.168163
-0.087261,0.379656,-0.169805
-0.090915,0.378038,-0.171382
-0.094651,0.375472,-0.173881
-0.098422,0.372615,-0.176665
-0.102403,0.367386,-0.181759
-0.106861,0.356818,-0.192055
-0.111136,0.348865,-0.199803
-0.115288,0.342684,-0.205825
-0.119375,0.337506,-0.210869
-0.123415,0.333080,-0.215182
-0.127363,0.329815,-0.218362
-0.131327,0.326537,-0.221556
-0.135167,0.324647,-0.223397
-0.138975,0.323161,-0.224845
-0.142775,0.321819,-0.226152
-0.146550,0.320769,-0.227176
-0.150276,0.320226,-0.227705
-0.154044,0.319327,-0.228580
-0.157833,0.318289,-0.229592
-0.161613,0.317373,-0.230484
-0.165356,0.316819,-0.231024
-0.169087,0.316384,-0.231448
-0.172822,0.315949,-0.231871
-0.176649,0.314788,-0.233003
-0.180464,0.313772,-0.233993
-0.184284,0.312754,-0.234984
-0.188230,0.310816,-0.236873
0.105340,0.318049,-0.224693
0.101366,0.326545,-0.216442
0.097433,0.334957,-0.208272
0.093538,0.343285,-0.200183
0.089681,0.351532,-0.192173
0.085861,0.359698,-0.184242
0.082080,0.367785,-0.176387
0.078334,0.375794,-0.168608
0.074685,0.381115,-0.163440
0.071190,0.380281,-0.164250
0.067690,0.379505,-0.165004
0.064187,0.378735,-0.165752
0.060681,0.377964,-0.166501
0.057170,0.377352,-0.167095
0.053654,0.376914,-0.167521
0.050136,0.376474,-0.167948
0.046617,0.376036,-0.168374
0.043097,0.375428,-0.168964
0.039574,0.374802,-0.169572
0.036049,0.374175,-0.170181
0.032520,0.373579,-0.170759
0.028991,0.373239,-0.171090
0.025460,0.372899,-0.171420
0.021927,0.372558,-0.171751
0.018391,0.372008,-0.172285
0.014855,0.371666,-0.172618
0.011321,0.371560,-0.172720
0.007786,0.371454,-0.172823
0.004251,0.371349,-0.172926
0.000716,0.371243,-0.173028
-0.002807,0.371743,-0.172543
-0.006320,0.372514,-0.171794
-0.009831,0.373286,-0.171045
-0.013338,0.374056,-0.170296
-0.016836,0.375026,-0.169354
-0.020325,0.376131,-0.168281
-0.023811,0.377236,-0.167208
-0.027290,0.378369,-0.166107
-0.030759,0.379644,-0.164869
-0.034218,0.381059,-0.163494
-0.037685,0.382145,-0.162440
-0.041170,0.382753,-0.161850
-0.044666,0.383115,-0.161498
-0.048190,0.382882,-0.161724
-0.051712,0.382708,-0.161893
-0.055248,0.382314,-0.162276
-0.058793,0.381801,-0.162775
-0.062332,0.381430,-0.163134
-0.065873,0.381055,-0.163498
-0.069427,0.380511,-0.164027
-0.072997,0.379775,-0.164742
-0.076569,0.379057,-0.165439
-0.080171,0.377962,-0.166502
-0.083784,0.376784,-0.167647
-0.087414,0.375448,-0.168944
-0.091068,0.373889,-0.170458
-0.094807,0.371342,-0.172932
-0.098644,0.367708,-0.176462
-0.102693,0.361718,-0.182280
-0.107063,0.352260,-0.191466
-0.111170,0.346292,-0.197262
-0.115250,0.340914,-0.202486
-0.119324,0.335864,-0.207391
-0.123252,0.332615,-0.210546
-0.127196,0.329354,-0.213714
-0.131155,0.326079,-0.216895
-0.135005,0.324058,-0.218858
-0.138809,0.322573,-0.220300
-0.142619,0.321096,-0.221735
-0.146400,0.319956,-0.222841
-0.150123,0.319414,-0.223368
-0.153849,0.318871,-0.223895
-0.157615,0.317998,-0.224743
-0.161391,0.317079,-0.225636
-0.165147,0.316374,-0.226321
-0.168888,0.315825,-0.226854
-0.172619,0.315391,-0.227276
-0.176488,0.313866,-0.228757
-0.180318,0.312701,-0.229889
-0.184136,0.311683,-0.230877
-0.187960,0.310659,-0.231872
0.105304,0.316721,-0.220864
0.101333,0.325219,-0.212635
0.097401,0.333632,-0.204488
0.093508,0.341963,-0.196422
0.089653,0.350212,-0.188434
0.085836,0.358380,-0.180525
0.082056,0.366470,-0.172692
0.078313,0.374481,-0.164935
0.074697,0.378477,-0.161066
0.071201,0.377629,-0.161887
0.067699,0.376920,-0.162574
0.064193,0.376247,-0.163225
0.060686,0.375499,-0.163949
0.057172,0.375002,-0.164431
0.053656,0.374572,-0.164847
0.050138,0.374146,-0.165260
0.046618,0.373739,-0.165654
0.043097,0.373369,-0.166012
0.039573,0.372932,-0.166435
0.036049,0.372304,-0.167043
0.032521,0.371793,-0.167538
0.028992,0.371452,-0.167868
0.025462,0.371111,-0.168198
0.021930,0.370774,-0.168525
0.018398,0.370455,-0.168834
0.014865,0.370330,-0.168955
0.011333,0.370186,-0.169094
0.007799,0.370042,-0.169234
0.004265,0.369898,-0.169373
0.000729,0.369754,-0.169513
-0.002801,0.369828,-0.169441
-0.006328,0.370061,-0.169215
-0.009839,0.370816,-0.168484
-0.013348,0.371569,-0.167754
-0.016854,0.372309,-0.167038
-0.020357,0.373043,-0.166328
-0.023850,0.374002,-0.165399
-0.027331,0.375151,-0.164286
-0.030803,0.376429,-0.163049
-0.034272,0.377647,-0.161869
-0.037751,0.378517,-0.161027
-0.041245,0.379017,-0.160543
-0.044739,0.379476,-0.160099
-0.048275,0.379071,-0.160491
-0.051829,0.378372,-0.161168
-0.055381,0.377759,-0.161761
-0.058932,0.377230,-0.162274
-0.062481,0.376777,-0.162712
-0.066032,0.376324,-0.163150
-0.069595,0.375735,-0.163722
-0.073164,0.375090,-0.164346
-0.076737,0.374434,-0.164981
-0.080311,0.373809,-0.165586
-0.083928,0.372634,-0.166724
-0.087550,0.371475,-0.167846
-0.091237,0.369519,-0.169740
-0.094979,0.366995,-0.172184
-0.098946,0.361806,-0.177208
-0.103084,0.354830,-0.183963
-0.107234,0.348070,-0.190508
-0.111290,0.342724,-0.195685
-0.115310,0.338047,-0.200214
-0.119227,0.334725,-0.203430
-0.123129,0.331732,-0.206329
-0.127045,0.328728,-0.209237
-0.130984,0.325621,-0.212246
-0.134842,0.323469,-0.214329
-0.138643,0.321985,-0.215766
-0.142450,0.320498,-0.217206
-0.146251,0.319146,-0.218515
-0.149970,0.318604,-0.219040
-0.153693,0.318061,-0.219566
-0.157419,0.317518,-0.220092
-0.161170,0.316785,-0.220801
-0.164921,0.316081,-0.221483
-0.168677,0.315376,-0.222166
-0.172421,0.314807,-0.222717
-0.176306,0.313109,-0.224361
-0.180173,0.311631,-0.225792
-0.183988,0.310614,-0.226777
-0.187810,0.309584,-0.227774
0.109276,0.306808,-0.225327
0.105268,0.315394,-0.217039
0.101299,0.323894,-0.208834
0.097369,0.332310,-0.200710
0.093479,0.340643,-0.192666
0.089626,0.348894,-0.184701
0.085811,0.357065,-0.176813
0.082033,0.365157,-0.169003
0.078291,0.373170,-0.161267
0.074709,0.375837,-0.158692
0.071212,0.374982,-0.159518
0.067707,0.374309,-0.160168
0.064201,0.373635,-0.160818
0.060690,0.373067,-0.161366
0.057174,0.372683,-0.161737
0.053658,0.372257,-0.162148
0.050139,0.371830,-0.162561
0.046619,0.371443,-0.162934
0.043097,0.371073,-0.163291
0.039574,0.370702,-0.163649
0.036049,0.370332,-0.164007
0.032522,0.370025,-0.164303
0.028994,0.369705,-0.164612
0.025465,0.369385,-0.164921
0.021934,0.369064,-0.165231
0.018403,0.368820,-0.165466
0.014872,0.368700,-0.165582
0.011341,0.368581,-0.165697
0.007809,0.368454,-0.165820
0.004275,0.368310,-0.165959
0.000744,0.368289,-0.165979
-0.002785,0.368367,-0.165904
-0.006314,0.368444,-0.165829
-0.009843,0.368523,-0.165753
-0.013359,0.369038,-0.165256
-0.016866,0.369773,-0.164546
-0.020370,0.370505,-0.163840
-0.023872,0.371229,-0.163140
-0.027372,0.371942,-0.162452
-0.030859,0.372894,-0.161534
-0.034334,0.374026,-0.160441
-0.037815,0.374935,-0.159563
-0.041314,0.375403,-0.159111
-0.044824,0.375583,-0.158938
-0.048377,0.374929,-0.159569
-0.051939,0.374139,-0.160332
-0.055495,0.373557,-0.160893
-0.059055,0.372943,-0.161486
-0.062620,0.372283,-0.162123
-0.066186,0.371681,-0.162704
-0.069752,0.371105,-0.163260
-0.073324,0.370499,-0.163845
-0.076898,0.369905,-0.164419
-0.080474,0.369334,-0.164970
-0.084065,0.368587,-0.165691
-0.087694,0.367382,-0.166855
-0.091418,0.365001,-0.169152
-0.095258,0.361279,-0.172746
-0.099288,0.355389,-0.178432
-0.103322,0.349778,-0.183848
-0.107371,0.344276,-0.189159
-0.111377,0.339535,-0.193736
-0.115293,0.336053,-0.197097
-0.119224,0.332562,-0.200467
-0.123126,0.329565,-0.203360
-0.127041,0.326557,-0.206263
-0.130882,0.324465,-0.208283
-0.134705,0.322635,-0.210049
-0.138508,0.321096,-0.211535
-0.142311,0.319625,-0.212955
-0.146121,0.318151,-0.214378
-0.149867,0.317342,-0.215159
-0.153587,0.316800,-0.215682
-0.157311,0.316257,-0.216207
-0.161049,0.315618,-0.216823
-0.164793,0.314957,-0.217461
-0.168535,0.314353,-0.218045
-0.172293,0.313636,-0.218736
-0.176125,0.312353,-0.219975
-0.180016,0.310652,-0.221617
-0.183840,0.309546,-0.222685
-0.187636,0.308698,-0.223503
0.109238,0.305481,-0.221485
0.105232,0.314069,-0.213220
0.101265,0.322572,-0.205038
0.097338,0.330990,-0.196937
0.093449,0.339324,-0.188916
0.089599,0.347578,-0.180973
0.085786,0.355751,-0.173107
0.082010,0.363845,-0.165318
0.078270,0.371860,-0.157604
0.074721,0.373168,-0.156346
0.071221,0.372372,-0.157112
0.067715,0.371752,-0.157709
0.064207,0.371137,-0.158300
0.060694,0.370667,-0.158752
0.057177,0.370299,-0.159108
0.053660,0.369929,-0.159463
0.050141,0.369519,-0.159858
0.046620,0.369148,-0.160215
0.043098,0.368812,-0.160538
0.039574,0.368477,-0.160861
0.036048,0.368150,-0.161175
0.032522,0.368042,-0.161279
0.028996,0.367933,-0.161385
0.025468,0.367676,-0.161631
0.021938,0.367356,-0.161939
0.018408,0.367187,-0.162102
0.014879,0.367067,-0.162218
0.011348,0.366947,-0.162333
0.007817,0.366829,-0.162447
0.004286,0.366725,-0.162546
0.000758,0.366796,-0.162478
-0.002770,0.366866,-0.162411
-0.006298,0.366936,-0.162343
-0.009826,0.367006,-0.162276
-0.013353,0.367108,-0.162177
-0.016878,0.367242,-0.162049
-0.020386,0.367902,-0.161413
-0.023889,0.368628,-0.160715
-0.027389,0.369335,-0.160034
-0.030887,0.370031,-0.159365
-0.034383,0.370727,-0.158695
-0.037885,0.371220,-0.158221
-0.041407,0.371258,-0.158185
-0.044928,0.371295,-0.158148
-0.048465,0.371036,-0.158398
-0.052032,0.370244,-0.159160
-0.055607,0.369375,-0.159996
-0.059186,0.368493,-0.160844
-0.062763,0.367730,-0.161579
-0.066327,0.367231,-0.162059
-0.069891,0.366780,-0.162493
-0.073461,0.366263,-0.162991
-0.077040,0.365665,-0.163566
-0.080614,0.365172,-0.164041
-0.084188,0.364717,-0.164479
-0.087882,0.362688,-0.166432
-0.091604,0.360395,-0.168638
-0.095547,0.355419,-0.173427
-0.099475,0.350901,-0.177775
-0.103475,0.345745,-0.182737
-0.107464,0.340986,-0.187316
-0.111394,0.337155,-0.191003
-0.115289,0.333903,-0.194133
-0.119207,0.330558,-0.197352
-0.123102,0.327616,-0.200184
-0.126912,0.325715,-0.202013
-0.130731,0.323809,-0.203847
-0.134559,0.321899,-0.205686
-0.138370,0.320242,-0.207279
-0.142180,0.318671,-0.208792
-0.145988,0.317197,-0.210210
-0.149749,0.316213,-0.211157
-0.153494,0.315428,-0.211913
-0.157222,0.314837,-0.212481
-0.160958,0.314197,-0.213097
-0.164719,0.313374,-0.213890
-0.168461,0.312752,-0.214488
-0.172238,0.311876,-0.215331
-0.176025,0.310944,-0.216228
-0.179832,0.309899,-0.217234
-0.183692,0.308480,-0.218599
-0.187478,0.307690,-0.219359
-0.191263,0.306942,-0.220079
0.109200,0.304157,-0.217648
0.105196,0.312746,-0.209406
0.101232,0.321251,-0.201247
0.097306,0.329671,-0.193169
0.093420,0.338008,-0.185170
0.089572,0.346264,-0.177249
0.085761,0.354439,-0.169406
0.081987,0.362535,-0.161639
0.078249,0.370553,-0.153947
0.074734,0.370458,-0.154037
0.071230,0.369832,-0.154638
0.067722,0.369258,-0.155189
0.064213,0.368642,-0.155780
0.060697,0.368267,-0.156139
0.057181,0.367898,-0.156494
0.053663,0.367476,-0.156898
0.050143,0.367171,-0.157191
0.046620,0.366965,-0.157389
0.043098,0.366629,-0.157711
0.039574,0.366293,-0.158034
0.036049,0.366043,-0.158273
0.032523,0.365935,-0.158377
0.028996,0.365825,-0.158482
0.025469,0.365716,-0.158587
0.021942,0.365637,-0.158663
0.018414,0.365560,-0.158737
0.014885,0.365443,-0.158849
0.011356,0.365327,-0.158961
0.007826,0.365210,-0.159073
0.004298,0.365176,-0.159105
0.000771,0.365247,-0.159037
-0.002756,0.365319,-0.158968
-0.006283,0.365390,-0.158900
-0.009809,0.365460,-0.158833
-0.013334,0.365590,-0.158708
-0.016858,0.365724,-0.158580
-0.020382,0.365857,-0.158451
-0.023905,0.366026,-0.158289
-0.027410,0.366631,-0.157709
-0.030916,0.367167,-0.157194
-0.034420,0.367703,-0.156680
-0.037938,0.367881,-0.156510
-0.041476,0.367613,-0.156767
-0.045016,0.367345,-0.157024
-0.048558,0.367077,-0.157282
-0.052131,0.366219,-0.158105
-0.055713,0.365288,-0.158998
-0.059300,0.364355,-0.159892
-0.062884,0.363536,-0.160678
-0.066442,0.363210,-0.160991
-0.070006,0.362818,-0.161368
-0.073576,0.362363,-0.161804
-0.077151,0.361873,-0.162274
-0.080730,0.361352,-0.162774
-0.084365,0.360102,-0.163973
-0.088057,0.358160,-0.165837
-0.091876,0.354669,-0.169186
-0.095789,0.350162,-0.173510
-0.099688,0.346083,-0.177423
-0.103566,0.342463,-0.180896
-0.107486,0.338550,-0.184651
-0.111428,0.334578,-0.188461
-0.115323,0.331321,-0.191586
-0.119163,0.328839,-0.193967
-0.122989,0.326631,-0.196086
-0.126770,0.325004,-0.197646
-0.130580,0.323155,-0.199421
-0.134404,0.321245,-0.201253
-0.138222,0.319487,-0.202939
-0.142036,0.317849,-0.204511
-0.145854,0.316245,-0.206050
-0.149629,0.315114,-0.207135
-0.153372,0.314328,-0.207889
-0.157118,0.313541,-0.208644
-0.160867,0.312778,-0.209377
-0.164631,0.311917,-0.210202
-0.168404,0.311014,-0.211069
-0.172186,0.310084,-0.211961
-0.175973,0.309153,-0.212854
-0.179764,0.308220,-0.213749
-0.183563,0.307270,-0.214661
-0.187324,0.306658,-0.215248
-0.191103,0.305937,-0.215940
0.109162,0.302833,-0.213817
0.105160,0.311425,-0.205598
0.101198,0.319932,-0.197462
0.097275,0.328354,-0.189406
0.093391,0.336694,-0.181430
0.089544,0.344952,-0.173532
0.085736,0.353129,-0.165711
0.081964,0.361227,-0.157965
0.078247,0.368505,-0.151004
0.074747,0.367735,-0.151740
0.071240,0.367207,-0.152245
0.067730,0.366690,-0.152739
0.064218,0.366207,-0.153201
0.060703,0.365776,-0.153614
0.057186,0.365344,-0.154027
0.053667,0.364912,-0.154440
0.050145,0.364721,-0.154623
0.046622,0.364558,-0.154779
0.043098,0.364395,-0.154935
0.039574,0.364110,-0.155208
0.036049,0.363937,-0.155372
0.032523,0.363840,-0.155466
0.028996,0.363759,-0.155543
0.025470,0.363679,-0.155619
0.021943,0.363657,-0.155640
0.018417,0.363714,-0.155585
0.014891,0.363771,-0.155531
0.011364,0.363709,-0.155590
0.007835,0.363593,-0.155702
0.004309,0.363629,-0.155667
0.000783,0.363700,-0.155599
-0.002742,0.363772,-0.155531
-0.006269,0.363794,-0.155509
-0.009796,0.363790,-0.155513
-0.013323,0.363833,-0.155473
-0.016848,0.363895,-0.155412
-0.020374,0.363958,-0.155352
-0.023900,0.364017,-0.155296
-0.027427,0.364058,-0.155257
-0.030953,0.364099,-0.155218
-0.034462,0.364567,-0.154770
-0.037988,0.364613,-0.154727
-0.041530,0.364322,-0.155005
-0.045075,0.363996,-0.155316
-0.048624,0.363616,-0.155680
-0.052214,0.362505,-0.156743
-0.055809,0.361393,-0.157806
-0.059410,0.360278,-0.158872
-0.062991,0.359570,-0.159549
-0.066555,0.359207,-0.159897
-0.070121,0.358843,-0.160245
-0.073687,0.358513,-0.160560
-0.077284,0.357742,-0.161298
-0.080919,0.356489,-0.162496
-0.084560,0.355234,-0.163697
-0.088263,0.353211,-0.165632
-0.092085,0.349751,-0.168941
-0.095924,0.346268,-0.172272
-0.099784,0.342713,-0.175672
-0.103666,0.339075,-0.179152
-0.107571,0.335356,-0.182709
-0.111415,0.332541,-0.185402
-0.115221,0.330285,-0.187559
-0.119054,0.327849,-0.189889
-0.122899,0.325407,-0.192226
-0.126690,0.323650,-0.193906
-0.130476,0.322020,-0.195465
-0.134271,0.320386,-0.197027
-0.138075,0.318734,-0.198608
-0.141893,0.317027,-0.200241
-0.145720,0.315309,-0.201884
-0.149539,0.313741,-0.203383
-0.153301,0.312756,-0.204326
-0.157068,0.311779,-0.205260
-0.160837,0.310823,-0.206174
-0.164603,0.309940,-0.207019
-0.168375,0.309044,-0.207876
-0.172155,0.308123,-0.208757
-0.175941,0.307191,-0.209649
-0.179744,0.306167,-0.210628
-0.183552,0.305139,-0.211611
-0.187312,0.304525,-0.212198
-0.191101,0.303725,-0.212963
0.113164,0.292831,-0.218268
0.109124,0.301512,-0.209990
0.105124,0.310106,-0.201796
0.101164,0.318615,-0.193682
0.097244,0.327039,-0.185649
0.093362,0.335380,-0.177695
0.089517,0.343641,-0.169819
0.085711,0.351820,-0.162020
0.081940,0.359921,-0.154295
0.078262,0.365747,-0.148740
0.074759,0.365097,-0.149360
0.071250,0.364578,-0.149855
0.067739,0.364059,-0.150349
0.064225,0.363633,-0.150755
0.060709,0.363213,-0.151156
0.057191,0.362780,-0.151569
0.053671,0.362434,-0.151899
0.050148,0.362271,-0.152055
0.046624,0.362107,-0.152210
0.043099,0.361947,-0.152363
0.039574,0.361816,-0.152488
0.036049,0.361899,-0.152409
0.032523,0.361819,-0.152486
0.028997,0.361738,-0.152563
0.025470,0.361658,-0.152639
0.021944,0.361678,-0.152620
0.018419,0.361735,-0.152566
0.014893,0.361792,-0.152511
0.011368,0.361850,-0.152456
0.007843,0.361905,-0.152403
0.004317,0.361909,-0.152400
0.000791,0.361901,-0.152407
-0.002736,0.361893,-0.152415
-0.006263,0.361885,-0.152422
-0.009790,0.361884,-0.152423
-0.013317,0.361887,-0.152421
-0.016844,0.361890,-0.152418
-0.020370,0.361936,-0.152374
-0.023896,0.361988,-0.152324
-0.027422,0.362029,-0.152285
-0.030951,0.362007,-0.152306
-0.034483,0.361930,-0.152380
-0.038033,0.361456,-0.152831
-0.041588,0.360908,-0.153354
-0.045136,0.360582,-0.153665
-0.048695,0.360053,-0.154170
-0.052289,0.358930,-0.155241
-0.055892,0.357728,-0.156386
-0.059501,0.356525,-0.157534
-0.063068,0.356117,-0.157922
-0.066629,0.355843,-0.158184
-0.070198,0.355478,-0.158532
-0.073768,0.355113,-0.158880
-0.077387,0.354069,-0.159876
-0.081021,0.352868,-0.161021
-0.084664,0.351628,-0.162203
-0.088386,0.349388,-0.164339
-0.092183,0.346303,-0.167281
-0.096025,0.342807,-0.170614
-0.099884,0.339287,-0.173970
-0.103710,0.336363,-0.176758
-0.107524,0.333736,-0.179264
-0.111350,0.331099,-0.181778
-0.115160,0.328789,-0.183981
-0.118966,0.326629,-0.186041
-0.122787,0.324419,-0.188148
-0.126609,0.322298,-0.190170
-0.130400,0.320604,-0.191786
-0.134215,0.318744,-0.193559
-0.138038,0.316894,-0.195323
-0.141825,0.315473,-0.196678
-0.145650,0.313766,-0.198306
-0.149480,0.312072,-0.199921
-0.153263,0.310897,-0.201042
-0.157042,0.309797,-0.202091
-0.160813,0.308825,-0.203017
-0.164578,0.307940,-0.203860
-0.168348,0.307055,-0.204705
-0.172129,0.306126,-0.205591
-0.175928,0.305078,-0.206590
-0.179734,0.304029,-0.207591
-0.183541,0.303008,-0.208564
-0.187301,0.302394,-0.209149
0.113124,0.291509,-0.214424
0.109086,0.300192,-0.206169
0.105089,0.308789,-0.197998
0.101131,0.317299,-0.189908
0.097212,0.325726,-0.181897
0.093332,0.334070,-0.173965
0.089490,0.342332,-0.166111
0.085685,0.350514,-0.158334
0.081917,0.358616,-0.150631
0.078276,0.363061,-0.146406
0.074771,0.362434,-0.147002
0.071260,0.361947,-0.147465
0.067748,0.361475,-0.147914
0.064232,0.361055,-0.148313
0.060715,0.360635,-0.148712
0.057197,0.360216,-0.149111
0.053674,0.359987,-0.149329
0.050150,0.359831,-0.149476
0.046626,0.359675,-0.149625
0.043101,0.359519,-0.149773
0.039575,0.359490,-0.149801
0.036049,0.359572,-0.149722
0.032523,0.359656,-0.149643
0.028997,0.359718,-0.149585
0.025471,0.359642,-0.149656
0.021946,0.359699,-0.149602
0.018421,0.359761,-0.149544
0.014896,0.359823,-0.149484
0.011371,0.359886,-0.149424
0.007846,0.359933,-0.149380
0.004321,0.359958,-0.149357
0.000795,0.359982,-0.149333
-0.002731,0.359985,-0.149330
-0.006257,0.359977,-0.149338
-0.009783,0.359979,-0.149336
-0.013310,0.359982,-0.149333
-0.016837,0.359966,-0.149348
-0.020366,0.359908,-0.149403
-0.023900,0.359731,-0.149572
-0.027433,0.359603,-0.149694
-0.030964,0.359525,-0.149768
-0.034497,0.359448,-0.149841
-0.038052,0.358878,-0.150383
-0.041610,0.358294,-0.150937
-0.045171,0.357701,-0.151502
-0.048755,0.356723,-0.152431
-0.052369,0.355255,-0.153826
-0.055981,0.353956,-0.155061
-0.059586,0.352871,-0.156093
-0.063147,0.352620,-0.156332
-0.066710,0.352369,-0.156570
-0.070274,0.352110,-0.156816
-0.073860,0.351554,-0.157344
-0.077488,0.350416,-0.158427
-0.081121,0.349275,-0.159511
-0.084768,0.348015,-0.160709
-0.088529,0.345292,-0.163297
-0.092293,0.342679,-0.165781
-0.096059,0.340192,-0.168145
-0.099853,0.337503,-0.170702
-0.103657,0.334827,-0.173246
-0.107464,0.332262,-0.175684
-0.111284,0.329679,-0.178139
-0.115108,0.327191,-0.180504
-0.118913,0.325030,-0.182559
-0.122731,0.322833,-0.184648
-0.126557,0.320650,-0.186722
-0.130365,0.318765,-0.188514
-0.134180,0.316904,-0.190284
-0.138003,0.315038,-0.192057
-0.141795,0.313562,-0.193460
-0.145589,0.312138,-0.194814
-0.149412,0.310501,-0.196370
-0.153203,0.309229,-0.197580
-0.156990,0.308051,-0.198700
-0.160788,0.306826,-0.199863
-0.164574,0.305760,-0.200878
-0.168363,0.304713,-0.201873
-0.172152,0.303716,-0.202820
-0.175918,0.302942,-0.203556
-0.179723,0.301892,-0.204555
-0.183529,0.300879,-0.205517
-0.187309,0.300110,-0.206248
0.113084,0.290190,-0.210585
0.109048,0.298875,-0.202355
0.105053,0.307473,-0.194206
0.101098,0.315986,-0.186138
0.097181,0.324415,-0.178150
0.093303,0.332761,-0.170241
0.089463,0.341025,-0.162409
0.085660,0.349209,-0.154653
0.081895,0.357314,-0.146972
0.078292,0.360281,-0.144160
0.074784,0.359754,-0.144659
0.071271,0.359318,-0.145072
0.067756,0.358912,-0.145457
0.064239,0.358506,-0.145842
0.060721,0.358099,-0.146228
0.057201,0.357750,-0.146558
0.053677,0.357572,-0.146727
0.050152,0.357405,-0.146886
0.046627,0.357248,-0.147034
0.043102,0.357093,-0.147181
0.039575,0.357163,-0.147115
0.036048,0.357246,-0.147036
0.032522,0.357329,-0.146957
0.028997,0.357397,-0.146893
0.025471,0.357514,-0.146782
0.021947,0.357735,-0.146573
0.018422,0.357799,-0.146512
0.014898,0.357862,-0.146453
0.011374,0.357925,-0.146393
0.007849,0.357962,-0.146358
0.004324,0.357986,-0.146335
0.000799,0.358011,-0.146311
-0.002726,0.358036,-0.146288
-0.006252,0.358008,-0.146314
-0.009780,0.357953,-0.146366
-0.013308,0.357895,-0.146422
-0.016837,0.357837,-0.146477
-0.020366,0.357777,-0.146533
-0.023901,0.357561,-0.146737
-0.027437,0.357346,-0.146942
-0.030975,0.357131,-0.147145
-0.034515,0.356884,-0.147379
-0.038072,0.356280,-0.147952
-0.041632,0.355675,-0.148525
-0.045195,0.355070,-0.149099
-0.048787,0.353950,-0.150160
-0.052402,0.352480,-0.151553
-0.056020,0.351080,-0.152879
-0.059625,0.350037,-0.153868
-0.063195,0.349649,-0.154236
-0.066762,0.349355,-0.154514
-0.070331,0.349061,-0.154793
-0.073926,0.348378,-0.155440
-0.077554,0.347271,-0.156490
-0.081187,0.346155,-0.157547
-0.084840,0.344844,-0.158789
-0.088553,0.342793,-0.160733
-0.092292,0.340519,-0.162888
-0.096044,0.338214,-0.165072
-0.099808,0.335890,-0.167276
-0.103605,0.333291,-0.169738
-0.107412,0.330711,-0.172184
-0.111230,0.328127,-0.174632
-0.115061,0.325537,-0.177087
-0.118868,0.323337,-0.179172
-0.122685,0.321132,-0.181261
-0.126514,0.318920,-0.183357
-0.130326,0.316977,-0.185199
-0.134144,0.315070,-0.187007
-0.137967,0.313198,-0.188780
-0.141765,0.311653,-0.190244
-0.145558,0.310227,-0.191596
-0.149359,0.308791,-0.192957
-0.153176,0.307265,-0.194403
-0.156995,0.305801,-0.195790
-0.160820,0.304334,-0.197181
-0.164602,0.303304,-0.198157
-0.168389,0.302280,-0.199127
-0.172178,0.301277,-0.200077
-0.175943,0.300519,-0.200796
-0.179713,0.299755,-0.201520
-0.183518,0.298750,-0.202472
-0.187323,0.297778,-0.203393
0.113044,0.288872,-0.206751
0.109010,0.297559,-0.198544
0.105017,0.306159,-0.190419
0.101064,0.314675,-0.182374
0.097150,0.323105,-0.174409
0.093274,0.331454,-0.166521
0.089436,0.339720,-0.158711
0.085636,0.347906,-0.150977
0.081872,0.356013,-0.143318
0.078308,0.357513,-0.141901
0.074796,0.357089,-0.142301
0.071280,0.356748,-0.142623
0.067763,0.356403,-0.142949
0.064245,0.355996,-0.143334
0.060726,0.355588,-0.143719
0.057204,0.355358,-0.143936
0.053680,0.355180,-0.144105
0.050155,0.355001,-0.144274
0.046629,0.354822,-0.144443
0.043103,0.354754,-0.144508
0.039575,0.354822,-0.144443
0.036048,0.354882,-0.144387
0.032522,0.354940,-0.144331
0.028996,0.354998,-0.144276
0.025470,0.355171,-0.144113
0.021946,0.355393,-0.143903
0.018422,0.355614,-0.143695
0.014899,0.355835,-0.143485
0.011376,0.355965,-0.143363
0.007852,0.355978,-0.143351
0.004326,0.355949,-0.143378
0.000800,0.355919,-0.143406
-0.002726,0.355890,-0.143433
-0.006253,0.355854,-0.143468
-0.009780,0.355808,-0.143512
-0.013308,0.355761,-0.143555
-0.016836,0.355707,-0.143607
-0.020366,0.355608,-0.143700
-0.023902,0.355392,-0.143904
-0.027439,0.355157,-0.144127
-0.030977,0.354912,-0.144358
-0.034525,0.354499,-0.144748
-0.038087,0.353796,-0.145412
-0.041652,0.353091,-0.146078
-0.045218,0.352439,-0.146695
-0.048816,0.351232,-0.147835
-0.052423,0.349934,-0.149062
-0.056036,0.348633,-0.150290
-0.059636,0.347690,-0.151181
-0.063212,0.347205,-0.151640
-0.066788,0.346783,-0.152038
-0.070357,0.346488,-0.152316
-0.073962,0.345680,-0.153079
-0.077586,0.344634,-0.154069
-0.081220,0.343535,-0.155107
-0.084879,0.342135,-0.156429
-0.088579,0.340277,-0.158185
-0.092292,0.338359,-0.159997
-0.096044,0.336055,-0.162174
-0.099807,0.333731,-0.164370
-0.103580,0.331419,-0.166554
-0.107362,0.329120,-0.168726
-0.111181,0.326521,-0.171181
-0.115011,0.323915,-0.173644
-0.118824,0.321640,-0.175792
-0.122640,0.319433,-0.177878
-0.126467,0.317220,-0.179969
-0.130285,0.315207,-0.181871
-0.134102,0.313298,-0.183675
-0.137928,0.311384,-0.185483
-0.141751,0.309588,-0.187180
-0.145563,0.307975,-0.188703
-0.149383,0.306358,-0.190230
-0.153204,0.304804,-0.191700
-0.157026,0.303311,-0.193110
-0.160852,0.301842,-0.194498
-0.164639,0.300777,-0.195504
-0.168419,0.299810,-0.196417
-0.172205,0.298838,-0.197335
-0.175971,0.298079,-0.198053
-0.179740,0.297319,-0.198771
-0.183520,0.296515,-0.199531
-0.187312,0.295643,-0.200354
0.117075,0.278779,-0.211190
0.113003,0.287556,-0.202924
0.108973,0.296245,-0.194739
0.104982,0.304847,-0.186637
0.101031,0.313364,-0.178615
0.097119,0.321798,-0.170672
0.093245,0.330148,-0.162807
0.089409,0.338416,-0.155019
0.085610,0.346605,-0.147306
0.081849,0.354714,-0.139668
0.078321,0.354861,-0.139530
0.074805,0.354518,-0.139852
0.071289,0.354176,-0.140175
0.067771,0.353833,-0.140498
0.064251,0.353485,-0.140825
0.060731,0.353145,-0.141146
0.057207,0.352966,-0.141314
0.053682,0.352803,-0.141468
0.050156,0.352668,-0.141595
0.046630,0.352533,-0.141722
0.043103,0.352463,-0.141788
0.039576,0.352424,-0.141825
0.036049,0.352483,-0.141770
0.032521,0.352541,-0.141714
0.028994,0.352607,-0.141653
0.025469,0.352829,-0.141444
0.021944,0.353051,-0.141235
0.018420,0.353273,-0.141026
0.014897,0.353464,-0.140846
0.011373,0.353635,-0.140685
0.007850,0.353749,-0.140577
0.004326,0.353799,-0.140530
0.000800,0.353770,-0.140557
-0.002726,0.353741,-0.140585
-0.006253,0.353700,-0.140624
-0.009780,0.353654,-0.140667
-0.013308,0.353608,-0.140710
-0.016837,0.353550,-0.140765
-0.020369,0.353396,-0.140910
-0.023905,0.353154,-0.141138
-0.027443,0.352909,-0.141369
-0.030982,0.352664,-0.141599
-0.034533,0.352155,-0.142079
-0.038096,0.351450,-0.142743
-0.041662,0.350737,-0.143414
-0.045232,0.350016,-0.144093
-0.048831,0.348772,-0.145265
-0.052439,0.347478,-0.146484
-0.056053,0.346182,-0.147704
-0.059647,0.345344,-0.148494
-0.063224,0.344857,-0.148952
-0.066803,0.344371,-0.149410
-0.070383,0.343915,-0.149839
-0.073997,0.342982,-0.150718
-0.077623,0.341933,-0.151706
-0.081254,0.340883,-0.152696
-0.084917,0.339450,-0.154045
-0.088613,0.337657,-0.155734
-0.092317,0.335860,-0.157427
-0.096043,0.333903,-0.159270
-0.099801,0.331638,-0.161404
-0.103574,0.329323,-0.163583
-0.107354,0.327039,-0.165735
-0.111144,0.324770,-0.167872
-0.114960,0.322310,-0.170189
-0.118779,0.319945,-0.172417
-0.122595,0.317736,-0.174498
-0.126421,0.315521,-0.176584
-0.130260,0.313275,-0.178699
-0.134093,0.311193,-0.180660
-0.137936,0.309107,-0.182625
-0.141768,0.307218,-0.184405
-0.145587,0.305545,-0.185980
-0.149407,0.303926,-0.187505
-0.153230,0.302359,-0.188981
-0.157053,0.300855,-0.190398
-0.160884,0.299350,-0.191815
-0.164675,0.298250,-0.192851
-0.168465,0.297211,-0.193830
-0.172255,0.296206,-0.194776
-0.176026,0.295407,-0.195528
-0.179803,0.294598,-0.196291
-0.183583,0.293797,-0.197046
-0.187365,0.293014,-0.197783
0.117033,0.277463,-0.207344
0.112963,0.286242,-0.199101
0.108935,0.294933,-0.190940
0.104946,0.303537,-0.182860
0.100997,0.312056,-0.174861
0.097088,0.320491,-0.166940
0.093216,0.328844,-0.159097
0.089382,0.337115,-0.151331
0.085586,0.345305,-0.143640
0.081852,0.352471,-0.136912
0.078335,0.352156,-0.137207
0.074817,0.351899,-0.137449
0.071299,0.351562,-0.137765
0.067779,0.351226,-0.138081
0.064259,0.350889,-0.138397
0.060733,0.350850,-0.138434
0.057208,0.350730,-0.138547
0.053683,0.350595,-0.138673
0.050157,0.350460,-0.138800
0.046630,0.350353,-0.138901
0.043103,0.350294,-0.138956
0.039576,0.350235,-0.139012
0.036049,0.350175,-0.139067
0.032521,0.350143,-0.139097
0.028994,0.350265,-0.138984
0.025467,0.350470,-0.138791
0.021942,0.350661,-0.138612
0.018417,0.350852,-0.138432
0.014893,0.351043,-0.138253
0.011369,0.351190,-0.138114
0.007845,0.351305,-0.138006
0.004321,0.351420,-0.137899
0.000798,0.351535,-0.137791
-0.002726,0.351592,-0.137737
-0.006254,0.351538,-0.137788
-0.009782,0.351468,-0.137854
-0.013310,0.351397,-0.137920
-0.016839,0.351327,-0.137986
-0.020373,0.351139,-0.138163
-0.023909,0.350898,-0.138389
-0.027447,0.350657,-0.138616
-0.030986,0.350415,-0.138842
-0.034542,0.349799,-0.139421
-0.038106,0.349078,-0.140098
-0.041673,0.348356,-0.140775
-0.045245,0.347593,-0.141492
-0.048847,0.346299,-0.142707
-0.052453,0.345070,-0.143861
-0.056057,0.343955,-0.144908
-0.059651,0.343106,-0.145705
-0.063236,0.342494,-0.146280
-0.066816,0.342008,-0.146737
-0.070399,0.341522,-0.147193
-0.074016,0.340529,-0.148125
-0.077642,0.339496,-0.149095
-0.081272,0.338463,-0.150065
-0.084934,0.337052,-0.151390
-0.088628,0.335298,-0.153037
-0.092332,0.333498,-0.154728
-0.096058,0.331540,-0.156566
-0.099804,0.329434,-0.158544
-0.103567,0.327229,-0.160614
-0.107348,0.324937,-0.162766
-0.111137,0.322665,-0.164900
-0.114938,0.320377,-0.167048
-0.118755,0.318035,-0.169247
-0.122584,0.315666,-0.171472
-0.126425,0.313289,-0.173704
-0.130267,0.311011,-0.175843
-0.134102,0.308899,-0.177826
-0.137946,0.306809,-0.179788
-0.141782,0.304879,-0.181600
-0.145602,0.303194,-0.183183
-0.149431,0.301505,-0.184769
-0.153256,0.299914,-0.186263
-0.157083,0.298382,-0.187701
-0.160921,0.296812,-0.189175
-0.164736,0.295512,-0.190396
-0.168527,0.294464,-0.191380
-0.172318,0.293465,-0.192318
-0.176088,0.292687,-0.193048
-0.179865,0.291877,-0.193809
-0.183646,0.291078,-0.194560
-0.187454,0.290099,-0.195479
0.116991,0.276148,-0.203504
0.112923,0.284929,-0.195284
0.108897,0.293623,-0.187145
0.104911,0.302229,-0.179089
0.100964,0.310750,-0.171112
0.097056,0.319187,-0.163214
0.093187,0.327542,-0.155394
0.089355,0.335815,-0.147649
0.085561,0.344007,-0.139980
0.081868,0.349730,-0.134623
0.078351,0.349400,-0.134931
0.074829,0.349220,-0.135100
0.071309,0.348933,-0.135368
0.067789,0.348596,-0.135684
0.064263,0.348495,-0.135779
0.060737,0.348472,-0.135800
0.057210,0.348451,-0.135820
0.053683,0.348387,-0.135879
0.050157,0.348252,-0.136006
0.046631,0.348184,-0.136069
0.043103,0.348125,-0.136125
0.039576,0.348065,-0.136181
0.036049,0.348001,-0.136241
0.032521,0.347936,-0.136302
0.028993,0.347975,-0.136266
0.025466,0.348048,-0.136198
0.021940,0.348239,-0.136018
0.018414,0.348430,-0.135839
0.014890,0.348621,-0.135660
0.011365,0.348746,-0.135543
0.007840,0.348861,-0.135436
0.004316,0.348979,-0.135326
0.000792,0.349126,-0.135188
-0.002731,0.349248,-0.135074
-0.006257,0.349257,-0.135066
-0.009784,0.349246,-0.135076
-0.013312,0.349175,-0.135142
-0.016842,0.349105,-0.135208
-0.020377,0.348882,-0.135417
-0.023913,0.348640,-0.135643
-0.027453,0.348364,-0.135901
-0.030993,0.348085,-0.136163
-0.034553,0.347397,-0.136806
-0.038117,0.346684,-0.137474
-0.041684,0.345970,-0.138142
-0.045259,0.345147,-0.138913
-0.048854,0.344033,-0.139955
-0.052453,0.342918,-0.140999
-0.056057,0.341802,-0.142045
-0.059650,0.340988,-0.142806
-0.063240,0.340280,-0.143469
-0.066829,0.339642,-0.144066
-0.070414,0.339125,-0.144550
-0.074034,0.338109,-0.145500
-0.077658,0.337093,-0.146452
-0.081289,0.336061,-0.147419
-0.084953,0.334618,-0.148770
-0.088646,0.332886,-0.150391
-0.092347,0.331136,-0.152029
-0.096073,0.329177,-0.153863
-0.099820,0.327068,-0.155837
-0.103576,0.324947,-0.157823
-0.107346,0.322791,-0.159841
-0.111138,0.320482,-0.162002
-0.114941,0.318166,-0.164170
-0.118757,0.315822,-0.166364
-0.122588,0.313438,-0.168596
-0.126429,0.311058,-0.170824
-0.130273,0.308756,-0.172979
-0.134109,0.306638,-0.174962
-0.137956,0.304514,-0.176950
-0.141797,0.302542,-0.178796
-0.145617,0.300854,-0.180376
-0.149460,0.299027,-0.182087
-0.153301,0.297296,-0.183707
-0.157125,0.295792,-0.185115
-0.160964,0.294220,-0.186587
-0.164784,0.292883,-0.187838
-0.168590,0.291717,-0.188929
-0.172381,0.290724,-0.189859
-0.176151,0.289948,-0.190586
-0.179928,0.289155,-0.191328
-0.183710,0.288351,-0.192081
-0.187552,0.287111,-0.193241
0.116948,0.274835,-0.199668
0.112883,0.283619,-0.191471
0.108859,0.292314,-0.183356
0.104876,0.300922,-0.175323
0.100931,0.309446,-0.167368
0.097025,0.317885,-0.159492
0.093158,0.326241,-0.151694
0.089328,0.334517,-0.143971
0.085536,0.342711,-0.136324
0.081885,0.346961,-0.132358
0.078366,0.346643,-0.132654
0.074843,0.346463,-0.132822
0.071319,0.346283,-0.132991
0.067795,0.346139,-0.133125
0.064267,0.346117,-0.133145
0.060740,0.346092,-0.133169
0.057213,0.346062,-0.133196
0.053686,0.346033,-0.133223
0.050158,0.346066,-0.133194
0.046631,0.346004,-0.133251
0.043104,0.345939,-0.133312
0.039576,0.345874,-0.133372
0.036049,0.345809,-0.133433
0.032521,0.345770,-0.133469
0.028993,0.345839,-0.133405
0.025466,0.345909,-0.133340
0.021939,0.345978,-0.133275
0.018412,0.346048,-0.133210
0.014886,0.346187,-0.133080
0.011361,0.346326,-0.132950
0.007836,0.346474,-0.132812
0.004312,0.346622,-0.132674
0.000788,0.346770,-0.132536
-0.002737,0.346855,-0.132457
-0.006264,0.346864,-0.132449
-0.009790,0.346872,-0.132440
-0.013317,0.346881,-0.132432
-0.016845,0.346863,-0.132449
-0.020382,0.346584,-0.132709
-0.023920,0.346305,-0.132970
-0.027460,0.346026,-0.133230
-0.031003,0.345701,-0.133533
-0.034564,0.344988,-0.134199
-0.038128,0.344274,-0.134866
-0.041692,0.343637,-0.135460
-0.045267,0.342837,-0.136206
-0.048860,0.341756,-0.137215
-0.052458,0.340673,-0.138226
-0.056061,0.339590,-0.139236
-0.059650,0.338832,-0.139945
-0.063239,0.338140,-0.140590
-0.066832,0.337446,-0.141237
-0.070430,0.336707,-0.141927
-0.074051,0.335690,-0.142876
-0.077676,0.334672,-0.143826
-0.081306,0.333652,-0.144778
-0.084973,0.332179,-0.146153
-0.088667,0.330438,-0.147778
-0.092369,0.328692,-0.149407
-0.096091,0.326785,-0.151187
-0.099839,0.324657,-0.153172
-0.103597,0.322524,-0.155163
-0.107365,0.320390,-0.157155
-0.111142,0.318255,-0.159147
-0.114944,0.315956,-0.161293
-0.118760,0.313612,-0.163481
-0.122590,0.311224,-0.165708
-0.126432,0.308829,-0.167944
-0.130279,0.306502,-0.170116
-0.134115,0.304381,-0.172095
-0.137968,0.302191,-0.174139
-0.141831,0.300003,-0.176181
-0.145670,0.298144,-0.177916
-0.149518,0.296282,-0.179654
-0.153363,0.294515,-0.181302
-0.157178,0.293108,-0.182615
-0.161008,0.291626,-0.183999
-0.164832,0.290256,-0.185277
-0.168639,0.289081,-0.186373
-0.172447,0.287960,-0.187420
-0.176215,0.287203,-0.188127
-0.179991,0.286426,-0.188852
-0.183798,0.285433,-0.189778
0.116906,0.273525,-0.195838
0.112844,0.282310,-0.187664
0.108822,0.291007,-0.179573
0.104840,0.299617,-0.171562
0.100898,0.308143,-0.163630
0.096994,0.316584,-0.155776
0.093129,0.324943,-0.148000
0.089302,0.333220,-0.140299
0.085511,0.341417,-0.132673
0.081903,0.344149,-0.130130
0.078382,0.343886,-0.130376
0.074857,0.343705,-0.130544
0.071329,0.343680,-0.130567
0.067800,0.343684,-0.130564
0.064273,0.343658,-0.130588
0.060745,0.343628,-0.130615
0.057217,0.343599,-0.130643
0.053689,0.343581,-0.130660
0.050159,0.343768,-0.130486
0.046631,0.343800,-0.130456
0.043104,0.343745,-0.130506
0.039576,0.343683,-0.130564
0.036048,0.343619,-0.130624
0.032521,0.343635,-0.130609
0.028993,0.343704,-0.130545
0.025466,0.343773,-0.130480
0.021938,0.343805,-0.130450
0.018411,0.343837,-0.130421
0.014884,0.343901,-0.130361
0.011358,0.343999,-0.130270
0.007832,0.344117,-0.130161
0.004307,0.344265,-0.130023
0.000783,0.344413,-0.129885
-0.002743,0.344461,-0.129840
-0.006270,0.344470,-0.129832
-0.009797,0.344479,-0.129824
-0.013324,0.344489,-0.129814
-0.016854,0.344426,-0.129873
-0.020390,0.344183,-0.130099
-0.023928,0.343940,-0.130326
-0.027467,0.343688,-0.130559
-0.031014,0.343294,-0.130926
-0.034572,0.342640,-0.131534
-0.038134,0.342008,-0.132122
-0.041698,0.341376,-0.132711
-0.045276,0.340510,-0.133517
-0.048869,0.339427,-0.134524
-0.052467,0.338345,-0.135530
-0.056070,0.337263,-0.136538
-0.059658,0.336539,-0.137210
-0.063248,0.335841,-0.137860
-0.066841,0.335148,-0.138505
-0.070444,0.334338,-0.139258
-0.074073,0.333196,-0.140321
-0.077699,0.332174,-0.141272
-0.081330,0.331152,-0.142223
-0.084999,0.329663,-0.143608
-0.088691,0.327949,-0.145203
-0.092393,0.326201,-0.146829
-0.096117,0.324278,-0.148618
-0.099859,0.322231,-0.150523
-0.103617,0.320102,-0.152504
-0.107386,0.317965,-0.154492
-0.111164,0.315827,-0.156481
-0.114952,0.313682,-0.158476
-0.118762,0.311402,-0.160598
-0.122593,0.309011,-0.162822
-0.126446,0.306495,-0.165164
-0.130306,0.304029,-0.167457
-0.134156,0.301772,-0.169557
-0.138019,0.299490,-0.171680
-0.141886,0.297267,-0.173748
-0.145726,0.295403,-0.175483
-0.149575,0.293536,-0.177220
-0.153426,0.291733,-0.178897
-0.157242,0.290324,-0.180209
-0.161064,0.288911,-0.181523
-0.164887,0.287559,-0.182781
-0.168707,0.286293,-0.183958
-0.172524,0.285093,-0.185075
-0.176301,0.284282,-0.185830
-0.180076,0.283521,-0.186538
-0.183884,0.282528,-0.187462
0.116864,0.272216,-0.192013
0.112804,0.281003,-0.183862
0.108784,0.289702,-0.175794
0.104805,0.298315,-0.167805
0.100865,0.306842,-0.159896
0.096963,0.315285,-0.152065
0.093100,0.323646,-0.144310
0.089275,0.331925,-0.136631
0.085486,0.340124,-0.129026
0.081923,0.341293,-0.127942
0.078396,0.341174,-0.128052
0.074866,0.341179,-0.128049
0.071336,0.341182,-0.128045
0.067807,0.341186,-0.128041
0.064278,0.341190,-0.128038
0.060749,0.341165,-0.128061
0.057221,0.341135,-0.128089
0.053691,0.341250,-0.127982
0.050161,0.341438,-0.127808
0.046632,0.341589,-0.127668
0.043104,0.341534,-0.127718
0.039576,0.341480,-0.127769
0.036049,0.341426,-0.127819
0.032521,0.341447,-0.127800
0.028993,0.341479,-0.127770
0.025465,0.341511,-0.127740
0.021937,0.341543,-0.127711
0.018410,0.341574,-0.127681
0.014883,0.341658,-0.127604
0.011356,0.341756,-0.127513
0.007830,0.341854,-0.127422
0.004304,0.341952,-0.127331
0.000779,0.342056,-0.127235
-0.002749,0.342069,-0.127223
-0.006276,0.342078,-0.127214
-0.009804,0.342088,-0.127205
-0.013332,0.342098,-0.127196
-0.016864,0.341985,-0.127300
-0.020400,0.341742,-0.127526
-0.023939,0.341499,-0.127752
-0.027477,0.341297,-0.127939
-0.031022,0.340949,-0.128261
-0.034579,0.340347,-0.128820
-0.038139,0.339744,-0.129379
-0.041703,0.339116,-0.129961
-0.045285,0.338183,-0.130827
-0.048878,0.337102,-0.131830
-0.052476,0.336019,-0.132834
-0.056079,0.334959,-0.133817
-0.059666,0.334254,-0.134471
-0.063256,0.333548,-0.135126
-0.066849,0.332849,-0.135774
-0.070456,0.332000,-0.136562
-0.074087,0.330816,-0.137660
-0.077722,0.329675,-0.138719
-0.081353,0.328651,-0.139669
-0.085028,0.327090,-0.141116
-0.088717,0.325431,-0.142654
-0.092418,0.323709,-0.144251
-0.096144,0.321767,-0.146053
-0.099887,0.319716,-0.147955
-0.103639,0.317660,-0.149862
-0.107407,0.315539,-0.151829
-0.111193,0.313307,-0.153900
-0.114993,0.311038,-0.156004
-0.118807,0.308722,-0.158153
-0.122647,0.306242,-0.160453
-0.126502,0.303715,-0.162797
-0.130363,0.301244,-0.165089
-0.134208,0.299048,-0.167126
-0.138069,0.296788,-0.169222
-0.141941,0.294531,-0.171314
-0.145782,0.292664,-0.173047
-0.149633,0.290791,-0.174784
-0.153489,0.288951,-0.176491
-0.157306,0.287534,-0.177805
-0.161131,0.286111,-0.179125
-0.164958,0.284730,-0.180405
-0.168778,0.283466,-0.181578
-0.172596,0.282276,-0.182681
-0.176387,0.281360,-0.183531
-0.180173,0.280517,-0.184313
-0.183989,0.279475,-0.185279
0.116822,0.270909,-0.188192
0.112764,0.279698,-0.180066
0.108747,0.288399,-0.172020
0.104770,0.297014,-0.164055
0.100832,0.305543,-0.156167
0.096932,0.313988,-0.148358
0.093071,0.322351,-0.140626
0.089248,0.330632,-0.132968
0.085478,0.338266,-0.125910
0.081945,0.338305,-0.125874
0.078405,0.338647,-0.125558
0.074875,0.338659,-0.125546
0.071344,0.338672,-0.125535
0.067814,0.338684,-0.125523
0.064284,0.338693,-0.125515
0.060754,0.338697,-0.125512
0.057224,0.338733,-0.125478
0.053693,0.338921,-0.125304
0.050162,0.339108,-0.125131
0.046633,0.339296,-0.124957
0.043104,0.339324,-0.124931
0.039577,0.339269,-0.124982
0.036049,0.339236,-0.125013
0.032520,0.339232,-0.125017
0.028992,0.339228,-0.125020
0.025464,0.339248,-0.125002
0.021936,0.339280,-0.124972
0.018408,0.339317,-0.124938
0.014882,0.339415,-0.124847
0.011355,0.339514,-0.124756
0.007828,0.339602,-0.124674
0.004302,0.339680,-0.124602
0.000775,0.339736,-0.124550
-0.002753,0.339714,-0.124570
-0.006282,0.339693,-0.124590
-0.009811,0.339697,-0.124587
-0.013339,0.339706,-0.124578
-0.016873,0.339545,-0.124727
-0.020410,0.339326,-0.124929
-0.023946,0.339162,-0.125081
-0.027483,0.338998,-0.125233
-0.031031,0.338583,-0.125617
-0.034588,0.337979,-0.126175
-0.038149,0.337376,-0.126733
-0.041709,0.336835,-0.127233
-0.045293,0.335864,-0.128131
-0.048887,0.334780,-0.129133
-0.052486,0.333695,-0.130136
-0.056086,0.332675,-0.131079
-0.059673,0.331969,-0.131732
-0.063264,0.331262,-0.132386
-0.066858,0.330554,-0.133041
-0.070467,0.329661,-0.133866
-0.074099,0.328476,-0.134963
-0.077737,0.327288,-0.136060
-0.081377,0.326149,-0.137114
-0.085057,0.324517,-0.138622
-0.088747,0.322856,-0.140159
-0.092445,0.321191,-0.141699
-0.096173,0.319217,-0.143524
-0.099922,0.317108,-0.145473
-0.103680,0.314995,-0.147428
-0.107459,0.312746,-0.149507
-0.111251,0.310455,-0.151626
-0.115052,0.308182,-0.153728
-0.118868,0.305855,-0.155879
-0.122704,0.303433,-0.158119
-0.126557,0.300934,-0.160429
-0.130420,0.298459,-0.162718
-0.134266,0.296258,-0.164753
-0.138124,0.294051,-0.166794
-0.141996,0.291795,-0.168880
-0.145838,0.289924,-0.170610
-0.149687,0.288072,-0.172322
-0.153545,0.286227,-0.174028
-0.157371,0.284742,-0.175402
-0.161198,0.283308,-0.176728
-0.165029,0.281899,-0.178030
-0.168851,0.280632,-0.179202
-0.172665,0.279484,-0.180263
-0.176472,0.278436,-0.181232
-0.180275,0.277471,-0.182125
-0.184102,0.276354,-0.183157
0.116780,0.269604,-0.184378
0.112724,0.278394,-0.176274
0.108709,0.287098,-0.168251
0.104734,0.295714,-0.160308
0.100798,0.304246,-0.152444
0.096902,0.312693,-0.144657
0.093043,0.321058,-0.136946
0.089221,0.329341,-0.129310
0.085497,0.335465,-0.123665
0.081972,0.335167,-0.123940
0.078426,0.335693,-0.123455
0.074884,0.336116,-0.123065
0.071353,0.336129,-0.123053
0.067822,0.336141,-0.123042
0.064291,0.336153,-0.123030
0.060760,0.336166,-0.123019
0.057227,0.336378,-0.122824
0.053695,0.336591,-0.122627
0.050164,0.336779,-0.122454
0.046634,0.336967,-0.122280
0.043105,0.337115,-0.122144
0.039577,0.337060,-0.122195
0.036048,0.337047,-0.122207
0.032520,0.337042,-0.122211
0.028992,0.337038,-0.122215
0.025464,0.337034,-0.122219
0.021935,0.337030,-0.122222
0.018407,0.337073,-0.122183
0.014880,0.337151,-0.122111
0.011353,0.337229,-0.122039
0.007826,0.337307,-0.121967
0.004299,0.337385,-0.121895
0.000771,0.337418,-0.121865
-0.002758,0.337396,-0.121885
-0.006287,0.337374,-0.121905
-0.009816,0.337353,-0.121925
-0.013346,0.337334,-0.121942
-0.016880,0.337192,-0.122073
-0.020415,0.337028,-0.122224
-0.023951,0.336864,-0.122375
-0.027489,0.336699,-0.122527
-0.031040,0.336216,-0.122973
-0.034597,0.335629,-0.123514
-0.038154,0.335111,-0.123991
-0.041714,0.334593,-0.124469
-0.045302,0.333547,-0.125433
-0.048896,0.332462,-0.126434
-0.052493,0.331408,-0.127405
-0.056090,0.330451,-0.128287
-0.059681,0.329676,-0.129002
-0.063272,0.328968,-0.129654
-0.066867,0.328260,-0.130306
-0.070484,0.327244,-0.131244
-0.074118,0.326038,-0.132354
-0.077756,0.324850,-0.133451
-0.081403,0.323616,-0.134587
-0.085093,0.321855,-0.136211
-0.088785,0.320178,-0.137757
-0.092484,0.318498,-0.139305
-0.096217,0.316481,-0.141165
-0.099967,0.314371,-0.143110
-0.103726,0.312253,-0.145062
-0.107507,0.309988,-0.147150
-0.111307,0.307625,-0.149329
-0.115112,0.305324,-0.151450
-0.118930,0.302987,-0.153604
-0.122767,0.300560,-0.155842
-0.126615,0.298124,-0.158086
-0.130477,0.295672,-0.160348
-0.134325,0.293467,-0.162380
-0.138179,0.291299,-0.164378
-0.142036,0.289203,-0.166310
-0.145887,0.287252,-0.168109
-0.149736,0.285408,-0.169809
-0.153595,0.283560,-0.171513
-0.157428,0.282014,-0.172937
-0.161260,0.280543,-0.174294
-0.165100,0.279073,-0.175649
-0.168912,0.277895,-0.176734
-0.172731,0.276711,-0.177826
-0.176561,0.275487,-0.178954
-0.180384,0.274368,-0.179986
-0.184214,0.273238,-0.181028
0.120832,0.259418,-0.188731
0.116738,0.268300,-0.180568
0.112685,0.277093,-0.172488
0.108672,0.285798,-0.164488
0.104699,0.294416,-0.156567
0.100766,0.302950,-0.148725
0.096871,0.311399,-0.140960
0.093014,0.319766,-0.133271
0.089195,0.328051,-0.125657
0.085526,0.332325,-0.121730
0.081996,0.332162,-0.121879
0.078446,0.332736,-0.121351
0.074899,0.333310,-0.120825
0.071361,0.333585,-0.120572
0.067829,0.333598,-0.120560
0.064297,0.333610,-0.120549
0.060764,0.333725,-0.120443
0.057230,0.333973,-0.120215
0.053697,0.334202,-0.120005
0.050166,0.334416,-0.119808
0.046635,0.334629,-0.119612
0.043105,0.334827,-0.119431
0.039577,0.334862,-0.119398
0.036049,0.334858,-0.119402
0.032520,0.334852,-0.119407
0.028992,0.334843,-0.119415
0.025463,0.334835,-0.119424
0.021935,0.334826,-0.119432
0.018406,0.334844,-0.119414
0.014878,0.334879,-0.119382
0.011350,0.334934,-0.119332
0.007823,0.335012,-0.119260
0.004296,0.335090,-0.119188
0.000767,0.335099,-0.119180
-0.002762,0.335078,-0.119200
-0.006291,0.335063,-0.119213
-0.009820,0.335059,-0.119217
-0.013350,0.335049,-0.119227
-0.016885,0.334887,-0.119375
-0.020420,0.334725,-0.119524
-0.023957,0.334564,-0.119672
-0.027495,0.334401,-0.119822
-0.031046,0.333907,-0.120275
-0.034601,0.333389,-0.120752
-0.038159,0.332870,-0.121229
-0.041720,0.332315,-0.121739
-0.045310,0.331230,-0.122736
-0.048902,0.330199,-0.123683
-0.052497,0.329191,-0.124610
-0.056093,0.328252,-0.125473
-0.059687,0.327429,-0.126229
-0.063281,0.326673,-0.126923
-0.066876,0.325964,-0.127576
-0.070497,0.324885,-0.128567
-0.074139,0.323555,-0.129789
-0.077778,0.322364,-0.130884
-0.081431,0.321061,-0.132081
-0.085126,0.319225,-0.133769
-0.088823,0.317485,-0.135367
-0.092524,0.315802,-0.136914
-0.096262,0.313737,-0.138812
-0.100012,0.311630,-0.140748
-0.103772,0.309511,-0.142696
-0.107556,0.307229,-0.144792
-0.111357,0.304862,-0.146968
-0.115169,0.302487,-0.149151
-0.118991,0.300118,-0.151327
-0.122830,0.297688,-0.153561
-0.126670,0.295360,-0.155701
-0.130517,0.293061,-0.157813
-0.134353,0.290981,-0.159724
-0.138201,0.288888,-0.161648
-0.142058,0.286789,-0.163577
-0.145917,0.284763,-0.165439
-0.149783,0.282766,-0.167275
-0.153645,0.280892,-0.168996
-0.157485,0.279286,-0.170472
-0.161320,0.277798,-0.171839
-0.165168,0.276263,-0.173250
-0.169003,0.274899,-0.174504
-0.172824,0.273712,-0.175595
-0.176674,0.272333,-0.176862
-0.180491,0.271278,-0.177831
0.120788,0.258114,-0.184903
0.116696,0.266998,-0.176764
0.112645,0.275793,-0.168707
0.108635,0.284500,-0.160729
0.104664,0.293120,-0.152832
0.100733,0.301656,-0.145011
0.096840,0.310107,-0.137268
0.092985,0.318476,-0.129601
0.089168,0.326763,-0.122008
0.085555,0.329182,-0.119793
0.082018,0.329203,-0.119774
0.078466,0.329778,-0.119247
0.074918,0.330353,-0.118720
0.071372,0.330928,-0.118194
0.067837,0.331054,-0.118078
0.064304,0.331068,-0.118065
0.060768,0.331316,-0.117838
0.057233,0.331564,-0.117611
0.053700,0.331812,-0.117384
0.050168,0.332027,-0.117186
0.046636,0.332241,-0.116990
0.043106,0.332455,-0.116794
0.039577,0.332591,-0.116670
0.036048,0.332652,-0.116614
0.032520,0.332643,-0.116622
0.028991,0.332634,-0.116630
0.025463,0.332625,-0.116638
0.021934,0.332616,-0.116646
0.018406,0.332646,-0.116619
0.014877,0.332681,-0.116587
0.011349,0.332716,-0.116555
0.007821,0.332751,-0.116523
0.004293,0.332795,-0.116482
0.000764,0.332794,-0.116484
-0.002765,0.332789,-0.116488
-0.006295,0.332785,-0.116492
-0.009824,0.332781,-0.116496
-0.013355,0.332743,-0.116531
-0.016890,0.332580,-0.116679
-0.020426,0.332419,-0.116827
-0.023963,0.332258,-0.116975
-0.027501,0.332091,-0.117128
-0.031053,0.331603,-0.117575
-0.034607,0.331114,-0.118023
-0.038163,0.330625,-0.118471
-0.041728,0.330000,-0.119043
-0.045314,0.328993,-0.119966
-0.048905,0.327985,-0.120890
-0.052500,0.326975,-0.121815
-0.056096,0.326054,-0.122659
-0.059690,0.325230,-0.123414
-0.063288,0.324405,-0.124170
-0.066884,0.323668,-0.124845
-0.070510,0.322527,-0.125890
-0.074153,0.321179,-0.127125
-0.077800,0.319879,-0.128316
-0.081458,0.318505,-0.129575
-0.085155,0.316665,-0.131260
-0.088860,0.314822,-0.132949
-0.092564,0.313098,-0.134528
-0.096306,0.310993,-0.136457
-0.100058,0.308882,-0.138391
-0.103819,0.306766,-0.140330
-0.107604,0.304479,-0.142425
-0.111402,0.302155,-0.144554
-0.115211,0.299826,-0.146688
-0.119025,0.297559,-0.148764
-0.122849,0.295295,-0.150839
-0.126689,0.292963,-0.152976
-0.130540,0.290629,-0.155114
-0.134376,0.288557,-0.157013
-0.138222,0.286477,-0.158918
-0.142080,0.284375,-0.160844
-0.145942,0.282325,-0.162721
-0.149808,0.280324,-0.164555
-0.153684,0.278318,-0.166393
-0.157547,0.276519,-0.168041
-0.161388,0.274985,-0.169447
-0.165237,0.273447,-0.170856
-0.169094,0.271906,-0.172268
-0.172929,0.270612,-0.173452
-0.176786,0.269187,-0.174759
-0.180603,0.268141,-0.175717
0.120744,0.256812,-0.181080
0.116654,0.265698,-0.172964
0.112605,0.274495,-0.164930
0.108597,0.283204,-0.156976
0.104629,0.291826,-0.149100
0.100700,0.300364,-0.141303
0.096809,0.308817,-0.133582
0.092957,0.317187,-0.125937
0.089154,0.325054,-0.118751
0.085587,0.325949,-0.117934
0.082040,0.326241,-0.117668
0.078487,0.326818,-0.117141
0.074936,0.327394,-0.116614
0.071389,0.327970,-0.116088
0.067844,0.328509,-0.115596
0.064308,0.328658,-0.115460
0.060772,0.328906,-0.115233
0.057237,0.329155,-0.115006
0.053703,0.329403,-0.114779
0.050170,0.329639,-0.114564
0.046638,0.329853,-0.114368
0.043107,0.330067,-0.114173
0.039578,0.330151,-0.114096
0.036049,0.330243,-0.114012
0.032520,0.330351,-0.113913
0.028991,0.330426,-0.113845
0.025463,0.330417,-0.113854
0.021934,0.330414,-0.113856
0.018405,0.330449,-0.113824
0.014877,0.330484,-0.113792
0.011348,0.330523,-0.113757
0.007820,0.330565,-0.113718
0.004292,0.330597,-0.113689
0.000762,0.330556,-0.113727
-0.002768,0.330514,-0.113764
-0.006298,0.330507,-0.113771
-0.009828,0.330503,-0.113775
-0.013360,0.330437,-0.113835
-0.016895,0.330275,-0.113983
-0.020432,0.330115,-0.114129
-0.023969,0.329956,-0.114274
-0.027509,0.329742,-0.114470
-0.031061,0.329252,-0.114917
-0.034615,0.328764,-0.115364
-0.038172,0.328277,-0.115808
-0.041738,0.327639,-0.116391
-0.045323,0.326665,-0.117280
-0.048913,0.325690,-0.118171
-0.052506,0.324714,-0.119062
-0.056100,0.323835,-0.119865
-0.059693,0.323028,-0.120602
-0.063291,0.322205,-0.121354
-0.066893,0.321378,-0.122109
-0.070523,0.320169,-0.123213
-0.074167,0.318819,-0.124446
-0.077817,0.317467,-0.125681
-0.081485,0.315948,-0.127069
-0.085183,0.314105,-0.128751
-0.088889,0.312260,-0.130437
-0.092606,0.310379,-0.132155
-0.096347,0.308298,-0.134056
-0.100097,0.306212,-0.135960
-0.103857,0.304121,-0.137870
-0.107637,0.301906,-0.139894
-0.111435,0.299591,-0.142008
-0.115245,0.297258,-0.144140
-0.119060,0.294986,-0.146214
-0.122877,0.292803,-0.148208
-0.126708,0.290566,-0.150251
-0.130560,0.288224,-0.152390
-0.134400,0.286121,-0.154310
-0.138246,0.284040,-0.156211
-0.142103,0.281954,-0.158117
-0.145966,0.279888,-0.160005
-0.149842,0.277802,-0.161909
-0.153729,0.275694,-0.163834
-0.157616,0.273680,-0.165674
-0.161458,0.272146,-0.167075
-0.165308,0.270610,-0.168478
-0.169169,0.269042,-0.169910
-0.173040,0.267457,-0.171358
-0.176896,0.266050,-0.172644
-0.180723,0.264945,-0.173652
0.120700,0.255512,-0.177263
0.116612,0.264399,-0.169170
0.112566,0.273198,-0.161159
0.108560,0.281909,-0.153227
0.104594,0.290533,-0.145374
0.100667,0.299073,-0.137599
0.096778,0.307528,-0.129900
0.092928,0.315902,-0.122275
0.089211,0.321086,-0.117554
0.085624,0.322514,-0.116255
0.082061,0.323295,-0.115544
0.078506,0.323892,-0.114999
0.074954,0.324490,-0.114455
0.071404,0.325086,-0.113912
0.067857,0.325683,-0.113369
0.064315,0.326129,-0.112963
0.060776,0.326497,-0.112628
0.057240,0.326745,-0.112402
0.053706,0.326994,-0.112175
0.050172,0.327243,-0.111949
0.046640,0.327465,-0.111746
0.043109,0.327636,-0.111590
0.039578,0.327715,-0.111519
0.036049,0.327794,-0.111447
0.032519,0.327897,-0.111353
0.028990,0.328005,-0.111255
0.025461,0.328113,-0.111157
0.021933,0.328222,-0.111058
0.018405,0.328263,-0.111020
0.014876,0.328306,-0.110981
0.011348,0.328347,-0.110943
0.007820,0.328389,-0.110905
0.004291,0.328407,-0.110889
0.000761,0.328365,-0.110927
-0.002770,0.328323,-0.110965
-0.006300,0.328281,-0.111003
-0.009831,0.328239,-0.111041
-0.013365,0.328133,-0.111139
-0.016900,0.327973,-0.111284
-0.020437,0.327813,-0.111429
-0.023975,0.327653,-0.111575
-0.027517,0.327393,-0.111813
-0.031069,0.326903,-0.112258
-0.034624,0.326420,-0.112699
-0.038181,0.325941,-0.113135
-0.041750,0.325237,-0.113775
-0.045335,0.324262,-0.114663
-0.048926,0.323285,-0.115553
-0.052515,0.322395,-0.116363
-0.056111,0.321471,-0.117205
-0.059707,0.320633,-0.117967
-0.063304,0.319825,-0.118704
-0.066906,0.319015,-0.119440
-0.070542,0.317711,-0.120628
-0.074187,0.316358,-0.121860
-0.077838,0.315002,-0.123094
-0.081512,0.313403,-0.124551
-0.085211,0.311558,-0.126230
-0.088917,0.309710,-0.127913
-0.092637,0.307803,-0.129650
-0.096381,0.305686,-0.131577
-0.100133,0.303597,-0.133480
-0.103894,0.301502,-0.135387
-0.107675,0.299275,-0.137415
-0.111469,0.297012,-0.139475
-0.115279,0.294689,-0.141591
-0.119095,0.292412,-0.143664
-0.122913,0.290225,-0.145655
-0.126741,0.288033,-0.147651
-0.130580,0.285824,-0.149662
-0.134423,0.283687,-0.151608
-0.138277,0.281530,-0.153572
-0.142143,0.279361,-0.155547
-0.146017,0.277202,-0.157513
-0.149891,0.275136,-0.159394
-0.153777,0.273041,-0.161301
-0.157676,0.270924,-0.163229
-0.161529,0.269303,-0.164705
-0.165386,0.267718,-0.166149
-0.169256,0.266083,-0.167638
-0.173134,0.264444,-0.169129
-0.177008,0.262903,-0.170533
-0.180865,0.261561,-0.171755
0.120656,0.254213,-0.173451
0.116571,0.263103,-0.165381
0.112527,0.271903,-0.157393
0.108523,0.280616,-0.149483
0.104559,0.289243,-0.141653
0.100634,0.297784,-0.133900
0.096748,0.306241,-0.126223
0.092899,0.314616,-0.118620
0.089240,0.317995,-0.115553
0.085659,0.319168,-0.114488
0.082080,0.320458,-0.113318
0.078522,0.321090,-0.112744
0.074969,0.321689,-0.112200
0.071418,0.322287,-0.111658
0.067869,0.322884,-0.111115
0.064325,0.323367,-0.110677
0.060785,0.323744,-0.110335
0.057246,0.324122,-0.109992
0.053709,0.324499,-0.109650
0.050174,0.324834,-0.109345
0.046641,0.325077,-0.109124
0.043110,0.325200,-0.109013
0.039579,0.325279,-0.108942
0.036049,0.325357,-0.108870
0.032518,0.325442,-0.108793
0.028989,0.325550,-0.108695
0.025459,0.325658,-0.108597
0.021931,0.325800,-0.108468
0.018403,0.325956,-0.108326
0.014875,0.326113,-0.108185
0.011347,0.326172,-0.108131
0.007819,0.326214,-0.108092
0.004290,0.326217,-0.108090
0.000760,0.326175,-0.108128
-0.002771,0.326131,-0.108168
-0.006302,0.326073,-0.108220
-0.009834,0.326015,-0.108273
-0.013368,0.325871,-0.108404
-0.016905,0.325692,-0.108566
-0.020442,0.325514,-0.108728
-0.023980,0.325352,-0.108875
-0.027525,0.325044,-0.109155
-0.031077,0.324563,-0.109591
-0.034632,0.324084,-0.110026
-0.038189,0.323604,-0.110462
-0.041762,0.322835,-0.111160
-0.045348,0.321858,-0.112046
-0.048934,0.320979,-0.112845
-0.052523,0.320103,-0.113640
-0.056120,0.319170,-0.114486
-0.059721,0.318238,-0.115333
-0.063319,0.317428,-0.116068
-0.066921,0.316612,-0.116808
-0.070562,0.315238,-0.118056
-0.074208,0.313874,-0.119294
-0.077860,0.312516,-0.120527
-0.081539,0.310859,-0.122031
-0.085238,0.309011,-0.123708
-0.088946,0.307160,-0.125389
-0.092668,0.305227,-0.127143
-0.096413,0.303105,-0.129069
-0.100168,0.300980,-0.130998
-0.103930,0.298882,-0.132903
-0.107713,0.296643,-0.134935
-0.111508,0.294376,-0.136993
-0.115314,0.292103,-0.139056
-0.119130,0.289838,-0.141113
-0.122947,0.287661,-0.143089
-0.126771,0.285520,-0.145032
-0.130605,0.283374,-0.146980
-0.134465,0.281067,-0.149074
-0.138328,0.278826,-0.151109
-0.142194,0.276653,-0.153082
-0.146071,0.274474,-0.155059
-0.149947,0.272398,-0.156944
-0.153833,0.270322,-0.158828
-0.157728,0.268241,-0.160717
-0.161610,0.266367,-0.162418
-0.165477,0.264707,-0.163925
-0.169351,0.263044,-0.165434
-0.173234,0.261377,-0.166947
-0.177154,0.259473,-0.168676
0.120612,0.252916,-0.169643
0.116529,0.261808,-0.161597
0.112487,0.270610,-0.153631
0.108486,0.279325,-0.145745
0.104524,0.287953,-0.137937
0.100601,0.296497,-0.130206
0.096717,0.304956,-0.122550
0.092875,0.313200,-0.115090
0.089281,0.314533,-0.113883
0.085689,0.315976,-0.112578
0.082100,0.317556,-0.111147
0.078540,0.318239,-0.110529
0.074984,0.318886,-0.109944
0.071431,0.319485,-0.109402
0.067881,0.320084,-0.108860
0.064335,0.320604,-0.108390
0.060794,0.320982,-0.108048
0.057254,0.321360,-0.107706
0.053716,0.321737,-0.107364
0.050179,0.322115,-0.107022
0.046644,0.322547,-0.106631
0.043111,0.322740,-0.106457
0.039580,0.322842,-0.106364
0.036049,0.322921,-0.106293
0.032518,0.323000,-0.106222
0.028987,0.323095,-0.106135
0.025458,0.323203,-0.106037
0.021928,0.323360,-0.105896
0.018400,0.323516,-0.105754
0.014872,0.323673,-0.105612
0.011344,0.323829,-0.105471
0.007817,0.323986,-0.105329
0.004289,0.324015,-0.105303
0.000758,0.323957,-0.105355
-0.002773,0.323900,-0.105407
-0.006304,0.323842,-0.105459
-0.009836,0.323784,-0.105511
-0.013372,0.323622,-0.105658
-0.016908,0.323443,-0.105821
-0.020446,0.323264,-0.105983
-0.023985,0.323068,-0.106159
-0.027532,0.322699,-0.106493
-0.031085,0.322228,-0.106920
-0.034640,0.321748,-0.107354
-0.038198,0.321268,-0.107789
-0.041774,0.320439,-0.108539
-0.045355,0.319564,-0.109331
-0.048941,0.318688,-0.110123
-0.052531,0.317812,-0.110916
-0.056128,0.316869,-0.111770
-0.059730,0.315919,-0.112629
-0.063333,0.315031,-0.113432
-0.066940,0.314146,-0.114233
-0.070581,0.312770,-0.115479
-0.074229,0.311392,-0.116726
-0.077882,0.310030,-0.117959
-0.081565,0.308315,-0.119510
-0.085265,0.306464,-0.121185
-0.088974,0.304609,-0.122864
-0.092699,0.302650,-0.124637
-0.096445,0.300525,-0.126560
-0.100201,0.298393,-0.128489
-0.103966,0.296261,-0.130418
-0.107751,0.294011,-0.132455
-0.111542,0.291800,-0.134455
-0.115344,0.289584,-0.136461
-0.119152,0.287400,-0.138437
-0.122966,0.285266,-0.140369
-0.126791,0.283122,-0.142309
-0.130625,0.280972,-0.144254
-0.134483,0.278689,-0.146320
-0.138361,0.276296,-0.148486
-0.142246,0.273943,-0.150615
-0.146124,0.271760,-0.152590
-0.150004,0.269658,-0.154492
-0.153890,0.267578,-0.156375
-0.157792,0.265447,-0.158304
-0.161705,0.263309,-0.160238
-0.165578,0.261605,-0.161780
-0.169454,0.259938,-0.163289
-0.173384,0.257888,-0.165144
-0.177297,0.256054,-0.166804
0.120568,0.251621,-0.165841
0.116487,0.260514,-0.157818
0.112448,0.269319,-0.149875
0.108449,0.278035,-0.142011
0.104489,0.286666,-0.134225
0.100569,0.295211,-0.126516
0.096686,0.303672,-0.118883
0.092922,0.309612,-0.113524
0.089322,0.311067,-0.112211
0.085720,0.312780,-0.110666
0.082121,0.314653,-0.108976
0.078559,0.315338,-0.108359
0.075000,0.316021,-0.107742
0.071445,0.316682,-0.107145
0.067894,0.317282,-0.106604
0.064346,0.317839,-0.106102
0.060803,0.318218,-0.105760
0.057262,0.318597,-0.105419
0.053722,0.318975,-0.105077
0.050183,0.319451,-0.104648
0.046647,0.319933,-0.104212
0.043113,0.320110,-0.104053
0.039580,0.320266,-0.103912
0.036049,0.320422,-0.103771
0.032517,0.320563,-0.103644
0.028986,0.320642,-0.103573
0.025456,0.320763,-0.103464
0.021926,0.320920,-0.103323
0.018397,0.321072,-0.103185
0.014868,0.321205,-0.103065
0.011339,0.321339,-0.102944
0.007811,0.321472,-0.102824
0.004283,0.321551,-0.102753
0.000754,0.321626,-0.102685
-0.002775,0.321669,-0.102647
-0.006307,0.321611,-0.102699
-0.009839,0.321552,-0.102752
-0.013375,0.321373,-0.102914
-0.016912,0.321180,-0.103087
-0.020452,0.320966,-0.103281
-0.023992,0.320752,-0.103474
-0.027541,0.320340,-0.103846
-0.031094,0.319867,-0.104272
-0.034649,0.319395,-0.104699
-0.038208,0.318893,-0.105150
-0.041782,0.318113,-0.105855
-0.045362,0.317275,-0.106610
-0.048948,0.316399,-0.107401
-0.052539,0.315519,-0.108195
-0.056137,0.314569,-0.109052
-0.059739,0.313617,-0.109911
-0.063346,0.312665,-0.110770
-0.066959,0.311681,-0.111657
-0.070601,0.310302,-0.112901
-0.074250,0.308921,-0.114147
-0.077904,0.307543,-0.115391
-0.081592,0.305771,-0.116989
-0.085293,0.303917,-0.118662
-0.089002,0.302058,-0.120339
-0.092728,0.300088,-0.122116
-0.096472,0.298009,-0.123992
-0.100224,0.295924,-0.125873
-0.103987,0.293834,-0.127758
-0.107769,0.291618,-0.129757
-0.111561,0.289404,-0.131754
-0.115363,0.287185,-0.133757
-0.119172,0.284997,-0.135730
-0.122986,0.282863,-0.137656
-0.126810,0.280723,-0.139586
-0.130645,0.278571,-0.141528
-0.134501,0.276310,-0.143567
-0.138380,0.273914,-0.145729
-0.142270,0.271510,-0.147898
-0.146172,0.269100,-0.150073
-0.150062,0.266903,-0.152054
-0.153955,0.264773,-0.153976
-0.157858,0.262637,-0.155903
-0.161772,0.260496,-0.157835
-0.165679,0.258501,-0.159635
-0.169595,0.256508,-0.161432
-0.173540,0.254344,-0.163384
-0.177441,0.252632,-0.164929
0.116446,0.259223,-0.154043
0.112409,0.268029,-0.146123
0.108412,0.276748,-0.138282
0.104454,0.285380,-0.130518
0.100536,0.293927,-0.122831
0.096685,0.301558,-0.115968
0.092975,0.305871,-0.112089
0.089362,0.307598,-0.110536
0.085750,0.309581,-0.108752
0.082141,0.311734,-0.106816
0.078578,0.312434,-0.106187
0.075017,0.313119,-0.105570
0.071460,0.313803,-0.104955
0.067906,0.314479,-0.104347
0.064356,0.315074,-0.103812
0.060812,0.315453,-0.103471
0.057269,0.315869,-0.103097
0.053727,0.316353,-0.102662
0.050187,0.316835,-0.102228
0.046650,0.317319,-0.101794
0.043115,0.317479,-0.101649
0.039582,0.317636,-0.101508
0.036049,0.317792,-0.101367
0.032516,0.317949,-0.101226
0.028984,0.318114,-0.101078
0.025453,0.318279,-0.100930
0.021923,0.318419,-0.100804
0.018393,0.318553,-0.100684
0.014863,0.318686,-0.100564
0.011334,0.318820,-0.100443
0.007805,0.318941,-0.100334
0.004275,0.319016,-0.100267
0.000746,0.319092,-0.100199
-0.002784,0.319167,-0.100131
-0.006313,0.319242,-0.100063
-0.009842,0.319286,-0.100024
-0.013379,0.319079,-0.100210
-0.016918,0.318864,-0.100403
-0.020457,0.318650,-0.100596
-0.023998,0.318435,-0.100789
-0.027549,0.317980,-0.101198
-0.031102,0.317507,-0.101624
-0.034661,0.316957,-0.102119
-0.038224,0.316389,-0.102629
-0.041800,0.315569,-0.103367
-0.045381,0.314748,-0.104105
-0.048965,0.313926,-0.104845
-0.052553,0.313089,-0.105597
-0.056151,0.312146,-0.106445
-0.059754,0.311207,-0.107290
-0.063360,0.310267,-0.108136
-0.066978,0.309212,-0.109085
-0.070621,0.307830,-0.110327
-0.074270,0.306446,-0.111571
-0.077926,0.305060,-0.112819
-0.081612,0.303313,-0.114390
-0.085313,0.301475,-0.116043
-0.089021,0.299632,-0.117700
-0.092746,0.297693,-0.119444
-0.096486,0.295648,-0.121283
-0.100240,0.293561,-0.123160
-0.104003,0.291467,-0.125043
-0.107786,0.289243,-0.127044
-0.111579,0.287011,-0.129051
-0.115382,0.284786,-0.131052
-0.119192,0.282594,-0.133023
-0.123006,0.280457,-0.134946
-0.126831,0.278314,-0.136873
-0.130666,0.276166,-0.138805
-0.134519,0.273929,-0.140817
-0.138406,0.271453,-0.143044
-0.142305,0.268969,-0.145278
-0.146215,0.266477,-0.147519
-0.150123,0.264121,-0.149638
-0.154017,0.261986,-0.151559
-0.157922,0.259844,-0.153485
-0.161837,0.257696,-0.155416
-0.165783,0.255366,-0.157512
-0.169748,0.252966,-0.159670
-0.173696,0.250797,-0.161622
-0.177629,0.248838,-0.163383
0.116404,0.257933,-0.150274
0.112369,0.266741,-0.142377
0.108375,0.275462,-0.134558
0.104419,0.284096,-0.126817
0.100544,0.291547,-0.120135
0.096757,0.297337,-0.114944
0.093044,0.301609,-0.111114
0.089400,0.304216,-0.108776
0.085780,0.306380,-0.106836
0.082169,0.308538,-0.104901
0.078596,0.309528,-0.104014
0.075035,0.310215,-0.103398
0.071476,0.310900,-0.102783
0.067920,0.311586,-0.102168
0.064367,0.312271,-0.101554
0.060820,0.312766,-0.101110
0.057275,0.313251,-0.100676
0.053732,0.313735,-0.100241
0.050191,0.314219,-0.099808
0.046653,0.314691,-0.099384
0.043117,0.314848,-0.099243
0.039583,0.315009,-0.099100
0.036049,0.315188,-0.098939
0.032515,0.315368,-0.098777
0.028983,0.315548,-0.098616
0.025451,0.315707,-0.098473
0.021919,0.315860,-0.098336
0.018389,0.316014,-0.098199
0.014858,0.316167,-0.098061
0.011328,0.316300,-0.097941
0.007798,0.316405,-0.097847
0.004268,0.316481,-0.097780
0.000737,0.316545,-0.097722
-0.002793,0.316606,-0.097667
-0.006323,0.316668,-0.097612
-0.009855,0.316670,-0.097610
-0.013390,0.316576,-0.097694
-0.016926,0.316483,-0.097778
-0.020463,0.316334,-0.097911
-0.024005,0.316094,-0.098127
-0.027558,0.315585,-0.098583
-0.031116,0.315021,-0.099089
-0.034676,0.314456,-0.099595
-0.038241,0.313846,-0.100142
-0.041819,0.313025,-0.100878
-0.045400,0.312203,-0.101615
-0.048984,0.311389,-0.102345
-0.052575,0.310533,-0.103113
-0.056174,0.309576,-0.103970
-0.059778,0.308635,-0.104814
-0.063385,0.307693,-0.105659
-0.067005,0.306614,-0.106626
-0.070642,0.305351,-0.107759
-0.074291,0.303965,-0.109001
-0.077948,0.302565,-0.110256
-0.081633,0.300852,-0.111793
-0.085330,0.299067,-0.113393
-0.089040,0.297221,-0.115048
-0.092765,0.295265,-0.116801
-0.096505,0.293244,-0.118614
-0.100255,0.291197,-0.120449
-0.104019,0.289095,-0.122334
-0.107802,0.286867,-0.124331
-0.111596,0.284633,-0.126335
-0.115401,0.282393,-0.128343
-0.119212,0.280192,-0.130316
-0.123031,0.278008,-0.132275
-0.126863,0.275790,-0.134264
-0.130705,0.273565,-0.136258
-0.134566,0.271256,-0.138328
-0.138456,0.268751,-0.140575
-0.142356,0.266262,-0.142806
-0.146268,0.263767,-0.145043
-0.150183,0.261343,-0.147216
-0.154079,0.259203,-0.149135
-0.157985,0.257058,-0.151058
-0.161919,0.254751,-0.153127
-0.165882,0.252281,-0.155342
-0.169857,0.249803,-0.157563
-0.173881,0.247001,-0.160075
0.116363,0.256645,-0.146509
0.112330,0.265455,-0.138635
0.108338,0.274177,-0.130838
0.104417,0.281988,-0.123857
0.100595,0.287978,-0.118502
0.096803,0.293854,-0.113250
0.093100,0.297740,-0.109777
0.089431,0.301063,-0.106807
0.085808,0.303262,-0.104841
0.082194,0.305456,-0.102880
0.078613,0.306725,-0.101746
0.075048,0.307484,-0.101067
0.071486,0.308242,-0.100389
0.067928,0.309000,-0.099713
0.064373,0.309756,-0.099036
0.060826,0.310180,-0.098657
0.057281,0.310628,-0.098257
0.053737,0.311113,-0.097823
0.050195,0.311599,-0.097389
0.046656,0.312062,-0.096976
0.043119,0.312259,-0.096799
0.039583,0.312441,-0.096637
0.036049,0.312621,-0.096476
0.032514,0.312801,-0.096315
0.028981,0.312981,-0.096154
0.025448,0.313135,-0.096016
0.021916,0.313289,-0.095879
0.018384,0.313442,-0.095742
0.014853,0.313604,-0.095597
0.011323,0.313777,-0.095443
0.007791,0.313850,-0.095377
0.004259,0.313900,-0.095333
0.000728,0.313961,-0.095278
-0.002803,0.314023,-0.095222
-0.006334,0.314085,-0.095167
-0.009868,0.314053,-0.095196
-0.013404,0.313959,-0.095279
-0.016940,0.313865,-0.095364
-0.020477,0.313777,-0.095443
-0.024018,0.313587,-0.095613
-0.027572,0.313075,-0.096070
-0.031130,0.312521,-0.096565
-0.034691,0.311955,-0.097071
-0.038259,0.311303,-0.097654
-0.041837,0.310483,-0.098386
-0.045418,0.309669,-0.099114
-0.049004,0.308854,-0.099843
-0.052596,0.307976,-0.100628
-0.056196,0.307018,-0.101484
-0.059801,0.306062,-0.102338
-0.063410,0.305118,-0.103182
-0.067033,0.304003,-0.104179
-0.070667,0.302784,-0.105268
-0.074312,0.301483,-0.106431
-0.077972,0.300051,-0.107711
-0.081657,0.298335,-0.109245
-0.085351,0.296616,-0.110782
-0.089058,0.294811,-0.112395
-0.092785,0.292838,-0.114159
-0.096525,0.290813,-0.115969
-0.100274,0.288783,-0.117783
-0.104035,0.286723,-0.119624
-0.107824,0.284439,-0.121666
-0.111625,0.282120,-0.123739
-0.115437,0.279795,-0.125817
-0.119254,0.277531,-0.127841
-0.123074,0.275349,-0.129791
-0.126907,0.273127,-0.131778
-0.130750,0.270898,-0.133769
-0.134611,0.268593,-0.135830
-0.138503,0.266081,-0.138075
-0.142407,0.263562,-0.140327
-0.146320,0.261055,-0.142568
-0.150243,0.258564,-0.144794
-0.154141,0.256421,-0.146710
-0.158063,0.254137,-0.148751
-0.162016,0.251669,-0.150958
-0.166008,0.248951,-0.153387
-0.170035,0.246037,-0.155991
-0.174210,0.241976,-0.159622
0.116321,0.255358,-0.142750
0.112291,0.264170,-0.134898
0.108301,0.272894,-0.127124
0.104456,0.278811,-0.121852
0.100639,0.284631,-0.116665
0.096818,0.291259,-0.110759
0.093114,0.295152,-0.107291
0.089437,0.298732,-0.104100
0.085812,0.300974,-0.102102
0.082198,0.303171,-0.100144
0.078620,0.304289,-0.099148
0.075055,0.305005,-0.098510
0.071493,0.305763,-0.097835
0.067934,0.306522,-0.097159
0.064379,0.307280,-0.096484
0.060831,0.307731,-0.096082
0.057286,0.308069,-0.095780
0.053742,0.308488,-0.095406
0.050199,0.308975,-0.094973
0.046659,0.309427,-0.094570
0.043121,0.309625,-0.094393
0.039584,0.309823,-0.094217
0.036049,0.310021,-0.094040
0.032513,0.310219,-0.093864
0.028979,0.310412,-0.093693
0.025446,0.310585,-0.093538
0.021913,0.310758,-0.093384
0.018380,0.310931,-0.093230
0.014848,0.311104,-0.093076
0.011317,0.311277,-0.092921
0.007785,0.311324,-0.092880
0.004252,0.311362,-0.092845
0.000719,0.311401,-0.092811
-0.002813,0.311440,-0.092777
-0.006345,0.311501,-0.092722
-0.009881,0.311436,-0.092780
-0.013417,0.311353,-0.092853
-0.016954,0.311274,-0.092924
-0.020492,0.311194,-0.092996
-0.024036,0.310937,-0.093225
-0.027591,0.310424,-0.093681
-0.031149,0.309912,-0.094138
-0.034709,0.309399,-0.094595
-0.038276,0.308758,-0.095166
-0.041855,0.307951,-0.095886
-0.045437,0.307135,-0.096613
-0.049023,0.306318,-0.097340
-0.052617,0.305419,-0.098142
-0.056219,0.304459,-0.098997
-0.059824,0.303497,-0.099854
-0.063434,0.302543,-0.100704
-0.067061,0.301390,-0.101732
-0.070696,0.300170,-0.102819
-0.074337,0.298947,-0.103908
-0.077996,0.297537,-0.105165
-0.081682,0.295818,-0.106697
-0.085376,0.294096,-0.108232
-0.089078,0.292363,-0.109775
-0.092811,0.290319,-0.111597
-0.096559,0.288203,-0.113482
-0.100316,0.286081,-0.115373
-0.104084,0.283941,-0.117280
-0.107868,0.281724,-0.119256
-0.111671,0.279401,-0.121326
-0.115484,0.277071,-0.123402
-0.119302,0.274809,-0.125418
-0.123122,0.272636,-0.127354
-0.126951,0.270458,-0.129294
-0.130796,0.268231,-0.131279
-0.134657,0.265929,-0.133330
-0.138550,0.263413,-0.135572
-0.142455,0.260889,-0.137822
-0.146371,0.258358,-0.140077
-0.150299,0.255829,-0.142330
-0.154214,0.253524,-0.144384
-0.158193,0.250733,-0.146872
-0.162196,0.247831,-0.149458
-0.166213,0.244918,-0.152053
-0.170471,0.240025,-0.156414
-0.174585,0.236539,-0.159519
0.116280,0.254074,-0.138995
0.112252,0.262887,-0.131166
0.108267,0.271534,-0.123484
0.104487,0.275830,-0.119668
0.100680,0.281337,-0.114776
0.096851,0.288162,-0.108713
0.093129,0.292563,-0.104804
0.089450,0.296148,-0.101619
0.085816,0.298686,-0.099364
0.082202,0.300887,-0.097409
0.078627,0.301871,-0.096535
0.075061,0.302588,-0.095898
0.071500,0.303306,-0.095260
0.067940,0.304043,-0.094605
0.064384,0.304802,-0.093931
0.060835,0.305281,-0.093506
0.057290,0.305620,-0.093204
0.053746,0.305958,-0.092904
0.050203,0.306350,-0.092556
0.046662,0.306792,-0.092163
0.043123,0.306990,-0.091987
0.039585,0.307188,-0.091811
0.036049,0.307458,-0.091572
0.032513,0.307757,-0.091306
0.028978,0.308005,-0.091086
0.025444,0.308142,-0.090964
0.021910,0.308280,-0.090842
0.018376,0.308430,-0.090708
0.014844,0.308604,-0.090554
0.011312,0.308759,-0.090416
0.007778,0.308797,-0.090382
0.004245,0.308836,-0.090348
0.000711,0.308874,-0.090314
-0.002822,0.308913,-0.090280
-0.006356,0.308949,-0.090247
-0.009893,0.308855,-0.090330
-0.013430,0.308771,-0.090405
-0.016968,0.308691,-0.090477
-0.020507,0.308611,-0.090548
-0.024054,0.308286,-0.090836
-0.027610,0.307773,-0.091292
-0.031168,0.307279,-0.091731
-0.034727,0.306799,-0.092157
-0.038298,0.306118,-0.092762
-0.041876,0.305326,-0.093466
-0.045459,0.304534,-0.094169
-0.049045,0.303729,-0.094884
-0.052640,0.302837,-0.095676
-0.056242,0.301879,-0.096528
-0.059848,0.300919,-0.097381
-0.063460,0.299958,-0.098235
-0.067090,0.298756,-0.099302
-0.070726,0.297525,-0.100396
-0.074369,0.296292,-0.101491
-0.078030,0.294860,-0.102763
-0.081722,0.293079,-0.104345
-0.085421,0.291300,-0.105925
-0.089128,0.289518,-0.107508
-0.092862,0.287476,-0.109322
-0.096609,0.285383,-0.111182
-0.100367,0.283257,-0.113070
-0.104137,0.281107,-0.114980
-0.107923,0.278887,-0.116952
-0.111718,0.276661,-0.118930
-0.115531,0.274347,-0.120986
-0.119350,0.272085,-0.122995
-0.123171,0.269909,-0.124928
-0.127002,0.267727,-0.126866
-0.130843,0.265540,-0.128809
-0.134702,0.263265,-0.130830
-0.138596,0.260744,-0.133069
-0.142512,0.258119,-0.135401
-0.146442,0.255469,-0.137755
-0.150386,0.252796,-0.140130
-0.154394,0.249633,-0.142940
-0.158389,0.246712,-0.145535
-0.162397,0.243800,-0.148121
-0.166527,0.239916,-0.151573
-0.170876,0.234274,-0.156584
0.116239,0.252791,-0.135245
0.112213,0.261606,-0.127438
0.108306,0.268401,-0.121420
0.104522,0.272763,-0.117558
0.100716,0.278211,-0.112732
0.096884,0.285045,-0.106680
0.093143,0.289973,-0.102316
0.089463,0.293563,-0.099137
0.085820,0.296399,-0.096626
0.082206,0.298602,-0.094675
0.078633,0.299453,-0.093921
0.075068,0.300172,-0.093284
0.071505,0.300890,-0.092649
0.067946,0.301607,-0.092013
0.064390,0.302325,-0.091378
0.060840,0.302831,-0.090929
0.057293,0.303171,-0.090629
0.053749,0.303509,-0.090328
0.050206,0.303848,-0.090028
0.046665,0.304181,-0.089733
0.043125,0.304481,-0.089468
0.039586,0.304782,-0.089202
0.036049,0.305082,-0.088936
0.032512,0.305381,-0.088671
0.028977,0.305606,-0.088472
0.025442,0.305743,-0.088350
0.021908,0.305881,-0.088229
0.018374,0.306018,-0.088107
0.014840,0.306155,-0.087986
0.011306,0.306244,-0.087907
0.007772,0.306270,-0.087884
0.004238,0.306309,-0.087849
0.000703,0.306348,-0.087815
-0.002831,0.306386,-0.087781
-0.006366,0.306398,-0.087771
-0.009904,0.306304,-0.087853
-0.013442,0.306210,-0.087937
-0.016982,0.306117,-0.088019
-0.020521,0.306027,-0.088099
-0.024071,0.305647,-0.088435
-0.027627,0.305167,-0.088860
-0.031186,0.304687,-0.089286
-0.034746,0.304206,-0.089712
-0.038319,0.303476,-0.090358
-0.041899,0.302684,-0.091060
-0.045485,0.301834,-0.091812
-0.049077,0.300946,-0.092599
-0.052668,0.300136,-0.093316
-0.056269,0.299234,-0.094115
-0.059876,0.298272,-0.094966
-0.063489,0.297296,-0.095831
-0.067122,0.296052,-0.096932
-0.070761,0.294817,-0.098026
-0.074404,0.293582,-0.099120
-0.078073,0.292055,-0.100473
-0.081767,0.290246,-0.102075
-0.085468,0.288457,-0.103659
-0.089178,0.286656,-0.105254
-0.092915,0.284592,-0.107082
-0.096662,0.282522,-0.108915
-0.100419,0.280432,-0.110766
-0.104190,0.278272,-0.112679
-0.107977,0.276047,-0.114649
-0.111774,0.273817,-0.116624
-0.115582,0.271580,-0.118605
-0.119398,0.269357,-0.120574
-0.123225,0.267119,-0.122556
-0.127063,0.264875,-0.124543
-0.130912,0.262625,-0.126536
-0.134794,0.260122,-0.128753
-0.138706,0.257438,-0.131130
-0.142626,0.254789,-0.133475
-0.146558,0.252133,-0.135828
-0.150527,0.249235,-0.138394
-0.154539,0.246063,-0.141203
-0.158565,0.242879,-0.144022
-0.162599,0.239763,-0.146783
-0.167020,0.233321,-0.152488
0.116236,0.250645,-0.132262
0.112218,0.259303,-0.124619
0.108345,0.265254,-0.119365
0.104549,0.269897,-0.115266
0.100736,0.275502,-0.110317
0.096918,0.281911,-0.104659
0.093157,0.287383,-0.099828
0.089477,0.290977,-0.096655
0.085828,0.293988,-0.093996
0.082209,0.296314,-0.091943
0.078640,0.297035,-0.091307
0.075074,0.297754,-0.090672
0.071511,0.298473,-0.090037
0.067951,0.299205,-0.089391
0.064392,0.300028,-0.088664
0.060841,0.300604,-0.088156
0.057294,0.300965,-0.087837
0.053750,0.301327,-0.087518
0.050206,0.301696,-0.087192
0.046665,0.302055,-0.086875
0.043125,0.302308,-0.086651
0.039586,0.302562,-0.086427
0.036048,0.302816,-0.086203
0.032512,0.303070,-0.085979
0.028976,0.303205,-0.085859
0.025440,0.303342,-0.085738
0.021905,0.303479,-0.085617
0.018371,0.303616,-0.085496
0.014837,0.303753,-0.085375
0.011302,0.303813,-0.085323
0.007767,0.303808,-0.085327
0.004231,0.303805,-0.085330
0.000695,0.303821,-0.085315
-0.002840,0.303860,-0.085281
-0.006376,0.303846,-0.085294
-0.009915,0.303752,-0.085376
-0.013454,0.303658,-0.085460
-0.016995,0.303549,-0.085556
-0.020536,0.303440,-0.085652
-0.024088,0.303027,-0.086016
-0.027644,0.302570,-0.086420
-0.031203,0.302094,-0.086840
-0.034765,0.301612,-0.087266
-0.038341,0.300829,-0.087957
-0.041926,0.299941,-0.088741
-0.045515,0.299052,-0.089526
-0.049108,0.298168,-0.090306
-0.052700,0.297366,-0.091015
-0.056297,0.296562,-0.091724
-0.059904,0.295625,-0.092551
-0.063520,0.294603,-0.093454
-0.067155,0.293357,-0.094554
-0.070795,0.292109,-0.095656
-0.074440,0.290871,-0.096749
-0.078116,0.289248,-0.098181
-0.081812,0.287436,-0.099782
-0.085516,0.285619,-0.101385
-0.089230,0.283774,-0.103014
-0.092968,0.281705,-0.104841
-0.096716,0.279631,-0.106672
-0.100473,0.277562,-0.108498
-0.104245,0.275413,-0.110396
-0.108035,0.273171,-0.112376
-0.111835,0.270922,-0.114361
-0.115645,0.268668,-0.116351
-0.119468,0.266376,-0.118374
-0.123300,0.264099,-0.120385
-0.127140,0.261850,-0.122371
-0.130991,0.259595,-0.124361
-0.134891,0.256923,-0.126720
-0.138817,0.254111,-0.129203
-0.142739,0.251457,-0.131546
-0.146674,0.248793,-0.133898
-0.150669,0.245670,-0.136655
-0.154684,0.242490,-0.139463
-0.158720,0.239243,-0.142330
-0.163042,0.233527,-0.147375
0.116299,0.247055,-0.130553
0.112261,0.256096,-0.122596
0.108385,0.262103,-0.117309
0.104571,0.267153,-0.112863
0.100755,0.272792,-0.107901
0.096957,0.278624,-0.102768
0.093183,0.284436,-0.097653
0.089490,0.288391,-0.094172
0.085840,0.291407,-0.091517
0.082217,0.293895,-0.089328
0.078647,0.294616,-0.088693
0.075079,0.295371,-0.088028
0.071514,0.296197,-0.087302
0.067952,0.297022,-0.086575
0.064393,0.297846,-0.085850
0.060841,0.298453,-0.085316
0.057294,0.298815,-0.084997
0.053750,0.299189,-0.084668
0.050206,0.299571,-0.084332
0.046665,0.299932,-0.084014
0.043125,0.300186,-0.083791
0.039586,0.300452,-0.083556
0.036049,0.300735,-0.083307
0.032512,0.301018,-0.083059
0.028976,0.301100,-0.082986
0.025440,0.301131,-0.082958
0.021904,0.301162,-0.082931
0.018368,0.301214,-0.082885
0.014834,0.301352,-0.082765
0.011298,0.301381,-0.082739
0.007762,0.301377,-0.082742
0.004225,0.301373,-0.082746
0.000689,0.301369,-0.082749
-0.002848,0.301375,-0.082745
-0.006387,0.301278,-0.082829
-0.009927,0.301169,-0.082926
-0.013468,0.301059,-0.083022
-0.017009,0.300950,-0.083118
-0.020551,0.300834,-0.083220
-0.024106,0.300376,-0.083624
-0.027663,0.299917,-0.084027
-0.031223,0.299459,-0.084431
-0.034786,0.298943,-0.084885
-0.038369,0.298049,-0.085671
-0.041955,0.297159,-0.086455
-0.045545,0.296268,-0.087239
-0.049139,0.295398,-0.088005
-0.052732,0.294593,-0.088713
-0.056330,0.293788,-0.089421
-0.059932,0.292977,-0.090135
-0.063552,0.291909,-0.091076
-0.067187,0.290660,-0.092174
-0.070829,0.289411,-0.093275
-0.074476,0.288159,-0.094376
-0.078159,0.286439,-0.095889
-0.081856,0.284627,-0.097484
-0.085560,0.282813,-0.099081
-0.089278,0.280931,-0.100738
-0.093017,0.278884,-0.102539
-0.096765,0.276824,-0.104352
-0.100522,0.274759,-0.106170
-0.104299,0.272576,-0.108091
-0.108094,0.270270,-0.110121
-0.111897,0.268001,-0.112118
-0.115709,0.265742,-0.114106
-0.119535,0.263438,-0.116134
-0.123372,0.261114,-0.118179
-0.127218,0.258822,-0.120196
-0.131070,0.256563,-0.122186
-0.134988,0.253723,-0.124685
-0.138924,0.250820,-0.127240
-0.142853,0.248120,-0.129616
-0.146808,0.245277,-0.132118
-0.150811,0.242100,-0.134914
-0.154842,0.238786,-0.137831
-0.158894,0.235416,-0.140798
-0.163487,0.227275,-0.147962
0.116370,0.243256,-0.129020
0.112309,0.252789,-0.120656
0.108423,0.258976,-0.115228
0.104592,0.264410,-0.110460
0.100775,0.270081,-0.105484
0.096994,0.275384,-0.100831
0.093214,0.281324,-0.095619
0.089503,0.285804,-0.091688
0.085852,0.288826,-0.089037
0.082220,0.291630,-0.086576
0.078649,0.292380,-0.085918
0.075080,0.293187,-0.085210
0.071514,0.294014,-0.084485
0.067952,0.294840,-0.083760
0.064394,0.295665,-0.083036
0.060841,0.296303,-0.082476
0.057294,0.296682,-0.082144
0.053749,0.297064,-0.081808
0.050205,0.297525,-0.081404
0.046664,0.297929,-0.081049
0.043124,0.298177,-0.080831
0.039586,0.298425,-0.080614
0.036048,0.298683,-0.080388
0.032512,0.298967,-0.080139
0.028976,0.299005,-0.080105
0.025440,0.299036,-0.080078
0.021904,0.299066,-0.080052
0.018368,0.299096,-0.080025
0.014832,0.299119,-0.080006
0.011295,0.299028,-0.080085
0.007758,0.299023,-0.080089
0.004222,0.299031,-0.080083
0.000685,0.299038,-0.080076
-0.002852,0.299046,-0.080069
-0.006394,0.298862,-0.080231
-0.009937,0.298641,-0.080425
-0.013481,0.298461,-0.080583
-0.017023,0.298351,-0.080679
-0.020568,0.298182,-0.080827
-0.024124,0.297723,-0.081230
-0.027683,0.297253,-0.081642
-0.031244,0.296770,-0.082066
-0.034812,0.296180,-0.082584
-0.038395,0.295285,-0.083369
-0.041983,0.294389,-0.084156
-0.045575,0.293492,-0.084943
-0.049169,0.292639,-0.085691
-0.052764,0.291833,-0.086398
-0.056363,0.291026,-0.087107
-0.059965,0.290218,-0.087815
-0.063584,0.289192,-0.088716
-0.067222,0.287934,-0.089819
-0.070864,0.286674,-0.090925
-0.074513,0.285407,-0.092036
-0.078200,0.283657,-0.093572
-0.081898,0.281844,-0.095163
-0.085604,0.280026,-0.096758
-0.089325,0.278112,-0.098437
-0.093064,0.276071,-0.100228
-0.096813,0.274024,-0.102025
-0.100572,0.271954,-0.103840
-0.104352,0.269740,-0.105783
-0.108149,0.267429,-0.107811
-0.111957,0.265111,-0.109845
-0.115773,0.262813,-0.111861
-0.119601,0.260498,-0.113892
-0.123441,0.258170,-0.115935
-0.127291,0.255835,-0.117984
-0.131159,0.253420,-0.120103
-0.135085,0.250519,-0.122648
-0.139023,0.247609,-0.125201
-0.142967,0.244780,-0.127683
-0.146950,0.241683,-0.130401
-0.150974,0.238330,-0.133343
-0.155013,0.234963,-0.136297
-0.159496,0.227634,-0.142728
0.116439,0.239523,-0.127423
0.112356,0.249490,-0.118705
0.108464,0.255799,-0.113186
0.104614,0.261665,-0.108055
0.100795,0.267369,-0.103066
0.097013,0.272682,-0.098418
0.093220,0.278975,-0.092914
0.089485,0.284263,-0.088289
0.085823,0.287731,-0.085255
0.082208,0.289920,-0.083340
0.078633,0.290888,-0.082493
0.075067,0.291638,-0.081838
0.071504,0.292386,-0.081183
0.067944,0.293134,-0.080529
0.064388,0.293878,-0.079878
0.060836,0.294521,-0.079316
0.057289,0.295016,-0.078882
0.053743,0.295512,-0.078449
0.050201,0.295907,-0.078103
0.046661,0.296230,-0.077821
0.043122,0.296478,-0.077604
0.039585,0.296720,-0.077392
0.036049,0.296906,-0.077229
0.032513,0.297039,-0.077113
0.028977,0.297036,-0.077116
0.025441,0.296990,-0.077156
0.021904,0.296964,-0.077179
0.018369,0.296994,-0.077152
0.014832,0.296971,-0.077173
0.011295,0.296880,-0.077252
0.007756,0.296790,-0.077331
0.004218,0.296703,-0.077407
0.000681,0.296710,-0.077400
-0.002857,0.296699,-0.077410
-0.006400,0.296479,-0.077604
-0.009944,0.296258,-0.077797
-0.013489,0.296037,-0.077990
-0.017035,0.295815,-0.078184
-0.020585,0.295523,-0.078439
-0.024143,0.295040,-0.078862
-0.027703,0.294556,-0.079285
-0.031266,0.294072,-0.079708
-0.034837,0.293417,-0.080281
-0.038422,0.292520,-0.081066
-0.042011,0.291619,-0.081854
-0.045605,0.290712,-0.082647
-0.049199,0.289882,-0.083373
-0.052794,0.289098,-0.084059
-0.056394,0.288289,-0.084767
-0.059998,0.287480,-0.085474
-0.063621,0.286395,-0.086423
-0.067258,0.285175,-0.087490
-0.070902,0.283913,-0.088595
-0.074557,0.282560,-0.089778
-0.078245,0.280805,-0.091313
-0.081941,0.279048,-0.092850
-0.085648,0.277238,-0.094433
-0.089373,0.275292,-0.096136
-0.093113,0.273247,-0.097924
-0.096863,0.271198,-0.099717
-0.100622,0.269143,-0.101514
-0.104404,0.266915,-0.103462
-0.108201,0.264616,-0.105474
-0.112009,0.262310,-0.107491
-0.115828,0.259993,-0.109518
-0.119679,0.257430,-0.111760
-0.123521,0.255087,-0.113809
-0.127374,0.252737,-0.115864
-0.131261,0.250143,-0.118134
-0.135188,0.247248,-0.120665
-0.139128,0.244345,-0.123205
-0.143088,0.241365,-0.125812
-0.147114,0.237875,-0.128865
-0.151141,0.234511,-0.131807
-0.155184,0.231135,-0.134761
-0.159933,0.221366,-0.143305
0.116507,0.235784,-0.125824
0.112403,0.246196,-0.116744
0.108508,0.252532,-0.111219
0.104636,0.258932,-0.105638
0.100811,0.264777,-0.100541
0.097022,0.270239,-0.095779
0.093163,0.278588,-0.088498
0.089449,0.283279,-0.084407
0.085792,0.286657,-0.081462
0.082199,0.288135,-0.080172
0.078617,0.289398,-0.079072
0.075052,0.290147,-0.078418
0.071491,0.290897,-0.077765
0.067933,0.291625,-0.077130
0.064378,0.292335,-0.076510
0.060827,0.293003,-0.075928
0.057281,0.293499,-0.075496
0.053739,0.293865,-0.075176
0.050198,0.294219,-0.074867
0.046659,0.294507,-0.074616
0.043121,0.294685,-0.074461
0.039584,0.294872,-0.074299
0.036049,0.295058,-0.074136
0.032513,0.295129,-0.074074
0.028978,0.295135,-0.074069
0.025442,0.295129,-0.074074
0.021907,0.295082,-0.074115
0.018370,0.295035,-0.074155
0.014832,0.294788,-0.074372
0.011294,0.294688,-0.074459
0.007756,0.294607,-0.074529
0.004217,0.294527,-0.074599
0.000678,0.294446,-0.074669
-0.002863,0.294301,-0.074796
-0.006407,0.294057,-0.075009
-0.009952,0.293812,-0.075223
-0.013499,0.293567,-0.075436
-0.017046,0.293322,-0.075650
-0.020599,0.292952,-0.075973
-0.024160,0.292408,-0.076447
-0.027724,0.291864,-0.076921
-0.031287,0.291373,-0.077350
-0.034863,0.290652,-0.077978
-0.038449,0.289746,-0.078768
-0.042040,0.288839,-0.079559
-0.045635,0.287930,-0.080352
-0.049229,0.287121,-0.081057
-0.052825,0.286343,-0.081735
-0.056425,0.285552,-0.082426
-0.060031,0.284741,-0.083133
-0.063659,0.283583,-0.084142
-0.067295,0.282382,-0.085189
-0.070939,0.281151,-0.086263
-0.074601,0.279711,-0.087519
-0.078291,0.277953,-0.089052
-0.081988,0.276191,-0.090588
-0.085693,0.274427,-0.092127
-0.089417,0.272501,-0.093806
-0.093157,0.270487,-0.095562
-0.096905,0.268467,-0.097323
-0.100663,0.266443,-0.099088
-0.104448,0.264188,-0.101055
-0.108247,0.261877,-0.103070
-0.112056,0.259567,-0.105084
-0.115881,0.257196,-0.107152
-0.119744,0.254504,-0.109499
-0.123607,0.251944,-0.111732
-0.127462,0.249589,-0.113785
-0.131365,0.246839,-0.116183
-0.135292,0.243954,-0.118699
-0.139221,0.241195,-0.121104
-0.143206,0.237979,-0.123909
-0.147249,0.234335,-0.127087
-0.151308,0.230686,-0.130268
-0.155779,0.223301,-0.136708
0.116576,0.232038,-0.124222
0.112450,0.242900,-0.114780
0.108524,0.249950,-0.108651
0.104657,0.256207,-0.103212
0.100819,0.262372,-0.097852
0.096994,0.268890,-0.092187
0.093108,0.278125,-0.084159
0.089414,0.282298,-0.080531
0.085782,0.284872,-0.078293
0.082189,0.286352,-0.077006
0.078603,0.287830,-0.075722
0.075038,0.288658,-0.075002
0.071478,0.289371,-0.074383
0.067922,0.290083,-0.073763
0.064369,0.290794,-0.073145
0.060819,0.291477,-0.072552
0.057275,0.291871,-0.072209
0.053733,0.292265,-0.071866
0.050193,0.292660,-0.071523
0.046655,0.292913,-0.071304
0.043119,0.293054,-0.071181
0.039583,0.293223,-0.071034
0.036049,0.293375,-0.070902
0.032514,0.293363,-0.070913
0.028979,0.293290,-0.070976
0.025444,0.293232,-0.071026
0.021909,0.293223,-0.071034
0.018372,0.293054,-0.071181
0.014833,0.292794,-0.071407
0.011293,0.292534,-0.071633
0.007753,0.292331,-0.071809
0.004215,0.292250,-0.071880
0.000675,0.292166,-0.071953
-0.002866,0.292021,-0.072079
-0.006416,0.291548,-0.072490
-0.009962,0.291297,-0.072708
-0.013509,0.291051,-0.072922
-0.017058,0.290806,-0.073135
-0.020613,0.290407,-0.073482
-0.024174,0.289862,-0.073955
-0.027739,0.289317,-0.074429
-0.031309,0.288680,-0.074983
-0.034891,0.287827,-0.075725
-0.038477,0.286959,-0.076480
-0.042069,0.286057,-0.077263
-0.045665,0.285147,-0.078055
-0.049259,0.284359,-0.078739
-0.052856,0.283580,-0.079417
-0.056458,0.282800,-0.080095
-0.060065,0.281972,-0.080815
-0.063697,0.280770,-0.081859
-0.067335,0.279567,-0.082905
-0.070978,0.278362,-0.083953
-0.074643,0.276892,-0.085230
-0.078328,0.275224,-0.086680
-0.082020,0.273553,-0.088133
-0.085720,0.271877,-0.089590
-0.089448,0.269910,-0.091300
-0.093193,0.267831,-0.093107
-0.096945,0.265777,-0.094893
-0.100703,0.263749,-0.096656
-0.104492,0.261464,-0.098642
-0.108292,0.259149,-0.100655
-0.112103,0.256826,-0.102675
-0.115934,0.254398,-0.104785
-0.119798,0.251701,-0.107129
-0.123675,0.248995,-0.109482
-0.127551,0.246430,-0.111711
-0.131461,0.243622,-0.114153
-0.135378,0.240866,-0.116548
-0.139308,0.238101,-0.118952
-0.143324,0.234589,-0.122005
-0.147370,0.230936,-0.125180
-0.151432,0.227280,-0.128358
0.116644,0.228297,-0.122610
0.112497,0.239599,-0.112815
0.108540,0.247367,-0.106083
0.104678,0.253481,-0.100785
0.100828,0.259968,-0.095163
0.096846,0.271022,-0.085584
0.093059,0.277499,-0.079971
0.089378,0.281318,-0.076661
0.085772,0.283089,-0.075127
0.082180,0.284570,-0.073843
0.078592,0.286165,-0.072461
0.075023,0.287198,-0.071565
0.071464,0.287926,-0.070935
0.067909,0.288652,-0.070305
0.064358,0.289341,-0.069708
0.060810,0.289973,-0.069161
0.057267,0.290380,-0.068808
0.053727,0.290758,-0.068480
0.050188,0.291137,-0.068152
0.046652,0.291345,-0.067971
0.043117,0.291485,-0.067850
0.039582,0.291625,-0.067729
0.036049,0.291649,-0.067708
0.032515,0.291636,-0.067719
0.028981,0.291612,-0.067740
0.025446,0.291539,-0.067803
0.021911,0.291421,-0.067906
0.018374,0.291156,-0.068135
0.014836,0.290874,-0.068380
0.011296,0.290592,-0.068624
0.007755,0.290310,-0.068868
0.004213,0.290028,-0.069113
0.000671,0.289844,-0.069272
-0.002870,0.289699,-0.069397
-0.006418,0.289328,-0.069720
-0.009970,0.288850,-0.070134
-0.013520,0.288535,-0.070406
-0.017069,0.288290,-0.070619
-0.020626,0.287861,-0.070991
-0.024188,0.287316,-0.071463
-0.027760,0.286583,-0.072098
-0.031339,0.285765,-0.072807
-0.034922,0.284903,-0.073554
-0.038510,0.284034,-0.074308
-0.042102,0.283162,-0.075063
-0.045699,0.282271,-0.075835
-0.049293,0.281524,-0.076483
-0.052892,0.280743,-0.077159
-0.056494,0.279962,-0.077837
-0.060100,0.279178,-0.078515
-0.063729,0.278067,-0.079479
-0.067366,0.276883,-0.080505
-0.071009,0.275697,-0.081532
-0.074675,0.274236,-0.082798
-0.078354,0.272671,-0.084155
-0.082046,0.271016,-0.085589
-0.085746,0.269339,-0.087043
-0.089476,0.267352,-0.088765
-0.093222,0.265270,-0.090569
-0.096977,0.263183,-0.092377
-0.100737,0.261150,-0.094139
-0.104524,0.258887,-0.096100
-0.108321,0.256618,-0.098067
-0.112129,0.254343,-0.100039
-0.115964,0.251860,-0.102190
-0.119837,0.249076,-0.104603
-0.123716,0.246353,-0.106962
-0.127614,0.243546,-0.109395
-0.131538,0.240598,-0.111950
-0.135463,0.237775,-0.114396
-0.139411,0.234842,-0.116938
-0.143442,0.231203,-0.120092
-0.147489,0.227559,-0.123249
-0.151553,0.223900,-0.126420
0.116689,0.225076,-0.120541
0.112545,0.236296,-0.110848
0.108556,0.244784,-0.103515
0.104684,0.251152,-0.098014
0.100836,0.257563,-0.092474
0.096785,0.270643,-0.081174
0.093010,0.276858,-0.075805
0.089359,0.279821,-0.073244
0.085762,0.281307,-0.071962
0.082167,0.282938,-0.070552
0.078580,0.284528,-0.069178
0.075009,0.285667,-0.068195
0.071450,0.286521,-0.067456
0.067897,0.287184,-0.066884
0.064348,0.287816,-0.066338
0.060801,0.288450,-0.065790
0.057259,0.288912,-0.065391
0.053720,0.289296,-0.065059
0.050182,0.289680,-0.064728
0.046648,0.289842,-0.064587
0.043114,0.289989,-0.064461
0.039581,0.290085,-0.064378
0.036049,0.290030,-0.064426
0.032516,0.289975,-0.064473
0.028983,0.289920,-0.064520
0.025449,0.289824,-0.064603
0.021914,0.289629,-0.064772
0.018378,0.289402,-0.064968
0.014840,0.289100,-0.065228
0.011301,0.288810,-0.065479
0.007761,0.288528,-0.065723
0.004216,0.288068,-0.066120
0.000669,0.287567,-0.066553
-0.002874,0.287377,-0.066717
-0.006420,0.287107,-0.066950
-0.009973,0.286629,-0.067363
-0.013527,0.286150,-0.067777
-0.017081,0.285772,-0.068103
-0.020640,0.285306,-0.068506
-0.024212,0.284488,-0.069214
-0.027789,0.283668,-0.069921
-0.031369,0.282848,-0.070630
-0.034954,0.281978,-0.071381
-0.038544,0.281098,-0.072142
-0.042141,0.280155,-0.072957
-0.045738,0.279294,-0.073701
-0.049330,0.278607,-0.074294
-0.052930,0.277833,-0.074963
-0.056534,0.277049,-0.075640
-0.060142,0.276263,-0.076319
-0.063757,0.275424,-0.077044
-0.067395,0.274238,-0.078068
-0.071039,0.273050,-0.079095
-0.074711,0.271511,-0.080424
-0.078391,0.269943,-0.081779
-0.082078,0.268371,-0.083137
-0.085773,0.266797,-0.084497
-0.089501,0.264838,-0.086190
-0.093242,0.262832,-0.087922
-0.096991,0.260821,-0.089660
-0.100750,0.258805,-0.091402
-0.104536,0.256554,-0.093346
-0.108336,0.254254,-0.095334
-0.112146,0.251960,-0.097315
-0.115984,0.249447,-0.099486
-0.119865,0.246572,-0.101970
-0.123750,0.243784,-0.104379
-0.127655,0.240910,-0.106862
-0.131585,0.237901,-0.109462
-0.135522,0.234960,-0.112002
-0.139525,0.231475,-0.115013
-0.143557,0.227837,-0.118156
-0.147607,0.224184,-0.121312
-0.151921,0.218123,-0.126549
0.116817,0.219987,-0.120077
0.112568,0.233559,-0.108388
0.108576,0.242119,-0.101015
0.104689,0.248845,-0.095223
0.100845,0.255158,-0.089785
0.096725,0.270265,-0.076775
0.092972,0.275882,-0.071937
0.089348,0.278039,-0.070079
0.085746,0.279708,-0.068642
0.082145,0.281628,-0.066988
0.078569,0.282854,-0.065932
0.074999,0.283992,-0.064952
0.071437,0.285037,-0.064052
0.067886,0.285679,-0.063499
0.064337,0.286317,-0.062950
0.060791,0.287011,-0.062352
0.057250,0.287541,-0.061895
0.053713,0.287907,-0.061580
0.050177,0.288280,-0.061259
0.046644,0.288438,-0.061122
0.043111,0.288588,-0.060994
0.039580,0.288524,-0.061049
0.036049,0.288419,-0.061138
0.032517,0.288365,-0.061186
0.028984,0.288253,-0.061282
0.025451,0.288064,-0.061445
0.021917,0.287838,-0.061640
0.018382,0.287641,-0.061809
0.014845,0.287348,-0.062062
0.011306,0.287046,-0.062322
0.007763,0.286552,-0.062748
0.004218,0.286058,-0.063172
0.000671,0.285557,-0.063604
-0.002879,0.285055,-0.064036
-0.006422,0.284887,-0.064181
-0.009975,0.284408,-0.064594
-0.013530,0.283929,-0.065006
-0.017091,0.283314,-0.065536
-0.020663,0.282448,-0.066282
-0.024239,0.281575,-0.067033
-0.027817,0.280751,-0.067743
-0.031399,0.279924,-0.068456
-0.034988,0.279014,-0.069239
-0.038582,0.278071,-0.070052
-0.042180,0.277125,-0.070866
-0.045777,0.276315,-0.071564
-0.049371,0.275626,-0.072157
-0.052969,0.274920,-0.072765
-0.056575,0.274135,-0.073441
-0.060184,0.273346,-0.074121
-0.063797,0.272555,-0.074802
-0.067424,0.271593,-0.075631
-0.071073,0.270354,-0.076698
-0.074747,0.268786,-0.078048
-0.078428,0.267214,-0.079402
-0.082109,0.265757,-0.080657
-0.085799,0.264259,-0.081947
-0.089523,0.262367,-0.083577
-0.093262,0.260394,-0.085276
-0.097009,0.258416,-0.086979
-0.100766,0.256434,-0.088687
-0.104545,0.254277,-0.090544
-0.108343,0.252003,-0.092503
-0.112151,0.249722,-0.094468
-0.115989,0.247205,-0.096635
-0.119877,0.244253,-0.099178
-0.123778,0.241286,-0.101733
-0.127696,0.238272,-0.104329
-0.131631,0.235214,-0.106963
-0.135570,0.232256,-0.109510
-0.139607,0.228427,-0.112809
-0.143673,0.224468,-0.116218
-0.147725,0.220806,-0.119372
0.112614,0.230275,-0.106396
0.108598,0.239379,-0.098579
0.104694,0.246538,-0.092432
0.100813,0.253866,-0.086140
0.096671,0.269675,-0.072567
0.092939,0.274768,-0.068195
0.089330,0.276474,-0.066730
0.085723,0.278398,-0.065078
0.082131,0.280038,-0.063669
0.078557,0.281184,-0.062686
0.074988,0.282367,-0.061670
0.071428,0.283311,-0.060859
0.067874,0.284184,-0.060109
0.064326,0.284876,-0.059516
0.060782,0.285555,-0.058933
0.057240,0.286193,-0.058385
0.053704,0.286624,-0.058015
0.050170,0.286969,-0.057718
0.046639,0.287137,-0.057574
0.043108,0.287186,-0.057533
0.039579,0.287078,-0.057626
0.036049,0.286962,-0.057725
0.032518,0.286742,-0.057914
0.028986,0.286498,-0.058123
0.025453,0.286315,-0.058280
0.021920,0.286090,-0.058473
0.018385,0.285863,-0.058668
0.014848,0.285491,-0.058987
0.011307,0.284978,-0.059428
0.007764,0.284464,-0.059870
0.004219,0.283978,-0.060287
0.000673,0.283516,-0.060683
-0.002876,0.283045,-0.061088
-0.006426,0.282588,-0.061480
-0.009977,0.282188,-0.061824
-0.013539,0.281452,-0.062456
-0.017108,0.280605,-0.063182
-0.020681,0.279740,-0.063926
-0.024259,0.278865,-0.064677
-0.027840,0.277990,-0.065428
-0.031433,0.276894,-0.066369
-0.035024,0.275967,-0.067165
-0.038620,0.275038,-0.067963
-0.042220,0.274093,-0.068773
-0.045816,0.273333,-0.069426
-0.049412,0.272644,-0.070018
-0.053011,0.271953,-0.070611
-0.056615,0.271219,-0.071242
-0.060226,0.270427,-0.071921
-0.063841,0.269635,-0.072602
-0.067460,0.268842,-0.073282
-0.071107,0.267630,-0.074323
-0.074776,0.266165,-0.075581
-0.078446,0.264790,-0.076762
-0.082121,0.263412,-0.077945
-0.085827,0.261697,-0.079417
-0.089548,0.259851,-0.081002
-0.093285,0.257912,-0.082667
-0.097023,0.256076,-0.084244
-0.100768,0.254236,-0.085823
-0.104537,0.252210,-0.087562
-0.108334,0.249933,-0.089518
-0.112150,0.247562,-0.091553
-0.115985,0.245075,-0.093689
-0.119858,0.242289,-0.096081
-0.123758,0.239320,-0.098630
-0.127691,0.236140,-0.101360
-0.131673,0.232571,-0.104425
-0.135619,0.229543,-0.107024
-0.139686,0.225412,-0.110571
-0.143772,0.221262,-0.114135
-0.147844,0.217423,-0.117430
0.112688,0.226315,-0.104977
0.108631,0.236381,-0.096361
0.104699,0.244232,-0.089642
0.100763,0.253069,-0.082078
0.096619,0.269057,-0.068393
0.092919,0.273236,-0.064817
0.089305,0.275165,-0.063165
0.085699,0.277090,-0.061517
0.082118,0.278378,-0.060415
0.078545,0.279564,-0.059400
0.074979,0.280642,-0.058477
0.071420,0.281583,-0.057672
0.067866,0.282514,-0.056875
0.064317,0.283337,-0.056171
0.060772,0.284081,-0.055534
0.057232,0.284807,-0.054912
0.053696,0.285327,-0.054467
0.050163,0.285716,-0.054134
0.046633,0.285919,-0.053960
0.043105,0.285851,-0.054019
0.039577,0.285693,-0.054153
0.036049,0.285374,-0.054427
0.032519,0.285100,-0.054661
0.028988,0.284834,-0.054889
0.025456,0.284568,-0.055117
0.021922,0.284262,-0.055378
0.018387,0.283877,-0.055708
0.014850,0.283492,-0.056038
0.011309,0.282952,-0.056500
0.007765,0.282394,-0.056978
0.004220,0.281879,-0.057418
0.000673,0.281403,-0.057826
-0.002875,0.280940,-0.058222
-0.006427,0.280420,-0.058667
-0.009989,0.279590,-0.059377
-0.013556,0.278743,-0.060102
-0.017126,0.277896,-0.060827
-0.020700,0.277031,-0.061568
-0.024278,0.276154,-0.062319
-0.027862,0.275239,-0.063102
-0.031470,0.273791,-0.064342
-0.035063,0.272861,-0.065137
-0.038661,0.271931,-0.065933
-0.042265,0.270937,-0.066784
-0.045858,0.270285,-0.067342
-0.049455,0.269597,-0.067931
-0.053056,0.268909,-0.068519
-0.056651,0.268399,-0.068957
-0.060263,0.267603,-0.069637
-0.063879,0.266808,-0.070318
-0.067500,0.266011,-0.071000
-0.071124,0.265199,-0.071696
-0.074788,0.263824,-0.072872
-0.078458,0.262446,-0.074052
-0.082143,0.260932,-0.075348
-0.085854,0.259135,-0.076885
-0.089553,0.257633,-0.078171
-0.093279,0.255826,-0.079718
-0.097020,0.253942,-0.081330
-0.100769,0.252054,-0.082946
-0.104529,0.250144,-0.084581
-0.108333,0.247784,-0.086601
-0.112144,0.245451,-0.088598
-0.115975,0.243020,-0.090679
-0.119853,0.240157,-0.093130
-0.123739,0.237355,-0.095528
-0.127666,0.234225,-0.098207
-0.131638,0.230760,-0.101173
-0.135654,0.226983,-0.104405
-0.139737,0.222682,-0.108087
-0.143841,0.218355,-0.111791
-0.147960,0.214057,-0.115469
0.112763,0.222349,-0.103556
0.108693,0.232661,-0.094757
0.104714,0.241668,-0.087071
0.100714,0.252272,-0.078023
0.096621,0.266833,-0.065599
0.092931,0.270742,-0.062263
0.089301,0.273158,-0.060201
0.085686,0.275439,-0.058255
0.082105,0.276758,-0.057129
0.078532,0.277946,-0.056116
0.074970,0.278907,-0.055295
0.071413,0.279829,-0.054510
0.067859,0.280768,-0.053708
0.064309,0.281680,-0.052930
0.060765,0.282491,-0.052238
0.057222,0.283468,-0.051404
0.053686,0.284112,-0.050855
0.050155,0.284562,-0.050471
0.046628,0.284686,-0.050365
0.043102,0.284536,-0.050492
0.039576,0.284205,-0.050775
0.036049,0.283836,-0.051090
0.032520,0.283459,-0.051412
0.028990,0.283128,-0.051694
0.025458,0.282768,-0.052002
0.021924,0.282318,-0.052386
0.018388,0.281846,-0.052788
0.014850,0.281424,-0.053149
0.011311,0.281018,-0.053495
0.007768,0.280447,-0.053982
0.004222,0.279876,-0.054469
0.000673,0.279267,-0.054989
-0.002881,0.278547,-0.055603
-0.006438,0.277845,-0.056202
-0.010001,0.277008,-0.056916
-0.013572,0.276035,-0.057747
-0.017143,0.275186,-0.058471
-0.020718,0.274319,-0.059210
-0.024298,0.273441,-0.059960
-0.027902,0.271991,-0.061198
-0.031507,0.270685,-0.062312
-0.035102,0.269754,-0.063106
-0.038703,0.268769,-0.063947
-0.042309,0.267784,-0.064787
-0.045901,0.267208,-0.065278
-0.049500,0.266519,-0.065867
-0.053103,0.265829,-0.066455
-0.056689,0.265515,-0.066723
-0.060296,0.264848,-0.067292
-0.063914,0.264050,-0.067972
-0.067535,0.263252,-0.068654
-0.071160,0.262460,-0.069329
-0.074800,0.261481,-0.070165
-0.078470,0.260102,-0.071342
-0.082169,0.258390,-0.072803
-0.085857,0.256930,-0.074049
-0.089553,0.255467,-0.075297
-0.093263,0.253896,-0.076637
-0.097003,0.252011,-0.078246
-0.100751,0.250131,-0.079850
-0.104512,0.248181,-0.081514
-0.108305,0.245950,-0.083418
-0.112118,0.243593,-0.085429
-0.115949,0.241150,-0.087513
-0.119822,0.238331,-0.089918
-0.123711,0.235484,-0.092348
-0.127643,0.232284,-0.095078
-0.131595,0.229026,-0.097858
-0.135616,0.225185,-0.101135
-0.139693,0.220934,-0.104763
-0.143796,0.216604,-0.108458
-0.147981,0.211641,-0.112692
0.112836,0.218432,-0.102084
0.108755,0.228934,-0.093150
0.104773,0.237949,-0.085482
0.100664,0.251477,-0.073975
0.096642,0.264071,-0.063262
0.092943,0.268214,-0.059738
0.089313,0.270635,-0.057679
0.085691,0.273103,-0.055579
0.082106,0.274560,-0.054339
0.078528,0.276015,-0.053102
0.074962,0.277154,-0.052133
0.071405,0.278070,-0.051354
0.067853,0.278954,-0.050602
0.064304,0.279889,-0.049807
0.060755,0.281066,-0.048805
0.057213,0.282111,-0.047916
0.053677,0.282952,-0.047201
0.050148,0.283331,-0.046879
0.046623,0.283424,-0.046799
0.043099,0.283131,-0.047049
0.039575,0.282721,-0.047397
0.036049,0.282212,-0.047830
0.032520,0.281726,-0.048243
0.028991,0.281306,-0.048601
0.025459,0.280898,-0.048948
0.021926,0.280452,-0.049328
0.018391,0.279992,-0.049718
0.014853,0.279520,-0.050120
0.011313,0.279024,-0.050542
0.007769,0.278367,-0.051101
0.004220,0.277637,-0.051722
0.000668,0.276907,-0.052343
-0.002891,0.275980,-0.053131
-0.006449,0.275269,-0.053737
-0.010010,0.274540,-0.054356
-0.013588,0.273335,-0.055382
-0.017160,0.272474,-0.056114
-0.020737,0.271607,-0.056851
-0.024323,0.270558,-0.057744
-0.027942,0.268738,-0.059292
-0.031544,0.267576,-0.060280
-0.035143,0.266602,-0.061109
-0.038750,0.265531,-0.062020
-0.042353,0.264655,-0.062765
-0.045946,0.264088,-0.063248
-0.049545,0.263437,-0.063801
-0.053150,0.262746,-0.064389
-0.056729,0.262605,-0.064509
-0.060329,0.262091,-0.064946
-0.063948,0.261292,-0.065626
-0.067571,0.260495,-0.066303
-0.071196,0.259702,-0.066978
-0.074826,0.258908,-0.067654
-0.078487,0.257687,-0.068692
-0.082169,0.256227,-0.069934
-0.085859,0.254750,-0.071190
-0.089556,0.253270,-0.072450
-0.093258,0.251802,-0.073698
-0.096984,0.250101,-0.075145
-0.100731,0.248222,-0.076744
-0.104497,0.246207,-0.078457
-0.108278,0.244115,-0.080237
-0.112096,0.241686,-0.082303
-0.115924,0.239269,-0.084359
-0.119787,0.236565,-0.086659
-0.123673,0.233723,-0.089077
-0.127602,0.230549,-0.091777
-0.131566,0.227152,-0.094666
-0.135578,0.223389,-0.097867
-0.139651,0.219165,-0.101461
-0.143751,0.214853,-0.105128
-0.148022,0.209018,-0.110092
0.112899,0.214718,-0.100431
0.108816,0.225203,-0.091541
0.104833,0.234178,-0.083930
0.100634,0.250135,-0.070399
0.096667,0.261198,-0.061017
0.092956,0.265685,-0.057212
0.089325,0.268111,-0.055155
0.085697,0.270767,-0.052903
0.082112,0.272226,-0.051666
0.078531,0.273749,-0.050374
0.074964,0.274935,-0.049369
0.071402,0.276082,-0.048396
0.067847,0.277158,-0.047483
0.064297,0.278182,-0.046615
0.060751,0.279259,-0.045702
0.057207,0.280438,-0.044702
0.053672,0.281282,-0.043987
0.050144,0.281704,-0.043629
0.046620,0.281624,-0.043696
0.043097,0.281432,-0.043859
0.039574,0.280944,-0.044273
0.036048,0.280392,-0.044741
0.032521,0.279921,-0.045140
0.028992,0.279422,-0.045564
0.025460,0.278913,-0.045995
0.021927,0.278419,-0.046414
0.018391,0.277912,-0.046844
0.014852,0.277278,-0.047381
0.011311,0.276701,-0.047871
0.007766,0.276073,-0.048403
0.004216,0.275278,-0.049077
0.000664,0.274546,-0.049698
-0.002894,0.273692,-0.050422
-0.006459,0.272692,-0.051270
-0.010021,0.271987,-0.051868
-0.013597,0.270865,-0.052820
-0.017178,0.269761,-0.053755
-0.020755,0.268894,-0.054491
-0.024361,0.267307,-0.055836
-0.027983,0.265483,-0.057383
-0.031582,0.264435,-0.058272
-0.035187,0.263363,-0.059181
-0.038796,0.262288,-0.060092
-0.042396,0.261525,-0.060740
-0.045991,0.260956,-0.061222
-0.049590,0.260353,-0.061733
-0.053194,0.259723,-0.062268
-0.056769,0.259692,-0.062294
-0.060362,0.259333,-0.062598
-0.063982,0.258533,-0.063277
-0.067606,0.257737,-0.063952
-0.071233,0.256942,-0.064626
-0.074857,0.256258,-0.065206
-0.078503,0.255284,-0.066032
-0.082177,0.253957,-0.067157
-0.085867,0.252478,-0.068411
-0.089562,0.251014,-0.069653
-0.093263,0.249565,-0.070881
-0.096971,0.248114,-0.072112
-0.100715,0.246268,-0.073677
-0.104480,0.244260,-0.075380
-0.108256,0.242224,-0.077106
-0.112062,0.239931,-0.079051
-0.115890,0.237498,-0.081114
-0.119741,0.234915,-0.083304
-0.123629,0.232044,-0.085739
-0.127553,0.228913,-0.088394
-0.131513,0.225532,-0.091262
-0.135521,0.221800,-0.094426
-0.139607,0.217424,-0.098137
-0.143706,0.213105,-0.101800
-0.148063,0.206394,-0.107490
0.112958,0.211136,-0.098661
0.108879,0.221442,-0.089948
0.104894,0.230401,-0.082375
0.100779,0.243979,-0.070897
0.096725,0.257348,-0.059594
0.092970,0.263095,-0.054737
0.089336,0.265603,-0.052617
0.085703,0.268430,-0.050227
0.082116,0.269934,-0.048955
0.078534,0.271484,-0.047645
0.074965,0.272733,-0.046589
0.071404,0.273857,-0.045639
0.067848,0.274974,-0.044695
0.064296,0.276106,-0.043738
0.060748,0.277299,-0.042730
0.057207,0.278311,-0.041873
0.053672,0.279150,-0.041165
0.050145,0.279474,-0.040891
0.046621,0.279451,-0.040910
0.043097,0.279263,-0.041069
0.039574,0.278812,-0.041450
0.036049,0.278271,-0.041907
0.032521,0.277778,-0.042325
0.028992,0.277278,-0.042747
0.025460,0.276731,-0.043209
0.021926,0.276196,-0.043662
0.018390,0.275701,-0.044080
0.014850,0.275039,-0.044640
0.011308,0.274377,-0.045199
0.007764,0.273799,-0.045688
0.004213,0.272992,-0.046370
0.000659,0.272186,-0.047052
-0.002898,0.271404,-0.047713
-0.006463,0.270397,-0.048564
-0.010032,0.269408,-0.049400
-0.013607,0.268394,-0.050258
-0.017191,0.267183,-0.051281
-0.020784,0.265877,-0.052385
-0.024399,0.264053,-0.053927
-0.028022,0.262257,-0.055445
-0.031624,0.261195,-0.056343
-0.035231,0.260120,-0.057252
-0.038842,0.259043,-0.058162
-0.042440,0.258391,-0.058713
-0.046037,0.257820,-0.059196
-0.049637,0.257250,-0.059678
-0.053232,0.256808,-0.060051
-0.056809,0.256778,-0.060077
-0.060396,0.256574,-0.060250
-0.064017,0.255773,-0.060926
-0.067641,0.254978,-0.061599
-0.071260,0.254353,-0.062127
-0.074889,0.253588,-0.062774
-0.078539,0.252568,-0.063636
-0.082194,0.251545,-0.064501
-0.085873,0.250234,-0.065609
-0.089566,0.248807,-0.066815
-0.093265,0.247377,-0.068024
-0.096972,0.245936,-0.069242
-0.100698,0.244329,-0.070601
-0.104460,0.242353,-0.072270
-0.108237,0.240292,-0.074013
-0.112027,0.238177,-0.075801
-0.115853,0.235758,-0.077846
-0.119689,0.233338,-0.079892
-0.123583,0.230384,-0.082390
-0.127501,0.227302,-0.084994
-0.131459,0.223930,-0.087845
-0.135472,0.220119,-0.091067
-0.139535,0.215971,-0.094574
-0.143667,0.211295,-0.098526
-0.148105,0.203770,-0.104888
0.113016,0.207548,-0.096888
0.108915,0.218373,-0.087766
0.104955,0.226617,-0.080819
0.100910,0.238165,-0.071087
0.096790,0.253287,-0.058343
0.092990,0.260338,-0.052401
0.089344,0.263203,-0.049987
0.085708,0.266094,-0.047550
0.082118,0.267703,-0.046194
0.078537,0.269226,-0.044910
0.074967,0.270528,-0.043813
0.071406,0.271649,-0.042869
0.067850,0.272714,-0.041971
0.064299,0.273829,-0.041031
0.060751,0.274948,-0.040089
0.057211,0.275917,-0.039272
0.053678,0.276422,-0.038846
0.050150,0.276729,-0.038587
0.046624,0.276881,-0.038460
0.043098,0.276910,-0.038435
0.039574,0.276472,-0.038804
0.036049,0.275989,-0.039212
0.032521,0.275535,-0.039594
0.028991,0.275070,-0.039985
0.025460,0.274561,-0.040415
0.021926,0.274039,-0.040855
0.018389,0.273482,-0.041324
0.014850,0.272852,-0.041855
0.011307,0.272164,-0.042434
0.007761,0.271476,-0.043014
0.004211,0.270721,-0.043651
0.000656,0.269908,-0.044336
-0.002901,0.269094,-0.045022
-0.006468,0.268044,-0.045907
-0.010042,0.266928,-0.046847
-0.013622,0.265698,-0.047884
-0.017211,0.264395,-0.048982
-0.020831,0.262259,-0.050782
-0.024452,0.260368,-0.052375
-0.028068,0.258836,-0.053666
-0.031671,0.257821,-0.054522
-0.035279,0.256759,-0.055417
-0.038891,0.255734,-0.056281
-0.042487,0.255180,-0.056747
-0.046085,0.254626,-0.057214
-0.049686,0.254072,-0.057681
-0.053271,0.253881,-0.057842
-0.056849,0.253861,-0.057859
-0.060428,0.253813,-0.057900
-0.064051,0.253014,-0.058573
-0.067663,0.252447,-0.059051
-0.071278,0.251892,-0.059519
-0.074924,0.250872,-0.060379
-0.078573,0.249892,-0.061204
-0.082217,0.249044,-0.061919
-0.085881,0.247954,-0.062837
-0.089561,0.246711,-0.063885
-0.093261,0.245274,-0.065095
-0.096980,0.243668,-0.066449
-0.100706,0.242059,-0.067805
-0.104439,0.240447,-0.069164
-0.108213,0.238415,-0.070876
-0.111996,0.236393,-0.072580
-0.115800,0.234219,-0.074412
-0.119635,0.231790,-0.076459
-0.123511,0.229018,-0.078795
-0.127430,0.225895,-0.081427
-0.131388,0.222506,-0.084283
-0.135419,0.218493,-0.087665
-0.139471,0.214438,-0.091082
-0.143653,0.209235,-0.095467
-0.148146,0.201145,-0.102285
0.113055,0.204410,-0.094731
0.108946,0.215398,-0.085501
0.105002,0.223213,-0.078936
0.101043,0.232329,-0.071277
0.096882,0.248427,-0.057753
0.093020,0.257242,-0.050347
0.089351,0.260803,-0.047356
0.085718,0.263614,-0.044994
0.082125,0.265293,-0.043583
0.078544,0.266800,-0.042318
0.074974,0.268067,-0.041253
0.071413,0.269171,-0.040326
0.067857,0.270205,-0.039457
0.064306,0.271222,-0.038602
0.060758,0.272387,-0.037623
0.057217,0.273244,-0.036904
0.053683,0.273808,-0.036430
0.050154,0.274108,-0.036178
0.046626,0.274305,-0.036012
0.043101,0.274224,-0.036081
0.039575,0.273909,-0.036345
0.036049,0.273572,-0.036628
0.032520,0.273144,-0.036988
0.028990,0.272663,-0.037392
0.025458,0.272150,-0.037823
0.021923,0.271631,-0.038259
0.018387,0.271112,-0.038695
0.014846,0.270416,-0.039279
0.011302,0.269731,-0.039855
0.007756,0.269045,-0.040431
0.004202,0.268120,-0.041208
0.000646,0.267280,-0.041914
-0.002916,0.266317,-0.042723
-0.006486,0.265162,-0.043693
-0.010061,0.264044,-0.044633
-0.013645,0.262747,-0.045722
-0.017253,0.260862,-0.047306
-0.020881,0.258557,-0.049242
-0.024505,0.256660,-0.050836
-0.028114,0.255407,-0.051889
-0.031718,0.254437,-0.052703
-0.035329,0.253373,-0.053598
-0.038938,0.252468,-0.054358
-0.042536,0.251913,-0.054824
-0.046137,0.251357,-0.055291
-0.049744,0.250726,-0.055821
-0.053325,0.250667,-0.055871
-0.056899,0.250744,-0.055806
-0.060473,0.250837,-0.055728
-0.064069,0.250544,-0.055975
-0.067681,0.249987,-0.056442
-0.071312,0.249177,-0.057123
-0.074948,0.248338,-0.057828
-0.078586,0.247534,-0.058502
-0.082240,0.246528,-0.059348
-0.085906,0.245437,-0.060265
-0.089575,0.244361,-0.061168
-0.093261,0.243121,-0.062211
-0.096977,0.241546,-0.063534
-0.100700,0.239968,-0.064859
-0.104433,0.238366,-0.066205
-0.108183,0.236621,-0.067671
-0.111964,0.234609,-0.069362
-0.115754,0.232588,-0.071059
-0.119572,0.230336,-0.072951
-0.123433,0.227726,-0.075144
-0.127352,0.224586,-0.077782
-0.131315,0.221105,-0.080706
-0.135357,0.216958,-0.084190
-0.139413,0.212839,-0.087650
-0.143639,0.207176,-0.092408
-0.148187,0.198519,-0.099681
0.113061,0.202066,-0.091906
0.108977,0.212422,-0.083233
0.105037,0.220101,-0.076802
0.101175,0.226471,-0.071467
0.097190,0.237229,-0.062457
0.093075,0.253396,-0.048917
0.089379,0.257751,-0.045270
0.085750,0.260331,-0.043109
0.082146,0.262391,-0.041385
0.078559,0.264033,-0.040009
0.074988,0.265319,-0.038932
0.071423,0.266523,-0.037924
0.067865,0.267624,-0.037002
0.064314,0.268600,-0.036184
0.060768,0.269536,-0.035401
0.057226,0.270361,-0.034709
0.053691,0.270907,-0.034252
0.050160,0.271246,-0.033969
0.046631,0.271466,-0.033784
0.043103,0.271412,-0.033829
0.039576,0.271228,-0.033984
0.036049,0.270914,-0.034246
0.032520,0.270600,-0.034509
0.028989,0.270235,-0.034815
0.025456,0.269735,-0.035234
0.021921,0.269218,-0.035666
0.018383,0.268626,-0.036163
0.014841,0.267917,-0.036756
0.011297,0.267228,-0.037333
0.007748,0.266415,-0.038014
0.004192,0.265442,-0.038829
0.000635,0.264601,-0.039534
-0.002932,0.263454,-0.040494
-0.006504,0.262279,-0.041478
-0.010082,0.261101,-0.042465
-0.013676,0.259514,-0.043793
-0.017297,0.257244,-0.045695
-0.020931,0.254853,-0.047698
-0.024559,0.252946,-0.049294
-0.028161,0.251974,-0.050109
-0.031765,0.251050,-0.050883
-0.035379,0.249983,-0.051776
-0.038985,0.249198,-0.052433
-0.042586,0.248642,-0.052899
-0.046192,0.248012,-0.053427
-0.049801,0.247373,-0.053962
-0.053378,0.247450,-0.053897
-0.056955,0.247527,-0.053833
-0.060523,0.247767,-0.053632
-0.064107,0.247713,-0.053677
-0.067709,0.247358,-0.053974
-0.071326,0.246784,-0.054455
-0.074961,0.245981,-0.055128
-0.078603,0.245104,-0.055862
-0.082263,0.244026,-0.056765
-0.085926,0.242987,-0.057635
-0.089597,0.241881,-0.058561
-0.093285,0.240628,-0.059611
-0.096978,0.239373,-0.060662
-0.100690,0.237936,-0.061866
-0.104424,0.236318,-0.063221
-0.108171,0.234613,-0.064648
-0.111929,0.232858,-0.066118
-0.115706,0.230989,-0.067683
-0.119501,0.228991,-0.069357
-0.123351,0.226478,-0.071461
-0.127262,0.223402,-0.074038
-0.131248,0.219652,-0.077178
-0.135301,0.215367,-0.080767
-0.139401,0.210774,-0.084614
-0.143623,0.205127,-0.089343
-0.148214,0.196042,-0.096952
0.113130,0.198209,-0.090344
0.109014,0.209312,-0.081074
0.105079,0.216817,-0.074808
0.101214,0.223199,-0.069480
0.097318,0.231281,-0.062732
0.093154,0.248775,-0.048127
0.089413,0.254458,-0.043382
0.085782,0.257045,-0.041222
0.082166,0.259486,-0.039184
0.078578,0.261130,-0.037812
0.075001,0.262570,-0.036610
0.071434,0.263881,-0.035515
0.067876,0.264917,-0.034650
0.064325,0.265793,-0.033919
0.060779,0.266623,-0.033226
0.057237,0.267335,-0.032631
0.053700,0.267918,-0.032144
0.050166,0.268293,-0.031832
0.046635,0.268532,-0.031632
0.043106,0.268533,-0.031631
0.039578,0.268431,-0.031716
0.036049,0.268238,-0.031877
0.032518,0.267938,-0.032127
0.028987,0.267583,-0.032424
0.025454,0.267173,-0.032766
0.021918,0.266764,-0.033108
0.018380,0.266134,-0.033634
0.014837,0.265424,-0.034227
0.011292,0.264724,-0.034811
0.007740,0.263782,-0.035598
0.004182,0.262763,-0.036448
0.000624,0.261898,-0.037171
-0.002948,0.260589,-0.038264
-0.006522,0.259393,-0.039262
-0.010103,0.258148,-0.040301
-0.013716,0.255951,-0.042136
-0.017341,0.253620,-0.044082
-0.020979,0.251222,-0.046083
-0.024604,0.249460,-0.047555
-0.028207,0.248536,-0.048326
-0.031814,0.247610,-0.049099
-0.035429,0.246588,-0.049952
-0.039033,0.245925,-0.050507
-0.042638,0.245297,-0.051030
-0.046248,0.244639,-0.051580
-0.049852,0.244153,-0.051986
-0.053431,0.244230,-0.051922
-0.057003,0.244447,-0.051741
-0.060572,0.244696,-0.051532
-0.064148,0.244819,-0.051430
-0.067752,0.244463,-0.051727
-0.071368,0.243936,-0.052167
-0.074987,0.243395,-0.052618
-0.078622,0.242652,-0.053239
-0.082280,0.241614,-0.054106
-0.085943,0.240572,-0.054975
-0.089622,0.239363,-0.055984
-0.093308,0.238150,-0.056997
-0.096996,0.236966,-0.057986
-0.100704,0.235588,-0.059136
-0.104421,0.234182,-0.060310
-0.108158,0.232608,-0.061624
-0.111907,0.230970,-0.062992
-0.115663,0.229329,-0.064362
-0.119445,0.227476,-0.065909
-0.123258,0.225358,-0.067677
-0.127162,0.222333,-0.070203
-0.131180,0.218212,-0.073644
-0.135252,0.213693,-0.077416
-0.139390,0.208691,-0.081593
-0.143594,0.203227,-0.086155
-0.148105,0.194920,-0.093090
0.113202,0.194282,-0.088832
0.109056,0.206072,-0.079019
0.105121,0.213530,-0.072812
0.101265,0.219624,-0.067740
0.097466,0.224764,-0.063462
0.093313,0.241629,-0.049425
0.089491,0.249733,-0.042680
0.085814,0.253755,-0.039333
0.082192,0.256334,-0.037187
0.078596,0.258224,-0.035614
0.075015,0.259818,-0.034287
0.071448,0.261030,-0.033278
0.067890,0.262027,-0.032449
0.064337,0.262952,-0.031679
0.060788,0.263818,-0.030957
0.057247,0.264376,-0.030493
0.053708,0.264927,-0.030035
0.050173,0.265296,-0.029728
0.046641,0.265535,-0.029528
0.043109,0.265630,-0.029449
0.039579,0.265522,-0.029540
0.036048,0.265433,-0.029614
0.032517,0.265275,-0.029745
0.028985,0.264928,-0.030034
0.025450,0.264501,-0.030389
0.021913,0.263978,-0.030824
0.018373,0.263386,-0.031318
0.014831,0.262790,-0.031814
0.011285,0.262129,-0.032363
0.007732,0.261147,-0.033180
0.004173,0.260128,-0.034029
0.000609,0.259034,-0.034940
-0.002964,0.257722,-0.036031
-0.006540,0.256503,-0.037046
-0.010140,0.254604,-0.038627
-0.013756,0.252383,-0.040475
-0.017386,0.249991,-0.042466
-0.021026,0.247586,-0.044467
-0.024648,0.246020,-0.045771
-0.028254,0.245093,-0.046542
-0.031863,0.244165,-0.047315
-0.035478,0.243206,-0.048113
-0.039083,0.242581,-0.048633
-0.042692,0.241921,-0.049182
-0.046304,0.241261,-0.049732
-0.049904,0.240929,-0.050008
-0.053479,0.241122,-0.049847
-0.057051,0.241371,-0.049641
-0.060622,0.241622,-0.049431
-0.064192,0.241887,-0.049211
-0.067795,0.241566,-0.049477
-0.071413,0.241035,-0.049919
-0.075032,0.240526,-0.050343
-0.078665,0.239824,-0.050928
-0.082314,0.238944,-0.051660
-0.085966,0.238075,-0.052384
-0.089639,0.236971,-0.053303
-0.093322,0.235786,-0.054289
-0.097016,0.234538,-0.055328
-0.100726,0.233136,-0.056494
-0.104440,0.231780,-0.057623
-0.108162,0.230391,-0.058779
-0.111894,0.228956,-0.059974
-0.115640,0.227428,-0.061245
-0.119391,0.225934,-0.062488
-0.123189,0.223968,-0.064125
-0.127062,0.221265,-0.066374
-0.131102,0.216869,-0.070033
-0.135250,0.211531,-0.074476
-0.139382,0.206578,-0.078598
-0.143564,0.201328,-0.082968
-0.148041,0.193350,-0.089607
0.113212,0.191833,-0.086086
0.109103,0.202679,-0.077086
0.105173,0.209952,-0.071053
0.101318,0.215968,-0.066061
0.097520,0.220969,-0.061911
0.093651,0.228869,-0.055357
0.089568,0.245001,-0.041972
0.085847,0.250462,-0.037442
0.082222,0.253047,-0.035296
0.078616,0.255277,-0.033446
0.075039,0.256598,-0.032350
0.071467,0.257944,-0.031233
0.067904,0.259090,-0.030283
0.064348,0.260084,-0.029457
0.060801,0.260795,-0.028868
0.057258,0.261372,-0.028389
0.053717,0.261953,-0.027907
0.050180,0.262315,-0.027607
0.046646,0.262503,-0.027450
0.043113,0.262692,-0.027294
0.039581,0.262610,-0.027363
0.036049,0.262528,-0.027430
0.032516,0.262447,-0.027497
0.028982,0.262223,-0.027683
0.025446,0.261699,-0.028117
0.021908,0.261166,-0.028560
0.018366,0.260570,-0.029055
0.014822,0.259914,-0.029599
0.011273,0.259101,-0.030274
0.007718,0.258174,-0.031042
0.004159,0.257192,-0.031858
0.000592,0.256011,-0.032837
-0.002981,0.254830,-0.033817
-0.006567,0.253258,-0.035121
-0.010177,0.251036,-0.036965
-0.013797,0.248761,-0.038852
-0.017430,0.246357,-0.040848
-0.021079,0.243773,-0.042991
-0.024687,0.242709,-0.043874
-0.028296,0.241768,-0.044655
-0.031908,0.240824,-0.045438
-0.035522,0.239946,-0.046166
-0.039132,0.239252,-0.046742
-0.042745,0.238556,-0.047319
-0.046360,0.237880,-0.047881
-0.049951,0.237795,-0.047951
-0.053525,0.238043,-0.047745
-0.057099,0.238291,-0.047539
-0.060672,0.238546,-0.047328
-0.064244,0.238811,-0.047108
-0.067838,0.238667,-0.047227
-0.071458,0.238133,-0.047671
-0.075075,0.237678,-0.048047
-0.078709,0.236994,-0.048616
-0.082359,0.236112,-0.049347
-0.086003,0.235376,-0.049958
-0.089675,0.234301,-0.050850
-0.093351,0.233224,-0.051743
-0.097039,0.232054,-0.052714
-0.100742,0.230761,-0.053786
-0.104453,0.229450,-0.054875
-0.108177,0.228034,-0.056050
-0.111910,0.226594,-0.057245
-0.115643,0.225229,-0.058377
-0.119383,0.223854,-0.059517
-0.123181,0.221886,-0.061151
-0.127022,0.219533,-0.063103
-0.131041,0.215354,-0.066570
-0.135251,0.209332,-0.071567
-0.139375,0.204454,-0.075614
-0.143618,0.198578,-0.080489
0.113214,0.189568,-0.083187
0.109130,0.199804,-0.074720
0.105212,0.206746,-0.068978
0.101371,0.212307,-0.064378
0.097580,0.217042,-0.060462
0.093821,0.221367,-0.056885
0.089732,0.237372,-0.043647
0.085913,0.245951,-0.036552
0.082252,0.249758,-0.033403
0.078651,0.251690,-0.031805
0.075065,0.253297,-0.030476
0.071489,0.254707,-0.029309
0.067920,0.256064,-0.028187
0.064362,0.257110,-0.027321
0.060814,0.257746,-0.026795
0.057269,0.258311,-0.026328
0.053726,0.258895,-0.025846
0.050188,0.259242,-0.025559
0.046652,0.259437,-0.025397
0.043116,0.259633,-0.025235
0.039582,0.259703,-0.025177
0.036049,0.259622,-0.025243
0.032514,0.259492,-0.025352
0.028979,0.259185,-0.025606
0.025442,0.258877,-0.025860
0.021902,0.258349,-0.026296
0.018359,0.257664,-0.026864
0.014812,0.256961,-0.027445
0.011260,0.256069,-0.028183
0.007702,0.255051,-0.029024
0.004138,0.253867,-0.030004
0.000568,0.252685,-0.030982
-0.003010,0.251344,-0.032091
-0.006609,0.249384,-0.033712
-0.010215,0.247400,-0.035353
-0.013841,0.245023,-0.037319
-0.017485,0.242400,-0.039488
-0.021134,0.239919,-0.041541
-0.024727,0.239394,-0.041975
-0.028335,0.238513,-0.042703
-0.031950,0.237568,-0.043485
-0.035564,0.236744,-0.044166
-0.039176,0.236048,-0.044742
-0.042791,0.235351,-0.045319
-0.046418,0.234471,-0.046047
-0.049997,0.234681,-0.045873
-0.053571,0.234960,-0.045642
-0.057147,0.235209,-0.045436
-0.060721,0.235467,-0.045223
-0.064295,0.235732,-0.045003
-0.067882,0.235767,-0.044975
-0.071500,0.235263,-0.045392
-0.075117,0.234830,-0.045750
-0.078752,0.234162,-0.046302
-0.082396,0.233381,-0.046948
-0.086040,0.232673,-0.047534
-0.089712,0.231599,-0.048422
-0.093389,0.230540,-0.049298
-0.097076,0.229395,-0.050245
-0.100780,0.228100,-0.051316
-0.104490,0.226798,-0.052393
-0.108211,0.225442,-0.053515
-0.111941,0.224050,-0.054666
-0.115668,0.222753,-0.055738
-0.119419,0.221264,-0.056970
-0.123216,0.219310,-0.058586
-0.127064,0.216894,-0.060585
-0.131078,0.212772,-0.063994
-0.135266,0.206979,-0.068786
-0.139450,0.201481,-0.073333
-0.143780,0.194713,-0.078931
0.113253,0.186425,-0.081011
0.109148,0.197169,-0.072152
0.105250,0.203537,-0.066902
0.101411,0.208983,-0.062412
0.097648,0.212832,-0.059238
0.093885,0.217186,-0.055648
0.090040,0.224861,-0.049320
0.085983,0.241273,-0.035788
0.082301,0.245712,-0.032127
0.078691,0.247847,-0.030367
0.075096,0.249742,-0.028804
0.071514,0.251317,-0.027506
0.067940,0.252834,-0.026255
0.064380,0.253855,-0.025413
0.060829,0.254518,-0.024866
0.057281,0.255179,-0.024322
0.053736,0.255826,-0.023788
0.050195,0.256151,-0.023520
0.046657,0.256363,-0.023346
0.043120,0.256574,-0.023172
0.039584,0.256785,-0.022998
0.036048,0.256709,-0.023060
0.032512,0.256401,-0.023314
0.028975,0.256067,-0.023589
0.025436,0.255679,-0.023910
0.021895,0.255291,-0.024229
0.018350,0.254710,-0.024708
0.014802,0.253965,-0.025323
0.011246,0.252911,-0.026192
0.007683,0.251725,-0.027170
0.004116,0.250540,-0.028147
0.000540,0.249167,-0.029279
-0.003051,0.247333,-0.030791
-0.006654,0.245347,-0.032429
-0.010284,0.242588,-0.034703
-0.013893,0.241030,-0.035988
-0.017540,0.238399,-0.038158
-0.021175,0.236479,-0.039740
-0.024771,0.235953,-0.040174
-0.028375,0.235255,-0.040749
-0.031992,0.234308,-0.041531
-0.035606,0.233539,-0.042165
-0.039220,0.232841,-0.042740
-0.042846,0.231942,-0.043481
-0.046472,0.231130,-0.044151
-0.050047,0.231477,-0.043865
-0.053620,0.231824,-0.043578
-0.057195,0.232124,-0.043331
-0.060771,0.232385,-0.043116
-0.064347,0.232651,-0.042897
-0.067925,0.232864,-0.042721
-0.071542,0.232412,-0.043093
-0.075160,0.231979,-0.043451
-0.078792,0.231366,-0.043956
-0.082434,0.230657,-0.044541
-0.086078,0.229947,-0.045126
-0.089749,0.228910,-0.045981
-0.093426,0.227859,-0.046848
-0.097113,0.226735,-0.047775
-0.100818,0.225433,-0.048848
-0.104530,0.224127,-0.049925
-0.108251,0.222771,-0.051044
-0.111984,0.221345,-0.052219
-0.115722,0.219937,-0.053380
-0.119480,0.218379,-0.054665
-0.123310,0.216066,-0.056571
-0.127176,0.213466,-0.058716
-0.131186,0.209415,-0.062055
-0.135363,0.203753,-0.066724
-0.139557,0.198168,-0.071329
-0.143943,0.190842,-0.077370
0.113265,0.183929,-0.078300
0.109165,0.194533,-0.069584
0.105292,0.200247,-0.064888
0.101460,0.205439,-0.060621
0.097697,0.209220,-0.057512
0.093949,0.212996,-0.054409
0.090213,0.216887,-0.051210
0.086291,0.228035,-0.042047
0.082385,0.240330,-0.031942
0.078741,0.243619,-0.029238
0.075134,0.245829,-0.027421
0.071542,0.247796,-0.025805
0.067964,0.249351,-0.024527
0.064404,0.250193,-0.023835
0.060848,0.251036,-0.023142
0.057295,0.251815,-0.022501
0.053748,0.252486,-0.021950
0.050205,0.252857,-0.021645
0.046664,0.253109,-0.021438
0.043125,0.253360,-0.021232
0.039586,0.253554,-0.021072
0.036049,0.253487,-0.021127
0.032510,0.253097,-0.021447
0.028970,0.252708,-0.021767
0.025428,0.252320,-0.022086
0.021885,0.251932,-0.022405
0.018340,0.251544,-0.022724
0.014789,0.250771,-0.023359
0.011229,0.249584,-0.024335
0.007664,0.248395,-0.025312
0.004091,0.246991,-0.026467
0.000506,0.245282,-0.027871
-0.003093,0.243294,-0.029505
-0.006722,0.240343,-0.031931
-0.010350,0.237916,-0.033926
-0.013962,0.236415,-0.035159
-0.017595,0.234389,-0.036825
-0.021216,0.233035,-0.037937
-0.024814,0.232508,-0.038371
-0.028415,0.231980,-0.038805
-0.032034,0.231044,-0.039574
-0.035647,0.230330,-0.040161
-0.039273,0.229414,-0.040914
-0.042907,0.228390,-0.041756
-0.046520,0.227921,-0.042141
-0.050097,0.228270,-0.041855
-0.053672,0.228618,-0.041568
-0.057257,0.228768,-0.041445
-0.060831,0.229125,-0.041151
-0.064411,0.229348,-0.040968
-0.067990,0.229572,-0.040784
-0.071599,0.229306,-0.041003
-0.075218,0.228880,-0.041353
-0.078843,0.228418,-0.041733
-0.082484,0.227735,-0.042294
-0.086128,0.227051,-0.042857
-0.089798,0.226057,-0.043673
-0.093477,0.224991,-0.044550
-0.097163,0.223887,-0.045457
-0.100872,0.222553,-0.046554
-0.104588,0.221206,-0.047661
-0.108319,0.219744,-0.048863
-0.112057,0.218287,-0.050060
-0.115799,0.216844,-0.051246
-0.119576,0.215084,-0.052693
-0.123403,0.212821,-0.054553
-0.127290,0.210018,-0.056857
-0.131347,0.205465,-0.060599
-0.135468,0.200440,-0.064729
-0.139667,0.194817,-0.069351
-0.144553,0.182377,-0.079576
0.113321,0.180373,-0.076457
0.109208,0.191258,-0.067539
0.105334,0.196928,-0.062892
0.101509,0.201890,-0.058827
0.097741,0.205725,-0.055684
0.093991,0.209513,-0.052581
0.090266,0.212947,-0.049767
0.086472,0.219375,-0.044500
0.082534,0.232397,-0.033830
0.078820,0.238179,-0.029092
0.075182,0.241527,-0.026349
0.071579,0.243792,-0.024493
0.067998,0.245310,-0.023249
0.064430,0.246419,-0.022340
0.060870,0.247289,-0.021627
0.057314,0.248133,-0.020936
0.053761,0.248980,-0.020242
0.050216,0.249326,-0.019959
0.046673,0.249513,-0.019805
0.043131,0.249695,-0.019656
0.039589,0.249871,-0.019511
0.036049,0.250048,-0.019367
0.032508,0.249735,-0.019623
0.028965,0.249308,-0.019973
0.025420,0.248869,-0.020333
0.021874,0.248412,-0.020708
0.018323,0.247703,-0.021288
0.014770,0.246995,-0.021869
0.011213,0.246252,-0.022477
0.007641,0.244815,-0.023655
0.004061,0.243160,-0.025011
0.000468,0.241242,-0.026582
-0.003159,0.238137,-0.029127
-0.006800,0.234914,-0.031768
-0.010415,0.233231,-0.033146
-0.014032,0.231724,-0.034381
-0.017655,0.230215,-0.035617
-0.021257,0.229587,-0.036132
-0.024858,0.229058,-0.036566
-0.028461,0.228529,-0.036999
-0.032074,0.227819,-0.037581
-0.035699,0.226884,-0.038347
-0.039331,0.225859,-0.039187
-0.042968,0.224832,-0.040028
-0.046568,0.224709,-0.040129
-0.050153,0.224933,-0.039945
-0.053756,0.224773,-0.040077
-0.057354,0.224735,-0.040108
-0.060904,0.225593,-0.039405
-0.064484,0.225865,-0.039182
-0.068067,0.226090,-0.038998
-0.071664,0.226054,-0.039027
-0.075286,0.225627,-0.039377
-0.078910,0.225197,-0.039730
-0.082547,0.224617,-0.040205
-0.086193,0.223932,-0.040766
-0.089860,0.222995,-0.041533
-0.093541,0.221927,-0.042409
-0.097231,0.220801,-0.043331
-0.100934,0.219567,-0.044343
-0.104655,0.218177,-0.045482
-0.108390,0.216693,-0.046697
-0.112143,0.215063,-0.048033
-0.115910,0.213352,-0.049435
-0.119705,0.211393,-0.051041
-0.123548,0.208993,-0.053007
-0.127476,0.205752,-0.055662
-0.131529,0.201294,-0.059315
-0.135641,0.196395,-0.063329
-0.139842,0.190780,-0.067930
0.113377,0.176812,-0.074612
0.109260,0.187730,-0.065694
0.105383,0.193431,-0.061037
0.101555,0.198415,-0.056966
0.097783,0.202316,-0.053780
0.094031,0.206061,-0.050721
0.090304,0.209474,-0.047934
0.086601,0.212533,-0.045435
0.082869,0.217209,-0.041615
0.078987,0.229007,-0.031978
0.075258,0.235867,-0.026374
0.071624,0.239361,-0.023520
0.068037,0.240985,-0.022194
0.064465,0.242099,-0.021284
0.060897,0.243210,-0.020377
0.057334,0.244320,-0.019470
0.053777,0.245228,-0.018728
0.050229,0.245527,-0.018484
0.046683,0.245715,-0.018331
0.043137,0.245893,-0.018185
0.039592,0.246072,-0.018039
0.036049,0.246250,-0.017893
0.032505,0.246190,-0.017943
0.028959,0.245749,-0.018302
0.025411,0.245180,-0.018768
0.021860,0.244470,-0.019348
0.018305,0.243710,-0.019969
0.014746,0.242879,-0.020647
0.011184,0.242048,-0.021326
0.007615,0.240983,-0.022196
0.004027,0.239146,-0.023696
0.000405,0.235931,-0.026323
-0.003236,0.232434,-0.029178
-0.006854,0.230490,-0.030767
-0.010461,0.229311,-0.031729
-0.014074,0.228048,-0.032762
-0.017691,0.226860,-0.033732
-0.021293,0.226285,-0.034202
-0.024898,0.225728,-0.034656
-0.028504,0.225171,-0.035112
-0.032121,0.224420,-0.035725
-0.035752,0.223378,-0.036576
-0.039388,0.222334,-0.037428
-0.043028,0.221289,-0.038282
-0.046642,0.220931,-0.038575
-0.050248,0.220771,-0.038706
-0.053855,0.220610,-0.038837
-0.057441,0.220874,-0.038621
-0.060995,0.221735,-0.037918
-0.064558,0.222377,-0.037393
-0.068143,0.222602,-0.037210
-0.071738,0.222654,-0.037167
-0.075353,0.222371,-0.037399
-0.078980,0.221939,-0.037751
-0.082610,0.221497,-0.038113
-0.086259,0.220797,-0.038684
-0.089928,0.219856,-0.039453
-0.093606,0.218860,-0.040266
-0.097299,0.217712,-0.041205
-0.100999,0.216537,-0.042164
-0.104735,0.214976,-0.043439
-0.108489,0.213270,-0.044832
-0.112250,0.211578,-0.046214
-0.116027,0.209764,-0.047696
-0.119851,0.207509,-0.049538
-0.123729,0.204736,-0.051803
-0.127678,0.201309,-0.054602
-0.131693,0.197304,-0.057874
-0.135832,0.192150,-0.062084
-0.140169,0.185148,-0.067803
0.113418,0.173625,-0.072456
0.109313,0.184198,-0.063847
0.105416,0.190373,-0.058819
0.101592,0.195179,-0.054905
0.097823,0.198915,-0.051864
0.094072,0.202578,-0.048881
0.090349,0.205810,-0.046249
0.086643,0.208871,-0.043757
0.082959,0.211550,-0.041575
0.079286,0.214220,-0.039401
0.075441,0.225307,-0.030373
0.071697,0.233548,-0.023662
0.068098,0.235418,-0.022140
0.064507,0.237285,-0.020620
0.060927,0.238874,-0.019326
0.057360,0.239989,-0.018418
0.053797,0.241103,-0.017510
0.050244,0.241430,-0.017245
0.046694,0.241664,-0.017054
0.043145,0.241898,-0.016864
0.039596,0.242132,-0.016673
0.036048,0.242365,-0.016483
0.032502,0.242589,-0.016301
0.028952,0.241841,-0.016910
0.025399,0.241001,-0.017594
0.021842,0.240160,-0.018278
0.018282,0.239319,-0.018964
0.014719,0.238476,-0.019650
0.011152,0.237634,-0.020336
0.007576,0.236429,-0.021317
0.003950,0.232651,-0.024393
0.000320,0.229493,-0.026964
-0.003303,0.227193,-0.028837
-0.006900,0.226427,-0.029461
-0.010494,0.225887,-0.029901
-0.014110,0.224619,-0.030933
-0.017724,0.223590,-0.031771
-0.021329,0.223007,-0.032246
-0.024936,0.222441,-0.032707
-0.028545,0.221882,-0.033162
-0.032168,0.221014,-0.033869
-0.035802,0.219969,-0.034719
-0.039440,0.218917,-0.035576
-0.043081,0.217923,-0.036386
-0.046705,0.217389,-0.036820
-0.050331,0.216856,-0.037254
-0.053955,0.216438,-0.037595
-0.057529,0.217007,-0.037132
-0.061086,0.217870,-0.036428
-0.064640,0.218733,-0.035726
-0.068220,0.219110,-0.035419
-0.071816,0.219186,-0.035357
-0.075421,0.219111,-0.035418
-0.079050,0.218679,-0.035770
-0.082681,0.218243,-0.036125
-0.086325,0.217655,-0.036604
-0.089996,0.216711,-0.037373
-0.093680,0.215663,-0.038226
-0.097385,0.214380,-0.039270
-0.101100,0.213042,-0.040360
-0.104836,0.211502,-0.041614
-0.108594,0.209782,-0.043014
-0.112361,0.208035,-0.044437
-0.116169,0.205890,-0.046184
-0.119997,0.203613,-0.048038
-0.123902,0.200576,-0.050511
-0.127856,0.197123,-0.053323
-0.131898,0.192864,-0.056790
-0.136072,0.187378,-0.061257
0.113460,0.170389,-0.070336
0.109352,0.181001,-0.061722
0.105437,0.187617,-0.056351
0.101629,0.191952,-0.052832
0.097858,0.195716,-0.049777
0.094116,0.199012,-0.047101
0.090393,0.202140,-0.044562
0.086684,0.205203,-0.042076
0.082997,0.207889,-0.039896
0.079323,0.210511,-0.037768
0.075670,0.212626,-0.036051
0.071892,0.221508,-0.028841
0.068194,0.227892,-0.023659
0.064569,0.231261,-0.020924
0.060977,0.233128,-0.019409
0.057394,0.234992,-0.017896
0.053819,0.236763,-0.016458
0.050263,0.236997,-0.016269
0.046708,0.237148,-0.016146
0.043154,0.237299,-0.016023
0.039601,0.237450,-0.015900
0.036049,0.237601,-0.015778
0.032496,0.237753,-0.015655
0.028943,0.237281,-0.016038
0.025385,0.236437,-0.016723
0.021822,0.235474,-0.017504
0.018253,0.234200,-0.018539
0.014679,0.232925,-0.019574
0.011099,0.231646,-0.020611
0.007495,0.229163,-0.022627
0.003885,0.226865,-0.024493
0.000265,0.224561,-0.026363
-0.003355,0.222650,-0.027914
-0.006945,0.222356,-0.028153
-0.010537,0.222061,-0.028392
-0.014145,0.221187,-0.029102
-0.017757,0.220317,-0.029808
-0.021364,0.219732,-0.030283
-0.024974,0.219150,-0.030755
-0.028585,0.218590,-0.031210
-0.032215,0.217603,-0.032011
-0.035852,0.216545,-0.032870
-0.039494,0.215469,-0.033743
-0.043131,0.214602,-0.034447
-0.046758,0.214068,-0.034881
-0.050386,0.213533,-0.035315
-0.054049,0.212365,-0.036263
-0.057634,0.212810,-0.035901
-0.061178,0.213999,-0.034937
-0.064735,0.214864,-0.034234
-0.068296,0.215613,-0.033626
-0.071893,0.215713,-0.033545
-0.075497,0.215702,-0.033554
-0.079120,0.215415,-0.033787
-0.082761,0.214858,-0.034239
-0.086414,0.214174,-0.034794
-0.090098,0.213075,-0.035687
-0.093792,0.211915,-0.036628
-0.097493,0.210740,-0.037582
-0.101204,0.209491,-0.038596
-0.104936,0.208036,-0.039776
-0.108699,0.206279,-0.041203
-0.112503,0.204111,-0.042963
-0.116314,0.201962,-0.044707
-0.120173,0.199368,-0.046813
-0.124084,0.196298,-0.049305
-0.128051,0.192743,-0.052190
-0.132142,0.187993,-0.056046
-0.136406,0.181593,-0.061241
0.113503,0.167149,-0.068214
0.109386,0.177956,-0.059469
0.105458,0.184860,-0.053882
0.101665,0.188758,-0.050728
0.097889,0.192584,-0.047632
0.094151,0.195740,-0.045079
0.090430,0.198707,-0.042677
0.086726,0.201500,-0.040417
0.083038,0.204138,-0.038283
0.079360,0.206769,-0.036154
0.075704,0.208900,-0.034429
0.072060,0.210843,-0.032857
0.068424,0.212782,-0.031288
0.064711,0.220091,-0.025374
0.061061,0.224899,-0.021483
0.057442,0.228802,-0.018325
0.053856,0.230852,-0.016666
0.050292,0.231180,-0.016401
0.046729,0.231465,-0.016171
0.043168,0.231748,-0.015941
0.039608,0.231990,-0.015746
0.036049,0.232224,-0.015556
0.032490,0.232460,-0.015365
0.028930,0.231906,-0.015813
0.025363,0.230622,-0.016853
0.021791,0.229336,-0.017893
0.018213,0.227968,-0.019000
0.014616,0.225516,-0.020984
0.011016,0.223492,-0.022622
0.007417,0.222024,-0.023810
0.003811,0.220554,-0.024999
0.000200,0.219081,-0.026191
-0.003397,0.218589,-0.026589
-0.006991,0.218277,-0.026842
-0.010586,0.217981,-0.027081
-0.014182,0.217685,-0.027320
-0.017791,0.217040,-0.027842
-0.021400,0.216454,-0.028317
-0.025012,0.215866,-0.028793
-0.028627,0.215238,-0.029301
-0.032263,0.214173,-0.030163
-0.035903,0.213095,-0.031035
-0.039547,0.212016,-0.031908
-0.043182,0.211277,-0.032506
-0.046823,0.210459,-0.033168
-0.050487,0.209237,-0.034157
-0.054136,0.208439,-0.034803
-0.057727,0.208836,-0.034481
-0.061309,0.209370,-0.034049
-0.064849,0.210635,-0.033025
-0.068388,0.211855,-0.032038
-0.071971,0.212235,-0.031731
-0.075600,0.211859,-0.032035
-0.079238,0.211374,-0.032428
-0.082886,0.210782,-0.032906
-0.086542,0.210097,-0.033461
-0.090213,0.209253,-0.034144
-0.093905,0.208161,-0.035027
-0.097608,0.206996,-0.035970
-0.101318,0.205797,-0.036940
-0.105038,0.204542,-0.037956
-0.108837,0.202357,-0.039723
-0.112646,0.200168,-0.041495
-0.116463,0.197991,-0.043257
-0.120356,0.195039,-0.045646
-0.124273,0.191942,-0.048151
-0.128284,0.187943,-0.051387
-0.132466,0.182234,-0.056007
0.113524,0.164419,-0.065676
0.109425,0.174763,-0.057332
0.105496,0.181664,-0.051765
0.101698,0.185616,-0.048578
0.097921,0.189450,-0.045484
0.094185,0.192464,-0.043053
0.090455,0.195675,-0.040463
0.086753,0.198364,-0.038294
0.083074,0.200550,-0.036531
0.079397,0.203020,-0.034538
0.075738,0.205168,-0.032806
0.072090,0.207134,-0.031219
0.068451,0.209123,-0.029616
0.064827,0.210566,-0.028451
0.061215,0.211644,-0.027582
0.057572,0.215649,-0.024351
0.053922,0.222045,-0.019192
0.050340,0.222889,-0.018510
0.046764,0.223406,-0.018094
0.043190,0.223928,-0.017673
0.039618,0.224665,-0.017078
0.036049,0.225403,-0.016483
0.032482,0.226140,-0.015888
0.028907,0.224091,-0.017542
0.025320,0.221287,-0.019803
0.021730,0.219551,-0.021203
0.018143,0.218789,-0.021818
0.014555,0.218197,-0.022295
0.010969,0.217943,-0.022501
0.007375,0.217255,-0.023055
0.003779,0.216567,-0.023610
0.000179,0.215879,-0.024166
-0.003417,0.215516,-0.024458
-0.007013,0.215177,-0.024732
-0.010611,0.214835,-0.025008
-0.014212,0.214457,-0.025312
-0.017826,0.213682,-0.025938
-0.021437,0.213107,-0.026402
-0.025051,0.212531,-0.026866
-0.028674,0.211777,-0.027474
-0.032311,0.210705,-0.028339
-0.035954,0.209631,-0.029206
-0.039601,0.208555,-0.030073
-0.043259,0.207331,-0.031061
-0.046922,0.206106,-0.032049
-0.050591,0.204878,-0.033039
-0.054222,0.204521,-0.033327
-0.057816,0.204920,-0.033005
-0.061409,0.205319,-0.032684
-0.064990,0.205926,-0.032194
-0.068530,0.207195,-0.031170
-0.072117,0.207611,-0.030834
-0.075736,0.207471,-0.030947
-0.079377,0.207012,-0.031318
-0.083022,0.206524,-0.031711
-0.086671,0.206011,-0.032125
-0.090335,0.205322,-0.032681
-0.094026,0.204293,-0.033511
-0.097726,0.203207,-0.034387
-0.101454,0.201815,-0.035510
-0.105226,0.199929,-0.037031
-0.109006,0.198040,-0.038555
-0.112811,0.195956,-0.040237
-0.116658,0.193463,-0.042247
-0.120566,0.190373,-0.044740
-0.124493,0.187219,-0.047284
-0.128626,0.181891,-0.051582
-0.132983,0.174336,-0.057676
0.113525,0.162171,-0.062748
0.109458,0.171718,-0.055071
0.105539,0.178314,-0.049767
0.101737,0.182334,-0.046534
0.097956,0.186233,-0.043399
0.094209,0.189517,-0.040758
0.090476,0.192789,-0.038127
0.086778,0.195286,-0.036119
0.083097,0.197477,-0.034358
0.079424,0.199712,-0.032561
0.075770,0.201496,-0.031126
0.072119,0.203494,-0.029519
0.068477,0.205488,-0.027915
0.064850,0.206931,-0.026755
0.061235,0.208012,-0.025886
0.057624,0.209093,-0.025017
0.054017,0.210197,-0.024129
0.050418,0.210865,-0.023592
0.046822,0.211520,-0.023066
0.043226,0.212797,-0.022039
0.039635,0.214072,-0.021013
0.036048,0.215345,-0.019990
0.032467,0.216298,-0.019223
0.028887,0.216723,-0.018882
0.025302,0.215959,-0.019496
0.021713,0.215194,-0.020111
0.018122,0.214429,-0.020726
0.014533,0.214152,-0.020949
0.010948,0.214235,-0.020882
0.007359,0.214074,-0.021011
0.003760,0.213385,-0.021566
0.000160,0.212752,-0.022075
-0.003437,0.212429,-0.022335
-0.007035,0.212103,-0.022596
-0.010635,0.211761,-0.022872
-0.014241,0.211255,-0.023278
-0.017859,0.210403,-0.023963
-0.021476,0.209719,-0.024514
-0.025092,0.209141,-0.024978
-0.028722,0.208262,-0.025685
-0.032362,0.207186,-0.026550
-0.036006,0.206155,-0.027380
-0.039648,0.205242,-0.028114
-0.043318,0.203803,-0.029270
-0.046994,0.202363,-0.030429
-0.050676,0.200913,-0.031595
-0.054348,0.199787,-0.032500
-0.057944,0.200263,-0.032117
-0.061526,0.200949,-0.031565
-0.065107,0.201636,-0.031013
-0.068696,0.202133,-0.030614
-0.072304,0.202282,-0.030494
-0.075912,0.202432,-0.030373
-0.079524,0.202514,-0.030307
-0.083170,0.202074,-0.030661
-0.086819,0.201635,-0.031014
-0.090471,0.201171,-0.031387
-0.094147,0.200408,-0.032001
-0.097879,0.198940,-0.033181
-0.101644,0.197103,-0.034658
-0.105418,0.195250,-0.036148
-0.109203,0.193365,-0.037664
-0.112997,0.191475,-0.039184
-0.116904,0.188307,-0.041731
-0.120838,0.184978,-0.044408
-0.124790,0.181613,-0.047114
-0.129176,0.173497,-0.053640
0.113526,0.159955,-0.059795
0.109479,0.168982,-0.052559
0.105582,0.174961,-0.047766
0.101774,0.179091,-0.044455
0.097985,0.183161,-0.041192
0.094232,0.186598,-0.038438
0.090497,0.189901,-0.035791
0.086803,0.192206,-0.033942
0.083116,0.194550,-0.032063
0.079440,0.196890,-0.030188
0.075787,0.198540,-0.028865
0.072143,0.200150,-0.027574
0.068503,0.201849,-0.026213
0.064874,0.203291,-0.025057
0.061254,0.204436,-0.024139
0.057640,0.205599,-0.023207
0.054030,0.206760,-0.022276
0.050428,0.207381,-0.021779
0.046831,0.207802,-0.021440
0.043235,0.208224,-0.021102
0.039641,0.208645,-0.020765
0.036048,0.209187,-0.020330
0.032458,0.209405,-0.020156
0.028867,0.209487,-0.020090
0.025277,0.209597,-0.020002
0.021691,0.210259,-0.019471
0.018100,0.210060,-0.019631
0.014510,0.210098,-0.019600
0.010922,0.210181,-0.019534
0.007333,0.210264,-0.019467
0.003742,0.210199,-0.019519
0.000141,0.209662,-0.019950
-0.003457,0.209339,-0.020209
-0.007057,0.209015,-0.020468
-0.010658,0.208684,-0.020734
-0.014270,0.208050,-0.021242
-0.017890,0.207196,-0.021926
-0.021514,0.206341,-0.022612
-0.025134,0.205747,-0.023088
-0.028770,0.204742,-0.023894
-0.032409,0.203774,-0.024669
-0.036049,0.202892,-0.025376
-0.039698,0.201871,-0.026195
-0.043370,0.200429,-0.027351
-0.047049,0.198967,-0.028523
-0.050735,0.197483,-0.029713
-0.054406,0.196438,-0.030550
-0.058081,0.195410,-0.031374
-0.061760,0.194380,-0.032200
-0.065397,0.194196,-0.032347
-0.068957,0.195383,-0.031396
-0.072510,0.196622,-0.030402
-0.076109,0.197037,-0.030070
-0.079720,0.197236,-0.029911
-0.083334,0.197386,-0.029790
-0.086977,0.197100,-0.030019
-0.090633,0.196659,-0.030373
-0.094343,0.195476,-0.031321
-0.098083,0.193958,-0.032538
-0.101846,0.192222,-0.033929
-0.105617,0.190483,-0.035324
-0.109404,0.188637,-0.036803
-0.113257,0.186069,-0.038862
-0.117211,0.182411,-0.041795
-0.121186,0.178679,-0.044786
-0.125633,0.169677,-0.052002
0.113525,0.157751,-0.056832
0.109500,0.166246,-0.050045
0.105620,0.171753,-0.045643
0.101800,0.176171,-0.042113
0.098016,0.180065,-0.039002
0.094261,0.183509,-0.036250
0.090523,0.186836,-0.033591
0.086821,0.189371,-0.031565
0.083133,0.191722,-0.029687
0.079457,0.193976,-0.027886
0.075804,0.195592,-0.026595
0.072158,0.197205,-0.025306
0.068518,0.198839,-0.024000
0.064891,0.200019,-0.023056
0.061272,0.201012,-0.022264
0.057655,0.202154,-0.021351
0.054042,0.203319,-0.020420
0.050439,0.203892,-0.019963
0.046839,0.204321,-0.019620
0.043239,0.204936,-0.019128
0.039643,0.205550,-0.018638
0.036048,0.206132,-0.018172
0.032456,0.206490,-0.017886
0.028864,0.206699,-0.017719
0.025273,0.206781,-0.017654
0.021681,0.206863,-0.017589
0.018090,0.206910,-0.017551
0.014498,0.206852,-0.017597
0.010906,0.206849,-0.017600
0.007313,0.206845,-0.017602
0.003721,0.206842,-0.017605
0.000122,0.206519,-0.017863
-0.003478,0.206203,-0.018115
-0.007080,0.205887,-0.018368
-0.010683,0.205570,-0.018621
-0.014300,0.204802,-0.019235
-0.017921,0.203983,-0.019889
-0.021548,0.203129,-0.020572
-0.025177,0.202297,-0.021237
-0.028812,0.201394,-0.021958
-0.032450,0.200511,-0.022664
-0.036092,0.199627,-0.023370
-0.039748,0.198495,-0.024274
-0.043424,0.197022,-0.025452
-0.047106,0.195537,-0.026639
-0.050792,0.194115,-0.027775
-0.054464,0.193085,-0.028597
-0.058141,0.192055,-0.029421
-0.061852,0.190477,-0.030682
-0.065559,0.189083,-0.031796
-0.069225,0.188509,-0.032254
-0.072813,0.189301,-0.031621
-0.076360,0.190732,-0.030478
-0.079931,0.191699,-0.029706
-0.083548,0.191905,-0.029541
-0.087165,0.192112,-0.029376
-0.090878,0.190920,-0.030328
-0.094604,0.189612,-0.031373
-0.098347,0.188162,-0.032531
-0.102095,0.186710,-0.033692
-0.105867,0.185042,-0.035025
-0.109681,0.182935,-0.036708
-0.113633,0.179221,-0.039676
-0.117625,0.175211,-0.042880
0.113548,0.154983,-0.054320
0.109521,0.163510,-0.047528
0.105648,0.168787,-0.043324
0.101826,0.173248,-0.039770
0.098046,0.176966,-0.036810
0.094292,0.180337,-0.034124
0.090557,0.183508,-0.031598
0.086848,0.186197,-0.029456
0.083150,0.188878,-0.027320
0.079476,0.191022,-0.025612
0.075821,0.192660,-0.024308
0.072172,0.194306,-0.022997
0.068530,0.195948,-0.021688
0.064904,0.197033,-0.020824
0.061283,0.198027,-0.020032
0.057666,0.199021,-0.019241
0.054053,0.200032,-0.018435
0.050447,0.200680,-0.017919
0.046844,0.201290,-0.017433
0.043243,0.201906,-0.016943
0.039645,0.202521,-0.016452
0.036048,0.203058,-0.016025
0.032454,0.203417,-0.015739
0.028861,0.203776,-0.015453
0.025269,0.203991,-0.015282
0.021677,0.204073,-0.015216
0.018084,0.204083,-0.015209
0.014489,0.203997,-0.015277
0.010895,0.203948,-0.015316
0.007302,0.203945,-0.015318
0.003708,0.203941,-0.015321
0.000103,0.203410,-0.015745
-0.003501,0.202983,-0.016085
-0.007105,0.202666,-0.016337
-0.010712,0.202282,-0.016643
-0.014338,0.201254,-0.017461
-0.017962,0.200427,-0.018120
-0.021590,0.199605,-0.018775
-0.025222,0.198774,-0.019438
-0.028858,0.197927,-0.020112
-0.032497,0.197079,-0.020787
-0.036140,0.196242,-0.021454
-0.039801,0.195050,-0.022403
-0.043479,0.193582,-0.023573
-0.047163,0.192102,-0.024753
-0.050848,0.190761,-0.025820
-0.054555,0.189065,-0.027171
-0.058273,0.187301,-0.028577
-0.061998,0.185533,-0.029985
-0.065687,0.184571,-0.030751
-0.069358,0.183996,-0.031209
-0.073031,0.183419,-0.031669
-0.076708,0.182842,-0.032128
-0.080268,0.184157,-0.031081
-0.083803,0.185793,-0.029778
-0.087485,0.185137,-0.030300
-0.091211,0.183887,-0.031296
-0.094943,0.182635,-0.032293
-0.098681,0.181381,-0.033292
-0.102424,0.180125,-0.034292
-0.106197,0.178546,-0.035551
-0.110254,0.173453,-0.039607
-0.114333,0.168331,-0.043687
0.117834,0.138997,-0.062301
0.113576,0.152072,-0.051919
0.109541,0.160773,-0.045009
0.105687,0.165538,-0.041226
0.101853,0.170279,-0.037461
0.098080,0.173754,-0.034702
0.094324,0.177112,-0.032036
0.090591,0.180177,-0.029602
0.086879,0.182873,-0.027461
0.083181,0.185479,-0.025391
0.079501,0.187760,-0.023580
0.075836,0.189761,-0.021991
0.072186,0.191410,-0.020682
0.068543,0.193046,-0.019383
0.064917,0.194044,-0.018590
0.061294,0.195053,-0.017789
0.057675,0.196107,-0.016953
0.054060,0.197142,-0.016130
0.050452,0.197886,-0.015539
0.046848,0.198455,-0.015087
0.043246,0.199006,-0.014650
0.039646,0.199556,-0.014213
0.036048,0.199990,-0.013869
0.032452,0.200341,-0.013590
0.028858,0.200701,-0.013304
0.025265,0.201060,-0.013019
0.021672,0.201282,-0.012843
0.018077,0.201254,-0.012865
0.014482,0.201167,-0.012934
0.010885,0.201081,-0.013002
0.007290,0.201042,-0.013033
0.003693,0.200917,-0.013132
0.000086,0.200358,-0.013576
-0.003523,0.199799,-0.014021
-0.007130,0.199441,-0.014304
-0.010744,0.198863,-0.014763
-0.014372,0.197834,-0.015581
-0.018003,0.196866,-0.016349
-0.021634,0.196042,-0.017004
-0.025269,0.195202,-0.017670
-0.028907,0.194353,-0.018345
-0.032547,0.193575,-0.018963
-0.036187,0.192865,-0.019527
-0.039857,0.191515,-0.020598
-0.043538,0.190043,-0.021767
-0.047221,0.188639,-0.022882
-0.050923,0.186989,-0.024192
-0.054649,0.184956,-0.025807
-0.058385,0.182918,-0.027424
-0.062128,0.180900,-0.029028
-0.065884,0.178791,-0.030702
-0.069603,0.177493,-0.031733
-0.073309,0.176509,-0.032514
-0.077020,0.175524,-0.033296
-0.080775,0.173889,-0.034595
-0.084553,0.172022,-0.036077
-0.088155,0.172908,-0.035374
-0.091791,0.173261,-0.035094
-0.095474,0.172928,-0.035357
-0.099159,0.172596,-0.035621
-0.104663,0.147879,-0.055248
-0.109718,0.130315,-0.069195
0.117793,0.137738,-0.058556
0.113594,0.149419,-0.049310
0.109582,0.157532,-0.042888
0.105723,0.162385,-0.039047
0.101883,0.167244,-0.035200
0.098113,0.170558,-0.032577
0.094357,0.173883,-0.029946
0.090624,0.176842,-0.027603
0.086917,0.179321,-0.025641
0.083220,0.181774,-0.023699
0.079538,0.184015,-0.021926
0.075868,0.186106,-0.020270
0.072207,0.188192,-0.018619
0.068558,0.190058,-0.017141
0.064929,0.191117,-0.016304
0.061304,0.192174,-0.015467
0.057683,0.193230,-0.014631
0.054068,0.194216,-0.013850
0.050458,0.194962,-0.013260
0.046851,0.195679,-0.012693
0.043248,0.196230,-0.012256
0.039647,0.196781,-0.011820
0.036048,0.197152,-0.011526
0.032451,0.197462,-0.011281
0.028855,0.197783,-0.011027
0.025260,0.198104,-0.010773
0.021666,0.198425,-0.010519
0.018070,0.198333,-0.010591
0.014473,0.198292,-0.010624
0.010876,0.198250,-0.010657
0.007279,0.198164,-0.010725
0.003677,0.197865,-0.010962
0.000068,0.197304,-0.011406
-0.003542,0.196743,-0.011850
-0.007155,0.196214,-0.012269
-0.010776,0.195441,-0.012881
-0.014407,0.194409,-0.013698
-0.018042,0.193375,-0.014516
-0.021678,0.192473,-0.015230
-0.025316,0.191625,-0.015901
-0.028953,0.190906,-0.016470
-0.032592,0.190195,-0.017033
-0.036236,0.189449,-0.017624
-0.039913,0.187975,-0.018790
-0.043592,0.186621,-0.019862
-0.047272,0.185339,-0.020877
-0.050981,0.183564,-0.022282
-0.054711,0.181526,-0.023895
-0.058446,0.179544,-0.025464
-0.062188,0.177574,-0.027024
-0.065947,0.175460,-0.028697
-0.069715,0.173341,-0.030375
-0.073498,0.171113,-0.032138
-0.077322,0.168360,-0.034317
-0.081138,0.165916,-0.036252
-0.084955,0.163598,-0.038086
-0.088784,0.161274,-0.039926
-0.092727,0.157413,-0.042982
-0.096683,0.153591,-0.046008
-0.100829,0.147365,-0.050937
-0.105337,0.136604,-0.059454
0.117703,0.137597,-0.053935
0.113581,0.147523,-0.046103
0.109617,0.154442,-0.040643
0.105744,0.159603,-0.036571
0.101917,0.164085,-0.033034
0.098145,0.167405,-0.030414
0.094387,0.170722,-0.027796
0.090668,0.173186,-0.025852
0.086959,0.175603,-0.023945
0.083259,0.178063,-0.022004
0.079575,0.180263,-0.020268
0.075902,0.182360,-0.018614
0.072235,0.184589,-0.016854
0.068582,0.186521,-0.015330
0.064946,0.187843,-0.014287
0.061315,0.189163,-0.013245
0.057692,0.190352,-0.012307
0.054075,0.191288,-0.011568
0.050464,0.192036,-0.010978
0.046856,0.192782,-0.010389
0.043251,0.193453,-0.009860
0.039648,0.194005,-0.009425
0.036048,0.194322,-0.009175
0.032450,0.194617,-0.008942
0.028852,0.194932,-0.008693
0.025256,0.195254,-0.008439
0.021660,0.195503,-0.008242
0.018060,0.195162,-0.008511
0.014461,0.195072,-0.008583
0.010862,0.195030,-0.008616
0.007263,0.194988,-0.008649
0.003653,0.194358,-0.009146
0.000043,0.193847,-0.009549
-0.003569,0.193336,-0.009952
-0.007184,0.192825,-0.010356
-0.010812,0.191862,-0.011115
-0.014445,0.190857,-0.011909
-0.018082,0.189850,-0.012703
-0.021722,0.188892,-0.013459
-0.025357,0.188226,-0.013985
-0.028995,0.187524,-0.014539
-0.032637,0.186811,-0.015101
-0.036290,0.185907,-0.015814
-0.039963,0.184604,-0.016843
-0.043640,0.183320,-0.017856
-0.047323,0.182035,-0.018870
-0.051040,0.180135,-0.020369
-0.054767,0.178187,-0.021906
-0.058503,0.176247,-0.023437
-0.062249,0.174244,-0.025018
-0.066010,0.172124,-0.026690
-0.069798,0.169674,-0.028623
-0.073604,0.167111,-0.030646
-0.077439,0.164229,-0.032920
-0.081292,0.161256,-0.035266
-0.085115,0.158929,-0.037102
-0.089003,0.155764,-0.039600
-0.092978,0.151539,-0.042934
-0.096997,0.146913,-0.046584
-0.101229,0.139604,-0.052351
-0.105693,0.129580,-0.060261
0.117603,0.137698,-0.049133
0.113578,0.145391,-0.043082
0.109641,0.151603,-0.038197
0.105766,0.156819,-0.034093
0.101951,0.160921,-0.030866
0.098177,0.164265,-0.028236
0.094417,0.167589,-0.025622
0.090701,0.169850,-0.023843
0.086995,0.172106,-0.022069
0.083298,0.174356,-0.020299
0.079609,0.176620,-0.018518
0.075930,0.178870,-0.016748
0.072260,0.181116,-0.014981
0.068607,0.182901,-0.013577
0.064969,0.184227,-0.012534
0.061335,0.185551,-0.011493
0.057706,0.186961,-0.010384
0.054084,0.188181,-0.009424
0.050471,0.189026,-0.008759
0.046860,0.189855,-0.008107
0.043253,0.190603,-0.007519
0.039650,0.191195,-0.007054
0.036048,0.191490,-0.006821
0.032448,0.191786,-0.006588
0.028849,0.192082,-0.006356
0.025252,0.192402,-0.006104
0.021654,0.192500,-0.006027
0.018051,0.192158,-0.006296
0.014448,0.191847,-0.006541
0.010847,0.191805,-0.006573
0.007246,0.191754,-0.006614
0.003630,0.190914,-0.007274
0.000014,0.190208,-0.007830
-0.003601,0.189696,-0.008233
-0.007221,0.189079,-0.008718
-0.010853,0.188076,-0.009507
-0.014489,0.187068,-0.010300
-0.018130,0.186058,-0.011094
-0.021770,0.185193,-0.011775
-0.025408,0.184524,-0.012301
-0.029048,0.183854,-0.012827
-0.032691,0.183180,-0.013358
-0.036348,0.182234,-0.014102
-0.040020,0.181026,-0.015052
-0.043697,0.179816,-0.016004
-0.047376,0.178667,-0.016908
-0.051095,0.176791,-0.018384
-0.054822,0.174892,-0.019877
-0.058559,0.172947,-0.021407
-0.062316,0.170793,-0.023102
-0.066103,0.168236,-0.025113
-0.069901,0.165673,-0.027129
-0.073712,0.163068,-0.029178
-0.077557,0.160089,-0.031521
-0.081414,0.157100,-0.033873
-0.085275,0.154248,-0.036115
-0.089228,0.150178,-0.039317
-0.093186,0.146284,-0.042380
-0.097271,0.140799,-0.046695
-0.101489,0.133792,-0.052206
0.121881,0.122793,-0.056111
0.117600,0.135545,-0.046111
0.113584,0.143021,-0.040250
0.109666,0.148746,-0.035761
0.105788,0.154025,-0.031622
0.101984,0.157779,-0.028677
0.098208,0.161135,-0.026046
0.094453,0.164244,-0.023609
0.090735,0.166511,-0.021831
0.087026,0.168800,-0.020036
0.083324,0.171126,-0.018212
0.079637,0.173247,-0.016549
0.075958,0.175387,-0.014871
0.072286,0.177638,-0.013106
0.068633,0.179276,-0.011821
0.064990,0.180667,-0.010731
0.061352,0.182143,-0.009573
0.057720,0.183618,-0.008417
0.054096,0.184771,-0.007513
0.050479,0.185742,-0.006752
0.046867,0.186588,-0.006088
0.043257,0.187433,-0.005426
0.039652,0.188110,-0.004895
0.036049,0.188535,-0.004561
0.032447,0.188953,-0.004234
0.028847,0.189249,-0.004002
0.025248,0.189549,-0.003767
0.021647,0.189494,-0.003810
0.018043,0.189152,-0.004078
0.014438,0.188809,-0.004347
0.010833,0.188578,-0.004528
0.007226,0.188314,-0.004735
0.003608,0.187473,-0.005394
-0.000013,0.186630,-0.006055
-0.003633,0.186049,-0.006511
-0.007259,0.185288,-0.007108
-0.010894,0.184281,-0.007897
-0.014534,0.183272,-0.008688
-0.018178,0.182260,-0.009482
-0.021818,0.181487,-0.010087
-0.025458,0.180817,-0.010613
-0.029102,0.180132,-0.011150
-0.032749,0.179442,-0.011692
-0.036415,0.178355,-0.012544
-0.040090,0.177143,-0.013494
-0.043764,0.176077,-0.014330
-0.047445,0.174957,-0.015208
-0.051167,0.173066,-0.016691
-0.054897,0.171170,-0.018178
-0.058626,0.169448,-0.019528
-0.062392,0.167160,-0.021322
-0.066183,0.164573,-0.023351
-0.069986,0.161978,-0.025386
-0.073805,0.159293,-0.027491
-0.077651,0.156337,-0.029809
-0.081509,0.153370,-0.032134
-0.085416,0.149848,-0.034897
-0.089366,0.145884,-0.038005
-0.093329,0.141976,-0.041069
-0.097475,0.135674,-0.046010
-0.101827,0.126875,-0.052910
0.121740,0.123712,-0.050656
0.117586,0.133636,-0.042899
0.113593,0.140596,-0.037459
0.109688,0.145994,-0.033240
0.105807,0.151317,-0.029080
0.102015,0.154690,-0.026443
0.098239,0.158002,-0.023854
0.094489,0.160895,-0.021593
0.090766,0.163242,-0.019759
0.087053,0.165595,-0.017919
0.083351,0.167879,-0.016134
0.079662,0.170006,-0.014472
0.075981,0.172128,-0.012813
0.072310,0.174203,-0.011191
0.068655,0.175830,-0.009919
0.065009,0.177312,-0.008760
0.061368,0.178793,-0.007603
0.057734,0.180271,-0.006448
0.054109,0.181347,-0.005607
0.050488,0.182406,-0.004780
0.046873,0.183302,-0.004079
0.043262,0.184150,-0.003416
0.039654,0.184725,-0.002967
0.036048,0.185088,-0.002683
0.032445,0.185522,-0.002344
0.028842,0.185956,-0.002004
0.025242,0.186390,-0.001665
0.021638,0.186230,-0.001790
0.018033,0.185981,-0.001985
0.014427,0.185732,-0.002180
0.010820,0.185456,-0.002395
0.007206,0.184871,-0.002853
0.003586,0.184027,-0.003512
-0.000038,0.183182,-0.004172
-0.003665,0.182397,-0.004786
-0.007297,0.181490,-0.005495
-0.010936,0.180480,-0.006285
-0.014578,0.179469,-0.007075
-0.018225,0.178455,-0.007867
-0.021866,0.177774,-0.008400
-0.025510,0.177082,-0.008941
-0.029157,0.176390,-0.009481
-0.032808,0.175682,-0.010035
-0.036482,0.174468,-0.010983
-0.040151,0.173487,-0.011751
-0.043821,0.172574,-0.012464
-0.047515,0.171231,-0.013514
-0.051240,0.169334,-0.014997
-0.054961,0.167682,-0.016288
-0.058684,0.166107,-0.017519
-0.062463,0.163622,-0.019462
-0.066257,0.161029,-0.021488
-0.070060,0.158473,-0.023486
-0.073886,0.155709,-0.025647
-0.077735,0.152744,-0.027964
-0.081617,0.149440,-0.030546
-0.085543,0.145669,-0.033494
-0.089505,0.141580,-0.036690
-0.093515,0.137027,-0.040249
-0.097678,0.130563,-0.045302
-0.102329,0.117678,-0.055373
0.126053,0.108977,-0.057415
0.121586,0.124917,-0.044996
0.117572,0.131746,-0.039675
0.113605,0.138071,-0.034746
0.109703,0.143399,-0.030595
0.105840,0.148216,-0.026842
0.102046,0.151617,-0.024191
0.098268,0.154933,-0.021608
0.094522,0.157641,-0.019499
0.090796,0.160028,-0.017638
0.087081,0.162387,-0.015800
0.083378,0.164628,-0.014054
0.079687,0.166761,-0.012392
0.076008,0.168699,-0.010882
0.072338,0.170599,-0.009401
0.068681,0.172152,-0.008191
0.065030,0.173784,-0.006920
0.061385,0.175414,-0.005650
0.057748,0.176854,-0.004528
0.054121,0.177917,-0.003700
0.050498,0.178979,-0.002872
0.046880,0.180013,-0.002067
0.043266,0.180862,-0.001405
0.039656,0.181335,-0.001036
0.036049,0.181678,-0.000770
0.032442,0.182071,-0.000463
0.028837,0.182506,-0.000124
0.025234,0.182890,0.000175
0.021627,0.182535,-0.000101
0.018018,0.182264,-0.000313
0.014409,0.182014,-0.000507
0.010799,0.181765,-0.000702
0.007181,0.181073,-0.001240
0.003558,0.180264,-0.001871
-0.000069,0.179454,-0.002501
-0.003698,0.178646,-0.003132
-0.007334,0.177725,-0.003849
-0.010976,0.176706,-0.004643
-0.014622,0.175686,-0.005438
-0.018270,0.174746,-0.006170
-0.021915,0.174041,-0.006720
-0.025562,0.173336,-0.007269
-0.029212,0.172642,-0.007809
-0.032871,0.171809,-0.008459
-0.036536,0.170895,-0.009171
-0.040205,0.169981,-0.009883
-0.043878,0.169066,-0.010596
-0.047584,0.167499,-0.011817
-0.051297,0.165917,-0.013050
-0.055017,0.164340,-0.014278
-0.058748,0.162672,-0.015578
-0.062534,0.160086,-0.017593
-0.066328,0.157530,-0.019584
-0.070134,0.154968,-0.021581
-0.073967,0.152119,-0.023800
-0.077839,0.148809,-0.026380
-0.081727,0.145471,-0.028981
-0.085669,0.141481,-0.032089
-0.089638,0.137347,-0.035310
-0.093751,0.131337,-0.039994
-0.098078,0.122613,-0.046791
0.125736,0.113510,-0.049148
0.121567,0.123118,-0.041685
0.117547,0.130100,-0.036262
0.113608,0.135794,-0.031839
0.109716,0.140847,-0.027915
0.105873,0.145111,-0.024602
0.102076,0.148540,-0.021939
0.098296,0.151864,-0.019357
0.094557,0.154326,-0.017446
0.090828,0.156753,-0.015561
0.087109,0.159173,-0.013681
0.083408,0.161255,-0.012064
0.079720,0.163174,-0.010573
0.076039,0.165089,-0.009086
0.072367,0.166929,-0.007657
0.068708,0.168471,-0.006459
0.065054,0.170073,-0.005214
0.061405,0.171707,-0.003945
0.057766,0.173189,-0.002794
0.054134,0.174370,-0.001877
0.050508,0.175547,-0.000963
0.046887,0.176611,-0.000137
0.043270,0.177570,0.000609
0.039659,0.177942,0.000897
0.036049,0.178284,0.001163
0.032440,0.178628,0.001430
0.028832,0.179052,0.001760
0.025225,0.179234,0.001900
0.021615,0.178878,0.001624
0.018003,0.178541,0.001363
0.014391,0.178291,0.001168
0.010777,0.177976,0.000924
0.007154,0.177194,0.000317
0.003528,0.176398,-0.000302
-0.000102,0.175586,-0.000933
-0.003735,0.174781,-0.001558
-0.007370,0.173991,-0.002172
-0.011015,0.172972,-0.002963
-0.014665,0.171949,-0.003757
-0.018313,0.171091,-0.004424
-0.021961,0.170384,-0.004973
-0.025611,0.169676,-0.005523
-0.029267,0.168898,-0.006128
-0.032930,0.168023,-0.006806
-0.036597,0.167158,-0.007479
-0.040267,0.166291,-0.008152
-0.043941,0.165418,-0.008830
-0.047645,0.163966,-0.009959
-0.051357,0.162453,-0.011133
-0.055076,0.160939,-0.012309
-0.058816,0.159130,-0.013714
-0.062604,0.156556,-0.015714
-0.066403,0.153974,-0.017719
-0.070212,0.151384,-0.019731
-0.074074,0.148089,-0.022290
-0.077954,0.144703,-0.024919
-0.081869,0.140978,-0.027813
-0.085850,0.136456,-0.031325
-0.089847,0.131976,-0.034805
-0.094138,0.123437,-0.041437
-0.098613,0.112736,-0.049749
0.129845,0.103681,-0.052033
0.125546,0.115355,-0.042995
0.121521,0.121918,-0.037912
0.117524,0.128430,-0.032871
0.113610,0.133517,-0.028932
0.109724,0.138429,-0.025129
0.105906,0.142015,-0.022353
0.102108,0.145441,-0.019700
0.098330,0.148639,-0.017224
0.094591,0.151023,-0.015378
0.090861,0.153440,-0.013507
0.087139,0.155866,-0.011629
0.083446,0.157571,-0.010308
0.079753,0.159554,-0.008773
0.076069,0.161474,-0.007287
0.072396,0.163253,-0.005909
0.068734,0.164800,-0.004712
0.065077,0.166357,-0.003507
0.061426,0.167995,-0.002238
0.057784,0.169402,-0.001148
0.054150,0.170592,-0.000227
0.050520,0.171773,0.000687
0.046896,0.172952,0.001600
0.043276,0.174002,0.002414
0.039661,0.174476,0.002780
0.036049,0.174888,0.003099
0.032437,0.175232,0.003365
0.028827,0.175593,0.003645
0.025217,0.175572,0.003628
0.021603,0.175215,0.003352
0.017988,0.174858,0.003076
0.014373,0.174561,0.002846
0.010754,0.174091,0.002482
0.007127,0.173307,0.001875
0.003498,0.172522,0.001267
-0.000135,0.171710,0.000638
-0.003771,0.170910,0.000019
-0.007410,0.170117,-0.000595
-0.011055,0.169231,-0.001280
-0.014707,0.168206,-0.002075
-0.018356,0.167430,-0.002675
-0.022007,0.166721,-0.003224
-0.025665,0.165878,-0.003877
-0.029328,0.164989,-0.004565
-0.032994,0.164119,-0.005239
-0.036664,0.163250,-0.005911
-0.040338,0.162367,-0.006595
-0.044021,0.161346,-0.007386
-0.047732,0.159832,-0.008558
-0.051448,0.158315,-0.009732
-0.055168,0.156860,-0.010859
-0.058925,0.154775,-0.012474
-0.062718,0.152191,-0.014474
-0.066520,0.149619,-0.016465
-0.070337,0.146973,-0.018514
-0.074208,0.143589,-0.021134
-0.078101,0.140056,-0.023870
-0.082068,0.135555,-0.027354
-0.086070,0.130805,-0.031032
-0.090209,0.124274,-0.036089
-0.094576,0.114756,-0.043458
0.133889,0.095701,-0.053454
0.129622,0.106033,-0.045480
0.125462,0.114918,-0.038622
0.121470,0.120835,-0.034056
0.117532,0.126012,-0.030060
0.113625,0.130948,-0.026250
0.109747,0.135629,-0.022638
0.105936,0.139001,-0.020035
0.102138,0.142361,-0.017442
0.098367,0.145328,-0.015152
0.094626,0.147719,-0.013307
0.090893,0.150123,-0.011451
0.087176,0.152339,-0.009741
0.083485,0.153831,-0.008589
0.079789,0.155811,-0.007061
0.076101,0.157798,-0.005528
0.072425,0.159572,-0.004159
0.068760,0.161123,-0.002962
0.065101,0.162671,-0.001767
0.061447,0.164277,-0.000528
0.057803,0.165609,0.000500
0.054166,0.166805,0.001423
0.050533,0.167992,0.002340
0.046905,0.169174,0.003252
0.043283,0.170046,0.003925
0.039665,0.170451,0.004238
0.036048,0.170943,0.004617
0.032434,0.171433,0.004996
0.028822,0.171924,0.005374
0.025207,0.171815,0.005290
0.021591,0.171517,0.005061
0.017974,0.171188,0.004807
0.014355,0.170831,0.004531
0.010730,0.170199,0.004043
0.007101,0.169413,0.003436
0.003468,0.168626,0.002829
-0.000168,0.167827,0.002213
-0.003807,0.167031,0.001598
-0.007450,0.166236,0.000985
-0.011096,0.165440,0.000370
-0.014750,0.164475,-0.000375
-0.018400,0.163745,-0.000938
-0.022059,0.162856,-0.001625
-0.025722,0.161965,-0.002312
-0.029388,0.161077,-0.002997
-0.033058,0.160207,-0.003669
-0.036732,0.159314,-0.004358
-0.040410,0.158417,-0.005050
-0.044105,0.157209,-0.005982
-0.047819,0.155691,-0.007155
-0.051535,0.154262,-0.008257
-0.055256,0.152860,-0.009339
-0.059035,0.150409,-0.011230
-0.062830,0.147857,-0.013200
-0.066628,0.145436,-0.015070
-0.070466,0.142476,-0.017354
-0.074349,0.138953,-0.020072
-0.078265,0.135119,-0.023031
-0.082269,0.130115,-0.026894
-0.086291,0.125135,-0.030738
-0.090576,0.116471,-0.037424
-0.094999,0.106278,-0.045291
0.137909,0.088613,-0.054162
0.133572,0.099750,-0.045594
0.129417,0.108015,-0.039234
0.125413,0.113744,-0.034827
0.121426,0.119595,-0.030325
0.117523,0.124008,-0.026930
0.113639,0.128370,-0.023574
0.109778,0.132606,-0.020315
0.105965,0.135985,-0.017716
0.102167,0.139339,-0.015135
0.098408,0.141870,-0.013188
0.094660,0.144409,-0.011234
0.090926,0.146802,-0.009393
0.087213,0.148788,-0.007866
0.083519,0.150285,-0.006714
0.079826,0.152060,-0.005348
0.076134,0.154052,-0.003816
0.072457,0.155734,-0.002522
0.068787,0.157355,-0.001275
0.065124,0.158973,-0.000030
0.061468,0.160552,0.001185
0.057822,0.161809,0.002152
0.054181,0.163008,0.003074
0.050545,0.164205,0.003996
0.046914,0.165391,0.004908
0.043290,0.166082,0.005439
0.039668,0.166462,0.005732
0.036049,0.166911,0.006077
0.032431,0.167404,0.006456
0.028814,0.167814,0.006772
0.025196,0.167738,0.006713
0.021577,0.167455,0.006495
0.017956,0.167156,0.006266
0.014334,0.166856,0.006035
0.010706,0.166258,0.005575
0.007073,0.165473,0.004971
0.003437,0.164687,0.004367
-0.000202,0.163923,0.003779
-0.003844,0.163148,0.003182
-0.007490,0.162350,0.002568
-0.011139,0.161551,0.001954
-0.014792,0.160722,0.001315
-0.018451,0.159830,0.000630
-0.022113,0.158938,-0.000057
-0.025779,0.158045,-0.000744
-0.029449,0.157157,-0.001427
-0.033123,0.156258,-0.002119
-0.036800,0.155359,-0.002810
-0.040482,0.154459,-0.003503
-0.044188,0.153065,-0.004575
-0.047901,0.151663,-0.005654
-0.051619,0.150259,-0.006734
-0.055354,0.148628,-0.007989
-0.059142,0.146096,-0.009937
-0.062934,0.143673,-0.011801
-0.066736,0.141244,-0.013670
-0.070602,0.137852,-0.016279
-0.074508,0.134018,-0.019229
-0.078447,0.129872,-0.022419
-0.082471,0.124635,-0.026448
-0.086572,0.118513,-0.031157
-0.090880,0.109629,-0.037993
-0.095523,0.096311,-0.048239
0.141864,0.083078,-0.053654
0.137541,0.093413,-0.045728
0.133385,0.101226,-0.039737
0.129334,0.107500,-0.034925
0.125367,0.112505,-0.031087
0.121404,0.117851,-0.026986
0.117513,0.122016,-0.023792
0.113640,0.126129,-0.020638
0.109810,0.129568,-0.018001
0.105996,0.132941,-0.015414
0.102196,0.136302,-0.012836
0.098453,0.138320,-0.011288
0.094702,0.140848,-0.009349
0.090960,0.143448,-0.007356
0.087250,0.145232,-0.005987
0.083554,0.146733,-0.004836
0.079862,0.148302,-0.003633
0.076168,0.150274,-0.002121
0.072489,0.151893,-0.000879
0.068816,0.153514,0.000364
0.065150,0.155137,0.001608
0.061491,0.156693,0.002802
0.057842,0.157900,0.003728
0.054197,0.159205,0.004729
0.050558,0.160407,0.005650
0.046924,0.161601,0.006566
0.043297,0.162111,0.006957
0.039672,0.162491,0.007249
0.036048,0.162872,0.007541
0.032427,0.163366,0.007920
0.028806,0.163609,0.008106
0.025185,0.163533,0.008047
0.021562,0.163384,0.007933
0.017937,0.163084,0.007703
0.014311,0.162720,0.007424
0.010681,0.162219,0.007040
0.007046,0.161503,0.006491
0.003406,0.160715,0.005887
-0.000236,0.159975,0.005319
-0.003880,0.159261,0.004771
-0.007529,0.158460,0.004157
-0.011182,0.157659,0.003543
-0.014839,0.156801,0.002885
-0.018501,0.155907,0.002199
-0.022167,0.155012,0.001513
-0.025838,0.154084,0.000801
-0.029511,0.153174,0.000104
-0.033189,0.152279,-0.000583
-0.036870,0.151383,-0.001270
-0.040558,0.150396,-0.002027
-0.044267,0.149016,-0.003086
-0.047982,0.147633,-0.004146
-0.051704,0.146248,-0.005208
-0.055456,0.144335,-0.006675
-0.059243,0.141895,-0.008547
-0.063040,0.139435,-0.010433
-0.066864,0.136684,-0.012543
-0.070765,0.132739,-0.015569
-0.074683,0.128776,-0.018608
-0.078676,0.123845,-0.022390
-0.082720,0.118398,-0.026567
-0.086866,0.111691,-0.031711
-0.091260,0.101612,-0.039440
0.145847,0.077256,-0.053351
0.141468,0.088135,-0.045034
0.137345,0.094907,-0.039857
0.133238,0.101904,-0.034508
0.129262,0.106754,-0.030801
0.125306,0.111578,-0.027112
0.121400,0.115722,-0.023944
0.117515,0.119740,-0.020873
0.113652,0.123624,-0.017904
0.109836,0.126696,-0.015555
0.106027,0.129895,-0.013110
0.102236,0.132938,-0.010784
0.098493,0.134904,-0.009280
0.094746,0.137222,-0.007508
0.091001,0.139829,-0.005515
0.087289,0.141591,-0.004168
0.083588,0.143158,-0.002970
0.079895,0.144678,-0.001808
0.076204,0.146421,-0.000476
0.072521,0.148046,0.000767
0.068845,0.149667,0.002006
0.065176,0.151294,0.003250
0.061515,0.152705,0.004329
0.057865,0.153763,0.005137
0.054216,0.155093,0.006154
0.050572,0.156420,0.007169
0.046934,0.157691,0.008140
0.043304,0.158132,0.008477
0.039675,0.158514,0.008769
0.036049,0.158896,0.009061
0.032423,0.159321,0.009386
0.028798,0.159395,0.009443
0.025173,0.159319,0.009384
0.021547,0.159242,0.009326
0.017919,0.159004,0.009143
0.014288,0.158576,0.008816
0.010654,0.158073,0.008432
0.007018,0.157525,0.008013
0.003374,0.156735,0.007409
-0.000270,0.156020,0.006863
-0.003918,0.155322,0.006329
-0.007569,0.154564,0.005750
-0.011225,0.153760,0.005135
-0.014886,0.152874,0.004457
-0.018552,0.151977,0.003772
-0.022223,0.151024,0.003043
-0.025898,0.150066,0.002311
-0.029575,0.149169,0.001625
-0.033256,0.148271,0.000939
-0.036946,0.147218,0.000133
-0.040649,0.145969,-0.000821
-0.044363,0.144583,-0.001881
-0.048082,0.143195,-0.002942
-0.051816,0.141637,-0.004133
-0.055594,0.139278,-0.005936
-0.059387,0.136815,-0.007819
-0.063186,0.134433,-0.009640
-0.067046,0.131113,-0.012179
-0.070955,0.127148,-0.015209
-0.074887,0.123055,-0.018338
-0.078919,0.117568,-0.022533
-0.082975,0.112034,-0.026764
-0.087168,0.104720,-0.032356
-0.091663,0.093227,-0.041141
0.149814,0.071964,-0.052627
0.145433,0.082385,-0.044685
0.141270,0.089533,-0.039238
0.137163,0.096161,-0.034187
0.133172,0.100981,-0.030514
0.129202,0.105753,-0.026878
0.125274,0.110053,-0.023601
0.121406,0.113367,-0.021075
0.117523,0.117346,-0.018043
0.113673,0.120896,-0.015338
0.109855,0.123974,-0.012992
0.106050,0.127042,-0.010654
0.102278,0.129513,-0.008771
0.098533,0.131484,-0.007269
0.094790,0.133591,-0.005664
0.091047,0.136034,-0.003802
0.087330,0.137868,-0.002404
0.083626,0.139465,-0.001187
0.079929,0.141035,0.000009
0.076239,0.142547,0.001162
0.072553,0.144191,0.002414
0.068874,0.145817,0.003654
0.065201,0.147445,0.004895
0.061540,0.148710,0.005858
0.057886,0.149764,0.006661
0.054235,0.150952,0.007566
0.050587,0.152284,0.008581
0.046946,0.153360,0.009401
0.043311,0.153922,0.009829
0.039679,0.154356,0.010160
0.036049,0.154790,0.010491
0.032420,0.155217,0.010817
0.028791,0.155197,0.010802
0.025161,0.155103,0.010729
0.021531,0.155019,0.010666
0.017901,0.154915,0.010587
0.014265,0.154423,0.010212
0.010627,0.153918,0.009827
0.006988,0.153413,0.009442
0.003343,0.152758,0.008943
-0.000305,0.152057,0.008409
-0.003956,0.151357,0.007875
-0.007609,0.150656,0.007341
-0.011269,0.149837,0.006717
-0.014934,0.148923,0.006020
-0.018605,0.147960,0.005287
-0.022280,0.146997,0.004552
-0.025958,0.146056,0.003835
-0.029638,0.145156,0.003150
-0.033331,0.144012,0.002278
-0.037029,0.142865,0.001404
-0.040740,0.141530,0.000387
-0.044459,0.140120,-0.000688
-0.048193,0.138509,-0.001915
-0.051944,0.136660,-0.003325
-0.055733,0.134194,-0.005204
-0.059526,0.131845,-0.006994
-0.063329,0.129486,-0.008791
-0.067229,0.125521,-0.011813
-0.071144,0.121546,-0.014843
-0.075124,0.116748,-0.018499
-0.079150,0.111480,-0.022514
-0.083269,0.105045,-0.027417
-0.087486,0.097480,-0.033182
0.153830,0.066035,-0.052371
0.149417,0.076549,-0.044384
0.145224,0.083872,-0.038821
0.141106,0.090316,-0.033927
0.137070,0.095700,-0.029836
0.133111,0.099951,-0.026608
0.129147,0.104675,-0.023019
0.125256,0.108195,-0.020345
0.121389,0.111512,-0.017826
0.117530,0.114951,-0.015213
0.113695,0.118140,-0.012791
0.109880,0.121113,-0.010533
0.106078,0.124076,-0.008281
0.102318,0.126178,-0.006685
0.098572,0.128077,-0.005242
0.094832,0.130032,-0.003757
0.091094,0.132216,-0.002098
0.087373,0.134055,-0.000701
0.083664,0.135766,0.000599
0.079964,0.137340,0.001794
0.076275,0.138673,0.002807
0.072587,0.140271,0.004020
0.068903,0.141941,0.005289
0.065227,0.143589,0.006542
0.061564,0.144707,0.007390
0.057907,0.145764,0.008193
0.054253,0.146820,0.008995
0.050602,0.148138,0.009997
0.046959,0.149019,0.010666
0.043320,0.149629,0.011130
0.039683,0.150129,0.011509
0.036049,0.150564,0.011840
0.032416,0.150931,0.012118
0.028783,0.151109,0.012254
0.025150,0.151015,0.012182
0.021516,0.150920,0.012110
0.017882,0.150783,0.012006
0.014244,0.150376,0.011697
0.010602,0.149856,0.011302
0.006959,0.149337,0.010907
0.003312,0.148781,0.010485
-0.000339,0.148082,0.009955
-0.003993,0.147381,0.009421
-0.007651,0.146679,0.008888
-0.011314,0.145855,0.008263
-0.014984,0.144894,0.007533
-0.018658,0.143929,0.006799
-0.022337,0.142962,0.006065
-0.026021,0.141952,0.005298
-0.029713,0.140803,0.004425
-0.033411,0.139654,0.003552
-0.037114,0.138475,0.002656
-0.040835,0.136993,0.001531
-0.044567,0.135379,0.000305
-0.048306,0.133762,-0.000924
-0.052078,0.131571,-0.002588
-0.055865,0.129256,-0.004347
-0.059660,0.126963,-0.006088
-0.063505,0.123894,-0.008420
-0.067412,0.119917,-0.011441
-0.071335,0.115923,-0.014474
-0.075348,0.110644,-0.018485
-0.079391,0.105211,-0.022612
-0.083590,0.097617,-0.028381
-0.087927,0.088308,-0.035452
0.158772,0.045308,-0.063304
0.153426,0.070524,-0.044210
0.149155,0.078808,-0.037937
0.145046,0.084796,-0.033403
0.140969,0.090611,-0.029000
0.136996,0.094879,-0.025768
0.133040,0.099128,-0.022551
0.129120,0.102994,-0.019623
0.125242,0.106282,-0.017134
0.121377,0.109558,-0.014653
0.117537,0.112575,-0.012368
0.113727,0.115129,-0.010434
0.109911,0.118108,-0.008179
0.106111,0.120957,-0.006022
0.102356,0.122865,-0.004577
0.098608,0.124769,-0.003135
0.094868,0.126673,-0.001693
0.091141,0.128391,-0.000392
0.087417,0.130235,0.001004
0.083701,0.132061,0.002387
0.079999,0.133623,0.003570
0.076308,0.134905,0.004541
0.072620,0.136319,0.005611
0.068934,0.137995,0.006880
0.065255,0.139578,0.008079
0.061589,0.140656,0.008895
0.057928,0.141749,0.009723
0.054271,0.142815,0.010530
0.050617,0.143984,0.011415
0.046971,0.144667,0.011933
0.043328,0.145280,0.012397
0.039687,0.145893,0.012861
0.036049,0.146330,0.013192
0.032411,0.146635,0.013423
0.028775,0.146859,0.013592
0.025139,0.146918,0.013637
0.021502,0.146824,0.013565
0.017863,0.146633,0.013421
0.014222,0.146359,0.013213
0.010577,0.145844,0.012824
0.006930,0.145323,0.012429
0.003280,0.144740,0.011987
-0.000374,0.144091,0.011496
-0.004032,0.143388,0.010964
-0.007692,0.142684,0.010430
-0.011361,0.141781,0.009747
-0.015035,0.140819,0.009018
-0.018713,0.139855,0.008288
-0.022396,0.138850,0.007528
-0.026089,0.137685,0.006645
-0.029786,0.136512,0.005758
-0.033488,0.135339,0.004869
-0.037206,0.133901,0.003780
-0.040937,0.132269,0.002544
-0.044675,0.130635,0.001307
-0.048422,0.128955,0.000035
-0.052203,0.126665,-0.001699
-0.055994,0.124369,-0.003438
-0.059795,0.122063,-0.005184
-0.063689,0.118146,-0.008150
-0.067611,0.113999,-0.011290
-0.071564,0.109606,-0.014617
-0.075592,0.104202,-0.018709
-0.079705,0.097730,-0.023609
-0.083839,0.091328,-0.028457
-0.088665,0.074436,-0.041248
0.157510,0.063512,-0.044763
0.153112,0.073522,-0.037207
0.148980,0.079586,-0.032630
0.144879,0.085537,-0.028137
0.140887,0.089898,-0.024846
0.136916,0.094179,-0.021614
0.132966,0.098378,-0.018445
0.129104,0.101087,-0.016401
0.125234,0.104225,-0.014032
0.121370,0.107504,-0.011557
0.117546,0.110143,-0.009565
0.113741,0.112570,-0.007733
0.109941,0.115100,-0.005824
0.106152,0.117635,-0.003910
0.102394,0.119556,-0.002460
0.098643,0.121487,-0.001003
0.094900,0.123414,0.000452
0.091187,0.124592,0.001341
0.087460,0.126422,0.002722
0.083741,0.128255,0.004106
0.080035,0.129845,0.005306
0.076342,0.131131,0.006277
0.072653,0.132415,0.007247
0.068964,0.134041,0.008473
0.065284,0.135482,0.009561
0.061615,0.136544,0.010363
0.057950,0.137640,0.011189
0.054289,0.138735,0.012016
0.050633,0.139781,0.012806
0.046983,0.140366,0.013247
0.043336,0.140922,0.013667
0.039691,0.141536,0.014131
0.036049,0.142086,0.014546
0.032407,0.142330,0.014730
0.028767,0.142555,0.014900
0.025128,0.142779,0.015069
0.021487,0.142719,0.015023
0.017844,0.142475,0.014839
0.014199,0.142199,0.014631
0.010553,0.141824,0.014348
0.006902,0.141302,0.013954
0.003248,0.140690,0.013492
-0.000409,0.140078,0.013030
-0.004070,0.139387,0.012508
-0.007735,0.138664,0.011963
-0.011408,0.137699,0.011235
-0.015086,0.136734,0.010506
-0.018769,0.135709,0.009732
-0.022458,0.134641,0.008926
-0.026155,0.133466,0.008040
-0.029856,0.132291,0.007152
-0.033570,0.130897,0.006100
-0.037298,0.129304,0.004898
-0.041034,0.127667,0.003662
-0.044782,0.125905,0.002332
-0.048554,0.123757,0.000711
-0.052342,0.121453,-0.001029
-0.056141,0.119106,-0.002800
-0.059987,0.116009,-0.005137
-0.063901,0.111858,-0.008270
-0.067802,0.108239,-0.011002
-0.071798,0.103171,-0.014828
-0.075844,0.097589,-0.019041
-0.079971,0.091027,-0.023994
-0.084205,0.083131,-0.029954
0.161658,0.055778,-0.045835
0.157133,0.067362,-0.037120
0.152944,0.074066,-0.032075
0.148813,0.080222,-0.027443
0.144779,0.085072,-0.023794
0.140800,0.089259,-0.020644
0.136834,0.093510,-0.017445
0.132936,0.096740,-0.015015
0.129076,0.099450,-0.012976
0.125226,0.102168,-0.010931
0.121370,0.105274,-0.008594
0.117554,0.107711,-0.006760
0.113749,0.110132,-0.004939
0.109959,0.112423,-0.003215
0.106191,0.114346,-0.001768
0.102430,0.116284,-0.000311
0.098678,0.118219,0.001146
0.094939,0.119946,0.002445
0.091226,0.121027,0.003258
0.087503,0.122625,0.004460
0.083781,0.124456,0.005839
0.080073,0.126018,0.007013
0.076375,0.127351,0.008017
0.072684,0.128639,0.008986
0.068995,0.130080,0.010070
0.065314,0.131377,0.011046
0.061641,0.132442,0.011847
0.057972,0.133521,0.012659
0.054308,0.134620,0.013486
0.050648,0.135597,0.014221
0.046994,0.136349,0.014787
0.043343,0.136887,0.015191
0.039695,0.137425,0.015596
0.036049,0.137913,0.015963
0.032403,0.138113,0.016114
0.028759,0.138287,0.016244
0.025115,0.138466,0.016379
0.021472,0.138584,0.016468
0.017825,0.138308,0.016260
0.014177,0.138031,0.016052
0.010527,0.137754,0.015844
0.006873,0.137247,0.015463
0.003215,0.136633,0.015000
-0.000445,0.136019,0.014538
-0.004109,0.135379,0.014057
-0.007778,0.134577,0.013454
-0.011456,0.133592,0.012712
-0.015139,0.132565,0.011939
-0.018826,0.131536,0.011165
-0.022520,0.130418,0.010324
-0.026223,0.129183,0.009395
-0.029936,0.127782,0.008341
-0.033657,0.126337,0.007254
-0.037391,0.124697,0.006019
-0.041140,0.122825,0.004611
-0.044904,0.120815,0.003099
-0.048687,0.118534,0.001383
-0.052486,0.116121,-0.000433
-0.056301,0.113570,-0.002353
-0.060191,0.109717,-0.005251
-0.064083,0.106115,-0.007961
-0.068011,0.102134,-0.010957
-0.072041,0.096580,-0.015135
-0.076111,0.090725,-0.019541
-0.080224,0.084541,-0.024194
-0.084729,0.072368,-0.033353
0.166180,0.042629,-0.050943
0.161264,0.059725,-0.038121
0.156947,0.068128,-0.031819
0.152778,0.074608,-0.026959
0.148682,0.080252,-0.022726
0.144689,0.084455,-0.019573
0.140713,0.088639,-0.016436
0.136777,0.092383,-0.013627
0.132908,0.095077,-0.011607
0.129050,0.097760,-0.009595
0.125203,0.100435,-0.007588
0.121389,0.102624,-0.005946
0.117578,0.104931,-0.004216
0.113777,0.107232,-0.002491
0.109987,0.109474,-0.000809
0.106222,0.111276,0.000542
0.102465,0.113074,0.001891
0.098712,0.114948,0.003296
0.094978,0.116453,0.004425
0.091263,0.117536,0.005238
0.087546,0.118821,0.006201
0.083821,0.120658,0.007579
0.080112,0.122096,0.008658
0.076411,0.123443,0.009668
0.072715,0.124796,0.010683
0.069025,0.126145,0.011694
0.065343,0.127264,0.012533
0.061667,0.128333,0.013335
0.057994,0.129400,0.014136
0.054326,0.130496,0.014958
0.050664,0.131405,0.015639
0.047005,0.132221,0.016251
0.043350,0.132865,0.016734
0.039698,0.133404,0.017138
0.036049,0.133824,0.017453
0.032400,0.134090,0.017653
0.028752,0.134265,0.017784
0.025105,0.134438,0.017914
0.021457,0.134448,0.017922
0.017806,0.134178,0.017719
0.014154,0.133892,0.017504
0.010501,0.133606,0.017290
0.006844,0.133131,0.016933
0.003183,0.132532,0.016485
-0.000481,0.131935,0.016037
-0.004148,0.131334,0.015586
-0.007823,0.130447,0.014920
-0.011506,0.129417,0.014148
-0.015192,0.128386,0.013375
-0.018883,0.127354,0.012601
-0.022586,0.126069,0.011637
-0.026299,0.124665,0.010584
-0.030016,0.123259,0.009530
-0.033745,0.121724,0.008378
-0.037496,0.119742,0.006891
-0.041257,0.117728,0.005382
-0.045030,0.115613,0.003795
-0.048828,0.113134,0.001936
-0.052639,0.110578,0.000019
-0.056482,0.107576,-0.002233
-0.060366,0.103991,-0.004921
-0.064261,0.100465,-0.007565
-0.068246,0.095517,-0.011277
-0.072294,0.089798,-0.015566
-0.076372,0.083955,-0.019949
-0.080671,0.074772,-0.026836
0.165483,0.051028,-0.039889
0.160976,0.061999,-0.031688
0.156770,0.068754,-0.026637
0.152608,0.075202,-0.021817
0.148595,0.079513,-0.018594
0.144605,0.083713,-0.015454
0.140633,0.087894,-0.012328
0.136758,0.090504,-0.010377
0.132894,0.093120,-0.008421
0.129037,0.095805,-0.006413
0.125199,0.098300,-0.004549
0.121400,0.100130,-0.003180
0.117607,0.102024,-0.001764
0.113804,0.104330,-0.000041
0.110020,0.106398,0.001505
0.106253,0.108203,0.002855
0.102494,0.110005,0.004202
0.098745,0.111722,0.005485
0.095018,0.112952,0.006405
0.091300,0.114042,0.007220
0.087586,0.115127,0.008031
0.083861,0.116840,0.009312
0.080152,0.118173,0.010308
0.076448,0.119509,0.011307
0.072748,0.120866,0.012322
0.069055,0.122199,0.013319
0.065370,0.123291,0.014135
0.061692,0.124282,0.014876
0.058017,0.125286,0.015627
0.054345,0.126365,0.016433
0.050679,0.127203,0.017060
0.047016,0.128022,0.017672
0.043357,0.128834,0.018279
0.039702,0.129375,0.018683
0.036049,0.129727,0.018947
0.032396,0.130015,0.019162
0.028745,0.130234,0.019326
0.025094,0.130409,0.019456
0.021442,0.130302,0.019377
0.017788,0.130061,0.019196
0.014132,0.129774,0.018982
0.010475,0.129487,0.018767
0.006813,0.128897,0.018326
0.003147,0.128284,0.017868
-0.000521,0.127684,0.017419
-0.004191,0.127084,0.016970
-0.007873,0.126081,0.016221
-0.011559,0.125069,0.015464
-0.015250,0.124055,0.014706
-0.018946,0.122973,0.013897
-0.022657,0.121563,0.012843
-0.026374,0.120152,0.011788
-0.030096,0.118736,0.010730
-0.033845,0.116774,0.009262
-0.037603,0.114745,0.007746
-0.041370,0.112712,0.006226
-0.045162,0.110273,0.004403
-0.048969,0.107724,0.002497
-0.052786,0.105168,0.000586
-0.056655,0.101752,-0.001967
-0.060545,0.098176,-0.004641
-0.064468,0.094237,-0.007586
-0.068507,0.088421,-0.011934
-0.072527,0.083370,-0.015711
-0.076685,0.076258,-0.021028
-0.081047,0.066181,-0.028561
0.169724,0.042379,-0.041591
0.165076,0.055011,-0.032177
0.160800,0.062511,-0.026589
0.156592,0.069394,-0.021459
0.152521,0.074419,-0.017714
0.148511,0.078728,-0.014503
0.144522,0.082965,-0.011346
0.140604,0.086194,-0.008940
0.136736,0.088694,-0.007077
0.132879,0.091187,-0.005218
0.129023,0.093852,-0.003233
0.125207,0.095902,-0.001705
0.121408,0.097735,-0.000339
0.117617,0.099564,0.001024
0.113832,0.101426,0.002411
0.110055,0.103268,0.003784
0.106291,0.104965,0.005049
0.102533,0.106659,0.006311
0.098785,0.108292,0.007528
0.095059,0.109405,0.008357
0.091338,0.110516,0.009186
0.087621,0.111626,0.010012
0.083904,0.112905,0.010966
0.080191,0.114242,0.011962
0.076484,0.115576,0.012957
0.072782,0.116929,0.013965
0.069086,0.118216,0.014924
0.065397,0.119370,0.015783
0.061714,0.120392,0.016545
0.058036,0.121385,0.017285
0.054362,0.122337,0.017994
0.050694,0.123091,0.018556
0.047028,0.123830,0.019107
0.043365,0.124636,0.019708
0.039705,0.125334,0.020228
0.036048,0.125622,0.020443
0.032393,0.125911,0.020658
0.028738,0.126196,0.020870
0.025084,0.126371,0.021001
0.021427,0.126148,0.020835
0.017769,0.125913,0.020660
0.014110,0.125648,0.020462
0.010449,0.125311,0.020211
0.006781,0.124666,0.019730
0.003111,0.124026,0.019254
-0.000560,0.123424,0.018805
-0.004237,0.122697,0.018263
-0.007924,0.121682,0.017507
-0.011614,0.120677,0.016758
-0.015307,0.119717,0.016042
-0.019012,0.118479,0.015120
-0.022728,0.117065,0.014066
-0.026449,0.115644,0.013007
-0.030181,0.114060,0.011827
-0.033937,0.112028,0.010312
-0.037701,0.109978,0.008785
-0.041480,0.107754,0.007127
-0.045282,0.105202,0.005225
-0.049097,0.102586,0.003276
-0.052949,0.099405,0.000906
-0.056832,0.095825,-0.001762
-0.060734,0.092155,-0.004497
-0.064719,0.087142,-0.008234
-0.068719,0.082233,-0.011891
-0.072809,0.076045,-0.016503
-0.077023,0.068125,-0.022405
-0.081370,0.058479,-0.029593
0.174006,0.033482,-0.043447
0.169300,0.046428,-0.033830
0.164878,0.055780,-0.026883
0.160624,0.063036,-0.021493
0.156460,0.069292,-0.016846
0.152435,0.073621,-0.013630
0.148428,0.077931,-0.010429
0.144458,0.081869,-0.007503
0.140581,0.084377,-0.005640
0.136714,0.086879,-0.003782
0.132858,0.089372,-0.001930
0.129023,0.091633,-0.000251
0.125218,0.093431,0.001085
0.121420,0.095225,0.002418
0.117630,0.097016,0.003748
0.113853,0.098678,0.004983
0.110095,0.099991,0.005958
0.106333,0.101581,0.007139
0.102573,0.103279,0.008400
0.098828,0.104736,0.009483
0.095100,0.105852,0.010312
0.091376,0.106966,0.011139
0.087659,0.107998,0.011906
0.083943,0.109129,0.012746
0.080230,0.110349,0.013652
0.076520,0.111642,0.014613
0.072815,0.112985,0.015611
0.069116,0.114226,0.016532
0.065424,0.115383,0.017391
0.061737,0.116495,0.018217
0.058056,0.117490,0.018957
0.054379,0.118391,0.019626
0.050707,0.119174,0.020208
0.047038,0.119915,0.020758
0.043372,0.120656,0.021308
0.039709,0.121278,0.021771
0.036049,0.121552,0.021974
0.032389,0.121813,0.022168
0.028731,0.122088,0.022373
0.025072,0.122221,0.022471
0.021412,0.121985,0.022296
0.017750,0.121750,0.022121
0.014088,0.121513,0.021945
0.010421,0.121074,0.021619
0.006750,0.120426,0.021138
0.003076,0.119778,0.020657
-0.000600,0.119155,0.020194
-0.004284,0.118291,0.019552
-0.007974,0.117304,0.018819
-0.011667,0.116341,0.018103
-0.015364,0.115377,0.017387
-0.019078,0.113975,0.016346
-0.022798,0.112549,0.015286
-0.026524,0.111116,0.014222
-0.030269,0.109310,0.012881
-0.034031,0.107234,0.011339
-0.037805,0.105056,0.009720
-0.041595,0.102678,0.007954
-0.045409,0.099982,0.005952
-0.049250,0.096893,0.003657
-0.053119,0.093474,0.001117
-0.057014,0.089790,-0.001620
-0.060936,0.085862,-0.004538
-0.064929,0.080836,-0.008271
-0.068941,0.075844,-0.011980
-0.073135,0.067925,-0.017861
-0.077329,0.060524,-0.023359
-0.082099,0.043915,-0.035698
0.173551,0.037801,-0.035485
0.168966,0.049134,-0.027094
0.164683,0.056502,-0.021638
0.160437,0.063745,-0.016275
0.156385,0.068266,-0.012928
0.152362,0.072604,-0.009715
0.148357,0.076914,-0.006524
0.144443,0.079907,-0.004308
0.140562,0.082490,-0.002395
0.136696,0.084993,-0.000542
0.132841,0.087489,0.001306
0.129032,0.089206,0.002578
0.125237,0.090792,0.003752
0.121438,0.092590,0.005083
0.117648,0.094384,0.006412
0.113878,0.095839,0.007489
0.110119,0.097154,0.008463
0.106365,0.098468,0.009436
0.102614,0.099894,0.010492
0.098872,0.101167,0.011434
0.095144,0.102201,0.012200
0.091419,0.103234,0.012965
0.087699,0.104266,0.013729
0.083980,0.105451,0.014606
0.080264,0.106674,0.015512
0.076553,0.107896,0.016416
0.072847,0.109112,0.017317
0.069147,0.110228,0.018143
0.065451,0.111388,0.019002
0.061760,0.112547,0.019861
0.058075,0.113589,0.020632
0.054396,0.114438,0.021261
0.050720,0.115229,0.021846
0.047048,0.115993,0.022412
0.043379,0.116736,0.022962
0.039712,0.117253,0.023346
0.036049,0.117573,0.023582
0.032386,0.117835,0.023776
0.028724,0.118097,0.023970
0.025061,0.118056,0.023939
0.021397,0.117810,0.023757
0.017731,0.117574,0.023583
0.014065,0.117338,0.023409
0.010393,0.116780,0.022995
0.006718,0.116149,0.022528
0.003041,0.115517,0.022060
-0.000640,0.114877,0.021586
-0.004329,0.113926,0.020881
-0.008023,0.112961,0.020167
-0.011720,0.111994,0.019451
-0.015426,0.110883,0.018628
-0.019145,0.109450,0.017568
-0.022869,0.108015,0.016505
-0.026600,0.106578,0.015440
-0.030359,0.104489,0.013894
-0.034129,0.102306,0.012278
-0.037909,0.100118,0.010658
-0.041719,0.097377,0.008628
-0.045555,0.094283,0.006337
-0.049406,0.091121,0.003996
-0.053294,0.087424,0.001258
-0.057196,0.083746,-0.001465
-0.061149,0.079332,-0.004734
-0.065144,0.074424,-0.008368
-0.069255,0.067720,-0.013332
-0.073324,0.062249,-0.017383
-0.077637,0.052882,-0.024319
-0.082805,0.029707,-0.041479
0.177920,0.027846,-0.038091
0.173105,0.041999,-0.027644
0.168767,0.049848,-0.021851
0.164489,0.057222,-0.016408
0.160352,0.062825,-0.012273
0.156311,0.067227,-0.009024
0.152289,0.071589,-0.005805
0.148322,0.075278,-0.003082
0.144428,0.077928,-0.001126
0.140545,0.080569,0.000824
0.136678,0.083107,0.002697
0.132842,0.085235,0.004268
0.129040,0.086808,0.005428
0.125245,0.088377,0.006586
0.121456,0.089953,0.007749
0.117668,0.091678,0.009022
0.113902,0.092997,0.009996
0.110143,0.094295,0.010954
0.106391,0.095529,0.011865
0.102646,0.096732,0.012753
0.098918,0.097536,0.013347
0.095191,0.098457,0.014026
0.091463,0.099493,0.014791
0.087740,0.100539,0.015563
0.084016,0.101767,0.016469
0.080297,0.102990,0.017372
0.076584,0.104192,0.018259
0.072876,0.105379,0.019135
0.069174,0.106454,0.019929
0.065477,0.107518,0.020714
0.061784,0.108581,0.021498
0.058095,0.109681,0.022310
0.054412,0.110478,0.022899
0.050733,0.111271,0.023484
0.047058,0.112063,0.024068
0.043385,0.112809,0.024619
0.039716,0.113220,0.024923
0.036049,0.113560,0.025174
0.032382,0.113849,0.025387
0.028717,0.114112,0.025581
0.025050,0.113917,0.025437
0.021381,0.113623,0.025220
0.017712,0.113387,0.025046
0.014042,0.113150,0.024871
0.010364,0.112353,0.024283
0.006684,0.111701,0.023801
0.003002,0.111067,0.023333
-0.000684,0.110340,0.022797
-0.004378,0.109395,0.022099
-0.008075,0.108450,0.021402
-0.011776,0.107538,0.020729
-0.015489,0.106302,0.019817
-0.019212,0.104870,0.018760
-0.022942,0.103437,0.017702
-0.026684,0.101774,0.016474
-0.030451,0.099589,0.014861
-0.034227,0.097398,0.013244
-0.038022,0.094935,0.011427
-0.041850,0.091885,0.009175
-0.045690,0.088825,0.006917
-0.049558,0.085420,0.004403
-0.053450,0.081794,0.001727
-0.057375,0.077741,-0.001264
-0.061360,0.072834,-0.004886
-0.065381,0.067575,-0.008767
-0.069472,0.061412,-0.013316
-0.073577,0.055405,-0.017750
-0.077902,0.045976,-0.024709
-0.082883,0.026077,-0.039396
0.177464,0.032021,-0.030263
0.172881,0.042986,-0.022196
0.168577,0.050418,-0.016729
0.164337,0.057308,-0.011660
0.160278,0.061749,-0.008393
0.156238,0.066167,-0.005142
0.152216,0.070565,-0.001906
0.148307,0.073297,0.000103
0.144414,0.075948,0.002055
0.140531,0.078593,0.004000
0.136660,0.081224,0.005936
0.132851,0.082824,0.007113
0.129050,0.084370,0.008250
0.125256,0.085915,0.009386
0.121468,0.087456,0.010521
0.117699,0.088705,0.011439
0.113937,0.089917,0.012331
0.110178,0.091155,0.013242
0.106425,0.092391,0.014152
0.102683,0.093441,0.014924
0.098953,0.094248,0.015517
0.095227,0.095053,0.016110
0.091504,0.095857,0.016702
0.087779,0.096843,0.017427
0.084053,0.098051,0.018316
0.080332,0.099258,0.019204
0.076616,0.100463,0.020090
0.072905,0.101622,0.020942
0.069200,0.102703,0.021738
0.065500,0.103772,0.022525
0.061804,0.104838,0.023309
0.058113,0.105843,0.024049
0.054428,0.106610,0.024613
0.050747,0.107340,0.025149
0.047068,0.108100,0.025709
0.043392,0.108838,0.026252
0.039720,0.109180,0.026503
0.036048,0.109521,0.026754
0.032379,0.109855,0.027000
0.028710,0.110090,0.027173
0.025039,0.109771,0.026938
0.021366,0.109452,0.026703
0.017693,0.109190,0.026511
0.014018,0.108794,0.026220
0.010335,0.107991,0.025629
0.006650,0.107242,0.025078
0.002963,0.106606,0.024609
-0.000729,0.105769,0.023994
-0.004428,0.104821,0.023297
-0.008128,0.103959,0.022662
-0.011831,0.103103,0.022033
-0.015553,0.101668,0.020977
-0.019282,0.100232,0.019920
-0.023013,0.098886,0.018930
-0.026769,0.096936,0.017495
-0.030541,0.094741,0.015881
-0.034324,0.092486,0.014221
-0.038137,0.089680,0.012157
-0.041972,0.086615,0.009902
-0.045823,0.083444,0.007569
-0.049705,0.079841,0.004918
-0.053621,0.075810,0.001952
-0.057578,0.071241,-0.001409
-0.061584,0.066054,-0.005225
-0.065625,0.060576,-0.009255
-0.069658,0.055668,-0.012866
-0.073827,0.048620,-0.018052
-0.078266,0.037340,-0.026350
-0.083008,0.021677,-0.037874
0.181855,0.021974,-0.032897
0.177060,0.035461,-0.023007
0.172729,0.042931,-0.017528
0.168430,0.050354,-0.012084
0.164285,0.055853,-0.008051
0.160220,0.060417,-0.004704
0.156182,0.064837,-0.001463
0.152209,0.068451,0.001188
0.148300,0.071190,0.003195
0.144406,0.073847,0.005144
0.140524,0.076496,0.007087
0.136680,0.078611,0.008638
0.132872,0.080149,0.009766
0.129071,0.081698,0.010902
0.125276,0.083245,0.012036
0.121489,0.084757,0.013146
0.117727,0.085816,0.013922
0.113969,0.086875,0.014698
0.110213,0.088012,0.015533
0.106458,0.089251,0.016441
0.102719,0.090146,0.017098
0.098988,0.090955,0.017690
0.095262,0.091678,0.018221
0.091540,0.092370,0.018728
0.087814,0.093306,0.019415
0.084089,0.094382,0.020204
0.080367,0.095519,0.021038
0.076648,0.096728,0.021924
0.072935,0.097858,0.022753
0.069227,0.098941,0.023548
0.065524,0.100021,0.024339
0.061825,0.101089,0.025122
0.058131,0.102034,0.025815
0.054443,0.102856,0.026418
0.050758,0.103588,0.026955
0.047077,0.104319,0.027491
0.043399,0.104891,0.027911
0.039723,0.105192,0.028132
0.036049,0.105497,0.028355
0.032375,0.105815,0.028589
0.028702,0.105936,0.028677
0.025028,0.105616,0.028442
0.021352,0.105296,0.028207
0.017674,0.104985,0.027980
0.013993,0.104425,0.027569
0.010306,0.103620,0.026978
0.006616,0.102813,0.026387
0.002925,0.102134,0.025889
-0.000774,0.101198,0.025203
-0.004474,0.100374,0.024598
-0.008178,0.099549,0.023993
-0.011891,0.098463,0.023197
-0.015618,0.097045,0.022157
-0.019348,0.095705,0.021174
-0.023086,0.094280,0.020129
-0.026854,0.092083,0.018518
-0.030634,0.089812,0.016852
-0.034425,0.087475,0.015138
-0.038254,0.084401,0.012885
-0.042098,0.081227,0.010557
-0.045962,0.077888,0.008108
-0.049869,0.073851,0.005147
-0.053801,0.069620,0.002044
-0.057791,0.064522,-0.001694
-0.061795,0.059551,-0.005340
-0.065809,0.054745,-0.008864
-0.069850,0.049793,-0.012496
-0.074087,0.041642,-0.018474
-0.078470,0.031483,-0.025923
-0.083177,0.016503,-0.036909
0.186318,0.011360,-0.035908
0.181425,0.025633,-0.025475
0.176920,0.035169,-0.018504
0.172578,0.042854,-0.012886
0.168325,0.049665,-0.007907
0.164233,0.054400,-0.004445
0.160162,0.059087,-0.001020
0.156126,0.063499,0.002205
0.152204,0.066274,0.004234
0.148294,0.069041,0.006256
0.144399,0.071743,0.008231
0.140517,0.074394,0.010170
0.136702,0.075948,0.011306
0.132893,0.077488,0.012432
0.129092,0.079025,0.013555
0.125296,0.080574,0.014687
0.121518,0.081866,0.015631
0.117754,0.082927,0.016407
0.113996,0.083986,0.017182
0.110241,0.085045,0.017955
0.106495,0.085999,0.018654
0.102762,0.086694,0.019161
0.099031,0.087388,0.019668
0.095304,0.088081,0.020175
0.091579,0.088773,0.020681
0.087848,0.089838,0.021459
0.084120,0.090916,0.022247
0.080397,0.091993,0.023035
0.076678,0.093045,0.023804
0.072964,0.094088,0.024566
0.069254,0.095175,0.025360
0.065547,0.096260,0.026154
0.061845,0.097335,0.026939
0.058150,0.098217,0.027584
0.054458,0.099052,0.028195
0.050770,0.099829,0.028763
0.047086,0.100563,0.029299
0.043405,0.101016,0.029630
0.039726,0.101309,0.029845
0.036048,0.101615,0.030068
0.032372,0.101920,0.030291
0.028695,0.101682,0.030117
0.025016,0.101345,0.029871
0.021336,0.101043,0.029650
0.017655,0.100742,0.029430
0.013967,0.099961,0.028859
0.010276,0.099168,0.028280
0.006582,0.098375,0.027700
0.002885,0.097582,0.027120
-0.000816,0.096784,0.026537
-0.004521,0.095957,0.025932
-0.008228,0.095129,0.025327
-0.011950,0.093863,0.024402
-0.015679,0.092519,0.023419
-0.019414,0.091174,0.022436
-0.023166,0.089423,0.021156
-0.026942,0.087137,0.019485
-0.030728,0.084845,0.017810
-0.034536,0.082187,0.015867
-0.038374,0.079010,0.013544
-0.042225,0.075822,0.011213
-0.046116,0.071967,0.008396
-0.050031,0.067897,0.005420
-0.053982,0.063414,0.002143
-0.057973,0.058438,-0.001494
-0.061979,0.053559,-0.005061
-0.065994,0.048872,-0.008487
-0.070096,0.042909,-0.012846
-0.074301,0.035475,-0.018280
-0.078603,0.026872,-0.024569
-0.083243,0.013071,-0.034657
0.185869,0.015121,-0.028406
0.181094,0.027917,-0.019082
0.176780,0.034877,-0.014010
0.172433,0.042698,-0.008311
0.168272,0.048202,-0.004301
0.164180,0.052948,-0.000842
0.160110,0.057662,0.002592
0.156122,0.061318,0.005256
0.152200,0.064096,0.007280
0.148290,0.066865,0.009298
0.144392,0.069627,0.011310
0.140539,0.071739,0.012849
0.136723,0.073284,0.013975
0.132915,0.074825,0.015098
0.129112,0.076365,0.016220
0.125316,0.077897,0.017336
0.121550,0.078894,0.018063
0.117788,0.079886,0.018785
0.114031,0.080877,0.019507
0.110277,0.081867,0.020229
0.106537,0.082623,0.020779
0.102805,0.083194,0.021196
0.099076,0.083783,0.021625
0.095346,0.084478,0.022131
0.091615,0.085282,0.022717
0.087881,0.086364,0.023506
0.084152,0.087400,0.024261
0.080428,0.088406,0.024993
0.076708,0.089415,0.025728
0.072991,0.090445,0.026480
0.069279,0.091475,0.027230
0.065571,0.092503,0.027979
0.061866,0.093556,0.028747
0.058168,0.094395,0.029357
0.054473,0.095232,0.029967
0.050782,0.096065,0.030574
0.047094,0.096800,0.031110
0.043411,0.097133,0.031353
0.039729,0.097424,0.031565
0.036049,0.097725,0.031784
0.032369,0.098031,0.032007
0.028687,0.097538,0.031647
0.025004,0.096999,0.031255
0.021320,0.096697,0.031035
0.017634,0.096297,0.030743
0.013939,0.095312,0.030025
0.010243,0.094507,0.029439
0.006545,0.093711,0.028859
0.002842,0.092915,0.028279
-0.000863,0.092119,0.027699
-0.004571,0.091323,0.027119
-0.008283,0.090519,0.026533
-0.012011,0.089192,0.025567
-0.015744,0.087864,0.024598
-0.019481,0.086611,0.023686
-0.023247,0.084530,0.022170
-0.027029,0.082242,0.020502
-0.030819,0.079956,0.018836
-0.034643,0.076976,0.016665
-0.038486,0.073827,0.014371
-0.042349,0.070462,0.011918
-0.046255,0.066390,0.008951
-0.050182,0.062210,0.005906
-0.054155,0.057354,0.002367
-0.058156,0.052330,-0.001293
-0.062163,0.047567,-0.004764
-0.066186,0.042870,-0.008186
-0.070283,0.037120,-0.012376
-0.074441,0.030663,-0.017081
-0.078770,0.021633,-0.023660
-0.083316,0.009532,-0.032478
0.190395,0.003922,-0.031797
0.185423,0.018842,-0.020961
0.180950,0.027632,-0.014576
0.176634,0.034665,-0.009468
0.172343,0.041754,-0.004319
0.168237,0.046464,-0.000898
0.164146,0.051222,0.002557
0.160075,0.055957,0.005996
0.156131,0.058914,0.008144
0.152208,0.061712,0.010176
0.148297,0.064498,0.012200
0.144398,0.067277,0.014218
0.140571,0.068899,0.015397
0.136755,0.070429,0.016508
0.132946,0.071957,0.017617
0.129143,0.073481,0.018724
0.125358,0.074757,0.019651
0.121593,0.075694,0.020331
0.117830,0.076664,0.021036
0.114070,0.077657,0.021758
0.110315,0.078649,0.022478
0.106578,0.079241,0.022908
0.102845,0.079814,0.023324
0.099114,0.080387,0.023740
0.095385,0.080958,0.024155
0.091653,0.081735,0.024719
0.087918,0.082745,0.025453
0.084187,0.083754,0.026185
0.080460,0.084762,0.026918
0.076737,0.085782,0.027658
0.073018,0.086816,0.028409
0.069303,0.087847,0.029158
0.065591,0.088923,0.029940
0.061885,0.089901,0.030650
0.058185,0.090668,0.031208
0.054488,0.091433,0.031763
0.050794,0.092244,0.032352
0.047104,0.092952,0.032866
0.043418,0.093244,0.033078
0.039732,0.093536,0.033290
0.036048,0.093830,0.033503
0.032365,0.094011,0.033635
0.028680,0.093384,0.033180
0.024992,0.092757,0.032725
0.021303,0.092341,0.032422
0.017611,0.091741,0.031986
0.013913,0.090753,0.031269
0.010211,0.089833,0.030601
0.006507,0.089035,0.030021
0.002800,0.088236,0.029441
-0.000908,0.087494,0.028902
-0.004619,0.086815,0.028409
-0.008341,0.085753,0.027637
-0.012074,0.084422,0.026670
-0.015807,0.083284,0.025844
-0.019548,0.082010,0.024919
-0.023326,0.079718,0.023254
-0.027112,0.077433,0.021595
-0.030911,0.075019,0.019841
-0.034747,0.071868,0.017553
-0.038600,0.068589,0.015171
-0.042482,0.064883,0.012480
-0.046398,0.060720,0.009456
-0.050340,0.056330,0.006267
-0.054330,0.051270,0.002592
-0.058337,0.046247,-0.001056
-0.062324,0.042050,-0.004104
-0.066325,0.037873,-0.007138
-0.070424,0.032184,-0.011270
-0.074587,0.025714,-0.015969
-0.078874,0.017522,-0.021919
-0.083404,0.005721,-0.030490
0.189932,0.007717,-0.024291
0.185160,0.020093,-0.015331
0.180813,0.027248,-0.010151
0.176485,0.034517,-0.004889
0.172304,0.040057,-0.000878
0.168200,0.044751,0.002520
0.164112,0.049488,0.005949
0.160088,0.053505,0.008858
0.156147,0.056407,0.010959
0.152220,0.059274,0.013034
0.148308,0.062064,0.015054
0.144431,0.064429,0.016766
0.140607,0.065979,0.017888
0.136789,0.067525,0.019008
0.132979,0.069056,0.020116
0.129175,0.070583,0.021222
0.125400,0.071607,0.021963
0.121633,0.072545,0.022642
0.117869,0.073484,0.023322
0.114110,0.074434,0.024010
0.110358,0.075281,0.024623
0.106620,0.075854,0.025037
0.102887,0.076357,0.025402
0.099155,0.076861,0.025766
0.095426,0.077364,0.026130
0.091688,0.078263,0.026782
0.087954,0.079176,0.027443
0.084222,0.080102,0.028113
0.080493,0.081112,0.028844
0.076767,0.082144,0.029591
0.073044,0.083230,0.030378
0.069325,0.084330,0.031174
0.065611,0.085428,0.031969
0.061903,0.086313,0.032609
0.058201,0.087086,0.033169
0.054501,0.087853,0.033725
0.050805,0.088619,0.034279
0.047113,0.089031,0.034578
0.043424,0.089318,0.034785
0.039736,0.089627,0.035009
0.036048,0.089933,0.035231
0.032362,0.089851,0.035171
0.028673,0.089223,0.034716
0.024981,0.088593,0.034261
0.021287,0.087974,0.033812
0.017589,0.087174,0.033233
0.013886,0.086183,0.032516
0.010179,0.085191,0.031797
0.006470,0.084346,0.031186
0.002760,0.083664,0.030692
-0.000952,0.082983,0.030199
-0.004667,0.082302,0.029706
-0.008399,0.080989,0.028755
-0.012129,0.079953,0.028005
-0.015864,0.078915,0.027254
-0.019622,0.077194,0.026007
-0.023404,0.074910,0.024354
-0.027194,0.072644,0.022713
-0.031009,0.069908,0.020733
-0.034855,0.066631,0.018360
-0.038716,0.063277,0.015933
-0.042618,0.059230,0.013002
-0.046544,0.054962,0.009912
-0.050505,0.050302,0.006539
-0.054488,0.045528,0.003083
-0.058469,0.041199,-0.000052
-0.062450,0.037207,-0.002941
-0.066466,0.032853,-0.006094
-0.070582,0.026915,-0.010392
-0.074719,0.021023,-0.014658
-0.078963,0.013648,-0.019997
-0.083510,0.001613,-0.028710
0.194402,-0.002482,-0.026912
0.189472,0.011486,-0.016833
0.185037,0.019466,-0.011074
0.180684,0.026754,-0.005814
0.176387,0.033641,-0.000845
0.172265,0.038360,0.002561
0.168162,0.043057,0.005950
0.164078,0.047754,0.009339
0.160104,0.050993,0.011677
0.156163,0.053899,0.013774
0.152233,0.056795,0.015864
0.148319,0.059629,0.017909
0.144469,0.061503,0.019262
0.140643,0.063056,0.020382
0.136824,0.064606,0.021500
0.133012,0.066152,0.022617
0.129214,0.067511,0.023597
0.125441,0.068453,0.024277
0.121672,0.069394,0.024956
0.117911,0.070266,0.025585
0.114152,0.071134,0.026211
0.110408,0.071742,0.026650
0.106669,0.072250,0.027017
0.102933,0.072755,0.027381
0.099200,0.073259,0.027745
0.095464,0.073896,0.028204
0.091723,0.074812,0.028865
0.087986,0.075727,0.029526
0.084253,0.076636,0.030181
0.080525,0.077470,0.030783
0.076794,0.078617,0.031611
0.073068,0.079725,0.032411
0.069347,0.080827,0.033206
0.065630,0.081928,0.034000
0.061922,0.082719,0.034571
0.058216,0.083496,0.035132
0.054514,0.084268,0.035689
0.050815,0.085036,0.036243
0.047122,0.085227,0.036381
0.043431,0.085332,0.036457
0.039739,0.085642,0.036680
0.036049,0.085952,0.036904
0.032358,0.085586,0.036640
0.028665,0.084962,0.036190
0.024970,0.084337,0.035739
0.021270,0.083531,0.035158
0.017565,0.082425,0.034359
0.013857,0.081433,0.033643
0.010145,0.080440,0.032927
0.006433,0.079720,0.032407
0.002720,0.079074,0.031941
-0.000996,0.078428,0.031475
-0.004717,0.077655,0.030917
-0.008447,0.076617,0.030168
-0.012182,0.075577,0.029418
-0.015921,0.074537,0.028667
-0.019695,0.072386,0.027115
-0.023481,0.070116,0.025476
-0.027277,0.067840,0.023835
-0.031112,0.064672,0.021548
-0.034965,0.061317,0.019127
-0.038839,0.057769,0.016567
-0.042752,0.053605,0.013562
-0.046681,0.049422,0.010544
-0.050642,0.044898,0.007278
-0.054632,0.040103,0.003818
-0.058605,0.036064,0.000904
-0.062582,0.032268,-0.001836
-0.066618,0.027592,-0.005210
-0.070709,0.022247,-0.009067
-0.074840,0.016537,-0.013187
-0.079076,0.009371,-0.018358
-0.083625,-0.002666,-0.027044
0.199186,-0.016265,-0.032074
0.193910,0.001547,-0.019262
0.189230,0.012374,-0.011474
0.184915,0.018840,-0.006823
0.180555,0.026262,-0.001485
0.176358,0.031785,0.002488
0.172236,0.036513,0.005889
0.168134,0.041219,0.009274
0.164078,0.045504,0.012357
0.160121,0.048466,0.014487
0.156179,0.051377,0.016581
0.152249,0.054280,0.018669
0.148342,0.056980,0.020611
0.144511,0.058481,0.021690
0.140685,0.060021,0.022799
0.136865,0.061559,0.023905
0.133052,0.063095,0.025009
0.129267,0.064159,0.025774
0.125495,0.065026,0.026399
0.121727,0.065898,0.027026
0.117963,0.066769,0.027652
0.114204,0.067606,0.028254
0.110460,0.068119,0.028623
0.106719,0.068633,0.028993
0.102980,0.069146,0.029362
0.099244,0.069653,0.029726
0.095501,0.070438,0.030291
0.091760,0.071291,0.030905
0.088023,0.072092,0.031481
0.084290,0.072893,0.032057
0.080557,0.073852,0.032747
0.076823,0.075003,0.033574
0.073094,0.076151,0.034400
0.069369,0.077298,0.035226
0.065651,0.078340,0.035975
0.061940,0.079119,0.036536
0.058232,0.079899,0.037096
0.054527,0.080677,0.037656
0.050826,0.081413,0.038186
0.047131,0.081416,0.038188
0.043437,0.081419,0.038190
0.039742,0.081649,0.038355
0.036049,0.081919,0.038549
0.032354,0.081293,0.038099
0.028657,0.080643,0.037631
0.024956,0.079765,0.037001
0.021251,0.078823,0.036322
0.017541,0.077634,0.035467
0.013827,0.076574,0.034705
0.010111,0.075631,0.034027
0.006395,0.074984,0.033561
0.002678,0.074363,0.033115
-0.001040,0.073850,0.032745
-0.004764,0.073155,0.032245
-0.008498,0.072170,0.031537
-0.012236,0.071138,0.030795
-0.015987,0.069804,0.029835
-0.019769,0.067530,0.028200
-0.023561,0.065251,0.026560
-0.027361,0.062981,0.024927
-0.031205,0.059690,0.022560
-0.035062,0.056379,0.020178
-0.038957,0.052428,0.017337
-0.042878,0.048176,0.014278
-0.046817,0.043906,0.011207
-0.050783,0.039391,0.007959
-0.054773,0.034711,0.004593
-0.058741,0.030914,0.001862
-0.062717,0.027245,-0.000777
-0.066734,0.023053,-0.003793
-0.070816,0.017932,-0.007476
-0.074961,0.012041,-0.011713
-0.079193,0.004999,-0.016779
-0.083769,-0.007441,-0.025727
0.198275,-0.007118,-0.020742
0.193483,0.004748,-0.012235
0.189104,0.011753,-0.007212
0.184792,0.018215,-0.002579
0.180458,0.025335,0.002526
0.176331,0.029893,0.005794
0.172215,0.034547,0.009131
0.168114,0.039257,0.012507
0.164102,0.042870,0.015098
0.160139,0.045917,0.017283
0.156196,0.048836,0.019376
0.152266,0.051743,0.021460
0.148387,0.053933,0.023030
0.144565,0.055267,0.023986
0.140738,0.056777,0.025069
0.136916,0.058318,0.026174
0.133101,0.059857,0.027277
0.129324,0.060713,0.027891
0.125552,0.061540,0.028484
0.121782,0.062394,0.029096
0.118016,0.063266,0.029722
0.114259,0.063976,0.030231
0.110513,0.064491,0.030600
0.106769,0.065006,0.030969
0.103028,0.065502,0.031325
0.099291,0.065951,0.031647
0.095546,0.066736,0.032209
0.091803,0.067538,0.032784
0.088064,0.068342,0.033361
0.084328,0.069145,0.033936
0.080588,0.070229,0.034714
0.076852,0.071382,0.035540
0.073120,0.072533,0.036366
0.069393,0.073683,0.037190
0.065674,0.074562,0.037821
0.061960,0.075388,0.038412
0.058249,0.076243,0.039025
0.054540,0.077077,0.039623
0.050838,0.077596,0.039995
0.047141,0.077599,0.039998
0.043443,0.077602,0.040000
0.039746,0.077648,0.040033
0.036048,0.077618,0.040011
0.032350,0.076873,0.039477
0.028648,0.075994,0.038847
0.024942,0.075114,0.038216
0.021233,0.074094,0.037485
0.017517,0.072901,0.036630
0.013797,0.071707,0.035773
0.010078,0.070886,0.035185
0.006359,0.070364,0.034810
0.002639,0.069849,0.034441
-0.001085,0.069260,0.034019
-0.004814,0.068536,0.033500
-0.008549,0.067702,0.032902
-0.012291,0.066666,0.032159
-0.016057,0.064903,0.030895
-0.019845,0.062621,0.029259
-0.023631,0.060702,0.027883
-0.027446,0.058109,0.026024
-0.031295,0.054800,0.023651
-0.035159,0.051433,0.021237
-0.039071,0.047132,0.018154
-0.043004,0.042729,0.014997
-0.046954,0.038341,0.011851
-0.050927,0.033806,0.008599
-0.054895,0.029750,0.005691
-0.058856,0.026193,0.003141
-0.062832,0.022624,0.000582
-0.066865,0.018193,-0.002595
-0.070934,0.013403,-0.006029
-0.075076,0.007636,-0.010164
-0.079306,0.000704,-0.015134
-0.083948,-0.012813,-0.024825
0.202877,-0.018409,-0.024069
0.197860,-0.004199,-0.013914
0.193288,0.004960,-0.007368
0.188971,0.011212,-0.002901
0.184669,0.017598,0.001663
0.180429,0.023464,0.005856
0.176303,0.028026,0.009116
0.172195,0.032582,0.012372
0.168102,0.037173,0.015652
0.164126,0.040235,0.017841
0.160163,0.043286,0.020022
0.156214,0.046294,0.022171
0.152283,0.049205,0.024252
0.148433,0.050884,0.025451
0.144608,0.052220,0.026406
0.140790,0.053555,0.027360
0.136967,0.055074,0.028446
0.133159,0.056432,0.029416
0.129381,0.057262,0.030009
0.125607,0.058091,0.030602
0.121836,0.058920,0.031194
0.118069,0.059759,0.031794
0.114315,0.060331,0.032202
0.110569,0.060777,0.032522
0.106825,0.061224,0.032841
0.103083,0.061670,0.033160
0.099339,0.062228,0.033558
0.095591,0.063015,0.034120
0.091846,0.063801,0.034682
0.088104,0.064586,0.035244
0.084364,0.065443,0.035856
0.080620,0.066600,0.036683
0.076881,0.067755,0.037508
0.073147,0.068909,0.038333
0.069417,0.070061,0.039156
0.065698,0.070793,0.039679
0.061982,0.071533,0.040209
0.058267,0.072391,0.040821
0.054556,0.073248,0.041434
0.050852,0.073554,0.041652
0.047151,0.073607,0.041691
0.043450,0.073660,0.041729
0.039749,0.073714,0.041767
0.036049,0.073125,0.041346
0.032345,0.072239,0.040713
0.028639,0.071353,0.040079
0.024929,0.070465,0.039445
0.021213,0.069278,0.038597
0.017492,0.068010,0.037691
0.013766,0.066710,0.036761
0.010046,0.066249,0.036432
0.006325,0.065841,0.036140
0.002600,0.065324,0.035771
-0.001130,0.064632,0.035276
-0.004864,0.063906,0.034757
-0.008600,0.063179,0.034238
-0.012346,0.062184,0.033527
-0.016128,0.059999,0.031965
-0.019909,0.058134,0.030632
-0.023697,0.056265,0.029297
-0.027530,0.053222,0.027122
-0.031387,0.049853,0.024714
-0.035262,0.046304,0.022178
-0.039187,0.041821,0.018974
-0.043130,0.037299,0.015743
-0.047081,0.033010,0.012678
-0.051051,0.028678,0.009582
-0.055011,0.024932,0.006905
-0.058967,0.021573,0.004504
-0.062947,0.017991,0.001944
-0.066997,0.013320,-0.001394
-0.071063,0.008682,-0.004708
-0.075206,0.002966,-0.008793
-0.079426,-0.003720,-0.013572
-0.084138,-0.018379,-0.024047
0.207692,-0.031869,-0.028900
0.202267,-0.013206,-0.015605
0.197570,-0.002843,-0.008223
0.193150,0.004452,-0.003026
0.188837,0.010700,0.001424
0.184545,0.017008,0.005918
0.180400,0.021595,0.009185
0.176274,0.026159,0.012437
0.172168,0.030703,0.015673
0.168127,0.034532,0.018400
0.164150,0.037598,0.020584
0.160186,0.040654,0.022762
0.156234,0.043701,0.024932
0.152310,0.046492,0.026920
0.148478,0.047833,0.027875
0.144652,0.049171,0.028829
0.140832,0.050508,0.029781
0.137018,0.051843,0.030732
0.133218,0.052975,0.031538
0.129440,0.053778,0.032111
0.125667,0.054519,0.032638
0.121898,0.055259,0.033165
0.118133,0.055972,0.033673
0.114379,0.056468,0.034026
0.110629,0.056937,0.034360
0.106882,0.057384,0.034679
0.103137,0.057832,0.034998
0.099387,0.058498,0.035473
0.095636,0.059287,0.036035
0.091888,0.060076,0.036596
0.088145,0.060782,0.037099
0.084400,0.061721,0.037768
0.080652,0.062953,0.038645
0.076910,0.064122,0.039479
0.073173,0.065279,0.040303
0.069442,0.066324,0.041048
0.065721,0.067016,0.041540
0.062003,0.067707,0.042032
0.058285,0.068533,0.042621
0.054571,0.069392,0.043233
0.050866,0.069423,0.043255
0.047161,0.069451,0.043274
0.043457,0.069504,0.043312
0.039753,0.069540,0.043338
0.036049,0.068669,0.042718
0.032341,0.067781,0.042084
0.028630,0.066891,0.041451
0.024915,0.065765,0.040649
0.021191,0.064108,0.039469
0.017464,0.062801,0.038538
0.013735,0.061723,0.037770
0.010011,0.061364,0.037514
0.006285,0.060984,0.037243
0.002562,0.060835,0.037137
-0.001174,0.060070,0.036592
-0.004913,0.059304,0.036046
-0.008655,0.058537,0.035500
-0.012408,0.057432,0.034713
-0.016186,0.055565,0.033383
-0.019971,0.053693,0.032050
-0.023769,0.051642,0.030589
-0.027617,0.048274,0.028189
-0.031480,0.044836,0.025740
-0.035375,0.040905,0.022940
-0.039309,0.036319,0.019673
-0.043255,0.031873,0.016506
-0.047198,0.027934,0.013700
-0.051173,0.023584,0.010602
-0.055127,0.020084,0.008108
-0.059087,0.016735,0.005723
-0.063067,0.013252,0.003242
-0.067115,0.008697,-0.000003
-0.071182,0.004120,-0.003263
-0.075345,-0.001881,-0.007538
-0.079571,-0.008594,-0.012320
-0.084404,-0.025268,-0.024197
0.206938,-0.025107,-0.019319
0.201991,-0.012117,-0.010097
0.197347,-0.002338,-0.003153
0.193014,0.003908,0.001282
0.188722,0.009942,0.005566
0.184512,0.015163,0.009274
0.180374,0.019670,0.012473
0.176250,0.024236,0.015715
0.172145,0.028780,0.018941
0.168152,0.031890,0.021150
0.164175,0.034952,0.023324
0.160210,0.038014,0.025498
0.156257,0.041066,0.027665
0.152361,0.043365,0.029297
0.148526,0.044734,0.030269
0.144699,0.046073,0.031220
0.140877,0.047410,0.032169
0.137061,0.048744,0.033117
0.133290,0.049272,0.033491
0.129517,0.049900,0.033937
0.125741,0.050642,0.034465
0.121969,0.051384,0.034991
0.118203,0.052035,0.035453
0.114446,0.052533,0.035807
0.110692,0.053030,0.036160
0.106940,0.053527,0.036513
0.103191,0.053987,0.036839
0.099435,0.054746,0.037378
0.095684,0.055436,0.037868
0.091936,0.056127,0.038358
0.088191,0.056816,0.038848
0.084438,0.057919,0.039631
0.080687,0.059154,0.040508
0.076941,0.060387,0.041384
0.073200,0.061620,0.042258
0.069469,0.062541,0.042912
0.065745,0.063234,0.043405
0.062023,0.063926,0.043897
0.058304,0.064668,0.044423
0.054589,0.065279,0.044857
0.050880,0.065284,0.044860
0.047172,0.065290,0.044864
0.043464,0.065340,0.044900
0.039757,0.065066,0.044706
0.036048,0.064195,0.044087
0.032337,0.063310,0.043459
0.028622,0.062418,0.042825
0.024899,0.060780,0.041663
0.021169,0.058987,0.040389
0.017436,0.057582,0.039392
0.013705,0.056870,0.038886
0.009976,0.056525,0.038641
0.006252,0.056567,0.038671
0.002524,0.056400,0.038553
-0.001216,0.055632,0.038007
-0.004959,0.054864,0.037462
-0.008705,0.054099,0.036919
-0.012470,0.052664,0.035899
-0.016252,0.050802,0.034578
-0.020042,0.048943,0.033258
-0.023860,0.046378,0.031437
-0.027716,0.042929,0.028988
-0.031580,0.039644,0.026656
-0.035493,0.035345,0.023603
-0.039434,0.030732,0.020328
-0.043378,0.026498,0.017321
-0.047324,0.022600,0.014554
-0.051291,0.018572,0.011693
-0.055243,0.015220,0.009314
-0.059209,0.011851,0.006921
-0.063202,0.008209,0.004335
-0.067235,0.004039,0.001375
-0.071302,-0.000453,-0.001815
-0.075484,-0.006742,-0.006280
-0.079716,-0.013485,-0.011068
0.211603,-0.036515,-0.022641
0.206444,-0.021468,-0.011991
0.201718,-0.011056,-0.004623
0.197236,-0.003232,0.000915
0.192920,0.002839,0.005211
0.188630,0.008874,0.009482
0.184476,0.013380,0.012671
0.180350,0.017733,0.015752
0.176226,0.022303,0.018986
0.172158,0.026315,0.021825
0.168173,0.029303,0.023940
0.164200,0.032302,0.026062
0.160234,0.035369,0.028233
0.156281,0.038425,0.030396
0.152419,0.040117,0.031594
0.148577,0.041581,0.032630
0.144747,0.042943,0.033594
0.140923,0.044283,0.034542
0.137112,0.045508,0.035408
0.133346,0.045882,0.035673
0.129583,0.046256,0.035938
0.125815,0.046759,0.036294
0.122039,0.047503,0.036821
0.118273,0.048092,0.037237
0.114514,0.048590,0.037590
0.110756,0.049089,0.037943
0.107004,0.049500,0.038234
0.103251,0.049989,0.038580
0.099491,0.050763,0.039127
0.095736,0.051460,0.039621
0.091985,0.052153,0.040111
0.088236,0.052871,0.040619
0.084477,0.054111,0.041497
0.080723,0.055349,0.042374
0.076974,0.056563,0.043233
0.073231,0.057761,0.044081
0.069498,0.058586,0.044664
0.065769,0.059343,0.045200
0.062044,0.060099,0.045735
0.058322,0.060834,0.046255
0.054607,0.061131,0.046466
0.050895,0.061137,0.046470
0.047183,0.061142,0.046473
0.043472,0.061167,0.046490
0.039761,0.060583,0.046077
0.036049,0.059709,0.045459
0.032333,0.058830,0.044837
0.028612,0.057595,0.043963
0.024884,0.055874,0.042744
0.021149,0.054044,0.041449
0.017409,0.052509,0.040363
0.013679,0.052273,0.040197
0.009950,0.052257,0.040185
0.006221,0.052229,0.040165
0.002487,0.051955,0.039972
-0.001257,0.051185,0.039426
-0.005004,0.050420,0.038886
-0.008754,0.049660,0.038347
-0.012533,0.047836,0.037056
-0.016320,0.045983,0.035745
-0.020113,0.044164,0.034457
-0.023953,0.041022,0.032234
-0.027810,0.037721,0.029897
-0.031681,0.034409,0.027554
-0.035611,0.029774,0.024274
-0.039559,0.025127,0.020985
-0.043501,0.021106,0.018139
-0.047453,0.017207,0.015379
-0.051408,0.013607,0.012832
-0.055361,0.010326,0.010510
-0.059333,0.006945,0.008117
-0.063340,0.003098,0.005395
-0.067379,-0.001087,0.002433
-0.071432,-0.005228,-0.000499
-0.075625,-0.011625,-0.005026
-0.079862,-0.018391,-0.009814
0.216680,-0.052299,-0.029007
0.211060,-0.032436,-0.014995
0.206188,-0.020696,-0.006713
0.201475,-0.010360,0.000578
0.197141,-0.004321,0.004838
0.192825,0.001772,0.009136
0.188579,0.007263,0.013010
0.184439,0.011597,0.016067
0.180317,0.015913,0.019111
0.176203,0.020370,0.022255
0.172180,0.023723,0.024620
0.168195,0.026714,0.026731
0.164222,0.029697,0.028835
0.160258,0.032722,0.030969
0.156327,0.035397,0.032856
0.152477,0.036866,0.033892
0.148633,0.038333,0.034927
0.144796,0.039797,0.035960
0.140970,0.041153,0.036916
0.137170,0.042113,0.037593
0.133402,0.042488,0.037858
0.129636,0.042863,0.038122
0.125872,0.043237,0.038387
0.122110,0.043615,0.038653
0.118347,0.044065,0.038971
0.114588,0.044463,0.039251
0.110830,0.044861,0.039532
0.107075,0.045258,0.039812
0.103315,0.045853,0.040232
0.099551,0.046629,0.040779
0.095791,0.047405,0.041326
0.092034,0.048171,0.041867
0.088277,0.049053,0.042489
0.084516,0.050270,0.043348
0.080760,0.051474,0.044197
0.077008,0.052677,0.045045
0.073263,0.053822,0.045853
0.069528,0.054581,0.046389
0.065796,0.055340,0.046924
0.062067,0.056099,0.047459
0.058342,0.056869,0.048003
0.054625,0.056979,0.048080
0.050909,0.056984,0.048084
0.047194,0.056988,0.048087
0.043479,0.056987,0.048086
0.039765,0.056109,0.047467
0.036049,0.055231,0.046847
0.032328,0.054353,0.046228
0.028602,0.052823,0.045149
0.024870,0.051156,0.043973
0.021132,0.049539,0.042832
0.017392,0.048439,0.042055
0.013657,0.048164,0.041862
0.009923,0.047991,0.041740
0.006189,0.047897,0.041674
0.002450,0.047500,0.041393
-0.001298,0.046737,0.040855
-0.005050,0.045973,0.040317
-0.008812,0.044868,0.039537
-0.012596,0.043021,0.038234
-0.016387,0.041198,0.036948
-0.020192,0.039115,0.035479
-0.024043,0.035797,0.033138
-0.027901,0.032629,0.030903
-0.031793,0.028840,0.028231
-0.035730,0.024185,0.024947
-0.039683,0.019561,0.021685
-0.043623,0.015745,0.018993
-0.047581,0.011840,0.016239
-0.051530,0.008481,0.013869
-0.055483,0.005342,0.011654
-0.059456,0.002026,0.009315
-0.063478,-0.002026,0.006457
-0.067517,-0.006098,0.003585
-0.071601,-0.010748,0.000304
-0.075803,-0.017214,-0.004257
-0.080153,-0.025874,-0.010366
0.215635,-0.042559,-0.017364
0.210601,-0.029328,-0.008060
0.205933,-0.019928,-0.001452
0.201378,-0.011466,0.004498
0.197046,-0.005418,0.008751
0.192731,0.000706,0.013057
0.188541,0.005478,0.016412
0.184402,0.009815,0.019462
0.180283,0.014117,0.022487
0.176205,0.018062,0.025260
0.172204,0.021097,0.027394
0.168216,0.024125,0.029523
0.164242,0.027112,0.031623
0.160281,0.030089,0.033717
0.156387,0.032139,0.035158
0.152535,0.033611,0.036194
0.148690,0.035081,0.037227
0.144850,0.036549,0.038259
0.141017,0.038014,0.039289
0.137228,0.038713,0.039781
0.133461,0.039029,0.040002
0.129697,0.039326,0.040212
0.125934,0.039624,0.040422
0.122174,0.039888,0.040607
0.118422,0.040004,0.040689
0.114667,0.040209,0.040833
0.110906,0.040608,0.041113
0.107147,0.041006,0.041393
0.103379,0.041708,0.041886
0.099612,0.042487,0.042434
0.095848,0.043263,0.042979
0.092090,0.043960,0.043470
0.088323,0.045058,0.044242
0.084557,0.046369,0.045164
0.080797,0.047577,0.046013
0.077042,0.048783,0.046861
0.073296,0.049807,0.047581
0.069558,0.050569,0.048117
0.065823,0.051339,0.048658
0.062090,0.052113,0.049202
0.058363,0.052739,0.049643
0.054643,0.052801,0.049686
0.050924,0.052825,0.049703
0.047205,0.052829,0.049706
0.043487,0.052588,0.049536
0.039769,0.051708,0.048917
0.036048,0.050829,0.048300
0.032324,0.049996,0.047714
0.028594,0.048412,0.046600
0.024858,0.046757,0.045437
0.021117,0.045327,0.044431
0.017377,0.044544,0.043881
0.013638,0.044233,0.043662
0.009901,0.044047,0.043531
0.006162,0.043820,0.043372
0.002413,0.043082,0.042853
-0.001340,0.042301,0.042303
-0.005095,0.041519,0.041753
-0.008869,0.040056,0.040725
-0.012658,0.038230,0.039441
-0.016454,0.036401,0.038155
-0.020276,0.033873,0.036377
-0.024129,0.030658,0.034116
-0.027995,0.027419,0.031839
-0.031914,0.022994,0.028728
-0.035864,0.018138,0.025314
-0.039807,0.013995,0.022400
-0.043745,0.010378,0.019858
-0.047708,0.006482,0.017118
-0.051653,0.003340,0.014909
-0.055612,0.000189,0.012693
-0.059587,-0.003070,0.010402
-0.063607,-0.006967,0.007662
-0.067651,-0.011045,0.004794
-0.071773,-0.016328,0.001080
-0.075954,-0.022298,-0.003118
-0.080460,-0.033655,-0.011103
0.220483,-0.055460,-0.021643
0.215093,-0.038617,-0.009840
0.210341,-0.028576,-0.002803
0.205667,-0.019014,0.003899
0.201281,-0.012570,0.008415
0.196951,-0.006513,0.012660
0.192665,-0.000726,0.016716
0.188518,0.003505,0.019681
0.184382,0.007815,0.022702
0.180264,0.012107,0.025710
0.176233,0.015390,0.028011
0.172252,0.018126,0.029928
0.168262,0.021160,0.032055
0.164285,0.024186,0.034175
0.160322,0.027168,0.036265
0.156464,0.028612,0.037277
0.152609,0.030086,0.038310
0.148761,0.031561,0.039344
0.144919,0.033034,0.040376
0.141083,0.034504,0.041406
0.137303,0.034975,0.041736
0.133533,0.035303,0.041967
0.129766,0.035602,0.042176
0.126000,0.035901,0.042385
0.122240,0.036113,0.042534
0.118485,0.036229,0.042615
0.114730,0.036346,0.042697
0.110977,0.036462,0.042779
0.107217,0.036774,0.042997
0.103445,0.037515,0.043517
0.099676,0.038216,0.044008
0.095911,0.038916,0.044499
0.092148,0.039616,0.044989
0.088374,0.040896,0.045886
0.084603,0.042237,0.046826
0.080837,0.043578,0.047765
0.077077,0.044882,0.048679
0.073329,0.045789,0.049315
0.069588,0.046567,0.049860
0.065849,0.047343,0.050405
0.062114,0.048119,0.050948
0.058385,0.048539,0.051242
0.054662,0.048600,0.051286
0.050938,0.048656,0.051325
0.047216,0.048661,0.051328
0.043495,0.048179,0.050990
0.039773,0.047300,0.050374
0.036048,0.046465,0.049789
0.032320,0.045594,0.049178
0.028586,0.043960,0.048033
0.024847,0.042522,0.047026
0.021103,0.041216,0.046110
0.017361,0.040674,0.045730
0.013619,0.040283,0.045456
0.009878,0.040047,0.045291
0.006131,0.039538,0.044935
0.002377,0.038707,0.044352
-0.001380,0.037924,0.043803
-0.005140,0.037084,0.043214
-0.008927,0.035255,0.041933
-0.012720,0.033423,0.040649
-0.016522,0.031541,0.039330
-0.020366,0.028417,0.037140
-0.024226,0.025174,0.034868
-0.028106,0.021682,0.032420
-0.032041,0.016942,0.029098
-0.036000,0.012063,0.025678
-0.039931,0.008410,0.023118
-0.043873,0.004832,0.020611
-0.047825,0.001338,0.018162
-0.051780,-0.001890,0.015900
-0.055748,-0.005131,0.013629
-0.059738,-0.008575,0.011215
-0.063751,-0.012238,0.008647
-0.067785,-0.016006,0.006007
-0.071920,-0.021437,0.002201
-0.076088,-0.027091,-0.001762
-0.080823,-0.042433,-0.012514
0.219685,-0.048746,-0.012173
0.214724,-0.036673,-0.003739
0.210082,-0.027826,0.002441
0.205527,-0.019626,0.008169
0.201184,-0.013674,0.012327
0.196856,-0.007607,0.016565
0.192636,-0.002635,0.020038
0.188496,0.001512,0.022935
0.184362,0.005802,0.025932
0.180246,0.010080,0.028920
0.176261,0.012717,0.030763
0.172286,0.015348,0.032600
0.168308,0.018192,0.034587
0.164329,0.021223,0.036704
0.160403,0.023592,0.038359
0.156542,0.025040,0.039371
0.152687,0.026485,0.040380
0.148836,0.027961,0.041411
0.144992,0.029437,0.042442
0.141168,0.030616,0.043266
0.137387,0.031064,0.043578
0.133608,0.031510,0.043890
0.129835,0.031872,0.044143
0.126067,0.032172,0.044352
0.122306,0.032331,0.044464
0.118548,0.032448,0.044546
0.114791,0.032553,0.044619
0.111047,0.032346,0.044474
0.107290,0.032464,0.044556
0.103516,0.033156,0.045040
0.099743,0.033858,0.045531
0.095974,0.034561,0.046021
0.092204,0.035377,0.046592
0.088424,0.036725,0.047533
0.084649,0.038071,0.048473
0.080880,0.039390,0.049395
0.077117,0.040660,0.050282
0.073366,0.041579,0.050924
0.069619,0.042482,0.051554
0.065875,0.043340,0.052154
0.062136,0.044118,0.052698
0.058407,0.044330,0.052845
0.054680,0.044392,0.052889
0.050953,0.044454,0.052932
0.047227,0.044484,0.052953
0.043503,0.043767,0.052452
0.039777,0.042930,0.051867
0.036048,0.042092,0.051282
0.032316,0.041137,0.050615
0.028579,0.039736,0.049636
0.024837,0.038510,0.048780
0.021092,0.037448,0.048038
0.017346,0.036816,0.047596
0.013599,0.036268,0.047213
0.009854,0.036014,0.047036
0.006099,0.035173,0.046449
0.002341,0.034331,0.045860
-0.001420,0.033536,0.045306
-0.005193,0.032277,0.044426
-0.008984,0.030442,0.043144
-0.012784,0.028543,0.041817
-0.016602,0.026241,0.040209
-0.020457,0.022936,0.037901
-0.024323,0.019673,0.035622
-0.028228,0.015580,0.032762
-0.032170,0.010833,0.029446
-0.036120,0.006386,0.026340
-0.040057,0.002760,0.023807
-0.044012,-0.001005,0.021177
-0.047955,-0.004111,0.019008
-0.051912,-0.007237,0.016823
-0.055885,-0.010490,0.014551
-0.059888,-0.014099,0.012030
-0.063907,-0.017737,0.009489
-0.067905,-0.020703,0.007417
-0.072053,-0.026284,0.003518
-0.076224,-0.031907,-0.000410
-0.081204,-0.051565,-0.014142
0.224467,-0.060672,-0.015721
0.219141,-0.044898,-0.004738
0.214481,-0.036175,0.001336
0.209824,-0.027079,0.007669
0.205428,-0.020733,0.012088
0.201088,-0.014776,0.016235
0.196762,-0.008711,0.020458
0.192606,-0.004543,0.023360
0.188467,-0.000394,0.026249
0.184343,0.003788,0.029161
0.180275,0.007401,0.031677
0.176288,0.010043,0.033516
0.172313,0.012677,0.035350
0.168348,0.015304,0.037179
0.164374,0.018258,0.039235
0.160485,0.020012,0.040457
0.156621,0.021463,0.041467
0.152763,0.022912,0.042476
0.148912,0.024359,0.043483
0.145065,0.025836,0.044512
0.141255,0.026696,0.045111
0.137471,0.027145,0.045423
0.133689,0.027593,0.045736
0.129909,0.028041,0.046047
0.126134,0.028426,0.046316
0.122380,0.028352,0.046264
0.118632,0.028143,0.046119
0.114884,0.027935,0.045973
0.111135,0.027726,0.045828
0.107365,0.028111,0.046096
0.103586,0.028804,0.046579
0.099810,0.029499,0.047062
0.096037,0.030196,0.047547
0.092259,0.031194,0.048243
0.088476,0.032511,0.049159
0.084699,0.033789,0.050049
0.080927,0.035065,0.050938
0.077162,0.036258,0.051768
0.073407,0.037164,0.052399
0.069655,0.038068,0.053029
0.065907,0.038973,0.053659
0.062163,0.039831,0.054257
0.058431,0.039993,0.054369
0.054699,0.040085,0.054434
0.050968,0.040178,0.054498
0.047238,0.040224,0.054530
0.043511,0.039382,0.053944
0.039782,0.038539,0.053357
0.036049,0.037695,0.052770
0.032312,0.036792,0.052140
0.028572,0.035790,0.051442
0.024827,0.034583,0.050603
0.021080,0.033683,0.049975
0.017332,0.033048,0.049534
0.013581,0.032413,0.049092
0.009827,0.031641,0.048554
0.006068,0.030797,0.047966
0.002305,0.029952,0.047378
-0.001460,0.029140,0.046812
-0.005246,0.027458,0.045641
-0.009044,0.025540,0.044306
-0.012849,0.023618,0.042968
-0.016686,0.020770,0.040985
-0.020547,0.017450,0.038673
-0.024420,0.014154,0.036378
-0.028350,0.009454,0.033105
-0.032307,0.004507,0.029661
-0.036248,0.000514,0.026881
-0.040196,-0.003255,0.024257
-0.044153,-0.006865,0.021743
-0.048094,-0.009776,0.019716
-0.052048,-0.012696,0.017684
-0.056028,-0.015959,0.015411
-0.060015,-0.019101,0.013223
-0.064005,-0.022067,0.011159
-0.068037,-0.025614,0.008689
-0.072190,-0.031226,0.004781
-0.076380,-0.037111,0.000684
0.223773,-0.055293,-0.007215
0.218854,-0.043969,0.000643
0.214238,-0.035678,0.006397
0.209675,-0.027625,0.011986
0.205329,-0.021838,0.016002
0.200991,-0.015876,0.020139
0.196732,-0.010622,0.023786
0.192577,-0.006452,0.026680
0.188439,-0.002299,0.029562
0.184321,0.001801,0.032408
0.180307,0.004672,0.034400
0.176319,0.007321,0.036238
0.172343,0.009962,0.038071
0.168377,0.012595,0.039899
0.164439,0.014969,0.041546
0.160566,0.016426,0.042557
0.156700,0.017881,0.043567
0.152840,0.019334,0.044575
0.148986,0.020783,0.045581
0.145137,0.022232,0.046586
0.141346,0.022711,0.046919
0.137562,0.023095,0.047186
0.133779,0.023480,0.047453
0.129998,0.023865,0.047720
0.126231,0.024005,0.047817
0.122481,0.023738,0.047631
0.118730,0.023514,0.047476
0.114977,0.023304,0.047330
0.111224,0.023095,0.047185
0.107440,0.023749,0.047639
0.103657,0.024445,0.048122
0.099877,0.025141,0.048605
0.096102,0.025758,0.049033
0.092316,0.026877,0.049810
0.088530,0.028167,0.050706
0.084750,0.029449,0.051595
0.080974,0.030728,0.052483
0.077207,0.031829,0.053247
0.073447,0.032738,0.053877
0.069692,0.033646,0.054508
0.065940,0.034555,0.055138
0.062194,0.035248,0.055620
0.058456,0.035505,0.055798
0.054720,0.035598,0.055863
0.050985,0.035691,0.055927
0.047251,0.035619,0.055877
0.043519,0.034964,0.055423
0.039786,0.034119,0.054836
0.036049,0.033272,0.054248
0.032308,0.032309,0.053580
0.028564,0.031304,0.052883
0.024816,0.030326,0.052203
0.021066,0.029529,0.051650
0.017313,0.028789,0.051137
0.013558,0.028049,0.050623
0.009798,0.027224,0.050051
0.006035,0.026391,0.049473
0.002269,0.025557,0.048894
-0.001505,0.024457,0.048131
-0.005301,0.022535,0.046797
-0.009103,0.020609,0.045460
-0.012916,0.018604,0.044069
-0.016770,0.015281,0.041763
-0.020639,0.011897,0.039414
-0.024541,0.007834,0.036594
-0.028492,0.002716,0.033042
-0.032451,-0.002088,0.029708
-0.036384,-0.005607,0.027266
-0.040336,-0.009294,0.024708
-0.044285,-0.012537,0.022457
-0.048233,-0.015461,0.020427
-0.052177,-0.018003,0.018663
-0.056133,-0.020612,0.016853
-0.060109,-0.023431,0.014896
-0.064104,-0.026406,0.012832
-0.068169,-0.030549,0.009957
-0.072340,-0.036408,0.005890
-0.076644,-0.044313,0.000405
0.228666,-0.068206,-0.011397
0.223313,-0.052501,-0.000534
0.218615,-0.043577,0.005639
0.213986,-0.035060,0.011530
0.209575,-0.028756,0.015891
0.205230,-0.022943,0.019911
0.200895,-0.016981,0.024036
0.196715,-0.012693,0.027002
0.192565,-0.008596,0.029836
0.188434,-0.004515,0.032658
0.184343,-0.000785,0.035239
0.180360,0.001645,0.036920
0.176370,0.004307,0.038761
0.172392,0.006953,0.040591
0.168425,0.009591,0.042417
0.164515,0.011493,0.043732
0.160648,0.012824,0.044653
0.156779,0.014282,0.045662
0.152917,0.015739,0.046669
0.149060,0.017193,0.047675
0.145231,0.018243,0.048401
0.141451,0.018437,0.048535
0.137666,0.018770,0.048765
0.133879,0.019155,0.049032
0.130095,0.019542,0.049300
0.126333,0.019465,0.049247
0.122579,0.019197,0.049061
0.118825,0.018929,0.048875
0.115070,0.018662,0.048691
0.111304,0.018678,0.048702
0.107516,0.019341,0.049161
0.103732,0.019945,0.049579
0.099951,0.020549,0.049996
0.096173,0.021154,0.050415
0.092377,0.022472,0.051326
0.088586,0.023787,0.052236
0.084800,0.025100,0.053144
0.081021,0.026384,0.054032
0.077252,0.027390,0.054728
0.073488,0.028303,0.055360
0.069728,0.029215,0.055991
0.065972,0.030127,0.056621
0.062225,0.030654,0.056986
0.058482,0.030954,0.057193
0.054741,0.031100,0.057295
0.051002,0.031193,0.057359
0.047264,0.030995,0.057222
0.043528,0.030537,0.056905
0.039790,0.029688,0.056318
0.036048,0.028824,0.055721
0.032304,0.027817,0.055024
0.028556,0.026835,0.054345
0.024804,0.025969,0.053745
0.021050,0.025131,0.053166
0.017293,0.024390,0.052653
0.013534,0.023626,0.052124
0.009770,0.022790,0.051547
0.006003,0.021955,0.050969
0.002230,0.020946,0.050271
-0.001561,0.019220,0.049077
-0.005361,0.017317,0.047760
-0.009169,0.015409,0.046441
-0.013008,0.012552,0.044465
-0.016873,0.009078,0.042061
-0.020752,0.005592,0.039650
-0.024680,0.000900,0.036405
-0.028639,-0.004223,0.032861
-0.032582,-0.008277,0.030056
-0.036523,-0.011813,0.027611
-0.040472,-0.015240,0.025240
-0.044396,-0.017675,0.023556
-0.048332,-0.020154,0.021841
-0.052277,-0.022640,0.020121
-0.056240,-0.025321,0.018267
-0.060216,-0.028047,0.016381
-0.064204,-0.030782,0.014490
-0.068312,-0.035709,0.011081
-0.072497,-0.041739,0.006910
-0.077013,-0.053473,-0.001207
0.227876,-0.061921,-0.002296
0.223056,-0.051969,0.004566
0.218376,-0.043185,0.010622
0.213831,-0.035580,0.015866
0.209476,-0.029885,0.019792
0.205131,-0.024047,0.023818
0.200849,-0.018701,0.027503
0.196711,-0.014941,0.030096
0.192563,-0.010858,0.032910
0.188432,-0.006774,0.035727
0.184392,-0.003733,0.037823
0.180416,-0.001427,0.039413
0.176421,0.001291,0.041287
0.172442,0.003942,0.043114
0.168473,0.006585,0.044937
0.164592,0.008020,0.045926
0.160723,0.009341,0.046837
0.156859,0.010679,0.047760
0.152994,0.012139,0.048766
0.149134,0.013596,0.049771
0.145331,0.014136,0.050143
0.141547,0.014331,0.050277
0.137766,0.014525,0.050411
0.133980,0.014822,0.050616
0.130193,0.015184,0.050866
0.126435,0.014915,0.050680
0.122678,0.014645,0.050494
0.118920,0.014357,0.050295
0.115164,0.014019,0.050062
0.111389,0.014158,0.050158
0.107600,0.014717,0.050544
0.103811,0.015323,0.050961
0.100026,0.015929,0.051379
0.096237,0.016734,0.051934
0.092437,0.018056,0.052846
0.088642,0.019375,0.053755
0.084852,0.020694,0.054664
0.081070,0.021921,0.055510
0.077297,0.022931,0.056207
0.073529,0.023859,0.056847
0.069765,0.024774,0.057478
0.066005,0.025689,0.058108
0.062255,0.026048,0.058356
0.058508,0.026349,0.058563
0.054762,0.026591,0.058731
0.051019,0.026676,0.058788
0.047278,0.026359,0.058570
0.043536,0.026042,0.058352
0.039794,0.025248,0.057804
0.036049,0.024325,0.057168
0.032300,0.023340,0.056489
0.028548,0.022472,0.055891
0.024792,0.021600,0.055289
0.021034,0.020725,0.054686
0.017273,0.019980,0.054172
0.013509,0.019184,0.053624
0.009741,0.018347,0.053046
0.005967,0.017262,0.052298
0.002182,0.015843,0.051320
-0.001617,0.013935,0.050004
-0.005424,0.011987,0.048661
-0.009244,0.009783,0.047142
-0.013105,0.006263,0.044714
-0.016978,0.002765,0.042303
-0.020880,-0.001270,0.039521
-0.024821,-0.006133,0.036168
-0.028780,-0.010949,0.032847
-0.032713,-0.014470,0.030420
-0.036658,-0.017939,0.028028
-0.040585,-0.020572,0.026213
-0.044489,-0.022347,0.024989
-0.048427,-0.024793,0.023303
-0.052378,-0.027312,0.021566
-0.056348,-0.030041,0.019684
-0.060331,-0.032822,0.017767
-0.064338,-0.035877,0.015660
-0.068492,-0.041613,0.011707
-0.072673,-0.047446,0.007684
-0.077415,-0.063264,-0.003221
0.233232,-0.079580,-0.009686
0.227550,-0.060703,0.003286
0.222799,-0.051440,0.009652
0.218138,-0.042794,0.015594
0.213733,-0.036748,0.019749
0.209377,-0.031013,0.023689
0.205033,-0.025149,0.027719
0.200829,-0.020759,0.030736
0.196692,-0.016995,0.033322
0.192561,-0.013121,0.035985
0.188429,-0.009032,0.038795
0.184440,-0.006683,0.040409
0.180472,-0.004501,0.041909
0.176475,-0.001773,0.043783
0.172491,0.000928,0.045639
0.168545,0.003216,0.047211
0.164668,0.004542,0.048123
0.160797,0.005866,0.049033
0.156932,0.007188,0.049942
0.153071,0.008534,0.050866
0.149219,0.009827,0.051755
0.145431,0.010022,0.051888
0.141644,0.010217,0.052023
0.137859,0.010412,0.052156
0.134074,0.010606,0.052290
0.130301,0.010595,0.052282
0.126542,0.010256,0.052049
0.122783,0.009916,0.051816
0.119023,0.009577,0.051583
0.115262,0.009237,0.051350
0.111472,0.009656,0.051637
0.107681,0.010168,0.051989
0.103891,0.010690,0.052347
0.100101,0.011297,0.052765
0.096302,0.012305,0.053457
0.092497,0.013630,0.054368
0.088701,0.014846,0.055204
0.084911,0.016036,0.056022
0.081127,0.017126,0.056771
0.077352,0.017993,0.057366
0.073576,0.019084,0.058116
0.069805,0.020173,0.058865
0.066039,0.021130,0.059522
0.062286,0.021432,0.059729
0.058534,0.021733,0.059936
0.054784,0.022034,0.060143
0.051037,0.022028,0.060140
0.047291,0.021712,0.059922
0.043545,0.021394,0.059703
0.039798,0.020797,0.059293
0.036049,0.019840,0.058636
0.032296,0.018971,0.058039
0.028540,0.018101,0.057441
0.024781,0.017222,0.056837
0.021018,0.016342,0.056231
0.017253,0.015561,0.055695
0.013485,0.014733,0.055126
0.009709,0.013572,0.054328
0.005925,0.012218,0.053398
0.002131,0.010549,0.052251
-0.001675,0.008553,0.050879
-0.005493,0.006360,0.049372
-0.009334,0.003488,0.047398
-0.013203,-0.000051,0.044967
-0.017084,-0.003575,0.042545
-0.021013,-0.008309,0.039292
-0.024964,-0.013214,0.035921
-0.028901,-0.017062,0.033277
-0.032839,-0.020535,0.030890
-0.036792,-0.024020,0.028495
-0.040698,-0.025920,0.027190
-0.044608,-0.027702,0.025965
-0.048525,-0.029487,0.024738
-0.052481,-0.032036,0.022987
-0.056467,-0.035026,0.020932
-0.060468,-0.038084,0.018830
-0.064521,-0.041974,0.016157
-0.068686,-0.047802,0.012152
-0.072872,-0.053594,0.008172
-0.077796,-0.072673,-0.004939
0.232087,-0.069635,0.001901
0.227287,-0.060160,0.008390
0.222553,-0.051023,0.014649
0.218010,-0.043658,0.019694
0.213638,-0.037960,0.023596
0.209278,-0.032140,0.027583
0.204963,-0.026599,0.031378
0.200810,-0.022817,0.033969
0.196673,-0.019049,0.036549
0.192552,-0.015296,0.039120
0.188462,-0.011760,0.041542
0.184489,-0.009636,0.042997
0.180524,-0.007517,0.044448
0.176530,-0.004845,0.046278
0.172543,-0.002120,0.048145
0.168627,-0.000325,0.049374
0.164749,0.000992,0.050276
0.160877,0.002306,0.051177
0.157009,0.003619,0.052076
0.153148,0.004930,0.052974
0.149331,0.005549,0.053397
0.145543,0.005666,0.053478
0.141757,0.005783,0.053558
0.137971,0.005900,0.053638
0.134187,0.006018,0.053719
0.130418,0.005808,0.053575
0.126655,0.005466,0.053341
0.122891,0.005124,0.053107
0.119126,0.004784,0.052874
0.115353,0.004629,0.052767
0.111555,0.005143,0.053119
0.107760,0.005656,0.053471
0.103966,0.006170,0.053823
0.100175,0.006676,0.054170
0.096370,0.007735,0.054895
0.092565,0.008933,0.055715
0.088765,0.010130,0.056535
0.084970,0.011325,0.057353
0.081184,0.012319,0.058035
0.077406,0.013098,0.058569
0.073626,0.014136,0.059279
0.069849,0.015229,0.060028
0.066082,0.015987,0.060547
0.062323,0.016367,0.060808
0.058565,0.016765,0.061080
0.054808,0.017162,0.061352
0.051056,0.017167,0.061356
0.047305,0.016916,0.061183
0.043554,0.016664,0.061011
0.039802,0.016334,0.060785
0.036048,0.015464,0.060189
0.032292,0.014592,0.059592
0.028532,0.013718,0.058993
0.024769,0.012835,0.058388
0.021002,0.011952,0.057783
0.017233,0.011114,0.057210
0.013456,0.009876,0.056361
0.009672,0.008518,0.055432
0.005884,0.007159,0.054500
0.002078,0.005115,0.053100
-0.001737,0.002916,0.051594
-0.005562,0.000710,0.050084
-0.009424,-0.002834,0.047656
-0.013301,-0.006390,0.045220
-0.017205,-0.010501,0.042404
-0.021148,-0.015448,0.039016
-0.025103,-0.020173,0.035779
-0.029026,-0.023323,0.033622
-0.032966,-0.026623,0.031362
-0.036904,-0.029498,0.029392
-0.040812,-0.031284,0.028169
-0.044728,-0.033070,0.026945
-0.048649,-0.034842,0.025732
-0.052611,-0.037384,0.023991
-0.056599,-0.040291,0.022000
-0.060606,-0.043361,0.019897
-0.064708,-0.048158,0.016611
-0.068877,-0.053935,0.012654
-0.073142,-0.061125,0.007730
0.237889,-0.091664,-0.008396
0.231833,-0.069259,0.006900
0.227024,-0.059618,0.013482
0.222310,-0.050622,0.019623
0.217916,-0.044905,0.023526
0.213544,-0.039172,0.027440
0.209179,-0.033271,0.031469
0.204943,-0.028659,0.034617
0.200790,-0.024874,0.037201
0.196659,-0.021162,0.039736
0.192545,-0.017495,0.042239
0.188512,-0.014719,0.044134
0.184537,-0.012591,0.045587
0.180571,-0.010468,0.047036
0.176585,-0.007920,0.048776
0.172596,-0.005190,0.050640
0.168730,-0.004181,0.051329
0.164856,-0.002971,0.052154
0.160980,-0.001653,0.053055
0.157110,-0.000336,0.053953
0.153245,0.000979,0.054851
0.149451,0.001116,0.054945
0.145670,0.001045,0.054896
0.141880,0.001142,0.054962
0.138090,0.001260,0.055043
0.134302,0.001353,0.055106
0.130535,0.001009,0.054872
0.126768,0.000666,0.054637
0.122999,0.000322,0.054402
0.119230,-0.000022,0.054168
0.115441,0.000103,0.054253
0.111640,0.000585,0.054582
0.107844,0.000992,0.054860
0.104050,0.001399,0.055138
0.100256,0.001868,0.055458
0.096443,0.003032,0.056252
0.092634,0.004200,0.057050
0.088829,0.005401,0.057870
0.085029,0.006600,0.058688
0.081241,0.007499,0.059302
0.077458,0.008281,0.059836
0.073676,0.009174,0.060446
0.069895,0.010272,0.061195
0.066125,0.010833,0.061578
0.062361,0.011186,0.061819
0.058597,0.011585,0.062092
0.054835,0.011984,0.062364
0.051079,0.011852,0.062274
0.047322,0.011599,0.062101
0.043565,0.011347,0.061929
0.039808,0.010810,0.061562
0.036048,0.010070,0.061057
0.032286,0.009347,0.060564
0.028521,0.008567,0.060031
0.024753,0.007751,0.059474
0.020982,0.006934,0.058916
0.017205,0.005835,0.058166
0.013421,0.004535,0.057279
0.009633,0.003235,0.056390
0.005833,0.001488,0.055198
0.002019,-0.000715,0.053695
-0.001804,-0.002922,0.052188
-0.005651,-0.005952,0.050119
-0.009528,-0.009753,0.047525
-0.013411,-0.013234,0.045147
-0.017332,-0.017683,0.042111
-0.021285,-0.022660,0.038713
-0.025222,-0.026484,0.036102
-0.029153,-0.029650,0.033941
-0.033096,-0.032825,0.031773
-0.037011,-0.034851,0.030390
-0.040925,-0.036624,0.029180
-0.044845,-0.038399,0.027968
-0.048778,-0.040314,0.026660
-0.052758,-0.043136,0.024734
-0.056748,-0.045967,0.022801
-0.060746,-0.048716,0.020924
-0.064891,-0.054280,0.017126
-0.069068,-0.060081,0.013166
-0.073602,-0.072308,0.004819
0.236705,-0.081541,0.003274
0.231577,-0.068854,0.011907
0.226763,-0.059086,0.018554
0.222197,-0.051689,0.023587
0.217822,-0.046151,0.027356
0.213449,-0.040383,0.031280
0.209094,-0.034566,0.035238
0.204949,-0.031035,0.037641
0.200803,-0.027336,0.040158
0.196674,-0.023651,0.042666
0.192560,-0.019980,0.045163
0.188563,-0.017690,0.046722
0.184586,-0.015548,0.048179
0.180618,-0.013422,0.049626
0.176639,-0.010997,0.051276
0.172674,-0.008641,0.052879
0.168824,-0.007910,0.053376
0.164955,-0.006823,0.054116
0.161083,-0.005618,0.054936
0.157210,-0.004298,0.055834
0.153356,-0.003227,0.056563
0.149571,-0.003298,0.056514
0.145785,-0.003369,0.056466
0.142000,-0.003440,0.056417
0.138209,-0.003392,0.056450
0.134425,-0.003457,0.056406
0.130653,-0.003802,0.056172
0.126881,-0.004147,0.055937
0.123107,-0.004480,0.055710
0.119333,-0.004811,0.055485
0.115540,-0.004696,0.055564
0.111737,-0.004303,0.055830
0.107936,-0.003895,0.056108
0.104137,-0.003486,0.056386
0.100332,-0.002823,0.056837
0.096514,-0.001655,0.057632
0.092701,-0.000489,0.058426
0.088893,0.000677,0.059219
0.085089,0.001865,0.060027
0.081298,0.002666,0.060573
0.077510,0.003451,0.061107
0.073726,0.004236,0.061641
0.069940,0.005300,0.062365
0.066168,0.005662,0.062611
0.062399,0.006004,0.062844
0.058630,0.006390,0.063107
0.054864,0.006606,0.063254
0.051102,0.006475,0.063164
0.047340,0.006266,0.063022
0.043577,0.006010,0.062848
0.039814,0.005268,0.062343
0.036049,0.004580,0.061875
0.032281,0.003993,0.061476
0.028509,0.003031,0.060821
0.024735,0.002194,0.060252
0.020957,0.001341,0.059671
0.017172,0.000037,0.058784
0.013382,-0.001268,0.057895
0.009585,-0.002718,0.056909
0.005772,-0.004927,0.055406
0.001950,-0.007141,0.053899
-0.001884,-0.009521,0.052280
-0.005755,-0.013331,0.049688
-0.009632,-0.016727,0.047376
-0.013533,-0.020585,0.044752
-0.017462,-0.025000,0.041747
-0.021415,-0.029650,0.038584
-0.025342,-0.032821,0.036426
-0.029275,-0.035819,0.034385
-0.033210,-0.038527,0.032543
-0.037119,-0.040231,0.031384
-0.041037,-0.041961,0.030206
-0.044963,-0.043744,0.028993
-0.048919,-0.046074,0.027407
-0.052904,-0.048885,0.025495
-0.056889,-0.051441,0.023756
-0.060915,-0.054693,0.021543
-0.065077,-0.060479,0.017606
-0.069275,-0.066548,0.013476
-0.073869,-0.079816,0.004448
0.236156,-0.078101,0.010357
0.231322,-0.068450,0.016902
0.226515,-0.058696,0.023517
0.222101,-0.052934,0.027425
0.217728,-0.047396,0.031181
0.213355,-0.041593,0.035117
0.209100,-0.036946,0.038268
0.204962,-0.033505,0.040601
0.200819,-0.029831,0.043093
0.196689,-0.026141,0.045596
0.192601,-0.022811,0.047854
0.188614,-0.020663,0.049311
0.184635,-0.018516,0.050767
0.180666,-0.016377,0.052218
0.176694,-0.014077,0.053778
0.172765,-0.012285,0.054994
0.168913,-0.011551,0.055491
0.165049,-0.010586,0.056145
0.161179,-0.009467,0.056905
0.157310,-0.008267,0.057718
0.153480,-0.007652,0.058136
0.149690,-0.007723,0.058087
0.145901,-0.007794,0.058039
0.142112,-0.007865,0.057990
0.138323,-0.007929,0.057948
0.134546,-0.008257,0.057724
0.130769,-0.008590,0.057499
0.126992,-0.008921,0.057275
0.123214,-0.009252,0.057050
0.119430,-0.009485,0.056892
0.115630,-0.009302,0.057016
0.111831,-0.009118,0.057141
0.108029,-0.008795,0.057360
0.104225,-0.008386,0.057638
0.100408,-0.007526,0.058221
0.096586,-0.006354,0.059016
0.092769,-0.005184,0.059810
0.088960,-0.004159,0.060505
0.085157,-0.003240,0.061128
0.081360,-0.002393,0.061702
0.077564,-0.001478,0.062323
0.073773,-0.000604,0.062916
0.069988,0.000133,0.063415
0.066212,0.000476,0.063648
0.062437,0.000819,0.063881
0.058662,0.001179,0.064125
0.054893,0.001211,0.064146
0.051125,0.001079,0.064057
0.047357,0.000916,0.063946
0.043589,0.000452,0.063632
0.039820,-0.000200,0.063189
0.036049,-0.000784,0.062793
0.032274,-0.001542,0.062280
0.028497,-0.002508,0.061623
0.024716,-0.003381,0.061032
0.020931,-0.004472,0.060292
0.017139,-0.005813,0.059382
0.013341,-0.007245,0.058411
0.009531,-0.009149,0.057120
0.005710,-0.011347,0.055630
0.001882,-0.013495,0.054173
-0.001979,-0.016915,0.051853
-0.005849,-0.020225,0.049608
-0.009733,-0.023574,0.047337
-0.013656,-0.027996,0.044338
-0.017596,-0.032439,0.041325
-0.021522,-0.035814,0.039036
-0.025450,-0.038796,0.037013
-0.029390,-0.041787,0.034985
-0.033314,-0.043966,0.033507
-0.037230,-0.045676,0.032347
-0.041152,-0.047390,0.031185
-0.045082,-0.049105,0.030022
-0.049050,-0.051608,0.028324
-0.053030,-0.054167,0.026589
-0.057020,-0.056732,0.024849
-0.061094,-0.060888,0.022030
-0.065282,-0.067077,0.017833
-0.069438,-0.072148,0.014394
-0.074136,-0.087315,0.004107
0.241442,-0.094415,0.004060
0.235900,-0.077744,0.015329
0.231067,-0.068046,0.021885
0.226426,-0.060049,0.027291
0.222004,-0.054178,0.031260
0.217635,-0.048639,0.035003
0.213261,-0.042801,0.038950
0.209106,-0.039326,0.041299
0.204971,-0.035919,0.043602
0.200834,-0.032327,0.046030
0.196704,-0.028632,0.048528
0.192653,-0.025791,0.050448
0.188664,-0.023639,0.051903
0.184684,-0.021489,0.053356
0.180713,-0.019342,0.054808
0.176749,-0.017161,0.056282
0.172856,-0.015933,0.057112
0.169001,-0.015199,0.057608
0.165142,-0.014355,0.058178
0.161270,-0.013233,0.058937
0.157403,-0.012112,0.059695
0.153602,-0.012064,0.059727
0.149808,-0.012127,0.059684
0.146015,-0.012190,0.059641
0.142221,-0.012255,0.059598
0.138428,-0.012317,0.059556
0.134645,-0.012587,0.059374
0.130885,-0.013372,0.058843
0.127103,-0.013705,0.058618
0.123320,-0.014038,0.058393
0.119526,-0.014103,0.058348
0.115721,-0.013920,0.058473
0.111918,-0.013735,0.058597
0.108116,-0.013551,0.058722
0.104312,-0.013298,0.058893
0.100486,-0.012279,0.059582
0.096666,-0.011321,0.060229
0.092849,-0.010365,0.060876
0.089037,-0.009409,0.061521
0.085229,-0.008522,0.062121
0.081429,-0.007788,0.062618
0.077628,-0.006872,0.063236
0.073831,-0.005954,0.063857
0.070040,-0.005275,0.064316
0.066257,-0.004889,0.064577
0.062476,-0.004504,0.064838
0.058696,-0.004134,0.065087
0.054922,-0.004235,0.065019
0.051148,-0.004348,0.064943
0.047374,-0.004466,0.064863
0.043601,-0.004992,0.064507
0.039826,-0.005578,0.064111
0.036049,-0.006165,0.063715
0.032268,-0.007095,0.063086
0.028485,-0.008066,0.062430
0.024698,-0.008991,0.061804
0.020904,-0.010375,0.060869
0.017104,-0.011811,0.059898
0.013298,-0.013379,0.058838
0.009478,-0.015560,0.057364
0.005650,-0.017716,0.055907
0.001803,-0.020505,0.054021
-0.002062,-0.023728,0.051843
-0.005939,-0.026905,0.049695
-0.009847,-0.030996,0.046930
-0.013777,-0.035325,0.044003
-0.017715,-0.039330,0.041296
-0.021630,-0.041993,0.039496
-0.025559,-0.044771,0.037618
-0.029503,-0.047708,0.035633
-0.033418,-0.049422,0.034474
-0.037341,-0.051175,0.033289
-0.041275,-0.053022,0.032041
-0.045221,-0.055014,0.030694
-0.049185,-0.057268,0.029171
-0.053159,-0.059527,0.027643
-0.057153,-0.062040,0.025945
-0.061297,-0.067608,0.022181
-0.065477,-0.073480,0.018212
-0.069735,-0.080452,0.013499
-0.074338,-0.093570,0.004632
0.240495,-0.086950,0.013848
0.235645,-0.077388,0.020291
0.230813,-0.067644,0.026856
0.226350,-0.061543,0.030966
0.221922,-0.055575,0.034987
0.217541,-0.049882,0.038823
0.213242,-0.044901,0.042179
0.209112,-0.041708,0.044330
0.204980,-0.038334,0.046602
0.200844,-0.034753,0.049015
0.196719,-0.031123,0.051461
0.192705,-0.028772,0.053044
0.188715,-0.026617,0.054497
0.184734,-0.024464,0.055947
0.180761,-0.022313,0.057396
0.176803,-0.020243,0.058791
0.172947,-0.019587,0.059233
0.169090,-0.018850,0.059729
0.165235,-0.018114,0.060225
0.161361,-0.017006,0.060972
0.157499,-0.016009,0.061644
0.153713,-0.016272,0.061467
0.149926,-0.016525,0.061296
0.146128,-0.016589,0.061253
0.142331,-0.016653,0.061210
0.138533,-0.016699,0.061179
0.134734,-0.016712,0.061170
0.130975,-0.017596,0.060574
0.127214,-0.018481,0.059978
0.123427,-0.018836,0.059739
0.119621,-0.018733,0.059808
0.115812,-0.018549,0.059933
0.112005,-0.018375,0.060050
0.108199,-0.018214,0.060158
0.104393,-0.018012,0.060294
0.100581,-0.017558,0.060600
0.096754,-0.016596,0.061248
0.092932,-0.015636,0.061895
0.089114,-0.014677,0.062541
0.085302,-0.013820,0.063118
0.081496,-0.013083,0.063615
0.077692,-0.012284,0.064153
0.073888,-0.011362,0.064774
0.070094,-0.010780,0.065166
0.066305,-0.010394,0.065427
0.062518,-0.010006,0.065688
0.058734,-0.009779,0.065841
0.054953,-0.009850,0.065793
0.051173,-0.009965,0.065716
0.047393,-0.010197,0.065559
0.043614,-0.010742,0.065192
0.039832,-0.011287,0.064825
0.036048,-0.011967,0.064367
0.032262,-0.012908,0.063733
0.028472,-0.013850,0.063098
0.024677,-0.015049,0.062291
0.020876,-0.016469,0.061334
0.017069,-0.017891,0.060376
0.013251,-0.019862,0.059048
0.009424,-0.022009,0.057601
0.005588,-0.024170,0.056145
0.001726,-0.027435,0.053945
-0.002149,-0.030712,0.051738
-0.006036,-0.033974,0.049540
-0.009956,-0.038201,0.046692
-0.013895,-0.042538,0.043770
-0.017818,-0.045646,0.041676
-0.021741,-0.048322,0.039873
-0.025675,-0.051005,0.038066
-0.029605,-0.053267,0.036542
-0.033531,-0.055115,0.035297
-0.037463,-0.056967,0.034049
-0.041403,-0.058822,0.032799
-0.045363,-0.061000,0.031331
-0.049334,-0.063265,0.029806
-0.053314,-0.065505,0.028297
-0.057320,-0.068139,0.026522
-0.061522,-0.074811,0.022027
-0.065627,-0.078933,0.019250
-0.070042,-0.088950,0.012501
0.246312,-0.108371,0.004196
0.240233,-0.086581,0.018828
0.235389,-0.077032,0.025240
0.230667,-0.068393,0.031042
0.226274,-0.063035,0.034639
0.221845,-0.057031,0.038670
0.217447,-0.051123,0.042638
0.213248,-0.047286,0.045215
0.209118,-0.044089,0.047361
0.204989,-0.040750,0.049604
0.200853,-0.037164,0.052012
0.196758,-0.033923,0.054188
0.192757,-0.031756,0.055643
0.188766,-0.029597,0.057093
0.184783,-0.027441,0.058541
0.180810,-0.025287,0.059988
0.176885,-0.023722,0.061038
0.173035,-0.023180,0.061402
0.169178,-0.022508,0.061854
0.165321,-0.021770,0.062349
0.161453,-0.020784,0.063011
0.157610,-0.020165,0.063426
0.153820,-0.020423,0.063254
0.150031,-0.020704,0.063065
0.146241,-0.020986,0.062875
0.142441,-0.021061,0.062825
0.138638,-0.021090,0.062805
0.134835,-0.021100,0.062799
0.131061,-0.021732,0.062374
0.127296,-0.022620,0.061778
0.123532,-0.023579,0.061134
0.119719,-0.023423,0.061239
0.115907,-0.023262,0.061347
0.112095,-0.023101,0.061455
0.108285,-0.022940,0.061564
0.104471,-0.022645,0.061762
0.100654,-0.022196,0.062063
0.096839,-0.021747,0.062365
0.093016,-0.020923,0.062918
0.089192,-0.019960,0.063565
0.085375,-0.019134,0.064119
0.081563,-0.018395,0.064615
0.077755,-0.017656,0.065112
0.073946,-0.016787,0.065695
0.070148,-0.016304,0.066019
0.066353,-0.015916,0.066280
0.062560,-0.015528,0.066541
0.058771,-0.015443,0.066598
0.054984,-0.015485,0.066569
0.051198,-0.015600,0.066492
0.047413,-0.016020,0.066210
0.043627,-0.016565,0.065844
0.039839,-0.017103,0.065483
0.036049,-0.017974,0.064898
0.032255,-0.018916,0.064265
0.028458,-0.019896,0.063608
0.024655,-0.021321,0.062650
0.020846,-0.022768,0.061678
0.017029,-0.024510,0.060509
0.013201,-0.026665,0.059062
0.009366,-0.028820,0.057615
0.005509,-0.031818,0.055601
0.001637,-0.035082,0.053410
-0.002242,-0.038054,0.051414
-0.006143,-0.041576,0.049049
-0.010065,-0.045423,0.046466
-0.014002,-0.049304,0.043860
-0.017922,-0.051987,0.042058
-0.021849,-0.054545,0.040340
-0.025785,-0.057057,0.038653
-0.029712,-0.059002,0.037348
-0.033645,-0.060899,0.036073
-0.037585,-0.062779,0.034812
-0.041536,-0.064738,0.033496
-0.045503,-0.066953,0.032009
-0.049472,-0.068982,0.030646
-0.053450,-0.071042,0.029262
-0.057550,-0.075684,0.026146
-0.061665,-0.080264,0.023070
-0.065782,-0.084514,0.020216
-0.070288,-0.096249,0.012336
0.245177,-0.099163,0.015129
0.239971,-0.086212,0.023796
0.235130,-0.076630,0.030209
0.230589,-0.069887,0.034723
0.226198,-0.064524,0.038312
0.221768,-0.058487,0.042352
0.217407,-0.052972,0.046043
0.213255,-0.049672,0.048252
0.209124,-0.046471,0.050394
0.204998,-0.043166,0.052606
0.200862,-0.039576,0.055009
0.196809,-0.036885,0.056810
0.192810,-0.034745,0.058242
0.188817,-0.032580,0.059691
0.184833,-0.030421,0.061136
0.180858,-0.028263,0.062580
0.176966,-0.027206,0.063288
0.173118,-0.026718,0.063615
0.169262,-0.026088,0.064036
0.165408,-0.025432,0.064476
0.161544,-0.024569,0.065053
0.157721,-0.024330,0.065213
0.153927,-0.024588,0.065040
0.150134,-0.024861,0.064857
0.146342,-0.025145,0.064667
0.142548,-0.025428,0.064478
0.138743,-0.025492,0.064435
0.134936,-0.025501,0.064429
0.131146,-0.025876,0.064178
0.127379,-0.026767,0.063582
0.123616,-0.027849,0.062858
0.119818,-0.028153,0.062654
0.116001,-0.028001,0.062756
0.112186,-0.027839,0.062864
0.108371,-0.027677,0.062973
0.104550,-0.027288,0.063233
0.100728,-0.026838,0.063534
0.096909,-0.026388,0.063836
0.093091,-0.025937,0.064137
0.089269,-0.025259,0.064591
0.085448,-0.024466,0.065122
0.081631,-0.023722,0.065619
0.077816,-0.022980,0.066116
0.074005,-0.022236,0.066614
0.070202,-0.021845,0.066876
0.066401,-0.021456,0.067136
0.062602,-0.021091,0.067381
0.058809,-0.021127,0.067357
0.055016,-0.021163,0.067333
0.051223,-0.021314,0.067231
0.047433,-0.021859,0.066867
0.043640,-0.022399,0.066505
0.039845,-0.023066,0.066058
0.036049,-0.024004,0.065431
0.032248,-0.024948,0.064799
0.028443,-0.026186,0.063971
0.024632,-0.027666,0.062980
0.020816,-0.029178,0.061968
0.016988,-0.031332,0.060527
0.013151,-0.033492,0.059080
0.009300,-0.036211,0.057261
0.005432,-0.039325,0.055176
0.001556,-0.042252,0.053218
-0.002340,-0.045674,0.050928
-0.006251,-0.049217,0.048556
-0.010176,-0.052774,0.046175
-0.014095,-0.055519,0.044338
-0.018018,-0.058031,0.042657
-0.021951,-0.060549,0.040972
-0.025887,-0.062845,0.039435
-0.029819,-0.064748,0.038162
-0.033759,-0.066653,0.036886
-0.037701,-0.068404,0.035715
-0.041659,-0.070430,0.034359
-0.045626,-0.072462,0.032998
-0.049602,-0.074530,0.031615
-0.053587,-0.076628,0.030211
-0.057708,-0.081596,0.026886
-0.061825,-0.086089,0.023879
-0.065960,-0.090588,0.020867
-0.070475,-0.102388,0.012970
0.244675,-0.096394,0.021715
0.239730,-0.086054,0.028613
0.234923,-0.076768,0.034807
0.230511,-0.071379,0.038402
0.226119,-0.065980,0.042003
0.221691,-0.059942,0.046031
0.217428,-0.055539,0.048968
0.213263,-0.052082,0.051274
0.209130,-0.048854,0.053428
0.205007,-0.045583,0.055609
0.200870,-0.041988,0.058007
0.196861,-0.039849,0.059434
0.192863,-0.037747,0.060836
0.188867,-0.035565,0.062292
0.184882,-0.033403,0.063734
0.180906,-0.031241,0.065176
0.177048,-0.030694,0.065541
0.173200,-0.030249,0.065837
0.169343,-0.029630,0.066251
0.165488,-0.028999,0.066672
0.161635,-0.028357,0.067100
0.157832,-0.028503,0.067002
0.154035,-0.028762,0.066830
0.150238,-0.029027,0.066653
0.146442,-0.029312,0.066463
0.142648,-0.029656,0.066234
0.138849,-0.029906,0.066067
0.135038,-0.029913,0.066062
0.131232,-0.030029,0.065985
0.127461,-0.030922,0.065389
0.123700,-0.032127,0.064585
0.119916,-0.032876,0.064086
0.116096,-0.032739,0.064177
0.112276,-0.032589,0.064277
0.108456,-0.032396,0.064406
0.104628,-0.031944,0.064707
0.100802,-0.031492,0.065009
0.096978,-0.031040,0.065310
0.093160,-0.030734,0.065514
0.089345,-0.030469,0.065691
0.085527,-0.030038,0.065979
0.081704,-0.029331,0.066450
0.077884,-0.028624,0.066922
0.074068,-0.027924,0.067389
0.070259,-0.027521,0.067658
0.066451,-0.027119,0.067926
0.062648,-0.026924,0.068056
0.058848,-0.026931,0.068051
0.055048,-0.026938,0.068046
0.051250,-0.027245,0.067841
0.047452,-0.027753,0.067503
0.043653,-0.028261,0.067164
0.039852,-0.029115,0.066594
0.036048,-0.030056,0.065966
0.032241,-0.031065,0.065294
0.028428,-0.032578,0.064284
0.024610,-0.034095,0.063272
0.020782,-0.036009,0.061996
0.016946,-0.038177,0.060550
0.013098,-0.040615,0.058923
0.009234,-0.043578,0.056947
0.005360,-0.046513,0.054989
0.001470,-0.049780,0.052810
-0.002439,-0.053334,0.050439
-0.006347,-0.056263,0.048485
-0.010261,-0.058932,0.046705
-0.014183,-0.061499,0.044992
-0.018113,-0.064046,0.043293
-0.022053,-0.066576,0.041606
-0.025988,-0.068603,0.040253
-0.029921,-0.070341,0.039094
-0.033850,-0.071722,0.038173
-0.037812,-0.073912,0.036712
-0.041777,-0.075949,0.035353
-0.045751,-0.078022,0.033970
-0.049734,-0.080124,0.032568
-0.053759,-0.083024,0.030633
-0.057867,-0.087547,0.027617
-0.061964,-0.091463,0.025004
-0.066247,-0.098928,0.020025
-0.070674,-0.108749,0.013474
0.250405,-0.116600,0.013005
0.244440,-0.096349,0.026469
0.239497,-0.085982,0.033361
0.234843,-0.078261,0.038494
0.230433,-0.072871,0.042078
0.226040,-0.067436,0.045692
0.221614,-0.061396,0.049707
0.217450,-0.058108,0.051893
0.213287,-0.054687,0.054167
0.209136,-0.051237,0.056461
0.205016,-0.048001,0.058613
0.200911,-0.044807,0.060736
0.196912,-0.042816,0.062060
0.192916,-0.040752,0.063432
0.188919,-0.038565,0.064886
0.184932,-0.036387,0.066334
0.180983,-0.034633,0.067500
0.177130,-0.034187,0.067797
0.173280,-0.033741,0.068093
0.169424,-0.033177,0.068468
0.165567,-0.032544,0.068889
0.161729,-0.032183,0.069130
0.157943,-0.032676,0.068802
0.154143,-0.032945,0.068623
0.150343,-0.033204,0.068450
0.146543,-0.033487,0.068262
0.142750,-0.033915,0.067978
0.138956,-0.034342,0.067694
0.135140,-0.034335,0.067699
0.131326,-0.034344,0.067693
0.127543,-0.035084,0.067200
0.123784,-0.036415,0.066316
0.120015,-0.037609,0.065521
0.116190,-0.037472,0.065613
0.112367,-0.037335,0.065704
0.108542,-0.037163,0.065818
0.104716,-0.036881,0.066005
0.100890,-0.036601,0.066192
0.097066,-0.036320,0.066379
0.093243,-0.036039,0.066566
0.089424,-0.035839,0.066699
0.085605,-0.035613,0.066849
0.081779,-0.035000,0.067257
0.077954,-0.034341,0.067694
0.074131,-0.033637,0.068162
0.070315,-0.033233,0.068431
0.066503,-0.032922,0.068638
0.062695,-0.032836,0.068696
0.058888,-0.032847,0.068688
0.055082,-0.032918,0.068640
0.051279,-0.033428,0.068302
0.047474,-0.033917,0.067976
0.043667,-0.034514,0.067580
0.039860,-0.035486,0.066933
0.036048,-0.036409,0.066320
0.032233,-0.037691,0.065467
0.028412,-0.039208,0.064459
0.024585,-0.040851,0.063366
0.020748,-0.042982,0.061950
0.016902,-0.045187,0.060484
0.013043,-0.047934,0.058658
0.009171,-0.050784,0.056763
0.005286,-0.053895,0.054694
0.001391,-0.056836,0.052739
-0.002510,-0.059543,0.050939
-0.006422,-0.062257,0.049134
-0.010341,-0.064873,0.047395
-0.014269,-0.067453,0.045680
-0.018208,-0.070040,0.043960
-0.022146,-0.072279,0.042472
-0.026068,-0.073660,0.041553
-0.029995,-0.075043,0.040634
-0.033953,-0.077172,0.039218
-0.037923,-0.079440,0.037710
-0.041895,-0.081519,0.036328
-0.045874,-0.083566,0.034967
-0.049851,-0.085366,0.033771
-0.053913,-0.089005,0.031351
-0.058012,-0.093173,0.028580
-0.062098,-0.096719,0.026222
-0.066434,-0.105218,0.020572
-0.071053,-0.118756,0.011571
0.249166,-0.106526,0.024439
0.244201,-0.096266,0.031238
0.239266,-0.085911,0.038099
0.234782,-0.079954,0.042047
0.230355,-0.074361,0.045752
0.225961,-0.068890,0.049378
0.221627,-0.063864,0.052709
0.217471,-0.060678,0.054820
0.213312,-0.057294,0.057062
0.209154,-0.053765,0.059400
0.205024,-0.050419,0.061617
0.200964,-0.047780,0.063367
0.196964,-0.045785,0.064689
0.192969,-0.043759,0.066031
0.188971,-0.041568,0.067482
0.184982,-0.039383,0.068931
0.181067,-0.038132,0.069759
0.177212,-0.037685,0.070056
0.173359,-0.037239,0.070352
0.169505,-0.036729,0.070689
0.165645,-0.036095,0.071110
0.161828,-0.036115,0.071096
0.158045,-0.036698,0.070710
0.154250,-0.037102,0.070442
0.150447,-0.037395,0.070247
0.146644,-0.037671,0.070065
0.142852,-0.038184,0.069725
0.139063,-0.038788,0.069325
0.135243,-0.038782,0.069329
0.131424,-0.038774,0.069334
0.127629,-0.039312,0.068978
0.123869,-0.040712,0.068050
0.120104,-0.042114,0.067121
0.116285,-0.042218,0.067052
0.112457,-0.042080,0.067143
0.108644,-0.042375,0.066948
0.104816,-0.042207,0.067059
0.100985,-0.041925,0.067246
0.097155,-0.041642,0.067433
0.093327,-0.041369,0.067615
0.089504,-0.041226,0.067710
0.085681,-0.041082,0.067805
0.081851,-0.040589,0.068132
0.078021,-0.039974,0.068539
0.074194,-0.039380,0.068933
0.070374,-0.039066,0.069141
0.066555,-0.038761,0.069343
0.062742,-0.038786,0.069326
0.058929,-0.038841,0.069290
0.055118,-0.039123,0.069103
0.051307,-0.039573,0.068805
0.047495,-0.039979,0.068536
0.043683,-0.040897,0.067927
0.039867,-0.041899,0.067263
0.036049,-0.042950,0.066567
0.032225,-0.044393,0.065611
0.028396,-0.045919,0.064600
0.024559,-0.047882,0.063299
0.020713,-0.050045,0.061865
0.016854,-0.052803,0.060038
0.012984,-0.055557,0.058213
0.009109,-0.057963,0.056619
0.005227,-0.060175,0.055153
0.001330,-0.062828,0.053395
-0.002578,-0.065547,0.051593
-0.006496,-0.068252,0.049801
-0.010421,-0.070837,0.048088
-0.014357,-0.073445,0.046359
-0.018296,-0.075791,0.044805
-0.022212,-0.076983,0.044015
-0.026138,-0.078368,0.043097
-0.030090,-0.080406,0.041747
-0.034064,-0.082883,0.040105
-0.038035,-0.084969,0.038723
-0.042002,-0.086765,0.037533
-0.045977,-0.088567,0.036339
-0.049962,-0.090464,0.035082
-0.054062,-0.094882,0.032155
-0.058140,-0.098431,0.029803
-0.062226,-0.101873,0.027522
-0.066628,-0.111655,0.021040
-0.071807,-0.136345,0.004680
0.248925,-0.106469,0.029204
0.243963,-0.096183,0.035997
0.239181,-0.087371,0.041816
0.234737,-0.081811,0.045488
0.230277,-0.075851,0.049425
0.225882,-0.070344,0.053062
0.221649,-0.066438,0.055641
0.217493,-0.063248,0.057748
0.213337,-0.059902,0.059958
0.209178,-0.056368,0.062292
0.205034,-0.052847,0.064618
0.201017,-0.050754,0.065999
0.197015,-0.048756,0.067319
0.193022,-0.046762,0.068636
0.189023,-0.044574,0.070081
0.185033,-0.042385,0.071527
0.181149,-0.041598,0.072046
0.177294,-0.041188,0.072318
0.173439,-0.040740,0.072613
0.169586,-0.040286,0.072913
0.165724,-0.039650,0.073333
0.161928,-0.040054,0.073066
0.158147,-0.040728,0.072621
0.154348,-0.041133,0.072354
0.150549,-0.041538,0.072086
0.146745,-0.041863,0.071872
0.142953,-0.042461,0.071477
0.139161,-0.043067,0.071076
0.135346,-0.043238,0.070963
0.131523,-0.043231,0.070968
0.127717,-0.043613,0.070716
0.123954,-0.045018,0.069788
0.120186,-0.046424,0.068859
0.116380,-0.046976,0.068495
0.112547,-0.046838,0.068586
0.108741,-0.047444,0.068185
0.104913,-0.047432,0.068194
0.101080,-0.047265,0.068304
0.097244,-0.046982,0.068491
0.093413,-0.046773,0.068629
0.089583,-0.046629,0.068723
0.085755,-0.046486,0.068818
0.081924,-0.046197,0.069009
0.078088,-0.045583,0.069414
0.074260,-0.045259,0.069628
0.070433,-0.044927,0.069848
0.066609,-0.044722,0.069983
0.062789,-0.044788,0.069940
0.058970,-0.044853,0.069896
0.055153,-0.045246,0.069637
0.051335,-0.045655,0.069367
0.047517,-0.046258,0.068969
0.043698,-0.047306,0.068276
0.039875,-0.048341,0.067593
0.036048,-0.049680,0.066709
0.032217,-0.051125,0.065754
0.028379,-0.052943,0.064554
0.024533,-0.054955,0.063225
0.020675,-0.057582,0.061490
0.016807,-0.060204,0.059758
0.012934,-0.062421,0.058294
0.009055,-0.064441,0.056960
0.005165,-0.066727,0.055450
0.001266,-0.069018,0.053937
-0.002646,-0.071574,0.052249
-0.006569,-0.074225,0.050498
-0.010506,-0.077011,0.048658
-0.014444,-0.079430,0.047061
-0.018352,-0.080328,0.046468
-0.022277,-0.081698,0.045563
-0.026224,-0.083643,0.044279
-0.030195,-0.086125,0.042639
-0.034161,-0.088169,0.041290
-0.038127,-0.089967,0.040101
-0.042100,-0.091772,0.038910
-0.046080,-0.093595,0.037706
-0.050110,-0.096467,0.035809
-0.054184,-0.100143,0.033382
-0.058260,-0.103519,0.031152
-0.062403,-0.108083,0.028138
-0.066817,-0.117972,0.021607
0.254889,-0.128654,0.019318
0.248685,-0.106411,0.033959
0.243725,-0.096100,0.040746
0.239136,-0.089252,0.045253
0.234691,-0.083668,0.048928
0.230230,-0.077673,0.052875
0.225841,-0.072219,0.056465
0.221671,-0.069014,0.058574
0.217515,-0.065820,0.060677
0.213361,-0.062512,0.062855
0.209202,-0.058973,0.065184
0.205093,-0.055891,0.067213
0.201071,-0.053745,0.068625
0.197067,-0.051730,0.069952
0.193072,-0.049732,0.071266
0.189075,-0.047583,0.072682
0.185101,-0.045640,0.073960
0.181231,-0.045080,0.074329
0.177373,-0.044646,0.074614
0.173519,-0.044238,0.074883
0.169664,-0.043798,0.075173
0.165809,-0.043310,0.075494
0.162028,-0.044000,0.075039
0.158245,-0.044691,0.074585
0.154447,-0.045171,0.074269
0.150645,-0.045577,0.074001
0.146857,-0.046283,0.073537
0.143055,-0.046747,0.073232
0.139260,-0.047355,0.072831
0.135449,-0.047705,0.072601
0.131622,-0.047698,0.072606
0.127835,-0.048601,0.072011
0.124044,-0.049452,0.071451
0.120267,-0.050744,0.070601
0.116475,-0.051745,0.069942
0.112645,-0.051822,0.069891
0.108834,-0.052430,0.069491
0.105007,-0.052609,0.069373
0.101171,-0.052503,0.069443
0.097334,-0.052339,0.069551
0.093498,-0.052195,0.069646
0.089664,-0.052051,0.069741
0.085829,-0.051906,0.069836
0.081997,-0.051787,0.069914
0.078160,-0.051426,0.070152
0.074324,-0.051044,0.070403
0.070489,-0.050663,0.070654
0.066662,-0.050673,0.070647
0.062836,-0.050724,0.070614
0.059011,-0.050902,0.070497
0.055187,-0.051318,0.070223
0.051363,-0.051752,0.069937
0.047539,-0.052648,0.069347
0.043713,-0.053703,0.068653
0.039883,-0.054921,0.067852
0.036048,-0.056381,0.066890
0.032209,-0.057988,0.065833
0.028361,-0.060062,0.064468
0.024505,-0.062233,0.063038
0.020638,-0.064864,0.061306
0.016767,-0.066889,0.059974
0.012889,-0.068825,0.058699
0.009001,-0.071007,0.057263
0.005103,-0.073305,0.055750
0.001196,-0.075607,0.054234
-0.002716,-0.077748,0.052826
-0.006651,-0.080584,0.050959
-0.010588,-0.083074,0.049320
-0.014497,-0.083974,0.048727
-0.018413,-0.085032,0.048031
-0.022355,-0.086884,0.046812
-0.026325,-0.089414,0.045147
-0.030290,-0.091497,0.043776
-0.034249,-0.093174,0.042672
-0.038220,-0.094980,0.041483
-0.042198,-0.096806,0.040281
-0.046183,-0.098636,0.039077
-0.050228,-0.101768,0.037015
-0.054295,-0.105123,0.034807
-0.058366,-0.108294,0.032719
-0.062590,-0.114535,0.028611
-0.067003,-0.124252,0.022215
0.253449,-0.116779,0.031864
0.248445,-0.106354,0.038704
0.243514,-0.096276,0.045315
0.239091,-0.091132,0.048690
0.234646,-0.085525,0.052368
0.230186,-0.079525,0.056305
0.225875,-0.074929,0.059319
0.221693,-0.071592,0.061509
0.217536,-0.068393,0.063607
0.213386,-0.065122,0.065753
0.209226,-0.061578,0.068078
0.205159,-0.059014,0.069761
0.201138,-0.056907,0.071143
0.197118,-0.054706,0.072586
0.193123,-0.052706,0.073899
0.189127,-0.050594,0.075284
0.185188,-0.049150,0.076232
0.181316,-0.048589,0.076600
0.177452,-0.048107,0.076916
0.173595,-0.047698,0.077184
0.169741,-0.047289,0.077452
0.165912,-0.047261,0.077471
0.162128,-0.047953,0.077016
0.158342,-0.048646,0.076562
0.154547,-0.049216,0.076188
0.150741,-0.049624,0.075921
0.146968,-0.050669,0.075235
0.143169,-0.051268,0.074842
0.139358,-0.051652,0.074590
0.135553,-0.052182,0.074243
0.131722,-0.052174,0.074247
0.127947,-0.053442,0.073416
0.124164,-0.054602,0.072655
0.120359,-0.055336,0.072174
0.116568,-0.056489,0.071417
0.112744,-0.056820,0.071200
0.108928,-0.057430,0.070800
0.105103,-0.057801,0.070556
0.101261,-0.057694,0.070626
0.097432,-0.057989,0.070433
0.093595,-0.058002,0.070425
0.089754,-0.057885,0.070501
0.085914,-0.057769,0.070577
0.082072,-0.057534,0.070731
0.078229,-0.057176,0.070966
0.074387,-0.056803,0.071211
0.070549,-0.056579,0.071358
0.066715,-0.056615,0.071334
0.062882,-0.056638,0.071319
0.059052,-0.056990,0.071088
0.055222,-0.057443,0.070791
0.051392,-0.058062,0.070385
0.047561,-0.059042,0.069742
0.043728,-0.060102,0.069047
0.039891,-0.061578,0.068078
0.036048,-0.063056,0.067109
0.032200,-0.065028,0.065815
0.028343,-0.067195,0.064393
0.024478,-0.069428,0.062928
0.020607,-0.071367,0.061656
0.016729,-0.073309,0.060382
0.012843,-0.075298,0.059078
0.008946,-0.077602,0.057566
0.005041,-0.079850,0.056091
0.001132,-0.081860,0.054773
-0.002791,-0.084160,0.053263
-0.006727,-0.086724,0.051582
-0.010636,-0.087626,0.050990
-0.014549,-0.088529,0.050398
-0.018484,-0.090129,0.049347
-0.022451,-0.092719,0.047649
-0.026417,-0.094910,0.046211
-0.030369,-0.096395,0.045237
-0.034337,-0.098193,0.044057
-0.038313,-0.100022,0.042858
-0.042295,-0.101811,0.041684
-0.046275,-0.103371,0.040660
-0.050333,-0.106727,0.038459
-0.054401,-0.110007,0.036307
-0.058469,-0.113015,0.034334
-0.062771,-0.120880,0.029174
-0.067165,-0.130045,0.023161
0.253300,-0.117681,0.035995
0.248205,-0.106297,0.043439
0.243468,-0.098160,0.048759
0.239047,-0.093013,0.052125
0.234601,-0.087381,0.055807
0.230142,-0.081377,0.059733
0.225928,-0.077842,0.062044
0.221721,-0.074230,0.064406
0.217558,-0.070967,0.066539
0.213411,-0.067733,0.068653
0.209250,-0.064185,0.070974
0.205224,-0.062139,0.072311
0.201205,-0.060071,0.073663
0.197184,-0.057859,0.075110
0.193173,-0.055681,0.076534
0.189179,-0.053608,0.077889
0.185274,-0.052665,0.078506
0.181400,-0.052102,0.078874
0.177531,-0.051572,0.079220
0.173672,-0.051162,0.079488
0.169815,-0.050753,0.079756
0.166011,-0.051152,0.079495
0.162228,-0.051913,0.078997
0.158439,-0.052608,0.078543
0.154646,-0.053270,0.078111
0.150837,-0.053678,0.077843
0.147079,-0.055064,0.076937
0.143305,-0.056223,0.076179
0.139465,-0.056112,0.076252
0.135652,-0.056571,0.075952
0.131824,-0.056720,0.075855
0.128059,-0.058296,0.074824
0.124284,-0.059768,0.073862
0.120474,-0.060504,0.073380
0.116662,-0.061241,0.072898
0.112843,-0.061831,0.072513
0.109022,-0.062444,0.072112
0.105198,-0.063009,0.071743
0.101351,-0.062902,0.071813
0.097527,-0.063557,0.071384
0.093692,-0.063853,0.071190
0.089846,-0.063773,0.071243
0.085999,-0.063645,0.071326
0.082148,-0.063286,0.071562
0.078298,-0.062926,0.071797
0.074450,-0.062562,0.072035
0.070609,-0.062527,0.072058
0.066769,-0.062550,0.072042
0.062930,-0.062682,0.071956
0.059095,-0.063153,0.071648
0.055258,-0.063628,0.071338
0.051422,-0.064494,0.070772
0.047584,-0.065461,0.070139
0.043743,-0.066728,0.069311
0.039899,-0.068264,0.068307
0.036048,-0.069927,0.067219
0.032191,-0.072092,0.065804
0.028326,-0.074207,0.064421
0.024455,-0.076081,0.063195
0.020577,-0.077906,0.062003
0.016692,-0.079756,0.060793
0.012797,-0.081868,0.059412
0.008893,-0.084048,0.057986
0.004985,-0.086038,0.056685
0.001073,-0.087744,0.055570
-0.002862,-0.090379,0.053847
-0.006772,-0.091283,0.053256
-0.010685,-0.092188,0.052664
-0.014610,-0.093428,0.051854
-0.018575,-0.096027,0.050154
-0.022541,-0.098328,0.048649
-0.026492,-0.099816,0.047677
-0.030452,-0.101410,0.046634
-0.034425,-0.103210,0.045457
-0.038399,-0.104858,0.044380
-0.042377,-0.106403,0.043370
-0.046375,-0.108331,0.042109
-0.050438,-0.111699,0.039907
-0.054500,-0.114729,0.037926
-0.058573,-0.117746,0.035953
-0.062941,-0.126963,0.029927
-0.067548,-0.140482,0.021087
0.253152,-0.118583,0.040121
0.247966,-0.106240,0.048164
0.243422,-0.100043,0.052203
0.239003,-0.094892,0.055559
0.234555,-0.089236,0.059245
0.230155,-0.083849,0.062756
0.225977,-0.080719,0.064796
0.221772,-0.077138,0.067129
0.217580,-0.073542,0.069472
0.213435,-0.070345,0.071555
0.209316,-0.067299,0.073540
0.205290,-0.065269,0.074864
0.201273,-0.063239,0.076186
0.197249,-0.061023,0.077630
0.193235,-0.058812,0.079072
0.189240,-0.056749,0.080416
0.185361,-0.056184,0.080784
0.181485,-0.055621,0.081151
0.177611,-0.055057,0.081518
0.173749,-0.054631,0.081796
0.169890,-0.054221,0.082063
0.166105,-0.054958,0.081582
0.162323,-0.055788,0.081042
0.158537,-0.056577,0.080528
0.154742,-0.057274,0.080073
0.150937,-0.057795,0.079734
0.147191,-0.059469,0.078643
0.143439,-0.061146,0.077550
0.139596,-0.061080,0.077593
0.135752,-0.060970,0.077665
0.131941,-0.061580,0.077267
0.128171,-0.063162,0.076237
0.124396,-0.064746,0.075204
0.120590,-0.065688,0.074591
0.116773,-0.066427,0.074109
0.112979,-0.067874,0.073166
0.109116,-0.067471,0.073428
0.105289,-0.068087,0.073028
0.101442,-0.068128,0.073000
0.097623,-0.069144,0.072339
0.093789,-0.069711,0.071969
0.089937,-0.069644,0.072012
0.086081,-0.069408,0.072166
0.082223,-0.069038,0.072407
0.078367,-0.068669,0.072648
0.074515,-0.068438,0.072799
0.070668,-0.068465,0.072781
0.066822,-0.068489,0.072765
0.062979,-0.068845,0.072533
0.059137,-0.069327,0.072219
0.055294,-0.069948,0.071815
0.051452,-0.070927,0.071176
0.047607,-0.071907,0.070538
0.043759,-0.073427,0.069548
0.039907,-0.074968,0.068543
0.036049,-0.076930,0.067264
0.032183,-0.079053,0.065881
0.028310,-0.081099,0.064547
0.024430,-0.082930,0.063354
0.020543,-0.084789,0.062143
0.016655,-0.086067,0.061310
0.012753,-0.088254,0.059885
0.008844,-0.090225,0.058601
0.004933,-0.091889,0.057516
0.001008,-0.094040,0.056115
-0.002902,-0.094946,0.055524
-0.006831,-0.096568,0.054467
-0.010754,-0.097672,0.053748
-0.014695,-0.099339,0.052661
-0.018661,-0.101750,0.051090
-0.022611,-0.103241,0.050119
-0.026567,-0.104746,0.049138
-0.030529,-0.106258,0.048153
-0.034502,-0.107907,0.047078
-0.038479,-0.109498,0.046041
-0.042452,-0.110832,0.045172
-0.046475,-0.113304,0.043561
-0.050533,-0.116443,0.041515
-0.054599,-0.119462,0.039548
-0.058727,-0.123640,0.036825
-0.063102,-0.132872,0.030810
-0.067903,-0.150353,0.019418
0.253012,-0.119572,0.044184
0.247830,-0.107225,0.052204
0.243377,-0.101925,0.055646
0.238958,-0.096772,0.058993
0.234510,-0.091091,0.062682
0.230202,-0.086708,0.065529
0.226024,-0.083574,0.067565
0.221823,-0.080050,0.069854
0.217629,-0.076438,0.072199
0.213457,-0.072917,0.074486
0.209383,-0.070435,0.076098
0.205356,-0.068401,0.077419
0.201337,-0.066371,0.078737
0.197315,-0.064190,0.080154
0.193299,-0.061975,0.081593
0.189338,-0.060393,0.082620
0.185448,-0.059709,0.083064
0.181569,-0.059144,0.083431
0.177693,-0.058579,0.083798
0.173826,-0.058104,0.084106
0.169974,-0.057841,0.084277
0.166198,-0.058762,0.083679
0.162417,-0.059641,0.083109
0.158627,-0.060436,0.082592
0.154836,-0.061230,0.082076
0.151052,-0.062205,0.081443
0.147302,-0.063885,0.080352
0.143547,-0.065566,0.079260
0.139728,-0.066063,0.078937
0.135879,-0.065952,0.079010
0.132061,-0.066525,0.078637
0.128284,-0.068041,0.077652
0.124504,-0.069631,0.076620
0.120705,-0.070887,0.075804
0.116893,-0.071878,0.075161
0.113125,-0.074180,0.073665
0.109257,-0.073834,0.073890
0.105383,-0.073275,0.074253
0.101544,-0.073729,0.073959
0.097719,-0.074748,0.073296
0.093886,-0.075591,0.072749
0.090027,-0.075523,0.072793
0.086161,-0.075128,0.073050
0.082298,-0.074793,0.073268
0.078436,-0.074428,0.073504
0.074581,-0.074395,0.073526
0.070728,-0.074414,0.073513
0.066876,-0.074523,0.073443
0.063028,-0.075007,0.073129
0.059179,-0.075474,0.072825
0.055332,-0.076347,0.072258
0.051482,-0.077332,0.071618
0.047630,-0.078585,0.070805
0.043775,-0.080133,0.069800
0.039915,-0.081808,0.068711
0.036048,-0.083925,0.067336
0.032174,-0.086047,0.065958
0.028293,-0.088001,0.064689
0.024405,-0.089910,0.063449
0.020516,-0.090878,0.062821
0.016618,-0.092469,0.061787
0.012711,-0.094421,0.060520
0.008799,-0.096089,0.059436
0.004882,-0.097773,0.058342
0.000957,-0.099472,0.057239
-0.002973,-0.101174,0.056134
-0.006894,-0.102068,0.055553
-0.010812,-0.102683,0.055153
-0.014777,-0.105177,0.053534
-0.018726,-0.106671,0.052564
-0.022695,-0.108678,0.051260
-0.026633,-0.109346,0.050826
-0.030602,-0.110960,0.049778
-0.034578,-0.112597,0.048715
-0.038550,-0.113932,0.047847
-0.042528,-0.115271,0.046978
-0.046570,-0.118158,0.045103
-0.050626,-0.121113,0.043184
-0.054688,-0.123954,0.041339
-0.058887,-0.129674,0.037624
-0.063254,-0.138594,0.031830
-0.068287,-0.160848,0.017377
0.252880,-0.120622,0.048204
0.247869,-0.109977,0.055094
0.243331,-0.103807,0.059087
0.238914,-0.098650,0.062426
0.234465,-0.092945,0.066119
0.230250,-0.089570,0.068304
0.226071,-0.086430,0.070336
0.221874,-0.082963,0.072580
0.217679,-0.079345,0.074922
0.213502,-0.075776,0.077232
0.209451,-0.073574,0.078657
0.205422,-0.071536,0.079977
0.201401,-0.069502,0.081293
0.197381,-0.067360,0.082680
0.193363,-0.065141,0.084116
0.189438,-0.064065,0.084812
0.185548,-0.063416,0.085233
0.181656,-0.062701,0.085696
0.177776,-0.062106,0.086081
0.173903,-0.061583,0.086420
0.170070,-0.061649,0.086377
0.166291,-0.062571,0.085779
0.162510,-0.063495,0.085182
0.158718,-0.064297,0.084663
0.154924,-0.065094,0.084146
0.151170,-0.066671,0.083125
0.147414,-0.068309,0.082065
0.143655,-0.069996,0.080974
0.139860,-0.071059,0.080285
0.136006,-0.070947,0.080358
0.132199,-0.071853,0.079771
0.128405,-0.073123,0.078949
0.124612,-0.074529,0.078039
0.120822,-0.076101,0.077022
0.117014,-0.077357,0.076209
0.113240,-0.079668,0.074713
0.109403,-0.080381,0.074252
0.105522,-0.079818,0.074616
0.101659,-0.079774,0.074644
0.097815,-0.080372,0.074257
0.093981,-0.081397,0.073594
0.090116,-0.081319,0.073644
0.086242,-0.080867,0.073937
0.082373,-0.080525,0.074158
0.078507,-0.080305,0.074301
0.074648,-0.080360,0.074265
0.070788,-0.080381,0.074252
0.066932,-0.080701,0.074044
0.063077,-0.081171,0.073740
0.059222,-0.081779,0.073346
0.055369,-0.082772,0.072704
0.051512,-0.083763,0.072062
0.047655,-0.085312,0.071059
0.043791,-0.086867,0.070053
0.039924,-0.088825,0.068786
0.036049,-0.091016,0.067367
0.032166,-0.093129,0.065999
0.028276,-0.095046,0.064759
0.024385,-0.095794,0.064274
0.020491,-0.096692,0.063693
0.016583,-0.098625,0.062442
0.012667,-0.100734,0.061077
0.008743,-0.102845,0.059710
0.004824,-0.104083,0.058909
0.000892,-0.105790,0.057804
-0.003027,-0.106474,0.057361
-0.006948,-0.107091,0.056962
-0.010890,-0.108597,0.055987
-0.014843,-0.110317,0.054874
-0.018818,-0.112618,0.053384
-0.022756,-0.113273,0.052961
-0.026700,-0.114015,0.052480
-0.030675,-0.115674,0.051406
-0.034646,-0.117036,0.050525
-0.038622,-0.118377,0.049657
-0.042609,-0.119869,0.048691
-0.046653,-0.122698,0.046860
-0.050708,-0.125534,0.045024
-0.054785,-0.128638,0.043015
-0.059047,-0.135698,0.038445
-0.063408,-0.144359,0.032839
0.252747,-0.121671,0.052218
0.247905,-0.112705,0.058002
0.243347,-0.106321,0.062121
0.238869,-0.100528,0.065858
0.234493,-0.095588,0.069045
0.230298,-0.092433,0.071080
0.226117,-0.089288,0.073109
0.221926,-0.085878,0.075309
0.217729,-0.082255,0.077646
0.213589,-0.079138,0.079657
0.209531,-0.076871,0.081120
0.205488,-0.074675,0.082537
0.201466,-0.072636,0.083852
0.197447,-0.070534,0.085208
0.193429,-0.068335,0.086627
0.189538,-0.067744,0.087008
0.185648,-0.067135,0.087400
0.181754,-0.066419,0.087863
0.177863,-0.065702,0.088325
0.173981,-0.065070,0.088733
0.170167,-0.065462,0.088480
0.166385,-0.066387,0.087883
0.162601,-0.067313,0.087285
0.158809,-0.068164,0.086737
0.155012,-0.068963,0.086221
0.151277,-0.070933,0.084951
0.147530,-0.072806,0.083742
0.143764,-0.074436,0.082691
0.139993,-0.076069,0.081637
0.136134,-0.075977,0.081696
0.132337,-0.077209,0.080902
0.128536,-0.078455,0.080098
0.124734,-0.079749,0.079263
0.120927,-0.081045,0.078427
0.117135,-0.082853,0.077261
0.113356,-0.085174,0.075763
0.109550,-0.086954,0.074615
0.105661,-0.086388,0.074980
0.101797,-0.086547,0.074878
0.097937,-0.086875,0.074666
0.094077,-0.087213,0.074448
0.090204,-0.087102,0.074520
0.086324,-0.086647,0.074813
0.082448,-0.086277,0.075052
0.078579,-0.086206,0.075097
0.074713,-0.086262,0.075062
0.070848,-0.086375,0.074988
0.066988,-0.086856,0.074678
0.063126,-0.087337,0.074368
0.059267,-0.088217,0.073800
0.055406,-0.089217,0.073155
0.051544,-0.090499,0.072328
0.047678,-0.092051,0.071327
0.043808,-0.093790,0.070205
0.039932,-0.096043,0.068752
0.036048,-0.098254,0.067325
0.032157,-0.099989,0.066206
0.028263,-0.100723,0.065732
0.024367,-0.101458,0.065258
0.020458,-0.103553,0.063907
0.016527,-0.107124,0.061603
0.012614,-0.107978,0.061052
0.008698,-0.108706,0.060583
0.004768,-0.110272,0.059572
0.000847,-0.110891,0.059173
-0.003076,-0.111508,0.058775
-0.007001,-0.112127,0.058375
-0.010962,-0.114259,0.057000
-0.014935,-0.116565,0.055513
-0.018875,-0.117206,0.055099
-0.022810,-0.117610,0.054838
-0.026769,-0.118735,0.054112
-0.030740,-0.120143,0.053204
-0.034714,-0.121469,0.052349
-0.038688,-0.122631,0.051599
-0.042684,-0.124283,0.050533
-0.046732,-0.127121,0.048703
-0.050796,-0.130105,0.046778
-0.054882,-0.133334,0.044694
-0.059193,-0.141423,0.039476
-0.063571,-0.150340,0.033724
0.247941,-0.115436,0.060912
0.243385,-0.109068,0.065006
0.238851,-0.102688,0.069108
0.234542,-0.098459,0.071827
0.230346,-0.095298,0.073859
0.226164,-0.092149,0.075885
0.221977,-0.088796,0.078040
0.217779,-0.085167,0.080373
0.213676,-0.082505,0.082085
0.209616,-0.080232,0.083547
0.205566,-0.077968,0.085002
0.201530,-0.075774,0.086412
0.197513,-0.073711,0.087739
0.193532,-0.072020,0.088826
0.189638,-0.071427,0.089207
0.185747,-0.070835,0.089588
0.181852,-0.070143,0.090033
0.177958,-0.069425,0.090495
0.174068,-0.068707,0.090956
0.170263,-0.069283,0.090586
0.166479,-0.070210,0.089990
0.162691,-0.071138,0.089393
0.158900,-0.072038,0.088815
0.155100,-0.072839,0.088299
0.151379,-0.075131,0.086826
0.147649,-0.077389,0.085374
0.143876,-0.078964,0.084362
0.140100,-0.080586,0.083319
0.136278,-0.081345,0.082831
0.132476,-0.082582,0.082036
0.128669,-0.083819,0.081240
0.124861,-0.085102,0.080415
0.121048,-0.086404,0.079578
0.117299,-0.089462,0.077612
0.113472,-0.090697,0.076818
0.109679,-0.093032,0.075316
0.105804,-0.093086,0.075282
0.101935,-0.093363,0.075104
0.098067,-0.093672,0.074905
0.094199,-0.094011,0.074687
0.090307,-0.093466,0.075037
0.086406,-0.092448,0.075692
0.082523,-0.092074,0.075933
0.078651,-0.092137,0.075892
0.074779,-0.092221,0.075838
0.070910,-0.092510,0.075652
0.067044,-0.093025,0.075321
0.063178,-0.093722,0.074873
0.059312,-0.094642,0.074281
0.055444,-0.095679,0.073614
0.051576,-0.097233,0.072615
0.047703,-0.098794,0.071612
0.043826,-0.100978,0.070208
0.039941,-0.103298,0.068716
0.036049,-0.104929,0.067668
0.032151,-0.106004,0.066976
0.028248,-0.107304,0.066140
0.024333,-0.109952,0.064438
0.020407,-0.112824,0.062591
0.016494,-0.113126,0.062397
0.012580,-0.113429,0.062202
0.008652,-0.114695,0.061388
0.004729,-0.115315,0.060990
0.000801,-0.116048,0.060518
-0.003130,-0.116828,0.060017
-0.007076,-0.118207,0.059130
-0.011047,-0.120519,0.057644
-0.014988,-0.121146,0.057240
-0.018925,-0.121551,0.056980
-0.022864,-0.121956,0.056719
-0.026830,-0.123219,0.055908
-0.030798,-0.124383,0.055160
-0.034770,-0.125547,0.054411
-0.038744,-0.126641,0.053707
-0.042758,-0.128707,0.052379
-0.046811,-0.131571,0.050538
-0.050889,-0.134801,0.048461
-0.054996,-0.138442,0.046120
-0.059351,-0.147445,0.040332
-0.063832,-0.158474,0.033240
0.247978,-0.118167,0.063824
0.243423,-0.111816,0.067893
0.238888,-0.105427,0.071988
0.234602,-0.101450,0.074536
0.230394,-0.098166,0.076640
0.226211,-0.095011,0.078662
0.222028,-0.091716,0.080773
0.217836,-0.088162,0.083050
0.213764,-0.085876,0.084515
0.209701,-0.083596,0.085976
0.205649,-0.081328,0.087430
0.201606,-0.079066,0.088879
0.197578,-0.076874,0.090284
0.193635,-0.075710,0.091029
0.189738,-0.075116,0.091410
0.185844,-0.074523,0.091790
0.181950,-0.073873,0.092206
0.178053,-0.073153,0.092668
0.174174,-0.072645,0.092993
0.170385,-0.073513,0.092437
0.166580,-0.074169,0.092017
0.162783,-0.074969,0.091504
0.158990,-0.075900,0.090908
0.155199,-0.076911,0.090260
0.151483,-0.079337,0.088705
0.147758,-0.081767,0.087148
0.143992,-0.083563,0.085998
0.140210,-0.085145,0.084984
0.136423,-0.086728,0.083969
0.132615,-0.087970,0.083173
0.128803,-0.089213,0.082376
0.124988,-0.090472,0.081570
0.121170,-0.091778,0.080733
0.117425,-0.095099,0.078605
0.113679,-0.098726,0.076282
0.109814,-0.099261,0.075938
0.105951,-0.099930,0.075509
0.102075,-0.100209,0.075331
0.098197,-0.100498,0.075145
0.094319,-0.100749,0.074985
0.090425,-0.100464,0.075167
0.086510,-0.099186,0.075987
0.082608,-0.098293,0.076558
0.078724,-0.098125,0.076666
0.074845,-0.098210,0.076612
0.070974,-0.098744,0.076270
0.067102,-0.099391,0.075855
0.063230,-0.100194,0.075340
0.059357,-0.101093,0.074764
0.055484,-0.102437,0.073903
0.051608,-0.103998,0.072903
0.047728,-0.105871,0.071703
0.043846,-0.108770,0.069845
0.039951,-0.111026,0.068400
0.036049,-0.112328,0.067565
0.032140,-0.113904,0.066555
0.028224,-0.116378,0.064970
0.024302,-0.117986,0.063939
0.020385,-0.118290,0.063745
0.016466,-0.118593,0.063551
0.012543,-0.119198,0.063163
0.008615,-0.119997,0.062651
0.004684,-0.120796,0.062139
0.000750,-0.121556,0.061652
-0.003186,-0.122296,0.061178
-0.007154,-0.124480,0.059778
-0.011096,-0.125093,0.059385
-0.015035,-0.125499,0.059125
-0.018975,-0.125894,0.058872
-0.022914,-0.126134,0.058719
-0.026880,-0.127299,0.057972
-0.030851,-0.128465,0.057225
-0.034824,-0.129571,0.056516
-0.038801,-0.130652,0.055823
-0.042833,-0.133139,0.054230
-0.046899,-0.136268,0.052225
-0.050982,-0.139508,0.050149
-0.055147,-0.144432,0.046994
-0.059510,-0.153484,0.041193
-0.064189,-0.168738,0.031418
0.243461,-0.114565,0.070782
0.238957,-0.108505,0.074653
0.234699,-0.104837,0.076995
0.230456,-0.101183,0.079329
0.226258,-0.097875,0.081441
0.222080,-0.094639,0.083508
0.217926,-0.091542,0.085486
0.213852,-0.089251,0.086949
0.209787,-0.086966,0.088408
0.205732,-0.084692,0.089860
0.201687,-0.082425,0.091308
0.197652,-0.080163,0.092753
0.193737,-0.079407,0.093236
0.189838,-0.078811,0.093616
0.185942,-0.078216,0.093996
0.182048,-0.077609,0.094384
0.178149,-0.076887,0.094845
0.174296,-0.076815,0.094891
0.170505,-0.077717,0.094315
0.166702,-0.078458,0.093842
0.162892,-0.079117,0.093421
0.159081,-0.079776,0.093000
0.155306,-0.081119,0.092142
0.151586,-0.083552,0.090589
0.147858,-0.085989,0.089032
0.144108,-0.088172,0.087638
0.140322,-0.089759,0.086624
0.136551,-0.091765,0.085344
0.132756,-0.093405,0.084296
0.128937,-0.094624,0.083517
0.125116,-0.095873,0.082720
0.121292,-0.097170,0.081891
0.117551,-0.100755,0.079602
0.113822,-0.105009,0.076885
0.110035,-0.108002,0.074974
0.106180,-0.109261,0.074170
0.102263,-0.108673,0.074545
0.098329,-0.107366,0.075380
0.094438,-0.107471,0.075313
0.090540,-0.107327,0.075405
0.086621,-0.106210,0.076119
0.082718,-0.105697,0.076446
0.078819,-0.105232,0.076743
0.074930,-0.105214,0.076754
0.071047,-0.105545,0.076542
0.067164,-0.106012,0.076245
0.063285,-0.106867,0.075699
0.059405,-0.107892,0.075044
0.055530,-0.109865,0.073784
0.051650,-0.112043,0.072394
0.047768,-0.115545,0.070157
0.043868,-0.117368,0.068993
0.039961,-0.118705,0.068139
0.036048,-0.120533,0.066971
0.032129,-0.122830,0.065505
0.028208,-0.123163,0.065292
0.024276,-0.125224,0.063975
0.020357,-0.124436,0.064479
0.016439,-0.123953,0.064787
0.012508,-0.124754,0.064276
0.008574,-0.125553,0.063765
0.004638,-0.126295,0.063292
0.000699,-0.127037,0.062818
-0.003255,-0.128450,0.061915
-0.007198,-0.129047,0.061534
-0.011138,-0.129435,0.061286
-0.015081,-0.129812,0.061046
-0.019013,-0.129736,0.061094
-0.022960,-0.130217,0.060787
-0.026930,-0.131385,0.060041
-0.030902,-0.132504,0.059327
-0.034878,-0.133587,0.058635
-0.038860,-0.134727,0.057907
-0.042914,-0.137735,0.055986
-0.046988,-0.140993,0.053905
-0.051079,-0.144344,0.051765
-0.055302,-0.150531,0.047814
-0.059663,-0.159400,0.042150
-0.064681,-0.181989,0.027724
0.239056,-0.111903,0.077119
0.234796,-0.108228,0.079458
0.230551,-0.104566,0.081788
0.226321,-0.100917,0.084111
0.222131,-0.097563,0.086245
0.218016,-0.094925,0.087924
0.213939,-0.092630,0.089385
0.209872,-0.090340,0.090843
0.205816,-0.088060,0.092294
0.201769,-0.085788,0.093740
0.197763,-0.083942,0.094915
0.193843,-0.083140,0.095425
0.189939,-0.082520,0.095820
0.186040,-0.081916,0.096205
0.182144,-0.081319,0.096584
0.178245,-0.080627,0.097024
0.174417,-0.080994,0.096791
0.170624,-0.081897,0.096216
0.166825,-0.082755,0.095670
0.163011,-0.083416,0.095250
0.159196,-0.084077,0.094829
0.155425,-0.085564,0.093882
0.151689,-0.087774,0.092475
0.147958,-0.090219,0.090920
0.144219,-0.092669,0.089360
0.140435,-0.094385,0.088268
0.136664,-0.096497,0.086924
0.132891,-0.098723,0.085507
0.129075,-0.100119,0.084619
0.125245,-0.101307,0.083863
0.121415,-0.102578,0.083054
0.117678,-0.106430,0.080602
0.113944,-0.110702,0.077883
0.110194,-0.114990,0.075154
0.106367,-0.117342,0.073657
0.102592,-0.121670,0.070902
0.098663,-0.121226,0.071185
0.094589,-0.115366,0.074914
0.090652,-0.114078,0.075734
0.086736,-0.113453,0.076132
0.082829,-0.113118,0.076345
0.078921,-0.112668,0.076632
0.075035,-0.113358,0.076193
0.071141,-0.113692,0.075980
0.067254,-0.114521,0.075453
0.063360,-0.115065,0.075107
0.059479,-0.116980,0.073888
0.055591,-0.118923,0.072650
0.051703,-0.121804,0.070817
0.047800,-0.123735,0.069588
0.043889,-0.125352,0.068559
0.039976,-0.129718,0.065780
0.036048,-0.130867,0.065049
0.032117,-0.131590,0.064589
0.028189,-0.130667,0.065176
0.024264,-0.129745,0.065763
0.020343,-0.128824,0.066349
0.016410,-0.129523,0.065904
0.012473,-0.130302,0.065409
0.008534,-0.131046,0.064935
0.004593,-0.131790,0.064461
0.000648,-0.132535,0.063987
-0.003294,-0.132981,0.063703
-0.007236,-0.133358,0.063463
-0.011179,-0.133694,0.063250
-0.015113,-0.133569,0.063329
-0.019047,-0.133442,0.063409
-0.023007,-0.134307,0.062859
-0.026978,-0.135439,0.062139
-0.030953,-0.136523,0.061449
-0.034931,-0.137609,0.060758
-0.038932,-0.139203,0.059743
-0.043001,-0.142531,0.057625
-0.047085,-0.145903,0.055479
-0.051175,-0.149121,0.053431
-0.055456,-0.156630,0.048651
-0.059817,-0.165336,0.043110
0.239153,-0.115283,0.079601
0.234890,-0.111600,0.081937
0.230643,-0.107931,0.084265
0.226412,-0.104276,0.086584
0.222202,-0.100709,0.088846
0.218106,-0.098314,0.090366
0.214027,-0.096014,0.091825
0.209958,-0.093719,0.093280
0.205899,-0.091432,0.094730
0.201850,-0.089156,0.096175
0.197878,-0.087773,0.097051
0.193950,-0.086903,0.097604
0.190042,-0.086260,0.098011
0.186139,-0.085638,0.098406
0.182240,-0.085023,0.098796
0.178340,-0.084373,0.099208
0.174539,-0.085180,0.098696
0.170742,-0.086087,0.098121
0.166943,-0.086994,0.097546
0.163130,-0.087725,0.097082
0.159311,-0.088387,0.096662
0.155557,-0.090230,0.095493
0.151817,-0.092452,0.094084
0.148068,-0.094635,0.092699
0.144316,-0.096915,0.091252
0.140548,-0.099022,0.089916
0.136778,-0.101241,0.088508
0.133001,-0.103475,0.087092
0.129215,-0.105671,0.085698
0.125379,-0.106862,0.084943
0.121540,-0.108054,0.084187
0.117816,-0.112407,0.081426
0.114071,-0.116579,0.078779
0.110312,-0.120768,0.076123
0.106541,-0.125044,0.073410
0.103460,-0.152241,0.056159
0.094972,-0.131843,0.069097
0.090905,-0.126426,0.072533
0.086898,-0.122692,0.074902
0.082940,-0.120568,0.076249
0.079034,-0.120723,0.076151
0.075141,-0.121545,0.075630
0.071240,-0.122116,0.075268
0.067336,-0.122545,0.074995
0.063444,-0.124086,0.074018
0.059551,-0.125959,0.072830
0.055674,-0.130423,0.069998
0.051811,-0.139041,0.064532
0.047864,-0.137961,0.065217
0.043929,-0.138777,0.064699
0.039987,-0.137848,0.065288
0.036048,-0.136921,0.065877
0.032113,-0.135994,0.066464
0.028182,-0.135069,0.067051
0.024253,-0.134144,0.067638
0.020320,-0.134304,0.067536
0.016381,-0.135061,0.067056
0.012439,-0.135808,0.066582
0.008496,-0.136494,0.066147
0.004555,-0.136757,0.065980
0.000615,-0.136911,0.065883
-0.003329,-0.137289,0.065643
-0.007272,-0.137533,0.065488
-0.011209,-0.137407,0.065568
-0.015145,-0.137281,0.065648
-0.019083,-0.137233,0.065679
-0.023053,-0.138376,0.064954
-0.027026,-0.139462,0.064264
-0.031004,-0.140552,0.063573
-0.034992,-0.141837,0.062758
-0.039017,-0.144069,0.061342
-0.043093,-0.147442,0.059203
-0.047177,-0.150718,0.057125
-0.051270,-0.153909,0.055100
-0.055603,-0.162550,0.049620
-0.060004,-0.172050,0.043593
0.234982,-0.114940,0.084443
0.230733,-0.111264,0.086768
0.226499,-0.107601,0.089083
0.222314,-0.104331,0.091150
0.218207,-0.101833,0.092729
0.214115,-0.099401,0.094267
0.210044,-0.097102,0.095720
0.205983,-0.094809,0.097170
0.201931,-0.092527,0.098612
0.197993,-0.091611,0.099191
0.194062,-0.090739,0.099743
0.190146,-0.090006,0.100206
0.186240,-0.089383,0.100600
0.182337,-0.088760,0.100993
0.178462,-0.088512,0.101151
0.174662,-0.089375,0.100605
0.170861,-0.090284,0.100030
0.167058,-0.091194,0.099455
0.163249,-0.092042,0.098919
0.159427,-0.092708,0.098498
0.155689,-0.094907,0.097108
0.151946,-0.097155,0.095687
0.148194,-0.099366,0.094289
0.144433,-0.101559,0.092902
0.140668,-0.103824,0.091471
0.136892,-0.105998,0.090097
0.133110,-0.108238,0.088680
0.129322,-0.110484,0.087261
0.125513,-0.112437,0.086026
0.121674,-0.113770,0.085183
0.117964,-0.118638,0.082105
0.114238,-0.123529,0.079014
0.110474,-0.127847,0.076284
0.106693,-0.132075,0.073612
0.087193,-0.137592,0.070123
0.083208,-0.135298,0.071574
0.079265,-0.134674,0.071968
0.075333,-0.134520,0.072066
0.071434,-0.136392,0.070883
0.067823,-0.158555,0.056872
0.063803,-0.154793,0.059250
0.059799,-0.151164,0.061544
0.055807,-0.147546,0.063831
0.051838,-0.145118,0.065366
0.047885,-0.144159,0.065972
0.043936,-0.143202,0.066578
0.039991,-0.142268,0.067168
0.036048,-0.141338,0.067756
0.032110,-0.140409,0.068343
0.028174,-0.139480,0.068930
0.024239,-0.139085,0.069180
0.020298,-0.139768,0.068748
0.016354,-0.140447,0.068319
0.012410,-0.140875,0.068049
0.008470,-0.140894,0.068037
0.004529,-0.140913,0.068025
0.000584,-0.141226,0.067827
-0.003360,-0.141378,0.067731
-0.007299,-0.141251,0.067810
-0.011238,-0.141125,0.067891
-0.015176,-0.140999,0.067970
-0.019126,-0.141316,0.067770
-0.023102,-0.142556,0.066985
-0.027084,-0.143842,0.066173
-0.031071,-0.145114,0.065369
-0.035053,-0.146111,0.064738
-0.039104,-0.148981,0.062924
-0.043183,-0.152316,0.060816
-0.047268,-0.155508,0.058798
-0.051407,-0.159746,0.056119
-0.055770,-0.168975,0.050285
-0.060488,-0.185614,0.039766
0.230822,-0.114600,0.089273
0.226586,-0.110930,0.091586
0.222425,-0.107959,0.093457
0.218316,-0.105455,0.095035
0.214217,-0.102957,0.096608
0.210130,-0.100488,0.098164
0.206067,-0.098190,0.099612
0.202047,-0.096331,0.100783
0.198109,-0.095455,0.101335
0.194175,-0.094581,0.101886
0.190249,-0.093758,0.102405
0.186340,-0.093133,0.102798
0.182435,-0.092509,0.103191
0.178593,-0.092792,0.103013
0.174796,-0.093769,0.102397
0.170985,-0.094567,0.101894
0.167174,-0.095403,0.101368
0.163366,-0.096316,0.100793
0.159561,-0.097344,0.100145
0.155821,-0.099595,0.098727
0.152074,-0.101850,0.097306
0.148320,-0.104109,0.095883
0.144555,-0.106310,0.094496
0.140791,-0.108672,0.093008
0.137031,-0.111307,0.091348
0.133241,-0.113460,0.089992
0.129434,-0.115421,0.088756
0.125627,-0.117524,0.087432
0.121816,-0.119693,0.086065
0.118100,-0.124583,0.082984
0.114368,-0.129496,0.079889
0.110619,-0.134430,0.076780
0.106848,-0.139210,0.073769
0.075932,-0.170041,0.054344
0.071875,-0.165891,0.056959
0.067832,-0.161604,0.059660
0.063811,-0.157809,0.062051
0.059804,-0.154089,0.064395
0.055819,-0.151213,0.066207
0.051858,-0.150250,0.066813
0.047900,-0.149288,0.067419
0.043946,-0.148327,0.068024
0.039995,-0.147217,0.068724
0.036048,-0.146039,0.069466
0.032106,-0.144863,0.070208
0.028167,-0.143727,0.070922
0.024223,-0.144408,0.070494
0.020277,-0.144999,0.070121
0.016334,-0.145019,0.070109
0.012391,-0.145038,0.070097
0.008447,-0.145057,0.070085
0.004502,-0.145169,0.070014
0.000558,-0.145228,0.069977
-0.003384,-0.145101,0.070057
-0.007326,-0.145016,0.070110
-0.011270,-0.144994,0.070124
-0.015213,-0.144964,0.070143
-0.019180,-0.145848,0.069587
-0.023161,-0.147135,0.068775
-0.027147,-0.148393,0.067983
-0.031129,-0.149392,0.067354
-0.035119,-0.150520,0.066643
-0.039191,-0.153906,0.064510
-0.043269,-0.157107,0.062494
-0.047360,-0.160309,0.060476
-0.051562,-0.166036,0.056868
-0.055954,-0.175817,0.050706
-0.060810,-0.195447,0.038338
0.222538,-0.111592,0.095768
0.218426,-0.109083,0.097343
0.214324,-0.106580,0.098915
0.210233,-0.104082,0.100483
0.206152,-0.101592,0.102047
0.202165,-0.100184,0.102931
0.198224,-0.099307,0.103482
0.194288,-0.098430,0.104032
0.190355,-0.097554,0.104582
0.186441,-0.096890,0.104999
0.182533,-0.096264,0.105392
0.178724,-0.097074,0.104883
0.174935,-0.098223,0.104162
0.171121,-0.099044,0.103647
0.167304,-0.099844,0.103144
0.163485,-0.100645,0.102641
0.159698,-0.102044,0.101763
0.155954,-0.104295,0.100350
0.152203,-0.106558,0.098929
0.148445,-0.108825,0.097505
0.144678,-0.111073,0.096094
0.140913,-0.113532,0.094550
0.137150,-0.116176,0.092890
0.133377,-0.118827,0.091225
0.129576,-0.121038,0.089837
0.125758,-0.123010,0.088599
0.121986,-0.126335,0.086511
0.118330,-0.132996,0.082329
0.114613,-0.138641,0.078784
0.110864,-0.143942,0.075456
0.071900,-0.169799,0.059221
0.067858,-0.165761,0.061757
0.063827,-0.161479,0.064445
0.059816,-0.157539,0.066919
0.055841,-0.156001,0.067885
0.051873,-0.154782,0.068650
0.047911,-0.153597,0.069394
0.043952,-0.152413,0.070137
0.039998,-0.151231,0.070880
0.036049,-0.150050,0.071621
0.032103,-0.148869,0.072362
0.028157,-0.149057,0.072244
0.024211,-0.149151,0.072185
0.020264,-0.149171,0.072173
0.016318,-0.149190,0.072161
0.012371,-0.149210,0.072148
0.008424,-0.149303,0.072090
0.004478,-0.149216,0.072144
0.000532,-0.149195,0.072158
-0.003415,-0.149173,0.072172
-0.007361,-0.149149,0.072187
-0.011308,-0.149114,0.072209
-0.015256,-0.149144,0.072190
-0.019236,-0.150433,0.071380
-0.023220,-0.151675,0.070600
-0.027201,-0.152677,0.069972
-0.031187,-0.153679,0.069343
-0.035202,-0.155446,0.068233
-0.039274,-0.158705,0.066187
-0.043356,-0.161911,0.064174
-0.047454,-0.165198,0.062110
-0.051734,-0.172773,0.057354
-0.056147,-0.182874,0.051011
0.218536,-0.112729,0.099647
0.214432,-0.110219,0.101218
0.210338,-0.107716,0.102784
0.206255,-0.105219,0.104346
0.202290,-0.104119,0.105035
0.198340,-0.103164,0.105632
0.194401,-0.102285,0.106182
0.190465,-0.101407,0.106732
0.186542,-0.100652,0.107204
0.182645,-0.100214,0.107478
0.178855,-0.101365,0.106758
0.175063,-0.102518,0.106037
0.171257,-0.103529,0.105404
0.167437,-0.104333,0.104901
0.163613,-0.105136,0.104398
0.159843,-0.106893,0.103299
0.156093,-0.109125,0.101902
0.152336,-0.111361,0.100503
0.148572,-0.113602,0.099101
0.144800,-0.115847,0.097696
0.141037,-0.118405,0.096095
0.137268,-0.121058,0.094435
0.133491,-0.123718,0.092771
0.129705,-0.126384,0.091103
0.125894,-0.128654,0.089682
0.122160,-0.133075,0.086916
0.118497,-0.139770,0.082726
0.114811,-0.146505,0.078512
0.111106,-0.153364,0.074220
0.067879,-0.169629,0.064042
0.063849,-0.165632,0.066543
0.059860,-0.163996,0.067567
0.055877,-0.162450,0.068535
0.051900,-0.160906,0.069501
0.047929,-0.159364,0.070465
0.043963,-0.157825,0.071428
0.040003,-0.156118,0.072497
0.036049,-0.154411,0.073565
0.032099,-0.153467,0.074155
0.028149,-0.153597,0.074074
0.024199,-0.153726,0.073993
0.020248,-0.153856,0.073912
0.016298,-0.153824,0.073932
0.012350,-0.153596,0.074075
0.008402,-0.153382,0.074209
0.004453,-0.153359,0.074223
0.000503,-0.153337,0.074237
-0.003446,-0.153306,0.074256
-0.007396,-0.153271,0.074278
-0.011345,-0.153236,0.074300
-0.015307,-0.153734,0.073988
-0.019290,-0.154962,0.073220
-0.023271,-0.155965,0.072593
-0.027256,-0.156969,0.071964
-0.031245,-0.157974,0.071335
-0.035282,-0.160305,0.069877
-0.039357,-0.163529,0.067859
-0.043445,-0.166765,0.065834
-0.047563,-0.170471,0.063515
-0.051909,-0.179587,0.057811
-0.056341,-0.189964,0.051318
0.214541,-0.113866,0.103522
0.210444,-0.111357,0.105087
0.206382,-0.109160,0.106457
0.202423,-0.108168,0.107075
0.198468,-0.107177,0.107693
0.194517,-0.106188,0.108310
0.190576,-0.105266,0.108885
0.186644,-0.104420,0.109413
0.182780,-0.104511,0.109356
0.178987,-0.105666,0.108636
0.175191,-0.106822,0.107915
0.171391,-0.107979,0.107194
0.167569,-0.108831,0.106662
0.163742,-0.109638,0.106159
0.159989,-0.111754,0.104839
0.156235,-0.113994,0.103443
0.152473,-0.116237,0.102043
0.148710,-0.118583,0.100581
0.144943,-0.121024,0.099058
0.141176,-0.123615,0.097443
0.137400,-0.126217,0.095820
0.133615,-0.128826,0.094193
0.129822,-0.131441,0.092563
0.126023,-0.134130,0.090886
0.122341,-0.139999,0.087226
0.118674,-0.146842,0.082958
0.063880,-0.170510,0.068199
0.059887,-0.168877,0.069217
0.055896,-0.166976,0.070402
0.051914,-0.165224,0.071495
0.047938,-0.163504,0.072567
0.043969,-0.161786,0.073639
0.040006,-0.160072,0.074708
0.036049,-0.158360,0.075776
0.032094,-0.158412,0.075743
0.028140,-0.158542,0.075662
0.024187,-0.158355,0.075778
0.020234,-0.158126,0.075921
0.016282,-0.157897,0.076064
0.012332,-0.157667,0.076208
0.008380,-0.157532,0.076292
0.004428,-0.157506,0.076308
0.000475,-0.157471,0.076330
-0.003478,-0.157436,0.076352
-0.007430,-0.157401,0.076373
-0.011383,-0.157365,0.076395
-0.015357,-0.158252,0.075842
-0.019338,-0.159257,0.075216
-0.023323,-0.160275,0.074581
-0.027314,-0.161365,0.073901
-0.031305,-0.162318,0.073307
-0.035361,-0.165148,0.071542
-0.039441,-0.168385,0.069523
-0.043545,-0.171941,0.067306
-0.047703,-0.176576,0.064416
-0.052093,-0.186653,0.058131
-0.056791,-0.203245,0.047784
0.206519,-0.113221,0.108501
0.202556,-0.112226,0.109119
0.198598,-0.111232,0.109737
0.194644,-0.110240,0.110354
0.190695,-0.109248,0.110970
0.186749,-0.108259,0.111585
0.182915,-0.108816,0.111238
0.179119,-0.109975,0.110518
0.175319,-0.111134,0.109797
0.171516,-0.112295,0.109076
0.167702,-0.113340,0.108427
0.163886,-0.114385,0.107778
0.160135,-0.116628,0.106384
0.156378,-0.118899,0.104972
0.152623,-0.121345,0.103452
0.148860,-0.123797,0.101928
0.145089,-0.126261,0.100397
0.141317,-0.128867,0.098777
0.137536,-0.131480,0.097153
0.133749,-0.134143,0.095499
0.129991,-0.137713,0.093279
0.126239,-0.141713,0.090794
0.055914,-0.171305,0.072403
0.051929,-0.169731,0.073381
0.047949,-0.167831,0.074562
0.043975,-0.165935,0.075740
0.040008,-0.164041,0.076917
0.036048,-0.163127,0.077485
0.032091,-0.162896,0.077628
0.028134,-0.162666,0.077771
0.024177,-0.162436,0.077914
0.020222,-0.162206,0.078057
0.016267,-0.161976,0.078200
0.012313,-0.161746,0.078343
0.008358,-0.161684,0.078382
0.004402,-0.161656,0.078399
0.000446,-0.161628,0.078417
-0.003510,-0.161600,0.078434
-0.007465,-0.161572,0.078451
-0.011424,-0.161667,0.078393
-0.015407,-0.162756,0.077716
-0.019394,-0.163847,0.077037
-0.023385,-0.164940,0.076359
-0.027374,-0.165823,0.075810
-0.031368,-0.166767,0.075223
-0.035441,-0.170005,0.073210
-0.039531,-0.173411,0.071094
-0.043649,-0.177230,0.068720
-0.047868,-0.183363,0.064909
-0.052291,-0.194079,0.058249
0.198757,-0.115677,0.111547
0.194799,-0.114683,0.112163
0.190846,-0.113690,0.112778
0.186897,-0.112698,0.113393
0.183081,-0.113581,0.112846
0.179269,-0.114572,0.112231
0.175455,-0.115566,0.111617
0.171641,-0.116621,0.110963
0.167831,-0.117786,0.110242
0.164036,-0.119263,0.109326
0.160289,-0.121660,0.107842
0.156537,-0.124110,0.106324
0.152778,-0.126566,0.104803
0.149010,-0.129027,0.103279
0.145235,-0.131519,0.101736
0.141459,-0.134156,0.100102
0.137718,-0.137724,0.097893
0.047961,-0.172489,0.076361
0.043983,-0.170587,0.077539
0.040012,-0.168751,0.078676
0.036048,-0.168539,0.078807
0.032085,-0.168328,0.078938
0.028123,-0.168116,0.079069
0.024162,-0.167643,0.079362
0.020204,-0.167111,0.079691
0.016247,-0.166579,0.080021
0.012292,-0.166160,0.080280
0.008334,-0.165980,0.080392
0.004375,-0.165926,0.080425
0.000416,-0.165898,0.080443
-0.003543,-0.165870,0.080460
-0.007503,-0.165842,0.080478
-0.011473,-0.166332,0.080174
-0.015460,-0.167426,0.079496
-0.019451,-0.168520,0.078819
-0.023438,-0.169334,0.078315
-0.027427,-0.170067,0.077860
-0.031443,-0.171626,0.076895
-0.035521,-0.174881,0.074879
-0.039630,-0.178701,0.072513
-0.043753,-0.182536,0.070138
-0.048053,-0.190677,0.065095
-0.052520,-0.202276,0.057912
0.187075,-0.117564,0.114947
0.183261,-0.118558,0.114334
0.179445,-0.119551,0.113721
0.175625,-0.120544,0.113108
0.171803,-0.121538,0.112494
0.167978,-0.122533,0.111880
0.164204,-0.124436,0.110706
0.160454,-0.126879,0.109197
0.156697,-0.129328,0.107686
0.040018,-0.174049,0.080083
0.036048,-0.173514,0.080413
0.032081,-0.172979,0.080743
0.028116,-0.172445,0.081072
0.024152,-0.171912,0.081402
0.020191,-0.171378,0.081731
0.016231,-0.170844,0.082061
0.012270,-0.170595,0.082215
0.008308,-0.170414,0.082326
0.004348,-0.170234,0.082438
0.000386,-0.170176,0.082473
-0.003577,-0.170148,0.082490
-0.007540,-0.170120,0.082508
-0.011522,-0.171008,0.081959
-0.015513,-0.172105,0.081282
-0.019499,-0.172849,0.080823
-0.023488,-0.173584,0.080370
-0.027480,-0.174320,0.079915
-0.031519,-0.176496,0.078572
-0.035614,-0.180173,0.076303
-0.039729,-0.184008,0.073936
-0.043862,-0.187993,0.071475
-0.048272,-0.198893,0.064748
0.028109,-0.176723,0.083117
0.024142,-0.176188,0.083446
0.020177,-0.175653,0.083775
0.016213,-0.175220,0.084042
0.012247,-0.175039,0.084153
0.008283,-0.174858,0.084264
0.004318,-0.174676,0.084376
0.000354,-0.174496,0.084487
-0.003611,-0.174435,0.084524
-0.007581,-0.174597,0.084425
-0.011570,-0.175632,0.083788
-0.015557,-0.176369,0.083335
-0.019546,-0.177105,0.082882
-0.023538,-0.177843,0.082428
-0.027533,-0.178581,0.081974
-0.031602,-0.181645,0.080089
-0.035719,-0.185831,0.077514
-0.039848,-0.189926,0.074996
-0.044045,-0.195503,0.071565
0.012225,-0.179486,0.086099
0.008257,-0.179304,0.086211
0.004289,-0.179129,0.086318
0.000321,-0.178947,0.086429
-0.003646,-0.178766,0.086540
-0.007623,-0.179155,0.086302
-0.011610,-0.179893,0.085850
-0.015601,-0.180661,0.085379
-0.019595,-0.181460,0.084890
-0.023592,-0.182259,0.084399
-0.027605,-0.183485,0.083647
-0.031722,-0.187962,0.080903
-0.035836,-0.191859,0.078514
-0.039957,-0.195545,0.076254
-0.003683,-0.183265,0.088464
-0.007673,-0.184057,0.087980
-0.011665,-0.184855,0.087493
-0.015661,-0.185653,0.087005
-0.019660,-0.186452,0.086516
-0.023662,-0.187252,0.086028
-0.027725,-0.190095,0.084291
-0.031826,-0.193794,0.082032
