X,Y,Z
-0.100564,0.239734,0.212964
-0.101443,0.241229,0.214794
-0.103329,0.240937,0.214235
-0.103874,0.239427,0.214699
-0.104236,0.240202,0.214664
-0.103647,0.240535,0.213742
-0.107485,0.241382,0.215057
-0.105874,0.241794,0.213767
-0.105908,0.240939,0.214743
-0.107567,0.243166,0.215351
-0.109380,0.240741,0.215241
-0.110641,0.242328,0.216050
-0.113639,0.241167,0.214020
-0.114182,0.241712,0.215120
-0.091736,0.238560,0.210302
-0.093145,0.238360,0.214525
-0.093769,0.238702,0.215929
-0.096743,0.238909,0.214287
-0.095828,0.239953,0.215543
-0.098838,0.241337,0.215852
-0.098733,0.242094,0.215540
-0.099696,0.243212,0.218452
-0.098650,0.243901,0.219344
-0.101213,0.244626,0.218000
-0.102561,0.244168,0.218406
-0.103581,0.243953,0.220243
-0.103224,0.245440,0.218857
-0.106601,0.244417,0.218190
-0.106097,0.243682,0.219857
-0.108551,0.244943,0.218330
-0.108471,0.244513,0.219071
-0.109494,0.244420,0.218425
-0.111361,0.246823,0.220886
-0.111767,0.247425,0.221101
-0.111868,0.246854,0.220479
-0.114684,0.243283,0.216080
-0.114623,0.241405,0.213172
-0.115365,0.239343,0.215308
-0.119263,0.236895,0.211675
-0.118938,0.236785,0.210782
-0.119516,0.234003,0.209199
-0.119380,0.231161,0.205926
-0.121956,0.227291,0.204267
-0.121335,0.225095,0.201970
-0.083043,0.231475,0.208742
-0.082968,0.234329,0.209512
-0.085394,0.233944,0.211341
-0.087292,0.235552,0.209572
-0.084177,0.237470,0.214157
-0.089186,0.237789,0.214255
-0.090871,0.240290,0.215379
-0.089821,0.239480,0.216316
-0.090761,0.239741,0.217488
-0.093606,0.242289,0.218149
-0.092969,0.242051,0.218801
-0.094745,0.245332,0.218203
-0.096297,0.245327,0.220253
-0.094332,0.245793,0.219048
-0.095089,0.247201,0.220908
-0.099792,0.246106,0.223621
-0.099812,0.247613,0.224272
-0.100838,0.248101,0.223261
-0.100872,0.247428,0.222424
-0.101612,0.247612,0.222010
-0.103362,0.248827,0.223339
-0.103673,0.248584,0.222394
-0.104555,0.248705,0.223945
-0.107896,0.249001,0.225412
-0.108792,0.250713,0.226270
-0.107119,0.251778,0.224878
-0.109260,0.253193,0.226523
-0.110242,0.250986,0.226290
-0.110364,0.248041,0.225821
-0.111439,0.247559,0.222111
-0.114073,0.245699,0.218599
-0.114218,0.242785,0.217882
-0.118211,0.239997,0.217689
-0.115269,0.237615,0.213083
-0.116321,0.233639,0.213165
-0.120079,0.233547,0.210082
-0.119797,0.229886,0.207685
-0.122027,0.226376,0.206233
-0.123291,0.224934,0.200739
-0.123438,0.222227,0.198474
-0.123949,0.220634,0.198199
-0.064172,0.213684,0.192818
-0.068865,0.215915,0.194595
-0.069626,0.227020,0.204885
-0.069796,0.227368,0.208011
-0.071445,0.228427,0.205866
-0.072160,0.230746,0.209736
-0.072747,0.229920,0.211956
-0.073931,0.230066,0.212516
-0.074256,0.232959,0.210252
-0.077580,0.234102,0.212099
-0.075702,0.232617,0.211312
-0.079377,0.235558,0.213097
-0.080249,0.235362,0.215652
-0.080072,0.236420,0.214195
-0.082729,0.238580,0.216512
-0.081967,0.237837,0.216739
-0.083028,0.238589,0.216604
-0.084887,0.239414,0.217780
-0.084922,0.240489,0.218076
-0.089399,0.241645,0.219569
-0.087753,0.240817,0.220196
-0.088180,0.243214,0.219740
-0.090263,0.242650,0.220392
-0.090238,0.244954,0.223070
-0.093135,0.245090,0.222879
-0.092657,0.244395,0.224469
-0.093051,0.247606,0.222881
-0.096309,0.249422,0.225559
-0.095456,0.249889,0.227011
-0.097419,0.249931,0.225825
-0.098674,0.250353,0.228292
-0.097923,0.248499,0.228294
-0.099812,0.250292,0.226692
-0.102695,0.252223,0.228729
-0.100136,0.253476,0.227832
-0.102049,0.254038,0.228625
-0.104856,0.254292,0.230697
-0.106256,0.254984,0.231415
-0.106372,0.254700,0.230138
-0.107263,0.256858,0.231367
-0.108474,0.255904,0.232006
-0.109408,0.253784,0.230072
-0.109784,0.252354,0.227026
-0.111326,0.247908,0.224014
-0.110918,0.247154,0.221656
-0.114359,0.245773,0.221595
-0.114500,0.240721,0.220741
-0.115279,0.239829,0.217594
-0.113927,0.234838,0.214351
-0.117719,0.233173,0.213143
-0.120371,0.231526,0.210480
-0.118792,0.227441,0.207831
-0.120463,0.229072,0.204565
-0.122291,0.223310,0.204981
-0.124261,0.220923,0.201061
-0.124793,0.220246,0.199775
-0.127327,0.217724,0.196945
-0.126006,0.212685,0.193152
-0.043466,0.216556,0.198336
-0.044794,0.220717,0.201085
-0.045957,0.222505,0.200994
-0.047832,0.218985,0.202972
-0.048114,0.220662,0.202745
-0.049765,0.221982,0.203416
-0.048652,0.221287,0.203218
-0.051949,0.222689,0.202488
-0.053208,0.221663,0.204614
-0.053438,0.223109,0.203431
-0.053841,0.222699,0.204682
-0.056346,0.225319,0.205526
-0.056507,0.224424,0.205696
-0.058470,0.224602,0.205412
-0.058787,0.222701,0.208740
-0.060135,0.226114,0.207074
-0.060400,0.226996,0.207743
-0.061317,0.228210,0.208938
-0.063216,0.230671,0.210422
-0.064451,0.231517,0.209797
-0.065514,0.231898,0.211669
-0.065784,0.232613,0.214120
-0.068729,0.231412,0.212979
-0.070365,0.235043,0.213453
-0.067641,0.235176,0.212829
-0.069886,0.236028,0.215818
-0.071446,0.235054,0.215949
-0.072015,0.235359,0.216619
-0.072797,0.237275,0.215647
-0.073371,0.237922,0.219397
-0.075513,0.239011,0.217905
-0.076115,0.240099,0.217389
-0.075585,0.239936,0.219500
-0.077368,0.239173,0.218451
-0.080217,0.240209,0.219253
-0.080580,0.239692,0.219720
-0.081558,0.241047,0.220283
-0.082166,0.240944,0.221741
-0.083551,0.243535,0.220376
-0.083406,0.243501,0.222051
-0.085118,0.245955,0.222220
-0.086666,0.243409,0.223338
-0.088599,0.245351,0.224725
-0.089758,0.246951,0.225440
-0.089500,0.248353,0.226803
-0.092059,0.248934,0.225536
-0.092477,0.247912,0.227644
-0.092622,0.250594,0.228122
-0.092662,0.251564,0.228576
-0.096126,0.252275,0.232638
-0.096407,0.253631,0.230261
-0.095796,0.252223,0.231810
-0.098212,0.254376,0.231269
-0.098419,0.253247,0.232655
-0.100643,0.252912,0.234004
-0.101829,0.254275,0.230495
-0.102150,0.254290,0.231834
-0.101915,0.255633,0.235171
-0.102136,0.254430,0.232197
-0.103427,0.253946,0.232257
-0.105422,0.254255,0.234119
-0.108493,0.254725,0.233705
-0.107772,0.257141,0.233804
-0.109676,0.252867,0.230982
-0.111078,0.250675,0.228245
-0.112775,0.248998,0.226480
-0.114331,0.245770,0.224405
-0.113698,0.244129,0.221630
-0.112398,0.241609,0.220350
-0.115972,0.238065,0.219849
-0.117919,0.235165,0.215166
-0.117427,0.231628,0.214305
-0.118683,0.230904,0.212829
-0.120680,0.227870,0.208579
-0.121068,0.225560,0.206503
-0.123858,0.222104,0.203928
-0.124045,0.222735,0.203014
-0.123812,0.218976,0.198846
-0.126398,0.216560,0.199257
-0.129595,0.215311,0.194890
-0.128739,0.212345,0.193743
-0.028495,0.217119,0.198411
-0.029603,0.216989,0.200166
-0.029749,0.217559,0.202820
-0.032079,0.220585,0.203384
-0.033144,0.219716,0.204934
-0.034787,0.222398,0.202451
-0.033477,0.223888,0.206682
-0.036860,0.223011,0.206712
-0.037889,0.223991,0.208182
-0.038048,0.225407,0.208475
-0.038951,0.226166,0.208110
-0.042252,0.224806,0.208020
-0.041458,0.225837,0.208348
-0.041882,0.225686,0.207936
-0.043254,0.226296,0.208730
-0.044282,0.226461,0.208891
-0.049267,0.225244,0.208842
-0.047018,0.224969,0.208912
-0.048973,0.225696,0.208954
-0.048915,0.225938,0.206449
-0.050143,0.227940,0.207826
-0.049421,0.227082,0.209994
-0.052660,0.229146,0.211145
-0.052128,0.227579,0.210178
-0.054007,0.233366,0.212676
-0.053766,0.232267,0.213334
-0.054996,0.231749,0.214068
-0.056238,0.232559,0.214596
-0.058378,0.233098,0.215346
-0.060410,0.234072,0.216022
-0.058654,0.233990,0.214520
-0.060868,0.231981,0.214695
-0.061202,0.233363,0.217114
-0.064019,0.235283,0.214175
-0.063571,0.234612,0.217723
-0.063479,0.236481,0.218203
-0.065120,0.234262,0.219175
-0.066980,0.237222,0.218785
-0.067763,0.237160,0.219058
-0.069206,0.236551,0.218137
-0.071304,0.237323,0.221325
-0.071109,0.237422,0.219971
-0.071729,0.240346,0.221622
-0.072271,0.240685,0.222132
-0.076452,0.241375,0.221946
-0.075634,0.242572,0.222805
-0.075137,0.240368,0.222436
-0.077258,0.242221,0.222351
-0.078593,0.242864,0.223497
-0.077292,0.243487,0.225079
-0.080326,0.243884,0.225465
-0.082207,0.244731,0.225753
-0.084124,0.245426,0.226585
-0.085444,0.245668,0.225122
-0.085081,0.248710,0.226647
-0.086193,0.248966,0.228257
-0.085368,0.248363,0.227620
-0.088023,0.248688,0.228856
-0.089219,0.249456,0.230063
-0.089839,0.250769,0.230277
-0.089993,0.249967,0.232411
-0.091828,0.251622,0.231370
-0.091747,0.251687,0.233671
-0.094751,0.252687,0.233091
-0.095789,0.253846,0.230767
-0.096514,0.253409,0.232706
-0.097286,0.254615,0.234238
-0.097604,0.254598,0.233640
-0.100557,0.253149,0.233117
-0.101086,0.254616,0.232606
-0.102029,0.255477,0.233410
-0.100636,0.256470,0.232685
-0.104645,0.254637,0.233741
-0.105062,0.255378,0.236529
-0.103348,0.257473,0.234099
-0.104091,0.255820,0.234613
-0.107569,0.256208,0.235711
-0.107837,0.253906,0.235982
-0.110471,0.253792,0.231887
-0.111527,0.249212,0.227277
-0.109402,0.246671,0.226908
-0.112261,0.246571,0.226093
-0.111929,0.244381,0.224256
-0.114977,0.239123,0.220580
-0.113597,0.237427,0.218833
-0.114793,0.236152,0.217147
-0.116514,0.233213,0.216516
-0.119577,0.232451,0.213370
-0.120665,0.227249,0.211964
-0.120384,0.224881,0.208928
-0.122714,0.224648,0.206274
-0.122290,0.221920,0.204875
-0.125118,0.218708,0.200421
-0.125154,0.216101,0.199622
-0.125864,0.214119,0.195425
-0.127621,0.212245,0.195165
-0.128008,0.208989,0.192295
-0.130653,0.205224,0.191078
-0.017212,0.220426,0.202003
-0.017984,0.219598,0.203810
-0.019915,0.219654,0.203979
-0.019646,0.219892,0.206272
-0.020234,0.221546,0.207305
-0.022910,0.222417,0.207279
-0.023713,0.223741,0.207833
-0.023911,0.224519,0.210293
-0.025871,0.223906,0.209239
-0.026324,0.227308,0.208213
-0.028131,0.224175,0.210173
-0.029215,0.226398,0.208836
-0.029457,0.225108,0.211064
-0.029907,0.225321,0.211990
-0.030065,0.225535,0.211337
-0.034655,0.227042,0.210276
-0.035141,0.228303,0.211242
-0.034754,0.226525,0.211991
-0.034912,0.227149,0.212026
-0.037642,0.227828,0.211320
-0.038769,0.227850,0.209911
-0.038260,0.229298,0.212539
-0.040233,0.230044,0.213205
-0.040991,0.228347,0.212488
-0.041310,0.228902,0.212546
-0.042612,0.229339,0.212613
-0.045123,0.228608,0.211781
-0.044932,0.230698,0.212990
-0.046132,0.229583,0.214997
-0.046592,0.232649,0.215958
-0.049915,0.231293,0.213485
-0.050163,0.231034,0.214301
-0.051131,0.232599,0.215127
-0.052368,0.232344,0.214407
-0.053613,0.232660,0.217425
-0.053129,0.232798,0.215986
-0.055477,0.233606,0.216968
-0.054867,0.233888,0.216172
-0.058634,0.235209,0.217668
-0.058224,0.236385,0.217982
-0.059970,0.237028,0.218652
-0.060041,0.235628,0.218504
-0.059740,0.234659,0.221059
-0.062100,0.237688,0.220491
-0.062542,0.236663,0.222617
-0.065842,0.238892,0.222131
-0.065255,0.238420,0.220747
-0.063700,0.239177,0.220753
-0.067811,0.237336,0.218733
-0.067677,0.238690,0.221669
-0.070135,0.239593,0.221695
-0.069834,0.239310,0.222805
-0.072666,0.241827,0.224502
-0.072054,0.242022,0.224172
-0.072236,0.239424,0.225945
-0.074522,0.243491,0.225848
-0.074395,0.244218,0.225672
-0.077035,0.244695,0.225583
-0.078852,0.245317,0.225837
-0.079938,0.245852,0.227113
-0.080769,0.247090,0.228514
-0.081026,0.247905,0.229501
-0.081592,0.246825,0.229494
-0.082807,0.247448,0.228461
-0.083151,0.247963,0.230658
-0.085395,0.249579,0.231272
-0.084384,0.248150,0.232962
-0.085926,0.250527,0.229831
-0.087681,0.251042,0.233397
-0.086957,0.251946,0.232017
-0.089056,0.251248,0.233741
-0.090270,0.251491,0.232077
-0.092140,0.251148,0.233618
-0.092658,0.253568,0.231885
-0.095620,0.253264,0.233841
-0.094314,0.252903,0.233760
-0.094913,0.254089,0.234372
-0.095738,0.254048,0.234794
-0.098621,0.254390,0.236222
-0.098625,0.254131,0.236970
-0.100611,0.254524,0.235022
-0.100597,0.256648,0.235197
-0.101844,0.255564,0.236875
-0.102169,0.255445,0.237703
-0.105527,0.257295,0.236777
-0.104369,0.254459,0.236576
-0.105629,0.256101,0.236163
-0.107636,0.259054,0.237676
-0.108918,0.252608,0.234494
-0.109082,0.252011,0.232711
-0.110718,0.249972,0.229930
-0.111974,0.248210,0.227867
-0.113482,0.245240,0.226455
-0.112843,0.240908,0.226786
-0.115122,0.238416,0.223387
-0.115560,0.239235,0.220924
-0.116666,0.234816,0.220556
-0.117405,0.232369,0.217904
-0.119775,0.231004,0.215383
-0.120883,0.229078,0.210992
-0.120891,0.225594,0.210225
-0.122906,0.221667,0.206704
-0.122946,0.219712,0.206744
-0.123662,0.219663,0.202002
-0.127069,0.216261,0.200242
-0.126196,0.214070,0.198878
-0.127306,0.209679,0.196400
-0.128034,0.208125,0.192921
-0.131172,0.205200,0.192090
-0.132516,0.202430,0.188983
-0.008464,0.220503,0.206034
-0.009296,0.219099,0.206893
-0.009628,0.218459,0.208319
-0.013844,0.222503,0.208884
-0.015056,0.223932,0.208260
-0.011659,0.225547,0.211067
-0.015244,0.224589,0.209186
-0.015105,0.226015,0.211633
-0.016452,0.226130,0.212498
-0.019088,0.227638,0.210506
-0.018116,0.226527,0.211183
-0.020459,0.226178,0.212699
-0.020651,0.227844,0.213554
-0.021743,0.228784,0.213627
-0.024161,0.228316,0.213493
-0.026025,0.226855,0.215002
-0.024597,0.229735,0.214869
-0.025547,0.227028,0.215901
-0.027631,0.228649,0.214460
-0.029565,0.229526,0.213344
-0.029826,0.227856,0.214759
-0.031464,0.228541,0.215322
-0.031381,0.229687,0.216466
-0.032020,0.230568,0.213880
-0.035121,0.229217,0.216687
-0.033943,0.229735,0.216177
-0.034909,0.231989,0.216196
-0.036758,0.231067,0.216337
-0.038417,0.232233,0.215057
-0.039205,0.231544,0.216711
-0.040104,0.230150,0.217286
-0.040904,0.230520,0.216756
-0.043228,0.231960,0.215569
-0.043715,0.230816,0.216299
-0.042617,0.233089,0.215870
-0.046775,0.234684,0.215734
-0.047178,0.233603,0.217944
-0.047291,0.232044,0.215025
-0.049478,0.232656,0.217524
-0.049388,0.234104,0.217954
-0.050286,0.233477,0.220596
-0.051689,0.234388,0.218850
-0.052934,0.234647,0.218769
-0.052981,0.234839,0.218892
-0.055506,0.235683,0.220022
-0.055067,0.236042,0.220362
-0.058456,0.235495,0.221449
-0.057474,0.235662,0.221583
-0.059640,0.238167,0.220742
-0.059208,0.237630,0.223234
-0.059888,0.238587,0.223744
-0.061819,0.238761,0.222231
-0.063394,0.237876,0.224132
-0.064072,0.238181,0.224073
-0.064809,0.240167,0.224348
-0.065349,0.241006,0.226269
-0.067561,0.240220,0.223842
-0.067403,0.241699,0.222852
-0.067275,0.240792,0.226641
-0.070938,0.242477,0.225644
-0.070495,0.241503,0.227392
-0.073044,0.245995,0.227003
-0.073927,0.244289,0.228200
-0.074493,0.246161,0.229935
-0.073675,0.247726,0.229031
-0.077267,0.246131,0.232180
-0.078665,0.248001,0.229067
-0.078166,0.247514,0.230895
-0.078956,0.248481,0.229158
-0.079862,0.248147,0.230602
-0.081064,0.246783,0.230835
-0.085016,0.251057,0.232098
-0.083865,0.249740,0.233265
-0.085673,0.249304,0.232605
-0.084763,0.250813,0.232338
-0.086175,0.250117,0.232939
-0.087565,0.249471,0.234702
-0.090287,0.249925,0.236340
-0.091868,0.252048,0.233200
-0.089348,0.252071,0.234147
-0.091269,0.253193,0.233563
-0.093823,0.251921,0.235932
-0.094568,0.252386,0.237070
-0.093869,0.252933,0.235686
-0.096070,0.253293,0.236689
-0.096800,0.253663,0.236016
-0.097040,0.253853,0.237229
-0.099238,0.254466,0.237642
-0.100534,0.253693,0.238482
-0.102050,0.255223,0.236883
-0.101737,0.256453,0.237567
-0.101877,0.257010,0.239427
-0.104298,0.258725,0.238561
-0.105788,0.255818,0.237790
-0.108078,0.258186,0.238328
-0.106382,0.255803,0.239889
-0.109468,0.254154,0.238033
-0.108269,0.252906,0.237184
-0.111144,0.247860,0.233288
-0.110773,0.247041,0.231234
-0.109942,0.243610,0.227802
-0.115366,0.240233,0.225948
-0.116279,0.239608,0.221649
-0.115858,0.236780,0.221556
-0.117111,0.235308,0.219330
-0.118328,0.233815,0.218726
-0.118282,0.228844,0.215739
-0.119470,0.227336,0.212763
-0.121491,0.225086,0.210444
-0.122439,0.222853,0.210747
-0.122045,0.218153,0.206532
-0.125151,0.218108,0.203044
-0.124456,0.214692,0.201766
-0.127362,0.212629,0.199854
-0.126857,0.211004,0.197988
-0.127584,0.208929,0.195564
-0.130452,0.204116,0.191647
-0.130814,0.203137,0.189570
-0.132486,0.198615,0.187568
0.001993,0.215325,0.204626
0.001332,0.219989,0.209220
0.000081,0.219861,0.208086
-0.000925,0.222398,0.210487
-0.002003,0.223331,0.209811
-0.003344,0.222739,0.210045
-0.005743,0.222946,0.210950
-0.005285,0.224880,0.213443
-0.004195,0.225504,0.213058
-0.005500,0.227993,0.214903
-0.008014,0.226917,0.213504
-0.007994,0.228617,0.215791
-0.010479,0.228059,0.215188
-0.013094,0.227825,0.214244
-0.012016,0.227006,0.215600
-0.014145,0.229418,0.214482
-0.015738,0.229588,0.215367
-0.014948,0.227799,0.214736
-0.017052,0.229437,0.215439
-0.016332,0.229466,0.215157
-0.018996,0.229705,0.216633
-0.019645,0.229714,0.216116
-0.021928,0.231002,0.216583
-0.022479,0.231433,0.218736
-0.021736,0.229776,0.217261
-0.024785,0.230114,0.219201
-0.026697,0.229694,0.219346
-0.025800,0.231344,0.216780
-0.027177,0.231155,0.217752
-0.028237,0.230471,0.220605
-0.030748,0.233223,0.219396
-0.029506,0.232619,0.218675
-0.030759,0.230575,0.218724
-0.032980,0.232959,0.218143
-0.034204,0.232977,0.220262
-0.034924,0.234374,0.218791
-0.033938,0.230935,0.219078
-0.036823,0.233900,0.220224
-0.036852,0.234973,0.217762
-0.038618,0.232508,0.219582
-0.039305,0.234113,0.219028
-0.040534,0.232957,0.218856
-0.040854,0.233989,0.218815
-0.042343,0.233056,0.221301
-0.042949,0.234463,0.219390
-0.043314,0.234773,0.219908
-0.045503,0.234211,0.222820
-0.045821,0.233472,0.221135
-0.048415,0.233731,0.219715
-0.048136,0.233250,0.221151
-0.050336,0.234917,0.220545
-0.051578,0.234722,0.223319
-0.053255,0.234057,0.222023
-0.053240,0.236932,0.223919
-0.056421,0.238114,0.223537
-0.056099,0.236846,0.224875
-0.055281,0.237417,0.222392
-0.057658,0.237898,0.223973
-0.058266,0.239989,0.222849
-0.059283,0.239344,0.224155
-0.059326,0.240283,0.223780
-0.061128,0.240136,0.226151
-0.063418,0.239536,0.226099
-0.060981,0.239221,0.227079
-0.064194,0.240922,0.227175
-0.065129,0.241556,0.226937
-0.065525,0.244648,0.227109
-0.067615,0.243338,0.227637
-0.068767,0.242248,0.229637
-0.070005,0.244311,0.230786
-0.072528,0.245658,0.229883
-0.071928,0.246204,0.230319
-0.072066,0.243793,0.230114
-0.073425,0.245194,0.230045
-0.075199,0.245381,0.231324
-0.076529,0.246177,0.231806
-0.075501,0.247392,0.231343
-0.076835,0.247730,0.230807
-0.078254,0.247485,0.232113
-0.080339,0.249653,0.231729
-0.081112,0.247736,0.233764
-0.082208,0.248905,0.233826
-0.082169,0.248873,0.233021
-0.082968,0.249963,0.234420
-0.083722,0.249548,0.234952
-0.087625,0.247719,0.235787
-0.086656,0.251192,0.235760
-0.088294,0.251517,0.236681
-0.088007,0.253296,0.236475
-0.089297,0.254584,0.236550
-0.090085,0.251552,0.237434
-0.090906,0.251534,0.236324
-0.093180,0.252949,0.238114
-0.094171,0.255214,0.238485
-0.094610,0.254568,0.237251
-0.096884,0.254463,0.237860
-0.099240,0.253079,0.238459
-0.098575,0.254391,0.238598
-0.098210,0.256907,0.238185
-0.099761,0.254732,0.238648
-0.102823,0.254097,0.240269
-0.103259,0.258306,0.241138
-0.102984,0.257499,0.242347
-0.103528,0.256945,0.239514
-0.105409,0.257451,0.240458
-0.105715,0.258699,0.241863
-0.107008,0.255576,0.240616
-0.107969,0.253687,0.239052
-0.109454,0.251502,0.235053
-0.110034,0.249288,0.234547
-0.110703,0.247400,0.231678
-0.114292,0.243482,0.230028
-0.113408,0.240974,0.227803
-0.114958,0.239893,0.227778
-0.114125,0.235878,0.221669
-0.117045,0.233715,0.219979
-0.116023,0.232095,0.217835
-0.117692,0.228806,0.217952
-0.121209,0.227480,0.214249
-0.121535,0.223546,0.209974
-0.123368,0.221384,0.209584
-0.123793,0.219027,0.207399
-0.123161,0.218556,0.204490
-0.126617,0.214336,0.201318
-0.128333,0.212407,0.198936
-0.127217,0.209341,0.198371
-0.128951,0.207675,0.195025
-0.128640,0.205026,0.194861
-0.131498,0.201796,0.192722
-0.130667,0.201305,0.190301
-0.131959,0.197914,0.187667
0.031693,0.243973,0.231998
0.030820,0.246077,0.231641
0.028227,0.243974,0.232550
0.030100,0.245521,0.233620
0.029111,0.244334,0.231697
0.027829,0.243242,0.228512
0.012714,0.223530,0.213014
0.010117,0.226512,0.213283
0.009015,0.225871,0.213927
0.010409,0.225969,0.213596
0.008952,0.225285,0.213733
0.007830,0.226204,0.216132
0.006547,0.226113,0.215629
0.006227,0.225942,0.215971
0.002519,0.227359,0.215667
0.003506,0.227138,0.215801
0.001323,0.228334,0.215534
-0.000590,0.230763,0.216939
0.000311,0.228380,0.216849
-0.001517,0.228907,0.217381
-0.001770,0.229010,0.217594
-0.003686,0.230013,0.217983
-0.005726,0.229773,0.219766
-0.005300,0.231157,0.219729
-0.005774,0.230312,0.219522
-0.007864,0.231490,0.218759
-0.007208,0.230077,0.219742
-0.006813,0.231392,0.220253
-0.010540,0.231329,0.218987
-0.012076,0.232005,0.219423
-0.013011,0.230601,0.220470
-0.013858,0.232843,0.219639
-0.014554,0.233373,0.218022
-0.015810,0.233984,0.222211
-0.016984,0.231855,0.219972
-0.017610,0.232923,0.221505
-0.019484,0.234310,0.222297
-0.018268,0.234481,0.221534
-0.021185,0.233599,0.220909
-0.022639,0.233323,0.222214
-0.024270,0.233918,0.221508
-0.023636,0.233806,0.221162
-0.024125,0.232623,0.223210
-0.027314,0.235169,0.223192
-0.027930,0.235303,0.222028
-0.027378,0.235700,0.223857
-0.030205,0.234343,0.222337
-0.028850,0.234087,0.224388
-0.031477,0.238264,0.223448
-0.032567,0.236704,0.222840
-0.034107,0.234440,0.222801
-0.034269,0.237139,0.223925
-0.035928,0.236452,0.223689
-0.037088,0.235368,0.225820
-0.036975,0.236442,0.223664
-0.038403,0.235638,0.223379
-0.039447,0.238315,0.224377
-0.042145,0.234448,0.222764
-0.042323,0.237563,0.225559
-0.043398,0.237883,0.226178
-0.043089,0.237709,0.223674
-0.045546,0.237151,0.224112
-0.045554,0.236494,0.224126
-0.046291,0.237087,0.224550
-0.048300,0.236852,0.225170
-0.047986,0.238083,0.225310
-0.049487,0.238401,0.224796
-0.050606,0.237522,0.225365
-0.052569,0.237793,0.227641
-0.053509,0.239138,0.227867
-0.054337,0.238345,0.227025
-0.055842,0.237368,0.227849
-0.056064,0.240763,0.227182
-0.055729,0.239828,0.227001
-0.057093,0.238706,0.227947
-0.058497,0.239845,0.228037
-0.060088,0.240971,0.228577
-0.061764,0.241177,0.229261
-0.063006,0.243282,0.230179
-0.063189,0.242152,0.228403
-0.065714,0.240456,0.228607
-0.065632,0.242042,0.231439
-0.067990,0.241924,0.230075
-0.066403,0.244447,0.229630
-0.069564,0.244144,0.230805
-0.068005,0.243204,0.230398
-0.070401,0.244525,0.231355
-0.070818,0.244468,0.229140
-0.072779,0.245433,0.232229
-0.074711,0.247580,0.233617
-0.074577,0.245752,0.231393
-0.075547,0.247840,0.232968
-0.077182,0.246979,0.235122
-0.077398,0.247597,0.235278
-0.078347,0.248477,0.234160
-0.079099,0.248838,0.234839
-0.081361,0.249400,0.235842
-0.079461,0.248709,0.235125
-0.083379,0.251083,0.234949
-0.083914,0.249430,0.237181
-0.083709,0.250103,0.237427
-0.085439,0.249724,0.238087
-0.087391,0.249437,0.235445
-0.085994,0.251180,0.236375
-0.087205,0.252915,0.237506
-0.090383,0.251163,0.238144
-0.090403,0.251898,0.238150
-0.092503,0.253880,0.237701
-0.093022,0.254105,0.238027
-0.094641,0.253854,0.238862
-0.094414,0.254306,0.241245
-0.095086,0.253936,0.239194
-0.096338,0.253353,0.239023
-0.097668,0.256210,0.241421
-0.098074,0.255758,0.241330
-0.099671,0.254266,0.240337
-0.100798,0.256027,0.241544
-0.102157,0.256913,0.241036
-0.100975,0.259131,0.243080
-0.102297,0.256867,0.243225
-0.102908,0.256893,0.241701
-0.105878,0.258507,0.242892
-0.107982,0.256590,0.241770
-0.108963,0.254412,0.240350
-0.107151,0.250724,0.238330
-0.109932,0.249177,0.232726
-0.111223,0.246031,0.233540
-0.112139,0.245102,0.230097
-0.113032,0.240317,0.228049
-0.114794,0.238913,0.224667
-0.115376,0.237096,0.224077
-0.115680,0.234336,0.222142
-0.117515,0.232658,0.218983
-0.118908,0.229150,0.218102
-0.118558,0.227935,0.215863
-0.121066,0.224552,0.212736
-0.120827,0.220210,0.212434
-0.123414,0.218598,0.208365
-0.124767,0.214553,0.207270
-0.125281,0.214832,0.202910
-0.127847,0.210908,0.200597
-0.127766,0.208096,0.200330
-0.130193,0.204851,0.198552
-0.129974,0.204851,0.194760
-0.130073,0.200430,0.192635
-0.132567,0.199104,0.191090
-0.132749,0.195758,0.187792
-0.133831,0.195057,0.187757
0.044837,0.240613,0.230271
0.042972,0.242786,0.230375
0.042001,0.241159,0.230311
0.042061,0.242311,0.231229
0.039940,0.243417,0.230672
0.041439,0.242149,0.230418
0.038591,0.244149,0.230736
0.038012,0.242436,0.231489
0.034732,0.243983,0.229870
0.034249,0.244865,0.232666
0.033068,0.243643,0.234016
0.034198,0.244319,0.232163
0.031590,0.245744,0.233979
0.030786,0.243570,0.232556
0.028409,0.244998,0.231926
0.029284,0.247279,0.234999
0.025931,0.244852,0.232321
0.026596,0.247727,0.234570
0.025339,0.246002,0.233275
0.024981,0.245686,0.235669
0.023484,0.248980,0.234158
0.019705,0.247600,0.234707
0.022761,0.249402,0.236750
0.020008,0.248013,0.235799
0.019530,0.248592,0.236157
0.018233,0.247601,0.236569
0.017799,0.248348,0.235295
0.016906,0.245792,0.232805
0.016776,0.242434,0.227979
0.014584,0.238877,0.227404
0.013120,0.235385,0.226504
0.013426,0.237077,0.225881
0.012308,0.235469,0.224269
0.008847,0.235131,0.226639
0.008349,0.235102,0.224882
0.008454,0.235855,0.223045
0.008836,0.235578,0.224498
0.004825,0.236001,0.223652
0.006220,0.236122,0.226879
0.003747,0.235493,0.225272
0.004962,0.235133,0.223917
0.002451,0.233298,0.225882
0.000535,0.235012,0.224181
0.002439,0.233359,0.223763
-0.002698,0.233915,0.224039
-0.000892,0.233024,0.222747
-0.002871,0.233389,0.223784
-0.004002,0.232430,0.221287
-0.004125,0.234865,0.224820
-0.006227,0.235164,0.222612
-0.006908,0.234350,0.225061
-0.008574,0.233124,0.225280
-0.009165,0.236074,0.222547
-0.007794,0.234980,0.222838
-0.009991,0.234832,0.222526
-0.011696,0.233751,0.225708
-0.013799,0.234796,0.224479
-0.012648,0.234809,0.222733
-0.013937,0.234496,0.226315
-0.015726,0.234570,0.224920
-0.018104,0.235382,0.223866
-0.018479,0.235015,0.225088
-0.018339,0.235973,0.224512
-0.019536,0.234863,0.226127
-0.019384,0.238174,0.225306
-0.022610,0.235980,0.225864
-0.022281,0.235627,0.225175
-0.024809,0.235086,0.224349
-0.025764,0.235452,0.226072
-0.027682,0.236521,0.225117
-0.028712,0.235658,0.225402
-0.027525,0.235870,0.224871
-0.028549,0.235697,0.225071
-0.029138,0.236599,0.225291
-0.033941,0.235982,0.223985
-0.032173,0.236728,0.224718
-0.033518,0.236012,0.226293
-0.035227,0.235824,0.225172
-0.037137,0.237242,0.224510
-0.037074,0.236080,0.226140
-0.037431,0.235969,0.226083
-0.038215,0.235874,0.227119
-0.039648,0.237835,0.227986
-0.040160,0.238014,0.225402
-0.042340,0.235819,0.226174
-0.042843,0.236186,0.226623
-0.042868,0.238548,0.225542
-0.044661,0.236947,0.227648
-0.044954,0.239226,0.228745
-0.046593,0.239241,0.227031
-0.049561,0.238261,0.226984
-0.049817,0.237680,0.227840
-0.051011,0.238198,0.227964
-0.051097,0.237359,0.228681
-0.052350,0.239491,0.229049
-0.052919,0.239808,0.226584
-0.055183,0.240841,0.227923
-0.054955,0.239775,0.228131
-0.055335,0.238402,0.228083
-0.058458,0.241796,0.228726
-0.058844,0.241919,0.229493
-0.058073,0.240655,0.229104
-0.059263,0.241889,0.231121
-0.061844,0.241231,0.231421
-0.064066,0.241927,0.230920
-0.062731,0.243330,0.229930
-0.063427,0.244218,0.231939
-0.066933,0.245359,0.231917
-0.068165,0.241316,0.231270
-0.066418,0.245130,0.234289
-0.065655,0.243878,0.232726
-0.071867,0.244158,0.232387
-0.073093,0.245476,0.234721
-0.070708,0.246373,0.233394
-0.073792,0.246746,0.234239
-0.074406,0.245646,0.233660
-0.073784,0.246979,0.236012
-0.074305,0.246220,0.235362
-0.074948,0.247716,0.234496
-0.077275,0.248844,0.234091
-0.080245,0.246884,0.239040
-0.080493,0.249685,0.236342
-0.081031,0.249922,0.239354
-0.081005,0.251084,0.238420
-0.082785,0.249184,0.238471
-0.084255,0.248661,0.236729
-0.084476,0.251467,0.239161
-0.087829,0.252146,0.237280
-0.086848,0.251499,0.239999
-0.088251,0.250674,0.239289
-0.090563,0.253534,0.238347
-0.091507,0.253441,0.240898
-0.090503,0.252879,0.240286
-0.091898,0.253840,0.242275
-0.093102,0.254702,0.241694
-0.094546,0.255249,0.240221
-0.096061,0.253939,0.241594
-0.095466,0.253658,0.241334
-0.098843,0.256680,0.242373
-0.097726,0.256238,0.241214
-0.099767,0.254818,0.243135
-0.098813,0.255988,0.244039
-0.102214,0.258462,0.243065
-0.100719,0.255524,0.243029
-0.104742,0.257718,0.245684
-0.103694,0.258136,0.243327
-0.104391,0.258518,0.245247
-0.104982,0.256050,0.245472
-0.108625,0.255558,0.242970
-0.107247,0.252906,0.240549
-0.108346,0.249136,0.239146
-0.111207,0.247616,0.236832
-0.111536,0.244745,0.234233
-0.112590,0.242516,0.230580
-0.112967,0.241410,0.227427
-0.115137,0.240162,0.226634
-0.115731,0.235751,0.224215
-0.116571,0.232908,0.224267
-0.118001,0.230774,0.221759
-0.120537,0.227938,0.217598
-0.120460,0.224960,0.216155
-0.121305,0.224297,0.212831
-0.121595,0.221376,0.211076
-0.122374,0.219599,0.209835
-0.123798,0.217135,0.207423
-0.124575,0.213655,0.205858
-0.125970,0.211836,0.203797
-0.127199,0.209034,0.200646
-0.127325,0.207252,0.198746
-0.130100,0.203687,0.196898
-0.129665,0.200844,0.193540
-0.130852,0.198779,0.192647
-0.132582,0.195010,0.189157
-0.134717,0.193526,0.187115
0.050828,0.237755,0.229589
0.048493,0.238780,0.230583
0.048380,0.240450,0.230469
0.046651,0.239234,0.228812
0.046542,0.240958,0.227907
0.046376,0.238932,0.229919
0.043847,0.239992,0.229639
0.044737,0.244304,0.229929
0.041922,0.240034,0.232072
0.041195,0.241714,0.233009
0.039248,0.241028,0.231324
0.038849,0.241731,0.232903
0.037340,0.242537,0.231077
0.037849,0.243590,0.230457
0.035047,0.242949,0.232607
0.036350,0.240799,0.234030
0.034897,0.242261,0.234729
0.033613,0.244889,0.233564
0.032185,0.243401,0.235302
0.030333,0.243171,0.235445
0.029429,0.244705,0.235671
0.027297,0.245698,0.235506
0.027234,0.246065,0.234485
0.025453,0.246499,0.235161
0.025880,0.247441,0.236281
0.024313,0.245965,0.234649
0.023330,0.248064,0.235707
0.022579,0.246529,0.236736
0.021156,0.246675,0.237583
0.020770,0.247006,0.235942
0.019098,0.248469,0.237576
0.017644,0.246129,0.237121
0.017263,0.248097,0.238366
0.015805,0.248758,0.239390
0.015747,0.249774,0.237765
0.013194,0.249833,0.240228
0.014439,0.247992,0.239414
0.013743,0.249942,0.238056
0.013581,0.246896,0.237560
0.008896,0.244931,0.235058
0.009310,0.242389,0.233639
0.007182,0.242482,0.232276
0.006156,0.241856,0.231452
0.005446,0.240864,0.231170
0.006112,0.240466,0.231710
0.004131,0.239287,0.229461
0.003238,0.239883,0.230581
0.002550,0.239557,0.228135
0.002404,0.239391,0.230080
0.000778,0.238974,0.230040
-0.000103,0.239066,0.229190
-0.002263,0.238580,0.229271
-0.002290,0.238067,0.227776
-0.003602,0.239763,0.226405
-0.005034,0.236614,0.227322
-0.004905,0.236895,0.225931
-0.007001,0.235339,0.228937
-0.007222,0.237047,0.226999
-0.006262,0.237872,0.227350
-0.009251,0.238509,0.228233
-0.008889,0.236382,0.228030
-0.011031,0.236348,0.227500
-0.011353,0.238973,0.227786
-0.014374,0.237406,0.228588
-0.015781,0.237632,0.228451
-0.016982,0.236902,0.230708
-0.017881,0.238140,0.228180
-0.019341,0.236821,0.227902
-0.019699,0.237198,0.227386
-0.020522,0.236520,0.226458
-0.021506,0.234833,0.227013
-0.021046,0.236302,0.229129
-0.022884,0.236413,0.226502
-0.023990,0.235403,0.227396
-0.023678,0.235105,0.226732
-0.027263,0.238427,0.226817
-0.025453,0.235754,0.226419
-0.028798,0.235095,0.226668
-0.030033,0.236134,0.228135
-0.031115,0.236611,0.228848
-0.032082,0.236211,0.225012
-0.033956,0.237373,0.227979
-0.034177,0.237814,0.227040
-0.032846,0.236729,0.227282
-0.035239,0.236264,0.228668
-0.037583,0.236664,0.227816
-0.037967,0.237205,0.229435
-0.038093,0.235945,0.228780
-0.039620,0.237621,0.227628
-0.041355,0.237224,0.228938
-0.039922,0.237113,0.227433
-0.042892,0.237858,0.229151
-0.042791,0.237937,0.230946
-0.044450,0.238486,0.227980
-0.046106,0.239606,0.228638
-0.046347,0.240290,0.228417
-0.049597,0.238992,0.228487
-0.049072,0.239087,0.228891
-0.049953,0.237467,0.229190
-0.051260,0.241242,0.228811
-0.053645,0.239305,0.228869
-0.053081,0.241619,0.230521
-0.054317,0.239371,0.231198
-0.055729,0.239185,0.232462
-0.054991,0.241405,0.233034
-0.057556,0.241728,0.232389
-0.057746,0.241584,0.231523
-0.059899,0.242512,0.232323
-0.059805,0.241667,0.233470
-0.063652,0.241895,0.233459
-0.061164,0.241565,0.232553
-0.062788,0.244329,0.232260
-0.064339,0.242414,0.234051
-0.063198,0.243323,0.233432
-0.067463,0.246177,0.234634
-0.068623,0.244669,0.234925
-0.068134,0.245917,0.232463
-0.070083,0.243707,0.237431
-0.070025,0.246634,0.236208
-0.073345,0.243990,0.235002
-0.073640,0.246054,0.237633
-0.073760,0.247629,0.235643
-0.075242,0.247722,0.236580
-0.076280,0.247283,0.237879
-0.076249,0.247645,0.237298
-0.078284,0.249350,0.236415
-0.079630,0.247977,0.240851
-0.079707,0.250377,0.239800
-0.079395,0.248083,0.240014
-0.080955,0.249758,0.240103
-0.082823,0.249392,0.239384
-0.084163,0.250212,0.237361
-0.086714,0.251205,0.240201
-0.085112,0.252011,0.240460
-0.086782,0.252051,0.241119
-0.088144,0.251437,0.239935
-0.086282,0.253430,0.242709
-0.087028,0.253051,0.240849
-0.089089,0.255281,0.243868
-0.092929,0.253763,0.240722
-0.091683,0.254507,0.242877
-0.093831,0.255437,0.243885
-0.093589,0.255196,0.242621
-0.095287,0.255032,0.243074
-0.094849,0.254790,0.245028
-0.098057,0.257169,0.243620
-0.099158,0.256896,0.247447
-0.100905,0.255907,0.247659
-0.100882,0.255890,0.244739
-0.102553,0.257318,0.247144
-0.102802,0.256380,0.246698
-0.104131,0.258302,0.244777
-0.106002,0.258916,0.247008
-0.107204,0.256901,0.244787
-0.107677,0.253416,0.243313
-0.106244,0.252706,0.240877
-0.109650,0.248503,0.238982
-0.109606,0.247986,0.237375
-0.110432,0.246020,0.236743
-0.113888,0.242468,0.235356
-0.113945,0.240717,0.229363
-0.112585,0.238384,0.228026
-0.115171,0.236055,0.225950
-0.116612,0.231994,0.225990
-0.118186,0.232517,0.222793
-0.117662,0.228904,0.220392
-0.119036,0.224488,0.218005
-0.121682,0.223640,0.216029
-0.121597,0.220662,0.214968
-0.123079,0.218320,0.210319
-0.122907,0.217978,0.207806
-0.124780,0.213904,0.205569
-0.126256,0.211025,0.204161
-0.126014,0.209162,0.201269
-0.130934,0.206051,0.200978
-0.130396,0.203216,0.197970
-0.128886,0.200461,0.197104
-0.133079,0.198389,0.193398
-0.132114,0.196034,0.190770
-0.132898,0.193240,0.189815
-0.136826,0.190129,0.186677
0.053877,0.237045,0.230073
0.056611,0.237871,0.229306
0.053778,0.238049,0.228354
0.051109,0.238058,0.230185
0.050344,0.238109,0.229449
0.050451,0.237765,0.230037
0.050689,0.236374,0.230352
0.048321,0.238499,0.231533
0.049574,0.239189,0.229795
0.047646,0.239032,0.231562
0.045974,0.237871,0.233792
0.042151,0.239990,0.232856
0.041942,0.240357,0.232521
0.041456,0.240678,0.232961
0.040114,0.242148,0.231020
0.039458,0.240757,0.233350
0.039823,0.242721,0.235066
0.039383,0.243057,0.232901
0.037575,0.243957,0.233181
0.033955,0.241867,0.235372
0.036305,0.242624,0.235483
0.033713,0.243219,0.234337
0.032913,0.244241,0.233957
0.033216,0.243772,0.233259
0.031313,0.243446,0.235394
0.030973,0.244455,0.237655
0.027969,0.244422,0.236321
0.027858,0.245127,0.235435
0.026778,0.244546,0.236649
0.025089,0.246817,0.236955
0.022621,0.247281,0.234812
0.023904,0.245150,0.237272
0.023482,0.245974,0.236636
0.023325,0.246737,0.238807
0.019484,0.246583,0.237276
0.019946,0.246911,0.238047
0.016087,0.249957,0.239402
0.018973,0.249478,0.238223
0.017240,0.247036,0.239344
0.014646,0.248262,0.237882
0.014397,0.248929,0.240775
0.013888,0.247819,0.237449
0.012616,0.250140,0.239476
0.011492,0.249075,0.239918
0.009839,0.249616,0.242331
0.009308,0.250362,0.238797
0.007163,0.249622,0.242038
0.008680,0.249697,0.239358
0.005769,0.246556,0.236578
0.005243,0.244902,0.237289
0.004268,0.243064,0.232979
0.003669,0.243546,0.233078
0.002144,0.240681,0.231867
0.000907,0.240524,0.232466
0.000401,0.242910,0.233410
-0.000402,0.241590,0.232588
-0.003008,0.241798,0.232397
-0.002642,0.241778,0.233478
-0.006508,0.239727,0.233076
-0.004799,0.239783,0.232348
-0.006814,0.239637,0.233213
-0.008726,0.238631,0.231368
-0.007977,0.238103,0.230103
-0.010183,0.238844,0.230508
-0.008381,0.239611,0.231912
-0.010273,0.238739,0.231486
-0.010762,0.238383,0.229526
-0.014102,0.238023,0.230809
-0.012138,0.236614,0.229956
-0.014459,0.237555,0.228704
-0.016926,0.239745,0.230117
-0.016432,0.238475,0.229926
-0.017179,0.239719,0.230191
-0.018675,0.239251,0.230259
-0.020909,0.237338,0.229042
-0.020958,0.236362,0.228060
-0.023299,0.238465,0.228670
-0.023721,0.234958,0.230277
-0.023815,0.237889,0.227788
-0.023933,0.237061,0.228055
-0.026603,0.238240,0.226829
-0.027751,0.237075,0.227338
-0.027920,0.237728,0.229575
-0.029519,0.236462,0.229896
-0.029581,0.236237,0.231278
-0.032509,0.238703,0.229889
-0.030832,0.236562,0.230510
-0.033227,0.238306,0.230122
-0.033946,0.238160,0.229453
-0.034599,0.236798,0.228887
-0.035650,0.238415,0.230858
-0.036482,0.238128,0.229648
-0.037727,0.237537,0.230202
-0.039216,0.237711,0.231418
-0.042396,0.237479,0.228984
-0.041468,0.238520,0.229781
-0.043023,0.236890,0.232106
-0.045318,0.238664,0.232425
-0.044986,0.235896,0.231828
-0.044800,0.239131,0.231749
-0.046753,0.237813,0.230897
-0.047303,0.237947,0.229748
-0.049163,0.240320,0.231704
-0.050171,0.240724,0.231329
-0.051324,0.240811,0.231595
-0.050437,0.240206,0.232966
-0.053118,0.240005,0.234006
-0.054442,0.241868,0.234079
-0.054900,0.241387,0.231545
-0.055640,0.240739,0.232628
-0.056425,0.243303,0.233584
-0.058444,0.243317,0.233127
-0.058989,0.241742,0.235333
-0.058678,0.243476,0.234682
-0.058886,0.243924,0.234301
-0.062437,0.242526,0.234466
-0.063851,0.243165,0.235284
-0.064394,0.244192,0.236604
-0.064178,0.244270,0.235433
-0.066959,0.244825,0.236591
-0.067778,0.243627,0.236931
-0.068263,0.243687,0.236844
-0.070241,0.244719,0.237692
-0.070683,0.246455,0.236770
-0.070383,0.245238,0.239213
-0.073500,0.246438,0.237271
-0.075321,0.246847,0.239949
-0.075827,0.246858,0.238566
-0.076585,0.247824,0.240019
-0.078049,0.247533,0.238842
-0.079080,0.250119,0.241719
-0.079817,0.250162,0.240501
-0.080143,0.249540,0.240959
-0.080085,0.249963,0.242368
-0.080294,0.250922,0.240485
-0.081268,0.249013,0.240929
-0.082827,0.251192,0.243879
-0.086165,0.252068,0.242479
-0.086491,0.252155,0.243420
-0.085799,0.253224,0.244706
-0.085240,0.252050,0.244628
-0.087077,0.254854,0.245953
-0.091461,0.254876,0.245082
-0.091566,0.254136,0.244375
-0.091193,0.253704,0.245505
-0.092028,0.256133,0.246212
-0.094999,0.255074,0.246915
-0.095778,0.255403,0.244545
-0.096271,0.257075,0.244595
-0.095763,0.256295,0.245451
-0.099237,0.256612,0.246760
-0.098068,0.258631,0.247077
-0.100343,0.259043,0.248504
-0.101534,0.258844,0.247398
-0.102627,0.258602,0.248750
-0.100823,0.257185,0.247510
-0.103984,0.256395,0.248602
-0.104960,0.258562,0.250034
-0.106904,0.255941,0.248624
-0.106277,0.254050,0.244287
-0.109494,0.249373,0.243437
-0.108741,0.249768,0.240881
-0.108013,0.248409,0.239189
-0.112609,0.245388,0.236142
-0.112226,0.242969,0.235257
-0.115164,0.238285,0.232377
-0.116042,0.236530,0.228125
-0.116222,0.234953,0.226446
-0.117044,0.232814,0.226851
-0.117236,0.230119,0.222302
-0.119392,0.227894,0.221663
-0.117808,0.224831,0.219629
-0.120234,0.221724,0.216765
-0.121345,0.221005,0.212961
-0.124396,0.217307,0.212834
-0.124919,0.215347,0.209283
-0.126570,0.211897,0.208135
-0.126179,0.209515,0.205263
-0.129866,0.209302,0.201927
-0.126271,0.205825,0.200485
-0.128304,0.203260,0.197698
-0.129906,0.200407,0.195718
-0.131723,0.193897,0.194607
-0.131606,0.196359,0.193703
-0.135366,0.193004,0.189887
-0.135902,0.189376,0.187218
-0.137610,0.186250,0.188344
0.059856,0.237115,0.228492
0.058180,0.234447,0.230460
0.056011,0.235420,0.230371
0.056454,0.236421,0.230721
0.055077,0.237351,0.230386
0.052477,0.236919,0.230797
0.052010,0.237996,0.230437
0.051205,0.237645,0.232356
0.049285,0.237369,0.232658
0.048710,0.238553,0.230980
0.046909,0.238830,0.232359
0.047547,0.238143,0.232170
0.046643,0.239016,0.232312
0.044853,0.239147,0.233827
0.043947,0.239706,0.232895
0.043709,0.238418,0.232767
0.042142,0.239258,0.234966
0.042085,0.240679,0.234104
0.039775,0.241244,0.233391
0.038514,0.239341,0.234765
0.039839,0.242576,0.233154
0.036627,0.243983,0.235721
0.035560,0.244287,0.236452
0.035405,0.243196,0.236197
0.034170,0.245253,0.237133
0.031542,0.244907,0.236386
0.030136,0.241984,0.235259
0.030307,0.244427,0.236243
0.028888,0.245244,0.237802
0.028011,0.243851,0.237001
0.027023,0.242528,0.237612
0.027372,0.244954,0.237243
0.024861,0.245850,0.237897
0.025846,0.243680,0.237247
0.023127,0.246504,0.239092
0.022404,0.245318,0.239792
0.022278,0.245554,0.238980
0.020857,0.246313,0.240940
0.017643,0.247984,0.239894
0.017863,0.245268,0.238848
0.016035,0.247039,0.241984
0.016876,0.247159,0.242943
0.015031,0.247107,0.240323
0.014157,0.249057,0.240666
0.013701,0.248221,0.240530
0.011154,0.248788,0.241319
0.012018,0.249056,0.242908
0.010192,0.249212,0.242160
0.006774,0.249668,0.240273
0.009259,0.251131,0.241775
0.006293,0.252103,0.243466
0.007390,0.248880,0.240490
0.005824,0.249324,0.239501
0.005177,0.246341,0.242256
0.001992,0.245012,0.237143
0.002408,0.244286,0.238769
-0.000044,0.243658,0.238568
0.000173,0.242217,0.235800
-0.000949,0.241825,0.237339
-0.002968,0.241995,0.235801
-0.003526,0.243070,0.236100
-0.002610,0.240278,0.234473
-0.003865,0.239801,0.235738
-0.006475,0.240590,0.235984
-0.006627,0.240093,0.234658
-0.007635,0.239542,0.232815
-0.009715,0.240075,0.235971
-0.009180,0.239988,0.234346
-0.010319,0.240123,0.233125
-0.011441,0.237560,0.234649
-0.013465,0.238354,0.233887
-0.014308,0.238565,0.233059
-0.014728,0.238488,0.233570
-0.015615,0.239251,0.232249
-0.015905,0.238526,0.232318
-0.019273,0.239619,0.232585
-0.018685,0.239470,0.231758
-0.019703,0.236908,0.233420
-0.021964,0.237083,0.232219
-0.022177,0.237359,0.233151
-0.022891,0.238940,0.231667
-0.021453,0.237917,0.231583
-0.024837,0.236313,0.232486
-0.026787,0.238101,0.231168
-0.028639,0.236483,0.229888
-0.028641,0.237556,0.230346
-0.030240,0.236983,0.231311
-0.029947,0.236905,0.232368
-0.032896,0.236871,0.232545
-0.032251,0.236417,0.231932
-0.032002,0.238258,0.232118
-0.034670,0.236758,0.233027
-0.035823,0.239024,0.234012
-0.035660,0.237047,0.231121
-0.037712,0.236508,0.232111
-0.039864,0.237379,0.231075
-0.039219,0.239103,0.232765
-0.040428,0.240175,0.232973
-0.041544,0.239268,0.232553
-0.042660,0.238974,0.231926
-0.043155,0.240085,0.233539
-0.045105,0.238997,0.233696
-0.047848,0.239083,0.233591
-0.047790,0.239760,0.232725
-0.048705,0.240057,0.233248
-0.048978,0.241340,0.232885
-0.050280,0.239603,0.232841
-0.051392,0.239640,0.234502
-0.050811,0.240449,0.233831
-0.052692,0.240735,0.235042
-0.054745,0.240606,0.234347
-0.055464,0.241646,0.235131
-0.054580,0.241173,0.234951
-0.056647,0.243392,0.236982
-0.057236,0.243230,0.236778
-0.058600,0.243732,0.237331
-0.060576,0.244370,0.236297
-0.061078,0.243580,0.238841
-0.062190,0.244887,0.236956
-0.062709,0.245436,0.239022
-0.065848,0.244179,0.239587
-0.066602,0.245107,0.238790
-0.066624,0.243658,0.238500
-0.069967,0.246401,0.238966
-0.068568,0.245950,0.238916
-0.069765,0.244503,0.239031
-0.070814,0.246293,0.241443
-0.073890,0.246808,0.239529
-0.073082,0.247248,0.240503
-0.073576,0.248224,0.240811
-0.073579,0.248523,0.240165
-0.075805,0.249167,0.239995
-0.077767,0.248641,0.243117
-0.077857,0.249355,0.242549
-0.078822,0.251762,0.242527
-0.080325,0.249052,0.243513
-0.081210,0.248554,0.242434
-0.080970,0.250466,0.244226
-0.081198,0.249934,0.244836
-0.084601,0.249976,0.245165
-0.084770,0.253220,0.245177
-0.085557,0.250759,0.244799
-0.086202,0.252697,0.243593
-0.088922,0.251889,0.244232
-0.088411,0.254741,0.244574
-0.087980,0.253862,0.246029
-0.089477,0.255419,0.247940
-0.092800,0.253770,0.244261
-0.093369,0.254257,0.247214
-0.093687,0.254600,0.247319
-0.095587,0.256432,0.247693
-0.094388,0.256988,0.248061
-0.096250,0.259032,0.249341
-0.096413,0.256950,0.247379
-0.097858,0.257282,0.249289
-0.103075,0.258870,0.251529
-0.099768,0.258499,0.250920
-0.101545,0.257525,0.250270
-0.103258,0.259153,0.249922
-0.102829,0.259431,0.250199
-0.105613,0.258684,0.249467
-0.106039,0.253387,0.248869
-0.107813,0.253660,0.245493
-0.107081,0.251382,0.244736
-0.109336,0.249065,0.242253
-0.108864,0.245875,0.239359
-0.112859,0.244382,0.238730
-0.111916,0.242036,0.236081
-0.114005,0.238970,0.232296
-0.113916,0.237762,0.231201
-0.114769,0.232712,0.229212
-0.116869,0.231752,0.226845
-0.118197,0.228025,0.225749
-0.117878,0.228375,0.222121
-0.121233,0.223657,0.221753
-0.121608,0.223144,0.217800
-0.121325,0.219557,0.215751
-0.121867,0.216737,0.214206
-0.124433,0.215856,0.212385
-0.125207,0.213050,0.208313
-0.126931,0.210289,0.206142
-0.126066,0.208621,0.204611
-0.126271,0.204027,0.201545
-0.130499,0.204320,0.200861
-0.132235,0.200957,0.197975
-0.133016,0.197140,0.197478
-0.133302,0.194488,0.192793
-0.135013,0.193237,0.191235
-0.135321,0.189033,0.187562
-0.134486,0.188677,0.187084
0.062234,0.234992,0.229167
0.062175,0.234443,0.231857
0.060925,0.233221,0.230481
0.060898,0.234966,0.231856
0.060581,0.233916,0.230733
0.058383,0.235354,0.230476
0.057686,0.235606,0.229914
0.055280,0.236532,0.231413
0.055009,0.237365,0.232348
0.054381,0.237315,0.231520
0.053586,0.237709,0.233715
0.051443,0.236880,0.233411
0.050619,0.237624,0.235379
0.049037,0.238135,0.232680
0.048535,0.238409,0.231918
0.047018,0.238324,0.232683
0.046045,0.238987,0.234460
0.045352,0.240991,0.234347
0.045029,0.240098,0.235553
0.042689,0.238586,0.234675
0.043506,0.241563,0.236071
0.041071,0.242214,0.234928
0.038458,0.240548,0.235907
0.038159,0.240716,0.235955
0.037721,0.241822,0.237081
0.035877,0.240087,0.236757
0.034971,0.241710,0.235844
0.033609,0.241070,0.237635
0.032978,0.243945,0.236369
0.032308,0.243676,0.235646
0.031078,0.242604,0.236444
0.029114,0.243340,0.238225
0.028965,0.245486,0.237355
0.027830,0.244300,0.239107
0.027479,0.244809,0.237300
0.026762,0.246945,0.239002
0.025761,0.244464,0.238243
0.023411,0.244075,0.239942
0.022613,0.244752,0.240381
0.022818,0.245062,0.241048
0.021685,0.244559,0.240459
0.020235,0.248095,0.241546
0.020006,0.246384,0.239674
0.017541,0.246766,0.241673
0.018377,0.247175,0.242388
0.017478,0.249278,0.241202
0.015787,0.245741,0.242986
0.013968,0.245982,0.242156
0.014582,0.247726,0.243464
0.010248,0.248864,0.243590
0.010777,0.251174,0.242933
0.007663,0.248553,0.243240
0.008882,0.249135,0.241743
0.007366,0.249532,0.245227
0.006319,0.250853,0.242455
0.005448,0.250933,0.244083
0.005038,0.249341,0.245162
0.003891,0.249912,0.242147
0.002224,0.249031,0.239934
0.002043,0.245810,0.242381
-0.000440,0.246229,0.239259
0.001321,0.244698,0.239510
-0.001110,0.243707,0.240085
-0.002705,0.243239,0.237883
-0.003016,0.241642,0.239735
-0.003928,0.242348,0.237111
-0.006283,0.240634,0.235816
-0.008384,0.242542,0.237520
-0.008536,0.241945,0.235629
-0.008377,0.241200,0.238105
-0.010532,0.241304,0.235290
-0.009635,0.241106,0.236581
-0.011207,0.240789,0.234295
-0.012251,0.239225,0.234388
-0.013157,0.240408,0.235156
-0.015536,0.238412,0.236363
-0.015709,0.239019,0.236519
-0.016611,0.240630,0.235020
-0.017144,0.238671,0.234732
-0.017930,0.238754,0.235033
-0.019835,0.240297,0.232973
-0.019820,0.239360,0.233513
-0.022810,0.239274,0.235292
-0.021501,0.237927,0.233632
-0.025398,0.239132,0.232803
-0.024384,0.238341,0.232421
-0.026098,0.238888,0.233733
-0.026085,0.238644,0.233946
-0.026120,0.239016,0.231244
-0.028224,0.237661,0.234872
-0.030771,0.238806,0.234786
-0.030394,0.240327,0.233403
-0.034203,0.237565,0.234737
-0.031111,0.240504,0.232983
-0.033138,0.238928,0.234646
-0.036912,0.239224,0.232686
-0.034926,0.237605,0.233287
-0.035643,0.239117,0.234328
-0.037394,0.239590,0.236035
-0.037816,0.239594,0.234787
-0.040206,0.238127,0.235242
-0.041222,0.239510,0.235630
-0.042274,0.239245,0.234998
-0.042982,0.240693,0.236579
-0.043283,0.239602,0.234744
-0.044115,0.240359,0.236247
-0.046049,0.239477,0.233404
-0.045919,0.240513,0.236002
-0.048324,0.241233,0.236983
-0.049520,0.239469,0.235305
-0.050824,0.240923,0.235916
-0.051631,0.239553,0.237676
-0.052090,0.241682,0.235830
-0.052860,0.244657,0.236828
-0.053127,0.242872,0.238108
-0.055903,0.242743,0.238327
-0.057445,0.243120,0.238747
-0.056130,0.244788,0.237652
-0.058583,0.243826,0.235525
-0.059327,0.242181,0.236518
-0.058572,0.243415,0.238987
-0.062294,0.242980,0.239598
-0.061645,0.246162,0.239399
-0.062193,0.246484,0.239946
-0.064643,0.245151,0.240112
-0.065508,0.244765,0.240286
-0.066978,0.246304,0.241201
-0.065980,0.245728,0.241411
-0.067318,0.246230,0.240091
-0.071416,0.248316,0.241953
-0.069771,0.248127,0.243609
-0.070395,0.248241,0.243193
-0.073186,0.247749,0.242206
-0.074544,0.247391,0.241502
-0.074973,0.248497,0.243628
-0.075909,0.250295,0.242163
-0.076646,0.248865,0.243441
-0.076114,0.250811,0.241900
-0.077729,0.250281,0.244328
-0.081890,0.249854,0.243625
-0.081704,0.250529,0.244441
-0.081101,0.250990,0.244045
-0.082891,0.251037,0.245055
-0.082231,0.252864,0.247035
-0.083900,0.252842,0.245748
-0.085320,0.253472,0.247731
-0.085700,0.253296,0.246336
-0.087770,0.252980,0.247332
-0.090551,0.255127,0.246684
-0.089653,0.257132,0.248622
-0.090860,0.256675,0.246624
-0.093216,0.253622,0.246707
-0.092000,0.255004,0.249161
-0.093888,0.253668,0.252052
-0.094592,0.256907,0.249630
-0.095386,0.256393,0.250731
-0.096816,0.257675,0.248588
-0.097645,0.256781,0.250524
-0.100007,0.258195,0.250744
-0.097287,0.257447,0.252412
-0.100680,0.258130,0.249670
-0.101834,0.258671,0.249201
-0.102118,0.257817,0.252059
-0.104292,0.257579,0.251169
-0.105000,0.256451,0.250699
-0.106327,0.254487,0.249230
-0.106595,0.254760,0.246002
-0.109124,0.249276,0.244934
-0.108699,0.249967,0.244381
-0.108832,0.245423,0.238936
-0.110927,0.240454,0.237322
-0.112669,0.241354,0.236400
-0.113881,0.238723,0.235800
-0.113933,0.237010,0.232796
-0.114568,0.232513,0.230753
-0.117677,0.231059,0.229050
-0.116505,0.229872,0.226168
-0.118501,0.226955,0.224329
-0.120469,0.223398,0.220310
-0.121215,0.222168,0.218260
-0.123342,0.220778,0.218464
-0.123492,0.216826,0.214381
-0.122684,0.215509,0.213564
-0.125253,0.211993,0.210643
-0.126432,0.207959,0.206921
-0.126531,0.207913,0.206545
-0.128655,0.204427,0.204304
-0.129574,0.202916,0.201107
-0.129291,0.199868,0.200704
-0.133498,0.196175,0.194753
-0.132755,0.195203,0.196020
-0.134719,0.192422,0.195320
-0.135619,0.189988,0.188782
-0.137153,0.187121,0.189841
-0.138342,0.183125,0.184671
0.065147,0.233637,0.231160
0.064189,0.233462,0.230504
0.064232,0.231251,0.232830
0.062193,0.234057,0.231413
0.063093,0.231793,0.232083
0.059722,0.235939,0.232169
0.058558,0.235107,0.232503
0.057404,0.233295,0.233543
0.057748,0.237078,0.233301
0.055615,0.237075,0.232834
0.052133,0.234617,0.233078
0.053462,0.236643,0.233497
0.051726,0.237246,0.232510
0.051194,0.235520,0.234707
0.049482,0.236121,0.234583
0.049213,0.237738,0.236734
0.048672,0.239053,0.233899
0.045823,0.236295,0.236522
0.046411,0.239779,0.235564
0.045372,0.237691,0.235574
0.045465,0.240052,0.236548
0.042395,0.239473,0.236517
0.043363,0.240224,0.237094
0.040149,0.239463,0.235285
0.040419,0.239730,0.237360
0.038795,0.240638,0.236082
0.039188,0.242707,0.238089
0.036297,0.240987,0.237721
0.034758,0.243824,0.238587
0.035407,0.242250,0.235833
0.033728,0.241550,0.238778
0.033119,0.243058,0.240110
0.031482,0.243558,0.239041
0.029980,0.242504,0.240639
0.031240,0.242540,0.238592
0.027802,0.242668,0.239598
0.027530,0.242808,0.238400
0.024159,0.244243,0.241739
0.024652,0.243203,0.241033
0.024395,0.244383,0.241898
0.023039,0.245257,0.241087
0.021457,0.242785,0.241050
0.020465,0.246752,0.242657
0.020510,0.246450,0.241105
0.019548,0.246208,0.241765
0.017773,0.245937,0.243378
0.017821,0.245382,0.241159
0.014825,0.247455,0.241898
0.013808,0.246664,0.242313
0.013172,0.247421,0.242354
0.012748,0.249225,0.244766
0.013028,0.251154,0.244674
0.010789,0.250679,0.244158
0.009271,0.248018,0.243879
0.007000,0.248525,0.244974
0.006872,0.246639,0.246060
0.006150,0.248402,0.244123
0.006019,0.250786,0.245887
0.003305,0.251033,0.246233
0.004359,0.249443,0.246907
0.003789,0.250504,0.245766
0.001022,0.249449,0.246046
0.001527,0.246372,0.244058
-0.000713,0.247182,0.241988
-0.000122,0.246232,0.242414
-0.001747,0.245928,0.241711
-0.002607,0.245052,0.241015
-0.004817,0.242606,0.240633
-0.004483,0.243211,0.238714
-0.007854,0.242686,0.239155
-0.007729,0.243754,0.238964
-0.006789,0.241248,0.237851
-0.008257,0.241313,0.240083
-0.011182,0.241818,0.238207
-0.011513,0.242303,0.237248
-0.010916,0.240278,0.236957
-0.013016,0.239574,0.239343
-0.015157,0.238846,0.238472
-0.015522,0.240397,0.236176
-0.015781,0.237600,0.236230
-0.016933,0.240283,0.236442
-0.018497,0.239777,0.236863
-0.018562,0.237195,0.237030
-0.020889,0.238952,0.236299
-0.021014,0.239678,0.237225
-0.021551,0.238579,0.236480
-0.022257,0.239594,0.235726
-0.022421,0.239726,0.235217
-0.024646,0.240734,0.237109
-0.027535,0.238892,0.236496
-0.026527,0.239541,0.235461
-0.028266,0.238907,0.235881
-0.029588,0.239336,0.236711
-0.033036,0.241062,0.236785
-0.030307,0.239291,0.236356
-0.032523,0.239406,0.236504
-0.034823,0.239047,0.236681
-0.033430,0.239292,0.235863
-0.035128,0.240941,0.235649
-0.036310,0.239405,0.236489
-0.038772,0.240824,0.236153
-0.038959,0.239575,0.235285
-0.040382,0.239984,0.237308
-0.038689,0.239605,0.234350
-0.041565,0.241408,0.236650
-0.040615,0.241461,0.237399
-0.044317,0.238753,0.236593
-0.045264,0.238485,0.237356
-0.045139,0.242127,0.235167
-0.045357,0.241649,0.237020
-0.049305,0.238615,0.238792
-0.049960,0.242748,0.236399
-0.051074,0.242487,0.237516
-0.050932,0.241548,0.238396
-0.051502,0.243376,0.239572
-0.054175,0.241889,0.237250
-0.053567,0.244690,0.238864
-0.055969,0.243454,0.239931
-0.055745,0.243564,0.241023
-0.056605,0.241265,0.238783
-0.059360,0.242306,0.240701
-0.060673,0.244839,0.241818
-0.060542,0.244647,0.242169
-0.061405,0.245563,0.241132
-0.063559,0.246061,0.242774
-0.062980,0.244998,0.241829
-0.064167,0.246071,0.242605
-0.064710,0.245845,0.241004
-0.066236,0.245818,0.242731
-0.067902,0.246566,0.242128
-0.068619,0.248241,0.242414
-0.070021,0.249645,0.241969
-0.071684,0.247474,0.243430
-0.070389,0.249386,0.244784
-0.073363,0.247986,0.245714
-0.075616,0.248891,0.246198
-0.074730,0.248165,0.245824
-0.075659,0.250896,0.244695
-0.075961,0.251397,0.245288
-0.077334,0.251154,0.245661
-0.076834,0.250032,0.245142
-0.078959,0.249971,0.247493
-0.081493,0.251597,0.245705
-0.081671,0.252291,0.247053
-0.082697,0.253227,0.248403
-0.084265,0.250726,0.248015
-0.085079,0.253020,0.248458
-0.085393,0.252441,0.247128
-0.087476,0.251453,0.248484
-0.087170,0.252768,0.248006
-0.088890,0.254277,0.249254
-0.091714,0.254856,0.248082
-0.091768,0.255478,0.249387
-0.092821,0.254565,0.249529
-0.092620,0.255420,0.249457
-0.093921,0.253589,0.250819
-0.095381,0.256004,0.251375
-0.094242,0.255177,0.252194
-0.097938,0.257562,0.250438
-0.099004,0.256318,0.252206
-0.099623,0.256997,0.251317
-0.100747,0.256103,0.251693
-0.100674,0.259500,0.253251
-0.102759,0.256540,0.254205
-0.102427,0.258506,0.253640
-0.104336,0.259427,0.252613
-0.104365,0.256936,0.252666
-0.105858,0.254552,0.251522
-0.106375,0.253121,0.248036
-0.107793,0.249907,0.243982
-0.109052,0.248525,0.246179
-0.110595,0.244847,0.241529
-0.110971,0.243503,0.241567
-0.110578,0.239106,0.237029
-0.113176,0.238783,0.234926
-0.113479,0.234327,0.235043
-0.115609,0.234841,0.232436
-0.116779,0.229522,0.229500
-0.116924,0.229446,0.225927
-0.120012,0.227442,0.225353
-0.118404,0.222009,0.221672
-0.120238,0.221325,0.219225
-0.122828,0.218726,0.217755
-0.123535,0.216975,0.215575
-0.123806,0.213173,0.214330
-0.124749,0.211121,0.213359
-0.126629,0.207870,0.211081
-0.125983,0.205817,0.207840
-0.129977,0.203354,0.205990
-0.130652,0.201655,0.201855
-0.129738,0.198394,0.200307
-0.132750,0.196388,0.197949
-0.131672,0.194269,0.195162
-0.134401,0.191748,0.193855
-0.135444,0.187656,0.192590
-0.135523,0.187663,0.188450
-0.137746,0.184666,0.185105
-0.137840,0.181861,0.183081
0.076770,0.188192,0.193556
0.067704,0.232307,0.230499
0.066799,0.232153,0.231466
0.066250,0.231696,0.231196
0.065455,0.232371,0.232217
0.063491,0.233322,0.233857
0.064669,0.230922,0.233706
0.061945,0.234002,0.232818
0.059763,0.235174,0.233078
0.060052,0.234235,0.232690
0.057999,0.232758,0.232894
0.058493,0.232414,0.231455
0.054681,0.234387,0.235028
0.057198,0.234576,0.233988
0.053256,0.235408,0.235165
0.053239,0.236157,0.233958
0.053132,0.236235,0.234162
0.052356,0.235793,0.235526
0.050213,0.237114,0.235950
0.049755,0.236538,0.236019
0.048000,0.237417,0.238222
0.046990,0.236842,0.236343
0.047768,0.237726,0.235401
0.046057,0.237289,0.238210
0.043297,0.238083,0.237893
0.041941,0.238440,0.237405
0.041454,0.238709,0.236890
0.041386,0.239667,0.237551
0.040421,0.238952,0.237837
0.037161,0.239083,0.238900
0.038391,0.240284,0.237441
0.037748,0.241544,0.239535
0.034804,0.240147,0.237736
0.032080,0.240077,0.238235
0.031950,0.240379,0.239683
0.033474,0.239147,0.240613
0.031785,0.241685,0.239424
0.029588,0.241582,0.239670
0.030326,0.244068,0.241611
0.030040,0.242436,0.240653
0.026446,0.245426,0.241589
0.024729,0.243586,0.242701
0.025007,0.245506,0.242686
0.024055,0.243635,0.242397
0.022298,0.244956,0.244461
0.022159,0.245632,0.242270
0.019527,0.245015,0.245618
0.019075,0.244534,0.243537
0.021001,0.245871,0.243019
0.017764,0.246649,0.244126
0.013888,0.248241,0.243201
0.016310,0.245213,0.244750
0.013211,0.245514,0.245540
0.012382,0.248374,0.245001
0.012996,0.247149,0.244787
0.011479,0.246285,0.244716
0.010926,0.248665,0.246168
0.008975,0.249329,0.245681
0.008279,0.249290,0.246187
0.007113,0.248554,0.245057
0.006835,0.251071,0.246110
0.005407,0.248050,0.245814
0.005725,0.250461,0.246092
0.002874,0.250819,0.248401
0.001670,0.251726,0.245868
0.000787,0.249556,0.248846
0.001351,0.249671,0.247889
0.000425,0.250542,0.246592
-0.001976,0.248715,0.244720
-0.003530,0.248064,0.246358
-0.003457,0.246305,0.244054
-0.004457,0.247363,0.243629
-0.007182,0.246752,0.243126
-0.006177,0.244712,0.245010
-0.005984,0.243819,0.241821
-0.006953,0.242323,0.243097
-0.008723,0.244956,0.241081
-0.010906,0.243863,0.242488
-0.012888,0.242627,0.241082
-0.011604,0.243446,0.238704
-0.012920,0.243481,0.238064
-0.014523,0.242225,0.238110
-0.014622,0.242630,0.238148
-0.015524,0.239436,0.239985
-0.018212,0.241832,0.239329
-0.018464,0.241036,0.239580
-0.018981,0.241705,0.237866
-0.020206,0.239853,0.238830
-0.022639,0.243176,0.240338
-0.022560,0.240078,0.238771
-0.023858,0.239721,0.238113
-0.024863,0.240911,0.237868
-0.026198,0.240023,0.236938
-0.026072,0.240527,0.238894
-0.029735,0.238083,0.237320
-0.028718,0.239701,0.236636
-0.029554,0.239052,0.237876
-0.030771,0.239512,0.239498
-0.032443,0.240422,0.239109
-0.036117,0.239528,0.237780
-0.034817,0.239826,0.237405
-0.034322,0.239764,0.237789
-0.038658,0.239258,0.237865
-0.036191,0.239159,0.238619
-0.037006,0.242055,0.237943
-0.037364,0.238647,0.237819
-0.039824,0.239610,0.237580
-0.039472,0.240183,0.237347
-0.043879,0.240377,0.238970
-0.042284,0.240457,0.238766
-0.043086,0.241613,0.240459
-0.043197,0.241997,0.238794
-0.046502,0.241642,0.240308
-0.048598,0.242132,0.237973
-0.048162,0.240538,0.239473
-0.048036,0.241432,0.239199
-0.049019,0.241752,0.239775
-0.051731,0.241749,0.239160
-0.052701,0.241617,0.240671
-0.050484,0.241755,0.240990
-0.054622,0.240981,0.239751
-0.055009,0.243584,0.241315
-0.056381,0.243678,0.242591
-0.059750,0.243054,0.242767
-0.058052,0.246110,0.242903
-0.059726,0.245265,0.242878
-0.062074,0.246582,0.242620
-0.061142,0.245438,0.244035
-0.063189,0.246799,0.243110
-0.062140,0.244918,0.242790
-0.065466,0.245740,0.243532
-0.065060,0.248084,0.243117
-0.066113,0.245982,0.244300
-0.069402,0.247052,0.245805
-0.069246,0.247505,0.244001
-0.069234,0.248071,0.245082
-0.071148,0.247506,0.246630
-0.071374,0.248594,0.247284
-0.072881,0.246868,0.245243
-0.074215,0.248950,0.246148
-0.074575,0.250007,0.246319
-0.076422,0.248854,0.245009
-0.075772,0.248679,0.247229
-0.077791,0.250555,0.246988
-0.077939,0.250218,0.247515
-0.079046,0.251883,0.246886
-0.081122,0.250232,0.250494
-0.080762,0.250453,0.247606
-0.081453,0.252461,0.249193
-0.083405,0.250339,0.249499
-0.085081,0.251574,0.249714
-0.085056,0.253531,0.248486
-0.087623,0.250743,0.248922
-0.087391,0.251848,0.247158
-0.090615,0.254206,0.250186
-0.089805,0.254838,0.251209
-0.089205,0.253665,0.248781
-0.091525,0.253778,0.251295
-0.091611,0.253773,0.253847
-0.094384,0.253759,0.253341
-0.094487,0.253564,0.253095
-0.094875,0.255002,0.250574
-0.098353,0.254147,0.251920
-0.095389,0.256164,0.253945
-0.097218,0.254999,0.253385
-0.099881,0.256236,0.253051
-0.103146,0.255050,0.251373
-0.102602,0.258614,0.254757
-0.101757,0.257411,0.255574
-0.104198,0.258547,0.253516
-0.103977,0.255772,0.253035
-0.106318,0.255678,0.251601
-0.107739,0.253590,0.247946
-0.107826,0.252008,0.247732
-0.111840,0.247565,0.244394
-0.108893,0.245500,0.244177
-0.111744,0.242901,0.241789
-0.111640,0.242838,0.238294
-0.114152,0.237256,0.236790
-0.115189,0.235822,0.233267
-0.114820,0.233094,0.234488
-0.118071,0.232312,0.230249
-0.116800,0.228849,0.229203
-0.118129,0.226304,0.225560
-0.120214,0.222110,0.223268
-0.117911,0.220331,0.219405
-0.121461,0.218554,0.218675
-0.123779,0.218447,0.216898
-0.123521,0.214084,0.213101
-0.127286,0.212057,0.213491
-0.126922,0.209293,0.210762
-0.128581,0.206587,0.208738
-0.128379,0.203061,0.205842
-0.128672,0.201292,0.203679
-0.131445,0.199912,0.201518
-0.131850,0.196117,0.198624
-0.133477,0.192467,0.197189
-0.133223,0.192975,0.196017
-0.135407,0.187983,0.193219
-0.135917,0.183965,0.189979
-0.136144,0.183410,0.189500
-0.140299,0.178447,0.185608
0.078785,0.189828,0.194793
0.078734,0.191137,0.195818
0.076476,0.193853,0.199774
0.075480,0.195533,0.200270
0.068974,0.230808,0.231059
0.069994,0.232477,0.232694
0.067567,0.231885,0.231730
0.067384,0.230071,0.232829
0.068125,0.230156,0.233871
0.063577,0.232355,0.232073
0.063961,0.230841,0.233983
0.061639,0.232615,0.231511
0.062868,0.231291,0.231533
0.062585,0.232997,0.233942
0.058656,0.232974,0.234935
0.056710,0.235561,0.233624
0.058813,0.233138,0.235324
0.056193,0.234883,0.234505
0.057290,0.234313,0.234319
0.054159,0.235381,0.236614
0.055343,0.235284,0.235137
0.052161,0.233649,0.236233
0.051220,0.237013,0.237064
0.050670,0.235764,0.235497
0.048551,0.236635,0.235147
0.047240,0.237370,0.235844
0.046419,0.237875,0.237156
0.047306,0.237464,0.236772
0.042914,0.237552,0.238183
0.043155,0.237643,0.236607
0.044528,0.238446,0.238418
0.043073,0.239486,0.238544
0.040095,0.238752,0.239704
0.040088,0.238870,0.239158
0.037056,0.241889,0.238689
0.037156,0.240768,0.238836
0.033700,0.238066,0.238720
0.037516,0.239228,0.239301
0.034707,0.242372,0.242068
0.034072,0.241220,0.241070
0.032899,0.243098,0.240937
0.031271,0.239933,0.240523
0.029790,0.242185,0.240864
0.027627,0.243554,0.243245
0.029373,0.240895,0.242840
0.027868,0.242297,0.242558
0.026218,0.243972,0.244395
0.024297,0.243860,0.243340
0.026154,0.242631,0.243094
0.024593,0.244957,0.243668
0.021311,0.246253,0.242825
0.022225,0.243966,0.244588
0.019083,0.245366,0.244089
0.018370,0.244788,0.245748
0.018163,0.245384,0.246211
0.015182,0.245220,0.245807
0.016202,0.245999,0.246649
0.016548,0.245851,0.245246
0.012650,0.248847,0.245186
0.013103,0.247872,0.246908
0.010612,0.247010,0.245743
0.011584,0.247417,0.244613
0.010158,0.248556,0.248021
0.007951,0.248930,0.249338
0.006825,0.248572,0.247922
0.006870,0.247862,0.248940
0.004442,0.249789,0.248708
0.002883,0.251169,0.248295
0.004108,0.248860,0.248552
0.003589,0.250267,0.249932
-0.000536,0.248997,0.248065
-0.000720,0.251376,0.249722
0.000354,0.250740,0.248341
-0.001275,0.249354,0.248245
-0.001397,0.245883,0.246690
-0.002141,0.246859,0.247040
-0.004915,0.245507,0.246089
-0.005562,0.246186,0.244362
-0.005439,0.245283,0.243315
-0.009107,0.245573,0.243683
-0.008120,0.244116,0.246538
-0.009099,0.243932,0.243980
-0.011677,0.241554,0.243645
-0.012440,0.243536,0.242288
-0.012149,0.243066,0.243373
-0.013780,0.242280,0.239890
-0.014197,0.241790,0.240688
-0.015775,0.241722,0.240430
-0.015006,0.242916,0.243109
-0.017372,0.242476,0.240815
-0.017750,0.240586,0.241158
-0.018540,0.241077,0.240326
-0.020948,0.240902,0.239654
-0.021653,0.241497,0.239145
-0.021638,0.240713,0.238783
-0.025388,0.240000,0.240022
-0.023964,0.239489,0.239472
-0.025107,0.239659,0.238583
-0.026148,0.237608,0.238472
-0.029630,0.239720,0.238059
-0.030415,0.239285,0.238340
-0.030901,0.240360,0.239385
-0.028925,0.239122,0.239472
-0.029002,0.240208,0.237260
-0.034220,0.238611,0.240791
-0.032666,0.239742,0.240451
-0.033541,0.238769,0.240168
-0.036565,0.241068,0.239464
-0.035826,0.239223,0.239319
-0.039092,0.239864,0.238803
-0.038209,0.239075,0.238783
-0.041196,0.240164,0.240073
-0.040974,0.241301,0.240869
-0.041773,0.238951,0.239175
-0.042982,0.241523,0.241146
-0.043994,0.240973,0.239097
-0.044803,0.242466,0.241662
-0.046515,0.240036,0.242422
-0.048200,0.240954,0.241524
-0.048943,0.240023,0.241743
-0.049322,0.243296,0.239151
-0.049679,0.242373,0.241076
-0.051217,0.241147,0.242701
-0.052854,0.241842,0.243917
-0.051921,0.243308,0.241524
-0.055078,0.243385,0.243330
-0.054034,0.244185,0.242231
-0.055170,0.241730,0.244147
-0.056578,0.244183,0.243463
-0.057341,0.242766,0.244159
-0.059637,0.243991,0.243094
-0.060289,0.245631,0.243224
-0.062511,0.245749,0.243345
-0.063471,0.245012,0.242566
-0.065251,0.244539,0.243280
-0.065441,0.246291,0.244689
-0.065017,0.244640,0.244464
-0.068417,0.246524,0.245142
-0.067139,0.246277,0.247027
-0.067321,0.246254,0.248229
-0.067776,0.247688,0.246513
-0.069045,0.245990,0.246609
-0.072844,0.248309,0.245902
-0.072417,0.246890,0.245995
-0.072927,0.247132,0.246907
-0.074537,0.247381,0.247529
-0.076908,0.248303,0.247419
-0.077367,0.249245,0.247356
-0.077943,0.251138,0.248796
-0.079456,0.251085,0.246779
-0.080514,0.250750,0.249523
-0.079323,0.250937,0.248261
-0.083263,0.249911,0.249291
-0.084647,0.250880,0.248599
-0.082841,0.251669,0.250194
-0.086920,0.252329,0.251513
-0.085397,0.251933,0.250997
-0.087747,0.251210,0.250444
-0.086491,0.252638,0.252507
-0.089559,0.253318,0.252581
-0.088569,0.251473,0.250540
-0.091130,0.251215,0.253840
-0.092457,0.254255,0.251531
-0.092013,0.253916,0.252922
-0.095361,0.252674,0.253179
-0.097232,0.256006,0.251704
-0.097023,0.254347,0.253121
-0.097995,0.254159,0.253916
-0.097353,0.256046,0.253707
-0.097996,0.256610,0.254295
-0.098112,0.256238,0.253048
-0.100490,0.255891,0.253614
-0.102280,0.255855,0.256846
-0.105956,0.257811,0.254740
-0.104218,0.256678,0.254057
-0.105155,0.256473,0.254917
-0.104998,0.253364,0.251750
-0.104931,0.251705,0.251736
-0.110811,0.249651,0.247078
-0.108363,0.246556,0.245838
-0.111747,0.244754,0.244188
-0.110854,0.241415,0.241857
-0.113063,0.237888,0.240858
-0.113816,0.237288,0.236194
-0.114983,0.234875,0.236485
-0.115648,0.234412,0.233875
-0.117327,0.229061,0.231766
-0.116343,0.227815,0.230271
-0.118952,0.225075,0.226445
-0.118115,0.225472,0.225735
-0.121322,0.221341,0.223759
-0.122807,0.219614,0.221200
-0.122715,0.217125,0.218090
-0.123567,0.213522,0.218016
-0.126509,0.210095,0.215103
-0.126328,0.208709,0.212276
-0.127970,0.204786,0.209996
-0.127991,0.203969,0.207279
-0.128961,0.202736,0.205190
-0.129846,0.197178,0.203916
-0.133293,0.196796,0.200532
-0.133644,0.191724,0.198615
-0.132872,0.190877,0.196448
-0.135072,0.188029,0.193608
-0.136102,0.185272,0.190616
-0.137339,0.183792,0.187845
-0.137526,0.179513,0.187599
-0.141647,0.178550,0.185942
0.085146,0.186154,0.193142
0.083335,0.188310,0.196744
0.083444,0.189156,0.197205
0.081134,0.190385,0.197682
0.080053,0.194363,0.200971
0.078049,0.195025,0.200964
0.078988,0.196788,0.203030
0.078000,0.199229,0.206936
0.072321,0.229647,0.231951
0.072760,0.228647,0.231265
0.070862,0.229987,0.230428
0.070246,0.229941,0.233003
0.070234,0.230729,0.231772
0.065712,0.230665,0.233500
0.065187,0.231702,0.235270
0.065588,0.231160,0.234682
0.063195,0.231006,0.234429
0.064055,0.231837,0.232448
0.062368,0.233991,0.234454
0.061441,0.231935,0.236253
0.058989,0.233792,0.234685
0.058353,0.234051,0.236994
0.060329,0.233013,0.236594
0.056106,0.234057,0.237989
0.056585,0.234987,0.238558
0.055499,0.233264,0.236115
0.053497,0.235879,0.237880
0.052916,0.233023,0.237087
0.049969,0.237640,0.237712
0.049804,0.234704,0.239336
0.048186,0.235347,0.236631
0.047389,0.235899,0.238625
0.046494,0.236377,0.238483
0.047179,0.237032,0.238270
0.045141,0.236092,0.239764
0.045242,0.237628,0.240086
0.042591,0.237673,0.237728
0.041481,0.238523,0.241625
0.040546,0.236811,0.240964
0.041616,0.238390,0.241271
0.038761,0.237964,0.239196
0.038667,0.239622,0.239975
0.037260,0.238084,0.241492
0.036955,0.239108,0.241467
0.033698,0.238666,0.240702
0.032550,0.240299,0.239406
0.033475,0.241294,0.243962
0.030633,0.240983,0.243941
0.031674,0.240466,0.243850
0.030869,0.243019,0.244965
0.028389,0.242373,0.245408
0.027793,0.242937,0.242051
0.026709,0.243269,0.243719
0.024602,0.242063,0.244269
0.024838,0.243382,0.245452
0.022931,0.243499,0.244184
0.020345,0.244602,0.245716
0.021586,0.242374,0.245838
0.020290,0.243556,0.244352
0.018494,0.244565,0.247151
0.016079,0.243699,0.246144
0.018492,0.244970,0.244386
0.016465,0.246405,0.245571
0.016070,0.245034,0.245932
0.013583,0.246313,0.247255
0.012007,0.245689,0.247129
0.012298,0.247004,0.248417
0.007915,0.245585,0.249988
0.010147,0.247681,0.248159
0.009837,0.246100,0.249131
0.007522,0.248225,0.249731
0.006403,0.248674,0.248505
0.005035,0.248751,0.248529
0.004358,0.248743,0.249410
0.004403,0.249379,0.247906
0.002050,0.249054,0.249959
0.001757,0.250191,0.249236
0.000996,0.248988,0.252329
-0.000690,0.250003,0.250100
-0.002747,0.250829,0.251917
-0.002645,0.248236,0.249201
-0.001134,0.247443,0.248263
-0.001519,0.246796,0.248377
-0.005912,0.244830,0.247650
-0.007900,0.244963,0.245126
-0.008050,0.244581,0.246017
-0.007208,0.244165,0.244515
-0.009281,0.243753,0.245432
-0.010751,0.242426,0.244191
-0.013364,0.241847,0.244364
-0.013299,0.243596,0.244161
-0.011951,0.240712,0.243243
-0.014143,0.241385,0.245198
-0.014900,0.240771,0.240668
-0.016308,0.240541,0.240699
-0.019899,0.240606,0.244228
-0.019283,0.240776,0.241285
-0.019998,0.238676,0.241911
-0.020789,0.240441,0.243466
-0.022588,0.239271,0.241752
-0.021804,0.238155,0.243400
-0.024767,0.238337,0.240467
-0.024957,0.239666,0.240205
-0.025849,0.240866,0.241942
-0.026140,0.238981,0.242454
-0.027120,0.238637,0.241771
-0.026634,0.239426,0.239883
-0.030430,0.238995,0.239432
-0.030918,0.240058,0.241933
-0.032078,0.238574,0.241422
-0.033128,0.238400,0.240225
-0.032541,0.239280,0.242022
-0.034599,0.237802,0.240169
-0.036967,0.240281,0.241421
-0.035793,0.239018,0.242057
-0.035526,0.239541,0.241381
-0.040974,0.238996,0.240791
-0.039623,0.238494,0.240818
-0.039176,0.239369,0.239851
-0.039612,0.240560,0.240025
-0.044644,0.238686,0.239553
-0.046000,0.241164,0.241804
-0.045884,0.239330,0.240742
-0.045485,0.240781,0.243883
-0.046109,0.241482,0.241842
-0.048056,0.243959,0.240701
-0.047857,0.242221,0.243432
-0.050275,0.242807,0.242505
-0.050860,0.242941,0.243049
-0.052085,0.241545,0.244666
-0.053543,0.240360,0.243450
-0.053463,0.242270,0.243559
-0.055792,0.241910,0.244026
-0.056673,0.242238,0.241621
-0.058463,0.244075,0.244979
-0.058502,0.242529,0.244710
-0.058316,0.244453,0.244140
-0.060112,0.243568,0.244786
-0.062096,0.244152,0.244652
-0.063413,0.245412,0.245188
-0.063347,0.244410,0.243418
-0.065324,0.245341,0.244874
-0.065835,0.245741,0.245678
-0.066371,0.246540,0.245335
-0.067739,0.244576,0.246159
-0.068545,0.246237,0.247826
-0.069608,0.247484,0.246302
-0.070355,0.246624,0.247731
-0.073380,0.246004,0.248149
-0.074142,0.248128,0.246844
-0.072019,0.246869,0.248770
-0.073652,0.248529,0.247860
-0.074634,0.246948,0.248621
-0.077556,0.249312,0.249524
-0.076770,0.248006,0.247549
-0.076783,0.250176,0.248463
-0.079315,0.250314,0.249393
-0.081144,0.251323,0.250504
-0.082478,0.250512,0.252141
-0.083026,0.252973,0.251109
-0.083293,0.252405,0.252122
-0.083599,0.251168,0.251497
-0.085485,0.249656,0.251182
-0.085354,0.251560,0.251233
-0.087058,0.253389,0.254699
-0.089537,0.253840,0.253544
-0.088942,0.254299,0.253329
-0.090817,0.253130,0.253357
-0.090990,0.253405,0.253840
-0.093404,0.254811,0.254388
-0.093195,0.254517,0.254637
-0.094835,0.255352,0.254211
-0.095963,0.254816,0.253966
-0.097488,0.254725,0.254014
-0.096288,0.256426,0.253300
-0.098865,0.256196,0.255447
-0.100037,0.256434,0.255872
-0.100137,0.256578,0.257231
-0.101077,0.257601,0.256801
-0.104118,0.257222,0.256126
-0.106213,0.256390,0.255337
-0.106056,0.256985,0.257216
-0.105126,0.255627,0.254050
-0.104518,0.253209,0.253061
-0.109660,0.249644,0.248575
-0.109308,0.248227,0.247874
-0.111831,0.243812,0.246419
-0.110673,0.241476,0.243281
-0.114078,0.237452,0.241076
-0.113100,0.235793,0.238130
-0.114265,0.234110,0.237430
-0.114799,0.233597,0.235651
-0.116466,0.230702,0.234370
-0.117390,0.228761,0.231152
-0.120271,0.226014,0.229372
-0.120366,0.223894,0.227932
-0.121218,0.220904,0.224440
-0.121584,0.216894,0.221704
-0.123177,0.217346,0.219086
-0.124207,0.213236,0.217989
-0.124464,0.209163,0.214403
-0.126667,0.208720,0.212041
-0.125983,0.204546,0.212027
-0.128453,0.203927,0.207261
-0.129771,0.201819,0.207659
-0.131108,0.197648,0.204166
-0.131834,0.194778,0.202662
-0.133997,0.192091,0.200529
-0.133618,0.190346,0.198681
-0.136283,0.188450,0.194667
-0.137878,0.184073,0.191221
-0.137314,0.181812,0.189551
-0.138405,0.179007,0.189301
-0.140512,0.174564,0.186603
0.091120,0.179793,0.190396
0.090687,0.185098,0.193186
0.087252,0.187168,0.195157
0.086376,0.189978,0.196973
0.086802,0.189165,0.197101
0.083704,0.190661,0.201696
0.082692,0.193405,0.200077
0.081512,0.195968,0.204391
0.080562,0.198195,0.203390
0.080008,0.198231,0.206816
0.075092,0.231213,0.234222
0.072444,0.227278,0.232275
0.073532,0.229361,0.231434
0.072823,0.227860,0.232025
0.072227,0.231270,0.234322
0.068779,0.228928,0.234035
0.069811,0.230945,0.235140
0.068742,0.230530,0.235818
0.067419,0.230780,0.234683
0.065728,0.229560,0.235292
0.065179,0.231002,0.234559
0.064780,0.230456,0.236159
0.064610,0.232350,0.234753
0.062082,0.232670,0.237117
0.060567,0.232250,0.236293
0.058642,0.232165,0.236900
0.058640,0.232463,0.236584
0.056631,0.233899,0.238851
0.053496,0.233739,0.237682
0.056023,0.232747,0.238013
0.055458,0.235402,0.237883
0.053535,0.235817,0.237435
0.053840,0.232639,0.239102
0.051517,0.237277,0.239089
0.049833,0.236086,0.239960
0.049004,0.235818,0.241561
0.049726,0.236459,0.238474
0.048175,0.236579,0.241096
0.044665,0.236224,0.240391
0.043943,0.236346,0.241054
0.043578,0.237721,0.239202
0.042521,0.236128,0.241518
0.042269,0.239392,0.241748
0.041009,0.239993,0.240864
0.039187,0.237138,0.243434
0.039775,0.236639,0.241178
0.038226,0.237845,0.242812
0.036797,0.238521,0.244635
0.035407,0.238575,0.242209
0.035096,0.239934,0.242726
0.033051,0.242448,0.241864
0.032722,0.239942,0.241844
0.029936,0.240600,0.244920
0.031182,0.241546,0.244737
0.029003,0.242060,0.243165
0.029640,0.243776,0.245705
0.027763,0.243682,0.245969
0.027152,0.242968,0.245065
0.025279,0.242052,0.246201
0.023684,0.243555,0.247178
0.023022,0.244162,0.247581
0.022850,0.243873,0.246864
0.021178,0.242686,0.247362
0.020569,0.245138,0.248638
0.019143,0.244146,0.248657
0.017170,0.245606,0.247726
0.019113,0.245607,0.248766
0.015312,0.243382,0.248747
0.014184,0.244280,0.247621
0.013027,0.247842,0.246609
0.011793,0.246171,0.250982
0.010781,0.247274,0.248549
0.011436,0.247754,0.250261
0.011269,0.246039,0.249119
0.007652,0.245712,0.249059
0.006760,0.246671,0.250718
0.005316,0.247671,0.250418
0.005935,0.248054,0.250674
0.003705,0.247896,0.249747
0.004577,0.249343,0.249786
0.003555,0.250276,0.252719
0.000664,0.250278,0.253434
0.000672,0.251492,0.252462
0.000201,0.249606,0.251995
-0.001452,0.247900,0.250265
-0.003034,0.251123,0.250541
-0.004806,0.248144,0.250062
-0.003748,0.247102,0.251350
-0.006030,0.245884,0.249303
-0.006051,0.245094,0.249124
-0.005033,0.245205,0.247619
-0.008441,0.245694,0.246540
-0.007422,0.244072,0.246504
-0.011195,0.243998,0.245870
-0.011165,0.241842,0.246386
-0.014609,0.242803,0.243569
-0.013609,0.240436,0.244869
-0.015301,0.242560,0.242627
-0.015263,0.242873,0.241273
-0.015967,0.241995,0.244109
-0.016380,0.240910,0.243680
-0.019174,0.240398,0.242656
-0.018332,0.237993,0.243352
-0.021657,0.238469,0.243021
-0.021955,0.241888,0.242847
-0.022395,0.238859,0.241931
-0.021993,0.239065,0.241741
-0.025207,0.237241,0.240559
-0.024693,0.239077,0.242429
-0.026305,0.238963,0.242606
-0.027387,0.239006,0.244387
-0.028524,0.237926,0.241488
-0.031096,0.238259,0.240978
-0.031369,0.241268,0.241737
-0.030505,0.237771,0.241826
-0.032521,0.238336,0.241739
-0.034016,0.240471,0.241801
-0.034896,0.238172,0.242090
-0.037453,0.239790,0.241422
-0.036240,0.238923,0.241100
-0.037649,0.240786,0.242106
-0.039603,0.238814,0.243035
-0.039599,0.238208,0.241332
-0.040326,0.239850,0.243126
-0.042118,0.238481,0.241234
-0.045143,0.238865,0.242080
-0.043587,0.240627,0.242451
-0.043490,0.240243,0.243105
-0.046278,0.239940,0.243922
-0.047596,0.237923,0.242763
-0.047084,0.239146,0.241475
-0.047978,0.240769,0.244033
-0.050402,0.239972,0.244200
-0.051239,0.242292,0.243667
-0.052716,0.240385,0.244005
-0.051924,0.242475,0.244287
-0.053783,0.241518,0.246773
-0.056624,0.243921,0.247006
-0.058087,0.242663,0.245750
-0.058387,0.242372,0.243465
-0.057386,0.242714,0.245874
-0.059547,0.243445,0.246392
-0.059220,0.242843,0.247424
-0.061285,0.243183,0.246021
-0.062315,0.244790,0.246628
-0.061615,0.245289,0.246002
-0.065054,0.244959,0.245030
-0.064855,0.244909,0.245908
-0.068161,0.244915,0.247735
-0.067314,0.245362,0.248122
-0.069148,0.246532,0.248203
-0.070345,0.245358,0.247924
-0.071724,0.245589,0.248704
-0.073296,0.247598,0.249653
-0.072121,0.245442,0.249001
-0.072646,0.248282,0.248337
-0.075517,0.247998,0.249137
-0.075351,0.247919,0.249858
-0.078034,0.247285,0.249391
-0.076385,0.247812,0.251014
-0.080142,0.248322,0.250886
-0.079429,0.249178,0.252684
-0.080486,0.249875,0.253321
-0.078556,0.249363,0.251224
-0.082330,0.251737,0.252548
-0.085284,0.249123,0.252061
-0.084613,0.250913,0.252464
-0.086629,0.252255,0.252975
-0.088563,0.251638,0.253543
-0.085229,0.253124,0.255076
-0.090141,0.253084,0.254811
-0.090092,0.253443,0.254057
-0.090363,0.253775,0.253397
-0.092821,0.252680,0.254294
-0.092796,0.253680,0.255622
-0.093715,0.252216,0.256204
-0.095134,0.253465,0.255592
-0.095254,0.255915,0.255072
-0.097409,0.254151,0.257406
-0.099610,0.255168,0.256015
-0.098448,0.254516,0.256229
-0.100180,0.256650,0.256520
-0.102745,0.256608,0.259418
-0.101035,0.254329,0.257954
-0.101496,0.256038,0.257176
-0.103278,0.258478,0.258723
-0.105757,0.254444,0.258060
-0.106427,0.253641,0.253686
-0.108849,0.251447,0.253014
-0.109763,0.250161,0.251288
-0.108740,0.248379,0.248199
-0.110271,0.241984,0.249456
-0.111497,0.242519,0.244049
-0.112740,0.239019,0.242294
-0.113477,0.236064,0.240208
-0.113856,0.235882,0.237470
-0.116812,0.233070,0.234502
-0.116002,0.230049,0.230792
-0.116094,0.227571,0.232115
-0.118290,0.225139,0.229569
-0.119588,0.222211,0.229527
-0.120407,0.220044,0.224011
-0.122364,0.218976,0.222982
-0.122675,0.215780,0.221537
-0.124681,0.213650,0.218077
-0.125410,0.209522,0.215933
-0.127300,0.206413,0.213937
-0.127524,0.206496,0.213340
-0.128656,0.203779,0.209860
-0.130445,0.201071,0.209413
-0.131098,0.197389,0.205245
-0.130959,0.195398,0.202733
-0.134202,0.191475,0.199262
-0.135183,0.188880,0.199783
-0.134261,0.189770,0.195951
-0.135172,0.183737,0.195726
-0.137365,0.182400,0.190173
-0.138568,0.181530,0.189159
-0.141400,0.177014,0.187642
-0.141281,0.173855,0.184108
0.097305,0.171185,0.184849
0.095837,0.176103,0.190431
0.093428,0.183650,0.192767
0.094650,0.184820,0.197462
0.089889,0.186753,0.198458
0.089576,0.187403,0.199708
0.090543,0.189570,0.200924
0.087495,0.191314,0.201209
0.086864,0.194376,0.205546
0.086498,0.195240,0.204650
0.083315,0.197854,0.205555
0.084160,0.199847,0.210317
0.081551,0.201544,0.212064
0.081092,0.203081,0.210528
0.076351,0.225689,0.232427
0.073537,0.226359,0.232971
0.076016,0.229626,0.233607
0.072897,0.226645,0.234411
0.073255,0.227879,0.234883
0.071023,0.230734,0.234621
0.071371,0.228931,0.236073
0.070825,0.228863,0.237464
0.068025,0.230833,0.237391
0.067510,0.230676,0.237326
0.063617,0.229039,0.236168
0.064346,0.231148,0.238487
0.064462,0.230613,0.237669
0.063191,0.231430,0.236460
0.062595,0.233635,0.236779
0.061165,0.232721,0.237536
0.061467,0.231959,0.238255
0.059814,0.231417,0.239611
0.057233,0.232270,0.238194
0.057296,0.234423,0.238556
0.053678,0.232785,0.237913
0.054857,0.233847,0.240350
0.053605,0.235539,0.240166
0.052107,0.234833,0.240135
0.052404,0.234151,0.240086
0.050919,0.235968,0.239978
0.049563,0.236570,0.240159
0.047970,0.236547,0.242938
0.047671,0.234739,0.243152
0.045554,0.237612,0.240186
0.044868,0.236484,0.241894
0.043673,0.236496,0.241588
0.041541,0.237738,0.241818
0.042663,0.238505,0.242677
0.041768,0.236255,0.243098
0.039731,0.236851,0.244337
0.037394,0.236706,0.241565
0.038698,0.237029,0.243983
0.036820,0.238857,0.243498
0.037068,0.241611,0.245446
0.034159,0.238707,0.244503
0.032122,0.239853,0.243281
0.031565,0.240386,0.244482
0.031558,0.240399,0.245354
0.030550,0.239705,0.245117
0.029992,0.241058,0.245365
0.028432,0.240562,0.246063
0.027427,0.241348,0.245704
0.026149,0.241878,0.246299
0.026851,0.242376,0.246681
0.023938,0.243351,0.248493
0.023718,0.241618,0.247291
0.023001,0.242715,0.246259
0.020999,0.242434,0.248503
0.019650,0.243929,0.249044
0.019212,0.244232,0.249038
0.017152,0.243539,0.248708
0.017742,0.243772,0.249331
0.015167,0.246518,0.249323
0.016517,0.245411,0.249205
0.012272,0.246026,0.248029
0.013226,0.244547,0.250789
0.012813,0.247126,0.251826
0.011913,0.246786,0.251304
0.010007,0.247869,0.251058
0.008572,0.248259,0.250729
0.009736,0.247664,0.251913
0.006745,0.245826,0.250416
0.005170,0.248253,0.251662
0.004933,0.249300,0.252875
0.002830,0.249502,0.252178
0.002495,0.248139,0.251929
-0.000108,0.250531,0.252236
0.001780,0.249181,0.253156
0.001312,0.248233,0.253184
-0.002672,0.248335,0.254212
-0.002911,0.250322,0.252978
-0.003745,0.248671,0.254113
-0.003775,0.247398,0.251489
-0.007188,0.246632,0.252253
-0.006795,0.246693,0.250455
-0.008118,0.245759,0.250315
-0.010302,0.245598,0.249864
-0.010845,0.244165,0.248652
-0.010576,0.243648,0.247399
-0.010089,0.243482,0.246292
-0.012248,0.242589,0.245276
-0.012747,0.245231,0.246101
-0.012295,0.239402,0.247474
-0.014085,0.241272,0.245873
-0.014986,0.240481,0.245476
-0.017648,0.239662,0.245490
-0.020204,0.240457,0.245459
-0.018707,0.238259,0.243018
-0.020717,0.239142,0.243180
-0.020395,0.239490,0.244877
-0.023621,0.239783,0.243727
-0.024894,0.238738,0.245221
-0.025229,0.239653,0.242202
-0.025443,0.237828,0.243241
-0.026591,0.237467,0.244406
-0.027620,0.239250,0.244082
-0.030660,0.238476,0.243071
-0.029126,0.237728,0.244383
-0.031135,0.238892,0.241444
-0.034189,0.237078,0.242772
-0.034006,0.238415,0.243360
-0.033366,0.238675,0.243684
-0.034437,0.238861,0.244599
-0.035591,0.239625,0.242438
-0.035883,0.235925,0.243564
-0.037488,0.235945,0.240624
-0.039218,0.238158,0.241360
-0.041807,0.239330,0.243249
-0.040879,0.238877,0.244872
-0.040489,0.239698,0.244283
-0.042381,0.239451,0.242400
-0.044243,0.240025,0.243355
-0.045565,0.240794,0.242693
-0.045473,0.240223,0.245737
-0.046819,0.239135,0.242948
-0.047537,0.239690,0.243413
-0.050406,0.239412,0.243618
-0.049284,0.240007,0.244093
-0.051239,0.241610,0.245680
-0.051323,0.242028,0.245372
-0.052891,0.240823,0.245236
-0.054016,0.240577,0.247346
-0.054477,0.243372,0.246937
-0.055901,0.241268,0.248520
-0.058238,0.241495,0.246816
-0.058954,0.242488,0.247684
-0.059907,0.242665,0.246430
-0.062419,0.243773,0.246356
-0.061520,0.243454,0.248198
-0.062813,0.243770,0.248015
-0.064111,0.245205,0.247486
-0.064128,0.244959,0.248453
-0.066787,0.245053,0.249142
-0.067513,0.245795,0.246625
-0.068345,0.244299,0.249792
-0.068812,0.247484,0.249704
-0.069703,0.244541,0.252575
-0.069232,0.247111,0.249743
-0.072283,0.247228,0.250033
-0.071932,0.247893,0.248926
-0.072512,0.247009,0.250866
-0.074263,0.248173,0.251173
-0.077380,0.247437,0.251795
-0.076128,0.246009,0.251699
-0.078499,0.248010,0.250243
-0.078505,0.249633,0.251721
-0.082316,0.248981,0.252624
-0.081034,0.248937,0.254539
-0.082540,0.249721,0.252950
-0.081171,0.249593,0.254212
-0.081763,0.250543,0.254739
-0.085057,0.249244,0.252701
-0.085903,0.250439,0.254378
-0.086779,0.250685,0.256325
-0.087488,0.251531,0.254567
-0.088587,0.252977,0.255308
-0.089432,0.253453,0.256704
-0.091199,0.253168,0.256747
-0.091758,0.253052,0.254672
-0.092627,0.253324,0.256448
-0.094910,0.253419,0.257166
-0.094608,0.253857,0.257208
-0.096705,0.254113,0.255417
-0.096218,0.254358,0.256901
-0.096833,0.253619,0.256367
-0.098227,0.253990,0.256730
-0.099362,0.253962,0.258647
-0.099101,0.256061,0.258363
-0.101749,0.256077,0.259558
-0.103844,0.254394,0.258812
-0.104184,0.256549,0.256757
-0.103355,0.256510,0.256657
-0.105338,0.251640,0.256417
-0.106865,0.250459,0.252762
-0.108653,0.248685,0.251242
-0.109487,0.246803,0.249393
-0.111045,0.244133,0.248033
-0.111457,0.241501,0.245227
-0.115613,0.238830,0.243755
-0.112841,0.234364,0.242017
-0.115063,0.232940,0.238527
-0.115314,0.228642,0.237388
-0.116541,0.227577,0.234623
-0.116277,0.227323,0.231062
-0.118869,0.223297,0.229514
-0.119445,0.221979,0.230063
-0.119692,0.220636,0.227069
-0.121731,0.217282,0.225663
-0.123108,0.215402,0.222230
-0.125503,0.211355,0.220350
-0.125144,0.209513,0.217409
-0.126632,0.205759,0.215082
-0.125922,0.204663,0.212377
-0.128264,0.202359,0.213296
-0.128454,0.198933,0.206702
-0.132236,0.196664,0.207748
-0.132029,0.196916,0.204402
-0.134459,0.191145,0.202081
-0.134490,0.189205,0.200795
-0.135743,0.186914,0.198652
-0.137421,0.183759,0.194028
-0.138098,0.183353,0.193108
-0.139474,0.178366,0.193008
-0.140054,0.175887,0.188313
-0.139517,0.174328,0.184528
-0.141910,0.170995,0.184642
0.099757,0.170590,0.185025
0.101492,0.174844,0.189332
0.097072,0.179459,0.193625
0.095599,0.182956,0.195611
0.094848,0.184843,0.198939
0.095822,0.184285,0.199214
0.093384,0.187150,0.201235
0.091821,0.190861,0.202499
0.090811,0.194263,0.202580
0.089872,0.195386,0.205090
0.087188,0.194352,0.206269
0.088059,0.198323,0.208537
0.085772,0.198824,0.211120
0.084534,0.201642,0.213481
0.082578,0.203025,0.213686
0.079707,0.205850,0.216985
0.077835,0.225840,0.234300
0.078883,0.227641,0.234982
0.076299,0.226444,0.234044
0.076546,0.228932,0.234645
0.073306,0.227490,0.236551
0.073743,0.229903,0.233321
0.069882,0.229566,0.235750
0.070364,0.229216,0.237313
0.070332,0.227318,0.235522
0.069212,0.228637,0.237728
0.068318,0.229256,0.235255
0.067219,0.229287,0.237529
0.065274,0.231592,0.236940
0.066126,0.231351,0.238875
0.064776,0.232165,0.238156
0.061510,0.233034,0.239388
0.059871,0.231284,0.239807
0.059999,0.233155,0.238023
0.059916,0.234003,0.238031
0.058069,0.232940,0.239865
0.057254,0.233766,0.240074
0.056533,0.232986,0.239730
0.052843,0.232660,0.238180
0.055610,0.233655,0.239841
0.051720,0.232669,0.241401
0.053881,0.233931,0.239628
0.051551,0.234391,0.239823
0.049848,0.234300,0.242687
0.049743,0.235226,0.242573
0.048085,0.235152,0.242926
0.047360,0.236192,0.244307
0.044446,0.234223,0.242485
0.045491,0.236844,0.240540
0.043573,0.236730,0.243506
0.042897,0.236643,0.243313
0.042705,0.237349,0.243917
0.039887,0.237988,0.243728
0.040527,0.237812,0.243824
0.039788,0.237414,0.244389
0.035486,0.238424,0.244612
0.034612,0.238890,0.243804
0.036341,0.239293,0.245693
0.034651,0.239794,0.246082
0.035430,0.239378,0.245474
0.032517,0.240206,0.245641
0.031407,0.240900,0.247378
0.030831,0.240893,0.247432
0.028750,0.239571,0.245879
0.028459,0.240712,0.248163
0.027021,0.240759,0.248575
0.026049,0.240442,0.248339
0.025488,0.241292,0.249096
0.023141,0.242675,0.248228
0.021924,0.241775,0.248321
0.023070,0.243171,0.248974
0.019680,0.242453,0.248750
0.019157,0.243033,0.248794
0.020100,0.242244,0.250685
0.016178,0.244942,0.250276
0.019762,0.243935,0.250114
0.016362,0.246095,0.251161
0.013122,0.243976,0.251220
0.013750,0.246722,0.251169
0.012579,0.245712,0.249893
0.011566,0.245778,0.249256
0.011217,0.246757,0.250404
0.010086,0.245736,0.252675
0.009076,0.245794,0.250742
0.007527,0.248811,0.253877
0.006908,0.245832,0.253267
0.005874,0.246406,0.254640
0.004388,0.247994,0.251762
0.003906,0.247638,0.254658
0.002671,0.248459,0.252730
0.001017,0.248974,0.252470
0.000390,0.248973,0.253834
-0.001506,0.250161,0.254011
-0.001677,0.249658,0.255084
-0.004450,0.252003,0.254894
-0.003049,0.250140,0.254443
-0.004626,0.246683,0.254305
-0.006682,0.248016,0.252904
-0.006325,0.246163,0.253141
-0.006731,0.244609,0.251235
-0.009421,0.244569,0.250610
-0.008661,0.245439,0.251452
-0.011374,0.241828,0.249039
-0.011659,0.244969,0.249574
-0.012154,0.242776,0.249088
-0.013833,0.242625,0.248800
-0.014495,0.243098,0.247289
-0.015746,0.241171,0.249091
-0.017349,0.241486,0.246628
-0.018034,0.239858,0.248164
-0.018441,0.241504,0.245245
-0.021463,0.240153,0.246472
-0.021770,0.239870,0.244598
-0.022005,0.238974,0.246275
-0.023454,0.238033,0.246129
-0.023652,0.240760,0.246208
-0.025864,0.238980,0.244430
-0.024228,0.239440,0.244496
-0.027126,0.240778,0.245725
-0.027408,0.239201,0.245344
-0.027543,0.237540,0.245361
-0.030357,0.238440,0.244106
-0.027889,0.238901,0.243903
-0.031206,0.236838,0.245155
-0.031699,0.239224,0.243931
-0.032344,0.237674,0.243884
-0.034796,0.238667,0.244788
-0.035725,0.238099,0.242692
-0.036263,0.238143,0.244982
-0.037827,0.236056,0.243674
-0.038830,0.239503,0.243899
-0.040472,0.237279,0.245195
-0.039539,0.238518,0.245913
-0.041588,0.238274,0.245566
-0.043191,0.239479,0.245139
-0.044275,0.238658,0.244438
-0.045603,0.237098,0.243302
-0.045027,0.240413,0.247141
-0.046617,0.241144,0.244817
-0.048328,0.238660,0.246371
-0.047993,0.239190,0.246360
-0.049709,0.238949,0.244998
-0.053060,0.239552,0.245536
-0.051348,0.242086,0.246277
-0.052177,0.241040,0.245788
-0.053294,0.242308,0.245305
-0.055100,0.242430,0.247494
-0.056028,0.240032,0.247199
-0.056668,0.239784,0.247013
-0.060423,0.241800,0.248204
-0.059473,0.241245,0.246846
-0.061522,0.241849,0.249165
-0.062616,0.242774,0.248940
-0.061470,0.242319,0.249394
-0.061210,0.243977,0.249658
-0.064422,0.243702,0.248424
-0.065824,0.244155,0.250264
-0.067175,0.245171,0.248257
-0.068569,0.245848,0.251069
-0.067645,0.242564,0.249141
-0.069615,0.243826,0.251477
-0.071729,0.246473,0.251145
-0.072069,0.243105,0.250356
-0.071164,0.247026,0.251641
-0.074164,0.246250,0.253639
-0.074450,0.244829,0.251856
-0.074526,0.245797,0.253041
-0.076454,0.246392,0.251988
-0.078054,0.247364,0.252781
-0.078791,0.247976,0.252466
-0.078921,0.248237,0.251701
-0.080484,0.248600,0.253334
-0.082608,0.250647,0.256044
-0.083018,0.249168,0.255654
-0.083201,0.249623,0.254224
-0.086256,0.251251,0.254666
-0.086987,0.250599,0.255406
-0.088079,0.252198,0.256859
-0.088046,0.251093,0.255247
-0.088541,0.253088,0.257274
-0.088845,0.252610,0.256342
-0.090939,0.250521,0.256837
-0.092504,0.252322,0.261090
-0.094151,0.252577,0.258666
-0.092515,0.254935,0.257526
-0.094863,0.252795,0.257300
-0.097219,0.253243,0.259810
-0.096268,0.254328,0.257146
-0.098022,0.253921,0.257068
-0.099429,0.255866,0.257457
-0.099869,0.255852,0.258817
-0.102552,0.253584,0.257435
-0.103024,0.254886,0.258223
-0.102721,0.255574,0.261320
-0.104851,0.256792,0.260169
-0.104856,0.254596,0.259305
-0.107097,0.254028,0.256088
-0.107277,0.248640,0.254670
-0.108198,0.248569,0.253535
-0.109783,0.244864,0.251106
-0.109157,0.243960,0.249731
-0.113691,0.240004,0.246180
-0.111479,0.237301,0.244692
-0.113149,0.237297,0.242921
-0.112890,0.234988,0.241608
-0.115448,0.231473,0.240325
-0.115090,0.228335,0.236558
-0.118756,0.225350,0.233973
-0.116997,0.224965,0.231901
-0.121876,0.221148,0.229050
-0.122082,0.219246,0.228418
-0.121626,0.215373,0.225134
-0.121154,0.213181,0.224134
-0.121837,0.212041,0.220243
-0.127021,0.209289,0.219060
-0.126871,0.205636,0.216448
-0.129033,0.202500,0.214125
-0.129483,0.202290,0.211914
-0.130870,0.198211,0.209753
-0.129179,0.196006,0.206886
-0.133283,0.193683,0.204814
-0.132944,0.190772,0.203918
-0.134218,0.187934,0.200484
-0.135800,0.187024,0.201734
-0.136070,0.183522,0.197829
-0.137421,0.183927,0.193935
-0.137839,0.177506,0.192500
-0.141528,0.175197,0.189330
-0.141052,0.173892,0.187193
-0.141421,0.171514,0.186271
0.108863,0.167780,0.183308
0.106603,0.173416,0.188284
0.104467,0.178562,0.193058
0.103592,0.180031,0.196478
0.101232,0.179121,0.194946
0.100820,0.182551,0.197541
0.097985,0.185265,0.199643
0.097894,0.186643,0.200846
0.096734,0.188904,0.201809
0.094162,0.190598,0.203795
0.093197,0.190851,0.205713
0.093726,0.193648,0.207236
0.091890,0.195695,0.208010
0.088416,0.195706,0.209343
0.088750,0.197991,0.211324
0.087753,0.200938,0.211304
0.084177,0.199886,0.213792
0.085259,0.204856,0.216691
0.083135,0.207617,0.219263
0.082828,0.207525,0.218322
0.079357,0.224497,0.235779
0.080270,0.225974,0.234982
0.077233,0.226644,0.235161
0.076161,0.226333,0.237242
0.073641,0.226828,0.235103
0.073536,0.228893,0.236370
0.073922,0.227565,0.237537
0.072616,0.227857,0.237488
0.073496,0.229325,0.238083
0.069887,0.228215,0.237730
0.070107,0.228909,0.238159
0.066567,0.230424,0.237241
0.068753,0.228444,0.238623
0.066313,0.230427,0.240509
0.064642,0.230145,0.238406
0.064308,0.230171,0.239070
0.062769,0.229649,0.238227
0.060306,0.230637,0.238469
0.059889,0.230272,0.240556
0.060028,0.231868,0.241119
0.059078,0.232002,0.240988
0.055726,0.232571,0.240496
0.055792,0.231509,0.239456
0.054207,0.232499,0.241068
0.053615,0.234325,0.241490
0.052398,0.232313,0.240200
0.053154,0.235713,0.243205
0.052313,0.234790,0.241061
0.051045,0.233954,0.244194
0.048049,0.233398,0.243266
0.046694,0.234715,0.243755
0.047256,0.234293,0.243305
0.045641,0.237749,0.242247
0.045848,0.236279,0.244772
0.043355,0.236694,0.243143
0.040687,0.236067,0.244674
0.040500,0.235993,0.244781
0.040503,0.238520,0.245593
0.039768,0.237802,0.247434
0.039313,0.237942,0.246772
0.037258,0.238755,0.245566
0.038698,0.239921,0.248172
0.034802,0.238228,0.247120
0.033263,0.239213,0.246890
0.033051,0.238420,0.247874
0.032594,0.237957,0.247659
0.032075,0.240443,0.247716
0.029667,0.239602,0.249320
0.029846,0.241007,0.246769
0.029994,0.239324,0.251130
0.026615,0.240401,0.248564
0.027473,0.239451,0.249128
0.023930,0.242196,0.249156
0.025301,0.240867,0.247425
0.024314,0.240359,0.249454
0.022809,0.242962,0.253056
0.022489,0.241434,0.249915
0.020775,0.242827,0.249465
0.019634,0.244129,0.250212
0.019089,0.242414,0.251559
0.018002,0.242061,0.250826
0.016015,0.244536,0.248736
0.013179,0.244151,0.251873
0.014759,0.244002,0.253462
0.013066,0.245922,0.251663
0.011543,0.245572,0.252008
0.009616,0.245324,0.250862
0.010135,0.246559,0.252994
0.008338,0.245667,0.252895
0.006674,0.248421,0.252570
0.005361,0.246790,0.254085
0.005224,0.245319,0.253662
0.004124,0.248115,0.255124
0.003641,0.248207,0.254233
0.003142,0.247760,0.255069
0.002442,0.248485,0.254965
0.001303,0.248076,0.256021
-0.000735,0.247750,0.255323
-0.001278,0.249957,0.256682
-0.002656,0.248999,0.255513
-0.002780,0.250136,0.255302
-0.005238,0.247985,0.253436
-0.006327,0.249580,0.254372
-0.006551,0.246409,0.254016
-0.006307,0.249141,0.253171
-0.010590,0.246055,0.251894
-0.011419,0.247958,0.251737
-0.009850,0.244948,0.251883
-0.010961,0.244760,0.251847
-0.011630,0.243836,0.250433
-0.014161,0.241702,0.250136
-0.016436,0.242392,0.249705
-0.016081,0.241528,0.249285
-0.016226,0.242006,0.246340
-0.016020,0.239392,0.248713
-0.016308,0.240274,0.248006
-0.018686,0.241136,0.248563
-0.018962,0.237819,0.246761
-0.020420,0.238372,0.247683
-0.023077,0.237453,0.245588
-0.024998,0.239671,0.246275
-0.026369,0.239170,0.245763
-0.026301,0.237479,0.247098
-0.026066,0.236720,0.246753
-0.026642,0.238436,0.246521
-0.029088,0.238895,0.245862
-0.029853,0.236203,0.244779
-0.033168,0.237007,0.246720
-0.031903,0.237320,0.244210
-0.031260,0.235830,0.244522
-0.032478,0.237719,0.245629
-0.033711,0.238826,0.245755
-0.035150,0.236059,0.247230
-0.036377,0.239467,0.245117
-0.038385,0.237277,0.247034
-0.041261,0.237962,0.244904
-0.040505,0.236842,0.245567
-0.040634,0.238652,0.246296
-0.042550,0.238501,0.247317
-0.043687,0.238303,0.246798
-0.043861,0.236721,0.247404
-0.044311,0.237794,0.245949
-0.047451,0.238077,0.245819
-0.046340,0.240243,0.245746
-0.048830,0.239729,0.245625
-0.047700,0.237608,0.248523
-0.049676,0.238983,0.247495
-0.052072,0.238342,0.246521
-0.052515,0.241315,0.246174
-0.052901,0.238803,0.249208
-0.054473,0.240103,0.246563
-0.056263,0.239009,0.248342
-0.056043,0.240894,0.248935
-0.058397,0.242427,0.248966
-0.058944,0.242420,0.248789
-0.061108,0.242503,0.249784
-0.060787,0.241872,0.247482
-0.061517,0.240437,0.249014
-0.061211,0.242611,0.248820
-0.061913,0.241666,0.251893
-0.064185,0.244541,0.250382
-0.065550,0.245811,0.250992
-0.068468,0.242679,0.250894
-0.067703,0.244565,0.251146
-0.067754,0.242858,0.250660
-0.069798,0.246133,0.252546
-0.069336,0.244336,0.253530
-0.071455,0.245838,0.251416
-0.071813,0.245772,0.252170
-0.074518,0.243039,0.252780
-0.074679,0.244993,0.252639
-0.076604,0.245809,0.253104
-0.074934,0.248031,0.252325
-0.077934,0.245261,0.255392
-0.079584,0.247223,0.255993
-0.080406,0.246360,0.254918
-0.078170,0.247773,0.254893
-0.079589,0.247574,0.257019
-0.081073,0.248321,0.257138
-0.082008,0.249359,0.257015
-0.084856,0.248589,0.256109
-0.086101,0.249160,0.256018
-0.085856,0.251354,0.259148
-0.088835,0.253033,0.256472
-0.087467,0.249496,0.258266
-0.091170,0.250480,0.256009
-0.091354,0.252497,0.259183
-0.092255,0.251369,0.258294
-0.093247,0.253232,0.260324
-0.095636,0.253045,0.259064
-0.095239,0.254420,0.259371
-0.095205,0.252063,0.260558
-0.095803,0.253119,0.259508
-0.099241,0.255799,0.262221
-0.099215,0.252485,0.259717
-0.101117,0.254857,0.259674
-0.102913,0.258302,0.262627
-0.101853,0.255296,0.260185
-0.102706,0.256101,0.260565
-0.105246,0.255102,0.261861
-0.102372,0.255658,0.260189
-0.105002,0.252876,0.259258
-0.106617,0.250214,0.257809
-0.108949,0.246938,0.253343
-0.110845,0.246383,0.253213
-0.109577,0.241996,0.251077
-0.111533,0.240673,0.247608
-0.112000,0.237801,0.244029
-0.114177,0.234879,0.243351
-0.116302,0.233102,0.241183
-0.115852,0.232563,0.241404
-0.116167,0.229238,0.236530
-0.116518,0.225641,0.233748
-0.116522,0.224191,0.232472
-0.119811,0.221870,0.233610
-0.121804,0.216994,0.227742
-0.122188,0.216019,0.225885
-0.122011,0.213011,0.224432
-0.123593,0.210875,0.223311
-0.125678,0.208659,0.220761
-0.127846,0.206061,0.218764
-0.127988,0.203665,0.216579
-0.129605,0.199984,0.214734
-0.130809,0.198730,0.213031
-0.132059,0.196207,0.209201
-0.132910,0.193359,0.205849
-0.133859,0.191116,0.206444
-0.132863,0.188755,0.202283
-0.134548,0.185643,0.200669
-0.135372,0.183864,0.196979
-0.136313,0.180640,0.197430
-0.138913,0.179383,0.193183
-0.140295,0.175508,0.190822
-0.142105,0.172022,0.188550
-0.142585,0.168458,0.187333
0.112327,0.166273,0.184363
0.112460,0.168414,0.187426
0.110997,0.174124,0.191214
0.109754,0.178550,0.193073
0.107805,0.179907,0.195154
0.105777,0.177947,0.196568
0.104348,0.180685,0.196620
0.104232,0.181398,0.196375
0.103398,0.182175,0.200131
0.103091,0.185640,0.198970
0.101566,0.185392,0.202573
0.102007,0.186306,0.202153
0.098405,0.189866,0.204888
0.097162,0.192597,0.207339
0.097810,0.192586,0.205904
0.094529,0.193626,0.208994
0.095081,0.194739,0.210080
0.092866,0.195227,0.209370
0.092182,0.196041,0.210515
0.089711,0.196992,0.213947
0.087625,0.201096,0.213238
0.086598,0.201760,0.217240
0.085446,0.203892,0.217400
0.085559,0.206279,0.219198
0.082432,0.208071,0.222623
0.082220,0.225371,0.236930
0.080025,0.225409,0.236311
0.077579,0.226332,0.236867
0.079923,0.227967,0.237841
0.077607,0.226701,0.239493
0.074861,0.226842,0.237165
0.074340,0.225222,0.238163
0.072271,0.225005,0.237958
0.072169,0.226970,0.240556
0.073327,0.229840,0.238119
0.071180,0.228611,0.237476
0.068226,0.227373,0.236827
0.067400,0.229860,0.237650
0.066063,0.229063,0.238916
0.067286,0.229493,0.238516
0.062582,0.229590,0.239395
0.062929,0.230032,0.241830
0.063561,0.230858,0.240405
0.060712,0.230460,0.241475
0.060124,0.231644,0.240679
0.058624,0.230871,0.240028
0.058490,0.229368,0.240535
0.057928,0.232725,0.240944
0.057012,0.231267,0.242529
0.057122,0.231459,0.239967
0.054582,0.234314,0.243059
0.052961,0.233778,0.241831
0.048896,0.233196,0.243183
0.052149,0.234032,0.243942
0.048060,0.234705,0.241589
0.047950,0.234497,0.244486
0.045875,0.235981,0.244782
0.047707,0.234469,0.244602
0.047771,0.235368,0.245171
0.043518,0.232649,0.246410
0.043986,0.235337,0.246842
0.042043,0.236190,0.245782
0.041204,0.235602,0.246698
0.040949,0.238207,0.245950
0.039808,0.236479,0.246703
0.039304,0.237977,0.246068
0.037290,0.236162,0.248346
0.034711,0.236836,0.248250
0.034443,0.238925,0.245895
0.035121,0.236966,0.249238
0.032561,0.237468,0.247717
0.032336,0.241026,0.248910
0.030676,0.239026,0.248487
0.032005,0.241107,0.248700
0.028730,0.240703,0.248304
0.028242,0.241085,0.248228
0.027507,0.241543,0.247369
0.025157,0.240270,0.251106
0.024721,0.241091,0.250066
0.024215,0.241829,0.249161
0.022510,0.241593,0.249997
0.022596,0.241585,0.250925
0.020527,0.242269,0.251228
0.020464,0.243449,0.252316
0.018546,0.243388,0.251792
0.019995,0.242789,0.253033
0.016872,0.246550,0.253201
0.014899,0.244956,0.251960
0.015533,0.244100,0.252603
0.014612,0.245544,0.251995
0.012606,0.243951,0.253042
0.012594,0.243427,0.253866
0.009304,0.243845,0.254151
0.008763,0.246289,0.252742
0.008921,0.246850,0.253724
0.007112,0.246476,0.255847
0.005817,0.246851,0.255747
0.006300,0.247595,0.255916
0.004247,0.248316,0.253877
0.002496,0.247322,0.255772
0.002037,0.246711,0.257098
0.000192,0.249200,0.254137
-0.000543,0.247838,0.257042
-0.000200,0.249000,0.257413
-0.001736,0.251613,0.257269
-0.001869,0.248387,0.256709
-0.003428,0.249835,0.257975
-0.002588,0.247678,0.256752
-0.007842,0.248855,0.257802
-0.007734,0.248325,0.254970
-0.006738,0.246006,0.253439
-0.008384,0.245850,0.255174
-0.009090,0.244523,0.254711
-0.009667,0.245561,0.251300
-0.010561,0.246741,0.251420
-0.013179,0.243415,0.251656
-0.013469,0.243030,0.252455
-0.015274,0.241599,0.252119
-0.015494,0.241332,0.251938
-0.017749,0.241250,0.250753
-0.017649,0.239801,0.250368
-0.018750,0.239408,0.250145
-0.019721,0.239731,0.248946
-0.020768,0.240584,0.249476
-0.021965,0.240933,0.248623
-0.023646,0.239837,0.247531
-0.024469,0.238956,0.250324
-0.027219,0.238624,0.248393
-0.025728,0.239279,0.249631
-0.026744,0.238916,0.247521
-0.028244,0.235851,0.245406
-0.030301,0.239196,0.247643
-0.030717,0.238691,0.246607
-0.031891,0.237922,0.245200
-0.031766,0.237251,0.247374
-0.032577,0.237526,0.247919
-0.034660,0.236555,0.247140
-0.035476,0.237754,0.246060
-0.035199,0.235118,0.246165
-0.037206,0.235769,0.248231
-0.036300,0.236235,0.245755
-0.039712,0.237441,0.247771
-0.040873,0.236552,0.245969
-0.040231,0.236852,0.246852
-0.041548,0.239236,0.246987
-0.041409,0.238388,0.248682
-0.043273,0.239263,0.247717
-0.044841,0.239922,0.248247
-0.045453,0.238898,0.247134
-0.047216,0.239966,0.249063
-0.047350,0.237438,0.246253
-0.050168,0.239947,0.247901
-0.049963,0.239054,0.247948
-0.051122,0.237733,0.248632
-0.052253,0.239970,0.249374
-0.052411,0.240459,0.250586
-0.054101,0.239646,0.249323
-0.056886,0.241440,0.250259
-0.055939,0.239899,0.248692
-0.055767,0.241616,0.249653
-0.057942,0.238821,0.249256
-0.058529,0.241258,0.249540
-0.060559,0.239196,0.249901
-0.060842,0.240341,0.249063
-0.062427,0.240211,0.251501
-0.063918,0.240408,0.252406
-0.064615,0.241960,0.252709
-0.064405,0.243007,0.251066
-0.068402,0.242153,0.251680
-0.068021,0.242898,0.251444
-0.069167,0.245800,0.250441
-0.069136,0.243937,0.254290
-0.069462,0.245714,0.252532
-0.071023,0.244637,0.253800
-0.073808,0.244887,0.254465
-0.073488,0.244056,0.255548
-0.074734,0.246971,0.255201
-0.074371,0.245254,0.256029
-0.076914,0.246836,0.255438
-0.078187,0.247044,0.255278
-0.080455,0.248027,0.255876
-0.079444,0.248160,0.256553
-0.079797,0.247720,0.256271
-0.080727,0.247508,0.255279
-0.083034,0.247991,0.257867
-0.083361,0.248925,0.258439
-0.084348,0.248395,0.257822
-0.085913,0.250107,0.258346
-0.087409,0.249963,0.258625
-0.087851,0.253030,0.258096
-0.087204,0.252066,0.257926
-0.091421,0.250796,0.259146
-0.091656,0.251879,0.259747
-0.092952,0.252399,0.259211
-0.092994,0.251696,0.261135
-0.093638,0.251864,0.260763
-0.095667,0.251419,0.257781
-0.095220,0.253308,0.262318
-0.095547,0.253076,0.260616
-0.098888,0.251871,0.258789
-0.098428,0.252542,0.262043
-0.099522,0.253289,0.261540
-0.101200,0.254928,0.261379
-0.101072,0.255221,0.261467
-0.102255,0.253077,0.261301
-0.103732,0.255826,0.261395
-0.106884,0.253993,0.261844
-0.105712,0.251851,0.257525
-0.105841,0.247302,0.257852
-0.107954,0.247003,0.256087
-0.109029,0.245618,0.252843
-0.110858,0.240802,0.253131
-0.111852,0.239387,0.247646
-0.112122,0.238257,0.248034
-0.111573,0.236081,0.244010
-0.115067,0.233222,0.242877
-0.114133,0.230189,0.240750
-0.115553,0.227009,0.238992
-0.116952,0.224104,0.233931
-0.116735,0.221126,0.233541
-0.119085,0.223090,0.230251
-0.122367,0.218032,0.230718
-0.122391,0.215159,0.228210
-0.122663,0.212420,0.226970
-0.123681,0.210424,0.224049
-0.123035,0.208566,0.222436
-0.128496,0.205409,0.219432
-0.126183,0.201145,0.215937
-0.129597,0.200609,0.216369
-0.129829,0.199276,0.213139
-0.131257,0.194189,0.209549
-0.131771,0.192281,0.208687
-0.133632,0.190958,0.206815
-0.132954,0.187628,0.202866
-0.135653,0.186516,0.201011
-0.136130,0.184610,0.199527
-0.137106,0.181039,0.197646
-0.138648,0.176943,0.196398
-0.139978,0.176170,0.193318
-0.139773,0.172266,0.191200
-0.138746,0.168164,0.186310
-0.143113,0.166952,0.185468
0.118268,0.165166,0.183815
0.120054,0.168574,0.188816
0.116512,0.170509,0.191575
0.115933,0.173359,0.191860
0.114744,0.176974,0.194755
0.112832,0.176770,0.195861
0.111834,0.177531,0.195088
0.110741,0.178450,0.196251
0.110859,0.178351,0.198209
0.108371,0.180985,0.200185
0.107994,0.181926,0.200820
0.106427,0.183022,0.201086
0.104978,0.184179,0.201579
0.103180,0.185782,0.203281
0.103526,0.184921,0.205385
0.103082,0.186659,0.204966
0.100694,0.189614,0.206630
0.098600,0.191453,0.208211
0.097407,0.190638,0.209496
0.095898,0.192698,0.208417
0.096891,0.193350,0.209955
0.095044,0.195138,0.210569
0.092733,0.195720,0.211534
0.092417,0.198208,0.212095
0.092756,0.197524,0.214280
0.088138,0.202029,0.217136
0.088528,0.202449,0.219014
0.088417,0.205091,0.220201
0.085481,0.207772,0.219523
0.082948,0.223740,0.238015
0.081561,0.226255,0.238019
0.082439,0.224103,0.236298
0.079527,0.223068,0.237626
0.079787,0.225191,0.238283
0.077427,0.226035,0.237419
0.076282,0.226002,0.239692
0.076861,0.227443,0.238787
0.073752,0.226937,0.239848
0.073061,0.226466,0.238323
0.073055,0.226961,0.239899
0.069717,0.226913,0.240129
0.070134,0.228358,0.240146
0.068379,0.226947,0.240768
0.067621,0.227738,0.241701
0.068776,0.228712,0.242538
0.065570,0.229840,0.240883
0.065131,0.228708,0.240693
0.063808,0.228894,0.242017
0.061842,0.230506,0.241910
0.061913,0.228950,0.241759
0.061721,0.233357,0.241153
0.060543,0.231248,0.241882
0.059866,0.228915,0.242913
0.057535,0.231577,0.243324
0.058233,0.231640,0.243376
0.056418,0.233864,0.243280
0.052711,0.231860,0.243082
0.054045,0.231413,0.244908
0.052236,0.234118,0.246573
0.050640,0.232580,0.243977
0.050099,0.232692,0.244682
0.049428,0.234158,0.245506
0.046999,0.233533,0.244819
0.045214,0.234305,0.247965
0.045416,0.236128,0.245498
0.044090,0.236047,0.247272
0.043175,0.236686,0.247161
0.042108,0.236027,0.247396
0.041614,0.236496,0.246778
0.039731,0.235214,0.247813
0.041413,0.237465,0.248717
0.039631,0.235806,0.248266
0.039733,0.237246,0.248783
0.037726,0.237726,0.248213
0.035871,0.239423,0.247512
0.035412,0.237663,0.249167
0.031394,0.236817,0.249787
0.032532,0.239275,0.248327
0.030629,0.238377,0.249245
0.030683,0.240001,0.252513
0.028565,0.240081,0.252381
0.027318,0.237880,0.250622
0.026120,0.239890,0.251046
0.026910,0.241164,0.249744
0.025275,0.238934,0.251327
0.025701,0.241186,0.252133
0.023359,0.240620,0.249849
0.020970,0.239828,0.251024
0.020654,0.242668,0.253154
0.020822,0.242762,0.252103
0.018270,0.243655,0.252227
0.017344,0.244037,0.252456
0.017256,0.243999,0.252236
0.015024,0.244455,0.253057
0.015748,0.243565,0.255158
0.013880,0.244954,0.254582
0.014147,0.245826,0.254397
0.011661,0.245243,0.253285
0.009070,0.243877,0.255367
0.009095,0.245322,0.253447
0.006973,0.245763,0.255194
0.004659,0.245878,0.256011
0.005785,0.246120,0.255792
0.005654,0.245825,0.256798
0.004319,0.245746,0.255838
0.002263,0.249044,0.257648
0.001643,0.248143,0.257543
0.001819,0.245331,0.258299
0.000342,0.247268,0.257768
-0.000331,0.247620,0.258627
-0.001394,0.249925,0.256509
-0.002758,0.248137,0.258274
-0.003556,0.249692,0.256473
-0.004016,0.248718,0.260115
-0.006196,0.246854,0.256318
-0.008134,0.246787,0.255924
-0.007079,0.244839,0.256515
-0.006694,0.245748,0.255749
-0.009989,0.243529,0.256110
-0.011541,0.243613,0.253750
-0.011258,0.245335,0.255036
-0.012751,0.242590,0.253815
-0.014640,0.243823,0.253518
-0.015353,0.241184,0.252839
-0.014487,0.241162,0.252885
-0.015641,0.241762,0.251778
-0.017772,0.240008,0.253371
-0.017661,0.241818,0.253142
-0.019268,0.240124,0.250553
-0.020574,0.239194,0.250086
-0.020891,0.240112,0.250771
-0.022255,0.238586,0.250206
-0.025485,0.239305,0.248282
-0.023456,0.238034,0.249347
-0.026650,0.237463,0.248557
-0.025739,0.239928,0.248473
-0.027847,0.235405,0.248130
-0.029144,0.237998,0.248496
-0.028200,0.236402,0.247769
-0.030636,0.238320,0.249632
-0.032090,0.238338,0.247680
-0.032727,0.235896,0.247396
-0.034504,0.237022,0.248690
-0.034608,0.236475,0.247363
-0.034646,0.236196,0.249754
-0.038631,0.236124,0.248014
-0.038620,0.237387,0.250148
-0.040501,0.237858,0.247576
-0.039270,0.236978,0.248973
-0.041783,0.237436,0.248437
-0.041858,0.238950,0.247722
-0.040592,0.236655,0.248729
-0.043819,0.237879,0.248237
-0.045684,0.239415,0.246999
-0.046390,0.235931,0.248210
-0.044732,0.237794,0.247952
-0.046394,0.239007,0.248070
-0.049109,0.236506,0.248451
-0.050635,0.238341,0.248913
-0.050469,0.239342,0.249117
-0.053076,0.236523,0.248264
-0.053491,0.239547,0.249963
-0.053708,0.238692,0.252003
-0.053474,0.239347,0.249516
-0.056041,0.240413,0.251948
-0.058573,0.240379,0.251902
-0.060415,0.240423,0.250074
-0.059314,0.239596,0.251353
-0.061827,0.240823,0.252252
-0.061002,0.241855,0.250514
-0.062361,0.242414,0.252546
-0.064765,0.240263,0.251830
-0.064410,0.241447,0.254896
-0.065597,0.243922,0.253627
-0.065649,0.244049,0.254479
-0.069072,0.244553,0.253875
-0.067718,0.243135,0.254283
-0.071315,0.244515,0.253111
-0.070376,0.245219,0.253738
-0.071793,0.245277,0.255915
-0.071574,0.244548,0.253421
-0.072954,0.245136,0.255790
-0.073873,0.245093,0.255144
-0.076120,0.246259,0.256275
-0.076471,0.247117,0.255567
-0.077923,0.245996,0.257133
-0.079307,0.245609,0.254205
-0.080478,0.245451,0.256982
-0.080544,0.248915,0.258648
-0.082041,0.247391,0.256313
-0.082293,0.247499,0.259204
-0.082988,0.249931,0.259288
-0.084839,0.250350,0.257371
-0.084904,0.249322,0.260132
-0.086363,0.250399,0.259702
-0.086260,0.251499,0.260598
-0.088917,0.252074,0.260668
-0.090297,0.252106,0.259751
-0.090641,0.251809,0.261015
-0.089923,0.252600,0.261623
-0.090918,0.252927,0.262685
-0.094258,0.251549,0.261383
-0.093015,0.252197,0.263290
-0.095969,0.251470,0.260724
-0.096795,0.250979,0.262154
-0.098902,0.251253,0.261789
-0.100427,0.252942,0.260620
-0.100954,0.253909,0.262411
-0.100388,0.254118,0.262271
-0.102069,0.251366,0.264508
-0.103449,0.255160,0.264544
-0.102755,0.255269,0.263288
-0.105182,0.254795,0.262740
-0.106553,0.253215,0.260093
-0.107068,0.246930,0.258050
-0.107222,0.247439,0.257062
-0.109543,0.243715,0.254844
-0.110090,0.242394,0.251105
-0.109836,0.240313,0.250733
-0.113156,0.237107,0.247627
-0.114325,0.235041,0.245600
-0.115819,0.230544,0.242123
-0.115810,0.228844,0.242677
-0.115622,0.228533,0.241454
-0.118164,0.224510,0.237474
-0.119124,0.222158,0.234966
-0.120223,0.220740,0.232755
-0.119418,0.219454,0.232050
-0.121809,0.217055,0.229956
-0.123037,0.214260,0.227679
-0.124113,0.209298,0.222093
-0.124510,0.206789,0.222331
-0.128445,0.204606,0.221227
-0.127424,0.202358,0.219569
-0.128525,0.201224,0.215676
-0.128432,0.198495,0.213278
-0.130862,0.196387,0.211111
-0.130636,0.193162,0.208596
-0.132488,0.189036,0.207887
-0.134695,0.187836,0.204562
-0.133706,0.185300,0.202450
-0.135827,0.181487,0.199474
-0.138445,0.180261,0.199135
-0.138663,0.176574,0.195307
-0.139579,0.175334,0.194864
-0.140689,0.173090,0.191341
-0.141942,0.168952,0.189396
-0.141947,0.167879,0.187090
0.127978,0.161953,0.182773
0.126839,0.164441,0.184750
0.125313,0.165729,0.186852
0.124388,0.168264,0.189777
0.123021,0.170111,0.191595
0.121773,0.173573,0.191846
0.121136,0.173314,0.195443
0.116887,0.174815,0.195998
0.116372,0.176613,0.198675
0.117892,0.177436,0.197947
0.116129,0.177060,0.197557
0.113662,0.179692,0.197784
0.113815,0.180070,0.197813
0.111957,0.179408,0.201368
0.109549,0.183019,0.200520
0.107934,0.182712,0.201590
0.106724,0.186224,0.202935
0.106944,0.185836,0.204830
0.106861,0.187996,0.207720
0.103742,0.188048,0.204589
0.101669,0.186092,0.207286
0.102381,0.190716,0.208349
0.100047,0.192133,0.208632
0.099881,0.191576,0.210897
0.098624,0.192423,0.210638
0.098242,0.194871,0.211719
0.096646,0.195003,0.213348
0.095249,0.195499,0.214347
0.093374,0.197221,0.212150
0.092036,0.198058,0.214581
0.090728,0.197763,0.216718
0.089078,0.199517,0.218254
0.088682,0.203957,0.219945
0.088542,0.204244,0.221310
0.085512,0.208154,0.222688
0.085934,0.222196,0.236392
0.082916,0.224603,0.236064
0.081309,0.224414,0.237919
0.082766,0.224680,0.237562
0.080184,0.226111,0.237739
0.078490,0.225216,0.237498
0.077532,0.225716,0.238979
0.074877,0.224263,0.239344
0.076156,0.226345,0.237376
0.073301,0.226350,0.240232
0.072655,0.226476,0.240075
0.072750,0.225900,0.241280
0.071061,0.226458,0.240704
0.070836,0.226362,0.241830
0.066830,0.228457,0.240736
0.067444,0.228838,0.241480
0.066888,0.228300,0.241986
0.065855,0.228628,0.241308
0.064564,0.228571,0.244272
0.063042,0.230491,0.242784
0.062279,0.229588,0.244109
0.063641,0.228430,0.243074
0.060461,0.228977,0.242094
0.059594,0.232239,0.242550
0.057431,0.231443,0.244525
0.058350,0.229558,0.245043
0.057754,0.231565,0.244422
0.056928,0.230212,0.244767
0.054812,0.231471,0.246987
0.053373,0.233565,0.245530
0.053501,0.232419,0.247911
0.050481,0.233316,0.247167
0.049864,0.232090,0.246295
0.049361,0.231393,0.247672
0.049223,0.233587,0.247485
0.048868,0.233068,0.246339
0.046905,0.234015,0.246320
0.043532,0.235913,0.247544
0.044501,0.233666,0.247780
0.043318,0.235834,0.248724
0.041592,0.234470,0.248867
0.039130,0.236149,0.247703
0.039205,0.236578,0.248402
0.038098,0.236672,0.250799
0.036734,0.234289,0.248363
0.035732,0.237659,0.251623
0.034411,0.237620,0.249743
0.033579,0.236764,0.249308
0.033772,0.238896,0.250229
0.032394,0.238608,0.250282
0.031483,0.236816,0.251657
0.028185,0.237158,0.252263
0.028915,0.239874,0.250033
0.027622,0.240059,0.250689
0.027250,0.240746,0.251331
0.025698,0.240341,0.252689
0.024803,0.240254,0.253338
0.023957,0.240441,0.253226
0.023318,0.241066,0.251852
0.022337,0.240212,0.252630
0.019786,0.242998,0.253249
0.019933,0.240095,0.253714
0.018692,0.243643,0.255322
0.016331,0.243823,0.255193
0.015199,0.242731,0.254122
0.015313,0.244157,0.253491
0.014338,0.243514,0.255780
0.015018,0.243438,0.255265
0.013066,0.243783,0.256496
0.009252,0.244447,0.254068
0.010255,0.245032,0.257183
0.009911,0.245731,0.255767
0.006149,0.245123,0.256182
0.008030,0.245465,0.255462
0.007235,0.244490,0.257396
0.004856,0.244680,0.257607
0.003731,0.246109,0.258562
0.003324,0.246336,0.257840
0.003308,0.245624,0.257544
0.002660,0.246036,0.260284
-0.000626,0.248407,0.259474
-0.003070,0.248111,0.259299
-0.002063,0.247444,0.259937
-0.002198,0.248457,0.259138
-0.004268,0.249297,0.259791
-0.004731,0.248597,0.258163
-0.006630,0.246532,0.259926
-0.006125,0.245769,0.257553
-0.008286,0.246751,0.258295
-0.007186,0.244972,0.256284
-0.008928,0.244791,0.257484
-0.009904,0.242894,0.254715
-0.013087,0.242679,0.254388
-0.014541,0.243051,0.254609
-0.013867,0.242484,0.253750
-0.013218,0.241792,0.255178
-0.014850,0.241994,0.253916
-0.017536,0.242109,0.252688
-0.017517,0.239091,0.251676
-0.019201,0.238656,0.251707
-0.019167,0.239099,0.251908
-0.020223,0.238732,0.251217
-0.020800,0.241394,0.253485
-0.021845,0.240103,0.252761
-0.024016,0.239609,0.250678
-0.025192,0.239936,0.251526
-0.026529,0.237974,0.250630
-0.027047,0.237741,0.249222
-0.026294,0.238328,0.249521
-0.029213,0.238251,0.248705
-0.030714,0.238434,0.249446
-0.030871,0.237933,0.249425
-0.032814,0.238598,0.251137
-0.033021,0.235773,0.249173
-0.033056,0.237524,0.250049
-0.034913,0.236457,0.249916
-0.036941,0.236209,0.248974
-0.036055,0.234906,0.249906
-0.036724,0.236057,0.249436
-0.039534,0.235594,0.249084
-0.041591,0.234380,0.250717
-0.041212,0.235142,0.251153
-0.041120,0.236185,0.250303
-0.042288,0.237410,0.251947
-0.044709,0.236905,0.249778
-0.044974,0.236192,0.249787
-0.046383,0.238563,0.248775
-0.046704,0.238683,0.250816
-0.049536,0.238276,0.251289
-0.049260,0.238395,0.250529
-0.049649,0.238871,0.250969
-0.050501,0.237777,0.251156
-0.051066,0.237873,0.251560
-0.053808,0.239162,0.252195
-0.053432,0.239590,0.252809
-0.055778,0.238511,0.251432
-0.057449,0.239523,0.251487
-0.057304,0.238893,0.251369
-0.058867,0.239342,0.253571
-0.058238,0.240944,0.251747
-0.061164,0.240638,0.254052
-0.062614,0.240785,0.251883
-0.061897,0.240506,0.252977
-0.063123,0.241966,0.251822
-0.063015,0.240121,0.251341
-0.066911,0.241980,0.252231
-0.066573,0.241340,0.251680
-0.067008,0.244527,0.254557
-0.068837,0.242595,0.253052
-0.068789,0.244575,0.253858
-0.069591,0.244280,0.255934
-0.072896,0.243516,0.256493
-0.070609,0.242602,0.257052
-0.072453,0.244658,0.256108
-0.074709,0.242974,0.256130
-0.075658,0.244899,0.255196
-0.077858,0.246748,0.256947
-0.077662,0.246489,0.258248
-0.078924,0.245170,0.259347
-0.080059,0.248190,0.258957
-0.080660,0.248308,0.258249
-0.082554,0.246386,0.257442
-0.082572,0.248549,0.257922
-0.082053,0.247362,0.259794
-0.084277,0.247258,0.258708
-0.084527,0.250022,0.259744
-0.087281,0.250553,0.261984
-0.089571,0.250208,0.260475
-0.086670,0.252290,0.261484
-0.090068,0.252651,0.262452
-0.092133,0.251766,0.261478
-0.091771,0.250996,0.261604
-0.092876,0.250103,0.261023
-0.095293,0.251432,0.260691
-0.093886,0.251059,0.261788
-0.094861,0.252731,0.263066
-0.097653,0.252420,0.264331
-0.097942,0.253009,0.264040
-0.098855,0.253211,0.263692
-0.102425,0.253856,0.263621
-0.098326,0.252841,0.262500
-0.100654,0.253453,0.265038
-0.102339,0.254587,0.263854
-0.104528,0.253289,0.263919
-0.105326,0.254259,0.263826
-0.107293,0.250312,0.263054
-0.108292,0.248727,0.258454
-0.107959,0.245229,0.259152
-0.108784,0.244970,0.255304
-0.111500,0.241032,0.253124
-0.110981,0.241027,0.250455
-0.111875,0.234649,0.248829
-0.114451,0.232021,0.247385
-0.114578,0.232448,0.244447
-0.116979,0.229225,0.243954
-0.116211,0.228499,0.242033
-0.116080,0.224926,0.238683
-0.120121,0.222231,0.237233
-0.117973,0.219105,0.233725
-0.121304,0.218331,0.230845
-0.123609,0.214343,0.230268
-0.123750,0.214387,0.229280
-0.124052,0.209630,0.226326
-0.126162,0.205678,0.222456
-0.125667,0.202919,0.220068
-0.125539,0.202629,0.221552
-0.129055,0.198198,0.218078
-0.127564,0.196396,0.216327
-0.130976,0.195000,0.212929
-0.131200,0.192097,0.209740
-0.132689,0.191305,0.209680
-0.135552,0.188084,0.206379
-0.134423,0.184718,0.206728
-0.137903,0.182138,0.201974
-0.135608,0.180983,0.200391
-0.137735,0.177973,0.197246
-0.138172,0.176573,0.194467
-0.140148,0.172448,0.191631
-0.140928,0.169108,0.190022
-0.144009,0.167305,0.188334
0.136412,0.156095,0.182769
0.134581,0.160744,0.183882
0.132709,0.159695,0.185690
0.133951,0.163316,0.185093
0.132402,0.165084,0.187387
0.130608,0.167600,0.189680
0.130187,0.167876,0.190846
0.128692,0.169382,0.192878
0.126070,0.171980,0.194614
0.125544,0.173281,0.195894
0.124313,0.173392,0.194591
0.124711,0.175220,0.194489
0.123087,0.175443,0.197231
0.121325,0.175662,0.197976
0.119113,0.175349,0.198309
0.119371,0.177036,0.199879
0.117151,0.178022,0.200955
0.114856,0.179564,0.199917
0.114333,0.180774,0.200617
0.112563,0.180714,0.202258
0.113387,0.181445,0.202847
0.113237,0.183610,0.204351
0.110388,0.183243,0.205237
0.109108,0.184677,0.205705
0.108246,0.185962,0.209691
0.108060,0.186932,0.207912
0.106214,0.189022,0.209053
0.103765,0.190284,0.207067
0.101675,0.189233,0.211417
0.101179,0.190714,0.210174
0.102304,0.192049,0.213074
0.098862,0.192162,0.212407
0.098500,0.193484,0.213802
0.096938,0.194342,0.213686
0.096077,0.197860,0.215310
0.096884,0.195521,0.214994
0.093793,0.198165,0.216700
0.093655,0.198970,0.219040
0.091974,0.202206,0.219830
0.090359,0.202360,0.222117
0.087631,0.203869,0.223859
0.087651,0.205680,0.225311
0.086882,0.210214,0.226582
0.082836,0.223321,0.238969
0.082700,0.224896,0.240108
0.082293,0.223585,0.239689
0.081130,0.226317,0.242695
0.078966,0.223891,0.239607
0.077196,0.225517,0.241254
0.079732,0.224352,0.239929
0.076901,0.225672,0.239866
0.074331,0.225156,0.241164
0.075258,0.227478,0.242239
0.072830,0.224756,0.241277
0.071891,0.228224,0.241700
0.069953,0.226253,0.240413
0.070489,0.226956,0.240973
0.070536,0.227411,0.241838
0.068127,0.225629,0.243490
0.068072,0.228160,0.245274
0.065664,0.228036,0.245947
0.064861,0.226571,0.243253
0.062594,0.229628,0.244152
0.063452,0.228230,0.244045
0.062653,0.228208,0.244326
0.060239,0.229158,0.246854
0.060063,0.230064,0.244278
0.057432,0.229008,0.244978
0.056804,0.231246,0.244654
0.054290,0.232251,0.246306
0.055198,0.231522,0.246378
0.052765,0.231488,0.245227
0.053576,0.231173,0.246660
0.051957,0.230945,0.247041
0.052649,0.232418,0.247038
0.049053,0.232981,0.245669
0.048948,0.231499,0.245784
0.047548,0.233145,0.247922
0.046759,0.233127,0.248443
0.047394,0.234443,0.248778
0.046113,0.234033,0.250501
0.042469,0.232092,0.250219
0.040879,0.234712,0.248880
0.040557,0.232858,0.249306
0.040565,0.234712,0.248216
0.039749,0.236204,0.250014
0.037256,0.235712,0.250895
0.038275,0.236707,0.251622
0.036823,0.235987,0.250082
0.035020,0.236120,0.250731
0.033871,0.236131,0.252802
0.033255,0.238051,0.251512
0.033450,0.237557,0.253212
0.032269,0.238365,0.252761
0.028403,0.239613,0.253562
0.027853,0.238826,0.252330
0.028858,0.238993,0.251772
0.027361,0.239644,0.253870
0.025364,0.239698,0.253496
0.024936,0.239681,0.252516
0.025070,0.241134,0.255997
0.022499,0.239609,0.253984
0.021803,0.240623,0.254855
0.020593,0.240569,0.254758
0.019413,0.240302,0.255411
0.019950,0.242653,0.253140
0.017724,0.241170,0.256365
0.014782,0.243165,0.256753
0.015794,0.242790,0.255740
0.014925,0.243034,0.258827
0.012759,0.244294,0.256052
0.013491,0.243817,0.258274
0.013097,0.246154,0.257589
0.010568,0.242831,0.257355
0.009280,0.241755,0.256908
0.007841,0.245080,0.259197
0.007928,0.245024,0.259128
0.007100,0.245812,0.257479
0.004653,0.244470,0.259125
0.004827,0.245647,0.260038
0.001768,0.246575,0.259006
0.003832,0.246866,0.258635
0.001284,0.248499,0.258745
0.000806,0.247523,0.260588
-0.000512,0.246191,0.259359
-0.001996,0.246981,0.260036
-0.003019,0.248144,0.258532
-0.004352,0.247867,0.263790
-0.006370,0.249027,0.262183
-0.007657,0.245954,0.261137
-0.009211,0.245287,0.259872
-0.009002,0.244481,0.258373
-0.009482,0.245548,0.259023
-0.010782,0.243576,0.257785
-0.010607,0.243601,0.258976
-0.011661,0.244254,0.255856
-0.012510,0.243059,0.254248
-0.013671,0.241757,0.255621
-0.015248,0.240710,0.255478
-0.014344,0.242275,0.253755
-0.015982,0.239344,0.253148
-0.016274,0.241450,0.254502
-0.018353,0.239975,0.252772
-0.019104,0.238981,0.253366
-0.019953,0.240131,0.253157
-0.021214,0.239402,0.253007
-0.022271,0.238965,0.252556
-0.025112,0.238421,0.252927
-0.023889,0.239220,0.251055
-0.025070,0.238351,0.252252
-0.027267,0.237812,0.252136
-0.027987,0.236750,0.251663
-0.029309,0.237436,0.250664
-0.030882,0.238517,0.251893
-0.032208,0.236503,0.250268
-0.030404,0.235782,0.250829
-0.032595,0.237494,0.251312
-0.033136,0.235692,0.250590
-0.035413,0.235760,0.249871
-0.036094,0.236827,0.251257
-0.037453,0.236251,0.251843
-0.037019,0.236991,0.250465
-0.038596,0.237330,0.250264
-0.040308,0.236961,0.249820
-0.041451,0.236315,0.250777
-0.042084,0.235558,0.249446
-0.043492,0.236210,0.251711
-0.045361,0.236303,0.249877
-0.046780,0.235832,0.250478
-0.047499,0.238750,0.250472
-0.045908,0.237233,0.251438
-0.048111,0.238571,0.251857
-0.048352,0.238010,0.252392
-0.049605,0.238225,0.251201
-0.052274,0.237537,0.252148
-0.053071,0.238166,0.252229
-0.053386,0.237085,0.251385
-0.054218,0.240143,0.252761
-0.054826,0.240035,0.251717
-0.056263,0.238398,0.253842
-0.057623,0.240309,0.252207
-0.058275,0.239963,0.253656
-0.058581,0.239071,0.252226
-0.062494,0.240797,0.253879
-0.062027,0.238938,0.253328
-0.062556,0.240140,0.254893
-0.061864,0.239656,0.255251
-0.066028,0.240441,0.254104
-0.067913,0.242233,0.254158
-0.064926,0.241741,0.255412
-0.069053,0.242569,0.255666
-0.068053,0.242245,0.255736
-0.068725,0.242687,0.254376
-0.070725,0.241269,0.257487
-0.070426,0.242395,0.257507
-0.071719,0.243711,0.257921
-0.072254,0.242519,0.258673
-0.073722,0.245115,0.257308
-0.076304,0.245344,0.256016
-0.078367,0.244571,0.259425
-0.077294,0.243082,0.256923
-0.078044,0.246067,0.260907
-0.079729,0.244733,0.258007
-0.080236,0.246595,0.261857
-0.081663,0.246778,0.260392
-0.083855,0.248028,0.259207
-0.087792,0.249377,0.261249
-0.084860,0.248623,0.260813
-0.085475,0.249426,0.262861
-0.086784,0.249247,0.262320
-0.086766,0.249309,0.262012
-0.088202,0.251107,0.262394
-0.091111,0.248339,0.264965
-0.091555,0.252244,0.263001
-0.092645,0.252290,0.263125
-0.092831,0.252622,0.262793
-0.094618,0.253101,0.263518
-0.094174,0.249934,0.263177
-0.094493,0.251400,0.263352
-0.097266,0.251509,0.264957
-0.098518,0.250872,0.265063
-0.099115,0.250959,0.266111
-0.099603,0.252835,0.266200
-0.100323,0.255410,0.265402
-0.102596,0.253925,0.266084
-0.103555,0.254618,0.265306
-0.105503,0.254234,0.265344
-0.105458,0.253172,0.265461
-0.105407,0.251664,0.265419
-0.106742,0.247354,0.261566
-0.109861,0.245557,0.257547
-0.108931,0.244097,0.258274
-0.111276,0.241139,0.254397
-0.111186,0.239057,0.253111
-0.111719,0.236266,0.250405
-0.115703,0.235416,0.248041
-0.114862,0.232143,0.246132
-0.115446,0.229510,0.245374
-0.116680,0.227686,0.240645
-0.119029,0.224602,0.241499
-0.120918,0.223171,0.238531
-0.118634,0.219406,0.235311
-0.120230,0.217014,0.234901
-0.122215,0.215246,0.231544
-0.121559,0.212551,0.230378
-0.123239,0.210077,0.226321
-0.124699,0.207470,0.227174
-0.125166,0.203675,0.223837
-0.127235,0.202366,0.220669
-0.128915,0.200095,0.218625
-0.128309,0.196839,0.217768
-0.129898,0.194330,0.214862
-0.131231,0.192567,0.211302
-0.134200,0.189008,0.208780
-0.133054,0.187016,0.208208
-0.134695,0.184322,0.204230
-0.136697,0.182983,0.203002
-0.135715,0.178773,0.201152
-0.137894,0.177707,0.198161
-0.141324,0.175288,0.196990
-0.139895,0.170754,0.194060
-0.142302,0.169412,0.192208
-0.142300,0.167530,0.187289
-0.145630,0.163800,0.187535
0.147756,0.156387,0.180488
0.145644,0.156604,0.182324
0.141935,0.159462,0.184152
0.143134,0.157769,0.185349
0.143387,0.160522,0.185429
0.142035,0.161301,0.186192
0.139902,0.161615,0.187274
0.138152,0.163535,0.186748
0.136622,0.165060,0.188423
0.135176,0.167442,0.190579
0.136022,0.168888,0.191746
0.133356,0.167713,0.192870
0.129067,0.169196,0.192453
0.131124,0.169875,0.194731
0.129469,0.172613,0.196258
0.128058,0.171844,0.196993
0.126692,0.174289,0.196171
0.125374,0.172570,0.196711
0.125819,0.174444,0.198772
0.124136,0.175991,0.199158
0.125493,0.176370,0.198313
0.122631,0.177384,0.199134
0.120985,0.177489,0.202551
0.120208,0.180300,0.201621
0.116783,0.179217,0.202431
0.116523,0.180238,0.204303
0.115372,0.180451,0.202813
0.113246,0.181729,0.203011
0.113396,0.183575,0.207230
0.112054,0.183569,0.206902
0.111428,0.186442,0.208773
0.108083,0.186543,0.208083
0.107941,0.184678,0.209648
0.107795,0.187826,0.208696
0.106777,0.189699,0.211599
0.106295,0.188552,0.212028
0.102371,0.189089,0.211202
0.103156,0.190673,0.210609
0.103021,0.190870,0.213685
0.100731,0.192680,0.216205
0.098852,0.194893,0.213514
0.098390,0.194300,0.214091
0.098386,0.193515,0.216783
0.095292,0.198078,0.218505
0.097097,0.197689,0.218296
0.093270,0.200124,0.218726
0.091697,0.200769,0.223129
0.090299,0.205252,0.225501
0.089698,0.203185,0.225068
0.088119,0.206645,0.225511
0.085550,0.212847,0.233485
0.083954,0.221317,0.240348
0.084872,0.223919,0.240185
0.080711,0.222617,0.241446
0.082213,0.222788,0.240672
0.081541,0.224080,0.239656
0.079278,0.224684,0.242827
0.078144,0.224473,0.240362
0.076653,0.224901,0.243208
0.076338,0.224434,0.242864
0.074302,0.226855,0.240794
0.073694,0.225654,0.241756
0.075169,0.225020,0.242480
0.073220,0.225467,0.244588
0.073301,0.225435,0.242238
0.070161,0.225213,0.245758
0.067574,0.228003,0.244957
0.068060,0.228573,0.243685
0.066387,0.226419,0.242637
0.066363,0.227745,0.246126
0.064911,0.229849,0.244429
0.062599,0.229677,0.247206
0.063659,0.228186,0.244672
0.061259,0.230040,0.246547
0.060994,0.230830,0.245798
0.059786,0.230651,0.246679
0.058364,0.229253,0.245154
0.056788,0.228346,0.245230
0.057632,0.229456,0.247447
0.056287,0.232176,0.246986
0.054530,0.231459,0.247113
0.053672,0.231819,0.248409
0.053274,0.231278,0.250186
0.052393,0.231328,0.247547
0.050408,0.231762,0.247316
0.049606,0.231194,0.247894
0.047939,0.232791,0.248425
0.047191,0.233289,0.248600
0.045018,0.233314,0.249952
0.044298,0.233287,0.249302
0.043206,0.234113,0.250440
0.043950,0.232907,0.250852
0.040699,0.233426,0.250594
0.040529,0.234528,0.252136
0.038671,0.236618,0.251949
0.038631,0.235165,0.251912
0.037230,0.235127,0.251837
0.034216,0.236767,0.252878
0.036983,0.236606,0.252465
0.034121,0.237058,0.251311
0.032478,0.235291,0.251956
0.031426,0.237503,0.253259
0.029996,0.237498,0.252474
0.031609,0.239266,0.253784
0.028774,0.238300,0.251134
0.030225,0.238313,0.255399
0.026980,0.236883,0.254612
0.025377,0.239371,0.253551
0.025429,0.238071,0.255172
0.022664,0.240212,0.255034
0.023251,0.239949,0.254618
0.021761,0.238605,0.255196
0.019639,0.243263,0.256616
0.019425,0.241467,0.258796
0.017777,0.241033,0.258395
0.018335,0.239251,0.256499
0.017348,0.242204,0.258476
0.015568,0.243007,0.257305
0.014867,0.240073,0.258321
0.014803,0.243640,0.259387
0.012199,0.243036,0.257753
0.012687,0.243052,0.258081
0.010730,0.244576,0.259082
0.010242,0.243452,0.258350
0.007118,0.244584,0.258173
0.008692,0.244074,0.258746
0.008929,0.246239,0.259124
0.005905,0.246897,0.259649
0.007274,0.245362,0.259045
0.003720,0.246103,0.260191
0.002675,0.245188,0.262547
0.003525,0.246680,0.260127
0.000689,0.246389,0.261696
-0.003059,0.244874,0.262214
0.000150,0.246750,0.261134
-0.003209,0.249461,0.263022
-0.004941,0.248595,0.264834
-0.004811,0.248858,0.263347
-0.006702,0.247911,0.262420
-0.006811,0.246529,0.261350
-0.006341,0.244531,0.259071
-0.009230,0.245575,0.257692
-0.008822,0.243327,0.259731
-0.009103,0.245494,0.258217
-0.011405,0.244082,0.259342
-0.015163,0.243242,0.257531
-0.014573,0.242393,0.257267
-0.016739,0.242766,0.256321
-0.013539,0.240083,0.256296
-0.017325,0.241409,0.255169
-0.016918,0.239848,0.255606
-0.018551,0.241189,0.254019
-0.020283,0.239602,0.254839
-0.021466,0.238391,0.253470
-0.020882,0.238026,0.253992
-0.021462,0.236982,0.254761
-0.024629,0.237934,0.253660
-0.025225,0.236938,0.252004
-0.026224,0.238412,0.251842
-0.027376,0.237607,0.254036
-0.026994,0.238776,0.251404
-0.030506,0.237674,0.253435
-0.028759,0.237089,0.251890
-0.031794,0.235271,0.254099
-0.032135,0.236616,0.253781
-0.033555,0.236109,0.253951
-0.035458,0.237183,0.254084
-0.033574,0.236805,0.251913
-0.036568,0.235334,0.250601
-0.037510,0.235371,0.252212
-0.039402,0.235050,0.251722
-0.041632,0.234880,0.251814
-0.040144,0.234600,0.251744
-0.041432,0.235291,0.250413
-0.042256,0.236637,0.250907
-0.043012,0.236764,0.251907
-0.044703,0.236249,0.253738
-0.045923,0.236281,0.252214
-0.045722,0.237003,0.252447
-0.045856,0.237035,0.250326
-0.046715,0.235873,0.253966
-0.049923,0.238023,0.255151
-0.051383,0.237953,0.254485
-0.052120,0.236831,0.253575
-0.052991,0.238695,0.255276
-0.054001,0.238860,0.253779
-0.053192,0.238940,0.255024
-0.054225,0.238908,0.253452
-0.057985,0.238682,0.254226
-0.058344,0.236487,0.255893
-0.056956,0.239727,0.254740
-0.059782,0.240501,0.255056
-0.059998,0.241993,0.252536
-0.061362,0.239701,0.254367
-0.062046,0.240821,0.255520
-0.064011,0.240076,0.255370
-0.065293,0.239876,0.256557
-0.065196,0.241772,0.255745
-0.067326,0.241436,0.256339
-0.068752,0.242367,0.256693
-0.069730,0.240044,0.257406
-0.068562,0.241580,0.258833
-0.070022,0.243135,0.258123
-0.071264,0.240741,0.258274
-0.074206,0.242889,0.258657
-0.073442,0.244990,0.258320
-0.073118,0.243783,0.259406
-0.076200,0.242629,0.257695
-0.077356,0.244963,0.257726
-0.078448,0.245407,0.260618
-0.079449,0.245907,0.258858
-0.081645,0.246444,0.258902
-0.081497,0.247571,0.261501
-0.081496,0.246657,0.258794
-0.081935,0.245299,0.261703
-0.083682,0.248635,0.263667
-0.084557,0.246917,0.263171
-0.085322,0.248747,0.263487
-0.085617,0.249235,0.263101
-0.086715,0.249276,0.265736
-0.089090,0.250239,0.262823
-0.090944,0.250042,0.263821
-0.092270,0.249011,0.261724
-0.091455,0.249945,0.264055
-0.092766,0.251893,0.264366
-0.091860,0.250479,0.265222
-0.093006,0.249420,0.264519
-0.094071,0.251397,0.265254
-0.096272,0.252892,0.267936
-0.097614,0.253601,0.265586
-0.099448,0.251846,0.265784
-0.099576,0.252808,0.264875
-0.099206,0.252346,0.266224
-0.101717,0.252921,0.267545
-0.102551,0.252837,0.266864
-0.103201,0.254932,0.267818
-0.104387,0.249931,0.265642
-0.105827,0.251000,0.263342
-0.106779,0.248034,0.262450
-0.108540,0.247259,0.261713
-0.109364,0.242678,0.257727
-0.111893,0.239684,0.256282
-0.111098,0.239134,0.253548
-0.112209,0.235884,0.252509
-0.113493,0.234952,0.250999
-0.114228,0.232576,0.247157
-0.114764,0.228797,0.245429
-0.116703,0.226489,0.244015
-0.117837,0.222402,0.239504
-0.118280,0.223272,0.237347
-0.120333,0.217689,0.237997
-0.119454,0.215104,0.234334
-0.121110,0.214023,0.235215
-0.121029,0.211215,0.228276
-0.122137,0.209575,0.227787
-0.124324,0.207770,0.225328
-0.126267,0.202790,0.223557
-0.126623,0.201482,0.222366
-0.128613,0.199058,0.219447
-0.127952,0.196165,0.218126
-0.131701,0.194395,0.217085
-0.131907,0.190799,0.212145
-0.133035,0.188310,0.210525
-0.136057,0.185736,0.207766
-0.135604,0.182521,0.206955
-0.134175,0.182535,0.205406
-0.136835,0.180030,0.201313
-0.139188,0.175944,0.197621
-0.139077,0.173044,0.196467
-0.140965,0.169599,0.194480
-0.141972,0.169978,0.192909
-0.143356,0.165255,0.190017
-0.143818,0.163640,0.189628
0.150471,0.158656,0.186099
0.149908,0.158398,0.186609
0.148630,0.160076,0.185493
0.147477,0.158242,0.186457
0.146189,0.161529,0.187717
0.144460,0.163169,0.188140
0.145212,0.161090,0.190979
0.142559,0.163679,0.190950
0.141361,0.165856,0.190653
0.139524,0.166870,0.192826
0.138752,0.167628,0.193363
0.137526,0.167734,0.194361
0.135593,0.168239,0.194552
0.135704,0.169227,0.194900
0.133260,0.172287,0.197788
0.132322,0.171512,0.199009
0.131964,0.171560,0.198942
0.130523,0.173568,0.197683
0.128555,0.174397,0.199078
0.127758,0.173615,0.200374
0.125094,0.174390,0.200004
0.125800,0.177475,0.201126
0.126732,0.176578,0.202576
0.124008,0.177498,0.200508
0.124474,0.177521,0.204100
0.121847,0.178480,0.204717
0.120481,0.180466,0.203449
0.119819,0.181345,0.205741
0.117497,0.180817,0.206511
0.115802,0.182525,0.206511
0.114464,0.183562,0.206504
0.113438,0.181785,0.208016
0.111633,0.184455,0.208601
0.110127,0.185788,0.209783
0.111945,0.184813,0.210209
0.108820,0.185228,0.210117
0.107644,0.188173,0.211595
0.107577,0.189328,0.210791
0.106184,0.187823,0.213272
0.105185,0.188613,0.212615
0.104184,0.191293,0.213875
0.102514,0.194585,0.215326
0.102809,0.193152,0.215738
0.100328,0.193681,0.218269
0.098554,0.193987,0.217998
0.097675,0.195870,0.218249
0.096294,0.196688,0.220023
0.093553,0.198875,0.219127
0.094103,0.200331,0.221221
0.092925,0.202815,0.223374
0.090856,0.200823,0.225790
0.090159,0.205948,0.225699
0.088792,0.206882,0.227837
0.087120,0.209364,0.231010
0.086249,0.220969,0.242944
0.086455,0.222654,0.241540
0.082836,0.224310,0.241408
0.082002,0.221667,0.241265
0.080734,0.221746,0.241077
0.081921,0.222586,0.242342
0.079543,0.223700,0.242105
0.078966,0.223191,0.242514
0.078660,0.225171,0.243543
0.076262,0.224387,0.244590
0.077124,0.226159,0.244728
0.074803,0.224862,0.244353
0.072996,0.223915,0.242209
0.070976,0.224273,0.244550
0.072275,0.224192,0.246070
0.069367,0.228068,0.243713
0.068452,0.226032,0.245744
0.067775,0.225839,0.244292
0.067876,0.227045,0.247340
0.066000,0.226370,0.247044
0.064144,0.227060,0.245553
0.062744,0.229282,0.245848
0.061733,0.228307,0.247753
0.062412,0.227966,0.247485
0.060138,0.228972,0.245640
0.059373,0.230777,0.246165
0.058427,0.228728,0.247906
0.058231,0.231086,0.250364
0.059602,0.231377,0.247978
0.054664,0.230846,0.247580
0.054300,0.231357,0.250290
0.055443,0.231140,0.249858
0.052786,0.234326,0.249383
0.050909,0.230537,0.249399
0.049491,0.231425,0.250166
0.050258,0.233206,0.251571
0.047752,0.231484,0.251478
0.047080,0.233235,0.249546
0.044448,0.233145,0.250476
0.045623,0.232786,0.251135
0.043461,0.233392,0.251722
0.042437,0.233912,0.253195
0.041678,0.234125,0.251988
0.041236,0.235153,0.251767
0.040761,0.233876,0.251733
0.038142,0.235003,0.253469
0.036458,0.234951,0.253256
0.035415,0.235488,0.253997
0.034902,0.236076,0.253120
0.035128,0.237376,0.253815
0.033653,0.236398,0.253905
0.032453,0.235887,0.253789
0.032087,0.236182,0.255255
0.030343,0.237437,0.256511
0.030460,0.235935,0.255115
0.028337,0.238375,0.254496
0.027482,0.237940,0.255996
0.024275,0.240516,0.256856
0.024397,0.238166,0.255324
0.023403,0.238281,0.256549
0.021852,0.238899,0.255654
0.020885,0.239511,0.257193
0.019347,0.241196,0.257949
0.019734,0.240647,0.257637
0.019268,0.239885,0.257150
0.016583,0.242201,0.257013
0.016963,0.240623,0.256595
0.014357,0.241009,0.259194
0.015480,0.242933,0.259580
0.012955,0.242946,0.258326
0.013503,0.241333,0.258228
0.012730,0.245303,0.258848
0.009801,0.245196,0.260277
0.007352,0.243518,0.261085
0.008892,0.243924,0.259625
0.007312,0.243578,0.262095
0.004651,0.245542,0.259599
0.005847,0.245471,0.260900
0.003117,0.245479,0.260317
0.003438,0.245913,0.262524
0.003354,0.245591,0.260772
0.001414,0.246500,0.262222
0.001797,0.246845,0.262786
-0.000392,0.245171,0.262568
-0.001382,0.246574,0.263047
-0.004291,0.248036,0.262402
-0.005109,0.246941,0.262292
-0.004940,0.248721,0.264147
-0.007412,0.247904,0.263512
-0.007776,0.245972,0.263039
-0.006755,0.244831,0.262000
-0.008956,0.244797,0.260325
-0.010193,0.242812,0.259516
-0.009494,0.242648,0.260210
-0.013541,0.243642,0.258341
-0.013277,0.241250,0.259211
-0.014845,0.241490,0.258071
-0.015008,0.241084,0.257968
-0.017061,0.240314,0.257180
-0.017591,0.238881,0.255808
-0.017663,0.239433,0.256019
-0.019463,0.239489,0.256378
-0.018552,0.239452,0.254515
-0.020061,0.238101,0.257018
-0.022199,0.239107,0.255253
-0.023129,0.238659,0.254647
-0.022793,0.237199,0.254790
-0.023126,0.237698,0.253487
-0.025698,0.236925,0.254620
-0.025549,0.237422,0.254387
-0.029643,0.236637,0.253352
-0.029907,0.237026,0.254342
-0.030160,0.236815,0.253641
-0.029096,0.236627,0.252565
-0.030955,0.235295,0.252036
-0.031993,0.235319,0.253996
-0.034472,0.235002,0.253229
-0.034033,0.234318,0.252277
-0.036125,0.236438,0.253055
-0.037110,0.236157,0.251377
-0.038725,0.233166,0.251480
-0.039862,0.237089,0.252467
-0.043082,0.236583,0.251623
-0.040292,0.236899,0.250826
-0.040032,0.236179,0.252776
-0.044360,0.234099,0.252429
-0.045203,0.234499,0.255072
-0.045233,0.237088,0.252735
-0.048248,0.235759,0.254408
-0.046710,0.236685,0.253486
-0.049405,0.236304,0.255392
-0.049063,0.236858,0.253666
-0.051251,0.237229,0.252025
-0.051874,0.238228,0.256308
-0.053444,0.236076,0.256052
-0.053510,0.235966,0.255629
-0.053766,0.238834,0.254400
-0.055085,0.237289,0.254519
-0.055477,0.238123,0.255946
-0.057295,0.238630,0.254762
-0.057578,0.238295,0.257374
-0.058460,0.241402,0.255930
-0.060700,0.238187,0.256742
-0.061152,0.238728,0.256327
-0.063701,0.239471,0.255413
-0.065085,0.242553,0.256948
-0.063950,0.241230,0.255879
-0.065438,0.240032,0.257898
-0.064868,0.240747,0.258445
-0.068240,0.242460,0.257614
-0.069025,0.241185,0.257696
-0.067977,0.241956,0.257843
-0.072893,0.238590,0.257157
-0.072037,0.241868,0.257875
-0.073884,0.242933,0.259197
-0.073274,0.242648,0.258574
-0.074262,0.242133,0.259232
-0.073948,0.243437,0.261311
-0.076194,0.244062,0.260695
-0.076710,0.245065,0.258382
-0.079945,0.243531,0.260063
-0.080641,0.246057,0.262130
-0.082035,0.245868,0.260654
-0.083005,0.244476,0.260893
-0.082342,0.245466,0.262462
-0.083026,0.246615,0.261396
-0.083798,0.247246,0.263032
-0.084153,0.249072,0.263098
-0.086206,0.246922,0.264053
-0.089157,0.248199,0.264197
-0.088130,0.249108,0.264742
-0.091273,0.248680,0.264934
-0.090932,0.250828,0.263755
-0.090623,0.249426,0.267626
-0.092955,0.248262,0.263920
-0.094106,0.249831,0.265520
-0.093054,0.251248,0.266999
-0.096502,0.250136,0.266539
-0.095224,0.250540,0.266715
-0.097657,0.250517,0.266637
-0.099687,0.249975,0.267246
-0.099768,0.252470,0.266406
-0.101322,0.252390,0.268008
-0.103040,0.251114,0.267792
-0.100262,0.253164,0.264849
-0.105755,0.251326,0.268874
-0.103073,0.253382,0.269435
-0.107357,0.249768,0.265750
-0.107516,0.245760,0.265529
-0.108586,0.244488,0.260054
-0.109367,0.242153,0.260698
-0.111391,0.240795,0.256514
-0.112255,0.238596,0.254442
-0.110316,0.234761,0.252014
-0.111744,0.231906,0.252628
-0.114751,0.229572,0.248374
-0.114316,0.226819,0.248336
-0.117508,0.226426,0.244744
-0.118018,0.223648,0.242001
-0.116089,0.219789,0.239366
-0.119222,0.218992,0.237617
-0.122147,0.215850,0.238485
-0.123593,0.212947,0.234571
-0.122120,0.213007,0.233181
-0.125715,0.208634,0.228363
-0.124378,0.206898,0.227257
-0.126045,0.203678,0.224531
-0.127006,0.201136,0.223436
-0.127782,0.199579,0.218131
-0.131351,0.195593,0.217667
-0.130411,0.195142,0.216449
-0.132183,0.193243,0.213934
-0.132612,0.190611,0.213154
-0.133498,0.185550,0.208595
-0.134768,0.184691,0.207276
-0.136143,0.180129,0.206900
-0.137706,0.177358,0.202178
-0.138788,0.178617,0.199104
-0.141056,0.172670,0.198625
-0.140309,0.170412,0.196153
-0.141064,0.167504,0.192886
-0.141966,0.167044,0.191250
-0.144378,0.162138,0.189489
-0.145049,0.159674,0.189140
0.152379,0.160691,0.188898
0.151133,0.160755,0.189619
0.150001,0.162754,0.190215
0.149841,0.160071,0.191964
0.147314,0.164349,0.192360
0.145686,0.163595,0.193044
0.145097,0.161924,0.192491
0.144759,0.167258,0.193827
0.144812,0.165884,0.194826
0.142604,0.169339,0.195067
0.140172,0.170254,0.194793
0.138640,0.170253,0.197900
0.139538,0.170099,0.199803
0.136789,0.171134,0.199136
0.136332,0.172693,0.201162
0.135006,0.173312,0.200460
0.134404,0.174205,0.200399
0.131850,0.174229,0.201937
0.129999,0.175430,0.203108
0.129563,0.176770,0.203237
0.128536,0.176874,0.204179
0.127620,0.175586,0.202945
0.128241,0.177897,0.204480
0.125941,0.179619,0.206413
0.123064,0.179392,0.205673
0.121856,0.179927,0.205112
0.121652,0.180329,0.207876
0.120983,0.182869,0.205942
0.120370,0.181508,0.206009
0.117672,0.181572,0.207964
0.117121,0.183155,0.208397
0.116223,0.182382,0.208545
0.116966,0.183605,0.209609
0.114053,0.185338,0.211044
0.112425,0.184516,0.211096
0.112015,0.187229,0.211952
0.109606,0.186011,0.212661
0.110890,0.187260,0.213387
0.108298,0.188830,0.213063
0.107880,0.189341,0.216424
0.107130,0.190159,0.214990
0.103032,0.189912,0.214962
0.104044,0.192710,0.217298
0.102025,0.192752,0.216209
0.099396,0.194050,0.219628
0.099602,0.193685,0.219372
0.098798,0.195652,0.219341
0.098117,0.199222,0.222477
0.097823,0.198344,0.220745
0.094131,0.200777,0.224436
0.095922,0.203466,0.225289
0.093651,0.203900,0.227630
0.091469,0.204248,0.229102
0.092272,0.206304,0.228264
0.091224,0.209219,0.231537
0.086715,0.220721,0.241539
0.085902,0.220719,0.240879
0.085365,0.222400,0.241496
0.081702,0.221382,0.243138
0.081132,0.221978,0.243764
0.083945,0.222297,0.243871
0.080927,0.223142,0.242696
0.078283,0.223656,0.245051
0.077383,0.222624,0.242449
0.077162,0.225249,0.244345
0.076133,0.224139,0.244354
0.077487,0.225186,0.245192
0.074062,0.225549,0.243560
0.074735,0.223212,0.245172
0.072202,0.225450,0.244691
0.070180,0.225058,0.246552
0.069798,0.227476,0.244525
0.068949,0.224820,0.245594
0.068508,0.226806,0.245737
0.068645,0.224779,0.245563
0.066370,0.227604,0.244268
0.064722,0.228474,0.246677
0.063308,0.227219,0.246938
0.062564,0.225839,0.248442
0.060115,0.228750,0.248842
0.060803,0.228562,0.247903
0.057674,0.227938,0.248905
0.059551,0.230449,0.248226
0.056500,0.229886,0.249804
0.057125,0.228970,0.250671
0.054540,0.228332,0.251051
0.053559,0.230026,0.251479
0.052805,0.229815,0.251470
0.050068,0.231108,0.250277
0.051592,0.231338,0.251036
0.049640,0.232294,0.251318
0.049336,0.231391,0.251761
0.047649,0.233101,0.253190
0.048368,0.232909,0.250960
0.046131,0.231950,0.252687
0.045017,0.230661,0.250583
0.043358,0.234005,0.253717
0.041408,0.231022,0.253078
0.041175,0.233482,0.251563
0.041811,0.234505,0.254566
0.038834,0.233663,0.252930
0.037201,0.236010,0.253069
0.037789,0.236862,0.253541
0.036168,0.234579,0.253912
0.033776,0.235794,0.253603
0.033863,0.234484,0.255648
0.031902,0.237661,0.253580
0.033182,0.236960,0.255549
0.031682,0.237095,0.254203
0.029802,0.235707,0.256830
0.028135,0.239739,0.256906
0.028067,0.238522,0.255934
0.027006,0.240122,0.256060
0.027142,0.237992,0.258623
0.025655,0.238665,0.256841
0.023963,0.239994,0.258980
0.023130,0.238930,0.258412
0.021591,0.241108,0.258573
0.020136,0.239179,0.258236
0.021293,0.239144,0.259385
0.018453,0.239896,0.259333
0.017016,0.241669,0.259245
0.016713,0.241419,0.257722
0.015337,0.242130,0.259822
0.013379,0.241076,0.258263
0.015721,0.242161,0.260975
0.011675,0.241476,0.260689
0.011177,0.241389,0.259340
0.010266,0.244214,0.260105
0.009162,0.244028,0.259501
0.008234,0.242953,0.262339
0.010466,0.243005,0.262191
0.005952,0.243767,0.262344
0.005613,0.245400,0.262191
0.003909,0.245193,0.261708
0.002959,0.243492,0.262115
0.003023,0.242723,0.263659
0.000935,0.247113,0.263478
-0.000572,0.246101,0.262131
-0.001401,0.245604,0.265367
-0.001806,0.245359,0.262374
-0.003045,0.247259,0.263139
-0.002803,0.247959,0.265102
-0.004810,0.247228,0.264443
-0.006600,0.245695,0.261805
-0.007270,0.245247,0.263003
-0.007687,0.246921,0.262716
-0.009924,0.242625,0.262524
-0.010693,0.244452,0.261144
-0.009781,0.244080,0.260366
-0.011507,0.242900,0.260693
-0.013139,0.241601,0.258519
-0.014558,0.240729,0.259990
-0.014407,0.240628,0.259695
-0.016337,0.241802,0.257400
-0.014905,0.239338,0.257215
-0.018177,0.239547,0.257043
-0.017231,0.237891,0.257704
-0.019306,0.235998,0.255818
-0.020898,0.237143,0.255197
-0.021819,0.237614,0.254644
-0.022963,0.237211,0.255002
-0.023570,0.236309,0.255273
-0.025275,0.237113,0.254282
-0.024781,0.236745,0.253443
-0.028083,0.236550,0.254614
-0.028640,0.235719,0.255801
-0.029290,0.236680,0.254867
-0.031242,0.235296,0.254913
-0.030330,0.236363,0.254695
-0.033572,0.234346,0.253806
-0.033939,0.234743,0.255224
-0.034118,0.233591,0.255240
-0.033993,0.235715,0.254151
-0.037048,0.234714,0.255303
-0.034649,0.233938,0.253418
-0.037785,0.233717,0.253919
-0.038333,0.232526,0.252723
-0.041691,0.234893,0.254498
-0.040368,0.235080,0.255647
-0.042786,0.234381,0.254673
-0.042453,0.234936,0.255603
-0.044923,0.235252,0.255260
-0.044948,0.235119,0.252455
-0.045197,0.234360,0.255412
-0.047052,0.235137,0.255681
-0.048250,0.235775,0.254550
-0.046722,0.235237,0.254226
-0.051125,0.236268,0.254270
-0.051423,0.234323,0.254878
-0.052396,0.234723,0.254019
-0.052499,0.236372,0.256289
-0.054487,0.234979,0.254492
-0.055036,0.237609,0.257485
-0.054356,0.236047,0.255794
-0.056182,0.236715,0.256793
-0.057579,0.236648,0.255352
-0.058903,0.239070,0.255749
-0.059760,0.238817,0.257991
-0.060421,0.237763,0.256946
-0.062594,0.237656,0.257483
-0.064799,0.238107,0.258144
-0.065248,0.239655,0.256755
-0.067072,0.238847,0.258916
-0.066369,0.237554,0.259996
-0.067463,0.240760,0.258617
-0.068325,0.239866,0.259531
-0.069058,0.240446,0.257754
-0.069886,0.241456,0.259062
-0.073537,0.241856,0.258882
-0.073949,0.239831,0.260505
-0.074688,0.242403,0.258333
-0.074392,0.243767,0.260072
-0.075678,0.242536,0.260896
-0.075916,0.243260,0.261173
-0.077075,0.242470,0.259020
-0.078649,0.244289,0.261727
-0.079217,0.243535,0.261437
-0.083050,0.244714,0.262257
-0.082026,0.243926,0.263526
-0.081783,0.244858,0.264584
-0.084738,0.244879,0.262591
-0.085805,0.247414,0.263936
-0.084637,0.246919,0.264328
-0.087454,0.247952,0.263241
-0.087308,0.248085,0.266875
-0.089406,0.248410,0.264467
-0.090930,0.248417,0.264953
-0.091007,0.248842,0.267964
-0.090776,0.247097,0.265200
-0.091571,0.249826,0.267009
-0.093448,0.249574,0.264790
-0.094314,0.249499,0.266339
-0.096863,0.248894,0.266553
-0.095261,0.249803,0.266174
-0.097454,0.249857,0.268483
-0.097926,0.249836,0.266312
-0.101020,0.250414,0.269250
-0.101490,0.252613,0.268533
-0.102061,0.251032,0.269448
-0.101834,0.251381,0.268678
-0.104851,0.251595,0.269739
-0.106338,0.251845,0.271315
-0.106329,0.249044,0.266417
-0.107340,0.248270,0.265401
-0.108702,0.244327,0.261049
-0.109161,0.243482,0.260297
-0.110219,0.240447,0.257722
-0.111260,0.238027,0.255800
-0.111805,0.234231,0.254898
-0.112619,0.233092,0.252580
-0.114056,0.229800,0.250320
-0.115155,0.227917,0.247591
-0.117685,0.224984,0.245744
-0.117447,0.222857,0.242079
-0.119652,0.222022,0.241306
-0.119165,0.217088,0.240234
-0.121439,0.215823,0.237168
-0.121132,0.212434,0.234380
-0.124035,0.210698,0.235270
-0.122790,0.209567,0.231568
-0.124834,0.207067,0.228348
-0.125429,0.200945,0.224374
-0.128198,0.200481,0.223662
-0.129270,0.199336,0.219710
-0.128421,0.194617,0.220890
-0.129586,0.193112,0.220138
-0.132085,0.191594,0.214747
-0.133010,0.188343,0.213644
-0.135530,0.186316,0.212575
-0.135144,0.181951,0.209512
-0.136244,0.181418,0.206926
-0.137093,0.178861,0.203925
-0.137837,0.175238,0.201831
-0.140261,0.171383,0.200219
-0.141387,0.169537,0.196179
-0.141000,0.167117,0.195697
-0.143631,0.164642,0.191694
-0.145949,0.162368,0.188982
-0.142607,0.159085,0.186612
0.155322,0.164077,0.193828
0.152254,0.164535,0.194757
0.152384,0.165092,0.194403
0.151519,0.165520,0.195891
0.150771,0.166141,0.197098
0.148104,0.168084,0.199156
0.146426,0.167026,0.196780
0.146696,0.170798,0.196523
0.144951,0.168784,0.198315
0.143943,0.169091,0.198324
0.143301,0.172448,0.202635
0.140936,0.171966,0.201387
0.140345,0.173478,0.200184
0.139034,0.175022,0.200414
0.138321,0.174351,0.203797
0.138154,0.171882,0.201562
0.135333,0.174092,0.205167
0.134575,0.175575,0.203936
0.134088,0.176436,0.205550
0.134300,0.175806,0.207708
0.131828,0.176873,0.203756
0.127670,0.176745,0.206463
0.129457,0.176781,0.205937
0.126744,0.177669,0.207625
0.126981,0.178236,0.207317
0.125315,0.180298,0.208107
0.123340,0.180514,0.206920
0.123402,0.180958,0.207056
0.122758,0.180692,0.207903
0.118356,0.180208,0.209267
0.117497,0.182968,0.207703
0.119649,0.183169,0.209133
0.118958,0.184945,0.210899
0.116391,0.183794,0.210009
0.114665,0.183737,0.212412
0.113740,0.185897,0.211982
0.115866,0.183757,0.214329
0.111033,0.185631,0.214190
0.110275,0.187908,0.213626
0.109180,0.188307,0.217016
0.107671,0.190491,0.217419
0.106954,0.190836,0.215920
0.105203,0.190362,0.217414
0.104157,0.192248,0.218192
0.104963,0.191324,0.218823
0.102448,0.193358,0.217611
0.100307,0.193797,0.223117
0.101403,0.195016,0.222731
0.099919,0.198208,0.223892
0.099201,0.197420,0.224028
0.095851,0.201271,0.224117
0.095673,0.200759,0.225827
0.094262,0.200917,0.226764
0.092641,0.203653,0.227587
0.091456,0.206081,0.228333
0.089961,0.205953,0.230625
0.087904,0.208966,0.233809
0.087731,0.220716,0.242821
0.086976,0.221090,0.243241
0.085646,0.222942,0.244491
0.083941,0.220735,0.245062
0.082383,0.222980,0.246554
0.082256,0.222667,0.244260
0.080149,0.222147,0.244551
0.081081,0.226063,0.243605
0.078741,0.223300,0.245954
0.076314,0.222669,0.246545
0.076256,0.221633,0.244938
0.075197,0.224523,0.247227
0.072940,0.223518,0.246381
0.072996,0.224446,0.244903
0.073041,0.224392,0.246483
0.071849,0.225086,0.246775
0.068844,0.224654,0.246541
0.068793,0.226403,0.246616
0.067381,0.226539,0.247522
0.065390,0.226652,0.248795
0.065617,0.226814,0.248884
0.064334,0.227150,0.248230
0.063720,0.226565,0.248431
0.064255,0.226810,0.248869
0.059973,0.228155,0.246980
0.059857,0.227986,0.249654
0.058803,0.229196,0.250148
0.057807,0.228331,0.249359
0.056868,0.228141,0.250102
0.056348,0.229103,0.250067
0.054771,0.230224,0.252307
0.053009,0.231431,0.250646
0.052395,0.230341,0.251922
0.051072,0.228818,0.251198
0.051453,0.229936,0.252667
0.049805,0.231238,0.253147
0.049826,0.231503,0.252973
0.047392,0.232816,0.252297
0.048078,0.232964,0.253479
0.048864,0.232497,0.253762
0.046624,0.232785,0.254656
0.043051,0.233298,0.255344
0.042735,0.232857,0.253918
0.042685,0.233014,0.254261
0.041310,0.234966,0.255827
0.039208,0.234548,0.255477
0.036264,0.235533,0.256066
0.036012,0.235224,0.255468
0.037053,0.234390,0.255729
0.035619,0.234548,0.255458
0.034097,0.235059,0.254903
0.035066,0.236897,0.257138
0.031693,0.235610,0.257413
0.029907,0.237525,0.256401
0.029918,0.236773,0.256235
0.029360,0.235768,0.258300
0.028206,0.235164,0.258549
0.027341,0.237206,0.257762
0.023756,0.237142,0.258911
0.026306,0.237913,0.259502
0.024244,0.239443,0.259231
0.024272,0.239271,0.258048
0.022388,0.238498,0.257973
0.020740,0.238758,0.259040
0.020067,0.240207,0.261420
0.017457,0.239489,0.259416
0.017996,0.241376,0.261798
0.016729,0.240409,0.259461
0.016628,0.241230,0.259473
0.013635,0.242360,0.261360
0.013428,0.241474,0.261057
0.011668,0.243279,0.262587
0.010098,0.243059,0.262885
0.009462,0.242139,0.263923
0.008171,0.241629,0.263286
0.008669,0.244136,0.262912
0.007411,0.243281,0.261801
0.006772,0.244364,0.263026
0.005403,0.243537,0.263156
0.004777,0.243224,0.266140
0.003387,0.244854,0.264118
0.002831,0.246334,0.264569
0.002841,0.245247,0.264159
0.000238,0.243581,0.264356
-0.001042,0.245687,0.264424
-0.003447,0.247139,0.265514
-0.004283,0.247373,0.264063
-0.002969,0.245981,0.265716
-0.004104,0.247544,0.265863
-0.006360,0.246441,0.263386
-0.005603,0.246346,0.265131
-0.007935,0.245305,0.264010
-0.008805,0.245719,0.264063
-0.008237,0.245103,0.263686
-0.011135,0.241736,0.262716
-0.011691,0.240940,0.260810
-0.012489,0.243446,0.262212
-0.013512,0.240295,0.260042
-0.015752,0.239200,0.262146
-0.015226,0.239402,0.258809
-0.015540,0.240046,0.259686
-0.017335,0.238188,0.258346
-0.020638,0.238297,0.257944
-0.021159,0.235462,0.258364
-0.020798,0.239153,0.257999
-0.023136,0.236624,0.257200
-0.021278,0.236373,0.258437
-0.024339,0.237251,0.255115
-0.022934,0.236759,0.257370
-0.027436,0.235786,0.257012
-0.025433,0.235149,0.256811
-0.028733,0.235144,0.257003
-0.025915,0.235218,0.255788
-0.030945,0.235505,0.254398
-0.031011,0.233097,0.254847
-0.032510,0.234428,0.254483
-0.034761,0.234581,0.254461
-0.034035,0.235492,0.254710
-0.035072,0.234287,0.254423
-0.036823,0.235096,0.254602
-0.037394,0.234365,0.254524
-0.037753,0.233472,0.255129
-0.040420,0.232912,0.254636
-0.040043,0.233090,0.253330
-0.041200,0.236503,0.256346
-0.041550,0.235617,0.253893
-0.042743,0.233992,0.255993
-0.044964,0.235025,0.256037
-0.044205,0.234160,0.255334
-0.046766,0.234834,0.255760
-0.047579,0.234172,0.254313
-0.050014,0.234101,0.255900
-0.047174,0.234738,0.257046
-0.051247,0.235074,0.255503
-0.051795,0.236210,0.256487
-0.052519,0.233680,0.256640
-0.053177,0.234994,0.257269
-0.055363,0.237129,0.256924
-0.054469,0.236434,0.256584
-0.056160,0.234633,0.256375
-0.057610,0.236618,0.257909
-0.058321,0.235885,0.258072
-0.058454,0.238655,0.258476
-0.059751,0.238317,0.257054
-0.060740,0.237507,0.257688
-0.062896,0.237698,0.258227
-0.062706,0.238116,0.258210
-0.064385,0.239293,0.258278
-0.065416,0.239975,0.259497
-0.067194,0.239393,0.261464
-0.066875,0.240765,0.258965
-0.069450,0.239693,0.260157
-0.068580,0.238894,0.259141
-0.070601,0.239827,0.261060
-0.071356,0.241071,0.260360
-0.071627,0.240364,0.261948
-0.073688,0.242237,0.260522
-0.075346,0.242024,0.261561
-0.076474,0.243166,0.262043
-0.077045,0.242277,0.262918
-0.078171,0.243012,0.260442
-0.077560,0.243998,0.262112
-0.078592,0.242356,0.260879
-0.079446,0.244269,0.263316
-0.080367,0.243043,0.263256
-0.083582,0.244903,0.263384
-0.083293,0.245841,0.263833
-0.085358,0.245856,0.264040
-0.085403,0.245983,0.265399
-0.085692,0.246773,0.265825
-0.088280,0.246836,0.265968
-0.089593,0.248122,0.267605
-0.089242,0.249258,0.266415
-0.091519,0.246898,0.264963
-0.092002,0.247305,0.266476
-0.093468,0.247327,0.269166
-0.095175,0.248644,0.268120
-0.095284,0.247893,0.266651
-0.095980,0.249966,0.268381
-0.098296,0.247964,0.266881
-0.098296,0.251183,0.268704
-0.099422,0.250229,0.268383
-0.100193,0.250960,0.270480
-0.101173,0.249575,0.267724
-0.102563,0.248987,0.268159
-0.105247,0.249898,0.267970
-0.104870,0.249237,0.268360
-0.104292,0.250907,0.270473
-0.105049,0.250053,0.268110
-0.107305,0.246391,0.265710
-0.108580,0.243812,0.264224
-0.109006,0.239830,0.261554
-0.110978,0.239937,0.261044
-0.110138,0.237294,0.259071
-0.113493,0.234072,0.254575
-0.112210,0.232893,0.252500
-0.111287,0.229424,0.250314
-0.114369,0.228354,0.247036
-0.116031,0.225184,0.245987
-0.116656,0.221912,0.244808
-0.118872,0.221895,0.243561
-0.120809,0.219459,0.242142
-0.123112,0.216445,0.240210
-0.121124,0.212449,0.236892
-0.123446,0.209058,0.233561
-0.123848,0.208563,0.232657
-0.125147,0.205186,0.229799
-0.127851,0.203072,0.226431
-0.126850,0.199628,0.226319
-0.128897,0.197664,0.223036
-0.130256,0.196762,0.222432
-0.131890,0.191692,0.219951
-0.130721,0.191823,0.217352
-0.132148,0.187003,0.214012
-0.132540,0.186818,0.211616
-0.134228,0.182618,0.209029
-0.138027,0.179685,0.207328
-0.137771,0.177290,0.205859
-0.139112,0.175007,0.203945
-0.138311,0.172625,0.201072
-0.143553,0.169252,0.199524
-0.141288,0.167759,0.197290
-0.143628,0.166932,0.196374
-0.144873,0.162651,0.192058
-0.144252,0.158177,0.188446
0.157521,0.166389,0.196480
0.153985,0.166888,0.196232
0.152999,0.169444,0.197396
0.152004,0.168013,0.199386
0.151011,0.167807,0.200731
0.151018,0.170283,0.200716
0.147553,0.168381,0.198714
0.146778,0.171418,0.200513
0.144541,0.170672,0.203100
0.145344,0.172147,0.202326
0.142848,0.174101,0.205675
0.142225,0.173755,0.204018
0.140040,0.175073,0.203089
0.139646,0.173928,0.205398
0.140320,0.174272,0.203591
0.139364,0.175798,0.204752
0.137315,0.176115,0.207875
0.134146,0.175969,0.205997
0.134531,0.174602,0.206245
0.133545,0.176076,0.205338
0.135350,0.176810,0.206741
0.131869,0.175098,0.206731
0.130824,0.176356,0.209532
0.129775,0.176931,0.208705
0.129918,0.179442,0.209489
0.128548,0.180218,0.207918
0.126488,0.179991,0.209665
0.124931,0.179484,0.208620
0.125220,0.181644,0.209899
0.121746,0.181349,0.210408
0.122433,0.181898,0.210904
0.122228,0.182760,0.213738
0.120663,0.182806,0.211882
0.117696,0.183268,0.213369
0.115792,0.184547,0.213000
0.116600,0.183878,0.211311
0.113961,0.185001,0.213700
0.114566,0.186894,0.214235
0.112809,0.185652,0.215248
0.111750,0.187524,0.214642
0.110308,0.188408,0.217333
0.110801,0.189301,0.219274
0.109299,0.192924,0.218552
0.106542,0.190467,0.219752
0.105650,0.192924,0.220009
0.105408,0.195395,0.221391
0.104549,0.195397,0.223528
0.101632,0.196777,0.223041
0.101626,0.196604,0.223806
0.100367,0.197883,0.221714
0.099857,0.197974,0.225131
0.098646,0.197707,0.224061
0.097177,0.198435,0.227076
0.095275,0.199911,0.228153
0.093514,0.200137,0.229497
0.092654,0.202876,0.229253
0.093320,0.205443,0.231777
0.090253,0.207635,0.233063
0.087037,0.218929,0.242538
0.087026,0.219481,0.244227
0.087348,0.222231,0.243911
0.085204,0.220288,0.244662
0.082437,0.221166,0.245990
0.081579,0.219207,0.245981
0.081223,0.221906,0.246200
0.079952,0.222094,0.247897
0.080148,0.222553,0.245686
0.079793,0.223058,0.245151
0.078264,0.222479,0.246340
0.075110,0.223186,0.246957
0.074976,0.222015,0.247085
0.072330,0.223139,0.246915
0.072961,0.223533,0.246836
0.071037,0.225802,0.248038
0.070789,0.223545,0.247981
0.069642,0.225294,0.250149
0.068963,0.227110,0.249187
0.068441,0.225267,0.248220
0.065641,0.226627,0.247924
0.064813,0.226005,0.250212
0.064183,0.225893,0.249086
0.063503,0.226808,0.249176
0.061802,0.227801,0.252079
0.061307,0.228455,0.248797
0.060823,0.227191,0.251907
0.059895,0.228002,0.251979
0.057532,0.227905,0.251321
0.055701,0.227379,0.251248
0.056555,0.228974,0.252110
0.055769,0.226506,0.251325
0.054273,0.229678,0.253869
0.053869,0.229882,0.253919
0.052346,0.229636,0.253340
0.052678,0.231777,0.254530
0.050132,0.229529,0.256152
0.049693,0.230637,0.255576
0.047512,0.231791,0.252969
0.046796,0.231404,0.254554
0.044379,0.233545,0.253705
0.046205,0.232135,0.256188
0.043170,0.232803,0.256526
0.042190,0.233100,0.255624
0.041969,0.233560,0.255351
0.040899,0.231699,0.255672
0.039266,0.234292,0.256877
0.038602,0.233322,0.258159
0.037208,0.233514,0.257482
0.036370,0.235474,0.255700
0.035058,0.236080,0.256227
0.034502,0.235257,0.257472
0.034849,0.236373,0.257548
0.032783,0.236206,0.259080
0.031105,0.235524,0.257998
0.028809,0.236747,0.256763
0.029774,0.235621,0.257904
0.027538,0.236235,0.258994
0.024919,0.237243,0.259975
0.026646,0.239199,0.259406
0.023656,0.238322,0.260080
0.023503,0.239667,0.258576
0.022397,0.237576,0.260185
0.022747,0.238072,0.260994
0.019958,0.237154,0.260320
0.020161,0.240610,0.261751
0.018383,0.238674,0.260698
0.016913,0.240782,0.260462
0.016024,0.239173,0.260304
0.015447,0.241019,0.262496
0.015117,0.241079,0.262347
0.011541,0.240867,0.262329
0.014642,0.241794,0.261625
0.011337,0.242880,0.263009
0.010150,0.241828,0.264807
0.010085,0.241200,0.262546
0.008374,0.241204,0.263824
0.005422,0.243392,0.265899
0.005875,0.240876,0.264566
0.005042,0.243233,0.265434
0.004622,0.244219,0.263631
0.003771,0.244664,0.265426
0.002936,0.244128,0.264555
0.000848,0.245455,0.266510
-0.000295,0.246213,0.265043
-0.001612,0.245585,0.265766
-0.002144,0.246502,0.266646
-0.002962,0.247892,0.265895
-0.002967,0.244938,0.265313
-0.003803,0.247776,0.267424
-0.005202,0.245954,0.267681
-0.008163,0.245967,0.263776
-0.008689,0.242988,0.265320
-0.008190,0.243748,0.264034
-0.009479,0.242778,0.264084
-0.009955,0.241454,0.263600
-0.009843,0.240602,0.263111
-0.013348,0.241625,0.262205
-0.012254,0.239634,0.262227
-0.016599,0.241751,0.261162
-0.016617,0.238666,0.261529
-0.016790,0.236887,0.260765
-0.017931,0.239227,0.258986
-0.019459,0.236449,0.259038
-0.018790,0.236151,0.257339
-0.020478,0.236109,0.260435
-0.022400,0.236545,0.260822
-0.023609,0.235939,0.259401
-0.024042,0.236766,0.257776
-0.026319,0.236052,0.257896
-0.024464,0.234950,0.260010
-0.027881,0.234812,0.257198
-0.027523,0.236300,0.258693
-0.027138,0.233621,0.255797
-0.027866,0.232892,0.256817
-0.031878,0.233431,0.255887
-0.030911,0.233748,0.255190
-0.033236,0.232523,0.258303
-0.034723,0.234456,0.255181
-0.035294,0.233693,0.258443
-0.036932,0.232966,0.255963
-0.037431,0.234316,0.255801
-0.038146,0.230889,0.255650
-0.036590,0.232074,0.255467
-0.039560,0.232989,0.254150
-0.040166,0.234583,0.255178
-0.041540,0.232908,0.254764
-0.042355,0.234560,0.255808
-0.045481,0.232851,0.255592
-0.043524,0.234304,0.255253
-0.046168,0.232240,0.256244
-0.046839,0.236090,0.255312
-0.047911,0.233661,0.255319
-0.048021,0.233522,0.257298
-0.050202,0.234079,0.254946
-0.052777,0.234905,0.256780
-0.052294,0.235780,0.256892
-0.054961,0.235887,0.255723
-0.054050,0.234585,0.256637
-0.055070,0.235592,0.256182
-0.056165,0.236670,0.258240
-0.057643,0.235157,0.255586
-0.058265,0.235754,0.260329
-0.058692,0.236753,0.259528
-0.060347,0.236043,0.259725
-0.061257,0.235906,0.257733
-0.062321,0.238488,0.258009
-0.064138,0.236936,0.260211
-0.063394,0.235946,0.259760
-0.065144,0.238924,0.259063
-0.066614,0.239032,0.260994
-0.067206,0.238502,0.260441
-0.069257,0.239260,0.260039
-0.071487,0.238363,0.259826
-0.070280,0.239838,0.262065
-0.072303,0.237860,0.262514
-0.072534,0.241033,0.261862
-0.074709,0.239272,0.260588
-0.075606,0.241073,0.261980
-0.075566,0.240428,0.261165
-0.077623,0.240145,0.262253
-0.076962,0.242310,0.263157
-0.077928,0.242549,0.263216
-0.079657,0.241607,0.264755
-0.081106,0.242549,0.264559
-0.081013,0.242853,0.264913
-0.083348,0.243598,0.264705
-0.084719,0.243769,0.265321
-0.085207,0.244992,0.266437
-0.087002,0.245548,0.267433
-0.085092,0.243753,0.265827
-0.087226,0.245520,0.265801
-0.089634,0.245691,0.266951
-0.089784,0.246674,0.267026
-0.090955,0.246731,0.265717
-0.090876,0.245789,0.267702
-0.092370,0.246299,0.268105
-0.092271,0.249806,0.267771
-0.094767,0.247257,0.269408
-0.096127,0.247951,0.269150
-0.097249,0.247409,0.267667
-0.097968,0.247377,0.269510
-0.099261,0.248703,0.269125
-0.099604,0.248394,0.267286
-0.100916,0.249168,0.270715
-0.101044,0.248575,0.268597
-0.102194,0.249578,0.270663
-0.103328,0.247734,0.271147
-0.106709,0.250658,0.272127
-0.106216,0.247744,0.269926
-0.107231,0.245877,0.267193
-0.107942,0.243292,0.264584
-0.111239,0.242929,0.261919
-0.109810,0.239960,0.260475
-0.111522,0.236409,0.261200
-0.112493,0.235815,0.257827
-0.113185,0.231856,0.256134
-0.113668,0.229775,0.251653
-0.115833,0.226532,0.250685
-0.114565,0.223125,0.246376
-0.117999,0.221056,0.247322
-0.118847,0.220228,0.244431
-0.119116,0.217169,0.240798
-0.120621,0.214565,0.239382
-0.121702,0.213467,0.235320
-0.123844,0.209051,0.237431
-0.123790,0.206916,0.233551
-0.124382,0.204389,0.232225
-0.124749,0.200843,0.229258
-0.127816,0.200295,0.225497
-0.129349,0.196704,0.223720
-0.130180,0.195037,0.221453
-0.131535,0.192262,0.220420
-0.132163,0.189329,0.218868
-0.132162,0.187005,0.214001
-0.133337,0.186405,0.215347
-0.133756,0.181647,0.210981
-0.135482,0.179688,0.209305
-0.137451,0.177319,0.206849
-0.137716,0.175760,0.206498
-0.138595,0.172520,0.201026
-0.139959,0.169617,0.198753
-0.141667,0.166521,0.197896
-0.143757,0.163987,0.196790
-0.144851,0.162463,0.194254
-0.145912,0.159329,0.192956
-0.148509,0.155808,0.189055
0.157922,0.168497,0.200680
0.154950,0.169355,0.202188
0.155272,0.169060,0.199212
0.154217,0.168923,0.200554
0.152880,0.169873,0.202070
0.152673,0.170215,0.203242
0.150565,0.171296,0.200538
0.150491,0.171574,0.203238
0.150125,0.171467,0.203247
0.147511,0.169567,0.203847
0.145708,0.171693,0.204135
0.145183,0.171757,0.204069
0.145663,0.173424,0.205526
0.142015,0.173024,0.204219
0.141709,0.174229,0.205478
0.139768,0.173912,0.205472
0.138139,0.173871,0.205382
0.138211,0.175642,0.206302
0.136711,0.175331,0.204367
0.136076,0.174969,0.206999
0.135245,0.176660,0.207806
0.133522,0.177010,0.208026
0.132414,0.177261,0.209572
0.133364,0.178933,0.208102
0.129216,0.178620,0.208191
0.130694,0.178447,0.208053
0.128295,0.179771,0.211266
0.128919,0.180185,0.211118
0.125722,0.180334,0.212797
0.125671,0.180896,0.212771
0.123029,0.181580,0.213212
0.122373,0.182224,0.211403
0.121030,0.182601,0.213257
0.121709,0.184111,0.213051
0.118235,0.183482,0.215795
0.118012,0.184827,0.215143
0.115668,0.183629,0.215483
0.115872,0.185850,0.215185
0.116016,0.187095,0.215798
0.113527,0.188179,0.218147
0.112636,0.188336,0.218342
0.112745,0.187732,0.218734
0.110390,0.189508,0.217718
0.108454,0.191257,0.218639
0.107634,0.191514,0.219124
0.108997,0.193265,0.220925
0.105345,0.191556,0.220997
0.104274,0.192948,0.221779
0.102821,0.191890,0.223718
0.101677,0.195370,0.223413
0.099860,0.196316,0.224448
0.101288,0.195751,0.225820
0.098671,0.196358,0.225777
0.099019,0.195073,0.226291
0.095503,0.199493,0.226857
0.094347,0.201050,0.227941
0.094241,0.199918,0.228880
0.092409,0.202519,0.231016
0.092106,0.205189,0.233754
0.088600,0.219602,0.244193
0.087500,0.218680,0.244975
0.085601,0.218262,0.244977
0.085079,0.218438,0.245451
0.084308,0.220576,0.246985
0.083305,0.219892,0.246948
0.083204,0.220374,0.246913
0.082761,0.221842,0.247094
0.081779,0.221615,0.246450
0.079146,0.220963,0.247353
0.079200,0.221761,0.247670
0.076997,0.222649,0.246910
0.075300,0.221188,0.248601
0.077854,0.223054,0.247551
0.074693,0.224254,0.249659
0.073037,0.224502,0.249540
0.070309,0.222536,0.249737
0.070436,0.224065,0.250333
0.069819,0.224132,0.248943
0.070311,0.225389,0.249852
0.068707,0.225530,0.251746
0.069107,0.223940,0.250669
0.065382,0.224308,0.250828
0.063006,0.226639,0.249868
0.064200,0.227652,0.250026
0.062449,0.226658,0.249416
0.061842,0.227497,0.252822
0.060417,0.228086,0.253661
0.059734,0.226556,0.250997
0.056387,0.227735,0.250695
0.057634,0.227225,0.250467
0.057248,0.227764,0.253508
0.055049,0.229111,0.254411
0.055130,0.228927,0.253839
0.054201,0.229547,0.253127
0.052766,0.230257,0.253497
0.052245,0.228567,0.253957
0.047830,0.230004,0.251824
0.049569,0.230407,0.253818
0.046872,0.231044,0.256485
0.046359,0.229689,0.255898
0.045981,0.231050,0.255373
0.046933,0.230667,0.255105
0.045836,0.232545,0.258181
0.042697,0.232203,0.255739
0.041835,0.232978,0.258454
0.039194,0.232816,0.257318
0.038910,0.233521,0.258140
0.038434,0.233929,0.259370
0.038173,0.233224,0.255897
0.037584,0.233666,0.258610
0.035320,0.233261,0.258680
0.033445,0.235356,0.258248
0.036084,0.236331,0.256808
0.032551,0.235456,0.258432
0.031953,0.236666,0.259097
0.028198,0.236395,0.261102
0.029686,0.235895,0.258571
0.029511,0.235263,0.259213
0.025783,0.236693,0.260506
0.025193,0.235056,0.261278
0.025173,0.239944,0.259404
0.023287,0.238006,0.261110
0.024000,0.239331,0.261840
0.021668,0.239901,0.264449
0.021448,0.238170,0.262430
0.018683,0.239016,0.261170
0.016252,0.239380,0.263194
0.018183,0.239966,0.262535
0.016875,0.239709,0.262499
0.015408,0.238705,0.262947
0.015712,0.240012,0.262326
0.011210,0.241560,0.263066
0.011705,0.240382,0.265847
0.012147,0.240876,0.264717
0.010526,0.242184,0.263869
0.009740,0.243282,0.264578
0.007473,0.242895,0.263818
0.007689,0.241871,0.265348
0.006584,0.242702,0.265762
0.004497,0.242136,0.265864
0.003791,0.243808,0.266901
0.002687,0.242544,0.264226
0.002291,0.243856,0.266349
0.001800,0.243777,0.266586
-0.000854,0.244668,0.267942
-0.000533,0.245439,0.267334
-0.003156,0.246816,0.266346
-0.002099,0.245621,0.270396
-0.004152,0.246826,0.268268
-0.006017,0.245126,0.269565
-0.005713,0.245715,0.268582
-0.006564,0.244896,0.267738
-0.007026,0.243815,0.265361
-0.009810,0.241928,0.266065
-0.010447,0.242048,0.265197
-0.013746,0.241278,0.263276
-0.011652,0.241013,0.262415
-0.013524,0.240021,0.263534
-0.013557,0.238396,0.264170
-0.014389,0.238851,0.261601
-0.016365,0.238990,0.261682
-0.018205,0.239478,0.261631
-0.016861,0.237335,0.259409
-0.016669,0.238410,0.262402
-0.019947,0.237494,0.260417
-0.020331,0.236928,0.259763
-0.022628,0.234828,0.260551
-0.023941,0.235344,0.260775
-0.023976,0.234142,0.259464
-0.025473,0.235957,0.260138
-0.028266,0.235579,0.259062
-0.026246,0.234085,0.256497
-0.027203,0.234777,0.256904
-0.027366,0.234353,0.257108
-0.030553,0.233064,0.257399
-0.031810,0.234115,0.257382
-0.030443,0.232863,0.258195
-0.032071,0.234812,0.260069
-0.031848,0.232928,0.257922
-0.035730,0.232192,0.257293
-0.034468,0.232888,0.258524
-0.038071,0.233124,0.255518
-0.037108,0.232909,0.254894
-0.038870,0.232698,0.259198
-0.039736,0.231650,0.258860
-0.042603,0.231801,0.257741
-0.043984,0.233507,0.256373
-0.042133,0.234847,0.256156
-0.044135,0.234496,0.256349
-0.045275,0.233790,0.261121
-0.047243,0.233665,0.257183
-0.046546,0.232672,0.257314
-0.047854,0.231991,0.257843
-0.048568,0.232272,0.255530
-0.049001,0.234133,0.257478
-0.051733,0.234115,0.257806
-0.053179,0.234854,0.259001
-0.053902,0.232577,0.257182
-0.052565,0.234743,0.257090
-0.055602,0.234918,0.259037
-0.054800,0.233116,0.257251
-0.057989,0.232881,0.258684
-0.058829,0.233657,0.260502
-0.060843,0.235394,0.260029
-0.060224,0.235293,0.259510
-0.061833,0.234615,0.259934
-0.062942,0.236247,0.262070
-0.063486,0.237716,0.260893
-0.064129,0.238383,0.259438
-0.065122,0.235220,0.261243
-0.068571,0.236918,0.260821
-0.069934,0.236800,0.260530
-0.068219,0.236467,0.260485
-0.071206,0.237643,0.261352
-0.068851,0.236229,0.261994
-0.071377,0.239169,0.262958
-0.072260,0.239722,0.262640
-0.074036,0.238207,0.261937
-0.074705,0.240006,0.263592
-0.074717,0.239922,0.262165
-0.076200,0.241003,0.264277
-0.077916,0.242116,0.264234
-0.079259,0.240751,0.263075
-0.079082,0.242438,0.266033
-0.080880,0.241840,0.265250
-0.080001,0.244498,0.264579
-0.083618,0.243830,0.264097
-0.084902,0.244131,0.265542
-0.083717,0.241199,0.265694
-0.084719,0.245468,0.267778
-0.084708,0.244483,0.268326
-0.087663,0.244716,0.267377
-0.090025,0.244558,0.266968
-0.090475,0.244238,0.267380
-0.091149,0.246131,0.267214
-0.091698,0.245609,0.268716
-0.091844,0.244731,0.268304
-0.094153,0.244479,0.268060
-0.095474,0.246856,0.269552
-0.096848,0.248631,0.269384
-0.095757,0.247119,0.270177
-0.096832,0.247649,0.267351
-0.098958,0.247568,0.271117
-0.101835,0.248106,0.270036
-0.100612,0.247527,0.271112
-0.102414,0.247816,0.269684
-0.103443,0.249003,0.268685
-0.102245,0.248563,0.271348
-0.103703,0.251108,0.272107
-0.106030,0.247748,0.270584
-0.107823,0.246808,0.267408
-0.108040,0.243711,0.265702
-0.107959,0.241354,0.263983
-0.110019,0.240380,0.263690
-0.109801,0.235791,0.259890
-0.113931,0.234425,0.259230
-0.113829,0.232162,0.255527
-0.112299,0.230421,0.252544
-0.115168,0.228723,0.250200
-0.115029,0.223550,0.251367
-0.117722,0.222488,0.247607
-0.120224,0.221782,0.245162
-0.120528,0.216904,0.242704
-0.120871,0.214429,0.239628
-0.121408,0.211815,0.239798
-0.124594,0.211184,0.236182
-0.124184,0.207739,0.235587
-0.125551,0.203447,0.232587
-0.126334,0.200652,0.229352
-0.125708,0.198633,0.226362
-0.127572,0.197271,0.226284
-0.130140,0.194999,0.223218
-0.131843,0.192299,0.222034
-0.132087,0.189033,0.219797
-0.133752,0.187658,0.219574
-0.133938,0.184670,0.215255
-0.133559,0.183073,0.211729
-0.136173,0.177626,0.210969
-0.136398,0.177392,0.206644
-0.138240,0.173706,0.206184
-0.138716,0.171748,0.202834
-0.140222,0.170685,0.199567
-0.142045,0.166516,0.200999
-0.141806,0.162316,0.198192
-0.145476,0.160762,0.194108
-0.146002,0.157338,0.192598
-0.147101,0.155168,0.190367
0.158051,0.169369,0.202930
0.157083,0.168166,0.202206
0.155340,0.167934,0.203946
0.155219,0.170016,0.204654
0.153877,0.171600,0.203210
0.153089,0.169459,0.204940
0.150594,0.170078,0.205623
0.149355,0.171953,0.206177
0.150284,0.171688,0.205511
0.147057,0.170900,0.206085
0.144635,0.171170,0.205880
0.143861,0.172513,0.206223
0.145252,0.173889,0.207033
0.142128,0.173780,0.206116
0.142909,0.172944,0.209519
0.141880,0.174865,0.206819
0.139177,0.175114,0.208950
0.139029,0.175530,0.209909
0.137962,0.176705,0.209142
0.134918,0.176438,0.209210
0.137127,0.177429,0.207864
0.134295,0.177094,0.209403
0.131310,0.177962,0.213223
0.131804,0.179662,0.211191
0.130233,0.179737,0.213646
0.127050,0.180622,0.213215
0.127487,0.179746,0.214311
0.127292,0.179572,0.214043
0.126530,0.181046,0.215045
0.125333,0.183165,0.214531
0.124818,0.181230,0.215524
0.122055,0.184059,0.215091
0.121110,0.185785,0.216376
0.121469,0.184952,0.217036
0.119171,0.184682,0.216401
0.118296,0.184496,0.217627
0.116491,0.186607,0.215525
0.115038,0.185162,0.217097
0.114561,0.185783,0.218048
0.114304,0.188157,0.218729
0.113160,0.189432,0.221296
0.111693,0.188546,0.220541
0.111438,0.189742,0.221773
0.109276,0.190001,0.222182
0.108549,0.190956,0.222405
0.108151,0.190910,0.221559
0.106490,0.191739,0.221986
0.104302,0.193606,0.223653
0.104208,0.194884,0.224647
0.101396,0.192468,0.223849
0.102612,0.195132,0.225623
0.100850,0.196072,0.224744
0.099874,0.199471,0.227244
0.098951,0.196079,0.226955
0.096860,0.198063,0.231237
0.093164,0.202036,0.231492
0.095405,0.202578,0.231260
0.091757,0.203514,0.232379
0.091799,0.206688,0.236215
0.089440,0.219197,0.245369
0.088232,0.218180,0.246518
0.085041,0.220262,0.247350
0.086528,0.219543,0.247188
0.084804,0.217843,0.246563
0.082784,0.221337,0.247140
0.083791,0.220975,0.245940
0.081801,0.220233,0.248486
0.081122,0.220740,0.248685
0.078836,0.222025,0.247547
0.078300,0.221319,0.249773
0.076170,0.220149,0.249494
0.075805,0.222318,0.248635
0.072934,0.222749,0.249401
0.073952,0.222926,0.251003
0.074485,0.221737,0.249658
0.070922,0.222883,0.249290
0.071325,0.223654,0.249712
0.070091,0.225052,0.252360
0.067653,0.224064,0.252067
0.067970,0.222477,0.253265
0.066712,0.225586,0.252652
0.066322,0.226278,0.251464
0.063344,0.225096,0.250288
0.064327,0.225670,0.254093
0.063638,0.225328,0.251030
0.062274,0.224051,0.253793
0.059336,0.225800,0.253034
0.059372,0.227620,0.252581
0.057534,0.229216,0.254455
0.057408,0.227929,0.253475
0.057169,0.228957,0.255445
0.054733,0.228659,0.254908
0.054224,0.229114,0.254571
0.052944,0.226085,0.253905
0.052132,0.228664,0.255693
0.049179,0.227930,0.255205
0.050511,0.229587,0.256262
0.048057,0.229348,0.256315
0.047878,0.230516,0.255897
0.045839,0.230217,0.256107
0.047003,0.231371,0.257107
0.042808,0.230634,0.257556
0.045561,0.232984,0.257069
0.042595,0.232836,0.257900
0.041472,0.233327,0.257475
0.040483,0.231665,0.258933
0.039638,0.235009,0.256910
0.037311,0.233700,0.259571
0.040216,0.235839,0.257284
0.038270,0.233728,0.258291
0.034054,0.233255,0.259789
0.031148,0.233115,0.262189
0.033309,0.233555,0.259783
0.032625,0.234482,0.260148
0.032350,0.235761,0.261528
0.032266,0.233925,0.261089
0.029260,0.237925,0.261968
0.025969,0.237868,0.258653
0.025049,0.237279,0.260998
0.025321,0.237005,0.261514
0.024666,0.237831,0.263817
0.024758,0.239434,0.264069
0.024581,0.237879,0.261903
0.019444,0.237009,0.262697
0.018969,0.238395,0.264897
0.018083,0.239389,0.264690
0.019860,0.239801,0.264146
0.017379,0.240517,0.262116
0.016672,0.239746,0.264413
0.015468,0.240805,0.264529
0.015877,0.241080,0.265587
0.016097,0.239416,0.266246
0.011949,0.240954,0.264381
0.012695,0.240404,0.265352
0.010263,0.240039,0.266137
0.009680,0.240178,0.264499
0.008688,0.243113,0.266013
0.006737,0.241288,0.266973
0.006409,0.242362,0.267566
0.005543,0.242235,0.267076
0.004054,0.243019,0.268377
0.002590,0.242430,0.266663
0.001946,0.243117,0.266319
0.000992,0.242213,0.266652
0.000759,0.243524,0.269138
-0.000965,0.244425,0.268996
-0.002138,0.244581,0.268847
-0.002497,0.245011,0.268239
-0.002899,0.244136,0.267254
-0.005236,0.245209,0.270106
-0.007186,0.244540,0.269509
-0.006856,0.243376,0.269422
-0.008319,0.243966,0.267930
-0.010724,0.242688,0.267007
-0.009283,0.244223,0.264915
-0.011701,0.241185,0.265078
-0.011431,0.241151,0.264920
-0.013503,0.238986,0.263747
-0.014908,0.239502,0.262850
-0.015463,0.238383,0.264783
-0.014990,0.238400,0.264226
-0.016968,0.236206,0.263486
-0.017156,0.234318,0.260349
-0.018836,0.235869,0.263939
-0.019124,0.234505,0.258757
-0.021264,0.235593,0.260934
-0.022312,0.236582,0.263274
-0.022979,0.235025,0.261046
-0.024476,0.235238,0.259676
-0.024231,0.235691,0.259516
-0.028219,0.233208,0.259626
-0.027101,0.232545,0.257775
-0.028397,0.234023,0.259101
-0.029527,0.233567,0.260545
-0.031339,0.233375,0.258810
-0.031312,0.231993,0.258914
-0.030541,0.232695,0.258576
-0.031999,0.232392,0.257623
-0.032983,0.232694,0.257984
-0.032847,0.230429,0.258531
-0.035424,0.232145,0.258421
-0.037762,0.232207,0.260026
-0.039354,0.231990,0.258806
-0.040781,0.231042,0.257617
-0.040423,0.230087,0.256008
-0.039928,0.232495,0.256017
-0.040471,0.231527,0.257622
-0.042620,0.232267,0.258489
-0.043953,0.233161,0.257317
-0.043707,0.233006,0.259496
-0.046225,0.232602,0.258671
-0.046210,0.232877,0.257667
-0.047527,0.231846,0.257937
-0.049839,0.230882,0.257533
-0.050585,0.233682,0.258575
-0.053737,0.232166,0.256705
-0.051621,0.232532,0.258420
-0.053612,0.232391,0.259963
-0.052820,0.232556,0.260514
-0.055647,0.233111,0.261636
-0.054916,0.233894,0.259625
-0.057616,0.230452,0.259073
-0.058977,0.235472,0.259517
-0.059453,0.234895,0.259532
-0.060612,0.233589,0.259931
-0.059392,0.235450,0.260378
-0.062899,0.235612,0.261335
-0.063183,0.234809,0.261744
-0.064071,0.236975,0.261097
-0.064864,0.236224,0.261785
-0.064983,0.237451,0.261939
-0.067617,0.235963,0.261892
-0.067850,0.237341,0.261394
-0.067857,0.236518,0.263245
-0.071482,0.238977,0.263689
-0.071231,0.237327,0.264282
-0.072268,0.237441,0.261949
-0.073409,0.238232,0.263354
-0.074397,0.241612,0.263886
-0.075326,0.240022,0.261819
-0.076918,0.239440,0.264643
-0.076411,0.240282,0.263976
-0.078695,0.241245,0.265427
-0.079195,0.239504,0.267369
-0.081244,0.242321,0.265452
-0.082663,0.240857,0.265966
-0.082623,0.242417,0.266957
-0.082629,0.241977,0.267292
-0.083461,0.244012,0.268284
-0.086826,0.244365,0.268771
-0.087467,0.243891,0.268037
-0.085941,0.244139,0.268499
-0.089870,0.245497,0.269957
-0.090033,0.244657,0.267408
-0.091476,0.244987,0.269284
-0.092876,0.244669,0.268141
-0.092858,0.245409,0.268628
-0.092088,0.244460,0.268520
-0.095676,0.245637,0.269486
-0.094854,0.244744,0.269044
-0.097111,0.248216,0.270553
-0.098438,0.244924,0.271039
-0.100059,0.247613,0.268009
-0.099404,0.245684,0.267794
-0.101480,0.245445,0.270548
-0.103418,0.247092,0.270156
-0.102748,0.247913,0.269940
-0.104481,0.247759,0.273041
-0.105200,0.249325,0.271487
-0.104446,0.247772,0.271112
-0.107330,0.244486,0.268531
-0.108057,0.243836,0.266152
-0.107675,0.240761,0.266666
-0.109755,0.238538,0.263713
-0.110252,0.236735,0.261423
-0.111155,0.233346,0.259196
-0.114223,0.229449,0.257997
-0.115015,0.229129,0.255168
-0.115922,0.226200,0.252744
-0.117507,0.225405,0.250908
-0.115715,0.220901,0.249069
-0.117076,0.218931,0.245304
-0.121194,0.216848,0.245326
-0.120768,0.212866,0.243504
-0.122054,0.212427,0.238153
-0.121358,0.209546,0.239400
-0.125364,0.207631,0.236656
-0.122727,0.203507,0.233484
-0.127300,0.201177,0.231681
-0.127163,0.199388,0.228575
-0.126306,0.196575,0.227256
-0.129717,0.194177,0.225416
-0.128767,0.191574,0.221010
-0.130788,0.187485,0.221455
-0.133644,0.186603,0.217739
-0.135558,0.184928,0.217761
-0.135472,0.179982,0.213568
-0.135144,0.177282,0.210729
-0.137135,0.176663,0.209590
-0.139125,0.173025,0.207945
-0.140562,0.171839,0.205890
-0.141555,0.168485,0.201840
-0.139534,0.165524,0.200436
-0.143075,0.163241,0.196724
-0.144169,0.159520,0.196777
-0.144368,0.158606,0.193462
-0.144780,0.155180,0.191355
-0.147308,0.153255,0.188015
0.158527,0.167914,0.204652
0.155962,0.169746,0.205785
0.154773,0.170334,0.204410
0.152411,0.171189,0.205382
0.152223,0.170831,0.207343
0.152147,0.172859,0.206223
0.149796,0.170223,0.207893
0.148530,0.173217,0.207559
0.146554,0.172212,0.207133
0.147362,0.173498,0.209684
0.146270,0.172329,0.210372
0.144917,0.172994,0.206935
0.143603,0.173515,0.209731
0.143979,0.174834,0.209068
0.140913,0.176557,0.209965
0.140795,0.175400,0.210093
0.138861,0.174753,0.212352
0.136483,0.177039,0.209188
0.136301,0.176260,0.212422
0.136897,0.176970,0.213841
0.134359,0.178307,0.211797
0.133681,0.178049,0.210859
0.131924,0.178396,0.213450
0.130061,0.178181,0.212441
0.130719,0.179441,0.214983
0.130292,0.180039,0.215645
0.128695,0.182524,0.214087
0.124606,0.182786,0.215374
0.125158,0.180726,0.217277
0.126150,0.182274,0.215957
0.122502,0.183760,0.216001
0.122889,0.186343,0.218080
0.120533,0.184989,0.219712
0.118588,0.184788,0.218354
0.116662,0.185362,0.218721
0.118380,0.184419,0.220679
0.118022,0.185737,0.220362
0.114263,0.188003,0.220782
0.115467,0.187638,0.219874
0.112372,0.191997,0.221640
0.111030,0.188365,0.222066
0.110866,0.187883,0.222949
0.108265,0.188177,0.224515
0.109575,0.190265,0.222884
0.107571,0.190319,0.222822
0.106543,0.191882,0.223914
0.105383,0.192838,0.225175
0.105582,0.192305,0.225240
0.101402,0.191444,0.225238
0.103040,0.193212,0.224584
0.100243,0.196321,0.224135
0.100193,0.196286,0.227574
0.099178,0.196796,0.228606
0.095925,0.198744,0.231146
0.093397,0.198867,0.230491
0.094007,0.199270,0.232383
0.092412,0.202092,0.233258
0.091859,0.205028,0.235285
0.090359,0.217583,0.247871
0.088355,0.218630,0.248650
0.087964,0.219571,0.247386
0.087912,0.218668,0.248178
0.085970,0.217738,0.248196
0.084921,0.218462,0.249188
0.083918,0.219990,0.247955
0.082584,0.221030,0.248615
0.079724,0.219010,0.247937
0.079903,0.220376,0.250439
0.080145,0.220547,0.248979
0.077421,0.219182,0.248464
0.075862,0.220477,0.251212
0.075839,0.219787,0.248880
0.075762,0.223615,0.249005
0.074070,0.222356,0.252224
0.072904,0.221188,0.252815
0.073887,0.221974,0.251721
0.069315,0.222152,0.251390
0.070536,0.225582,0.254254
0.070057,0.223807,0.251678
0.068084,0.223002,0.252492
0.065824,0.223473,0.254045
0.066560,0.222608,0.252850
0.065189,0.226101,0.253347
0.062508,0.224946,0.253842
0.063238,0.225771,0.254337
0.062459,0.224603,0.254044
0.059425,0.227728,0.254834
0.059900,0.226220,0.253500
0.057885,0.226646,0.254435
0.057207,0.228495,0.254882
0.057358,0.227284,0.254380
0.056000,0.228389,0.257527
0.053121,0.227867,0.256798
0.054099,0.227712,0.257017
0.052049,0.229026,0.258178
0.050816,0.228426,0.256797
0.050303,0.229628,0.256657
0.049155,0.230977,0.257245
0.049644,0.229348,0.255902
0.047590,0.229050,0.258444
0.045371,0.227882,0.258851
0.044712,0.229854,0.259072
0.043299,0.230798,0.259601
0.042787,0.231198,0.259283
0.040353,0.232579,0.258272
0.041692,0.233550,0.258688
0.039432,0.233619,0.258694
0.037463,0.234123,0.259859
0.038020,0.231820,0.259355
0.035270,0.233018,0.258412
0.034929,0.232991,0.260166
0.035063,0.233866,0.259385
0.032211,0.234664,0.261745
0.032034,0.234150,0.259941
0.030286,0.235335,0.261489
0.031215,0.235883,0.261369
0.030007,0.235907,0.261516
0.027531,0.236873,0.262401
0.026402,0.236943,0.264312
0.026837,0.236179,0.261964
0.025265,0.236885,0.263466
0.022518,0.236090,0.262813
0.022800,0.236296,0.263730
0.021613,0.239051,0.264919
0.021400,0.238157,0.263730
0.020603,0.237373,0.264851
0.018925,0.237556,0.263986
0.017701,0.238362,0.264689
0.016355,0.240480,0.264649
0.014922,0.239519,0.264445
0.014643,0.239558,0.267016
0.013544,0.240643,0.265855
0.012676,0.239182,0.266313
0.011424,0.240964,0.266771
0.010193,0.239920,0.264962
0.010159,0.239502,0.266725
0.008337,0.239779,0.266708
0.007851,0.241306,0.269410
0.007000,0.242753,0.268127
0.005258,0.242177,0.267631
0.003608,0.242441,0.268611
0.001516,0.242785,0.268225
0.002344,0.245369,0.271388
0.001497,0.244469,0.270645
0.001415,0.245385,0.269876
0.000268,0.244152,0.268797
-0.003721,0.245200,0.270547
-0.004087,0.243960,0.268892
-0.004629,0.244692,0.269539
-0.006322,0.245662,0.269834
-0.007088,0.244825,0.268900
-0.006082,0.242237,0.267953
-0.008163,0.241389,0.269822
-0.008958,0.240852,0.267239
-0.009427,0.242235,0.267985
-0.010683,0.240855,0.265521
-0.013422,0.239738,0.266625
-0.012636,0.239128,0.263230
-0.013161,0.239324,0.266688
-0.014653,0.238047,0.264594
-0.015675,0.239077,0.263483
-0.018144,0.236844,0.261661
-0.018310,0.236382,0.262514
-0.018752,0.235730,0.261174
-0.022331,0.235222,0.262053
-0.019751,0.235951,0.261009
-0.021601,0.233921,0.262515
-0.024224,0.234156,0.261880
-0.023726,0.234334,0.261067
-0.025384,0.232945,0.260619
-0.025110,0.233584,0.261277
-0.027975,0.231679,0.260843
-0.028679,0.233327,0.259675
-0.028785,0.231507,0.261335
-0.030630,0.232440,0.259715
-0.031738,0.230907,0.259585
-0.032996,0.232894,0.259983
-0.033054,0.231104,0.260250
-0.034048,0.231370,0.260855
-0.036841,0.230522,0.257816
-0.036887,0.231555,0.258693
-0.036571,0.229564,0.260273
-0.037740,0.230754,0.257473
-0.039452,0.230137,0.257916
-0.039767,0.230100,0.258485
-0.041405,0.232211,0.258739
-0.041654,0.234397,0.260480
-0.041494,0.231536,0.258465
-0.044630,0.231085,0.259656
-0.045058,0.231120,0.260588
-0.046893,0.231889,0.260180
-0.045875,0.230393,0.258511
-0.048162,0.232270,0.259619
-0.049868,0.230695,0.258127
-0.049471,0.233830,0.259060
-0.052087,0.233460,0.259924
-0.052350,0.231849,0.259983
-0.053617,0.231892,0.260887
-0.054448,0.229775,0.258373
-0.055102,0.233095,0.260381
-0.056220,0.234478,0.259469
-0.056949,0.233554,0.258891
-0.058389,0.235284,0.261628
-0.059999,0.231187,0.260506
-0.060358,0.233088,0.261527
-0.061794,0.232701,0.260128
-0.061704,0.233142,0.260669
-0.063620,0.233548,0.260431
-0.064808,0.235023,0.261884
-0.065934,0.236205,0.261666
-0.067641,0.236225,0.261973
-0.068612,0.238376,0.262954
-0.068132,0.236347,0.260712
-0.067990,0.236647,0.262534
-0.072483,0.237132,0.262904
-0.070093,0.237157,0.264568
-0.072632,0.237396,0.262660
-0.072497,0.238147,0.266000
-0.075014,0.237329,0.264098
-0.076274,0.237409,0.265932
-0.077614,0.238482,0.263958
-0.078024,0.239352,0.267462
-0.079410,0.239657,0.264236
-0.080238,0.239577,0.267947
-0.080575,0.240077,0.266297
-0.079056,0.242122,0.267330
-0.083473,0.243961,0.267212
-0.083775,0.242272,0.269174
-0.084780,0.242537,0.268242
-0.085689,0.242668,0.267743
-0.086994,0.242481,0.269318
-0.088116,0.244809,0.267018
-0.088508,0.243078,0.268210
-0.090933,0.243256,0.266603
-0.092792,0.243585,0.271212
-0.092756,0.244159,0.269878
-0.093987,0.246094,0.270089
-0.094389,0.242913,0.268248
-0.095738,0.242812,0.269810
-0.095476,0.245199,0.269169
-0.096691,0.244670,0.269945
-0.100152,0.246237,0.269269
-0.099169,0.246605,0.269330
-0.099054,0.245958,0.272213
-0.100395,0.244808,0.271545
-0.101655,0.245833,0.270579
-0.102259,0.246504,0.269990
-0.102729,0.245245,0.273051
-0.105093,0.249156,0.273837
-0.106676,0.248459,0.273382
-0.106825,0.244523,0.270133
-0.109316,0.242297,0.268469
-0.110036,0.241478,0.266674
-0.111425,0.238391,0.264963
-0.111288,0.234392,0.261611
-0.112173,0.233404,0.259961
-0.113509,0.230575,0.257875
-0.113985,0.228166,0.255501
-0.114797,0.225704,0.252755
-0.116706,0.224677,0.251163
-0.117232,0.220762,0.249708
-0.118818,0.218412,0.248819
-0.118314,0.215400,0.245039
-0.119465,0.215757,0.242492
-0.122656,0.211063,0.242831
-0.123061,0.208670,0.239251
-0.122006,0.204588,0.237105
-0.125421,0.205127,0.235363
-0.126985,0.200378,0.234038
-0.129918,0.200338,0.231351
-0.126952,0.198213,0.227207
-0.129022,0.193849,0.225029
-0.128751,0.190857,0.224270
-0.130500,0.189234,0.221204
-0.132591,0.187166,0.219840
-0.132951,0.184109,0.217024
-0.135208,0.183183,0.213495
-0.135270,0.177208,0.212793
-0.138055,0.175476,0.211299
-0.141312,0.173524,0.205455
-0.139400,0.169928,0.206536
-0.141610,0.167790,0.203116
-0.142228,0.164729,0.199871
-0.141896,0.163787,0.197923
-0.144439,0.160429,0.196590
-0.142604,0.159417,0.195366
-0.147143,0.154668,0.191474
-0.148249,0.152385,0.189907
0.158351,0.168410,0.205439
0.157736,0.169356,0.206221
0.155913,0.171639,0.205976
0.155296,0.169894,0.207997
0.155136,0.169437,0.208194
0.152154,0.170272,0.208051
0.151854,0.171170,0.208420
0.151065,0.172002,0.208999
0.147301,0.171089,0.207791
0.146184,0.172533,0.209867
0.145685,0.172476,0.209985
0.146251,0.174012,0.209326
0.145025,0.175852,0.210071
0.143722,0.175395,0.214340
0.142069,0.176178,0.212978
0.142329,0.176528,0.212010
0.141441,0.176544,0.212139
0.138446,0.176695,0.212136
0.138051,0.176999,0.213346
0.135923,0.177453,0.212460
0.135837,0.177536,0.216762
0.133906,0.176822,0.215203
0.132773,0.180884,0.215176
0.131843,0.180399,0.215127
0.131942,0.180115,0.215701
0.130956,0.180716,0.216046
0.130541,0.181712,0.218165
0.127295,0.182498,0.217821
0.127588,0.183518,0.219095
0.125126,0.182206,0.218224
0.123225,0.183957,0.219045
0.123593,0.183069,0.219405
0.121715,0.185796,0.219187
0.119598,0.187041,0.220864
0.119512,0.185985,0.221029
0.120139,0.186291,0.220112
0.119335,0.186072,0.220183
0.117102,0.186891,0.220589
0.115564,0.185507,0.220993
0.115974,0.188673,0.223056
0.113617,0.187609,0.221820
0.112346,0.187358,0.223903
0.110765,0.188779,0.222750
0.108909,0.190755,0.222562
0.107352,0.189427,0.225837
0.106516,0.190005,0.225124
0.106206,0.191853,0.224736
0.106857,0.192177,0.225945
0.104331,0.192096,0.227252
0.103463,0.193075,0.227468
0.101464,0.194333,0.224976
0.100584,0.193719,0.229191
0.100075,0.195010,0.230677
0.098948,0.197061,0.230423
0.098195,0.199907,0.231663
0.096758,0.199742,0.232517
0.092584,0.201519,0.234770
0.094491,0.203668,0.236422
0.090520,0.210194,0.241679
0.089180,0.218377,0.248946
0.090361,0.217497,0.249615
0.087030,0.217055,0.250362
0.085676,0.217255,0.248150
0.086057,0.218808,0.250338
0.082607,0.217682,0.249660
0.083646,0.219412,0.250036
0.081569,0.217444,0.249789
0.081998,0.220457,0.251702
0.081688,0.219433,0.252458
0.078913,0.221514,0.251793
0.078108,0.220817,0.252226
0.078770,0.220932,0.251560
0.075819,0.221626,0.252959
0.075604,0.221881,0.253089
0.074298,0.221692,0.252465
0.072611,0.222363,0.251258
0.071908,0.222361,0.250124
0.071681,0.223619,0.251109
0.069819,0.223948,0.254540
0.068539,0.223693,0.252202
0.070001,0.222076,0.253688
0.067304,0.223541,0.254588
0.065955,0.223580,0.255693
0.064246,0.226249,0.254745
0.063458,0.224758,0.254465
0.062684,0.223724,0.254809
0.059709,0.226144,0.255022
0.060376,0.225062,0.258019
0.058417,0.228379,0.256525
0.057325,0.224546,0.258868
0.057199,0.226946,0.254736
0.055731,0.225471,0.257318
0.057032,0.227380,0.254813
0.053490,0.227044,0.256145
0.050912,0.228849,0.257937
0.051770,0.227245,0.257054
0.051124,0.229294,0.256948
0.049331,0.228460,0.257547
0.049879,0.229206,0.258476
0.047592,0.227399,0.259527
0.045630,0.230058,0.260125
0.046364,0.230092,0.257765
0.045737,0.230309,0.260596
0.044045,0.228467,0.260150
0.044257,0.232792,0.259397
0.042139,0.231328,0.261680
0.041718,0.232375,0.260300
0.037564,0.233741,0.259877
0.039363,0.233226,0.260432
0.038662,0.233656,0.261652
0.037554,0.231701,0.262839
0.035884,0.234262,0.261565
0.034134,0.234312,0.263425
0.030491,0.233942,0.262393
0.029571,0.234780,0.262479
0.031154,0.234320,0.261961
0.030299,0.235084,0.263074
0.028682,0.235720,0.262333
0.026811,0.235691,0.263423
0.025390,0.235708,0.262942
0.025395,0.235873,0.263940
0.023712,0.237302,0.263396
0.022603,0.235406,0.263599
0.023495,0.235737,0.265579
0.021998,0.238055,0.266778
0.021930,0.236844,0.262895
0.020479,0.237101,0.265164
0.018235,0.237696,0.263637
0.017613,0.238366,0.267056
0.016904,0.238602,0.267813
0.016003,0.237777,0.267172
0.015670,0.239223,0.268108
0.014623,0.239253,0.268186
0.012381,0.240889,0.268122
0.010873,0.240589,0.268808
0.011648,0.240438,0.269707
0.010312,0.239203,0.269245
0.006680,0.240417,0.267110
0.008406,0.241479,0.271396
0.006067,0.242889,0.270328
0.004852,0.241897,0.268266
0.005104,0.243856,0.270146
0.002804,0.245375,0.269866
0.002415,0.241898,0.270866
-0.000343,0.244202,0.270496
0.000056,0.243302,0.270321
-0.000399,0.242767,0.269837
-0.002405,0.244612,0.271557
-0.002830,0.244619,0.271196
-0.004658,0.245538,0.272139
-0.003984,0.246056,0.270401
-0.006643,0.244407,0.270809
-0.008150,0.244145,0.272318
-0.009420,0.243426,0.268887
-0.009306,0.239996,0.269239
-0.008538,0.240326,0.270043
-0.010498,0.237644,0.267714
-0.011773,0.240409,0.267695
-0.013045,0.238297,0.266908
-0.015161,0.238211,0.264652
-0.012953,0.237989,0.265597
-0.016017,0.235842,0.264136
-0.016751,0.235325,0.264842
-0.015112,0.235170,0.264937
-0.019946,0.236442,0.263733
-0.020664,0.236076,0.264048
-0.022077,0.236005,0.263785
-0.024305,0.234506,0.261440
-0.021784,0.234294,0.261369
-0.024451,0.232361,0.261300
-0.023652,0.233821,0.260924
-0.025313,0.231965,0.260781
-0.026988,0.233502,0.261481
-0.028835,0.232239,0.262936
-0.027811,0.233429,0.260519
-0.030601,0.232131,0.260701
-0.031915,0.231632,0.259313
-0.033019,0.232884,0.259844
-0.032926,0.231539,0.260390
-0.034219,0.229937,0.261775
-0.033700,0.229638,0.258130
-0.036270,0.232401,0.259949
-0.038299,0.231180,0.260233
-0.038220,0.230487,0.258168
-0.040477,0.231105,0.260563
-0.039276,0.230528,0.258411
-0.042066,0.230232,0.257337
-0.041781,0.230221,0.257910
-0.043357,0.232205,0.260500
-0.043206,0.231345,0.258601
-0.044646,0.229239,0.258851
-0.045906,0.230509,0.258769
-0.046391,0.229460,0.259066
-0.047405,0.231442,0.259662
-0.049319,0.230151,0.259039
-0.050175,0.229773,0.259740
-0.051314,0.230729,0.259875
-0.053100,0.230505,0.259004
-0.053220,0.230870,0.261392
-0.053284,0.231420,0.259677
-0.052807,0.230855,0.259840
-0.056336,0.232599,0.260642
-0.056495,0.232456,0.262123
-0.058219,0.232068,0.262046
-0.059009,0.230031,0.260898
-0.060403,0.231466,0.261078
-0.060700,0.232980,0.260114
-0.061782,0.232281,0.260060
-0.062551,0.233517,0.262373
-0.065069,0.234761,0.261468
-0.067055,0.233622,0.263138
-0.067288,0.234071,0.264031
-0.065759,0.235281,0.264887
-0.067969,0.236112,0.264121
-0.070103,0.236754,0.264687
-0.069721,0.236238,0.265082
-0.072009,0.236171,0.265965
-0.073642,0.236061,0.264289
-0.072550,0.237837,0.263554
-0.076122,0.238800,0.265089
-0.074620,0.238118,0.265102
-0.075037,0.238667,0.266679
-0.077923,0.237815,0.265914
-0.078687,0.240233,0.266017
-0.079659,0.240174,0.267960
-0.080118,0.238612,0.266356
-0.082401,0.239180,0.265922
-0.082820,0.239984,0.267275
-0.083208,0.240501,0.269147
-0.082670,0.241274,0.268184
-0.085187,0.242302,0.268836
-0.089230,0.241563,0.270374
-0.089235,0.242067,0.269091
-0.089009,0.242474,0.270410
-0.090349,0.241692,0.270873
-0.091090,0.242682,0.269857
-0.090857,0.244349,0.271292
-0.093747,0.243472,0.268356
-0.094297,0.243473,0.270041
-0.094633,0.243173,0.271267
-0.093753,0.243263,0.270703
-0.097518,0.245005,0.270134
-0.097012,0.244130,0.271823
-0.099761,0.246425,0.270837
-0.099972,0.247167,0.270392
-0.101017,0.244894,0.272063
-0.100546,0.245733,0.272911
-0.102725,0.245260,0.272912
-0.105686,0.245422,0.272728
-0.102924,0.245472,0.275062
-0.105456,0.246455,0.273746
-0.106733,0.244425,0.271328
-0.109231,0.241253,0.268228
-0.109836,0.240516,0.267995
-0.108290,0.237445,0.266165
-0.111253,0.234919,0.263503
-0.111322,0.233098,0.262671
-0.114356,0.230510,0.259485
-0.111775,0.228038,0.257626
-0.116476,0.226086,0.254702
-0.117219,0.223133,0.252980
-0.116952,0.220529,0.251459
-0.119312,0.218220,0.246985
-0.120611,0.216541,0.245523
-0.119506,0.213412,0.245112
-0.122024,0.209837,0.240295
-0.120704,0.208315,0.239382
-0.123142,0.206426,0.237204
-0.124807,0.204523,0.236657
-0.127821,0.201386,0.232715
-0.126816,0.197009,0.230160
-0.129341,0.195620,0.228862
-0.129303,0.194812,0.227714
-0.130464,0.190099,0.226201
-0.131054,0.188256,0.223347
-0.132963,0.186772,0.219585
-0.132456,0.184082,0.217690
-0.136739,0.180972,0.214825
-0.134850,0.179026,0.212567
-0.136335,0.176553,0.210653
-0.138574,0.172745,0.209335
-0.138956,0.169654,0.206460
-0.141125,0.167620,0.204428
-0.142063,0.165872,0.202303
-0.142559,0.161552,0.199154
-0.145552,0.158963,0.197797
-0.144581,0.157097,0.196677
-0.144806,0.154970,0.192998
-0.148010,0.152113,0.191578
0.158959,0.169688,0.210047
0.156769,0.168837,0.207738
0.153720,0.170662,0.211026
0.153061,0.170730,0.208532
0.152697,0.168947,0.209428
0.152890,0.171220,0.209339
0.150981,0.172444,0.209870
0.149626,0.173242,0.209618
0.150829,0.171513,0.211411
0.149878,0.173109,0.211453
0.145742,0.174270,0.212611
0.145624,0.174790,0.211410
0.145246,0.174967,0.213127
0.143262,0.175010,0.211942
0.142738,0.175245,0.211634
0.141533,0.176479,0.214612
0.139554,0.177419,0.214891
0.138034,0.176592,0.214311
0.138629,0.176848,0.215540
0.136363,0.177029,0.215654
0.135253,0.178686,0.215997
0.132958,0.179759,0.216633
0.132006,0.178812,0.218011
0.131217,0.180081,0.217212
0.130016,0.179720,0.217714
0.128880,0.181912,0.218039
0.128451,0.181398,0.219593
0.126348,0.183843,0.218744
0.125612,0.183337,0.221320
0.124974,0.182474,0.219642
0.125383,0.183076,0.220568
0.123980,0.182307,0.220137
0.122092,0.184636,0.221409
0.120232,0.185013,0.221324
0.119371,0.185894,0.220053
0.118543,0.186400,0.222307
0.117174,0.186182,0.221360
0.115395,0.186091,0.222097
0.116045,0.185017,0.220444
0.112876,0.185611,0.223402
0.112803,0.186615,0.223003
0.110982,0.188270,0.224542
0.111894,0.187759,0.223525
0.108536,0.190085,0.225918
0.108881,0.189093,0.224048
0.108626,0.188994,0.225195
0.107230,0.192658,0.228724
0.105646,0.190690,0.227297
0.103991,0.191949,0.229168
0.102691,0.191884,0.228895
0.100893,0.193552,0.225727
0.100056,0.192450,0.228228
0.098815,0.196983,0.229608
0.100374,0.199267,0.231405
0.097745,0.199272,0.233242
0.097031,0.200905,0.234498
0.095392,0.202477,0.238020
0.093531,0.204836,0.241187
0.092249,0.210238,0.242098
0.088768,0.218201,0.250531
0.088805,0.218610,0.249285
0.087848,0.217477,0.250804
0.085013,0.217738,0.252297
0.086031,0.218724,0.251506
0.084276,0.218903,0.250476
0.082247,0.219888,0.251282
0.083308,0.218596,0.251231
0.081850,0.221605,0.250501
0.078137,0.218272,0.252226
0.079338,0.220375,0.252996
0.076485,0.220837,0.252909
0.077272,0.220748,0.251351
0.075264,0.220919,0.253835
0.073967,0.222075,0.251980
0.072749,0.222055,0.252420
0.072950,0.223847,0.252841
0.073288,0.223194,0.253985
0.071149,0.221354,0.255079
0.070139,0.223300,0.254312
0.070609,0.221910,0.255368
0.067948,0.223267,0.253115
0.066458,0.225642,0.255135
0.065887,0.224563,0.255531
0.063970,0.224274,0.255591
0.066642,0.224307,0.256014
0.062390,0.225375,0.256840
0.061215,0.225520,0.255440
0.061181,0.224899,0.257119
0.059438,0.224990,0.257054
0.056933,0.224695,0.256944
0.055129,0.225941,0.257125
0.056148,0.225362,0.259374
0.055093,0.226210,0.256664
0.054090,0.226109,0.257975
0.054376,0.228213,0.258054
0.052201,0.228791,0.257544
0.051167,0.228327,0.258470
0.050938,0.228516,0.258923
0.048101,0.230022,0.260314
0.047790,0.229861,0.259522
0.045385,0.230042,0.257585
0.046703,0.230452,0.260064
0.043935,0.230567,0.260319
0.043848,0.230425,0.260647
0.043328,0.229474,0.260484
0.040775,0.229429,0.261268
0.039702,0.231389,0.262031
0.039206,0.233247,0.263718
0.039073,0.231227,0.260841
0.037617,0.233391,0.263180
0.036148,0.232474,0.264632
0.034332,0.231721,0.263586
0.034123,0.233607,0.264208
0.032641,0.232472,0.263488
0.032624,0.233804,0.263437
0.032450,0.233354,0.263489
0.029705,0.233025,0.265055
0.029740,0.234230,0.265457
0.028638,0.233665,0.265163
0.025964,0.235044,0.265526
0.026847,0.236868,0.265890
0.025459,0.234812,0.264002
0.024881,0.235166,0.265388
0.022464,0.236289,0.266206
0.022497,0.235775,0.266315
0.020617,0.236903,0.266758
0.017709,0.236316,0.267735
0.018731,0.238658,0.266144
0.017475,0.237943,0.267020
0.016810,0.238726,0.268507
0.016960,0.238087,0.267532
0.013850,0.238134,0.268137
0.012656,0.238483,0.269582
0.012169,0.239265,0.267957
0.012053,0.239816,0.269790
0.011126,0.240502,0.270553
0.007858,0.240195,0.269490
0.008730,0.242188,0.269734
0.005403,0.239434,0.269648
0.006373,0.243315,0.271558
0.003758,0.241267,0.270778
0.003894,0.241092,0.270003
0.005074,0.242821,0.270414
0.002798,0.240874,0.271252
0.003351,0.241397,0.270936
-0.000301,0.243210,0.273052
-0.001616,0.244137,0.272214
-0.001545,0.241119,0.270674
-0.004270,0.244149,0.271420
-0.004402,0.244785,0.272870
-0.003394,0.245129,0.274461
-0.006630,0.242327,0.274050
-0.007359,0.243377,0.272298
-0.007703,0.242786,0.269791
-0.008383,0.239627,0.270914
-0.009560,0.241873,0.268953
-0.011510,0.238720,0.269021
-0.012167,0.237951,0.268631
-0.013119,0.238623,0.268061
-0.014028,0.236971,0.266072
-0.015695,0.234826,0.266999
-0.017028,0.237339,0.265517
-0.016237,0.236202,0.265349
-0.017682,0.234153,0.266720
-0.019738,0.235873,0.264569
-0.020973,0.234611,0.264135
-0.020112,0.235662,0.265148
-0.021638,0.233404,0.261691
-0.021993,0.235946,0.264375
-0.023645,0.233432,0.263731
-0.023020,0.233804,0.262892
-0.026732,0.232502,0.262908
-0.027382,0.231717,0.264926
-0.029159,0.230801,0.262518
-0.027375,0.231702,0.261220
-0.031292,0.232124,0.261978
-0.030439,0.230933,0.261203
-0.031795,0.230235,0.260928
-0.033690,0.230225,0.261279
-0.033392,0.231639,0.261436
-0.034493,0.230654,0.259586
-0.036572,0.230406,0.262158
-0.036793,0.230317,0.258490
-0.037949,0.229645,0.260908
-0.037230,0.229850,0.260650
-0.041093,0.230709,0.260628
-0.040773,0.229850,0.259665
-0.042678,0.231298,0.259835
-0.040706,0.230348,0.260728
-0.043073,0.228274,0.261563
-0.045497,0.230165,0.260079
-0.045685,0.229147,0.258282
-0.047098,0.230794,0.260078
-0.047389,0.229368,0.261438
-0.048102,0.230543,0.260401
-0.049185,0.230657,0.260963
-0.052525,0.229639,0.260816
-0.051843,0.230963,0.260640
-0.053614,0.231262,0.259481
-0.055052,0.230935,0.260322
-0.055038,0.229706,0.261417
-0.057042,0.229911,0.262610
-0.056368,0.231089,0.261257
-0.058074,0.232628,0.262752
-0.060307,0.231596,0.260411
-0.060785,0.232714,0.260305
-0.060512,0.232045,0.262795
-0.062821,0.232085,0.262032
-0.063824,0.231847,0.262068
-0.064308,0.232424,0.263119
-0.065433,0.233058,0.264158
-0.065426,0.234003,0.264008
-0.067767,0.233608,0.263747
-0.068467,0.235152,0.266130
-0.067380,0.236394,0.264579
-0.068934,0.234683,0.263482
-0.070683,0.238094,0.265874
-0.073095,0.235695,0.268318
-0.073728,0.238333,0.265484
-0.074174,0.237583,0.268249
-0.075815,0.238117,0.266997
-0.076703,0.236152,0.266833
-0.077035,0.236907,0.267431
-0.078292,0.240827,0.266781
-0.081432,0.237579,0.267633
-0.081589,0.240036,0.268853
-0.081207,0.239331,0.268080
-0.082541,0.238139,0.268144
-0.082040,0.240480,0.268882
-0.085037,0.239534,0.269888
-0.084934,0.240691,0.269097
-0.088258,0.241726,0.273237
-0.088156,0.239764,0.272261
-0.088472,0.243230,0.272327
-0.090081,0.241094,0.271037
-0.091606,0.242530,0.270700
-0.091300,0.243834,0.272954
-0.091448,0.241510,0.270005
-0.094224,0.242593,0.272529
-0.094813,0.243887,0.270473
-0.095744,0.242283,0.270437
-0.098291,0.242687,0.272340
-0.097871,0.244527,0.271058
-0.097370,0.245513,0.273827
-0.101851,0.242614,0.271953
-0.101447,0.243697,0.272974
-0.101320,0.244044,0.272987
-0.102161,0.243555,0.272387
-0.104564,0.245515,0.273731
-0.103731,0.246090,0.273413
-0.107745,0.245526,0.274182
-0.107855,0.244183,0.272803
-0.108804,0.244247,0.270233
-0.109791,0.240399,0.269921
-0.109643,0.236361,0.265434
-0.113344,0.235344,0.264541
-0.110952,0.233301,0.262583
-0.113419,0.231750,0.258934
-0.112616,0.227801,0.259598
-0.114705,0.226464,0.256186
-0.117193,0.223027,0.254957
-0.116038,0.220488,0.253254
-0.119381,0.216423,0.251043
-0.119418,0.217551,0.246626
-0.121105,0.212336,0.245824
-0.121984,0.209986,0.243190
-0.121626,0.207851,0.242339
-0.124251,0.205752,0.239430
-0.123908,0.200990,0.237635
-0.125406,0.201753,0.234219
-0.125174,0.199625,0.232199
-0.127901,0.195950,0.230429
-0.128578,0.192183,0.226318
-0.129652,0.190669,0.226960
-0.131528,0.187508,0.223234
-0.132509,0.184967,0.221364
-0.134345,0.180833,0.218535
-0.134643,0.180639,0.216785
-0.135957,0.177883,0.215037
-0.137873,0.175737,0.211458
-0.136989,0.173279,0.212114
-0.137437,0.171422,0.209316
-0.140075,0.164578,0.207964
-0.141336,0.163838,0.204576
-0.143512,0.163500,0.203258
-0.143288,0.158914,0.198857
-0.145540,0.155203,0.197091
-0.146298,0.153203,0.194826
-0.146059,0.151584,0.192371
0.158710,0.170058,0.209577
0.158254,0.171695,0.210359
0.155674,0.171052,0.209184
0.155643,0.169409,0.210607
0.154164,0.172259,0.210717
0.153766,0.171503,0.211859
0.152040,0.170305,0.211668
0.152107,0.171992,0.211458
0.150412,0.173033,0.213577
0.148145,0.173216,0.213345
0.146441,0.171340,0.211761
0.145336,0.173107,0.215151
0.145994,0.172887,0.215469
0.145201,0.174958,0.215477
0.143768,0.175006,0.214211
0.142216,0.177904,0.215031
0.141350,0.175855,0.215427
0.139002,0.176558,0.216643
0.140152,0.178409,0.218901
0.138363,0.177705,0.216897
0.135755,0.177224,0.218288
0.135863,0.178296,0.216683
0.134283,0.178991,0.220190
0.133732,0.179962,0.218624
0.133394,0.182188,0.219442
0.131157,0.181273,0.219518
0.129685,0.184705,0.220005
0.127464,0.183290,0.221145
0.127512,0.183600,0.221387
0.124841,0.182502,0.221009
0.125845,0.183024,0.221366
0.123049,0.184371,0.222413
0.124540,0.184837,0.222055
0.121784,0.183440,0.223023
0.119824,0.183647,0.224227
0.118127,0.184326,0.222392
0.117770,0.185135,0.224838
0.116724,0.184206,0.223085
0.115827,0.184981,0.222029
0.115881,0.185568,0.224701
0.114466,0.186706,0.225870
0.114596,0.187360,0.225761
0.113084,0.187640,0.225355
0.111572,0.188542,0.226188
0.109864,0.189367,0.228063
0.108545,0.188514,0.226053
0.107774,0.190289,0.226122
0.106298,0.190638,0.228089
0.106540,0.189046,0.228477
0.104843,0.190144,0.228657
0.103799,0.193473,0.230071
0.101896,0.192289,0.229440
0.100336,0.192802,0.232236
0.098751,0.195265,0.232118
0.098577,0.196035,0.233236
0.097067,0.197855,0.233988
0.096290,0.202185,0.236479
0.094891,0.203262,0.237927
0.093271,0.205359,0.241950
0.089668,0.217013,0.251944
0.088879,0.216452,0.249175
0.088736,0.215428,0.252400
0.088260,0.217933,0.251711
0.086109,0.216588,0.251820
0.086079,0.218177,0.250170
0.085417,0.219111,0.251306
0.083934,0.217876,0.252972
0.084414,0.218561,0.252845
0.081230,0.220200,0.253144
0.080671,0.219395,0.251204
0.079140,0.220284,0.252083
0.079409,0.219601,0.253902
0.077513,0.219898,0.253735
0.075904,0.220467,0.253935
0.076271,0.220422,0.257043
0.074163,0.220049,0.254981
0.073112,0.221659,0.253655
0.072188,0.223645,0.255856
0.070293,0.221896,0.254435
0.068569,0.222405,0.253982
0.069080,0.225114,0.256155
0.067535,0.223035,0.256268
0.066558,0.222343,0.256570
0.064269,0.225451,0.256430
0.061968,0.225138,0.256315
0.064315,0.224465,0.258536
0.061497,0.224435,0.256582
0.060530,0.225665,0.257434
0.059455,0.225051,0.258837
0.059891,0.225188,0.258814
0.058444,0.223408,0.258880
0.056520,0.227729,0.257622
0.055753,0.227868,0.260539
0.056200,0.226938,0.260528
0.053012,0.227975,0.261136
0.053617,0.228514,0.260877
0.050056,0.228636,0.260219
0.050834,0.229071,0.259223
0.051026,0.230082,0.259870
0.047859,0.227920,0.260171
0.049089,0.229971,0.262069
0.047289,0.230256,0.261543
0.046057,0.229895,0.262880
0.042365,0.230083,0.262501
0.043508,0.230717,0.260671
0.041961,0.229952,0.262142
0.043047,0.230847,0.261598
0.040239,0.230597,0.263648
0.041133,0.231048,0.260949
0.038375,0.231777,0.262026
0.036294,0.232182,0.265003
0.035859,0.232670,0.264571
0.033588,0.231625,0.264266
0.033988,0.229386,0.264451
0.032371,0.233468,0.265328
0.031862,0.232443,0.265487
0.032893,0.233453,0.266869
0.031141,0.233450,0.265703
0.030013,0.231804,0.265850
0.028046,0.236023,0.267360
0.025694,0.234432,0.265140
0.026155,0.234722,0.267223
0.025144,0.235725,0.266786
0.023870,0.235526,0.267457
0.022962,0.236821,0.266563
0.021664,0.235450,0.268450
0.018503,0.238046,0.268832
0.019085,0.236380,0.266986
0.017743,0.236628,0.269010
0.018223,0.236772,0.267883
0.014658,0.236048,0.268689
0.016702,0.237448,0.270590
0.014291,0.237241,0.269817
0.013275,0.238780,0.269546
0.012571,0.238718,0.272130
0.011103,0.239473,0.270391
0.009764,0.239917,0.268366
0.009052,0.239340,0.272168
0.007771,0.239261,0.270996
0.008460,0.240308,0.271034
0.005518,0.242093,0.272143
0.004051,0.240884,0.270794
0.004420,0.241198,0.271782
0.000736,0.240215,0.272772
0.001512,0.240976,0.272612
0.001420,0.242644,0.272499
-0.000114,0.243294,0.273552
-0.001119,0.243091,0.271645
-0.004118,0.243795,0.275102
-0.004831,0.243353,0.273105
-0.004457,0.242888,0.272343
-0.006588,0.244532,0.273725
-0.004548,0.241220,0.276237
-0.005114,0.242389,0.271200
-0.008599,0.242735,0.271574
-0.010054,0.240191,0.270610
-0.010359,0.239953,0.269408
-0.011482,0.238473,0.269176
-0.014057,0.236622,0.268752
-0.013096,0.237453,0.268614
-0.014335,0.235798,0.267841
-0.014915,0.235562,0.268228
-0.016414,0.236789,0.267824
-0.017746,0.235708,0.266712
-0.017868,0.234685,0.266771
-0.019507,0.235171,0.265858
-0.020380,0.233592,0.264829
-0.021739,0.233505,0.265199
-0.022211,0.231511,0.264230
-0.022471,0.230734,0.264704
-0.023123,0.232244,0.264776
-0.022407,0.230907,0.263173
-0.026115,0.231042,0.264186
-0.028243,0.232188,0.262929
-0.027738,0.232304,0.263464
-0.028742,0.230394,0.264057
-0.030389,0.229290,0.263588
-0.030871,0.231880,0.261579
-0.031862,0.229538,0.261961
-0.031863,0.230408,0.261557
-0.034412,0.229978,0.261245
-0.035223,0.230147,0.262820
-0.035293,0.228975,0.261206
-0.036076,0.227985,0.260474
-0.039642,0.230238,0.260275
-0.038660,0.227793,0.262271
-0.039684,0.228374,0.263163
-0.041394,0.229664,0.261732
-0.042956,0.228003,0.263033
-0.044117,0.228722,0.260227
-0.043707,0.229092,0.261468
-0.044568,0.227980,0.261434
-0.044418,0.227096,0.259908
-0.046012,0.228384,0.261054
-0.049510,0.228696,0.260631
-0.047272,0.228574,0.261024
-0.051003,0.227513,0.261035
-0.051770,0.228742,0.259344
-0.052762,0.229383,0.260714
-0.056408,0.229607,0.261631
-0.053708,0.228823,0.262531
-0.057439,0.229894,0.261213
-0.055499,0.230098,0.265267
-0.058171,0.231110,0.263417
-0.058027,0.229828,0.262232
-0.059399,0.230313,0.262265
-0.060881,0.230685,0.262242
-0.060989,0.229645,0.263732
-0.062237,0.232665,0.263118
-0.064240,0.232515,0.261921
-0.065820,0.231573,0.264390
-0.067135,0.230349,0.263816
-0.067034,0.233610,0.263145
-0.068328,0.233189,0.265099
-0.068739,0.233654,0.267390
-0.070588,0.231871,0.266864
-0.070585,0.232560,0.267431
-0.071151,0.235385,0.267134
-0.069237,0.235922,0.267183
-0.071513,0.235254,0.267411
-0.073561,0.234391,0.267745
-0.075675,0.235027,0.267273
-0.076609,0.236466,0.265275
-0.077932,0.237285,0.267364
-0.079072,0.236419,0.268560
-0.079944,0.235596,0.270455
-0.080649,0.237581,0.268962
-0.082757,0.237112,0.268411
-0.082192,0.239922,0.269921
-0.085561,0.238999,0.270702
-0.085144,0.239320,0.269462
-0.084332,0.238568,0.270179
-0.085625,0.240498,0.268445
-0.089583,0.241251,0.270465
-0.089767,0.242034,0.271389
-0.090591,0.240539,0.272601
-0.090280,0.239829,0.273182
-0.091848,0.242513,0.271843
-0.093485,0.241610,0.273696
-0.094302,0.241047,0.271362
-0.095254,0.241023,0.272489
-0.096173,0.241905,0.271673
-0.096026,0.240569,0.273849
-0.098092,0.240495,0.270595
-0.100670,0.242370,0.272584
-0.098822,0.242323,0.273153
-0.102352,0.243044,0.272705
-0.103845,0.244418,0.272356
-0.103426,0.244216,0.272555
-0.102777,0.244795,0.273024
-0.105521,0.244669,0.274484
-0.106810,0.247099,0.275382
-0.106785,0.243080,0.274313
-0.107714,0.242714,0.272916
-0.109592,0.240167,0.269887
-0.109238,0.237400,0.269211
-0.111019,0.232903,0.266161
-0.111940,0.232246,0.263591
-0.114120,0.229513,0.261090
-0.113339,0.227023,0.259323
-0.115969,0.226280,0.258337
-0.116182,0.221316,0.253089
-0.117417,0.220603,0.253662
-0.119483,0.217218,0.250352
-0.119681,0.215654,0.250561
-0.122643,0.211545,0.247139
-0.121548,0.211433,0.243365
-0.123740,0.207029,0.243178
-0.124998,0.204421,0.240296
-0.125793,0.203359,0.237864
-0.126420,0.199408,0.235910
-0.127823,0.197306,0.234365
-0.126702,0.195411,0.230581
-0.128710,0.192731,0.229869
-0.131093,0.188003,0.226716
-0.129762,0.188493,0.226489
-0.133077,0.185832,0.225288
-0.133084,0.182191,0.219662
-0.134928,0.180969,0.219308
-0.135171,0.177464,0.217197
-0.136729,0.174027,0.214179
-0.139086,0.170352,0.213497
-0.137600,0.168499,0.209224
-0.141351,0.165791,0.208880
-0.140782,0.165021,0.203248
-0.141790,0.162524,0.205363
-0.144694,0.159377,0.201065
-0.144053,0.157946,0.199254
-0.147217,0.155091,0.195845
-0.147801,0.152287,0.194652
0.157702,0.171889,0.212341
0.156630,0.170480,0.211387
0.156182,0.169200,0.211988
0.154355,0.171513,0.214243
0.152976,0.172736,0.212517
0.152503,0.170010,0.213771
0.152459,0.173844,0.213428
0.152172,0.172780,0.215239
0.149043,0.171764,0.213963
0.149337,0.173369,0.215383
0.148530,0.175225,0.215896
0.147176,0.175368,0.215711
0.145899,0.174088,0.217001
0.144101,0.174535,0.215583
0.142906,0.176649,0.217674
0.142610,0.177782,0.219764
0.140696,0.178159,0.218158
0.140398,0.178846,0.216670
0.138552,0.177786,0.217315
0.138578,0.178791,0.218322
0.136674,0.179980,0.219515
0.135345,0.178514,0.219250
0.135243,0.179236,0.220569
0.132872,0.178902,0.221967
0.132386,0.179625,0.220264
0.130170,0.180519,0.220852
0.130519,0.181086,0.222609
0.129315,0.181720,0.221293
0.129130,0.181509,0.222410
0.127590,0.183642,0.223466
0.124816,0.181559,0.221680
0.123594,0.180613,0.223258
0.122722,0.182900,0.222332
0.122553,0.183138,0.225378
0.119140,0.184272,0.223906
0.120538,0.183926,0.225384
0.118292,0.184298,0.224322
0.116285,0.184563,0.222339
0.117534,0.184413,0.223485
0.116027,0.185263,0.224362
0.112568,0.186883,0.225438
0.112252,0.186477,0.226721
0.110201,0.188932,0.226309
0.111263,0.188138,0.227053
0.109791,0.190251,0.228764
0.108669,0.188329,0.228493
0.107658,0.188750,0.229645
0.106772,0.189243,0.227790
0.105902,0.190806,0.227978
0.105370,0.191288,0.229277
0.100842,0.192158,0.228912
0.101223,0.193839,0.231071
0.103625,0.196565,0.233838
0.099402,0.197516,0.234210
0.098358,0.199430,0.234569
0.097173,0.201990,0.236683
0.095063,0.200469,0.240108
0.095030,0.201355,0.240068
0.093653,0.205133,0.242964
0.090611,0.217564,0.251966
0.088356,0.215105,0.250587
0.088961,0.216136,0.253251
0.087341,0.217704,0.252155
0.086513,0.216852,0.253260
0.085291,0.217182,0.252044
0.084273,0.218401,0.253236
0.083155,0.218424,0.253779
0.082094,0.219298,0.253414
0.080474,0.219758,0.253045
0.079067,0.221056,0.255633
0.078032,0.218662,0.254655
0.076900,0.219284,0.255812
0.075894,0.220526,0.254656
0.076493,0.220156,0.256237
0.074664,0.220464,0.255775
0.074189,0.221400,0.256805
0.071238,0.220111,0.254956
0.071216,0.222156,0.257382
0.071730,0.221418,0.256241
0.070249,0.222665,0.256871
0.068079,0.222172,0.255198
0.067841,0.221720,0.255758
0.066929,0.221147,0.256949
0.065298,0.223099,0.256474
0.065045,0.225626,0.257748
0.063017,0.222847,0.257428
0.061426,0.224495,0.258577
0.061298,0.224349,0.259415
0.061440,0.224648,0.258578
0.059241,0.226030,0.257995
0.059513,0.225946,0.259326
0.056490,0.225855,0.260368
0.055318,0.225671,0.260056
0.053811,0.226123,0.259208
0.054258,0.227580,0.261403
0.051357,0.227740,0.261213
0.053800,0.227290,0.261584
0.051051,0.227170,0.262258
0.050207,0.228906,0.261753
0.048280,0.228045,0.261458
0.047421,0.228134,0.263717
0.045705,0.227721,0.261735
0.047020,0.229507,0.261898
0.043340,0.229060,0.261654
0.042954,0.228783,0.263262
0.043239,0.231240,0.267013
0.042395,0.230503,0.262423
0.041035,0.230759,0.265752
0.041721,0.231831,0.264389
0.037847,0.231351,0.264396
0.036103,0.231033,0.263621
0.036820,0.230979,0.265743
0.033489,0.233620,0.265255
0.033686,0.231532,0.264371
0.033942,0.233897,0.264905
0.031333,0.232350,0.266798
0.030155,0.232509,0.268002
0.027864,0.232352,0.266011
0.027720,0.237442,0.268052
0.028845,0.234871,0.268984
0.027133,0.236501,0.267622
0.026108,0.233285,0.265269
0.024978,0.235489,0.267898
0.026693,0.235759,0.268008
0.023962,0.236378,0.267308
0.020634,0.235114,0.267219
0.021825,0.236784,0.268404
0.018698,0.235796,0.268573
0.017595,0.235680,0.270000
0.019161,0.237673,0.269780
0.016974,0.238825,0.271220
0.017203,0.237173,0.270176
0.015397,0.238862,0.270475
0.013849,0.239224,0.271040
0.012607,0.238321,0.271007
0.012471,0.238307,0.272915
0.008795,0.239965,0.272143
0.009734,0.239063,0.272797
0.008379,0.241428,0.272245
0.007663,0.240458,0.272607
0.005550,0.241014,0.272406
0.005010,0.240939,0.269296
0.004487,0.240214,0.272624
0.003626,0.240751,0.273714
0.003160,0.240108,0.272471
0.001999,0.241647,0.275912
0.001152,0.240781,0.274570
0.000591,0.243223,0.273389
-0.001423,0.243329,0.274320
-0.002680,0.241873,0.274116
-0.002775,0.241748,0.276871
-0.004882,0.244588,0.275599
-0.005329,0.242783,0.275181
-0.008190,0.241929,0.274236
-0.008632,0.241765,0.273715
-0.010144,0.240265,0.272885
-0.008079,0.238410,0.270118
-0.009575,0.238292,0.270428
-0.012315,0.238801,0.272180
-0.013447,0.238746,0.269396
-0.012037,0.236800,0.270102
-0.013882,0.236035,0.269228
-0.016396,0.233102,0.267074
-0.017242,0.235890,0.268294
-0.016528,0.235184,0.267535
-0.019821,0.234772,0.266180
-0.018959,0.233405,0.266790
-0.023119,0.234585,0.264654
-0.022546,0.233277,0.264993
-0.023809,0.231615,0.265554
-0.023175,0.234130,0.265711
-0.026063,0.230246,0.265664
-0.026073,0.230757,0.265121
-0.027733,0.230781,0.265029
-0.027577,0.230093,0.265012
-0.029704,0.230291,0.263577
-0.028548,0.229924,0.265110
-0.030821,0.228620,0.264822
-0.030634,0.231804,0.262743
-0.033402,0.231121,0.262161
-0.035262,0.229847,0.263543
-0.036210,0.229410,0.261700
-0.035563,0.228931,0.262379
-0.037057,0.228292,0.262473
-0.036382,0.226287,0.260233
-0.039130,0.229147,0.261902
-0.040898,0.226896,0.263698
-0.041575,0.228852,0.264220
-0.042607,0.230407,0.263619
-0.043647,0.229724,0.262297
-0.043686,0.228403,0.263645
-0.043486,0.228919,0.262166
-0.046836,0.228873,0.259475
-0.046508,0.226754,0.261114
-0.050448,0.227717,0.262011
-0.048472,0.229315,0.261873
-0.050753,0.228390,0.261494
-0.051511,0.229484,0.262467
-0.052508,0.227277,0.261602
-0.051830,0.229035,0.262995
-0.055470,0.230098,0.263973
-0.053334,0.229210,0.262944
-0.054088,0.230188,0.260978
-0.057033,0.228149,0.263310
-0.058586,0.230236,0.263778
-0.059219,0.229565,0.263652
-0.058207,0.228342,0.265291
-0.061446,0.229623,0.264902
-0.061321,0.230047,0.265411
-0.062985,0.229548,0.263062
-0.064216,0.232440,0.264112
-0.065164,0.232497,0.263436
-0.067103,0.229745,0.266524
-0.066410,0.231853,0.266855
-0.068615,0.231623,0.266797
-0.069289,0.230409,0.266708
-0.069939,0.235084,0.267314
-0.071725,0.234198,0.266932
-0.072304,0.235849,0.267091
-0.071169,0.237048,0.266920
-0.075254,0.236203,0.267292
-0.074846,0.236154,0.267955
-0.076455,0.235163,0.268639
-0.078472,0.237400,0.268598
-0.078647,0.237009,0.269761
-0.081044,0.236887,0.269244
-0.080675,0.237556,0.268979
-0.080821,0.239124,0.269321
-0.084783,0.238591,0.270465
-0.083165,0.237764,0.270158
-0.085434,0.238670,0.271424
-0.087295,0.239218,0.269903
-0.087410,0.238955,0.270934
-0.087146,0.240803,0.271528
-0.087029,0.240181,0.271701
-0.091024,0.239781,0.272077
-0.090683,0.239359,0.270912
-0.091185,0.238778,0.272030
-0.094388,0.239321,0.273834
-0.095335,0.240648,0.271545
-0.095461,0.241261,0.273128
-0.097556,0.240009,0.273303
-0.098319,0.241086,0.272760
-0.097071,0.241091,0.274398
-0.099042,0.242102,0.273940
-0.099792,0.242168,0.273612
-0.101960,0.243489,0.273722
-0.102294,0.241337,0.273920
-0.104595,0.241604,0.273706
-0.104529,0.243687,0.274722
-0.103104,0.244197,0.276123
-0.107744,0.243688,0.274814
-0.106257,0.242280,0.276234
-0.107666,0.240317,0.272086
-0.107992,0.239138,0.270060
-0.109654,0.235685,0.269590
-0.110796,0.234890,0.269356
-0.111911,0.231281,0.261896
-0.112692,0.228709,0.262350
-0.114213,0.227399,0.259843
-0.113749,0.223255,0.259106
-0.115208,0.222054,0.256502
-0.116596,0.219850,0.253492
-0.118256,0.217208,0.250644
-0.119469,0.214356,0.248749
-0.120231,0.213798,0.248200
-0.121418,0.210618,0.247215
-0.124757,0.206560,0.243314
-0.122764,0.204602,0.240589
-0.125485,0.203528,0.238761
-0.126780,0.200027,0.236822
-0.128316,0.197287,0.234561
-0.129638,0.194727,0.233727
-0.131328,0.192089,0.230204
-0.129853,0.189139,0.228731
-0.130296,0.187212,0.225355
-0.132146,0.184752,0.226185
-0.136128,0.180969,0.220965
-0.136524,0.178684,0.218964
-0.136064,0.176709,0.216887
-0.138114,0.174719,0.215435
-0.139203,0.169995,0.214248
-0.139872,0.165753,0.209425
-0.140435,0.167018,0.210060
-0.141654,0.161486,0.206635
-0.143093,0.161282,0.205737
-0.143771,0.158776,0.201906
-0.145502,0.155710,0.198757
-0.147527,0.153958,0.198075
-0.147926,0.150567,0.193924
-0.148508,0.148086,0.191172
0.158453,0.169400,0.212666
0.160087,0.170592,0.212104
0.156848,0.171872,0.214318
0.155617,0.170466,0.213178
0.156154,0.172673,0.214910
0.155129,0.171885,0.216896
0.152971,0.170943,0.217866
0.152538,0.171867,0.214564
0.150078,0.174323,0.215045
0.149515,0.172701,0.216126
0.148121,0.174010,0.217195
0.148057,0.176301,0.216594
0.145708,0.174203,0.217792
0.143602,0.175281,0.218679
0.143048,0.178205,0.218195
0.144469,0.175587,0.219283
0.141671,0.178085,0.220053
0.140351,0.176624,0.219583
0.140801,0.177536,0.220323
0.138610,0.178948,0.221299
0.137829,0.178906,0.222186
0.135965,0.179602,0.222312
0.133701,0.178589,0.220536
0.133163,0.181314,0.220541
0.130833,0.179295,0.221627
0.129910,0.180121,0.220503
0.130433,0.180033,0.223883
0.131106,0.178621,0.221531
0.126999,0.180770,0.222770
0.126816,0.182485,0.222646
0.125449,0.181996,0.225006
0.125872,0.180265,0.224278
0.124581,0.181746,0.225828
0.122252,0.182272,0.223223
0.121609,0.183200,0.226019
0.120370,0.182042,0.224842
0.117887,0.182652,0.226269
0.118525,0.181710,0.225157
0.118441,0.183407,0.226442
0.115837,0.183985,0.225889
0.114317,0.182654,0.224777
0.113171,0.184146,0.225338
0.112730,0.186012,0.227626
0.111483,0.184860,0.228184
0.110109,0.187734,0.226606
0.110365,0.188660,0.228759
0.109508,0.186689,0.227563
0.108882,0.188200,0.229385
0.105734,0.189898,0.228880
0.105523,0.189389,0.230991
0.103533,0.189396,0.231787
0.102288,0.191067,0.231409
0.102592,0.193413,0.232933
0.101080,0.192460,0.232738
0.100700,0.197030,0.236268
0.098412,0.196460,0.237429
0.097427,0.197531,0.238913
0.096117,0.198344,0.240960
0.095726,0.201503,0.239840
0.093763,0.205654,0.243449
0.088633,0.213853,0.253698
0.090465,0.214379,0.254964
0.088627,0.215147,0.253998
0.089808,0.217216,0.252507
0.085185,0.217647,0.252558
0.084556,0.217562,0.253386
0.084838,0.216076,0.254190
0.085006,0.217499,0.254073
0.082784,0.217391,0.256031
0.081638,0.219211,0.256213
0.080746,0.220211,0.254431
0.078813,0.217266,0.256136
0.078837,0.220339,0.257192
0.078309,0.218166,0.255736
0.074809,0.220062,0.255294
0.073656,0.219551,0.256448
0.073626,0.221228,0.257563
0.073214,0.220040,0.255584
0.071776,0.222361,0.255862
0.069947,0.221008,0.256702
0.068415,0.221586,0.259888
0.067191,0.221681,0.257083
0.070259,0.222420,0.258958
0.066609,0.223373,0.259151
0.066581,0.224043,0.257023
0.065906,0.223070,0.260022
0.061518,0.223906,0.260185
0.064614,0.223011,0.261719
0.059498,0.223227,0.261334
0.059746,0.224825,0.261924
0.059977,0.223815,0.259477
0.059510,0.224125,0.260864
0.058596,0.226042,0.261765
0.056019,0.228217,0.259154
0.055355,0.225181,0.262291
0.054450,0.225886,0.261549
0.052660,0.227882,0.261599
0.052895,0.225729,0.263321
0.049813,0.227501,0.262743
0.051369,0.227574,0.263228
0.048601,0.226869,0.261822
0.046452,0.228231,0.264810
0.046034,0.227280,0.261907
0.046133,0.228799,0.263160
0.044166,0.230563,0.263090
0.042697,0.228365,0.265002
0.041883,0.229623,0.265400
0.042324,0.229411,0.265552
0.040364,0.230485,0.265227
0.038672,0.229070,0.265395
0.037156,0.231741,0.266782
0.039724,0.230515,0.265730
0.037248,0.230802,0.266765
0.034886,0.230477,0.266440
0.035356,0.230716,0.267314
0.033571,0.232168,0.267112
0.031351,0.232495,0.268001
0.031931,0.232728,0.267759
0.031053,0.233265,0.268333
0.029693,0.235414,0.268559
0.025400,0.233960,0.266727
0.026529,0.234137,0.268461
0.027668,0.235952,0.270018
0.026149,0.234883,0.269428
0.024624,0.235511,0.269562
0.021750,0.236987,0.269115
0.022187,0.236068,0.268408
0.021356,0.236016,0.268025
0.021070,0.234011,0.270528
0.017912,0.235603,0.270850
0.017919,0.236273,0.270177
0.017501,0.236499,0.270581
0.014418,0.236449,0.270759
0.015527,0.239378,0.271568
0.013087,0.237274,0.270815
0.012576,0.238886,0.273018
0.009762,0.236766,0.269706
0.011199,0.239171,0.272402
0.010563,0.238291,0.272312
0.009161,0.239266,0.274241
0.005206,0.240007,0.273741
0.006666,0.239417,0.274712
0.004389,0.240534,0.273079
0.004577,0.240228,0.273879
0.003021,0.241180,0.273836
0.001422,0.238833,0.274330
0.001623,0.239031,0.275401
-0.000762,0.241445,0.275106
-0.001913,0.241674,0.273930
-0.002914,0.242183,0.275827
-0.003939,0.243589,0.276107
-0.002501,0.244756,0.277513
-0.004740,0.241854,0.277083
-0.006838,0.240686,0.276442
-0.006672,0.240980,0.273517
-0.008577,0.240377,0.273661
-0.007421,0.238604,0.274165
-0.010387,0.238897,0.272570
-0.010077,0.239596,0.271395
-0.010467,0.239115,0.271605
-0.010752,0.235598,0.271387
-0.013376,0.237112,0.267884
-0.014636,0.235284,0.269224
-0.015818,0.234653,0.267949
-0.015754,0.233358,0.268775
-0.017542,0.233386,0.268687
-0.017347,0.235121,0.268377
-0.019307,0.231698,0.268244
-0.020072,0.231648,0.267452
-0.023235,0.233906,0.267345
-0.022533,0.231147,0.267805
-0.022807,0.231860,0.266602
-0.022413,0.230395,0.264009
-0.027126,0.230696,0.265168
-0.027915,0.230902,0.263241
-0.027050,0.230340,0.264822
-0.028020,0.229526,0.265745
-0.029386,0.229057,0.265229
-0.032414,0.228681,0.263698
-0.032055,0.229765,0.263533
-0.032458,0.228849,0.264726
-0.035293,0.228599,0.263370
-0.034478,0.228543,0.263627
-0.035931,0.228654,0.263835
-0.036843,0.227710,0.263887
-0.038071,0.227828,0.262437
-0.039634,0.226979,0.261835
-0.040650,0.227121,0.262639
-0.039424,0.228197,0.261874
-0.040264,0.227568,0.262970
-0.041975,0.227568,0.263337
-0.043881,0.226883,0.263073
-0.045954,0.226961,0.262023
-0.045947,0.226744,0.261234
-0.047480,0.226117,0.263359
-0.047608,0.227138,0.262819
-0.050089,0.226160,0.262578
-0.049606,0.225101,0.263197
-0.051777,0.227717,0.261946
-0.051250,0.227750,0.262242
-0.054070,0.227434,0.265117
-0.053142,0.228022,0.262266
-0.053768,0.228013,0.263574
-0.055882,0.227983,0.263547
-0.057390,0.230859,0.263955
-0.058150,0.230115,0.263805
-0.060024,0.227973,0.265092
-0.059831,0.228197,0.265360
-0.061643,0.230770,0.264550
-0.062600,0.229044,0.266040
-0.062442,0.230193,0.265645
-0.065962,0.229305,0.266679
-0.063804,0.230878,0.266139
-0.068112,0.229931,0.266716
-0.067119,0.230366,0.266651
-0.068623,0.231784,0.266315
-0.070261,0.232173,0.267058
-0.071463,0.231368,0.267384
-0.070293,0.233080,0.267774
-0.072496,0.234850,0.266389
-0.073865,0.234314,0.270028
-0.073092,0.234604,0.267504
-0.076833,0.233182,0.269492
-0.076651,0.234958,0.268996
-0.077594,0.236434,0.270075
-0.078854,0.234584,0.271513
-0.079116,0.234909,0.270951
-0.081029,0.237833,0.269717
-0.081643,0.238320,0.271437
-0.082820,0.234606,0.270166
-0.084525,0.238420,0.271187
-0.084835,0.237534,0.271409
-0.085223,0.239723,0.273003
-0.086237,0.238366,0.271466
-0.088399,0.238880,0.273595
-0.088775,0.238878,0.271621
-0.090492,0.237457,0.273096
-0.091617,0.238275,0.272391
-0.092471,0.237855,0.272979
-0.092842,0.238698,0.272757
-0.094558,0.241212,0.273618
-0.094533,0.239673,0.272684
-0.095630,0.239709,0.274616
-0.097388,0.238721,0.273918
-0.097946,0.240681,0.276297
-0.098649,0.241143,0.273571
-0.099559,0.240436,0.275326
-0.102012,0.242401,0.273848
-0.102617,0.242203,0.273689
-0.103049,0.242406,0.275655
-0.103910,0.241119,0.275625
-0.103561,0.243856,0.276842
-0.107166,0.242337,0.274651
-0.106595,0.241932,0.275552
-0.108559,0.241902,0.274482
-0.108043,0.239192,0.270960
-0.109926,0.236007,0.270121
-0.111964,0.234881,0.267785
-0.111304,0.230311,0.265344
-0.112760,0.227500,0.263458
-0.113492,0.226075,0.263036
-0.112994,0.223859,0.259030
-0.115901,0.221791,0.256517
-0.117275,0.218012,0.255998
-0.120300,0.217071,0.253396
-0.121653,0.213157,0.252084
-0.121313,0.213032,0.248224
-0.121304,0.208728,0.246471
-0.121900,0.206729,0.244639
-0.123583,0.203767,0.241808
-0.125384,0.201501,0.239971
-0.127442,0.199712,0.236541
-0.128517,0.195496,0.236886
-0.126921,0.194185,0.233120
-0.129600,0.190265,0.232328
-0.130413,0.188299,0.228142
-0.130148,0.186085,0.227606
-0.132448,0.184055,0.226426
-0.132855,0.182446,0.223756
-0.134532,0.180009,0.222203
-0.136968,0.175730,0.218899
-0.137453,0.173315,0.215946
-0.137890,0.171382,0.215362
-0.139539,0.170772,0.212024
-0.139795,0.167605,0.210149
-0.141081,0.164756,0.208946
-0.141891,0.160411,0.205888
-0.144037,0.157884,0.202531
-0.144324,0.153884,0.200070
-0.146986,0.152260,0.198176
-0.147011,0.150422,0.196566
-0.151143,0.146862,0.193524
0.158734,0.170494,0.213835
0.158627,0.168944,0.215036
0.156757,0.172378,0.216597
0.155786,0.171753,0.215620
0.154533,0.172415,0.214772
0.152796,0.172152,0.219244
0.153853,0.172075,0.217426
0.152261,0.175266,0.218475
0.150339,0.174966,0.216787
0.148693,0.174385,0.218899
0.149663,0.175641,0.218985
0.147079,0.175166,0.219509
0.146895,0.174747,0.221552
0.144938,0.175888,0.220527
0.144297,0.174743,0.218082
0.144147,0.175033,0.220254
0.142468,0.175484,0.220278
0.140859,0.177111,0.220004
0.137279,0.176285,0.220872
0.137750,0.175023,0.221467
0.137732,0.178313,0.222855
0.136159,0.177235,0.223611
0.135655,0.179040,0.221584
0.133504,0.177236,0.222546
0.130845,0.180172,0.222248
0.131392,0.179534,0.221237
0.130855,0.180294,0.225620
0.127795,0.181038,0.221821
0.129060,0.180592,0.226417
0.127453,0.180695,0.224347
0.125946,0.181348,0.225193
0.124438,0.180030,0.225670
0.123191,0.182842,0.225926
0.124712,0.182610,0.226517
0.122098,0.183697,0.226858
0.121333,0.181903,0.226805
0.120944,0.182476,0.226444
0.117070,0.182256,0.226891
0.116371,0.183728,0.227983
0.116278,0.184290,0.229927
0.116038,0.186982,0.227167
0.113237,0.184920,0.227915
0.112473,0.186276,0.229322
0.111710,0.186999,0.226908
0.110826,0.187204,0.230007
0.108769,0.186906,0.230491
0.109241,0.188984,0.231599
0.109385,0.188565,0.231479
0.107447,0.189371,0.232100
0.104518,0.188493,0.233396
0.105475,0.191400,0.233254
0.101862,0.190818,0.233426
0.102779,0.192486,0.234614
0.101631,0.194394,0.235806
0.100114,0.195890,0.238068
0.098753,0.195731,0.238022
0.097001,0.198652,0.239764
0.095969,0.200934,0.240594
0.096162,0.200430,0.242232
0.092726,0.204498,0.245637
0.091353,0.215104,0.252713
0.089633,0.216945,0.254594
0.088400,0.213933,0.255083
0.086647,0.216052,0.256770
0.086380,0.215775,0.254172
0.084826,0.216496,0.255393
0.086155,0.216954,0.254535
0.084598,0.218560,0.256407
0.082625,0.218492,0.256626
0.081612,0.218619,0.257165
0.080403,0.219331,0.255857
0.077685,0.219001,0.256175
0.079006,0.221291,0.256946
0.076775,0.219121,0.256971
0.076189,0.220227,0.258201
0.073938,0.217941,0.258367
0.073248,0.219482,0.257956
0.074280,0.218893,0.258779
0.071949,0.220483,0.258726
0.071571,0.221486,0.259596
0.070571,0.221404,0.259625
0.069405,0.220835,0.258964
0.067789,0.221154,0.260757
0.065520,0.221165,0.260893
0.066992,0.222407,0.258769
0.064654,0.222556,0.260800
0.064148,0.223895,0.259848
0.062766,0.224088,0.261721
0.061200,0.223464,0.262998
0.059897,0.222189,0.262005
0.059029,0.223596,0.262248
0.058589,0.224031,0.262853
0.056156,0.224081,0.262085
0.056140,0.226173,0.263908
0.054884,0.224463,0.262687
0.053174,0.226073,0.263359
0.053590,0.226474,0.263210
0.052938,0.228767,0.262857
0.048968,0.228332,0.263232
0.048040,0.225932,0.264163
0.049602,0.228478,0.267007
0.048206,0.228748,0.266720
0.046569,0.230056,0.264474
0.046661,0.226614,0.265696
0.043786,0.227584,0.265646
0.043498,0.229822,0.264285
0.043425,0.228819,0.266107
0.041044,0.228499,0.266651
0.041651,0.230143,0.265540
0.038871,0.230905,0.266299
0.037274,0.229242,0.265725
0.037410,0.231666,0.267931
0.037119,0.233496,0.268091
0.036732,0.231252,0.268284
0.035331,0.231047,0.267986
0.034010,0.231713,0.268146
0.031776,0.232855,0.268844
0.030688,0.232604,0.269105
0.028712,0.232443,0.269887
0.030667,0.232215,0.269583
0.027199,0.233440,0.268614
0.027152,0.233823,0.268985
0.026559,0.234781,0.270790
0.024225,0.235781,0.271174
0.023897,0.235975,0.271131
0.023160,0.233873,0.270691
0.023240,0.235606,0.270138
0.018940,0.233862,0.270608
0.019497,0.237556,0.271186
0.017365,0.234120,0.271004
0.018898,0.234312,0.271224
0.017247,0.237044,0.271982
0.015157,0.237288,0.273090
0.015556,0.236309,0.271941
0.013030,0.237409,0.272424
0.012034,0.238086,0.273996
0.011150,0.237501,0.273506
0.010658,0.238462,0.272367
0.009314,0.238877,0.273764
0.008512,0.239931,0.272407
0.006793,0.238305,0.275059
0.005296,0.239664,0.274661
0.003975,0.239186,0.275356
0.006612,0.240099,0.276530
0.002310,0.239863,0.276443
0.002408,0.242456,0.274631
0.001696,0.241729,0.275713
0.000938,0.241178,0.278106
0.000180,0.243268,0.278005
-0.001595,0.241791,0.276485
-0.002817,0.242154,0.278140
-0.005009,0.243568,0.278503
-0.006992,0.244506,0.277187
-0.006468,0.240163,0.275914
-0.006361,0.241917,0.276824
-0.007807,0.238656,0.274480
-0.010775,0.239461,0.272551
-0.007905,0.238493,0.274208
-0.010579,0.236125,0.274036
-0.011341,0.237405,0.272431
-0.012233,0.237117,0.270076
-0.014202,0.234619,0.270180
-0.015270,0.235386,0.269105
-0.016211,0.232848,0.272195
-0.016316,0.233537,0.270070
-0.018762,0.231447,0.269068
-0.016053,0.232458,0.267439
-0.019835,0.231587,0.265769
-0.019875,0.231983,0.268447
-0.021674,0.232380,0.268481
-0.022560,0.230881,0.266337
-0.023006,0.231595,0.267461
-0.025759,0.230677,0.267107
-0.026166,0.230504,0.266219
-0.027134,0.231209,0.264819
-0.028024,0.228286,0.265564
-0.028908,0.229776,0.266726
-0.028331,0.227522,0.265976
-0.032161,0.228139,0.267375
-0.030999,0.228423,0.265890
-0.033362,0.228353,0.265601
-0.032744,0.228210,0.265226
-0.037690,0.228014,0.263702
-0.035704,0.225422,0.266528
-0.035408,0.228035,0.264468
-0.035983,0.228026,0.265706
-0.035809,0.226885,0.263035
-0.039241,0.226112,0.263960
-0.040217,0.225938,0.262563
-0.040733,0.227209,0.265016
-0.042674,0.225918,0.262464
-0.043256,0.226428,0.263494
-0.046622,0.227540,0.263382
-0.045691,0.225596,0.266466
-0.046961,0.226311,0.262288
-0.048347,0.225146,0.264926
-0.047489,0.224713,0.263417
-0.049224,0.225905,0.261815
-0.050220,0.225956,0.264045
-0.052386,0.227946,0.264539
-0.052649,0.226361,0.264745
-0.055100,0.227735,0.263894
-0.056538,0.226202,0.265338
-0.056167,0.227249,0.263509
-0.058472,0.227061,0.266640
-0.057863,0.226967,0.265348
-0.058461,0.227744,0.265172
-0.060452,0.227939,0.265578
-0.059675,0.228567,0.266144
-0.063563,0.229251,0.265682
-0.063714,0.229080,0.264675
-0.063424,0.229544,0.264152
-0.065328,0.229414,0.268006
-0.065244,0.231065,0.267651
-0.066373,0.230024,0.266901
-0.069452,0.230719,0.267548
-0.071181,0.232277,0.267299
-0.071628,0.230658,0.268280
-0.071201,0.231477,0.268261
-0.074277,0.233096,0.267534
-0.073227,0.234275,0.268853
-0.075353,0.234013,0.272071
-0.076417,0.232535,0.270436
-0.075803,0.234241,0.269245
-0.075307,0.234400,0.271201
-0.079496,0.235947,0.270699
-0.079510,0.234266,0.270586
-0.081854,0.235976,0.273008
-0.080962,0.236718,0.272173
-0.081891,0.233851,0.270943
-0.084605,0.237670,0.271068
-0.084194,0.240011,0.271778
-0.087849,0.235806,0.272296
-0.086984,0.236810,0.272916
-0.089305,0.237522,0.273294
-0.090300,0.239852,0.272424
-0.088889,0.237974,0.273324
-0.090896,0.238293,0.274141
-0.092132,0.239019,0.275959
-0.092571,0.237689,0.274270
-0.095545,0.239374,0.273731
-0.095114,0.237996,0.274444
-0.096659,0.240280,0.275693
-0.097343,0.239124,0.272210
-0.096922,0.238932,0.274289
-0.099130,0.240837,0.275890
-0.099227,0.239623,0.276058
-0.102799,0.240289,0.275961
-0.102443,0.240719,0.277314
-0.101903,0.241560,0.276911
-0.103198,0.241909,0.277823
-0.105581,0.240681,0.277006
-0.106053,0.242059,0.276691
-0.107650,0.241985,0.276440
-0.107683,0.239274,0.274857
-0.109457,0.238250,0.273781
-0.109817,0.237072,0.271720
-0.109824,0.233180,0.269029
-0.111947,0.228233,0.265644
-0.113268,0.227325,0.264159
-0.114719,0.226297,0.262635
-0.115341,0.224863,0.260631
-0.115470,0.221164,0.258031
-0.119399,0.219034,0.258460
-0.119685,0.215127,0.253301
-0.119131,0.213883,0.251798
-0.121326,0.208985,0.250950
-0.120947,0.207727,0.247626
-0.122264,0.206896,0.246045
-0.121765,0.202707,0.243913
-0.124398,0.202317,0.241219
-0.125395,0.197462,0.239213
-0.125693,0.195109,0.239147
-0.130191,0.194365,0.236865
-0.129208,0.192072,0.233367
-0.130002,0.187193,0.229723
-0.132069,0.186112,0.226872
-0.132089,0.185472,0.226887
-0.133804,0.180874,0.224180
-0.135972,0.177678,0.221703
-0.135407,0.175391,0.221420
-0.138438,0.173215,0.218970
-0.138779,0.167640,0.216525
-0.139367,0.167688,0.213750
-0.140080,0.164855,0.211087
-0.142254,0.163354,0.208278
-0.143458,0.160818,0.208006
-0.143367,0.157551,0.203443
-0.144443,0.152708,0.203918
-0.146134,0.154209,0.199105
-0.147134,0.151232,0.197788
-0.149447,0.146796,0.195641
0.160410,0.170393,0.216933
0.157683,0.170034,0.217442
0.156180,0.173905,0.218317
0.156548,0.172907,0.216712
0.153399,0.172426,0.219498
0.153245,0.173254,0.215948
0.155028,0.172878,0.220232
0.151634,0.172275,0.218972
0.151601,0.174485,0.221333
0.148519,0.174068,0.221341
0.147643,0.172218,0.220680
0.146489,0.174012,0.221239
0.146365,0.176823,0.220936
0.144886,0.174767,0.220033
0.144387,0.174959,0.219971
0.142072,0.175050,0.220545
0.142352,0.176280,0.220517
0.140858,0.177895,0.222849
0.139324,0.177623,0.222941
0.138009,0.177883,0.225137
0.135895,0.177437,0.221398
0.137273,0.179305,0.224605
0.134724,0.177982,0.223749
0.134432,0.176963,0.223876
0.133121,0.178455,0.224853
0.132281,0.179224,0.224446
0.130842,0.180709,0.224394
0.130434,0.179896,0.225800
0.128765,0.179836,0.225786
0.127624,0.180329,0.224589
0.126494,0.179621,0.226009
0.125233,0.180901,0.225168
0.125015,0.181243,0.224357
0.123021,0.181996,0.227290
0.121514,0.180370,0.226804
0.119490,0.182170,0.226418
0.118900,0.183830,0.227384
0.117596,0.182331,0.226382
0.118044,0.184404,0.228052
0.115881,0.184947,0.228610
0.114995,0.184917,0.230855
0.114275,0.185052,0.229117
0.113806,0.184385,0.229777
0.112267,0.186143,0.229336
0.112470,0.185404,0.229311
0.108270,0.187458,0.231894
0.106338,0.187032,0.232262
0.105659,0.188914,0.231995
0.105790,0.188882,0.231304
0.105079,0.187587,0.233596
0.104671,0.192031,0.232427
0.102723,0.190713,0.234407
0.101525,0.193798,0.233867
0.101702,0.192638,0.233988
0.099601,0.194699,0.236395
0.098007,0.194648,0.239774
0.096620,0.198180,0.241764
0.096013,0.199255,0.242204
0.094028,0.200337,0.241637
0.093534,0.203528,0.245757
0.092030,0.214187,0.253778
0.090536,0.215795,0.255009
0.086118,0.215659,0.256240
0.088105,0.215344,0.257320
0.086782,0.214880,0.254687
0.086932,0.216467,0.257828
0.084716,0.217072,0.255518
0.084960,0.216361,0.257300
0.083928,0.216827,0.256606
0.081972,0.218481,0.257165
0.081256,0.219085,0.258412
0.078601,0.217617,0.256209
0.075601,0.218647,0.258497
0.077801,0.217699,0.258305
0.077454,0.218667,0.260340
0.074723,0.218698,0.260099
0.073186,0.219578,0.260017
0.072726,0.220871,0.260341
0.072299,0.220947,0.260021
0.070172,0.219390,0.262476
0.067320,0.218793,0.261909
0.068758,0.221126,0.260767
0.067733,0.222452,0.261724
0.067682,0.222172,0.261858
0.065675,0.222771,0.260099
0.063518,0.222005,0.265024
0.063243,0.222172,0.261156
0.062014,0.222706,0.261133
0.060802,0.222883,0.264776
0.060685,0.221872,0.261962
0.059794,0.224530,0.263248
0.057985,0.224809,0.264330
0.057852,0.224206,0.264302
0.055930,0.223998,0.263135
0.054921,0.225509,0.264075
0.055166,0.225455,0.264557
0.056658,0.225596,0.265308
0.051356,0.227255,0.265330
0.052044,0.227678,0.263601
0.050318,0.227177,0.266074
0.046828,0.228026,0.266344
0.048416,0.226811,0.266189
0.046728,0.227252,0.265793
0.045192,0.225474,0.266806
0.046380,0.228616,0.266689
0.042389,0.227002,0.266903
0.042711,0.228707,0.268168
0.041204,0.228148,0.267359
0.037968,0.230727,0.267090
0.038883,0.230924,0.269295
0.039189,0.230425,0.267319
0.038923,0.229761,0.267732
0.035042,0.232199,0.270209
0.035251,0.230519,0.269499
0.033940,0.231674,0.270233
0.032339,0.232636,0.272324
0.030994,0.231850,0.269472
0.030608,0.230915,0.269362
0.029152,0.235323,0.270529
0.028692,0.231764,0.269698
0.028030,0.234371,0.270439
0.026746,0.232879,0.269774
0.027473,0.233863,0.272062
0.026082,0.232438,0.271705
0.023256,0.233255,0.272436
0.021905,0.233581,0.272051
0.021841,0.232986,0.271120
0.020826,0.234770,0.270764
0.020246,0.233534,0.274010
0.020471,0.233514,0.272991
0.018574,0.235875,0.271862
0.016263,0.237047,0.274197
0.016716,0.235766,0.273151
0.015578,0.237111,0.275205
0.014279,0.235116,0.275168
0.013485,0.237338,0.274514
0.012533,0.237182,0.274121
0.012520,0.237865,0.274027
0.009406,0.238641,0.275832
0.008101,0.239291,0.274619
0.006298,0.238271,0.275781
0.007256,0.240923,0.277456
0.003110,0.238710,0.277656
0.006141,0.240523,0.276873
0.002753,0.241065,0.275868
0.002998,0.239592,0.278443
0.001703,0.241852,0.277757
0.000591,0.242065,0.276459
0.000233,0.240879,0.278301
-0.002574,0.241261,0.277397
-0.001873,0.242801,0.277616
-0.005423,0.243301,0.276790
-0.005054,0.242370,0.279387
-0.006112,0.239663,0.277455
-0.004635,0.239475,0.275164
-0.008585,0.236300,0.276727
-0.008480,0.236581,0.275245
-0.010449,0.235911,0.273449
-0.012352,0.236361,0.274099
-0.010260,0.235365,0.273794
-0.012425,0.236457,0.272744
-0.014626,0.234520,0.273008
-0.015720,0.233311,0.272061
-0.015636,0.233970,0.270704
-0.018208,0.233084,0.270586
-0.019127,0.231309,0.269317
-0.018601,0.233594,0.268503
-0.021073,0.231644,0.269074
-0.021936,0.231062,0.268851
-0.022488,0.230934,0.268637
-0.021218,0.230478,0.267913
-0.023798,0.228295,0.267407
-0.025415,0.228939,0.267922
-0.026564,0.229413,0.266939
-0.026499,0.229820,0.268862
-0.029161,0.227079,0.267079
-0.028644,0.228770,0.265859
-0.030367,0.227399,0.266605
-0.030210,0.228527,0.265957
-0.034196,0.227160,0.266566
-0.034105,0.226025,0.266109
-0.033934,0.227543,0.267430
-0.034938,0.227152,0.265474
-0.036841,0.226541,0.265212
-0.037225,0.226541,0.264502
-0.037231,0.228026,0.264962
-0.039896,0.226828,0.264306
-0.039974,0.227078,0.265421
-0.041308,0.225992,0.264960
-0.040169,0.226250,0.263523
-0.044591,0.226252,0.264757
-0.045724,0.225740,0.263585
-0.043097,0.224843,0.263630
-0.045017,0.226078,0.263483
-0.045936,0.224939,0.264090
-0.049453,0.226258,0.263756
-0.047543,0.223703,0.263815
-0.049230,0.226690,0.266107
-0.050579,0.225554,0.264926
-0.051677,0.227381,0.265690
-0.054803,0.226048,0.266640
-0.054236,0.223963,0.264470
-0.054319,0.227812,0.263350
-0.055291,0.226768,0.263245
-0.056868,0.225280,0.266334
-0.058928,0.226622,0.265072
-0.058424,0.228002,0.266897
-0.059703,0.227226,0.267508
-0.062972,0.224803,0.265285
-0.062539,0.227384,0.266521
-0.062613,0.227476,0.268373
-0.064742,0.228949,0.268347
-0.064085,0.228645,0.266602
-0.066371,0.229607,0.267480
-0.066965,0.228621,0.269453
-0.069550,0.229345,0.268914
-0.069365,0.230352,0.268725
-0.069744,0.231472,0.267787
-0.070988,0.230817,0.268063
-0.071394,0.231526,0.267974
-0.072552,0.232883,0.270366
-0.073939,0.232152,0.271412
-0.075578,0.232602,0.272646
-0.076330,0.232762,0.269730
-0.078277,0.233374,0.272302
-0.078269,0.234605,0.271932
-0.080230,0.233956,0.271652
-0.081536,0.232963,0.271100
-0.083079,0.232810,0.273162
-0.083740,0.233783,0.273108
-0.084980,0.234833,0.272012
-0.087218,0.234847,0.272330
-0.085466,0.237342,0.273203
-0.086856,0.237005,0.274213
-0.086791,0.237218,0.272598
-0.088389,0.238831,0.276552
-0.091152,0.237110,0.276421
-0.090358,0.234996,0.274244
-0.092036,0.236875,0.275665
-0.091522,0.237981,0.274823
-0.094221,0.236724,0.274534
-0.096893,0.237225,0.275498
-0.099203,0.237482,0.274107
-0.098304,0.236737,0.276764
-0.097934,0.238800,0.275078
-0.099792,0.240954,0.276598
-0.100923,0.238526,0.276784
-0.099294,0.240113,0.276159
-0.102106,0.240522,0.277730
-0.101289,0.238467,0.277487
-0.104153,0.238281,0.276057
-0.105835,0.241118,0.276658
-0.107631,0.238960,0.277586
-0.106909,0.240092,0.279187
-0.108229,0.239664,0.277149
-0.110529,0.238764,0.273790
-0.111918,0.236502,0.273293
-0.112558,0.230588,0.270437
-0.111416,0.229339,0.268471
-0.112693,0.226409,0.267002
-0.114267,0.225716,0.265885
-0.115644,0.222433,0.261343
-0.117649,0.218747,0.260014
-0.118769,0.219793,0.257308
-0.117623,0.217238,0.256213
-0.119403,0.211490,0.254224
-0.121349,0.210287,0.250792
-0.121852,0.207288,0.249248
-0.121849,0.206386,0.247795
-0.124287,0.204091,0.244734
-0.123365,0.200442,0.243003
-0.125851,0.199415,0.240826
-0.127606,0.195737,0.237502
-0.128802,0.191782,0.236406
-0.128820,0.190450,0.234474
-0.130158,0.188686,0.232188
-0.131175,0.187098,0.229933
-0.134721,0.184843,0.227596
-0.131354,0.181581,0.225357
-0.134696,0.178868,0.222814
-0.137592,0.176281,0.219967
-0.138020,0.173138,0.219488
-0.137388,0.170276,0.216867
-0.138926,0.167293,0.214801
-0.140303,0.163428,0.211051
-0.143249,0.163580,0.208006
-0.143499,0.158492,0.209034
-0.143275,0.157328,0.205921
-0.144744,0.153593,0.203793
-0.146795,0.153156,0.199575
-0.145947,0.150428,0.199382
-0.147894,0.147136,0.194999
0.162258,0.170434,0.219871
0.159686,0.171344,0.218172
0.158378,0.170324,0.219671
0.157512,0.170897,0.220082
0.155520,0.172853,0.219179
0.153888,0.172000,0.218924
0.152636,0.171658,0.220294
0.153530,0.173502,0.220288
0.152323,0.173354,0.221278
0.147833,0.173385,0.220009
0.149100,0.173105,0.220038
0.147964,0.173801,0.221915
0.147099,0.172534,0.222139
0.145920,0.175600,0.222307
0.143121,0.174201,0.219769
0.144254,0.175012,0.222025
0.140812,0.174438,0.223156
0.143415,0.175338,0.223280
0.141116,0.175103,0.224767
0.139881,0.176001,0.222293
0.138267,0.176895,0.223118
0.136704,0.177609,0.223618
0.136901,0.178386,0.225852
0.134500,0.177587,0.224901
0.133460,0.178110,0.225715
0.133229,0.179066,0.224577
0.132778,0.179722,0.225566
0.129640,0.178650,0.225180
0.130507,0.180254,0.226290
0.128568,0.179356,0.224477
0.128185,0.179974,0.227142
0.127344,0.179986,0.226183
0.125643,0.178558,0.227609
0.125197,0.179560,0.226966
0.122686,0.180029,0.227074
0.120488,0.183596,0.227962
0.120257,0.182369,0.228469
0.119014,0.181081,0.229305
0.116946,0.183646,0.229163
0.115872,0.182999,0.228622
0.116434,0.182198,0.230798
0.114580,0.185360,0.230645
0.113204,0.184671,0.230956
0.112745,0.184095,0.229661
0.111584,0.184096,0.230722
0.108982,0.186397,0.230978
0.110755,0.186135,0.231539
0.111914,0.187038,0.232659
0.108185,0.186541,0.235141
0.105414,0.186948,0.233548
0.104654,0.187637,0.235640
0.105429,0.188613,0.236081
0.102793,0.191115,0.236825
0.102575,0.190753,0.237062
0.101135,0.192661,0.238715
0.098928,0.194456,0.238762
0.097321,0.198065,0.241491
0.096290,0.198779,0.242716
0.094316,0.197884,0.242810
0.093895,0.199418,0.244943
0.093350,0.204698,0.248372
0.091300,0.214328,0.257580
0.091498,0.214212,0.257473
0.089217,0.215039,0.256962
0.086560,0.213523,0.256743
0.086615,0.216306,0.257777
0.083393,0.216180,0.257840
0.082571,0.216706,0.257458
0.082916,0.216307,0.257208
0.082686,0.217414,0.260352
0.080355,0.217391,0.257476
0.079610,0.219423,0.258415
0.077708,0.218456,0.260059
0.078355,0.219573,0.259660
0.077505,0.219564,0.259213
0.075643,0.218739,0.257243
0.075409,0.219541,0.258939
0.073508,0.218899,0.260137
0.071067,0.218117,0.261201
0.071034,0.219957,0.261841
0.069903,0.220145,0.261304
0.071549,0.221598,0.261911
0.068322,0.221871,0.260945
0.067521,0.222118,0.260158
0.064176,0.222033,0.262752
0.065697,0.222312,0.263258
0.062690,0.220394,0.261751
0.066092,0.221969,0.262521
0.062585,0.222407,0.263897
0.059339,0.222599,0.264068
0.060053,0.221501,0.265352
0.059343,0.221488,0.262536
0.057874,0.224242,0.264368
0.057585,0.224025,0.263372
0.055788,0.224239,0.264245
0.055075,0.223093,0.265552
0.053230,0.226818,0.265238
0.052195,0.224513,0.266232
0.051151,0.225086,0.266686
0.049622,0.225118,0.266214
0.051992,0.225175,0.266563
0.049231,0.225735,0.267940
0.046925,0.225680,0.268590
0.047362,0.228021,0.268834
0.045844,0.228705,0.267551
0.043863,0.229930,0.267340
0.044519,0.227678,0.268235
0.042208,0.228526,0.268392
0.041948,0.228785,0.267919
0.039967,0.230231,0.268323
0.038731,0.230142,0.269658
0.038191,0.230097,0.269995
0.034818,0.230776,0.270831
0.037239,0.231052,0.270539
0.035490,0.228959,0.269726
0.032337,0.230241,0.270841
0.033780,0.230275,0.271068
0.031323,0.232764,0.270592
0.033199,0.231731,0.270967
0.031170,0.232711,0.271053
0.028614,0.234137,0.273392
0.027052,0.232794,0.270707
0.026222,0.233467,0.273781
0.027785,0.233792,0.273385
0.023965,0.234274,0.273247
0.023568,0.234206,0.273816
0.022167,0.233500,0.274010
0.021525,0.232889,0.274121
0.020878,0.235832,0.275731
0.019160,0.235771,0.274945
0.019232,0.236388,0.275624
0.017646,0.234882,0.273701
0.015784,0.238343,0.277214
0.016905,0.235232,0.273607
0.012941,0.237552,0.273630
0.013054,0.236400,0.276831
0.013050,0.236300,0.276256
0.011092,0.235948,0.276229
0.011382,0.236221,0.275959
0.010309,0.238968,0.275670
0.008848,0.237076,0.276938
0.008647,0.239372,0.279816
0.007303,0.237649,0.279415
0.005972,0.239076,0.277461
0.002510,0.239090,0.277270
0.004231,0.238828,0.279600
0.003944,0.239031,0.279400
0.001751,0.237693,0.278626
0.000339,0.241136,0.278323
-0.000641,0.240152,0.279783
-0.002433,0.241339,0.278557
-0.002376,0.243245,0.279685
-0.006209,0.240966,0.277837
-0.005963,0.240914,0.279785
-0.007633,0.237349,0.278935
-0.004754,0.237594,0.276851
-0.007368,0.238676,0.276560
-0.009802,0.239164,0.274368
-0.010323,0.236427,0.275569
-0.012406,0.234501,0.275740
-0.011422,0.234748,0.273392
-0.011790,0.233883,0.274389
-0.014299,0.235615,0.272593
-0.015951,0.233978,0.272505
-0.015544,0.231841,0.272264
-0.017690,0.232271,0.271767
-0.018163,0.231559,0.270409
-0.016229,0.229920,0.270936
-0.020764,0.230590,0.271262
-0.019451,0.231877,0.270730
-0.020952,0.231491,0.271485
-0.022915,0.229706,0.270592
-0.023760,0.229846,0.269738
-0.026366,0.226232,0.268511
-0.025244,0.226949,0.268911
-0.026971,0.228921,0.268296
-0.027635,0.227414,0.268300
-0.030812,0.228201,0.265625
-0.030008,0.227367,0.267959
-0.030924,0.227995,0.266657
-0.033077,0.226518,0.268162
-0.030126,0.225268,0.266309
-0.034629,0.227586,0.266965
-0.036201,0.227561,0.265954
-0.036966,0.226031,0.266935
-0.036549,0.223182,0.267054
-0.037504,0.225189,0.266434
-0.038426,0.226436,0.266391
-0.042391,0.226255,0.264921
-0.042519,0.223981,0.266070
-0.042471,0.226765,0.264832
-0.045064,0.224263,0.263991
-0.045075,0.225580,0.264961
-0.045867,0.225872,0.266066
-0.045609,0.225124,0.265757
-0.047255,0.224946,0.265412
-0.048573,0.223150,0.264577
-0.050768,0.223215,0.265225
-0.050902,0.224098,0.265128
-0.051204,0.225440,0.265222
-0.053193,0.225003,0.264754
-0.052218,0.224153,0.265040
-0.052869,0.225178,0.265872
-0.056900,0.225909,0.267448
-0.055924,0.225701,0.264807
-0.057090,0.228292,0.266779
-0.057841,0.224793,0.266492
-0.059445,0.225598,0.267327
-0.061677,0.225204,0.264728
-0.062922,0.225595,0.267375
-0.063984,0.229183,0.267946
-0.063756,0.227115,0.269161
-0.065957,0.229803,0.266926
-0.066458,0.228713,0.269453
-0.065624,0.226950,0.268880
-0.068275,0.228316,0.268188
-0.069321,0.228284,0.268208
-0.069668,0.227679,0.269694
-0.071203,0.229146,0.269413
-0.071600,0.233034,0.269355
-0.072113,0.228182,0.269751
-0.074062,0.229807,0.271018
-0.074743,0.229648,0.270450
-0.077374,0.231782,0.273463
-0.078278,0.231374,0.272891
-0.078338,0.231716,0.271372
-0.079391,0.232413,0.272798
-0.080736,0.232846,0.270215
-0.080707,0.234034,0.271675
-0.080779,0.233927,0.271941
-0.080327,0.233573,0.271215
-0.084458,0.233325,0.274200
-0.084698,0.236080,0.274428
-0.085973,0.234727,0.273848
-0.087721,0.234897,0.272608
-0.090045,0.233819,0.275089
-0.087914,0.236507,0.275758
-0.090560,0.236395,0.274522
-0.091874,0.235687,0.274049
-0.092303,0.236381,0.275167
-0.093727,0.237937,0.277376
-0.093911,0.237171,0.275509
-0.095414,0.237177,0.275805
-0.096078,0.239828,0.275737
-0.096545,0.236410,0.276208
-0.096653,0.238770,0.275862
-0.099237,0.237921,0.275629
-0.100318,0.237396,0.274797
-0.100371,0.238740,0.276586
-0.100614,0.240989,0.278740
-0.102760,0.236373,0.278498
-0.104455,0.240641,0.276282
-0.106037,0.238457,0.277665
-0.105562,0.240560,0.280200
-0.106174,0.240240,0.279957
-0.106775,0.239510,0.277387
-0.108747,0.236588,0.275435
-0.110919,0.233486,0.272830
-0.111683,0.231209,0.272003
-0.112814,0.228869,0.268883
-0.114150,0.226338,0.268184
-0.115385,0.227159,0.265701
-0.114744,0.222280,0.264819
-0.114263,0.221605,0.263390
-0.118394,0.218173,0.260634
-0.118083,0.216801,0.257911
-0.119835,0.211768,0.255539
-0.121000,0.209103,0.252000
-0.121478,0.208677,0.251923
-0.122782,0.204931,0.247812
-0.125580,0.201532,0.247715
-0.125200,0.200880,0.245023
-0.125773,0.198695,0.241382
-0.128417,0.196039,0.239183
-0.129295,0.193233,0.236599
-0.129414,0.190892,0.234971
-0.130696,0.187030,0.232711
-0.133095,0.184756,0.232046
-0.130244,0.180591,0.229589
-0.134498,0.178689,0.226310
-0.134901,0.177084,0.223793
-0.138330,0.176915,0.221834
-0.136143,0.173890,0.220593
-0.138439,0.170478,0.217709
-0.138185,0.168916,0.215356
-0.140093,0.164452,0.212183
-0.141982,0.163258,0.211037
-0.142961,0.158067,0.208410
-0.143617,0.159101,0.205191
-0.144658,0.153657,0.205805
-0.145774,0.152237,0.201201
-0.146805,0.148960,0.199302
-0.146770,0.145491,0.198262
-0.151238,0.144409,0.194717
0.159548,0.170782,0.219211
0.157660,0.169607,0.220977
0.156614,0.171478,0.220247
0.155517,0.172598,0.221107
0.156636,0.169890,0.223574
0.153964,0.169492,0.218666
0.153542,0.171113,0.222724
0.154558,0.171516,0.220798
0.151182,0.172663,0.223795
0.148974,0.172056,0.223141
0.148738,0.172852,0.224711
0.149052,0.173520,0.221870
0.147755,0.173941,0.223302
0.147318,0.174255,0.222152
0.145185,0.174394,0.223811
0.144105,0.174837,0.224411
0.142611,0.173614,0.223480
0.141966,0.174874,0.222709
0.140420,0.177407,0.224998
0.137824,0.173932,0.223913
0.138788,0.176935,0.223989
0.135560,0.178710,0.225865
0.134851,0.175572,0.226266
0.135729,0.177111,0.225430
0.133242,0.177913,0.226084
0.132641,0.176636,0.226871
0.129853,0.178329,0.227061
0.130617,0.179589,0.228172
0.129501,0.180412,0.227438
0.128425,0.178542,0.227872
0.128667,0.178941,0.228943
0.125331,0.178106,0.230329
0.124198,0.178985,0.228691
0.123236,0.179750,0.228362
0.122410,0.181968,0.226938
0.120383,0.181690,0.227033
0.121617,0.180820,0.230591
0.119802,0.179984,0.229855
0.120075,0.183110,0.230988
0.117465,0.180475,0.229983
0.115969,0.184057,0.232181
0.115773,0.183906,0.231751
0.114421,0.183850,0.232523
0.112688,0.183024,0.232531
0.111136,0.184549,0.233612
0.110561,0.185793,0.234081
0.112062,0.185797,0.232795
0.109773,0.185887,0.233035
0.110263,0.186668,0.236336
0.107625,0.186309,0.236630
0.105877,0.189009,0.235727
0.105415,0.190516,0.235753
0.103176,0.189328,0.234537
0.101502,0.190605,0.237984
0.100324,0.193668,0.238922
0.099853,0.195135,0.240478
0.097888,0.195742,0.240931
0.095481,0.197113,0.241583
0.095827,0.198311,0.242929
0.094288,0.199523,0.245251
0.091730,0.203325,0.246753
0.091418,0.212518,0.258469
0.089508,0.214213,0.259318
0.089380,0.214924,0.259044
0.086606,0.215182,0.259438
0.086000,0.213370,0.259621
0.085236,0.213512,0.257907
0.082662,0.214418,0.257435
0.081771,0.216751,0.256266
0.081599,0.217416,0.260213
0.081149,0.217105,0.260443
0.080026,0.216066,0.261088
0.079262,0.216334,0.260992
0.078030,0.216433,0.259843
0.076186,0.215900,0.261347
0.075586,0.216049,0.262635
0.076373,0.216796,0.263399
0.073796,0.218443,0.262029
0.073151,0.218095,0.260806
0.071144,0.217614,0.262353
0.070649,0.220809,0.262486
0.067814,0.220183,0.262242
0.069581,0.219561,0.263215
0.067514,0.222469,0.263684
0.065654,0.219721,0.262762
0.063493,0.222320,0.265695
0.064110,0.221191,0.263549
0.064658,0.221422,0.263653
0.062406,0.221894,0.263381
0.062379,0.223111,0.265556
0.061968,0.222017,0.266078
0.057150,0.223037,0.263866
0.058774,0.222324,0.264071
0.056792,0.223914,0.266247
0.056600,0.225372,0.266970
0.055412,0.223151,0.265219
0.053371,0.223136,0.266698
0.053823,0.225671,0.267178
0.051531,0.226318,0.266877
0.049733,0.223858,0.268057
0.050064,0.226920,0.264976
0.047109,0.224593,0.268403
0.047490,0.227415,0.267592
0.047590,0.226298,0.268370
0.046468,0.227131,0.266666
0.044509,0.227554,0.268674
0.044629,0.228904,0.270160
0.042800,0.228668,0.268438
0.040605,0.229058,0.268277
0.040926,0.228240,0.268741
0.039898,0.228640,0.268736
0.036907,0.231001,0.270356
0.039101,0.228281,0.270523
0.037362,0.229637,0.272833
0.034182,0.228899,0.271006
0.033077,0.229956,0.272839
0.032350,0.229068,0.270255
0.032324,0.230912,0.272508
0.031149,0.231521,0.272169
0.029416,0.233253,0.271229
0.030535,0.230832,0.272941
0.027466,0.232133,0.273454
0.027446,0.233473,0.275709
0.025733,0.233458,0.273294
0.025548,0.233053,0.272965
0.024263,0.234338,0.274348
0.022362,0.232365,0.275245
0.022985,0.232606,0.273770
0.020716,0.232040,0.272913
0.019346,0.233691,0.275427
0.017878,0.235579,0.275118
0.017691,0.235143,0.275804
0.016243,0.235256,0.276393
0.015417,0.236265,0.277892
0.012154,0.234950,0.276392
0.013151,0.235697,0.276981
0.011831,0.236864,0.276369
0.011001,0.235810,0.275889
0.009743,0.239810,0.279432
0.009335,0.237017,0.278369
0.008414,0.238418,0.277360
0.006136,0.238978,0.277530
0.005572,0.238540,0.279977
0.005654,0.238897,0.278092
0.003283,0.239715,0.278256
0.001273,0.240191,0.278507
0.002753,0.237903,0.278444
0.000120,0.239821,0.280545
0.001143,0.239275,0.279808
0.000258,0.240557,0.280176
-0.001868,0.239402,0.280462
-0.004681,0.243047,0.282307
-0.003033,0.239267,0.281167
-0.006721,0.240718,0.280918
-0.006543,0.238798,0.280093
-0.006415,0.237892,0.277859
-0.009070,0.236950,0.278216
-0.007242,0.235158,0.276944
-0.009762,0.236418,0.276771
-0.010364,0.235762,0.276158
-0.013673,0.234397,0.276224
-0.012945,0.234399,0.275003
-0.013315,0.231352,0.274423
-0.014710,0.231075,0.273738
-0.014807,0.229574,0.273470
-0.015942,0.230615,0.272392
-0.017222,0.231921,0.271227
-0.018748,0.230508,0.270787
-0.021026,0.229936,0.271526
-0.018730,0.229665,0.271822
-0.021345,0.228471,0.270899
-0.022411,0.227910,0.270522
-0.024254,0.226431,0.270945
-0.023781,0.228043,0.270495
-0.026998,0.226107,0.269099
-0.025920,0.226107,0.267430
-0.027954,0.226632,0.268532
-0.028609,0.227302,0.270069
-0.029215,0.228099,0.266814
-0.029932,0.225869,0.268963
-0.031226,0.223790,0.268781
-0.031490,0.225022,0.267193
-0.034201,0.227079,0.268277
-0.034639,0.226417,0.267378
-0.037386,0.226325,0.267537
-0.035856,0.224954,0.267670
-0.037543,0.225223,0.266351
-0.039222,0.223911,0.266591
-0.038741,0.225184,0.267417
-0.042569,0.223775,0.267091
-0.041448,0.223750,0.264126
-0.042192,0.224457,0.267980
-0.043311,0.226231,0.267080
-0.044169,0.224423,0.267391
-0.047202,0.224529,0.265941
-0.046734,0.223112,0.268099
-0.048616,0.224678,0.265741
-0.049349,0.224368,0.265536
-0.049374,0.223335,0.264886
-0.049921,0.223804,0.265057
-0.051982,0.221123,0.265105
-0.053674,0.223404,0.266549
-0.054583,0.224495,0.266197
-0.054086,0.224667,0.267944
-0.056867,0.225042,0.266529
-0.056404,0.224322,0.267166
-0.057027,0.224726,0.269140
-0.059370,0.225738,0.267225
-0.059070,0.225809,0.267847
-0.061346,0.226447,0.267574
-0.062791,0.225897,0.268641
-0.062441,0.226742,0.266869
-0.065440,0.226368,0.269467
-0.065260,0.227405,0.267869
-0.067395,0.228369,0.269140
-0.068442,0.229156,0.267523
-0.066673,0.229341,0.269664
-0.070261,0.229446,0.269848
-0.070337,0.228755,0.269606
-0.070098,0.230006,0.271100
-0.071294,0.229787,0.270726
-0.074053,0.230271,0.269882
-0.076153,0.229776,0.271313
-0.075257,0.231179,0.270850
-0.076042,0.231882,0.271752
-0.077298,0.231611,0.272098
-0.078702,0.233074,0.272266
-0.081844,0.232365,0.272671
-0.082150,0.232134,0.272605
-0.082643,0.232939,0.274858
-0.082916,0.232860,0.273941
-0.082757,0.231472,0.273542
-0.083774,0.231596,0.275116
-0.086186,0.233363,0.275464
-0.086594,0.234457,0.276450
-0.088600,0.233795,0.273971
-0.089253,0.235684,0.274866
-0.089680,0.235488,0.276680
-0.091449,0.233255,0.275411
-0.091217,0.234498,0.275433
-0.091963,0.235413,0.277888
-0.094810,0.234776,0.274579
-0.094215,0.236506,0.275877
-0.094757,0.236465,0.275759
-0.096851,0.236548,0.278256
-0.098593,0.235660,0.278149
-0.097068,0.236271,0.279407
-0.100484,0.235238,0.278898
-0.101666,0.236471,0.279848
-0.101580,0.237703,0.278102
-0.102716,0.236735,0.280562
-0.103017,0.237318,0.277963
-0.104699,0.238145,0.276073
-0.106515,0.240147,0.279313
-0.107858,0.238817,0.278645
-0.108558,0.238598,0.280219
-0.109919,0.235843,0.275876
-0.110090,0.233891,0.273969
-0.110635,0.229515,0.272923
-0.113865,0.229784,0.272246
-0.114537,0.224704,0.268172
-0.115094,0.224710,0.266001
-0.115236,0.223822,0.264868
-0.117257,0.221448,0.262746
-0.118499,0.216437,0.259747
-0.118048,0.215104,0.258896
-0.119962,0.210462,0.254769
-0.120506,0.210526,0.254825
-0.122653,0.206099,0.252256
-0.122697,0.205287,0.249482
-0.124429,0.205243,0.248383
-0.126246,0.201003,0.245349
-0.126718,0.196797,0.245183
-0.125542,0.195043,0.242161
-0.127981,0.192212,0.238308
-0.129579,0.191730,0.237525
-0.129675,0.186976,0.234833
-0.131896,0.184080,0.231571
-0.133464,0.182333,0.229350
-0.133402,0.179705,0.228229
-0.132280,0.175691,0.226497
-0.134993,0.173182,0.224095
-0.137193,0.172525,0.223095
-0.137362,0.169114,0.218481
-0.139546,0.167298,0.217392
-0.140801,0.165629,0.215131
-0.140696,0.161784,0.211595
-0.142387,0.158710,0.209510
-0.145067,0.155966,0.207734
-0.144759,0.153402,0.205904
-0.146887,0.151401,0.203264
-0.147222,0.150616,0.199475
-0.147555,0.147123,0.198970
-0.150686,0.143947,0.197246
0.158116,0.169893,0.222835
0.157574,0.170113,0.221808
0.158611,0.169940,0.221922
0.157507,0.169797,0.221593
0.155737,0.167737,0.224644
0.154225,0.172095,0.223770
0.153201,0.171721,0.223144
0.154562,0.172288,0.223233
0.152329,0.172309,0.225518
0.149887,0.173062,0.223942
0.148853,0.173574,0.223941
0.147337,0.172042,0.223721
0.145351,0.171857,0.223462
0.145776,0.173180,0.224436
0.144719,0.174151,0.225244
0.145161,0.174326,0.224799
0.143726,0.173205,0.224655
0.141190,0.174756,0.225094
0.140770,0.174389,0.224329
0.138278,0.174464,0.224353
0.137231,0.174394,0.225704
0.135949,0.173843,0.227051
0.135981,0.176164,0.226183
0.135247,0.176431,0.226092
0.133064,0.177451,0.227537
0.132994,0.176771,0.227653
0.131682,0.179507,0.226882
0.130186,0.178317,0.225527
0.128815,0.179577,0.229217
0.127922,0.176871,0.227991
0.126846,0.178615,0.230608
0.127327,0.180454,0.229015
0.125546,0.179502,0.229347
0.122787,0.179961,0.228546
0.120581,0.179760,0.230513
0.121090,0.178665,0.231397
0.120880,0.181497,0.230755
0.119029,0.182413,0.230888
0.117977,0.180812,0.230347
0.119324,0.184671,0.231208
0.115622,0.183051,0.234321
0.114770,0.181164,0.233398
0.112465,0.183043,0.234122
0.113520,0.185908,0.231536
0.112610,0.182875,0.233987
0.110742,0.184522,0.235146
0.109244,0.186003,0.236522
0.107691,0.185804,0.235557
0.106823,0.186597,0.236254
0.106623,0.186970,0.235485
0.104723,0.189194,0.236999
0.102956,0.188234,0.236096
0.103939,0.191015,0.236806
0.100209,0.190886,0.239181
0.100249,0.193203,0.240168
0.100875,0.192446,0.238192
0.098792,0.194148,0.241148
0.095627,0.195038,0.243835
0.095515,0.197103,0.244343
0.095057,0.199436,0.247627
0.091924,0.203246,0.248265
0.090810,0.212030,0.258071
0.089409,0.214498,0.259436
0.089450,0.214476,0.258701
0.087593,0.214865,0.260061
0.085442,0.215447,0.257981
0.084331,0.215427,0.260786
0.084537,0.217005,0.259240
0.082533,0.216003,0.259072
0.082527,0.216738,0.262623
0.082073,0.217649,0.259839
0.078748,0.216196,0.261859
0.078506,0.217297,0.260775
0.077366,0.216092,0.262689
0.077107,0.217852,0.261990
0.076586,0.217229,0.261080
0.075631,0.216387,0.261680
0.073157,0.218374,0.263234
0.072444,0.219067,0.264983
0.069689,0.218915,0.261933
0.070427,0.220458,0.261087
0.069661,0.220268,0.263893
0.069228,0.219205,0.264423
0.067069,0.219703,0.265813
0.065752,0.219078,0.265580
0.065240,0.220428,0.264804
0.062781,0.221848,0.265039
0.064143,0.219178,0.265534
0.062226,0.221656,0.265289
0.060978,0.221745,0.267179
0.058710,0.222886,0.267907
0.058838,0.223381,0.266824
0.056768,0.223671,0.266501
0.055936,0.222403,0.266285
0.057023,0.223920,0.269114
0.053875,0.223082,0.267032
0.053354,0.224836,0.267831
0.053735,0.226407,0.268562
0.052993,0.225215,0.270041
0.047889,0.226018,0.267174
0.049330,0.224947,0.270476
0.049189,0.226236,0.268734
0.047418,0.227279,0.271202
0.046287,0.226050,0.268527
0.047137,0.226817,0.269590
0.045011,0.226083,0.270201
0.043906,0.227281,0.270818
0.042060,0.227146,0.269965
0.042187,0.226462,0.271081
0.039980,0.228375,0.271621
0.039077,0.226481,0.270684
0.037805,0.229125,0.269227
0.035767,0.229314,0.273154
0.036164,0.230887,0.273266
0.036084,0.229588,0.270791
0.034051,0.230175,0.271724
0.034657,0.231062,0.272620
0.031279,0.230179,0.273124
0.031962,0.231430,0.274321
0.030053,0.233364,0.272895
0.029524,0.231321,0.275085
0.027644,0.230870,0.274027
0.028123,0.231624,0.273579
0.025729,0.232106,0.276038
0.025604,0.234075,0.274890
0.023144,0.231779,0.276120
0.020452,0.232855,0.274923
0.021758,0.233681,0.277257
0.021187,0.234072,0.275784
0.020224,0.234885,0.277878
0.018835,0.235427,0.277919
0.016468,0.235386,0.276182
0.017839,0.235131,0.277749
0.016310,0.235814,0.279873
0.013979,0.233355,0.276756
0.012793,0.233416,0.278306
0.012927,0.235922,0.279110
0.011712,0.235419,0.281389
0.010140,0.236283,0.280672
0.007312,0.237933,0.277849
0.006609,0.238195,0.277976
0.006872,0.237061,0.279520
0.004934,0.238896,0.279576
0.007131,0.237959,0.279662
0.004157,0.236741,0.280334
0.005421,0.239806,0.280194
0.002752,0.239001,0.280962
0.000409,0.239533,0.279215
-0.001297,0.239998,0.280276
0.000132,0.239090,0.281153
-0.002691,0.239912,0.280685
-0.002756,0.239478,0.282547
-0.005367,0.243510,0.283578
-0.005515,0.240284,0.282691
-0.006167,0.238419,0.280869
-0.005802,0.238241,0.277688
-0.008393,0.236926,0.276886
-0.009637,0.235010,0.277655
-0.009888,0.234380,0.276040
-0.011871,0.233463,0.275535
-0.010116,0.232460,0.275657
-0.013973,0.231846,0.276089
-0.013451,0.233614,0.274816
-0.013832,0.229838,0.275380
-0.015764,0.233206,0.274745
-0.015448,0.229065,0.274151
-0.017781,0.229529,0.274126
-0.019817,0.228914,0.270837
-0.018155,0.228825,0.271090
-0.020224,0.228221,0.270990
-0.021315,0.229814,0.270496
-0.022996,0.229877,0.270748
-0.022959,0.225833,0.269367
-0.025483,0.224825,0.269776
-0.026830,0.227461,0.270952
-0.025660,0.227461,0.268845
-0.027612,0.225468,0.268028
-0.029800,0.224130,0.269974
-0.029465,0.224681,0.268501
-0.030759,0.226257,0.268797
-0.032628,0.225895,0.269699
-0.034037,0.225831,0.268914
-0.032675,0.225536,0.268470
-0.036699,0.224607,0.267261
-0.034198,0.224959,0.266665
-0.035328,0.222951,0.268622
-0.039781,0.224613,0.269735
-0.039822,0.222739,0.267840
-0.040314,0.225707,0.266985
-0.041079,0.223192,0.266576
-0.043357,0.222583,0.266239
-0.041995,0.222099,0.266878
-0.044743,0.223331,0.267031
-0.045078,0.221889,0.268309
-0.045998,0.221408,0.269689
-0.045152,0.220973,0.266162
-0.049516,0.222370,0.268154
-0.050198,0.223753,0.266188
-0.048528,0.223071,0.265992
-0.051896,0.225183,0.266587
-0.052544,0.223362,0.267958
-0.053527,0.223326,0.266379
-0.055510,0.225254,0.268595
-0.056258,0.223259,0.269041
-0.055098,0.223981,0.266575
-0.057015,0.224619,0.268295
-0.058128,0.223927,0.267544
-0.058885,0.224555,0.267398
-0.061163,0.225422,0.267999
-0.062531,0.224555,0.267807
-0.062155,0.224570,0.269233
-0.064027,0.225854,0.268388
-0.065460,0.225532,0.268392
-0.068110,0.227635,0.270317
-0.067096,0.225284,0.269458
-0.067184,0.225266,0.269322
-0.069653,0.225772,0.271693
-0.070648,0.227749,0.271418
-0.072276,0.228015,0.271471
-0.071247,0.228342,0.270976
-0.071461,0.228492,0.270157
-0.074024,0.230298,0.273153
-0.076683,0.228661,0.272007
-0.075688,0.228914,0.272261
-0.077809,0.230248,0.272436
-0.078071,0.229400,0.272953
-0.079990,0.231579,0.275526
-0.078583,0.230640,0.274306
-0.079449,0.229735,0.273340
-0.081941,0.229463,0.273782
-0.082657,0.232368,0.273832
-0.085076,0.233248,0.274815
-0.086050,0.229730,0.275775
-0.085185,0.232633,0.274493
-0.087342,0.232101,0.276375
-0.090198,0.233558,0.276532
-0.088710,0.233236,0.274844
-0.089312,0.232213,0.274959
-0.091841,0.234167,0.276827
-0.091666,0.233748,0.278730
-0.093011,0.233994,0.277443
-0.092994,0.234939,0.276954
-0.094958,0.235458,0.275527
-0.097647,0.236036,0.276126
-0.097435,0.234144,0.278303
-0.098809,0.237242,0.278573
-0.097328,0.236344,0.278758
-0.100371,0.237021,0.274673
-0.100907,0.237190,0.276532
-0.102869,0.234520,0.276486
-0.101808,0.237063,0.279695
-0.105030,0.238792,0.280238
-0.104621,0.236520,0.280994
-0.107492,0.236237,0.280604
-0.105684,0.237977,0.279347
-0.107459,0.237085,0.280707
-0.110091,0.237872,0.278969
-0.111844,0.233250,0.275972
-0.113053,0.232012,0.274229
-0.113052,0.228812,0.273219
-0.113388,0.224881,0.269569
-0.114163,0.225510,0.267798
-0.114829,0.220369,0.264518
-0.118944,0.218607,0.264682
-0.116527,0.217431,0.260348
-0.116553,0.213800,0.259892
-0.118231,0.212492,0.257160
-0.120474,0.211398,0.255505
-0.120443,0.206166,0.252499
-0.122716,0.206436,0.250908
-0.123144,0.202345,0.249263
-0.124310,0.200798,0.246785
-0.126301,0.196568,0.244922
-0.127462,0.194652,0.242173
-0.127447,0.191169,0.240961
-0.129832,0.190091,0.238150
-0.130829,0.186453,0.235909
-0.132047,0.183798,0.233141
-0.132550,0.182669,0.232313
-0.134483,0.178771,0.230161
-0.135188,0.177099,0.225707
-0.135540,0.174006,0.226061
-0.137728,0.172880,0.223029
-0.137086,0.170540,0.221002
-0.140967,0.166742,0.218259
-0.138526,0.163148,0.216733
-0.140425,0.160765,0.214433
-0.142023,0.158796,0.211553
-0.141880,0.155656,0.209868
-0.146988,0.154401,0.206480
-0.146836,0.151667,0.203799
-0.148015,0.147653,0.203147
-0.147952,0.143115,0.199230
-0.151118,0.144040,0.197352
0.159034,0.167958,0.221456
0.159043,0.170960,0.222834
0.157979,0.169400,0.221959
0.156367,0.170403,0.224123
0.157719,0.169723,0.223937
0.154413,0.170189,0.223330
0.154120,0.173156,0.223517
0.151874,0.171445,0.225209
0.153301,0.172679,0.223374
0.151004,0.173893,0.225217
0.149987,0.171665,0.224982
0.148887,0.172092,0.226150
0.146663,0.172317,0.226296
0.146257,0.173146,0.225303
0.144917,0.173159,0.225433
0.144581,0.172638,0.227338
0.142926,0.173290,0.226617
0.141293,0.172211,0.226389
0.140549,0.173871,0.226964
0.139638,0.175712,0.227078
0.137903,0.174748,0.228082
0.138399,0.175274,0.228189
0.134813,0.175517,0.227798
0.134020,0.175925,0.229207
0.133340,0.176411,0.229585
0.132858,0.177036,0.226473
0.132053,0.177111,0.227669
0.132472,0.176018,0.229783
0.130843,0.176342,0.229031
0.127386,0.178949,0.228042
0.128607,0.179052,0.231570
0.126307,0.178796,0.231457
0.124384,0.177791,0.231627
0.124588,0.179187,0.231119
0.124136,0.179298,0.231755
0.120631,0.180362,0.231152
0.121081,0.179963,0.232605
0.120419,0.181315,0.230284
0.116800,0.183336,0.234624
0.118110,0.183673,0.234106
0.115706,0.180849,0.235153
0.113729,0.183280,0.231898
0.111922,0.182166,0.234238
0.112782,0.184569,0.233577
0.110877,0.184342,0.233668
0.111072,0.184808,0.235810
0.110278,0.185313,0.235406
0.107804,0.184385,0.233482
0.106651,0.186772,0.236673
0.105830,0.184942,0.237063
0.105500,0.187447,0.237713
0.105247,0.187922,0.238843
0.103884,0.190531,0.240671
0.101212,0.189144,0.239809
0.099505,0.192303,0.240063
0.100518,0.191789,0.242110
0.099010,0.193472,0.243792
0.097922,0.196318,0.242927
0.095040,0.197986,0.246664
0.094232,0.198915,0.247588
0.092765,0.202386,0.251519
0.090347,0.214045,0.261701
0.088840,0.214595,0.260901
0.087677,0.212177,0.259725
0.087131,0.212981,0.261270
0.086435,0.213983,0.260159
0.085593,0.213277,0.261809
0.083862,0.214204,0.261826
0.083001,0.213755,0.261648
0.081922,0.216108,0.261423
0.080787,0.214284,0.263093
0.079439,0.215942,0.262391
0.078032,0.215364,0.261639
0.076046,0.216374,0.261350
0.074521,0.214327,0.262348
0.075128,0.217480,0.263056
0.074243,0.217851,0.265066
0.074351,0.218281,0.265714
0.073122,0.218177,0.265304
0.071027,0.219385,0.263799
0.070948,0.219139,0.265637
0.070699,0.217930,0.265485
0.069425,0.220211,0.266475
0.067170,0.220855,0.264877
0.067314,0.220262,0.265485
0.066312,0.219879,0.267496
0.063430,0.219892,0.267577
0.062307,0.222751,0.266292
0.064673,0.220339,0.268392
0.061056,0.219177,0.267170
0.058359,0.220829,0.266944
0.057916,0.220615,0.267508
0.059370,0.221820,0.269386
0.057231,0.223803,0.267836
0.055421,0.223526,0.268586
0.056456,0.224315,0.267814
0.054687,0.223352,0.270283
0.051988,0.224521,0.269542
0.052488,0.224018,0.270421
0.050704,0.224794,0.270370
0.050237,0.223945,0.269181
0.047244,0.225659,0.269641
0.048115,0.225253,0.269453
0.047405,0.227645,0.272309
0.045071,0.226294,0.270426
0.044833,0.223811,0.271795
0.044488,0.227291,0.271926
0.042090,0.226734,0.271194
0.041081,0.227618,0.271720
0.040256,0.226711,0.271826
0.039000,0.228555,0.274836
0.038089,0.229306,0.272284
0.037566,0.230497,0.275275
0.036302,0.228611,0.272713
0.034556,0.230363,0.273267
0.033018,0.229919,0.273798
0.032281,0.229421,0.274334
0.031264,0.230037,0.275046
0.030002,0.229780,0.274617
0.029804,0.229112,0.275755
0.028976,0.232062,0.274627
0.028095,0.230514,0.276500
0.025319,0.230716,0.274684
0.024879,0.231309,0.274582
0.023650,0.232960,0.277726
0.023770,0.231055,0.277002
0.022861,0.232791,0.276565
0.020623,0.234042,0.275706
0.018065,0.232468,0.277483
0.018335,0.233413,0.276684
0.016902,0.234191,0.278075
0.016930,0.235144,0.278604
0.014812,0.231191,0.277325
0.015588,0.234565,0.279838
0.015004,0.235491,0.277145
0.012025,0.235408,0.280450
0.012998,0.236377,0.280006
0.010678,0.236941,0.278183
0.010462,0.236106,0.279391
0.007824,0.235092,0.280291
0.009305,0.237144,0.280650
0.006380,0.237807,0.279759
0.006015,0.237493,0.280267
0.005582,0.236985,0.280843
0.003783,0.237248,0.279323
0.002371,0.238696,0.280763
0.003659,0.240409,0.281019
0.000761,0.237667,0.282407
0.000271,0.238967,0.282735
0.000588,0.238776,0.282851
0.000011,0.240426,0.283012
-0.003354,0.240908,0.283154
-0.002276,0.238954,0.284222
-0.004828,0.239566,0.281635
-0.006513,0.239298,0.282243
-0.006390,0.234744,0.279952
-0.008314,0.235048,0.279119
-0.006727,0.233813,0.279145
-0.009667,0.233085,0.277317
-0.011388,0.233548,0.276427
-0.012624,0.233495,0.277269
-0.014638,0.231522,0.277202
-0.014809,0.230136,0.274951
-0.015579,0.232869,0.275939
-0.015796,0.228721,0.273576
-0.015862,0.227809,0.272982
-0.017437,0.230343,0.273300
-0.018329,0.231093,0.273768
-0.020053,0.226020,0.273638
-0.021992,0.225924,0.272166
-0.021662,0.228184,0.271446
-0.023041,0.228506,0.270621
-0.024964,0.228926,0.271842
-0.024703,0.225599,0.269893
-0.025908,0.226595,0.271447
-0.026444,0.225954,0.272574
-0.026592,0.224110,0.271434
-0.030201,0.224610,0.270627
-0.029796,0.224297,0.270475
-0.032619,0.225344,0.268667
-0.034455,0.224451,0.271119
-0.032660,0.223427,0.268762
-0.032793,0.223099,0.267538
-0.034648,0.224405,0.269178
-0.035039,0.223189,0.268450
-0.038895,0.221061,0.268349
-0.037888,0.221573,0.268973
-0.039016,0.222589,0.267379
-0.041890,0.221893,0.268323
-0.040180,0.222168,0.268050
-0.040039,0.221977,0.267234
-0.042664,0.222386,0.268012
-0.043067,0.222853,0.268472
-0.045128,0.222907,0.267900
-0.046133,0.221687,0.268912
-0.046918,0.221794,0.267676
-0.045921,0.221818,0.269846
-0.048571,0.222801,0.266910
-0.049914,0.223213,0.267720
-0.053401,0.223087,0.267951
-0.051633,0.221857,0.268789
-0.051568,0.223036,0.267490
-0.054138,0.224736,0.268469
-0.054987,0.222445,0.267444
-0.057462,0.224226,0.267495
-0.057377,0.221997,0.268648
-0.057951,0.224176,0.269967
-0.059196,0.223809,0.267258
-0.061456,0.225614,0.267413
-0.064426,0.223543,0.267616
-0.062896,0.222663,0.267868
-0.063402,0.224384,0.270266
-0.064846,0.224806,0.268712
-0.064258,0.225030,0.269050
-0.065574,0.223570,0.269477
-0.069365,0.225309,0.270364
-0.068120,0.225768,0.270237
-0.069713,0.226311,0.273007
-0.070128,0.225603,0.272479
-0.070802,0.226564,0.272595
-0.074398,0.226777,0.272044
-0.074760,0.226691,0.271581
-0.074227,0.229201,0.270228
-0.074600,0.228191,0.272100
-0.077155,0.230449,0.273675
-0.079504,0.229184,0.272822
-0.079160,0.227911,0.273558
-0.079934,0.229298,0.273595
-0.081136,0.230898,0.275061
-0.081342,0.231037,0.273731
-0.084196,0.228950,0.274645
-0.084918,0.231099,0.275582
-0.086414,0.230334,0.276211
-0.085149,0.232874,0.276934
-0.088732,0.232013,0.275074
-0.087696,0.232302,0.276593
-0.089478,0.231708,0.275253
-0.089412,0.232826,0.276073
-0.090762,0.232772,0.276899
-0.089758,0.233989,0.276898
-0.093466,0.233367,0.278330
-0.093390,0.232619,0.277960
-0.094690,0.232796,0.277338
-0.096022,0.234878,0.275845
-0.096689,0.234612,0.276894
-0.097072,0.233303,0.279393
-0.100512,0.234453,0.278006
-0.101637,0.233995,0.279017
-0.100575,0.235200,0.277311
-0.101375,0.235821,0.276840
-0.103761,0.235702,0.278294
-0.105446,0.236425,0.279312
-0.105724,0.234683,0.278793
-0.104567,0.237218,0.281335
-0.108951,0.235636,0.281665
-0.108610,0.236800,0.281936
-0.109905,0.235520,0.278909
-0.109810,0.232256,0.278438
-0.110456,0.229746,0.274192
-0.112362,0.227005,0.272384
-0.111587,0.226868,0.271891
-0.114923,0.223924,0.267741
-0.115423,0.222100,0.267455
-0.118016,0.218052,0.265194
-0.116783,0.216312,0.262376
-0.118629,0.216195,0.262075
-0.119425,0.211175,0.257619
-0.122567,0.209117,0.257086
-0.120409,0.207412,0.254877
-0.122296,0.202100,0.252520
-0.124457,0.202137,0.250943
-0.126678,0.199742,0.249428
-0.125772,0.195666,0.244743
-0.127304,0.194357,0.241871
-0.128890,0.191027,0.241654
-0.128265,0.188755,0.239280
-0.131605,0.187365,0.237134
-0.131964,0.183985,0.235818
-0.132584,0.180563,0.232932
-0.133024,0.178735,0.230607
-0.135168,0.176337,0.229170
-0.137283,0.174622,0.225557
-0.135942,0.170963,0.225014
-0.138356,0.168518,0.223199
-0.141335,0.166014,0.219162
-0.138920,0.164783,0.217154
-0.140588,0.161339,0.215148
-0.142917,0.157877,0.210785
-0.144141,0.155481,0.211152
-0.145032,0.154603,0.207409
-0.148155,0.150725,0.207860
-0.148040,0.147153,0.201725
-0.149478,0.143903,0.200724
-0.147937,0.142777,0.199912
0.159909,0.169338,0.223959
0.160361,0.170696,0.224088
0.160321,0.170326,0.224596
0.155804,0.170712,0.224541
0.156605,0.170719,0.222447
0.155224,0.169892,0.225610
0.152327,0.171321,0.225171
0.151691,0.171846,0.225840
0.151854,0.171989,0.225834
0.152157,0.172216,0.226273
0.150027,0.171221,0.227846
0.148572,0.171336,0.229403
0.145543,0.171680,0.227032
0.146267,0.171905,0.227131
0.146434,0.172377,0.225974
0.144394,0.172073,0.227126
0.142404,0.171904,0.228766
0.140524,0.175306,0.226166
0.140402,0.173248,0.228317
0.138966,0.174034,0.228460
0.138231,0.174762,0.229055
0.137532,0.175101,0.228970
0.136366,0.176913,0.228102
0.134821,0.173000,0.228756
0.134097,0.176011,0.228846
0.134544,0.176668,0.231339
0.132418,0.176170,0.230427
0.130278,0.177118,0.231100
0.130167,0.175624,0.231271
0.127546,0.177791,0.229551
0.128272,0.176738,0.229776
0.126212,0.177986,0.232296
0.125408,0.177794,0.231508
0.124436,0.179470,0.233880
0.122557,0.179134,0.232203
0.120966,0.179502,0.233295
0.120764,0.180084,0.232659
0.120347,0.180573,0.233609
0.118915,0.180614,0.233999
0.116715,0.180221,0.235548
0.116126,0.180421,0.234006
0.114399,0.180966,0.236961
0.114522,0.183309,0.233816
0.114178,0.183345,0.236049
0.112672,0.183568,0.235983
0.110753,0.184036,0.237249
0.109035,0.184345,0.235475
0.108202,0.185569,0.237824
0.107104,0.184876,0.238050
0.107388,0.185079,0.237645
0.104113,0.184969,0.238249
0.101492,0.190425,0.240681
0.101425,0.187789,0.240682
0.101778,0.190278,0.242376
0.101248,0.190123,0.241712
0.099399,0.188690,0.242950
0.098652,0.192847,0.244681
0.096892,0.194325,0.245036
0.096077,0.196538,0.247541
0.096879,0.198506,0.247843
0.091878,0.200981,0.250767
0.091702,0.213099,0.260883
0.089518,0.214589,0.262440
0.090172,0.213031,0.263011
0.086580,0.215037,0.261537
0.087261,0.211861,0.261702
0.084577,0.214132,0.260858
0.085153,0.212993,0.262344
0.081884,0.212709,0.263026
0.080844,0.215398,0.263494
0.081360,0.213632,0.264030
0.079858,0.215217,0.262239
0.080286,0.215790,0.264855
0.079096,0.215548,0.263589
0.075722,0.217542,0.264273
0.075207,0.218297,0.264206
0.074420,0.216666,0.264240
0.073112,0.216870,0.264527
0.074383,0.217055,0.266671
0.070040,0.217714,0.264850
0.071054,0.218879,0.266646
0.068150,0.219752,0.266372
0.068454,0.219644,0.266992
0.066492,0.220918,0.266017
0.066540,0.220536,0.269125
0.065006,0.221668,0.267336
0.064099,0.218940,0.268387
0.061848,0.220416,0.266720
0.062795,0.221024,0.267595
0.061317,0.223326,0.268112
0.059812,0.222240,0.269530
0.058612,0.222372,0.270185
0.059505,0.221642,0.266416
0.057593,0.224586,0.269927
0.055110,0.221601,0.269013
0.053185,0.223135,0.270261
0.052796,0.221395,0.269483
0.052823,0.222185,0.268573
0.052331,0.222810,0.270302
0.051643,0.223395,0.270121
0.050400,0.224368,0.272455
0.048792,0.223138,0.272667
0.048488,0.225076,0.270765
0.045899,0.224345,0.272609
0.045151,0.225499,0.272583
0.044723,0.225518,0.273585
0.041543,0.227736,0.272585
0.042400,0.225472,0.272126
0.040072,0.225724,0.272788
0.041500,0.226929,0.275241
0.039482,0.227775,0.274422
0.038706,0.227720,0.274795
0.037252,0.228248,0.273627
0.036577,0.229122,0.272646
0.035207,0.227019,0.275130
0.032898,0.229630,0.276483
0.033626,0.229245,0.276068
0.031118,0.227444,0.276885
0.030613,0.229390,0.275871
0.031151,0.230528,0.275316
0.029246,0.230271,0.276323
0.027454,0.231667,0.275820
0.025864,0.232168,0.276883
0.023614,0.229466,0.276806
0.024298,0.231599,0.277983
0.025469,0.231362,0.278279
0.023099,0.233107,0.276909
0.021624,0.233234,0.277660
0.019528,0.233335,0.278670
0.019201,0.232998,0.279477
0.019459,0.232485,0.279322
0.019044,0.232601,0.278588
0.016671,0.233839,0.279348
0.016171,0.235991,0.280641
0.014479,0.235311,0.277259
0.013216,0.235682,0.281232
0.012177,0.234213,0.281193
0.011806,0.235051,0.280549
0.011144,0.234716,0.281122
0.010911,0.236825,0.280984
0.007488,0.236429,0.280628
0.006735,0.237628,0.281157
0.005043,0.238061,0.281577
0.005492,0.237795,0.282487
0.004257,0.237114,0.279349
0.002501,0.239005,0.283578
0.001812,0.239630,0.282194
0.000804,0.238420,0.281960
-0.000966,0.238776,0.283239
0.000426,0.239619,0.283662
-0.002791,0.238439,0.283839
-0.003006,0.240553,0.284465
-0.003793,0.241707,0.283887
-0.003691,0.238449,0.283565
-0.004555,0.237778,0.281575
-0.007671,0.236356,0.280632
-0.008260,0.235726,0.280032
-0.011542,0.234363,0.279774
-0.009789,0.233289,0.278444
-0.010337,0.230460,0.278184
-0.012259,0.233391,0.277890
-0.011305,0.230772,0.277629
-0.012648,0.229988,0.274301
-0.016534,0.231122,0.275363
-0.014631,0.228159,0.275118
-0.017712,0.228208,0.276298
-0.018602,0.228272,0.276749
-0.020246,0.228356,0.274158
-0.019818,0.226853,0.274101
-0.020243,0.227842,0.272593
-0.023675,0.226885,0.272453
-0.022792,0.226617,0.271290
-0.023394,0.225310,0.273147
-0.024930,0.226356,0.271624
-0.027259,0.225604,0.271730
-0.026464,0.225130,0.269698
-0.026809,0.224985,0.273159
-0.028969,0.222184,0.269293
-0.028299,0.223210,0.271717
-0.031766,0.224530,0.271440
-0.030873,0.222480,0.270425
-0.033316,0.223421,0.270473
-0.032986,0.223896,0.269928
-0.034543,0.223566,0.270030
-0.036309,0.222411,0.269122
-0.037447,0.222434,0.268980
-0.037839,0.220887,0.267287
-0.040254,0.222110,0.269136
-0.041544,0.222172,0.268494
-0.040194,0.222213,0.267166
-0.041839,0.220798,0.267413
-0.044243,0.223517,0.268407
-0.044899,0.223775,0.269059
-0.044040,0.220725,0.267648
-0.045990,0.220670,0.269435
-0.048029,0.219941,0.269109
-0.047249,0.222072,0.267450
-0.050450,0.220638,0.267122
-0.050394,0.220200,0.269276
-0.051093,0.219680,0.268206
-0.052711,0.221562,0.268799
-0.055067,0.222546,0.268657
-0.053540,0.224144,0.268331
-0.054494,0.221766,0.268412
-0.055622,0.221650,0.268584
-0.058235,0.221764,0.268875
-0.058260,0.223408,0.271303
-0.059903,0.221926,0.267956
-0.059166,0.222865,0.268240
-0.062319,0.224709,0.269192
-0.062717,0.224049,0.268099
-0.064495,0.222224,0.269712
-0.064818,0.222231,0.270490
-0.065884,0.224090,0.270177
-0.066013,0.223547,0.269488
-0.066111,0.223540,0.270674
-0.068416,0.224430,0.270776
-0.069471,0.224234,0.270970
-0.071016,0.224194,0.271220
-0.071973,0.224807,0.272993
-0.072413,0.226735,0.272908
-0.073600,0.224723,0.271531
-0.074147,0.227142,0.275753
-0.076521,0.225227,0.270342
-0.076629,0.227841,0.272218
-0.076038,0.227949,0.275135
-0.078485,0.226437,0.276172
-0.081150,0.229629,0.273197
-0.080050,0.229425,0.276088
-0.080667,0.229330,0.276300
-0.083789,0.228775,0.274527
-0.083173,0.229725,0.273496
-0.084541,0.231457,0.274489
-0.084855,0.228557,0.276929
-0.086053,0.231762,0.275293
-0.086212,0.230561,0.277494
-0.090061,0.231185,0.277564
-0.091255,0.231797,0.276777
-0.090528,0.230181,0.277975
-0.094705,0.232548,0.277359
-0.092955,0.232681,0.276629
-0.094363,0.231239,0.279221
-0.093835,0.232057,0.277409
-0.097241,0.231411,0.279345
-0.096761,0.232196,0.279435
-0.097034,0.232601,0.277695
-0.097563,0.232204,0.279180
-0.098273,0.232519,0.279408
-0.101569,0.232627,0.278931
-0.102327,0.235034,0.280012
-0.101666,0.235753,0.277869
-0.101880,0.233394,0.278468
-0.103588,0.234652,0.280091
-0.106816,0.233509,0.281281
-0.106704,0.234171,0.279714
-0.106616,0.235796,0.280120
-0.108518,0.235802,0.280152
-0.110785,0.231869,0.279688
-0.111523,0.231794,0.276376
-0.113566,0.227512,0.276290
-0.113729,0.226538,0.271134
-0.113770,0.222206,0.270322
-0.113958,0.220913,0.269364
-0.117476,0.216992,0.265015
-0.117827,0.213994,0.264931
-0.120117,0.213744,0.261833
-0.119039,0.212021,0.259264
-0.119378,0.208320,0.258523
-0.120837,0.206791,0.253686
-0.123389,0.204830,0.252988
-0.122440,0.201251,0.252194
-0.125085,0.199374,0.248291
-0.126829,0.195410,0.247495
-0.127138,0.194281,0.245001
-0.128283,0.190627,0.242623
-0.127883,0.187026,0.240867
-0.131046,0.186779,0.237427
-0.132759,0.183614,0.234212
-0.133180,0.181625,0.232676
-0.134629,0.178576,0.231017
-0.134235,0.175755,0.230242
-0.135587,0.173426,0.226796
-0.136612,0.170486,0.224558
-0.138896,0.167456,0.224609
-0.140004,0.165242,0.222017
-0.140796,0.164295,0.217632
-0.143385,0.159054,0.216735
-0.144501,0.158906,0.215233
-0.144674,0.154110,0.211964
-0.144187,0.152198,0.208628
-0.145135,0.149107,0.207690
-0.147927,0.148022,0.206459
-0.147505,0.144193,0.204317
-0.150544,0.141881,0.201735
0.160734,0.169778,0.225044
0.159731,0.168899,0.225855
0.156470,0.169806,0.226095
0.156579,0.169093,0.225818
0.157221,0.170010,0.226535
0.154486,0.170831,0.225217
0.154842,0.171530,0.224924
0.151637,0.170061,0.229095
0.152594,0.169384,0.227710
0.149717,0.171218,0.227498
0.149055,0.172306,0.225404
0.148477,0.171491,0.228726
0.147390,0.172704,0.225743
0.146231,0.173059,0.226266
0.144106,0.172842,0.228321
0.143498,0.172289,0.227514
0.141749,0.172269,0.229427
0.140919,0.172969,0.229403
0.140196,0.173105,0.227714
0.138858,0.174000,0.230340
0.138541,0.175140,0.228463
0.135953,0.173366,0.228409
0.134774,0.176344,0.230443
0.134262,0.175163,0.231351
0.134996,0.175007,0.231083
0.132541,0.175788,0.232139
0.131178,0.175318,0.232234
0.130213,0.174902,0.230019
0.130574,0.174396,0.233382
0.129038,0.176686,0.230303
0.126534,0.176943,0.230602
0.126658,0.178844,0.232720
0.125987,0.177645,0.232516
0.123829,0.180672,0.232936
0.123366,0.179077,0.233033
0.120611,0.179414,0.235151
0.121644,0.179353,0.233987
0.120564,0.178847,0.231459
0.119249,0.179222,0.233345
0.117450,0.181375,0.233956
0.116199,0.178985,0.236207
0.113158,0.181221,0.236856
0.115960,0.182190,0.237673
0.114183,0.181369,0.236715
0.111972,0.184067,0.236203
0.110567,0.183911,0.237225
0.110006,0.182176,0.236710
0.108212,0.184898,0.237576
0.109305,0.185912,0.236916
0.106209,0.182433,0.239415
0.104789,0.185985,0.240389
0.103469,0.186658,0.240585
0.100697,0.188094,0.239569
0.101309,0.188738,0.242097
0.101292,0.189655,0.242113
0.098220,0.188578,0.244667
0.097163,0.194010,0.245451
0.095270,0.195342,0.247358
0.092162,0.196744,0.248772
0.094942,0.197041,0.250220
0.093013,0.202337,0.251676
0.091067,0.211220,0.262712
0.088825,0.213000,0.261900
0.088067,0.213704,0.262376
0.088656,0.213098,0.262303
0.085275,0.212334,0.264155
0.086950,0.214304,0.264230
0.082975,0.213706,0.262070
0.084700,0.214185,0.263566
0.081536,0.214807,0.265682
0.080938,0.214213,0.264263
0.079358,0.214424,0.264530
0.080461,0.217318,0.264292
0.079585,0.216325,0.265943
0.077030,0.217242,0.265442
0.075626,0.215875,0.264772
0.073581,0.217201,0.265479
0.074930,0.217259,0.266267
0.073405,0.217146,0.266458
0.070275,0.216871,0.266731
0.070728,0.217771,0.267602
0.069403,0.217486,0.267926
0.068585,0.216611,0.269213
0.068036,0.219041,0.266895
0.068882,0.219674,0.267216
0.066168,0.218588,0.267017
0.064447,0.217671,0.269129
0.062209,0.219633,0.267787
0.063959,0.221567,0.270910
0.061143,0.220694,0.270576
0.060995,0.221931,0.269707
0.056840,0.220697,0.268941
0.056765,0.221299,0.270797
0.057491,0.222377,0.271942
0.055044,0.223283,0.271128
0.054471,0.222135,0.272297
0.054785,0.223390,0.271238
0.052245,0.223401,0.271544
0.053244,0.222882,0.272108
0.051033,0.224206,0.271048
0.049015,0.224301,0.271337
0.047570,0.224062,0.273542
0.047877,0.222419,0.272857
0.047748,0.223296,0.273029
0.045375,0.225090,0.274840
0.045307,0.224079,0.274583
0.042895,0.226436,0.274523
0.040935,0.226284,0.275879
0.039942,0.225844,0.276594
0.042016,0.226377,0.276229
0.039086,0.227845,0.274116
0.039317,0.227720,0.273786
0.035944,0.228187,0.273545
0.037604,0.227899,0.274711
0.033591,0.228541,0.273237
0.035019,0.229216,0.276426
0.033774,0.229643,0.276292
0.033190,0.227465,0.275854
0.030981,0.229341,0.275924
0.030404,0.229655,0.276731
0.028572,0.229446,0.276404
0.028629,0.230147,0.277439
0.026931,0.231517,0.275365
0.025143,0.230913,0.277314
0.024958,0.230347,0.277950
0.024439,0.232000,0.278432
0.022110,0.230642,0.279536
0.022308,0.232014,0.279907
0.020116,0.232690,0.279994
0.020497,0.230909,0.280105
0.017397,0.232988,0.280038
0.015905,0.235151,0.281245
0.016414,0.233805,0.280099
0.017158,0.233602,0.281212
0.014102,0.234159,0.281974
0.013779,0.234679,0.283179
0.012866,0.234197,0.282961
0.012044,0.235630,0.281124
0.010102,0.235349,0.282489
0.010333,0.235056,0.281703
0.009718,0.235762,0.281972
0.007389,0.235755,0.282399
0.006197,0.237130,0.284539
0.004981,0.236682,0.282472
0.005546,0.236952,0.284409
0.002467,0.236909,0.283763
0.003132,0.237489,0.283814
0.001742,0.237597,0.285086
0.001647,0.241107,0.285327
-0.000739,0.240497,0.285607
-0.001253,0.240146,0.284786
-0.004337,0.239235,0.283836
-0.002910,0.239182,0.285747
-0.006408,0.238470,0.284720
-0.005889,0.236590,0.282373
-0.007635,0.233761,0.280007
-0.007912,0.233953,0.280473
-0.008530,0.233340,0.279851
-0.010684,0.231867,0.280251
-0.008683,0.231813,0.278690
-0.011627,0.229771,0.279236
-0.012646,0.232747,0.279021
-0.013109,0.231492,0.278098
-0.014232,0.229188,0.277284
-0.016381,0.228491,0.276833
-0.017006,0.229557,0.274354
-0.016566,0.228032,0.276259
-0.019278,0.227344,0.273040
-0.020443,0.227891,0.273650
-0.021454,0.226571,0.275388
-0.021838,0.226540,0.272084
-0.020552,0.226850,0.273226
-0.024072,0.224311,0.273489
-0.024950,0.223985,0.270270
-0.025905,0.223221,0.272633
-0.027279,0.223864,0.272028
-0.028148,0.224795,0.273154
-0.027588,0.224294,0.272139
-0.030880,0.222229,0.273201
-0.030668,0.222962,0.269267
-0.032897,0.223314,0.269945
-0.032116,0.222238,0.271783
-0.033571,0.221537,0.272061
-0.035342,0.221065,0.268371
-0.036180,0.221191,0.269039
-0.036231,0.221685,0.270706
-0.037396,0.220453,0.270362
-0.040461,0.221668,0.267941
-0.040953,0.219654,0.270922
-0.040357,0.219697,0.270676
-0.042556,0.221764,0.271060
-0.043676,0.221147,0.269200
-0.043149,0.219413,0.268875
-0.045667,0.221648,0.271115
-0.044438,0.220788,0.268688
-0.049296,0.220829,0.269037
-0.047845,0.221554,0.268170
-0.048099,0.220886,0.267322
-0.051525,0.220033,0.269497
-0.050522,0.220477,0.267061
-0.051370,0.218520,0.268749
-0.053867,0.221577,0.269024
-0.053612,0.222243,0.269565
-0.055527,0.220817,0.268385
-0.057277,0.220591,0.271019
-0.055397,0.222331,0.270056
-0.056121,0.221925,0.271110
-0.058818,0.220092,0.271268
-0.060016,0.221855,0.270890
-0.061772,0.222313,0.271713
-0.062382,0.222921,0.270004
-0.064030,0.221724,0.270500
-0.065393,0.221093,0.271147
-0.065702,0.222683,0.271223
-0.066838,0.222227,0.273438
-0.066277,0.222449,0.272152
-0.068301,0.222506,0.271449
-0.068547,0.222468,0.272568
-0.070698,0.224573,0.271172
-0.072181,0.225235,0.272887
-0.071844,0.227143,0.274419
-0.073980,0.225360,0.273891
-0.074690,0.224970,0.272453
-0.074980,0.224777,0.274658
-0.077371,0.225778,0.273533
-0.077156,0.226967,0.273887
-0.079238,0.227288,0.274984
-0.079996,0.227013,0.274466
-0.079739,0.226367,0.275584
-0.082744,0.228165,0.275248
-0.083644,0.227024,0.276326
-0.083704,0.229313,0.275445
-0.084742,0.229784,0.278700
-0.083932,0.228281,0.276726
-0.087262,0.228457,0.276266
-0.088311,0.230075,0.277503
-0.089877,0.228900,0.274654
-0.088417,0.228530,0.277468
-0.091171,0.230137,0.277388
-0.092986,0.232057,0.278474
-0.094698,0.230241,0.278328
-0.091763,0.232745,0.277532
-0.095932,0.231893,0.278683
-0.097201,0.231145,0.278655
-0.097371,0.231465,0.278827
-0.096303,0.232006,0.278010
-0.099499,0.230967,0.280115
-0.100519,0.231341,0.279459
-0.100691,0.232174,0.278178
-0.103471,0.232272,0.279066
-0.102223,0.230975,0.279852
-0.105249,0.232449,0.279304
-0.104235,0.233878,0.280394
-0.104887,0.235650,0.280446
-0.107090,0.234140,0.280313
-0.110273,0.234674,0.281808
-0.109847,0.234511,0.280648
-0.109381,0.231683,0.279066
-0.110670,0.230477,0.277434
-0.112323,0.228317,0.276455
-0.113821,0.224206,0.273528
-0.111470,0.221749,0.272719
-0.115656,0.221531,0.269556
-0.116958,0.218248,0.266006
-0.117479,0.216087,0.264822
-0.119101,0.212809,0.261770
-0.117847,0.208021,0.260395
-0.119203,0.206976,0.257379
-0.122081,0.205739,0.254982
-0.122484,0.204312,0.253873
-0.123337,0.202211,0.254182
-0.124447,0.198528,0.250845
-0.126142,0.195992,0.248036
-0.127762,0.192980,0.246477
-0.129214,0.192827,0.245478
-0.129865,0.189256,0.242116
-0.130873,0.185521,0.239902
-0.132739,0.182678,0.237164
-0.131795,0.183155,0.236004
-0.133658,0.176655,0.231386
-0.133064,0.176477,0.229813
-0.134121,0.172651,0.227323
-0.136399,0.170065,0.226736
-0.136870,0.166890,0.223457
-0.140540,0.165570,0.221956
-0.138465,0.163106,0.219984
-0.141746,0.159620,0.217748
-0.140571,0.156799,0.215267
-0.143036,0.154793,0.211985
-0.144053,0.150748,0.210292
-0.147087,0.150098,0.208885
-0.148493,0.146841,0.206205
-0.149403,0.143306,0.203596
-0.149780,0.143558,0.200992
-0.148882,0.139171,0.198344
0.160292,0.167889,0.225674
0.157184,0.167259,0.224536
0.158568,0.167884,0.227527
0.157072,0.168431,0.226764
0.155931,0.170252,0.226995
0.153230,0.169631,0.228156
0.154711,0.169471,0.231400
0.152550,0.171304,0.228786
0.150945,0.171006,0.228270
0.147527,0.172071,0.226528
0.149852,0.170429,0.228877
0.149939,0.170159,0.229217
0.147211,0.171188,0.229749
0.146066,0.170876,0.230663
0.143658,0.171605,0.230750
0.142823,0.170260,0.228853
0.144508,0.173118,0.229484
0.141196,0.171368,0.229438
0.138290,0.172594,0.228733
0.140008,0.173508,0.230099
0.140588,0.176658,0.229866
0.135929,0.174146,0.230575
0.135555,0.175053,0.232398
0.135909,0.174712,0.231814
0.133595,0.175092,0.232876
0.134132,0.175810,0.232244
0.132720,0.176757,0.231081
0.130095,0.176078,0.233839
0.127971,0.175457,0.233227
0.128246,0.175594,0.231766
0.127402,0.177903,0.232995
0.126385,0.175980,0.233859
0.125371,0.177671,0.233281
0.123285,0.177499,0.235599
0.124389,0.178811,0.234165
0.121603,0.177783,0.234134
0.117819,0.178983,0.234271
0.118533,0.178891,0.237259
0.118588,0.178414,0.235543
0.116638,0.180149,0.235967
0.115103,0.180157,0.235333
0.116793,0.180572,0.235934
0.113425,0.179769,0.235522
0.110841,0.179478,0.236360
0.113224,0.180999,0.237099
0.111187,0.182180,0.238854
0.110241,0.183280,0.237842
0.110063,0.183366,0.238535
0.107444,0.182848,0.240026
0.104894,0.182590,0.240749
0.105893,0.185329,0.240353
0.105251,0.187195,0.243083
0.102563,0.184996,0.240774
0.101662,0.186201,0.243000
0.101677,0.189433,0.243270
0.099321,0.188848,0.242688
0.098288,0.193137,0.245666
0.096338,0.193474,0.246734
0.096076,0.194245,0.247295
0.093534,0.197041,0.249348
0.094666,0.198475,0.252113
0.092045,0.210407,0.262242
0.089113,0.212166,0.263841
0.087985,0.213815,0.264703
0.086564,0.215802,0.264275
0.087101,0.211855,0.263519
0.083710,0.213502,0.264192
0.083497,0.214719,0.264447
0.084875,0.214620,0.266423
0.083048,0.213405,0.264858
0.081845,0.215470,0.265083
0.081628,0.214972,0.265151
0.079491,0.215127,0.267282
0.077271,0.214776,0.265105
0.077163,0.215812,0.266157
0.075081,0.215988,0.266067
0.074694,0.214938,0.267042
0.073678,0.216777,0.269133
0.073141,0.216726,0.266656
0.071969,0.218103,0.268499
0.069661,0.218076,0.267514
0.069904,0.217829,0.268214
0.067543,0.216897,0.268233
0.065704,0.219005,0.269642
0.066400,0.218526,0.271553
0.064562,0.220179,0.269186
0.063659,0.218585,0.268609
0.063101,0.219123,0.267617
0.060595,0.220420,0.270984
0.061980,0.220327,0.270723
0.059602,0.220652,0.271885
0.058328,0.221697,0.271609
0.057887,0.222248,0.270149
0.056589,0.222028,0.271259
0.055122,0.221849,0.270347
0.053894,0.223226,0.273309
0.054079,0.223443,0.272005
0.054777,0.223170,0.271447
0.049793,0.223792,0.272228
0.049392,0.222171,0.276181
0.050471,0.224174,0.273565
0.048479,0.223223,0.274211
0.047352,0.224945,0.275175
0.046900,0.225336,0.274249
0.045714,0.224339,0.274975
0.044109,0.226857,0.275351
0.042625,0.224186,0.275498
0.042540,0.225868,0.276233
0.040731,0.224455,0.277168
0.039085,0.225600,0.275300
0.038882,0.226550,0.276841
0.037766,0.225028,0.276998
0.035579,0.226735,0.276639
0.035520,0.226637,0.276283
0.034688,0.227169,0.276823
0.032533,0.226043,0.277596
0.031852,0.228657,0.277242
0.031252,0.229018,0.276817
0.030120,0.229418,0.278005
0.028536,0.228657,0.277230
0.028215,0.229480,0.279587
0.027595,0.229067,0.277432
0.027211,0.229463,0.277397
0.027262,0.229646,0.280656
0.025682,0.230800,0.279323
0.022754,0.230947,0.281103
0.021797,0.232470,0.280201
0.020776,0.230533,0.279834
0.019044,0.233894,0.280277
0.020962,0.232432,0.282817
0.020309,0.232005,0.280757
0.017262,0.232921,0.282118
0.016275,0.232588,0.280439
0.013703,0.234909,0.281117
0.014431,0.232113,0.279708
0.012449,0.235171,0.283170
0.013808,0.235723,0.283476
0.009971,0.234225,0.283615
0.010624,0.233673,0.283264
0.009747,0.233538,0.283098
0.009462,0.235387,0.283320
0.007701,0.237182,0.284013
0.004304,0.236616,0.284059
0.004607,0.234945,0.284920
0.002919,0.238158,0.286132
0.002482,0.235721,0.285298
0.001411,0.238245,0.284946
0.001846,0.236234,0.285466
-0.001737,0.240070,0.285611
-0.001091,0.238180,0.285566
-0.003081,0.239528,0.286223
-0.003134,0.239603,0.286608
-0.002386,0.238450,0.285449
-0.003908,0.236625,0.283590
-0.006353,0.235389,0.285241
-0.006999,0.235252,0.281849
-0.006242,0.231559,0.281576
-0.008461,0.233002,0.281645
-0.010020,0.231517,0.280737
-0.012218,0.230470,0.281440
-0.013114,0.231118,0.280302
-0.012840,0.230134,0.280019
-0.014436,0.228091,0.277934
-0.015502,0.228632,0.277675
-0.014870,0.228098,0.278545
-0.016835,0.227356,0.276520
-0.016558,0.227775,0.276568
-0.019956,0.226629,0.275812
-0.019799,0.223681,0.274543
-0.023685,0.224696,0.276136
-0.020072,0.225100,0.274685
-0.024438,0.223856,0.273119
-0.025149,0.224882,0.273366
-0.024894,0.222093,0.273261
-0.027049,0.221764,0.275542
-0.027617,0.223773,0.272730
-0.027685,0.223047,0.272929
-0.027839,0.220348,0.271357
-0.028982,0.221579,0.273367
-0.030384,0.222276,0.269468
-0.031645,0.220864,0.272254
-0.032144,0.220351,0.270868
-0.034236,0.220416,0.270703
-0.035748,0.220073,0.270950
-0.036642,0.219146,0.270906
-0.036709,0.222384,0.271146
-0.037904,0.220173,0.271358
-0.038222,0.219644,0.271000
-0.039474,0.218366,0.271885
-0.041089,0.221458,0.269829
-0.043061,0.220508,0.271913
-0.043379,0.220917,0.270792
-0.043940,0.219030,0.270512
-0.043606,0.220971,0.269342
-0.047848,0.218071,0.270873
-0.047352,0.218564,0.270937
-0.048193,0.218333,0.270216
-0.050071,0.218621,0.271188
-0.049067,0.218908,0.271060
-0.053611,0.219755,0.268490
-0.049857,0.219398,0.269729
-0.051833,0.218999,0.268495
-0.052453,0.218613,0.269855
-0.056228,0.219123,0.270211
-0.056274,0.220662,0.269709
-0.057926,0.220674,0.270355
-0.057231,0.219119,0.270918
-0.058511,0.221859,0.268493
-0.061349,0.221284,0.271757
-0.062220,0.220751,0.271519
-0.062450,0.221675,0.270143
-0.062179,0.222051,0.271939
-0.064971,0.220271,0.270605
-0.063999,0.222253,0.271365
-0.066057,0.222538,0.271448
-0.067233,0.222400,0.271759
-0.067331,0.223350,0.272292
-0.069977,0.224468,0.274154
-0.069930,0.223506,0.272405
-0.072437,0.226001,0.273787
-0.070199,0.224826,0.274476
-0.075286,0.224780,0.274724
-0.073977,0.225289,0.274632
-0.076365,0.224482,0.275730
-0.076922,0.225116,0.275584
-0.077739,0.226028,0.276554
-0.077544,0.223961,0.274217
-0.080264,0.225719,0.276433
-0.080438,0.228298,0.275525
-0.082345,0.224629,0.277038
-0.084510,0.225169,0.277993
-0.083281,0.227794,0.278024
-0.084771,0.228863,0.277693
-0.084818,0.228220,0.278257
-0.087401,0.227528,0.277264
-0.088204,0.228907,0.276532
-0.089989,0.227556,0.277519
-0.091130,0.229464,0.277420
-0.091255,0.228379,0.280460
-0.092260,0.229503,0.277451
-0.093932,0.230840,0.278136
-0.092877,0.228619,0.279126
-0.095076,0.230047,0.280390
-0.094898,0.231453,0.279231
-0.097216,0.230210,0.279670
-0.097036,0.229320,0.279587
-0.098482,0.231605,0.279639
-0.100941,0.230618,0.280073
-0.098527,0.231914,0.281171
-0.102941,0.230767,0.278364
-0.102254,0.231365,0.281529
-0.103960,0.231459,0.278895
-0.105835,0.232311,0.281174
-0.105809,0.233953,0.281267
-0.107108,0.233780,0.281343
-0.108508,0.232065,0.280510
-0.108944,0.233072,0.282289
-0.112267,0.231720,0.281067
-0.111755,0.228722,0.277075
-0.111515,0.228313,0.277727
-0.113270,0.225042,0.273443
-0.111558,0.223092,0.273757
-0.113918,0.218500,0.271692
-0.118815,0.215500,0.269430
-0.118345,0.216277,0.266099
-0.117153,0.211319,0.262608
-0.118718,0.209285,0.261998
-0.119420,0.207761,0.259580
-0.120725,0.205773,0.257163
-0.122749,0.203462,0.254578
-0.124237,0.200496,0.252439
-0.124689,0.197089,0.252439
-0.126457,0.194538,0.249704
-0.128135,0.193641,0.247896
-0.127763,0.189326,0.244926
-0.128484,0.189225,0.241237
-0.130194,0.184292,0.241900
-0.132060,0.182217,0.240088
-0.131944,0.179657,0.235905
-0.134365,0.176346,0.234797
-0.135485,0.176580,0.233001
-0.136453,0.171769,0.229169
-0.137074,0.170084,0.228767
-0.136958,0.165724,0.224255
-0.139468,0.166364,0.222148
-0.138477,0.163354,0.222147
-0.140876,0.160533,0.220095
-0.142663,0.156810,0.216809
-0.143337,0.153602,0.214775
-0.144880,0.151787,0.211356
-0.146227,0.148559,0.209814
-0.146495,0.146369,0.207639
-0.148017,0.143963,0.204822
-0.150908,0.138616,0.203030
0.158943,0.167994,0.228124
0.157979,0.168978,0.227370
0.157035,0.167837,0.229215
0.157761,0.168658,0.229496
0.154115,0.169288,0.227438
0.155138,0.169308,0.228571
0.153296,0.170684,0.229579
0.152293,0.170379,0.231761
0.151140,0.171809,0.231052
0.149991,0.170422,0.230364
0.147825,0.170861,0.230523
0.148596,0.169805,0.231348
0.148579,0.170882,0.229357
0.146718,0.172417,0.231217
0.145504,0.171013,0.229563
0.143455,0.170634,0.230273
0.139965,0.172829,0.230610
0.142429,0.173413,0.232437
0.138215,0.171839,0.230103
0.140309,0.173550,0.231753
0.138609,0.172836,0.231480
0.136785,0.173161,0.233409
0.137299,0.172690,0.232714
0.132411,0.172298,0.232147
0.134092,0.173968,0.232883
0.132760,0.174360,0.234516
0.132708,0.175525,0.233774
0.131359,0.176659,0.233478
0.130670,0.174649,0.235855
0.127600,0.176047,0.235310
0.127752,0.176427,0.233790
0.126300,0.175580,0.233659
0.124296,0.176680,0.234674
0.123309,0.175649,0.233901
0.123948,0.176673,0.235326
0.122410,0.175269,0.234229
0.121315,0.178365,0.237221
0.120934,0.177055,0.235646
0.118984,0.178279,0.235502
0.117722,0.179715,0.235785
0.116201,0.176626,0.238235
0.114907,0.178752,0.236047
0.112985,0.180689,0.237911
0.112827,0.178630,0.238625
0.111639,0.181945,0.238678
0.113140,0.181167,0.240432
0.108613,0.182388,0.239650
0.106925,0.183649,0.239762
0.105853,0.181169,0.239967
0.107083,0.182124,0.240582
0.106628,0.183799,0.240210
0.102507,0.186014,0.241295
0.104324,0.185120,0.244081
0.101630,0.188172,0.244474
0.099618,0.188082,0.245070
0.098350,0.187945,0.245633
0.098805,0.191107,0.245020
0.094925,0.190243,0.248376
0.094609,0.192938,0.249554
0.095768,0.194545,0.250039
0.093252,0.199810,0.252256
0.090449,0.210985,0.264941
0.089761,0.210100,0.264751
0.087383,0.211343,0.266460
0.087630,0.212090,0.267287
0.085728,0.213179,0.266686
0.085819,0.212161,0.265355
0.083700,0.212862,0.264964
0.082870,0.214256,0.266524
0.081333,0.214385,0.265306
0.082344,0.214219,0.269661
0.079390,0.215553,0.267309
0.079219,0.215950,0.266256
0.078677,0.214622,0.268108
0.078322,0.214928,0.268120
0.074943,0.216123,0.266950
0.074772,0.217822,0.269331
0.074374,0.215746,0.269344
0.072756,0.215683,0.269044
0.072168,0.216069,0.270476
0.071020,0.216841,0.269488
0.069013,0.217983,0.269620
0.066982,0.217267,0.271285
0.066493,0.218974,0.270559
0.066032,0.218136,0.268942
0.067294,0.219700,0.271658
0.063494,0.218536,0.270755
0.063155,0.217473,0.272812
0.062068,0.219477,0.273296
0.060062,0.219530,0.271958
0.060649,0.219121,0.272427
0.060828,0.220374,0.274151
0.058421,0.220725,0.270974
0.059710,0.221270,0.273103
0.054102,0.221805,0.273290
0.055854,0.222696,0.272792
0.054212,0.223148,0.272694
0.052335,0.221225,0.273218
0.052397,0.222008,0.273695
0.050449,0.223514,0.275234
0.051315,0.223121,0.274612
0.048135,0.222292,0.274375
0.047709,0.223611,0.276366
0.046350,0.226336,0.274503
0.043800,0.222634,0.275607
0.041604,0.226540,0.276918
0.042315,0.223628,0.277837
0.042119,0.226470,0.276141
0.040589,0.226429,0.278232
0.040305,0.228792,0.277017
0.040730,0.227215,0.279044
0.038579,0.226824,0.276329
0.036256,0.227025,0.277632
0.038249,0.226679,0.278471
0.034820,0.228827,0.278398
0.033711,0.227764,0.280306
0.033942,0.228236,0.277861
0.032249,0.227993,0.278677
0.031469,0.230121,0.279661
0.028999,0.230463,0.280078
0.030051,0.229680,0.280551
0.027352,0.229765,0.280346
0.027406,0.229421,0.278118
0.024920,0.230563,0.279088
0.024484,0.231097,0.282712
0.025093,0.230204,0.279981
0.021049,0.231204,0.280625
0.021784,0.231602,0.283615
0.019900,0.231321,0.280974
0.020582,0.232640,0.282518
0.017948,0.233856,0.281821
0.017344,0.233306,0.282193
0.016101,0.233641,0.281819
0.016635,0.231993,0.281977
0.013493,0.234598,0.282511
0.014914,0.233382,0.282732
0.013160,0.233914,0.283547
0.011061,0.235463,0.284438
0.011193,0.235086,0.285044
0.009324,0.232792,0.283727
0.007469,0.235558,0.286263
0.006687,0.233361,0.285995
0.005633,0.236435,0.285653
0.005820,0.234969,0.285121
0.002916,0.236039,0.284873
0.003498,0.235345,0.288305
0.000749,0.236824,0.287549
0.001097,0.235442,0.284534
-0.000350,0.236163,0.287067
-0.001237,0.239192,0.288193
-0.002364,0.237688,0.287810
-0.002408,0.238639,0.288844
-0.005048,0.236129,0.287124
-0.003462,0.237347,0.285041
-0.006251,0.234103,0.285461
-0.005830,0.234923,0.281626
-0.006152,0.231288,0.282838
-0.008636,0.231676,0.280555
-0.008659,0.231403,0.280825
-0.011762,0.229992,0.280231
-0.011839,0.230631,0.281719
-0.013349,0.231272,0.281109
-0.013452,0.228316,0.280545
-0.016906,0.227284,0.277871
-0.014048,0.226470,0.278627
-0.017333,0.226566,0.275927
-0.017375,0.225902,0.277440
-0.019479,0.225033,0.277747
-0.019739,0.224694,0.276016
-0.020348,0.224703,0.275632
-0.021039,0.225665,0.275724
-0.023008,0.223054,0.273129
-0.022980,0.224979,0.274691
-0.024668,0.223328,0.273645
-0.025223,0.222902,0.273550
-0.026940,0.221563,0.272496
-0.026003,0.220974,0.273464
-0.027558,0.220071,0.272276
-0.029871,0.221134,0.272602
-0.031225,0.219260,0.272436
-0.031587,0.220321,0.272273
-0.032791,0.221080,0.270008
-0.033804,0.219164,0.271960
-0.035052,0.219314,0.270032
-0.036586,0.219767,0.274301
-0.037060,0.220214,0.272188
-0.039389,0.218402,0.272042
-0.038319,0.221402,0.271604
-0.038635,0.220479,0.270990
-0.040433,0.218967,0.270823
-0.042511,0.220173,0.270466
-0.043017,0.219198,0.271175
-0.042928,0.217237,0.271439
-0.045802,0.217928,0.271679
-0.043650,0.219464,0.269851
-0.047254,0.218297,0.270260
-0.047424,0.218403,0.271232
-0.047971,0.220292,0.271921
-0.050720,0.219552,0.269778
-0.050953,0.217636,0.272803
-0.053649,0.218737,0.271576
-0.052959,0.219508,0.273049
-0.054000,0.219089,0.272252
-0.055573,0.220190,0.268992
-0.057549,0.219102,0.271035
-0.057248,0.219736,0.272240
-0.059843,0.218193,0.270637
-0.059879,0.220090,0.269660
-0.061131,0.220710,0.271042
-0.061592,0.219311,0.273466
-0.062554,0.220669,0.271222
-0.063418,0.220523,0.272227
-0.065586,0.221768,0.271906
-0.066213,0.220202,0.272038
-0.067532,0.220857,0.274766
-0.067446,0.221991,0.274513
-0.069194,0.221579,0.272768
-0.069651,0.221751,0.274209
-0.072142,0.222927,0.275102
-0.072470,0.221440,0.273597
-0.071567,0.223043,0.274273
-0.074608,0.221781,0.274434
-0.074096,0.223466,0.275523
-0.076147,0.224251,0.274380
-0.077565,0.223679,0.274940
-0.078710,0.223631,0.276569
-0.077862,0.224409,0.276084
-0.078493,0.223245,0.274460
-0.081414,0.225115,0.276405
-0.081500,0.226299,0.275113
-0.083151,0.226111,0.277549
-0.083284,0.226187,0.277752
-0.086478,0.226345,0.276925
-0.086272,0.227121,0.277244
-0.087651,0.225665,0.277868
-0.087822,0.227163,0.278640
-0.089478,0.225634,0.276908
-0.090318,0.227001,0.276784
-0.092257,0.227978,0.278683
-0.093734,0.227844,0.277499
-0.093894,0.228585,0.279666
-0.093073,0.230009,0.278915
-0.095853,0.230175,0.280605
-0.095836,0.228307,0.278871
-0.096591,0.228360,0.279817
-0.098124,0.229468,0.283084
-0.099236,0.228857,0.279464
-0.098884,0.228939,0.279676
-0.102075,0.229870,0.280046
-0.101606,0.230298,0.278663
-0.102346,0.230712,0.280284
-0.104424,0.228944,0.281069
-0.105371,0.229695,0.281074
-0.106359,0.232646,0.280923
-0.106113,0.231427,0.282184
-0.108973,0.231891,0.281602
-0.110588,0.231479,0.282827
-0.111156,0.232175,0.282390
-0.111459,0.230210,0.281075
-0.114044,0.227162,0.278300
-0.112467,0.223689,0.275129
-0.112524,0.221773,0.271967
-0.115437,0.220319,0.272541
-0.115661,0.215713,0.268834
-0.118569,0.214517,0.269314
-0.117206,0.211806,0.266046
-0.118369,0.210310,0.262465
-0.120555,0.206193,0.261083
-0.123016,0.203715,0.259832
-0.124227,0.200435,0.255966
-0.124241,0.199044,0.252705
-0.125569,0.197626,0.251904
-0.126686,0.193270,0.251597
-0.126034,0.192699,0.247344
-0.127692,0.188928,0.245645
-0.129296,0.188953,0.242965
-0.131628,0.183986,0.242400
-0.130809,0.180667,0.240416
-0.132324,0.180070,0.236965
-0.133310,0.178714,0.237017
-0.134659,0.174501,0.233789
-0.137525,0.172476,0.230816
-0.138402,0.169744,0.230119
-0.137218,0.166871,0.226427
-0.137418,0.165365,0.223501
-0.140713,0.161699,0.222208
-0.141581,0.158945,0.219837
-0.141813,0.156125,0.217495
-0.143037,0.154661,0.216803
-0.144389,0.151294,0.211305
-0.144831,0.146547,0.211658
-0.145435,0.147741,0.209150
-0.148991,0.144243,0.206192
-0.151758,0.140426,0.203542
0.158974,0.167994,0.228885
0.159136,0.167689,0.228554
0.158857,0.167110,0.229234
0.155737,0.168701,0.231538
0.156272,0.169910,0.230235
0.153358,0.168409,0.231126
0.155539,0.170022,0.230464
0.151289,0.169762,0.232123
0.150043,0.169892,0.230721
0.148059,0.169715,0.231944
0.148355,0.169310,0.229232
0.149270,0.170182,0.233524
0.148315,0.171342,0.229812
0.146850,0.170423,0.229748
0.144805,0.170469,0.231551
0.144671,0.169380,0.231922
0.142982,0.171711,0.231897
0.140015,0.172112,0.232111
0.140704,0.172012,0.233279
0.139848,0.172201,0.230695
0.138876,0.172951,0.232326
0.137688,0.172111,0.233103
0.134900,0.172528,0.233881
0.133842,0.172820,0.235146
0.134269,0.173010,0.233695
0.133306,0.176278,0.234705
0.131252,0.175248,0.235276
0.130440,0.173717,0.233966
0.128907,0.175167,0.235104
0.126102,0.173758,0.235670
0.127650,0.174670,0.234639
0.126272,0.175771,0.234631
0.124334,0.173429,0.234138
0.124210,0.174646,0.235361
0.123690,0.176289,0.235372
0.121505,0.176930,0.235775
0.121559,0.176845,0.235641
0.119636,0.176593,0.236897
0.118971,0.176660,0.237269
0.117395,0.177750,0.236230
0.116137,0.176926,0.237938
0.115128,0.175785,0.239928
0.115043,0.177507,0.237217
0.113213,0.179349,0.237771
0.111351,0.179383,0.239386
0.111412,0.180167,0.240151
0.109546,0.180172,0.238284
0.108661,0.182008,0.241035
0.108300,0.181721,0.241664
0.106668,0.184161,0.239311
0.106658,0.183167,0.242798
0.104835,0.184718,0.241444
0.103123,0.187867,0.244319
0.102265,0.186197,0.244604
0.098758,0.188808,0.247080
0.100212,0.186917,0.246159
0.099132,0.191447,0.248148
0.098550,0.191530,0.249744
0.097519,0.193660,0.249594
0.093545,0.197603,0.252667
0.091848,0.195282,0.252867
0.090176,0.210595,0.267263
0.089876,0.212249,0.267066
0.087956,0.210924,0.265288
0.085602,0.211695,0.265916
0.086730,0.213195,0.266625
0.084661,0.212970,0.267431
0.084895,0.212169,0.267282
0.082023,0.214276,0.268039
0.082466,0.214674,0.268602
0.081801,0.213098,0.268571
0.079612,0.213023,0.267780
0.078419,0.214415,0.268844
0.078130,0.215716,0.268948
0.077317,0.214089,0.269646
0.074807,0.214210,0.270851
0.074785,0.214119,0.270575
0.072867,0.214282,0.269091
0.072886,0.216009,0.269916
0.071283,0.216038,0.271053
0.070821,0.215741,0.270396
0.068133,0.216209,0.272258
0.068998,0.217703,0.271436
0.067056,0.217359,0.271913
0.067251,0.219108,0.272617
0.066026,0.217825,0.272443
0.063404,0.216965,0.272276
0.062234,0.219922,0.272850
0.060431,0.219116,0.272941
0.060951,0.216517,0.273183
0.061124,0.219663,0.272530
0.059689,0.221100,0.272595
0.058204,0.221270,0.273152
0.057336,0.220091,0.273803
0.056249,0.221021,0.273531
0.053625,0.221321,0.274730
0.054263,0.222522,0.274874
0.054885,0.222689,0.275400
0.052169,0.219511,0.276187
0.051321,0.221047,0.276073
0.049269,0.223793,0.275730
0.048087,0.221550,0.275770
0.046687,0.224624,0.276515
0.045709,0.222827,0.277598
0.044934,0.222783,0.276298
0.045490,0.225344,0.277590
0.041376,0.223653,0.276483
0.040806,0.226061,0.275758
0.039845,0.224387,0.279127
0.039102,0.225922,0.278692
0.038670,0.226341,0.278814
0.039371,0.226773,0.278516
0.036393,0.226011,0.278867
0.036817,0.229481,0.279585
0.035905,0.225313,0.279853
0.035027,0.226928,0.280343
0.032549,0.228464,0.281334
0.029231,0.229468,0.281574
0.030876,0.229418,0.280800
0.029337,0.227847,0.281599
0.028872,0.228542,0.282567
0.025865,0.228845,0.281484
0.027094,0.230674,0.281262
0.024988,0.228302,0.280362
0.024884,0.230074,0.282817
0.022983,0.232453,0.281835
0.022881,0.230825,0.283437
0.020828,0.230782,0.283209
0.020298,0.230529,0.282239
0.019313,0.230771,0.282597
0.017599,0.230587,0.283160
0.019561,0.231208,0.282534
0.016876,0.232345,0.285315
0.016821,0.232100,0.283961
0.016104,0.233528,0.285817
0.012494,0.232988,0.284870
0.012989,0.233762,0.285891
0.012028,0.232343,0.285235
0.011089,0.234252,0.285143
0.007776,0.235299,0.286775
0.008378,0.234466,0.284666
0.007546,0.232055,0.286218
0.004753,0.234905,0.285514
0.005344,0.235484,0.285559
0.003856,0.236649,0.287670
0.003261,0.237656,0.285424
0.000737,0.236585,0.286951
-0.000536,0.236505,0.288610
-0.001152,0.237563,0.289103
-0.000062,0.237528,0.288003
-0.000730,0.236226,0.288353
-0.000644,0.238496,0.288376
-0.004150,0.237954,0.287213
-0.004438,0.235388,0.287871
-0.007149,0.234705,0.285877
-0.006301,0.233815,0.284903
-0.007607,0.232395,0.282736
-0.007940,0.230255,0.283475
-0.009662,0.232897,0.281373
-0.009562,0.228583,0.281398
-0.012682,0.228435,0.281252
-0.014102,0.229346,0.279851
-0.011279,0.227069,0.281216
-0.013600,0.225685,0.279532
-0.015365,0.225601,0.279142
-0.016194,0.224537,0.277408
-0.017580,0.226085,0.277036
-0.016426,0.223913,0.276493
-0.019053,0.224333,0.277504
-0.020529,0.224155,0.276966
-0.022544,0.221680,0.276015
-0.021567,0.223044,0.276542
-0.023257,0.222433,0.274502
-0.026269,0.221229,0.275655
-0.023306,0.222057,0.274432
-0.025688,0.220518,0.274600
-0.027689,0.219522,0.273602
-0.028655,0.221067,0.272060
-0.030761,0.219679,0.274452
-0.029483,0.219749,0.274947
-0.033646,0.218158,0.273027
-0.033946,0.218944,0.273061
-0.034054,0.218563,0.273712
-0.035313,0.218299,0.273528
-0.035735,0.218851,0.272122
-0.035869,0.219536,0.272429
-0.037664,0.219509,0.271240
-0.038962,0.217251,0.273007
-0.042166,0.220067,0.273095
-0.042212,0.217220,0.272281
-0.042514,0.217508,0.271973
-0.043315,0.217442,0.271481
-0.045326,0.219703,0.271920
-0.045023,0.218765,0.273657
-0.045607,0.217782,0.272925
-0.047168,0.218403,0.271021
-0.047287,0.217839,0.269852
-0.048515,0.217098,0.271607
-0.046826,0.218729,0.270942
-0.050170,0.218062,0.270237
-0.053061,0.218879,0.273019
-0.053581,0.217554,0.271394
-0.054130,0.218315,0.269975
-0.055584,0.219063,0.272275
-0.055412,0.218142,0.272687
-0.055340,0.217383,0.272062
-0.058374,0.218865,0.271711
-0.060285,0.218728,0.272689
-0.060608,0.219639,0.272079
-0.060901,0.220144,0.273393
-0.061662,0.218991,0.274162
-0.061950,0.218347,0.272922
-0.064671,0.218258,0.273210
-0.066955,0.219833,0.273470
-0.067468,0.220071,0.273023
-0.067584,0.220356,0.273583
-0.067473,0.222371,0.272093
-0.069755,0.221847,0.274112
-0.070323,0.221451,0.274878
-0.071326,0.221370,0.274350
-0.071452,0.221384,0.275430
-0.073139,0.222559,0.274172
-0.074641,0.223420,0.275067
-0.074092,0.222283,0.275990
-0.077708,0.222068,0.275442
-0.078183,0.223009,0.275290
-0.080007,0.224878,0.275403
-0.078103,0.224062,0.277442
-0.080776,0.223539,0.277971
-0.081126,0.223525,0.277942
-0.083550,0.222774,0.275881
-0.084445,0.224200,0.278890
-0.085704,0.223309,0.277725
-0.085360,0.225269,0.279007
-0.087462,0.226350,0.278132
-0.088039,0.224679,0.277246
-0.088759,0.224909,0.279898
-0.089608,0.225649,0.277277
-0.090835,0.226382,0.280863
-0.090622,0.227026,0.278903
-0.091304,0.225792,0.280445
-0.093350,0.227582,0.278627
-0.095383,0.224275,0.280554
-0.096103,0.227939,0.279821
-0.096774,0.228723,0.278671
-0.098411,0.228746,0.280307
-0.097663,0.228159,0.280597
-0.101555,0.228079,0.280433
-0.100432,0.227634,0.280963
-0.100847,0.228882,0.280638
-0.102739,0.229573,0.281269
-0.102924,0.229494,0.281939
-0.105064,0.229922,0.281407
-0.107221,0.230266,0.282854
-0.107614,0.229184,0.280302
-0.107546,0.229855,0.281089
-0.109788,0.229349,0.281465
-0.110432,0.229115,0.282770
-0.112372,0.228511,0.280099
-0.112288,0.225256,0.278317
-0.111281,0.224192,0.279417
-0.113974,0.220464,0.275999
-0.116861,0.219665,0.274051
-0.114757,0.216688,0.270123
-0.119017,0.213131,0.269435
-0.117544,0.209812,0.266774
-0.119418,0.210402,0.263491
-0.119092,0.209027,0.261753
-0.121075,0.205561,0.260286
-0.123780,0.202193,0.257489
-0.123283,0.200017,0.255757
-0.125071,0.197281,0.253280
-0.125271,0.192967,0.250555
-0.126033,0.191428,0.249484
-0.129998,0.190560,0.247427
-0.130216,0.187830,0.244542
-0.128467,0.184493,0.243286
-0.130104,0.182445,0.241647
-0.133666,0.179384,0.239046
-0.133369,0.176877,0.237235
-0.133761,0.174183,0.234712
-0.137271,0.172989,0.233188
-0.135972,0.167431,0.230295
-0.136598,0.165656,0.226914
-0.140673,0.163576,0.225683
-0.140767,0.161298,0.223279
-0.141895,0.157272,0.222470
-0.141868,0.156109,0.218241
-0.145086,0.155455,0.214611
-0.144951,0.152193,0.217230
-0.145240,0.148486,0.212173
-0.149268,0.146620,0.210059
-0.149197,0.142148,0.208007
-0.150095,0.140956,0.206356
0.159582,0.166837,0.231005
0.156690,0.167742,0.231603
0.156751,0.166604,0.230193
0.154725,0.166470,0.230559
0.154836,0.169735,0.231760
0.153541,0.168957,0.233393
0.153105,0.170089,0.232374
0.152306,0.170429,0.232012
0.150399,0.169283,0.232699
0.149506,0.169954,0.234316
0.149311,0.170428,0.231596
0.147389,0.167914,0.233104
0.146528,0.171240,0.232364
0.145957,0.171032,0.233810
0.145717,0.169561,0.231905
0.142894,0.170954,0.233753
0.142555,0.171071,0.234380
0.142643,0.170964,0.232197
0.139963,0.172757,0.234762
0.139439,0.172683,0.233567
0.138263,0.170896,0.233469
0.136447,0.173040,0.235949
0.136710,0.171037,0.233449
0.133180,0.172274,0.234334
0.133163,0.175151,0.233599
0.133062,0.172801,0.234542
0.132085,0.172855,0.235608
0.128858,0.175522,0.235209
0.129555,0.171623,0.235043
0.128099,0.173627,0.235730
0.127411,0.174357,0.236057
0.124586,0.173947,0.235880
0.125371,0.174654,0.237099
0.123112,0.176496,0.236652
0.122811,0.173121,0.236807
0.120586,0.175685,0.237616
0.120689,0.177548,0.237426
0.120164,0.176153,0.238242
0.116688,0.175998,0.237207
0.115908,0.176116,0.239047
0.116710,0.178420,0.237324
0.116887,0.176408,0.238758
0.115239,0.176644,0.237752
0.113773,0.177685,0.238698
0.110616,0.178681,0.238215
0.109547,0.179127,0.241909
0.109680,0.177873,0.239965
0.108500,0.180894,0.241746
0.109298,0.181241,0.242407
0.105717,0.181879,0.242217
0.103846,0.181784,0.242890
0.104334,0.182203,0.242996
0.102964,0.184298,0.243793
0.103382,0.184754,0.245334
0.099924,0.186053,0.246000
0.099529,0.185551,0.246636
0.097887,0.188203,0.247194
0.097770,0.191094,0.248386
0.094986,0.193482,0.250806
0.096223,0.194674,0.253047
0.091958,0.195594,0.254278
0.090771,0.211674,0.266930
0.089872,0.210690,0.266861
0.088308,0.212625,0.269727
0.087274,0.211497,0.268405
0.085397,0.211643,0.268370
0.086887,0.213351,0.268918
0.083996,0.213471,0.271260
0.084378,0.213646,0.267801
0.083121,0.212675,0.269534
0.080458,0.213846,0.270553
0.080310,0.214528,0.269607
0.078561,0.213622,0.269330
0.077573,0.215445,0.269286
0.077000,0.215180,0.270927
0.077234,0.214909,0.270062
0.075237,0.215265,0.271055
0.074338,0.215405,0.272097
0.072567,0.214420,0.271548
0.070982,0.215432,0.271794
0.072133,0.214795,0.272164
0.070395,0.215852,0.272822
0.069060,0.216486,0.271158
0.069637,0.216420,0.273706
0.064704,0.217384,0.272716
0.064755,0.218744,0.272401
0.064414,0.220147,0.274218
0.061856,0.219797,0.273393
0.061370,0.219283,0.273770
0.058753,0.219674,0.275009
0.058590,0.219914,0.273942
0.058604,0.216615,0.273481
0.057413,0.222096,0.276393
0.055720,0.219398,0.276227
0.056704,0.222153,0.274947
0.054424,0.220528,0.276884
0.052925,0.222185,0.277270
0.054238,0.220776,0.276896
0.051084,0.223669,0.276167
0.050771,0.221268,0.277110
0.050484,0.223045,0.279171
0.050714,0.223497,0.279096
0.046388,0.221766,0.278617
0.045862,0.223793,0.280062
0.045513,0.224453,0.276962
0.044406,0.221914,0.278162
0.043628,0.226010,0.278386
0.041261,0.225093,0.278067
0.042225,0.224715,0.281653
0.040764,0.224811,0.279681
0.039244,0.226075,0.279123
0.037408,0.226284,0.278439
0.036641,0.225457,0.281036
0.037456,0.224506,0.280132
0.035605,0.226593,0.282528
0.034529,0.229555,0.279971
0.033649,0.228508,0.281871
0.031854,0.226980,0.282563
0.031655,0.226415,0.281519
0.028985,0.227438,0.282051
0.027902,0.226601,0.280662
0.027961,0.231338,0.282635
0.027620,0.228256,0.283738
0.025750,0.229330,0.282517
0.024005,0.229456,0.282960
0.024884,0.230851,0.283401
0.023053,0.229836,0.282517
0.021777,0.231432,0.286464
0.021917,0.232014,0.284540
0.021500,0.229579,0.284753
0.018645,0.232535,0.282992
0.016657,0.231667,0.283810
0.015373,0.232429,0.284377
0.013086,0.232251,0.284592
0.016215,0.233216,0.286941
0.013504,0.232937,0.285661
0.012640,0.232886,0.286549
0.012385,0.234145,0.286655
0.008264,0.233837,0.287618
0.009744,0.234007,0.287172
0.005879,0.233553,0.286969
0.006713,0.235577,0.287383
0.007388,0.232569,0.286917
0.004207,0.235992,0.288009
0.003613,0.236370,0.287984
0.005346,0.235650,0.287499
0.001510,0.235647,0.289593
0.000293,0.237622,0.287763
-0.000359,0.235630,0.289449
-0.000223,0.237186,0.289790
-0.003448,0.236555,0.289874
-0.004889,0.237374,0.291212
-0.004233,0.235698,0.290076
-0.005015,0.234333,0.288094
-0.007368,0.234596,0.286429
-0.006795,0.232902,0.284615
-0.009119,0.230144,0.283932
-0.010274,0.229212,0.284927
-0.010472,0.228614,0.281732
-0.010509,0.228652,0.281521
-0.011070,0.229085,0.281823
-0.012291,0.227599,0.281675
-0.013315,0.227358,0.280048
-0.013891,0.223171,0.280905
-0.015756,0.223545,0.280720
-0.017955,0.223801,0.279448
-0.018534,0.223742,0.280108
-0.019229,0.224866,0.277563
-0.020268,0.222612,0.277603
-0.020890,0.221836,0.277955
-0.021369,0.223987,0.276640
-0.022067,0.220808,0.277399
-0.024068,0.221292,0.275505
-0.024043,0.219609,0.274378
-0.025340,0.220344,0.275714
-0.025188,0.220702,0.275010
-0.028447,0.220006,0.273615
-0.028481,0.219215,0.271563
-0.031065,0.222026,0.271731
-0.029646,0.217471,0.273460
-0.031649,0.218453,0.274305
-0.033313,0.219365,0.272207
-0.032176,0.217143,0.273551
-0.033621,0.220067,0.273437
-0.035589,0.219033,0.273454
-0.036892,0.218818,0.275707
-0.040311,0.218026,0.274275
-0.038838,0.218669,0.274327
-0.040682,0.218029,0.273520
-0.040313,0.216200,0.272710
-0.040860,0.216649,0.273109
-0.042779,0.214224,0.271514
-0.045596,0.218370,0.274786
-0.044408,0.216083,0.272149
-0.044943,0.214719,0.271445
-0.046986,0.218250,0.269758
-0.047678,0.216487,0.271780
-0.048251,0.215422,0.273185
-0.051302,0.217000,0.272234
-0.051541,0.216237,0.272210
-0.051643,0.219103,0.273086
-0.053251,0.217327,0.273105
-0.054436,0.217307,0.273731
-0.054126,0.217582,0.273542
-0.056682,0.217233,0.272153
-0.056448,0.217187,0.273073
-0.059256,0.216284,0.273049
-0.058704,0.219074,0.272572
-0.060734,0.218129,0.274739
-0.060805,0.220121,0.272892
-0.064089,0.215862,0.273875
-0.063833,0.217977,0.272709
-0.063822,0.218258,0.273174
-0.066489,0.219161,0.274860
-0.064769,0.217987,0.275002
-0.067869,0.219238,0.274196
-0.068176,0.219684,0.273659
-0.071257,0.219249,0.274902
-0.070618,0.221543,0.274937
-0.072255,0.219656,0.275163
-0.073503,0.221976,0.276072
-0.073207,0.222894,0.277228
-0.074977,0.222206,0.273277
-0.075804,0.222530,0.275980
-0.075237,0.221067,0.278385
-0.078791,0.223712,0.275732
-0.079535,0.222699,0.278480
-0.078680,0.223559,0.276561
-0.081761,0.223003,0.278291
-0.082903,0.224880,0.279961
-0.082238,0.224952,0.278451
-0.084295,0.221924,0.278889
-0.085011,0.224804,0.277378
-0.083376,0.222255,0.278567
-0.086977,0.224638,0.279379
-0.088955,0.224367,0.276959
-0.087862,0.225630,0.278856
-0.092131,0.223267,0.279704
-0.089924,0.224994,0.279927
-0.090402,0.224804,0.279273
-0.091537,0.224993,0.279258
-0.091884,0.226322,0.279103
-0.093470,0.223853,0.281742
-0.096418,0.226093,0.278840
-0.095929,0.227122,0.280317
-0.098644,0.227317,0.280537
-0.098018,0.226632,0.280685
-0.099022,0.226936,0.281033
-0.100346,0.227803,0.282382
-0.100525,0.228434,0.281742
-0.102572,0.226842,0.282193
-0.106086,0.227155,0.281040
-0.104670,0.228272,0.280525
-0.106893,0.228145,0.280089
-0.106014,0.228211,0.282114
-0.107570,0.230590,0.283245
-0.110258,0.228866,0.281862
-0.110536,0.227300,0.282030
-0.111002,0.228177,0.282304
-0.113149,0.227062,0.280807
-0.114397,0.224034,0.278713
-0.114501,0.221709,0.274557
-0.116758,0.218684,0.274814
-0.116877,0.216182,0.271042
-0.118105,0.213976,0.269575
-0.118829,0.210961,0.268341
-0.120175,0.211182,0.266564
-0.121803,0.206957,0.264654
-0.121729,0.203168,0.262249
-0.122870,0.201936,0.259511
-0.123511,0.198718,0.255265
-0.125727,0.195993,0.254840
-0.126511,0.193781,0.253921
-0.126077,0.191026,0.251041
-0.127121,0.190427,0.249978
-0.129565,0.187031,0.246460
-0.129059,0.185020,0.243806
-0.132398,0.181242,0.241792
-0.133313,0.179931,0.239599
-0.132721,0.176955,0.238762
-0.134822,0.173065,0.235180
-0.135757,0.170507,0.234252
-0.137608,0.169704,0.230729
-0.137995,0.167448,0.228093
-0.139880,0.162367,0.226090
-0.139821,0.159919,0.224228
-0.140416,0.157817,0.220332
-0.143457,0.155620,0.219291
-0.144560,0.153068,0.217497
-0.146407,0.151419,0.215783
-0.146096,0.148895,0.213792
-0.147466,0.146125,0.210676
-0.148769,0.141258,0.208654
-0.150278,0.137759,0.207579
0.158884,0.166495,0.232200
0.157484,0.168148,0.231677
0.158642,0.168886,0.232867
0.157738,0.168894,0.233222
0.157437,0.169195,0.232963
0.154652,0.166859,0.231264
0.155047,0.168837,0.231985
0.151769,0.167950,0.234760
0.152157,0.168632,0.233054
0.150900,0.169450,0.233895
0.148502,0.169993,0.234258
0.149458,0.169551,0.234186
0.146136,0.167834,0.234033
0.146399,0.170636,0.234437
0.144337,0.169598,0.235690
0.142464,0.171094,0.234045
0.144358,0.169925,0.233498
0.141172,0.170394,0.231818
0.138977,0.169858,0.234552
0.140056,0.172508,0.234177
0.137792,0.171713,0.234678
0.135829,0.171604,0.236617
0.136022,0.171705,0.235394
0.134834,0.173164,0.235536
0.133914,0.171285,0.236007
0.132812,0.172927,0.234803
0.131443,0.172667,0.236546
0.129725,0.171758,0.236279
0.129904,0.172703,0.236216
0.128673,0.172308,0.237721
0.126656,0.174315,0.237638
0.125121,0.173432,0.235367
0.125183,0.174759,0.236476
0.124590,0.173899,0.236819
0.122303,0.174179,0.236906
0.122692,0.173841,0.238570
0.121408,0.176410,0.239105
0.121469,0.175089,0.237749
0.118332,0.174821,0.239863
0.117524,0.176013,0.238720
0.116876,0.174402,0.239290
0.113157,0.178118,0.240643
0.114373,0.176335,0.238664
0.112159,0.176297,0.241134
0.111213,0.177250,0.241045
0.111599,0.178569,0.242013
0.110061,0.178794,0.239899
0.108260,0.179196,0.242049
0.106414,0.180285,0.243187
0.105030,0.181447,0.242681
0.105798,0.180820,0.242352
0.102897,0.181605,0.244624
0.102959,0.183734,0.246780
0.102380,0.184811,0.246643
0.102770,0.187798,0.246453
0.101036,0.187101,0.248464
0.100083,0.186472,0.249404
0.096766,0.189599,0.251300
0.095653,0.190255,0.253646
0.095384,0.194988,0.253087
0.091298,0.195311,0.255151
0.090709,0.211863,0.267475
0.091270,0.209399,0.269201
0.086212,0.210718,0.269782
0.085859,0.210823,0.270632
0.086265,0.209259,0.269740
0.084462,0.212225,0.271457
0.085104,0.211368,0.270554
0.082945,0.211876,0.271558
0.083422,0.214646,0.269532
0.080754,0.214105,0.269661
0.078262,0.212005,0.271548
0.078262,0.214082,0.272442
0.076439,0.213617,0.270585
0.078075,0.214403,0.272331
0.074806,0.215064,0.271410
0.074866,0.214410,0.273555
0.074209,0.214677,0.271627
0.072626,0.216977,0.272883
0.072991,0.214650,0.273502
0.070882,0.215607,0.274439
0.069339,0.214706,0.273652
0.068387,0.216479,0.273371
0.067864,0.216674,0.275083
0.065825,0.217353,0.276714
0.066707,0.217813,0.274610
0.065132,0.218024,0.275508
0.063618,0.218846,0.275155
0.061924,0.217917,0.275167
0.061881,0.217138,0.277080
0.057963,0.220358,0.276600
0.058522,0.219637,0.274569
0.056892,0.220570,0.275973
0.055665,0.218703,0.275764
0.056171,0.219810,0.276375
0.055525,0.220881,0.278827
0.055465,0.220104,0.277231
0.050862,0.220488,0.278182
0.051565,0.220016,0.277932
0.050340,0.221508,0.278652
0.047935,0.222382,0.278627
0.051677,0.223727,0.278512
0.047905,0.221431,0.279001
0.045875,0.221771,0.280241
0.044711,0.223920,0.280128
0.043653,0.224638,0.281703
0.043325,0.223150,0.279327
0.040648,0.223447,0.281201
0.040084,0.225285,0.279118
0.040532,0.225171,0.278901
0.038990,0.225582,0.282396
0.038259,0.224319,0.280606
0.037483,0.224043,0.279953
0.036013,0.226985,0.281455
0.034647,0.226848,0.282035
0.034515,0.226594,0.283004
0.032544,0.227860,0.281241
0.031242,0.226177,0.281408
0.029964,0.228256,0.283313
0.028638,0.228732,0.283818
0.029744,0.228957,0.283650
0.028085,0.228069,0.283966
0.028266,0.229171,0.283953
0.025062,0.229980,0.283755
0.022988,0.231424,0.284952
0.023516,0.227932,0.285389
0.023402,0.229455,0.285725
0.021049,0.229825,0.284869
0.021184,0.230423,0.284630
0.018868,0.229690,0.285533
0.018027,0.230914,0.285399
0.019304,0.231528,0.286200
0.015304,0.231706,0.286455
0.014573,0.233876,0.287433
0.014702,0.231984,0.288700
0.012523,0.231896,0.285608
0.013008,0.232547,0.285934
0.010296,0.234116,0.288228
0.009387,0.233298,0.288094
0.009942,0.232617,0.289023
0.008670,0.235844,0.290594
0.008336,0.232982,0.289673
0.006667,0.235399,0.288161
0.004576,0.234918,0.289633
0.004052,0.236661,0.290419
0.005162,0.235836,0.291990
0.000630,0.235385,0.289593
0.000210,0.234755,0.291151
0.002237,0.235949,0.290747
0.000554,0.236009,0.292911
-0.001103,0.235808,0.290108
-0.002243,0.237642,0.290475
-0.001741,0.236306,0.288610
-0.004418,0.234092,0.289306
-0.006408,0.234304,0.289069
-0.007401,0.231950,0.286759
-0.007099,0.229976,0.286339
-0.008376,0.230913,0.283772
-0.009183,0.228192,0.284179
-0.010705,0.229213,0.283480
-0.011913,0.226690,0.284735
-0.012420,0.226762,0.282623
-0.014056,0.225453,0.279583
-0.013862,0.225324,0.279358
-0.015171,0.224961,0.281365
-0.015788,0.224029,0.280842
-0.016879,0.222059,0.280440
-0.018498,0.224293,0.278570
-0.020558,0.223822,0.279453
-0.019717,0.221256,0.279280
-0.020905,0.220212,0.279046
-0.022052,0.219643,0.274846
-0.023388,0.219084,0.275763
-0.025785,0.220412,0.276105
-0.025278,0.219773,0.275255
-0.027501,0.218983,0.276114
-0.028208,0.217550,0.274401
-0.028977,0.217494,0.276105
-0.030362,0.217439,0.277382
-0.031216,0.216665,0.274251
-0.034636,0.215695,0.272105
-0.034118,0.217699,0.274909
-0.032406,0.216546,0.274002
-0.034292,0.217113,0.272434
-0.035512,0.217169,0.274438
-0.037018,0.216595,0.274232
-0.037359,0.216931,0.275677
-0.038977,0.216807,0.273732
-0.040179,0.215843,0.274500
-0.039996,0.216554,0.271353
-0.042263,0.217009,0.272477
-0.041370,0.215940,0.273400
-0.043946,0.215785,0.272665
-0.044052,0.214625,0.274687
-0.046946,0.214480,0.272067
-0.046857,0.215368,0.272954
-0.047896,0.215656,0.272561
-0.048882,0.214041,0.270413
-0.051134,0.217960,0.274426
-0.051128,0.216485,0.272209
-0.052039,0.217028,0.273889
-0.052756,0.219372,0.272970
-0.054853,0.216267,0.272310
-0.053895,0.217186,0.272972
-0.055895,0.217914,0.274282
-0.057310,0.216590,0.273711
-0.059330,0.217602,0.273909
-0.058354,0.214871,0.273542
-0.060591,0.215850,0.272883
-0.060174,0.216234,0.272247
-0.062846,0.217628,0.274690
-0.063686,0.217750,0.273619
-0.063376,0.217982,0.273688
-0.066232,0.218101,0.274495
-0.065994,0.218030,0.274777
-0.065705,0.219172,0.276616
-0.069011,0.218968,0.277538
-0.070020,0.219506,0.275025
-0.069534,0.218054,0.275543
-0.071470,0.220349,0.277220
-0.072575,0.220016,0.275467
-0.073166,0.219872,0.276101
-0.074185,0.219358,0.277382
-0.074964,0.221208,0.275885
-0.076640,0.222114,0.277484
-0.077606,0.221551,0.277302
-0.079185,0.221928,0.276396
-0.080905,0.221526,0.277066
-0.082696,0.219505,0.281312
-0.081284,0.222754,0.279905
-0.081249,0.222055,0.278137
-0.084483,0.220751,0.279080
-0.084408,0.221226,0.281678
-0.084426,0.223939,0.279458
-0.087332,0.224308,0.279129
-0.086688,0.224517,0.278232
-0.087499,0.223809,0.281117
-0.088998,0.224209,0.279973
-0.093180,0.225449,0.280184
-0.091919,0.225144,0.280030
-0.091776,0.223895,0.280155
-0.092946,0.223494,0.279358
-0.094123,0.226004,0.279541
-0.097021,0.223914,0.282035
-0.096937,0.225290,0.280625
-0.096518,0.224142,0.279994
-0.098190,0.223935,0.280049
-0.100941,0.225233,0.281096
-0.102243,0.226155,0.281541
-0.101481,0.226845,0.283509
-0.105203,0.225292,0.282875
-0.103660,0.226132,0.279311
-0.103598,0.226273,0.282156
-0.105385,0.226322,0.283164
-0.105773,0.228362,0.283647
-0.108839,0.227612,0.284674
-0.110950,0.224858,0.285292
-0.110921,0.225394,0.283620
-0.111411,0.226569,0.281725
-0.113008,0.225295,0.282216
-0.113015,0.222803,0.279418
-0.114806,0.220047,0.276971
-0.114333,0.218974,0.275248
-0.116634,0.216128,0.272163
-0.118474,0.213933,0.270555
-0.118704,0.210413,0.270332
-0.120467,0.208381,0.268520
-0.123450,0.207065,0.264591
-0.122775,0.203570,0.264597
-0.122783,0.199751,0.260530
-0.124288,0.196077,0.258014
-0.126254,0.195417,0.256427
-0.125620,0.192939,0.255219
-0.126594,0.192762,0.251490
-0.128535,0.187680,0.249541
-0.130101,0.185898,0.247742
-0.130363,0.183909,0.245665
-0.130878,0.179783,0.243638
-0.132015,0.178304,0.240499
-0.132635,0.176295,0.238070
-0.134682,0.174129,0.235447
-0.137294,0.170846,0.235915
-0.137063,0.168578,0.232752
-0.137334,0.166857,0.228869
-0.140944,0.161372,0.227236
-0.142189,0.161324,0.225620
-0.139702,0.156848,0.224976
-0.142125,0.155964,0.220121
-0.142537,0.153746,0.220509
-0.146161,0.150449,0.216667
-0.148159,0.145793,0.215449
-0.147513,0.144768,0.212095
-0.148955,0.142191,0.211048
-0.150075,0.137996,0.211416
0.159684,0.165795,0.230803
0.161030,0.166489,0.233436
0.159560,0.167038,0.232587
0.155978,0.168222,0.232945
0.156792,0.167634,0.232990
0.155906,0.168903,0.233549
0.153936,0.167282,0.234243
0.152301,0.170456,0.235654
0.150826,0.167710,0.233885
0.151224,0.167245,0.234690
0.151098,0.169889,0.233514
0.150278,0.169336,0.234565
0.147413,0.169003,0.234609
0.148271,0.170525,0.235435
0.145722,0.167372,0.235275
0.144171,0.169854,0.234708
0.144163,0.169681,0.234110
0.142935,0.169874,0.235691
0.140493,0.169796,0.233129
0.140609,0.169681,0.236425
0.139334,0.171043,0.235327
0.138335,0.170857,0.235511
0.136975,0.171870,0.236603
0.135689,0.171223,0.236283
0.133145,0.173314,0.235796
0.133110,0.172270,0.236650
0.130912,0.171524,0.237512
0.131976,0.171851,0.237465
0.128625,0.172159,0.237852
0.129544,0.172702,0.236815
0.129943,0.168954,0.238587
0.126899,0.169984,0.237241
0.128822,0.172392,0.238861
0.124631,0.173667,0.239411
0.125683,0.174076,0.241169
0.123291,0.173035,0.237948
0.121694,0.171798,0.237597
0.119423,0.172987,0.237705
0.119477,0.175455,0.239734
0.119191,0.174488,0.240765
0.115342,0.175103,0.240800
0.116273,0.175447,0.239431
0.116622,0.174434,0.240551
0.113957,0.175668,0.239820
0.111926,0.177275,0.240983
0.113245,0.176243,0.241844
0.111698,0.177291,0.241760
0.108228,0.178308,0.241281
0.107925,0.179361,0.244091
0.107528,0.178315,0.243541
0.105674,0.180154,0.244137
0.104249,0.178308,0.243639
0.104779,0.182407,0.245251
0.103596,0.182525,0.246180
0.102641,0.183459,0.246207
0.100103,0.185296,0.246311
0.097984,0.186105,0.250249
0.095980,0.186996,0.250165
0.097428,0.187317,0.250860
0.095411,0.189317,0.253609
0.095860,0.193256,0.256622
0.092584,0.193764,0.255745
0.089643,0.210745,0.268210
0.089686,0.210069,0.269437
0.089418,0.209642,0.269808
0.086612,0.210340,0.269061
0.086244,0.213046,0.270738
0.084976,0.212401,0.271700
0.084300,0.211616,0.272646
0.082542,0.212777,0.271092
0.081342,0.211164,0.270182
0.079441,0.214024,0.271329
0.080535,0.211033,0.271542
0.078931,0.214145,0.271373
0.079452,0.214071,0.272376
0.077564,0.212764,0.272330
0.074915,0.212919,0.274360
0.074190,0.214489,0.274111
0.073612,0.213656,0.273728
0.073776,0.214939,0.275188
0.071835,0.215691,0.273683
0.071077,0.217090,0.275303
0.068369,0.216037,0.274793
0.067534,0.217047,0.275990
0.065938,0.216788,0.272099
0.066182,0.216640,0.274610
0.065272,0.216742,0.277132
0.064986,0.216420,0.275961
0.061765,0.217963,0.275592
0.061936,0.217481,0.274452
0.061252,0.217458,0.276611
0.059299,0.218255,0.277591
0.058800,0.219990,0.277803
0.057063,0.218845,0.277466
0.056840,0.219707,0.275517
0.055771,0.219870,0.278766
0.054234,0.219102,0.277373
0.052421,0.220700,0.278308
0.052869,0.220832,0.278303
0.051851,0.222631,0.277268
0.050801,0.221647,0.278891
0.049726,0.223907,0.280173
0.049120,0.221937,0.279015
0.046242,0.221671,0.281809
0.046233,0.222560,0.278876
0.044732,0.224262,0.280365
0.044738,0.223197,0.279888
0.044834,0.222163,0.281063
0.041775,0.223745,0.280061
0.042637,0.226208,0.282638
0.038927,0.224959,0.281967
0.038570,0.225909,0.283730
0.037524,0.224847,0.281522
0.036988,0.226613,0.281292
0.034922,0.226389,0.283195
0.033602,0.225231,0.282463
0.031938,0.225747,0.282801
0.031094,0.227652,0.282692
0.032476,0.227361,0.283064
0.030910,0.226404,0.286574
0.029649,0.226266,0.284574
0.029759,0.227863,0.283837
0.027699,0.227767,0.285215
0.026257,0.229789,0.285653
0.025530,0.227866,0.284972
0.025346,0.230429,0.284361
0.023313,0.229436,0.285790
0.023138,0.231512,0.284345
0.020172,0.229987,0.286216
0.021013,0.231008,0.287728
0.019839,0.227884,0.286487
0.016988,0.231641,0.287185
0.016411,0.229397,0.288039
0.014620,0.231257,0.286992
0.015856,0.232977,0.289544
0.014222,0.232612,0.287926
0.014647,0.232059,0.289605
0.012929,0.232224,0.289931
0.012024,0.231453,0.288874
0.009955,0.230932,0.288965
0.006750,0.233072,0.287848
0.007764,0.233120,0.290120
0.007625,0.234964,0.290355
0.008207,0.234419,0.289400
0.004983,0.235466,0.291500
0.004138,0.233605,0.290557
0.002367,0.233749,0.290748
0.004146,0.235157,0.293083
0.000032,0.236066,0.291250
-0.000708,0.236311,0.289853
-0.001479,0.235543,0.292210
-0.002103,0.236493,0.292757
-0.003314,0.235502,0.290406
-0.004725,0.234674,0.290796
-0.004563,0.233682,0.290214
-0.006369,0.229274,0.291756
-0.007319,0.230760,0.287614
-0.008535,0.229511,0.288089
-0.008644,0.228659,0.285209
-0.010663,0.227725,0.285420
-0.009515,0.227288,0.284085
-0.011650,0.226765,0.282127
-0.012195,0.225414,0.283917
-0.013125,0.224126,0.283702
-0.014677,0.225120,0.281967
-0.014876,0.224510,0.280093
-0.018347,0.222845,0.280626
-0.017918,0.220990,0.278742
-0.018401,0.221696,0.279324
-0.020367,0.221967,0.277909
-0.021004,0.221978,0.279446
-0.020300,0.220371,0.278804
-0.022867,0.218904,0.280118
-0.025002,0.219426,0.277185
-0.023666,0.216902,0.276531
-0.026082,0.219184,0.277061
-0.025379,0.219066,0.277628
-0.028296,0.218505,0.276270
-0.028314,0.216996,0.275462
-0.030352,0.217106,0.274879
-0.030260,0.216840,0.275357
-0.031870,0.215484,0.274662
-0.034534,0.215470,0.275153
-0.034375,0.217973,0.275635
-0.035590,0.216161,0.274355
-0.035392,0.217378,0.275922
-0.035399,0.215917,0.273696
-0.036800,0.214356,0.272053
-0.038409,0.214130,0.274583
-0.039410,0.215812,0.273086
-0.039856,0.215620,0.273934
-0.040531,0.214636,0.274200
-0.041044,0.213545,0.273214
-0.045229,0.214653,0.273350
-0.046859,0.213518,0.274004
-0.046202,0.214858,0.274921
-0.047943,0.215947,0.273008
-0.047941,0.214209,0.275995
-0.049345,0.213468,0.274830
-0.050077,0.213764,0.273083
-0.051573,0.214300,0.275735
-0.051003,0.213515,0.275142
-0.052758,0.214070,0.273177
-0.055843,0.215491,0.273576
-0.055855,0.215756,0.273032
-0.055093,0.216418,0.274437
-0.057753,0.216011,0.275700
-0.058862,0.215579,0.274571
-0.058507,0.215668,0.275572
-0.060065,0.215295,0.274162
-0.061698,0.216370,0.275264
-0.061382,0.215133,0.275371
-0.064475,0.217127,0.275627
-0.065539,0.215668,0.274682
-0.067179,0.217787,0.278915
-0.066135,0.217902,0.274566
-0.068377,0.217208,0.276492
-0.067963,0.217517,0.274514
-0.068483,0.216520,0.275325
-0.070710,0.218112,0.277778
-0.072482,0.217301,0.276947
-0.071311,0.218092,0.277197
-0.074268,0.220615,0.277154
-0.076444,0.219138,0.277633
-0.075079,0.220967,0.277862
-0.074518,0.219599,0.278188
-0.078612,0.221316,0.278861
-0.080108,0.220116,0.277836
-0.078784,0.219693,0.278700
-0.080508,0.217913,0.279250
-0.081744,0.221275,0.280150
-0.083327,0.221031,0.276463
-0.083220,0.220828,0.279463
-0.082758,0.222049,0.279474
-0.085897,0.222459,0.280068
-0.087758,0.222633,0.279802
-0.084732,0.220980,0.280466
-0.089345,0.221701,0.279728
-0.090831,0.222125,0.281348
-0.089072,0.221957,0.278835
-0.089473,0.224303,0.281635
-0.093042,0.224136,0.281546
-0.094549,0.223331,0.280215
-0.095233,0.220814,0.281908
-0.094744,0.224244,0.279540
-0.098913,0.223912,0.281804
-0.097552,0.224964,0.281482
-0.099090,0.224676,0.282356
-0.100821,0.223994,0.280971
-0.101454,0.224312,0.280230
-0.102855,0.224886,0.282644
-0.101277,0.225562,0.282677
-0.104974,0.224492,0.282251
-0.104223,0.225094,0.282260
-0.105109,0.224670,0.283733
-0.107268,0.227258,0.282816
-0.106660,0.224682,0.283610
-0.110159,0.225908,0.282558
-0.110234,0.225810,0.284359
-0.111424,0.225737,0.281929
-0.111361,0.225582,0.283239
-0.114805,0.222718,0.279678
-0.114742,0.220370,0.277916
-0.114421,0.218040,0.276116
-0.117840,0.213151,0.274463
-0.116836,0.211653,0.272226
-0.117654,0.211561,0.271027
-0.118587,0.209811,0.268078
-0.118381,0.206916,0.264587
-0.119915,0.202334,0.262762
-0.124502,0.200982,0.259979
-0.124591,0.197569,0.256484
-0.124615,0.196836,0.258618
-0.126296,0.193742,0.255129
-0.128098,0.191020,0.253935
-0.128207,0.187253,0.250282
-0.128946,0.185465,0.248231
-0.131444,0.184733,0.246259
-0.130231,0.180942,0.244015
-0.131688,0.179025,0.242455
-0.133945,0.176229,0.240642
-0.134966,0.172850,0.238026
-0.134827,0.170490,0.235564
-0.138535,0.167412,0.234590
-0.138747,0.164875,0.230283
-0.140444,0.162039,0.228491
-0.139903,0.158822,0.226259
-0.143163,0.157820,0.223899
-0.143017,0.155031,0.222545
-0.142607,0.151819,0.218673
-0.144669,0.147854,0.219476
-0.146442,0.145994,0.214527
-0.146528,0.143327,0.213775
-0.147804,0.142762,0.209373
-0.149758,0.137687,0.209979
0.160355,0.166194,0.233077
0.160370,0.166231,0.236502
0.157495,0.166315,0.232054
0.157157,0.165993,0.232854
0.156475,0.165868,0.235697
0.155029,0.167639,0.233573
0.154224,0.167505,0.235749
0.153871,0.168711,0.234764
0.154104,0.167703,0.235542
0.150275,0.168305,0.237189
0.149776,0.168286,0.235723
0.148628,0.168432,0.236195
0.147632,0.166294,0.235110
0.143782,0.167588,0.235150
0.147015,0.169828,0.235487
0.142831,0.168647,0.237174
0.142977,0.169249,0.236652
0.143570,0.169318,0.235737
0.142804,0.169594,0.236034
0.140205,0.170139,0.237679
0.140292,0.167709,0.237575
0.138811,0.168320,0.238100
0.137179,0.169717,0.236351
0.134942,0.169493,0.238756
0.135447,0.171118,0.236788
0.133083,0.169467,0.236759
0.132201,0.169849,0.237882
0.131714,0.173215,0.237459
0.131765,0.171047,0.238102
0.128894,0.171796,0.238673
0.128982,0.172161,0.238156
0.127784,0.169857,0.238573
0.126157,0.172143,0.238754
0.124428,0.171533,0.239615
0.124147,0.171401,0.239417
0.123467,0.172039,0.239616
0.122380,0.172460,0.238222
0.122049,0.171018,0.240723
0.119863,0.172760,0.240249
0.120793,0.173421,0.240098
0.119178,0.174339,0.239677
0.115714,0.174812,0.241356
0.118415,0.174892,0.240755
0.114105,0.173831,0.241642
0.113205,0.174491,0.242127
0.112612,0.176930,0.242268
0.110136,0.176408,0.243606
0.110711,0.176238,0.243092
0.106764,0.177856,0.243973
0.108437,0.177079,0.246197
0.105233,0.179713,0.243961
0.106056,0.179777,0.244912
0.104440,0.182043,0.246800
0.103892,0.182993,0.246091
0.103748,0.182782,0.246916
0.100558,0.182698,0.248025
0.098495,0.184544,0.249979
0.100135,0.185939,0.249836
0.097116,0.186219,0.250778
0.096014,0.189563,0.253765
0.093596,0.190636,0.254009
0.090893,0.193874,0.254887
0.089698,0.209416,0.270942
0.088925,0.210544,0.270788
0.089356,0.208962,0.271907
0.086738,0.209957,0.271801
0.086061,0.211103,0.272321
0.085821,0.210831,0.271125
0.084607,0.209943,0.271906
0.083648,0.210923,0.272187
0.080800,0.211152,0.272100
0.081957,0.212973,0.271157
0.079505,0.213504,0.274268
0.079856,0.213551,0.275861
0.076206,0.212175,0.273683
0.077195,0.211913,0.274475
0.077114,0.214814,0.275096
0.076379,0.213076,0.275736
0.076114,0.213839,0.274190
0.072605,0.214549,0.273791
0.072619,0.216684,0.275252
0.071468,0.216307,0.272908
0.070033,0.216974,0.274822
0.068978,0.214816,0.275341
0.066890,0.216970,0.275358
0.065643,0.217704,0.277399
0.066565,0.216760,0.276366
0.064853,0.216960,0.277570
0.062034,0.218152,0.277313
0.062625,0.218577,0.277889
0.060706,0.215931,0.276108
0.059813,0.216381,0.277020
0.059612,0.219288,0.278112
0.059268,0.220775,0.278118
0.057173,0.219990,0.280019
0.055974,0.218007,0.278206
0.054386,0.219710,0.279368
0.053087,0.220203,0.279256
0.052488,0.221953,0.279424
0.050292,0.222963,0.279637
0.049508,0.220815,0.281245
0.048824,0.221035,0.280098
0.046373,0.221961,0.281034
0.048359,0.220122,0.281840
0.046530,0.222358,0.282421
0.043950,0.222186,0.283055
0.043215,0.222234,0.281788
0.042471,0.222462,0.282624
0.041556,0.224854,0.282489
0.040344,0.221883,0.283762
0.038853,0.225106,0.283857
0.038965,0.224591,0.284777
0.038293,0.223809,0.284027
0.035207,0.224605,0.283474
0.035623,0.224782,0.283813
0.033601,0.225131,0.283618
0.031749,0.227098,0.283990
0.031895,0.225734,0.284622
0.032242,0.227340,0.286185
0.030490,0.225437,0.286099
0.029057,0.227660,0.285400
0.030668,0.226928,0.286516
0.026869,0.228360,0.285179
0.027116,0.228578,0.285824
0.026115,0.228421,0.286667
0.025220,0.229630,0.287915
0.023817,0.229594,0.285805
0.024424,0.228723,0.287447
0.021704,0.229457,0.287805
0.020445,0.229945,0.288585
0.018353,0.229381,0.287880
0.018208,0.228222,0.290057
0.017487,0.229990,0.288846
0.017035,0.231042,0.290612
0.016348,0.230794,0.290263
0.013577,0.228800,0.289229
0.014173,0.231434,0.288436
0.013747,0.232926,0.291555
0.012806,0.233437,0.290720
0.009774,0.233896,0.290435
0.009826,0.233234,0.291030
0.009249,0.232837,0.291896
0.007059,0.233578,0.291594
0.008001,0.231230,0.291442
0.004097,0.234816,0.290955
0.005971,0.233459,0.290906
0.002240,0.235881,0.291218
0.002316,0.235352,0.290767
-0.000156,0.234347,0.293220
-0.000887,0.236651,0.292417
-0.001759,0.235891,0.295833
-0.002898,0.236708,0.293563
-0.002656,0.236316,0.291838
-0.004170,0.232449,0.290613
-0.004683,0.231826,0.290151
-0.006468,0.228702,0.288932
-0.007123,0.229832,0.288747
-0.008242,0.229544,0.286350
-0.009288,0.226998,0.286695
-0.009350,0.227489,0.285223
-0.011014,0.225469,0.283199
-0.011536,0.223915,0.284969
-0.011849,0.224299,0.284425
-0.014528,0.224538,0.282368
-0.015243,0.223648,0.282158
-0.014831,0.221911,0.283754
-0.016089,0.222458,0.283703
-0.017379,0.220559,0.281695
-0.018838,0.220292,0.280911
-0.019385,0.219145,0.280218
-0.021460,0.218659,0.277523
-0.021301,0.218767,0.278666
-0.022798,0.219712,0.278427
-0.023991,0.217756,0.279255
-0.024282,0.219154,0.279061
-0.026153,0.218686,0.277668
-0.027387,0.217360,0.277489
-0.028658,0.217256,0.278138
-0.027986,0.215550,0.274932
-0.030693,0.216680,0.274568
-0.030907,0.215357,0.275525
-0.030464,0.214298,0.276849
-0.032074,0.215385,0.277372
-0.033048,0.217074,0.275672
-0.033520,0.215195,0.273899
-0.033710,0.215292,0.272661
-0.036740,0.214615,0.274864
-0.037933,0.212282,0.274160
-0.038690,0.213368,0.274817
-0.040245,0.217152,0.275094
-0.041430,0.213986,0.274218
-0.042189,0.212483,0.274109
-0.042611,0.213234,0.273553
-0.044006,0.213223,0.275905
-0.045416,0.212030,0.273998
-0.046557,0.213623,0.274351
-0.047323,0.213558,0.272768
-0.048482,0.212815,0.274281
-0.048456,0.213902,0.274649
-0.049855,0.213281,0.274473
-0.050418,0.215042,0.273223
-0.051414,0.214148,0.275116
-0.055112,0.214430,0.275176
-0.053141,0.214390,0.272904
-0.053979,0.212853,0.273978
-0.055510,0.214154,0.275580
-0.056587,0.215483,0.275263
-0.058553,0.215087,0.275211
-0.059611,0.215723,0.276248
-0.059570,0.215581,0.278098
-0.061419,0.215528,0.276543
-0.061779,0.216871,0.275283
-0.062811,0.213871,0.275736
-0.064119,0.215308,0.276014
-0.065133,0.215521,0.276248
-0.066798,0.215875,0.274916
-0.068100,0.217314,0.277248
-0.067595,0.217057,0.276194
-0.071051,0.216639,0.276384
-0.071887,0.217990,0.277359
-0.072684,0.216934,0.278550
-0.070675,0.215850,0.277313
-0.075942,0.216234,0.279639
-0.073857,0.219341,0.277127
-0.075016,0.219131,0.277116
-0.077224,0.218566,0.277524
-0.078484,0.219376,0.278401
-0.077877,0.218253,0.278625
-0.079693,0.219546,0.278702
-0.081188,0.217692,0.279431
-0.083700,0.218549,0.280097
-0.082123,0.219037,0.278964
-0.083910,0.220328,0.280471
-0.083568,0.219932,0.278192
-0.084952,0.220655,0.279600
-0.087491,0.221137,0.279899
-0.089917,0.220684,0.280537
-0.089999,0.221539,0.281640
-0.090470,0.221027,0.282760
-0.088519,0.219994,0.280806
-0.091804,0.220782,0.279988
-0.092448,0.222588,0.281539
-0.093230,0.221498,0.280095
-0.095140,0.221448,0.280505
-0.095696,0.221469,0.283386
-0.098032,0.222971,0.281963
-0.097695,0.223360,0.283667
-0.101328,0.222287,0.283220
-0.100020,0.222179,0.282025
-0.100867,0.223160,0.280730
-0.100639,0.223056,0.282006
-0.103504,0.224909,0.281355
-0.102266,0.222775,0.282413
-0.107033,0.224533,0.281930
-0.104535,0.223730,0.284269
-0.105701,0.224911,0.282663
-0.108126,0.227260,0.283511
-0.110270,0.224576,0.283528
-0.110797,0.224589,0.280222
-0.110252,0.225146,0.283630
-0.112194,0.226691,0.282732
-0.111385,0.222152,0.280669
-0.114578,0.218840,0.281790
-0.115800,0.219517,0.275774
-0.115671,0.215401,0.274593
-0.117017,0.213670,0.271403
-0.117687,0.207259,0.269856
-0.118365,0.207993,0.268219
-0.120737,0.206175,0.267320
-0.122074,0.201873,0.263773
-0.122321,0.200687,0.261724
-0.124466,0.197733,0.261304
-0.121635,0.195294,0.258414
-0.127219,0.193171,0.258394
-0.127491,0.189033,0.255119
-0.129707,0.187988,0.251514
-0.129185,0.183056,0.250782
-0.128921,0.181521,0.246575
-0.130635,0.182660,0.247229
-0.133698,0.179623,0.244463
-0.132952,0.173518,0.241742
-0.134099,0.170727,0.238078
-0.136521,0.170345,0.235546
-0.136265,0.167946,0.235044
-0.136928,0.164166,0.230460
-0.137805,0.161848,0.230611
-0.141092,0.159287,0.228345
-0.142576,0.158497,0.226725
-0.141650,0.156007,0.223778
-0.144158,0.151458,0.221599
-0.146245,0.148783,0.219434
-0.146632,0.146713,0.214718
-0.147619,0.146147,0.215416
-0.149259,0.140521,0.212996
-0.148788,0.139965,0.208508
0.159285,0.167125,0.235576
0.158952,0.165662,0.236037
0.158443,0.165002,0.235220
0.158124,0.165379,0.235746
0.155746,0.165938,0.236757
0.155358,0.165393,0.235691
0.152279,0.166569,0.236390
0.152996,0.167955,0.236634
0.151203,0.166206,0.235953
0.150550,0.166588,0.237421
0.149318,0.165779,0.237069
0.146554,0.167255,0.234867
0.146159,0.167571,0.236359
0.146194,0.168047,0.236853
0.143097,0.169107,0.236119
0.143548,0.167528,0.237864
0.143088,0.166797,0.234789
0.142656,0.168010,0.235986
0.141081,0.169595,0.237598
0.137556,0.169460,0.237247
0.138865,0.169345,0.235319
0.136842,0.168275,0.236947
0.135507,0.170752,0.239074
0.132667,0.171110,0.238135
0.133831,0.170224,0.237107
0.133623,0.168140,0.238559
0.132286,0.169691,0.238366
0.129039,0.168770,0.236638
0.130696,0.170386,0.236627
0.127793,0.169275,0.239393
0.127928,0.169764,0.238850
0.125669,0.170434,0.239008
0.126174,0.171474,0.239291
0.122652,0.170247,0.240156
0.123496,0.172857,0.241485
0.122546,0.171416,0.239339
0.120060,0.171794,0.239384
0.120793,0.172303,0.239786
0.118594,0.172333,0.243101
0.117486,0.172545,0.241771
0.115966,0.173384,0.241437
0.113693,0.173677,0.241248
0.113667,0.172051,0.242434
0.113881,0.173931,0.242079
0.111919,0.175027,0.243010
0.111017,0.174660,0.242498
0.108309,0.175180,0.243513
0.108645,0.176221,0.243572
0.105677,0.177800,0.247053
0.104891,0.176535,0.246195
0.105707,0.179227,0.247175
0.102088,0.178552,0.246286
0.104121,0.179864,0.246781
0.100847,0.182129,0.247852
0.101082,0.181626,0.250514
0.100519,0.183042,0.249427
0.097999,0.184929,0.251632
0.098349,0.187992,0.250876
0.095601,0.185435,0.252892
0.094817,0.191288,0.254284
0.091818,0.193186,0.258745
0.088893,0.209169,0.272061
0.087530,0.207935,0.272668
0.087321,0.212096,0.272507
0.086021,0.210189,0.272614
0.084256,0.209534,0.273449
0.085321,0.210041,0.272148
0.084796,0.212024,0.270861
0.082936,0.212206,0.274719
0.081802,0.210904,0.273527
0.081113,0.213258,0.273792
0.079892,0.212827,0.275749
0.077689,0.210824,0.272385
0.078040,0.213681,0.274167
0.078697,0.212898,0.274556
0.075559,0.213978,0.275228
0.073690,0.213251,0.275527
0.071939,0.213672,0.275952
0.072894,0.214335,0.276514
0.071811,0.215298,0.277361
0.072397,0.212979,0.278540
0.068152,0.215297,0.275303
0.068028,0.215645,0.275908
0.067459,0.215643,0.277182
0.066432,0.215679,0.278214
0.065949,0.217634,0.276946
0.063802,0.216362,0.277467
0.063503,0.215359,0.277911
0.061638,0.217343,0.277730
0.060846,0.216263,0.279439
0.060000,0.217383,0.278827
0.059555,0.218074,0.281271
0.057331,0.217570,0.277161
0.056804,0.218000,0.279800
0.056232,0.218641,0.283085
0.054933,0.219289,0.280916
0.052352,0.219159,0.282866
0.051510,0.219190,0.282232
0.052334,0.221111,0.279719
0.049445,0.220735,0.282107
0.049026,0.221076,0.280193
0.050182,0.220719,0.280915
0.045848,0.223597,0.282392
0.047215,0.222532,0.284011
0.044891,0.224204,0.284020
0.043118,0.222365,0.282636
0.043129,0.222846,0.281899
0.042477,0.224588,0.284245
0.040806,0.221937,0.283964
0.041359,0.223764,0.284515
0.040096,0.225693,0.284842
0.037153,0.224627,0.284947
0.035808,0.224299,0.286356
0.034918,0.224665,0.285193
0.035252,0.225910,0.285536
0.034450,0.225409,0.285902
0.032732,0.225451,0.285626
0.030929,0.225149,0.288143
0.030680,0.226535,0.286409
0.028752,0.227662,0.286272
0.031551,0.225866,0.287546
0.029845,0.225506,0.287027
0.027214,0.228088,0.288421
0.027721,0.228719,0.288351
0.025244,0.227188,0.291044
0.023964,0.227824,0.287472
0.023014,0.228657,0.287579
0.020965,0.228949,0.288926
0.020838,0.229013,0.288658
0.021204,0.229975,0.288379
0.017910,0.230899,0.288199
0.015269,0.229486,0.291035
0.014339,0.230012,0.290482
0.016139,0.230140,0.289621
0.015205,0.232156,0.291698
0.012931,0.230656,0.291812
0.011083,0.230831,0.291507
0.011647,0.233247,0.292776
0.010895,0.233271,0.291684
0.010141,0.231670,0.292352
0.007535,0.233692,0.291993
0.006030,0.232019,0.294390
0.005704,0.233810,0.291430
0.003887,0.235002,0.294489
0.003183,0.234059,0.293802
0.002118,0.234960,0.293094
0.002671,0.233929,0.293593
0.000815,0.235539,0.292857
-0.002077,0.236801,0.292285
-0.001239,0.236461,0.293750
-0.001669,0.235608,0.295362
-0.005151,0.233970,0.291344
-0.003011,0.232651,0.291057
-0.005437,0.232355,0.289426
-0.005686,0.228408,0.289604
-0.006590,0.228620,0.288765
-0.007016,0.226706,0.288299
-0.007576,0.229286,0.286395
-0.010282,0.224987,0.285630
-0.010659,0.225990,0.285175
-0.012975,0.223416,0.285318
-0.012961,0.223465,0.284455
-0.013738,0.223345,0.283261
-0.013371,0.221375,0.282750
-0.013886,0.222198,0.282539
-0.015971,0.219896,0.280842
-0.016754,0.219522,0.280920
-0.018290,0.220886,0.280338
-0.018666,0.219204,0.282819
-0.019762,0.218700,0.280323
-0.020039,0.217020,0.280648
-0.022932,0.218470,0.279457
-0.023011,0.216506,0.277354
-0.025694,0.215075,0.279076
-0.024113,0.215942,0.279025
-0.025298,0.216293,0.278149
-0.026988,0.215931,0.276612
-0.029075,0.215420,0.277273
-0.030152,0.215527,0.276541
-0.029588,0.213203,0.275446
-0.031203,0.212605,0.276502
-0.033355,0.213678,0.275935
-0.033600,0.214100,0.276412
-0.033954,0.215152,0.275421
-0.036143,0.213445,0.275620
-0.036428,0.213175,0.276885
-0.038870,0.211536,0.274426
-0.038123,0.213795,0.275415
-0.039912,0.212450,0.273732
-0.039698,0.210620,0.275700
-0.042933,0.209950,0.273820
-0.044432,0.213149,0.276035
-0.045629,0.213881,0.276769
-0.043547,0.214624,0.274481
-0.048782,0.211040,0.275794
-0.048291,0.213602,0.274656
-0.045825,0.212538,0.276547
-0.048146,0.213218,0.274523
-0.048480,0.212001,0.275943
-0.050305,0.213328,0.273824
-0.053857,0.216351,0.275894
-0.052382,0.212736,0.275035
-0.053875,0.215653,0.275954
-0.057576,0.216144,0.274176
-0.057280,0.213559,0.275159
-0.057004,0.214364,0.278100
-0.058315,0.215329,0.274740
-0.059348,0.214512,0.276780
-0.058459,0.214816,0.274983
-0.062336,0.214069,0.275643
-0.062464,0.216405,0.277883
-0.061521,0.213350,0.277010
-0.063312,0.216367,0.275790
-0.065509,0.215916,0.275279
-0.065485,0.216104,0.276540
-0.067603,0.215318,0.276058
-0.067677,0.215370,0.277281
-0.069009,0.215026,0.275919
-0.070380,0.215201,0.275815
-0.070559,0.215643,0.278876
-0.072721,0.215411,0.277375
-0.074123,0.216650,0.276413
-0.074048,0.218036,0.278199
-0.074547,0.214725,0.278741
-0.077252,0.216322,0.278666
-0.077092,0.217500,0.277566
-0.077262,0.218131,0.276779
-0.080125,0.217782,0.279351
-0.080938,0.218736,0.278293
-0.081922,0.219844,0.281002
-0.081836,0.219231,0.280764
-0.085063,0.218820,0.278515
-0.085507,0.218510,0.278547
-0.086726,0.219980,0.281853
-0.087517,0.218360,0.280366
-0.086592,0.218288,0.280787
-0.089687,0.220704,0.279845
-0.090282,0.221485,0.279825
-0.091467,0.218686,0.280715
-0.093217,0.217960,0.282481
-0.092545,0.220392,0.281581
-0.091418,0.221660,0.282258
-0.093225,0.220655,0.281744
-0.096725,0.220847,0.282413
-0.096908,0.221171,0.281559
-0.097638,0.221224,0.280141
-0.098278,0.223947,0.282258
-0.099299,0.218860,0.283630
-0.101189,0.223250,0.283055
-0.100857,0.221328,0.282779
-0.106385,0.219294,0.282149
-0.103824,0.222149,0.282160
-0.105287,0.221975,0.283997
-0.104235,0.223903,0.283249
-0.107016,0.222370,0.284307
-0.109572,0.222703,0.284724
-0.109533,0.224165,0.282713
-0.110428,0.221972,0.285441
-0.110892,0.223157,0.283782
-0.114062,0.223933,0.283745
-0.111794,0.222786,0.282924
-0.114766,0.219284,0.280785
-0.115297,0.216986,0.278396
-0.115029,0.213936,0.276711
-0.118777,0.212265,0.275117
-0.118087,0.210513,0.272684
-0.120621,0.208487,0.270978
-0.120983,0.203447,0.269326
-0.121090,0.202212,0.265889
-0.123782,0.197758,0.265337
-0.124487,0.198219,0.262977
-0.122501,0.195977,0.259856
-0.126142,0.192889,0.258145
-0.127268,0.189046,0.254937
-0.127735,0.187501,0.254357
-0.129540,0.185101,0.250629
-0.130801,0.182766,0.249861
-0.130893,0.177440,0.246485
-0.133561,0.177630,0.244583
-0.133634,0.173620,0.241679
-0.134507,0.170832,0.238587
-0.136272,0.170845,0.238642
-0.137349,0.167190,0.236124
-0.138667,0.163159,0.236160
-0.140090,0.160816,0.232697
-0.139070,0.159117,0.231445
-0.142897,0.157342,0.226723
-0.142634,0.152752,0.225203
-0.145226,0.148734,0.223773
-0.143349,0.147581,0.219558
-0.148500,0.146510,0.219137
-0.146453,0.143798,0.214832
-0.148052,0.140984,0.214197
-0.150849,0.138670,0.209067
0.158317,0.165619,0.235438
0.157811,0.164573,0.234629
0.157108,0.163907,0.237068
0.155738,0.166136,0.235453
0.156150,0.163598,0.237144
0.155179,0.166246,0.237119
0.153524,0.166849,0.236880
0.151626,0.165960,0.237192
0.152371,0.166223,0.237080
0.148345,0.164560,0.236434
0.149112,0.166576,0.237617
0.147109,0.167485,0.235806
0.145884,0.166978,0.238544
0.146232,0.165799,0.236105
0.145096,0.166261,0.238561
0.144450,0.167879,0.236878
0.142424,0.167659,0.238527
0.142066,0.168709,0.239413
0.141133,0.166181,0.238208
0.139012,0.166816,0.238634
0.139087,0.167049,0.238298
0.136120,0.168599,0.238731
0.133145,0.167514,0.239466
0.135149,0.169545,0.240318
0.134637,0.166724,0.240202
0.133406,0.167547,0.239769
0.132536,0.169243,0.239723
0.132017,0.170036,0.241278
0.131438,0.170123,0.237586
0.130071,0.168064,0.238894
0.126451,0.169441,0.238739
0.127305,0.170189,0.239484
0.126925,0.169986,0.240773
0.123260,0.171002,0.241427
0.122138,0.170080,0.238750
0.121192,0.170078,0.239918
0.120731,0.171261,0.239623
0.119525,0.170999,0.240463
0.119640,0.171055,0.240611
0.117491,0.172819,0.242474
0.114880,0.172770,0.243620
0.115179,0.171977,0.243361
0.114683,0.170643,0.242763
0.113445,0.174241,0.242549
0.111075,0.174850,0.243623
0.110897,0.174923,0.243021
0.111180,0.178185,0.244936
0.107939,0.176079,0.243608
0.105242,0.175966,0.247751
0.106081,0.176180,0.245335
0.106144,0.178573,0.246342
0.102544,0.177417,0.249045
0.099413,0.178225,0.249210
0.100296,0.180759,0.248940
0.100627,0.181440,0.248890
0.100525,0.182101,0.252496
0.097525,0.182310,0.251251
0.098157,0.183257,0.252276
0.094518,0.187934,0.254612
0.094954,0.186605,0.255337
0.093479,0.191935,0.258697
0.090830,0.208385,0.271667
0.089435,0.210597,0.273373
0.086593,0.207840,0.273188
0.086696,0.209416,0.272771
0.085227,0.210266,0.274284
0.085696,0.208655,0.275773
0.085249,0.209442,0.275219
0.083838,0.209480,0.274275
0.080368,0.210997,0.274083
0.080660,0.211566,0.276667
0.079628,0.211194,0.276867
0.078975,0.211862,0.275111
0.078466,0.213935,0.276960
0.076540,0.212422,0.277151
0.075029,0.212836,0.276883
0.073594,0.212389,0.278627
0.074602,0.213588,0.277857
0.071491,0.214731,0.278064
0.071195,0.213599,0.277475
0.070083,0.215576,0.279400
0.067731,0.215471,0.278762
0.068126,0.213768,0.278317
0.065819,0.217313,0.279912
0.067462,0.215659,0.278612
0.065001,0.214211,0.279894
0.065084,0.216102,0.281537
0.062876,0.215410,0.280425
0.061670,0.216872,0.280159
0.060613,0.217692,0.278767
0.056305,0.217564,0.281272
0.059244,0.218519,0.278881
0.058725,0.217259,0.281394
0.056599,0.216971,0.282065
0.054730,0.217902,0.280381
0.051956,0.220387,0.281525
0.054546,0.219657,0.282640
0.053324,0.218956,0.282744
0.050356,0.221794,0.279908
0.050730,0.220660,0.284500
0.049543,0.219697,0.282373
0.047184,0.220409,0.283246
0.046709,0.221087,0.283558
0.045854,0.218935,0.284115
0.044585,0.220943,0.284579
0.043233,0.221123,0.283820
0.044240,0.221572,0.285989
0.041494,0.220761,0.285713
0.040685,0.224475,0.284325
0.039556,0.224443,0.284225
0.038901,0.224003,0.285461
0.037396,0.225290,0.283114
0.035576,0.223943,0.286729
0.035479,0.223484,0.285205
0.032969,0.225700,0.287587
0.033985,0.225688,0.287021
0.033166,0.224503,0.287271
0.032483,0.224809,0.287974
0.029663,0.226597,0.285213
0.029210,0.226339,0.287603
0.026869,0.227112,0.287901
0.027819,0.226708,0.289463
0.026385,0.227739,0.287940
0.025225,0.226153,0.289706
0.024446,0.227062,0.287622
0.022986,0.227893,0.290272
0.021955,0.228118,0.290330
0.020069,0.227111,0.290357
0.020377,0.226887,0.290325
0.020569,0.228501,0.290311
0.018762,0.229461,0.291276
0.015942,0.231430,0.291805
0.015517,0.229649,0.291518
0.015134,0.230760,0.292450
0.015067,0.232121,0.291610
0.013799,0.231066,0.290845
0.012632,0.230834,0.292013
0.009439,0.232742,0.291498
0.009182,0.231610,0.293452
0.009011,0.232754,0.292608
0.009230,0.232427,0.293667
0.007618,0.233268,0.293465
0.003590,0.234374,0.293741
0.005252,0.233034,0.294978
0.003931,0.233295,0.294777
0.004317,0.233787,0.295404
0.002939,0.233027,0.296057
0.002303,0.235585,0.295179
-0.000012,0.234460,0.296071
-0.001450,0.237573,0.295903
-0.000939,0.231939,0.295151
-0.003007,0.234296,0.294239
-0.003718,0.231711,0.292483
-0.005298,0.230986,0.291930
-0.007764,0.228284,0.290134
-0.006587,0.228117,0.287824
-0.007804,0.227561,0.287923
-0.009473,0.226780,0.288292
-0.010034,0.223856,0.286453
-0.011366,0.223703,0.285617
-0.012502,0.223331,0.284454
-0.012505,0.222480,0.285696
-0.014956,0.220910,0.283335
-0.015792,0.222377,0.283501
-0.014333,0.221074,0.282877
-0.016212,0.219517,0.282612
-0.017916,0.220071,0.278971
-0.020051,0.220012,0.282452
-0.020089,0.219403,0.281434
-0.021114,0.219765,0.280911
-0.022089,0.217210,0.280460
-0.024056,0.217829,0.281489
-0.024912,0.216154,0.279718
-0.024513,0.217000,0.278787
-0.026874,0.216033,0.280077
-0.027190,0.216638,0.278334
-0.027944,0.216240,0.276944
-0.029619,0.215576,0.278053
-0.029370,0.213782,0.276848
-0.032546,0.212877,0.276247
-0.030422,0.213616,0.277579
-0.031995,0.211441,0.276499
-0.033472,0.213945,0.275954
-0.036435,0.214297,0.274792
-0.036378,0.213030,0.275476
-0.037159,0.213270,0.277261
-0.038153,0.211774,0.275084
-0.039139,0.210722,0.275588
-0.040271,0.210833,0.275111
-0.040867,0.209412,0.276280
-0.041335,0.211446,0.274171
-0.042750,0.211825,0.275849
-0.043360,0.210079,0.276070
-0.045117,0.212489,0.275789
-0.045650,0.209357,0.276154
-0.047171,0.212978,0.276597
-0.049608,0.211849,0.276715
-0.050293,0.213019,0.275572
-0.048203,0.211059,0.278255
-0.053619,0.212593,0.275415
-0.050781,0.212941,0.274522
-0.054429,0.213886,0.277403
-0.055912,0.212960,0.277926
-0.054495,0.212901,0.275389
-0.057262,0.212160,0.278752
-0.058048,0.212230,0.274416
-0.057747,0.213978,0.276053
-0.060409,0.214940,0.274978
-0.061251,0.211591,0.276519
-0.060375,0.215056,0.276604
-0.061360,0.214305,0.277498
-0.063858,0.214506,0.277805
-0.063565,0.213858,0.278727
-0.064770,0.215992,0.278086
-0.067178,0.214860,0.277922
-0.066720,0.213891,0.277848
-0.067395,0.213176,0.278128
-0.069763,0.213674,0.276630
-0.070581,0.215665,0.277760
-0.072027,0.217231,0.279146
-0.071631,0.214640,0.278476
-0.073055,0.215258,0.280312
-0.075022,0.215699,0.278351
-0.074677,0.217044,0.279022
-0.077073,0.215523,0.280084
-0.079006,0.214487,0.278484
-0.079058,0.214699,0.279623
-0.079088,0.216404,0.279983
-0.081683,0.214808,0.279570
-0.081790,0.215328,0.279069
-0.083573,0.216232,0.280197
-0.085623,0.218535,0.279074
-0.083846,0.219790,0.279334
-0.086741,0.216589,0.280443
-0.087254,0.216858,0.281713
-0.088091,0.218112,0.281865
-0.088434,0.218141,0.280206
-0.088855,0.216369,0.281314
-0.090992,0.219039,0.280991
-0.091105,0.218141,0.279487
-0.092135,0.217332,0.280526
-0.093069,0.216500,0.281639
-0.095227,0.220581,0.282452
-0.098465,0.218650,0.281206
-0.096951,0.219674,0.281615
-0.098327,0.218388,0.282856
-0.098231,0.220073,0.281878
-0.100008,0.221007,0.282952
-0.102295,0.221257,0.282607
-0.103030,0.218787,0.281588
-0.103241,0.220884,0.282561
-0.102233,0.220003,0.282996
-0.105170,0.220438,0.283282
-0.105731,0.221521,0.283778
-0.107060,0.221284,0.282309
-0.107827,0.221358,0.284638
-0.109775,0.222593,0.285085
-0.109633,0.222647,0.283998
-0.111027,0.222860,0.284648
-0.112980,0.222815,0.286322
-0.112307,0.219530,0.282666
-0.114194,0.218089,0.282174
-0.115763,0.216852,0.279806
-0.119130,0.213629,0.277530
-0.117545,0.211311,0.275691
-0.120398,0.209753,0.273411
-0.120649,0.208309,0.271997
-0.120609,0.203802,0.268713
-0.121863,0.200185,0.267071
-0.120495,0.198408,0.266938
-0.124144,0.195367,0.264291
-0.126101,0.193914,0.262006
-0.125035,0.190559,0.257082
-0.127143,0.189825,0.256659
-0.128101,0.187259,0.256259
-0.129113,0.186450,0.253920
-0.130024,0.181105,0.248924
-0.132421,0.180528,0.247775
-0.132284,0.175975,0.246031
-0.134510,0.174149,0.244276
-0.133941,0.173635,0.243182
-0.135084,0.168739,0.241122
-0.136886,0.168286,0.237034
-0.138921,0.164985,0.234780
-0.141227,0.160932,0.232419
-0.142401,0.158044,0.230974
-0.142115,0.156985,0.231586
-0.143728,0.154065,0.225830
-0.143514,0.150830,0.224376
-0.143808,0.150480,0.223381
-0.147588,0.144660,0.219223
-0.147683,0.143034,0.218167
-0.146945,0.140048,0.214872
-0.148438,0.137339,0.212334
-0.150677,0.134771,0.212334
0.159443,0.165294,0.236731
0.159649,0.163643,0.237941
0.159326,0.165104,0.236849
0.156656,0.165801,0.237469
0.154704,0.165434,0.235760
0.152363,0.165325,0.237823
0.152667,0.165865,0.236890
0.151910,0.163938,0.237320
0.150216,0.163987,0.238413
0.149792,0.166118,0.237019
0.150325,0.162903,0.236826
0.148584,0.165170,0.237999
0.147378,0.165838,0.238157
0.148657,0.167000,0.237634
0.145350,0.167086,0.238304
0.144830,0.165985,0.237919
0.143194,0.166519,0.239074
0.141757,0.165873,0.239945
0.141970,0.166906,0.239588
0.139013,0.165566,0.239078
0.138109,0.164954,0.238234
0.136896,0.167609,0.240287
0.134890,0.168226,0.238258
0.135682,0.168953,0.240125
0.134314,0.167809,0.240249
0.132681,0.168865,0.240054
0.130789,0.167825,0.240854
0.128739,0.169178,0.242256
0.129507,0.167841,0.239557
0.129291,0.168927,0.241233
0.128087,0.169503,0.241692
0.126181,0.168100,0.241290
0.126095,0.167168,0.242614
0.122932,0.168695,0.242447
0.123640,0.170918,0.241256
0.122547,0.168632,0.241007
0.120789,0.170246,0.241434
0.119467,0.171853,0.242580
0.119373,0.169944,0.240419
0.116475,0.170323,0.243286
0.116558,0.173125,0.242523
0.114754,0.170709,0.242820
0.114473,0.173722,0.244913
0.112231,0.172237,0.243749
0.111748,0.171973,0.245321
0.110251,0.172681,0.243532
0.109303,0.174387,0.244790
0.109377,0.173038,0.244502
0.107761,0.176552,0.246103
0.105026,0.175761,0.247128
0.104444,0.178395,0.246241
0.103490,0.177697,0.248157
0.105341,0.177281,0.248256
0.101728,0.178676,0.249276
0.098886,0.179096,0.251588
0.099941,0.181432,0.253007
0.099452,0.181247,0.253866
0.097971,0.184217,0.253795
0.095225,0.184334,0.254590
0.093310,0.186642,0.255928
0.094811,0.189562,0.257340
0.091682,0.208124,0.275051
0.089441,0.209363,0.274881
0.088938,0.208907,0.275888
0.086632,0.207834,0.275632
0.086758,0.208897,0.274449
0.083252,0.208824,0.275007
0.085436,0.210128,0.275887
0.082963,0.207917,0.276602
0.082763,0.210381,0.275125
0.082365,0.209575,0.276734
0.078299,0.210177,0.277494
0.079652,0.210553,0.276663
0.077622,0.210109,0.277256
0.076612,0.211523,0.277488
0.076413,0.212028,0.278274
0.073743,0.214284,0.277339
0.070268,0.213035,0.278505
0.074377,0.213224,0.279706
0.070910,0.214129,0.278142
0.070619,0.213847,0.279748
0.069613,0.214315,0.278941
0.068590,0.213699,0.279403
0.067808,0.213915,0.278903
0.064421,0.215478,0.279421
0.065993,0.215800,0.280648
0.063207,0.216430,0.279623
0.063804,0.217369,0.280011
0.061029,0.215672,0.280064
0.062702,0.217061,0.281364
0.058332,0.217724,0.281301
0.059057,0.216715,0.281505
0.058726,0.217372,0.281767
0.055387,0.218642,0.282032
0.055171,0.218149,0.283551
0.054073,0.218608,0.283160
0.053488,0.219861,0.283624
0.052113,0.218839,0.283879
0.052542,0.220987,0.282845
0.048861,0.219833,0.283166
0.051155,0.219399,0.282742
0.049137,0.220661,0.283821
0.048825,0.220141,0.285179
0.047282,0.220506,0.285103
0.043954,0.221372,0.285060
0.043107,0.222341,0.284661
0.041232,0.222336,0.284190
0.041290,0.220385,0.285597
0.041341,0.223147,0.284205
0.039574,0.223431,0.288655
0.038095,0.222302,0.285079
0.039086,0.223425,0.287271
0.035024,0.223177,0.286310
0.036191,0.224645,0.288631
0.036098,0.223904,0.288482
0.032774,0.223855,0.287803
0.031814,0.223668,0.286894
0.031764,0.225270,0.288428
0.031791,0.224681,0.288264
0.029600,0.225833,0.288192
0.030543,0.224715,0.289796
0.026433,0.225264,0.289003
0.028315,0.227958,0.291209
0.025393,0.228934,0.290113
0.025387,0.230016,0.289442
0.023678,0.227644,0.290710
0.021542,0.226113,0.289593
0.022422,0.227775,0.291511
0.018799,0.230239,0.290913
0.018400,0.229105,0.290991
0.018171,0.228666,0.291983
0.018191,0.229712,0.292384
0.016628,0.230406,0.290955
0.016513,0.227651,0.291944
0.013091,0.231810,0.292074
0.013843,0.231718,0.293896
0.013120,0.231511,0.294288
0.011776,0.229798,0.293957
0.009575,0.232783,0.292491
0.009715,0.230497,0.293802
0.008557,0.231212,0.293504
0.005065,0.233022,0.295804
0.005994,0.232864,0.295255
0.005144,0.232783,0.296347
0.004414,0.230968,0.295793
0.002760,0.232967,0.294317
0.001071,0.232865,0.295745
-0.000089,0.233504,0.298035
-0.000343,0.232891,0.297050
-0.001091,0.233354,0.293621
-0.002895,0.233222,0.293197
-0.003569,0.230562,0.294439
-0.004995,0.231351,0.294588
-0.005863,0.230386,0.292393
-0.004516,0.226862,0.288414
-0.007565,0.227912,0.289080
-0.009779,0.227944,0.290550
-0.008046,0.224959,0.288949
-0.011762,0.225143,0.288367
-0.009992,0.223689,0.288917
-0.011252,0.222539,0.286575
-0.010699,0.220462,0.285644
-0.016011,0.220252,0.284077
-0.014107,0.219973,0.285522
-0.013156,0.219148,0.285038
-0.015686,0.218028,0.281763
-0.017444,0.217789,0.281289
-0.018554,0.217031,0.282097
-0.017941,0.218866,0.280664
-0.020280,0.216882,0.281375
-0.022233,0.216064,0.282107
-0.022356,0.215937,0.281111
-0.023166,0.215228,0.280337
-0.025865,0.215524,0.279093
-0.026671,0.214319,0.279916
-0.026154,0.215558,0.278002
-0.027843,0.212093,0.279616
-0.028822,0.212239,0.278753
-0.029795,0.213019,0.278405
-0.032466,0.212551,0.277451
-0.033452,0.210419,0.277522
-0.035292,0.212529,0.277494
-0.032259,0.211882,0.276518
-0.034444,0.210667,0.275951
-0.036081,0.212263,0.277199
-0.035721,0.210112,0.275713
-0.038574,0.211404,0.276494
-0.039570,0.210100,0.277164
-0.042025,0.209958,0.276019
-0.039440,0.210584,0.275782
-0.039656,0.211068,0.276830
-0.042085,0.210312,0.275154
-0.043797,0.210838,0.276568
-0.045777,0.210763,0.275288
-0.045488,0.209874,0.278924
-0.047348,0.211476,0.275712
-0.046248,0.212010,0.277611
-0.050656,0.210304,0.277943
-0.047502,0.210245,0.276623
-0.051722,0.212628,0.276760
-0.050917,0.212061,0.277181
-0.054204,0.211418,0.277421
-0.054802,0.213165,0.278451
-0.054626,0.213095,0.276246
-0.058230,0.214436,0.277611
-0.056851,0.211077,0.277678
-0.059204,0.211688,0.276724
-0.058586,0.213032,0.278051
-0.059155,0.212884,0.276919
-0.061356,0.213203,0.275661
-0.061387,0.214510,0.277553
-0.062271,0.212523,0.277746
-0.064665,0.213732,0.277330
-0.066515,0.213916,0.278119
-0.066929,0.213613,0.277771
-0.066647,0.212604,0.279387
-0.067936,0.210927,0.276338
-0.069240,0.212421,0.276820
-0.072419,0.213081,0.277455
-0.072450,0.214980,0.278456
-0.071662,0.213544,0.278112
-0.072489,0.214045,0.279368
-0.073761,0.213542,0.279921
-0.075820,0.215553,0.278324
-0.075616,0.216437,0.279605
-0.079346,0.214971,0.279135
-0.077651,0.215307,0.279439
-0.079906,0.214499,0.279307
-0.080453,0.214903,0.280977
-0.082059,0.214039,0.281159
-0.081769,0.215773,0.281447
-0.082897,0.215628,0.279226
-0.083722,0.214977,0.280020
-0.085050,0.216440,0.281197
-0.087414,0.217689,0.281028
-0.088578,0.217954,0.282622
-0.090379,0.217554,0.279595
-0.090115,0.217217,0.280973
-0.091722,0.215748,0.281258
-0.091573,0.217579,0.283698
-0.092359,0.216857,0.281561
-0.094560,0.217047,0.281783
-0.096650,0.217662,0.282391
-0.095719,0.218393,0.282994
-0.097187,0.218357,0.281976
-0.098676,0.218966,0.283611
-0.098542,0.218519,0.282151
-0.101631,0.219608,0.282059
-0.101862,0.217358,0.280887
-0.103572,0.217314,0.283540
-0.103271,0.217973,0.283247
-0.101373,0.219009,0.283271
-0.104062,0.221917,0.284391
-0.106145,0.220977,0.284321
-0.106237,0.219123,0.285861
-0.107651,0.219163,0.285064
-0.108770,0.220159,0.284446
-0.109327,0.221006,0.285583
-0.110596,0.222551,0.285280
-0.112413,0.221856,0.286406
-0.112043,0.221773,0.285477
-0.113960,0.219633,0.280882
-0.115418,0.216335,0.281155
-0.117044,0.214970,0.280258
-0.117526,0.212437,0.277023
-0.119796,0.209970,0.275315
-0.120299,0.207257,0.273333
-0.121509,0.204363,0.269354
-0.122467,0.201328,0.268750
-0.121813,0.199029,0.265946
-0.123950,0.196877,0.264282
-0.124885,0.193136,0.262095
-0.124670,0.190844,0.258216
-0.126127,0.188949,0.258789
-0.128958,0.186401,0.255551
-0.129140,0.183342,0.254485
-0.129924,0.180347,0.251381
-0.132201,0.177966,0.247288
-0.135064,0.176517,0.247016
-0.135308,0.175697,0.245835
-0.133759,0.171251,0.243440
-0.137255,0.167338,0.240534
-0.137436,0.166108,0.238586
-0.138910,0.162745,0.236121
-0.141121,0.160310,0.236511
-0.139990,0.158087,0.233085
-0.140981,0.155552,0.229859
-0.143465,0.152210,0.227223
-0.142825,0.152196,0.225571
-0.144538,0.148513,0.222751
-0.145653,0.143363,0.221358
-0.146348,0.142234,0.216862
-0.146016,0.141132,0.216869
-0.150392,0.137518,0.214662
-0.150955,0.135819,0.211564
0.160262,0.161805,0.235279
0.161212,0.164532,0.237650
0.158099,0.163241,0.238535
0.154725,0.163259,0.237026
0.156034,0.164683,0.237837
0.152394,0.165049,0.236853
0.154855,0.165002,0.239423
0.150869,0.163608,0.238953
0.151511,0.163722,0.238271
0.150816,0.165834,0.237129
0.148695,0.165006,0.238084
0.148995,0.163137,0.237940
0.146884,0.164045,0.238356
0.144820,0.163702,0.239130
0.145521,0.163974,0.237855
0.144277,0.165688,0.238369
0.143223,0.165253,0.241169
0.141667,0.165350,0.241048
0.140227,0.164798,0.239292
0.139445,0.166319,0.238819
0.139840,0.165381,0.240587
0.136554,0.166638,0.241584
0.136601,0.165999,0.239420
0.134870,0.163170,0.240684
0.134204,0.168265,0.241709
0.132846,0.166021,0.240753
0.129826,0.167798,0.241225
0.129580,0.165997,0.243162
0.130989,0.169227,0.240776
0.127587,0.167953,0.241410
0.127488,0.167369,0.241217
0.125978,0.166955,0.241922
0.124649,0.168934,0.241031
0.123353,0.168848,0.241387
0.124047,0.169990,0.242174
0.122557,0.168278,0.242599
0.121684,0.169243,0.244182
0.120159,0.169837,0.243455
0.118129,0.169772,0.243096
0.117705,0.169170,0.243277
0.114658,0.170728,0.242978
0.115206,0.171413,0.242609
0.114059,0.172211,0.243671
0.111971,0.170422,0.244053
0.110228,0.169660,0.243705
0.111212,0.171426,0.245749
0.111849,0.171944,0.247639
0.107297,0.173261,0.244475
0.108727,0.173933,0.247441
0.105660,0.175272,0.249932
0.106019,0.175326,0.247505
0.105095,0.175678,0.248733
0.103683,0.178837,0.249420
0.101553,0.178338,0.249257
0.099335,0.179310,0.251788
0.097614,0.180511,0.252601
0.097371,0.182967,0.251474
0.096160,0.181797,0.253726
0.095268,0.183480,0.254849
0.095372,0.186032,0.255835
0.095239,0.186740,0.257384
0.092990,0.190988,0.259044
0.090960,0.208221,0.277263
0.086541,0.207974,0.275473
0.085268,0.208873,0.275849
0.085201,0.208628,0.276872
0.082230,0.209965,0.277345
0.082386,0.208329,0.278160
0.083180,0.211265,0.277622
0.082463,0.210354,0.277667
0.081706,0.212104,0.277755
0.080861,0.211729,0.276204
0.079031,0.211022,0.278090
0.077778,0.210467,0.277793
0.076018,0.211636,0.279363
0.076026,0.211760,0.278091
0.075131,0.213883,0.280835
0.072975,0.212135,0.278812
0.072703,0.213119,0.280320
0.069653,0.213068,0.281016
0.071118,0.213992,0.278837
0.068701,0.215237,0.281540
0.069162,0.215089,0.280328
0.067967,0.215380,0.281234
0.066366,0.214043,0.281407
0.065173,0.214819,0.283424
0.063854,0.216073,0.281946
0.061111,0.216493,0.282726
0.061193,0.218071,0.282686
0.059968,0.216251,0.283284
0.060167,0.218097,0.282533
0.058605,0.216820,0.283993
0.057982,0.217989,0.284374
0.055097,0.216771,0.284214
0.055975,0.218151,0.282084
0.058349,0.217131,0.285377
0.051745,0.219066,0.283832
0.053561,0.219288,0.285183
0.051246,0.218756,0.285114
0.049743,0.221830,0.284894
0.049691,0.219928,0.286074
0.049032,0.218910,0.285751
0.046193,0.220130,0.285617
0.042837,0.221780,0.286541
0.042536,0.220102,0.285730
0.043178,0.220425,0.288188
0.044733,0.221766,0.289028
0.040379,0.221426,0.287895
0.040976,0.222546,0.286226
0.038995,0.221981,0.286754
0.038834,0.220802,0.286503
0.036814,0.223036,0.288618
0.038595,0.224353,0.286817
0.035022,0.222649,0.287414
0.034063,0.222969,0.289629
0.033940,0.225321,0.288686
0.032225,0.223439,0.289916
0.031608,0.224872,0.287704
0.030954,0.224731,0.291266
0.029252,0.225200,0.289249
0.028445,0.225779,0.290367
0.025287,0.222760,0.290868
0.026780,0.228174,0.290680
0.025531,0.225847,0.291647
0.024802,0.227671,0.292156
0.023380,0.226648,0.290977
0.022516,0.227108,0.291336
0.020845,0.228811,0.292169
0.019918,0.229442,0.291856
0.019293,0.228385,0.294452
0.019023,0.228071,0.292351
0.016602,0.227484,0.293913
0.016134,0.228031,0.293650
0.014879,0.230448,0.295095
0.014584,0.229244,0.292478
0.012782,0.232903,0.294182
0.010456,0.229225,0.295619
0.011900,0.231025,0.295619
0.009387,0.230847,0.295734
0.009071,0.231133,0.295086
0.007984,0.230563,0.294607
0.005518,0.230594,0.296671
0.005107,0.231325,0.295755
0.006061,0.233121,0.296109
0.002114,0.232648,0.296017
0.004225,0.232571,0.297546
0.001590,0.233625,0.296732
0.000976,0.234365,0.298115
-0.000877,0.234984,0.296495
-0.001656,0.232747,0.296919
-0.002588,0.230390,0.295831
-0.002149,0.232686,0.294832
-0.003741,0.229938,0.293909
-0.004816,0.228176,0.293332
-0.005876,0.225446,0.290999
-0.007100,0.226090,0.291292
-0.007868,0.225140,0.289213
-0.008190,0.224308,0.290803
-0.009689,0.221810,0.288944
-0.010680,0.222770,0.288161
-0.014766,0.221699,0.288537
-0.012746,0.221011,0.287289
-0.012717,0.220652,0.285475
-0.015893,0.218781,0.286075
-0.016451,0.215808,0.286109
-0.016886,0.217814,0.283143
-0.017262,0.217325,0.282823
-0.018993,0.219035,0.282676
-0.018751,0.215602,0.282386
-0.021438,0.216548,0.284501
-0.022933,0.215686,0.281479
-0.023682,0.213329,0.281006
-0.022607,0.214544,0.280056
-0.024516,0.213855,0.282442
-0.026355,0.212690,0.280597
-0.026907,0.212832,0.278224
-0.028823,0.213528,0.278311
-0.028302,0.210251,0.278108
-0.030127,0.212135,0.279484
-0.031307,0.210413,0.278409
-0.033141,0.209951,0.278509
-0.033283,0.208793,0.278370
-0.033315,0.210943,0.279903
-0.035551,0.212412,0.277864
-0.036116,0.210533,0.277785
-0.037133,0.209296,0.275757
-0.036283,0.210107,0.278103
-0.037515,0.208655,0.276697
-0.040067,0.209735,0.275882
-0.041227,0.209599,0.275600
-0.041691,0.211080,0.276487
-0.042586,0.209295,0.277165
-0.044003,0.209124,0.276391
-0.046212,0.211616,0.277645
-0.046688,0.209675,0.279758
-0.047145,0.208704,0.276578
-0.048224,0.211402,0.278717
-0.049439,0.210907,0.277741
-0.049717,0.210312,0.277516
-0.050809,0.211327,0.277510
-0.050945,0.211457,0.277373
-0.051261,0.211959,0.278005
-0.055051,0.211561,0.276530
-0.054484,0.211880,0.278422
-0.056155,0.211133,0.278900
-0.057534,0.212242,0.278808
-0.057311,0.210430,0.279114
-0.057929,0.211962,0.278694
-0.059473,0.210186,0.278755
-0.061235,0.211363,0.279666
-0.062846,0.212594,0.279305
-0.062845,0.211328,0.280689
-0.064986,0.212074,0.277134
-0.067018,0.212550,0.280141
-0.065556,0.212383,0.278010
-0.065784,0.212294,0.280509
-0.068921,0.211882,0.279439
-0.069755,0.213236,0.277385
-0.071107,0.211410,0.278250
-0.071853,0.211142,0.279476
-0.073224,0.212243,0.280084
-0.073376,0.212381,0.281272
-0.074489,0.213051,0.280139
-0.075847,0.213475,0.277863
-0.077890,0.212273,0.279737
-0.077990,0.215403,0.280335
-0.079570,0.212436,0.278904
-0.080297,0.215058,0.281065
-0.081812,0.213780,0.280193
-0.082454,0.213988,0.279136
-0.084413,0.214762,0.279864
-0.084260,0.214302,0.279536
-0.085754,0.214197,0.280878
-0.085425,0.213922,0.281226
-0.088407,0.215365,0.281504
-0.086639,0.215577,0.281534
-0.089366,0.215550,0.280450
-0.088556,0.214703,0.284039
-0.091308,0.214476,0.282503
-0.091842,0.215985,0.282489
-0.093333,0.216973,0.281633
-0.094541,0.215140,0.282490
-0.094943,0.214504,0.282205
-0.096773,0.215814,0.282422
-0.097243,0.216230,0.280495
-0.097843,0.215420,0.280068
-0.099056,0.216375,0.282496
-0.099137,0.215574,0.283395
-0.100107,0.217601,0.282656
-0.101904,0.217640,0.284688
-0.102542,0.217129,0.284099
-0.104300,0.216010,0.283694
-0.106085,0.216891,0.283857
-0.106726,0.217397,0.286047
-0.105341,0.220707,0.282449
-0.107715,0.219205,0.285126
-0.110168,0.218975,0.284431
-0.111354,0.217939,0.286430
-0.112170,0.218619,0.284915
-0.112201,0.219597,0.284295
-0.114285,0.219327,0.286624
-0.115972,0.217991,0.284188
-0.114945,0.214976,0.283383
-0.116744,0.213153,0.280246
-0.118298,0.211965,0.278871
-0.117238,0.207857,0.276784
-0.119171,0.204832,0.274859
-0.120556,0.203559,0.272849
-0.121720,0.201169,0.268756
-0.121388,0.199584,0.268385
-0.124171,0.196274,0.265401
-0.124934,0.194209,0.264578
-0.125582,0.190716,0.262368
-0.125449,0.189044,0.258329
-0.128515,0.186198,0.257540
-0.128895,0.184068,0.252982
-0.130668,0.179398,0.253117
-0.131323,0.177833,0.250345
-0.133634,0.175804,0.249140
-0.133078,0.172732,0.246395
-0.133305,0.172697,0.246242
-0.134848,0.168726,0.242149
-0.136931,0.166457,0.240967
-0.136889,0.161605,0.236691
-0.139850,0.158983,0.235124
-0.140971,0.158604,0.233981
-0.140611,0.154336,0.230994
-0.144073,0.152582,0.228258
-0.144341,0.149211,0.229004
-0.143336,0.146664,0.223710
-0.144912,0.145572,0.224062
-0.146961,0.141811,0.221855
-0.148374,0.139937,0.218552
-0.148133,0.138241,0.214469
-0.151982,0.135420,0.214391
0.158088,0.162055,0.237242
0.157874,0.163277,0.237659
0.156457,0.162061,0.237582
0.153904,0.162684,0.237597
0.154094,0.162599,0.239992
0.152853,0.161494,0.239259
0.152161,0.164386,0.238086
0.150385,0.166097,0.242261
0.149643,0.163387,0.241123
0.147653,0.163949,0.238579
0.148660,0.164623,0.238827
0.148059,0.163592,0.240044
0.146069,0.164412,0.239833
0.144065,0.163338,0.238622
0.143261,0.163499,0.239884
0.142993,0.165032,0.238801
0.141030,0.163694,0.240769
0.139460,0.166485,0.240515
0.139492,0.165547,0.240281
0.138221,0.166682,0.241231
0.138635,0.165607,0.241260
0.136404,0.167326,0.242591
0.133945,0.167837,0.241590
0.133713,0.165698,0.241887
0.132889,0.167240,0.240914
0.131324,0.166324,0.242418
0.128813,0.166226,0.243631
0.129543,0.166275,0.240110
0.127225,0.166482,0.241532
0.127604,0.166297,0.244135
0.127288,0.165442,0.242497
0.124270,0.166126,0.242633
0.123260,0.168282,0.242176
0.124648,0.167594,0.242661
0.122066,0.166755,0.244159
0.119739,0.167554,0.244968
0.119720,0.169851,0.244138
0.118490,0.169167,0.245681
0.116094,0.169142,0.243911
0.119232,0.170938,0.243010
0.114248,0.169980,0.246165
0.114298,0.168627,0.246241
0.111831,0.169579,0.246470
0.111813,0.171017,0.245448
0.109648,0.170133,0.243808
0.109846,0.171102,0.246294
0.110579,0.172219,0.247820
0.106227,0.173682,0.250476
0.105308,0.173274,0.248823
0.105062,0.174604,0.248432
0.104103,0.176327,0.249587
0.102174,0.176347,0.252500
0.102701,0.178209,0.250847
0.099708,0.177733,0.250847
0.098270,0.177679,0.252943
0.098147,0.182103,0.253208
0.097298,0.183254,0.256647
0.096449,0.184503,0.256502
0.095534,0.184401,0.257395
0.092356,0.186707,0.258680
0.092705,0.188125,0.260008
0.090116,0.204769,0.277510
0.085218,0.209907,0.278023
0.087713,0.207775,0.277183
0.085459,0.207899,0.277065
0.085459,0.209339,0.278806
0.083226,0.208873,0.279818
0.082175,0.209139,0.277480
0.080610,0.209564,0.280112
0.080394,0.209293,0.276261
0.080639,0.210043,0.277707
0.077826,0.209214,0.281049
0.076786,0.209856,0.279054
0.076077,0.210812,0.281626
0.073187,0.212914,0.280385
0.076143,0.212230,0.280440
0.074304,0.211132,0.280471
0.072502,0.213269,0.280711
0.070745,0.214129,0.281681
0.071301,0.213396,0.282171
0.068768,0.212335,0.283736
0.067791,0.214547,0.280502
0.066176,0.213992,0.284164
0.067880,0.214858,0.284373
0.065710,0.214207,0.283261
0.065190,0.212746,0.282080
0.062011,0.215789,0.282444
0.061259,0.215162,0.283450
0.058808,0.215130,0.283269
0.060864,0.217114,0.285093
0.058628,0.214606,0.284926
0.057034,0.216931,0.286491
0.054719,0.218399,0.284588
0.054884,0.217142,0.286456
0.053744,0.218918,0.285710
0.053949,0.218541,0.284786
0.051776,0.220065,0.287224
0.053404,0.215961,0.286283
0.051185,0.219441,0.287382
0.049840,0.217994,0.283796
0.049556,0.218759,0.286983
0.046031,0.220202,0.285020
0.047888,0.220447,0.286878
0.044236,0.217943,0.287576
0.042939,0.220659,0.287226
0.042502,0.221631,0.288325
0.039685,0.220817,0.288507
0.038767,0.221529,0.288780
0.039542,0.221178,0.289718
0.039746,0.222200,0.290838
0.040285,0.224254,0.290003
0.036998,0.222131,0.291159
0.037888,0.225007,0.288498
0.033922,0.222630,0.292734
0.032137,0.222234,0.290117
0.033868,0.223585,0.290839
0.029857,0.224542,0.291365
0.030355,0.223966,0.290856
0.030157,0.223631,0.290651
0.030444,0.225453,0.291376
0.028894,0.224392,0.293437
0.024455,0.225145,0.291826
0.027077,0.225517,0.291998
0.024374,0.227148,0.294730
0.024295,0.227028,0.293810
0.021457,0.226355,0.292591
0.020237,0.228220,0.294017
0.020309,0.229361,0.295642
0.019401,0.227679,0.292105
0.019148,0.226158,0.295763
0.015707,0.229558,0.293688
0.016645,0.228838,0.295281
0.015639,0.228966,0.294115
0.013158,0.228341,0.294700
0.013271,0.230473,0.295819
0.011668,0.229750,0.295597
0.011420,0.231043,0.296618
0.007917,0.231790,0.295122
0.008335,0.230811,0.296259
0.007475,0.230448,0.297885
0.007536,0.232417,0.296487
0.005803,0.231545,0.295818
0.005194,0.230914,0.295515
0.003732,0.232380,0.297253
0.002194,0.232970,0.296695
0.002253,0.233551,0.297537
0.000637,0.233792,0.297358
0.000467,0.233889,0.299648
-0.000701,0.232752,0.296449
-0.002187,0.229528,0.296511
-0.001758,0.230215,0.295961
-0.003986,0.227941,0.291723
-0.004535,0.225712,0.293536
-0.006385,0.226759,0.291220
-0.007152,0.226036,0.290329
-0.008219,0.222787,0.288480
-0.010233,0.222450,0.290622
-0.010381,0.220258,0.287663
-0.009576,0.220131,0.288076
-0.011864,0.219456,0.287881
-0.012555,0.218721,0.286422
-0.012061,0.217691,0.286216
-0.014911,0.215476,0.286599
-0.015771,0.217109,0.282954
-0.016081,0.216531,0.284172
-0.018843,0.215187,0.285459
-0.018848,0.216408,0.283016
-0.019623,0.216074,0.284212
-0.019519,0.214468,0.282194
-0.022306,0.215608,0.282768
-0.023274,0.212470,0.281749
-0.021939,0.212350,0.279851
-0.022801,0.210904,0.281696
-0.024956,0.210638,0.280178
-0.026763,0.212161,0.280658
-0.027887,0.211018,0.279909
-0.029103,0.212361,0.278838
-0.030955,0.210258,0.279684
-0.030923,0.209184,0.278992
-0.032963,0.210261,0.279629
-0.031987,0.211963,0.277837
-0.033194,0.209106,0.278697
-0.035489,0.208003,0.278075
-0.035354,0.207208,0.277570
-0.036144,0.209894,0.276879
-0.039500,0.208026,0.278489
-0.039836,0.207893,0.276663
-0.039408,0.208605,0.276280
-0.040200,0.207602,0.278365
-0.042615,0.208095,0.278492
-0.043154,0.208496,0.276858
-0.041872,0.209925,0.278042
-0.044858,0.207781,0.276983
-0.045746,0.210219,0.278400
-0.046186,0.210456,0.276986
-0.047676,0.209789,0.277286
-0.048566,0.208464,0.279441
-0.048728,0.210019,0.278280
-0.050803,0.208479,0.280556
-0.053507,0.209426,0.278604
-0.053738,0.211400,0.278087
-0.053532,0.210707,0.279182
-0.055684,0.208260,0.280153
-0.056655,0.209710,0.278602
-0.056965,0.212381,0.279263
-0.058852,0.211882,0.279974
-0.059455,0.212930,0.279837
-0.060267,0.209950,0.279475
-0.062187,0.211713,0.279708
-0.063787,0.209898,0.279661
-0.065807,0.209849,0.279560
-0.062760,0.212223,0.278890
-0.066203,0.209992,0.281075
-0.066615,0.210690,0.278496
-0.066908,0.211290,0.278789
-0.070636,0.210526,0.280267
-0.069646,0.212435,0.278077
-0.071325,0.211237,0.279897
-0.071530,0.210554,0.280383
-0.072345,0.211476,0.280543
-0.074509,0.209976,0.280668
-0.073244,0.212602,0.280041
-0.074651,0.209665,0.280032
-0.077008,0.213149,0.280683
-0.078879,0.213908,0.281537
-0.078953,0.212613,0.283027
-0.081817,0.211300,0.282537
-0.079189,0.211549,0.279688
-0.081577,0.212940,0.281707
-0.083562,0.213596,0.280410
-0.082996,0.213364,0.280675
-0.084308,0.213740,0.281126
-0.084243,0.212821,0.281771
-0.084373,0.213965,0.279746
-0.089654,0.215940,0.278518
-0.089215,0.213356,0.282517
-0.089835,0.214850,0.282042
-0.090977,0.212234,0.282831
-0.090474,0.215091,0.282035
-0.093423,0.212035,0.282393
-0.092909,0.212623,0.281367
-0.095416,0.214410,0.283094
-0.095278,0.214695,0.283241
-0.098197,0.214243,0.283942
-0.097655,0.213763,0.284151
-0.099309,0.216394,0.283605
-0.100479,0.215592,0.285016
-0.102057,0.216035,0.283283
-0.101416,0.216068,0.283850
-0.101906,0.216931,0.284005
-0.102735,0.215334,0.286481
-0.106262,0.216921,0.284094
-0.106820,0.216675,0.283970
-0.108492,0.215556,0.284686
-0.108087,0.216761,0.285575
-0.109366,0.219247,0.284309
-0.110158,0.218409,0.286234
-0.110914,0.215273,0.285575
-0.112451,0.217900,0.287557
-0.114438,0.219236,0.286396
-0.115046,0.219162,0.287136
-0.116460,0.216776,0.282853
-0.116604,0.213953,0.280160
-0.116907,0.211147,0.278848
-0.118329,0.209051,0.278045
-0.119121,0.205678,0.274954
-0.122154,0.202598,0.273906
-0.125153,0.201432,0.270558
-0.124877,0.197419,0.270032
-0.124253,0.195201,0.264960
-0.124647,0.193540,0.265445
-0.125677,0.191889,0.262629
-0.126715,0.191333,0.260105
-0.128587,0.184672,0.259259
-0.128879,0.183419,0.256356
-0.128606,0.180705,0.253874
-0.131767,0.175713,0.253347
-0.132907,0.176471,0.250116
-0.133777,0.173337,0.247476
-0.135142,0.171453,0.245147
-0.134977,0.169312,0.243124
-0.137852,0.165706,0.240447
-0.138456,0.162563,0.239701
-0.138183,0.161815,0.236047
-0.140065,0.155694,0.236255
-0.142293,0.156294,0.230040
-0.142780,0.152589,0.229009
-0.145343,0.148119,0.228039
-0.144737,0.147469,0.226484
-0.146080,0.143172,0.223336
-0.147182,0.139795,0.221470
-0.147254,0.137825,0.218488
-0.150543,0.135222,0.216701
-0.152147,0.133327,0.212550
0.157542,0.161854,0.240859
0.158511,0.159423,0.237853
0.156439,0.160219,0.240367
0.155514,0.161546,0.240292
0.153979,0.162242,0.240474
0.151339,0.162474,0.240528
0.152886,0.161078,0.240278
0.151376,0.163013,0.241245
0.149689,0.161721,0.239260
0.149711,0.162560,0.241143
0.147357,0.162689,0.239377
0.147154,0.161283,0.240629
0.146177,0.162625,0.241793
0.145284,0.162803,0.240885
0.144014,0.162795,0.242516
0.141280,0.164081,0.241439
0.138440,0.162438,0.239517
0.141253,0.164672,0.243259
0.139764,0.165507,0.241160
0.139112,0.163909,0.242221
0.138239,0.165655,0.242528
0.137062,0.165914,0.242865
0.135619,0.165269,0.241227
0.134708,0.165137,0.242015
0.132096,0.167088,0.243317
0.132499,0.165413,0.242923
0.130524,0.166506,0.242162
0.129906,0.165128,0.241733
0.127892,0.167238,0.243885
0.128117,0.168560,0.243287
0.127428,0.164788,0.243865
0.125941,0.165048,0.245612
0.124490,0.166121,0.242802
0.122522,0.167209,0.243511
0.122943,0.166446,0.244712
0.120768,0.166488,0.244312
0.120183,0.168093,0.244966
0.117914,0.168580,0.243684
0.118051,0.167689,0.243678
0.117619,0.167615,0.245241
0.117611,0.170022,0.245771
0.115795,0.170397,0.244505
0.113683,0.168749,0.245381
0.113089,0.170847,0.248458
0.111287,0.168777,0.246184
0.108614,0.172190,0.246757
0.108370,0.171046,0.246741
0.106639,0.172678,0.249495
0.105137,0.176018,0.249451
0.105713,0.176509,0.249236
0.104772,0.175355,0.251045
0.103322,0.176228,0.251664
0.099206,0.174470,0.251504
0.102047,0.177506,0.253202
0.099122,0.175834,0.251910
0.098616,0.180387,0.253911
0.096633,0.180638,0.255180
0.095000,0.181948,0.257402
0.093023,0.183618,0.257039
0.094358,0.183222,0.259273
0.093682,0.185060,0.261144
0.089449,0.208447,0.278293
0.087590,0.208562,0.277823
0.087254,0.207182,0.278291
0.085534,0.208682,0.278485
0.085082,0.209753,0.279295
0.083661,0.208436,0.280998
0.081841,0.210772,0.279964
0.079015,0.211047,0.278326
0.080677,0.209404,0.280617
0.080880,0.210538,0.281189
0.079384,0.210611,0.281092
0.078322,0.210486,0.279674
0.076885,0.210026,0.280940
0.075823,0.212133,0.280043
0.073753,0.213179,0.278852
0.073371,0.213014,0.282260
0.072520,0.212249,0.283052
0.071863,0.211913,0.283443
0.069619,0.212306,0.283755
0.068889,0.213301,0.281674
0.068627,0.213299,0.285981
0.066246,0.213471,0.284268
0.065738,0.214129,0.282640
0.064554,0.213026,0.285607
0.064742,0.213820,0.286444
0.064540,0.214730,0.284906
0.063344,0.214576,0.284370
0.060872,0.215832,0.285190
0.059505,0.214897,0.284543
0.058442,0.215410,0.285190
0.056433,0.217862,0.286242
0.054505,0.219011,0.286589
0.052791,0.216116,0.288764
0.055004,0.218000,0.285341
0.053114,0.218147,0.284623
0.053286,0.218407,0.286006
0.052185,0.216680,0.287117
0.050268,0.217599,0.287266
0.047974,0.216657,0.288315
0.048540,0.220361,0.289619
0.046541,0.217409,0.289094
0.046387,0.218804,0.287512
0.045382,0.219943,0.289641
0.045167,0.219357,0.290110
0.039839,0.220485,0.287991
0.040816,0.221412,0.291349
0.040783,0.218534,0.289173
0.039106,0.222558,0.290182
0.038099,0.222247,0.289566
0.038186,0.221235,0.289734
0.035948,0.222998,0.291265
0.035541,0.222414,0.290947
0.033666,0.223312,0.290306
0.034077,0.222796,0.292684
0.032727,0.225642,0.291423
0.033609,0.223958,0.292460
0.032677,0.224215,0.292210
0.030275,0.225338,0.292124
0.025863,0.223509,0.292601
0.027381,0.224422,0.291918
0.026370,0.225195,0.295692
0.025053,0.223396,0.293655
0.024222,0.223284,0.293486
0.025310,0.226975,0.292746
0.023000,0.227806,0.292907
0.021512,0.226292,0.295289
0.020175,0.227931,0.294261
0.019665,0.227222,0.295658
0.016875,0.228371,0.295561
0.018339,0.227700,0.297028
0.015514,0.230486,0.297079
0.015905,0.228549,0.296118
0.014524,0.228665,0.295760
0.014189,0.229563,0.295447
0.011735,0.230352,0.297164
0.010188,0.229733,0.296434
0.008890,0.228222,0.297380
0.008769,0.231334,0.296294
0.006235,0.232107,0.297118
0.007456,0.230700,0.297900
0.005157,0.231476,0.298120
0.004564,0.232372,0.298505
0.003462,0.232258,0.298626
0.002446,0.232234,0.300365
0.003692,0.235075,0.299262
0.000559,0.234417,0.300013
-0.000251,0.231310,0.298062
0.000015,0.227361,0.297691
-0.002581,0.230237,0.296433
-0.002294,0.226951,0.295656
-0.005103,0.226216,0.295519
-0.006827,0.226061,0.292571
-0.007762,0.224356,0.291736
-0.005622,0.224411,0.291674
-0.008072,0.222847,0.290834
-0.008722,0.223228,0.291338
-0.008870,0.218867,0.289568
-0.010816,0.217828,0.289437
-0.012510,0.219619,0.286562
-0.012413,0.216986,0.285346
-0.014382,0.216768,0.286952
-0.014984,0.216646,0.287074
-0.016738,0.214928,0.284714
-0.017346,0.215943,0.285725
-0.018779,0.216412,0.282995
-0.019502,0.213913,0.283384
-0.021057,0.214275,0.282856
-0.019725,0.211708,0.283936
-0.021152,0.213623,0.283032
-0.021912,0.212359,0.283218
-0.022047,0.209280,0.283553
-0.024581,0.209974,0.281002
-0.025992,0.209856,0.280420
-0.025877,0.211492,0.281211
-0.026752,0.211910,0.280755
-0.027571,0.210440,0.281107
-0.029825,0.210900,0.279815
-0.030533,0.209400,0.277943
-0.032729,0.209070,0.278691
-0.032762,0.207968,0.280034
-0.033311,0.209376,0.278847
-0.034999,0.207759,0.280122
-0.036153,0.207426,0.278527
-0.038192,0.206155,0.275698
-0.037872,0.207335,0.278017
-0.039319,0.208464,0.277078
-0.039881,0.206885,0.278538
-0.041707,0.206727,0.279185
-0.039846,0.207521,0.278515
-0.042747,0.206716,0.279048
-0.044021,0.209576,0.278057
-0.046447,0.207026,0.277924
-0.044909,0.208335,0.279205
-0.046745,0.207305,0.279999
-0.049372,0.208848,0.278346
-0.049242,0.206646,0.281515
-0.050646,0.208071,0.280600
-0.050580,0.209338,0.278971
-0.052990,0.209111,0.279512
-0.053639,0.209631,0.279497
-0.054952,0.210689,0.278129
-0.056408,0.208996,0.279699
-0.055802,0.209636,0.277960
-0.058378,0.210264,0.279696
-0.060069,0.209399,0.280605
-0.059613,0.209766,0.280404
-0.061027,0.211258,0.279956
-0.061380,0.210424,0.279995
-0.062757,0.209735,0.279196
-0.062613,0.207885,0.281121
-0.063440,0.210852,0.279049
-0.065002,0.209784,0.280252
-0.065427,0.210888,0.280195
-0.068011,0.209924,0.280093
-0.068742,0.211013,0.280568
-0.069304,0.209028,0.280075
-0.071364,0.209547,0.280502
-0.070910,0.210408,0.280382
-0.072823,0.212523,0.280501
-0.073484,0.210794,0.279891
-0.076094,0.210736,0.281345
-0.075989,0.209501,0.279972
-0.078041,0.211059,0.280902
-0.079252,0.211492,0.281152
-0.078616,0.210828,0.279657
-0.079495,0.210765,0.280287
-0.081752,0.211826,0.282087
-0.081958,0.212616,0.282832
-0.082912,0.211606,0.282686
-0.083825,0.211155,0.281290
-0.083805,0.212154,0.282728
-0.086004,0.210298,0.283474
-0.087041,0.213164,0.281905
-0.085368,0.212592,0.283998
-0.089090,0.211476,0.280443
-0.088891,0.211872,0.283747
-0.090238,0.211574,0.282400
-0.091707,0.213393,0.282761
-0.093160,0.211459,0.281767
-0.093277,0.212478,0.283924
-0.094046,0.212568,0.285921
-0.096769,0.213053,0.282933
-0.097072,0.214941,0.284993
-0.098298,0.212602,0.282842
-0.098013,0.213744,0.284158
-0.100131,0.214792,0.285425
-0.099651,0.213717,0.282941
-0.101129,0.214114,0.284577
-0.103068,0.214345,0.284097
-0.103320,0.214376,0.284082
-0.104240,0.215053,0.284216
-0.107268,0.214886,0.282590
-0.107739,0.215508,0.285832
-0.109449,0.214733,0.286641
-0.109595,0.217009,0.285654
-0.110215,0.215867,0.284922
-0.113129,0.216858,0.285113
-0.114159,0.217903,0.286157
-0.113057,0.217173,0.287084
-0.113568,0.217015,0.286739
-0.114281,0.213771,0.284590
-0.116944,0.212390,0.281787
-0.116902,0.209353,0.280095
-0.118453,0.207308,0.279316
-0.118214,0.206003,0.277587
-0.119356,0.202868,0.275851
-0.121883,0.200624,0.272390
-0.123875,0.198710,0.271783
-0.123833,0.195964,0.266930
-0.124280,0.191741,0.265564
-0.126218,0.189960,0.263457
-0.126884,0.186536,0.260686
-0.128269,0.186130,0.259334
-0.130339,0.182111,0.257137
-0.129752,0.180470,0.254178
-0.131353,0.176692,0.254551
-0.132249,0.173466,0.250810
-0.134691,0.172108,0.247573
-0.135037,0.169659,0.246716
-0.136632,0.166710,0.243752
-0.137701,0.164224,0.240504
-0.139564,0.162969,0.239589
-0.138432,0.160242,0.237451
-0.138663,0.157413,0.236077
-0.141108,0.154651,0.233155
-0.142623,0.151649,0.233942
-0.142461,0.149544,0.230820
-0.144217,0.146461,0.227347
-0.145832,0.143888,0.224436
-0.146912,0.141076,0.222774
-0.148082,0.137121,0.219871
-0.148496,0.135938,0.217484
-0.149903,0.133373,0.216315
0.160089,0.160749,0.239422
0.158239,0.161844,0.240159
0.156104,0.160305,0.240978
0.155622,0.160609,0.240405
0.151676,0.162474,0.240302
0.152282,0.160835,0.241864
0.151132,0.160533,0.241325
0.149772,0.162550,0.241333
0.149252,0.160725,0.240888
0.150569,0.161667,0.241718
0.147390,0.162699,0.241062
0.145392,0.161768,0.241646
0.145357,0.163645,0.242094
0.144666,0.162770,0.242301
0.142374,0.163102,0.240805
0.141581,0.164501,0.244062
0.141295,0.163397,0.244154
0.140779,0.164645,0.242597
0.139447,0.162643,0.244145
0.138717,0.165006,0.242781
0.139015,0.164037,0.241820
0.135532,0.164765,0.242177
0.136506,0.165181,0.242414
0.133994,0.166146,0.244058
0.131921,0.164516,0.243430
0.130490,0.164335,0.243014
0.130079,0.164474,0.242422
0.129532,0.163703,0.245035
0.128712,0.165019,0.243886
0.126892,0.164841,0.245079
0.127201,0.164253,0.244180
0.125359,0.164724,0.243562
0.123275,0.166444,0.245276
0.123476,0.163629,0.243638
0.121443,0.166526,0.246186
0.121064,0.165303,0.246068
0.119636,0.165914,0.247131
0.120667,0.167573,0.245706
0.118800,0.167632,0.245858
0.117669,0.169366,0.247584
0.115850,0.168946,0.247601
0.114287,0.166927,0.246259
0.112681,0.169995,0.246795
0.112090,0.168678,0.246383
0.110416,0.168673,0.247382
0.111456,0.169223,0.248291
0.108313,0.171446,0.250930
0.106963,0.170710,0.248330
0.107111,0.172498,0.249677
0.104962,0.172411,0.250727
0.105318,0.174043,0.253028
0.101133,0.172134,0.253125
0.101296,0.175120,0.252990
0.101090,0.173860,0.252903
0.099362,0.177550,0.253868
0.099151,0.176074,0.255705
0.097272,0.178450,0.255954
0.097623,0.180683,0.256281
0.094416,0.181144,0.258738
0.093560,0.181230,0.258946
0.091777,0.184144,0.259786
0.089241,0.206725,0.278383
0.088473,0.206826,0.280863
0.086448,0.206413,0.279785
0.085213,0.207221,0.281178
0.084866,0.208976,0.279739
0.084610,0.207801,0.280557
0.083678,0.208188,0.281959
0.082566,0.210032,0.279604
0.079552,0.208852,0.280670
0.079287,0.210321,0.279882
0.079255,0.210219,0.283290
0.079366,0.209722,0.282164
0.077060,0.208971,0.282227
0.077129,0.210035,0.281781
0.072384,0.212331,0.282037
0.072517,0.211596,0.281645
0.071815,0.213284,0.283179
0.071043,0.213063,0.283327
0.070968,0.211593,0.283317
0.068738,0.212703,0.285358
0.068782,0.211673,0.284026
0.068333,0.211822,0.284592
0.066999,0.212731,0.285175
0.064046,0.216152,0.286401
0.063678,0.213029,0.286548
0.063774,0.215075,0.283568
0.060433,0.213144,0.285708
0.060871,0.215026,0.286752
0.060067,0.215316,0.285803
0.059164,0.217071,0.287126
0.057038,0.216197,0.286005
0.055929,0.217139,0.286677
0.054681,0.216245,0.289136
0.055499,0.215743,0.287419
0.053713,0.215426,0.288231
0.053058,0.217329,0.288911
0.052378,0.217250,0.287073
0.050678,0.218862,0.287825
0.048872,0.218878,0.289982
0.048512,0.217197,0.288635
0.046616,0.218379,0.289702
0.044998,0.219200,0.287044
0.045615,0.218504,0.290757
0.046014,0.220303,0.289303
0.041884,0.222017,0.290420
0.041511,0.218624,0.289752
0.039869,0.221314,0.291960
0.040678,0.222324,0.291262
0.038651,0.220729,0.290502
0.037760,0.221225,0.293634
0.036813,0.220055,0.290606
0.036120,0.222639,0.292308
0.035816,0.223120,0.292322
0.033568,0.223143,0.291991
0.032857,0.224243,0.292873
0.032093,0.223227,0.291881
0.031027,0.225652,0.291754
0.029918,0.223470,0.292973
0.027393,0.223132,0.293494
0.025017,0.225882,0.296822
0.024981,0.224085,0.294798
0.024937,0.225325,0.292966
0.025280,0.226226,0.293684
0.022909,0.225970,0.294795
0.024233,0.226671,0.295674
0.020192,0.226315,0.297022
0.021097,0.225017,0.296334
0.018799,0.227766,0.295085
0.019480,0.227358,0.295581
0.016921,0.227579,0.298427
0.015716,0.228532,0.297930
0.014645,0.228321,0.298599
0.015408,0.228435,0.296188
0.014630,0.229587,0.299065
0.012724,0.227603,0.298255
0.010344,0.228792,0.299574
0.008706,0.229444,0.300485
0.010056,0.229108,0.298693
0.006742,0.228815,0.298322
0.008317,0.231067,0.302313
0.005986,0.230537,0.299869
0.005082,0.232127,0.301714
0.004387,0.232053,0.301399
0.003101,0.232365,0.301995
0.001718,0.230752,0.300862
0.000213,0.231673,0.300312
0.000634,0.229119,0.299822
0.000341,0.229799,0.297719
-0.003177,0.226601,0.297060
-0.002188,0.226865,0.296535
-0.004882,0.226847,0.294179
-0.005111,0.223105,0.295009
-0.007383,0.223604,0.293646
-0.008226,0.222886,0.292876
-0.008498,0.219844,0.292152
-0.007849,0.220567,0.290546
-0.011841,0.219474,0.288740
-0.010379,0.218094,0.289288
-0.010310,0.218112,0.288040
-0.012756,0.217672,0.286846
-0.013747,0.216705,0.287765
-0.013388,0.216432,0.285849
-0.015990,0.214878,0.286711
-0.016827,0.213432,0.286968
-0.019246,0.211867,0.284665
-0.017897,0.213102,0.284964
-0.019557,0.210571,0.283244
-0.020701,0.210980,0.284569
-0.020996,0.211284,0.282955
-0.022469,0.208982,0.281972
-0.024247,0.209938,0.281089
-0.024365,0.209840,0.280728
-0.023941,0.209195,0.280832
-0.027844,0.208534,0.281360
-0.027952,0.208657,0.281139
-0.028987,0.209101,0.280414
-0.030545,0.208480,0.280950
-0.030355,0.208501,0.279348
-0.031249,0.208942,0.280262
-0.030759,0.207465,0.277776
-0.033000,0.207079,0.280258
-0.033861,0.206693,0.279455
-0.036646,0.206897,0.279110
-0.036551,0.207463,0.276573
-0.036323,0.205324,0.278487
-0.038748,0.208363,0.278460
-0.040537,0.204671,0.280542
-0.042704,0.206712,0.279376
-0.042569,0.205213,0.280424
-0.043840,0.206538,0.279230
-0.046049,0.208014,0.279306
-0.045256,0.208546,0.279169
-0.047691,0.206736,0.279830
-0.046861,0.207406,0.278996
-0.048820,0.207048,0.280845
-0.049396,0.206012,0.281886
-0.050249,0.206877,0.280883
-0.052289,0.207261,0.280491
-0.052494,0.208191,0.276974
-0.053153,0.208371,0.278720
-0.053968,0.208557,0.278692
-0.055309,0.207713,0.279411
-0.056859,0.208838,0.277953
-0.059725,0.206492,0.279356
-0.057864,0.207382,0.279878
-0.058751,0.209537,0.279219
-0.059787,0.209155,0.280097
-0.059465,0.207227,0.280715
-0.062404,0.207754,0.280123
-0.064526,0.206100,0.281627
-0.063557,0.207905,0.281743
-0.066339,0.207911,0.278596
-0.066618,0.210277,0.281560
-0.067089,0.209711,0.280122
-0.068691,0.208556,0.281983
-0.068697,0.209689,0.279837
-0.069692,0.209017,0.281507
-0.071573,0.210243,0.282078
-0.070829,0.208021,0.282273
-0.071958,0.206649,0.279659
-0.076432,0.208338,0.282482
-0.077476,0.209016,0.281322
-0.076779,0.210346,0.282488
-0.079313,0.209883,0.282834
-0.076995,0.210245,0.281546
-0.080185,0.209525,0.282919
-0.081076,0.210945,0.280568
-0.080982,0.209374,0.283350
-0.082984,0.210572,0.282402
-0.082496,0.211324,0.280740
-0.084365,0.210300,0.281165
-0.086547,0.208542,0.282811
-0.086963,0.210882,0.282916
-0.087946,0.212239,0.283657
-0.088184,0.211223,0.282665
-0.088100,0.211520,0.282978
-0.090081,0.211580,0.284153
-0.091113,0.212063,0.282864
-0.093020,0.210516,0.282899
-0.093704,0.212473,0.283230
-0.096481,0.211028,0.283625
-0.095253,0.211881,0.282055
-0.098991,0.211974,0.283838
-0.099076,0.213671,0.282357
-0.099175,0.211004,0.284212
-0.099253,0.213039,0.283914
-0.099734,0.212591,0.285223
-0.102857,0.212105,0.283343
-0.102906,0.213399,0.286189
-0.104112,0.212784,0.283316
-0.106009,0.213641,0.285390
-0.107971,0.214269,0.284980
-0.106461,0.212697,0.284311
-0.108386,0.213997,0.284366
-0.107927,0.215124,0.285009
-0.111090,0.214957,0.285589
-0.108853,0.213549,0.287349
-0.111515,0.214355,0.285319
-0.114294,0.215752,0.286440
-0.113977,0.216855,0.287579
-0.114601,0.215746,0.284127
-0.117489,0.211816,0.281721
-0.117531,0.207863,0.282323
-0.117095,0.207571,0.278800
-0.118751,0.205607,0.277341
-0.122124,0.202200,0.275634
-0.122786,0.199616,0.273307
-0.122801,0.197767,0.272120
-0.123742,0.195944,0.270287
-0.125971,0.193289,0.268780
-0.124187,0.188782,0.265083
-0.126444,0.187191,0.261520
-0.127768,0.185055,0.261180
-0.129281,0.181191,0.257719
-0.130718,0.179276,0.256402
-0.131257,0.176431,0.254302
-0.132858,0.173700,0.250801
-0.135370,0.172310,0.249707
-0.136572,0.169260,0.248775
-0.137298,0.166393,0.246724
-0.136876,0.165933,0.242400
-0.138007,0.162924,0.241162
-0.139153,0.157888,0.239199
-0.139481,0.155980,0.236456
-0.141596,0.153110,0.233763
-0.142483,0.152662,0.233515
-0.143031,0.150388,0.230552
-0.144441,0.146815,0.229117
-0.146042,0.143521,0.225555
-0.147663,0.141039,0.223969
-0.147659,0.138082,0.220941
-0.151569,0.135343,0.218504
-0.152074,0.133370,0.216405
0.158766,0.158237,0.240692
0.157026,0.158580,0.241223
0.154576,0.159948,0.241193
0.156660,0.159338,0.240950
0.154575,0.161443,0.242252
0.153486,0.161585,0.242279
0.150758,0.158754,0.241767
0.152530,0.160848,0.241581
0.150859,0.161815,0.242094
0.148724,0.160662,0.241735
0.146950,0.159302,0.241312
0.147014,0.161415,0.243481
0.146947,0.159657,0.244232
0.144918,0.161853,0.242924
0.143583,0.163121,0.242082
0.143756,0.161568,0.242749
0.139040,0.162311,0.243184
0.140520,0.163045,0.242301
0.139891,0.163710,0.243206
0.139158,0.162545,0.245225
0.135629,0.162494,0.243950
0.136602,0.163042,0.244288
0.133377,0.162876,0.243227
0.134423,0.162507,0.245592
0.133213,0.162607,0.242492
0.129800,0.163284,0.243862
0.130025,0.164290,0.244644
0.128887,0.162972,0.246251
0.128011,0.165281,0.242716
0.129596,0.165330,0.246322
0.126149,0.163992,0.245357
0.126291,0.165568,0.246204
0.123943,0.165065,0.244042
0.122985,0.164309,0.244180
0.123655,0.163614,0.245225
0.120534,0.165622,0.245299
0.119096,0.165552,0.245256
0.117440,0.165714,0.247934
0.117741,0.165891,0.248734
0.116982,0.169061,0.247618
0.117114,0.169192,0.248671
0.114932,0.167646,0.248344
0.112633,0.166563,0.247747
0.114288,0.169081,0.246625
0.111111,0.168912,0.249040
0.109181,0.166715,0.249750
0.111180,0.169825,0.248829
0.107898,0.170499,0.250508
0.106040,0.171290,0.250787
0.105400,0.173539,0.250940
0.103948,0.172111,0.250082
0.102211,0.172967,0.251887
0.102259,0.175452,0.251575
0.100476,0.174373,0.251498
0.099247,0.175251,0.253593
0.098778,0.175313,0.255319
0.097530,0.176961,0.255428
0.094502,0.178935,0.257686
0.094323,0.180224,0.255928
0.094105,0.180029,0.260517
0.092633,0.182655,0.261576
0.088750,0.206125,0.280589
0.088590,0.207306,0.281229
0.088187,0.205368,0.279764
0.085681,0.209430,0.281611
0.084036,0.208321,0.281360
0.083205,0.208200,0.280457
0.083282,0.208468,0.281497
0.082387,0.208396,0.282249
0.079906,0.210993,0.281442
0.077844,0.208564,0.284260
0.077416,0.209746,0.281007
0.077800,0.210456,0.282153
0.078301,0.210316,0.283473
0.074491,0.209048,0.282110
0.074129,0.210011,0.283463
0.072033,0.210374,0.282109
0.070680,0.211009,0.284884
0.071035,0.212305,0.284440
0.069782,0.212858,0.286209
0.068985,0.212144,0.285517
0.068214,0.211498,0.285982
0.067051,0.213675,0.285681
0.066915,0.212822,0.285345
0.064300,0.213011,0.285447
0.061225,0.216203,0.285887
0.063009,0.214104,0.285869
0.061172,0.214696,0.288212
0.060811,0.213897,0.289210
0.060777,0.214995,0.287196
0.057678,0.215181,0.286405
0.057170,0.215765,0.288237
0.056170,0.214016,0.289879
0.056592,0.218251,0.288627
0.055775,0.215535,0.285881
0.054583,0.217391,0.286967
0.051974,0.215580,0.288917
0.051987,0.216016,0.289882
0.050453,0.216887,0.290490
0.048926,0.219677,0.289516
0.049671,0.217426,0.288782
0.046202,0.218932,0.289669
0.046843,0.219034,0.292121
0.046919,0.220387,0.291018
0.044301,0.219981,0.291432
0.042811,0.220338,0.292015
0.042299,0.220914,0.293193
0.041020,0.221903,0.290972
0.041270,0.219667,0.291643
0.039112,0.221439,0.290066
0.037706,0.221152,0.293555
0.037795,0.223573,0.293708
0.034869,0.221458,0.293736
0.034794,0.221303,0.293692
0.030692,0.220753,0.293385
0.032926,0.223752,0.293542
0.031389,0.223284,0.295577
0.029553,0.224051,0.295566
0.028593,0.225151,0.294861
0.030099,0.224221,0.297626
0.026015,0.224356,0.295896
0.027725,0.224041,0.295647
0.025493,0.225061,0.295560
0.024808,0.226440,0.296442
0.022800,0.224793,0.297439
0.021583,0.226348,0.295892
0.020885,0.225669,0.296197
0.018899,0.227269,0.298039
0.020949,0.228275,0.297752
0.017040,0.226896,0.297463
0.018095,0.227925,0.298526
0.015815,0.226438,0.297488
0.014231,0.227413,0.298360
0.015267,0.228941,0.298168
0.011531,0.229706,0.298971
0.012327,0.229316,0.299777
0.010689,0.229467,0.301207
0.008648,0.228512,0.299744
0.008466,0.230099,0.300532
0.009101,0.231238,0.299355
0.007219,0.228546,0.300031
0.005705,0.230803,0.302796
0.005608,0.231730,0.302130
0.005454,0.231356,0.299825
0.001872,0.232203,0.301808
0.002006,0.232203,0.300699
0.001872,0.230682,0.300041
-0.000004,0.226964,0.299935
-0.000139,0.227792,0.299981
-0.002101,0.226570,0.296082
-0.003974,0.226965,0.296733
-0.004248,0.223416,0.296951
-0.005793,0.222048,0.296036
-0.004722,0.223787,0.293917
-0.008528,0.219896,0.291763
-0.008052,0.219793,0.290724
-0.009893,0.219157,0.290840
-0.008939,0.219028,0.290593
-0.009238,0.216487,0.290577
-0.012265,0.218059,0.287759
-0.013132,0.214749,0.288626
-0.011419,0.214165,0.287651
-0.014883,0.215014,0.285446
-0.016136,0.212787,0.286369
-0.016477,0.212376,0.285967
-0.017118,0.210462,0.287264
-0.016367,0.211205,0.286994
-0.019201,0.212173,0.284763
-0.020412,0.209698,0.285114
-0.020704,0.209270,0.283637
-0.021442,0.209595,0.282907
-0.023941,0.208909,0.281223
-0.024331,0.207880,0.283014
-0.025517,0.208490,0.280448
-0.027547,0.205565,0.282468
-0.026981,0.208236,0.280820
-0.026991,0.207280,0.280577
-0.028458,0.206146,0.281677
-0.031181,0.206603,0.279225
-0.031275,0.207241,0.279620
-0.032873,0.206774,0.282049
-0.032726,0.205628,0.278361
-0.034605,0.205596,0.278624
-0.035573,0.205565,0.278593
-0.036827,0.204453,0.279377
-0.037580,0.204332,0.278873
-0.039549,0.208770,0.279502
-0.037811,0.206974,0.280431
-0.041196,0.206676,0.281823
-0.041012,0.205524,0.280772
-0.042539,0.206939,0.279630
-0.041696,0.205106,0.279951
-0.043935,0.206159,0.278685
-0.045920,0.205545,0.278747
-0.045937,0.208593,0.279334
-0.047956,0.206206,0.279064
-0.048656,0.206520,0.280633
-0.048901,0.206859,0.278422
-0.051079,0.206518,0.281531
-0.054820,0.204976,0.281137
-0.053183,0.205795,0.281907
-0.052482,0.205809,0.279764
-0.054322,0.207453,0.280724
-0.057052,0.207053,0.281672
-0.057617,0.207526,0.279912
-0.058644,0.207818,0.281341
-0.057522,0.206495,0.280083
-0.059544,0.206016,0.281510
-0.059365,0.208900,0.280302
-0.062283,0.207253,0.282116
-0.063306,0.207939,0.280708
-0.065174,0.207068,0.281526
-0.063953,0.208785,0.280845
-0.066305,0.208419,0.283136
-0.067035,0.207804,0.280264
-0.068425,0.209740,0.283817
-0.069824,0.208074,0.280622
-0.071128,0.206822,0.280955
-0.071359,0.208359,0.281961
-0.072841,0.209128,0.282519
-0.071787,0.207521,0.281711
-0.075367,0.208237,0.284688
-0.075634,0.207682,0.281923
-0.077600,0.207753,0.281627
-0.077478,0.209927,0.281895
-0.077953,0.209448,0.283705
-0.081135,0.207802,0.281946
-0.081105,0.210111,0.282738
-0.082145,0.208850,0.281441
-0.083351,0.209302,0.280981
-0.082376,0.209354,0.281825
-0.085338,0.208756,0.281951
-0.087547,0.208794,0.282157
-0.086814,0.208915,0.282200
-0.089658,0.209893,0.281390
-0.089210,0.209229,0.281549
-0.089572,0.209530,0.281753
-0.090027,0.209357,0.283564
-0.091019,0.210302,0.283658
-0.091843,0.211570,0.282553
-0.092254,0.211300,0.283770
-0.095665,0.210726,0.283990
-0.096103,0.211260,0.284980
-0.097508,0.209856,0.283787
-0.098275,0.210249,0.284609
-0.097655,0.210377,0.284107
-0.099717,0.210072,0.284725
-0.099383,0.211163,0.283667
-0.101697,0.211943,0.283909
-0.104555,0.211457,0.283388
-0.104357,0.210220,0.284567
-0.104849,0.210780,0.284744
-0.107699,0.210840,0.285035
-0.106520,0.211490,0.285686
-0.108310,0.212046,0.284900
-0.108439,0.212208,0.286242
-0.109511,0.212213,0.285412
-0.110978,0.213336,0.285473
-0.113218,0.213492,0.286703
-0.112987,0.212702,0.285326
-0.116669,0.213450,0.286341
-0.114876,0.213621,0.287334
-0.117083,0.213589,0.284441
-0.115575,0.208342,0.283865
-0.117755,0.206576,0.278672
-0.119260,0.204814,0.278506
-0.120195,0.202455,0.277363
-0.121480,0.200267,0.273629
-0.123472,0.195508,0.272320
-0.122053,0.194362,0.270141
-0.125631,0.191408,0.269833
-0.126781,0.189774,0.264889
-0.127837,0.186903,0.263100
-0.127213,0.184796,0.260625
-0.130281,0.183210,0.259732
-0.129665,0.179290,0.258779
-0.132366,0.178972,0.255941
-0.132744,0.174828,0.252507
-0.133899,0.171645,0.252088
-0.134705,0.168519,0.248870
-0.136492,0.166366,0.246341
-0.138330,0.163739,0.246730
-0.139300,0.162842,0.243194
-0.138667,0.158525,0.241657
-0.140685,0.155855,0.237595
-0.141299,0.154953,0.233899
-0.143850,0.151833,0.233690
-0.145922,0.147942,0.231385
-0.144340,0.146926,0.228579
-0.146173,0.142023,0.227862
-0.146477,0.139922,0.224099
-0.150217,0.138377,0.224691
-0.147612,0.136266,0.221987
-0.151895,0.134550,0.219338
0.159332,0.156207,0.238921
0.156854,0.156742,0.240820
0.154626,0.158287,0.241334
0.156370,0.157959,0.243278
0.154632,0.159790,0.241225
0.153528,0.161210,0.243106
0.152778,0.159459,0.242540
0.149687,0.159670,0.242405
0.151814,0.159819,0.244576
0.149778,0.160233,0.243703
0.148587,0.158591,0.243175
0.146970,0.162151,0.243178
0.146011,0.162638,0.243814
0.143575,0.162128,0.245173
0.145400,0.160854,0.243527
0.141637,0.160018,0.244210
0.140796,0.161183,0.243745
0.139404,0.163428,0.243492
0.139792,0.161773,0.243894
0.137676,0.162266,0.242824
0.138254,0.161310,0.243922
0.137844,0.164575,0.244779
0.134204,0.162247,0.244914
0.133483,0.162673,0.243257
0.132807,0.163560,0.243678
0.131137,0.161306,0.245512
0.132041,0.163482,0.245553
0.129303,0.162181,0.244244
0.127088,0.164349,0.244640
0.128226,0.162601,0.243858
0.124865,0.165576,0.244075
0.125051,0.162729,0.246032
0.126529,0.164557,0.247314
0.124627,0.162589,0.247027
0.122205,0.163209,0.247751
0.119076,0.163856,0.247360
0.120098,0.164688,0.245801
0.120567,0.165587,0.246791
0.116970,0.166616,0.246661
0.117712,0.164741,0.246620
0.115266,0.167320,0.248167
0.114059,0.166278,0.248919
0.114072,0.167640,0.247603
0.112623,0.167100,0.249356
0.112159,0.166979,0.247621
0.110448,0.169170,0.250597
0.108737,0.166833,0.250695
0.105510,0.169803,0.249907
0.106057,0.170750,0.251856
0.105379,0.171022,0.252919
0.102914,0.172544,0.252763
0.104474,0.172993,0.254378
0.101664,0.171743,0.254643
0.102287,0.174211,0.253605
0.099565,0.174464,0.255558
0.097851,0.174560,0.253718
0.097791,0.174507,0.255477
0.097370,0.175456,0.258203
0.096204,0.176982,0.256633
0.093096,0.178729,0.259108
0.093079,0.181701,0.259096
0.091838,0.181715,0.262336
0.088576,0.205680,0.281087
0.090317,0.206520,0.283778
0.084642,0.205845,0.283353
0.085884,0.207241,0.282708
0.083076,0.208300,0.282857
0.083253,0.207837,0.282591
0.081232,0.208785,0.284014
0.080380,0.208521,0.281587
0.078297,0.208583,0.283918
0.077376,0.209407,0.283173
0.077352,0.208802,0.284335
0.076360,0.210388,0.284709
0.075009,0.209775,0.283303
0.075529,0.211840,0.285199
0.072713,0.211252,0.285019
0.071202,0.211823,0.284581
0.070632,0.211314,0.285897
0.068706,0.212257,0.285481
0.069300,0.212701,0.284812
0.070142,0.212145,0.286348
0.067001,0.212554,0.287641
0.066752,0.211990,0.286242
0.063217,0.214005,0.287324
0.062681,0.212085,0.288226
0.060967,0.214106,0.287424
0.062329,0.214967,0.291091
0.058528,0.214424,0.288881
0.060878,0.214016,0.289307
0.057904,0.214214,0.289775
0.056996,0.215530,0.289888
0.057721,0.214053,0.288881
0.054615,0.216243,0.288980
0.052771,0.216841,0.289782
0.051445,0.216149,0.290430
0.053053,0.216575,0.290014
0.051479,0.217130,0.291597
0.051309,0.217444,0.290618
0.048906,0.216295,0.292117
0.048080,0.216487,0.293658
0.049090,0.218802,0.291759
0.045658,0.217068,0.290434
0.046620,0.218855,0.292784
0.043080,0.220053,0.291330
0.042930,0.219308,0.291606
0.042959,0.219818,0.294050
0.040495,0.219257,0.294185
0.038634,0.220514,0.293477
0.037690,0.220280,0.293053
0.036811,0.220170,0.294847
0.035092,0.221136,0.294836
0.035303,0.221610,0.294298
0.034292,0.220740,0.294416
0.034885,0.222901,0.294364
0.033340,0.223351,0.296864
0.030087,0.221786,0.294438
0.032536,0.224136,0.296449
0.028707,0.224629,0.295659
0.026231,0.223768,0.295669
0.026713,0.223705,0.297015
0.026666,0.223778,0.297701
0.025363,0.224585,0.298199
0.024954,0.225044,0.297325
0.024213,0.226538,0.297958
0.023392,0.225462,0.297408
0.022233,0.226821,0.298035
0.021017,0.226773,0.298316
0.018944,0.224218,0.296978
0.018326,0.228022,0.298472
0.018482,0.225900,0.298293
0.015575,0.226171,0.299976
0.015972,0.227238,0.300451
0.011879,0.227541,0.298493
0.012947,0.226934,0.300002
0.011135,0.228246,0.301872
0.012595,0.228560,0.300754
0.011292,0.228760,0.300088
0.010197,0.229752,0.301849
0.006967,0.230376,0.300947
0.007411,0.230265,0.301912
0.005390,0.230097,0.301172
0.004216,0.231574,0.301517
0.002734,0.230190,0.300714
0.001358,0.231346,0.301891
0.002459,0.229152,0.301828
-0.000158,0.227507,0.300328
-0.000562,0.226317,0.299295
-0.001092,0.227379,0.299173
0.000167,0.224369,0.297924
-0.002778,0.223589,0.298148
-0.004269,0.222996,0.295535
-0.005792,0.223930,0.296056
-0.004979,0.221669,0.294435
-0.007341,0.219729,0.293183
-0.006455,0.220380,0.292820
-0.009499,0.218623,0.291358
-0.009372,0.217853,0.291056
-0.010250,0.216116,0.290449
-0.014247,0.215488,0.287875
-0.011322,0.215205,0.288480
-0.014472,0.213461,0.286047
-0.014421,0.213540,0.287381
-0.014404,0.212015,0.286393
-0.015444,0.211753,0.286205
-0.015657,0.213082,0.285224
-0.019087,0.209559,0.285004
-0.019131,0.208808,0.286496
-0.020514,0.209748,0.283572
-0.021771,0.208683,0.284522
-0.021493,0.208702,0.282462
-0.024927,0.206965,0.283372
-0.023960,0.206874,0.281425
-0.024945,0.206627,0.283523
-0.026329,0.205518,0.283004
-0.028065,0.205733,0.280282
-0.028844,0.205352,0.283059
-0.031123,0.206265,0.280788
-0.030566,0.206000,0.281614
-0.030578,0.205995,0.281124
-0.034107,0.204599,0.280294
-0.034169,0.204414,0.280020
-0.035137,0.205242,0.281263
-0.036990,0.204435,0.281402
-0.036271,0.202826,0.281376
-0.038603,0.204341,0.281624
-0.037878,0.204576,0.278290
-0.039784,0.204357,0.279952
-0.042358,0.204168,0.280081
-0.042167,0.205145,0.279844
-0.042747,0.204995,0.280523
-0.044473,0.204195,0.282303
-0.044523,0.205003,0.280256
-0.045778,0.204789,0.280328
-0.048357,0.203836,0.280730
-0.047243,0.205352,0.281591
-0.048752,0.205318,0.281727
-0.048531,0.207066,0.281723
-0.051984,0.205843,0.279316
-0.051080,0.204593,0.279709
-0.051908,0.205878,0.282382
-0.052562,0.205021,0.282528
-0.054288,0.205506,0.280693
-0.057168,0.205653,0.280714
-0.058871,0.207024,0.279645
-0.058462,0.204694,0.281881
-0.059577,0.205599,0.280998
-0.060716,0.206080,0.281185
-0.063097,0.206760,0.282195
-0.060472,0.206622,0.282091
-0.062974,0.208335,0.282712
-0.064191,0.207327,0.281099
-0.066949,0.205823,0.282905
-0.065777,0.207368,0.280570
-0.067598,0.205891,0.281724
-0.069098,0.206765,0.284331
-0.069755,0.206628,0.281768
-0.068576,0.205824,0.281206
-0.069477,0.207102,0.280641
-0.072408,0.207078,0.282639
-0.072953,0.206319,0.283025
-0.075589,0.205849,0.281646
-0.075963,0.207346,0.284568
-0.076284,0.207309,0.284770
-0.078323,0.208240,0.280822
-0.079561,0.206531,0.284008
-0.080498,0.207014,0.281054
-0.081908,0.208353,0.283291
-0.080944,0.207427,0.282420
-0.081856,0.207070,0.281511
-0.082589,0.207881,0.282522
-0.084184,0.207124,0.282226
-0.085706,0.206871,0.282683
-0.083956,0.207893,0.283286
-0.088707,0.208052,0.281374
-0.089998,0.208332,0.282580
-0.090307,0.207237,0.284033
-0.090869,0.207458,0.282526
-0.090827,0.208398,0.283538
-0.092715,0.209287,0.284688
-0.095138,0.207812,0.283015
-0.096866,0.208955,0.285261
-0.095763,0.208514,0.284310
-0.096871,0.210732,0.284496
-0.097786,0.209899,0.285656
-0.099339,0.209097,0.283201
-0.100802,0.207785,0.283057
-0.101866,0.209302,0.284630
-0.102773,0.210470,0.286099
-0.100583,0.210467,0.285126
-0.103217,0.210482,0.283656
-0.106433,0.210890,0.282031
-0.106665,0.211719,0.284340
-0.108183,0.212614,0.284444
-0.109016,0.211313,0.285511
-0.109743,0.210263,0.284504
-0.111096,0.210590,0.284612
-0.112458,0.210132,0.285607
-0.110998,0.212364,0.287546
-0.112085,0.211493,0.287196
-0.115797,0.211458,0.289255
-0.114377,0.211939,0.286408
-0.116681,0.212662,0.284944
-0.116042,0.209566,0.283919
-0.117677,0.206816,0.282141
-0.119865,0.203558,0.278839
-0.120296,0.199242,0.279434
-0.122358,0.201186,0.275867
-0.121528,0.196443,0.274953
-0.123557,0.192993,0.272568
-0.123310,0.192975,0.268656
-0.125666,0.188641,0.267993
-0.127216,0.186871,0.266777
-0.127430,0.183479,0.263354
-0.128987,0.182437,0.260688
-0.129756,0.179655,0.260183
-0.132790,0.175926,0.257855
-0.132370,0.172643,0.254861
-0.134259,0.171614,0.253332
-0.134517,0.168544,0.250342
-0.137943,0.165772,0.247832
-0.134872,0.163914,0.247982
-0.138399,0.161135,0.242828
-0.139285,0.157411,0.242890
-0.139922,0.157268,0.238615
-0.141578,0.154970,0.236943
-0.143412,0.151443,0.235110
-0.142539,0.146566,0.232799
-0.146639,0.144402,0.231224
-0.147765,0.141003,0.227720
-0.146509,0.139578,0.226461
-0.146398,0.135593,0.223724
-0.148261,0.133207,0.220689
-0.151192,0.131771,0.219468
0.157005,0.156737,0.242987
0.157505,0.155863,0.244238
0.156204,0.157506,0.243619
0.152998,0.156796,0.242311
0.153536,0.158984,0.243406
0.152133,0.158955,0.241367
0.150504,0.158483,0.243462
0.149154,0.158379,0.243443
0.148178,0.159199,0.244632
0.146988,0.159025,0.242839
0.147153,0.158926,0.244942
0.145612,0.158665,0.244190
0.145215,0.159163,0.244621
0.143131,0.160820,0.242959
0.140893,0.161643,0.246029
0.141254,0.161906,0.246248
0.142017,0.159631,0.247685
0.137828,0.159993,0.243744
0.138904,0.161160,0.246321
0.137220,0.159961,0.244247
0.136821,0.160762,0.245316
0.136128,0.161553,0.245499
0.134240,0.162432,0.245061
0.132863,0.162377,0.245288
0.130947,0.162857,0.246900
0.131709,0.162685,0.245285
0.131031,0.161163,0.247449
0.130128,0.161934,0.246544
0.129307,0.162331,0.247571
0.124452,0.162059,0.246248
0.124217,0.162068,0.247170
0.125228,0.162377,0.246863
0.122138,0.162979,0.247516
0.121393,0.164939,0.245567
0.120556,0.163283,0.247547
0.120164,0.165114,0.246583
0.118877,0.164726,0.247532
0.117686,0.165315,0.246903
0.116793,0.166031,0.248525
0.115036,0.166179,0.248929
0.112742,0.165258,0.248586
0.112976,0.166441,0.250298
0.113474,0.165443,0.249998
0.111305,0.165176,0.249771
0.109269,0.167530,0.250813
0.109160,0.166269,0.249643
0.107509,0.169097,0.250397
0.106814,0.169113,0.252190
0.104885,0.169167,0.252210
0.104823,0.171535,0.253545
0.102056,0.172391,0.253428
0.103932,0.169964,0.254213
0.099982,0.171183,0.256800
0.097764,0.171292,0.254475
0.097602,0.175650,0.257768
0.096730,0.174651,0.257555
0.096620,0.175283,0.259106
0.095433,0.175134,0.258089
0.093628,0.179199,0.259913
0.092342,0.180229,0.261497
0.092633,0.180767,0.262963
0.088098,0.206698,0.283240
0.086344,0.205092,0.282392
0.086746,0.206131,0.283415
0.084509,0.208816,0.283334
0.082075,0.207495,0.282598
0.081712,0.208236,0.284704
0.081566,0.207349,0.285030
0.079884,0.207764,0.285867
0.079398,0.206767,0.285742
0.079184,0.209152,0.286688
0.075482,0.209601,0.286019
0.077357,0.208677,0.284789
0.076336,0.209591,0.286484
0.073992,0.209570,0.284961
0.073818,0.209107,0.284632
0.073398,0.212248,0.286056
0.069975,0.208369,0.285962
0.070618,0.210987,0.286857
0.068514,0.212489,0.288982
0.066589,0.211864,0.289387
0.066903,0.212857,0.288664
0.063653,0.214073,0.287636
0.065509,0.213077,0.288566
0.064215,0.211836,0.289271
0.061208,0.214718,0.288861
0.061592,0.212642,0.289177
0.060439,0.214575,0.288496
0.060752,0.215376,0.290836
0.057222,0.215317,0.289046
0.056448,0.216211,0.289391
0.058056,0.214102,0.289206
0.054475,0.216172,0.291844
0.055821,0.215078,0.292923
0.052004,0.214834,0.291726
0.051351,0.215339,0.291727
0.051970,0.215614,0.291493
0.050335,0.215102,0.291663
0.047623,0.217425,0.292030
0.046039,0.217971,0.292791
0.046980,0.217337,0.290719
0.045823,0.217865,0.293501
0.044216,0.218115,0.292869
0.044558,0.218304,0.294449
0.042024,0.215933,0.293322
0.043087,0.218194,0.293374
0.041925,0.219995,0.294205
0.038519,0.219157,0.294510
0.039174,0.219779,0.294493
0.038625,0.220980,0.295434
0.035056,0.223084,0.296746
0.036954,0.221069,0.294476
0.035148,0.222104,0.296010
0.033511,0.221761,0.296758
0.032591,0.222181,0.297253
0.031693,0.221293,0.297391
0.031797,0.221317,0.297695
0.030815,0.222813,0.297098
0.028301,0.222604,0.297780
0.028872,0.223556,0.295593
0.027995,0.224217,0.296939
0.025159,0.222025,0.297929
0.023706,0.224227,0.298899
0.023619,0.225202,0.300292
0.021671,0.224381,0.296768
0.021059,0.227499,0.299627
0.022633,0.226243,0.298565
0.018999,0.227492,0.298196
0.018609,0.227102,0.298775
0.017256,0.226491,0.300914
0.017735,0.227675,0.299317
0.015636,0.227406,0.301827
0.014082,0.228472,0.301710
0.011449,0.227071,0.302493
0.011661,0.227554,0.302771
0.012394,0.227975,0.300943
0.007403,0.227846,0.301419
0.008414,0.228213,0.301134
0.008040,0.230463,0.301853
0.005887,0.230169,0.302738
0.006682,0.228995,0.302104
0.002978,0.230645,0.303891
0.002085,0.228811,0.303354
0.001845,0.230549,0.301183
0.000784,0.227575,0.302260
0.000943,0.227379,0.299916
-0.000654,0.226976,0.300582
-0.000647,0.224214,0.300691
-0.004262,0.224187,0.296483
-0.000505,0.222817,0.299066
-0.004248,0.221036,0.295963
-0.004794,0.221267,0.298737
-0.004093,0.218845,0.294216
-0.004491,0.218310,0.292344
-0.008179,0.216150,0.292113
-0.009289,0.216409,0.290600
-0.009697,0.217195,0.291952
-0.008997,0.216907,0.290352
-0.010299,0.213535,0.290044
-0.013077,0.213204,0.288934
-0.015820,0.211709,0.285827
-0.013939,0.211110,0.287811
-0.015705,0.211691,0.288836
-0.019528,0.209204,0.286488
-0.018549,0.209763,0.287473
-0.020923,0.209080,0.285038
-0.019142,0.207874,0.286003
-0.019241,0.209986,0.284065
-0.019855,0.206520,0.282424
-0.023140,0.207822,0.282833
-0.022213,0.206071,0.285404
-0.024411,0.205817,0.282377
-0.024775,0.205373,0.282672
-0.027637,0.204610,0.282367
-0.028206,0.206755,0.282459
-0.029444,0.204526,0.284033
-0.028546,0.205928,0.282328
-0.030844,0.204841,0.281329
-0.032261,0.203939,0.280889
-0.033211,0.206296,0.281556
-0.033815,0.203249,0.281851
-0.033654,0.206035,0.280520
-0.034420,0.203025,0.281602
-0.037458,0.204262,0.281977
-0.038261,0.202816,0.283749
-0.039423,0.203494,0.281413
-0.040072,0.204075,0.280633
-0.041075,0.204749,0.279968
-0.040784,0.204209,0.280893
-0.043000,0.203605,0.281471
-0.044820,0.204243,0.281586
-0.045042,0.205861,0.281826
-0.044185,0.203759,0.281075
-0.047357,0.203955,0.282588
-0.049428,0.205861,0.280969
-0.049463,0.203456,0.280602
-0.050790,0.203806,0.281377
-0.051671,0.204967,0.281664
-0.051802,0.205035,0.280732
-0.051901,0.205483,0.281291
-0.052512,0.204103,0.281669
-0.056144,0.203674,0.282642
-0.055187,0.205010,0.281900
-0.057779,0.204874,0.281181
-0.058343,0.203538,0.282318
-0.059739,0.204229,0.282301
-0.060298,0.204718,0.281570
-0.061758,0.204615,0.283368
-0.061678,0.205566,0.282234
-0.063369,0.204581,0.282372
-0.064582,0.203688,0.280768
-0.065641,0.206294,0.281330
-0.066714,0.206146,0.281884
-0.067530,0.204484,0.283588
-0.068321,0.205299,0.282849
-0.068768,0.205300,0.283461
-0.071626,0.206022,0.282570
-0.071774,0.205778,0.282508
-0.072705,0.205071,0.282509
-0.074178,0.204193,0.283075
-0.074478,0.205120,0.281869
-0.074877,0.205781,0.282949
-0.075500,0.205398,0.282791
-0.077043,0.206464,0.282820
-0.079291,0.205280,0.282571
-0.078139,0.206624,0.282927
-0.080717,0.205276,0.282052
-0.082126,0.206519,0.282458
-0.080939,0.205426,0.283529
-0.084479,0.208665,0.281586
-0.083834,0.208532,0.284245
-0.086516,0.206226,0.284012
-0.086024,0.206163,0.283280
-0.086142,0.205283,0.282762
-0.087820,0.206301,0.283323
-0.091108,0.206245,0.284455
-0.091274,0.208360,0.283511
-0.091144,0.205087,0.282469
-0.092750,0.206152,0.283034
-0.093490,0.206916,0.283713
-0.094766,0.206212,0.284045
-0.095265,0.207836,0.284380
-0.097646,0.206714,0.284047
-0.098587,0.206348,0.285107
-0.098602,0.206312,0.283554
-0.100626,0.208901,0.285371
-0.102480,0.207900,0.282630
-0.102888,0.206514,0.284736
-0.103262,0.209242,0.283508
-0.105247,0.206939,0.284287
-0.105439,0.208180,0.285487
-0.104811,0.209082,0.285396
-0.106527,0.209672,0.286562
-0.106096,0.208798,0.285482
-0.110215,0.208590,0.285912
-0.108508,0.210744,0.286012
-0.111700,0.208600,0.286389
-0.112607,0.210560,0.286901
-0.114284,0.210385,0.286908
-0.114495,0.209680,0.286471
-0.113722,0.210468,0.285973
-0.115523,0.209877,0.287094
-0.117516,0.208748,0.285212
-0.117076,0.204606,0.282081
-0.117528,0.202470,0.281864
-0.120408,0.198406,0.279628
-0.121537,0.199035,0.278448
-0.122980,0.196105,0.274844
-0.123747,0.193362,0.271749
-0.123597,0.190838,0.270386
-0.125607,0.189581,0.269357
-0.127436,0.186917,0.265819
-0.129033,0.183421,0.264423
-0.129958,0.181188,0.261930
-0.129990,0.178094,0.260142
-0.132457,0.175880,0.257230
-0.131910,0.173462,0.255570
-0.132959,0.171591,0.252151
-0.136885,0.168254,0.252347
-0.136486,0.165678,0.251460
-0.137098,0.163731,0.247059
-0.138803,0.162787,0.244892
-0.140301,0.157542,0.243802
-0.140378,0.154838,0.240312
-0.143012,0.151738,0.238285
-0.142949,0.151561,0.237657
-0.144055,0.148487,0.234144
-0.146065,0.145521,0.232959
-0.146452,0.140686,0.230322
-0.147429,0.139397,0.226473
-0.149778,0.137143,0.226587
-0.149228,0.134073,0.223147
-0.150842,0.130509,0.217968
0.157633,0.156326,0.242539
0.157405,0.155891,0.241971
0.156054,0.155502,0.243240
0.155620,0.156758,0.241708
0.152927,0.156934,0.244594
0.152785,0.156203,0.243428
0.151385,0.157217,0.245658
0.150762,0.158686,0.244400
0.149012,0.158455,0.244967
0.148063,0.159546,0.244790
0.148372,0.158899,0.245999
0.145666,0.159609,0.243037
0.145340,0.157114,0.247292
0.142405,0.161143,0.246231
0.141416,0.160116,0.246066
0.141297,0.159466,0.247185
0.141858,0.161324,0.246779
0.139867,0.159641,0.244410
0.140083,0.159729,0.243836
0.137629,0.158740,0.246295
0.133224,0.160916,0.245387
0.134347,0.160467,0.247338
0.133513,0.160426,0.246742
0.132873,0.160096,0.247403
0.132374,0.160330,0.246582
0.129694,0.160760,0.246400
0.130611,0.161276,0.246425
0.129007,0.159286,0.245065
0.129955,0.162492,0.245163
0.126047,0.162210,0.245540
0.124662,0.159772,0.247477
0.123271,0.162062,0.246989
0.124889,0.161790,0.248766
0.121398,0.161485,0.247570
0.121578,0.163996,0.249157
0.119873,0.161560,0.249687
0.118711,0.162904,0.248845
0.118685,0.163490,0.249713
0.116863,0.163929,0.248309
0.115273,0.165286,0.250796
0.112702,0.165981,0.250559
0.114373,0.165585,0.250315
0.113315,0.164834,0.249226
0.109405,0.165079,0.250623
0.110141,0.165369,0.251531
0.109061,0.166915,0.251986
0.107923,0.166585,0.251311
0.108576,0.167667,0.253311
0.106441,0.170286,0.253210
0.102769,0.168276,0.254581
0.101897,0.171688,0.253894
0.102223,0.172336,0.254961
0.099317,0.171685,0.254821
0.100064,0.172716,0.255544
0.099339,0.174575,0.257157
0.096107,0.175201,0.258730
0.097404,0.171211,0.258734
0.095014,0.176475,0.258843
0.093621,0.176492,0.258021
0.093578,0.177569,0.260388
0.092267,0.180289,0.262547
0.086689,0.205368,0.284026
0.087686,0.205780,0.283494
0.085932,0.206629,0.286568
0.085809,0.205960,0.285743
0.083612,0.209419,0.286195
0.083133,0.206862,0.285378
0.083860,0.208322,0.285465
0.079116,0.208125,0.285610
0.078536,0.207449,0.287088
0.077274,0.209730,0.287639
0.077796,0.209093,0.285876
0.077669,0.208827,0.287918
0.075559,0.209284,0.288935
0.073470,0.209971,0.288488
0.072867,0.210308,0.288081
0.072813,0.208202,0.289459
0.070337,0.211354,0.287769
0.071061,0.211778,0.288741
0.069805,0.211581,0.289113
0.068490,0.210351,0.288792
0.066732,0.211619,0.289539
0.065437,0.212230,0.290343
0.065236,0.210897,0.288943
0.064827,0.212440,0.290004
0.063052,0.213118,0.291392
0.062494,0.213553,0.291687
0.059855,0.212683,0.291265
0.059502,0.214318,0.292082
0.058658,0.215159,0.292728
0.057358,0.214621,0.294214
0.056470,0.213053,0.292638
0.056237,0.215090,0.292148
0.054509,0.213468,0.292723
0.054351,0.214870,0.292986
0.052555,0.215185,0.293037
0.050649,0.215625,0.292204
0.051331,0.216123,0.293539
0.046604,0.217945,0.292608
0.046833,0.217225,0.294178
0.046866,0.217531,0.296131
0.046250,0.217163,0.293578
0.045419,0.219254,0.294558
0.042508,0.218239,0.295005
0.043477,0.220054,0.295924
0.043070,0.220016,0.294656
0.041941,0.217842,0.296115
0.040632,0.219366,0.297365
0.038231,0.220060,0.296903
0.039006,0.221078,0.296787
0.037046,0.219860,0.296653
0.035644,0.221410,0.296864
0.032399,0.220295,0.297872
0.033528,0.222057,0.296427
0.032086,0.220996,0.297564
0.032382,0.220749,0.296402
0.031472,0.222400,0.297562
0.029719,0.222819,0.298770
0.027600,0.221865,0.299504
0.027938,0.223262,0.299186
0.025958,0.221911,0.300251
0.025217,0.224630,0.298575
0.023308,0.224200,0.298928
0.022069,0.222605,0.299541
0.022961,0.227225,0.300700
0.020000,0.223520,0.301148
0.020556,0.226161,0.302444
0.019212,0.225757,0.301912
0.019610,0.224936,0.302141
0.018088,0.224965,0.300584
0.015122,0.226918,0.301541
0.013488,0.227720,0.301949
0.015094,0.226723,0.301557
0.011824,0.226698,0.301853
0.010494,0.228188,0.303252
0.011413,0.225668,0.302369
0.010417,0.227727,0.303981
0.009637,0.227706,0.304313
0.008123,0.229357,0.303576
0.007804,0.228641,0.303133
0.006807,0.228841,0.304736
0.005636,0.229358,0.305128
0.003326,0.230890,0.304242
0.003296,0.229019,0.302394
0.001124,0.226485,0.302615
0.000966,0.226000,0.300595
-0.000627,0.225184,0.300545
-0.002087,0.224628,0.298626
-0.002479,0.223626,0.299186
-0.002312,0.222552,0.298345
-0.003999,0.220752,0.298330
-0.006230,0.219195,0.295875
-0.005483,0.218219,0.295009
-0.006336,0.216346,0.294677
-0.009008,0.216486,0.292452
-0.010010,0.213578,0.292184
-0.008468,0.213074,0.289760
-0.010308,0.213242,0.290693
-0.012379,0.212027,0.291032
-0.011795,0.213274,0.289094
-0.013449,0.211152,0.288312
-0.014678,0.210370,0.289132
-0.012929,0.209395,0.288559
-0.014537,0.209766,0.287019
-0.018502,0.208085,0.287296
-0.019125,0.206924,0.286780
-0.018292,0.206590,0.286652
-0.021051,0.206815,0.285304
-0.023792,0.206285,0.285117
-0.023042,0.208116,0.283774
-0.024964,0.205001,0.282094
-0.023750,0.204284,0.283919
-0.026356,0.204113,0.282821
-0.026101,0.203886,0.282390
-0.027007,0.204373,0.282589
-0.028664,0.203775,0.284319
-0.028000,0.204861,0.284862
-0.030533,0.202668,0.284422
-0.032222,0.202667,0.280940
-0.032713,0.203925,0.281739
-0.033109,0.203100,0.281898
-0.033432,0.202184,0.282010
-0.036944,0.204034,0.281410
-0.036882,0.202078,0.282005
-0.036674,0.203296,0.281720
-0.037643,0.203285,0.280926
-0.039958,0.202748,0.281272
-0.040007,0.200976,0.283259
-0.039690,0.201855,0.282683
-0.041529,0.203015,0.281584
-0.043886,0.204074,0.282294
-0.043557,0.202625,0.280637
-0.046979,0.200446,0.281956
-0.047907,0.202345,0.283393
-0.049666,0.201464,0.282813
-0.048025,0.203740,0.282665
-0.049509,0.204892,0.281241
-0.050361,0.203069,0.281649
-0.051897,0.203107,0.281920
-0.052625,0.203379,0.280959
-0.053106,0.201503,0.281550
-0.056049,0.201696,0.283469
-0.056473,0.205225,0.281878
-0.055958,0.205070,0.284119
-0.057357,0.203000,0.282506
-0.059830,0.203919,0.281587
-0.060296,0.204051,0.282948
-0.062066,0.203551,0.280445
-0.062147,0.202644,0.282473
-0.062327,0.205223,0.280574
-0.068117,0.202155,0.281983
-0.065461,0.202997,0.282391
-0.066399,0.202652,0.280743
-0.067493,0.201914,0.282849
-0.066978,0.203826,0.281748
-0.068925,0.206371,0.283552
-0.072025,0.203724,0.283193
-0.074403,0.205244,0.284538
-0.074383,0.204315,0.283284
-0.071315,0.202949,0.282779
-0.074076,0.203130,0.282735
-0.076793,0.204549,0.283741
-0.075982,0.206352,0.280911
-0.078529,0.204000,0.282777
-0.077336,0.204494,0.283507
-0.079843,0.204946,0.283209
-0.080266,0.204603,0.281578
-0.082129,0.204462,0.281362
-0.082068,0.204388,0.284759
-0.084209,0.204085,0.282416
-0.084875,0.203167,0.284134
-0.086692,0.202659,0.283514
-0.086742,0.204895,0.284200
-0.087868,0.204920,0.282959
-0.087745,0.202916,0.282009
-0.090219,0.204755,0.280825
-0.092091,0.204835,0.282216
-0.091684,0.204965,0.282818
-0.093442,0.205898,0.284210
-0.094133,0.205239,0.284717
-0.093502,0.204917,0.284175
-0.095963,0.206014,0.283898
-0.095930,0.204853,0.283048
-0.098913,0.204742,0.284717
-0.099918,0.203448,0.284205
-0.099370,0.205434,0.282989
-0.101123,0.206250,0.285636
-0.102171,0.206814,0.284774
-0.104411,0.205662,0.284317
-0.102945,0.207402,0.285912
-0.103353,0.207021,0.285989
-0.106469,0.205554,0.285329
-0.105910,0.207481,0.286447
-0.107678,0.206018,0.285821
-0.108647,0.208303,0.285989
-0.111727,0.206383,0.288015
-0.109272,0.208914,0.286904
-0.110966,0.207688,0.285022
-0.114563,0.209429,0.286561
-0.112580,0.207076,0.285113
-0.116599,0.208128,0.287672
-0.117687,0.209959,0.286669
-0.117409,0.208698,0.286273
-0.118771,0.204725,0.284639
-0.119185,0.204329,0.281648
-0.120081,0.200794,0.281430
-0.120848,0.199660,0.278588
-0.123270,0.197127,0.275689
-0.123205,0.194083,0.272993
-0.124318,0.190524,0.271804
-0.125820,0.190943,0.269845
-0.126774,0.185100,0.267022
-0.128597,0.180765,0.264752
-0.129947,0.179884,0.262203
-0.130322,0.179173,0.261217
-0.132606,0.175884,0.258027
-0.134718,0.173947,0.257278
-0.132079,0.169844,0.255274
-0.134428,0.167888,0.253327
-0.136270,0.165211,0.251994
-0.138402,0.163198,0.248071
-0.139225,0.160795,0.246375
-0.137564,0.157187,0.243376
-0.139230,0.154978,0.241686
-0.142600,0.152393,0.239234
-0.143356,0.150587,0.238381
-0.141973,0.147634,0.234523
-0.143891,0.144780,0.232759
-0.145826,0.141752,0.230361
-0.149194,0.138808,0.229533
-0.149401,0.135591,0.225662
-0.148302,0.133862,0.225515
-0.150118,0.127319,0.220336
0.159261,0.153850,0.243095
0.156466,0.152698,0.243924
0.155805,0.154940,0.243361
0.153838,0.156950,0.244632
0.151580,0.156701,0.245592
0.150974,0.155637,0.245154
0.151475,0.157499,0.246549
0.151033,0.157878,0.245327
0.147775,0.157296,0.246342
0.147491,0.160373,0.245355
0.147455,0.158752,0.246692
0.146818,0.157274,0.245271
0.145597,0.156345,0.245362
0.145282,0.159536,0.246597
0.142755,0.159658,0.246442
0.140673,0.158853,0.245462
0.138675,0.159726,0.245664
0.138222,0.159827,0.246249
0.138165,0.159975,0.244826
0.136877,0.159189,0.245642
0.136773,0.158060,0.247503
0.136060,0.159859,0.249220
0.133794,0.160325,0.248377
0.131832,0.157654,0.246390
0.133432,0.158917,0.246998
0.130404,0.159257,0.248173
0.128546,0.158995,0.248130
0.128440,0.160179,0.246053
0.126930,0.158955,0.248447
0.125098,0.161264,0.248317
0.126791,0.161645,0.248923
0.125913,0.159914,0.247860
0.124766,0.161299,0.249312
0.122576,0.160533,0.250319
0.119418,0.162938,0.247001
0.120571,0.162550,0.249459
0.119102,0.161502,0.249111
0.117066,0.164009,0.251320
0.117472,0.161355,0.249796
0.115951,0.162450,0.251869
0.113102,0.164561,0.251947
0.111727,0.164815,0.252986
0.113499,0.164486,0.251984
0.112063,0.165857,0.251757
0.110368,0.165775,0.251978
0.108877,0.165917,0.252079
0.106185,0.165887,0.252426
0.106380,0.165565,0.252391
0.105961,0.165323,0.252996
0.106177,0.167897,0.255868
0.104667,0.167126,0.253120
0.100801,0.168388,0.255288
0.101940,0.168675,0.257019
0.100153,0.171658,0.255897
0.098390,0.171584,0.257267
0.098136,0.171365,0.257359
0.094674,0.172565,0.258797
0.094973,0.174167,0.261602
0.094587,0.174454,0.260325
0.093732,0.175182,0.263324
0.091450,0.176523,0.263528
0.091152,0.179067,0.263700
0.089775,0.206512,0.286578
0.085793,0.204115,0.287858
0.084745,0.205577,0.285404
0.083980,0.205190,0.287410
0.082706,0.206035,0.285231
0.081525,0.207022,0.287583
0.081484,0.207753,0.286506
0.078541,0.206045,0.288111
0.077858,0.207361,0.286876
0.077308,0.207484,0.288529
0.075306,0.208168,0.287828
0.073752,0.207784,0.289749
0.074622,0.209517,0.289223
0.072253,0.210750,0.288873
0.072142,0.211628,0.290137
0.072673,0.208750,0.289508
0.069255,0.210681,0.291314
0.068501,0.209431,0.290274
0.068136,0.211463,0.291484
0.065464,0.210886,0.291483
0.064564,0.210480,0.291376
0.064684,0.213705,0.291617
0.063014,0.212170,0.291953
0.063781,0.212140,0.290617
0.060489,0.213733,0.291992
0.061710,0.213083,0.292747
0.059211,0.212552,0.291727
0.058212,0.212813,0.293421
0.057001,0.214941,0.293270
0.055359,0.213786,0.292049
0.054590,0.214513,0.292062
0.052843,0.214525,0.294724
0.051373,0.216385,0.295451
0.052789,0.214886,0.294267
0.051109,0.217399,0.293139
0.050222,0.217962,0.294811
0.048114,0.219059,0.295351
0.046608,0.213765,0.292929
0.046475,0.215834,0.295884
0.045258,0.215169,0.295465
0.045391,0.217642,0.296612
0.043317,0.217946,0.294995
0.042757,0.219058,0.296562
0.043094,0.219059,0.296860
0.041430,0.218276,0.298106
0.039233,0.218415,0.296663
0.037268,0.218967,0.295666
0.037443,0.220374,0.296762
0.036688,0.218175,0.298809
0.034913,0.217822,0.299434
0.033684,0.221153,0.299019
0.032306,0.220175,0.298517
0.031177,0.222646,0.301086
0.029634,0.221061,0.297887
0.030736,0.223461,0.298891
0.030909,0.220604,0.300916
0.028647,0.222253,0.299080
0.027689,0.222973,0.299756
0.024389,0.222410,0.301523
0.024472,0.223611,0.302551
0.024459,0.223279,0.301415
0.023688,0.223503,0.302222
0.022393,0.222995,0.300956
0.022110,0.223826,0.301361
0.019331,0.224300,0.302413
0.021635,0.226686,0.300263
0.018296,0.225166,0.301786
0.017472,0.225333,0.303821
0.017355,0.224971,0.302650
0.017881,0.226755,0.304280
0.013639,0.226834,0.303543
0.013610,0.226372,0.304433
0.009989,0.227711,0.305817
0.011033,0.226623,0.301839
0.010591,0.228231,0.302814
0.007994,0.228405,0.303352
0.007927,0.229482,0.305661
0.007899,0.228210,0.304790
0.003798,0.227645,0.303880
0.005832,0.228345,0.302932
0.001073,0.225752,0.305461
0.003163,0.226662,0.300799
0.003702,0.225762,0.299767
0.000257,0.224659,0.301521
0.000058,0.221363,0.301959
-0.001740,0.222815,0.298939
-0.003130,0.221052,0.301432
-0.004080,0.220286,0.298638
-0.003590,0.219037,0.299240
-0.003230,0.219100,0.295909
-0.006441,0.215666,0.295776
-0.008366,0.215653,0.293539
-0.008393,0.214852,0.293307
-0.007989,0.212874,0.291045
-0.009942,0.212575,0.292525
-0.011067,0.212122,0.290491
-0.012096,0.209592,0.289869
-0.010855,0.209855,0.288622
-0.012737,0.209302,0.289021
-0.012943,0.207659,0.290081
-0.016131,0.208093,0.287908
-0.015040,0.210159,0.288516
-0.018872,0.207739,0.287266
-0.019060,0.207936,0.286294
-0.019468,0.205192,0.284458
-0.020059,0.206021,0.287417
-0.020785,0.203846,0.284225
-0.023077,0.205098,0.283956
-0.023670,0.203581,0.287398
-0.026222,0.203423,0.283399
-0.024083,0.203416,0.283792
-0.026342,0.201978,0.283709
-0.026522,0.203976,0.284959
-0.029192,0.201614,0.284502
-0.029788,0.202591,0.284536
-0.029525,0.202472,0.283334
-0.032754,0.202078,0.282720
-0.034018,0.203612,0.283681
-0.033601,0.203143,0.283309
-0.035560,0.203577,0.283135
-0.035160,0.201345,0.284624
-0.037463,0.199575,0.282759
-0.038015,0.201912,0.282050
-0.039100,0.201598,0.282631
-0.040428,0.202454,0.285570
-0.040243,0.202416,0.282001
-0.041441,0.202295,0.281680
-0.042419,0.201841,0.281848
-0.041944,0.202460,0.283174
-0.046178,0.203879,0.283652
-0.045701,0.202256,0.281486
-0.045677,0.201409,0.282843
-0.047077,0.202965,0.282413
-0.048354,0.203520,0.283632
-0.051094,0.202005,0.283693
-0.050679,0.202606,0.283616
-0.053339,0.202031,0.281527
-0.051631,0.200957,0.284601
-0.054744,0.201659,0.282697
-0.055949,0.202000,0.283789
-0.055237,0.202310,0.283562
-0.057628,0.203031,0.282327
-0.059096,0.202002,0.281442
-0.058083,0.203707,0.282969
-0.059440,0.203933,0.278482
-0.061708,0.201985,0.283047
-0.062225,0.200644,0.280632
-0.064076,0.203692,0.281886
-0.065466,0.202588,0.282593
-0.064299,0.202794,0.283789
-0.066939,0.201577,0.282592
-0.068343,0.202433,0.283180
-0.069706,0.203073,0.281588
-0.070638,0.203765,0.284633
-0.071152,0.201548,0.282151
-0.072605,0.201823,0.281229
-0.072039,0.203011,0.283641
-0.073714,0.201402,0.283760
-0.072966,0.203202,0.282590
-0.076433,0.201986,0.283253
-0.076490,0.203146,0.285095
-0.078415,0.202846,0.284114
-0.079330,0.203876,0.285149
-0.080716,0.203900,0.284028
-0.080962,0.202570,0.284480
-0.081550,0.201600,0.283432
-0.082801,0.202199,0.284672
-0.083407,0.203178,0.282554
-0.086704,0.201767,0.282536
-0.087101,0.204309,0.284237
-0.087685,0.202397,0.283782
-0.087239,0.204965,0.283253
-0.089009,0.201915,0.282434
-0.088539,0.203412,0.282998
-0.091588,0.202918,0.283640
-0.090976,0.202568,0.283349
-0.092980,0.202947,0.282987
-0.093990,0.204761,0.284438
-0.094777,0.203661,0.283427
-0.095944,0.202625,0.283913
-0.096441,0.202129,0.283824
-0.098246,0.202580,0.285018
-0.099658,0.204727,0.282553
-0.098766,0.204819,0.282285
-0.102487,0.204177,0.286704
-0.102137,0.206190,0.283997
-0.103140,0.204699,0.284431
-0.103831,0.204897,0.285187
-0.104955,0.204971,0.284545
-0.107010,0.205892,0.284963
-0.106824,0.205431,0.286129
-0.107243,0.205076,0.286836
-0.109909,0.204208,0.286854
-0.109073,0.206162,0.286234
-0.110744,0.206581,0.285317
-0.112743,0.207187,0.286535
-0.113586,0.206432,0.287029
-0.114122,0.206357,0.285575
-0.113910,0.205172,0.286698
-0.116369,0.206534,0.286557
-0.117487,0.208299,0.285602
-0.118222,0.206060,0.285076
-0.121376,0.205432,0.282987
-0.120245,0.202136,0.282193
-0.122594,0.197870,0.277558
-0.122327,0.195610,0.275610
-0.123831,0.193008,0.275350
-0.124077,0.191594,0.274344
-0.125670,0.187692,0.270172
-0.125485,0.186373,0.268955
-0.128328,0.184303,0.269360
-0.128922,0.179851,0.263725
-0.129320,0.176877,0.260604
-0.129548,0.176529,0.261928
-0.133246,0.173876,0.258764
-0.135693,0.170987,0.256845
-0.136494,0.168502,0.253865
-0.134819,0.163859,0.250678
-0.137774,0.162198,0.248592
-0.137434,0.158811,0.248052
-0.140329,0.155676,0.245912
-0.139161,0.155300,0.243777
-0.140585,0.152497,0.240956
-0.141863,0.148971,0.236804
-0.144041,0.146263,0.237540
-0.144162,0.144352,0.236111
-0.144580,0.140926,0.231597
-0.147467,0.139882,0.230425
-0.148510,0.137024,0.228049
-0.150566,0.132988,0.226228
-0.151104,0.128141,0.217969
0.158031,0.154296,0.243913
0.156708,0.152932,0.243546
0.155903,0.154993,0.244047
0.153603,0.155635,0.244069
0.153488,0.157048,0.245626
0.152277,0.156160,0.245461
0.151303,0.153231,0.247093
0.149552,0.156461,0.245388
0.152209,0.157588,0.245795
0.149534,0.155374,0.246159
0.147248,0.156019,0.245890
0.147839,0.156713,0.246945
0.146063,0.157241,0.247487
0.141474,0.154707,0.245770
0.142572,0.158071,0.245756
0.141391,0.157154,0.247341
0.139296,0.156917,0.245412
0.140447,0.157714,0.247939
0.137822,0.158366,0.245732
0.137405,0.159292,0.246034
0.137065,0.157573,0.249265
0.135558,0.158681,0.248613
0.134675,0.158004,0.248285
0.131870,0.157711,0.248332
0.131796,0.158407,0.247600
0.130211,0.159086,0.247867
0.130681,0.158539,0.249143
0.128847,0.160220,0.247281
0.126348,0.160373,0.248048
0.126690,0.158781,0.249665
0.126059,0.158974,0.248277
0.124305,0.156993,0.249400
0.123322,0.159236,0.249807
0.121583,0.160414,0.247447
0.121210,0.160912,0.249493
0.120086,0.162189,0.252051
0.117894,0.160706,0.251232
0.117260,0.160860,0.250917
0.117059,0.160953,0.250198
0.115955,0.164496,0.250048
0.113426,0.162282,0.252330
0.115128,0.164047,0.251915
0.111319,0.161232,0.250881
0.112366,0.163792,0.252520
0.110715,0.162945,0.251962
0.108196,0.165715,0.252175
0.110126,0.164250,0.251569
0.105255,0.166742,0.254061
0.105339,0.166761,0.253354
0.103627,0.166031,0.253727
0.103207,0.166961,0.254272
0.101850,0.166688,0.256877
0.101528,0.170742,0.256667
0.100068,0.168494,0.257751
0.098624,0.170689,0.257208
0.097964,0.173175,0.259037
0.096163,0.171170,0.258800
0.094425,0.172716,0.258415
0.096012,0.174087,0.260135
0.094140,0.175226,0.261040
0.092729,0.177528,0.263309
0.090198,0.178160,0.264925
0.088052,0.203463,0.286120
0.084833,0.204189,0.286807
0.083588,0.206491,0.288162
0.083183,0.204917,0.288382
0.081560,0.205775,0.288414
0.083649,0.206361,0.289050
0.082593,0.205931,0.287724
0.081146,0.207707,0.291114
0.077210,0.207912,0.290266
0.078606,0.209757,0.288274
0.075405,0.207987,0.287924
0.075846,0.208129,0.290852
0.075416,0.207822,0.289301
0.073660,0.208780,0.291001
0.070695,0.209636,0.289378
0.070793,0.209511,0.293325
0.069886,0.208471,0.289389
0.070012,0.211961,0.292580
0.067928,0.212145,0.290788
0.064921,0.211324,0.293601
0.066543,0.211084,0.292885
0.065752,0.213320,0.291544
0.066757,0.211873,0.292054
0.062583,0.212972,0.294755
0.061282,0.212349,0.293352
0.060779,0.213391,0.292089
0.058841,0.214056,0.293123
0.057788,0.211678,0.294259
0.056841,0.212299,0.292829
0.058501,0.214587,0.292549
0.055191,0.212629,0.295674
0.055817,0.214628,0.296710
0.054925,0.216406,0.294956
0.052696,0.214531,0.295815
0.051575,0.216125,0.295299
0.050108,0.215953,0.294904
0.049592,0.216940,0.296848
0.047219,0.216230,0.294821
0.046824,0.215322,0.295760
0.046367,0.217344,0.296499
0.045219,0.216846,0.297292
0.044204,0.217349,0.297460
0.041952,0.217995,0.296118
0.040375,0.218734,0.297533
0.039905,0.217961,0.298624
0.038451,0.219638,0.298102
0.038932,0.220537,0.298003
0.037752,0.221141,0.300324
0.037225,0.219762,0.299308
0.034907,0.219514,0.298452
0.034839,0.221072,0.299823
0.033567,0.219550,0.297825
0.033954,0.222466,0.300399
0.031054,0.219972,0.300481
0.030529,0.222830,0.300171
0.030004,0.220700,0.301782
0.026970,0.221768,0.301988
0.027587,0.223489,0.302692
0.026664,0.223388,0.301243
0.025367,0.222908,0.299601
0.022703,0.223762,0.301731
0.023447,0.223203,0.304011
0.023270,0.222952,0.301823
0.022279,0.223685,0.302116
0.021999,0.224937,0.304218
0.016831,0.225643,0.303880
0.018410,0.224725,0.303866
0.017522,0.226955,0.303274
0.015235,0.225230,0.301464
0.014775,0.224951,0.305710
0.016610,0.226160,0.305362
0.012650,0.227446,0.304841
0.012345,0.226274,0.306662
0.010833,0.226201,0.305744
0.010740,0.226882,0.305141
0.010261,0.227473,0.306866
0.008120,0.226775,0.306160
0.004794,0.227165,0.305738
0.005434,0.227929,0.305578
0.006270,0.226226,0.306223
0.004696,0.226469,0.303011
0.002406,0.225573,0.303271
0.000039,0.224331,0.302636
0.000681,0.222296,0.302397
0.000616,0.223367,0.300986
-0.001193,0.221754,0.301286
-0.002766,0.218813,0.298667
-0.002207,0.219199,0.296574
-0.003299,0.216814,0.297247
-0.003988,0.217197,0.297684
-0.005207,0.214164,0.296245
-0.006485,0.214773,0.295236
-0.008043,0.213410,0.293409
-0.009556,0.210946,0.294036
-0.010355,0.209188,0.291910
-0.010403,0.209038,0.291747
-0.010256,0.210316,0.290472
-0.012130,0.208366,0.289384
-0.011360,0.208867,0.290796
-0.014514,0.207909,0.289214
-0.015866,0.206218,0.287983
-0.014623,0.207013,0.285452
-0.015345,0.206678,0.287234
-0.016944,0.205525,0.284314
-0.019873,0.206232,0.286618
-0.021463,0.203427,0.286878
-0.021095,0.205119,0.286094
-0.022147,0.202576,0.285165
-0.024073,0.201986,0.284285
-0.026448,0.201899,0.284586
-0.024914,0.201035,0.285805
-0.025320,0.201070,0.285034
-0.027071,0.202051,0.284059
-0.027069,0.202138,0.285014
-0.029907,0.200705,0.281993
-0.030950,0.201208,0.284510
-0.031587,0.201957,0.283360
-0.032729,0.200894,0.284218
-0.033596,0.201532,0.283030
-0.035575,0.201680,0.284174
-0.035721,0.201832,0.285342
-0.036055,0.199577,0.282495
-0.036999,0.200195,0.281670
-0.038905,0.200602,0.283311
-0.038525,0.200609,0.284513
-0.041537,0.199537,0.284293
-0.043210,0.200494,0.283645
-0.044511,0.200578,0.282769
-0.044238,0.200374,0.282811
-0.044500,0.201078,0.284166
-0.047118,0.200528,0.283461
-0.046009,0.199711,0.282878
-0.046825,0.200430,0.286000
-0.048925,0.200057,0.285666
-0.051624,0.200990,0.284449
-0.049683,0.202828,0.281942
-0.052121,0.199448,0.283737
-0.054101,0.201209,0.284497
-0.054293,0.199815,0.282369
-0.053499,0.200297,0.283487
-0.055869,0.203070,0.282686
-0.055901,0.201505,0.283122
-0.059339,0.200987,0.283696
-0.060769,0.201962,0.284165
-0.061397,0.200643,0.285065
-0.060623,0.200163,0.283382
-0.063260,0.201683,0.284285
-0.064519,0.201561,0.284200
-0.065118,0.201398,0.283577
-0.066076,0.198804,0.283096
-0.067323,0.202890,0.284112
-0.067570,0.202355,0.284729
-0.068622,0.201983,0.285196
-0.069212,0.201517,0.284133
-0.071865,0.201784,0.284426
-0.072444,0.199476,0.284722
-0.071654,0.204194,0.284190
-0.075122,0.201615,0.283695
-0.074469,0.200032,0.283945
-0.076573,0.200854,0.283303
-0.074675,0.201781,0.282797
-0.076726,0.200505,0.282198
-0.079618,0.200233,0.283566
-0.079725,0.198934,0.284997
-0.078367,0.201116,0.283844
-0.084364,0.201478,0.283943
-0.083095,0.200491,0.283527
-0.083773,0.201312,0.284793
-0.084804,0.201537,0.283505
-0.084500,0.202549,0.284225
-0.087680,0.203040,0.283663
-0.086422,0.203734,0.282215
-0.088016,0.202042,0.284898
-0.088287,0.202294,0.283723
-0.091171,0.200444,0.283750
-0.092737,0.201373,0.282817
-0.093582,0.202423,0.284204
-0.092798,0.202118,0.283717
-0.093048,0.201988,0.285400
-0.095572,0.202334,0.284596
-0.095815,0.203452,0.285345
-0.098929,0.201636,0.284706
-0.098744,0.201643,0.285046
-0.099482,0.200415,0.285543
-0.100988,0.202834,0.284384
-0.101506,0.201814,0.283775
-0.103173,0.202819,0.284858
-0.104059,0.204298,0.286096
-0.105104,0.202700,0.285072
-0.105690,0.203097,0.285823
-0.108506,0.202908,0.287699
-0.108971,0.204110,0.285442
-0.110353,0.204113,0.284807
-0.110653,0.202880,0.287526
-0.110824,0.204301,0.287258
-0.111872,0.204187,0.287059
-0.113898,0.205819,0.285508
-0.113731,0.205835,0.284835
-0.115377,0.204381,0.286884
-0.116253,0.205147,0.286316
-0.117966,0.204589,0.287439
-0.119701,0.203282,0.287049
-0.120770,0.201763,0.284618
-0.120535,0.199177,0.281643
-0.123279,0.197142,0.281325
-0.122378,0.194513,0.277381
-0.124669,0.190562,0.274645
-0.124270,0.189963,0.273466
-0.125989,0.189587,0.270971
-0.127200,0.186112,0.269331
-0.126528,0.181492,0.268164
-0.128812,0.179688,0.265460
-0.131070,0.176881,0.263403
-0.129944,0.176684,0.261176
-0.131097,0.174025,0.259189
-0.134097,0.168673,0.260856
-0.135356,0.167184,0.253907
-0.136556,0.163711,0.253438
-0.137422,0.163610,0.250240
-0.138839,0.157621,0.247586
-0.139456,0.157263,0.247942
-0.139593,0.155561,0.243809
-0.140872,0.150074,0.241316
-0.142809,0.149906,0.240708
-0.144334,0.144797,0.238118
-0.146062,0.144271,0.235962
-0.148269,0.140025,0.233536
-0.146882,0.137832,0.231674
-0.146978,0.135165,0.227422
-0.148860,0.133600,0.226441
-0.149604,0.126229,0.218947
0.156275,0.152655,0.245740
0.155800,0.154703,0.244283
0.153652,0.153049,0.245195
0.155408,0.153878,0.244195
0.152676,0.155609,0.248171
0.150665,0.154830,0.246616
0.149905,0.155540,0.244184
0.148961,0.155873,0.246406
0.147095,0.156861,0.246624
0.147286,0.155081,0.246109
0.147329,0.154299,0.246856
0.145955,0.156145,0.246522
0.144188,0.156717,0.249743
0.142651,0.155317,0.247843
0.140665,0.155710,0.249210
0.142362,0.156919,0.245953
0.138359,0.158242,0.246354
0.139066,0.158218,0.247209
0.136479,0.156202,0.247937
0.135388,0.159695,0.247624
0.137081,0.157597,0.247952
0.135021,0.157514,0.248367
0.133754,0.157517,0.247433
0.132609,0.156354,0.249035
0.130577,0.158466,0.247859
0.129491,0.157000,0.248288
0.128168,0.157799,0.249011
0.127620,0.158021,0.249093
0.126832,0.160191,0.249250
0.126164,0.158996,0.248187
0.123751,0.158596,0.249872
0.125126,0.157856,0.250981
0.121864,0.159565,0.250345
0.121822,0.160164,0.250244
0.120536,0.159825,0.249670
0.119619,0.161367,0.252216
0.118522,0.159706,0.250684
0.117469,0.160384,0.252761
0.116871,0.162118,0.251629
0.115013,0.161432,0.253218
0.113181,0.160890,0.250450
0.110347,0.162934,0.250514
0.112756,0.162933,0.253965
0.111504,0.162258,0.253322
0.108613,0.163112,0.252841
0.108440,0.162277,0.253946
0.107359,0.164710,0.254210
0.105285,0.164558,0.254751
0.106456,0.166030,0.254299
0.103385,0.166852,0.254637
0.103883,0.166170,0.256215
0.100569,0.167288,0.255754
0.100490,0.166940,0.256042
0.099396,0.168159,0.258268
0.097178,0.170058,0.258267
0.096176,0.169053,0.259568
0.095602,0.171891,0.259788
0.093934,0.171256,0.261829
0.094564,0.171945,0.263954
0.090761,0.174015,0.261988
0.090014,0.176203,0.264413
0.089316,0.178199,0.265371
0.086210,0.206184,0.289498
0.084706,0.205498,0.289157
0.084880,0.206317,0.289475
0.083355,0.208511,0.288509
0.081148,0.203783,0.289847
0.080514,0.205265,0.290129
0.080079,0.206764,0.290512
0.078722,0.207680,0.289425
0.077546,0.206720,0.288734
0.076628,0.207874,0.288475
0.075827,0.207806,0.293309
0.074576,0.210054,0.291857
0.071208,0.208786,0.291800
0.070760,0.207635,0.291293
0.070966,0.209200,0.291103
0.070246,0.209528,0.293890
0.068263,0.209646,0.292532
0.065384,0.210693,0.291167
0.066452,0.211316,0.292612
0.066843,0.211063,0.293918
0.067147,0.210501,0.294043
0.063387,0.211262,0.294725
0.063508,0.211962,0.291422
0.061046,0.213327,0.295337
0.060971,0.211239,0.292464
0.057963,0.212396,0.294437
0.058354,0.212250,0.293562
0.056293,0.215426,0.296342
0.056914,0.213323,0.294943
0.055221,0.213185,0.295910
0.052952,0.213236,0.299084
0.053893,0.215030,0.297347
0.052016,0.212327,0.299354
0.051153,0.215065,0.295860
0.050680,0.215795,0.295651
0.048747,0.214283,0.295643
0.047723,0.214378,0.296732
0.046777,0.216770,0.297609
0.044647,0.215458,0.299007
0.044727,0.215204,0.300620
0.043694,0.216331,0.298311
0.042954,0.218266,0.298296
0.043973,0.219178,0.300049
0.038915,0.216946,0.298940
0.039918,0.217854,0.299323
0.038536,0.219287,0.299727
0.039134,0.218368,0.298906
0.035691,0.220135,0.301114
0.034641,0.217680,0.300566
0.035060,0.219207,0.302315
0.033211,0.221173,0.302445
0.031348,0.219006,0.299739
0.030720,0.219836,0.302352
0.030812,0.221356,0.301975
0.028484,0.221141,0.302599
0.028741,0.220306,0.302490
0.025138,0.223453,0.303108
0.025688,0.221648,0.303239
0.025175,0.221184,0.303475
0.022982,0.222352,0.303981
0.023290,0.225233,0.302964
0.022040,0.223432,0.304153
0.021014,0.224532,0.302274
0.018894,0.224075,0.301950
0.019322,0.224588,0.306280
0.018156,0.224138,0.303082
0.017501,0.227454,0.304975
0.016371,0.224194,0.305766
0.015048,0.226976,0.304916
0.013730,0.225397,0.304152
0.014095,0.225911,0.307358
0.011482,0.226806,0.306062
0.010060,0.227487,0.305610
0.008520,0.227124,0.306115
0.008148,0.227337,0.307659
0.009140,0.227637,0.307835
0.004880,0.227827,0.307819
0.004883,0.227157,0.304743
0.004490,0.223511,0.306985
0.003861,0.225075,0.304177
0.003720,0.220776,0.304496
0.001819,0.222991,0.301675
0.002395,0.222457,0.301534
-0.001522,0.219362,0.301044
-0.000028,0.222519,0.300608
-0.001041,0.216888,0.300753
-0.002461,0.217067,0.297718
-0.002596,0.216746,0.296941
-0.003325,0.215420,0.295781
-0.005613,0.212291,0.295919
-0.005885,0.212844,0.293605
-0.007584,0.211517,0.295433
-0.008926,0.212217,0.294594
-0.009286,0.209277,0.292848
-0.010985,0.209396,0.290416
-0.011448,0.208848,0.291345
-0.010756,0.206921,0.288772
-0.014643,0.207860,0.288678
-0.014055,0.205777,0.290178
-0.016179,0.206230,0.288114
-0.015069,0.205402,0.289283
-0.019124,0.203131,0.288512
-0.018161,0.203001,0.288331
-0.019046,0.202310,0.286981
-0.018997,0.203102,0.284858
-0.020523,0.203451,0.286242
-0.023223,0.203040,0.284996
-0.023684,0.201816,0.286024
-0.025144,0.201348,0.283488
-0.028120,0.201995,0.286231
-0.025514,0.202718,0.284851
-0.028761,0.201125,0.285746
-0.028821,0.198775,0.286293
-0.028017,0.198864,0.284064
-0.030564,0.202105,0.284499
-0.030180,0.199779,0.286048
-0.031945,0.198202,0.284001
-0.031321,0.200254,0.283648
-0.034781,0.201149,0.285187
-0.035351,0.199599,0.284197
-0.036992,0.198639,0.284564
-0.037521,0.198953,0.284838
-0.037951,0.199850,0.283492
-0.040312,0.199208,0.284244
-0.042083,0.198923,0.282718
-0.043018,0.198688,0.285116
-0.043499,0.200807,0.282298
-0.044900,0.200598,0.285197
-0.044074,0.200869,0.287359
-0.046100,0.199026,0.283228
-0.046629,0.199089,0.282877
-0.046350,0.198735,0.283769
-0.048892,0.200228,0.285021
-0.050859,0.200602,0.285650
-0.050911,0.200298,0.284455
-0.052620,0.198169,0.284447
-0.053563,0.199404,0.284249
-0.055438,0.200114,0.284888
-0.055614,0.198903,0.283303
-0.056670,0.199157,0.283084
-0.057645,0.200919,0.284059
-0.060938,0.199476,0.284236
-0.060442,0.201015,0.284047
-0.060154,0.199021,0.284830
-0.061519,0.199183,0.281944
-0.062512,0.201533,0.284755
-0.063367,0.199525,0.285355
-0.064816,0.199337,0.285548
-0.065410,0.199303,0.284617
-0.067287,0.201277,0.283024
-0.067139,0.199836,0.284641
-0.066378,0.201347,0.284091
-0.066610,0.201315,0.283089
-0.069456,0.200403,0.281629
-0.069801,0.200359,0.284893
-0.072794,0.199539,0.284603
-0.074124,0.201117,0.284775
-0.074005,0.199446,0.284633
-0.075780,0.200326,0.282531
-0.077302,0.200081,0.283089
-0.078620,0.199811,0.285540
-0.079907,0.201943,0.284436
-0.079177,0.201048,0.284124
-0.081160,0.199291,0.283663
-0.082138,0.201323,0.282958
-0.082686,0.201932,0.282414
-0.083481,0.198735,0.284725
-0.084030,0.199302,0.284219
-0.086289,0.202437,0.284525
-0.087207,0.200429,0.285301
-0.087928,0.201660,0.284219
-0.089052,0.200818,0.283221
-0.091142,0.198224,0.284015
-0.090572,0.199183,0.284419
-0.091214,0.200794,0.284400
-0.092115,0.199367,0.284259
-0.095216,0.201461,0.285050
-0.095592,0.199606,0.285253
-0.098066,0.200723,0.284161
-0.096688,0.200522,0.284316
-0.097881,0.200876,0.287020
-0.100343,0.200747,0.285158
-0.099590,0.200979,0.285487
-0.101872,0.199600,0.284515
-0.101681,0.200003,0.285622
-0.102654,0.201652,0.283589
-0.104085,0.201367,0.283537
-0.105427,0.201915,0.284853
-0.107290,0.199859,0.285583
-0.108239,0.202799,0.284631
-0.108726,0.203351,0.286089
-0.109340,0.201607,0.284913
-0.109785,0.201472,0.286675
-0.110854,0.203865,0.286268
-0.111472,0.203146,0.287231
-0.113985,0.203840,0.285752
-0.113350,0.204273,0.288576
-0.115349,0.204437,0.286845
-0.117403,0.203325,0.285293
-0.116556,0.202514,0.286940
-0.118165,0.203787,0.288664
-0.119930,0.201941,0.287244
-0.119557,0.199921,0.283427
-0.122762,0.198583,0.281551
-0.122385,0.195287,0.281892
-0.124617,0.191538,0.277346
-0.124026,0.187689,0.275620
-0.127435,0.186779,0.273332
-0.126645,0.185817,0.270979
-0.128921,0.182092,0.268754
-0.128582,0.179107,0.267657
-0.130168,0.177471,0.264370
-0.131470,0.173666,0.263175
-0.132737,0.173646,0.261443
-0.134725,0.168640,0.258531
-0.133468,0.166736,0.259008
-0.133713,0.164525,0.253738
-0.136331,0.159687,0.252128
-0.136135,0.158998,0.250545
-0.138102,0.156351,0.246166
-0.140592,0.152726,0.245717
-0.142181,0.149094,0.241860
-0.141887,0.149136,0.241057
-0.145298,0.144667,0.240917
-0.145056,0.144677,0.237527
-0.146344,0.139529,0.234667
-0.147304,0.136996,0.232396
-0.148774,0.133713,0.230238
-0.151056,0.132255,0.227231
-0.151923,0.124924,0.222127
0.158404,0.151156,0.244923
0.156877,0.154067,0.243576
0.155948,0.153529,0.245529
0.152320,0.154049,0.246337
0.153677,0.153964,0.247725
0.149898,0.150572,0.248437
0.150697,0.152242,0.245341
0.149123,0.154037,0.247048
0.146223,0.154678,0.246667
0.145574,0.154318,0.246184
0.147164,0.153535,0.248992
0.144764,0.154530,0.247954
0.143990,0.153493,0.245388
0.144147,0.154739,0.247323
0.142848,0.155787,0.247291
0.140440,0.157066,0.248929
0.138853,0.155392,0.248412
0.137932,0.155129,0.249564
0.136387,0.154885,0.249223
0.135915,0.155993,0.249028
0.135699,0.154192,0.250092
0.134394,0.155865,0.249502
0.135193,0.157481,0.250424
0.132439,0.155292,0.251028
0.131377,0.155632,0.250290
0.131154,0.156231,0.249214
0.129523,0.158415,0.251848
0.125762,0.155011,0.249330
0.128490,0.156988,0.249349
0.123703,0.158337,0.249379
0.122874,0.156647,0.250636
0.122200,0.157278,0.251115
0.123343,0.159498,0.251418
0.120638,0.157232,0.252265
0.120001,0.157946,0.250253
0.117129,0.157819,0.251035
0.118678,0.158219,0.253821
0.116701,0.160667,0.253091
0.115090,0.160261,0.252451
0.113397,0.159895,0.251036
0.113750,0.161577,0.251956
0.114721,0.163255,0.254734
0.112359,0.160189,0.251919
0.111645,0.161930,0.254242
0.108253,0.160714,0.253854
0.107193,0.161457,0.253992
0.106042,0.162684,0.254415
0.105924,0.164514,0.255074
0.105108,0.164054,0.256350
0.104550,0.163713,0.256536
0.102122,0.162761,0.255772
0.101949,0.164506,0.257509
0.100465,0.166826,0.257513
0.098995,0.167071,0.257604
0.097472,0.169249,0.258773
0.099326,0.170402,0.258744
0.096015,0.168984,0.259244
0.095324,0.171642,0.262669
0.094230,0.171688,0.261214
0.092719,0.171580,0.261698
0.090196,0.176409,0.261453
0.089911,0.177868,0.266451
0.086562,0.204031,0.288034
0.085517,0.203156,0.289580
0.083227,0.206142,0.290401
0.082916,0.205261,0.291073
0.080405,0.204808,0.290289
0.081006,0.205544,0.291805
0.079992,0.207282,0.290692
0.079931,0.207783,0.289607
0.076046,0.208434,0.290155
0.076316,0.206696,0.291707
0.075872,0.205410,0.292238
0.073197,0.206525,0.294554
0.073171,0.210061,0.293244
0.070074,0.205576,0.293456
0.070872,0.208258,0.291916
0.069604,0.208599,0.294740
0.067300,0.209132,0.292015
0.066789,0.210842,0.294265
0.066249,0.210627,0.295766
0.065711,0.211950,0.293126
0.063925,0.210484,0.294620
0.062522,0.212926,0.296417
0.064108,0.211036,0.294665
0.062812,0.212736,0.296344
0.059610,0.210379,0.295246
0.059500,0.212218,0.295942
0.057956,0.212091,0.297307
0.058578,0.212876,0.296627
0.056925,0.212678,0.296771
0.053558,0.214870,0.296923
0.052897,0.213496,0.297367
0.052619,0.213257,0.297188
0.053539,0.213221,0.296873
0.051096,0.215705,0.297316
0.050490,0.215373,0.298725
0.050578,0.215413,0.298916
0.048367,0.213919,0.300003
0.046078,0.215444,0.299521
0.044798,0.216030,0.299725
0.043091,0.216074,0.297867
0.041725,0.217095,0.298624
0.042120,0.216629,0.300373
0.040527,0.216621,0.299953
0.038437,0.217161,0.299794
0.038431,0.216246,0.300517
0.037466,0.218201,0.301554
0.037424,0.217827,0.300446
0.036904,0.221228,0.302727
0.036752,0.219737,0.300824
0.034206,0.218830,0.301964
0.034327,0.219932,0.299913
0.031456,0.219110,0.301726
0.030699,0.218229,0.302568
0.029710,0.220331,0.301935
0.029494,0.220781,0.304395
0.027801,0.220618,0.304238
0.026992,0.220907,0.304569
0.026494,0.221427,0.303110
0.025003,0.222674,0.303660
0.025026,0.221808,0.304994
0.022051,0.224347,0.306201
0.022708,0.223660,0.305258
0.019740,0.221937,0.303572
0.019472,0.224458,0.306009
0.019742,0.225144,0.304411
0.018969,0.222682,0.304670
0.018700,0.223337,0.306700
0.018396,0.225509,0.307422
0.015496,0.224966,0.305404
0.013321,0.227473,0.305867
0.011531,0.226932,0.308041
0.011767,0.225327,0.305638
0.010288,0.226921,0.308471
0.009762,0.227282,0.309782
0.010128,0.226677,0.308159
0.007354,0.226463,0.307227
0.005034,0.224380,0.305751
0.006011,0.223203,0.307385
0.004955,0.222229,0.306177
0.003788,0.222915,0.304633
0.001974,0.220111,0.304689
0.003380,0.220098,0.303061
0.000026,0.219157,0.301611
0.000668,0.221061,0.302746
-0.000521,0.218527,0.300530
-0.002337,0.218874,0.300856
-0.001068,0.215369,0.298776
-0.003781,0.215196,0.298627
-0.004430,0.212897,0.297870
-0.006669,0.212721,0.297789
-0.006915,0.211988,0.295565
-0.007949,0.209941,0.293987
-0.009270,0.209791,0.295844
-0.009544,0.207174,0.293986
-0.010546,0.207825,0.291644
-0.012792,0.206505,0.290517
-0.012904,0.208275,0.292220
-0.012973,0.207153,0.291059
-0.014427,0.205417,0.289585
-0.015163,0.204929,0.287407
-0.015168,0.203573,0.286958
-0.017935,0.201919,0.287432
-0.017509,0.203233,0.287946
-0.019283,0.202245,0.288746
-0.019730,0.202186,0.287918
-0.021964,0.200619,0.287596
-0.023296,0.201570,0.287438
-0.024620,0.199897,0.285371
-0.024892,0.200622,0.285126
-0.025154,0.198969,0.284208
-0.027076,0.198300,0.284565
-0.028158,0.198560,0.286031
-0.028173,0.199718,0.284019
-0.029956,0.199628,0.286384
-0.031347,0.199456,0.284618
-0.031671,0.198487,0.285736
-0.031581,0.199139,0.285372
-0.032546,0.199579,0.284402
-0.036127,0.198734,0.285906
-0.035387,0.198195,0.283174
-0.036852,0.199114,0.287813
-0.037244,0.198795,0.285632
-0.038378,0.199128,0.286136
-0.040552,0.197747,0.284234
-0.041147,0.198698,0.284922
-0.042746,0.198587,0.283103
-0.041945,0.197327,0.285729
-0.043605,0.196859,0.284450
-0.044447,0.198530,0.285460
-0.045890,0.198439,0.283175
-0.046708,0.197427,0.284678
-0.047205,0.198053,0.282978
-0.047670,0.197848,0.286293
-0.049607,0.198841,0.284486
-0.049711,0.199618,0.286915
-0.052646,0.196722,0.282813
-0.050774,0.199263,0.283829
-0.052663,0.201081,0.283767
-0.055696,0.199068,0.283677
-0.057076,0.198849,0.285054
-0.056125,0.200273,0.285643
-0.058526,0.197696,0.284238
-0.061689,0.198572,0.286605
-0.059628,0.199508,0.284738
-0.059811,0.200431,0.284399
-0.063035,0.200141,0.284097
-0.062490,0.198536,0.284952
-0.065815,0.201002,0.285957
-0.065345,0.198688,0.283993
-0.067149,0.199157,0.283854
-0.065637,0.199326,0.284763
-0.066912,0.200487,0.284046
-0.069652,0.198093,0.286384
-0.068333,0.199121,0.284864
-0.070922,0.198938,0.284097
-0.074111,0.200180,0.285799
-0.072757,0.199328,0.286076
-0.074863,0.199850,0.282784
-0.074718,0.197918,0.284300
-0.078463,0.200090,0.284822
-0.076030,0.199423,0.284499
-0.078387,0.198545,0.285326
-0.078982,0.199259,0.285184
-0.080609,0.197793,0.285326
-0.083271,0.198861,0.286029
-0.082663,0.197424,0.284693
-0.083672,0.199219,0.285251
-0.084965,0.198223,0.284408
-0.085994,0.198774,0.284199
-0.086849,0.198756,0.284642
-0.087658,0.199696,0.283711
-0.089047,0.197182,0.284666
-0.089894,0.197249,0.285749
-0.090832,0.198067,0.283735
-0.092319,0.200773,0.283158
-0.091758,0.199768,0.285720
-0.094163,0.198109,0.287031
-0.096560,0.197093,0.282624
-0.095087,0.198317,0.286633
-0.095982,0.197274,0.284122
-0.096337,0.199763,0.283631
-0.099299,0.198923,0.283356
-0.099119,0.200816,0.283167
-0.099890,0.200954,0.286979
-0.102320,0.200384,0.286477
-0.102612,0.198936,0.285940
-0.105180,0.201405,0.284332
-0.105494,0.201121,0.285797
-0.106897,0.198974,0.285600
-0.107719,0.200463,0.285706
-0.105306,0.198715,0.284964
-0.107915,0.199597,0.286499
-0.109061,0.200625,0.286770
-0.111810,0.200781,0.286779
-0.112839,0.201625,0.286222
-0.113544,0.200836,0.287772
-0.113779,0.200529,0.286296
-0.114382,0.204086,0.285103
-0.115150,0.200362,0.286453
-0.116493,0.201010,0.286292
-0.117132,0.201690,0.286539
-0.119976,0.199886,0.285395
-0.121082,0.198774,0.283209
-0.121569,0.196539,0.282109
-0.122535,0.193697,0.281554
-0.123160,0.191431,0.278400
-0.124630,0.190022,0.275754
-0.125922,0.185733,0.275313
-0.125827,0.185005,0.273253
-0.128067,0.181800,0.270607
-0.129536,0.179245,0.269035
-0.130903,0.176143,0.266919
-0.131082,0.174401,0.263486
-0.132476,0.171383,0.261506
-0.133659,0.171315,0.260722
-0.136071,0.164058,0.258234
-0.136028,0.162844,0.254851
-0.136513,0.160494,0.252068
-0.137147,0.159037,0.251154
-0.138499,0.156273,0.248177
-0.138059,0.153610,0.246912
-0.141008,0.149671,0.244910
-0.143285,0.147231,0.242609
-0.141655,0.145122,0.240369
-0.143453,0.142900,0.238095
-0.144249,0.140963,0.236741
-0.146010,0.135829,0.234196
-0.149936,0.133489,0.230624
-0.148653,0.128178,0.227816
-0.149561,0.126561,0.223953
0.156766,0.149380,0.245584
0.154914,0.148517,0.247498
0.155560,0.151133,0.247484
0.152592,0.149788,0.246443
0.152516,0.153436,0.247154
0.150783,0.151856,0.246920
0.151537,0.151177,0.246249
0.148849,0.153240,0.247010
0.148367,0.153669,0.248243
0.146900,0.152649,0.248142
0.147271,0.153125,0.248164
0.145308,0.153275,0.248250
0.141989,0.153921,0.248171
0.141642,0.154158,0.249125
0.142072,0.154980,0.247354
0.141206,0.154848,0.249498
0.141172,0.154930,0.250869
0.138670,0.155762,0.249865
0.136879,0.156086,0.249007
0.136068,0.155938,0.249726
0.134887,0.155864,0.248911
0.135155,0.153445,0.250065
0.133144,0.154274,0.249863
0.131887,0.156328,0.249612
0.129146,0.156011,0.251218
0.131125,0.154383,0.249104
0.127982,0.153680,0.250915
0.126147,0.154776,0.249820
0.127970,0.154950,0.251853
0.127273,0.154976,0.252856
0.124337,0.156231,0.251023
0.121765,0.154074,0.250792
0.122789,0.157276,0.251507
0.121498,0.157947,0.250512
0.119528,0.158636,0.253703
0.119618,0.157470,0.252108
0.118001,0.159448,0.254405
0.116478,0.158423,0.253166
0.115976,0.158812,0.252624
0.114442,0.158166,0.253337
0.113632,0.160095,0.253613
0.113795,0.159857,0.252145
0.113022,0.162712,0.252702
0.110368,0.161647,0.255613
0.108883,0.160187,0.257142
0.108883,0.161129,0.255952
0.106696,0.161574,0.256307
0.105781,0.161237,0.255681
0.103567,0.162468,0.257252
0.104687,0.163747,0.257037
0.101100,0.165639,0.256630
0.101496,0.164012,0.258193
0.099345,0.164143,0.257392
0.099190,0.167354,0.258280
0.097750,0.167932,0.258338
0.098073,0.169655,0.260066
0.096274,0.168223,0.260070
0.094024,0.170365,0.262302
0.094940,0.170036,0.262216
0.091252,0.171600,0.262559
0.090366,0.173244,0.264850
0.089549,0.174981,0.265228
0.088917,0.176662,0.268633
0.085153,0.203739,0.291801
0.084106,0.205112,0.289283
0.082877,0.207730,0.293440
0.081394,0.205608,0.291193
0.082250,0.206674,0.293813
0.080604,0.205887,0.290592
0.078369,0.206611,0.293200
0.077349,0.205068,0.292776
0.074105,0.207836,0.293312
0.073982,0.206339,0.291012
0.074554,0.207263,0.295431
0.073631,0.206708,0.294436
0.071669,0.207765,0.294619
0.072995,0.208697,0.293406
0.071542,0.209057,0.293393
0.069483,0.208016,0.295420
0.069351,0.208446,0.295030
0.066671,0.209958,0.296313
0.066244,0.210168,0.294319
0.065711,0.209215,0.295515
0.063902,0.209474,0.296356
0.061556,0.211386,0.295521
0.061990,0.211416,0.296403
0.061583,0.212750,0.296117
0.060435,0.210950,0.297011
0.059234,0.212406,0.297836
0.059455,0.213719,0.300447
0.056153,0.212395,0.297340
0.055172,0.213077,0.298029
0.054664,0.213323,0.298013
0.052472,0.211838,0.299163
0.052185,0.213807,0.299494
0.053161,0.215768,0.296349
0.049602,0.214140,0.298593
0.051038,0.214164,0.299678
0.049006,0.214605,0.301780
0.045897,0.215710,0.298511
0.046641,0.214762,0.301715
0.043729,0.215853,0.299631
0.044124,0.216626,0.300463
0.041514,0.215074,0.300982
0.041786,0.217574,0.300131
0.040298,0.217827,0.302937
0.040408,0.216160,0.302173
0.039411,0.218241,0.301027
0.037960,0.216556,0.302418
0.036714,0.217721,0.303119
0.035732,0.217695,0.302530
0.034496,0.218949,0.304679
0.032555,0.218950,0.303301
0.032655,0.217383,0.302744
0.032915,0.220363,0.304239
0.030292,0.222380,0.301576
0.028317,0.221492,0.305853
0.027622,0.219348,0.303289
0.025044,0.222139,0.304331
0.027992,0.220092,0.304774
0.024579,0.221474,0.306732
0.023112,0.222963,0.307002
0.023700,0.222256,0.302954
0.022639,0.223105,0.304949
0.020026,0.223006,0.305603
0.019680,0.223185,0.306828
0.017222,0.223349,0.308261
0.017163,0.223290,0.307160
0.015810,0.223994,0.307701
0.017035,0.223086,0.307192
0.015181,0.224469,0.308169
0.014561,0.225957,0.308513
0.012313,0.225996,0.308819
0.010985,0.226568,0.308397
0.010168,0.225861,0.307668
0.010709,0.228027,0.309059
0.008106,0.226177,0.307721
0.007527,0.225202,0.307554
0.006800,0.224643,0.307762
0.005618,0.223430,0.306404
0.004028,0.222015,0.306202
0.005294,0.221112,0.303842
0.004157,0.221160,0.303589
0.001188,0.219485,0.303056
0.002318,0.219889,0.304330
0.001959,0.218971,0.300790
-0.001117,0.216522,0.300059
-0.002767,0.216800,0.301122
-0.001747,0.214489,0.297498
-0.003815,0.212874,0.295955
-0.005030,0.211949,0.296543
-0.004311,0.212127,0.298188
-0.007599,0.210939,0.295392
-0.007855,0.208990,0.294848
-0.006839,0.206317,0.293857
-0.008234,0.206094,0.292513
-0.010190,0.204406,0.292295
-0.010785,0.207827,0.294196
-0.011538,0.204226,0.290615
-0.012330,0.205147,0.289780
-0.016596,0.203390,0.291531
-0.015218,0.202983,0.288354
-0.014951,0.201775,0.288188
-0.015602,0.202867,0.287761
-0.019153,0.200265,0.289717
-0.020576,0.201653,0.287486
-0.022430,0.199868,0.287129
-0.021244,0.199526,0.287450
-0.021397,0.198561,0.288054
-0.023490,0.198640,0.285751
-0.024581,0.198820,0.286423
-0.025795,0.198610,0.286511
-0.026525,0.195819,0.286526
-0.029286,0.199094,0.284312
-0.029680,0.196437,0.286939
-0.029480,0.197784,0.283394
-0.031428,0.197608,0.285312
-0.031457,0.197985,0.287287
-0.033875,0.198231,0.286307
-0.032682,0.198083,0.287136
-0.033884,0.198578,0.283696
-0.036153,0.198318,0.284879
-0.035907,0.197384,0.286609
-0.037864,0.198680,0.286756
-0.038394,0.196792,0.285825
-0.040736,0.198771,0.286610
-0.040987,0.197828,0.285146
-0.043057,0.197071,0.285185
-0.040735,0.198676,0.286577
-0.042510,0.195953,0.286020
-0.045478,0.198428,0.285060
-0.046889,0.197513,0.284541
-0.049037,0.198145,0.287089
-0.047749,0.198372,0.283881
-0.049447,0.197619,0.283888
-0.050469,0.197629,0.284562
-0.051193,0.197269,0.284638
-0.053821,0.197070,0.284190
-0.054712,0.198200,0.284850
-0.055256,0.195312,0.286227
-0.056045,0.198268,0.284849
-0.056403,0.197916,0.285157
-0.057798,0.197106,0.285317
-0.058575,0.199364,0.285057
-0.057902,0.199035,0.285632
-0.059656,0.198330,0.285284
-0.061558,0.196954,0.287701
-0.061946,0.197069,0.286560
-0.064790,0.197651,0.285012
-0.066159,0.197176,0.285246
-0.066400,0.197924,0.283318
-0.065298,0.196554,0.285240
-0.066412,0.196110,0.285161
-0.067735,0.198140,0.284292
-0.068363,0.197254,0.284801
-0.071191,0.198673,0.286124
-0.071853,0.196389,0.284756
-0.071693,0.196952,0.284904
-0.073336,0.197553,0.283495
-0.074293,0.197247,0.284315
-0.077653,0.198913,0.284674
-0.074878,0.197279,0.285245
-0.076357,0.197544,0.286064
-0.079979,0.198509,0.284127
-0.079783,0.196502,0.286689
-0.081414,0.198905,0.285430
-0.081719,0.195609,0.284501
-0.082230,0.195566,0.284345
-0.082504,0.197170,0.286743
-0.084805,0.198276,0.286177
-0.085421,0.198360,0.284819
-0.086709,0.197094,0.286702
-0.089150,0.197561,0.284999
-0.088716,0.199610,0.285290
-0.088352,0.197084,0.283109
-0.093646,0.196510,0.284334
-0.091885,0.196994,0.286974
-0.093435,0.196229,0.285235
-0.093557,0.196856,0.285424
-0.095182,0.198925,0.284542
-0.095735,0.196121,0.284997
-0.097652,0.196045,0.286232
-0.098730,0.198198,0.285352
-0.097765,0.198235,0.286821
-0.100528,0.197497,0.285403
-0.101148,0.198336,0.285888
-0.101963,0.196843,0.285561
-0.103077,0.199543,0.285241
-0.105863,0.198994,0.286188
-0.103787,0.197338,0.285524
-0.105794,0.196965,0.286193
-0.109197,0.198068,0.286957
-0.108453,0.196961,0.286980
-0.110423,0.197097,0.285959
-0.111980,0.199371,0.287560
-0.110899,0.198479,0.287603
-0.111212,0.200902,0.286887
-0.111350,0.199404,0.284916
-0.113780,0.198992,0.288025
-0.112916,0.200980,0.289755
-0.115844,0.198562,0.287200
-0.117129,0.200418,0.286826
-0.119169,0.199345,0.286645
-0.117783,0.200720,0.286902
-0.121954,0.198334,0.285760
-0.120347,0.197097,0.286035
-0.121103,0.192354,0.283479
-0.123842,0.191922,0.279788
-0.123840,0.187804,0.278690
-0.128051,0.186106,0.277313
-0.127400,0.181511,0.275028
-0.130507,0.180540,0.271697
-0.128464,0.178906,0.270125
-0.129657,0.176937,0.267442
-0.130587,0.173649,0.267660
-0.132604,0.169340,0.264005
-0.133860,0.169913,0.263066
-0.133570,0.164840,0.257712
-0.136153,0.164374,0.255853
-0.134896,0.158252,0.254488
-0.138101,0.157773,0.250827
-0.137466,0.155089,0.248880
-0.139919,0.153729,0.248381
-0.141694,0.152979,0.245504
-0.142108,0.147621,0.242247
-0.143822,0.144771,0.242689
-0.145610,0.142234,0.240791
-0.147436,0.140216,0.235645
-0.146261,0.135848,0.234163
-0.147843,0.130935,0.232515
-0.151467,0.128665,0.228716
-0.152193,0.125843,0.224143
0.157461,0.147670,0.246947
0.155837,0.148907,0.246103
0.154989,0.151420,0.247208
0.152920,0.149288,0.247769
0.152786,0.151411,0.248698
0.150572,0.149068,0.246785
0.151254,0.149202,0.247240
0.149937,0.151486,0.248656
0.149006,0.151195,0.248296
0.147341,0.150831,0.248090
0.144662,0.150228,0.247808
0.145901,0.151738,0.249513
0.143812,0.153921,0.249987
0.143018,0.153803,0.249560
0.140819,0.152853,0.248702
0.139835,0.155176,0.249930
0.138552,0.153886,0.248638
0.137356,0.152709,0.249764
0.138610,0.153837,0.249207
0.135658,0.154630,0.249055
0.134469,0.153639,0.251061
0.132934,0.154460,0.251246
0.132309,0.155383,0.250586
0.130798,0.154073,0.250911
0.129977,0.154248,0.250776
0.131440,0.155191,0.250209
0.129593,0.154229,0.250178
0.128241,0.153797,0.250626
0.126167,0.154280,0.252578
0.125591,0.156989,0.250710
0.121518,0.154771,0.251217
0.122891,0.155951,0.253647
0.121710,0.156035,0.252247
0.122468,0.156773,0.251366
0.119203,0.155363,0.252250
0.121356,0.158167,0.252274
0.118932,0.155628,0.252271
0.117567,0.158486,0.254103
0.114268,0.156701,0.252124
0.112881,0.158260,0.254394
0.110846,0.159592,0.253591
0.112360,0.158112,0.254623
0.110859,0.158490,0.255428
0.110543,0.159589,0.255985
0.108181,0.161825,0.253824
0.109037,0.161328,0.255004
0.106547,0.160962,0.256671
0.107558,0.161115,0.256575
0.105114,0.162970,0.256808
0.104057,0.161977,0.259095
0.102318,0.163283,0.257624
0.100952,0.162716,0.257745
0.100986,0.163704,0.258668
0.099251,0.165282,0.259504
0.097616,0.164883,0.259351
0.098535,0.165479,0.259517
0.096972,0.168012,0.260625
0.094687,0.167142,0.262280
0.097213,0.167917,0.262390
0.089794,0.169512,0.261909
0.091706,0.171987,0.263749
0.090333,0.171454,0.265803
0.088005,0.172595,0.267044
0.087503,0.173518,0.267634
0.084101,0.205380,0.292629
0.081796,0.204847,0.291359
0.082099,0.204598,0.291967
0.080772,0.203503,0.292206
0.079455,0.206414,0.292335
0.076882,0.207918,0.292155
0.076020,0.207576,0.295545
0.075922,0.206260,0.293076
0.073958,0.205638,0.294647
0.075569,0.208370,0.295672
0.073752,0.206455,0.296651
0.071805,0.207595,0.295443
0.071327,0.208046,0.294772
0.070111,0.209658,0.293672
0.070074,0.208918,0.294565
0.068531,0.208371,0.295689
0.064324,0.209778,0.296771
0.065537,0.207521,0.297510
0.065599,0.211006,0.295840
0.063081,0.210324,0.298556
0.063533,0.209743,0.297062
0.062917,0.210604,0.297979
0.059625,0.212021,0.298092
0.059438,0.209853,0.297017
0.057011,0.210392,0.298330
0.058128,0.210892,0.297902
0.057157,0.211931,0.299097
0.055833,0.211762,0.301013
0.054809,0.213211,0.297702
0.053771,0.213870,0.299618
0.051840,0.214819,0.299435
0.051745,0.213547,0.300848
0.050475,0.214302,0.301133
0.048896,0.214440,0.300303
0.048254,0.214245,0.302393
0.048097,0.214973,0.300479
0.045346,0.217071,0.302126
0.043202,0.216946,0.302402
0.043267,0.216850,0.304373
0.042859,0.216363,0.303220
0.043968,0.216353,0.302902
0.040174,0.216434,0.301466
0.038286,0.216583,0.304185
0.037993,0.218376,0.302936
0.037146,0.216695,0.301629
0.036446,0.217352,0.301975
0.037760,0.219204,0.303684
0.034801,0.219819,0.304812
0.032812,0.218544,0.304257
0.032047,0.218024,0.303731
0.032282,0.219078,0.305544
0.030463,0.218508,0.305734
0.030441,0.218878,0.306760
0.028754,0.219817,0.306781
0.027529,0.221909,0.306449
0.025976,0.220099,0.305499
0.024360,0.220764,0.306112
0.023486,0.222394,0.307230
0.022994,0.220928,0.305593
0.022179,0.222856,0.306908
0.020051,0.223985,0.306946
0.018667,0.223323,0.308869
0.018740,0.223473,0.307770
0.019414,0.222090,0.310380
0.018360,0.223919,0.307235
0.015702,0.225794,0.309789
0.015158,0.225599,0.310078
0.016202,0.223886,0.309085
0.012547,0.223647,0.309712
0.010716,0.225934,0.311873
0.009919,0.226484,0.311621
0.010075,0.224298,0.309996
0.009418,0.223307,0.309828
0.007142,0.224289,0.307998
0.006320,0.222879,0.307710
0.007687,0.222247,0.307359
0.003568,0.220292,0.306858
0.004428,0.219860,0.306556
0.004269,0.217878,0.303448
0.001152,0.216739,0.304570
0.000675,0.215852,0.302656
0.000705,0.217134,0.301608
-0.002144,0.213361,0.302794
0.000226,0.216249,0.301249
-0.000790,0.211803,0.299371
-0.004193,0.211134,0.298096
-0.003809,0.209297,0.297620
-0.005571,0.211068,0.296989
-0.006598,0.209524,0.295929
-0.006045,0.207412,0.293767
-0.007978,0.206314,0.296843
-0.009317,0.205930,0.295362
-0.010449,0.206519,0.293711
-0.012985,0.203391,0.293117
-0.010995,0.204423,0.292339
-0.012794,0.203143,0.291254
-0.013516,0.204084,0.291294
-0.017487,0.201653,0.290254
-0.016291,0.201349,0.289365
-0.017750,0.201057,0.289119
-0.017970,0.199149,0.288577
-0.018505,0.198414,0.286749
-0.020329,0.200358,0.288010
-0.022757,0.198316,0.285608
-0.022754,0.197897,0.286100
-0.022922,0.198989,0.288803
-0.023179,0.198408,0.285612
-0.024619,0.198043,0.286853
-0.027286,0.196656,0.286333
-0.026535,0.194900,0.284995
-0.027539,0.196224,0.284825
-0.029785,0.197824,0.286004
-0.031589,0.196598,0.286100
-0.030261,0.197839,0.286863
-0.032724,0.197581,0.287079
-0.033691,0.196063,0.284992
-0.033825,0.197698,0.287507
-0.035620,0.197866,0.286405
-0.035842,0.195079,0.287336
-0.038640,0.197897,0.286722
-0.039640,0.196373,0.286243
-0.038613,0.197058,0.285039
-0.041680,0.196349,0.286849
-0.041544,0.195913,0.284197
-0.043521,0.196639,0.286959
-0.043827,0.194601,0.286441
-0.043827,0.197624,0.285066
-0.046745,0.196551,0.285779
-0.046551,0.195953,0.285315
-0.046340,0.196922,0.286568
-0.049362,0.197269,0.286498
-0.049314,0.196040,0.285968
-0.050400,0.197028,0.286740
-0.050567,0.196331,0.286997
-0.054755,0.196619,0.285877
-0.053213,0.194448,0.287905
-0.054301,0.196592,0.286096
-0.055864,0.197658,0.286500
-0.056595,0.195686,0.285483
-0.057784,0.195622,0.286239
-0.057213,0.197281,0.285307
-0.059314,0.196441,0.285760
-0.062383,0.195083,0.285802
-0.061177,0.197678,0.284473
-0.063916,0.193610,0.282797
-0.065823,0.194883,0.282887
-0.064319,0.196959,0.286356
-0.064698,0.195193,0.285367
-0.068444,0.196427,0.286539
-0.069245,0.195726,0.285891
-0.070062,0.194668,0.284838
-0.071242,0.196975,0.286543
-0.071431,0.196388,0.286301
-0.074807,0.197624,0.285419
-0.075309,0.196267,0.283519
-0.075878,0.195887,0.285205
-0.075394,0.196529,0.285120
-0.076630,0.196101,0.285477
-0.076342,0.196049,0.284480
-0.078595,0.196447,0.286068
-0.080968,0.194385,0.286816
-0.081887,0.195205,0.282849
-0.080661,0.195462,0.284415
-0.082377,0.195991,0.285953
-0.084059,0.196182,0.284183
-0.085062,0.194473,0.286267
-0.085573,0.195499,0.285175
-0.086941,0.195185,0.285203
-0.086263,0.197265,0.284116
-0.089091,0.195991,0.284488
-0.090286,0.194494,0.285962
-0.091446,0.196042,0.286430
-0.092344,0.196052,0.287543
-0.093406,0.195933,0.286580
-0.094903,0.195743,0.284507
-0.095335,0.195763,0.284250
-0.095973,0.196239,0.285697
-0.096700,0.194219,0.284038
-0.095907,0.195168,0.285958
-0.098754,0.195520,0.284720
-0.100948,0.195221,0.285420
-0.100755,0.197394,0.284285
-0.100308,0.195895,0.286057
-0.103188,0.195489,0.285045
-0.104875,0.198283,0.284698
-0.106160,0.197544,0.286014
-0.104883,0.195008,0.285069
-0.107821,0.197630,0.286115
-0.108475,0.196571,0.284830
-0.109335,0.195401,0.286850
-0.109753,0.196342,0.285539
-0.112595,0.197023,0.285878
-0.112362,0.198417,0.286420
-0.114020,0.196846,0.286802
-0.115283,0.198146,0.288308
-0.116577,0.198603,0.286959
-0.117419,0.197143,0.286108
-0.116485,0.197054,0.287667
-0.118472,0.198533,0.286728
-0.119065,0.198288,0.287650
-0.119656,0.197022,0.287894
-0.123090,0.195090,0.284479
-0.121100,0.195304,0.282565
-0.124124,0.190216,0.281301
-0.125576,0.188903,0.279568
-0.125297,0.186005,0.276217
-0.127142,0.183601,0.275323
-0.129092,0.181203,0.273053
-0.127953,0.179187,0.270365
-0.130910,0.176565,0.267228
-0.130936,0.173028,0.266562
-0.132284,0.169210,0.262845
-0.134534,0.167502,0.262567
-0.135878,0.163747,0.259214
-0.134521,0.163574,0.256357
-0.137199,0.158353,0.256022
-0.137930,0.157801,0.254652
-0.140348,0.153898,0.251707
-0.141977,0.151662,0.250828
-0.140042,0.149975,0.245610
-0.141641,0.146258,0.244004
-0.143833,0.144884,0.241669
-0.145212,0.143300,0.240496
-0.145266,0.138586,0.236833
-0.146459,0.133553,0.235088
-0.149783,0.128742,0.230024
-0.149655,0.127848,0.227344
-0.151925,0.122796,0.223584
0.157906,0.148501,0.248500
0.158230,0.150155,0.246636
0.153113,0.148315,0.248167
0.150747,0.149798,0.248717
0.153023,0.149621,0.247365
0.150643,0.152408,0.247317
0.150463,0.151163,0.248018
0.149075,0.148717,0.249892
0.147744,0.149526,0.249598
0.145794,0.149646,0.250426
0.145693,0.152167,0.247613
0.143570,0.151803,0.252058
0.141666,0.152011,0.251123
0.140830,0.152900,0.250254
0.140830,0.152631,0.251542
0.138905,0.153104,0.251512
0.138825,0.153590,0.250463
0.139346,0.152132,0.250520
0.136561,0.153917,0.250746
0.136108,0.152674,0.251081
0.135144,0.154751,0.250729
0.134424,0.153067,0.251631
0.131454,0.151268,0.252461
0.129526,0.151834,0.251917
0.130379,0.154641,0.251022
0.128925,0.154629,0.250204
0.125936,0.151805,0.250982
0.126427,0.154546,0.253049
0.127147,0.153385,0.252658
0.124372,0.153766,0.253481
0.123327,0.152542,0.251931
0.120785,0.153366,0.253298
0.122727,0.155008,0.253853
0.119864,0.156546,0.254102
0.119765,0.156633,0.253537
0.117680,0.155626,0.254377
0.118067,0.157328,0.253129
0.116670,0.157742,0.255531
0.114369,0.155931,0.252548
0.113394,0.158806,0.257023
0.111774,0.159089,0.254677
0.113148,0.158598,0.253590
0.109542,0.160095,0.256319
0.110215,0.159410,0.256913
0.108157,0.160601,0.254044
0.105486,0.160691,0.257606
0.106445,0.160616,0.258752
0.105125,0.161836,0.256058
0.103676,0.162940,0.258385
0.102409,0.163058,0.259645
0.103727,0.161224,0.258026
0.101259,0.162635,0.258578
0.099336,0.163779,0.259187
0.097020,0.164839,0.258974
0.097579,0.164576,0.259326
0.096635,0.166520,0.259296
0.094152,0.165060,0.263084
0.093224,0.166472,0.263023
0.092876,0.168391,0.264466
0.090392,0.170634,0.263539
0.091274,0.170606,0.264554
0.089658,0.172546,0.266241
0.088313,0.171701,0.266135
0.087702,0.173736,0.266686
0.082400,0.205113,0.294544
0.082059,0.203800,0.292828
0.078738,0.203940,0.295022
0.078129,0.202770,0.295442
0.077058,0.205536,0.295272
0.077776,0.206848,0.294546
0.076259,0.205420,0.294884
0.074010,0.206400,0.295477
0.074639,0.204245,0.295219
0.072586,0.206347,0.296040
0.074324,0.208077,0.298157
0.070542,0.208522,0.297771
0.070130,0.208947,0.295518
0.069379,0.208681,0.297419
0.067979,0.206994,0.298115
0.068597,0.209050,0.298057
0.065326,0.210011,0.299290
0.065625,0.209726,0.297579
0.065011,0.209914,0.298696
0.063112,0.209623,0.297642
0.062780,0.210084,0.300384
0.059340,0.210824,0.298955
0.059707,0.211121,0.298303
0.057991,0.210868,0.300172
0.056028,0.210887,0.299674
0.056903,0.211326,0.301089
0.055039,0.210651,0.301450
0.052359,0.212147,0.299829
0.052566,0.212262,0.299015
0.052443,0.214242,0.302279
0.050289,0.212556,0.302562
0.049555,0.215450,0.301391
0.049215,0.215499,0.301815
0.049386,0.213564,0.302255
0.047681,0.214386,0.304244
0.043920,0.215374,0.303258
0.044517,0.214724,0.304378
0.042851,0.214735,0.303188
0.041411,0.215409,0.302279
0.041726,0.215572,0.302912
0.040114,0.217406,0.303949
0.039852,0.215802,0.302197
0.039398,0.216394,0.303779
0.036526,0.216218,0.303925
0.033408,0.218575,0.304901
0.035316,0.218605,0.306326
0.035880,0.217333,0.305912
0.034269,0.217650,0.305403
0.031756,0.220209,0.307673
0.031018,0.218512,0.306287
0.030543,0.219884,0.305571
0.030361,0.221147,0.307280
0.027749,0.220604,0.308002
0.027630,0.220288,0.305636
0.024991,0.219475,0.308240
0.024582,0.219374,0.307252
0.026293,0.220142,0.308061
0.024367,0.220827,0.306375
0.022509,0.223294,0.307362
0.020867,0.221265,0.309806
0.020029,0.222739,0.309556
0.017909,0.222471,0.309851
0.017561,0.223656,0.308639
0.018125,0.223908,0.309511
0.014950,0.223412,0.310363
0.014215,0.223863,0.310173
0.013552,0.223660,0.311007
0.012739,0.225457,0.311265
0.010656,0.222805,0.311785
0.011661,0.226942,0.310279
0.010919,0.223432,0.310306
0.009209,0.223612,0.309591
0.006548,0.223892,0.308742
0.006570,0.220257,0.307292
0.004441,0.219744,0.307757
0.003517,0.218184,0.307302
0.003187,0.217408,0.303254
0.002505,0.218134,0.304178
0.003469,0.213753,0.304573
0.001658,0.215726,0.304401
0.001354,0.214328,0.301703
-0.001111,0.211827,0.301131
-0.001126,0.212620,0.300367
-0.004560,0.211920,0.300867
-0.002565,0.210840,0.297370
-0.003078,0.209408,0.298700
-0.005772,0.206475,0.296310
-0.007148,0.206227,0.296013
-0.005981,0.205264,0.295324
-0.008944,0.202577,0.293709
-0.008280,0.203277,0.293316
-0.011359,0.201099,0.293103
-0.011472,0.202483,0.293105
-0.014655,0.202225,0.293147
-0.014299,0.200848,0.291005
-0.013347,0.201166,0.289031
-0.015824,0.200065,0.291226
-0.014758,0.199744,0.288913
-0.017262,0.200731,0.290746
-0.017165,0.200248,0.288640
-0.020200,0.197426,0.290666
-0.020551,0.196448,0.289294
-0.022265,0.196807,0.290307
-0.021888,0.198365,0.287245
-0.023083,0.196568,0.287118
-0.025364,0.194910,0.286798
-0.024121,0.196211,0.287499
-0.025763,0.196561,0.287162
-0.027552,0.196888,0.286619
-0.029778,0.196119,0.286599
-0.027519,0.196577,0.288871
-0.031625,0.196836,0.287947
-0.030741,0.196708,0.286816
-0.032167,0.195375,0.288650
-0.032968,0.194592,0.287107
-0.033295,0.197681,0.286072
-0.036022,0.195464,0.286960
-0.036052,0.196703,0.287601
-0.037173,0.195737,0.285008
-0.038841,0.196006,0.286859
-0.039444,0.196047,0.285300
-0.039865,0.196878,0.287315
-0.040864,0.195232,0.286740
-0.041036,0.196564,0.287824
-0.044078,0.194887,0.286117
-0.044305,0.194324,0.285487
-0.046264,0.195733,0.286986
-0.045054,0.195353,0.286146
-0.049498,0.196776,0.285939
-0.049503,0.194227,0.285478
-0.048575,0.197271,0.287190
-0.050143,0.194147,0.287221
-0.052238,0.194443,0.286426
-0.052438,0.194339,0.285720
-0.052187,0.196208,0.287114
-0.052183,0.194498,0.285488
-0.056292,0.196002,0.284946
-0.056695,0.195577,0.285991
-0.057496,0.194198,0.287083
-0.058298,0.194398,0.287810
-0.059397,0.195941,0.284845
-0.062050,0.193815,0.286767
-0.061301,0.195139,0.284740
-0.063343,0.194561,0.287898
-0.063819,0.195242,0.285898
-0.065151,0.195761,0.285139
-0.065349,0.194926,0.286529
-0.064725,0.193170,0.285912
-0.069135,0.195279,0.283646
-0.069156,0.192406,0.285936
-0.071234,0.194856,0.285620
-0.070001,0.193080,0.286716
-0.072838,0.193663,0.287143
-0.074182,0.194018,0.284401
-0.075235,0.194757,0.283386
-0.075012,0.194142,0.287127
-0.076416,0.195873,0.287075
-0.078539,0.194098,0.285239
-0.078553,0.194591,0.285099
-0.078665,0.195135,0.284043
-0.082069,0.194287,0.285234
-0.081291,0.195360,0.283973
-0.081749,0.194216,0.286349
-0.083693,0.194908,0.285403
-0.084360,0.195126,0.285242
-0.085899,0.194853,0.285031
-0.088197,0.194164,0.284333
-0.087054,0.192904,0.287569
-0.087820,0.195935,0.286433
-0.088266,0.195962,0.286883
-0.091033,0.195841,0.286013
-0.091470,0.196358,0.285121
-0.092350,0.193883,0.286274
-0.095709,0.194539,0.283866
-0.094640,0.196867,0.285302
-0.095753,0.194462,0.285364
-0.097373,0.193780,0.286289
-0.099183,0.195650,0.284670
-0.099690,0.195039,0.284955
-0.099512,0.193978,0.287111
-0.101805,0.193750,0.285678
-0.104536,0.194588,0.285281
-0.103412,0.195889,0.286860
-0.105589,0.195064,0.286458
-0.104205,0.194531,0.285676
-0.107906,0.194334,0.285610
-0.106477,0.193632,0.287620
-0.107212,0.193659,0.287121
-0.108680,0.196061,0.285824
-0.112000,0.197017,0.286760
-0.108272,0.195462,0.286312
-0.112066,0.196056,0.288352
-0.112835,0.195648,0.286675
-0.113116,0.196234,0.286530
-0.116011,0.194422,0.286208
-0.117156,0.195582,0.286868
-0.118618,0.196977,0.287547
-0.119541,0.196219,0.287358
-0.116908,0.197328,0.286116
-0.121889,0.193928,0.286958
-0.121215,0.196713,0.287534
-0.121094,0.195243,0.284287
-0.122676,0.188846,0.281384
-0.125220,0.186336,0.280452
-0.125483,0.184952,0.279277
-0.127667,0.184060,0.275456
-0.127148,0.181255,0.274998
-0.131082,0.177766,0.270169
-0.130540,0.176540,0.270274
-0.130958,0.173338,0.268847
-0.132791,0.169710,0.264979
-0.133863,0.168366,0.263420
-0.133607,0.164924,0.262007
-0.136745,0.161095,0.256602
-0.136718,0.159827,0.257815
-0.137653,0.158812,0.254726
-0.139926,0.155261,0.252175
-0.141414,0.151416,0.250910
-0.142211,0.149577,0.248818
-0.142551,0.147376,0.245671
-0.141147,0.143325,0.244487
-0.145396,0.142406,0.240520
-0.144670,0.138309,0.237433
-0.148379,0.131822,0.233341
-0.147525,0.128088,0.232588
-0.150582,0.123626,0.227341
-0.149753,0.120634,0.224222
0.156064,0.147782,0.246551
0.156858,0.146052,0.246917
0.153195,0.147611,0.248946
0.151605,0.145986,0.248175
0.150987,0.148408,0.248059
0.151715,0.146490,0.248982
0.148795,0.148595,0.251728
0.148389,0.147575,0.248765
0.146463,0.151360,0.249531
0.148080,0.151014,0.248693
0.145583,0.151185,0.248856
0.143801,0.149954,0.249669
0.141741,0.148944,0.250053
0.141299,0.150551,0.251459
0.141145,0.149774,0.248948
0.140142,0.149694,0.250730
0.140000,0.150717,0.250580
0.138051,0.152675,0.251995
0.137112,0.149958,0.250014
0.136778,0.151639,0.251789
0.133923,0.152130,0.252425
0.131832,0.153239,0.253215
0.131881,0.152712,0.251004
0.130149,0.153058,0.250207
0.130895,0.150818,0.251324
0.128370,0.153027,0.250478
0.129405,0.155044,0.253663
0.125500,0.153528,0.254353
0.126573,0.153482,0.253446
0.125381,0.153403,0.253305
0.122855,0.154010,0.252122
0.122631,0.153722,0.253056
0.121544,0.152789,0.256305
0.119547,0.154939,0.254776
0.118882,0.155566,0.254877
0.117465,0.154921,0.256575
0.118918,0.156511,0.253734
0.115749,0.156522,0.256114
0.116623,0.156821,0.255551
0.114628,0.157667,0.256271
0.113309,0.157322,0.255689
0.110708,0.157172,0.256495
0.109921,0.159985,0.257063
0.109405,0.160064,0.256605
0.107824,0.159393,0.258801
0.105343,0.159173,0.259485
0.105996,0.160363,0.259793
0.104992,0.161603,0.257591
0.104612,0.160964,0.259370
0.104076,0.159367,0.258305
0.100876,0.162354,0.260691
0.100404,0.161588,0.261185
0.098895,0.162882,0.259556
0.098463,0.161926,0.260357
0.096014,0.164204,0.261173
0.095671,0.162401,0.262541
0.095093,0.164513,0.262051
0.092639,0.164194,0.262746
0.091899,0.166005,0.263801
0.090928,0.167918,0.265450
0.090042,0.167905,0.265241
0.088822,0.167416,0.265174
0.086973,0.171070,0.267361
0.089237,0.170587,0.268039
0.084829,0.172538,0.267888
0.081773,0.203245,0.295143
0.081439,0.203729,0.296408
0.080241,0.206284,0.294807
0.078255,0.205832,0.295837
0.077248,0.204466,0.296721
0.076830,0.207179,0.297717
0.075944,0.204950,0.295204
0.073758,0.208137,0.296077
0.073405,0.207600,0.298424
0.070898,0.208116,0.297099
0.071816,0.206871,0.296883
0.068714,0.208432,0.298052
0.067805,0.207208,0.299739
0.068058,0.210352,0.297821
0.066212,0.209487,0.299050
0.065957,0.208551,0.299331
0.065953,0.209777,0.299893
0.064134,0.208716,0.300563
0.063047,0.210069,0.299982
0.062879,0.210768,0.301150
0.061875,0.209376,0.300169
0.059219,0.210303,0.300184
0.058987,0.211018,0.302291
0.059412,0.211631,0.301691
0.055803,0.212389,0.301215
0.055146,0.211133,0.301912
0.054350,0.212936,0.301792
0.054257,0.213328,0.301036
0.049755,0.212771,0.301294
0.050888,0.214275,0.302529
0.050057,0.213378,0.304028
0.048394,0.214486,0.305637
0.045953,0.214661,0.302467
0.044814,0.212968,0.303662
0.044066,0.213171,0.305264
0.045741,0.215315,0.305375
0.044830,0.215268,0.305302
0.042112,0.216884,0.304341
0.041159,0.217899,0.304672
0.038190,0.216565,0.305783
0.039267,0.215378,0.305301
0.038766,0.217719,0.304642
0.036476,0.218219,0.306564
0.036718,0.217569,0.307380
0.035008,0.219013,0.303672
0.033245,0.218072,0.306477
0.030606,0.217888,0.308465
0.034845,0.221173,0.308157
0.032640,0.220258,0.307505
0.030294,0.219058,0.306321
0.029124,0.219560,0.306674
0.029106,0.218835,0.307037
0.027725,0.220209,0.309793
0.027231,0.217974,0.308934
0.025368,0.220053,0.308023
0.024913,0.220932,0.310418
0.022736,0.220238,0.310681
0.023262,0.222701,0.309616
0.020537,0.224277,0.309468
0.020055,0.224602,0.310395
0.019931,0.224079,0.310248
0.018727,0.223500,0.311324
0.016791,0.221185,0.311548
0.015876,0.223186,0.311235
0.015837,0.224086,0.311117
0.014954,0.224188,0.312475
0.012762,0.224084,0.310488
0.009900,0.222465,0.309615
0.011586,0.222524,0.309601
0.009566,0.219867,0.309316
0.007062,0.218407,0.308399
0.007284,0.219843,0.307720
0.008490,0.219626,0.308157
0.006042,0.218371,0.307740
0.005601,0.218110,0.306031
0.003691,0.217241,0.306297
0.004540,0.215169,0.302879
0.002015,0.215155,0.306397
0.001262,0.211835,0.303760
0.000775,0.213012,0.302368
0.002136,0.211326,0.300361
-0.000970,0.211264,0.300977
-0.001966,0.209043,0.301964
-0.004580,0.208626,0.299563
-0.007592,0.205682,0.298860
-0.007200,0.204099,0.296811
-0.007661,0.204807,0.296347
-0.006592,0.204924,0.293766
-0.007959,0.203940,0.294744
-0.010255,0.202106,0.292710
-0.010436,0.201056,0.293270
-0.011464,0.199738,0.293862
-0.011510,0.200064,0.291163
-0.011862,0.201487,0.291538
-0.014105,0.199807,0.289270
-0.014956,0.199940,0.290948
-0.016012,0.197928,0.290069
-0.017714,0.196206,0.289093
-0.019371,0.196692,0.290751
-0.020406,0.198354,0.289947
-0.021601,0.197527,0.288553
-0.020611,0.195174,0.290897
-0.021558,0.194497,0.287104
-0.023966,0.195900,0.287513
-0.023925,0.194747,0.289433
-0.026495,0.197810,0.287856
-0.028563,0.195291,0.287909
-0.027264,0.194560,0.288752
-0.029277,0.195433,0.287614
-0.031056,0.193775,0.286331
-0.030516,0.192723,0.288722
-0.031977,0.194783,0.286124
-0.032655,0.193993,0.287192
-0.033925,0.194698,0.288075
-0.034862,0.194388,0.285494
-0.031463,0.193597,0.287327
-0.037963,0.195854,0.288762
-0.037444,0.193291,0.286182
-0.040330,0.196110,0.286276
-0.039971,0.193958,0.287329
-0.041389,0.193560,0.288177
-0.041051,0.192490,0.285120
-0.042986,0.194059,0.286667
-0.044387,0.195686,0.285983
-0.045429,0.192462,0.287174
-0.043201,0.194587,0.286819
-0.048265,0.194696,0.286482
-0.047877,0.194734,0.287206
-0.047017,0.193855,0.288538
-0.050750,0.194593,0.287132
-0.049201,0.193461,0.287414
-0.051350,0.191410,0.288899
-0.051719,0.192581,0.286319
-0.054178,0.193304,0.287621
-0.053631,0.195012,0.287359
-0.054993,0.194947,0.287372
-0.057257,0.194110,0.287860
-0.057137,0.193835,0.287311
-0.059576,0.193609,0.287574
-0.060124,0.193201,0.286135
-0.060845,0.192858,0.284875
-0.062503,0.192766,0.286458
-0.062587,0.195107,0.287915
-0.064175,0.194003,0.286341
-0.066229,0.192851,0.284756
-0.068018,0.192359,0.286102
-0.066604,0.192508,0.285771
-0.066958,0.194177,0.286366
-0.069519,0.192398,0.287080
-0.070677,0.193569,0.284536
-0.072467,0.193954,0.287254
-0.071443,0.194567,0.285881
-0.073906,0.192777,0.285034
-0.074504,0.193958,0.285981
-0.076007,0.191816,0.288146
-0.075398,0.192338,0.285425
-0.078052,0.192446,0.285951
-0.079142,0.190986,0.287062
-0.079332,0.193732,0.285444
-0.079975,0.192793,0.285355
-0.083439,0.193510,0.285288
-0.084516,0.190243,0.285130
-0.084181,0.192075,0.286080
-0.086328,0.193496,0.284940
-0.086862,0.193612,0.285719
-0.087314,0.191013,0.285904
-0.088336,0.193719,0.285847
-0.088423,0.193695,0.285645
-0.087877,0.193268,0.283613
-0.091087,0.194116,0.286084
-0.092531,0.191884,0.286553
-0.091901,0.193534,0.285197
-0.093623,0.192868,0.286906
-0.094114,0.193216,0.285302
-0.094343,0.193935,0.285031
-0.097192,0.193871,0.285346
-0.097664,0.193752,0.283763
-0.099742,0.194312,0.286355
-0.101367,0.193254,0.286380
-0.100071,0.193454,0.286735
-0.102081,0.192979,0.284689
-0.104248,0.193115,0.284798
-0.103651,0.192994,0.284696
-0.105523,0.193268,0.284917
-0.105851,0.192316,0.287865
-0.107950,0.192879,0.286311
-0.108142,0.194962,0.284457
-0.110058,0.193112,0.285407
-0.111246,0.195051,0.287121
-0.112311,0.194504,0.287412
-0.110455,0.193996,0.287648
-0.112858,0.193174,0.287618
-0.114619,0.194119,0.286015
-0.116948,0.196296,0.287157
-0.115729,0.195474,0.285717
-0.117465,0.194158,0.287232
-0.118116,0.193653,0.285848
-0.118013,0.195097,0.286934
-0.118993,0.192438,0.288581
-0.122892,0.195344,0.287161
-0.123356,0.191315,0.284083
-0.123574,0.190698,0.283020
-0.126614,0.186800,0.281693
-0.125887,0.185341,0.278175
-0.127553,0.181440,0.277525
-0.128337,0.179485,0.274999
-0.128711,0.176745,0.273950
-0.130328,0.173480,0.270185
-0.131604,0.172257,0.267299
-0.131828,0.169167,0.267804
-0.135064,0.168273,0.264701
-0.136058,0.163724,0.260457
-0.133877,0.160868,0.261388
-0.136178,0.160067,0.258734
-0.138887,0.155071,0.257397
-0.141355,0.154471,0.254361
-0.139908,0.152298,0.251601
-0.142039,0.147988,0.248467
-0.142920,0.146428,0.247124
-0.144577,0.143303,0.246959
-0.144598,0.139909,0.242736
-0.145639,0.135502,0.237634
-0.147229,0.130580,0.233355
-0.147471,0.127111,0.231870
-0.149926,0.124408,0.227081
-0.152084,0.120272,0.226336
0.153865,0.147459,0.247551
0.154768,0.146145,0.247598
0.153325,0.146553,0.249224
0.151711,0.146492,0.250085
0.150728,0.145643,0.249588
0.151773,0.147582,0.250170
0.150041,0.145952,0.249319
0.146408,0.146397,0.248716
0.146070,0.149401,0.251112
0.146278,0.146952,0.250273
0.143659,0.147664,0.251448
0.143359,0.148101,0.251072
0.142643,0.148406,0.252655
0.139298,0.149628,0.251147
0.139073,0.149940,0.251581
0.140034,0.148584,0.247653
0.137831,0.150855,0.252406
0.138207,0.150237,0.251442
0.136906,0.148841,0.251575
0.133334,0.149084,0.251531
0.134064,0.150165,0.251351
0.132226,0.151975,0.250523
0.130017,0.150455,0.253821
0.130153,0.148384,0.255022
0.127463,0.149342,0.252608
0.128969,0.151564,0.253216
0.127018,0.150980,0.252666
0.126534,0.153215,0.254058
0.124220,0.151540,0.254291
0.123124,0.151992,0.254603
0.121014,0.153976,0.253462
0.122522,0.152504,0.257173
0.119421,0.154750,0.254469
0.119591,0.153344,0.254906
0.118866,0.153473,0.257117
0.116594,0.154070,0.256943
0.118417,0.156223,0.255289
0.114314,0.155436,0.255847
0.113111,0.154866,0.257291
0.112958,0.156106,0.256521
0.111997,0.159248,0.256215
0.111411,0.157652,0.257833
0.110457,0.157216,0.258879
0.109447,0.159192,0.257542
0.107456,0.158591,0.259340
0.106619,0.159677,0.258414
0.106755,0.159996,0.259827
0.104839,0.160793,0.259844
0.101941,0.160207,0.259632
0.101804,0.158939,0.261434
0.099491,0.161606,0.261870
0.098899,0.160883,0.261187
0.098888,0.160543,0.260150
0.095259,0.160437,0.262978
0.097014,0.163166,0.262897
0.094594,0.163819,0.263817
0.093801,0.164968,0.263947
0.093878,0.164999,0.264380
0.091001,0.165915,0.263671
0.090332,0.166630,0.263551
0.089033,0.167079,0.265235
0.087350,0.170890,0.265088
0.086133,0.171640,0.269536
0.087148,0.172249,0.268926
0.084476,0.171410,0.270357
0.079742,0.204774,0.293795
0.081292,0.204937,0.297870
0.076598,0.206363,0.297494
0.077690,0.202432,0.297915
0.076454,0.204583,0.297520
0.075691,0.205636,0.298586
0.074001,0.206114,0.297120
0.072350,0.205674,0.298879
0.072132,0.207860,0.298429
0.071035,0.205475,0.299056
0.070733,0.208458,0.298571
0.069346,0.209335,0.299821
0.067127,0.205754,0.298638
0.067125,0.207810,0.300098
0.066965,0.210237,0.299119
0.064211,0.209644,0.300529
0.063672,0.207108,0.300048
0.062284,0.208343,0.301373
0.062842,0.208915,0.303161
0.060710,0.209304,0.303047
0.059353,0.210025,0.301820
0.058739,0.209941,0.302080
0.057622,0.210697,0.303221
0.055969,0.210437,0.301279
0.056191,0.211200,0.303266
0.052835,0.212144,0.302535
0.052731,0.210595,0.303380
0.053059,0.212617,0.302908
0.050978,0.213558,0.303957
0.049520,0.214438,0.303005
0.047767,0.213030,0.305476
0.047881,0.211651,0.305500
0.047599,0.214349,0.305819
0.045046,0.216385,0.304045
0.044327,0.214605,0.305631
0.043539,0.215803,0.305923
0.043903,0.215522,0.306792
0.039274,0.214541,0.305584
0.043213,0.215083,0.306623
0.038737,0.216327,0.307027
0.038387,0.215383,0.308444
0.036094,0.216607,0.308017
0.038006,0.215916,0.307236
0.033086,0.215877,0.306571
0.034782,0.219878,0.308390
0.032936,0.219373,0.309505
0.031729,0.218427,0.309026
0.031755,0.218057,0.308712
0.030648,0.217696,0.308995
0.029036,0.218713,0.309105
0.027249,0.218516,0.309655
0.028506,0.218846,0.308567
0.024488,0.221289,0.309419
0.025080,0.219722,0.309777
0.023998,0.220675,0.309124
0.022654,0.220684,0.310827
0.021744,0.221833,0.311352
0.022028,0.219924,0.309076
0.020112,0.220179,0.310632
0.020363,0.220391,0.311596
0.017447,0.221889,0.312277
0.016970,0.222071,0.311113
0.015776,0.221233,0.312823
0.015835,0.223140,0.312685
0.014988,0.223193,0.310714
0.012065,0.221206,0.309805
0.011641,0.220468,0.309450
0.010654,0.219019,0.309920
0.010685,0.220653,0.309147
0.008570,0.218930,0.307121
0.006484,0.217093,0.308658
0.006318,0.218145,0.309950
0.005057,0.217470,0.305756
0.005348,0.216347,0.306732
0.004219,0.213806,0.305605
0.003484,0.214551,0.305050
0.001321,0.215515,0.304290
0.001469,0.212017,0.301425
0.002217,0.210805,0.301971
0.000263,0.210621,0.301248
-0.000544,0.210555,0.299679
-0.004181,0.208518,0.301121
-0.003291,0.205251,0.298644
-0.003809,0.204765,0.296860
-0.006209,0.204857,0.296855
-0.006551,0.205055,0.297337
-0.007141,0.202848,0.294695
-0.009744,0.200684,0.294779
-0.009005,0.203097,0.293814
-0.009536,0.199936,0.292673
-0.011842,0.200384,0.293836
-0.012507,0.199277,0.292837
-0.014071,0.198310,0.291832
-0.014177,0.197974,0.291161
-0.013560,0.196955,0.291417
-0.015954,0.195865,0.290532
-0.017984,0.195948,0.290098
-0.018840,0.195706,0.290446
-0.019712,0.196895,0.290225
-0.019996,0.196454,0.290409
-0.020973,0.195540,0.289427
-0.021494,0.194532,0.288741
-0.023920,0.194551,0.289482
-0.024766,0.194046,0.288935
-0.025438,0.191899,0.287678
-0.025573,0.194837,0.287981
-0.027445,0.194554,0.288302
-0.028162,0.193856,0.287639
-0.031202,0.195914,0.287168
-0.031143,0.193616,0.290591
-0.031070,0.193667,0.288648
-0.033329,0.193867,0.289279
-0.032259,0.194971,0.287832
-0.034157,0.194216,0.288559
-0.035344,0.194498,0.288094
-0.036434,0.194062,0.288744
-0.037684,0.192814,0.288838
-0.037937,0.192076,0.288295
-0.039017,0.193405,0.286489
-0.042439,0.192639,0.286477
-0.041988,0.193354,0.288531
-0.040809,0.192443,0.288541
-0.042666,0.193276,0.288269
-0.045954,0.192573,0.287432
-0.045505,0.192414,0.287675
-0.049399,0.191602,0.288560
-0.048145,0.192951,0.287338
-0.047928,0.195604,0.286448
-0.049497,0.193129,0.286848
-0.051532,0.192101,0.286149
-0.052560,0.193776,0.287090
-0.052785,0.192642,0.287079
-0.055099,0.192480,0.287245
-0.053866,0.191733,0.287912
-0.058555,0.194346,0.287479
-0.058244,0.191570,0.286961
-0.059673,0.194007,0.286927
-0.060084,0.193166,0.287748
-0.058988,0.191510,0.284755
-0.060845,0.192048,0.287162
-0.062433,0.191876,0.286088
-0.063304,0.192210,0.285148
-0.064535,0.193715,0.285438
-0.064098,0.191927,0.287055
-0.066361,0.191107,0.285708
-0.065380,0.190129,0.287809
-0.067012,0.192599,0.285472
-0.068770,0.192520,0.286981
-0.069609,0.192247,0.285738
-0.071783,0.194078,0.286348
-0.071585,0.193414,0.286243
-0.073331,0.192524,0.286705
-0.073016,0.191173,0.286763
-0.076501,0.191972,0.286511
-0.075691,0.192073,0.289210
-0.077880,0.190758,0.286278
-0.078560,0.190518,0.284965
-0.078827,0.191387,0.284504
-0.081608,0.191645,0.285827
-0.082465,0.190362,0.285525
-0.084807,0.191279,0.286601
-0.082189,0.191524,0.285688
-0.085537,0.189692,0.284796
-0.086703,0.192197,0.284535
-0.085810,0.190431,0.286232
-0.088561,0.191883,0.285909
-0.089665,0.189972,0.286619
-0.088951,0.192249,0.286668
-0.090482,0.191393,0.285224
-0.089655,0.191574,0.284662
-0.092060,0.190942,0.286915
-0.095197,0.190958,0.284294
-0.096255,0.191953,0.288824
-0.096059,0.189327,0.285671
-0.095656,0.190413,0.286104
-0.096984,0.190724,0.285242
-0.099558,0.192092,0.285824
-0.100934,0.191597,0.286740
-0.100670,0.190892,0.286885
-0.102175,0.190946,0.284986
-0.103291,0.191021,0.286606
-0.104233,0.193234,0.286053
-0.104174,0.190373,0.288073
-0.105902,0.191440,0.286044
-0.108090,0.190866,0.286372
-0.107782,0.193439,0.286374
-0.108217,0.193487,0.288328
-0.109442,0.192146,0.285941
-0.109478,0.191724,0.286736
-0.110843,0.194691,0.285522
-0.113720,0.191862,0.286652
-0.114832,0.191430,0.289401
-0.115732,0.193049,0.285851
-0.117741,0.191563,0.284486
-0.118292,0.192855,0.287282
-0.118417,0.194028,0.287127
-0.118032,0.192761,0.286798
-0.119180,0.193131,0.286612
-0.120721,0.191754,0.288824
-0.121316,0.192224,0.286416
-0.122999,0.189684,0.283990
-0.124688,0.184745,0.282489
-0.126954,0.186130,0.280872
-0.128518,0.183575,0.278947
-0.128802,0.180508,0.276373
-0.127353,0.178452,0.273982
-0.129676,0.175567,0.271035
-0.130977,0.171879,0.270385
-0.131874,0.170134,0.267602
-0.133793,0.166438,0.267433
-0.134301,0.163778,0.262969
-0.134989,0.160917,0.261527
-0.139754,0.160209,0.258987
-0.136863,0.154820,0.257758
-0.139407,0.155324,0.255538
-0.139331,0.151755,0.252902
-0.142769,0.149311,0.250866
-0.143032,0.146010,0.250539
-0.144715,0.142245,0.247106
-0.143322,0.137300,0.240202
-0.145632,0.133402,0.237562
-0.147662,0.127357,0.234309
-0.149699,0.126195,0.231830
-0.150699,0.122141,0.227857
-0.148395,0.119279,0.224886
0.154172,0.143386,0.250141
0.155990,0.147539,0.249969
0.152358,0.145354,0.249222
0.151651,0.145190,0.251136
0.150518,0.144366,0.248251
0.150496,0.145753,0.248806
0.149147,0.145778,0.251399
0.148502,0.147032,0.252290
0.144127,0.147362,0.250732
0.146666,0.147535,0.248921
0.142658,0.148749,0.249012
0.142633,0.147045,0.250594
0.143703,0.148480,0.249625
0.141832,0.147094,0.251453
0.140471,0.148164,0.251780
0.139081,0.147219,0.251069
0.137928,0.148606,0.251198
0.135633,0.150641,0.251610
0.134366,0.150162,0.253426
0.135273,0.147797,0.252932
0.134213,0.150415,0.253888
0.132420,0.149169,0.252141
0.130426,0.148667,0.252746
0.131074,0.148759,0.253242
0.129689,0.150942,0.252039
0.127238,0.151444,0.252798
0.126427,0.150151,0.253707
0.127917,0.150487,0.251597
0.123846,0.150772,0.253379
0.125657,0.150336,0.255219
0.123767,0.151283,0.254080
0.121124,0.152195,0.255465
0.121535,0.153024,0.256654
0.119617,0.154401,0.257853
0.118637,0.154325,0.256819
0.118007,0.155231,0.256799
0.115371,0.155146,0.256155
0.114698,0.153771,0.257244
0.113693,0.154385,0.259955
0.112595,0.155666,0.258638
0.111592,0.154496,0.258193
0.110150,0.155263,0.258668
0.108308,0.155363,0.259367
0.106478,0.156557,0.257224
0.107707,0.158679,0.258735
0.108036,0.158764,0.260525
0.104202,0.156699,0.260228
0.103464,0.157861,0.260829
0.102819,0.158179,0.260664
0.101847,0.159571,0.261051
0.100529,0.160971,0.261450
0.100442,0.160032,0.261314
0.098042,0.160605,0.264017
0.095428,0.159878,0.262009
0.095645,0.159529,0.262705
0.094131,0.160967,0.262465
0.095093,0.163655,0.264879
0.091888,0.164191,0.264151
0.092611,0.164133,0.264554
0.090379,0.163613,0.267451
0.088846,0.165918,0.265891
0.086904,0.165594,0.268120
0.085999,0.167875,0.269806
0.085254,0.169176,0.268628
0.083666,0.169566,0.269923
0.082542,0.172349,0.271245
0.080143,0.205236,0.298048
0.076319,0.204407,0.297068
0.076923,0.205727,0.297661
0.076964,0.204111,0.298197
0.077057,0.205989,0.300613
0.073728,0.206223,0.301008
0.073011,0.205512,0.298627
0.072343,0.207011,0.299496
0.070608,0.207714,0.301554
0.070348,0.208182,0.300206
0.068090,0.208528,0.301542
0.068239,0.206103,0.300864
0.066123,0.207664,0.299498
0.065715,0.208013,0.300954
0.064964,0.206851,0.300667
0.064974,0.208211,0.299667
0.060652,0.210464,0.301952
0.061395,0.208591,0.302105
0.061465,0.209231,0.302900
0.059064,0.211889,0.302180
0.058768,0.209567,0.303898
0.058523,0.210697,0.302423
0.056383,0.210951,0.303254
0.056732,0.209978,0.303846
0.054726,0.210640,0.304121
0.053879,0.210622,0.303562
0.051212,0.211016,0.306410
0.049952,0.212517,0.303592
0.048699,0.212914,0.305203
0.049984,0.213276,0.306119
0.048019,0.211996,0.304292
0.047535,0.213265,0.305015
0.045090,0.213714,0.305345
0.045766,0.212400,0.305596
0.042268,0.215102,0.306024
0.042492,0.215397,0.307299
0.042844,0.214652,0.306838
0.039120,0.216159,0.307875
0.040432,0.215530,0.307603
0.040553,0.216467,0.308801
0.034062,0.216007,0.307436
0.035939,0.216214,0.307264
0.032902,0.215518,0.308105
0.035069,0.217033,0.308383
0.031699,0.217942,0.309372
0.032103,0.217616,0.308370
0.030917,0.220619,0.311901
0.029853,0.216791,0.308946
0.028799,0.219613,0.309703
0.026920,0.219734,0.310344
0.026594,0.219088,0.309927
0.026311,0.218858,0.310141
0.026456,0.221923,0.309179
0.023910,0.220443,0.311251
0.024512,0.218219,0.311452
0.022246,0.220522,0.313244
0.021364,0.220011,0.313001
0.019868,0.223900,0.310785
0.019532,0.222769,0.312538
0.017003,0.222683,0.315424
0.016835,0.221687,0.312516
0.017147,0.223216,0.312650
0.015977,0.220455,0.312139
0.013532,0.220407,0.312170
0.011812,0.217960,0.310651
0.012569,0.220907,0.310916
0.010144,0.216635,0.309420
0.010400,0.218630,0.309411
0.008116,0.217033,0.310505
0.007562,0.214723,0.307203
0.006577,0.215426,0.307775
0.007070,0.214757,0.306396
0.004526,0.213249,0.308390
0.006675,0.213539,0.304755
0.003784,0.212446,0.304364
0.000832,0.211201,0.303570
0.000636,0.209334,0.304095
-0.001596,0.209999,0.302491
-0.001616,0.210010,0.299957
-0.000438,0.208588,0.302058
-0.002754,0.204787,0.299954
-0.006019,0.202827,0.298358
-0.002014,0.203356,0.297713
-0.007840,0.202736,0.296819
-0.006411,0.201282,0.295845
-0.006602,0.200095,0.297344
-0.009459,0.202739,0.296043
-0.009266,0.201567,0.294525
-0.012409,0.199030,0.293100
-0.010105,0.198458,0.294079
-0.012337,0.197698,0.290647
-0.013911,0.196438,0.291384
-0.014343,0.194765,0.291046
-0.015768,0.194162,0.290494
-0.015326,0.197482,0.290553
-0.017407,0.194847,0.291400
-0.018078,0.195532,0.291287
-0.018610,0.195031,0.289699
-0.019526,0.192230,0.289086
-0.024000,0.192073,0.289138
-0.021727,0.193711,0.291283
-0.024376,0.194940,0.289453
-0.023983,0.195504,0.289908
-0.024218,0.193142,0.290776
-0.025316,0.193160,0.288620
-0.028568,0.192300,0.290001
-0.028447,0.193505,0.289760
-0.029249,0.192649,0.289790
-0.031019,0.192871,0.291523
-0.031621,0.193602,0.289621
-0.033012,0.195092,0.289461
-0.034808,0.192566,0.286376
-0.034195,0.191130,0.289163
-0.035274,0.191729,0.288299
-0.035927,0.191774,0.288227
-0.039348,0.192166,0.285616
-0.037478,0.190822,0.289030
-0.039974,0.191961,0.290222
-0.042029,0.192899,0.291198
-0.041023,0.192167,0.288222
-0.043658,0.192938,0.287005
-0.041838,0.191669,0.288135
-0.043178,0.194097,0.288181
-0.047078,0.192941,0.288596
-0.047053,0.191655,0.288851
-0.049339,0.192876,0.288316
-0.049465,0.190150,0.287531
-0.051613,0.191329,0.288489
-0.049916,0.191057,0.288264
-0.051562,0.191740,0.288368
-0.053254,0.192019,0.287040
-0.054684,0.192354,0.288233
-0.055214,0.192092,0.288180
-0.057711,0.191425,0.287774
-0.055085,0.192867,0.286329
-0.056789,0.192488,0.288239
-0.060017,0.191656,0.287191
-0.060049,0.190556,0.288176
-0.061016,0.191207,0.290388
-0.062222,0.190957,0.287819
-0.060607,0.190432,0.286350
-0.065493,0.191339,0.287225
-0.065553,0.193088,0.287926
-0.068773,0.191615,0.287037
-0.066532,0.189966,0.287225
-0.069658,0.191427,0.286518
-0.069688,0.191390,0.287944
-0.069926,0.191611,0.287315
-0.070304,0.190416,0.285917
-0.072466,0.189075,0.286465
-0.073937,0.190978,0.287071
-0.075675,0.189297,0.286282
-0.075712,0.191992,0.285628
-0.076834,0.192442,0.286602
-0.078814,0.189608,0.286992
-0.077489,0.190840,0.286938
-0.079656,0.189883,0.286762
-0.082451,0.191335,0.286757
-0.080243,0.190619,0.287362
-0.083001,0.189214,0.287414
-0.081839,0.186674,0.287220
-0.083752,0.189271,0.286434
-0.086652,0.189138,0.285303
-0.084852,0.188675,0.285455
-0.088024,0.187517,0.287170
-0.089838,0.188092,0.285916
-0.090094,0.190810,0.287453
-0.090866,0.189467,0.286582
-0.091753,0.191092,0.285818
-0.092644,0.187900,0.285771
-0.093605,0.189763,0.287358
-0.093702,0.189886,0.288660
-0.094490,0.187726,0.285305
-0.096059,0.190501,0.285967
-0.097271,0.189322,0.284104
-0.098532,0.191364,0.285553
-0.100823,0.189192,0.285795
-0.101054,0.191432,0.286625
-0.102119,0.190901,0.284691
-0.103161,0.188512,0.285276
-0.102739,0.189311,0.287377
-0.106062,0.189101,0.287621
-0.107435,0.190734,0.286667
-0.107124,0.191418,0.286208
-0.109088,0.189697,0.288545
-0.109085,0.190795,0.287351
-0.110760,0.188560,0.286870
-0.111348,0.191519,0.285597
-0.112496,0.189395,0.286239
-0.113546,0.189828,0.286148
-0.112599,0.188972,0.286680
-0.114641,0.191136,0.288586
-0.116582,0.192103,0.287191
-0.117442,0.189966,0.288583
-0.120065,0.190096,0.287125
-0.118482,0.190884,0.286430
-0.120820,0.190719,0.286953
-0.122052,0.190586,0.288729
-0.121648,0.191323,0.286696
-0.124747,0.188856,0.287164
-0.125818,0.187514,0.283754
-0.126774,0.185817,0.280977
-0.126121,0.181993,0.279019
-0.127868,0.180127,0.278055
-0.129407,0.177271,0.273385
-0.131499,0.174356,0.272098
-0.130152,0.171082,0.271441
-0.133705,0.167344,0.268803
-0.132136,0.166137,0.265724
-0.136019,0.161201,0.263474
-0.134469,0.161776,0.262432
-0.137327,0.157836,0.260824
-0.138496,0.156244,0.256998
-0.139188,0.153516,0.256566
-0.140566,0.150185,0.255821
-0.141531,0.149477,0.252933
-0.142408,0.144574,0.249962
-0.144425,0.142292,0.246705
-0.144178,0.137223,0.241232
-0.146169,0.131242,0.237273
-0.146537,0.129250,0.233819
-0.148696,0.124262,0.233522
-0.150755,0.121670,0.228646
-0.150779,0.117883,0.226885
0.154442,0.142710,0.248813
0.152331,0.143859,0.249712
0.152655,0.146730,0.248525
0.150186,0.142839,0.249763
0.150387,0.145276,0.250444
0.147850,0.144584,0.252160
0.148262,0.147257,0.250033
0.147247,0.145494,0.249157
0.145037,0.145645,0.250008
0.142297,0.146299,0.251094
0.143065,0.145841,0.249866
0.142767,0.147325,0.252486
0.141779,0.145818,0.251207
0.140611,0.146471,0.253537
0.137477,0.147875,0.253501
0.138384,0.146904,0.253136
0.137991,0.147910,0.253061
0.137664,0.147014,0.253859
0.135279,0.146778,0.253363
0.132807,0.147549,0.253056
0.130729,0.148009,0.252155
0.129401,0.148116,0.251706
0.129845,0.150845,0.255387
0.128135,0.147989,0.252311
0.127843,0.148320,0.253504
0.128493,0.150290,0.252618
0.125688,0.147918,0.253944
0.122939,0.149978,0.254933
0.123511,0.150494,0.255174
0.124176,0.148513,0.254224
0.121207,0.151722,0.256726
0.119695,0.153199,0.254620
0.120367,0.152915,0.255787
0.118087,0.151248,0.256286
0.116504,0.152309,0.258183
0.116477,0.151876,0.256957
0.113634,0.156321,0.259341
0.113786,0.153051,0.258425
0.112347,0.154133,0.258738
0.111232,0.155451,0.259012
0.108759,0.155599,0.260514
0.109645,0.155026,0.257951
0.110033,0.156459,0.259605
0.105785,0.158665,0.260612
0.105700,0.157785,0.259277
0.104830,0.157341,0.259572
0.104404,0.158020,0.261335
0.102928,0.156387,0.260783
0.100302,0.157614,0.260879
0.099387,0.157768,0.261689
0.098979,0.158850,0.262797
0.098262,0.159470,0.263768
0.097715,0.157566,0.264074
0.096919,0.160702,0.261640
0.095381,0.161443,0.262418
0.093673,0.160557,0.265527
0.092921,0.161075,0.264667
0.092122,0.160560,0.265453
0.089847,0.163173,0.263860
0.089447,0.163110,0.267294
0.087294,0.165589,0.267843
0.088956,0.165002,0.268297
0.085700,0.167942,0.269716
0.084849,0.168542,0.269760
0.084763,0.168606,0.270812
0.081926,0.171159,0.271042
0.077774,0.201772,0.299967
0.076831,0.203140,0.299503
0.075738,0.204352,0.302440
0.076065,0.203764,0.299975
0.073491,0.203093,0.299834
0.074825,0.205139,0.301604
0.070282,0.204935,0.300262
0.069898,0.206842,0.301127
0.069658,0.207449,0.300665
0.068100,0.205924,0.301391
0.068631,0.206749,0.301734
0.065843,0.208023,0.301239
0.065448,0.207859,0.303335
0.063775,0.208574,0.304227
0.063906,0.208221,0.303168
0.062790,0.207999,0.302543
0.060763,0.208391,0.304278
0.062023,0.209980,0.302581
0.058710,0.209913,0.303023
0.056355,0.210571,0.303571
0.056438,0.208583,0.305797
0.055446,0.211367,0.304711
0.055622,0.211080,0.307636
0.053651,0.209837,0.304754
0.050957,0.211626,0.304993
0.053186,0.210185,0.305142
0.050917,0.210635,0.308019
0.049449,0.212992,0.306388
0.047864,0.213238,0.306733
0.049423,0.214179,0.304677
0.045957,0.212033,0.306514
0.044819,0.213836,0.307457
0.044241,0.213680,0.308363
0.043112,0.214866,0.308227
0.043207,0.214365,0.310077
0.041556,0.216145,0.309201
0.039694,0.216038,0.308680
0.039899,0.215444,0.309874
0.037950,0.216774,0.309610
0.037261,0.217919,0.309738
0.037281,0.216918,0.311531
0.034792,0.215873,0.311233
0.033781,0.217101,0.311880
0.032663,0.217239,0.310773
0.032022,0.217430,0.312698
0.030918,0.219072,0.308700
0.028946,0.218633,0.310300
0.028171,0.218381,0.311723
0.029904,0.218113,0.311390
0.027252,0.218306,0.313044
0.024817,0.218448,0.310809
0.025573,0.219960,0.311880
0.025020,0.218807,0.312485
0.022726,0.219903,0.313799
0.021676,0.221157,0.314073
0.019248,0.220578,0.311972
0.019811,0.221012,0.314634
0.018654,0.222450,0.315126
0.018942,0.219525,0.314847
0.016403,0.222090,0.310551
0.015643,0.220109,0.312969
0.016212,0.220273,0.312215
0.015593,0.218316,0.311139
0.013148,0.218164,0.310200
0.011930,0.218450,0.309880
0.010861,0.216887,0.308956
0.009340,0.214416,0.311101
0.008556,0.214173,0.309499
0.009520,0.215035,0.308760
0.007054,0.213857,0.307716
0.006386,0.214782,0.306924
0.006267,0.211035,0.306058
0.003692,0.211473,0.304286
0.002873,0.211690,0.305035
0.003128,0.209746,0.305122
0.000383,0.210163,0.303541
-0.000359,0.206580,0.302218
0.000418,0.206162,0.301516
-0.001787,0.206468,0.300423
-0.001300,0.202353,0.297857
-0.001938,0.202132,0.297273
-0.004445,0.200995,0.299393
-0.005982,0.202829,0.296875
-0.006701,0.200399,0.297864
-0.006161,0.199216,0.295880
-0.008354,0.197258,0.293473
-0.011088,0.199176,0.293674
-0.011133,0.196846,0.294015
-0.011136,0.198003,0.291698
-0.011085,0.196521,0.293767
-0.013308,0.194969,0.293409
-0.012571,0.195235,0.291842
-0.016177,0.195601,0.293414
-0.017573,0.192658,0.293179
-0.016864,0.193450,0.289620
-0.019166,0.193895,0.289652
-0.018760,0.193559,0.291031
-0.019824,0.193796,0.291771
-0.023328,0.193792,0.289315
-0.021286,0.192397,0.291606
-0.024461,0.193873,0.290510
-0.025644,0.192308,0.290759
-0.024370,0.192229,0.290018
-0.026630,0.191017,0.290022
-0.026743,0.191561,0.288252
-0.028809,0.193532,0.289196
-0.028947,0.192877,0.287877
-0.027939,0.193036,0.288443
-0.032390,0.192285,0.290600
-0.032361,0.191269,0.288976
-0.033122,0.190377,0.287776
-0.034583,0.190615,0.289371
-0.034424,0.189441,0.288425
-0.035251,0.191054,0.288723
-0.036272,0.190512,0.289699
-0.038089,0.188188,0.290053
-0.039608,0.190028,0.290569
-0.041385,0.189240,0.290272
-0.040621,0.190048,0.288924
-0.042170,0.192264,0.288155
-0.044809,0.191378,0.288758
-0.044407,0.190451,0.289849
-0.045580,0.191877,0.289805
-0.045011,0.192787,0.290435
-0.048013,0.189216,0.289316
-0.048788,0.191808,0.289608
-0.050659,0.191168,0.288348
-0.049712,0.191091,0.289136
-0.050856,0.190939,0.287345
-0.051706,0.189693,0.286688
-0.055159,0.190430,0.287735
-0.055296,0.189450,0.287702
-0.057056,0.190333,0.287316
-0.057475,0.190595,0.288489
-0.057122,0.189638,0.287341
-0.059931,0.190661,0.287332
-0.060761,0.190750,0.287125
-0.060526,0.189570,0.288253
-0.062979,0.190071,0.288718
-0.062070,0.189492,0.287887
-0.063868,0.189741,0.288529
-0.063164,0.189104,0.289062
-0.065383,0.188792,0.286407
-0.066687,0.189196,0.287241
-0.068606,0.188523,0.287722
-0.070437,0.190522,0.286534
-0.070837,0.188591,0.285293
-0.072515,0.190007,0.286385
-0.071634,0.188983,0.288132
-0.074301,0.188478,0.287239
-0.074094,0.188102,0.286367
-0.077120,0.188569,0.287671
-0.075505,0.187436,0.287052
-0.077955,0.188134,0.286706
-0.079160,0.189285,0.287467
-0.077704,0.189357,0.284658
-0.081286,0.188159,0.284651
-0.081221,0.189058,0.286650
-0.084238,0.188992,0.285647
-0.083491,0.186837,0.284467
-0.085369,0.187660,0.284655
-0.084691,0.188336,0.286834
-0.087538,0.187628,0.286065
-0.087678,0.186948,0.286085
-0.090505,0.189249,0.288151
-0.089191,0.187632,0.285429
-0.091096,0.187436,0.284911
-0.093153,0.187631,0.286315
-0.094502,0.189761,0.286281
-0.095803,0.185702,0.285569
-0.094551,0.188188,0.287321
-0.096403,0.188778,0.286005
-0.097631,0.189519,0.287024
-0.098070,0.188203,0.286759
-0.099353,0.187325,0.285693
-0.099304,0.187248,0.286461
-0.101106,0.188583,0.284815
-0.102469,0.188697,0.285666
-0.104138,0.188525,0.286901
-0.101622,0.185683,0.288318
-0.105403,0.188500,0.285185
-0.107270,0.189189,0.286235
-0.107153,0.188344,0.286526
-0.108481,0.187296,0.289144
-0.109742,0.187783,0.286360
-0.110463,0.190131,0.286391
-0.111582,0.189695,0.286220
-0.112495,0.189634,0.287209
-0.111938,0.188593,0.286218
-0.113616,0.189049,0.288044
-0.115438,0.188198,0.287006
-0.117392,0.190069,0.287202
-0.117926,0.190631,0.286954
-0.118455,0.189440,0.286949
-0.118680,0.189092,0.286301
-0.120092,0.190056,0.287195
-0.122348,0.189147,0.290272
-0.123005,0.188442,0.285591
-0.123644,0.189627,0.287845
-0.125019,0.187556,0.285423
-0.125736,0.183944,0.283017
-0.128681,0.182779,0.280885
-0.130266,0.179814,0.278701
-0.127869,0.177150,0.276811
-0.130176,0.174146,0.276315
-0.132773,0.169896,0.272927
-0.132017,0.169806,0.270255
-0.133682,0.165791,0.267449
-0.134008,0.164386,0.268617
-0.134256,0.160016,0.265331
-0.135484,0.157913,0.261475
-0.138038,0.154716,0.258353
-0.138570,0.152458,0.257077
-0.140345,0.150793,0.256062
-0.142469,0.149386,0.252930
-0.141947,0.145625,0.250387
-0.142485,0.139020,0.246468
-0.146665,0.133225,0.241055
-0.147682,0.129829,0.238367
-0.148019,0.126916,0.234876
-0.148425,0.121910,0.231390
-0.148722,0.120839,0.228892
-0.152029,0.115480,0.226068
0.155663,0.142308,0.249050
0.151820,0.142458,0.250099
0.152520,0.143153,0.251642
0.150128,0.143213,0.250926
0.150262,0.142895,0.250565
0.149895,0.144150,0.248848
0.146734,0.143287,0.251791
0.148656,0.143865,0.250908
0.144687,0.143867,0.253254
0.143170,0.144251,0.253118
0.144922,0.145610,0.252854
0.143123,0.144811,0.252653
0.141683,0.146009,0.251807
0.140581,0.146156,0.252549
0.136281,0.145071,0.251523
0.136205,0.145440,0.251711
0.137067,0.146157,0.252166
0.135183,0.144233,0.253944
0.133475,0.145988,0.253147
0.133510,0.146663,0.252356
0.131705,0.146868,0.251990
0.131467,0.146010,0.255375
0.131653,0.145932,0.253963
0.129051,0.147956,0.255582
0.128403,0.148171,0.255336
0.126599,0.147062,0.253612
0.126688,0.150113,0.254627
0.123995,0.149746,0.256726
0.122593,0.150546,0.254407
0.122842,0.148858,0.257252
0.121455,0.148489,0.256678
0.120875,0.152846,0.256769
0.118626,0.150453,0.255773
0.118865,0.150792,0.260044
0.116657,0.151080,0.258026
0.116757,0.152310,0.257131
0.116635,0.153152,0.258265
0.113619,0.151183,0.258134
0.111449,0.152832,0.258276
0.110833,0.152931,0.259947
0.109646,0.153654,0.261049
0.108050,0.152964,0.259441
0.109604,0.153471,0.262373
0.105293,0.156043,0.259794
0.105543,0.155684,0.260704
0.105220,0.156677,0.262958
0.102189,0.158637,0.262247
0.101950,0.156732,0.261350
0.100764,0.156149,0.261662
0.098422,0.156685,0.263233
0.099037,0.156722,0.261237
0.096715,0.158590,0.264138
0.095359,0.158018,0.263375
0.096370,0.159422,0.265506
0.095801,0.158695,0.265433
0.092929,0.160774,0.263520
0.093117,0.162120,0.264056
0.091444,0.162937,0.266764
0.089649,0.163720,0.266258
0.088688,0.164223,0.266786
0.087522,0.162024,0.267619
0.087824,0.164782,0.268293
0.084875,0.164799,0.268616
0.085416,0.166910,0.268733
0.083312,0.169880,0.270680
0.084144,0.168746,0.272905
0.082408,0.171633,0.274005
0.076524,0.203596,0.302920
0.075493,0.204120,0.301932
0.074892,0.203984,0.302339
0.073029,0.203173,0.302358
0.072517,0.204440,0.302573
0.072936,0.205733,0.302258
0.071075,0.205951,0.302752
0.070398,0.205823,0.301811
0.068455,0.204311,0.302452
0.067288,0.204117,0.302748
0.066266,0.208165,0.301832
0.065934,0.208538,0.302556
0.062706,0.206066,0.303865
0.062613,0.208140,0.303572
0.060306,0.206763,0.304710
0.060964,0.209106,0.302982
0.061014,0.207971,0.306861
0.058258,0.209587,0.303137
0.057452,0.210066,0.304587
0.057569,0.210125,0.305279
0.056102,0.210838,0.306232
0.055154,0.211044,0.307477
0.054388,0.208674,0.305579
0.052575,0.211221,0.306778
0.052623,0.212866,0.307122
0.052123,0.210167,0.308476
0.050898,0.211822,0.307743
0.051486,0.210856,0.308595
0.046444,0.213502,0.307002
0.047297,0.212430,0.307618
0.044696,0.211826,0.309732
0.045191,0.213113,0.308236
0.043273,0.214266,0.309572
0.043484,0.213821,0.309449
0.042201,0.215517,0.310065
0.039326,0.212754,0.309829
0.039923,0.216729,0.310653
0.039268,0.215420,0.309681
0.037418,0.214986,0.310774
0.035311,0.214888,0.310434
0.034982,0.214749,0.313214
0.033759,0.216752,0.311006
0.031407,0.216833,0.312036
0.033178,0.216298,0.310933
0.031176,0.216276,0.311273
0.030379,0.218064,0.312908
0.027442,0.217753,0.312426
0.027996,0.216460,0.311856
0.027237,0.216566,0.314532
0.026405,0.218115,0.314182
0.024732,0.217583,0.313278
0.025176,0.222078,0.313693
0.022110,0.217694,0.312490
0.023264,0.221701,0.314866
0.020915,0.219659,0.314159
0.022338,0.218674,0.316018
0.018231,0.221449,0.315557
0.016962,0.218579,0.315541
0.016410,0.219313,0.313501
0.017607,0.217029,0.312197
0.015513,0.216451,0.310719
0.013222,0.216700,0.311881
0.013386,0.215704,0.310891
0.010385,0.215089,0.309549
0.010416,0.213724,0.311983
0.010601,0.213281,0.309682
0.008062,0.214066,0.311114
0.008027,0.212669,0.307303
0.005761,0.212129,0.307638
0.007170,0.212318,0.307161
0.006418,0.210301,0.304941
0.004901,0.208584,0.305780
0.003675,0.209646,0.306351
0.002557,0.206229,0.304246
0.001903,0.207216,0.299928
0.001445,0.204870,0.302448
-0.000631,0.204153,0.300053
-0.000291,0.204246,0.303112
-0.003635,0.202276,0.300285
-0.002582,0.200407,0.298773
-0.004434,0.199028,0.295333
-0.005111,0.199639,0.298271
-0.005236,0.198969,0.295470
-0.006192,0.198234,0.296974
-0.007255,0.195641,0.293118
-0.008325,0.194831,0.294565
-0.009343,0.195788,0.294628
-0.009903,0.194474,0.292547
-0.011898,0.193503,0.293434
-0.012994,0.196009,0.292257
-0.015023,0.193349,0.292265
-0.017490,0.191956,0.292043
-0.016610,0.194022,0.290970
-0.016791,0.193514,0.291271
-0.016481,0.193761,0.292603
-0.019148,0.192663,0.292460
-0.019556,0.191458,0.291099
-0.020260,0.192958,0.291606
-0.023326,0.190812,0.290459
-0.021878,0.191393,0.290864
-0.025122,0.190886,0.289835
-0.025181,0.191035,0.291552
-0.024737,0.190817,0.292099
-0.027313,0.190426,0.291867
-0.027560,0.191342,0.291984
-0.028947,0.192657,0.290743
-0.030440,0.190086,0.290934
-0.031236,0.190841,0.289915
-0.031607,0.190895,0.289894
-0.033460,0.192204,0.288749
-0.036441,0.190124,0.287969
-0.034548,0.189630,0.290511
-0.036640,0.187943,0.290073
-0.038360,0.190882,0.289778
-0.038310,0.188783,0.290057
-0.039855,0.189733,0.288786
-0.039510,0.190161,0.288804
-0.040517,0.189785,0.288741
-0.042352,0.189921,0.288644
-0.044971,0.189413,0.290660
-0.044070,0.189113,0.289807
-0.045232,0.189513,0.288944
-0.045123,0.188601,0.290413
-0.046613,0.188718,0.289782
-0.049155,0.191476,0.289114
-0.050019,0.189520,0.289902
-0.051414,0.189153,0.290557
-0.050824,0.190191,0.287858
-0.052694,0.189962,0.287411
-0.054470,0.190902,0.287273
-0.056213,0.190097,0.288608
-0.056654,0.188935,0.289796
-0.054723,0.189400,0.289680
-0.056831,0.189348,0.288222
-0.058315,0.188600,0.289138
-0.058920,0.188950,0.286808
-0.061257,0.188712,0.287663
-0.063981,0.190127,0.288143
-0.062247,0.186805,0.285625
-0.065509,0.188498,0.288678
-0.066311,0.189839,0.287007
-0.066636,0.189033,0.288977
-0.069250,0.186806,0.288725
-0.068066,0.187910,0.286937
-0.069802,0.187855,0.288037
-0.069411,0.187934,0.288459
-0.069052,0.188764,0.286267
-0.072906,0.186256,0.286979
-0.074576,0.188462,0.286775
-0.074742,0.187217,0.286386
-0.076095,0.188369,0.286658
-0.075947,0.187733,0.286693
-0.079045,0.187253,0.286529
-0.077935,0.188173,0.286548
-0.080089,0.186836,0.286261
-0.079829,0.186602,0.289183
-0.081005,0.186939,0.286860
-0.082292,0.186119,0.288368
-0.083079,0.186499,0.286862
-0.084824,0.188174,0.286301
-0.085191,0.185824,0.287555
-0.088116,0.185962,0.287923
-0.087403,0.186443,0.286731
-0.089873,0.185800,0.285477
-0.089848,0.186074,0.287318
-0.091651,0.188354,0.285812
-0.090972,0.186640,0.285848
-0.092669,0.186310,0.286829
-0.093165,0.185489,0.287650
-0.096252,0.184364,0.287876
-0.095743,0.186520,0.286835
-0.095266,0.185328,0.287685
-0.097669,0.186981,0.286333
-0.099178,0.185171,0.286720
-0.100496,0.185606,0.287281
-0.100693,0.185526,0.285913
-0.101518,0.187141,0.285949
-0.102782,0.187938,0.286334
-0.105206,0.186835,0.287212
-0.105254,0.186477,0.286646
-0.105310,0.186863,0.287448
-0.106413,0.185824,0.286205
-0.108968,0.186838,0.288339
-0.109976,0.185956,0.285493
-0.110149,0.186158,0.288484
-0.114352,0.187038,0.287008
-0.111898,0.184906,0.286831
-0.113373,0.187079,0.286369
-0.114668,0.186793,0.288267
-0.115279,0.188813,0.288230
-0.115689,0.187478,0.285935
-0.118547,0.186226,0.288194
-0.119413,0.185813,0.286750
-0.119739,0.186524,0.288190
-0.121008,0.186832,0.286556
-0.121511,0.186959,0.287037
-0.122695,0.187180,0.287630
-0.124715,0.187319,0.286305
-0.124717,0.185838,0.286446
-0.126142,0.183101,0.283084
-0.126662,0.181040,0.283555
-0.129047,0.177760,0.278818
-0.128580,0.175891,0.277748
-0.130529,0.172708,0.277504
-0.129920,0.170645,0.272384
-0.131803,0.167245,0.272414
-0.133049,0.165941,0.270228
-0.135049,0.164171,0.266580
-0.135875,0.160288,0.265030
-0.135220,0.157206,0.263887
-0.138406,0.154931,0.259823
-0.138983,0.153682,0.258494
-0.139203,0.149336,0.255816
-0.142198,0.146671,0.251951
-0.142824,0.145746,0.251268
-0.144186,0.137324,0.246091
-0.144245,0.131059,0.241097
-0.146672,0.128945,0.238802
-0.147536,0.124364,0.235165
-0.149246,0.120047,0.231888
-0.149389,0.116994,0.230812
-0.150058,0.113806,0.226744
-0.152714,0.109060,0.222182
0.154653,0.138506,0.250790
0.154354,0.143120,0.249646
0.153361,0.143302,0.250806
0.149727,0.143234,0.252268
0.149669,0.141772,0.249631
0.150235,0.141770,0.251612
0.147260,0.143445,0.250787
0.145030,0.143084,0.250982
0.145442,0.143004,0.251844
0.144701,0.143267,0.252443
0.144903,0.140800,0.253981
0.142771,0.142873,0.252371
0.141671,0.143465,0.254245
0.140972,0.143675,0.253712
0.139257,0.142170,0.252519
0.135095,0.144307,0.253167
0.138040,0.145236,0.253389
0.136208,0.144138,0.254682
0.136198,0.143837,0.254060
0.132959,0.144604,0.252384
0.131061,0.145723,0.252515
0.131344,0.145200,0.252715
0.129740,0.146818,0.253078
0.127665,0.145774,0.253895
0.126949,0.145481,0.256330
0.125709,0.146975,0.254410
0.127340,0.148019,0.254640
0.124213,0.147752,0.253287
0.124547,0.148957,0.255290
0.122453,0.147633,0.254537
0.120380,0.148977,0.255737
0.119422,0.148225,0.256895
0.119470,0.148146,0.258012
0.119406,0.149375,0.258246
0.114580,0.148867,0.256832
0.115993,0.151275,0.258404
0.113941,0.149766,0.257135
0.112283,0.150622,0.258264
0.112753,0.151656,0.259609
0.113372,0.152050,0.258770
0.110136,0.152337,0.261069
0.107259,0.152124,0.260167
0.108993,0.153014,0.260986
0.107277,0.152909,0.261824
0.107847,0.155564,0.261123
0.104010,0.155374,0.261847
0.104649,0.156463,0.264709
0.101582,0.156983,0.261682
0.100817,0.156909,0.262291
0.099685,0.156392,0.263995
0.098239,0.156245,0.262401
0.099162,0.158813,0.263937
0.099005,0.158123,0.265182
0.094896,0.157200,0.262197
0.095064,0.157684,0.264392
0.093410,0.158858,0.267189
0.093483,0.158542,0.266674
0.091128,0.159881,0.266875
0.091275,0.159590,0.267104
0.090167,0.162449,0.266993
0.089696,0.161803,0.267817
0.086266,0.164224,0.267026
0.084808,0.162898,0.269798
0.085032,0.164943,0.268750
0.085617,0.163948,0.269776
0.082000,0.167576,0.272482
0.082106,0.168339,0.273865
0.081469,0.171826,0.273104
0.075287,0.202659,0.302125
0.075677,0.204063,0.301284
0.073603,0.206684,0.302209
0.073390,0.203676,0.303069
0.070929,0.205315,0.305125
0.071099,0.203856,0.304039
0.071201,0.205899,0.304709
0.069166,0.207656,0.306705
0.066967,0.206704,0.303497
0.066864,0.206718,0.304775
0.066254,0.206642,0.307276
0.064351,0.207526,0.305665
0.063259,0.208639,0.305475
0.062965,0.209175,0.304869
0.061790,0.208146,0.305581
0.062151,0.207412,0.307087
0.060292,0.208819,0.306861
0.057718,0.208338,0.305820
0.058471,0.208605,0.306907
0.057182,0.209328,0.307984
0.056196,0.208635,0.308061
0.053570,0.209792,0.306869
0.053419,0.210235,0.309425
0.052180,0.211382,0.307027
0.051003,0.211000,0.309257
0.050266,0.211220,0.309326
0.050185,0.210771,0.307103
0.046710,0.213465,0.309818
0.047546,0.211746,0.310626
0.046525,0.213836,0.310632
0.045032,0.212500,0.309243
0.042618,0.212777,0.310768
0.043804,0.213428,0.310221
0.041359,0.214933,0.312304
0.040776,0.216280,0.311130
0.039512,0.213377,0.311173
0.037837,0.214251,0.312376
0.038100,0.216916,0.309927
0.035842,0.214957,0.312611
0.034268,0.216106,0.311149
0.035099,0.217119,0.312877
0.034836,0.217778,0.311900
0.031887,0.218208,0.314119
0.029096,0.215039,0.313583
0.029896,0.217589,0.312620
0.028500,0.218403,0.315398
0.028422,0.217001,0.312786
0.025084,0.216694,0.315512
0.025779,0.217431,0.313530
0.025887,0.217390,0.313666
0.023448,0.217806,0.313679
0.022619,0.217425,0.315406
0.020886,0.218719,0.315219
0.018365,0.220371,0.316577
0.020458,0.220501,0.313563
0.019681,0.217877,0.315403
0.018544,0.217871,0.312754
0.016736,0.216111,0.314700
0.015408,0.215148,0.312488
0.014191,0.214266,0.312611
0.013949,0.213761,0.311511
0.011221,0.213772,0.311817
0.013500,0.213296,0.308753
0.012147,0.213215,0.312049
0.009139,0.211423,0.308345
0.010577,0.212287,0.308025
0.007784,0.210965,0.307403
0.008012,0.210335,0.307426
0.006051,0.209504,0.308338
0.005744,0.208178,0.305672
0.003824,0.208051,0.304578
0.003357,0.205583,0.305129
0.002390,0.206069,0.304275
0.001673,0.205782,0.304995
0.001932,0.204236,0.302787
-0.001850,0.201201,0.300333
-0.001262,0.201391,0.298975
-0.002431,0.200366,0.297804
-0.004496,0.200411,0.297817
-0.005671,0.198711,0.297476
-0.005566,0.198112,0.296035
-0.004372,0.197690,0.297528
-0.009530,0.195770,0.295174
-0.009810,0.195820,0.294427
-0.009707,0.195905,0.293755
-0.009666,0.193695,0.294293
-0.010109,0.194256,0.294856
-0.012115,0.192708,0.293256
-0.014414,0.193261,0.295378
-0.014765,0.193164,0.294896
-0.012240,0.192254,0.293261
-0.014985,0.192571,0.293617
-0.017825,0.189283,0.292841
-0.018437,0.189368,0.290951
-0.019401,0.190144,0.291325
-0.020692,0.191719,0.291043
-0.020978,0.190695,0.290001
-0.023963,0.189005,0.292646
-0.021488,0.192358,0.289186
-0.024441,0.189651,0.292430
-0.024771,0.187034,0.290556
-0.027081,0.189700,0.292026
-0.028071,0.190609,0.291583
-0.028457,0.190036,0.290445
-0.029789,0.192404,0.291316
-0.029013,0.190002,0.292286
-0.031906,0.188288,0.290264
-0.031858,0.189706,0.290752
-0.032337,0.190788,0.292240
-0.035583,0.189051,0.289181
-0.036156,0.188478,0.291309
-0.038138,0.189985,0.291033
-0.037803,0.188432,0.290932
-0.038779,0.189909,0.290295
-0.038178,0.187590,0.289000
-0.040608,0.188565,0.289619
-0.041675,0.189615,0.290914
-0.043071,0.188820,0.290783
-0.044612,0.189616,0.290847
-0.046627,0.189497,0.289929
-0.046420,0.187398,0.292233
-0.046268,0.191086,0.288394
-0.046485,0.188977,0.289076
-0.049984,0.191689,0.290323
-0.049561,0.189769,0.289496
-0.050341,0.188324,0.289421
-0.051288,0.186043,0.290466
-0.054704,0.188550,0.290016
-0.055315,0.188519,0.288692
-0.053409,0.186901,0.288950
-0.055279,0.188796,0.289358
-0.055864,0.188170,0.288552
-0.057859,0.188312,0.289712
-0.058160,0.187092,0.288123
-0.059872,0.188930,0.289396
-0.060721,0.189183,0.287854
-0.060496,0.186916,0.289782
-0.065314,0.187773,0.289846
-0.063389,0.189024,0.288249
-0.065830,0.185462,0.288960
-0.067136,0.186650,0.288143
-0.068068,0.186352,0.288627
-0.067009,0.186701,0.288762
-0.067310,0.188061,0.289718
-0.067805,0.187105,0.287730
-0.070397,0.185874,0.288985
-0.072925,0.186273,0.288927
-0.073279,0.187003,0.286609
-0.073727,0.186000,0.287564
-0.076732,0.184864,0.286872
-0.076689,0.185890,0.286956
-0.076513,0.184872,0.287536
-0.077646,0.186484,0.286778
-0.079127,0.185525,0.288263
-0.080767,0.186366,0.288562
-0.081447,0.185352,0.286724
-0.081777,0.185028,0.285943
-0.084305,0.187033,0.287291
-0.084922,0.184842,0.286523
-0.085172,0.184427,0.285971
-0.084227,0.184619,0.286972
-0.088514,0.186245,0.287953
-0.088574,0.185374,0.287902
-0.090316,0.184187,0.286420
-0.091191,0.184393,0.285407
-0.090767,0.184047,0.286005
-0.092895,0.184038,0.286684
-0.092981,0.185489,0.286233
-0.093406,0.184812,0.288086
-0.095896,0.184565,0.285249
-0.097672,0.184615,0.286705
-0.097329,0.185630,0.288637
-0.098740,0.184213,0.287615
-0.100095,0.184818,0.288458
-0.099660,0.184727,0.284796
-0.101284,0.184577,0.287532
-0.102675,0.183607,0.286291
-0.102727,0.184925,0.286972
-0.106311,0.185074,0.286787
-0.105551,0.184788,0.285794
-0.106473,0.185457,0.286468
-0.107749,0.184956,0.286855
-0.108096,0.185736,0.287822
-0.109323,0.184624,0.287595
-0.111296,0.187240,0.287746
-0.111163,0.186448,0.286296
-0.113286,0.186681,0.286535
-0.112895,0.183051,0.285002
-0.115330,0.185343,0.288128
-0.116771,0.185781,0.287525
-0.117520,0.185859,0.286131
-0.120207,0.186090,0.288687
-0.121288,0.186112,0.289265
-0.122094,0.184684,0.289584
-0.122109,0.186778,0.287192
-0.121394,0.186393,0.287959
-0.123595,0.183386,0.286176
-0.124808,0.186958,0.286817
-0.123560,0.183047,0.285128
-0.125732,0.181144,0.283093
-0.129774,0.178006,0.281853
-0.127448,0.176030,0.278475
-0.129830,0.172782,0.277235
-0.130169,0.170942,0.274878
-0.132934,0.167642,0.273217
-0.133469,0.164998,0.268488
-0.134880,0.164091,0.268040
-0.135218,0.160109,0.265667
-0.135523,0.158173,0.263654
-0.138036,0.155321,0.261301
-0.138313,0.150765,0.261814
-0.139381,0.150840,0.256284
-0.141147,0.147819,0.255755
-0.144266,0.144534,0.252917
-0.144937,0.134578,0.244981
-0.145532,0.129983,0.241649
-0.148129,0.126566,0.237623
-0.146256,0.124160,0.235133
-0.150168,0.120392,0.232372
-0.149001,0.116611,0.229765
-0.150453,0.113828,0.226398
-0.149244,0.108297,0.224556
0.152365,0.139352,0.250449
0.152132,0.139877,0.252168
0.151738,0.141241,0.250265
0.151556,0.140660,0.253523
0.148423,0.139251,0.252221
0.148092,0.140993,0.252691
0.148634,0.138551,0.253309
0.147369,0.139710,0.254089
0.145284,0.141723,0.251147
0.144294,0.140656,0.251113
0.143192,0.142484,0.253063
0.140577,0.141280,0.253086
0.139452,0.140429,0.251319
0.139170,0.143112,0.252628
0.137061,0.144793,0.252336
0.138024,0.141758,0.254143
0.136568,0.142842,0.255533
0.134457,0.143631,0.255978
0.133838,0.143417,0.252870
0.133551,0.144221,0.255511
0.129566,0.143915,0.255745
0.130971,0.146018,0.252404
0.130077,0.143013,0.255779
0.129306,0.145192,0.255121
0.126434,0.146703,0.254533
0.123640,0.144380,0.255984
0.125780,0.147423,0.256500
0.123781,0.145529,0.257232
0.123550,0.148528,0.256563
0.119536,0.148000,0.256097
0.122151,0.148669,0.258089
0.118116,0.147761,0.259473
0.120164,0.146986,0.258302
0.115927,0.150117,0.258522
0.116171,0.148479,0.259987
0.114748,0.149157,0.259758
0.113704,0.150510,0.259179
0.112834,0.150654,0.260213
0.112555,0.149802,0.260378
0.110468,0.149318,0.261331
0.109399,0.151386,0.259439
0.106532,0.151134,0.263031
0.106819,0.151510,0.260808
0.106616,0.152071,0.261845
0.103439,0.154101,0.261336
0.104975,0.153899,0.264749
0.103333,0.155829,0.261690
0.102208,0.155250,0.262232
0.100120,0.156566,0.263356
0.100067,0.154623,0.265633
0.098877,0.157063,0.264456
0.098021,0.156516,0.262783
0.096934,0.157182,0.265741
0.095040,0.156803,0.267154
0.094505,0.158642,0.266692
0.093375,0.157024,0.267181
0.091591,0.159478,0.267065
0.091213,0.159938,0.267367
0.089302,0.160651,0.266417
0.090311,0.161707,0.267046
0.087862,0.163215,0.268297
0.087013,0.163280,0.270991
0.085249,0.164829,0.269565
0.084099,0.162668,0.270870
0.081403,0.164600,0.271888
0.081309,0.164608,0.271232
0.079498,0.167699,0.273656
0.079398,0.168588,0.275949
0.074843,0.200484,0.301852
0.074497,0.203272,0.303556
0.072643,0.205294,0.303246
0.071597,0.205721,0.304665
0.069351,0.206370,0.305154
0.069242,0.205024,0.304798
0.068955,0.204994,0.303843
0.069700,0.203861,0.304867
0.065649,0.206994,0.306640
0.066199,0.204319,0.306123
0.064513,0.204835,0.305922
0.062953,0.209484,0.306335
0.061215,0.207586,0.306435
0.061743,0.207040,0.308381
0.059514,0.208532,0.308716
0.059513,0.208718,0.307370
0.056983,0.206625,0.307974
0.058320,0.208680,0.308504
0.055969,0.209975,0.308490
0.054999,0.208440,0.309453
0.055079,0.207761,0.308662
0.051754,0.210663,0.309695
0.051464,0.210209,0.309382
0.050937,0.210617,0.308413
0.050023,0.210072,0.310413
0.049033,0.210867,0.310120
0.049671,0.210684,0.312007
0.045861,0.211506,0.309503
0.044955,0.212519,0.311678
0.044807,0.211752,0.311729
0.042448,0.211858,0.310359
0.043081,0.214139,0.311829
0.041691,0.212189,0.311630
0.040852,0.212055,0.311515
0.039458,0.214279,0.312291
0.039287,0.216736,0.313464
0.037194,0.213864,0.313130
0.035704,0.214464,0.315112
0.036014,0.215450,0.312719
0.033482,0.215197,0.314799
0.032783,0.216018,0.315950
0.033131,0.214689,0.313647
0.031087,0.216294,0.314376
0.030183,0.215346,0.316768
0.029014,0.216168,0.316262
0.027953,0.216674,0.315167
0.028985,0.216087,0.315009
0.025186,0.217975,0.314581
0.024770,0.217609,0.315891
0.024824,0.218290,0.317048
0.022401,0.217432,0.316582
0.021777,0.216688,0.317039
0.019586,0.216386,0.315163
0.020013,0.217508,0.314097
0.017658,0.216291,0.313924
0.017439,0.214267,0.313812
0.015601,0.214736,0.313252
0.017188,0.213644,0.311984
0.014233,0.213882,0.312666
0.014805,0.213959,0.312535
0.012816,0.211559,0.309823
0.011738,0.210708,0.311595
0.010305,0.210014,0.309586
0.009213,0.210949,0.310865
0.008624,0.208694,0.307655
0.007631,0.209066,0.309042
0.006102,0.209685,0.306503
0.007004,0.208253,0.305826
0.004419,0.206742,0.306136
0.005320,0.207170,0.305636
0.003509,0.204979,0.304864
0.003149,0.203400,0.304252
0.002778,0.201480,0.303164
0.001586,0.202337,0.302727
-0.000223,0.200564,0.300728
-0.000939,0.198510,0.300566
-0.002069,0.198579,0.300598
-0.004586,0.197877,0.298582
-0.005303,0.197730,0.298659
-0.005115,0.196155,0.296916
-0.006633,0.193426,0.297392
-0.008369,0.195223,0.294547
-0.007416,0.193503,0.296836
-0.009631,0.193296,0.296226
-0.008997,0.191390,0.293516
-0.010305,0.192564,0.295738
-0.012830,0.191549,0.294446
-0.014022,0.190932,0.293924
-0.013884,0.190526,0.292936
-0.016432,0.191432,0.292151
-0.016182,0.189173,0.292174
-0.016011,0.191122,0.292062
-0.019544,0.188741,0.293632
-0.018996,0.188063,0.292660
-0.020477,0.188883,0.292905
-0.021479,0.189652,0.295117
-0.023360,0.188511,0.292119
-0.023944,0.187863,0.292110
-0.026070,0.190184,0.291905
-0.025550,0.189613,0.292450
-0.027284,0.190306,0.293224
-0.027189,0.188035,0.292678
-0.029661,0.187938,0.292989
-0.029376,0.189248,0.290600
-0.031676,0.188308,0.290828
-0.031357,0.188383,0.291569
-0.032871,0.189060,0.292517
-0.033644,0.188171,0.291851
-0.035998,0.188835,0.291375
-0.034249,0.188136,0.288448
-0.036889,0.188105,0.290172
-0.037191,0.188453,0.291766
-0.038813,0.188222,0.289102
-0.040111,0.188457,0.290294
-0.039184,0.187413,0.291673
-0.041774,0.188588,0.292750
-0.043872,0.190079,0.291613
-0.043289,0.190182,0.291766
-0.045190,0.187832,0.290267
-0.046726,0.185907,0.289079
-0.046130,0.188665,0.290978
-0.048917,0.188765,0.290528
-0.048740,0.184691,0.290860
-0.048780,0.187721,0.292190
-0.051177,0.186428,0.288102
-0.052605,0.186265,0.288999
-0.051616,0.187302,0.290544
-0.054297,0.186983,0.289500
-0.056094,0.187064,0.288226
-0.057324,0.186503,0.288354
-0.055569,0.186567,0.289795
-0.058531,0.186655,0.289859
-0.058533,0.186606,0.288035
-0.061040,0.187077,0.289361
-0.062256,0.188907,0.288312
-0.060815,0.186169,0.289867
-0.062546,0.186834,0.289445
-0.062706,0.187007,0.290541
-0.065252,0.186193,0.289150
-0.066089,0.185562,0.291037
-0.068277,0.185464,0.288168
-0.069581,0.185414,0.289829
-0.069790,0.186113,0.289516
-0.070167,0.184971,0.289224
-0.072975,0.186841,0.288448
-0.073820,0.182970,0.287865
-0.074741,0.186728,0.288150
-0.075887,0.186170,0.287736
-0.073838,0.185377,0.286981
-0.076409,0.185570,0.289455
-0.077651,0.183654,0.289454
-0.080119,0.184149,0.287783
-0.078595,0.184029,0.287772
-0.083915,0.183579,0.286806
-0.082218,0.184383,0.288297
-0.082084,0.184460,0.285603
-0.083915,0.184444,0.287257
-0.083928,0.182884,0.286791
-0.085340,0.182641,0.286628
-0.088657,0.183914,0.287331
-0.087337,0.182569,0.286408
-0.089239,0.182592,0.286905
-0.090905,0.182786,0.286515
-0.091047,0.181735,0.287365
-0.092511,0.183613,0.287811
-0.091161,0.182642,0.288009
-0.094787,0.182016,0.286498
-0.093982,0.183423,0.286588
-0.096096,0.182511,0.288014
-0.097527,0.184171,0.287535
-0.098774,0.184369,0.286854
-0.098524,0.182831,0.287391
-0.099608,0.183305,0.287186
-0.100344,0.185373,0.287722
-0.102948,0.183068,0.287062
-0.104326,0.181755,0.286346
-0.104365,0.182266,0.286399
-0.104727,0.183842,0.285184
-0.105014,0.182672,0.287890
-0.107195,0.183315,0.286095
-0.107872,0.182538,0.286993
-0.109539,0.183480,0.289223
-0.110832,0.182836,0.285393
-0.111888,0.181815,0.287110
-0.111521,0.181536,0.287236
-0.113945,0.183754,0.287286
-0.114982,0.184017,0.289445
-0.113952,0.183002,0.287616
-0.114511,0.182944,0.287141
-0.118990,0.184505,0.285944
-0.118322,0.182548,0.287132
-0.121775,0.182853,0.287470
-0.120476,0.183708,0.288998
-0.122244,0.184327,0.286861
-0.122401,0.182830,0.286301
-0.123696,0.184963,0.286508
-0.126463,0.182983,0.287109
-0.125112,0.183675,0.285868
-0.125480,0.178987,0.283714
-0.127905,0.178162,0.281992
-0.128474,0.174248,0.280100
-0.129886,0.173527,0.277869
-0.130807,0.169294,0.275423
-0.132282,0.167168,0.274311
-0.133261,0.162415,0.271091
-0.134230,0.160475,0.267481
-0.136761,0.159862,0.267984
-0.134610,0.156904,0.264835
-0.138797,0.155138,0.264398
-0.139122,0.152404,0.261496
-0.140161,0.149821,0.258139
-0.141533,0.145691,0.256536
-0.141112,0.141642,0.251514
-0.144680,0.132177,0.245809
-0.145393,0.126133,0.240375
-0.146439,0.124556,0.237915
-0.148070,0.121669,0.235317
-0.148692,0.118570,0.234198
-0.150182,0.115060,0.231450
-0.149568,0.112080,0.227169
-0.153596,0.104506,0.223119
0.154545,0.138271,0.251693
0.151307,0.137224,0.251346
0.151201,0.138590,0.250157
0.150512,0.139485,0.251954
0.149996,0.137530,0.253331
0.147469,0.136959,0.251618
0.147821,0.138806,0.253288
0.145610,0.140081,0.253347
0.146338,0.139587,0.253953
0.145480,0.139785,0.252796
0.143819,0.140942,0.254312
0.142882,0.142009,0.252841
0.140462,0.140174,0.254678
0.141187,0.140730,0.254258
0.134994,0.141388,0.253682
0.139348,0.140883,0.254239
0.134549,0.143104,0.254889
0.135773,0.141010,0.255697
0.134759,0.143883,0.256140
0.133098,0.143070,0.256701
0.130486,0.143984,0.255744
0.128535,0.143452,0.255343
0.129709,0.143529,0.258446
0.128194,0.143920,0.256040
0.127850,0.145389,0.255007
0.127019,0.143624,0.255494
0.124173,0.145681,0.257254
0.122844,0.144846,0.258510
0.123225,0.146890,0.258844
0.122112,0.144637,0.258836
0.122700,0.147682,0.259797
0.119070,0.147090,0.259767
0.117293,0.146232,0.258880
0.118848,0.146308,0.260121
0.116445,0.148971,0.259632
0.113954,0.148986,0.258726
0.113062,0.147326,0.261395
0.113379,0.149154,0.260768
0.112814,0.149018,0.259962
0.111562,0.150154,0.258947
0.110359,0.149204,0.262876
0.106887,0.150919,0.262010
0.107634,0.152145,0.262929
0.107399,0.150909,0.262131
0.104530,0.152260,0.262345
0.103972,0.150964,0.263113
0.102164,0.153407,0.263612
0.102619,0.153014,0.264540
0.101564,0.153011,0.265077
0.099766,0.152968,0.264761
0.098498,0.154683,0.265465
0.095252,0.154556,0.265161
0.095262,0.154569,0.266094
0.095954,0.155955,0.267079
0.093830,0.155713,0.266762
0.092854,0.157903,0.266136
0.092669,0.155832,0.267947
0.092371,0.157687,0.267608
0.089769,0.158666,0.269217
0.088008,0.159813,0.267871
0.087386,0.162086,0.270793
0.086983,0.160312,0.270978
0.086491,0.160542,0.270511
0.084410,0.165435,0.271333
0.083965,0.162825,0.271622
0.082172,0.167489,0.273903
0.080796,0.166581,0.275985
0.078971,0.166236,0.276419
0.079221,0.170364,0.277792
0.077215,0.170454,0.278063
0.075155,0.197324,0.301991
0.071874,0.204167,0.306355
0.070855,0.204693,0.304862
0.070135,0.204302,0.306568
0.069247,0.204608,0.307478
0.068944,0.205716,0.305834
0.067023,0.206283,0.306197
0.064405,0.205100,0.307486
0.064640,0.206848,0.306665
0.062289,0.205092,0.308049
0.062091,0.205613,0.308265
0.061368,0.206496,0.308372
0.059340,0.207945,0.308076
0.060291,0.208282,0.308813
0.058252,0.208906,0.309639
0.057161,0.207741,0.308033
0.054819,0.208512,0.309535
0.054957,0.210300,0.311009
0.053712,0.211149,0.309298
0.053037,0.211238,0.308189
0.051624,0.210942,0.311635
0.052347,0.210171,0.310214
0.047884,0.210844,0.311312
0.048667,0.210681,0.310126
0.047096,0.211376,0.311473
0.046480,0.210070,0.311700
0.044977,0.211114,0.312076
0.044434,0.212920,0.311659
0.042404,0.214130,0.312036
0.041164,0.212581,0.311728
0.041206,0.213958,0.311693
0.040650,0.213437,0.313996
0.039758,0.211670,0.312721
0.038418,0.213398,0.314790
0.036832,0.213338,0.314846
0.036287,0.215176,0.314280
0.032021,0.212749,0.314365
0.035009,0.214907,0.315252
0.031674,0.214952,0.313983
0.033133,0.216472,0.316547
0.030896,0.215510,0.315412
0.031218,0.216178,0.316432
0.029013,0.216631,0.317041
0.029329,0.216521,0.316064
0.027623,0.217554,0.317443
0.026916,0.218849,0.316852
0.025445,0.217265,0.318572
0.024417,0.215832,0.315989
0.024814,0.215842,0.315643
0.022116,0.215066,0.315931
0.021407,0.213145,0.315405
0.019930,0.214309,0.314893
0.019701,0.213452,0.311041
0.017103,0.213020,0.313101
0.016980,0.213045,0.311417
0.015717,0.212022,0.312741
0.014780,0.211566,0.310634
0.014468,0.210243,0.309317
0.013317,0.210901,0.308413
0.013294,0.207409,0.310388
0.009865,0.208509,0.310634
0.010491,0.208405,0.309685
0.008812,0.207577,0.309376
0.008878,0.205967,0.307976
0.005823,0.205932,0.306905
0.007687,0.206212,0.306392
0.005479,0.206150,0.305172
0.004268,0.202041,0.304286
0.003452,0.202832,0.305956
0.002715,0.201216,0.303426
0.002164,0.200072,0.303016
0.001623,0.199435,0.302553
0.001403,0.198575,0.301164
-0.002630,0.197090,0.300089
-0.001752,0.196416,0.297995
-0.001844,0.193012,0.298329
-0.004685,0.193737,0.298026
-0.007657,0.193335,0.296574
-0.004946,0.193897,0.297404
-0.007447,0.192814,0.297060
-0.008576,0.190951,0.294936
-0.010254,0.192193,0.293528
-0.009810,0.190320,0.295602
-0.012311,0.190856,0.295266
-0.012200,0.189502,0.293295
-0.013648,0.189846,0.294905
-0.014711,0.189781,0.291182
-0.015866,0.190304,0.292817
-0.015898,0.189430,0.294724
-0.017970,0.190161,0.293499
-0.019796,0.190486,0.294032
-0.020216,0.187777,0.293682
-0.021107,0.187458,0.293441
-0.022733,0.188031,0.293348
-0.021648,0.186807,0.292552
-0.023988,0.186341,0.292959
-0.023718,0.186885,0.291308
-0.025779,0.186782,0.292256
-0.025943,0.188916,0.292895
-0.027060,0.187787,0.291658
-0.027662,0.186546,0.292502
-0.031304,0.186605,0.292663
-0.030664,0.188067,0.291597
-0.030059,0.186030,0.292000
-0.033987,0.186884,0.291073
-0.034885,0.187344,0.290354
-0.036406,0.186194,0.291415
-0.036213,0.185481,0.292869
-0.035866,0.186287,0.291199
-0.038874,0.187517,0.288438
-0.036600,0.188104,0.292904
-0.039524,0.185924,0.290715
-0.041231,0.188885,0.292579
-0.044050,0.185316,0.291034
-0.043000,0.187675,0.290695
-0.043570,0.186317,0.290531
-0.044695,0.188358,0.290271
-0.044750,0.186946,0.291426
-0.047492,0.186666,0.293067
-0.046702,0.185490,0.291609
-0.047797,0.184997,0.291312
-0.048965,0.187446,0.290620
-0.051987,0.187677,0.289933
-0.052106,0.185714,0.291480
-0.052859,0.185840,0.289964
-0.054223,0.187068,0.288550
-0.054114,0.185869,0.289183
-0.058291,0.187581,0.290697
-0.056254,0.185757,0.289792
-0.057402,0.186367,0.289287
-0.058425,0.185777,0.290556
-0.060555,0.184159,0.289093
-0.060574,0.184994,0.288370
-0.062386,0.185013,0.290656
-0.063279,0.185095,0.288930
-0.065452,0.182922,0.289586
-0.065401,0.185050,0.288916
-0.066911,0.184292,0.289927
-0.065983,0.183418,0.289480
-0.067444,0.184116,0.289243
-0.069528,0.184671,0.288838
-0.070045,0.183699,0.288334
-0.071724,0.183464,0.287333
-0.071537,0.183221,0.289603
-0.073683,0.183526,0.288915
-0.075128,0.183831,0.288054
-0.074628,0.184379,0.289237
-0.075916,0.183867,0.288481
-0.079476,0.183427,0.287565
-0.077998,0.183018,0.286878
-0.079866,0.182169,0.288666
-0.081265,0.182119,0.287649
-0.081950,0.183543,0.286751
-0.081746,0.181298,0.287388
-0.084431,0.181071,0.287396
-0.084792,0.181157,0.287655
-0.084853,0.182750,0.286907
-0.088334,0.181450,0.287774
-0.088377,0.180875,0.287830
-0.089113,0.181434,0.287919
-0.088271,0.182022,0.286834
-0.091324,0.183313,0.287871
-0.091227,0.181471,0.288220
-0.093279,0.181431,0.287815
-0.093224,0.180290,0.288016
-0.094907,0.182102,0.288972
-0.094462,0.179753,0.286759
-0.096582,0.182525,0.287440
-0.098765,0.181027,0.287992
-0.099669,0.179826,0.287506
-0.100188,0.180018,0.287022
-0.100313,0.181808,0.286946
-0.101476,0.183631,0.287262
-0.103791,0.180178,0.285980
-0.103850,0.181675,0.286011
-0.105296,0.180828,0.288133
-0.105667,0.182908,0.288712
-0.109541,0.180704,0.285976
-0.109220,0.181331,0.288298
-0.108241,0.181596,0.286604
-0.109986,0.180873,0.287454
-0.110481,0.183584,0.288300
-0.113491,0.181351,0.286449
-0.114864,0.181836,0.287529
-0.113201,0.182603,0.286843
-0.115920,0.183341,0.288140
-0.117626,0.181052,0.287067
-0.116844,0.181493,0.286969
-0.119543,0.182730,0.287786
-0.119283,0.181643,0.286727
-0.121944,0.180971,0.287560
-0.123096,0.181456,0.285721
-0.122103,0.181378,0.286720
-0.122081,0.182889,0.287366
-0.124324,0.182415,0.286174
-0.123840,0.181482,0.288450
-0.127094,0.177001,0.285615
-0.126844,0.177602,0.281583
-0.130784,0.173736,0.281799
-0.130898,0.172360,0.281145
-0.131548,0.167911,0.279146
-0.134279,0.166192,0.275711
-0.133566,0.164444,0.272473
-0.134415,0.163662,0.270782
-0.135647,0.158495,0.269078
-0.136570,0.156369,0.265894
-0.138249,0.154336,0.263174
-0.137039,0.151567,0.262471
-0.138843,0.147009,0.260464
-0.142806,0.146080,0.258703
-0.144133,0.138361,0.251717
-0.142759,0.129047,0.244995
-0.145327,0.127165,0.242306
-0.147044,0.123325,0.239547
-0.148012,0.119717,0.236321
-0.147724,0.117858,0.235699
-0.149235,0.114582,0.232334
-0.153185,0.111900,0.230761
-0.152272,0.105071,0.224203
0.152533,0.137746,0.252052
0.151784,0.137178,0.250988
0.150311,0.137017,0.252151
0.147980,0.138763,0.252249
0.146715,0.136899,0.252689
0.147779,0.137353,0.252058
0.145648,0.139051,0.251761
0.144939,0.138418,0.253759
0.146393,0.136344,0.252661
0.142085,0.136990,0.251594
0.141447,0.139635,0.254734
0.140142,0.138236,0.254548
0.140997,0.140409,0.253699
0.138430,0.141023,0.253900
0.136839,0.142089,0.252604
0.135420,0.140265,0.255411
0.134549,0.140544,0.255052
0.133768,0.141691,0.255472
0.131238,0.140737,0.254962
0.131254,0.141078,0.256923
0.132477,0.141774,0.255829
0.128228,0.142598,0.255494
0.129016,0.142460,0.254964
0.127342,0.141142,0.257439
0.125666,0.144981,0.257911
0.125295,0.143873,0.255771
0.123992,0.142183,0.257175
0.123601,0.144264,0.256734
0.122939,0.145145,0.258041
0.120235,0.143781,0.259451
0.119574,0.145077,0.258691
0.117641,0.145151,0.259461
0.117617,0.147799,0.258471
0.115016,0.146862,0.259404
0.116008,0.147795,0.260135
0.114503,0.147428,0.259173
0.113519,0.148312,0.260925
0.112727,0.146928,0.263238
0.109785,0.147560,0.259791
0.108853,0.148566,0.258812
0.108990,0.148880,0.261967
0.106882,0.149683,0.261600
0.105479,0.150017,0.261843
0.105886,0.150563,0.261431
0.103799,0.151056,0.263703
0.102831,0.150452,0.264228
0.100653,0.152018,0.264654
0.100853,0.153549,0.265999
0.101367,0.153363,0.263666
0.097238,0.152409,0.264983
0.097627,0.153445,0.264701
0.096051,0.154661,0.266896
0.095289,0.153582,0.265879
0.093052,0.156618,0.267588
0.094010,0.156157,0.266030
0.091396,0.156157,0.268189
0.089017,0.156784,0.269578
0.090634,0.158581,0.268866
0.087091,0.159142,0.271131
0.087655,0.158558,0.268287
0.087543,0.160117,0.270762
0.086062,0.161559,0.270046
0.084241,0.161494,0.272451
0.083931,0.161550,0.273801
0.081736,0.161278,0.271839
0.078865,0.164238,0.272877
0.079637,0.162796,0.274744
0.078591,0.167329,0.276889
0.077456,0.170518,0.279828
0.077347,0.169048,0.278761
0.072490,0.197083,0.300379
0.069644,0.199150,0.304665
0.067459,0.203766,0.304146
0.066474,0.205583,0.309195
0.067411,0.205456,0.308604
0.064616,0.205477,0.309072
0.066766,0.204911,0.308733
0.062788,0.204363,0.308366
0.064195,0.205942,0.310165
0.061808,0.204865,0.308091
0.062528,0.207025,0.310402
0.059712,0.206181,0.309603
0.059133,0.208516,0.310505
0.056215,0.207167,0.310548
0.058571,0.208222,0.310600
0.055610,0.208987,0.310496
0.055476,0.208695,0.310923
0.054424,0.208331,0.310845
0.052504,0.209558,0.311604
0.052273,0.208821,0.312910
0.050889,0.209151,0.312827
0.049835,0.210451,0.313904
0.046805,0.210156,0.312563
0.048766,0.210668,0.313749
0.045814,0.210442,0.312987
0.046912,0.210961,0.315629
0.043778,0.211687,0.312555
0.042400,0.212951,0.312363
0.043101,0.213539,0.313142
0.042220,0.212479,0.313229
0.039151,0.215124,0.315466
0.039690,0.214642,0.314928
0.037485,0.214067,0.316871
0.036458,0.213641,0.315458
0.038279,0.212666,0.316379
0.036284,0.215556,0.315721
0.035212,0.212862,0.315503
0.033247,0.214834,0.317432
0.031381,0.215721,0.315856
0.032353,0.215112,0.317268
0.030198,0.216171,0.317703
0.028542,0.215965,0.317639
0.027916,0.218408,0.318695
0.025770,0.217951,0.318092
0.026755,0.216173,0.317320
0.024267,0.217096,0.317354
0.024272,0.212532,0.315967
0.023284,0.212438,0.316368
0.022329,0.213926,0.314646
0.020939,0.214103,0.312738
0.020247,0.209792,0.314784
0.019463,0.210398,0.314802
0.018301,0.211090,0.312676
0.017890,0.210358,0.314118
0.015439,0.210221,0.312552
0.016851,0.210645,0.312747
0.014525,0.211297,0.309283
0.015444,0.208195,0.309630
0.011634,0.206506,0.310853
0.012027,0.205364,0.308878
0.011002,0.205204,0.307171
0.008251,0.205360,0.309819
0.009717,0.204234,0.305470
0.008087,0.203144,0.308178
0.006516,0.203696,0.306446
0.005625,0.202159,0.305357
0.003774,0.202177,0.308057
0.004616,0.200573,0.306522
0.003169,0.199410,0.303713
-0.000682,0.200279,0.302414
0.000193,0.197747,0.301815
-0.000591,0.195799,0.300839
-0.001488,0.195873,0.301486
-0.002478,0.194115,0.297210
-0.002320,0.194202,0.299817
-0.004133,0.191723,0.296248
-0.004811,0.192103,0.296228
-0.006597,0.193462,0.296210
-0.007096,0.191615,0.294863
-0.008252,0.190591,0.295310
-0.008866,0.191237,0.295857
-0.008641,0.189065,0.296111
-0.010402,0.189041,0.294737
-0.012037,0.187728,0.294649
-0.013955,0.188873,0.293868
-0.014513,0.187775,0.293232
-0.015360,0.187894,0.294666
-0.016855,0.189102,0.293888
-0.017302,0.189222,0.293656
-0.018164,0.187459,0.293939
-0.021986,0.186944,0.293966
-0.020082,0.187844,0.292869
-0.023232,0.186744,0.293754
-0.021845,0.188723,0.293089
-0.022775,0.187871,0.292416
-0.024365,0.187229,0.290780
-0.025676,0.186460,0.293671
-0.024482,0.186209,0.294206
-0.027953,0.186254,0.293744
-0.027040,0.186674,0.293620
-0.028547,0.185797,0.291961
-0.030729,0.186747,0.293477
-0.032910,0.186918,0.293918
-0.033344,0.186553,0.293707
-0.032617,0.185669,0.290855
-0.034313,0.184759,0.292766
-0.035751,0.185348,0.292588
-0.035674,0.184651,0.293316
-0.036913,0.185532,0.291410
-0.038751,0.185486,0.291744
-0.039886,0.185938,0.292407
-0.041502,0.186212,0.292361
-0.042468,0.185838,0.291754
-0.041918,0.184676,0.291696
-0.041306,0.186481,0.294682
-0.045014,0.183844,0.292578
-0.045625,0.186930,0.291128
-0.047511,0.185101,0.290468
-0.047515,0.185959,0.289089
-0.047934,0.184581,0.289472
-0.049316,0.183345,0.291050
-0.050518,0.186293,0.292740
-0.051940,0.186095,0.292118
-0.052553,0.184889,0.292784
-0.052807,0.185560,0.290195
-0.054591,0.183187,0.290110
-0.053570,0.182863,0.291073
-0.055494,0.182617,0.292087
-0.057513,0.182905,0.290645
-0.058084,0.181549,0.291933
-0.059088,0.183178,0.290417
-0.061973,0.183002,0.287182
-0.062797,0.183559,0.290468
-0.060865,0.182478,0.290408
-0.062964,0.183593,0.290709
-0.066521,0.182680,0.290236
-0.064575,0.181240,0.289055
-0.067686,0.183603,0.289647
-0.068980,0.182617,0.290923
-0.068690,0.183577,0.288697
-0.072284,0.182177,0.287800
-0.069517,0.181849,0.289075
-0.072678,0.181131,0.287563
-0.073587,0.182510,0.288269
-0.073082,0.182590,0.288216
-0.074475,0.181456,0.289123
-0.077311,0.180915,0.288868
-0.077785,0.181381,0.288375
-0.078713,0.180757,0.289745
-0.079561,0.183723,0.286498
-0.080778,0.181564,0.286977
-0.082735,0.181004,0.287532
-0.082683,0.180675,0.289833
-0.084054,0.180656,0.288442
-0.086258,0.181762,0.287033
-0.085514,0.180509,0.286761
-0.086439,0.181006,0.288226
-0.089271,0.180046,0.288402
-0.090012,0.179870,0.287517
-0.088649,0.180133,0.287314
-0.088152,0.181585,0.286517
-0.091398,0.179350,0.284560
-0.093112,0.181580,0.286003
-0.093293,0.180472,0.288107
-0.096887,0.181071,0.290024
-0.095076,0.179539,0.287441
-0.095826,0.181607,0.288149
-0.098673,0.181401,0.289132
-0.099426,0.181094,0.287181
-0.100681,0.180642,0.286396
-0.102903,0.180341,0.286513
-0.102328,0.182248,0.286086
-0.103030,0.180848,0.288360
-0.105610,0.180244,0.288374
-0.105532,0.179976,0.286031
-0.104863,0.180892,0.289185
-0.106535,0.181688,0.286639
-0.109697,0.179971,0.286385
-0.107602,0.181370,0.287969
-0.111310,0.180627,0.285382
-0.111447,0.179552,0.288816
-0.111873,0.180942,0.288318
-0.111505,0.180648,0.288061
-0.115090,0.179493,0.286712
-0.115925,0.180926,0.284628
-0.116494,0.180596,0.286635
-0.118405,0.178527,0.288277
-0.119845,0.181140,0.288924
-0.119150,0.179362,0.286832
-0.122206,0.179607,0.287979
-0.123406,0.179450,0.285890
-0.123356,0.178563,0.286882
-0.124301,0.180516,0.287076
-0.123867,0.178896,0.287944
-0.126887,0.180419,0.289423
-0.128475,0.179492,0.286746
-0.127494,0.175745,0.286573
-0.130676,0.173975,0.281011
-0.129578,0.171142,0.280672
-0.132371,0.169251,0.279442
-0.133342,0.166658,0.274395
-0.134189,0.163191,0.275430
-0.133167,0.160155,0.273610
-0.138142,0.159051,0.270168
-0.137603,0.157192,0.266689
-0.137643,0.153445,0.264536
-0.137915,0.148259,0.263800
-0.141469,0.149709,0.261625
-0.140869,0.143173,0.257823
-0.142097,0.132216,0.247421
-0.144140,0.130095,0.244123
-0.145085,0.126162,0.242769
-0.148944,0.123182,0.238547
-0.145021,0.120575,0.238483
-0.148724,0.117030,0.237531
-0.148999,0.113233,0.233327
-0.152464,0.108781,0.230677
-0.152530,0.101931,0.223293
0.151895,0.136215,0.252380
0.152157,0.136375,0.252471
0.150972,0.136079,0.252101
0.149533,0.137466,0.253612
0.146980,0.136336,0.250877
0.147028,0.136620,0.252663
0.145211,0.135177,0.252968
0.145472,0.136194,0.252280
0.144121,0.138454,0.252540
0.143973,0.138783,0.253280
0.141305,0.137878,0.254347
0.141171,0.137149,0.255877
0.139511,0.137492,0.253912
0.138016,0.137493,0.254932
0.136971,0.137468,0.255555
0.137140,0.138983,0.255604
0.135117,0.138906,0.255078
0.134403,0.139083,0.254989
0.133075,0.139487,0.256844
0.132954,0.139334,0.256717
0.129371,0.142101,0.256547
0.128146,0.138220,0.259037
0.130305,0.142571,0.256768
0.127491,0.143870,0.256961
0.125722,0.142850,0.257158
0.125052,0.140228,0.256576
0.124579,0.142594,0.259082
0.121893,0.142736,0.257061
0.119773,0.143231,0.258506
0.120364,0.141547,0.259398
0.119138,0.143984,0.259413
0.119911,0.143966,0.260110
0.117959,0.145999,0.259314
0.117170,0.144519,0.260896
0.114487,0.144568,0.260720
0.112461,0.145348,0.261497
0.114180,0.145368,0.261125
0.112037,0.146435,0.262463
0.108936,0.147267,0.261910
0.110135,0.146640,0.261849
0.107610,0.147789,0.261639
0.107056,0.148621,0.263751
0.107304,0.149713,0.264110
0.106710,0.148612,0.263904
0.104328,0.148938,0.263591
0.101758,0.149618,0.266337
0.103006,0.151099,0.264658
0.101120,0.151322,0.266971
0.099584,0.150687,0.265065
0.098955,0.150860,0.268785
0.094856,0.151303,0.266980
0.096213,0.152782,0.267881
0.097513,0.152355,0.267692
0.095296,0.154499,0.268573
0.093590,0.156376,0.269369
0.092723,0.154727,0.268550
0.089597,0.156859,0.270446
0.088627,0.153456,0.270647
0.088482,0.156267,0.269217
0.085256,0.158434,0.270612
0.086400,0.159072,0.271380
0.085426,0.158273,0.271385
0.083315,0.158012,0.269898
0.083943,0.161823,0.273804
0.081276,0.159368,0.273217
0.080084,0.163006,0.275379
0.079766,0.161921,0.273783
0.076914,0.165455,0.277459
0.077693,0.165724,0.276705
0.074482,0.168040,0.278297
0.074433,0.169594,0.280345
0.072130,0.193268,0.299805
0.071102,0.195971,0.302513
0.069233,0.198081,0.304661
0.068348,0.202073,0.306982
0.066858,0.205228,0.309508
0.064674,0.203787,0.311350
0.062870,0.204339,0.309718
0.062957,0.205492,0.308044
0.061996,0.205615,0.310798
0.059511,0.206796,0.311320
0.060084,0.206662,0.312061
0.058924,0.206350,0.310764
0.057218,0.205667,0.310527
0.056611,0.206375,0.311447
0.056787,0.207876,0.311873
0.053888,0.207919,0.313056
0.054619,0.209312,0.311879
0.054217,0.209468,0.313282
0.052018,0.207993,0.312997
0.051461,0.210577,0.311910
0.051436,0.208551,0.315575
0.049279,0.208500,0.313487
0.047073,0.212302,0.313897
0.045922,0.211182,0.314051
0.044089,0.209440,0.314616
0.044041,0.211049,0.315439
0.043967,0.211615,0.313527
0.044731,0.211075,0.314891
0.040839,0.211023,0.315224
0.041691,0.213366,0.316005
0.040563,0.212124,0.316886
0.037157,0.212108,0.316904
0.036406,0.213746,0.315914
0.035671,0.214372,0.318660
0.034227,0.213081,0.316471
0.034671,0.215697,0.316354
0.033307,0.214087,0.316802
0.031123,0.213157,0.316238
0.031451,0.215698,0.316167
0.029969,0.214546,0.318251
0.029783,0.216633,0.318326
0.028314,0.213539,0.316112
0.028206,0.215025,0.316641
0.025786,0.212925,0.315700
0.025183,0.212342,0.315060
0.024649,0.212415,0.316863
0.023039,0.210086,0.313786
0.021187,0.209111,0.315826
0.021916,0.211046,0.313815
0.020895,0.210829,0.314407
0.020671,0.209552,0.311773
0.018532,0.207175,0.313626
0.016024,0.208622,0.310346
0.014124,0.207017,0.312797
0.015281,0.206373,0.312310
0.014174,0.206515,0.311303
0.011953,0.206182,0.311107
0.012106,0.203611,0.309192
0.012361,0.205451,0.308316
0.011193,0.202596,0.310728
0.009508,0.203545,0.307025
0.009261,0.203010,0.307806
0.008574,0.202983,0.306592
0.007216,0.201762,0.305895
0.005546,0.200787,0.306037
0.002803,0.200298,0.304554
0.003901,0.198046,0.303975
0.002650,0.196461,0.303604
0.001518,0.196533,0.301435
0.001146,0.194589,0.301255
0.000793,0.195257,0.298476
-0.000783,0.194140,0.300297
-0.001735,0.193040,0.297783
-0.003023,0.191086,0.297075
-0.003428,0.192142,0.296811
-0.003990,0.190650,0.297468
-0.004179,0.189951,0.297966
-0.006694,0.189835,0.297047
-0.009138,0.187530,0.297714
-0.008355,0.190716,0.296094
-0.008858,0.188984,0.295754
-0.012955,0.186826,0.295114
-0.010366,0.187451,0.295050
-0.013353,0.186518,0.294916
-0.015061,0.185846,0.294614
-0.015962,0.184207,0.295330
-0.015868,0.186544,0.294373
-0.016865,0.186523,0.296161
-0.018344,0.185204,0.292650
-0.020827,0.186618,0.293266
-0.019380,0.186730,0.293432
-0.022177,0.186537,0.294254
-0.021397,0.185244,0.294513
-0.023045,0.189102,0.295575
-0.026526,0.186494,0.294590
-0.026194,0.184787,0.295403
-0.026380,0.185834,0.293546
-0.028674,0.184340,0.293129
-0.029260,0.185531,0.294454
-0.030333,0.186095,0.295442
-0.029991,0.183969,0.294255
-0.031931,0.185332,0.292035
-0.033281,0.184281,0.293267
-0.032905,0.184968,0.292873
-0.035397,0.185739,0.295072
-0.035511,0.184482,0.292983
-0.037014,0.185427,0.293057
-0.037010,0.184064,0.292079
-0.039283,0.185955,0.292595
-0.038079,0.184094,0.292861
-0.040273,0.186868,0.293661
-0.041037,0.185332,0.293539
-0.042075,0.185534,0.292714
-0.043613,0.185100,0.293479
-0.045644,0.182713,0.292296
-0.047052,0.183632,0.291550
-0.045954,0.183156,0.291869
-0.046767,0.182591,0.292945
-0.049008,0.182801,0.291784
-0.048535,0.183221,0.292465
-0.051725,0.184188,0.291627
-0.051777,0.183667,0.290126
-0.053764,0.181714,0.291647
-0.056002,0.182471,0.290453
-0.054393,0.182588,0.291069
-0.057234,0.184178,0.292368
-0.054980,0.180977,0.290545
-0.056240,0.183030,0.291623
-0.058454,0.181961,0.291889
-0.060972,0.181155,0.291230
-0.063042,0.183234,0.289739
-0.061456,0.183805,0.290681
-0.063308,0.182629,0.290028
-0.063370,0.181491,0.289729
-0.065810,0.181729,0.291516
-0.065759,0.181225,0.289716
-0.068268,0.179414,0.291547
-0.069260,0.182443,0.288071
-0.068874,0.181715,0.290270
-0.070596,0.181903,0.289655
-0.072820,0.179393,0.289265
-0.073763,0.179877,0.287565
-0.073056,0.181457,0.289016
-0.073313,0.178168,0.289891
-0.075039,0.179365,0.289300
-0.076286,0.179395,0.288454
-0.076945,0.179822,0.287492
-0.079425,0.179322,0.290553
-0.078413,0.180659,0.287017
-0.078420,0.180214,0.288996
-0.080763,0.179758,0.287441
-0.083299,0.179657,0.287160
-0.084144,0.179991,0.288740
-0.083023,0.180093,0.289081
-0.086144,0.178713,0.290093
-0.087762,0.179001,0.287944
-0.088998,0.178287,0.289533
-0.090210,0.180665,0.289233
-0.090618,0.178613,0.286887
-0.091270,0.178080,0.287225
-0.092005,0.178159,0.287452
-0.093140,0.179315,0.286824
-0.093812,0.177301,0.287417
-0.093825,0.179483,0.290001
-0.095234,0.177686,0.288094
-0.096915,0.179316,0.287008
-0.099049,0.177614,0.286532
-0.099828,0.180438,0.288249
-0.100185,0.177665,0.288613
-0.101763,0.179947,0.287590
-0.103447,0.178406,0.287994
-0.103220,0.179671,0.288696
-0.104935,0.178282,0.288387
-0.107075,0.178466,0.287515
-0.107013,0.178475,0.286849
-0.107528,0.179454,0.286305
-0.109305,0.176569,0.288164
-0.110082,0.177725,0.288554
-0.111358,0.178243,0.288511
-0.110792,0.176510,0.286935
-0.112694,0.178686,0.287967
-0.116846,0.178197,0.287601
-0.114860,0.177440,0.289225
-0.114387,0.179418,0.288224
-0.115318,0.177607,0.285665
-0.119154,0.178215,0.287806
-0.118604,0.178657,0.286572
-0.120514,0.178934,0.288364
-0.122320,0.178267,0.288064
-0.120388,0.179197,0.287305
-0.123373,0.179997,0.286339
-0.124144,0.179634,0.287284
-0.125336,0.179242,0.289228
-0.125697,0.176330,0.286721
-0.127552,0.176588,0.288150
-0.127657,0.175705,0.284051
-0.128961,0.173876,0.284473
-0.130728,0.171627,0.281946
-0.129115,0.169663,0.278152
-0.131183,0.166672,0.278802
-0.133949,0.163252,0.276723
-0.134437,0.160627,0.274158
-0.135442,0.156820,0.271237
-0.135751,0.155847,0.267734
-0.139320,0.154150,0.266811
-0.137790,0.150284,0.264130
-0.139819,0.148297,0.261592
-0.142403,0.141258,0.255113
-0.143230,0.131108,0.249221
-0.143264,0.125626,0.244997
-0.143589,0.123630,0.241983
-0.144582,0.121568,0.239339
-0.146630,0.118317,0.238911
-0.149159,0.116062,0.236969
-0.149787,0.110752,0.232521
-0.151822,0.107022,0.227680
-0.151730,0.102513,0.224536
0.152379,0.134674,0.253816
0.150084,0.134829,0.253371
0.147691,0.134744,0.251457
0.147122,0.133402,0.251586
0.148254,0.134942,0.252377
0.146597,0.134673,0.253234
0.143912,0.135241,0.254401
0.143443,0.135856,0.252875
0.143765,0.135589,0.254772
0.142942,0.136131,0.254123
0.142991,0.135334,0.254182
0.139214,0.137046,0.255550
0.138463,0.136739,0.254513
0.137414,0.138614,0.255351
0.136595,0.138149,0.256927
0.135788,0.137625,0.254744
0.134124,0.138380,0.256775
0.131826,0.137577,0.255866
0.133159,0.137885,0.255609
0.130228,0.140680,0.254239
0.127978,0.138697,0.258434
0.127743,0.139548,0.255776
0.127332,0.141177,0.257751
0.126139,0.140000,0.258095
0.125185,0.140466,0.258887
0.124789,0.140698,0.258419
0.123044,0.141566,0.258141
0.122607,0.141828,0.258684
0.120344,0.141088,0.257966
0.119798,0.141637,0.260056
0.118987,0.143330,0.258528
0.118702,0.143773,0.259979
0.115134,0.144513,0.260970
0.116267,0.143556,0.261386
0.113671,0.142902,0.261873
0.112335,0.146343,0.261061
0.111545,0.144711,0.261689
0.109372,0.144864,0.261894
0.109448,0.145952,0.261700
0.110095,0.145205,0.261421
0.106934,0.146902,0.262564
0.108019,0.150092,0.263492
0.105164,0.148222,0.264192
0.105299,0.148711,0.264155
0.103194,0.149163,0.266074
0.102158,0.146754,0.265800
0.100275,0.150901,0.265647
0.099283,0.147963,0.264739
0.100312,0.150611,0.264059
0.098573,0.150311,0.267569
0.095152,0.150651,0.266106
0.095894,0.151011,0.267984
0.093824,0.152915,0.269266
0.094085,0.153027,0.268088
0.090286,0.154557,0.270627
0.090005,0.155341,0.269409
0.090280,0.153802,0.270169
0.089369,0.155525,0.271936
0.087256,0.155714,0.271304
0.085781,0.155810,0.270963
0.084722,0.158154,0.272130
0.084173,0.158816,0.271973
0.082724,0.158807,0.273107
0.083443,0.160897,0.273606
0.081132,0.161314,0.272846
0.080242,0.160594,0.274841
0.078576,0.162644,0.276518
0.077248,0.164275,0.275659
0.076061,0.167058,0.278032
0.072974,0.166748,0.280443
0.074904,0.168754,0.278679
0.073862,0.170249,0.283503
0.068999,0.192408,0.300523
0.067281,0.195322,0.304852
0.066826,0.197211,0.307061
0.063214,0.202242,0.307306
0.062848,0.205311,0.310700
0.063884,0.207098,0.311818
0.063143,0.204397,0.311241
0.061003,0.205071,0.311618
0.062693,0.205298,0.311276
0.059613,0.207235,0.312119
0.059754,0.206690,0.312017
0.057858,0.206968,0.313082
0.057154,0.208172,0.314056
0.054663,0.208648,0.313793
0.053761,0.207003,0.312721
0.054187,0.208023,0.312895
0.050565,0.209054,0.312135
0.051243,0.211680,0.313264
0.048719,0.210200,0.315883
0.047247,0.209339,0.313260
0.046909,0.209738,0.316472
0.047679,0.210689,0.316909
0.045331,0.209880,0.314598
0.045106,0.210529,0.316169
0.044079,0.210118,0.315805
0.043810,0.211791,0.317085
0.040204,0.211382,0.316833
0.042030,0.212397,0.317637
0.039372,0.212508,0.317226
0.038472,0.211375,0.316506
0.035885,0.211608,0.318066
0.037846,0.211516,0.317837
0.034852,0.214482,0.319340
0.034715,0.213688,0.320319
0.032988,0.213467,0.317523
0.031856,0.214089,0.318500
0.031488,0.214091,0.319924
0.030550,0.211803,0.319472
0.028754,0.213157,0.317085
0.028494,0.211232,0.316554
0.026623,0.210950,0.315885
0.026947,0.209458,0.315235
0.025963,0.208207,0.315979
0.021706,0.209609,0.315754
0.023565,0.210072,0.311981
0.025012,0.209213,0.312851
0.021879,0.206972,0.313097
0.020132,0.209091,0.313070
0.018100,0.205307,0.312353
0.017393,0.206233,0.312227
0.018111,0.204151,0.310645
0.018121,0.204585,0.310025
0.017499,0.204755,0.310168
0.013941,0.203790,0.308681
0.014893,0.203754,0.311328
0.013511,0.201924,0.309546
0.011251,0.201144,0.309070
0.012046,0.201855,0.308133
0.010582,0.200194,0.306998
0.009324,0.200622,0.306533
0.006938,0.199075,0.305525
0.008073,0.198978,0.307256
0.004808,0.197707,0.307397
0.004522,0.196390,0.304946
0.001949,0.195881,0.304249
0.002901,0.195404,0.304531
0.003453,0.194048,0.301105
0.000894,0.194024,0.301455
-0.000564,0.193353,0.300054
-0.000863,0.193169,0.301579
-0.001863,0.190869,0.297468
-0.003197,0.192013,0.298757
-0.003399,0.190132,0.299188
-0.003976,0.188479,0.297522
-0.006825,0.188428,0.296522
-0.007412,0.185997,0.296652
-0.007438,0.187294,0.296581
-0.010554,0.187587,0.296507
-0.009001,0.187625,0.297917
-0.012781,0.186246,0.296307
-0.013097,0.186842,0.296181
-0.013972,0.187513,0.296656
-0.013637,0.186126,0.295123
-0.015186,0.186258,0.295536
-0.015853,0.185320,0.294738
-0.016850,0.185858,0.295952
-0.017892,0.184538,0.295816
-0.019340,0.185871,0.296150
-0.020044,0.184966,0.295613
-0.022456,0.185563,0.292868
-0.021540,0.184515,0.294625
-0.023601,0.185674,0.292458
-0.024473,0.183582,0.295679
-0.023577,0.183792,0.295220
-0.027064,0.184352,0.294644
-0.026710,0.184528,0.293716
-0.027778,0.185617,0.294748
-0.030718,0.184068,0.293014
-0.030401,0.184820,0.293453
-0.033171,0.186628,0.292907
-0.030463,0.184263,0.293400
-0.032257,0.184469,0.292982
-0.034437,0.184810,0.294076
-0.036708,0.184454,0.293601
-0.037201,0.182627,0.294241
-0.037085,0.182895,0.293298
-0.039038,0.182828,0.293935
-0.040256,0.183381,0.292497
-0.041381,0.182802,0.293331
-0.041443,0.184461,0.292715
-0.043900,0.182748,0.293126
-0.042811,0.183680,0.292517
-0.044282,0.184466,0.294719
-0.046208,0.182844,0.292345
-0.046953,0.182291,0.294384
-0.046794,0.183053,0.294261
-0.047225,0.183292,0.291750
-0.050868,0.183174,0.293168
-0.051661,0.181859,0.290199
-0.051963,0.180929,0.291903
-0.052113,0.183798,0.291776
-0.054582,0.181763,0.289993
-0.054630,0.181529,0.290121
-0.056350,0.181952,0.290697
-0.058021,0.182736,0.292290
-0.058688,0.180669,0.290975
-0.056732,0.181130,0.289588
-0.060452,0.181803,0.292202
-0.060038,0.181117,0.290943
-0.060699,0.181369,0.291500
-0.064203,0.179730,0.292739
-0.063297,0.179936,0.291542
-0.064531,0.179529,0.290243
-0.064329,0.178384,0.291050
-0.067199,0.180608,0.291915
-0.068626,0.180087,0.292029
-0.068469,0.178373,0.292156
-0.068973,0.179896,0.289892
-0.072165,0.180510,0.290559
-0.071602,0.179148,0.290342
-0.073534,0.178088,0.287143
-0.073374,0.176599,0.289637
-0.075707,0.179513,0.290644
-0.078609,0.180102,0.290247
-0.076357,0.178072,0.289847
-0.080277,0.176313,0.289475
-0.080041,0.179044,0.288887
-0.080196,0.178709,0.290406
-0.082541,0.177686,0.289305
-0.084160,0.178890,0.288680
-0.082897,0.178733,0.289757
-0.084877,0.176697,0.288808
-0.086261,0.179374,0.288389
-0.086931,0.178893,0.287237
-0.089035,0.177678,0.289384
-0.089883,0.178790,0.289586
-0.089510,0.179786,0.289762
-0.088677,0.176565,0.289297
-0.089489,0.176249,0.287462
-0.092784,0.177280,0.285025
-0.093465,0.177736,0.287104
-0.095947,0.177507,0.288598
-0.095816,0.178125,0.286675
-0.096801,0.176603,0.289231
-0.099786,0.176387,0.288233
-0.098972,0.176685,0.289503
-0.102022,0.177665,0.287383
-0.101839,0.178314,0.287755
-0.102518,0.179422,0.286366
-0.104371,0.177103,0.286903
-0.105271,0.177116,0.288743
-0.105602,0.176879,0.287785
-0.107239,0.178685,0.288518
-0.107351,0.177602,0.288055
-0.107590,0.177029,0.287743
-0.110427,0.177537,0.287368
-0.111037,0.178771,0.287846
-0.111762,0.176961,0.286850
-0.112906,0.177005,0.287788
-0.112790,0.177617,0.288553
-0.114788,0.176137,0.288350
-0.114678,0.177383,0.288163
-0.116650,0.174780,0.287473
-0.119238,0.176889,0.288914
-0.119779,0.175959,0.288599
-0.118727,0.176138,0.285722
-0.121357,0.176919,0.286358
-0.121645,0.176953,0.285095
-0.123886,0.176180,0.286503
-0.122813,0.174943,0.287491
-0.124170,0.176328,0.286016
-0.124518,0.176895,0.286698
-0.127105,0.176134,0.286731
-0.129279,0.175111,0.286920
-0.128676,0.173844,0.283831
-0.129013,0.171017,0.282870
-0.131278,0.170649,0.277739
-0.130761,0.163859,0.277926
-0.133136,0.163028,0.278189
-0.135946,0.160766,0.274989
-0.135489,0.156715,0.271115
-0.135906,0.157571,0.269168
-0.138388,0.152245,0.267714
-0.138843,0.150531,0.264182
-0.140732,0.148717,0.262986
-0.140819,0.138012,0.255190
-0.141157,0.128012,0.249751
-0.143375,0.125524,0.244776
-0.145455,0.123772,0.243562
-0.144130,0.119937,0.241908
-0.148944,0.117299,0.239157
-0.147814,0.113991,0.235910
-0.150823,0.109072,0.233425
-0.150244,0.104970,0.231810
-0.154183,0.099836,0.224371
0.152381,0.131023,0.252669
0.152049,0.130879,0.252379
0.149003,0.133492,0.251725
0.148917,0.133677,0.252142
0.147194,0.134471,0.255856
0.145148,0.133178,0.254170
0.146326,0.133729,0.253324
0.144283,0.133707,0.252901
0.144092,0.135482,0.253853
0.142640,0.133182,0.255094
0.140291,0.135127,0.253882
0.139624,0.134883,0.252861
0.139504,0.133744,0.253944
0.135991,0.135187,0.255991
0.138744,0.133962,0.254740
0.135792,0.135167,0.256380
0.135029,0.135730,0.254027
0.132762,0.136275,0.255486
0.131977,0.137082,0.257181
0.131368,0.138027,0.255313
0.131915,0.136955,0.257516
0.128092,0.139240,0.256745
0.129587,0.138912,0.256181
0.124891,0.140388,0.258179
0.126733,0.139535,0.257138
0.123728,0.137587,0.258670
0.122236,0.140391,0.258940
0.120468,0.140055,0.258586
0.121669,0.140061,0.260568
0.119800,0.142659,0.259448
0.118699,0.140615,0.260095
0.119078,0.141762,0.258840
0.116394,0.141685,0.261823
0.115032,0.143310,0.262718
0.114007,0.142784,0.262238
0.112565,0.143439,0.262188
0.112065,0.143098,0.262647
0.112478,0.144854,0.260394
0.109684,0.143543,0.262533
0.109958,0.144416,0.265092
0.107202,0.145544,0.262785
0.106010,0.147272,0.261916
0.106342,0.145701,0.264314
0.105400,0.147401,0.264300
0.104034,0.145582,0.266365
0.103145,0.147624,0.268071
0.100521,0.149022,0.266315
0.097534,0.148398,0.267615
0.099254,0.149972,0.266970
0.097226,0.149968,0.266244
0.095915,0.151630,0.267259
0.094955,0.152750,0.269308
0.093951,0.152809,0.268287
0.092954,0.151843,0.268555
0.091429,0.152883,0.270139
0.090243,0.151937,0.270298
0.089877,0.153543,0.270480
0.090329,0.153559,0.271782
0.086050,0.156298,0.271233
0.087730,0.155303,0.272736
0.086457,0.156533,0.271109
0.085484,0.156446,0.272611
0.084483,0.158942,0.275737
0.084487,0.157504,0.273312
0.080336,0.158882,0.274692
0.081175,0.159470,0.276269
0.078692,0.161810,0.275394
0.076986,0.159653,0.274130
0.076900,0.162979,0.277706
0.078302,0.164815,0.278086
0.073737,0.165113,0.280854
0.074067,0.166250,0.281852
0.072936,0.169276,0.282506
0.070019,0.189379,0.299811
0.067664,0.192368,0.303075
0.068263,0.193586,0.303168
0.065052,0.197328,0.306576
0.064295,0.199159,0.309621
0.062207,0.200489,0.308907
0.061712,0.207454,0.313978
0.060579,0.207558,0.312935
0.057956,0.203770,0.313575
0.057248,0.204988,0.314378
0.056378,0.207227,0.312865
0.056482,0.209188,0.312321
0.053781,0.208234,0.313244
0.055545,0.209841,0.315105
0.052286,0.208060,0.313625
0.052257,0.210539,0.315289
0.051803,0.209057,0.317560
0.050112,0.210242,0.316488
0.048239,0.209215,0.314300
0.046290,0.208956,0.316156
0.046853,0.210293,0.316301
0.045585,0.211134,0.317299
0.042362,0.210541,0.317151
0.042463,0.209837,0.316034
0.042109,0.209749,0.318418
0.039684,0.210846,0.317366
0.040047,0.211066,0.318086
0.039405,0.213239,0.316494
0.038693,0.213045,0.317712
0.037288,0.213690,0.319298
0.037217,0.212930,0.318069
0.036094,0.213142,0.320326
0.035718,0.213899,0.319041
0.033844,0.213938,0.319561
0.032658,0.212656,0.317525
0.032209,0.211466,0.316150
0.029961,0.210594,0.316077
0.026614,0.210650,0.316871
0.028479,0.207048,0.316142
0.028221,0.207746,0.315155
0.027668,0.210463,0.314425
0.024116,0.208485,0.314547
0.025851,0.205581,0.314030
0.023074,0.205723,0.312489
0.023001,0.207297,0.312268
0.020427,0.204717,0.312418
0.020896,0.203779,0.312146
0.019404,0.202762,0.312571
0.020859,0.205030,0.310269
0.017508,0.202065,0.311512
0.018282,0.203681,0.310841
0.015370,0.202945,0.310744
0.014868,0.199709,0.309371
0.012798,0.202055,0.309789
0.012733,0.199521,0.309754
0.011851,0.200064,0.307992
0.009376,0.199019,0.309565
0.009398,0.199876,0.306149
0.007239,0.197974,0.307113
0.007601,0.198567,0.305697
0.007466,0.196719,0.305781
0.005759,0.196472,0.304935
0.004497,0.194143,0.305161
0.004180,0.193696,0.303978
0.003342,0.193422,0.302425
0.002726,0.191333,0.300151
0.000724,0.191031,0.301192
0.001514,0.188941,0.299341
-0.002122,0.188941,0.300696
-0.002636,0.186389,0.299227
-0.004158,0.187651,0.299056
-0.004087,0.189098,0.299971
-0.005673,0.186827,0.297061
-0.006714,0.186925,0.298252
-0.008062,0.187294,0.296865
-0.007373,0.187452,0.297119
-0.008427,0.186871,0.296677
-0.009603,0.184395,0.297576
-0.011914,0.186299,0.296276
-0.012156,0.184614,0.296702
-0.014347,0.184764,0.295558
-0.013306,0.185593,0.296820
-0.015623,0.184167,0.296622
-0.015302,0.185840,0.296051
-0.017619,0.183398,0.296272
-0.018159,0.185043,0.295670
-0.018851,0.183289,0.294793
-0.020129,0.184167,0.295526
-0.022624,0.184093,0.294028
-0.024250,0.184119,0.295336
-0.023378,0.185191,0.293370
-0.024591,0.183956,0.295103
-0.025712,0.181524,0.294144
-0.027484,0.184114,0.295322
-0.026370,0.182792,0.296289
-0.027763,0.184593,0.293351
-0.028999,0.181167,0.293855
-0.030021,0.181738,0.294008
-0.033260,0.186266,0.295343
-0.031730,0.182964,0.295634
-0.033883,0.182527,0.293996
-0.034394,0.183266,0.293846
-0.034651,0.181844,0.293153
-0.035784,0.182377,0.293702
-0.038204,0.181127,0.293660
-0.038647,0.184224,0.293103
-0.038818,0.181769,0.294108
-0.040371,0.183313,0.293984
-0.041332,0.181559,0.293515
-0.042144,0.182503,0.292536
-0.043758,0.180443,0.293392
-0.045380,0.182387,0.293497
-0.045701,0.182224,0.293795
-0.047183,0.182401,0.293406
-0.047579,0.181214,0.294380
-0.047724,0.181353,0.294600
-0.051494,0.181204,0.293000
-0.051642,0.181212,0.292035
-0.050525,0.180067,0.291955
-0.051412,0.179750,0.291035
-0.052884,0.180331,0.290473
-0.054208,0.180191,0.291271
-0.056149,0.180989,0.294596
-0.055535,0.180454,0.293638
-0.058097,0.179504,0.291368
-0.060094,0.180979,0.290903
-0.059287,0.180588,0.292537
-0.062627,0.179920,0.291765
-0.062339,0.178834,0.292009
-0.063015,0.179398,0.292049
-0.064265,0.178247,0.291148
-0.065801,0.180285,0.292173
-0.068318,0.178572,0.289625
-0.067325,0.178263,0.292790
-0.070113,0.177439,0.289738
-0.070418,0.178121,0.289650
-0.071469,0.177199,0.289034
-0.070830,0.178328,0.291477
-0.071480,0.177663,0.290178
-0.072332,0.178026,0.290895
-0.073948,0.177985,0.291349
-0.074832,0.177203,0.291763
-0.075524,0.177047,0.289143
-0.077001,0.175807,0.291284
-0.079756,0.175385,0.288743
-0.080117,0.177344,0.289835
-0.080930,0.175631,0.286611
-0.082248,0.177045,0.288876
-0.083613,0.177506,0.288908
-0.082840,0.175611,0.289681
-0.083696,0.175866,0.288120
-0.085653,0.176704,0.291162
-0.085480,0.177083,0.289106
-0.089464,0.176326,0.288543
-0.087305,0.176800,0.289490
-0.088723,0.175448,0.288823
-0.088726,0.175231,0.286950
-0.092808,0.175564,0.289261
-0.092133,0.177897,0.288918
-0.093499,0.176168,0.287681
-0.095457,0.176472,0.287071
-0.093823,0.176539,0.289359
-0.096594,0.176438,0.287454
-0.096855,0.174734,0.288156
-0.100702,0.171094,0.286972
-0.100614,0.175275,0.286150
-0.100638,0.175948,0.286842
-0.102351,0.174351,0.287804
-0.103327,0.175847,0.288870
-0.104196,0.178207,0.290392
-0.106627,0.176168,0.288904
-0.105962,0.173545,0.287587
-0.107719,0.176186,0.287615
-0.109030,0.173340,0.288743
-0.108601,0.175199,0.288666
-0.110676,0.175349,0.288515
-0.111472,0.172895,0.288170
-0.113541,0.173844,0.288804
-0.115162,0.175061,0.288074
-0.115820,0.174691,0.286328
-0.115312,0.175483,0.287989
-0.116380,0.176176,0.290440
-0.116901,0.173766,0.286852
-0.119403,0.174493,0.288947
-0.121177,0.175627,0.287844
-0.119173,0.173077,0.288529
-0.121925,0.175248,0.286628
-0.123435,0.173983,0.286745
-0.125186,0.172772,0.287165
-0.124453,0.174263,0.288177
-0.124904,0.176946,0.286733
-0.128385,0.175511,0.285247
-0.128323,0.173866,0.285988
-0.130197,0.175062,0.286034
-0.130478,0.171047,0.282817
-0.131489,0.168857,0.281399
-0.132349,0.164782,0.279313
-0.133482,0.164362,0.277023
-0.135032,0.162499,0.274284
-0.134962,0.157944,0.273646
-0.137723,0.154470,0.271585
-0.136583,0.152857,0.267403
-0.138362,0.149763,0.265990
-0.138728,0.147943,0.267966
-0.141194,0.133820,0.251562
-0.143114,0.126689,0.249741
-0.143112,0.124624,0.245261
-0.145009,0.122087,0.241354
-0.146970,0.120174,0.243593
-0.146579,0.117946,0.239003
-0.147381,0.114655,0.237601
-0.149764,0.112467,0.233742
-0.154287,0.106492,0.230535
-0.150865,0.096765,0.224594
0.151180,0.131375,0.255366
0.148178,0.129040,0.255076
0.147431,0.131505,0.254431
0.148733,0.131523,0.254881
0.147082,0.130951,0.253556
0.147099,0.134275,0.255284
0.144806,0.130407,0.257183
0.143787,0.134276,0.253171
0.143148,0.132955,0.255493
0.141387,0.133439,0.255847
0.139164,0.131313,0.254953
0.137641,0.131884,0.253321
0.139195,0.132719,0.256713
0.137029,0.133916,0.256180
0.133970,0.134094,0.256427
0.133255,0.133070,0.255418
0.133377,0.134313,0.256246
0.132811,0.134681,0.256258
0.131708,0.134613,0.257759
0.129588,0.135029,0.257125
0.128572,0.136939,0.256738
0.129285,0.135888,0.255526
0.125870,0.136975,0.257071
0.124375,0.139539,0.258178
0.123248,0.137728,0.258774
0.125221,0.137510,0.258165
0.122251,0.137101,0.261216
0.122169,0.140304,0.259819
0.118356,0.140809,0.262605
0.118193,0.140656,0.259769
0.117559,0.140704,0.260528
0.116746,0.140832,0.264493
0.113976,0.140324,0.262480
0.115556,0.141164,0.262775
0.113527,0.142756,0.262418
0.113966,0.143296,0.262622
0.112614,0.142824,0.261257
0.110364,0.144776,0.264145
0.109130,0.144688,0.262832
0.108551,0.143749,0.261272
0.106286,0.145463,0.263687
0.106780,0.146131,0.266407
0.105867,0.145550,0.266284
0.103686,0.146232,0.264325
0.101870,0.147017,0.267236
0.102004,0.147129,0.266442
0.098262,0.147035,0.267473
0.098478,0.149683,0.268676
0.099203,0.147475,0.267910
0.096636,0.150537,0.268639
0.094315,0.150492,0.268881
0.095234,0.149395,0.268694
0.092464,0.151547,0.268745
0.093560,0.152417,0.270412
0.091247,0.153664,0.271112
0.089499,0.152705,0.271848
0.088806,0.153850,0.270946
0.089380,0.152552,0.272537
0.088524,0.154971,0.272833
0.085853,0.154932,0.272600
0.083103,0.155693,0.274779
0.084324,0.154275,0.274703
0.082648,0.157345,0.275162
0.081127,0.158453,0.276641
0.079376,0.158072,0.276066
0.078566,0.159809,0.276651
0.077810,0.159762,0.278037
0.077595,0.159833,0.276912
0.074667,0.161880,0.278116
0.074804,0.164640,0.278863
0.073257,0.165295,0.280882
0.074233,0.167123,0.282286
0.069349,0.167216,0.282910
0.068689,0.187319,0.297938
0.065798,0.190547,0.302539
0.065012,0.193714,0.302038
0.064981,0.192493,0.303234
0.061964,0.196102,0.306786
0.062643,0.197875,0.307790
0.060635,0.199146,0.309711
0.058261,0.200936,0.309483
0.059134,0.204219,0.312955
0.055500,0.206368,0.313835
0.057010,0.205656,0.314701
0.053784,0.205560,0.315911
0.054130,0.205394,0.316026
0.052339,0.208332,0.315117
0.052137,0.207163,0.317174
0.051377,0.206125,0.317528
0.049614,0.207866,0.318500
0.048349,0.208822,0.317618
0.045883,0.210723,0.315497
0.047118,0.210368,0.316767
0.044645,0.208583,0.317829
0.043309,0.207976,0.318306
0.045215,0.208808,0.317632
0.042268,0.210884,0.317824
0.040961,0.212308,0.320102
0.037774,0.211322,0.318549
0.037957,0.211258,0.319124
0.036721,0.211495,0.320487
0.038383,0.212948,0.320030
0.038222,0.210720,0.320444
0.034623,0.211337,0.319734
0.034725,0.210554,0.317823
0.033118,0.211320,0.319538
0.032111,0.209026,0.316463
0.032799,0.207786,0.316179
0.029018,0.207838,0.316930
0.028919,0.207351,0.315083
0.028390,0.205192,0.311998
0.028327,0.204758,0.313243
0.025927,0.204112,0.314280
0.026328,0.204107,0.313681
0.023956,0.201359,0.312715
0.024165,0.201694,0.313293
0.023139,0.201964,0.311713
0.021963,0.199993,0.309667
0.021140,0.200205,0.310162
0.020819,0.200635,0.310486
0.019830,0.198657,0.308331
0.019459,0.199633,0.308720
0.015525,0.200750,0.308807
0.015558,0.199970,0.309623
0.014904,0.202210,0.310353
0.012762,0.197095,0.309448
0.011517,0.198511,0.309099
0.011740,0.197750,0.307336
0.011138,0.194617,0.306468
0.011252,0.194626,0.307490
0.009314,0.195651,0.307342
0.008327,0.193874,0.307007
0.006898,0.193060,0.304923
0.004526,0.193368,0.303958
0.004253,0.193612,0.303238
0.003604,0.189649,0.301958
0.004386,0.191406,0.302489
0.002338,0.190134,0.299642
0.000066,0.188419,0.302360
0.000230,0.187581,0.301246
-0.001715,0.188052,0.299574
-0.002213,0.188115,0.299493
-0.002703,0.187696,0.299484
-0.004674,0.186757,0.298354
-0.007088,0.183822,0.297772
-0.007625,0.186425,0.298994
-0.007623,0.185592,0.300047
-0.009649,0.185776,0.297412
-0.008325,0.184028,0.296323
-0.009989,0.183089,0.296750
-0.010490,0.184431,0.298491
-0.012653,0.184132,0.296302
-0.012062,0.183077,0.298227
-0.015838,0.186440,0.295923
-0.014632,0.182884,0.296435
-0.015143,0.183160,0.296315
-0.017835,0.182634,0.295051
-0.018495,0.183138,0.297549
-0.019457,0.182278,0.295813
-0.020274,0.182412,0.298899
-0.020926,0.183421,0.294818
-0.024216,0.183397,0.294684
-0.023458,0.182213,0.295660
-0.023078,0.184284,0.295650
-0.024847,0.182094,0.295184
-0.025358,0.183134,0.294179
-0.026707,0.182068,0.294866
-0.028086,0.180553,0.295948
-0.029601,0.183024,0.295187
-0.029860,0.182483,0.294900
-0.030752,0.180603,0.294110
-0.031665,0.182741,0.295627
-0.035478,0.182420,0.293853
-0.033938,0.181671,0.295366
-0.034768,0.180665,0.292377
-0.037584,0.180079,0.294224
-0.038426,0.183424,0.294605
-0.037445,0.180354,0.294826
-0.039965,0.180576,0.293840
-0.041178,0.180304,0.293364
-0.041281,0.180868,0.293581
-0.043069,0.180073,0.292766
-0.043787,0.180441,0.295041
-0.044189,0.178765,0.293027
-0.046724,0.179660,0.293726
-0.046239,0.177855,0.293568
-0.046340,0.182413,0.291718
-0.049080,0.180308,0.292407
-0.048209,0.180011,0.292687
-0.049416,0.179264,0.292204
-0.052905,0.178217,0.294140
-0.056286,0.179091,0.292347
-0.052331,0.178762,0.292405
-0.054910,0.179222,0.290741
-0.055891,0.177482,0.290293
-0.056483,0.178628,0.292486
-0.057789,0.179965,0.292805
-0.058908,0.178480,0.291863
-0.059714,0.178418,0.290419
-0.062168,0.178311,0.292675
-0.061042,0.177417,0.290860
-0.063143,0.177921,0.290711
-0.064368,0.176939,0.291881
-0.064382,0.178409,0.292340
-0.065969,0.177256,0.291367
-0.067573,0.176636,0.290030
-0.069252,0.173630,0.289571
-0.070540,0.178336,0.290308
-0.069664,0.177762,0.291446
-0.070135,0.176725,0.291215
-0.069802,0.175654,0.289246
-0.071383,0.177609,0.288995
-0.073961,0.174832,0.289751
-0.074568,0.176062,0.290320
-0.075899,0.176660,0.290462
-0.079422,0.175320,0.289585
-0.079594,0.175852,0.289973
-0.078870,0.175678,0.287985
-0.080785,0.174513,0.289293
-0.082065,0.176401,0.288075
-0.083590,0.175057,0.288677
-0.082718,0.177083,0.287931
-0.084440,0.173911,0.288566
-0.086151,0.174879,0.288494
-0.085497,0.174352,0.289324
-0.087941,0.172994,0.288839
-0.088783,0.174472,0.287432
-0.089097,0.174098,0.288887
-0.090362,0.175122,0.290194
-0.090998,0.173652,0.288870
-0.091955,0.174460,0.289404
-0.093443,0.173753,0.288918
-0.095149,0.172861,0.288277
-0.096734,0.173462,0.288762
-0.096930,0.174127,0.288847
-0.098202,0.174210,0.288079
-0.100789,0.173585,0.290670
-0.099366,0.172603,0.288914
-0.102907,0.173512,0.289364
-0.101049,0.174348,0.288042
-0.103335,0.173581,0.287137
-0.104105,0.174484,0.288126
-0.103744,0.173154,0.287470
-0.107833,0.174590,0.287960
-0.107932,0.174024,0.288977
-0.108391,0.173774,0.288734
-0.109726,0.174345,0.287800
-0.110752,0.175077,0.287505
-0.112362,0.172606,0.287657
-0.113333,0.173795,0.288890
-0.113147,0.172649,0.286760
-0.114613,0.172676,0.288837
-0.114955,0.173725,0.288376
-0.115550,0.172416,0.288907
-0.117762,0.173982,0.288695
-0.118561,0.172551,0.289229
-0.120903,0.171568,0.287854
-0.120702,0.173934,0.286499
-0.119838,0.174028,0.287002
-0.124402,0.172649,0.288846
-0.124052,0.172594,0.284842
-0.125348,0.172043,0.285929
-0.126834,0.172705,0.286012
-0.127193,0.169879,0.287184
-0.126822,0.171097,0.285452
-0.129837,0.171937,0.285544
-0.131736,0.170677,0.284845
-0.133374,0.165534,0.282210
-0.131981,0.165199,0.281296
-0.132034,0.162053,0.278883
-0.133810,0.159800,0.278506
-0.136154,0.157279,0.275409
-0.135575,0.153760,0.272849
-0.137083,0.152357,0.270853
-0.137180,0.148378,0.268574
-0.140447,0.146859,0.266981
-0.144349,0.130700,0.253582
-0.143687,0.126212,0.247295
-0.144348,0.121993,0.245818
-0.145541,0.118700,0.244842
-0.144463,0.117330,0.241223
-0.146814,0.115282,0.240490
-0.148483,0.111417,0.238482
-0.149648,0.108864,0.234732
-0.150030,0.104524,0.232962
-0.152944,0.096975,0.225602
0.149880,0.128870,0.252318
0.149210,0.132032,0.254844
0.147973,0.130554,0.254383
0.146238,0.130664,0.253937
0.146358,0.130229,0.254050
0.145293,0.130539,0.253648
0.144262,0.129632,0.255798
0.142820,0.129619,0.253814
0.142898,0.130235,0.255025
0.142148,0.133358,0.254266
0.140068,0.133236,0.253886
0.139396,0.132466,0.254665
0.138180,0.130946,0.255701
0.136182,0.134157,0.257272
0.135800,0.131598,0.256552
0.133814,0.132215,0.257368
0.135095,0.131269,0.257168
0.132242,0.133725,0.257042
0.130528,0.132180,0.257187
0.130783,0.133326,0.257404
0.129095,0.135209,0.256610
0.130574,0.134570,0.257556
0.127266,0.134246,0.258146
0.126393,0.134912,0.257406
0.124982,0.134460,0.257595
0.124096,0.136881,0.258723
0.122512,0.138303,0.259625
0.119738,0.139029,0.260756
0.121160,0.137769,0.261332
0.120092,0.136264,0.260768
0.119925,0.139428,0.261120
0.117666,0.138537,0.261390
0.117182,0.137444,0.261852
0.113082,0.140736,0.259355
0.115105,0.140180,0.263024
0.112084,0.143148,0.263566
0.110962,0.142744,0.261404
0.110643,0.142476,0.261932
0.108288,0.140604,0.264281
0.107043,0.143928,0.264092
0.107009,0.143856,0.266150
0.105487,0.144315,0.265274
0.104581,0.143257,0.266196
0.104422,0.143519,0.267752
0.101152,0.145650,0.266412
0.099417,0.145448,0.267081
0.099717,0.146713,0.268244
0.101160,0.146857,0.266702
0.096752,0.148454,0.269164
0.096072,0.148321,0.267965
0.094559,0.146437,0.270954
0.095435,0.147654,0.269255
0.094827,0.151507,0.268455
0.092609,0.150713,0.269663
0.092034,0.149541,0.271182
0.089257,0.151750,0.271501
0.089008,0.151411,0.273991
0.088216,0.153792,0.272703
0.087552,0.152830,0.273575
0.083847,0.155760,0.273531
0.085195,0.154638,0.276389
0.082313,0.154848,0.275742
0.081146,0.154647,0.276377
0.080802,0.156235,0.275267
0.079340,0.157837,0.277644
0.079312,0.158491,0.276614
0.077267,0.160029,0.277123
0.076629,0.159834,0.278157
0.074127,0.158933,0.278579
0.073378,0.160855,0.279702
0.074722,0.161486,0.280277
0.071351,0.164705,0.282017
0.069215,0.164444,0.282581
0.069315,0.167636,0.285256
0.069231,0.169100,0.285335
0.064549,0.186515,0.299792
0.064596,0.189299,0.303579
0.062890,0.189898,0.302705
0.064509,0.193027,0.305673
0.061326,0.195139,0.307435
0.060937,0.195108,0.308691
0.060102,0.197970,0.308680
0.057229,0.199780,0.309396
0.055204,0.199307,0.312270
0.054990,0.200919,0.311976
0.053844,0.203761,0.316817
0.053479,0.206261,0.317777
0.053162,0.206553,0.318971
0.050540,0.207216,0.317639
0.048757,0.208546,0.317590
0.050696,0.209453,0.318553
0.047636,0.210048,0.318438
0.047087,0.209647,0.318463
0.047787,0.208871,0.319394
0.045891,0.209890,0.318794
0.043873,0.207476,0.318307
0.043129,0.207134,0.320331
0.040936,0.207905,0.317533
0.040749,0.207383,0.318930
0.038133,0.209658,0.316811
0.038372,0.207015,0.317132
0.037055,0.204781,0.316318
0.035678,0.206482,0.315246
0.035650,0.207533,0.315292
0.035771,0.205443,0.315796
0.032770,0.206221,0.315812
0.033035,0.202866,0.315106
0.030310,0.203263,0.314935
0.031209,0.204712,0.316416
0.030747,0.202865,0.312275
0.028022,0.201590,0.313604
0.029049,0.203165,0.311441
0.026827,0.199433,0.312943
0.024254,0.199454,0.312306
0.024274,0.198316,0.311112
0.024689,0.199323,0.310379
0.023214,0.196086,0.312909
0.020173,0.199236,0.308607
0.018693,0.197024,0.311074
0.019152,0.197285,0.309706
0.017945,0.198383,0.308993
0.018384,0.195574,0.309422
0.016307,0.198203,0.306875
0.015844,0.196396,0.309844
0.016536,0.196095,0.309168
0.013828,0.197219,0.308165
0.012779,0.195350,0.307265
0.010960,0.194821,0.307056
0.011293,0.192640,0.308696
0.012704,0.194163,0.306966
0.008783,0.193487,0.307341
0.007947,0.192485,0.306354
0.007952,0.192843,0.304516
0.006303,0.191765,0.305397
0.004038,0.189566,0.304906
0.005335,0.190724,0.303278
0.001573,0.189086,0.300917
0.001558,0.188597,0.301236
0.001588,0.186342,0.299611
0.001210,0.187370,0.301021
0.000383,0.185643,0.298744
-0.001424,0.186080,0.299487
-0.001731,0.187230,0.298041
-0.004823,0.183899,0.298884
-0.004116,0.185559,0.297873
-0.007838,0.183992,0.299227
-0.006528,0.183725,0.297577
-0.008939,0.183039,0.297426
-0.009028,0.183156,0.297952
-0.009710,0.185497,0.295662
-0.011882,0.182465,0.297602
-0.012595,0.183295,0.297140
-0.014711,0.183797,0.298626
-0.012427,0.182474,0.297932
-0.015265,0.183163,0.297763
-0.014801,0.182671,0.297344
-0.017349,0.182671,0.297282
-0.016972,0.180597,0.295157
-0.018064,0.181774,0.298224
-0.021743,0.183522,0.296082
-0.020767,0.181720,0.296256
-0.023417,0.183286,0.297319
-0.024505,0.182600,0.296006
-0.025137,0.183853,0.296348
-0.026131,0.181746,0.294583
-0.026788,0.183402,0.296284
-0.026712,0.180254,0.295444
-0.027921,0.180247,0.296203
-0.028987,0.181299,0.296671
-0.029645,0.182537,0.297478
-0.033377,0.181048,0.295593
-0.030101,0.179643,0.296518
-0.034249,0.180429,0.295982
-0.033637,0.180474,0.296513
-0.035529,0.178912,0.293414
-0.036336,0.181894,0.296757
-0.038398,0.179421,0.295208
-0.038388,0.178868,0.295465
-0.039046,0.180589,0.295964
-0.039204,0.179380,0.295875
-0.041924,0.181471,0.296097
-0.043846,0.181906,0.292319
-0.042199,0.178698,0.293875
-0.044032,0.179725,0.292793
-0.045883,0.179754,0.293874
-0.046722,0.178350,0.294550
-0.046284,0.179512,0.293948
-0.046366,0.179031,0.295580
-0.049863,0.177246,0.294284
-0.049341,0.178923,0.293768
-0.052089,0.180229,0.293005
-0.052211,0.178588,0.292296
-0.053732,0.176910,0.293131
-0.054662,0.177363,0.292829
-0.056359,0.177075,0.292508
-0.057187,0.176957,0.293262
-0.058077,0.176337,0.294469
-0.056743,0.176134,0.293101
-0.059674,0.177604,0.291883
-0.060981,0.177025,0.291963
-0.062809,0.177283,0.293140
-0.063127,0.176663,0.292299
-0.065657,0.175910,0.290704
-0.064461,0.177919,0.291814
-0.065015,0.174204,0.291708
-0.067088,0.175952,0.292397
-0.068214,0.177246,0.292358
-0.070879,0.175797,0.292832
-0.067996,0.174842,0.290180
-0.071867,0.174714,0.291519
-0.069274,0.175509,0.291254
-0.072962,0.175587,0.289471
-0.074736,0.175299,0.292394
-0.074703,0.172510,0.292314
-0.075072,0.173296,0.291782
-0.078812,0.174892,0.289378
-0.080060,0.173752,0.290462
-0.080295,0.173826,0.292088
-0.080432,0.172497,0.291748
-0.081647,0.173698,0.288791
-0.081339,0.174535,0.290589
-0.083722,0.172602,0.289216
-0.085760,0.173417,0.287759
-0.086818,0.174294,0.288423
-0.087243,0.172883,0.287974
-0.088102,0.173584,0.288963
-0.086940,0.171984,0.290474
-0.088904,0.172981,0.289964
-0.090318,0.173807,0.290907
-0.091879,0.172601,0.290033
-0.092969,0.173121,0.290087
-0.093349,0.175068,0.290244
-0.094192,0.172090,0.287223
-0.095998,0.170340,0.288535
-0.096840,0.171949,0.288607
-0.098236,0.171896,0.291212
-0.099684,0.172218,0.287700
-0.099882,0.170743,0.288674
-0.102261,0.171497,0.289251
-0.101953,0.173968,0.289014
-0.101362,0.171604,0.288491
-0.104484,0.172291,0.286124
-0.105432,0.173293,0.289558
-0.106669,0.172125,0.288982
-0.107891,0.172178,0.289653
-0.106698,0.173178,0.286488
-0.110166,0.171808,0.287618
-0.111964,0.172593,0.288808
-0.111539,0.172252,0.287739
-0.110587,0.172069,0.287289
-0.113112,0.171272,0.289836
-0.113670,0.172215,0.289072
-0.115056,0.173111,0.286008
-0.118509,0.171632,0.288057
-0.119093,0.173464,0.287251
-0.118136,0.168870,0.286460
-0.118865,0.173426,0.286434
-0.121049,0.171555,0.287786
-0.121916,0.170857,0.285079
-0.122309,0.171043,0.286725
-0.124647,0.169786,0.289535
-0.124401,0.169952,0.286187
-0.126080,0.169244,0.287879
-0.127818,0.169103,0.285857
-0.127751,0.169076,0.285098
-0.127912,0.170324,0.287580
-0.129266,0.168481,0.285276
-0.130990,0.167545,0.283841
-0.133237,0.164542,0.280964
-0.133152,0.162408,0.280461
-0.134158,0.159861,0.280356
-0.134682,0.155550,0.276093
-0.136508,0.154525,0.272866
-0.137612,0.152199,0.273278
-0.138663,0.147030,0.269871
-0.140309,0.144355,0.265706
-0.141329,0.127858,0.252201
-0.143213,0.124759,0.249933
-0.144516,0.121410,0.246507
-0.144234,0.118494,0.243502
-0.145795,0.115964,0.242005
-0.148014,0.114623,0.241500
-0.148683,0.111096,0.238280
-0.149682,0.106316,0.235375
-0.150787,0.100892,0.231071
-0.152029,0.095436,0.224543
0.150767,0.127318,0.254870
0.148609,0.128458,0.254679
0.147552,0.129333,0.255665
0.146387,0.129209,0.253765
0.145470,0.127607,0.254085
0.144895,0.129148,0.252963
0.144194,0.130877,0.254943
0.142632,0.129496,0.253098
0.141743,0.128885,0.254520
0.141046,0.129577,0.256668
0.138460,0.130854,0.254390
0.137944,0.131000,0.255445
0.137005,0.132405,0.254588
0.136278,0.130367,0.255536
0.133163,0.130638,0.255894
0.134347,0.131391,0.255840
0.132806,0.130145,0.256952
0.129564,0.130030,0.258592
0.129167,0.132538,0.256969
0.129391,0.135007,0.256883
0.128564,0.133475,0.259421
0.127171,0.134549,0.257721
0.125630,0.131836,0.257252
0.125066,0.133514,0.259678
0.125445,0.136025,0.261597
0.121297,0.136555,0.259776
0.119901,0.136302,0.261708
0.120328,0.135508,0.260099
0.119301,0.136785,0.260781
0.118604,0.135550,0.261449
0.118272,0.137816,0.263126
0.115020,0.138405,0.261318
0.116154,0.138649,0.262496
0.113512,0.138388,0.262913
0.113654,0.140145,0.264394
0.111849,0.138258,0.263283
0.108665,0.142217,0.263533
0.109711,0.140404,0.263277
0.108795,0.140239,0.263594
0.106892,0.143014,0.264872
0.106585,0.142288,0.263877
0.103309,0.143467,0.265909
0.104099,0.142859,0.265482
0.100326,0.143576,0.267474
0.102422,0.144207,0.268917
0.100686,0.144026,0.266619
0.098508,0.145388,0.269362
0.098413,0.146143,0.268642
0.095423,0.147400,0.269982
0.095941,0.147552,0.269956
0.095534,0.146631,0.271325
0.094310,0.149211,0.271744
0.093423,0.149767,0.271224
0.091752,0.150017,0.271566
0.088789,0.149854,0.272745
0.089139,0.151189,0.270197
0.087886,0.150367,0.272765
0.086398,0.151866,0.273459
0.084740,0.151710,0.272735
0.085070,0.154178,0.274093
0.084209,0.153445,0.275027
0.084523,0.153472,0.274644
0.081533,0.152728,0.275418
0.079297,0.155609,0.276969
0.078906,0.157159,0.278715
0.078007,0.157982,0.276850
0.076860,0.158380,0.278812
0.073822,0.158044,0.277961
0.075608,0.160162,0.278863
0.074024,0.160360,0.280087
0.072634,0.160933,0.279856
0.070885,0.160525,0.281211
0.067987,0.164512,0.283561
0.068651,0.164000,0.283264
0.069257,0.167963,0.285061
0.068228,0.167676,0.285248
0.062509,0.185640,0.300866
0.061646,0.187052,0.303986
0.060132,0.188526,0.302525
0.060710,0.192165,0.305452
0.058429,0.192587,0.305266
0.059457,0.191314,0.305453
0.057292,0.193426,0.307338
0.056371,0.194408,0.306653
0.053909,0.194173,0.307003
0.053400,0.198106,0.309747
0.051511,0.197030,0.312379
0.051690,0.198586,0.312055
0.050280,0.202522,0.313939
0.048679,0.202904,0.316586
0.049388,0.203855,0.314577
0.047244,0.203733,0.314988
0.042696,0.204616,0.314604
0.045471,0.202539,0.314139
0.044049,0.204709,0.313957
0.045330,0.201586,0.314124
0.040765,0.201941,0.313442
0.040782,0.202451,0.313673
0.039696,0.201485,0.314417
0.039026,0.199121,0.313883
0.038817,0.199984,0.312132
0.036170,0.199952,0.312827
0.036623,0.198409,0.311695
0.035439,0.199504,0.310540
0.034146,0.198720,0.312972
0.033504,0.199426,0.312583
0.030806,0.196691,0.310731
0.030610,0.198607,0.310554
0.028751,0.196248,0.311709
0.029979,0.196818,0.310652
0.026583,0.194446,0.310048
0.029024,0.196292,0.308930
0.025244,0.194347,0.308336
0.024057,0.194209,0.308917
0.024006,0.197254,0.307692
0.022197,0.193628,0.309983
0.022941,0.193760,0.308314
0.020920,0.194216,0.308734
0.019764,0.193527,0.307045
0.020479,0.195638,0.308566
0.017454,0.194878,0.307875
0.016711,0.195745,0.309182
0.014910,0.194078,0.308027
0.014359,0.194642,0.308897
0.015485,0.192381,0.308245
0.012542,0.192353,0.306950
0.012875,0.192539,0.308594
0.009273,0.191660,0.307008
0.010481,0.191535,0.306606
0.007328,0.192099,0.303958
0.006566,0.190915,0.305345
0.007359,0.189687,0.304107
0.006072,0.188705,0.304306
0.007484,0.188080,0.305486
0.003406,0.187422,0.302718
0.003695,0.187607,0.302489
0.000928,0.185072,0.301225
0.000372,0.185028,0.301165
-0.000698,0.184992,0.301034
0.002242,0.183494,0.301573
-0.001218,0.183667,0.302576
-0.004197,0.183083,0.300791
-0.003772,0.183252,0.299125
-0.004396,0.183296,0.298819
-0.006750,0.183275,0.299369
-0.006103,0.182341,0.297246
-0.006093,0.183527,0.297977
-0.009094,0.180970,0.298900
-0.008682,0.181428,0.298185
-0.012343,0.180332,0.298066
-0.010724,0.182477,0.298625
-0.013635,0.181370,0.297781
-0.016361,0.181978,0.298446
-0.016327,0.183129,0.297125
-0.015024,0.178959,0.297128
-0.017491,0.182013,0.296405
-0.018755,0.180256,0.296924
-0.020163,0.181806,0.297367
-0.019134,0.182256,0.298235
-0.019770,0.179427,0.297983
-0.022350,0.180713,0.297134
-0.023307,0.180709,0.296673
-0.025710,0.179841,0.295993
-0.024170,0.180579,0.296805
-0.026866,0.178395,0.297790
-0.026397,0.180177,0.295837
-0.028398,0.180306,0.296266
-0.028727,0.179993,0.295788
-0.029931,0.179903,0.295660
-0.032235,0.180243,0.295696
-0.032955,0.181192,0.296311
-0.034192,0.179375,0.293848
-0.035601,0.179412,0.296213
-0.034972,0.181114,0.295009
-0.036895,0.177966,0.295582
-0.038052,0.178434,0.296519
-0.038781,0.179037,0.294509
-0.038421,0.177894,0.295656
-0.039609,0.179390,0.294322
-0.041105,0.179899,0.295381
-0.042414,0.178082,0.293754
-0.044215,0.176162,0.294320
-0.044308,0.179401,0.294491
-0.045660,0.177365,0.293546
-0.045846,0.176234,0.295407
-0.048245,0.175834,0.296070
-0.048250,0.176489,0.295088
-0.048954,0.177595,0.293765
-0.051350,0.179997,0.295145
-0.053945,0.178643,0.293941
-0.052450,0.176237,0.292047
-0.055019,0.178433,0.293044
-0.055302,0.175492,0.294035
-0.055875,0.177486,0.292087
-0.057412,0.177525,0.294044
-0.057751,0.176271,0.294157
-0.059308,0.176781,0.293429
-0.060524,0.174578,0.293137
-0.061695,0.175946,0.292016
-0.062946,0.176615,0.294327
-0.063051,0.175592,0.292436
-0.063985,0.175529,0.292329
-0.065636,0.174480,0.292830
-0.066128,0.174171,0.292357
-0.066930,0.173110,0.290794
-0.068028,0.175704,0.291486
-0.070551,0.174967,0.291328
-0.072073,0.174662,0.291887
-0.071289,0.174460,0.290532
-0.072390,0.174998,0.292527
-0.073601,0.173525,0.291687
-0.076226,0.173296,0.292247
-0.074662,0.172340,0.290320
-0.075603,0.171698,0.291533
-0.078767,0.173029,0.289248
-0.078256,0.171198,0.290556
-0.078343,0.173798,0.289215
-0.081231,0.172953,0.291604
-0.080984,0.171581,0.289918
-0.082441,0.173301,0.289336
-0.083433,0.171879,0.290180
-0.084210,0.172485,0.289690
-0.086211,0.171900,0.292080
-0.085780,0.171521,0.290133
-0.089771,0.171403,0.288866
-0.088487,0.171370,0.290530
-0.089370,0.172154,0.290121
-0.090195,0.170266,0.288236
-0.092283,0.171473,0.289440
-0.094232,0.171123,0.288899
-0.093480,0.171354,0.290136
-0.094111,0.171384,0.287265
-0.094833,0.172596,0.290804
-0.098690,0.170454,0.291430
-0.096677,0.171200,0.287776
-0.098662,0.170758,0.286990
-0.099242,0.171206,0.291333
-0.100354,0.169689,0.288153
-0.102957,0.172586,0.290142
-0.102366,0.170816,0.288459
-0.105116,0.169706,0.288625
-0.106513,0.172658,0.288336
-0.104575,0.169660,0.288441
-0.106717,0.172542,0.289325
-0.108665,0.170047,0.288455
-0.108117,0.171083,0.289388
-0.111404,0.169908,0.288452
-0.110461,0.170001,0.289607
-0.111192,0.170824,0.288055
-0.114442,0.169013,0.288210
-0.115686,0.171186,0.289416
-0.116523,0.169457,0.289566
-0.116362,0.170679,0.289281
-0.118883,0.169512,0.289140
-0.118030,0.171466,0.286179
-0.119884,0.168680,0.287845
-0.121579,0.170863,0.289161
-0.121863,0.170357,0.288212
-0.124244,0.170235,0.285674
-0.123298,0.169457,0.287732
-0.125212,0.166991,0.287633
-0.125549,0.167123,0.286882
-0.126644,0.167997,0.286841
-0.127906,0.168506,0.285724
-0.129573,0.168752,0.287557
-0.131590,0.166943,0.284896
-0.130987,0.166112,0.286888
-0.131587,0.163638,0.283203
-0.134060,0.160944,0.280369
-0.136035,0.157148,0.279986
-0.136586,0.156807,0.278086
-0.136637,0.152915,0.275837
-0.137509,0.150042,0.271604
-0.139212,0.148936,0.270756
-0.140950,0.145998,0.267483
-0.142207,0.125639,0.251966
-0.142283,0.122594,0.248765
-0.144728,0.120071,0.246437
-0.145467,0.118711,0.246268
-0.147061,0.114255,0.243218
-0.148241,0.113695,0.241669
-0.149141,0.109720,0.237487
-0.151466,0.104723,0.237484
-0.152461,0.101205,0.233577
-0.154280,0.093633,0.225659
0.148026,0.126311,0.255695
0.148537,0.125669,0.254840
0.146792,0.125237,0.254587
0.146824,0.126768,0.255829
0.146385,0.125678,0.254642
0.143898,0.126952,0.255524
0.142711,0.127580,0.253890
0.141086,0.128533,0.253997
0.139145,0.128407,0.256788
0.137622,0.131192,0.255768
0.137910,0.127660,0.256208
0.138537,0.127964,0.255501
0.136304,0.130928,0.257159
0.135812,0.129292,0.255209
0.134730,0.131187,0.257218
0.130612,0.129266,0.258092
0.131706,0.130518,0.257597
0.130477,0.130961,0.256522
0.129256,0.131741,0.258544
0.129064,0.131609,0.259161
0.126857,0.132347,0.259285
0.126560,0.132157,0.258860
0.125262,0.133813,0.260490
0.123151,0.133155,0.259095
0.124128,0.134327,0.259957
0.120620,0.134332,0.260684
0.120961,0.134383,0.259953
0.118864,0.135662,0.262214
0.117897,0.133456,0.260796
0.114401,0.136406,0.262049
0.117226,0.137142,0.262123
0.113939,0.137416,0.262346
0.115552,0.137070,0.264630
0.110156,0.138243,0.263863
0.112450,0.139461,0.262996
0.109122,0.138356,0.265207
0.109441,0.140698,0.265506
0.106987,0.142094,0.267358
0.106465,0.140782,0.264556
0.107464,0.138808,0.266506
0.104939,0.142327,0.267129
0.103188,0.141696,0.265327
0.101964,0.140313,0.267433
0.101234,0.143181,0.269819
0.100118,0.143295,0.267896
0.099628,0.142353,0.268950
0.097946,0.144809,0.269645
0.096660,0.146860,0.270247
0.095966,0.147443,0.268723
0.095656,0.146622,0.269715
0.093426,0.145170,0.272028
0.091594,0.145701,0.270522
0.093252,0.146874,0.270420
0.088835,0.147100,0.272449
0.090944,0.149174,0.273601
0.087539,0.150411,0.273790
0.087252,0.152179,0.275792
0.085184,0.151320,0.275125
0.085124,0.152081,0.277197
0.084684,0.152091,0.275987
0.082747,0.154419,0.277111
0.081826,0.154130,0.277063
0.080046,0.154480,0.275902
0.079477,0.155058,0.277020
0.078148,0.155708,0.278948
0.077426,0.157383,0.278989
0.075034,0.157615,0.279672
0.075911,0.158165,0.280463
0.071671,0.157997,0.279988
0.070291,0.160260,0.280671
0.070616,0.159257,0.281865
0.072492,0.162462,0.281784
0.068486,0.164059,0.283938
0.068411,0.162946,0.286741
0.065172,0.166174,0.286918
0.065136,0.166484,0.286671
0.062476,0.168515,0.290969
0.060974,0.182337,0.300703
0.060128,0.184814,0.303696
0.056218,0.188196,0.305093
0.057345,0.189818,0.305524
0.057901,0.189127,0.304358
0.055520,0.189658,0.305441
0.057050,0.188603,0.305970
0.053816,0.190193,0.306220
0.053798,0.192709,0.306264
0.053148,0.191606,0.308885
0.050137,0.192499,0.308205
0.049256,0.192447,0.307786
0.048490,0.194370,0.307672
0.047086,0.193959,0.310034
0.046443,0.196236,0.310668
0.043620,0.196240,0.309908
0.044263,0.194694,0.310222
0.043385,0.194181,0.312277
0.041641,0.194099,0.308954
0.042026,0.195385,0.310853
0.040306,0.195204,0.308260
0.039914,0.194158,0.309521
0.039249,0.194539,0.309779
0.037601,0.194279,0.309213
0.035266,0.195948,0.309457
0.035172,0.193710,0.310515
0.034885,0.193012,0.307987
0.034456,0.192950,0.308452
0.032429,0.190946,0.307098
0.031702,0.192733,0.307961
0.029601,0.189847,0.307932
0.028934,0.190796,0.307268
0.028100,0.189787,0.306508
0.028768,0.188923,0.304978
0.026656,0.188979,0.306541
0.025219,0.190816,0.305954
0.022789,0.191349,0.306105
0.023534,0.191004,0.307506
0.021665,0.190247,0.307230
0.020175,0.188061,0.305583
0.018447,0.190831,0.305186
0.018790,0.188184,0.306303
0.019491,0.189169,0.305676
0.014858,0.189651,0.310674
0.015920,0.190270,0.305138
0.013804,0.190505,0.305916
0.015145,0.188911,0.303425
0.014138,0.190526,0.307926
0.012440,0.189982,0.305647
0.011925,0.187129,0.305370
0.009920,0.188023,0.303828
0.008906,0.188557,0.304317
0.007142,0.186799,0.304143
0.007040,0.187204,0.303929
0.008022,0.185068,0.302869
0.005437,0.187891,0.302931
0.003765,0.185924,0.302062
0.004031,0.184247,0.301421
0.003075,0.183604,0.302501
0.001547,0.182862,0.302508
-0.000774,0.183120,0.301001
0.000598,0.184517,0.300812
-0.000926,0.182169,0.300100
-0.000641,0.181097,0.300135
-0.002031,0.183014,0.296785
-0.003938,0.179214,0.299722
-0.007802,0.181094,0.299297
-0.007240,0.182714,0.300722
-0.006723,0.181582,0.298148
-0.009724,0.180405,0.300159
-0.009448,0.182599,0.299539
-0.010276,0.181457,0.298243
-0.011971,0.179344,0.299083
-0.012828,0.180888,0.297298
-0.013885,0.179813,0.297288
-0.016166,0.179479,0.299466
-0.018566,0.180239,0.297485
-0.016803,0.179058,0.299581
-0.016779,0.180607,0.297517
-0.020374,0.180771,0.297757
-0.020800,0.179352,0.297580
-0.021860,0.181527,0.297356
-0.021824,0.177366,0.297543
-0.023191,0.178693,0.296851
-0.025564,0.179287,0.298234
-0.024680,0.178547,0.298162
-0.026590,0.178581,0.296569
-0.028830,0.179184,0.297019
-0.029864,0.176827,0.298468
-0.029170,0.181102,0.296514
-0.028782,0.177155,0.296687
-0.031102,0.177955,0.297354
-0.031853,0.177431,0.296091
-0.031680,0.174839,0.294786
-0.034838,0.178314,0.294261
-0.035330,0.176757,0.295357
-0.036156,0.176961,0.295773
-0.038286,0.177111,0.295890
-0.037005,0.177196,0.294556
-0.038947,0.175203,0.295397
-0.039803,0.177027,0.296887
-0.042143,0.179202,0.296862
-0.042461,0.177754,0.296082
-0.043064,0.175900,0.293995
-0.044737,0.176516,0.294170
-0.046224,0.176948,0.295003
-0.045403,0.178528,0.295603
-0.049054,0.177190,0.294284
-0.049765,0.177784,0.296537
-0.050518,0.174346,0.294879
-0.050687,0.175403,0.294687
-0.051932,0.176946,0.294876
-0.051267,0.177219,0.292346
-0.055411,0.175919,0.295955
-0.055442,0.174626,0.293747
-0.056625,0.174552,0.295505
-0.056632,0.175998,0.293420
-0.057949,0.174726,0.294104
-0.058189,0.174714,0.294374
-0.061413,0.175397,0.293321
-0.061072,0.174201,0.293284
-0.063318,0.174916,0.292825
-0.064298,0.173163,0.292402
-0.064144,0.174349,0.291078
-0.065403,0.173864,0.291166
-0.066295,0.173476,0.293800
-0.067905,0.173202,0.292178
-0.068165,0.173439,0.291606
-0.069183,0.171682,0.293255
-0.071254,0.172281,0.290356
-0.070923,0.171129,0.290289
-0.072124,0.171967,0.291018
-0.074793,0.172200,0.291987
-0.075210,0.170595,0.289681
-0.075743,0.172435,0.289827
-0.077477,0.172048,0.290970
-0.077238,0.171229,0.292091
-0.078821,0.172950,0.290457
-0.079625,0.171332,0.292538
-0.080716,0.171511,0.292373
-0.082531,0.169339,0.289603
-0.083559,0.169784,0.292892
-0.083903,0.167711,0.290488
-0.084280,0.171465,0.292266
-0.086729,0.170650,0.289459
-0.087704,0.170868,0.289786
-0.087536,0.170826,0.291069
-0.088537,0.170846,0.290480
-0.088914,0.170872,0.290401
-0.090370,0.171433,0.288155
-0.091145,0.170201,0.290919
-0.092205,0.173299,0.288652
-0.094646,0.168075,0.289690
-0.094456,0.170406,0.289833
-0.096861,0.168865,0.290386
-0.098282,0.168376,0.289078
-0.097291,0.168993,0.289952
-0.098274,0.170242,0.289033
-0.100508,0.170015,0.288384
-0.101503,0.167141,0.290008
-0.100801,0.168326,0.288269
-0.103751,0.168394,0.287946
-0.104742,0.167764,0.288012
-0.104325,0.167459,0.288825
-0.106239,0.168618,0.289888
-0.107824,0.168613,0.288725
-0.109242,0.168515,0.288897
-0.108791,0.169867,0.288320
-0.111292,0.169297,0.289699
-0.111887,0.167845,0.288477
-0.115116,0.168801,0.287427
-0.114196,0.170041,0.289856
-0.115279,0.168581,0.288810
-0.115628,0.168995,0.288415
-0.116685,0.167525,0.287143
-0.115987,0.168989,0.288447
-0.119024,0.168772,0.288548
-0.120173,0.165742,0.287558
-0.122688,0.168696,0.287766
-0.123782,0.167265,0.287711
-0.123024,0.167619,0.288071
-0.123661,0.164368,0.286023
-0.125436,0.168040,0.288387
-0.125906,0.165815,0.286981
-0.127917,0.166145,0.286317
-0.127237,0.164986,0.287135
-0.130803,0.164487,0.284649
-0.129030,0.165184,0.286665
-0.131791,0.164847,0.286336
-0.131022,0.162629,0.285937
-0.133754,0.160314,0.282572
-0.134810,0.157922,0.279010
-0.134878,0.156441,0.278506
-0.135005,0.152422,0.274245
-0.137186,0.150970,0.275092
-0.139184,0.146495,0.272062
-0.139961,0.145792,0.268025
-0.144027,0.126555,0.253400
-0.143553,0.122001,0.249002
-0.144280,0.116809,0.247983
-0.146616,0.114864,0.247007
-0.147055,0.114648,0.244658
-0.147516,0.109200,0.241141
-0.150278,0.108056,0.241058
-0.148505,0.103246,0.235497
-0.150249,0.099296,0.232836
-0.152429,0.093349,0.226060
-0.154312,0.085323,0.220807
0.149105,0.124422,0.256268
0.149246,0.125810,0.255562
0.148004,0.125763,0.255594
0.144632,0.123396,0.253417
0.146135,0.124492,0.256838
0.142716,0.124851,0.253040
0.141780,0.126562,0.253090
0.140081,0.124740,0.254534
0.140926,0.125406,0.255914
0.139288,0.125622,0.254182
0.137518,0.126453,0.254696
0.137188,0.127294,0.254295
0.135106,0.126152,0.256783
0.136214,0.127819,0.255104
0.133360,0.128652,0.256728
0.131453,0.128787,0.257980
0.132704,0.128011,0.257243
0.131794,0.127403,0.257559
0.129930,0.130616,0.257371
0.129717,0.129137,0.260063
0.127681,0.129535,0.259267
0.125749,0.130883,0.258353
0.123239,0.130433,0.259187
0.124265,0.130745,0.260108
0.122723,0.132070,0.260452
0.120485,0.132139,0.261583
0.122248,0.131359,0.260037
0.119665,0.133445,0.262735
0.118720,0.135782,0.260975
0.117616,0.134901,0.262317
0.117461,0.135075,0.263292
0.115509,0.134454,0.263262
0.112927,0.136674,0.264366
0.113056,0.135685,0.263543
0.109584,0.135466,0.264331
0.109418,0.137114,0.265096
0.108563,0.138077,0.264407
0.107726,0.138879,0.266687
0.107990,0.139266,0.265352
0.104969,0.139601,0.267138
0.104368,0.140179,0.266289
0.103793,0.139890,0.267262
0.105157,0.141330,0.266587
0.102055,0.142729,0.268602
0.099458,0.142419,0.268529
0.098540,0.142312,0.269493
0.096897,0.145252,0.269343
0.097775,0.145015,0.269185
0.096364,0.142586,0.270089
0.095078,0.143162,0.269792
0.093172,0.144208,0.270935
0.091187,0.148543,0.272925
0.093426,0.146069,0.270398
0.090851,0.146245,0.273174
0.087769,0.145889,0.272317
0.088406,0.148310,0.272584
0.086740,0.149094,0.272793
0.086004,0.149441,0.276800
0.083626,0.151831,0.276568
0.084073,0.150301,0.275519
0.084296,0.151329,0.273262
0.081562,0.152009,0.276831
0.081660,0.151818,0.277351
0.079858,0.153902,0.278533
0.077690,0.153159,0.276807
0.078121,0.156147,0.279613
0.076449,0.154666,0.279676
0.074839,0.157724,0.280886
0.072876,0.158455,0.280963
0.071402,0.158450,0.283341
0.069699,0.158641,0.284088
0.069412,0.160109,0.282520
0.069323,0.159903,0.283428
0.069058,0.161114,0.283985
0.068012,0.162475,0.284692
0.065366,0.165079,0.285932
0.064898,0.166584,0.287915
0.066124,0.168221,0.291405
0.061109,0.177793,0.297448
0.059809,0.180253,0.301297
0.059637,0.184158,0.302226
0.057178,0.185303,0.302977
0.056545,0.186564,0.303369
0.055187,0.186004,0.305390
0.054696,0.186898,0.305338
0.053436,0.187229,0.306040
0.055481,0.186821,0.305377
0.050878,0.188740,0.305797
0.051141,0.187549,0.305779
0.051314,0.189189,0.305807
0.048763,0.189405,0.307141
0.045232,0.190017,0.306575
0.048758,0.189339,0.306281
0.045387,0.188688,0.305663
0.044476,0.189128,0.306302
0.043077,0.187290,0.305063
0.042906,0.188035,0.306188
0.039901,0.186283,0.306466
0.039536,0.187157,0.305884
0.037898,0.185109,0.307435
0.037181,0.187918,0.306699
0.037139,0.187455,0.305582
0.035916,0.186221,0.306056
0.034467,0.185849,0.303883
0.033897,0.188939,0.305283
0.033198,0.186686,0.306217
0.031703,0.186252,0.304818
0.029712,0.184773,0.304897
0.028933,0.184934,0.302876
0.029138,0.185270,0.302900
0.027924,0.185130,0.304700
0.028106,0.185874,0.303222
0.025573,0.185799,0.305772
0.025858,0.184304,0.303723
0.021490,0.184868,0.303919
0.023073,0.185393,0.304110
0.021989,0.184406,0.304008
0.021271,0.187106,0.304998
0.019466,0.185009,0.304317
0.018447,0.185788,0.304640
0.017279,0.185448,0.305526
0.017057,0.187721,0.305756
0.018323,0.187789,0.304386
0.015289,0.188408,0.305802
0.014129,0.186169,0.306510
0.013827,0.185889,0.302688
0.010288,0.184281,0.304978
0.010483,0.184001,0.303447
0.008260,0.183959,0.303475
0.008315,0.183787,0.302889
0.006783,0.184829,0.303755
0.006150,0.181424,0.302471
0.005261,0.184135,0.302480
0.005060,0.184436,0.302257
0.003871,0.184152,0.304092
0.002990,0.183388,0.301571
0.000976,0.183172,0.301310
-0.000756,0.181240,0.300619
0.000602,0.179526,0.300623
-0.001058,0.180531,0.300172
-0.002436,0.179757,0.299931
-0.002424,0.181016,0.298462
-0.003916,0.180581,0.300868
-0.004789,0.178747,0.300499
-0.005825,0.179212,0.302047
-0.006815,0.180218,0.300709
-0.008295,0.178517,0.299290
-0.010262,0.179636,0.298487
-0.010273,0.179612,0.300097
-0.011874,0.177651,0.297397
-0.013449,0.179444,0.298146
-0.012167,0.177755,0.297759
-0.015687,0.178224,0.299553
-0.015792,0.177923,0.298758
-0.016878,0.177955,0.299320
-0.018540,0.179086,0.299175
-0.017063,0.178182,0.299983
-0.021347,0.179189,0.299676
-0.019300,0.178562,0.297896
-0.021321,0.176884,0.298664
-0.022241,0.178081,0.296393
-0.023710,0.178051,0.298062
-0.023857,0.179023,0.295456
-0.026961,0.177346,0.299177
-0.026327,0.177383,0.299136
-0.029428,0.177357,0.297064
-0.027165,0.175795,0.297911
-0.032996,0.177255,0.295341
-0.031857,0.177359,0.296074
-0.032420,0.176454,0.298012
-0.035065,0.177063,0.297761
-0.034467,0.176994,0.295860
-0.035478,0.176368,0.295276
-0.033921,0.177783,0.295868
-0.038944,0.177190,0.297773
-0.037797,0.176344,0.296888
-0.041318,0.176772,0.293980
-0.040987,0.174926,0.295177
-0.040823,0.176036,0.295365
-0.042486,0.177715,0.295745
-0.044968,0.176469,0.295846
-0.044607,0.175587,0.296177
-0.044233,0.174136,0.297863
-0.045518,0.175170,0.295161
-0.048912,0.177641,0.295151
-0.047592,0.174653,0.294632
-0.048199,0.174052,0.295468
-0.050747,0.173194,0.295121
-0.049396,0.174987,0.294437
-0.053683,0.175615,0.296856
-0.054445,0.174351,0.295143
-0.054954,0.173361,0.294140
-0.055861,0.175667,0.294524
-0.056385,0.172978,0.294793
-0.058565,0.172809,0.293905
-0.057980,0.173307,0.292878
-0.060442,0.171102,0.294578
-0.061263,0.170446,0.293033
-0.063224,0.172439,0.291194
-0.062932,0.172220,0.293210
-0.065308,0.169976,0.292986
-0.064494,0.170424,0.290972
-0.067831,0.171847,0.291795
-0.066218,0.169248,0.291072
-0.069649,0.171747,0.291691
-0.069557,0.171499,0.292574
-0.070078,0.168822,0.293358
-0.070920,0.170887,0.291894
-0.072334,0.169511,0.290278
-0.073202,0.169774,0.290065
-0.074071,0.170212,0.292451
-0.074375,0.171134,0.292491
-0.077833,0.170038,0.292606
-0.078037,0.172752,0.292982
-0.078341,0.171024,0.291359
-0.079683,0.170669,0.289437
-0.080299,0.170656,0.290250
-0.082969,0.169552,0.292952
-0.084671,0.169278,0.290948
-0.080916,0.169236,0.291165
-0.083926,0.169023,0.290230
-0.087094,0.167403,0.290674
-0.086434,0.170254,0.292605
-0.087874,0.168725,0.292737
-0.087220,0.171374,0.292715
-0.090119,0.168949,0.291707
-0.091258,0.171117,0.291829
-0.092083,0.169318,0.290150
-0.093380,0.170261,0.291040
-0.092762,0.167827,0.289115
-0.094683,0.167513,0.290486
-0.095881,0.168577,0.289628
-0.097290,0.168005,0.290659
-0.098242,0.168655,0.290078
-0.101200,0.169211,0.289065
-0.099400,0.167024,0.290597
-0.099961,0.166139,0.289961
-0.104093,0.167168,0.288545
-0.104307,0.165480,0.289207
-0.103388,0.167386,0.290854
-0.104382,0.166355,0.287558
-0.106391,0.166937,0.289111
-0.107949,0.166722,0.289105
-0.109702,0.168035,0.288383
-0.108035,0.167026,0.288928
-0.110570,0.167288,0.291554
-0.111826,0.167827,0.290116
-0.111364,0.166461,0.289327
-0.113289,0.167356,0.287862
-0.115012,0.166390,0.290684
-0.117377,0.166116,0.290683
-0.114920,0.164899,0.289159
-0.118194,0.166171,0.287690
-0.118184,0.167119,0.288401
-0.121028,0.165184,0.286764
-0.122016,0.166144,0.287623
-0.123831,0.164884,0.288102
-0.123460,0.165660,0.287927
-0.125093,0.164088,0.286357
-0.125141,0.163654,0.286907
-0.125045,0.163216,0.285754
-0.127474,0.163554,0.286165
-0.126214,0.163380,0.286543
-0.128456,0.163388,0.285726
-0.129763,0.159799,0.285598
-0.130693,0.163403,0.285044
-0.132248,0.162357,0.285705
-0.134455,0.159982,0.284441
-0.134289,0.158668,0.280308
-0.133944,0.154635,0.280242
-0.137576,0.151735,0.278253
-0.137805,0.149289,0.276513
-0.138983,0.148765,0.273858
-0.140580,0.144648,0.268938
-0.141992,0.123958,0.254475
-0.141628,0.118374,0.249486
-0.144240,0.115937,0.248748
-0.144098,0.114966,0.245071
-0.146204,0.112878,0.245172
-0.148125,0.109947,0.240500
-0.149868,0.106035,0.240157
-0.150089,0.102913,0.237829
-0.151692,0.097292,0.233016
-0.151410,0.090868,0.228426
-0.152948,0.083056,0.222261
0.147357,0.122866,0.254541
0.146847,0.123531,0.254307
0.147045,0.122680,0.255061
0.143647,0.122481,0.255018
0.144576,0.124366,0.254244
0.141323,0.123497,0.254481
0.141328,0.123699,0.255288
0.140499,0.125189,0.255740
0.141262,0.123782,0.256739
0.138401,0.125801,0.257497
0.138314,0.125840,0.255550
0.135281,0.125911,0.255889
0.136240,0.126240,0.257677
0.133914,0.126270,0.256891
0.134302,0.127249,0.256919
0.131817,0.126797,0.258254
0.130234,0.128259,0.258443
0.130765,0.126945,0.257301
0.127669,0.127712,0.259018
0.127194,0.128713,0.258259
0.125526,0.130318,0.258626
0.124351,0.129195,0.259684
0.123507,0.129748,0.259493
0.123880,0.130162,0.261288
0.122952,0.129196,0.258833
0.119480,0.130408,0.261873
0.119641,0.131319,0.259864
0.118976,0.132823,0.263228
0.116933,0.132604,0.264485
0.115475,0.132752,0.264382
0.114213,0.133560,0.263718
0.113524,0.134451,0.263512
0.112225,0.134665,0.264481
0.110644,0.134739,0.262722
0.110650,0.135130,0.263651
0.109251,0.135528,0.265680
0.108061,0.135012,0.264883
0.107424,0.137521,0.267094
0.104702,0.137298,0.268387
0.102165,0.139017,0.268083
0.101304,0.137872,0.267787
0.102244,0.140544,0.266860
0.101640,0.139933,0.268077
0.100110,0.139271,0.269166
0.099010,0.142659,0.270965
0.098066,0.140820,0.269129
0.095701,0.141841,0.270494
0.095036,0.144417,0.270683
0.094862,0.144942,0.272596
0.093120,0.143907,0.271944
0.094564,0.144597,0.271358
0.092062,0.145099,0.272066
0.093167,0.145863,0.273492
0.087426,0.146092,0.274485
0.087828,0.145702,0.274613
0.086017,0.147902,0.274230
0.086059,0.148739,0.273642
0.083965,0.149992,0.274972
0.082830,0.150654,0.277084
0.083073,0.149778,0.277704
0.081680,0.149191,0.277850
0.079184,0.152372,0.278642
0.080025,0.151488,0.280431
0.080137,0.151876,0.279409
0.076334,0.154518,0.279941
0.076620,0.155485,0.280144
0.073694,0.156264,0.282214
0.074169,0.155310,0.280365
0.072981,0.156504,0.281927
0.070991,0.157615,0.282133
0.069589,0.156976,0.282793
0.071180,0.157881,0.282727
0.067372,0.158185,0.284697
0.065660,0.161884,0.285755
0.067741,0.161597,0.287365
0.065468,0.164670,0.288316
0.063145,0.164155,0.288845
0.061764,0.165879,0.289211
0.061719,0.169499,0.291253
0.058956,0.176123,0.295917
0.058634,0.179602,0.299112
0.057512,0.180855,0.301358
0.054629,0.182799,0.305330
0.054945,0.183794,0.301952
0.051879,0.183937,0.303521
0.052936,0.184329,0.302668
0.052294,0.184113,0.306323
0.049757,0.184910,0.304391
0.049187,0.184648,0.303731
0.048147,0.184343,0.304224
0.048211,0.183608,0.303160
0.047199,0.183631,0.304322
0.045831,0.184796,0.302864
0.045531,0.184155,0.304774
0.042321,0.183044,0.302632
0.044757,0.183075,0.302803
0.041365,0.184028,0.303200
0.040360,0.183182,0.304501
0.037919,0.182647,0.304668
0.038662,0.182761,0.304608
0.037264,0.183066,0.302489
0.036184,0.183854,0.302806
0.036909,0.182549,0.303623
0.033916,0.181921,0.302579
0.033989,0.180523,0.303997
0.030152,0.180224,0.300771
0.031791,0.183058,0.302167
0.029703,0.180942,0.300939
0.028340,0.182356,0.301039
0.028538,0.182130,0.301765
0.028306,0.183033,0.302568
0.025230,0.181283,0.304035
0.024707,0.182832,0.303363
0.023554,0.181127,0.304000
0.022111,0.183411,0.301990
0.020544,0.181598,0.303882
0.020877,0.182759,0.302895
0.020260,0.182203,0.302348
0.019130,0.184036,0.303771
0.018393,0.185023,0.303576
0.015505,0.182517,0.303875
0.015933,0.184019,0.303741
0.014974,0.182982,0.303079
0.013081,0.183195,0.304316
0.011513,0.183338,0.303113
0.011599,0.183914,0.303034
0.011955,0.182300,0.300056
0.010767,0.179145,0.302162
0.007249,0.180969,0.304070
0.007354,0.180944,0.302950
0.006369,0.182444,0.302724
0.006089,0.181318,0.302583
0.004608,0.180793,0.302633
0.004905,0.179874,0.301261
0.001277,0.180381,0.302445
0.002739,0.181406,0.302069
0.001166,0.178614,0.300482
-0.000696,0.179738,0.301055
-0.002150,0.178176,0.301823
0.000033,0.178586,0.300868
-0.002639,0.179538,0.300500
-0.005556,0.178683,0.300665
-0.007340,0.179370,0.300327
-0.006311,0.178505,0.300273
-0.006872,0.176943,0.298526
-0.011274,0.178297,0.298487
-0.010364,0.176278,0.300931
-0.010631,0.179193,0.299817
-0.010770,0.179523,0.299110
-0.015074,0.177436,0.298567
-0.013717,0.176437,0.299436
-0.014546,0.177369,0.298631
-0.017419,0.177294,0.297960
-0.015728,0.177090,0.297721
-0.019961,0.175943,0.299471
-0.019313,0.176952,0.297792
-0.019597,0.176681,0.298166
-0.021696,0.176818,0.299162
-0.020955,0.176735,0.299102
-0.022415,0.177808,0.297828
-0.023696,0.175565,0.296073
-0.024335,0.177401,0.298619
-0.024946,0.175557,0.299299
-0.027114,0.175531,0.297602
-0.028887,0.176092,0.298354
-0.029921,0.177068,0.297500
-0.031021,0.175677,0.297369
-0.030521,0.175566,0.297757
-0.032331,0.174793,0.297713
-0.034116,0.177181,0.298311
-0.035716,0.175479,0.296613
-0.035792,0.176520,0.298123
-0.037920,0.174867,0.296988
-0.037108,0.174377,0.297722
-0.037459,0.175847,0.298433
-0.039141,0.173797,0.297327
-0.042147,0.175073,0.298254
-0.042587,0.174492,0.296402
-0.041978,0.176086,0.298020
-0.044334,0.174212,0.296110
-0.047014,0.175557,0.297350
-0.045194,0.173136,0.297327
-0.046569,0.174616,0.297738
-0.048081,0.174157,0.295532
-0.047542,0.173303,0.295401
-0.049077,0.171522,0.296021
-0.050849,0.175535,0.296897
-0.052786,0.171125,0.293850
-0.052957,0.170664,0.293584
-0.052441,0.172584,0.295110
-0.056180,0.171385,0.293651
-0.055883,0.172693,0.292815
-0.058399,0.170823,0.294905
-0.054629,0.169539,0.292271
-0.060826,0.171688,0.294828
-0.058848,0.170342,0.292965
-0.061367,0.171154,0.292578
-0.062389,0.169711,0.293312
-0.063324,0.172526,0.293731
-0.064886,0.169880,0.293289
-0.065539,0.170376,0.293303
-0.066747,0.166646,0.292779
-0.067911,0.169433,0.294021
-0.066242,0.169322,0.293396
-0.070300,0.169538,0.292959
-0.072191,0.168932,0.292233
-0.071746,0.166783,0.291370
-0.071109,0.169190,0.292173
-0.074715,0.170240,0.292048
-0.076182,0.169804,0.292829
-0.075942,0.168324,0.291302
-0.074593,0.168899,0.291306
-0.077980,0.168800,0.290942
-0.077490,0.168235,0.292811
-0.080189,0.168057,0.288629
-0.080307,0.166472,0.290594
-0.082780,0.166893,0.291362
-0.082628,0.168426,0.292561
-0.084333,0.168775,0.292086
-0.083832,0.166810,0.291580
-0.085185,0.168945,0.291067
-0.087935,0.169058,0.290642
-0.088324,0.165944,0.293480
-0.090561,0.169694,0.291286
-0.089608,0.167752,0.289416
-0.090378,0.166182,0.291397
-0.090542,0.167270,0.291171
-0.094539,0.168295,0.291473
-0.094130,0.165874,0.290965
-0.095907,0.168457,0.291378
-0.095069,0.165374,0.289540
-0.096947,0.166349,0.290207
-0.097269,0.166605,0.291537
-0.098273,0.166544,0.290309
-0.100598,0.166225,0.290192
-0.103043,0.167046,0.289503
-0.102067,0.166717,0.289898
-0.101744,0.166155,0.289436
-0.103732,0.164417,0.290054
-0.106432,0.167876,0.291135
-0.105812,0.165444,0.289263
-0.107440,0.165241,0.289580
-0.107988,0.164970,0.289348
-0.108154,0.165688,0.289596
-0.110736,0.166697,0.290564
-0.110347,0.166103,0.289636
-0.113313,0.166150,0.288980
-0.115036,0.163934,0.289274
-0.116088,0.165477,0.287517
-0.114836,0.163178,0.288629
-0.115312,0.165676,0.289101
-0.118746,0.165972,0.289134
-0.118323,0.165928,0.288561
-0.119101,0.164175,0.288912
-0.120106,0.163356,0.289423
-0.121934,0.164272,0.288389
-0.121971,0.162968,0.287627
-0.123818,0.163352,0.288276
-0.126372,0.162786,0.287345
-0.125518,0.164375,0.287290
-0.125988,0.163910,0.286689
-0.129148,0.162024,0.286352
-0.129308,0.162959,0.286831
-0.129755,0.161256,0.284978
-0.133381,0.162690,0.284043
-0.130587,0.160562,0.284038
-0.133182,0.159026,0.283275
-0.134135,0.158232,0.282351
-0.135381,0.157153,0.280927
-0.136019,0.151961,0.277495
-0.137901,0.148273,0.274306
-0.138635,0.146175,0.273973
-0.140043,0.141666,0.269721
-0.143061,0.121241,0.252494
-0.142805,0.118487,0.249430
-0.144550,0.116616,0.249685
-0.144230,0.113204,0.247392
-0.146567,0.110454,0.245778
-0.146830,0.109095,0.242520
-0.148087,0.106389,0.240691
-0.150217,0.102144,0.236041
-0.152102,0.097958,0.232813
-0.153708,0.090134,0.228986
-0.155660,0.083921,0.222971
0.147618,0.120594,0.257030
0.147882,0.120023,0.255215
0.146200,0.121330,0.256246
0.143430,0.121727,0.256312
0.142721,0.121205,0.256877
0.144557,0.119755,0.256165
0.141709,0.120920,0.254776
0.138689,0.121079,0.256193
0.137967,0.123918,0.253990
0.139906,0.123659,0.256381
0.134993,0.122633,0.257028
0.134963,0.123062,0.255128
0.135016,0.124150,0.256747
0.133482,0.124621,0.258411
0.132807,0.124640,0.255305
0.131717,0.125430,0.258240
0.130872,0.126791,0.255630
0.129175,0.124733,0.259785
0.129709,0.127207,0.258715
0.129095,0.127525,0.259557
0.127225,0.127462,0.260192
0.125857,0.126264,0.261742
0.123887,0.129213,0.259347
0.122435,0.128544,0.261760
0.119764,0.131159,0.260270
0.119971,0.129525,0.261228
0.119508,0.133615,0.260703
0.119399,0.130950,0.262768
0.117085,0.129848,0.261817
0.114358,0.131036,0.263015
0.115102,0.132847,0.262673
0.114864,0.133294,0.263863
0.112815,0.132048,0.264675
0.112841,0.133639,0.266591
0.109295,0.135371,0.264336
0.107269,0.134384,0.266747
0.108272,0.134804,0.265697
0.108498,0.134624,0.268054
0.105044,0.134997,0.267502
0.105241,0.137826,0.267123
0.103949,0.137092,0.266562
0.103127,0.137395,0.268937
0.102237,0.136793,0.269949
0.101646,0.139408,0.269308
0.101030,0.140388,0.268889
0.098398,0.139154,0.270385
0.097207,0.141941,0.271242
0.094725,0.141229,0.273313
0.096528,0.141873,0.273078
0.092627,0.142988,0.271278
0.094995,0.140945,0.272853
0.092044,0.142611,0.273590
0.090372,0.146680,0.273964
0.089999,0.144981,0.274481
0.087541,0.142956,0.274887
0.085790,0.145345,0.274976
0.085560,0.147013,0.275505
0.086156,0.147488,0.276056
0.081387,0.149674,0.276453
0.083795,0.149872,0.277827
0.081965,0.150074,0.278229
0.079577,0.151993,0.278899
0.078339,0.151256,0.280269
0.078066,0.152918,0.280912
0.076303,0.155131,0.279905
0.075938,0.154143,0.281732
0.073787,0.154895,0.279710
0.072136,0.156249,0.281857
0.071688,0.154812,0.282930
0.070361,0.156135,0.282905
0.069740,0.157433,0.284734
0.067184,0.157388,0.283528
0.068744,0.157187,0.286562
0.067281,0.160218,0.286813
0.065691,0.160606,0.287250
0.063545,0.161637,0.287561
0.063465,0.159201,0.288139
0.062413,0.164428,0.289468
0.061430,0.165918,0.289097
0.060525,0.167316,0.290693
0.058494,0.168759,0.292603
0.058543,0.171769,0.297770
0.056502,0.175923,0.299225
0.055666,0.177118,0.299649
0.054516,0.180111,0.302597
0.052072,0.181243,0.302647
0.052064,0.180314,0.304162
0.049889,0.180588,0.304626
0.047575,0.180100,0.302528
0.048599,0.180028,0.301076
0.046291,0.181261,0.302274
0.048527,0.181050,0.302948
0.044547,0.178658,0.304205
0.045957,0.179709,0.301784
0.044262,0.179067,0.301135
0.040895,0.179562,0.302041
0.041328,0.179855,0.302068
0.039501,0.179055,0.300910
0.040149,0.179807,0.301703
0.038510,0.178754,0.301328
0.037024,0.177965,0.300118
0.035942,0.179491,0.302448
0.036967,0.180006,0.301576
0.034073,0.179483,0.299696
0.032375,0.178102,0.298742
0.033163,0.179055,0.300994
0.029762,0.177647,0.301455
0.030896,0.177688,0.299776
0.028045,0.177322,0.300310
0.028239,0.178384,0.301784
0.025424,0.177810,0.302151
0.025557,0.178030,0.300834
0.025075,0.177425,0.300025
0.023794,0.178230,0.300533
0.022999,0.177148,0.300695
0.022007,0.178528,0.302898
0.022315,0.177720,0.303433
0.018499,0.179761,0.301804
0.020290,0.180414,0.304277
0.018659,0.180755,0.303128
0.016570,0.179447,0.302865
0.015409,0.178837,0.304580
0.014337,0.180941,0.302327
0.012321,0.179111,0.300277
0.011747,0.181011,0.300590
0.010389,0.178906,0.302040
0.010837,0.179225,0.302676
0.010009,0.180571,0.302261
0.007804,0.178657,0.300091
0.008022,0.179781,0.302902
0.006089,0.179016,0.303367
0.006852,0.178462,0.301642
0.004209,0.179608,0.302734
0.003154,0.178961,0.301723
0.000590,0.178319,0.302376
0.002709,0.177780,0.301543
0.000299,0.177725,0.302181
-0.000622,0.179070,0.300638
-0.002345,0.179493,0.303196
-0.003319,0.178340,0.299957
-0.004366,0.178414,0.299502
-0.003443,0.176978,0.300689
-0.004026,0.180038,0.298389
-0.008459,0.176590,0.301016
-0.008177,0.178064,0.301870
-0.011465,0.178348,0.299181
-0.010570,0.176220,0.299387
-0.009632,0.175108,0.300661
-0.011516,0.176397,0.298252
-0.012403,0.175720,0.300100
-0.014529,0.177662,0.301569
-0.015817,0.176166,0.300875
-0.016774,0.174963,0.299002
-0.015522,0.174491,0.300274
-0.016971,0.176543,0.300576
-0.018569,0.176415,0.298596
-0.019331,0.174733,0.300328
-0.022007,0.174886,0.299061
-0.023482,0.177402,0.301519
-0.023460,0.175254,0.297966
-0.024034,0.176621,0.300953
-0.024609,0.175556,0.299077
-0.026756,0.175343,0.299101
-0.027731,0.174667,0.299003
-0.029608,0.174511,0.301368
-0.028822,0.175464,0.297896
-0.030324,0.174330,0.298489
-0.031034,0.175983,0.296695
-0.031300,0.173897,0.297559
-0.031650,0.173004,0.297858
-0.035811,0.176214,0.299720
-0.035922,0.172861,0.298555
-0.035184,0.174345,0.296116
-0.038061,0.173649,0.297735
-0.037744,0.174653,0.298234
-0.040756,0.174073,0.297725
-0.041262,0.173067,0.297350
-0.041234,0.174051,0.297447
-0.042816,0.173840,0.297767
-0.043941,0.173663,0.296909
-0.044748,0.173831,0.297678
-0.043158,0.171613,0.296931
-0.045561,0.172924,0.295700
-0.046740,0.172478,0.297241
-0.048453,0.172714,0.297568
-0.049715,0.170968,0.296986
-0.051473,0.171893,0.296621
-0.049923,0.171471,0.298122
-0.052791,0.171917,0.295988
-0.052957,0.169760,0.296257
-0.055816,0.169039,0.295520
-0.055468,0.171252,0.295146
-0.057624,0.170558,0.294183
-0.057322,0.172716,0.295282
-0.057550,0.169686,0.292757
-0.059786,0.168168,0.292603
-0.062005,0.171333,0.294574
-0.063431,0.168542,0.293485
-0.064476,0.168303,0.292869
-0.064797,0.168616,0.292690
-0.066973,0.169084,0.292714
-0.064696,0.169469,0.292565
-0.066491,0.169034,0.293565
-0.068820,0.170837,0.293405
-0.071256,0.167094,0.291857
-0.071218,0.169100,0.292262
-0.071039,0.168014,0.291588
-0.071188,0.165669,0.293200
-0.075337,0.167079,0.293027
-0.073805,0.168799,0.293068
-0.076272,0.168445,0.291257
-0.076808,0.167553,0.291129
-0.076123,0.167512,0.293329
-0.076171,0.166657,0.293358
-0.078966,0.166934,0.291706
-0.082811,0.167731,0.290176
-0.082394,0.166656,0.292556
-0.083792,0.165564,0.293440
-0.084933,0.167341,0.291965
-0.083922,0.164492,0.291939
-0.085953,0.166938,0.291687
-0.087223,0.167377,0.291066
-0.087923,0.168005,0.292730
-0.087606,0.165083,0.291863
-0.089105,0.167639,0.291889
-0.089955,0.165646,0.291215
-0.092453,0.165710,0.291425
-0.095998,0.167967,0.291671
-0.094508,0.165104,0.290725
-0.095835,0.166746,0.292767
-0.096139,0.165150,0.292329
-0.098143,0.165192,0.291384
-0.099193,0.164120,0.291246
-0.099235,0.166374,0.291755
-0.100260,0.163344,0.290015
-0.101113,0.165396,0.291001
-0.100913,0.167232,0.289968
-0.102952,0.164291,0.289763
-0.105080,0.165997,0.291000
-0.106782,0.162716,0.291568
-0.105489,0.163253,0.288690
-0.107893,0.163792,0.289859
-0.108703,0.163372,0.288815
-0.109079,0.164234,0.288094
-0.110960,0.163351,0.288239
-0.110822,0.163567,0.289621
-0.112402,0.161612,0.289719
-0.114409,0.162323,0.287911
-0.115626,0.162095,0.289086
-0.116210,0.162157,0.289837
-0.116748,0.163224,0.288158
-0.116516,0.160617,0.288937
-0.120030,0.162132,0.289353
-0.118596,0.160162,0.287817
-0.120629,0.161239,0.286841
-0.120293,0.160387,0.287130
-0.122802,0.161201,0.288714
-0.123144,0.161919,0.288620
-0.126164,0.160182,0.289691
-0.126258,0.161151,0.286686
-0.125303,0.161176,0.286610
-0.128494,0.159742,0.285346
-0.130785,0.160521,0.286983
-0.129002,0.158170,0.284637
-0.130996,0.157219,0.286101
-0.133148,0.157467,0.285540
-0.133342,0.156817,0.282174
-0.132669,0.155257,0.284120
-0.137391,0.154729,0.280883
-0.135585,0.153124,0.279602
-0.139005,0.148903,0.276350
-0.137285,0.143063,0.273231
-0.140088,0.125023,0.255847
-0.141823,0.120213,0.253217
-0.142387,0.114516,0.249374
-0.143901,0.115904,0.247520
-0.144638,0.111911,0.247436
-0.145475,0.107636,0.244311
-0.147997,0.106166,0.242001
-0.148083,0.104541,0.241242
-0.148202,0.099817,0.238409
-0.150399,0.096576,0.233942
-0.151901,0.088418,0.228476
-0.152688,0.080455,0.222321
0.146783,0.118453,0.253972
0.146241,0.118463,0.256759
0.144857,0.120520,0.253436
0.142384,0.120408,0.256447
0.144736,0.120207,0.256219
0.142351,0.120487,0.255011
0.140449,0.120075,0.256890
0.139195,0.119576,0.256589
0.139469,0.120145,0.253516
0.136694,0.120589,0.256939
0.138188,0.121912,0.255824
0.135228,0.122155,0.257120
0.134828,0.123234,0.257332
0.132197,0.122890,0.257227
0.133356,0.123707,0.259202
0.131725,0.124220,0.258042
0.129131,0.122250,0.259374
0.128573,0.124135,0.257088
0.128720,0.124787,0.260799
0.125727,0.126052,0.259325
0.124451,0.126026,0.260717
0.124143,0.126924,0.257834
0.122019,0.125762,0.261124
0.122160,0.126728,0.261049
0.120702,0.127619,0.261175
0.119226,0.127747,0.261902
0.119152,0.127788,0.263218
0.117351,0.129218,0.262199
0.116270,0.129124,0.264622
0.115703,0.130289,0.263422
0.113473,0.131018,0.263806
0.112920,0.131124,0.264586
0.110990,0.132443,0.265884
0.111407,0.132557,0.266406
0.109550,0.133090,0.265344
0.107185,0.135248,0.265844
0.106529,0.135067,0.267053
0.106466,0.135132,0.266390
0.105617,0.133806,0.268159
0.106221,0.135873,0.268715
0.103368,0.135416,0.270566
0.101809,0.136336,0.267519
0.100802,0.138325,0.271388
0.099452,0.136596,0.272862
0.097419,0.138305,0.269409
0.096626,0.137712,0.272281
0.095661,0.139278,0.272250
0.093671,0.139554,0.272297
0.093043,0.141293,0.273448
0.093264,0.142479,0.273247
0.090705,0.144044,0.272947
0.091435,0.143451,0.275287
0.088205,0.144983,0.273399
0.090329,0.144474,0.275145
0.086843,0.146439,0.277175
0.084689,0.145637,0.275882
0.083503,0.144828,0.277133
0.084565,0.148081,0.277045
0.082586,0.148316,0.278276
0.080804,0.147616,0.278681
0.081029,0.149573,0.279171
0.079390,0.150505,0.279289
0.076831,0.149415,0.278677
0.077802,0.151086,0.281269
0.076423,0.152240,0.281212
0.073881,0.153222,0.281951
0.074126,0.153220,0.282781
0.070946,0.153570,0.284281
0.071190,0.156533,0.282918
0.071398,0.156584,0.283504
0.068016,0.156912,0.285760
0.069032,0.157651,0.285524
0.064593,0.157888,0.288208
0.064231,0.158471,0.286941
0.065069,0.159942,0.288615
0.062652,0.159417,0.287603
0.062081,0.159713,0.287219
0.061578,0.163609,0.289204
0.061025,0.163592,0.292511
0.059675,0.166761,0.290913
0.059181,0.166726,0.293339
0.057135,0.168914,0.296093
0.055290,0.173335,0.297173
0.053097,0.172863,0.298974
0.054210,0.175532,0.300017
0.051605,0.174854,0.299007
0.049808,0.176201,0.299749
0.048902,0.177522,0.300731
0.047272,0.176736,0.300436
0.047139,0.175916,0.301131
0.044612,0.175111,0.302992
0.044483,0.177577,0.302177
0.043589,0.175931,0.301945
0.042506,0.175338,0.301266
0.041918,0.176961,0.299783
0.042265,0.175850,0.301740
0.041648,0.175532,0.301309
0.037838,0.175986,0.300276
0.039640,0.175509,0.302344
0.038432,0.176216,0.298815
0.037668,0.175247,0.300064
0.037115,0.175821,0.299543
0.034314,0.174289,0.298918
0.033843,0.175371,0.299403
0.033918,0.175764,0.302022
0.030093,0.174530,0.299666
0.031658,0.173045,0.300013
0.031937,0.173456,0.299021
0.028425,0.174189,0.298575
0.026991,0.173425,0.298246
0.024610,0.177193,0.302107
0.024906,0.174872,0.299119
0.023340,0.174811,0.300372
0.023091,0.174485,0.301402
0.021846,0.175065,0.301505
0.020062,0.176621,0.302230
0.020118,0.176737,0.301486
0.019641,0.177969,0.301845
0.018602,0.177820,0.301958
0.017313,0.178642,0.303728
0.013829,0.178330,0.302303
0.014852,0.179596,0.302093
0.012986,0.179231,0.301548
0.011319,0.177613,0.303142
0.012774,0.178855,0.303703
0.009750,0.177475,0.301599
0.009063,0.178485,0.302081
0.009721,0.178558,0.302299
0.007310,0.177188,0.302226
0.004437,0.177662,0.302956
0.003803,0.176281,0.301078
0.004132,0.177192,0.301200
0.002863,0.177322,0.300180
0.002430,0.176008,0.301540
0.002052,0.178037,0.300828
0.001834,0.177764,0.301120
-0.001542,0.176574,0.301271
-0.002135,0.174964,0.302022
-0.002757,0.176991,0.300236
-0.003868,0.174900,0.301293
-0.004112,0.176318,0.301306
-0.005549,0.176433,0.299593
-0.006524,0.175301,0.300191
-0.007935,0.177321,0.301358
-0.008294,0.175388,0.300124
-0.008900,0.173740,0.299457
-0.012328,0.177481,0.301151
-0.011194,0.175351,0.300763
-0.013700,0.176371,0.300637
-0.012860,0.175162,0.300570
-0.014811,0.174095,0.298047
-0.015102,0.174383,0.299517
-0.015100,0.175079,0.298235
-0.017990,0.174207,0.300276
-0.018705,0.176362,0.300270
-0.020348,0.174773,0.299951
-0.018851,0.174228,0.299741
-0.021032,0.173261,0.299248
-0.023606,0.174261,0.300304
-0.024244,0.172861,0.298724
-0.024680,0.171890,0.300258
-0.025491,0.173590,0.299143
-0.027566,0.174228,0.299241
-0.028102,0.172707,0.298972
-0.030647,0.175902,0.298310
-0.028099,0.172509,0.299889
-0.033232,0.174825,0.298687
-0.032883,0.172619,0.299633
-0.033976,0.173247,0.298520
-0.034878,0.173509,0.297388
-0.034654,0.176301,0.296775
-0.036677,0.173279,0.299177
-0.036274,0.171542,0.298334
-0.038252,0.172559,0.300730
-0.040439,0.171159,0.297902
-0.041875,0.171875,0.297969
-0.040898,0.172604,0.297706
-0.043184,0.171527,0.299069
-0.043127,0.171545,0.298187
-0.043621,0.171441,0.296831
-0.044908,0.173334,0.297363
-0.048240,0.171806,0.297438
-0.050118,0.172627,0.298550
-0.047751,0.169028,0.296414
-0.049010,0.171176,0.295386
-0.052621,0.170157,0.299016
-0.050797,0.170324,0.296512
-0.052434,0.170932,0.296603
-0.054898,0.169259,0.295276
-0.054554,0.168432,0.295996
-0.056022,0.169311,0.295664
-0.058003,0.169005,0.295536
-0.057402,0.168079,0.296136
-0.058450,0.170099,0.294294
-0.059751,0.168704,0.292617
-0.060930,0.167789,0.296645
-0.062752,0.166841,0.296414
-0.063343,0.167251,0.292934
-0.062968,0.166472,0.293112
-0.066663,0.166618,0.293163
-0.066504,0.166586,0.294285
-0.066657,0.166732,0.293663
-0.068060,0.166949,0.293062
-0.070268,0.165025,0.292465
-0.069908,0.166766,0.294008
-0.069347,0.166801,0.293419
-0.073031,0.167906,0.294089
-0.072180,0.165653,0.292601
-0.074250,0.166965,0.293545
-0.075922,0.166791,0.289333
-0.076313,0.165554,0.292196
-0.078660,0.166643,0.291690
-0.079272,0.166236,0.292693
-0.079407,0.166326,0.292287
-0.080393,0.165340,0.290809
-0.081054,0.165447,0.292214
-0.084413,0.166141,0.291853
-0.083885,0.165991,0.291575
-0.084989,0.165487,0.291128
-0.086583,0.162291,0.293549
-0.084323,0.166107,0.291163
-0.087462,0.166151,0.291373
-0.087323,0.163019,0.294478
-0.090662,0.165956,0.290945
-0.091115,0.163886,0.290869
-0.089729,0.165032,0.293203
-0.092083,0.165768,0.292346
-0.094982,0.163376,0.289661
-0.094068,0.162793,0.289928
-0.095774,0.164515,0.290789
-0.097100,0.163635,0.290590
-0.099869,0.163942,0.290351
-0.099657,0.163366,0.291541
-0.099398,0.165168,0.292030
-0.100996,0.164979,0.291770
-0.103315,0.162914,0.291499
-0.104005,0.163861,0.290258
-0.105437,0.164197,0.290490
-0.105073,0.162548,0.289062
-0.105895,0.163093,0.291208
-0.107762,0.162556,0.289442
-0.106898,0.160999,0.289678
-0.109530,0.161992,0.288411
-0.109728,0.161162,0.288286
-0.113000,0.160947,0.288883
-0.112764,0.161836,0.289226
-0.113306,0.162832,0.290464
-0.114958,0.161467,0.290216
-0.116198,0.159954,0.288729
-0.115131,0.161168,0.288482
-0.118404,0.159641,0.289285
-0.119877,0.161636,0.287233
-0.118384,0.160249,0.287374
-0.120977,0.163061,0.287859
-0.120500,0.160403,0.286811
-0.122531,0.159619,0.288596
-0.125551,0.158770,0.286509
-0.126610,0.161139,0.287153
-0.126751,0.159375,0.286931
-0.127000,0.158485,0.287122
-0.128949,0.157966,0.287463
-0.129474,0.157221,0.285626
-0.129947,0.157406,0.285567
-0.129939,0.154542,0.284762
-0.132231,0.153536,0.285067
-0.135026,0.154002,0.284325
-0.133092,0.154475,0.283016
-0.136872,0.155243,0.282317
-0.136695,0.150880,0.280460
-0.136853,0.145475,0.276855
-0.139278,0.139265,0.271841
-0.143849,0.124506,0.257611
-0.142602,0.118158,0.254532
-0.142557,0.115337,0.253322
-0.142992,0.111891,0.248549
-0.145295,0.112841,0.248111
-0.146894,0.107483,0.244231
-0.147655,0.103620,0.243729
-0.148623,0.102377,0.240635
-0.148751,0.099865,0.237493
-0.152560,0.093942,0.235599
-0.152765,0.087670,0.227529
-0.154011,0.080243,0.223358
0.146473,0.118185,0.254561
0.144983,0.116980,0.255546
0.144602,0.118356,0.254784
0.143867,0.118527,0.253274
0.142186,0.117147,0.257305
0.139772,0.118788,0.255186
0.141489,0.119875,0.256271
0.138813,0.118485,0.255759
0.136419,0.120135,0.256381
0.135691,0.120236,0.255451
0.134336,0.120370,0.255204
0.133743,0.118569,0.256401
0.134916,0.120003,0.256150
0.131988,0.122892,0.255597
0.131189,0.121253,0.259031
0.128293,0.123441,0.258143
0.128882,0.121934,0.257470
0.127107,0.121617,0.259270
0.126974,0.122944,0.257691
0.125572,0.123782,0.258901
0.125712,0.125137,0.259919
0.123007,0.125122,0.259679
0.123391,0.124624,0.260630
0.120863,0.127145,0.265441
0.119943,0.124196,0.263024
0.119839,0.127255,0.261660
0.117280,0.129532,0.262385
0.116109,0.128255,0.261838
0.115460,0.129311,0.264590
0.114187,0.129222,0.266184
0.113027,0.128293,0.265239
0.112046,0.127948,0.264436
0.111266,0.130981,0.266839
0.108779,0.130984,0.265457
0.110522,0.132155,0.265521
0.108558,0.133037,0.265883
0.105678,0.132880,0.268191
0.104572,0.133500,0.266571
0.103467,0.133793,0.267979
0.103069,0.136111,0.268395
0.100620,0.135977,0.271942
0.101022,0.136229,0.270939
0.099439,0.136759,0.272027
0.097973,0.137314,0.270620
0.097306,0.139877,0.270353
0.096154,0.139595,0.273266
0.093884,0.138725,0.270036
0.093903,0.139936,0.272402
0.091895,0.138817,0.275802
0.091781,0.141177,0.274129
0.089584,0.142083,0.275089
0.087657,0.141642,0.275560
0.088924,0.143696,0.276468
0.087368,0.144160,0.276601
0.086178,0.145324,0.275689
0.085850,0.145075,0.277088
0.083252,0.147065,0.276967
0.081629,0.146133,0.275854
0.079992,0.146462,0.276705
0.081901,0.147885,0.279393
0.078622,0.148411,0.280008
0.077258,0.149708,0.281128
0.076767,0.148413,0.280727
0.075844,0.149387,0.281300
0.074063,0.151119,0.282087
0.074066,0.152396,0.282165
0.071079,0.152220,0.282495
0.071878,0.153177,0.284747
0.070165,0.156004,0.286564
0.067601,0.154627,0.285680
0.068713,0.155439,0.288020
0.065845,0.159100,0.288458
0.065146,0.157766,0.287169
0.064148,0.157841,0.287508
0.064259,0.159685,0.287954
0.062158,0.157476,0.287545
0.063506,0.161530,0.288979
0.060548,0.159536,0.290964
0.060102,0.161781,0.291075
0.056752,0.164554,0.291600
0.055854,0.164121,0.293508
0.054271,0.166975,0.295009
0.053921,0.168452,0.292839
0.052216,0.168544,0.297812
0.053031,0.170110,0.295182
0.051625,0.169764,0.297581
0.051987,0.171942,0.296518
0.050606,0.169850,0.298490
0.047335,0.170131,0.297745
0.046024,0.171740,0.298251
0.045302,0.170710,0.299357
0.044376,0.172691,0.297975
0.045395,0.174745,0.300610
0.043197,0.172490,0.300508
0.042211,0.174521,0.299996
0.040276,0.173691,0.300198
0.038819,0.171870,0.299672
0.039649,0.174955,0.301141
0.038073,0.171850,0.298803
0.036103,0.173637,0.300224
0.035636,0.172654,0.299535
0.034652,0.173597,0.299726
0.033922,0.171012,0.298491
0.032714,0.172187,0.298573
0.029332,0.171512,0.299475
0.027804,0.170782,0.300273
0.031173,0.171524,0.299585
0.028682,0.171496,0.299615
0.026917,0.171519,0.298448
0.027977,0.172473,0.299453
0.026818,0.171232,0.297574
0.024354,0.172670,0.298810
0.021437,0.173383,0.300840
0.023177,0.174418,0.300319
0.022128,0.173927,0.300010
0.019959,0.174031,0.301702
0.017264,0.175697,0.301253
0.018390,0.175021,0.302269
0.017293,0.175833,0.301300
0.017440,0.176189,0.301932
0.014383,0.175997,0.302365
0.012339,0.175952,0.301893
0.011844,0.175177,0.300346
0.011412,0.173995,0.304831
0.012197,0.176280,0.300890
0.010604,0.175554,0.301450
0.006616,0.174540,0.303635
0.008158,0.174937,0.302249
0.005588,0.174765,0.302634
0.005355,0.174706,0.303796
0.002939,0.172970,0.302149
0.004509,0.175069,0.301345
0.003111,0.175954,0.301285
0.000093,0.177446,0.302536
-0.001129,0.173748,0.298938
-0.000117,0.175757,0.301758
-0.001461,0.174544,0.302711
-0.001777,0.174202,0.302245
-0.002235,0.175966,0.301765
-0.005316,0.177063,0.302394
-0.005140,0.176093,0.299682
-0.007254,0.172277,0.300328
-0.007241,0.175008,0.303661
-0.007835,0.172805,0.301179
-0.008504,0.174299,0.301029
-0.009511,0.173270,0.301520
-0.011870,0.173829,0.300311
-0.012180,0.175310,0.300215
-0.015329,0.173667,0.300600
-0.014399,0.175246,0.300969
-0.018901,0.171760,0.299882
-0.016149,0.173676,0.300884
-0.018961,0.172899,0.300042
-0.018475,0.174239,0.301531
-0.021351,0.174623,0.300849
-0.019921,0.173885,0.300624
-0.021281,0.173086,0.299699
-0.022503,0.173453,0.300089
-0.022830,0.173845,0.300197
-0.024898,0.172951,0.299238
-0.025005,0.171866,0.300868
-0.028216,0.171900,0.298517
-0.027147,0.174181,0.299366
-0.029098,0.173114,0.299070
-0.028947,0.173716,0.298273
-0.031763,0.171855,0.299634
-0.032183,0.170966,0.298776
-0.034476,0.171588,0.299295
-0.034121,0.170109,0.299986
-0.036926,0.170399,0.299525
-0.037701,0.169357,0.300595
-0.036120,0.171233,0.299497
-0.040277,0.168928,0.297538
-0.039684,0.170566,0.297740
-0.038589,0.170965,0.297819
-0.041176,0.172375,0.298723
-0.041758,0.170901,0.299721
-0.041672,0.171427,0.298610
-0.043151,0.171057,0.298778
-0.045334,0.169449,0.299357
-0.048019,0.170683,0.298771
-0.046739,0.168971,0.296370
-0.048828,0.170876,0.297257
-0.050017,0.169581,0.294432
-0.051741,0.168264,0.296154
-0.051387,0.168581,0.298530
-0.051446,0.168758,0.295295
-0.053974,0.167498,0.297993
-0.055039,0.168588,0.296415
-0.055660,0.166841,0.297791
-0.056668,0.168331,0.296838
-0.057823,0.166988,0.294996
-0.059588,0.168142,0.295296
-0.059354,0.168028,0.295125
-0.059465,0.167134,0.296131
-0.061493,0.167570,0.295370
-0.061306,0.167920,0.292313
-0.064644,0.165651,0.295364
-0.065241,0.165044,0.294683
-0.065160,0.164346,0.293612
-0.065691,0.166086,0.294725
-0.068753,0.166376,0.294225
-0.070221,0.165295,0.294279
-0.070245,0.166664,0.294558
-0.069360,0.166278,0.293700
-0.073158,0.165956,0.294215
-0.072581,0.163242,0.292995
-0.074292,0.164791,0.293266
-0.076223,0.166439,0.293162
-0.074537,0.164203,0.294840
-0.077720,0.164025,0.292625
-0.078330,0.163209,0.292411
-0.080086,0.164151,0.294230
-0.079914,0.165885,0.293268
-0.081816,0.162540,0.293853
-0.080963,0.164367,0.293621
-0.083754,0.165365,0.294173
-0.083798,0.163050,0.293870
-0.086143,0.165009,0.293290
-0.086854,0.164167,0.292138
-0.088730,0.162568,0.291670
-0.086616,0.162361,0.292249
-0.089945,0.162424,0.293469
-0.090633,0.162706,0.291288
-0.090003,0.164137,0.292041
-0.092934,0.162550,0.292572
-0.095540,0.162912,0.291412
-0.094876,0.164912,0.294013
-0.095037,0.162232,0.292369
-0.097019,0.161824,0.292972
-0.099925,0.161546,0.290932
-0.098108,0.161517,0.290871
-0.098889,0.162296,0.291441
-0.100236,0.164218,0.290721
-0.101772,0.160896,0.290320
-0.103935,0.160730,0.290032
-0.104418,0.161688,0.290753
-0.105191,0.160113,0.290061
-0.105779,0.161626,0.289599
-0.106406,0.163736,0.289368
-0.108286,0.160704,0.289644
-0.109438,0.161083,0.290048
-0.109794,0.162990,0.290106
-0.112220,0.160717,0.288638
-0.112327,0.161126,0.290064
-0.115047,0.160497,0.288825
-0.115643,0.160071,0.290375
-0.115953,0.161079,0.289373
-0.115871,0.160099,0.287495
-0.116043,0.159829,0.288861
-0.118759,0.158178,0.287750
-0.121408,0.158941,0.287562
-0.122067,0.159316,0.287369
-0.122268,0.159072,0.287839
-0.123513,0.157465,0.287509
-0.123084,0.157842,0.288367
-0.126886,0.156957,0.288168
-0.126767,0.157206,0.286788
-0.126540,0.155595,0.285958
-0.129618,0.157508,0.287592
-0.130543,0.154466,0.284260
-0.129517,0.153133,0.283406
-0.133400,0.150775,0.282949
-0.132013,0.153000,0.284302
-0.133236,0.151146,0.283038
-0.135320,0.148830,0.281590
-0.134440,0.151146,0.283361
-0.138664,0.148464,0.280594
-0.138515,0.141255,0.273370
-0.139317,0.135741,0.271859
-0.140421,0.122433,0.260114
-0.143819,0.117737,0.256047
-0.143150,0.113671,0.252115
-0.142782,0.111334,0.249628
-0.147270,0.108489,0.247046
-0.146097,0.104437,0.244545
-0.147528,0.102635,0.242570
-0.149403,0.099020,0.241420
-0.150032,0.096075,0.240133
-0.150847,0.093270,0.236534
-0.152226,0.085206,0.229617
-0.153472,0.080614,0.222752
0.147432,0.115943,0.256218
0.145823,0.116338,0.254618
0.143959,0.117003,0.255158
0.141717,0.115934,0.256420
0.142124,0.116454,0.255703
0.141815,0.116420,0.255974
0.139918,0.117668,0.257469
0.139839,0.117246,0.256770
0.137394,0.118627,0.256676
0.136584,0.117552,0.257837
0.136084,0.119172,0.257988
0.134984,0.120605,0.257272
0.131882,0.120466,0.258961
0.132300,0.120041,0.259134
0.130076,0.120173,0.261052
0.131073,0.122963,0.258446
0.129052,0.120371,0.260835
0.127962,0.120346,0.258657
0.125991,0.120334,0.259369
0.126004,0.122486,0.260940
0.124753,0.123779,0.259831
0.123792,0.123257,0.261940
0.120464,0.125286,0.260726
0.121278,0.124103,0.260345
0.119262,0.123622,0.262270
0.119773,0.124236,0.261611
0.116456,0.125043,0.264352
0.116142,0.125108,0.264600
0.113474,0.126859,0.264664
0.113554,0.126754,0.264176
0.111700,0.129628,0.265138
0.110748,0.128675,0.267113
0.111901,0.129918,0.266380
0.108839,0.130323,0.267598
0.107501,0.130080,0.268096
0.107397,0.129870,0.267085
0.106486,0.131082,0.266949
0.105148,0.132452,0.270089
0.104382,0.131649,0.268652
0.103727,0.133684,0.268215
0.101613,0.134419,0.268023
0.099652,0.133828,0.270995
0.099522,0.134077,0.271783
0.099185,0.137074,0.272304
0.096139,0.135702,0.272541
0.095372,0.136843,0.270234
0.094927,0.134789,0.272182
0.095689,0.137324,0.272430
0.092168,0.139606,0.270932
0.091174,0.139615,0.275624
0.091296,0.141575,0.274516
0.088243,0.142573,0.277347
0.087138,0.141581,0.277056
0.088792,0.141868,0.277980
0.086125,0.143800,0.276621
0.085783,0.142161,0.277651
0.083764,0.144371,0.279359
0.082485,0.145666,0.280393
0.082141,0.144646,0.279361
0.080228,0.147006,0.280619
0.078129,0.147130,0.279993
0.078382,0.149050,0.280109
0.075231,0.147895,0.280978
0.074743,0.151630,0.282448
0.076336,0.148884,0.282431
0.072377,0.149432,0.284051
0.071980,0.152261,0.285068
0.069293,0.151684,0.285873
0.071654,0.153810,0.283769
0.070456,0.153290,0.286009
0.068340,0.154236,0.285546
0.066789,0.155761,0.286270
0.065639,0.154769,0.286871
0.064691,0.156284,0.288559
0.063314,0.157378,0.290534
0.064050,0.157420,0.289110
0.062643,0.158543,0.291266
0.060600,0.160759,0.289296
0.059807,0.160760,0.290346
0.058915,0.160473,0.291136
0.056108,0.161278,0.292924
0.055306,0.163661,0.293128
0.053990,0.164012,0.295923
0.054389,0.165838,0.295152
0.052656,0.166158,0.295199
0.051212,0.165765,0.297892
0.049561,0.165553,0.297801
0.048988,0.170211,0.297666
0.050047,0.169180,0.299605
0.047379,0.168745,0.296982
0.045738,0.169789,0.298419
0.043042,0.169258,0.298655
0.045308,0.170252,0.296870
0.045077,0.170304,0.301554
0.042519,0.172697,0.300061
0.041358,0.170600,0.298108
0.039347,0.170595,0.300006
0.039080,0.171468,0.296572
0.036789,0.168902,0.300139
0.036057,0.170409,0.298203
0.035887,0.170004,0.297799
0.035671,0.171653,0.299717
0.034410,0.169580,0.298441
0.032489,0.171468,0.298157
0.031305,0.170182,0.299096
0.031512,0.168716,0.298661
0.028634,0.169652,0.298422
0.029152,0.168400,0.298755
0.027565,0.169563,0.295999
0.025587,0.170520,0.298769
0.026067,0.169589,0.297599
0.025056,0.168856,0.296958
0.024384,0.169014,0.298493
0.022335,0.169963,0.299988
0.020861,0.171503,0.297944
0.018890,0.170479,0.299543
0.019324,0.172150,0.300615
0.018451,0.172416,0.301650
0.016695,0.171770,0.301252
0.015352,0.171460,0.300888
0.014818,0.171432,0.302533
0.015514,0.174343,0.302454
0.014604,0.173147,0.301868
0.012739,0.172588,0.301865
0.010286,0.173474,0.302975
0.009793,0.173778,0.303068
0.009128,0.174265,0.302341
0.006006,0.174608,0.301222
0.008756,0.175511,0.301475
0.007048,0.174581,0.302620
0.005705,0.173025,0.303170
0.003427,0.172483,0.303028
0.003960,0.173594,0.302613
0.002687,0.174164,0.302484
0.003082,0.174741,0.302740
-0.000097,0.172045,0.302763
-0.000610,0.173479,0.303826
-0.002874,0.174475,0.303571
-0.003557,0.172989,0.301677
-0.004374,0.172954,0.301338
-0.005783,0.173582,0.301296
-0.006899,0.173542,0.303247
-0.009326,0.175823,0.300909
-0.008682,0.171896,0.301791
-0.011045,0.173846,0.300614
-0.009900,0.174467,0.302379
-0.011054,0.171213,0.300273
-0.012039,0.171781,0.301642
-0.015653,0.172357,0.302366
-0.015056,0.173119,0.299505
-0.016140,0.171874,0.300642
-0.018084,0.172456,0.300746
-0.017492,0.173563,0.303193
-0.019517,0.171039,0.300625
-0.019883,0.173104,0.301437
-0.021916,0.170979,0.300530
-0.022008,0.172897,0.301917
-0.024095,0.171248,0.301384
-0.023551,0.171645,0.300148
-0.026612,0.170808,0.300553
-0.025343,0.170725,0.301663
-0.027104,0.170827,0.298459
-0.029142,0.169887,0.299463
-0.030459,0.169559,0.302735
-0.030325,0.170111,0.300067
-0.030843,0.170261,0.298756
-0.032493,0.171123,0.297435
-0.032500,0.171720,0.299269
-0.034946,0.169571,0.297440
-0.034802,0.169432,0.299928
-0.036688,0.169558,0.299486
-0.037927,0.169546,0.296395
-0.038302,0.169292,0.296856
-0.038901,0.170914,0.300729
-0.040072,0.172183,0.298599
-0.040781,0.169590,0.297255
-0.041535,0.169838,0.298290
-0.042479,0.169966,0.298086
-0.044876,0.170253,0.299013
-0.045099,0.170436,0.299430
-0.047314,0.169192,0.297619
-0.047082,0.167760,0.297811
-0.049135,0.168169,0.296608
-0.049536,0.167122,0.296417
-0.051769,0.169193,0.297765
-0.052343,0.166541,0.294851
-0.052113,0.167589,0.296124
-0.053138,0.166099,0.296373
-0.053747,0.166904,0.297265
-0.055879,0.165868,0.296824
-0.056553,0.164750,0.295899
-0.058198,0.165514,0.293799
-0.058135,0.166164,0.296162
-0.059832,0.164415,0.296793
-0.061478,0.161904,0.295820
-0.062137,0.164620,0.295062
-0.062551,0.164220,0.293780
-0.062460,0.164641,0.296364
-0.066537,0.165655,0.295653
-0.066583,0.166515,0.293745
-0.067154,0.164775,0.295531
-0.068299,0.165543,0.293883
-0.069329,0.164419,0.294687
-0.070963,0.165484,0.295453
-0.070992,0.163579,0.293464
-0.072884,0.164075,0.294633
-0.074280,0.161431,0.294023
-0.075800,0.163363,0.293838
-0.075270,0.165322,0.293593
-0.075790,0.162843,0.294330
-0.077077,0.163012,0.292314
-0.078957,0.162954,0.292615
-0.078359,0.164350,0.293561
-0.080666,0.163848,0.293498
-0.081796,0.164039,0.292099
-0.083199,0.160347,0.293319
-0.084247,0.163166,0.292655
-0.084974,0.163819,0.292924
-0.085389,0.163932,0.291545
-0.085680,0.164039,0.292021
-0.087312,0.163203,0.292455
-0.089767,0.162244,0.293667
-0.089194,0.160299,0.293366
-0.091792,0.160777,0.292893
-0.090843,0.162508,0.292423
-0.092551,0.160996,0.291662
-0.092930,0.161141,0.292226
-0.094050,0.161591,0.291650
-0.096788,0.162370,0.292628
-0.097045,0.161745,0.290397
-0.098532,0.162412,0.293013
-0.099879,0.160535,0.289784
-0.099800,0.160283,0.291416
-0.101453,0.159749,0.291330
-0.103547,0.160107,0.291228
-0.103313,0.160305,0.291048
-0.104957,0.159131,0.290392
-0.105873,0.160257,0.291179
-0.104788,0.159229,0.289178
-0.106330,0.159329,0.291029
-0.107645,0.159441,0.289988
-0.110072,0.159715,0.291432
-0.110579,0.158191,0.291648
-0.110142,0.158959,0.289465
-0.112954,0.158517,0.288841
-0.114521,0.157088,0.289540
-0.115345,0.157599,0.288547
-0.116960,0.157915,0.289839
-0.116684,0.159147,0.287259
-0.118404,0.156875,0.289976
-0.116981,0.159146,0.288118
-0.121155,0.155690,0.287589
-0.120335,0.157288,0.287741
-0.121889,0.157221,0.287055
-0.121315,0.156801,0.288184
-0.125973,0.157292,0.286587
-0.124234,0.156001,0.288197
-0.125554,0.155784,0.288027
-0.127180,0.154419,0.285779
-0.127989,0.152952,0.286752
-0.128311,0.153908,0.285217
-0.129703,0.151205,0.285006
-0.131939,0.149574,0.284299
-0.133557,0.148589,0.281340
-0.133966,0.147613,0.283034
-0.135416,0.150097,0.280899
-0.137535,0.146915,0.280300
-0.137028,0.144969,0.276156
-0.137251,0.138657,0.272313
-0.137224,0.133784,0.270436
-0.141080,0.121013,0.260203
-0.141799,0.117342,0.256224
-0.144260,0.112316,0.252124
-0.142730,0.109088,0.249202
-0.146839,0.108872,0.249446
-0.146061,0.105506,0.248558
-0.147501,0.103265,0.245376
-0.149295,0.097683,0.243087
-0.150547,0.094722,0.238556
-0.152391,0.092156,0.233628
-0.151510,0.086316,0.231736
-0.154508,0.079060,0.224627
-0.155865,0.068807,0.217773
0.147883,0.114818,0.256534
0.142481,0.115667,0.254823
0.144575,0.114381,0.255421
0.144399,0.115265,0.256207
0.142367,0.115089,0.256706
0.139157,0.116484,0.256781
0.139981,0.116471,0.256115
0.138079,0.115962,0.257793
0.135767,0.118128,0.256981
0.136767,0.115970,0.257985
0.133941,0.117451,0.258066
0.133105,0.117081,0.258865
0.132203,0.117475,0.257257
0.133868,0.118230,0.258123
0.130664,0.119213,0.257581
0.131289,0.118955,0.259897
0.127318,0.118869,0.260157
0.128285,0.118633,0.259459
0.125999,0.119496,0.260022
0.125156,0.119186,0.259923
0.122875,0.120354,0.260400
0.122946,0.121597,0.262063
0.121751,0.119668,0.261115
0.121542,0.123152,0.262472
0.119083,0.124271,0.261980
0.118189,0.122522,0.262482
0.117952,0.125421,0.263817
0.115571,0.123812,0.264100
0.115835,0.124626,0.264108
0.114975,0.126173,0.263560
0.113813,0.126947,0.264159
0.112373,0.126350,0.264996
0.107923,0.128235,0.265604
0.109356,0.128612,0.267393
0.106658,0.129172,0.267214
0.106598,0.129144,0.267558
0.103908,0.130719,0.268838
0.105926,0.131352,0.268100
0.104368,0.130882,0.269193
0.100430,0.130340,0.271934
0.100394,0.131777,0.270580
0.100556,0.134243,0.270919
0.098790,0.133635,0.270549
0.097413,0.135574,0.272383
0.097382,0.133952,0.271393
0.096110,0.135189,0.273210
0.094139,0.137597,0.274686
0.092018,0.136249,0.274771
0.091483,0.137331,0.275671
0.091072,0.137828,0.274245
0.091989,0.142197,0.278097
0.088864,0.139224,0.278054
0.088006,0.140772,0.277614
0.085990,0.143418,0.275942
0.084526,0.142473,0.276172
0.082946,0.143847,0.278946
0.082673,0.144873,0.280457
0.082558,0.143071,0.277818
0.081560,0.145909,0.279817
0.080552,0.144998,0.280566
0.079201,0.148272,0.282376
0.075697,0.148414,0.280647
0.075474,0.147531,0.283204
0.073730,0.150026,0.282837
0.073611,0.148551,0.282314
0.073753,0.149754,0.281598
0.073240,0.151380,0.284274
0.071814,0.151874,0.286479
0.068834,0.152036,0.285975
0.069498,0.154260,0.285194
0.067362,0.153498,0.288139
0.066273,0.153770,0.286840
0.065451,0.153799,0.288967
0.063927,0.155431,0.290665
0.063101,0.154267,0.290068
0.062446,0.156736,0.290477
0.060929,0.158513,0.292159
0.058781,0.158702,0.290955
0.058557,0.160898,0.292077
0.059162,0.159694,0.292417
0.057277,0.161978,0.293674
0.054319,0.160501,0.292811
0.053790,0.159805,0.293120
0.056790,0.162630,0.293968
0.054038,0.164159,0.294008
0.050230,0.165534,0.297903
0.050071,0.165070,0.296297
0.046670,0.167070,0.295892
0.046853,0.166168,0.299010
0.043926,0.164070,0.296485
0.044478,0.166950,0.297939
0.043485,0.169432,0.298650
0.042826,0.166328,0.298944
0.042092,0.167876,0.298836
0.040296,0.168913,0.297444
0.039483,0.167375,0.299624
0.037432,0.167647,0.298569
0.038715,0.167375,0.298604
0.036293,0.168991,0.299404
0.035764,0.166945,0.297353
0.033711,0.169251,0.297986
0.032701,0.167770,0.297761
0.033083,0.167972,0.297623
0.032404,0.166702,0.297959
0.031755,0.166982,0.297248
0.031216,0.165948,0.298787
0.028493,0.165266,0.297972
0.026251,0.166202,0.298429
0.028453,0.167813,0.297200
0.025981,0.167293,0.297389
0.025956,0.168361,0.298239
0.024823,0.166747,0.299568
0.023157,0.166980,0.297297
0.021249,0.170325,0.299190
0.019840,0.168482,0.299827
0.018700,0.169918,0.298285
0.018624,0.169915,0.300116
0.018228,0.169773,0.299457
0.014918,0.167733,0.300356
0.015026,0.169688,0.300887
0.014856,0.172008,0.300779
0.012362,0.171007,0.302223
0.011538,0.172576,0.300342
0.010612,0.171588,0.303179
0.010761,0.171129,0.302021
0.010633,0.173654,0.300850
0.008300,0.171788,0.300079
0.006781,0.171204,0.301654
0.003445,0.171202,0.303707
0.004154,0.173045,0.302966
0.004125,0.172229,0.301877
0.002010,0.170583,0.301634
-0.000038,0.171231,0.301684
0.000779,0.172967,0.301238
-0.001266,0.173097,0.302005
-0.000433,0.171589,0.302767
-0.001583,0.172857,0.301260
-0.003794,0.171638,0.303339
-0.002533,0.172578,0.300860
-0.006484,0.170605,0.302290
-0.005818,0.171299,0.301711
-0.007593,0.171031,0.301339
-0.009618,0.172143,0.302526
-0.010570,0.172461,0.302817
-0.009947,0.170971,0.302822
-0.011104,0.172835,0.302739
-0.012902,0.170214,0.302378
-0.014556,0.170902,0.302014
-0.013430,0.169860,0.302966
-0.015942,0.170687,0.302941
-0.016342,0.172201,0.302159
-0.017844,0.171729,0.302462
-0.017495,0.169137,0.298965
-0.021948,0.170224,0.303119
-0.021801,0.168138,0.300506
-0.022862,0.172142,0.300630
-0.022379,0.170836,0.301029
-0.023473,0.169650,0.301327
-0.023814,0.170936,0.299363
-0.024775,0.169942,0.299476
-0.026027,0.170809,0.299165
-0.027840,0.170590,0.299320
-0.028030,0.168876,0.299790
-0.031170,0.169098,0.301036
-0.031527,0.169236,0.299929
-0.032385,0.169580,0.300069
-0.034371,0.168171,0.298614
-0.034011,0.170347,0.300367
-0.035076,0.168011,0.298789
-0.036114,0.170520,0.298934
-0.037887,0.171083,0.299370
-0.038345,0.169600,0.299118
-0.039755,0.168758,0.300540
-0.041820,0.168501,0.298857
-0.041484,0.166932,0.299077
-0.043831,0.168423,0.296083
-0.042833,0.168401,0.298943
-0.043949,0.167643,0.298201
-0.043934,0.166922,0.299853
-0.047003,0.167079,0.297921
-0.048413,0.165868,0.298451
-0.049305,0.166723,0.299498
-0.049764,0.167374,0.297761
-0.051628,0.166493,0.295552
-0.052170,0.164547,0.296379
-0.052781,0.167850,0.295772
-0.053377,0.165751,0.296661
-0.053832,0.165053,0.296602
-0.054840,0.165914,0.296640
-0.057350,0.162876,0.296534
-0.057896,0.164002,0.295270
-0.059692,0.163456,0.296726
-0.061446,0.165851,0.294683
-0.060188,0.164345,0.297055
-0.062467,0.164714,0.294568
-0.060223,0.162737,0.293779
-0.064003,0.163057,0.295552
-0.066112,0.163417,0.296120
-0.066254,0.163515,0.295089
-0.067312,0.164051,0.293309
-0.065545,0.163403,0.296086
-0.069410,0.163032,0.293194
-0.069555,0.162560,0.295675
-0.070748,0.163328,0.295850
-0.073033,0.162569,0.294854
-0.074996,0.162096,0.293184
-0.074485,0.162333,0.294823
-0.073471,0.162844,0.294439
-0.075129,0.161967,0.293176
-0.077414,0.159683,0.294236
-0.080105,0.162633,0.294020
-0.080809,0.162056,0.293346
-0.079173,0.161251,0.292962
-0.081800,0.160424,0.293089
-0.081763,0.160398,0.292775
-0.084856,0.160203,0.292317
-0.084632,0.161024,0.295196
-0.084650,0.160493,0.293191
-0.086365,0.159576,0.292423
-0.088859,0.161393,0.294322
-0.088835,0.161422,0.292069
-0.089318,0.162030,0.294471
-0.090117,0.157490,0.293623
-0.091835,0.159837,0.292860
-0.093381,0.160261,0.292394
-0.093441,0.161293,0.293595
-0.093969,0.159075,0.292618
-0.095790,0.159818,0.292228
-0.096366,0.159309,0.291262
-0.097216,0.159915,0.291126
-0.100790,0.157759,0.290715
-0.100725,0.159732,0.292705
-0.101320,0.158975,0.292027
-0.102230,0.159060,0.290685
-0.103836,0.159054,0.290415
-0.103944,0.159179,0.291208
-0.107133,0.161043,0.289049
-0.105820,0.160272,0.290597
-0.107424,0.159171,0.290204
-0.107466,0.157151,0.289959
-0.110056,0.157232,0.291764
-0.111437,0.158533,0.291748
-0.111701,0.158304,0.289919
-0.110941,0.157034,0.289631
-0.113235,0.159941,0.289840
-0.114358,0.158283,0.290744
-0.115718,0.157660,0.291478
-0.116828,0.157468,0.289504
-0.119471,0.155007,0.289078
-0.117817,0.154709,0.291309
-0.121615,0.154505,0.288087
-0.121006,0.158552,0.289408
-0.123253,0.155762,0.289914
-0.123057,0.154751,0.288513
-0.123272,0.154079,0.287933
-0.126005,0.155743,0.287892
-0.125266,0.153776,0.287007
-0.126220,0.153113,0.287223
-0.128300,0.151658,0.285231
-0.128573,0.151617,0.284744
-0.130257,0.148498,0.284761
-0.132167,0.149463,0.282841
-0.132097,0.146746,0.281934
-0.134999,0.146408,0.281167
-0.135930,0.144806,0.280962
-0.137823,0.142099,0.280666
-0.136131,0.138684,0.275728
-0.140271,0.134988,0.272719
-0.139820,0.132957,0.269226
-0.140545,0.119407,0.260793
-0.140776,0.113578,0.255688
-0.142950,0.112313,0.254792
-0.144552,0.108066,0.251617
-0.144963,0.107210,0.250179
-0.143707,0.107140,0.246801
-0.148470,0.100997,0.244966
-0.147908,0.096756,0.241311
-0.150242,0.092693,0.240523
-0.151497,0.090000,0.236247
-0.153323,0.084665,0.230150
-0.153536,0.076799,0.225071
-0.155879,0.067852,0.219243
0.146214,0.112020,0.256591
0.143864,0.113372,0.254945
0.144401,0.113651,0.257230
0.141791,0.113376,0.256664
0.140701,0.114194,0.256805
0.140415,0.113076,0.257215
0.138982,0.114126,0.257150
0.136548,0.115738,0.256347
0.137404,0.115438,0.257223
0.136550,0.114531,0.256573
0.132952,0.115490,0.258772
0.132046,0.115836,0.259433
0.131891,0.117211,0.258655
0.129956,0.115051,0.260566
0.128045,0.119310,0.260830
0.127127,0.119350,0.260204
0.128403,0.118173,0.259269
0.124636,0.118452,0.260424
0.123188,0.119747,0.259391
0.124209,0.118213,0.260352
0.122297,0.118583,0.259615
0.121336,0.121537,0.262044
0.119870,0.120607,0.261248
0.118262,0.119965,0.261207
0.118213,0.122008,0.264498
0.117219,0.122827,0.261936
0.116418,0.123532,0.264518
0.113673,0.122496,0.264311
0.112160,0.124467,0.266330
0.110222,0.124724,0.266880
0.111291,0.123796,0.266501
0.110610,0.123925,0.265769
0.107619,0.126784,0.265836
0.108669,0.127685,0.268632
0.106885,0.127425,0.269511
0.104681,0.128949,0.268112
0.105077,0.129387,0.268863
0.102424,0.131203,0.269931
0.102222,0.130332,0.270906
0.102154,0.131592,0.269540
0.099786,0.133686,0.273283
0.098429,0.133013,0.272313
0.094892,0.134919,0.272936
0.094978,0.132796,0.272539
0.094189,0.135504,0.273661
0.094687,0.135720,0.273701
0.091520,0.133606,0.274385
0.092188,0.137306,0.274049
0.090717,0.137751,0.274388
0.089326,0.138534,0.276625
0.088708,0.136570,0.276649
0.088078,0.139474,0.276924
0.086900,0.139155,0.278063
0.085477,0.140653,0.278222
0.084857,0.141953,0.279336
0.082496,0.141169,0.278367
0.081593,0.142337,0.281420
0.079634,0.143454,0.280826
0.079319,0.144051,0.280795
0.078001,0.145028,0.280926
0.077699,0.144875,0.283233
0.076742,0.146876,0.283463
0.074160,0.147334,0.282742
0.073928,0.147570,0.284444
0.074195,0.149077,0.285188
0.071096,0.148796,0.286390
0.071136,0.149395,0.286137
0.069139,0.149777,0.285759
0.066011,0.150524,0.286094
0.065386,0.153039,0.287971
0.067985,0.151366,0.286711
0.066040,0.153802,0.288742
0.065006,0.156272,0.287783
0.063622,0.154874,0.287377
0.061219,0.154894,0.291772
0.061589,0.155363,0.290484
0.058253,0.155648,0.292472
0.058507,0.156153,0.291608
0.058904,0.158740,0.291546
0.056559,0.159225,0.293272
0.053613,0.159106,0.292855
0.053687,0.161657,0.293644
0.052049,0.160712,0.293961
0.052371,0.160993,0.295362
0.052248,0.163141,0.295845
0.051562,0.161940,0.297036
0.048942,0.163859,0.295807
0.047226,0.164694,0.295118
0.045903,0.164819,0.297748
0.044228,0.162855,0.296576
0.043658,0.164121,0.298228
0.043184,0.167106,0.298228
0.042267,0.165902,0.298077
0.041050,0.163709,0.298766
0.040649,0.166072,0.296806
0.039122,0.166220,0.299448
0.037078,0.165060,0.299050
0.038414,0.165614,0.297711
0.034940,0.164262,0.298594
0.035933,0.164113,0.297847
0.033987,0.162807,0.296992
0.031952,0.162531,0.299161
0.031045,0.163091,0.298062
0.031097,0.163893,0.296968
0.031189,0.163706,0.299380
0.028731,0.164329,0.297167
0.027480,0.164619,0.296498
0.027360,0.163664,0.297482
0.026171,0.163413,0.298625
0.025115,0.165902,0.295535
0.023664,0.165179,0.296345
0.022596,0.168094,0.299989
0.019667,0.168696,0.300263
0.019777,0.166102,0.299238
0.020101,0.166402,0.300168
0.017515,0.165686,0.299579
0.016634,0.166740,0.300666
0.017463,0.168067,0.299870
0.014032,0.169069,0.299687
0.012994,0.170817,0.302369
0.013516,0.170997,0.300955
0.009989,0.171176,0.301798
0.009211,0.168405,0.302070
0.009841,0.171395,0.300523
0.009462,0.170740,0.302208
0.007450,0.170007,0.303413
0.006401,0.169944,0.302634
0.003916,0.169731,0.301387
0.005167,0.169822,0.302425
0.004101,0.168969,0.301897
0.002628,0.168935,0.303357
0.000197,0.170902,0.302525
0.000102,0.169983,0.302747
0.002105,0.172438,0.300604
-0.001520,0.170189,0.302231
-0.001727,0.168952,0.301829
-0.003976,0.171893,0.299788
-0.003541,0.169910,0.302808
-0.005000,0.170138,0.303575
-0.005896,0.170752,0.301328
-0.007442,0.172089,0.300582
-0.007212,0.169786,0.301239
-0.010610,0.170411,0.302703
-0.010401,0.169999,0.302949
-0.012382,0.170782,0.301699
-0.012737,0.170243,0.301776
-0.013862,0.170027,0.302870
-0.015012,0.170804,0.302312
-0.015158,0.171136,0.303077
-0.015349,0.169690,0.299649
-0.018365,0.169931,0.303098
-0.019743,0.169313,0.300829
-0.019407,0.169440,0.302039
-0.020646,0.168992,0.300818
-0.022178,0.169175,0.299641
-0.022142,0.169326,0.301310
-0.026145,0.169103,0.300735
-0.024078,0.168116,0.299861
-0.025101,0.168650,0.300938
-0.028742,0.166761,0.300001
-0.028008,0.168298,0.299834
-0.028054,0.167488,0.301617
-0.028514,0.169258,0.299921
-0.030011,0.167850,0.301365
-0.031355,0.167595,0.300146
-0.030773,0.167844,0.302904
-0.033671,0.169047,0.299508
-0.035536,0.166386,0.299917
-0.036226,0.166059,0.299379
-0.038709,0.166912,0.299493
-0.037484,0.166351,0.298743
-0.040456,0.166609,0.298190
-0.040262,0.166652,0.300390
-0.043505,0.166841,0.299483
-0.041449,0.165632,0.297973
-0.043252,0.166504,0.298016
-0.045228,0.166168,0.297693
-0.045224,0.166168,0.297842
-0.044522,0.165987,0.299013
-0.046790,0.164033,0.299192
-0.049521,0.164783,0.298789
-0.047817,0.163934,0.296394
-0.050452,0.164643,0.296709
-0.049564,0.165152,0.297557
-0.054335,0.165620,0.296751
-0.052973,0.164423,0.295860
-0.056783,0.165872,0.296307
-0.056519,0.163903,0.297016
-0.057339,0.163340,0.297171
-0.057424,0.162711,0.295492
-0.058860,0.161998,0.297047
-0.060825,0.163253,0.297893
-0.062165,0.163262,0.296356
-0.062950,0.161815,0.295046
-0.062878,0.161498,0.295508
-0.062456,0.163204,0.296146
-0.064955,0.160938,0.294341
-0.068008,0.160259,0.295025
-0.068919,0.161460,0.296323
-0.068483,0.161728,0.294680
-0.069349,0.161783,0.294028
-0.070993,0.161587,0.294680
-0.070061,0.161719,0.292667
-0.071183,0.161707,0.293536
-0.074944,0.162506,0.294893
-0.074321,0.162051,0.294545
-0.074120,0.161517,0.294823
-0.076112,0.160024,0.294816
-0.077124,0.159902,0.293747
-0.077791,0.160539,0.295152
-0.081522,0.160584,0.294368
-0.079727,0.160639,0.294041
-0.083094,0.159502,0.293366
-0.082573,0.159263,0.292923
-0.085123,0.160654,0.292941
-0.085345,0.160754,0.294122
-0.084967,0.162596,0.291452
-0.088599,0.160130,0.294636
-0.088219,0.159987,0.294638
-0.089249,0.158293,0.293032
-0.088164,0.159398,0.291685
-0.089235,0.158900,0.293822
-0.091064,0.159387,0.293667
-0.092393,0.159636,0.292735
-0.094375,0.159877,0.293153
-0.094648,0.157623,0.292136
-0.095923,0.159622,0.292923
-0.097338,0.156437,0.292930
-0.099712,0.156789,0.292943
-0.098889,0.156732,0.291716
-0.100771,0.158748,0.292576
-0.099768,0.156771,0.291695
-0.103306,0.158018,0.290397
-0.102734,0.158100,0.290790
-0.104202,0.156238,0.292728
-0.104667,0.156153,0.291418
-0.107318,0.157155,0.290573
-0.105209,0.155142,0.289846
-0.109089,0.156002,0.289769
-0.109099,0.157359,0.291978
-0.109505,0.158881,0.290289
-0.112446,0.156324,0.289867
-0.112375,0.155166,0.289835
-0.113184,0.156571,0.291183
-0.114956,0.157853,0.290160
-0.118628,0.156397,0.290202
-0.117606,0.158189,0.291261
-0.118212,0.156158,0.288953
-0.118191,0.155676,0.289801
-0.120422,0.154872,0.290200
-0.119458,0.153903,0.288633
-0.123359,0.155363,0.288420
-0.122770,0.153116,0.287273
-0.124404,0.153742,0.285690
-0.125612,0.152859,0.289119
-0.125502,0.151243,0.287100
-0.128624,0.152040,0.285508
-0.128662,0.149231,0.284100
-0.128544,0.150046,0.283489
-0.133015,0.147866,0.284648
-0.131629,0.148014,0.281658
-0.132318,0.145449,0.282068
-0.133400,0.143390,0.281911
-0.135654,0.143269,0.281075
-0.137899,0.142877,0.278685
-0.137003,0.138147,0.276276
-0.139022,0.132500,0.271332
-0.140479,0.129822,0.266780
-0.140699,0.118588,0.258105
-0.140480,0.113783,0.256540
-0.144378,0.111587,0.254829
-0.142636,0.107950,0.250693
-0.145478,0.105097,0.249774
-0.147492,0.102682,0.245976
-0.147073,0.099257,0.245332
-0.149798,0.096369,0.240400
-0.151291,0.092338,0.237628
-0.152806,0.089807,0.237168
-0.153876,0.082821,0.231862
-0.153091,0.076555,0.226310
-0.155317,0.068743,0.218864
0.144520,0.111427,0.256176
0.143071,0.111154,0.256553
0.144361,0.110675,0.255313
0.141015,0.111414,0.259172
0.138764,0.112503,0.256085
0.137706,0.112878,0.255634
0.138649,0.111628,0.256691
0.137341,0.112280,0.258224
0.134795,0.114021,0.257638
0.134832,0.115856,0.256516
0.134656,0.113417,0.256243
0.131203,0.114198,0.256700
0.131723,0.114144,0.258800
0.129725,0.116110,0.257772
0.129785,0.115971,0.259605
0.127512,0.116779,0.260078
0.125607,0.115912,0.261386
0.124519,0.116227,0.260734
0.125100,0.116717,0.262012
0.124467,0.117322,0.260730
0.121845,0.117565,0.261013
0.121952,0.119233,0.260200
0.121675,0.118784,0.261394
0.117921,0.118230,0.263293
0.117955,0.120055,0.263623
0.118415,0.120468,0.263027
0.114963,0.121456,0.264275
0.114139,0.121026,0.263104
0.111756,0.121939,0.264259
0.112512,0.121868,0.265861
0.113790,0.123363,0.264644
0.110779,0.125004,0.267400
0.107583,0.125598,0.266054
0.107529,0.126283,0.267525
0.107405,0.124923,0.267996
0.105591,0.126012,0.269751
0.103862,0.126466,0.269704
0.103737,0.128787,0.269063
0.103455,0.128564,0.269792
0.101239,0.128729,0.271386
0.100773,0.130819,0.270991
0.099525,0.129702,0.273199
0.096384,0.132736,0.272371
0.096397,0.134891,0.272977
0.095151,0.135122,0.272168
0.093208,0.132036,0.272636
0.094059,0.134508,0.274554
0.093691,0.135056,0.274356
0.090749,0.136330,0.277091
0.090252,0.135261,0.276513
0.089250,0.136357,0.277983
0.086811,0.138723,0.277176
0.088382,0.140570,0.279560
0.085766,0.140778,0.276985
0.083213,0.138464,0.279492
0.081251,0.139630,0.279702
0.081522,0.142844,0.280394
0.080196,0.141230,0.280705
0.079787,0.141428,0.280867
0.079156,0.141367,0.283674
0.077832,0.147062,0.282097
0.076673,0.145714,0.282251
0.073576,0.145681,0.284711
0.074246,0.146683,0.281961
0.071853,0.148952,0.284611
0.072318,0.146447,0.285720
0.071320,0.147049,0.284505
0.069660,0.150563,0.284460
0.068361,0.148337,0.287093
0.067970,0.151877,0.285809
0.064545,0.149808,0.288167
0.065298,0.151752,0.289412
0.065621,0.150907,0.289125
0.062498,0.152881,0.287363
0.060925,0.154232,0.292177
0.060678,0.154180,0.292192
0.060046,0.154777,0.291936
0.059286,0.155098,0.291910
0.058105,0.156702,0.293532
0.055297,0.155293,0.291107
0.054980,0.157382,0.293666
0.053939,0.157304,0.293220
0.053623,0.159051,0.295773
0.053314,0.159922,0.295259
0.050005,0.161268,0.295218
0.051734,0.159410,0.296229
0.048877,0.160641,0.295965
0.046853,0.161791,0.297181
0.046846,0.160933,0.296240
0.045936,0.161120,0.297944
0.045196,0.163571,0.295374
0.042213,0.164573,0.299114
0.043542,0.162356,0.298022
0.041034,0.161414,0.298010
0.041271,0.162964,0.297646
0.038383,0.164133,0.297389
0.041212,0.162384,0.297917
0.037649,0.161745,0.298022
0.035763,0.163518,0.296943
0.036115,0.164296,0.297712
0.032441,0.162313,0.297467
0.031575,0.164176,0.298257
0.031849,0.163658,0.298802
0.030194,0.161354,0.299286
0.030363,0.163416,0.299115
0.030803,0.162836,0.297455
0.025234,0.163038,0.297082
0.025576,0.164041,0.298113
0.024741,0.164395,0.299403
0.023416,0.163647,0.298464
0.023026,0.162641,0.299182
0.023344,0.165216,0.298092
0.022529,0.164518,0.299666
0.020907,0.164999,0.297822
0.018990,0.165455,0.299275
0.018414,0.165063,0.301513
0.017360,0.167493,0.301586
0.016554,0.166703,0.301857
0.015371,0.166134,0.302837
0.015592,0.168484,0.299789
0.011578,0.166787,0.303634
0.014696,0.167789,0.300351
0.010740,0.168194,0.302488
0.008531,0.167660,0.300989
0.008627,0.170115,0.302673
0.007642,0.168817,0.302250
0.005652,0.169228,0.302755
0.005480,0.169607,0.303082
0.004396,0.169786,0.302896
0.003566,0.169498,0.302229
0.002315,0.169230,0.302835
0.001973,0.168932,0.303442
0.000024,0.170907,0.303735
0.000448,0.167630,0.302744
-0.001910,0.171143,0.303719
-0.003251,0.169237,0.302708
-0.003829,0.169394,0.301681
-0.003528,0.169629,0.303483
-0.006729,0.170325,0.303524
-0.006658,0.169556,0.302226
-0.008912,0.167912,0.302947
-0.007441,0.168895,0.302706
-0.008600,0.167766,0.302585
-0.011344,0.168090,0.303267
-0.011351,0.169460,0.302178
-0.013761,0.169507,0.302200
-0.014761,0.168927,0.302944
-0.014309,0.167411,0.302382
-0.014039,0.166561,0.301280
-0.017782,0.166687,0.303352
-0.018692,0.169119,0.301507
-0.016103,0.167625,0.301509
-0.020311,0.166231,0.302634
-0.021642,0.166094,0.302067
-0.021982,0.169130,0.303180
-0.022145,0.169473,0.299583
-0.023141,0.167773,0.301138
-0.023069,0.167452,0.301941
-0.025249,0.165875,0.300522
-0.026594,0.167652,0.303263
-0.029263,0.166604,0.301070
-0.029797,0.166416,0.300627
-0.031269,0.166460,0.301783
-0.030990,0.167841,0.301851
-0.031171,0.167942,0.300487
-0.033834,0.167962,0.299867
-0.032680,0.166803,0.301718
-0.035518,0.166734,0.300069
-0.035935,0.165554,0.299895
-0.036810,0.165862,0.301608
-0.038026,0.166290,0.300257
-0.038247,0.164359,0.302805
-0.040551,0.166109,0.299399
-0.041331,0.164925,0.300350
-0.041752,0.166700,0.299788
-0.043898,0.166621,0.297553
-0.045105,0.165204,0.298617
-0.044724,0.163366,0.300657
-0.046742,0.164006,0.299398
-0.048246,0.163746,0.299597
-0.050019,0.164781,0.299829
-0.047644,0.163094,0.297592
-0.050874,0.161311,0.298642
-0.052405,0.163668,0.296575
-0.051913,0.164049,0.296568
-0.053701,0.162659,0.296552
-0.054137,0.161312,0.297065
-0.056270,0.161506,0.296436
-0.056190,0.161985,0.297035
-0.057007,0.159686,0.297074
-0.059139,0.162694,0.296603
-0.058855,0.162115,0.297130
-0.062028,0.161686,0.295344
-0.061600,0.162115,0.295866
-0.061974,0.160870,0.297113
-0.064778,0.160534,0.296927
-0.063801,0.160488,0.294986
-0.065138,0.160905,0.295017
-0.067911,0.160932,0.295764
-0.068413,0.160183,0.296804
-0.067906,0.159252,0.295742
-0.071276,0.160346,0.296020
-0.070331,0.160147,0.294688
-0.073803,0.159413,0.296616
-0.073229,0.160842,0.293434
-0.074294,0.161408,0.296441
-0.073366,0.159715,0.295265
-0.077485,0.159478,0.296104
-0.075535,0.159456,0.295353
-0.079787,0.158355,0.295272
-0.078462,0.158727,0.294764
-0.080077,0.158528,0.293932
-0.081567,0.158503,0.293670
-0.082556,0.157414,0.293583
-0.081924,0.158752,0.293772
-0.085077,0.157504,0.295684
-0.084358,0.156686,0.294135
-0.085451,0.158467,0.294709
-0.088753,0.156589,0.294317
-0.089836,0.156567,0.293796
-0.089920,0.158274,0.294067
-0.090952,0.157839,0.293681
-0.092133,0.156344,0.292444
-0.092124,0.157430,0.293724
-0.093756,0.157053,0.291582
-0.094843,0.158625,0.291590
-0.096400,0.155610,0.292447
-0.097888,0.156987,0.294312
-0.098336,0.156495,0.291683
-0.099916,0.156308,0.291622
-0.101588,0.156462,0.293795
-0.101050,0.155554,0.290537
-0.104266,0.156829,0.291596
-0.101884,0.155461,0.292575
-0.105857,0.155827,0.292064
-0.105246,0.155156,0.290572
-0.108385,0.155547,0.290617
-0.106593,0.155396,0.291862
-0.108460,0.154619,0.291648
-0.110352,0.154910,0.292119
-0.110625,0.153268,0.291162
-0.112235,0.154100,0.291179
-0.112090,0.153881,0.290265
-0.114474,0.154816,0.291651
-0.113370,0.154526,0.289275
-0.115594,0.155066,0.289897
-0.116668,0.153386,0.289585
-0.116877,0.153268,0.290458
-0.118430,0.153486,0.289766
-0.119837,0.151676,0.288823
-0.120481,0.151090,0.291672
-0.123733,0.151438,0.287065
-0.123791,0.150629,0.288897
-0.124025,0.151539,0.286764
-0.125647,0.150573,0.286224
-0.126591,0.149176,0.285987
-0.128729,0.148327,0.287928
-0.128549,0.146663,0.284611
-0.130217,0.146112,0.284751
-0.130669,0.147132,0.283173
-0.129964,0.142845,0.283339
-0.133471,0.143621,0.281198
-0.131492,0.141898,0.280309
-0.136249,0.141885,0.279288
-0.135919,0.139522,0.278605
-0.138747,0.134007,0.276356
-0.138877,0.129156,0.270761
-0.140461,0.126275,0.266934
-0.142537,0.116614,0.260346
-0.143277,0.111941,0.256215
-0.142365,0.109342,0.253512
-0.141264,0.107038,0.251313
-0.145898,0.104646,0.249496
-0.145095,0.101497,0.248768
-0.148498,0.099552,0.244187
-0.150565,0.094397,0.242858
-0.149872,0.091350,0.241006
-0.152520,0.087686,0.236976
-0.153801,0.082530,0.233777
-0.154580,0.073654,0.227205
-0.153770,0.066490,0.221445
0.142256,0.107977,0.254549
0.142935,0.108332,0.255391
0.140949,0.111366,0.255191
0.139102,0.108711,0.256822
0.139204,0.109316,0.256628
0.138039,0.110522,0.257319
0.138207,0.112345,0.256324
0.135951,0.112090,0.257946
0.135198,0.112473,0.258710
0.133897,0.109872,0.256469
0.132893,0.112631,0.258679
0.133743,0.111331,0.256135
0.128301,0.112511,0.258874
0.127883,0.113550,0.261766
0.128643,0.113691,0.258078
0.126009,0.113569,0.259645
0.125095,0.115618,0.260528
0.124753,0.112475,0.259693
0.123633,0.116142,0.257465
0.122790,0.114934,0.261274
0.121171,0.114798,0.261530
0.121760,0.117573,0.263119
0.119791,0.117638,0.262878
0.117913,0.117977,0.263248
0.117676,0.117986,0.263011
0.115947,0.118455,0.264894
0.115686,0.119334,0.263792
0.114938,0.120437,0.265267
0.113388,0.122365,0.267443
0.111716,0.120434,0.265251
0.109066,0.123467,0.265071
0.109679,0.123264,0.265668
0.107849,0.123483,0.266995
0.107306,0.123720,0.267001
0.104699,0.123732,0.270564
0.105213,0.124979,0.269727
0.104963,0.125775,0.269434
0.103505,0.127723,0.269576
0.100968,0.128153,0.270050
0.099732,0.129389,0.272744
0.100171,0.129413,0.271686
0.098891,0.130935,0.274013
0.098212,0.129716,0.273024
0.097205,0.131984,0.272618
0.094947,0.131480,0.274234
0.093846,0.132292,0.273681
0.091811,0.134384,0.276958
0.090603,0.135763,0.277135
0.091151,0.134021,0.277193
0.088668,0.135869,0.277761
0.086301,0.136749,0.277489
0.086489,0.137308,0.276764
0.086227,0.137803,0.278196
0.083895,0.139702,0.278970
0.085429,0.137467,0.280147
0.082767,0.139864,0.281098
0.078848,0.138115,0.280252
0.079077,0.142522,0.280628
0.079878,0.140717,0.281668
0.077531,0.143340,0.282110
0.076044,0.143957,0.284851
0.075401,0.144846,0.283329
0.072214,0.145446,0.283714
0.074874,0.144773,0.286443
0.071498,0.145968,0.285562
0.071207,0.146522,0.286391
0.067681,0.148613,0.287374
0.067325,0.147491,0.288162
0.067980,0.148358,0.288163
0.065370,0.150501,0.286796
0.064685,0.149366,0.288351
0.064798,0.152307,0.290427
0.063478,0.151006,0.291310
0.064259,0.152781,0.290189
0.062091,0.152200,0.290780
0.058149,0.152995,0.291619
0.059145,0.152875,0.292208
0.057614,0.154334,0.293513
0.056629,0.156394,0.294931
0.053360,0.156568,0.294649
0.054466,0.155967,0.293675
0.054371,0.158472,0.294974
0.052647,0.157932,0.296243
0.052789,0.156177,0.295008
0.048109,0.160298,0.296099
0.048424,0.161815,0.296244
0.048271,0.160045,0.296799
0.047363,0.158957,0.295620
0.046511,0.159763,0.296981
0.043961,0.159967,0.297282
0.043633,0.160492,0.296838
0.041617,0.160558,0.298202
0.043271,0.161644,0.296896
0.038329,0.161844,0.297526
0.040661,0.164223,0.298819
0.037513,0.161352,0.299255
0.038770,0.161765,0.298005
0.035353,0.161990,0.296859
0.036529,0.161854,0.299462
0.034798,0.162360,0.297801
0.033566,0.162923,0.298320
0.033763,0.160900,0.297196
0.031729,0.161577,0.296308
0.029952,0.161979,0.297856
0.029277,0.159973,0.298005
0.028350,0.162215,0.298826
0.025424,0.161181,0.298450
0.026320,0.163891,0.298519
0.025386,0.162194,0.298059
0.024016,0.162431,0.299043
0.022759,0.163616,0.298419
0.022609,0.164021,0.298546
0.018774,0.161845,0.300854
0.020569,0.163895,0.301017
0.017266,0.164221,0.300898
0.016900,0.163500,0.299577
0.016244,0.162517,0.299805
0.016038,0.165923,0.299712
0.014829,0.164271,0.299949
0.013688,0.165727,0.301095
0.009888,0.166670,0.302091
0.010484,0.165332,0.302569
0.012225,0.167549,0.303554
0.009037,0.165844,0.302306
0.008409,0.167117,0.301766
0.006597,0.166736,0.301924
0.006885,0.166116,0.305164
0.006032,0.166621,0.302331
0.002802,0.169922,0.303026
0.002386,0.166872,0.303291
0.002870,0.168378,0.302054
0.001905,0.167773,0.301801
0.001371,0.167849,0.300943
-0.001914,0.166648,0.301781
-0.003621,0.166506,0.302082
-0.001764,0.167385,0.303840
-0.004630,0.167937,0.300656
-0.005706,0.167177,0.301754
-0.007953,0.167701,0.303425
-0.007743,0.165910,0.302762
-0.007666,0.167928,0.302996
-0.009312,0.166714,0.303074
-0.009813,0.168778,0.303462
-0.012828,0.167843,0.302694
-0.013725,0.167342,0.302499
-0.013822,0.166355,0.302532
-0.014923,0.167914,0.302351
-0.017113,0.168084,0.302595
-0.016857,0.165571,0.300643
-0.017047,0.165697,0.303251
-0.019578,0.166757,0.302948
-0.019802,0.167045,0.300978
-0.022212,0.166427,0.301535
-0.023630,0.165634,0.302518
-0.023373,0.167334,0.301715
-0.024941,0.167939,0.304783
-0.024301,0.167664,0.301266
-0.025283,0.167039,0.302981
-0.026579,0.164627,0.301029
-0.029285,0.165845,0.300192
-0.028982,0.165923,0.301435
-0.029760,0.165570,0.303733
-0.031785,0.165425,0.300677
-0.031311,0.166427,0.300492
-0.033701,0.165496,0.299265
-0.035702,0.165336,0.302239
-0.034917,0.164600,0.299596
-0.037439,0.164942,0.300673
-0.038630,0.164410,0.301250
-0.036651,0.165246,0.298422
-0.039825,0.165420,0.301658
-0.039713,0.164820,0.298411
-0.043489,0.162683,0.300114
-0.039351,0.163816,0.298825
-0.043430,0.165209,0.301201
-0.043938,0.161998,0.300055
-0.045521,0.162683,0.298677
-0.046860,0.163717,0.299975
-0.047983,0.164248,0.297296
-0.047867,0.163387,0.297671
-0.051236,0.161344,0.298337
-0.052188,0.160679,0.298516
-0.051750,0.161514,0.297942
-0.053784,0.163402,0.299417
-0.053985,0.161616,0.298402
-0.055454,0.160335,0.299047
-0.057250,0.162372,0.296791
-0.054579,0.160950,0.298077
-0.057031,0.161009,0.297500
-0.059244,0.161495,0.296207
-0.060934,0.161057,0.297001
-0.059873,0.159652,0.297444
-0.062625,0.158023,0.295239
-0.064210,0.158722,0.295621
-0.063156,0.160439,0.295776
-0.064095,0.157645,0.296751
-0.066319,0.156569,0.296030
-0.067172,0.160566,0.295874
-0.068238,0.159633,0.296627
-0.068330,0.157793,0.294296
-0.070660,0.159554,0.293685
-0.072751,0.158743,0.295346
-0.071869,0.157982,0.297360
-0.072720,0.158068,0.295124
-0.072660,0.158703,0.296025
-0.076445,0.159097,0.295081
-0.075375,0.158714,0.295803
-0.078066,0.157316,0.295660
-0.077713,0.154996,0.296709
-0.079970,0.157679,0.296267
-0.080911,0.159068,0.295497
-0.079425,0.159189,0.296117
-0.082588,0.156784,0.293383
-0.080968,0.157256,0.295441
-0.085520,0.157031,0.293954
-0.086217,0.156197,0.291889
-0.086848,0.155630,0.294313
-0.088763,0.156461,0.292831
-0.088405,0.154342,0.293908
-0.088260,0.156787,0.293913
-0.091608,0.155886,0.292029
-0.091410,0.156990,0.292965
-0.092051,0.154370,0.293459
-0.093827,0.155960,0.293344
-0.095582,0.154036,0.293517
-0.097033,0.155904,0.291921
-0.097243,0.154124,0.294465
-0.097309,0.155398,0.293353
-0.098307,0.154706,0.293125
-0.101329,0.154848,0.294283
-0.101758,0.153846,0.292019
-0.099854,0.153116,0.292038
-0.104154,0.154712,0.294441
-0.105661,0.154380,0.291453
-0.104164,0.154114,0.290787
-0.108192,0.152677,0.290455
-0.108650,0.152103,0.292019
-0.108534,0.151570,0.294111
-0.111191,0.153363,0.290930
-0.109533,0.155115,0.291400
-0.112835,0.155424,0.291989
-0.112777,0.153744,0.289730
-0.112941,0.152316,0.291055
-0.116001,0.152561,0.291773
-0.116824,0.150110,0.290711
-0.117488,0.151429,0.290850
-0.118657,0.152782,0.290317
-0.119260,0.152044,0.290054
-0.119488,0.150753,0.289874
-0.122196,0.150940,0.289008
-0.122581,0.149717,0.287840
-0.124828,0.149390,0.289184
-0.124082,0.148202,0.287560
-0.126261,0.148821,0.285825
-0.126328,0.148642,0.285914
-0.126887,0.147997,0.286257
-0.129189,0.146498,0.285360
-0.131192,0.144681,0.284759
-0.130808,0.142544,0.283763
-0.130173,0.141233,0.282002
-0.133026,0.140105,0.281960
-0.133615,0.141235,0.279379
-0.135249,0.137690,0.278891
-0.135936,0.134480,0.277605
-0.135200,0.132999,0.271932
-0.138460,0.126894,0.269107
-0.139273,0.120019,0.263744
-0.139363,0.114573,0.260993
-0.143325,0.108875,0.256262
-0.142064,0.106526,0.254391
-0.142256,0.106020,0.252877
-0.144991,0.103382,0.250697
-0.147468,0.100184,0.249040
-0.147332,0.095165,0.244297
-0.147962,0.093953,0.241891
-0.150878,0.090331,0.240830
-0.150760,0.084217,0.236864
-0.154121,0.080812,0.233735
-0.154270,0.075590,0.229497
-0.156433,0.066963,0.222437
0.144417,0.107775,0.256439
0.141408,0.107049,0.257085
0.140457,0.107715,0.256710
0.140798,0.107831,0.257472
0.139043,0.109278,0.256266
0.136835,0.109496,0.258096
0.136128,0.108215,0.255261
0.133828,0.108276,0.259546
0.134186,0.111520,0.254744
0.132002,0.110013,0.258124
0.131130,0.110921,0.258258
0.129515,0.111162,0.258299
0.129848,0.111378,0.260250
0.128181,0.113513,0.260009
0.126693,0.113468,0.259857
0.127019,0.113185,0.260609
0.125316,0.112785,0.260198
0.124064,0.115774,0.261792
0.123892,0.114219,0.262163
0.122334,0.114270,0.260916
0.121167,0.115219,0.263774
0.119986,0.115781,0.262136
0.117361,0.116181,0.263075
0.117514,0.116616,0.262345
0.116156,0.119628,0.264086
0.113617,0.115683,0.264907
0.115600,0.117338,0.264493
0.112137,0.118461,0.263726
0.109793,0.121779,0.265965
0.111267,0.121705,0.269007
0.108709,0.121755,0.265869
0.108661,0.122404,0.265466
0.106878,0.121917,0.268022
0.106505,0.122977,0.268285
0.106528,0.123601,0.269206
0.103080,0.124303,0.269862
0.102528,0.124714,0.270693
0.100592,0.126689,0.271642
0.099603,0.127828,0.271219
0.099221,0.127295,0.270829
0.099487,0.126908,0.272489
0.096994,0.128520,0.273801
0.095379,0.131548,0.275746
0.093788,0.131013,0.273206
0.093967,0.131191,0.277327
0.091801,0.131199,0.275404
0.090378,0.132854,0.275949
0.088831,0.133337,0.276843
0.089086,0.134049,0.276475
0.087695,0.133940,0.279394
0.087253,0.135925,0.278255
0.085013,0.134870,0.280464
0.083324,0.136858,0.279153
0.082628,0.138992,0.280834
0.082138,0.137910,0.280884
0.080328,0.140214,0.281767
0.079955,0.138223,0.281443
0.079185,0.140088,0.283332
0.076343,0.140722,0.282306
0.075184,0.139495,0.281648
0.074021,0.143559,0.284338
0.074467,0.142869,0.283182
0.072313,0.144173,0.286151
0.071696,0.144412,0.284086
0.071595,0.144063,0.285894
0.069614,0.146218,0.286688
0.067906,0.146554,0.286526
0.067649,0.145956,0.288206
0.068073,0.149134,0.289123
0.064004,0.149212,0.290239
0.063052,0.149540,0.289060
0.063090,0.149834,0.290786
0.062272,0.149716,0.291131
0.061108,0.149841,0.290962
0.059865,0.150870,0.291893
0.058335,0.150859,0.290004
0.056698,0.151526,0.292365
0.053345,0.155042,0.293783
0.054605,0.154624,0.292486
0.056041,0.155012,0.294549
0.054523,0.154872,0.295503
0.053156,0.154804,0.294492
0.051121,0.157381,0.294356
0.048849,0.157692,0.294332
0.049123,0.158569,0.297362
0.048935,0.157838,0.293542
0.046048,0.159496,0.296484
0.046018,0.159095,0.296751
0.044934,0.157348,0.299290
0.043986,0.159041,0.299317
0.042747,0.158873,0.296464
0.042188,0.157714,0.297092
0.040425,0.158987,0.298562
0.039421,0.158976,0.299481
0.037442,0.162448,0.298696
0.038155,0.160907,0.299531
0.035014,0.159474,0.298436
0.035629,0.160361,0.298124
0.033759,0.161120,0.298150
0.033611,0.159268,0.299534
0.032406,0.161156,0.296864
0.031793,0.160730,0.298620
0.029832,0.160716,0.299122
0.029605,0.161208,0.297083
0.027938,0.160148,0.299442
0.026588,0.160293,0.299229
0.026945,0.160908,0.296639
0.023942,0.159771,0.297769
0.024951,0.161068,0.299371
0.020951,0.160061,0.298982
0.020787,0.162876,0.300350
0.019873,0.161361,0.298217
0.021777,0.160853,0.299430
0.018585,0.162792,0.299460
0.016108,0.161539,0.300883
0.015571,0.163860,0.299956
0.016418,0.163392,0.300918
0.014304,0.164090,0.301858
0.014337,0.163683,0.302835
0.012569,0.163654,0.303582
0.011887,0.164685,0.302259
0.011373,0.164777,0.303950
0.010933,0.165690,0.302029
0.007521,0.163122,0.305079
0.004998,0.165457,0.302476
0.004940,0.164608,0.303185
0.004933,0.164443,0.301497
0.003344,0.166460,0.301206
0.002959,0.166793,0.302836
0.001814,0.164960,0.302014
0.002088,0.166315,0.304692
-0.001174,0.165745,0.304402
-0.000958,0.167301,0.302327
-0.000698,0.167111,0.303401
-0.004000,0.165650,0.302591
-0.005008,0.166930,0.302904
-0.003736,0.165256,0.304580
-0.007782,0.167229,0.303620
-0.005587,0.166185,0.303426
-0.009417,0.165026,0.305506
-0.011174,0.164883,0.304021
-0.010520,0.165181,0.302438
-0.012629,0.164221,0.302230
-0.011255,0.167079,0.303247
-0.012814,0.165969,0.303761
-0.014030,0.165806,0.303179
-0.016114,0.165337,0.303136
-0.015693,0.164984,0.303708
-0.018060,0.165113,0.304100
-0.019236,0.164472,0.302667
-0.018789,0.164326,0.302108
-0.018538,0.165306,0.302689
-0.021322,0.162986,0.302188
-0.019965,0.164230,0.301113
-0.023846,0.165929,0.304604
-0.022882,0.166051,0.303670
-0.026182,0.165483,0.302170
-0.026890,0.163949,0.303368
-0.027405,0.165104,0.303488
-0.029754,0.164163,0.302364
-0.029321,0.163649,0.302835
-0.031800,0.162011,0.300370
-0.031580,0.163287,0.302587
-0.032031,0.163822,0.301697
-0.035614,0.165101,0.302546
-0.033948,0.163135,0.301895
-0.037017,0.163786,0.302803
-0.037599,0.162575,0.302834
-0.039320,0.163196,0.300896
-0.039521,0.162716,0.300039
-0.040718,0.162757,0.298606
-0.041814,0.161728,0.301637
-0.044453,0.162084,0.302029
-0.043387,0.161997,0.300859
-0.043577,0.159843,0.298068
-0.045066,0.159933,0.299113
-0.045837,0.160384,0.298665
-0.049121,0.160917,0.299632
-0.048114,0.160847,0.298536
-0.049449,0.159080,0.297984
-0.050437,0.159569,0.296095
-0.050065,0.158284,0.298215
-0.052658,0.161033,0.298539
-0.054907,0.159821,0.298332
-0.054948,0.159450,0.296171
-0.055666,0.159616,0.297433
-0.056764,0.157533,0.297209
-0.057854,0.159701,0.297907
-0.061014,0.159734,0.298344
-0.059123,0.159947,0.297849
-0.061087,0.157643,0.297760
-0.061405,0.158094,0.296017
-0.063625,0.160014,0.297126
-0.063873,0.158862,0.298888
-0.067309,0.158051,0.298356
-0.066339,0.158126,0.296708
-0.066488,0.156863,0.295365
-0.069090,0.157543,0.296140
-0.070400,0.157131,0.297815
-0.070304,0.157231,0.298103
-0.071199,0.156846,0.296649
-0.072451,0.158431,0.296088
-0.075431,0.155592,0.296332
-0.075562,0.155756,0.295290
-0.074638,0.157195,0.296751
-0.075957,0.156938,0.296731
-0.077475,0.157230,0.294787
-0.079300,0.155293,0.294212
-0.078496,0.156853,0.293265
-0.080727,0.154427,0.295689
-0.081446,0.157516,0.293638
-0.083365,0.155266,0.294302
-0.084410,0.157233,0.296543
-0.083802,0.156250,0.292863
-0.087496,0.155367,0.293391
-0.086441,0.155573,0.294587
-0.087606,0.154990,0.295422
-0.089543,0.154738,0.295018
-0.091001,0.155806,0.292560
-0.092640,0.155068,0.294490
-0.090591,0.154062,0.294106
-0.093285,0.154043,0.294406
-0.093653,0.155217,0.293851
-0.096551,0.155684,0.295106
-0.095625,0.153693,0.293078
-0.097084,0.153820,0.294618
-0.098099,0.152701,0.292365
-0.100346,0.155445,0.291444
-0.100272,0.153617,0.294860
-0.100768,0.154675,0.291396
-0.103358,0.153149,0.292053
-0.104121,0.151952,0.292693
-0.106116,0.154134,0.293895
-0.104856,0.151537,0.292274
-0.106808,0.151474,0.293952
-0.107112,0.153388,0.290639
-0.108077,0.152222,0.291314
-0.110846,0.151666,0.291662
-0.109183,0.150263,0.291698
-0.110066,0.153286,0.292608
-0.111139,0.153763,0.291149
-0.115223,0.148656,0.292968
-0.113831,0.151601,0.289202
-0.115203,0.150472,0.290194
-0.117649,0.150517,0.289022
-0.116817,0.150559,0.289872
-0.120819,0.148018,0.289338
-0.120286,0.148037,0.289059
-0.122114,0.147728,0.289654
-0.121733,0.148459,0.288811
-0.124763,0.146186,0.288275
-0.122211,0.147435,0.288755
-0.124934,0.145505,0.287519
-0.125623,0.144004,0.286610
-0.129331,0.145988,0.284467
-0.129286,0.144082,0.283652
-0.129845,0.141973,0.283293
-0.130358,0.141880,0.284261
-0.132030,0.141094,0.282959
-0.132715,0.138579,0.283057
-0.134286,0.138590,0.278583
-0.135404,0.137141,0.280362
-0.136635,0.131970,0.276674
-0.137189,0.128241,0.272752
-0.138512,0.124445,0.271966
-0.139919,0.117616,0.263893
-0.139433,0.110984,0.260573
-0.142854,0.107973,0.257901
-0.141171,0.107376,0.253771
-0.144086,0.102731,0.251458
-0.143798,0.101318,0.250029
-0.146861,0.099866,0.248373
-0.146764,0.094523,0.245432
-0.149750,0.092292,0.244181
-0.150975,0.088047,0.241637
-0.150297,0.084785,0.237144
-0.152273,0.079874,0.235386
-0.154476,0.075571,0.230156
-0.154024,0.066958,0.221990
0.142604,0.105139,0.256069
0.143246,0.104682,0.257740
0.141156,0.105235,0.256810
0.139240,0.109123,0.255857
0.139091,0.106054,0.258043
0.137885,0.107440,0.258353
0.136902,0.106630,0.258990
0.135014,0.107676,0.257996
0.134034,0.109606,0.259190
0.133609,0.109124,0.259756
0.133839,0.109332,0.257902
0.131587,0.109323,0.258180
0.130146,0.108269,0.258914
0.129233,0.108462,0.260040
0.126606,0.109237,0.259340
0.127216,0.111555,0.258971
0.124508,0.111927,0.261046
0.124967,0.112893,0.261095
0.122489,0.111788,0.260457
0.120362,0.112159,0.261220
0.122323,0.113967,0.262900
0.120553,0.112942,0.262637
0.118190,0.114564,0.263716
0.118331,0.114008,0.265319
0.116275,0.114385,0.264097
0.113983,0.116054,0.265273
0.113618,0.117699,0.264369
0.113477,0.116332,0.265512
0.110751,0.116171,0.264993
0.110240,0.118476,0.266989
0.111049,0.118539,0.265768
0.107876,0.120594,0.269189
0.105484,0.119956,0.268722
0.105230,0.121021,0.269747
0.104366,0.122077,0.270010
0.103485,0.121882,0.270841
0.102259,0.123855,0.271395
0.100821,0.124779,0.271122
0.101967,0.125182,0.269751
0.100296,0.127560,0.272523
0.096496,0.125384,0.272516
0.097599,0.127902,0.274163
0.096678,0.129751,0.273746
0.093856,0.130177,0.276657
0.093838,0.128548,0.276616
0.091621,0.129700,0.277353
0.090970,0.131467,0.274339
0.091150,0.130406,0.277912
0.089625,0.131716,0.278574
0.085136,0.132840,0.277028
0.085732,0.134151,0.279582
0.085488,0.135749,0.281041
0.084507,0.136056,0.280001
0.081791,0.135423,0.282048
0.082426,0.137182,0.281027
0.081666,0.137983,0.281693
0.079750,0.138068,0.282376
0.080565,0.137307,0.284559
0.079780,0.140633,0.283874
0.075085,0.140466,0.284628
0.073354,0.140329,0.282809
0.075122,0.141571,0.287262
0.073235,0.144094,0.285522
0.071049,0.144003,0.287009
0.069440,0.144752,0.287232
0.069102,0.143145,0.286642
0.069084,0.145637,0.288331
0.068310,0.146435,0.288095
0.066666,0.146966,0.289003
0.064804,0.147978,0.289988
0.065170,0.148680,0.288836
0.062672,0.147038,0.292441
0.062471,0.149818,0.291525
0.062084,0.150133,0.290380
0.059506,0.151423,0.291749
0.058344,0.150792,0.293233
0.057608,0.151997,0.295127
0.056622,0.150391,0.293806
0.055828,0.150806,0.292657
0.056359,0.151876,0.292553
0.053629,0.152453,0.294650
0.052202,0.152290,0.294378
0.051868,0.152378,0.294806
0.052336,0.154405,0.297205
0.049123,0.157287,0.294845
0.048639,0.155014,0.294982
0.046942,0.155371,0.297489
0.044589,0.155642,0.297445
0.044985,0.155769,0.296979
0.043636,0.156931,0.298876
0.042275,0.157647,0.297054
0.041537,0.159097,0.298500
0.040868,0.158635,0.299233
0.039967,0.158891,0.298439
0.039474,0.158887,0.299213
0.037215,0.157391,0.298211
0.039050,0.159466,0.299213
0.037428,0.157827,0.299461
0.034839,0.156998,0.299630
0.033294,0.158191,0.299141
0.031362,0.158026,0.298469
0.030093,0.157713,0.298296
0.030081,0.157275,0.298437
0.029084,0.156847,0.298389
0.028090,0.159607,0.299376
0.026562,0.158312,0.299298
0.024843,0.159543,0.298860
0.024165,0.158788,0.296852
0.023614,0.158543,0.299775
0.023878,0.159518,0.299500
0.022899,0.159604,0.300613
0.019184,0.161292,0.300275
0.019238,0.160321,0.301181
0.018278,0.160279,0.299798
0.017368,0.163328,0.299111
0.015113,0.161937,0.301934
0.016611,0.163102,0.299685
0.014679,0.163226,0.300712
0.013553,0.162575,0.303356
0.011785,0.162182,0.304030
0.010591,0.163844,0.302371
0.010496,0.162299,0.303946
0.010721,0.164088,0.303570
0.008061,0.164582,0.303204
0.006419,0.164736,0.303628
0.006998,0.163883,0.303487
0.006427,0.164078,0.303413
0.002633,0.164571,0.303457
0.000377,0.163705,0.303275
0.002448,0.164667,0.303521
0.002063,0.167009,0.303353
-0.000994,0.164688,0.304441
-0.000839,0.163169,0.305230
-0.001970,0.165399,0.304704
-0.003646,0.165189,0.305294
-0.003301,0.166440,0.304835
-0.006532,0.165124,0.304996
-0.005932,0.165550,0.302943
-0.007470,0.163693,0.304798
-0.009498,0.163860,0.301987
-0.010818,0.164456,0.303793
-0.011493,0.165866,0.303077
-0.010391,0.164859,0.304950
-0.012747,0.166162,0.303632
-0.013519,0.164481,0.302947
-0.012555,0.165539,0.303240
-0.015790,0.165456,0.303422
-0.016781,0.164283,0.302612
-0.019347,0.163501,0.304474
-0.014599,0.164698,0.303527
-0.019581,0.162251,0.302178
-0.020234,0.163552,0.302045
-0.021253,0.161952,0.303465
-0.023253,0.166265,0.301034
-0.025649,0.162174,0.302685
-0.023877,0.163657,0.301816
-0.025699,0.162358,0.299709
-0.029800,0.163019,0.303944
-0.029437,0.163878,0.300796
-0.030362,0.161822,0.302252
-0.030891,0.163037,0.301438
-0.030149,0.161798,0.304882
-0.033092,0.163459,0.301468
-0.033198,0.161381,0.300710
-0.034716,0.162661,0.302969
-0.034345,0.161782,0.301682
-0.035146,0.160872,0.301184
-0.034135,0.162132,0.299981
-0.040214,0.159665,0.299942
-0.040121,0.161538,0.300826
-0.039617,0.159346,0.298708
-0.039866,0.160314,0.299990
-0.042144,0.160982,0.301097
-0.043896,0.159767,0.299901
-0.044821,0.160445,0.299865
-0.045350,0.161025,0.301389
-0.046623,0.159925,0.300023
-0.048025,0.160232,0.300835
-0.046800,0.159443,0.299246
-0.049621,0.159199,0.298661
-0.051452,0.159003,0.299876
-0.051150,0.158277,0.298176
-0.052736,0.160739,0.300623
-0.052812,0.159899,0.299966
-0.056075,0.157438,0.298307
-0.056770,0.156633,0.298042
-0.058486,0.159675,0.297137
-0.058296,0.157224,0.298552
-0.059185,0.157601,0.297512
-0.060934,0.156954,0.295972
-0.062428,0.156218,0.298733
-0.060947,0.156537,0.297740
-0.063078,0.156103,0.297217
-0.065044,0.157735,0.296678
-0.065409,0.155563,0.297405
-0.066214,0.157310,0.296163
-0.066199,0.155377,0.296446
-0.066966,0.155612,0.295798
-0.070154,0.157455,0.296917
-0.070933,0.155829,0.295950
-0.072263,0.156307,0.297577
-0.074671,0.154440,0.295717
-0.074142,0.155165,0.296972
-0.075310,0.153033,0.296866
-0.075321,0.155338,0.296618
-0.076859,0.153924,0.295915
-0.079233,0.155197,0.295246
-0.078542,0.154508,0.294682
-0.079502,0.156813,0.298579
-0.083088,0.155020,0.294633
-0.084139,0.155096,0.295076
-0.081550,0.154660,0.295305
-0.083676,0.154030,0.296011
-0.084239,0.153363,0.296349
-0.087151,0.152918,0.296116
-0.086525,0.154326,0.295314
-0.087560,0.153669,0.295363
-0.085774,0.153629,0.295267
-0.091197,0.153855,0.295160
-0.090661,0.151283,0.294574
-0.090572,0.153633,0.293586
-0.091299,0.152506,0.293604
-0.092222,0.153001,0.293752
-0.095598,0.153006,0.292682
-0.096006,0.149786,0.294339
-0.097360,0.150680,0.294479
-0.098685,0.150418,0.293097
-0.099373,0.153269,0.294606
-0.099235,0.153166,0.292988
-0.102034,0.151631,0.292758
-0.103732,0.151230,0.293698
-0.102395,0.150675,0.291917
-0.102933,0.151471,0.291191
-0.104862,0.151079,0.294490
-0.106190,0.150438,0.294958
-0.105984,0.148762,0.294704
-0.108835,0.150196,0.293137
-0.109018,0.150836,0.291416
-0.109948,0.150303,0.292043
-0.112925,0.150111,0.290837
-0.113723,0.149977,0.290996
-0.113687,0.149038,0.291354
-0.115425,0.149739,0.290677
-0.116462,0.150455,0.290348
-0.116039,0.147241,0.289750
-0.119263,0.149442,0.291196
-0.119075,0.146224,0.288361
-0.120039,0.146919,0.288589
-0.121748,0.144844,0.289242
-0.122246,0.146248,0.288228
-0.124325,0.146794,0.288150
-0.125092,0.145861,0.289597
-0.126781,0.144202,0.289033
-0.127411,0.143594,0.286105
-0.124569,0.144279,0.286188
-0.128769,0.143488,0.284581
-0.130216,0.141790,0.284344
-0.129601,0.139556,0.282474
-0.132007,0.138035,0.282281
-0.133848,0.137866,0.280835
-0.134226,0.136027,0.279891
-0.135432,0.134964,0.279287
-0.135658,0.130528,0.275180
-0.138712,0.127618,0.272621
-0.140767,0.122973,0.268517
-0.138884,0.114385,0.263726
-0.141016,0.110465,0.261562
-0.142495,0.107990,0.258280
-0.141897,0.105665,0.256079
-0.144041,0.102366,0.253756
-0.144202,0.100876,0.253386
-0.147604,0.096248,0.250882
-0.149552,0.093039,0.246237
-0.147296,0.091012,0.242744
-0.149753,0.085832,0.241891
-0.151875,0.085775,0.238023
-0.152281,0.081585,0.236265
-0.155091,0.073950,0.229934
-0.154905,0.065575,0.224278
0.142129,0.103148,0.256628
0.141948,0.105182,0.255502
0.139142,0.104449,0.255464
0.139699,0.103822,0.254102
0.136725,0.104457,0.258160
0.137117,0.104666,0.256585
0.135987,0.105011,0.256879
0.133080,0.106833,0.255849
0.133986,0.106895,0.259360
0.131124,0.105995,0.257521
0.131774,0.105352,0.260028
0.130715,0.108917,0.259994
0.129858,0.108142,0.259007
0.128071,0.108974,0.259648
0.126536,0.109551,0.261093
0.124989,0.108040,0.259834
0.124801,0.108698,0.260093
0.122449,0.110762,0.261039
0.120732,0.109083,0.261942
0.122251,0.111979,0.264227
0.119285,0.110780,0.263087
0.120172,0.110328,0.263471
0.117298,0.112035,0.264069
0.118518,0.113316,0.265895
0.115337,0.114707,0.266769
0.115699,0.114438,0.264718
0.114635,0.114770,0.267119
0.112062,0.115871,0.265977
0.112698,0.115132,0.267245
0.109460,0.118390,0.265113
0.108614,0.115816,0.266635
0.108062,0.118307,0.266955
0.105868,0.118417,0.268236
0.105240,0.119599,0.268412
0.106193,0.119972,0.270445
0.102609,0.121012,0.268496
0.101712,0.122418,0.270855
0.101333,0.122591,0.272102
0.098782,0.123805,0.271810
0.097826,0.123780,0.271763
0.096919,0.124822,0.272284
0.094910,0.127527,0.275304
0.094848,0.126381,0.274465
0.093319,0.127459,0.275945
0.091768,0.127173,0.275862
0.093251,0.130774,0.279503
0.089441,0.131740,0.275973
0.088282,0.129949,0.278538
0.086330,0.132213,0.277605
0.087285,0.132338,0.278009
0.083403,0.133378,0.280192
0.083367,0.133819,0.278327
0.083602,0.133341,0.280607
0.080287,0.135891,0.283003
0.081465,0.135562,0.282642
0.079558,0.135058,0.282792
0.080032,0.139667,0.283398
0.077164,0.138996,0.282478
0.076869,0.140021,0.283658
0.075622,0.138044,0.283485
0.073420,0.141399,0.284766
0.073320,0.139631,0.285736
0.072478,0.143011,0.288471
0.071306,0.142490,0.287113
0.068242,0.143193,0.288053
0.067940,0.141528,0.289265
0.066575,0.145046,0.288576
0.066512,0.144323,0.289786
0.064882,0.144133,0.289001
0.062323,0.145152,0.290746
0.063059,0.144596,0.290292
0.062558,0.145063,0.291503
0.061474,0.147468,0.291411
0.060521,0.149063,0.292175
0.058320,0.148721,0.291771
0.057028,0.149983,0.292667
0.057013,0.150832,0.292995
0.054438,0.150202,0.293871
0.054090,0.149174,0.292424
0.051663,0.152711,0.294045
0.053309,0.151531,0.294004
0.053051,0.152549,0.296205
0.051758,0.154295,0.296096
0.050811,0.153921,0.297649
0.048585,0.153382,0.296997
0.045892,0.154870,0.296482
0.045207,0.154212,0.298269
0.045689,0.154388,0.297310
0.043942,0.154829,0.297787
0.041561,0.156493,0.297062
0.044142,0.157002,0.296123
0.039142,0.155491,0.299337
0.039407,0.157033,0.299423
0.039512,0.155508,0.298492
0.037309,0.156418,0.301297
0.034298,0.156288,0.299354
0.036511,0.157487,0.298697
0.036419,0.156904,0.298491
0.035105,0.156249,0.299599
0.033846,0.155571,0.299462
0.030942,0.158310,0.299725
0.029548,0.158458,0.298738
0.028630,0.158278,0.298925
0.029848,0.157116,0.299003
0.025307,0.158337,0.301064
0.025989,0.157281,0.299898
0.024521,0.157858,0.297995
0.022809,0.156108,0.298335
0.022191,0.156464,0.300365
0.021534,0.157837,0.299653
0.022018,0.158077,0.299130
0.018502,0.159881,0.299359
0.020053,0.160158,0.300209
0.016225,0.161729,0.300135
0.017556,0.160017,0.301589
0.015653,0.160813,0.301696
0.014822,0.161800,0.301520
0.013756,0.160654,0.302026
0.011742,0.161073,0.302696
0.010540,0.162100,0.300043
0.010654,0.162760,0.304315
0.009401,0.160616,0.302410
0.008243,0.162750,0.303434
0.008128,0.161929,0.301871
0.007469,0.163786,0.305829
0.004209,0.161774,0.302864
0.004459,0.161907,0.301206
0.002247,0.162022,0.303910
0.000808,0.163049,0.306045
0.001367,0.162056,0.304890
-0.001633,0.164158,0.304405
-0.001249,0.163928,0.304285
-0.002633,0.163184,0.305999
-0.002476,0.164464,0.304522
-0.003040,0.164389,0.305504
-0.006502,0.163863,0.304212
-0.005943,0.161449,0.305155
-0.007778,0.161691,0.305902
-0.010307,0.163687,0.305064
-0.009788,0.164123,0.304962
-0.011533,0.163122,0.303544
-0.012938,0.164109,0.303531
-0.013185,0.162400,0.304187
-0.012882,0.165246,0.304845
-0.014003,0.161909,0.303933
-0.015700,0.164968,0.302767
-0.017329,0.162862,0.304655
-0.017622,0.162372,0.302869
-0.020295,0.160520,0.305632
-0.020144,0.161546,0.301743
-0.019185,0.163639,0.304571
-0.020973,0.164327,0.303330
-0.022905,0.164264,0.300350
-0.024060,0.163171,0.302275
-0.026122,0.164699,0.303203
-0.026263,0.161982,0.302908
-0.028917,0.160340,0.301198
-0.028441,0.160148,0.302930
-0.029407,0.161717,0.301528
-0.028962,0.161258,0.303348
-0.031000,0.162365,0.301894
-0.032251,0.159353,0.304121
-0.035189,0.160397,0.304099
-0.032881,0.161757,0.303205
-0.036238,0.161318,0.301607
-0.037902,0.160182,0.300523
-0.038141,0.158391,0.301740
-0.037158,0.160657,0.301747
-0.040725,0.157360,0.303550
-0.042095,0.159430,0.300139
-0.041721,0.159000,0.300909
-0.042886,0.159918,0.299439
-0.044632,0.158721,0.299706
-0.043653,0.159114,0.301224
-0.046610,0.159348,0.301485
-0.044327,0.156490,0.300271
-0.047952,0.158809,0.301256
-0.050578,0.158621,0.300751
-0.050225,0.157846,0.297999
-0.051042,0.158591,0.299598
-0.050430,0.157599,0.299236
-0.051382,0.157712,0.298166
-0.053592,0.157764,0.300383
-0.056551,0.157090,0.298872
-0.056731,0.156537,0.297507
-0.056340,0.157781,0.299053
-0.057240,0.157958,0.298270
-0.059189,0.156964,0.298793
-0.058933,0.156491,0.298731
-0.061458,0.154936,0.299182
-0.062872,0.155773,0.299084
-0.061639,0.155848,0.298472
-0.063952,0.155626,0.298306
-0.063580,0.154948,0.297640
-0.066974,0.156435,0.297491
-0.066143,0.152506,0.295916
-0.066609,0.155602,0.297565
-0.068738,0.156369,0.297613
-0.070738,0.153963,0.296370
-0.071563,0.154110,0.298356
-0.072573,0.153296,0.296028
-0.073628,0.154344,0.296567
-0.074075,0.155386,0.296185
-0.075273,0.153185,0.296300
-0.076118,0.154628,0.297703
-0.075305,0.152435,0.295212
-0.080002,0.155688,0.296842
-0.081316,0.153993,0.298337
-0.080632,0.153306,0.295930
-0.082305,0.152686,0.295642
-0.082513,0.152672,0.295735
-0.083058,0.153634,0.296035
-0.084370,0.153734,0.295548
-0.086741,0.154055,0.295374
-0.087587,0.153938,0.296765
-0.086325,0.151828,0.295134
-0.089705,0.150227,0.294982
-0.091222,0.153120,0.296264
-0.091720,0.152990,0.295717
-0.092512,0.152510,0.295289
-0.090586,0.151762,0.295703
-0.093801,0.150235,0.294958
-0.093997,0.150206,0.294876
-0.095809,0.150635,0.295904
-0.096038,0.149987,0.294499
-0.098802,0.150084,0.292291
-0.098490,0.150706,0.293105
-0.099299,0.150574,0.293481
-0.101029,0.149417,0.293256
-0.103104,0.148385,0.293014
-0.102593,0.150122,0.292792
-0.104506,0.148875,0.293754
-0.105881,0.148490,0.291835
-0.106278,0.149204,0.293544
-0.106325,0.149832,0.292411
-0.107810,0.148294,0.291709
-0.109350,0.147709,0.291979
-0.108898,0.146926,0.292526
-0.109971,0.147332,0.292409
-0.113672,0.146711,0.292816
-0.115426,0.149768,0.292377
-0.115060,0.148425,0.291277
-0.114570,0.147112,0.290782
-0.117316,0.148248,0.291676
-0.118005,0.146007,0.289655
-0.117651,0.145563,0.288555
-0.119117,0.145981,0.288330
-0.121874,0.144695,0.289759
-0.121378,0.144512,0.289373
-0.125737,0.145160,0.288552
-0.124665,0.144237,0.288974
-0.126666,0.142825,0.289728
-0.125682,0.141261,0.286174
-0.127512,0.141186,0.288161
-0.128899,0.138999,0.284819
-0.130606,0.136548,0.284811
-0.130897,0.134783,0.284270
-0.132653,0.135145,0.282695
-0.134258,0.133441,0.282502
-0.132895,0.134776,0.282167
-0.136265,0.132071,0.279512
-0.137583,0.128796,0.276597
-0.134960,0.123220,0.273150
-0.136306,0.119910,0.268349
-0.139898,0.116519,0.262926
-0.139149,0.108463,0.261232
-0.141761,0.106267,0.257764
-0.143397,0.105594,0.254508
-0.145980,0.101185,0.255173
-0.145520,0.099745,0.252387
-0.145756,0.097194,0.249747
-0.149848,0.092695,0.246891
-0.147839,0.087782,0.243915
-0.149389,0.084737,0.243366
-0.150543,0.082860,0.240762
-0.153754,0.079541,0.236357
-0.154515,0.072005,0.232044
-0.156288,0.065549,0.225046
0.142599,0.102961,0.256642
0.141090,0.102036,0.254664
0.138817,0.102117,0.258028
0.137459,0.103491,0.255412
0.136686,0.102705,0.257457
0.136721,0.104607,0.258481
0.133313,0.104864,0.258644
0.135232,0.102530,0.256691
0.131250,0.104860,0.257703
0.130652,0.105070,0.258481
0.130343,0.104537,0.258936
0.130200,0.106625,0.259558
0.127152,0.107273,0.258674
0.128276,0.106848,0.262172
0.124936,0.108962,0.260772
0.123596,0.110771,0.260482
0.124758,0.108045,0.260059
0.122526,0.108242,0.264088
0.121855,0.110526,0.260429
0.119873,0.110165,0.263161
0.119098,0.111280,0.263057
0.119310,0.112239,0.260941
0.116513,0.111338,0.262939
0.116822,0.113206,0.264964
0.114091,0.111324,0.264485
0.113105,0.112623,0.265390
0.111824,0.114213,0.266030
0.111532,0.114650,0.265772
0.108347,0.115161,0.266466
0.107689,0.115710,0.267705
0.106306,0.117805,0.269054
0.106930,0.117601,0.270886
0.105447,0.117057,0.270480
0.104982,0.119078,0.271293
0.102612,0.120245,0.271574
0.102541,0.120905,0.270572
0.100496,0.121413,0.271326
0.099261,0.123152,0.272428
0.098247,0.123059,0.272186
0.097275,0.123910,0.273108
0.093637,0.125220,0.274519
0.095373,0.124394,0.273665
0.092028,0.124688,0.274972
0.092585,0.127509,0.276828
0.093390,0.127305,0.276056
0.089297,0.126877,0.279696
0.090672,0.129440,0.278760
0.088546,0.131880,0.278144
0.086074,0.130660,0.278562
0.084900,0.131058,0.279333
0.084450,0.132731,0.279325
0.085478,0.135264,0.281209
0.084195,0.135615,0.281214
0.080487,0.133194,0.283170
0.081228,0.134623,0.283071
0.079488,0.134980,0.283347
0.078056,0.137543,0.284030
0.077611,0.138438,0.285115
0.074975,0.136066,0.286326
0.073524,0.137079,0.287620
0.074427,0.139346,0.285329
0.072170,0.140173,0.286146
0.069725,0.141545,0.286864
0.069730,0.141634,0.286207
0.069162,0.141562,0.288511
0.068212,0.141892,0.287432
0.067144,0.141335,0.289424
0.066481,0.141676,0.289631
0.061745,0.145109,0.289378
0.063986,0.144235,0.290985
0.061227,0.144444,0.290796
0.060093,0.147066,0.291396
0.059976,0.145719,0.293874
0.058536,0.147251,0.293114
0.058410,0.147720,0.295130
0.056127,0.148134,0.293833
0.054764,0.149302,0.295364
0.054995,0.150896,0.294232
0.055711,0.152217,0.294686
0.052270,0.151196,0.295041
0.051384,0.150562,0.295267
0.050145,0.151854,0.294433
0.048580,0.152498,0.296829
0.047172,0.153275,0.298294
0.047641,0.152541,0.298553
0.048163,0.152384,0.298277
0.044653,0.153062,0.297819
0.044762,0.152795,0.297020
0.042151,0.154191,0.296663
0.042608,0.155108,0.298585
0.039308,0.154350,0.297553
0.039427,0.154281,0.296897
0.038743,0.153844,0.298868
0.037370,0.156919,0.299776
0.036565,0.155337,0.300820
0.036472,0.155257,0.299968
0.033598,0.155950,0.300391
0.034148,0.154557,0.299338
0.033681,0.157138,0.299967
0.031092,0.155618,0.299137
0.029745,0.155371,0.300046
0.028299,0.156478,0.300134
0.026819,0.155818,0.300475
0.025595,0.153473,0.300662
0.026410,0.155695,0.299025
0.025317,0.155841,0.300413
0.026250,0.156929,0.299788
0.023771,0.155574,0.298049
0.021492,0.155709,0.298735
0.020006,0.157299,0.302057
0.021954,0.157523,0.301863
0.017991,0.155612,0.301784
0.017229,0.157564,0.300996
0.017447,0.158721,0.301123
0.014102,0.158746,0.301663
0.014169,0.159424,0.303862
0.013130,0.159404,0.300280
0.011763,0.159964,0.303914
0.009244,0.159425,0.301992
0.011048,0.160531,0.303059
0.007550,0.159554,0.304058
0.007746,0.161374,0.302614
0.006788,0.161047,0.306523
0.006369,0.162493,0.303339
0.006580,0.161087,0.302370
0.002996,0.162064,0.304855
0.003019,0.162171,0.303572
0.002182,0.161583,0.305767
0.001302,0.162726,0.304530
-0.001527,0.161948,0.303969
0.000137,0.162249,0.305695
-0.003062,0.163055,0.306683
-0.003242,0.163558,0.305763
-0.002004,0.163624,0.303570
-0.004144,0.162033,0.305831
-0.006444,0.163199,0.304509
-0.009085,0.162098,0.305145
-0.009360,0.162204,0.304069
-0.011027,0.161100,0.304943
-0.009937,0.160252,0.305125
-0.010245,0.162026,0.306104
-0.013365,0.160402,0.304141
-0.014020,0.162263,0.304135
-0.015552,0.162353,0.303755
-0.016062,0.160924,0.304288
-0.016971,0.161563,0.301801
-0.015813,0.163414,0.303828
-0.019630,0.161213,0.303921
-0.020699,0.160374,0.303664
-0.021312,0.162129,0.302590
-0.021964,0.161135,0.303915
-0.022086,0.159625,0.301694
-0.024108,0.163428,0.302326
-0.025666,0.159120,0.304216
-0.025702,0.159831,0.305354
-0.029323,0.158364,0.302981
-0.027981,0.161306,0.302500
-0.028763,0.160425,0.304973
-0.031338,0.160098,0.302036
-0.030878,0.158884,0.302721
-0.031500,0.159097,0.303209
-0.033725,0.158738,0.302017
-0.032338,0.160747,0.301413
-0.035134,0.158609,0.303073
-0.036445,0.159658,0.300174
-0.037156,0.158054,0.303538
-0.036741,0.158754,0.300078
-0.038606,0.158949,0.300967
-0.038682,0.157344,0.300179
-0.042171,0.157696,0.301994
-0.042880,0.157714,0.299919
-0.043374,0.157907,0.302376
-0.045638,0.157609,0.301750
-0.044487,0.155369,0.299427
-0.047013,0.157588,0.302177
-0.047759,0.156512,0.299726
-0.049708,0.157338,0.297434
-0.048511,0.155818,0.299221
-0.051074,0.157349,0.300682
-0.049655,0.155799,0.300310
-0.051540,0.154604,0.300064
-0.052789,0.155005,0.299610
-0.055637,0.155363,0.298071
-0.056069,0.155907,0.299019
-0.057596,0.154683,0.298419
-0.056967,0.153946,0.299750
-0.059476,0.153147,0.297775
-0.056954,0.154396,0.298923
-0.060077,0.153603,0.297560
-0.060283,0.154759,0.297974
-0.063815,0.154626,0.297152
-0.064446,0.154549,0.299608
-0.063624,0.153561,0.296525
-0.065934,0.153244,0.298358
-0.066191,0.153897,0.296531
-0.068323,0.154299,0.297812
-0.068814,0.153120,0.298369
-0.069768,0.154187,0.297521
-0.070170,0.153477,0.296564
-0.071927,0.152253,0.297968
-0.072645,0.153150,0.299678
-0.073662,0.151500,0.297786
-0.074685,0.152020,0.296548
-0.076917,0.150575,0.295766
-0.079030,0.151112,0.295308
-0.078431,0.152079,0.297673
-0.080734,0.150856,0.298142
-0.080899,0.150150,0.294899
-0.083084,0.151307,0.297531
-0.082580,0.151787,0.296382
-0.082564,0.153900,0.296331
-0.084797,0.151958,0.295242
-0.085228,0.150954,0.294405
-0.085230,0.150357,0.297543
-0.086608,0.151873,0.295850
-0.088835,0.151919,0.295558
-0.092111,0.149929,0.294827
-0.091492,0.150314,0.295549
-0.092795,0.151248,0.296077
-0.092696,0.150622,0.294714
-0.093678,0.149696,0.294584
-0.094632,0.149175,0.295718
-0.095154,0.150711,0.293901
-0.097863,0.150009,0.294976
-0.097405,0.149303,0.292012
-0.100073,0.150623,0.292821
-0.101441,0.149340,0.294921
-0.103043,0.148124,0.292893
-0.103127,0.148736,0.294185
-0.102979,0.147952,0.293699
-0.104257,0.148031,0.293442
-0.104429,0.147506,0.292845
-0.105785,0.147440,0.292196
-0.105737,0.148862,0.291627
-0.107859,0.147169,0.295522
-0.108297,0.148319,0.294692
-0.111274,0.148310,0.291511
-0.110963,0.147017,0.291209
-0.111130,0.145192,0.292295
-0.112693,0.146248,0.290798
-0.115114,0.146567,0.291262
-0.114892,0.144192,0.290862
-0.116400,0.146735,0.291239
-0.118753,0.143594,0.290153
-0.119431,0.143811,0.291146
-0.119255,0.144765,0.291073
-0.121225,0.143861,0.289041
-0.122110,0.143832,0.288189
-0.122607,0.142636,0.288795
-0.126223,0.141988,0.287381
-0.125553,0.141907,0.288714
-0.125850,0.140281,0.286025
-0.128550,0.138461,0.284919
-0.128471,0.138231,0.284661
-0.129034,0.135695,0.283831
-0.131175,0.134620,0.282968
-0.130437,0.132054,0.282524
-0.134669,0.132039,0.279914
-0.132961,0.130899,0.279318
-0.134812,0.130074,0.277644
-0.135335,0.124808,0.274665
-0.138608,0.120735,0.271988
-0.140112,0.117360,0.268635
-0.138458,0.112202,0.265340
-0.139831,0.110407,0.261278
-0.142151,0.104920,0.259350
-0.145183,0.101996,0.256015
-0.146564,0.100723,0.254747
-0.147888,0.099105,0.252790
-0.146673,0.094538,0.248911
-0.147581,0.092321,0.247547
-0.150439,0.088385,0.245528
-0.151904,0.083825,0.241936
-0.153540,0.080242,0.238680
-0.151650,0.077619,0.236509
-0.153845,0.070797,0.232935
-0.154981,0.066761,0.227394
0.140259,0.100162,0.256564
0.141250,0.100691,0.256566
0.139476,0.101126,0.257884
0.139727,0.102932,0.257619
0.136304,0.102058,0.257260
0.136009,0.104578,0.259402
0.134684,0.101593,0.256971
0.134439,0.104171,0.257653
0.131749,0.102271,0.257946
0.132434,0.103827,0.256921
0.130058,0.102363,0.258113
0.126866,0.106016,0.258608
0.129524,0.104678,0.260293
0.127768,0.106329,0.261028
0.126642,0.105293,0.262642
0.124438,0.106715,0.262796
0.125266,0.106818,0.261587
0.121179,0.106329,0.263151
0.121688,0.108277,0.259315
0.118624,0.107508,0.261520
0.119629,0.108856,0.263874
0.117832,0.107411,0.264141
0.117854,0.111292,0.263617
0.114757,0.111408,0.264447
0.115788,0.110505,0.263930
0.113305,0.109256,0.265921
0.112304,0.113399,0.264403
0.108870,0.109014,0.265145
0.110319,0.112714,0.265981
0.109309,0.113873,0.267600
0.107742,0.112966,0.266313
0.105504,0.115653,0.270374
0.106306,0.116670,0.266988
0.104032,0.116678,0.267486
0.102756,0.117947,0.272173
0.101113,0.118700,0.270453
0.101833,0.117702,0.271110
0.099150,0.120244,0.271619
0.097799,0.120019,0.271625
0.099284,0.120894,0.276066
0.096848,0.121799,0.271481
0.096018,0.125001,0.274680
0.094757,0.124645,0.275753
0.092443,0.125262,0.276394
0.091502,0.125635,0.277077
0.091416,0.125367,0.276799
0.089126,0.126860,0.276979
0.088914,0.128387,0.277832
0.088573,0.129993,0.279230
0.084759,0.128837,0.280033
0.084596,0.130402,0.280924
0.081762,0.132011,0.281959
0.083450,0.132108,0.281069
0.082595,0.131035,0.283724
0.080915,0.134154,0.283219
0.078436,0.132575,0.285061
0.077702,0.134264,0.284122
0.077396,0.135495,0.285650
0.077843,0.133682,0.283558
0.073755,0.136428,0.285325
0.074273,0.138232,0.287476
0.071647,0.137311,0.287820
0.070948,0.139699,0.286902
0.070359,0.140291,0.287968
0.069574,0.138872,0.287945
0.068170,0.142062,0.288739
0.067226,0.139702,0.289083
0.066148,0.141712,0.288528
0.064875,0.143480,0.291209
0.063306,0.142920,0.293255
0.061901,0.145153,0.289904
0.062452,0.143775,0.291796
0.058593,0.143643,0.293482
0.058435,0.146487,0.293348
0.057894,0.146561,0.292644
0.058080,0.146977,0.295472
0.055070,0.148040,0.295834
0.054792,0.148172,0.296330
0.053867,0.148141,0.294675
0.052135,0.150363,0.294819
0.050973,0.148045,0.295413
0.050722,0.150468,0.297214
0.049350,0.150809,0.297341
0.048200,0.151227,0.296898
0.047338,0.150325,0.295670
0.045896,0.148841,0.297337
0.044110,0.150033,0.299060
0.043760,0.152360,0.296385
0.041461,0.153162,0.297766
0.042639,0.152892,0.297511
0.039853,0.152070,0.300001
0.038880,0.154186,0.299575
0.038699,0.154040,0.299933
0.037886,0.154251,0.298098
0.036083,0.154832,0.299957
0.034551,0.154414,0.299915
0.035860,0.153924,0.300313
0.032721,0.154051,0.300245
0.034200,0.155351,0.298833
0.030777,0.154381,0.298223
0.031428,0.154223,0.300405
0.029798,0.153063,0.299114
0.027866,0.154741,0.299486
0.027290,0.155644,0.300024
0.025287,0.154069,0.297720
0.025059,0.155281,0.300920
0.023761,0.154551,0.298883
0.023520,0.155048,0.300117
0.022891,0.156847,0.299851
0.019927,0.156108,0.300330
0.018691,0.152360,0.302201
0.020159,0.153745,0.300854
0.017849,0.157063,0.301512
0.016342,0.157035,0.301437
0.015064,0.156791,0.303069
0.015443,0.157858,0.301072
0.013949,0.160213,0.303019
0.012465,0.159209,0.303355
0.011609,0.157729,0.304026
0.009751,0.158376,0.301535
0.008519,0.159465,0.302840
0.007729,0.157325,0.304100
0.006357,0.160274,0.303837
0.008220,0.157816,0.304450
0.004229,0.159062,0.302552
0.006751,0.160856,0.303988
0.002745,0.160827,0.303989
0.002080,0.160761,0.304290
0.001291,0.159597,0.306246
0.001100,0.160455,0.305167
-0.000682,0.159503,0.304055
-0.002922,0.160020,0.304817
-0.002217,0.160981,0.304401
-0.005646,0.162340,0.305075
-0.005436,0.160371,0.304151
-0.006380,0.159656,0.302977
-0.006301,0.161145,0.304167
-0.006185,0.159703,0.305158
-0.008413,0.160029,0.306172
-0.010734,0.160320,0.306886
-0.012939,0.161389,0.304057
-0.013549,0.159933,0.305410
-0.012546,0.160017,0.302186
-0.014299,0.159419,0.304708
-0.017310,0.161052,0.305965
-0.015796,0.159737,0.305144
-0.018173,0.158629,0.303309
-0.018587,0.160109,0.302605
-0.018140,0.162155,0.306047
-0.019805,0.159999,0.303436
-0.021376,0.160769,0.305299
-0.021647,0.160506,0.304207
-0.023023,0.160036,0.305103
-0.025136,0.158896,0.302509
-0.025737,0.157947,0.304689
-0.027031,0.158384,0.302993
-0.028592,0.158611,0.302915
-0.027903,0.158489,0.305510
-0.030229,0.158812,0.304002
-0.031199,0.157196,0.302996
-0.031880,0.157538,0.303082
-0.032599,0.158274,0.302795
-0.034944,0.158941,0.303581
-0.035838,0.158131,0.302905
-0.036555,0.159342,0.302724
-0.038660,0.157304,0.303443
-0.037437,0.157926,0.302534
-0.039027,0.159582,0.302482
-0.039030,0.155745,0.301643
-0.041576,0.155750,0.301426
-0.043554,0.155917,0.301256
-0.043569,0.154244,0.299980
-0.045550,0.156858,0.301944
-0.045026,0.155481,0.298590
-0.046267,0.151894,0.299566
-0.048668,0.155367,0.299895
-0.048034,0.156604,0.300873
-0.049806,0.153245,0.301210
-0.050507,0.153390,0.297855
-0.051801,0.153903,0.299947
-0.052501,0.153985,0.298951
-0.053925,0.154027,0.301578
-0.055907,0.153607,0.301535
-0.055646,0.153283,0.299843
-0.057080,0.153813,0.298660
-0.058219,0.152799,0.299893
-0.058967,0.153446,0.297857
-0.061036,0.153196,0.297966
-0.062553,0.154846,0.299609
-0.063748,0.150942,0.299839
-0.061887,0.153040,0.298447
-0.064613,0.152287,0.297760
-0.064768,0.152254,0.298054
-0.066826,0.153165,0.298261
-0.067211,0.151717,0.298914
-0.067956,0.151172,0.298391
-0.069291,0.152321,0.297840
-0.071934,0.149789,0.299334
-0.070920,0.152878,0.298612
-0.071283,0.152151,0.296699
-0.074328,0.151641,0.298845
-0.073348,0.151069,0.297532
-0.076203,0.151808,0.298548
-0.077060,0.149865,0.297185
-0.080512,0.152759,0.297578
-0.078217,0.151852,0.299008
-0.077906,0.152808,0.298475
-0.082128,0.151256,0.298232
-0.081238,0.148549,0.296713
-0.081591,0.151489,0.297676
-0.083358,0.151375,0.297673
-0.086020,0.151737,0.296157
-0.085493,0.150086,0.297301
-0.088935,0.150188,0.296385
-0.088659,0.149103,0.295362
-0.087823,0.149326,0.295553
-0.089860,0.149136,0.294829
-0.091069,0.148028,0.295162
-0.091146,0.150116,0.294998
-0.093531,0.148902,0.295997
-0.095057,0.148442,0.296327
-0.096011,0.147034,0.296224
-0.094916,0.149005,0.293761
-0.096739,0.148200,0.293528
-0.098190,0.147273,0.294225
-0.097960,0.147438,0.293190
-0.101039,0.147043,0.294958
-0.100415,0.145285,0.293487
-0.104594,0.148137,0.295217
-0.104164,0.147302,0.291287
-0.105501,0.148540,0.293529
-0.105233,0.146133,0.292803
-0.105301,0.143532,0.295281
-0.109394,0.147046,0.291379
-0.109837,0.147634,0.294112
-0.110140,0.144630,0.294191
-0.108415,0.145591,0.293445
-0.113056,0.143577,0.292009
-0.110372,0.144660,0.291362
-0.113129,0.144902,0.290044
-0.114001,0.142720,0.292120
-0.117089,0.142384,0.292550
-0.117942,0.143796,0.291284
-0.118074,0.142899,0.290592
-0.119912,0.140877,0.290629
-0.119451,0.140138,0.289073
-0.121458,0.141869,0.290180
-0.121413,0.139934,0.289348
-0.123855,0.139818,0.288720
-0.124229,0.140535,0.286912
-0.125139,0.137446,0.286964
-0.126610,0.137139,0.286421
-0.126558,0.137145,0.286538
-0.129268,0.135341,0.283983
-0.129417,0.133310,0.284819
-0.132935,0.132924,0.284281
-0.131553,0.129661,0.281285
-0.133507,0.128583,0.280635
-0.132803,0.130148,0.279700
-0.135611,0.128630,0.277977
-0.135518,0.120838,0.272831
-0.135814,0.118447,0.269841
-0.139018,0.116476,0.269435
-0.139592,0.112532,0.264838
-0.140975,0.105727,0.262477
-0.143286,0.103145,0.258497
-0.142460,0.100070,0.257229
-0.143068,0.100090,0.256428
-0.146250,0.096407,0.254320
-0.145677,0.094227,0.250837
-0.146389,0.090683,0.248463
-0.149685,0.085367,0.245833
-0.150261,0.081265,0.243149
-0.150725,0.080967,0.238284
-0.151456,0.076775,0.235579
-0.155236,0.072062,0.236226
-0.153332,0.063966,0.228935
0.140597,0.097765,0.254172
0.139713,0.098266,0.256335
0.139136,0.098750,0.254375
0.137416,0.101277,0.257845
0.136607,0.101210,0.258414
0.135821,0.102224,0.259970
0.133792,0.101574,0.258402
0.131894,0.102335,0.259233
0.130310,0.100497,0.259599
0.131408,0.100809,0.259564
0.130034,0.102454,0.258849
0.127702,0.102749,0.257037
0.125754,0.102466,0.260200
0.124262,0.103248,0.259833
0.123719,0.104641,0.261346
0.123288,0.103563,0.260373
0.123887,0.105403,0.261014
0.121717,0.107520,0.261706
0.120382,0.106132,0.262729
0.118914,0.105650,0.262683
0.117096,0.106615,0.262894
0.116618,0.108439,0.263667
0.117173,0.109687,0.266263
0.112792,0.109302,0.264214
0.113258,0.109848,0.266256
0.111803,0.110673,0.265944
0.112512,0.110578,0.268497
0.110284,0.113399,0.265877
0.109941,0.111889,0.269304
0.107247,0.112170,0.268592
0.105476,0.111918,0.268974
0.104792,0.114014,0.268877
0.104326,0.114099,0.268272
0.102827,0.116806,0.270249
0.100879,0.116086,0.271728
0.101620,0.117189,0.270351
0.100207,0.115845,0.271536
0.098198,0.118225,0.272298
0.097633,0.117589,0.274213
0.095951,0.121371,0.273966
0.096082,0.121912,0.276187
0.093347,0.122207,0.275689
0.091242,0.123290,0.275705
0.090844,0.123867,0.275945
0.090005,0.124355,0.277236
0.089242,0.125972,0.277784
0.088528,0.124202,0.279058
0.088634,0.127572,0.280038
0.085475,0.128360,0.279434
0.086873,0.128668,0.281879
0.081964,0.130942,0.280509
0.082274,0.130494,0.282817
0.081828,0.131620,0.285003
0.081479,0.132015,0.283218
0.078443,0.133328,0.283596
0.077457,0.131561,0.284905
0.076928,0.133152,0.284615
0.077027,0.132653,0.284802
0.073940,0.135919,0.285454
0.074272,0.134775,0.286108
0.072112,0.135735,0.287059
0.071355,0.138595,0.287407
0.072422,0.137434,0.289622
0.069384,0.137206,0.288209
0.067103,0.139057,0.288314
0.066670,0.141533,0.290574
0.067221,0.141340,0.289208
0.064502,0.142256,0.291344
0.061951,0.141305,0.291148
0.062745,0.141944,0.291386
0.060615,0.143065,0.291170
0.060026,0.144148,0.293819
0.060364,0.144717,0.293345
0.058633,0.146861,0.292283
0.057804,0.147820,0.295038
0.057032,0.146901,0.295292
0.055817,0.146221,0.295022
0.053283,0.148347,0.296281
0.052718,0.148221,0.296076
0.052262,0.147173,0.295223
0.051231,0.147496,0.293994
0.048982,0.149892,0.296821
0.049018,0.149582,0.297853
0.045655,0.148828,0.298371
0.046052,0.148364,0.295984
0.042959,0.150866,0.296912
0.042596,0.150788,0.296907
0.041304,0.152059,0.295743
0.043187,0.151448,0.298699
0.040022,0.151526,0.297448
0.042023,0.152838,0.298681
0.038658,0.151148,0.300311
0.036710,0.151319,0.299351
0.035630,0.151770,0.299733
0.035266,0.151788,0.299330
0.035387,0.152473,0.300359
0.034126,0.152737,0.299771
0.031322,0.151749,0.298934
0.031921,0.151227,0.301715
0.030489,0.152796,0.301321
0.029151,0.151878,0.300122
0.028892,0.151820,0.299899
0.028515,0.151952,0.301104
0.025766,0.151908,0.300089
0.025218,0.153950,0.301462
0.024972,0.153382,0.299015
0.023998,0.151962,0.300472
0.022407,0.153882,0.298952
0.021049,0.152768,0.301298
0.018179,0.154422,0.300271
0.018157,0.154994,0.301979
0.018311,0.153307,0.301128
0.017284,0.153094,0.301587
0.016642,0.154754,0.303732
0.013832,0.154713,0.304519
0.014406,0.156188,0.302562
0.011567,0.157305,0.303926
0.009316,0.156804,0.301816
0.011396,0.157385,0.302916
0.007527,0.157736,0.303416
0.008374,0.156654,0.304409
0.005901,0.156874,0.303129
0.005766,0.157995,0.303175
0.004358,0.157923,0.304139
0.004936,0.157451,0.304771
0.002690,0.157149,0.304967
0.002330,0.157902,0.305488
-0.000710,0.158364,0.305487
0.000885,0.159326,0.305743
-0.000167,0.159124,0.305492
-0.002319,0.159899,0.304614
-0.004805,0.159311,0.304352
-0.004182,0.160147,0.305725
-0.006194,0.160138,0.304568
-0.007823,0.160157,0.304515
-0.006451,0.158764,0.306217
-0.007239,0.159431,0.303868
-0.010139,0.156237,0.306160
-0.010548,0.158435,0.304121
-0.012068,0.158244,0.305353
-0.011791,0.159059,0.305863
-0.014408,0.159405,0.307350
-0.015151,0.157629,0.305158
-0.015963,0.158174,0.305731
-0.015901,0.157333,0.305510
-0.018236,0.159439,0.305407
-0.018389,0.157421,0.303523
-0.020472,0.159331,0.304172
-0.022165,0.157378,0.304680
-0.019628,0.158735,0.305110
-0.021582,0.157531,0.304003
-0.021882,0.157872,0.302203
-0.025917,0.156245,0.305230
-0.026983,0.155982,0.304008
-0.027210,0.157174,0.303935
-0.029209,0.157564,0.303985
-0.029706,0.157532,0.303536
-0.029242,0.158578,0.304427
-0.030432,0.157138,0.303183
-0.031696,0.156666,0.301775
-0.035354,0.156716,0.301787
-0.031559,0.155290,0.302978
-0.033871,0.155287,0.303224
-0.036188,0.156033,0.303048
-0.037142,0.156200,0.301654
-0.039024,0.157072,0.302710
-0.038955,0.155292,0.303242
-0.040892,0.153632,0.301095
-0.042849,0.156656,0.302278
-0.042997,0.156702,0.302060
-0.042354,0.154743,0.302598
-0.046424,0.154698,0.300646
-0.047285,0.154946,0.300701
-0.047183,0.154446,0.301647
-0.047133,0.153049,0.299074
-0.049356,0.155028,0.303110
-0.049881,0.152966,0.300216
-0.048983,0.153816,0.300625
-0.052251,0.153420,0.300534
-0.053721,0.152563,0.301858
-0.053245,0.154298,0.297922
-0.054416,0.154507,0.300935
-0.056699,0.152317,0.299847
-0.056306,0.152826,0.300147
-0.057646,0.152863,0.300576
-0.058014,0.152717,0.300490
-0.060651,0.152348,0.299593
-0.060511,0.153360,0.300134
-0.060420,0.151281,0.299578
-0.063501,0.151901,0.297469
-0.062928,0.153931,0.299103
-0.064891,0.152313,0.298180
-0.065700,0.151615,0.298397
-0.066175,0.149832,0.298806
-0.068604,0.152230,0.296741
-0.068608,0.150524,0.298420
-0.069419,0.149359,0.301021
-0.070247,0.150205,0.297512
-0.072559,0.149330,0.298400
-0.073672,0.149051,0.298423
-0.074583,0.151460,0.297898
-0.075595,0.150801,0.297370
-0.076740,0.148321,0.297277
-0.076187,0.149907,0.297977
-0.079468,0.148490,0.298397
-0.082891,0.149773,0.298972
-0.080110,0.147806,0.297384
-0.081009,0.149467,0.295162
-0.083917,0.149008,0.297902
-0.085053,0.148028,0.297907
-0.084976,0.148932,0.296704
-0.086131,0.147625,0.296635
-0.087077,0.149327,0.294743
-0.087335,0.147659,0.295808
-0.089345,0.148510,0.296408
-0.088669,0.148163,0.295620
-0.092306,0.147047,0.296192
-0.092460,0.146734,0.295707
-0.092903,0.147132,0.298228
-0.093671,0.147425,0.295577
-0.095399,0.147947,0.295284
-0.096880,0.148017,0.295447
-0.097107,0.146838,0.294078
-0.098307,0.146646,0.294831
-0.098410,0.145786,0.295353
-0.098724,0.145011,0.293598
-0.102832,0.144763,0.294612
-0.102994,0.146249,0.294705
-0.102582,0.144829,0.292919
-0.105104,0.146001,0.293767
-0.108113,0.145582,0.294308
-0.106875,0.144582,0.295250
-0.108668,0.145101,0.293752
-0.109413,0.144560,0.293456
-0.109765,0.143765,0.293056
-0.110553,0.143235,0.292638
-0.111940,0.144617,0.292629
-0.112925,0.141237,0.293210
-0.113010,0.144144,0.290444
-0.114404,0.142882,0.292078
-0.114533,0.143193,0.291340
-0.116884,0.139879,0.289497
-0.117387,0.140599,0.291509
-0.118280,0.140654,0.289241
-0.121074,0.139365,0.291269
-0.120774,0.138291,0.288746
-0.122692,0.136819,0.288878
-0.122924,0.139658,0.288830
-0.125001,0.138808,0.289755
-0.125285,0.138869,0.288488
-0.127508,0.135207,0.287182
-0.127146,0.134229,0.287172
-0.126237,0.134006,0.284667
-0.131241,0.131986,0.283321
-0.130985,0.131100,0.282662
-0.132688,0.131026,0.283250
-0.132075,0.126666,0.281350
-0.132878,0.128028,0.280740
-0.134229,0.124357,0.277396
-0.136380,0.118620,0.274628
-0.137778,0.117149,0.270966
-0.138092,0.115709,0.270822
-0.140053,0.110847,0.266296
-0.139610,0.105936,0.263202
-0.141959,0.104063,0.259789
-0.144608,0.099346,0.258940
-0.145069,0.097766,0.256335
-0.146554,0.096059,0.253038
-0.145708,0.091056,0.250217
-0.147967,0.087700,0.248349
-0.149186,0.084950,0.246008
-0.150951,0.080795,0.244247
-0.149480,0.077520,0.239789
-0.153084,0.074948,0.237067
-0.154103,0.069468,0.231150
-0.153616,0.062735,0.226695
0.138378,0.097710,0.257095
0.138191,0.097197,0.256229
0.136684,0.098351,0.257781
0.137875,0.099333,0.257464
0.135377,0.098359,0.257867
0.135403,0.098135,0.257341
0.133625,0.099062,0.259252
0.131423,0.099305,0.259333
0.131300,0.098666,0.259910
0.128932,0.101014,0.258532
0.128439,0.099901,0.259239
0.126016,0.099666,0.259393
0.125640,0.103711,0.260018
0.121636,0.102197,0.260885
0.121420,0.102085,0.261108
0.122777,0.102669,0.261012
0.123587,0.102525,0.262044
0.120884,0.103353,0.261481
0.120804,0.104513,0.262189
0.116621,0.106086,0.264530
0.116705,0.105650,0.261834
0.116128,0.105899,0.264116
0.114561,0.107692,0.266646
0.112691,0.106795,0.266583
0.112370,0.106245,0.265887
0.111131,0.108797,0.264289
0.109614,0.109694,0.265503
0.107903,0.108404,0.268741
0.108163,0.109574,0.267932
0.106670,0.111622,0.268472
0.104209,0.112751,0.269418
0.104062,0.113248,0.269572
0.102680,0.113146,0.270655
0.101780,0.114521,0.271182
0.102090,0.115479,0.271406
0.099373,0.116302,0.271634
0.096680,0.118245,0.273335
0.097357,0.119108,0.272525
0.097466,0.117728,0.274074
0.096189,0.118634,0.274842
0.094719,0.118716,0.275933
0.092102,0.121628,0.276328
0.090410,0.120112,0.275975
0.090834,0.121952,0.276734
0.091276,0.122022,0.279139
0.087633,0.123432,0.279262
0.085135,0.126079,0.279776
0.084384,0.126062,0.279863
0.084323,0.126756,0.281447
0.081690,0.127362,0.282275
0.081970,0.128323,0.283005
0.079856,0.127285,0.281725
0.081327,0.129076,0.284886
0.079519,0.130681,0.283130
0.079151,0.130842,0.283635
0.076971,0.131807,0.286372
0.075841,0.133281,0.284051
0.075033,0.132293,0.284672
0.072926,0.134335,0.287809
0.072868,0.134447,0.289220
0.070920,0.134943,0.287990
0.070753,0.134758,0.289388
0.069088,0.138003,0.287730
0.067140,0.137251,0.288893
0.065063,0.139279,0.288945
0.066355,0.138054,0.287882
0.064320,0.140213,0.291235
0.064624,0.139486,0.290129
0.063659,0.140489,0.292375
0.061511,0.140980,0.293279
0.059065,0.141403,0.293731
0.059064,0.143009,0.292841
0.058620,0.141393,0.293717
0.057152,0.141588,0.294268
0.054723,0.143458,0.295207
0.055255,0.144572,0.295189
0.053661,0.143650,0.294366
0.052360,0.144619,0.295397
0.052545,0.144767,0.296236
0.048991,0.147974,0.294630
0.048756,0.147436,0.298216
0.049378,0.147810,0.297500
0.046822,0.146632,0.299959
0.046766,0.146076,0.299202
0.044425,0.148887,0.297671
0.044616,0.148132,0.298939
0.043011,0.146801,0.299325
0.040318,0.149456,0.298392
0.039876,0.149274,0.299163
0.040819,0.148923,0.300552
0.039302,0.148765,0.299233
0.038102,0.150026,0.299880
0.038212,0.150406,0.298186
0.038283,0.153437,0.299355
0.036319,0.149783,0.302324
0.033733,0.148083,0.301577
0.032698,0.150873,0.302214
0.032253,0.151601,0.300886
0.030447,0.152029,0.300222
0.029476,0.148040,0.299573
0.028468,0.151964,0.301026
0.028238,0.153244,0.299199
0.027554,0.151686,0.301234
0.023370,0.150583,0.302458
0.024570,0.153306,0.300848
0.022864,0.153286,0.302457
0.022668,0.151942,0.301507
0.021055,0.151908,0.300969
0.021937,0.153146,0.301588
0.019233,0.153082,0.301694
0.017696,0.153298,0.302206
0.017020,0.154367,0.301539
0.016989,0.152948,0.304717
0.016385,0.153744,0.303826
0.014674,0.153825,0.301465
0.012517,0.153614,0.303243
0.010819,0.155546,0.301864
0.009474,0.156137,0.303922
0.010680,0.156755,0.304419
0.008769,0.156473,0.306668
0.007974,0.156070,0.303887
0.006777,0.156771,0.306522
0.007190,0.157316,0.304322
0.005254,0.156967,0.304513
0.003869,0.157799,0.304316
0.002127,0.155054,0.306863
0.003548,0.158388,0.304823
-0.000546,0.157245,0.305907
0.000114,0.156301,0.304721
0.000098,0.155949,0.305645
-0.002990,0.158428,0.303665
-0.005710,0.157816,0.307544
-0.004566,0.158149,0.305494
-0.007966,0.159688,0.307145
-0.005950,0.157879,0.305086
-0.007006,0.156809,0.304906
-0.008984,0.158042,0.304919
-0.008971,0.157585,0.307233
-0.010786,0.157314,0.307148
-0.012702,0.158313,0.304271
-0.014491,0.158943,0.305076
-0.015100,0.157164,0.305680
-0.015966,0.157489,0.305119
-0.015010,0.155933,0.305977
-0.018297,0.157456,0.304847
-0.018108,0.158562,0.303118
-0.021302,0.155694,0.305691
-0.019539,0.157305,0.305121
-0.022572,0.156247,0.304615
-0.021861,0.156622,0.305883
-0.024318,0.155221,0.303834
-0.025689,0.154649,0.305109
-0.025860,0.155619,0.304807
-0.027527,0.158306,0.303482
-0.028528,0.155597,0.303573
-0.026733,0.156730,0.303745
-0.029730,0.155442,0.304338
-0.030642,0.156119,0.302803
-0.032577,0.154007,0.302875
-0.034396,0.155613,0.303665
-0.035004,0.153496,0.302490
-0.034668,0.155200,0.302368
-0.036560,0.155750,0.303835
-0.038063,0.153712,0.302923
-0.038264,0.155396,0.302844
-0.038323,0.153047,0.304430
-0.042199,0.152420,0.302938
-0.041100,0.154054,0.302004
-0.042563,0.152425,0.302603
-0.043488,0.152426,0.301526
-0.043568,0.153130,0.303522
-0.043799,0.152143,0.301950
-0.048314,0.154074,0.300803
-0.048771,0.153463,0.301055
-0.048728,0.150499,0.300354
-0.048822,0.152468,0.300867
-0.049303,0.150459,0.301582
-0.051434,0.152180,0.301640
-0.052305,0.152076,0.299740
-0.054876,0.152000,0.300370
-0.055112,0.150809,0.301475
-0.055278,0.151178,0.298628
-0.056564,0.149612,0.300253
-0.059105,0.148744,0.300632
-0.060019,0.151325,0.300353
-0.060700,0.149367,0.300062
-0.060391,0.152845,0.298128
-0.062556,0.151210,0.300154
-0.061156,0.150397,0.300318
-0.064511,0.149310,0.299890
-0.062369,0.149011,0.299369
-0.067236,0.150512,0.300383
-0.066843,0.148332,0.298371
-0.067058,0.148886,0.298377
-0.067867,0.150815,0.299231
-0.069790,0.150323,0.298594
-0.070733,0.147984,0.298411
-0.070238,0.148821,0.298704
-0.075188,0.149122,0.299600
-0.074415,0.148056,0.298073
-0.075762,0.148844,0.298551
-0.076272,0.148908,0.297685
-0.077275,0.147021,0.297577
-0.075573,0.149381,0.297499
-0.079163,0.148469,0.298997
-0.079611,0.147346,0.298278
-0.081907,0.148147,0.298107
-0.082754,0.146115,0.296406
-0.083415,0.146461,0.296585
-0.085875,0.146764,0.297567
-0.086086,0.146153,0.299451
-0.087426,0.147036,0.297046
-0.089885,0.148142,0.296953
-0.089802,0.145359,0.296003
-0.089805,0.146334,0.295160
-0.091075,0.146825,0.296608
-0.092813,0.146153,0.297708
-0.092597,0.146803,0.295179
-0.094433,0.146783,0.295716
-0.094253,0.145862,0.296226
-0.095069,0.143527,0.297048
-0.097807,0.144766,0.294706
-0.096614,0.144282,0.296300
-0.099825,0.144394,0.295320
-0.100562,0.143097,0.294272
-0.100153,0.144865,0.294914
-0.104226,0.143755,0.294725
-0.103248,0.143358,0.295911
-0.104053,0.142795,0.295512
-0.104278,0.143697,0.294776
-0.107235,0.140029,0.292865
-0.109459,0.144250,0.293025
-0.108064,0.141942,0.293521
-0.109604,0.141089,0.291911
-0.111704,0.142509,0.293693
-0.111397,0.140753,0.293585
-0.111850,0.140753,0.294104
-0.113216,0.140668,0.292195
-0.116616,0.139865,0.289999
-0.117418,0.139536,0.292212
-0.118614,0.139063,0.290344
-0.119015,0.139935,0.289692
-0.120133,0.139665,0.291025
-0.121189,0.138343,0.291202
-0.120909,0.137399,0.290043
-0.122759,0.136258,0.289294
-0.122807,0.136972,0.289420
-0.124326,0.135721,0.287743
-0.125066,0.134037,0.287451
-0.126848,0.134803,0.286517
-0.127232,0.131829,0.284970
-0.129791,0.130636,0.283720
-0.130611,0.129751,0.282960
-0.131506,0.129287,0.283230
-0.132201,0.128152,0.282451
-0.132238,0.126515,0.280907
-0.134167,0.127382,0.279685
-0.134667,0.122441,0.277268
-0.134322,0.116133,0.271438
-0.137710,0.113601,0.268888
-0.137292,0.113307,0.270870
-0.139825,0.109626,0.266379
-0.140913,0.103976,0.262054
-0.140476,0.101800,0.259892
-0.142236,0.098625,0.258696
-0.144244,0.096591,0.257593
-0.145538,0.092945,0.254083
-0.145507,0.091247,0.252729
-0.148597,0.086021,0.248151
-0.147736,0.083634,0.244485
-0.151454,0.080266,0.242887
-0.152559,0.077014,0.239855
-0.151809,0.072594,0.239244
-0.152367,0.068160,0.234320
-0.156395,0.059708,0.230572
0.141056,0.093030,0.257451
0.140255,0.093227,0.257336
0.136325,0.095934,0.257140
0.138312,0.095860,0.257849
0.134621,0.093622,0.258748
0.135506,0.096704,0.259068
0.134091,0.098121,0.256725
0.131957,0.097417,0.260603
0.132136,0.097818,0.260320
0.129268,0.098427,0.259035
0.129444,0.099063,0.259396
0.128252,0.098831,0.260097
0.124742,0.100428,0.262914
0.124425,0.099619,0.261589
0.124724,0.102026,0.262527
0.122635,0.101689,0.263058
0.120123,0.099753,0.263525
0.119652,0.103273,0.261798
0.120414,0.102775,0.262050
0.119206,0.104072,0.263764
0.116989,0.104940,0.264113
0.114482,0.102849,0.265344
0.114358,0.103440,0.265287
0.113896,0.105372,0.265769
0.111567,0.106781,0.264116
0.109010,0.106145,0.265301
0.110372,0.107223,0.266902
0.108526,0.108602,0.267853
0.107726,0.106549,0.267613
0.108106,0.110344,0.269524
0.105967,0.110043,0.270765
0.103725,0.112280,0.269633
0.104450,0.113104,0.270011
0.102307,0.113816,0.269421
0.100932,0.112750,0.272614
0.100406,0.113756,0.271493
0.099044,0.114142,0.271396
0.099250,0.117037,0.273260
0.096043,0.115793,0.273962
0.095154,0.117321,0.275461
0.094304,0.116794,0.276491
0.093407,0.118784,0.276433
0.092716,0.120988,0.277592
0.093109,0.121885,0.278769
0.090616,0.122430,0.277651
0.089900,0.123455,0.277100
0.085060,0.123484,0.279915
0.087882,0.123037,0.280450
0.085656,0.125245,0.280534
0.084566,0.126667,0.282201
0.083364,0.126809,0.281234
0.081957,0.127026,0.284673
0.080052,0.128860,0.283553
0.079696,0.128041,0.284744
0.078276,0.127689,0.285815
0.077042,0.129673,0.284004
0.076979,0.132332,0.287190
0.073793,0.128589,0.288797
0.071532,0.132059,0.285303
0.073863,0.133996,0.285143
0.069803,0.131745,0.287679
0.069351,0.135194,0.288431
0.068451,0.134725,0.288087
0.068486,0.138053,0.289117
0.068455,0.135528,0.287899
0.066206,0.135420,0.291013
0.065899,0.135999,0.291954
0.063767,0.137214,0.290956
0.062482,0.140373,0.292165
0.061989,0.138107,0.290986
0.060984,0.140925,0.292295
0.060696,0.139534,0.293285
0.059134,0.140818,0.294930
0.057865,0.140567,0.293066
0.055314,0.140109,0.295493
0.054172,0.143850,0.293251
0.055087,0.141899,0.295000
0.052314,0.144661,0.296060
0.054112,0.143808,0.296768
0.048808,0.145903,0.296116
0.048488,0.144150,0.297936
0.048877,0.146279,0.297330
0.045455,0.146881,0.298905
0.045145,0.145957,0.298020
0.045970,0.145880,0.297921
0.044635,0.146897,0.299466
0.044473,0.148644,0.299594
0.041833,0.147969,0.298269
0.042490,0.148264,0.298631
0.040884,0.148124,0.299610
0.039464,0.149885,0.300949
0.039043,0.148515,0.300071
0.036417,0.147453,0.302321
0.036778,0.148874,0.301684
0.035309,0.149448,0.300919
0.033282,0.148744,0.298340
0.031233,0.150694,0.299490
0.031227,0.150908,0.299579
0.028579,0.148696,0.299469
0.029275,0.149098,0.301787
0.029797,0.150395,0.300449
0.026068,0.151470,0.300606
0.025524,0.152042,0.302022
0.026414,0.149644,0.301186
0.023071,0.150008,0.304470
0.022636,0.149570,0.302671
0.021403,0.151446,0.302167
0.020977,0.152273,0.300865
0.019276,0.150680,0.302398
0.020092,0.151218,0.302407
0.019301,0.150341,0.301809
0.017510,0.153980,0.302426
0.015172,0.152257,0.302047
0.014843,0.152148,0.302039
0.015333,0.153174,0.302494
0.012460,0.154218,0.303376
0.011552,0.151467,0.303531
0.008114,0.153576,0.304308
0.009791,0.154239,0.304937
0.010043,0.154173,0.305672
0.008524,0.154613,0.304896
0.007459,0.154770,0.304614
0.004440,0.153378,0.305846
0.003904,0.157377,0.306008
0.005739,0.154977,0.302802
0.003034,0.155892,0.303816
0.002720,0.154993,0.306260
0.001321,0.154818,0.304331
0.000196,0.155813,0.305779
-0.003487,0.155650,0.307399
-0.003908,0.155433,0.305102
-0.004131,0.155068,0.306584
-0.007239,0.154860,0.306481
-0.005332,0.155596,0.305962
-0.007964,0.156277,0.304638
-0.008434,0.156017,0.306116
-0.009768,0.156852,0.306313
-0.008566,0.156338,0.306338
-0.010784,0.155810,0.307361
-0.012377,0.158126,0.307226
-0.011920,0.156733,0.306263
-0.014585,0.154662,0.305106
-0.015977,0.155206,0.305487
-0.015792,0.156169,0.305820
-0.016633,0.156101,0.305521
-0.019502,0.155908,0.305101
-0.020360,0.156249,0.305846
-0.021960,0.154692,0.306086
-0.021906,0.157451,0.305937
-0.023727,0.154332,0.306688
-0.022326,0.156725,0.304718
-0.024732,0.154188,0.305919
-0.027488,0.155829,0.306453
-0.026037,0.154194,0.304155
-0.027435,0.155406,0.305091
-0.029712,0.154208,0.303683
-0.030658,0.155061,0.303775
-0.031347,0.153332,0.304376
-0.032871,0.154976,0.304510
-0.032861,0.154791,0.303866
-0.031993,0.153979,0.303744
-0.034843,0.153894,0.303676
-0.037102,0.154013,0.303097
-0.037640,0.151999,0.303168
-0.037331,0.152198,0.305666
-0.038300,0.151956,0.301387
-0.040532,0.152343,0.300588
-0.040100,0.151014,0.302759
-0.042408,0.153497,0.302091
-0.040355,0.150970,0.302649
-0.044772,0.152536,0.301185
-0.044052,0.152869,0.301997
-0.048473,0.152017,0.301845
-0.045656,0.149113,0.301069
-0.047882,0.150660,0.302240
-0.050610,0.152083,0.301265
-0.050699,0.150169,0.299966
-0.053364,0.150485,0.298860
-0.052179,0.148310,0.299708
-0.053646,0.150224,0.300612
-0.056402,0.148515,0.299354
-0.056589,0.150355,0.299922
-0.057849,0.148466,0.300377
-0.057999,0.149278,0.301739
-0.057505,0.149997,0.301474
-0.059494,0.148660,0.299983
-0.061760,0.148086,0.300424
-0.060499,0.147720,0.299559
-0.062507,0.147756,0.302625
-0.063570,0.149691,0.300382
-0.067362,0.148650,0.299104
-0.066043,0.149272,0.298923
-0.066525,0.147936,0.297845
-0.069497,0.148441,0.299720
-0.068789,0.146505,0.298886
-0.069903,0.149818,0.297631
-0.070455,0.147561,0.298147
-0.071804,0.150017,0.300796
-0.074629,0.147736,0.299593
-0.072925,0.146586,0.299128
-0.074598,0.146895,0.298523
-0.075590,0.148422,0.298356
-0.077135,0.146992,0.297657
-0.078335,0.146896,0.297302
-0.079321,0.146788,0.298152
-0.080640,0.147048,0.298777
-0.081039,0.145468,0.298914
-0.082828,0.145435,0.295760
-0.082013,0.146138,0.300063
-0.084660,0.146174,0.296943
-0.087134,0.145715,0.297245
-0.086697,0.142985,0.297046
-0.088476,0.144844,0.296985
-0.088135,0.143967,0.298441
-0.089780,0.145048,0.296028
-0.090802,0.142781,0.296567
-0.091169,0.145790,0.297934
-0.093101,0.144979,0.297670
-0.093941,0.144463,0.294351
-0.095157,0.143059,0.297835
-0.094695,0.142933,0.296900
-0.096581,0.141726,0.296257
-0.100441,0.142778,0.296318
-0.100005,0.143635,0.295016
-0.101677,0.142467,0.296422
-0.100488,0.143725,0.296340
-0.099972,0.142403,0.296014
-0.103013,0.141901,0.294568
-0.104819,0.141574,0.294881
-0.105875,0.141089,0.295161
-0.106589,0.141238,0.294617
-0.108788,0.142717,0.293637
-0.109560,0.140712,0.295265
-0.109558,0.140791,0.291272
-0.110395,0.140263,0.292533
-0.111787,0.138858,0.294704
-0.113281,0.139531,0.293985
-0.114883,0.139228,0.291235
-0.113607,0.137419,0.291732
-0.114797,0.138790,0.290967
-0.115777,0.137092,0.290264
-0.118958,0.137711,0.291651
-0.119015,0.137649,0.291498
-0.119534,0.136452,0.290305
-0.123475,0.136326,0.289795
-0.121764,0.136075,0.288785
-0.125941,0.135446,0.287581
-0.124751,0.133584,0.288493
-0.125225,0.133505,0.287538
-0.125796,0.132893,0.289167
-0.126707,0.130871,0.285962
-0.127311,0.128805,0.283838
-0.128418,0.126993,0.283562
-0.129860,0.127160,0.283083
-0.130501,0.126739,0.282322
-0.133606,0.124996,0.281465
-0.134333,0.122913,0.278905
-0.134780,0.117498,0.276053
-0.137335,0.114315,0.273890
-0.138843,0.113921,0.271746
-0.138888,0.111967,0.269924
-0.140716,0.108139,0.266865
-0.141737,0.101850,0.263360
-0.140699,0.100140,0.260826
-0.142565,0.097780,0.257572
-0.142813,0.095808,0.257052
-0.145758,0.093312,0.256664
-0.145282,0.088320,0.250920
-0.148564,0.086051,0.250387
-0.150362,0.083626,0.247152
-0.149025,0.082698,0.242862
-0.152945,0.073599,0.241074
-0.153687,0.073148,0.238843
-0.154088,0.067642,0.234305
-0.154152,0.064559,0.232573
0.139067,0.092455,0.258452
0.138760,0.092713,0.255420
0.136583,0.092499,0.257713
0.136794,0.094318,0.256982
0.133721,0.094295,0.258581
0.131673,0.095668,0.257122
0.132817,0.095886,0.260218
0.129705,0.097167,0.260120
0.130303,0.098961,0.258950
0.127605,0.096698,0.261515
0.127411,0.097446,0.260647
0.126048,0.098697,0.259556
0.125926,0.098469,0.261236
0.124707,0.099213,0.262493
0.123423,0.098870,0.260916
0.122404,0.099819,0.261536
0.119134,0.100213,0.263486
0.118881,0.099826,0.264621
0.119798,0.102274,0.263325
0.117093,0.104785,0.265870
0.117310,0.102122,0.264970
0.116052,0.104529,0.264490
0.112772,0.103290,0.266704
0.111018,0.104365,0.265621
0.112551,0.106818,0.264268
0.109740,0.107175,0.266832
0.108756,0.108013,0.267724
0.106777,0.106097,0.268427
0.108032,0.106484,0.269933
0.105612,0.110767,0.269860
0.103004,0.109101,0.269608
0.102976,0.111265,0.270799
0.102172,0.111326,0.268903
0.102023,0.113570,0.270104
0.099792,0.112598,0.270417
0.098244,0.111305,0.269832
0.097924,0.114320,0.273635
0.096884,0.113351,0.274144
0.094788,0.114534,0.272745
0.094129,0.115343,0.275566
0.092020,0.114797,0.276696
0.092086,0.116500,0.276220
0.089554,0.118763,0.278637
0.088806,0.121005,0.277789
0.088016,0.120019,0.279234
0.088427,0.121990,0.278707
0.086021,0.122258,0.280423
0.085582,0.122232,0.281440
0.083730,0.124447,0.280627
0.082783,0.122975,0.282363
0.082229,0.124835,0.281154
0.079270,0.126265,0.282979
0.079995,0.128723,0.283325
0.078865,0.129452,0.284528
0.076980,0.128774,0.285537
0.076482,0.129653,0.286714
0.074284,0.129422,0.284852
0.074087,0.132205,0.288945
0.073084,0.131890,0.286346
0.071407,0.132123,0.288794
0.070167,0.131645,0.288878
0.068138,0.133428,0.289295
0.068258,0.134754,0.288748
0.067381,0.134118,0.289796
0.065800,0.135096,0.290164
0.063195,0.134750,0.290227
0.063373,0.135316,0.292276
0.061888,0.137308,0.292314
0.063099,0.138260,0.291849
0.060866,0.139836,0.293747
0.059194,0.138099,0.293754
0.058051,0.141155,0.295380
0.055948,0.139164,0.294923
0.055662,0.140342,0.293484
0.055028,0.140849,0.293156
0.053682,0.140517,0.294108
0.053610,0.143187,0.294864
0.052773,0.142466,0.294752
0.052116,0.143935,0.295313
0.050268,0.141893,0.299593
0.048210,0.144719,0.298573
0.048144,0.145438,0.298161
0.047426,0.143929,0.299015
0.046749,0.144230,0.299560
0.044605,0.145539,0.298653
0.044228,0.145459,0.298754
0.042200,0.147193,0.299825
0.039321,0.145639,0.298590
0.039071,0.146028,0.300283
0.038847,0.147349,0.301891
0.037422,0.145064,0.300107
0.038887,0.147303,0.299604
0.036858,0.147395,0.300951
0.036757,0.146807,0.300860
0.032298,0.147603,0.300322
0.032706,0.146537,0.299283
0.030386,0.147381,0.301203
0.032006,0.148911,0.301887
0.030583,0.149101,0.300850
0.029002,0.148141,0.303122
0.027511,0.148012,0.300978
0.026772,0.147846,0.301457
0.026501,0.147918,0.303393
0.024601,0.149525,0.301180
0.022420,0.150473,0.300884
0.022767,0.149495,0.300337
0.021044,0.150225,0.302476
0.020748,0.149417,0.302325
0.019017,0.150716,0.302105
0.017888,0.150281,0.302581
0.016481,0.152678,0.302764
0.016436,0.152230,0.301951
0.014653,0.152822,0.304302
0.015182,0.150615,0.305003
0.013040,0.151954,0.304628
0.011245,0.153171,0.303618
0.010556,0.151876,0.305565
0.008719,0.153347,0.303885
0.009044,0.153426,0.303637
0.005996,0.152371,0.304369
0.006362,0.154058,0.303729
0.006165,0.153509,0.306135
0.004866,0.152134,0.304635
0.001934,0.152794,0.305444
0.001497,0.152857,0.305615
0.001174,0.153295,0.305829
-0.000985,0.155224,0.306498
-0.000417,0.155516,0.305351
-0.000538,0.155102,0.304615
-0.002937,0.154192,0.306686
-0.003388,0.153988,0.306874
-0.005661,0.155034,0.306324
-0.006159,0.153706,0.306471
-0.006802,0.154873,0.306899
-0.006897,0.156025,0.307381
-0.010799,0.153570,0.306116
-0.011250,0.153443,0.306372
-0.010069,0.152829,0.305963
-0.013096,0.156009,0.307603
-0.013380,0.155761,0.307023
-0.014724,0.153836,0.307210
-0.015781,0.156186,0.305035
-0.016738,0.154485,0.306301
-0.018628,0.154585,0.307345
-0.018662,0.155066,0.304866
-0.019052,0.154401,0.304405
-0.023442,0.153598,0.303871
-0.020933,0.153887,0.304364
-0.021786,0.154033,0.304114
-0.024642,0.154255,0.308876
-0.023756,0.152524,0.306150
-0.026674,0.154118,0.304472
-0.026436,0.151770,0.305418
-0.026864,0.151961,0.305911
-0.029341,0.153714,0.305083
-0.029713,0.153691,0.304229
-0.031478,0.153317,0.304068
-0.033182,0.152675,0.302143
-0.034561,0.152802,0.305319
-0.033176,0.151511,0.304036
-0.034446,0.151449,0.305541
-0.035012,0.152510,0.303580
-0.035793,0.152182,0.304208
-0.039613,0.150517,0.303383
-0.038860,0.150572,0.303520
-0.038758,0.150986,0.302871
-0.040602,0.148892,0.301477
-0.042510,0.151414,0.303038
-0.041779,0.150881,0.303516
-0.045086,0.149373,0.302852
-0.045366,0.149020,0.303009
-0.046390,0.149164,0.302980
-0.048100,0.150917,0.301287
-0.047044,0.149686,0.300253
-0.048985,0.149858,0.301390
-0.051606,0.148656,0.302774
-0.050643,0.149282,0.301387
-0.051784,0.148513,0.299875
-0.054107,0.148786,0.300671
-0.054602,0.147854,0.302246
-0.055378,0.147166,0.300822
-0.056351,0.146742,0.301077
-0.056069,0.148065,0.300268
-0.058654,0.146761,0.301623
-0.059442,0.145919,0.300192
-0.060501,0.148722,0.301360
-0.063370,0.148327,0.300903
-0.063823,0.148452,0.300322
-0.064841,0.146905,0.299429
-0.064234,0.146938,0.299611
-0.067224,0.148752,0.300860
-0.067448,0.146324,0.300949
-0.067363,0.146127,0.298545
-0.069026,0.148278,0.299622
-0.070957,0.145958,0.298404
-0.072063,0.146889,0.299443
-0.071401,0.146856,0.298901
-0.074099,0.143982,0.300221
-0.074703,0.145125,0.299356
-0.075807,0.145738,0.298459
-0.075101,0.145305,0.298645
-0.077070,0.145318,0.300562
-0.079039,0.144588,0.299741
-0.079680,0.145096,0.298064
-0.081744,0.145163,0.298360
-0.081830,0.145321,0.299609
-0.081699,0.145424,0.298892
-0.082664,0.145546,0.296842
-0.085113,0.144695,0.299079
-0.086088,0.144390,0.298299
-0.085334,0.142736,0.299499
-0.088012,0.143980,0.298181
-0.087320,0.145170,0.296432
-0.089436,0.143278,0.297002
-0.091505,0.143255,0.296396
-0.092620,0.143081,0.298048
-0.091522,0.143954,0.296737
-0.096128,0.141649,0.296042
-0.095254,0.141945,0.296509
-0.096949,0.143653,0.296452
-0.096530,0.142382,0.296191
-0.098609,0.142597,0.296205
-0.100683,0.142215,0.296911
-0.100194,0.141025,0.297223
-0.102204,0.142722,0.297264
-0.103157,0.142289,0.292761
-0.103321,0.141959,0.294357
-0.104449,0.141525,0.294805
-0.105680,0.140814,0.295226
-0.107437,0.139401,0.294075
-0.107919,0.139892,0.294356
-0.108308,0.137397,0.295392
-0.111487,0.140211,0.292514
-0.111460,0.138017,0.294496
-0.112099,0.138710,0.293242
-0.113747,0.137544,0.291703
-0.113684,0.137151,0.292333
-0.114467,0.137582,0.291295
-0.116810,0.136826,0.293174
-0.115553,0.136930,0.290569
-0.117634,0.136826,0.291526
-0.118485,0.135851,0.289011
-0.120821,0.134756,0.290053
-0.120126,0.135114,0.291291
-0.122051,0.133089,0.291463
-0.122607,0.132752,0.290356
-0.126577,0.134135,0.289165
-0.127701,0.130176,0.288690
-0.127400,0.130689,0.286143
-0.128120,0.128195,0.287129
-0.130256,0.126643,0.285873
-0.132459,0.123826,0.284509
-0.132179,0.125271,0.283213
-0.133571,0.122714,0.281623
-0.131249,0.124675,0.281279
-0.133431,0.120059,0.279614
-0.135864,0.119918,0.275906
-0.136469,0.114964,0.274092
-0.136893,0.113143,0.271700
-0.138537,0.109719,0.271925
-0.140931,0.106324,0.267688
-0.143815,0.100338,0.262335
-0.142010,0.098967,0.260011
-0.142250,0.094927,0.259904
-0.144167,0.094157,0.258256
-0.145451,0.089891,0.255471
-0.148025,0.087715,0.251363
-0.149450,0.085427,0.251482
-0.148018,0.082758,0.248725
-0.148340,0.080057,0.245156
-0.151967,0.074431,0.241120
-0.151093,0.069427,0.237895
-0.154806,0.065970,0.236360
-0.155695,0.062851,0.233486
0.139844,0.091138,0.255584
0.138361,0.091390,0.257044
0.135664,0.092900,0.257660
0.134882,0.091751,0.259243
0.134135,0.092551,0.258329
0.131630,0.092444,0.258639
0.130819,0.092375,0.260957
0.128971,0.092970,0.259820
0.127368,0.093493,0.259905
0.128716,0.095323,0.261273
0.126350,0.097018,0.261023
0.123905,0.095982,0.262627
0.124479,0.097355,0.262011
0.123617,0.097573,0.261090
0.122300,0.096981,0.262532
0.120828,0.097960,0.263917
0.118447,0.100076,0.264165
0.118218,0.101182,0.263343
0.115856,0.099740,0.263674
0.116502,0.101331,0.264670
0.115082,0.102786,0.265498
0.113928,0.099656,0.264666
0.113346,0.103270,0.267810
0.111786,0.101125,0.267809
0.110884,0.104323,0.264892
0.109645,0.106180,0.266626
0.108271,0.105720,0.267621
0.105653,0.106145,0.268608
0.107088,0.106297,0.269528
0.104166,0.107388,0.271511
0.104811,0.108391,0.269370
0.102662,0.108078,0.270407
0.101321,0.108493,0.272316
0.099542,0.109100,0.273147
0.098248,0.110677,0.273578
0.098517,0.112499,0.274716
0.096153,0.111727,0.273365
0.096140,0.114366,0.273969
0.094354,0.113683,0.274596
0.094717,0.113194,0.276707
0.091907,0.115738,0.275506
0.090611,0.114327,0.276844
0.088756,0.117126,0.277336
0.087484,0.118833,0.278410
0.088651,0.118846,0.278375
0.086273,0.120305,0.277618
0.084260,0.121759,0.281024
0.084052,0.119238,0.281525
0.082406,0.121090,0.280767
0.081265,0.124567,0.281639
0.080722,0.126516,0.283124
0.080641,0.125215,0.282628
0.079467,0.126654,0.284359
0.076865,0.125623,0.284753
0.075235,0.125977,0.286264
0.075172,0.127717,0.284940
0.073925,0.128968,0.286775
0.074829,0.129318,0.286626
0.072233,0.131014,0.288340
0.070462,0.129021,0.290020
0.069781,0.131273,0.288806
0.067096,0.130966,0.290118
0.065777,0.132776,0.289891
0.065810,0.133577,0.289600
0.064111,0.134329,0.291558
0.063315,0.134751,0.291506
0.062061,0.135630,0.293226
0.062121,0.136220,0.293991
0.060616,0.136028,0.292645
0.058767,0.137206,0.294532
0.059746,0.136949,0.294791
0.056659,0.137884,0.293300
0.057228,0.139394,0.295306
0.054819,0.139865,0.296501
0.054111,0.140164,0.295726
0.052551,0.138998,0.297342
0.050281,0.140400,0.296249
0.049546,0.142304,0.298355
0.049118,0.142913,0.298024
0.048592,0.141601,0.296755
0.048032,0.142356,0.298798
0.046365,0.142834,0.298750
0.046522,0.142249,0.297554
0.044570,0.143122,0.300077
0.042615,0.143775,0.300990
0.041968,0.142803,0.298975
0.040029,0.144618,0.299615
0.038150,0.144410,0.299539
0.038420,0.145979,0.301381
0.036889,0.146524,0.301169
0.038047,0.147137,0.300800
0.035093,0.144433,0.303226
0.034171,0.146293,0.302643
0.034756,0.146226,0.301097
0.032363,0.145846,0.301767
0.031449,0.146986,0.299911
0.029749,0.146950,0.301329
0.029219,0.147935,0.300155
0.030772,0.145835,0.302308
0.028877,0.147929,0.301348
0.026267,0.146728,0.301852
0.023986,0.147238,0.301328
0.024032,0.148840,0.302640
0.022374,0.145593,0.300854
0.023104,0.146408,0.301343
0.022038,0.148427,0.301553
0.018844,0.149679,0.301962
0.017830,0.150179,0.301966
0.018132,0.149214,0.303708
0.015450,0.150393,0.302898
0.015567,0.149254,0.303421
0.015397,0.148367,0.304375
0.013647,0.151198,0.304152
0.013207,0.150425,0.303615
0.010227,0.150802,0.303951
0.012263,0.152198,0.304639
0.010728,0.150914,0.304471
0.008820,0.151062,0.306775
0.007800,0.150860,0.304291
0.007923,0.151885,0.306607
0.004427,0.150465,0.305240
0.004010,0.152592,0.306624
0.002251,0.152203,0.307880
0.001906,0.151867,0.305363
0.001854,0.149981,0.307245
-0.000651,0.154187,0.307443
-0.001448,0.151949,0.306875
-0.001174,0.153106,0.306126
-0.004144,0.154106,0.307927
-0.005186,0.153488,0.306336
-0.005271,0.152395,0.305816
-0.005151,0.153674,0.306827
-0.008006,0.153299,0.305457
-0.006537,0.152487,0.307529
-0.008876,0.153193,0.305083
-0.010162,0.152531,0.306414
-0.011316,0.153791,0.308075
-0.011216,0.154583,0.307192
-0.013961,0.155052,0.307452
-0.014622,0.151974,0.305744
-0.014748,0.151684,0.307206
-0.015267,0.152295,0.306288
-0.017824,0.152743,0.307689
-0.017078,0.154323,0.306762
-0.019029,0.153987,0.305911
-0.020481,0.151980,0.305820
-0.020677,0.150438,0.308194
-0.024368,0.152907,0.307339
-0.024341,0.153082,0.306229
-0.025562,0.152002,0.306786
-0.024812,0.151916,0.304460
-0.025192,0.148731,0.305503
-0.028764,0.151129,0.305337
-0.027139,0.150234,0.306387
-0.031490,0.150452,0.305206
-0.030198,0.150727,0.304475
-0.031765,0.152489,0.305554
-0.033551,0.151052,0.304615
-0.033919,0.149436,0.305691
-0.033360,0.149506,0.304757
-0.037129,0.149847,0.304386
-0.038529,0.150521,0.302801
-0.037935,0.149840,0.303206
-0.040010,0.150328,0.303503
-0.039608,0.150174,0.303853
-0.041713,0.147371,0.304012
-0.041887,0.150723,0.303125
-0.043140,0.148920,0.302430
-0.043356,0.148308,0.303300
-0.046280,0.147899,0.300899
-0.045626,0.148904,0.303853
-0.048275,0.148522,0.303688
-0.049997,0.147977,0.302389
-0.049593,0.147952,0.301155
-0.050585,0.147780,0.302355
-0.052413,0.147089,0.299882
-0.053174,0.146364,0.302789
-0.054534,0.147719,0.300408
-0.054097,0.146969,0.300033
-0.055934,0.148571,0.299393
-0.055518,0.148129,0.300831
-0.056927,0.148170,0.301325
-0.058333,0.146780,0.301127
-0.057905,0.146453,0.299649
-0.060836,0.146324,0.301314
-0.063852,0.146641,0.298610
-0.063539,0.144404,0.301159
-0.062892,0.145310,0.301057
-0.065506,0.145329,0.299502
-0.066952,0.146310,0.298926
-0.067052,0.144913,0.298850
-0.068628,0.143276,0.300785
-0.068667,0.145717,0.298875
-0.069212,0.145136,0.298628
-0.070418,0.145703,0.297394
-0.073724,0.144550,0.300017
-0.072058,0.142469,0.300695
-0.075749,0.143788,0.300101
-0.075085,0.144786,0.300820
-0.075175,0.144847,0.299173
-0.077167,0.142817,0.301126
-0.079755,0.142288,0.298003
-0.079230,0.145184,0.300327
-0.080410,0.144532,0.298887
-0.081433,0.143685,0.299694
-0.082377,0.143652,0.300647
-0.082430,0.144494,0.298074
-0.086578,0.141859,0.298506
-0.086036,0.142395,0.298522
-0.087209,0.142698,0.296489
-0.085994,0.141835,0.297021
-0.088693,0.140457,0.297985
-0.088858,0.142295,0.296965
-0.091137,0.143205,0.298026
-0.092593,0.143265,0.298025
-0.094562,0.142236,0.296066
-0.093812,0.140725,0.297002
-0.095938,0.140554,0.295938
-0.096893,0.141000,0.297578
-0.098064,0.141165,0.296405
-0.098547,0.140197,0.298232
-0.101255,0.139453,0.295531
-0.100975,0.139846,0.296494
-0.101165,0.139208,0.296904
-0.101152,0.139463,0.297527
-0.103532,0.140326,0.296504
-0.106249,0.138977,0.293618
-0.105981,0.140879,0.296732
-0.106956,0.138328,0.296278
-0.108669,0.136645,0.296195
-0.108338,0.137937,0.293590
-0.109723,0.137643,0.294401
-0.109961,0.137148,0.293001
-0.114460,0.139079,0.294934
-0.112993,0.135635,0.292295
-0.112651,0.134843,0.291514
-0.114664,0.135312,0.292117
-0.116188,0.134124,0.292365
-0.115732,0.134706,0.291416
-0.119081,0.134315,0.291979
-0.120161,0.133839,0.290062
-0.120261,0.133240,0.289618
-0.121901,0.133961,0.289220
-0.123433,0.131953,0.291117
-0.123412,0.132009,0.289936
-0.124366,0.132006,0.288981
-0.127206,0.127776,0.288554
-0.125855,0.128600,0.285464
-0.127723,0.127766,0.287436
-0.127070,0.124790,0.285386
-0.131491,0.124988,0.284540
-0.130110,0.123770,0.283191
-0.131733,0.122131,0.281462
-0.131543,0.120019,0.281433
-0.133742,0.118165,0.278971
-0.135987,0.115475,0.274418
-0.136156,0.112381,0.275339
-0.137554,0.113051,0.272820
-0.138258,0.110658,0.269710
-0.141022,0.103403,0.267236
-0.143236,0.100613,0.264761
-0.142564,0.097947,0.260293
-0.145411,0.095555,0.258705
-0.143990,0.093526,0.257145
-0.144763,0.088380,0.256254
-0.146259,0.085758,0.253870
-0.146817,0.084306,0.251484
-0.149775,0.079113,0.249598
-0.152304,0.079424,0.246608
-0.152481,0.074156,0.242314
-0.152141,0.070873,0.240610
-0.153608,0.065136,0.237065
-0.152879,0.062308,0.232556
0.139744,0.087577,0.256618
0.137455,0.089279,0.257301
0.135778,0.089526,0.257220
0.136519,0.090917,0.257802
0.134153,0.089569,0.257865
0.131904,0.090405,0.258583
0.130114,0.092212,0.258165
0.130693,0.091240,0.261158
0.129379,0.092466,0.259864
0.127762,0.094133,0.260686
0.128216,0.093536,0.260003
0.127296,0.093935,0.261763
0.124049,0.093693,0.260612
0.120495,0.094541,0.260133
0.121452,0.095771,0.262724
0.120573,0.095951,0.263692
0.120153,0.097374,0.264387
0.117977,0.099492,0.262191
0.118157,0.097586,0.263769
0.116618,0.098052,0.265092
0.115750,0.098919,0.266223
0.113201,0.101146,0.267843
0.111981,0.101896,0.267162
0.110535,0.102108,0.266317
0.111220,0.101970,0.267129
0.111319,0.101426,0.267267
0.110845,0.103730,0.268168
0.106466,0.104533,0.268777
0.105768,0.106402,0.269937
0.104509,0.105651,0.269749
0.103388,0.108675,0.270663
0.101864,0.108118,0.270296
0.100858,0.106550,0.272940
0.099101,0.109007,0.273078
0.098477,0.109534,0.271632
0.097205,0.109387,0.272825
0.097104,0.112031,0.273194
0.093295,0.110770,0.273650
0.093089,0.112980,0.274728
0.092925,0.113792,0.274408
0.092100,0.113955,0.274646
0.091634,0.114478,0.276562
0.090297,0.117090,0.275847
0.087874,0.115884,0.277269
0.087295,0.116581,0.279765
0.085273,0.117420,0.279096
0.085044,0.117403,0.281372
0.084138,0.120535,0.281020
0.084346,0.119743,0.282848
0.083650,0.120112,0.281227
0.080424,0.121077,0.284001
0.079285,0.122352,0.284273
0.078565,0.123878,0.285256
0.077939,0.123717,0.285257
0.075962,0.123022,0.285998
0.074071,0.124530,0.284448
0.074168,0.124278,0.286952
0.073865,0.127996,0.286634
0.072189,0.128873,0.287529
0.072232,0.129689,0.288039
0.069691,0.129415,0.289563
0.066845,0.130677,0.291289
0.067264,0.131289,0.290097
0.066500,0.131746,0.290018
0.064802,0.131613,0.292483
0.063607,0.134410,0.292649
0.062885,0.133979,0.291955
0.062746,0.134712,0.291851
0.063070,0.134434,0.292126
0.059649,0.135967,0.292287
0.058498,0.136816,0.293558
0.057592,0.135541,0.295082
0.056216,0.137319,0.294494
0.053260,0.137290,0.294149
0.052373,0.139537,0.294543
0.054616,0.138323,0.295937
0.051976,0.140966,0.295741
0.051557,0.138437,0.298282
0.048876,0.140293,0.298147
0.048986,0.142134,0.298932
0.048432,0.141800,0.299158
0.047473,0.142419,0.297852
0.045715,0.145191,0.298484
0.044684,0.142550,0.299975
0.042174,0.141855,0.298635
0.041964,0.145655,0.299635
0.042704,0.143152,0.299936
0.038851,0.143224,0.301556
0.038417,0.144094,0.298925
0.038317,0.143713,0.301472
0.037389,0.144369,0.300100
0.035723,0.144617,0.300364
0.034285,0.144831,0.301699
0.033249,0.146763,0.300561
0.034031,0.144926,0.301462
0.031074,0.145203,0.301894
0.030018,0.145371,0.302603
0.027049,0.144444,0.303177
0.027605,0.144942,0.302071
0.027764,0.144076,0.302673
0.026716,0.146084,0.301662
0.026102,0.147651,0.302171
0.023371,0.146647,0.302138
0.023582,0.147065,0.302532
0.022813,0.146156,0.302865
0.021336,0.144662,0.303417
0.020266,0.147633,0.303323
0.017906,0.147261,0.303166
0.018973,0.147077,0.302553
0.016251,0.146143,0.302154
0.015994,0.146331,0.303567
0.017464,0.148717,0.304418
0.014032,0.148625,0.303881
0.011036,0.147951,0.302629
0.014517,0.148974,0.307042
0.010609,0.148684,0.305071
0.009642,0.148176,0.304803
0.008925,0.149011,0.304247
0.006464,0.149625,0.306808
0.007933,0.150168,0.305313
0.005447,0.152348,0.306563
0.004432,0.151397,0.306945
0.002936,0.151356,0.306237
0.002677,0.152691,0.307154
0.002919,0.150608,0.304512
-0.000638,0.150977,0.304546
-0.000482,0.151618,0.306169
-0.002384,0.151231,0.307565
-0.003638,0.150408,0.305637
-0.003982,0.152501,0.306425
-0.004669,0.152111,0.307572
-0.005914,0.152248,0.305549
-0.007599,0.152717,0.307674
-0.008514,0.151702,0.308562
-0.009488,0.153371,0.309050
-0.010845,0.151230,0.309529
-0.010647,0.150807,0.306266
-0.013306,0.151475,0.306562
-0.013021,0.152844,0.305047
-0.013919,0.151779,0.307548
-0.015518,0.151618,0.307376
-0.017044,0.152561,0.306064
-0.017149,0.150559,0.305761
-0.018847,0.151515,0.306403
-0.019249,0.151507,0.306436
-0.023276,0.151008,0.306221
-0.021316,0.149796,0.305228
-0.023209,0.151428,0.304849
-0.023431,0.148764,0.304367
-0.025429,0.149838,0.305545
-0.024510,0.150889,0.305207
-0.025785,0.150967,0.306334
-0.027784,0.149515,0.304937
-0.029393,0.150725,0.305999
-0.029900,0.151144,0.305418
-0.031912,0.150957,0.304653
-0.032132,0.148680,0.304226
-0.033483,0.148891,0.305097
-0.033693,0.148499,0.304223
-0.035211,0.147727,0.303116
-0.035488,0.148277,0.306276
-0.036870,0.147130,0.305180
-0.039747,0.148821,0.306272
-0.038890,0.150138,0.305596
-0.038566,0.148430,0.303664
-0.040485,0.146897,0.303381
-0.041771,0.146530,0.304706
-0.043893,0.147338,0.302868
-0.044300,0.149663,0.304569
-0.045569,0.146695,0.302702
-0.045402,0.149470,0.304560
-0.048847,0.147531,0.303915
-0.048769,0.147472,0.303829
-0.049895,0.146183,0.303908
-0.049594,0.145898,0.301632
-0.052817,0.143709,0.301023
-0.053636,0.145332,0.302187
-0.053653,0.147052,0.303333
-0.053413,0.144475,0.303477
-0.055555,0.146057,0.303687
-0.057319,0.145727,0.301994
-0.057698,0.144308,0.302897
-0.059313,0.146327,0.300211
-0.060768,0.144737,0.301308
-0.060726,0.145278,0.300400
-0.061849,0.145349,0.301845
-0.062730,0.141827,0.301111
-0.063779,0.143166,0.300759
-0.063989,0.143858,0.300515
-0.067107,0.146058,0.300087
-0.067803,0.143745,0.300488
-0.067388,0.143372,0.301280
-0.069196,0.142999,0.301753
-0.070911,0.144818,0.301437
-0.071207,0.142722,0.300304
-0.071706,0.144170,0.299727
-0.072581,0.142866,0.301545
-0.074152,0.141311,0.300599
-0.075214,0.140723,0.300716
-0.077781,0.144126,0.298224
-0.077634,0.142927,0.300793
-0.076856,0.143351,0.300488
-0.080278,0.143327,0.299146
-0.079202,0.142489,0.299740
-0.081722,0.142245,0.299639
-0.081168,0.142344,0.299103
-0.082317,0.142819,0.298806
-0.084972,0.139802,0.298558
-0.086006,0.143208,0.295950
-0.087094,0.141688,0.297894
-0.088730,0.141974,0.298128
-0.088071,0.140102,0.296344
-0.091380,0.139100,0.298144
-0.093225,0.141707,0.298214
-0.092368,0.139466,0.300386
-0.092686,0.139880,0.299141
-0.094189,0.140406,0.299597
-0.094945,0.141697,0.297339
-0.096392,0.140880,0.298647
-0.097190,0.137832,0.296984
-0.097433,0.140129,0.297265
-0.098743,0.138623,0.295180
-0.099935,0.139430,0.297599
-0.102467,0.139524,0.297059
-0.100866,0.138118,0.294577
-0.103507,0.136348,0.296558
-0.104153,0.137796,0.294738
-0.105221,0.136832,0.295203
-0.104885,0.139462,0.293355
-0.107241,0.135765,0.295468
-0.107993,0.135416,0.296189
-0.110852,0.134044,0.293626
-0.111582,0.135265,0.293847
-0.111527,0.138164,0.294520
-0.114040,0.135632,0.293814
-0.114402,0.133530,0.292427
-0.114682,0.134110,0.291950
-0.115210,0.133289,0.292709
-0.116613,0.132944,0.292901
-0.116806,0.131872,0.292118
-0.117451,0.132708,0.291492
-0.121683,0.132565,0.289896
-0.121202,0.131919,0.290601
-0.123911,0.131668,0.289029
-0.121977,0.129713,0.291018
-0.125570,0.128150,0.289441
-0.126900,0.126967,0.288206
-0.126840,0.125205,0.286539
-0.127374,0.123974,0.284868
-0.129464,0.123545,0.285953
-0.128863,0.122745,0.283189
-0.130584,0.122999,0.284369
-0.130767,0.118678,0.281017
-0.134708,0.118188,0.281922
-0.133679,0.116072,0.278853
-0.133894,0.114286,0.276424
-0.137660,0.111101,0.275939
-0.135968,0.110873,0.272928
-0.138202,0.106756,0.271427
-0.140508,0.104297,0.267619
-0.140474,0.096263,0.263816
-0.142997,0.095972,0.263118
-0.143606,0.092586,0.261878
-0.143521,0.090023,0.259323
-0.145990,0.087202,0.253798
-0.147279,0.085528,0.256078
-0.148319,0.082007,0.251700
-0.148899,0.081256,0.250769
-0.152520,0.077186,0.247034
-0.151550,0.074044,0.245371
-0.152131,0.068458,0.241250
-0.154089,0.067011,0.237524
-0.153696,0.058920,0.234087
0.135184,0.086599,0.257432
0.135314,0.088227,0.257153
0.134736,0.089590,0.259554
0.132952,0.089035,0.257717
0.131345,0.089834,0.259832
0.130372,0.089639,0.260133
0.128785,0.089285,0.258030
0.128098,0.089147,0.257550
0.128392,0.089800,0.258836
0.126846,0.092225,0.258999
0.124204,0.092162,0.260459
0.125273,0.092663,0.262555
0.122053,0.091514,0.262402
0.122063,0.095035,0.262878
0.120137,0.093069,0.261833
0.119875,0.094632,0.261049
0.118006,0.096117,0.264056
0.117941,0.098037,0.264285
0.116081,0.098406,0.266809
0.114102,0.096465,0.265398
0.115764,0.099938,0.265480
0.113401,0.099644,0.266403
0.112391,0.100805,0.268859
0.112263,0.098852,0.267496
0.110079,0.101899,0.269430
0.106793,0.102365,0.269653
0.107270,0.103207,0.270119
0.105605,0.105008,0.270286
0.103097,0.102664,0.269914
0.103260,0.104168,0.269135
0.102135,0.105437,0.271564
0.100379,0.106281,0.271962
0.101735,0.108722,0.272134
0.099276,0.107242,0.273449
0.096911,0.108068,0.272681
0.096464,0.109743,0.274641
0.097614,0.108853,0.273896
0.093237,0.111657,0.275436
0.093559,0.113405,0.275132
0.093069,0.111592,0.276277
0.090908,0.112241,0.279473
0.090996,0.111835,0.278734
0.086700,0.114167,0.279205
0.087660,0.114736,0.278704
0.086180,0.114858,0.280003
0.085912,0.114344,0.280202
0.085097,0.116634,0.280731
0.082699,0.116595,0.281893
0.081465,0.119873,0.282398
0.079839,0.117895,0.283522
0.079689,0.120986,0.284532
0.079250,0.121910,0.285214
0.077168,0.123268,0.284942
0.076375,0.122370,0.286197
0.077001,0.126372,0.285078
0.074834,0.125088,0.286947
0.073260,0.126438,0.286713
0.073156,0.125702,0.288872
0.070968,0.127636,0.288412
0.068500,0.128809,0.290972
0.067508,0.128336,0.289905
0.066576,0.130007,0.289955
0.066337,0.129009,0.291740
0.065062,0.130327,0.291981
0.065127,0.132051,0.293607
0.062406,0.131478,0.292594
0.059846,0.132393,0.292800
0.060179,0.134260,0.292537
0.060598,0.133619,0.293644
0.058307,0.135670,0.295616
0.056339,0.134933,0.294908
0.056333,0.135067,0.295371
0.055116,0.136109,0.296522
0.053865,0.135898,0.295085
0.051326,0.136020,0.297090
0.051577,0.138861,0.297616
0.051282,0.138452,0.297536
0.050602,0.138924,0.298261
0.047398,0.138457,0.297344
0.047308,0.140041,0.298164
0.048225,0.138346,0.299203
0.045581,0.138878,0.299801
0.044708,0.142654,0.298621
0.042496,0.140311,0.299553
0.042058,0.141273,0.299585
0.041247,0.142294,0.300353
0.040068,0.140910,0.299400
0.039250,0.142640,0.299920
0.037858,0.143501,0.302483
0.037552,0.140432,0.301481
0.035016,0.141823,0.302003
0.034385,0.143262,0.301720
0.033550,0.144259,0.302634
0.032441,0.144736,0.301437
0.031511,0.144512,0.300822
0.032046,0.146002,0.302876
0.033062,0.145196,0.301866
0.028145,0.143432,0.300267
0.026616,0.143762,0.301858
0.027955,0.144672,0.303198
0.025905,0.145184,0.301501
0.025837,0.142372,0.304076
0.024325,0.145413,0.303326
0.020700,0.145399,0.302971
0.021752,0.144310,0.304591
0.019841,0.144791,0.302505
0.017082,0.145183,0.304242
0.016943,0.146267,0.303048
0.016828,0.144959,0.303723
0.015348,0.146696,0.302204
0.014222,0.144759,0.305529
0.012921,0.146919,0.305875
0.013207,0.147663,0.305184
0.011828,0.147331,0.305709
0.010609,0.146173,0.304661
0.010298,0.148834,0.304477
0.007731,0.147236,0.306664
0.008914,0.148255,0.304956
0.005041,0.149156,0.303662
0.004933,0.149012,0.307879
0.004129,0.149272,0.305229
0.002605,0.147678,0.306132
0.002575,0.149425,0.309430
0.001630,0.149614,0.306101
0.000018,0.149830,0.306025
-0.001214,0.148781,0.305659
-0.002553,0.148741,0.307881
-0.002258,0.150653,0.306841
-0.004657,0.149756,0.307646
-0.007833,0.150623,0.307745
-0.005159,0.152410,0.307792
-0.008114,0.151065,0.307233
-0.007317,0.152197,0.307149
-0.008840,0.149594,0.308343
-0.009134,0.150455,0.307568
-0.012420,0.151178,0.306784
-0.014259,0.150202,0.307938
-0.012990,0.149144,0.306358
-0.014859,0.148479,0.306296
-0.014819,0.149346,0.306669
-0.015485,0.148330,0.308067
-0.018161,0.150527,0.305155
-0.019634,0.149258,0.307420
-0.019051,0.148992,0.307703
-0.022080,0.147261,0.306408
-0.020877,0.149166,0.305254
-0.024229,0.148637,0.306165
-0.023318,0.150324,0.306493
-0.025214,0.146389,0.306618
-0.024871,0.149001,0.306455
-0.027791,0.149836,0.305094
-0.028862,0.146590,0.306175
-0.027090,0.146824,0.304524
-0.031500,0.147433,0.306295
-0.032055,0.148619,0.304623
-0.032590,0.147016,0.307682
-0.033120,0.149374,0.305490
-0.033146,0.149250,0.305546
-0.034127,0.146745,0.306249
-0.036011,0.147329,0.303111
-0.037710,0.148719,0.305154
-0.037466,0.147916,0.304938
-0.038986,0.147067,0.304073
-0.040388,0.146436,0.304650
-0.042349,0.146448,0.305887
-0.042090,0.146722,0.304060
-0.043035,0.145471,0.304056
-0.046280,0.146759,0.304978
-0.044841,0.147000,0.303347
-0.046438,0.144520,0.303462
-0.047381,0.145147,0.303467
-0.047991,0.146285,0.301991
-0.049784,0.144306,0.302942
-0.051119,0.146498,0.303256
-0.050628,0.145202,0.301158
-0.052888,0.142812,0.302901
-0.053202,0.144678,0.303787
-0.055497,0.144803,0.304325
-0.056849,0.143220,0.302163
-0.056821,0.145839,0.303444
-0.056869,0.142080,0.302658
-0.060188,0.142934,0.301813
-0.060614,0.142300,0.300735
-0.060208,0.144425,0.301252
-0.061311,0.144855,0.301140
-0.061011,0.143673,0.303146
-0.064903,0.141633,0.301850
-0.065498,0.143012,0.300220
-0.065955,0.141278,0.301710
-0.067237,0.143356,0.300299
-0.069117,0.141863,0.300570
-0.068186,0.142000,0.301368
-0.069820,0.142062,0.299050
-0.071100,0.140936,0.301238
-0.072704,0.143770,0.299278
-0.073268,0.140781,0.299837
-0.074163,0.141845,0.299764
-0.074699,0.143098,0.300962
-0.076591,0.140831,0.300004
-0.074199,0.143487,0.300293
-0.078880,0.142565,0.300570
-0.080093,0.140634,0.300225
-0.080307,0.140566,0.299439
-0.080727,0.140519,0.299543
-0.082230,0.140385,0.300714
-0.083200,0.141900,0.299844
-0.086115,0.139323,0.298933
-0.086870,0.139629,0.300086
-0.087903,0.140353,0.299264
-0.088434,0.140505,0.298788
-0.088848,0.139685,0.299354
-0.089988,0.137851,0.298223
-0.092690,0.139230,0.297548
-0.090574,0.139876,0.299548
-0.093007,0.139937,0.299640
-0.094133,0.138655,0.298513
-0.094218,0.136836,0.297876
-0.096357,0.139328,0.298134
-0.097003,0.139255,0.297964
-0.100674,0.136641,0.295866
-0.098395,0.136027,0.296435
-0.100364,0.138531,0.296858
-0.101265,0.135029,0.296403
-0.101896,0.136840,0.297945
-0.104896,0.135361,0.295885
-0.104171,0.135073,0.295762
-0.105810,0.134806,0.294966
-0.107547,0.134170,0.296065
-0.108554,0.134970,0.295096
-0.108680,0.135083,0.295621
-0.109487,0.135072,0.292667
-0.111649,0.133448,0.294760
-0.109223,0.133106,0.294290
-0.112011,0.133101,0.293712
-0.114814,0.132642,0.290652
-0.115865,0.130172,0.292784
-0.115003,0.131840,0.293614
-0.116501,0.132067,0.294114
-0.118435,0.131236,0.292007
-0.117703,0.131493,0.292356
-0.120216,0.130589,0.290761
-0.122703,0.129802,0.289109
-0.121137,0.129145,0.290379
-0.123855,0.128311,0.289323
-0.124382,0.128210,0.287612
-0.124100,0.126477,0.287808
-0.128572,0.124797,0.286146
-0.127525,0.124547,0.287378
-0.127544,0.123289,0.283460
-0.129586,0.121577,0.283171
-0.128957,0.118315,0.283315
-0.131361,0.117166,0.283711
-0.132184,0.116693,0.281069
-0.133762,0.115011,0.278298
-0.136626,0.113478,0.275947
-0.135879,0.111862,0.275278
-0.136177,0.108626,0.275669
-0.138999,0.105604,0.270164
-0.140190,0.103110,0.268515
-0.141545,0.096355,0.265136
-0.142720,0.095997,0.262807
-0.143509,0.092880,0.259959
-0.143810,0.089233,0.258297
-0.147205,0.086795,0.255834
-0.145138,0.083486,0.254511
-0.148878,0.081306,0.251848
-0.147070,0.080487,0.250829
-0.150875,0.076280,0.249112
-0.154055,0.073523,0.245772
-0.152864,0.069389,0.241952
-0.152596,0.065185,0.242281
-0.154946,0.056433,0.232488
0.135527,0.085114,0.257863
0.134626,0.086467,0.257771
0.133698,0.086754,0.255651
0.131615,0.088483,0.258540
0.131530,0.087444,0.259304
0.130134,0.087998,0.259111
0.129959,0.088259,0.259927
0.127490,0.087741,0.258983
0.127112,0.090923,0.260334
0.125747,0.089417,0.260249
0.124638,0.089065,0.261809
0.123989,0.089075,0.261174
0.122873,0.092904,0.263255
0.121313,0.094680,0.262045
0.120732,0.094573,0.263749
0.119621,0.095103,0.264654
0.117769,0.095152,0.264003
0.114666,0.097037,0.264206
0.115336,0.095871,0.265006
0.112860,0.097427,0.266853
0.112764,0.097575,0.265772
0.112685,0.099042,0.266379
0.111208,0.099733,0.268163
0.109127,0.100003,0.269538
0.109822,0.100724,0.268902
0.107996,0.101060,0.268211
0.107098,0.099612,0.270679
0.105237,0.102498,0.270985
0.104062,0.103151,0.270079
0.103086,0.104031,0.272208
0.101883,0.104652,0.272869
0.100174,0.106486,0.273807
0.101827,0.106019,0.273893
0.098443,0.107963,0.272513
0.097028,0.106305,0.275120
0.094997,0.105759,0.274464
0.095554,0.107747,0.275696
0.093581,0.109814,0.276107
0.091918,0.111048,0.276399
0.091478,0.107755,0.276445
0.090020,0.111630,0.276741
0.088675,0.111619,0.278272
0.087755,0.111965,0.280064
0.085550,0.113964,0.279573
0.086670,0.115029,0.281309
0.085798,0.115426,0.280366
0.083179,0.117772,0.281166
0.081575,0.116071,0.282354
0.081391,0.116145,0.282822
0.079583,0.118128,0.283050
0.079857,0.119018,0.285572
0.078505,0.119841,0.284475
0.077585,0.120839,0.286483
0.074538,0.121552,0.287333
0.074905,0.122154,0.286539
0.072635,0.124768,0.287570
0.070907,0.123153,0.288236
0.072717,0.125654,0.288512
0.070707,0.125291,0.289693
0.067750,0.127835,0.288641
0.066483,0.127669,0.289564
0.065056,0.127990,0.289031
0.065327,0.130485,0.291241
0.063284,0.129541,0.291865
0.063719,0.131610,0.293831
0.061347,0.132083,0.293095
0.061411,0.130824,0.294255
0.061014,0.132101,0.294128
0.058084,0.132920,0.293366
0.057944,0.133106,0.296012
0.055745,0.132879,0.295051
0.056852,0.135810,0.295984
0.054095,0.132349,0.296780
0.053710,0.134583,0.296903
0.051727,0.136286,0.299137
0.051522,0.135647,0.298176
0.049014,0.136277,0.297800
0.046349,0.137371,0.299395
0.047884,0.139734,0.300481
0.049048,0.136157,0.299185
0.044911,0.140458,0.300419
0.044651,0.138396,0.298422
0.043198,0.138035,0.298833
0.043109,0.139888,0.300608
0.043459,0.140625,0.301565
0.039565,0.140172,0.301094
0.039041,0.140237,0.299782
0.038019,0.140285,0.301398
0.037538,0.139871,0.300155
0.035153,0.142072,0.301422
0.034904,0.142955,0.301229
0.036326,0.141769,0.302464
0.034159,0.141533,0.302975
0.031460,0.141951,0.301515
0.029915,0.142950,0.302504
0.030548,0.140754,0.303915
0.030125,0.142696,0.301879
0.028684,0.143178,0.304092
0.026753,0.142293,0.304689
0.025075,0.142410,0.302413
0.023655,0.142968,0.304089
0.024087,0.144291,0.303160
0.024619,0.144563,0.303040
0.021928,0.142794,0.303165
0.020081,0.142062,0.303421
0.019548,0.143299,0.302516
0.019683,0.142989,0.304877
0.016762,0.144088,0.305280
0.015696,0.145067,0.306358
0.015129,0.144207,0.305789
0.013044,0.145833,0.303775
0.013278,0.144662,0.303935
0.011853,0.144756,0.306580
0.010601,0.143915,0.305092
0.009271,0.146580,0.305742
0.010257,0.145967,0.305691
0.007138,0.146051,0.304807
0.006103,0.148267,0.307574
0.004712,0.146423,0.305182
0.005302,0.147223,0.306172
0.003743,0.147808,0.306321
0.001641,0.149074,0.309158
0.000864,0.148475,0.307427
0.000980,0.148373,0.307380
-0.000451,0.147667,0.307225
-0.002043,0.148088,0.307800
-0.001553,0.149057,0.307342
-0.003425,0.149847,0.308366
-0.006072,0.150265,0.308380
-0.007006,0.149530,0.307174
-0.008238,0.148091,0.308907
-0.007274,0.149359,0.309044
-0.009698,0.149051,0.308688
-0.011854,0.150670,0.308080
-0.012047,0.149357,0.306555
-0.012625,0.148770,0.306113
-0.013511,0.148677,0.308682
-0.015401,0.148719,0.307833
-0.015785,0.147164,0.307167
-0.014849,0.148584,0.308700
-0.016778,0.148777,0.306006
-0.017817,0.148178,0.308822
-0.019058,0.148609,0.307488
-0.022568,0.147147,0.307939
-0.022159,0.146483,0.306650
-0.024075,0.147271,0.306184
-0.022852,0.146714,0.305997
-0.024528,0.148236,0.306023
-0.025700,0.148676,0.306942
-0.026130,0.147066,0.308008
-0.027447,0.146745,0.305606
-0.029969,0.147177,0.304744
-0.027740,0.145376,0.306405
-0.031078,0.147381,0.307196
-0.032908,0.146465,0.305737
-0.032339,0.147046,0.307396
-0.033297,0.146148,0.305149
-0.035664,0.146598,0.305718
-0.036174,0.146669,0.304114
-0.036834,0.145146,0.304582
-0.039803,0.144625,0.305464
-0.039997,0.144549,0.304579
-0.039646,0.145015,0.305328
-0.039757,0.146081,0.304297
-0.041655,0.145670,0.304655
-0.043757,0.145327,0.303955
-0.043838,0.144020,0.305856
-0.046051,0.145380,0.305623
-0.045592,0.143312,0.304791
-0.046258,0.142373,0.302481
-0.046307,0.143748,0.305894
-0.048802,0.141796,0.303849
-0.051113,0.143588,0.304313
-0.051580,0.145011,0.302420
-0.053042,0.143716,0.303720
-0.054823,0.143380,0.301895
-0.055305,0.143268,0.303304
-0.056245,0.142277,0.303264
-0.056292,0.143532,0.304035
-0.058255,0.141350,0.302134
-0.058162,0.141898,0.304375
-0.059126,0.142610,0.302242
-0.061183,0.141571,0.302616
-0.062329,0.144205,0.303817
-0.064067,0.141850,0.302480
-0.064243,0.141577,0.302976
-0.065548,0.141438,0.302154
-0.065277,0.140151,0.300766
-0.067295,0.141632,0.302003
-0.068481,0.140366,0.301589
-0.069136,0.140755,0.300866
-0.069659,0.139904,0.301346
-0.070563,0.141095,0.301950
-0.071989,0.141004,0.303444
-0.073632,0.141515,0.302038
-0.073886,0.140622,0.301710
-0.076183,0.140990,0.301853
-0.074628,0.140678,0.302223
-0.077499,0.140059,0.300824
-0.079017,0.139785,0.300509
-0.079115,0.139599,0.299737
-0.080164,0.139022,0.300091
-0.082239,0.138420,0.299927
-0.083616,0.138843,0.299510
-0.082612,0.141063,0.298553
-0.085964,0.138644,0.298797
-0.085113,0.137902,0.300800
-0.085798,0.139338,0.300847
-0.088064,0.138354,0.300384
-0.087612,0.137285,0.299513
-0.090784,0.139921,0.297633
-0.089623,0.138745,0.299744
-0.093246,0.135532,0.298707
-0.094079,0.138966,0.297594
-0.093040,0.137708,0.297471
-0.096436,0.136784,0.297483
-0.095518,0.135789,0.297759
-0.098297,0.136105,0.298878
-0.099053,0.138389,0.296929
-0.099312,0.135283,0.296878
-0.097821,0.134615,0.298172
-0.099599,0.136915,0.295595
-0.100978,0.135430,0.295988
-0.102980,0.136153,0.296160
-0.105142,0.134353,0.295190
-0.104633,0.133592,0.295785
-0.105213,0.133732,0.297110
-0.109183,0.133619,0.296394
-0.109493,0.133748,0.295193
-0.110857,0.132008,0.295903
-0.111168,0.131754,0.293857
-0.112161,0.130432,0.293511
-0.112621,0.131013,0.292645
-0.114876,0.131524,0.292500
-0.113731,0.128495,0.293437
-0.116206,0.130633,0.294114
-0.116979,0.131804,0.292912
-0.116448,0.128550,0.291439
-0.118294,0.126850,0.290742
-0.119128,0.125903,0.291159
-0.120175,0.126874,0.291516
-0.121953,0.128007,0.291485
-0.123873,0.127156,0.287101
-0.125310,0.123864,0.287471
-0.129327,0.124112,0.289059
-0.127009,0.123886,0.287315
-0.127122,0.122949,0.286929
-0.129555,0.120781,0.282968
-0.129818,0.117938,0.284098
-0.131213,0.118404,0.282740
-0.132270,0.117381,0.282079
-0.134593,0.114748,0.282383
-0.133527,0.114048,0.277589
-0.137282,0.111595,0.278185
-0.135210,0.108907,0.274879
-0.139918,0.107349,0.274149
-0.138348,0.106309,0.270708
-0.139836,0.097082,0.267274
-0.140943,0.095904,0.266047
-0.141737,0.095249,0.265143
-0.144829,0.091819,0.260642
-0.145509,0.089077,0.258958
-0.145057,0.086996,0.255538
-0.146688,0.080582,0.255747
-0.147275,0.080049,0.252729
-0.150136,0.078479,0.250955
-0.150718,0.076300,0.249083
-0.151901,0.073051,0.245654
-0.152977,0.070332,0.242305
-0.154330,0.064481,0.240188
-0.154563,0.056382,0.234252
-0.158674,0.038040,0.219575
0.135711,0.084351,0.255208
0.134831,0.085193,0.257972
0.133588,0.084171,0.256536
0.132085,0.085666,0.258843
0.131554,0.083602,0.259016
0.129016,0.087227,0.259810
0.127763,0.085616,0.260267
0.129317,0.088235,0.260377
0.126431,0.088287,0.261101
0.125763,0.089209,0.261867
0.123657,0.090477,0.261280
0.122523,0.090389,0.262566
0.122655,0.091670,0.262604
0.121042,0.091341,0.264365
0.119020,0.092454,0.266364
0.117933,0.092323,0.263803
0.119297,0.093326,0.265272
0.116755,0.093551,0.265039
0.115620,0.093941,0.268919
0.113702,0.095848,0.265919
0.110524,0.096653,0.268041
0.110597,0.097883,0.268083
0.110502,0.096818,0.268236
0.109085,0.098113,0.270696
0.106923,0.098057,0.270293
0.106450,0.101067,0.269364
0.103907,0.100540,0.271872
0.104403,0.100900,0.272616
0.101273,0.099463,0.273775
0.103218,0.102795,0.274477
0.101129,0.104632,0.272456
0.100434,0.102313,0.273580
0.099110,0.102817,0.274601
0.096657,0.105525,0.274580
0.095427,0.108125,0.272321
0.095602,0.106503,0.275508
0.093139,0.107036,0.275912
0.090421,0.108493,0.276763
0.091784,0.110888,0.277116
0.090141,0.109323,0.278811
0.088530,0.109273,0.276700
0.089167,0.110056,0.279116
0.087320,0.111098,0.278475
0.084762,0.113149,0.279514
0.086090,0.112191,0.280524
0.083769,0.114757,0.280730
0.081293,0.115231,0.282510
0.082538,0.115760,0.284549
0.080375,0.117707,0.283345
0.080088,0.118407,0.283655
0.077313,0.118601,0.284730
0.076498,0.118017,0.285824
0.075976,0.120302,0.288524
0.073561,0.119462,0.285573
0.071793,0.121221,0.288321
0.072362,0.122279,0.286712
0.070435,0.121373,0.288151
0.070026,0.124124,0.289671
0.069208,0.123963,0.288907
0.068255,0.125730,0.291609
0.068209,0.126791,0.290589
0.067709,0.127222,0.289812
0.062853,0.127393,0.293318
0.064519,0.127694,0.293229
0.062437,0.131153,0.291646
0.060117,0.129533,0.293543
0.060303,0.130318,0.295635
0.059348,0.131924,0.294291
0.057131,0.130656,0.294049
0.054976,0.132753,0.294535
0.056404,0.131966,0.298244
0.053748,0.132488,0.297055
0.052972,0.134138,0.295267
0.052952,0.133153,0.296470
0.050986,0.132949,0.297263
0.049845,0.134935,0.297441
0.049265,0.135572,0.298519
0.047431,0.136105,0.297621
0.045656,0.136545,0.301013
0.044281,0.136907,0.299306
0.044873,0.138242,0.300088
0.043311,0.138380,0.299311
0.041848,0.138145,0.301335
0.042091,0.138465,0.301457
0.039898,0.139503,0.300581
0.038370,0.137150,0.301578
0.038427,0.139495,0.302186
0.037372,0.136906,0.302388
0.036828,0.139698,0.299867
0.034989,0.139594,0.302432
0.032652,0.140720,0.302666
0.031711,0.140918,0.302427
0.031472,0.141204,0.302361
0.030283,0.140482,0.302862
0.029801,0.139956,0.303041
0.029993,0.140481,0.302540
0.026245,0.140750,0.304348
0.027066,0.141665,0.304505
0.025968,0.142813,0.302949
0.024717,0.142276,0.303545
0.023138,0.142694,0.304252
0.022301,0.142656,0.304147
0.020277,0.140462,0.304482
0.022191,0.141735,0.305453
0.020826,0.141542,0.304050
0.018735,0.142909,0.303674
0.017150,0.142470,0.303083
0.016169,0.143339,0.305745
0.014543,0.142760,0.305030
0.014438,0.142571,0.305607
0.012224,0.142082,0.304375
0.012986,0.144938,0.306402
0.010133,0.145195,0.306829
0.010756,0.144488,0.307245
0.006651,0.144699,0.307375
0.008149,0.144485,0.306649
0.007413,0.146704,0.308925
0.006772,0.145108,0.307843
0.003754,0.146164,0.306928
0.002442,0.147278,0.306993
0.002303,0.145056,0.306650
0.003483,0.147495,0.306935
-0.001165,0.145624,0.307814
-0.001753,0.147284,0.306409
-0.002724,0.145823,0.306562
-0.002964,0.146896,0.309340
-0.004778,0.146745,0.307919
-0.005572,0.145530,0.307262
-0.005740,0.147011,0.307078
-0.007446,0.145989,0.306993
-0.007989,0.145075,0.308452
-0.010491,0.147286,0.308835
-0.009406,0.148808,0.307409
-0.012820,0.147467,0.308000
-0.013233,0.146566,0.306366
-0.014078,0.147404,0.309881
-0.014029,0.147484,0.307202
-0.015704,0.145451,0.307389
-0.017109,0.147348,0.306581
-0.018742,0.145369,0.308248
-0.017664,0.146285,0.306328
-0.019432,0.147065,0.307858
-0.020526,0.145695,0.306798
-0.021496,0.146848,0.308644
-0.022083,0.145999,0.308209
-0.023461,0.147384,0.307173
-0.025644,0.146356,0.308600
-0.025150,0.144529,0.305838
-0.028149,0.145867,0.306060
-0.029205,0.144115,0.305904
-0.027918,0.144333,0.304527
-0.028810,0.144837,0.306708
-0.030526,0.145002,0.305771
-0.032760,0.144236,0.306486
-0.032297,0.146751,0.305051
-0.033997,0.144788,0.306162
-0.035485,0.144802,0.306561
-0.036533,0.144863,0.306696
-0.036515,0.144840,0.304536
-0.036420,0.145076,0.307041
-0.037864,0.142746,0.304364
-0.040404,0.143070,0.302582
-0.039305,0.145028,0.304578
-0.042697,0.143583,0.303556
-0.043800,0.142515,0.304408
-0.045101,0.144037,0.305890
-0.043020,0.144178,0.305854
-0.045564,0.140666,0.302933
-0.047342,0.141578,0.303549
-0.048065,0.141639,0.302567
-0.050561,0.144222,0.304870
-0.050747,0.141914,0.303990
-0.050641,0.142956,0.304063
-0.054083,0.139964,0.305722
-0.052740,0.141989,0.303779
-0.054559,0.140928,0.302508
-0.054833,0.140648,0.303035
-0.056119,0.140471,0.300772
-0.057612,0.140025,0.304699
-0.058629,0.142524,0.302781
-0.059951,0.140854,0.303395
-0.061455,0.141554,0.303387
-0.060880,0.141142,0.302817
-0.063600,0.139501,0.302158
-0.064245,0.139428,0.303137
-0.065332,0.141082,0.302276
-0.066273,0.140587,0.302695
-0.067021,0.140466,0.300872
-0.067418,0.138407,0.301839
-0.069437,0.138004,0.301103
-0.071544,0.138011,0.300921
-0.070347,0.138419,0.301991
-0.072802,0.139681,0.303431
-0.073474,0.137976,0.301224
-0.075562,0.139694,0.302043
-0.075727,0.139369,0.301743
-0.075248,0.138679,0.302115
-0.077294,0.137965,0.301791
-0.078237,0.141446,0.300622
-0.079033,0.139201,0.300823
-0.081668,0.138077,0.302239
-0.081467,0.137557,0.301927
-0.081749,0.137111,0.300453
-0.084178,0.138061,0.300056
-0.084310,0.137354,0.300628
-0.086269,0.138175,0.298443
-0.087155,0.136666,0.299420
-0.088233,0.136274,0.299516
-0.088765,0.137466,0.300281
-0.088524,0.136813,0.299388
-0.091281,0.137502,0.299761
-0.092439,0.135143,0.298973
-0.092441,0.135053,0.298412
-0.093721,0.134076,0.297835
-0.097641,0.135997,0.298498
-0.095698,0.135162,0.298572
-0.097914,0.135054,0.298165
-0.099559,0.133856,0.296988
-0.098081,0.133705,0.297349
-0.101107,0.132871,0.297964
-0.100877,0.136056,0.296657
-0.101164,0.134033,0.297196
-0.103581,0.134134,0.295539
-0.103767,0.134063,0.297102
-0.107257,0.133110,0.296667
-0.106332,0.131134,0.296355
-0.108788,0.132073,0.296143
-0.107732,0.131710,0.294064
-0.110189,0.130311,0.295180
-0.110849,0.130221,0.293805
-0.110164,0.131994,0.293249
-0.113230,0.129728,0.293993
-0.115061,0.127122,0.293496
-0.114640,0.126493,0.293881
-0.117603,0.127784,0.292226
-0.116919,0.128059,0.291872
-0.118896,0.126092,0.291660
-0.120017,0.127425,0.292763
-0.119284,0.126136,0.291507
-0.120154,0.126338,0.289006
-0.121444,0.125446,0.290018
-0.125235,0.124044,0.289152
-0.123744,0.126336,0.288974
-0.127221,0.123606,0.289591
-0.126261,0.121017,0.286454
-0.126634,0.120456,0.284858
-0.128156,0.119622,0.285220
-0.129174,0.117712,0.284906
-0.131474,0.116626,0.282413
-0.131488,0.115460,0.283006
-0.133632,0.116132,0.281129
-0.133188,0.114702,0.278124
-0.136200,0.108876,0.278924
-0.135416,0.106977,0.276495
-0.136325,0.105494,0.273481
-0.138178,0.103371,0.273642
-0.139378,0.099468,0.269994
-0.142490,0.096104,0.267780
-0.142667,0.092394,0.263653
-0.143474,0.090366,0.262356
-0.144047,0.087448,0.259513
-0.145035,0.083826,0.258583
-0.146124,0.083011,0.256244
-0.147950,0.079407,0.253756
-0.148457,0.076634,0.252900
-0.150669,0.072186,0.249249
-0.152044,0.071561,0.249702
-0.151091,0.066047,0.244755
-0.154996,0.061644,0.240697
-0.156680,0.053942,0.232301
-0.157881,0.045213,0.227359
0.136015,0.085135,0.255205
0.134279,0.082349,0.258171
0.133623,0.082355,0.258354
0.130020,0.083628,0.258140
0.130706,0.083620,0.257111
0.130255,0.084241,0.259261
0.129793,0.085408,0.259989
0.126140,0.084542,0.257838
0.125877,0.087485,0.258524
0.124065,0.083990,0.261394
0.124110,0.087790,0.263464
0.120625,0.088678,0.262496
0.121134,0.089673,0.264148
0.121632,0.090164,0.263449
0.118335,0.091318,0.267148
0.116287,0.090072,0.264069
0.115135,0.091495,0.265467
0.115382,0.092013,0.264830
0.116053,0.092407,0.267024
0.112580,0.095211,0.266711
0.110858,0.094397,0.266286
0.110445,0.093238,0.267888
0.109237,0.095732,0.270078
0.107633,0.096145,0.271318
0.107688,0.098765,0.268501
0.106503,0.098109,0.268512
0.105031,0.099368,0.270730
0.103354,0.099475,0.270846
0.100880,0.099346,0.272752
0.101534,0.100873,0.273223
0.100908,0.101616,0.273175
0.099712,0.102405,0.272676
0.098677,0.103694,0.274942
0.096152,0.102955,0.275180
0.095672,0.103207,0.273632
0.094723,0.106571,0.275939
0.093437,0.107033,0.276659
0.092938,0.106416,0.278206
0.091595,0.106982,0.278085
0.090786,0.107593,0.277700
0.088484,0.107813,0.276632
0.088632,0.109142,0.279418
0.085964,0.110779,0.279256
0.087676,0.110459,0.279980
0.084834,0.112336,0.280569
0.083647,0.111320,0.282076
0.083904,0.111125,0.282660
0.081001,0.113078,0.282679
0.078775,0.112705,0.280948
0.078394,0.115378,0.282383
0.078393,0.115167,0.284421
0.076764,0.116262,0.283756
0.075412,0.118072,0.285948
0.073937,0.117871,0.287728
0.073397,0.120884,0.287470
0.071769,0.118717,0.289118
0.069956,0.123325,0.288046
0.069765,0.123504,0.289472
0.067731,0.122929,0.290335
0.067024,0.123121,0.292758
0.065779,0.123955,0.290509
0.065398,0.124414,0.292579
0.064338,0.124303,0.292659
0.064335,0.126459,0.292182
0.061454,0.129068,0.293062
0.061084,0.128043,0.294017
0.057797,0.126851,0.294599
0.059603,0.129038,0.296150
0.057501,0.130310,0.295608
0.056924,0.130617,0.295661
0.058271,0.130736,0.296608
0.054006,0.131215,0.295492
0.052461,0.130266,0.297111
0.052418,0.131365,0.295609
0.051427,0.132373,0.298665
0.048402,0.133220,0.297157
0.049413,0.136310,0.299517
0.048854,0.132726,0.297888
0.045741,0.136334,0.298825
0.045730,0.136992,0.299122
0.045014,0.136254,0.300929
0.041666,0.136822,0.297018
0.041846,0.136399,0.298991
0.042132,0.135565,0.301623
0.041172,0.136133,0.300627
0.039369,0.136601,0.300637
0.039881,0.136705,0.300815
0.035870,0.138143,0.302297
0.036213,0.137950,0.301914
0.034419,0.137259,0.301152
0.034961,0.139779,0.303306
0.032897,0.139074,0.305001
0.031598,0.138641,0.303440
0.029067,0.141384,0.304705
0.029088,0.141114,0.302311
0.030058,0.141179,0.302707
0.027722,0.138445,0.304326
0.025691,0.138028,0.303249
0.024018,0.140726,0.302720
0.023202,0.139937,0.304134
0.025366,0.141499,0.304930
0.022767,0.141765,0.303844
0.021647,0.140811,0.304942
0.019825,0.141294,0.302588
0.019802,0.141837,0.305264
0.016522,0.142156,0.303716
0.016880,0.141335,0.302964
0.014289,0.141099,0.304865
0.014710,0.142711,0.306389
0.013437,0.142453,0.305274
0.012239,0.143321,0.306026
0.012336,0.142302,0.305499
0.009649,0.142695,0.307760
0.010587,0.143315,0.306365
0.009390,0.142819,0.306298
0.008282,0.143433,0.306661
0.004155,0.144244,0.307029
0.004418,0.143408,0.307284
0.003208,0.145225,0.307468
0.004257,0.146919,0.307565
0.002359,0.144685,0.307479
0.001066,0.143799,0.305662
0.001648,0.145164,0.308113
-0.000483,0.144696,0.307272
-0.001683,0.144846,0.307547
-0.002365,0.145631,0.307067
-0.003341,0.147422,0.307617
-0.003723,0.145308,0.308960
-0.006707,0.145281,0.308902
-0.006014,0.146533,0.306089
-0.005757,0.145079,0.306834
-0.009051,0.145962,0.308209
-0.009830,0.143721,0.307595
-0.011318,0.145698,0.306827
-0.011878,0.147418,0.307091
-0.014076,0.146279,0.309436
-0.014536,0.145863,0.308110
-0.015736,0.145819,0.308549
-0.016824,0.144925,0.308434
-0.017696,0.146512,0.307237
-0.018304,0.144474,0.304469
-0.019602,0.144970,0.307773
-0.021587,0.145856,0.307216
-0.020347,0.144584,0.307442
-0.024730,0.146247,0.307641
-0.022839,0.143578,0.307308
-0.025435,0.144793,0.306402
-0.024181,0.144498,0.307390
-0.027794,0.146118,0.307888
-0.026237,0.143760,0.304944
-0.028678,0.145803,0.306092
-0.028307,0.142343,0.305041
-0.029306,0.143278,0.307475
-0.032066,0.144237,0.307940
-0.032523,0.143623,0.306814
-0.034570,0.144021,0.308399
-0.033994,0.144355,0.305221
-0.034481,0.142180,0.306229
-0.036331,0.144008,0.306846
-0.038712,0.142787,0.306621
-0.037820,0.141109,0.303527
-0.040966,0.142549,0.307026
-0.041370,0.142400,0.306399
-0.041977,0.140402,0.305701
-0.044525,0.141843,0.306644
-0.045116,0.143254,0.302919
-0.043726,0.143167,0.303456
-0.046682,0.141936,0.304509
-0.047426,0.140610,0.304319
-0.047521,0.139768,0.303796
-0.048743,0.140318,0.304747
-0.050351,0.140720,0.303190
-0.051790,0.140128,0.305204
-0.051122,0.139435,0.302406
-0.054218,0.139107,0.304561
-0.054772,0.140718,0.304754
-0.058192,0.138720,0.304864
-0.055023,0.137995,0.301727
-0.058434,0.140180,0.302689
-0.059606,0.138160,0.302293
-0.059619,0.140335,0.303916
-0.060708,0.139523,0.303004
-0.060629,0.139297,0.304566
-0.061323,0.139249,0.302635
-0.065160,0.137244,0.303008
-0.062794,0.140628,0.304707
-0.064005,0.139535,0.302685
-0.067697,0.138662,0.303163
-0.068500,0.138627,0.303667
-0.067942,0.138888,0.302255
-0.070684,0.139091,0.301582
-0.072540,0.136559,0.301919
-0.071956,0.138673,0.304372
-0.071336,0.138542,0.301996
-0.073872,0.139701,0.302033
-0.076464,0.137907,0.302885
-0.077241,0.137205,0.299866
-0.076993,0.136692,0.301724
-0.079353,0.136407,0.300642
-0.080200,0.137084,0.302291
-0.080730,0.137738,0.301512
-0.080176,0.136344,0.301286
-0.082164,0.137324,0.301111
-0.084064,0.136084,0.301045
-0.082815,0.137038,0.300624
-0.087372,0.135896,0.299350
-0.086943,0.135617,0.299213
-0.089464,0.136879,0.299940
-0.088942,0.136172,0.299727
-0.089175,0.135819,0.298209
-0.090337,0.134997,0.299184
-0.091801,0.135636,0.301497
-0.094883,0.133557,0.298834
-0.094873,0.134319,0.299728
-0.096583,0.134198,0.298811
-0.097793,0.132606,0.298492
-0.096124,0.132942,0.299147
-0.100707,0.133861,0.298376
-0.097162,0.132017,0.298874
-0.099063,0.132349,0.297345
-0.101853,0.132564,0.297486
-0.102690,0.132878,0.298665
-0.102102,0.130914,0.296828
-0.101958,0.130686,0.295851
-0.106586,0.131141,0.296117
-0.106810,0.131004,0.294765
-0.107015,0.130078,0.295130
-0.109774,0.131319,0.294797
-0.110879,0.127681,0.292961
-0.110446,0.129686,0.294540
-0.111468,0.128870,0.296491
-0.111690,0.126899,0.294589
-0.114904,0.128046,0.293327
-0.114044,0.127195,0.293275
-0.116245,0.125383,0.294864
-0.118885,0.127423,0.291495
-0.117093,0.125769,0.292386
-0.119445,0.127610,0.290978
-0.118892,0.123631,0.290972
-0.121869,0.124583,0.290599
-0.122104,0.122791,0.291062
-0.125130,0.123063,0.290561
-0.125496,0.122476,0.288472
-0.125538,0.120631,0.289908
-0.126536,0.120479,0.288709
-0.127214,0.119521,0.287047
-0.127167,0.115672,0.287189
-0.128613,0.115834,0.285151
-0.128876,0.116911,0.284919
-0.132892,0.115458,0.284505
-0.134547,0.112856,0.282552
-0.136737,0.111071,0.280074
-0.134357,0.107725,0.276951
-0.138224,0.106019,0.276592
-0.136998,0.104855,0.274759
-0.139046,0.101246,0.274207
-0.137614,0.099751,0.269968
-0.140668,0.093613,0.265803
-0.143612,0.091276,0.265538
-0.143234,0.088605,0.261860
-0.145596,0.085654,0.261003
-0.146209,0.081781,0.258311
-0.146989,0.080563,0.256006
-0.147286,0.079330,0.255431
-0.148786,0.076991,0.252206
-0.149836,0.074112,0.249713
-0.152246,0.071751,0.247837
-0.152512,0.068016,0.246291
-0.152031,0.061971,0.242695
-0.156693,0.054148,0.236304
-0.155114,0.044821,0.229324
0.133607,0.079291,0.255194
0.131802,0.080289,0.259347
0.133452,0.081167,0.258773
0.133059,0.081392,0.258143
0.129694,0.083005,0.259562
0.128312,0.082091,0.259955
0.129048,0.081707,0.259120
0.125805,0.082937,0.261621
0.125884,0.085624,0.261680
0.123985,0.084282,0.261046
0.121741,0.085885,0.262181
0.122619,0.084966,0.262460
0.119099,0.087086,0.263937
0.117751,0.087840,0.264291
0.119279,0.087500,0.264044
0.116875,0.088220,0.265697
0.114261,0.090386,0.266917
0.115038,0.089375,0.266353
0.113308,0.091824,0.264826
0.114912,0.092508,0.267050
0.111986,0.091977,0.268302
0.111171,0.094691,0.268282
0.108025,0.094204,0.269196
0.108545,0.095823,0.270694
0.106701,0.095439,0.271029
0.103334,0.096882,0.272206
0.103117,0.098546,0.271637
0.103069,0.097948,0.271312
0.101881,0.100072,0.273232
0.101440,0.100635,0.275547
0.099622,0.100920,0.273720
0.098319,0.099031,0.274077
0.098264,0.099078,0.274504
0.096221,0.101451,0.276704
0.095877,0.103426,0.275756
0.092104,0.104215,0.276015
0.092011,0.104615,0.275737
0.091514,0.105220,0.276128
0.090926,0.105261,0.276913
0.089425,0.106659,0.275315
0.087471,0.107339,0.278322
0.089495,0.107707,0.281093
0.087529,0.109250,0.279945
0.085053,0.109986,0.280891
0.083943,0.110109,0.281432
0.081746,0.109963,0.283512
0.080922,0.112920,0.281658
0.078302,0.113352,0.281712
0.079965,0.112847,0.284554
0.080194,0.114865,0.284372
0.077949,0.115577,0.285973
0.075138,0.116862,0.286775
0.073934,0.114833,0.287568
0.075431,0.117755,0.286885
0.071447,0.117542,0.287930
0.071847,0.118860,0.288541
0.071246,0.120547,0.289496
0.070041,0.119748,0.290300
0.068120,0.120489,0.291299
0.066269,0.120437,0.291435
0.065670,0.122216,0.290553
0.063547,0.125291,0.294036
0.062574,0.125345,0.291740
0.062395,0.123087,0.294746
0.062216,0.124434,0.292438
0.059113,0.127785,0.294325
0.059376,0.127502,0.296585
0.059357,0.128102,0.294747
0.056317,0.126818,0.295424
0.054895,0.128298,0.295712
0.055333,0.128626,0.296821
0.053867,0.131334,0.297108
0.051408,0.129787,0.296954
0.050969,0.131602,0.298403
0.050347,0.131636,0.299158
0.049541,0.129832,0.299428
0.047863,0.133136,0.299336
0.047799,0.133792,0.299342
0.046208,0.134015,0.298529
0.045281,0.131656,0.300852
0.043918,0.135298,0.301868
0.043252,0.133502,0.301710
0.040875,0.135423,0.300699
0.040776,0.134727,0.300693
0.039377,0.133853,0.302347
0.037825,0.134973,0.301827
0.037049,0.137764,0.302394
0.037401,0.135463,0.303022
0.035678,0.138847,0.302815
0.033228,0.138053,0.301950
0.034321,0.138158,0.302841
0.031150,0.138662,0.302999
0.031911,0.136405,0.303774
0.028312,0.138296,0.303513
0.028637,0.138388,0.302764
0.028015,0.137511,0.304694
0.026409,0.139787,0.304245
0.022324,0.139261,0.304637
0.024104,0.137348,0.303419
0.022960,0.138373,0.303534
0.022433,0.139232,0.303023
0.020786,0.139791,0.305956
0.020902,0.138430,0.305276
0.017881,0.138083,0.304928
0.017674,0.140640,0.304960
0.018600,0.138579,0.305501
0.016374,0.139963,0.306234
0.014394,0.139891,0.305820
0.013801,0.140982,0.307228
0.014300,0.140226,0.304436
0.012746,0.141250,0.305665
0.008197,0.141009,0.305170
0.009126,0.142443,0.305830
0.008998,0.142068,0.307571
0.007157,0.144899,0.305761
0.005442,0.142011,0.306684
0.004640,0.143411,0.307537
0.003747,0.142142,0.307110
0.003643,0.142102,0.308909
0.003011,0.143374,0.306843
0.000600,0.145268,0.307522
0.000466,0.144689,0.307209
0.000437,0.144016,0.308080
-0.003194,0.144027,0.308164
-0.003976,0.143478,0.308685
-0.003380,0.144178,0.307000
-0.006100,0.142165,0.309741
-0.005735,0.144334,0.305779
-0.006088,0.144004,0.307029
-0.008114,0.142370,0.308711
-0.008811,0.143619,0.308984
-0.011244,0.143568,0.307548
-0.010826,0.143282,0.308340
-0.011771,0.142627,0.308162
-0.013477,0.143537,0.308773
-0.014134,0.144079,0.308959
-0.014059,0.144202,0.306689
-0.015895,0.142725,0.308467
-0.016766,0.142182,0.307362
-0.018171,0.143286,0.308711
-0.018451,0.143005,0.306810
-0.021042,0.145053,0.305645
-0.021067,0.141430,0.308095
-0.023232,0.143300,0.308023
-0.023893,0.142168,0.306998
-0.025095,0.141984,0.307976
-0.028102,0.141096,0.307629
-0.026238,0.142094,0.307436
-0.027669,0.141498,0.307757
-0.027900,0.141821,0.307214
-0.030096,0.143323,0.306697
-0.030893,0.142674,0.306828
-0.031661,0.141451,0.304997
-0.034381,0.141960,0.306005
-0.033797,0.143334,0.306698
-0.035094,0.141634,0.308400
-0.035557,0.141213,0.308066
-0.037719,0.140287,0.305252
-0.038844,0.140662,0.305992
-0.038846,0.139670,0.307319
-0.039279,0.140284,0.304080
-0.041002,0.140746,0.304350
-0.041924,0.140769,0.304725
-0.043947,0.141572,0.303532
-0.044320,0.138949,0.305051
-0.044379,0.141204,0.304801
-0.045829,0.142497,0.307202
-0.047940,0.140543,0.305150
-0.047877,0.137888,0.304997
-0.047793,0.138590,0.305421
-0.050910,0.139452,0.306721
-0.050250,0.138937,0.303613
-0.052641,0.139527,0.303115
-0.053519,0.138500,0.304930
-0.054539,0.139306,0.305671
-0.056524,0.140972,0.303291
-0.056795,0.137062,0.303101
-0.058514,0.138310,0.305085
-0.060143,0.137923,0.303000
-0.059032,0.138922,0.304846
-0.060833,0.139636,0.305476
-0.061640,0.137843,0.302425
-0.064442,0.137441,0.303512
-0.064381,0.136631,0.303638
-0.065186,0.138089,0.303249
-0.065346,0.138336,0.304924
-0.065829,0.136784,0.301914
-0.069968,0.136524,0.304269
-0.070576,0.137442,0.303673
-0.069585,0.136886,0.302379
-0.070868,0.136019,0.303204
-0.071359,0.137729,0.301243
-0.073633,0.136904,0.301048
-0.074679,0.136418,0.302323
-0.075148,0.135853,0.302066
-0.075935,0.134595,0.300819
-0.078602,0.134472,0.300788
-0.077636,0.135730,0.300880
-0.079179,0.135031,0.301862
-0.080433,0.134305,0.300556
-0.080971,0.136719,0.303576
-0.080434,0.135712,0.300918
-0.084594,0.134950,0.299374
-0.083312,0.134259,0.299995
-0.083169,0.135601,0.300986
-0.086471,0.134314,0.301458
-0.088558,0.135192,0.303191
-0.088816,0.134269,0.300169
-0.089497,0.133996,0.299486
-0.091121,0.133538,0.300458
-0.089970,0.133741,0.300250
-0.093138,0.133965,0.299745
-0.091838,0.133326,0.298661
-0.095022,0.133454,0.298786
-0.096319,0.133126,0.301183
-0.098154,0.132858,0.299199
-0.098335,0.129025,0.296801
-0.099896,0.130204,0.299153
-0.100626,0.130226,0.298026
-0.102209,0.129323,0.299328
-0.103505,0.130164,0.296908
-0.101765,0.129540,0.295459
-0.104027,0.129264,0.297445
-0.105127,0.128666,0.298324
-0.107148,0.128464,0.296493
-0.108127,0.127947,0.296872
-0.109240,0.128908,0.297484
-0.109286,0.129404,0.294547
-0.111105,0.126298,0.295786
-0.110173,0.126396,0.295737
-0.112837,0.125773,0.295889
-0.114509,0.126424,0.291805
-0.114499,0.127252,0.292649
-0.114439,0.124817,0.292331
-0.116521,0.125516,0.294121
-0.118950,0.122402,0.291487
-0.119176,0.122388,0.292011
-0.119913,0.122321,0.291394
-0.121325,0.123754,0.291969
-0.123091,0.123504,0.291829
-0.122788,0.121061,0.289700
-0.125777,0.120685,0.290010
-0.125988,0.120036,0.288118
-0.126411,0.118862,0.289746
-0.126299,0.116243,0.288795
-0.129672,0.115045,0.287647
-0.131266,0.114857,0.286096
-0.130295,0.113260,0.284944
-0.131648,0.112391,0.283264
-0.133688,0.110204,0.283945
-0.134414,0.109847,0.280565
-0.136798,0.108060,0.278950
-0.138766,0.104436,0.278011
-0.136485,0.103300,0.275335
-0.141107,0.099396,0.272701
-0.141849,0.096529,0.268562
-0.140246,0.091887,0.267914
-0.141806,0.088506,0.264085
-0.141886,0.088236,0.263001
-0.144001,0.086999,0.263966
-0.145058,0.081715,0.259092
-0.147946,0.079800,0.257217
-0.149268,0.078317,0.253921
-0.148981,0.074990,0.253010
-0.150444,0.070541,0.250419
-0.151483,0.069895,0.248465
-0.151576,0.065530,0.244928
-0.153843,0.059884,0.243150
-0.154010,0.053354,0.236147
-0.156138,0.043719,0.229718
0.132341,0.077775,0.257659
0.132703,0.079109,0.256129
0.130752,0.079891,0.258519
0.130484,0.078581,0.259129
0.128131,0.078375,0.258382
0.129162,0.079514,0.260391
0.124988,0.081871,0.261119
0.125760,0.083163,0.260283
0.124227,0.083602,0.260025
0.122303,0.082549,0.262455
0.122046,0.085523,0.262509
0.123742,0.082536,0.264310
0.119563,0.086799,0.264725
0.117918,0.085172,0.265806
0.117414,0.089687,0.263475
0.117196,0.087906,0.263768
0.115902,0.088813,0.267753
0.115122,0.088490,0.267569
0.112350,0.088722,0.264917
0.112100,0.093324,0.267660
0.110517,0.090987,0.268531
0.108700,0.092679,0.268716
0.108223,0.093851,0.269306
0.106693,0.095944,0.269346
0.106176,0.094628,0.271452
0.104054,0.093808,0.272697
0.103356,0.095929,0.271903
0.102171,0.096427,0.273397
0.100257,0.098146,0.274174
0.097675,0.098260,0.273009
0.097234,0.098600,0.273842
0.096831,0.100178,0.274271
0.096083,0.100700,0.276163
0.095444,0.100100,0.275355
0.095820,0.103010,0.275841
0.092873,0.103003,0.277350
0.091806,0.102942,0.276854
0.090233,0.104093,0.276518
0.089561,0.104572,0.278353
0.087808,0.103683,0.278686
0.087803,0.105924,0.279693
0.086671,0.106025,0.281017
0.084067,0.107174,0.279655
0.082277,0.108710,0.279803
0.082755,0.110165,0.281959
0.081111,0.109169,0.282965
0.081996,0.110555,0.282912
0.080000,0.109826,0.286684
0.078507,0.112326,0.285585
0.076043,0.112805,0.286727
0.076893,0.113268,0.286441
0.075733,0.113628,0.286649
0.073663,0.114394,0.286389
0.070946,0.117699,0.287669
0.070899,0.115160,0.289223
0.068755,0.117000,0.288984
0.067799,0.118255,0.290117
0.067859,0.120604,0.291398
0.067594,0.117697,0.291931
0.064632,0.120477,0.291668
0.065240,0.121685,0.291704
0.063077,0.122856,0.291759
0.061257,0.122217,0.293807
0.060385,0.124153,0.294445
0.060974,0.123750,0.294788
0.058169,0.125393,0.294956
0.057575,0.127776,0.295413
0.056856,0.127227,0.295416
0.055939,0.127180,0.296193
0.056148,0.126569,0.296868
0.054159,0.128056,0.299510
0.052027,0.128990,0.298378
0.051996,0.129594,0.296951
0.050205,0.130190,0.298984
0.048886,0.132561,0.300932
0.048806,0.132493,0.298556
0.048060,0.131950,0.297869
0.043900,0.132484,0.299899
0.044052,0.131856,0.299911
0.044440,0.133535,0.301443
0.043155,0.131516,0.302460
0.040284,0.133480,0.300447
0.041141,0.131799,0.299922
0.039714,0.133233,0.300955
0.037471,0.135441,0.303155
0.036674,0.136341,0.300806
0.036508,0.137133,0.303509
0.035463,0.136572,0.302238
0.035101,0.136648,0.302481
0.033750,0.136392,0.301830
0.033888,0.136819,0.302380
0.030529,0.136657,0.302901
0.029122,0.137327,0.305067
0.028768,0.138769,0.303945
0.028177,0.136063,0.305085
0.026396,0.136602,0.303912
0.025781,0.138384,0.304576
0.022607,0.136922,0.303165
0.023071,0.137052,0.304796
0.022164,0.137828,0.304339
0.021055,0.137813,0.304904
0.021419,0.137508,0.305023
0.018740,0.139323,0.304900
0.019925,0.138797,0.305831
0.017814,0.140206,0.305986
0.017001,0.137823,0.304594
0.015057,0.138160,0.305740
0.014448,0.139341,0.306967
0.013759,0.140377,0.306786
0.010422,0.139458,0.306638
0.008196,0.138673,0.306928
0.008735,0.140635,0.307763
0.011196,0.139169,0.306847
0.007541,0.141386,0.306021
0.005492,0.140004,0.306163
0.005610,0.141790,0.306505
0.004793,0.141110,0.306602
0.001966,0.141017,0.307022
0.001182,0.141192,0.308439
0.002355,0.142507,0.308847
0.000011,0.141817,0.306484
-0.000899,0.142982,0.307943
-0.002367,0.142668,0.308238
-0.001955,0.139617,0.309535
-0.004081,0.142569,0.308866
-0.005042,0.141170,0.308127
-0.006792,0.142210,0.307067
-0.008275,0.141829,0.308254
-0.008645,0.144040,0.308232
-0.009356,0.142254,0.310848
-0.007281,0.142618,0.308045
-0.012314,0.143887,0.309492
-0.010874,0.141449,0.308775
-0.013897,0.143116,0.307909
-0.014834,0.143259,0.308398
-0.015865,0.141856,0.307276
-0.017490,0.142610,0.307558
-0.014782,0.142379,0.308012
-0.018286,0.143596,0.306880
-0.020424,0.141801,0.307187
-0.019810,0.142008,0.308250
-0.022745,0.141807,0.306559
-0.020963,0.142481,0.309901
-0.023506,0.140990,0.307063
-0.024877,0.142238,0.307249
-0.025608,0.142285,0.307653
-0.027340,0.140221,0.308185
-0.026718,0.141567,0.305718
-0.028054,0.141457,0.306703
-0.028661,0.139490,0.308276
-0.032079,0.141407,0.307795
-0.033411,0.143422,0.307742
-0.032134,0.140696,0.305789
-0.034460,0.140918,0.307064
-0.035454,0.139609,0.307160
-0.035639,0.140421,0.307838
-0.036802,0.138872,0.305296
-0.039015,0.140884,0.305505
-0.038850,0.138856,0.305537
-0.041075,0.137071,0.305053
-0.041690,0.136811,0.306640
-0.042208,0.139524,0.305749
-0.043269,0.139153,0.306513
-0.044365,0.136959,0.306187
-0.045022,0.141765,0.305760
-0.047174,0.139525,0.306257
-0.046713,0.139384,0.305009
-0.048914,0.136097,0.305807
-0.048886,0.137949,0.305103
-0.051220,0.139003,0.305876
-0.052267,0.137235,0.304932
-0.052403,0.137964,0.304969
-0.054503,0.137644,0.304624
-0.053695,0.136789,0.303316
-0.055236,0.136946,0.303317
-0.057418,0.137248,0.304030
-0.059603,0.136483,0.302972
-0.057798,0.135635,0.304110
-0.060158,0.137384,0.304916
-0.061408,0.136461,0.304031
-0.061238,0.137622,0.302858
-0.063483,0.137274,0.302641
-0.064867,0.136684,0.301852
-0.064931,0.135778,0.303604
-0.065165,0.135829,0.302290
-0.068507,0.136023,0.302841
-0.068515,0.136022,0.303322
-0.069861,0.136219,0.303083
-0.069037,0.135289,0.302564
-0.072798,0.134913,0.301815
-0.072323,0.135138,0.302828
-0.072656,0.134277,0.303931
-0.072615,0.134719,0.302356
-0.075256,0.136615,0.301892
-0.076459,0.133820,0.303133
-0.077034,0.135656,0.302962
-0.078864,0.133498,0.302778
-0.079384,0.134991,0.303204
-0.080389,0.134288,0.301026
-0.082126,0.134453,0.300318
-0.084238,0.132669,0.301546
-0.084807,0.132690,0.299962
-0.085154,0.132415,0.302296
-0.085337,0.133896,0.302798
-0.086054,0.134086,0.300722
-0.088232,0.131684,0.301244
-0.088448,0.133320,0.299222
-0.089636,0.132685,0.303282
-0.092366,0.132420,0.301321
-0.093513,0.132122,0.299324
-0.092024,0.130387,0.299006
-0.094596,0.131198,0.298503
-0.096379,0.131067,0.298795
-0.096838,0.131267,0.300425
-0.096017,0.128722,0.299476
-0.098126,0.129717,0.299511
-0.099873,0.131491,0.298083
-0.100953,0.127965,0.296862
-0.100807,0.129413,0.297106
-0.102785,0.127671,0.298362
-0.102610,0.129730,0.297616
-0.103052,0.127616,0.295034
-0.105266,0.127832,0.295249
-0.107769,0.126625,0.296136
-0.108472,0.125137,0.294813
-0.108957,0.127276,0.297256
-0.108415,0.126533,0.295803
-0.109911,0.125291,0.294204
-0.113250,0.124634,0.295343
-0.111643,0.123429,0.293732
-0.113354,0.122944,0.295770
-0.114598,0.122411,0.294726
-0.115699,0.123460,0.294178
-0.117070,0.123376,0.293019
-0.118474,0.122390,0.293113
-0.119921,0.122661,0.292427
-0.120313,0.121578,0.293044
-0.121363,0.120985,0.291655
-0.121322,0.120527,0.293098
-0.124577,0.120792,0.290798
-0.123119,0.118128,0.290067
-0.125416,0.118324,0.288808
-0.127947,0.116968,0.287956
-0.128236,0.115755,0.287063
-0.128554,0.113803,0.285661
-0.128374,0.112765,0.285409
-0.131900,0.112500,0.287176
-0.132323,0.112145,0.283741
-0.130860,0.108807,0.284215
-0.133366,0.108329,0.280421
-0.135121,0.105895,0.279404
-0.135796,0.103775,0.276542
-0.137195,0.104076,0.276859
-0.137742,0.098317,0.271690
-0.139572,0.093527,0.271094
-0.143458,0.090305,0.267803
-0.141362,0.088476,0.265150
-0.141794,0.084920,0.263905
-0.145032,0.085611,0.264483
-0.146498,0.084149,0.261406
-0.146908,0.080239,0.258363
-0.148258,0.077044,0.256436
-0.149861,0.071636,0.253949
-0.150195,0.071067,0.251451
-0.151403,0.069478,0.251000
-0.152788,0.066052,0.246935
-0.154229,0.058927,0.243294
-0.156381,0.049437,0.236047
-0.155059,0.042140,0.230563
-0.158650,0.036449,0.222142
0.131840,0.075128,0.257612
0.132077,0.074013,0.256634
0.130924,0.076372,0.258278
0.128219,0.076509,0.260248
0.128960,0.079350,0.260478
0.127557,0.079171,0.260946
0.124781,0.080947,0.260469
0.123732,0.081227,0.260335
0.123793,0.082242,0.262614
0.121372,0.082555,0.263468
0.120005,0.083542,0.263258
0.120125,0.082932,0.263204
0.119014,0.083468,0.264340
0.117358,0.083910,0.264759
0.117315,0.086574,0.264601
0.116308,0.087474,0.266501
0.114248,0.086539,0.267665
0.111622,0.088786,0.267968
0.110774,0.087837,0.269277
0.110647,0.091688,0.268786
0.109442,0.092580,0.268456
0.105905,0.092511,0.269847
0.105809,0.093287,0.269259
0.105669,0.094889,0.271328
0.104242,0.094737,0.272651
0.104467,0.094416,0.272997
0.103097,0.096701,0.270659
0.102049,0.096208,0.273169
0.100866,0.095226,0.274908
0.099088,0.096337,0.275779
0.098942,0.099392,0.276239
0.097733,0.100030,0.274767
0.095682,0.097238,0.274375
0.094207,0.098653,0.277021
0.091874,0.099529,0.279466
0.091001,0.102212,0.277749
0.090868,0.101880,0.278583
0.089874,0.103057,0.278424
0.089315,0.102698,0.279350
0.086924,0.103896,0.277507
0.085394,0.106548,0.279819
0.086281,0.103360,0.281369
0.085022,0.107134,0.279883
0.082482,0.107118,0.281609
0.084124,0.107985,0.283780
0.079604,0.108740,0.283966
0.081132,0.108758,0.284636
0.079243,0.108900,0.286056
0.076361,0.112705,0.285405
0.076129,0.110703,0.286698
0.075172,0.113438,0.286125
0.072401,0.114975,0.287446
0.073924,0.114143,0.287933
0.070302,0.114131,0.289185
0.069929,0.117349,0.289598
0.070995,0.116235,0.289817
0.067610,0.117572,0.292341
0.068184,0.117698,0.291507
0.065228,0.117080,0.290330
0.065356,0.119361,0.292183
0.064784,0.120973,0.292609
0.060650,0.122952,0.293277
0.061837,0.121223,0.293008
0.061144,0.122528,0.294964
0.060763,0.122778,0.293778
0.057495,0.124046,0.294935
0.057239,0.126435,0.295923
0.055567,0.124576,0.298050
0.054054,0.124415,0.296234
0.053954,0.127021,0.296932
0.054678,0.125821,0.300234
0.051815,0.128846,0.297650
0.050571,0.127432,0.297296
0.049098,0.128122,0.297720
0.047140,0.128597,0.298003
0.048717,0.128847,0.300444
0.046594,0.130020,0.298924
0.043635,0.131419,0.301600
0.043192,0.130704,0.301020
0.044044,0.130233,0.300139
0.041651,0.132435,0.303575
0.041189,0.132192,0.303511
0.037571,0.130730,0.301096
0.038435,0.134103,0.303280
0.038644,0.134161,0.302216
0.035579,0.132715,0.304052
0.033983,0.135155,0.304412
0.034496,0.132986,0.305651
0.033699,0.132419,0.303803
0.031938,0.136058,0.303952
0.032083,0.134503,0.302955
0.029990,0.134361,0.302920
0.029737,0.134814,0.304602
0.027634,0.134741,0.304684
0.026470,0.134120,0.304098
0.025508,0.134907,0.305024
0.023338,0.137684,0.305259
0.023614,0.134956,0.304606
0.022906,0.134951,0.306536
0.022700,0.135810,0.304914
0.022081,0.133213,0.304908
0.017223,0.136709,0.305412
0.017876,0.136560,0.306407
0.016101,0.135698,0.305703
0.016653,0.137008,0.305989
0.016803,0.136939,0.307545
0.014379,0.135700,0.304966
0.013475,0.139432,0.307127
0.013019,0.136689,0.306990
0.013180,0.140302,0.308443
0.008057,0.139768,0.306096
0.009561,0.139947,0.307418
0.007605,0.138070,0.307530
0.006050,0.137158,0.309127
0.007696,0.140536,0.309014
0.005944,0.141112,0.307804
0.002498,0.139740,0.307533
0.002876,0.140323,0.308948
0.001927,0.139772,0.308838
0.000203,0.140443,0.307850
0.000703,0.139516,0.308588
-0.001804,0.140525,0.308000
-0.003353,0.139644,0.308277
-0.004892,0.141486,0.310701
-0.004652,0.140988,0.309298
-0.004111,0.140865,0.309973
-0.007092,0.140258,0.308763
-0.008657,0.140110,0.309946
-0.009839,0.140781,0.310761
-0.009904,0.141132,0.309385
-0.010861,0.140810,0.308440
-0.012793,0.143367,0.308285
-0.014223,0.140249,0.309356
-0.013380,0.140359,0.309278
-0.015532,0.140251,0.307169
-0.016615,0.141332,0.309214
-0.017249,0.142102,0.309427
-0.018881,0.140973,0.308281
-0.018423,0.141280,0.307615
-0.021315,0.139733,0.309517
-0.020495,0.138956,0.308804
-0.021936,0.140777,0.307098
-0.024310,0.137650,0.308235
-0.023633,0.140432,0.308421
-0.025374,0.139393,0.307762
-0.027286,0.140999,0.307812
-0.026438,0.140258,0.308015
-0.028822,0.139547,0.308535
-0.029032,0.140831,0.308808
-0.030574,0.139624,0.307812
-0.031998,0.138386,0.307058
-0.032121,0.140153,0.309153
-0.034646,0.138477,0.307281
-0.034672,0.137534,0.308997
-0.035618,0.136900,0.306820
-0.036513,0.137103,0.306735
-0.037266,0.138485,0.306925
-0.038829,0.139016,0.305157
-0.041014,0.137108,0.307459
-0.040992,0.137638,0.306748
-0.042663,0.137554,0.305844
-0.044387,0.138816,0.306340
-0.042671,0.138027,0.306200
-0.045357,0.137714,0.304923
-0.044735,0.136162,0.306687
-0.045451,0.135314,0.306157
-0.049591,0.138386,0.304577
-0.050550,0.136739,0.306069
-0.049178,0.135395,0.303696
-0.051787,0.137749,0.302920
-0.053981,0.137529,0.305941
-0.053241,0.137068,0.305502
-0.053372,0.137761,0.305228
-0.057027,0.136762,0.306518
-0.055151,0.135560,0.305427
-0.057899,0.137006,0.304221
-0.059631,0.134881,0.304537
-0.060128,0.133611,0.305275
-0.060013,0.135371,0.303282
-0.063267,0.133070,0.303975
-0.061426,0.134933,0.305712
-0.064008,0.135484,0.304184
-0.063333,0.137924,0.305224
-0.065209,0.133479,0.302592
-0.067819,0.135309,0.303275
-0.067918,0.135587,0.304145
-0.070121,0.134208,0.303852
-0.069962,0.133315,0.303821
-0.070898,0.132719,0.303405
-0.071382,0.132382,0.304666
-0.074630,0.133246,0.301502
-0.073288,0.132418,0.303394
-0.075123,0.132618,0.303850
-0.076628,0.134844,0.302968
-0.078499,0.133475,0.304228
-0.077619,0.132367,0.303909
-0.078185,0.131228,0.301358
-0.080002,0.131223,0.301901
-0.081216,0.132127,0.302257
-0.082800,0.132485,0.302598
-0.083623,0.131780,0.301627
-0.086356,0.133277,0.302946
-0.084629,0.133449,0.302596
-0.087690,0.131876,0.302681
-0.087198,0.132556,0.302386
-0.089231,0.133322,0.301248
-0.087892,0.130331,0.301473
-0.089685,0.130385,0.301183
-0.092383,0.131616,0.301102
-0.091844,0.129624,0.299124
-0.094593,0.129985,0.299681
-0.095151,0.129376,0.299112
-0.095752,0.129264,0.300603
-0.094800,0.128235,0.300937
-0.099357,0.129935,0.298998
-0.099066,0.128128,0.298620
-0.102024,0.127503,0.297030
-0.101482,0.128598,0.296593
-0.102971,0.129709,0.298021
-0.103635,0.126530,0.297186
-0.105099,0.126125,0.297130
-0.105071,0.124497,0.295895
-0.107370,0.123218,0.296877
-0.107842,0.127354,0.295858
-0.108046,0.125081,0.296564
-0.107914,0.123436,0.294649
-0.111362,0.122731,0.295435
-0.111420,0.123246,0.294745
-0.114352,0.122852,0.293485
-0.114128,0.123310,0.294619
-0.115125,0.121283,0.294656
-0.115832,0.122000,0.294448
-0.116425,0.120124,0.293202
-0.118378,0.119042,0.293656
-0.119877,0.119597,0.292239
-0.120066,0.122181,0.292100
-0.120409,0.119321,0.293064
-0.121782,0.119115,0.291274
-0.123698,0.120580,0.290440
-0.123744,0.115573,0.288715
-0.126827,0.116071,0.288947
-0.126795,0.115353,0.289316
-0.128295,0.112787,0.288507
-0.127214,0.111934,0.286753
-0.130253,0.112851,0.287668
-0.130034,0.111205,0.286411
-0.131110,0.109340,0.283681
-0.131231,0.110488,0.283905
-0.133895,0.105454,0.282677
-0.134606,0.105813,0.280439
-0.134664,0.102333,0.279922
-0.136421,0.098986,0.277802
-0.140058,0.095392,0.273879
-0.138797,0.094205,0.270267
-0.140537,0.090747,0.267470
-0.141296,0.087195,0.268409
-0.142733,0.086849,0.264821
-0.144579,0.086176,0.263678
-0.146825,0.080144,0.259751
-0.147634,0.077662,0.259575
-0.146359,0.074503,0.256533
-0.148677,0.073773,0.253711
-0.150102,0.070143,0.252169
-0.151833,0.066148,0.250133
-0.152400,0.063236,0.248003
-0.155400,0.057664,0.242149
-0.156299,0.049562,0.237626
-0.157005,0.041392,0.229930
-0.156020,0.034777,0.223257
-0.168085,-0.178226,0.055784
-0.170797,-0.178075,0.055560
-0.169138,-0.179001,0.055945
-0.169570,-0.177758,0.054496
-0.172394,-0.177335,0.056075
-0.177558,-0.178678,0.056009
-0.173574,-0.179115,0.056385
-0.177897,-0.178749,0.055662
-0.178385,-0.177164,0.056409
-0.178293,-0.178634,0.053932
-0.179951,-0.178679,0.057249
-0.181614,-0.178126,0.057134
-0.181561,-0.177500,0.055919
-0.185054,-0.180473,0.055611
-0.185209,-0.182060,0.054231
-0.187458,-0.181870,0.051816
-0.188515,-0.184573,0.051806
-0.190609,-0.185429,0.049847
-0.191380,-0.186961,0.048268
-0.191051,-0.187065,0.049163
0.131616,0.073985,0.258079
0.129899,0.072577,0.256768
0.129895,0.074679,0.258170
0.127847,0.076565,0.258853
0.126521,0.075255,0.261256
0.124360,0.078381,0.260885
0.125224,0.079567,0.259945
0.123283,0.079842,0.261657
0.120918,0.080416,0.262131
0.121459,0.082626,0.264622
0.119414,0.081452,0.262573
0.117479,0.082858,0.263199
0.118775,0.084175,0.263493
0.117167,0.082978,0.265853
0.115020,0.083805,0.266283
0.113558,0.084904,0.264475
0.111007,0.084034,0.266628
0.111901,0.087163,0.268067
0.109056,0.086891,0.265829
0.109114,0.086827,0.268165
0.109845,0.087722,0.269157
0.106998,0.089053,0.269697
0.107440,0.091675,0.271400
0.104349,0.090594,0.270346
0.104657,0.093232,0.271139
0.102085,0.092423,0.273687
0.101793,0.094888,0.271168
0.102090,0.095181,0.274752
0.100316,0.094171,0.275168
0.099124,0.094818,0.274928
0.094811,0.096612,0.276156
0.095752,0.097192,0.276368
0.094648,0.098723,0.277549
0.093952,0.101267,0.275568
0.091499,0.100179,0.278716
0.088018,0.099379,0.279145
0.089938,0.100270,0.280391
0.089660,0.102104,0.278653
0.088275,0.103893,0.280251
0.087019,0.102588,0.281265
0.085514,0.103938,0.281516
0.082852,0.104754,0.283674
0.082641,0.104483,0.282280
0.081632,0.106468,0.283380
0.081632,0.106798,0.284781
0.079616,0.108512,0.283818
0.077598,0.109209,0.284529
0.075600,0.108815,0.284606
0.076990,0.110018,0.285207
0.075474,0.111844,0.286598
0.071628,0.111821,0.286307
0.072147,0.112485,0.287303
0.070207,0.112606,0.289446
0.069525,0.112867,0.290294
0.069251,0.114569,0.290248
0.068832,0.115036,0.290207
0.065888,0.115538,0.291131
0.066130,0.117846,0.292427
0.065275,0.119150,0.290292
0.061628,0.119285,0.292927
0.061151,0.120769,0.295002
0.061814,0.118812,0.294897
0.059973,0.120575,0.293615
0.059821,0.120606,0.293721
0.056858,0.122787,0.296429
0.058252,0.123073,0.296389
0.055355,0.123549,0.295998
0.053048,0.123580,0.295939
0.052878,0.123210,0.297030
0.053347,0.126725,0.297460
0.051149,0.125303,0.297470
0.051157,0.126296,0.299429
0.047491,0.125778,0.300062
0.047089,0.127286,0.300388
0.047324,0.128474,0.299525
0.044531,0.127907,0.297752
0.044745,0.130091,0.301165
0.044801,0.130443,0.300440
0.043112,0.129348,0.302144
0.042599,0.130457,0.299818
0.039436,0.129711,0.301529
0.039350,0.131615,0.303474
0.038930,0.131260,0.303034
0.035932,0.131269,0.301457
0.035894,0.131429,0.305185
0.036882,0.132281,0.304096
0.036144,0.131630,0.304832
0.034678,0.133896,0.302881
0.030762,0.133561,0.305335
0.030108,0.134179,0.303007
0.032002,0.134109,0.304771
0.029318,0.132183,0.304023
0.026622,0.132785,0.305509
0.027380,0.134225,0.306156
0.025621,0.133430,0.304362
0.027090,0.133661,0.305336
0.024682,0.133956,0.304468
0.022402,0.134421,0.307359
0.020908,0.135788,0.305044
0.018855,0.136516,0.305491
0.019121,0.134635,0.304975
0.019677,0.135396,0.305886
0.015401,0.133344,0.305211
0.016749,0.135501,0.306054
0.014552,0.136047,0.306818
0.014153,0.135933,0.307486
0.013775,0.136925,0.305296
0.013630,0.135781,0.308225
0.010919,0.139768,0.304603
0.012176,0.136809,0.308995
0.010555,0.138041,0.306448
0.007194,0.137025,0.310476
0.006834,0.136707,0.308621
0.005564,0.138326,0.310016
0.004983,0.137826,0.308530
0.002255,0.139157,0.308595
0.003204,0.139612,0.307749
0.001964,0.139808,0.311417
-0.000744,0.138314,0.309054
-0.001097,0.140296,0.308881
-0.001081,0.140290,0.308737
-0.002745,0.139207,0.308957
-0.005371,0.138834,0.309916
-0.003927,0.141077,0.309907
-0.005715,0.138979,0.309657
-0.007215,0.139047,0.308847
-0.008144,0.138622,0.309924
-0.008753,0.140081,0.310525
-0.008825,0.142478,0.309105
-0.011999,0.138545,0.309777
-0.013671,0.141288,0.308295
-0.012991,0.138516,0.309327
-0.014983,0.138436,0.308714
-0.015606,0.139378,0.309193
-0.015731,0.138320,0.309243
-0.018555,0.138348,0.309834
-0.017833,0.139236,0.309888
-0.020453,0.139451,0.311030
-0.019809,0.139298,0.309664
-0.021733,0.138726,0.308277
-0.021401,0.137774,0.308901
-0.024327,0.139640,0.307928
-0.025528,0.137930,0.306789
-0.025520,0.139779,0.310204
-0.025098,0.137594,0.310670
-0.027092,0.138992,0.308374
-0.031122,0.137203,0.308490
-0.030680,0.137087,0.308731
-0.029248,0.138426,0.307511
-0.031129,0.138034,0.308433
-0.032025,0.137548,0.307940
-0.032827,0.135749,0.307002
-0.035944,0.137671,0.306997
-0.034934,0.137831,0.304830
-0.038069,0.137820,0.308551
-0.036887,0.136849,0.308827
-0.039290,0.136157,0.307317
-0.037294,0.135528,0.306015
-0.038252,0.135968,0.307312
-0.042530,0.134929,0.307282
-0.043221,0.137200,0.307452
-0.043471,0.136642,0.306632
-0.046277,0.134093,0.305989
-0.045541,0.135390,0.305815
-0.046797,0.135758,0.307036
-0.047800,0.134734,0.306762
-0.048503,0.134590,0.305639
-0.050262,0.135119,0.306146
-0.050572,0.137258,0.306235
-0.053079,0.135751,0.305028
-0.052671,0.136895,0.307737
-0.053386,0.135573,0.304306
-0.053501,0.135411,0.304761
-0.055811,0.134057,0.305197
-0.058542,0.133545,0.303763
-0.058098,0.133831,0.304549
-0.059898,0.134230,0.305110
-0.060130,0.133651,0.303494
-0.061997,0.134495,0.304892
-0.062471,0.133578,0.304230
-0.063537,0.133347,0.307259
-0.064090,0.133348,0.302737
-0.066948,0.132899,0.304837
-0.067376,0.133099,0.304631
-0.066132,0.129803,0.304683
-0.069701,0.132511,0.303880
-0.070541,0.133049,0.304073
-0.071319,0.132494,0.304205
-0.070993,0.131888,0.301920
-0.074508,0.132419,0.303709
-0.075803,0.131160,0.305061
-0.076286,0.132062,0.302527
-0.075868,0.131975,0.302305
-0.077348,0.129576,0.302969
-0.078413,0.130983,0.302502
-0.079395,0.129706,0.304108
-0.079859,0.130728,0.301691
-0.082387,0.131510,0.301400
-0.081294,0.129558,0.303625
-0.083494,0.130011,0.302258
-0.085990,0.129938,0.302419
-0.086577,0.129544,0.301145
-0.087215,0.129730,0.302645
-0.087174,0.130384,0.300785
-0.089209,0.128110,0.301186
-0.089348,0.129804,0.299969
-0.090620,0.128318,0.302326
-0.090562,0.129341,0.300489
-0.092325,0.128013,0.300741
-0.094923,0.129584,0.300905
-0.094254,0.127029,0.299861
-0.095193,0.125580,0.299766
-0.095566,0.129310,0.298648
-0.096964,0.127485,0.299772
-0.099826,0.125416,0.298741
-0.099231,0.126641,0.299107
-0.101094,0.125749,0.298794
-0.104620,0.127230,0.298071
-0.104414,0.126388,0.297604
-0.103392,0.123843,0.297826
-0.105426,0.124507,0.297117
-0.106454,0.124168,0.297196
-0.107284,0.123095,0.296214
-0.108344,0.123133,0.298702
-0.108752,0.123226,0.297662
-0.111739,0.121784,0.296583
-0.110862,0.121303,0.293492
-0.112559,0.121376,0.293088
-0.114422,0.121643,0.294367
-0.114685,0.121193,0.293711
-0.117352,0.117652,0.291930
-0.117241,0.118061,0.293434
-0.117570,0.117279,0.292396
-0.119989,0.119307,0.290701
-0.121803,0.116606,0.290888
-0.120749,0.118838,0.291894
-0.122171,0.117946,0.292179
-0.123233,0.116502,0.290869
-0.125882,0.115368,0.290418
-0.126225,0.115171,0.290864
-0.126825,0.112890,0.288919
-0.127447,0.113568,0.288423
-0.128789,0.111517,0.286620
-0.129472,0.111776,0.287350
-0.131410,0.109917,0.286022
-0.130869,0.109808,0.287373
-0.133057,0.106468,0.284906
-0.133975,0.105835,0.282139
-0.134874,0.104511,0.279141
-0.136553,0.102098,0.277652
-0.135455,0.096996,0.277410
-0.139145,0.093698,0.272875
-0.141154,0.091770,0.270847
-0.140644,0.089223,0.269125
-0.141913,0.087440,0.266000
-0.144329,0.085614,0.264373
-0.145183,0.084485,0.264814
-0.145545,0.080393,0.263520
-0.147816,0.077212,0.258983
-0.147933,0.076882,0.257506
-0.148593,0.072637,0.257592
-0.151941,0.068683,0.253597
-0.151965,0.066676,0.250570
-0.152745,0.063190,0.249909
-0.150864,0.057377,0.242898
-0.155381,0.049301,0.237526
-0.157384,0.040991,0.231667
-0.158110,0.034050,0.225156
-0.167946,-0.170029,0.064297
-0.168458,-0.171151,0.063612
-0.169219,-0.169232,0.063107
-0.169490,-0.171139,0.064358
-0.171579,-0.169886,0.064649
-0.171507,-0.167977,0.062433
-0.175379,-0.170242,0.066238
-0.174880,-0.169161,0.065576
-0.175871,-0.168650,0.065981
-0.176291,-0.169144,0.065253
-0.177811,-0.167285,0.064681
-0.181475,-0.167774,0.064648
-0.180318,-0.169824,0.062219
-0.182880,-0.170442,0.062638
-0.184987,-0.170756,0.063408
-0.185429,-0.170235,0.064304
-0.187431,-0.172853,0.064107
-0.187888,-0.172257,0.062059
-0.190490,-0.175485,0.064284
-0.190533,-0.173759,0.061845
-0.192794,-0.174834,0.060308
-0.193937,-0.177660,0.057419
-0.194768,-0.179472,0.057062
-0.196518,-0.181956,0.055008
-0.196757,-0.186082,0.052760
-0.198993,-0.182221,0.053155
-0.199553,-0.194580,0.045990
0.129328,0.071056,0.256545
0.130834,0.072768,0.256771
0.129004,0.071082,0.257549
0.127301,0.072031,0.257356
0.125889,0.073183,0.259769
0.126744,0.076688,0.261409
0.124398,0.076692,0.262521
0.124019,0.077660,0.260298
0.123298,0.077774,0.263071
0.119392,0.079378,0.262602
0.118795,0.080453,0.263165
0.119940,0.080823,0.263978
0.118075,0.080964,0.266161
0.116175,0.081444,0.264663
0.115014,0.082970,0.266189
0.115567,0.085039,0.265786
0.112193,0.083940,0.267553
0.112614,0.084137,0.266328
0.111762,0.087565,0.267266
0.107800,0.084262,0.268389
0.109726,0.085968,0.269757
0.106978,0.089260,0.271510
0.107522,0.089557,0.271797
0.104768,0.088747,0.273152
0.103085,0.089196,0.271768
0.102798,0.093389,0.272058
0.101274,0.092098,0.273192
0.100443,0.092982,0.273897
0.100041,0.092298,0.275197
0.099403,0.094159,0.274921
0.097043,0.094806,0.275161
0.096261,0.094759,0.276248
0.094082,0.097372,0.276035
0.092641,0.096100,0.277079
0.091835,0.097026,0.278073
0.089176,0.097018,0.279120
0.090949,0.099908,0.280585
0.089525,0.100283,0.281288
0.088210,0.101183,0.280859
0.086675,0.102243,0.282110
0.084722,0.103076,0.282451
0.084719,0.102953,0.280267
0.084116,0.104630,0.283347
0.082013,0.104157,0.282848
0.080819,0.104658,0.283196
0.079602,0.105393,0.284532
0.078550,0.107643,0.286522
0.078167,0.107612,0.285383
0.078080,0.109493,0.287731
0.075280,0.109801,0.287540
0.074000,0.107879,0.287274
0.073134,0.110152,0.288177
0.070833,0.111470,0.287403
0.068960,0.111726,0.289501
0.067298,0.113122,0.288845
0.066564,0.113371,0.291315
0.065035,0.113917,0.291739
0.065897,0.113429,0.291269
0.066939,0.114302,0.292484
0.062954,0.115402,0.294148
0.062983,0.117769,0.291670
0.060911,0.117860,0.293689
0.062715,0.119351,0.292914
0.058618,0.118467,0.294926
0.057038,0.122330,0.295906
0.057439,0.120237,0.296186
0.054794,0.121145,0.295952
0.055410,0.123757,0.295928
0.052717,0.122664,0.296476
0.052779,0.124279,0.297851
0.050786,0.124560,0.297375
0.050845,0.123418,0.300060
0.049143,0.126949,0.298442
0.049483,0.124486,0.299866
0.046068,0.124185,0.300572
0.045498,0.127946,0.301897
0.044122,0.128461,0.301436
0.044623,0.128327,0.300824
0.042688,0.127452,0.300318
0.041103,0.127360,0.301757
0.041081,0.130380,0.301910
0.039425,0.128749,0.303087
0.038870,0.129333,0.302688
0.039604,0.130229,0.302714
0.036452,0.131587,0.302728
0.036748,0.129986,0.303914
0.035255,0.130078,0.304033
0.034614,0.129195,0.304799
0.033438,0.131188,0.304350
0.030470,0.130448,0.304104
0.029375,0.130861,0.304669
0.029090,0.131167,0.305239
0.028435,0.133000,0.305723
0.025942,0.132200,0.305727
0.026000,0.133724,0.304793
0.025304,0.133914,0.306173
0.023485,0.131461,0.306304
0.020652,0.133822,0.304879
0.019232,0.134539,0.306421
0.021623,0.131957,0.306888
0.019533,0.133666,0.306252
0.020294,0.134856,0.305081
0.015804,0.135058,0.306008
0.016202,0.133019,0.306628
0.013130,0.135218,0.305898
0.012402,0.134122,0.305895
0.013311,0.133197,0.305288
0.013584,0.134425,0.308315
0.011259,0.135184,0.307427
0.009495,0.134317,0.306467
0.010417,0.136453,0.307892
0.008783,0.135825,0.307429
0.005933,0.134876,0.309257
0.006958,0.137230,0.308749
0.005507,0.135109,0.308686
0.003936,0.137278,0.308977
0.002157,0.138283,0.310769
0.002670,0.136737,0.308158
0.001332,0.136008,0.309745
-0.000180,0.139697,0.309778
-0.000224,0.137268,0.307414
-0.002635,0.137178,0.309221
-0.005062,0.137935,0.308667
-0.004595,0.138612,0.308751
-0.005617,0.138089,0.309565
-0.006664,0.137371,0.308118
-0.007676,0.140032,0.309975
-0.008748,0.140169,0.308845
-0.011163,0.137600,0.309805
-0.011410,0.137104,0.309659
-0.011774,0.140045,0.310913
-0.012850,0.139034,0.310324
-0.014199,0.137310,0.308792
-0.013709,0.138926,0.310112
-0.016657,0.137940,0.308917
-0.016205,0.137516,0.309614
-0.018596,0.138526,0.308656
-0.019856,0.137755,0.311195
-0.020281,0.137157,0.307955
-0.020729,0.137469,0.309385
-0.023426,0.136288,0.308112
-0.024342,0.136479,0.309866
-0.025220,0.136783,0.309727
-0.024681,0.137584,0.307691
-0.027700,0.138531,0.307126
-0.027925,0.137663,0.310087
-0.027595,0.137731,0.309345
-0.027777,0.137382,0.308664
-0.030203,0.136321,0.307956
-0.031300,0.137683,0.307813
-0.032384,0.135892,0.309329
-0.034601,0.135157,0.309436
-0.033269,0.136280,0.309805
-0.034060,0.135847,0.306856
-0.037102,0.135812,0.307906
-0.037088,0.136720,0.307001
-0.040164,0.136016,0.307068
-0.041414,0.137521,0.308429
-0.041385,0.136098,0.305144
-0.041080,0.135499,0.306569
-0.043566,0.135801,0.306491
-0.045867,0.135142,0.306605
-0.043530,0.133480,0.306010
-0.046858,0.134168,0.307756
-0.046662,0.134208,0.306058
-0.046722,0.131703,0.307106
-0.050049,0.132443,0.305127
-0.049627,0.133702,0.306986
-0.051759,0.133352,0.306522
-0.053822,0.132539,0.306429
-0.054506,0.132488,0.306652
-0.055049,0.133912,0.307086
-0.057291,0.133534,0.305023
-0.058968,0.132029,0.305473
-0.058297,0.132555,0.304964
-0.059135,0.133199,0.306181
-0.059133,0.131806,0.305332
-0.062168,0.132768,0.304743
-0.063638,0.130938,0.304397
-0.062412,0.132600,0.305658
-0.064747,0.132237,0.304709
-0.064892,0.132394,0.305606
-0.066898,0.133760,0.305146
-0.067006,0.132872,0.305351
-0.066924,0.132233,0.305397
-0.069170,0.131458,0.305908
-0.072984,0.131644,0.304122
-0.071782,0.130262,0.305321
-0.073841,0.131676,0.303308
-0.072441,0.128934,0.302582
-0.073671,0.130949,0.304672
-0.075774,0.129932,0.301293
-0.077331,0.129979,0.303643
-0.077920,0.129171,0.301998
-0.079749,0.129742,0.303611
-0.079264,0.130140,0.303118
-0.078927,0.128455,0.303013
-0.081042,0.131138,0.303344
-0.083713,0.127708,0.302587
-0.082829,0.129422,0.301964
-0.084680,0.128337,0.303971
-0.086725,0.127961,0.301917
-0.086161,0.127349,0.303329
-0.088419,0.128681,0.301816
-0.089989,0.127553,0.302092
-0.091278,0.128885,0.300055
-0.090887,0.128111,0.300919
-0.091518,0.125810,0.297842
-0.092513,0.125317,0.301741
-0.093322,0.128576,0.301416
-0.096228,0.126189,0.299249
-0.097044,0.125025,0.299666
-0.097729,0.123564,0.299592
-0.099698,0.126307,0.300043
-0.100320,0.125397,0.299532
-0.100740,0.124645,0.299644
-0.100697,0.123635,0.296863
-0.103547,0.123449,0.297772
-0.103851,0.122112,0.297824
-0.104800,0.124432,0.297013
-0.107218,0.122024,0.297688
-0.108551,0.122130,0.294432
-0.109084,0.121689,0.295408
-0.109006,0.120723,0.296009
-0.106451,0.121243,0.296027
-0.111437,0.119953,0.295158
-0.111987,0.119983,0.296717
-0.112298,0.120267,0.292987
-0.113169,0.118809,0.294702
-0.115585,0.116550,0.293625
-0.116118,0.116507,0.294629
-0.117894,0.116868,0.292945
-0.118993,0.116473,0.295056
-0.119674,0.114394,0.291337
-0.120531,0.116101,0.293474
-0.123269,0.114508,0.292932
-0.123079,0.114216,0.292083
-0.122831,0.115564,0.290273
-0.125023,0.113329,0.290345
-0.126153,0.112765,0.290267
-0.126859,0.112762,0.290729
-0.127930,0.110897,0.289465
-0.127804,0.111359,0.290818
-0.130392,0.108559,0.287439
-0.131084,0.109825,0.288005
-0.132320,0.106907,0.285668
-0.134519,0.105958,0.284202
-0.134293,0.103659,0.283017
-0.135378,0.103223,0.281610
-0.136907,0.099194,0.279352
-0.139283,0.098156,0.276858
-0.138791,0.092604,0.274657
-0.140118,0.088577,0.271972
-0.138929,0.088995,0.269678
-0.141292,0.087663,0.267244
-0.143930,0.085271,0.266305
-0.144566,0.081722,0.265409
-0.146791,0.080364,0.264036
-0.146014,0.075430,0.261626
-0.146599,0.073328,0.259378
-0.149906,0.071758,0.255311
-0.151256,0.067174,0.254271
-0.152624,0.067307,0.253642
-0.152170,0.065163,0.251427
-0.153674,0.056357,0.245274
-0.155760,0.046219,0.237160
-0.156446,0.041125,0.231790
-0.157605,0.033139,0.226796
-0.167436,-0.165808,0.071121
-0.169459,-0.164207,0.067966
-0.169376,-0.165399,0.070339
-0.172899,-0.165458,0.070292
-0.171972,-0.163376,0.071737
-0.173944,-0.163383,0.073943
-0.173208,-0.163538,0.072487
-0.174460,-0.161957,0.071176
-0.174574,-0.162853,0.071006
-0.176628,-0.163688,0.073390
-0.179924,-0.163619,0.071913
-0.180136,-0.163942,0.071609
-0.180936,-0.164249,0.070261
-0.181940,-0.164388,0.067326
-0.183031,-0.167788,0.069761
-0.185164,-0.165033,0.070176
-0.186247,-0.164786,0.071178
-0.188480,-0.166836,0.068118
-0.189790,-0.164845,0.068945
-0.191157,-0.169156,0.068425
-0.192510,-0.168083,0.068590
-0.193315,-0.168542,0.068959
-0.193306,-0.169368,0.066034
-0.196157,-0.170282,0.065011
-0.196485,-0.170781,0.065364
-0.197626,-0.173010,0.062299
-0.200110,-0.177807,0.063223
-0.199861,-0.177767,0.058907
-0.201802,-0.181020,0.057328
-0.203205,-0.183299,0.055094
-0.204540,-0.186668,0.054755
-0.207959,-0.188231,0.052083
-0.207947,-0.192468,0.048945
0.130492,0.067009,0.258205
0.131143,0.069307,0.255880
0.130154,0.070293,0.258088
0.128171,0.069285,0.256937
0.126929,0.073665,0.258720
0.126081,0.073834,0.260138
0.123008,0.073755,0.260434
0.122453,0.075111,0.260630
0.120361,0.076393,0.261602
0.120710,0.075568,0.264407
0.120200,0.076706,0.262399
0.117611,0.077115,0.265636
0.117700,0.079135,0.263834
0.115722,0.079572,0.265674
0.114542,0.080841,0.266043
0.113093,0.081670,0.266144
0.111272,0.082235,0.267148
0.110371,0.083890,0.267778
0.107597,0.083879,0.268366
0.107845,0.085495,0.268546
0.106656,0.085572,0.268243
0.105433,0.086530,0.270762
0.103479,0.086717,0.271708
0.104030,0.088851,0.272096
0.102111,0.088733,0.271784
0.101966,0.090220,0.275044
0.100047,0.089961,0.274921
0.099854,0.091404,0.274121
0.097707,0.094294,0.274658
0.096534,0.094291,0.276846
0.094547,0.093082,0.275565
0.095722,0.094190,0.277726
0.094902,0.096739,0.276863
0.093646,0.097415,0.278134
0.090481,0.096597,0.278810
0.088890,0.099213,0.276204
0.088275,0.098884,0.279990
0.089555,0.100283,0.280172
0.089494,0.099057,0.279819
0.085823,0.101807,0.281894
0.083418,0.101553,0.282225
0.084087,0.102206,0.283024
0.083075,0.102105,0.280758
0.081527,0.104217,0.283704
0.081149,0.102752,0.284311
0.078329,0.105408,0.285112
0.077512,0.106663,0.285763
0.076349,0.106855,0.286445
0.075263,0.108030,0.286707
0.074187,0.106799,0.287469
0.071925,0.109187,0.287123
0.071776,0.110549,0.288880
0.071704,0.109097,0.287940
0.069421,0.109964,0.289486
0.066768,0.113581,0.290596
0.067196,0.112974,0.291688
0.064921,0.112909,0.292525
0.064661,0.113653,0.290333
0.061927,0.115667,0.292003
0.062195,0.114560,0.294101
0.063516,0.116108,0.293104
0.061246,0.117584,0.295118
0.058042,0.116514,0.296331
0.060539,0.119786,0.296203
0.057085,0.120595,0.294161
0.056199,0.119850,0.297755
0.053465,0.118396,0.297517
0.053997,0.121430,0.298414
0.052665,0.120334,0.297207
0.053588,0.120364,0.300234
0.050919,0.122446,0.299445
0.048165,0.122261,0.300535
0.048017,0.124991,0.301294
0.047535,0.124615,0.300768
0.046756,0.123553,0.301114
0.045862,0.125913,0.302247
0.044823,0.125992,0.302966
0.042912,0.126024,0.302154
0.042956,0.126532,0.301902
0.041998,0.126869,0.302956
0.040003,0.128048,0.301748
0.038109,0.127744,0.302420
0.038259,0.125483,0.303950
0.034335,0.126789,0.302662
0.036213,0.128085,0.305349
0.033271,0.129440,0.305821
0.032935,0.130077,0.304447
0.032131,0.130208,0.304589
0.030419,0.130286,0.305119
0.028827,0.130426,0.305513
0.029112,0.129602,0.306394
0.028074,0.128860,0.305934
0.026560,0.131595,0.305966
0.027024,0.130032,0.306033
0.025533,0.130961,0.304317
0.022587,0.129782,0.306832
0.024121,0.131200,0.305858
0.022106,0.133025,0.305792
0.020943,0.132553,0.307364
0.018457,0.131894,0.307665
0.017980,0.132298,0.308824
0.017522,0.132418,0.305824
0.016755,0.133439,0.307752
0.016305,0.133036,0.308985
0.014160,0.134320,0.307525
0.013387,0.134035,0.307606
0.011472,0.132767,0.308310
0.008979,0.135092,0.308942
0.009470,0.133439,0.308230
0.008050,0.133018,0.309065
0.008693,0.133879,0.309457
0.007728,0.133786,0.307657
0.004206,0.135548,0.308594
0.004909,0.135443,0.310415
0.003508,0.135324,0.309595
0.003359,0.135305,0.308891
0.000930,0.134781,0.309319
0.001508,0.134972,0.309689
0.000321,0.136353,0.308744
-0.002261,0.135386,0.308573
-0.002494,0.135535,0.310183
-0.002961,0.135389,0.311015
-0.003616,0.137078,0.312465
-0.004987,0.136026,0.307505
-0.007346,0.137291,0.309053
-0.006658,0.135688,0.310076
-0.009162,0.136984,0.310667
-0.009866,0.136667,0.309186
-0.011721,0.138230,0.311901
-0.013373,0.136359,0.309036
-0.013014,0.137060,0.310693
-0.014700,0.136300,0.309829
-0.015230,0.137485,0.307923
-0.016918,0.135440,0.311396
-0.015181,0.135349,0.311192
-0.017741,0.136071,0.310809
-0.019571,0.135757,0.311474
-0.020617,0.136552,0.307594
-0.022984,0.134882,0.309151
-0.022598,0.136146,0.308026
-0.021404,0.134208,0.310251
-0.023633,0.136872,0.308587
-0.026905,0.135249,0.309179
-0.025735,0.135701,0.309665
-0.026617,0.134193,0.310087
-0.027865,0.134323,0.309606
-0.030077,0.135800,0.308730
-0.032036,0.136579,0.307715
-0.031399,0.134115,0.306682
-0.032756,0.132951,0.307468
-0.033876,0.133323,0.308101
-0.034647,0.133247,0.306572
-0.035551,0.133690,0.307866
-0.036312,0.135006,0.307359
-0.037614,0.134044,0.307549
-0.038414,0.134514,0.307343
-0.041126,0.133103,0.307950
-0.040345,0.134007,0.307504
-0.042755,0.133147,0.308588
-0.044528,0.133891,0.306446
-0.044667,0.134057,0.307840
-0.045015,0.132473,0.306910
-0.046867,0.132722,0.307454
-0.047477,0.133651,0.307398
-0.048831,0.131936,0.307722
-0.049379,0.133399,0.306685
-0.050310,0.130960,0.309007
-0.050993,0.132259,0.307529
-0.052862,0.133919,0.306550
-0.053540,0.131797,0.305264
-0.055537,0.129181,0.306509
-0.054934,0.132950,0.308340
-0.055320,0.130942,0.305676
-0.058510,0.130548,0.305873
-0.059348,0.132510,0.308109
-0.058620,0.131870,0.304744
-0.061002,0.132094,0.306729
-0.061256,0.130354,0.304967
-0.062757,0.130774,0.305662
-0.063451,0.132163,0.304235
-0.065910,0.129923,0.306218
-0.065447,0.129757,0.304604
-0.068655,0.130246,0.306380
-0.067839,0.130515,0.305427
-0.069080,0.131354,0.304541
-0.069747,0.129372,0.303403
-0.070487,0.128471,0.305119
-0.072711,0.128238,0.303791
-0.073328,0.129422,0.304243
-0.074350,0.130057,0.303165
-0.077101,0.128676,0.306514
-0.075401,0.128708,0.304778
-0.075525,0.126726,0.301984
-0.077901,0.127685,0.304049
-0.079371,0.130585,0.302971
-0.081174,0.128247,0.302472
-0.080329,0.127588,0.302457
-0.083557,0.125933,0.304719
-0.085027,0.129663,0.304274
-0.084719,0.124852,0.301259
-0.083799,0.128927,0.302324
-0.085528,0.125729,0.301858
-0.086986,0.126265,0.303593
-0.088500,0.124893,0.300642
-0.090263,0.126399,0.301663
-0.089020,0.127868,0.299114
-0.091688,0.124221,0.301358
-0.092436,0.123895,0.301537
-0.094666,0.124814,0.300022
-0.095337,0.124753,0.298114
-0.098383,0.123981,0.300195
-0.096493,0.124741,0.300570
-0.098306,0.123833,0.299942
-0.098838,0.122769,0.296632
-0.098337,0.122722,0.298931
-0.102386,0.123574,0.299727
-0.101443,0.123904,0.299461
-0.104279,0.121060,0.298842
-0.105692,0.121414,0.299306
-0.106451,0.122274,0.297184
-0.107628,0.119937,0.295653
-0.107207,0.120241,0.298106
-0.109082,0.121222,0.297179
-0.109664,0.117164,0.296433
-0.112418,0.117832,0.293227
-0.110311,0.117027,0.296337
-0.115950,0.117365,0.292775
-0.114616,0.116937,0.293831
-0.113909,0.118920,0.296058
-0.115929,0.115794,0.294522
-0.119151,0.114851,0.292520
-0.117134,0.114449,0.292483
-0.119225,0.116242,0.292799
-0.120671,0.114755,0.291337
-0.122935,0.113609,0.291574
-0.122109,0.114637,0.292745
-0.123665,0.113509,0.289605
-0.125059,0.112767,0.289509
-0.124765,0.112696,0.291999
-0.126254,0.112426,0.290665
-0.128887,0.110517,0.288290
-0.128699,0.109502,0.289182
-0.128777,0.108236,0.288024
-0.130578,0.107739,0.288454
-0.131080,0.104765,0.284705
-0.132371,0.102505,0.285210
-0.134918,0.102409,0.282578
-0.136021,0.100334,0.283526
-0.136238,0.099133,0.278789
-0.138734,0.095987,0.278055
-0.137662,0.092457,0.275973
-0.138581,0.089356,0.273689
-0.140356,0.086826,0.271080
-0.142327,0.084419,0.269343
-0.143224,0.084063,0.266706
-0.144366,0.081585,0.269057
-0.145135,0.078989,0.264967
-0.146873,0.077323,0.261488
-0.149275,0.073389,0.258289
-0.148134,0.070224,0.258370
-0.149900,0.067154,0.253960
-0.150520,0.065487,0.255189
-0.152264,0.061722,0.251901
-0.154398,0.054343,0.246047
-0.156069,0.047271,0.239214
-0.156897,0.038761,0.232537
-0.158812,0.034138,0.227700
-0.160635,0.023887,0.221105
-0.167226,-0.161081,0.075904
-0.171089,-0.162071,0.076823
-0.171760,-0.161415,0.075228
-0.170203,-0.158871,0.077040
-0.172464,-0.159402,0.077858
-0.171541,-0.157193,0.078122
-0.175699,-0.158459,0.077670
-0.177332,-0.157694,0.077105
-0.177230,-0.158414,0.074474
-0.178987,-0.159290,0.078076
-0.178527,-0.159127,0.075242
-0.180911,-0.159608,0.074992
-0.183471,-0.159570,0.074645
-0.184190,-0.161459,0.075806
-0.185565,-0.160735,0.074459
-0.186644,-0.160768,0.074331
-0.186770,-0.160519,0.075150
-0.187991,-0.160033,0.073337
-0.189956,-0.163168,0.074652
-0.192048,-0.161384,0.073958
-0.193247,-0.165336,0.074333
-0.193356,-0.165430,0.070879
-0.196461,-0.165331,0.069974
-0.195502,-0.166906,0.068461
-0.196834,-0.168077,0.068913
-0.196998,-0.170424,0.067996
-0.200906,-0.174624,0.066154
-0.202897,-0.173463,0.064968
-0.204403,-0.176850,0.061508
-0.205511,-0.179165,0.063193
-0.205310,-0.179618,0.060071
-0.208286,-0.182801,0.057010
-0.209071,-0.186118,0.055472
-0.212775,-0.187038,0.052655
-0.212549,-0.192351,0.049565
-0.213236,-0.196018,0.046000
0.130771,0.066102,0.256736
0.129125,0.068113,0.258619
0.126903,0.066957,0.255721
0.126867,0.068919,0.257754
0.127130,0.069724,0.257592
0.123387,0.071818,0.261139
0.121548,0.073180,0.262583
0.121476,0.074755,0.263589
0.118308,0.076425,0.262144
0.118822,0.077528,0.263610
0.116472,0.075448,0.265557
0.118135,0.077683,0.266147
0.116357,0.078322,0.264733
0.115028,0.077342,0.266025
0.111022,0.079154,0.265271
0.111669,0.080550,0.267975
0.109164,0.080951,0.268234
0.108829,0.082279,0.270876
0.109048,0.082410,0.268890
0.108515,0.085436,0.269603
0.106519,0.084260,0.271036
0.105121,0.084130,0.271365
0.103759,0.087028,0.270987
0.101585,0.086628,0.271253
0.101923,0.088341,0.272773
0.099861,0.088785,0.274429
0.099231,0.091350,0.273426
0.097536,0.091549,0.276461
0.096829,0.091959,0.274537
0.096534,0.092007,0.277573
0.095155,0.093327,0.276554
0.092878,0.093192,0.279019
0.092398,0.095523,0.278585
0.091348,0.094468,0.279859
0.090899,0.095351,0.279956
0.089963,0.097241,0.282803
0.087569,0.096716,0.281422
0.085637,0.096710,0.282104
0.086225,0.098914,0.279654
0.084944,0.100527,0.282587
0.083937,0.100135,0.283613
0.082862,0.102061,0.284418
0.081310,0.100114,0.284789
0.081269,0.101825,0.283959
0.078477,0.104938,0.284611
0.077122,0.104917,0.286781
0.075553,0.105061,0.286784
0.075193,0.105054,0.287570
0.073361,0.105108,0.286160
0.071922,0.106610,0.289134
0.072749,0.108308,0.290050
0.071565,0.106818,0.288904
0.067039,0.109909,0.290737
0.069415,0.109426,0.286452
0.066059,0.111492,0.290539
0.067006,0.111348,0.292817
0.062997,0.111830,0.291150
0.064539,0.114381,0.292787
0.062809,0.113973,0.292507
0.061024,0.114142,0.294121
0.060884,0.115579,0.294586
0.058387,0.114302,0.293923
0.060255,0.115909,0.296163
0.056585,0.117009,0.295310
0.057870,0.117521,0.296472
0.054975,0.118882,0.298366
0.055359,0.119936,0.296870
0.052243,0.116994,0.297218
0.051471,0.119365,0.299966
0.050335,0.120720,0.298948
0.051351,0.121002,0.300720
0.049076,0.120343,0.300653
0.048250,0.120843,0.298910
0.046592,0.122670,0.299624
0.047191,0.122605,0.300997
0.043512,0.123507,0.301928
0.042268,0.125508,0.300476
0.041206,0.125392,0.301506
0.039230,0.126149,0.303210
0.041098,0.125978,0.304699
0.039279,0.125161,0.303748
0.035624,0.123751,0.302615
0.036865,0.126196,0.301124
0.034449,0.126396,0.305407
0.035116,0.127558,0.305464
0.034955,0.128621,0.303428
0.033135,0.128257,0.304836
0.031565,0.128698,0.306291
0.030388,0.128955,0.305989
0.029168,0.129436,0.306716
0.027851,0.127449,0.307143
0.026565,0.129770,0.304606
0.027697,0.129764,0.304423
0.024969,0.128600,0.305627
0.023566,0.131454,0.306141
0.022773,0.130504,0.305432
0.019796,0.129805,0.306900
0.022198,0.129302,0.306408
0.018951,0.131462,0.305405
0.018841,0.131127,0.305167
0.016326,0.130751,0.306491
0.017409,0.129452,0.305988
0.014616,0.130538,0.307787
0.015142,0.131279,0.308609
0.014125,0.130429,0.308073
0.012793,0.132254,0.307501
0.011258,0.129958,0.307142
0.010898,0.134816,0.307533
0.009012,0.132086,0.308376
0.008496,0.134753,0.308845
0.005301,0.134253,0.309482
0.004793,0.135072,0.308528
0.005294,0.132441,0.309457
0.004623,0.134004,0.309987
0.002965,0.134278,0.309178
0.002474,0.134292,0.311809
-0.001039,0.134363,0.309115
-0.001905,0.136101,0.311095
-0.001206,0.135886,0.309859
-0.003362,0.135895,0.310148
-0.002723,0.133304,0.311233
-0.004273,0.134280,0.309602
-0.004929,0.135307,0.310299
-0.007273,0.135177,0.309833
-0.008010,0.135177,0.310061
-0.009762,0.135002,0.309283
-0.009995,0.133664,0.309965
-0.012180,0.135931,0.310892
-0.012556,0.134936,0.310386
-0.013559,0.135107,0.312739
-0.015074,0.135667,0.308812
-0.014674,0.135526,0.310913
-0.015039,0.134126,0.310781
-0.017056,0.136495,0.311970
-0.019085,0.134902,0.308490
-0.019210,0.136221,0.309590
-0.021190,0.134980,0.310589
-0.020619,0.135589,0.308602
-0.022206,0.132313,0.309549
-0.023435,0.132690,0.308455
-0.025409,0.134443,0.309753
-0.024806,0.136053,0.310200
-0.025755,0.133004,0.310017
-0.028047,0.132478,0.308764
-0.028914,0.133625,0.308493
-0.028099,0.134630,0.310067
-0.030347,0.132574,0.306680
-0.030113,0.136182,0.308061
-0.032319,0.132850,0.310229
-0.032666,0.132820,0.309005
-0.033782,0.133494,0.308347
-0.033613,0.133575,0.307443
-0.035817,0.131931,0.306976
-0.039292,0.133385,0.308022
-0.039355,0.132906,0.307820
-0.039139,0.134490,0.310628
-0.040844,0.130418,0.307118
-0.041178,0.130914,0.305653
-0.042406,0.132700,0.306925
-0.046141,0.131662,0.308502
-0.042516,0.132372,0.308316
-0.047631,0.131733,0.306857
-0.047793,0.132681,0.308740
-0.048229,0.131491,0.307718
-0.047454,0.131169,0.308506
-0.047668,0.132958,0.308748
-0.051044,0.131432,0.306364
-0.052461,0.132188,0.304839
-0.054556,0.128188,0.306424
-0.056387,0.130033,0.307377
-0.054407,0.131372,0.308996
-0.056062,0.129425,0.305966
-0.057618,0.129251,0.307723
-0.058635,0.130110,0.307299
-0.057505,0.131738,0.306294
-0.060237,0.128580,0.306371
-0.061561,0.129711,0.305877
-0.064066,0.128539,0.307963
-0.063876,0.128746,0.306168
-0.064285,0.128389,0.305789
-0.065267,0.129338,0.306929
-0.069022,0.128890,0.303421
-0.069703,0.128922,0.304539
-0.069846,0.128562,0.303738
-0.072095,0.128335,0.303387
-0.070328,0.128727,0.305582
-0.072250,0.127583,0.305407
-0.073853,0.126897,0.304068
-0.072701,0.126191,0.305986
-0.075287,0.127351,0.304030
-0.075921,0.126544,0.305153
-0.075983,0.126876,0.303710
-0.078640,0.126423,0.303898
-0.080014,0.124849,0.306309
-0.081057,0.127728,0.302518
-0.080708,0.125796,0.303857
-0.083249,0.125851,0.302105
-0.084417,0.125987,0.305124
-0.083250,0.124892,0.301558
-0.086330,0.124941,0.301392
-0.085707,0.125460,0.302536
-0.088470,0.124399,0.303126
-0.090296,0.126569,0.302900
-0.090180,0.124544,0.302288
-0.092369,0.124026,0.301601
-0.090975,0.123376,0.301332
-0.093315,0.121798,0.301701
-0.093468,0.122707,0.300896
-0.093097,0.123204,0.300353
-0.095655,0.123229,0.302036
-0.096132,0.122178,0.300530
-0.100146,0.123493,0.299662
-0.099939,0.120020,0.299292
-0.100596,0.118974,0.299781
-0.100891,0.120581,0.300283
-0.103206,0.122262,0.298096
-0.103713,0.121603,0.299937
-0.105321,0.121653,0.298902
-0.105407,0.120630,0.298519
-0.107574,0.120191,0.299482
-0.108613,0.117031,0.298869
-0.106578,0.117881,0.295834
-0.110465,0.118554,0.297346
-0.113122,0.116700,0.297957
-0.111518,0.116342,0.295533
-0.113124,0.116420,0.294857
-0.113692,0.112596,0.294408
-0.114576,0.116339,0.293725
-0.116083,0.115196,0.293348
-0.114165,0.115551,0.294392
-0.118435,0.113510,0.293880
-0.120068,0.112169,0.293301
-0.121248,0.112602,0.293170
-0.121546,0.111901,0.292557
-0.120290,0.114081,0.292204
-0.122716,0.114154,0.292541
-0.126293,0.112523,0.291296
-0.125853,0.110282,0.290990
-0.125288,0.107629,0.291306
-0.126775,0.109935,0.289241
-0.129803,0.107737,0.289555
-0.129543,0.107342,0.286269
-0.133106,0.104536,0.287299
-0.131371,0.104705,0.284587
-0.133198,0.102854,0.286220
-0.133076,0.098519,0.282186
-0.133919,0.098377,0.282605
-0.137569,0.095503,0.281322
-0.138737,0.095098,0.279139
-0.139761,0.089918,0.275740
-0.140707,0.090141,0.274234
-0.143478,0.087924,0.273618
-0.143227,0.085308,0.270488
-0.143736,0.083662,0.268212
-0.143616,0.078737,0.267741
-0.147657,0.078313,0.266911
-0.146728,0.076485,0.266032
-0.149684,0.072800,0.260896
-0.148630,0.068492,0.259066
-0.150864,0.065798,0.258119
-0.152140,0.064326,0.254625
-0.152328,0.060133,0.251934
-0.155010,0.054380,0.244971
-0.155732,0.045098,0.239358
-0.155352,0.039585,0.235054
-0.157201,0.034798,0.230287
-0.158780,0.023031,0.221407
-0.168823,-0.157263,0.080505
-0.168370,-0.153133,0.080912
-0.170712,-0.155469,0.082601
-0.172530,-0.154579,0.081562
-0.172645,-0.155120,0.082888
-0.174560,-0.155434,0.080646
-0.175383,-0.154625,0.082880
-0.176156,-0.153552,0.081325
-0.178885,-0.156032,0.081122
-0.177635,-0.155622,0.079667
-0.179753,-0.155158,0.080970
-0.182945,-0.153704,0.081850
-0.181503,-0.154739,0.083183
-0.182179,-0.155243,0.081321
-0.183441,-0.156789,0.080743
-0.186095,-0.157922,0.078856
-0.187386,-0.156104,0.081742
-0.188801,-0.159784,0.080726
-0.190491,-0.159099,0.077223
-0.191250,-0.161368,0.079263
-0.192548,-0.159370,0.077017
-0.191974,-0.163487,0.075778
-0.195402,-0.163998,0.076089
-0.195753,-0.163347,0.074706
-0.197781,-0.163569,0.073148
-0.198250,-0.167073,0.073010
-0.198015,-0.169987,0.072036
-0.200597,-0.168396,0.071423
-0.201619,-0.172191,0.069354
-0.202791,-0.174281,0.068953
-0.204023,-0.173235,0.065106
-0.205846,-0.177075,0.063378
-0.208183,-0.180565,0.063191
-0.209605,-0.181228,0.059012
-0.211046,-0.183814,0.058064
-0.212360,-0.185671,0.057148
-0.213524,-0.189126,0.053883
-0.215975,-0.192914,0.052794
0.129315,0.063232,0.254181
0.130933,0.066529,0.256769
0.127663,0.065539,0.256997
0.126490,0.065716,0.258205
0.123555,0.066865,0.258033
0.124524,0.069123,0.260809
0.122134,0.071137,0.261473
0.119958,0.071970,0.264822
0.120250,0.072919,0.263493
0.118099,0.074968,0.264026
0.116016,0.076660,0.262614
0.115876,0.076269,0.264147
0.115357,0.076339,0.265591
0.112930,0.074403,0.265980
0.112638,0.078844,0.266582
0.110718,0.076884,0.266275
0.110155,0.081710,0.268913
0.109130,0.081115,0.269386
0.107285,0.082835,0.269142
0.105471,0.083042,0.269675
0.105529,0.082331,0.270870
0.104247,0.083498,0.272002
0.102197,0.085283,0.273388
0.101085,0.086641,0.272551
0.102666,0.086931,0.272575
0.100080,0.087062,0.275457
0.096956,0.090148,0.277008
0.097752,0.089415,0.278473
0.096675,0.091208,0.277143
0.094764,0.090032,0.276071
0.092867,0.089975,0.278526
0.092489,0.091264,0.277342
0.092447,0.094854,0.279134
0.090217,0.093963,0.278782
0.088368,0.094372,0.279897
0.085799,0.094467,0.282299
0.086176,0.096472,0.281074
0.086368,0.096859,0.281459
0.084774,0.097122,0.281726
0.084109,0.098720,0.284689
0.083040,0.100439,0.284338
0.082862,0.098908,0.284075
0.079216,0.099053,0.284051
0.080001,0.101384,0.286061
0.076686,0.101666,0.286095
0.076844,0.100819,0.286770
0.074681,0.103345,0.287202
0.075492,0.101322,0.288091
0.071000,0.104948,0.289647
0.073564,0.105216,0.290049
0.073523,0.105810,0.289044
0.068957,0.109115,0.289045
0.068748,0.107285,0.291338
0.067172,0.109043,0.289237
0.068057,0.109667,0.291926
0.065068,0.109821,0.291202
0.062893,0.109412,0.293422
0.064489,0.110787,0.293931
0.063053,0.113964,0.295162
0.062543,0.113191,0.295805
0.060121,0.113453,0.294775
0.059920,0.112031,0.294704
0.056436,0.114917,0.294047
0.055592,0.115811,0.299087
0.055687,0.115143,0.296343
0.053840,0.116332,0.296992
0.052489,0.117310,0.299797
0.051901,0.118648,0.298087
0.051656,0.119383,0.298287
0.049410,0.119173,0.299210
0.048605,0.119782,0.298976
0.048355,0.119520,0.300413
0.044548,0.121356,0.300244
0.045522,0.122457,0.301677
0.044232,0.123380,0.301454
0.043586,0.122619,0.301939
0.041502,0.123706,0.304270
0.040609,0.123588,0.302325
0.039259,0.124493,0.301896
0.038112,0.122974,0.305789
0.036255,0.124088,0.304186
0.035809,0.124031,0.304598
0.034064,0.124801,0.304911
0.036181,0.125374,0.305064
0.032952,0.124876,0.307077
0.031614,0.125467,0.305930
0.031843,0.127234,0.306169
0.031652,0.129707,0.305045
0.028378,0.127997,0.306041
0.027330,0.127352,0.307468
0.027255,0.127348,0.306078
0.025892,0.128311,0.306521
0.024970,0.129390,0.306389
0.023383,0.128754,0.305564
0.022080,0.126639,0.306012
0.022217,0.129518,0.307577
0.021045,0.128313,0.307059
0.019191,0.129162,0.308897
0.018579,0.130978,0.306512
0.017407,0.130721,0.305611
0.017403,0.128628,0.306376
0.015273,0.129109,0.309501
0.013923,0.128283,0.307119
0.013208,0.129550,0.307252
0.012393,0.130354,0.308010
0.010172,0.129081,0.308924
0.008248,0.129324,0.307729
0.007346,0.129612,0.308384
0.007100,0.131164,0.307636
0.005988,0.130782,0.309498
0.005250,0.130924,0.307970
0.004799,0.131165,0.310544
0.002846,0.132716,0.308887
0.002870,0.132450,0.308923
0.004208,0.131994,0.308455
-0.000332,0.131250,0.310815
-0.000428,0.132886,0.310419
-0.003530,0.133713,0.309296
-0.001070,0.133221,0.311480
-0.002715,0.131630,0.309537
-0.004391,0.134547,0.310285
-0.005599,0.131204,0.310335
-0.006054,0.133375,0.310232
-0.007319,0.132926,0.310568
-0.009203,0.132612,0.310108
-0.008148,0.133496,0.311066
-0.011576,0.131720,0.312022
-0.011296,0.134349,0.311972
-0.013249,0.132845,0.310802
-0.013539,0.133499,0.310422
-0.013095,0.133537,0.310313
-0.016036,0.133787,0.310593
-0.016758,0.133769,0.310774
-0.016781,0.133062,0.310197
-0.019740,0.133412,0.310910
-0.020965,0.132895,0.309410
-0.022424,0.133531,0.311018
-0.020923,0.131802,0.310218
-0.020170,0.134403,0.309241
-0.025327,0.132994,0.311602
-0.025125,0.132041,0.310301
-0.027602,0.133388,0.310118
-0.026275,0.131668,0.310243
-0.028985,0.131960,0.311848
-0.030952,0.131175,0.310464
-0.031719,0.131979,0.310122
-0.030492,0.132656,0.308890
-0.031298,0.132054,0.307688
-0.031552,0.130691,0.309966
-0.035228,0.133129,0.308285
-0.036093,0.131168,0.309423
-0.037961,0.130868,0.308798
-0.037073,0.131050,0.308273
-0.039439,0.129661,0.307593
-0.038688,0.130774,0.307240
-0.040203,0.130890,0.307937
-0.042660,0.129650,0.308143
-0.043564,0.132109,0.308039
-0.045866,0.130374,0.308540
-0.044861,0.128713,0.309470
-0.045854,0.128804,0.309044
-0.047414,0.130513,0.308868
-0.048755,0.130654,0.308402
-0.049210,0.131179,0.306228
-0.051423,0.130739,0.306637
-0.051617,0.128729,0.308369
-0.052437,0.128375,0.305978
-0.053786,0.130355,0.305518
-0.055722,0.129995,0.307381
-0.055288,0.130046,0.307190
-0.057495,0.129621,0.307506
-0.057190,0.129644,0.303892
-0.057127,0.130714,0.305565
-0.060989,0.127519,0.306587
-0.060938,0.127833,0.307105
-0.062117,0.128485,0.307469
-0.061862,0.128363,0.305014
-0.063470,0.127811,0.306686
-0.065659,0.127719,0.306876
-0.065957,0.125312,0.305596
-0.065150,0.126476,0.305539
-0.068529,0.127839,0.306705
-0.068388,0.126723,0.305790
-0.070030,0.126692,0.305459
-0.070242,0.129286,0.304450
-0.072892,0.125473,0.305042
-0.073626,0.126911,0.305001
-0.073728,0.127193,0.303353
-0.073770,0.127245,0.304545
-0.075656,0.126869,0.304075
-0.076976,0.124699,0.304394
-0.078888,0.123839,0.302832
-0.079984,0.126452,0.303551
-0.081116,0.124669,0.303976
-0.081929,0.124833,0.302684
-0.084950,0.125463,0.305625
-0.084143,0.125761,0.303890
-0.084386,0.123872,0.302605
-0.087760,0.125082,0.303964
-0.087631,0.122444,0.302318
-0.088546,0.122746,0.303501
-0.089078,0.122894,0.302834
-0.091096,0.122276,0.303631
-0.091291,0.122628,0.300444
-0.093026,0.121827,0.301608
-0.093504,0.122000,0.302021
-0.092678,0.120704,0.299758
-0.096614,0.122640,0.301024
-0.094866,0.120071,0.299898
-0.096688,0.120227,0.301126
-0.097271,0.122198,0.299230
-0.101413,0.120661,0.301350
-0.100815,0.119002,0.299131
-0.101374,0.118470,0.299072
-0.102976,0.120471,0.299700
-0.104732,0.118164,0.299331
-0.103771,0.117585,0.297252
-0.104692,0.117456,0.298237
-0.107292,0.114957,0.297425
-0.107163,0.116394,0.297607
-0.109451,0.117588,0.298319
-0.109930,0.115111,0.297452
-0.111258,0.114304,0.295406
-0.112227,0.115761,0.297750
-0.113628,0.114653,0.295411
-0.113817,0.115469,0.296098
-0.115081,0.115082,0.295666
-0.115610,0.111974,0.294240
-0.117687,0.113894,0.293207
-0.119168,0.110897,0.295204
-0.118762,0.113838,0.291606
-0.118715,0.111721,0.292239
-0.120537,0.111548,0.293089
-0.120687,0.110364,0.292352
-0.123448,0.110944,0.291816
-0.123808,0.109972,0.293821
-0.124648,0.108617,0.291719
-0.127404,0.109796,0.291431
-0.127417,0.107641,0.288222
-0.128977,0.105959,0.290596
-0.128037,0.106957,0.286639
-0.131087,0.105296,0.289065
-0.131696,0.102150,0.287253
-0.133664,0.102809,0.283630
-0.133481,0.099865,0.284390
-0.132355,0.097154,0.281532
-0.135158,0.096905,0.280524
-0.137723,0.091833,0.277847
-0.138315,0.090036,0.277164
-0.140288,0.088334,0.277180
-0.142256,0.084243,0.273601
-0.141688,0.085897,0.271420
-0.143892,0.081622,0.269264
-0.143609,0.078295,0.270430
-0.144986,0.079023,0.266546
-0.145714,0.076340,0.263660
-0.147264,0.071347,0.261162
-0.147078,0.069721,0.260855
-0.149749,0.068010,0.257721
-0.150906,0.062847,0.256605
-0.153598,0.059573,0.251978
-0.155524,0.051179,0.246115
-0.155184,0.045589,0.241920
-0.157616,0.037479,0.235229
-0.157461,0.032398,0.230479
-0.159712,0.022974,0.223095
-0.166484,-0.152457,0.085898
-0.168072,-0.152849,0.086050
-0.168880,-0.150497,0.086115
-0.171201,-0.151061,0.084430
-0.171708,-0.150950,0.084270
-0.174892,-0.152575,0.084612
-0.172692,-0.150955,0.086646
-0.175437,-0.151864,0.085721
-0.176538,-0.154546,0.085569
-0.177961,-0.153182,0.086530
-0.177655,-0.151435,0.082456
-0.180837,-0.152300,0.084939
-0.183220,-0.151971,0.084739
-0.183004,-0.151834,0.086008
-0.185201,-0.153844,0.083825
-0.186308,-0.153048,0.084464
-0.186253,-0.153271,0.085747
-0.188671,-0.153304,0.084515
-0.189939,-0.154737,0.084924
-0.191902,-0.154410,0.082595
-0.192026,-0.156203,0.083000
-0.191723,-0.156636,0.081099
-0.194319,-0.158657,0.080954
-0.196551,-0.158507,0.079627
-0.196415,-0.160313,0.079833
-0.199217,-0.159399,0.079192
-0.199203,-0.161582,0.076787
-0.201969,-0.164411,0.076321
-0.201502,-0.166103,0.074969
-0.202597,-0.167518,0.073279
-0.203272,-0.166703,0.072664
-0.207070,-0.170669,0.070649
-0.205283,-0.172181,0.071261
-0.208613,-0.174362,0.068976
-0.210280,-0.176987,0.065097
-0.211602,-0.179911,0.063016
-0.212290,-0.180957,0.061851
-0.213320,-0.183627,0.061336
-0.216108,-0.186043,0.057887
-0.217366,-0.188183,0.055659
-0.217366,-0.193365,0.053759
0.127919,0.062937,0.257120
0.126595,0.061958,0.256976
0.123976,0.063561,0.257495
0.123109,0.065916,0.258671
0.122712,0.068191,0.258673
0.119962,0.068402,0.262941
0.119970,0.070949,0.261886
0.119185,0.073562,0.265638
0.116136,0.074157,0.265068
0.116175,0.072916,0.265646
0.114488,0.073701,0.265399
0.115238,0.075626,0.266983
0.112454,0.076016,0.266545
0.111275,0.075516,0.266601
0.108249,0.077738,0.269353
0.109685,0.078688,0.269909
0.107310,0.080247,0.270115
0.108022,0.080708,0.270603
0.104957,0.082808,0.271245
0.104343,0.082678,0.270943
0.102351,0.083506,0.271469
0.103833,0.084642,0.273502
0.101209,0.085321,0.276052
0.097998,0.085920,0.275594
0.098574,0.087009,0.275390
0.096617,0.088158,0.276844
0.095341,0.089716,0.277025
0.094649,0.089744,0.275616
0.093236,0.090100,0.279560
0.091456,0.091044,0.278581
0.090944,0.092698,0.279303
0.090786,0.092024,0.277952
0.089058,0.095149,0.281443
0.086508,0.093147,0.279624
0.086881,0.094047,0.280498
0.086783,0.093955,0.281982
0.083944,0.096974,0.281009
0.084803,0.096855,0.283165
0.083385,0.097112,0.283275
0.082307,0.096324,0.283271
0.080003,0.098433,0.283202
0.077994,0.098468,0.284354
0.078699,0.100886,0.285252
0.075897,0.100747,0.285367
0.076268,0.100838,0.285941
0.073956,0.102696,0.288153
0.073743,0.100986,0.287652
0.072051,0.104673,0.287977
0.070077,0.102307,0.287458
0.069344,0.106533,0.289784
0.069143,0.105166,0.290006
0.067121,0.107754,0.290908
0.064945,0.108748,0.292446
0.065104,0.107010,0.291734
0.062253,0.108272,0.293014
0.063199,0.108614,0.292357
0.062114,0.109873,0.295440
0.061285,0.109743,0.295893
0.061125,0.111506,0.293809
0.059327,0.112005,0.294788
0.057622,0.113551,0.295287
0.055478,0.113113,0.296344
0.055913,0.113767,0.297200
0.053577,0.113930,0.296414
0.052129,0.115498,0.299665
0.050000,0.116046,0.299650
0.052083,0.118299,0.298571
0.047834,0.118679,0.301314
0.046974,0.118809,0.298820
0.047468,0.117975,0.299824
0.046494,0.119691,0.299848
0.046267,0.118882,0.301821
0.044827,0.121312,0.301852
0.043339,0.120881,0.303956
0.042935,0.121919,0.302724
0.042228,0.122622,0.304626
0.037908,0.122915,0.304755
0.038202,0.121535,0.302939
0.038231,0.121268,0.304386
0.036037,0.124146,0.305646
0.035840,0.123349,0.304413
0.035949,0.124354,0.304564
0.034010,0.123432,0.305519
0.031287,0.124656,0.306311
0.032209,0.126526,0.305064
0.030939,0.125857,0.304981
0.029510,0.126000,0.306568
0.027402,0.128658,0.305381
0.027186,0.126404,0.308281
0.026893,0.125622,0.306821
0.025893,0.126221,0.306018
0.023136,0.126573,0.306111
0.023616,0.127481,0.306796
0.021712,0.126285,0.305927
0.020510,0.126785,0.307703
0.021300,0.127533,0.307135
0.019474,0.129361,0.307511
0.018633,0.128345,0.309313
0.016638,0.127769,0.307875
0.013774,0.127800,0.309655
0.012704,0.128400,0.306813
0.012765,0.128354,0.308006
0.011797,0.128699,0.309533
0.010743,0.128478,0.308933
0.009660,0.130450,0.308454
0.010448,0.128524,0.308588
0.006690,0.129486,0.308903
0.007338,0.130945,0.310954
0.005730,0.131669,0.308690
0.004322,0.129802,0.307782
0.003496,0.130543,0.310173
0.004596,0.133138,0.309164
0.002406,0.132629,0.309330
0.000478,0.131153,0.312496
-0.000367,0.131490,0.309720
-0.000904,0.132888,0.310069
-0.003093,0.131760,0.311041
-0.003540,0.131521,0.310470
-0.004964,0.131151,0.310289
-0.004912,0.133438,0.311735
-0.006820,0.130443,0.311375
-0.007948,0.131432,0.312704
-0.010482,0.132297,0.310929
-0.009633,0.132006,0.308585
-0.012204,0.133155,0.311526
-0.011665,0.133718,0.310267
-0.012837,0.133025,0.311647
-0.013162,0.133198,0.311624
-0.013865,0.129798,0.312390
-0.015131,0.130502,0.310709
-0.017616,0.133289,0.310590
-0.019088,0.131626,0.309600
-0.016847,0.132131,0.310207
-0.021375,0.132799,0.312049
-0.021151,0.132773,0.310251
-0.019990,0.130836,0.310477
-0.023082,0.132718,0.311368
-0.024390,0.131915,0.310078
-0.023983,0.130365,0.308646
-0.026339,0.130073,0.311001
-0.025672,0.131054,0.310000
-0.028748,0.131911,0.310186
-0.028511,0.130825,0.311543
-0.029827,0.129452,0.310477
-0.031243,0.129743,0.310581
-0.031901,0.129774,0.310462
-0.033815,0.130752,0.311648
-0.034872,0.130967,0.311123
-0.037446,0.130052,0.308169
-0.037440,0.131525,0.309261
-0.036715,0.129224,0.310076
-0.037798,0.129194,0.308688
-0.039058,0.127999,0.309180
-0.041120,0.130099,0.309522
-0.042007,0.129867,0.309232
-0.044377,0.129231,0.308247
-0.042628,0.129668,0.308179
-0.044370,0.130396,0.309483
-0.045472,0.129158,0.308934
-0.048473,0.127867,0.309075
-0.047505,0.129958,0.307823
-0.048839,0.128346,0.309767
-0.050315,0.128942,0.307630
-0.053414,0.129435,0.307115
-0.053028,0.128963,0.308378
-0.053084,0.127065,0.308054
-0.054682,0.128958,0.307086
-0.056045,0.126514,0.308147
-0.057047,0.127312,0.308556
-0.057675,0.126784,0.305815
-0.058183,0.127109,0.305095
-0.059340,0.126963,0.307664
-0.061613,0.126664,0.306698
-0.062374,0.126777,0.305585
-0.061246,0.124872,0.305937
-0.065114,0.126344,0.305312
-0.063969,0.124414,0.305964
-0.063807,0.125494,0.308446
-0.065783,0.126690,0.304334
-0.067796,0.126929,0.305654
-0.070969,0.126336,0.303198
-0.068814,0.125185,0.305270
-0.072089,0.123469,0.305096
-0.071859,0.125375,0.306387
-0.073325,0.123318,0.305818
-0.072306,0.123478,0.304248
-0.073739,0.125256,0.305462
-0.076120,0.124801,0.303335
-0.078002,0.123667,0.304235
-0.079359,0.123624,0.305195
-0.080269,0.125832,0.303697
-0.080378,0.123017,0.305637
-0.080305,0.123213,0.304697
-0.084702,0.122054,0.304453
-0.084262,0.122153,0.303537
-0.085033,0.122730,0.303658
-0.084737,0.122240,0.304557
-0.085344,0.122705,0.302832
-0.087811,0.120206,0.303492
-0.089003,0.122415,0.302926
-0.090057,0.119759,0.302441
-0.090938,0.120271,0.302123
-0.091641,0.121520,0.302672
-0.093212,0.120715,0.301798
-0.094802,0.119296,0.300569
-0.095321,0.118288,0.299832
-0.096632,0.119162,0.302012
-0.097672,0.119577,0.299960
-0.098191,0.118647,0.299823
-0.098726,0.117501,0.299085
-0.100361,0.117993,0.299666
-0.100581,0.117676,0.298236
-0.103592,0.118068,0.298675
-0.103688,0.116999,0.297900
-0.103688,0.117933,0.300135
-0.104920,0.116040,0.299163
-0.108819,0.115182,0.299456
-0.105833,0.114808,0.298174
-0.109092,0.114403,0.299087
-0.110256,0.115256,0.298999
-0.110850,0.115186,0.295685
-0.113173,0.114462,0.296445
-0.112680,0.111214,0.295418
-0.115342,0.113524,0.295687
-0.116147,0.114319,0.293843
-0.115958,0.113894,0.294959
-0.116925,0.111472,0.293679
-0.119412,0.109925,0.295201
-0.119038,0.111318,0.292984
-0.122107,0.109589,0.294178
-0.123433,0.108885,0.294183
-0.122914,0.109041,0.292895
-0.123427,0.107086,0.291116
-0.125336,0.108304,0.293912
-0.127825,0.107459,0.293214
-0.127074,0.107384,0.291381
-0.128869,0.105398,0.289660
-0.128634,0.104397,0.289220
-0.129651,0.103354,0.289229
-0.131950,0.101535,0.288113
-0.131070,0.100855,0.287392
-0.133490,0.098795,0.284545
-0.135617,0.098927,0.283440
-0.135586,0.095301,0.283150
-0.136240,0.094898,0.282095
-0.136269,0.089910,0.280239
-0.138904,0.089610,0.277730
-0.140251,0.088692,0.276776
-0.141772,0.084458,0.275310
-0.143218,0.083046,0.272077
-0.143708,0.081065,0.268972
-0.144889,0.078211,0.268305
-0.146833,0.076910,0.268179
-0.147669,0.075394,0.265299
-0.148790,0.069949,0.264879
-0.149640,0.067030,0.260011
-0.151476,0.066114,0.257746
-0.152042,0.062378,0.255097
-0.153175,0.059089,0.252141
-0.154592,0.051070,0.245866
-0.157005,0.042904,0.242929
-0.157496,0.039041,0.237855
-0.157663,0.031327,0.233113
-0.160882,0.022344,0.225444
-0.167763,-0.148853,0.089912
-0.166711,-0.147987,0.088270
-0.170451,-0.148384,0.088701
-0.171282,-0.146728,0.091742
-0.171812,-0.149872,0.088804
-0.174139,-0.146818,0.090930
-0.173703,-0.147010,0.090615
-0.176533,-0.146866,0.088578
-0.177496,-0.148328,0.090779
-0.176488,-0.147484,0.089222
-0.177488,-0.148351,0.090596
-0.180268,-0.146805,0.090437
-0.184176,-0.148564,0.090351
-0.182440,-0.147057,0.090323
-0.185353,-0.150413,0.089187
-0.187181,-0.148550,0.087925
-0.185960,-0.149771,0.089847
-0.189273,-0.149034,0.086698
-0.190631,-0.151257,0.089204
-0.189740,-0.151259,0.088895
-0.191165,-0.150754,0.086236
-0.193338,-0.151831,0.084527
-0.193952,-0.152983,0.086279
-0.195227,-0.155884,0.086153
-0.197531,-0.156506,0.083642
-0.197280,-0.155769,0.083941
-0.199170,-0.159138,0.085226
-0.200362,-0.158508,0.081457
-0.203531,-0.160706,0.078786
-0.202927,-0.162175,0.079622
-0.204446,-0.166176,0.078818
-0.204166,-0.166787,0.074623
-0.208083,-0.168218,0.074149
-0.209758,-0.169721,0.073128
-0.211045,-0.170757,0.071327
-0.212474,-0.173393,0.070939
-0.212822,-0.174214,0.068181
-0.214700,-0.179027,0.069410
-0.214428,-0.181546,0.065614
-0.217053,-0.183184,0.061729
-0.217606,-0.184600,0.059100
-0.218940,-0.185991,0.058913
-0.221803,-0.190196,0.056516
-0.222302,-0.192980,0.055591
0.126094,0.059686,0.256803
0.126081,0.061969,0.256911
0.124078,0.061096,0.257121
0.121558,0.063055,0.260336
0.118928,0.065498,0.259501
0.120053,0.065909,0.261730
0.119371,0.069709,0.264190
0.117161,0.070572,0.264248
0.116059,0.072157,0.265213
0.113113,0.071944,0.265067
0.112629,0.072901,0.266511
0.111577,0.074186,0.267328
0.112846,0.074803,0.265963
0.109882,0.076922,0.268174
0.109548,0.077135,0.268341
0.109786,0.075789,0.268381
0.107128,0.078705,0.270167
0.105638,0.078800,0.271155
0.104525,0.081529,0.272353
0.102152,0.083387,0.271089
0.101353,0.081517,0.273689
0.100834,0.083783,0.274749
0.100205,0.083590,0.274500
0.098259,0.086352,0.274607
0.097804,0.085418,0.276727
0.097159,0.088213,0.275785
0.094842,0.087455,0.278591
0.092508,0.088854,0.278808
0.091546,0.089318,0.277541
0.092136,0.089384,0.280494
0.089838,0.090341,0.279377
0.089177,0.090601,0.279171
0.087995,0.091695,0.280575
0.085789,0.092212,0.281759
0.085538,0.091354,0.282959
0.084304,0.094088,0.283371
0.082341,0.096429,0.284210
0.082381,0.095374,0.284372
0.081380,0.097198,0.282674
0.079559,0.097062,0.285626
0.078152,0.097898,0.285453
0.076759,0.097205,0.284862
0.075424,0.097541,0.286427
0.075169,0.100593,0.287729
0.075140,0.101584,0.288088
0.072903,0.102686,0.288050
0.072134,0.101448,0.289021
0.070855,0.103348,0.289588
0.069317,0.103064,0.288731
0.067404,0.103938,0.290935
0.069009,0.104083,0.289455
0.066776,0.106444,0.292602
0.064345,0.107852,0.290267
0.065751,0.107796,0.292116
0.064637,0.106116,0.292830
0.060430,0.107776,0.294874
0.059083,0.109671,0.294089
0.060750,0.109427,0.295494
0.057938,0.110153,0.296196
0.056975,0.111648,0.296032
0.058029,0.112529,0.295931
0.056176,0.113712,0.298258
0.053918,0.113793,0.298945
0.052882,0.114924,0.298408
0.050184,0.112917,0.297681
0.051841,0.115971,0.298827
0.050189,0.115948,0.299398
0.049195,0.118466,0.298020
0.049754,0.117173,0.299805
0.045111,0.118837,0.301127
0.047255,0.117961,0.299531
0.043038,0.119164,0.301170
0.042948,0.118240,0.302315
0.044646,0.121884,0.303938
0.041359,0.119695,0.305565
0.038899,0.120442,0.303765
0.038116,0.120890,0.304492
0.037399,0.121217,0.304382
0.037182,0.124159,0.305337
0.035241,0.120948,0.305695
0.034239,0.122038,0.305836
0.034954,0.121493,0.304692
0.031800,0.121812,0.306661
0.031861,0.124991,0.304639
0.029525,0.123308,0.306675
0.029618,0.125693,0.307641
0.028029,0.123451,0.306989
0.026813,0.124720,0.305928
0.027377,0.125588,0.307393
0.025134,0.126297,0.305206
0.025033,0.125290,0.308795
0.022769,0.127167,0.307985
0.022178,0.124741,0.306954
0.020535,0.126987,0.306226
0.021409,0.126821,0.309030
0.019109,0.127020,0.306852
0.017120,0.125107,0.308549
0.014798,0.125304,0.306755
0.016505,0.126329,0.308136
0.014446,0.127718,0.308322
0.011914,0.125459,0.311734
0.012078,0.127056,0.308197
0.010527,0.127007,0.307974
0.010458,0.128401,0.310649
0.009066,0.127671,0.309927
0.008044,0.128683,0.308831
0.007338,0.128422,0.308880
0.005289,0.128127,0.309554
0.004592,0.129462,0.309942
0.002965,0.131357,0.310058
0.003820,0.129921,0.312181
0.002122,0.130363,0.312016
0.000549,0.130651,0.314326
-0.001127,0.128365,0.311614
-0.003191,0.131275,0.311541
-0.001555,0.128512,0.309913
-0.002072,0.130130,0.311044
-0.004772,0.131739,0.311506
-0.006003,0.130370,0.310415
-0.004981,0.130695,0.311841
-0.007809,0.130068,0.310917
-0.008579,0.131040,0.310811
-0.010529,0.130647,0.310459
-0.010880,0.130144,0.311803
-0.013361,0.129643,0.311296
-0.013592,0.129568,0.311102
-0.014363,0.132229,0.310574
-0.012913,0.128734,0.311801
-0.017475,0.129380,0.309708
-0.017660,0.130678,0.309523
-0.017820,0.131540,0.310765
-0.020356,0.129776,0.310903
-0.019837,0.130804,0.311036
-0.022012,0.130467,0.311468
-0.022876,0.130794,0.311344
-0.022284,0.131401,0.310922
-0.025788,0.130509,0.310727
-0.024462,0.128365,0.311316
-0.027662,0.129200,0.310502
-0.026596,0.129209,0.309485
-0.028138,0.128701,0.310133
-0.030127,0.128556,0.309718
-0.030478,0.130309,0.310359
-0.030035,0.129246,0.310657
-0.031555,0.130096,0.308383
-0.032473,0.128963,0.309624
-0.034566,0.128303,0.309267
-0.036265,0.129887,0.310835
-0.037172,0.128089,0.310547
-0.038234,0.128852,0.309880
-0.037756,0.129465,0.308781
-0.040247,0.128611,0.308605
-0.040575,0.128303,0.309860
-0.045097,0.128298,0.310049
-0.043465,0.128319,0.309433
-0.043363,0.127012,0.309221
-0.043568,0.129583,0.307733
-0.046134,0.127694,0.308295
-0.046265,0.128523,0.310296
-0.048474,0.127713,0.309969
-0.050039,0.126750,0.307316
-0.049410,0.127339,0.308533
-0.050558,0.126991,0.311560
-0.050727,0.126796,0.307960
-0.052079,0.125162,0.308662
-0.052971,0.127266,0.307584
-0.055963,0.127335,0.307108
-0.055862,0.124545,0.308501
-0.057248,0.126342,0.307379
-0.059655,0.125457,0.308101
-0.058370,0.125200,0.308260
-0.060693,0.123841,0.307536
-0.060517,0.125703,0.305447
-0.062241,0.124168,0.308575
-0.064041,0.126073,0.305636
-0.064352,0.125133,0.309282
-0.065300,0.123776,0.305717
-0.065849,0.124515,0.305083
-0.067792,0.123983,0.307817
-0.069159,0.123154,0.304120
-0.069398,0.124784,0.305923
-0.072508,0.124250,0.304127
-0.071433,0.122925,0.306199
-0.073462,0.122723,0.304603
-0.074615,0.124501,0.306224
-0.074539,0.122691,0.305330
-0.076766,0.120923,0.306154
-0.077267,0.123628,0.305951
-0.078461,0.123628,0.304481
-0.079831,0.123242,0.305874
-0.081800,0.121602,0.306279
-0.082078,0.122211,0.304998
-0.083494,0.123288,0.304188
-0.084293,0.122418,0.303024
-0.083655,0.119516,0.303553
-0.086309,0.120302,0.302550
-0.087608,0.121326,0.304009
-0.088610,0.120723,0.303013
-0.088248,0.118204,0.303939
-0.091188,0.121579,0.303679
-0.090679,0.118302,0.302310
-0.092844,0.119230,0.301723
-0.092456,0.119956,0.301283
-0.093349,0.119258,0.303107
-0.094011,0.117945,0.299148
-0.095026,0.116984,0.300027
-0.097665,0.117096,0.300586
-0.098616,0.118270,0.300411
-0.098600,0.116318,0.301073
-0.100463,0.116278,0.298918
-0.101249,0.117196,0.300712
-0.102966,0.114731,0.301847
-0.104089,0.115731,0.298496
-0.104078,0.114723,0.299179
-0.104560,0.114296,0.299205
-0.107106,0.115976,0.299419
-0.107898,0.112939,0.298099
-0.109679,0.114245,0.296808
-0.109707,0.114075,0.298770
-0.111525,0.111703,0.297805
-0.114007,0.112026,0.296181
-0.113374,0.112595,0.297884
-0.111743,0.111953,0.296694
-0.115358,0.111053,0.294546
-0.117110,0.111580,0.295922
-0.118589,0.111679,0.294574
-0.117344,0.111310,0.294392
-0.119677,0.110037,0.296547
-0.118891,0.107958,0.296330
-0.120566,0.108329,0.291391
-0.120949,0.106635,0.293860
-0.124455,0.107152,0.293675
-0.126293,0.108551,0.292546
-0.126711,0.106815,0.292787
-0.127781,0.107842,0.292413
-0.129205,0.104089,0.293442
-0.129223,0.102415,0.289647
-0.130091,0.102935,0.291812
-0.131336,0.100970,0.286882
-0.132555,0.099995,0.286922
-0.133196,0.096917,0.286946
-0.135442,0.095802,0.285084
-0.135671,0.093662,0.283087
-0.137555,0.093032,0.283465
-0.138187,0.091542,0.280278
-0.138978,0.091020,0.279286
-0.139451,0.087933,0.279068
-0.141145,0.087774,0.276890
-0.143041,0.082920,0.274978
-0.143417,0.079732,0.274203
-0.143668,0.079163,0.272146
-0.146806,0.077126,0.270020
-0.147199,0.074517,0.266586
-0.146362,0.068544,0.264590
-0.148407,0.068011,0.261174
-0.149230,0.064710,0.260680
-0.150627,0.061797,0.257858
-0.152036,0.055894,0.253145
-0.155656,0.051136,0.249402
-0.154872,0.042911,0.243513
-0.156145,0.037649,0.237624
-0.158739,0.032607,0.234262
-0.161510,0.021999,0.225235
-0.167564,-0.144123,0.095197
-0.168252,-0.146490,0.094904
-0.169773,-0.145053,0.094661
-0.171602,-0.142398,0.094778
-0.171929,-0.145582,0.095682
-0.173338,-0.144562,0.096435
-0.174055,-0.143432,0.095728
-0.175400,-0.145297,0.095475
-0.177434,-0.145442,0.094085
-0.179394,-0.145277,0.094511
-0.178626,-0.144862,0.095478
-0.179417,-0.145160,0.094962
-0.181522,-0.145209,0.092993
-0.182944,-0.144952,0.094272
-0.184478,-0.145782,0.095362
-0.184945,-0.146294,0.095557
-0.188076,-0.147416,0.092987
-0.188367,-0.147593,0.093831
-0.188509,-0.147267,0.091613
-0.189048,-0.146251,0.092762
-0.191513,-0.147758,0.090541
-0.192478,-0.151882,0.090748
-0.195382,-0.150117,0.089019
-0.196377,-0.150774,0.090021
-0.196219,-0.151531,0.090210
-0.198554,-0.152057,0.088318
-0.198320,-0.153931,0.089049
-0.202125,-0.154504,0.088745
-0.202433,-0.156396,0.085728
-0.201604,-0.158903,0.085775
-0.204759,-0.159432,0.082064
-0.205245,-0.162394,0.080993
-0.206944,-0.163573,0.079549
-0.207471,-0.165567,0.078759
-0.209858,-0.165924,0.078715
-0.211492,-0.169931,0.077804
-0.211610,-0.169634,0.073857
-0.212221,-0.174591,0.070845
-0.214456,-0.175689,0.071026
-0.217605,-0.178652,0.065391
-0.217496,-0.179571,0.066274
-0.217384,-0.183665,0.063134
-0.220879,-0.183842,0.062281
-0.220745,-0.187459,0.062709
-0.222956,-0.189229,0.059029
-0.223886,-0.193142,0.057969
-0.228332,-0.198623,0.052690
0.123590,0.057780,0.254544
0.123181,0.061447,0.258009
0.122627,0.061494,0.258753
0.121347,0.061334,0.259130
0.118520,0.064469,0.258545
0.117520,0.066441,0.262976
0.116587,0.068972,0.263949
0.114297,0.070332,0.265178
0.113004,0.070002,0.265681
0.112734,0.072500,0.265581
0.112717,0.072433,0.267963
0.109890,0.072805,0.268069
0.109016,0.074693,0.267666
0.108609,0.074844,0.270608
0.107026,0.075219,0.268833
0.104862,0.076045,0.271668
0.104818,0.077101,0.271682
0.101675,0.079749,0.272532
0.101738,0.078304,0.272007
0.100721,0.080104,0.273698
0.099072,0.082689,0.273514
0.099777,0.084363,0.276153
0.096662,0.082045,0.275924
0.095844,0.084630,0.276684
0.094540,0.085907,0.278152
0.093729,0.086421,0.276336
0.093532,0.086576,0.278942
0.090192,0.085201,0.278377
0.091443,0.087258,0.278466
0.089184,0.090858,0.279680
0.087921,0.090258,0.279414
0.086633,0.089986,0.280238
0.086654,0.090404,0.282621
0.083493,0.091003,0.281972
0.083078,0.091808,0.281097
0.081644,0.093693,0.283575
0.081980,0.094018,0.284396
0.080710,0.095342,0.283398
0.080655,0.096421,0.285337
0.077270,0.097348,0.285559
0.076910,0.095333,0.286087
0.075157,0.098470,0.286431
0.073300,0.096073,0.287541
0.073296,0.097878,0.289067
0.071376,0.099430,0.289316
0.070038,0.099985,0.289519
0.068360,0.102821,0.290320
0.069192,0.101502,0.288985
0.064656,0.102060,0.290014
0.068113,0.104282,0.292105
0.065941,0.105782,0.292808
0.063031,0.106901,0.293852
0.063363,0.105951,0.292335
0.063075,0.108162,0.293036
0.061694,0.105285,0.294601
0.059799,0.108372,0.295307
0.058655,0.108541,0.293880
0.057609,0.110041,0.297219
0.057596,0.110445,0.295256
0.052201,0.111178,0.296814
0.054906,0.110851,0.297135
0.054286,0.113821,0.298102
0.051050,0.113646,0.298611
0.051588,0.112496,0.298484
0.048957,0.114063,0.299998
0.048779,0.114149,0.299072
0.047624,0.116230,0.302960
0.045546,0.113925,0.300475
0.045066,0.117031,0.302743
0.044500,0.115434,0.301953
0.043075,0.117608,0.302661
0.042743,0.117662,0.302395
0.040220,0.117483,0.304607
0.040919,0.118748,0.303748
0.039941,0.119909,0.303974
0.040174,0.119148,0.305139
0.036413,0.119023,0.304830
0.033951,0.119494,0.303201
0.035965,0.120763,0.306020
0.033876,0.120073,0.307414
0.031440,0.120363,0.305490
0.032286,0.121103,0.308809
0.029249,0.122613,0.307801
0.031089,0.121637,0.306836
0.028148,0.124164,0.307084
0.028875,0.123474,0.306144
0.026002,0.122743,0.307066
0.026208,0.122777,0.308231
0.022421,0.125786,0.307231
0.024386,0.124289,0.308194
0.022519,0.124203,0.307974
0.020884,0.123048,0.308238
0.019181,0.122878,0.308217
0.019429,0.124482,0.307685
0.019985,0.125301,0.307945
0.016587,0.125284,0.309374
0.015141,0.123409,0.307769
0.013089,0.124268,0.309464
0.014041,0.124910,0.307714
0.011818,0.127221,0.308725
0.010396,0.126301,0.308947
0.010218,0.125923,0.310199
0.008758,0.127309,0.309760
0.008570,0.126303,0.309707
0.006812,0.125138,0.308180
0.005433,0.126983,0.312427
0.004110,0.127700,0.311593
0.003863,0.129749,0.312012
0.003121,0.128353,0.309026
0.003419,0.128068,0.311164
0.000160,0.128562,0.309794
0.001616,0.128900,0.310736
-0.001099,0.128260,0.310238
-0.001148,0.127701,0.311560
-0.002948,0.128748,0.310462
-0.004494,0.129487,0.311183
-0.005895,0.129132,0.311732
-0.008355,0.130026,0.310942
-0.006210,0.128073,0.311794
-0.008552,0.127237,0.310316
-0.011465,0.130076,0.310409
-0.012027,0.129671,0.311110
-0.011254,0.129400,0.311859
-0.011384,0.129537,0.312315
-0.015709,0.130977,0.311516
-0.015067,0.130112,0.310270
-0.017245,0.129606,0.312445
-0.015933,0.127239,0.312211
-0.018368,0.129587,0.310530
-0.019996,0.129013,0.312257
-0.019237,0.127192,0.313346
-0.019222,0.128149,0.310524
-0.022755,0.128903,0.311409
-0.022600,0.127597,0.310862
-0.025853,0.128849,0.310583
-0.024102,0.126693,0.309572
-0.026966,0.129027,0.309736
-0.028206,0.129977,0.310346
-0.028463,0.127624,0.310665
-0.028626,0.127645,0.308881
-0.031079,0.126711,0.311529
-0.030530,0.126738,0.310622
-0.031506,0.126873,0.309158
-0.034349,0.127849,0.310221
-0.034563,0.126190,0.311552
-0.036502,0.128072,0.310878
-0.036050,0.127789,0.308918
-0.036204,0.128762,0.309701
-0.038991,0.127405,0.308477
-0.040057,0.125653,0.309965
-0.041958,0.125897,0.309868
-0.041579,0.127065,0.310581
-0.042986,0.127488,0.308598
-0.044335,0.125994,0.310559
-0.044246,0.125782,0.310615
-0.045457,0.126730,0.309318
-0.046575,0.128862,0.311211
-0.047298,0.125687,0.308356
-0.048435,0.127624,0.307811
-0.049037,0.126503,0.308491
-0.050730,0.125166,0.308976
-0.053025,0.127100,0.309131
-0.054022,0.126288,0.308072
-0.055130,0.125543,0.308287
-0.053701,0.124396,0.308538
-0.056594,0.124469,0.309337
-0.056860,0.125778,0.308259
-0.057945,0.125449,0.307372
-0.058808,0.124286,0.307952
-0.060891,0.124503,0.307671
-0.060776,0.124697,0.307465
-0.063339,0.123580,0.307194
-0.064300,0.123092,0.307040
-0.064063,0.122719,0.306580
-0.065648,0.122992,0.305655
-0.066043,0.122843,0.307947
-0.066838,0.122640,0.308060
-0.068164,0.122112,0.306481
-0.068606,0.122826,0.305430
-0.069265,0.121298,0.306280
-0.071501,0.121038,0.307935
-0.073088,0.120930,0.305840
-0.073660,0.121488,0.306696
-0.073691,0.119969,0.305912
-0.076668,0.120669,0.305261
-0.076341,0.121941,0.305966
-0.076706,0.120777,0.304523
-0.078919,0.122336,0.304460
-0.081447,0.120585,0.305202
-0.082969,0.120637,0.304545
-0.081680,0.121335,0.304944
-0.083577,0.120675,0.302812
-0.085128,0.119629,0.303014
-0.085322,0.118851,0.303573
-0.087792,0.119538,0.303239
-0.087907,0.120279,0.303784
-0.091181,0.117443,0.304482
-0.091207,0.118907,0.304138
-0.088937,0.118554,0.302472
-0.093132,0.118111,0.301925
-0.092321,0.118219,0.302066
-0.092986,0.116634,0.303232
-0.094687,0.117220,0.301964
-0.097834,0.117038,0.302013
-0.098652,0.115918,0.300417
-0.099214,0.114836,0.299251
-0.097393,0.116414,0.300378
-0.101831,0.114024,0.300964
-0.099889,0.114298,0.301035
-0.102219,0.114523,0.300241
-0.102243,0.114067,0.299208
-0.104981,0.114931,0.298624
-0.104850,0.113219,0.298195
-0.106529,0.113177,0.299809
-0.107253,0.113011,0.297499
-0.108561,0.112700,0.299497
-0.112545,0.112956,0.299406
-0.112113,0.112573,0.297351
-0.112855,0.112527,0.298424
-0.113427,0.110986,0.295693
-0.114968,0.109549,0.296172
-0.114330,0.110659,0.296327
-0.114153,0.108879,0.296337
-0.117429,0.109185,0.295632
-0.118288,0.108856,0.295734
-0.119622,0.108530,0.296184
-0.121605,0.104394,0.294622
-0.121979,0.108351,0.293661
-0.122572,0.105461,0.293313
-0.123498,0.106484,0.293295
-0.125827,0.104702,0.292776
-0.126274,0.103922,0.293272
-0.128062,0.105717,0.294131
-0.128164,0.104224,0.291409
-0.128893,0.101773,0.289047
-0.129326,0.101835,0.291058
-0.130845,0.100720,0.288140
-0.133812,0.097537,0.288739
-0.134542,0.095799,0.285239
-0.134544,0.095422,0.284854
-0.135248,0.094605,0.282951
-0.136366,0.093924,0.283392
-0.138837,0.089756,0.282650
-0.137731,0.089702,0.280426
-0.138723,0.088863,0.277247
-0.139947,0.086413,0.278757
-0.141721,0.083655,0.275905
-0.144965,0.080097,0.275725
-0.144130,0.078533,0.271953
-0.144045,0.075499,0.271369
-0.147679,0.074825,0.269325
-0.147592,0.070992,0.265520
-0.149885,0.065673,0.262321
-0.149459,0.063536,0.259496
-0.150991,0.062202,0.258028
-0.152179,0.056369,0.254517
-0.154599,0.045418,0.248897
-0.156124,0.042484,0.242369
-0.157659,0.038842,0.239903
-0.158418,0.030906,0.233638
-0.159896,0.022660,0.228828
-0.161894,0.009525,0.219215
-0.168450,-0.141143,0.098043
-0.168581,-0.141008,0.099043
-0.169415,-0.140461,0.101637
-0.172414,-0.139628,0.099721
-0.172848,-0.141972,0.099520
-0.173165,-0.141520,0.100656
-0.174331,-0.140290,0.099283
-0.178546,-0.141363,0.100190
-0.178244,-0.140839,0.099294
-0.179826,-0.138242,0.100355
-0.180446,-0.140515,0.101845
-0.179327,-0.139541,0.101343
-0.181555,-0.140387,0.100561
-0.184581,-0.140045,0.099265
-0.185811,-0.141190,0.099846
-0.187435,-0.140471,0.100646
-0.189377,-0.142954,0.098078
-0.190020,-0.143872,0.097789
-0.189315,-0.144544,0.099317
-0.191728,-0.144463,0.096633
-0.193824,-0.145460,0.094953
-0.192690,-0.146445,0.094733
-0.195590,-0.148483,0.094206
-0.196203,-0.149649,0.093799
-0.199210,-0.148318,0.092694
-0.198063,-0.149229,0.092535
-0.200084,-0.152021,0.092761
-0.203129,-0.150592,0.090819
-0.202078,-0.153063,0.088715
-0.203603,-0.155114,0.087571
-0.203932,-0.157092,0.088240
-0.206701,-0.159193,0.084160
-0.208109,-0.162212,0.081740
-0.208449,-0.165587,0.083786
-0.209384,-0.167132,0.079288
-0.213605,-0.166952,0.081159
-0.213010,-0.170719,0.075850
-0.213596,-0.169132,0.075008
-0.219119,-0.172357,0.075659
-0.218769,-0.175251,0.073575
-0.217472,-0.178664,0.071199
-0.219947,-0.180334,0.068634
-0.221290,-0.183039,0.067733
-0.222793,-0.185698,0.063318
-0.224493,-0.187575,0.062450
-0.226792,-0.190188,0.062274
-0.227234,-0.193359,0.057400
-0.229718,-0.198625,0.055080
-0.230960,-0.202129,0.048947
0.122194,0.057339,0.256677
0.119994,0.057754,0.258728
0.119591,0.061339,0.259472
0.117278,0.062657,0.263010
0.117241,0.064358,0.263959
0.117730,0.066478,0.263075
0.114708,0.066138,0.265413
0.111366,0.067712,0.265824
0.110099,0.070009,0.265444
0.110551,0.071013,0.269011
0.109565,0.072097,0.267558
0.109199,0.074262,0.267849
0.106833,0.072640,0.269611
0.104679,0.074288,0.272558
0.103829,0.076302,0.272794
0.104696,0.077669,0.271488
0.101590,0.077417,0.275082
0.101376,0.079416,0.275092
0.100881,0.081823,0.276423
0.101102,0.079446,0.275564
0.097734,0.081821,0.276125
0.096453,0.081084,0.275810
0.094714,0.084816,0.277559
0.093377,0.084444,0.278104
0.093592,0.085770,0.278854
0.091933,0.086085,0.278459
0.090174,0.086426,0.278725
0.088694,0.088607,0.280432
0.086840,0.089477,0.281475
0.087838,0.089830,0.281775
0.086861,0.088128,0.282276
0.085381,0.090302,0.282450
0.084117,0.089651,0.281794
0.082416,0.089943,0.283543
0.081032,0.090225,0.281260
0.080473,0.092588,0.283801
0.080028,0.092754,0.283636
0.079503,0.094552,0.285496
0.078093,0.095070,0.286896
0.075560,0.095273,0.285923
0.074257,0.096323,0.287177
0.073114,0.097430,0.288360
0.071557,0.098318,0.288372
0.070614,0.096943,0.289750
0.070948,0.099394,0.289511
0.068286,0.103114,0.290328
0.068850,0.099331,0.291220
0.067229,0.102383,0.290675
0.065975,0.103255,0.292959
0.065367,0.103592,0.294172
0.064490,0.104616,0.292788
0.062833,0.104650,0.295069
0.061797,0.106722,0.294158
0.059750,0.105955,0.295420
0.058561,0.108238,0.295226
0.058201,0.107217,0.296937
0.055130,0.107189,0.295211
0.054504,0.110136,0.295334
0.053080,0.110142,0.296881
0.053655,0.110071,0.300715
0.051352,0.110620,0.298821
0.051373,0.110174,0.297881
0.051126,0.111976,0.298851
0.049435,0.113159,0.299410
0.047860,0.111965,0.301165
0.048475,0.114903,0.301464
0.045754,0.114260,0.302464
0.042321,0.114661,0.302665
0.043626,0.116288,0.301243
0.041931,0.116268,0.302575
0.040382,0.116425,0.303381
0.040509,0.118479,0.304776
0.037710,0.119237,0.303418
0.038610,0.117646,0.304133
0.036389,0.118615,0.304444
0.039181,0.119554,0.305600
0.033875,0.119668,0.305396
0.033914,0.119630,0.306455
0.032200,0.121526,0.304800
0.031437,0.121248,0.307849
0.031562,0.120283,0.305311
0.030078,0.121054,0.306785
0.028298,0.121480,0.306299
0.026847,0.121940,0.307532
0.026682,0.122339,0.306248
0.025969,0.122440,0.308471
0.024130,0.121937,0.307383
0.023103,0.120035,0.308084
0.022225,0.123081,0.307194
0.022438,0.124053,0.307783
0.021305,0.121607,0.307026
0.018034,0.122363,0.307695
0.015976,0.123826,0.309087
0.018042,0.124855,0.308617
0.016223,0.122925,0.307724
0.014276,0.123488,0.309289
0.011942,0.122719,0.309122
0.013069,0.123986,0.308610
0.012743,0.124492,0.308634
0.011916,0.122443,0.309573
0.008976,0.125863,0.310592
0.006405,0.124918,0.309498
0.006306,0.125396,0.309694
0.005699,0.125718,0.310857
0.004853,0.126245,0.309909
0.002552,0.126684,0.310885
0.005001,0.126112,0.310167
0.001095,0.126224,0.311882
-0.000712,0.127321,0.310438
-0.000519,0.126902,0.311605
0.000026,0.127053,0.311121
-0.003407,0.127059,0.310486
-0.003015,0.126273,0.312070
-0.004431,0.128899,0.311860
-0.007527,0.126057,0.311798
-0.006572,0.127386,0.313610
-0.008523,0.127376,0.312239
-0.009603,0.127831,0.312211
-0.011166,0.127594,0.311902
-0.011164,0.128407,0.313125
-0.010293,0.127488,0.311259
-0.011670,0.128273,0.310663
-0.013772,0.127945,0.310370
-0.014332,0.126529,0.313030
-0.015712,0.127349,0.311982
-0.017230,0.127777,0.313144
-0.018349,0.128164,0.311731
-0.020138,0.126621,0.312623
-0.020401,0.127543,0.312566
-0.023355,0.125772,0.311565
-0.021576,0.127082,0.310291
-0.022800,0.128889,0.311643
-0.023881,0.127847,0.310345
-0.024804,0.128091,0.311980
-0.025135,0.127723,0.310372
-0.028423,0.128482,0.311888
-0.027960,0.125342,0.309333
-0.028332,0.124990,0.311840
-0.030245,0.125803,0.310940
-0.030022,0.124654,0.310466
-0.032591,0.123120,0.312591
-0.035645,0.126291,0.310992
-0.033315,0.123710,0.309340
-0.036367,0.127156,0.310397
-0.037304,0.123259,0.311745
-0.036694,0.126826,0.310584
-0.038897,0.125253,0.310764
-0.040091,0.124662,0.308441
-0.041582,0.126152,0.311492
-0.042206,0.126203,0.309784
-0.041371,0.124707,0.311265
-0.044188,0.126068,0.310461
-0.045346,0.126792,0.309541
-0.047387,0.125266,0.310386
-0.048076,0.124406,0.310346
-0.046866,0.126134,0.310318
-0.047391,0.125266,0.310046
-0.050571,0.124014,0.311750
-0.052591,0.124129,0.307978
-0.052298,0.122846,0.309411
-0.053878,0.122756,0.308349
-0.055329,0.124536,0.309390
-0.055673,0.123800,0.307567
-0.055758,0.123320,0.308129
-0.056882,0.122468,0.308261
-0.057083,0.122577,0.308787
-0.059413,0.124581,0.306144
-0.058015,0.122114,0.310044
-0.062278,0.123014,0.308697
-0.064136,0.122526,0.307600
-0.064266,0.122055,0.308267
-0.066519,0.124029,0.306711
-0.067865,0.120861,0.308438
-0.065725,0.122612,0.306841
-0.067261,0.120895,0.306635
-0.067036,0.121138,0.307243
-0.069198,0.121202,0.305148
-0.070476,0.121490,0.305349
-0.071049,0.120243,0.307089
-0.073586,0.120892,0.307070
-0.075059,0.118721,0.305416
-0.074843,0.119949,0.304123
-0.075678,0.121306,0.306037
-0.076687,0.119235,0.303898
-0.078044,0.119090,0.305438
-0.077639,0.118846,0.304720
-0.080268,0.118768,0.305592
-0.080877,0.118347,0.304449
-0.082061,0.116798,0.305059
-0.083575,0.117912,0.303969
-0.084397,0.118761,0.305287
-0.087221,0.116007,0.304645
-0.086662,0.118126,0.303234
-0.088672,0.116874,0.302628
-0.089350,0.116686,0.302210
-0.088274,0.116430,0.305931
-0.089336,0.115527,0.303339
-0.092046,0.115466,0.303566
-0.094405,0.116700,0.303679
-0.095071,0.115323,0.301012
-0.095226,0.114259,0.302099
-0.095597,0.115039,0.303494
-0.098752,0.114101,0.298898
-0.098180,0.114934,0.301760
-0.098508,0.113988,0.301696
-0.100606,0.114314,0.302245
-0.101384,0.112985,0.302690
-0.102455,0.112079,0.301248
-0.104392,0.112331,0.301330
-0.105552,0.113241,0.300927
-0.105336,0.114127,0.299141
-0.105799,0.111690,0.300798
-0.107931,0.111556,0.298318
-0.109162,0.108322,0.298086
-0.107987,0.110256,0.295838
-0.109956,0.108970,0.300382
-0.111989,0.110499,0.300251
-0.112090,0.108840,0.297801
-0.113642,0.107931,0.298365
-0.113774,0.107336,0.296728
-0.116037,0.106908,0.296385
-0.116160,0.106083,0.293779
-0.117437,0.106837,0.296784
-0.118764,0.105691,0.295547
-0.120155,0.103799,0.295709
-0.122365,0.106228,0.294793
-0.123280,0.103716,0.293510
-0.123559,0.104014,0.292466
-0.124027,0.105049,0.292761
-0.126392,0.104281,0.293866
-0.126046,0.102347,0.291007
-0.127662,0.100980,0.291892
-0.129632,0.100372,0.292740
-0.129826,0.098648,0.290394
-0.130450,0.098360,0.288980
-0.133857,0.096685,0.287434
-0.135276,0.095080,0.285364
-0.134329,0.095316,0.286845
-0.132901,0.094721,0.285047
-0.135600,0.092772,0.285247
-0.137520,0.090560,0.283752
-0.138687,0.090014,0.282878
-0.139827,0.087374,0.279764
-0.141177,0.086657,0.280017
-0.143148,0.083431,0.277027
-0.144411,0.079154,0.275485
-0.143435,0.078445,0.271825
-0.147203,0.074671,0.270151
-0.146561,0.072109,0.268405
-0.147373,0.069330,0.266616
-0.148310,0.065849,0.262327
-0.151635,0.062796,0.263393
-0.151944,0.058808,0.257475
-0.153034,0.053018,0.254183
-0.156230,0.048122,0.246922
-0.155255,0.042409,0.243798
-0.156814,0.036535,0.242293
-0.159192,0.031550,0.238859
-0.160083,0.023167,0.229473
-0.160847,0.012705,0.222503
-0.167390,-0.135109,0.104438
-0.167390,-0.134953,0.104884
-0.170285,-0.136035,0.106374
-0.170709,-0.134886,0.106628
-0.172763,-0.133980,0.106713
-0.173391,-0.135805,0.107926
-0.173113,-0.134162,0.106326
-0.177175,-0.134415,0.106022
-0.177692,-0.131739,0.106516
-0.179497,-0.134061,0.105452
-0.179159,-0.134505,0.105276
-0.180402,-0.136250,0.106348
-0.179765,-0.136234,0.105249
-0.184203,-0.137233,0.102213
-0.184594,-0.139848,0.103890
-0.187660,-0.140818,0.104255
-0.188197,-0.140497,0.102871
-0.189181,-0.141233,0.103668
-0.189349,-0.141411,0.101295
-0.192087,-0.141554,0.101872
-0.191927,-0.140430,0.098953
-0.192827,-0.142862,0.098718
-0.194267,-0.144315,0.098675
-0.196419,-0.144208,0.098924
-0.196236,-0.144140,0.098600
-0.197682,-0.144676,0.099454
-0.200097,-0.147326,0.097495
-0.202931,-0.149618,0.094854
-0.203548,-0.152195,0.092476
-0.203607,-0.150407,0.092601
-0.206903,-0.153019,0.092859
-0.205941,-0.154152,0.088838
-0.209561,-0.156365,0.089206
-0.208935,-0.158623,0.086655
-0.210111,-0.162500,0.084197
-0.211611,-0.163436,0.082697
-0.214086,-0.164494,0.082234
-0.215128,-0.166153,0.082314
-0.215641,-0.169190,0.080902
-0.216691,-0.169379,0.080298
-0.219489,-0.172912,0.076245
-0.219318,-0.173504,0.076924
-0.220591,-0.178699,0.072666
-0.223284,-0.181442,0.071097
-0.223599,-0.185433,0.068742
-0.225381,-0.185813,0.063552
-0.227825,-0.189670,0.065261
-0.228884,-0.189761,0.061427
-0.230129,-0.193837,0.060599
-0.231915,-0.197417,0.056355
-0.233566,-0.203258,0.050631
0.122556,0.056569,0.257302
0.119681,0.057042,0.258649
0.114915,0.059734,0.259634
0.116686,0.060723,0.263268
0.115903,0.064308,0.261755
0.115435,0.063831,0.265182
0.113189,0.067571,0.265563
0.111907,0.066866,0.266241
0.110419,0.069011,0.266400
0.109069,0.067423,0.269614
0.109508,0.071410,0.268023
0.107069,0.073096,0.270254
0.105982,0.070930,0.271289
0.105372,0.074638,0.270964
0.105045,0.074533,0.272542
0.101375,0.076788,0.274327
0.101476,0.078956,0.272953
0.099664,0.076909,0.273178
0.099364,0.078801,0.275403
0.096552,0.078951,0.276320
0.096794,0.082721,0.279052
0.096040,0.080769,0.278117
0.094445,0.081971,0.278739
0.093168,0.082123,0.277397
0.091061,0.083382,0.279411
0.091834,0.084633,0.279268
0.089115,0.084426,0.281186
0.087967,0.086215,0.281061
0.086914,0.086643,0.281264
0.086664,0.088575,0.283756
0.086406,0.090047,0.281782
0.083460,0.087677,0.282691
0.081806,0.089001,0.283406
0.080940,0.089860,0.283392
0.080861,0.091588,0.284022
0.079543,0.091513,0.284087
0.077871,0.091888,0.285853
0.078653,0.090909,0.286456
0.075823,0.092785,0.288384
0.074933,0.093464,0.288089
0.072349,0.095631,0.286296
0.073259,0.098283,0.288633
0.071940,0.098279,0.289280
0.070258,0.098096,0.290677
0.069489,0.099585,0.291017
0.068234,0.099709,0.292015
0.066305,0.099016,0.290465
0.064980,0.099012,0.293198
0.064492,0.101228,0.293395
0.061836,0.101091,0.292937
0.060273,0.101861,0.296381
0.061050,0.103436,0.292261
0.059711,0.103412,0.296222
0.058112,0.105472,0.295625
0.058386,0.105958,0.294665
0.055936,0.107351,0.297095
0.056769,0.107701,0.297215
0.053823,0.108095,0.298013
0.053581,0.107925,0.296551
0.051780,0.108585,0.298563
0.052030,0.109142,0.300943
0.050298,0.108735,0.300225
0.048843,0.111233,0.299686
0.047257,0.113118,0.299431
0.046160,0.111096,0.301957
0.045133,0.112687,0.301704
0.044994,0.114633,0.300647
0.044903,0.112556,0.304240
0.041495,0.114631,0.304034
0.041355,0.114530,0.302234
0.038733,0.116822,0.302562
0.039366,0.117468,0.303714
0.038554,0.118203,0.304223
0.037719,0.116517,0.305366
0.035988,0.115441,0.304579
0.034398,0.115932,0.305761
0.033114,0.116920,0.305631
0.033762,0.118969,0.305435
0.031162,0.119439,0.307007
0.029845,0.119818,0.307747
0.029718,0.120954,0.306617
0.028474,0.118641,0.305401
0.028851,0.120235,0.308268
0.025864,0.118957,0.306747
0.023871,0.122559,0.309002
0.024557,0.120003,0.308028
0.022397,0.121595,0.308051
0.023607,0.119527,0.309449
0.021978,0.122221,0.308317
0.019593,0.121174,0.307331
0.018776,0.121899,0.307262
0.018466,0.123753,0.308594
0.015935,0.123385,0.308120
0.017042,0.121763,0.309013
0.014201,0.122075,0.307932
0.012277,0.124262,0.310412
0.012812,0.123596,0.309945
0.011590,0.121760,0.309447
0.010109,0.123454,0.311058
0.010598,0.122620,0.309330
0.008871,0.123620,0.312695
0.006437,0.123737,0.310564
0.006121,0.125613,0.312647
0.005353,0.122850,0.310735
0.004299,0.123895,0.310049
0.004964,0.125669,0.311274
0.002344,0.124742,0.310612
0.000507,0.125502,0.311030
0.000572,0.125279,0.310347
0.001211,0.125767,0.311645
-0.003251,0.126817,0.312217
-0.004077,0.123933,0.311175
-0.003610,0.126110,0.314663
-0.006640,0.124823,0.312350
-0.007419,0.125250,0.312134
-0.007523,0.129402,0.313129
-0.009020,0.125344,0.312611
-0.009946,0.127456,0.311474
-0.012085,0.126192,0.313559
-0.011467,0.126207,0.313216
-0.013303,0.125872,0.312246
-0.013372,0.127066,0.312733
-0.015444,0.125172,0.312256
-0.016730,0.124531,0.312715
-0.016984,0.126407,0.311051
-0.018157,0.126843,0.312789
-0.020023,0.127277,0.312473
-0.018765,0.125731,0.310853
-0.021381,0.125842,0.311930
-0.024258,0.125065,0.311368
-0.023564,0.125405,0.312779
-0.024186,0.126145,0.312852
-0.025853,0.127248,0.311994
-0.026100,0.124493,0.312784
-0.027520,0.125459,0.315068
-0.028549,0.123792,0.311151
-0.029923,0.125441,0.311783
-0.029718,0.125665,0.312584
-0.030214,0.127201,0.311670
-0.033976,0.126141,0.310452
-0.032984,0.123930,0.311133
-0.034263,0.125766,0.308890
-0.035484,0.122902,0.311629
-0.035678,0.124701,0.310363
-0.036684,0.124297,0.310161
-0.038059,0.123659,0.312510
-0.038955,0.126212,0.310540
-0.041115,0.125880,0.310607
-0.042758,0.122472,0.309689
-0.043201,0.123261,0.308304
-0.045254,0.124085,0.311620
-0.044370,0.124786,0.310184
-0.046622,0.124735,0.312969
-0.046765,0.122338,0.312505
-0.048511,0.124036,0.309883
-0.051311,0.122712,0.309107
-0.049648,0.123258,0.309310
-0.053343,0.123620,0.310444
-0.051367,0.123397,0.309677
-0.054577,0.121840,0.310511
-0.053975,0.124357,0.310557
-0.053895,0.122792,0.309108
-0.055663,0.121504,0.309036
-0.058999,0.120975,0.307692
-0.058291,0.122456,0.307596
-0.058752,0.120748,0.305969
-0.060751,0.121515,0.306030
-0.061075,0.121735,0.308692
-0.062847,0.120267,0.307107
-0.062945,0.119489,0.307980
-0.065778,0.120496,0.306899
-0.066189,0.120202,0.305135
-0.067977,0.119800,0.305140
-0.068175,0.120658,0.307829
-0.069821,0.120647,0.306792
-0.070500,0.119633,0.308025
-0.071639,0.119631,0.308560
-0.072687,0.117483,0.304562
-0.072271,0.119325,0.304250
-0.074208,0.119801,0.304830
-0.073808,0.117796,0.305210
-0.077596,0.117585,0.306668
-0.077962,0.117248,0.307052
-0.077737,0.116416,0.305495
-0.079452,0.116151,0.304725
-0.080771,0.117738,0.305648
-0.081388,0.116669,0.303988
-0.082909,0.116943,0.305193
-0.083514,0.117445,0.306587
-0.085361,0.117272,0.303719
-0.085243,0.114007,0.304932
-0.086595,0.115930,0.305935
-0.089402,0.116890,0.304413
-0.091816,0.115782,0.304151
-0.089843,0.115010,0.306059
-0.089701,0.112981,0.302429
-0.092810,0.115451,0.304149
-0.091520,0.113165,0.302771
-0.093930,0.111764,0.301653
-0.095100,0.112958,0.301881
-0.096448,0.113640,0.302808
-0.097132,0.111185,0.301562
-0.096912,0.112839,0.301307
-0.097412,0.111633,0.302307
-0.100803,0.112512,0.302313
-0.103241,0.111379,0.302367
-0.102480,0.110495,0.301298
-0.104980,0.111880,0.300591
-0.105427,0.109669,0.300453
-0.106982,0.110714,0.300981
-0.105398,0.109771,0.299324
-0.106966,0.110026,0.299110
-0.108150,0.109320,0.301178
-0.108105,0.108070,0.298226
-0.110911,0.108953,0.298619
-0.113200,0.106883,0.298280
-0.113571,0.107714,0.297475
-0.113505,0.105542,0.296831
-0.113259,0.107889,0.297482
-0.117257,0.103764,0.295291
-0.116557,0.105025,0.296335
-0.118984,0.104343,0.295214
-0.119728,0.105677,0.296473
-0.121036,0.102643,0.295262
-0.118517,0.102794,0.296671
-0.122427,0.104702,0.295659
-0.124313,0.102278,0.293057
-0.124596,0.102205,0.293248
-0.126470,0.102632,0.294515
-0.127622,0.100141,0.293653
-0.128880,0.100798,0.292601
-0.127456,0.100373,0.291830
-0.131470,0.100524,0.292208
-0.131358,0.097108,0.287874
-0.131616,0.096885,0.287828
-0.133357,0.095606,0.289149
-0.136210,0.094449,0.287379
-0.135624,0.094572,0.286871
-0.137124,0.092482,0.283157
-0.136571,0.091162,0.282362
-0.138705,0.088536,0.282909
-0.139736,0.086695,0.280098
-0.141513,0.085426,0.280108
-0.141261,0.083382,0.279925
-0.142625,0.081946,0.276700
-0.146143,0.075788,0.272620
-0.144270,0.075171,0.272390
-0.145835,0.070830,0.270176
-0.146651,0.069623,0.268468
-0.149366,0.064939,0.266236
-0.150497,0.062553,0.261691
-0.151706,0.060565,0.259716
-0.154149,0.050989,0.256346
-0.154272,0.046915,0.248873
-0.155523,0.038719,0.246497
-0.156364,0.036771,0.242281
-0.158872,0.032590,0.236529
-0.158415,0.024100,0.231498
-0.162508,0.015340,0.224628
-0.167916,-0.125130,0.113963
-0.168110,-0.125508,0.113086
-0.169489,-0.127417,0.115145
-0.171864,-0.126422,0.115406
-0.172188,-0.123863,0.114312
-0.173467,-0.125798,0.116205
-0.174308,-0.125278,0.114516
-0.175813,-0.126139,0.114015
-0.177148,-0.126342,0.115737
-0.178318,-0.129678,0.115786
-0.179125,-0.129465,0.111905
-0.181100,-0.128881,0.111963
-0.181027,-0.129543,0.110846
-0.184717,-0.128890,0.109608
-0.185283,-0.132302,0.108990
-0.185104,-0.133593,0.110062
-0.186868,-0.133695,0.110912
-0.186444,-0.134920,0.107142
-0.190379,-0.134967,0.107357
-0.190584,-0.135296,0.106028
-0.191307,-0.137235,0.105310
-0.194271,-0.137063,0.107039
-0.194278,-0.138536,0.105093
-0.196249,-0.140300,0.103987
-0.196839,-0.140780,0.103345
-0.199062,-0.142844,0.103157
-0.199212,-0.143118,0.100176
-0.201505,-0.144002,0.100905
-0.203409,-0.145258,0.097294
-0.203469,-0.150726,0.096066
-0.203308,-0.148973,0.095764
-0.205663,-0.150226,0.095252
-0.208005,-0.152899,0.094176
-0.209560,-0.154146,0.091904
-0.210283,-0.155231,0.089718
-0.212062,-0.157415,0.088834
-0.212245,-0.160802,0.087610
-0.213294,-0.163590,0.084936
-0.215227,-0.162573,0.085068
-0.216413,-0.165729,0.083207
-0.217503,-0.169619,0.081835
-0.219783,-0.170700,0.080199
-0.221567,-0.173551,0.079165
-0.222490,-0.174058,0.077056
-0.222420,-0.176857,0.075477
-0.225090,-0.180163,0.071694
-0.227365,-0.184966,0.069078
-0.227222,-0.186349,0.069511
-0.230601,-0.189157,0.065679
-0.231094,-0.192664,0.063880
-0.231862,-0.194511,0.059244
-0.232571,-0.201418,0.056463
-0.234201,-0.205191,0.053388
0.120185,0.055182,0.259378
0.117267,0.055891,0.260261
0.117409,0.059560,0.261154
0.114447,0.059952,0.262167
0.113916,0.062337,0.263037
0.111827,0.064882,0.266581
0.110024,0.065359,0.266920
0.109154,0.065808,0.266629
0.107226,0.069085,0.268872
0.107216,0.068537,0.270402
0.106566,0.070828,0.269913
0.105344,0.070781,0.270574
0.103004,0.072762,0.272031
0.103292,0.074508,0.271147
0.101429,0.075888,0.273436
0.099101,0.076963,0.274435
0.100409,0.077159,0.274411
0.096273,0.079049,0.277016
0.097702,0.077049,0.275126
0.095693,0.079343,0.277237
0.094425,0.080999,0.276378
0.092981,0.081599,0.278407
0.092571,0.081293,0.278428
0.091898,0.081270,0.279712
0.089297,0.081923,0.281584
0.090015,0.084525,0.282698
0.088063,0.085876,0.281967
0.087260,0.085643,0.282115
0.084977,0.087010,0.283081
0.084586,0.087584,0.283256
0.081181,0.088011,0.284168
0.081732,0.088137,0.286988
0.080612,0.088885,0.285379
0.078205,0.088411,0.284335
0.077513,0.090050,0.285543
0.075077,0.091952,0.286049
0.077197,0.093529,0.285790
0.074165,0.092566,0.288997
0.074482,0.093288,0.286967
0.072275,0.094973,0.288839
0.071163,0.095692,0.288489
0.071469,0.095527,0.292044
0.069595,0.097630,0.291487
0.068162,0.097668,0.291433
0.067440,0.096370,0.292363
0.066071,0.099841,0.291081
0.065427,0.099611,0.294829
0.063898,0.099635,0.295249
0.060507,0.100901,0.295800
0.061118,0.101371,0.296511
0.060483,0.102658,0.292955
0.058635,0.104067,0.296206
0.057769,0.103815,0.296438
0.057919,0.103244,0.296511
0.055383,0.105522,0.296884
0.054272,0.105556,0.297767
0.054589,0.107204,0.298100
0.053348,0.107289,0.299103
0.051856,0.108847,0.299454
0.050691,0.108413,0.300779
0.048132,0.107224,0.301575
0.049724,0.108831,0.299702
0.047261,0.111032,0.300427
0.046714,0.110958,0.302460
0.044677,0.112487,0.303448
0.043102,0.112872,0.302064
0.041914,0.112802,0.304281
0.039684,0.114125,0.303881
0.041172,0.113241,0.303438
0.039312,0.113924,0.305543
0.037537,0.115069,0.305321
0.037074,0.113771,0.307302
0.034948,0.113865,0.306295
0.036624,0.115040,0.306580
0.032604,0.115913,0.306037
0.034798,0.115253,0.308000
0.030134,0.117347,0.306593
0.030233,0.116501,0.307751
0.028471,0.119594,0.306455
0.028768,0.116840,0.306752
0.027127,0.118329,0.308638
0.026160,0.121969,0.306403
0.024492,0.118475,0.309614
0.023725,0.118223,0.307816
0.023518,0.119272,0.309301
0.021991,0.118243,0.307850
0.019991,0.120597,0.309810
0.022432,0.119724,0.309466
0.018990,0.121135,0.309352
0.018810,0.119339,0.308732
0.017069,0.119467,0.308100
0.015082,0.120520,0.309779
0.016144,0.121895,0.309017
0.013250,0.121541,0.311070
0.011499,0.120565,0.308744
0.012191,0.121194,0.312327
0.009936,0.122808,0.309815
0.009489,0.121772,0.309941
0.009419,0.121357,0.310858
0.007660,0.122483,0.311081
0.006440,0.119988,0.312617
0.004307,0.123075,0.310765
0.005075,0.123759,0.313050
0.002573,0.122884,0.311773
0.003777,0.124213,0.311721
0.001773,0.124142,0.312163
0.002095,0.123675,0.311290
-0.000980,0.123390,0.312109
-0.005400,0.124186,0.312574
-0.002979,0.123496,0.312115
-0.005107,0.123632,0.312774
-0.003624,0.125633,0.312303
-0.005560,0.125501,0.313305
-0.008081,0.123601,0.312787
-0.007796,0.124643,0.314573
-0.009959,0.124607,0.311619
-0.009262,0.124220,0.313991
-0.011446,0.122147,0.312479
-0.011812,0.125679,0.312237
-0.012594,0.124923,0.312541
-0.015439,0.124508,0.312947
-0.013990,0.125466,0.313440
-0.015243,0.124022,0.312290
-0.016078,0.124010,0.313477
-0.020267,0.123361,0.314394
-0.019700,0.123334,0.312692
-0.022484,0.125278,0.311879
-0.021732,0.124225,0.311032
-0.021835,0.124171,0.311224
-0.022156,0.121393,0.313619
-0.026764,0.124776,0.314535
-0.025568,0.122845,0.310865
-0.027042,0.122847,0.313086
-0.027732,0.124140,0.313888
-0.030037,0.123267,0.312419
-0.031487,0.124047,0.312098
-0.032308,0.122594,0.311074
-0.031703,0.122170,0.311297
-0.034097,0.123659,0.311272
-0.033400,0.124537,0.310984
-0.033398,0.122825,0.312839
-0.034194,0.121826,0.311177
-0.037667,0.123274,0.311735
-0.037722,0.123884,0.311380
-0.039036,0.121393,0.311946
-0.039131,0.121706,0.311910
-0.043256,0.123178,0.312470
-0.042306,0.123045,0.311986
-0.044391,0.122294,0.310217
-0.044601,0.121629,0.310147
-0.045102,0.124068,0.311501
-0.049644,0.122911,0.311999
-0.046886,0.120922,0.309703
-0.048056,0.120163,0.310325
-0.051197,0.122214,0.310026
-0.049561,0.121306,0.311168
-0.054746,0.121553,0.309996
-0.053383,0.120253,0.310937
-0.056078,0.120154,0.309698
-0.056319,0.119083,0.309145
-0.056518,0.121250,0.309589
-0.057629,0.123423,0.309313
-0.059601,0.119293,0.308747
-0.059336,0.121016,0.307296
-0.060760,0.120256,0.307561
-0.061304,0.119183,0.306376
-0.063697,0.121229,0.310263
-0.062909,0.118535,0.308817
-0.065035,0.118971,0.307518
-0.067200,0.119611,0.307233
-0.065823,0.117202,0.307531
-0.068705,0.118455,0.308738
-0.069147,0.117578,0.307818
-0.068336,0.117264,0.307574
-0.071658,0.117574,0.308406
-0.072207,0.116828,0.307756
-0.072303,0.116421,0.308318
-0.075498,0.117795,0.307486
-0.074829,0.115628,0.309047
-0.076392,0.115742,0.306791
-0.078317,0.116113,0.304759
-0.079371,0.116683,0.305448
-0.079400,0.115553,0.306645
-0.079966,0.114596,0.304445
-0.083112,0.116289,0.306681
-0.081949,0.114705,0.304791
-0.082892,0.114318,0.304537
-0.084143,0.115649,0.305059
-0.086624,0.116732,0.304040
-0.085030,0.113100,0.304536
-0.089082,0.112929,0.304960
-0.088115,0.113023,0.305059
-0.090790,0.111811,0.304098
-0.090672,0.112377,0.304407
-0.093247,0.112453,0.302509
-0.092935,0.112345,0.302461
-0.094565,0.112838,0.303532
-0.094982,0.111333,0.302702
-0.097025,0.112124,0.302852
-0.097359,0.111299,0.302293
-0.099357,0.111457,0.302395
-0.098483,0.109231,0.302672
-0.100934,0.110868,0.300571
-0.100701,0.109261,0.300552
-0.104908,0.109676,0.299801
-0.103844,0.107624,0.300678
-0.106446,0.108210,0.300059
-0.106041,0.109424,0.300827
-0.105886,0.108061,0.298803
-0.108167,0.106933,0.297966
-0.110147,0.108317,0.299590
-0.109755,0.107865,0.298303
-0.112934,0.107787,0.299044
-0.111509,0.106518,0.299040
-0.112049,0.106831,0.297376
-0.114432,0.106162,0.297864
-0.115777,0.104349,0.297038
-0.117001,0.102903,0.297988
-0.117809,0.103686,0.297223
-0.119712,0.103628,0.297897
-0.119520,0.104500,0.294488
-0.120901,0.101512,0.296901
-0.123869,0.102995,0.294802
-0.124499,0.102855,0.292147
-0.122867,0.102469,0.294287
-0.126155,0.101677,0.295037
-0.126677,0.100581,0.292954
-0.127488,0.100882,0.293305
-0.126839,0.100768,0.293108
-0.129852,0.100163,0.291975
-0.129795,0.097468,0.292175
-0.132168,0.094403,0.290719
-0.132677,0.096012,0.289876
-0.134145,0.094305,0.288858
-0.134942,0.093681,0.287426
-0.134662,0.092110,0.286380
-0.134676,0.091293,0.286361
-0.137500,0.089623,0.285049
-0.137739,0.087041,0.284311
-0.139530,0.087201,0.282073
-0.140824,0.084844,0.282778
-0.142122,0.083750,0.278612
-0.144571,0.080414,0.277749
-0.145601,0.076409,0.275212
-0.144266,0.074146,0.272433
-0.146322,0.071403,0.270901
-0.149149,0.069305,0.269805
-0.148849,0.065778,0.265661
-0.150661,0.062049,0.263115
-0.151936,0.059521,0.260256
-0.154096,0.050273,0.256157
-0.152727,0.044440,0.249212
-0.156471,0.039729,0.246142
-0.157265,0.035586,0.241863
-0.157606,0.030900,0.239427
-0.158707,0.025650,0.234048
-0.160668,0.017178,0.228136
-0.166274,-0.111761,0.127634
-0.170320,-0.112192,0.126385
-0.171285,-0.113569,0.126242
-0.171631,-0.115021,0.127920
-0.170041,-0.114039,0.124366
-0.172069,-0.116418,0.125646
-0.172343,-0.118120,0.123064
-0.174720,-0.118032,0.121620
-0.179541,-0.118920,0.122400
-0.179132,-0.119774,0.119632
-0.181635,-0.119913,0.121511
-0.180101,-0.119972,0.120946
-0.180675,-0.122540,0.120093
-0.183123,-0.124063,0.118786
-0.184324,-0.123055,0.120522
-0.186064,-0.126263,0.116351
-0.186554,-0.124639,0.117029
-0.188287,-0.127224,0.114854
-0.189657,-0.127965,0.115014
-0.188591,-0.130369,0.113871
-0.191213,-0.132686,0.111462
-0.192277,-0.131766,0.109819
-0.194190,-0.133765,0.110376
-0.194551,-0.133766,0.108980
-0.198442,-0.136087,0.108133
-0.198813,-0.136185,0.108215
-0.200368,-0.139255,0.103179
-0.200193,-0.142228,0.106276
-0.200881,-0.142716,0.103234
-0.202680,-0.144744,0.102464
-0.205333,-0.144905,0.101345
-0.204995,-0.147265,0.098439
-0.206572,-0.149770,0.097002
-0.207894,-0.150690,0.098295
-0.209934,-0.153419,0.096742
-0.209021,-0.155389,0.093983
-0.213701,-0.155978,0.090563
-0.215012,-0.160109,0.090214
-0.214028,-0.161757,0.088202
-0.217390,-0.163957,0.086561
-0.217064,-0.165789,0.084591
-0.218514,-0.169381,0.083602
-0.218688,-0.167868,0.082601
-0.222116,-0.172100,0.079732
-0.224358,-0.172852,0.079874
-0.224352,-0.174707,0.079110
-0.225948,-0.176718,0.076162
-0.226405,-0.181755,0.075516
-0.228569,-0.183363,0.071523
-0.230753,-0.186384,0.069318
-0.232865,-0.188953,0.067334
-0.233712,-0.191891,0.064072
-0.234746,-0.196227,0.061283
-0.233728,-0.202460,0.058086
-0.234735,-0.206525,0.053017
0.116308,0.054322,0.258523
0.115938,0.055230,0.259769
0.112892,0.056326,0.261580
0.114757,0.058528,0.263838
0.113161,0.061197,0.264815
0.110439,0.062784,0.267796
0.108118,0.065880,0.266444
0.108848,0.065500,0.267623
0.106204,0.067883,0.268669
0.106980,0.068532,0.269547
0.106301,0.069166,0.271337
0.104731,0.071223,0.271087
0.102162,0.071217,0.273324
0.102711,0.071496,0.273066
0.101502,0.073034,0.272955
0.098728,0.072529,0.274134
0.098826,0.075606,0.274100
0.096774,0.075957,0.276360
0.096453,0.077336,0.278431
0.094440,0.076295,0.277381
0.094466,0.079113,0.278861
0.092651,0.080651,0.280031
0.090979,0.079874,0.279226
0.090668,0.081453,0.281380
0.089032,0.081971,0.280429
0.086879,0.082680,0.283625
0.086975,0.084613,0.282313
0.084329,0.085870,0.283774
0.084082,0.086109,0.284113
0.081898,0.085443,0.282648
0.083145,0.085786,0.285116
0.079796,0.086642,0.283097
0.079461,0.086442,0.284395
0.076353,0.089372,0.285733
0.076579,0.089503,0.287521
0.075625,0.091696,0.287192
0.075822,0.090382,0.287126
0.074897,0.091468,0.288619
0.071942,0.093139,0.287518
0.070726,0.092661,0.289889
0.071477,0.092643,0.290373
0.070621,0.095423,0.292437
0.067870,0.095811,0.290038
0.068445,0.096177,0.292601
0.066506,0.096309,0.291705
0.064545,0.097301,0.292336
0.063556,0.098840,0.293556
0.062256,0.099760,0.293524
0.061701,0.101092,0.295901
0.061954,0.102229,0.295462
0.062343,0.100501,0.295744
0.057918,0.100949,0.298240
0.058232,0.101251,0.297376
0.054909,0.103165,0.297729
0.053580,0.104954,0.298548
0.054646,0.103821,0.299175
0.054236,0.106500,0.298903
0.051677,0.104565,0.297775
0.048962,0.107537,0.300711
0.049613,0.107111,0.302615
0.048368,0.107605,0.299963
0.047149,0.108410,0.301318
0.043594,0.108895,0.302463
0.044748,0.109513,0.301979
0.043766,0.111067,0.303826
0.042009,0.111963,0.304668
0.041052,0.111425,0.304838
0.039542,0.112141,0.304905
0.038112,0.111241,0.305366
0.037482,0.113723,0.302770
0.036863,0.115219,0.306330
0.033923,0.112688,0.306088
0.034925,0.112982,0.304760
0.033889,0.115603,0.304615
0.032726,0.114470,0.307383
0.031924,0.115125,0.306725
0.031307,0.114509,0.307305
0.028307,0.115166,0.306817
0.029226,0.117276,0.308459
0.027999,0.117472,0.308203
0.025442,0.116299,0.309477
0.024818,0.116813,0.308332
0.023037,0.117130,0.308585
0.024187,0.119260,0.307290
0.022587,0.118338,0.309420
0.020960,0.118415,0.308427
0.022484,0.118902,0.309253
0.018224,0.119163,0.311034
0.018455,0.118304,0.309022
0.015841,0.119071,0.309485
0.015989,0.121136,0.310529
0.013902,0.120761,0.310020
0.012680,0.120050,0.308941
0.011993,0.118339,0.311522
0.012137,0.120080,0.310157
0.010640,0.120561,0.310523
0.009626,0.120514,0.310238
0.007540,0.121011,0.310251
0.006321,0.120976,0.310842
0.007975,0.121971,0.310754
0.006655,0.120567,0.312838
0.004942,0.120175,0.311251
0.002854,0.123084,0.311880
0.001424,0.122833,0.312832
0.000326,0.122282,0.313903
0.000675,0.123558,0.313455
-0.001257,0.121861,0.313857
-0.002292,0.122755,0.310235
-0.001671,0.122332,0.312885
-0.003534,0.124482,0.310549
-0.005604,0.122633,0.310933
-0.005716,0.123983,0.312684
-0.006890,0.121986,0.314760
-0.008964,0.123493,0.313369
-0.010480,0.123503,0.313145
-0.009635,0.122609,0.313527
-0.010509,0.121794,0.312145
-0.012308,0.122542,0.312960
-0.012852,0.124107,0.313139
-0.014876,0.122074,0.314374
-0.016806,0.123548,0.314410
-0.017043,0.122152,0.313826
-0.017503,0.123021,0.313871
-0.018638,0.124510,0.313799
-0.020821,0.123186,0.312154
-0.023294,0.122921,0.314645
-0.022804,0.122389,0.313281
-0.025210,0.123227,0.312659
-0.022812,0.121885,0.310292
-0.025701,0.123041,0.313175
-0.026309,0.122684,0.312595
-0.026366,0.123028,0.312766
-0.028671,0.123315,0.310911
-0.030540,0.120829,0.311713
-0.030792,0.123495,0.312434
-0.031395,0.122934,0.313704
-0.032834,0.123200,0.312852
-0.033806,0.121766,0.312429
-0.034247,0.121617,0.313299
-0.035470,0.120877,0.312118
-0.037152,0.120043,0.312349
-0.038263,0.121391,0.310179
-0.039161,0.119995,0.311675
-0.039480,0.120402,0.311176
-0.041660,0.121615,0.312526
-0.040541,0.120420,0.314675
-0.042938,0.122257,0.310844
-0.042736,0.120288,0.311634
-0.044156,0.120894,0.312964
-0.047950,0.119401,0.311213
-0.047517,0.120979,0.311409
-0.047600,0.120324,0.310017
-0.048929,0.119736,0.310994
-0.049980,0.120330,0.309867
-0.050756,0.120214,0.309683
-0.050814,0.119464,0.310674
-0.054013,0.118495,0.311394
-0.054893,0.119239,0.308677
-0.055748,0.119218,0.309994
-0.056343,0.117788,0.310335
-0.058206,0.115739,0.308425
-0.057897,0.119205,0.309006
-0.061655,0.115540,0.309733
-0.061450,0.117957,0.307295
-0.061986,0.117025,0.310128
-0.061867,0.115519,0.309713
-0.063170,0.117531,0.308841
-0.064160,0.116057,0.308795
-0.064484,0.116066,0.306824
-0.066203,0.116828,0.307242
-0.070718,0.115344,0.307767
-0.069887,0.117580,0.309234
-0.069477,0.116015,0.306661
-0.071808,0.115181,0.308716
-0.070611,0.117753,0.306656
-0.071269,0.116796,0.306532
-0.073942,0.115630,0.307956
-0.076493,0.112716,0.307068
-0.076438,0.115149,0.307165
-0.076799,0.114853,0.305987
-0.079352,0.113978,0.306432
-0.080156,0.114320,0.305895
-0.080344,0.114291,0.307338
-0.079212,0.111397,0.304112
-0.082083,0.113119,0.304937
-0.083186,0.113280,0.306057
-0.085123,0.112838,0.306232
-0.085318,0.113248,0.305717
-0.087558,0.113216,0.305803
-0.087013,0.112236,0.304241
-0.087549,0.111957,0.305107
-0.088950,0.113150,0.304635
-0.090363,0.110334,0.302881
-0.093819,0.112554,0.303407
-0.094271,0.110760,0.304954
-0.094931,0.109504,0.302902
-0.095786,0.108490,0.304284
-0.093915,0.110206,0.301928
-0.095210,0.109838,0.302446
-0.096915,0.107090,0.302225
-0.098836,0.108288,0.301420
-0.100114,0.107398,0.299691
-0.102263,0.108906,0.301732
-0.101265,0.108312,0.303304
-0.103241,0.107950,0.299728
-0.104577,0.108935,0.301636
-0.106291,0.106383,0.303212
-0.107392,0.105406,0.300478
-0.109096,0.106756,0.300040
-0.109461,0.105173,0.299565
-0.110545,0.105437,0.298482
-0.111034,0.105490,0.298318
-0.110652,0.106395,0.298147
-0.115472,0.105430,0.298628
-0.114463,0.102596,0.297949
-0.113841,0.101738,0.294632
-0.117869,0.103744,0.298851
-0.117687,0.103493,0.296764
-0.118759,0.100280,0.297101
-0.118329,0.103015,0.296346
-0.121837,0.101082,0.296059
-0.121499,0.099393,0.295148
-0.124027,0.099828,0.296406
-0.126736,0.096698,0.294800
-0.126525,0.100211,0.294655
-0.126319,0.100201,0.293087
-0.127535,0.099088,0.292613
-0.127800,0.098801,0.293977
-0.129032,0.096342,0.293008
-0.130453,0.096072,0.290841
-0.131077,0.093886,0.292522
-0.133471,0.093686,0.290663
-0.131582,0.094453,0.291421
-0.136684,0.091731,0.291110
-0.134409,0.092302,0.288571
-0.138436,0.091457,0.287598
-0.139225,0.089947,0.286895
-0.139273,0.086694,0.284194
-0.139329,0.086620,0.285119
-0.141966,0.084631,0.282455
-0.141736,0.082565,0.283039
-0.143832,0.079879,0.281022
-0.145836,0.075909,0.274934
-0.145222,0.072243,0.274300
-0.146116,0.070755,0.273694
-0.146772,0.066625,0.270647
-0.149023,0.063124,0.267139
-0.149075,0.061935,0.264272
-0.151515,0.056455,0.262798
-0.152862,0.048302,0.255283
-0.155571,0.042608,0.250537
-0.156426,0.039089,0.248018
-0.158322,0.034679,0.243363
-0.158856,0.029539,0.238776
-0.160879,0.024108,0.237381
-0.159668,0.019161,0.229957
-0.166120,-0.099169,0.138136
-0.167779,-0.099976,0.138530
-0.168397,-0.101953,0.137603
-0.171580,-0.106056,0.136521
-0.171809,-0.107532,0.134268
-0.172811,-0.106521,0.134424
-0.173192,-0.106578,0.132931
-0.176477,-0.108497,0.132222
-0.176871,-0.108945,0.130869
-0.177860,-0.109895,0.130942
-0.179249,-0.109775,0.129938
-0.178412,-0.111649,0.127469
-0.181707,-0.112989,0.126085
-0.182893,-0.113856,0.127093
-0.182294,-0.114128,0.127536
-0.184833,-0.115445,0.127990
-0.185232,-0.116512,0.126895
-0.186812,-0.116346,0.125112
-0.190035,-0.117949,0.122675
-0.188191,-0.120093,0.122173
-0.192330,-0.122319,0.120666
-0.191478,-0.124083,0.119156
-0.195169,-0.126341,0.118148
-0.194273,-0.129507,0.116503
-0.194868,-0.132022,0.115269
-0.198084,-0.134429,0.111899
-0.199060,-0.135971,0.107884
-0.198705,-0.137653,0.106949
-0.200042,-0.138546,0.108596
-0.204106,-0.140039,0.105164
-0.204387,-0.143748,0.106623
-0.207206,-0.145379,0.105279
-0.207653,-0.144511,0.102470
-0.207211,-0.146739,0.100926
-0.208609,-0.149262,0.100191
-0.210160,-0.148184,0.098212
-0.212033,-0.152696,0.100385
-0.213024,-0.155119,0.096069
-0.214100,-0.157687,0.093766
-0.216235,-0.159160,0.093280
-0.217070,-0.159884,0.090230
-0.218728,-0.163442,0.088033
-0.219265,-0.168115,0.088066
-0.220424,-0.168907,0.085354
-0.223603,-0.169998,0.081625
-0.226430,-0.172662,0.081498
-0.226990,-0.175250,0.080963
-0.227539,-0.175972,0.078153
-0.229328,-0.179667,0.075403
-0.231066,-0.182179,0.072510
-0.233158,-0.185013,0.070640
-0.235139,-0.188706,0.070391
-0.234777,-0.190246,0.067718
-0.235957,-0.192790,0.065119
-0.236159,-0.196418,0.062213
-0.238746,-0.201501,0.059612
-0.240337,-0.208390,0.053814
0.117108,0.052030,0.258227
0.116189,0.054786,0.260250
0.115012,0.055768,0.262809
0.111946,0.058947,0.264296
0.111885,0.058824,0.264814
0.109700,0.059655,0.266396
0.109578,0.063043,0.266791
0.106205,0.065237,0.269082
0.106508,0.064436,0.268788
0.104061,0.067035,0.269877
0.103790,0.069586,0.272740
0.103395,0.066985,0.273391
0.102511,0.069135,0.272661
0.099565,0.071202,0.273758
0.098382,0.072071,0.274956
0.099031,0.071585,0.274502
0.097896,0.073621,0.274332
0.097018,0.075505,0.277200
0.094174,0.076299,0.278703
0.092407,0.076309,0.278647
0.092433,0.076957,0.279572
0.090319,0.078677,0.278882
0.090793,0.078611,0.281122
0.089057,0.078905,0.282562
0.087257,0.081930,0.280899
0.088393,0.082005,0.282013
0.085551,0.080718,0.283923
0.084590,0.083477,0.283562
0.083894,0.084071,0.283290
0.080302,0.085075,0.284531
0.081211,0.085631,0.286683
0.078479,0.088267,0.286059
0.079164,0.088798,0.286845
0.076843,0.088471,0.287756
0.076686,0.088919,0.285773
0.075654,0.087144,0.288242
0.076007,0.090519,0.289209
0.072727,0.092406,0.289066
0.070656,0.090696,0.289835
0.073247,0.092235,0.291111
0.071106,0.093097,0.291235
0.068055,0.093396,0.292194
0.066411,0.096785,0.291514
0.066077,0.096123,0.292124
0.062959,0.096116,0.292315
0.064343,0.097524,0.295090
0.064196,0.096653,0.294873
0.062489,0.097527,0.295524
0.061123,0.098540,0.295231
0.060136,0.098968,0.296853
0.058239,0.100414,0.296212
0.057521,0.099151,0.297579
0.056600,0.101593,0.297152
0.053060,0.101614,0.297590
0.054464,0.102738,0.297860
0.053028,0.103102,0.298070
0.050878,0.102451,0.298891
0.048250,0.103754,0.299318
0.047734,0.104478,0.301469
0.047266,0.105705,0.299902
0.046899,0.108309,0.302417
0.046650,0.108259,0.301467
0.046489,0.107900,0.301954
0.043082,0.107354,0.303018
0.043635,0.108494,0.304516
0.041168,0.109368,0.303805
0.040133,0.109671,0.303951
0.039327,0.108675,0.305906
0.037227,0.111511,0.303719
0.037704,0.112365,0.306774
0.035744,0.110902,0.306233
0.034721,0.114056,0.306660
0.034373,0.113085,0.306434
0.032088,0.112182,0.308324
0.033355,0.114423,0.306563
0.030373,0.115014,0.306883
0.030536,0.114400,0.306701
0.026499,0.114097,0.307567
0.027113,0.115450,0.308601
0.026426,0.115462,0.308554
0.023940,0.117142,0.307818
0.025476,0.114916,0.310175
0.020886,0.115574,0.309258
0.023133,0.115969,0.308368
0.020162,0.118330,0.308908
0.020451,0.117442,0.309677
0.018557,0.117521,0.309505
0.017523,0.116564,0.310428
0.016003,0.117054,0.307922
0.015784,0.117020,0.309375
0.015036,0.117379,0.308870
0.012225,0.115988,0.310719
0.011916,0.117193,0.310912
0.010561,0.118189,0.310510
0.010115,0.120181,0.309813
0.010403,0.118483,0.311349
0.007487,0.119565,0.311053
0.007228,0.117963,0.310681
0.006243,0.120419,0.310756
0.005019,0.120682,0.309745
0.004193,0.118144,0.311561
0.004024,0.118724,0.311211
0.001684,0.121059,0.313242
0.000179,0.120012,0.312036
0.000016,0.120516,0.312877
-0.001833,0.120112,0.312843
-0.003945,0.121579,0.312439
-0.003095,0.119612,0.311482
-0.005984,0.119510,0.313188
-0.006459,0.121672,0.312408
-0.007664,0.121780,0.312722
-0.006101,0.122616,0.314992
-0.009458,0.121852,0.312623
-0.007604,0.120754,0.315116
-0.009723,0.120097,0.313821
-0.010728,0.121573,0.314281
-0.013053,0.123475,0.314025
-0.013020,0.122237,0.313368
-0.016158,0.122276,0.312080
-0.014444,0.121442,0.313580
-0.018174,0.121211,0.313851
-0.016994,0.121178,0.312705
-0.019107,0.120915,0.314690
-0.018446,0.120404,0.313614
-0.020581,0.122430,0.314170
-0.021863,0.120306,0.314606
-0.021736,0.122099,0.312989
-0.023484,0.120852,0.313243
-0.025137,0.120836,0.313267
-0.025112,0.121848,0.314095
-0.026343,0.120231,0.314361
-0.027953,0.121643,0.312324
-0.028662,0.120074,0.315032
-0.030521,0.120594,0.313274
-0.031529,0.120848,0.311261
-0.031359,0.120839,0.311433
-0.033594,0.120819,0.310286
-0.034463,0.121421,0.313396
-0.036226,0.120750,0.311800
-0.035872,0.120339,0.312636
-0.037871,0.120183,0.313424
-0.038593,0.118670,0.311071
-0.039474,0.118531,0.311812
-0.040711,0.118871,0.312739
-0.042412,0.120205,0.310277
-0.042403,0.119629,0.312440
-0.045289,0.119426,0.313373
-0.045127,0.117451,0.312128
-0.044728,0.121492,0.310589
-0.046145,0.119548,0.311234
-0.047608,0.119273,0.311651
-0.048763,0.117560,0.310304
-0.051447,0.117323,0.311086
-0.052277,0.117948,0.309406
-0.051424,0.117243,0.311616
-0.054181,0.118690,0.308369
-0.053222,0.115927,0.309848
-0.055533,0.117944,0.308569
-0.056138,0.118150,0.310697
-0.056352,0.116093,0.310046
-0.057953,0.117793,0.310426
-0.058090,0.116138,0.307916
-0.061169,0.117150,0.308845
-0.062576,0.115415,0.310031
-0.064310,0.116033,0.308795
-0.064364,0.114283,0.308331
-0.065137,0.113951,0.307443
-0.067474,0.114781,0.309734
-0.068012,0.114906,0.309277
-0.068472,0.113212,0.308960
-0.067736,0.116088,0.307477
-0.069072,0.115094,0.307034
-0.070669,0.114390,0.309110
-0.071355,0.113667,0.305607
-0.072700,0.113949,0.307509
-0.075690,0.113642,0.307276
-0.074905,0.113088,0.307281
-0.076597,0.112497,0.307014
-0.077374,0.112646,0.306400
-0.077059,0.115063,0.305303
-0.080905,0.113543,0.306339
-0.080377,0.112867,0.305435
-0.082785,0.112536,0.306681
-0.082693,0.111191,0.305829
-0.082967,0.111708,0.304590
-0.083443,0.111403,0.306154
-0.085450,0.112565,0.305344
-0.087328,0.110798,0.304610
-0.089689,0.108775,0.305000
-0.089699,0.109378,0.304846
-0.088977,0.111175,0.304407
-0.089919,0.108932,0.303451
-0.092498,0.110124,0.303787
-0.094292,0.108092,0.303150
-0.094225,0.108080,0.303039
-0.094100,0.108102,0.303990
-0.094764,0.108978,0.302861
-0.099482,0.107350,0.304017
-0.097906,0.105948,0.301966
-0.098836,0.107658,0.301434
-0.100278,0.106865,0.301358
-0.100486,0.105493,0.302347
-0.102835,0.106581,0.302055
-0.104140,0.105572,0.301592
-0.103780,0.106089,0.300626
-0.107091,0.106461,0.300162
-0.108413,0.103339,0.302123
-0.108236,0.104538,0.302103
-0.107952,0.103064,0.298843
-0.109620,0.105394,0.299588
-0.111710,0.102920,0.300010
-0.112550,0.103280,0.301973
-0.112450,0.103511,0.299361
-0.114055,0.101914,0.298978
-0.117050,0.102928,0.296368
-0.117340,0.101103,0.297487
-0.118192,0.100028,0.295664
-0.119520,0.100085,0.296923
-0.117658,0.102149,0.296597
-0.120792,0.098875,0.294284
-0.120925,0.097246,0.294581
-0.123216,0.096798,0.296860
-0.122034,0.098176,0.296735
-0.125309,0.097889,0.293841
-0.125366,0.095856,0.294862
-0.128452,0.098173,0.296192
-0.127328,0.097190,0.295929
-0.128273,0.097117,0.293680
-0.133063,0.096522,0.291292
-0.131966,0.093478,0.291098
-0.132960,0.092684,0.290212
-0.134583,0.091087,0.288951
-0.135591,0.091252,0.290924
-0.134924,0.089064,0.287547
-0.135830,0.088058,0.286492
-0.138217,0.087560,0.285463
-0.139476,0.086106,0.286319
-0.140054,0.085496,0.284846
-0.141898,0.084430,0.284579
-0.142965,0.081599,0.283077
-0.143856,0.080207,0.280575
-0.147417,0.078720,0.280777
-0.145686,0.071592,0.275394
-0.146928,0.069272,0.273226
-0.147840,0.069650,0.270192
-0.150364,0.065097,0.269159
-0.149334,0.062294,0.266957
-0.151673,0.055689,0.263324
-0.152781,0.047494,0.256450
-0.153419,0.042774,0.250034
-0.155968,0.038058,0.248111
-0.157978,0.031798,0.246587
-0.157011,0.028665,0.240721
-0.158401,0.023361,0.236681
-0.159355,0.017630,0.231224
-0.163172,-0.001586,0.217600
-0.166969,-0.090609,0.147914
-0.167721,-0.092098,0.147420
-0.170907,-0.093689,0.143896
-0.169126,-0.094376,0.144581
-0.173983,-0.096696,0.142637
-0.172608,-0.099004,0.140935
-0.175113,-0.098295,0.140842
-0.175001,-0.101917,0.141875
-0.177618,-0.101838,0.138256
-0.177140,-0.105609,0.137875
-0.179862,-0.105249,0.135792
-0.181978,-0.106810,0.137052
-0.182783,-0.108663,0.136624
-0.182722,-0.107570,0.134320
-0.183543,-0.110343,0.132939
-0.186403,-0.111770,0.131382
-0.187145,-0.113329,0.130874
-0.188214,-0.116775,0.128050
-0.190628,-0.112876,0.128873
-0.189710,-0.118175,0.127729
-0.192792,-0.118439,0.125303
-0.193282,-0.120495,0.124081
-0.193563,-0.120979,0.121604
-0.195163,-0.126074,0.121127
-0.196521,-0.127263,0.117346
-0.197235,-0.129411,0.118641
-0.200356,-0.133329,0.116974
-0.201388,-0.135269,0.115096
-0.200935,-0.137550,0.113275
-0.203994,-0.138129,0.110144
-0.205918,-0.141214,0.108360
-0.207639,-0.143053,0.106642
-0.207303,-0.147152,0.106470
-0.208633,-0.146345,0.103603
-0.209489,-0.149392,0.103606
-0.211519,-0.149578,0.102380
-0.211627,-0.151518,0.099529
-0.215103,-0.153226,0.096760
-0.216888,-0.155322,0.096912
-0.217228,-0.157377,0.095521
-0.218026,-0.159796,0.091696
-0.220851,-0.160491,0.092351
-0.222679,-0.168588,0.087661
-0.223404,-0.166855,0.086402
-0.223118,-0.171349,0.086476
-0.223780,-0.171796,0.085220
-0.226578,-0.173872,0.081026
-0.226133,-0.177036,0.080312
-0.229047,-0.178286,0.078907
-0.230130,-0.181548,0.077613
-0.231585,-0.183868,0.075039
-0.235002,-0.188468,0.072339
-0.235774,-0.188424,0.069490
-0.237296,-0.190084,0.066373
-0.238051,-0.192878,0.065882
-0.238796,-0.198063,0.064036
-0.238890,-0.201400,0.058725
-0.243768,-0.211141,0.053534
0.115240,0.049362,0.257651
0.114184,0.052538,0.259550
0.114058,0.054622,0.259865
0.112322,0.056926,0.264142
0.109560,0.057789,0.264365
0.111341,0.058242,0.269219
0.105973,0.059431,0.267075
0.106864,0.063090,0.268035
0.105814,0.062356,0.269778
0.104112,0.065077,0.270354
0.102614,0.067264,0.272156
0.101677,0.065393,0.272396
0.101129,0.069758,0.273019
0.100947,0.069260,0.272903
0.097941,0.071349,0.275260
0.096783,0.074076,0.275600
0.094781,0.073066,0.277339
0.095527,0.075044,0.278047
0.093362,0.075595,0.278096
0.091769,0.075945,0.277809
0.090851,0.076214,0.279695
0.090720,0.076714,0.283283
0.088210,0.077345,0.280636
0.088431,0.078182,0.283309
0.087075,0.079082,0.280210
0.086846,0.078909,0.282060
0.083694,0.083429,0.284047
0.083237,0.082220,0.281952
0.080942,0.082934,0.283802
0.081098,0.082480,0.286129
0.080233,0.083817,0.285327
0.078247,0.087058,0.286993
0.076484,0.085435,0.286303
0.075131,0.087549,0.286630
0.073945,0.087023,0.288545
0.073695,0.089205,0.289017
0.073963,0.087267,0.288736
0.072451,0.088843,0.288747
0.069414,0.090334,0.290414
0.068940,0.091936,0.290889
0.066509,0.091209,0.290954
0.068231,0.092010,0.292998
0.065337,0.093908,0.292636
0.063745,0.091552,0.292637
0.065383,0.094297,0.292858
0.061855,0.096045,0.294759
0.060075,0.094916,0.294998
0.062985,0.096180,0.297030
0.060344,0.097121,0.297141
0.058980,0.097953,0.296617
0.056682,0.099018,0.297961
0.055103,0.098184,0.298827
0.053931,0.101374,0.299195
0.053810,0.099259,0.299286
0.052349,0.102147,0.298511
0.052014,0.102116,0.299630
0.051725,0.102818,0.300620
0.050138,0.102956,0.301001
0.048192,0.102291,0.299804
0.045872,0.101492,0.301691
0.045818,0.105094,0.301514
0.045494,0.106007,0.304078
0.043419,0.105688,0.302927
0.041990,0.107300,0.303381
0.040833,0.108516,0.303387
0.040306,0.107276,0.305298
0.038110,0.109110,0.305180
0.038285,0.108615,0.305933
0.038463,0.110316,0.304726
0.036223,0.108536,0.307445
0.034964,0.110777,0.305067
0.033425,0.111830,0.306840
0.031075,0.112105,0.306382
0.033344,0.111549,0.306192
0.031987,0.114132,0.307727
0.029271,0.113191,0.309251
0.029872,0.113375,0.308025
0.029393,0.111264,0.308817
0.026814,0.113441,0.308486
0.025134,0.116256,0.309972
0.024455,0.114239,0.308680
0.024083,0.116678,0.310660
0.021385,0.114292,0.308855
0.021779,0.114262,0.309254
0.021209,0.113378,0.310188
0.017455,0.115587,0.308023
0.017363,0.114195,0.308038
0.016150,0.114704,0.310189
0.015499,0.115873,0.310694
0.014297,0.115608,0.311022
0.012715,0.115650,0.311401
0.013786,0.117994,0.310393
0.013217,0.116542,0.310549
0.010031,0.117380,0.311586
0.010068,0.117665,0.314874
0.008500,0.117976,0.313500
0.009361,0.118716,0.312655
0.006161,0.117114,0.313137
0.005164,0.118016,0.311398
0.004227,0.118965,0.311415
0.002183,0.119016,0.311248
0.001557,0.119233,0.312906
-0.000400,0.117389,0.312886
-0.000118,0.117442,0.311787
0.000547,0.118962,0.312074
-0.003650,0.118906,0.314343
-0.001467,0.118173,0.312872
-0.003676,0.120750,0.313581
-0.003824,0.121031,0.314020
-0.005077,0.118924,0.311979
-0.006397,0.119989,0.312492
-0.008944,0.119809,0.314043
-0.010704,0.118318,0.314382
-0.011534,0.119848,0.311987
-0.011077,0.120013,0.314599
-0.011707,0.120176,0.313823
-0.012795,0.119220,0.313394
-0.015362,0.119965,0.311962
-0.016552,0.121148,0.313893
-0.016023,0.121224,0.314050
-0.018261,0.117856,0.313431
-0.019863,0.119865,0.312954
-0.019634,0.119388,0.314294
-0.020852,0.120237,0.314473
-0.021256,0.120122,0.313017
-0.025586,0.119838,0.312540
-0.023603,0.117879,0.313149
-0.025076,0.118076,0.312947
-0.026481,0.117671,0.314934
-0.026807,0.118754,0.312783
-0.028003,0.120874,0.313279
-0.027716,0.120655,0.313817
-0.029461,0.120647,0.313757
-0.030988,0.118721,0.313793
-0.032583,0.119306,0.313105
-0.034713,0.120459,0.312560
-0.034577,0.117729,0.313440
-0.034701,0.119824,0.312823
-0.037170,0.118353,0.312757
-0.035540,0.118621,0.311399
-0.037337,0.118678,0.313130
-0.037954,0.117118,0.311794
-0.040064,0.117198,0.312941
-0.041299,0.116813,0.311710
-0.044108,0.117717,0.312813
-0.043663,0.116471,0.312233
-0.043954,0.119054,0.310364
-0.046542,0.117651,0.311148
-0.046323,0.117251,0.311842
-0.046135,0.115996,0.311644
-0.050190,0.116485,0.310537
-0.050558,0.116444,0.311539
-0.050621,0.117089,0.312773
-0.050693,0.116647,0.309689
-0.054055,0.118741,0.311132
-0.054925,0.115177,0.311205
-0.055964,0.116671,0.311951
-0.055713,0.116967,0.309527
-0.056709,0.114586,0.309793
-0.058466,0.114109,0.309040
-0.058312,0.113588,0.310066
-0.060095,0.114428,0.310617
-0.061814,0.114387,0.311524
-0.060837,0.115410,0.309389
-0.063610,0.114100,0.311719
-0.065543,0.114188,0.310370
-0.065345,0.112899,0.307661
-0.066849,0.114177,0.309347
-0.067566,0.113217,0.306682
-0.067406,0.113439,0.309493
-0.069991,0.114486,0.308303
-0.071221,0.114185,0.307665
-0.072170,0.111628,0.307299
-0.073234,0.111077,0.307189
-0.073889,0.112810,0.307738
-0.076677,0.110875,0.307233
-0.074997,0.111072,0.306560
-0.075833,0.111894,0.307151
-0.077566,0.112761,0.307809
-0.079459,0.111368,0.306673
-0.079465,0.109800,0.305299
-0.082286,0.110006,0.305209
-0.083499,0.110959,0.305191
-0.083385,0.110633,0.306382
-0.083056,0.110030,0.305887
-0.085355,0.109654,0.303278
-0.086694,0.106356,0.304581
-0.089290,0.108265,0.304656
-0.088399,0.110885,0.305263
-0.090954,0.107894,0.303917
-0.091274,0.109139,0.305058
-0.091168,0.108884,0.304571
-0.091299,0.108923,0.304678
-0.093578,0.106529,0.303567
-0.095069,0.106636,0.303662
-0.096147,0.105687,0.303747
-0.096481,0.106940,0.304446
-0.097675,0.105334,0.301723
-0.099708,0.105474,0.301531
-0.102296,0.104410,0.302131
-0.103675,0.106268,0.300779
-0.101187,0.105077,0.301698
-0.104349,0.104721,0.299762
-0.104439,0.105913,0.301278
-0.106395,0.104311,0.301367
-0.107503,0.103235,0.299153
-0.107769,0.102902,0.300770
-0.108806,0.104159,0.299575
-0.109276,0.102622,0.300242
-0.110596,0.104111,0.299891
-0.111756,0.100793,0.299227
-0.112572,0.099617,0.298315
-0.114295,0.100724,0.298937
-0.116526,0.099233,0.300029
-0.115578,0.100395,0.296970
-0.118126,0.099792,0.298283
-0.117700,0.099084,0.297809
-0.118225,0.098929,0.297549
-0.119447,0.097317,0.296824
-0.122293,0.097453,0.296368
-0.123709,0.097543,0.294519
-0.123508,0.096772,0.294386
-0.125719,0.095896,0.294898
-0.124427,0.095061,0.295399
-0.126608,0.095658,0.296233
-0.127971,0.095203,0.293898
-0.128946,0.095583,0.294728
-0.129698,0.094358,0.294417
-0.130389,0.094604,0.293447
-0.131871,0.094139,0.293657
-0.134605,0.091656,0.292028
-0.132445,0.089428,0.291287
-0.134711,0.089355,0.290236
-0.136685,0.088995,0.288062
-0.138190,0.088360,0.288192
-0.138226,0.087283,0.287817
-0.140946,0.086914,0.286745
-0.140583,0.084055,0.285271
-0.141617,0.081112,0.283070
-0.143078,0.081282,0.283231
-0.145500,0.077819,0.281762
-0.144605,0.072468,0.276145
-0.149220,0.070264,0.274660
-0.144830,0.068585,0.272269
-0.147785,0.063097,0.271720
-0.151538,0.060376,0.266607
-0.152727,0.052436,0.261241
-0.151886,0.044765,0.255340
-0.155490,0.040606,0.252379
-0.156312,0.037983,0.247194
-0.156266,0.030356,0.246877
-0.159017,0.027266,0.242878
-0.160243,0.022737,0.237193
-0.161142,0.018948,0.234819
-0.162788,0.001459,0.220341
-0.166593,-0.084955,0.154749
-0.169558,-0.085431,0.151505
-0.168824,-0.089611,0.152537
-0.171521,-0.090010,0.149549
-0.171169,-0.093397,0.148655
-0.174010,-0.093247,0.147990
-0.173739,-0.094741,0.148428
-0.174652,-0.097558,0.145590
-0.177276,-0.096545,0.141843
-0.176683,-0.100747,0.139713
-0.178655,-0.100563,0.140406
-0.182646,-0.099367,0.141905
-0.182498,-0.103514,0.136552
-0.184696,-0.102580,0.139660
-0.184528,-0.104574,0.136869
-0.185992,-0.105725,0.135578
-0.187741,-0.107864,0.136019
-0.188253,-0.110554,0.132602
-0.187306,-0.110630,0.132985
-0.188501,-0.112215,0.132720
-0.193015,-0.115140,0.131035
-0.193411,-0.115039,0.129975
-0.195561,-0.117459,0.127908
-0.196727,-0.118331,0.125949
-0.196445,-0.119877,0.123590
-0.197649,-0.125151,0.122757
-0.201038,-0.125395,0.121837
-0.202812,-0.126907,0.120776
-0.202131,-0.131592,0.118801
-0.203726,-0.133586,0.115427
-0.207358,-0.136985,0.114467
-0.207172,-0.138434,0.112500
-0.206279,-0.139732,0.109669
-0.208811,-0.141018,0.110171
-0.210607,-0.143838,0.105398
-0.211823,-0.145863,0.107726
-0.213956,-0.146578,0.104012
-0.213615,-0.147596,0.102985
-0.215713,-0.152503,0.103531
-0.216953,-0.154987,0.098492
-0.218349,-0.156184,0.098799
-0.219480,-0.159080,0.094723
-0.218767,-0.160132,0.093266
-0.223639,-0.162667,0.092826
-0.223375,-0.164618,0.089301
-0.224189,-0.169908,0.088634
-0.229106,-0.171153,0.087263
-0.228967,-0.173029,0.083460
-0.230092,-0.175935,0.083080
-0.229671,-0.178682,0.081897
-0.231283,-0.179821,0.078902
-0.232931,-0.183631,0.078109
-0.235493,-0.184477,0.073526
-0.234350,-0.186903,0.072743
-0.235433,-0.190326,0.072083
-0.239032,-0.193951,0.067676
-0.241402,-0.197259,0.066204
-0.242565,-0.201268,0.062654
-0.244898,-0.202876,0.060761
0.115792,0.048182,0.259008
0.113323,0.050204,0.262646
0.113312,0.054368,0.261571
0.111255,0.054015,0.263949
0.108835,0.056433,0.265991
0.108442,0.057229,0.266573
0.106152,0.060056,0.268084
0.105297,0.060659,0.268447
0.104960,0.062523,0.270096
0.102518,0.063104,0.270408
0.101453,0.065481,0.270916
0.101609,0.066259,0.274122
0.099907,0.066561,0.273225
0.098799,0.068952,0.273912
0.097418,0.069166,0.275870
0.095105,0.070565,0.276970
0.094469,0.073249,0.276370
0.094368,0.072026,0.277009
0.093824,0.073606,0.279008
0.092373,0.073811,0.280356
0.090237,0.076156,0.280154
0.090195,0.076174,0.280083
0.089167,0.076110,0.281470
0.086962,0.076571,0.282193
0.085368,0.079289,0.281723
0.083115,0.080385,0.282773
0.081162,0.080208,0.284329
0.081777,0.080202,0.284128
0.080804,0.082797,0.285760
0.081120,0.081928,0.284288
0.078559,0.082853,0.287667
0.078657,0.085474,0.284684
0.076759,0.083377,0.287493
0.074999,0.084526,0.287829
0.072714,0.085391,0.288585
0.072586,0.085666,0.288150
0.072785,0.088110,0.291689
0.070784,0.089271,0.290989
0.070090,0.088919,0.290664
0.067913,0.089864,0.291238
0.066779,0.092056,0.290909
0.066464,0.092037,0.293320
0.066522,0.090964,0.295289
0.062850,0.091517,0.293453
0.062564,0.092610,0.294129
0.060688,0.095859,0.295166
0.061754,0.094066,0.295229
0.057896,0.096025,0.296797
0.059662,0.096947,0.297107
0.056575,0.097593,0.299963
0.056773,0.097329,0.297496
0.055610,0.098747,0.298201
0.053516,0.098216,0.298743
0.052624,0.099044,0.298351
0.050523,0.099023,0.300406
0.049845,0.101982,0.298906
0.049621,0.101042,0.301050
0.049562,0.101471,0.300572
0.046581,0.102778,0.302575
0.047873,0.102834,0.302101
0.044839,0.104286,0.305193
0.043537,0.105881,0.302862
0.043550,0.106267,0.303973
0.042895,0.105995,0.303254
0.041020,0.106156,0.303520
0.038915,0.107175,0.305063
0.037923,0.107587,0.305601
0.038269,0.108181,0.305534
0.037516,0.108223,0.305837
0.035039,0.109794,0.306904
0.034176,0.110260,0.307252
0.032154,0.107359,0.306172
0.031742,0.109357,0.306626
0.032045,0.111494,0.307687
0.028774,0.110704,0.310432
0.028881,0.110520,0.307852
0.028005,0.111948,0.308400
0.025414,0.112210,0.308010
0.026190,0.111321,0.310631
0.023570,0.114048,0.310502
0.023543,0.112517,0.310170
0.021719,0.112978,0.310827
0.021899,0.112711,0.310181
0.019819,0.115447,0.309247
0.017114,0.113005,0.310000
0.017348,0.113821,0.311859
0.016867,0.114544,0.310838
0.016946,0.113827,0.311868
0.014799,0.116453,0.311208
0.013677,0.114914,0.309509
0.013127,0.114869,0.310781
0.011761,0.115498,0.312650
0.012662,0.115361,0.311535
0.008362,0.116059,0.313365
0.007368,0.115612,0.311818
0.006179,0.117210,0.312874
0.005671,0.115731,0.310517
0.007774,0.115909,0.311841
0.002135,0.117091,0.311905
0.003879,0.116500,0.312540
0.001812,0.115322,0.314302
0.001792,0.118374,0.312352
0.000027,0.116526,0.312692
-0.000097,0.116886,0.314400
-0.001771,0.119022,0.313255
-0.001856,0.118019,0.314210
-0.004994,0.116952,0.312104
-0.005213,0.117158,0.312091
-0.005386,0.119045,0.314070
-0.007362,0.119456,0.313389
-0.007789,0.118382,0.313287
-0.008532,0.118983,0.311944
-0.009097,0.116969,0.313652
-0.011174,0.119703,0.314956
-0.013675,0.118753,0.312928
-0.012797,0.116998,0.314024
-0.017054,0.120531,0.314057
-0.015907,0.118325,0.315097
-0.018580,0.118239,0.313456
-0.018134,0.118934,0.314521
-0.018945,0.119451,0.314269
-0.020365,0.117801,0.312680
-0.019728,0.117403,0.314320
-0.022855,0.118685,0.314126
-0.024327,0.118065,0.313104
-0.025487,0.117647,0.313609
-0.024781,0.118928,0.314465
-0.026001,0.116818,0.314669
-0.026071,0.116980,0.313934
-0.029194,0.120027,0.314256
-0.031169,0.120315,0.315612
-0.032061,0.117648,0.314736
-0.032040,0.118913,0.313938
-0.031893,0.118862,0.313726
-0.031421,0.116587,0.313846
-0.034941,0.116118,0.312693
-0.036511,0.115401,0.313165
-0.034342,0.118369,0.312454
-0.039574,0.116842,0.311981
-0.038516,0.117271,0.315648
-0.038504,0.118409,0.311006
-0.040645,0.116343,0.312742
-0.041519,0.116404,0.313071
-0.042183,0.114013,0.310952
-0.043637,0.116312,0.313073
-0.046285,0.117060,0.311593
-0.046346,0.116475,0.312022
-0.046045,0.116181,0.311586
-0.047189,0.115059,0.312350
-0.050158,0.114125,0.310934
-0.049885,0.115816,0.313628
-0.051256,0.116022,0.312195
-0.051593,0.114506,0.310966
-0.052970,0.115126,0.309065
-0.054307,0.115817,0.311016
-0.054606,0.113075,0.308687
-0.055062,0.112386,0.309159
-0.055998,0.114887,0.311339
-0.059425,0.114753,0.310857
-0.058967,0.114802,0.309211
-0.060582,0.112469,0.311756
-0.059816,0.113136,0.311339
-0.062344,0.114248,0.310754
-0.063599,0.114190,0.309271
-0.065599,0.112595,0.309157
-0.065516,0.110641,0.309477
-0.066505,0.112118,0.308031
-0.069152,0.113325,0.310368
-0.068821,0.111060,0.309263
-0.070100,0.112427,0.310715
-0.071768,0.108122,0.307916
-0.073199,0.109931,0.306856
-0.072248,0.111112,0.306556
-0.074133,0.113532,0.308008
-0.075530,0.109692,0.308394
-0.075954,0.107762,0.306027
-0.077515,0.109522,0.308158
-0.076139,0.110786,0.306442
-0.078012,0.109914,0.306523
-0.079766,0.109704,0.307023
-0.081668,0.108657,0.307139
-0.082516,0.110735,0.307552
-0.085556,0.108570,0.305885
-0.084775,0.107284,0.304684
-0.085613,0.109674,0.306751
-0.087845,0.106180,0.305866
-0.087396,0.106588,0.307209
-0.089371,0.107077,0.304540
-0.087922,0.105847,0.303769
-0.092243,0.106811,0.303484
-0.091052,0.106813,0.305899
-0.092458,0.106622,0.303691
-0.094115,0.105871,0.304971
-0.095724,0.105152,0.303794
-0.097287,0.105662,0.303697
-0.097812,0.103626,0.305573
-0.097762,0.105075,0.303901
-0.101421,0.102516,0.302133
-0.100532,0.105087,0.303546
-0.101041,0.103200,0.302605
-0.102496,0.101208,0.300100
-0.103464,0.102421,0.301529
-0.104229,0.103470,0.302423
-0.105463,0.103880,0.302177
-0.105977,0.102311,0.299624
-0.106431,0.101907,0.300268
-0.108442,0.101526,0.302400
-0.110289,0.099545,0.300527
-0.108959,0.099739,0.298959
-0.111962,0.100745,0.299913
-0.112166,0.102142,0.299747
-0.114282,0.101574,0.298052
-0.112940,0.096847,0.298622
-0.115145,0.096978,0.298445
-0.119315,0.097750,0.298632
-0.117118,0.098554,0.298326
-0.119025,0.097079,0.298769
-0.119050,0.098387,0.297853
-0.120664,0.096037,0.296694
-0.122567,0.095011,0.296944
-0.124221,0.095929,0.295043
-0.125757,0.095763,0.296794
-0.124317,0.094925,0.296050
-0.126098,0.093804,0.295079
-0.128585,0.093228,0.294730
-0.130611,0.094882,0.294665
-0.130232,0.093335,0.295973
-0.129350,0.092669,0.293586
-0.130766,0.091464,0.292526
-0.134717,0.090130,0.294012
-0.134943,0.087674,0.292899
-0.134306,0.089000,0.290151
-0.136283,0.089869,0.291933
-0.137320,0.087422,0.290893
-0.137493,0.084509,0.288962
-0.139141,0.085180,0.286998
-0.140844,0.083208,0.287142
-0.142802,0.080974,0.283346
-0.141981,0.079595,0.283624
-0.144918,0.077203,0.282199
-0.144064,0.075526,0.279435
-0.149053,0.069149,0.276232
-0.147029,0.065311,0.274466
-0.150618,0.065590,0.273124
-0.149813,0.062046,0.268779
-0.153283,0.054320,0.262608
-0.153485,0.043988,0.257985
-0.154323,0.040218,0.252675
-0.154605,0.034388,0.251066
-0.156769,0.028078,0.244886
-0.158400,0.026220,0.242211
-0.160694,0.021766,0.238900
-0.159438,0.016818,0.236004
-0.162791,0.006115,0.227090
-0.167205,-0.077840,0.163128
-0.167379,-0.082255,0.159499
-0.169566,-0.082469,0.157772
-0.171092,-0.085877,0.155192
-0.171660,-0.084261,0.155396
-0.173193,-0.087261,0.153240
-0.173735,-0.090636,0.152428
-0.174662,-0.091385,0.150293
-0.177785,-0.093783,0.147991
-0.177309,-0.095289,0.148946
-0.179908,-0.097771,0.146752
-0.181253,-0.098124,0.148190
-0.181373,-0.097518,0.146326
-0.182769,-0.099646,0.145601
-0.185331,-0.101231,0.143720
-0.183608,-0.101639,0.140194
-0.186991,-0.104331,0.139541
-0.188316,-0.105517,0.140983
-0.189136,-0.108480,0.138474
-0.190006,-0.108618,0.134115
-0.191397,-0.111549,0.134042
-0.193230,-0.112385,0.133299
-0.193045,-0.114103,0.134845
-0.196012,-0.114316,0.132188
-0.197454,-0.117432,0.130267
-0.198056,-0.119433,0.129345
-0.199234,-0.119147,0.127016
-0.199622,-0.121976,0.125958
-0.203027,-0.123808,0.124158
-0.202935,-0.126284,0.121034
-0.205900,-0.130144,0.120787
-0.205990,-0.132301,0.118664
-0.208090,-0.135373,0.116472
-0.208193,-0.138442,0.114921
-0.208272,-0.139029,0.111796
-0.211293,-0.143275,0.112555
-0.212198,-0.142855,0.109156
-0.213207,-0.144685,0.109847
-0.216773,-0.147177,0.107220
-0.215769,-0.148226,0.103634
-0.217569,-0.153751,0.102751
-0.220014,-0.154460,0.098809
-0.222004,-0.159747,0.098531
-0.221374,-0.158984,0.096027
-0.224206,-0.163608,0.094412
-0.225317,-0.166270,0.092681
-0.224424,-0.166706,0.090956
-0.227628,-0.168683,0.087656
-0.229881,-0.171528,0.086277
-0.230705,-0.175080,0.086909
-0.232339,-0.177616,0.082751
-0.234373,-0.179538,0.082256
-0.234651,-0.182896,0.079797
-0.235318,-0.184870,0.077674
-0.237934,-0.187973,0.074733
-0.239399,-0.190922,0.073726
-0.242138,-0.192114,0.071189
-0.240922,-0.196504,0.069502
-0.243825,-0.198058,0.065809
-0.242843,-0.203754,0.062469
-0.244323,-0.206110,0.059843
0.112287,0.047671,0.261736
0.111433,0.050798,0.260388
0.110243,0.052402,0.263000
0.109176,0.055984,0.264340
0.108087,0.056163,0.267531
0.106296,0.057658,0.266748
0.105090,0.058619,0.269620
0.103595,0.059655,0.269948
0.101618,0.062960,0.271460
0.100648,0.062562,0.271900
0.099223,0.064230,0.273869
0.098223,0.063933,0.276402
0.098586,0.066637,0.275339
0.095302,0.069268,0.275798
0.095198,0.069103,0.277546
0.094296,0.069073,0.276293
0.091435,0.072281,0.279168
0.091676,0.071675,0.279026
0.088086,0.073514,0.279219
0.090595,0.073625,0.279315
0.087799,0.075896,0.280467
0.087035,0.074682,0.280736
0.086559,0.076150,0.283590
0.083712,0.078291,0.282449
0.083883,0.077821,0.283860
0.083605,0.077924,0.284002
0.080709,0.078443,0.286121
0.080443,0.080574,0.286691
0.079865,0.079635,0.286845
0.079455,0.081195,0.286889
0.076051,0.082616,0.288715
0.076768,0.084065,0.287686
0.072794,0.081630,0.290855
0.072888,0.082291,0.290893
0.071686,0.085646,0.288081
0.069803,0.086604,0.291141
0.070837,0.085467,0.292703
0.067986,0.087785,0.293592
0.067305,0.086894,0.292109
0.065966,0.088373,0.294716
0.065037,0.090491,0.294976
0.065761,0.091401,0.294530
0.063444,0.092229,0.295462
0.061885,0.092725,0.295815
0.059645,0.094467,0.293957
0.060494,0.095281,0.295803
0.059048,0.094149,0.296239
0.057947,0.095623,0.299527
0.057593,0.096057,0.297320
0.054470,0.096377,0.299009
0.053824,0.096625,0.300382
0.051352,0.097545,0.300913
0.049875,0.098368,0.298628
0.051897,0.099271,0.300663
0.048564,0.097539,0.300459
0.049071,0.100896,0.302854
0.048761,0.100649,0.301746
0.048172,0.102692,0.301574
0.044052,0.101793,0.304640
0.044790,0.102956,0.302005
0.043479,0.102457,0.304497
0.042015,0.105008,0.303932
0.040930,0.104300,0.304628
0.040236,0.105360,0.303728
0.039269,0.105179,0.306695
0.037321,0.106299,0.305960
0.034882,0.107614,0.305151
0.034587,0.108378,0.306868
0.035505,0.105597,0.307241
0.034352,0.108159,0.307559
0.031798,0.109253,0.308437
0.030749,0.109179,0.308708
0.028847,0.110560,0.308439
0.028521,0.110095,0.309074
0.028250,0.110159,0.309322
0.027371,0.111986,0.309230
0.024377,0.110652,0.308214
0.025934,0.109114,0.309852
0.023859,0.109821,0.310169
0.023014,0.111023,0.308508
0.020913,0.111314,0.310627
0.021160,0.111934,0.310362
0.018471,0.111721,0.310694
0.019530,0.110339,0.309315
0.019112,0.111954,0.310907
0.015354,0.111347,0.309733
0.014769,0.113748,0.310603
0.012963,0.113294,0.312202
0.013809,0.114150,0.312029
0.013250,0.112447,0.310639
0.012624,0.113963,0.310371
0.008196,0.115131,0.309310
0.008622,0.115724,0.311785
0.008778,0.115040,0.312786
0.007376,0.114519,0.312636
0.005140,0.114539,0.313509
0.002852,0.116054,0.311488
0.003253,0.116943,0.313278
0.001413,0.117145,0.314229
0.000717,0.114997,0.312413
-0.001136,0.115284,0.313889
-0.001217,0.115706,0.313214
-0.003439,0.115926,0.313237
-0.003169,0.117716,0.314217
-0.002833,0.118011,0.312871
-0.004102,0.117349,0.315763
-0.006155,0.116718,0.312643
-0.007791,0.117020,0.312900
-0.008170,0.117764,0.315761
-0.007680,0.116946,0.314743
-0.011085,0.117207,0.315386
-0.012846,0.116862,0.313798
-0.011492,0.117143,0.313281
-0.011586,0.116263,0.314904
-0.013651,0.116525,0.314196
-0.018550,0.118607,0.313237
-0.019508,0.119009,0.315130
-0.018480,0.116712,0.313946
-0.019066,0.117074,0.314762
-0.019443,0.116292,0.314675
-0.021877,0.114810,0.314674
-0.021367,0.117884,0.314862
-0.022667,0.117189,0.314355
-0.023136,0.116809,0.313988
-0.024348,0.116752,0.313323
-0.026479,0.116024,0.316389
-0.027844,0.118262,0.312775
-0.026987,0.115791,0.316372
-0.030164,0.116545,0.313435
-0.029035,0.118923,0.312896
-0.031643,0.114880,0.312618
-0.033832,0.115715,0.314085
-0.034078,0.117039,0.314422
-0.035294,0.116849,0.313720
-0.035987,0.115228,0.313884
-0.037210,0.116885,0.312547
-0.038648,0.114275,0.314956
-0.038378,0.117199,0.313394
-0.040114,0.114926,0.314856
-0.041315,0.116143,0.312547
-0.042143,0.114360,0.313158
-0.043442,0.114368,0.312851
-0.044605,0.114928,0.314085
-0.045988,0.112935,0.311494
-0.047980,0.114745,0.312407
-0.046243,0.116441,0.313073
-0.047628,0.114565,0.311572
-0.050830,0.114092,0.312118
-0.050385,0.111741,0.310973
-0.052082,0.113805,0.310819
-0.053256,0.111311,0.310954
-0.054500,0.113996,0.311457
-0.054673,0.114286,0.311240
-0.055138,0.113249,0.312310
-0.054935,0.113570,0.311778
-0.055809,0.111798,0.312611
-0.059062,0.110468,0.311266
-0.059242,0.113011,0.311749
-0.062718,0.111735,0.311631
-0.060803,0.110400,0.309778
-0.062778,0.110762,0.309384
-0.065479,0.110321,0.310661
-0.064318,0.110669,0.308421
-0.066047,0.111407,0.309111
-0.067990,0.109876,0.309671
-0.068989,0.111192,0.308590
-0.069383,0.111605,0.308727
-0.070094,0.111078,0.308209
-0.071992,0.109126,0.308365
-0.071694,0.107962,0.308598
-0.073806,0.110432,0.306871
-0.072751,0.110040,0.307244
-0.074893,0.108808,0.307181
-0.077595,0.106897,0.308383
-0.076215,0.107518,0.307589
-0.078451,0.108312,0.307922
-0.080013,0.108071,0.307451
-0.079510,0.108402,0.308345
-0.080823,0.106314,0.307519
-0.082207,0.108650,0.305861
-0.081827,0.106260,0.306069
-0.084123,0.105739,0.307295
-0.083331,0.106154,0.305335
-0.087242,0.106183,0.306897
-0.085517,0.104649,0.307321
-0.089019,0.106765,0.305458
-0.089771,0.103753,0.305546
-0.090966,0.104891,0.304568
-0.091761,0.104656,0.303558
-0.091998,0.104870,0.306135
-0.094590,0.102771,0.303056
-0.095314,0.104686,0.303256
-0.096020,0.103434,0.302384
-0.098233,0.102088,0.304293
-0.098823,0.104257,0.303220
-0.099489,0.101571,0.303542
-0.101091,0.102470,0.304881
-0.100492,0.101919,0.302020
-0.102582,0.102620,0.301335
-0.102368,0.099826,0.302935
-0.104612,0.100564,0.302927
-0.105402,0.101197,0.301363
-0.106426,0.101686,0.302436
-0.108240,0.100782,0.300721
-0.108108,0.100773,0.301050
-0.111429,0.101555,0.301998
-0.111768,0.100088,0.302288
-0.110279,0.099231,0.301645
-0.111617,0.096462,0.301356
-0.113292,0.097450,0.300932
-0.114524,0.099048,0.299730
-0.115348,0.097972,0.298994
-0.117207,0.096824,0.298819
-0.118021,0.096037,0.299438
-0.119871,0.096413,0.295420
-0.120806,0.096830,0.298240
-0.122179,0.094417,0.296840
-0.123060,0.095312,0.295942
-0.122215,0.092660,0.295732
-0.126445,0.093782,0.297443
-0.126180,0.092427,0.295761
-0.126085,0.093616,0.297345
-0.129131,0.096076,0.295241
-0.128963,0.093108,0.295549
-0.128506,0.093545,0.294513
-0.131874,0.091059,0.294700
-0.131157,0.090367,0.294684
-0.133724,0.089979,0.293565
-0.134036,0.087943,0.292030
-0.134200,0.087597,0.291122
-0.134404,0.087771,0.290435
-0.138177,0.085839,0.290467
-0.140151,0.086471,0.291322
-0.140825,0.082888,0.288365
-0.140010,0.081651,0.285725
-0.141854,0.081410,0.284654
-0.143697,0.079864,0.284459
-0.144865,0.076626,0.284649
-0.146415,0.074374,0.281468
-0.146436,0.067635,0.276703
-0.147445,0.066287,0.276745
-0.150367,0.062914,0.273851
-0.151337,0.059990,0.268008
-0.151244,0.053260,0.263304
-0.153443,0.042650,0.256855
-0.153278,0.038686,0.253145
-0.156867,0.033100,0.248720
-0.156680,0.029511,0.246312
-0.158789,0.025502,0.243817
-0.159387,0.020106,0.237704
-0.160022,0.016736,0.235799
-0.160200,0.010393,0.231091
-0.166146,-0.070278,0.167306
-0.166144,-0.071149,0.165522
-0.169330,-0.075100,0.166545
-0.170820,-0.079046,0.162296
-0.170007,-0.081527,0.158618
-0.172672,-0.082775,0.160615
-0.174479,-0.085200,0.159715
-0.174156,-0.086860,0.155904
-0.175495,-0.088987,0.153874
-0.177523,-0.091130,0.151640
-0.180597,-0.091864,0.152135
-0.179804,-0.091240,0.151346
-0.182599,-0.094337,0.149751
-0.183209,-0.095806,0.148970
-0.185244,-0.099214,0.146176
-0.185501,-0.098684,0.145863
-0.185901,-0.099307,0.146513
-0.186580,-0.100936,0.145620
-0.187636,-0.101526,0.143698
-0.190853,-0.103440,0.142951
-0.192760,-0.105069,0.141258
-0.191200,-0.106938,0.140198
-0.194096,-0.108834,0.138538
-0.194787,-0.108669,0.136454
-0.198374,-0.110705,0.135875
-0.197347,-0.113241,0.136148
-0.200287,-0.115129,0.134121
-0.199509,-0.117066,0.132147
-0.200595,-0.120559,0.131005
-0.203664,-0.119715,0.128479
-0.204088,-0.123167,0.127407
-0.208102,-0.127152,0.124781
-0.207713,-0.128985,0.123667
-0.208941,-0.131312,0.120997
-0.208888,-0.132103,0.119362
-0.209251,-0.135556,0.116416
-0.211570,-0.137878,0.115302
-0.212070,-0.141014,0.112534
-0.215198,-0.143268,0.111188
-0.215655,-0.146991,0.109602
-0.218248,-0.150219,0.107012
-0.219846,-0.151805,0.105179
-0.218664,-0.155505,0.102811
-0.221976,-0.157234,0.101241
-0.222513,-0.161016,0.098393
-0.223065,-0.162791,0.095681
-0.225323,-0.165441,0.094339
-0.227371,-0.167411,0.093974
-0.228682,-0.168838,0.091148
-0.229303,-0.171681,0.088390
-0.231543,-0.171965,0.087248
-0.232261,-0.176057,0.087888
-0.234554,-0.180587,0.083819
-0.236324,-0.181407,0.083294
-0.237186,-0.183465,0.080555
-0.238865,-0.186888,0.077731
-0.238568,-0.189370,0.075804
-0.241518,-0.193796,0.074755
-0.241713,-0.195872,0.071474
-0.246234,-0.196371,0.069620
-0.244538,-0.201762,0.068301
-0.245764,-0.206309,0.063607
-0.248906,-0.211665,0.059610
0.111010,0.046045,0.260761
0.110259,0.047786,0.264217
0.108419,0.050965,0.263536
0.107159,0.050797,0.266433
0.106946,0.052981,0.266489
0.105033,0.055539,0.267083
0.104813,0.058770,0.269782
0.102960,0.056658,0.270256
0.101783,0.059368,0.272132
0.101767,0.060903,0.271741
0.097975,0.063340,0.272845
0.097174,0.063778,0.273210
0.095633,0.064079,0.274122
0.096452,0.066667,0.275837
0.094322,0.066857,0.277426
0.093780,0.069193,0.278706
0.090510,0.071571,0.281540
0.089946,0.070008,0.278260
0.089672,0.071567,0.280468
0.088265,0.071669,0.278200
0.086920,0.072122,0.283064
0.085070,0.074838,0.281284
0.084385,0.073824,0.282887
0.083004,0.074310,0.283240
0.081274,0.074231,0.285402
0.080769,0.076309,0.284699
0.081023,0.076801,0.285927
0.079674,0.080795,0.285347
0.079066,0.077220,0.285741
0.076338,0.081219,0.288647
0.075847,0.082066,0.287679
0.075135,0.082028,0.287832
0.072628,0.083077,0.287576
0.071744,0.083845,0.291196
0.071748,0.083355,0.287658
0.070550,0.085483,0.290247
0.071040,0.086583,0.291386
0.067069,0.086964,0.292790
0.065314,0.087282,0.292039
0.065637,0.088717,0.292076
0.064768,0.089514,0.294541
0.061958,0.090461,0.297567
0.061748,0.091101,0.293093
0.062690,0.090964,0.295600
0.059391,0.092233,0.296784
0.058205,0.092424,0.298822
0.056634,0.093624,0.298497
0.055489,0.094868,0.298222
0.054363,0.094008,0.298350
0.054195,0.096379,0.299875
0.052255,0.095726,0.298486
0.050416,0.096654,0.301174
0.048704,0.097723,0.301738
0.049891,0.096663,0.301804
0.050143,0.097824,0.301440
0.046812,0.100451,0.302501
0.046955,0.098602,0.303252
0.045729,0.099126,0.303054
0.044622,0.100459,0.304531
0.045241,0.103217,0.304708
0.040976,0.102144,0.303532
0.040238,0.100121,0.304458
0.037816,0.101956,0.304267
0.038613,0.104590,0.305776
0.037063,0.105202,0.306675
0.035924,0.106916,0.307033
0.035265,0.105668,0.306561
0.037572,0.105317,0.308152
0.033617,0.107270,0.307616
0.032538,0.109078,0.307216
0.030792,0.108022,0.306341
0.027552,0.108549,0.308591
0.029284,0.108745,0.308897
0.027544,0.108218,0.307191
0.027375,0.108826,0.310865
0.023989,0.109658,0.309805
0.024462,0.109393,0.310179
0.024784,0.109623,0.310749
0.022412,0.108331,0.311047
0.021488,0.109053,0.311443
0.019287,0.109055,0.311001
0.019663,0.110895,0.311147
0.018602,0.109095,0.310542
0.016414,0.111710,0.310545
0.016633,0.112429,0.311031
0.014248,0.111165,0.312062
0.014825,0.112358,0.311520
0.011161,0.112571,0.311465
0.011306,0.111349,0.310919
0.010975,0.111400,0.313057
0.012253,0.113843,0.312166
0.010359,0.113129,0.314841
0.007484,0.112977,0.312441
0.007814,0.114558,0.310786
0.004435,0.112110,0.312687
0.005613,0.114093,0.312779
0.002745,0.113046,0.315399
0.003455,0.114596,0.313540
0.000135,0.114106,0.311979
-0.002071,0.114395,0.312228
-0.001980,0.114153,0.314513
-0.000951,0.115157,0.314974
-0.004681,0.112032,0.314644
-0.004285,0.115132,0.314014
-0.005640,0.115260,0.316409
-0.004445,0.113467,0.314881
-0.008166,0.114082,0.315147
-0.007712,0.113777,0.314700
-0.008315,0.115411,0.315198
-0.010649,0.114235,0.314383
-0.010458,0.116199,0.313073
-0.012897,0.114212,0.315908
-0.013056,0.115851,0.316176
-0.014300,0.115890,0.314009
-0.014576,0.115888,0.314690
-0.015486,0.114570,0.313636
-0.017266,0.115242,0.317160
-0.017179,0.115258,0.315556
-0.018988,0.115649,0.316072
-0.020246,0.114482,0.314937
-0.023169,0.114694,0.314350
-0.022767,0.115914,0.313721
-0.024145,0.116472,0.315177
-0.025312,0.114911,0.312759
-0.024007,0.114172,0.314020
-0.027581,0.113763,0.315005
-0.029288,0.114361,0.313512
-0.030555,0.115718,0.314549
-0.028870,0.115425,0.313460
-0.031172,0.114523,0.312501
-0.032326,0.114430,0.313361
-0.033508,0.114469,0.314309
-0.033338,0.114358,0.315106
-0.035305,0.114395,0.314571
-0.035237,0.116241,0.314575
-0.037026,0.115298,0.315533
-0.037369,0.114020,0.313171
-0.037798,0.114793,0.313290
-0.041674,0.112504,0.312958
-0.043941,0.113576,0.313721
-0.043218,0.113021,0.311773
-0.043047,0.113032,0.310766
-0.044447,0.112243,0.311026
-0.046620,0.112791,0.311172
-0.048349,0.114114,0.313860
-0.048855,0.112037,0.311332
-0.047990,0.111459,0.312133
-0.050261,0.113700,0.311698
-0.050496,0.110747,0.310866
-0.052780,0.111688,0.310544
-0.053205,0.111223,0.311406
-0.054762,0.111589,0.313376
-0.056261,0.110819,0.310886
-0.055350,0.110406,0.312671
-0.056835,0.111211,0.311585
-0.059831,0.113083,0.311498
-0.059678,0.109895,0.310695
-0.061883,0.112834,0.310967
-0.060755,0.110561,0.308300
-0.064717,0.109933,0.309909
-0.064028,0.111807,0.308951
-0.066650,0.109196,0.310017
-0.066739,0.108331,0.308577
-0.066114,0.109901,0.310449
-0.067485,0.108734,0.310995
-0.071014,0.107893,0.308111
-0.070456,0.107477,0.308487
-0.071905,0.107315,0.310100
-0.073434,0.108131,0.309003
-0.074516,0.108222,0.309238
-0.073978,0.107155,0.308630
-0.074602,0.105943,0.308755
-0.077316,0.107548,0.309485
-0.075813,0.107836,0.308968
-0.078970,0.106620,0.307693
-0.079268,0.107057,0.308578
-0.079989,0.105453,0.307996
-0.083073,0.106749,0.305696
-0.082450,0.105672,0.306487
-0.084388,0.105670,0.308050
-0.084163,0.103424,0.307204
-0.086638,0.104914,0.306830
-0.086240,0.104776,0.306948
-0.088151,0.105332,0.306150
-0.086750,0.105788,0.304119
-0.090355,0.104044,0.306733
-0.091071,0.103561,0.306613
-0.092059,0.102762,0.305384
-0.091744,0.101231,0.306851
-0.093141,0.100868,0.305421
-0.095634,0.102550,0.304633
-0.096577,0.101893,0.305651
-0.097528,0.102428,0.303794
-0.097105,0.101709,0.302999
-0.098726,0.098875,0.304063
-0.098987,0.101804,0.303041
-0.102173,0.100022,0.305114
-0.100986,0.099736,0.304485
-0.103527,0.100199,0.302190
-0.104488,0.099216,0.302833
-0.107379,0.099012,0.303272
-0.106403,0.099499,0.301534
-0.108131,0.100936,0.301410
-0.108207,0.099640,0.300940
-0.109510,0.099567,0.301366
-0.110042,0.097766,0.300260
-0.111356,0.097714,0.300751
-0.112620,0.097637,0.300177
-0.111250,0.097304,0.299682
-0.114519,0.095853,0.297360
-0.115438,0.095946,0.299624
-0.116779,0.093707,0.299656
-0.117786,0.094634,0.300076
-0.118961,0.094518,0.297553
-0.120281,0.093534,0.297771
-0.123548,0.093981,0.298351
-0.121332,0.095586,0.298833
-0.123728,0.093382,0.296987
-0.125504,0.093748,0.297741
-0.125102,0.091746,0.298545
-0.127081,0.093040,0.296600
-0.128562,0.092751,0.296742
-0.130348,0.090032,0.296425
-0.131637,0.092108,0.295067
-0.130403,0.091014,0.295919
-0.135044,0.089805,0.294226
-0.133679,0.090221,0.293760
-0.133357,0.089771,0.294998
-0.136348,0.088274,0.293537
-0.136286,0.087306,0.290551
-0.138074,0.086590,0.290187
-0.139076,0.082899,0.291652
-0.139655,0.083409,0.290114
-0.141432,0.081908,0.288716
-0.142038,0.079472,0.287431
-0.143123,0.078711,0.285328
-0.144595,0.077909,0.285846
-0.144477,0.075723,0.283970
-0.146951,0.072440,0.280727
-0.148862,0.066859,0.277424
-0.148352,0.064641,0.273154
-0.150225,0.060721,0.271414
-0.151689,0.051449,0.264681
-0.152396,0.040086,0.257566
-0.153440,0.035924,0.256382
-0.156791,0.033840,0.251129
-0.154718,0.027806,0.247948
-0.156851,0.021557,0.243416
-0.160015,0.017812,0.239073
-0.159426,0.015311,0.236051
-0.162176,0.007734,0.232436
-0.164060,-0.022284,0.208492
-0.168588,-0.070421,0.172134
-0.167298,-0.071645,0.168417
-0.169828,-0.074088,0.165834
-0.169868,-0.077075,0.164912
-0.171558,-0.078413,0.163583
-0.173649,-0.080817,0.159469
-0.173555,-0.081304,0.160813
-0.178088,-0.085050,0.159597
-0.176890,-0.085334,0.157591
-0.181076,-0.087892,0.157754
-0.181069,-0.088989,0.154019
-0.184475,-0.092382,0.155449
-0.183904,-0.091670,0.154606
-0.183021,-0.091964,0.152633
-0.183986,-0.096422,0.149584
-0.186219,-0.096095,0.152073
-0.189164,-0.096814,0.149553
-0.190571,-0.098293,0.148108
-0.188810,-0.099679,0.147067
-0.191977,-0.102929,0.144322
-0.190015,-0.104423,0.144899
-0.193086,-0.104554,0.143528
-0.194293,-0.107100,0.140545
-0.195041,-0.109199,0.137342
-0.198542,-0.110181,0.139589
-0.198021,-0.112068,0.139914
-0.199838,-0.114540,0.135747
-0.200950,-0.114418,0.135414
-0.201657,-0.116481,0.134261
-0.205024,-0.119233,0.133380
-0.206264,-0.122283,0.129872
-0.207950,-0.121657,0.128474
-0.208739,-0.126554,0.127844
-0.207423,-0.127543,0.124947
-0.209083,-0.132161,0.122444
-0.210849,-0.135436,0.120108
-0.212235,-0.137247,0.118464
-0.213546,-0.138715,0.116123
-0.216590,-0.142702,0.113922
-0.216480,-0.145355,0.113191
-0.219076,-0.146626,0.110595
-0.220589,-0.150666,0.107624
-0.219994,-0.153731,0.106510
-0.222296,-0.156211,0.105215
-0.223356,-0.160562,0.101421
-0.225593,-0.161234,0.100373
-0.227560,-0.165222,0.096034
-0.228293,-0.166848,0.096522
-0.230466,-0.167095,0.092052
-0.231874,-0.170674,0.091581
-0.232906,-0.174287,0.090484
-0.231793,-0.176790,0.088553
-0.236223,-0.176836,0.086901
-0.236337,-0.180199,0.085033
-0.239489,-0.183436,0.082089
-0.241099,-0.185518,0.079885
-0.240838,-0.190069,0.077799
-0.242739,-0.191572,0.076270
-0.244673,-0.194613,0.075196
-0.246486,-0.197744,0.071854
-0.247187,-0.200616,0.071222
-0.248566,-0.203390,0.066220
-0.250350,-0.209436,0.061861
-0.251614,-0.213429,0.060184
0.110785,0.043899,0.259551
0.108907,0.047637,0.262184
0.110268,0.047024,0.263793
0.106375,0.049674,0.267419
0.105365,0.053148,0.267848
0.101677,0.052849,0.268077
0.101370,0.056520,0.271283
0.102198,0.055441,0.271856
0.101764,0.056141,0.271174
0.099948,0.059589,0.272494
0.097104,0.060556,0.272831
0.098613,0.062587,0.275919
0.097533,0.061849,0.275957
0.094189,0.064673,0.276050
0.094099,0.065643,0.276582
0.090466,0.066893,0.280504
0.090927,0.068116,0.279031
0.091538,0.069397,0.280115
0.089032,0.070220,0.281873
0.088689,0.070206,0.282103
0.085552,0.071536,0.282663
0.085508,0.073132,0.283049
0.083886,0.072397,0.285269
0.082389,0.073356,0.282971
0.082313,0.073194,0.284089
0.079180,0.075965,0.284584
0.079078,0.074553,0.285609
0.077854,0.077907,0.287040
0.076303,0.077739,0.285416
0.075138,0.079232,0.287767
0.073728,0.080391,0.287923
0.075310,0.080820,0.289389
0.071687,0.080077,0.290462
0.071858,0.082418,0.290024
0.069350,0.084221,0.291851
0.072062,0.082076,0.292586
0.067556,0.086011,0.291644
0.067754,0.085134,0.294478
0.065404,0.085081,0.295400
0.064087,0.085833,0.295010
0.062218,0.087597,0.295166
0.061932,0.089612,0.295396
0.060469,0.089953,0.295590
0.059599,0.090236,0.296546
0.060141,0.090933,0.298684
0.057438,0.091120,0.296508
0.057246,0.092912,0.298374
0.054709,0.093948,0.296592
0.053028,0.093496,0.300490
0.054491,0.096149,0.299398
0.053285,0.094872,0.301316
0.050883,0.097169,0.300579
0.050684,0.096303,0.303362
0.048378,0.098250,0.301597
0.048437,0.096939,0.303796
0.045779,0.098554,0.303269
0.043420,0.098044,0.303123
0.043423,0.099057,0.303615
0.043700,0.100686,0.302838
0.041091,0.098939,0.304727
0.041583,0.099827,0.303462
0.040095,0.101292,0.305257
0.039884,0.102356,0.306106
0.037938,0.102994,0.307890
0.036878,0.103706,0.307883
0.035448,0.105111,0.307478
0.033718,0.102886,0.308731
0.033811,0.105746,0.308034
0.033220,0.105359,0.307336
0.031364,0.105276,0.309702
0.028668,0.104511,0.307439
0.028469,0.107624,0.308513
0.028108,0.107179,0.308716
0.027515,0.106653,0.309054
0.027518,0.108119,0.309904
0.026005,0.107543,0.310386
0.022936,0.109314,0.311884
0.022869,0.108539,0.311363
0.022550,0.109396,0.312545
0.019155,0.109922,0.311147
0.018989,0.108346,0.310307
0.018180,0.110053,0.311641
0.019180,0.109385,0.312667
0.013351,0.110215,0.312453
0.013761,0.109968,0.311881
0.014879,0.110801,0.310856
0.013545,0.112517,0.312620
0.012814,0.111626,0.312522
0.009736,0.109310,0.311746
0.008889,0.112345,0.311949
0.008440,0.112210,0.311379
0.007499,0.110999,0.311827
0.005397,0.111509,0.314226
0.005398,0.111882,0.313119
0.006497,0.113182,0.313032
0.003454,0.111727,0.313548
0.001420,0.112291,0.312745
0.000970,0.112392,0.314232
-0.000573,0.112182,0.312970
0.000209,0.113495,0.313572
-0.003190,0.113253,0.313733
-0.003467,0.112561,0.313008
-0.003638,0.112979,0.314754
-0.004077,0.114339,0.313710
-0.005939,0.113338,0.316141
-0.007133,0.114103,0.314340
-0.007874,0.113323,0.316730
-0.009678,0.112640,0.314229
-0.009661,0.114787,0.314868
-0.013390,0.115538,0.313178
-0.012238,0.113773,0.315352
-0.014406,0.115099,0.314810
-0.015316,0.113848,0.316013
-0.016170,0.112998,0.315956
-0.016782,0.113193,0.316553
-0.016918,0.114427,0.313900
-0.018274,0.115514,0.314783
-0.021301,0.114157,0.315530
-0.020432,0.113660,0.313790
-0.021790,0.114873,0.315694
-0.022717,0.114279,0.313958
-0.023856,0.115846,0.315363
-0.025102,0.113032,0.316375
-0.025149,0.113368,0.313381
-0.026158,0.113969,0.315593
-0.029215,0.115248,0.314141
-0.029642,0.112007,0.314978
-0.030090,0.112811,0.315636
-0.030144,0.113129,0.315403
-0.031563,0.112648,0.314808
-0.033822,0.113962,0.312225
-0.036121,0.112289,0.315176
-0.034746,0.112793,0.313932
-0.036498,0.112980,0.314894
-0.037794,0.112586,0.316165
-0.039744,0.114204,0.314453
-0.038788,0.111640,0.316108
-0.042137,0.110863,0.314784
-0.041835,0.112598,0.312619
-0.040899,0.112161,0.313480
-0.042802,0.111845,0.314757
-0.044723,0.112211,0.313094
-0.045304,0.111051,0.313514
-0.046388,0.109471,0.313926
-0.048540,0.111172,0.311944
-0.048773,0.110307,0.313203
-0.050108,0.111260,0.312394
-0.049971,0.109892,0.311755
-0.050832,0.109358,0.311757
-0.052416,0.109666,0.311086
-0.053823,0.109613,0.312440
-0.056002,0.107937,0.312396
-0.056910,0.110572,0.310705
-0.057555,0.109392,0.312492
-0.058094,0.108146,0.310794
-0.058801,0.108123,0.310785
-0.061195,0.109048,0.309758
-0.060710,0.107750,0.310313
-0.064596,0.108408,0.309941
-0.062880,0.106440,0.311047
-0.062865,0.106634,0.309513
-0.064539,0.106939,0.310678
-0.066774,0.106074,0.309161
-0.065913,0.106403,0.309690
-0.067874,0.107705,0.309683
-0.068699,0.107401,0.308557
-0.071954,0.106939,0.308991
-0.070719,0.108192,0.310488
-0.071883,0.106685,0.309712
-0.075040,0.104722,0.307862
-0.075229,0.107452,0.308920
-0.078767,0.106388,0.308611
-0.078866,0.106913,0.305729
-0.076980,0.105753,0.309924
-0.079053,0.104727,0.307526
-0.081766,0.104144,0.305830
-0.082684,0.105718,0.307202
-0.082660,0.104681,0.307209
-0.084028,0.103641,0.306348
-0.084260,0.103314,0.309242
-0.084483,0.103301,0.307820
-0.087782,0.104625,0.306787
-0.087628,0.100881,0.307749
-0.089017,0.102769,0.307980
-0.089496,0.102014,0.305402
-0.090880,0.101711,0.304711
-0.093732,0.102984,0.306812
-0.092520,0.101454,0.304527
-0.091662,0.099202,0.306763
-0.096068,0.099435,0.307448
-0.095707,0.099000,0.305280
-0.096406,0.099474,0.304560
-0.099306,0.099705,0.304239
-0.099571,0.101317,0.303163
-0.099755,0.100504,0.303820
-0.099641,0.099693,0.304054
-0.103277,0.098718,0.302396
-0.104162,0.099519,0.304359
-0.104061,0.099121,0.302120
-0.106263,0.100461,0.303683
-0.107361,0.098621,0.302431
-0.107101,0.096278,0.303712
-0.109417,0.097566,0.302025
-0.109469,0.097786,0.302246
-0.113098,0.096855,0.302068
-0.112083,0.096595,0.300932
-0.114546,0.095766,0.301365
-0.115344,0.094824,0.302979
-0.116348,0.094881,0.299441
-0.115702,0.096813,0.299600
-0.118006,0.094886,0.299173
-0.116861,0.094112,0.299456
-0.120949,0.093787,0.300109
-0.121197,0.092856,0.299089
-0.122365,0.093415,0.300234
-0.123417,0.092164,0.297508
-0.124268,0.092772,0.299074
-0.124857,0.092482,0.296881
-0.125388,0.093443,0.298944
-0.127046,0.090817,0.296915
-0.128125,0.091150,0.299529
-0.129864,0.090624,0.296363
-0.129339,0.090066,0.296930
-0.130277,0.089203,0.297312
-0.133098,0.089882,0.295786
-0.133077,0.086549,0.295653
-0.133159,0.088098,0.295038
-0.134384,0.086027,0.294317
-0.136659,0.087242,0.292277
-0.138545,0.084371,0.291568
-0.137154,0.083860,0.292104
-0.141043,0.083071,0.290691
-0.140009,0.082788,0.290519
-0.143505,0.079222,0.288271
-0.141117,0.077602,0.286891
-0.144481,0.077135,0.284725
-0.146840,0.074107,0.285317
-0.147250,0.073631,0.282366
-0.147633,0.062960,0.275872
-0.148437,0.062410,0.274544
-0.151593,0.059304,0.273122
-0.151126,0.051881,0.268269
-0.152067,0.041506,0.257612
-0.154444,0.035354,0.254245
-0.155070,0.030859,0.252247
-0.157374,0.026534,0.248395
-0.157148,0.022068,0.243443
-0.159693,0.016678,0.239310
-0.160122,0.013342,0.236443
-0.164334,0.006812,0.230537
-0.164880,-0.008280,0.220788
-0.166334,-0.059822,0.180188
-0.168379,-0.066797,0.174507
-0.169888,-0.069311,0.172974
-0.172771,-0.071856,0.169198
-0.172032,-0.075040,0.165193
-0.173068,-0.076509,0.166128
-0.174383,-0.077984,0.164906
-0.176028,-0.082429,0.163308
-0.178257,-0.082249,0.161322
-0.179558,-0.085157,0.160322
-0.178148,-0.086588,0.158934
-0.182573,-0.088343,0.157796
-0.181604,-0.088102,0.155968
-0.183474,-0.092669,0.156064
-0.186108,-0.091218,0.155840
-0.185796,-0.094931,0.154264
-0.186974,-0.094421,0.153936
-0.189522,-0.095720,0.151737
-0.190602,-0.096976,0.150352
-0.193277,-0.098839,0.149739
-0.191942,-0.099949,0.149554
-0.193073,-0.103863,0.147237
-0.194296,-0.105899,0.144670
-0.194715,-0.105063,0.144613
-0.198153,-0.108560,0.143718
-0.197475,-0.108922,0.142323
-0.198241,-0.110795,0.140465
-0.200934,-0.111728,0.137866
-0.201313,-0.114232,0.138387
-0.206062,-0.117689,0.136002
-0.204301,-0.118945,0.133306
-0.206422,-0.120640,0.133051
-0.208673,-0.123242,0.130175
-0.208767,-0.126666,0.130371
-0.208697,-0.127918,0.125772
-0.211986,-0.130281,0.124929
-0.214367,-0.132951,0.122706
-0.215968,-0.136332,0.121020
-0.214260,-0.138952,0.117668
-0.216252,-0.139714,0.115610
-0.218941,-0.144747,0.114953
-0.221727,-0.147538,0.113624
-0.220915,-0.149552,0.108004
-0.224108,-0.153356,0.108123
-0.224484,-0.156937,0.104698
-0.224498,-0.156984,0.104783
-0.227692,-0.161503,0.102265
-0.227443,-0.164318,0.100402
-0.229839,-0.165686,0.097992
-0.230327,-0.168565,0.097328
-0.232798,-0.170103,0.094381
-0.234076,-0.172332,0.091330
-0.235279,-0.174606,0.092528
-0.237312,-0.178022,0.088487
-0.238945,-0.179856,0.086580
-0.239757,-0.182976,0.085877
-0.241874,-0.185548,0.081407
-0.239005,-0.188503,0.079364
-0.245655,-0.190236,0.077793
-0.245249,-0.194793,0.076128
-0.246299,-0.196795,0.073630
-0.248056,-0.202044,0.071102
-0.248479,-0.200893,0.067097
-0.252010,-0.209019,0.064994
-0.254477,-0.211849,0.061033
0.108798,0.043026,0.260256
0.108939,0.044305,0.263278
0.107637,0.046165,0.261933
0.106189,0.048001,0.266529
0.104760,0.049436,0.265998
0.103152,0.051429,0.269368
0.100065,0.052834,0.269971
0.100997,0.054727,0.269992
0.098275,0.055210,0.273195
0.100283,0.058219,0.273290
0.098168,0.060175,0.272816
0.096266,0.060159,0.274515
0.094416,0.062243,0.275224
0.095245,0.062369,0.276889
0.090826,0.063646,0.277773
0.091394,0.066168,0.277815
0.089492,0.064978,0.279035
0.087490,0.067132,0.280090
0.088271,0.067903,0.280977
0.086597,0.068061,0.283377
0.083433,0.070183,0.283294
0.083448,0.070708,0.281972
0.081578,0.071316,0.284768
0.082179,0.071703,0.284555
0.080328,0.073305,0.284763
0.078598,0.075051,0.288053
0.078319,0.075123,0.287880
0.075880,0.075134,0.288392
0.074880,0.079093,0.287764
0.075263,0.078152,0.287266
0.072342,0.077552,0.289871
0.070196,0.080548,0.291058
0.069896,0.078574,0.289512
0.068544,0.080548,0.289691
0.069188,0.080002,0.292314
0.068996,0.083342,0.292484
0.065536,0.083081,0.292936
0.066101,0.084448,0.295641
0.064801,0.086594,0.292536
0.062234,0.085581,0.294556
0.060212,0.087809,0.296215
0.061015,0.088317,0.296444
0.059921,0.086930,0.298096
0.058589,0.091222,0.298506
0.055733,0.090407,0.296588
0.056546,0.090156,0.297620
0.054770,0.090690,0.298788
0.054925,0.092973,0.301126
0.052067,0.092134,0.300694
0.051156,0.093361,0.300465
0.050756,0.092255,0.301487
0.049030,0.094198,0.301084
0.048576,0.096635,0.300597
0.046414,0.094128,0.302045
0.046625,0.097130,0.301843
0.045078,0.099704,0.303054
0.044786,0.094807,0.304319
0.042847,0.096122,0.304938
0.043479,0.101013,0.306110
0.041294,0.100999,0.304617
0.038766,0.100139,0.304938
0.039055,0.101203,0.306494
0.036718,0.100243,0.307293
0.036637,0.101939,0.307111
0.035844,0.101124,0.308221
0.033113,0.103620,0.307494
0.033819,0.105081,0.307254
0.032627,0.103803,0.305564
0.032008,0.106257,0.309823
0.030276,0.104926,0.310991
0.027765,0.105666,0.308760
0.027066,0.103885,0.310027
0.027471,0.103144,0.310029
0.026067,0.106875,0.309603
0.027120,0.105993,0.310996
0.022663,0.105224,0.311678
0.021897,0.107811,0.311593
0.021638,0.106425,0.311907
0.020385,0.107609,0.312226
0.019919,0.106293,0.313738
0.015989,0.107748,0.310554
0.017847,0.108909,0.312296
0.017325,0.109325,0.310744
0.015908,0.106622,0.312388
0.015169,0.108418,0.312863
0.013351,0.107876,0.313905
0.012748,0.108078,0.313732
0.011081,0.108294,0.312066
0.010244,0.110311,0.311773
0.008957,0.109064,0.314660
0.009360,0.110629,0.311621
0.004883,0.109086,0.314288
0.006184,0.109962,0.313565
0.005407,0.109606,0.313517
0.002729,0.112917,0.314414
0.003390,0.109247,0.314207
0.002215,0.110513,0.315101
0.000129,0.109231,0.314142
-0.001718,0.112524,0.313593
-0.001796,0.110968,0.315147
-0.004601,0.111135,0.314633
-0.005218,0.111650,0.314940
-0.005375,0.111242,0.316431
-0.006005,0.112819,0.314677
-0.007825,0.112406,0.315084
-0.007352,0.111574,0.314778
-0.009829,0.111130,0.317046
-0.012017,0.112826,0.315363
-0.010973,0.112532,0.315396
-0.012225,0.111166,0.313965
-0.014412,0.112735,0.315748
-0.014258,0.112892,0.316447
-0.015420,0.113120,0.315201
-0.017055,0.112023,0.315700
-0.017785,0.112544,0.315256
-0.018407,0.112041,0.314946
-0.018608,0.112998,0.316678
-0.020700,0.112741,0.314401
-0.019526,0.114131,0.314611
-0.022132,0.111572,0.315438
-0.023996,0.113137,0.317140
-0.023972,0.109615,0.314935
-0.025692,0.112889,0.314958
-0.027825,0.112614,0.316119
-0.028441,0.113371,0.316634
-0.028933,0.113323,0.314644
-0.030453,0.109810,0.314275
-0.031301,0.112767,0.316868
-0.031006,0.108105,0.315367
-0.033008,0.110614,0.313634
-0.034256,0.110125,0.315151
-0.035599,0.112346,0.313998
-0.035563,0.112287,0.313256
-0.036643,0.109974,0.314192
-0.037640,0.108271,0.312916
-0.039634,0.110102,0.313151
-0.038997,0.109690,0.313800
-0.039693,0.110692,0.312238
-0.044037,0.110277,0.314128
-0.044641,0.109426,0.313529
-0.044979,0.110139,0.312929
-0.045939,0.109637,0.312292
-0.048579,0.107682,0.313665
-0.048306,0.109500,0.313717
-0.050417,0.109414,0.312188
-0.050320,0.108373,0.311687
-0.052648,0.107370,0.313670
-0.052225,0.108206,0.311663
-0.052941,0.107134,0.310581
-0.055517,0.108163,0.310848
-0.055633,0.108445,0.312585
-0.056295,0.108635,0.312795
-0.058555,0.106940,0.311695
-0.058885,0.106609,0.312749
-0.056862,0.106054,0.308945
-0.059133,0.105876,0.311081
-0.062429,0.108582,0.310567
-0.060400,0.106358,0.312029
-0.063903,0.106495,0.310715
-0.065507,0.106666,0.311649
-0.065033,0.107097,0.310389
-0.066062,0.104043,0.312403
-0.067746,0.106510,0.309647
-0.068820,0.105840,0.309716
-0.070189,0.105457,0.310725
-0.070532,0.103406,0.308339
-0.073006,0.104382,0.310698
-0.073058,0.103683,0.308906
-0.073908,0.105752,0.310548
-0.075526,0.104042,0.307676
-0.076270,0.104616,0.308965
-0.077140,0.103676,0.309765
-0.079283,0.103474,0.309335
-0.079011,0.101181,0.308704
-0.079145,0.103233,0.308909
-0.081853,0.101934,0.308926
-0.081183,0.101695,0.307994
-0.083098,0.102621,0.308510
-0.083316,0.101066,0.309275
-0.084181,0.102799,0.308312
-0.086028,0.101359,0.306094
-0.088864,0.101967,0.308418
-0.090346,0.100465,0.308949
-0.089443,0.101001,0.307706
-0.089071,0.101326,0.304315
-0.091698,0.099448,0.306884
-0.091126,0.100445,0.305614
-0.094590,0.099943,0.305489
-0.094701,0.102031,0.304917
-0.096057,0.097968,0.305857
-0.097657,0.098712,0.304479
-0.097776,0.099159,0.304480
-0.098565,0.100289,0.305879
-0.099415,0.097165,0.304605
-0.102458,0.097114,0.304612
-0.102325,0.097475,0.304347
-0.103423,0.097731,0.303979
-0.103176,0.097318,0.303629
-0.106208,0.095643,0.302507
-0.105261,0.096165,0.304568
-0.107930,0.096837,0.303223
-0.110227,0.096559,0.303016
-0.109880,0.095231,0.303116
-0.110845,0.095519,0.302323
-0.112822,0.095860,0.302512
-0.110261,0.095285,0.300799
-0.112960,0.095721,0.302908
-0.113340,0.094191,0.300422
-0.115147,0.093223,0.301033
-0.116893,0.093179,0.300086
-0.119576,0.094198,0.301466
-0.121010,0.092199,0.299188
-0.120722,0.092135,0.299139
-0.121980,0.092025,0.298903
-0.122249,0.090464,0.299261
-0.123127,0.091098,0.299627
-0.125614,0.090957,0.299752
-0.125946,0.091384,0.298698
-0.128163,0.090850,0.299680
-0.129268,0.089740,0.297664
-0.128535,0.090474,0.296240
-0.129138,0.088690,0.295329
-0.131275,0.088964,0.296478
-0.134879,0.087100,0.295377
-0.132774,0.088635,0.296577
-0.136981,0.086116,0.294745
-0.134766,0.087330,0.296420
-0.136425,0.084493,0.293662
-0.137811,0.084306,0.294020
-0.140605,0.085153,0.293612
-0.141469,0.080891,0.291993
-0.141606,0.081005,0.291273
-0.142249,0.079251,0.290081
-0.142625,0.078412,0.288838
-0.143557,0.076180,0.285961
-0.144446,0.075882,0.285306
-0.146530,0.074182,0.284412
-0.147567,0.066507,0.279184
-0.149668,0.060968,0.275627
-0.149356,0.058315,0.275032
-0.151091,0.050314,0.268479
-0.154516,0.038927,0.258381
-0.154339,0.035713,0.254986
-0.153953,0.028474,0.249773
-0.158438,0.025424,0.248830
-0.157667,0.020460,0.246427
-0.158499,0.017114,0.241734
-0.161529,0.013274,0.237556
-0.164043,0.005609,0.232720
-0.162684,-0.002914,0.227624
-0.166299,-0.053961,0.186595
-0.168329,-0.060281,0.182096
-0.167873,-0.064638,0.177624
-0.171665,-0.068413,0.173411
-0.173779,-0.071402,0.173711
-0.172999,-0.074279,0.171977
-0.175893,-0.077381,0.169302
-0.176600,-0.078547,0.166977
-0.176789,-0.080885,0.164952
-0.177817,-0.082408,0.163287
-0.178824,-0.084904,0.160686
-0.180463,-0.084326,0.161106
-0.184835,-0.087728,0.158866
-0.181734,-0.087889,0.161003
-0.183399,-0.090372,0.159109
-0.184768,-0.090760,0.156937
-0.186153,-0.092080,0.155151
-0.189842,-0.094967,0.156266
-0.187567,-0.093858,0.155761
-0.191412,-0.096266,0.153509
-0.191450,-0.099111,0.152153
-0.194540,-0.098172,0.150335
-0.194559,-0.098939,0.150148
-0.195729,-0.104081,0.149382
-0.197149,-0.104484,0.147004
-0.198460,-0.106446,0.144781
-0.197316,-0.108548,0.143424
-0.200151,-0.111029,0.142331
-0.202205,-0.112177,0.140366
-0.203497,-0.114536,0.139355
-0.203963,-0.116165,0.139657
-0.204051,-0.117934,0.137363
-0.207431,-0.122250,0.135243
-0.208272,-0.121336,0.132822
-0.210156,-0.125454,0.130239
-0.212419,-0.127142,0.130408
-0.211996,-0.130607,0.126603
-0.213150,-0.131499,0.123482
-0.214176,-0.136120,0.121509
-0.218137,-0.138143,0.120646
-0.218868,-0.141743,0.117947
-0.219273,-0.142805,0.118430
-0.220509,-0.147357,0.116552
-0.221134,-0.148779,0.112653
-0.223945,-0.151773,0.110713
-0.226290,-0.155211,0.108587
-0.225723,-0.155914,0.106200
-0.228324,-0.157643,0.104474
-0.228570,-0.161903,0.101988
-0.231486,-0.166504,0.100565
-0.232121,-0.168408,0.097809
-0.233377,-0.169474,0.095131
-0.235356,-0.172896,0.094521
-0.237184,-0.176458,0.093267
-0.237571,-0.180016,0.091912
-0.239395,-0.180780,0.089572
-0.239637,-0.180975,0.086555
-0.240866,-0.184086,0.084644
-0.241423,-0.187666,0.083586
-0.244672,-0.187890,0.079925
-0.248067,-0.192083,0.076719
-0.247801,-0.196073,0.075451
-0.249019,-0.200374,0.073335
-0.249889,-0.204090,0.071772
-0.250084,-0.207122,0.067944
-0.253219,-0.211685,0.065093
-0.255362,-0.217339,0.058037
0.108243,0.040232,0.260920
0.108064,0.039362,0.262343
0.106365,0.043854,0.262594
0.105212,0.043869,0.263408
0.104270,0.048870,0.266587
0.103287,0.049236,0.269286
0.102795,0.052486,0.271517
0.098670,0.053485,0.271303
0.098006,0.054542,0.271827
0.097602,0.055823,0.274083
0.097776,0.057114,0.274023
0.093822,0.058681,0.276573
0.093158,0.060285,0.276771
0.091859,0.062365,0.275795
0.092516,0.064094,0.278456
0.089189,0.064662,0.278890
0.089650,0.064659,0.279787
0.087483,0.066374,0.279969
0.086302,0.067729,0.282455
0.084515,0.066730,0.281685
0.084100,0.069442,0.281597
0.084389,0.069241,0.284870
0.080947,0.070053,0.282812
0.080847,0.070420,0.284191
0.079182,0.073032,0.284346
0.080443,0.073345,0.286413
0.078473,0.072211,0.285790
0.075180,0.074657,0.288021
0.076446,0.076029,0.287468
0.073464,0.076859,0.288472
0.073571,0.077777,0.290889
0.070815,0.076926,0.291090
0.069779,0.079351,0.292040
0.069252,0.079679,0.290652
0.067808,0.080746,0.291216
0.066527,0.081447,0.293431
0.064651,0.081835,0.293196
0.064574,0.082560,0.294088
0.062173,0.085178,0.294303
0.063273,0.085409,0.297881
0.061203,0.085550,0.296568
0.062166,0.087086,0.297530
0.057247,0.088374,0.297768
0.057370,0.087343,0.299622
0.055485,0.088043,0.299503
0.054748,0.088290,0.300718
0.053003,0.087411,0.299530
0.054846,0.092852,0.300473
0.052273,0.092008,0.300393
0.051099,0.092096,0.302043
0.049650,0.092217,0.300305
0.048341,0.093847,0.300882
0.048863,0.095040,0.304119
0.046031,0.095295,0.300913
0.044893,0.095983,0.303896
0.047190,0.096141,0.304840
0.042231,0.096844,0.304120
0.042149,0.096561,0.303512
0.040227,0.096760,0.306083
0.040855,0.098010,0.305033
0.040133,0.097302,0.305137
0.036658,0.099471,0.308539
0.036904,0.100018,0.306576
0.037341,0.101667,0.307219
0.032158,0.100150,0.307873
0.032217,0.101188,0.309314
0.032745,0.100445,0.308329
0.030756,0.102998,0.307717
0.028914,0.103191,0.310269
0.029147,0.102084,0.309941
0.028758,0.102915,0.308948
0.027121,0.102540,0.310374
0.026603,0.103760,0.309945
0.024527,0.104940,0.309572
0.023686,0.103882,0.310281
0.021920,0.105442,0.310696
0.022294,0.104290,0.312896
0.018508,0.105127,0.312462
0.020415,0.104685,0.312103
0.018706,0.106393,0.312518
0.018177,0.107693,0.310685
0.016675,0.105369,0.310325
0.015578,0.106711,0.310771
0.013293,0.104577,0.314207
0.011912,0.108047,0.312784
0.012130,0.108833,0.312929
0.011733,0.107782,0.313749
0.009674,0.107204,0.312703
0.008736,0.107844,0.313203
0.005884,0.108573,0.313685
0.007035,0.110425,0.312017
0.003993,0.107984,0.313186
0.005984,0.107764,0.314244
0.003923,0.108819,0.314797
0.002163,0.109618,0.313986
0.000479,0.108571,0.314850
0.000493,0.108676,0.314137
-0.000745,0.108961,0.315613
-0.002407,0.109340,0.315835
-0.001545,0.110467,0.314973
-0.003076,0.111083,0.315323
-0.005158,0.109181,0.316239
-0.006097,0.108122,0.317126
-0.007210,0.109475,0.316116
-0.008237,0.112796,0.315787
-0.008633,0.111038,0.314970
-0.009931,0.110358,0.315703
-0.010221,0.112484,0.315989
-0.012108,0.110943,0.316857
-0.012683,0.112498,0.315507
-0.015754,0.112051,0.317106
-0.015789,0.111353,0.316087
-0.015812,0.110262,0.317154
-0.017312,0.111231,0.315240
-0.019766,0.111873,0.316444
-0.018746,0.112723,0.314391
-0.019751,0.110468,0.315951
-0.023463,0.111112,0.316033
-0.025198,0.110639,0.316548
-0.023718,0.111669,0.315163
-0.025456,0.109736,0.314788
-0.024853,0.112014,0.316657
-0.026529,0.110724,0.315284
-0.026059,0.110480,0.316082
-0.029553,0.111481,0.315877
-0.029146,0.111516,0.315094
-0.030401,0.111539,0.315372
-0.034085,0.109223,0.313904
-0.031056,0.110483,0.315374
-0.034090,0.110836,0.316996
-0.034947,0.109129,0.314461
-0.036520,0.109790,0.312651
-0.036330,0.108479,0.315250
-0.037336,0.108902,0.312312
-0.039422,0.109147,0.313977
-0.040886,0.108660,0.313437
-0.042602,0.109346,0.314833
-0.042289,0.108273,0.313548
-0.043109,0.109385,0.315086
-0.044829,0.107986,0.313387
-0.046011,0.107033,0.314037
-0.047322,0.108965,0.313176
-0.048616,0.107807,0.312124
-0.051074,0.107070,0.312772
-0.049953,0.110268,0.314514
-0.050762,0.105155,0.314746
-0.050355,0.106712,0.311651
-0.053497,0.106622,0.313442
-0.053185,0.108053,0.313178
-0.054819,0.106705,0.315124
-0.055736,0.108356,0.312054
-0.057854,0.107578,0.312562
-0.056567,0.104601,0.311087
-0.058098,0.103535,0.313727
-0.060537,0.104264,0.310523
-0.062638,0.106394,0.311716
-0.063265,0.105246,0.310547
-0.062480,0.103748,0.311333
-0.066396,0.105006,0.311166
-0.065646,0.104312,0.311370
-0.067877,0.104056,0.310914
-0.066913,0.105605,0.310872
-0.068486,0.103656,0.309712
-0.069620,0.104611,0.310064
-0.070086,0.104889,0.309765
-0.072680,0.102564,0.308755
-0.073501,0.104491,0.311133
-0.074932,0.104491,0.312627
-0.075547,0.102660,0.309453
-0.075929,0.102671,0.308649
-0.076195,0.103174,0.309146
-0.078209,0.101677,0.308020
-0.079803,0.101601,0.305832
-0.080983,0.102313,0.308705
-0.083180,0.100764,0.308826
-0.082004,0.101034,0.307375
-0.084229,0.098964,0.308084
-0.084157,0.100896,0.307523
-0.086231,0.099685,0.308029
-0.087862,0.098350,0.308073
-0.088336,0.099365,0.306983
-0.089363,0.100351,0.307558
-0.089928,0.098463,0.307303
-0.092644,0.097690,0.307677
-0.091239,0.100521,0.307288
-0.091947,0.099145,0.304803
-0.093807,0.098512,0.306781
-0.094773,0.097046,0.305123
-0.096430,0.097308,0.306180
-0.097060,0.097714,0.305668
-0.098684,0.095865,0.304062
-0.099265,0.098651,0.303702
-0.100311,0.096868,0.305868
-0.101965,0.095981,0.304200
-0.100459,0.096442,0.304056
-0.103225,0.096524,0.303611
-0.103888,0.094956,0.305384
-0.105202,0.096335,0.302667
-0.106764,0.094934,0.304116
-0.108457,0.095211,0.302945
-0.109531,0.095525,0.301784
-0.109325,0.093873,0.301904
-0.111741,0.093309,0.303066
-0.112148,0.094958,0.302575
-0.112598,0.091919,0.304322
-0.114704,0.093154,0.302662
-0.115811,0.092797,0.301032
-0.117155,0.091943,0.301018
-0.118469,0.092312,0.304085
-0.119650,0.091601,0.301381
-0.119788,0.090072,0.299345
-0.120650,0.090026,0.299087
-0.123919,0.091331,0.299689
-0.124115,0.090036,0.302067
-0.124180,0.091129,0.298581
-0.122474,0.091360,0.300461
-0.126061,0.089871,0.299676
-0.126597,0.087431,0.300292
-0.126748,0.088799,0.299523
-0.129011,0.088963,0.299552
-0.131176,0.088030,0.296427
-0.132026,0.087212,0.296405
-0.133500,0.085516,0.296755
-0.132942,0.086482,0.296217
-0.132571,0.086199,0.296836
-0.134158,0.085238,0.296974
-0.137325,0.084588,0.293832
-0.136843,0.083724,0.293319
-0.140168,0.080670,0.295065
-0.138796,0.082472,0.293723
-0.141447,0.079590,0.291574
-0.143130,0.077794,0.291214
-0.143110,0.078036,0.288791
-0.146068,0.075961,0.288777
-0.143759,0.074671,0.286583
-0.145859,0.072995,0.285870
-0.147502,0.069370,0.285590
-0.149764,0.061077,0.277207
-0.149918,0.060648,0.275698
-0.153044,0.051847,0.269401
-0.153393,0.037087,0.260516
-0.154432,0.032196,0.255819
-0.155349,0.029695,0.252581
-0.157058,0.024745,0.249022
-0.158552,0.019717,0.246134
-0.161517,0.019412,0.244526
-0.161715,0.011623,0.239197
-0.161991,0.006854,0.232597
-0.164405,-0.002646,0.228305
-0.166782,-0.030742,0.205251
-0.166988,-0.057092,0.185289
-0.170633,-0.057282,0.183386
-0.169957,-0.064292,0.181445
-0.172291,-0.068745,0.176823
-0.173047,-0.069547,0.175280
-0.173985,-0.072485,0.172705
-0.174992,-0.074531,0.171826
-0.177202,-0.076900,0.169832
-0.179922,-0.078348,0.169794
-0.180063,-0.081272,0.166605
-0.182375,-0.082190,0.166740
-0.181336,-0.083973,0.164407
-0.184212,-0.084523,0.162446
-0.185044,-0.086603,0.162635
-0.186151,-0.089809,0.163228
-0.186669,-0.088508,0.160639
-0.188257,-0.090440,0.157890
-0.189220,-0.091808,0.158763
-0.189915,-0.095371,0.154704
-0.191341,-0.094670,0.155677
-0.192554,-0.098134,0.154222
-0.194825,-0.098278,0.155026
-0.193323,-0.100840,0.153742
-0.196838,-0.101529,0.151727
-0.197704,-0.103707,0.150400
-0.200452,-0.106058,0.148909
-0.200702,-0.105485,0.147364
-0.201841,-0.109102,0.144713
-0.203459,-0.114018,0.143513
-0.204460,-0.114522,0.141286
-0.204690,-0.115377,0.139732
-0.208953,-0.116671,0.137967
-0.208223,-0.118407,0.138423
-0.209813,-0.122236,0.132677
-0.211017,-0.123704,0.134634
-0.212872,-0.126033,0.132640
-0.214616,-0.132072,0.128170
-0.215322,-0.133716,0.126340
-0.216390,-0.135904,0.124067
-0.217467,-0.138368,0.123221
-0.218478,-0.139893,0.118972
-0.221194,-0.145040,0.120359
-0.222355,-0.144800,0.115728
-0.223214,-0.149426,0.115240
-0.222416,-0.150155,0.112065
-0.225579,-0.152737,0.109432
-0.226830,-0.156263,0.108054
-0.229692,-0.158038,0.105519
-0.229962,-0.161897,0.103737
-0.231586,-0.165373,0.101705
-0.233638,-0.167710,0.101832
-0.233582,-0.170366,0.094929
-0.238241,-0.173782,0.095017
-0.238437,-0.174669,0.094961
-0.238885,-0.177468,0.092146
-0.239302,-0.179089,0.091395
-0.243012,-0.180482,0.088346
-0.244540,-0.183940,0.087447
-0.244632,-0.187282,0.084243
-0.246774,-0.189758,0.082224
-0.248707,-0.192136,0.079830
-0.248513,-0.194647,0.079230
-0.250555,-0.200664,0.077168
-0.251524,-0.201663,0.072100
-0.254030,-0.205280,0.070237
-0.255489,-0.210148,0.066606
-0.257765,-0.219056,0.061280
-0.256669,-0.224251,0.054061
0.106856,0.038839,0.262241
0.105306,0.041707,0.261490
0.105480,0.044471,0.264587
0.104858,0.043001,0.266799
0.102944,0.048095,0.269368
0.101429,0.048912,0.269011
0.099313,0.050064,0.269667
0.099093,0.052199,0.270404
0.097551,0.050289,0.272646
0.096363,0.054998,0.272605
0.093805,0.054986,0.273364
0.094879,0.056602,0.276783
0.092825,0.059848,0.276820
0.091677,0.058722,0.277060
0.089528,0.061884,0.278305
0.089650,0.064308,0.278854
0.087139,0.062617,0.279640
0.087381,0.064463,0.282879
0.084746,0.064543,0.282542
0.084332,0.065043,0.282214
0.084137,0.066692,0.283903
0.083478,0.067757,0.283155
0.082127,0.070414,0.283108
0.080060,0.068625,0.284739
0.079332,0.069629,0.286371
0.074917,0.073486,0.287042
0.077612,0.070447,0.286245
0.074618,0.075767,0.288252
0.073155,0.074012,0.288672
0.072347,0.075892,0.290880
0.073062,0.073882,0.288134
0.071215,0.075601,0.291281
0.069544,0.077153,0.290595
0.069642,0.078660,0.292257
0.066947,0.080200,0.291884
0.066139,0.077777,0.292897
0.063804,0.081687,0.292962
0.065834,0.082129,0.295654
0.061639,0.082990,0.294994
0.061486,0.084627,0.296851
0.060832,0.083841,0.295643
0.057541,0.084088,0.297366
0.058032,0.085841,0.297842
0.058235,0.085641,0.297607
0.056728,0.087636,0.298579
0.055762,0.087504,0.301216
0.052218,0.086742,0.300157
0.053756,0.090659,0.301669
0.050228,0.089445,0.302698
0.049099,0.093924,0.301113
0.048848,0.089391,0.303771
0.048175,0.092001,0.302045
0.047411,0.093026,0.302555
0.043961,0.093634,0.303334
0.045201,0.092793,0.302924
0.043792,0.094962,0.304323
0.041815,0.094827,0.304396
0.041407,0.095730,0.305539
0.039301,0.095231,0.305148
0.036802,0.097018,0.304887
0.037452,0.097488,0.306427
0.037105,0.096900,0.305115
0.035368,0.098435,0.306794
0.035436,0.099777,0.308720
0.032097,0.100051,0.307573
0.033102,0.100801,0.307311
0.031178,0.099995,0.308954
0.029945,0.100128,0.308213
0.028570,0.102859,0.308192
0.029634,0.100532,0.308782
0.027899,0.100300,0.310180
0.024381,0.101529,0.310564
0.023626,0.101980,0.309933
0.022639,0.103402,0.312090
0.022023,0.104133,0.311224
0.022166,0.104735,0.311598
0.019238,0.103986,0.310047
0.018632,0.104182,0.312393
0.018386,0.105354,0.311247
0.017797,0.104785,0.312305
0.014638,0.105364,0.314240
0.014490,0.105282,0.312626
0.014825,0.106105,0.312574
0.013470,0.105341,0.314617
0.012485,0.103258,0.312650
0.011611,0.106052,0.312391
0.009819,0.105865,0.314234
0.008807,0.106409,0.312446
0.009640,0.105832,0.313506
0.007249,0.106561,0.311994
0.004583,0.104870,0.315295
0.005225,0.106891,0.314272
0.004391,0.105853,0.314172
0.001837,0.107334,0.314083
0.001241,0.108103,0.315713
-0.001126,0.107654,0.313231
-0.001112,0.105172,0.313366
-0.001981,0.106480,0.314825
-0.002301,0.109781,0.314403
-0.005307,0.106939,0.314567
-0.004274,0.107288,0.314412
-0.006614,0.108201,0.314712
-0.007609,0.108992,0.315935
-0.008490,0.108379,0.318276
-0.012109,0.108502,0.316831
-0.013262,0.110072,0.315564
-0.011296,0.110023,0.313720
-0.011465,0.108299,0.316207
-0.012904,0.108974,0.316594
-0.015542,0.108153,0.317986
-0.016151,0.109684,0.315879
-0.016227,0.109465,0.315267
-0.017672,0.107755,0.316099
-0.019699,0.108628,0.314069
-0.020754,0.110677,0.317209
-0.021561,0.108565,0.315915
-0.022709,0.110645,0.314824
-0.021699,0.109491,0.316254
-0.023758,0.108929,0.315845
-0.025144,0.109369,0.316898
-0.024622,0.108689,0.316894
-0.028504,0.110677,0.315649
-0.028046,0.109603,0.314743
-0.028643,0.110954,0.316087
-0.029725,0.108852,0.317360
-0.031067,0.107975,0.316361
-0.032679,0.108018,0.315296
-0.030672,0.109551,0.315205
-0.035283,0.105496,0.316126
-0.035325,0.108502,0.315621
-0.036588,0.107644,0.315991
-0.038527,0.107387,0.314186
-0.040144,0.108644,0.315125
-0.037964,0.107477,0.313701
-0.040935,0.107695,0.315051
-0.041166,0.106560,0.314018
-0.041585,0.106782,0.313893
-0.045381,0.107275,0.316363
-0.044819,0.105587,0.315072
-0.045106,0.106464,0.314014
-0.047171,0.107048,0.312620
-0.050504,0.106648,0.314339
-0.048139,0.104815,0.313741
-0.048761,0.105475,0.312896
-0.051250,0.104593,0.311629
-0.051446,0.105427,0.311984
-0.052866,0.104708,0.311350
-0.053163,0.107605,0.312933
-0.055360,0.106150,0.312770
-0.055363,0.103511,0.312188
-0.056242,0.105617,0.313933
-0.058346,0.103835,0.311836
-0.059557,0.103354,0.312367
-0.061851,0.105220,0.310914
-0.060569,0.105513,0.313130
-0.061911,0.104110,0.311249
-0.065404,0.102456,0.311994
-0.064756,0.104550,0.312711
-0.063517,0.103188,0.312487
-0.066880,0.104725,0.311331
-0.067035,0.101925,0.311904
-0.069846,0.102593,0.311809
-0.071158,0.101426,0.310827
-0.070541,0.104183,0.310746
-0.069676,0.101508,0.310195
-0.073121,0.101722,0.310162
-0.073255,0.101380,0.309993
-0.074278,0.099671,0.310008
-0.074373,0.102792,0.309301
-0.078717,0.100719,0.307622
-0.079651,0.101190,0.308345
-0.079273,0.102904,0.307757
-0.079830,0.100771,0.309741
-0.080541,0.099924,0.308108
-0.083543,0.099580,0.310287
-0.083476,0.099205,0.308230
-0.084912,0.098462,0.307137
-0.086690,0.098369,0.308293
-0.085585,0.098438,0.309644
-0.088864,0.097387,0.309824
-0.088252,0.096510,0.308047
-0.087771,0.097431,0.308320
-0.090526,0.096568,0.308556
-0.093720,0.097306,0.305571
-0.091341,0.098500,0.305281
-0.093932,0.096419,0.306549
-0.094851,0.098009,0.305726
-0.097438,0.096420,0.306069
-0.097449,0.093322,0.304761
-0.099919,0.097500,0.305897
-0.099948,0.096109,0.306331
-0.099899,0.094852,0.304651
-0.101443,0.094741,0.304163
-0.103160,0.094876,0.303600
-0.104791,0.093211,0.305038
-0.104965,0.094178,0.304916
-0.106576,0.093174,0.304201
-0.105938,0.093944,0.304879
-0.106675,0.094034,0.303646
-0.108802,0.091424,0.303841
-0.110614,0.092773,0.304547
-0.112513,0.095015,0.303292
-0.110716,0.093110,0.304237
-0.112788,0.091833,0.302755
-0.114587,0.091481,0.304785
-0.114744,0.092647,0.301795
-0.112795,0.092083,0.303153
-0.116313,0.090261,0.302854
-0.118930,0.089890,0.301777
-0.120740,0.092130,0.302067
-0.118955,0.090412,0.301356
-0.121006,0.087915,0.301420
-0.124023,0.089438,0.301694
-0.125715,0.092038,0.300962
-0.125018,0.088884,0.301418
-0.126069,0.087858,0.299941
-0.126447,0.087424,0.299027
-0.128722,0.088120,0.297528
-0.127552,0.086768,0.298946
-0.128321,0.085229,0.298894
-0.132382,0.086955,0.298120
-0.132352,0.088242,0.298842
-0.133302,0.086428,0.296357
-0.135389,0.084627,0.296204
-0.135985,0.082034,0.295464
-0.136899,0.083797,0.294460
-0.139805,0.082664,0.296663
-0.138741,0.081230,0.293435
-0.140386,0.080971,0.293843
-0.140586,0.079176,0.293765
-0.142113,0.078776,0.290825
-0.142297,0.076103,0.290588
-0.144388,0.076190,0.288097
-0.144577,0.072983,0.286693
-0.145938,0.071678,0.287240
-0.147481,0.070933,0.285848
-0.149389,0.064200,0.279203
-0.148783,0.058035,0.277865
-0.152141,0.050712,0.271166
-0.152182,0.035453,0.258838
-0.154568,0.031623,0.254561
-0.157920,0.028542,0.254582
-0.156463,0.024072,0.247827
-0.158630,0.020681,0.248046
-0.159104,0.014893,0.243828
-0.159623,0.012364,0.239916
-0.161003,0.003840,0.233187
-0.163150,-0.001814,0.230984
-0.165350,-0.016142,0.218826
-0.165647,-0.045995,0.195310
-0.170703,-0.056869,0.187569
-0.170505,-0.060823,0.182609
-0.169663,-0.064482,0.180519
-0.173359,-0.067113,0.178254
-0.174710,-0.068203,0.176315
-0.173976,-0.072280,0.174831
-0.176054,-0.073491,0.173339
-0.177541,-0.076830,0.173785
-0.179252,-0.077531,0.171525
-0.179451,-0.078087,0.170327
-0.181116,-0.081767,0.169999
-0.182881,-0.082208,0.168678
-0.183880,-0.083238,0.166590
-0.186322,-0.086212,0.163847
-0.185554,-0.085940,0.163404
-0.187069,-0.090077,0.162233
-0.190680,-0.089021,0.161045
-0.188717,-0.089659,0.159370
-0.192192,-0.093813,0.159837
-0.194088,-0.093224,0.156523
-0.191394,-0.095734,0.155673
-0.195217,-0.100162,0.155786
-0.196881,-0.100346,0.154433
-0.197327,-0.100295,0.154138
-0.200040,-0.102691,0.150265
-0.201188,-0.103748,0.148099
-0.202623,-0.106229,0.148678
-0.203444,-0.107827,0.146796
-0.203523,-0.111533,0.146002
-0.206994,-0.114432,0.143039
-0.206502,-0.114279,0.142094
-0.208075,-0.116427,0.142897
-0.208961,-0.119633,0.140642
-0.211568,-0.121301,0.137931
-0.211315,-0.122897,0.134864
-0.214155,-0.125889,0.131427
-0.215727,-0.130419,0.131641
-0.217389,-0.131166,0.128171
-0.216110,-0.136422,0.128352
-0.218847,-0.136549,0.124174
-0.221586,-0.140168,0.123326
-0.221648,-0.141320,0.122821
-0.222584,-0.144181,0.118116
-0.226539,-0.147006,0.118446
-0.226531,-0.149291,0.115469
-0.227856,-0.152104,0.111246
-0.228160,-0.154737,0.111452
-0.229494,-0.158424,0.107725
-0.231069,-0.162533,0.105246
-0.233017,-0.164211,0.105864
-0.235386,-0.166586,0.100452
-0.236564,-0.169739,0.098336
-0.237317,-0.172107,0.097318
-0.238037,-0.174737,0.095571
-0.239966,-0.178102,0.095689
-0.241303,-0.179975,0.094580
-0.241070,-0.180751,0.091282
-0.243309,-0.184180,0.088419
-0.245936,-0.187195,0.086456
-0.246238,-0.189997,0.084405
-0.248239,-0.191717,0.083989
-0.250731,-0.192827,0.079968
-0.251455,-0.198566,0.076639
-0.251322,-0.202262,0.074689
-0.252758,-0.203921,0.072613
-0.255801,-0.208320,0.069297
-0.259541,-0.214490,0.063602
-0.259680,-0.224707,0.056201
0.108922,0.035313,0.262243
0.105959,0.040063,0.263430
0.104393,0.039012,0.264411
0.104701,0.040774,0.267111
0.104611,0.044000,0.267614
0.100982,0.044973,0.268089
0.100098,0.045915,0.272247
0.097696,0.049529,0.271073
0.096744,0.050714,0.271979
0.096236,0.051590,0.272556
0.096862,0.053968,0.274194
0.093813,0.054780,0.275795
0.092292,0.053652,0.275040
0.091141,0.058150,0.277385
0.090303,0.059353,0.276957
0.089833,0.060013,0.279896
0.087904,0.061250,0.280734
0.086401,0.062432,0.282410
0.086510,0.061881,0.279608
0.082374,0.064841,0.283493
0.083488,0.065908,0.283013
0.080004,0.063635,0.283542
0.079892,0.066595,0.284873
0.079587,0.066590,0.284556
0.079387,0.068197,0.285820
0.077911,0.068261,0.284265
0.075434,0.071588,0.287746
0.076067,0.071176,0.287446
0.074638,0.072496,0.287610
0.072027,0.072159,0.290440
0.073700,0.073528,0.289636
0.070455,0.072976,0.290862
0.071256,0.074598,0.291932
0.067892,0.075475,0.291601
0.067125,0.077220,0.293834
0.066649,0.077516,0.292552
0.064125,0.078466,0.294050
0.064734,0.079983,0.294324
0.062119,0.081997,0.296270
0.061586,0.079075,0.295267
0.060884,0.081962,0.297482
0.058484,0.082514,0.298035
0.058062,0.084303,0.297993
0.055742,0.084855,0.297699
0.055802,0.085729,0.298995
0.054846,0.086935,0.300367
0.053554,0.087497,0.300841
0.051458,0.086699,0.301922
0.053019,0.088349,0.302296
0.049442,0.089191,0.301627
0.050756,0.089168,0.303473
0.047427,0.086097,0.302392
0.045061,0.090974,0.304724
0.046540,0.092688,0.303074
0.043946,0.093453,0.304990
0.042942,0.092271,0.303943
0.041897,0.094025,0.306495
0.041751,0.094152,0.305557
0.038722,0.095359,0.305880
0.039324,0.094453,0.304361
0.038249,0.095308,0.307781
0.037534,0.096110,0.308231
0.034895,0.097651,0.308029
0.034231,0.096193,0.309257
0.033191,0.096867,0.307023
0.032650,0.096839,0.309530
0.032244,0.097230,0.307858
0.031245,0.098571,0.309746
0.029740,0.099597,0.310141
0.026485,0.099699,0.312144
0.028185,0.100084,0.310649
0.027417,0.100320,0.309101
0.025433,0.100946,0.310917
0.023654,0.102129,0.310173
0.023016,0.101106,0.311674
0.021089,0.100739,0.310643
0.018973,0.101119,0.310021
0.018866,0.101878,0.312573
0.018886,0.101332,0.310981
0.017514,0.101865,0.314303
0.016813,0.104315,0.312215
0.014101,0.104998,0.314085
0.013739,0.103015,0.311025
0.014576,0.104309,0.313351
0.012243,0.103125,0.314139
0.010818,0.104481,0.313133
0.010900,0.105070,0.314196
0.008921,0.105055,0.315484
0.009232,0.105670,0.313843
0.006343,0.105438,0.315844
0.006244,0.105149,0.314334
0.005268,0.107336,0.315019
0.002217,0.106058,0.314020
0.003230,0.104964,0.316699
0.000117,0.104917,0.315042
0.000518,0.105635,0.314549
0.000666,0.106599,0.316316
-0.002955,0.106051,0.315115
-0.001947,0.106343,0.315050
-0.005002,0.107349,0.315632
-0.003927,0.105604,0.315231
-0.006665,0.106692,0.315370
-0.008863,0.107233,0.314835
-0.007170,0.107323,0.316447
-0.008202,0.108010,0.314975
-0.010392,0.108093,0.315054
-0.011694,0.106669,0.315178
-0.011141,0.108639,0.318113
-0.013543,0.107601,0.315987
-0.014346,0.106823,0.316700
-0.014682,0.107920,0.316030
-0.016244,0.107059,0.315497
-0.017889,0.107636,0.317174
-0.017312,0.107747,0.317113
-0.020597,0.110194,0.317477
-0.020374,0.108750,0.318051
-0.021119,0.107115,0.316461
-0.021688,0.106718,0.315994
-0.023072,0.107422,0.316606
-0.024056,0.107260,0.317523
-0.026881,0.108969,0.316336
-0.026772,0.108339,0.316881
-0.028548,0.106110,0.316822
-0.029149,0.106750,0.314332
-0.029602,0.108760,0.316821
-0.031607,0.108162,0.316404
-0.032686,0.106798,0.315227
-0.032831,0.107421,0.316329
-0.034037,0.105772,0.317665
-0.033987,0.107182,0.316417
-0.035681,0.107098,0.314694
-0.036877,0.106119,0.315066
-0.037652,0.106040,0.314108
-0.041459,0.106452,0.314680
-0.041110,0.108094,0.314968
-0.042233,0.105752,0.315531
-0.042080,0.105514,0.316174
-0.042177,0.106144,0.314497
-0.044223,0.105893,0.313683
-0.045395,0.106164,0.312975
-0.046395,0.107484,0.315786
-0.045921,0.103763,0.315450
-0.048774,0.103911,0.312545
-0.050099,0.105181,0.314818
-0.049179,0.104324,0.314226
-0.051659,0.102880,0.313643
-0.053525,0.104061,0.312550
-0.057432,0.104597,0.313100
-0.055421,0.103363,0.311211
-0.056385,0.102393,0.312953
-0.057031,0.103586,0.313747
-0.060473,0.103292,0.315026
-0.059060,0.104140,0.312074
-0.060936,0.101320,0.312257
-0.061175,0.101923,0.314013
-0.061617,0.102528,0.311570
-0.063131,0.101783,0.311215
-0.064337,0.102854,0.312656
-0.065742,0.102686,0.310146
-0.066764,0.102047,0.312272
-0.067349,0.101541,0.311752
-0.069273,0.099894,0.312565
-0.070199,0.101128,0.311762
-0.070719,0.100890,0.310307
-0.072094,0.098904,0.310441
-0.072361,0.100698,0.311159
-0.074066,0.100464,0.310418
-0.075484,0.100306,0.311237
-0.076008,0.098989,0.311120
-0.078227,0.099456,0.309267
-0.076869,0.100346,0.309692
-0.079044,0.098577,0.310405
-0.080006,0.098148,0.307675
-0.082940,0.099121,0.309031
-0.082196,0.098633,0.308706
-0.083617,0.098768,0.309462
-0.084233,0.098140,0.308005
-0.086627,0.097076,0.309568
-0.085300,0.096803,0.310430
-0.087100,0.095540,0.307291
-0.089772,0.096135,0.306034
-0.089090,0.095846,0.307787
-0.091291,0.095213,0.308156
-0.092906,0.097968,0.306920
-0.094199,0.096242,0.308949
-0.091970,0.096437,0.307909
-0.094343,0.096374,0.307473
-0.094974,0.095064,0.307067
-0.096979,0.096327,0.305587
-0.099026,0.095433,0.305585
-0.099901,0.094313,0.306539
-0.099255,0.095403,0.305380
-0.100457,0.094082,0.305251
-0.101910,0.092364,0.304693
-0.103801,0.093688,0.304237
-0.105395,0.093321,0.305571
-0.105522,0.092429,0.303753
-0.106385,0.093373,0.305005
-0.108000,0.094147,0.303969
-0.110133,0.091290,0.304954
-0.111704,0.092789,0.304542
-0.110970,0.091655,0.303696
-0.113428,0.091232,0.302385
-0.111937,0.090566,0.305507
-0.113756,0.090935,0.302930
-0.115319,0.090620,0.302278
-0.116667,0.090902,0.304792
-0.118464,0.088710,0.302262
-0.120448,0.090925,0.304396
-0.119673,0.088850,0.302965
-0.121572,0.088259,0.300663
-0.121630,0.090028,0.302745
-0.122654,0.088029,0.301822
-0.124008,0.088071,0.301530
-0.123660,0.087918,0.301806
-0.124787,0.088027,0.301258
-0.126817,0.087929,0.300958
-0.127581,0.087599,0.298555
-0.127905,0.085516,0.298012
-0.131355,0.085337,0.298530
-0.132288,0.084577,0.297258
-0.131716,0.086167,0.297044
-0.133591,0.083495,0.296976
-0.135448,0.081486,0.297430
-0.135657,0.081178,0.295922
-0.136777,0.081495,0.295702
-0.137877,0.079216,0.296524
-0.138618,0.081699,0.296004
-0.140851,0.079683,0.294984
-0.139663,0.078224,0.293977
-0.139780,0.077266,0.291938
-0.141344,0.078754,0.292009
-0.145102,0.073158,0.292042
-0.143975,0.073216,0.290235
-0.146305,0.071283,0.288087
-0.149389,0.069556,0.287574
-0.150421,0.065665,0.284584
-0.150642,0.056890,0.276575
-0.151269,0.038533,0.263596
-0.154949,0.033859,0.259435
-0.154516,0.031038,0.256831
-0.155131,0.027796,0.253887
-0.157674,0.022527,0.251394
-0.157553,0.018640,0.246304
-0.160914,0.015109,0.243683
-0.162064,0.010658,0.241616
-0.161916,0.004604,0.234007
-0.165721,-0.002232,0.230568
-0.164597,-0.010578,0.223260
-0.167702,-0.035312,0.205623
-0.166827,-0.051373,0.190981
-0.169661,-0.058602,0.188550
-0.170765,-0.061666,0.184303
-0.171886,-0.065178,0.183071
-0.174000,-0.067517,0.178037
-0.175398,-0.070689,0.179290
-0.177093,-0.071098,0.177435
-0.175933,-0.072779,0.177099
-0.180229,-0.075014,0.174502
-0.180425,-0.079586,0.172253
-0.181592,-0.078936,0.171617
-0.184579,-0.081737,0.171287
-0.184437,-0.081988,0.169413
-0.186454,-0.083186,0.165822
-0.186260,-0.085885,0.167310
-0.188018,-0.085780,0.166975
-0.190017,-0.088938,0.165515
-0.190040,-0.089736,0.163531
-0.191064,-0.089567,0.162943
-0.192562,-0.091262,0.163460
-0.195108,-0.093296,0.160532
-0.194358,-0.095799,0.159116
-0.196135,-0.096743,0.158928
-0.199116,-0.098394,0.154947
-0.199139,-0.099118,0.154644
-0.199414,-0.099410,0.153543
-0.201737,-0.100908,0.154516
-0.201257,-0.103612,0.153310
-0.202556,-0.106809,0.149664
-0.206146,-0.109509,0.148992
-0.207001,-0.112817,0.147234
-0.208488,-0.115860,0.145854
-0.207980,-0.117547,0.142204
-0.210994,-0.117814,0.141390
-0.210990,-0.119116,0.138618
-0.212783,-0.121931,0.137295
-0.214140,-0.126353,0.134845
-0.216585,-0.128234,0.133723
-0.218160,-0.131274,0.131708
-0.220575,-0.135187,0.128357
-0.220688,-0.136408,0.127323
-0.221487,-0.138385,0.126604
-0.222391,-0.142777,0.123099
-0.222828,-0.145112,0.121779
-0.223684,-0.147325,0.119009
-0.227204,-0.149912,0.116333
-0.228409,-0.150503,0.115467
-0.229075,-0.155079,0.112503
-0.231139,-0.157674,0.109988
-0.230782,-0.159789,0.107997
-0.235959,-0.165152,0.106412
-0.235428,-0.166191,0.102777
-0.237310,-0.168904,0.103409
-0.238247,-0.171506,0.100519
-0.240139,-0.174018,0.099054
-0.241803,-0.177707,0.095403
-0.243074,-0.177111,0.093789
-0.242545,-0.181352,0.094230
-0.245642,-0.186155,0.090926
-0.248668,-0.187249,0.088209
-0.249127,-0.190086,0.087275
-0.250711,-0.192765,0.084305
-0.251920,-0.194635,0.081068
-0.252921,-0.196710,0.081647
-0.253533,-0.199416,0.076257
-0.255388,-0.205283,0.075318
-0.258327,-0.209308,0.074517
-0.258541,-0.215237,0.067890
-0.259908,-0.222776,0.059896
0.107691,0.034612,0.262625
0.104833,0.038438,0.262676
0.104281,0.039735,0.265814
0.101613,0.041059,0.265284
0.102907,0.042735,0.266894
0.100535,0.042870,0.269179
0.098622,0.046005,0.270030
0.098654,0.048362,0.273289
0.096931,0.049675,0.273896
0.094654,0.050731,0.272939
0.094469,0.051020,0.275213
0.092180,0.052335,0.275534
0.091678,0.053575,0.276438
0.090682,0.055780,0.277310
0.089712,0.059519,0.279722
0.086250,0.059227,0.280557
0.086020,0.057389,0.280689
0.086619,0.060508,0.282145
0.083942,0.061704,0.282557
0.083822,0.062051,0.283566
0.081808,0.062015,0.283578
0.082332,0.065671,0.285236
0.080027,0.063741,0.285063
0.078149,0.065311,0.285116
0.076962,0.065283,0.286372
0.075359,0.068190,0.286334
0.074701,0.068868,0.287080
0.074520,0.069933,0.285907
0.073991,0.072113,0.289396
0.071376,0.071712,0.290219
0.072360,0.073454,0.292510
0.070459,0.072563,0.291259
0.068117,0.073226,0.290659
0.066935,0.075202,0.292426
0.066559,0.076404,0.291730
0.063963,0.075487,0.294109
0.063594,0.077326,0.291819
0.061186,0.077775,0.295650
0.061063,0.078465,0.294071
0.060442,0.081219,0.295815
0.060973,0.081014,0.297778
0.058292,0.081294,0.296528
0.056417,0.082958,0.296497
0.057167,0.085253,0.298693
0.055374,0.083408,0.297938
0.052767,0.085186,0.300449
0.052851,0.085054,0.299280
0.051396,0.085312,0.303040
0.049355,0.086513,0.300914
0.048113,0.086263,0.303138
0.049139,0.087902,0.302628
0.047292,0.089153,0.304206
0.046272,0.089711,0.303530
0.045483,0.092236,0.304501
0.042537,0.091571,0.303667
0.040971,0.091424,0.305361
0.041815,0.091298,0.306838
0.041287,0.093544,0.306072
0.039483,0.092713,0.305409
0.038043,0.093083,0.307655
0.036758,0.094411,0.307499
0.035422,0.094720,0.308689
0.034358,0.095590,0.306813
0.033931,0.095929,0.308318
0.031756,0.097919,0.308618
0.031277,0.096946,0.310353
0.030640,0.098165,0.311447
0.030365,0.098457,0.311839
0.028185,0.098275,0.311978
0.026777,0.098590,0.310153
0.024741,0.097604,0.311901
0.026088,0.097620,0.311207
0.022568,0.099376,0.311934
0.023286,0.100873,0.312367
0.021927,0.099958,0.311696
0.019522,0.099915,0.312666
0.020978,0.100338,0.312901
0.018763,0.102274,0.312160
0.018216,0.100369,0.312137
0.015560,0.100731,0.310763
0.014704,0.100719,0.312893
0.012952,0.101116,0.312558
0.013356,0.102959,0.313120
0.010803,0.101218,0.313930
0.010692,0.102339,0.313559
0.009931,0.101502,0.313272
0.008691,0.104598,0.313563
0.008295,0.103358,0.315198
0.006643,0.103940,0.314474
0.004836,0.103420,0.315450
0.005925,0.103186,0.314638
0.003975,0.104325,0.314497
0.002765,0.104743,0.315977
0.003042,0.104114,0.315083
0.001606,0.102276,0.316086
-0.000664,0.106140,0.313867
-0.002700,0.103151,0.315486
-0.002098,0.104187,0.315459
-0.003669,0.104460,0.315327
-0.005876,0.104813,0.315761
-0.006320,0.105951,0.314889
-0.007769,0.105452,0.316045
-0.009886,0.105402,0.315661
-0.009640,0.105707,0.315999
-0.010373,0.105456,0.316648
-0.011033,0.105789,0.317823
-0.011663,0.105556,0.315877
-0.013996,0.106346,0.317039
-0.012832,0.105774,0.317329
-0.013981,0.104882,0.316967
-0.017093,0.105522,0.318331
-0.017399,0.106563,0.315053
-0.020371,0.106161,0.317126
-0.020085,0.106005,0.317195
-0.019975,0.106904,0.317245
-0.020155,0.107234,0.317116
-0.021383,0.106583,0.315985
-0.023333,0.105345,0.316729
-0.025605,0.107079,0.316097
-0.027312,0.107027,0.316095
-0.026515,0.104478,0.317244
-0.028536,0.105810,0.314743
-0.029971,0.103893,0.317216
-0.031012,0.106077,0.315840
-0.028868,0.106550,0.316339
-0.033151,0.104443,0.317101
-0.033791,0.104785,0.315657
-0.034659,0.105223,0.315481
-0.037392,0.105027,0.315566
-0.034395,0.104895,0.316632
-0.037991,0.104920,0.315753
-0.038968,0.105202,0.316367
-0.038822,0.105258,0.312882
-0.038706,0.104155,0.314054
-0.041038,0.103893,0.315138
-0.042555,0.104292,0.314561
-0.042355,0.103472,0.313901
-0.045076,0.104728,0.315560
-0.044452,0.101971,0.314514
-0.046492,0.105266,0.314820
-0.046883,0.103250,0.315660
-0.048748,0.101952,0.313272
-0.051531,0.102171,0.315244
-0.051391,0.104141,0.313500
-0.052318,0.103514,0.312988
-0.051853,0.101890,0.312121
-0.054465,0.100898,0.313771
-0.054342,0.100435,0.313201
-0.054807,0.101842,0.312285
-0.056899,0.100371,0.314745
-0.058475,0.101668,0.312745
-0.058915,0.102801,0.313312
-0.059363,0.101140,0.311451
-0.060978,0.102129,0.313429
-0.063394,0.100861,0.313026
-0.062878,0.100109,0.311613
-0.067163,0.100898,0.310917
-0.066607,0.098743,0.312644
-0.065713,0.098818,0.310999
-0.068775,0.101184,0.312151
-0.068139,0.098620,0.311087
-0.068993,0.100654,0.311628
-0.069546,0.100366,0.311954
-0.072981,0.098326,0.311631
-0.072109,0.098187,0.309501
-0.073952,0.100143,0.309620
-0.076243,0.101244,0.312128
-0.077585,0.099754,0.309569
-0.076524,0.098371,0.310277
-0.080211,0.098473,0.310063
-0.080731,0.098299,0.308709
-0.079059,0.097935,0.311033
-0.080531,0.098088,0.307795
-0.081342,0.097606,0.308414
-0.082617,0.095314,0.309654
-0.086812,0.096957,0.308241
-0.087816,0.097707,0.308674
-0.086248,0.096137,0.309511
-0.087140,0.097029,0.308739
-0.088020,0.095658,0.307962
-0.089504,0.097185,0.308173
-0.091223,0.097567,0.308203
-0.090498,0.093996,0.307806
-0.092227,0.095795,0.308067
-0.093233,0.094033,0.307065
-0.095271,0.094365,0.306666
-0.096379,0.093283,0.308590
-0.095852,0.094416,0.307563
-0.097440,0.094044,0.304068
-0.099247,0.092916,0.306387
-0.100941,0.094160,0.306688
-0.101033,0.091722,0.304818
-0.101874,0.095046,0.305432
-0.102490,0.092350,0.306808
-0.104169,0.092987,0.306259
-0.105727,0.091101,0.306904
-0.106560,0.092034,0.305122
-0.108117,0.093465,0.304554
-0.109646,0.091008,0.305573
-0.109312,0.090896,0.306070
-0.110583,0.088800,0.304767
-0.110018,0.090164,0.304096
-0.113101,0.089417,0.303847
-0.114524,0.087478,0.302048
-0.114679,0.089616,0.303418
-0.117334,0.089721,0.303574
-0.117723,0.088585,0.304451
-0.117821,0.088721,0.304695
-0.118618,0.088757,0.303921
-0.120751,0.087127,0.302389
-0.120896,0.087181,0.302440
-0.123517,0.087059,0.299689
-0.123567,0.088641,0.300470
-0.124310,0.086880,0.301347
-0.127350,0.087442,0.300955
-0.127201,0.085651,0.300775
-0.127204,0.083972,0.301048
-0.128937,0.082934,0.300873
-0.129830,0.084991,0.299164
-0.130721,0.081848,0.299622
-0.132732,0.083137,0.297372
-0.132634,0.082932,0.299525
-0.134253,0.083783,0.297475
-0.135582,0.080341,0.297167
-0.136215,0.081762,0.295128
-0.138271,0.080772,0.297922
-0.139571,0.077582,0.294022
-0.140808,0.077799,0.295589
-0.139817,0.077670,0.293775
-0.142858,0.077407,0.293170
-0.143639,0.075160,0.292747
-0.143261,0.073415,0.289478
-0.148028,0.072268,0.290535
-0.147002,0.071967,0.288430
-0.147860,0.070674,0.288555
-0.149592,0.067972,0.287219
-0.150893,0.059635,0.281075
-0.152728,0.036540,0.263530
-0.152606,0.031801,0.259445
-0.155302,0.030168,0.255034
-0.156471,0.023948,0.253615
-0.157110,0.020485,0.249588
-0.157509,0.015055,0.250345
-0.158671,0.014949,0.245600
-0.159600,0.009521,0.242590
-0.161197,0.000976,0.235525
-0.163460,-0.003654,0.231541
-0.164520,-0.012680,0.226469
-0.166610,-0.030166,0.211860
-0.167155,-0.045788,0.198529
-0.170400,-0.054366,0.192223
-0.172620,-0.060027,0.188034
-0.173541,-0.064358,0.184808
-0.174846,-0.067046,0.183742
-0.175535,-0.068694,0.180782
-0.176540,-0.071048,0.178700
-0.178448,-0.070506,0.176640
-0.180155,-0.075705,0.175776
-0.178525,-0.078286,0.174563
-0.181698,-0.079321,0.175395
-0.182072,-0.079131,0.173310
-0.182837,-0.081640,0.172015
-0.184807,-0.082497,0.171419
-0.185316,-0.081616,0.170254
-0.188562,-0.087013,0.167836
-0.189509,-0.087678,0.168378
-0.190466,-0.089132,0.166498
-0.190544,-0.089364,0.165017
-0.193250,-0.090513,0.163786
-0.194050,-0.092920,0.163546
-0.193065,-0.092928,0.161922
-0.198715,-0.096278,0.161399
-0.198369,-0.097523,0.158612
-0.198757,-0.098356,0.159263
-0.202321,-0.099526,0.157208
-0.202243,-0.100809,0.157858
-0.202291,-0.101612,0.154873
-0.204452,-0.104442,0.153381
-0.204933,-0.106610,0.153140
-0.205675,-0.106743,0.152176
-0.206586,-0.111524,0.149345
-0.208817,-0.112035,0.147057
-0.208801,-0.115473,0.145849
-0.212968,-0.117679,0.142684
-0.213792,-0.120899,0.141356
-0.215672,-0.122779,0.140201
-0.215179,-0.123652,0.136664
-0.216522,-0.126400,0.133984
-0.219540,-0.130322,0.132853
-0.221544,-0.133110,0.130667
-0.218671,-0.135849,0.129633
-0.223983,-0.137204,0.127059
-0.223306,-0.142068,0.125407
-0.225636,-0.143482,0.123303
-0.225801,-0.146599,0.120219
-0.231285,-0.149507,0.119154
-0.230182,-0.153555,0.118647
-0.232480,-0.156875,0.112371
-0.232755,-0.158235,0.112518
-0.233929,-0.160658,0.109834
-0.234401,-0.164020,0.107681
-0.236511,-0.167093,0.104555
-0.238524,-0.168617,0.104610
-0.240862,-0.171195,0.101776
-0.241591,-0.173788,0.099766
-0.240970,-0.176074,0.097906
-0.241947,-0.178431,0.095228
-0.245325,-0.182446,0.095532
-0.245866,-0.184591,0.092479
-0.248293,-0.187264,0.091675
-0.250857,-0.189408,0.089012
-0.249683,-0.191851,0.086602
-0.251838,-0.193628,0.084658
-0.255603,-0.198125,0.081063
-0.256230,-0.200929,0.079070
-0.255857,-0.202736,0.076656
-0.259444,-0.208144,0.073836
-0.260496,-0.213130,0.071883
-0.263217,-0.221235,0.065828
0.105264,0.035118,0.262857
0.104692,0.035766,0.264882
0.104062,0.038787,0.264813
0.100183,0.038422,0.266197
0.100129,0.041203,0.267374
0.099931,0.044219,0.268181
0.098708,0.044961,0.269966
0.096724,0.047597,0.272458
0.094820,0.049563,0.272663
0.093066,0.047428,0.271779
0.092049,0.048831,0.275881
0.092387,0.050723,0.273203
0.090288,0.053048,0.277165
0.089595,0.054359,0.275334
0.087534,0.054398,0.279071
0.087089,0.054961,0.279526
0.087135,0.056904,0.281011
0.085310,0.059524,0.280122
0.082206,0.060279,0.281420
0.081622,0.062026,0.282027
0.081778,0.062428,0.285501
0.080053,0.061444,0.282804
0.078541,0.064143,0.285375
0.078085,0.063881,0.285941
0.075403,0.063757,0.285278
0.075862,0.066927,0.286881
0.075498,0.067016,0.287790
0.074177,0.069226,0.289124
0.071374,0.067471,0.289062
0.070953,0.070750,0.291652
0.068827,0.071014,0.290458
0.067993,0.070918,0.292301
0.068906,0.073871,0.291718
0.066413,0.072663,0.295132
0.066200,0.074249,0.294390
0.062209,0.075062,0.293477
0.063655,0.076621,0.294257
0.062532,0.077144,0.295235
0.060903,0.076821,0.295349
0.059826,0.076798,0.296217
0.058330,0.079749,0.298537
0.056589,0.080724,0.297507
0.055791,0.080229,0.299568
0.056165,0.080592,0.299390
0.054380,0.083060,0.297234
0.051978,0.083766,0.299341
0.052491,0.084646,0.300304
0.051232,0.084084,0.300667
0.049677,0.085366,0.302345
0.048216,0.086680,0.302370
0.044867,0.087055,0.303388
0.045668,0.088611,0.303114
0.043648,0.087148,0.303989
0.041813,0.089277,0.306531
0.041694,0.089233,0.304730
0.042102,0.089615,0.306856
0.039638,0.090718,0.307082
0.038251,0.092381,0.308812
0.039583,0.091114,0.308642
0.038316,0.092697,0.307137
0.036297,0.094733,0.306397
0.034673,0.093814,0.306333
0.034225,0.093131,0.307790
0.032568,0.095142,0.308015
0.030269,0.094364,0.310698
0.029907,0.095448,0.308556
0.029708,0.096894,0.309579
0.029215,0.095642,0.311787
0.026519,0.097375,0.308621
0.024703,0.096980,0.311532
0.026300,0.097918,0.310323
0.024535,0.097086,0.311741
0.023491,0.098517,0.312698
0.020535,0.096318,0.312007
0.021885,0.098605,0.313269
0.019835,0.098511,0.312092
0.019600,0.098819,0.313017
0.018528,0.098679,0.311893
0.017420,0.100594,0.313555
0.015334,0.097101,0.312768
0.016006,0.099385,0.313125
0.014331,0.101332,0.312410
0.011761,0.100253,0.313492
0.010481,0.100454,0.313959
0.009903,0.099609,0.313309
0.010650,0.101210,0.314719
0.007904,0.102188,0.314684
0.006238,0.100202,0.314396
0.004225,0.104309,0.315966
0.004958,0.099340,0.315508
0.003201,0.102869,0.316307
0.002605,0.101407,0.314157
0.002169,0.102373,0.313141
-0.000233,0.101809,0.316144
0.000224,0.102557,0.314040
-0.001787,0.103332,0.314784
-0.003552,0.103238,0.316785
-0.004832,0.102923,0.316664
-0.005085,0.104138,0.317944
-0.005442,0.102572,0.316753
-0.006071,0.103537,0.317035
-0.010256,0.102289,0.316699
-0.008245,0.103083,0.316422
-0.012131,0.105380,0.317668
-0.011372,0.105106,0.314332
-0.012359,0.104391,0.316850
-0.013976,0.105392,0.316685
-0.015883,0.103972,0.316192
-0.015433,0.102936,0.318670
-0.018084,0.103521,0.317828
-0.018874,0.103745,0.315561
-0.018541,0.103441,0.317138
-0.019739,0.105222,0.317118
-0.019606,0.103312,0.314648
-0.021731,0.103561,0.315598
-0.022495,0.104606,0.317365
-0.022902,0.104501,0.315602
-0.025311,0.105111,0.316907
-0.025811,0.103863,0.316856
-0.028533,0.105266,0.317463
-0.028150,0.104918,0.314350
-0.028373,0.104719,0.317209
-0.031441,0.103127,0.314442
-0.031347,0.102703,0.316237
-0.031968,0.105137,0.314309
-0.034696,0.104780,0.316723
-0.034929,0.104721,0.315732
-0.033274,0.104043,0.315061
-0.034565,0.105034,0.317009
-0.038429,0.100732,0.314335
-0.037259,0.102884,0.314891
-0.040577,0.100975,0.317678
-0.040915,0.102730,0.313904
-0.041404,0.102540,0.314853
-0.042534,0.101409,0.314589
-0.044925,0.101420,0.316638
-0.045092,0.101896,0.315086
-0.044645,0.103210,0.315334
-0.048109,0.101490,0.315963
-0.048385,0.103453,0.314634
-0.048548,0.100558,0.313736
-0.050543,0.100191,0.313884
-0.051227,0.101827,0.311589
-0.052924,0.100522,0.313327
-0.052087,0.100643,0.313709
-0.054121,0.099551,0.315843
-0.054570,0.102119,0.313249
-0.058862,0.100007,0.312744
-0.059251,0.100418,0.314216
-0.059713,0.100122,0.313034
-0.059368,0.100462,0.313414
-0.061476,0.099430,0.314106
-0.062918,0.099658,0.313098
-0.061640,0.097711,0.311570
-0.064641,0.099255,0.312588
-0.064653,0.098401,0.311292
-0.066279,0.098114,0.312961
-0.065802,0.097962,0.311695
-0.068959,0.097152,0.311145
-0.069603,0.096604,0.312232
-0.071684,0.096965,0.311550
-0.071496,0.097195,0.312018
-0.070151,0.097763,0.312955
-0.071312,0.094659,0.311609
-0.074315,0.099750,0.309619
-0.074491,0.096417,0.311457
-0.076350,0.098040,0.308740
-0.076842,0.098218,0.312025
-0.077452,0.094822,0.311557
-0.080057,0.097000,0.311784
-0.081651,0.097469,0.307874
-0.080689,0.097794,0.309444
-0.081231,0.096153,0.309870
-0.085771,0.094535,0.311050
-0.084088,0.096563,0.309622
-0.085699,0.097184,0.308910
-0.088255,0.096127,0.309379
-0.086279,0.095528,0.309941
-0.087813,0.093284,0.308323
-0.090335,0.095429,0.309359
-0.090480,0.093192,0.311208
-0.092141,0.093666,0.306721
-0.093623,0.094472,0.307027
-0.093297,0.092401,0.309831
-0.094879,0.094348,0.309957
-0.097393,0.094419,0.305864
-0.096848,0.093291,0.307766
-0.098768,0.094082,0.308134
-0.098276,0.091028,0.308133
-0.101642,0.091996,0.307040
-0.101626,0.089358,0.307420
-0.102464,0.091934,0.305843
-0.104111,0.091169,0.306096
-0.104300,0.090951,0.306824
-0.105497,0.090658,0.305611
-0.106947,0.090777,0.306647
-0.106906,0.090245,0.305388
-0.110301,0.090604,0.304987
-0.109601,0.090307,0.305237
-0.109048,0.087341,0.305852
-0.110193,0.088534,0.308224
-0.113370,0.088704,0.305460
-0.114727,0.090166,0.305143
-0.115704,0.087694,0.304454
-0.116083,0.090362,0.302326
-0.117818,0.088711,0.303054
-0.119988,0.086823,0.302280
-0.118327,0.087743,0.301409
-0.121143,0.088256,0.303327
-0.121033,0.087284,0.301856
-0.122464,0.085578,0.302406
-0.124428,0.086640,0.302779
-0.123059,0.085687,0.301779
-0.125489,0.085249,0.303358
-0.127323,0.085682,0.302777
-0.126366,0.085202,0.301434
-0.127606,0.083109,0.302364
-0.128656,0.082321,0.299823
-0.130034,0.082723,0.297977
-0.133724,0.082523,0.296839
-0.133599,0.082099,0.299830
-0.133407,0.079772,0.297738
-0.136221,0.081834,0.297816
-0.138056,0.080113,0.296292
-0.138725,0.078656,0.295129
-0.136805,0.078421,0.298241
-0.140511,0.077456,0.293932
-0.142394,0.077388,0.296298
-0.142505,0.075562,0.295359
-0.142706,0.075091,0.293745
-0.144238,0.073912,0.293514
-0.144250,0.071169,0.292833
-0.146934,0.069238,0.289775
-0.147314,0.070819,0.289446
-0.148006,0.066753,0.286095
-0.149985,0.061202,0.281438
-0.150670,0.034315,0.264566
-0.151928,0.031167,0.259988
-0.154909,0.026921,0.254923
-0.154476,0.020638,0.254169
-0.157165,0.019851,0.251953
-0.158681,0.015689,0.248573
-0.160066,0.012628,0.246636
-0.162742,0.007810,0.242654
-0.160922,0.002356,0.238473
-0.164542,-0.002205,0.231995
-0.165175,-0.012777,0.228937
-0.165164,-0.021518,0.219869
-0.169377,-0.040951,0.205992
-0.169062,-0.048888,0.198893
-0.170122,-0.056039,0.189081
-0.172638,-0.060904,0.189345
-0.172544,-0.063955,0.186935
-0.174920,-0.067053,0.182712
-0.173574,-0.069128,0.183671
-0.178661,-0.069126,0.183032
-0.178931,-0.072387,0.180282
-0.179938,-0.073977,0.178915
-0.181134,-0.076769,0.175057
-0.181903,-0.078767,0.176099
-0.185436,-0.079749,0.172340
-0.184784,-0.080276,0.172850
-0.187383,-0.082867,0.171066
-0.188291,-0.083092,0.171122
-0.188801,-0.083946,0.168496
-0.191331,-0.086640,0.168364
-0.190109,-0.088669,0.168553
-0.193521,-0.089716,0.166598
-0.193397,-0.090761,0.165261
-0.195560,-0.092966,0.164368
-0.196321,-0.092642,0.162348
-0.197264,-0.095733,0.162841
-0.198735,-0.096812,0.162248
-0.200518,-0.099588,0.161541
-0.200441,-0.100294,0.159426
-0.204285,-0.100800,0.159022
-0.202692,-0.102617,0.158105
-0.205520,-0.104329,0.156019
-0.206164,-0.104364,0.155777
-0.208884,-0.107470,0.151450
-0.208333,-0.110163,0.149799
-0.210001,-0.113701,0.150971
-0.211106,-0.115619,0.149031
-0.213499,-0.115924,0.147023
-0.215633,-0.118674,0.142474
-0.214256,-0.123796,0.141052
-0.217487,-0.123042,0.138989
-0.216548,-0.128728,0.137475
-0.218462,-0.127591,0.135487
-0.221801,-0.134308,0.132365
-0.224694,-0.135737,0.131334
-0.223363,-0.136620,0.128564
-0.225308,-0.142356,0.126252
-0.226545,-0.144207,0.125222
-0.229727,-0.145635,0.124757
-0.229907,-0.149074,0.119869
-0.230764,-0.152626,0.117852
-0.230639,-0.155171,0.116704
-0.234268,-0.158184,0.115879
-0.234123,-0.160171,0.113396
-0.235922,-0.163287,0.108734
-0.237742,-0.166359,0.108102
-0.239654,-0.169706,0.103877
-0.242919,-0.173126,0.103865
-0.242386,-0.174274,0.101558
-0.243309,-0.177053,0.099665
-0.247822,-0.179672,0.097120
-0.244531,-0.179952,0.095990
-0.249686,-0.183916,0.095739
-0.249032,-0.184570,0.092429
-0.251273,-0.189376,0.089846
-0.251261,-0.191798,0.086663
-0.253468,-0.193761,0.085111
-0.254483,-0.198639,0.083079
-0.256930,-0.201164,0.080923
-0.258035,-0.205301,0.079535
-0.259341,-0.206474,0.075567
-0.260266,-0.211320,0.073060
-0.264429,-0.220957,0.065769
-0.265574,-0.233715,0.053404
0.105359,0.032864,0.260722
0.103345,0.032845,0.265540
0.102916,0.033823,0.265736
0.102992,0.036510,0.266179
0.100842,0.039172,0.268083
0.100445,0.041025,0.268736
0.097970,0.043632,0.270765
0.096192,0.041893,0.273089
0.096546,0.044742,0.273455
0.095151,0.046195,0.272911
0.092722,0.048699,0.274709
0.091388,0.047471,0.273923
0.090616,0.051236,0.276612
0.089237,0.052422,0.276112
0.088425,0.053824,0.278817
0.087292,0.053703,0.280744
0.084949,0.054023,0.282615
0.085244,0.056533,0.282471
0.083802,0.055894,0.283012
0.081630,0.059125,0.282406
0.081388,0.058437,0.282528
0.079102,0.059855,0.283666
0.080039,0.061737,0.283816
0.078846,0.061801,0.285566
0.077557,0.063582,0.286357
0.074770,0.063372,0.285690
0.074319,0.066289,0.286861
0.072979,0.065321,0.289589
0.072458,0.065238,0.289883
0.072357,0.067541,0.289200
0.069494,0.069056,0.289891
0.069242,0.069734,0.289698
0.068106,0.069595,0.292094
0.066039,0.067413,0.292429
0.064401,0.072073,0.295531
0.063978,0.072276,0.294394
0.063165,0.073249,0.293048
0.063070,0.074730,0.296287
0.059924,0.076765,0.296732
0.059736,0.075761,0.295914
0.056758,0.076838,0.299312
0.056227,0.078102,0.297554
0.055048,0.078477,0.297723
0.055974,0.080232,0.299335
0.054210,0.081670,0.300414
0.053185,0.081751,0.298620
0.050190,0.083498,0.300765
0.051049,0.084620,0.300531
0.046554,0.082156,0.302047
0.047555,0.082960,0.303399
0.046577,0.083708,0.300572
0.045720,0.085788,0.304308
0.043694,0.087863,0.304368
0.042822,0.086098,0.303631
0.042600,0.088363,0.306050
0.041722,0.087617,0.306216
0.040537,0.089728,0.305203
0.039040,0.087609,0.306546
0.039601,0.091586,0.306620
0.036668,0.089963,0.306848
0.035253,0.090858,0.308064
0.033507,0.093719,0.307927
0.033786,0.091446,0.309584
0.031408,0.094316,0.308722
0.031042,0.094343,0.309206
0.031287,0.092643,0.309992
0.029534,0.093756,0.309997
0.027839,0.093889,0.310662
0.027057,0.094125,0.310887
0.024686,0.093695,0.313080
0.024660,0.096809,0.310363
0.024174,0.094991,0.310896
0.024364,0.096022,0.311601
0.021008,0.095833,0.312844
0.018917,0.098645,0.313805
0.019259,0.096624,0.311998
0.018936,0.096399,0.313006
0.018454,0.097770,0.312453
0.015179,0.096488,0.312014
0.014064,0.097193,0.314067
0.015027,0.098758,0.314265
0.014281,0.100308,0.312391
0.012291,0.099927,0.313631
0.012625,0.101762,0.313660
0.008861,0.098439,0.313779
0.009382,0.098132,0.315504
0.006264,0.099513,0.313938
0.007610,0.100001,0.314440
0.004977,0.100339,0.314751
0.006625,0.100658,0.316310
0.004196,0.098895,0.315836
0.002842,0.100244,0.314141
0.002467,0.100658,0.317240
0.001192,0.100556,0.315691
0.001099,0.099933,0.316369
-0.002274,0.103031,0.319526
-0.002135,0.102828,0.315307
-0.003328,0.101483,0.314223
-0.004815,0.101447,0.314776
-0.004017,0.101718,0.316313
-0.008286,0.101532,0.316756
-0.008623,0.102078,0.316042
-0.010189,0.101042,0.316839
-0.010453,0.104349,0.315738
-0.011239,0.103154,0.317821
-0.012960,0.103019,0.316236
-0.013898,0.100755,0.318310
-0.012768,0.102885,0.317789
-0.015208,0.102731,0.316146
-0.014608,0.104619,0.316185
-0.016207,0.103009,0.317225
-0.017671,0.103393,0.314349
-0.019713,0.104115,0.317183
-0.021712,0.102907,0.316909
-0.021755,0.102183,0.317788
-0.021836,0.105483,0.318326
-0.022815,0.103770,0.315722
-0.024347,0.103690,0.317317
-0.025483,0.104392,0.318453
-0.027795,0.104349,0.315705
-0.025687,0.101748,0.316584
-0.027331,0.102938,0.315428
-0.030516,0.103788,0.316826
-0.031111,0.102735,0.315927
-0.030802,0.101859,0.315575
-0.033591,0.102711,0.316207
-0.033414,0.101842,0.316611
-0.034215,0.101010,0.316777
-0.034875,0.100666,0.316880
-0.038456,0.102406,0.314246
-0.039657,0.100235,0.316418
-0.040787,0.101004,0.316642
-0.039655,0.102391,0.315039
-0.040583,0.102332,0.314534
-0.041673,0.100833,0.314883
-0.042464,0.101355,0.315703
-0.046553,0.099226,0.316284
-0.044062,0.100864,0.315549
-0.049071,0.100112,0.316097
-0.049036,0.100734,0.315969
-0.048995,0.099164,0.315440
-0.049720,0.099073,0.314711
-0.051476,0.100487,0.313618
-0.052131,0.098254,0.314757
-0.054251,0.099022,0.314235
-0.054337,0.097761,0.314970
-0.055661,0.098392,0.314167
-0.055517,0.098076,0.315651
-0.058712,0.097940,0.313272
-0.057968,0.097782,0.314871
-0.060278,0.097469,0.312186
-0.060762,0.097783,0.313619
-0.061559,0.099267,0.312537
-0.061387,0.097795,0.311029
-0.064796,0.097716,0.312893
-0.064248,0.095128,0.312628
-0.066503,0.097255,0.312067
-0.066354,0.097111,0.311465
-0.068333,0.096561,0.313174
-0.069145,0.097066,0.313088
-0.070140,0.097042,0.312094
-0.069273,0.096020,0.311004
-0.072219,0.098255,0.310256
-0.074011,0.096369,0.312012
-0.073518,0.095892,0.311282
-0.073522,0.096641,0.310784
-0.077418,0.095291,0.311448
-0.076646,0.094851,0.311921
-0.078895,0.096571,0.312118
-0.079709,0.094479,0.310694
-0.080155,0.095248,0.311293
-0.080599,0.093156,0.309540
-0.084080,0.094733,0.309005
-0.082979,0.093596,0.311646
-0.084281,0.092968,0.310033
-0.085636,0.094510,0.309273
-0.086383,0.094323,0.309682
-0.088103,0.093030,0.309205
-0.088339,0.091816,0.309897
-0.089279,0.093626,0.310307
-0.090982,0.091935,0.311669
-0.089874,0.092381,0.309732
-0.094517,0.092014,0.308881
-0.094879,0.091954,0.310046
-0.093785,0.092212,0.308317
-0.096173,0.092460,0.308557
-0.098236,0.091068,0.309761
-0.098347,0.092572,0.306762
-0.098203,0.092658,0.308227
-0.099022,0.091071,0.307673
-0.102229,0.092724,0.305894
-0.103747,0.091520,0.307855
-0.103945,0.088648,0.306144
-0.104661,0.089488,0.305750
-0.106907,0.088906,0.304902
-0.107294,0.089242,0.307665
-0.108180,0.088126,0.304980
-0.107834,0.088515,0.308264
-0.108916,0.087810,0.305461
-0.110803,0.087924,0.305893
-0.111694,0.087652,0.305916
-0.113815,0.087828,0.307054
-0.115521,0.086800,0.304648
-0.116169,0.088976,0.305983
-0.114637,0.086398,0.305707
-0.118560,0.086541,0.305640
-0.118947,0.088091,0.304021
-0.119898,0.087156,0.302385
-0.121084,0.085246,0.304666
-0.122248,0.084305,0.304785
-0.122062,0.085848,0.303707
-0.125053,0.084474,0.302483
-0.124231,0.086512,0.303434
-0.126577,0.084958,0.304607
-0.126396,0.083609,0.301562
-0.130009,0.082489,0.302444
-0.129308,0.082832,0.302296
-0.129198,0.081967,0.302171
-0.130698,0.082408,0.301245
-0.133744,0.078788,0.299280
-0.135083,0.080644,0.298888
-0.134615,0.079585,0.301074
-0.136519,0.079304,0.298529
-0.136360,0.076643,0.296926
-0.137012,0.076758,0.296794
-0.140079,0.076401,0.298953
-0.139202,0.077105,0.297666
-0.139029,0.074844,0.297549
-0.141714,0.074931,0.296528
-0.143413,0.074183,0.294861
-0.144178,0.073281,0.295276
-0.145364,0.070250,0.293445
-0.148007,0.069889,0.291039
-0.147928,0.067812,0.291701
-0.150135,0.068223,0.288027
-0.152492,0.060700,0.282626
-0.152742,0.034599,0.263504
-0.153048,0.028688,0.262424
-0.154330,0.023781,0.257608
-0.156674,0.019938,0.254171
-0.157581,0.019042,0.251759
-0.159497,0.016584,0.248336
-0.159985,0.011292,0.246454
-0.161454,0.007874,0.244486
-0.160950,0.002802,0.238892
-0.163936,-0.004952,0.235312
-0.165353,-0.012712,0.226686
-0.167514,-0.017624,0.222730
-0.168184,-0.034564,0.209999
-0.168954,-0.044759,0.202620
-0.171168,-0.052251,0.196051
-0.174570,-0.058768,0.192530
-0.173365,-0.061741,0.188943
-0.175722,-0.064430,0.187679
-0.177155,-0.067659,0.186724
-0.178315,-0.070877,0.183488
-0.177655,-0.070892,0.180982
-0.180027,-0.073775,0.179364
-0.181677,-0.076038,0.178564
-0.182387,-0.075986,0.179420
-0.181397,-0.078002,0.176442
-0.185102,-0.078670,0.176561
-0.186458,-0.080146,0.175179
-0.186698,-0.081808,0.174028
-0.187791,-0.085755,0.172104
-0.190513,-0.085738,0.170926
-0.191268,-0.087084,0.170518
-0.194159,-0.088316,0.168538
-0.193162,-0.089530,0.169876
-0.195559,-0.090242,0.169361
-0.196336,-0.092946,0.166645
-0.197702,-0.094893,0.164816
-0.197612,-0.093166,0.164861
-0.199843,-0.096532,0.163380
-0.201979,-0.097647,0.160255
-0.202111,-0.099269,0.161488
-0.202543,-0.101716,0.159203
-0.205896,-0.102651,0.158157
-0.205221,-0.105360,0.156477
-0.207756,-0.107487,0.155259
-0.208614,-0.108571,0.154090
-0.209711,-0.109325,0.150572
-0.212105,-0.111052,0.151310
-0.212803,-0.116319,0.148736
-0.213357,-0.116353,0.147130
-0.213926,-0.119487,0.147019
-0.217117,-0.120421,0.144931
-0.216778,-0.124462,0.142856
-0.219892,-0.126780,0.141117
-0.221379,-0.129724,0.138693
-0.222509,-0.130341,0.136631
-0.222252,-0.133947,0.132911
-0.224230,-0.138534,0.132094
-0.226237,-0.139923,0.131350
-0.227234,-0.142900,0.125774
-0.230702,-0.144726,0.126258
-0.228793,-0.147902,0.122828
-0.231789,-0.152370,0.119586
-0.232548,-0.155151,0.117728
-0.235070,-0.159544,0.115907
-0.235045,-0.160713,0.112029
-0.238223,-0.164766,0.111545
-0.239161,-0.166325,0.108452
-0.239669,-0.169487,0.105689
-0.242457,-0.172032,0.103908
-0.243641,-0.173402,0.101318
-0.245407,-0.175425,0.101353
-0.245705,-0.178880,0.099931
-0.248407,-0.181384,0.097106
-0.248363,-0.184747,0.094479
-0.247993,-0.187188,0.093729
-0.250674,-0.189148,0.093707
-0.253998,-0.188929,0.090351
-0.254339,-0.192909,0.088296
-0.256232,-0.197099,0.086094
-0.256950,-0.202043,0.083275
-0.256298,-0.204527,0.080917
-0.259971,-0.207179,0.076316
-0.261218,-0.210566,0.072780
-0.262457,-0.220826,0.069374
-0.265029,-0.231283,0.059789
0.105351,0.033395,0.262044
0.103928,0.030806,0.263432
0.104091,0.032907,0.265681
0.101615,0.036001,0.265846
0.098790,0.038030,0.267554
0.098210,0.040177,0.268850
0.098253,0.041667,0.271398
0.095443,0.041720,0.272949
0.095539,0.041482,0.272560
0.094726,0.045313,0.273824
0.093319,0.046719,0.274495
0.090785,0.048113,0.277169
0.090465,0.048440,0.276504
0.087517,0.047950,0.277555
0.088037,0.051362,0.277657
0.087215,0.052028,0.279921
0.085364,0.054999,0.281171
0.082447,0.055162,0.281826
0.081358,0.055918,0.282192
0.082243,0.057384,0.283890
0.079139,0.056975,0.284005
0.079710,0.058264,0.285372
0.077881,0.059632,0.284134
0.075308,0.061494,0.286073
0.076927,0.062062,0.287424
0.074039,0.062277,0.288210
0.073407,0.062429,0.287462
0.070768,0.064323,0.288447
0.070468,0.066516,0.289034
0.071852,0.066599,0.290384
0.068794,0.066640,0.290032
0.067851,0.068242,0.292468
0.065791,0.068340,0.291937
0.065132,0.072584,0.294375
0.063897,0.070589,0.292820
0.063314,0.073060,0.293819
0.059588,0.073136,0.295500
0.061350,0.072568,0.293549
0.059699,0.075604,0.297132
0.058042,0.075617,0.295953
0.054942,0.076863,0.299000
0.057213,0.077829,0.297052
0.056114,0.076100,0.299190
0.054221,0.077298,0.299691
0.052342,0.078393,0.298064
0.050660,0.078724,0.300945
0.049882,0.079270,0.300777
0.050637,0.079098,0.302309
0.049937,0.083215,0.300498
0.048557,0.082075,0.303226
0.046454,0.084534,0.302401
0.044110,0.083680,0.305688
0.043273,0.085914,0.303084
0.043339,0.083971,0.304481
0.040959,0.086290,0.305920
0.040722,0.086722,0.308094
0.039842,0.088769,0.304860
0.038784,0.088233,0.307449
0.036635,0.090257,0.307404
0.035284,0.089396,0.308186
0.035799,0.089108,0.308215
0.034389,0.091691,0.308396
0.034275,0.091086,0.309879
0.031793,0.091831,0.310616
0.030787,0.091200,0.308611
0.029729,0.094003,0.308972
0.028030,0.091504,0.310938
0.027502,0.092277,0.311769
0.027291,0.092547,0.310031
0.024043,0.092259,0.311407
0.024252,0.094269,0.311851
0.022887,0.093194,0.313046
0.021584,0.094133,0.311589
0.020330,0.095133,0.311933
0.020298,0.096541,0.313529
0.017935,0.095416,0.312656
0.016886,0.093817,0.312730
0.018828,0.095987,0.312388
0.016680,0.096124,0.312794
0.014662,0.097431,0.313993
0.014965,0.096899,0.312060
0.012394,0.096769,0.316137
0.010081,0.096926,0.314076
0.010886,0.097924,0.316669
0.009176,0.096953,0.313225
0.005752,0.098988,0.313572
0.008137,0.097217,0.314852
0.006609,0.098072,0.314761
0.002782,0.098524,0.313025
0.003474,0.098057,0.314994
-0.000990,0.097045,0.314676
0.000001,0.100076,0.315730
0.001637,0.098064,0.315028
-0.001781,0.098690,0.316313
-0.000033,0.099438,0.315120
-0.003409,0.097791,0.316144
-0.003919,0.100299,0.315195
-0.005037,0.100966,0.315390
-0.004992,0.098225,0.316832
-0.006313,0.101014,0.315879
-0.008631,0.101075,0.317470
-0.010769,0.099539,0.317832
-0.011113,0.100675,0.317631
-0.010618,0.099684,0.317073
-0.010785,0.102131,0.316273
-0.011320,0.100741,0.317428
-0.015099,0.101856,0.315446
-0.015731,0.101367,0.315395
-0.015445,0.102164,0.316224
-0.017748,0.102282,0.318187
-0.017454,0.102368,0.316805
-0.019204,0.101786,0.316864
-0.021266,0.100842,0.319253
-0.022079,0.102883,0.316730
-0.022450,0.100982,0.319126
-0.023862,0.101509,0.315231
-0.024412,0.101529,0.316313
-0.026604,0.101542,0.317332
-0.024626,0.099817,0.318106
-0.029055,0.100877,0.316746
-0.030177,0.099713,0.317844
-0.029518,0.100154,0.316145
-0.030234,0.102249,0.314939
-0.031751,0.099356,0.316671
-0.033485,0.100713,0.316912
-0.034052,0.101409,0.316324
-0.033857,0.100087,0.316491
-0.035866,0.100383,0.316520
-0.036309,0.099691,0.316924
-0.038551,0.100122,0.316075
-0.040530,0.099821,0.314565
-0.040240,0.098561,0.316362
-0.040787,0.097825,0.317111
-0.042370,0.100762,0.315361
-0.044013,0.101563,0.316251
-0.045095,0.099840,0.315142
-0.045420,0.099988,0.315842
-0.046638,0.098497,0.317093
-0.047887,0.097627,0.315180
-0.048305,0.097918,0.314475
-0.047959,0.098197,0.315573
-0.049417,0.101226,0.313298
-0.049839,0.096677,0.314614
-0.052848,0.096953,0.316748
-0.055104,0.098065,0.315762
-0.054455,0.095811,0.313288
-0.058244,0.097900,0.314525
-0.058033,0.097692,0.313495
-0.057723,0.096715,0.314879
-0.061198,0.096391,0.314782
-0.060972,0.094938,0.312585
-0.061826,0.095563,0.313444
-0.063038,0.093848,0.313820
-0.063440,0.095576,0.312039
-0.065141,0.094427,0.314753
-0.065594,0.095776,0.312937
-0.068200,0.096238,0.313645
-0.067554,0.094901,0.313611
-0.069408,0.095715,0.312863
-0.071037,0.093992,0.311235
-0.070681,0.093976,0.312114
-0.070342,0.095030,0.312857
-0.072388,0.091883,0.312828
-0.073814,0.093797,0.312583
-0.074279,0.091622,0.311435
-0.076205,0.095829,0.313040
-0.078079,0.095952,0.310807
-0.077024,0.095269,0.312815
-0.079433,0.093846,0.310598
-0.080071,0.094581,0.311732
-0.080542,0.092457,0.311124
-0.082073,0.093585,0.310628
-0.083508,0.093213,0.309660
-0.084439,0.093126,0.309877
-0.084924,0.091830,0.310592
-0.086201,0.092337,0.310946
-0.088620,0.092751,0.309424
-0.087625,0.090803,0.311515
-0.087949,0.091137,0.308846
-0.091117,0.091605,0.309393
-0.091221,0.092217,0.309735
-0.093121,0.091739,0.309400
-0.095957,0.092989,0.309352
-0.095824,0.091474,0.309062
-0.097423,0.093414,0.308009
-0.097120,0.090049,0.307828
-0.096782,0.088393,0.311261
-0.099226,0.090407,0.308930
-0.099680,0.088845,0.309842
-0.100574,0.088308,0.307105
-0.102920,0.087796,0.307719
-0.104104,0.089601,0.306890
-0.105255,0.089556,0.309111
-0.105599,0.087991,0.308146
-0.104752,0.088910,0.307711
-0.106272,0.086698,0.308474
-0.106989,0.088578,0.307592
-0.109661,0.087347,0.306599
-0.112716,0.087430,0.305844
-0.112362,0.087368,0.306697
-0.110818,0.085788,0.305670
-0.115058,0.084448,0.305835
-0.116115,0.085794,0.304391
-0.117948,0.085350,0.305789
-0.117318,0.084401,0.304466
-0.118351,0.084888,0.304876
-0.118860,0.085206,0.305250
-0.122697,0.086367,0.304338
-0.121798,0.085595,0.303896
-0.121743,0.081960,0.306116
-0.124316,0.083619,0.304893
-0.123529,0.085668,0.302167
-0.126438,0.083035,0.304678
-0.127126,0.082136,0.304289
-0.128670,0.081282,0.301676
-0.130275,0.082132,0.303580
-0.131204,0.080816,0.301475
-0.132019,0.081568,0.302829
-0.133873,0.079860,0.301294
-0.134316,0.078518,0.301779
-0.136543,0.077478,0.298875
-0.135846,0.078439,0.299889
-0.138687,0.078135,0.298589
-0.138276,0.076698,0.299443
-0.138607,0.075163,0.298438
-0.140022,0.075309,0.298488
-0.139607,0.075871,0.296969
-0.141229,0.072357,0.297139
-0.143545,0.073791,0.296744
-0.144015,0.072777,0.294943
-0.146800,0.072637,0.293055
-0.147114,0.070311,0.292349
-0.146503,0.066928,0.292536
-0.149151,0.066830,0.288942
-0.150421,0.057302,0.283931
-0.152706,0.032486,0.263749
-0.153234,0.026853,0.262339
-0.154595,0.022672,0.257272
-0.154410,0.019213,0.254726
-0.157858,0.015075,0.253416
-0.157718,0.014048,0.249898
-0.159027,0.010267,0.245993
-0.159548,0.007685,0.245919
-0.162460,0.003798,0.241136
-0.162517,-0.004658,0.236640
-0.163194,-0.012254,0.227176
-0.165866,-0.019339,0.224120
-0.168618,-0.030020,0.215893
-0.169355,-0.041442,0.205725
-0.171291,-0.049361,0.201169
-0.171824,-0.057168,0.195217
-0.172790,-0.059892,0.193888
-0.172682,-0.062106,0.191432
-0.176446,-0.066376,0.189404
-0.176870,-0.067979,0.187327
-0.177491,-0.069799,0.183623
-0.179323,-0.071460,0.184869
-0.181443,-0.074408,0.180993
-0.183631,-0.075320,0.179654
-0.182520,-0.077822,0.179316
-0.183296,-0.079255,0.179903
-0.185888,-0.078970,0.177806
-0.187930,-0.081819,0.174981
-0.188560,-0.083347,0.175117
-0.189256,-0.084610,0.173660
-0.193140,-0.087556,0.173955
-0.192854,-0.087095,0.172499
-0.192245,-0.090042,0.171844
-0.195381,-0.090426,0.169987
-0.197121,-0.091587,0.168559
-0.197559,-0.091876,0.166153
-0.199183,-0.093753,0.167573
-0.200034,-0.095763,0.165604
-0.202292,-0.099225,0.165551
-0.202232,-0.100801,0.163322
-0.202766,-0.099014,0.162375
-0.204766,-0.102164,0.160846
-0.207577,-0.103494,0.160694
-0.208099,-0.105436,0.158144
-0.210870,-0.106835,0.156989
-0.210493,-0.109847,0.155215
-0.211927,-0.111551,0.152138
-0.213581,-0.113496,0.152365
-0.213834,-0.116798,0.149389
-0.214749,-0.118524,0.149810
-0.217609,-0.118545,0.145557
-0.218052,-0.120081,0.145609
-0.218661,-0.124228,0.144441
-0.220493,-0.126449,0.141799
-0.221981,-0.129290,0.140734
-0.224698,-0.131188,0.139879
-0.222897,-0.134063,0.133618
-0.227044,-0.138757,0.134831
-0.227862,-0.140896,0.132602
-0.228892,-0.143063,0.131353
-0.231429,-0.147445,0.128409
-0.232377,-0.148509,0.125789
-0.235366,-0.151607,0.121834
-0.235356,-0.155858,0.120807
-0.237485,-0.157438,0.118437
-0.238709,-0.161427,0.115485
-0.238422,-0.163701,0.112122
-0.240395,-0.167740,0.110252
-0.239963,-0.169804,0.109262
-0.244394,-0.171471,0.105679
-0.244303,-0.174359,0.103867
-0.245124,-0.176615,0.103141
-0.246015,-0.181121,0.102867
-0.249061,-0.184707,0.099505
-0.250476,-0.185249,0.098074
-0.250137,-0.186372,0.095676
-0.253680,-0.189153,0.093596
-0.253508,-0.193444,0.092378
-0.256785,-0.194349,0.089420
-0.257393,-0.197735,0.087534
-0.259043,-0.201765,0.083714
-0.259028,-0.203056,0.082529
-0.261782,-0.209107,0.081647
-0.262892,-0.213608,0.075924
-0.266659,-0.219271,0.071528
-0.269053,-0.228060,0.062873
0.104166,0.027275,0.262892
0.104825,0.029259,0.263709
0.100215,0.030873,0.265827
0.101389,0.032118,0.268053
0.101219,0.032838,0.267020
0.099769,0.037254,0.271595
0.098888,0.038672,0.269705
0.096202,0.038539,0.270415
0.094564,0.041919,0.273684
0.094744,0.043055,0.275748
0.092062,0.043790,0.273593
0.091013,0.045935,0.274209
0.089874,0.046157,0.276350
0.088198,0.046498,0.277746
0.088247,0.046233,0.279641
0.086991,0.048980,0.279756
0.085024,0.052369,0.280154
0.085722,0.053093,0.280870
0.083837,0.052201,0.283942
0.081912,0.053102,0.282140
0.080238,0.055334,0.285392
0.081224,0.056481,0.283120
0.078463,0.057279,0.284835
0.077188,0.057522,0.284007
0.075277,0.057691,0.287254
0.074337,0.059684,0.286398
0.073728,0.059309,0.288425
0.072968,0.062607,0.290216
0.071267,0.061739,0.288463
0.070102,0.063022,0.290409
0.070739,0.062942,0.290163
0.067898,0.066675,0.292302
0.065867,0.066343,0.292569
0.065118,0.066340,0.293329
0.063345,0.068719,0.294944
0.065300,0.070273,0.293557
0.062278,0.069599,0.294917
0.062538,0.071932,0.295122
0.059902,0.071897,0.296180
0.058951,0.069264,0.296790
0.058729,0.074541,0.296700
0.055962,0.076680,0.298802
0.055579,0.075895,0.297829
0.053894,0.076887,0.297470
0.053018,0.076442,0.300421
0.050934,0.078368,0.301363
0.051384,0.077666,0.299935
0.048218,0.079008,0.302347
0.047901,0.080812,0.302634
0.047220,0.081437,0.302223
0.046028,0.081947,0.301834
0.045938,0.083255,0.303820
0.042665,0.084052,0.305037
0.043044,0.086052,0.305752
0.040922,0.083980,0.305579
0.040937,0.083987,0.306400
0.038023,0.086408,0.308069
0.038659,0.085657,0.306615
0.036387,0.087030,0.307575
0.035418,0.087932,0.308021
0.034056,0.088238,0.308766
0.034860,0.087699,0.307585
0.033783,0.088609,0.308675
0.031272,0.088999,0.310507
0.031443,0.090938,0.308309
0.029117,0.090730,0.310344
0.027880,0.090303,0.311347
0.026138,0.090107,0.309900
0.028161,0.091795,0.310595
0.024698,0.092551,0.312673
0.023080,0.091033,0.311808
0.023078,0.093833,0.313013
0.022651,0.093596,0.312751
0.019558,0.093833,0.312216
0.018391,0.092324,0.312079
0.019252,0.094305,0.312125
0.017293,0.091870,0.312312
0.015553,0.093856,0.314043
0.015804,0.094604,0.312930
0.013927,0.093821,0.312898
0.013297,0.094797,0.314624
0.012144,0.093571,0.312622
0.011278,0.092918,0.315103
0.011860,0.096334,0.315154
0.009901,0.095897,0.314162
0.006751,0.097209,0.315736
0.006925,0.096547,0.313852
0.005592,0.096487,0.313522
0.004944,0.097658,0.316413
0.002891,0.097891,0.315832
0.001636,0.098913,0.315881
0.000781,0.097477,0.314268
0.000110,0.097830,0.317167
0.000336,0.097224,0.316645
-0.001202,0.098577,0.315309
-0.003369,0.098587,0.313250
-0.003945,0.098473,0.317498
-0.004148,0.097017,0.318058
-0.006529,0.098991,0.317457
-0.004658,0.097519,0.314223
-0.007412,0.099142,0.318198
-0.008826,0.099359,0.317154
-0.010696,0.099979,0.317388
-0.011603,0.098771,0.318303
-0.012038,0.098397,0.316432
-0.012431,0.099775,0.316733
-0.014498,0.098966,0.319100
-0.016012,0.100814,0.315734
-0.017081,0.098869,0.318352
-0.019155,0.100275,0.317158
-0.018136,0.101152,0.316540
-0.019531,0.100964,0.320127
-0.019139,0.098839,0.317396
-0.023191,0.099049,0.318040
-0.023563,0.100740,0.318514
-0.024006,0.101130,0.317139
-0.026159,0.099475,0.317277
-0.026228,0.100257,0.317401
-0.027900,0.099956,0.318991
-0.026771,0.099171,0.317323
-0.028070,0.098919,0.316795
-0.030817,0.099487,0.316499
-0.030242,0.098856,0.318053
-0.031451,0.101087,0.319150
-0.032105,0.098926,0.317541
-0.034479,0.096905,0.317828
-0.035831,0.100898,0.316773
-0.036471,0.096947,0.314680
-0.037930,0.096562,0.315978
-0.036560,0.099000,0.315655
-0.038186,0.097504,0.316611
-0.040934,0.098500,0.316651
-0.041656,0.097352,0.316341
-0.042321,0.098312,0.316048
-0.042989,0.097277,0.315021
-0.044160,0.098203,0.316198
-0.045550,0.096441,0.315404
-0.047528,0.095870,0.313482
-0.046849,0.097274,0.314969
-0.050229,0.095960,0.314914
-0.051331,0.096982,0.314940
-0.052105,0.095728,0.314147
-0.051712,0.095548,0.314589
-0.053763,0.095026,0.313596
-0.053011,0.096872,0.313590
-0.055936,0.095891,0.313839
-0.057511,0.095946,0.316757
-0.058806,0.095291,0.314176
-0.057494,0.096213,0.315414
-0.060201,0.093786,0.313744
-0.060922,0.094867,0.313156
-0.063114,0.095292,0.313731
-0.061692,0.095387,0.316187
-0.063620,0.094313,0.312641
-0.066054,0.093140,0.312168
-0.065693,0.093671,0.314677
-0.065195,0.094278,0.312705
-0.069270,0.095533,0.312468
-0.069429,0.094064,0.312408
-0.071900,0.092021,0.313558
-0.070868,0.094156,0.315087
-0.072771,0.092167,0.311573
-0.072208,0.092152,0.313437
-0.072643,0.093165,0.312076
-0.075725,0.094302,0.312442
-0.077281,0.091708,0.312391
-0.076567,0.092679,0.311602
-0.078662,0.092643,0.309997
-0.080217,0.091318,0.311605
-0.080945,0.093471,0.312150
-0.080321,0.091847,0.311540
-0.081625,0.092073,0.311344
-0.083835,0.092105,0.311132
-0.084440,0.092400,0.311557
-0.086146,0.091228,0.310098
-0.087526,0.091607,0.311706
-0.088053,0.092095,0.310908
-0.090487,0.091912,0.310016
-0.089529,0.092792,0.311655
-0.089293,0.092391,0.310477
-0.091688,0.089728,0.309459
-0.091059,0.088976,0.310194
-0.096467,0.088562,0.308936
-0.096099,0.089543,0.309021
-0.095043,0.088310,0.310829
-0.096602,0.089635,0.310124
-0.098129,0.087724,0.308924
-0.100135,0.089004,0.310775
-0.098887,0.089558,0.309471
-0.100304,0.090520,0.308556
-0.102270,0.090123,0.309224
-0.101860,0.088377,0.307566
-0.105806,0.088089,0.308794
-0.105501,0.086748,0.307807
-0.107230,0.087332,0.307808
-0.109325,0.088639,0.309372
-0.109361,0.086469,0.307959
-0.111144,0.086929,0.308285
-0.111906,0.086935,0.306464
-0.112087,0.085693,0.307985
-0.114048,0.085915,0.305928
-0.114220,0.086054,0.307485
-0.116876,0.084904,0.306298
-0.117701,0.084318,0.307789
-0.117480,0.084656,0.305403
-0.120915,0.086129,0.305269
-0.121073,0.085456,0.307770
-0.119403,0.084730,0.304968
-0.122331,0.083915,0.305174
-0.123932,0.082929,0.305737
-0.125745,0.083438,0.305458
-0.124278,0.082821,0.304436
-0.124470,0.082283,0.305985
-0.128132,0.081538,0.303530
-0.128512,0.080616,0.303838
-0.129299,0.080266,0.305412
-0.129545,0.080206,0.302958
-0.130649,0.080512,0.301279
-0.134268,0.078469,0.302610
-0.132890,0.077015,0.300866
-0.135277,0.077101,0.301389
-0.136066,0.076840,0.302168
-0.135251,0.074665,0.300516
-0.136917,0.075574,0.297256
-0.139177,0.077622,0.298645
-0.139133,0.073444,0.296682
-0.139978,0.072858,0.297577
-0.141901,0.073663,0.296683
-0.143830,0.072133,0.298352
-0.144364,0.070697,0.296597
-0.147951,0.071753,0.294087
-0.146469,0.066926,0.293576
-0.147015,0.067124,0.293310
-0.149773,0.064626,0.290424
-0.150512,0.053986,0.282838
-0.151077,0.030115,0.264081
-0.153476,0.023908,0.260071
-0.154182,0.023408,0.257998
-0.156249,0.019348,0.254874
-0.156063,0.016109,0.252814
-0.158149,0.012021,0.250305
-0.160060,0.006583,0.246848
-0.161167,0.006411,0.245257
-0.161393,0.000634,0.241162
-0.163700,-0.005382,0.235109
-0.165470,-0.013312,0.231802
-0.167029,-0.019713,0.225512
-0.166941,-0.029243,0.219821
-0.169373,-0.039248,0.211226
-0.170952,-0.046779,0.206518
-0.170872,-0.054453,0.198475
-0.173572,-0.058104,0.196559
-0.176009,-0.059609,0.194348
-0.177246,-0.062444,0.193323
-0.177519,-0.067915,0.190710
-0.177418,-0.067781,0.188845
-0.180480,-0.069959,0.187253
-0.180447,-0.070698,0.186032
-0.182917,-0.075116,0.183475
-0.181694,-0.074466,0.182608
-0.186055,-0.077400,0.180054
-0.186322,-0.079539,0.181262
-0.187743,-0.080920,0.179489
-0.188249,-0.081598,0.176816
-0.189500,-0.084059,0.176917
-0.190437,-0.086002,0.175729
-0.190326,-0.086206,0.174874
-0.192583,-0.087389,0.172504
-0.195895,-0.089459,0.173415
-0.195956,-0.090415,0.173228
-0.198598,-0.092463,0.168631
-0.198137,-0.092595,0.169558
-0.199903,-0.096421,0.168327
-0.200479,-0.093615,0.166180
-0.203843,-0.096873,0.166723
-0.204170,-0.098680,0.162984
-0.203201,-0.099204,0.164151
-0.205692,-0.102255,0.161439
-0.207458,-0.105756,0.160151
-0.208916,-0.105825,0.160043
-0.208984,-0.108104,0.158735
-0.211069,-0.112239,0.155445
-0.212479,-0.112806,0.155269
-0.213729,-0.113889,0.151631
-0.213866,-0.116314,0.149772
-0.215284,-0.119661,0.150100
-0.218138,-0.120439,0.147125
-0.219581,-0.122433,0.147172
-0.220009,-0.123393,0.144359
-0.219382,-0.127481,0.141553
-0.221445,-0.132155,0.139753
-0.225743,-0.133145,0.140100
-0.227364,-0.135949,0.135852
-0.226783,-0.138271,0.134124
-0.228058,-0.139900,0.133373
-0.228932,-0.143673,0.131419
-0.230600,-0.145228,0.128586
-0.231833,-0.148771,0.125524
-0.235885,-0.151945,0.124707
-0.237782,-0.156745,0.120353
-0.236536,-0.159769,0.119031
-0.237520,-0.160193,0.116791
-0.241387,-0.165576,0.113499
-0.242222,-0.168048,0.111145
-0.242268,-0.170570,0.111689
-0.243690,-0.173092,0.106743
-0.245950,-0.175498,0.105883
-0.248520,-0.177283,0.104228
-0.248673,-0.178494,0.103592
-0.249648,-0.181965,0.098678
-0.250971,-0.184702,0.098384
-0.251522,-0.186246,0.096687
-0.256083,-0.190101,0.094730
-0.255212,-0.191820,0.093319
-0.257698,-0.193645,0.091942
-0.259217,-0.198445,0.087327
-0.258923,-0.201024,0.087369
-0.262788,-0.204570,0.084420
-0.264317,-0.208993,0.081038
-0.265254,-0.213343,0.077939
-0.265803,-0.216671,0.073589
-0.267738,-0.228440,0.067217
0.103336,0.026194,0.264514
0.102881,0.026886,0.266635
0.101174,0.030077,0.267436
0.099642,0.032629,0.268209
0.097922,0.033925,0.268904
0.099003,0.035575,0.271189
0.096450,0.038645,0.271676
0.095971,0.037687,0.272548
0.093324,0.041759,0.273951
0.093476,0.041351,0.273333
0.090754,0.041188,0.274009
0.090894,0.043582,0.276683
0.088507,0.045499,0.276450
0.089277,0.045619,0.278024
0.085762,0.046471,0.277855
0.085136,0.047501,0.281252
0.085257,0.048613,0.279594
0.083325,0.050624,0.281694
0.079105,0.052067,0.282935
0.079984,0.054000,0.284495
0.078203,0.053976,0.283834
0.076620,0.053298,0.283740
0.078161,0.054697,0.286241
0.076137,0.058621,0.285286
0.074238,0.055975,0.286426
0.073099,0.058902,0.286496
0.073709,0.060345,0.286943
0.072111,0.061208,0.289571
0.070357,0.061838,0.289622
0.070522,0.062759,0.292396
0.068496,0.061626,0.292106
0.065729,0.065020,0.292678
0.064031,0.063483,0.294922
0.063559,0.065363,0.291748
0.062773,0.067064,0.293459
0.061963,0.067712,0.294494
0.060779,0.067772,0.295533
0.058506,0.069566,0.296151
0.059760,0.070461,0.297810
0.057363,0.071676,0.297345
0.056787,0.071491,0.297074
0.055429,0.073716,0.299102
0.055258,0.072660,0.300957
0.051477,0.073931,0.299753
0.051586,0.074021,0.299813
0.049140,0.075413,0.299077
0.049413,0.077167,0.299799
0.047734,0.077794,0.300417
0.045720,0.078914,0.302558
0.046907,0.077354,0.303593
0.043779,0.079088,0.300684
0.043677,0.079462,0.304482
0.042421,0.081201,0.305088
0.041468,0.081560,0.305384
0.040189,0.082898,0.305218
0.039314,0.081316,0.304764
0.039630,0.083291,0.306449
0.038651,0.084605,0.306441
0.035042,0.085566,0.309336
0.035177,0.087556,0.307949
0.036313,0.086313,0.309157
0.033002,0.086596,0.309084
0.032259,0.085838,0.309133
0.031272,0.088479,0.310714
0.030483,0.089464,0.309646
0.026794,0.088873,0.308646
0.027339,0.090748,0.311174
0.027614,0.090686,0.310867
0.023652,0.089729,0.312329
0.023808,0.090463,0.313817
0.022934,0.090670,0.312871
0.022649,0.091055,0.313504
0.020799,0.093725,0.314671
0.018499,0.093242,0.313362
0.019589,0.091558,0.311876
0.019773,0.094614,0.313641
0.016911,0.093433,0.313961
0.016859,0.094817,0.312984
0.014477,0.093053,0.314925
0.014294,0.091094,0.313086
0.012988,0.091759,0.314148
0.012230,0.092632,0.313756
0.010945,0.095101,0.313717
0.007130,0.095159,0.314396
0.009511,0.094309,0.313408
0.008689,0.093982,0.314189
0.006809,0.092654,0.316820
0.001383,0.094420,0.313671
0.004613,0.095810,0.316649
0.002251,0.095509,0.315471
0.001452,0.093241,0.316749
0.000416,0.095223,0.318370
-0.000549,0.094485,0.317232
-0.002343,0.095719,0.317317
-0.002132,0.095586,0.317219
-0.003107,0.094824,0.316364
-0.005016,0.096431,0.315976
-0.005787,0.097521,0.317200
-0.004649,0.096515,0.316273
-0.008702,0.098275,0.317238
-0.010211,0.099111,0.316164
-0.010944,0.097171,0.318325
-0.009168,0.097124,0.316902
-0.011521,0.097450,0.316762
-0.013950,0.094601,0.318265
-0.012722,0.099143,0.318438
-0.014912,0.096455,0.317144
-0.016680,0.098318,0.317488
-0.016913,0.097751,0.316720
-0.018479,0.095777,0.319667
-0.019077,0.098462,0.318157
-0.020760,0.096408,0.315948
-0.021676,0.098266,0.317617
-0.024265,0.098610,0.316649
-0.023979,0.095707,0.318615
-0.022712,0.098664,0.318498
-0.025001,0.097887,0.318836
-0.025048,0.098615,0.319062
-0.029373,0.095590,0.316987
-0.029696,0.097192,0.317100
-0.028924,0.097241,0.317120
-0.031286,0.096801,0.317345
-0.031318,0.097226,0.315991
-0.032181,0.097704,0.316412
-0.032813,0.097813,0.316744
-0.035247,0.098582,0.316788
-0.036343,0.096737,0.316596
-0.037209,0.096059,0.318390
-0.038461,0.094316,0.316159
-0.040605,0.097195,0.316956
-0.041143,0.096479,0.316428
-0.041841,0.095670,0.317684
-0.043611,0.097504,0.317069
-0.043877,0.097163,0.315643
-0.045350,0.095613,0.316755
-0.046247,0.096001,0.316051
-0.045526,0.095120,0.315567
-0.047700,0.095995,0.313902
-0.048385,0.094085,0.315663
-0.050280,0.095380,0.315357
-0.048051,0.095518,0.313879
-0.052268,0.094769,0.315140
-0.052285,0.094601,0.312553
-0.054422,0.094904,0.314480
-0.055807,0.095107,0.315349
-0.055970,0.094073,0.315581
-0.057094,0.094524,0.315523
-0.057345,0.095235,0.313811
-0.057425,0.094735,0.315135
-0.059791,0.094073,0.314290
-0.060118,0.093202,0.311638
-0.061747,0.093064,0.315279
-0.062514,0.093724,0.315578
-0.064576,0.092583,0.313802
-0.066584,0.092637,0.312205
-0.066539,0.091725,0.312147
-0.068146,0.092415,0.313828
-0.068924,0.092017,0.313979
-0.069988,0.092034,0.314653
-0.072569,0.093685,0.313597
-0.072324,0.090492,0.312470
-0.072569,0.091439,0.312471
-0.072633,0.093558,0.312697
-0.073440,0.092187,0.313820
-0.075975,0.089803,0.313199
-0.077256,0.089385,0.313757
-0.077708,0.092348,0.313106
-0.082119,0.090920,0.312747
-0.080162,0.092639,0.311897
-0.082702,0.091316,0.311141
-0.082432,0.090729,0.312767
-0.084699,0.091039,0.311235
-0.083576,0.089348,0.310440
-0.086163,0.089979,0.312503
-0.085639,0.091808,0.312066
-0.089116,0.089748,0.310711
-0.088665,0.088514,0.311756
-0.090967,0.089696,0.311214
-0.090863,0.089686,0.311663
-0.092728,0.088085,0.310306
-0.093510,0.088997,0.311192
-0.092358,0.090556,0.311373
-0.095223,0.087313,0.310493
-0.096230,0.088107,0.309787
-0.098009,0.087431,0.310030
-0.099457,0.087666,0.308902
-0.099697,0.087420,0.309076
-0.100708,0.088096,0.310068
-0.101142,0.087627,0.309622
-0.100837,0.088492,0.307757
-0.103709,0.086596,0.309049
-0.104293,0.086141,0.310148
-0.106102,0.086833,0.307205
-0.107599,0.086810,0.307618
-0.108260,0.086625,0.307474
-0.108401,0.086056,0.306060
-0.109528,0.086897,0.309220
-0.110655,0.086113,0.308239
-0.111703,0.084496,0.308247
-0.112531,0.084142,0.308773
-0.115131,0.085493,0.306834
-0.116364,0.084133,0.308748
-0.118162,0.084929,0.306475
-0.118337,0.082077,0.306349
-0.118555,0.084629,0.305859
-0.119667,0.084267,0.307629
-0.121039,0.081805,0.306160
-0.121185,0.080224,0.306126
-0.121723,0.081046,0.305087
-0.122281,0.081255,0.306049
-0.125203,0.083402,0.305689
-0.125042,0.080408,0.304364
-0.126113,0.080747,0.305387
-0.128685,0.079773,0.304469
-0.129698,0.080742,0.304380
-0.129009,0.078416,0.304139
-0.130882,0.079598,0.302382
-0.132964,0.077420,0.301533
-0.131201,0.078268,0.303922
-0.134418,0.077062,0.302109
-0.136219,0.075659,0.302009
-0.136240,0.075687,0.299943
-0.137959,0.072837,0.300037
-0.137801,0.073789,0.298408
-0.138685,0.073124,0.297745
-0.141579,0.072717,0.298310
-0.142130,0.072571,0.299391
-0.144064,0.071030,0.297020
-0.144590,0.070834,0.297158
-0.146704,0.070338,0.296426
-0.146310,0.064732,0.296343
-0.148055,0.065344,0.291140
-0.148401,0.063355,0.289700
-0.152654,0.051045,0.280670
-0.151737,0.028893,0.263582
-0.154502,0.022891,0.259589
-0.153975,0.020173,0.257125
-0.155212,0.015525,0.254440
-0.157373,0.014132,0.253902
-0.156393,0.010918,0.249113
-0.160691,0.004449,0.247963
-0.162602,0.002323,0.244855
-0.159889,0.000933,0.241049
-0.162726,-0.006305,0.239291
-0.163416,-0.014216,0.233674
-0.165596,-0.017965,0.227159
-0.166092,-0.028822,0.221004
-0.168706,-0.033957,0.216110
-0.170536,-0.044105,0.208964
-0.172218,-0.050575,0.204917
-0.172566,-0.055244,0.197552
-0.174075,-0.061234,0.194718
-0.175828,-0.063527,0.194639
-0.177097,-0.065500,0.191477
-0.180004,-0.068074,0.191260
-0.181373,-0.068463,0.189117
-0.180241,-0.069937,0.187884
-0.182211,-0.073244,0.187348
-0.182230,-0.073881,0.186196
-0.182574,-0.076279,0.183788
-0.185554,-0.077106,0.183453
-0.186174,-0.078553,0.181799
-0.189546,-0.079424,0.179981
-0.188141,-0.081542,0.179893
-0.189556,-0.083754,0.177002
-0.192911,-0.083831,0.178201
-0.194100,-0.086919,0.178848
-0.192518,-0.087974,0.173717
-0.195065,-0.088463,0.173655
-0.196644,-0.088149,0.172573
-0.199019,-0.092020,0.171698
-0.200491,-0.095792,0.169849
-0.199929,-0.094153,0.169862
-0.202769,-0.097525,0.168561
-0.204772,-0.097929,0.168437
-0.204051,-0.099422,0.164523
-0.205193,-0.100294,0.166641
-0.208046,-0.103831,0.163325
-0.207901,-0.105331,0.160153
-0.209799,-0.107142,0.161892
-0.210987,-0.110324,0.157888
-0.212354,-0.110703,0.157113
-0.212752,-0.111398,0.155897
-0.216515,-0.116351,0.153250
-0.216308,-0.116861,0.149986
-0.215986,-0.119112,0.151028
-0.218129,-0.121361,0.148463
-0.220892,-0.123507,0.146143
-0.220704,-0.127108,0.146064
-0.222948,-0.127707,0.143900
-0.224696,-0.131455,0.141766
-0.226477,-0.134146,0.139563
-0.227035,-0.137224,0.138717
-0.227247,-0.139402,0.134702
-0.230419,-0.143301,0.134424
-0.232265,-0.144200,0.132158
-0.233186,-0.147337,0.129133
-0.236573,-0.148279,0.128604
-0.235350,-0.153237,0.125225
-0.236780,-0.155233,0.124342
-0.236845,-0.157308,0.123653
-0.238989,-0.159973,0.119182
-0.241945,-0.161830,0.117276
-0.242709,-0.166532,0.115152
-0.245051,-0.169671,0.112662
-0.243680,-0.173267,0.109613
-0.246779,-0.173932,0.107193
-0.248708,-0.175639,0.104472
-0.250200,-0.180477,0.103540
-0.249924,-0.183535,0.104402
-0.251383,-0.186323,0.100874
-0.253956,-0.187261,0.099471
-0.255279,-0.189686,0.096564
-0.257057,-0.192595,0.094081
-0.258170,-0.194839,0.093102
-0.260178,-0.199344,0.090763
-0.261231,-0.200531,0.086690
-0.263365,-0.205310,0.086565
-0.263689,-0.208792,0.081764
-0.265166,-0.213920,0.078293
-0.267917,-0.219406,0.073345
-0.269455,-0.226162,0.068038
0.104398,0.024038,0.261849
0.102286,0.026374,0.264586
0.099434,0.028465,0.265346
0.099106,0.030171,0.268398
0.097676,0.032987,0.269243
0.095700,0.033679,0.271209
0.094175,0.037685,0.274474
0.095983,0.038434,0.272039
0.091961,0.040509,0.271424
0.091441,0.041177,0.273036
0.089285,0.040479,0.276268
0.089714,0.042009,0.276877
0.088414,0.044301,0.279820
0.087017,0.045331,0.277633
0.084639,0.046944,0.279015
0.085002,0.046151,0.279766
0.082646,0.048897,0.281238
0.082973,0.048852,0.282420
0.081245,0.051626,0.283030
0.079768,0.049955,0.282973
0.077870,0.050802,0.283782
0.076678,0.052330,0.284536
0.077711,0.054520,0.286196
0.074797,0.055502,0.286209
0.074629,0.054601,0.287477
0.072328,0.058320,0.288265
0.069905,0.057591,0.288352
0.069337,0.060023,0.290474
0.069178,0.060319,0.290185
0.067279,0.060909,0.290975
0.066196,0.061833,0.292355
0.065261,0.062311,0.292973
0.062739,0.064546,0.295303
0.064342,0.065147,0.294022
0.062239,0.066257,0.293925
0.059028,0.066766,0.293859
0.059355,0.067466,0.294308
0.059152,0.067015,0.297416
0.057201,0.070777,0.296300
0.056201,0.069767,0.296965
0.054773,0.069328,0.297802
0.055243,0.072697,0.297562
0.052137,0.072210,0.299765
0.050496,0.072996,0.301972
0.052637,0.074718,0.301002
0.048487,0.074244,0.300853
0.048962,0.075205,0.301842
0.047549,0.074481,0.301554
0.045517,0.076900,0.301366
0.043926,0.078465,0.302776
0.044411,0.078193,0.303951
0.042711,0.080927,0.305144
0.044478,0.080343,0.307614
0.040549,0.081103,0.303633
0.040687,0.082448,0.306076
0.039167,0.081508,0.306991
0.037252,0.081420,0.308364
0.036796,0.080011,0.307319
0.035076,0.082182,0.308361
0.033335,0.082632,0.309611
0.032244,0.086101,0.310684
0.031585,0.086567,0.310921
0.031478,0.087612,0.311910
0.029341,0.088004,0.310539
0.027546,0.085535,0.310629
0.027972,0.089608,0.309476
0.025661,0.087769,0.311130
0.024393,0.087662,0.311281
0.022834,0.088099,0.311114
0.023954,0.089132,0.311332
0.021544,0.088809,0.312691
0.018821,0.091062,0.310055
0.017648,0.089934,0.313084
0.019176,0.091690,0.313045
0.015515,0.090375,0.313005
0.016802,0.089632,0.313335
0.014536,0.091924,0.313069
0.014832,0.089896,0.313067
0.012268,0.093283,0.315077
0.012198,0.090968,0.315678
0.012269,0.090140,0.314214
0.011221,0.089868,0.316599
0.009233,0.091103,0.315491
0.006405,0.091955,0.314440
0.004070,0.091665,0.314243
0.006630,0.090991,0.316186
0.005646,0.091782,0.315716
0.002701,0.093620,0.315550
0.001098,0.091613,0.316782
0.001493,0.094596,0.317249
0.001628,0.093534,0.314138
0.000036,0.093662,0.315935
-0.002399,0.094660,0.319061
-0.003169,0.093985,0.317015
-0.003532,0.093707,0.316396
-0.003976,0.094332,0.318786
-0.003999,0.093535,0.317133
-0.006190,0.094700,0.319214
-0.010269,0.096440,0.317366
-0.008836,0.095809,0.315112
-0.009081,0.095841,0.314972
-0.011383,0.096264,0.317230
-0.012632,0.095166,0.317307
-0.014827,0.096656,0.316186
-0.012138,0.096802,0.317051
-0.016486,0.096905,0.318125
-0.016902,0.095029,0.317511
-0.015727,0.095319,0.317869
-0.019953,0.096189,0.318035
-0.018733,0.095032,0.317938
-0.019460,0.096982,0.317470
-0.022247,0.097107,0.315698
-0.023408,0.096793,0.318195
-0.023231,0.095388,0.317245
-0.024936,0.096565,0.316257
-0.026776,0.096216,0.315781
-0.025645,0.096485,0.319796
-0.028007,0.095652,0.320617
-0.027829,0.096657,0.320757
-0.030066,0.095982,0.317785
-0.030478,0.096894,0.316802
-0.031868,0.097105,0.316609
-0.031956,0.094816,0.319278
-0.034630,0.093027,0.317236
-0.034818,0.095585,0.315484
-0.036237,0.095574,0.317546
-0.037863,0.096086,0.316288
-0.038845,0.093152,0.316905
-0.039063,0.094387,0.316880
-0.040104,0.095147,0.315359
-0.043277,0.094631,0.317503
-0.042214,0.094760,0.316360
-0.044112,0.094689,0.319322
-0.045019,0.094524,0.317498
-0.046272,0.095237,0.318234
-0.047483,0.094437,0.315953
-0.049468,0.092733,0.316057
-0.048198,0.092956,0.316544
-0.048737,0.094376,0.316352
-0.049100,0.094315,0.315762
-0.052002,0.093404,0.314541
-0.053045,0.092610,0.314983
-0.054451,0.093249,0.316238
-0.056486,0.092943,0.314832
-0.055305,0.091523,0.315649
-0.057977,0.092779,0.313407
-0.057626,0.094069,0.314659
-0.060851,0.091964,0.314385
-0.061277,0.092139,0.315178
-0.061073,0.091572,0.314318
-0.061706,0.092053,0.315360
-0.064804,0.092427,0.312742
-0.064164,0.090583,0.313170
-0.065269,0.091646,0.313718
-0.066297,0.090554,0.314654
-0.068059,0.089734,0.314479
-0.066375,0.092104,0.313612
-0.068277,0.090605,0.314138
-0.069551,0.090914,0.314296
-0.071872,0.091107,0.314401
-0.072754,0.093244,0.314960
-0.075412,0.091187,0.312746
-0.074012,0.090476,0.312962
-0.075063,0.091515,0.314078
-0.077811,0.090041,0.313281
-0.079081,0.088207,0.313040
-0.077038,0.089777,0.314532
-0.080869,0.090233,0.313053
-0.081282,0.089027,0.311609
-0.084430,0.090285,0.314493
-0.082450,0.088422,0.312733
-0.084762,0.089142,0.313130
-0.086650,0.089975,0.313775
-0.086371,0.088400,0.313629
-0.089537,0.087884,0.312378
-0.088464,0.091210,0.311796
-0.089859,0.090172,0.312285
-0.091099,0.087537,0.311520
-0.089745,0.087365,0.311015
-0.093468,0.086726,0.311932
-0.093416,0.087858,0.311202
-0.095591,0.086670,0.310811
-0.095719,0.086293,0.311118
-0.098643,0.087432,0.312110
-0.099276,0.085165,0.311481
-0.098231,0.085692,0.311978
-0.101726,0.086321,0.311217
-0.101532,0.085742,0.309160
-0.101348,0.086415,0.308695
-0.103648,0.085895,0.310388
-0.105609,0.084748,0.310751
-0.106352,0.085579,0.309032
-0.106477,0.087696,0.308961
-0.107065,0.082790,0.309051
-0.108590,0.083850,0.308639
-0.110247,0.084863,0.308122
-0.110230,0.083733,0.309043
-0.114187,0.085068,0.308105
-0.116078,0.083286,0.306842
-0.115311,0.085508,0.307240
-0.116273,0.081169,0.307958
-0.118276,0.082649,0.308376
-0.117562,0.081184,0.307752
-0.117742,0.083349,0.305203
-0.119227,0.081587,0.305374
-0.122242,0.080065,0.305981
-0.120822,0.082763,0.306466
-0.123072,0.082040,0.304732
-0.124508,0.080545,0.305660
-0.124386,0.081206,0.305807
-0.125644,0.080535,0.305838
-0.129108,0.079277,0.305634
-0.129453,0.078100,0.304497
-0.128601,0.078017,0.303795
-0.130448,0.077907,0.303581
-0.131038,0.079312,0.302830
-0.133093,0.078624,0.302040
-0.134002,0.075596,0.301207
-0.133591,0.076217,0.301719
-0.136167,0.075848,0.300889
-0.137089,0.075149,0.302672
-0.138129,0.072811,0.300684
-0.139680,0.073804,0.301243
-0.141794,0.074921,0.298403
-0.142177,0.072234,0.299789
-0.142748,0.072878,0.301098
-0.143638,0.070384,0.298325
-0.142161,0.068931,0.297836
-0.146560,0.069572,0.294637
-0.146539,0.066242,0.294014
-0.148986,0.062373,0.293359
-0.149495,0.060690,0.293238
-0.151196,0.030529,0.267881
-0.152274,0.027762,0.263340
-0.153012,0.022342,0.261623
-0.155675,0.018001,0.257749
-0.155811,0.015292,0.256778
-0.157048,0.011595,0.254683
-0.161074,0.007074,0.251109
-0.161126,0.004286,0.247041
-0.160381,0.002212,0.243705
-0.161600,-0.003263,0.242409
-0.163409,-0.006975,0.238354
-0.166248,-0.012782,0.233646
-0.164796,-0.018859,0.228721
-0.167231,-0.028197,0.221512
-0.168759,-0.035148,0.216679
-0.170619,-0.038424,0.214485
-0.171407,-0.047593,0.208584
-0.172208,-0.055126,0.202081
-0.175492,-0.058469,0.196630
-0.175319,-0.059819,0.199706
-0.176433,-0.065320,0.193508
-0.178829,-0.066792,0.193852
-0.180379,-0.068699,0.190954
-0.181347,-0.070719,0.191116
-0.182492,-0.072283,0.188027
-0.181962,-0.073112,0.186392
-0.184732,-0.075195,0.186270
-0.185254,-0.077182,0.183261
-0.186118,-0.079699,0.184762
-0.188121,-0.079834,0.182283
-0.188491,-0.081336,0.181250
-0.190420,-0.083461,0.181793
-0.190428,-0.082698,0.180248
-0.194575,-0.085718,0.179252
-0.193058,-0.084825,0.176183
-0.195973,-0.087144,0.178095
-0.196379,-0.089711,0.176989
-0.197228,-0.090633,0.172821
-0.199533,-0.091450,0.172890
-0.201925,-0.094328,0.171825
-0.200646,-0.096577,0.170855
-0.204645,-0.097091,0.170511
-0.203387,-0.101917,0.169331
-0.204463,-0.099944,0.165835
-0.206384,-0.101252,0.167957
-0.206466,-0.103836,0.165446
-0.211184,-0.105600,0.162373
-0.211241,-0.109033,0.161503
-0.211355,-0.110434,0.160949
-0.212954,-0.113240,0.156818
-0.214389,-0.114222,0.154894
-0.214355,-0.117031,0.155394
-0.216447,-0.118050,0.152052
-0.217581,-0.121043,0.151077
-0.218061,-0.123802,0.149235
-0.220649,-0.125315,0.144939
-0.223851,-0.128501,0.148222
-0.224972,-0.131098,0.144091
-0.225088,-0.133644,0.142150
-0.226835,-0.133364,0.140631
-0.228157,-0.135842,0.137739
-0.230753,-0.141248,0.134796
-0.232930,-0.140892,0.134487
-0.232509,-0.145570,0.131859
-0.234674,-0.148458,0.130519
-0.234852,-0.149510,0.129080
-0.236676,-0.151351,0.127043
-0.238396,-0.154426,0.125112
-0.239332,-0.157850,0.123373
-0.240286,-0.159994,0.120170
-0.240895,-0.163886,0.116860
-0.244604,-0.165623,0.115007
-0.243566,-0.168548,0.114654
-0.247977,-0.172518,0.110594
-0.248233,-0.176026,0.109768
-0.250599,-0.178353,0.106356
-0.251113,-0.180531,0.105308
-0.252620,-0.181730,0.102722
-0.254643,-0.186858,0.102324
-0.255131,-0.187713,0.099428
-0.255649,-0.188434,0.099343
-0.258923,-0.190902,0.097016
-0.256891,-0.196839,0.093561
-0.260773,-0.199277,0.091670
-0.261772,-0.202307,0.088631
-0.263460,-0.205212,0.086168
-0.265713,-0.208270,0.082018
-0.268553,-0.212592,0.080291
-0.265173,-0.219071,0.074272
-0.270573,-0.225772,0.070369
0.104318,0.022311,0.263233
0.101801,0.024044,0.265828
0.101313,0.026297,0.266602
0.097864,0.028119,0.267994
0.096739,0.029883,0.269017
0.095627,0.029616,0.268577
0.095251,0.034258,0.271272
0.093629,0.034568,0.272447
0.093845,0.037679,0.274732
0.091334,0.038920,0.272746
0.090688,0.038445,0.275338
0.089375,0.040740,0.275090
0.085382,0.040709,0.277290
0.087331,0.041785,0.277897
0.085689,0.043795,0.278610
0.084741,0.044182,0.282030
0.083607,0.043507,0.279405
0.081076,0.046593,0.281753
0.080500,0.049441,0.281541
0.079636,0.049923,0.286123
0.079729,0.050090,0.285269
0.078372,0.051152,0.285889
0.076646,0.051041,0.285349
0.075634,0.052656,0.284721
0.073877,0.053939,0.285965
0.071976,0.055501,0.288281
0.072077,0.055971,0.288489
0.069894,0.058561,0.289785
0.071375,0.059381,0.290249
0.068221,0.059549,0.290698
0.066608,0.059242,0.291132
0.066864,0.060313,0.292833
0.064729,0.062234,0.291702
0.064139,0.062872,0.291239
0.063036,0.062486,0.292832
0.059896,0.063958,0.293989
0.061329,0.065663,0.293926
0.060321,0.065596,0.296582
0.058983,0.067175,0.299176
0.056177,0.068173,0.296900
0.052939,0.067218,0.296893
0.052841,0.069675,0.298518
0.054489,0.068576,0.300259
0.051746,0.071993,0.299448
0.050098,0.069530,0.301086
0.048310,0.072756,0.301025
0.049032,0.072597,0.302456
0.048366,0.073657,0.303306
0.046864,0.073912,0.300272
0.046382,0.074252,0.303341
0.043545,0.077448,0.304557
0.042867,0.076179,0.302732
0.043130,0.076888,0.304502
0.040143,0.077093,0.306429
0.040159,0.079485,0.307439
0.039754,0.077620,0.306152
0.037694,0.079136,0.307124
0.038295,0.080639,0.310574
0.033836,0.081086,0.305951
0.034601,0.081525,0.308488
0.032884,0.081546,0.307784
0.030851,0.084079,0.310405
0.030625,0.084833,0.310013
0.027860,0.085765,0.311500
0.028405,0.084863,0.311024
0.026336,0.083915,0.310624
0.025714,0.084622,0.311543
0.024477,0.083471,0.312835
0.025660,0.085775,0.312548
0.024188,0.086567,0.313221
0.022417,0.087762,0.312466
0.023516,0.087920,0.313289
0.019853,0.088855,0.313604
0.019850,0.088461,0.312823
0.017970,0.087608,0.312608
0.016808,0.087442,0.314241
0.015035,0.089536,0.315604
0.015240,0.088087,0.314221
0.014283,0.088372,0.314402
0.012087,0.089420,0.313087
0.012586,0.089082,0.314382
0.010930,0.090793,0.314759
0.010894,0.089981,0.315273
0.008892,0.091639,0.314813
0.007420,0.093136,0.314486
0.004442,0.092090,0.315614
0.005272,0.091969,0.315413
0.005358,0.090949,0.314811
0.001708,0.092234,0.315510
0.001793,0.092623,0.316929
0.001035,0.091929,0.316260
0.000078,0.090038,0.316153
-0.001453,0.093535,0.316824
-0.003474,0.091638,0.316742
-0.003831,0.092630,0.317278
-0.005356,0.092353,0.316969
-0.004540,0.093883,0.316138
-0.007177,0.093454,0.317275
-0.007245,0.093453,0.317120
-0.008994,0.093636,0.317252
-0.008036,0.094939,0.318619
-0.010583,0.092869,0.317010
-0.012364,0.093560,0.316785
-0.012872,0.094404,0.318096
-0.013753,0.093174,0.317577
-0.014353,0.093338,0.318489
-0.016542,0.094026,0.316697
-0.015990,0.094733,0.318355
-0.018509,0.092682,0.316362
-0.019820,0.095814,0.316965
-0.020474,0.094196,0.318120
-0.021780,0.095309,0.317460
-0.022459,0.093809,0.317113
-0.023076,0.094333,0.318994
-0.024864,0.094658,0.318930
-0.026207,0.093409,0.319116
-0.027508,0.095591,0.318425
-0.028435,0.095743,0.318351
-0.028893,0.094889,0.316899
-0.030557,0.094829,0.317416
-0.029171,0.092874,0.317794
-0.032031,0.093234,0.319062
-0.032779,0.092427,0.318884
-0.033308,0.094085,0.318636
-0.033854,0.091841,0.317530
-0.037997,0.092349,0.317321
-0.038718,0.093981,0.317589
-0.037666,0.094705,0.317352
-0.039030,0.093470,0.316047
-0.038542,0.094166,0.317437
-0.042788,0.093296,0.316535
-0.043391,0.093666,0.316004
-0.044970,0.093189,0.316070
-0.044441,0.092284,0.318072
-0.047088,0.093489,0.316048
-0.046856,0.092209,0.315474
-0.046086,0.091582,0.316806
-0.048462,0.092702,0.315197
-0.049602,0.091181,0.316623
-0.049873,0.092275,0.315245
-0.054119,0.090307,0.316954
-0.052057,0.091262,0.315396
-0.054500,0.090362,0.314354
-0.054828,0.089602,0.315837
-0.054742,0.090606,0.316765
-0.056353,0.090662,0.313084
-0.058511,0.091769,0.315861
-0.058821,0.090760,0.315232
-0.061015,0.090691,0.315317
-0.061830,0.090162,0.314579
-0.064141,0.092121,0.315144
-0.063162,0.091878,0.316047
-0.064400,0.088859,0.313140
-0.066503,0.089708,0.315724
-0.065915,0.090005,0.313861
-0.069454,0.088250,0.314636
-0.067920,0.089607,0.314965
-0.069717,0.088447,0.314601
-0.069972,0.089886,0.314489
-0.072485,0.088873,0.314713
-0.073578,0.089413,0.313353
-0.073649,0.089739,0.312288
-0.076312,0.088850,0.314042
-0.074333,0.086897,0.314296
-0.077482,0.088030,0.312627
-0.077252,0.088041,0.312950
-0.079626,0.090041,0.314718
-0.079256,0.088152,0.312896
-0.082073,0.088566,0.314476
-0.083051,0.087689,0.313862
-0.082587,0.088629,0.313389
-0.085590,0.087992,0.314765
-0.085709,0.088222,0.312905
-0.087338,0.087012,0.314706
-0.087680,0.087857,0.311418
-0.089133,0.085685,0.312365
-0.089255,0.086123,0.311393
-0.090166,0.086160,0.311973
-0.093072,0.086718,0.312539
-0.093076,0.087485,0.310030
-0.095114,0.087363,0.312541
-0.094607,0.087604,0.311904
-0.095108,0.086249,0.311943
-0.099937,0.085461,0.311799
-0.098286,0.086939,0.311824
-0.099336,0.085381,0.312193
-0.100624,0.085763,0.310565
-0.100888,0.086061,0.310279
-0.102717,0.084809,0.311495
-0.102179,0.084811,0.311752
-0.104717,0.084174,0.311212
-0.105585,0.082985,0.311260
-0.106856,0.083840,0.309403
-0.108507,0.083715,0.309472
-0.110967,0.082771,0.310139
-0.111136,0.083588,0.308530
-0.109886,0.082327,0.309055
-0.112110,0.082914,0.308503
-0.113178,0.082762,0.307378
-0.115450,0.083122,0.308473
-0.116148,0.081657,0.307688
-0.116933,0.081279,0.308496
-0.115711,0.080714,0.307395
-0.118360,0.080751,0.309158
-0.120161,0.079795,0.309040
-0.120782,0.079730,0.308053
-0.121275,0.079863,0.307514
-0.123309,0.079292,0.306658
-0.124914,0.079575,0.306519
-0.125150,0.078653,0.306657
-0.125027,0.078511,0.304908
-0.127762,0.079474,0.307280
-0.128422,0.079267,0.305103
-0.129468,0.077064,0.304732
-0.128871,0.077376,0.306365
-0.132668,0.077148,0.303431
-0.132128,0.075671,0.305355
-0.134173,0.076416,0.302466
-0.133466,0.074746,0.303176
-0.134695,0.073016,0.301975
-0.137878,0.073210,0.302604
-0.136741,0.074219,0.303603
-0.137356,0.070715,0.302304
-0.140232,0.071250,0.300425
-0.141812,0.071795,0.299944
-0.140313,0.070244,0.301277
-0.144551,0.070457,0.298512
-0.146638,0.066523,0.299672
-0.145474,0.065927,0.297862
-0.144864,0.062637,0.296485
-0.148970,0.062652,0.295169
-0.148672,0.060596,0.290560
-0.151290,0.028543,0.268193
-0.150375,0.022094,0.263630
-0.152729,0.018899,0.259572
-0.157095,0.017028,0.258993
-0.155416,0.014143,0.255975
-0.157715,0.009679,0.254598
-0.156699,0.008423,0.250925
-0.158028,0.002780,0.248182
-0.161005,-0.002114,0.246384
-0.160439,-0.002617,0.242668
-0.163010,-0.006854,0.239004
-0.166147,-0.012422,0.236092
-0.165487,-0.020163,0.231538
-0.169217,-0.028910,0.223847
-0.169358,-0.033290,0.219438
-0.171086,-0.039009,0.216822
-0.173114,-0.044152,0.209987
-0.173207,-0.048956,0.206197
-0.173860,-0.057815,0.201854
-0.176656,-0.061228,0.199157
-0.175567,-0.064234,0.197052
-0.177836,-0.066098,0.194136
-0.181254,-0.067570,0.194627
-0.181324,-0.070381,0.192553
-0.182388,-0.070477,0.191324
-0.185166,-0.072240,0.190072
-0.183544,-0.075665,0.187725
-0.185861,-0.076284,0.188147
-0.186908,-0.077162,0.184234
-0.187050,-0.079042,0.184808
-0.189982,-0.082282,0.185181
-0.190162,-0.082239,0.181997
-0.191761,-0.083115,0.182528
-0.191972,-0.084896,0.181287
-0.195155,-0.086180,0.179697
-0.195712,-0.088272,0.178642
-0.196876,-0.087365,0.177848
-0.196620,-0.090255,0.175653
-0.198843,-0.091664,0.176932
-0.199966,-0.092834,0.174533
-0.201931,-0.092620,0.172458
-0.202119,-0.094707,0.173104
-0.204366,-0.097438,0.169590
-0.205790,-0.098093,0.171698
-0.205956,-0.100302,0.168954
-0.208187,-0.100440,0.167090
-0.208956,-0.104087,0.164954
-0.209691,-0.106321,0.163638
-0.212255,-0.108682,0.161864
-0.213645,-0.112314,0.161563
-0.213917,-0.112452,0.160440
-0.215285,-0.114135,0.157730
-0.218727,-0.117136,0.153397
-0.219423,-0.117674,0.153414
-0.221711,-0.119507,0.151770
-0.222700,-0.123755,0.150095
-0.224276,-0.124846,0.149712
-0.224695,-0.128877,0.148684
-0.225996,-0.130218,0.147284
-0.226698,-0.133037,0.142883
-0.229087,-0.136593,0.141687
-0.229674,-0.136939,0.139412
-0.230911,-0.138502,0.138751
-0.233148,-0.143863,0.134055
-0.234741,-0.145197,0.134210
-0.235251,-0.149708,0.131063
-0.233838,-0.150592,0.129060
-0.238353,-0.153572,0.126924
-0.239374,-0.156370,0.125474
-0.238853,-0.159855,0.125570
-0.242183,-0.162350,0.121779
-0.242452,-0.163817,0.118433
-0.245785,-0.167171,0.119384
-0.245809,-0.169719,0.114366
-0.248141,-0.174039,0.111510
-0.249632,-0.175900,0.111214
-0.253767,-0.177731,0.108200
-0.252226,-0.178672,0.105912
-0.253515,-0.183090,0.104073
-0.255019,-0.187057,0.099999
-0.255452,-0.191075,0.100525
-0.258024,-0.191683,0.098722
-0.259029,-0.193588,0.096980
-0.259545,-0.197082,0.092090
-0.261745,-0.199013,0.093472
-0.263284,-0.202496,0.091838
-0.266937,-0.205655,0.087820
-0.264226,-0.208068,0.083882
-0.270049,-0.212513,0.081066
-0.271039,-0.218401,0.077882
-0.270480,-0.224961,0.071668
0.103486,0.022356,0.263649
0.101919,0.024294,0.267111
0.099801,0.024436,0.267238
0.096764,0.026835,0.266420
0.097960,0.028711,0.272080
0.094970,0.030020,0.270720
0.094585,0.032097,0.270535
0.093304,0.035647,0.272420
0.092197,0.036326,0.274895
0.088396,0.038095,0.276351
0.089244,0.038870,0.277080
0.088773,0.040057,0.279825
0.087350,0.039700,0.277870
0.086136,0.041089,0.278426
0.084433,0.043212,0.280875
0.082224,0.044449,0.279389
0.083399,0.043977,0.281171
0.080056,0.046946,0.284278
0.079206,0.046423,0.283611
0.076926,0.046661,0.282617
0.077257,0.048694,0.286161
0.078245,0.049378,0.283540
0.073296,0.048976,0.285917
0.073872,0.050205,0.286744
0.071709,0.052491,0.288549
0.070553,0.055473,0.289475
0.072235,0.056561,0.289029
0.071282,0.054832,0.289041
0.065740,0.055924,0.289347
0.067017,0.059950,0.291893
0.066259,0.059144,0.292016
0.064514,0.056937,0.292353
0.063539,0.061237,0.293338
0.063024,0.060310,0.293728
0.063669,0.062082,0.295758
0.058808,0.061389,0.296568
0.059239,0.061966,0.296571
0.057231,0.062498,0.296886
0.055548,0.063048,0.296834
0.054053,0.066686,0.298984
0.055541,0.067251,0.297710
0.052214,0.065736,0.299124
0.053044,0.067833,0.298637
0.052006,0.070907,0.298188
0.049952,0.069408,0.300052
0.048307,0.071086,0.301651
0.047363,0.070169,0.302085
0.047699,0.072031,0.302042
0.048076,0.073812,0.304200
0.043741,0.074118,0.303835
0.041851,0.073675,0.301842
0.042954,0.075701,0.306363
0.042769,0.074877,0.305198
0.039337,0.079184,0.307031
0.038823,0.076064,0.306702
0.038821,0.079138,0.305947
0.036797,0.079394,0.306827
0.034793,0.078723,0.309616
0.032046,0.080357,0.309585
0.033399,0.080762,0.310372
0.030915,0.079711,0.309164
0.031293,0.082504,0.309870
0.031869,0.081100,0.310195
0.028962,0.083132,0.309583
0.027172,0.084115,0.311919
0.026100,0.084348,0.312322
0.024826,0.084254,0.312471
0.024182,0.082623,0.311166
0.022288,0.085188,0.311351
0.021370,0.085520,0.311602
0.020315,0.084850,0.312170
0.020280,0.086752,0.314020
0.018847,0.087728,0.314344
0.017804,0.086482,0.313260
0.017469,0.087796,0.312649
0.016002,0.086789,0.313807
0.014838,0.084357,0.314855
0.013182,0.088053,0.313236
0.011662,0.085925,0.315463
0.010187,0.087913,0.314514
0.010152,0.090504,0.315172
0.008286,0.088642,0.316229
0.009044,0.088481,0.313489
0.006359,0.089948,0.316745
0.007752,0.089707,0.316916
0.002770,0.089822,0.315494
0.005511,0.088461,0.315558
0.002002,0.090492,0.316233
0.003013,0.089098,0.316895
0.000277,0.091137,0.315956
-0.000014,0.092312,0.316335
0.002042,0.090945,0.316626
-0.000814,0.090098,0.318213
-0.003434,0.089903,0.317640
-0.003430,0.090908,0.317654
-0.005268,0.091381,0.318790
-0.008188,0.090220,0.316384
-0.006452,0.092126,0.317566
-0.008473,0.091349,0.317753
-0.010260,0.091419,0.316723
-0.010296,0.092757,0.319721
-0.012435,0.091247,0.318175
-0.010980,0.093368,0.317876
-0.013565,0.092081,0.318395
-0.015192,0.092883,0.316805
-0.014660,0.093758,0.319892
-0.017505,0.092597,0.317905
-0.017197,0.092981,0.317728
-0.019041,0.092405,0.318872
-0.022227,0.091127,0.318295
-0.020956,0.093912,0.318889
-0.023966,0.093412,0.318076
-0.024837,0.092306,0.317615
-0.025501,0.092321,0.318219
-0.023542,0.093687,0.316196
-0.025854,0.094081,0.317041
-0.026193,0.093769,0.319052
-0.029389,0.090439,0.318044
-0.029747,0.093311,0.317843
-0.033066,0.091135,0.316734
-0.032528,0.092186,0.318908
-0.034930,0.093607,0.317486
-0.033495,0.092232,0.318016
-0.036045,0.092853,0.317034
-0.036730,0.091348,0.317278
-0.036854,0.091637,0.317692
-0.037421,0.090395,0.320134
-0.038996,0.090819,0.317293
-0.039756,0.090915,0.318097
-0.042287,0.090438,0.316176
-0.042445,0.092641,0.317588
-0.043668,0.088309,0.317660
-0.045389,0.092114,0.316712
-0.045699,0.090462,0.315784
-0.045154,0.091627,0.316641
-0.047966,0.091058,0.317128
-0.048502,0.088539,0.314774
-0.050456,0.091196,0.318583
-0.052268,0.090410,0.316482
-0.050830,0.089959,0.316088
-0.053043,0.091029,0.316304
-0.052661,0.089041,0.317148
-0.055948,0.090167,0.316377
-0.056395,0.092184,0.315867
-0.057996,0.089295,0.314989
-0.058691,0.088834,0.315404
-0.059817,0.088555,0.315367
-0.060203,0.088803,0.316414
-0.060908,0.091237,0.316364
-0.062840,0.088319,0.316336
-0.061960,0.089655,0.315477
-0.066125,0.088717,0.315274
-0.065670,0.088738,0.316734
-0.065567,0.089608,0.313775
-0.069307,0.088942,0.316263
-0.068620,0.089961,0.313148
-0.068394,0.088139,0.315340
-0.069962,0.087382,0.316347
-0.073044,0.088496,0.313241
-0.072295,0.088128,0.313854
-0.073767,0.086559,0.314793
-0.075605,0.088590,0.314246
-0.075929,0.088267,0.314934
-0.076526,0.088833,0.315300
-0.078330,0.088898,0.312595
-0.079838,0.088766,0.314494
-0.081349,0.086855,0.313105
-0.080263,0.086678,0.315018
-0.082678,0.087369,0.315735
-0.083933,0.089620,0.313723
-0.083078,0.085852,0.313940
-0.085684,0.086861,0.313263
-0.086478,0.086963,0.313629
-0.087814,0.086923,0.312829
-0.087979,0.086307,0.312208
-0.088857,0.085835,0.314105
-0.090098,0.082959,0.311066
-0.092042,0.086037,0.314346
-0.093202,0.085865,0.313243
-0.094578,0.083737,0.311525
-0.093652,0.085269,0.312446
-0.095663,0.084636,0.314017
-0.097269,0.083306,0.312178
-0.098557,0.083686,0.311093
-0.097984,0.084192,0.310607
-0.098871,0.083018,0.312890
-0.100452,0.084661,0.310710
-0.104009,0.084029,0.311651
-0.102794,0.084751,0.310760
-0.105624,0.082432,0.311180
-0.106991,0.083488,0.311612
-0.107678,0.081158,0.311690
-0.107972,0.082003,0.309287
-0.109397,0.082837,0.311220
-0.111102,0.082569,0.312047
-0.108821,0.083899,0.310166
-0.112665,0.080540,0.310572
-0.113807,0.081951,0.308777
-0.114239,0.079854,0.307867
-0.116606,0.081443,0.308738
-0.116486,0.080601,0.309383
-0.116481,0.079386,0.310756
-0.118455,0.079721,0.308815
-0.118854,0.078425,0.310124
-0.121700,0.077153,0.306111
-0.119387,0.080517,0.306952
-0.123219,0.078066,0.307649
-0.125763,0.078582,0.307730
-0.126206,0.078888,0.307310
-0.124804,0.076186,0.307698
-0.128260,0.075958,0.308020
-0.129234,0.078145,0.305408
-0.128291,0.075523,0.304847
-0.131432,0.075979,0.306194
-0.131748,0.077299,0.305328
-0.133139,0.075621,0.305721
-0.132842,0.073580,0.305235
-0.134450,0.074482,0.305342
-0.134708,0.073156,0.301530
-0.136640,0.073166,0.304550
-0.136483,0.071369,0.303064
-0.138948,0.071067,0.300466
-0.140315,0.070073,0.303113
-0.141273,0.070435,0.299015
-0.141358,0.069001,0.301595
-0.143956,0.068341,0.297346
-0.143333,0.066566,0.299122
-0.145888,0.067115,0.297527
-0.145892,0.063004,0.295520
-0.147784,0.060735,0.294931
-0.150004,0.058122,0.292849
-0.150967,0.025960,0.265024
-0.151460,0.021038,0.262507
-0.153758,0.018967,0.260188
-0.154485,0.016387,0.259705
-0.156377,0.012047,0.257688
-0.158077,0.008869,0.254460
-0.157973,0.002907,0.252416
-0.161117,0.002036,0.247995
-0.159919,-0.001151,0.246225
-0.159906,-0.004349,0.242694
-0.161628,-0.008212,0.240043
-0.164213,-0.014186,0.237291
-0.165254,-0.019177,0.232779
-0.167185,-0.026258,0.228384
-0.168117,-0.033660,0.221679
-0.171069,-0.039949,0.217750
-0.172128,-0.043256,0.214819
-0.173301,-0.048462,0.209003
-0.174726,-0.056146,0.203949
-0.177877,-0.059704,0.203277
-0.177556,-0.062153,0.199298
-0.177288,-0.063509,0.198204
-0.178534,-0.066810,0.195716
-0.181537,-0.071064,0.192910
-0.182138,-0.074215,0.191273
-0.182993,-0.073568,0.192895
-0.183887,-0.075714,0.189348
-0.184053,-0.075358,0.190251
-0.187717,-0.078957,0.188650
-0.188090,-0.078932,0.187478
-0.189762,-0.078629,0.185136
-0.191652,-0.082036,0.185250
-0.192163,-0.082568,0.184496
-0.193607,-0.085422,0.183581
-0.194014,-0.086553,0.181193
-0.195125,-0.087064,0.179762
-0.196115,-0.088479,0.178924
-0.199012,-0.088948,0.179966
-0.199520,-0.090263,0.178806
-0.201030,-0.092527,0.178752
-0.201951,-0.092737,0.176540
-0.204451,-0.095304,0.175772
-0.204988,-0.097472,0.173816
-0.204970,-0.097342,0.171638
-0.208269,-0.097751,0.173616
-0.208381,-0.102723,0.169264
-0.209895,-0.103086,0.169001
-0.209634,-0.104991,0.165180
-0.211848,-0.107972,0.165306
-0.213698,-0.108763,0.164429
-0.215211,-0.111169,0.162657
-0.215410,-0.112713,0.157982
-0.218980,-0.114865,0.158745
-0.219682,-0.115527,0.155852
-0.220160,-0.119455,0.157147
-0.219634,-0.123388,0.152113
-0.222253,-0.123842,0.152586
-0.225110,-0.125509,0.150483
-0.224762,-0.130354,0.148260
-0.226809,-0.129207,0.146114
-0.227347,-0.135384,0.144061
-0.228274,-0.136876,0.143373
-0.230616,-0.138401,0.142324
-0.233148,-0.142771,0.138513
-0.234032,-0.143273,0.138041
-0.233002,-0.146470,0.135681
-0.235831,-0.149153,0.134098
-0.238829,-0.150314,0.130083
-0.237803,-0.155186,0.128391
-0.239925,-0.156755,0.128058
-0.240267,-0.161168,0.123787
-0.242829,-0.162217,0.122418
-0.246081,-0.163609,0.118818
-0.246780,-0.169661,0.118938
-0.249078,-0.170901,0.115381
-0.248516,-0.177061,0.114856
-0.250876,-0.175676,0.112831
-0.250853,-0.179837,0.107263
-0.253957,-0.182710,0.109638
-0.254404,-0.184619,0.106356
-0.256070,-0.185741,0.103671
-0.255973,-0.189691,0.100983
-0.259231,-0.192098,0.098551
-0.261007,-0.194706,0.099200
-0.261793,-0.198973,0.096513
-0.262738,-0.199545,0.093552
-0.265111,-0.205109,0.091926
-0.266760,-0.209103,0.090371
-0.268598,-0.211142,0.086429
-0.269786,-0.213984,0.082713
-0.272476,-0.219296,0.077138
-0.272698,-0.225353,0.073252
-0.277178,-0.240870,0.062023
0.102905,0.018609,0.262667
0.101728,0.020824,0.265902
0.100838,0.022452,0.267608
0.097221,0.024814,0.267657
0.097814,0.025599,0.268182
0.096958,0.029056,0.269640
0.093176,0.030619,0.271654
0.092271,0.031775,0.272114
0.093112,0.032799,0.276373
0.089970,0.035226,0.274593
0.089249,0.036677,0.275280
0.088187,0.037441,0.276627
0.086098,0.039979,0.277882
0.085295,0.039670,0.279351
0.084250,0.040680,0.279602
0.085700,0.040976,0.278272
0.080623,0.043474,0.279947
0.080503,0.043005,0.282449
0.081733,0.042688,0.281922
0.078241,0.046671,0.285275
0.079024,0.047673,0.283763
0.076315,0.047672,0.285790
0.074494,0.049373,0.286259
0.076434,0.051008,0.287351
0.073238,0.050897,0.287412
0.071019,0.050517,0.288490
0.070108,0.053278,0.288583
0.070898,0.053460,0.290934
0.069855,0.053732,0.290153
0.068128,0.056513,0.290365
0.066856,0.056322,0.293117
0.065305,0.054792,0.293250
0.065667,0.058542,0.294448
0.063162,0.057470,0.295057
0.060671,0.059974,0.295331
0.058934,0.062336,0.296817
0.059038,0.059835,0.297300
0.058089,0.062192,0.297997
0.056937,0.063110,0.296862
0.055843,0.065510,0.298065
0.053109,0.064000,0.299741
0.055363,0.064899,0.297749
0.052333,0.066792,0.299806
0.052231,0.066180,0.302034
0.048499,0.068216,0.300455
0.048244,0.067825,0.301174
0.048789,0.069537,0.303200
0.045660,0.071010,0.301949
0.045731,0.071297,0.301449
0.046084,0.070677,0.303474
0.044182,0.073778,0.302824
0.040585,0.069877,0.304127
0.042483,0.073628,0.306823
0.041079,0.074705,0.305999
0.037917,0.074998,0.306451
0.037417,0.076894,0.306906
0.036392,0.076695,0.309575
0.034642,0.076779,0.308051
0.033596,0.078086,0.307321
0.032628,0.077674,0.309563
0.031433,0.077886,0.309833
0.030662,0.079920,0.308315
0.030431,0.081516,0.310349
0.029204,0.081882,0.309757
0.027739,0.082199,0.311893
0.027685,0.081672,0.311573
0.023526,0.080456,0.311040
0.024396,0.083754,0.314139
0.021509,0.084014,0.314129
0.022532,0.083527,0.313212
0.022005,0.084869,0.311117
0.019271,0.085802,0.313301
0.019407,0.082957,0.314047
0.017571,0.084748,0.313850
0.018564,0.085497,0.313745
0.015595,0.086639,0.313112
0.014524,0.085723,0.314061
0.013275,0.083768,0.315072
0.013209,0.086829,0.313015
0.011440,0.085942,0.315352
0.010862,0.086290,0.316582
0.008965,0.087910,0.315391
0.005344,0.086211,0.314323
0.006891,0.089698,0.315628
0.007113,0.089819,0.315758
0.005352,0.088457,0.316121
0.003941,0.085779,0.314299
0.003171,0.085976,0.316291
0.001971,0.088294,0.316987
-0.001384,0.088960,0.316378
0.000146,0.086456,0.315207
-0.001468,0.089267,0.317509
-0.002517,0.088480,0.317520
-0.004060,0.089245,0.315097
-0.005751,0.089305,0.317836
-0.004963,0.089842,0.317062
-0.003994,0.089945,0.318646
-0.006291,0.088463,0.318596
-0.007789,0.090819,0.316015
-0.008613,0.090168,0.317783
-0.010688,0.091011,0.318647
-0.013991,0.088988,0.318623
-0.013238,0.089830,0.318825
-0.012921,0.089402,0.319535
-0.014477,0.090784,0.318497
-0.015491,0.089273,0.318868
-0.017231,0.089973,0.320045
-0.017601,0.092153,0.317580
-0.019289,0.089401,0.319599
-0.020614,0.092647,0.317649
-0.021385,0.090706,0.317744
-0.022648,0.090791,0.318840
-0.023814,0.091122,0.317491
-0.024658,0.092123,0.317887
-0.025191,0.093063,0.318370
-0.027265,0.090514,0.318457
-0.025882,0.091785,0.316978
-0.028754,0.089504,0.317902
-0.030134,0.091473,0.319069
-0.031399,0.090509,0.319335
-0.031745,0.091153,0.318488
-0.031977,0.088695,0.317067
-0.035081,0.089539,0.317622
-0.035520,0.091921,0.318283
-0.036283,0.089888,0.317615
-0.038702,0.090639,0.316991
-0.038761,0.091450,0.316967
-0.038709,0.089517,0.319357
-0.041313,0.090925,0.318266
-0.042314,0.091594,0.318175
-0.041191,0.089934,0.318746
-0.043976,0.090551,0.318539
-0.043969,0.090280,0.318024
-0.046711,0.087923,0.318074
-0.046163,0.089660,0.317771
-0.046949,0.088694,0.317896
-0.047853,0.090542,0.317297
-0.051015,0.089797,0.316931
-0.052174,0.090430,0.316274
-0.053241,0.086409,0.316027
-0.052941,0.088253,0.315506
-0.055156,0.088451,0.317570
-0.056008,0.088114,0.317499
-0.056415,0.088599,0.315809
-0.058036,0.088574,0.316848
-0.058132,0.088008,0.316684
-0.059202,0.087961,0.315260
-0.059899,0.088115,0.316874
-0.061656,0.087429,0.317341
-0.063241,0.087331,0.317205
-0.064651,0.087728,0.317523
-0.065888,0.087244,0.315465
-0.065305,0.087847,0.314871
-0.065838,0.086923,0.315357
-0.069262,0.087309,0.315103
-0.068667,0.088032,0.315012
-0.068623,0.084707,0.313679
-0.068313,0.086480,0.315088
-0.071524,0.086307,0.314630
-0.074615,0.087024,0.313816
-0.075281,0.087504,0.315367
-0.075806,0.086600,0.314380
-0.077583,0.085835,0.313930
-0.077510,0.086750,0.315165
-0.078153,0.086009,0.314021
-0.079449,0.084222,0.314686
-0.080128,0.084750,0.314559
-0.081890,0.085384,0.315207
-0.083947,0.085646,0.313527
-0.083266,0.086706,0.313454
-0.084144,0.086053,0.315876
-0.087073,0.085100,0.313967
-0.086525,0.085993,0.317148
-0.088049,0.086459,0.312866
-0.088803,0.085855,0.312704
-0.089580,0.084697,0.312448
-0.091401,0.084791,0.314438
-0.092168,0.083822,0.313128
-0.091475,0.084713,0.311230
-0.093763,0.084570,0.313752
-0.094813,0.084470,0.312499
-0.096981,0.083149,0.312808
-0.097263,0.084631,0.312556
-0.097859,0.082405,0.312354
-0.098972,0.082507,0.314391
-0.100286,0.083541,0.310883
-0.102684,0.081931,0.313532
-0.101331,0.082367,0.311252
-0.103650,0.083197,0.311020
-0.103591,0.083153,0.310618
-0.106297,0.082426,0.312451
-0.108961,0.081852,0.308742
-0.107055,0.082016,0.312435
-0.109464,0.081175,0.310187
-0.108131,0.080439,0.310614
-0.111659,0.081961,0.310933
-0.111718,0.079560,0.310238
-0.112957,0.080635,0.310139
-0.116243,0.079197,0.310322
-0.114443,0.081502,0.310167
-0.116193,0.079236,0.309974
-0.117383,0.079070,0.309864
-0.120806,0.080489,0.307810
-0.119561,0.077957,0.310168
-0.120892,0.077000,0.307748
-0.122242,0.077538,0.309650
-0.121854,0.078081,0.308747
-0.124336,0.076994,0.306942
-0.123529,0.076219,0.307407
-0.126517,0.078184,0.307813
-0.127649,0.076923,0.308971
-0.130641,0.075034,0.305829
-0.128759,0.075841,0.305736
-0.130412,0.074383,0.306772
-0.132399,0.073224,0.307182
-0.134125,0.074430,0.303758
-0.134948,0.072025,0.305198
-0.135153,0.072989,0.304800
-0.136153,0.073237,0.305227
-0.136781,0.071915,0.304614
-0.137307,0.071604,0.304707
-0.139666,0.069739,0.302333
-0.139165,0.068679,0.302380
-0.140789,0.069200,0.300698
-0.143245,0.068720,0.301182
-0.142556,0.066316,0.299961
-0.144665,0.068692,0.298092
-0.146280,0.064236,0.298336
-0.146284,0.062110,0.296893
-0.148095,0.060290,0.294350
-0.148414,0.055952,0.291647
-0.153149,0.021870,0.267142
-0.152051,0.018945,0.262761
-0.153807,0.015807,0.260615
-0.155683,0.014658,0.258620
-0.156323,0.009599,0.258320
-0.156817,0.008133,0.254923
-0.160166,0.002831,0.250626
-0.160046,0.000933,0.250168
-0.161108,-0.000456,0.246257
-0.162355,-0.006250,0.244246
-0.164252,-0.010785,0.241782
-0.165306,-0.013925,0.239708
-0.165736,-0.017610,0.234279
-0.165864,-0.025448,0.226962
-0.170802,-0.034055,0.222023
-0.168697,-0.040090,0.219796
-0.171738,-0.045154,0.214745
-0.173636,-0.048360,0.211138
-0.172602,-0.052432,0.210084
-0.175314,-0.058622,0.203453
-0.176937,-0.062107,0.202714
-0.178246,-0.062774,0.200635
-0.181442,-0.067373,0.197992
-0.181254,-0.068545,0.196437
-0.183196,-0.070285,0.195385
-0.181772,-0.070578,0.194911
-0.183866,-0.072987,0.191805
-0.186131,-0.076145,0.191476
-0.186765,-0.077603,0.190286
-0.187623,-0.079543,0.187047
-0.188630,-0.078225,0.187700
-0.189177,-0.081128,0.185939
-0.190879,-0.084572,0.186168
-0.193098,-0.084797,0.184526
-0.194635,-0.085862,0.183936
-0.194310,-0.087007,0.183956
-0.195769,-0.089060,0.180036
-0.197361,-0.089280,0.178655
-0.199159,-0.089414,0.181914
-0.199851,-0.093192,0.178391
-0.201781,-0.094450,0.175240
-0.200711,-0.094141,0.176906
-0.204292,-0.096514,0.174352
-0.206595,-0.097541,0.174067
-0.206274,-0.099209,0.171393
-0.209224,-0.099615,0.172768
-0.209065,-0.102909,0.171248
-0.213398,-0.101239,0.170210
-0.212271,-0.105086,0.166952
-0.213315,-0.108125,0.165769
-0.216003,-0.110781,0.165819
-0.215734,-0.112220,0.162574
-0.217584,-0.115296,0.159684
-0.217688,-0.116346,0.160032
-0.219247,-0.118246,0.158354
-0.219962,-0.121387,0.155732
-0.219620,-0.124447,0.152068
-0.224784,-0.124507,0.153969
-0.224955,-0.126803,0.151570
-0.224226,-0.129351,0.150506
-0.225956,-0.133066,0.147314
-0.228348,-0.134613,0.146353
-0.230426,-0.135376,0.143123
-0.230841,-0.141201,0.142012
-0.232697,-0.142192,0.139326
-0.232995,-0.145121,0.138389
-0.235895,-0.147807,0.136193
-0.237904,-0.151191,0.135224
-0.240606,-0.152693,0.131063
-0.238346,-0.156271,0.129381
-0.240806,-0.158316,0.129636
-0.242875,-0.158467,0.125482
-0.243616,-0.165161,0.124800
-0.246315,-0.167452,0.121691
-0.247698,-0.169723,0.118099
-0.249605,-0.173006,0.115893
-0.249638,-0.176933,0.114339
-0.253872,-0.177926,0.112559
-0.253170,-0.180523,0.111685
-0.255290,-0.181501,0.109887
-0.257011,-0.185037,0.108010
-0.257533,-0.185681,0.105769
-0.256651,-0.191630,0.103102
-0.260632,-0.192684,0.101765
-0.263170,-0.195183,0.098775
-0.263130,-0.196638,0.095989
-0.263849,-0.200686,0.094590
-0.264899,-0.204379,0.092486
-0.267731,-0.207728,0.090421
-0.268672,-0.210032,0.088582
-0.270454,-0.214024,0.085445
-0.272523,-0.219784,0.080233
-0.275855,-0.228041,0.076223
-0.275498,-0.236717,0.068636
0.100846,0.021505,0.267054
0.101190,0.019903,0.264365
0.097729,0.024179,0.268415
0.095661,0.024954,0.268981
0.096413,0.025389,0.271347
0.094740,0.028316,0.270793
0.092900,0.030012,0.274413
0.091614,0.031351,0.273052
0.089704,0.032101,0.276215
0.090161,0.034579,0.276734
0.089651,0.036295,0.275250
0.087486,0.037563,0.277585
0.085488,0.037725,0.281684
0.083781,0.039090,0.279772
0.084574,0.040378,0.279994
0.083198,0.040263,0.281252
0.081261,0.040871,0.282136
0.079054,0.043264,0.284356
0.077384,0.044715,0.286425
0.078709,0.044960,0.283800
0.075109,0.046637,0.284392
0.073675,0.046259,0.286528
0.073460,0.046326,0.286186
0.073243,0.047099,0.288153
0.071156,0.049442,0.288688
0.070785,0.050958,0.289919
0.067942,0.050252,0.290402
0.067220,0.053059,0.291184
0.068643,0.054142,0.288961
0.066548,0.053765,0.292949
0.065217,0.053973,0.293185
0.062086,0.055531,0.293779
0.062894,0.057220,0.292645
0.061117,0.057909,0.294344
0.061214,0.057801,0.294008
0.057182,0.060030,0.295454
0.057126,0.059147,0.296107
0.057482,0.061381,0.295985
0.055897,0.062699,0.299516
0.054725,0.062971,0.299198
0.053509,0.064727,0.298573
0.053739,0.064731,0.297501
0.051606,0.064890,0.301248
0.048998,0.065832,0.299996
0.049532,0.065078,0.301482
0.048571,0.067909,0.301495
0.048951,0.069125,0.302823
0.047368,0.068025,0.303442
0.044215,0.071167,0.305781
0.044447,0.070285,0.305140
0.041250,0.069762,0.306411
0.039719,0.073130,0.305901
0.038791,0.073494,0.308084
0.038540,0.072181,0.304747
0.037575,0.074342,0.305869
0.035260,0.073522,0.306689
0.035478,0.076449,0.308582
0.033741,0.075582,0.307856
0.034702,0.077267,0.309967
0.030146,0.077394,0.308811
0.032727,0.077948,0.308210
0.029684,0.078213,0.309097
0.029249,0.078999,0.309349
0.027322,0.080999,0.309683
0.029076,0.077980,0.310344
0.026136,0.081307,0.314330
0.026072,0.080034,0.312102
0.025269,0.081760,0.311058
0.022643,0.083946,0.313841
0.020461,0.080779,0.311649
0.019845,0.081762,0.313627
0.020285,0.083320,0.313485
0.018337,0.082131,0.312162
0.015372,0.082263,0.314241
0.014481,0.083108,0.314461
0.015225,0.081568,0.313053
0.013325,0.083431,0.313253
0.011089,0.085392,0.315758
0.012589,0.084061,0.315284
0.010609,0.085423,0.314193
0.010635,0.086434,0.315689
0.008227,0.084802,0.314430
0.007213,0.084695,0.317021
0.005862,0.086383,0.316899
0.006046,0.086065,0.315100
0.004591,0.085954,0.314978
0.003245,0.086540,0.314666
0.002368,0.086088,0.317442
0.000797,0.085456,0.316425
-0.001710,0.085697,0.318532
-0.000819,0.086140,0.316424
-0.003407,0.086895,0.316230
-0.003728,0.085312,0.317850
-0.004587,0.088576,0.317250
-0.005651,0.088318,0.317962
-0.005107,0.088744,0.316179
-0.008067,0.088085,0.317678
-0.008609,0.088076,0.318523
-0.008870,0.088712,0.317174
-0.011225,0.087801,0.318718
-0.011502,0.087124,0.317368
-0.014910,0.088715,0.318562
-0.013031,0.087624,0.319172
-0.015250,0.089407,0.319519
-0.018361,0.087195,0.318927
-0.015711,0.088410,0.318994
-0.017618,0.088167,0.317288
-0.019013,0.092938,0.318812
-0.021151,0.089272,0.318708
-0.022659,0.087889,0.318341
-0.021213,0.087746,0.316613
-0.024578,0.089938,0.319134
-0.024939,0.088430,0.319891
-0.025112,0.091175,0.318248
-0.026969,0.088996,0.319341
-0.028623,0.089921,0.318611
-0.029600,0.088403,0.320228
-0.030125,0.089040,0.318673
-0.030013,0.086316,0.318690
-0.032138,0.087730,0.317076
-0.032530,0.087738,0.317203
-0.033801,0.087334,0.317223
-0.035070,0.087367,0.317891
-0.036042,0.089422,0.316479
-0.038166,0.087470,0.317860
-0.040379,0.088673,0.318162
-0.039745,0.089028,0.318883
-0.040303,0.089472,0.318141
-0.042901,0.088357,0.317843
-0.042573,0.088442,0.318066
-0.043028,0.088008,0.317618
-0.043825,0.089119,0.317883
-0.045091,0.089018,0.318269
-0.047855,0.088442,0.317575
-0.049428,0.086950,0.318455
-0.049735,0.088439,0.318212
-0.050145,0.087003,0.318641
-0.050701,0.088872,0.319382
-0.050300,0.086680,0.317464
-0.052633,0.087671,0.316607
-0.053586,0.087794,0.317425
-0.056411,0.086806,0.316946
-0.056448,0.086141,0.316775
-0.056704,0.087089,0.316303
-0.057408,0.084853,0.318241
-0.058526,0.085797,0.317589
-0.061203,0.085891,0.316316
-0.062951,0.086829,0.316325
-0.063466,0.084840,0.316325
-0.062584,0.088057,0.316083
-0.065035,0.085832,0.315051
-0.064606,0.086172,0.317221
-0.065170,0.086129,0.316754
-0.065409,0.086323,0.316343
-0.068578,0.087911,0.317430
-0.068414,0.085167,0.316352
-0.069172,0.085836,0.317243
-0.072416,0.085580,0.315780
-0.073486,0.084168,0.314887
-0.074291,0.085481,0.314473
-0.073759,0.083274,0.315323
-0.076703,0.083132,0.314979
-0.076790,0.084101,0.314439
-0.076258,0.085130,0.315018
-0.078762,0.084431,0.315686
-0.081732,0.086781,0.314350
-0.082071,0.084873,0.313755
-0.082782,0.085771,0.313880
-0.083665,0.083916,0.315133
-0.084778,0.083634,0.314787
-0.086446,0.084949,0.316519
-0.087770,0.085452,0.314628
-0.086935,0.085733,0.313852
-0.088814,0.081995,0.313858
-0.089073,0.083988,0.314272
-0.088434,0.082839,0.315895
-0.091928,0.083414,0.314381
-0.092421,0.082688,0.314429
-0.094148,0.083696,0.313079
-0.096175,0.082467,0.313083
-0.095752,0.082745,0.313033
-0.096909,0.080894,0.313137
-0.099659,0.083093,0.315176
-0.099676,0.081048,0.315055
-0.101724,0.081892,0.312846
-0.101904,0.081863,0.314284
-0.102816,0.080692,0.313780
-0.100343,0.081431,0.313148
-0.103565,0.082525,0.313870
-0.105246,0.081760,0.314237
-0.107894,0.080062,0.311822
-0.110161,0.080899,0.311607
-0.108031,0.080585,0.313126
-0.110835,0.079873,0.311344
-0.112002,0.080147,0.313605
-0.111227,0.079419,0.311168
-0.112996,0.078951,0.310092
-0.114463,0.076452,0.310478
-0.115516,0.077148,0.311462
-0.116489,0.078678,0.311399
-0.117610,0.077210,0.310561
-0.120048,0.078325,0.308635
-0.120517,0.076733,0.309939
-0.120166,0.076823,0.310837
-0.121823,0.076097,0.309184
-0.124661,0.079038,0.306948
-0.123896,0.076641,0.308447
-0.124734,0.075009,0.307349
-0.126846,0.075755,0.308306
-0.126989,0.073478,0.307359
-0.127833,0.076504,0.307289
-0.128752,0.073410,0.305675
-0.130220,0.072342,0.306306
-0.131649,0.073402,0.304859
-0.132455,0.073142,0.306446
-0.132297,0.073463,0.306208
-0.133677,0.072061,0.304554
-0.134980,0.071455,0.306196
-0.139678,0.072135,0.304511
-0.138670,0.069448,0.304785
-0.137583,0.069636,0.302597
-0.139993,0.069788,0.302944
-0.139981,0.070055,0.304052
-0.141815,0.065927,0.299540
-0.141299,0.067296,0.299221
-0.144082,0.064550,0.298900
-0.144859,0.064991,0.300888
-0.145290,0.062370,0.297409
-0.148664,0.060347,0.294719
-0.148893,0.054614,0.293160
-0.152187,0.019731,0.264959
-0.152798,0.016656,0.263388
-0.155609,0.015588,0.260634
-0.155025,0.014610,0.259649
-0.156515,0.010399,0.257890
-0.156724,0.003980,0.254172
-0.159873,0.003051,0.251196
-0.160375,-0.002844,0.251402
-0.161623,-0.002559,0.246051
-0.161387,-0.008544,0.243118
-0.162364,-0.012782,0.241983
-0.164060,-0.015547,0.236891
-0.167349,-0.019682,0.236241
-0.171018,-0.027985,0.231119
-0.169832,-0.033591,0.224690
-0.169604,-0.039694,0.221781
-0.171581,-0.043858,0.216948
-0.172929,-0.047305,0.212501
-0.175522,-0.051722,0.209580
-0.175240,-0.056948,0.206982
-0.177142,-0.060356,0.204969
-0.178769,-0.061243,0.201186
-0.179981,-0.065747,0.198880
-0.181540,-0.066874,0.196293
-0.182410,-0.070444,0.197760
-0.183358,-0.071952,0.195661
-0.183970,-0.073484,0.194318
-0.186005,-0.076453,0.192609
-0.185800,-0.076271,0.193000
-0.187506,-0.078978,0.190881
-0.187042,-0.078757,0.189393
-0.188721,-0.081753,0.187611
-0.190180,-0.083080,0.186926
-0.194489,-0.084087,0.187452
-0.194255,-0.083461,0.184030
-0.194728,-0.086813,0.183782
-0.196711,-0.086762,0.182147
-0.196270,-0.090462,0.182525
-0.201209,-0.092100,0.182800
-0.201651,-0.090901,0.179707
-0.201407,-0.092854,0.179407
-0.203153,-0.095316,0.180118
-0.203878,-0.096784,0.176618
-0.205135,-0.097214,0.176327
-0.205675,-0.099172,0.175195
-0.206893,-0.099671,0.173739
-0.207442,-0.100603,0.171670
-0.210661,-0.102857,0.171843
-0.211685,-0.104586,0.170533
-0.214343,-0.108138,0.170338
-0.212588,-0.108439,0.166839
-0.215470,-0.110030,0.164254
-0.216887,-0.113657,0.162342
-0.217431,-0.115731,0.161786
-0.220171,-0.118867,0.160728
-0.221637,-0.119442,0.159797
-0.222850,-0.121948,0.158864
-0.224247,-0.124066,0.157544
-0.224816,-0.126489,0.154142
-0.226449,-0.128160,0.152209
-0.228305,-0.130018,0.149850
-0.228591,-0.131746,0.149037
-0.229799,-0.136693,0.148880
-0.229343,-0.139353,0.144666
-0.232770,-0.141236,0.142078
-0.234560,-0.142621,0.140732
-0.235292,-0.145921,0.141859
-0.238066,-0.148791,0.136451
-0.238252,-0.153223,0.134853
-0.239428,-0.155576,0.133545
-0.241508,-0.156984,0.130838
-0.244136,-0.160281,0.127831
-0.245164,-0.162600,0.127976
-0.246102,-0.166326,0.124653
-0.246790,-0.166741,0.121100
-0.248126,-0.170574,0.118626
-0.248647,-0.172275,0.116168
-0.252283,-0.173927,0.116917
-0.254093,-0.178747,0.112971
-0.255568,-0.179943,0.111384
-0.256079,-0.184044,0.110490
-0.256858,-0.187880,0.107296
-0.260881,-0.187145,0.106614
-0.258845,-0.190619,0.103362
-0.261625,-0.194024,0.104519
-0.262733,-0.195379,0.102253
-0.264088,-0.199211,0.097914
-0.266543,-0.200693,0.096385
-0.266924,-0.206233,0.093520
-0.268134,-0.208828,0.090236
-0.269167,-0.210479,0.088940
-0.270991,-0.216536,0.084458
-0.274150,-0.220877,0.083889
-0.275002,-0.226087,0.078525
-0.278820,-0.237643,0.069884
0.101974,0.017755,0.264673
0.099283,0.017400,0.266786
0.098886,0.020335,0.269099
0.098540,0.022241,0.266844
0.096572,0.022655,0.269730
0.094988,0.024124,0.270600
0.095145,0.027404,0.272174
0.090923,0.028189,0.274430
0.093129,0.032771,0.275905
0.090819,0.034028,0.276723
0.087671,0.033956,0.276669
0.088216,0.035275,0.279400
0.086939,0.035223,0.280022
0.085080,0.034880,0.280290
0.083137,0.037846,0.280641
0.082230,0.039963,0.280842
0.082344,0.039260,0.283394
0.079899,0.039444,0.283371
0.078714,0.043674,0.286420
0.078431,0.043493,0.286312
0.076160,0.043204,0.286068
0.074817,0.044706,0.288254
0.075397,0.046626,0.286370
0.073737,0.044293,0.287178
0.073060,0.046628,0.289235
0.071100,0.049569,0.289833
0.068953,0.051432,0.289851
0.067237,0.048472,0.288986
0.068251,0.051497,0.291513
0.066197,0.049846,0.291774
0.063490,0.051794,0.291766
0.063351,0.053018,0.294106
0.063664,0.054229,0.292908
0.063773,0.055605,0.293491
0.059417,0.054573,0.294042
0.059634,0.059919,0.296003
0.057865,0.058666,0.295860
0.058782,0.058694,0.297087
0.055975,0.058934,0.296517
0.053241,0.061438,0.297430
0.052598,0.063277,0.297345
0.052417,0.062734,0.299639
0.053832,0.062461,0.298619
0.049216,0.062915,0.300845
0.048473,0.064726,0.302423
0.047795,0.064941,0.303307
0.046008,0.064480,0.301458
0.044801,0.068198,0.302250
0.045722,0.068143,0.302749
0.045101,0.068484,0.303474
0.042872,0.068310,0.305212
0.040437,0.069851,0.304934
0.039507,0.070819,0.305314
0.038208,0.072453,0.306658
0.040551,0.070809,0.308643
0.038317,0.073664,0.307355
0.034497,0.074543,0.308470
0.033777,0.072186,0.307531
0.034738,0.074280,0.307576
0.030861,0.074459,0.308428
0.031046,0.075669,0.308854
0.030387,0.076414,0.309370
0.027951,0.077317,0.311160
0.028940,0.077324,0.311443
0.025829,0.078488,0.313141
0.025428,0.078406,0.309891
0.022745,0.078432,0.311956
0.021377,0.079608,0.313926
0.021353,0.078827,0.312792
0.022174,0.078942,0.313229
0.021281,0.080399,0.314166
0.019344,0.081790,0.311926
0.018309,0.080726,0.312765
0.017127,0.082126,0.316163
0.016173,0.081367,0.314833
0.014023,0.083080,0.314893
0.013596,0.083589,0.316976
0.013099,0.082368,0.314507
0.011729,0.082744,0.311880
0.012453,0.084399,0.314664
0.009090,0.083459,0.316422
0.009472,0.081432,0.316721
0.006983,0.083568,0.317367
0.006925,0.083266,0.316795
0.005584,0.084872,0.317019
0.003631,0.085389,0.315471
0.002102,0.081032,0.316035
0.003173,0.081324,0.316609
0.000872,0.084211,0.316342
0.000569,0.084256,0.315735
-0.001349,0.084202,0.315476
-0.001935,0.086079,0.317212
-0.003818,0.084751,0.317382
-0.003271,0.085564,0.317654
-0.005891,0.086126,0.317549
-0.007584,0.085468,0.318818
-0.006102,0.087824,0.317828
-0.007425,0.085212,0.317844
-0.008612,0.084842,0.315933
-0.010827,0.086064,0.317660
-0.011819,0.088262,0.319411
-0.015169,0.088235,0.317464
-0.013424,0.087799,0.317391
-0.015366,0.087852,0.319429
-0.014670,0.087118,0.319332
-0.018207,0.086611,0.320046
-0.019397,0.088486,0.317159
-0.019671,0.089118,0.318408
-0.019715,0.087519,0.317498
-0.020834,0.086663,0.320523
-0.021434,0.086834,0.317982
-0.023489,0.087993,0.317924
-0.023829,0.088103,0.320556
-0.024364,0.086362,0.318375
-0.026927,0.089006,0.317471
-0.026841,0.086485,0.318143
-0.028419,0.087233,0.317292
-0.030463,0.089418,0.321209
-0.030723,0.088519,0.318348
-0.030774,0.086707,0.318089
-0.033756,0.087064,0.319121
-0.031598,0.085315,0.317120
-0.034782,0.086373,0.318352
-0.035670,0.086100,0.317477
-0.038355,0.088820,0.317342
-0.038778,0.087145,0.318891
-0.039904,0.087785,0.317936
-0.040070,0.085735,0.319203
-0.041492,0.087165,0.318704
-0.042517,0.087258,0.320697
-0.044080,0.085930,0.316792
-0.045082,0.086715,0.316998
-0.045089,0.086095,0.317977
-0.045646,0.086223,0.320233
-0.047418,0.087727,0.319057
-0.049297,0.086043,0.317645
-0.049463,0.086032,0.317657
-0.051706,0.084753,0.317646
-0.052582,0.086749,0.318840
-0.053403,0.086770,0.317546
-0.053079,0.083546,0.317808
-0.054602,0.084981,0.317675
-0.054793,0.085103,0.318492
-0.058464,0.086331,0.317696
-0.057669,0.084506,0.316058
-0.060233,0.085813,0.315500
-0.061046,0.084377,0.317040
-0.062675,0.084168,0.318099
-0.062396,0.083228,0.316732
-0.062432,0.084498,0.319575
-0.063352,0.083701,0.316761
-0.066690,0.084694,0.314606
-0.066939,0.084213,0.317648
-0.065378,0.086280,0.315416
-0.067852,0.084728,0.315652
-0.070014,0.084040,0.316881
-0.070288,0.083985,0.316088
-0.072510,0.081575,0.315771
-0.072896,0.085254,0.316185
-0.074923,0.084396,0.316462
-0.075386,0.084838,0.315902
-0.076312,0.083035,0.313766
-0.077171,0.082758,0.314176
-0.078416,0.083510,0.315064
-0.078271,0.083975,0.315681
-0.079969,0.084115,0.315180
-0.082394,0.082941,0.316569
-0.082727,0.084136,0.314906
-0.084966,0.081973,0.316105
-0.084335,0.082657,0.314519
-0.086129,0.083023,0.315197
-0.087147,0.083441,0.314968
-0.087762,0.083017,0.315126
-0.088304,0.082457,0.313063
-0.089735,0.080803,0.315173
-0.091778,0.083371,0.314945
-0.093130,0.082236,0.313619
-0.093067,0.079958,0.315104
-0.093344,0.082966,0.316713
-0.095033,0.083606,0.313999
-0.096468,0.081683,0.315958
-0.096666,0.080935,0.314173
-0.098466,0.080639,0.313019
-0.097784,0.080453,0.315077
-0.101874,0.083157,0.314184
-0.103657,0.078881,0.313633
-0.102451,0.079900,0.315116
-0.102966,0.081437,0.311583
-0.104078,0.080300,0.312010
-0.105908,0.081333,0.312519
-0.107301,0.078167,0.314070
-0.107010,0.079659,0.311385
-0.108959,0.079316,0.312180
-0.110313,0.080051,0.312027
-0.112452,0.080070,0.311889
-0.111474,0.080063,0.312506
-0.112965,0.076899,0.311083
-0.115240,0.075962,0.311687
-0.114169,0.076082,0.310293
-0.116212,0.074673,0.311835
-0.116737,0.075240,0.310679
-0.120660,0.076691,0.311701
-0.120043,0.076112,0.311423
-0.120810,0.075182,0.310210
-0.122648,0.075340,0.309547
-0.123835,0.077559,0.311667
-0.122820,0.076435,0.308219
-0.124997,0.075562,0.309474
-0.125435,0.073137,0.307369
-0.127804,0.075197,0.307785
-0.128419,0.074404,0.309428
-0.130229,0.072417,0.307762
-0.130937,0.074368,0.308410
-0.133731,0.072776,0.308765
-0.132511,0.072662,0.305983
-0.134901,0.072492,0.305260
-0.135071,0.069784,0.306544
-0.136208,0.069476,0.304666
-0.138662,0.069493,0.305614
-0.138436,0.069468,0.305856
-0.139635,0.068832,0.305822
-0.140337,0.066960,0.306086
-0.140636,0.067144,0.302562
-0.140634,0.064498,0.300956
-0.142711,0.063537,0.301041
-0.144251,0.062683,0.300590
-0.144435,0.062123,0.297130
-0.148632,0.057843,0.297253
-0.147162,0.056793,0.296151
-0.148844,0.052652,0.291495
-0.152352,0.017274,0.265065
-0.150161,0.017217,0.263286
-0.153475,0.012242,0.260773
-0.153902,0.009242,0.259350
-0.158292,0.007018,0.259780
-0.159255,0.002911,0.254728
-0.156056,0.001410,0.253349
-0.160153,-0.001447,0.250765
-0.160503,-0.006296,0.250284
-0.161216,-0.011136,0.245592
-0.162652,-0.013579,0.242441
-0.164415,-0.018157,0.238219
-0.166866,-0.020947,0.236009
-0.168537,-0.026964,0.232514
-0.168497,-0.034781,0.226587
-0.168535,-0.039844,0.222025
-0.172776,-0.042615,0.218489
-0.173017,-0.047462,0.217423
-0.173367,-0.051136,0.211601
-0.175678,-0.056047,0.209916
-0.176245,-0.059431,0.206827
-0.178668,-0.061332,0.204509
-0.179018,-0.063544,0.201730
-0.181504,-0.066906,0.202111
-0.179783,-0.069834,0.199336
-0.182421,-0.070819,0.200155
-0.184818,-0.072689,0.197327
-0.185873,-0.074384,0.194563
-0.185881,-0.075719,0.194050
-0.187485,-0.078680,0.193026
-0.188801,-0.080884,0.191321
-0.191218,-0.083626,0.190464
-0.191944,-0.081058,0.189103
-0.194387,-0.082287,0.187125
-0.194096,-0.085310,0.187420
-0.193786,-0.085892,0.185316
-0.196008,-0.086800,0.182708
-0.197334,-0.089100,0.183991
-0.197373,-0.090231,0.180287
-0.201766,-0.091192,0.184466
-0.200672,-0.091574,0.181556
-0.201565,-0.094623,0.180313
-0.205291,-0.096179,0.181310
-0.207643,-0.094860,0.177895
-0.206567,-0.098369,0.176917
-0.209644,-0.098433,0.176790
-0.208713,-0.100442,0.173391
-0.210365,-0.103177,0.173234
-0.211595,-0.104399,0.174086
-0.213377,-0.106539,0.172092
-0.214122,-0.106773,0.168526
-0.216844,-0.109875,0.167584
-0.214816,-0.113402,0.165067
-0.217151,-0.113897,0.163447
-0.219702,-0.116779,0.164352
-0.220208,-0.118134,0.162291
-0.222118,-0.119955,0.159778
-0.222576,-0.121955,0.158280
-0.225627,-0.125130,0.156573
-0.224475,-0.128366,0.154342
-0.228789,-0.132562,0.154436
-0.228967,-0.131143,0.149873
-0.231063,-0.132573,0.150941
-0.231547,-0.136315,0.148206
-0.233076,-0.138341,0.145247
-0.233226,-0.141518,0.144803
-0.234414,-0.144764,0.141526
-0.236389,-0.146007,0.140489
-0.238049,-0.150149,0.138289
-0.237837,-0.152813,0.137214
-0.241380,-0.153353,0.133035
-0.240371,-0.158439,0.133005
-0.243730,-0.158907,0.128814
-0.244491,-0.162388,0.127644
-0.246538,-0.165671,0.126029
-0.246985,-0.169547,0.123500
-0.249607,-0.170475,0.120405
-0.252217,-0.173647,0.115906
-0.253717,-0.175857,0.115939
-0.252836,-0.179280,0.114612
-0.256594,-0.182062,0.111488
-0.254929,-0.184679,0.111336
-0.256732,-0.186213,0.110340
-0.259543,-0.189632,0.107460
-0.262314,-0.191534,0.105395
-0.263704,-0.193647,0.105890
-0.262033,-0.196799,0.100873
-0.264091,-0.199759,0.100853
-0.265686,-0.202988,0.097324
-0.268583,-0.205845,0.095533
-0.268599,-0.210491,0.093183
-0.272135,-0.213036,0.089868
-0.273015,-0.215462,0.085929
-0.274089,-0.221418,0.083541
-0.275343,-0.226440,0.077676
-0.278445,-0.237803,0.070076
0.102492,0.015166,0.263980
0.100229,0.017528,0.265246
0.099536,0.018501,0.267843
0.098820,0.021685,0.268761
0.095400,0.022916,0.270925
0.094625,0.021851,0.269962
0.094099,0.025577,0.272355
0.092703,0.026040,0.273153
0.091196,0.029001,0.275307
0.090075,0.029814,0.276256
0.086721,0.031826,0.278053
0.087740,0.032341,0.277641
0.085729,0.032917,0.279242
0.085450,0.034286,0.279422
0.084923,0.036062,0.279651
0.082075,0.038393,0.280901
0.081577,0.036334,0.282570
0.077865,0.038498,0.282222
0.079220,0.038838,0.284628
0.077586,0.040032,0.284854
0.078615,0.040573,0.284811
0.075934,0.042520,0.285346
0.076694,0.042874,0.288170
0.071476,0.043530,0.286772
0.070951,0.045521,0.287858
0.070129,0.048277,0.289890
0.071084,0.047396,0.291511
0.069128,0.047735,0.290779
0.066765,0.049307,0.292494
0.066365,0.048955,0.292442
0.065067,0.049966,0.291977
0.064144,0.050852,0.291246
0.064160,0.052277,0.293070
0.063744,0.054135,0.293856
0.059582,0.053864,0.294749
0.059970,0.054820,0.295748
0.058207,0.056087,0.295979
0.054039,0.055813,0.296826
0.056517,0.055932,0.296708
0.053728,0.056701,0.297593
0.054547,0.058995,0.298933
0.052970,0.060532,0.298229
0.052394,0.060931,0.301105
0.049349,0.061018,0.299297
0.047822,0.060987,0.302248
0.047428,0.063043,0.302414
0.046124,0.064024,0.302668
0.045504,0.064150,0.300721
0.044532,0.065559,0.304620
0.043726,0.066921,0.303915
0.041704,0.067129,0.304735
0.040077,0.066375,0.306964
0.040979,0.066549,0.307094
0.040229,0.068843,0.306390
0.039730,0.071091,0.306998
0.037733,0.069295,0.306338
0.034816,0.070630,0.308847
0.034160,0.071401,0.306034
0.034542,0.070834,0.308345
0.030072,0.072898,0.310766
0.033231,0.075096,0.308383
0.030165,0.075337,0.310629
0.027811,0.073672,0.311977
0.028091,0.073812,0.310509
0.026316,0.076791,0.311906
0.024564,0.076554,0.310419
0.024936,0.077134,0.312402
0.025657,0.075860,0.312101
0.022889,0.077262,0.314184
0.022217,0.076173,0.312503
0.021199,0.077500,0.314204
0.019234,0.077604,0.313711
0.018509,0.078992,0.314340
0.017297,0.079709,0.315581
0.014179,0.080246,0.315289
0.013692,0.079872,0.317224
0.011618,0.080638,0.315896
0.012121,0.080403,0.315918
0.012015,0.081018,0.315007
0.011463,0.080666,0.316538
0.009977,0.079198,0.314568
0.008650,0.082633,0.314776
0.006533,0.079707,0.315300
0.007590,0.082448,0.315533
0.003380,0.081563,0.317009
0.004831,0.084059,0.315818
0.001521,0.082003,0.315749
0.002690,0.084206,0.316010
0.001295,0.081659,0.316822
-0.000248,0.082733,0.318064
-0.001343,0.082407,0.315681
-0.002910,0.083908,0.318194
-0.004295,0.083757,0.317868
-0.004213,0.084213,0.316587
-0.007190,0.082512,0.317057
-0.007229,0.083910,0.317362
-0.008071,0.083118,0.318648
-0.008401,0.081832,0.319342
-0.009177,0.084327,0.322359
-0.010528,0.084502,0.320217
-0.011351,0.084575,0.319411
-0.010687,0.084222,0.318741
-0.013885,0.084293,0.318602
-0.015858,0.085934,0.320942
-0.016842,0.084435,0.319937
-0.017054,0.084070,0.317984
-0.019293,0.085555,0.320233
-0.017498,0.084484,0.318057
-0.019390,0.085443,0.320415
-0.021186,0.086993,0.320849
-0.024803,0.084729,0.318728
-0.023464,0.086275,0.318763
-0.024140,0.086400,0.319434
-0.024784,0.084729,0.319696
-0.025186,0.086915,0.319316
-0.028268,0.085887,0.321419
-0.026962,0.086330,0.320014
-0.030460,0.087625,0.317233
-0.031285,0.085778,0.317756
-0.031620,0.085463,0.318884
-0.032655,0.084890,0.319331
-0.033024,0.085228,0.319403
-0.034073,0.084535,0.319078
-0.038507,0.083744,0.319051
-0.038270,0.084401,0.318882
-0.037511,0.085181,0.320021
-0.039827,0.086764,0.319649
-0.038346,0.085546,0.317424
-0.039595,0.084738,0.317603
-0.043460,0.086609,0.319234
-0.042969,0.087145,0.318354
-0.043736,0.085954,0.317367
-0.044858,0.085484,0.319461
-0.045367,0.084076,0.319153
-0.047622,0.083885,0.319577
-0.048694,0.084749,0.318200
-0.050061,0.084064,0.318157
-0.050789,0.085252,0.316906
-0.051244,0.085326,0.320760
-0.052845,0.082678,0.316141
-0.053333,0.084566,0.317731
-0.056374,0.083013,0.317512
-0.055253,0.083375,0.317256
-0.058176,0.083218,0.318194
-0.058819,0.084667,0.317695
-0.058445,0.085256,0.316701
-0.059918,0.085565,0.317007
-0.061519,0.084369,0.317590
-0.062230,0.083382,0.316497
-0.062670,0.084304,0.317600
-0.063806,0.082765,0.318295
-0.065163,0.083160,0.317656
-0.066403,0.082927,0.317796
-0.067720,0.084283,0.317714
-0.069508,0.082542,0.318417
-0.069460,0.083334,0.317411
-0.070760,0.084111,0.318274
-0.072822,0.082042,0.317135
-0.073938,0.081484,0.316694
-0.073339,0.081179,0.316808
-0.074734,0.083408,0.316485
-0.075540,0.082225,0.315993
-0.077936,0.081689,0.315229
-0.079235,0.082435,0.316403
-0.079122,0.083477,0.314771
-0.079726,0.082502,0.316384
-0.081763,0.081766,0.316060
-0.081987,0.083339,0.316170
-0.084430,0.083416,0.315858
-0.085171,0.080134,0.316334
-0.087311,0.080113,0.314979
-0.085026,0.083591,0.315208
-0.088346,0.082009,0.314451
-0.089473,0.081507,0.316461
-0.090206,0.080578,0.313978
-0.091719,0.080965,0.314567
-0.092435,0.082196,0.314088
-0.094579,0.080992,0.315176
-0.094526,0.080899,0.314485
-0.096513,0.080798,0.314931
-0.097251,0.079263,0.314843
-0.096982,0.078539,0.314914
-0.098081,0.080570,0.314067
-0.100584,0.079986,0.314394
-0.098271,0.079984,0.313494
-0.101463,0.078855,0.313876
-0.102052,0.078473,0.311768
-0.103246,0.079601,0.314319
-0.103433,0.077952,0.313066
-0.105859,0.079396,0.313990
-0.108048,0.079202,0.313095
-0.109383,0.078720,0.313610
-0.108914,0.078111,0.313439
-0.110643,0.078038,0.313576
-0.110252,0.077388,0.311389
-0.111489,0.078070,0.312669
-0.112548,0.077495,0.311429
-0.114280,0.075253,0.312929
-0.113125,0.077165,0.312316
-0.116736,0.076238,0.312018
-0.118957,0.075033,0.313900
-0.117312,0.075645,0.312244
-0.120247,0.076713,0.310805
-0.120955,0.074598,0.310939
-0.121247,0.072454,0.309900
-0.123315,0.072676,0.313225
-0.124202,0.074842,0.310622
-0.123400,0.074090,0.310818
-0.125191,0.074683,0.308585
-0.125279,0.073390,0.310968
-0.129444,0.072062,0.309154
-0.129717,0.071660,0.311506
-0.131240,0.070658,0.307582
-0.131912,0.070221,0.306551
-0.131401,0.070674,0.306074
-0.131096,0.069286,0.306654
-0.135123,0.069271,0.307252
-0.134436,0.068598,0.306460
-0.136967,0.069691,0.305854
-0.136565,0.068833,0.306883
-0.140381,0.068170,0.305733
-0.140279,0.065349,0.304406
-0.139288,0.065677,0.303356
-0.144063,0.063047,0.302771
-0.144164,0.061563,0.301364
-0.144921,0.062163,0.298698
-0.144923,0.060153,0.300013
-0.147036,0.058095,0.300542
-0.147930,0.055833,0.298580
-0.150766,0.049890,0.290879
-0.150817,0.015065,0.265492
-0.154334,0.012574,0.263280
-0.153884,0.010707,0.260627
-0.154285,0.007816,0.258172
-0.155868,0.005713,0.258513
-0.157991,0.003912,0.255292
-0.158107,0.000413,0.254924
-0.159164,-0.003469,0.251469
-0.160760,-0.005299,0.249362
-0.160377,-0.010956,0.247408
-0.163936,-0.013535,0.244404
-0.165498,-0.018317,0.241057
-0.166178,-0.021969,0.237464
-0.168788,-0.029028,0.232626
-0.167000,-0.033957,0.228524
-0.170147,-0.038333,0.224217
-0.171825,-0.043467,0.220947
-0.171362,-0.047731,0.217663
-0.174485,-0.051847,0.215100
-0.176807,-0.054867,0.212827
-0.176036,-0.059595,0.208419
-0.177526,-0.062026,0.205727
-0.178793,-0.063002,0.203732
-0.179745,-0.065696,0.201951
-0.182431,-0.067974,0.200568
-0.182348,-0.069739,0.199610
-0.183972,-0.073223,0.199168
-0.186264,-0.073080,0.197529
-0.186561,-0.076933,0.196159
-0.185898,-0.078257,0.195490
-0.187720,-0.078791,0.194867
-0.190525,-0.082703,0.192380
-0.189996,-0.081622,0.190895
-0.194446,-0.083070,0.190654
-0.194696,-0.086185,0.190898
-0.196498,-0.086967,0.187122
-0.195270,-0.087895,0.186692
-0.197690,-0.088766,0.186052
-0.197711,-0.090202,0.185397
-0.200023,-0.089762,0.184045
-0.200654,-0.091443,0.182547
-0.202754,-0.093461,0.182433
-0.203836,-0.094655,0.181431
-0.205176,-0.098146,0.179216
-0.206951,-0.096029,0.179877
-0.207303,-0.099928,0.179033
-0.208929,-0.101833,0.177411
-0.208981,-0.101866,0.174655
-0.210618,-0.104724,0.174812
-0.211981,-0.105861,0.170952
-0.214106,-0.108151,0.171521
-0.217484,-0.110151,0.169637
-0.216888,-0.112519,0.167412
-0.216385,-0.113252,0.166519
-0.220284,-0.115973,0.164172
-0.219907,-0.118270,0.165522
-0.220462,-0.119182,0.162066
-0.223051,-0.122300,0.160544
-0.224954,-0.122297,0.157333
-0.226654,-0.125445,0.156067
-0.226555,-0.129154,0.157395
-0.228179,-0.130104,0.156657
-0.231287,-0.134253,0.152611
-0.229584,-0.135810,0.150577
-0.234561,-0.137087,0.148727
-0.235852,-0.140413,0.146676
-0.236297,-0.141547,0.144696
-0.235255,-0.144776,0.142407
-0.236723,-0.146063,0.139420
-0.240569,-0.150686,0.139619
-0.240523,-0.154762,0.137823
-0.244155,-0.157924,0.133070
-0.243511,-0.159027,0.134211
-0.245539,-0.160854,0.130752
-0.246803,-0.163928,0.127685
-0.247396,-0.167390,0.128205
-0.250276,-0.169241,0.122566
-0.248375,-0.173471,0.121239
-0.253273,-0.173049,0.119973
-0.253801,-0.177363,0.117310
-0.253927,-0.180112,0.116767
-0.256291,-0.184244,0.113719
-0.259230,-0.185716,0.113210
-0.258919,-0.188642,0.110698
-0.260527,-0.191888,0.107871
-0.263022,-0.193418,0.106686
-0.264101,-0.193125,0.104570
-0.263684,-0.197100,0.103578
-0.265587,-0.201262,0.099006
-0.269208,-0.203227,0.098083
-0.267951,-0.207524,0.096406
-0.271875,-0.209915,0.093399
-0.273050,-0.214325,0.090686
-0.274345,-0.217847,0.086626
-0.275292,-0.221451,0.084637
-0.276994,-0.227467,0.081283
-0.278685,-0.238692,0.070409
0.103845,0.012073,0.262205
0.100530,0.014781,0.267744
0.097967,0.016439,0.268784
0.096447,0.019096,0.269611
0.097253,0.019808,0.270343
0.096397,0.022470,0.274101
0.093517,0.023026,0.273341
0.092348,0.026558,0.275699
0.091992,0.026145,0.275847
0.089632,0.028026,0.275731
0.089189,0.029707,0.275788
0.088572,0.029722,0.279041
0.084731,0.031887,0.279100
0.084552,0.033194,0.279196
0.085489,0.032061,0.281039
0.082926,0.035328,0.281673
0.081916,0.035943,0.281208
0.080434,0.037327,0.285247
0.079757,0.039423,0.284361
0.077306,0.039191,0.283987
0.077001,0.039400,0.285961
0.077481,0.039860,0.287133
0.073044,0.042678,0.286798
0.072983,0.041308,0.288239
0.071638,0.043653,0.289417
0.072332,0.043843,0.291046
0.069635,0.045010,0.289773
0.067828,0.047318,0.290536
0.068065,0.047849,0.290408
0.065972,0.048528,0.291825
0.065388,0.048944,0.290835
0.065499,0.050272,0.294878
0.064084,0.051117,0.293874
0.060527,0.050700,0.295127
0.059079,0.052846,0.294869
0.059185,0.051854,0.296320
0.058120,0.053238,0.294009
0.057016,0.053665,0.297262
0.056185,0.055699,0.297084
0.055296,0.056998,0.298689
0.053721,0.056650,0.298030
0.052847,0.058747,0.298049
0.050811,0.059375,0.298415
0.052278,0.058687,0.299334
0.048569,0.060025,0.301492
0.048351,0.059858,0.302353
0.044769,0.063254,0.303070
0.045638,0.063178,0.301340
0.046379,0.062767,0.301918
0.042661,0.063561,0.304424
0.040894,0.064085,0.304299
0.041446,0.064028,0.303926
0.040544,0.065786,0.304263
0.039201,0.066729,0.303783
0.038545,0.066379,0.305788
0.037232,0.069028,0.307344
0.036881,0.067815,0.307061
0.034768,0.069322,0.309256
0.033237,0.070005,0.308032
0.032016,0.072060,0.309927
0.033799,0.071096,0.309112
0.030495,0.071281,0.312450
0.029578,0.072143,0.309933
0.026982,0.073300,0.309927
0.026766,0.071660,0.313354
0.026548,0.074883,0.311094
0.023687,0.074047,0.312213
0.023284,0.073732,0.313113
0.021516,0.073658,0.311930
0.021077,0.077303,0.312523
0.021116,0.076053,0.314602
0.020842,0.075928,0.313721
0.019137,0.075843,0.313938
0.017224,0.077593,0.313325
0.016761,0.077914,0.314430
0.015123,0.078543,0.313505
0.013922,0.077620,0.314117
0.013859,0.080034,0.316478
0.011935,0.077433,0.314441
0.010195,0.078242,0.316972
0.008499,0.079767,0.314402
0.008947,0.081624,0.316138
0.008405,0.081155,0.316342
0.005703,0.080861,0.316581
0.006009,0.079907,0.316559
0.005659,0.079023,0.316697
0.003187,0.078556,0.316181
0.001820,0.081130,0.318431
0.000110,0.080961,0.316910
-0.000740,0.080252,0.317452
-0.001362,0.080366,0.317893
-0.003876,0.081047,0.317258
-0.003099,0.080850,0.317397
-0.003117,0.082155,0.318041
-0.005379,0.082136,0.315655
-0.007852,0.084714,0.315976
-0.009155,0.082490,0.316796
-0.008615,0.082629,0.317396
-0.011027,0.081978,0.319003
-0.012370,0.083299,0.318405
-0.011698,0.084835,0.317854
-0.011925,0.084838,0.317429
-0.013266,0.082942,0.318852
-0.016181,0.084380,0.319428
-0.015949,0.083756,0.317919
-0.016396,0.083453,0.318857
-0.016454,0.083561,0.318681
-0.020169,0.085388,0.320798
-0.022354,0.083275,0.318546
-0.020974,0.084040,0.319594
-0.022225,0.083868,0.318540
-0.023199,0.085479,0.319506
-0.023946,0.084640,0.318521
-0.025325,0.084008,0.319744
-0.027497,0.083455,0.318196
-0.027012,0.084782,0.320089
-0.028545,0.086109,0.320035
-0.029025,0.085328,0.320868
-0.029723,0.085336,0.318782
-0.030849,0.084398,0.319019
-0.032983,0.082890,0.319084
-0.034376,0.083419,0.319056
-0.034821,0.083096,0.319534
-0.034904,0.083278,0.319292
-0.036740,0.082912,0.319811
-0.038259,0.085172,0.319194
-0.039776,0.082834,0.319704
-0.039635,0.083384,0.319562
-0.041126,0.085220,0.319709
-0.039875,0.083549,0.319674
-0.043525,0.086665,0.318528
-0.045732,0.083522,0.318058
-0.046625,0.082035,0.319224
-0.045932,0.083083,0.319295
-0.047732,0.083053,0.317139
-0.049492,0.083487,0.318642
-0.048773,0.083762,0.318449
-0.049499,0.082479,0.318586
-0.052123,0.084529,0.317181
-0.053714,0.083292,0.318781
-0.053861,0.082468,0.316616
-0.056082,0.085024,0.319585
-0.055157,0.084408,0.319591
-0.056260,0.083063,0.316590
-0.059533,0.081189,0.318657
-0.060854,0.080902,0.316786
-0.059032,0.083197,0.316999
-0.060738,0.081261,0.316579
-0.063108,0.081717,0.318202
-0.064227,0.081475,0.317972
-0.063394,0.083306,0.319251
-0.066276,0.080594,0.318307
-0.069198,0.081533,0.317463
-0.066703,0.080691,0.316904
-0.068629,0.082611,0.317444
-0.069627,0.080304,0.317631
-0.071698,0.081069,0.318521
-0.071801,0.081856,0.318118
-0.072721,0.080922,0.316411
-0.075591,0.080676,0.318613
-0.073896,0.080892,0.318569
-0.075942,0.081429,0.316723
-0.077375,0.080485,0.318181
-0.078360,0.082183,0.317043
-0.079725,0.080927,0.316955
-0.081124,0.080186,0.317518
-0.080877,0.082082,0.316474
-0.081038,0.079327,0.315604
-0.082314,0.081428,0.316505
-0.085488,0.082444,0.318235
-0.085930,0.080412,0.316519
-0.087564,0.081204,0.315178
-0.088382,0.079548,0.315845
-0.089088,0.079781,0.317444
-0.090588,0.079283,0.316328
-0.091759,0.080089,0.315467
-0.091789,0.077780,0.316182
-0.093476,0.079722,0.314486
-0.095367,0.077786,0.314962
-0.094893,0.080100,0.314140
-0.096980,0.079113,0.314796
-0.098947,0.080024,0.315587
-0.097430,0.079177,0.314453
-0.100023,0.078095,0.314385
-0.099219,0.078090,0.314333
-0.100994,0.079239,0.315806
-0.101256,0.078399,0.315808
-0.102846,0.076002,0.313628
-0.103382,0.076995,0.315939
-0.106541,0.076745,0.314983
-0.107157,0.076376,0.315500
-0.107798,0.076344,0.315478
-0.108588,0.077478,0.314201
-0.109214,0.077567,0.314101
-0.112174,0.075619,0.312541
-0.112112,0.076495,0.313448
-0.113831,0.076985,0.313714
-0.113347,0.075775,0.313094
-0.114193,0.074827,0.310071
-0.116800,0.075212,0.311445
-0.117676,0.074392,0.312735
-0.117557,0.074312,0.311996
-0.121222,0.073898,0.312641
-0.120746,0.074025,0.310925
-0.123376,0.073212,0.311048
-0.121265,0.070440,0.312918
-0.123940,0.072169,0.312026
-0.124063,0.072440,0.311167
-0.126358,0.072197,0.310122
-0.127653,0.071172,0.310918
-0.127855,0.071323,0.309123
-0.128617,0.070503,0.308472
-0.130035,0.069546,0.310663
-0.131179,0.071796,0.308813
-0.131593,0.067301,0.309297
-0.132215,0.068430,0.308472
-0.133317,0.067780,0.308993
-0.136290,0.066581,0.307873
-0.137116,0.068470,0.307918
-0.138194,0.067556,0.306445
-0.138772,0.067084,0.304201
-0.141224,0.065615,0.303738
-0.140497,0.061974,0.304481
-0.143562,0.063021,0.302582
-0.143895,0.064162,0.301003
-0.144752,0.059615,0.301908
-0.144466,0.059817,0.300751
-0.147001,0.054904,0.297068
-0.149048,0.053574,0.299669
-0.151233,0.049334,0.292007
-0.152165,0.011461,0.264927
-0.153134,0.009878,0.264449
-0.155471,0.008564,0.261140
-0.152781,0.006594,0.260303
-0.155978,0.003499,0.258687
-0.157038,0.001516,0.255695
-0.157474,-0.000822,0.253608
-0.160838,-0.001783,0.251881
-0.161080,-0.005743,0.249192
-0.162368,-0.012147,0.245107
-0.163555,-0.015040,0.241604
-0.166360,-0.019916,0.242597
-0.165913,-0.023280,0.235757
-0.168524,-0.028098,0.235909
-0.168408,-0.031383,0.230592
-0.169626,-0.037850,0.227021
-0.171516,-0.041268,0.222874
-0.172760,-0.046201,0.219187
-0.174811,-0.052250,0.215890
-0.176177,-0.054780,0.213200
-0.177076,-0.058598,0.211449
-0.178014,-0.061698,0.208666
-0.179566,-0.061327,0.207224
-0.180825,-0.066199,0.203904
-0.181867,-0.068676,0.203544
-0.183049,-0.070606,0.202421
-0.184088,-0.072396,0.202068
-0.184229,-0.073250,0.198730
-0.187506,-0.074630,0.198260
-0.188733,-0.076590,0.196369
-0.188532,-0.078407,0.196957
-0.191795,-0.078779,0.194477
-0.191119,-0.080978,0.194250
-0.193035,-0.082876,0.191128
-0.194610,-0.084426,0.192326
-0.196609,-0.085856,0.189746
-0.196845,-0.086518,0.189847
-0.196482,-0.089301,0.188006
-0.198211,-0.089357,0.184190
-0.200062,-0.092264,0.186835
-0.201440,-0.091205,0.184891
-0.202370,-0.092586,0.185759
-0.203980,-0.095778,0.182432
-0.203948,-0.096673,0.181564
-0.206079,-0.097300,0.181877
-0.206595,-0.100146,0.178251
-0.208966,-0.102055,0.176997
-0.210138,-0.103125,0.176281
-0.211503,-0.103822,0.175069
-0.212448,-0.104580,0.176110
-0.214340,-0.109494,0.174605
-0.215464,-0.108723,0.170810
-0.216005,-0.111597,0.171723
-0.217425,-0.113197,0.166957
-0.220873,-0.115258,0.168141
-0.220109,-0.118925,0.165515
-0.223380,-0.119933,0.164776
-0.223376,-0.122921,0.164243
-0.225287,-0.123636,0.163732
-0.223917,-0.124346,0.162576
-0.227286,-0.126183,0.160909
-0.228050,-0.127818,0.157377
-0.230140,-0.130593,0.154567
-0.231621,-0.134148,0.154378
-0.232178,-0.136402,0.151934
-0.234112,-0.137774,0.149370
-0.234291,-0.140699,0.147515
-0.235914,-0.143797,0.148905
-0.238953,-0.146967,0.144823
-0.241264,-0.149293,0.141905
-0.241121,-0.152651,0.140135
-0.241638,-0.155145,0.135950
-0.243460,-0.157246,0.136805
-0.247946,-0.160046,0.132437
-0.244769,-0.163948,0.130254
-0.246411,-0.166169,0.129633
-0.248370,-0.168031,0.127982
-0.251871,-0.170226,0.126318
-0.249061,-0.171352,0.122268
-0.252717,-0.177882,0.118038
-0.254918,-0.180258,0.117641
-0.256364,-0.180611,0.116483
-0.257636,-0.183491,0.115892
-0.258688,-0.185611,0.113840
-0.261718,-0.188457,0.109616
-0.263071,-0.193328,0.109334
-0.262819,-0.194403,0.107420
-0.266301,-0.196490,0.104817
-0.266448,-0.197833,0.103847
-0.268863,-0.201696,0.103481
-0.269191,-0.206004,0.099180
-0.270857,-0.208727,0.096001
-0.272587,-0.211205,0.091583
-0.273929,-0.214023,0.092274
-0.275968,-0.219371,0.086683
-0.274827,-0.222874,0.086370
-0.278828,-0.227942,0.081178
-0.281233,-0.239472,0.073009
0.099784,0.013826,0.267346
0.100842,0.015656,0.270218
0.097259,0.018325,0.270900
0.094343,0.018679,0.271179
0.095764,0.020192,0.273390
0.094151,0.021965,0.274372
0.092321,0.022974,0.274463
0.091273,0.023595,0.275244
0.088822,0.024606,0.276102
0.089354,0.026683,0.277433
0.088347,0.028692,0.277561
0.087096,0.029714,0.278790
0.087341,0.033155,0.280148
0.083559,0.031328,0.277143
0.083178,0.034574,0.282550
0.080294,0.034277,0.281823
0.083287,0.036855,0.283023
0.078395,0.036564,0.284358
0.076940,0.035977,0.285018
0.076678,0.038277,0.285216
0.073907,0.039519,0.287681
0.075917,0.039437,0.285770
0.074901,0.039635,0.288657
0.072745,0.040213,0.289620
0.070739,0.043446,0.288263
0.071272,0.044961,0.291244
0.069155,0.044742,0.290347
0.067467,0.045456,0.291264
0.066025,0.048104,0.292522
0.064643,0.048490,0.293631
0.063255,0.048397,0.294423
0.064188,0.050482,0.293877
0.061909,0.048959,0.294775
0.060652,0.050860,0.295247
0.058190,0.051847,0.295218
0.058717,0.053279,0.296379
0.057616,0.054035,0.296737
0.057730,0.053725,0.299969
0.055003,0.056645,0.297412
0.053613,0.054303,0.299494
0.052672,0.057927,0.300581
0.052755,0.055491,0.300686
0.051676,0.058153,0.299729
0.048748,0.057181,0.300873
0.049073,0.057368,0.303308
0.047136,0.058021,0.301393
0.045726,0.060049,0.301604
0.044041,0.062079,0.303753
0.042683,0.061863,0.305126
0.042470,0.062908,0.304138
0.042152,0.063534,0.304832
0.041955,0.063960,0.303920
0.040118,0.064254,0.304686
0.039070,0.064682,0.306738
0.037287,0.065344,0.306186
0.035487,0.069064,0.307047
0.036429,0.067921,0.307390
0.032646,0.067525,0.308608
0.033438,0.068244,0.309181
0.032204,0.068166,0.308327
0.028429,0.069115,0.310867
0.029698,0.072261,0.310330
0.029538,0.070547,0.312777
0.024887,0.071486,0.312198
0.025280,0.071814,0.312292
0.024443,0.072712,0.311842
0.023523,0.072228,0.314396
0.022382,0.073298,0.313177
0.021555,0.071902,0.314667
0.020382,0.074362,0.312714
0.020225,0.074340,0.313699
0.019368,0.076149,0.313489
0.017137,0.075649,0.313160
0.013313,0.075956,0.314193
0.015825,0.075999,0.313447
0.014676,0.077326,0.314181
0.013621,0.077469,0.315323
0.012361,0.076424,0.314687
0.010714,0.078105,0.316773
0.009124,0.077825,0.315767
0.007739,0.078293,0.316160
0.008125,0.078329,0.315646
0.007019,0.077816,0.316817
0.005987,0.078428,0.317273
0.005497,0.077138,0.317719
0.003167,0.077139,0.316178
0.002353,0.078332,0.316498
0.001559,0.077719,0.315692
-0.000070,0.079323,0.316264
0.000412,0.080706,0.316877
-0.004040,0.081341,0.316716
-0.003875,0.080221,0.316164
-0.005521,0.079720,0.317395
-0.005622,0.079596,0.317884
-0.005607,0.080850,0.317865
-0.006292,0.081144,0.317504
-0.009406,0.081572,0.318344
-0.009252,0.080447,0.319498
-0.009522,0.081961,0.317585
-0.011863,0.079032,0.318186
-0.013389,0.081888,0.319792
-0.015232,0.081138,0.317029
-0.013929,0.082494,0.320099
-0.016416,0.080782,0.318152
-0.017598,0.084473,0.318911
-0.018700,0.082292,0.318842
-0.018986,0.083216,0.319571
-0.019570,0.080761,0.319930
-0.020363,0.080132,0.318838
-0.022232,0.082398,0.320115
-0.022155,0.083182,0.320516
-0.024730,0.082460,0.316940
-0.024405,0.080598,0.319367
-0.028486,0.083183,0.319922
-0.027372,0.082439,0.320235
-0.029291,0.084037,0.319583
-0.031047,0.084055,0.319265
-0.030605,0.083588,0.319111
-0.031142,0.083797,0.318863
-0.033172,0.083311,0.320039
-0.033536,0.082161,0.319387
-0.033984,0.083408,0.321027
-0.037081,0.082589,0.321572
-0.038369,0.083333,0.321043
-0.039282,0.082789,0.319988
-0.039043,0.083661,0.317874
-0.038685,0.081746,0.320553
-0.041552,0.081462,0.320642
-0.042191,0.080861,0.319646
-0.045249,0.082213,0.317233
-0.044186,0.081593,0.318305
-0.047266,0.083030,0.319262
-0.045055,0.083339,0.319787
-0.047558,0.082994,0.318669
-0.049144,0.080691,0.316196
-0.050198,0.081430,0.319431
-0.049877,0.082718,0.318037
-0.052179,0.082165,0.318850
-0.052937,0.082766,0.319026
-0.054889,0.080419,0.320757
-0.057351,0.080614,0.318250
-0.056945,0.081066,0.317535
-0.056092,0.083058,0.320191
-0.057544,0.080232,0.317497
-0.059611,0.080018,0.319575
-0.061694,0.081872,0.319441
-0.061899,0.080981,0.319214
-0.061621,0.081104,0.319647
-0.061629,0.081043,0.316366
-0.064113,0.081132,0.317710
-0.065183,0.078249,0.316993
-0.065674,0.080801,0.317391
-0.069180,0.080164,0.317270
-0.068382,0.079629,0.318415
-0.070704,0.080347,0.317694
-0.069438,0.080673,0.318189
-0.071572,0.080807,0.318458
-0.073189,0.081228,0.319633
-0.074136,0.077981,0.317926
-0.075335,0.080540,0.317861
-0.076283,0.080785,0.319371
-0.076736,0.080359,0.317810
-0.077564,0.078700,0.316729
-0.079588,0.081467,0.318114
-0.080201,0.079480,0.318350
-0.079993,0.080731,0.317660
-0.082460,0.078556,0.317241
-0.082692,0.078793,0.317932
-0.083966,0.080441,0.316677
-0.085014,0.078387,0.317047
-0.087407,0.078300,0.316433
-0.088004,0.079175,0.315365
-0.089296,0.078962,0.317708
-0.088991,0.078343,0.316631
-0.090689,0.079693,0.315960
-0.090668,0.077531,0.317793
-0.092055,0.078887,0.317499
-0.094180,0.078207,0.316604
-0.096464,0.078687,0.316094
-0.096320,0.078237,0.316247
-0.098397,0.077682,0.315931
-0.096713,0.077348,0.315434
-0.098828,0.075355,0.316261
-0.100997,0.076994,0.316973
-0.101210,0.076129,0.314787
-0.103453,0.077863,0.315573
-0.103111,0.076319,0.314747
-0.104587,0.076040,0.315001
-0.104508,0.076137,0.314815
-0.108060,0.077220,0.316907
-0.108571,0.078100,0.315048
-0.108796,0.076239,0.313058
-0.110969,0.075303,0.314031
-0.111549,0.075276,0.316018
-0.113263,0.076240,0.313575
-0.111372,0.075586,0.314846
-0.112784,0.073321,0.315422
-0.115628,0.074186,0.313307
-0.116345,0.074689,0.313575
-0.116384,0.074867,0.313448
-0.119104,0.072757,0.313565
-0.121146,0.072181,0.314216
-0.121435,0.071762,0.311765
-0.121791,0.071545,0.312505
-0.125206,0.071440,0.311454
-0.124981,0.073994,0.310857
-0.126203,0.069806,0.311636
-0.127028,0.071253,0.311592
-0.127672,0.069968,0.310843
-0.127666,0.070591,0.310965
-0.130975,0.071533,0.311816
-0.130533,0.069856,0.307767
-0.130529,0.069730,0.307598
-0.131654,0.067811,0.308042
-0.133688,0.066740,0.308728
-0.135349,0.066296,0.307949
-0.136744,0.067015,0.306980
-0.135850,0.066040,0.306798
-0.137380,0.064536,0.306596
-0.139070,0.064986,0.307367
-0.138336,0.062509,0.304396
-0.141897,0.063158,0.304604
-0.142544,0.062194,0.301481
-0.143881,0.057693,0.301254
-0.144283,0.057090,0.301238
-0.144730,0.059321,0.300453
-0.147244,0.055393,0.298093
-0.147688,0.053833,0.297790
-0.148052,0.048582,0.292276
-0.151422,0.011579,0.264541
-0.152331,0.009442,0.263370
-0.152938,0.007007,0.260930
-0.155830,0.002009,0.259670
-0.155056,0.001202,0.259573
-0.157546,-0.000471,0.255715
-0.160079,-0.003601,0.256137
-0.158337,-0.007063,0.253458
-0.159330,-0.008389,0.249268
-0.162692,-0.013284,0.247858
-0.162677,-0.017022,0.244644
-0.163351,-0.019408,0.240789
-0.165928,-0.023408,0.238762
-0.167908,-0.029142,0.234191
-0.169140,-0.036424,0.231760
-0.170847,-0.036818,0.229547
-0.173100,-0.044019,0.225135
-0.171761,-0.047366,0.221921
-0.173929,-0.049467,0.219358
-0.176827,-0.054131,0.214760
-0.175538,-0.059049,0.213510
-0.178695,-0.061646,0.208866
-0.179504,-0.063105,0.208477
-0.181559,-0.065681,0.208321
-0.181496,-0.066171,0.207434
-0.183036,-0.073564,0.204312
-0.184182,-0.072757,0.201935
-0.186057,-0.074587,0.202088
-0.187329,-0.074117,0.198366
-0.187660,-0.075372,0.199179
-0.189849,-0.078862,0.198264
-0.190084,-0.078395,0.195523
-0.190069,-0.082901,0.194012
-0.193680,-0.081257,0.195626
-0.193386,-0.083468,0.192186
-0.195835,-0.085730,0.192901
-0.196980,-0.087874,0.190297
-0.198147,-0.087959,0.189613
-0.199145,-0.088678,0.190245
-0.201765,-0.091565,0.185352
-0.201322,-0.092459,0.186021
-0.201610,-0.093179,0.186812
-0.204158,-0.095971,0.185529
-0.205207,-0.095367,0.182503
-0.206391,-0.098012,0.180081
-0.207953,-0.099718,0.179220
-0.209353,-0.102488,0.180850
-0.209542,-0.102132,0.178065
-0.212737,-0.103700,0.176144
-0.212726,-0.105201,0.174776
-0.212233,-0.107427,0.173831
-0.214974,-0.109089,0.174096
-0.214864,-0.110886,0.173058
-0.217797,-0.112839,0.171389
-0.218395,-0.115203,0.169824
-0.221046,-0.118666,0.168624
-0.222348,-0.117672,0.167228
-0.221985,-0.120725,0.164545
-0.224302,-0.124142,0.163297
-0.226061,-0.124412,0.161260
-0.227603,-0.127522,0.159161
-0.229345,-0.128489,0.160258
-0.229841,-0.131772,0.157477
-0.231884,-0.132410,0.157039
-0.232032,-0.133659,0.154249
-0.233262,-0.136673,0.152332
-0.236308,-0.138018,0.149566
-0.236011,-0.142256,0.150104
-0.237089,-0.144023,0.148206
-0.239969,-0.148819,0.144889
-0.240193,-0.150609,0.141553
-0.241413,-0.154476,0.139034
-0.242560,-0.159186,0.138559
-0.244971,-0.157790,0.136809
-0.246129,-0.160432,0.134771
-0.247465,-0.164157,0.133024
-0.249724,-0.166581,0.130686
-0.249895,-0.168670,0.128164
-0.251471,-0.171265,0.125073
-0.252272,-0.176626,0.123756
-0.254963,-0.177555,0.119067
-0.255897,-0.180493,0.120126
-0.255832,-0.183679,0.118926
-0.259865,-0.184589,0.114026
-0.260390,-0.188001,0.116488
-0.261971,-0.190328,0.112003
-0.263731,-0.192633,0.109505
-0.264168,-0.195316,0.107623
-0.264283,-0.199472,0.106639
-0.268888,-0.202088,0.104632
-0.270127,-0.202578,0.100582
-0.270157,-0.206392,0.100692
-0.273570,-0.209577,0.097161
-0.273518,-0.211712,0.094849
-0.275944,-0.216738,0.092960
-0.276799,-0.219244,0.089375
-0.277830,-0.223091,0.085020
-0.280583,-0.229689,0.082295
-0.283207,-0.240933,0.075242
0.099577,0.010494,0.267078
0.100134,0.013437,0.270100
0.097603,0.016510,0.270262
0.094974,0.015555,0.271414
0.093918,0.020308,0.272195
0.093522,0.019619,0.272327
0.093204,0.021869,0.275147
0.090043,0.021884,0.276071
0.091190,0.024649,0.276148
0.088342,0.024783,0.278067
0.088747,0.026149,0.279711
0.085620,0.026447,0.279353
0.085850,0.030389,0.280566
0.085085,0.030869,0.282236
0.082806,0.033368,0.282275
0.080892,0.030888,0.283138
0.081601,0.033536,0.282568
0.080581,0.034839,0.286303
0.079976,0.038082,0.286053
0.077636,0.037394,0.285910
0.077306,0.039231,0.286012
0.074836,0.038992,0.286699
0.073465,0.039144,0.288955
0.073691,0.039589,0.290006
0.072007,0.039952,0.287824
0.068657,0.042095,0.290950
0.071219,0.044089,0.292441
0.066761,0.043837,0.290567
0.066839,0.044908,0.293785
0.066817,0.045640,0.291857
0.066167,0.047525,0.294886
0.063463,0.047147,0.296136
0.062835,0.048425,0.295047
0.060639,0.049405,0.294081
0.059227,0.050948,0.298174
0.058827,0.051075,0.294867
0.057469,0.052384,0.298712
0.056916,0.052308,0.297917
0.056206,0.052402,0.296922
0.052774,0.052402,0.298860
0.053166,0.055613,0.301800
0.050412,0.053942,0.297957
0.051574,0.055999,0.299817
0.047929,0.055920,0.302908
0.049556,0.054691,0.301481
0.045545,0.057620,0.301429
0.049088,0.058910,0.302622
0.045166,0.060084,0.304239
0.041716,0.058963,0.302651
0.042147,0.061778,0.304548
0.042169,0.060536,0.303599
0.040967,0.061220,0.304710
0.039306,0.061681,0.305275
0.037762,0.063911,0.307469
0.037307,0.061986,0.307165
0.034854,0.061933,0.307332
0.034326,0.063439,0.307367
0.033523,0.066788,0.309192
0.033609,0.067979,0.308834
0.030341,0.066992,0.309254
0.031419,0.068358,0.309136
0.029190,0.068155,0.311639
0.026538,0.070456,0.309114
0.026165,0.068989,0.310827
0.026996,0.070454,0.313075
0.026306,0.071145,0.313863
0.023743,0.070240,0.312894
0.022503,0.071906,0.312611
0.021957,0.072065,0.312746
0.020994,0.071323,0.312176
0.018199,0.072632,0.312478
0.019615,0.073089,0.313459
0.017923,0.072748,0.316447
0.016960,0.072410,0.315866
0.014913,0.075507,0.314167
0.012866,0.072985,0.315001
0.010450,0.075342,0.315987
0.010745,0.076146,0.315504
0.011860,0.074901,0.317095
0.010186,0.076428,0.316462
0.008342,0.075796,0.316033
0.007698,0.075533,0.317297
0.008248,0.076424,0.317137
0.005970,0.076745,0.316771
0.003745,0.076718,0.315319
0.001161,0.077369,0.316578
0.002540,0.077263,0.316014
0.000422,0.076368,0.317151
0.000130,0.076225,0.314644
-0.000916,0.076818,0.317031
-0.001834,0.078635,0.317417
-0.004537,0.078599,0.317495
-0.004107,0.076637,0.317563
-0.004322,0.078247,0.317383
-0.005845,0.078041,0.317744
-0.007363,0.078638,0.319704
-0.006898,0.077297,0.318170
-0.010238,0.078655,0.317797
-0.011066,0.079302,0.319361
-0.010592,0.078963,0.320638
-0.012952,0.080898,0.318531
-0.014247,0.078069,0.320371
-0.015228,0.081457,0.318890
-0.014763,0.078811,0.319551
-0.017381,0.080488,0.319752
-0.018629,0.080748,0.318036
-0.018756,0.079271,0.318726
-0.020982,0.078885,0.319892
-0.020944,0.081152,0.319533
-0.020929,0.077321,0.317928
-0.022704,0.080556,0.319905
-0.024267,0.081964,0.319252
-0.024372,0.082041,0.320212
-0.025454,0.082007,0.318679
-0.026655,0.081698,0.318003
-0.027612,0.081403,0.321295
-0.031083,0.080536,0.321771
-0.032284,0.081601,0.320433
-0.032743,0.081016,0.319111
-0.033558,0.079599,0.319330
-0.035055,0.082108,0.322530
-0.035325,0.078889,0.320539
-0.036167,0.078745,0.320000
-0.036891,0.081068,0.320844
-0.037431,0.081288,0.319768
-0.038873,0.078795,0.319196
-0.040693,0.082226,0.319840
-0.043311,0.079969,0.318641
-0.042348,0.078914,0.320288
-0.043619,0.082229,0.319756
-0.044445,0.079544,0.317877
-0.043330,0.080672,0.319120
-0.046795,0.079700,0.318278
-0.048864,0.079978,0.320711
-0.051087,0.080997,0.318556
-0.049794,0.080417,0.319594
-0.051164,0.078448,0.317712
-0.052099,0.079783,0.319121
-0.053028,0.080302,0.320135
-0.055620,0.080354,0.320322
-0.055173,0.079497,0.319192
-0.056486,0.079790,0.320213
-0.056997,0.078381,0.319754
-0.057710,0.080167,0.319205
-0.058990,0.079644,0.318360
-0.060696,0.080421,0.318588
-0.062411,0.079248,0.318582
-0.062159,0.079751,0.318750
-0.064340,0.080256,0.317677
-0.066257,0.078340,0.319971
-0.064648,0.078765,0.318276
-0.066203,0.079920,0.319568
-0.067937,0.078880,0.319090
-0.069296,0.079328,0.319383
-0.069385,0.076692,0.319253
-0.070383,0.079190,0.316916
-0.071480,0.079930,0.319023
-0.073576,0.080503,0.321123
-0.074132,0.078086,0.317848
-0.075431,0.079454,0.320049
-0.076361,0.078817,0.319732
-0.078000,0.078953,0.319516
-0.078666,0.078277,0.318815
-0.079974,0.078796,0.317081
-0.079482,0.077788,0.318448
-0.081977,0.078542,0.318110
-0.082444,0.078435,0.318974
-0.084686,0.078864,0.316850
-0.085820,0.079132,0.315625
-0.086012,0.076895,0.316937
-0.089278,0.078141,0.318472
-0.086445,0.076936,0.316802
-0.087004,0.078575,0.315730
-0.090350,0.078812,0.315686
-0.090061,0.076756,0.316881
-0.092668,0.075580,0.317932
-0.094130,0.077694,0.317993
-0.093957,0.076168,0.315887
-0.094275,0.076343,0.316234
-0.094901,0.076632,0.315948
-0.098126,0.076875,0.315909
-0.099052,0.077286,0.316969
-0.099212,0.077510,0.317727
-0.099971,0.077822,0.315930
-0.102905,0.075298,0.318899
-0.100981,0.076765,0.316719
-0.101504,0.073010,0.318673
-0.105106,0.074260,0.315777
-0.107083,0.075342,0.316074
-0.107753,0.074151,0.315044
-0.108126,0.073845,0.316458
-0.110658,0.074422,0.317522
-0.108913,0.074760,0.314958
-0.109870,0.075641,0.317503
-0.111372,0.074147,0.314817
-0.113964,0.073423,0.313614
-0.114362,0.074478,0.314278
-0.114318,0.073417,0.314110
-0.116567,0.071455,0.313287
-0.119632,0.072202,0.312868
-0.118717,0.073069,0.312590
-0.118114,0.072037,0.312675
-0.120957,0.071951,0.311811
-0.122515,0.072203,0.311619
-0.121763,0.070836,0.312840
-0.122949,0.070410,0.311357
-0.125421,0.069826,0.312115
-0.123706,0.069052,0.311992
-0.126837,0.066170,0.311278
-0.127392,0.069586,0.310623
-0.129682,0.068282,0.311652
-0.130671,0.068328,0.309480
-0.130530,0.068405,0.309587
-0.133236,0.065100,0.309728
-0.134339,0.066585,0.310457
-0.135704,0.066848,0.308591
-0.134670,0.065852,0.306993
-0.134450,0.064926,0.308037
-0.138281,0.063813,0.308235
-0.139804,0.063191,0.306958
-0.138667,0.061585,0.306286
-0.142778,0.060914,0.303062
-0.141916,0.060934,0.302112
-0.141981,0.058743,0.303901
-0.144059,0.057773,0.302408
-0.145573,0.056159,0.299653
-0.145165,0.054284,0.299052
-0.147996,0.050812,0.299615
-0.149526,0.046795,0.294919
-0.150910,0.009654,0.267779
-0.153940,0.006917,0.264682
-0.154567,0.006044,0.260685
-0.154051,0.003337,0.263146
-0.157511,0.000761,0.257579
-0.157377,-0.001941,0.257042
-0.158577,-0.004361,0.255768
-0.158700,-0.006557,0.252371
-0.160714,-0.008522,0.251712
-0.162880,-0.012614,0.250828
-0.163755,-0.018105,0.246388
-0.165206,-0.020711,0.240480
-0.167587,-0.026870,0.238431
-0.166686,-0.030379,0.233222
-0.167069,-0.035410,0.233149
-0.169892,-0.038113,0.228786
-0.169993,-0.041831,0.225897
-0.172479,-0.047408,0.223600
-0.173249,-0.050023,0.221452
-0.173622,-0.054109,0.218934
-0.176177,-0.059311,0.215339
-0.179593,-0.059416,0.209697
-0.179400,-0.062338,0.209460
-0.178742,-0.064036,0.208592
-0.181485,-0.069841,0.206350
-0.183437,-0.070523,0.203213
-0.184673,-0.071178,0.204022
-0.184829,-0.072647,0.203206
-0.184986,-0.075218,0.202445
-0.186684,-0.076461,0.201443
-0.190426,-0.078623,0.199265
-0.190564,-0.078728,0.199536
-0.192069,-0.080388,0.195596
-0.192518,-0.082629,0.195719
-0.193367,-0.083761,0.194673
-0.195429,-0.085800,0.193162
-0.195693,-0.086276,0.193696
-0.198093,-0.088556,0.192519
-0.197462,-0.090664,0.190226
-0.202350,-0.090208,0.190381
-0.199571,-0.091992,0.187186
-0.203287,-0.093403,0.185213
-0.204061,-0.094691,0.186354
-0.204724,-0.096701,0.184696
-0.205630,-0.098282,0.184795
-0.206913,-0.100158,0.182503
-0.207808,-0.102473,0.180419
-0.209603,-0.103232,0.180651
-0.211679,-0.104399,0.178896
-0.211580,-0.106372,0.178334
-0.214195,-0.105578,0.175807
-0.216867,-0.108946,0.174218
-0.216704,-0.110626,0.173401
-0.218306,-0.113381,0.173838
-0.221174,-0.115811,0.170248
-0.221127,-0.116084,0.171573
-0.221728,-0.117343,0.166114
-0.224444,-0.120503,0.166723
-0.225770,-0.122590,0.164287
-0.226089,-0.125630,0.163027
-0.226749,-0.124431,0.162330
-0.228574,-0.127215,0.162942
-0.230835,-0.130871,0.161296
-0.228551,-0.132836,0.158605
-0.232012,-0.134379,0.157514
-0.231089,-0.135989,0.155338
-0.236901,-0.138342,0.154134
-0.236369,-0.141158,0.152196
-0.238178,-0.145129,0.148863
-0.238996,-0.145327,0.149160
-0.241110,-0.150444,0.146573
-0.243269,-0.151495,0.143388
-0.243768,-0.155903,0.141561
-0.243582,-0.155986,0.138534
-0.246332,-0.160116,0.135491
-0.247611,-0.161680,0.133985
-0.247822,-0.165164,0.132826
-0.250040,-0.168225,0.131393
-0.252917,-0.171827,0.127696
-0.253679,-0.173591,0.127502
-0.254872,-0.175702,0.124565
-0.256623,-0.179622,0.122229
-0.257052,-0.181876,0.120805
-0.258081,-0.183499,0.119745
-0.261067,-0.185263,0.117897
-0.262437,-0.186928,0.114045
-0.264037,-0.194993,0.112553
-0.263928,-0.192215,0.110716
-0.265785,-0.196695,0.108922
-0.268042,-0.199619,0.104946
-0.268380,-0.202130,0.104090
-0.269355,-0.205999,0.103580
-0.271765,-0.206735,0.101336
-0.273503,-0.210366,0.098690
-0.276720,-0.212993,0.096000
-0.275984,-0.218478,0.090646
-0.278758,-0.222710,0.090294
-0.279728,-0.225099,0.086044
-0.281776,-0.231721,0.082269
-0.283409,-0.240426,0.076726
0.100276,0.006752,0.265107
0.099473,0.010599,0.266501
0.095576,0.014614,0.272326
0.096639,0.013689,0.271406
0.094002,0.016714,0.273619
0.093336,0.019164,0.274765
0.091447,0.019623,0.274843
0.091072,0.020391,0.275705
0.089745,0.020864,0.276025
0.089662,0.023610,0.278210
0.087748,0.024770,0.278657
0.087201,0.026198,0.279480
0.085398,0.028920,0.280771
0.083395,0.028591,0.281463
0.081230,0.031457,0.282580
0.083200,0.029859,0.282966
0.079730,0.030158,0.282460
0.081246,0.033519,0.284894
0.078496,0.034527,0.285986
0.078621,0.035104,0.286252
0.077259,0.036292,0.288515
0.072965,0.037924,0.286400
0.075517,0.036793,0.287652
0.072421,0.038431,0.291373
0.071985,0.037633,0.290325
0.069746,0.038781,0.290758
0.068072,0.040611,0.290180
0.069031,0.041177,0.292537
0.066859,0.043478,0.291631
0.066789,0.043330,0.294026
0.064781,0.045905,0.294226
0.066118,0.046317,0.293828
0.063136,0.046564,0.294497
0.061169,0.046608,0.293897
0.058885,0.048438,0.295668
0.058426,0.047182,0.296884
0.057216,0.047463,0.297605
0.055259,0.049707,0.295425
0.055628,0.051572,0.297630
0.054933,0.051404,0.299349
0.053165,0.050719,0.298745
0.050991,0.052794,0.301026
0.050658,0.051491,0.300237
0.048500,0.053938,0.300700
0.047595,0.056517,0.303625
0.047659,0.055719,0.301899
0.047423,0.056510,0.301305
0.046848,0.056047,0.303461
0.041993,0.057934,0.303420
0.041679,0.057598,0.304939
0.040198,0.058793,0.305527
0.040637,0.060423,0.305296
0.040060,0.059094,0.307249
0.039064,0.061646,0.308129
0.037803,0.062115,0.307347
0.036572,0.063093,0.307128
0.035499,0.063902,0.309257
0.033721,0.063438,0.307580
0.031603,0.065387,0.310054
0.031722,0.064734,0.310590
0.029907,0.064921,0.309628
0.029258,0.067492,0.310612
0.028115,0.067351,0.312391
0.026523,0.066395,0.311009
0.027300,0.067284,0.310512
0.024284,0.068373,0.312895
0.025574,0.067585,0.313238
0.023262,0.068695,0.312367
0.024831,0.068695,0.312983
0.018827,0.071162,0.312425
0.018690,0.070474,0.314870
0.020102,0.071212,0.312767
0.016754,0.072248,0.315489
0.015187,0.073016,0.312901
0.014921,0.070941,0.314395
0.012563,0.072053,0.317421
0.013863,0.073783,0.315794
0.011953,0.073937,0.316088
0.009742,0.073032,0.316011
0.009563,0.074021,0.312870
0.008873,0.072354,0.314505
0.006043,0.072518,0.316633
0.005688,0.074507,0.316442
0.004256,0.073198,0.317190
0.003880,0.073379,0.315803
0.003038,0.075013,0.317773
0.000872,0.073990,0.316169
0.002008,0.074702,0.317979
-0.001263,0.073810,0.317224
0.000768,0.076175,0.317021
-0.001635,0.074044,0.318564
-0.002871,0.074897,0.318336
-0.004054,0.075397,0.317447
-0.004929,0.076028,0.317549
-0.005656,0.076594,0.319185
-0.006502,0.076059,0.318613
-0.008201,0.077117,0.318171
-0.008397,0.076990,0.317413
-0.008882,0.078716,0.318578
-0.012302,0.077526,0.319349
-0.012402,0.078023,0.317777
-0.012899,0.075601,0.317986
-0.012831,0.077920,0.319539
-0.015656,0.077687,0.319505
-0.014041,0.077853,0.318608
-0.017021,0.076503,0.319249
-0.019377,0.078492,0.317865
-0.020439,0.076928,0.318339
-0.019330,0.078848,0.321159
-0.021844,0.077299,0.319016
-0.024568,0.079625,0.318801
-0.024937,0.078007,0.319928
-0.025423,0.078176,0.320318
-0.027480,0.079297,0.320676
-0.027657,0.078744,0.320340
-0.028623,0.079366,0.319505
-0.030160,0.079078,0.321577
-0.030640,0.077634,0.320009
-0.031709,0.080089,0.319931
-0.032974,0.077326,0.320811
-0.034724,0.079607,0.318687
-0.035276,0.077745,0.322279
-0.035191,0.079353,0.320545
-0.036998,0.079688,0.321534
-0.038179,0.079096,0.319414
-0.038684,0.078564,0.319472
-0.040644,0.079210,0.320841
-0.042830,0.079407,0.319187
-0.043334,0.077850,0.318874
-0.042771,0.080161,0.319092
-0.045373,0.079017,0.319754
-0.046684,0.079601,0.320215
-0.045815,0.078589,0.319074
-0.046149,0.077223,0.319673
-0.046959,0.078942,0.319771
-0.051099,0.080946,0.320236
-0.050828,0.078248,0.318912
-0.053555,0.079887,0.321111
-0.052742,0.076826,0.319841
-0.054051,0.077933,0.319891
-0.054659,0.077293,0.321801
-0.054519,0.076815,0.319810
-0.056858,0.077321,0.317476
-0.059277,0.076956,0.320682
-0.059262,0.075871,0.317589
-0.060284,0.078111,0.318972
-0.060011,0.079571,0.321012
-0.062712,0.079259,0.318965
-0.064964,0.075189,0.320556
-0.064893,0.079984,0.320603
-0.065823,0.079068,0.322180
-0.065192,0.077818,0.318764
-0.067773,0.078144,0.320131
-0.068719,0.075930,0.319589
-0.071027,0.077335,0.317869
-0.070727,0.077620,0.320391
-0.070533,0.080732,0.319446
-0.074050,0.078336,0.319293
-0.072982,0.077881,0.318485
-0.074016,0.078151,0.318112
-0.075005,0.078163,0.320109
-0.075312,0.077062,0.318633
-0.078424,0.077026,0.318507
-0.079217,0.077785,0.316233
-0.080750,0.076472,0.318416
-0.081331,0.077606,0.317902
-0.083738,0.076374,0.319650
-0.084832,0.075715,0.318968
-0.085495,0.077936,0.315676
-0.086014,0.076368,0.319286
-0.086630,0.076323,0.318565
-0.088909,0.078981,0.318327
-0.089080,0.075773,0.317625
-0.090632,0.076561,0.315421
-0.088972,0.074922,0.318719
-0.092639,0.077656,0.316691
-0.093748,0.075556,0.318038
-0.093698,0.076841,0.317386
-0.096171,0.077108,0.317321
-0.097984,0.075413,0.317001
-0.096827,0.075615,0.317667
-0.097796,0.075322,0.315088
-0.097978,0.074101,0.317828
-0.101676,0.075791,0.316907
-0.104442,0.073952,0.316083
-0.103297,0.076154,0.317518
-0.103249,0.074372,0.315796
-0.105579,0.074760,0.316729
-0.106529,0.074404,0.317289
-0.107965,0.074059,0.315309
-0.106676,0.074844,0.314689
-0.109377,0.072947,0.315894
-0.108819,0.074375,0.316468
-0.111201,0.072562,0.315734
-0.111274,0.073574,0.314623
-0.113060,0.075242,0.314599
-0.115529,0.072657,0.315701
-0.115598,0.071744,0.314369
-0.115990,0.071615,0.313105
-0.118356,0.072375,0.314665
-0.118174,0.071309,0.313701
-0.118875,0.070778,0.314314
-0.119938,0.072367,0.313181
-0.119739,0.069233,0.314518
-0.123098,0.070768,0.312381
-0.123621,0.070801,0.312622
-0.125534,0.069649,0.313975
-0.126087,0.068994,0.311674
-0.127045,0.068047,0.312197
-0.127393,0.066150,0.311322
-0.130223,0.066143,0.311383
-0.132574,0.068253,0.311001
-0.133382,0.066039,0.310557
-0.133241,0.066317,0.309225
-0.133666,0.065447,0.310588
-0.133888,0.065102,0.308364
-0.136515,0.063891,0.310227
-0.136571,0.063179,0.306954
-0.138738,0.063947,0.308622
-0.140554,0.063106,0.306681
-0.140042,0.060041,0.306094
-0.143162,0.059002,0.305253
-0.142765,0.057970,0.302281
-0.143382,0.057957,0.303248
-0.146890,0.055194,0.301689
-0.145994,0.054301,0.302632
-0.146403,0.053813,0.300932
-0.146483,0.050690,0.297553
-0.149845,0.042881,0.294806
-0.153353,0.006470,0.264554
-0.152134,0.004007,0.263802
-0.154022,0.003796,0.261595
-0.156747,0.002563,0.259431
-0.156814,-0.000371,0.257138
-0.158167,-0.003621,0.257211
-0.159741,-0.004184,0.255526
-0.161162,-0.009403,0.253756
-0.159141,-0.010419,0.250894
-0.163575,-0.015154,0.248652
-0.165075,-0.018909,0.246085
-0.164617,-0.021651,0.243314
-0.167314,-0.024431,0.240856
-0.168139,-0.030036,0.236219
-0.166606,-0.034608,0.233744
-0.166872,-0.039812,0.227969
-0.170613,-0.043459,0.227791
-0.173265,-0.046523,0.224404
-0.172705,-0.049333,0.221172
-0.175101,-0.053472,0.218051
-0.177835,-0.056397,0.215473
-0.177516,-0.062831,0.214333
-0.179672,-0.062197,0.214216
-0.180093,-0.064760,0.209029
-0.181184,-0.067077,0.208294
-0.182641,-0.068678,0.207444
-0.184791,-0.069191,0.205164
-0.187087,-0.073528,0.205189
-0.187223,-0.073298,0.204862
-0.188111,-0.075390,0.201472
-0.189977,-0.078186,0.201487
-0.188088,-0.080161,0.200114
-0.191381,-0.080570,0.197955
-0.193028,-0.082633,0.195779
-0.195983,-0.084034,0.196346
-0.195697,-0.085550,0.195504
-0.195948,-0.085195,0.195981
-0.197809,-0.089119,0.192754
-0.199161,-0.088034,0.193907
-0.199422,-0.090990,0.190168
-0.200499,-0.092946,0.189430
-0.202272,-0.092141,0.188946
-0.204527,-0.095133,0.187592
-0.205497,-0.094632,0.185919
-0.206973,-0.097627,0.185184
-0.207678,-0.099823,0.185659
-0.207237,-0.098499,0.184185
-0.209057,-0.101776,0.180894
-0.209513,-0.103108,0.181619
-0.213170,-0.105712,0.178958
-0.214095,-0.106932,0.178807
-0.215128,-0.108679,0.177457
-0.216005,-0.109063,0.175190
-0.217193,-0.113119,0.176021
-0.219730,-0.116685,0.174452
-0.220688,-0.116202,0.171440
-0.221208,-0.116581,0.170806
-0.223186,-0.121159,0.168609
-0.224515,-0.123524,0.168312
-0.226035,-0.124141,0.166251
-0.225340,-0.125189,0.163228
-0.227406,-0.127995,0.163817
-0.229161,-0.129123,0.161684
-0.231033,-0.134356,0.160681
-0.232906,-0.132754,0.157889
-0.233842,-0.135482,0.157334
-0.235033,-0.139701,0.156355
-0.237854,-0.139345,0.153950
-0.237620,-0.141802,0.149923
-0.237935,-0.144618,0.149910
-0.239826,-0.146357,0.147099
-0.241011,-0.149401,0.147429
-0.244030,-0.153490,0.143890
-0.244790,-0.158401,0.141857
-0.244489,-0.158158,0.139600
-0.247138,-0.159788,0.138752
-0.248247,-0.161856,0.135502
-0.251098,-0.168063,0.133931
-0.250023,-0.168581,0.131822
-0.252706,-0.173236,0.128116
-0.251913,-0.172886,0.127836
-0.255688,-0.175879,0.125940
-0.257067,-0.180935,0.124496
-0.259673,-0.183387,0.122603
-0.260164,-0.187821,0.118755
-0.262427,-0.187049,0.117839
-0.263790,-0.190010,0.116924
-0.263172,-0.192822,0.115163
-0.267259,-0.194723,0.111516
-0.267309,-0.197458,0.109300
-0.268695,-0.199925,0.109583
-0.269657,-0.203276,0.106209
-0.272706,-0.205419,0.103823
-0.274624,-0.209850,0.101614
-0.275492,-0.212668,0.098914
-0.277211,-0.215405,0.097915
-0.279233,-0.218585,0.094231
-0.277697,-0.224426,0.089969
-0.281533,-0.228577,0.090513
-0.281999,-0.232285,0.084378
-0.284320,-0.242280,0.076987
0.100064,0.004876,0.264933
0.098757,0.008249,0.270282
0.098758,0.010314,0.271554
0.096970,0.013813,0.272337
0.095553,0.014541,0.272260
0.094685,0.016778,0.274430
0.092020,0.018029,0.275024
0.089730,0.020602,0.275739
0.089707,0.020894,0.277223
0.089235,0.021332,0.279293
0.088541,0.023120,0.279932
0.087689,0.024283,0.281072
0.085487,0.025017,0.282401
0.084625,0.027150,0.282420
0.080690,0.028470,0.283122
0.080980,0.029495,0.284656
0.081709,0.030868,0.282639
0.080364,0.030415,0.286964
0.077479,0.032727,0.286561
0.077504,0.033558,0.286164
0.076422,0.034650,0.287465
0.073992,0.032881,0.287385
0.073390,0.036725,0.289545
0.072009,0.036869,0.289447
0.072854,0.037335,0.291118
0.070818,0.038277,0.290620
0.067956,0.039131,0.291648
0.065548,0.039776,0.291478
0.065499,0.040240,0.292895
0.065900,0.043145,0.293780
0.065819,0.042096,0.294791
0.063015,0.041649,0.294155
0.060864,0.044709,0.295782
0.060586,0.044395,0.295153
0.061456,0.045454,0.294881
0.059185,0.046837,0.298686
0.058266,0.047096,0.295406
0.058048,0.048654,0.299074
0.055314,0.050013,0.299582
0.054356,0.050267,0.297701
0.054667,0.050618,0.300271
0.052595,0.051769,0.300662
0.050952,0.051926,0.299778
0.048814,0.052682,0.301477
0.048646,0.054038,0.301643
0.048504,0.053553,0.302474
0.045109,0.053237,0.302438
0.045431,0.054447,0.302358
0.044915,0.055186,0.302471
0.044633,0.055756,0.305965
0.041593,0.057839,0.306995
0.039494,0.056819,0.305646
0.039594,0.059223,0.307294
0.038353,0.059254,0.308348
0.036435,0.057701,0.307729
0.036713,0.061422,0.308486
0.035581,0.060726,0.308211
0.034612,0.062611,0.308174
0.035195,0.062508,0.307667
0.030751,0.063303,0.307480
0.030633,0.062360,0.310849
0.031119,0.064241,0.309124
0.027218,0.062919,0.310986
0.028917,0.064313,0.310625
0.027342,0.065479,0.310148
0.025959,0.067109,0.311304
0.023326,0.067438,0.312371
0.024370,0.066485,0.312132
0.021911,0.066501,0.313209
0.020998,0.068457,0.312365
0.021985,0.068475,0.312716
0.016251,0.069898,0.313595
0.018270,0.071259,0.315115
0.016250,0.070834,0.316411
0.014511,0.069653,0.314152
0.014895,0.072041,0.313951
0.013266,0.072218,0.315178
0.011394,0.070756,0.316994
0.012052,0.070913,0.315624
0.008233,0.072051,0.316941
0.008936,0.071187,0.316008
0.005007,0.073502,0.315575
0.006432,0.072443,0.317237
0.007136,0.072709,0.316081
0.004114,0.073041,0.315633
0.002600,0.071816,0.317013
0.004503,0.073070,0.316769
0.001127,0.072802,0.317126
-0.001497,0.073923,0.316296
-0.000164,0.073138,0.317235
-0.000279,0.072684,0.317553
-0.002497,0.074155,0.317834
-0.002420,0.072511,0.319360
-0.003364,0.074874,0.318218
-0.005244,0.074598,0.316840
-0.006663,0.074370,0.317903
-0.008324,0.073702,0.318512
-0.008016,0.076387,0.316326
-0.010657,0.073844,0.319005
-0.012896,0.074202,0.319065
-0.011758,0.077004,0.318413
-0.013945,0.077584,0.318320
-0.013285,0.077542,0.319112
-0.016061,0.075662,0.318398
-0.016881,0.076149,0.319119
-0.017494,0.076023,0.320858
-0.017927,0.077347,0.319355
-0.020420,0.076815,0.319653
-0.020991,0.076391,0.320373
-0.023032,0.076613,0.319410
-0.022264,0.078761,0.318934
-0.024869,0.077381,0.318176
-0.024411,0.077350,0.319155
-0.025446,0.077058,0.320804
-0.027752,0.076654,0.320239
-0.028934,0.076193,0.321952
-0.030373,0.077466,0.319323
-0.030124,0.076854,0.319959
-0.030657,0.078530,0.318862
-0.032641,0.078319,0.320682
-0.032734,0.078411,0.321113
-0.035319,0.077875,0.319803
-0.035102,0.076400,0.319842
-0.038659,0.077236,0.321650
-0.036298,0.077009,0.320055
-0.039808,0.077264,0.319099
-0.042188,0.078715,0.321888
-0.040643,0.076705,0.320952
-0.042568,0.078975,0.320733
-0.044145,0.077058,0.320785
-0.045144,0.076609,0.321337
-0.046174,0.077787,0.321067
-0.046223,0.077660,0.322352
-0.048372,0.078343,0.320623
-0.049371,0.077826,0.319614
-0.049890,0.076987,0.318738
-0.050733,0.078383,0.318509
-0.050945,0.077384,0.321288
-0.053949,0.076895,0.320198
-0.052063,0.076899,0.320841
-0.057148,0.076890,0.318767
-0.057033,0.076046,0.319538
-0.057965,0.078032,0.318336
-0.055568,0.077308,0.321940
-0.058033,0.075957,0.318471
-0.061548,0.077430,0.318618
-0.061248,0.074900,0.319593
-0.061795,0.076366,0.320071
-0.063691,0.075307,0.319843
-0.064512,0.075133,0.318845
-0.065623,0.075694,0.320479
-0.066343,0.076802,0.320448
-0.067091,0.076767,0.320276
-0.069653,0.076487,0.320172
-0.069272,0.076873,0.321232
-0.069930,0.077024,0.320134
-0.074560,0.076593,0.318766
-0.071258,0.075828,0.320291
-0.074835,0.076639,0.318811
-0.075447,0.075926,0.320198
-0.076930,0.076214,0.319814
-0.078848,0.076777,0.320562
-0.079844,0.074395,0.320087
-0.079485,0.077552,0.318908
-0.080981,0.074917,0.318400
-0.080530,0.077631,0.320345
-0.082194,0.076339,0.318948
-0.083215,0.074368,0.318416
-0.087256,0.074874,0.319244
-0.083987,0.075738,0.319753
-0.086588,0.075710,0.319073
-0.087481,0.073434,0.318192
-0.087839,0.075054,0.318953
-0.090132,0.073123,0.318992
-0.090879,0.073535,0.318918
-0.090579,0.075617,0.318090
-0.093856,0.076351,0.320095
-0.094866,0.074451,0.317894
-0.096448,0.074941,0.316733
-0.096705,0.074236,0.318206
-0.094325,0.076165,0.318987
-0.097274,0.073528,0.317840
-0.099654,0.073227,0.317694
-0.104159,0.073137,0.318087
-0.101748,0.073514,0.318467
-0.102499,0.072707,0.318642
-0.103307,0.073228,0.319833
-0.104431,0.072003,0.318815
-0.105396,0.071763,0.318037
-0.106549,0.072687,0.315843
-0.107405,0.073924,0.317170
-0.107690,0.072246,0.315976
-0.109071,0.072215,0.317540
-0.111021,0.074767,0.315063
-0.113186,0.070285,0.317979
-0.114258,0.071862,0.318189
-0.114689,0.071103,0.316913
-0.115486,0.070094,0.315810
-0.116529,0.069995,0.314494
-0.118674,0.069540,0.313898
-0.119214,0.070353,0.315279
-0.118050,0.071896,0.314499
-0.121075,0.069286,0.316166
-0.121146,0.068288,0.314792
-0.123957,0.067536,0.315120
-0.123433,0.068424,0.313299
-0.124358,0.068807,0.313224
-0.126959,0.068869,0.312932
-0.127218,0.068805,0.312557
-0.127056,0.067114,0.312895
-0.128294,0.066513,0.313378
-0.131184,0.065645,0.311614
-0.132719,0.065997,0.311163
-0.133063,0.063461,0.312384
-0.133414,0.064157,0.309558
-0.133467,0.062361,0.309331
-0.134867,0.062498,0.308825
-0.134497,0.061995,0.308754
-0.137447,0.061170,0.308261
-0.140670,0.059913,0.306892
-0.139375,0.061231,0.306347
-0.142539,0.058691,0.304989
-0.144371,0.058155,0.305771
-0.143504,0.054036,0.303820
-0.143956,0.053657,0.304487
-0.144648,0.052849,0.300853
-0.147411,0.052477,0.301356
-0.149497,0.047381,0.300372
-0.147125,0.042141,0.294048
-0.149012,0.006029,0.265600
-0.153444,0.003012,0.264821
-0.154551,0.001147,0.262131
-0.154944,-0.002149,0.260777
-0.156069,-0.004482,0.259321
-0.158459,-0.006346,0.257585
-0.158551,-0.008179,0.255275
-0.160770,-0.011554,0.253449
-0.160406,-0.011787,0.251465
-0.161972,-0.014992,0.249995
-0.163021,-0.019657,0.247574
-0.164471,-0.025115,0.243335
-0.164773,-0.025173,0.240771
-0.167651,-0.032041,0.236775
-0.167924,-0.036009,0.234951
-0.170233,-0.038512,0.229797
-0.172292,-0.043802,0.229369
-0.172733,-0.047845,0.225868
-0.171838,-0.050226,0.222818
-0.174821,-0.053418,0.222273
-0.176081,-0.056287,0.217525
-0.177849,-0.061483,0.216582
-0.179327,-0.063601,0.212622
-0.178536,-0.064044,0.212244
-0.183480,-0.069192,0.208716
-0.183047,-0.069691,0.208272
-0.185465,-0.072496,0.210139
-0.186225,-0.071929,0.206312
-0.184399,-0.074505,0.203832
-0.186494,-0.076986,0.202644
-0.188462,-0.078718,0.202998
-0.189013,-0.080213,0.198995
-0.191014,-0.080161,0.198699
-0.192662,-0.082870,0.200186
-0.194781,-0.083447,0.198301
-0.194850,-0.085303,0.196680
-0.197858,-0.086421,0.195870
-0.196344,-0.089532,0.194589
-0.199414,-0.089533,0.195030
-0.200789,-0.090163,0.191846
-0.199956,-0.092576,0.191265
-0.203126,-0.094756,0.192515
-0.204581,-0.095359,0.191015
-0.204257,-0.094592,0.189593
-0.207188,-0.097482,0.186964
-0.208213,-0.098751,0.186865
-0.208647,-0.102484,0.184396
-0.210095,-0.101360,0.183263
-0.210097,-0.102684,0.183584
-0.213262,-0.103698,0.182305
-0.212734,-0.107283,0.181925
-0.216520,-0.109152,0.179059
-0.214654,-0.109556,0.178844
-0.217018,-0.112892,0.176199
-0.217755,-0.113511,0.174982
-0.220410,-0.116455,0.174525
-0.222716,-0.116038,0.170710
-0.224976,-0.119720,0.171168
-0.224125,-0.122251,0.168293
-0.225621,-0.124480,0.166574
-0.227278,-0.125191,0.166638
-0.228373,-0.128875,0.163925
-0.229369,-0.129794,0.161940
-0.231210,-0.133645,0.160813
-0.231200,-0.133577,0.161127
-0.234203,-0.135411,0.159130
-0.236151,-0.137966,0.158216
-0.234913,-0.140482,0.156286
-0.236286,-0.142158,0.154995
-0.240037,-0.144643,0.153612
-0.240160,-0.145904,0.150637
-0.240721,-0.148751,0.148419
-0.240047,-0.151209,0.145891
-0.245167,-0.154490,0.144013
-0.246128,-0.156918,0.141910
-0.248305,-0.159406,0.142362
-0.247326,-0.162611,0.138716
-0.250332,-0.165803,0.136044
-0.250297,-0.167292,0.134602
-0.252704,-0.171609,0.131906
-0.254943,-0.173352,0.129302
-0.256287,-0.176653,0.127855
-0.256912,-0.178460,0.126961
-0.257690,-0.183698,0.124513
-0.259205,-0.183558,0.121523
-0.261053,-0.185920,0.119861
-0.262268,-0.188337,0.118787
-0.262623,-0.193907,0.116966
-0.265138,-0.192869,0.116248
-0.264661,-0.196479,0.113166
-0.268631,-0.198317,0.110238
-0.270414,-0.199477,0.109385
-0.272711,-0.204557,0.106919
-0.273146,-0.207057,0.105734
-0.273668,-0.209729,0.103921
-0.277679,-0.210799,0.101141
-0.278380,-0.215061,0.096494
-0.280424,-0.220601,0.093574
-0.283619,-0.223137,0.092230
-0.281120,-0.230205,0.088873
-0.283862,-0.231542,0.085024
-0.285307,-0.242882,0.075368
0.101364,0.001503,0.264095
0.099624,0.005006,0.266484
0.096298,0.009716,0.270637
0.098511,0.012552,0.274441
0.093519,0.012251,0.273717
0.093497,0.014467,0.274432
0.092820,0.017978,0.275937
0.093118,0.019327,0.277211
0.090941,0.020162,0.278482
0.091838,0.019619,0.277294
0.087970,0.021724,0.278867
0.089047,0.022678,0.280108
0.084892,0.024716,0.280806
0.083487,0.024238,0.281019
0.082740,0.027063,0.284422
0.082267,0.027128,0.285370
0.081749,0.028309,0.284751
0.080775,0.031461,0.284048
0.078972,0.031764,0.286769
0.078304,0.031928,0.287159
0.078306,0.033218,0.289904
0.074083,0.033042,0.287528
0.071449,0.034537,0.289160
0.072057,0.036297,0.290572
0.073091,0.036790,0.290697
0.070449,0.037879,0.290200
0.068646,0.041019,0.291906
0.067988,0.038953,0.292767
0.068120,0.038681,0.293575
0.065731,0.039800,0.293313
0.064243,0.041455,0.295233
0.064125,0.043624,0.293900
0.062287,0.043631,0.295204
0.060634,0.042296,0.296031
0.059893,0.043902,0.298193
0.059066,0.044944,0.296504
0.059343,0.046356,0.298037
0.056255,0.047027,0.297819
0.056572,0.047439,0.298188
0.054984,0.045731,0.298693
0.054571,0.049517,0.298529
0.050915,0.047982,0.300342
0.050497,0.050130,0.301109
0.049764,0.049355,0.301586
0.045265,0.050511,0.302287
0.047256,0.052116,0.302399
0.045899,0.054005,0.301361
0.046465,0.052574,0.304372
0.045821,0.054823,0.305190
0.044371,0.054601,0.303561
0.041448,0.056870,0.305417
0.041328,0.057778,0.305886
0.038689,0.057049,0.305721
0.039178,0.056037,0.306707
0.038219,0.057849,0.307150
0.036951,0.059928,0.306641
0.036330,0.059158,0.308637
0.034377,0.057119,0.307859
0.033372,0.058656,0.307568
0.032151,0.060205,0.310230
0.031225,0.061159,0.308348
0.029796,0.063674,0.311665
0.028288,0.061978,0.309357
0.027070,0.063882,0.309961
0.027435,0.062509,0.312212
0.023975,0.064618,0.311854
0.023035,0.065295,0.310946
0.023507,0.065340,0.313768
0.022673,0.066141,0.313089
0.020763,0.066905,0.314360
0.019728,0.066951,0.313450
0.017391,0.066532,0.312600
0.016692,0.068279,0.313857
0.017185,0.068189,0.316298
0.012988,0.068109,0.314946
0.013054,0.068388,0.315371
0.012791,0.068080,0.314758
0.012074,0.069440,0.315582
0.010113,0.069263,0.316423
0.008984,0.070494,0.316504
0.007651,0.070108,0.316534
0.007387,0.070641,0.316687
0.006450,0.072338,0.316248
0.005998,0.068430,0.318256
0.004133,0.070220,0.316422
0.003954,0.071969,0.316830
0.002888,0.070097,0.316695
0.000340,0.068648,0.315321
-0.000775,0.071186,0.317829
0.001541,0.072993,0.317119
-0.000522,0.072646,0.318441
-0.004199,0.072868,0.316648
-0.003212,0.072181,0.317184
-0.003988,0.072460,0.317750
-0.006001,0.072721,0.319690
-0.008113,0.072741,0.318787
-0.007643,0.072699,0.318987
-0.008476,0.074702,0.318661
-0.009397,0.073008,0.318638
-0.011624,0.074123,0.317904
-0.013780,0.073228,0.318881
-0.013941,0.074834,0.318704
-0.015089,0.073173,0.319016
-0.016577,0.075260,0.317907
-0.017824,0.074060,0.318424
-0.019891,0.075020,0.320489
-0.018939,0.073732,0.320365
-0.018982,0.074769,0.320043
-0.020848,0.076370,0.320385
-0.022633,0.074735,0.321785
-0.022149,0.075409,0.322574
-0.023160,0.074947,0.319845
-0.025005,0.075038,0.319086
-0.026090,0.076204,0.318642
-0.023992,0.076347,0.320958
-0.029732,0.076053,0.319436
-0.029347,0.075971,0.321025
-0.031088,0.076645,0.320837
-0.031008,0.076470,0.321365
-0.031693,0.077161,0.318732
-0.033995,0.075535,0.320102
-0.036486,0.075727,0.321486
-0.036212,0.075134,0.321433
-0.037628,0.075664,0.319793
-0.039098,0.073291,0.320632
-0.038456,0.074495,0.319658
-0.041315,0.075886,0.320418
-0.040808,0.073989,0.319494
-0.042161,0.076483,0.319197
-0.042740,0.074852,0.320238
-0.043979,0.075199,0.321409
-0.044789,0.076570,0.320601
-0.046081,0.076618,0.322142
-0.047355,0.076284,0.319029
-0.049173,0.076503,0.319458
-0.049583,0.075436,0.318443
-0.051295,0.076121,0.322044
-0.050971,0.075757,0.320987
-0.050797,0.075169,0.319991
-0.054503,0.076337,0.320364
-0.055248,0.074695,0.319767
-0.056388,0.074065,0.320574
-0.057791,0.075068,0.320572
-0.058779,0.075518,0.320769
-0.058423,0.076468,0.319507
-0.059907,0.075552,0.319379
-0.060188,0.074235,0.321121
-0.063068,0.076000,0.319316
-0.063493,0.075699,0.318952
-0.064131,0.076059,0.319884
-0.065273,0.076797,0.321470
-0.066006,0.075323,0.321107
-0.068902,0.075761,0.319079
-0.068155,0.074658,0.318375
-0.070968,0.077259,0.321198
-0.069617,0.075169,0.319166
-0.072077,0.075927,0.321232
-0.073958,0.075709,0.321397
-0.074195,0.075688,0.318633
-0.074477,0.073043,0.319909
-0.076425,0.073833,0.319772
-0.077140,0.075360,0.318994
-0.079480,0.074517,0.319803
-0.078084,0.075288,0.320594
-0.080476,0.075286,0.319441
-0.083235,0.073863,0.320896
-0.081721,0.074309,0.319683
-0.081589,0.075550,0.319245
-0.084377,0.073969,0.318988
-0.084498,0.073769,0.319609
-0.087083,0.073542,0.321328
-0.087910,0.075134,0.320518
-0.090434,0.073796,0.320363
-0.090257,0.073958,0.319983
-0.090281,0.074688,0.318995
-0.092152,0.074835,0.319724
-0.093453,0.073074,0.318179
-0.093838,0.072453,0.319169
-0.096321,0.075037,0.319283
-0.096689,0.073374,0.316912
-0.095226,0.073588,0.318718
-0.097657,0.072559,0.320335
-0.099526,0.073507,0.318607
-0.100773,0.072452,0.319251
-0.102284,0.071258,0.318677
-0.103090,0.072814,0.317932
-0.103082,0.073256,0.318610
-0.104136,0.071409,0.318488
-0.105408,0.072477,0.319146
-0.105391,0.073281,0.319273
-0.108096,0.072583,0.318272
-0.110453,0.071687,0.317629
-0.110480,0.072791,0.316259
-0.111170,0.072392,0.317279
-0.111584,0.072953,0.316002
-0.111588,0.070662,0.317508
-0.114296,0.069644,0.318790
-0.114234,0.071508,0.315690
-0.116323,0.069215,0.314851
-0.116613,0.069771,0.315546
-0.118712,0.069065,0.314582
-0.118860,0.067439,0.315312
-0.120279,0.070127,0.316010
-0.121079,0.067960,0.315189
-0.123211,0.066719,0.313661
-0.123246,0.066398,0.315902
-0.125627,0.066812,0.314264
-0.126933,0.065403,0.313553
-0.126202,0.065175,0.313204
-0.129166,0.067823,0.312722
-0.129596,0.063759,0.312429
-0.128868,0.066628,0.313160
-0.131370,0.064919,0.311352
-0.131049,0.063601,0.312514
-0.132822,0.063249,0.311535
-0.133417,0.062810,0.309042
-0.134437,0.061130,0.308363
-0.135926,0.060905,0.308476
-0.137682,0.058830,0.310062
-0.138383,0.058099,0.307476
-0.141989,0.059132,0.307594
-0.141508,0.056868,0.307670
-0.143038,0.055682,0.307586
-0.143672,0.055428,0.303583
-0.144251,0.052621,0.302524
-0.145122,0.053821,0.302365
-0.146127,0.050137,0.300038
-0.148136,0.047786,0.298055
-0.149059,0.039270,0.293697
-0.151462,0.003971,0.266955
-0.153830,0.002945,0.264944
-0.153757,-0.000661,0.263596
-0.156175,-0.004264,0.261840
-0.155835,-0.006079,0.259171
-0.157426,-0.006531,0.258492
-0.157397,-0.010407,0.255882
-0.161018,-0.013104,0.254960
-0.160662,-0.014498,0.253044
-0.162263,-0.017250,0.249520
-0.163995,-0.018557,0.249479
-0.165327,-0.023272,0.243444
-0.168665,-0.028844,0.242111
-0.167092,-0.031038,0.238977
-0.165697,-0.036200,0.235964
-0.170432,-0.039387,0.232289
-0.173163,-0.044302,0.228757
-0.173332,-0.047763,0.226584
-0.173036,-0.050615,0.224511
-0.174414,-0.053112,0.221854
-0.175806,-0.058491,0.220371
-0.178005,-0.060652,0.217118
-0.179482,-0.063258,0.214863
-0.179606,-0.065784,0.213869
-0.182503,-0.067300,0.211552
-0.183070,-0.070197,0.208676
-0.185188,-0.071440,0.209161
-0.186414,-0.072632,0.208024
-0.186335,-0.074952,0.207607
-0.189018,-0.077951,0.203690
-0.188611,-0.079431,0.204553
-0.191507,-0.079203,0.201858
-0.192248,-0.082171,0.202375
-0.191868,-0.080984,0.199716
-0.195333,-0.085417,0.198084
-0.195416,-0.086288,0.197960
-0.197045,-0.087443,0.197333
-0.199574,-0.090652,0.195370
-0.198476,-0.089374,0.195206
-0.200543,-0.090432,0.195017
-0.200853,-0.091819,0.192844
-0.203020,-0.094326,0.192526
-0.202891,-0.093255,0.191535
-0.204982,-0.095434,0.189467
-0.205134,-0.099039,0.191670
-0.207107,-0.096355,0.188471
-0.207166,-0.100393,0.187383
-0.210330,-0.099268,0.186097
-0.213075,-0.102413,0.184763
-0.213634,-0.105006,0.183262
-0.213292,-0.107391,0.181790
-0.213972,-0.108384,0.181056
-0.217869,-0.109644,0.179822
-0.219077,-0.111625,0.179132
-0.218490,-0.114740,0.176128
-0.219890,-0.117223,0.173425
-0.222116,-0.115290,0.173830
-0.223398,-0.118424,0.174877
-0.223664,-0.121834,0.171501
-0.227252,-0.123276,0.168641
-0.226783,-0.126398,0.166525
-0.228126,-0.127151,0.165125
-0.229711,-0.130009,0.165420
-0.229642,-0.132199,0.164070
-0.231130,-0.134527,0.163253
-0.233588,-0.135335,0.160655
-0.234511,-0.136931,0.159061
-0.236618,-0.139514,0.156657
-0.237262,-0.140852,0.154908
-0.239346,-0.143880,0.151643
-0.239354,-0.145880,0.153618
-0.242718,-0.149529,0.151485
-0.242105,-0.151228,0.150002
-0.244297,-0.152058,0.147650
-0.245349,-0.156702,0.146164
-0.245667,-0.159312,0.142626
-0.249262,-0.161439,0.141023
-0.250460,-0.165676,0.139205
-0.252137,-0.167976,0.138039
-0.254509,-0.170518,0.134326
-0.254074,-0.171717,0.132203
-0.255292,-0.174148,0.131583
-0.255616,-0.176342,0.128250
-0.258579,-0.179293,0.127522
-0.261633,-0.182319,0.125441
-0.260875,-0.185344,0.122126
-0.262552,-0.188250,0.118935
-0.263480,-0.190438,0.118720
-0.265982,-0.192784,0.116240
-0.266775,-0.195281,0.114826
-0.269474,-0.198296,0.113934
-0.269918,-0.200269,0.112247
-0.271263,-0.202296,0.108483
-0.271900,-0.206570,0.106753
-0.274860,-0.209104,0.105973
-0.274932,-0.211852,0.103691
-0.277571,-0.214238,0.099959
-0.280362,-0.216715,0.098840
-0.280619,-0.221618,0.096546
-0.282217,-0.226935,0.093686
-0.284680,-0.228342,0.088642
-0.286813,-0.234832,0.085848
-0.286666,-0.245257,0.076749
0.099810,0.002603,0.267880
0.098955,0.005357,0.269749
0.096404,0.008090,0.271064
0.095728,0.012230,0.272860
0.093997,0.011141,0.275479
0.093713,0.015775,0.275991
0.093533,0.016519,0.275187
0.089643,0.016844,0.278421
0.089674,0.019748,0.278766
0.088497,0.019395,0.278612
0.086152,0.020457,0.281245
0.085606,0.023228,0.281942
0.084561,0.024788,0.282458
0.082116,0.025112,0.283205
0.083399,0.026851,0.283438
0.079913,0.028082,0.285299
0.080502,0.027637,0.284136
0.078022,0.030374,0.288078
0.076639,0.029790,0.287316
0.076262,0.031416,0.288991
0.073522,0.033552,0.288965
0.073997,0.032419,0.288900
0.072157,0.032240,0.289473
0.071065,0.035238,0.291729
0.069404,0.035366,0.290315
0.069364,0.035953,0.293771
0.068440,0.037038,0.293468
0.068313,0.038894,0.294368
0.065678,0.038398,0.293909
0.065649,0.037867,0.294394
0.062902,0.040495,0.295101
0.061488,0.040307,0.296867
0.062297,0.041203,0.297418
0.060060,0.043008,0.295369
0.058671,0.042222,0.296944
0.057674,0.044142,0.298529
0.055759,0.044076,0.298636
0.058311,0.044008,0.299329
0.052649,0.046040,0.300501
0.052379,0.046603,0.299599
0.051117,0.047268,0.298695
0.051759,0.048694,0.300498
0.049363,0.049044,0.301690
0.049330,0.051123,0.303430
0.045882,0.051345,0.302035
0.046591,0.050891,0.303031
0.044589,0.050763,0.301840
0.044912,0.051952,0.305059
0.042816,0.051190,0.304534
0.040446,0.052194,0.304991
0.041868,0.054864,0.306000
0.039428,0.055116,0.306541
0.039243,0.056301,0.308704
0.036814,0.055372,0.306383
0.036076,0.055824,0.309869
0.035489,0.056146,0.308952
0.033601,0.057071,0.309206
0.032219,0.059501,0.308530
0.032423,0.058982,0.308660
0.030140,0.056897,0.310503
0.028295,0.060415,0.308997
0.029740,0.059819,0.312057
0.028156,0.061484,0.310857
0.026328,0.062585,0.312715
0.026434,0.062657,0.313283
0.023092,0.062721,0.312958
0.024207,0.062172,0.313511
0.022142,0.065194,0.310155
0.021637,0.064734,0.313784
0.019779,0.064405,0.314057
0.018354,0.064758,0.314319
0.016199,0.065711,0.313344
0.016217,0.066130,0.314422
0.016117,0.065790,0.316109
0.014004,0.066210,0.315177
0.011006,0.065260,0.315840
0.013246,0.066751,0.315162
0.011349,0.066513,0.315227
0.010390,0.068021,0.317214
0.007733,0.068885,0.316479
0.008697,0.068538,0.315298
0.008145,0.068857,0.316563
0.004963,0.069927,0.317429
0.005531,0.068657,0.315624
0.004390,0.070790,0.317882
0.003701,0.070171,0.316565
0.000286,0.068577,0.319153
-0.000054,0.069504,0.316732
-0.001690,0.068587,0.317900
-0.001402,0.070340,0.319418
-0.002793,0.069151,0.318381
-0.003294,0.071367,0.315177
-0.003841,0.071198,0.317625
-0.005587,0.070140,0.318340
-0.007316,0.070563,0.319685
-0.008076,0.070986,0.318813
-0.008871,0.071191,0.317446
-0.009441,0.070402,0.318975
-0.011331,0.073501,0.317381
-0.014098,0.072800,0.319243
-0.010876,0.072998,0.320127
-0.012578,0.074067,0.317606
-0.015824,0.071990,0.321396
-0.017889,0.071658,0.318417
-0.017653,0.072952,0.321123
-0.018261,0.073181,0.321140
-0.020260,0.074517,0.319613
-0.022419,0.074154,0.321179
-0.023756,0.073181,0.320647
-0.022581,0.073933,0.319035
-0.025532,0.073886,0.319163
-0.025154,0.073973,0.321816
-0.026519,0.071907,0.321731
-0.028136,0.076370,0.320315
-0.028705,0.073953,0.320779
-0.028705,0.073865,0.319709
-0.031478,0.074322,0.319833
-0.032354,0.074303,0.320748
-0.033383,0.073903,0.320394
-0.033302,0.072862,0.320239
-0.036091,0.074482,0.321395
-0.035714,0.072645,0.320056
-0.037457,0.073685,0.322294
-0.039027,0.072915,0.320545
-0.038241,0.073076,0.321762
-0.040192,0.075922,0.321325
-0.040698,0.072711,0.319847
-0.042881,0.071958,0.320868
-0.042678,0.073359,0.320394
-0.043524,0.075336,0.320454
-0.046624,0.073079,0.321411
-0.045906,0.072892,0.320450
-0.047555,0.073909,0.321003
-0.047876,0.073793,0.320924
-0.049508,0.073927,0.320265
-0.050553,0.075521,0.321451
-0.052061,0.073835,0.319347
-0.051616,0.076064,0.318885
-0.054101,0.072829,0.321288
-0.054533,0.074256,0.320703
-0.056579,0.076244,0.317388
-0.058507,0.075362,0.321517
-0.059026,0.073764,0.321618
-0.058627,0.073369,0.321410
-0.060436,0.075027,0.322025
-0.062405,0.074933,0.320643
-0.062061,0.075603,0.319390
-0.064023,0.074129,0.320120
-0.064902,0.075613,0.320736
-0.063753,0.072551,0.321258
-0.065389,0.073141,0.320793
-0.068650,0.074707,0.320767
-0.070402,0.073348,0.321285
-0.067659,0.073018,0.322655
-0.071374,0.072788,0.320449
-0.071422,0.075217,0.320550
-0.073051,0.072117,0.319704
-0.074150,0.072346,0.320594
-0.075894,0.072322,0.320099
-0.074968,0.073773,0.320008
-0.078161,0.074595,0.319385
-0.079315,0.072957,0.319479
-0.079014,0.074533,0.320020
-0.081558,0.072951,0.321331
-0.081620,0.073287,0.321501
-0.082019,0.073250,0.320398
-0.084969,0.071742,0.319852
-0.085169,0.073978,0.319323
-0.085713,0.073477,0.320616
-0.087831,0.072655,0.322029
-0.087414,0.072425,0.320050
-0.090046,0.073305,0.322064
-0.089992,0.072820,0.321150
-0.088687,0.072488,0.320175
-0.090532,0.072502,0.320193
-0.091404,0.073003,0.322060
-0.094256,0.072184,0.320451
-0.094112,0.074081,0.318460
-0.096343,0.071500,0.319296
-0.097763,0.073485,0.319073
-0.097977,0.071189,0.318804
-0.099036,0.072033,0.319610
-0.100938,0.071531,0.320332
-0.102392,0.072189,0.317058
-0.103449,0.071662,0.319916
-0.105473,0.072594,0.319113
-0.103392,0.071469,0.317229
-0.107591,0.070539,0.318853
-0.105547,0.070547,0.317591
-0.106641,0.069930,0.319909
-0.109498,0.070402,0.316931
-0.110694,0.071717,0.316402
-0.110683,0.069244,0.319908
-0.112729,0.070314,0.318372
-0.111690,0.069045,0.318203
-0.112616,0.070936,0.317465
-0.115053,0.068736,0.317590
-0.117029,0.068742,0.316843
-0.118075,0.069502,0.317213
-0.118176,0.067886,0.315807
-0.119607,0.066564,0.318387
-0.121576,0.068109,0.315482
-0.124294,0.066439,0.315397
-0.122621,0.066404,0.315907
-0.124277,0.065870,0.313151
-0.124915,0.066677,0.314342
-0.126608,0.063856,0.313147
-0.126913,0.063464,0.313391
-0.128519,0.066387,0.314392
-0.130364,0.064540,0.313092
-0.129095,0.062298,0.310835
-0.132093,0.062539,0.310017
-0.132132,0.062126,0.311947
-0.133051,0.060750,0.312426
-0.134568,0.060827,0.310464
-0.136301,0.060759,0.310571
-0.135674,0.061355,0.310110
-0.138767,0.057854,0.309308
-0.138532,0.059456,0.307806
-0.141751,0.055977,0.308179
-0.141326,0.055842,0.308348
-0.142448,0.053089,0.306641
-0.142826,0.052950,0.304169
-0.145286,0.052212,0.305070
-0.145910,0.051730,0.302295
-0.146694,0.048875,0.301676
-0.147612,0.044652,0.298126
-0.152209,0.004552,0.267206
-0.150558,0.001260,0.266849
-0.152694,0.000498,0.263369
-0.154249,0.000221,0.262408
-0.155139,-0.005312,0.258981
-0.157917,-0.007036,0.259431
-0.158282,-0.010140,0.258393
-0.158053,-0.009588,0.255120
-0.159955,-0.014188,0.254628
-0.163046,-0.015764,0.252818
-0.162444,-0.020242,0.249326
-0.164547,-0.022487,0.247901
-0.165858,-0.025349,0.246945
-0.166329,-0.031292,0.242631
-0.168397,-0.034264,0.239792
-0.166604,-0.041204,0.235998
-0.170703,-0.039608,0.233521
-0.170657,-0.043164,0.230234
-0.171554,-0.047419,0.227585
-0.172526,-0.050356,0.225498
-0.173322,-0.053163,0.223586
-0.176299,-0.057189,0.223343
-0.176288,-0.059203,0.219353
-0.178487,-0.062436,0.216933
-0.179069,-0.064410,0.214242
-0.180795,-0.068073,0.213600
-0.182700,-0.070343,0.211672
-0.183525,-0.072153,0.209814
-0.184598,-0.074453,0.209316
-0.184626,-0.074574,0.207387
-0.185987,-0.077494,0.205366
-0.188681,-0.079035,0.205214
-0.188600,-0.081335,0.204851
-0.192604,-0.081713,0.202779
-0.192821,-0.080778,0.202129
-0.192649,-0.082755,0.202458
-0.194920,-0.086610,0.199289
-0.196141,-0.087069,0.199651
-0.198868,-0.088452,0.199470
-0.196373,-0.090247,0.196562
-0.200862,-0.091997,0.193535
-0.202580,-0.092625,0.192392
-0.201300,-0.094749,0.193076
-0.203803,-0.095017,0.191857
-0.202910,-0.096712,0.193496
-0.205879,-0.096713,0.191149
-0.207444,-0.100451,0.190306
-0.208111,-0.102565,0.189560
-0.211351,-0.102536,0.188710
-0.210633,-0.102867,0.185798
-0.211929,-0.105486,0.184424
-0.212809,-0.106304,0.183459
-0.214183,-0.109295,0.181636
-0.216502,-0.111433,0.181622
-0.217365,-0.114047,0.178783
-0.218942,-0.114592,0.178732
-0.221123,-0.116761,0.177366
-0.221374,-0.116316,0.176785
-0.220323,-0.120478,0.175333
-0.223731,-0.119726,0.173082
-0.225396,-0.122612,0.172914
-0.224708,-0.124521,0.169339
-0.226483,-0.126100,0.168225
-0.227816,-0.129692,0.166424
-0.231322,-0.131881,0.165545
-0.231942,-0.133844,0.164098
-0.232743,-0.137103,0.161674
-0.234496,-0.137063,0.159731
-0.234637,-0.139585,0.158857
-0.236063,-0.139177,0.159217
-0.237023,-0.144002,0.156498
-0.240117,-0.146084,0.155228
-0.241609,-0.148491,0.152054
-0.243600,-0.150908,0.148185
-0.244232,-0.152673,0.148790
-0.246146,-0.154862,0.147363
-0.244652,-0.157130,0.145633
-0.248643,-0.160033,0.143288
-0.249588,-0.161976,0.140580
-0.252658,-0.167805,0.139244
-0.250449,-0.169833,0.136465
-0.253150,-0.173638,0.134603
-0.255032,-0.173175,0.132815
-0.257948,-0.177301,0.130547
-0.257806,-0.177706,0.130846
-0.259683,-0.179828,0.126595
-0.260335,-0.183291,0.124929
-0.262136,-0.185231,0.123303
-0.262344,-0.189247,0.121741
-0.264143,-0.193067,0.119456
-0.264326,-0.196087,0.118648
-0.269062,-0.197352,0.114639
-0.270205,-0.198482,0.114196
-0.271471,-0.200671,0.110811
-0.273990,-0.203675,0.108018
-0.273134,-0.209046,0.108135
-0.275893,-0.210939,0.106238
-0.276769,-0.212874,0.103108
-0.278938,-0.215978,0.101541
-0.282235,-0.219083,0.099944
-0.281302,-0.222610,0.096521
-0.283359,-0.226312,0.094175
-0.283900,-0.232862,0.088525
-0.286941,-0.239101,0.085130
-0.289469,-0.245461,0.080250
0.098926,-0.001693,0.267103
0.099310,0.003671,0.268972
0.097734,0.005494,0.271076
0.094927,0.011151,0.274701
0.094451,0.010442,0.275088
0.094827,0.012411,0.275964
0.092576,0.015538,0.276661
0.090258,0.016085,0.277632
0.090121,0.017118,0.279606
0.086886,0.019054,0.280657
0.088647,0.020509,0.280694
0.085402,0.022051,0.282912
0.084261,0.020110,0.284831
0.082750,0.022033,0.283464
0.083285,0.023526,0.285617
0.080543,0.025878,0.287064
0.079303,0.024343,0.285438
0.077964,0.026742,0.287901
0.077723,0.028948,0.286753
0.074935,0.029517,0.289590
0.073879,0.029790,0.289702
0.073674,0.030811,0.289363
0.073712,0.034110,0.291549
0.071000,0.034172,0.291939
0.070966,0.034545,0.291699
0.068391,0.034671,0.293270
0.067709,0.036325,0.292763
0.065820,0.036620,0.294472
0.066189,0.036580,0.295090
0.064270,0.038517,0.296287
0.062078,0.039883,0.295347
0.060334,0.039981,0.297448
0.059376,0.040548,0.296163
0.062813,0.041203,0.297355
0.058657,0.043284,0.298169
0.060224,0.042553,0.298093
0.056777,0.042762,0.297020
0.055444,0.044257,0.301028
0.055227,0.043725,0.301093
0.051554,0.044614,0.300635
0.052895,0.046001,0.299593
0.052176,0.045960,0.302399
0.048854,0.045490,0.302734
0.050561,0.045835,0.301886
0.047780,0.049444,0.301794
0.048533,0.048804,0.301386
0.045421,0.049958,0.304830
0.045569,0.050062,0.304891
0.043577,0.051963,0.305852
0.040429,0.052096,0.305750
0.040550,0.051370,0.305787
0.040664,0.053608,0.307213
0.038455,0.052001,0.307595
0.036643,0.054814,0.306877
0.035881,0.054902,0.309351
0.034778,0.053315,0.308550
0.033971,0.054657,0.309668
0.032005,0.055817,0.309372
0.031975,0.057548,0.309334
0.032134,0.056765,0.310670
0.028578,0.058474,0.311397
0.027011,0.057952,0.312656
0.027943,0.057411,0.310803
0.024692,0.060389,0.309691
0.026094,0.060347,0.309895
0.025017,0.062166,0.312997
0.024768,0.061005,0.311409
0.023399,0.062400,0.313966
0.020067,0.062686,0.314873
0.019182,0.062778,0.314235
0.017833,0.062128,0.314282
0.019880,0.062593,0.314206
0.017272,0.063866,0.315916
0.015164,0.064534,0.315161
0.013869,0.063344,0.316119
0.014253,0.064348,0.314575
0.011309,0.065216,0.315429
0.010777,0.065705,0.316279
0.009777,0.064996,0.315786
0.007365,0.064665,0.317017
0.006878,0.065585,0.315853
0.006321,0.066322,0.315994
0.005090,0.066801,0.316899
0.005146,0.068117,0.318158
0.004567,0.067271,0.315238
0.004204,0.066764,0.315432
0.000716,0.066377,0.317833
0.001814,0.066262,0.316225
0.000762,0.067577,0.317809
-0.001995,0.068799,0.317678
-0.002277,0.067853,0.317485
-0.004706,0.067852,0.319236
-0.005982,0.067788,0.318270
-0.005840,0.068587,0.318495
-0.004965,0.069473,0.319245
-0.008980,0.068302,0.319636
-0.009530,0.069222,0.319114
-0.011373,0.070832,0.317204
-0.011390,0.069774,0.318787
-0.012870,0.067472,0.318489
-0.014556,0.069671,0.319563
-0.015662,0.071290,0.320546
-0.017015,0.069661,0.319854
-0.017284,0.070931,0.318559
-0.018630,0.072661,0.320933
-0.018532,0.070919,0.320597
-0.018274,0.071135,0.319132
-0.022502,0.073160,0.320767
-0.022581,0.072261,0.320034
-0.022652,0.072488,0.319891
-0.024798,0.071545,0.322103
-0.024982,0.071662,0.322070
-0.025605,0.071898,0.320338
-0.027495,0.073155,0.321583
-0.027936,0.073598,0.321923
-0.030310,0.072169,0.321361
-0.031983,0.072213,0.321645
-0.032225,0.073507,0.322048
-0.031827,0.073266,0.320640
-0.034996,0.071368,0.321140
-0.033690,0.071858,0.320661
-0.035719,0.073321,0.320451
-0.037195,0.070756,0.319712
-0.038432,0.071141,0.321061
-0.038944,0.072387,0.320467
-0.039543,0.072111,0.318315
-0.042302,0.073410,0.320151
-0.041087,0.071663,0.322165
-0.043745,0.071842,0.320839
-0.044070,0.072858,0.321459
-0.046023,0.070972,0.321294
-0.046806,0.073724,0.321302
-0.048575,0.073309,0.321796
-0.049900,0.071891,0.319088
-0.048293,0.072112,0.320282
-0.051627,0.072280,0.320808
-0.052288,0.070947,0.321843
-0.052714,0.070092,0.322968
-0.053253,0.072087,0.322847
-0.054727,0.072459,0.319392
-0.056124,0.073283,0.320508
-0.057183,0.074618,0.320868
-0.056446,0.073741,0.319724
-0.060638,0.072212,0.321904
-0.060188,0.072240,0.318852
-0.062658,0.073233,0.320270
-0.063340,0.072075,0.322186
-0.064413,0.072803,0.321270
-0.066021,0.071222,0.319397
-0.065262,0.073535,0.322214
-0.064541,0.073137,0.322179
-0.069480,0.072352,0.322949
-0.069186,0.074619,0.321650
-0.069465,0.074138,0.322195
-0.071712,0.073936,0.322742
-0.073133,0.073713,0.321983
-0.073010,0.072567,0.319649
-0.077518,0.072194,0.321497
-0.075212,0.072247,0.321305
-0.074768,0.071742,0.322448
-0.077468,0.071463,0.319063
-0.079794,0.071044,0.321444
-0.078695,0.072828,0.319931
-0.080196,0.072347,0.322129
-0.081533,0.073182,0.321779
-0.083840,0.071327,0.320603
-0.084351,0.072188,0.320522
-0.085352,0.072047,0.321141
-0.084780,0.071517,0.320140
-0.087176,0.071440,0.320264
-0.088565,0.071584,0.320422
-0.089424,0.071149,0.322758
-0.089703,0.070820,0.321748
-0.090383,0.069931,0.318951
-0.092865,0.071604,0.320718
-0.094175,0.073758,0.319553
-0.093381,0.070431,0.320515
-0.092646,0.071546,0.319777
-0.094703,0.069621,0.319796
-0.098011,0.072374,0.319945
-0.098083,0.070568,0.320009
-0.099146,0.071377,0.320778
-0.100807,0.069831,0.320719
-0.101890,0.069495,0.320738
-0.103508,0.070890,0.319145
-0.102328,0.071161,0.319474
-0.104397,0.069603,0.317897
-0.105500,0.071295,0.319449
-0.107660,0.070694,0.319968
-0.107972,0.069056,0.319352
-0.109389,0.068450,0.318239
-0.109526,0.070181,0.319705
-0.111918,0.069517,0.319759
-0.113151,0.068078,0.318629
-0.112475,0.069120,0.317263
-0.114771,0.067134,0.319342
-0.115988,0.065450,0.317348
-0.116267,0.067358,0.316363
-0.117975,0.068575,0.316748
-0.118297,0.068838,0.315724
-0.120554,0.066617,0.314722
-0.120503,0.067309,0.316471
-0.121481,0.065115,0.316474
-0.121970,0.064593,0.316527
-0.126520,0.064260,0.314485
-0.123864,0.065717,0.315686
-0.126802,0.063105,0.316232
-0.128070,0.064135,0.312903
-0.130329,0.064006,0.316748
-0.130081,0.062153,0.312795
-0.130632,0.064952,0.313273
-0.131235,0.061807,0.314073
-0.131299,0.060674,0.310700
-0.132563,0.061719,0.313744
-0.133390,0.059122,0.310388
-0.136122,0.059100,0.312526
-0.137877,0.058452,0.309509
-0.137686,0.058405,0.309793
-0.140711,0.057079,0.309445
-0.139324,0.054716,0.307567
-0.142445,0.055938,0.306062
-0.144717,0.055084,0.306797
-0.142413,0.051406,0.305527
-0.143954,0.051283,0.305274
-0.144903,0.050576,0.304551
-0.146864,0.048572,0.302659
-0.147162,0.040210,0.296329
-0.151675,0.003980,0.267501
-0.151743,-0.001955,0.266544
-0.153252,-0.000173,0.264603
-0.151757,-0.002872,0.261259
-0.153525,-0.004964,0.260378
-0.157819,-0.008471,0.260788
-0.158570,-0.011575,0.256279
-0.156481,-0.013012,0.256046
-0.161537,-0.016636,0.254477
-0.161771,-0.019806,0.254093
-0.163485,-0.021626,0.250291
-0.164803,-0.025525,0.248502
-0.165720,-0.026466,0.247326
-0.167370,-0.030204,0.243432
-0.166328,-0.036291,0.240644
-0.169233,-0.039452,0.236884
-0.169563,-0.041112,0.234258
-0.171392,-0.045628,0.232616
-0.172075,-0.050876,0.229489
-0.174109,-0.051634,0.226912
-0.176462,-0.053113,0.223639
-0.177910,-0.057159,0.222517
-0.178366,-0.058982,0.218731
-0.177563,-0.064750,0.219021
-0.179544,-0.065228,0.216696
-0.181970,-0.066216,0.215793
-0.181889,-0.070607,0.213169
-0.183609,-0.070548,0.210618
-0.184025,-0.073220,0.210849
-0.184517,-0.075440,0.210217
-0.187442,-0.078598,0.209215
-0.189218,-0.079575,0.206857
-0.190421,-0.079669,0.205697
-0.191329,-0.082159,0.203377
-0.193467,-0.082996,0.203621
-0.194771,-0.084511,0.202195
-0.193917,-0.086408,0.202520
-0.196426,-0.087935,0.200708
-0.197988,-0.090523,0.199369
-0.198422,-0.089952,0.197812
-0.199237,-0.091310,0.196760
-0.202217,-0.092193,0.195602
-0.202714,-0.095334,0.195122
-0.203349,-0.093266,0.193841
-0.204692,-0.097574,0.192850
-0.205715,-0.096619,0.193229
-0.206541,-0.100087,0.192014
-0.208738,-0.100393,0.192155
-0.210517,-0.102428,0.190170
-0.211456,-0.103518,0.187060
-0.211877,-0.104429,0.188401
-0.213549,-0.106577,0.184436
-0.213417,-0.111026,0.185915
-0.216964,-0.109613,0.182633
-0.217956,-0.112204,0.180889
-0.217755,-0.114883,0.180731
-0.221235,-0.115370,0.177345
-0.221365,-0.116886,0.179227
-0.221320,-0.119051,0.176885
-0.224210,-0.121467,0.175706
-0.226210,-0.123131,0.172523
-0.227502,-0.124344,0.170685
-0.227241,-0.126409,0.171556
-0.231587,-0.127608,0.169868
-0.230538,-0.131272,0.168309
-0.231471,-0.132644,0.166394
-0.233912,-0.136182,0.163604
-0.234871,-0.137216,0.162686
-0.235837,-0.140662,0.160446
-0.236509,-0.141126,0.158222
-0.238796,-0.142530,0.155756
-0.241165,-0.145419,0.156454
-0.241300,-0.148381,0.154522
-0.243409,-0.152604,0.150467
-0.244198,-0.153485,0.150309
-0.244223,-0.154621,0.149144
-0.246669,-0.156575,0.146336
-0.249509,-0.159211,0.145529
-0.249281,-0.162909,0.143515
-0.250627,-0.164795,0.142003
-0.252788,-0.167309,0.138122
-0.253423,-0.171981,0.138620
-0.254479,-0.174304,0.135373
-0.257179,-0.175064,0.134835
-0.257067,-0.176763,0.133775
-0.260425,-0.181780,0.128880
-0.262267,-0.182114,0.129383
-0.262726,-0.186608,0.125471
-0.264075,-0.190245,0.123579
-0.265064,-0.191366,0.121500
-0.267531,-0.194017,0.121148
-0.268200,-0.197650,0.118990
-0.270873,-0.199556,0.115104
-0.270546,-0.201184,0.114204
-0.273389,-0.205153,0.111820
-0.274669,-0.205389,0.109236
-0.275015,-0.207639,0.110347
-0.276782,-0.212423,0.106224
-0.278046,-0.214136,0.103849
-0.280329,-0.217293,0.102148
-0.281102,-0.220836,0.100146
-0.280885,-0.223583,0.096588
-0.283120,-0.228227,0.092890
-0.286514,-0.234014,0.088021
-0.288701,-0.240779,0.085093
-0.288936,-0.246381,0.080651
0.097720,-0.002890,0.266235
0.096975,0.001551,0.268041
0.095737,0.005083,0.271457
0.097064,0.008129,0.274767
0.093492,0.010285,0.274500
0.094023,0.012945,0.278673
0.092247,0.011768,0.276542
0.090963,0.015214,0.279779
0.089958,0.015181,0.279133
0.087968,0.017052,0.279450
0.087748,0.017080,0.281414
0.086645,0.020845,0.282851
0.085195,0.020481,0.284592
0.082954,0.020491,0.283535
0.082701,0.023527,0.284695
0.081379,0.023722,0.286301
0.080374,0.025086,0.286708
0.077514,0.027143,0.287284
0.077200,0.027209,0.287730
0.074878,0.027334,0.288268
0.077293,0.028641,0.290780
0.074313,0.031921,0.290015
0.072085,0.031934,0.291715
0.072353,0.029869,0.291321
0.071941,0.033324,0.290911
0.069796,0.031671,0.291854
0.069072,0.033857,0.293976
0.067520,0.035643,0.293895
0.065749,0.034328,0.295663
0.064218,0.036823,0.297039
0.063872,0.036869,0.296322
0.064580,0.036444,0.296591
0.061309,0.037230,0.296141
0.061240,0.038132,0.296703
0.058606,0.038590,0.298106
0.058120,0.040500,0.299739
0.057730,0.040983,0.299326
0.057176,0.042970,0.298887
0.056801,0.042006,0.300661
0.053741,0.044247,0.299979
0.051985,0.043495,0.301475
0.051351,0.044139,0.299991
0.050482,0.044500,0.301913
0.049523,0.046463,0.303375
0.045775,0.047783,0.303394
0.045089,0.048440,0.302772
0.045588,0.046496,0.304390
0.044230,0.047949,0.303423
0.044758,0.050018,0.303615
0.040150,0.050878,0.306532
0.041715,0.049079,0.305064
0.038946,0.051442,0.307272
0.037734,0.050509,0.308394
0.037752,0.053384,0.307047
0.037412,0.052155,0.307622
0.035278,0.052797,0.306992
0.035389,0.052580,0.309587
0.032671,0.053780,0.308144
0.031742,0.054400,0.308042
0.031128,0.055136,0.310204
0.031435,0.057687,0.310194
0.028990,0.055609,0.309209
0.027899,0.056457,0.312400
0.027914,0.059071,0.311646
0.025614,0.059763,0.311198
0.025497,0.059036,0.313298
0.024275,0.060211,0.312559
0.022531,0.060149,0.315209
0.022625,0.059962,0.312751
0.018714,0.060663,0.314009
0.020120,0.062033,0.314667
0.017529,0.061404,0.314087
0.015986,0.063820,0.314558
0.016508,0.063519,0.315843
0.015776,0.063800,0.319036
0.013130,0.062551,0.315426
0.011530,0.063879,0.315769
0.011514,0.064962,0.316020
0.008905,0.063457,0.316237
0.010288,0.065691,0.317655
0.009316,0.063531,0.317262
0.008330,0.062990,0.317459
0.006218,0.064647,0.317570
0.005098,0.065332,0.316314
0.004975,0.064961,0.319521
0.002268,0.065031,0.315368
-0.000041,0.065602,0.317827
-0.001634,0.067773,0.316634
-0.000425,0.066775,0.318339
-0.000518,0.066057,0.319013
-0.001987,0.063780,0.318219
-0.003834,0.066141,0.317070
-0.005320,0.066079,0.315839
-0.005764,0.066861,0.317318
-0.006340,0.066305,0.319157
-0.009149,0.067213,0.317538
-0.010342,0.067170,0.320999
-0.012340,0.067844,0.319460
-0.011552,0.067551,0.319519
-0.010855,0.068731,0.318694
-0.012215,0.068244,0.319906
-0.013314,0.069660,0.320191
-0.015572,0.068980,0.319538
-0.017550,0.068022,0.319334
-0.017102,0.069056,0.320111
-0.017483,0.067109,0.320129
-0.020106,0.068529,0.320573
-0.019726,0.066613,0.320942
-0.020948,0.069780,0.320302
-0.021698,0.068316,0.319974
-0.022652,0.069317,0.320407
-0.025137,0.069026,0.320776
-0.023911,0.070699,0.320364
-0.026973,0.070736,0.320877
-0.027976,0.071693,0.322060
-0.029382,0.070487,0.319875
-0.030166,0.070304,0.323011
-0.031273,0.071981,0.320772
-0.032905,0.070867,0.321211
-0.033298,0.069760,0.321511
-0.035154,0.070450,0.321167
-0.035029,0.070357,0.321358
-0.036805,0.070263,0.321759
-0.038382,0.071159,0.321195
-0.039253,0.069940,0.320976
-0.037145,0.070004,0.322265
-0.040391,0.070939,0.321703
-0.042105,0.070983,0.320689
-0.044008,0.071598,0.320464
-0.045049,0.070605,0.322061
-0.044253,0.070669,0.322947
-0.046674,0.072483,0.321418
-0.048726,0.070332,0.322409
-0.048413,0.071301,0.321735
-0.049920,0.072003,0.322295
-0.051337,0.071746,0.322674
-0.051415,0.070955,0.321155
-0.052792,0.071746,0.319833
-0.053580,0.071167,0.323314
-0.054968,0.071188,0.321685
-0.055517,0.072044,0.322469
-0.058179,0.072822,0.320884
-0.058407,0.070574,0.322378
-0.058657,0.074118,0.321452
-0.060802,0.069539,0.320733
-0.058965,0.073174,0.320791
-0.064545,0.072335,0.323691
-0.063529,0.071940,0.323111
-0.064294,0.071055,0.323401
-0.066696,0.071778,0.322067
-0.066448,0.071277,0.322638
-0.068076,0.072383,0.320575
-0.068594,0.070549,0.323102
-0.069077,0.072446,0.324154
-0.069768,0.072045,0.322881
-0.070441,0.071872,0.322491
-0.071515,0.070562,0.321766
-0.073812,0.071691,0.321944
-0.076386,0.071224,0.321581
-0.077520,0.069327,0.322124
-0.078566,0.073782,0.321555
-0.078954,0.071824,0.322067
-0.079735,0.072216,0.322833
-0.079794,0.071257,0.321789
-0.083178,0.072404,0.322853
-0.082458,0.071444,0.320774
-0.083373,0.071438,0.322006
-0.084008,0.068807,0.321769
-0.083687,0.074083,0.321931
-0.087465,0.071566,0.320374
-0.086722,0.070924,0.325136
-0.089657,0.070421,0.322440
-0.090787,0.070968,0.321550
-0.091552,0.072041,0.320902
-0.093469,0.068546,0.319824
-0.092537,0.069229,0.321554
-0.093927,0.070710,0.323078
-0.096101,0.071522,0.321766
-0.096395,0.070574,0.322089
-0.095637,0.069727,0.321138
-0.100140,0.070216,0.319700
-0.101013,0.069620,0.321439
-0.099777,0.070431,0.319897
-0.100599,0.071062,0.320930
-0.102764,0.068325,0.320936
-0.103332,0.069150,0.320860
-0.103635,0.070573,0.320638
-0.107534,0.070044,0.318608
-0.109312,0.070085,0.321206
-0.106962,0.069853,0.319391
-0.108213,0.068546,0.321009
-0.111957,0.067995,0.318901
-0.111119,0.068369,0.319647
-0.112652,0.068264,0.319028
-0.112652,0.068389,0.317767
-0.115379,0.067070,0.317811
-0.115854,0.067010,0.318126
-0.114750,0.065063,0.318530
-0.117723,0.066226,0.318366
-0.117771,0.065965,0.320843
-0.117857,0.064617,0.317943
-0.122265,0.063584,0.316134
-0.123141,0.064720,0.317255
-0.123117,0.065471,0.316498
-0.123413,0.063684,0.316301
-0.125070,0.063486,0.317260
-0.126983,0.063154,0.315818
-0.127596,0.061085,0.318082
-0.127280,0.061947,0.314448
-0.129067,0.061137,0.314436
-0.128487,0.060625,0.315668
-0.130970,0.060209,0.313956
-0.134107,0.059479,0.312317
-0.133442,0.058182,0.312477
-0.135408,0.057438,0.311340
-0.135030,0.058653,0.310673
-0.136246,0.056598,0.312118
-0.138757,0.056264,0.310923
-0.137908,0.051995,0.308831
-0.138522,0.054161,0.309747
-0.141788,0.053576,0.309465
-0.142763,0.052707,0.306684
-0.144118,0.050243,0.305690
-0.145777,0.049285,0.304888
-0.146495,0.048047,0.303818
-0.145018,0.045515,0.303091
-0.147636,0.002376,0.269050
-0.153387,0.000568,0.269092
-0.149635,-0.001203,0.265297
-0.151860,-0.002780,0.265826
-0.154349,-0.006276,0.264055
-0.156336,-0.007557,0.261433
-0.156936,-0.009041,0.259692
-0.157778,-0.014666,0.257912
-0.160330,-0.016954,0.256064
-0.158924,-0.018068,0.255458
-0.160520,-0.020602,0.253624
-0.163103,-0.022887,0.249693
-0.165199,-0.024165,0.246308
-0.165376,-0.028022,0.247655
-0.167092,-0.032579,0.244408
-0.167682,-0.034583,0.242026
-0.169840,-0.039876,0.239656
-0.169781,-0.041874,0.234595
-0.171176,-0.044823,0.233049
-0.171081,-0.050286,0.228050
-0.173677,-0.050843,0.228843
-0.173876,-0.054122,0.226488
-0.176445,-0.059298,0.224988
-0.177609,-0.062303,0.222534
-0.179517,-0.064721,0.219599
-0.181079,-0.064346,0.217940
-0.179291,-0.068188,0.217387
-0.181274,-0.069268,0.215938
-0.182852,-0.072597,0.213783
-0.185187,-0.072721,0.214625
-0.186509,-0.074167,0.210762
-0.186363,-0.076142,0.209934
-0.186039,-0.079504,0.208108
-0.189085,-0.080539,0.206988
-0.189938,-0.080818,0.206027
-0.191634,-0.082339,0.205447
-0.192290,-0.083922,0.205054
-0.194870,-0.088769,0.202934
-0.197060,-0.089991,0.201392
-0.197902,-0.091074,0.199484
-0.199962,-0.089612,0.199485
-0.200379,-0.091067,0.198116
-0.202338,-0.091227,0.197948
-0.202313,-0.094092,0.196247
-0.202426,-0.097055,0.197101
-0.203418,-0.097838,0.194406
-0.204842,-0.098992,0.192660
-0.206665,-0.101451,0.192561
-0.210116,-0.100707,0.191069
-0.209887,-0.101568,0.189752
-0.211361,-0.103377,0.189817
-0.212053,-0.105581,0.189549
-0.212371,-0.105121,0.187907
-0.215097,-0.108579,0.184948
-0.216768,-0.110616,0.186928
-0.215788,-0.110129,0.183525
-0.219443,-0.111304,0.183086
-0.219777,-0.117090,0.182143
-0.220433,-0.117201,0.179390
-0.222313,-0.117950,0.177260
-0.224912,-0.120677,0.176781
-0.223942,-0.120991,0.173509
-0.226019,-0.123440,0.173325
-0.228796,-0.126712,0.173059
-0.228079,-0.129231,0.173027
-0.230911,-0.131790,0.170423
-0.231363,-0.131529,0.168905
-0.234263,-0.134667,0.168787
-0.234254,-0.137649,0.163187
-0.236106,-0.138365,0.165507
-0.238057,-0.139802,0.161066
-0.237625,-0.141530,0.157629
-0.240518,-0.146651,0.158823
-0.242169,-0.149295,0.155212
-0.243321,-0.150810,0.153185
-0.244331,-0.153478,0.153370
-0.245856,-0.156450,0.151639
-0.248782,-0.157692,0.149174
-0.248579,-0.161087,0.148451
-0.250108,-0.163258,0.144581
-0.251416,-0.164256,0.142461
-0.251106,-0.166588,0.142271
-0.252798,-0.171202,0.139776
-0.256396,-0.172996,0.136947
-0.256975,-0.176766,0.135598
-0.260838,-0.177998,0.134170
-0.258232,-0.181029,0.132801
-0.260347,-0.181331,0.130164
-0.262853,-0.184172,0.127895
-0.264498,-0.185380,0.124413
-0.265272,-0.190315,0.124826
-0.268326,-0.192178,0.122971
-0.268350,-0.194778,0.120532
-0.270340,-0.198539,0.117997
-0.271130,-0.200299,0.118227
-0.272210,-0.201520,0.115416
-0.274225,-0.204998,0.115185
-0.277745,-0.209618,0.111884
-0.277108,-0.209803,0.109867
-0.278618,-0.211530,0.107026
-0.279647,-0.216136,0.106584
-0.280943,-0.219505,0.103244
-0.283377,-0.219568,0.100170
-0.283308,-0.226210,0.097605
-0.284688,-0.230675,0.094585
-0.286425,-0.235947,0.090887
-0.289265,-0.242067,0.085810
-0.291130,-0.247980,0.082353
0.100162,-0.005710,0.265284
0.099278,-0.003195,0.267964
0.097819,-0.000665,0.271195
0.095826,0.006249,0.272523
0.093929,0.010297,0.273986
0.094190,0.009390,0.276334
0.091532,0.010602,0.276584
0.092505,0.011835,0.278460
0.089059,0.014628,0.280672
0.088335,0.016526,0.280131
0.088424,0.015333,0.280513
0.085458,0.017884,0.282533
0.085361,0.020006,0.284567
0.082872,0.020212,0.284652
0.082713,0.020341,0.285634
0.080996,0.022574,0.286296
0.079506,0.024891,0.287450
0.079528,0.023665,0.286929
0.079480,0.026653,0.287877
0.076828,0.027278,0.291046
0.076489,0.025281,0.290988
0.073302,0.027770,0.291949
0.074382,0.028917,0.290955
0.073934,0.030790,0.291841
0.071534,0.030129,0.292153
0.068931,0.032532,0.294653
0.069847,0.034996,0.292797
0.067782,0.032710,0.293181
0.066187,0.034707,0.295649
0.065402,0.035217,0.294280
0.063011,0.036919,0.293381
0.061027,0.034825,0.297022
0.061769,0.036584,0.298837
0.060046,0.037604,0.298398
0.058280,0.036759,0.297565
0.058436,0.039814,0.299823
0.058402,0.039035,0.297774
0.053780,0.040423,0.300049
0.055811,0.042120,0.300217
0.051983,0.040831,0.300084
0.051953,0.043226,0.301501
0.052541,0.044604,0.302694
0.050416,0.042720,0.302011
0.049437,0.044734,0.304270
0.049215,0.044073,0.301766
0.049145,0.045161,0.303194
0.045885,0.044957,0.300499
0.043731,0.047161,0.303561
0.042107,0.046465,0.305496
0.041936,0.047997,0.306873
0.041490,0.048319,0.308572
0.040429,0.047754,0.305691
0.039371,0.052246,0.307366
0.039285,0.049776,0.305675
0.036313,0.052279,0.307477
0.036293,0.053395,0.308168
0.034788,0.054032,0.310229
0.032813,0.051148,0.309424
0.033994,0.053697,0.308887
0.030248,0.055085,0.310656
0.029387,0.056330,0.311127
0.030613,0.056024,0.311512
0.028749,0.054627,0.310764
0.026738,0.055368,0.309242
0.025585,0.056543,0.313385
0.025840,0.057816,0.314059
0.020363,0.058611,0.312034
0.022965,0.057278,0.312583
0.022243,0.060182,0.313423
0.020670,0.059431,0.313328
0.019040,0.058395,0.313601
0.018402,0.061207,0.314446
0.016599,0.059861,0.315415
0.015971,0.059419,0.314310
0.013442,0.060578,0.315660
0.015508,0.062504,0.316650
0.012802,0.062255,0.317035
0.010550,0.061485,0.315784
0.010877,0.062111,0.315458
0.008031,0.062170,0.316992
0.007621,0.061680,0.315117
0.004579,0.062507,0.319284
0.005410,0.061258,0.317828
0.005321,0.062336,0.318224
0.002743,0.061658,0.316031
0.002774,0.062953,0.315940
0.001889,0.062510,0.317141
0.001591,0.063432,0.316771
-0.000377,0.062431,0.316141
-0.001490,0.065255,0.316516
-0.003971,0.065632,0.315931
-0.003792,0.062155,0.320251
-0.004492,0.063654,0.318217
-0.006007,0.063750,0.318956
-0.008216,0.064500,0.318627
-0.009087,0.064457,0.318057
-0.007591,0.065317,0.318257
-0.009080,0.066003,0.319422
-0.010453,0.063955,0.317993
-0.011882,0.065284,0.319018
-0.012004,0.065411,0.318536
-0.014381,0.063799,0.319194
-0.013691,0.066206,0.321230
-0.016741,0.065601,0.321052
-0.017389,0.065003,0.319497
-0.018336,0.067068,0.319400
-0.020593,0.068425,0.319754
-0.022474,0.068132,0.320717
-0.020947,0.066174,0.320230
-0.023872,0.068168,0.320949
-0.024395,0.069245,0.323022
-0.025237,0.070039,0.320929
-0.025189,0.068122,0.320612
-0.026791,0.068882,0.319756
-0.026756,0.068143,0.320060
-0.028548,0.068278,0.321046
-0.032134,0.069229,0.319909
-0.032507,0.070168,0.320849
-0.032566,0.068702,0.320828
-0.036342,0.070053,0.322507
-0.034147,0.068920,0.321189
-0.035875,0.068300,0.322571
-0.036098,0.067836,0.322313
-0.036835,0.070303,0.322772
-0.039567,0.068501,0.322477
-0.039635,0.070724,0.322341
-0.039252,0.069459,0.320076
-0.041604,0.068171,0.322936
-0.042507,0.069647,0.323123
-0.043485,0.069333,0.319925
-0.045319,0.067864,0.325272
-0.047307,0.069359,0.320316
-0.048624,0.069465,0.321649
-0.046871,0.069142,0.322435
-0.050295,0.069938,0.323028
-0.049859,0.071315,0.321091
-0.051845,0.068007,0.324253
-0.050328,0.070033,0.321658
-0.053647,0.068770,0.323115
-0.055225,0.070222,0.322929
-0.056657,0.069005,0.323584
-0.057675,0.068498,0.322273
-0.057548,0.069726,0.320166
-0.059517,0.068917,0.322354
-0.059094,0.072119,0.321800
-0.061246,0.070364,0.324387
-0.061243,0.069995,0.321134
-0.062462,0.071509,0.323303
-0.064724,0.070409,0.322014
-0.065805,0.070007,0.321350
-0.067011,0.069903,0.321790
-0.068603,0.069739,0.324710
-0.067920,0.069884,0.322501
-0.070207,0.070151,0.322047
-0.069522,0.069344,0.322239
-0.070736,0.069466,0.322936
-0.072453,0.070641,0.321552
-0.072833,0.071266,0.323191
-0.075731,0.071335,0.321992
-0.075614,0.069475,0.322285
-0.077652,0.070649,0.321647
-0.079165,0.067970,0.321864
-0.080954,0.069828,0.321121
-0.082242,0.070859,0.322364
-0.081600,0.070709,0.323569
-0.082794,0.069332,0.323233
-0.083868,0.069878,0.322603
-0.083580,0.067476,0.319750
-0.085486,0.070202,0.322325
-0.087168,0.068647,0.322135
-0.087822,0.068338,0.322529
-0.087747,0.069253,0.321532
-0.090525,0.069942,0.323430
-0.090632,0.069051,0.322335
-0.092152,0.069160,0.322430
-0.094246,0.069237,0.322528
-0.094661,0.068480,0.320518
-0.095690,0.069435,0.322152
-0.096844,0.068430,0.321753
-0.095605,0.070413,0.322798
-0.098564,0.068923,0.323152
-0.098943,0.069336,0.320725
-0.098757,0.068465,0.321022
-0.102372,0.070162,0.321311
-0.103169,0.068966,0.321577
-0.103755,0.070176,0.321207
-0.104779,0.067920,0.319782
-0.105453,0.066562,0.321133
-0.106406,0.067304,0.322383
-0.107856,0.066401,0.321670
-0.109019,0.067195,0.319626
-0.108414,0.067487,0.320903
-0.111417,0.067807,0.318896
-0.111585,0.066880,0.319883
-0.112232,0.065384,0.320170
-0.115672,0.065436,0.319457
-0.116731,0.065917,0.317885
-0.117502,0.066162,0.316645
-0.117974,0.065152,0.318718
-0.118406,0.064449,0.317763
-0.119401,0.066007,0.317496
-0.120585,0.065483,0.317454
-0.122172,0.063476,0.316919
-0.123507,0.064278,0.316550
-0.124493,0.064470,0.316777
-0.123553,0.059547,0.317955
-0.125037,0.062539,0.317227
-0.126268,0.062270,0.314489
-0.128022,0.060055,0.314862
-0.130639,0.059281,0.314804
-0.130670,0.058810,0.314713
-0.130340,0.059594,0.314656
-0.132366,0.060308,0.313464
-0.133626,0.057510,0.311838
-0.133622,0.057360,0.312651
-0.136981,0.055367,0.310736
-0.136341,0.053386,0.312288
-0.136681,0.054897,0.308649
-0.141150,0.054908,0.309257
-0.138743,0.053130,0.309097
-0.142337,0.053287,0.309732
-0.142454,0.050949,0.307171
-0.143971,0.047795,0.306337
-0.144824,0.047559,0.304891
-0.143908,0.046175,0.305828
-0.148046,0.040363,0.299111
-0.148233,0.001275,0.269755
-0.150014,-0.002976,0.268915
-0.150388,-0.003605,0.267499
-0.154087,-0.005078,0.266410
-0.155805,-0.009674,0.264195
-0.154746,-0.009627,0.261142
-0.156916,-0.014024,0.260600
-0.158168,-0.016994,0.258328
-0.159928,-0.018165,0.254589
-0.160510,-0.019551,0.253243
-0.163076,-0.020730,0.253593
-0.163042,-0.025067,0.251682
-0.162924,-0.026470,0.248458
-0.165426,-0.031378,0.247276
-0.165048,-0.032672,0.242643
-0.165753,-0.035061,0.242425
-0.169383,-0.039778,0.240731
-0.170351,-0.043321,0.237320
-0.172382,-0.047132,0.234787
-0.172864,-0.050100,0.230354
-0.172734,-0.054258,0.228195
-0.174968,-0.053992,0.226649
-0.176270,-0.059500,0.223732
-0.178198,-0.062590,0.222518
-0.179535,-0.064864,0.220201
-0.180449,-0.065981,0.220764
-0.183447,-0.068173,0.218888
-0.182384,-0.069239,0.217732
-0.183758,-0.070702,0.213115
-0.186203,-0.073034,0.214213
-0.185656,-0.076011,0.210187
-0.186217,-0.077708,0.211368
-0.189088,-0.079413,0.208405
-0.189811,-0.080232,0.209389
-0.191563,-0.082304,0.206917
-0.191336,-0.083494,0.206733
-0.193543,-0.083427,0.203299
-0.193707,-0.085635,0.206606
-0.195568,-0.088662,0.203279
-0.198909,-0.092307,0.201620
-0.199309,-0.089210,0.199416
-0.200537,-0.090238,0.199218
-0.202116,-0.092934,0.200654
-0.202513,-0.093062,0.197339
-0.204205,-0.095141,0.198569
-0.204446,-0.097080,0.197699
-0.206742,-0.097407,0.194798
-0.207326,-0.100774,0.193996
-0.207995,-0.100052,0.193433
-0.209054,-0.103431,0.191701
-0.212268,-0.104284,0.190253
-0.210977,-0.104475,0.191760
-0.213273,-0.104939,0.187909
-0.215314,-0.107756,0.187889
-0.215346,-0.109838,0.185936
-0.215775,-0.110131,0.182820
-0.218862,-0.112163,0.183917
-0.220060,-0.114817,0.182788
-0.221641,-0.117920,0.180692
-0.222658,-0.117829,0.179840
-0.223620,-0.121817,0.178568
-0.226807,-0.122399,0.177380
-0.226723,-0.125631,0.174637
-0.227427,-0.124014,0.174273
-0.228607,-0.127259,0.173450
-0.231864,-0.129666,0.171744
-0.230758,-0.133454,0.168618
-0.232154,-0.134457,0.169401
-0.234718,-0.137752,0.166541
-0.236908,-0.138175,0.162490
-0.236023,-0.141647,0.162927
-0.238806,-0.142341,0.160075
-0.241224,-0.143971,0.161641
-0.240777,-0.147748,0.158101
-0.243302,-0.150696,0.157343
-0.243857,-0.151685,0.156354
-0.244452,-0.154864,0.152784
-0.246898,-0.156521,0.151270
-0.247352,-0.159458,0.149304
-0.250943,-0.160991,0.148832
-0.248781,-0.163329,0.146810
-0.252142,-0.166280,0.142479
-0.253774,-0.168733,0.144447
-0.253681,-0.172431,0.138885
-0.254713,-0.173642,0.137513
-0.258006,-0.176550,0.135606
-0.259378,-0.178851,0.135382
-0.260129,-0.180362,0.134405
-0.262588,-0.183988,0.130186
-0.264303,-0.187308,0.129135
-0.264875,-0.189409,0.126209
-0.266585,-0.191412,0.126491
-0.267038,-0.194901,0.124579
-0.269256,-0.195029,0.121831
-0.271864,-0.199809,0.119485
-0.269956,-0.202258,0.116898
-0.272681,-0.205543,0.116665
-0.274539,-0.207319,0.112906
-0.278255,-0.208666,0.110615
-0.278020,-0.211682,0.108937
-0.280663,-0.212741,0.108823
-0.279724,-0.216170,0.104825
-0.281342,-0.221536,0.102666
-0.283747,-0.223014,0.099834
-0.286506,-0.226535,0.097798
-0.288067,-0.232449,0.094097
-0.289360,-0.238769,0.088774
-0.291639,-0.243751,0.086232
-0.293351,-0.251045,0.082355
0.099883,-0.004346,0.265780
0.098812,-0.000688,0.271087
0.095027,0.003417,0.273636
0.093772,0.006759,0.275449
0.093197,0.009539,0.277123
0.092796,0.009952,0.278772
0.089694,0.009921,0.279820
0.089414,0.013458,0.279868
0.088793,0.013081,0.282482
0.087587,0.014272,0.282430
0.086750,0.016712,0.283120
0.085502,0.018845,0.285019
0.084333,0.020069,0.285131
0.082468,0.019596,0.285106
0.080033,0.023375,0.286363
0.078460,0.022209,0.287656
0.078157,0.023175,0.288893
0.078487,0.022757,0.288761
0.076930,0.027276,0.290025
0.077103,0.024094,0.289954
0.074073,0.026180,0.291290
0.074176,0.027240,0.291478
0.072216,0.030422,0.291600
0.071028,0.030606,0.293495
0.070431,0.031233,0.293182
0.068251,0.030517,0.294791
0.066869,0.031987,0.296026
0.067077,0.031999,0.297054
0.066404,0.034871,0.295878
0.062594,0.035200,0.297535
0.062104,0.035873,0.296459
0.061354,0.036449,0.298613
0.059684,0.037636,0.297137
0.057988,0.035500,0.298802
0.060095,0.036608,0.299818
0.058532,0.036817,0.299732
0.055735,0.039162,0.300110
0.053103,0.039047,0.300199
0.052628,0.039828,0.300904
0.051603,0.040777,0.300901
0.050195,0.042764,0.303160
0.050580,0.041317,0.303597
0.048549,0.044321,0.304420
0.049675,0.042918,0.304504
0.047602,0.044642,0.303781
0.045639,0.044609,0.303686
0.043550,0.045541,0.304846
0.042706,0.046618,0.304816
0.041530,0.045521,0.305295
0.040594,0.045273,0.305099
0.040911,0.047633,0.307561
0.039415,0.047290,0.307961
0.037434,0.049170,0.307278
0.038866,0.048579,0.308390
0.037089,0.049900,0.308447
0.035331,0.049662,0.309503
0.033650,0.050406,0.311694
0.032499,0.050984,0.309816
0.030974,0.051267,0.308836
0.031201,0.051674,0.310234
0.028762,0.051345,0.311839
0.029456,0.053818,0.310791
0.025637,0.052234,0.312630
0.023445,0.053178,0.312702
0.024800,0.055639,0.313233
0.023371,0.056967,0.314077
0.022342,0.056965,0.313626
0.022342,0.057050,0.313362
0.020507,0.055887,0.314654
0.020655,0.055794,0.314180
0.017079,0.057406,0.314995
0.017115,0.056436,0.316246
0.016304,0.059568,0.315664
0.016100,0.058648,0.316546
0.014855,0.059375,0.315408
0.012195,0.057916,0.316780
0.012277,0.059513,0.316130
0.012391,0.059128,0.316554
0.010595,0.060984,0.318297
0.007858,0.060574,0.314754
0.007102,0.060671,0.314134
0.006663,0.061998,0.316532
0.002719,0.061460,0.315542
0.005227,0.060255,0.317152
0.002770,0.061887,0.315987
0.001249,0.059003,0.318109
0.001869,0.060310,0.317583
-0.001835,0.062487,0.317148
-0.001007,0.062982,0.317310
-0.000630,0.060760,0.318013
-0.002692,0.062082,0.319392
-0.006083,0.062448,0.318580
-0.006381,0.061871,0.317225
-0.008311,0.063374,0.316601
-0.009355,0.063719,0.319352
-0.007234,0.063603,0.317959
-0.007946,0.063433,0.320217
-0.010717,0.061859,0.319428
-0.011374,0.063795,0.317888
-0.012476,0.064742,0.318262
-0.013758,0.063352,0.319450
-0.015756,0.064939,0.320375
-0.018280,0.064943,0.318781
-0.016418,0.063792,0.318808
-0.017910,0.064752,0.319838
-0.021320,0.065379,0.318700
-0.021986,0.063989,0.318895
-0.020772,0.066242,0.320816
-0.023067,0.064400,0.319955
-0.024777,0.067088,0.320195
-0.025771,0.067235,0.320967
-0.026873,0.065666,0.318720
-0.026801,0.066889,0.321352
-0.026837,0.065803,0.321063
-0.030958,0.068340,0.320870
-0.032194,0.065179,0.320738
-0.032525,0.067568,0.321806
-0.032300,0.067537,0.321321
-0.033363,0.066825,0.323548
-0.035498,0.066841,0.321825
-0.035399,0.068126,0.323594
-0.038686,0.068089,0.321876
-0.036828,0.067624,0.321414
-0.039162,0.068529,0.322692
-0.039789,0.067722,0.322810
-0.041363,0.066608,0.323669
-0.041492,0.069171,0.322776
-0.041421,0.067335,0.322424
-0.043898,0.068687,0.322465
-0.045436,0.067531,0.322833
-0.047940,0.068709,0.321843
-0.046091,0.067928,0.322552
-0.047951,0.068159,0.322940
-0.050430,0.069367,0.321830
-0.051470,0.067808,0.322367
-0.051808,0.069145,0.321252
-0.053248,0.068602,0.322886
-0.053747,0.067705,0.323729
-0.056588,0.066478,0.321832
-0.057247,0.069127,0.323011
-0.055995,0.066736,0.322870
-0.057856,0.069594,0.320859
-0.059708,0.069330,0.323226
-0.057411,0.070166,0.322997
-0.061941,0.069833,0.323406
-0.061271,0.068998,0.322190
-0.064536,0.069774,0.321965
-0.063920,0.068107,0.323672
-0.065398,0.070250,0.323350
-0.065749,0.068686,0.324826
-0.069367,0.067544,0.322565
-0.067588,0.069551,0.323008
-0.069861,0.070579,0.322737
-0.069900,0.066779,0.322352
-0.071515,0.067675,0.322235
-0.073471,0.068591,0.324152
-0.074160,0.069022,0.323767
-0.075886,0.068280,0.323811
-0.075107,0.069945,0.324315
-0.078459,0.069199,0.323261
-0.079933,0.070916,0.321882
-0.079171,0.069404,0.323757
-0.080611,0.068784,0.322799
-0.082230,0.067798,0.322595
-0.082756,0.066270,0.323192
-0.083649,0.067605,0.320236
-0.084437,0.068782,0.322633
-0.085599,0.068048,0.322471
-0.085215,0.067307,0.322490
-0.086657,0.069823,0.322457
-0.087329,0.068831,0.322738
-0.090973,0.068467,0.323135
-0.091548,0.069256,0.322831
-0.092476,0.067845,0.321459
-0.092982,0.068802,0.323191
-0.093875,0.067570,0.323092
-0.094861,0.065817,0.321381
-0.096616,0.067909,0.323778
-0.097751,0.068692,0.321488
-0.099066,0.068505,0.322076
-0.100530,0.067324,0.320021
-0.101218,0.067652,0.321437
-0.103504,0.067372,0.322959
-0.102163,0.066604,0.322480
-0.103363,0.066194,0.324047
-0.104519,0.067106,0.322382
-0.105601,0.067534,0.320350
-0.104804,0.066734,0.321073
-0.106622,0.067252,0.321605
-0.110732,0.067561,0.321957
-0.111126,0.066699,0.321363
-0.111207,0.066458,0.320837
-0.111575,0.065276,0.322601
-0.114156,0.064778,0.320489
-0.115034,0.065280,0.318839
-0.114837,0.064719,0.320927
-0.119141,0.064949,0.318786
-0.118111,0.063644,0.319826
-0.116505,0.063135,0.317709
-0.118083,0.064281,0.319013
-0.120379,0.061112,0.318047
-0.120711,0.062261,0.317696
-0.122775,0.062212,0.317135
-0.125170,0.061784,0.317057
-0.124415,0.061037,0.316769
-0.126604,0.060476,0.318286
-0.127640,0.060641,0.314943
-0.130736,0.060834,0.315753
-0.128654,0.058046,0.316437
-0.131797,0.057675,0.316431
-0.131882,0.056567,0.313942
-0.131945,0.057084,0.314872
-0.134572,0.055862,0.313384
-0.135453,0.056132,0.312768
-0.135227,0.055533,0.312891
-0.136570,0.054186,0.312358
-0.137790,0.052561,0.311371
-0.138838,0.052241,0.310347
-0.140771,0.052659,0.309817
-0.141935,0.051329,0.309362
-0.141007,0.048209,0.308013
-0.143844,0.047628,0.307162
-0.144775,0.045636,0.305594
-0.147438,0.045326,0.304282
-0.146676,0.037687,0.298449
-0.150611,-0.002701,0.268862
-0.151314,-0.003035,0.267662
-0.152554,-0.007108,0.267168
-0.153801,-0.005760,0.267025
-0.153617,-0.010770,0.263068
-0.155478,-0.012632,0.260086
-0.157421,-0.012489,0.260875
-0.158896,-0.016275,0.258119
-0.159609,-0.019467,0.256720
-0.159520,-0.020227,0.254723
-0.159904,-0.023436,0.252711
-0.161862,-0.026694,0.252999
-0.163051,-0.030723,0.249958
-0.164035,-0.031854,0.246094
-0.168011,-0.033987,0.244642
-0.165810,-0.037699,0.240920
-0.170189,-0.041968,0.238773
-0.170058,-0.044657,0.236768
-0.169870,-0.045714,0.234383
-0.174512,-0.051986,0.231389
-0.174426,-0.055760,0.231114
-0.176308,-0.057567,0.227449
-0.176394,-0.059895,0.224236
-0.176339,-0.063405,0.224468
-0.177606,-0.065585,0.222586
-0.180783,-0.067693,0.220379
-0.181726,-0.069301,0.220429
-0.183065,-0.070954,0.217704
-0.185521,-0.074172,0.218372
-0.185859,-0.072772,0.215126
-0.186737,-0.076586,0.212180
-0.186609,-0.076102,0.212857
-0.189262,-0.078335,0.211347
-0.189288,-0.079245,0.210596
-0.189868,-0.081717,0.208308
-0.192281,-0.084829,0.210372
-0.191341,-0.085776,0.206305
-0.194609,-0.085400,0.206430
-0.197105,-0.086935,0.201625
-0.199248,-0.089798,0.203156
-0.198607,-0.091119,0.201719
-0.198048,-0.093466,0.200156
-0.201672,-0.092152,0.198815
-0.203319,-0.094027,0.201329
-0.204974,-0.097900,0.198148
-0.206235,-0.096944,0.197829
-0.206798,-0.098857,0.198054
-0.207256,-0.100354,0.196060
-0.207599,-0.100376,0.195327
-0.210500,-0.103737,0.194288
-0.210352,-0.103150,0.193451
-0.211354,-0.105393,0.191514
-0.214131,-0.109396,0.189834
-0.214750,-0.109169,0.190135
-0.216390,-0.110845,0.186593
-0.216299,-0.112609,0.185802
-0.219180,-0.114322,0.185049
-0.220343,-0.114285,0.182565
-0.220870,-0.115675,0.182566
-0.222828,-0.119500,0.181769
-0.222298,-0.118457,0.182196
-0.224939,-0.122624,0.179617
-0.226224,-0.124900,0.178373
-0.225827,-0.124768,0.176189
-0.226734,-0.126919,0.174665
-0.231347,-0.129022,0.176127
-0.232187,-0.130553,0.172140
-0.231405,-0.133677,0.169932
-0.233181,-0.135760,0.167518
-0.235245,-0.135972,0.166852
-0.238290,-0.139138,0.165705
-0.237795,-0.142505,0.164657
-0.238857,-0.147908,0.161806
-0.241112,-0.146279,0.159636
-0.241799,-0.147571,0.157043
-0.244357,-0.149905,0.156826
-0.244833,-0.154237,0.154056
-0.246895,-0.157405,0.154237
-0.247454,-0.158470,0.150816
-0.248634,-0.160156,0.151121
-0.250943,-0.162700,0.147926
-0.252564,-0.165715,0.147068
-0.254131,-0.167179,0.143431
-0.254115,-0.169785,0.143024
-0.257211,-0.174798,0.143394
-0.258459,-0.173807,0.139118
-0.258442,-0.179164,0.138625
-0.261365,-0.180319,0.137637
-0.261257,-0.183593,0.133778
-0.262857,-0.185633,0.131012
-0.265316,-0.188755,0.131796
-0.266524,-0.191299,0.126055
-0.266926,-0.193009,0.124960
-0.269415,-0.194714,0.122550
-0.269488,-0.200193,0.122775
-0.272667,-0.199889,0.120845
-0.273298,-0.202268,0.117052
-0.274313,-0.204288,0.116071
-0.274073,-0.207794,0.113944
-0.277653,-0.210655,0.113356
-0.280673,-0.214041,0.110135
-0.280694,-0.217928,0.107359
-0.283263,-0.218996,0.105603
-0.283504,-0.223978,0.104688
-0.283502,-0.226404,0.101929
-0.286594,-0.228084,0.098565
-0.287908,-0.234041,0.095913
-0.289698,-0.241913,0.089858
-0.291787,-0.244684,0.086567
-0.295612,-0.252203,0.081876
0.099134,-0.006762,0.267219
0.097574,-0.001648,0.269266
0.096177,0.000592,0.273467
0.095119,0.005287,0.274565
0.095333,0.006617,0.276638
0.092135,0.008910,0.278867
0.093628,0.008456,0.280406
0.091275,0.010584,0.280363
0.090329,0.012511,0.281674
0.086997,0.011407,0.281071
0.084563,0.014098,0.283621
0.084985,0.016515,0.285034
0.083485,0.016347,0.285744
0.082935,0.019554,0.285339
0.080723,0.019440,0.286740
0.077967,0.020884,0.288889
0.079035,0.020533,0.288409
0.079061,0.023434,0.289122
0.076588,0.023616,0.290623
0.076851,0.024437,0.289260
0.073379,0.024542,0.292333
0.072768,0.026498,0.292173
0.070901,0.026840,0.291680
0.071422,0.028607,0.293216
0.069428,0.028422,0.295471
0.068633,0.028664,0.294505
0.065295,0.030320,0.295086
0.066192,0.031081,0.295533
0.066110,0.029872,0.296533
0.063788,0.031651,0.297232
0.062528,0.034481,0.298812
0.061294,0.034669,0.296895
0.059205,0.034264,0.297849
0.059186,0.033069,0.298987
0.057926,0.035889,0.299795
0.056990,0.036115,0.299518
0.055375,0.037479,0.300157
0.054273,0.038650,0.302742
0.054500,0.039089,0.301744
0.052470,0.037728,0.302947
0.052529,0.038664,0.301682
0.050097,0.042048,0.300613
0.049915,0.042991,0.303257
0.048256,0.040932,0.303595
0.045188,0.042526,0.305232
0.045798,0.041073,0.304618
0.042835,0.042990,0.306165
0.042883,0.042758,0.307122
0.040757,0.044995,0.305692
0.042732,0.045372,0.303947
0.040676,0.044432,0.307511
0.040557,0.046131,0.306595
0.037234,0.046046,0.306368
0.036381,0.045652,0.308439
0.033737,0.046584,0.308920
0.034399,0.047254,0.308022
0.032191,0.049673,0.312072
0.033795,0.049812,0.310512
0.030766,0.047610,0.309926
0.030460,0.050420,0.311382
0.029860,0.050366,0.310151
0.028345,0.052948,0.311516
0.024581,0.051405,0.311222
0.025024,0.053188,0.311303
0.025907,0.053193,0.315076
0.023366,0.053724,0.312731
0.024329,0.054404,0.313725
0.021701,0.056280,0.313316
0.019656,0.055388,0.314419
0.019933,0.055835,0.314925
0.017247,0.055314,0.313879
0.015277,0.055334,0.316181
0.015528,0.058663,0.314842
0.012061,0.057063,0.315718
0.013712,0.056420,0.315706
0.013034,0.057967,0.314775
0.011633,0.056132,0.317021
0.009902,0.056545,0.316917
0.008349,0.058123,0.314894
0.007019,0.060165,0.316603
0.007871,0.059266,0.314521
0.006949,0.060583,0.316768
0.004655,0.057889,0.316635
0.003537,0.057927,0.318426
0.003218,0.060348,0.316356
0.003061,0.059361,0.316985
0.001334,0.057432,0.316452
-0.000422,0.059054,0.317666
-0.002931,0.060697,0.315574
-0.001623,0.060981,0.319106
-0.003750,0.061971,0.316945
-0.003353,0.061243,0.317277
-0.005995,0.058431,0.318979
-0.006897,0.061190,0.318797
-0.007994,0.061478,0.317336
-0.007853,0.059282,0.319020
-0.009412,0.060919,0.318862
-0.010960,0.059357,0.318995
-0.011557,0.061584,0.318481
-0.013615,0.060222,0.318768
-0.014146,0.063303,0.319024
-0.014287,0.061842,0.321770
-0.015829,0.063458,0.320772
-0.018294,0.061725,0.319309
-0.020251,0.060582,0.319216
-0.020661,0.063597,0.320788
-0.023155,0.063637,0.319473
-0.021079,0.062812,0.319061
-0.022289,0.064655,0.321323
-0.027173,0.065113,0.321133
-0.024085,0.061880,0.321012
-0.028348,0.063140,0.321320
-0.025311,0.064345,0.321771
-0.027521,0.063181,0.321055
-0.029668,0.064041,0.321348
-0.032267,0.064939,0.319822
-0.031816,0.065407,0.322363
-0.031376,0.065013,0.320832
-0.034770,0.066131,0.321434
-0.035181,0.066037,0.324391
-0.035587,0.064049,0.321957
-0.036591,0.067112,0.319815
-0.037098,0.065602,0.323666
-0.038084,0.065272,0.323526
-0.039481,0.064663,0.322067
-0.040863,0.066872,0.322957
-0.043031,0.067008,0.322570
-0.042984,0.065933,0.323308
-0.042840,0.067035,0.321693
-0.043771,0.067304,0.324244
-0.047773,0.068417,0.322078
-0.047566,0.063380,0.324799
-0.048731,0.065067,0.323006
-0.048118,0.064734,0.324051
-0.051314,0.067469,0.322914
-0.051180,0.068536,0.323126
-0.053501,0.067398,0.322737
-0.052132,0.065963,0.324862
-0.054346,0.066543,0.320978
-0.054556,0.066699,0.323107
-0.058258,0.066642,0.323689
-0.058023,0.068252,0.321951
-0.060018,0.066761,0.322137
-0.059518,0.068019,0.324225
-0.060766,0.066943,0.322879
-0.062256,0.068009,0.323365
-0.064340,0.067235,0.324062
-0.065463,0.067347,0.321707
-0.068016,0.066536,0.323537
-0.065799,0.069070,0.323955
-0.066567,0.068679,0.323426
-0.069337,0.069246,0.323951
-0.068621,0.068169,0.322790
-0.069111,0.067993,0.323194
-0.072646,0.068457,0.323405
-0.073449,0.067488,0.322257
-0.073288,0.067521,0.323354
-0.075646,0.067237,0.323043
-0.076677,0.069468,0.322127
-0.080126,0.068142,0.324481
-0.076668,0.068222,0.322430
-0.079231,0.067475,0.323398
-0.081793,0.068047,0.323968
-0.081890,0.065908,0.323584
-0.081524,0.067990,0.324087
-0.084103,0.067370,0.322346
-0.082926,0.067272,0.324135
-0.086331,0.067530,0.321888
-0.086449,0.068872,0.323510
-0.087245,0.068061,0.323138
-0.089730,0.067451,0.324088
-0.088493,0.067514,0.323540
-0.091703,0.069635,0.323529
-0.092941,0.065843,0.321242
-0.093245,0.068510,0.324889
-0.093543,0.067081,0.322947
-0.096171,0.067468,0.321003
-0.095784,0.067553,0.322506
-0.097992,0.066600,0.322482
-0.097809,0.067987,0.324634
-0.097254,0.064390,0.321522
-0.102982,0.067104,0.323030
-0.101257,0.067495,0.321951
-0.102069,0.066403,0.321192
-0.102378,0.066701,0.323556
-0.103905,0.065995,0.322416
-0.106034,0.066618,0.324020
-0.105307,0.067162,0.320977
-0.108498,0.065394,0.322127
-0.109817,0.065411,0.323254
-0.108791,0.065360,0.321606
-0.110582,0.065425,0.321704
-0.112955,0.065631,0.321716
-0.113214,0.063955,0.320733
-0.115142,0.065329,0.320309
-0.115724,0.063704,0.321164
-0.115522,0.064671,0.321200
-0.116808,0.061709,0.321025
-0.120369,0.061208,0.321144
-0.119059,0.062461,0.320442
-0.120550,0.062296,0.319797
-0.121443,0.062182,0.317745
-0.123289,0.059744,0.317846
-0.122341,0.059920,0.317662
-0.125729,0.059609,0.317322
-0.127317,0.058765,0.317989
-0.125483,0.059119,0.316281
-0.128311,0.057949,0.316361
-0.130182,0.056597,0.317010
-0.131860,0.056076,0.315231
-0.132422,0.054211,0.315667
-0.131829,0.056844,0.312418
-0.133934,0.054919,0.314567
-0.133494,0.054432,0.314045
-0.135092,0.053567,0.313516
-0.137982,0.052295,0.313044
-0.139023,0.050461,0.311925
-0.139031,0.051879,0.311979
-0.138977,0.052446,0.309088
-0.142033,0.048737,0.309247
-0.141847,0.047145,0.308829
-0.144040,0.046211,0.306122
-0.144192,0.044561,0.306152
-0.146590,0.040656,0.303890
-0.147152,-0.003889,0.272367
-0.150928,-0.003670,0.269296
-0.149452,-0.004449,0.267505
-0.153186,-0.007167,0.266441
-0.153744,-0.010787,0.266554
-0.154265,-0.010146,0.263989
-0.152989,-0.012770,0.262453
-0.156241,-0.014843,0.260527
-0.156708,-0.017538,0.257957
-0.158792,-0.021011,0.256774
-0.159500,-0.023587,0.256145
-0.160894,-0.023870,0.253744
-0.162118,-0.027319,0.252115
-0.165102,-0.028794,0.250684
-0.164829,-0.032390,0.245925
-0.166201,-0.037319,0.246036
-0.169453,-0.039490,0.244311
-0.168684,-0.043222,0.240965
-0.171138,-0.047174,0.239129
-0.172112,-0.048286,0.236244
-0.172768,-0.053174,0.233804
-0.175464,-0.056524,0.232099
-0.175241,-0.056629,0.227003
-0.176745,-0.060924,0.225941
-0.175701,-0.063441,0.224989
-0.177542,-0.065898,0.225031
-0.180252,-0.064783,0.221160
-0.179824,-0.067362,0.219734
-0.181933,-0.070325,0.217973
-0.182277,-0.070749,0.216974
-0.185562,-0.075071,0.215590
-0.187188,-0.074936,0.217053
-0.189923,-0.076424,0.213879
-0.189646,-0.078701,0.213003
-0.189276,-0.082490,0.208737
-0.192022,-0.082444,0.209413
-0.192859,-0.083477,0.209729
-0.193785,-0.086625,0.208233
-0.194176,-0.087920,0.206626
-0.196768,-0.089382,0.207074
-0.197709,-0.088971,0.204518
-0.199383,-0.090254,0.204293
-0.200785,-0.091388,0.203138
-0.199997,-0.095170,0.203405
-0.199916,-0.095942,0.202472
-0.203735,-0.097135,0.199730
-0.204375,-0.097939,0.199599
-0.205174,-0.099266,0.198029
-0.206049,-0.100821,0.197077
-0.207275,-0.102828,0.194227
-0.210294,-0.102112,0.194779
-0.210468,-0.105478,0.193500
-0.211737,-0.107022,0.192499
-0.214427,-0.107411,0.193147
-0.214423,-0.109504,0.191364
-0.214949,-0.110084,0.187575
-0.215436,-0.111906,0.189220
-0.218258,-0.114357,0.187453
-0.216236,-0.117512,0.184774
-0.222032,-0.116345,0.181906
-0.223053,-0.118550,0.184406
-0.223590,-0.121550,0.182537
-0.223102,-0.121774,0.180732
-0.228211,-0.124374,0.179568
-0.227573,-0.124265,0.178164
-0.230032,-0.126369,0.176819
-0.228555,-0.128759,0.174460
-0.231986,-0.130390,0.173458
-0.234186,-0.134074,0.172385
-0.235342,-0.136036,0.170425
-0.236567,-0.138153,0.170852
-0.237656,-0.139636,0.167764
-0.239317,-0.140841,0.166271
-0.240213,-0.144985,0.163623
-0.241057,-0.147658,0.162008
-0.241532,-0.149094,0.159855
-0.245037,-0.152100,0.158131
-0.245809,-0.153493,0.156478
-0.246070,-0.156548,0.153789
-0.247915,-0.158260,0.154102
-0.250116,-0.161395,0.151492
-0.250593,-0.162558,0.149572
-0.252082,-0.163480,0.148939
-0.251467,-0.169458,0.146963
-0.254158,-0.169474,0.143750
-0.257347,-0.171439,0.144500
-0.256861,-0.173521,0.141081
-0.258628,-0.175577,0.143490
-0.260785,-0.178657,0.136629
-0.261685,-0.182929,0.135036
-0.263348,-0.186694,0.133783
-0.265063,-0.189017,0.131161
-0.265858,-0.190370,0.129455
-0.265106,-0.193607,0.127258
-0.269732,-0.196063,0.126125
-0.268957,-0.197670,0.122860
-0.272028,-0.199815,0.122011
-0.272839,-0.201653,0.119585
-0.275909,-0.205265,0.119485
-0.275224,-0.207379,0.115631
-0.277783,-0.210548,0.115796
-0.280731,-0.211777,0.111852
-0.282146,-0.216226,0.110726
-0.283585,-0.215639,0.109062
-0.283775,-0.220998,0.106035
-0.285842,-0.222550,0.103804
-0.286060,-0.228985,0.100685
-0.286466,-0.232397,0.099006
-0.290107,-0.235921,0.096290
-0.293422,-0.242387,0.091471
-0.296136,-0.246857,0.088371
-0.296398,-0.256148,0.082023
0.097341,-0.007865,0.268291
0.098502,-0.005646,0.268934
0.093990,0.000447,0.274202
0.096138,0.002569,0.275691
0.095383,0.004589,0.278454
0.093524,0.006993,0.276834
0.089925,0.008738,0.279987
0.091912,0.008226,0.282150
0.089632,0.009205,0.282170
0.087770,0.012008,0.283371
0.086003,0.013299,0.284189
0.084829,0.015137,0.284926
0.084385,0.016806,0.284561
0.083918,0.019033,0.287761
0.082968,0.015734,0.288673
0.080242,0.019038,0.286893
0.078824,0.020761,0.289576
0.077591,0.023738,0.289329
0.075799,0.023367,0.290803
0.076329,0.022402,0.290811
0.073047,0.024763,0.292662
0.072855,0.024892,0.289848
0.073970,0.026345,0.294572
0.073106,0.026444,0.296254
0.067569,0.026911,0.294717
0.071490,0.028210,0.295178
0.067119,0.028947,0.294213
0.065388,0.029280,0.297862
0.064560,0.031096,0.296837
0.063845,0.031644,0.295682
0.064624,0.031478,0.297179
0.058708,0.032873,0.298911
0.060673,0.033759,0.297745
0.058974,0.034347,0.301108
0.058347,0.033526,0.300811
0.057970,0.036282,0.299938
0.056268,0.037445,0.301394
0.053695,0.035851,0.301278
0.053733,0.037243,0.301594
0.051923,0.037992,0.303623
0.053817,0.038414,0.300653
0.049523,0.039451,0.303918
0.049022,0.038330,0.303177
0.047588,0.039956,0.304958
0.045275,0.041804,0.303967
0.044399,0.041814,0.306609
0.046086,0.041665,0.304871
0.042133,0.041118,0.305548
0.043583,0.042026,0.304408
0.040577,0.043570,0.306776
0.040447,0.044360,0.306991
0.039905,0.044344,0.306897
0.037886,0.044716,0.307456
0.038630,0.044367,0.308748
0.035995,0.044636,0.309330
0.035162,0.045694,0.309297
0.034558,0.047204,0.310354
0.032029,0.048384,0.309094
0.031239,0.048538,0.308935
0.030088,0.048531,0.310056
0.028058,0.048218,0.311747
0.028604,0.049912,0.312128
0.025521,0.050988,0.312582
0.024047,0.051710,0.312265
0.024190,0.052127,0.312968
0.022594,0.051013,0.312371
0.023915,0.052226,0.312215
0.022903,0.052763,0.313872
0.019356,0.052363,0.313987
0.018153,0.053390,0.313381
0.016559,0.055568,0.313519
0.016167,0.054377,0.314419
0.013202,0.053782,0.316493
0.015128,0.056049,0.317017
0.014061,0.056442,0.315859
0.011568,0.054825,0.314261
0.011337,0.055761,0.316468
0.009591,0.054651,0.316711
0.009216,0.055318,0.315283
0.007960,0.055064,0.314609
0.007838,0.056721,0.315342
0.005530,0.057531,0.315209
0.003995,0.056387,0.317159
0.004197,0.057107,0.316411
0.001602,0.059513,0.316752
0.000978,0.056402,0.317254
0.001167,0.056863,0.317733
-0.000287,0.056366,0.316753
-0.000856,0.058035,0.316943
-0.000843,0.058157,0.319170
-0.004341,0.059178,0.318660
-0.003678,0.058117,0.317626
-0.005460,0.057765,0.318008
-0.006832,0.059003,0.317705
-0.008857,0.058810,0.320501
-0.010198,0.058111,0.318095
-0.008518,0.059910,0.318322
-0.012804,0.059093,0.320196
-0.012088,0.059430,0.318802
-0.011351,0.060250,0.319857
-0.014495,0.060326,0.319549
-0.015644,0.058651,0.317600
-0.015630,0.060254,0.316713
-0.019045,0.060768,0.320766
-0.016952,0.061350,0.319010
-0.018387,0.060592,0.320128
-0.020313,0.060610,0.319331
-0.020606,0.061671,0.319822
-0.022198,0.061888,0.321495
-0.022353,0.061997,0.319486
-0.024803,0.059711,0.321221
-0.025994,0.061236,0.321555
-0.027535,0.063348,0.322297
-0.028960,0.061914,0.321928
-0.029630,0.062181,0.321170
-0.031552,0.064808,0.321073
-0.031523,0.064328,0.322700
-0.034759,0.061702,0.322298
-0.032526,0.061430,0.323487
-0.034415,0.065021,0.324576
-0.035155,0.064899,0.321080
-0.036966,0.063896,0.322710
-0.038363,0.064723,0.323884
-0.039801,0.065137,0.322275
-0.038381,0.064509,0.322542
-0.040411,0.065885,0.322129
-0.041554,0.065146,0.322606
-0.043497,0.064694,0.323785
-0.042504,0.064142,0.322980
-0.045354,0.064994,0.321606
-0.045742,0.064637,0.323310
-0.045786,0.063670,0.323855
-0.048085,0.064281,0.323727
-0.049287,0.063750,0.322747
-0.051056,0.066408,0.322797
-0.049836,0.066224,0.323215
-0.052829,0.065528,0.322487
-0.053456,0.066519,0.323715
-0.056097,0.065884,0.324562
-0.057078,0.065349,0.323356
-0.056546,0.064927,0.324846
-0.058800,0.065532,0.323391
-0.058399,0.066201,0.323310
-0.059870,0.064093,0.323081
-0.062464,0.066246,0.320921
-0.062113,0.066144,0.324461
-0.062595,0.066299,0.325046
-0.064848,0.065836,0.324651
-0.066532,0.065486,0.321875
-0.066716,0.065066,0.324257
-0.066752,0.066667,0.325020
-0.070058,0.065359,0.325175
-0.070326,0.067461,0.323012
-0.072406,0.065291,0.322032
-0.070411,0.066753,0.323810
-0.073212,0.066743,0.325002
-0.072898,0.065467,0.322410
-0.075971,0.065647,0.324196
-0.076167,0.069297,0.323814
-0.078969,0.064668,0.325329
-0.080318,0.066299,0.325481
-0.078293,0.066464,0.322991
-0.081604,0.067989,0.324167
-0.079471,0.064392,0.324677
-0.080670,0.063438,0.323435
-0.084189,0.064430,0.323954
-0.084319,0.066069,0.323237
-0.087164,0.066561,0.327495
-0.087814,0.068517,0.322973
-0.089683,0.066815,0.324128
-0.088441,0.065963,0.325097
-0.091167,0.066577,0.324228
-0.090569,0.065242,0.325490
-0.092438,0.064558,0.323601
-0.093226,0.067269,0.322765
-0.094419,0.066081,0.322088
-0.096728,0.066365,0.324042
-0.096919,0.066751,0.323104
-0.096317,0.065517,0.323250
-0.101328,0.066342,0.324752
-0.099588,0.066499,0.321339
-0.101006,0.064291,0.323027
-0.100998,0.064998,0.324252
-0.102629,0.067176,0.324553
-0.103129,0.065701,0.322696
-0.104370,0.064332,0.321271
-0.105586,0.065701,0.324772
-0.106391,0.062433,0.321794
-0.109806,0.065436,0.323264
-0.109703,0.065483,0.323607
-0.109778,0.065177,0.322721
-0.111418,0.063013,0.321219
-0.112429,0.063780,0.322242
-0.113289,0.062787,0.324326
-0.115157,0.063182,0.318842
-0.113419,0.063019,0.321690
-0.117815,0.063717,0.321428
-0.117434,0.062435,0.323422
-0.117296,0.061460,0.320608
-0.119275,0.061013,0.321744
-0.120594,0.059859,0.319948
-0.122194,0.060036,0.319886
-0.122184,0.059231,0.319293
-0.124685,0.058528,0.316726
-0.125452,0.057668,0.317540
-0.127823,0.059409,0.317661
-0.127214,0.057499,0.318039
-0.126434,0.056118,0.317581
-0.128378,0.055482,0.316006
-0.128906,0.056314,0.316337
-0.131846,0.054829,0.315427
-0.132609,0.054578,0.316331
-0.134017,0.053502,0.312937
-0.133836,0.053614,0.313953
-0.136764,0.051178,0.313037
-0.136203,0.050358,0.313486
-0.138965,0.051334,0.312933
-0.139257,0.050450,0.312387
-0.140457,0.048596,0.311880
-0.143101,0.046594,0.309924
-0.142224,0.048734,0.307333
-0.142467,0.044211,0.306431
-0.144586,0.040515,0.304987
-0.146934,0.036096,0.302672
-0.149012,-0.003447,0.270653
-0.148002,-0.005413,0.270107
-0.151844,-0.007447,0.267861
-0.150941,-0.010485,0.267552
-0.153824,-0.010936,0.266262
-0.152762,-0.014176,0.263799
-0.155953,-0.016738,0.264516
-0.155770,-0.015996,0.261075
-0.157886,-0.018228,0.258237
-0.159780,-0.021517,0.255769
-0.159528,-0.022003,0.253914
-0.162363,-0.027872,0.256887
-0.162395,-0.028747,0.252850
-0.164598,-0.032719,0.250418
-0.165079,-0.035577,0.247555
-0.167157,-0.034070,0.246252
-0.167687,-0.039819,0.245505
-0.169216,-0.044051,0.242454
-0.170872,-0.045500,0.238686
-0.172786,-0.049922,0.234924
-0.172650,-0.054054,0.233564
-0.172762,-0.057305,0.230441
-0.174697,-0.058388,0.230155
-0.177189,-0.061780,0.228451
-0.179620,-0.064989,0.226961
-0.179390,-0.065083,0.225362
-0.180004,-0.068218,0.222479
-0.181586,-0.070050,0.221590
-0.180960,-0.071881,0.217548
-0.183415,-0.075301,0.218378
-0.185483,-0.075261,0.217181
-0.188078,-0.077333,0.215243
-0.187970,-0.076984,0.215211
-0.188692,-0.080846,0.215019
-0.188795,-0.079569,0.214868
-0.190479,-0.081294,0.212614
-0.191151,-0.085202,0.212356
-0.194310,-0.085093,0.209100
-0.194475,-0.086991,0.208815
-0.196221,-0.088202,0.209311
-0.198645,-0.089854,0.205714
-0.198257,-0.092288,0.205030
-0.199228,-0.093217,0.204543
-0.202646,-0.091911,0.201896
-0.200070,-0.095711,0.201618
-0.203116,-0.097945,0.202391
-0.203552,-0.099326,0.199583
-0.207230,-0.098591,0.199484
-0.208061,-0.102655,0.196877
-0.208603,-0.103951,0.197257
-0.209623,-0.103019,0.198267
-0.211218,-0.104614,0.194252
-0.211171,-0.105166,0.195675
-0.213662,-0.109876,0.192342
-0.215025,-0.109576,0.192162
-0.214405,-0.109458,0.192215
-0.215703,-0.112923,0.187999
-0.218072,-0.114811,0.189324
-0.219336,-0.116330,0.186824
-0.221978,-0.115632,0.186083
-0.221088,-0.119099,0.184861
-0.224834,-0.119830,0.184846
-0.225740,-0.122868,0.181583
-0.225619,-0.123447,0.180625
-0.229401,-0.126094,0.179461
-0.229039,-0.128024,0.176164
-0.230491,-0.128335,0.177042
-0.231258,-0.132662,0.174645
-0.233013,-0.134005,0.173578
-0.233733,-0.136283,0.172627
-0.234698,-0.134918,0.169853
-0.236980,-0.140775,0.168156
-0.238056,-0.142423,0.167490
-0.241814,-0.144885,0.164810
-0.240384,-0.145797,0.163826
-0.241117,-0.148539,0.161710
-0.245039,-0.150883,0.160083
-0.245264,-0.154218,0.160145
-0.245460,-0.156020,0.156991
-0.246824,-0.157439,0.154584
-0.248692,-0.160869,0.153757
-0.250592,-0.161284,0.152763
-0.252476,-0.163944,0.149261
-0.252427,-0.166943,0.150053
-0.252830,-0.170060,0.147974
-0.255389,-0.169693,0.144822
-0.257856,-0.171821,0.143428
-0.259388,-0.175041,0.140491
-0.260512,-0.179125,0.140567
-0.261561,-0.182591,0.137508
-0.262389,-0.186417,0.134690
-0.264055,-0.187239,0.133893
-0.267131,-0.191146,0.130997
-0.268155,-0.191743,0.130397
-0.269121,-0.193132,0.128149
-0.271634,-0.195723,0.126321
-0.272809,-0.198535,0.125664
-0.274608,-0.202999,0.122651
-0.274768,-0.205254,0.121991
-0.277327,-0.205903,0.117380
-0.276001,-0.208086,0.117696
-0.280225,-0.212728,0.115137
-0.279486,-0.215070,0.113206
-0.282885,-0.215695,0.110800
-0.283625,-0.219495,0.106938
-0.284183,-0.224186,0.106932
-0.288564,-0.224550,0.103110
-0.288545,-0.230160,0.101750
-0.289743,-0.233044,0.099194
-0.291224,-0.238512,0.094940
-0.293050,-0.244187,0.088820
-0.296009,-0.250924,0.086233
-0.298035,-0.256204,0.081129
0.096831,-0.006409,0.269827
0.096276,-0.003002,0.272031
0.095023,-0.000036,0.276316
0.092385,0.003057,0.275893
0.092429,0.004330,0.279278
0.092130,0.006012,0.279802
0.089644,0.007694,0.281684
0.088032,0.008669,0.281997
0.089596,0.011154,0.282630
0.088053,0.011945,0.286776
0.084482,0.013268,0.283553
0.085265,0.014646,0.287216
0.083255,0.016243,0.287168
0.081100,0.014792,0.288096
0.079362,0.017516,0.288066
0.079761,0.018669,0.289306
0.077950,0.020560,0.291268
0.076347,0.019923,0.289098
0.076142,0.022328,0.292935
0.076263,0.022723,0.291384
0.071727,0.023958,0.291976
0.073056,0.025155,0.295521
0.070054,0.025048,0.294680
0.069524,0.026253,0.296054
0.068182,0.025463,0.297188
0.067045,0.026764,0.298034
0.066929,0.026481,0.296535
0.066360,0.029427,0.298179
0.063916,0.028164,0.298440
0.063208,0.030498,0.295311
0.061754,0.030481,0.299290
0.060323,0.031416,0.300074
0.058156,0.032273,0.300442
0.057819,0.034389,0.300723
0.055661,0.035743,0.301392
0.055851,0.032883,0.301243
0.055480,0.033255,0.300079
0.053585,0.035408,0.302034
0.053075,0.035750,0.301702
0.053065,0.037807,0.304262
0.049897,0.038172,0.302888
0.049125,0.037977,0.303283
0.047583,0.036723,0.303595
0.044903,0.038235,0.305497
0.046849,0.039606,0.304620
0.045349,0.040066,0.305544
0.043164,0.040883,0.304746
0.042244,0.040702,0.307465
0.042527,0.040115,0.307225
0.039734,0.040828,0.307857
0.038439,0.043757,0.305953
0.038132,0.043715,0.308864
0.037277,0.044718,0.306993
0.037270,0.045923,0.309652
0.034664,0.044830,0.309602
0.032434,0.045496,0.309129
0.032550,0.046476,0.310247
0.030625,0.048233,0.309023
0.029947,0.046813,0.311427
0.030011,0.047049,0.312285
0.028263,0.049078,0.312298
0.026391,0.048938,0.311492
0.026177,0.048631,0.310648
0.026570,0.048327,0.311577
0.022775,0.047817,0.312510
0.022110,0.051883,0.314827
0.021838,0.048159,0.314258
0.019005,0.051815,0.312824
0.019356,0.051703,0.315679
0.017665,0.052853,0.313979
0.017736,0.052632,0.314888
0.016134,0.053044,0.314633
0.014863,0.053900,0.314891
0.013955,0.051029,0.314629
0.012294,0.052453,0.314408
0.009649,0.054203,0.316843
0.010508,0.055779,0.317084
0.010210,0.053913,0.316015
0.009620,0.053304,0.315727
0.008467,0.052316,0.316741
0.008423,0.054334,0.315539
0.005009,0.056249,0.317025
0.003112,0.055648,0.315887
0.002222,0.055115,0.318490
0.002117,0.054478,0.317781
0.000895,0.055301,0.317342
0.000069,0.054336,0.315561
-0.002089,0.056030,0.316742
-0.003563,0.055284,0.317731
-0.003520,0.055882,0.318205
-0.006632,0.055231,0.315941
-0.006118,0.057263,0.315707
-0.005562,0.055720,0.317910
-0.007680,0.056960,0.318171
-0.010260,0.055150,0.318820
-0.010957,0.056556,0.317733
-0.012386,0.058710,0.318564
-0.012796,0.059328,0.318839
-0.013166,0.057606,0.318461
-0.012798,0.058152,0.318233
-0.014999,0.057582,0.317973
-0.016205,0.058005,0.319268
-0.017742,0.057929,0.318877
-0.017524,0.059922,0.319287
-0.020199,0.060451,0.319926
-0.021451,0.058229,0.319338
-0.024508,0.058240,0.319190
-0.024625,0.058660,0.323233
-0.024113,0.061194,0.319939
-0.026675,0.059667,0.321509
-0.027869,0.061358,0.321412
-0.026787,0.060570,0.321639
-0.027991,0.061057,0.321368
-0.031363,0.061838,0.323055
-0.030872,0.062209,0.322029
-0.031563,0.059524,0.324158
-0.033149,0.062841,0.321993
-0.033575,0.061842,0.322313
-0.033867,0.061608,0.322652
-0.034249,0.063445,0.321667
-0.037017,0.060342,0.321324
-0.037287,0.063166,0.322725
-0.037943,0.062769,0.323561
-0.040662,0.063003,0.324419
-0.042175,0.061935,0.322037
-0.041285,0.064756,0.323696
-0.043990,0.063522,0.322779
-0.046093,0.063972,0.323461
-0.046202,0.062419,0.325022
-0.046272,0.063309,0.323859
-0.048910,0.063887,0.324121
-0.049703,0.062266,0.323781
-0.048993,0.063443,0.324487
-0.051716,0.063551,0.325406
-0.052536,0.062885,0.323545
-0.052534,0.065496,0.322979
-0.055591,0.064151,0.322313
-0.055845,0.065603,0.325438
-0.054986,0.063524,0.324848
-0.057088,0.064200,0.323761
-0.059153,0.064571,0.324284
-0.059001,0.066238,0.322318
-0.062125,0.064074,0.323423
-0.060216,0.065026,0.324364
-0.061907,0.064959,0.325775
-0.061611,0.065999,0.324345
-0.064380,0.063683,0.324457
-0.065488,0.065083,0.323983
-0.066624,0.065971,0.324069
-0.067465,0.062862,0.324740
-0.069337,0.065363,0.325034
-0.069526,0.064561,0.325549
-0.071545,0.065093,0.324292
-0.072462,0.064997,0.325420
-0.072732,0.066137,0.324273
-0.073469,0.063619,0.324458
-0.075385,0.065053,0.325808
-0.076168,0.066704,0.323207
-0.077284,0.064944,0.325010
-0.079213,0.063992,0.323435
-0.078534,0.065337,0.324732
-0.079500,0.063929,0.323655
-0.081784,0.064293,0.323770
-0.084552,0.065220,0.322718
-0.082713,0.063626,0.323582
-0.085052,0.063447,0.325191
-0.084100,0.065256,0.323689
-0.087693,0.065027,0.323994
-0.087740,0.063276,0.324732
-0.088768,0.063322,0.323670
-0.089848,0.063639,0.325010
-0.091131,0.064159,0.325185
-0.089672,0.063846,0.325564
-0.090351,0.066344,0.324102
-0.092160,0.064371,0.326104
-0.095075,0.064299,0.326389
-0.096277,0.065108,0.325508
-0.097412,0.065701,0.323735
-0.098412,0.064376,0.324519
-0.099676,0.065162,0.327154
-0.100233,0.063174,0.325203
-0.101385,0.063676,0.322925
-0.101501,0.066382,0.325434
-0.103544,0.065473,0.324545
-0.106010,0.064537,0.324434
-0.106356,0.064148,0.324279
-0.107587,0.064660,0.325642
-0.108401,0.064507,0.325106
-0.108501,0.065160,0.324253
-0.109745,0.065660,0.322554
-0.111061,0.063034,0.323668
-0.110742,0.064241,0.322924
-0.113900,0.063826,0.319787
-0.113333,0.061867,0.320547
-0.115007,0.062320,0.322570
-0.118075,0.060079,0.322962
-0.117153,0.063066,0.321773
-0.117619,0.060466,0.319836
-0.118521,0.060308,0.320668
-0.120483,0.058512,0.320881
-0.122604,0.058635,0.320020
-0.124370,0.058616,0.320514
-0.122665,0.058883,0.318697
-0.125540,0.057890,0.319523
-0.125863,0.055597,0.318816
-0.127164,0.055758,0.315558
-0.127426,0.056748,0.317521
-0.128042,0.054325,0.316975
-0.130678,0.054951,0.314513
-0.130790,0.051619,0.315366
-0.132646,0.052092,0.315680
-0.132650,0.051636,0.316216
-0.135540,0.050103,0.314454
-0.135756,0.052863,0.315219
-0.137761,0.049863,0.313636
-0.136909,0.046850,0.313707
-0.139904,0.049272,0.311931
-0.141012,0.047633,0.311476
-0.141663,0.044422,0.309692
-0.142465,0.042690,0.308226
-0.142989,0.042867,0.307687
-0.143834,0.039454,0.306192
-0.146022,0.031120,0.300699
-0.147253,-0.007850,0.270529
-0.150262,-0.006882,0.269652
-0.152313,-0.008549,0.268268
-0.152664,-0.010837,0.267001
-0.151817,-0.012934,0.267141
-0.156065,-0.015715,0.265229
-0.154985,-0.015866,0.263296
-0.156635,-0.017368,0.261346
-0.157239,-0.019071,0.259737
-0.156862,-0.022426,0.259142
-0.159522,-0.023867,0.256663
-0.161924,-0.028219,0.253798
-0.164364,-0.030252,0.253465
-0.162714,-0.033963,0.249282
-0.168086,-0.036105,0.248415
-0.166731,-0.038653,0.247704
-0.166433,-0.041325,0.244680
-0.168401,-0.047252,0.241777
-0.171230,-0.048349,0.238845
-0.173206,-0.049153,0.236754
-0.172092,-0.053521,0.236430
-0.173901,-0.055460,0.233972
-0.175475,-0.059378,0.231741
-0.178084,-0.061730,0.229410
-0.177975,-0.065146,0.228515
-0.178217,-0.067107,0.225682
-0.180946,-0.069671,0.225256
-0.182569,-0.070772,0.222551
-0.181282,-0.071617,0.220651
-0.184791,-0.073131,0.219277
-0.185097,-0.076371,0.220328
-0.187659,-0.077616,0.217855
-0.185878,-0.078712,0.216230
-0.187834,-0.080831,0.213968
-0.187736,-0.080472,0.214396
-0.190533,-0.085268,0.213480
-0.191399,-0.084891,0.210872
-0.193448,-0.087006,0.211877
-0.196029,-0.088395,0.209631
-0.193534,-0.089030,0.209927
-0.197074,-0.092271,0.208273
-0.198423,-0.091912,0.206810
-0.199589,-0.094670,0.204699
-0.200062,-0.094556,0.205595
-0.201553,-0.096137,0.202293
-0.201537,-0.097171,0.203088
-0.204217,-0.098922,0.202635
-0.207520,-0.100902,0.202115
-0.207245,-0.100767,0.200207
-0.209280,-0.102921,0.200131
-0.211387,-0.102112,0.199205
-0.211691,-0.105739,0.194272
-0.211475,-0.103518,0.196063
-0.214032,-0.107867,0.194594
-0.216421,-0.109531,0.191585
-0.216033,-0.111048,0.193235
-0.215517,-0.113230,0.192250
-0.217516,-0.115021,0.189217
-0.221153,-0.115354,0.189392
-0.222365,-0.115589,0.187567
-0.223269,-0.121301,0.186590
-0.223110,-0.119648,0.185022
-0.224438,-0.123067,0.183599
-0.226454,-0.123733,0.183640
-0.228266,-0.124448,0.180379
-0.229686,-0.126342,0.179205
-0.229651,-0.129017,0.180094
-0.231439,-0.130207,0.178762
-0.232902,-0.132320,0.176601
-0.233965,-0.135532,0.172790
-0.235534,-0.137389,0.173734
-0.238517,-0.139213,0.170771
-0.236086,-0.142092,0.167874
-0.240071,-0.143735,0.168366
-0.241967,-0.146331,0.164828
-0.243129,-0.148651,0.165003
-0.241865,-0.153465,0.159225
-0.244926,-0.153666,0.161563
-0.246973,-0.155375,0.159412
-0.247795,-0.159055,0.156876
-0.249329,-0.159902,0.155302
-0.250415,-0.162116,0.154662
-0.251032,-0.163261,0.153004
-0.251553,-0.168354,0.151192
-0.254821,-0.168652,0.147729
-0.255941,-0.170529,0.148917
-0.257178,-0.172537,0.145200
-0.257316,-0.173478,0.143743
-0.258906,-0.180025,0.142171
-0.262760,-0.180094,0.139520
-0.263836,-0.185632,0.139712
-0.265978,-0.186923,0.135167
-0.266354,-0.187887,0.132791
-0.267142,-0.191331,0.132136
-0.269938,-0.191758,0.129961
-0.270402,-0.195346,0.127909
-0.272369,-0.198263,0.125770
-0.274318,-0.200885,0.123067
-0.275753,-0.203863,0.123983
-0.276781,-0.205378,0.122127
-0.277970,-0.208875,0.121161
-0.278917,-0.212238,0.118411
-0.280442,-0.214743,0.113456
-0.281303,-0.216702,0.113665
-0.282889,-0.218025,0.111621
-0.283093,-0.222433,0.109777
-0.285965,-0.225233,0.107511
-0.286196,-0.227515,0.103543
-0.287810,-0.230454,0.102130
-0.291409,-0.234363,0.098517
-0.294223,-0.241350,0.094623
-0.294506,-0.245703,0.092016
-0.295705,-0.252914,0.084968
-0.299047,-0.259501,0.079812
0.097008,-0.005803,0.272873
0.093912,-0.001597,0.275251
0.095310,-0.002712,0.277712
0.093693,0.001019,0.280625
0.090321,0.005970,0.281597
0.089336,0.005847,0.282764
0.088433,0.006512,0.282350
0.090262,0.009378,0.283267
0.086448,0.010772,0.286123
0.084017,0.012306,0.285278
0.085671,0.012279,0.286664
0.080546,0.014401,0.288034
0.080772,0.014067,0.289403
0.079641,0.017474,0.291744
0.078672,0.016538,0.288817
0.079900,0.019246,0.290885
0.076049,0.019037,0.292919
0.075101,0.021147,0.292053
0.074696,0.021373,0.292114
0.073771,0.022202,0.293123
0.073951,0.023735,0.294085
0.071875,0.022651,0.293737
0.069310,0.023599,0.296527
0.069267,0.025986,0.296011
0.066574,0.024860,0.297213
0.066939,0.026518,0.297593
0.063999,0.028754,0.296846
0.065501,0.027825,0.297133
0.061821,0.029034,0.298458
0.061374,0.029353,0.299107
0.059584,0.030588,0.299938
0.060091,0.032685,0.299922
0.059089,0.030118,0.299651
0.057924,0.033350,0.301138
0.056430,0.032906,0.301579
0.054142,0.033069,0.303713
0.056720,0.033253,0.303365
0.052989,0.035190,0.303783
0.051257,0.036385,0.303179
0.051913,0.034918,0.303915
0.050196,0.037478,0.302650
0.046495,0.038995,0.305149
0.045659,0.036020,0.306309
0.046878,0.037998,0.308484
0.044777,0.038586,0.306738
0.044088,0.041120,0.305944
0.042423,0.040962,0.307161
0.042064,0.041694,0.307174
0.040737,0.042050,0.308334
0.039961,0.042280,0.307491
0.039309,0.041132,0.308729
0.037972,0.042632,0.308366
0.035564,0.041590,0.308249
0.034229,0.043697,0.310449
0.033536,0.044156,0.309938
0.033796,0.045925,0.308948
0.032461,0.045658,0.312107
0.030937,0.043966,0.310859
0.027813,0.045771,0.312263
0.027297,0.046684,0.310404
0.027003,0.047582,0.312532
0.026132,0.046469,0.313247
0.026406,0.048878,0.314349
0.021737,0.045801,0.313607
0.024084,0.048113,0.313318
0.021845,0.049117,0.314837
0.022031,0.050560,0.313207
0.019246,0.049109,0.316817
0.017968,0.049541,0.315115
0.017212,0.048999,0.315747
0.015169,0.049448,0.316204
0.016378,0.052118,0.316780
0.013217,0.051534,0.316533
0.011240,0.052100,0.315916
0.012493,0.050501,0.313262
0.010848,0.051231,0.315662
0.009018,0.052595,0.316335
0.008191,0.053064,0.315762
0.007620,0.049883,0.316739
0.005704,0.051551,0.316881
0.005367,0.050741,0.317787
0.003273,0.051351,0.318480
0.002821,0.051104,0.316832
0.001650,0.054536,0.317306
0.000613,0.054637,0.317600
-0.000602,0.052805,0.316959
-0.001220,0.051707,0.319615
-0.002681,0.051950,0.318298
-0.002946,0.054722,0.318203
-0.005189,0.052797,0.314472
-0.005752,0.053657,0.317026
-0.006509,0.053638,0.315839
-0.007535,0.054335,0.316739
-0.009464,0.054677,0.318992
-0.009128,0.053686,0.318373
-0.011401,0.053106,0.317019
-0.011270,0.054411,0.319326
-0.013825,0.056554,0.319756
-0.015741,0.055457,0.319750
-0.013949,0.054125,0.319126
-0.016007,0.055994,0.318229
-0.016855,0.056149,0.319883
-0.020487,0.054592,0.319869
-0.018954,0.058554,0.320631
-0.021788,0.055180,0.320183
-0.020361,0.056945,0.320087
-0.021329,0.056859,0.321521
-0.025099,0.057534,0.321307
-0.025483,0.057298,0.320003
-0.026406,0.058991,0.319921
-0.026933,0.059509,0.320784
-0.028554,0.057974,0.321213
-0.029037,0.060994,0.321871
-0.029647,0.060043,0.323756
-0.031906,0.059564,0.321954
-0.031963,0.060361,0.322166
-0.033160,0.060009,0.322542
-0.032959,0.059431,0.322191
-0.034491,0.061113,0.323355
-0.037178,0.060374,0.323357
-0.039060,0.062797,0.323094
-0.038523,0.059974,0.322375
-0.039388,0.060613,0.323602
-0.041120,0.062469,0.324649
-0.041412,0.062240,0.321612
-0.042844,0.061445,0.321648
-0.043263,0.061979,0.325006
-0.043484,0.061152,0.322990
-0.046865,0.062823,0.323187
-0.046471,0.060938,0.323129
-0.048690,0.063246,0.324501
-0.050231,0.060895,0.325220
-0.051924,0.062289,0.325225
-0.049882,0.061330,0.324534
-0.052221,0.063623,0.321352
-0.054066,0.063251,0.324540
-0.054412,0.063082,0.324237
-0.054698,0.061823,0.323618
-0.056504,0.061953,0.325372
-0.057491,0.062097,0.324028
-0.060125,0.064434,0.324597
-0.060548,0.065662,0.324835
-0.062088,0.063891,0.322900
-0.064100,0.062070,0.323434
-0.063135,0.063533,0.324806
-0.064754,0.062165,0.323887
-0.066081,0.062528,0.322939
-0.068740,0.061378,0.325663
-0.068302,0.064282,0.326897
-0.067436,0.061398,0.323315
-0.069070,0.062997,0.324777
-0.071807,0.064394,0.325016
-0.071906,0.063701,0.324112
-0.072716,0.064370,0.324789
-0.073365,0.063698,0.325138
-0.075125,0.062349,0.325379
-0.077413,0.063897,0.326560
-0.075557,0.063317,0.325897
-0.080588,0.064209,0.324699
-0.077949,0.062345,0.326487
-0.078056,0.064135,0.326353
-0.079987,0.063905,0.324372
-0.082447,0.064331,0.325513
-0.084577,0.064432,0.326476
-0.083447,0.062456,0.325195
-0.084269,0.062443,0.324013
-0.085599,0.064763,0.324465
-0.087892,0.064453,0.323725
-0.089284,0.064277,0.324845
-0.089897,0.063768,0.325970
-0.092065,0.062762,0.323915
-0.090399,0.061073,0.324930
-0.095125,0.063095,0.325597
-0.092859,0.062835,0.323360
-0.095439,0.064258,0.324966
-0.097778,0.063551,0.325066
-0.097094,0.065806,0.324788
-0.097910,0.064629,0.324936
-0.098607,0.063310,0.324198
-0.100187,0.063182,0.324608
-0.101381,0.063106,0.324556
-0.104825,0.064648,0.323656
-0.104563,0.063808,0.325883
-0.105138,0.062376,0.324134
-0.105159,0.062354,0.326275
-0.106958,0.063685,0.325833
-0.108501,0.062549,0.323617
-0.109626,0.063294,0.324330
-0.108556,0.063585,0.324478
-0.112082,0.063117,0.324079
-0.112331,0.061996,0.323570
-0.113374,0.062193,0.323935
-0.115794,0.061181,0.323839
-0.116014,0.061349,0.322272
-0.116844,0.059265,0.323270
-0.116734,0.058750,0.322555
-0.117242,0.059506,0.321785
-0.120788,0.057382,0.323078
-0.121302,0.058637,0.321509
-0.123430,0.057081,0.321686
-0.123464,0.055672,0.319653
-0.125909,0.056333,0.319610
-0.125529,0.055960,0.319311
-0.125975,0.054821,0.318065
-0.127396,0.053868,0.317690
-0.128018,0.053220,0.318301
-0.130199,0.053445,0.317874
-0.131034,0.053535,0.317587
-0.129661,0.051742,0.316994
-0.132148,0.050528,0.317656
-0.134616,0.051967,0.317111
-0.132982,0.051159,0.314405
-0.136022,0.050462,0.312020
-0.137444,0.049068,0.314418
-0.136821,0.047235,0.311029
-0.138111,0.046082,0.312414
-0.138877,0.045489,0.312587
-0.140792,0.041494,0.310314
-0.143176,0.041994,0.306886
-0.144884,0.038542,0.306649
-0.143942,0.035494,0.304358
-0.147644,-0.006269,0.272877
-0.149979,-0.005832,0.272940
-0.147871,-0.009379,0.269716
-0.152332,-0.011577,0.269470
-0.150827,-0.014301,0.266743
-0.152523,-0.015440,0.267200
-0.153459,-0.017714,0.263630
-0.154668,-0.017661,0.262122
-0.155757,-0.020686,0.261844
-0.157156,-0.021742,0.260829
-0.158738,-0.023914,0.258544
-0.159734,-0.026951,0.254977
-0.159529,-0.029720,0.253868
-0.161672,-0.034258,0.252962
-0.161672,-0.035069,0.250212
-0.163657,-0.037782,0.248512
-0.166850,-0.041500,0.246737
-0.168219,-0.042661,0.244787
-0.169245,-0.045972,0.242041
-0.169400,-0.047705,0.239292
-0.170479,-0.052585,0.237465
-0.171807,-0.054817,0.236769
-0.175659,-0.057488,0.235352
-0.172530,-0.061115,0.230220
-0.176003,-0.062860,0.230174
-0.179145,-0.064856,0.229805
-0.179272,-0.066095,0.227211
-0.180043,-0.069806,0.226179
-0.180987,-0.070314,0.223986
-0.183672,-0.072967,0.221591
-0.183746,-0.074777,0.220781
-0.186072,-0.076843,0.220582
-0.185107,-0.078061,0.219697
-0.187771,-0.079810,0.219400
-0.187251,-0.081963,0.215709
-0.188927,-0.082273,0.211999
-0.190170,-0.084529,0.213903
-0.191931,-0.085828,0.212340
-0.193036,-0.086035,0.212962
-0.195099,-0.089780,0.210891
-0.196306,-0.090548,0.209366
-0.198052,-0.091260,0.210318
-0.198046,-0.091586,0.207395
-0.199373,-0.092603,0.207611
-0.201575,-0.096256,0.206758
-0.202467,-0.097490,0.205805
-0.203136,-0.100489,0.205714
-0.205059,-0.098951,0.202763
-0.205089,-0.099877,0.201064
-0.207070,-0.101621,0.201219
-0.207518,-0.105272,0.200735
-0.210327,-0.103055,0.198128
-0.211297,-0.105698,0.198452
-0.212641,-0.106374,0.196211
-0.213752,-0.107863,0.195962
-0.215480,-0.110545,0.196456
-0.215965,-0.111004,0.192883
-0.217108,-0.113076,0.192976
-0.219762,-0.115682,0.192046
-0.221615,-0.115468,0.190842
-0.220887,-0.118107,0.189703
-0.222049,-0.121540,0.188095
-0.224438,-0.121199,0.187383
-0.226411,-0.123524,0.184379
-0.226172,-0.124244,0.183752
-0.228908,-0.126730,0.182004
-0.227345,-0.129076,0.182192
-0.230325,-0.129058,0.180755
-0.232454,-0.132553,0.180209
-0.233320,-0.132406,0.178581
-0.233797,-0.135290,0.176164
-0.235692,-0.136409,0.175946
-0.237038,-0.139259,0.172394
-0.239427,-0.140140,0.172320
-0.238337,-0.144335,0.170097
-0.241287,-0.143721,0.167950
-0.243003,-0.149332,0.164704
-0.242282,-0.151351,0.162855
-0.245308,-0.151461,0.162150
-0.246213,-0.156298,0.161379
-0.246965,-0.158739,0.157019
-0.246749,-0.158386,0.156441
-0.250328,-0.161281,0.154806
-0.252215,-0.165577,0.153100
-0.253769,-0.166630,0.153980
-0.252450,-0.168897,0.151351
-0.256450,-0.169864,0.149192
-0.256949,-0.172830,0.147814
-0.258767,-0.173607,0.145457
-0.257619,-0.175872,0.144067
-0.260669,-0.179190,0.142075
-0.263012,-0.182014,0.139843
-0.264224,-0.187689,0.138957
-0.265804,-0.188353,0.137119
-0.267464,-0.190004,0.134008
-0.269351,-0.193840,0.131849
-0.269570,-0.197297,0.131587
-0.272123,-0.197557,0.128599
-0.273608,-0.199801,0.128263
-0.274582,-0.203093,0.127145
-0.277846,-0.205484,0.123866
-0.277257,-0.206804,0.119621
-0.278392,-0.210212,0.120839
-0.281395,-0.212632,0.118670
-0.280986,-0.214302,0.115552
-0.282568,-0.216117,0.115289
-0.285106,-0.221147,0.111646
-0.285832,-0.226500,0.109498
-0.288384,-0.227568,0.106567
-0.291653,-0.229094,0.102591
-0.290682,-0.233235,0.100994
-0.291285,-0.237044,0.099084
-0.294574,-0.243712,0.096159
-0.296044,-0.246406,0.090929
-0.297852,-0.253165,0.086051
-0.300007,-0.263482,0.080922
0.097065,-0.007846,0.275005
0.096003,-0.004993,0.274728
0.094779,-0.002060,0.275497
0.093247,-0.001323,0.279081
0.092390,0.004035,0.281516
0.090848,0.005291,0.283160
0.090711,0.005882,0.281976
0.088611,0.007648,0.284231
0.087484,0.008761,0.283830
0.086405,0.010798,0.286433
0.082711,0.010224,0.286553
0.082612,0.012407,0.287684
0.082388,0.013747,0.288974
0.081952,0.015523,0.291427
0.080342,0.015227,0.290148
0.078534,0.016288,0.291322
0.075381,0.017102,0.292847
0.075509,0.019452,0.292595
0.075510,0.019278,0.292908
0.073417,0.020279,0.295214
0.074322,0.021725,0.296693
0.071948,0.022549,0.296210
0.069335,0.023337,0.296239
0.069265,0.023444,0.296797
0.067500,0.024289,0.298490
0.064861,0.026803,0.296783
0.065458,0.024603,0.298100
0.064573,0.025252,0.299998
0.062812,0.027573,0.296870
0.062646,0.027395,0.300458
0.059218,0.027603,0.303264
0.059890,0.029491,0.300751
0.057510,0.029658,0.302349
0.056563,0.031874,0.301772
0.055563,0.031792,0.302403
0.054395,0.030221,0.301718
0.053966,0.032495,0.303723
0.054082,0.034343,0.303939
0.051943,0.035757,0.306868
0.050930,0.034231,0.304294
0.049511,0.035532,0.303701
0.046252,0.036169,0.306455
0.046448,0.036926,0.306679
0.046068,0.036335,0.306836
0.045263,0.039498,0.305767
0.043338,0.036983,0.307232
0.042490,0.038926,0.306999
0.040491,0.039935,0.308763
0.040802,0.038838,0.308189
0.038301,0.040040,0.307830
0.039366,0.039808,0.308858
0.038110,0.039515,0.309533
0.035427,0.039958,0.310543
0.035317,0.040949,0.309972
0.033429,0.041691,0.309139
0.033812,0.041925,0.311707
0.031086,0.042418,0.312640
0.030927,0.043191,0.309701
0.029188,0.046368,0.312882
0.027651,0.043916,0.312411
0.028876,0.044933,0.312951
0.024736,0.045646,0.313946
0.023673,0.045809,0.313185
0.023457,0.047167,0.312056
0.024188,0.047739,0.316375
0.023089,0.048507,0.312554
0.020641,0.047191,0.312895
0.018257,0.047170,0.313513
0.019133,0.048661,0.314736
0.017114,0.050150,0.316078
0.015596,0.048332,0.315637
0.015298,0.049385,0.315775
0.011789,0.048687,0.316113
0.013816,0.048580,0.313913
0.010566,0.051048,0.315536
0.012329,0.050253,0.314844
0.008334,0.049663,0.315086
0.008809,0.048975,0.316815
0.007299,0.050297,0.317170
0.006025,0.051372,0.318117
0.006095,0.050196,0.316596
0.003864,0.049560,0.315843
0.005039,0.051904,0.318360
0.001467,0.051028,0.315908
0.002093,0.050439,0.316364
-0.001345,0.051186,0.319411
-0.002740,0.050450,0.316190
-0.000760,0.050887,0.318016
-0.001936,0.050858,0.315630
-0.004689,0.052198,0.317664
-0.006518,0.051614,0.317427
-0.006698,0.051412,0.316663
-0.008096,0.051784,0.314907
-0.006968,0.051616,0.316983
-0.009041,0.054133,0.317091
-0.009953,0.052065,0.318157
-0.012066,0.054597,0.318029
-0.015092,0.052286,0.318915
-0.013671,0.054393,0.319619
-0.015181,0.053655,0.318526
-0.016338,0.053524,0.319143
-0.017132,0.054022,0.319987
-0.018165,0.051866,0.321253
-0.018861,0.054481,0.320995
-0.020376,0.053278,0.319314
-0.022742,0.053965,0.320258
-0.021412,0.053188,0.319703
-0.022678,0.055643,0.321290
-0.026003,0.055405,0.319436
-0.026395,0.057461,0.320556
-0.028328,0.057456,0.322332
-0.027384,0.055383,0.321797
-0.031076,0.058004,0.319556
-0.029921,0.057004,0.322814
-0.032423,0.056579,0.324265
-0.033553,0.058997,0.321824
-0.034215,0.058194,0.323444
-0.034643,0.059273,0.321784
-0.035299,0.058342,0.324395
-0.035557,0.058080,0.324420
-0.037319,0.057685,0.323939
-0.037925,0.057520,0.323374
-0.040871,0.060004,0.324725
-0.040271,0.058074,0.322761
-0.041239,0.060653,0.323711
-0.045307,0.058216,0.325108
-0.043282,0.059285,0.323914
-0.044795,0.061424,0.324953
-0.047734,0.059628,0.324301
-0.044865,0.060774,0.325723
-0.048131,0.061613,0.326028
-0.048324,0.061743,0.323964
-0.051679,0.060520,0.321962
-0.049825,0.060433,0.323605
-0.052426,0.060419,0.325054
-0.052878,0.061221,0.324244
-0.056833,0.059253,0.324808
-0.056854,0.062705,0.325088
-0.056568,0.059931,0.324418
-0.057230,0.061645,0.324195
-0.059621,0.062085,0.325086
-0.060678,0.061639,0.324377
-0.061171,0.061494,0.325649
-0.062707,0.062333,0.325233
-0.062360,0.062967,0.326935
-0.065375,0.062715,0.324258
-0.064337,0.060789,0.324573
-0.064951,0.060990,0.326509
-0.070078,0.064232,0.323228
-0.068356,0.060593,0.324563
-0.070603,0.062004,0.325067
-0.071055,0.063306,0.326207
-0.071919,0.061969,0.326310
-0.074307,0.062363,0.326119
-0.074090,0.061467,0.325692
-0.074583,0.059902,0.326625
-0.076418,0.061276,0.324866
-0.076770,0.063034,0.326388
-0.078747,0.063423,0.326761
-0.079777,0.061208,0.325856
-0.081932,0.062175,0.325985
-0.080624,0.062121,0.326058
-0.082971,0.064126,0.325622
-0.084057,0.063257,0.323007
-0.083754,0.062991,0.324922
-0.085419,0.062906,0.326909
-0.087122,0.062838,0.325726
-0.086837,0.060733,0.325297
-0.087965,0.063239,0.327167
-0.090099,0.062442,0.324844
-0.090953,0.063053,0.325182
-0.092354,0.063407,0.324554
-0.092207,0.062785,0.325774
-0.093675,0.063171,0.327310
-0.094817,0.062218,0.324642
-0.097152,0.063603,0.325962
-0.097872,0.064192,0.324864
-0.097875,0.063045,0.325929
-0.099992,0.061206,0.326027
-0.100991,0.061201,0.325949
-0.101521,0.061979,0.324668
-0.101892,0.063995,0.324817
-0.104855,0.063131,0.325108
-0.106894,0.064666,0.324907
-0.106347,0.062584,0.324205
-0.108800,0.062478,0.326119
-0.106670,0.062120,0.324971
-0.109290,0.060297,0.326465
-0.111398,0.060976,0.325691
-0.111374,0.061026,0.323392
-0.111721,0.062201,0.323565
-0.113663,0.061089,0.322627
-0.114157,0.059001,0.323469
-0.115290,0.060262,0.322477
-0.116815,0.058642,0.321079
-0.118672,0.057481,0.322068
-0.119015,0.057697,0.322841
-0.119293,0.057679,0.320187
-0.121322,0.058324,0.321744
-0.121595,0.055072,0.321313
-0.123991,0.056030,0.319015
-0.122985,0.056227,0.320710
-0.124678,0.054472,0.319798
-0.125082,0.052039,0.320494
-0.126831,0.052462,0.318695
-0.126835,0.052926,0.318147
-0.129205,0.052941,0.318721
-0.129292,0.051417,0.317873
-0.132124,0.052393,0.315540
-0.132125,0.050538,0.316445
-0.133730,0.047749,0.315637
-0.135022,0.048595,0.316148
-0.136742,0.048764,0.315615
-0.137240,0.046963,0.313138
-0.136978,0.045160,0.314600
-0.139199,0.043397,0.311434
-0.140319,0.043571,0.310722
-0.142230,0.039563,0.309351
-0.143021,0.039804,0.307808
-0.142853,0.037788,0.307508
-0.143844,0.031764,0.302742
-0.146699,-0.006620,0.273632
-0.148985,-0.009913,0.272401
-0.149670,-0.010804,0.270600
-0.149602,-0.014283,0.269405
-0.153459,-0.013268,0.269450
-0.152957,-0.015639,0.266531
-0.152808,-0.018981,0.264023
-0.155210,-0.021559,0.264733
-0.155990,-0.022664,0.262448
-0.158275,-0.024617,0.261923
-0.158338,-0.026775,0.259040
-0.159011,-0.027650,0.257162
-0.164033,-0.030805,0.255114
-0.164215,-0.034529,0.253386
-0.164223,-0.036382,0.251029
-0.165013,-0.039354,0.250611
-0.166613,-0.043135,0.247729
-0.168213,-0.044288,0.245079
-0.169566,-0.048203,0.241634
-0.170151,-0.052104,0.242706
-0.170294,-0.054029,0.237999
-0.170240,-0.056699,0.236285
-0.174820,-0.058596,0.235535
-0.176399,-0.061238,0.234236
-0.177975,-0.063315,0.230723
-0.177545,-0.065462,0.230155
-0.177074,-0.068394,0.227059
-0.181727,-0.068993,0.225429
-0.181393,-0.072605,0.224485
-0.181664,-0.072557,0.222953
-0.185017,-0.075741,0.223179
-0.184177,-0.076268,0.220613
-0.186056,-0.078735,0.222887
-0.188219,-0.079829,0.219116
-0.188517,-0.081227,0.218026
-0.190263,-0.082409,0.214975
-0.191249,-0.086607,0.216071
-0.192078,-0.086860,0.213995
-0.194599,-0.087535,0.214882
-0.194848,-0.088079,0.210494
-0.195816,-0.091745,0.209797
-0.196050,-0.091470,0.209593
-0.198386,-0.094367,0.209812
-0.199834,-0.093460,0.208994
-0.201678,-0.094936,0.206892
-0.201517,-0.097487,0.207551
-0.202796,-0.098836,0.206373
-0.204630,-0.097868,0.203951
-0.205078,-0.101852,0.203949
-0.206324,-0.101393,0.203656
-0.207987,-0.103568,0.201442
-0.210043,-0.104669,0.201265
-0.210844,-0.106590,0.199686
-0.214600,-0.107100,0.197829
-0.211838,-0.107485,0.198405
-0.214902,-0.109415,0.196619
-0.212821,-0.112764,0.194006
-0.219034,-0.112897,0.194719
-0.217524,-0.117007,0.192769
-0.219993,-0.115156,0.191671
-0.220686,-0.118064,0.191879
-0.221096,-0.119676,0.186827
-0.224025,-0.120981,0.187408
-0.224468,-0.123271,0.185441
-0.226630,-0.124355,0.185536
-0.227112,-0.127381,0.184667
-0.229135,-0.127603,0.182264
-0.230820,-0.129502,0.181372
-0.231912,-0.130726,0.178238
-0.232369,-0.133561,0.178991
-0.234167,-0.134540,0.178401
-0.235178,-0.136353,0.176696
-0.236083,-0.137968,0.174595
-0.238335,-0.141476,0.173263
-0.237112,-0.143149,0.172126
-0.241453,-0.145361,0.171026
-0.243476,-0.146646,0.168203
-0.242351,-0.149537,0.164723
-0.242959,-0.153461,0.165869
-0.245940,-0.153945,0.163805
-0.245455,-0.156732,0.161218
-0.249380,-0.158643,0.158497
-0.250751,-0.160915,0.157940
-0.252601,-0.163586,0.156758
-0.252516,-0.165435,0.154862
-0.254292,-0.167770,0.152882
-0.256232,-0.170881,0.151596
-0.256910,-0.172063,0.149304
-0.258941,-0.172295,0.149206
-0.260326,-0.176624,0.147638
-0.259506,-0.179239,0.144319
-0.262748,-0.182432,0.141101
-0.264145,-0.187118,0.140253
-0.267449,-0.189669,0.138025
-0.266606,-0.192115,0.137206
-0.266630,-0.193599,0.134626
-0.270095,-0.196517,0.132276
-0.271375,-0.196772,0.131711
-0.272678,-0.199811,0.128476
-0.274612,-0.202485,0.127132
-0.276245,-0.205725,0.128570
-0.277510,-0.208239,0.125166
-0.279255,-0.209526,0.120484
-0.280845,-0.212217,0.120776
-0.280528,-0.215550,0.117592
-0.284010,-0.217726,0.116806
-0.285133,-0.219984,0.114060
-0.285199,-0.224340,0.112698
-0.288058,-0.226197,0.110547
-0.289507,-0.228990,0.106587
-0.292765,-0.232402,0.106057
-0.292052,-0.236529,0.103285
-0.292828,-0.240748,0.100021
-0.294087,-0.245112,0.094975
-0.296042,-0.248326,0.090699
-0.299010,-0.259332,0.086830
-0.301051,-0.265063,0.079014
0.096566,-0.006816,0.275338
0.094666,-0.004604,0.276325
0.093257,-0.001973,0.279480
0.092095,0.000335,0.281113
0.090911,0.002525,0.282410
0.089502,0.002940,0.284962
0.087775,0.005059,0.283994
0.086557,0.008736,0.285742
0.086845,0.008073,0.287920
0.083449,0.009381,0.288829
0.081176,0.011591,0.289987
0.082341,0.012503,0.288411
0.081322,0.013644,0.291960
0.078993,0.015050,0.290119
0.077433,0.013561,0.292410
0.077261,0.017417,0.293385
0.076859,0.017419,0.295135
0.073731,0.017102,0.295053
0.073232,0.018914,0.293949
0.072050,0.019045,0.294408
0.071694,0.019942,0.297131
0.069190,0.020411,0.297308
0.068510,0.022758,0.297573
0.068433,0.022546,0.299379
0.066405,0.022696,0.299803
0.064808,0.025088,0.299296
0.064209,0.024945,0.299257
0.065626,0.026374,0.299995
0.063274,0.027204,0.298778
0.061969,0.026175,0.301289
0.059431,0.026954,0.301125
0.059279,0.027232,0.303299
0.057595,0.031453,0.300364
0.055936,0.030662,0.303636
0.055044,0.030279,0.305288
0.054874,0.030957,0.303147
0.051798,0.032528,0.303970
0.052062,0.032059,0.305058
0.049832,0.034168,0.306226
0.050534,0.032797,0.305250
0.048925,0.035308,0.305544
0.046546,0.033061,0.304260
0.046437,0.034751,0.307851
0.044931,0.037412,0.306097
0.042578,0.037144,0.308475
0.043671,0.035091,0.306956
0.041491,0.037154,0.307850
0.039723,0.037117,0.307940
0.040474,0.037010,0.310609
0.038649,0.037163,0.309859
0.036320,0.039636,0.308870
0.037010,0.038120,0.308432
0.035817,0.039895,0.311742
0.033439,0.039420,0.312369
0.032049,0.041209,0.311725
0.031214,0.040810,0.312267
0.031546,0.042711,0.309110
0.027628,0.043101,0.311996
0.027342,0.041383,0.312607
0.027581,0.042940,0.311652
0.027123,0.042809,0.312774
0.025306,0.045973,0.313469
0.025087,0.045387,0.314985
0.023116,0.045262,0.313529
0.021014,0.044535,0.315295
0.020459,0.045680,0.315537
0.019451,0.047808,0.314393
0.018461,0.045915,0.315421
0.016687,0.044343,0.316813
0.016234,0.047083,0.315205
0.014842,0.048047,0.315937
0.013648,0.045573,0.314157
0.011656,0.048226,0.315916
0.012955,0.046368,0.316120
0.011248,0.048513,0.315733
0.008318,0.049611,0.314313
0.007935,0.047223,0.316081
0.007725,0.047789,0.316667
0.006514,0.048902,0.316813
0.002845,0.049334,0.316006
0.003421,0.049663,0.316709
0.002761,0.048391,0.316085
0.002368,0.048212,0.315145
0.002551,0.048866,0.316284
-0.001537,0.048982,0.317854
0.000147,0.049323,0.319005
-0.002527,0.049086,0.318945
-0.002669,0.049460,0.316310
-0.005936,0.049997,0.317150
-0.005474,0.048215,0.317069
-0.006247,0.047092,0.317842
-0.007872,0.049025,0.317295
-0.009433,0.048112,0.318315
-0.008405,0.050443,0.317582
-0.010001,0.050461,0.319010
-0.012473,0.051015,0.317329
-0.013251,0.050431,0.316951
-0.013334,0.050205,0.319614
-0.016401,0.050982,0.317167
-0.016925,0.050589,0.319211
-0.016735,0.051982,0.319864
-0.017697,0.052034,0.318754
-0.019325,0.052633,0.318883
-0.020080,0.052283,0.319745
-0.019551,0.051870,0.319830
-0.021660,0.052714,0.317936
-0.021689,0.054372,0.318391
-0.022932,0.054760,0.320739
-0.028048,0.055978,0.320485
-0.028591,0.052826,0.320775
-0.026154,0.056601,0.319552
-0.027475,0.054708,0.322059
-0.032012,0.055453,0.322016
-0.031249,0.056019,0.322445
-0.033469,0.055859,0.321925
-0.033017,0.055071,0.321327
-0.034237,0.055828,0.322039
-0.035916,0.057360,0.321810
-0.035829,0.058386,0.322423
-0.036186,0.057779,0.323248
-0.038041,0.056866,0.324059
-0.038807,0.057743,0.322698
-0.040190,0.057403,0.322292
-0.041306,0.058628,0.325209
-0.043460,0.058508,0.325250
-0.044740,0.059712,0.322622
-0.045692,0.059576,0.325513
-0.046288,0.058701,0.323950
-0.046674,0.058447,0.324011
-0.048567,0.059305,0.326927
-0.050734,0.058827,0.326531
-0.051013,0.059053,0.325484
-0.052220,0.058626,0.324764
-0.052338,0.058268,0.324860
-0.052791,0.058099,0.325721
-0.054574,0.059069,0.325065
-0.056643,0.060443,0.324016
-0.057157,0.060782,0.323692
-0.056797,0.059038,0.325038
-0.059671,0.060132,0.324964
-0.058287,0.058717,0.325674
-0.059997,0.062613,0.325119
-0.062235,0.061671,0.324937
-0.062797,0.058465,0.325520
-0.064510,0.060156,0.325169
-0.064156,0.061799,0.324692
-0.066161,0.060217,0.326042
-0.067879,0.062147,0.325740
-0.067467,0.061215,0.325815
-0.070535,0.062339,0.326121
-0.070741,0.060209,0.324934
-0.072349,0.060066,0.326259
-0.073352,0.062031,0.325180
-0.072253,0.061068,0.326503
-0.075109,0.062202,0.326811
-0.075248,0.060607,0.328412
-0.077285,0.061362,0.327965
-0.078917,0.063009,0.326087
-0.079386,0.060442,0.325283
-0.080710,0.060650,0.327180
-0.081034,0.061852,0.325930
-0.082805,0.061026,0.329236
-0.085115,0.061201,0.327842
-0.085942,0.061837,0.323266
-0.085272,0.061180,0.324553
-0.085900,0.061451,0.324711
-0.087041,0.060143,0.328447
-0.088470,0.060904,0.325125
-0.090287,0.062338,0.326038
-0.090715,0.061799,0.325615
-0.092468,0.061056,0.326236
-0.091597,0.061498,0.328925
-0.094777,0.059356,0.325793
-0.094164,0.062227,0.328161
-0.096260,0.061851,0.325987
-0.096109,0.062420,0.324108
-0.098772,0.060500,0.326674
-0.098800,0.063315,0.326651
-0.101400,0.061036,0.327516
-0.101879,0.060315,0.326196
-0.102284,0.061726,0.327107
-0.102783,0.062196,0.325685
-0.105224,0.061516,0.327830
-0.106207,0.060768,0.325864
-0.106028,0.060909,0.326701
-0.108761,0.061800,0.325712
-0.108052,0.060739,0.326314
-0.111144,0.061380,0.326043
-0.112152,0.060136,0.326121
-0.110014,0.058620,0.325827
-0.113586,0.057492,0.324836
-0.112733,0.058736,0.326618
-0.116162,0.059030,0.323393
-0.115599,0.057872,0.321821
-0.117332,0.055773,0.323148
-0.119447,0.055735,0.323372
-0.121508,0.056288,0.323883
-0.122329,0.055439,0.322719
-0.121152,0.055805,0.321329
-0.121590,0.053488,0.320053
-0.124231,0.053242,0.322275
-0.124616,0.053880,0.320892
-0.124638,0.052731,0.320333
-0.125827,0.050483,0.319748
-0.128308,0.050630,0.317054
-0.130826,0.049535,0.317492
-0.130354,0.049176,0.316719
-0.132201,0.048391,0.317171
-0.132230,0.049254,0.316541
-0.135169,0.046897,0.316419
-0.134733,0.047198,0.313835
-0.136350,0.045797,0.313900
-0.137212,0.043336,0.314908
-0.140242,0.043799,0.313260
-0.141209,0.043167,0.311644
-0.139505,0.040174,0.310220
-0.141469,0.038482,0.309503
-0.141095,0.036862,0.307197
-0.141214,0.036766,0.307453
-0.143508,-0.006608,0.274927
-0.146628,-0.008168,0.272933
-0.148402,-0.009882,0.272776
-0.149141,-0.013173,0.272059
-0.150911,-0.014368,0.270511
-0.151973,-0.015947,0.269122
-0.152450,-0.018020,0.267125
-0.154272,-0.019437,0.266418
-0.154659,-0.023214,0.265334
-0.156140,-0.022135,0.261207
-0.156985,-0.024702,0.260589
-0.158537,-0.031069,0.260196
-0.158549,-0.030486,0.260153
-0.161383,-0.032069,0.256660
-0.161138,-0.034961,0.251764
-0.165543,-0.039526,0.251769
-0.163620,-0.041019,0.250044
-0.167326,-0.042721,0.247751
-0.166799,-0.046589,0.247418
-0.169648,-0.048544,0.243393
-0.169916,-0.052052,0.240795
-0.170404,-0.053600,0.240791
-0.172822,-0.056911,0.237561
-0.174458,-0.060894,0.234337
-0.175846,-0.060750,0.233721
-0.177124,-0.064868,0.232245
-0.176984,-0.066053,0.230203
-0.177250,-0.068358,0.230373
-0.181007,-0.071464,0.227172
-0.179588,-0.074040,0.226037
-0.181673,-0.072882,0.224288
-0.186102,-0.077782,0.222858
-0.184945,-0.077336,0.221132
-0.186517,-0.078043,0.221976
-0.188452,-0.081505,0.219655
-0.187049,-0.084043,0.219359
-0.190460,-0.085462,0.217859
-0.189315,-0.085707,0.216468
-0.192577,-0.087922,0.215733
-0.193478,-0.088254,0.216842
-0.196627,-0.090596,0.212448
-0.195364,-0.090871,0.210697
-0.197359,-0.091256,0.212221
-0.198331,-0.093540,0.209841
-0.199450,-0.095969,0.210844
-0.201643,-0.096763,0.210256
-0.204045,-0.098419,0.207619
-0.205805,-0.097261,0.206436
-0.203612,-0.100472,0.205745
-0.205610,-0.101736,0.204836
-0.207144,-0.099577,0.205850
-0.207641,-0.102609,0.202184
-0.210135,-0.105718,0.202478
-0.211965,-0.106712,0.202135
-0.212805,-0.107533,0.198153
-0.212421,-0.108975,0.199938
-0.216768,-0.109022,0.196148
-0.215759,-0.110134,0.196437
-0.215719,-0.115425,0.196126
-0.218186,-0.118509,0.194732
-0.218498,-0.116879,0.191785
-0.219333,-0.118514,0.192977
-0.222743,-0.120887,0.191578
-0.222698,-0.122810,0.187956
-0.223901,-0.121765,0.188641
-0.226018,-0.124155,0.185662
-0.227254,-0.126329,0.186531
-0.229097,-0.127014,0.184949
-0.232559,-0.130305,0.182018
-0.231844,-0.131228,0.180868
-0.232319,-0.134688,0.180936
-0.235551,-0.135339,0.178685
-0.236825,-0.137523,0.176806
-0.235800,-0.139839,0.177419
-0.237211,-0.142471,0.173178
-0.238176,-0.143519,0.174222
-0.241603,-0.144057,0.172889
-0.242327,-0.148926,0.169658
-0.243418,-0.148873,0.166076
-0.244286,-0.153091,0.165530
-0.245766,-0.156596,0.164661
-0.247184,-0.158292,0.162487
-0.249319,-0.159945,0.160366
-0.249781,-0.160888,0.161123
-0.249688,-0.163458,0.157433
-0.254408,-0.164647,0.158308
-0.254651,-0.168783,0.154591
-0.255935,-0.170844,0.153655
-0.257334,-0.170285,0.152290
-0.257645,-0.172712,0.151334
-0.258367,-0.176515,0.148765
-0.261864,-0.179084,0.145834
-0.261790,-0.183020,0.143775
-0.264730,-0.184312,0.141997
-0.266147,-0.187771,0.139637
-0.265434,-0.190441,0.137857
-0.268838,-0.193202,0.135830
-0.269645,-0.194992,0.134369
-0.271647,-0.198475,0.132912
-0.271725,-0.200595,0.132501
-0.273458,-0.202758,0.128777
-0.276834,-0.205155,0.125984
-0.277799,-0.206024,0.126120
-0.277789,-0.209691,0.123776
-0.280430,-0.210340,0.122396
-0.280045,-0.214428,0.119478
-0.282241,-0.215469,0.118373
-0.282534,-0.220948,0.117148
-0.285233,-0.221965,0.114931
-0.290014,-0.225227,0.112008
-0.288830,-0.227846,0.109599
-0.289846,-0.231949,0.108548
-0.291030,-0.233119,0.104204
-0.294442,-0.240913,0.101598
-0.297683,-0.242303,0.100208
-0.296609,-0.246370,0.096470
-0.299207,-0.252410,0.092196
-0.301018,-0.261761,0.083765
-0.302967,-0.269249,0.079758
0.093460,-0.009908,0.275712
0.094753,-0.007529,0.277706
0.092842,-0.005911,0.278080
0.092115,-0.001639,0.282068
0.091625,0.001054,0.282349
0.089712,0.001124,0.282730
0.087731,0.004204,0.285463
0.087260,0.004755,0.287052
0.085717,0.007981,0.285994
0.085377,0.007928,0.286515
0.083006,0.009737,0.288380
0.083158,0.012224,0.291214
0.080686,0.011102,0.291208
0.078794,0.011997,0.290807
0.078548,0.014024,0.291444
0.077695,0.013371,0.290958
0.074606,0.014630,0.293628
0.073084,0.019140,0.294370
0.072505,0.017926,0.292646
0.072747,0.018759,0.294386
0.070739,0.018751,0.295900
0.069764,0.018795,0.298354
0.069206,0.020358,0.297819
0.066114,0.020347,0.299471
0.068157,0.020929,0.299161
0.066648,0.023334,0.297571
0.066277,0.024056,0.300688
0.064278,0.026167,0.298722
0.060885,0.024415,0.300643
0.061021,0.024673,0.302122
0.060674,0.028385,0.300830
0.059030,0.027719,0.302520
0.056722,0.026405,0.303579
0.055089,0.026770,0.303167
0.054166,0.029632,0.304479
0.053286,0.029919,0.302076
0.051279,0.030704,0.304976
0.051664,0.032379,0.304711
0.050511,0.029210,0.306068
0.048509,0.032795,0.305803
0.047520,0.031763,0.306688
0.048030,0.035259,0.307028
0.045229,0.034056,0.306012
0.045710,0.033891,0.308525
0.044080,0.033865,0.306222
0.042643,0.036258,0.307209
0.042146,0.036538,0.309615
0.043580,0.036064,0.311239
0.038648,0.036867,0.309247
0.038064,0.035770,0.308763
0.037758,0.039044,0.310880
0.037297,0.037258,0.310265
0.034300,0.037966,0.311214
0.033150,0.037617,0.311447
0.033452,0.038673,0.311657
0.030419,0.038890,0.312206
0.032156,0.039254,0.311574
0.029640,0.040448,0.312428
0.028171,0.040733,0.313092
0.027425,0.042777,0.312705
0.027258,0.040959,0.314288
0.027005,0.041886,0.313084
0.023978,0.043181,0.313949
0.022377,0.041552,0.314714
0.021039,0.043492,0.314788
0.020139,0.043553,0.314925
0.021209,0.045211,0.314195
0.018197,0.042050,0.312256
0.017706,0.046352,0.314622
0.016361,0.043644,0.315657
0.015384,0.045770,0.314366
0.013851,0.046672,0.316337
0.012265,0.045390,0.316311
0.012672,0.045846,0.315305
0.008274,0.045236,0.317121
0.009280,0.045605,0.316534
0.008826,0.044768,0.315989
0.007303,0.046838,0.315794
0.006402,0.046754,0.316729
0.005203,0.045032,0.316911
0.004262,0.045491,0.315859
0.003660,0.045506,0.314573
0.002266,0.047814,0.315743
0.001451,0.045381,0.316383
0.000764,0.047257,0.315195
-0.001366,0.046681,0.317272
-0.002038,0.047015,0.317958
-0.002204,0.046318,0.316008
-0.003938,0.046613,0.316448
-0.006015,0.047524,0.318139
-0.006368,0.048906,0.317822
-0.006672,0.046181,0.317783
-0.007927,0.046254,0.319324
-0.008725,0.047438,0.314905
-0.011399,0.047001,0.316935
-0.012393,0.047921,0.318270
-0.013097,0.047712,0.318456
-0.012587,0.048492,0.319039
-0.013875,0.050013,0.319708
-0.015652,0.049720,0.317164
-0.017372,0.049623,0.318737
-0.018851,0.049131,0.319435
-0.018532,0.048022,0.319987
-0.020561,0.049762,0.319386
-0.019477,0.051442,0.321008
-0.022621,0.050295,0.320625
-0.023635,0.048714,0.319375
-0.025407,0.051355,0.321346
-0.026579,0.052419,0.321904
-0.026465,0.052802,0.319644
-0.027409,0.052357,0.321894
-0.029241,0.054739,0.322016
-0.031130,0.052336,0.321181
-0.031902,0.054971,0.322484
-0.029718,0.055245,0.323476
-0.032968,0.053501,0.322355
-0.034929,0.054384,0.324008
-0.035633,0.054949,0.325101
-0.038160,0.052945,0.323847
-0.036796,0.055301,0.323308
-0.038415,0.053882,0.322654
-0.038153,0.056828,0.321717
-0.041290,0.054582,0.324772
-0.041469,0.056063,0.323090
-0.042836,0.055640,0.324494
-0.044357,0.057208,0.323970
-0.045923,0.057826,0.323377
-0.046600,0.055859,0.324740
-0.048022,0.055530,0.323991
-0.049359,0.058723,0.325736
-0.048398,0.056912,0.325656
-0.048613,0.059895,0.326568
-0.053879,0.056700,0.325358
-0.052001,0.058166,0.324323
-0.052493,0.057346,0.325545
-0.056335,0.059252,0.326497
-0.056162,0.059260,0.323883
-0.056015,0.058309,0.326545
-0.057974,0.058651,0.324892
-0.058539,0.057892,0.327686
-0.060421,0.059428,0.327017
-0.060742,0.059726,0.324199
-0.062746,0.060333,0.325708
-0.063711,0.059550,0.325187
-0.062791,0.060469,0.326505
-0.064110,0.059667,0.327716
-0.066665,0.059151,0.326149
-0.066677,0.058871,0.326345
-0.068814,0.059314,0.326298
-0.069248,0.059529,0.324923
-0.071274,0.059430,0.324861
-0.074406,0.057445,0.326650
-0.074114,0.058539,0.326857
-0.075211,0.058422,0.326259
-0.074914,0.058596,0.327029
-0.076850,0.059276,0.327002
-0.077394,0.061548,0.325906
-0.079524,0.059980,0.325920
-0.079144,0.060291,0.328185
-0.080572,0.058987,0.325765
-0.080448,0.061257,0.326134
-0.080731,0.057615,0.327592
-0.083336,0.060530,0.326460
-0.085600,0.060043,0.326083
-0.083765,0.059833,0.327403
-0.086935,0.058391,0.324831
-0.087279,0.059760,0.328375
-0.089507,0.058053,0.326092
-0.090229,0.060295,0.325951
-0.090559,0.059582,0.328361
-0.089653,0.059275,0.326688
-0.094276,0.058849,0.326665
-0.094209,0.058759,0.326902
-0.095333,0.060506,0.326019
-0.095043,0.060647,0.327200
-0.099293,0.060664,0.327424
-0.099033,0.058598,0.326773
-0.099072,0.060964,0.328668
-0.099987,0.061233,0.328435
-0.100668,0.060152,0.328459
-0.103660,0.061145,0.328071
-0.104342,0.059437,0.328999
-0.104359,0.059996,0.326649
-0.105581,0.060334,0.329526
-0.104679,0.060687,0.326719
-0.107542,0.059952,0.328180
-0.108229,0.059588,0.327877
-0.111350,0.060093,0.324932
-0.111819,0.058417,0.326637
-0.111369,0.058903,0.325652
-0.113134,0.058175,0.328527
-0.114568,0.057112,0.325570
-0.116144,0.056617,0.325688
-0.115440,0.058186,0.325097
-0.116888,0.056371,0.324362
-0.119339,0.056078,0.323217
-0.120454,0.053086,0.321810
-0.120848,0.054382,0.321886
-0.122946,0.052838,0.321983
-0.122523,0.052273,0.323579
-0.124338,0.051840,0.321818
-0.124508,0.052735,0.321144
-0.126225,0.050457,0.321421
-0.126977,0.048359,0.320863
-0.128423,0.050578,0.320336
-0.129954,0.049010,0.319285
-0.129590,0.048004,0.319312
-0.129934,0.047713,0.316596
-0.131768,0.045844,0.318652
-0.133517,0.045898,0.314728
-0.135514,0.045558,0.315047
-0.135821,0.045223,0.315917
-0.136322,0.043345,0.314762
-0.137979,0.041643,0.312924
-0.138810,0.040183,0.312015
-0.139866,0.038204,0.314090
-0.141420,0.036794,0.311867
-0.143506,0.034873,0.308898
-0.143575,0.029688,0.305866
-0.145364,-0.008435,0.276211
-0.147052,-0.011177,0.273509
-0.149094,-0.013433,0.271594
-0.150088,-0.014910,0.272490
-0.150805,-0.015931,0.270724
-0.150864,-0.019062,0.269555
-0.152952,-0.020197,0.268148
-0.154984,-0.021829,0.266698
-0.155600,-0.024347,0.262578
-0.155519,-0.027186,0.263734
-0.157478,-0.028233,0.260944
-0.156476,-0.029597,0.260586
-0.160552,-0.030927,0.256351
-0.162173,-0.034281,0.256407
-0.163250,-0.036574,0.253795
-0.164712,-0.038436,0.253523
-0.166309,-0.041530,0.249554
-0.167152,-0.044834,0.247352
-0.167848,-0.048764,0.245739
-0.169077,-0.049574,0.245941
-0.168642,-0.056006,0.241745
-0.170445,-0.057414,0.240615
-0.172984,-0.056944,0.239079
-0.174738,-0.061489,0.235250
-0.175375,-0.061178,0.236050
-0.176134,-0.063849,0.232978
-0.175737,-0.066578,0.231595
-0.179435,-0.067133,0.230412
-0.180679,-0.071648,0.227371
-0.182446,-0.075622,0.228589
-0.182490,-0.075368,0.225788
-0.183732,-0.077726,0.225084
-0.185684,-0.078165,0.223729
-0.185555,-0.079771,0.222266
-0.186000,-0.080031,0.220534
-0.188064,-0.083826,0.220475
-0.187287,-0.083695,0.217753
-0.192585,-0.085746,0.216253
-0.192255,-0.088802,0.216854
-0.195571,-0.088721,0.214960
-0.194939,-0.092294,0.213793
-0.196140,-0.089656,0.214137
-0.197737,-0.092606,0.212186
-0.198815,-0.093317,0.210674
-0.200455,-0.096355,0.209598
-0.201925,-0.095035,0.210147
-0.202641,-0.097621,0.207651
-0.203932,-0.099366,0.206735
-0.204707,-0.100172,0.205756
-0.205528,-0.101676,0.205665
-0.205225,-0.100575,0.205079
-0.208393,-0.102533,0.203234
-0.209998,-0.106416,0.203645
-0.212172,-0.107518,0.201524
-0.211877,-0.108416,0.203062
-0.215372,-0.109755,0.199461
-0.214461,-0.110621,0.199054
-0.214895,-0.112478,0.201327
-0.217653,-0.112766,0.196981
-0.219180,-0.115650,0.196906
-0.220207,-0.117282,0.193638
-0.221364,-0.118346,0.191824
-0.224561,-0.120399,0.191412
-0.223062,-0.122495,0.192173
-0.223421,-0.124805,0.189116
-0.225747,-0.124250,0.189760
-0.225853,-0.126712,0.185804
-0.228971,-0.129855,0.185685
-0.228711,-0.130010,0.184723
-0.231356,-0.131869,0.182892
-0.231484,-0.134327,0.181726
-0.232867,-0.137999,0.180576
-0.234648,-0.140470,0.179869
-0.237702,-0.139771,0.178424
-0.237038,-0.143276,0.176038
-0.238844,-0.144034,0.173057
-0.240380,-0.146826,0.171854
-0.241460,-0.146965,0.170297
-0.242432,-0.149543,0.169650
-0.244066,-0.151633,0.169284
-0.244922,-0.153393,0.169313
-0.246052,-0.157565,0.164535
-0.248705,-0.157400,0.164944
-0.250121,-0.161080,0.159778
-0.251689,-0.163606,0.159164
-0.252913,-0.166800,0.158866
-0.252941,-0.168006,0.156282
-0.255968,-0.169127,0.155894
-0.259041,-0.171707,0.154458
-0.259221,-0.174511,0.150911
-0.258652,-0.176596,0.151511
-0.261388,-0.179676,0.148335
-0.262868,-0.182423,0.147070
-0.262990,-0.184760,0.143391
-0.263995,-0.187340,0.144383
-0.266359,-0.188627,0.140458
-0.266489,-0.192793,0.140433
-0.269226,-0.194288,0.135661
-0.268638,-0.198186,0.136311
-0.274429,-0.200821,0.132957
-0.274645,-0.201859,0.131905
-0.274450,-0.204265,0.128656
-0.278052,-0.208851,0.127064
-0.278329,-0.208145,0.125419
-0.280294,-0.212005,0.123458
-0.280961,-0.214965,0.121078
-0.283119,-0.215163,0.121169
-0.284567,-0.220515,0.118411
-0.286364,-0.221067,0.118197
-0.287484,-0.222755,0.113522
-0.289351,-0.228614,0.112520
-0.290383,-0.229845,0.112122
-0.290895,-0.232874,0.106431
-0.293973,-0.238775,0.105244
-0.296187,-0.239831,0.102534
-0.295905,-0.244016,0.101088
-0.298896,-0.248271,0.095013
-0.300262,-0.253821,0.091056
-0.302409,-0.260617,0.085391
-0.304574,-0.271486,0.077694
0.093311,-0.010659,0.276752
0.092447,-0.004580,0.275694
0.092424,-0.004810,0.278624
0.092960,-0.002711,0.281496
0.089950,0.000268,0.284376
0.088839,0.002529,0.286459
0.086571,0.003849,0.285993
0.086181,0.005955,0.287585
0.083455,0.006984,0.288966
0.083235,0.007358,0.290594
0.082244,0.007701,0.288277
0.081874,0.009494,0.290814
0.078745,0.011017,0.292017
0.078289,0.013473,0.292504
0.077305,0.013058,0.295835
0.076446,0.014879,0.293547
0.075888,0.015428,0.294132
0.073944,0.018518,0.293941
0.071795,0.016426,0.295526
0.070007,0.018871,0.296624
0.067651,0.018788,0.297279
0.068973,0.020517,0.298104
0.067290,0.020521,0.298296
0.067265,0.019152,0.297964
0.066281,0.021532,0.299188
0.064497,0.023202,0.299291
0.062157,0.024246,0.301559
0.062548,0.023899,0.300406
0.062511,0.024304,0.301241
0.060541,0.026552,0.303319
0.059135,0.025305,0.302313
0.057930,0.024982,0.303542
0.056095,0.029102,0.302980
0.056080,0.025027,0.303091
0.052097,0.028262,0.303544
0.051852,0.028233,0.304940
0.051123,0.027898,0.303543
0.051485,0.028438,0.305288
0.049699,0.030406,0.306446
0.048733,0.031966,0.305875
0.046678,0.031698,0.308540
0.046037,0.033210,0.308072
0.046057,0.031337,0.307364
0.043818,0.033357,0.307983
0.043223,0.033939,0.308896
0.040084,0.033276,0.308351
0.040677,0.036980,0.309449
0.039463,0.033908,0.310021
0.036830,0.034716,0.309630
0.036945,0.036059,0.309851
0.036854,0.036352,0.310331
0.034024,0.037095,0.312931
0.032991,0.036165,0.310866
0.032684,0.035648,0.310522
0.031743,0.038264,0.311459
0.031450,0.037791,0.311956
0.028025,0.039060,0.311340
0.026321,0.039776,0.313226
0.027570,0.041406,0.312623
0.024757,0.040076,0.313939
0.025242,0.041426,0.316600
0.021939,0.040718,0.315424
0.024451,0.041931,0.315104
0.021904,0.040236,0.314600
0.022029,0.042399,0.314666
0.020060,0.042830,0.315920
0.018417,0.043106,0.315959
0.018957,0.041882,0.317879
0.014834,0.042508,0.314506
0.014283,0.043201,0.315118
0.014759,0.043981,0.317940
0.013487,0.043940,0.316994
0.012012,0.044415,0.317036
0.009780,0.043783,0.316488
0.008753,0.041693,0.317945
0.008118,0.046649,0.315516
0.008462,0.045300,0.314774
0.006518,0.042640,0.316163
0.006308,0.045661,0.315757
0.004513,0.045282,0.316258
0.002395,0.044068,0.317628
0.002882,0.046539,0.315941
-0.000260,0.044881,0.318468
-0.000988,0.042553,0.319023
-0.000814,0.043388,0.317036
-0.000962,0.044752,0.315858
-0.004072,0.045714,0.316277
-0.003210,0.045159,0.316732
-0.005064,0.042743,0.318425
-0.007058,0.045608,0.319028
-0.005265,0.045498,0.318981
-0.009465,0.043671,0.318024
-0.009475,0.044566,0.318226
-0.010473,0.044974,0.318557
-0.010849,0.046097,0.317089
-0.012152,0.045312,0.319158
-0.012133,0.045466,0.318517
-0.013512,0.045952,0.317997
-0.016249,0.045552,0.319247
-0.017219,0.046849,0.317338
-0.016929,0.046636,0.316665
-0.019638,0.047538,0.318055
-0.022670,0.048054,0.318898
-0.022334,0.047782,0.319652
-0.022501,0.047009,0.320908
-0.023335,0.049296,0.319253
-0.026807,0.049149,0.319616
-0.027361,0.048027,0.319677
-0.026382,0.050707,0.321353
-0.026419,0.050453,0.321809
-0.028959,0.052498,0.320524
-0.029740,0.052619,0.320190
-0.030726,0.051222,0.324130
-0.033542,0.052650,0.323870
-0.031597,0.053730,0.321721
-0.034797,0.053122,0.323644
-0.036910,0.052408,0.323922
-0.035359,0.052796,0.323693
-0.037541,0.052833,0.324925
-0.040750,0.053079,0.324143
-0.039030,0.054682,0.324185
-0.041419,0.054761,0.322816
-0.040913,0.054082,0.323671
-0.043683,0.053731,0.322977
-0.043294,0.055986,0.325902
-0.044880,0.054938,0.324825
-0.044755,0.055071,0.322720
-0.047007,0.053868,0.325618
-0.046622,0.053704,0.325446
-0.050396,0.056230,0.324445
-0.051235,0.056681,0.327213
-0.052147,0.056123,0.325919
-0.054499,0.055230,0.324799
-0.055338,0.056464,0.326817
-0.054672,0.057291,0.325528
-0.056916,0.056894,0.326037
-0.057468,0.056167,0.325702
-0.057170,0.056651,0.325358
-0.059154,0.057882,0.327070
-0.060025,0.056836,0.326878
-0.059789,0.055540,0.324759
-0.061942,0.057901,0.328570
-0.064725,0.057990,0.327909
-0.064022,0.057641,0.324526
-0.065377,0.056879,0.327013
-0.066583,0.057302,0.324718
-0.068223,0.056701,0.325506
-0.069089,0.057687,0.326923
-0.069171,0.057766,0.328557
-0.071184,0.059076,0.329233
-0.072210,0.058118,0.326353
-0.072731,0.058007,0.326030
-0.073355,0.058646,0.326955
-0.075542,0.059011,0.328000
-0.075890,0.057115,0.326994
-0.075197,0.057897,0.325437
-0.078721,0.057766,0.326297
-0.079571,0.059465,0.327666
-0.080670,0.058494,0.326466
-0.080785,0.058935,0.327620
-0.080788,0.059788,0.326145
-0.083804,0.057913,0.327295
-0.085922,0.058585,0.325589
-0.085503,0.056366,0.328318
-0.088313,0.058694,0.327308
-0.087169,0.059692,0.328368
-0.090582,0.058616,0.328379
-0.089682,0.059240,0.327292
-0.091920,0.060118,0.327634
-0.093135,0.057770,0.328612
-0.093137,0.057509,0.327305
-0.093418,0.060800,0.325990
-0.094302,0.060329,0.326943
-0.094965,0.058974,0.327289
-0.097039,0.059782,0.327376
-0.099671,0.061050,0.328460
-0.099698,0.059318,0.326609
-0.099077,0.059778,0.328328
-0.100349,0.060113,0.328115
-0.103330,0.059440,0.328269
-0.102689,0.058846,0.327517
-0.104097,0.061116,0.326030
-0.105878,0.059634,0.329233
-0.106294,0.060036,0.326886
-0.106988,0.056532,0.328337
-0.108485,0.057241,0.326315
-0.109907,0.058976,0.327759
-0.111460,0.056807,0.326572
-0.110860,0.055609,0.325330
-0.110159,0.057414,0.326612
-0.114266,0.055690,0.327079
-0.115250,0.053094,0.324353
-0.115873,0.054915,0.324042
-0.117907,0.054203,0.324606
-0.118072,0.054225,0.325313
-0.118931,0.052587,0.322940
-0.121268,0.051495,0.323216
-0.121781,0.051898,0.322341
-0.122892,0.051516,0.321879
-0.124245,0.049475,0.321893
-0.125956,0.050665,0.320765
-0.125331,0.050294,0.319514
-0.127231,0.048554,0.320913
-0.129030,0.047397,0.319049
-0.126749,0.046488,0.321236
-0.131140,0.044903,0.318174
-0.133605,0.046157,0.317645
-0.131730,0.043858,0.315856
-0.135224,0.043171,0.318003
-0.135190,0.043833,0.315183
-0.135286,0.041996,0.316996
-0.136700,0.042367,0.314580
-0.137126,0.040742,0.313256
-0.139166,0.038485,0.310938
-0.140410,0.038307,0.312590
-0.141280,0.035202,0.309734
-0.141086,0.033195,0.307295
-0.144983,0.025849,0.303319
-0.146398,-0.011432,0.275816
-0.146616,-0.012392,0.274123
-0.148935,-0.013057,0.273258
-0.150484,-0.015712,0.272101
-0.151532,-0.016313,0.271561
-0.149839,-0.021238,0.269697
-0.152112,-0.020778,0.268402
-0.152849,-0.023631,0.266815
-0.155399,-0.026348,0.262864
-0.156029,-0.028494,0.263751
-0.158673,-0.030011,0.261959
-0.159220,-0.031776,0.259797
-0.160095,-0.034039,0.258605
-0.160764,-0.035492,0.256061
-0.163054,-0.036407,0.254571
-0.163011,-0.042187,0.253049
-0.165196,-0.042597,0.249398
-0.168044,-0.045790,0.248444
-0.166002,-0.048960,0.246553
-0.168377,-0.051824,0.245002
-0.168432,-0.054571,0.242386
-0.171066,-0.057380,0.240490
-0.171253,-0.059054,0.241478
-0.175616,-0.062192,0.237625
-0.174847,-0.062283,0.234672
-0.177183,-0.068099,0.234542
-0.179192,-0.068184,0.232291
-0.178921,-0.070144,0.230160
-0.179996,-0.071337,0.229699
-0.181992,-0.073032,0.228848
-0.184079,-0.075916,0.227435
-0.185430,-0.076832,0.226851
-0.183741,-0.079404,0.222001
-0.186166,-0.082985,0.222671
-0.189665,-0.082484,0.221955
-0.186499,-0.085134,0.220797
-0.190891,-0.084479,0.217856
-0.191150,-0.087084,0.217219
-0.190484,-0.087333,0.217675
-0.193934,-0.089895,0.217661
-0.195198,-0.090758,0.214817
-0.195473,-0.092343,0.214553
-0.197351,-0.092791,0.213384
-0.197862,-0.094190,0.211502
-0.199438,-0.094822,0.212021
-0.201234,-0.095865,0.211255
-0.202316,-0.097862,0.209700
-0.203091,-0.098084,0.208979
-0.204533,-0.100832,0.210016
-0.204846,-0.101285,0.206966
-0.205836,-0.104202,0.207030
-0.207129,-0.104232,0.204756
-0.212672,-0.105184,0.202699
-0.210354,-0.107609,0.204569
-0.211274,-0.106995,0.203462
-0.212523,-0.109472,0.201787
-0.215039,-0.112581,0.199190
-0.216699,-0.112122,0.200928
-0.216832,-0.114034,0.199023
-0.218008,-0.115031,0.197839
-0.219880,-0.117853,0.196916
-0.220796,-0.116656,0.193452
-0.222137,-0.121302,0.194648
-0.224425,-0.122428,0.191496
-0.226621,-0.124541,0.189405
-0.226029,-0.125737,0.188389
-0.228332,-0.127280,0.187690
-0.228719,-0.128491,0.187582
-0.228873,-0.131597,0.186596
-0.230367,-0.133336,0.184154
-0.231943,-0.135482,0.181955
-0.234751,-0.137948,0.181884
-0.236099,-0.139376,0.179267
-0.236582,-0.141913,0.178537
-0.238610,-0.141844,0.177484
-0.236518,-0.143192,0.175463
-0.243750,-0.146601,0.174107
-0.240844,-0.147813,0.172992
-0.244089,-0.148656,0.171763
-0.244768,-0.152092,0.170489
-0.245056,-0.154923,0.168542
-0.246976,-0.156841,0.166649
-0.247620,-0.158605,0.164517
-0.249877,-0.159925,0.163800
-0.252715,-0.163218,0.162052
-0.253499,-0.164642,0.160678
-0.252631,-0.167882,0.160151
-0.256508,-0.169921,0.157366
-0.257679,-0.171767,0.154749
-0.257178,-0.173493,0.155416
-0.260589,-0.176760,0.152066
-0.261639,-0.179319,0.149363
-0.261986,-0.182214,0.147978
-0.264492,-0.183508,0.146759
-0.264282,-0.186457,0.143238
-0.265891,-0.189249,0.143683
-0.268488,-0.192229,0.140910
-0.268339,-0.194787,0.139276
-0.268375,-0.197569,0.136904
-0.270908,-0.198804,0.135943
-0.273132,-0.199838,0.134115
-0.275920,-0.203389,0.129510
-0.274858,-0.204484,0.129203
-0.278243,-0.208305,0.127803
-0.278434,-0.211644,0.127134
-0.281605,-0.213090,0.124291
-0.282005,-0.215282,0.123187
-0.285376,-0.218014,0.121192
-0.288633,-0.219542,0.118561
-0.286535,-0.223330,0.116916
-0.289798,-0.226054,0.114127
-0.289406,-0.227456,0.112389
-0.290194,-0.232964,0.109834
-0.292806,-0.234985,0.107416
-0.294783,-0.241995,0.103743
-0.297597,-0.242484,0.101750
-0.297807,-0.244632,0.098459
-0.299704,-0.252492,0.096103
-0.302408,-0.254756,0.092007
-0.305090,-0.265515,0.086218
-0.306511,-0.274055,0.077037
0.092880,-0.008660,0.278264
0.090646,-0.006721,0.279770
0.090079,-0.003526,0.282227
0.090337,-0.003759,0.283563
0.086901,-0.000028,0.285209
0.085723,0.001947,0.286725
0.085192,0.004625,0.286065
0.083607,0.005258,0.288313
0.083430,0.005172,0.291025
0.082605,0.006558,0.288868
0.080295,0.005811,0.289268
0.080087,0.009118,0.292754
0.077678,0.008818,0.294598
0.077300,0.010050,0.294031
0.075654,0.014511,0.294391
0.074373,0.015156,0.296492
0.075298,0.014048,0.295174
0.072508,0.015880,0.296988
0.070989,0.017267,0.298516
0.071417,0.016367,0.300049
0.069482,0.018683,0.300317
0.066751,0.018977,0.298501
0.066313,0.020189,0.300873
0.065497,0.020378,0.300934
0.065276,0.021890,0.301379
0.060789,0.021394,0.302754
0.062387,0.023141,0.301894
0.060185,0.025072,0.302759
0.059703,0.024128,0.301850
0.058603,0.024160,0.303828
0.057499,0.025589,0.304417
0.056259,0.024217,0.304284
0.056999,0.027285,0.302805
0.055389,0.026647,0.305292
0.051918,0.027321,0.306559
0.051258,0.028096,0.306178
0.050430,0.030174,0.306346
0.050150,0.028493,0.307113
0.046996,0.031160,0.307929
0.048100,0.028863,0.307112
0.048333,0.030661,0.307005
0.044745,0.031373,0.307090
0.044292,0.031138,0.308033
0.043569,0.033491,0.308291
0.041315,0.033306,0.309950
0.040361,0.035765,0.308538
0.039717,0.033000,0.309422
0.036766,0.034347,0.310527
0.037271,0.034644,0.313575
0.035807,0.035255,0.309983
0.035363,0.033921,0.310037
0.032765,0.037462,0.313162
0.032783,0.037181,0.312308
0.029981,0.035907,0.312523
0.029700,0.037254,0.310613
0.028695,0.037521,0.312818
0.024853,0.035331,0.314550
0.025314,0.037542,0.313233
0.024350,0.038906,0.313883
0.025988,0.037906,0.314403
0.023905,0.039572,0.314821
0.022852,0.040375,0.315429
0.021482,0.040914,0.314996
0.020835,0.040434,0.315281
0.019666,0.041604,0.317494
0.020561,0.039311,0.315106
0.016680,0.042428,0.315544
0.016886,0.041072,0.315077
0.015520,0.042619,0.316412
0.015607,0.041323,0.315058
0.012826,0.042032,0.316977
0.011691,0.042658,0.316913
0.010317,0.043537,0.315972
0.010622,0.041407,0.318992
0.007288,0.042831,0.315971
0.007809,0.043177,0.317913
0.005990,0.044693,0.316666
0.007282,0.043121,0.316433
0.006231,0.042857,0.315151
0.003034,0.044164,0.314986
0.001767,0.043954,0.316970
0.000706,0.041284,0.316798
0.000902,0.042681,0.317036
-0.000370,0.041800,0.315407
-0.000509,0.040688,0.316569
-0.003151,0.044286,0.317692
-0.001254,0.042809,0.316003
-0.006233,0.044944,0.316471
-0.007932,0.044010,0.314391
-0.007350,0.042755,0.317365
-0.008101,0.043072,0.315565
-0.008573,0.043622,0.315485
-0.012371,0.042443,0.316973
-0.010603,0.042811,0.317493
-0.012262,0.042731,0.317679
-0.013770,0.042464,0.316923
-0.012528,0.042830,0.316280
-0.015549,0.044524,0.320054
-0.015065,0.043534,0.316997
-0.018097,0.043324,0.318058
-0.019320,0.044436,0.319221
-0.020266,0.045066,0.319250
-0.020170,0.045357,0.321726
-0.022094,0.045416,0.319385
-0.023262,0.045424,0.320111
-0.024635,0.046896,0.320313
-0.026428,0.047575,0.319697
-0.027690,0.048427,0.319218
-0.026607,0.047415,0.320123
-0.028339,0.048392,0.322467
-0.031407,0.048752,0.322277
-0.031639,0.049200,0.322099
-0.030734,0.050015,0.324434
-0.032253,0.051268,0.321328
-0.034214,0.050898,0.321529
-0.034656,0.052187,0.323098
-0.035660,0.049859,0.321408
-0.037567,0.051836,0.323880
-0.038228,0.051307,0.322458
-0.040013,0.051779,0.324347
-0.041316,0.051785,0.325320
-0.043159,0.052324,0.324224
-0.043434,0.052631,0.322773
-0.043608,0.051878,0.325355
-0.046215,0.054537,0.324744
-0.046594,0.052969,0.326482
-0.048783,0.050930,0.326867
-0.048902,0.054714,0.325501
-0.049657,0.054868,0.325741
-0.048954,0.055252,0.326274
-0.053333,0.055574,0.325805
-0.052982,0.054400,0.326300
-0.054105,0.053406,0.326404
-0.052105,0.054264,0.326998
-0.055978,0.056272,0.325642
-0.057725,0.055148,0.327131
-0.058725,0.055694,0.325891
-0.058993,0.056266,0.325337
-0.059799,0.054450,0.326691
-0.062094,0.056039,0.326577
-0.061230,0.055537,0.325449
-0.063058,0.057398,0.326584
-0.064192,0.057500,0.326302
-0.065028,0.054746,0.327102
-0.066341,0.055862,0.327611
-0.069927,0.055979,0.328956
-0.068728,0.056613,0.326628
-0.069557,0.055895,0.326678
-0.071203,0.057517,0.328490
-0.070818,0.056019,0.326713
-0.072999,0.055971,0.328233
-0.076025,0.056294,0.327264
-0.076277,0.059352,0.326624
-0.077920,0.056127,0.327861
-0.076476,0.057713,0.328014
-0.077212,0.055908,0.328449
-0.080075,0.057794,0.328136
-0.080091,0.055762,0.328121
-0.082667,0.056272,0.326873
-0.082030,0.057776,0.327837
-0.082969,0.058426,0.328351
-0.085109,0.055285,0.328397
-0.084802,0.057085,0.326055
-0.087198,0.057148,0.327364
-0.087886,0.057796,0.328295
-0.085412,0.057534,0.328841
-0.091050,0.056944,0.330078
-0.090086,0.056431,0.328170
-0.091703,0.056409,0.328108
-0.092591,0.057497,0.329605
-0.094976,0.058877,0.328501
-0.094107,0.055775,0.326625
-0.096488,0.058428,0.327384
-0.097837,0.056861,0.326965
-0.099147,0.058955,0.327541
-0.099402,0.059728,0.328127
-0.102680,0.059973,0.329095
-0.101319,0.060350,0.328547
-0.104127,0.056084,0.326617
-0.104862,0.058830,0.329873
-0.103479,0.058703,0.328235
-0.105627,0.058579,0.330941
-0.107196,0.055717,0.328852
-0.107587,0.057813,0.328382
-0.110103,0.057732,0.328444
-0.109474,0.056526,0.327733
-0.112134,0.057371,0.327644
-0.114257,0.055872,0.326721
-0.113392,0.056144,0.326220
-0.114399,0.055132,0.326039
-0.116413,0.052951,0.327877
-0.115040,0.053637,0.324848
-0.116754,0.052811,0.324517
-0.119547,0.054029,0.324436
-0.119031,0.052737,0.323544
-0.121720,0.051705,0.322933
-0.120894,0.050268,0.323316
-0.124195,0.050974,0.323432
-0.123788,0.047919,0.320894
-0.124745,0.048457,0.321042
-0.125576,0.049482,0.321477
-0.126267,0.047583,0.319335
-0.129186,0.045836,0.319147
-0.128234,0.045824,0.319419
-0.130881,0.045287,0.318163
-0.132663,0.042650,0.317760
-0.131817,0.042672,0.315820
-0.133160,0.042565,0.316050
-0.136002,0.043000,0.315481
-0.136226,0.040293,0.314068
-0.137728,0.038409,0.314830
-0.138632,0.038144,0.315097
-0.141289,0.035887,0.311747
-0.141193,0.035208,0.311545
-0.144652,0.034249,0.311710
-0.142227,0.030313,0.309537
-0.145162,-0.010320,0.277134
-0.144381,-0.013991,0.275956
-0.145666,-0.014866,0.275101
-0.148364,-0.016567,0.274554
-0.150100,-0.017134,0.272316
-0.152494,-0.018106,0.269700
-0.152367,-0.019683,0.269384
-0.155221,-0.023575,0.268724
-0.155264,-0.026655,0.266808
-0.155830,-0.029846,0.264863
-0.156608,-0.031256,0.262655
-0.158349,-0.030596,0.262536
-0.160185,-0.033906,0.260129
-0.159951,-0.035168,0.259164
-0.163908,-0.035831,0.257695
-0.162940,-0.038852,0.256480
-0.164604,-0.041495,0.253231
-0.164245,-0.044207,0.252112
-0.165865,-0.046809,0.249428
-0.168894,-0.051345,0.247733
-0.167072,-0.053799,0.245277
-0.170594,-0.053660,0.242835
-0.171542,-0.057903,0.242310
-0.173242,-0.060001,0.240104
-0.173159,-0.062574,0.241607
-0.174443,-0.065987,0.235403
-0.176896,-0.068142,0.232710
-0.177022,-0.067693,0.233362
-0.180205,-0.070275,0.230785
-0.180674,-0.072100,0.230240
-0.181643,-0.075663,0.230686
-0.180407,-0.076328,0.227340
-0.183458,-0.078767,0.227156
-0.185386,-0.079111,0.223751
-0.184135,-0.083256,0.222335
-0.186588,-0.082777,0.221962
-0.188055,-0.084364,0.221481
-0.189312,-0.088141,0.221045
-0.192894,-0.088149,0.219926
-0.192349,-0.090805,0.219133
-0.193695,-0.089728,0.217651
-0.194771,-0.091130,0.217867
-0.196495,-0.091873,0.216440
-0.196852,-0.094143,0.216161
-0.198926,-0.095784,0.214039
-0.199821,-0.097648,0.211797
-0.200628,-0.097992,0.212752
-0.204294,-0.100957,0.212602
-0.202688,-0.099740,0.210917
-0.205709,-0.099962,0.209664
-0.206418,-0.102285,0.210187
-0.207789,-0.103577,0.207859
-0.206947,-0.103595,0.207408
-0.208717,-0.105289,0.205129
-0.210858,-0.105320,0.206111
-0.211469,-0.107941,0.205323
-0.214203,-0.112022,0.203928
-0.214528,-0.112574,0.201737
-0.215277,-0.114065,0.201011
-0.216591,-0.113839,0.200662
-0.220270,-0.117655,0.198646
-0.219220,-0.120361,0.197065
-0.221231,-0.118943,0.197162
-0.221357,-0.120236,0.194731
-0.224379,-0.121283,0.192782
-0.223771,-0.125917,0.193022
-0.226782,-0.124688,0.191749
-0.227138,-0.127809,0.189590
-0.229241,-0.129670,0.190398
-0.230619,-0.131209,0.187886
-0.231417,-0.133032,0.186654
-0.233662,-0.136211,0.183386
-0.234588,-0.136604,0.182473
-0.235516,-0.140065,0.180967
-0.234186,-0.140873,0.181429
-0.236713,-0.143209,0.178840
-0.239348,-0.144629,0.177553
-0.240189,-0.147031,0.177142
-0.242402,-0.147619,0.173642
-0.242956,-0.149972,0.172503
-0.244895,-0.151450,0.172823
-0.246117,-0.155717,0.168722
-0.247700,-0.155308,0.168428
-0.250324,-0.156708,0.164977
-0.249725,-0.159825,0.164002
-0.252502,-0.161736,0.163268
-0.251060,-0.165463,0.162474
-0.254044,-0.168058,0.159917
-0.257168,-0.170302,0.158406
-0.255342,-0.172428,0.156168
-0.257286,-0.174914,0.154514
-0.259670,-0.177533,0.153258
-0.260671,-0.180830,0.151546
-0.260982,-0.180052,0.149628
-0.264390,-0.183694,0.147382
-0.265910,-0.185803,0.147494
-0.266038,-0.187467,0.144043
-0.268507,-0.192612,0.141836
-0.270856,-0.193870,0.138235
-0.272578,-0.195653,0.138798
-0.270738,-0.198911,0.136853
-0.276492,-0.200014,0.135632
-0.274538,-0.201657,0.132516
-0.276166,-0.207655,0.130991
-0.277974,-0.207577,0.129017
-0.279083,-0.210572,0.127535
-0.279291,-0.212976,0.125825
-0.282437,-0.214442,0.125606
-0.283273,-0.218145,0.123002
-0.285030,-0.220937,0.121952
-0.286880,-0.221875,0.118738
-0.288362,-0.226475,0.115982
-0.290283,-0.228330,0.114142
-0.291159,-0.233826,0.113534
-0.292594,-0.236201,0.109391
-0.293835,-0.238648,0.107130
-0.295572,-0.238777,0.104066
-0.296697,-0.244712,0.102071
-0.301461,-0.249128,0.102384
-0.303260,-0.251821,0.093262
-0.303747,-0.262019,0.090652
-0.306259,-0.267943,0.086462
-0.308471,-0.278644,0.076831
0.092533,-0.005643,0.279542
0.090114,-0.006708,0.282266
0.088920,-0.004267,0.282696
0.087087,-0.001747,0.285000
0.085543,-0.002608,0.286820
0.084361,0.001090,0.288161
0.083722,0.003799,0.288321
0.082022,0.005190,0.291164
0.083439,0.004935,0.292350
0.080930,0.006664,0.291687
0.079571,0.009517,0.292114
0.076756,0.009460,0.294415
0.077375,0.010844,0.293461
0.078279,0.011966,0.297387
0.074650,0.013627,0.295083
0.073563,0.012202,0.295606
0.071869,0.013409,0.297347
0.071666,0.016625,0.297590
0.069917,0.017933,0.298204
0.067564,0.017372,0.298828
0.068886,0.019412,0.299172
0.068162,0.018745,0.300106
0.066185,0.018336,0.301782
0.061696,0.019613,0.301584
0.063548,0.019418,0.300574
0.062643,0.021744,0.301922
0.062120,0.020940,0.303485
0.060817,0.023008,0.303975
0.059313,0.023662,0.303907
0.056186,0.023367,0.302542
0.055482,0.022461,0.304602
0.055446,0.023550,0.304815
0.052886,0.025615,0.306187
0.053367,0.026459,0.307724
0.053758,0.026937,0.306306
0.051740,0.027550,0.307059
0.048413,0.027412,0.307254
0.048757,0.029399,0.305621
0.048360,0.028076,0.307277
0.044578,0.028697,0.308532
0.044907,0.030591,0.308146
0.045950,0.031040,0.311034
0.043975,0.029622,0.309357
0.041649,0.030577,0.310424
0.040610,0.030744,0.309364
0.038316,0.031750,0.309958
0.038305,0.031294,0.310958
0.037784,0.032541,0.311830
0.036364,0.034549,0.311102
0.034766,0.032896,0.313087
0.032991,0.034047,0.310989
0.031266,0.035412,0.312261
0.031749,0.034562,0.312299
0.031088,0.035173,0.313060
0.029335,0.036481,0.313590
0.027368,0.037212,0.313403
0.028038,0.037487,0.313480
0.026901,0.036071,0.313916
0.023821,0.037372,0.315629
0.023786,0.038761,0.314407
0.022747,0.037365,0.314225
0.021383,0.036975,0.315935
0.021936,0.038592,0.317241
0.020618,0.039156,0.316442
0.016966,0.039637,0.315681
0.017325,0.037616,0.315333
0.016923,0.038765,0.314943
0.014580,0.040986,0.316881
0.014410,0.041258,0.314279
0.012487,0.038289,0.316796
0.011171,0.039016,0.316303
0.012034,0.040251,0.315801
0.009905,0.040513,0.315481
0.007237,0.040815,0.316172
0.007687,0.040354,0.316079
0.005503,0.039565,0.316840
0.005030,0.040282,0.318459
0.004395,0.041680,0.317713
0.002074,0.039968,0.317668
0.002926,0.040366,0.315269
0.001296,0.041030,0.317279
-0.000173,0.039412,0.317113
-0.000721,0.039844,0.316805
-0.000009,0.040707,0.315296
-0.002623,0.040504,0.315817
-0.003856,0.039817,0.313560
-0.005035,0.041252,0.314782
-0.005846,0.039055,0.317663
-0.007731,0.040395,0.317172
-0.008998,0.042350,0.316851
-0.009804,0.040633,0.315868
-0.010267,0.041045,0.316100
-0.012031,0.040635,0.316767
-0.011911,0.042007,0.317638
-0.013230,0.040845,0.316151
-0.014972,0.040885,0.316977
-0.016354,0.039406,0.317163
-0.017307,0.040360,0.317201
-0.018149,0.041235,0.320022
-0.017208,0.041474,0.318384
-0.021049,0.043820,0.319401
-0.022880,0.041613,0.320197
-0.023072,0.043089,0.318633
-0.022179,0.042672,0.320437
-0.026235,0.043574,0.318997
-0.025017,0.044951,0.318450
-0.026565,0.043338,0.319389
-0.029467,0.045780,0.321739
-0.028135,0.046868,0.320781
-0.029127,0.046367,0.320275
-0.031453,0.049072,0.322864
-0.033302,0.047290,0.322692
-0.034038,0.048255,0.321021
-0.035559,0.048570,0.323397
-0.034593,0.050151,0.322394
-0.036499,0.049582,0.322883
-0.037538,0.050455,0.323855
-0.037296,0.048079,0.323605
-0.039407,0.050174,0.324666
-0.041109,0.048668,0.323103
-0.041567,0.051664,0.324446
-0.042560,0.049456,0.325557
-0.042935,0.051528,0.323186
-0.043546,0.050336,0.325697
-0.047533,0.050842,0.325206
-0.048795,0.051464,0.326715
-0.048086,0.051477,0.325917
-0.049268,0.051621,0.323719
-0.051055,0.052949,0.324538
-0.051794,0.052515,0.327112
-0.053150,0.054944,0.326171
-0.054386,0.054276,0.326829
-0.057340,0.053017,0.326645
-0.054934,0.054099,0.327353
-0.054689,0.052420,0.327873
-0.058668,0.054226,0.326983
-0.059886,0.053589,0.326701
-0.060736,0.053747,0.326973
-0.062275,0.054210,0.325674
-0.061457,0.053614,0.327435
-0.062551,0.053851,0.326119
-0.064306,0.054505,0.327220
-0.065681,0.053181,0.327569
-0.066104,0.055309,0.327453
-0.068921,0.054289,0.326941
-0.066887,0.056749,0.328099
-0.069771,0.054356,0.329425
-0.071197,0.055972,0.328598
-0.071033,0.056262,0.328640
-0.071747,0.055831,0.328960
-0.074439,0.054886,0.327685
-0.075638,0.054183,0.329558
-0.076379,0.056472,0.330667
-0.078301,0.054871,0.326531
-0.079141,0.056104,0.328614
-0.077585,0.056514,0.328684
-0.080609,0.055957,0.329865
-0.081944,0.056483,0.328623
-0.082561,0.056543,0.327868
-0.083263,0.056079,0.327655
-0.086788,0.054671,0.328200
-0.086571,0.055504,0.327140
-0.085886,0.056228,0.328761
-0.087796,0.057119,0.327971
-0.088390,0.056609,0.328373
-0.090174,0.055842,0.328808
-0.090553,0.055907,0.328492
-0.090167,0.057641,0.329173
-0.093786,0.056618,0.330052
-0.093421,0.056490,0.328715
-0.093896,0.058098,0.329228
-0.097533,0.055475,0.328884
-0.097546,0.056426,0.328743
-0.097878,0.056558,0.327128
-0.097753,0.057256,0.328497
-0.099590,0.056793,0.329005
-0.101758,0.055929,0.328714
-0.101308,0.057276,0.328768
-0.105213,0.055689,0.327313
-0.104574,0.055567,0.327927
-0.106129,0.057061,0.327619
-0.106169,0.055795,0.328919
-0.106239,0.055807,0.326949
-0.107028,0.055821,0.327072
-0.111329,0.055624,0.327636
-0.113320,0.055091,0.327756
-0.110854,0.055397,0.328266
-0.112542,0.055509,0.327035
-0.116776,0.052719,0.326386
-0.114170,0.052920,0.324887
-0.118348,0.053858,0.324368
-0.116650,0.053320,0.324389
-0.118381,0.051077,0.325247
-0.121245,0.049986,0.326091
-0.121026,0.051475,0.322969
-0.122319,0.050064,0.323944
-0.122751,0.047419,0.321823
-0.123999,0.046033,0.322203
-0.125392,0.046825,0.319744
-0.126479,0.045407,0.323269
-0.126961,0.045383,0.318324
-0.128023,0.044852,0.319888
-0.130564,0.044698,0.320551
-0.130616,0.044004,0.318083
-0.132015,0.043933,0.316876
-0.132105,0.043850,0.318363
-0.133935,0.041115,0.318540
-0.135359,0.039795,0.316776
-0.134148,0.038283,0.314768
-0.136635,0.036848,0.315206
-0.140635,0.037011,0.313950
-0.139307,0.034654,0.313202
-0.140859,0.032023,0.310918
-0.140492,0.030411,0.312112
-0.141323,0.027552,0.307495
-0.146151,-0.012898,0.276952
-0.145297,-0.015684,0.274656
-0.146448,-0.015983,0.274296
-0.149356,-0.016792,0.274156
-0.148895,-0.018446,0.272007
-0.151145,-0.022359,0.271289
-0.151208,-0.025719,0.268240
-0.153196,-0.026164,0.267520
-0.153097,-0.024628,0.265441
-0.156348,-0.028298,0.263222
-0.156609,-0.031537,0.262414
-0.157170,-0.033158,0.262629
-0.160765,-0.037039,0.258897
-0.161072,-0.036252,0.257524
-0.160946,-0.038802,0.257381
-0.162660,-0.040814,0.255781
-0.162339,-0.043566,0.253083
-0.166050,-0.046402,0.251412
-0.167640,-0.047025,0.250017
-0.167776,-0.052918,0.248655
-0.169215,-0.054504,0.246239
-0.170908,-0.056724,0.245496
-0.171990,-0.058685,0.243973
-0.172930,-0.062789,0.241587
-0.172705,-0.063618,0.239865
-0.174442,-0.067206,0.238229
-0.177016,-0.068866,0.235454
-0.177505,-0.071107,0.235049
-0.182580,-0.073030,0.232139
-0.179676,-0.072199,0.233042
-0.179182,-0.076007,0.229241
-0.182733,-0.077867,0.230375
-0.184467,-0.079739,0.225934
-0.185555,-0.082143,0.227070
-0.185790,-0.081855,0.223776
-0.187098,-0.084958,0.225830
-0.188014,-0.085514,0.223788
-0.188084,-0.087418,0.220613
-0.190804,-0.087138,0.220781
-0.192489,-0.090641,0.218772
-0.193727,-0.091593,0.216563
-0.195561,-0.092817,0.218719
-0.196657,-0.093445,0.216621
-0.195123,-0.095239,0.215458
-0.198273,-0.096288,0.215119
-0.199310,-0.097133,0.214021
-0.201166,-0.098163,0.212591
-0.202289,-0.100593,0.212552
-0.203067,-0.099572,0.211490
-0.204548,-0.102439,0.210766
-0.205535,-0.102691,0.211912
-0.206281,-0.104674,0.210128
-0.208787,-0.106333,0.206814
-0.209748,-0.110330,0.205986
-0.210806,-0.107407,0.207337
-0.210449,-0.110029,0.203837
-0.212900,-0.109541,0.202475
-0.215907,-0.112832,0.203244
-0.215723,-0.112921,0.200920
-0.217593,-0.115280,0.199163
-0.218749,-0.117656,0.201112
-0.220670,-0.116949,0.198428
-0.220606,-0.118937,0.197678
-0.220804,-0.122513,0.196520
-0.222675,-0.123573,0.197138
-0.224629,-0.124851,0.193462
-0.226962,-0.125336,0.192414
-0.228978,-0.127643,0.192172
-0.229516,-0.131996,0.191372
-0.229828,-0.130000,0.188954
-0.231571,-0.133770,0.185288
-0.232584,-0.135127,0.183960
-0.233707,-0.135723,0.184079
-0.234168,-0.140666,0.182733
-0.236152,-0.141942,0.180115
-0.236515,-0.142558,0.179522
-0.239353,-0.147279,0.179373
-0.240613,-0.147383,0.177750
-0.241249,-0.148644,0.176949
-0.243718,-0.151193,0.175520
-0.245790,-0.155225,0.175076
-0.246272,-0.154819,0.170696
-0.246664,-0.157197,0.169301
-0.248180,-0.159120,0.169071
-0.250429,-0.159774,0.167961
-0.252248,-0.162819,0.166694
-0.251551,-0.164743,0.163188
-0.253992,-0.167385,0.161384
-0.256335,-0.170497,0.159845
-0.255275,-0.170940,0.158306
-0.257160,-0.174364,0.157783
-0.259121,-0.177955,0.154793
-0.259494,-0.178873,0.153201
-0.264236,-0.182796,0.152808
-0.264150,-0.184181,0.151454
-0.265610,-0.185876,0.147390
-0.265694,-0.187480,0.144891
-0.269596,-0.193598,0.145304
-0.270678,-0.192613,0.143367
-0.270802,-0.195921,0.139994
-0.273890,-0.199584,0.137298
-0.272592,-0.199450,0.137912
-0.272665,-0.202102,0.134386
-0.276729,-0.208016,0.134883
-0.278939,-0.209356,0.131399
-0.280808,-0.209225,0.130427
-0.280422,-0.212024,0.127797
-0.282360,-0.214869,0.127909
-0.284057,-0.216138,0.123805
-0.286621,-0.221750,0.123952
-0.287049,-0.221972,0.122653
-0.287920,-0.225028,0.117237
-0.291648,-0.228537,0.116675
-0.291254,-0.231367,0.115158
-0.292516,-0.234103,0.111241
-0.293409,-0.238862,0.109677
-0.294516,-0.239619,0.109423
-0.298859,-0.244490,0.104976
-0.298632,-0.247570,0.100616
-0.302861,-0.250113,0.098497
-0.303442,-0.255710,0.097472
-0.305354,-0.262062,0.090166
-0.305663,-0.270053,0.085890
-0.309916,-0.283638,0.078724
0.092516,-0.014815,0.278549
0.091175,-0.010894,0.280238
0.087141,-0.006691,0.283988
0.089392,-0.004688,0.284085
0.089195,-0.003549,0.286615
0.084898,-0.002206,0.288322
0.083779,0.001837,0.290100
0.083689,0.003472,0.289124
0.082871,0.004403,0.291758
0.079505,0.006074,0.291795
0.078649,0.005080,0.291672
0.077794,0.010279,0.295196
0.076886,0.010756,0.295773
0.078425,0.009006,0.296211
0.075097,0.010695,0.297303
0.074112,0.011703,0.297038
0.073206,0.013617,0.297340
0.072366,0.013477,0.297398
0.071243,0.014530,0.298798
0.068650,0.016096,0.299028
0.066920,0.017360,0.299839
0.064890,0.017241,0.301302
0.064879,0.016983,0.301443
0.063578,0.018361,0.300987
0.063034,0.019113,0.301048
0.063383,0.019505,0.304456
0.060564,0.018893,0.303335
0.059685,0.022001,0.304856
0.058302,0.022018,0.303284
0.058947,0.021867,0.304170
0.054428,0.021391,0.305522
0.056031,0.022225,0.305763
0.055228,0.022484,0.306667
0.053589,0.023456,0.307194
0.050742,0.026053,0.308068
0.051401,0.024107,0.306095
0.048703,0.027040,0.307707
0.047898,0.025987,0.308398
0.047514,0.027556,0.309588
0.046294,0.027533,0.309009
0.044536,0.028133,0.309977
0.042724,0.028374,0.309701
0.043841,0.029018,0.309692
0.044017,0.030399,0.309222
0.042292,0.029082,0.311212
0.038503,0.028572,0.310331
0.038421,0.030213,0.311118
0.037029,0.031546,0.310740
0.037798,0.031480,0.313991
0.035057,0.032570,0.312360
0.033511,0.030426,0.311302
0.030789,0.034666,0.311418
0.030819,0.032907,0.314700
0.029558,0.033935,0.311830
0.030228,0.033607,0.314660
0.027962,0.032834,0.314028
0.027166,0.033406,0.315096
0.024915,0.032279,0.315748
0.024943,0.035541,0.314886
0.023748,0.035539,0.314679
0.023658,0.036247,0.315344
0.023440,0.035454,0.314378
0.021977,0.036981,0.314765
0.020759,0.034708,0.315577
0.020406,0.036291,0.314243
0.017086,0.037829,0.314159
0.017538,0.037245,0.315791
0.015592,0.036269,0.315966
0.013728,0.037034,0.316313
0.012590,0.038601,0.318345
0.012200,0.036496,0.316373
0.010841,0.038674,0.317199
0.009170,0.038269,0.318699
0.009585,0.039654,0.315190
0.009954,0.037888,0.316872
0.007725,0.039661,0.317480
0.006243,0.038887,0.318220
0.005860,0.039638,0.316746
0.003588,0.038448,0.316911
0.002285,0.038355,0.317295
0.000632,0.040118,0.317654
0.000308,0.036553,0.315795
0.000423,0.037783,0.314912
-0.001379,0.038866,0.318587
-0.002088,0.039449,0.317468
-0.003601,0.037803,0.317115
-0.004945,0.038213,0.317509
-0.004518,0.037531,0.316131
-0.006898,0.039973,0.316102
-0.007166,0.037552,0.316755
-0.008522,0.038765,0.315945
-0.012003,0.038900,0.318373
-0.011703,0.039587,0.316260
-0.011790,0.039604,0.316436
-0.013690,0.038898,0.316662
-0.015266,0.037970,0.318105
-0.016997,0.038121,0.317648
-0.015862,0.038471,0.318690
-0.018696,0.040425,0.318265
-0.019713,0.038142,0.318099
-0.022205,0.040407,0.317688
-0.020270,0.041858,0.317747
-0.021674,0.040520,0.317066
-0.022221,0.043052,0.318173
-0.026427,0.041562,0.318690
-0.025781,0.041793,0.320644
-0.026763,0.042381,0.319655
-0.028153,0.044238,0.320653
-0.028851,0.044547,0.320746
-0.029562,0.046075,0.322038
-0.031686,0.045184,0.322102
-0.031087,0.044630,0.322893
-0.033575,0.044819,0.325393
-0.035226,0.047829,0.322197
-0.035425,0.046683,0.323541
-0.035074,0.048611,0.323954
-0.038785,0.046709,0.324248
-0.038634,0.047092,0.323112
-0.039080,0.049559,0.323593
-0.041141,0.048502,0.325581
-0.042098,0.049001,0.325098
-0.041678,0.048261,0.325503
-0.042285,0.048670,0.326363
-0.043556,0.051023,0.327278
-0.045173,0.051731,0.324254
-0.047298,0.050405,0.325363
-0.048812,0.050345,0.325538
-0.049638,0.051386,0.325977
-0.050185,0.051218,0.324942
-0.051173,0.051627,0.325913
-0.053566,0.049720,0.326939
-0.054292,0.051612,0.327119
-0.054112,0.049734,0.324989
-0.055194,0.051740,0.326843
-0.056529,0.052330,0.329311
-0.057032,0.052223,0.328069
-0.060084,0.052523,0.328012
-0.059423,0.052604,0.327815
-0.062290,0.052754,0.327271
-0.060141,0.051807,0.328534
-0.063064,0.053182,0.326931
-0.065323,0.055521,0.327277
-0.063014,0.053542,0.327090
-0.065776,0.052512,0.328369
-0.066624,0.052213,0.326509
-0.068025,0.053599,0.327276
-0.069372,0.051577,0.328175
-0.069807,0.052588,0.328873
-0.071208,0.053479,0.328116
-0.073898,0.056719,0.327519
-0.074921,0.053455,0.326340
-0.074919,0.053130,0.330581
-0.074657,0.053619,0.330106
-0.074787,0.051643,0.327413
-0.076787,0.051267,0.329194
-0.077586,0.054255,0.329399
-0.079612,0.054423,0.327378
-0.080831,0.052102,0.328436
-0.082850,0.053814,0.329240
-0.083551,0.055846,0.327908
-0.084866,0.052340,0.329280
-0.084607,0.055425,0.329965
-0.086834,0.053935,0.328171
-0.085681,0.055095,0.328510
-0.087690,0.053179,0.328265
-0.090568,0.055328,0.328736
-0.091550,0.054560,0.330135
-0.092157,0.053694,0.328856
-0.092899,0.053658,0.328194
-0.093391,0.054353,0.329078
-0.095689,0.055014,0.328233
-0.097009,0.054952,0.327923
-0.098787,0.055065,0.331008
-0.099323,0.056824,0.330116
-0.098748,0.053348,0.328991
-0.101526,0.055498,0.329306
-0.101828,0.056067,0.327959
-0.101331,0.056266,0.330729
-0.103952,0.053998,0.329904
-0.105231,0.056428,0.329372
-0.106104,0.054000,0.326339
-0.107257,0.054563,0.328191
-0.106849,0.055266,0.328699
-0.109786,0.052990,0.328026
-0.111163,0.053369,0.328207
-0.110794,0.054161,0.328071
-0.110488,0.052578,0.329571
-0.113651,0.052686,0.326216
-0.112188,0.050985,0.326544
-0.115684,0.049002,0.325596
-0.116656,0.051465,0.325588
-0.117060,0.051137,0.325995
-0.118354,0.050315,0.325789
-0.118847,0.046849,0.326454
-0.120747,0.047413,0.324820
-0.120014,0.047309,0.324166
-0.124080,0.044329,0.323129
-0.122052,0.044282,0.324539
-0.124660,0.044735,0.322474
-0.125553,0.044449,0.320594
-0.127820,0.043977,0.321431
-0.127709,0.043309,0.323153
-0.129802,0.043091,0.320491
-0.130840,0.044164,0.319092
-0.132050,0.041645,0.317616
-0.131982,0.038269,0.315697
-0.132723,0.039156,0.316929
-0.134474,0.037483,0.317181
-0.137316,0.038086,0.316793
-0.137993,0.035171,0.313789
-0.138319,0.035544,0.315195
-0.137474,0.030936,0.313072
-0.140211,0.032119,0.310559
-0.143534,0.026578,0.308470
-0.145329,-0.016631,0.279858
-0.146650,-0.014369,0.277038
-0.146906,-0.017508,0.274845
-0.148745,-0.016375,0.274777
-0.149421,-0.021072,0.275487
-0.149591,-0.021442,0.272250
-0.151235,-0.022540,0.271325
-0.151728,-0.025583,0.268847
-0.152457,-0.026507,0.267413
-0.155076,-0.028850,0.267840
-0.155182,-0.032501,0.265220
-0.156944,-0.033226,0.264081
-0.160439,-0.035445,0.262152
-0.159139,-0.037878,0.259626
-0.159499,-0.039282,0.258717
-0.161399,-0.043849,0.257697
-0.163302,-0.043381,0.255178
-0.165707,-0.045192,0.256319
-0.164478,-0.047930,0.253552
-0.166657,-0.049607,0.250996
-0.167011,-0.053986,0.248481
-0.167923,-0.056355,0.246113
-0.170696,-0.057240,0.246111
-0.172482,-0.060666,0.242315
-0.172235,-0.064024,0.241958
-0.175957,-0.066045,0.239138
-0.175435,-0.067405,0.237024
-0.177961,-0.070812,0.235836
-0.178164,-0.072394,0.236239
-0.177789,-0.072636,0.235100
-0.179105,-0.075964,0.233565
-0.182526,-0.076009,0.230482
-0.183615,-0.077835,0.229177
-0.183420,-0.080329,0.230629
-0.185087,-0.082689,0.227721
-0.187012,-0.085074,0.225833
-0.187634,-0.083393,0.224512
-0.190099,-0.086746,0.224190
-0.188530,-0.089112,0.222894
-0.191213,-0.089122,0.222205
-0.192456,-0.089036,0.219087
-0.193753,-0.093145,0.219625
-0.195073,-0.092615,0.219121
-0.195459,-0.096199,0.217614
-0.196736,-0.095968,0.217250
-0.198807,-0.096875,0.216371
-0.200336,-0.099644,0.215925
-0.200886,-0.099340,0.215119
-0.199511,-0.098682,0.214097
-0.205149,-0.101911,0.212902
-0.203902,-0.102929,0.212451
-0.204925,-0.104545,0.207818
-0.207040,-0.103109,0.208840
-0.208235,-0.104910,0.209038
-0.209541,-0.105597,0.209011
-0.210066,-0.108226,0.207175
-0.210660,-0.109122,0.206406
-0.214248,-0.112562,0.205566
-0.214929,-0.112865,0.203965
-0.214241,-0.113920,0.204173
-0.216593,-0.117059,0.203836
-0.219015,-0.117747,0.202245
-0.219263,-0.117612,0.199245
-0.221172,-0.119800,0.199282
-0.221398,-0.120824,0.198130
-0.221571,-0.122555,0.199076
-0.224379,-0.125571,0.194023
-0.225169,-0.126572,0.194390
-0.227517,-0.129877,0.193251
-0.228975,-0.128655,0.193196
-0.230505,-0.130263,0.189395
-0.228940,-0.133528,0.186739
-0.233326,-0.135165,0.186479
-0.234198,-0.137771,0.184849
-0.234002,-0.137358,0.184195
-0.237382,-0.142282,0.182285
-0.238187,-0.142319,0.181887
-0.240342,-0.145691,0.180356
-0.239875,-0.148308,0.177603
-0.243077,-0.149823,0.176212
-0.243851,-0.150762,0.175596
-0.244973,-0.154820,0.174816
-0.244879,-0.154089,0.173340
-0.246328,-0.155414,0.171565
-0.249017,-0.159214,0.170348
-0.248326,-0.160062,0.165967
-0.250568,-0.162850,0.165817
-0.253231,-0.163827,0.165975
-0.253176,-0.169685,0.163883
-0.256709,-0.168916,0.161564
-0.258057,-0.173023,0.160426
-0.256646,-0.172586,0.157605
-0.259212,-0.177565,0.155999
-0.261265,-0.180651,0.154920
-0.261663,-0.182152,0.152576
-0.263832,-0.183451,0.151334
-0.265384,-0.186127,0.148279
-0.266546,-0.189462,0.148557
-0.268607,-0.190535,0.146102
-0.270593,-0.192680,0.146186
-0.270214,-0.197169,0.143966
-0.273004,-0.199074,0.140710
-0.273052,-0.199503,0.139787
-0.275092,-0.202707,0.137760
-0.277020,-0.205373,0.135839
-0.278142,-0.206275,0.134501
-0.279849,-0.208195,0.131399
-0.278738,-0.211014,0.131528
-0.283738,-0.215064,0.127596
-0.283831,-0.215867,0.127371
-0.284287,-0.219084,0.125954
-0.286895,-0.222982,0.123503
-0.287413,-0.224851,0.121340
-0.289590,-0.225487,0.118898
-0.291411,-0.231016,0.117396
-0.294093,-0.232983,0.116342
-0.294375,-0.237966,0.112445
-0.297160,-0.238701,0.110346
-0.299351,-0.243771,0.107392
-0.298908,-0.246376,0.103315
-0.300032,-0.250041,0.102710
-0.302159,-0.252402,0.099156
-0.305167,-0.257193,0.093777
-0.307110,-0.265014,0.089814
-0.309402,-0.275362,0.084263
0.091105,-0.014871,0.279088
0.090866,-0.009134,0.285737
0.088707,-0.006678,0.284353
0.088013,-0.005286,0.285614
0.087048,-0.002813,0.287884
0.084187,-0.001434,0.288791
0.082246,-0.000149,0.290931
0.082054,0.003244,0.291965
0.080314,0.003705,0.292195
0.079727,0.005249,0.293377
0.077280,0.007939,0.292949
0.077265,0.008085,0.296705
0.076253,0.008336,0.297481
0.074418,0.010315,0.295586
0.074315,0.010532,0.299677
0.072452,0.012669,0.297790
0.072008,0.014028,0.299329
0.070332,0.013810,0.301508
0.070571,0.012690,0.300476
0.069059,0.015902,0.300916
0.066213,0.016329,0.301501
0.065982,0.018062,0.302448
0.064355,0.015990,0.302374
0.063405,0.018315,0.303274
0.061668,0.017996,0.301962
0.060064,0.018024,0.303664
0.058992,0.019833,0.303242
0.059802,0.019108,0.305810
0.056721,0.019882,0.305790
0.057625,0.021469,0.305686
0.055724,0.022650,0.302721
0.055009,0.021898,0.308086
0.053853,0.023184,0.306497
0.053310,0.022826,0.307619
0.050568,0.023970,0.307530
0.049106,0.024888,0.308901
0.050259,0.026540,0.307821
0.047197,0.024825,0.309330
0.046841,0.025816,0.310061
0.044294,0.027460,0.307697
0.044558,0.026123,0.309684
0.041589,0.027111,0.311100
0.042490,0.029128,0.311626
0.041050,0.026806,0.310335
0.040430,0.028395,0.311356
0.039453,0.030321,0.309228
0.038950,0.029272,0.311167
0.035837,0.029654,0.313804
0.035476,0.029889,0.312121
0.033932,0.031205,0.312351
0.033324,0.031069,0.313122
0.031694,0.031210,0.315173
0.031021,0.031792,0.313607
0.031150,0.033112,0.314483
0.028887,0.031774,0.316188
0.026017,0.031363,0.313216
0.027194,0.031616,0.314756
0.024553,0.033862,0.315894
0.024370,0.033498,0.314707
0.024033,0.034383,0.314993
0.022888,0.033649,0.316695
0.021113,0.033831,0.316322
0.018953,0.035965,0.315711
0.018660,0.034830,0.315042
0.019000,0.035143,0.315551
0.015812,0.035890,0.316064
0.016395,0.034683,0.316929
0.014719,0.036648,0.314616
0.013486,0.037656,0.316890
0.013151,0.035640,0.316402
0.010303,0.036090,0.315209
0.010210,0.037733,0.319647
0.008104,0.037036,0.317262
0.007484,0.037079,0.316568
0.007479,0.038280,0.316626
0.007103,0.036242,0.317941
0.003557,0.038419,0.315713
0.003294,0.036328,0.317964
0.003903,0.038552,0.314978
0.002009,0.035586,0.316571
0.001218,0.035316,0.317432
-0.000295,0.037262,0.317376
-0.001428,0.036957,0.317883
-0.002107,0.033028,0.315787
-0.004258,0.035666,0.316225
-0.006106,0.036523,0.318104
-0.006030,0.034799,0.316096
-0.006926,0.034184,0.317311
-0.007332,0.037170,0.317553
-0.007961,0.035536,0.319175
-0.010225,0.035907,0.317299
-0.012656,0.036394,0.316299
-0.013158,0.035544,0.315727
-0.014595,0.037148,0.317386
-0.014179,0.035954,0.318441
-0.014313,0.036028,0.318671
-0.017120,0.036582,0.316655
-0.018610,0.038792,0.317007
-0.018509,0.038403,0.317712
-0.021612,0.036009,0.319758
-0.021420,0.038260,0.317975
-0.023840,0.039173,0.317862
-0.023624,0.038083,0.317750
-0.023905,0.039416,0.318581
-0.023565,0.038639,0.319299
-0.025248,0.039183,0.319051
-0.027229,0.040473,0.320071
-0.028419,0.039910,0.320694
-0.030754,0.042374,0.319832
-0.031737,0.042740,0.321754
-0.031615,0.042636,0.321253
-0.034500,0.043088,0.322080
-0.033939,0.043628,0.323975
-0.036245,0.044958,0.323263
-0.036462,0.043923,0.323256
-0.036952,0.044651,0.323688
-0.038283,0.044425,0.322606
-0.039895,0.047071,0.322999
-0.040837,0.045539,0.323304
-0.040957,0.048695,0.322496
-0.044700,0.047113,0.324595
-0.042873,0.048194,0.324400
-0.045816,0.048129,0.327030
-0.046588,0.048764,0.326893
-0.047474,0.048142,0.326889
-0.048559,0.049999,0.326600
-0.048892,0.047846,0.326896
-0.050191,0.048710,0.328161
-0.052754,0.050179,0.326585
-0.054459,0.049438,0.326525
-0.053455,0.050574,0.327783
-0.054503,0.048259,0.328020
-0.057625,0.049640,0.327004
-0.057577,0.052041,0.327253
-0.058554,0.052308,0.325760
-0.058355,0.050457,0.327169
-0.061039,0.048855,0.327618
-0.060197,0.051269,0.328420
-0.062343,0.052199,0.327724
-0.061867,0.049603,0.327138
-0.065665,0.051738,0.327451
-0.066709,0.050921,0.328848
-0.065891,0.052701,0.328200
-0.067290,0.052855,0.329768
-0.067785,0.050212,0.328999
-0.069586,0.052333,0.328172
-0.069756,0.050778,0.329131
-0.071282,0.051220,0.328463
-0.073283,0.050627,0.328732
-0.073279,0.052979,0.328894
-0.077786,0.052597,0.329652
-0.075556,0.050162,0.326200
-0.076208,0.051794,0.328274
-0.078080,0.051380,0.329034
-0.079026,0.052236,0.327879
-0.079837,0.051613,0.327577
-0.081469,0.052625,0.327122
-0.085391,0.050802,0.329192
-0.081900,0.052146,0.329775
-0.083129,0.051877,0.328264
-0.084859,0.054036,0.330617
-0.085082,0.052738,0.327974
-0.087367,0.050168,0.330083
-0.087907,0.051534,0.330179
-0.090316,0.053073,0.329210
-0.091275,0.054013,0.327921
-0.090572,0.053356,0.329460
-0.094263,0.054283,0.328295
-0.094470,0.052387,0.330494
-0.094496,0.050673,0.329182
-0.097127,0.054202,0.329015
-0.099626,0.054903,0.330359
-0.098231,0.054755,0.332528
-0.098844,0.054138,0.330531
-0.101143,0.052687,0.329358
-0.101942,0.053947,0.330014
-0.103347,0.054910,0.330492
-0.102487,0.053810,0.328484
-0.104824,0.053628,0.329489
-0.104404,0.053724,0.330327
-0.106624,0.053293,0.329767
-0.108300,0.053295,0.329032
-0.108468,0.052782,0.329345
-0.109595,0.052694,0.328647
-0.111025,0.051915,0.328013
-0.112050,0.050610,0.327807
-0.112883,0.051310,0.326819
-0.113655,0.050288,0.326746
-0.114574,0.048004,0.327117
-0.116700,0.048144,0.325003
-0.117617,0.047911,0.325940
-0.118203,0.049574,0.327364
-0.120152,0.048905,0.325958
-0.119658,0.045800,0.323412
-0.121680,0.043894,0.323191
-0.122086,0.045844,0.322493
-0.122883,0.043809,0.321069
-0.125473,0.044426,0.321837
-0.124258,0.041474,0.321706
-0.126654,0.042397,0.320396
-0.127341,0.042392,0.321822
-0.131039,0.039169,0.321188
-0.131543,0.039162,0.319832
-0.131281,0.038103,0.317273
-0.132050,0.036098,0.317490
-0.133601,0.035965,0.316834
-0.135436,0.037043,0.317600
-0.136989,0.034245,0.317773
-0.136988,0.033207,0.314880
-0.138248,0.031744,0.312691
-0.139759,0.029583,0.310437
-0.140193,0.026967,0.311265
-0.143329,-0.013283,0.280307
-0.143065,-0.015870,0.278380
-0.146104,-0.016891,0.276847
-0.147340,-0.019106,0.277488
-0.148500,-0.019434,0.275583
-0.148399,-0.020146,0.274091
-0.149773,-0.022162,0.271982
-0.150670,-0.028118,0.271213
-0.152264,-0.027370,0.269796
-0.153499,-0.028775,0.268368
-0.156525,-0.031848,0.267839
-0.155646,-0.031516,0.264708
-0.156854,-0.036443,0.265144
-0.158729,-0.037492,0.263497
-0.158918,-0.039421,0.259777
-0.160409,-0.042351,0.259881
-0.162246,-0.041573,0.258856
-0.162614,-0.045598,0.256743
-0.163810,-0.046712,0.255320
-0.163621,-0.048080,0.253158
-0.167529,-0.050587,0.251019
-0.169358,-0.054060,0.247523
-0.168039,-0.057082,0.248446
-0.168985,-0.058009,0.245798
-0.171977,-0.060522,0.244486
-0.172180,-0.064058,0.243916
-0.175442,-0.067180,0.241337
-0.176455,-0.070474,0.238949
-0.178131,-0.071508,0.237581
-0.177629,-0.072483,0.236325
-0.179030,-0.074166,0.233606
-0.182077,-0.075285,0.233030
-0.182442,-0.078622,0.232452
-0.180903,-0.080636,0.232125
-0.184302,-0.081688,0.228677
-0.184580,-0.082253,0.229378
-0.184364,-0.085088,0.226834
-0.188911,-0.085420,0.228368
-0.189041,-0.086539,0.224837
-0.189492,-0.089003,0.224751
-0.192278,-0.089806,0.221382
-0.191605,-0.090200,0.223283
-0.194895,-0.091209,0.220553
-0.194636,-0.094989,0.218158
-0.196577,-0.096252,0.219512
-0.195289,-0.097646,0.218826
-0.198782,-0.097265,0.218249
-0.198151,-0.098898,0.216904
-0.200229,-0.100791,0.217278
-0.202747,-0.100400,0.213956
-0.205802,-0.102360,0.212453
-0.205036,-0.102578,0.212695
-0.203250,-0.105575,0.212921
-0.207608,-0.106136,0.213237
-0.208168,-0.107581,0.210840
-0.208225,-0.106738,0.210688
-0.210350,-0.108845,0.209083
-0.212467,-0.110738,0.206303
-0.212666,-0.111640,0.207272
-0.212401,-0.111381,0.204985
-0.218187,-0.112848,0.206158
-0.217421,-0.114779,0.202890
-0.219622,-0.118243,0.203715
-0.219712,-0.118067,0.200720
-0.219853,-0.122464,0.199151
-0.223858,-0.121511,0.199445
-0.222948,-0.122902,0.198540
-0.224783,-0.124091,0.197651
-0.226175,-0.127324,0.195573
-0.227295,-0.129014,0.195186
-0.229428,-0.130090,0.192871
-0.230154,-0.132431,0.191670
-0.230540,-0.134109,0.189551
-0.231997,-0.135956,0.188600
-0.235090,-0.138102,0.186252
-0.233758,-0.140692,0.185697
-0.236771,-0.142303,0.184440
-0.238224,-0.145677,0.180857
-0.238574,-0.146296,0.180778
-0.239615,-0.148926,0.179319
-0.241534,-0.150123,0.177670
-0.243364,-0.149495,0.177066
-0.243912,-0.156365,0.175694
-0.245001,-0.156269,0.175106
-0.246980,-0.157526,0.174014
-0.249362,-0.158693,0.171155
-0.250293,-0.162062,0.170412
-0.249290,-0.163666,0.169272
-0.253271,-0.165711,0.168054
-0.254140,-0.168410,0.164814
-0.254644,-0.171285,0.163066
-0.257408,-0.173463,0.162442
-0.256805,-0.174467,0.159824
-0.259911,-0.177121,0.157994
-0.259744,-0.178974,0.157919
-0.261962,-0.181322,0.154669
-0.262685,-0.183044,0.154009
-0.262548,-0.187330,0.152113
-0.266105,-0.189284,0.148062
-0.267392,-0.191019,0.146127
-0.268967,-0.192914,0.147294
-0.269631,-0.195363,0.143684
-0.272191,-0.198419,0.143578
-0.273711,-0.199588,0.140821
-0.274459,-0.203712,0.139494
-0.276549,-0.206537,0.135929
-0.277755,-0.208264,0.135939
-0.278849,-0.208801,0.133588
-0.280538,-0.211870,0.132734
-0.283672,-0.213384,0.129961
-0.284606,-0.217423,0.128174
-0.284990,-0.219026,0.127476
-0.286139,-0.220512,0.124515
-0.287607,-0.223339,0.122957
-0.288583,-0.224660,0.121455
-0.289967,-0.230253,0.118279
-0.293242,-0.231488,0.117154
-0.295178,-0.235072,0.113989
-0.295110,-0.238896,0.114008
-0.296910,-0.242424,0.110177
-0.298420,-0.245932,0.108022
-0.300900,-0.248504,0.105052
-0.303553,-0.252128,0.102337
-0.302180,-0.254451,0.100157
-0.306921,-0.261628,0.097620
-0.305998,-0.265991,0.090578
-0.310539,-0.275039,0.083147
0.087975,-0.012684,0.280239
0.087506,-0.009154,0.283076
0.085729,-0.006019,0.285542
0.087030,-0.005566,0.289530
0.084611,-0.004164,0.288943
0.084743,-0.003231,0.289297
0.083303,0.000820,0.291796
0.082034,0.001227,0.293577
0.081130,0.004251,0.294292
0.077947,0.004843,0.295629
0.077885,0.005249,0.295711
0.076309,0.007406,0.296748
0.074302,0.007657,0.299311
0.074219,0.009461,0.298898
0.073501,0.011088,0.298364
0.070517,0.010166,0.301769
0.068946,0.013035,0.301543
0.069326,0.012730,0.301665
0.068410,0.011699,0.301649
0.064038,0.014595,0.302039
0.063234,0.014486,0.301554
0.064488,0.015658,0.302749
0.063724,0.016958,0.303206
0.064848,0.015772,0.304366
0.060327,0.018190,0.303414
0.059117,0.017105,0.305466
0.058127,0.019356,0.305166
0.058460,0.018464,0.304566
0.056688,0.020186,0.307883
0.055351,0.018300,0.306861
0.054267,0.020310,0.307255
0.052468,0.020618,0.308534
0.052572,0.022986,0.309168
0.051115,0.022542,0.309584
0.050008,0.023542,0.305760
0.048528,0.022984,0.307583
0.047598,0.024183,0.310130
0.046577,0.022798,0.308538
0.045999,0.025327,0.310737
0.044741,0.025011,0.310797
0.043678,0.026023,0.311661
0.042169,0.027293,0.310751
0.040850,0.027479,0.311208
0.040014,0.026839,0.312381
0.040288,0.026619,0.311294
0.035787,0.029001,0.312688
0.037159,0.027551,0.312658
0.035909,0.030341,0.315394
0.033203,0.029474,0.313533
0.033621,0.030106,0.312195
0.030776,0.029085,0.314164
0.031098,0.030191,0.315377
0.030829,0.028717,0.314887
0.028556,0.029505,0.313712
0.027633,0.032125,0.315692
0.025666,0.031424,0.313524
0.025627,0.033483,0.315388
0.022479,0.032455,0.315227
0.023400,0.033170,0.316679
0.021797,0.032164,0.316162
0.020759,0.032171,0.314723
0.020008,0.029531,0.315310
0.019800,0.033491,0.314347
0.016644,0.032965,0.316799
0.017078,0.033228,0.315373
0.015465,0.034909,0.316404
0.014817,0.033131,0.318059
0.013816,0.033898,0.316052
0.012187,0.032923,0.317538
0.009938,0.032515,0.315446
0.010326,0.036963,0.316403
0.008805,0.034552,0.316711
0.007364,0.036443,0.317359
0.007319,0.033598,0.321227
0.005440,0.035253,0.318430
0.004091,0.036165,0.316337
0.003686,0.035995,0.317683
0.002013,0.036457,0.318060
0.001493,0.035212,0.317116
0.000845,0.036205,0.317040
0.001596,0.034775,0.317139
0.000209,0.034713,0.317221
-0.005035,0.034114,0.315969
-0.001522,0.035269,0.318209
-0.003132,0.034838,0.315728
-0.005777,0.033771,0.316353
-0.006890,0.034464,0.317507
-0.009019,0.033217,0.316938
-0.009927,0.032156,0.316366
-0.010621,0.034595,0.316403
-0.012431,0.034655,0.316996
-0.011953,0.033278,0.318092
-0.013334,0.034216,0.316281
-0.013606,0.034430,0.316016
-0.017385,0.035155,0.316017
-0.017629,0.035030,0.317826
-0.017169,0.034268,0.318383
-0.018323,0.033375,0.317031
-0.019712,0.034417,0.318306
-0.020243,0.036045,0.316140
-0.021879,0.036955,0.316321
-0.024409,0.034242,0.317759
-0.025286,0.036825,0.317168
-0.024846,0.035567,0.316973
-0.026352,0.036606,0.319126
-0.027184,0.036008,0.319446
-0.028990,0.036900,0.317721
-0.029009,0.039192,0.321251
-0.031582,0.040992,0.320178
-0.032065,0.041054,0.322026
-0.032593,0.041618,0.323270
-0.034204,0.042597,0.322722
-0.037013,0.041856,0.323313
-0.037574,0.044110,0.324584
-0.036036,0.043764,0.323315
-0.038503,0.043122,0.322724
-0.039515,0.043888,0.325964
-0.041827,0.044337,0.323193
-0.040383,0.045725,0.326381
-0.043086,0.046091,0.325286
-0.044674,0.046332,0.324972
-0.044525,0.046561,0.326727
-0.046602,0.047375,0.323622
-0.048380,0.047034,0.326440
-0.049441,0.046256,0.325727
-0.050289,0.047416,0.324627
-0.050117,0.047496,0.325254
-0.051150,0.049156,0.324894
-0.052472,0.050399,0.324608
-0.055530,0.047882,0.327097
-0.054111,0.048857,0.326350
-0.056095,0.048308,0.326574
-0.057667,0.048256,0.326934
-0.058478,0.049521,0.326198
-0.058804,0.048341,0.328164
-0.059079,0.048447,0.327862
-0.058927,0.047391,0.326493
-0.062466,0.047208,0.327477
-0.063207,0.050631,0.328318
-0.064292,0.048722,0.327576
-0.066767,0.048811,0.328800
-0.067742,0.049763,0.329888
-0.067111,0.049964,0.328379
-0.069252,0.050312,0.327845
-0.067541,0.050790,0.329732
-0.069569,0.050500,0.328066
-0.072145,0.049871,0.328726
-0.073135,0.051648,0.328687
-0.073918,0.050986,0.329411
-0.077332,0.051173,0.328341
-0.076303,0.050135,0.330567
-0.078850,0.049538,0.330653
-0.076294,0.051360,0.329181
-0.079370,0.052114,0.329747
-0.079894,0.050988,0.328532
-0.080875,0.049538,0.329366
-0.081211,0.050469,0.330053
-0.084376,0.053307,0.328389
-0.084424,0.050832,0.328523
-0.086566,0.052963,0.328777
-0.086691,0.051679,0.329161
-0.086844,0.052667,0.330373
-0.090478,0.050788,0.330230
-0.089587,0.050853,0.329562
-0.091046,0.051188,0.330221
-0.090021,0.052510,0.331552
-0.094531,0.051711,0.330698
-0.093831,0.050275,0.330585
-0.094596,0.050143,0.329736
-0.095923,0.052796,0.330873
-0.097249,0.052296,0.331642
-0.096980,0.052470,0.329755
-0.099536,0.053701,0.329865
-0.100627,0.051740,0.329528
-0.101635,0.052926,0.331933
-0.102661,0.053318,0.331310
-0.103237,0.051265,0.330445
-0.105203,0.053860,0.330170
-0.105015,0.051251,0.328754
-0.109244,0.053143,0.328230
-0.108456,0.050964,0.330568
-0.108637,0.049686,0.330327
-0.109048,0.049786,0.329668
-0.110003,0.050442,0.329039
-0.111472,0.049272,0.330355
-0.113641,0.049378,0.326492
-0.113924,0.049231,0.328280
-0.117762,0.048727,0.326222
-0.115889,0.046053,0.327620
-0.117887,0.044807,0.326165
-0.118389,0.044465,0.325835
-0.120100,0.045077,0.326323
-0.119630,0.044553,0.324076
-0.120186,0.044830,0.324792
-0.123560,0.043644,0.323573
-0.123995,0.042087,0.323188
-0.125452,0.041109,0.321558
-0.126824,0.040001,0.322843
-0.127282,0.040081,0.320838
-0.130273,0.038807,0.321966
-0.127781,0.039190,0.320903
-0.132448,0.037819,0.318812
-0.133562,0.036243,0.319618
-0.131377,0.035077,0.317720
-0.132387,0.035917,0.317262
-0.134531,0.032641,0.317148
-0.135444,0.032464,0.315673
-0.139627,0.031240,0.313578
-0.139711,0.029148,0.313552
-0.140920,0.024905,0.311966
-0.142283,-0.015897,0.279891
-0.143036,-0.016604,0.279303
-0.145115,-0.019550,0.280249
-0.144928,-0.018587,0.276793
-0.147334,-0.021422,0.276186
-0.148941,-0.022262,0.275161
-0.149296,-0.024293,0.274672
-0.151449,-0.026713,0.273304
-0.152529,-0.028081,0.271083
-0.152485,-0.028531,0.270031
-0.155662,-0.030513,0.268497
-0.154002,-0.032212,0.267818
-0.156368,-0.035624,0.265071
-0.155564,-0.036077,0.263858
-0.158318,-0.040556,0.264815
-0.158791,-0.042005,0.260268
-0.159028,-0.043167,0.257678
-0.161320,-0.044619,0.258133
-0.163107,-0.046394,0.257668
-0.163273,-0.048837,0.255690
-0.163095,-0.050080,0.253261
-0.166881,-0.054563,0.252073
-0.168186,-0.055716,0.250212
-0.168842,-0.057260,0.247479
-0.172128,-0.061138,0.245067
-0.172065,-0.063800,0.244177
-0.173567,-0.064749,0.244166
-0.174873,-0.068676,0.239309
-0.175796,-0.068896,0.238489
-0.177077,-0.073323,0.237281
-0.178208,-0.073808,0.236547
-0.177043,-0.074046,0.234814
-0.178348,-0.078666,0.235235
-0.182233,-0.080336,0.231544
-0.183296,-0.081675,0.231109
-0.184828,-0.082901,0.228482
-0.186143,-0.082763,0.230327
-0.187212,-0.084948,0.229938
-0.186089,-0.087786,0.227174
-0.188644,-0.087291,0.225978
-0.189946,-0.090719,0.227314
-0.190729,-0.090406,0.223308
-0.191784,-0.091246,0.221999
-0.195075,-0.092405,0.220873
-0.194273,-0.095521,0.221791
-0.196398,-0.092617,0.220150
-0.197254,-0.096192,0.219742
-0.198776,-0.098261,0.218183
-0.198673,-0.098714,0.217168
-0.199932,-0.099655,0.216837
-0.202417,-0.103869,0.214762
-0.203163,-0.103530,0.213926
-0.203472,-0.105131,0.215416
-0.205758,-0.106478,0.212097
-0.207856,-0.106751,0.212200
-0.207944,-0.107904,0.210323
-0.208783,-0.108113,0.211660
-0.210178,-0.109715,0.209791
-0.212312,-0.112767,0.207698
-0.214654,-0.113277,0.207977
-0.214371,-0.115089,0.207163
-0.216779,-0.114662,0.204591
-0.217658,-0.118030,0.205373
-0.217770,-0.118955,0.203896
-0.219456,-0.120469,0.200303
-0.219352,-0.120756,0.203020
-0.220833,-0.122044,0.200180
-0.220022,-0.123657,0.198830
-0.223925,-0.126534,0.197884
-0.226138,-0.127098,0.196645
-0.225900,-0.128894,0.193994
-0.228023,-0.131179,0.194913
-0.228603,-0.130905,0.193208
-0.231117,-0.135044,0.189899
-0.234853,-0.136652,0.191766
-0.234187,-0.137802,0.189246
-0.234643,-0.141497,0.186802
-0.236172,-0.141600,0.186166
-0.237535,-0.144659,0.184969
-0.238533,-0.147373,0.183371
-0.239287,-0.148649,0.182421
-0.242752,-0.151601,0.180195
-0.244368,-0.152018,0.178284
-0.242975,-0.154850,0.177096
-0.244950,-0.157370,0.176144
-0.247446,-0.157457,0.173857
-0.249873,-0.158378,0.173002
-0.249631,-0.163899,0.170812
-0.250017,-0.161475,0.169420
-0.252731,-0.166314,0.166636
-0.254511,-0.167903,0.168030
-0.256184,-0.170886,0.165897
-0.257257,-0.170591,0.163920
-0.258914,-0.174590,0.162335
-0.260227,-0.174402,0.161451
-0.260386,-0.179129,0.156873
-0.262674,-0.181506,0.155605
-0.263566,-0.185310,0.154223
-0.266495,-0.187880,0.152869
-0.267305,-0.189879,0.149253
-0.268605,-0.192391,0.149445
-0.269407,-0.193852,0.148156
-0.268080,-0.195769,0.146635
-0.271724,-0.198783,0.144057
-0.272464,-0.199362,0.142759
-0.275012,-0.203446,0.141942
-0.275144,-0.202559,0.139123
-0.276870,-0.206771,0.138799
-0.279265,-0.208995,0.137081
-0.278878,-0.211450,0.135037
-0.281864,-0.215199,0.134914
-0.283170,-0.215781,0.132195
-0.283765,-0.217011,0.128707
-0.288467,-0.220386,0.128483
-0.287158,-0.221693,0.125631
-0.288720,-0.224235,0.123693
-0.290781,-0.229092,0.120891
-0.291698,-0.230945,0.120418
-0.294423,-0.234274,0.116607
-0.295398,-0.236712,0.115234
-0.296327,-0.239526,0.112326
-0.298360,-0.244604,0.109169
-0.299821,-0.247993,0.107278
-0.302145,-0.250201,0.102709
-0.304174,-0.252987,0.102333
-0.306884,-0.255643,0.097749
-0.306856,-0.263701,0.095147
-0.308675,-0.268803,0.089828
-0.310869,-0.277588,0.082031
0.088986,-0.019607,0.279098
0.090056,-0.014288,0.284153
0.085830,-0.009255,0.285242
0.087495,-0.006715,0.288787
0.086509,-0.005647,0.289432
0.082714,-0.003218,0.291045
0.082542,-0.001162,0.291314
0.079986,0.000732,0.292963
0.080818,0.001747,0.292942
0.079226,0.002290,0.295906
0.075503,0.003297,0.295507
0.074954,0.007410,0.298074
0.074532,0.006001,0.298754
0.073783,0.008585,0.298968
0.071648,0.009880,0.299339
0.072059,0.010356,0.300952
0.067408,0.011413,0.300994
0.068683,0.011460,0.302490
0.067664,0.011932,0.302391
0.067324,0.014201,0.303919
0.065275,0.014853,0.304013
0.062742,0.013315,0.302549
0.064153,0.016277,0.303786
0.063819,0.015422,0.305592
0.060094,0.017353,0.304592
0.061122,0.017537,0.307447
0.059907,0.016356,0.304687
0.054219,0.016642,0.306091
0.057452,0.016967,0.305523
0.056822,0.018265,0.305845
0.054843,0.020551,0.306618
0.053681,0.019200,0.308531
0.053177,0.020311,0.307402
0.051065,0.019666,0.306837
0.049120,0.021872,0.310018
0.049690,0.022161,0.309503
0.047301,0.021826,0.310454
0.046812,0.023112,0.309585
0.046192,0.022147,0.309086
0.046170,0.022995,0.308883
0.042793,0.023490,0.311343
0.042308,0.025250,0.312549
0.041415,0.026208,0.310483
0.038108,0.025430,0.310105
0.038274,0.026897,0.313842
0.037765,0.026654,0.312001
0.036675,0.029736,0.312965
0.036191,0.028185,0.312298
0.035265,0.028932,0.311841
0.034072,0.028949,0.314381
0.032818,0.028271,0.313416
0.030757,0.030460,0.315149
0.027871,0.029686,0.314689
0.029287,0.028092,0.315250
0.027852,0.029628,0.315180
0.026495,0.029515,0.314196
0.025104,0.030003,0.314253
0.023033,0.029880,0.316207
0.023321,0.030845,0.315573
0.021877,0.029627,0.316045
0.020372,0.030668,0.316610
0.020668,0.030829,0.316831
0.020817,0.031907,0.317067
0.017056,0.032519,0.317403
0.018071,0.032261,0.316688
0.016630,0.031075,0.317548
0.014512,0.032373,0.317825
0.015615,0.033511,0.316941
0.012365,0.034096,0.318213
0.011200,0.032530,0.316915
0.010411,0.031565,0.317871
0.011148,0.032951,0.318290
0.007582,0.033116,0.317981
0.008746,0.033101,0.318034
0.005295,0.034095,0.317379
0.006847,0.031598,0.317975
0.004833,0.032918,0.316897
0.003882,0.032287,0.318502
0.002998,0.032651,0.316757
0.000758,0.031832,0.318871
-0.001574,0.033222,0.317856
-0.001886,0.031439,0.317585
-0.002083,0.031681,0.315831
-0.002745,0.030787,0.315119
-0.006272,0.034265,0.315037
-0.003604,0.031715,0.315606
-0.005776,0.031977,0.316882
-0.006528,0.032389,0.317668
-0.008296,0.031534,0.314760
-0.011478,0.030962,0.318550
-0.011850,0.030455,0.315643
-0.011588,0.030825,0.315141
-0.013340,0.032298,0.317707
-0.015351,0.031615,0.315964
-0.015775,0.030618,0.317661
-0.016367,0.030364,0.317243
-0.017903,0.031989,0.315815
-0.020313,0.032062,0.316861
-0.017812,0.033088,0.317654
-0.020400,0.032406,0.317016
-0.020800,0.033371,0.316922
-0.022325,0.034117,0.317058
-0.024460,0.034426,0.318573
-0.025771,0.034473,0.319678
-0.027145,0.034940,0.318540
-0.030155,0.034520,0.319746
-0.028877,0.035672,0.319901
-0.029187,0.034656,0.320085
-0.031919,0.036173,0.320416
-0.032615,0.037319,0.319988
-0.032889,0.038748,0.322457
-0.033365,0.039615,0.321536
-0.035858,0.039304,0.323073
-0.037098,0.042059,0.323184
-0.038412,0.040589,0.324786
-0.037696,0.041422,0.325841
-0.039710,0.040743,0.323520
-0.040361,0.043428,0.324436
-0.042169,0.043968,0.324306
-0.041839,0.043703,0.326619
-0.045442,0.043203,0.323902
-0.043446,0.044266,0.325506
-0.047005,0.043658,0.326918
-0.047648,0.044080,0.326595
-0.049449,0.045673,0.326674
-0.049135,0.045474,0.327762
-0.052850,0.044380,0.327309
-0.051604,0.045519,0.327767
-0.054105,0.046257,0.328455
-0.053906,0.046692,0.326209
-0.053797,0.047176,0.326541
-0.054403,0.046527,0.325783
-0.057551,0.045600,0.326614
-0.057372,0.047193,0.327076
-0.057920,0.047202,0.326673
-0.059123,0.046963,0.328369
-0.059298,0.047135,0.329000
-0.061984,0.048256,0.330015
-0.063416,0.046758,0.328754
-0.064456,0.048534,0.328681
-0.066058,0.047750,0.330222
-0.064913,0.045911,0.328125
-0.067744,0.047340,0.328122
-0.066862,0.049250,0.327165
-0.069813,0.048790,0.329919
-0.070010,0.049993,0.329116
-0.071525,0.047571,0.328345
-0.073029,0.049465,0.329185
-0.073583,0.048630,0.329347
-0.074218,0.050451,0.329782
-0.075237,0.050520,0.328551
-0.077607,0.049355,0.329467
-0.077975,0.049383,0.330254
-0.077772,0.049674,0.332299
-0.079593,0.047688,0.329223
-0.082197,0.049386,0.330371
-0.082078,0.049978,0.329333
-0.083089,0.049045,0.330912
-0.084578,0.049459,0.330407
-0.085699,0.048354,0.331170
-0.086709,0.050024,0.332016
-0.087124,0.050115,0.328791
-0.087817,0.051895,0.329278
-0.092227,0.048575,0.329545
-0.091219,0.050694,0.331582
-0.092939,0.049340,0.327448
-0.091565,0.051424,0.329918
-0.093032,0.048677,0.332028
-0.096540,0.050995,0.331170
-0.095597,0.051882,0.331260
-0.097007,0.051014,0.329151
-0.099247,0.052155,0.330337
-0.099089,0.050576,0.330019
-0.101814,0.050322,0.330045
-0.099176,0.049993,0.330950
-0.105252,0.052344,0.330243
-0.104627,0.048772,0.330288
-0.103739,0.048706,0.328152
-0.105087,0.048310,0.328753
-0.108194,0.048628,0.329537
-0.107252,0.047972,0.327073
-0.108655,0.048813,0.329756
-0.110960,0.047749,0.327748
-0.112421,0.048824,0.330188
-0.112044,0.049161,0.329085
-0.112721,0.049860,0.329562
-0.115812,0.046335,0.327154
-0.115465,0.046054,0.327482
-0.117008,0.045195,0.325467
-0.118049,0.043796,0.326200
-0.119038,0.043960,0.325171
-0.121646,0.043189,0.323576
-0.118740,0.042100,0.323775
-0.122994,0.041083,0.323480
-0.123861,0.041084,0.323618
-0.124500,0.040594,0.323056
-0.125607,0.037675,0.321415
-0.125271,0.038875,0.322881
-0.126742,0.038973,0.322478
-0.129093,0.038092,0.321185
-0.128994,0.035105,0.320906
-0.130832,0.036500,0.321094
-0.131361,0.034763,0.317052
-0.133576,0.035175,0.317839
-0.134195,0.030824,0.318630
-0.135702,0.032481,0.315575
-0.135612,0.028054,0.313772
-0.137141,0.026101,0.312431
-0.140613,0.025036,0.312226
-0.141662,-0.016245,0.281459
-0.140785,-0.014294,0.280750
-0.142674,-0.017909,0.277959
-0.147126,-0.020827,0.280380
-0.145293,-0.020513,0.277334
-0.146087,-0.023816,0.278246
-0.146568,-0.022779,0.275801
-0.147466,-0.025976,0.271567
-0.150986,-0.029336,0.273284
-0.151121,-0.029519,0.271998
-0.151264,-0.030755,0.270440
-0.155779,-0.032670,0.268937
-0.151610,-0.035608,0.266456
-0.155315,-0.036695,0.265539
-0.156949,-0.039080,0.264828
-0.156650,-0.042014,0.262680
-0.159668,-0.043217,0.262031
-0.159578,-0.045532,0.259724
-0.161674,-0.045718,0.255251
-0.165186,-0.048760,0.256185
-0.163225,-0.050690,0.255055
-0.167574,-0.052647,0.254434
-0.168153,-0.055946,0.251620
-0.167274,-0.057331,0.248627
-0.168229,-0.060633,0.249219
-0.170186,-0.060265,0.247398
-0.171799,-0.064404,0.245958
-0.172468,-0.065783,0.241032
-0.176547,-0.068342,0.240832
-0.175383,-0.071280,0.239772
-0.175263,-0.074377,0.238641
-0.177839,-0.076501,0.238610
-0.178611,-0.076155,0.237126
-0.179862,-0.079491,0.234609
-0.180917,-0.079752,0.232388
-0.183718,-0.083123,0.231118
-0.185053,-0.083964,0.230423
-0.184058,-0.085067,0.231190
-0.185571,-0.087842,0.228471
-0.186629,-0.087248,0.228735
-0.188027,-0.089570,0.226965
-0.189377,-0.092049,0.224861
-0.192265,-0.091217,0.222688
-0.193350,-0.092451,0.224214
-0.194014,-0.095555,0.224376
-0.197472,-0.095099,0.222084
-0.195326,-0.095504,0.222338
-0.196665,-0.099693,0.221273
-0.199888,-0.098535,0.221486
-0.199145,-0.100542,0.219083
-0.200260,-0.099375,0.218724
-0.202455,-0.102366,0.218348
-0.203297,-0.103460,0.215368
-0.203713,-0.103071,0.216658
-0.206770,-0.104627,0.212447
-0.206932,-0.107119,0.211173
-0.207766,-0.110211,0.212808
-0.209340,-0.109905,0.213800
-0.209246,-0.109019,0.210163
-0.211809,-0.111645,0.210754
-0.213678,-0.115106,0.209817
-0.215518,-0.113733,0.208252
-0.215900,-0.117070,0.206652
-0.217212,-0.117222,0.205613
-0.219584,-0.118320,0.205783
-0.220812,-0.119456,0.205360
-0.219246,-0.121914,0.204480
-0.220751,-0.122151,0.201970
-0.223864,-0.126024,0.201492
-0.223085,-0.125252,0.198999
-0.227841,-0.130460,0.199667
-0.228582,-0.129446,0.197261
-0.227919,-0.130287,0.198500
-0.229483,-0.131555,0.194309
-0.229985,-0.135871,0.192634
-0.231915,-0.135454,0.190861
-0.233831,-0.139239,0.191834
-0.233920,-0.140989,0.189670
-0.237064,-0.145127,0.188644
-0.238403,-0.143527,0.186448
-0.239749,-0.145960,0.184397
-0.240376,-0.148278,0.182530
-0.243166,-0.151301,0.179819
-0.241511,-0.154387,0.178365
-0.243155,-0.156365,0.177854
-0.246067,-0.156127,0.177352
-0.247455,-0.158395,0.174918
-0.250111,-0.162026,0.174294
-0.249418,-0.163279,0.173984
-0.249699,-0.164222,0.171007
-0.252803,-0.166070,0.169768
-0.252306,-0.168073,0.169015
-0.255801,-0.168239,0.167825
-0.255526,-0.171397,0.165666
-0.256392,-0.174966,0.164309
-0.261679,-0.175224,0.163131
-0.261401,-0.179837,0.159445
-0.262966,-0.179706,0.158733
-0.263103,-0.184738,0.154646
-0.265819,-0.191265,0.153728
-0.265640,-0.188251,0.151859
-0.268976,-0.191865,0.150487
-0.268018,-0.194787,0.149177
-0.270844,-0.196647,0.148985
-0.271647,-0.196766,0.145917
-0.272070,-0.201089,0.144884
-0.274604,-0.203557,0.142433
-0.275943,-0.202605,0.140212
-0.278691,-0.208225,0.139007
-0.278619,-0.208106,0.138097
-0.278357,-0.210895,0.136609
-0.279911,-0.213204,0.138719
-0.282828,-0.215956,0.133133
-0.284195,-0.216693,0.130618
-0.285754,-0.220224,0.127329
-0.287383,-0.225533,0.128369
-0.288480,-0.224703,0.126442
-0.291129,-0.228884,0.125428
-0.292354,-0.230241,0.122237
-0.291827,-0.232901,0.120261
-0.295932,-0.238941,0.119163
-0.297942,-0.240711,0.115030
-0.297834,-0.243689,0.111099
-0.300688,-0.247070,0.109417
-0.299335,-0.249254,0.107099
-0.302704,-0.253160,0.106220
-0.305899,-0.257406,0.103674
-0.306251,-0.258135,0.099455
-0.309117,-0.266620,0.094999
-0.311636,-0.274433,0.089391
0.089407,-0.017954,0.281411
0.088176,-0.014527,0.285490
0.084554,-0.010688,0.286418
0.085389,-0.007569,0.288134
0.084242,-0.006879,0.289193
0.080608,-0.003703,0.289961
0.081553,-0.001675,0.293722
0.081110,0.001714,0.293711
0.079507,0.002038,0.296110
0.077147,0.004201,0.297674
0.078054,0.005772,0.297264
0.074723,0.006901,0.297632
0.074844,0.007654,0.300468
0.072893,0.007672,0.300151
0.071506,0.009274,0.300671
0.069494,0.009768,0.300629
0.069373,0.010566,0.299986
0.067732,0.010669,0.302434
0.066051,0.010933,0.302362
0.065244,0.012069,0.303911
0.064841,0.014320,0.304813
0.064088,0.012720,0.304378
0.063005,0.014586,0.305429
0.060272,0.013783,0.305945
0.060492,0.014939,0.306907
0.058860,0.016223,0.305591
0.058453,0.014847,0.304794
0.056225,0.017049,0.305859
0.055298,0.017180,0.306154
0.055669,0.017512,0.307306
0.053816,0.017940,0.307436
0.052702,0.018427,0.308029
0.050068,0.019489,0.308671
0.050905,0.019526,0.309857
0.048211,0.022363,0.309102
0.047049,0.020722,0.308914
0.045692,0.020373,0.308257
0.046191,0.020015,0.311837
0.044321,0.023222,0.312632
0.042989,0.023053,0.309746
0.043095,0.022371,0.310236
0.041782,0.023400,0.312334
0.039232,0.023802,0.312304
0.038602,0.023738,0.313600
0.038621,0.026267,0.311774
0.038566,0.024540,0.312073
0.034575,0.025750,0.313680
0.034353,0.024588,0.312288
0.033509,0.026083,0.314826
0.034850,0.026908,0.314741
0.030209,0.026021,0.314675
0.030360,0.026884,0.314030
0.028894,0.026638,0.313796
0.027010,0.026689,0.315159
0.025374,0.029296,0.314949
0.025063,0.027738,0.315137
0.027291,0.027616,0.317449
0.023199,0.027944,0.313968
0.022550,0.028154,0.315479
0.020243,0.029455,0.315856
0.021448,0.028692,0.316818
0.019669,0.029316,0.316963
0.017503,0.028121,0.317435
0.016198,0.029158,0.317433
0.016329,0.029667,0.317493
0.015914,0.029800,0.316399
0.014079,0.031819,0.317100
0.010678,0.032431,0.316039
0.013423,0.030089,0.318351
0.010942,0.032412,0.317290
0.009788,0.031210,0.317189
0.009793,0.030364,0.317104
0.007499,0.032510,0.318396
0.004863,0.031742,0.316827
0.004577,0.031417,0.318882
0.003587,0.030997,0.317761
0.000490,0.030137,0.316702
0.002866,0.030930,0.317721
0.000490,0.032637,0.318058
0.001075,0.030707,0.316640
-0.001585,0.028920,0.315091
-0.003614,0.028787,0.314867
-0.004795,0.027268,0.316078
-0.003733,0.028244,0.315829
-0.005103,0.028238,0.315585
-0.006536,0.029329,0.315427
-0.006602,0.027544,0.316437
-0.010872,0.029533,0.316071
-0.011599,0.028745,0.315659
-0.011271,0.029493,0.313902
-0.013549,0.030262,0.316150
-0.013067,0.027696,0.314366
-0.016235,0.027753,0.314678
-0.013619,0.026981,0.316875
-0.015557,0.029269,0.316876
-0.016162,0.029429,0.316353
-0.019990,0.029454,0.315573
-0.019659,0.030524,0.315903
-0.020893,0.030868,0.317787
-0.021818,0.031589,0.316914
-0.021596,0.031131,0.317172
-0.023748,0.030018,0.318281
-0.024669,0.032110,0.316585
-0.027653,0.032473,0.318993
-0.027115,0.030528,0.318492
-0.028582,0.033004,0.318800
-0.029938,0.030411,0.319765
-0.030545,0.030869,0.318317
-0.031406,0.034096,0.319723
-0.032187,0.035994,0.319259
-0.034793,0.036189,0.321194
-0.034387,0.035200,0.321036
-0.038029,0.036508,0.322507
-0.035467,0.039904,0.321385
-0.038872,0.037809,0.323191
-0.037093,0.040878,0.324001
-0.038915,0.041497,0.323049
-0.041713,0.040510,0.324429
-0.041950,0.040087,0.325320
-0.043099,0.042182,0.325813
-0.044489,0.043149,0.324564
-0.046874,0.041067,0.325735
-0.047128,0.042841,0.326590
-0.048397,0.043982,0.326621
-0.047942,0.043124,0.327833
-0.051884,0.044818,0.327097
-0.051106,0.042119,0.326371
-0.052503,0.043949,0.327580
-0.053893,0.045532,0.328052
-0.055020,0.044326,0.326104
-0.054862,0.045878,0.328002
-0.056048,0.047313,0.328467
-0.057695,0.046256,0.329186
-0.058801,0.043400,0.326893
-0.060728,0.046306,0.328065
-0.060759,0.045706,0.326858
-0.061847,0.047258,0.327619
-0.064677,0.046313,0.326477
-0.063798,0.047286,0.330584
-0.064864,0.046020,0.329311
-0.065619,0.046484,0.329553
-0.068911,0.046781,0.328044
-0.069088,0.047657,0.328321
-0.068871,0.046130,0.329745
-0.071721,0.046471,0.330327
-0.073451,0.047265,0.330093
-0.073717,0.050201,0.329640
-0.074195,0.045043,0.330200
-0.075164,0.047398,0.329796
-0.075565,0.048150,0.328713
-0.076495,0.046394,0.329563
-0.077585,0.047685,0.328511
-0.077686,0.049448,0.329762
-0.079120,0.049577,0.332349
-0.081947,0.045838,0.330936
-0.082599,0.047238,0.330256
-0.083686,0.048821,0.329167
-0.085839,0.047572,0.330390
-0.084890,0.047933,0.331695
-0.087328,0.045552,0.330778
-0.087198,0.048095,0.332007
-0.090008,0.049541,0.332491
-0.092213,0.047994,0.330779
-0.091325,0.049533,0.330961
-0.090921,0.047472,0.330077
-0.092742,0.048907,0.331432
-0.095132,0.048657,0.331056
-0.097140,0.049210,0.327670
-0.096864,0.048469,0.330777
-0.094882,0.049283,0.329363
-0.098521,0.048402,0.330665
-0.100095,0.049623,0.329081
-0.099342,0.050937,0.330572
-0.101366,0.048609,0.331059
-0.102666,0.048540,0.329389
-0.103067,0.050091,0.332229
-0.105342,0.047739,0.330373
-0.105915,0.048049,0.328954
-0.107827,0.045780,0.328132
-0.109094,0.047345,0.328878
-0.109100,0.046070,0.328657
-0.110477,0.046472,0.327814
-0.110831,0.046696,0.328457
-0.110975,0.046027,0.329575
-0.111604,0.046082,0.328561
-0.113829,0.044980,0.326433
-0.116254,0.044186,0.327327
-0.115274,0.043157,0.327642
-0.116336,0.042631,0.326942
-0.117330,0.041241,0.325303
-0.119164,0.042109,0.325846
-0.119755,0.040345,0.324689
-0.123512,0.040516,0.324537
-0.122762,0.039158,0.323615
-0.126445,0.038337,0.321802
-0.125138,0.039065,0.323281
-0.127341,0.039320,0.321621
-0.126904,0.035570,0.322875
-0.128733,0.034696,0.320398
-0.130365,0.035197,0.319178
-0.132788,0.034662,0.318582
-0.131197,0.032655,0.316024
-0.131730,0.030435,0.316693
-0.135134,0.030093,0.316845
-0.136634,0.027992,0.314687
-0.136105,0.026809,0.311841
-0.137857,0.021766,0.312055
-0.138703,-0.014960,0.283056
-0.138865,-0.015511,0.282455
-0.140581,-0.018058,0.281970
-0.143543,-0.020736,0.279622
-0.145535,-0.021727,0.277820
-0.144808,-0.021641,0.278637
-0.145131,-0.024115,0.276446
-0.147792,-0.024749,0.274528
-0.149504,-0.026728,0.271465
-0.150575,-0.030118,0.273023
-0.152565,-0.033181,0.270408
-0.151459,-0.032450,0.270124
-0.153357,-0.035686,0.270220
-0.155417,-0.039477,0.267355
-0.156085,-0.037181,0.265397
-0.157341,-0.040148,0.267269
-0.156295,-0.042873,0.263414
-0.159823,-0.044690,0.260446
-0.158676,-0.046059,0.260008
-0.161117,-0.047939,0.258361
-0.162646,-0.049305,0.258098
-0.164015,-0.052589,0.255620
-0.162670,-0.054270,0.253695
-0.165041,-0.057218,0.252531
-0.168074,-0.061889,0.251342
-0.169512,-0.059338,0.249799
-0.167619,-0.063029,0.246499
-0.172877,-0.065583,0.247142
-0.173069,-0.067465,0.243873
-0.174878,-0.071396,0.243019
-0.174795,-0.071893,0.240260
-0.176625,-0.074053,0.238898
-0.178350,-0.075694,0.236830
-0.179349,-0.077990,0.236650
-0.179805,-0.081364,0.234908
-0.181319,-0.081854,0.233701
-0.181773,-0.084333,0.232807
-0.182936,-0.086638,0.231796
-0.186631,-0.086980,0.231617
-0.187678,-0.084466,0.230756
-0.187693,-0.088215,0.228777
-0.188017,-0.089190,0.226932
-0.190074,-0.089915,0.226386
-0.190591,-0.091475,0.226297
-0.191159,-0.092677,0.226326
-0.194041,-0.095138,0.223239
-0.196086,-0.095129,0.224284
-0.195867,-0.098303,0.223472
-0.198514,-0.097843,0.221785
-0.198580,-0.099651,0.220008
-0.200108,-0.101878,0.221076
-0.202221,-0.102018,0.219063
-0.201358,-0.103564,0.219871
-0.200599,-0.103829,0.216038
-0.203792,-0.102842,0.215386
-0.204448,-0.106145,0.214709
-0.207091,-0.107389,0.213764
-0.207174,-0.108323,0.214971
-0.208373,-0.109963,0.211294
-0.209917,-0.109977,0.210498
-0.212240,-0.113810,0.212472
-0.213215,-0.115620,0.208275
-0.212954,-0.116798,0.209290
-0.216140,-0.116346,0.206861
-0.214687,-0.119270,0.207677
-0.217737,-0.120670,0.206706
-0.219702,-0.120802,0.204240
-0.218559,-0.120566,0.205381
-0.221484,-0.122874,0.202173
-0.223629,-0.124577,0.202655
-0.224880,-0.126477,0.200373
-0.225949,-0.127631,0.198996
-0.227352,-0.127996,0.199486
-0.228536,-0.130880,0.195838
-0.229694,-0.132909,0.195906
-0.230138,-0.137629,0.195814
-0.233046,-0.135617,0.193581
-0.232421,-0.138642,0.193001
-0.236073,-0.140906,0.188843
-0.235009,-0.143168,0.187022
-0.238686,-0.147070,0.186639
-0.239760,-0.147284,0.186982
-0.240605,-0.149545,0.183834
-0.240443,-0.151468,0.182175
-0.241925,-0.154424,0.181310
-0.244371,-0.154830,0.179618
-0.244663,-0.157462,0.176183
-0.248859,-0.160113,0.176548
-0.247261,-0.160544,0.174391
-0.248066,-0.162938,0.174099
-0.249943,-0.166080,0.173990
-0.252515,-0.167799,0.170150
-0.254665,-0.167027,0.168382
-0.254284,-0.169811,0.167231
-0.254776,-0.173991,0.164794
-0.258279,-0.174896,0.164546
-0.261316,-0.176836,0.163466
-0.259632,-0.179647,0.161957
-0.263007,-0.181522,0.159212
-0.263736,-0.183626,0.158191
-0.264835,-0.186925,0.156635
-0.266481,-0.187879,0.153025
-0.268728,-0.192047,0.151771
-0.269783,-0.195652,0.148824
-0.270654,-0.197734,0.150165
-0.272668,-0.199585,0.147455
-0.271983,-0.200729,0.142376
-0.275734,-0.201696,0.146132
-0.276837,-0.205254,0.143187
-0.277665,-0.206816,0.141903
-0.277285,-0.209649,0.138730
-0.280739,-0.211019,0.136950
-0.281620,-0.213636,0.136173
-0.282417,-0.215019,0.134368
-0.287463,-0.217967,0.133118
-0.286398,-0.221904,0.133526
-0.289271,-0.223892,0.130763
-0.288472,-0.226397,0.127558
-0.290318,-0.225879,0.125430
-0.291429,-0.231776,0.124583
-0.294797,-0.232616,0.122005
-0.295729,-0.236508,0.118951
-0.297928,-0.238698,0.118667
-0.299219,-0.241429,0.116103
-0.299810,-0.247457,0.112196
-0.299746,-0.247581,0.111016
-0.303054,-0.253916,0.107564
-0.305457,-0.255052,0.104315
-0.305822,-0.258578,0.103809
-0.307661,-0.263740,0.097957
-0.310775,-0.267273,0.097365
-0.310781,-0.275076,0.091294
0.089134,-0.016762,0.283521
0.086736,-0.012719,0.286515
0.085565,-0.009168,0.289498
0.082338,-0.008167,0.289012
0.082088,-0.007278,0.292261
0.080176,-0.003652,0.294685
0.080785,-0.004092,0.294483
0.078062,-0.001046,0.295887
0.077469,0.002507,0.298389
0.076009,0.002746,0.297214
0.076475,0.003702,0.299128
0.073660,0.006302,0.300688
0.073306,0.007885,0.301681
0.071751,0.007652,0.301304
0.069765,0.007457,0.300574
0.069537,0.007860,0.301590
0.069094,0.010984,0.303965
0.066718,0.010878,0.304502
0.066233,0.011085,0.304049
0.063912,0.010169,0.304184
0.064413,0.011661,0.304521
0.061772,0.013454,0.307423
0.061146,0.012694,0.306378
0.060354,0.013882,0.305832
0.060159,0.014213,0.306245
0.059336,0.013320,0.306700
0.056375,0.015961,0.306401
0.054708,0.015438,0.307824
0.055710,0.014553,0.308696
0.051611,0.017102,0.307665
0.050797,0.016459,0.308694
0.053057,0.017366,0.308202
0.050212,0.017467,0.309178
0.049828,0.018684,0.308541
0.047951,0.019876,0.311849
0.047355,0.019603,0.310739
0.047198,0.020594,0.311123
0.043778,0.021077,0.310846
0.042605,0.021152,0.311160
0.042394,0.020399,0.312866
0.040014,0.022383,0.311582
0.040363,0.021384,0.311443
0.038723,0.022117,0.312024
0.037250,0.023797,0.314863
0.036826,0.023437,0.313572
0.034459,0.022980,0.313675
0.034334,0.025111,0.313226
0.032680,0.024955,0.314260
0.032731,0.026994,0.313864
0.030423,0.024609,0.313152
0.030922,0.025321,0.314899
0.028751,0.026004,0.316738
0.026948,0.024954,0.313935
0.028646,0.026987,0.316271
0.026007,0.026123,0.316212
0.025851,0.025222,0.316591
0.023254,0.027401,0.316768
0.023319,0.027751,0.317307
0.020079,0.027706,0.317351
0.020535,0.027929,0.317325
0.020199,0.027613,0.319166
0.018349,0.027826,0.314992
0.017910,0.028214,0.316759
0.016266,0.027563,0.317751
0.014970,0.029036,0.315783
0.013027,0.028083,0.319542
0.012089,0.030681,0.316988
0.011371,0.029260,0.317887
0.010696,0.029664,0.318247
0.007858,0.027853,0.317535
0.006847,0.030097,0.318497
0.007049,0.029046,0.318365
0.004936,0.029742,0.317883
0.005326,0.029222,0.318612
0.004185,0.029226,0.319001
0.002436,0.027650,0.316376
0.002852,0.029547,0.319218
-0.000243,0.028894,0.316670
-0.000380,0.028761,0.316353
-0.000955,0.028052,0.315969
-0.001591,0.027970,0.314994
-0.003582,0.027420,0.316356
-0.002982,0.027413,0.317388
-0.005548,0.024765,0.317833
-0.006317,0.028109,0.314382
-0.006421,0.025895,0.317758
-0.009818,0.026375,0.315897
-0.009653,0.025511,0.314652
-0.011477,0.026464,0.314871
-0.014007,0.026392,0.319795
-0.011601,0.026310,0.316188
-0.015916,0.026651,0.315908
-0.016556,0.027269,0.315802
-0.016863,0.026880,0.316675
-0.017780,0.026566,0.316454
-0.017538,0.027508,0.315978
-0.020357,0.027088,0.314165
-0.022896,0.027452,0.318300
-0.022638,0.028422,0.318450
-0.023260,0.030009,0.315915
-0.024449,0.027585,0.317526
-0.026429,0.027294,0.318575
-0.024525,0.028603,0.317297
-0.026618,0.027736,0.318030
-0.026763,0.029127,0.316429
-0.028546,0.028438,0.317486
-0.030758,0.029682,0.318768
-0.032903,0.030190,0.318366
-0.031816,0.029915,0.319316
-0.034306,0.030283,0.319660
-0.033980,0.033295,0.320076
-0.035540,0.035053,0.321792
-0.036561,0.033985,0.321864
-0.039076,0.036354,0.321768
-0.039667,0.038128,0.323663
-0.039908,0.036471,0.324944
-0.042672,0.038011,0.324702
-0.042582,0.038134,0.325528
-0.043048,0.041705,0.324954
-0.045637,0.039959,0.325433
-0.044295,0.041922,0.325820
-0.047362,0.041841,0.326073
-0.049857,0.040907,0.326933
-0.048550,0.041740,0.327439
-0.051181,0.043327,0.328330
-0.052181,0.041803,0.328510
-0.052839,0.043609,0.327073
-0.055159,0.043285,0.327923
-0.054002,0.043656,0.330770
-0.055138,0.042934,0.328432
-0.056934,0.042789,0.330559
-0.058477,0.043206,0.326891
-0.058547,0.045419,0.327299
-0.061215,0.045081,0.327672
-0.061529,0.044059,0.327817
-0.062820,0.043149,0.328881
-0.063737,0.045259,0.328946
-0.064583,0.044626,0.328949
-0.064293,0.045212,0.329312
-0.066457,0.045299,0.328658
-0.067084,0.045628,0.330581
-0.070869,0.045029,0.329192
-0.068346,0.046190,0.330085
-0.071692,0.045986,0.329087
-0.071975,0.044850,0.329124
-0.072183,0.046718,0.330733
-0.072821,0.045068,0.330211
-0.074683,0.045623,0.329026
-0.077197,0.045744,0.329168
-0.076127,0.045745,0.329623
-0.078643,0.044955,0.331232
-0.078986,0.047445,0.332208
-0.080906,0.046013,0.330398
-0.078887,0.046568,0.330843
-0.081748,0.047930,0.329228
-0.083964,0.048040,0.330856
-0.083987,0.047691,0.329317
-0.085565,0.046938,0.331049
-0.085353,0.043536,0.331096
-0.087059,0.048340,0.330565
-0.088770,0.046579,0.329215
-0.089588,0.047160,0.331927
-0.093517,0.046331,0.330477
-0.092215,0.045836,0.330166
-0.093850,0.047352,0.330705
-0.093732,0.047786,0.330711
-0.095351,0.046770,0.329769
-0.096839,0.047064,0.330395
-0.097544,0.046394,0.330003
-0.098537,0.048058,0.332790
-0.099652,0.047267,0.330512
-0.100325,0.047313,0.330627
-0.103637,0.045929,0.331579
-0.102437,0.046355,0.329672
-0.104367,0.045754,0.331071
-0.103743,0.047488,0.329314
-0.105439,0.046103,0.330054
-0.107283,0.045370,0.331096
-0.109294,0.046127,0.328991
-0.109897,0.046091,0.329466
-0.110193,0.044350,0.329232
-0.110374,0.045145,0.330029
-0.111461,0.043563,0.330318
-0.114626,0.044433,0.328080
-0.115565,0.044259,0.328873
-0.115886,0.042242,0.327334
-0.117238,0.041036,0.326483
-0.117258,0.041725,0.325502
-0.118340,0.040704,0.326204
-0.120132,0.039027,0.326155
-0.120804,0.036671,0.325216
-0.122798,0.038188,0.324779
-0.123337,0.037808,0.323258
-0.124289,0.036531,0.322568
-0.125065,0.035128,0.320611
-0.128553,0.034262,0.322560
-0.127494,0.035172,0.322805
-0.128932,0.032499,0.318801
-0.131025,0.033523,0.320198
-0.132034,0.030975,0.318068
-0.131308,0.031106,0.318218
-0.133385,0.029718,0.318264
-0.132657,0.026596,0.316330
-0.134576,0.025285,0.314643
-0.136243,0.022823,0.314015
-0.138557,-0.018305,0.285049
-0.138449,-0.017789,0.283166
-0.141574,-0.019131,0.284610
-0.142188,-0.021379,0.283257
-0.143736,-0.022125,0.280439
-0.145088,-0.022326,0.278210
-0.145905,-0.024679,0.278635
-0.148257,-0.026388,0.275426
-0.147762,-0.027855,0.274894
-0.149470,-0.029435,0.273492
-0.151298,-0.031436,0.272923
-0.151561,-0.033941,0.271281
-0.151254,-0.036259,0.270065
-0.154298,-0.037667,0.268070
-0.155129,-0.038115,0.269737
-0.155562,-0.040013,0.267996
-0.157942,-0.042619,0.264244
-0.159511,-0.044127,0.264158
-0.159289,-0.045898,0.262791
-0.161388,-0.047738,0.260488
-0.163081,-0.050807,0.260358
-0.162451,-0.051264,0.257601
-0.164141,-0.056147,0.255501
-0.164106,-0.058129,0.254620
-0.168878,-0.058707,0.253329
-0.170751,-0.059978,0.251542
-0.168883,-0.064936,0.249423
-0.170314,-0.064292,0.247103
-0.170826,-0.066950,0.245347
-0.174733,-0.071259,0.243373
-0.175080,-0.071400,0.243294
-0.176956,-0.073642,0.240134
-0.176819,-0.077100,0.238309
-0.177269,-0.077986,0.239499
-0.179769,-0.078758,0.238038
-0.180503,-0.080233,0.234370
-0.183645,-0.082523,0.235837
-0.182847,-0.084950,0.232505
-0.182831,-0.086765,0.233770
-0.185953,-0.087570,0.230202
-0.187018,-0.089356,0.231156
-0.186290,-0.088714,0.230190
-0.187973,-0.091298,0.226768
-0.190176,-0.091564,0.227787
-0.190573,-0.093693,0.226261
-0.190766,-0.093785,0.224461
-0.194206,-0.094788,0.224717
-0.193885,-0.097635,0.225085
-0.195464,-0.099010,0.226177
-0.197257,-0.100218,0.223888
-0.198671,-0.100625,0.221230
-0.199563,-0.101929,0.221446
-0.201535,-0.103183,0.218737
-0.202811,-0.102327,0.220668
-0.202579,-0.104119,0.220326
-0.204433,-0.104454,0.217841
-0.205034,-0.108946,0.216368
-0.208169,-0.107396,0.214688
-0.208251,-0.110681,0.213801
-0.208790,-0.110034,0.213442
-0.211004,-0.113610,0.212287
-0.212555,-0.113196,0.212595
-0.214415,-0.115600,0.210747
-0.214197,-0.115118,0.210363
-0.214682,-0.118475,0.208789
-0.217293,-0.119540,0.208715
-0.218397,-0.119604,0.206778
-0.219358,-0.121006,0.206416
-0.221102,-0.123419,0.205692
-0.222336,-0.126250,0.203869
-0.224970,-0.126247,0.202092
-0.225319,-0.126754,0.201552
-0.224283,-0.131158,0.201928
-0.228672,-0.131098,0.200055
-0.226790,-0.131557,0.198546
-0.230071,-0.133870,0.197316
-0.232536,-0.137838,0.196483
-0.231546,-0.137183,0.195753
-0.232991,-0.138063,0.190551
-0.234980,-0.143081,0.191782
-0.235743,-0.142672,0.189984
-0.237659,-0.146148,0.188035
-0.239791,-0.145976,0.185763
-0.239755,-0.150629,0.184752
-0.241176,-0.152857,0.182144
-0.242242,-0.153063,0.183089
-0.244715,-0.156812,0.181186
-0.244738,-0.158202,0.180862
-0.246885,-0.162026,0.179748
-0.250515,-0.163321,0.175484
-0.250341,-0.162136,0.176039
-0.251410,-0.163282,0.174764
-0.255187,-0.165643,0.170198
-0.252880,-0.169986,0.171884
-0.255976,-0.170954,0.169560
-0.254797,-0.175250,0.169197
-0.257862,-0.175417,0.165922
-0.259333,-0.176205,0.165861
-0.261278,-0.178234,0.163562
-0.263370,-0.182087,0.161509
-0.263469,-0.184313,0.159081
-0.265013,-0.186675,0.157309
-0.267395,-0.188595,0.157267
-0.266194,-0.192439,0.154199
-0.270642,-0.193183,0.152571
-0.269649,-0.195793,0.149661
-0.271239,-0.199379,0.149302
-0.273655,-0.201529,0.147611
-0.275680,-0.203748,0.145613
-0.275858,-0.204846,0.143877
-0.277691,-0.208782,0.142608
-0.278582,-0.210558,0.142723
-0.280149,-0.213767,0.141375
-0.282235,-0.213180,0.137177
-0.284162,-0.217195,0.137119
-0.285615,-0.217330,0.134860
-0.287579,-0.222343,0.131467
-0.287039,-0.224521,0.130393
-0.289465,-0.224317,0.130385
-0.288503,-0.226743,0.127707
-0.292617,-0.229989,0.128034
-0.293237,-0.231715,0.123919
-0.294566,-0.235143,0.120233
-0.296546,-0.239604,0.119659
-0.297290,-0.243574,0.117958
-0.300848,-0.244557,0.114422
-0.301059,-0.249403,0.112306
-0.302854,-0.251674,0.109312
-0.305116,-0.255756,0.107719
-0.307329,-0.259442,0.105831
-0.309774,-0.261916,0.101763
-0.310650,-0.265799,0.099948
-0.310436,-0.268206,0.095905
-0.311753,-0.278847,0.089762
0.088099,-0.021991,0.280876
0.087146,-0.017493,0.284958
0.085930,-0.013157,0.288514
0.084144,-0.010728,0.290505
0.083948,-0.009108,0.290639
0.081478,-0.007387,0.291945
0.079564,-0.004586,0.293711
0.079176,-0.003027,0.296241
0.077147,0.000121,0.296483
0.075590,0.002486,0.299560
0.073876,0.002401,0.300972
0.073409,0.004445,0.301540
0.073374,0.006642,0.300202
0.072959,0.006553,0.302658
0.070212,0.004885,0.302454
0.070319,0.007770,0.302794
0.068121,0.007417,0.304890
0.067473,0.008633,0.304052
0.067697,0.010163,0.304148
0.064821,0.009481,0.304562
0.064414,0.010448,0.305852
0.061361,0.010049,0.304724
0.061392,0.012354,0.305270
0.060454,0.013534,0.307864
0.059204,0.012244,0.307040
0.060744,0.013321,0.306843
0.058698,0.015657,0.307374
0.055637,0.013944,0.309957
0.054525,0.014188,0.305595
0.054669,0.014313,0.309009
0.051367,0.014979,0.310730
0.052419,0.014953,0.309180
0.050574,0.017835,0.308899
0.046321,0.016273,0.308683
0.047230,0.019692,0.310823
0.046058,0.018832,0.311440
0.047060,0.017774,0.310843
0.046387,0.020329,0.311395
0.043746,0.018861,0.311181
0.041300,0.019762,0.311505
0.040893,0.019242,0.314106
0.040094,0.020314,0.310619
0.038248,0.021070,0.313460
0.038857,0.022782,0.311968
0.037357,0.022187,0.314896
0.032972,0.022214,0.315483
0.035767,0.022729,0.313398
0.032876,0.023532,0.315909
0.031049,0.024590,0.314199
0.031515,0.023042,0.313628
0.029619,0.024933,0.314383
0.029512,0.023937,0.314713
0.026922,0.024146,0.314335
0.026817,0.022092,0.315617
0.026670,0.025570,0.316159
0.024023,0.025659,0.316685
0.022417,0.025969,0.316194
0.023112,0.024686,0.317549
0.020793,0.025096,0.317512
0.019486,0.026514,0.318002
0.019404,0.025479,0.315836
0.015764,0.027808,0.317979
0.016910,0.025745,0.315716
0.014476,0.027053,0.317606
0.013699,0.026497,0.316989
0.013002,0.027742,0.316660
0.012387,0.027862,0.317381
0.011724,0.028477,0.317284
0.010143,0.028646,0.317800
0.009190,0.028205,0.318087
0.008195,0.025245,0.318259
0.006088,0.027422,0.317857
0.006329,0.026296,0.317762
0.004115,0.027412,0.318591
0.005193,0.025673,0.318042
0.001019,0.027597,0.315609
0.000761,0.025543,0.316055
0.000040,0.025074,0.315512
-0.000467,0.025422,0.315719
-0.004163,0.024812,0.314117
-0.002657,0.025544,0.317896
-0.004033,0.024797,0.314458
-0.005690,0.024701,0.315933
-0.004742,0.024757,0.314370
-0.007537,0.022142,0.315400
-0.006675,0.023584,0.316170
-0.008447,0.022409,0.314954
-0.009757,0.023011,0.314901
-0.009332,0.024303,0.316577
-0.010319,0.024614,0.315971
-0.011639,0.024397,0.315602
-0.015064,0.025777,0.313795
-0.015637,0.022407,0.318327
-0.017125,0.024066,0.316792
-0.018849,0.023866,0.314264
-0.017710,0.024169,0.315281
-0.019258,0.025121,0.316370
-0.021223,0.025821,0.317393
-0.022086,0.025458,0.315940
-0.024129,0.025235,0.316061
-0.024761,0.025638,0.315331
-0.024720,0.025660,0.318309
-0.026729,0.025312,0.314553
-0.027009,0.027683,0.318207
-0.027859,0.025671,0.318079
-0.028876,0.026110,0.317739
-0.029608,0.026767,0.317902
-0.033086,0.026627,0.316631
-0.032265,0.028166,0.317946
-0.035040,0.028545,0.319771
-0.035213,0.030677,0.320190
-0.034929,0.031052,0.323288
-0.038222,0.031764,0.322512
-0.038083,0.033880,0.320933
-0.040988,0.035292,0.322964
-0.039510,0.034211,0.323812
-0.041063,0.037499,0.323646
-0.043859,0.038842,0.324326
-0.043050,0.037784,0.326685
-0.045770,0.036798,0.325523
-0.046724,0.038885,0.325362
-0.047163,0.038736,0.325163
-0.049305,0.038982,0.327190
-0.048081,0.040087,0.327297
-0.050981,0.039234,0.326147
-0.051594,0.040651,0.328703
-0.052758,0.039553,0.327598
-0.052946,0.040911,0.327204
-0.054157,0.040642,0.326338
-0.054780,0.041666,0.327653
-0.055681,0.043036,0.329257
-0.058084,0.041046,0.327238
-0.059847,0.041933,0.327916
-0.058913,0.042023,0.329102
-0.060942,0.041063,0.329924
-0.061347,0.042509,0.329412
-0.061189,0.044116,0.327887
-0.064279,0.042549,0.328976
-0.066581,0.042288,0.331403
-0.066654,0.043831,0.330070
-0.067834,0.040667,0.329315
-0.068817,0.043283,0.329088
-0.070502,0.045393,0.331476
-0.070794,0.043696,0.330631
-0.072066,0.042751,0.329131
-0.073871,0.043380,0.329411
-0.074445,0.043616,0.330632
-0.073309,0.044609,0.330164
-0.076024,0.046071,0.331200
-0.076811,0.044640,0.331406
-0.077724,0.047664,0.331249
-0.080018,0.045294,0.331803
-0.078162,0.045825,0.331269
-0.082134,0.046642,0.331264
-0.081708,0.044665,0.330055
-0.081731,0.045613,0.331339
-0.085116,0.045465,0.330750
-0.083716,0.043993,0.331785
-0.085453,0.045211,0.331720
-0.088496,0.045149,0.331044
-0.089005,0.045027,0.329753
-0.090871,0.045223,0.330560
-0.091938,0.044806,0.330115
-0.092414,0.043397,0.330911
-0.092305,0.045186,0.331591
-0.094554,0.046134,0.330519
-0.094907,0.046701,0.331097
-0.097357,0.046151,0.331811
-0.096967,0.042245,0.331009
-0.096623,0.043034,0.330551
-0.100240,0.044316,0.332107
-0.103961,0.043397,0.330514
-0.100844,0.044475,0.333397
-0.103416,0.044319,0.331715
-0.105098,0.043941,0.330693
-0.104230,0.042817,0.329888
-0.107606,0.043870,0.331734
-0.107077,0.045696,0.330084
-0.108337,0.044302,0.329187
-0.109778,0.043563,0.329035
-0.111033,0.042433,0.328866
-0.110676,0.043730,0.330245
-0.112813,0.041462,0.330061
-0.113576,0.041166,0.326938
-0.115720,0.040615,0.326072
-0.116019,0.040493,0.327678
-0.117657,0.038887,0.327275
-0.120311,0.040368,0.325429
-0.118375,0.038736,0.325813
-0.118454,0.035950,0.326533
-0.122135,0.035780,0.324471
-0.121099,0.036115,0.322633
-0.124182,0.035146,0.322712
-0.123316,0.035404,0.323340
-0.125488,0.034372,0.324227
-0.125792,0.032609,0.322326
-0.126235,0.031794,0.321864
-0.128035,0.031358,0.320287
-0.131315,0.030373,0.319786
-0.130227,0.027661,0.317336
-0.131564,0.028171,0.318243
-0.132285,0.025504,0.318108
-0.133812,0.023357,0.314952
-0.135401,0.022051,0.313724
-0.138416,-0.015421,0.283184
-0.138519,-0.017427,0.283835
-0.141333,-0.020023,0.283260
-0.141778,-0.020951,0.284320
-0.140137,-0.022766,0.279902
-0.143098,-0.023257,0.280417
-0.143770,-0.024999,0.278945
-0.144764,-0.026492,0.277455
-0.145463,-0.029395,0.276581
-0.147087,-0.030892,0.276344
-0.149659,-0.033389,0.272852
-0.151895,-0.035272,0.271811
-0.151670,-0.036480,0.270671
-0.152845,-0.038711,0.270728
-0.153712,-0.038576,0.269081
-0.153855,-0.040307,0.269310
-0.154831,-0.043073,0.265581
-0.157221,-0.043623,0.265857
-0.159266,-0.048288,0.263442
-0.160027,-0.050395,0.262349
-0.160359,-0.048657,0.261137
-0.163933,-0.052812,0.258891
-0.164260,-0.053850,0.259018
-0.164920,-0.058130,0.256628
-0.164947,-0.059430,0.254774
-0.166366,-0.059653,0.251816
-0.168140,-0.063736,0.250737
-0.168183,-0.063670,0.249924
-0.170664,-0.068242,0.248144
-0.171261,-0.068570,0.248048
-0.172749,-0.073620,0.244850
-0.174078,-0.070540,0.242972
-0.175377,-0.074956,0.243526
-0.177215,-0.077621,0.242230
-0.178242,-0.080023,0.238255
-0.178556,-0.078968,0.237578
-0.180073,-0.083048,0.236415
-0.180340,-0.084161,0.233702
-0.180567,-0.085709,0.234088
-0.182945,-0.087383,0.232152
-0.185554,-0.088457,0.231580
-0.185989,-0.088495,0.229500
-0.187117,-0.090957,0.230699
-0.188202,-0.091626,0.228545
-0.189420,-0.094616,0.229791
-0.194568,-0.094207,0.228395
-0.193171,-0.096842,0.224426
-0.193635,-0.097819,0.226792
-0.193909,-0.096284,0.224156
-0.195007,-0.098939,0.224625
-0.196783,-0.100131,0.221652
-0.199720,-0.102365,0.224045
-0.198202,-0.100839,0.220855
-0.200747,-0.102625,0.221088
-0.201696,-0.103179,0.219575
-0.204799,-0.106183,0.219975
-0.205210,-0.107075,0.219956
-0.204003,-0.107906,0.216283
-0.207298,-0.110309,0.215312
-0.207920,-0.111310,0.216112
-0.210729,-0.111259,0.214700
-0.210314,-0.112593,0.213846
-0.212312,-0.114823,0.212668
-0.212917,-0.116792,0.212929
-0.213716,-0.116972,0.211044
-0.215941,-0.117845,0.210409
-0.215573,-0.118430,0.207767
-0.215910,-0.122188,0.208663
-0.217649,-0.122546,0.206371
-0.220708,-0.124754,0.206081
-0.222436,-0.124596,0.204719
-0.223952,-0.126143,0.206185
-0.226012,-0.129957,0.203841
-0.226073,-0.131029,0.201439
-0.227193,-0.132211,0.199807
-0.228939,-0.132005,0.198213
-0.230277,-0.133880,0.197166
-0.230481,-0.137348,0.196511
-0.233042,-0.137097,0.196754
-0.233936,-0.139812,0.193241
-0.236393,-0.141959,0.190725
-0.236660,-0.144250,0.190039
-0.237303,-0.145265,0.190238
-0.238811,-0.148508,0.189037
-0.239732,-0.150932,0.187544
-0.240511,-0.151466,0.183951
-0.241844,-0.154926,0.183721
-0.244718,-0.155853,0.182568
-0.245317,-0.158198,0.180947
-0.246934,-0.159704,0.178685
-0.248703,-0.161543,0.175982
-0.250160,-0.164037,0.176172
-0.252486,-0.166159,0.175045
-0.253195,-0.167720,0.172808
-0.254177,-0.169621,0.172029
-0.255985,-0.171083,0.169650
-0.257417,-0.172794,0.168950
-0.258375,-0.176652,0.168045
-0.259592,-0.176628,0.167092
-0.261156,-0.180920,0.165043
-0.261427,-0.182580,0.162385
-0.263060,-0.184954,0.162184
-0.266339,-0.188563,0.158595
-0.269439,-0.190553,0.157192
-0.267062,-0.190636,0.155445
-0.268997,-0.195009,0.154761
-0.270280,-0.196536,0.153364
-0.273025,-0.200048,0.148741
-0.272739,-0.202152,0.147292
-0.274714,-0.203663,0.146636
-0.273970,-0.205936,0.145240
-0.277383,-0.207189,0.143844
-0.278821,-0.210986,0.145075
-0.280295,-0.212448,0.141603
-0.279461,-0.214445,0.136140
-0.283269,-0.218065,0.138467
-0.286393,-0.218936,0.136134
-0.285201,-0.220216,0.134658
-0.286283,-0.223414,0.132054
-0.290097,-0.225446,0.129942
-0.291031,-0.228474,0.128521
-0.293765,-0.230426,0.127732
-0.292135,-0.234462,0.126958
-0.296679,-0.234406,0.124413
-0.296232,-0.235930,0.120820
-0.298699,-0.240756,0.120386
-0.297151,-0.243737,0.119566
-0.300622,-0.247380,0.114974
-0.303634,-0.251652,0.113613
-0.304295,-0.255193,0.109146
-0.306319,-0.258014,0.104939
-0.307583,-0.261093,0.104150
-0.309340,-0.263821,0.102099
-0.309156,-0.268595,0.099549
-0.314072,-0.272508,0.095528
-0.313697,-0.284788,0.090325
0.089508,-0.024146,0.281445
0.088067,-0.016224,0.285339
0.083532,-0.014983,0.288529
0.083583,-0.013126,0.289443
0.082540,-0.008637,0.292669
0.080967,-0.006644,0.293941
0.080456,-0.003250,0.294299
0.077892,-0.003674,0.298633
0.076862,0.000011,0.297165
0.077230,0.002691,0.301456
0.076043,0.002253,0.302039
0.073637,0.005207,0.300391
0.071489,0.005146,0.304412
0.070384,0.005051,0.301134
0.068954,0.007528,0.304001
0.067840,0.007336,0.304934
0.065954,0.008952,0.304742
0.066012,0.009422,0.305281
0.065274,0.011315,0.307293
0.064500,0.008701,0.303560
0.060688,0.010239,0.306481
0.062075,0.010244,0.306575
0.062386,0.011999,0.308385
0.059104,0.010419,0.306534
0.058457,0.011159,0.306841
0.056279,0.010832,0.310353
0.057847,0.012273,0.307714
0.053075,0.012742,0.309256
0.054018,0.011701,0.307858
0.052677,0.016086,0.310180
0.050722,0.014883,0.310116
0.048304,0.015427,0.309509
0.049206,0.015554,0.310942
0.046174,0.016966,0.311625
0.046881,0.017207,0.311790
0.046171,0.018040,0.313478
0.045662,0.017571,0.311534
0.044701,0.016424,0.314846
0.042431,0.017967,0.312717
0.039830,0.017422,0.312455
0.039759,0.019583,0.312214
0.039921,0.019859,0.313751
0.038326,0.019061,0.313404
0.033969,0.020088,0.316135
0.037857,0.018273,0.314349
0.034376,0.019909,0.314681
0.033179,0.022080,0.314340
0.031053,0.021390,0.317399
0.030573,0.021048,0.315725
0.031540,0.023607,0.313956
0.030110,0.023060,0.315576
0.025948,0.023631,0.314836
0.026799,0.020834,0.314911
0.026852,0.023721,0.316587
0.024222,0.021766,0.316821
0.023205,0.022545,0.316451
0.023220,0.022032,0.315025
0.019088,0.024490,0.316147
0.018172,0.024023,0.316675
0.018448,0.026342,0.316762
0.019616,0.024454,0.319103
0.017009,0.025987,0.316832
0.017193,0.023464,0.317811
0.015280,0.024572,0.318268
0.013448,0.023830,0.318235
0.010772,0.025139,0.318402
0.013856,0.024498,0.318748
0.011468,0.025911,0.320071
0.009423,0.027266,0.317791
0.008750,0.024993,0.318101
0.007733,0.027187,0.318550
0.007243,0.023822,0.317515
0.004414,0.025748,0.318080
0.007167,0.026699,0.316798
0.001864,0.025007,0.318249
0.002116,0.022855,0.317313
0.001234,0.024034,0.316389
-0.000145,0.022422,0.316197
-0.001113,0.022410,0.315476
-0.002950,0.023859,0.316819
-0.003537,0.021918,0.316805
-0.004259,0.022556,0.315586
-0.006879,0.020914,0.316181
-0.006368,0.019755,0.314224
-0.006613,0.020395,0.312745
-0.009121,0.021082,0.314629
-0.012220,0.021749,0.315372
-0.009003,0.021104,0.314888
-0.013655,0.020557,0.316257
-0.013539,0.022152,0.314874
-0.014227,0.022064,0.315484
-0.018018,0.023227,0.314893
-0.016691,0.022539,0.313637
-0.018317,0.022350,0.316383
-0.018713,0.021466,0.315892
-0.018529,0.021534,0.314496
-0.021184,0.022531,0.315332
-0.020390,0.021561,0.314411
-0.023350,0.021526,0.315544
-0.023047,0.022990,0.315488
-0.023997,0.022701,0.317409
-0.027094,0.022732,0.317496
-0.027318,0.024607,0.315692
-0.027892,0.022346,0.316882
-0.029405,0.024332,0.316197
-0.030535,0.025285,0.316062
-0.032155,0.025232,0.315669
-0.031984,0.025072,0.317458
-0.033692,0.026177,0.318705
-0.035351,0.026384,0.319792
-0.035672,0.027095,0.318986
-0.037629,0.028924,0.320394
-0.039060,0.029154,0.320759
-0.039469,0.028779,0.322309
-0.040428,0.030975,0.322890
-0.040913,0.032723,0.323499
-0.042699,0.034690,0.323449
-0.044414,0.033413,0.325657
-0.043613,0.034825,0.324093
-0.045360,0.035139,0.327226
-0.048546,0.035936,0.326435
-0.048212,0.039723,0.327158
-0.049547,0.038116,0.325889
-0.050084,0.037530,0.327137
-0.053582,0.039065,0.327610
-0.053518,0.037828,0.328170
-0.054380,0.038307,0.327774
-0.053290,0.039047,0.327207
-0.056004,0.039409,0.329153
-0.055050,0.038789,0.328588
-0.056945,0.038326,0.329198
-0.058548,0.041522,0.329749
-0.062861,0.039284,0.327834
-0.060574,0.039584,0.329684
-0.062066,0.039894,0.328195
-0.062755,0.041354,0.329994
-0.065522,0.040168,0.329227
-0.064122,0.041405,0.329344
-0.068545,0.041911,0.331124
-0.066573,0.041597,0.331313
-0.069413,0.040469,0.330181
-0.067749,0.041623,0.328788
-0.071130,0.042080,0.330305
-0.071157,0.042559,0.330042
-0.072681,0.042551,0.330773
-0.075092,0.042932,0.330475
-0.074961,0.041617,0.329575
-0.074915,0.041474,0.332630
-0.077349,0.043953,0.332492
-0.079352,0.043960,0.327855
-0.078880,0.042194,0.331485
-0.081595,0.043741,0.331244
-0.079827,0.042677,0.328999
-0.082590,0.042410,0.330472
-0.082775,0.044130,0.331301
-0.084983,0.043639,0.331864
-0.085312,0.045113,0.331367
-0.086249,0.045036,0.330723
-0.088472,0.043675,0.331893
-0.087765,0.042408,0.331130
-0.090296,0.044279,0.332009
-0.090743,0.044144,0.330852
-0.093391,0.043426,0.330944
-0.093707,0.044512,0.330678
-0.093544,0.042455,0.332410
-0.096614,0.042565,0.333473
-0.095625,0.041306,0.331354
-0.097851,0.042883,0.331802
-0.098606,0.041926,0.330532
-0.097084,0.042176,0.332841
-0.099880,0.041716,0.332113
-0.101191,0.043703,0.329992
-0.104310,0.042894,0.331280
-0.105960,0.043316,0.330662
-0.103026,0.042221,0.330508
-0.106823,0.043711,0.330271
-0.106849,0.040508,0.330124
-0.108113,0.042601,0.328582
-0.109308,0.042007,0.328093
-0.108635,0.042939,0.329450
-0.110913,0.041206,0.327955
-0.112815,0.040401,0.329320
-0.112694,0.039099,0.327684
-0.112858,0.038769,0.327327
-0.118218,0.037459,0.327184
-0.117989,0.036616,0.326540
-0.119806,0.038497,0.326390
-0.118827,0.036881,0.326100
-0.119364,0.034490,0.324470
-0.120878,0.034743,0.326362
-0.122868,0.034879,0.325365
-0.125473,0.033015,0.324014
-0.124924,0.034689,0.322913
-0.123959,0.032045,0.322423
-0.126772,0.032373,0.323266
-0.127525,0.030025,0.321233
-0.128472,0.029530,0.320930
-0.129990,0.028084,0.319589
-0.131599,0.027695,0.317303
-0.130657,0.024373,0.318889
-0.132761,0.023399,0.316038
-0.134978,0.020689,0.314474
-0.136128,-0.017851,0.283282
-0.137697,-0.019760,0.285287
-0.138993,-0.020170,0.284771
-0.139485,-0.020697,0.283540
-0.138872,-0.021403,0.284254
-0.141893,-0.022724,0.280709
-0.142207,-0.027073,0.280494
-0.144479,-0.027483,0.277778
-0.145075,-0.030823,0.276046
-0.147015,-0.031456,0.277203
-0.146462,-0.034590,0.272713
-0.147587,-0.036467,0.275467
-0.150899,-0.036849,0.272869
-0.152308,-0.039900,0.270461
-0.152614,-0.040223,0.268507
-0.154328,-0.041864,0.268371
-0.154288,-0.042582,0.266658
-0.156205,-0.045207,0.265591
-0.158856,-0.045891,0.266531
-0.159869,-0.046616,0.263524
-0.159756,-0.048470,0.263168
-0.161460,-0.053441,0.261315
-0.161998,-0.052001,0.259946
-0.162228,-0.055159,0.259152
-0.164217,-0.059333,0.256743
-0.164438,-0.060328,0.255972
-0.165505,-0.060716,0.253841
-0.168998,-0.064781,0.252690
-0.171124,-0.066937,0.247613
-0.171313,-0.068114,0.248013
-0.172194,-0.070644,0.246641
-0.171792,-0.071834,0.245509
-0.175088,-0.072972,0.244845
-0.174298,-0.076373,0.244663
-0.177450,-0.079894,0.241948
-0.176979,-0.080924,0.240277
-0.179545,-0.082710,0.238658
-0.181360,-0.085487,0.237882
-0.179910,-0.085702,0.237238
-0.182786,-0.086016,0.236035
-0.183718,-0.088543,0.233355
-0.185821,-0.088982,0.233838
-0.185730,-0.090408,0.232279
-0.188988,-0.092287,0.229971
-0.189220,-0.093759,0.228767
-0.189404,-0.096229,0.229825
-0.190275,-0.095017,0.229096
-0.192813,-0.097006,0.226770
-0.194098,-0.096469,0.225632
-0.194636,-0.100895,0.226075
-0.195137,-0.099067,0.223332
-0.197352,-0.100807,0.224733
-0.198557,-0.101961,0.224020
-0.200718,-0.104689,0.225322
-0.200749,-0.103890,0.222382
-0.200711,-0.107671,0.220720
-0.204670,-0.106377,0.220194
-0.205717,-0.107990,0.217812
-0.206313,-0.107980,0.218925
-0.208046,-0.109499,0.217818
-0.209347,-0.112707,0.217359
-0.210551,-0.113199,0.215428
-0.211193,-0.115347,0.215611
-0.211078,-0.116976,0.215065
-0.211806,-0.116800,0.213333
-0.217027,-0.117316,0.213858
-0.213829,-0.120391,0.210769
-0.217720,-0.121106,0.209700
-0.219954,-0.120822,0.208664
-0.219318,-0.122774,0.209672
-0.221985,-0.125761,0.208931
-0.223222,-0.124879,0.206473
-0.223607,-0.127094,0.204694
-0.225251,-0.129282,0.203631
-0.225633,-0.130641,0.202564
-0.227316,-0.134463,0.200115
-0.228777,-0.134812,0.198356
-0.230054,-0.136779,0.199337
-0.230225,-0.135485,0.197550
-0.234152,-0.139735,0.197563
-0.232339,-0.141170,0.195702
-0.235191,-0.141550,0.195837
-0.236055,-0.144892,0.193504
-0.238998,-0.146916,0.191998
-0.239315,-0.147325,0.187431
-0.239088,-0.150157,0.186886
-0.242192,-0.153755,0.186909
-0.241646,-0.154803,0.185969
-0.243976,-0.155297,0.184217
-0.246326,-0.158720,0.182482
-0.247395,-0.162500,0.180008
-0.249152,-0.163430,0.177862
-0.250174,-0.165658,0.178074
-0.251883,-0.166753,0.177656
-0.251883,-0.168874,0.174675
-0.253414,-0.170484,0.172550
-0.253617,-0.170325,0.171584
-0.256767,-0.174463,0.169883
-0.258289,-0.177037,0.170790
-0.258050,-0.177928,0.167319
-0.260649,-0.180615,0.165403
-0.260944,-0.182325,0.165150
-0.264067,-0.183500,0.162126
-0.262718,-0.187078,0.159495
-0.266130,-0.190217,0.159602
-0.267341,-0.192256,0.156701
-0.270169,-0.194786,0.156076
-0.270998,-0.196536,0.153597
-0.271741,-0.198002,0.153775
-0.271767,-0.202440,0.150929
-0.274541,-0.203603,0.147839
-0.276881,-0.206285,0.148369
-0.273915,-0.206897,0.146214
-0.278803,-0.210294,0.144283
-0.280037,-0.214044,0.141560
-0.282876,-0.214442,0.140476
-0.281725,-0.215600,0.138262
-0.283209,-0.219343,0.136384
-0.285971,-0.222634,0.135404
-0.287554,-0.222267,0.134960
-0.289187,-0.226126,0.133636
-0.289915,-0.227970,0.132098
-0.291691,-0.229151,0.129144
-0.294055,-0.232079,0.126497
-0.297275,-0.234200,0.125662
-0.296902,-0.237515,0.122486
-0.297883,-0.240498,0.121894
-0.300046,-0.244734,0.119643
-0.300147,-0.246817,0.117837
-0.301443,-0.250060,0.115108
-0.303762,-0.252263,0.111850
-0.305733,-0.256751,0.109294
-0.308550,-0.262126,0.106834
-0.306618,-0.264501,0.104788
-0.308897,-0.266903,0.101362
-0.311581,-0.270047,0.099384
-0.315703,-0.274957,0.097060
0.085308,-0.023532,0.283219
0.085132,-0.016702,0.287830
0.084159,-0.014144,0.289236
0.081085,-0.012127,0.292721
0.080063,-0.009577,0.292223
0.079710,-0.006810,0.296687
0.077689,-0.004361,0.296782
0.077050,-0.002076,0.299563
0.075677,0.001056,0.301715
0.073550,0.000268,0.302397
0.073416,0.001428,0.302303
0.070957,0.003571,0.301702
0.070159,0.005171,0.304092
0.069703,0.007058,0.305028
0.067979,0.005990,0.304817
0.068697,0.004685,0.305795
0.066369,0.007189,0.306927
0.065081,0.009383,0.305896
0.062911,0.007215,0.307667
0.062837,0.009495,0.307769
0.062395,0.009648,0.308587
0.059901,0.007857,0.308279
0.059906,0.011504,0.306788
0.056722,0.011152,0.309426
0.057639,0.011935,0.309524
0.056451,0.010075,0.309595
0.054567,0.010623,0.309355
0.052939,0.013151,0.308548
0.053370,0.010521,0.309989
0.051863,0.014533,0.310008
0.050407,0.014898,0.310044
0.049443,0.012974,0.311889
0.048264,0.012866,0.311684
0.046034,0.013999,0.311828
0.045890,0.017365,0.312044
0.046131,0.016527,0.311728
0.043017,0.016297,0.310821
0.041114,0.015544,0.311317
0.041872,0.017422,0.313955
0.040464,0.018295,0.313847
0.039452,0.016893,0.314447
0.037491,0.018585,0.311948
0.036060,0.018434,0.314434
0.035726,0.018595,0.314487
0.033797,0.018599,0.314498
0.033871,0.019530,0.316163
0.031992,0.019718,0.314489
0.030888,0.020755,0.315256
0.029488,0.019719,0.316534
0.027327,0.021687,0.314450
0.027120,0.020516,0.314837
0.027578,0.021664,0.315896
0.025471,0.020876,0.316340
0.023484,0.021832,0.316439
0.025047,0.021204,0.314960
0.022375,0.022342,0.319039
0.019533,0.023237,0.317270
0.019148,0.023845,0.319622
0.019739,0.021694,0.317873
0.017080,0.024455,0.318369
0.017419,0.022624,0.318835
0.016567,0.024452,0.315854
0.014045,0.022227,0.317239
0.012467,0.023900,0.320686
0.012690,0.023453,0.318293
0.012898,0.023628,0.318020
0.010290,0.024589,0.317071
0.011217,0.024263,0.316723
0.007422,0.024105,0.318906
0.007551,0.023676,0.317784
0.006916,0.023895,0.317919
0.002962,0.024139,0.318008
0.003077,0.023793,0.315610
0.002821,0.023471,0.316395
0.002488,0.022541,0.316980
0.002334,0.021692,0.316505
0.001222,0.020525,0.316580
0.000276,0.020659,0.314415
-0.002406,0.019454,0.314590
-0.003959,0.019090,0.316179
-0.005637,0.019560,0.315485
-0.004850,0.020018,0.315240
-0.005907,0.018529,0.314665
-0.007302,0.019060,0.316126
-0.010185,0.018592,0.312972
-0.008157,0.019080,0.315716
-0.009957,0.020676,0.315783
-0.012781,0.018328,0.316400
-0.015511,0.019184,0.313412
-0.012938,0.019201,0.315555
-0.014879,0.019918,0.316450
-0.016814,0.019682,0.315771
-0.018221,0.019053,0.314906
-0.017619,0.019751,0.317109
-0.019584,0.019689,0.314274
-0.018972,0.021639,0.314366
-0.021328,0.018166,0.315413
-0.021161,0.018470,0.315586
-0.024310,0.019448,0.315961
-0.025602,0.021495,0.316331
-0.025795,0.022233,0.313807
-0.028208,0.019852,0.317157
-0.028365,0.020847,0.315641
-0.030318,0.021846,0.318233
-0.032854,0.022350,0.316787
-0.030469,0.021835,0.316060
-0.032648,0.021404,0.318130
-0.035715,0.023460,0.315036
-0.035720,0.024455,0.317092
-0.034018,0.024461,0.317987
-0.036629,0.023776,0.318300
-0.037515,0.026245,0.319438
-0.038607,0.027579,0.320863
-0.041417,0.029347,0.321565
-0.040976,0.031377,0.323806
-0.042010,0.031032,0.323788
-0.042634,0.034096,0.322602
-0.045247,0.033700,0.326453
-0.045981,0.033661,0.326811
-0.047760,0.034107,0.327100
-0.049643,0.033507,0.325564
-0.050193,0.034288,0.326948
-0.048718,0.034535,0.327432
-0.050603,0.035566,0.325329
-0.052824,0.036766,0.328352
-0.053568,0.036622,0.327709
-0.052209,0.036652,0.326351
-0.056295,0.036226,0.326157
-0.059050,0.037315,0.327261
-0.057987,0.038175,0.328695
-0.058217,0.037181,0.329707
-0.059202,0.036691,0.328743
-0.059158,0.040988,0.328878
-0.063453,0.039361,0.328409
-0.063833,0.037453,0.327707
-0.066085,0.040113,0.329286
-0.064493,0.041570,0.330726
-0.067753,0.038058,0.330054
-0.065963,0.037970,0.327997
-0.069071,0.039335,0.332592
-0.067954,0.039493,0.330705
-0.071273,0.041101,0.330579
-0.071572,0.040332,0.330995
-0.071684,0.039481,0.329437
-0.073528,0.041886,0.332040
-0.074362,0.041375,0.331244
-0.075968,0.040501,0.330975
-0.077341,0.040415,0.331089
-0.077735,0.039670,0.330849
-0.078956,0.041325,0.330743
-0.081079,0.040755,0.330315
-0.081312,0.044456,0.332369
-0.083304,0.039685,0.332348
-0.083931,0.040878,0.330889
-0.083668,0.042162,0.333132
-0.086260,0.041465,0.330132
-0.087018,0.041713,0.332006
-0.087182,0.040783,0.330290
-0.089882,0.040505,0.331018
-0.090002,0.040052,0.331661
-0.091601,0.041851,0.330523
-0.093342,0.040621,0.330054
-0.094862,0.042768,0.330088
-0.095571,0.040465,0.329814
-0.094578,0.040708,0.330639
-0.095810,0.041637,0.330956
-0.097807,0.038402,0.332026
-0.097542,0.040711,0.331152
-0.099664,0.041088,0.330787
-0.100190,0.041238,0.331178
-0.101176,0.040069,0.332966
-0.103608,0.041627,0.332365
-0.105388,0.039754,0.331245
-0.105667,0.040976,0.328616
-0.105912,0.040596,0.329696
-0.107278,0.039685,0.329143
-0.108440,0.039925,0.329189
-0.109311,0.038444,0.329266
-0.110439,0.038648,0.330220
-0.110070,0.036148,0.329292
-0.111468,0.036823,0.327849
-0.111159,0.037665,0.328468
-0.115246,0.037969,0.328369
-0.114685,0.036742,0.326536
-0.116288,0.038202,0.327148
-0.118139,0.035229,0.327322
-0.117444,0.034404,0.326890
-0.119549,0.033182,0.325592
-0.121601,0.032313,0.325069
-0.120179,0.033598,0.323114
-0.123779,0.030586,0.325180
-0.123374,0.030982,0.322871
-0.126119,0.030382,0.321301
-0.126275,0.028477,0.320699
-0.128019,0.026278,0.322575
-0.127004,0.025865,0.322131
-0.128435,0.025082,0.318643
-0.130720,0.024469,0.319027
-0.131608,0.022355,0.317343
-0.131990,0.021757,0.315587
-0.135192,-0.018443,0.286229
-0.136561,-0.020946,0.285051
-0.138877,-0.022614,0.284261
-0.138372,-0.021973,0.285947
-0.138904,-0.023669,0.283503
-0.139762,-0.024852,0.282985
-0.141809,-0.028114,0.281668
-0.141519,-0.029299,0.279563
-0.145104,-0.033329,0.277922
-0.144654,-0.032326,0.276374
-0.145153,-0.035168,0.276020
-0.145701,-0.035309,0.273920
-0.149544,-0.038199,0.274049
-0.149762,-0.039650,0.274298
-0.151889,-0.040457,0.269924
-0.153121,-0.044138,0.269990
-0.154244,-0.042219,0.267750
-0.155619,-0.044554,0.268057
-0.155470,-0.046280,0.266424
-0.158194,-0.046247,0.265525
-0.159350,-0.050099,0.264685
-0.158038,-0.051258,0.262622
-0.158605,-0.054409,0.261025
-0.162971,-0.055589,0.259885
-0.162722,-0.056549,0.258538
-0.164956,-0.059596,0.255631
-0.166352,-0.061443,0.254804
-0.166509,-0.063352,0.251805
-0.167129,-0.067623,0.251496
-0.171015,-0.069313,0.249898
-0.171072,-0.070612,0.249658
-0.173143,-0.071846,0.248100
-0.173254,-0.075523,0.246644
-0.172767,-0.076814,0.243637
-0.177398,-0.078132,0.242904
-0.176255,-0.078564,0.241410
-0.177237,-0.082702,0.241254
-0.178544,-0.083995,0.240989
-0.181515,-0.085143,0.236995
-0.181221,-0.086659,0.236931
-0.182095,-0.088062,0.233977
-0.184459,-0.088470,0.234093
-0.185009,-0.091526,0.233585
-0.186462,-0.091795,0.232323
-0.186723,-0.094787,0.232044
-0.189365,-0.095172,0.231445
-0.190515,-0.095408,0.229230
-0.191695,-0.097205,0.228049
-0.193925,-0.097789,0.228404
-0.192337,-0.099254,0.228753
-0.195662,-0.100101,0.226175
-0.196728,-0.101047,0.225902
-0.198456,-0.099302,0.224975
-0.197993,-0.102859,0.224820
-0.197429,-0.105981,0.223275
-0.204217,-0.104722,0.223369
-0.201728,-0.106503,0.223902
-0.203375,-0.107989,0.220966
-0.203827,-0.110914,0.222089
-0.204729,-0.109977,0.219437
-0.204533,-0.110582,0.219307
-0.208616,-0.112375,0.217622
-0.209901,-0.113635,0.215851
-0.209337,-0.114963,0.217150
-0.214183,-0.117044,0.214602
-0.210961,-0.118557,0.212979
-0.213564,-0.120251,0.213108
-0.214860,-0.121735,0.211368
-0.218695,-0.120792,0.212989
-0.219591,-0.122782,0.209668
-0.217649,-0.124206,0.208557
-0.221157,-0.125132,0.209917
-0.222775,-0.127535,0.208493
-0.222402,-0.128655,0.206899
-0.224691,-0.131208,0.205411
-0.224695,-0.130858,0.204277
-0.226923,-0.133449,0.201309
-0.228577,-0.135362,0.201439
-0.230335,-0.136190,0.200658
-0.231702,-0.138800,0.198903
-0.232488,-0.139582,0.198559
-0.234563,-0.142655,0.197239
-0.235183,-0.143140,0.195091
-0.236522,-0.147397,0.193146
-0.237592,-0.145809,0.192509
-0.238853,-0.150278,0.190745
-0.241605,-0.151742,0.187457
-0.240918,-0.153399,0.189540
-0.242909,-0.154529,0.186289
-0.243435,-0.156922,0.183781
-0.245902,-0.159892,0.182456
-0.247860,-0.161427,0.182839
-0.248552,-0.163316,0.181092
-0.250729,-0.164866,0.181256
-0.250871,-0.167047,0.177449
-0.251690,-0.170192,0.175096
-0.253247,-0.171213,0.175213
-0.255114,-0.173108,0.171873
-0.255465,-0.173648,0.170125
-0.256867,-0.177116,0.169634
-0.260290,-0.179326,0.168666
-0.259643,-0.180903,0.166630
-0.262390,-0.182293,0.165502
-0.263500,-0.184309,0.164038
-0.263192,-0.187403,0.163894
-0.264770,-0.190142,0.160495
-0.267875,-0.191438,0.158984
-0.269886,-0.195485,0.157396
-0.269349,-0.196770,0.154343
-0.270729,-0.197924,0.154409
-0.272953,-0.201412,0.152168
-0.275202,-0.201271,0.151924
-0.276221,-0.205163,0.148530
-0.279044,-0.207649,0.147125
-0.279366,-0.212694,0.147548
-0.280786,-0.211584,0.142996
-0.282151,-0.215309,0.143275
-0.283694,-0.216908,0.140297
-0.285892,-0.219981,0.140283
-0.287518,-0.222506,0.137396
-0.286852,-0.223857,0.136244
-0.287931,-0.225415,0.135507
-0.291119,-0.227559,0.132707
-0.290734,-0.230384,0.130899
-0.293160,-0.232955,0.128648
-0.294428,-0.233839,0.124353
-0.295662,-0.235604,0.125429
-0.297718,-0.239461,0.125004
-0.299183,-0.244193,0.122902
-0.301545,-0.245456,0.119366
-0.302867,-0.250470,0.118146
-0.304501,-0.251475,0.115942
-0.306328,-0.255796,0.112428
-0.307120,-0.258285,0.111582
-0.308650,-0.263594,0.107557
-0.310148,-0.266452,0.104276
-0.311800,-0.270658,0.100734
-0.313674,-0.273313,0.099097
-0.316410,-0.277698,0.095006
0.084602,-0.017051,0.288222
0.081938,-0.015182,0.291308
0.080785,-0.012414,0.293575
0.078866,-0.010364,0.294575
0.078670,-0.007852,0.297766
0.074966,-0.004062,0.298417
0.073798,-0.001698,0.299912
0.073216,-0.000018,0.301029
0.072687,0.000562,0.302196
0.071564,0.000295,0.304170
0.070083,0.002635,0.303439
0.069537,0.004996,0.304261
0.068215,0.002231,0.305411
0.068404,0.006538,0.306320
0.066413,0.005019,0.305811
0.066712,0.005961,0.307064
0.062650,0.005801,0.307010
0.062101,0.007376,0.306890
0.061431,0.007367,0.306709
0.059957,0.008882,0.308118
0.058265,0.006882,0.307621
0.060140,0.007902,0.309539
0.055994,0.007690,0.310900
0.053648,0.010102,0.308238
0.054838,0.009993,0.310499
0.054364,0.010406,0.311053
0.052634,0.010991,0.310924
0.051185,0.012278,0.309841
0.049203,0.010415,0.311975
0.049903,0.012236,0.309733
0.046863,0.011446,0.310344
0.047268,0.012631,0.310599
0.045367,0.014962,0.311572
0.042594,0.013469,0.312897
0.043941,0.014966,0.312133
0.040878,0.016375,0.314087
0.042940,0.017653,0.314030
0.041630,0.015837,0.312547
0.038227,0.016895,0.313732
0.036476,0.015891,0.312992
0.037390,0.016388,0.314436
0.036562,0.016962,0.314659
0.033285,0.017610,0.315964
0.033114,0.019102,0.315557
0.032076,0.018224,0.315538
0.029735,0.018233,0.315486
0.030733,0.019695,0.315574
0.029085,0.020584,0.316620
0.027081,0.019305,0.316772
0.025626,0.019821,0.316150
0.027223,0.019776,0.316041
0.025084,0.020624,0.317547
0.024312,0.020574,0.318235
0.023828,0.021436,0.316937
0.022543,0.020642,0.316737
0.021201,0.021235,0.317841
0.018958,0.023677,0.318239
0.018322,0.022816,0.316542
0.016817,0.022841,0.319220
0.018868,0.021395,0.318124
0.015779,0.021357,0.317392
0.015291,0.021399,0.317444
0.012249,0.021368,0.317485
0.012023,0.021236,0.317052
0.011310,0.020842,0.319248
0.010404,0.021724,0.318889
0.007957,0.022706,0.317948
0.009619,0.021663,0.317256
0.005236,0.022994,0.318321
0.004508,0.022633,0.318848
0.005269,0.024061,0.318578
0.002290,0.020725,0.317163
0.002452,0.021999,0.316187
0.001705,0.018255,0.316938
-0.000599,0.018930,0.316522
-0.002459,0.018712,0.314790
-0.000732,0.019658,0.317171
-0.002098,0.017781,0.314970
-0.004591,0.016214,0.315693
-0.004004,0.016739,0.315484
-0.004999,0.015682,0.316405
-0.007936,0.017497,0.314496
-0.008046,0.015275,0.313134
-0.009184,0.016600,0.312995
-0.011485,0.016290,0.313863
-0.010580,0.015344,0.313986
-0.013183,0.016368,0.313815
-0.014230,0.015673,0.314833
-0.014176,0.017382,0.314287
-0.016378,0.017796,0.316296
-0.019101,0.017099,0.314492
-0.017304,0.017670,0.314314
-0.019216,0.017199,0.315496
-0.022410,0.016066,0.314703
-0.021971,0.015554,0.314419
-0.022546,0.016918,0.314914
-0.023850,0.018811,0.314909
-0.025788,0.017554,0.316087
-0.024438,0.017388,0.316327
-0.027089,0.019420,0.315018
-0.028192,0.021111,0.315965
-0.028994,0.019293,0.316287
-0.032005,0.019534,0.318429
-0.033726,0.018946,0.315830
-0.032755,0.017794,0.316819
-0.032389,0.020651,0.317348
-0.035110,0.017748,0.318202
-0.035509,0.021097,0.317549
-0.036801,0.022632,0.319500
-0.037787,0.023140,0.318334
-0.038058,0.027567,0.318510
-0.041553,0.026054,0.320449
-0.039782,0.027401,0.321680
-0.042888,0.028614,0.322410
-0.045111,0.029233,0.322708
-0.044633,0.030014,0.323918
-0.044647,0.031588,0.324749
-0.046062,0.030922,0.323096
-0.047134,0.032188,0.326142
-0.047972,0.032306,0.326103
-0.049727,0.032498,0.327899
-0.050722,0.034255,0.328065
-0.053045,0.032882,0.325991
-0.053018,0.034764,0.326677
-0.054178,0.034050,0.327921
-0.056313,0.035423,0.328744
-0.057018,0.034831,0.327643
-0.057166,0.036175,0.328142
-0.058862,0.035523,0.329196
-0.057951,0.037786,0.329455
-0.060369,0.036561,0.328386
-0.061505,0.037752,0.328333
-0.062598,0.036815,0.329604
-0.065166,0.036620,0.330160
-0.065083,0.038786,0.329881
-0.066124,0.037068,0.329699
-0.067344,0.037763,0.330340
-0.069039,0.037830,0.330725
-0.069908,0.038435,0.331152
-0.071093,0.038856,0.331928
-0.072642,0.038758,0.331550
-0.071984,0.037845,0.331465
-0.074089,0.037654,0.331768
-0.074066,0.040358,0.330494
-0.078912,0.038560,0.331468
-0.077356,0.039262,0.332624
-0.077806,0.040939,0.331113
-0.080059,0.038156,0.330780
-0.079438,0.041024,0.331341
-0.079818,0.039266,0.332098
-0.083837,0.041731,0.329529
-0.084900,0.039086,0.333034
-0.087007,0.041940,0.329706
-0.084379,0.039746,0.331209
-0.087278,0.040690,0.332732
-0.088328,0.039724,0.330666
-0.088137,0.040624,0.332349
-0.089948,0.039975,0.330285
-0.091427,0.037950,0.331772
-0.090807,0.039020,0.330857
-0.093503,0.038092,0.331283
-0.092060,0.041222,0.332154
-0.094175,0.037662,0.332817
-0.096844,0.039498,0.331643
-0.095858,0.038202,0.332476
-0.098862,0.039517,0.330263
-0.099358,0.039390,0.330970
-0.100529,0.040501,0.331158
-0.100320,0.039182,0.329973
-0.103221,0.038575,0.330202
-0.104078,0.036181,0.330062
-0.103614,0.037877,0.330128
-0.107092,0.039808,0.329543
-0.105941,0.039371,0.329346
-0.108811,0.035877,0.329399
-0.109131,0.035596,0.326503
-0.109650,0.036060,0.330112
-0.110977,0.037338,0.328248
-0.112983,0.034712,0.327951
-0.112159,0.034554,0.328373
-0.113916,0.033066,0.327496
-0.116998,0.035518,0.327366
-0.115225,0.034497,0.326782
-0.119652,0.031178,0.325919
-0.117475,0.032675,0.324644
-0.119610,0.029408,0.325137
-0.121114,0.031014,0.324197
-0.120992,0.031876,0.324431
-0.122618,0.027923,0.324656
-0.124715,0.027328,0.323305
-0.124369,0.028146,0.322310
-0.126159,0.026408,0.319411
-0.127597,0.025046,0.322161
-0.127108,0.025563,0.320502
-0.130871,0.023977,0.318955
-0.131931,0.020573,0.318563
-0.132058,0.017310,0.317611
-0.134457,-0.021188,0.287350
-0.135743,-0.021043,0.286636
-0.133771,-0.021249,0.286375
-0.136950,-0.024005,0.286264
-0.139159,-0.026640,0.283734
-0.139940,-0.024578,0.284049
-0.140223,-0.027402,0.279717
-0.142685,-0.028997,0.282137
-0.144583,-0.030601,0.278796
-0.143656,-0.033595,0.277133
-0.146324,-0.033285,0.276394
-0.148468,-0.036044,0.276710
-0.148116,-0.037879,0.273624
-0.148708,-0.037587,0.274275
-0.149345,-0.043641,0.270775
-0.151276,-0.042802,0.269784
-0.151856,-0.044423,0.269508
-0.151282,-0.045950,0.267844
-0.153104,-0.048846,0.267711
-0.155182,-0.049245,0.266604
-0.157040,-0.051971,0.265949
-0.159550,-0.051413,0.264489
-0.159394,-0.053695,0.262843
-0.161060,-0.055644,0.258728
-0.161082,-0.057249,0.259330
-0.163899,-0.060050,0.256904
-0.162994,-0.062873,0.255773
-0.164249,-0.064730,0.255935
-0.167382,-0.066075,0.254295
-0.169522,-0.067570,0.249457
-0.169825,-0.070600,0.250822
-0.169847,-0.070921,0.250400
-0.171751,-0.073821,0.246986
-0.173636,-0.076878,0.245624
-0.173461,-0.078378,0.244406
-0.175915,-0.078798,0.243027
-0.175786,-0.081726,0.243814
-0.178876,-0.085033,0.241069
-0.179563,-0.085827,0.238869
-0.180533,-0.085079,0.238265
-0.183035,-0.089339,0.238444
-0.183363,-0.092068,0.234699
-0.183775,-0.091726,0.234730
-0.185091,-0.092590,0.234122
-0.184143,-0.094149,0.232007
-0.187831,-0.095264,0.232769
-0.188230,-0.095798,0.232357
-0.190559,-0.096337,0.232098
-0.191764,-0.098301,0.229015
-0.192922,-0.099729,0.228982
-0.194550,-0.098426,0.227224
-0.196027,-0.101589,0.225849
-0.194380,-0.103193,0.226555
-0.196863,-0.104013,0.226716
-0.197052,-0.104182,0.224497
-0.200435,-0.104973,0.224290
-0.200442,-0.107674,0.224998
-0.201411,-0.108534,0.224167
-0.202461,-0.108355,0.221734
-0.206056,-0.108034,0.221358
-0.205994,-0.111165,0.219504
-0.207273,-0.112959,0.220592
-0.206908,-0.113804,0.219790
-0.210137,-0.112764,0.217250
-0.209107,-0.115318,0.216602
-0.212825,-0.117537,0.218706
-0.213937,-0.118767,0.216766
-0.214066,-0.120291,0.215331
-0.216628,-0.121226,0.211287
-0.215683,-0.123735,0.209806
-0.217580,-0.123426,0.211325
-0.220150,-0.123626,0.210260
-0.221407,-0.126113,0.208069
-0.221428,-0.127784,0.206783
-0.222982,-0.128900,0.207012
-0.223053,-0.132714,0.205648
-0.224868,-0.132987,0.205637
-0.227167,-0.132300,0.201780
-0.228875,-0.135831,0.200661
-0.230183,-0.136093,0.202199
-0.231181,-0.139257,0.200487
-0.233142,-0.140426,0.198460
-0.233537,-0.140420,0.194416
-0.235218,-0.144398,0.195628
-0.237206,-0.146465,0.194236
-0.237571,-0.148296,0.193010
-0.238468,-0.150918,0.190770
-0.239000,-0.150457,0.191043
-0.240862,-0.152829,0.190167
-0.243963,-0.156087,0.187807
-0.242768,-0.157017,0.186951
-0.245341,-0.161072,0.184054
-0.248133,-0.161116,0.181429
-0.248516,-0.163910,0.180228
-0.249459,-0.166786,0.181039
-0.251553,-0.168435,0.178222
-0.249640,-0.169247,0.178682
-0.252959,-0.170882,0.177603
-0.253127,-0.173699,0.174295
-0.257906,-0.174093,0.172883
-0.257725,-0.176648,0.168959
-0.259511,-0.179851,0.169483
-0.260469,-0.183391,0.167794
-0.261675,-0.183742,0.168842
-0.264295,-0.184597,0.165927
-0.264284,-0.187022,0.164682
-0.264232,-0.191555,0.161947
-0.266007,-0.192936,0.161007
-0.270125,-0.195988,0.160675
-0.270986,-0.195740,0.155730
-0.271308,-0.198978,0.156730
-0.272204,-0.201340,0.151047
-0.274482,-0.203999,0.153009
-0.276826,-0.205584,0.151813
-0.277977,-0.208102,0.148555
-0.279216,-0.210245,0.146789
-0.278803,-0.211301,0.146261
-0.281778,-0.214993,0.143872
-0.282725,-0.218260,0.142889
-0.284112,-0.218468,0.140646
-0.287898,-0.222377,0.139229
-0.286848,-0.223205,0.138831
-0.288270,-0.225649,0.137627
-0.291257,-0.227553,0.132958
-0.291542,-0.231168,0.133295
-0.295706,-0.233321,0.131394
-0.295051,-0.234984,0.128144
-0.295247,-0.237012,0.126253
-0.297698,-0.239782,0.125805
-0.300394,-0.243222,0.122178
-0.300454,-0.242421,0.121980
-0.300079,-0.248507,0.120120
-0.303179,-0.252076,0.117368
-0.303380,-0.256036,0.115889
-0.306404,-0.259536,0.112223
-0.308326,-0.261935,0.110880
-0.310069,-0.263733,0.106117
-0.311644,-0.271278,0.104390
-0.313683,-0.272047,0.102277
-0.315904,-0.276300,0.098032
-0.315467,-0.281763,0.095814
0.081542,-0.018392,0.287295
0.080148,-0.015878,0.294252
0.080447,-0.013278,0.295251
0.079762,-0.010920,0.294575
0.078270,-0.008764,0.298745
0.073908,-0.004371,0.300226
0.073169,-0.003107,0.302571
0.073338,0.001040,0.302957
0.071392,-0.001209,0.303551
0.071137,-0.000110,0.304577
0.069743,0.002731,0.304260
0.066940,0.001216,0.305996
0.068043,0.002610,0.306404
0.065340,0.004639,0.307427
0.066293,0.006066,0.307245
0.064711,0.004461,0.308553
0.062816,0.005552,0.307858
0.061055,0.003483,0.307191
0.060658,0.007275,0.307938
0.057113,0.006387,0.309093
0.058337,0.007004,0.311305
0.058136,0.005774,0.310228
0.055980,0.008780,0.310858
0.054566,0.008789,0.309088
0.054557,0.008721,0.308987
0.052406,0.008716,0.309381
0.051093,0.010055,0.309979
0.049956,0.010620,0.311942
0.050644,0.010509,0.313944
0.047664,0.011938,0.314019
0.045326,0.008970,0.312163
0.045842,0.011646,0.312099
0.043518,0.012894,0.314198
0.043658,0.009765,0.312589
0.043930,0.012316,0.311781
0.041581,0.014534,0.313804
0.040095,0.012266,0.313884
0.039630,0.014080,0.315289
0.037472,0.014148,0.314064
0.036690,0.015219,0.315079
0.036419,0.015128,0.314547
0.033144,0.015965,0.316557
0.034240,0.015170,0.315263
0.032723,0.014650,0.317123
0.031111,0.017170,0.315993
0.029473,0.019055,0.315009
0.027955,0.017322,0.316285
0.028339,0.016530,0.316988
0.027717,0.018152,0.318233
0.025556,0.019243,0.315480
0.025646,0.018484,0.317238
0.024419,0.017189,0.316850
0.021494,0.018679,0.318618
0.022441,0.018615,0.317236
0.021107,0.019321,0.318036
0.022070,0.020765,0.318015
0.020090,0.018599,0.316833
0.016770,0.019745,0.318695
0.015650,0.019660,0.318825
0.016415,0.019897,0.318840
0.013895,0.018814,0.318770
0.013143,0.018341,0.318668
0.010020,0.020530,0.319527
0.011976,0.022373,0.319566
0.007083,0.019854,0.318594
0.006435,0.019470,0.316654
0.008581,0.019905,0.319271
0.006004,0.019397,0.319796
0.005495,0.018595,0.318295
0.004007,0.017955,0.318089
0.001843,0.019200,0.317013
0.002181,0.017840,0.317745
0.000421,0.016355,0.315397
0.000204,0.016734,0.317485
-0.001733,0.016386,0.315804
-0.003770,0.015333,0.315884
-0.002754,0.015150,0.316649
-0.004835,0.015209,0.317200
-0.004955,0.014079,0.313948
-0.007044,0.013891,0.313853
-0.006629,0.014574,0.314266
-0.009205,0.012165,0.313252
-0.008662,0.012932,0.314359
-0.009802,0.014549,0.313820
-0.012014,0.011965,0.312573
-0.013418,0.013157,0.312247
-0.013540,0.015082,0.314436
-0.014363,0.012306,0.314679
-0.016370,0.015127,0.315477
-0.017198,0.014748,0.313465
-0.016913,0.015998,0.313197
-0.018869,0.014204,0.316044
-0.020194,0.015960,0.315312
-0.020835,0.015383,0.314346
-0.023982,0.016536,0.315351
-0.024609,0.016005,0.313350
-0.024850,0.016212,0.315067
-0.024278,0.015405,0.316384
-0.028247,0.015100,0.315378
-0.029462,0.015562,0.317240
-0.029247,0.015563,0.315707
-0.031149,0.016640,0.316750
-0.031026,0.016709,0.316735
-0.033134,0.018209,0.315488
-0.033853,0.016494,0.314615
-0.034376,0.017252,0.315771
-0.035195,0.018317,0.316548
-0.037968,0.019400,0.316051
-0.037407,0.019604,0.319119
-0.039858,0.020779,0.318215
-0.039442,0.022697,0.318487
-0.042115,0.023384,0.321997
-0.045701,0.025501,0.320616
-0.043062,0.025873,0.322974
-0.044006,0.024890,0.322785
-0.045897,0.027634,0.324843
-0.046455,0.028114,0.325376
-0.047571,0.030238,0.325384
-0.048907,0.031468,0.327305
-0.051174,0.029678,0.326757
-0.050835,0.030358,0.327298
-0.052420,0.031419,0.326838
-0.052307,0.030500,0.330177
-0.054539,0.031320,0.327570
-0.054864,0.033758,0.328967
-0.056553,0.033798,0.329374
-0.058593,0.034690,0.327733
-0.058031,0.032887,0.330388
-0.059040,0.034475,0.330794
-0.062193,0.033867,0.330950
-0.062397,0.034892,0.330148
-0.063465,0.035333,0.329145
-0.064781,0.035094,0.331577
-0.065633,0.035972,0.328361
-0.064558,0.034244,0.329550
-0.065988,0.036518,0.328800
-0.066793,0.035222,0.330856
-0.069902,0.036891,0.330647
-0.069588,0.036193,0.331627
-0.072525,0.036323,0.330579
-0.071249,0.036039,0.331423
-0.072830,0.038018,0.331885
-0.074310,0.036206,0.330098
-0.078174,0.037031,0.329957
-0.075868,0.039203,0.333298
-0.078913,0.037228,0.332659
-0.078319,0.035787,0.331650
-0.080897,0.036640,0.331381
-0.079768,0.037747,0.330580
-0.082092,0.039950,0.330657
-0.083296,0.037151,0.330345
-0.086336,0.039308,0.329741
-0.086717,0.037834,0.331609
-0.086131,0.039213,0.331474
-0.090489,0.036423,0.331254
-0.087993,0.039130,0.332498
-0.088039,0.038049,0.333473
-0.090157,0.036744,0.330931
-0.091498,0.038615,0.332152
-0.093959,0.035574,0.331164
-0.093912,0.036219,0.332299
-0.095606,0.037191,0.329654
-0.095752,0.037844,0.330540
-0.098588,0.035488,0.331236
-0.098078,0.038050,0.333419
-0.099491,0.038036,0.331501
-0.099347,0.035703,0.330176
-0.100181,0.034901,0.330859
-0.102525,0.036678,0.330069
-0.103641,0.034912,0.330133
-0.105978,0.036775,0.330322
-0.106791,0.034101,0.332172
-0.107847,0.035152,0.328830
-0.108866,0.034904,0.330066
-0.108191,0.034051,0.330559
-0.110834,0.037368,0.329798
-0.111784,0.033465,0.329571
-0.110585,0.033640,0.329116
-0.114146,0.030944,0.330061
-0.113420,0.032642,0.328576
-0.114064,0.031494,0.327412
-0.114742,0.029696,0.326706
-0.118530,0.029489,0.326909
-0.118673,0.031481,0.325059
-0.118824,0.028695,0.325348
-0.121605,0.029423,0.323857
-0.122319,0.025587,0.321962
-0.122912,0.026742,0.322691
-0.124846,0.026985,0.323565
-0.125447,0.025472,0.321187
-0.127007,0.023145,0.321352
-0.128042,0.021368,0.321601
-0.128441,0.021757,0.319186
-0.128762,0.019229,0.317470
-0.130998,0.016118,0.316579
-0.133205,-0.021303,0.290302
-0.133810,-0.023238,0.287491
-0.136159,-0.022501,0.286096
-0.136260,-0.024181,0.285591
-0.138368,-0.024108,0.286751
-0.136526,-0.026957,0.284728
-0.141108,-0.028398,0.282627
-0.140547,-0.028798,0.281138
-0.142264,-0.031916,0.281684
-0.144371,-0.034598,0.277243
-0.144586,-0.036680,0.279535
-0.145606,-0.036603,0.276583
-0.147305,-0.037961,0.275657
-0.149334,-0.039358,0.274634
-0.150559,-0.041700,0.272516
-0.149866,-0.044046,0.274351
-0.151398,-0.045119,0.269849
-0.151848,-0.047177,0.270390
-0.152216,-0.047722,0.267830
-0.154413,-0.049514,0.270119
-0.156298,-0.049341,0.266535
-0.155459,-0.053308,0.264055
-0.158464,-0.053732,0.263677
-0.160005,-0.053718,0.262960
-0.162118,-0.057411,0.261432
-0.162688,-0.060529,0.259474
-0.164523,-0.061064,0.260417
-0.161941,-0.062790,0.256966
-0.167019,-0.066456,0.255159
-0.165885,-0.067525,0.255489
-0.168706,-0.069539,0.253662
-0.168239,-0.070864,0.252055
-0.171144,-0.074063,0.245096
-0.172561,-0.075685,0.248881
-0.174134,-0.077702,0.246793
-0.174114,-0.079448,0.245947
-0.175517,-0.083380,0.243753
-0.176743,-0.084311,0.242426
-0.178075,-0.084736,0.239723
-0.179564,-0.087717,0.242126
-0.179696,-0.089665,0.241008
-0.181818,-0.087411,0.240212
-0.182654,-0.090659,0.237368
-0.185144,-0.091591,0.235610
-0.183976,-0.093883,0.233435
-0.185010,-0.095863,0.233688
-0.187974,-0.098397,0.233896
-0.190378,-0.097990,0.232363
-0.189880,-0.098079,0.231713
-0.190008,-0.098336,0.228899
-0.191554,-0.101419,0.232602
-0.194757,-0.100648,0.229017
-0.194454,-0.104789,0.229921
-0.198706,-0.104998,0.228067
-0.195170,-0.104877,0.227852
-0.197356,-0.106271,0.226415
-0.198407,-0.106654,0.225588
-0.202196,-0.106190,0.225039
-0.201343,-0.108831,0.225094
-0.203903,-0.110731,0.221508
-0.204215,-0.111092,0.224073
-0.207033,-0.112473,0.219027
-0.206527,-0.114127,0.219424
-0.209060,-0.114602,0.219223
-0.208863,-0.114893,0.218369
-0.210194,-0.117320,0.220145
-0.212535,-0.118381,0.219401
-0.212656,-0.119689,0.216155
-0.215306,-0.119714,0.214636
-0.218295,-0.120540,0.214568
-0.217880,-0.121889,0.214176
-0.217517,-0.124077,0.210880
-0.218922,-0.124009,0.210376
-0.220111,-0.127260,0.209427
-0.222084,-0.128623,0.207930
-0.223586,-0.131293,0.209802
-0.223453,-0.132355,0.206291
-0.223434,-0.132958,0.204691
-0.225521,-0.135609,0.203811
-0.229303,-0.136354,0.202564
-0.226989,-0.137017,0.201048
-0.232145,-0.140142,0.200243
-0.231242,-0.140131,0.198920
-0.231733,-0.143266,0.199419
-0.235008,-0.145972,0.194786
-0.237508,-0.148756,0.195103
-0.236770,-0.148488,0.194208
-0.241260,-0.149172,0.192314
-0.239837,-0.151239,0.192089
-0.241621,-0.153984,0.189012
-0.241338,-0.156459,0.188864
-0.243645,-0.158713,0.187917
-0.246604,-0.161706,0.186157
-0.246872,-0.163708,0.185848
-0.247636,-0.166202,0.182692
-0.247942,-0.166005,0.181067
-0.252976,-0.168835,0.179107
-0.252214,-0.169416,0.177233
-0.254436,-0.170973,0.177559
-0.255803,-0.174334,0.175712
-0.254784,-0.174533,0.173651
-0.258674,-0.179194,0.173684
-0.258317,-0.180672,0.171313
-0.261262,-0.182031,0.168932
-0.262900,-0.181930,0.167098
-0.263920,-0.186562,0.165977
-0.265161,-0.189389,0.163957
-0.265644,-0.190907,0.163580
-0.265726,-0.191115,0.163107
-0.269297,-0.192016,0.157502
-0.269891,-0.195353,0.159453
-0.271482,-0.200426,0.157144
-0.272212,-0.201560,0.155519
-0.274918,-0.203000,0.153942
-0.275945,-0.205405,0.151720
-0.276675,-0.207956,0.150082
-0.279503,-0.212552,0.149176
-0.279601,-0.213301,0.147350
-0.279815,-0.215149,0.146580
-0.282543,-0.218128,0.143229
-0.283948,-0.220023,0.142629
-0.285985,-0.221371,0.139299
-0.288427,-0.225625,0.138501
-0.288675,-0.226766,0.137199
-0.288423,-0.229192,0.135235
-0.292054,-0.231103,0.133265
-0.293609,-0.233706,0.130636
-0.294522,-0.236154,0.131601
-0.296064,-0.237819,0.129583
-0.296460,-0.241201,0.126680
-0.298308,-0.243635,0.125939
-0.298820,-0.246184,0.122997
-0.301670,-0.245754,0.121179
-0.302854,-0.251198,0.121871
-0.305816,-0.253763,0.116732
-0.307027,-0.257308,0.114859
-0.308638,-0.259961,0.113932
-0.310754,-0.264565,0.110319
-0.309530,-0.267067,0.105336
-0.313943,-0.273649,0.102588
-0.314438,-0.275502,0.099110
-0.316015,-0.281381,0.098407
0.081655,-0.022248,0.289807
0.079002,-0.016188,0.293142
0.078274,-0.015436,0.296293
0.078635,-0.011406,0.297697
0.074985,-0.008586,0.299577
0.074520,-0.005413,0.301977
0.074412,-0.005841,0.301974
0.071927,-0.001110,0.304612
0.069486,0.001459,0.303672
0.068963,-0.000930,0.303853
0.068744,0.001529,0.305337
0.067081,0.001482,0.306667
0.066397,0.002148,0.307038
0.063678,0.003386,0.307028
0.064586,0.004805,0.307070
0.061605,0.004369,0.307340
0.061341,0.004527,0.308590
0.057664,0.003970,0.309935
0.058137,0.004276,0.309530
0.058278,0.005568,0.309540
0.055744,0.006236,0.309689
0.055944,0.005848,0.310515
0.056047,0.006487,0.308658
0.053733,0.005870,0.311340
0.052463,0.008680,0.310130
0.050441,0.005201,0.309888
0.051461,0.009251,0.311613
0.049969,0.009830,0.313279
0.048128,0.008156,0.311673
0.047370,0.008578,0.311550
0.047822,0.009945,0.312923
0.043714,0.008971,0.313324
0.044998,0.008882,0.312654
0.043387,0.011954,0.313649
0.041613,0.011134,0.313663
0.040232,0.012141,0.316396
0.040602,0.013804,0.315409
0.038833,0.013839,0.314035
0.039700,0.014994,0.313323
0.036167,0.012463,0.316445
0.033584,0.014200,0.314793
0.035243,0.013416,0.314920
0.032510,0.014635,0.316776
0.030818,0.013576,0.316013
0.030911,0.013535,0.317900
0.029686,0.015494,0.316818
0.027173,0.014699,0.317019
0.026840,0.015756,0.317091
0.025483,0.017409,0.316776
0.026299,0.015494,0.317544
0.024539,0.017241,0.317530
0.021637,0.016329,0.318390
0.021687,0.016163,0.317881
0.018708,0.017777,0.317013
0.020063,0.016506,0.318786
0.018965,0.017791,0.320283
0.017269,0.018867,0.318753
0.015602,0.017772,0.318059
0.014973,0.017848,0.317050
0.015605,0.017320,0.319901
0.011235,0.018108,0.318156
0.011432,0.017996,0.316332
0.011502,0.016430,0.318023
0.010534,0.015211,0.318274
0.008675,0.016769,0.320839
0.008321,0.017462,0.319893
0.008210,0.015941,0.318505
0.004322,0.017492,0.317552
0.004674,0.017378,0.318231
0.002197,0.016996,0.317879
0.002065,0.014094,0.316003
0.000280,0.016195,0.315364
0.002260,0.013193,0.315675
-0.001858,0.013976,0.316509
-0.001697,0.015021,0.315541
-0.003105,0.014367,0.316505
-0.004515,0.012344,0.316178
-0.005358,0.013420,0.314453
-0.007185,0.011382,0.316454
-0.007255,0.012533,0.314589
-0.008752,0.013509,0.314677
-0.009490,0.012123,0.314307
-0.011300,0.010614,0.314452
-0.011937,0.011670,0.314890
-0.012900,0.010812,0.313903
-0.013444,0.011114,0.314247
-0.015231,0.011074,0.312281
-0.016819,0.011847,0.314384
-0.016923,0.013942,0.314274
-0.018248,0.011614,0.314824
-0.020759,0.011934,0.314723
-0.020566,0.013596,0.313791
-0.021753,0.013883,0.316252
-0.021954,0.011648,0.314725
-0.024481,0.011514,0.313376
-0.024870,0.012587,0.316531
-0.027158,0.013030,0.315221
-0.028170,0.014173,0.315830
-0.026654,0.014260,0.315577
-0.028736,0.015145,0.317339
-0.030153,0.012814,0.315586
-0.032809,0.013043,0.315894
-0.033955,0.014886,0.316438
-0.034880,0.013995,0.315210
-0.035691,0.015508,0.315908
-0.037307,0.014178,0.316105
-0.036055,0.015411,0.316198
-0.037007,0.016360,0.315257
-0.038708,0.018220,0.316836
-0.039340,0.019046,0.319119
-0.041721,0.019919,0.319756
-0.044328,0.022022,0.321803
-0.043308,0.022016,0.322194
-0.044541,0.023647,0.322937
-0.045591,0.025804,0.324581
-0.047024,0.027217,0.326637
-0.047954,0.026445,0.325474
-0.048379,0.027660,0.327699
-0.050545,0.030736,0.326617
-0.052184,0.029725,0.327868
-0.053342,0.029220,0.329320
-0.054159,0.030599,0.329471
-0.054984,0.030290,0.327878
-0.056103,0.029823,0.327021
-0.056418,0.030207,0.328070
-0.055211,0.030861,0.329823
-0.058049,0.032403,0.328002
-0.057318,0.029843,0.329556
-0.061404,0.031139,0.328747
-0.060338,0.033591,0.327450
-0.064072,0.034055,0.329264
-0.062220,0.033950,0.332137
-0.064815,0.032681,0.328340
-0.065377,0.034619,0.329666
-0.068089,0.034023,0.329265
-0.069379,0.034926,0.330562
-0.069736,0.034128,0.330447
-0.071657,0.033626,0.330225
-0.072498,0.035070,0.329012
-0.073087,0.035371,0.331551
-0.073181,0.036467,0.329409
-0.073657,0.035170,0.331916
-0.076463,0.035289,0.330997
-0.077420,0.033797,0.330505
-0.079283,0.036306,0.332585
-0.078559,0.035433,0.333978
-0.080250,0.034692,0.330638
-0.081926,0.036500,0.332452
-0.083960,0.035509,0.331930
-0.082593,0.036916,0.331039
-0.085950,0.034799,0.332608
-0.084655,0.036296,0.332089
-0.084835,0.035337,0.330672
-0.087040,0.036239,0.331021
-0.089453,0.037357,0.331619
-0.088059,0.036941,0.332962
-0.090490,0.034473,0.331098
-0.091914,0.036493,0.329280
-0.092462,0.037035,0.329622
-0.093799,0.036225,0.332683
-0.095673,0.035832,0.332562
-0.096041,0.036652,0.330455
-0.096346,0.034978,0.329576
-0.097722,0.035630,0.331136
-0.100398,0.034028,0.332703
-0.101068,0.033611,0.332405
-0.102145,0.035440,0.331925
-0.101779,0.033096,0.330872
-0.104195,0.033071,0.329579
-0.103985,0.034137,0.329187
-0.105161,0.032247,0.328717
-0.105418,0.031243,0.329767
-0.107208,0.032589,0.330036
-0.109431,0.032407,0.329242
-0.111387,0.032690,0.328869
-0.111047,0.031619,0.328873
-0.111029,0.030218,0.328838
-0.112729,0.030723,0.325654
-0.113888,0.031621,0.327646
-0.114191,0.029196,0.328620
-0.116857,0.027093,0.326074
-0.117334,0.029266,0.324001
-0.120004,0.027270,0.325031
-0.120114,0.026578,0.324561
-0.122046,0.026811,0.325663
-0.122926,0.023964,0.324728
-0.122388,0.024486,0.322385
-0.123486,0.022728,0.321739
-0.123330,0.019735,0.322331
-0.127608,0.020042,0.320020
-0.127046,0.018162,0.318909
-0.130248,0.014854,0.319301
-0.131689,-0.021465,0.290190
-0.133007,-0.021244,0.288656
-0.131401,-0.022021,0.288491
-0.133456,-0.024226,0.287236
-0.134713,-0.025117,0.286523
-0.136464,-0.026173,0.285981
-0.136031,-0.028268,0.284246
-0.137802,-0.029933,0.283915
-0.139408,-0.031560,0.283022
-0.140665,-0.033292,0.280865
-0.141884,-0.033811,0.278793
-0.143390,-0.036206,0.278336
-0.144561,-0.036212,0.277058
-0.143945,-0.039359,0.276816
-0.146784,-0.040750,0.275550
-0.148022,-0.042972,0.272891
-0.147427,-0.042816,0.272389
-0.151063,-0.046386,0.272386
-0.152128,-0.048215,0.269706
-0.151888,-0.048459,0.269354
-0.154382,-0.049616,0.269901
-0.157263,-0.050913,0.268344
-0.157028,-0.054300,0.267716
-0.158857,-0.053584,0.266672
-0.157137,-0.054922,0.264886
-0.160386,-0.058710,0.263250
-0.158510,-0.060071,0.263046
-0.160743,-0.061458,0.261683
-0.162346,-0.065854,0.259625
-0.163118,-0.065360,0.255891
-0.167597,-0.066915,0.255668
-0.167216,-0.071574,0.253090
-0.167427,-0.070967,0.253883
-0.169015,-0.074090,0.251116
-0.171184,-0.074897,0.250747
-0.172136,-0.077906,0.249643
-0.172079,-0.078798,0.247377
-0.173082,-0.080766,0.244129
-0.175873,-0.084011,0.246102
-0.177415,-0.084996,0.242566
-0.178468,-0.084960,0.241575
-0.179458,-0.086395,0.241795
-0.179564,-0.089613,0.240726
-0.181138,-0.089256,0.239857
-0.184340,-0.093253,0.238647
-0.184389,-0.094432,0.236215
-0.183619,-0.095424,0.235847
-0.185947,-0.094613,0.234730
-0.188264,-0.096301,0.234781
-0.188011,-0.100170,0.232004
-0.189583,-0.100296,0.230767
-0.190956,-0.100314,0.229748
-0.191747,-0.101508,0.229844
-0.193275,-0.103036,0.229752
-0.194147,-0.104755,0.227552
-0.195731,-0.104379,0.227455
-0.195723,-0.105723,0.229323
-0.200057,-0.106905,0.228068
-0.199141,-0.107001,0.226099
-0.201169,-0.110220,0.225937
-0.203233,-0.110136,0.224873
-0.202678,-0.110757,0.223667
-0.204399,-0.112220,0.222753
-0.205967,-0.113114,0.219558
-0.205601,-0.114532,0.220127
-0.207521,-0.115278,0.220770
-0.208801,-0.116701,0.220467
-0.209764,-0.116725,0.220732
-0.212815,-0.119992,0.216218
-0.212796,-0.120670,0.218060
-0.216228,-0.122597,0.218284
-0.215528,-0.123989,0.215678
-0.217448,-0.125847,0.215053
-0.217799,-0.126138,0.212794
-0.218108,-0.126642,0.212761
-0.219597,-0.129228,0.210328
-0.222034,-0.128250,0.210966
-0.222657,-0.132362,0.209439
-0.225812,-0.132595,0.207577
-0.225599,-0.134291,0.206197
-0.228231,-0.136826,0.203076
-0.227785,-0.136902,0.206657
-0.231304,-0.139985,0.203757
-0.231266,-0.140329,0.200610
-0.231622,-0.142874,0.201369
-0.233363,-0.143105,0.200245
-0.234937,-0.147737,0.196097
-0.236760,-0.147469,0.196240
-0.235708,-0.149276,0.194701
-0.240024,-0.150647,0.192563
-0.240140,-0.153090,0.192910
-0.243479,-0.155866,0.192364
-0.241337,-0.156601,0.189584
-0.245552,-0.158878,0.190194
-0.245784,-0.164131,0.186550
-0.245575,-0.163043,0.185454
-0.248740,-0.166203,0.184290
-0.251960,-0.166873,0.182901
-0.250254,-0.169676,0.183623
-0.252625,-0.169772,0.181101
-0.253601,-0.172114,0.178850
-0.253610,-0.174910,0.176023
-0.256214,-0.176854,0.176140
-0.258833,-0.179206,0.175504
-0.258385,-0.178983,0.172413
-0.259721,-0.182801,0.172018
-0.262935,-0.185694,0.169139
-0.264295,-0.187233,0.167704
-0.263407,-0.189275,0.165924
-0.265179,-0.192602,0.166873
-0.266924,-0.193526,0.165177
-0.268315,-0.195766,0.162852
-0.270464,-0.196985,0.160981
-0.270948,-0.200340,0.159514
-0.272887,-0.201174,0.158017
-0.275083,-0.202951,0.155892
-0.275742,-0.207235,0.155593
-0.279059,-0.208176,0.153131
-0.278843,-0.211168,0.149613
-0.280181,-0.211897,0.148653
-0.283064,-0.214402,0.148160
-0.285394,-0.218085,0.147374
-0.285137,-0.220823,0.143116
-0.285110,-0.221585,0.141128
-0.284928,-0.223517,0.140169
-0.289267,-0.226636,0.137912
-0.288996,-0.228450,0.136625
-0.291565,-0.230988,0.135789
-0.291951,-0.233860,0.134435
-0.293265,-0.237291,0.132285
-0.295888,-0.238567,0.128470
-0.297758,-0.239300,0.128745
-0.299214,-0.243243,0.128250
-0.299783,-0.245862,0.126763
-0.301188,-0.248415,0.124347
-0.302025,-0.249508,0.123898
-0.301844,-0.251884,0.118948
-0.306030,-0.255949,0.117387
-0.308290,-0.260615,0.115399
-0.310431,-0.263699,0.112591
-0.311183,-0.265043,0.108456
-0.311940,-0.271329,0.106054
-0.314856,-0.274060,0.100942
-0.319416,-0.279214,0.101799
-0.318090,-0.282718,0.096036
0.080472,-0.022233,0.289448
0.078383,-0.018829,0.293623
0.079305,-0.016580,0.296470
0.077061,-0.011810,0.297022
0.072547,-0.010125,0.299492
0.073866,-0.006802,0.304255
0.073277,-0.005278,0.302249
0.071622,-0.003798,0.303139
0.068566,-0.000047,0.305149
0.070259,-0.000998,0.305390
0.067247,-0.001301,0.307436
0.066653,-0.001023,0.306082
0.066748,0.000575,0.307563
0.063123,0.002419,0.309455
0.063232,0.002461,0.308582
0.062068,0.002750,0.308844
0.059620,0.003878,0.308526
0.060981,0.002774,0.308154
0.058033,0.004023,0.310308
0.055980,0.003684,0.310847
0.057079,0.002953,0.309654
0.055047,0.004996,0.311462
0.053960,0.006644,0.310870
0.051911,0.006050,0.310145
0.052739,0.007447,0.311002
0.050625,0.007693,0.313306
0.048984,0.006578,0.311436
0.048529,0.008027,0.311953
0.046296,0.007673,0.314098
0.046999,0.008049,0.311901
0.043882,0.008758,0.311063
0.045196,0.008938,0.315116
0.043956,0.012299,0.314413
0.042623,0.010245,0.315956
0.041512,0.010556,0.314224
0.039147,0.010698,0.314810
0.039246,0.013337,0.314667
0.038121,0.011696,0.314155
0.035784,0.010818,0.314356
0.034071,0.012357,0.316155
0.032520,0.014229,0.315238
0.032245,0.011166,0.314909
0.032193,0.012030,0.315731
0.032016,0.013044,0.316643
0.028609,0.013311,0.317144
0.028921,0.015733,0.317794
0.027673,0.014552,0.315460
0.025423,0.014422,0.320396
0.025262,0.016480,0.317789
0.024434,0.014516,0.317870
0.021524,0.015171,0.316604
0.020480,0.016043,0.317319
0.021617,0.014976,0.319749
0.019822,0.015917,0.317919
0.018072,0.016017,0.319675
0.018162,0.016667,0.317977
0.015614,0.015773,0.316501
0.016192,0.016065,0.318276
0.013096,0.013157,0.319877
0.013261,0.014152,0.317094
0.010695,0.016905,0.318006
0.010337,0.015208,0.318382
0.008919,0.015325,0.318858
0.008050,0.016368,0.321047
0.008035,0.013783,0.319055
0.005151,0.015631,0.320181
0.005676,0.015258,0.318935
0.003247,0.016362,0.317742
0.003156,0.014276,0.317790
0.003828,0.015749,0.317819
0.001179,0.012448,0.316343
-0.000791,0.012182,0.316853
-0.001188,0.012691,0.316485
-0.002110,0.012166,0.316298
-0.003592,0.012411,0.314114
-0.005142,0.012523,0.313994
-0.005345,0.011405,0.314682
-0.005828,0.012332,0.316002
-0.006976,0.010701,0.313092
-0.009445,0.007880,0.315605
-0.009695,0.009041,0.312584
-0.011307,0.008911,0.311525
-0.009977,0.007700,0.312960
-0.013664,0.009316,0.314934
-0.012548,0.009588,0.314825
-0.015385,0.009708,0.314597
-0.014982,0.009948,0.315778
-0.017369,0.010235,0.312929
-0.019845,0.010903,0.315279
-0.019604,0.010629,0.314674
-0.019891,0.009392,0.317307
-0.022475,0.008762,0.312863
-0.022401,0.009997,0.314209
-0.022254,0.010264,0.315901
-0.023764,0.009733,0.314551
-0.024160,0.009661,0.313475
-0.024357,0.011432,0.314285
-0.026593,0.011583,0.315247
-0.029323,0.011924,0.316951
-0.030429,0.010501,0.316293
-0.031557,0.009941,0.317770
-0.033082,0.013579,0.315423
-0.034363,0.012440,0.313570
-0.035491,0.012968,0.317364
-0.036533,0.012478,0.314224
-0.037109,0.012241,0.317544
-0.037056,0.011620,0.317137
-0.040689,0.012558,0.316616
-0.039287,0.014825,0.319146
-0.043510,0.017008,0.318873
-0.042726,0.018015,0.318839
-0.044447,0.018906,0.321442
-0.042956,0.021095,0.320849
-0.045548,0.020966,0.324030
-0.046138,0.023129,0.323287
-0.048248,0.023110,0.324408
-0.047845,0.023195,0.326416
-0.050183,0.025041,0.326224
-0.051401,0.026133,0.325934
-0.053423,0.027499,0.326347
-0.054877,0.027463,0.326932
-0.056121,0.027826,0.329144
-0.054391,0.028078,0.326483
-0.057469,0.030546,0.328623
-0.059704,0.029953,0.328535
-0.059648,0.030392,0.328478
-0.059377,0.030548,0.329988
-0.059931,0.029519,0.328066
-0.064282,0.031793,0.329428
-0.064139,0.031241,0.327683
-0.063388,0.030854,0.330172
-0.065066,0.029624,0.328484
-0.065572,0.031284,0.329431
-0.068791,0.030512,0.330367
-0.067396,0.031474,0.331080
-0.070257,0.032602,0.332664
-0.070934,0.032035,0.332080
-0.072250,0.034107,0.330870
-0.073341,0.033119,0.334088
-0.071403,0.032811,0.330283
-0.073850,0.034503,0.332921
-0.076084,0.033604,0.332738
-0.074286,0.034794,0.333243
-0.080097,0.033973,0.331074
-0.079289,0.034453,0.330900
-0.080632,0.033166,0.331339
-0.081218,0.034694,0.331364
-0.082539,0.033580,0.331303
-0.083726,0.033676,0.330433
-0.084833,0.032729,0.331921
-0.085269,0.033377,0.332166
-0.087530,0.034011,0.331375
-0.085580,0.033069,0.331372
-0.089931,0.034237,0.330993
-0.090364,0.034922,0.332631
-0.089680,0.034015,0.332301
-0.092075,0.034430,0.332396
-0.093256,0.035261,0.332498
-0.096309,0.034790,0.333950
-0.093798,0.033457,0.330590
-0.096047,0.033367,0.334287
-0.098910,0.034119,0.331051
-0.097951,0.031909,0.330512
-0.101136,0.032666,0.331240
-0.099559,0.033545,0.329544
-0.099287,0.032812,0.330507
-0.103484,0.031206,0.332422
-0.104042,0.030359,0.330992
-0.103039,0.030452,0.330444
-0.105108,0.031268,0.330388
-0.107057,0.031856,0.329115
-0.107185,0.030597,0.326874
-0.110334,0.029552,0.328010
-0.111484,0.028454,0.329844
-0.111437,0.030318,0.329720
-0.110848,0.027951,0.326829
-0.113446,0.026462,0.329088
-0.115869,0.028339,0.327509
-0.115801,0.026816,0.327540
-0.117080,0.028213,0.327520
-0.116649,0.025142,0.326810
-0.120071,0.024391,0.323806
-0.120543,0.023612,0.322676
-0.121082,0.022012,0.322867
-0.121300,0.021165,0.323279
-0.122062,0.021274,0.322791
-0.126332,0.019546,0.322656
-0.125804,0.016521,0.319491
-0.126124,0.016413,0.319369
-0.129026,-0.020789,0.292425
-0.130356,-0.022114,0.290836
-0.131489,-0.022145,0.290554
-0.131726,-0.022778,0.289956
-0.133779,-0.023544,0.287640
-0.133743,-0.025765,0.288488
-0.133865,-0.027322,0.288221
-0.138446,-0.030660,0.287842
-0.137778,-0.029476,0.285871
-0.138789,-0.032821,0.284058
-0.141855,-0.031076,0.282267
-0.140495,-0.033438,0.281427
-0.142275,-0.037939,0.278681
-0.144630,-0.037126,0.277262
-0.144561,-0.039605,0.278217
-0.144782,-0.041088,0.278204
-0.146444,-0.043395,0.275963
-0.147630,-0.044293,0.274162
-0.149601,-0.046005,0.270388
-0.148468,-0.044965,0.271627
-0.149937,-0.047813,0.270832
-0.152650,-0.049970,0.269876
-0.153250,-0.052277,0.271689
-0.154408,-0.052457,0.269499
-0.154690,-0.054744,0.266638
-0.158226,-0.056333,0.266514
-0.160102,-0.059368,0.264306
-0.160236,-0.059110,0.265631
-0.162682,-0.062235,0.260597
-0.160442,-0.062604,0.260586
-0.163612,-0.065665,0.257619
-0.163452,-0.068128,0.256270
-0.166832,-0.069110,0.256435
-0.166531,-0.069756,0.254973
-0.168156,-0.074266,0.253503
-0.169242,-0.075316,0.252128
-0.171545,-0.077406,0.250885
-0.172026,-0.079227,0.247570
-0.172092,-0.081431,0.248468
-0.176060,-0.083128,0.243829
-0.175018,-0.082781,0.242915
-0.175879,-0.086862,0.243448
-0.179170,-0.088500,0.241377
-0.177106,-0.088094,0.240758
-0.180322,-0.091209,0.239845
-0.181011,-0.092348,0.240030
-0.182536,-0.091645,0.239939
-0.182913,-0.093671,0.236764
-0.186610,-0.095780,0.237343
-0.186232,-0.097756,0.236093
-0.187133,-0.098854,0.236224
-0.188430,-0.099215,0.234730
-0.191478,-0.100341,0.232339
-0.189469,-0.103863,0.232339
-0.192228,-0.100161,0.231268
-0.194028,-0.104582,0.232150
-0.194132,-0.104168,0.226939
-0.194712,-0.104639,0.227904
-0.198207,-0.106708,0.227625
-0.196933,-0.109524,0.226161
-0.198034,-0.107887,0.227163
-0.201291,-0.109791,0.226908
-0.202731,-0.111349,0.227398
-0.203757,-0.112814,0.225352
-0.204878,-0.111607,0.224727
-0.207156,-0.114063,0.224674
-0.206228,-0.114720,0.222186
-0.209649,-0.116827,0.221268
-0.209549,-0.117507,0.221178
-0.211015,-0.117535,0.220744
-0.210267,-0.119556,0.220482
-0.212046,-0.122369,0.217833
-0.215942,-0.121042,0.217503
-0.215748,-0.121734,0.216118
-0.217998,-0.124503,0.215814
-0.217693,-0.125951,0.214774
-0.220789,-0.129149,0.213644
-0.218727,-0.128883,0.213296
-0.222145,-0.130107,0.211225
-0.223900,-0.131982,0.209775
-0.227766,-0.133688,0.208954
-0.226597,-0.136581,0.207196
-0.228710,-0.137181,0.206500
-0.227258,-0.138107,0.203979
-0.229599,-0.139797,0.202009
-0.229379,-0.142106,0.202888
-0.232697,-0.142505,0.200957
-0.233145,-0.147245,0.200467
-0.233868,-0.146535,0.197935
-0.236426,-0.149668,0.198066
-0.237916,-0.151633,0.197565
-0.238730,-0.153121,0.195752
-0.239344,-0.155015,0.194635
-0.241473,-0.155125,0.191492
-0.242106,-0.158069,0.191448
-0.244207,-0.158371,0.188832
-0.244902,-0.161353,0.189816
-0.246645,-0.161979,0.186995
-0.248645,-0.164784,0.183393
-0.249422,-0.165253,0.184051
-0.250688,-0.171450,0.183138
-0.251519,-0.172102,0.180613
-0.253484,-0.174394,0.178809
-0.256439,-0.175467,0.177585
-0.258511,-0.178313,0.177427
-0.258120,-0.179310,0.174816
-0.260213,-0.181586,0.172089
-0.260118,-0.184029,0.174235
-0.262743,-0.185215,0.169807
-0.262851,-0.187023,0.167413
-0.266206,-0.188750,0.168284
-0.267239,-0.192058,0.164676
-0.267978,-0.193572,0.163789
-0.269277,-0.195271,0.163590
-0.270568,-0.197746,0.160480
-0.268404,-0.198912,0.160505
-0.271691,-0.200843,0.159625
-0.274240,-0.204579,0.156987
-0.276977,-0.207474,0.153594
-0.277093,-0.208961,0.152640
-0.276943,-0.210166,0.152093
-0.278317,-0.212553,0.150014
-0.281421,-0.214492,0.149490
-0.282864,-0.218430,0.147926
-0.285018,-0.219899,0.145821
-0.285882,-0.220994,0.144263
-0.288591,-0.225837,0.142262
-0.288849,-0.225507,0.141753
-0.291474,-0.229997,0.138816
-0.290819,-0.231944,0.136733
-0.293485,-0.230663,0.135371
-0.293949,-0.234818,0.133739
-0.296743,-0.239611,0.130505
-0.295589,-0.240838,0.131984
-0.298128,-0.244286,0.128092
-0.300917,-0.245039,0.126900
-0.301325,-0.247307,0.126158
-0.299730,-0.250225,0.122587
-0.306738,-0.252623,0.122888
-0.305625,-0.256063,0.119053
-0.308000,-0.259092,0.116914
-0.308621,-0.262886,0.114521
-0.310312,-0.264854,0.111315
-0.314848,-0.270915,0.109122
-0.315368,-0.274353,0.105458
-0.318217,-0.275669,0.101642
-0.319380,-0.282809,0.098703
0.079724,-0.025338,0.290349
0.079589,-0.019284,0.295067
0.077503,-0.016569,0.295568
0.075939,-0.012886,0.298854
0.073305,-0.008447,0.298586
0.072814,-0.009681,0.303045
0.069432,-0.005279,0.305440
0.070230,-0.004893,0.304419
0.068333,-0.004598,0.304881
0.067606,0.000113,0.306722
0.065714,-0.000419,0.308817
0.065741,-0.001630,0.308289
0.067002,0.000053,0.307962
0.063389,-0.000175,0.308519
0.063956,0.002016,0.308165
0.063518,0.000462,0.310933
0.060463,0.003608,0.308290
0.059172,0.002537,0.309119
0.056957,0.001273,0.311252
0.057008,0.001799,0.309541
0.055585,0.002159,0.309749
0.054700,0.005739,0.310683
0.054110,0.002953,0.312572
0.053598,0.003866,0.312552
0.050025,0.004221,0.311776
0.049361,0.003597,0.311695
0.044835,0.005090,0.313518
0.047419,0.005833,0.312296
0.047328,0.007111,0.315603
0.045502,0.006262,0.314274
0.044007,0.007900,0.314384
0.040790,0.006293,0.313341
0.041724,0.009005,0.315769
0.041036,0.007311,0.314461
0.039955,0.008153,0.314571
0.037668,0.008727,0.315278
0.036937,0.008625,0.316441
0.034642,0.012062,0.317066
0.033837,0.009676,0.315962
0.034690,0.010798,0.316592
0.031658,0.008869,0.318576
0.030563,0.013079,0.317406
0.029910,0.011216,0.317369
0.029933,0.012270,0.317386
0.028186,0.011697,0.316202
0.026796,0.011410,0.317992
0.025579,0.011506,0.316798
0.024916,0.012949,0.319673
0.025027,0.013681,0.319054
0.022670,0.014503,0.318912
0.021782,0.014674,0.316852
0.019302,0.013714,0.318794
0.019558,0.012678,0.318137
0.018189,0.014152,0.319808
0.016698,0.013684,0.317609
0.016391,0.014336,0.318156
0.013759,0.014542,0.318469
0.011496,0.013365,0.319301
0.012498,0.014538,0.317525
0.009952,0.011902,0.318115
0.011350,0.015074,0.319899
0.010216,0.014415,0.318308
0.008822,0.015041,0.317798
0.007634,0.011897,0.319204
0.006784,0.012959,0.319260
0.004958,0.012714,0.317307
0.006111,0.012399,0.317942
0.003324,0.011350,0.318065
0.001537,0.012325,0.316921
0.001263,0.011043,0.316462
-0.000673,0.011023,0.315996
-0.001787,0.008904,0.316784
-0.002139,0.008751,0.317649
-0.004658,0.006735,0.317767
-0.005168,0.008936,0.315437
-0.004786,0.007784,0.314936
-0.008776,0.008429,0.314719
-0.005535,0.008589,0.315276
-0.008735,0.005822,0.313501
-0.009642,0.006772,0.313478
-0.009596,0.006564,0.314862
-0.011288,0.006044,0.314112
-0.014351,0.005061,0.313879
-0.013859,0.007470,0.311863
-0.015541,0.005133,0.313899
-0.017019,0.007838,0.313643
-0.017211,0.007188,0.313982
-0.017982,0.008162,0.313495
-0.019665,0.008301,0.314888
-0.020580,0.008743,0.314041
-0.020393,0.008600,0.313946
-0.023921,0.008101,0.315746
-0.025725,0.007309,0.314417
-0.024042,0.008243,0.314876
-0.024372,0.008713,0.316307
-0.025309,0.007425,0.316036
-0.028049,0.009265,0.316432
-0.028392,0.009499,0.314516
-0.029825,0.007610,0.315327
-0.032057,0.009760,0.315097
-0.032465,0.009523,0.316033
-0.035522,0.008806,0.314257
-0.036746,0.011975,0.313955
-0.036292,0.008245,0.314142
-0.038244,0.009778,0.313713
-0.037129,0.010229,0.314783
-0.041067,0.010433,0.316592
-0.040956,0.009094,0.316792
-0.043024,0.012357,0.317251
-0.043361,0.012285,0.318314
-0.043734,0.014845,0.319070
-0.044932,0.017717,0.319308
-0.045930,0.018772,0.321852
-0.047866,0.016837,0.323235
-0.049214,0.021423,0.324343
-0.046531,0.021641,0.324203
-0.050200,0.021699,0.325082
-0.052526,0.024982,0.325708
-0.053827,0.024954,0.325076
-0.054299,0.024934,0.326020
-0.053637,0.026823,0.328869
-0.055013,0.025156,0.328712
-0.057000,0.027595,0.326920
-0.057395,0.027731,0.327091
-0.059936,0.027296,0.328888
-0.060106,0.027787,0.328459
-0.060665,0.028794,0.331186
-0.063833,0.028961,0.330694
-0.061936,0.028512,0.330547
-0.065233,0.028757,0.329851
-0.063365,0.028894,0.328747
-0.064927,0.029763,0.329617
-0.067402,0.030613,0.329643
-0.066415,0.028021,0.331133
-0.071823,0.029462,0.330733
-0.071192,0.030415,0.332127
-0.071127,0.031057,0.332894
-0.073616,0.030298,0.330960
-0.072767,0.031134,0.331186
-0.076926,0.031186,0.332494
-0.076675,0.030536,0.330474
-0.076512,0.031340,0.330871
-0.077710,0.031826,0.332461
-0.078400,0.031686,0.331560
-0.079965,0.032404,0.329729
-0.080603,0.031157,0.329722
-0.082806,0.031252,0.331542
-0.082322,0.031365,0.331667
-0.085414,0.031663,0.331867
-0.086530,0.031258,0.330977
-0.086004,0.031164,0.332914
-0.088179,0.033038,0.332666
-0.087597,0.031603,0.332567
-0.090504,0.031040,0.333511
-0.090593,0.032682,0.333815
-0.093068,0.031654,0.332089
-0.093053,0.031158,0.332030
-0.095689,0.032472,0.333235
-0.094475,0.031919,0.331452
-0.094960,0.033009,0.331962
-0.097640,0.030239,0.331799
-0.099331,0.031755,0.333127
-0.099898,0.029633,0.331433
-0.101416,0.029697,0.330647
-0.101307,0.030025,0.329475
-0.102944,0.027563,0.330832
-0.103344,0.029940,0.328035
-0.105057,0.028657,0.331329
-0.103949,0.031862,0.330324
-0.108805,0.029787,0.328245
-0.108238,0.027618,0.328237
-0.109353,0.026651,0.329146
-0.109722,0.026552,0.329131
-0.111029,0.026906,0.328837
-0.114444,0.026618,0.326080
-0.113138,0.027914,0.327447
-0.113393,0.024499,0.326549
-0.116783,0.024937,0.327475
-0.116060,0.025344,0.325600
-0.118201,0.022433,0.325576
-0.118520,0.022181,0.323398
-0.117698,0.021042,0.321650
-0.121584,0.021983,0.322365
-0.124235,0.018954,0.323430
-0.123483,0.017294,0.320061
-0.124763,0.015126,0.320386
-0.127678,-0.023850,0.293186
-0.127205,-0.020708,0.292379
-0.129439,-0.023040,0.292264
-0.131636,-0.022776,0.289633
-0.129551,-0.023361,0.290438
-0.130893,-0.025888,0.290157
-0.132615,-0.026642,0.288718
-0.135402,-0.027374,0.288660
-0.136946,-0.029877,0.287047
-0.136161,-0.030509,0.286112
-0.135541,-0.032880,0.284000
-0.138594,-0.034599,0.283415
-0.139453,-0.035753,0.281479
-0.140486,-0.036289,0.280656
-0.141422,-0.038466,0.279878
-0.143048,-0.042202,0.279971
-0.144608,-0.041501,0.277286
-0.144855,-0.042299,0.276172
-0.146685,-0.044173,0.275728
-0.148011,-0.046981,0.275547
-0.148739,-0.047827,0.273460
-0.152058,-0.049340,0.273918
-0.151953,-0.050661,0.271379
-0.151611,-0.051994,0.269077
-0.152558,-0.053273,0.269858
-0.156439,-0.056135,0.268112
-0.155309,-0.056159,0.263980
-0.158198,-0.058536,0.266728
-0.156810,-0.061575,0.262384
-0.161200,-0.062631,0.263464
-0.160607,-0.063142,0.262895
-0.162105,-0.066144,0.260071
-0.164393,-0.068797,0.258427
-0.163167,-0.070864,0.257902
-0.166054,-0.070550,0.255558
-0.167450,-0.075074,0.254572
-0.168973,-0.075403,0.251618
-0.169074,-0.077683,0.250917
-0.171680,-0.078616,0.251237
-0.172306,-0.081960,0.249513
-0.174131,-0.082623,0.247476
-0.173422,-0.083203,0.245247
-0.173387,-0.086785,0.244413
-0.177225,-0.088953,0.246081
-0.179301,-0.090290,0.245094
-0.179689,-0.090749,0.241148
-0.181141,-0.091736,0.239340
-0.181646,-0.093965,0.239423
-0.183640,-0.094924,0.239160
-0.182780,-0.095857,0.236662
-0.185591,-0.098918,0.237836
-0.185947,-0.097755,0.236423
-0.187456,-0.096864,0.237036
-0.188063,-0.102032,0.232389
-0.189378,-0.101973,0.234690
-0.191410,-0.103856,0.232262
-0.192486,-0.103987,0.231902
-0.193811,-0.105645,0.232006
-0.195395,-0.105257,0.230852
-0.197105,-0.108559,0.230176
-0.196314,-0.108276,0.229840
-0.200127,-0.107823,0.228584
-0.197633,-0.110787,0.227148
-0.201322,-0.108631,0.227147
-0.202900,-0.108770,0.226659
-0.202423,-0.113676,0.223935
-0.205300,-0.113209,0.223998
-0.206544,-0.114818,0.223714
-0.205923,-0.115738,0.223568
-0.207372,-0.118859,0.221271
-0.209051,-0.118931,0.221815
-0.210380,-0.121028,0.221404
-0.212434,-0.121179,0.220749
-0.213415,-0.121761,0.221430
-0.212947,-0.122587,0.218131
-0.215043,-0.122857,0.216506
-0.217579,-0.126283,0.216727
-0.218109,-0.127089,0.215717
-0.221154,-0.126443,0.211870
-0.220917,-0.131094,0.213682
-0.221229,-0.131865,0.212721
-0.220398,-0.132804,0.210258
-0.225292,-0.135177,0.210545
-0.226365,-0.135481,0.209835
-0.226846,-0.137727,0.208772
-0.227878,-0.138792,0.206831
-0.230642,-0.140714,0.206514
-0.229672,-0.143374,0.205384
-0.232562,-0.145987,0.202816
-0.234161,-0.147418,0.201687
-0.234162,-0.148837,0.199302
-0.239097,-0.148793,0.198075
-0.236878,-0.151759,0.199547
-0.239091,-0.154592,0.196155
-0.239776,-0.155848,0.195212
-0.242265,-0.158078,0.191756
-0.243158,-0.159380,0.193326
-0.245530,-0.159257,0.189808
-0.246348,-0.163169,0.189422
-0.247084,-0.164693,0.187375
-0.247376,-0.165836,0.186528
-0.251149,-0.166685,0.184051
-0.251829,-0.169817,0.184461
-0.251622,-0.170894,0.180278
-0.253841,-0.174813,0.178012
-0.254470,-0.175725,0.181186
-0.256430,-0.178678,0.178535
-0.257351,-0.179958,0.176277
-0.260662,-0.182239,0.173988
-0.260401,-0.185476,0.174615
-0.261250,-0.186828,0.172492
-0.263426,-0.187602,0.170201
-0.264051,-0.191788,0.169784
-0.268896,-0.191829,0.167458
-0.266700,-0.192708,0.164981
-0.270373,-0.197045,0.163923
-0.271857,-0.199449,0.164646
-0.270804,-0.200695,0.159953
-0.272740,-0.201460,0.160159
-0.274977,-0.204980,0.162089
-0.277616,-0.207331,0.158213
-0.276156,-0.208138,0.155996
-0.277495,-0.211383,0.155063
-0.278783,-0.212770,0.150969
-0.283126,-0.215434,0.148908
-0.283818,-0.218616,0.148588
-0.284306,-0.220536,0.146358
-0.287906,-0.223746,0.146912
-0.287327,-0.224960,0.144441
-0.288752,-0.226462,0.141771
-0.290510,-0.228658,0.140584
-0.289946,-0.231332,0.138600
-0.292308,-0.231922,0.137677
-0.294348,-0.234983,0.134851
-0.295927,-0.237675,0.133899
-0.299423,-0.241606,0.132524
-0.298042,-0.243500,0.128966
-0.299894,-0.246006,0.128885
-0.303153,-0.249344,0.127051
-0.303669,-0.250174,0.126097
-0.306279,-0.252572,0.123030
-0.306426,-0.256104,0.122088
-0.308485,-0.257494,0.118450
-0.309476,-0.262220,0.116702
-0.311437,-0.263427,0.114175
-0.312501,-0.270056,0.111496
-0.315161,-0.272094,0.109340
-0.315738,-0.276321,0.106718
-0.318108,-0.281257,0.101828
0.078237,-0.024935,0.292459
0.076000,-0.020324,0.294021
0.074913,-0.017368,0.296421
0.074985,-0.015891,0.299529
0.072824,-0.011831,0.299853
0.071032,-0.010037,0.302136
0.071235,-0.007800,0.303569
0.069909,-0.007273,0.305539
0.067972,-0.004735,0.305453
0.065517,-0.005590,0.306635
0.065799,-0.004418,0.307343
0.063457,-0.002566,0.306415
0.063132,-0.001136,0.309875
0.060761,-0.001171,0.308824
0.061728,-0.001899,0.308317
0.061471,-0.000360,0.311496
0.057572,0.000540,0.309089
0.057344,0.000703,0.311352
0.057297,0.000295,0.309919
0.056402,0.001170,0.310576
0.054019,0.001083,0.312658
0.053203,0.001528,0.310572
0.051283,0.003201,0.312689
0.050726,0.003063,0.313088
0.049003,0.002578,0.312143
0.047167,0.002878,0.314369
0.048660,0.004865,0.312445
0.046372,0.005418,0.312757
0.043753,0.005711,0.314328
0.043316,0.006205,0.313830
0.043246,0.006000,0.314367
0.041106,0.006359,0.315908
0.041064,0.005983,0.316491
0.039180,0.007315,0.315591
0.038660,0.007603,0.317548
0.036830,0.007435,0.316284
0.034447,0.006389,0.314908
0.033945,0.009617,0.317242
0.036663,0.009644,0.315602
0.034106,0.009554,0.316291
0.031722,0.008259,0.316044
0.028466,0.008999,0.317256
0.029066,0.010647,0.317793
0.026038,0.008707,0.317432
0.028544,0.008574,0.317061
0.025408,0.009088,0.317539
0.024492,0.010348,0.317196
0.024946,0.012284,0.317074
0.022672,0.010416,0.317042
0.020760,0.008834,0.317764
0.022317,0.012088,0.319843
0.019796,0.011293,0.318268
0.018090,0.012998,0.318551
0.018266,0.011697,0.318605
0.018164,0.011545,0.318693
0.015191,0.010648,0.319501
0.014745,0.011702,0.320768
0.012929,0.011117,0.320311
0.013447,0.011136,0.318440
0.010834,0.012032,0.317813
0.008858,0.012058,0.319079
0.009600,0.012121,0.320439
0.008649,0.011476,0.317086
0.006123,0.010326,0.319593
0.006067,0.012618,0.318903
0.004926,0.010540,0.317169
0.003934,0.011139,0.319636
0.002433,0.010166,0.316612
0.002231,0.010624,0.317684
0.001004,0.009047,0.316319
0.000627,0.009909,0.316450
-0.002112,0.007256,0.315980
-0.002402,0.007807,0.316589
-0.004696,0.007194,0.314923
-0.006140,0.007659,0.316368
-0.006523,0.005577,0.315978
-0.007364,0.005524,0.315475
-0.007397,0.005688,0.313210
-0.008788,0.004936,0.313760
-0.010213,0.003729,0.314658
-0.012000,0.002645,0.312634
-0.013288,0.003855,0.310616
-0.014350,0.001918,0.313576
-0.014775,0.003731,0.312729
-0.017201,0.005148,0.313459
-0.016373,0.005318,0.312249
-0.017555,0.002966,0.313050
-0.018761,0.005475,0.313796
-0.019760,0.006385,0.311733
-0.020626,0.006162,0.313629
-0.023069,0.002940,0.314514
-0.024138,0.005928,0.314796
-0.025956,0.005757,0.315614
-0.024716,0.004572,0.314769
-0.025789,0.005669,0.314657
-0.027698,0.006234,0.316146
-0.030492,0.006678,0.314680
-0.029291,0.005641,0.314577
-0.031809,0.007527,0.314344
-0.032764,0.007169,0.315314
-0.032134,0.005550,0.315202
-0.034252,0.008137,0.315862
-0.036481,0.007240,0.315236
-0.037259,0.006537,0.314637
-0.038729,0.007734,0.316348
-0.038505,0.005645,0.313519
-0.039744,0.007079,0.316706
-0.041336,0.008304,0.316844
-0.042969,0.013360,0.315971
-0.041980,0.010021,0.317059
-0.045572,0.010743,0.320325
-0.044552,0.012136,0.317754
-0.047170,0.013526,0.321111
-0.048007,0.011864,0.320617
-0.050078,0.012482,0.321033
-0.051364,0.018443,0.322133
-0.050272,0.020701,0.324366
-0.051249,0.020272,0.326108
-0.054604,0.022291,0.324404
-0.054171,0.022635,0.326957
-0.055420,0.023448,0.326833
-0.055446,0.025349,0.327905
-0.057805,0.024010,0.326894
-0.059312,0.026120,0.328120
-0.059630,0.025548,0.328843
-0.060428,0.024512,0.330087
-0.061730,0.026231,0.327624
-0.062426,0.025639,0.329760
-0.062746,0.025825,0.327117
-0.064243,0.026077,0.329057
-0.065521,0.027644,0.329058
-0.067735,0.028837,0.330033
-0.068510,0.029505,0.330198
-0.069526,0.029908,0.330832
-0.069724,0.029584,0.331236
-0.072663,0.029928,0.329757
-0.073949,0.026979,0.332261
-0.073440,0.029107,0.331018
-0.075256,0.027613,0.332438
-0.076167,0.029306,0.330344
-0.076576,0.029127,0.332179
-0.077298,0.027281,0.331370
-0.080220,0.030370,0.330748
-0.080637,0.030678,0.331137
-0.080488,0.030286,0.332334
-0.082138,0.029740,0.333059
-0.083589,0.029208,0.331374
-0.085767,0.029586,0.333025
-0.084307,0.030204,0.332646
-0.089007,0.030427,0.331004
-0.088829,0.031243,0.334434
-0.090023,0.030935,0.331338
-0.090416,0.028261,0.331817
-0.090136,0.028563,0.333507
-0.091940,0.029825,0.332126
-0.091007,0.029049,0.330749
-0.096336,0.028807,0.330839
-0.096923,0.031307,0.329772
-0.096779,0.027496,0.331652
-0.097176,0.029251,0.332173
-0.098509,0.030057,0.331314
-0.099563,0.029507,0.331864
-0.100672,0.028040,0.330797
-0.101672,0.027724,0.329818
-0.104151,0.029451,0.330806
-0.104294,0.025611,0.329695
-0.105425,0.024949,0.329335
-0.104712,0.026200,0.332523
-0.107212,0.026429,0.329392
-0.108353,0.025672,0.328559
-0.110334,0.024249,0.328146
-0.110354,0.023783,0.328285
-0.110669,0.024470,0.327209
-0.113426,0.024557,0.328210
-0.113768,0.022717,0.327226
-0.113410,0.021529,0.327620
-0.117082,0.022022,0.327727
-0.119757,0.020406,0.325535
-0.116642,0.021024,0.323772
-0.117530,0.017664,0.323490
-0.120573,0.018579,0.323025
-0.122300,0.015719,0.321326
-0.124111,0.016914,0.321024
-0.125499,0.012922,0.322456
-0.125477,-0.022505,0.293920
-0.126958,-0.022716,0.292711
-0.127658,-0.022700,0.293865
-0.128431,-0.025612,0.291815
-0.130341,-0.023537,0.290680
-0.130743,-0.026629,0.292444
-0.131603,-0.027915,0.290516
-0.132403,-0.029375,0.287079
-0.133943,-0.029341,0.286838
-0.133959,-0.031597,0.286252
-0.136496,-0.032520,0.285618
-0.136729,-0.036645,0.284615
-0.138184,-0.037454,0.282150
-0.141191,-0.037874,0.282180
-0.141059,-0.039418,0.281506
-0.142147,-0.041886,0.280048
-0.144449,-0.042954,0.279209
-0.144008,-0.043507,0.275748
-0.144421,-0.045092,0.276896
-0.147002,-0.046342,0.274494
-0.147721,-0.048711,0.277176
-0.150197,-0.049654,0.273769
-0.150578,-0.050814,0.273095
-0.149333,-0.050976,0.270457
-0.153723,-0.052305,0.269357
-0.151493,-0.056086,0.269198
-0.156168,-0.058032,0.267642
-0.156253,-0.061306,0.268617
-0.156968,-0.060614,0.266329
-0.160213,-0.063464,0.264463
-0.160157,-0.064116,0.262633
-0.160091,-0.068051,0.262267
-0.163565,-0.068568,0.260261
-0.164655,-0.069344,0.260364
-0.163736,-0.071499,0.257371
-0.166784,-0.071977,0.256819
-0.165827,-0.076662,0.255005
-0.168132,-0.076718,0.252925
-0.170599,-0.078449,0.252631
-0.170931,-0.080577,0.250643
-0.171760,-0.084839,0.250365
-0.173955,-0.084898,0.247345
-0.173947,-0.087066,0.245003
-0.176097,-0.087785,0.246327
-0.177044,-0.090902,0.245212
-0.179545,-0.090041,0.242768
-0.179984,-0.093050,0.243550
-0.179858,-0.093856,0.242478
-0.183134,-0.095540,0.240589
-0.182972,-0.095615,0.238824
-0.183768,-0.097330,0.238299
-0.184990,-0.097923,0.238686
-0.186434,-0.098965,0.234474
-0.187222,-0.101586,0.237736
-0.188365,-0.101349,0.236239
-0.188969,-0.104174,0.233890
-0.190342,-0.103865,0.234908
-0.191959,-0.104891,0.235685
-0.193737,-0.105724,0.231400
-0.193407,-0.107757,0.231497
-0.195927,-0.108687,0.229713
-0.197752,-0.108959,0.229526
-0.198766,-0.110007,0.229265
-0.199378,-0.113805,0.228604
-0.202352,-0.115165,0.228498
-0.202425,-0.114078,0.226865
-0.201510,-0.115516,0.225234
-0.204875,-0.115505,0.225314
-0.205041,-0.117093,0.224772
-0.209053,-0.117428,0.221390
-0.208141,-0.118765,0.222958
-0.207670,-0.118551,0.221746
-0.211992,-0.120632,0.222367
-0.212502,-0.121987,0.221485
-0.214807,-0.122726,0.220037
-0.213806,-0.123767,0.220437
-0.216629,-0.126195,0.217741
-0.216165,-0.127402,0.217769
-0.218422,-0.126806,0.217267
-0.218310,-0.130361,0.215019
-0.220450,-0.130212,0.214109
-0.222508,-0.132845,0.213097
-0.222289,-0.132477,0.211782
-0.226073,-0.135260,0.209221
-0.223441,-0.138143,0.209079
-0.227691,-0.138662,0.207646
-0.227787,-0.141215,0.205889
-0.229302,-0.141208,0.204324
-0.230672,-0.143909,0.204880
-0.232690,-0.145835,0.204173
-0.235052,-0.147821,0.202520
-0.234788,-0.147915,0.202377
-0.235848,-0.149494,0.197376
-0.238906,-0.153315,0.196868
-0.239614,-0.153991,0.195856
-0.240934,-0.155943,0.196425
-0.240504,-0.158886,0.194469
-0.242862,-0.159433,0.194524
-0.245522,-0.160006,0.191445
-0.245261,-0.166270,0.190995
-0.246861,-0.165736,0.189239
-0.247984,-0.166577,0.187289
-0.250312,-0.168316,0.183343
-0.251105,-0.170447,0.185372
-0.251677,-0.172621,0.182974
-0.253846,-0.174395,0.181566
-0.254673,-0.175648,0.181509
-0.257266,-0.178383,0.178007
-0.256796,-0.180772,0.176751
-0.258605,-0.181572,0.175876
-0.260654,-0.186192,0.174379
-0.263251,-0.187170,0.173087
-0.262549,-0.189035,0.169714
-0.263448,-0.191855,0.169179
-0.265556,-0.192574,0.168177
-0.268124,-0.193325,0.167892
-0.267223,-0.198007,0.166331
-0.268540,-0.198513,0.163929
-0.271925,-0.201351,0.162056
-0.272077,-0.202662,0.161540
-0.273818,-0.203886,0.159421
-0.276357,-0.207466,0.159007
-0.277599,-0.209308,0.155924
-0.279592,-0.212504,0.155529
-0.279658,-0.214997,0.153847
-0.282366,-0.213925,0.152160
-0.283274,-0.217958,0.151535
-0.283939,-0.220346,0.147520
-0.285900,-0.223971,0.146018
-0.287460,-0.223421,0.145675
-0.286430,-0.227522,0.145899
-0.289220,-0.230455,0.141716
-0.289864,-0.231969,0.140641
-0.292880,-0.235011,0.137321
-0.296349,-0.236811,0.138269
-0.295751,-0.238872,0.137104
-0.297980,-0.241440,0.134694
-0.299963,-0.245090,0.131572
-0.300912,-0.247242,0.131321
-0.303245,-0.248208,0.128040
-0.303816,-0.250154,0.128093
-0.303423,-0.255309,0.125181
-0.304276,-0.256457,0.123825
-0.306971,-0.258021,0.121251
-0.308826,-0.260307,0.117862
-0.311243,-0.266276,0.117016
-0.312405,-0.267395,0.113458
-0.312678,-0.270966,0.110524
-0.313231,-0.275836,0.109851
-0.317174,-0.278300,0.107906
-0.319099,-0.284179,0.103863
0.076849,-0.025687,0.290761
0.075670,-0.019762,0.293708
0.073219,-0.019503,0.296222
0.072116,-0.016248,0.299409
0.070609,-0.013187,0.302324
0.069213,-0.010357,0.303550
0.068135,-0.010614,0.305255
0.067520,-0.008177,0.305639
0.066470,-0.008819,0.306333
0.065457,-0.005466,0.309072
0.064191,-0.005992,0.307635
0.063550,-0.004759,0.308097
0.061101,-0.003587,0.309092
0.059989,-0.001905,0.310389
0.057623,-0.003430,0.310214
0.058408,-0.001799,0.310665
0.055409,-0.002198,0.309231
0.055345,-0.002348,0.311150
0.057225,-0.001121,0.312224
0.053403,-0.001174,0.312115
0.051710,-0.000177,0.313458
0.050464,0.000163,0.312341
0.051214,0.003006,0.311285
0.048215,0.002838,0.313102
0.048148,0.003171,0.312399
0.048387,0.002491,0.311295
0.045438,0.002733,0.313580
0.045696,0.002704,0.314294
0.046428,0.002894,0.315367
0.042888,0.004456,0.315177
0.042752,0.005066,0.316696
0.039946,0.005222,0.315740
0.041768,0.006461,0.314581
0.041218,0.007408,0.316399
0.036743,0.007081,0.317108
0.035109,0.007327,0.314875
0.036986,0.006178,0.316833
0.034651,0.006751,0.319114
0.032810,0.007300,0.316541
0.032840,0.008139,0.317403
0.030637,0.008137,0.317308
0.029839,0.008149,0.316186
0.029775,0.009564,0.317947
0.027818,0.008836,0.317376
0.026414,0.006579,0.318347
0.026299,0.009584,0.320635
0.024102,0.009871,0.317971
0.022451,0.009481,0.318197
0.023485,0.010415,0.318010
0.020652,0.010118,0.318656
0.017006,0.011331,0.320480
0.018270,0.010551,0.318080
0.017925,0.008723,0.318546
0.015369,0.011302,0.319902
0.014611,0.009684,0.318726
0.012971,0.008728,0.318585
0.013693,0.009550,0.317951
0.014084,0.011278,0.317677
0.012588,0.010103,0.318523
0.010681,0.011378,0.318272
0.008291,0.008657,0.318253
0.007650,0.009501,0.317972
0.005760,0.010574,0.319160
0.006124,0.007989,0.317458
0.003094,0.008067,0.318552
0.004966,0.007887,0.318096
0.001646,0.007633,0.317392
0.001350,0.007847,0.318158
-0.001334,0.006335,0.316340
-0.001483,0.005763,0.316885
0.000290,0.006601,0.317981
-0.003497,0.004565,0.317287
-0.002471,0.007918,0.316013
-0.006006,0.004014,0.313166
-0.008275,0.003270,0.314725
-0.005233,0.002252,0.313698
-0.007715,0.003491,0.313553
-0.009017,0.001652,0.313336
-0.008616,0.001628,0.313001
-0.011491,0.001652,0.315600
-0.013176,0.001514,0.311833
-0.014091,0.000155,0.311969
-0.014358,0.000496,0.312067
-0.015976,0.001251,0.313004
-0.017531,0.000452,0.312912
-0.019218,0.002178,0.311467
-0.019686,0.002628,0.313304
-0.019467,0.002250,0.313297
-0.020479,0.002397,0.313545
-0.023173,0.002658,0.314612
-0.024324,0.002885,0.313424
-0.025502,0.003454,0.314445
-0.024518,0.004665,0.314772
-0.028200,0.002994,0.312685
-0.028346,0.002927,0.315804
-0.029680,0.003682,0.313344
-0.029375,0.004400,0.314658
-0.031317,0.003714,0.316778
-0.033474,0.003407,0.313812
-0.031379,0.004953,0.315377
-0.034808,0.002805,0.314585
-0.036017,0.004841,0.315174
-0.036810,0.002404,0.313360
-0.038716,0.004353,0.315104
-0.037012,0.005645,0.314736
-0.040293,0.003660,0.315158
-0.040908,0.002319,0.315784
-0.042001,0.004094,0.313923
-0.042701,0.005614,0.314087
-0.044067,0.006298,0.316080
-0.044743,0.006251,0.316779
-0.044634,0.006458,0.316493
-0.045653,0.007130,0.317901
-0.049649,0.007843,0.317399
-0.049149,0.008858,0.317749
-0.050636,0.010859,0.317461
-0.053239,0.015244,0.323062
-0.053161,0.018015,0.322961
-0.055101,0.019259,0.324604
-0.055353,0.019340,0.325902
-0.055837,0.021684,0.325963
-0.057848,0.020838,0.326666
-0.059631,0.022305,0.329366
-0.058425,0.023189,0.328191
-0.060798,0.023324,0.328876
-0.062329,0.023622,0.329010
-0.064076,0.023914,0.329273
-0.062590,0.026009,0.328578
-0.064087,0.025843,0.328375
-0.068248,0.025081,0.329187
-0.069014,0.026411,0.330386
-0.068679,0.027901,0.329573
-0.068987,0.025726,0.331072
-0.069245,0.025181,0.330800
-0.072623,0.026111,0.329438
-0.072824,0.025102,0.332776
-0.072023,0.027184,0.332747
-0.074259,0.027455,0.332404
-0.077386,0.027095,0.329555
-0.075784,0.028143,0.331729
-0.078151,0.025542,0.331916
-0.080168,0.027650,0.331090
-0.078525,0.025933,0.333436
-0.080690,0.027112,0.330469
-0.079718,0.029401,0.332847
-0.084824,0.026667,0.333525
-0.084479,0.028090,0.332529
-0.085169,0.028441,0.332880
-0.085407,0.027360,0.332287
-0.088038,0.027396,0.333961
-0.090184,0.026631,0.329672
-0.090974,0.026753,0.331910
-0.089971,0.028097,0.331758
-0.092032,0.029180,0.330897
-0.093437,0.027782,0.330043
-0.093209,0.027224,0.331415
-0.096300,0.025940,0.330277
-0.094887,0.026549,0.331371
-0.097737,0.025861,0.330402
-0.097376,0.025822,0.331973
-0.098965,0.025435,0.331905
-0.101452,0.026711,0.331886
-0.102312,0.024558,0.329864
-0.102387,0.025723,0.329565
-0.105443,0.024702,0.329907
-0.105582,0.025631,0.330971
-0.106925,0.026440,0.328372
-0.106472,0.023522,0.327968
-0.108639,0.023306,0.330975
-0.108507,0.021467,0.329489
-0.108746,0.022714,0.329591
-0.112156,0.022405,0.325785
-0.110998,0.020017,0.327319
-0.113768,0.019611,0.324239
-0.116032,0.020473,0.325389
-0.116664,0.018636,0.324466
-0.117372,0.016331,0.323834
-0.119212,0.017446,0.323283
-0.119979,0.015223,0.323037
-0.119387,0.013569,0.320977
-0.119859,0.011717,0.323277
-0.123599,-0.022491,0.294248
-0.124378,-0.023956,0.295454
-0.123874,-0.025574,0.294385
-0.127282,-0.024887,0.294591
-0.126469,-0.026332,0.291688
-0.127893,-0.026720,0.291425
-0.128449,-0.028756,0.292378
-0.130854,-0.027967,0.291609
-0.131211,-0.030426,0.290614
-0.132947,-0.031976,0.291475
-0.135015,-0.033315,0.287415
-0.135020,-0.034708,0.287056
-0.135744,-0.034879,0.283658
-0.140198,-0.035859,0.284543
-0.139402,-0.038407,0.282853
-0.140475,-0.039771,0.281680
-0.143765,-0.041661,0.281652
-0.143783,-0.042292,0.279115
-0.143355,-0.043129,0.277145
-0.146901,-0.045200,0.279254
-0.146488,-0.046924,0.276550
-0.146833,-0.047025,0.274775
-0.149260,-0.050796,0.276062
-0.148216,-0.052103,0.274145
-0.151241,-0.054847,0.273450
-0.150928,-0.055965,0.270810
-0.152669,-0.055895,0.269636
-0.153811,-0.058653,0.269683
-0.154931,-0.059742,0.267088
-0.156728,-0.061391,0.267494
-0.158066,-0.061348,0.263861
-0.159483,-0.062309,0.264772
-0.160606,-0.066984,0.261556
-0.161853,-0.067281,0.262379
-0.161012,-0.070383,0.261532
-0.165116,-0.072979,0.260897
-0.164655,-0.073312,0.257539
-0.166802,-0.074863,0.255984
-0.166536,-0.077831,0.255603
-0.170248,-0.080191,0.254034
-0.170140,-0.080901,0.251945
-0.169476,-0.082908,0.250502
-0.171282,-0.083590,0.248332
-0.173763,-0.087606,0.247640
-0.175237,-0.089131,0.247446
-0.175275,-0.089191,0.245400
-0.176094,-0.090290,0.246109
-0.176604,-0.091133,0.244229
-0.178800,-0.093114,0.243211
-0.180018,-0.094149,0.241819
-0.181645,-0.097591,0.240780
-0.182234,-0.098287,0.239378
-0.185225,-0.099711,0.237794
-0.185231,-0.100882,0.239790
-0.186694,-0.100811,0.238764
-0.188449,-0.100329,0.236345
-0.187796,-0.102920,0.236127
-0.188725,-0.103781,0.235393
-0.190826,-0.106109,0.234128
-0.193496,-0.108156,0.232870
-0.192296,-0.107504,0.231820
-0.194719,-0.107161,0.232356
-0.196380,-0.110337,0.229742
-0.195477,-0.112194,0.232556
-0.199088,-0.111687,0.230226
-0.200591,-0.112618,0.228668
-0.202176,-0.113293,0.228298
-0.202515,-0.115246,0.227572
-0.202614,-0.114947,0.226713
-0.203221,-0.116270,0.227598
-0.205553,-0.118214,0.223448
-0.206631,-0.119680,0.225081
-0.208520,-0.118525,0.223890
-0.211001,-0.122884,0.221814
-0.210301,-0.121678,0.220269
-0.211142,-0.122342,0.219503
-0.212457,-0.124484,0.220328
-0.215177,-0.126338,0.219705
-0.215030,-0.126579,0.220585
-0.217568,-0.126191,0.218950
-0.217971,-0.130170,0.217277
-0.219838,-0.128518,0.217039
-0.219300,-0.132821,0.215454
-0.223411,-0.133280,0.214629
-0.222583,-0.136592,0.213363
-0.224626,-0.136487,0.212539
-0.224975,-0.139730,0.211809
-0.225765,-0.140112,0.209526
-0.228032,-0.141888,0.210536
-0.229106,-0.142992,0.206534
-0.231080,-0.144558,0.204219
-0.232462,-0.146914,0.202946
-0.233891,-0.147874,0.203993
-0.234797,-0.150196,0.200978
-0.237334,-0.152231,0.200890
-0.238291,-0.152749,0.199425
-0.239013,-0.156546,0.199233
-0.241078,-0.158547,0.196209
-0.241806,-0.158626,0.195785
-0.243358,-0.162065,0.192443
-0.244373,-0.163955,0.191173
-0.244129,-0.163303,0.192822
-0.247648,-0.167044,0.192252
-0.248240,-0.169538,0.188904
-0.251221,-0.168553,0.186654
-0.251058,-0.170817,0.186943
-0.252908,-0.172998,0.183627
-0.255155,-0.175142,0.184628
-0.254566,-0.176130,0.182122
-0.256521,-0.179223,0.179358
-0.257255,-0.181720,0.179628
-0.258557,-0.183248,0.176557
-0.260526,-0.185431,0.175367
-0.260766,-0.188984,0.175257
-0.264163,-0.191502,0.172374
-0.263156,-0.194172,0.170728
-0.265976,-0.197205,0.168097
-0.268482,-0.196317,0.168019
-0.269423,-0.197597,0.166187
-0.270562,-0.199266,0.165277
-0.269305,-0.200157,0.164630
-0.271892,-0.204304,0.163078
-0.274742,-0.207208,0.160784
-0.274783,-0.208721,0.158495
-0.278604,-0.210916,0.157667
-0.278863,-0.211593,0.155841
-0.280933,-0.214513,0.154732
-0.281754,-0.217575,0.153728
-0.283709,-0.219654,0.152127
-0.284589,-0.221632,0.151057
-0.286246,-0.222776,0.147512
-0.285082,-0.225145,0.148634
-0.289211,-0.227108,0.145086
-0.291383,-0.228963,0.141339
-0.290446,-0.232556,0.142043
-0.291598,-0.233597,0.140717
-0.295572,-0.237437,0.138684
-0.297382,-0.239808,0.137825
-0.296544,-0.240617,0.136415
-0.300088,-0.243927,0.133930
-0.300500,-0.245979,0.130200
-0.301988,-0.248946,0.131070
-0.301455,-0.248955,0.129564
-0.305870,-0.250608,0.126938
-0.306735,-0.253914,0.123305
-0.307093,-0.256765,0.121768
-0.309380,-0.260547,0.121974
-0.311250,-0.262702,0.118109
-0.311467,-0.268108,0.115350
-0.315149,-0.270746,0.114093
-0.316395,-0.273740,0.111284
-0.316171,-0.277742,0.107613
-0.320459,-0.282791,0.104593
0.075977,-0.030140,0.291232
0.073930,-0.023786,0.295269
0.074786,-0.019644,0.297669
0.069164,-0.019589,0.300880
0.070303,-0.015499,0.302468
0.070460,-0.012816,0.303255
0.069087,-0.010369,0.305009
0.066464,-0.010881,0.305816
0.064462,-0.009672,0.306700
0.064540,-0.007839,0.307187
0.062247,-0.006505,0.308022
0.060977,-0.007226,0.309989
0.061790,-0.006917,0.309429
0.060984,-0.004436,0.309242
0.059368,-0.003980,0.310682
0.057875,-0.002821,0.310001
0.055027,-0.002370,0.310454
0.055821,-0.003081,0.310651
0.054486,-0.003037,0.312315
0.052828,-0.002505,0.311243
0.052344,-0.000137,0.313745
0.050014,-0.002238,0.312953
0.050529,0.000566,0.312755
0.048996,-0.000031,0.315142
0.047411,-0.000443,0.315282
0.045787,-0.001215,0.314751
0.045841,0.001768,0.314496
0.042701,0.003358,0.313830
0.042191,0.001798,0.315382
0.041792,0.001598,0.313933
0.039339,0.002714,0.315072
0.040562,0.004742,0.316370
0.038432,0.003521,0.316747
0.036822,0.004607,0.315685
0.035886,0.004523,0.318161
0.036263,0.004999,0.315516
0.032865,0.005839,0.317442
0.032380,0.005575,0.315436
0.032584,0.005451,0.317411
0.030660,0.005839,0.316085
0.030763,0.005197,0.318862
0.027638,0.008401,0.319054
0.025892,0.006005,0.318199
0.027695,0.008685,0.317577
0.025599,0.006944,0.317573
0.023903,0.006755,0.317493
0.022122,0.004868,0.320033
0.022268,0.006903,0.318256
0.022969,0.008094,0.320513
0.021811,0.007782,0.318095
0.017349,0.008105,0.319345
0.017039,0.008114,0.318972
0.016313,0.007878,0.318285
0.014727,0.008518,0.319084
0.013138,0.008413,0.320126
0.014166,0.006799,0.316724
0.013143,0.008663,0.318987
0.012998,0.009488,0.319270
0.009904,0.008810,0.319559
0.009987,0.009155,0.319807
0.008786,0.008076,0.317982
0.007959,0.007638,0.320024
0.007200,0.007754,0.317684
0.006079,0.007378,0.316722
0.003191,0.006986,0.317570
0.002818,0.006330,0.317065
0.001106,0.006458,0.317382
-0.000369,0.005316,0.316637
-0.001901,0.003970,0.317823
0.000604,0.005878,0.316068
-0.003925,0.004205,0.317419
-0.004953,0.001631,0.315898
-0.006753,0.002784,0.313621
-0.005744,0.003435,0.313794
-0.007266,0.003094,0.313877
-0.010726,0.000118,0.314888
-0.007984,0.001278,0.313865
-0.012061,-0.000942,0.314657
-0.011209,-0.000305,0.310802
-0.010340,-0.001313,0.311153
-0.012213,-0.001603,0.310746
-0.013489,-0.002322,0.308173
-0.016555,-0.001020,0.311569
-0.017360,-0.001353,0.311757
-0.019019,-0.002690,0.311816
-0.018707,-0.001194,0.313109
-0.019029,-0.000949,0.313368
-0.019847,-0.000671,0.312952
-0.024790,-0.001724,0.312827
-0.024748,-0.000836,0.315332
-0.023842,-0.000336,0.314342
-0.025730,0.000224,0.313736
-0.026747,-0.001157,0.313261
-0.026522,0.001835,0.313213
-0.029966,-0.000589,0.313359
-0.029316,0.001421,0.314723
-0.030896,0.000648,0.314999
-0.031565,0.002462,0.313773
-0.031399,0.000684,0.317541
-0.034240,0.001811,0.315023
-0.035418,0.002958,0.313455
-0.035785,0.003014,0.314592
-0.036562,0.001737,0.314206
-0.040729,0.000981,0.314063
-0.039580,0.000992,0.314645
-0.040832,0.002261,0.314362
-0.042858,0.003537,0.313213
-0.043976,0.002695,0.313450
-0.046545,0.002954,0.313715
-0.044543,0.001876,0.315968
-0.046751,0.003105,0.314884
-0.049180,0.001573,0.317556
-0.049233,0.003512,0.317831
-0.050193,0.005207,0.315578
-0.049931,0.005147,0.316903
-0.050362,0.005816,0.317708
-0.053755,0.005328,0.317794
-0.055120,0.014004,0.323467
-0.055706,0.015748,0.323412
-0.057589,0.015749,0.324010
-0.057197,0.017993,0.326411
-0.060487,0.018854,0.325694
-0.059670,0.020964,0.325956
-0.061468,0.021439,0.329375
-0.060213,0.021392,0.328564
-0.064490,0.021326,0.327673
-0.065591,0.021945,0.330283
-0.064565,0.020771,0.328889
-0.066445,0.022038,0.329522
-0.068189,0.022063,0.329178
-0.068417,0.022558,0.329459
-0.071253,0.023468,0.332759
-0.070486,0.024362,0.330810
-0.071530,0.022881,0.333143
-0.073486,0.024787,0.331193
-0.072967,0.025984,0.331286
-0.074154,0.024401,0.331010
-0.076629,0.025330,0.331169
-0.078039,0.024348,0.330898
-0.078967,0.026111,0.332232
-0.078027,0.025190,0.331909
-0.081659,0.024260,0.331437
-0.082434,0.025303,0.332023
-0.082873,0.026365,0.331190
-0.082748,0.025705,0.329668
-0.083535,0.025794,0.330756
-0.085961,0.025482,0.332238
-0.087039,0.024057,0.331584
-0.085810,0.028044,0.332111
-0.089466,0.024740,0.332392
-0.091099,0.025724,0.331749
-0.090204,0.025361,0.330964
-0.094795,0.025652,0.331572
-0.090985,0.025051,0.333216
-0.093629,0.025183,0.332772
-0.097392,0.024827,0.330637
-0.096960,0.025650,0.331631
-0.097851,0.024992,0.332469
-0.098456,0.024288,0.330779
-0.099963,0.024600,0.329232
-0.100699,0.024516,0.332566
-0.101200,0.024223,0.330567
-0.101229,0.022579,0.329335
-0.103603,0.022316,0.328073
-0.105047,0.020217,0.328870
-0.106637,0.020792,0.330598
-0.106237,0.020742,0.328868
-0.109608,0.019416,0.327917
-0.108529,0.020134,0.328284
-0.109078,0.017880,0.326115
-0.112372,0.020244,0.326269
-0.112609,0.017672,0.327232
-0.114625,0.018527,0.325848
-0.113948,0.019060,0.325086
-0.116292,0.015831,0.325401
-0.117193,0.013706,0.324171
-0.116812,0.012299,0.323763
-0.120016,0.009977,0.319976
-0.121404,-0.024123,0.294885
-0.122583,-0.024241,0.296459
-0.124192,-0.025986,0.295628
-0.124290,-0.023485,0.295870
-0.124116,-0.025888,0.294146
-0.126386,-0.025795,0.293863
-0.128890,-0.028506,0.293368
-0.126970,-0.027652,0.292827
-0.130061,-0.029708,0.291131
-0.131866,-0.032263,0.289389
-0.130861,-0.033078,0.289217
-0.135352,-0.033313,0.288931
-0.134525,-0.033564,0.286751
-0.136424,-0.036608,0.285748
-0.136562,-0.037933,0.284460
-0.137792,-0.040837,0.284407
-0.137988,-0.041212,0.283000
-0.140945,-0.043601,0.281505
-0.142303,-0.044417,0.279731
-0.141728,-0.044656,0.279480
-0.142239,-0.046840,0.277789
-0.145031,-0.046359,0.279787
-0.145782,-0.048330,0.276728
-0.147054,-0.050662,0.277131
-0.147525,-0.052000,0.274744
-0.149904,-0.054286,0.275139
-0.150818,-0.054813,0.275379
-0.150009,-0.054441,0.273161
-0.153030,-0.058380,0.271426
-0.154140,-0.059676,0.270046
-0.154716,-0.062266,0.267459
-0.157188,-0.063028,0.267425
-0.158117,-0.065168,0.266397
-0.159330,-0.067743,0.263736
-0.159305,-0.070800,0.262209
-0.162827,-0.073839,0.260169
-0.162828,-0.072404,0.260439
-0.163735,-0.074613,0.258254
-0.164457,-0.076588,0.256923
-0.164977,-0.076735,0.256293
-0.166377,-0.079736,0.254378
-0.168489,-0.082411,0.254247
-0.168646,-0.082992,0.252626
-0.172718,-0.085375,0.252749
-0.173515,-0.084984,0.251071
-0.174044,-0.088996,0.248259
-0.174049,-0.089965,0.248383
-0.174764,-0.090073,0.245391
-0.176225,-0.093092,0.246764
-0.177838,-0.092061,0.244551
-0.179655,-0.095351,0.245119
-0.180734,-0.096405,0.240971
-0.182672,-0.098124,0.241232
-0.181404,-0.099705,0.240953
-0.182264,-0.100212,0.238836
-0.185823,-0.102412,0.239745
-0.185320,-0.103086,0.238339
-0.187246,-0.104669,0.235654
-0.189179,-0.103849,0.237673
-0.191756,-0.103928,0.234724
-0.191449,-0.106952,0.233774
-0.193795,-0.106483,0.235883
-0.193598,-0.108678,0.232575
-0.195800,-0.108208,0.234915
-0.196382,-0.109064,0.232522
-0.197358,-0.112582,0.230822
-0.199324,-0.113934,0.230270
-0.200583,-0.113840,0.230161
-0.198774,-0.115219,0.229537
-0.202250,-0.114563,0.228090
-0.203982,-0.115535,0.228007
-0.205781,-0.118022,0.226541
-0.203090,-0.119685,0.228015
-0.208178,-0.122460,0.225705
-0.208595,-0.119886,0.226212
-0.210352,-0.123117,0.223283
-0.210923,-0.120815,0.223792
-0.213341,-0.124421,0.222095
-0.213625,-0.125218,0.221300
-0.215069,-0.128183,0.221401
-0.216609,-0.127326,0.218826
-0.217954,-0.131150,0.219372
-0.216238,-0.130470,0.216938
-0.218166,-0.132753,0.217732
-0.220727,-0.132929,0.215428
-0.223406,-0.134129,0.214675
-0.222876,-0.134960,0.212869
-0.224180,-0.138287,0.211382
-0.226543,-0.140714,0.212534
-0.227384,-0.139464,0.210035
-0.228795,-0.141888,0.207941
-0.231212,-0.143157,0.207454
-0.232072,-0.143752,0.207510
-0.231472,-0.148830,0.204781
-0.232574,-0.150377,0.204611
-0.234869,-0.150299,0.201465
-0.237782,-0.153383,0.203555
-0.238574,-0.155439,0.199346
-0.240609,-0.156502,0.197363
-0.239107,-0.158696,0.198175
-0.243014,-0.160898,0.194789
-0.242036,-0.161872,0.195401
-0.242873,-0.163843,0.192829
-0.244892,-0.164426,0.193603
-0.246075,-0.167823,0.189029
-0.247434,-0.168679,0.189393
-0.248550,-0.170919,0.187760
-0.251704,-0.172877,0.187338
-0.253627,-0.174367,0.186714
-0.253327,-0.176148,0.185407
-0.256536,-0.178210,0.182960
-0.256305,-0.181137,0.180788
-0.257983,-0.182154,0.179766
-0.261156,-0.186476,0.177972
-0.260617,-0.185478,0.176378
-0.261144,-0.187246,0.176044
-0.264006,-0.188948,0.172697
-0.264432,-0.192314,0.173708
-0.265640,-0.195069,0.169558
-0.269233,-0.196482,0.169748
-0.269387,-0.197143,0.165952
-0.271383,-0.201674,0.166327
-0.272837,-0.203421,0.164737
-0.272698,-0.205523,0.163649
-0.274902,-0.207152,0.163821
-0.274724,-0.207931,0.161793
-0.278372,-0.208992,0.157897
-0.277757,-0.212286,0.158379
-0.280073,-0.215856,0.155092
-0.280377,-0.215889,0.155266
-0.284102,-0.217222,0.154293
-0.283783,-0.220265,0.152242
-0.285450,-0.222038,0.150491
-0.286116,-0.224771,0.148023
-0.287151,-0.226238,0.147605
-0.290395,-0.229891,0.145927
-0.291021,-0.230836,0.144304
-0.292718,-0.233309,0.142189
-0.293638,-0.237878,0.139608
-0.296380,-0.238807,0.137886
-0.298549,-0.240472,0.138050
-0.299216,-0.243178,0.135563
-0.300113,-0.246415,0.133348
-0.302339,-0.248103,0.130656
-0.303375,-0.251613,0.128509
-0.306407,-0.253352,0.128387
-0.307999,-0.255302,0.127821
-0.308518,-0.256864,0.125338
-0.309800,-0.259829,0.119956
-0.310487,-0.261794,0.121812
-0.311395,-0.267279,0.119024
-0.313347,-0.270150,0.114805
-0.316853,-0.273890,0.113746
-0.317096,-0.274995,0.109761
-0.318838,-0.282319,0.108561
0.074094,-0.023562,0.295453
0.070337,-0.022897,0.296883
0.071219,-0.020851,0.300415
0.072371,-0.019339,0.301202
0.069091,-0.016211,0.302705
0.067346,-0.014308,0.303806
0.064276,-0.012809,0.308226
0.065310,-0.012008,0.306351
0.063243,-0.009269,0.308710
0.061508,-0.009441,0.309144
0.061756,-0.008481,0.307416
0.059133,-0.007164,0.307652
0.058370,-0.005227,0.310426
0.056165,-0.004931,0.309920
0.057459,-0.006232,0.309724
0.054907,-0.006956,0.311658
0.053432,-0.004340,0.308893
0.053513,-0.004099,0.310350
0.053106,-0.002939,0.312436
0.051230,-0.003411,0.312891
0.047549,-0.001159,0.313453
0.048842,-0.000392,0.312873
0.046205,-0.001882,0.314938
0.047675,0.000220,0.314684
0.046338,-0.000173,0.314397
0.043619,-0.001635,0.314283
0.043452,0.001452,0.315374
0.041798,-0.001273,0.314132
0.040564,0.003326,0.314296
0.037412,0.001605,0.315676
0.037688,0.002949,0.319246
0.038002,0.002291,0.316685
0.036744,0.001756,0.315723
0.035639,0.001610,0.316967
0.033471,0.002951,0.316183
0.033657,0.003518,0.318578
0.031763,0.002479,0.317054
0.031854,0.004035,0.316979
0.029375,0.003803,0.319866
0.028053,0.006171,0.319223
0.029385,0.006031,0.317455
0.025931,0.006534,0.320056
0.025524,0.004504,0.317967
0.024463,0.006528,0.317938
0.023695,0.005269,0.317016
0.022494,0.005451,0.319079
0.021486,0.006207,0.318562
0.020500,0.006153,0.318324
0.017724,0.006841,0.318163
0.017025,0.006296,0.318555
0.016255,0.005167,0.317861
0.014079,0.006941,0.321027
0.013880,0.006919,0.319571
0.012593,0.006743,0.320022
0.011696,0.006922,0.321060
0.011066,0.005177,0.319542
0.010144,0.005740,0.318655
0.009506,0.005258,0.316916
0.008610,0.005255,0.316628
0.005902,0.004881,0.319024
0.003740,0.005300,0.318917
0.003522,0.006268,0.318114
0.003721,0.004219,0.316557
0.003529,0.002562,0.318937
0.001981,0.002800,0.316465
-0.000124,0.000175,0.316795
-0.000308,0.001698,0.317627
-0.002130,0.001920,0.315323
-0.004484,0.000344,0.314964
-0.005869,-0.000630,0.315044
-0.002305,-0.001787,0.313282
-0.008190,-0.001568,0.314479
-0.005607,-0.001073,0.313422
-0.009095,-0.002368,0.311908
-0.009513,-0.004063,0.312456
-0.009406,-0.003116,0.313485
-0.011613,-0.003219,0.311007
-0.012572,-0.007060,0.310194
-0.013466,-0.005822,0.310512
-0.014614,-0.005442,0.310051
-0.015988,-0.005000,0.313024
-0.014752,-0.004622,0.310441
-0.020287,-0.003487,0.310943
-0.020310,-0.003671,0.311125
-0.020505,-0.003636,0.311165
-0.022066,-0.003851,0.313067
-0.024305,-0.002176,0.314020
-0.023028,-0.003387,0.313633
-0.025454,-0.003000,0.314176
-0.026058,-0.000063,0.313917
-0.025595,-0.000465,0.314181
-0.029093,-0.000094,0.311836
-0.029888,-0.000457,0.314883
-0.030620,-0.001417,0.313470
-0.031973,-0.000910,0.313812
-0.028410,-0.001561,0.314142
-0.031907,-0.003620,0.314802
-0.032656,0.000312,0.312669
-0.035135,-0.001104,0.312341
-0.035744,-0.002679,0.314265
-0.037782,0.000006,0.313984
-0.039129,-0.000612,0.316024
-0.039241,-0.002313,0.313643
-0.042094,0.001267,0.313345
-0.041035,-0.001537,0.315488
-0.042671,-0.000561,0.315559
-0.044559,0.001910,0.315253
-0.043853,0.000408,0.313367
-0.046742,0.000253,0.316155
-0.048764,0.000142,0.316524
-0.049452,0.001314,0.315275
-0.050633,0.000768,0.315585
-0.051404,0.002724,0.314866
-0.050398,0.001761,0.314216
-0.053576,0.000822,0.314027
-0.053604,0.001350,0.315080
-0.053852,-0.000299,0.316240
-0.057087,0.010537,0.322162
-0.056924,0.013752,0.323938
-0.058970,0.013905,0.326274
-0.059917,0.014949,0.325463
-0.061060,0.017281,0.327230
-0.062475,0.017775,0.328534
-0.064657,0.018696,0.328715
-0.063712,0.019585,0.328608
-0.065632,0.018048,0.327482
-0.066652,0.019296,0.330424
-0.067400,0.021617,0.327279
-0.068008,0.018206,0.330893
-0.070032,0.020805,0.330360
-0.069922,0.020661,0.330025
-0.071789,0.020247,0.329120
-0.072807,0.019776,0.330437
-0.073067,0.022782,0.329985
-0.074754,0.022461,0.332129
-0.077370,0.021711,0.333250
-0.076397,0.024809,0.330922
-0.076379,0.023437,0.331884
-0.080970,0.023671,0.330741
-0.079213,0.022934,0.329327
-0.081675,0.023116,0.331846
-0.082559,0.025198,0.331229
-0.083374,0.023413,0.331674
-0.083249,0.022009,0.330223
-0.083045,0.022218,0.330580
-0.083610,0.022434,0.331810
-0.086269,0.023320,0.332738
-0.088752,0.022853,0.332609
-0.090324,0.022129,0.330605
-0.090786,0.023048,0.330528
-0.093820,0.021772,0.330721
-0.093858,0.022087,0.331846
-0.094468,0.022247,0.329970
-0.095757,0.020889,0.328892
-0.097606,0.023278,0.332214
-0.096176,0.022854,0.331451
-0.100153,0.021142,0.331015
-0.099887,0.021216,0.331395
-0.103218,0.020949,0.329409
-0.100942,0.021883,0.327890
-0.101623,0.020149,0.331082
-0.103991,0.019325,0.329657
-0.104802,0.018157,0.329915
-0.105688,0.017770,0.328968
-0.108321,0.016743,0.327775
-0.108339,0.019014,0.327256
-0.108518,0.014602,0.327674
-0.109970,0.016032,0.325395
-0.112256,0.014377,0.327421
-0.113359,0.015130,0.324200
-0.113822,0.013739,0.325998
-0.113499,0.014287,0.326552
-0.115452,0.013382,0.320340
-0.117264,0.008846,0.322854
-0.117859,-0.023549,0.296525
-0.120703,-0.026092,0.295987
-0.121486,-0.025974,0.295433
-0.121048,-0.025669,0.295685
-0.123688,-0.025916,0.295795
-0.125039,-0.028745,0.294965
-0.125178,-0.028553,0.294197
-0.122535,-0.029089,0.295233
-0.127742,-0.029850,0.295056
-0.128486,-0.030653,0.291061
-0.130559,-0.033523,0.289946
-0.131669,-0.033034,0.291326
-0.132034,-0.033543,0.289860
-0.132635,-0.037302,0.288629
-0.132329,-0.035923,0.286437
-0.135639,-0.038694,0.287440
-0.138215,-0.040625,0.286262
-0.138208,-0.042326,0.285874
-0.138722,-0.044595,0.284235
-0.139029,-0.044889,0.282912
-0.142524,-0.046601,0.280313
-0.142982,-0.046686,0.280589
-0.144047,-0.049891,0.280564
-0.144733,-0.051828,0.278405
-0.145461,-0.051216,0.277317
-0.148138,-0.052849,0.274936
-0.147251,-0.054281,0.273194
-0.152040,-0.056045,0.275294
-0.150192,-0.056888,0.273915
-0.150949,-0.058792,0.271724
-0.152727,-0.060789,0.270746
-0.153025,-0.062288,0.268372
-0.155092,-0.064492,0.267982
-0.156409,-0.063168,0.265650
-0.158992,-0.066877,0.265833
-0.160323,-0.070456,0.261309
-0.160487,-0.072436,0.262806
-0.160197,-0.072416,0.260797
-0.162628,-0.074953,0.260415
-0.163790,-0.077335,0.259442
-0.167448,-0.079890,0.258249
-0.166148,-0.080753,0.255262
-0.167590,-0.082299,0.255461
-0.168750,-0.083338,0.254408
-0.169117,-0.085556,0.251806
-0.170373,-0.086568,0.251306
-0.171073,-0.088115,0.250380
-0.173957,-0.089499,0.250018
-0.173256,-0.090967,0.247377
-0.175286,-0.092603,0.247453
-0.178471,-0.093327,0.245660
-0.177635,-0.094330,0.244075
-0.182724,-0.098069,0.242398
-0.179546,-0.098790,0.241811
-0.181836,-0.102321,0.240660
-0.183564,-0.100824,0.239624
-0.184110,-0.101599,0.239015
-0.184480,-0.103531,0.240244
-0.186377,-0.103343,0.240283
-0.187688,-0.106031,0.239091
-0.190405,-0.104727,0.236837
-0.188515,-0.107613,0.236877
-0.191773,-0.107928,0.235293
-0.192560,-0.108622,0.234524
-0.194672,-0.111167,0.232750
-0.195680,-0.112616,0.234340
-0.198219,-0.112345,0.232068
-0.197118,-0.112768,0.233065
-0.198281,-0.113520,0.232268
-0.199750,-0.113957,0.231432
-0.200488,-0.116648,0.232410
-0.203483,-0.117737,0.229665
-0.205176,-0.118611,0.227509
-0.204235,-0.119914,0.228246
-0.206068,-0.120752,0.228333
-0.207182,-0.119964,0.226031
-0.205591,-0.123078,0.224791
-0.210034,-0.122622,0.223569
-0.210703,-0.124864,0.224244
-0.212762,-0.127129,0.222561
-0.212670,-0.126206,0.221703
-0.213930,-0.128540,0.220473
-0.215609,-0.128424,0.219185
-0.217953,-0.128545,0.220280
-0.217724,-0.131557,0.218256
-0.219198,-0.133886,0.218036
-0.220554,-0.133852,0.218651
-0.222049,-0.135834,0.215339
-0.221917,-0.137664,0.213010
-0.224172,-0.138237,0.214466
-0.226450,-0.140218,0.212720
-0.227892,-0.142741,0.210477
-0.228652,-0.142547,0.210704
-0.230696,-0.143737,0.208432
-0.232327,-0.146118,0.206937
-0.232775,-0.148246,0.204722
-0.233461,-0.150509,0.205696
-0.235697,-0.154087,0.202798
-0.236321,-0.154723,0.200175
-0.236085,-0.155164,0.201203
-0.239139,-0.160241,0.198598
-0.239414,-0.158694,0.198332
-0.241184,-0.160879,0.196239
-0.242324,-0.163496,0.197329
-0.246497,-0.164786,0.193975
-0.245982,-0.166923,0.193676
-0.245333,-0.167202,0.192224
-0.249607,-0.168535,0.190209
-0.249956,-0.170819,0.188060
-0.250901,-0.173598,0.189133
-0.250097,-0.173519,0.186611
-0.254017,-0.177173,0.185642
-0.252546,-0.177801,0.184915
-0.253854,-0.180005,0.182057
-0.257961,-0.183950,0.180987
-0.258096,-0.185887,0.178028
-0.260232,-0.187015,0.178438
-0.262584,-0.189198,0.175969
-0.263072,-0.193499,0.175420
-0.264227,-0.191152,0.174235
-0.263550,-0.195553,0.171544
-0.266889,-0.198805,0.170578
-0.267627,-0.200037,0.167895
-0.269776,-0.201989,0.168068
-0.272827,-0.203751,0.165978
-0.271825,-0.204017,0.165557
-0.275227,-0.208031,0.163098
-0.277244,-0.208266,0.162278
-0.276458,-0.211625,0.161299
-0.278464,-0.213890,0.158747
-0.281058,-0.216176,0.159169
-0.282105,-0.214619,0.156927
-0.283178,-0.219506,0.154134
-0.282963,-0.221934,0.153466
-0.286286,-0.222846,0.153077
-0.286355,-0.224403,0.150323
-0.288869,-0.227448,0.147383
-0.288988,-0.229739,0.148338
-0.291373,-0.232882,0.144900
-0.292321,-0.233819,0.142302
-0.293704,-0.236792,0.141641
-0.295298,-0.239319,0.138828
-0.295337,-0.242827,0.138313
-0.298899,-0.245597,0.136216
-0.298808,-0.245580,0.133844
-0.302055,-0.249159,0.133573
-0.303753,-0.250699,0.131651
-0.304553,-0.251355,0.129308
-0.305858,-0.256546,0.127611
-0.307665,-0.257821,0.127970
-0.309498,-0.262331,0.124759
-0.309176,-0.263409,0.121122
-0.312899,-0.267080,0.120720
-0.314634,-0.267729,0.118579
-0.314486,-0.271556,0.115060
-0.315559,-0.275201,0.114760
-0.318960,-0.278260,0.110129
-0.321026,-0.287400,0.104078
0.074042,-0.029968,0.293401
0.072501,-0.024787,0.297128
0.071566,-0.021955,0.300470
0.066301,-0.019882,0.300402
0.067102,-0.019991,0.303464
0.066837,-0.015663,0.303928
0.063323,-0.015786,0.306706
0.063187,-0.014102,0.305760
0.063300,-0.010686,0.306790
0.061945,-0.010334,0.307626
0.059951,-0.009561,0.309809
0.058506,-0.009194,0.309006
0.057570,-0.006488,0.307147
0.056315,-0.007040,0.310460
0.054108,-0.008475,0.311480
0.054634,-0.006752,0.310894
0.052555,-0.004974,0.311091
0.050331,-0.005555,0.313356
0.051383,-0.004753,0.313198
0.048488,-0.005527,0.313857
0.049150,-0.002720,0.312911
0.046747,-0.002790,0.313575
0.045758,-0.002933,0.313102
0.045178,-0.001389,0.315600
0.044711,-0.000875,0.315226
0.042992,-0.004003,0.315531
0.042017,-0.001169,0.314696
0.039811,-0.000537,0.316555
0.038450,0.001688,0.313680
0.037369,0.001552,0.315428
0.037379,0.001396,0.315546
0.037255,0.002186,0.319053
0.035241,0.002323,0.318272
0.035535,0.001773,0.317631
0.032341,0.000013,0.317902
0.030109,0.001999,0.316823
0.031143,0.002778,0.320492
0.030202,0.003186,0.319131
0.027456,0.004142,0.317547
0.027288,0.003070,0.318400
0.027250,0.002400,0.316734
0.023791,0.004052,0.318440
0.024035,0.004188,0.318782
0.021038,0.003934,0.320468
0.022769,0.003857,0.318107
0.021381,0.004690,0.319171
0.017853,0.004241,0.316841
0.018903,0.004602,0.318958
0.016439,0.004395,0.318432
0.016036,0.004521,0.319440
0.015870,0.003640,0.320692
0.016271,0.003475,0.319899
0.014926,0.005457,0.318775
0.012717,0.002607,0.318507
0.009510,0.005644,0.318287
0.010353,0.003943,0.319243
0.009478,0.003662,0.320216
0.007294,0.003271,0.319300
0.007286,0.003154,0.318093
0.005739,0.003573,0.317856
0.006563,0.001804,0.318134
0.004166,0.000443,0.317005
0.003488,0.001486,0.316330
0.002186,-0.000298,0.317479
-0.000318,0.000192,0.316469
-0.000325,0.000309,0.316089
-0.002715,-0.002184,0.315880
-0.002443,-0.002251,0.311798
-0.003679,-0.004806,0.314224
-0.004473,-0.004604,0.313137
-0.005940,-0.005370,0.311483
-0.006761,-0.006394,0.311821
-0.007301,-0.005746,0.311100
-0.009943,-0.005986,0.311976
-0.010150,-0.006954,0.310031
-0.010634,-0.007946,0.309577
-0.011042,-0.008315,0.311754
-0.012629,-0.008301,0.312107
-0.011822,-0.006324,0.312381
-0.015664,-0.007244,0.310977
-0.018714,-0.007545,0.311778
-0.019038,-0.007320,0.310685
-0.022953,-0.007989,0.310398
-0.020058,-0.006945,0.312103
-0.019309,-0.007636,0.312350
-0.021138,-0.005080,0.312090
-0.023671,-0.002863,0.311130
-0.025278,-0.005862,0.313016
-0.026032,-0.004645,0.313755
-0.026930,-0.004434,0.313552
-0.027471,-0.002276,0.314930
-0.029145,-0.004217,0.313935
-0.029847,-0.002876,0.313893
-0.032852,-0.003888,0.311774
-0.032215,-0.002263,0.313430
-0.035023,-0.004531,0.312813
-0.032939,-0.003701,0.313235
-0.035600,-0.004338,0.313662
-0.037859,-0.001147,0.314615
-0.036541,-0.004825,0.314558
-0.037998,-0.003198,0.315708
-0.038381,-0.002826,0.314512
-0.041408,-0.002373,0.314290
-0.041719,-0.003064,0.313860
-0.043525,-0.004953,0.313987
-0.043497,-0.004712,0.312938
-0.046889,-0.002448,0.313957
-0.045811,-0.002677,0.314941
-0.047330,0.000375,0.314407
-0.048647,0.000665,0.314768
-0.048022,-0.001016,0.315718
-0.052305,-0.000827,0.313663
-0.050132,-0.000726,0.313680
-0.053789,-0.000620,0.314415
-0.052657,-0.002487,0.315166
-0.054720,-0.004626,0.314351
-0.055839,-0.002894,0.314619
-0.057631,-0.002237,0.314893
-0.058256,0.000552,0.316551
-0.059011,0.011702,0.326005
-0.061312,0.011497,0.325697
-0.063033,0.013247,0.325917
-0.063539,0.014970,0.327766
-0.064802,0.015797,0.327966
-0.064462,0.018046,0.328894
-0.065937,0.016654,0.329301
-0.068648,0.016948,0.329160
-0.067635,0.018052,0.329708
-0.068796,0.017635,0.327803
-0.070860,0.019128,0.327851
-0.070495,0.017873,0.329183
-0.073554,0.019452,0.331742
-0.074270,0.019474,0.330298
-0.075804,0.020224,0.330969
-0.077241,0.021059,0.332053
-0.078297,0.019496,0.331573
-0.077932,0.020141,0.330317
-0.079932,0.018786,0.331006
-0.080025,0.021185,0.331666
-0.080696,0.019779,0.330452
-0.082584,0.020243,0.331322
-0.083384,0.019624,0.332080
-0.083126,0.021320,0.331569
-0.083663,0.021332,0.330415
-0.088105,0.020728,0.332300
-0.087132,0.022550,0.332617
-0.089160,0.020227,0.330806
-0.091070,0.021656,0.330919
-0.089521,0.018731,0.330043
-0.092309,0.019258,0.331281
-0.092217,0.021271,0.331753
-0.094014,0.021766,0.329907
-0.095479,0.020727,0.330338
-0.097350,0.019745,0.329237
-0.098740,0.019652,0.329765
-0.099720,0.020269,0.333555
-0.099379,0.019012,0.330849
-0.100682,0.017011,0.328140
-0.100918,0.017115,0.330964
-0.103163,0.016959,0.328626
-0.103594,0.015927,0.328800
-0.104713,0.017702,0.327784
-0.107978,0.016031,0.328283
-0.106758,0.013331,0.324278
-0.109136,0.013455,0.326491
-0.109756,0.015118,0.328122
-0.110627,0.013235,0.326706
-0.109196,0.012152,0.324961
-0.113038,0.010936,0.326120
-0.114731,0.009905,0.324406
-0.115019,0.007677,0.321708
-0.117777,-0.023961,0.300014
-0.118132,-0.027037,0.297339
-0.118846,-0.027437,0.297427
-0.119317,-0.027446,0.297331
-0.120951,-0.028040,0.294330
-0.122350,-0.028725,0.294645
-0.125085,-0.028520,0.297179
-0.125072,-0.029521,0.295397
-0.125389,-0.031496,0.293755
-0.126829,-0.031163,0.293803
-0.126040,-0.031931,0.290756
-0.129241,-0.032704,0.291857
-0.128445,-0.035405,0.290156
-0.132137,-0.034568,0.290248
-0.133337,-0.036780,0.288557
-0.135289,-0.037428,0.288754
-0.135363,-0.038737,0.286133
-0.134845,-0.041496,0.285657
-0.137674,-0.043554,0.285480
-0.137889,-0.044336,0.285437
-0.137284,-0.042727,0.284111
-0.140202,-0.046606,0.281390
-0.142039,-0.048099,0.280749
-0.142726,-0.049899,0.281479
-0.143760,-0.050685,0.278249
-0.145968,-0.052098,0.278025
-0.147215,-0.054849,0.278376
-0.146519,-0.055290,0.273941
-0.149879,-0.058248,0.274659
-0.147399,-0.058474,0.274193
-0.150896,-0.060429,0.272214
-0.151469,-0.061066,0.271343
-0.152254,-0.062633,0.269958
-0.154123,-0.065088,0.268792
-0.154063,-0.065880,0.269121
-0.156156,-0.068005,0.267504
-0.156655,-0.069495,0.266513
-0.160246,-0.072276,0.262195
-0.160394,-0.075236,0.262118
-0.161804,-0.075585,0.262029
-0.161154,-0.076591,0.258317
-0.163078,-0.080570,0.260313
-0.164943,-0.079701,0.257959
-0.166675,-0.082113,0.257270
-0.166223,-0.083695,0.256308
-0.168776,-0.086201,0.255369
-0.168938,-0.087503,0.252910
-0.171391,-0.088201,0.254087
-0.171005,-0.088585,0.251484
-0.174534,-0.090419,0.251067
-0.174734,-0.092448,0.247159
-0.175526,-0.094263,0.244960
-0.175639,-0.097909,0.246045
-0.178058,-0.099111,0.244545
-0.180277,-0.098572,0.245199
-0.179746,-0.101644,0.243912
-0.181681,-0.102568,0.241579
-0.183905,-0.102936,0.242068
-0.186130,-0.103341,0.239941
-0.185272,-0.105094,0.238826
-0.187128,-0.106344,0.238906
-0.186896,-0.105191,0.237298
-0.187876,-0.107154,0.238230
-0.188545,-0.107325,0.238791
-0.191274,-0.111690,0.236107
-0.192067,-0.109372,0.235261
-0.192098,-0.109216,0.235862
-0.193039,-0.112641,0.236980
-0.196164,-0.113519,0.234337
-0.197949,-0.111523,0.232273
-0.199306,-0.115138,0.232685
-0.197815,-0.115692,0.231456
-0.201561,-0.115888,0.230529
-0.201622,-0.118210,0.229855
-0.203236,-0.119863,0.228020
-0.204881,-0.121164,0.228642
-0.207161,-0.120699,0.229268
-0.207301,-0.122451,0.225990
-0.208450,-0.124422,0.225501
-0.211349,-0.124837,0.224715
-0.210344,-0.125703,0.224366
-0.213274,-0.128212,0.223843
-0.212372,-0.129481,0.223008
-0.214801,-0.128936,0.221246
-0.214953,-0.132776,0.220267
-0.217194,-0.133075,0.221077
-0.218797,-0.132482,0.219017
-0.220043,-0.135286,0.216968
-0.221510,-0.134873,0.217974
-0.221865,-0.136621,0.215258
-0.223435,-0.139139,0.216520
-0.226023,-0.137614,0.213648
-0.227080,-0.141076,0.213390
-0.227536,-0.141996,0.212983
-0.229058,-0.145979,0.212126
-0.229488,-0.147166,0.208714
-0.232427,-0.148505,0.208643
-0.232316,-0.149377,0.207793
-0.233155,-0.152985,0.206254
-0.235406,-0.153262,0.204341
-0.235506,-0.155589,0.204378
-0.237508,-0.156514,0.201263
-0.238784,-0.158569,0.201376
-0.240733,-0.159686,0.199878
-0.239738,-0.162478,0.198934
-0.244336,-0.165057,0.198443
-0.244114,-0.166347,0.195351
-0.245875,-0.166976,0.193891
-0.245622,-0.169609,0.193139
-0.247269,-0.171233,0.191643
-0.249092,-0.173144,0.189752
-0.251210,-0.175229,0.188454
-0.251859,-0.176715,0.187687
-0.251850,-0.178134,0.188132
-0.254633,-0.177987,0.184880
-0.257592,-0.182242,0.184107
-0.258737,-0.183489,0.182584
-0.259623,-0.184585,0.179005
-0.261129,-0.187550,0.180401
-0.258732,-0.188989,0.176906
-0.263255,-0.191797,0.175401
-0.265130,-0.194557,0.172482
-0.267474,-0.197160,0.171421
-0.267569,-0.200241,0.170306
-0.269462,-0.200408,0.170656
-0.270233,-0.201778,0.167694
-0.271269,-0.203935,0.166243
-0.273498,-0.205011,0.166693
-0.272460,-0.206217,0.161801
-0.277413,-0.209668,0.162525
-0.277134,-0.209692,0.160639
-0.277925,-0.212916,0.161330
-0.278571,-0.218220,0.159958
-0.281841,-0.217853,0.156154
-0.283016,-0.218700,0.157513
-0.283524,-0.223865,0.155053
-0.285921,-0.222904,0.155047
-0.285193,-0.225539,0.148676
-0.288458,-0.227865,0.151446
-0.290165,-0.231467,0.147534
-0.291119,-0.233917,0.146035
-0.290761,-0.234503,0.145256
-0.293652,-0.237030,0.144073
-0.297227,-0.239864,0.140893
-0.298907,-0.241887,0.139993
-0.298420,-0.244042,0.138428
-0.299972,-0.245163,0.137327
-0.301501,-0.246754,0.134642
-0.302271,-0.250590,0.132586
-0.303973,-0.254612,0.129723
-0.307360,-0.255762,0.130984
-0.307579,-0.258768,0.128178
-0.309097,-0.260139,0.127091
-0.310209,-0.264077,0.122933
-0.311701,-0.266178,0.120995
-0.315053,-0.269096,0.120012
-0.316145,-0.272008,0.118817
-0.316255,-0.276929,0.116282
-0.320819,-0.278626,0.111536
-0.320852,-0.285017,0.108499
0.069892,-0.027595,0.298139
0.069897,-0.023837,0.300014
0.068452,-0.023470,0.298710
0.066764,-0.020489,0.302493
0.064100,-0.019394,0.302994
0.063957,-0.016197,0.304521
0.063928,-0.014151,0.306716
0.061254,-0.015299,0.305961
0.060261,-0.012774,0.309000
0.058396,-0.010578,0.306807
0.058112,-0.011564,0.310012
0.056531,-0.008973,0.310011
0.055905,-0.009584,0.310541
0.054495,-0.010172,0.312555
0.054613,-0.010095,0.311488
0.053272,-0.007047,0.313485
0.051171,-0.006884,0.312224
0.051018,-0.006929,0.311659
0.046755,-0.006040,0.313705
0.046287,-0.005640,0.313132
0.046327,-0.005651,0.313729
0.044891,-0.003142,0.314440
0.044598,-0.004914,0.314774
0.043372,-0.005463,0.316964
0.041116,-0.002205,0.316203
0.040783,-0.003620,0.315874
0.039505,-0.002434,0.314554
0.039211,-0.002773,0.315674
0.037781,-0.001777,0.317059
0.037774,-0.003850,0.317107
0.033915,-0.001325,0.315950
0.035342,-0.000590,0.317966
0.033092,0.000732,0.318026
0.030083,-0.000542,0.318001
0.029682,0.000378,0.316447
0.030883,-0.000831,0.318246
0.028246,0.001075,0.317818
0.027906,0.000727,0.319488
0.027963,0.001212,0.318500
0.024872,0.001887,0.317961
0.022851,0.000295,0.320618
0.023904,0.001305,0.319302
0.021505,0.002521,0.320539
0.020743,0.003381,0.320844
0.020557,0.002941,0.318166
0.018389,0.002123,0.317524
0.018622,0.003258,0.318779
0.018011,0.002768,0.320322
0.016044,0.002821,0.318899
0.014410,0.002014,0.319198
0.014655,0.000458,0.319573
0.013752,0.000817,0.318491
0.011678,0.003302,0.317769
0.011201,0.001985,0.319809
0.008520,0.000199,0.318374
0.010037,0.001449,0.317793
0.009209,0.001549,0.318959
0.005040,-0.001220,0.317787
0.005687,-0.000300,0.318566
0.002767,-0.000643,0.317278
0.003262,-0.001244,0.317108
-0.000437,-0.004279,0.316220
0.000623,-0.002250,0.315295
-0.000645,-0.005617,0.314048
-0.002319,-0.005526,0.315405
-0.002768,-0.006078,0.313829
-0.003649,-0.006005,0.312353
-0.004518,-0.008704,0.312497
-0.005117,-0.008320,0.310804
-0.007014,-0.010013,0.311714
-0.008546,-0.010015,0.310922
-0.009730,-0.008601,0.311556
-0.011010,-0.010668,0.311493
-0.011807,-0.010729,0.309565
-0.011844,-0.009809,0.310575
-0.014546,-0.007918,0.309896
-0.016114,-0.010448,0.309450
-0.016642,-0.010389,0.311736
-0.015928,-0.010892,0.310641
-0.018512,-0.008546,0.313160
-0.019014,-0.007810,0.311485
-0.020469,-0.010310,0.311639
-0.020727,-0.008854,0.311143
-0.021232,-0.007149,0.312089
-0.021621,-0.007450,0.312764
-0.023803,-0.005989,0.312849
-0.026343,-0.006822,0.313487
-0.025001,-0.006061,0.314867
-0.028643,-0.008598,0.313834
-0.028794,-0.006649,0.312612
-0.031575,-0.005760,0.311288
-0.030945,-0.007175,0.313595
-0.031406,-0.005958,0.312330
-0.034155,-0.007122,0.315276
-0.032824,-0.006008,0.314989
-0.036622,-0.006877,0.313371
-0.036564,-0.006513,0.314321
-0.038169,-0.005626,0.314733
-0.039573,-0.006796,0.314440
-0.039081,-0.006795,0.311130
-0.040117,-0.005473,0.313396
-0.040644,-0.005546,0.313228
-0.042979,-0.006145,0.314071
-0.043905,-0.006192,0.313102
-0.046108,-0.005737,0.315090
-0.044723,-0.005067,0.314747
-0.046967,-0.004463,0.315242
-0.047924,-0.003870,0.315309
-0.049821,-0.006195,0.313209
-0.050642,-0.004664,0.314291
-0.052426,-0.005475,0.315024
-0.052451,-0.005509,0.313601
-0.054547,-0.006722,0.314163
-0.055773,-0.007631,0.312638
-0.058583,-0.006684,0.312459
-0.057071,-0.007285,0.313114
-0.058175,-0.005423,0.315005
-0.060263,-0.006309,0.314694
-0.060986,-0.004624,0.315686
-0.060718,0.007752,0.323648
-0.063353,0.012576,0.326598
-0.062574,0.011231,0.325743
-0.066945,0.012817,0.328201
-0.066711,0.013668,0.326462
-0.067586,0.015558,0.327507
-0.068632,0.013364,0.329020
-0.068524,0.016129,0.327903
-0.068678,0.017129,0.328357
-0.073873,0.016811,0.329964
-0.073475,0.016935,0.329887
-0.074797,0.016145,0.332733
-0.075065,0.016012,0.329495
-0.076627,0.017543,0.329896
-0.076926,0.017724,0.330502
-0.078657,0.017251,0.330352
-0.079187,0.018015,0.330856
-0.080081,0.018481,0.332979
-0.081057,0.019996,0.329900
-0.083308,0.017315,0.331306
-0.084399,0.017269,0.330196
-0.084682,0.018284,0.329725
-0.086043,0.017573,0.330939
-0.085442,0.015528,0.329737
-0.088127,0.017839,0.331738
-0.091184,0.018744,0.331488
-0.087681,0.017037,0.330970
-0.091031,0.015558,0.331660
-0.093045,0.019037,0.329793
-0.092984,0.014829,0.329383
-0.094184,0.019088,0.330822
-0.095077,0.016249,0.329793
-0.096026,0.018637,0.329435
-0.098778,0.017943,0.329162
-0.097899,0.017427,0.329039
-0.099939,0.014616,0.328019
-0.101161,0.016410,0.328396
-0.102927,0.013751,0.326659
-0.103076,0.012940,0.326450
-0.104044,0.012293,0.327924
-0.105500,0.012661,0.326029
-0.106454,0.012364,0.327924
-0.108100,0.009239,0.327075
-0.107155,0.007932,0.326291
-0.109142,0.009271,0.324096
-0.109593,0.008803,0.324963
-0.111347,-0.022434,0.301002
-0.111922,-0.024817,0.298843
-0.114179,-0.026334,0.299748
-0.115891,-0.024703,0.298955
-0.117604,-0.025551,0.298937
-0.117898,-0.025991,0.298157
-0.118597,-0.028747,0.298485
-0.118308,-0.028271,0.296571
-0.121440,-0.031240,0.296186
-0.121774,-0.027972,0.297446
-0.124402,-0.031904,0.293973
-0.125156,-0.031788,0.295801
-0.125256,-0.031487,0.293271
-0.126803,-0.035610,0.293396
-0.128279,-0.035547,0.291968
-0.127582,-0.034999,0.292457
-0.130195,-0.039245,0.288623
-0.131308,-0.039036,0.287831
-0.133647,-0.040401,0.288074
-0.134401,-0.041788,0.288498
-0.135452,-0.041530,0.286141
-0.135499,-0.044259,0.286043
-0.136664,-0.043968,0.284699
-0.137970,-0.045412,0.285190
-0.138843,-0.046094,0.282932
-0.139699,-0.049529,0.281365
-0.140236,-0.051359,0.280376
-0.141386,-0.053052,0.280069
-0.143673,-0.054237,0.280391
-0.146787,-0.054743,0.278893
-0.145361,-0.055345,0.276602
-0.146905,-0.058484,0.275627
-0.147464,-0.059913,0.275756
-0.150619,-0.060814,0.272373
-0.149811,-0.063532,0.272282
-0.151654,-0.063176,0.271676
-0.154500,-0.063680,0.270854
-0.155234,-0.064690,0.269046
-0.156341,-0.068761,0.266700
-0.157168,-0.069571,0.266398
-0.156405,-0.072198,0.264973
-0.158370,-0.073225,0.263041
-0.159584,-0.078713,0.261890
-0.162053,-0.078212,0.259985
-0.163845,-0.079943,0.258915
-0.164658,-0.080709,0.257869
-0.166846,-0.082633,0.259791
-0.164948,-0.082869,0.256114
-0.168792,-0.084290,0.258250
-0.169945,-0.087939,0.253864
-0.169655,-0.091423,0.253569
-0.172365,-0.090407,0.250775
-0.171202,-0.092213,0.251571
-0.172841,-0.092990,0.251667
-0.175423,-0.094224,0.247654
-0.175922,-0.096134,0.247457
-0.176878,-0.097949,0.245263
-0.177970,-0.100130,0.244466
-0.180166,-0.100845,0.244220
-0.180227,-0.102843,0.242200
-0.182207,-0.102543,0.241980
-0.182206,-0.102875,0.241557
-0.184297,-0.105563,0.240044
-0.184556,-0.106503,0.240751
-0.185526,-0.108051,0.240980
-0.187829,-0.107163,0.238355
-0.188335,-0.110811,0.237942
-0.190687,-0.110490,0.236604
-0.190503,-0.111627,0.236307
-0.191653,-0.114841,0.235239
-0.193401,-0.111812,0.234886
-0.193423,-0.113964,0.236464
-0.196091,-0.113973,0.233867
-0.197894,-0.115596,0.234451
-0.199002,-0.113466,0.230873
-0.200026,-0.117678,0.232661
-0.202072,-0.118107,0.230820
-0.201307,-0.120599,0.229982
-0.202182,-0.119451,0.229627
-0.205107,-0.120096,0.229204
-0.205826,-0.121569,0.229652
-0.206817,-0.124189,0.228021
-0.208177,-0.124842,0.227162
-0.208286,-0.126676,0.226448
-0.210150,-0.127423,0.225887
-0.211778,-0.128520,0.224713
-0.213537,-0.130482,0.223579
-0.214860,-0.128613,0.223231
-0.216601,-0.131763,0.220891
-0.217593,-0.133887,0.221974
-0.218640,-0.135345,0.220857
-0.218615,-0.135899,0.218860
-0.221908,-0.136556,0.218503
-0.223534,-0.138697,0.216187
-0.222785,-0.139640,0.216910
-0.224045,-0.142803,0.216246
-0.228357,-0.142356,0.213855
-0.228198,-0.143876,0.214093
-0.228889,-0.145147,0.212702
-0.230233,-0.149110,0.210919
-0.231508,-0.148344,0.207901
-0.231073,-0.151961,0.205974
-0.232373,-0.152763,0.206640
-0.234833,-0.155007,0.205897
-0.236478,-0.157538,0.203406
-0.238133,-0.157660,0.203529
-0.239403,-0.159375,0.202374
-0.238405,-0.164181,0.200818
-0.241301,-0.162600,0.199165
-0.244396,-0.166599,0.198192
-0.245461,-0.166898,0.197346
-0.244292,-0.169530,0.194385
-0.244899,-0.171089,0.192496
-0.249561,-0.171867,0.193211
-0.249564,-0.172306,0.190171
-0.250363,-0.176026,0.189942
-0.252272,-0.176724,0.187225
-0.253824,-0.178545,0.185936
-0.254654,-0.181075,0.185379
-0.256337,-0.180415,0.184428
-0.258177,-0.183203,0.183429
-0.259828,-0.186888,0.182633
-0.261365,-0.186869,0.180614
-0.262689,-0.189860,0.178371
-0.262536,-0.191773,0.177538
-0.264855,-0.194418,0.176722
-0.264966,-0.196164,0.176374
-0.267949,-0.198915,0.173089
-0.268329,-0.201618,0.170509
-0.271007,-0.203780,0.168956
-0.270381,-0.205224,0.167597
-0.272785,-0.207959,0.166718
-0.274471,-0.208908,0.164564
-0.274608,-0.208183,0.164425
-0.276260,-0.212792,0.164412
-0.279225,-0.214159,0.162275
-0.279111,-0.215930,0.159248
-0.281073,-0.219499,0.158942
-0.283612,-0.220955,0.155723
-0.283506,-0.222559,0.156391
-0.285604,-0.223657,0.155908
-0.285869,-0.225469,0.153535
-0.288794,-0.228588,0.150918
-0.287841,-0.230161,0.150483
-0.290719,-0.231590,0.148188
-0.292320,-0.234277,0.147594
-0.295210,-0.238002,0.147436
-0.295813,-0.240167,0.142460
-0.295485,-0.241830,0.143427
-0.296957,-0.243575,0.140822
-0.299428,-0.248355,0.139205
-0.299852,-0.249453,0.136738
-0.303734,-0.250348,0.134550
-0.305249,-0.252477,0.133016
-0.306079,-0.255501,0.130424
-0.306400,-0.258237,0.128734
-0.309842,-0.262643,0.127851
-0.310875,-0.264186,0.124258
-0.311798,-0.265697,0.122586
-0.314526,-0.270592,0.119494
-0.314227,-0.271227,0.119975
-0.315960,-0.275972,0.120025
-0.317788,-0.276557,0.114979
-0.319187,-0.282983,0.110878
0.069736,-0.030904,0.297879
0.066658,-0.026343,0.300482
0.065434,-0.024891,0.301914
0.066774,-0.022423,0.302888
0.063167,-0.020510,0.305326
0.063488,-0.017933,0.305677
0.060715,-0.017072,0.306386
0.059040,-0.018058,0.306945
0.060645,-0.015237,0.309444
0.057614,-0.015717,0.309302
0.055631,-0.012470,0.310728
0.056957,-0.011457,0.310303
0.054667,-0.011556,0.311640
0.053813,-0.011409,0.312190
0.052068,-0.009101,0.310734
0.052431,-0.010633,0.312218
0.051420,-0.008372,0.314255
0.049575,-0.008964,0.312892
0.048595,-0.007343,0.315130
0.046979,-0.005950,0.313024
0.046091,-0.007837,0.314120
0.044660,-0.005512,0.314424
0.043472,-0.005661,0.314885
0.040614,-0.005875,0.314467
0.041959,-0.005841,0.315606
0.038803,-0.003545,0.315727
0.040291,-0.003677,0.317208
0.036526,-0.003302,0.317357
0.036075,-0.003818,0.316295
0.035126,-0.003489,0.318324
0.033351,-0.002914,0.316139
0.031968,-0.002468,0.318286
0.030942,-0.001789,0.316767
0.031755,-0.002132,0.319049
0.029662,0.000569,0.317844
0.028267,-0.001180,0.317226
0.025736,0.000735,0.316719
0.024370,-0.001280,0.319335
0.026751,-0.001597,0.317173
0.023933,-0.000615,0.318499
0.022608,0.000897,0.320350
0.020438,-0.000292,0.318817
0.020747,0.000113,0.320933
0.020323,0.000021,0.319985
0.019244,-0.000416,0.319691
0.017106,0.001089,0.319185
0.016302,-0.000409,0.318772
0.016230,0.000348,0.319625
0.014630,-0.000056,0.317859
0.013855,-0.001093,0.320055
0.010992,0.000199,0.319309
0.011741,-0.001953,0.322123
0.010728,-0.002602,0.319454
0.006981,-0.002274,0.318597
0.007314,-0.000766,0.317262
0.009580,-0.001476,0.317475
0.005931,-0.002283,0.318512
0.003880,-0.002480,0.316108
0.003895,-0.005317,0.315842
0.002227,-0.003453,0.315756
0.002200,-0.004627,0.313850
-0.001013,-0.005757,0.314589
-0.000372,-0.006783,0.314020
-0.000326,-0.010333,0.314343
-0.003125,-0.010477,0.311531
-0.003368,-0.010704,0.311891
-0.003315,-0.009848,0.310226
-0.005027,-0.011625,0.312955
-0.007117,-0.010491,0.311267
-0.007236,-0.013042,0.311415
-0.008611,-0.012343,0.309804
-0.010380,-0.012319,0.310436
-0.010557,-0.009616,0.312540
-0.010806,-0.010923,0.309549
-0.014717,-0.012514,0.312153
-0.013757,-0.012404,0.309982
-0.014761,-0.012236,0.310752
-0.018716,-0.013267,0.311161
-0.017669,-0.012809,0.310427
-0.017540,-0.013777,0.310158
-0.020315,-0.011018,0.310409
-0.020698,-0.011107,0.311939
-0.022850,-0.012764,0.311188
-0.024626,-0.010244,0.310238
-0.023022,-0.011113,0.311081
-0.025273,-0.010103,0.310731
-0.024929,-0.009153,0.312037
-0.027648,-0.009586,0.312119
-0.029848,-0.009465,0.313161
-0.028713,-0.009894,0.312744
-0.031158,-0.009726,0.314558
-0.032654,-0.008070,0.314150
-0.033144,-0.009080,0.313468
-0.034579,-0.008299,0.314510
-0.034755,-0.009067,0.313453
-0.035511,-0.008554,0.313771
-0.037782,-0.006872,0.314057
-0.038011,-0.009924,0.314556
-0.041168,-0.007878,0.313267
-0.039158,-0.006644,0.313891
-0.041670,-0.007116,0.311105
-0.042569,-0.006665,0.312607
-0.043719,-0.009613,0.313734
-0.044561,-0.007755,0.313899
-0.047765,-0.008411,0.313563
-0.047124,-0.007831,0.314327
-0.048296,-0.006230,0.314438
-0.048797,-0.007866,0.311865
-0.049181,-0.009622,0.313518
-0.051945,-0.006413,0.314791
-0.052251,-0.010765,0.313024
-0.054870,-0.009361,0.312772
-0.053942,-0.008891,0.313259
-0.056635,-0.009188,0.312420
-0.055134,-0.009314,0.309272
-0.057518,-0.009221,0.312215
-0.060534,-0.009537,0.312666
-0.059578,-0.007484,0.310637
-0.061575,-0.008806,0.312285
-0.062226,-0.009746,0.311300
-0.064903,-0.010509,0.312641
-0.067237,0.011003,0.325897
-0.066403,0.008683,0.325025
-0.067017,0.010296,0.328481
-0.066302,0.011805,0.327282
-0.068233,0.012993,0.328838
-0.072914,0.013788,0.330007
-0.070562,0.013755,0.329806
-0.073181,0.013850,0.329359
-0.074022,0.013825,0.330192
-0.074467,0.015902,0.330459
-0.075715,0.014975,0.327994
-0.077257,0.012957,0.330309
-0.076842,0.015023,0.328092
-0.079842,0.012781,0.330652
-0.080920,0.014499,0.330963
-0.082452,0.013287,0.329963
-0.083120,0.013768,0.330396
-0.083257,0.014077,0.331501
-0.086260,0.016865,0.329206
-0.084576,0.014282,0.330017
-0.086350,0.015846,0.329724
-0.087441,0.014097,0.332016
-0.089196,0.014627,0.331549
-0.090459,0.013805,0.330983
-0.089292,0.013336,0.330892
-0.092403,0.014147,0.328795
-0.092697,0.014141,0.330126
-0.093751,0.014962,0.330288
-0.096286,0.013787,0.330123
-0.095490,0.013878,0.330739
-0.096901,0.012339,0.328817
-0.099964,0.011726,0.328842
-0.098533,0.013176,0.328005
-0.100431,0.009861,0.328135
-0.100955,0.009659,0.325010
-0.103736,0.011441,0.326357
-0.103579,0.010825,0.325843
-0.103437,0.008596,0.324512
-0.106284,-0.024423,0.300922
-0.106596,-0.024985,0.301290
-0.109854,-0.024018,0.301223
-0.110105,-0.026971,0.301947
-0.110994,-0.027167,0.300898
-0.110543,-0.027260,0.300931
-0.112703,-0.027378,0.300179
-0.114667,-0.029809,0.300468
-0.115517,-0.028116,0.297489
-0.116837,-0.027693,0.299661
-0.114213,-0.028466,0.298064
-0.117359,-0.028736,0.293950
-0.119212,-0.031676,0.296616
-0.122550,-0.032735,0.296384
-0.121274,-0.033919,0.294347
-0.124089,-0.032401,0.293462
-0.125261,-0.035641,0.293253
-0.124391,-0.037055,0.292887
-0.127576,-0.036143,0.293325
-0.126888,-0.039515,0.292023
-0.127636,-0.039301,0.291016
-0.128772,-0.040286,0.290687
-0.131425,-0.039804,0.289861
-0.132221,-0.042265,0.287622
-0.133977,-0.044164,0.289203
-0.134289,-0.043660,0.285007
-0.134318,-0.044413,0.284490
-0.135760,-0.045509,0.283793
-0.136242,-0.047989,0.284243
-0.141092,-0.050691,0.280105
-0.139430,-0.052464,0.281819
-0.142744,-0.052256,0.280570
-0.142069,-0.054383,0.278135
-0.144736,-0.056449,0.279686
-0.143392,-0.058159,0.277142
-0.145314,-0.059951,0.273684
-0.148169,-0.059184,0.275816
-0.147272,-0.061078,0.273932
-0.149357,-0.061953,0.271827
-0.151789,-0.064337,0.271568
-0.151379,-0.066273,0.272459
-0.153362,-0.068027,0.269685
-0.152655,-0.066909,0.269510
-0.155251,-0.072581,0.267498
-0.156203,-0.073394,0.265913
-0.157782,-0.075755,0.263630
-0.160532,-0.076732,0.260184
-0.160465,-0.078369,0.261441
-0.161720,-0.080652,0.259748
-0.162925,-0.084094,0.258632
-0.160630,-0.083840,0.259385
-0.165640,-0.085043,0.258327
-0.165629,-0.087802,0.256705
-0.167037,-0.086032,0.256730
-0.168278,-0.090863,0.253521
-0.170217,-0.091478,0.250891
-0.172262,-0.093867,0.253508
-0.172623,-0.094082,0.249974
-0.174168,-0.095341,0.251351
-0.176348,-0.096281,0.250181
-0.175627,-0.099190,0.249658
-0.177633,-0.099101,0.247083
-0.177928,-0.100435,0.245595
-0.179140,-0.102909,0.245379
-0.181590,-0.104016,0.244396
-0.182270,-0.104781,0.242625
-0.181838,-0.106257,0.241350
-0.185511,-0.105985,0.242150
-0.183911,-0.107719,0.239571
-0.186890,-0.108045,0.239440
-0.187278,-0.109741,0.240900
-0.188735,-0.112440,0.237732
-0.190868,-0.113209,0.238023
-0.191758,-0.113661,0.236876
-0.194041,-0.113294,0.235385
-0.194449,-0.114259,0.236544
-0.195992,-0.113527,0.236354
-0.196309,-0.115435,0.233159
-0.197608,-0.117543,0.234176
-0.200310,-0.119244,0.233918
-0.200166,-0.118264,0.233781
-0.201165,-0.118743,0.233084
-0.203415,-0.119464,0.233301
-0.204661,-0.122203,0.230910
-0.205121,-0.122090,0.230615
-0.207270,-0.122782,0.229434
-0.208047,-0.127124,0.229084
-0.209944,-0.124119,0.225166
-0.210368,-0.130236,0.225801
-0.211447,-0.127711,0.227623
-0.212899,-0.129712,0.226350
-0.213025,-0.132028,0.223257
-0.215252,-0.132296,0.221351
-0.216153,-0.132230,0.224248
-0.217064,-0.133819,0.221944
-0.218631,-0.136690,0.220900
-0.217981,-0.136612,0.218659
-0.219681,-0.139307,0.219987
-0.223427,-0.139876,0.219429
-0.224605,-0.140517,0.216921
-0.226247,-0.143704,0.215807
-0.227400,-0.143821,0.214405
-0.225502,-0.145170,0.214323
-0.227747,-0.147464,0.212401
-0.229584,-0.148924,0.212061
-0.232951,-0.149990,0.211538
-0.229413,-0.152351,0.208780
-0.234373,-0.151916,0.207950
-0.235718,-0.154486,0.206297
-0.236589,-0.159252,0.205384
-0.238103,-0.158847,0.203629
-0.239599,-0.160115,0.202676
-0.240123,-0.162495,0.200789
-0.239911,-0.164243,0.200471
-0.243717,-0.164380,0.198092
-0.243883,-0.167636,0.197691
-0.245138,-0.169592,0.194893
-0.246361,-0.169996,0.195803
-0.249297,-0.172707,0.193099
-0.247663,-0.173824,0.195122
-0.250320,-0.175213,0.191725
-0.253494,-0.179740,0.189878
-0.254347,-0.181080,0.188620
-0.256112,-0.181715,0.187759
-0.255371,-0.183856,0.187577
-0.257989,-0.185672,0.182159
-0.257384,-0.186649,0.184448
-0.259714,-0.188832,0.182823
-0.262109,-0.192062,0.178952
-0.262132,-0.192514,0.181080
-0.263417,-0.197641,0.179333
-0.265386,-0.199203,0.175589
-0.265663,-0.198699,0.174962
-0.268861,-0.201270,0.172927
-0.269860,-0.203743,0.171936
-0.272120,-0.206433,0.169127
-0.271496,-0.208105,0.169791
-0.275089,-0.209029,0.167072
-0.276300,-0.212641,0.166213
-0.275978,-0.212784,0.162547
-0.278531,-0.215599,0.162467
-0.279170,-0.217679,0.161118
-0.280297,-0.218123,0.159682
-0.282811,-0.222438,0.158258
-0.283817,-0.222572,0.160931
-0.285342,-0.225888,0.156772
-0.287889,-0.226986,0.154664
-0.286700,-0.228514,0.154745
-0.287377,-0.231305,0.150877
-0.292720,-0.230834,0.149937
-0.293450,-0.234438,0.148893
-0.292565,-0.237464,0.146752
-0.295354,-0.238878,0.145259
-0.297765,-0.242489,0.141632
-0.298047,-0.243733,0.141999
-0.300702,-0.244966,0.140008
-0.301653,-0.248764,0.139916
-0.304335,-0.250829,0.136571
-0.304392,-0.252644,0.133433
-0.306042,-0.257036,0.132701
-0.309281,-0.260804,0.130345
-0.307399,-0.261895,0.129456
-0.311553,-0.264308,0.128005
-0.312803,-0.266700,0.125587
-0.313554,-0.269247,0.124316
-0.313705,-0.271371,0.120152
-0.315467,-0.273099,0.119263
-0.318921,-0.278081,0.119148
-0.320671,-0.280571,0.115494
-0.321623,-0.287085,0.109658
0.069051,-0.035052,0.296947
0.067439,-0.029012,0.299046
0.065289,-0.026600,0.301261
0.064018,-0.025371,0.301285
0.060994,-0.024448,0.304656
0.060821,-0.019594,0.304223
0.059248,-0.020509,0.306529
0.057884,-0.019637,0.306400
0.058987,-0.018552,0.308464
0.057178,-0.017563,0.309630
0.057785,-0.017303,0.307447
0.054476,-0.014068,0.309898
0.053778,-0.013398,0.310764
0.051198,-0.012511,0.309327
0.051765,-0.011657,0.311604
0.049600,-0.012026,0.311833
0.050752,-0.010419,0.312802
0.048126,-0.011087,0.313774
0.047153,-0.009474,0.313874
0.044395,-0.008976,0.313240
0.045182,-0.007317,0.315265
0.043024,-0.008205,0.315710
0.041237,-0.005721,0.316204
0.039830,-0.005451,0.315690
0.042113,-0.004466,0.315893
0.038190,-0.005608,0.317318
0.039159,-0.004905,0.315339
0.037618,-0.006277,0.317367
0.035948,-0.005098,0.316637
0.034555,-0.004638,0.317699
0.032634,-0.005017,0.318680
0.033665,-0.005060,0.317873
0.030634,-0.005093,0.318155
0.029569,-0.002721,0.319134
0.027399,-0.004569,0.317287
0.026685,-0.003008,0.319157
0.025277,-0.004402,0.320154
0.025454,-0.003950,0.318556
0.024183,-0.003906,0.317340
0.023159,-0.004255,0.320657
0.022054,-0.001924,0.318435
0.020907,-0.003895,0.319376
0.020059,-0.003383,0.320372
0.018855,-0.003541,0.319691
0.018071,-0.003305,0.319590
0.016070,-0.001946,0.317761
0.015742,-0.001473,0.320240
0.014768,-0.002469,0.318395
0.012757,-0.002381,0.318585
0.012339,-0.002777,0.318236
0.011356,-0.003681,0.318399
0.011731,-0.003550,0.317210
0.009416,-0.003551,0.316024
0.008208,-0.003772,0.317732
0.006271,-0.005168,0.316632
0.006838,-0.005011,0.318267
0.007077,-0.004814,0.316852
0.004228,-0.006614,0.317096
0.001511,-0.006493,0.314818
0.004031,-0.008080,0.313775
0.001072,-0.009281,0.314718
-0.000347,-0.009607,0.312117
-0.001349,-0.012151,0.312985
-0.001493,-0.015027,0.310870
-0.003940,-0.015451,0.309522
-0.003301,-0.013237,0.310443
-0.005335,-0.017715,0.309658
-0.007208,-0.016404,0.309626
-0.007657,-0.016101,0.309446
-0.009647,-0.015743,0.309248
-0.008758,-0.014823,0.311605
-0.010969,-0.014491,0.308911
-0.012498,-0.013546,0.309238
-0.011714,-0.015264,0.312387
-0.013944,-0.014181,0.309113
-0.016334,-0.015556,0.309971
-0.015433,-0.015379,0.310049
-0.016945,-0.017101,0.310325
-0.017582,-0.012461,0.310021
-0.018995,-0.014634,0.308203
-0.021612,-0.014245,0.311256
-0.021367,-0.013150,0.312147
-0.022398,-0.012941,0.310656
-0.025168,-0.013996,0.310984
-0.026208,-0.014262,0.312815
-0.027567,-0.011875,0.312046
-0.026797,-0.011711,0.312498
-0.027887,-0.012305,0.310225
-0.029530,-0.011301,0.311462
-0.031018,-0.010724,0.314452
-0.032807,-0.010079,0.313558
-0.033203,-0.011651,0.313459
-0.032568,-0.011853,0.315520
-0.034921,-0.010833,0.312547
-0.037514,-0.011267,0.313476
-0.037635,-0.010574,0.314052
-0.038490,-0.010798,0.312523
-0.038569,-0.011378,0.311719
-0.041120,-0.009862,0.311846
-0.042050,-0.008826,0.313059
-0.043429,-0.010476,0.313774
-0.046964,-0.010652,0.312146
-0.044819,-0.010347,0.314154
-0.045072,-0.009397,0.311983
-0.045368,-0.012529,0.314328
-0.049308,-0.011604,0.313990
-0.049952,-0.011878,0.313207
-0.049174,-0.009629,0.311864
-0.051539,-0.009206,0.313860
-0.051759,-0.010467,0.313709
-0.053583,-0.012430,0.311231
-0.055865,-0.011139,0.312424
-0.056443,-0.014696,0.312751
-0.057845,-0.010983,0.313477
-0.057236,-0.012249,0.313574
-0.058245,-0.009696,0.311127
-0.060909,-0.011716,0.312507
-0.059314,-0.011335,0.312568
-0.063104,-0.010132,0.313669
-0.063583,-0.011686,0.312569
-0.064920,-0.013628,0.313303
-0.064432,-0.011130,0.311179
-0.066351,0.006748,0.324415
-0.067322,0.006819,0.325909
-0.070391,0.008355,0.326481
-0.071930,0.007266,0.324794
-0.071902,0.008678,0.328014
-0.072030,0.009281,0.327516
-0.074615,0.008617,0.325348
-0.076262,0.009402,0.326719
-0.076322,0.010059,0.326189
-0.076808,0.010665,0.328811
-0.077665,0.009562,0.326085
-0.080460,0.010019,0.328054
-0.080790,0.009729,0.327164
-0.081440,0.008380,0.328387
-0.082519,0.010942,0.328741
-0.084317,0.010332,0.328641
-0.085171,0.009428,0.328677
-0.085286,0.010661,0.330330
-0.088322,0.009344,0.328710
-0.088001,0.009663,0.328733
-0.087721,0.010102,0.329343
-0.090079,0.010437,0.328119
-0.091154,0.011079,0.329558
-0.091510,0.011252,0.329362
-0.093697,0.011346,0.328463
-0.093610,0.010436,0.329984
-0.093538,0.012076,0.329915
-0.094474,0.009489,0.330645
-0.097067,0.010710,0.326894
-0.099335,0.010377,0.327356
-0.101087,0.006173,0.324358
-0.102345,0.006973,0.324090
-0.100722,-0.024791,0.302668
-0.102271,-0.025212,0.300888
-0.104921,-0.027286,0.303474
-0.105014,-0.024533,0.302593
-0.106008,-0.024786,0.303781
-0.106362,-0.027249,0.300609
-0.107676,-0.024881,0.300938
-0.109234,-0.027929,0.300478
-0.111138,-0.028865,0.298868
-0.112421,-0.028840,0.299073
-0.112851,-0.029307,0.301557
-0.115058,-0.028718,0.299893
-0.115667,-0.029641,0.299862
-0.117909,-0.032070,0.298480
-0.118843,-0.032412,0.298163
-0.120135,-0.032645,0.299226
-0.120497,-0.032686,0.298548
-0.121661,-0.032890,0.294773
-0.121173,-0.034799,0.294124
-0.123982,-0.034054,0.293149
-0.123306,-0.036543,0.295712
-0.126816,-0.036470,0.292617
-0.126216,-0.038289,0.292569
-0.128089,-0.040228,0.292147
-0.130464,-0.041076,0.291252
-0.129326,-0.042653,0.289011
-0.131435,-0.044367,0.289075
-0.130531,-0.044467,0.287804
-0.133841,-0.044458,0.285254
-0.134163,-0.046544,0.287715
-0.135398,-0.048641,0.284368
-0.136852,-0.047599,0.285840
-0.136838,-0.052277,0.284756
-0.138574,-0.054867,0.284528
-0.140694,-0.055464,0.281333
-0.143344,-0.057383,0.280835
-0.142453,-0.056655,0.279665
-0.144880,-0.059452,0.278041
-0.144974,-0.061647,0.277682
-0.146744,-0.061682,0.276559
-0.147775,-0.063071,0.273823
-0.150727,-0.065251,0.273649
-0.149366,-0.065572,0.272635
-0.150588,-0.068763,0.273168
-0.151594,-0.068196,0.270749
-0.151272,-0.069265,0.272495
-0.153809,-0.071454,0.268680
-0.154630,-0.074478,0.268952
-0.156072,-0.073510,0.264235
-0.157939,-0.077455,0.263808
-0.159440,-0.079057,0.264329
-0.158912,-0.080834,0.263969
-0.159702,-0.082147,0.262236
-0.163421,-0.084676,0.260058
-0.163845,-0.086785,0.258154
-0.164771,-0.087458,0.257824
-0.166435,-0.090133,0.257815
-0.167083,-0.090802,0.254056
-0.167816,-0.092558,0.254615
-0.169055,-0.094328,0.252260
-0.173027,-0.094861,0.251542
-0.173301,-0.096437,0.250954
-0.172723,-0.096998,0.249867
-0.174247,-0.100494,0.250639
-0.175593,-0.099916,0.250032
-0.177401,-0.102433,0.248012
-0.179911,-0.101630,0.243776
-0.178661,-0.103066,0.245697
-0.180186,-0.104171,0.242495
-0.181757,-0.108235,0.242940
-0.183191,-0.108705,0.242800
-0.185546,-0.107970,0.242302
-0.183425,-0.109010,0.240973
-0.187588,-0.111331,0.240855
-0.187727,-0.112623,0.239510
-0.188502,-0.112419,0.237996
-0.190331,-0.114244,0.238365
-0.190861,-0.115270,0.237926
-0.191875,-0.115235,0.235315
-0.194822,-0.116765,0.236283
-0.193924,-0.117169,0.236413
-0.196592,-0.117632,0.235868
-0.197672,-0.117668,0.234217
-0.196696,-0.117533,0.235591
-0.200858,-0.119707,0.235357
-0.201509,-0.121774,0.233089
-0.204287,-0.122063,0.231768
-0.205240,-0.122694,0.228185
-0.205845,-0.125555,0.231963
-0.205679,-0.125685,0.228302
-0.207130,-0.126451,0.229291
-0.208007,-0.127787,0.226624
-0.210528,-0.131282,0.227560
-0.209816,-0.127862,0.227035
-0.211655,-0.132309,0.225555
-0.212869,-0.133475,0.225844
-0.213936,-0.132671,0.225301
-0.216064,-0.133409,0.222537
-0.216541,-0.136111,0.221572
-0.218711,-0.137946,0.221811
-0.220768,-0.138041,0.220439
-0.222014,-0.139135,0.218967
-0.222130,-0.140219,0.216826
-0.224953,-0.142360,0.217006
-0.226046,-0.144687,0.216734
-0.225373,-0.146450,0.214792
-0.226972,-0.147012,0.214532
-0.228355,-0.147437,0.214284
-0.230524,-0.148971,0.209996
-0.229263,-0.151561,0.209760
-0.231507,-0.152395,0.209831
-0.233823,-0.155159,0.207750
-0.233899,-0.158536,0.205910
-0.236071,-0.157590,0.204812
-0.238339,-0.159628,0.203136
-0.239629,-0.163094,0.203120
-0.239380,-0.163698,0.200592
-0.244648,-0.166452,0.200458
-0.244070,-0.168137,0.200294
-0.242872,-0.170904,0.198048
-0.245769,-0.171202,0.197156
-0.247709,-0.172105,0.194733
-0.248849,-0.175450,0.194558
-0.250244,-0.176083,0.194245
-0.252444,-0.176102,0.192224
-0.252360,-0.179536,0.190781
-0.252614,-0.180422,0.190872
-0.253929,-0.181676,0.187702
-0.254113,-0.184460,0.186059
-0.257539,-0.187620,0.184703
-0.260531,-0.188436,0.184673
-0.259773,-0.190335,0.183810
-0.260378,-0.190418,0.178542
-0.262799,-0.194505,0.179877
-0.263497,-0.197178,0.178905
-0.267856,-0.197150,0.177360
-0.266514,-0.200185,0.176626
-0.268001,-0.201264,0.173780
-0.267418,-0.202980,0.171153
-0.271627,-0.207245,0.171380
-0.271368,-0.206787,0.169313
-0.273961,-0.210629,0.167637
-0.277041,-0.212217,0.165474
-0.277557,-0.212148,0.165330
-0.279044,-0.216480,0.165618
-0.278332,-0.217557,0.161092
-0.280369,-0.220714,0.159452
-0.282423,-0.221701,0.158861
-0.284053,-0.224890,0.158147
-0.284011,-0.224869,0.156388
-0.287443,-0.229239,0.154006
-0.287702,-0.229392,0.154349
-0.289231,-0.232347,0.151724
-0.290998,-0.233524,0.151558
-0.293846,-0.235774,0.148462
-0.295660,-0.236785,0.147629
-0.292719,-0.240061,0.149027
-0.297635,-0.242653,0.145978
-0.299296,-0.245468,0.141946
-0.300743,-0.246324,0.142750
-0.300753,-0.248454,0.138660
-0.302953,-0.250021,0.138595
-0.304232,-0.253950,0.135269
-0.307793,-0.256853,0.134507
-0.307128,-0.259842,0.131558
-0.310413,-0.259859,0.129992
-0.311743,-0.265573,0.128937
-0.312637,-0.267265,0.127623
-0.312439,-0.268447,0.125978
-0.315649,-0.274740,0.122802
-0.316936,-0.273421,0.123021
-0.317079,-0.276907,0.119689
-0.319646,-0.279485,0.116866
-0.319872,-0.284417,0.113900
0.067182,-0.032896,0.296657
0.064051,-0.029191,0.300233
0.063052,-0.026975,0.302016
0.063267,-0.027168,0.302887
0.061107,-0.025949,0.303616
0.061307,-0.022151,0.305590
0.059464,-0.020625,0.308412
0.056320,-0.020350,0.309985
0.056807,-0.018827,0.309136
0.055994,-0.016170,0.309362
0.053269,-0.015905,0.310989
0.052555,-0.017053,0.310180
0.051712,-0.013804,0.313747
0.049676,-0.015098,0.311059
0.048780,-0.012879,0.313215
0.047793,-0.011305,0.313474
0.047359,-0.011996,0.313662
0.046561,-0.011858,0.314927
0.044799,-0.010618,0.313836
0.043198,-0.010623,0.315356
0.043789,-0.010679,0.315143
0.042374,-0.010221,0.314818
0.039587,-0.009522,0.317141
0.037961,-0.007096,0.314836
0.038646,-0.007575,0.315972
0.037509,-0.008009,0.316832
0.037156,-0.007990,0.316122
0.034726,-0.006497,0.318031
0.034691,-0.007719,0.315920
0.031293,-0.007028,0.316099
0.029985,-0.006831,0.318949
0.030225,-0.005354,0.317577
0.029271,-0.006181,0.318264
0.026887,-0.004716,0.317848
0.025844,-0.005685,0.316597
0.026373,-0.003902,0.318355
0.022213,-0.004595,0.318746
0.022259,-0.004955,0.319332
0.021795,-0.004246,0.320491
0.021200,-0.004339,0.317488
0.020384,-0.004630,0.319352
0.017892,-0.007210,0.318803
0.018934,-0.005348,0.317346
0.017638,-0.004776,0.319143
0.015880,-0.004013,0.317408
0.014658,-0.005673,0.320591
0.012274,-0.005894,0.319196
0.012145,-0.005316,0.318589
0.012061,-0.006674,0.318510
0.010232,-0.006430,0.317937
0.008796,-0.005382,0.318193
0.006530,-0.007524,0.317009
0.007965,-0.008302,0.315705
0.005383,-0.008663,0.316293
0.004098,-0.006167,0.315278
0.004594,-0.010592,0.317170
0.001482,-0.009491,0.315656
0.002078,-0.012426,0.315344
0.002058,-0.012793,0.311662
-0.001081,-0.014166,0.311112
-0.000476,-0.016698,0.311135
-0.000431,-0.015390,0.311117
-0.003433,-0.017949,0.309624
-0.002189,-0.015714,0.309599
-0.006022,-0.019152,0.306335
-0.007528,-0.021543,0.307715
-0.008748,-0.021284,0.307880
-0.010223,-0.020894,0.308242
-0.010740,-0.020642,0.308646
-0.011059,-0.020363,0.308464
-0.012060,-0.019305,0.309297
-0.013328,-0.018826,0.308441
-0.014147,-0.018017,0.309720
-0.016590,-0.015300,0.310210
-0.016492,-0.017307,0.310023
-0.016239,-0.015970,0.309185
-0.019514,-0.016717,0.308941
-0.020979,-0.016464,0.309083
-0.021238,-0.015669,0.310458
-0.021858,-0.015208,0.310427
-0.023588,-0.016115,0.312015
-0.022732,-0.016934,0.312025
-0.026479,-0.015806,0.311622
-0.027145,-0.015355,0.309680
-0.027374,-0.013306,0.311322
-0.028385,-0.014794,0.312708
-0.030045,-0.013603,0.311519
-0.030929,-0.014575,0.309810
-0.031852,-0.012855,0.312226
-0.033185,-0.013108,0.313771
-0.034656,-0.014508,0.312640
-0.034802,-0.013849,0.313084
-0.037105,-0.013921,0.312780
-0.037378,-0.013549,0.312671
-0.037696,-0.013506,0.312093
-0.039000,-0.013775,0.312366
-0.041579,-0.012997,0.313048
-0.041275,-0.011612,0.312183
-0.042959,-0.013634,0.313126
-0.044034,-0.012168,0.312043
-0.044062,-0.013454,0.311989
-0.046611,-0.013573,0.313103
-0.046816,-0.013223,0.313849
-0.049120,-0.011528,0.313879
-0.047147,-0.014228,0.312890
-0.049381,-0.011896,0.313181
-0.054125,-0.012802,0.312773
-0.051798,-0.012275,0.313368
-0.054547,-0.013015,0.313279
-0.054290,-0.013582,0.312909
-0.056302,-0.013669,0.314025
-0.059209,-0.011709,0.311409
-0.059410,-0.012799,0.312560
-0.059291,-0.015905,0.311691
-0.060914,-0.014118,0.311621
-0.062030,-0.013663,0.311645
-0.062817,-0.013317,0.312433
-0.063544,-0.013016,0.312214
-0.064929,-0.014188,0.311745
-0.066033,-0.014296,0.312967
-0.066964,-0.012898,0.311257
-0.069715,-0.014177,0.311673
-0.071346,-0.015667,0.310621
-0.069792,-0.013472,0.311796
-0.069727,-0.016166,0.311129
-0.071965,-0.015753,0.310350
-0.073822,-0.015811,0.308922
-0.072185,-0.016645,0.308449
-0.076090,-0.016385,0.310558
-0.074191,-0.017846,0.311730
-0.078426,-0.020427,0.309398
-0.080140,-0.019973,0.310002
-0.080357,0.004642,0.327434
-0.082554,0.003707,0.326154
-0.082709,0.005363,0.325400
-0.083544,0.006585,0.326345
-0.083849,0.005492,0.325199
-0.085019,0.006737,0.326510
-0.087962,0.006007,0.327091
-0.088375,0.007351,0.327769
-0.089470,0.005675,0.326381
-0.090453,0.006389,0.325463
-0.092357,0.006280,0.326174
-0.092989,0.006372,0.327768
-0.093899,0.007087,0.327516
-0.096923,0.007668,0.327766
-0.095225,0.003933,0.325171
-0.097272,-0.024213,0.305848
-0.095951,-0.024990,0.304497
-0.099153,-0.026180,0.303795
-0.101808,-0.024008,0.303586
-0.100311,-0.026140,0.305077
-0.102009,-0.027578,0.302582
-0.104457,-0.028627,0.301969
-0.104350,-0.026017,0.302941
-0.103417,-0.027812,0.301855
-0.106277,-0.026552,0.301353
-0.107050,-0.028058,0.302496
-0.109456,-0.028047,0.300967
-0.110540,-0.028352,0.300286
-0.113339,-0.029340,0.300995
-0.112344,-0.031404,0.301374
-0.114544,-0.029758,0.300832
-0.116041,-0.031552,0.297789
-0.116427,-0.031338,0.299302
-0.117739,-0.033695,0.297839
-0.117100,-0.033363,0.299253
-0.119787,-0.034196,0.297405
-0.118335,-0.033449,0.296051
-0.122202,-0.035580,0.295111
-0.123373,-0.035890,0.295881
-0.121484,-0.039278,0.294748
-0.124622,-0.039261,0.293743
-0.125163,-0.040851,0.293427
-0.125104,-0.042361,0.290919
-0.126422,-0.040076,0.291109
-0.128272,-0.044457,0.290139
-0.130869,-0.042923,0.290704
-0.129977,-0.045052,0.290392
-0.132007,-0.048614,0.288490
-0.133286,-0.048679,0.287434
-0.135215,-0.049204,0.284727
-0.135992,-0.051885,0.284520
-0.138183,-0.051439,0.284421
-0.140468,-0.054854,0.283840
-0.140317,-0.055456,0.281958
-0.138609,-0.056811,0.281566
-0.141580,-0.058624,0.278326
-0.142004,-0.061901,0.278208
-0.144147,-0.061542,0.278611
-0.146726,-0.063440,0.275421
-0.146650,-0.065208,0.275787
-0.146484,-0.062930,0.275926
-0.149268,-0.066436,0.274136
-0.149720,-0.068046,0.273166
-0.150486,-0.068709,0.270854
-0.153638,-0.071449,0.272920
-0.150874,-0.073648,0.271484
-0.153587,-0.073511,0.267590
-0.155507,-0.077551,0.264726
-0.156677,-0.078583,0.263535
-0.157443,-0.080525,0.265701
-0.160113,-0.080297,0.264293
-0.160249,-0.081084,0.262278
-0.162807,-0.085564,0.260603
-0.162232,-0.086898,0.259028
-0.162175,-0.087772,0.258149
-0.164949,-0.089051,0.257580
-0.166840,-0.090890,0.257268
-0.166374,-0.091255,0.254484
-0.169584,-0.095345,0.252088
-0.169765,-0.095384,0.253428
-0.169676,-0.096544,0.251484
-0.171620,-0.098508,0.249416
-0.172380,-0.098658,0.251240
-0.173806,-0.103149,0.249240
-0.176824,-0.102656,0.249197
-0.177742,-0.103245,0.249296
-0.179833,-0.105840,0.246730
-0.178718,-0.106063,0.242966
-0.182784,-0.106831,0.243840
-0.183595,-0.108478,0.243361
-0.182822,-0.108869,0.241609
-0.183563,-0.109499,0.243566
-0.185067,-0.110141,0.243180
-0.186637,-0.112486,0.241994
-0.188344,-0.113243,0.240250
-0.188221,-0.112240,0.238291
-0.192062,-0.113907,0.238304
-0.191464,-0.117389,0.240606
-0.191211,-0.116839,0.237055
-0.194302,-0.117994,0.236306
-0.195631,-0.117394,0.236542
-0.195047,-0.118677,0.237434
-0.198395,-0.119693,0.235523
-0.200378,-0.120097,0.236165
-0.199130,-0.121727,0.232376
-0.200883,-0.123276,0.233184
-0.202334,-0.123745,0.232754
-0.202129,-0.124115,0.233044
-0.205408,-0.126660,0.230886
-0.206356,-0.126226,0.228886
-0.208135,-0.128795,0.229807
-0.209383,-0.129002,0.227931
-0.211156,-0.130731,0.227501
-0.209540,-0.132222,0.227759
-0.211995,-0.130617,0.226397
-0.213228,-0.133998,0.224565
-0.213512,-0.133761,0.224409
-0.217593,-0.135504,0.222505
-0.217252,-0.137429,0.222433
-0.220514,-0.138352,0.222586
-0.220480,-0.141435,0.220321
-0.220566,-0.140960,0.219260
-0.223892,-0.142017,0.218274
-0.222875,-0.142893,0.218093
-0.224407,-0.144353,0.217567
-0.225328,-0.146385,0.215107
-0.227012,-0.148593,0.215863
-0.228811,-0.150218,0.213431
-0.229606,-0.151109,0.214508
-0.230929,-0.152133,0.212382
-0.232802,-0.153366,0.210867
-0.232804,-0.155653,0.209613
-0.234057,-0.157799,0.207399
-0.236339,-0.160698,0.205667
-0.239272,-0.160199,0.206023
-0.238333,-0.163739,0.202595
-0.241063,-0.166074,0.201898
-0.241023,-0.166410,0.202486
-0.242749,-0.166602,0.198543
-0.244107,-0.170349,0.198398
-0.246012,-0.172671,0.195402
-0.246804,-0.174330,0.194775
-0.248117,-0.174750,0.194827
-0.249642,-0.177670,0.191959
-0.251854,-0.179498,0.192358
-0.253420,-0.182151,0.190076
-0.256251,-0.182019,0.188902
-0.255427,-0.184272,0.188409
-0.256214,-0.184908,0.187629
-0.256638,-0.187824,0.184773
-0.259421,-0.188455,0.186133
-0.261030,-0.190732,0.181881
-0.261812,-0.192129,0.184088
-0.263614,-0.195013,0.181507
-0.264099,-0.196873,0.179524
-0.267087,-0.198564,0.177816
-0.266038,-0.198898,0.175739
-0.268469,-0.204728,0.174133
-0.271201,-0.205131,0.173132
-0.270101,-0.205986,0.171959
-0.272644,-0.210722,0.173408
-0.273564,-0.209840,0.170116
-0.274839,-0.214864,0.168042
-0.278326,-0.216318,0.167650
-0.276883,-0.217256,0.164449
-0.279855,-0.218325,0.163392
-0.282011,-0.219906,0.163884
-0.284815,-0.225072,0.159052
-0.283788,-0.226376,0.160595
-0.286465,-0.226993,0.156852
-0.286535,-0.228793,0.156103
-0.288548,-0.229525,0.155359
-0.289258,-0.232310,0.154160
-0.292129,-0.234010,0.152331
-0.291869,-0.234575,0.150552
-0.292022,-0.237881,0.150949
-0.295226,-0.240699,0.148966
-0.296650,-0.243978,0.146871
-0.298394,-0.244441,0.144882
-0.299811,-0.246209,0.142034
-0.301234,-0.249479,0.142462
-0.302062,-0.251950,0.139962
-0.304635,-0.254096,0.140879
-0.306070,-0.257176,0.137426
-0.305452,-0.260985,0.135393
-0.308951,-0.262700,0.131090
-0.309779,-0.265915,0.128864
-0.311305,-0.267985,0.129504
-0.313598,-0.272112,0.127745
-0.315664,-0.269901,0.123907
-0.315809,-0.274099,0.122308
-0.318315,-0.279490,0.121227
-0.320305,-0.280899,0.118314
-0.321771,-0.283828,0.116550
0.065457,-0.033631,0.299689
0.064031,-0.030804,0.300902
0.059324,-0.027164,0.302131
0.060643,-0.026087,0.305046
0.058339,-0.024715,0.305581
0.058909,-0.025127,0.305808
0.058698,-0.023072,0.308261
0.055181,-0.019548,0.308939
0.054554,-0.020354,0.310396
0.052966,-0.019196,0.309495
0.051618,-0.018341,0.310612
0.050804,-0.016482,0.309877
0.049785,-0.016065,0.313385
0.047408,-0.015909,0.311549
0.046535,-0.014961,0.312971
0.045410,-0.013216,0.315215
0.044971,-0.013492,0.312564
0.044061,-0.012043,0.315041
0.045243,-0.011304,0.315705
0.041133,-0.011588,0.315603
0.041685,-0.012455,0.314269
0.038881,-0.010461,0.315200
0.039267,-0.008580,0.316771
0.035646,-0.010249,0.316949
0.035079,-0.006304,0.317185
0.034970,-0.009837,0.317837
0.034236,-0.008050,0.317499
0.032213,-0.008738,0.319008
0.032625,-0.008682,0.317258
0.031087,-0.007735,0.317702
0.029491,-0.008786,0.317591
0.029191,-0.009097,0.317559
0.026426,-0.007106,0.318425
0.024529,-0.007591,0.317877
0.024675,-0.006712,0.319434
0.024278,-0.007413,0.319623
0.021337,-0.009208,0.320164
0.021308,-0.007319,0.319430
0.020898,-0.006390,0.318011
0.017876,-0.005561,0.318252
0.017552,-0.006867,0.318548
0.015903,-0.007179,0.316733
0.016412,-0.007679,0.318912
0.015352,-0.007792,0.318037
0.014045,-0.005962,0.318073
0.012046,-0.007933,0.318927
0.012011,-0.008553,0.318073
0.010205,-0.007382,0.318811
0.010176,-0.008966,0.317908
0.007528,-0.008354,0.318575
0.007656,-0.009934,0.315997
0.006059,-0.011198,0.317892
0.004550,-0.011930,0.315814
0.005437,-0.011563,0.315334
0.003246,-0.013241,0.314487
0.002162,-0.016213,0.313857
0.002712,-0.017903,0.312093
-0.000014,-0.018434,0.311359
-0.000046,-0.019270,0.310765
-0.001002,-0.020861,0.308120
-0.003658,-0.020403,0.308111
-0.005669,-0.022010,0.307676
-0.004347,-0.021452,0.306216
-0.004294,-0.025302,0.307437
-0.008208,-0.024394,0.307538
-0.008094,-0.026364,0.306460
-0.009302,-0.022256,0.306018
-0.010246,-0.023829,0.307116
-0.012936,-0.024002,0.307575
-0.013760,-0.023539,0.306881
-0.014537,-0.023308,0.307198
-0.015052,-0.019840,0.308130
-0.015651,-0.020071,0.307066
-0.017074,-0.020178,0.310093
-0.016906,-0.021572,0.309125
-0.020415,-0.017714,0.308455
-0.020403,-0.019824,0.307769
-0.021974,-0.018497,0.310710
-0.023150,-0.017068,0.311098
-0.025536,-0.017916,0.311204
-0.025338,-0.018319,0.310777
-0.025539,-0.018886,0.309693
-0.029269,-0.018274,0.311822
-0.028731,-0.018213,0.312191
-0.028747,-0.017624,0.313547
-0.028245,-0.015797,0.311670
-0.031540,-0.015711,0.313209
-0.033548,-0.016362,0.312055
-0.033538,-0.016366,0.312799
-0.034363,-0.016736,0.311311
-0.033711,-0.016289,0.312953
-0.036715,-0.015256,0.312891
-0.040435,-0.013985,0.312037
-0.039785,-0.015735,0.314035
-0.041503,-0.015501,0.312171
-0.044088,-0.015531,0.311730
-0.042120,-0.016160,0.311109
-0.041868,-0.017538,0.313060
-0.045192,-0.016206,0.313367
-0.047303,-0.015484,0.313098
-0.048964,-0.014318,0.313477
-0.048129,-0.017213,0.311835
-0.048675,-0.017147,0.312560
-0.050496,-0.015715,0.313760
-0.052361,-0.014980,0.311515
-0.053376,-0.013513,0.312722
-0.051955,-0.015651,0.312752
-0.055709,-0.015751,0.312461
-0.054951,-0.015835,0.312314
-0.055765,-0.016894,0.311895
-0.058337,-0.014382,0.313296
-0.059117,-0.017025,0.310465
-0.061888,-0.017768,0.313557
-0.061334,-0.017189,0.311476
-0.060291,-0.016488,0.312062
-0.062202,-0.017506,0.313284
-0.064453,-0.017165,0.313176
-0.065694,-0.019146,0.310616
-0.066853,-0.016809,0.312923
-0.067669,-0.016565,0.310652
-0.067637,-0.018134,0.309236
-0.069769,-0.018473,0.310640
-0.072828,-0.017952,0.311161
-0.071601,-0.020085,0.308512
-0.073583,-0.017313,0.308093
-0.074657,-0.021848,0.311537
-0.076203,-0.018327,0.310051
-0.078690,-0.020176,0.310406
-0.079126,-0.019523,0.309926
-0.080240,-0.021016,0.308256
-0.081124,-0.020382,0.309029
-0.081017,-0.020350,0.308434
-0.082116,-0.021382,0.309663
-0.085292,-0.022268,0.307913
-0.084174,-0.021778,0.306176
-0.087441,-0.022368,0.308408
-0.086452,-0.020221,0.307465
-0.088274,-0.023018,0.309034
-0.088561,-0.023344,0.307121
-0.091202,-0.023273,0.305347
-0.089454,-0.025842,0.307032
-0.093181,-0.022531,0.306519
-0.092806,-0.023981,0.306862
-0.095811,-0.026046,0.305914
-0.096229,-0.025528,0.304110
-0.096518,-0.025112,0.303843
-0.099053,-0.026218,0.304293
-0.099623,-0.027775,0.304934
-0.097732,-0.027472,0.302339
-0.101968,-0.028661,0.304827
-0.102086,-0.028790,0.303513
-0.102848,-0.026850,0.304093
-0.103363,-0.026572,0.303205
-0.106593,-0.029030,0.301791
-0.107558,-0.029233,0.301387
-0.108387,-0.030923,0.302316
-0.109180,-0.029440,0.301384
-0.109107,-0.032115,0.302043
-0.110497,-0.030654,0.300928
-0.111661,-0.032056,0.300154
-0.113238,-0.033207,0.300384
-0.113242,-0.033666,0.300403
-0.115223,-0.033297,0.298044
-0.116840,-0.035481,0.300143
-0.118495,-0.036024,0.298219
-0.118605,-0.037081,0.295000
-0.119914,-0.037760,0.295599
-0.122830,-0.039325,0.295061
-0.123651,-0.040003,0.294217
-0.122908,-0.041145,0.295559
-0.123852,-0.041547,0.294754
-0.124045,-0.042813,0.292739
-0.125661,-0.043907,0.292620
-0.127366,-0.044734,0.289707
-0.129323,-0.045112,0.292076
-0.130171,-0.046844,0.288323
-0.128724,-0.047393,0.287922
-0.130420,-0.049018,0.288138
-0.133201,-0.052082,0.285022
-0.135574,-0.051483,0.285272
-0.136866,-0.052930,0.285803
-0.137743,-0.055670,0.283587
-0.138058,-0.054617,0.282188
-0.140456,-0.056645,0.281878
-0.138175,-0.059885,0.280959
-0.142581,-0.059917,0.279864
-0.142698,-0.062445,0.278454
-0.143767,-0.062706,0.277087
-0.144458,-0.064889,0.277638
-0.146540,-0.064314,0.275120
-0.147796,-0.068607,0.272806
-0.147854,-0.070362,0.272665
-0.150371,-0.071534,0.271194
-0.151450,-0.073365,0.272354
-0.152336,-0.074814,0.270684
-0.154587,-0.075093,0.269945
-0.154921,-0.076262,0.267303
-0.157263,-0.079841,0.266122
-0.156147,-0.081008,0.264470
-0.156403,-0.081775,0.265023
-0.157046,-0.081510,0.263847
-0.160499,-0.085601,0.259172
-0.161975,-0.085791,0.261505
-0.161227,-0.088300,0.257649
-0.165412,-0.089360,0.257828
-0.164709,-0.091766,0.258072
-0.166357,-0.093946,0.256674
-0.168482,-0.096437,0.254882
-0.168919,-0.097241,0.252934
-0.170700,-0.098360,0.253921
-0.170617,-0.097515,0.253558
-0.171736,-0.101089,0.251159
-0.174158,-0.101198,0.251810
-0.175063,-0.100867,0.248880
-0.175946,-0.104988,0.248559
-0.176765,-0.105590,0.246532
-0.179900,-0.108276,0.247650
-0.179024,-0.108164,0.245515
-0.181802,-0.107356,0.245581
-0.182249,-0.110175,0.242614
-0.183890,-0.110812,0.244921
-0.184319,-0.114662,0.242848
-0.186905,-0.112750,0.243134
-0.189997,-0.112978,0.242254
-0.188387,-0.115688,0.240227
-0.190318,-0.116217,0.239793
-0.189197,-0.116021,0.241797
-0.192400,-0.116607,0.239228
-0.193227,-0.119203,0.237214
-0.193407,-0.120547,0.237884
-0.194532,-0.119991,0.237069
-0.196174,-0.119889,0.235330
-0.197460,-0.122373,0.233213
-0.197406,-0.122082,0.235855
-0.201659,-0.122204,0.234669
-0.202708,-0.126115,0.234291
-0.201059,-0.125999,0.230526
-0.204282,-0.124977,0.231370
-0.204797,-0.125550,0.233419
-0.205788,-0.128875,0.229567
-0.207772,-0.129716,0.231403
-0.209100,-0.128170,0.229397
-0.210239,-0.131071,0.228368
-0.210200,-0.135116,0.228367
-0.214224,-0.131988,0.227333
-0.212517,-0.135432,0.225473
-0.214896,-0.136053,0.225035
-0.214574,-0.138368,0.222778
-0.218053,-0.138804,0.223742
-0.218530,-0.139787,0.223821
-0.218380,-0.142986,0.220881
-0.221194,-0.142132,0.220626
-0.222416,-0.144195,0.220523
-0.224001,-0.147369,0.218505
-0.225556,-0.147994,0.216849
-0.226858,-0.150226,0.218103
-0.227313,-0.148383,0.214466
-0.229867,-0.151563,0.214034
-0.230277,-0.154674,0.212582
-0.231416,-0.154301,0.212058
-0.232917,-0.155457,0.213130
-0.234214,-0.158598,0.209928
-0.234997,-0.160786,0.210885
-0.236889,-0.160425,0.208565
-0.237825,-0.163277,0.207071
-0.240687,-0.164843,0.205618
-0.241576,-0.167434,0.204914
-0.240862,-0.167847,0.203048
-0.243739,-0.169743,0.201232
-0.245294,-0.171568,0.199686
-0.244637,-0.172508,0.199155
-0.245920,-0.174579,0.197626
-0.250242,-0.176694,0.196913
-0.250910,-0.179434,0.194321
-0.252269,-0.180849,0.194258
-0.251103,-0.182296,0.191630
-0.252548,-0.184423,0.190059
-0.256335,-0.183249,0.189721
-0.257112,-0.186432,0.187418
-0.257995,-0.189167,0.186506
-0.258146,-0.190341,0.185055
-0.260460,-0.192220,0.185344
-0.262450,-0.192821,0.183268
-0.263531,-0.195556,0.182110
-0.263566,-0.197618,0.179582
-0.266375,-0.197950,0.177910
-0.267262,-0.198809,0.174588
-0.268653,-0.203751,0.177276
-0.269449,-0.205246,0.175871
-0.271641,-0.206610,0.173491
-0.272985,-0.210578,0.171683
-0.272893,-0.212567,0.169628
-0.275599,-0.213564,0.170529
-0.275643,-0.215566,0.167168
-0.277374,-0.217393,0.166675
-0.279789,-0.218528,0.164591
-0.282647,-0.222315,0.162094
-0.280436,-0.222823,0.162608
-0.282731,-0.226527,0.161125
-0.282952,-0.225763,0.157907
-0.287126,-0.229203,0.158092
-0.289241,-0.233019,0.156791
-0.289892,-0.231501,0.156069
-0.291589,-0.236229,0.153503
-0.292184,-0.237853,0.153082
-0.293356,-0.239185,0.150582
-0.296573,-0.241395,0.149136
-0.297415,-0.243883,0.147084
-0.300018,-0.246144,0.145666
-0.299387,-0.245282,0.143596
-0.301648,-0.249086,0.142456
-0.302828,-0.253663,0.141583
-0.304425,-0.254259,0.140008
-0.305937,-0.257301,0.138100
-0.306046,-0.261556,0.137253
-0.307827,-0.263766,0.131631
-0.311390,-0.265564,0.131894
-0.312114,-0.266293,0.129772
-0.312560,-0.271458,0.127828
-0.315189,-0.271030,0.127220
-0.316241,-0.276377,0.124264
-0.318231,-0.277750,0.123332
-0.319991,-0.280157,0.119239
-0.320259,-0.283512,0.118362
-0.323789,-0.288992,0.114179
0.061652,-0.036230,0.298712
0.060403,-0.032432,0.301951
0.059536,-0.028532,0.305774
0.057206,-0.028512,0.306029
0.055892,-0.026102,0.307016
0.056679,-0.025012,0.306273
0.054679,-0.024666,0.308017
0.054047,-0.021274,0.308687
0.052934,-0.021334,0.310728
0.048570,-0.020263,0.310145
0.049399,-0.018234,0.312708
0.047441,-0.018974,0.312014
0.047512,-0.018325,0.313107
0.046456,-0.017303,0.313558
0.044638,-0.016653,0.315422
0.043312,-0.016310,0.313539
0.043881,-0.015659,0.315444
0.042049,-0.013630,0.314420
0.040560,-0.013163,0.316043
0.040218,-0.013079,0.316448
0.037695,-0.012195,0.314934
0.036158,-0.012001,0.315238
0.034521,-0.013387,0.317756
0.033109,-0.011936,0.317529
0.034438,-0.011706,0.316985
0.031367,-0.012341,0.317299
0.031234,-0.011354,0.317062
0.030921,-0.009660,0.318162
0.027509,-0.010828,0.318953
0.027733,-0.010668,0.318961
0.026048,-0.009430,0.318966
0.026114,-0.009393,0.318229
0.023582,-0.008673,0.319172
0.024416,-0.009556,0.317814
0.023207,-0.008081,0.319468
0.021706,-0.009703,0.320182
0.021131,-0.009015,0.319506
0.018278,-0.008535,0.318921
0.017919,-0.008598,0.319361
0.015570,-0.010646,0.319025
0.016809,-0.010238,0.318397
0.015050,-0.008797,0.319767
0.014346,-0.008620,0.317693
0.011353,-0.009110,0.317409
0.012145,-0.008818,0.317882
0.010486,-0.009835,0.318093
0.011740,-0.010480,0.317912
0.007123,-0.010730,0.316661
0.007890,-0.013556,0.316274
0.008108,-0.012063,0.316403
0.005682,-0.012962,0.317347
0.006380,-0.014552,0.314335
0.002172,-0.017474,0.311871
0.002720,-0.018235,0.313323
0.000698,-0.020034,0.311059
-0.000616,-0.020583,0.308627
-0.000145,-0.023298,0.308505
-0.001029,-0.024871,0.308521
-0.001659,-0.024396,0.306589
-0.004761,-0.029351,0.303787
-0.005080,-0.028302,0.304537
-0.006706,-0.026648,0.304740
-0.006510,-0.028753,0.303596
-0.007441,-0.027472,0.305640
-0.011363,-0.028232,0.304172
-0.011446,-0.026428,0.307287
-0.011357,-0.026550,0.305437
-0.011996,-0.024256,0.306768
-0.013727,-0.023444,0.307863
-0.015310,-0.023510,0.307092
-0.016111,-0.024547,0.307100
-0.016980,-0.024113,0.308585
-0.017452,-0.023542,0.307460
-0.019659,-0.025441,0.309164
-0.022234,-0.024037,0.311040
-0.022145,-0.021454,0.309199
-0.022740,-0.019738,0.309240
-0.023680,-0.022108,0.310524
-0.024902,-0.021415,0.310930
-0.027592,-0.020496,0.310840
-0.028141,-0.020929,0.310299
-0.029654,-0.021362,0.310026
-0.029417,-0.021002,0.309686
-0.030222,-0.018967,0.310566
-0.031265,-0.019582,0.310526
-0.033241,-0.019051,0.312964
-0.036361,-0.016623,0.311132
-0.034736,-0.020430,0.312168
-0.036983,-0.019043,0.308512
-0.037906,-0.019397,0.311339
-0.039082,-0.017845,0.313299
-0.038582,-0.018200,0.313498
-0.039359,-0.018926,0.312115
-0.042505,-0.019929,0.311870
-0.043654,-0.018974,0.312189
-0.043438,-0.016545,0.311248
-0.045034,-0.016595,0.311880
-0.045205,-0.017667,0.310697
-0.048624,-0.018314,0.313664
-0.048210,-0.017540,0.314049
-0.051233,-0.018023,0.312776
-0.050527,-0.018524,0.311954
-0.051809,-0.016547,0.312768
-0.049100,-0.017033,0.314536
-0.053338,-0.017535,0.313402
-0.054291,-0.019229,0.312342
-0.057515,-0.018373,0.312238
-0.056743,-0.019681,0.310253
-0.057489,-0.018098,0.312560
-0.059293,-0.017539,0.311977
-0.060908,-0.019394,0.313771
-0.062888,-0.019564,0.309474
-0.063493,-0.018951,0.311536
-0.063946,-0.019416,0.311897
-0.064327,-0.018729,0.311634
-0.064954,-0.019646,0.311339
-0.065691,-0.020786,0.311278
-0.066418,-0.020196,0.310821
-0.068938,-0.017832,0.310695
-0.070014,-0.018512,0.311008
-0.071665,-0.022015,0.309640
-0.072738,-0.020137,0.310472
-0.072831,-0.020008,0.310039
-0.074608,-0.020750,0.309578
-0.074610,-0.020688,0.308596
-0.075469,-0.022946,0.308220
-0.075991,-0.022514,0.309498
-0.079128,-0.023376,0.309294
-0.081317,-0.021047,0.310821
-0.081791,-0.025032,0.309456
-0.082907,-0.024123,0.309991
-0.083478,-0.023520,0.309270
-0.085147,-0.024180,0.309344
-0.087412,-0.023769,0.308844
-0.086490,-0.025536,0.307616
-0.087918,-0.023943,0.309198
-0.086939,-0.024116,0.308160
-0.089019,-0.025981,0.305489
-0.091139,-0.024958,0.306320
-0.092299,-0.023790,0.305465
-0.091843,-0.025804,0.307044
-0.095091,-0.025625,0.304842
-0.096099,-0.028035,0.304842
-0.096622,-0.029584,0.305622
-0.096326,-0.028657,0.304886
-0.099845,-0.027980,0.305714
-0.100225,-0.029981,0.305272
-0.101735,-0.028463,0.303705
-0.102263,-0.029795,0.302835
-0.101999,-0.030411,0.301920
-0.103203,-0.030791,0.302202
-0.104082,-0.032693,0.301125
-0.107884,-0.031712,0.301635
-0.106566,-0.031641,0.304178
-0.109709,-0.031592,0.302762
-0.110125,-0.035135,0.303380
-0.113177,-0.034884,0.299482
-0.112842,-0.033326,0.299614
-0.112697,-0.034724,0.299770
-0.116507,-0.035922,0.300938
-0.117820,-0.036050,0.301065
-0.116292,-0.036564,0.298829
-0.117683,-0.037818,0.297877
-0.119513,-0.040061,0.296908
-0.120627,-0.040187,0.294810
-0.121148,-0.040641,0.294590
-0.122473,-0.042664,0.295469
-0.122891,-0.042903,0.293486
-0.121575,-0.044036,0.293547
-0.125575,-0.045610,0.293876
-0.125949,-0.047205,0.290526
-0.128388,-0.046681,0.290523
-0.131506,-0.049209,0.289659
-0.130458,-0.050986,0.289859
-0.130817,-0.050647,0.288112
-0.131716,-0.052287,0.288033
-0.133057,-0.052392,0.287671
-0.134105,-0.054873,0.284597
-0.133702,-0.057573,0.285063
-0.135976,-0.059514,0.283428
-0.138964,-0.057599,0.283010
-0.139515,-0.061174,0.281301
-0.141306,-0.059873,0.282105
-0.141972,-0.063323,0.277756
-0.141903,-0.065350,0.278680
-0.145031,-0.065030,0.278854
-0.145184,-0.068314,0.274605
-0.144847,-0.070111,0.273369
-0.148618,-0.070717,0.274569
-0.148039,-0.069931,0.271758
-0.148758,-0.073570,0.271250
-0.150657,-0.074101,0.270342
-0.151712,-0.076692,0.269765
-0.153372,-0.079187,0.269779
-0.154279,-0.080343,0.265889
-0.156549,-0.082317,0.265385
-0.156692,-0.084085,0.264959
-0.156956,-0.084562,0.262433
-0.159502,-0.085271,0.264251
-0.161302,-0.087853,0.263360
-0.162285,-0.090369,0.259984
-0.161599,-0.091986,0.258821
-0.165158,-0.092373,0.259195
-0.164746,-0.095267,0.256468
-0.167894,-0.095906,0.255258
-0.168084,-0.096867,0.255269
-0.168959,-0.098430,0.255694
-0.167836,-0.099988,0.252524
-0.170769,-0.100606,0.253076
-0.171752,-0.102006,0.251736
-0.173860,-0.104343,0.248969
-0.173238,-0.103899,0.247610
-0.177765,-0.105461,0.250474
-0.177620,-0.107982,0.246153
-0.178234,-0.107115,0.249172
-0.180033,-0.109876,0.244917
-0.180887,-0.110975,0.245587
-0.181594,-0.111000,0.244574
-0.183081,-0.111751,0.241972
-0.184295,-0.112999,0.242215
-0.185833,-0.115283,0.241087
-0.185926,-0.115165,0.240443
-0.186365,-0.115762,0.240563
-0.189554,-0.117837,0.240617
-0.192073,-0.117876,0.238096
-0.191240,-0.117946,0.240721
-0.193878,-0.121492,0.238394
-0.194311,-0.120397,0.236258
-0.195996,-0.122843,0.237341
-0.196932,-0.123262,0.236082
-0.198573,-0.121763,0.237330
-0.199879,-0.123964,0.236223
-0.199135,-0.124875,0.235115
-0.201603,-0.123902,0.233811
-0.201550,-0.127613,0.234625
-0.202482,-0.126560,0.231697
-0.205791,-0.127920,0.233055
-0.205018,-0.128966,0.230641
-0.208752,-0.134064,0.230935
-0.209274,-0.131479,0.231144
-0.209729,-0.131630,0.228371
-0.211902,-0.135576,0.228433
-0.212457,-0.135683,0.228966
-0.212978,-0.136313,0.226476
-0.215371,-0.138849,0.226438
-0.215879,-0.139578,0.226469
-0.217033,-0.141897,0.224991
-0.218969,-0.141822,0.223113
-0.219850,-0.142972,0.222686
-0.222230,-0.146402,0.222166
-0.223957,-0.144221,0.220009
-0.225760,-0.148433,0.220688
-0.226143,-0.147108,0.216989
-0.225011,-0.149087,0.216369
-0.227443,-0.152242,0.215532
-0.229883,-0.151454,0.213773
-0.231205,-0.153349,0.212797
-0.231702,-0.153940,0.212362
-0.232811,-0.157759,0.211999
-0.234753,-0.157323,0.212335
-0.234674,-0.159808,0.210568
-0.236871,-0.161949,0.208684
-0.237740,-0.164285,0.207380
-0.240450,-0.164839,0.206280
-0.239552,-0.166012,0.204223
-0.242048,-0.168280,0.199666
-0.243096,-0.170813,0.203489
-0.242577,-0.171975,0.201702
-0.245495,-0.175870,0.198369
-0.248221,-0.174998,0.196918
-0.248639,-0.177630,0.196639
-0.248620,-0.178649,0.195698
-0.251791,-0.179544,0.194297
-0.252182,-0.183883,0.193015
-0.253254,-0.183679,0.191112
-0.256549,-0.187302,0.189691
-0.256148,-0.189181,0.188897
-0.259211,-0.189533,0.187956
-0.259054,-0.192277,0.187193
-0.261168,-0.191662,0.185337
-0.260869,-0.194241,0.183008
-0.261318,-0.195250,0.182609
-0.265078,-0.198801,0.181097
-0.266900,-0.201690,0.181847
-0.266314,-0.203144,0.178896
-0.268234,-0.204687,0.177570
-0.269407,-0.206102,0.174887
-0.270570,-0.208050,0.175147
-0.271799,-0.210682,0.171369
-0.273788,-0.210490,0.172225
-0.275918,-0.214137,0.169919
-0.277034,-0.217988,0.169411
-0.278499,-0.218236,0.167314
-0.280295,-0.220860,0.166620
-0.280351,-0.222043,0.165624
-0.282546,-0.223263,0.162501
-0.286550,-0.227454,0.161275
-0.285661,-0.228347,0.160147
-0.287708,-0.230653,0.158773
-0.289144,-0.232757,0.158382
-0.288998,-0.234422,0.158116
-0.288263,-0.237042,0.154772
-0.292767,-0.236857,0.153969
-0.294711,-0.239418,0.151881
-0.295427,-0.241884,0.150048
-0.297045,-0.244145,0.147918
-0.297859,-0.243961,0.147814
-0.299437,-0.248665,0.145772
-0.300660,-0.247956,0.144297
-0.303093,-0.253849,0.142517
-0.304224,-0.254960,0.141978
-0.303718,-0.257266,0.136704
-0.308308,-0.257308,0.137106
-0.308026,-0.264259,0.135140
-0.309137,-0.264494,0.133132
-0.312793,-0.268056,0.131631
-0.312224,-0.270689,0.128396
-0.315409,-0.272730,0.128304
-0.315402,-0.276804,0.126061
-0.317658,-0.279146,0.124290
-0.318528,-0.280605,0.120836
-0.321974,-0.283950,0.120018
-0.324525,-0.287502,0.116238
0.058291,-0.033389,0.302815
0.054612,-0.029746,0.305557
0.058084,-0.028820,0.306147
0.053842,-0.026405,0.308232
0.052369,-0.026321,0.308661
0.053354,-0.027115,0.310685
0.051011,-0.023228,0.309060
0.048810,-0.022977,0.310799
0.048539,-0.019341,0.310979
0.048528,-0.021200,0.310781
0.047287,-0.019453,0.312337
0.044911,-0.019868,0.314497
0.044884,-0.020012,0.313873
0.041276,-0.017578,0.312617
0.042284,-0.017848,0.315282
0.041227,-0.016864,0.313723
0.039988,-0.017106,0.315546
0.038275,-0.015698,0.316052
0.035970,-0.014826,0.316307
0.037652,-0.013519,0.316714
0.035604,-0.014011,0.316729
0.034495,-0.014788,0.315356
0.033158,-0.012991,0.315839
0.030360,-0.014171,0.316267
0.029346,-0.013685,0.315793
0.030623,-0.012709,0.319146
0.025592,-0.012452,0.318389
0.027823,-0.013519,0.317553
0.026036,-0.011414,0.318429
0.024977,-0.013110,0.318698
0.024907,-0.010055,0.318345
0.022466,-0.011627,0.318006
0.022575,-0.012152,0.318639
0.020113,-0.010682,0.319491
0.018699,-0.011286,0.319587
0.019141,-0.011769,0.318170
0.016076,-0.012317,0.317541
0.016813,-0.012010,0.318928
0.017705,-0.012150,0.317260
0.014735,-0.014198,0.317988
0.011846,-0.013855,0.316857
0.012924,-0.012263,0.315906
0.009881,-0.014616,0.316839
0.011222,-0.012202,0.317845
0.007101,-0.014108,0.317265
0.006695,-0.016294,0.314792
0.007286,-0.014258,0.314953
0.005013,-0.017517,0.313282
0.003019,-0.018902,0.313622
0.002755,-0.021661,0.309415
0.001672,-0.021949,0.309168
0.000841,-0.023389,0.309541
0.000669,-0.025176,0.306344
-0.001696,-0.032399,0.302650
0.000229,-0.031184,0.302991
-0.003015,-0.031302,0.302915
-0.002996,-0.029819,0.306824
-0.005167,-0.029722,0.302868
-0.005402,-0.032344,0.304704
-0.005287,-0.030665,0.305631
-0.009466,-0.030190,0.305131
-0.008340,-0.029254,0.305433
-0.011784,-0.028250,0.306024
-0.011880,-0.026819,0.306099
-0.013129,-0.027282,0.308472
-0.015053,-0.027022,0.306661
-0.016748,-0.027417,0.307663
-0.016851,-0.025848,0.307152
-0.018350,-0.025255,0.308173
-0.018658,-0.025910,0.309084
-0.018994,-0.025843,0.309530
-0.020392,-0.026711,0.307058
-0.021176,-0.023248,0.308802
-0.021483,-0.025557,0.309325
-0.024118,-0.022674,0.310701
-0.025432,-0.024100,0.308856
-0.025949,-0.022110,0.308612
-0.026185,-0.023812,0.308965
-0.026609,-0.022931,0.309026
-0.027088,-0.021879,0.310562
-0.030561,-0.020906,0.311680
-0.032008,-0.022582,0.310732
-0.034273,-0.021919,0.311952
-0.034516,-0.020572,0.311844
-0.034824,-0.020092,0.312299
-0.036405,-0.020615,0.312077
-0.036863,-0.021321,0.311344
-0.038038,-0.021908,0.310423
-0.039109,-0.022365,0.311750
-0.040039,-0.021561,0.311221
-0.042542,-0.022823,0.311818
-0.042783,-0.021783,0.312034
-0.043725,-0.022116,0.311615
-0.044562,-0.020034,0.312477
-0.047542,-0.020757,0.312536
-0.045390,-0.019092,0.314051
-0.047830,-0.021201,0.312774
-0.050391,-0.019698,0.313931
-0.050585,-0.020941,0.311720
-0.051924,-0.020854,0.312753
-0.052122,-0.021525,0.312565
-0.053444,-0.021576,0.312057
-0.057084,-0.018861,0.311082
-0.055825,-0.019510,0.312117
-0.058940,-0.021625,0.313100
-0.057809,-0.021385,0.312399
-0.060463,-0.022921,0.311828
-0.061076,-0.020492,0.310320
-0.061837,-0.021444,0.312109
-0.061828,-0.019634,0.311208
-0.062919,-0.019836,0.310487
-0.064291,-0.021439,0.310728
-0.065870,-0.022321,0.311550
-0.069341,-0.022804,0.311707
-0.067895,-0.024180,0.310892
-0.068367,-0.024006,0.309602
-0.070207,-0.022828,0.311661
-0.070776,-0.022021,0.308968
-0.072887,-0.024738,0.309694
-0.071708,-0.024060,0.308535
-0.076808,-0.024170,0.310382
-0.075434,-0.024590,0.309982
-0.076436,-0.023884,0.308486
-0.076651,-0.024438,0.310724
-0.079058,-0.023595,0.309312
-0.079604,-0.025030,0.309320
-0.080392,-0.025105,0.310356
-0.083425,-0.024878,0.308977
-0.085099,-0.025451,0.308218
-0.084207,-0.024908,0.308469
-0.085045,-0.025974,0.307455
-0.086198,-0.027252,0.307316
-0.087030,-0.027504,0.307802
-0.090012,-0.026240,0.306564
-0.089485,-0.026615,0.307848
-0.089417,-0.026814,0.308153
-0.091612,-0.028318,0.306476
-0.093066,-0.029076,0.307119
-0.093185,-0.028863,0.307144
-0.096069,-0.029603,0.305389
-0.096672,-0.030949,0.305584
-0.098203,-0.029293,0.306901
-0.098561,-0.030782,0.305535
-0.101671,-0.030707,0.303917
-0.101441,-0.032672,0.303949
-0.102900,-0.030703,0.304649
-0.102275,-0.031541,0.302863
-0.103606,-0.033380,0.304794
-0.106558,-0.032283,0.302327
-0.105391,-0.033653,0.302917
-0.108745,-0.034708,0.303207
-0.107825,-0.035948,0.302234
-0.112649,-0.035286,0.300848
-0.110507,-0.036166,0.301127
-0.111742,-0.036080,0.299917
-0.113533,-0.036032,0.301141
-0.115551,-0.038389,0.300052
-0.116864,-0.037934,0.300525
-0.117707,-0.039329,0.299252
-0.119099,-0.038931,0.297791
-0.119469,-0.040599,0.296895
-0.119121,-0.044077,0.296297
-0.119696,-0.043203,0.294952
-0.122044,-0.044083,0.295070
-0.122165,-0.046319,0.294129
-0.124260,-0.045474,0.292504
-0.126173,-0.047920,0.292510
-0.125925,-0.049774,0.291067
-0.128647,-0.050706,0.288837
-0.128804,-0.052126,0.288667
-0.129875,-0.051671,0.289099
-0.131258,-0.057072,0.289801
-0.132250,-0.055484,0.286609
-0.130841,-0.055850,0.286085
-0.134063,-0.056758,0.285668
-0.136090,-0.059233,0.284401
-0.138114,-0.059706,0.285132
-0.140205,-0.060364,0.282399
-0.140172,-0.062214,0.282164
-0.141441,-0.065600,0.280824
-0.142772,-0.066489,0.278222
-0.143062,-0.067024,0.277696
-0.142617,-0.067886,0.276603
-0.143218,-0.071765,0.274681
-0.145862,-0.072277,0.274343
-0.146639,-0.071219,0.274681
-0.148418,-0.075889,0.275509
-0.148300,-0.075350,0.271565
-0.150431,-0.078556,0.270559
-0.153351,-0.080609,0.268778
-0.153114,-0.081400,0.267442
-0.154889,-0.086601,0.266362
-0.155337,-0.084253,0.264316
-0.157021,-0.088786,0.263508
-0.155627,-0.088387,0.263659
-0.161161,-0.087443,0.262494
-0.160292,-0.090269,0.262883
-0.161522,-0.092210,0.259277
-0.163641,-0.093960,0.259347
-0.163851,-0.095451,0.258310
-0.165367,-0.097137,0.257395
-0.166670,-0.096944,0.257459
-0.168979,-0.098419,0.254859
-0.168469,-0.101885,0.255979
-0.170233,-0.101934,0.252882
-0.171161,-0.101323,0.252677
-0.172922,-0.103846,0.251636
-0.172994,-0.106043,0.249308
-0.174988,-0.108623,0.249166
-0.175528,-0.107598,0.249715
-0.176675,-0.109098,0.248510
-0.180795,-0.111055,0.247541
-0.179426,-0.110350,0.246533
-0.180935,-0.112535,0.246901
-0.181056,-0.111856,0.243782
-0.184164,-0.112937,0.245418
-0.185064,-0.113780,0.243346
-0.186880,-0.116657,0.242365
-0.187944,-0.118400,0.241600
-0.187989,-0.115587,0.242299
-0.189359,-0.119648,0.240989
-0.190694,-0.119876,0.240221
-0.192448,-0.119002,0.238488
-0.193288,-0.123712,0.238967
-0.195941,-0.121858,0.238403
-0.194617,-0.124291,0.237251
-0.197224,-0.124174,0.237550
-0.197827,-0.126827,0.236149
-0.197001,-0.124736,0.234721
-0.199480,-0.128064,0.234526
-0.202099,-0.128994,0.234433
-0.204332,-0.126234,0.233658
-0.203345,-0.129829,0.232908
-0.204125,-0.129138,0.233145
-0.206935,-0.133485,0.231839
-0.207987,-0.133292,0.232520
-0.206526,-0.133036,0.229794
-0.210299,-0.132436,0.232453
-0.211114,-0.133767,0.229611
-0.212903,-0.135900,0.228751
-0.215927,-0.136602,0.228166
-0.215429,-0.139672,0.226282
-0.216751,-0.140487,0.225839
-0.217350,-0.138802,0.224617
-0.218584,-0.144469,0.221724
-0.221075,-0.145640,0.221098
-0.222290,-0.146627,0.220780
-0.223839,-0.145507,0.220546
-0.224001,-0.149068,0.219855
-0.224360,-0.148154,0.219577
-0.226495,-0.150333,0.216656
-0.227733,-0.153757,0.215197
-0.228752,-0.154105,0.215483
-0.228362,-0.156254,0.211826
-0.231475,-0.157307,0.214187
-0.233431,-0.158642,0.212666
-0.233606,-0.160099,0.212307
-0.233664,-0.161840,0.209858
-0.236448,-0.162571,0.207783
-0.238238,-0.165365,0.207729
-0.239843,-0.167608,0.206670
-0.240479,-0.168759,0.203548
-0.242433,-0.172499,0.202876
-0.244926,-0.172004,0.200920
-0.243302,-0.172731,0.199118
-0.246434,-0.175779,0.199659
-0.247611,-0.178506,0.200204
-0.248842,-0.178335,0.196628
-0.249765,-0.179909,0.196236
-0.253213,-0.183376,0.194764
-0.251713,-0.185226,0.194230
-0.252989,-0.185215,0.191507
-0.255303,-0.187688,0.191315
-0.255208,-0.189466,0.189293
-0.256343,-0.190567,0.189829
-0.259303,-0.191845,0.187235
-0.259935,-0.193012,0.186355
-0.262111,-0.196036,0.186255
-0.262327,-0.198311,0.184444
-0.266005,-0.199100,0.182823
-0.265005,-0.200612,0.181736
-0.267232,-0.203093,0.182383
-0.269696,-0.205240,0.178474
-0.269455,-0.206582,0.178471
-0.270183,-0.210648,0.174949
-0.272919,-0.209804,0.175015
-0.274797,-0.213234,0.173095
-0.275847,-0.213836,0.170433
-0.278190,-0.216789,0.171548
-0.277825,-0.218493,0.169201
-0.280402,-0.219176,0.167235
-0.282201,-0.222654,0.166011
-0.281521,-0.225345,0.163494
-0.283205,-0.226524,0.161676
-0.283991,-0.227562,0.162251
-0.286414,-0.231361,0.159217
-0.288092,-0.231624,0.158489
-0.289853,-0.233430,0.157174
-0.291812,-0.237379,0.156032
-0.291278,-0.237523,0.155010
-0.292637,-0.240011,0.152368
-0.295513,-0.243147,0.151295
-0.297130,-0.244882,0.150014
-0.297360,-0.247803,0.148295
-0.300890,-0.248241,0.147914
-0.302136,-0.249892,0.146941
-0.301732,-0.251867,0.144300
-0.306258,-0.253820,0.143075
-0.304556,-0.256266,0.141128
-0.305248,-0.261597,0.139052
-0.308620,-0.262235,0.137910
-0.310424,-0.266534,0.135672
-0.309749,-0.267082,0.132017
-0.313001,-0.269910,0.129594
-0.313284,-0.272843,0.128688
-0.317728,-0.276355,0.128678
-0.315919,-0.278158,0.126638
-0.320774,-0.281354,0.123502
-0.319804,-0.284659,0.120312
-0.321530,-0.289324,0.117888
0.056554,-0.033691,0.303487
0.054980,-0.031125,0.305357
0.055369,-0.027646,0.307785
0.051892,-0.029172,0.309542
0.050867,-0.029041,0.309356
0.049325,-0.026127,0.308334
0.048997,-0.023955,0.311850
0.046652,-0.022623,0.311544
0.045845,-0.023590,0.311418
0.045781,-0.020673,0.313482
0.043619,-0.022884,0.313377
0.042105,-0.022272,0.312527
0.043093,-0.018386,0.315031
0.041263,-0.020002,0.314083
0.038799,-0.017390,0.315677
0.038218,-0.018883,0.315589
0.037123,-0.019182,0.314563
0.035850,-0.018026,0.315924
0.034512,-0.017043,0.316261
0.034565,-0.018145,0.316947
0.034213,-0.016779,0.317331
0.033447,-0.015202,0.316430
0.029567,-0.016854,0.316527
0.028741,-0.013932,0.318832
0.027804,-0.014770,0.315501
0.026757,-0.013761,0.317889
0.026630,-0.011807,0.317249
0.024898,-0.015632,0.318538
0.024616,-0.015615,0.318217
0.021937,-0.015526,0.318608
0.020138,-0.014496,0.319987
0.020512,-0.015319,0.319530
0.018874,-0.014956,0.316595
0.019347,-0.016399,0.317851
0.016815,-0.013493,0.318845
0.017920,-0.014476,0.318129
0.016134,-0.013958,0.319517
0.014809,-0.014873,0.318657
0.013133,-0.015882,0.316354
0.012657,-0.015222,0.317081
0.010865,-0.017551,0.316669
0.009144,-0.015457,0.317693
0.007426,-0.017985,0.317439
0.006631,-0.016795,0.315539
0.005497,-0.020469,0.313865
0.006176,-0.024549,0.310154
0.003808,-0.024181,0.311545
0.003909,-0.025743,0.310188
0.002493,-0.038369,0.301262
0.001290,-0.034634,0.301432
0.001845,-0.036442,0.304466
-0.000865,-0.032760,0.303410
-0.000861,-0.036039,0.304996
-0.004110,-0.033011,0.303713
-0.003912,-0.032702,0.304934
-0.004969,-0.032951,0.304709
-0.006991,-0.031996,0.305335
-0.007825,-0.033114,0.304110
-0.007705,-0.030855,0.306212
-0.010329,-0.032777,0.304691
-0.010306,-0.033114,0.306466
-0.012633,-0.031500,0.306657
-0.011880,-0.030249,0.307257
-0.014435,-0.031010,0.305706
-0.015955,-0.028802,0.306621
-0.016799,-0.029031,0.307344
-0.016746,-0.029211,0.307564
-0.018063,-0.027438,0.307300
-0.018405,-0.027224,0.310774
-0.020297,-0.027846,0.310026
-0.020798,-0.025894,0.310180
-0.022226,-0.026024,0.310637
-0.023604,-0.025150,0.309175
-0.023643,-0.025093,0.309695
-0.028248,-0.025150,0.308596
-0.026983,-0.025105,0.310337
-0.027825,-0.023333,0.310215
-0.028454,-0.024186,0.311333
-0.030594,-0.025223,0.310392
-0.032040,-0.025452,0.309669
-0.032995,-0.024111,0.311980
-0.034695,-0.025211,0.309463
-0.034847,-0.024649,0.311415
-0.035795,-0.021875,0.310189
-0.037087,-0.022952,0.311557
-0.040142,-0.024057,0.313215
-0.040083,-0.024246,0.310312
-0.040689,-0.022261,0.310466
-0.042214,-0.021791,0.311725
-0.041354,-0.023307,0.312191
-0.043001,-0.020611,0.311552
-0.046365,-0.021145,0.311589
-0.045778,-0.020317,0.310774
-0.046969,-0.024407,0.312908
-0.048303,-0.022073,0.313452
-0.049119,-0.022014,0.312095
-0.049717,-0.022029,0.312251
-0.051523,-0.021205,0.311519
-0.052467,-0.022472,0.313982
-0.052523,-0.022310,0.312178
-0.055677,-0.022761,0.311153
-0.055985,-0.021857,0.313559
-0.056995,-0.022399,0.311975
-0.057728,-0.024418,0.313878
-0.060059,-0.022956,0.310957
-0.059763,-0.023913,0.311259
-0.061925,-0.023029,0.310137
-0.060958,-0.023719,0.311185
-0.062568,-0.024398,0.310587
-0.064622,-0.022751,0.313925
-0.064650,-0.023434,0.311137
-0.066289,-0.023652,0.312671
-0.069104,-0.023001,0.311814
-0.068100,-0.025607,0.312199
-0.070865,-0.023930,0.311446
-0.070522,-0.024183,0.310741
-0.072150,-0.023880,0.308867
-0.073268,-0.025374,0.310672
-0.073867,-0.026920,0.310040
-0.075704,-0.025397,0.309817
-0.076115,-0.025872,0.310478
-0.076980,-0.027870,0.308152
-0.080407,-0.024563,0.312202
-0.079590,-0.025992,0.309192
-0.081090,-0.026816,0.308168
-0.081939,-0.025427,0.307929
-0.084105,-0.028688,0.309247
-0.084759,-0.026875,0.306912
-0.084395,-0.026691,0.306234
-0.088752,-0.027963,0.306982
-0.087901,-0.029942,0.306652
-0.089644,-0.028437,0.306325
-0.090222,-0.030008,0.307187
-0.090355,-0.029232,0.306622
-0.092455,-0.030328,0.308110
-0.092399,-0.030451,0.306724
-0.093175,-0.032122,0.307279
-0.094955,-0.030449,0.305244
-0.097206,-0.031951,0.305912
-0.097119,-0.030252,0.304333
-0.098491,-0.032880,0.305985
-0.102003,-0.032295,0.303481
-0.101996,-0.034551,0.304818
-0.102892,-0.036022,0.304432
-0.102049,-0.033889,0.304154
-0.106526,-0.032162,0.303027
-0.105768,-0.034651,0.303247
-0.104936,-0.035782,0.301449
-0.108619,-0.035527,0.301849
-0.108732,-0.035556,0.302317
-0.108783,-0.037767,0.299080
-0.111521,-0.036357,0.300995
-0.111949,-0.040682,0.300926
-0.114525,-0.040828,0.298352
-0.114588,-0.041114,0.300190
-0.115835,-0.041429,0.297704
-0.116981,-0.042943,0.299827
-0.117135,-0.042326,0.298051
-0.118902,-0.045150,0.295338
-0.121248,-0.043761,0.296607
-0.120537,-0.044160,0.294139
-0.124326,-0.044491,0.294266
-0.123447,-0.047649,0.295411
-0.124270,-0.049160,0.296044
-0.125379,-0.050903,0.293553
-0.127714,-0.050462,0.292058
-0.126452,-0.050288,0.290213
-0.127847,-0.054317,0.289377
-0.130014,-0.055737,0.288002
-0.132185,-0.057280,0.285799
-0.131121,-0.057292,0.284934
-0.133815,-0.060323,0.286745
-0.133552,-0.060641,0.284607
-0.137127,-0.061769,0.284820
-0.136394,-0.061798,0.281267
-0.138288,-0.064629,0.282363
-0.138023,-0.065442,0.280637
-0.141103,-0.067270,0.280727
-0.142383,-0.068569,0.276681
-0.141539,-0.072655,0.277157
-0.143041,-0.070465,0.277268
-0.144785,-0.074317,0.276305
-0.144964,-0.075376,0.274169
-0.145580,-0.076807,0.274065
-0.148905,-0.077308,0.274326
-0.149540,-0.080119,0.271438
-0.148463,-0.080458,0.268934
-0.150380,-0.081652,0.268094
-0.152142,-0.085496,0.268515
-0.154766,-0.085963,0.266020
-0.156011,-0.088592,0.265076
-0.156933,-0.090986,0.262662
-0.158038,-0.090615,0.261837
-0.159902,-0.092255,0.262392
-0.160095,-0.092305,0.259659
-0.161842,-0.094761,0.261301
-0.161765,-0.093956,0.258998
-0.164877,-0.096098,0.257334
-0.166323,-0.096044,0.257818
-0.167067,-0.100139,0.257886
-0.168310,-0.102021,0.254382
-0.169787,-0.102502,0.254096
-0.169719,-0.103905,0.253748
-0.173107,-0.106281,0.253618
-0.172193,-0.106884,0.252090
-0.175487,-0.109612,0.249714
-0.175838,-0.108466,0.249805
-0.177157,-0.109897,0.247538
-0.177917,-0.111087,0.247131
-0.178728,-0.112641,0.248659
-0.177837,-0.113359,0.244342
-0.179701,-0.112976,0.246668
-0.181366,-0.115300,0.246097
-0.184407,-0.116001,0.245294
-0.185370,-0.117769,0.244347
-0.185133,-0.116332,0.243784
-0.186918,-0.118462,0.242752
-0.186747,-0.119417,0.244112
-0.188279,-0.120094,0.241192
-0.191384,-0.119732,0.240925
-0.192521,-0.123567,0.240804
-0.191236,-0.123029,0.239665
-0.193536,-0.123905,0.237934
-0.195322,-0.124810,0.238543
-0.197549,-0.123465,0.238742
-0.198586,-0.124376,0.236706
-0.196701,-0.128211,0.236026
-0.199697,-0.129346,0.236386
-0.201613,-0.128469,0.236254
-0.202470,-0.128874,0.235295
-0.203206,-0.130105,0.234867
-0.205008,-0.132163,0.231917
-0.205767,-0.132433,0.234524
-0.206827,-0.132915,0.232050
-0.207643,-0.133605,0.232808
-0.209801,-0.133030,0.229283
-0.210828,-0.136342,0.230341
-0.211896,-0.138365,0.230080
-0.215605,-0.140734,0.227091
-0.217158,-0.139657,0.228011
-0.216542,-0.142582,0.226116
-0.218055,-0.143527,0.224386
-0.219382,-0.143031,0.222770
-0.221186,-0.145322,0.223308
-0.220282,-0.146434,0.222708
-0.223312,-0.147308,0.219978
-0.221575,-0.150150,0.220214
-0.224599,-0.150919,0.218762
-0.226229,-0.152113,0.219257
-0.228728,-0.154175,0.215611
-0.227043,-0.154713,0.214627
-0.230468,-0.156804,0.215788
-0.232108,-0.158039,0.216560
-0.231464,-0.158567,0.212551
-0.233558,-0.162058,0.212587
-0.235234,-0.164044,0.210870
-0.236214,-0.164805,0.210303
-0.236934,-0.167171,0.208570
-0.239452,-0.168578,0.207473
-0.240645,-0.169653,0.205671
-0.241101,-0.170472,0.205297
-0.243881,-0.172424,0.203362
-0.244696,-0.175575,0.204471
-0.246466,-0.176328,0.202232
-0.249638,-0.178676,0.202240
-0.247689,-0.180985,0.197314
-0.251083,-0.183316,0.196921
-0.251928,-0.184546,0.194805
-0.252128,-0.185268,0.194513
-0.253620,-0.187901,0.192356
-0.256534,-0.188051,0.191349
-0.256094,-0.189874,0.190677
-0.257821,-0.192189,0.189699
-0.260635,-0.193138,0.190165
-0.262112,-0.194978,0.187269
-0.262107,-0.195385,0.185770
-0.262704,-0.199399,0.185268
-0.263961,-0.201391,0.182334
-0.267147,-0.203488,0.182560
-0.264992,-0.205202,0.183327
-0.267290,-0.204257,0.178977
-0.270805,-0.208344,0.179334
-0.271526,-0.208840,0.176041
-0.273662,-0.210114,0.175492
-0.274468,-0.214258,0.172524
-0.274175,-0.216214,0.172072
-0.277121,-0.218126,0.172858
-0.278332,-0.219829,0.169824
-0.280777,-0.220669,0.167150
-0.282594,-0.222265,0.167372
-0.282481,-0.226744,0.164175
-0.284350,-0.226901,0.162590
-0.285734,-0.229383,0.161537
-0.285176,-0.231051,0.161624
-0.288012,-0.233735,0.160177
-0.290224,-0.235577,0.158434
-0.293730,-0.237483,0.157723
-0.292222,-0.239864,0.154643
-0.293730,-0.242481,0.154121
-0.295306,-0.244850,0.151617
-0.296596,-0.244748,0.150614
-0.298187,-0.248565,0.151121
-0.299699,-0.248687,0.149529
-0.299738,-0.250208,0.147526
-0.303817,-0.253248,0.144457
-0.303195,-0.255233,0.144230
-0.305901,-0.257092,0.142405
-0.307719,-0.259840,0.138309
-0.309713,-0.262111,0.139262
-0.311343,-0.265785,0.136912
-0.310830,-0.268646,0.133750
-0.314023,-0.270606,0.133616
-0.314646,-0.273593,0.130517
-0.316228,-0.276170,0.129874
-0.317337,-0.277656,0.126914
-0.320103,-0.281962,0.122433
-0.321599,-0.282672,0.121966
-0.324054,-0.287676,0.120066
0.055272,-0.038064,0.302378
0.053479,-0.035160,0.305537
0.051302,-0.033678,0.306948
0.050694,-0.031392,0.306435
0.049079,-0.029502,0.307700
0.046823,-0.028187,0.309936
0.045723,-0.028211,0.311290
0.044671,-0.026008,0.310626
0.045601,-0.024187,0.312095
0.043845,-0.025558,0.314580
0.042422,-0.025440,0.313376
0.042270,-0.023619,0.312969
0.040809,-0.021798,0.312675
0.038344,-0.021486,0.313571
0.036722,-0.022406,0.316733
0.034885,-0.020252,0.316974
0.035332,-0.021437,0.314299
0.033666,-0.020011,0.315115
0.032002,-0.021268,0.315211
0.032812,-0.020951,0.317743
0.030688,-0.018481,0.316616
0.028749,-0.017636,0.315680
0.027877,-0.017559,0.316036
0.026561,-0.019114,0.316191
0.024088,-0.017184,0.317927
0.023425,-0.016424,0.317601
0.023137,-0.017533,0.317013
0.022343,-0.016525,0.318690
0.021384,-0.018620,0.318333
0.022718,-0.016194,0.318157
0.019280,-0.017924,0.317897
0.015605,-0.016091,0.318118
0.018874,-0.017619,0.318596
0.015514,-0.019316,0.316650
0.015970,-0.016807,0.316734
0.015808,-0.017329,0.316905
0.013714,-0.017488,0.318676
0.011913,-0.017577,0.317131
0.010282,-0.017716,0.316554
0.010876,-0.018464,0.318348
0.006192,-0.020130,0.315678
0.006838,-0.023540,0.313062
0.007668,-0.041942,0.300221
0.005849,-0.044404,0.300494
0.004513,-0.042952,0.300252
0.005329,-0.042647,0.298460
0.003026,-0.042364,0.298167
0.000908,-0.040270,0.299776
0.002211,-0.040603,0.300770
-0.000909,-0.040595,0.301051
-0.000546,-0.039087,0.301298
-0.002333,-0.037627,0.304683
-0.003518,-0.036924,0.303151
-0.004147,-0.034625,0.303017
-0.005699,-0.034727,0.305246
-0.009304,-0.035360,0.303813
-0.007601,-0.031781,0.305215
-0.009505,-0.033971,0.305438
-0.011745,-0.034472,0.304421
-0.010557,-0.032565,0.305941
-0.013104,-0.033110,0.305981
-0.014286,-0.031597,0.308126
-0.017229,-0.032319,0.307108
-0.015607,-0.029662,0.307478
-0.017298,-0.031244,0.307274
-0.018542,-0.030390,0.307423
-0.019119,-0.032371,0.307781
-0.020014,-0.030319,0.308293
-0.022249,-0.029216,0.309263
-0.020829,-0.027644,0.309894
-0.023354,-0.029131,0.309178
-0.025713,-0.031203,0.311533
-0.026395,-0.026296,0.310452
-0.027963,-0.028629,0.311156
-0.028594,-0.027554,0.309363
-0.030065,-0.027863,0.312113
-0.030123,-0.025190,0.308973
-0.031888,-0.028370,0.310177
-0.032506,-0.027924,0.311344
-0.033786,-0.024340,0.311784
-0.034787,-0.024982,0.309648
-0.035338,-0.026835,0.311736
-0.038084,-0.024414,0.310535
-0.038370,-0.026266,0.311922
-0.039759,-0.026914,0.309625
-0.041277,-0.026925,0.311261
-0.042666,-0.028326,0.312695
-0.043256,-0.026597,0.310944
-0.043970,-0.024815,0.311370
-0.045201,-0.025317,0.312119
-0.045211,-0.026320,0.311768
-0.047621,-0.025359,0.312862
-0.047745,-0.024042,0.313020
-0.049977,-0.025209,0.312443
-0.048692,-0.024681,0.312318
-0.052126,-0.024657,0.312170
-0.050804,-0.024208,0.310961
-0.053331,-0.023695,0.312423
-0.054895,-0.025126,0.312594
-0.055692,-0.025549,0.310917
-0.056721,-0.023712,0.311816
-0.059079,-0.025355,0.312111
-0.059124,-0.026832,0.312710
-0.060905,-0.027317,0.312036
-0.061366,-0.024488,0.309692
-0.062055,-0.026002,0.311356
-0.062594,-0.024433,0.309152
-0.064611,-0.025158,0.312902
-0.066133,-0.026929,0.309631
-0.067489,-0.025779,0.312405
-0.068739,-0.027679,0.310052
-0.068204,-0.029178,0.311957
-0.069328,-0.026226,0.311290
-0.070013,-0.027596,0.311192
-0.072524,-0.027216,0.310738
-0.073642,-0.026885,0.311427
-0.072947,-0.029089,0.309122
-0.075699,-0.027318,0.310853
-0.077357,-0.028308,0.311148
-0.078345,-0.029166,0.308885
-0.079482,-0.027527,0.309526
-0.079315,-0.026622,0.310134
-0.081160,-0.028216,0.309786
-0.082421,-0.029264,0.310878
-0.084436,-0.029351,0.309251
-0.084473,-0.029629,0.308668
-0.086215,-0.028798,0.309331
-0.086384,-0.029587,0.308491
-0.088749,-0.031436,0.308465
-0.088074,-0.031342,0.307792
-0.090263,-0.032386,0.305623
-0.092070,-0.033747,0.305597
-0.092144,-0.034106,0.307104
-0.092327,-0.032097,0.305334
-0.092339,-0.032056,0.306526
-0.095009,-0.031605,0.306657
-0.096758,-0.033948,0.304679
-0.098229,-0.034178,0.304547
-0.098679,-0.033779,0.306028
-0.100515,-0.035082,0.305028
-0.100399,-0.035708,0.303052
-0.102710,-0.035944,0.303600
-0.104242,-0.035993,0.303742
-0.104939,-0.035939,0.305175
-0.104747,-0.038233,0.303106
-0.107142,-0.037124,0.302251
-0.108299,-0.038727,0.302322
-0.108259,-0.039588,0.302181
-0.110010,-0.040390,0.299988
-0.110539,-0.038459,0.301327
-0.110851,-0.041314,0.298281
-0.112333,-0.042458,0.298678
-0.115721,-0.044453,0.300810
-0.114099,-0.043677,0.298205
-0.116955,-0.045930,0.297718
-0.118234,-0.044273,0.297522
-0.118117,-0.046520,0.297319
-0.119877,-0.048525,0.294868
-0.120539,-0.047852,0.295307
-0.122324,-0.049055,0.295156
-0.123896,-0.048911,0.293403
-0.124143,-0.052354,0.292897
-0.124371,-0.052871,0.291600
-0.127262,-0.056247,0.290279
-0.128097,-0.055077,0.289269
-0.128216,-0.056312,0.289704
-0.130726,-0.057531,0.288192
-0.131731,-0.059184,0.288248
-0.134524,-0.059943,0.286451
-0.133010,-0.061915,0.286278
-0.133726,-0.062392,0.283833
-0.134507,-0.063603,0.283962
-0.137463,-0.063993,0.282926
-0.136759,-0.066808,0.281930
-0.140090,-0.069325,0.281281
-0.140901,-0.072361,0.278895
-0.141332,-0.072229,0.278877
-0.143603,-0.072395,0.278049
-0.145418,-0.073980,0.276932
-0.145414,-0.074874,0.276466
-0.146631,-0.078690,0.274885
-0.147602,-0.079704,0.272244
-0.147758,-0.080376,0.271009
-0.150987,-0.083514,0.272467
-0.150594,-0.083905,0.271214
-0.150928,-0.083853,0.267625
-0.153493,-0.087414,0.268634
-0.155886,-0.088680,0.265163
-0.155333,-0.091131,0.263972
-0.157839,-0.093037,0.264971
-0.159133,-0.093286,0.262734
-0.159267,-0.092694,0.262943
-0.160580,-0.094346,0.259534
-0.162454,-0.096705,0.260477
-0.164867,-0.099544,0.261533
-0.164835,-0.097840,0.257947
-0.165080,-0.101085,0.256669
-0.166605,-0.101617,0.256092
-0.168813,-0.103861,0.254682
-0.167639,-0.105834,0.254128
-0.172311,-0.106914,0.253295
-0.171884,-0.107612,0.253155
-0.173763,-0.109723,0.250834
-0.173500,-0.111382,0.248953
-0.176002,-0.110421,0.250472
-0.174908,-0.111498,0.249508
-0.176698,-0.111929,0.246889
-0.177225,-0.113619,0.247850
-0.179991,-0.115022,0.248409
-0.182649,-0.115626,0.246047
-0.182167,-0.117347,0.243897
-0.180521,-0.116776,0.247223
-0.185140,-0.119221,0.244791
-0.186481,-0.120103,0.244687
-0.185632,-0.118874,0.243599
-0.188367,-0.120849,0.242733
-0.190940,-0.121819,0.242021
-0.191571,-0.124535,0.241459
-0.190504,-0.124272,0.241021
-0.193628,-0.125884,0.240515
-0.194097,-0.125384,0.240469
-0.193846,-0.127967,0.238423
-0.196326,-0.128709,0.239320
-0.196507,-0.129052,0.237562
-0.198518,-0.127769,0.236501
-0.198314,-0.129730,0.234410
-0.201515,-0.131688,0.236629
-0.203211,-0.131468,0.236210
-0.205801,-0.134311,0.232489
-0.203876,-0.132951,0.232916
-0.206599,-0.134154,0.232703
-0.210111,-0.135691,0.231617
-0.207838,-0.135572,0.230470
-0.209862,-0.136633,0.231138
-0.210716,-0.139351,0.229114
-0.212892,-0.139078,0.229547
-0.213899,-0.140980,0.230320
-0.213693,-0.141524,0.226864
-0.214561,-0.143151,0.228930
-0.216793,-0.144891,0.223425
-0.219156,-0.145970,0.224402
-0.222159,-0.149109,0.222969
-0.221022,-0.148612,0.221982
-0.223043,-0.149626,0.222028
-0.223484,-0.150412,0.221169
-0.226493,-0.152211,0.217617
-0.226827,-0.152486,0.217571
-0.226646,-0.153980,0.215796
-0.228888,-0.158401,0.215254
-0.230220,-0.158680,0.216716
-0.231264,-0.160224,0.213913
-0.234584,-0.162554,0.215127
-0.233524,-0.163062,0.211754
-0.236082,-0.164430,0.210687
-0.238781,-0.165965,0.211342
-0.237730,-0.167627,0.209487
-0.238250,-0.170118,0.209354
-0.242180,-0.172162,0.208053
-0.242283,-0.172792,0.205181
-0.243209,-0.175014,0.205118
-0.245860,-0.175281,0.202274
-0.244491,-0.177175,0.203221
-0.246654,-0.176512,0.201005
-0.250353,-0.182314,0.197147
-0.250613,-0.182556,0.197808
-0.250763,-0.184894,0.195968
-0.252011,-0.186655,0.197260
-0.254487,-0.189173,0.192787
-0.254296,-0.189445,0.193776
-0.256284,-0.192502,0.191549
-0.258373,-0.192560,0.190938
-0.258998,-0.196123,0.188568
-0.261103,-0.195898,0.186637
-0.261558,-0.200489,0.186070
-0.261278,-0.201621,0.185907
-0.265551,-0.201764,0.184365
-0.265742,-0.204199,0.182573
-0.268335,-0.205366,0.179164
-0.266909,-0.207846,0.179681
-0.268009,-0.209065,0.178546
-0.269179,-0.210996,0.177832
-0.271804,-0.211942,0.176905
-0.274808,-0.214655,0.175150
-0.275725,-0.215641,0.172012
-0.279016,-0.218290,0.174395
-0.278814,-0.221248,0.171565
-0.280479,-0.222152,0.169260
-0.279879,-0.223843,0.166544
-0.281346,-0.225703,0.165477
-0.284176,-0.227616,0.164831
-0.284272,-0.229088,0.164142
-0.287473,-0.232971,0.161880
-0.288231,-0.237310,0.159874
-0.290446,-0.237410,0.160012
-0.290929,-0.240146,0.158192
-0.290640,-0.240309,0.157854
-0.293391,-0.243505,0.156350
-0.295069,-0.245775,0.152579
-0.297585,-0.246529,0.152996
-0.298168,-0.248780,0.151762
-0.299991,-0.249331,0.148464
-0.300041,-0.252677,0.147983
-0.301935,-0.254766,0.147900
-0.303242,-0.254312,0.144980
-0.305152,-0.259039,0.144856
-0.305532,-0.259849,0.141123
-0.308963,-0.263159,0.143315
-0.310318,-0.265995,0.139679
-0.309984,-0.268487,0.134603
-0.311796,-0.270738,0.133788
-0.313447,-0.274314,0.130754
-0.314693,-0.276273,0.130303
-0.316690,-0.279693,0.128563
-0.319297,-0.281707,0.127944
-0.320257,-0.285077,0.124240
-0.321728,-0.290723,0.120913
0.049562,-0.036538,0.305089
0.051756,-0.035975,0.304934
0.046683,-0.035319,0.306347
0.047467,-0.033930,0.306300
0.046571,-0.030555,0.308468
0.043887,-0.029634,0.310146
0.047054,-0.029422,0.312006
0.042387,-0.028231,0.311144
0.040012,-0.024253,0.311345
0.039226,-0.025781,0.314343
0.037074,-0.024760,0.313365
0.037809,-0.023594,0.311475
0.037143,-0.024204,0.314507
0.035833,-0.024230,0.315262
0.033754,-0.023972,0.315929
0.032880,-0.021943,0.314079
0.032143,-0.021178,0.314201
0.031053,-0.022571,0.316134
0.029334,-0.023128,0.316175
0.028362,-0.022378,0.316058
0.029339,-0.021639,0.314282
0.026928,-0.022230,0.317375
0.025697,-0.020766,0.316916
0.025457,-0.023411,0.315943
0.023670,-0.020870,0.316091
0.021369,-0.022549,0.316850
0.021084,-0.021586,0.316594
0.018802,-0.020984,0.315955
0.019702,-0.021007,0.316221
0.018411,-0.021136,0.315338
0.016113,-0.020662,0.314508
0.015443,-0.022076,0.315829
0.013737,-0.022751,0.316923
0.014101,-0.022651,0.314750
0.012489,-0.025377,0.311542
0.013944,-0.055574,0.291514
0.009410,-0.053916,0.292078
0.010725,-0.053569,0.293696
0.010244,-0.051971,0.295794
0.009214,-0.051617,0.294842
0.007041,-0.049430,0.295513
0.006145,-0.047686,0.295449
0.004312,-0.050618,0.296548
0.003435,-0.045829,0.298844
0.003372,-0.045350,0.297100
0.002128,-0.044811,0.298705
0.000635,-0.043776,0.300249
-0.001485,-0.043441,0.299234
-0.003618,-0.043888,0.300683
-0.005309,-0.041685,0.299522
-0.003772,-0.041587,0.301758
-0.004880,-0.042481,0.302006
-0.005884,-0.040074,0.302524
-0.008648,-0.040837,0.304101
-0.011319,-0.037981,0.303333
-0.010114,-0.036329,0.305663
-0.011723,-0.035797,0.305738
-0.012551,-0.036440,0.306637
-0.011927,-0.035002,0.306036
-0.013797,-0.035292,0.307175
-0.014870,-0.034967,0.306805
-0.016569,-0.032615,0.307606
-0.018360,-0.034660,0.308342
-0.020711,-0.033783,0.307062
-0.021334,-0.032915,0.308685
-0.018386,-0.031986,0.308481
-0.022259,-0.030691,0.311045
-0.023836,-0.030994,0.307518
-0.025211,-0.029923,0.310607
-0.026985,-0.031728,0.309097
-0.027082,-0.030337,0.309356
-0.029784,-0.029951,0.309897
-0.030273,-0.031214,0.308595
-0.031211,-0.028084,0.310095
-0.031236,-0.028585,0.310881
-0.032975,-0.029294,0.309452
-0.034682,-0.031020,0.310753
-0.035734,-0.027246,0.310442
-0.036250,-0.029117,0.310481
-0.039046,-0.028313,0.310519
-0.037206,-0.029267,0.310528
-0.040531,-0.027337,0.312129
-0.038090,-0.028457,0.310069
-0.040383,-0.029419,0.310032
-0.043090,-0.029860,0.310532
-0.044505,-0.028795,0.312510
-0.045577,-0.028325,0.310738
-0.046514,-0.028133,0.310297
-0.046356,-0.026037,0.312096
-0.047235,-0.027480,0.311978
-0.048222,-0.026705,0.312337
-0.050179,-0.027918,0.311671
-0.051744,-0.027185,0.311127
-0.052018,-0.026775,0.314182
-0.051386,-0.029116,0.313210
-0.055684,-0.027096,0.311327
-0.056162,-0.025973,0.310073
-0.056947,-0.027556,0.311772
-0.058299,-0.027486,0.311742
-0.057047,-0.028300,0.311552
-0.060330,-0.028229,0.311765
-0.061901,-0.028333,0.312481
-0.061459,-0.028078,0.312707
-0.064125,-0.029134,0.311577
-0.064275,-0.026589,0.312441
-0.065981,-0.026824,0.310788
-0.067166,-0.028344,0.308384
-0.066200,-0.028024,0.311860
-0.069531,-0.027638,0.312003
-0.070764,-0.029230,0.311793
-0.073102,-0.028878,0.311112
-0.072874,-0.030641,0.310626
-0.074433,-0.030292,0.310515
-0.074771,-0.030322,0.311169
-0.076255,-0.029295,0.310533
-0.076505,-0.027674,0.309187
-0.076520,-0.030836,0.310335
-0.079200,-0.029673,0.308333
-0.079918,-0.029968,0.309253
-0.079791,-0.032531,0.310392
-0.084610,-0.030220,0.309609
-0.081852,-0.029953,0.309440
-0.083444,-0.032774,0.309234
-0.085701,-0.033652,0.308714
-0.085844,-0.031171,0.308004
-0.087444,-0.032326,0.307182
-0.089734,-0.032628,0.307627
-0.089628,-0.033808,0.308247
-0.089341,-0.034085,0.307837
-0.092302,-0.033656,0.306987
-0.093280,-0.034319,0.306101
-0.094717,-0.034603,0.306744
-0.095604,-0.033340,0.304803
-0.096034,-0.036165,0.307612
-0.098462,-0.035445,0.304436
-0.099122,-0.035069,0.304597
-0.099407,-0.037558,0.303555
-0.100531,-0.037032,0.303761
-0.101101,-0.038184,0.303959
-0.104107,-0.037430,0.301717
-0.104318,-0.038549,0.302934
-0.105879,-0.040296,0.302550
-0.106435,-0.039964,0.303040
-0.108620,-0.042123,0.301741
-0.106905,-0.040382,0.302874
-0.110574,-0.042212,0.300944
-0.109297,-0.041469,0.298991
-0.113275,-0.044355,0.301513
-0.113526,-0.045812,0.299052
-0.113578,-0.044180,0.297736
-0.116682,-0.046190,0.299079
-0.117910,-0.046982,0.297997
-0.118722,-0.048577,0.297804
-0.119539,-0.049215,0.295923
-0.120102,-0.049573,0.296497
-0.121731,-0.050131,0.294738
-0.121993,-0.052481,0.294294
-0.122138,-0.054166,0.293392
-0.123738,-0.053281,0.292511
-0.126918,-0.055061,0.292304
-0.127825,-0.056998,0.291029
-0.128992,-0.058894,0.290826
-0.129782,-0.058841,0.288529
-0.130022,-0.062530,0.287682
-0.131892,-0.061175,0.285581
-0.132453,-0.061516,0.287503
-0.132689,-0.064781,0.286029
-0.136576,-0.065798,0.284156
-0.134531,-0.067449,0.281663
-0.136117,-0.069583,0.281842
-0.138655,-0.069981,0.283534
-0.141407,-0.070614,0.280664
-0.141342,-0.073684,0.278626
-0.142204,-0.074269,0.276214
-0.142184,-0.075816,0.277934
-0.144449,-0.077820,0.274797
-0.145294,-0.078457,0.273783
-0.146789,-0.080559,0.273209
-0.145868,-0.081539,0.271669
-0.149494,-0.082054,0.270268
-0.149909,-0.083763,0.272083
-0.150822,-0.085839,0.268807
-0.152829,-0.087999,0.267578
-0.154115,-0.088571,0.268070
-0.154652,-0.090924,0.265637
-0.155419,-0.094959,0.264177
-0.156727,-0.095858,0.262018
-0.156419,-0.094948,0.262864
-0.161130,-0.096639,0.262562
-0.160185,-0.097372,0.261496
-0.162823,-0.098911,0.258532
-0.163761,-0.099058,0.259602
-0.163492,-0.101404,0.258613
-0.165864,-0.104154,0.258035
-0.165426,-0.105154,0.257617
-0.168119,-0.106139,0.254661
-0.167977,-0.106520,0.255084
-0.168800,-0.106705,0.253558
-0.173604,-0.109720,0.252170
-0.174578,-0.110489,0.253749
-0.174769,-0.111290,0.249567
-0.174742,-0.111425,0.249348
-0.175686,-0.114160,0.248383
-0.178009,-0.114049,0.248614
-0.178561,-0.115978,0.248505
-0.178427,-0.116739,0.249158
-0.181400,-0.117333,0.247545
-0.182320,-0.119463,0.247130
-0.184112,-0.119684,0.245116
-0.183899,-0.119709,0.243761
-0.186480,-0.122141,0.244911
-0.187426,-0.120789,0.244576
-0.188096,-0.123602,0.243110
-0.189242,-0.123161,0.245061
-0.191144,-0.123938,0.242459
-0.190953,-0.127556,0.242290
-0.192489,-0.127532,0.241765
-0.193570,-0.126110,0.237836
-0.194739,-0.127433,0.240135
-0.196493,-0.127804,0.238771
-0.197778,-0.130046,0.236630
-0.199379,-0.129431,0.239255
-0.200145,-0.130057,0.235964
-0.200962,-0.133980,0.234591
-0.201596,-0.133400,0.236029
-0.201603,-0.135459,0.234809
-0.204106,-0.135971,0.234108
-0.206927,-0.135680,0.231337
-0.205882,-0.138325,0.233774
-0.208425,-0.138158,0.230863
-0.208586,-0.140066,0.232202
-0.211670,-0.138010,0.231264
-0.211708,-0.142369,0.230585
-0.215151,-0.143209,0.228171
-0.216647,-0.143624,0.229177
-0.217238,-0.143526,0.227314
-0.218364,-0.146001,0.226997
-0.218324,-0.146404,0.224410
-0.220204,-0.148180,0.225452
-0.220054,-0.151073,0.221836
-0.223788,-0.153049,0.222411
-0.223239,-0.154205,0.221197
-0.225715,-0.155250,0.219780
-0.225803,-0.156572,0.218294
-0.225914,-0.156027,0.217966
-0.227907,-0.160617,0.217698
-0.229303,-0.161644,0.215354
-0.230916,-0.163365,0.218620
-0.234741,-0.163927,0.214222
-0.235809,-0.165783,0.213253
-0.233079,-0.165222,0.211511
-0.234855,-0.168025,0.210884
-0.238051,-0.168973,0.209788
-0.238735,-0.170693,0.210365
-0.239987,-0.172329,0.205762
-0.241226,-0.174865,0.205955
-0.242122,-0.174963,0.204245
-0.244765,-0.176407,0.204195
-0.244127,-0.177559,0.201716
-0.247089,-0.181898,0.201138
-0.246987,-0.183803,0.198833
-0.249975,-0.182615,0.199261
-0.251304,-0.185263,0.198094
-0.253440,-0.186383,0.197190
-0.252764,-0.187987,0.194266
-0.255425,-0.190913,0.196289
-0.256706,-0.191887,0.193840
-0.257206,-0.193580,0.191331
-0.258467,-0.195474,0.189688
-0.259237,-0.198821,0.189530
-0.260892,-0.200637,0.185549
-0.261894,-0.202010,0.184485
-0.265068,-0.204615,0.185441
-0.266062,-0.205901,0.183126
-0.266949,-0.207271,0.182205
-0.265589,-0.207808,0.180723
-0.268797,-0.208729,0.180813
-0.271151,-0.210203,0.179909
-0.273340,-0.212956,0.176508
-0.274097,-0.215430,0.176420
-0.273678,-0.218330,0.174509
-0.275025,-0.218603,0.174381
-0.280988,-0.220965,0.172013
-0.279718,-0.222788,0.170877
-0.281980,-0.224304,0.169961
-0.281361,-0.227382,0.167791
-0.284316,-0.230849,0.166897
-0.284655,-0.232222,0.164920
-0.287475,-0.234360,0.163440
-0.290595,-0.234789,0.160814
-0.287666,-0.236109,0.159180
-0.290038,-0.238662,0.159381
-0.291856,-0.242189,0.157362
-0.293674,-0.244446,0.154589
-0.295695,-0.245173,0.155010
-0.295996,-0.248368,0.153351
-0.298659,-0.248031,0.152390
-0.300354,-0.251065,0.152245
-0.301920,-0.253501,0.149606
-0.303038,-0.254546,0.147114
-0.304918,-0.255668,0.146769
-0.304774,-0.257718,0.144411
-0.306826,-0.261899,0.143098
-0.309707,-0.263134,0.142321
-0.311078,-0.266497,0.140528
-0.311536,-0.266504,0.137657
-0.313211,-0.271274,0.133706
-0.313933,-0.274668,0.133894
-0.316643,-0.278062,0.132157
-0.317610,-0.278313,0.130605
-0.317616,-0.281404,0.128809
-0.320038,-0.285543,0.125616
-0.321949,-0.288902,0.123731
0.049641,-0.043047,0.304598
0.045951,-0.038645,0.304073
0.043374,-0.038027,0.306445
0.044463,-0.036263,0.307952
0.041904,-0.032481,0.308961
0.042168,-0.032487,0.310990
0.041127,-0.030764,0.312175
0.038613,-0.028608,0.311757
0.037551,-0.028701,0.315054
0.038760,-0.027329,0.313950
0.037252,-0.028147,0.314509
0.034027,-0.026581,0.313629
0.030554,-0.028112,0.313755
0.032805,-0.025184,0.314197
0.031260,-0.025881,0.314763
0.029519,-0.026557,0.314960
0.030340,-0.025182,0.315014
0.027232,-0.025567,0.316792
0.027733,-0.026106,0.314297
0.025660,-0.026826,0.315227
0.025173,-0.025883,0.315583
0.024090,-0.026020,0.316627
0.022216,-0.024833,0.314150
0.019513,-0.026988,0.314094
0.019111,-0.025553,0.313846
0.019064,-0.027157,0.315246
0.017406,-0.026144,0.313709
0.016447,-0.030967,0.311231
0.017813,-0.065387,0.285840
0.015468,-0.065243,0.287253
0.016806,-0.062209,0.286580
0.014847,-0.061350,0.287931
0.012143,-0.057027,0.291598
0.011816,-0.057579,0.290537
0.010983,-0.057392,0.291489
0.011230,-0.055356,0.293807
0.009503,-0.054006,0.294280
0.004733,-0.052805,0.295826
0.006481,-0.051864,0.295857
0.004584,-0.050510,0.295204
0.003753,-0.048660,0.295761
0.001325,-0.049557,0.299056
0.001271,-0.049367,0.299366
0.000814,-0.047722,0.298303
0.000316,-0.047836,0.300205
-0.002297,-0.045803,0.302042
-0.002998,-0.044416,0.300452
-0.002497,-0.045316,0.301062
-0.003022,-0.042542,0.301976
-0.006064,-0.042923,0.302285
-0.007324,-0.043588,0.304364
-0.009422,-0.040859,0.303370
-0.010347,-0.040271,0.306884
-0.009921,-0.039753,0.304875
-0.009580,-0.038961,0.304517
-0.013039,-0.038798,0.307081
-0.013975,-0.035110,0.305711
-0.015619,-0.036450,0.308615
-0.016944,-0.037430,0.305022
-0.019530,-0.035324,0.307011
-0.019359,-0.034544,0.309087
-0.018259,-0.035496,0.307791
-0.020878,-0.034044,0.308979
-0.023262,-0.032636,0.306870
-0.023395,-0.033350,0.309986
-0.024129,-0.032141,0.310534
-0.026637,-0.033196,0.309663
-0.026307,-0.031184,0.309619
-0.028376,-0.032586,0.309007
-0.029812,-0.033591,0.309062
-0.031939,-0.031853,0.308087
-0.031314,-0.034704,0.311384
-0.033178,-0.030841,0.310990
-0.034336,-0.033990,0.309516
-0.033487,-0.030804,0.311331
-0.035931,-0.032378,0.309575
-0.037251,-0.031066,0.309637
-0.037562,-0.030291,0.311818
-0.038147,-0.030770,0.308950
-0.040757,-0.032627,0.309673
-0.040591,-0.030529,0.309664
-0.042078,-0.031668,0.310764
-0.044057,-0.032319,0.310953
-0.045545,-0.031480,0.310716
-0.045599,-0.032383,0.310274
-0.047201,-0.029806,0.309968
-0.048870,-0.029706,0.310137
-0.049352,-0.030372,0.311046
-0.051283,-0.029158,0.311990
-0.049988,-0.029081,0.310094
-0.052114,-0.029545,0.312244
-0.052836,-0.027563,0.311653
-0.053046,-0.029852,0.311981
-0.055017,-0.030839,0.311999
-0.057499,-0.031821,0.309097
-0.059153,-0.027851,0.312726
-0.059404,-0.031250,0.311150
-0.061424,-0.030513,0.312019
-0.061787,-0.029337,0.311313
-0.062326,-0.029056,0.311858
-0.062667,-0.030810,0.310419
-0.063650,-0.030669,0.311752
-0.066889,-0.031058,0.311471
-0.067552,-0.030607,0.308815
-0.067808,-0.029902,0.310142
-0.070002,-0.030428,0.311748
-0.070566,-0.031385,0.310740
-0.070537,-0.030975,0.312216
-0.073219,-0.031191,0.311603
-0.072823,-0.030803,0.311163
-0.074409,-0.031607,0.312618
-0.077231,-0.032052,0.308428
-0.076659,-0.032956,0.310239
-0.078377,-0.032873,0.309630
-0.078838,-0.034021,0.310745
-0.079905,-0.031553,0.308851
-0.080644,-0.034336,0.308787
-0.082071,-0.031869,0.308306
-0.083248,-0.033397,0.309126
-0.085393,-0.033568,0.310109
-0.085450,-0.033813,0.309536
-0.085377,-0.035792,0.309068
-0.087272,-0.034989,0.307570
-0.088418,-0.036766,0.308300
-0.089538,-0.035208,0.307926
-0.091398,-0.036046,0.306548
-0.092506,-0.036801,0.306938
-0.092797,-0.036240,0.307204
-0.093465,-0.039406,0.305670
-0.095384,-0.038293,0.306251
-0.094186,-0.038504,0.305365
-0.097578,-0.039272,0.305092
-0.098515,-0.038391,0.306574
-0.099123,-0.038143,0.306964
-0.103446,-0.039140,0.305109
-0.102145,-0.040516,0.303945
-0.103233,-0.039914,0.303765
-0.104289,-0.039223,0.304090
-0.104252,-0.042564,0.303137
-0.107449,-0.041636,0.306941
-0.107475,-0.042167,0.302100
-0.109293,-0.045032,0.301229
-0.110572,-0.042874,0.299393
-0.110738,-0.043957,0.299758
-0.113426,-0.045360,0.302187
-0.113398,-0.046284,0.299839
-0.111924,-0.048173,0.299420
-0.114633,-0.049486,0.300268
-0.116406,-0.050022,0.297419
-0.117684,-0.049575,0.297486
-0.118212,-0.051419,0.296299
-0.120703,-0.052084,0.293670
-0.122942,-0.051671,0.295347
-0.122991,-0.055062,0.294336
-0.122185,-0.054999,0.293936
-0.125574,-0.056365,0.292625
-0.124804,-0.057191,0.292202
-0.127817,-0.059260,0.290342
-0.127383,-0.060088,0.288293
-0.128865,-0.060213,0.288087
-0.130247,-0.063904,0.287032
-0.130790,-0.065619,0.286094
-0.132151,-0.065207,0.285323
-0.132608,-0.066526,0.285010
-0.135305,-0.069622,0.283012
-0.137331,-0.069958,0.282699
-0.137657,-0.072514,0.281964
-0.139119,-0.073678,0.278651
-0.141245,-0.075338,0.278384
-0.140372,-0.075326,0.276457
-0.141005,-0.076649,0.278068
-0.142490,-0.078341,0.277854
-0.145593,-0.079164,0.275861
-0.144819,-0.079943,0.274340
-0.147127,-0.083403,0.273229
-0.148144,-0.084158,0.273288
-0.148614,-0.085868,0.269894
-0.150447,-0.087084,0.270505
-0.151043,-0.090393,0.269063
-0.152404,-0.091026,0.265804
-0.152597,-0.091952,0.266705
-0.154655,-0.095923,0.264883
-0.156629,-0.097394,0.264091
-0.157230,-0.097527,0.263849
-0.159738,-0.100158,0.262139
-0.159876,-0.098248,0.262946
-0.160780,-0.100041,0.260913
-0.162275,-0.100369,0.260260
-0.162887,-0.104210,0.259314
-0.165067,-0.105969,0.257694
-0.165565,-0.104770,0.257560
-0.168329,-0.105912,0.255570
-0.168303,-0.109491,0.254471
-0.169479,-0.109190,0.254341
-0.170466,-0.109946,0.254182
-0.172885,-0.112188,0.253613
-0.172495,-0.112950,0.252815
-0.173547,-0.113564,0.249768
-0.173773,-0.115857,0.249626
-0.175974,-0.115279,0.250765
-0.177115,-0.115062,0.252197
-0.178111,-0.116902,0.248157
-0.179355,-0.119062,0.246588
-0.179455,-0.119034,0.247306
-0.181845,-0.121114,0.246398
-0.182009,-0.120935,0.245763
-0.184763,-0.120655,0.246253
-0.185823,-0.123367,0.243907
-0.186520,-0.123482,0.244454
-0.188727,-0.124107,0.241930
-0.190501,-0.124307,0.242794
-0.191792,-0.125967,0.241769
-0.190573,-0.127196,0.241484
-0.192603,-0.127463,0.241185
-0.194731,-0.130627,0.240493
-0.195783,-0.130850,0.239197
-0.197552,-0.130778,0.238656
-0.197825,-0.133125,0.238276
-0.198785,-0.133362,0.239317
-0.200650,-0.132012,0.236819
-0.203799,-0.134313,0.236115
-0.202971,-0.135256,0.235952
-0.204913,-0.135911,0.234717
-0.204277,-0.136327,0.234183
-0.206603,-0.137774,0.234536
-0.207509,-0.138858,0.232168
-0.207580,-0.139742,0.232738
-0.209722,-0.139662,0.232399
-0.211620,-0.142413,0.230291
-0.213415,-0.143302,0.230061
-0.214508,-0.144191,0.229922
-0.214634,-0.144050,0.231115
-0.216275,-0.144784,0.227945
-0.217270,-0.147760,0.226593
-0.219015,-0.148870,0.225770
-0.218161,-0.149389,0.225151
-0.221412,-0.149655,0.222605
-0.222055,-0.153971,0.223920
-0.222515,-0.154129,0.221565
-0.225024,-0.156452,0.220836
-0.226335,-0.158320,0.220461
-0.228353,-0.158530,0.220838
-0.228231,-0.161564,0.217831
-0.230743,-0.160614,0.216915
-0.232916,-0.164341,0.215249
-0.232232,-0.164681,0.215383
-0.235653,-0.164654,0.213129
-0.235841,-0.168549,0.211841
-0.236053,-0.165667,0.212686
-0.238129,-0.170840,0.209545
-0.238144,-0.171761,0.208851
-0.239312,-0.174024,0.206680
-0.243006,-0.173488,0.206216
-0.241644,-0.177560,0.205313
-0.244256,-0.177635,0.204118
-0.247037,-0.180537,0.203171
-0.248155,-0.181676,0.202502
-0.248805,-0.184397,0.200614
-0.250145,-0.185279,0.199960
-0.249691,-0.188040,0.197747
-0.252382,-0.187161,0.197555
-0.254083,-0.191015,0.197540
-0.255586,-0.192923,0.195264
-0.255681,-0.194158,0.193344
-0.257121,-0.196689,0.191540
-0.260588,-0.197195,0.189681
-0.260908,-0.197928,0.188209
-0.261219,-0.200554,0.188769
-0.262271,-0.202561,0.185873
-0.264348,-0.205600,0.185191
-0.265590,-0.206729,0.184314
-0.266662,-0.208945,0.185643
-0.268862,-0.211006,0.182821
-0.270279,-0.210209,0.181208
-0.271401,-0.212485,0.180985
-0.273527,-0.213851,0.178994
-0.273539,-0.215671,0.178528
-0.275743,-0.218207,0.176932
-0.275140,-0.220319,0.175530
-0.277449,-0.221512,0.174692
-0.280491,-0.225183,0.171501
-0.281817,-0.225343,0.169734
-0.281607,-0.228398,0.171725
-0.284196,-0.230487,0.167347
-0.285100,-0.231041,0.165666
-0.287658,-0.233671,0.164903
-0.288825,-0.235738,0.162293
-0.290600,-0.236266,0.162221
-0.292151,-0.240077,0.159542
-0.291871,-0.243538,0.158522
-0.295146,-0.245677,0.158320
-0.294898,-0.246020,0.155516
-0.297962,-0.247648,0.156038
-0.297224,-0.248475,0.153060
-0.299371,-0.250912,0.152364
-0.301688,-0.253823,0.148939
-0.302029,-0.255339,0.148885
-0.306030,-0.256138,0.146036
-0.305856,-0.259012,0.147802
-0.305862,-0.261579,0.144607
-0.307998,-0.264914,0.144294
-0.312233,-0.265557,0.141649
-0.311755,-0.269644,0.137281
-0.313309,-0.271883,0.137369
-0.316091,-0.274382,0.136042
-0.316070,-0.279331,0.134081
-0.317398,-0.279195,0.131208
-0.318341,-0.280912,0.131638
-0.320146,-0.286284,0.127605
-0.323120,-0.290066,0.123783
0.039055,-0.035118,0.310335
0.036151,-0.034098,0.309938
0.036659,-0.031242,0.311426
0.036807,-0.031290,0.313086
0.032435,-0.028490,0.314002
0.032733,-0.028582,0.312031
0.033676,-0.028704,0.313139
0.030207,-0.028814,0.313999
0.029967,-0.028083,0.313359
0.027874,-0.030104,0.311933
0.028536,-0.028157,0.312670
0.026332,-0.031401,0.312601
0.024095,-0.029368,0.313006
0.023426,-0.032053,0.313138
0.022473,-0.032365,0.312164
0.020735,-0.035130,0.309679
0.020191,-0.074781,0.279651
0.021103,-0.074988,0.281459
0.020478,-0.069660,0.282715
0.017393,-0.069412,0.284780
0.018457,-0.069826,0.285977
0.015319,-0.064567,0.285664
0.014779,-0.064127,0.290134
0.012299,-0.063292,0.289407
0.012137,-0.061573,0.291455
0.011970,-0.059449,0.291582
0.008334,-0.057948,0.291519
0.008429,-0.056793,0.291609
0.006171,-0.055435,0.295916
0.007134,-0.055141,0.295837
0.003267,-0.051969,0.297539
0.005146,-0.052146,0.297055
0.001564,-0.051542,0.298421
0.001180,-0.050885,0.298117
-0.000290,-0.052681,0.298535
-0.001025,-0.049221,0.297748
-0.002270,-0.050036,0.297967
-0.003784,-0.046081,0.300574
-0.001702,-0.045735,0.299587
-0.004021,-0.045266,0.301813
-0.005760,-0.046353,0.302924
-0.007545,-0.045399,0.302762
-0.009451,-0.044932,0.304759
-0.010292,-0.042227,0.303425
-0.011831,-0.041826,0.304070
-0.012320,-0.041552,0.305198
-0.013340,-0.039678,0.306067
-0.012747,-0.038190,0.306805
-0.015904,-0.040575,0.305874
-0.016222,-0.039189,0.304952
-0.017941,-0.038619,0.306957
-0.017237,-0.038167,0.307691
-0.020624,-0.038692,0.306763
-0.021673,-0.038486,0.307679
-0.023119,-0.038261,0.307472
-0.025038,-0.035784,0.307764
-0.025005,-0.036243,0.308715
-0.024813,-0.036855,0.306682
-0.026605,-0.034979,0.308655
-0.029015,-0.035052,0.310095
-0.029130,-0.035379,0.308071
-0.030045,-0.036536,0.307772
-0.031881,-0.034698,0.311971
-0.031573,-0.036589,0.309742
-0.033969,-0.035274,0.310804
-0.034344,-0.037038,0.307618
-0.036540,-0.036199,0.308173
-0.035947,-0.034940,0.308952
-0.038720,-0.036449,0.310730
-0.038732,-0.032403,0.312191
-0.041752,-0.033414,0.311122
-0.041764,-0.033879,0.309884
-0.042775,-0.034112,0.310913
-0.044245,-0.032790,0.310777
-0.045518,-0.033468,0.310845
-0.045700,-0.032748,0.309917
-0.046347,-0.033820,0.310821
-0.047205,-0.032565,0.313448
-0.049399,-0.032625,0.312809
-0.051091,-0.032469,0.310245
-0.051133,-0.033208,0.312699
-0.052777,-0.032481,0.311262
-0.055100,-0.033737,0.311012
-0.053880,-0.030699,0.311614
-0.054679,-0.033345,0.310929
-0.056956,-0.031047,0.312663
-0.056905,-0.030221,0.311947
-0.060059,-0.033150,0.310046
-0.058145,-0.033782,0.312681
-0.061156,-0.032393,0.311854
-0.062719,-0.032585,0.313372
-0.063337,-0.031873,0.310729
-0.064626,-0.030802,0.311223
-0.066120,-0.034057,0.310134
-0.067491,-0.031798,0.311215
-0.067350,-0.032771,0.310482
-0.070840,-0.032473,0.311146
-0.069944,-0.032309,0.311161
-0.071669,-0.034545,0.311348
-0.074605,-0.032869,0.309429
-0.072950,-0.034270,0.309642
-0.073986,-0.035445,0.308900
-0.075042,-0.032749,0.310971
-0.077677,-0.033977,0.310531
-0.076097,-0.033712,0.309688
-0.077010,-0.035216,0.307994
-0.080484,-0.037084,0.308468
-0.080601,-0.037109,0.310052
-0.082302,-0.034143,0.308201
-0.082562,-0.035289,0.309029
-0.084836,-0.035492,0.308378
-0.085143,-0.035409,0.309066
-0.085832,-0.037248,0.307763
-0.088970,-0.035795,0.309526
-0.087125,-0.035479,0.309296
-0.089987,-0.036529,0.307639
-0.091163,-0.036640,0.307960
-0.090807,-0.039749,0.306731
-0.093085,-0.037250,0.306867
-0.094049,-0.037643,0.307752
-0.096243,-0.040119,0.306920
-0.099107,-0.040879,0.307517
-0.097927,-0.042043,0.303934
-0.099144,-0.040629,0.304214
-0.099633,-0.040437,0.304594
-0.101257,-0.042294,0.305799
-0.103684,-0.043453,0.304309
-0.103154,-0.041943,0.302650
-0.103441,-0.042011,0.303903
-0.106198,-0.043584,0.302501
-0.106988,-0.043456,0.301776
-0.108359,-0.042868,0.301759
-0.107702,-0.047359,0.300446
-0.110846,-0.047731,0.299986
-0.111765,-0.047301,0.301605
-0.113372,-0.048491,0.300207
-0.115278,-0.049631,0.299267
-0.114600,-0.048682,0.299956
-0.116527,-0.050628,0.296764
-0.115373,-0.051828,0.297931
-0.117340,-0.054139,0.296897
-0.118910,-0.053734,0.296242
-0.120478,-0.054780,0.296390
-0.119374,-0.054558,0.293915
-0.123015,-0.057612,0.293340
-0.124562,-0.057521,0.292620
-0.125206,-0.059635,0.293772
-0.125568,-0.060739,0.290250
-0.128080,-0.063318,0.290998
-0.128556,-0.063551,0.288804
-0.131434,-0.064856,0.287378
-0.131500,-0.066881,0.288717
-0.132585,-0.065563,0.284711
-0.133702,-0.070268,0.287031
-0.131508,-0.070619,0.284726
-0.134543,-0.072200,0.284031
-0.138992,-0.072974,0.282557
-0.136082,-0.075629,0.279500
-0.137072,-0.075257,0.278131
-0.140343,-0.077220,0.278383
-0.141358,-0.082639,0.278034
-0.143846,-0.080522,0.277372
-0.142443,-0.079154,0.275202
-0.143519,-0.082980,0.274543
-0.143007,-0.086460,0.274768
-0.147745,-0.083874,0.272510
-0.147699,-0.086709,0.271525
-0.148839,-0.090081,0.270221
-0.151852,-0.090889,0.270005
-0.150081,-0.091747,0.268711
-0.152791,-0.095317,0.266308
-0.153441,-0.094140,0.265344
-0.155848,-0.098059,0.264999
-0.154663,-0.098809,0.263251
-0.159939,-0.099232,0.262504
-0.157174,-0.100829,0.262677
-0.159340,-0.101552,0.261126
-0.159493,-0.103551,0.260705
-0.163984,-0.104406,0.259614
-0.161971,-0.106222,0.259783
-0.165260,-0.106303,0.258332
-0.167085,-0.107632,0.256973
-0.166499,-0.109370,0.255968
-0.168048,-0.110600,0.255265
-0.170446,-0.112639,0.253643
-0.168999,-0.113118,0.252337
-0.171849,-0.111398,0.252589
-0.174847,-0.114495,0.251869
-0.174487,-0.116148,0.253262
-0.176274,-0.117513,0.249738
-0.176401,-0.119227,0.252034
-0.177296,-0.117400,0.249796
-0.178493,-0.118685,0.248236
-0.179144,-0.121509,0.247943
-0.179766,-0.121202,0.245377
-0.182045,-0.123801,0.244052
-0.182276,-0.123164,0.247050
-0.187040,-0.121879,0.244984
-0.186119,-0.124418,0.245475
-0.185977,-0.125746,0.243741
-0.189553,-0.126397,0.243928
-0.190205,-0.127264,0.244735
-0.191024,-0.126285,0.243559
-0.193102,-0.127252,0.242531
-0.191948,-0.127698,0.240201
-0.195291,-0.131478,0.238612
-0.195567,-0.131465,0.241163
-0.196775,-0.135031,0.239866
-0.198371,-0.133839,0.237884
-0.199164,-0.134012,0.237497
-0.199460,-0.134454,0.237224
-0.200568,-0.134932,0.237128
-0.203779,-0.136647,0.234434
-0.203515,-0.138579,0.236111
-0.206063,-0.140215,0.234410
-0.205334,-0.140676,0.234096
-0.207447,-0.140333,0.232981
-0.208192,-0.140848,0.234490
-0.209240,-0.142442,0.234219
-0.211468,-0.142990,0.230429
-0.213293,-0.144699,0.231100
-0.215640,-0.146005,0.230681
-0.216251,-0.147365,0.228781
-0.214421,-0.148979,0.227966
-0.218443,-0.151948,0.227377
-0.216440,-0.150598,0.227903
-0.219961,-0.152708,0.225501
-0.222873,-0.153881,0.225014
-0.223599,-0.156557,0.224563
-0.223340,-0.157721,0.221078
-0.226495,-0.158368,0.222334
-0.226482,-0.159259,0.220452
-0.228147,-0.162882,0.219106
-0.229708,-0.163621,0.219702
-0.231333,-0.163411,0.218355
-0.231420,-0.165543,0.217163
-0.231361,-0.166416,0.216498
-0.232717,-0.167267,0.214133
-0.235880,-0.171982,0.214005
-0.237189,-0.171367,0.210840
-0.237976,-0.170482,0.209724
-0.239729,-0.175485,0.210051
-0.243241,-0.174142,0.210339
-0.241397,-0.175152,0.206477
-0.243532,-0.179209,0.205947
-0.243450,-0.180300,0.204085
-0.246770,-0.179536,0.205790
-0.247054,-0.182091,0.203386
-0.248176,-0.186410,0.202647
-0.250100,-0.186499,0.198721
-0.249636,-0.187109,0.199728
-0.251715,-0.188614,0.199292
-0.252852,-0.190163,0.198380
-0.255294,-0.192364,0.194406
-0.257097,-0.196832,0.196471
-0.257048,-0.197535,0.192481
-0.257627,-0.197788,0.191510
-0.260978,-0.202222,0.192079
-0.260614,-0.202684,0.189937
-0.262881,-0.202977,0.187110
-0.264686,-0.206693,0.185909
-0.266496,-0.207044,0.182804
-0.268303,-0.208610,0.184907
-0.269520,-0.212024,0.183268
-0.270418,-0.213312,0.181391
-0.271182,-0.214941,0.180264
-0.271299,-0.216836,0.179592
-0.272357,-0.217126,0.175667
-0.274812,-0.219199,0.178395
-0.276936,-0.220196,0.176151
-0.278947,-0.222990,0.174886
-0.281384,-0.224792,0.174758
-0.282518,-0.228233,0.171891
-0.283312,-0.228332,0.169627
-0.284523,-0.232191,0.169394
-0.285846,-0.235200,0.167307
-0.288792,-0.232114,0.165844
-0.288305,-0.238002,0.163613
-0.290980,-0.240557,0.163709
-0.292025,-0.240816,0.161365
-0.293440,-0.244350,0.158831
-0.292925,-0.245923,0.158758
-0.297984,-0.246759,0.157551
-0.298537,-0.248580,0.155219
-0.299039,-0.251703,0.154121
-0.299727,-0.251586,0.153881
-0.300805,-0.255894,0.150509
-0.302165,-0.256450,0.148394
-0.302503,-0.259609,0.149500
-0.302774,-0.260007,0.146277
-0.306573,-0.261203,0.144712
-0.306331,-0.266492,0.143529
-0.308744,-0.265383,0.141705
-0.309983,-0.269085,0.141620
-0.312496,-0.271748,0.138444
-0.315490,-0.274498,0.136377
-0.314392,-0.278311,0.135459
-0.317402,-0.280246,0.133968
-0.319046,-0.282899,0.129626
-0.320025,-0.286694,0.129793
-0.322492,-0.289507,0.126335
0.027842,-0.035949,0.312017
0.022704,-0.085556,0.274756
0.019237,-0.076199,0.281611
0.017537,-0.074204,0.282530
0.016677,-0.072538,0.287442
0.015530,-0.069175,0.284518
0.011722,-0.068448,0.288698
0.010867,-0.065029,0.289287
0.012101,-0.064561,0.290561
0.011662,-0.062890,0.290219
0.009248,-0.061249,0.290903
0.009960,-0.060707,0.292662
0.005949,-0.058580,0.294006
0.005357,-0.057306,0.293806
0.005874,-0.055986,0.295719
0.003667,-0.054941,0.295823
0.002691,-0.056109,0.297713
0.001528,-0.051907,0.298687
0.001859,-0.052376,0.298571
-0.000556,-0.048569,0.300381
-0.002387,-0.051666,0.299477
-0.003327,-0.050269,0.301129
-0.006049,-0.048108,0.300784
-0.006736,-0.047615,0.301523
-0.007310,-0.047281,0.301954
-0.008036,-0.047808,0.301082
-0.006995,-0.045505,0.303671
-0.010319,-0.045273,0.304575
-0.009995,-0.045369,0.304025
-0.013312,-0.044267,0.303943
-0.014681,-0.043703,0.304278
-0.013843,-0.042525,0.305311
-0.016316,-0.042757,0.308694
-0.016788,-0.041414,0.305416
-0.017633,-0.040857,0.304976
-0.017857,-0.040032,0.306872
-0.018668,-0.041424,0.307611
-0.022033,-0.041544,0.306936
-0.024550,-0.041572,0.307138
-0.023296,-0.040127,0.307159
-0.025032,-0.038109,0.309379
-0.027223,-0.037066,0.310089
-0.027564,-0.039374,0.307240
-0.027630,-0.037710,0.310340
-0.028111,-0.039752,0.309307
-0.028941,-0.039097,0.308617
-0.031682,-0.037324,0.310946
-0.031583,-0.038403,0.307529
-0.032982,-0.037436,0.309866
-0.034975,-0.036577,0.311888
-0.036380,-0.037956,0.310350
-0.036089,-0.037119,0.308675
-0.039638,-0.037921,0.308155
-0.039254,-0.036066,0.309748
-0.042004,-0.038027,0.308250
-0.040796,-0.038450,0.309916
-0.043594,-0.037230,0.309889
-0.043488,-0.035315,0.310548
-0.044176,-0.036493,0.310594
-0.045852,-0.036769,0.310929
-0.046751,-0.036455,0.310923
-0.047385,-0.034654,0.309436
-0.049890,-0.035209,0.310522
-0.051163,-0.034559,0.309719
-0.051540,-0.034919,0.309619
-0.053715,-0.034883,0.310584
-0.053844,-0.034078,0.311401
-0.054812,-0.035994,0.312013
-0.056434,-0.034529,0.309929
-0.056126,-0.034647,0.311675
-0.058856,-0.032405,0.310219
-0.060606,-0.034285,0.311702
-0.060458,-0.035206,0.312611
-0.061840,-0.033673,0.311937
-0.060159,-0.033627,0.309430
-0.063426,-0.033662,0.311956
-0.064894,-0.033854,0.311746
-0.067215,-0.034120,0.310370
-0.068156,-0.034917,0.311576
-0.068129,-0.034005,0.310590
-0.069585,-0.036074,0.310525
-0.070873,-0.034415,0.313284
-0.070736,-0.036056,0.310414
-0.075213,-0.035324,0.309411
-0.074527,-0.035430,0.310045
-0.074747,-0.038966,0.310869
-0.075327,-0.036902,0.308551
-0.076786,-0.037059,0.308499
-0.079159,-0.037484,0.309507
-0.079230,-0.038912,0.309275
-0.078376,-0.035344,0.309198
-0.080196,-0.038451,0.311150
-0.084453,-0.037237,0.308591
-0.081116,-0.037731,0.309467
-0.086546,-0.039177,0.309485
-0.084396,-0.037321,0.308040
-0.087549,-0.036785,0.307959
-0.087647,-0.039245,0.310136
-0.088592,-0.038662,0.307809
-0.090507,-0.040386,0.307828
-0.091897,-0.039637,0.309422
-0.092508,-0.040487,0.308044
-0.094443,-0.039966,0.305279
-0.093510,-0.039232,0.306332
-0.095658,-0.041293,0.306204
-0.096761,-0.041741,0.307939
-0.097774,-0.042785,0.305611
-0.100692,-0.042579,0.305168
-0.101586,-0.044868,0.305185
-0.101032,-0.043822,0.302734
-0.100570,-0.043584,0.303992
-0.103694,-0.044884,0.303748
-0.105244,-0.043418,0.305043
-0.105445,-0.045147,0.303479
-0.108853,-0.046544,0.302883
-0.107242,-0.048372,0.303569
-0.108722,-0.048132,0.301851
-0.111986,-0.048616,0.300963
-0.112241,-0.049845,0.301635
-0.111847,-0.047978,0.299360
-0.112328,-0.050313,0.299936
-0.112286,-0.052183,0.298639
-0.115501,-0.052890,0.296708
-0.116591,-0.055587,0.294722
-0.116276,-0.056676,0.295697
-0.117654,-0.056855,0.297049
-0.120299,-0.057228,0.294357
-0.118775,-0.058767,0.294699
-0.121604,-0.060794,0.293516
-0.125013,-0.061744,0.292686
-0.123926,-0.063642,0.291034
-0.125413,-0.062733,0.288714
-0.126446,-0.065192,0.290899
-0.127420,-0.065091,0.289508
-0.127644,-0.068394,0.289136
-0.131407,-0.068835,0.285761
-0.131263,-0.069764,0.285402
-0.134844,-0.071039,0.284692
-0.134454,-0.073073,0.283668
-0.135257,-0.076660,0.281730
-0.134715,-0.076016,0.281703
-0.138512,-0.077221,0.281248
-0.139131,-0.078969,0.281637
-0.138363,-0.079294,0.280581
-0.141021,-0.081732,0.277794
-0.142196,-0.083540,0.276189
-0.142092,-0.084537,0.274624
-0.145664,-0.084796,0.274439
-0.145368,-0.089001,0.271474
-0.146223,-0.088411,0.273133
-0.148793,-0.090072,0.271332
-0.146442,-0.092076,0.268815
-0.149517,-0.094320,0.267740
-0.152789,-0.094581,0.266862
-0.153929,-0.096861,0.266439
-0.153288,-0.099101,0.266432
-0.154996,-0.098720,0.263794
-0.155676,-0.100367,0.263856
-0.157215,-0.101800,0.264834
-0.159029,-0.103436,0.261174
-0.160698,-0.103088,0.260912
-0.159219,-0.103845,0.260939
-0.162076,-0.106976,0.258155
-0.164038,-0.109743,0.256745
-0.163409,-0.107961,0.258914
-0.166782,-0.111435,0.258528
-0.166201,-0.110328,0.258111
-0.168500,-0.111959,0.255124
-0.170393,-0.113115,0.253908
-0.169842,-0.116972,0.253955
-0.173158,-0.116531,0.254068
-0.173559,-0.115991,0.251800
-0.172926,-0.117491,0.250191
-0.175301,-0.118247,0.250089
-0.174940,-0.120424,0.250005
-0.177635,-0.123402,0.250417
-0.178351,-0.123368,0.250427
-0.180319,-0.123490,0.247556
-0.180057,-0.124810,0.247772
-0.182290,-0.123252,0.248389
-0.183667,-0.125425,0.246377
-0.186362,-0.126046,0.245836
-0.185965,-0.126093,0.244700
-0.186517,-0.127199,0.243550
-0.188257,-0.127859,0.243367
-0.190545,-0.128557,0.243241
-0.191638,-0.129162,0.244700
-0.190801,-0.131219,0.242688
-0.195101,-0.130018,0.241791
-0.192102,-0.131763,0.240179
-0.195663,-0.133225,0.239162
-0.196147,-0.133113,0.239141
-0.199438,-0.135927,0.241126
-0.198908,-0.137840,0.239826
-0.198611,-0.138710,0.237718
-0.202156,-0.138443,0.235198
-0.202394,-0.139084,0.236717
-0.205713,-0.140074,0.235728
-0.205129,-0.141053,0.233610
-0.207160,-0.141274,0.232633
-0.206905,-0.143691,0.233918
-0.209978,-0.145516,0.233052
-0.209316,-0.144305,0.233280
-0.212434,-0.146210,0.231227
-0.212060,-0.146767,0.231603
-0.214914,-0.148881,0.229766
-0.215210,-0.149763,0.228738
-0.216477,-0.147904,0.230087
-0.217345,-0.152498,0.226845
-0.219441,-0.153480,0.226669
-0.219504,-0.153719,0.225454
-0.224161,-0.154096,0.225105
-0.222914,-0.154560,0.224075
-0.225299,-0.157976,0.221505
-0.225955,-0.156664,0.219703
-0.226525,-0.162203,0.220042
-0.227675,-0.162386,0.218931
-0.228843,-0.164233,0.219386
-0.231285,-0.164824,0.215545
-0.232235,-0.165430,0.216197
-0.231678,-0.169924,0.214832
-0.234846,-0.169877,0.213280
-0.236684,-0.171796,0.215007
-0.238283,-0.173069,0.212359
-0.239854,-0.174269,0.212586
-0.239171,-0.175757,0.209039
-0.240956,-0.177147,0.207368
-0.240016,-0.179055,0.207065
-0.244179,-0.180279,0.205358
-0.244884,-0.181820,0.204315
-0.244736,-0.182413,0.204698
-0.247488,-0.183111,0.204361
-0.250583,-0.183073,0.204828
-0.249556,-0.187587,0.201256
-0.250852,-0.189522,0.200608
-0.251947,-0.191694,0.197674
-0.255217,-0.194067,0.197116
-0.255881,-0.195883,0.195705
-0.257108,-0.197748,0.195530
-0.257151,-0.198484,0.193734
-0.260099,-0.201248,0.194220
-0.259766,-0.201239,0.191182
-0.260761,-0.206721,0.192208
-0.262741,-0.204671,0.189372
-0.265877,-0.207489,0.187859
-0.266678,-0.208092,0.185784
-0.267588,-0.210924,0.184449
-0.268834,-0.213388,0.184072
-0.269020,-0.213133,0.179904
-0.271276,-0.215610,0.180012
-0.272660,-0.218412,0.181230
-0.273496,-0.218279,0.179761
-0.275317,-0.219919,0.178883
-0.277377,-0.220590,0.177764
-0.278393,-0.223575,0.175199
-0.280568,-0.225372,0.172617
-0.283083,-0.227989,0.173702
-0.283039,-0.228618,0.171803
-0.283205,-0.231714,0.168836
-0.284639,-0.234379,0.167021
-0.288991,-0.233989,0.166379
-0.287371,-0.236397,0.166832
-0.291327,-0.240458,0.164849
-0.291489,-0.242019,0.162293
-0.293125,-0.243629,0.160560
-0.294613,-0.244393,0.159273
-0.294928,-0.247851,0.157203
-0.297157,-0.248187,0.155711
-0.297736,-0.251616,0.153687
-0.300739,-0.254685,0.152745
-0.300974,-0.256413,0.152147
-0.303757,-0.257147,0.150630
-0.302634,-0.259239,0.150915
-0.305711,-0.262314,0.149362
-0.306323,-0.263693,0.146883
-0.307089,-0.263832,0.146686
-0.308892,-0.266502,0.144629
-0.312949,-0.269104,0.141234
-0.314234,-0.270910,0.141401
-0.314510,-0.274119,0.138776
-0.315501,-0.277236,0.136512
-0.316659,-0.281907,0.133993
-0.318953,-0.282863,0.133105
-0.319496,-0.288198,0.130565
-0.321392,-0.291313,0.128558
0.018521,-0.077524,0.280914
0.017917,-0.075546,0.283926
0.015858,-0.072458,0.283649
0.014622,-0.070247,0.285360
0.013362,-0.071778,0.289025
0.012051,-0.068338,0.288785
0.011070,-0.066878,0.289485
0.010838,-0.065896,0.290291
0.009281,-0.064827,0.291264
0.006798,-0.060789,0.293003
0.006435,-0.060124,0.293550
0.006050,-0.061888,0.293452
0.005240,-0.060177,0.295077
0.002999,-0.056553,0.294546
0.001869,-0.057615,0.296706
0.000682,-0.055893,0.296153
-0.001430,-0.054264,0.298307
-0.002175,-0.054128,0.297539
-0.004491,-0.051458,0.300800
-0.005795,-0.051809,0.301477
-0.006220,-0.050303,0.300356
-0.006038,-0.051932,0.301793
-0.004978,-0.049554,0.301932
-0.008064,-0.048784,0.303294
-0.010910,-0.048766,0.302248
-0.011488,-0.046866,0.304681
-0.013613,-0.046560,0.303895
-0.013105,-0.046718,0.302595
-0.015899,-0.044084,0.304510
-0.015905,-0.044363,0.304678
-0.015291,-0.044207,0.306562
-0.018489,-0.044910,0.306713
-0.018736,-0.044090,0.306116
-0.018639,-0.044385,0.307124
-0.021953,-0.045213,0.306240
-0.022758,-0.041554,0.305236
-0.026456,-0.042022,0.305039
-0.023938,-0.041896,0.306936
-0.023736,-0.043031,0.306439
-0.026552,-0.043558,0.309501
-0.029651,-0.039904,0.309695
-0.029830,-0.039402,0.309344
-0.031767,-0.040737,0.307246
-0.032739,-0.041433,0.310119
-0.032965,-0.038986,0.310119
-0.032823,-0.042169,0.309051
-0.034312,-0.040658,0.308817
-0.033873,-0.041490,0.309824
-0.037461,-0.040514,0.309242
-0.038046,-0.038942,0.308207
-0.037816,-0.040008,0.309677
-0.039427,-0.040331,0.308607
-0.041245,-0.039193,0.310387
-0.042152,-0.039317,0.308163
-0.043619,-0.039909,0.309527
-0.044746,-0.037219,0.310052
-0.045730,-0.040954,0.310620
-0.045111,-0.038706,0.308596
-0.047117,-0.039278,0.309579
-0.047935,-0.038415,0.310218
-0.051157,-0.037505,0.309260
-0.051069,-0.038391,0.310149
-0.053091,-0.037548,0.312024
-0.053385,-0.037483,0.308693
-0.054618,-0.036761,0.311704
-0.055009,-0.037365,0.311957
-0.057880,-0.036956,0.311393
-0.056033,-0.036262,0.308751
-0.059967,-0.038026,0.310534
-0.060709,-0.036921,0.312106
-0.060796,-0.037778,0.310748
-0.061589,-0.036516,0.310815
-0.061970,-0.037067,0.311405
-0.065039,-0.037837,0.310549
-0.065457,-0.036821,0.310956
-0.068352,-0.039135,0.308420
-0.067915,-0.036831,0.309192
-0.069543,-0.038472,0.310633
-0.070935,-0.038078,0.311857
-0.071665,-0.035665,0.309701
-0.071100,-0.038143,0.311917
-0.070628,-0.039184,0.309692
-0.074937,-0.037596,0.309926
-0.074814,-0.039010,0.309125
-0.077571,-0.039870,0.309408
-0.078636,-0.039716,0.309994
-0.079030,-0.039462,0.308576
-0.082018,-0.040271,0.309562
-0.080686,-0.040875,0.308229
-0.082161,-0.041851,0.308993
-0.084189,-0.040081,0.308298
-0.084579,-0.039322,0.308322
-0.085382,-0.040444,0.308233
-0.085970,-0.039561,0.309818
-0.089620,-0.041009,0.308380
-0.090076,-0.042108,0.307843
-0.089869,-0.042023,0.309114
-0.090859,-0.042118,0.308847
-0.092679,-0.042784,0.306742
-0.092965,-0.042419,0.306775
-0.095037,-0.042803,0.307853
-0.096930,-0.044540,0.306384
-0.095066,-0.042934,0.306595
-0.098519,-0.043923,0.305154
-0.099525,-0.044419,0.305921
-0.099293,-0.046973,0.304006
-0.102009,-0.047073,0.302797
-0.101812,-0.047425,0.304622
-0.103140,-0.047109,0.302982
-0.103306,-0.049618,0.303673
-0.106482,-0.050331,0.301764
-0.105551,-0.050038,0.302690
-0.107926,-0.047672,0.300810
-0.108477,-0.049750,0.302061
-0.109743,-0.051684,0.301477
-0.112159,-0.051555,0.300556
-0.109614,-0.051010,0.300706
-0.111236,-0.054324,0.298544
-0.113282,-0.056238,0.299033
-0.114421,-0.056374,0.297518
-0.117953,-0.057763,0.296019
-0.118938,-0.058615,0.295045
-0.117874,-0.058919,0.294859
-0.118931,-0.060230,0.294296
-0.121164,-0.060500,0.292580
-0.123249,-0.062738,0.290906
-0.122409,-0.063128,0.292606
-0.124062,-0.064899,0.288789
-0.124185,-0.066157,0.289377
-0.126470,-0.066234,0.289313
-0.128597,-0.069289,0.288473
-0.128538,-0.071532,0.286315
-0.130848,-0.071910,0.286178
-0.130751,-0.074680,0.283540
-0.132248,-0.074128,0.284417
-0.133956,-0.075683,0.283895
-0.134382,-0.077749,0.281827
-0.134129,-0.080103,0.280458
-0.135229,-0.080226,0.279124
-0.138136,-0.081098,0.280996
-0.139434,-0.083593,0.276628
-0.142520,-0.085762,0.275637
-0.142158,-0.087022,0.275389
-0.141996,-0.086816,0.274865
-0.142553,-0.090003,0.274161
-0.145122,-0.091011,0.272496
-0.147784,-0.091452,0.271754
-0.148768,-0.094804,0.268220
-0.148691,-0.093408,0.269938
-0.150048,-0.096296,0.271055
-0.153449,-0.099871,0.265434
-0.152328,-0.100739,0.264334
-0.152689,-0.101282,0.264976
-0.155218,-0.102675,0.263953
-0.157727,-0.106102,0.263048
-0.157693,-0.107329,0.262763
-0.160743,-0.106620,0.263539
-0.158462,-0.107911,0.260926
-0.160762,-0.107161,0.261934
-0.163326,-0.110262,0.260121
-0.164367,-0.110350,0.256593
-0.164750,-0.110868,0.256485
-0.165058,-0.112230,0.257740
-0.166545,-0.114362,0.255161
-0.168127,-0.116087,0.255662
-0.170257,-0.115912,0.255165
-0.170286,-0.115323,0.254232
-0.172619,-0.116439,0.254506
-0.173455,-0.119644,0.249842
-0.174454,-0.119312,0.251811
-0.174209,-0.120705,0.249829
-0.175499,-0.119995,0.249567
-0.177738,-0.124016,0.248663
-0.178167,-0.124662,0.248765
-0.182174,-0.123597,0.248406
-0.181166,-0.125187,0.247016
-0.182814,-0.124203,0.246787
-0.184174,-0.129252,0.245183
-0.185032,-0.128488,0.245226
-0.185648,-0.128437,0.247055
-0.187421,-0.129687,0.246276
-0.186546,-0.127752,0.243779
-0.190659,-0.132261,0.243993
-0.189405,-0.129995,0.243159
-0.192116,-0.131660,0.241192
-0.194627,-0.133193,0.239844
-0.193791,-0.133451,0.241283
-0.195677,-0.135270,0.240919
-0.196649,-0.133838,0.239374
-0.197612,-0.136663,0.238548
-0.200432,-0.138515,0.240702
-0.201181,-0.137454,0.236394
-0.202403,-0.139481,0.237814
-0.203671,-0.141698,0.237384
-0.204915,-0.141462,0.236180
-0.204842,-0.143373,0.236054
-0.206548,-0.143590,0.234138
-0.208021,-0.145584,0.232879
-0.209412,-0.146049,0.233073
-0.210972,-0.148871,0.230581
-0.210794,-0.146599,0.232144
-0.212245,-0.147962,0.228881
-0.213233,-0.149519,0.230207
-0.216132,-0.150140,0.230485
-0.218007,-0.150763,0.228353
-0.216363,-0.151564,0.227563
-0.218474,-0.155212,0.227827
-0.219084,-0.154411,0.224852
-0.219968,-0.155167,0.223737
-0.222546,-0.158034,0.225870
-0.223989,-0.160227,0.225435
-0.225625,-0.161601,0.221971
-0.226890,-0.161950,0.221510
-0.226521,-0.162485,0.220404
-0.228918,-0.164692,0.221201
-0.231980,-0.164743,0.218632
-0.230421,-0.167573,0.217844
-0.234577,-0.169305,0.216403
-0.232848,-0.170509,0.214582
-0.237189,-0.172063,0.212019
-0.238699,-0.175393,0.211660
-0.237438,-0.174187,0.212297
-0.239831,-0.177683,0.212024
-0.239775,-0.178725,0.210806
-0.242936,-0.179857,0.209006
-0.242077,-0.183181,0.208076
-0.243715,-0.185636,0.207009
-0.246808,-0.185184,0.207391
-0.247986,-0.185773,0.203043
-0.247706,-0.188562,0.203280
-0.249853,-0.188240,0.201592
-0.252372,-0.190783,0.199785
-0.252618,-0.194173,0.202063
-0.253279,-0.194792,0.197547
-0.254907,-0.195491,0.196328
-0.256065,-0.197090,0.193316
-0.258103,-0.200471,0.194877
-0.257952,-0.201962,0.193245
-0.262313,-0.202513,0.191814
-0.260146,-0.205064,0.190070
-0.262875,-0.207004,0.188555
-0.265057,-0.206897,0.188290
-0.264588,-0.209256,0.187851
-0.268370,-0.212290,0.185543
-0.270606,-0.212590,0.183147
-0.271046,-0.213477,0.183257
-0.270029,-0.217383,0.181516
-0.272131,-0.219841,0.181750
-0.273743,-0.220541,0.178930
-0.275618,-0.221622,0.180470
-0.278180,-0.223101,0.178185
-0.278575,-0.224249,0.177033
-0.278732,-0.228597,0.175535
-0.280861,-0.228960,0.174227
-0.282894,-0.230255,0.174326
-0.284220,-0.229854,0.170254
-0.286498,-0.233734,0.168943
-0.286885,-0.235979,0.168270
-0.288995,-0.238081,0.165408
-0.288732,-0.243336,0.165704
-0.291857,-0.243645,0.164853
-0.292678,-0.244756,0.161470
-0.294031,-0.246687,0.161620
-0.295486,-0.248681,0.157490
-0.297475,-0.251979,0.157436
-0.300838,-0.253619,0.157652
-0.299755,-0.254967,0.156107
-0.301975,-0.257226,0.154261
-0.303536,-0.257866,0.151923
-0.302512,-0.260978,0.150555
-0.305573,-0.263305,0.150377
-0.307386,-0.265161,0.147787
-0.309176,-0.267099,0.145533
-0.308809,-0.266859,0.146080
-0.311531,-0.270720,0.144447
-0.312930,-0.271626,0.141499
-0.313969,-0.274170,0.137842
-0.316141,-0.277783,0.136394
-0.317592,-0.279020,0.137621
-0.318602,-0.283418,0.136741
-0.320907,-0.286571,0.132050
-0.323445,-0.291801,0.129416
0.017573,-0.082151,0.281843
0.016118,-0.078619,0.283332
0.014924,-0.077227,0.286506
0.012440,-0.074094,0.284633
0.013275,-0.071549,0.288546
0.011694,-0.071362,0.288816
0.009241,-0.068894,0.290121
0.008355,-0.068569,0.290918
0.007885,-0.065558,0.291244
0.006169,-0.066092,0.293222
0.005600,-0.064136,0.293939
0.004198,-0.059913,0.294411
0.001962,-0.061101,0.294911
0.001465,-0.060536,0.297317
0.000724,-0.059956,0.296284
-0.000804,-0.057642,0.297895
-0.001187,-0.055826,0.300012
-0.003677,-0.055417,0.299089
-0.004296,-0.056035,0.299683
-0.006538,-0.053659,0.300396
-0.006021,-0.054319,0.302210
-0.007822,-0.051110,0.302734
-0.009659,-0.052551,0.303426
-0.010213,-0.052337,0.301616
-0.011021,-0.050307,0.303885
-0.012196,-0.048958,0.305052
-0.013339,-0.048125,0.304924
-0.013951,-0.047940,0.305967
-0.017282,-0.047846,0.305223
-0.016473,-0.045761,0.306150
-0.018741,-0.046702,0.304766
-0.020390,-0.046081,0.307506
-0.020246,-0.044624,0.306917
-0.023583,-0.046953,0.305761
-0.021795,-0.045288,0.307854
-0.022742,-0.044460,0.306622
-0.023727,-0.043995,0.308804
-0.024518,-0.043218,0.308018
-0.028075,-0.043210,0.305833
-0.026277,-0.043569,0.308776
-0.029775,-0.043823,0.308279
-0.030350,-0.043087,0.308395
-0.031547,-0.044247,0.308382
-0.032487,-0.042851,0.306625
-0.032949,-0.043009,0.306721
-0.035469,-0.042259,0.308698
-0.035866,-0.043252,0.308367
-0.038206,-0.042028,0.309311
-0.038970,-0.041339,0.308677
-0.038020,-0.041258,0.308581
-0.040974,-0.043315,0.307863
-0.042619,-0.042180,0.309178
-0.041500,-0.041548,0.308399
-0.044660,-0.044671,0.309782
-0.044409,-0.041611,0.308977
-0.045898,-0.042173,0.309842
-0.045630,-0.041109,0.309754
-0.047706,-0.040620,0.309490
-0.049400,-0.040259,0.309425
-0.049714,-0.042518,0.307468
-0.051576,-0.040845,0.310119
-0.052676,-0.042868,0.307837
-0.052319,-0.042278,0.311038
-0.054492,-0.040619,0.309624
-0.055197,-0.037821,0.308892
-0.055859,-0.041441,0.310738
-0.057538,-0.040340,0.309379
-0.058471,-0.039919,0.310020
-0.058738,-0.041763,0.308347
-0.060099,-0.040381,0.311141
-0.061347,-0.039309,0.308985
-0.062345,-0.041189,0.309718
-0.063844,-0.040379,0.310430
-0.066698,-0.041337,0.309424
-0.067309,-0.040417,0.309857
-0.066491,-0.039970,0.309709
-0.068669,-0.041624,0.311306
-0.069575,-0.039408,0.311175
-0.072358,-0.041801,0.310472
-0.072273,-0.042243,0.312710
-0.073190,-0.040193,0.309807
-0.075112,-0.040202,0.310989
-0.074239,-0.039297,0.312089
-0.075892,-0.040659,0.309342
-0.078111,-0.042357,0.307365
-0.078162,-0.041320,0.309626
-0.080532,-0.040730,0.309718
-0.079726,-0.041040,0.306846
-0.081773,-0.044865,0.309495
-0.082395,-0.042418,0.310859
-0.084926,-0.043213,0.309759
-0.085128,-0.041432,0.309115
-0.086805,-0.042535,0.308274
-0.087893,-0.044084,0.308510
-0.088941,-0.043135,0.309952
-0.090724,-0.044869,0.308461
-0.091498,-0.044958,0.306876
-0.091883,-0.043515,0.307022
-0.094482,-0.046288,0.307719
-0.094498,-0.046113,0.305067
-0.097408,-0.043756,0.305292
-0.097550,-0.046763,0.305127
-0.098516,-0.048593,0.305291
-0.098089,-0.048232,0.303301
-0.098720,-0.049748,0.304369
-0.101511,-0.049284,0.304865
-0.103777,-0.048695,0.305023
-0.104760,-0.051339,0.304986
-0.103290,-0.050671,0.301322
-0.105746,-0.051888,0.302739
-0.105611,-0.050907,0.302429
-0.108431,-0.051486,0.301979
-0.109587,-0.053215,0.301812
-0.111101,-0.054021,0.301598
-0.111128,-0.055390,0.299322
-0.111734,-0.058212,0.299103
-0.111880,-0.055743,0.298375
-0.115943,-0.059146,0.297934
-0.115751,-0.058709,0.296688
-0.116316,-0.059389,0.291652
-0.118578,-0.061703,0.294226
-0.118641,-0.062575,0.294465
-0.119530,-0.061936,0.293995
-0.122108,-0.064455,0.292311
-0.120296,-0.066636,0.291317
-0.122300,-0.066464,0.290500
-0.125223,-0.068804,0.289469
-0.127398,-0.070086,0.287778
-0.128225,-0.070567,0.289393
-0.128436,-0.074572,0.287072
-0.128892,-0.074185,0.288447
-0.127838,-0.075620,0.285743
-0.130458,-0.074877,0.284204
-0.132091,-0.076721,0.283150
-0.134262,-0.078114,0.284008
-0.134293,-0.081062,0.281890
-0.135643,-0.081397,0.279360
-0.138792,-0.081899,0.279586
-0.137459,-0.086089,0.278035
-0.137638,-0.086598,0.275348
-0.141871,-0.087439,0.275228
-0.142523,-0.088242,0.273339
-0.142956,-0.091155,0.274783
-0.145616,-0.091752,0.275072
-0.145440,-0.091992,0.272620
-0.147442,-0.093962,0.272257
-0.147758,-0.097061,0.268690
-0.148549,-0.098883,0.269087
-0.149947,-0.099406,0.268238
-0.151537,-0.101173,0.266176
-0.153904,-0.103386,0.264857
-0.154340,-0.104302,0.263841
-0.154820,-0.105205,0.263454
-0.156079,-0.106289,0.262486
-0.158317,-0.107939,0.262491
-0.157621,-0.108195,0.258844
-0.159858,-0.110260,0.258201
-0.160630,-0.111039,0.259141
-0.162209,-0.112306,0.258822
-0.163496,-0.113231,0.258156
-0.164394,-0.116198,0.257542
-0.166360,-0.115064,0.256794
-0.166448,-0.116692,0.256115
-0.168287,-0.116566,0.257470
-0.169923,-0.118381,0.253840
-0.171439,-0.119282,0.253539
-0.171897,-0.121301,0.252356
-0.173342,-0.120581,0.253048
-0.174305,-0.122114,0.253958
-0.176675,-0.122769,0.251101
-0.174844,-0.124548,0.250186
-0.176258,-0.124465,0.251318
-0.178626,-0.125641,0.248168
-0.180032,-0.126091,0.248084
-0.179862,-0.127606,0.249860
-0.182790,-0.127946,0.246999
-0.183651,-0.128811,0.245276
-0.183875,-0.130667,0.247091
-0.185352,-0.130800,0.247062
-0.187345,-0.130948,0.245595
-0.189974,-0.131814,0.246000
-0.189550,-0.132993,0.241788
-0.190892,-0.133229,0.242824
-0.194149,-0.136259,0.243103
-0.193608,-0.136766,0.242942
-0.193718,-0.136902,0.241427
-0.195249,-0.136742,0.241585
-0.197791,-0.139215,0.241487
-0.199107,-0.137764,0.239909
-0.198503,-0.140504,0.239640
-0.200130,-0.140396,0.237422
-0.201345,-0.142414,0.237065
-0.201958,-0.142549,0.236461
-0.203147,-0.143266,0.238026
-0.205442,-0.144319,0.236012
-0.206295,-0.144992,0.234458
-0.208836,-0.147196,0.234710
-0.208282,-0.149416,0.234390
-0.211803,-0.148770,0.232191
-0.212598,-0.148999,0.230668
-0.214328,-0.150614,0.229848
-0.211798,-0.149363,0.230597
-0.215190,-0.152946,0.229558
-0.216356,-0.154733,0.228862
-0.218185,-0.152653,0.230284
-0.218938,-0.156156,0.227121
-0.220805,-0.154998,0.226149
-0.220336,-0.155776,0.226641
-0.224007,-0.159479,0.225585
-0.225349,-0.159870,0.222298
-0.225567,-0.163399,0.222364
-0.226374,-0.167243,0.220516
-0.226830,-0.165004,0.221960
-0.229315,-0.166351,0.219175
-0.231751,-0.166481,0.217565
-0.230701,-0.169787,0.218229
-0.232831,-0.172705,0.217364
-0.234983,-0.173953,0.215205
-0.235905,-0.173709,0.214108
-0.236625,-0.175227,0.215009
-0.238429,-0.177502,0.213396
-0.238845,-0.180814,0.210185
-0.240785,-0.179115,0.207492
-0.242035,-0.183679,0.207267
-0.241578,-0.183860,0.207100
-0.245112,-0.186263,0.206323
-0.245865,-0.187268,0.204605
-0.248878,-0.185888,0.203756
-0.248561,-0.189760,0.203163
-0.251335,-0.190096,0.203788
-0.253696,-0.192781,0.201697
-0.252172,-0.192994,0.199935
-0.254536,-0.195991,0.198700
-0.254697,-0.197425,0.198504
-0.254903,-0.197926,0.195746
-0.258933,-0.200897,0.196420
-0.259917,-0.203844,0.193431
-0.261518,-0.202562,0.192412
-0.261135,-0.206567,0.191806
-0.262928,-0.206493,0.191307
-0.264867,-0.210771,0.187435
-0.266496,-0.212404,0.188971
-0.267881,-0.213997,0.188794
-0.269061,-0.213389,0.186092
-0.270588,-0.216059,0.183724
-0.272531,-0.220118,0.182632
-0.274025,-0.219299,0.181764
-0.276404,-0.222237,0.180835
-0.274989,-0.225725,0.179033
-0.277790,-0.223547,0.179025
-0.278848,-0.226405,0.178666
-0.279499,-0.226911,0.174295
-0.281629,-0.228069,0.176688
-0.280640,-0.231252,0.172599
-0.283886,-0.233098,0.173684
-0.286246,-0.233679,0.173231
-0.286014,-0.236380,0.168989
-0.287770,-0.237542,0.166511
-0.289594,-0.240450,0.166257
-0.289796,-0.243542,0.165227
-0.293008,-0.246919,0.163565
-0.293964,-0.250032,0.161282
-0.295785,-0.251517,0.159965
-0.295988,-0.250647,0.157886
-0.298106,-0.253911,0.158475
-0.300072,-0.254196,0.157356
-0.301216,-0.257443,0.154199
-0.304274,-0.259828,0.153122
-0.303385,-0.262210,0.149631
-0.304636,-0.264506,0.149712
-0.307428,-0.265119,0.147741
-0.306817,-0.268804,0.147228
-0.310006,-0.270911,0.146619
-0.312201,-0.271488,0.145093
-0.311263,-0.273190,0.142857
-0.315233,-0.275232,0.141123
-0.315877,-0.279058,0.139881
-0.317707,-0.281681,0.139105
-0.316719,-0.282267,0.137008
-0.320143,-0.286858,0.133503
-0.322168,-0.290026,0.131102
0.014713,-0.082337,0.282132
0.013156,-0.078234,0.285343
0.010870,-0.075945,0.287852
0.012358,-0.072454,0.288089
0.009486,-0.071837,0.290126
0.007732,-0.070454,0.290440
0.007562,-0.069032,0.291369
0.005100,-0.066582,0.292006
0.004988,-0.066016,0.294319
0.003352,-0.066330,0.292148
0.002236,-0.063078,0.295603
0.001974,-0.063695,0.296123
0.001147,-0.060629,0.296934
-0.001567,-0.060488,0.297255
-0.003271,-0.059576,0.298955
-0.002404,-0.057656,0.298026
-0.002405,-0.059738,0.301695
-0.005081,-0.056254,0.300535
-0.006746,-0.056550,0.301766
-0.007262,-0.055877,0.303050
-0.008388,-0.054259,0.302471
-0.010045,-0.053080,0.302826
-0.011173,-0.052535,0.303227
-0.012086,-0.051447,0.303800
-0.013865,-0.051408,0.303311
-0.013947,-0.050845,0.303634
-0.015368,-0.049333,0.306176
-0.015873,-0.048572,0.306089
-0.016292,-0.050438,0.306268
-0.017050,-0.049808,0.305644
-0.018371,-0.047368,0.305192
-0.019685,-0.049076,0.307080
-0.020123,-0.048052,0.306223
-0.024294,-0.047424,0.303762
-0.023722,-0.045984,0.306297
-0.024328,-0.044866,0.306455
-0.027535,-0.045995,0.307214
-0.027799,-0.045304,0.307308
-0.028964,-0.045990,0.306792
-0.030184,-0.045138,0.308211
-0.030435,-0.045522,0.308183
-0.033329,-0.045070,0.308139
-0.033035,-0.046773,0.308803
-0.033168,-0.046403,0.307063
-0.036088,-0.046687,0.308469
-0.037871,-0.045423,0.305259
-0.038006,-0.044362,0.307878
-0.040048,-0.046221,0.307066
-0.038456,-0.045152,0.305708
-0.042889,-0.043876,0.306737
-0.041984,-0.043995,0.307220
-0.043231,-0.045090,0.308478
-0.044762,-0.046473,0.308534
-0.045548,-0.044951,0.309187
-0.047484,-0.044230,0.306252
-0.046964,-0.046018,0.309465
-0.049759,-0.043385,0.309960
-0.050877,-0.044847,0.308524
-0.052376,-0.043768,0.308806
-0.053056,-0.044521,0.310477
-0.053657,-0.045876,0.308648
-0.052575,-0.043295,0.310587
-0.055316,-0.042558,0.310139
-0.056323,-0.043184,0.309608
-0.054910,-0.043509,0.309485
-0.058532,-0.043219,0.310002
-0.059635,-0.043870,0.309477
-0.061213,-0.044978,0.308093
-0.062225,-0.043569,0.310074
-0.062992,-0.042419,0.309014
-0.064122,-0.044208,0.310309
-0.066797,-0.044093,0.308840
-0.067049,-0.041918,0.308906
-0.067546,-0.043179,0.311072
-0.068362,-0.044733,0.309831
-0.070540,-0.044517,0.310242
-0.071366,-0.042156,0.310050
-0.070941,-0.044300,0.309496
-0.074619,-0.044163,0.309760
-0.076648,-0.042291,0.309243
-0.075043,-0.041063,0.309695
-0.076467,-0.044563,0.310955
-0.079331,-0.043206,0.309959
-0.079285,-0.044118,0.309948
-0.079453,-0.043778,0.309919
-0.080620,-0.044768,0.308321
-0.083191,-0.043698,0.309967
-0.082737,-0.046061,0.308613
-0.086459,-0.044872,0.307653
-0.086297,-0.045181,0.308634
-0.086815,-0.045703,0.309420
-0.089444,-0.044791,0.308306
-0.089309,-0.046258,0.307920
-0.089019,-0.046959,0.307565
-0.093077,-0.044797,0.307261
-0.091526,-0.047478,0.307864
-0.092465,-0.048075,0.305712
-0.094259,-0.048397,0.305058
-0.096462,-0.048727,0.306387
-0.097163,-0.049403,0.305315
-0.098096,-0.049082,0.305654
-0.098808,-0.049003,0.305502
-0.101091,-0.050800,0.303783
-0.100678,-0.052857,0.303840
-0.100695,-0.050737,0.303408
-0.103573,-0.051618,0.301364
-0.102327,-0.052850,0.303493
-0.104111,-0.052328,0.301440
-0.105336,-0.053962,0.300799
-0.106321,-0.055853,0.301762
-0.108538,-0.055712,0.300497
-0.110263,-0.055686,0.299829
-0.111645,-0.059125,0.299946
-0.113199,-0.057083,0.297079
-0.113633,-0.058968,0.297941
-0.112633,-0.060744,0.297626
-0.116576,-0.062041,0.295820
-0.118114,-0.062730,0.295574
-0.117222,-0.065733,0.297176
-0.118955,-0.064464,0.292318
-0.120269,-0.066398,0.292087
-0.122916,-0.066750,0.290781
-0.121987,-0.069170,0.290681
-0.124117,-0.071272,0.290373
-0.124881,-0.070964,0.288571
-0.125371,-0.073549,0.288569
-0.126284,-0.074868,0.287552
-0.128581,-0.074438,0.285850
-0.128977,-0.078343,0.285838
-0.131909,-0.075298,0.285112
-0.130280,-0.077990,0.284965
-0.132296,-0.080299,0.283770
-0.133633,-0.080868,0.282002
-0.133951,-0.082683,0.281456
-0.136874,-0.084214,0.279425
-0.136519,-0.087661,0.278662
-0.137691,-0.089134,0.277057
-0.139005,-0.090023,0.276893
-0.141746,-0.090410,0.275695
-0.143837,-0.091809,0.274044
-0.143022,-0.095012,0.273691
-0.145454,-0.094747,0.274239
-0.146512,-0.097364,0.271131
-0.146439,-0.098217,0.269744
-0.147382,-0.099587,0.268904
-0.149175,-0.101392,0.265678
-0.151792,-0.103916,0.267656
-0.150788,-0.103157,0.266813
-0.151496,-0.105998,0.265869
-0.155396,-0.106677,0.264189
-0.154417,-0.109531,0.262853
-0.157573,-0.109466,0.262601
-0.158385,-0.111355,0.260469
-0.158336,-0.111342,0.261814
-0.160111,-0.112942,0.259684
-0.161198,-0.114780,0.258517
-0.162186,-0.115156,0.260342
-0.162386,-0.116550,0.257863
-0.165816,-0.117832,0.256760
-0.166888,-0.119073,0.256236
-0.166639,-0.120050,0.255490
-0.168354,-0.119100,0.254352
-0.169686,-0.120842,0.254172
-0.170724,-0.121645,0.253505
-0.171725,-0.123624,0.255211
-0.172826,-0.123366,0.252960
-0.175216,-0.125624,0.252501
-0.176756,-0.125039,0.252025
-0.177330,-0.125585,0.250956
-0.178269,-0.127847,0.248295
-0.178921,-0.125611,0.247910
-0.179711,-0.128643,0.249400
-0.179721,-0.129161,0.249107
-0.182183,-0.131216,0.246688
-0.183903,-0.130752,0.247137
-0.184968,-0.131447,0.246130
-0.185417,-0.131056,0.244907
-0.185780,-0.133605,0.245884
-0.189761,-0.132519,0.243658
-0.188029,-0.136181,0.243687
-0.189398,-0.135519,0.243754
-0.191979,-0.136767,0.243102
-0.192879,-0.136758,0.243895
-0.195252,-0.136917,0.239494
-0.193929,-0.138404,0.241521
-0.196299,-0.141461,0.241635
-0.198970,-0.142097,0.239016
-0.199807,-0.140401,0.238497
-0.202074,-0.142237,0.238996
-0.201928,-0.143396,0.237422
-0.201809,-0.145415,0.237242
-0.204569,-0.144350,0.237224
-0.204333,-0.146293,0.235079
-0.207912,-0.147185,0.234819
-0.209326,-0.149459,0.233595
-0.210307,-0.148840,0.232156
-0.211478,-0.151197,0.233920
-0.211578,-0.151490,0.230902
-0.212271,-0.152118,0.232415
-0.213862,-0.154360,0.231426
-0.214276,-0.155450,0.228241
-0.214749,-0.155640,0.228848
-0.217484,-0.155902,0.228444
-0.218544,-0.157133,0.229042
-0.219973,-0.158750,0.228123
-0.221092,-0.158877,0.226311
-0.222057,-0.162991,0.226662
-0.224539,-0.163601,0.226151
-0.226607,-0.163838,0.222583
-0.225486,-0.164690,0.221960
-0.230124,-0.166645,0.221324
-0.228423,-0.168121,0.220742
-0.228707,-0.169801,0.220723
-0.231025,-0.171175,0.218206
-0.234417,-0.173332,0.216453
-0.234737,-0.174403,0.215353
-0.234086,-0.174512,0.215066
-0.235356,-0.177240,0.214100
-0.240159,-0.178814,0.210409
-0.240461,-0.182589,0.210184
-0.240709,-0.183326,0.209426
-0.242387,-0.185942,0.208640
-0.245111,-0.185947,0.208521
-0.243806,-0.187048,0.204688
-0.244487,-0.190480,0.205829
-0.247553,-0.190921,0.205116
-0.249593,-0.189159,0.203527
-0.250237,-0.191914,0.202261
-0.250988,-0.195513,0.200922
-0.253563,-0.195933,0.199923
-0.253627,-0.196934,0.200445
-0.255903,-0.197952,0.197368
-0.255693,-0.200202,0.197585
-0.258411,-0.200580,0.195621
-0.258894,-0.204314,0.195626
-0.259099,-0.206994,0.191923
-0.262538,-0.209981,0.191014
-0.265892,-0.209398,0.191141
-0.265243,-0.209389,0.188998
-0.265225,-0.212863,0.187461
-0.266311,-0.213108,0.187255
-0.270077,-0.216576,0.184604
-0.269059,-0.219116,0.184602
-0.272120,-0.220384,0.183573
-0.272883,-0.222715,0.182067
-0.272341,-0.224188,0.181513
-0.275951,-0.224372,0.181858
-0.277297,-0.227506,0.180681
-0.276653,-0.227201,0.175698
-0.280925,-0.231330,0.177524
-0.280835,-0.231548,0.174554
-0.279652,-0.233559,0.173253
-0.283368,-0.233414,0.173512
-0.285210,-0.237500,0.172661
-0.288458,-0.238633,0.170854
-0.289856,-0.240640,0.169205
-0.290506,-0.241101,0.168725
-0.291870,-0.244070,0.166404
-0.293015,-0.245079,0.164784
-0.291990,-0.247371,0.162002
-0.295776,-0.250740,0.160772
-0.297516,-0.253155,0.160132
-0.297463,-0.255577,0.159273
-0.300313,-0.256925,0.157095
-0.301209,-0.259734,0.154663
-0.301471,-0.260607,0.153624
-0.303148,-0.263569,0.150918
-0.305008,-0.263041,0.151405
-0.307668,-0.267433,0.149761
-0.309393,-0.270794,0.148175
-0.310710,-0.271038,0.145403
-0.311081,-0.272824,0.145993
-0.310767,-0.275030,0.143742
-0.314994,-0.276306,0.142654
-0.316632,-0.278543,0.138991
-0.316324,-0.281015,0.137745
-0.318020,-0.285098,0.138433
-0.321344,-0.286885,0.136392
-0.323433,-0.292769,0.133083
-0.321921,-0.296236,0.129299
0.015320,-0.089398,0.279308
0.012009,-0.082156,0.283821
0.011137,-0.079174,0.287057
0.011002,-0.073909,0.289848
0.009150,-0.072686,0.290049
0.008190,-0.069457,0.290536
0.006611,-0.071186,0.288707
0.005391,-0.068367,0.291964
0.005022,-0.068414,0.293067
0.002411,-0.067641,0.294446
0.000940,-0.065562,0.294198
0.002687,-0.063501,0.295946
0.000403,-0.063236,0.298251
-0.000873,-0.062188,0.296551
-0.003703,-0.062271,0.299579
-0.003973,-0.060088,0.301221
-0.003351,-0.058217,0.301051
-0.007220,-0.058995,0.300221
-0.008314,-0.058509,0.302525
-0.008043,-0.055828,0.301759
-0.008144,-0.055565,0.301033
-0.009209,-0.057814,0.301925
-0.011955,-0.056259,0.301890
-0.013360,-0.053694,0.302754
-0.015069,-0.053842,0.303754
-0.014193,-0.052512,0.305221
-0.015350,-0.051561,0.305356
-0.017880,-0.050695,0.305680
-0.015993,-0.053088,0.304239
-0.019214,-0.051743,0.304629
-0.021634,-0.049213,0.305234
-0.021606,-0.050673,0.303972
-0.023329,-0.051387,0.305086
-0.023530,-0.048739,0.306269
-0.026549,-0.050455,0.307126
-0.026825,-0.049194,0.308886
-0.027612,-0.049208,0.306305
-0.030136,-0.049506,0.307574
-0.030899,-0.048679,0.306673
-0.031517,-0.048395,0.307758
-0.030901,-0.049619,0.305978
-0.032596,-0.050464,0.306742
-0.033859,-0.047854,0.307106
-0.035126,-0.047342,0.305953
-0.036945,-0.049160,0.307238
-0.036722,-0.048050,0.308483
-0.038243,-0.048259,0.309225
-0.039596,-0.048704,0.307731
-0.042044,-0.049375,0.305304
-0.041603,-0.049452,0.307599
-0.044273,-0.048740,0.308675
-0.043117,-0.050929,0.307692
-0.046581,-0.048058,0.307756
-0.046039,-0.048656,0.307679
-0.048595,-0.049574,0.306442
-0.048920,-0.048753,0.308015
-0.049828,-0.048652,0.307348
-0.052046,-0.047252,0.308969
-0.051381,-0.048767,0.309465
-0.054949,-0.045640,0.306349
-0.054175,-0.047215,0.310606
-0.056628,-0.049082,0.309149
-0.056504,-0.045579,0.308913
-0.056841,-0.045846,0.309288
-0.056888,-0.045878,0.310111
-0.058917,-0.046487,0.308766
-0.062569,-0.046872,0.310365
-0.062183,-0.045313,0.308943
-0.063887,-0.044737,0.307064
-0.063400,-0.044642,0.308692
-0.066647,-0.047508,0.309849
-0.066486,-0.047214,0.308623
-0.068282,-0.044194,0.310729
-0.068299,-0.045822,0.311316
-0.071834,-0.046241,0.310437
-0.071142,-0.047713,0.308063
-0.071739,-0.046737,0.310090
-0.074727,-0.046443,0.308218
-0.074152,-0.044123,0.309415
-0.075220,-0.044543,0.309514
-0.076533,-0.046447,0.309711
-0.079816,-0.048212,0.309117
-0.080367,-0.048461,0.310427
-0.081096,-0.047749,0.308962
-0.079963,-0.046753,0.308539
-0.082147,-0.047185,0.310074
-0.083044,-0.046898,0.307959
-0.082172,-0.047935,0.308810
-0.084273,-0.048007,0.307726
-0.085570,-0.046439,0.306292
-0.087845,-0.047658,0.307210
-0.089830,-0.049862,0.305469
-0.087559,-0.049519,0.308171
-0.090625,-0.050025,0.307068
-0.091918,-0.052812,0.305683
-0.091907,-0.050364,0.305819
-0.093261,-0.051079,0.306639
-0.096583,-0.052210,0.304158
-0.097404,-0.051795,0.304465
-0.097284,-0.052132,0.304812
-0.098393,-0.054572,0.304292
-0.099321,-0.053181,0.305486
-0.100814,-0.054039,0.303161
-0.099935,-0.054163,0.303839
-0.102847,-0.054966,0.302514
-0.105028,-0.056708,0.302025
-0.104343,-0.057194,0.302331
-0.106881,-0.057440,0.302037
-0.108391,-0.057477,0.300874
-0.106667,-0.058273,0.298417
-0.109161,-0.058490,0.300149
-0.110769,-0.061082,0.298609
-0.110441,-0.060820,0.296690
-0.112769,-0.061968,0.296453
-0.116512,-0.063462,0.297688
-0.115167,-0.064766,0.295698
-0.117773,-0.067092,0.296378
-0.117660,-0.066480,0.294503
-0.119531,-0.069009,0.293014
-0.119800,-0.070746,0.292015
-0.120907,-0.073381,0.291289
-0.122162,-0.072853,0.289753
-0.124371,-0.073887,0.289742
-0.125273,-0.073786,0.287703
-0.126016,-0.078283,0.289215
-0.128023,-0.076575,0.285964
-0.125836,-0.078091,0.287519
-0.128393,-0.078049,0.285329
-0.130389,-0.080526,0.284862
-0.130214,-0.081609,0.284837
-0.132839,-0.083326,0.281189
-0.133058,-0.087105,0.280847
-0.135784,-0.085156,0.280147
-0.137965,-0.088386,0.279530
-0.138107,-0.090609,0.278173
-0.139651,-0.092610,0.276930
-0.139803,-0.092065,0.275046
-0.142456,-0.093534,0.274821
-0.141421,-0.096308,0.274059
-0.141607,-0.098023,0.272838
-0.144029,-0.098640,0.271015
-0.144444,-0.099928,0.268367
-0.148225,-0.100949,0.269986
-0.148164,-0.101495,0.267274
-0.150166,-0.106484,0.267885
-0.149955,-0.105745,0.266544
-0.152045,-0.107611,0.264217
-0.151736,-0.109130,0.264703
-0.154139,-0.108476,0.264982
-0.153547,-0.108707,0.262476
-0.155021,-0.111732,0.262345
-0.156275,-0.112058,0.260589
-0.159368,-0.112734,0.259712
-0.160455,-0.116318,0.258976
-0.159449,-0.118340,0.255957
-0.161476,-0.118318,0.258149
-0.164494,-0.119365,0.258220
-0.165077,-0.118510,0.255722
-0.165415,-0.119711,0.257401
-0.168110,-0.121078,0.253738
-0.169172,-0.120061,0.253352
-0.169514,-0.124185,0.252870
-0.170294,-0.122864,0.253943
-0.171727,-0.124221,0.251775
-0.173558,-0.124746,0.253886
-0.176013,-0.124947,0.251911
-0.174560,-0.126687,0.249735
-0.176256,-0.128051,0.251651
-0.178054,-0.129782,0.249997
-0.179991,-0.129882,0.249104
-0.180797,-0.130490,0.248304
-0.181338,-0.131088,0.250059
-0.182046,-0.132313,0.248166
-0.184566,-0.132310,0.248259
-0.186053,-0.134208,0.245682
-0.186337,-0.133635,0.246622
-0.188810,-0.135747,0.246700
-0.187694,-0.136054,0.244270
-0.187940,-0.138831,0.245257
-0.190999,-0.138043,0.244849
-0.192657,-0.136801,0.243870
-0.192979,-0.139976,0.241565
-0.194571,-0.140458,0.241506
-0.196455,-0.142395,0.242808
-0.197955,-0.141101,0.242106
-0.198473,-0.141605,0.240251
-0.200334,-0.143691,0.239064
-0.200020,-0.144939,0.238946
-0.203215,-0.146508,0.239314
-0.204509,-0.147548,0.235391
-0.204834,-0.148717,0.235942
-0.208038,-0.149804,0.234780
-0.205750,-0.152359,0.234057
-0.204800,-0.153798,0.233837
-0.209846,-0.152367,0.234965
-0.211464,-0.152206,0.234722
-0.211159,-0.155554,0.231292
-0.214572,-0.155011,0.231329
-0.212860,-0.157206,0.229951
-0.215655,-0.156094,0.230312
-0.217729,-0.156580,0.230160
-0.217246,-0.157849,0.228350
-0.218678,-0.157798,0.228723
-0.219823,-0.160015,0.226900
-0.220934,-0.161966,0.226973
-0.220037,-0.162065,0.225865
-0.224375,-0.164875,0.225523
-0.224434,-0.165508,0.222918
-0.225671,-0.166621,0.224656
-0.228506,-0.169205,0.222512
-0.227934,-0.168792,0.220815
-0.231107,-0.170510,0.219381
-0.230452,-0.172463,0.219150
-0.233567,-0.175136,0.218290
-0.234011,-0.174535,0.215864
-0.237732,-0.177276,0.214051
-0.235112,-0.179691,0.214868
-0.239638,-0.180389,0.213375
-0.237570,-0.182218,0.212009
-0.239610,-0.183633,0.209451
-0.241170,-0.185832,0.210240
-0.242768,-0.190458,0.208305
-0.244500,-0.190132,0.206761
-0.246881,-0.188922,0.204801
-0.247057,-0.191689,0.204398
-0.250098,-0.191430,0.205079
-0.251474,-0.194974,0.201679
-0.251331,-0.196793,0.202090
-0.252863,-0.197769,0.200036
-0.254087,-0.198786,0.199479
-0.254553,-0.199389,0.200917
-0.257296,-0.202437,0.198371
-0.257568,-0.204871,0.195651
-0.260338,-0.206901,0.193399
-0.262515,-0.207975,0.195655
-0.262488,-0.209623,0.194880
-0.261854,-0.211708,0.192754
-0.264800,-0.212186,0.190918
-0.265374,-0.214281,0.188672
-0.268534,-0.217470,0.188574
-0.269114,-0.218153,0.187016
-0.271234,-0.218989,0.185540
-0.272261,-0.220855,0.185909
-0.273286,-0.221540,0.182692
-0.274605,-0.224745,0.182251
-0.275023,-0.226134,0.181059
-0.277249,-0.226963,0.178771
-0.279174,-0.230144,0.178215
-0.279839,-0.229903,0.175920
-0.278380,-0.233006,0.176095
-0.281628,-0.234931,0.175946
-0.283170,-0.234733,0.173315
-0.285465,-0.237504,0.173044
-0.286269,-0.238400,0.172197
-0.288277,-0.240402,0.170688
-0.288847,-0.244143,0.167594
-0.291884,-0.243499,0.166318
-0.293142,-0.246277,0.166596
-0.292644,-0.246123,0.162535
-0.296032,-0.251191,0.163755
-0.297050,-0.254389,0.160258
-0.298437,-0.256441,0.158466
-0.299262,-0.257729,0.159105
-0.302651,-0.259474,0.155993
-0.301201,-0.259970,0.153665
-0.304053,-0.262797,0.155109
-0.303428,-0.266889,0.154452
-0.308381,-0.268153,0.151558
-0.308875,-0.270786,0.149291
-0.309284,-0.272905,0.149577
-0.311167,-0.273691,0.146921
-0.312965,-0.276218,0.145611
-0.313878,-0.277780,0.142742
-0.314954,-0.280742,0.143563
-0.317783,-0.282626,0.139374
-0.318550,-0.282105,0.138830
-0.320682,-0.287994,0.136137
-0.321172,-0.291423,0.133485
-0.324015,-0.297780,0.131240
0.016734,-0.191193,0.207002
0.012282,-0.086591,0.283080
0.010962,-0.081390,0.285016
0.008513,-0.078484,0.284989
0.007486,-0.074479,0.289777
0.004879,-0.074244,0.291186
0.004133,-0.073703,0.292138
0.005580,-0.069372,0.291089
0.003772,-0.067993,0.294797
0.002030,-0.068687,0.296400
0.000345,-0.068207,0.294190
0.000797,-0.066127,0.295783
0.000535,-0.066640,0.295128
-0.002701,-0.063412,0.298508
-0.004927,-0.063381,0.300240
-0.005740,-0.061411,0.299029
-0.006876,-0.060971,0.299009
-0.007072,-0.061746,0.298501
-0.007686,-0.061584,0.300883
-0.008903,-0.061189,0.299737
-0.010858,-0.059041,0.301161
-0.011716,-0.059230,0.299291
-0.013595,-0.058355,0.301544
-0.014390,-0.057738,0.303297
-0.016384,-0.055625,0.301844
-0.014846,-0.057059,0.303918
-0.018478,-0.057071,0.304373
-0.018983,-0.054794,0.304405
-0.019727,-0.054065,0.304591
-0.020503,-0.055463,0.304183
-0.021944,-0.055571,0.306019
-0.023732,-0.053529,0.304842
-0.024027,-0.053845,0.303710
-0.025894,-0.053638,0.305447
-0.026632,-0.053522,0.306602
-0.027441,-0.052596,0.305963
-0.028675,-0.050979,0.305264
-0.029898,-0.054285,0.306777
-0.031214,-0.051537,0.305972
-0.033680,-0.053416,0.306759
-0.033788,-0.051818,0.306593
-0.036772,-0.053039,0.306097
-0.035439,-0.050777,0.306126
-0.037325,-0.051980,0.306160
-0.037441,-0.052206,0.308345
-0.038145,-0.051187,0.307162
-0.040587,-0.052194,0.306413
-0.040262,-0.050257,0.307649
-0.041269,-0.050975,0.306338
-0.044220,-0.051952,0.305411
-0.044865,-0.053712,0.306551
-0.046614,-0.050534,0.307483
-0.045584,-0.052093,0.306235
-0.047723,-0.051740,0.307986
-0.048988,-0.052008,0.305408
-0.051499,-0.052420,0.306948
-0.052167,-0.050011,0.306163
-0.051592,-0.053680,0.308295
-0.054567,-0.050028,0.306965
-0.054016,-0.049972,0.310236
-0.053890,-0.048268,0.307231
-0.055102,-0.050515,0.308606
-0.057477,-0.050365,0.308623
-0.059351,-0.049080,0.308086
-0.059094,-0.050712,0.309237
-0.063102,-0.050009,0.308455
-0.059713,-0.050936,0.308813
-0.064570,-0.050453,0.307458
-0.064026,-0.048894,0.308841
-0.065579,-0.047141,0.306983
-0.066401,-0.048799,0.310188
-0.067225,-0.049580,0.307741
-0.069750,-0.048851,0.309099
-0.069151,-0.047372,0.309735
-0.071325,-0.048681,0.308806
-0.071277,-0.048103,0.310269
-0.072654,-0.047989,0.309299
-0.074645,-0.047286,0.307800
-0.075409,-0.048289,0.309393
-0.077877,-0.048205,0.307192
-0.078142,-0.047499,0.308123
-0.079132,-0.049313,0.309238
-0.080782,-0.048121,0.308268
-0.079976,-0.050008,0.307037
-0.082143,-0.049059,0.309873
-0.083642,-0.048907,0.309514
-0.083321,-0.051022,0.308329
-0.084411,-0.050809,0.307603
-0.086382,-0.053547,0.307938
-0.086148,-0.051776,0.307423
-0.088929,-0.053465,0.307549
-0.088589,-0.049766,0.306659
-0.091827,-0.053197,0.307415
-0.091229,-0.052148,0.306547
-0.093446,-0.053057,0.307337
-0.096915,-0.055178,0.304577
-0.096049,-0.054700,0.308689
-0.096836,-0.053341,0.305203
-0.095572,-0.055033,0.304261
-0.098686,-0.054664,0.304552
-0.100657,-0.058160,0.302761
-0.102529,-0.057375,0.304257
-0.102968,-0.057080,0.302214
-0.103490,-0.060230,0.300598
-0.105139,-0.058392,0.302402
-0.106259,-0.059744,0.300668
-0.105604,-0.062940,0.299092
-0.107555,-0.061871,0.299553
-0.108128,-0.062987,0.299285
-0.109754,-0.063258,0.299117
-0.111261,-0.062384,0.298424
-0.113047,-0.065934,0.296568
-0.112178,-0.065285,0.296211
-0.113749,-0.067754,0.294896
-0.113932,-0.069043,0.294960
-0.116475,-0.070009,0.294200
-0.119534,-0.071967,0.291547
-0.118581,-0.070312,0.292174
-0.120548,-0.072813,0.291250
-0.120405,-0.073016,0.290503
-0.122916,-0.077869,0.289538
-0.122740,-0.077203,0.289408
-0.123585,-0.077547,0.286263
-0.124791,-0.079633,0.285828
-0.126107,-0.080966,0.283682
-0.130280,-0.081967,0.285360
-0.129885,-0.082297,0.284230
-0.131023,-0.083541,0.283183
-0.132389,-0.087222,0.284117
-0.131433,-0.087073,0.281572
-0.134197,-0.088916,0.280922
-0.133901,-0.090793,0.280859
-0.134765,-0.091641,0.278791
-0.137481,-0.093800,0.278215
-0.139235,-0.092426,0.278205
-0.140724,-0.097454,0.275683
-0.140236,-0.097148,0.274029
-0.143114,-0.098172,0.273945
-0.142268,-0.099546,0.274054
-0.145258,-0.100848,0.272169
-0.145948,-0.103492,0.270474
-0.147469,-0.104760,0.268171
-0.147867,-0.104929,0.267707
-0.150298,-0.108551,0.267109
-0.150876,-0.109574,0.266007
-0.151616,-0.110141,0.266522
-0.154323,-0.110005,0.265182
-0.152892,-0.111416,0.264777
-0.154709,-0.114807,0.263217
-0.156052,-0.115241,0.263510
-0.158410,-0.117240,0.260207
-0.158366,-0.116657,0.259554
-0.159639,-0.119075,0.258390
-0.162481,-0.119691,0.259600
-0.162149,-0.119594,0.257247
-0.162596,-0.121541,0.256682
-0.164278,-0.122966,0.254841
-0.165811,-0.122902,0.256681
-0.168552,-0.125139,0.256147
-0.168976,-0.125836,0.253648
-0.169283,-0.125377,0.252993
-0.170269,-0.126552,0.255809
-0.172084,-0.128528,0.252487
-0.174200,-0.129121,0.253039
-0.175158,-0.128893,0.250706
-0.175694,-0.129360,0.252255
-0.177603,-0.131404,0.250866
-0.178754,-0.132286,0.248885
-0.179489,-0.131591,0.250156
-0.179639,-0.132887,0.248092
-0.181722,-0.132210,0.250744
-0.181898,-0.135687,0.248333
-0.184050,-0.135342,0.246151
-0.184984,-0.137261,0.245482
-0.187073,-0.134986,0.245627
-0.188133,-0.135542,0.246101
-0.188594,-0.138972,0.245531
-0.190309,-0.139172,0.245247
-0.190681,-0.139462,0.242893
-0.193670,-0.139515,0.242970
-0.192794,-0.142713,0.242958
-0.196388,-0.140962,0.243327
-0.195697,-0.143070,0.242084
-0.197740,-0.143433,0.240080
-0.198601,-0.144853,0.240246
-0.202644,-0.145709,0.238278
-0.199045,-0.146553,0.240265
-0.201842,-0.148291,0.237973
-0.201879,-0.148241,0.236676
-0.202988,-0.149556,0.236063
-0.203266,-0.150955,0.234744
-0.207589,-0.151090,0.236072
-0.208673,-0.153142,0.232713
-0.211237,-0.154484,0.232510
-0.210745,-0.155165,0.234603
-0.212040,-0.155395,0.230691
-0.213949,-0.157583,0.233518
-0.213939,-0.158910,0.231169
-0.216345,-0.158571,0.229202
-0.215890,-0.159242,0.230533
-0.217547,-0.160238,0.228474
-0.221113,-0.160815,0.227535
-0.221374,-0.163025,0.227072
-0.219015,-0.162092,0.227326
-0.222321,-0.162756,0.226199
-0.223641,-0.164987,0.225431
-0.225303,-0.167057,0.226681
-0.226840,-0.169529,0.222965
-0.228721,-0.168807,0.222903
-0.228713,-0.169485,0.222441
-0.231430,-0.172791,0.222172
-0.231506,-0.175129,0.217673
-0.233241,-0.177718,0.218134
-0.234110,-0.178600,0.215654
-0.235354,-0.179437,0.214522
-0.238108,-0.181017,0.213177
-0.237951,-0.182742,0.212951
-0.240848,-0.184240,0.210882
-0.242281,-0.186806,0.207995
-0.244445,-0.189783,0.209757
-0.244894,-0.190715,0.208593
-0.244129,-0.192057,0.207731
-0.246633,-0.191185,0.206737
-0.247405,-0.193729,0.203555
-0.249214,-0.194421,0.204599
-0.248854,-0.195929,0.203945
-0.253170,-0.197817,0.200983
-0.253240,-0.198560,0.201760
-0.255920,-0.201482,0.201645
-0.253912,-0.203257,0.200655
-0.257929,-0.203176,0.199254
-0.258513,-0.205948,0.196179
-0.256373,-0.207337,0.196911
-0.259895,-0.209064,0.195140
-0.262057,-0.210766,0.195024
-0.264231,-0.212152,0.192541
-0.263578,-0.215403,0.190806
-0.268006,-0.215064,0.189008
-0.266799,-0.217010,0.188309
-0.270679,-0.217511,0.187014
-0.271244,-0.220887,0.185044
-0.271170,-0.222672,0.184595
-0.273304,-0.225251,0.185516
-0.275789,-0.225904,0.183433
-0.275840,-0.228001,0.180620
-0.275596,-0.227947,0.181218
-0.279498,-0.231714,0.177783
-0.279569,-0.234266,0.178337
-0.279625,-0.234255,0.176244
-0.283963,-0.235233,0.175430
-0.284530,-0.236639,0.175193
-0.284713,-0.239688,0.173001
-0.285700,-0.240009,0.172734
-0.287483,-0.241610,0.170422
-0.289364,-0.245390,0.169980
-0.291404,-0.246042,0.168754
-0.292405,-0.246883,0.166954
-0.295193,-0.251328,0.164634
-0.293642,-0.252668,0.163286
-0.294929,-0.254425,0.161375
-0.298680,-0.256251,0.161198
-0.299450,-0.258294,0.158317
-0.300986,-0.262040,0.155556
-0.301776,-0.263050,0.157818
-0.303956,-0.261896,0.155277
-0.305316,-0.267802,0.153316
-0.304825,-0.269016,0.151474
-0.308560,-0.269514,0.150064
-0.310427,-0.272857,0.148024
-0.310439,-0.274420,0.147577
-0.313638,-0.277488,0.146627
-0.313681,-0.278774,0.144226
-0.315178,-0.280259,0.143958
-0.316798,-0.282782,0.142226
-0.319533,-0.283098,0.140456
-0.319249,-0.287085,0.137560
-0.320481,-0.291978,0.133674
-0.323129,-0.296761,0.130883
0.018387,-0.202177,0.200944
0.016303,-0.192198,0.208498
0.009808,-0.091432,0.279157
0.009073,-0.082606,0.285983
0.007834,-0.080606,0.287202
0.006480,-0.077828,0.289774
0.006094,-0.077399,0.290085
0.004549,-0.074019,0.291269
0.003389,-0.072805,0.294814
0.003007,-0.069857,0.295575
0.000797,-0.069828,0.295311
-0.001087,-0.068582,0.297491
-0.001538,-0.069594,0.296817
-0.002270,-0.067611,0.298633
-0.003006,-0.066672,0.297481
-0.005010,-0.064347,0.299660
-0.006127,-0.064971,0.297561
-0.007482,-0.064284,0.300075
-0.007488,-0.062289,0.301382
-0.009819,-0.064925,0.298745
-0.010855,-0.062405,0.300636
-0.012056,-0.060891,0.300994
-0.014105,-0.061716,0.303969
-0.014533,-0.063028,0.302506
-0.015056,-0.057735,0.303781
-0.016917,-0.060312,0.303011
-0.016330,-0.058299,0.304704
-0.018773,-0.057669,0.302521
-0.020882,-0.057143,0.304113
-0.021118,-0.058680,0.304555
-0.022251,-0.058565,0.302938
-0.023703,-0.056609,0.304113
-0.025027,-0.056427,0.303530
-0.025665,-0.054169,0.304358
-0.027850,-0.056076,0.305678
-0.027124,-0.055466,0.305600
-0.029425,-0.056137,0.306332
-0.029592,-0.056559,0.306025
-0.030906,-0.055737,0.305684
-0.032136,-0.054232,0.305730
-0.035697,-0.056511,0.305040
-0.032936,-0.055115,0.305600
-0.037258,-0.056586,0.305824
-0.036659,-0.055123,0.306414
-0.039706,-0.052435,0.305671
-0.037913,-0.054669,0.307580
-0.040195,-0.055667,0.307403
-0.041028,-0.054858,0.304815
-0.042162,-0.054426,0.307891
-0.043735,-0.053181,0.306118
-0.042506,-0.054570,0.306489
-0.045238,-0.054902,0.306697
-0.045763,-0.054094,0.306831
-0.047501,-0.055870,0.306822
-0.049128,-0.054552,0.305545
-0.049841,-0.053568,0.305897
-0.050859,-0.055382,0.306377
-0.052752,-0.054347,0.306183
-0.054616,-0.054436,0.308146
-0.053310,-0.052629,0.305047
-0.055757,-0.054221,0.306485
-0.054781,-0.052941,0.307016
-0.057406,-0.052700,0.306576
-0.059369,-0.054272,0.306978
-0.060433,-0.052603,0.308551
-0.060609,-0.052988,0.307597
-0.062256,-0.051646,0.307439
-0.062080,-0.052665,0.310859
-0.063889,-0.052961,0.307951
-0.065858,-0.052898,0.307474
-0.067025,-0.051833,0.308150
-0.067436,-0.051735,0.306240
-0.067975,-0.052501,0.308172
-0.070345,-0.050754,0.307785
-0.071803,-0.052199,0.307730
-0.071457,-0.052263,0.307489
-0.074615,-0.052291,0.307871
-0.073089,-0.051581,0.308497
-0.076111,-0.052103,0.309229
-0.079096,-0.050642,0.307154
-0.079735,-0.054101,0.307418
-0.078000,-0.051672,0.307544
-0.079339,-0.053253,0.308135
-0.081633,-0.051273,0.307477
-0.081129,-0.052751,0.307666
-0.083330,-0.054390,0.306693
-0.083868,-0.053656,0.307010
-0.085380,-0.054292,0.306068
-0.087390,-0.052959,0.307829
-0.086841,-0.056565,0.306749
-0.088340,-0.055060,0.306270
-0.090405,-0.054690,0.305275
-0.089302,-0.054663,0.305748
-0.092179,-0.054027,0.305868
-0.094191,-0.055635,0.305069
-0.096219,-0.054803,0.305756
-0.095856,-0.057152,0.304514
-0.097960,-0.057000,0.305236
-0.096731,-0.056614,0.304357
-0.097769,-0.058678,0.303733
-0.102150,-0.060627,0.303944
-0.101423,-0.060546,0.301895
-0.101073,-0.059334,0.303085
-0.101729,-0.062741,0.301628
-0.103346,-0.061267,0.299628
-0.106211,-0.061961,0.301169
-0.108520,-0.066175,0.299241
-0.108021,-0.064880,0.299680
-0.107258,-0.066536,0.299229
-0.109742,-0.066807,0.297347
-0.111590,-0.065942,0.296234
-0.112945,-0.066154,0.297467
-0.114511,-0.068236,0.295815
-0.115115,-0.069145,0.294418
-0.117181,-0.071950,0.294826
-0.117328,-0.071870,0.291674
-0.116460,-0.074153,0.291605
-0.119731,-0.075625,0.292396
-0.121563,-0.077010,0.290342
-0.122182,-0.077972,0.289227
-0.123801,-0.078549,0.289911
-0.125548,-0.080597,0.288213
-0.123308,-0.081424,0.287194
-0.127400,-0.080958,0.286018
-0.126894,-0.084118,0.284776
-0.127562,-0.085690,0.284245
-0.130070,-0.086193,0.287563
-0.129475,-0.089278,0.283717
-0.130246,-0.089075,0.283880
-0.134276,-0.089122,0.281777
-0.135315,-0.092918,0.279745
-0.135257,-0.093326,0.280619
-0.137569,-0.093962,0.278285
-0.138037,-0.097821,0.274987
-0.138157,-0.096698,0.276584
-0.140650,-0.098003,0.276462
-0.140319,-0.099766,0.273679
-0.141666,-0.099958,0.273087
-0.144501,-0.104430,0.272618
-0.142666,-0.104183,0.270152
-0.144997,-0.106370,0.269159
-0.147484,-0.107165,0.267531
-0.147166,-0.110967,0.267384
-0.149306,-0.111681,0.266196
-0.147909,-0.112547,0.264173
-0.152240,-0.112925,0.264045
-0.151948,-0.113791,0.262026
-0.153984,-0.113243,0.262859
-0.155059,-0.115421,0.262693
-0.154938,-0.118694,0.258761
-0.158871,-0.118009,0.261361
-0.158370,-0.122119,0.258667
-0.159033,-0.121738,0.260996
-0.160720,-0.120718,0.257588
-0.163402,-0.122969,0.256729
-0.164368,-0.124788,0.257606
-0.164384,-0.125137,0.255545
-0.166264,-0.127403,0.255328
-0.167327,-0.127282,0.254206
-0.167267,-0.126513,0.253659
-0.169529,-0.127129,0.254024
-0.171037,-0.129566,0.254101
-0.172584,-0.129227,0.253135
-0.172384,-0.129087,0.252034
-0.173405,-0.131641,0.253091
-0.175454,-0.131104,0.251718
-0.178078,-0.133269,0.249659
-0.180433,-0.133073,0.247948
-0.180112,-0.132542,0.249353
-0.179711,-0.133184,0.248585
-0.182378,-0.135359,0.249954
-0.184339,-0.137699,0.247738
-0.186031,-0.137360,0.247166
-0.184355,-0.140063,0.246322
-0.185438,-0.139141,0.245298
-0.188793,-0.141104,0.246305
-0.190424,-0.141715,0.246224
-0.191067,-0.140753,0.246028
-0.190237,-0.141509,0.246276
-0.192279,-0.142653,0.243607
-0.194082,-0.144444,0.241202
-0.194098,-0.143450,0.244970
-0.195434,-0.145996,0.241626
-0.196287,-0.146902,0.240008
-0.196527,-0.148316,0.240705
-0.200678,-0.149290,0.237544
-0.199914,-0.148882,0.238171
-0.203083,-0.148892,0.238857
-0.205032,-0.149275,0.236186
-0.204471,-0.150955,0.237717
-0.206589,-0.153641,0.235741
-0.206790,-0.154608,0.235274
-0.207945,-0.154516,0.233474
-0.209809,-0.155237,0.233583
-0.209366,-0.157478,0.232422
-0.212890,-0.159576,0.233489
-0.212462,-0.159380,0.230360
-0.213990,-0.160475,0.232247
-0.215417,-0.160049,0.230988
-0.216917,-0.162187,0.229838
-0.218241,-0.162752,0.228720
-0.221417,-0.163208,0.227733
-0.220160,-0.165495,0.225675
-0.221818,-0.166568,0.227811
-0.223114,-0.167561,0.224951
-0.225731,-0.168472,0.225615
-0.225836,-0.168333,0.226324
-0.226022,-0.169994,0.224081
-0.227052,-0.170446,0.222292
-0.229340,-0.173255,0.222601
-0.230376,-0.174166,0.221189
-0.232334,-0.176034,0.220000
-0.232419,-0.178768,0.218459
-0.235119,-0.178198,0.217531
-0.235882,-0.179618,0.216747
-0.237029,-0.183848,0.215110
-0.237323,-0.184741,0.214866
-0.239200,-0.186456,0.211776
-0.240404,-0.189668,0.212855
-0.242390,-0.189853,0.210837
-0.245538,-0.190791,0.208468
-0.246240,-0.192430,0.206135
-0.245803,-0.191766,0.207370
-0.247884,-0.195155,0.205644
-0.248957,-0.195608,0.204426
-0.249772,-0.197921,0.203534
-0.250180,-0.201007,0.202618
-0.254514,-0.201914,0.202045
-0.254272,-0.203526,0.201617
-0.255006,-0.204365,0.200798
-0.256200,-0.204501,0.198704
-0.258099,-0.204281,0.199675
-0.259610,-0.208219,0.196926
-0.260717,-0.211501,0.194729
-0.263272,-0.211838,0.193300
-0.261155,-0.213265,0.193241
-0.263872,-0.215256,0.191537
-0.266694,-0.216620,0.189738
-0.265650,-0.217964,0.188497
-0.269295,-0.220506,0.189788
-0.270810,-0.222168,0.186804
-0.270986,-0.222994,0.184454
-0.273121,-0.225884,0.184920
-0.276298,-0.228195,0.184137
-0.276338,-0.229561,0.181715
-0.275264,-0.231272,0.181513
-0.278371,-0.233339,0.179903
-0.278810,-0.233264,0.177407
-0.282087,-0.235585,0.178821
-0.280751,-0.237269,0.175349
-0.285417,-0.238263,0.173319
-0.287825,-0.239116,0.174188
-0.286232,-0.240728,0.174504
-0.289075,-0.243755,0.172038
-0.290469,-0.245497,0.170131
-0.289590,-0.246607,0.170018
-0.293994,-0.248587,0.166455
-0.294324,-0.251003,0.164989
-0.294532,-0.252828,0.165028
-0.296069,-0.255421,0.164714
-0.298618,-0.255161,0.162531
-0.299785,-0.258100,0.161179
-0.302042,-0.260895,0.159251
-0.303938,-0.261882,0.155798
-0.305176,-0.268212,0.154940
-0.304236,-0.267459,0.154358
-0.305837,-0.269516,0.152251
-0.307956,-0.271756,0.149452
-0.308960,-0.273994,0.147982
-0.311913,-0.276888,0.148641
-0.310982,-0.277167,0.145023
-0.315032,-0.280123,0.144214
-0.316111,-0.283045,0.143858
-0.317793,-0.282764,0.141988
-0.318223,-0.286867,0.141003
-0.319204,-0.290189,0.140295
-0.322686,-0.292057,0.135892
-0.322465,-0.297145,0.134387
0.016773,-0.196942,0.206796
0.017971,-0.191819,0.211381
0.015505,-0.188684,0.213426
0.007834,-0.091614,0.282174
0.006358,-0.085108,0.286293
0.005621,-0.083132,0.287857
0.007068,-0.081648,0.290102
0.004000,-0.079503,0.289670
0.002680,-0.077910,0.293329
0.001689,-0.075674,0.292331
-0.000012,-0.073146,0.294295
-0.000268,-0.071141,0.297229
-0.001663,-0.070126,0.297948
-0.002416,-0.068007,0.298142
-0.004359,-0.070138,0.300253
-0.003662,-0.067414,0.301024
-0.006809,-0.066822,0.298589
-0.008071,-0.064545,0.300833
-0.010800,-0.063805,0.298073
-0.011017,-0.064125,0.300234
-0.013064,-0.067154,0.301587
-0.011625,-0.063412,0.301231
-0.014954,-0.062518,0.301842
-0.015293,-0.062465,0.302273
-0.014288,-0.062368,0.302071
-0.018043,-0.062064,0.303664
-0.016795,-0.060757,0.302432
-0.020503,-0.060059,0.303748
-0.020669,-0.060345,0.305732
-0.022615,-0.060155,0.303742
-0.022792,-0.059504,0.302943
-0.024100,-0.059971,0.304354
-0.024657,-0.056539,0.305464
-0.024885,-0.060212,0.303806
-0.026334,-0.059762,0.305431
-0.028073,-0.058933,0.302770
-0.030014,-0.056134,0.304993
-0.031178,-0.059896,0.304989
-0.031590,-0.058001,0.306230
-0.033420,-0.057185,0.304830
-0.036777,-0.058005,0.305673
-0.036664,-0.058136,0.303859
-0.038181,-0.055183,0.305131
-0.038600,-0.057567,0.306799
-0.041173,-0.059352,0.304667
-0.039359,-0.056182,0.305315
-0.041455,-0.059121,0.305035
-0.041376,-0.058665,0.305141
-0.043266,-0.058818,0.304853
-0.044742,-0.058405,0.306095
-0.045503,-0.058385,0.305819
-0.045523,-0.056589,0.304417
-0.049212,-0.058680,0.305489
-0.048990,-0.057563,0.306774
-0.050736,-0.059120,0.306793
-0.050790,-0.057043,0.304388
-0.051967,-0.056835,0.305693
-0.052603,-0.056932,0.306266
-0.053253,-0.056756,0.306104
-0.056505,-0.057053,0.307085
-0.057137,-0.055782,0.307186
-0.058223,-0.056486,0.307831
-0.059010,-0.054992,0.308857
-0.060870,-0.057259,0.306678
-0.060530,-0.057092,0.306997
-0.063090,-0.056795,0.308150
-0.064559,-0.055856,0.308824
-0.065115,-0.055715,0.305068
-0.065547,-0.054743,0.305306
-0.066571,-0.054585,0.306641
-0.067020,-0.055009,0.306980
-0.070152,-0.055405,0.307105
-0.071521,-0.054404,0.305896
-0.069427,-0.055388,0.308498
-0.071616,-0.053645,0.308568
-0.072427,-0.056326,0.307613
-0.073983,-0.055109,0.307521
-0.075437,-0.055774,0.306718
-0.075981,-0.054364,0.309974
-0.076839,-0.052958,0.306829
-0.078148,-0.055066,0.307794
-0.080438,-0.055541,0.306690
-0.078894,-0.054618,0.306921
-0.081195,-0.056051,0.305942
-0.081816,-0.056265,0.305408
-0.085095,-0.057113,0.306054
-0.086027,-0.057561,0.305411
-0.086378,-0.057608,0.307259
-0.090423,-0.055175,0.306872
-0.089500,-0.059218,0.305137
-0.090680,-0.058208,0.304320
-0.089666,-0.056600,0.305536
-0.093061,-0.057517,0.306076
-0.092778,-0.058072,0.304920
-0.094876,-0.057006,0.306474
-0.095477,-0.058419,0.302800
-0.096581,-0.059026,0.302506
-0.096048,-0.061374,0.302207
-0.099897,-0.063581,0.302420
-0.099421,-0.061762,0.301874
-0.101275,-0.062799,0.300563
-0.101386,-0.064230,0.302093
-0.102457,-0.065900,0.301321
-0.105104,-0.066157,0.297945
-0.103859,-0.068120,0.299983
-0.107261,-0.067393,0.298743
-0.105882,-0.067453,0.297055
-0.109446,-0.069881,0.296948
-0.111661,-0.070376,0.295870
-0.111356,-0.071913,0.297165
-0.113132,-0.071519,0.295755
-0.112524,-0.072486,0.294723
-0.116033,-0.072530,0.294371
-0.117061,-0.075395,0.293433
-0.115121,-0.076276,0.290560
-0.118514,-0.076978,0.290991
-0.119874,-0.078524,0.291580
-0.121350,-0.079843,0.290226
-0.121814,-0.079288,0.288670
-0.122686,-0.083876,0.287072
-0.122745,-0.082899,0.286905
-0.124665,-0.085267,0.288322
-0.127109,-0.085121,0.285267
-0.126293,-0.087516,0.283830
-0.127570,-0.089866,0.284395
-0.130898,-0.089307,0.282725
-0.130364,-0.090760,0.281468
-0.130696,-0.091777,0.281548
-0.133036,-0.092063,0.280236
-0.133862,-0.095242,0.279134
-0.134336,-0.097028,0.277198
-0.137185,-0.097702,0.277711
-0.137881,-0.095930,0.276093
-0.138241,-0.099139,0.275823
-0.140206,-0.101168,0.273340
-0.140686,-0.103016,0.270931
-0.143056,-0.104217,0.271417
-0.144648,-0.105283,0.271684
-0.143213,-0.106768,0.269415
-0.146187,-0.109687,0.269798
-0.147875,-0.110438,0.268065
-0.147311,-0.111728,0.265779
-0.149301,-0.113359,0.265743
-0.150293,-0.112379,0.263076
-0.151567,-0.115694,0.265395
-0.153558,-0.117242,0.262091
-0.155798,-0.117052,0.262291
-0.156614,-0.119567,0.261112
-0.156921,-0.121141,0.259646
-0.156451,-0.122644,0.259669
-0.160408,-0.121451,0.259153
-0.161717,-0.124705,0.258760
-0.162551,-0.125397,0.258506
-0.163823,-0.124522,0.257562
-0.163716,-0.125207,0.257294
-0.165508,-0.128076,0.256300
-0.166139,-0.127109,0.255506
-0.166730,-0.129846,0.254618
-0.168609,-0.129253,0.255433
-0.169753,-0.129060,0.253661
-0.170658,-0.130734,0.253269
-0.169807,-0.129509,0.253578
-0.173339,-0.131536,0.252714
-0.175093,-0.132477,0.252324
-0.176042,-0.135829,0.251593
-0.177639,-0.133098,0.253246
-0.176729,-0.135264,0.248502
-0.179180,-0.136052,0.248179
-0.180212,-0.138424,0.247611
-0.182173,-0.139881,0.248855
-0.182787,-0.139487,0.248559
-0.184699,-0.140231,0.245392
-0.184741,-0.140701,0.245582
-0.187029,-0.140088,0.246770
-0.188224,-0.142847,0.245250
-0.187496,-0.141979,0.244134
-0.190254,-0.142979,0.244693
-0.192773,-0.143973,0.242880
-0.191842,-0.144699,0.243816
-0.192596,-0.145635,0.243832
-0.194932,-0.148100,0.242863
-0.195818,-0.147070,0.243222
-0.197943,-0.148770,0.239952
-0.197581,-0.149712,0.238563
-0.199426,-0.149329,0.239334
-0.201584,-0.152845,0.240372
-0.201010,-0.151736,0.238455
-0.203917,-0.153823,0.236430
-0.203139,-0.155048,0.238871
-0.204242,-0.154458,0.235225
-0.206442,-0.156994,0.234565
-0.206844,-0.157370,0.234347
-0.208370,-0.158099,0.232412
-0.210434,-0.159668,0.232260
-0.212590,-0.160471,0.233355
-0.213771,-0.160982,0.231785
-0.213707,-0.162247,0.230294
-0.215766,-0.164067,0.230632
-0.216505,-0.163407,0.230050
-0.218482,-0.163485,0.229258
-0.220275,-0.165762,0.227130
-0.222287,-0.166547,0.227163
-0.220072,-0.168332,0.226236
-0.223193,-0.168675,0.225334
-0.225102,-0.170321,0.227197
-0.226199,-0.170732,0.225036
-0.226604,-0.172799,0.224209
-0.227484,-0.173991,0.223101
-0.227352,-0.175512,0.222783
-0.230280,-0.175300,0.221260
-0.231538,-0.178732,0.219912
-0.233479,-0.179544,0.219820
-0.235607,-0.182522,0.217318
-0.235974,-0.181736,0.217482
-0.237928,-0.185792,0.213925
-0.238783,-0.186306,0.214208
-0.240218,-0.187741,0.211564
-0.241427,-0.189999,0.211772
-0.242056,-0.192332,0.211569
-0.244898,-0.191861,0.206381
-0.244689,-0.194898,0.208267
-0.245903,-0.196989,0.207187
-0.247794,-0.196307,0.207062
-0.250181,-0.197717,0.204178
-0.251341,-0.199739,0.204477
-0.252310,-0.201987,0.202510
-0.253547,-0.203880,0.201164
-0.252496,-0.205356,0.200051
-0.253904,-0.205789,0.198834
-0.256665,-0.208188,0.198452
-0.257313,-0.208624,0.198187
-0.258582,-0.209414,0.196192
-0.261316,-0.211512,0.196685
-0.262336,-0.212294,0.194302
-0.264320,-0.216624,0.192976
-0.265796,-0.215814,0.194062
-0.265750,-0.216793,0.191820
-0.269137,-0.220386,0.189845
-0.267630,-0.221153,0.187184
-0.271073,-0.222303,0.186865
-0.270690,-0.224351,0.184966
-0.274265,-0.227177,0.186423
-0.274594,-0.228292,0.183845
-0.276123,-0.232347,0.182404
-0.278411,-0.232027,0.179005
-0.279769,-0.233901,0.180550
-0.279926,-0.234770,0.179339
-0.280859,-0.236540,0.178250
-0.282409,-0.237120,0.176943
-0.284344,-0.240308,0.175588
-0.285543,-0.240916,0.175300
-0.286161,-0.242691,0.175401
-0.288485,-0.244954,0.172779
-0.288760,-0.246170,0.170423
-0.290591,-0.246066,0.169671
-0.292850,-0.248392,0.167611
-0.292994,-0.250355,0.168628
-0.294030,-0.254197,0.166869
-0.295881,-0.254478,0.162961
-0.297991,-0.257171,0.164787
-0.298781,-0.261336,0.162806
-0.302052,-0.262049,0.161247
-0.301488,-0.261953,0.158857
-0.305087,-0.265756,0.157141
-0.305161,-0.268772,0.154731
-0.306170,-0.271911,0.153334
-0.310198,-0.272584,0.154252
-0.309486,-0.275438,0.150789
-0.311778,-0.275984,0.149658
-0.313526,-0.279277,0.149130
-0.316721,-0.279844,0.145945
-0.315893,-0.280734,0.145216
-0.317356,-0.285268,0.143260
-0.319491,-0.288942,0.141873
-0.320664,-0.289847,0.138728
-0.322214,-0.293705,0.137171
-0.323345,-0.296248,0.136560
0.017108,-0.206966,0.200432
0.016209,-0.199713,0.207577
0.016116,-0.193161,0.212701
0.013789,-0.189814,0.213732
0.010546,-0.183319,0.216136
0.004810,-0.089383,0.285260
0.004974,-0.086699,0.288246
0.002022,-0.082626,0.290162
0.002177,-0.084248,0.290986
0.001532,-0.079860,0.290457
-0.000650,-0.077653,0.294842
-0.000121,-0.076587,0.294838
-0.000786,-0.077235,0.295494
-0.005453,-0.073966,0.296244
-0.002853,-0.072443,0.297682
-0.006583,-0.070553,0.299025
-0.006704,-0.068646,0.296881
-0.008875,-0.068714,0.299068
-0.009043,-0.066941,0.300537
-0.009114,-0.065951,0.300211
-0.011288,-0.066856,0.299955
-0.010694,-0.066152,0.301080
-0.012263,-0.066568,0.301158
-0.016205,-0.064249,0.301327
-0.016582,-0.064290,0.301599
-0.015798,-0.063778,0.301861
-0.018841,-0.063160,0.303159
-0.019603,-0.062883,0.303866
-0.019705,-0.062650,0.303314
-0.022151,-0.064044,0.304291
-0.023402,-0.061207,0.304246
-0.024464,-0.060514,0.303956
-0.025074,-0.060659,0.305191
-0.024552,-0.063734,0.303692
-0.026992,-0.059898,0.304184
-0.027922,-0.061488,0.304493
-0.030135,-0.061271,0.304531
-0.029347,-0.060363,0.302035
-0.034267,-0.059058,0.303144
-0.033729,-0.061462,0.303302
-0.033587,-0.061134,0.304891
-0.036845,-0.062628,0.306503
-0.036067,-0.061011,0.305296
-0.036715,-0.061302,0.306309
-0.039949,-0.060144,0.305330
-0.038298,-0.060450,0.303963
-0.041428,-0.061202,0.304222
-0.040222,-0.061574,0.304875
-0.043438,-0.061848,0.304399
-0.041914,-0.060718,0.304445
-0.044849,-0.061597,0.305567
-0.046508,-0.061476,0.306046
-0.047966,-0.061232,0.304869
-0.048768,-0.061363,0.305702
-0.050162,-0.059760,0.305664
-0.050590,-0.060780,0.304820
-0.051214,-0.058778,0.304266
-0.053658,-0.060191,0.306020
-0.056784,-0.059071,0.305403
-0.054881,-0.059312,0.306336
-0.057555,-0.060654,0.305583
-0.056657,-0.058092,0.304917
-0.057168,-0.061021,0.306968
-0.060222,-0.058302,0.305660
-0.060391,-0.060416,0.307443
-0.062583,-0.059647,0.305263
-0.063477,-0.058228,0.305376
-0.065161,-0.060572,0.307568
-0.067540,-0.059532,0.306990
-0.067393,-0.057843,0.305324
-0.067021,-0.057526,0.306781
-0.068185,-0.058040,0.305408
-0.070620,-0.058825,0.305723
-0.069856,-0.057723,0.307544
-0.073811,-0.056780,0.308017
-0.073231,-0.059666,0.306903
-0.073222,-0.056889,0.304552
-0.075681,-0.058502,0.307006
-0.075909,-0.058270,0.307123
-0.079442,-0.058949,0.306350
-0.079151,-0.056917,0.307010
-0.080648,-0.058022,0.306615
-0.080489,-0.056941,0.304248
-0.083564,-0.058582,0.307154
-0.083171,-0.059446,0.306053
-0.083014,-0.059942,0.307548
-0.085856,-0.060321,0.305488
-0.085808,-0.059301,0.304677
-0.086840,-0.060723,0.307250
-0.086756,-0.060968,0.306649
-0.087796,-0.061623,0.302469
-0.090070,-0.060256,0.306207
-0.092394,-0.061305,0.305071
-0.093897,-0.060254,0.303779
-0.095717,-0.060310,0.304573
-0.096299,-0.062159,0.304119
-0.096384,-0.065435,0.305228
-0.097806,-0.063161,0.301887
-0.098541,-0.063631,0.301815
-0.100641,-0.065375,0.301775
-0.100195,-0.066175,0.300935
-0.102645,-0.068561,0.301828
-0.103540,-0.068259,0.300079
-0.103750,-0.069960,0.298247
-0.105368,-0.069075,0.298989
-0.106127,-0.070385,0.297723
-0.107287,-0.071564,0.296962
-0.108805,-0.071584,0.297625
-0.111620,-0.073622,0.295737
-0.111817,-0.072651,0.296480
-0.112310,-0.076114,0.294158
-0.115884,-0.076959,0.292474
-0.114213,-0.076594,0.292478
-0.115088,-0.079693,0.293217
-0.117215,-0.079144,0.289967
-0.120217,-0.081117,0.291129
-0.120027,-0.082132,0.289431
-0.120485,-0.084238,0.288453
-0.121761,-0.085348,0.288146
-0.122246,-0.086832,0.285317
-0.123879,-0.085697,0.286331
-0.126098,-0.088513,0.284535
-0.124630,-0.088804,0.285805
-0.127817,-0.090239,0.284049
-0.129623,-0.092991,0.282479
-0.129574,-0.093668,0.283008
-0.131128,-0.095708,0.281099
-0.132835,-0.096225,0.282247
-0.132275,-0.094815,0.279363
-0.135827,-0.098517,0.276395
-0.134612,-0.100059,0.276612
-0.137412,-0.102269,0.276403
-0.137337,-0.103584,0.275737
-0.137937,-0.101887,0.273435
-0.139518,-0.104322,0.272034
-0.140599,-0.108141,0.270649
-0.142228,-0.106670,0.270207
-0.143831,-0.109223,0.270796
-0.144363,-0.110396,0.269133
-0.145389,-0.111839,0.268569
-0.147793,-0.114035,0.267093
-0.147063,-0.113031,0.266319
-0.150023,-0.114871,0.264841
-0.151441,-0.118844,0.265680
-0.150112,-0.117985,0.264986
-0.154159,-0.118634,0.264569
-0.153734,-0.120445,0.261352
-0.156729,-0.120244,0.260088
-0.156604,-0.122772,0.260516
-0.157215,-0.125822,0.259461
-0.158644,-0.124790,0.258936
-0.159836,-0.125995,0.258785
-0.161261,-0.127466,0.257164
-0.163381,-0.128234,0.255820
-0.164976,-0.128458,0.256933
-0.165020,-0.129552,0.253459
-0.166164,-0.129533,0.254270
-0.166307,-0.130709,0.255985
-0.171698,-0.130921,0.254149
-0.170639,-0.130786,0.252453
-0.168947,-0.133764,0.254526
-0.170654,-0.134636,0.252004
-0.173862,-0.136860,0.250341
-0.175461,-0.136557,0.252500
-0.175780,-0.136508,0.251998
-0.174629,-0.137647,0.249879
-0.178693,-0.136514,0.249380
-0.179300,-0.138057,0.249372
-0.181074,-0.137768,0.250251
-0.181461,-0.140599,0.248025
-0.183736,-0.141105,0.247573
-0.183102,-0.141408,0.249259
-0.186625,-0.141741,0.244822
-0.187540,-0.141875,0.245350
-0.188635,-0.144740,0.245209
-0.187461,-0.145747,0.244505
-0.190589,-0.147125,0.242631
-0.191378,-0.148984,0.242154
-0.192007,-0.148458,0.242797
-0.193622,-0.148288,0.243099
-0.196325,-0.148616,0.243290
-0.197071,-0.149226,0.240965
-0.197447,-0.149207,0.239583
-0.197446,-0.154302,0.240762
-0.200016,-0.152219,0.239710
-0.201712,-0.152068,0.239935
-0.202652,-0.153082,0.238291
-0.204793,-0.155829,0.238582
-0.206261,-0.156815,0.236877
-0.205335,-0.158694,0.235162
-0.207492,-0.158814,0.234701
-0.207077,-0.159014,0.234854
-0.211004,-0.160251,0.233468
-0.210409,-0.160041,0.234000
-0.210668,-0.160055,0.231851
-0.214099,-0.164985,0.232420
-0.212845,-0.166682,0.230134
-0.217572,-0.164013,0.230993
-0.217303,-0.165481,0.230954
-0.217319,-0.167542,0.230099
-0.218688,-0.168518,0.229242
-0.221030,-0.170142,0.228838
-0.224109,-0.169790,0.227247
-0.223411,-0.170379,0.227199
-0.223816,-0.171765,0.226548
-0.224294,-0.171845,0.224560
-0.226885,-0.173782,0.224093
-0.228538,-0.174825,0.223918
-0.228687,-0.174836,0.222971
-0.231473,-0.177445,0.220191
-0.231751,-0.180788,0.220419
-0.232257,-0.180535,0.220245
-0.234277,-0.185491,0.218048
-0.234408,-0.184226,0.214825
-0.236278,-0.186663,0.216249
-0.239542,-0.188646,0.215341
-0.238647,-0.191428,0.211169
-0.242329,-0.191595,0.211202
-0.243817,-0.194154,0.210365
-0.244469,-0.195716,0.208083
-0.245097,-0.195612,0.207930
-0.247019,-0.198980,0.206757
-0.246614,-0.197477,0.206867
-0.248860,-0.201249,0.204348
-0.251064,-0.200774,0.203120
-0.252598,-0.200786,0.203762
-0.252790,-0.204780,0.201097
-0.255714,-0.205809,0.201817
-0.255851,-0.209050,0.199710
-0.255005,-0.210853,0.200917
-0.258222,-0.209916,0.200184
-0.259087,-0.208812,0.198810
-0.259975,-0.213607,0.196688
-0.263215,-0.212529,0.195568
-0.265639,-0.216246,0.195402
-0.263922,-0.219473,0.194059
-0.266406,-0.220030,0.192538
-0.265689,-0.221650,0.190515
-0.270308,-0.222854,0.189070
-0.272081,-0.225317,0.188015
-0.272875,-0.226563,0.188196
-0.273958,-0.229344,0.185386
-0.275379,-0.231377,0.183923
-0.276713,-0.232696,0.181878
-0.275878,-0.233360,0.180847
-0.277549,-0.236072,0.180842
-0.280511,-0.236604,0.180758
-0.282497,-0.237867,0.177875
-0.283387,-0.239220,0.177906
-0.284815,-0.241897,0.176933
-0.286261,-0.240766,0.174520
-0.286450,-0.242518,0.174652
-0.290018,-0.247481,0.173872
-0.288816,-0.247715,0.171460
-0.291154,-0.248565,0.171952
-0.292611,-0.249880,0.170930
-0.293343,-0.253193,0.169446
-0.295904,-0.253867,0.167555
-0.295990,-0.258632,0.164072
-0.299362,-0.258526,0.163268
-0.300699,-0.260047,0.162840
-0.301443,-0.262642,0.162694
-0.303034,-0.264730,0.159367
-0.303645,-0.267520,0.157695
-0.308566,-0.269222,0.154082
-0.307665,-0.272587,0.156052
-0.308183,-0.274404,0.153934
-0.308660,-0.276370,0.151542
-0.312009,-0.279780,0.150805
-0.313263,-0.280486,0.149059
-0.314938,-0.282633,0.147648
-0.314474,-0.284599,0.147002
-0.316160,-0.286707,0.145288
-0.319885,-0.289404,0.144073
-0.321942,-0.290401,0.139825
-0.322929,-0.294227,0.138900
-0.321728,-0.296814,0.137436
0.016816,-0.204758,0.207198
0.014545,-0.198203,0.208685
0.013691,-0.194028,0.212010
0.010906,-0.189293,0.215625
0.011072,-0.184990,0.218695
0.009310,-0.179686,0.223050
0.002956,-0.089097,0.286228
0.001112,-0.086077,0.287900
0.001280,-0.084891,0.289374
-0.000108,-0.082594,0.290027
-0.000028,-0.080732,0.292322
-0.002915,-0.077929,0.293054
-0.005565,-0.076842,0.295509
-0.003774,-0.076977,0.295904
-0.007019,-0.072688,0.297702
-0.005846,-0.071600,0.299417
-0.008789,-0.073574,0.301167
-0.008545,-0.072172,0.299052
-0.010245,-0.069960,0.300217
-0.011140,-0.069737,0.296696
-0.013315,-0.071846,0.302314
-0.014444,-0.068188,0.299988
-0.016609,-0.066162,0.299162
-0.016109,-0.066792,0.301613
-0.017331,-0.067034,0.300349
-0.017253,-0.067553,0.302493
-0.017868,-0.066420,0.305674
-0.021480,-0.066256,0.303711
-0.021302,-0.063365,0.302586
-0.022867,-0.064148,0.304447
-0.022959,-0.067031,0.303953
-0.025985,-0.065335,0.301181
-0.026515,-0.063741,0.301853
-0.025344,-0.063257,0.304249
-0.027958,-0.066403,0.302110
-0.030435,-0.064200,0.304052
-0.032849,-0.064018,0.303654
-0.031498,-0.063977,0.301721
-0.033661,-0.065458,0.304260
-0.034594,-0.065092,0.303907
-0.034208,-0.062842,0.304228
-0.037616,-0.066929,0.302756
-0.036890,-0.063560,0.304812
-0.038041,-0.063437,0.305987
-0.039964,-0.064616,0.302432
-0.039763,-0.063517,0.304475
-0.041546,-0.064357,0.305004
-0.043326,-0.061829,0.303451
-0.044482,-0.062284,0.303814
-0.044210,-0.062321,0.303143
-0.045252,-0.064002,0.303569
-0.044775,-0.064405,0.304437
-0.047398,-0.063832,0.303184
-0.050865,-0.063796,0.304107
-0.051422,-0.063326,0.304332
-0.051294,-0.064315,0.306678
-0.053372,-0.061729,0.304889
-0.055006,-0.063562,0.305960
-0.054807,-0.062260,0.304239
-0.056873,-0.063150,0.305976
-0.058584,-0.063151,0.303757
-0.061187,-0.063821,0.305510
-0.061463,-0.064994,0.306867
-0.061705,-0.063350,0.306078
-0.062169,-0.062430,0.304197
-0.062726,-0.061251,0.304746
-0.065539,-0.061981,0.306560
-0.064214,-0.062457,0.306885
-0.067067,-0.062466,0.304796
-0.067947,-0.061369,0.307977
-0.070108,-0.062192,0.304937
-0.070841,-0.061182,0.306483
-0.072130,-0.060617,0.306266
-0.071930,-0.061717,0.306941
-0.073215,-0.062393,0.305945
-0.074434,-0.063217,0.304578
-0.077358,-0.060310,0.305083
-0.075979,-0.062823,0.305596
-0.078141,-0.060956,0.304781
-0.078974,-0.060142,0.308661
-0.079313,-0.062104,0.304652
-0.082751,-0.062989,0.306475
-0.080618,-0.063947,0.305375
-0.082756,-0.062808,0.307060
-0.084156,-0.063252,0.303882
-0.084620,-0.061798,0.306271
-0.085535,-0.064542,0.306316
-0.086572,-0.063293,0.303432
-0.088597,-0.064067,0.303543
-0.089780,-0.065162,0.302969
-0.090310,-0.065452,0.304203
-0.091725,-0.066269,0.303336
-0.093831,-0.066010,0.303893
-0.094060,-0.066989,0.301997
-0.096279,-0.067080,0.300713
-0.096852,-0.067360,0.301759
-0.097665,-0.067298,0.303154
-0.097469,-0.070824,0.299404
-0.100649,-0.068860,0.300516
-0.101469,-0.069539,0.300027
-0.100932,-0.071914,0.299008
-0.102988,-0.070953,0.299478
-0.105192,-0.072050,0.297900
-0.104783,-0.073680,0.296862
-0.107129,-0.073825,0.297561
-0.108877,-0.075912,0.295220
-0.107897,-0.073418,0.294856
-0.109628,-0.075126,0.294018
-0.112585,-0.077176,0.294571
-0.110427,-0.077533,0.293621
-0.113243,-0.079844,0.292257
-0.114703,-0.080964,0.292675
-0.116337,-0.080432,0.292218
-0.114678,-0.083681,0.289849
-0.118542,-0.084179,0.291415
-0.118465,-0.085210,0.289677
-0.119739,-0.086916,0.286449
-0.120368,-0.087516,0.286807
-0.122862,-0.090275,0.286756
-0.122717,-0.090507,0.287399
-0.124414,-0.093157,0.284387
-0.127400,-0.092280,0.284145
-0.127802,-0.093262,0.283550
-0.130563,-0.094730,0.282652
-0.130348,-0.097626,0.282258
-0.130523,-0.097589,0.280401
-0.130942,-0.101633,0.279871
-0.133099,-0.101838,0.278206
-0.133563,-0.100693,0.279506
-0.136047,-0.103181,0.276118
-0.137655,-0.106163,0.274357
-0.136684,-0.104062,0.274904
-0.138082,-0.106680,0.274276
-0.143057,-0.107840,0.273023
-0.141991,-0.109707,0.272203
-0.142639,-0.110060,0.272128
-0.143628,-0.112133,0.269233
-0.144741,-0.114478,0.267403
-0.145643,-0.114346,0.269177
-0.146019,-0.116328,0.266180
-0.149130,-0.116382,0.265975
-0.150449,-0.117825,0.266097
-0.151661,-0.120137,0.264208
-0.151002,-0.121002,0.262105
-0.153713,-0.122754,0.259847
-0.155830,-0.123843,0.262049
-0.154285,-0.124323,0.261691
-0.156852,-0.124896,0.261222
-0.158457,-0.126287,0.260112
-0.159633,-0.128946,0.257401
-0.158851,-0.126939,0.258358
-0.161657,-0.128858,0.256381
-0.162205,-0.130869,0.259029
-0.164402,-0.132191,0.255802
-0.166218,-0.131404,0.256083
-0.168370,-0.134150,0.255364
-0.166404,-0.133494,0.253710
-0.168463,-0.134277,0.254588
-0.170284,-0.134962,0.253972
-0.172760,-0.134665,0.253713
-0.170618,-0.135842,0.251821
-0.172113,-0.138103,0.251605
-0.174025,-0.138347,0.250351
-0.173591,-0.139523,0.251332
-0.177768,-0.137516,0.250488
-0.179544,-0.140731,0.250173
-0.179762,-0.140934,0.248574
-0.181254,-0.143898,0.247056
-0.181000,-0.142703,0.248659
-0.183533,-0.143074,0.247372
-0.182731,-0.146111,0.246365
-0.185203,-0.145360,0.246966
-0.186847,-0.145706,0.245551
-0.188022,-0.148398,0.245806
-0.186788,-0.149229,0.245348
-0.188417,-0.150512,0.244072
-0.192348,-0.149331,0.243417
-0.192180,-0.149005,0.241872
-0.193798,-0.150243,0.242340
-0.196589,-0.152589,0.243573
-0.196458,-0.153099,0.241432
-0.196840,-0.151799,0.239292
-0.199300,-0.153895,0.239135
-0.200764,-0.156958,0.239031
-0.203052,-0.157301,0.239840
-0.201923,-0.158423,0.237909
-0.205376,-0.157599,0.237013
-0.205061,-0.159147,0.237033
-0.206567,-0.158675,0.235682
-0.207083,-0.160992,0.233719
-0.207331,-0.162168,0.235935
-0.209223,-0.160439,0.234896
-0.210242,-0.164360,0.233167
-0.211254,-0.162921,0.233049
-0.211494,-0.164939,0.230970
-0.214558,-0.166309,0.232167
-0.215152,-0.166160,0.231742
-0.216950,-0.167638,0.228316
-0.218079,-0.169079,0.227909
-0.219669,-0.170795,0.228956
-0.220994,-0.172663,0.226926
-0.221124,-0.171287,0.227593
-0.224063,-0.174017,0.226491
-0.227609,-0.174216,0.225633
-0.226257,-0.175430,0.226135
-0.225478,-0.176370,0.223407
-0.226724,-0.177749,0.224627
-0.229922,-0.179985,0.221409
-0.230653,-0.180921,0.220203
-0.231428,-0.180278,0.219480
-0.233216,-0.183096,0.218588
-0.234723,-0.185107,0.218483
-0.234731,-0.187953,0.216884
-0.237199,-0.188731,0.218137
-0.238336,-0.189682,0.214229
-0.240544,-0.192057,0.214002
-0.239850,-0.195091,0.211640
-0.242137,-0.196460,0.210226
-0.243007,-0.197321,0.209448
-0.244981,-0.198211,0.210811
-0.247278,-0.199381,0.207598
-0.247117,-0.201962,0.207256
-0.249722,-0.200845,0.206680
-0.250366,-0.204316,0.203448
-0.252910,-0.204794,0.202082
-0.250920,-0.208264,0.202748
-0.253046,-0.208176,0.201708
-0.257576,-0.210365,0.200588
-0.257126,-0.210670,0.201394
-0.256605,-0.212033,0.199879
-0.260577,-0.213150,0.196773
-0.260340,-0.212735,0.198247
-0.264214,-0.215945,0.195918
-0.262956,-0.218324,0.195380
-0.265651,-0.219289,0.194752
-0.266276,-0.220616,0.191602
-0.269230,-0.223455,0.192907
-0.272224,-0.226685,0.189112
-0.269312,-0.226201,0.188574
-0.271917,-0.226498,0.187618
-0.274952,-0.229769,0.186171
-0.274719,-0.232339,0.184909
-0.275605,-0.232374,0.184346
-0.278224,-0.234584,0.183693
-0.278596,-0.235458,0.181819
-0.282127,-0.238898,0.181600
-0.281435,-0.241935,0.178764
-0.283759,-0.241627,0.179749
-0.285160,-0.243868,0.177033
-0.286111,-0.245326,0.176591
-0.288129,-0.246464,0.174352
-0.288064,-0.247250,0.173632
-0.289228,-0.248701,0.172703
-0.289989,-0.250215,0.171724
-0.292089,-0.249321,0.168031
-0.294299,-0.254192,0.168514
-0.295923,-0.256339,0.168117
-0.296622,-0.257992,0.165569
-0.298701,-0.260308,0.165523
-0.300210,-0.262065,0.163617
-0.302004,-0.264175,0.161623
-0.302765,-0.264709,0.161735
-0.304730,-0.268429,0.157480
-0.304259,-0.272618,0.157101
-0.305454,-0.272182,0.154872
-0.307722,-0.275952,0.155008
-0.310247,-0.277858,0.153805
-0.310434,-0.280145,0.152510
-0.313091,-0.280573,0.150877
-0.314595,-0.282340,0.147393
-0.316029,-0.286416,0.147286
-0.317613,-0.288597,0.146606
-0.318186,-0.289405,0.144663
-0.321323,-0.293703,0.141958
-0.322506,-0.294352,0.138336
-0.325329,-0.298840,0.138435
0.015516,-0.204306,0.207817
0.014593,-0.200475,0.209836
0.009943,-0.194208,0.212733
0.010228,-0.187769,0.216806
0.007804,-0.184619,0.220498
0.008414,-0.182590,0.221801
0.007802,-0.176798,0.225486
0.001022,-0.088835,0.288811
-0.000028,-0.087120,0.288994
-0.002111,-0.085519,0.289110
-0.001053,-0.084506,0.290088
-0.003658,-0.081090,0.292274
-0.005813,-0.080756,0.293291
-0.005388,-0.078551,0.292363
-0.005469,-0.077786,0.296209
-0.007728,-0.077229,0.298347
-0.009752,-0.075964,0.298719
-0.010396,-0.074176,0.300484
-0.009088,-0.074950,0.299462
-0.012615,-0.073914,0.296869
-0.014498,-0.070820,0.299951
-0.015489,-0.071805,0.300611
-0.016083,-0.071937,0.300144
-0.016871,-0.071949,0.301085
-0.018857,-0.071732,0.302913
-0.019488,-0.069097,0.300887
-0.022814,-0.067007,0.302782
-0.021486,-0.068861,0.302623
-0.024688,-0.070892,0.300067
-0.024353,-0.069983,0.301502
-0.022376,-0.070902,0.304141
-0.026679,-0.067119,0.303672
-0.026989,-0.068228,0.303936
-0.027423,-0.068808,0.304068
-0.031832,-0.067660,0.302763
-0.031200,-0.067743,0.305075
-0.030327,-0.068481,0.302987
-0.032255,-0.066755,0.302523
-0.032631,-0.069549,0.303276
-0.035813,-0.067400,0.302576
-0.036839,-0.067777,0.303576
-0.037367,-0.067390,0.303354
-0.038042,-0.066729,0.302118
-0.039993,-0.067356,0.303629
-0.040240,-0.067712,0.303182
-0.043117,-0.065090,0.303477
-0.043247,-0.066283,0.304134
-0.043414,-0.065892,0.303161
-0.046083,-0.067814,0.303222
-0.047089,-0.066956,0.303498
-0.047835,-0.066796,0.304664
-0.048605,-0.066441,0.302263
-0.048116,-0.066755,0.303615
-0.050357,-0.064469,0.303924
-0.050542,-0.067209,0.303297
-0.052044,-0.068111,0.303730
-0.054402,-0.065155,0.303742
-0.054418,-0.065553,0.303442
-0.056451,-0.065077,0.304864
-0.056812,-0.066200,0.303989
-0.057307,-0.066959,0.303527
-0.060693,-0.067267,0.303686
-0.059942,-0.064494,0.304289
-0.061419,-0.066134,0.304480
-0.064333,-0.065644,0.304478
-0.064421,-0.065749,0.304870
-0.063545,-0.064990,0.302596
-0.066688,-0.065767,0.304842
-0.066229,-0.066512,0.304657
-0.070123,-0.062567,0.304792
-0.068957,-0.065628,0.305648
-0.070374,-0.064691,0.304451
-0.072105,-0.065288,0.306061
-0.072928,-0.063991,0.303223
-0.074473,-0.063870,0.306071
-0.075469,-0.065505,0.303200
-0.076819,-0.064160,0.305169
-0.077190,-0.063844,0.306876
-0.078932,-0.065698,0.304385
-0.079289,-0.065692,0.305008
-0.081650,-0.067762,0.303637
-0.080995,-0.067256,0.305359
-0.083426,-0.065657,0.304767
-0.083858,-0.067460,0.303619
-0.084278,-0.066181,0.303828
-0.087377,-0.066414,0.303243
-0.087712,-0.066758,0.302979
-0.087619,-0.067194,0.303502
-0.089527,-0.067610,0.302571
-0.091499,-0.068465,0.303260
-0.091345,-0.066652,0.302785
-0.094493,-0.068990,0.301632
-0.095610,-0.070105,0.302716
-0.096893,-0.070322,0.301754
-0.097133,-0.071423,0.302257
-0.097225,-0.072658,0.299050
-0.098601,-0.072204,0.300938
-0.100171,-0.071925,0.295233
-0.100363,-0.074261,0.298889
-0.102672,-0.072699,0.299888
-0.102413,-0.075982,0.297535
-0.106189,-0.074629,0.297766
-0.103073,-0.078951,0.293805
-0.106233,-0.078390,0.293920
-0.107264,-0.079254,0.295563
-0.107041,-0.079431,0.296311
-0.110179,-0.079256,0.296243
-0.111073,-0.082913,0.292333
-0.112409,-0.084933,0.291534
-0.111643,-0.081968,0.292024
-0.114498,-0.085175,0.291648
-0.115582,-0.086815,0.289433
-0.116334,-0.088442,0.289970
-0.117613,-0.087140,0.290018
-0.120815,-0.089024,0.285636
-0.119730,-0.088229,0.288716
-0.122175,-0.090885,0.285652
-0.121830,-0.094093,0.284938
-0.123319,-0.095524,0.283019
-0.125562,-0.094495,0.282649
-0.126025,-0.097376,0.283189
-0.126622,-0.096432,0.281625
-0.129279,-0.099563,0.280455
-0.129001,-0.101522,0.280201
-0.131556,-0.101637,0.281145
-0.132079,-0.102138,0.279327
-0.133194,-0.103391,0.278996
-0.133747,-0.103521,0.277282
-0.134831,-0.105948,0.276425
-0.136931,-0.107183,0.275925
-0.137529,-0.107901,0.273173
-0.139288,-0.109315,0.273455
-0.140470,-0.112602,0.271458
-0.140454,-0.111842,0.271232
-0.142707,-0.115351,0.269248
-0.142581,-0.115053,0.269145
-0.144206,-0.115854,0.267965
-0.144211,-0.116919,0.268141
-0.147958,-0.119627,0.268297
-0.146914,-0.119570,0.266614
-0.148909,-0.120509,0.264424
-0.150153,-0.120938,0.265653
-0.151722,-0.124851,0.263654
-0.153449,-0.123829,0.265084
-0.155115,-0.126653,0.261470
-0.156308,-0.127597,0.261331
-0.158315,-0.129055,0.261854
-0.157936,-0.127202,0.259853
-0.158364,-0.130109,0.256821
-0.161531,-0.129460,0.258595
-0.162975,-0.131595,0.257928
-0.162904,-0.132534,0.257108
-0.161735,-0.136080,0.256392
-0.164203,-0.134512,0.256471
-0.167536,-0.135047,0.255389
-0.166975,-0.138298,0.255258
-0.168890,-0.137146,0.255437
-0.171196,-0.135963,0.250199
-0.169731,-0.138321,0.253619
-0.173042,-0.138710,0.252605
-0.173183,-0.140382,0.253049
-0.174882,-0.140682,0.252208
-0.174447,-0.141329,0.251143
-0.177650,-0.140341,0.250369
-0.177173,-0.143435,0.249766
-0.179098,-0.143140,0.249245
-0.180901,-0.143067,0.249111
-0.182629,-0.147074,0.248748
-0.183716,-0.146162,0.247032
-0.182948,-0.146629,0.248487
-0.186264,-0.148283,0.245779
-0.187724,-0.149453,0.242680
-0.189406,-0.150604,0.245188
-0.187780,-0.150484,0.244297
-0.189588,-0.150251,0.244610
-0.190624,-0.151470,0.242595
-0.191892,-0.153649,0.242882
-0.195243,-0.154823,0.241616
-0.195094,-0.153657,0.241598
-0.194405,-0.155230,0.240428
-0.197454,-0.155323,0.241617
-0.200546,-0.158237,0.238858
-0.200662,-0.159235,0.242246
-0.202625,-0.158155,0.239984
-0.201321,-0.159977,0.237347
-0.203762,-0.161116,0.237146
-0.205952,-0.160771,0.238521
-0.204489,-0.161327,0.236980
-0.207104,-0.162582,0.237868
-0.209157,-0.162897,0.235717
-0.210770,-0.164030,0.233153
-0.211914,-0.165621,0.235012
-0.212416,-0.168186,0.232572
-0.213925,-0.167738,0.231357
-0.213976,-0.167955,0.231003
-0.216546,-0.168831,0.230354
-0.216680,-0.170619,0.229803
-0.218727,-0.171733,0.230313
-0.219739,-0.171056,0.227481
-0.218640,-0.172547,0.227945
-0.220407,-0.175524,0.225623
-0.223001,-0.175963,0.226683
-0.222889,-0.176012,0.225306
-0.225936,-0.177046,0.224481
-0.223592,-0.178390,0.223737
-0.227731,-0.179338,0.223563
-0.229734,-0.182213,0.221209
-0.231471,-0.183575,0.220874
-0.231254,-0.184354,0.218437
-0.231986,-0.186424,0.220447
-0.233637,-0.187623,0.219428
-0.234660,-0.187816,0.217507
-0.238339,-0.190454,0.215914
-0.237719,-0.192520,0.216252
-0.239291,-0.192745,0.214305
-0.241069,-0.197451,0.211572
-0.242764,-0.195491,0.210372
-0.244237,-0.197907,0.210025
-0.246832,-0.200679,0.208235
-0.247048,-0.202310,0.209052
-0.247574,-0.203247,0.208004
-0.250730,-0.204862,0.205959
-0.251773,-0.205082,0.204096
-0.251880,-0.206821,0.203198
-0.254139,-0.210396,0.201745
-0.254275,-0.211075,0.202975
-0.256390,-0.212099,0.200007
-0.256784,-0.212061,0.199215
-0.258311,-0.214790,0.197309
-0.260772,-0.215133,0.198991
-0.262865,-0.216089,0.196941
-0.262402,-0.218405,0.195942
-0.263264,-0.217667,0.194886
-0.265262,-0.219332,0.193199
-0.268024,-0.224016,0.192857
-0.268722,-0.225331,0.193848
-0.269785,-0.225724,0.191960
-0.271296,-0.229129,0.189677
-0.271380,-0.230448,0.187869
-0.270956,-0.230570,0.186590
-0.274123,-0.232138,0.185924
-0.277176,-0.234856,0.184704
-0.278587,-0.235972,0.182568
-0.279054,-0.238694,0.182074
-0.279016,-0.240976,0.181782
-0.281606,-0.242219,0.181842
-0.281621,-0.242006,0.179140
-0.283369,-0.244604,0.176581
-0.285133,-0.245715,0.177101
-0.286669,-0.247924,0.176663
-0.287765,-0.249161,0.171910
-0.292017,-0.252168,0.172746
-0.290985,-0.252585,0.172190
-0.294437,-0.253695,0.170323
-0.294730,-0.254077,0.169574
-0.296242,-0.257071,0.167202
-0.296290,-0.258282,0.167608
-0.298869,-0.259323,0.166910
-0.300311,-0.262513,0.165738
-0.302557,-0.265863,0.164674
-0.301662,-0.265262,0.161376
-0.305120,-0.270343,0.161120
-0.305212,-0.273239,0.158300
-0.305622,-0.272445,0.156708
-0.308120,-0.277203,0.156529
-0.310952,-0.278218,0.153702
-0.312081,-0.279388,0.150797
-0.313267,-0.282163,0.149969
-0.314017,-0.284091,0.148708
-0.318110,-0.287185,0.147201
-0.317872,-0.288813,0.148286
-0.319320,-0.290597,0.146367
-0.321159,-0.293943,0.141284
-0.321782,-0.297018,0.138987
0.013742,-0.211454,0.203243
0.013775,-0.205457,0.208809
0.011464,-0.201186,0.212317
0.009655,-0.194545,0.215807
0.009222,-0.190850,0.218675
0.009544,-0.184874,0.222029
0.007201,-0.183382,0.223088
0.006344,-0.179246,0.224930
0.004401,-0.172491,0.228801
0.000822,-0.093301,0.287406
-0.000942,-0.089740,0.289778
-0.001685,-0.087375,0.291905
-0.004337,-0.086340,0.292953
-0.005479,-0.083858,0.292293
-0.006522,-0.081670,0.296652
-0.007011,-0.080676,0.294289
-0.007236,-0.080417,0.295807
-0.010462,-0.078132,0.297906
-0.012391,-0.077293,0.298193
-0.011324,-0.080429,0.297101
-0.010881,-0.076953,0.298370
-0.014686,-0.076634,0.299262
-0.015152,-0.075979,0.299784
-0.018005,-0.076088,0.301093
-0.019316,-0.074348,0.301820
-0.020843,-0.072361,0.299546
-0.018901,-0.072301,0.300575
-0.021383,-0.072378,0.301755
-0.022447,-0.072295,0.300087
-0.023390,-0.073252,0.300333
-0.024333,-0.070948,0.302047
-0.026522,-0.070926,0.302850
-0.027356,-0.073548,0.301575
-0.028584,-0.071658,0.301785
-0.029212,-0.069784,0.301083
-0.031903,-0.071381,0.300857
-0.033584,-0.070512,0.303070
-0.031983,-0.070926,0.302801
-0.033953,-0.072349,0.300079
-0.036671,-0.071243,0.301675
-0.033629,-0.070037,0.301763
-0.038470,-0.070463,0.302545
-0.037280,-0.070787,0.301929
-0.040310,-0.072528,0.303086
-0.040203,-0.072516,0.304301
-0.041782,-0.070338,0.304663
-0.044072,-0.070950,0.302898
-0.043312,-0.071115,0.302325
-0.045867,-0.071246,0.302959
-0.047468,-0.069554,0.302030
-0.048178,-0.069744,0.303552
-0.049829,-0.071053,0.304133
-0.048833,-0.070101,0.303206
-0.051993,-0.070676,0.303646
-0.050991,-0.070559,0.304902
-0.054911,-0.068720,0.303956
-0.055365,-0.071119,0.301476
-0.056986,-0.069903,0.302981
-0.055218,-0.070641,0.304205
-0.058556,-0.070603,0.304250
-0.058447,-0.068854,0.302681
-0.058966,-0.068914,0.304821
-0.060559,-0.068688,0.303128
-0.062913,-0.069396,0.303503
-0.064670,-0.068649,0.303699
-0.063293,-0.069606,0.303461
-0.064920,-0.068397,0.303333
-0.064956,-0.068587,0.303653
-0.068344,-0.067892,0.303199
-0.068156,-0.068141,0.304204
-0.070335,-0.069703,0.303563
-0.071012,-0.067450,0.305513
-0.072035,-0.068689,0.305027
-0.073329,-0.067919,0.304043
-0.074996,-0.065556,0.304585
-0.075277,-0.070009,0.305191
-0.076695,-0.070262,0.305309
-0.076809,-0.068634,0.304423
-0.079308,-0.068056,0.303258
-0.080839,-0.069639,0.303634
-0.081163,-0.070668,0.304747
-0.080789,-0.069138,0.305310
-0.081267,-0.070810,0.302862
-0.084998,-0.069346,0.304151
-0.088460,-0.071422,0.305107
-0.086245,-0.070397,0.301611
-0.087946,-0.071623,0.302674
-0.088315,-0.071376,0.303730
-0.089940,-0.072289,0.302184
-0.092976,-0.072080,0.301794
-0.091841,-0.073637,0.299893
-0.092200,-0.073241,0.300573
-0.095700,-0.072472,0.300175
-0.095224,-0.073929,0.300129
-0.096781,-0.074906,0.301793
-0.098003,-0.073514,0.298416
-0.099029,-0.077909,0.297986
-0.101232,-0.076425,0.298147
-0.099903,-0.078715,0.296944
-0.101324,-0.078022,0.299458
-0.103280,-0.079145,0.298125
-0.104132,-0.078669,0.296029
-0.107973,-0.079028,0.296392
-0.106222,-0.081362,0.294701
-0.107322,-0.083204,0.293586
-0.108820,-0.083620,0.293440
-0.110197,-0.084525,0.292595
-0.112576,-0.084880,0.291923
-0.111193,-0.086002,0.291651
-0.113444,-0.086986,0.291005
-0.115613,-0.088637,0.289565
-0.117658,-0.089068,0.289593
-0.117243,-0.089963,0.288497
-0.118008,-0.091740,0.288578
-0.118688,-0.093175,0.287790
-0.120647,-0.093073,0.285858
-0.122445,-0.093711,0.285901
-0.123719,-0.094306,0.285356
-0.123790,-0.097652,0.284368
-0.126101,-0.098395,0.283532
-0.124386,-0.100365,0.282940
-0.128257,-0.100654,0.280579
-0.127678,-0.103979,0.279124
-0.129673,-0.104149,0.279755
-0.132371,-0.104703,0.276972
-0.132091,-0.105778,0.278548
-0.134092,-0.107693,0.275377
-0.135767,-0.108465,0.276077
-0.135611,-0.108916,0.276658
-0.136129,-0.110726,0.275361
-0.135908,-0.113013,0.273127
-0.141189,-0.113625,0.274111
-0.139913,-0.113094,0.271422
-0.141053,-0.114165,0.270391
-0.144476,-0.116367,0.267372
-0.145076,-0.117123,0.269236
-0.144591,-0.119406,0.268331
-0.145959,-0.121187,0.266686
-0.146961,-0.120896,0.266437
-0.149862,-0.124638,0.265911
-0.151844,-0.126320,0.264211
-0.152127,-0.126580,0.266175
-0.151927,-0.124773,0.263886
-0.153350,-0.125745,0.260912
-0.154434,-0.129313,0.262671
-0.155010,-0.129015,0.258833
-0.155816,-0.130124,0.259877
-0.158597,-0.131175,0.259414
-0.158216,-0.131441,0.258359
-0.159395,-0.131130,0.258479
-0.162575,-0.134552,0.257312
-0.164316,-0.135896,0.255476
-0.163637,-0.136181,0.255813
-0.166053,-0.135705,0.255767
-0.166247,-0.137804,0.254368
-0.166530,-0.139080,0.254451
-0.169604,-0.138371,0.253591
-0.170666,-0.140006,0.254893
-0.170539,-0.139591,0.253865
-0.173097,-0.142226,0.252996
-0.173274,-0.142331,0.250672
-0.173926,-0.143681,0.250287
-0.176196,-0.146465,0.250172
-0.177305,-0.144086,0.249840
-0.177453,-0.144199,0.247577
-0.179282,-0.146633,0.248790
-0.181288,-0.146603,0.248053
-0.179992,-0.149501,0.248439
-0.185120,-0.149735,0.246697
-0.183958,-0.150133,0.245710
-0.184192,-0.151607,0.247478
-0.187208,-0.151496,0.246270
-0.187957,-0.153672,0.245568
-0.187934,-0.155104,0.244322
-0.190428,-0.151748,0.246146
-0.193958,-0.154268,0.242174
-0.193444,-0.156886,0.242415
-0.194497,-0.157651,0.241609
-0.194859,-0.155949,0.243211
-0.197643,-0.158733,0.240770
-0.195812,-0.158619,0.239222
-0.198254,-0.161316,0.239889
-0.201441,-0.162523,0.239475
-0.199661,-0.161803,0.237631
-0.204284,-0.161341,0.237094
-0.204085,-0.163368,0.238287
-0.206072,-0.164112,0.238879
-0.208151,-0.164264,0.237441
-0.207226,-0.163456,0.237316
-0.207590,-0.165299,0.233905
-0.210087,-0.165926,0.234827
-0.211172,-0.166423,0.232555
-0.212452,-0.169134,0.233776
-0.213536,-0.171614,0.234044
-0.213239,-0.169108,0.233810
-0.214925,-0.172269,0.231248
-0.215880,-0.172887,0.228281
-0.217442,-0.174411,0.230143
-0.222473,-0.177033,0.228315
-0.220123,-0.177619,0.228947
-0.221001,-0.177667,0.226578
-0.222216,-0.178902,0.225959
-0.225822,-0.177035,0.225598
-0.226417,-0.180450,0.224959
-0.228244,-0.183344,0.223189
-0.228612,-0.182429,0.222626
-0.228531,-0.184319,0.221716
-0.231988,-0.186211,0.221877
-0.233123,-0.184640,0.219184
-0.234900,-0.187322,0.222318
-0.234187,-0.190573,0.218236
-0.238858,-0.191127,0.217682
-0.237999,-0.192412,0.216196
-0.239511,-0.193910,0.216809
-0.239955,-0.195325,0.213842
-0.241179,-0.197182,0.213196
-0.242794,-0.198680,0.211561
-0.244852,-0.200971,0.209997
-0.246832,-0.203835,0.210990
-0.246167,-0.203920,0.210036
-0.247898,-0.205584,0.207764
-0.250664,-0.205338,0.205334
-0.251048,-0.209094,0.205394
-0.250847,-0.209566,0.201839
-0.253361,-0.212645,0.201320
-0.254117,-0.213259,0.202208
-0.256195,-0.212912,0.201607
-0.257411,-0.215001,0.199649
-0.258524,-0.215955,0.199332
-0.261242,-0.216070,0.197323
-0.262477,-0.217180,0.197132
-0.264301,-0.221012,0.198053
-0.262534,-0.221871,0.196699
-0.264803,-0.221241,0.196099
-0.268605,-0.224329,0.193547
-0.268212,-0.227864,0.193386
-0.269362,-0.228156,0.191621
-0.270080,-0.230008,0.189609
-0.272199,-0.231642,0.189428
-0.273715,-0.231875,0.186649
-0.276744,-0.234607,0.187044
-0.277558,-0.237561,0.185777
-0.278479,-0.238668,0.183737
-0.279416,-0.239930,0.184103
-0.280111,-0.241152,0.180572
-0.282143,-0.243703,0.180689
-0.283786,-0.243954,0.179503
-0.283653,-0.247126,0.180739
-0.283147,-0.248175,0.178548
-0.287432,-0.249977,0.176161
-0.286839,-0.250501,0.172944
-0.289268,-0.252592,0.174124
-0.291102,-0.253468,0.171105
-0.292688,-0.255427,0.171987
-0.294971,-0.256278,0.170544
-0.296807,-0.258715,0.167619
-0.294441,-0.260839,0.169304
-0.297750,-0.261214,0.167674
-0.301387,-0.264398,0.164798
-0.299829,-0.265727,0.165197
-0.304365,-0.267577,0.163396
-0.304364,-0.270506,0.162709
-0.305328,-0.273475,0.158464
-0.307723,-0.275924,0.158087
-0.309340,-0.276822,0.155397
-0.309077,-0.278128,0.154812
-0.311907,-0.281258,0.152694
-0.312302,-0.282317,0.150914
-0.314218,-0.286274,0.150179
-0.316340,-0.287907,0.149550
-0.317758,-0.290380,0.147919
-0.318230,-0.292651,0.147137
-0.321305,-0.295310,0.143912
-0.322369,-0.299211,0.140914
0.015352,-0.213014,0.201976
0.010859,-0.206378,0.208663
0.011696,-0.200398,0.212150
0.009102,-0.197649,0.216462
0.008358,-0.189556,0.217519
0.007719,-0.189047,0.221918
0.005437,-0.185819,0.221281
0.003330,-0.181897,0.225229
0.000372,-0.176995,0.228280
0.001474,-0.172954,0.231943
-0.002214,-0.096634,0.284435
-0.003895,-0.094684,0.286840
-0.005202,-0.092245,0.290978
-0.005416,-0.089592,0.292708
-0.007797,-0.085647,0.293470
-0.009833,-0.084729,0.292725
-0.008942,-0.083323,0.295436
-0.012847,-0.082007,0.297866
-0.012594,-0.080743,0.296817
-0.012935,-0.082182,0.297095
-0.014878,-0.078666,0.298673
-0.014065,-0.078479,0.299000
-0.016853,-0.079255,0.297794
-0.017990,-0.078379,0.297222
-0.020932,-0.077779,0.298153
-0.020110,-0.077239,0.299015
-0.021033,-0.077431,0.298561
-0.022098,-0.076175,0.299341
-0.023740,-0.075657,0.299951
-0.024740,-0.076360,0.299413
-0.025861,-0.075482,0.300523
-0.026468,-0.075100,0.300382
-0.027912,-0.074840,0.301711
-0.029850,-0.075688,0.301381
-0.032091,-0.074756,0.300092
-0.031558,-0.075601,0.300580
-0.032377,-0.074531,0.300300
-0.033668,-0.075083,0.304352
-0.033788,-0.074585,0.300622
-0.036625,-0.074557,0.301041
-0.037974,-0.075512,0.301369
-0.037306,-0.076085,0.300477
-0.040292,-0.072121,0.301711
-0.041524,-0.073408,0.302485
-0.040918,-0.074330,0.301052
-0.042848,-0.073603,0.301223
-0.043733,-0.074455,0.302110
-0.046392,-0.075324,0.302855
-0.047502,-0.073383,0.302076
-0.047289,-0.072903,0.302230
-0.046931,-0.073093,0.302218
-0.050643,-0.070850,0.300212
-0.050451,-0.073051,0.302939
-0.053052,-0.073976,0.302555
-0.053466,-0.074220,0.303642
-0.054080,-0.071467,0.303391
-0.057345,-0.072896,0.304679
-0.058435,-0.072429,0.302017
-0.057810,-0.072745,0.303486
-0.058030,-0.072406,0.302906
-0.058284,-0.072289,0.301835
-0.061204,-0.072218,0.303823
-0.061182,-0.070166,0.303816
-0.064189,-0.072990,0.305477
-0.062986,-0.073073,0.302983
-0.065936,-0.071250,0.302165
-0.065267,-0.073369,0.302891
-0.068178,-0.071342,0.301976
-0.067970,-0.073421,0.305230
-0.069221,-0.072503,0.303265
-0.069145,-0.070731,0.303232
-0.070836,-0.070775,0.303716
-0.073460,-0.072143,0.304350
-0.074922,-0.072517,0.302798
-0.076242,-0.070927,0.301679
-0.076720,-0.070315,0.302724
-0.080036,-0.072989,0.301533
-0.080917,-0.072114,0.302043
-0.079545,-0.074981,0.302662
-0.081119,-0.073348,0.302516
-0.081635,-0.073631,0.303179
-0.084211,-0.074152,0.302576
-0.084289,-0.074257,0.302389
-0.085687,-0.075423,0.301641
-0.086252,-0.073294,0.301256
-0.086366,-0.074934,0.303600
-0.089834,-0.074673,0.299177
-0.090530,-0.074989,0.302450
-0.090965,-0.075260,0.299343
-0.091536,-0.077627,0.300115
-0.092807,-0.076933,0.298690
-0.094469,-0.076747,0.299130
-0.094551,-0.079231,0.300158
-0.095657,-0.078929,0.299469
-0.099256,-0.078948,0.297935
-0.098616,-0.078473,0.298696
-0.099552,-0.080200,0.297976
-0.099466,-0.081221,0.295032
-0.101748,-0.081142,0.297426
-0.106391,-0.084403,0.296822
-0.105111,-0.084582,0.293645
-0.104636,-0.084745,0.296129
-0.106370,-0.087405,0.293022
-0.109779,-0.087473,0.291513
-0.109525,-0.087261,0.292843
-0.110487,-0.088118,0.291229
-0.112706,-0.088114,0.290785
-0.112222,-0.088560,0.289779
-0.111702,-0.088463,0.290443
-0.114956,-0.091693,0.289031
-0.116409,-0.093269,0.291283
-0.116449,-0.092751,0.287379
-0.119701,-0.095111,0.288397
-0.119391,-0.097921,0.287182
-0.118966,-0.098534,0.285053
-0.121263,-0.099476,0.284981
-0.122039,-0.097791,0.284210
-0.125554,-0.102921,0.283808
-0.127324,-0.102784,0.282863
-0.127466,-0.103477,0.281461
-0.127614,-0.104062,0.279993
-0.128571,-0.107439,0.279449
-0.130130,-0.105927,0.278474
-0.131976,-0.107338,0.278175
-0.133870,-0.108599,0.277470
-0.132418,-0.108158,0.276236
-0.133550,-0.110169,0.273132
-0.133624,-0.113511,0.274449
-0.139426,-0.113362,0.273529
-0.138001,-0.115299,0.273100
-0.139580,-0.115866,0.271187
-0.140665,-0.116431,0.271009
-0.141037,-0.117986,0.270451
-0.143381,-0.119663,0.271803
-0.141181,-0.120113,0.267673
-0.146186,-0.121116,0.267653
-0.144438,-0.123612,0.265120
-0.148119,-0.125935,0.266519
-0.149955,-0.124652,0.263927
-0.150625,-0.127039,0.264396
-0.149969,-0.130479,0.263489
-0.150633,-0.129342,0.264860
-0.154695,-0.130873,0.263614
-0.157086,-0.132109,0.261253
-0.155368,-0.130898,0.260424
-0.157769,-0.132814,0.259395
-0.156207,-0.134427,0.260934
-0.160486,-0.133330,0.259645
-0.160956,-0.136192,0.258250
-0.160577,-0.138594,0.255905
-0.163195,-0.137995,0.256268
-0.164661,-0.138458,0.256008
-0.165513,-0.138570,0.256269
-0.167981,-0.139652,0.254514
-0.168083,-0.141356,0.254439
-0.170365,-0.142379,0.252907
-0.168839,-0.143853,0.254420
-0.171074,-0.141473,0.254578
-0.172990,-0.144870,0.252093
-0.173473,-0.146022,0.252895
-0.176014,-0.145991,0.252184
-0.175812,-0.146947,0.251701
-0.175645,-0.147322,0.250146
-0.178541,-0.148892,0.248782
-0.180659,-0.148106,0.249332
-0.179149,-0.151313,0.246675
-0.181419,-0.150020,0.248357
-0.183254,-0.152293,0.247201
-0.183570,-0.151891,0.246059
-0.185453,-0.153592,0.243652
-0.187866,-0.153999,0.243769
-0.187739,-0.154396,0.245258
-0.189567,-0.156339,0.244063
-0.188918,-0.154898,0.243043
-0.193230,-0.158694,0.241379
-0.192470,-0.156889,0.241878
-0.195353,-0.159815,0.242813
-0.196162,-0.160646,0.241127
-0.196291,-0.160959,0.241668
-0.198316,-0.162428,0.241242
-0.199653,-0.162818,0.239177
-0.199438,-0.164136,0.237459
-0.202725,-0.164334,0.236365
-0.202879,-0.163460,0.237686
-0.203561,-0.165456,0.238246
-0.203953,-0.165358,0.235706
-0.205834,-0.167324,0.236893
-0.207815,-0.166823,0.235775
-0.208903,-0.167816,0.234510
-0.209867,-0.168774,0.234793
-0.212390,-0.170131,0.233721
-0.212264,-0.172021,0.233963
-0.213538,-0.171503,0.232338
-0.214364,-0.172835,0.233665
-0.217569,-0.173274,0.230372
-0.216241,-0.174907,0.231232
-0.218521,-0.174576,0.231332
-0.218911,-0.177842,0.228196
-0.220697,-0.177602,0.228079
-0.221515,-0.178263,0.228043
-0.224575,-0.181336,0.226432
-0.224465,-0.181610,0.226335
-0.225831,-0.183173,0.223095
-0.228346,-0.184722,0.223828
-0.229671,-0.188632,0.221713
-0.229473,-0.185919,0.221709
-0.231269,-0.189701,0.222349
-0.232163,-0.187875,0.219809
-0.233931,-0.190586,0.218471
-0.233303,-0.191358,0.217997
-0.236055,-0.192579,0.216941
-0.238259,-0.193430,0.217027
-0.238441,-0.195717,0.214482
-0.240184,-0.197400,0.214423
-0.241951,-0.198587,0.212610
-0.242481,-0.201941,0.211274
-0.244057,-0.201256,0.210863
-0.246169,-0.203497,0.210818
-0.246016,-0.205588,0.208025
-0.249727,-0.207455,0.208781
-0.250575,-0.208900,0.205826
-0.251821,-0.209894,0.204279
-0.251353,-0.213803,0.203471
-0.252208,-0.212576,0.205011
-0.255405,-0.211760,0.202000
-0.257492,-0.216378,0.201741
-0.257911,-0.216572,0.200738
-0.258002,-0.217876,0.197635
-0.259357,-0.219768,0.198570
-0.259937,-0.220254,0.197597
-0.262995,-0.222743,0.198716
-0.265758,-0.223133,0.196618
-0.264445,-0.224281,0.193522
-0.264973,-0.223989,0.194285
-0.269267,-0.227261,0.192522
-0.269390,-0.230654,0.190933
-0.271757,-0.230062,0.190234
-0.274604,-0.231715,0.190632
-0.273058,-0.233937,0.188585
-0.274060,-0.236817,0.188614
-0.274068,-0.236583,0.185347
-0.279159,-0.241088,0.183322
-0.277049,-0.240757,0.183480
-0.280466,-0.242992,0.183673
-0.280525,-0.245279,0.182427
-0.284503,-0.246062,0.180917
-0.285351,-0.246370,0.179956
-0.286932,-0.249080,0.177366
-0.287324,-0.250056,0.178171
-0.288091,-0.252856,0.175209
-0.290547,-0.251778,0.175808
-0.290670,-0.255906,0.173196
-0.290543,-0.256220,0.172281
-0.295928,-0.259254,0.170666
-0.294792,-0.259137,0.168543
-0.299814,-0.261859,0.169049
-0.298188,-0.263354,0.167255
-0.300454,-0.264578,0.166472
-0.301799,-0.268279,0.166018
-0.303708,-0.268965,0.163833
-0.303271,-0.273242,0.162470
-0.305728,-0.272626,0.159640
-0.305969,-0.276684,0.159668
-0.309855,-0.277615,0.158411
-0.307911,-0.279420,0.155941
-0.311316,-0.283830,0.154162
-0.312093,-0.284457,0.152911
-0.314796,-0.286430,0.149636
-0.315560,-0.288197,0.148852
-0.317541,-0.292641,0.147144
-0.318942,-0.293257,0.146010
-0.321745,-0.296681,0.144207
-0.322080,-0.299532,0.141716
0.013113,-0.212722,0.204131
0.011377,-0.207271,0.208244
0.010164,-0.201701,0.213621
0.008641,-0.197304,0.217332
0.006234,-0.195623,0.220038
0.006277,-0.191516,0.220340
0.004603,-0.186939,0.223513
0.003520,-0.183068,0.226949
0.001031,-0.180010,0.228773
-0.001259,-0.174808,0.232584
-0.001330,-0.171781,0.232887
-0.005183,-0.100727,0.283453
-0.005158,-0.098660,0.287238
-0.008021,-0.095902,0.288130
-0.007608,-0.093284,0.289798
-0.009343,-0.090639,0.291045
-0.012617,-0.085853,0.295758
-0.009793,-0.085409,0.296769
-0.012907,-0.083194,0.296152
-0.013729,-0.083924,0.298323
-0.014975,-0.083399,0.297062
-0.017678,-0.081953,0.294003
-0.017925,-0.080784,0.298822
-0.017607,-0.081777,0.297932
-0.020869,-0.082032,0.296146
-0.022974,-0.081238,0.298031
-0.022093,-0.081537,0.298883
-0.022978,-0.080494,0.299056
-0.024985,-0.079418,0.298981
-0.025930,-0.078684,0.300563
-0.027105,-0.080557,0.299528
-0.026795,-0.078505,0.300594
-0.029677,-0.078675,0.298992
-0.030748,-0.078448,0.298405
-0.033255,-0.076262,0.299830
-0.033284,-0.079500,0.301355
-0.033301,-0.077830,0.300927
-0.034306,-0.078887,0.299771
-0.035006,-0.079188,0.300080
-0.037890,-0.076460,0.299428
-0.038175,-0.077808,0.299589
-0.038058,-0.078600,0.301344
-0.040602,-0.078246,0.299298
-0.043808,-0.076669,0.300112
-0.041655,-0.078794,0.301737
-0.045637,-0.076910,0.300955
-0.045104,-0.076890,0.301569
-0.045441,-0.077117,0.301469
-0.047713,-0.076071,0.300417
-0.049685,-0.078481,0.301160
-0.049742,-0.078242,0.300872
-0.051317,-0.077611,0.300935
-0.051350,-0.076857,0.302223
-0.052623,-0.075869,0.302265
-0.054232,-0.075286,0.302220
-0.056695,-0.077051,0.302444
-0.056222,-0.074147,0.302929
-0.059050,-0.077205,0.300428
-0.056901,-0.075384,0.301826
-0.060458,-0.075774,0.302726
-0.060707,-0.076455,0.303292
-0.061701,-0.076295,0.302815
-0.065860,-0.075079,0.303073
-0.064152,-0.076748,0.301419
-0.064092,-0.074731,0.301561
-0.066809,-0.074628,0.303393
-0.067090,-0.076269,0.302350
-0.069918,-0.074837,0.302290
-0.069586,-0.075757,0.303327
-0.072030,-0.075871,0.302436
-0.071779,-0.077009,0.301593
-0.073140,-0.077781,0.301755
-0.074174,-0.077597,0.301069
-0.075820,-0.075792,0.302959
-0.077031,-0.075809,0.302317
-0.078185,-0.075494,0.301118
-0.080053,-0.076578,0.301549
-0.077742,-0.077373,0.301166
-0.079313,-0.076320,0.301017
-0.081048,-0.078135,0.301582
-0.085634,-0.075856,0.300938
-0.084166,-0.077564,0.299533
-0.084897,-0.076680,0.300811
-0.085333,-0.077255,0.299281
-0.087904,-0.078430,0.300460
-0.087726,-0.079140,0.299987
-0.089119,-0.078613,0.299670
-0.092366,-0.079054,0.300014
-0.091499,-0.079648,0.298907
-0.091774,-0.080475,0.296766
-0.094889,-0.082646,0.299111
-0.096781,-0.081367,0.296737
-0.095495,-0.080007,0.297413
-0.097918,-0.083514,0.297360
-0.097950,-0.083291,0.298972
-0.099695,-0.084635,0.298673
-0.101695,-0.085852,0.295748
-0.100599,-0.084184,0.295785
-0.104024,-0.086823,0.295124
-0.104296,-0.086619,0.292931
-0.106337,-0.087954,0.293163
-0.105827,-0.091047,0.292728
-0.109374,-0.090434,0.291028
-0.108976,-0.091554,0.292168
-0.108661,-0.089949,0.291335
-0.110550,-0.092625,0.291483
-0.112423,-0.095492,0.289737
-0.115013,-0.094378,0.289746
-0.115096,-0.093816,0.290553
-0.115018,-0.097668,0.288247
-0.115616,-0.098290,0.287689
-0.119071,-0.098177,0.284973
-0.118823,-0.099755,0.284979
-0.120311,-0.103358,0.284373
-0.123955,-0.103353,0.283104
-0.124169,-0.102537,0.283156
-0.125333,-0.105533,0.282345
-0.124750,-0.107014,0.281502
-0.126780,-0.105664,0.281064
-0.126725,-0.107822,0.280401
-0.128164,-0.108121,0.279649
-0.128958,-0.109410,0.279073
-0.132960,-0.110632,0.274850
-0.132466,-0.112443,0.277802
-0.132481,-0.113529,0.277005
-0.134879,-0.116259,0.274434
-0.136524,-0.117445,0.274919
-0.137231,-0.117811,0.272010
-0.138205,-0.116782,0.272797
-0.138587,-0.120970,0.272090
-0.139672,-0.118275,0.270802
-0.142244,-0.122040,0.269428
-0.144273,-0.122467,0.270089
-0.144131,-0.123326,0.267428
-0.145252,-0.124040,0.268680
-0.146116,-0.126847,0.267563
-0.146627,-0.126634,0.265171
-0.150937,-0.130111,0.264158
-0.149161,-0.128061,0.263718
-0.150539,-0.131161,0.262026
-0.151578,-0.131261,0.263443
-0.152631,-0.131528,0.261113
-0.155576,-0.135141,0.261770
-0.156057,-0.135236,0.260508
-0.156258,-0.134614,0.260658
-0.157069,-0.135983,0.259421
-0.158796,-0.140095,0.256948
-0.159898,-0.139330,0.257905
-0.161365,-0.138334,0.257492
-0.162824,-0.140458,0.257801
-0.164347,-0.142805,0.256142
-0.164700,-0.140410,0.254814
-0.167392,-0.142285,0.253812
-0.168403,-0.143792,0.254920
-0.168667,-0.145595,0.254499
-0.168109,-0.145943,0.253785
-0.171823,-0.145795,0.252762
-0.172522,-0.147471,0.251856
-0.173428,-0.148486,0.252294
-0.174195,-0.147649,0.250930
-0.174699,-0.147994,0.250744
-0.177676,-0.149361,0.249060
-0.180390,-0.151106,0.249372
-0.180480,-0.152223,0.248193
-0.180676,-0.151843,0.248575
-0.182801,-0.152365,0.246209
-0.183115,-0.155926,0.246571
-0.184063,-0.155020,0.245365
-0.185422,-0.154096,0.245326
-0.187250,-0.157087,0.245075
-0.187289,-0.158446,0.245539
-0.189223,-0.158105,0.243350
-0.189880,-0.159107,0.243261
-0.191415,-0.160314,0.243045
-0.191306,-0.160914,0.242588
-0.194889,-0.160732,0.241127
-0.195086,-0.164315,0.240724
-0.196034,-0.163684,0.239324
-0.197809,-0.165473,0.238497
-0.198145,-0.164934,0.237485
-0.199586,-0.166435,0.237234
-0.201353,-0.167707,0.238153
-0.201493,-0.167412,0.238138
-0.203754,-0.166245,0.236586
-0.206513,-0.168369,0.236420
-0.206266,-0.167863,0.237236
-0.207259,-0.169410,0.236947
-0.207847,-0.169180,0.235083
-0.209946,-0.172551,0.232384
-0.212173,-0.171168,0.234745
-0.212036,-0.172742,0.233306
-0.213102,-0.171498,0.233462
-0.216418,-0.174940,0.229845
-0.216426,-0.175154,0.230579
-0.217815,-0.178621,0.229751
-0.218950,-0.178864,0.230108
-0.219788,-0.180906,0.231162
-0.218803,-0.180992,0.226859
-0.222181,-0.183792,0.227494
-0.223368,-0.183444,0.224667
-0.226406,-0.184972,0.226437
-0.226746,-0.185797,0.224063
-0.226445,-0.188208,0.224482
-0.229074,-0.189067,0.221628
-0.231061,-0.190861,0.222057
-0.231582,-0.188986,0.220882
-0.234581,-0.191336,0.218415
-0.233530,-0.192750,0.218292
-0.235375,-0.195698,0.217947
-0.235278,-0.195761,0.213804
-0.238431,-0.196432,0.215773
-0.240095,-0.197633,0.215371
-0.238787,-0.200551,0.214235
-0.241242,-0.198780,0.215011
-0.241638,-0.203808,0.212839
-0.243438,-0.204688,0.210204
-0.246496,-0.205143,0.210226
-0.246185,-0.208023,0.209131
-0.247104,-0.209356,0.205896
-0.250921,-0.211046,0.207057
-0.249601,-0.212887,0.204930
-0.251782,-0.216013,0.204861
-0.253780,-0.216326,0.204761
-0.255108,-0.215799,0.203880
-0.255761,-0.217062,0.201793
-0.259093,-0.218158,0.199070
-0.258573,-0.219308,0.201543
-0.259926,-0.221333,0.197643
-0.261156,-0.223259,0.197923
-0.262830,-0.223534,0.198198
-0.263552,-0.224117,0.195612
-0.264268,-0.225820,0.194798
-0.266604,-0.226295,0.193797
-0.267956,-0.229314,0.192452
-0.268790,-0.231056,0.192978
-0.271830,-0.232004,0.192289
-0.271842,-0.235117,0.189227
-0.272785,-0.235026,0.189912
-0.275735,-0.238210,0.188071
-0.275364,-0.239314,0.186972
-0.278056,-0.241067,0.185389
-0.279539,-0.242969,0.185205
-0.281367,-0.243408,0.181904
-0.282540,-0.248323,0.181364
-0.282892,-0.248238,0.179310
-0.284112,-0.248799,0.181159
-0.285140,-0.249518,0.177502
-0.287455,-0.251396,0.177579
-0.288882,-0.255120,0.176180
-0.289596,-0.254054,0.174910
-0.291094,-0.255637,0.172755
-0.291996,-0.258881,0.173460
-0.293463,-0.259452,0.171264
-0.295568,-0.262174,0.170492
-0.296854,-0.261844,0.169103
-0.297808,-0.263621,0.169524
-0.300360,-0.266098,0.166778
-0.301601,-0.267291,0.166492
-0.303300,-0.270546,0.166306
-0.304960,-0.273168,0.162741
-0.304952,-0.274975,0.161358
-0.307688,-0.276814,0.161075
-0.306916,-0.280322,0.158333
-0.308899,-0.281179,0.156523
-0.311212,-0.285118,0.155063
-0.313218,-0.285972,0.152903
-0.314361,-0.289525,0.152473
-0.315795,-0.291999,0.148926
-0.316970,-0.290568,0.149594
-0.319033,-0.295992,0.146335
-0.320241,-0.300858,0.143685
0.013882,-0.221870,0.199821
0.012931,-0.216272,0.203443
0.010107,-0.209165,0.210613
0.009568,-0.204582,0.213965
0.007358,-0.198398,0.218399
0.007495,-0.194014,0.217739
0.004969,-0.190566,0.222546
0.003690,-0.189321,0.223704
0.002438,-0.185925,0.227367
0.001463,-0.181920,0.224664
0.000827,-0.177577,0.230512
-0.000688,-0.175876,0.233313
-0.003386,-0.171153,0.236409
-0.007019,-0.104765,0.282480
-0.007627,-0.100942,0.284680
-0.008874,-0.098218,0.286641
-0.008208,-0.099093,0.288444
-0.011298,-0.094382,0.289344
-0.011978,-0.090405,0.290792
-0.013466,-0.088796,0.293653
-0.013804,-0.088891,0.294205
-0.017403,-0.086803,0.297540
-0.017165,-0.086455,0.295983
-0.019500,-0.086931,0.296167
-0.020140,-0.083582,0.296926
-0.020266,-0.085122,0.295407
-0.022002,-0.084639,0.297295
-0.022975,-0.083911,0.297853
-0.025580,-0.080924,0.297067
-0.026394,-0.084103,0.298736
-0.025012,-0.083437,0.300765
-0.027643,-0.081738,0.299594
-0.029380,-0.082511,0.298202
-0.029607,-0.081374,0.299055
-0.030429,-0.082240,0.300054
-0.034053,-0.082129,0.299923
-0.035236,-0.081390,0.298799
-0.036030,-0.081177,0.298028
-0.036824,-0.081938,0.299747
-0.037509,-0.082800,0.299544
-0.037833,-0.082527,0.299185
-0.038856,-0.081367,0.299848
-0.039682,-0.080150,0.299068
-0.041716,-0.080945,0.300442
-0.040983,-0.080445,0.299565
-0.044080,-0.080175,0.301729
-0.045673,-0.081045,0.299829
-0.045239,-0.080948,0.300714
-0.046434,-0.080600,0.301583
-0.049031,-0.079956,0.300167
-0.049388,-0.080453,0.299979
-0.050461,-0.080176,0.300066
-0.053526,-0.079710,0.301780
-0.052736,-0.079889,0.301363
-0.054716,-0.078437,0.300883
-0.056603,-0.079400,0.301398
-0.057116,-0.078807,0.300690
-0.057099,-0.078592,0.301313
-0.058008,-0.078462,0.302418
-0.058941,-0.077886,0.300452
-0.061003,-0.077540,0.302652
-0.061970,-0.079662,0.301882
-0.062307,-0.078497,0.300788
-0.064573,-0.079404,0.301511
-0.063775,-0.079769,0.300876
-0.066753,-0.079724,0.301542
-0.067143,-0.078397,0.300413
-0.067401,-0.078663,0.302547
-0.068647,-0.079216,0.300766
-0.069184,-0.079917,0.301144
-0.072918,-0.079755,0.301003
-0.073984,-0.078037,0.301984
-0.073671,-0.079383,0.302568
-0.076776,-0.080475,0.301009
-0.075123,-0.079542,0.303429
-0.078264,-0.080152,0.300975
-0.078221,-0.079682,0.301882
-0.080995,-0.080668,0.300733
-0.081625,-0.080379,0.303182
-0.081131,-0.081233,0.300109
-0.083655,-0.081374,0.299951
-0.083354,-0.081069,0.301587
-0.084860,-0.082212,0.301560
-0.086729,-0.082726,0.298699
-0.087240,-0.083765,0.299213
-0.088201,-0.082094,0.298540
-0.089312,-0.082726,0.298884
-0.093200,-0.080092,0.298948
-0.091882,-0.084586,0.297976
-0.093810,-0.084203,0.298483
-0.094826,-0.084744,0.298271
-0.094557,-0.084466,0.296536
-0.097430,-0.086833,0.296481
-0.097967,-0.086140,0.294422
-0.099396,-0.087334,0.296431
-0.100082,-0.089014,0.295193
-0.100699,-0.089275,0.293788
-0.102110,-0.089443,0.293527
-0.104066,-0.091893,0.293735
-0.104359,-0.090881,0.292950
-0.105141,-0.091465,0.293763
-0.108380,-0.091566,0.293487
-0.109219,-0.095158,0.291129
-0.108318,-0.096892,0.291350
-0.109910,-0.095782,0.290206
-0.113044,-0.096927,0.289062
-0.111717,-0.098198,0.288628
-0.112965,-0.099327,0.287220
-0.113754,-0.099896,0.285897
-0.117870,-0.100149,0.287268
-0.117905,-0.099868,0.285547
-0.120435,-0.101702,0.285821
-0.118625,-0.104487,0.284747
-0.119935,-0.103545,0.284216
-0.119615,-0.106586,0.282930
-0.124099,-0.106658,0.282946
-0.123510,-0.108781,0.282387
-0.124373,-0.108076,0.281109
-0.127839,-0.109838,0.280546
-0.128214,-0.110659,0.280904
-0.129959,-0.111674,0.279127
-0.127162,-0.113984,0.279803
-0.133492,-0.114814,0.276021
-0.131498,-0.115046,0.276935
-0.132859,-0.116292,0.274699
-0.135815,-0.117043,0.274470
-0.137256,-0.117729,0.273296
-0.135374,-0.118994,0.270927
-0.139614,-0.121845,0.271801
-0.140712,-0.120202,0.270074
-0.137576,-0.125394,0.269314
-0.141301,-0.122928,0.270116
-0.143258,-0.124957,0.268931
-0.144036,-0.127474,0.269235
-0.145637,-0.128140,0.266984
-0.145636,-0.130960,0.267458
-0.145943,-0.129478,0.266092
-0.146973,-0.130910,0.265988
-0.151707,-0.132120,0.265487
-0.152160,-0.132513,0.264311
-0.153740,-0.135128,0.262931
-0.150928,-0.134222,0.262165
-0.154892,-0.136406,0.261457
-0.155499,-0.135886,0.261139
-0.156399,-0.139106,0.259008
-0.157519,-0.138119,0.260344
-0.159355,-0.140384,0.257312
-0.159955,-0.140172,0.257391
-0.161132,-0.141947,0.257047
-0.163525,-0.142315,0.256227
-0.162939,-0.144002,0.256760
-0.165681,-0.144828,0.254800
-0.164234,-0.145568,0.256800
-0.168910,-0.147410,0.254254
-0.170093,-0.145669,0.253345
-0.169792,-0.147657,0.251527
-0.171382,-0.147332,0.251263
-0.172510,-0.150955,0.253080
-0.172094,-0.149161,0.251440
-0.175970,-0.150743,0.250488
-0.175925,-0.151400,0.251242
-0.176404,-0.152461,0.250426
-0.178541,-0.153980,0.249120
-0.181549,-0.156650,0.247022
-0.181068,-0.155561,0.247940
-0.180809,-0.156203,0.245762
-0.184996,-0.155526,0.246834
-0.184084,-0.157260,0.244582
-0.185558,-0.156853,0.243714
-0.187618,-0.161144,0.244715
-0.187355,-0.160222,0.244409
-0.189624,-0.161235,0.243099
-0.189752,-0.162444,0.243571
-0.193822,-0.163766,0.243136
-0.194773,-0.165135,0.240195
-0.193135,-0.162905,0.240844
-0.196735,-0.168687,0.238436
-0.196743,-0.165811,0.239456
-0.196985,-0.167934,0.238355
-0.198144,-0.167727,0.237369
-0.201057,-0.169625,0.238172
-0.201595,-0.168978,0.236920
-0.202672,-0.170818,0.237248
-0.204390,-0.170202,0.236794
-0.203915,-0.171178,0.235735
-0.207259,-0.169884,0.234381
-0.206253,-0.170438,0.235458
-0.210146,-0.172821,0.235860
-0.211014,-0.173612,0.236589
-0.211809,-0.172443,0.234259
-0.214475,-0.176450,0.233878
-0.214003,-0.175953,0.231108
-0.213369,-0.178083,0.231809
-0.216776,-0.179661,0.229976
-0.218529,-0.180355,0.228570
-0.217814,-0.180634,0.229285
-0.220487,-0.182671,0.227988
-0.221792,-0.183554,0.228964
-0.223442,-0.184291,0.225946
-0.224849,-0.187221,0.226074
-0.225929,-0.185362,0.225855
-0.227731,-0.187668,0.225678
-0.229681,-0.190262,0.222661
-0.227692,-0.191947,0.221704
-0.230614,-0.191503,0.220016
-0.232239,-0.193899,0.219359
-0.232064,-0.193571,0.219265
-0.234789,-0.199806,0.217250
-0.235429,-0.196592,0.218115
-0.236860,-0.197036,0.216580
-0.237356,-0.197207,0.213934
-0.239131,-0.199892,0.214631
-0.240979,-0.201915,0.215947
-0.242694,-0.202224,0.215066
-0.243341,-0.204816,0.213413
-0.245296,-0.204770,0.211222
-0.245798,-0.208430,0.210658
-0.247832,-0.208087,0.209406
-0.249190,-0.211861,0.208540
-0.249588,-0.213900,0.208000
-0.250328,-0.213184,0.205989
-0.252570,-0.216597,0.205660
-0.254684,-0.218159,0.204246
-0.256282,-0.218818,0.202262
-0.256447,-0.217886,0.202079
-0.257356,-0.220364,0.200095
-0.257521,-0.221050,0.198910
-0.260640,-0.222945,0.198569
-0.261377,-0.226355,0.198990
-0.262434,-0.225525,0.198730
-0.263833,-0.229042,0.198074
-0.267845,-0.230200,0.196744
-0.267563,-0.229057,0.196946
-0.267876,-0.230862,0.193080
-0.271038,-0.233447,0.192285
-0.271225,-0.233335,0.191067
-0.271533,-0.235962,0.190279
-0.274892,-0.237935,0.187455
-0.275494,-0.239000,0.187966
-0.276924,-0.240693,0.187648
-0.279511,-0.245371,0.185614
-0.278171,-0.244730,0.185131
-0.280525,-0.245297,0.182282
-0.281034,-0.248298,0.181827
-0.282026,-0.249587,0.182027
-0.284180,-0.249054,0.180951
-0.284635,-0.253353,0.177970
-0.287847,-0.254470,0.178310
-0.288194,-0.255663,0.176594
-0.290780,-0.255709,0.177349
-0.292152,-0.257735,0.175744
-0.292421,-0.261853,0.171418
-0.292789,-0.262730,0.171250
-0.295792,-0.265051,0.170250
-0.296936,-0.264524,0.169120
-0.299862,-0.268023,0.168457
-0.299260,-0.267532,0.167107
-0.300436,-0.268919,0.167634
-0.301670,-0.271128,0.164720
-0.305650,-0.274855,0.163411
-0.305638,-0.276040,0.162250
-0.306694,-0.277938,0.161700
-0.307388,-0.279660,0.158915
-0.309778,-0.283168,0.157341
-0.312330,-0.283573,0.155953
-0.312851,-0.286554,0.155370
-0.315063,-0.288854,0.152888
-0.316221,-0.291252,0.150217
-0.315728,-0.293167,0.148188
-0.318524,-0.297343,0.146117
-0.322767,-0.298964,0.144747
0.014691,-0.223665,0.201334
0.013381,-0.217152,0.207013
0.009644,-0.211021,0.209552
0.009664,-0.205804,0.213781
0.006787,-0.199705,0.216020
0.003941,-0.198260,0.220179
0.005248,-0.193836,0.221952
0.000626,-0.191493,0.223912
0.000442,-0.185558,0.229268
0.000299,-0.183738,0.228000
-0.001544,-0.180951,0.231920
-0.004731,-0.178300,0.232862
-0.004468,-0.175124,0.235726
-0.005141,-0.172825,0.236001
-0.006550,-0.170003,0.238355
-0.010399,-0.107897,0.281353
-0.010945,-0.105069,0.286996
-0.011011,-0.100909,0.286045
-0.013373,-0.099573,0.289571
-0.016765,-0.096228,0.289945
-0.016795,-0.094299,0.292010
-0.019349,-0.092993,0.293873
-0.018879,-0.091370,0.294264
-0.019419,-0.090251,0.294875
-0.020084,-0.092048,0.294935
-0.021286,-0.091816,0.294967
-0.023956,-0.091278,0.297102
-0.024745,-0.087413,0.295783
-0.025031,-0.088522,0.297197
-0.027204,-0.090069,0.298802
-0.029701,-0.086697,0.297169
-0.029771,-0.087080,0.297298
-0.029843,-0.087045,0.298334
-0.030390,-0.086805,0.298084
-0.032334,-0.082552,0.298796
-0.031858,-0.084754,0.297823
-0.034415,-0.086953,0.300075
-0.036619,-0.086037,0.298279
-0.038130,-0.086515,0.299051
-0.038614,-0.085811,0.297972
-0.038506,-0.084785,0.296370
-0.040234,-0.083059,0.299403
-0.042649,-0.085262,0.299301
-0.041486,-0.085458,0.298737
-0.044023,-0.081722,0.300250
-0.044075,-0.084081,0.299288
-0.047098,-0.085675,0.299822
-0.046955,-0.082864,0.299138
-0.048725,-0.085310,0.298781
-0.049555,-0.083603,0.300730
-0.052119,-0.083086,0.299737
-0.051342,-0.083716,0.297676
-0.053325,-0.084358,0.299670
-0.052922,-0.082647,0.301034
-0.054917,-0.084228,0.301080
-0.054991,-0.082686,0.301367
-0.055434,-0.083876,0.300923
-0.057680,-0.081824,0.301306
-0.058463,-0.082842,0.301349
-0.059513,-0.083488,0.300088
-0.063356,-0.084207,0.300357
-0.061285,-0.084870,0.301238
-0.062898,-0.082781,0.300936
-0.065733,-0.082984,0.300227
-0.066472,-0.083299,0.300293
-0.067187,-0.082847,0.300266
-0.070663,-0.083577,0.301195
-0.068381,-0.081351,0.300827
-0.069109,-0.083686,0.300218
-0.070003,-0.082514,0.300811
-0.071256,-0.081855,0.299594
-0.074928,-0.083366,0.299796
-0.074285,-0.083688,0.299685
-0.077443,-0.081635,0.301413
-0.077714,-0.083169,0.297657
-0.078577,-0.083531,0.300062
-0.078127,-0.083233,0.299375
-0.079904,-0.085280,0.299529
-0.082584,-0.084421,0.297974
-0.083395,-0.084427,0.299981
-0.084335,-0.085000,0.299772
-0.085951,-0.084178,0.298244
-0.086902,-0.085140,0.299607
-0.087436,-0.087466,0.296941
-0.087320,-0.086817,0.298635
-0.092836,-0.085318,0.299240
-0.092362,-0.086471,0.297967
-0.092050,-0.086345,0.295699
-0.093713,-0.085965,0.297412
-0.094688,-0.088571,0.296102
-0.094831,-0.088702,0.296369
-0.095162,-0.092049,0.293460
-0.097773,-0.091678,0.294320
-0.098737,-0.090437,0.293352
-0.099741,-0.092765,0.295077
-0.100447,-0.092597,0.294685
-0.102429,-0.092534,0.293128
-0.102146,-0.094643,0.292401
-0.104659,-0.091679,0.293716
-0.106055,-0.097289,0.289792
-0.106380,-0.097133,0.291841
-0.108438,-0.098830,0.288412
-0.108976,-0.096682,0.291882
-0.110656,-0.097083,0.290477
-0.111544,-0.101157,0.290197
-0.111969,-0.099973,0.287847
-0.113429,-0.103174,0.287911
-0.114346,-0.104314,0.285709
-0.116234,-0.105025,0.286779
-0.117994,-0.104074,0.286064
-0.117108,-0.105567,0.286491
-0.118543,-0.106119,0.284133
-0.120599,-0.107727,0.282791
-0.124438,-0.107057,0.282985
-0.122987,-0.112097,0.281562
-0.122884,-0.110055,0.279775
-0.126385,-0.112315,0.279514
-0.125940,-0.110881,0.279036
-0.127168,-0.111883,0.278042
-0.128313,-0.115336,0.276598
-0.130575,-0.116329,0.278075
-0.130646,-0.118792,0.277053
-0.132731,-0.117652,0.276612
-0.133188,-0.119022,0.274067
-0.134285,-0.119807,0.273720
-0.135295,-0.122124,0.273052
-0.136740,-0.122878,0.272777
-0.138414,-0.122768,0.270598
-0.139148,-0.123822,0.271541
-0.140763,-0.124997,0.270611
-0.140039,-0.127622,0.269935
-0.143303,-0.128016,0.267729
-0.143934,-0.130950,0.267641
-0.144460,-0.130756,0.266036
-0.144228,-0.132861,0.266538
-0.147366,-0.131713,0.264351
-0.148923,-0.131799,0.264418
-0.149121,-0.135682,0.264880
-0.151917,-0.136098,0.264173
-0.151699,-0.134596,0.262556
-0.153982,-0.138538,0.260842
-0.152500,-0.138056,0.261238
-0.155837,-0.138283,0.260227
-0.155913,-0.141021,0.260134
-0.159438,-0.141665,0.260916
-0.159087,-0.142927,0.258399
-0.161186,-0.143392,0.256456
-0.162286,-0.144982,0.258446
-0.162736,-0.144849,0.258044
-0.165211,-0.146276,0.256667
-0.166819,-0.146778,0.254215
-0.166374,-0.148566,0.254633
-0.167933,-0.150167,0.252574
-0.168796,-0.150251,0.250795
-0.168647,-0.152152,0.252791
-0.171765,-0.153243,0.251250
-0.171384,-0.152496,0.252024
-0.173270,-0.153686,0.250369
-0.173910,-0.154424,0.250330
-0.174444,-0.156836,0.249754
-0.177919,-0.157260,0.249425
-0.178245,-0.156705,0.247095
-0.178231,-0.157583,0.247318
-0.183315,-0.157898,0.247012
-0.181733,-0.161020,0.246822
-0.183299,-0.159321,0.245605
-0.183931,-0.161256,0.244523
-0.184183,-0.161664,0.244850
-0.187639,-0.163881,0.243751
-0.189656,-0.162967,0.241837
-0.188955,-0.163228,0.243852
-0.191394,-0.165654,0.243114
-0.192306,-0.164766,0.240951
-0.191649,-0.167603,0.240424
-0.194286,-0.167278,0.238254
-0.195168,-0.172238,0.238800
-0.197179,-0.168975,0.239351
-0.197953,-0.169941,0.237181
-0.198877,-0.171602,0.237352
-0.199056,-0.171947,0.238991
-0.200955,-0.170790,0.237622
-0.203225,-0.173129,0.237114
-0.204249,-0.173378,0.236048
-0.206320,-0.172992,0.236339
-0.208038,-0.173375,0.237693
-0.206515,-0.175344,0.234388
-0.209637,-0.177116,0.237682
-0.209163,-0.175149,0.235261
-0.211989,-0.177553,0.232571
-0.214221,-0.177641,0.232806
-0.214309,-0.177567,0.233495
-0.216259,-0.180049,0.231979
-0.216137,-0.182654,0.229940
-0.218293,-0.182937,0.228446
-0.220131,-0.181979,0.230561
-0.221820,-0.184135,0.227638
-0.220770,-0.184590,0.226899
-0.222550,-0.187634,0.225893
-0.223700,-0.188694,0.225045
-0.224464,-0.188427,0.225169
-0.227277,-0.191939,0.223668
-0.227819,-0.192095,0.223574
-0.229533,-0.194244,0.221275
-0.230823,-0.192500,0.221477
-0.231569,-0.195514,0.219667
-0.231718,-0.198224,0.216436
-0.234990,-0.197211,0.217185
-0.234869,-0.200420,0.217468
-0.237508,-0.201053,0.214977
-0.240474,-0.202937,0.214929
-0.238899,-0.203718,0.214326
-0.241480,-0.203564,0.214777
-0.241855,-0.206540,0.215078
-0.244428,-0.206588,0.213743
-0.247327,-0.210034,0.212739
-0.248464,-0.210382,0.211752
-0.247002,-0.211663,0.209625
-0.247627,-0.214399,0.207807
-0.252407,-0.215005,0.208312
-0.251702,-0.217609,0.206224
-0.253654,-0.216755,0.204209
-0.253697,-0.219403,0.202273
-0.254319,-0.219359,0.205011
-0.256202,-0.221820,0.202824
-0.258532,-0.222335,0.201344
-0.259908,-0.223957,0.200912
-0.263100,-0.225669,0.197896
-0.261116,-0.228451,0.198868
-0.264886,-0.225930,0.196691
-0.264906,-0.229941,0.197114
-0.266750,-0.230085,0.193850
-0.267406,-0.230442,0.195289
-0.269573,-0.234739,0.194372
-0.268990,-0.234459,0.193252
-0.270458,-0.236581,0.192394
-0.273368,-0.236867,0.191356
-0.271816,-0.240961,0.190082
-0.275480,-0.239452,0.187779
-0.275736,-0.243769,0.186523
-0.279437,-0.241466,0.188565
-0.279388,-0.246155,0.184115
-0.279944,-0.247417,0.185210
-0.281797,-0.248871,0.183848
-0.282125,-0.250148,0.182015
-0.286792,-0.252047,0.182173
-0.286156,-0.254112,0.179135
-0.287195,-0.253927,0.177876
-0.288527,-0.256395,0.176590
-0.289826,-0.258193,0.175752
-0.292585,-0.260206,0.177436
-0.291147,-0.261383,0.174363
-0.295255,-0.264885,0.172866
-0.296602,-0.263176,0.173230
-0.297474,-0.267105,0.171036
-0.296539,-0.269520,0.168995
-0.300536,-0.270736,0.168092
-0.300851,-0.271205,0.167468
-0.301561,-0.272808,0.166093
-0.304790,-0.274928,0.166135
-0.306074,-0.276108,0.163216
-0.308830,-0.279771,0.160430
-0.308913,-0.280578,0.161253
-0.308884,-0.282980,0.159131
-0.312839,-0.285784,0.154725
-0.312012,-0.288830,0.156867
-0.317251,-0.289100,0.153600
-0.316851,-0.291863,0.150905
-0.318736,-0.295804,0.149983
-0.318433,-0.299190,0.146851
-0.323863,-0.301877,0.146731
0.011426,-0.224649,0.202229
0.009072,-0.218965,0.206650
0.009543,-0.211496,0.212372
0.006560,-0.205257,0.213375
0.004148,-0.203063,0.217992
0.003758,-0.199542,0.218026
0.003391,-0.196851,0.222085
0.001697,-0.192404,0.223166
-0.000821,-0.189646,0.226612
0.000099,-0.185654,0.229799
-0.002166,-0.182550,0.229691
-0.002089,-0.180925,0.231841
-0.005649,-0.179540,0.235741
-0.005719,-0.176430,0.235280
-0.008249,-0.172623,0.240632
-0.010103,-0.170538,0.240150
-0.009544,-0.163024,0.243894
-0.014533,-0.115344,0.280524
-0.014011,-0.109341,0.283529
-0.015411,-0.105031,0.288030
-0.018605,-0.101781,0.290788
-0.015953,-0.098279,0.289549
-0.020718,-0.097955,0.290634
-0.020601,-0.097473,0.291982
-0.022924,-0.096954,0.292738
-0.022208,-0.096369,0.294333
-0.024233,-0.094849,0.293244
-0.026231,-0.094313,0.294185
-0.025170,-0.091674,0.295878
-0.028522,-0.092411,0.295625
-0.029722,-0.090266,0.297650
-0.030215,-0.090815,0.295521
-0.031163,-0.090568,0.295583
-0.032781,-0.092298,0.296708
-0.033176,-0.089762,0.297068
-0.037443,-0.091094,0.294922
-0.035614,-0.089694,0.298399
-0.034523,-0.090342,0.296707
-0.036516,-0.086850,0.296319
-0.040221,-0.090526,0.297357
-0.040282,-0.088054,0.298193
-0.041862,-0.089391,0.297170
-0.043707,-0.088540,0.297685
-0.043840,-0.087871,0.297022
-0.044699,-0.086367,0.297371
-0.046963,-0.088292,0.297489
-0.047308,-0.088436,0.296178
-0.046843,-0.087565,0.298357
-0.050033,-0.086051,0.300067
-0.050377,-0.087170,0.300651
-0.050885,-0.087590,0.298753
-0.052165,-0.087290,0.299389
-0.054898,-0.084934,0.300587
-0.056107,-0.087900,0.298857
-0.056456,-0.086924,0.298265
-0.057658,-0.087812,0.301081
-0.057798,-0.085819,0.298408
-0.059973,-0.085446,0.300414
-0.059176,-0.085418,0.300637
-0.060687,-0.086856,0.300234
-0.064765,-0.086497,0.299551
-0.065035,-0.088280,0.301363
-0.066573,-0.087421,0.301099
-0.064171,-0.088524,0.298472
-0.068302,-0.087359,0.299825
-0.069154,-0.085902,0.299247
-0.070921,-0.086071,0.299674
-0.070802,-0.087180,0.299727
-0.071638,-0.088791,0.300622
-0.072342,-0.086029,0.299881
-0.073193,-0.086465,0.299265
-0.076681,-0.087239,0.297227
-0.075974,-0.087069,0.299469
-0.077901,-0.088107,0.297849
-0.078826,-0.088693,0.298322
-0.080168,-0.086592,0.300423
-0.082517,-0.087867,0.297948
-0.083781,-0.086537,0.297606
-0.084211,-0.087370,0.297645
-0.084574,-0.087256,0.296315
-0.084369,-0.090595,0.297379
-0.086221,-0.088396,0.297243
-0.087488,-0.089349,0.297157
-0.087937,-0.090767,0.297144
-0.090212,-0.090300,0.296783
-0.089525,-0.090337,0.297747
-0.091296,-0.091510,0.295794
-0.093601,-0.092045,0.296741
-0.095439,-0.092121,0.294692
-0.095611,-0.092682,0.295442
-0.097796,-0.092936,0.294871
-0.097548,-0.094880,0.293213
-0.099144,-0.095434,0.292643
-0.101282,-0.097014,0.294716
-0.102126,-0.095017,0.291558
-0.103000,-0.096646,0.294075
-0.101935,-0.097413,0.291837
-0.102991,-0.097690,0.290408
-0.106002,-0.098502,0.289766
-0.105155,-0.098609,0.289487
-0.108255,-0.099793,0.288671
-0.110056,-0.102696,0.288918
-0.110941,-0.100281,0.288660
-0.110016,-0.103337,0.287915
-0.112915,-0.105269,0.287533
-0.114249,-0.105485,0.285691
-0.115861,-0.107261,0.285207
-0.115511,-0.108428,0.284298
-0.118732,-0.109288,0.285458
-0.118651,-0.107570,0.283673
-0.120470,-0.110484,0.283118
-0.119324,-0.109806,0.282380
-0.121641,-0.111862,0.281990
-0.121061,-0.112487,0.280560
-0.124114,-0.114408,0.280998
-0.123205,-0.114775,0.280212
-0.128001,-0.114757,0.278571
-0.127133,-0.117708,0.277993
-0.129577,-0.118382,0.277029
-0.130024,-0.118112,0.276515
-0.131381,-0.119127,0.274601
-0.132394,-0.121029,0.274741
-0.133450,-0.120047,0.274151
-0.133324,-0.122106,0.275431
-0.135668,-0.122755,0.274430
-0.137370,-0.125697,0.272902
-0.139108,-0.127087,0.272409
-0.138522,-0.127669,0.272046
-0.141846,-0.131212,0.268742
-0.141581,-0.131345,0.268476
-0.142872,-0.130838,0.267425
-0.145392,-0.131575,0.266033
-0.146174,-0.132277,0.266186
-0.146151,-0.133923,0.266113
-0.148064,-0.135673,0.264903
-0.149834,-0.134732,0.264703
-0.149525,-0.136648,0.266476
-0.150863,-0.139051,0.262985
-0.152795,-0.138832,0.261971
-0.153793,-0.139959,0.261044
-0.155303,-0.140615,0.260028
-0.156016,-0.143602,0.260882
-0.158214,-0.141857,0.259589
-0.158982,-0.142890,0.257540
-0.158042,-0.146048,0.258683
-0.160074,-0.145482,0.258417
-0.159317,-0.146059,0.257278
-0.162292,-0.148410,0.256635
-0.163518,-0.148031,0.255722
-0.167002,-0.150487,0.253407
-0.166034,-0.150971,0.254227
-0.168923,-0.151795,0.253135
-0.171237,-0.152178,0.251628
-0.169263,-0.153812,0.251340
-0.171216,-0.153350,0.250915
-0.171598,-0.154054,0.252488
-0.175471,-0.155802,0.248563
-0.176228,-0.156303,0.250415
-0.176101,-0.156941,0.249518
-0.179880,-0.159247,0.250216
-0.176655,-0.162089,0.247478
-0.180237,-0.159421,0.247318
-0.181627,-0.161185,0.245888
-0.183248,-0.162949,0.246555
-0.184964,-0.160753,0.246260
-0.184124,-0.164887,0.245108
-0.185995,-0.166360,0.246100
-0.187541,-0.165755,0.242994
-0.189083,-0.166099,0.242750
-0.192271,-0.167548,0.243923
-0.191330,-0.167913,0.241351
-0.192717,-0.167264,0.240592
-0.194970,-0.170569,0.241488
-0.196355,-0.171106,0.241626
-0.195600,-0.170315,0.238829
-0.196505,-0.172840,0.240154
-0.196614,-0.171264,0.237460
-0.200172,-0.173824,0.238967
-0.201564,-0.175092,0.240320
-0.201211,-0.176101,0.237482
-0.202823,-0.175322,0.237491
-0.202448,-0.177251,0.237022
-0.206396,-0.176808,0.236246
-0.205844,-0.177881,0.234679
-0.208450,-0.176476,0.235217
-0.210356,-0.176670,0.235465
-0.211453,-0.176874,0.233129
-0.212000,-0.180074,0.232374
-0.211946,-0.181592,0.233431
-0.213743,-0.177999,0.230509
-0.214161,-0.183143,0.232637
-0.216490,-0.184821,0.231802
-0.218097,-0.185793,0.230636
-0.219593,-0.186397,0.227946
-0.220625,-0.188963,0.227390
-0.221445,-0.189104,0.227225
-0.224000,-0.190761,0.226549
-0.225017,-0.191497,0.225000
-0.226561,-0.193170,0.224743
-0.229089,-0.195868,0.223293
-0.227464,-0.195334,0.222566
-0.230445,-0.196964,0.222699
-0.230816,-0.198287,0.222151
-0.232066,-0.197965,0.219137
-0.233437,-0.202762,0.215902
-0.234567,-0.201840,0.218554
-0.235616,-0.203586,0.218093
-0.236814,-0.205437,0.218905
-0.238946,-0.206227,0.217588
-0.238833,-0.206185,0.214753
-0.239515,-0.206642,0.215187
-0.242716,-0.208075,0.212422
-0.240932,-0.209512,0.213079
-0.245866,-0.211685,0.210804
-0.245419,-0.211320,0.210138
-0.248848,-0.212206,0.209212
-0.248476,-0.215393,0.207043
-0.250272,-0.216223,0.208453
-0.250738,-0.218170,0.207361
-0.251807,-0.219596,0.207597
-0.253041,-0.220337,0.204271
-0.255734,-0.223077,0.201069
-0.255687,-0.224389,0.203232
-0.256542,-0.226344,0.203478
-0.259646,-0.227036,0.201535
-0.261125,-0.228341,0.199803
-0.261854,-0.229658,0.198497
-0.262972,-0.231653,0.197739
-0.265089,-0.231039,0.196217
-0.265786,-0.230411,0.195049
-0.265166,-0.234945,0.196245
-0.269282,-0.236557,0.193998
-0.270404,-0.236702,0.194000
-0.271903,-0.237912,0.192332
-0.274388,-0.239346,0.192648
-0.274377,-0.240861,0.189339
-0.275035,-0.243202,0.190884
-0.276744,-0.244500,0.188281
-0.278971,-0.245254,0.188318
-0.279256,-0.247346,0.186744
-0.281016,-0.249004,0.184844
-0.283430,-0.248873,0.181760
-0.282501,-0.251934,0.181169
-0.284671,-0.252284,0.181653
-0.286116,-0.255285,0.182448
-0.287583,-0.257127,0.178222
-0.287437,-0.259640,0.178379
-0.289810,-0.259881,0.175362
-0.293591,-0.261908,0.174455
-0.291846,-0.264226,0.174565
-0.294727,-0.263032,0.174040
-0.297065,-0.267004,0.173022
-0.295578,-0.269491,0.170651
-0.297434,-0.268723,0.170879
-0.299002,-0.271240,0.168083
-0.301646,-0.272332,0.167807
-0.302886,-0.275286,0.167057
-0.306109,-0.275706,0.164768
-0.306584,-0.277653,0.162245
-0.307882,-0.281465,0.162922
-0.308516,-0.282536,0.160304
-0.309920,-0.283885,0.159859
-0.312411,-0.287613,0.157295
-0.314190,-0.289753,0.154754
-0.314834,-0.290242,0.154406
-0.315903,-0.296027,0.152457
-0.317799,-0.295635,0.151009
-0.320259,-0.300511,0.150323
-0.320494,-0.302363,0.143359
0.010795,-0.227029,0.201820
0.008355,-0.222221,0.205157
0.007513,-0.213685,0.212691
0.005078,-0.207226,0.216323
0.004388,-0.203703,0.216443
0.001895,-0.202058,0.221212
0.001180,-0.199797,0.221200
0.002321,-0.195763,0.223880
0.000500,-0.191982,0.226612
-0.001481,-0.189009,0.226403
-0.004104,-0.188430,0.228890
-0.005023,-0.185144,0.233688
-0.006046,-0.183100,0.234486
-0.008417,-0.179201,0.236179
-0.008700,-0.176617,0.236414
-0.009885,-0.173410,0.238246
-0.012487,-0.173711,0.240474
-0.013724,-0.164313,0.247702
-0.013767,-0.138841,0.263526
-0.017019,-0.121478,0.276631
-0.019215,-0.111054,0.284423
-0.020802,-0.107231,0.285422
-0.019473,-0.104566,0.289088
-0.021179,-0.102230,0.288417
-0.023114,-0.100364,0.290280
-0.024512,-0.101125,0.292129
-0.025122,-0.099158,0.291229
-0.027809,-0.099539,0.291850
-0.028945,-0.099246,0.292613
-0.029156,-0.097155,0.293731
-0.029696,-0.097642,0.293229
-0.030331,-0.096279,0.294784
-0.031526,-0.094830,0.295559
-0.032001,-0.095604,0.293804
-0.035154,-0.094315,0.295130
-0.036017,-0.094757,0.295024
-0.037065,-0.093845,0.296029
-0.038701,-0.094663,0.297910
-0.039637,-0.097031,0.296280
-0.038424,-0.093303,0.296628
-0.041845,-0.092592,0.295459
-0.042389,-0.093116,0.295277
-0.044210,-0.091093,0.295531
-0.046486,-0.090715,0.298680
-0.044428,-0.089424,0.296740
-0.048846,-0.092356,0.298758
-0.047186,-0.091032,0.299198
-0.049812,-0.090519,0.298055
-0.050215,-0.090873,0.296729
-0.051539,-0.090896,0.297514
-0.051987,-0.090911,0.298126
-0.054516,-0.090639,0.298760
-0.054653,-0.089540,0.297690
-0.056055,-0.089043,0.297549
-0.058027,-0.088973,0.297857
-0.059238,-0.089232,0.297779
-0.060037,-0.089869,0.298874
-0.060293,-0.089693,0.299322
-0.061002,-0.090395,0.297528
-0.062366,-0.092286,0.299373
-0.065135,-0.088128,0.299698
-0.064725,-0.089844,0.298865
-0.067365,-0.091232,0.297524
-0.065934,-0.091180,0.297989
-0.067419,-0.089229,0.297594
-0.067992,-0.088192,0.299086
-0.069602,-0.090271,0.297348
-0.070853,-0.090861,0.301092
-0.070738,-0.090475,0.297622
-0.075222,-0.088832,0.300301
-0.075476,-0.089773,0.298845
-0.076899,-0.089268,0.298803
-0.077870,-0.090911,0.298279
-0.081174,-0.094054,0.299559
-0.079502,-0.092610,0.297297
-0.080317,-0.090824,0.298446
-0.083140,-0.090964,0.296384
-0.082961,-0.091656,0.296940
-0.083388,-0.092308,0.296770
-0.085055,-0.092470,0.296774
-0.087664,-0.092447,0.297455
-0.086403,-0.094662,0.298096
-0.088302,-0.095475,0.296582
-0.088847,-0.092810,0.294790
-0.092980,-0.093482,0.295741
-0.092001,-0.093952,0.292613
-0.091602,-0.096179,0.294567
-0.094392,-0.096266,0.294418
-0.095933,-0.096332,0.293016
-0.096168,-0.098283,0.292196
-0.097950,-0.096074,0.292396
-0.100231,-0.099487,0.290497
-0.098690,-0.097234,0.291946
-0.099871,-0.099819,0.291779
-0.103012,-0.100227,0.290751
-0.103283,-0.101060,0.289615
-0.105694,-0.101272,0.289553
-0.106306,-0.102172,0.288158
-0.108625,-0.102238,0.289135
-0.108971,-0.104645,0.290397
-0.109027,-0.105927,0.287075
-0.111469,-0.105296,0.285291
-0.110117,-0.105135,0.287379
-0.113009,-0.107203,0.285232
-0.113913,-0.108201,0.286458
-0.115862,-0.108439,0.284726
-0.117165,-0.111068,0.283967
-0.117588,-0.111103,0.284226
-0.118707,-0.112057,0.282244
-0.120259,-0.112866,0.280434
-0.120782,-0.113171,0.281299
-0.121819,-0.114283,0.280312
-0.123732,-0.117297,0.280900
-0.125306,-0.116387,0.280128
-0.125201,-0.119840,0.279504
-0.128590,-0.119421,0.279821
-0.129102,-0.121419,0.276378
-0.129380,-0.121060,0.278073
-0.130864,-0.123124,0.276294
-0.132543,-0.122853,0.274661
-0.131996,-0.123260,0.274397
-0.135812,-0.125270,0.273057
-0.133875,-0.126134,0.274448
-0.134591,-0.127002,0.271066
-0.136956,-0.128303,0.272091
-0.139643,-0.127634,0.270765
-0.139359,-0.131380,0.271255
-0.139646,-0.131345,0.270901
-0.143136,-0.132614,0.269802
-0.143386,-0.133991,0.269109
-0.142489,-0.133892,0.267179
-0.146416,-0.135474,0.265746
-0.147263,-0.136650,0.264572
-0.147720,-0.137623,0.263176
-0.146700,-0.138151,0.263124
-0.149886,-0.139517,0.261635
-0.149914,-0.139428,0.264448
-0.151962,-0.141334,0.260683
-0.154240,-0.142972,0.260538
-0.156184,-0.145414,0.260738
-0.154787,-0.143850,0.261221
-0.158131,-0.145598,0.259025
-0.157370,-0.147644,0.259242
-0.158921,-0.147061,0.258493
-0.161382,-0.147422,0.258177
-0.162240,-0.148402,0.255966
-0.164600,-0.148525,0.253749
-0.162764,-0.151758,0.256642
-0.165175,-0.151929,0.255436
-0.165420,-0.155777,0.253095
-0.167067,-0.154400,0.252114
-0.165924,-0.154286,0.251474
-0.171051,-0.156987,0.251418
-0.172100,-0.158759,0.252794
-0.174326,-0.158334,0.250512
-0.173269,-0.158272,0.248920
-0.175107,-0.162555,0.250218
-0.175718,-0.161122,0.247863
-0.175601,-0.162436,0.248517
-0.179011,-0.163008,0.248465
-0.179303,-0.162849,0.244811
-0.181905,-0.165504,0.245507
-0.182361,-0.166361,0.245411
-0.184142,-0.165251,0.246366
-0.186157,-0.166432,0.243145
-0.185750,-0.168446,0.245054
-0.186858,-0.168068,0.243587
-0.190257,-0.170015,0.242192
-0.188301,-0.170774,0.240399
-0.191218,-0.173095,0.240435
-0.192981,-0.172710,0.239795
-0.194338,-0.173870,0.240121
-0.195750,-0.171766,0.240482
-0.195295,-0.172091,0.239662
-0.197016,-0.173291,0.237759
-0.198163,-0.175758,0.238051
-0.200938,-0.176415,0.238406
-0.201405,-0.176187,0.237881
-0.202575,-0.177972,0.235309
-0.202755,-0.176558,0.237032
-0.204558,-0.176849,0.234534
-0.205125,-0.179196,0.237058
-0.206364,-0.181551,0.234445
-0.209761,-0.182809,0.235833
-0.208880,-0.181438,0.232530
-0.209526,-0.180827,0.234749
-0.212054,-0.184041,0.232785
-0.213937,-0.182573,0.231982
-0.214062,-0.183313,0.230562
-0.215195,-0.184025,0.231949
-0.216942,-0.187793,0.231330
-0.216465,-0.187554,0.229022
-0.218549,-0.190071,0.228820
-0.219146,-0.190235,0.226767
-0.223792,-0.191931,0.226692
-0.221699,-0.191620,0.224036
-0.226539,-0.194536,0.227025
-0.226034,-0.194736,0.224949
-0.226329,-0.194819,0.223751
-0.228150,-0.196716,0.221664
-0.229661,-0.199530,0.221236
-0.232227,-0.201153,0.218990
-0.231490,-0.202117,0.218394
-0.234002,-0.204562,0.216630
-0.234278,-0.204296,0.218472
-0.235644,-0.204808,0.217779
-0.236847,-0.206586,0.214658
-0.239204,-0.208606,0.215230
-0.239568,-0.208695,0.215125
-0.241207,-0.208981,0.212768
-0.242105,-0.213174,0.213965
-0.242048,-0.211746,0.213289
-0.241969,-0.211748,0.212046
-0.245506,-0.213340,0.211532
-0.247619,-0.217306,0.210475
-0.248227,-0.215888,0.210451
-0.251557,-0.218577,0.206286
-0.251412,-0.220621,0.208301
-0.252761,-0.220357,0.206813
-0.253879,-0.222992,0.205787
-0.255403,-0.224030,0.202587
-0.256007,-0.224095,0.204369
-0.256906,-0.228114,0.201459
-0.259334,-0.228670,0.199329
-0.260669,-0.228262,0.201017
-0.262625,-0.231375,0.199371
-0.263645,-0.232892,0.199069
-0.263500,-0.233539,0.197617
-0.266475,-0.232075,0.196947
-0.266451,-0.236409,0.195369
-0.267986,-0.236695,0.194465
-0.268849,-0.239787,0.194807
-0.269933,-0.239002,0.192585
-0.273368,-0.239718,0.192094
-0.274094,-0.240278,0.191588
-0.276890,-0.244318,0.191869
-0.276680,-0.244987,0.188298
-0.276532,-0.247025,0.186016
-0.281423,-0.248918,0.187265
-0.282256,-0.250559,0.185575
-0.282109,-0.250893,0.184820
-0.283626,-0.253892,0.182548
-0.284471,-0.255527,0.180838
-0.284636,-0.256660,0.179885
-0.287805,-0.258124,0.177982
-0.290359,-0.262224,0.178206
-0.290375,-0.260661,0.176052
-0.291569,-0.263427,0.175815
-0.293117,-0.263480,0.176156
-0.295878,-0.264899,0.174537
-0.296975,-0.267529,0.173181
-0.296651,-0.270151,0.171892
-0.298515,-0.270947,0.169797
-0.301373,-0.273366,0.169039
-0.300660,-0.275072,0.167627
-0.302048,-0.277803,0.167484
-0.303263,-0.277585,0.165706
-0.306272,-0.279555,0.163986
-0.305388,-0.282154,0.164105
-0.310396,-0.283821,0.161805
-0.309796,-0.284961,0.162042
-0.312439,-0.287288,0.159166
-0.314250,-0.290890,0.158217
-0.315285,-0.293167,0.155253
-0.316965,-0.296152,0.153405
-0.318615,-0.297836,0.153397
-0.319521,-0.300454,0.148952
0.009990,-0.233110,0.197896
0.008692,-0.230815,0.201180
0.006360,-0.224911,0.203446
0.004799,-0.216957,0.210533
0.003439,-0.210859,0.217077
0.003522,-0.205866,0.217306
0.002647,-0.201851,0.220758
-0.000402,-0.201667,0.221222
-0.002143,-0.198910,0.223506
-0.002623,-0.195261,0.225610
-0.004274,-0.192746,0.228784
-0.005167,-0.190331,0.229354
-0.004358,-0.188736,0.231463
-0.009179,-0.185103,0.233249
-0.006803,-0.183575,0.233982
-0.010397,-0.180835,0.236385
-0.010973,-0.179093,0.238586
-0.010824,-0.176696,0.240188
-0.013265,-0.170434,0.240087
-0.016897,-0.161701,0.249636
-0.017728,-0.142837,0.261784
-0.018191,-0.126268,0.274658
-0.020544,-0.121406,0.277249
-0.021838,-0.118284,0.283417
-0.022533,-0.112551,0.285657
-0.024222,-0.109102,0.286680
-0.022445,-0.106215,0.285847
-0.026794,-0.105295,0.291174
-0.027670,-0.104482,0.289997
-0.027815,-0.104051,0.291293
-0.030982,-0.101858,0.290628
-0.030855,-0.101331,0.292231
-0.032187,-0.100610,0.291114
-0.035405,-0.100080,0.293156
-0.034348,-0.100980,0.294829
-0.035279,-0.099107,0.295621
-0.036763,-0.098453,0.294077
-0.037850,-0.098211,0.294684
-0.038802,-0.096160,0.292193
-0.041439,-0.096937,0.295079
-0.040636,-0.096456,0.294213
-0.042127,-0.097484,0.295627
-0.045022,-0.095083,0.296517
-0.045773,-0.096500,0.295978
-0.046529,-0.096952,0.297311
-0.047909,-0.095354,0.297585
-0.048100,-0.095822,0.294801
-0.048978,-0.095586,0.296326
-0.048326,-0.095879,0.296186
-0.051188,-0.093429,0.296841
-0.052703,-0.093823,0.297774
-0.053047,-0.094111,0.297052
-0.055470,-0.093594,0.297640
-0.056879,-0.093101,0.297060
-0.057291,-0.094447,0.295873
-0.059211,-0.091014,0.297285
-0.060746,-0.095045,0.298620
-0.060683,-0.094006,0.297229
-0.061812,-0.093404,0.298148
-0.060760,-0.093724,0.297478
-0.063831,-0.093362,0.297483
-0.065069,-0.094219,0.297270
-0.066337,-0.093151,0.297029
-0.069212,-0.093768,0.299813
-0.067889,-0.091956,0.298768
-0.070776,-0.093292,0.296120
-0.070067,-0.094571,0.296541
-0.070973,-0.094490,0.293734
-0.074241,-0.094409,0.298136
-0.075285,-0.094327,0.296600
-0.075625,-0.093754,0.297572
-0.076251,-0.093233,0.299070
-0.077545,-0.094516,0.299718
-0.078145,-0.093386,0.297813
-0.079350,-0.095257,0.296840
-0.080777,-0.094028,0.295954
-0.082496,-0.095440,0.297983
-0.080942,-0.094772,0.295708
-0.084736,-0.095576,0.296650
-0.085901,-0.099670,0.295258
-0.084747,-0.096839,0.296089
-0.087999,-0.095901,0.296910
-0.086163,-0.096621,0.294965
-0.089468,-0.098167,0.294506
-0.090321,-0.097720,0.293110
-0.094092,-0.097893,0.293849
-0.092211,-0.098694,0.293146
-0.096295,-0.100316,0.292076
-0.095328,-0.100190,0.294744
-0.096343,-0.101279,0.293050
-0.096330,-0.100724,0.292227
-0.097700,-0.101417,0.293894
-0.100826,-0.101686,0.291205
-0.102864,-0.103066,0.292213
-0.103988,-0.102800,0.291042
-0.105425,-0.106081,0.290255
-0.104072,-0.105075,0.289775
-0.105993,-0.105376,0.288151
-0.107293,-0.105701,0.289158
-0.109595,-0.106959,0.287166
-0.109788,-0.108904,0.286367
-0.109807,-0.110059,0.287188
-0.112968,-0.110702,0.285904
-0.113949,-0.110438,0.285113
-0.114031,-0.111728,0.285682
-0.113939,-0.113231,0.284902
-0.116535,-0.112763,0.283720
-0.117328,-0.113933,0.283334
-0.118504,-0.113965,0.282616
-0.120494,-0.115464,0.281991
-0.119007,-0.116982,0.278944
-0.122943,-0.121062,0.278937
-0.122703,-0.118966,0.279128
-0.124315,-0.121338,0.277375
-0.125423,-0.122298,0.277123
-0.126780,-0.120105,0.278577
-0.129292,-0.122891,0.277966
-0.127923,-0.124495,0.276493
-0.131628,-0.124152,0.275963
-0.132662,-0.126984,0.276206
-0.131296,-0.127211,0.273789
-0.133006,-0.128126,0.272900
-0.134046,-0.128575,0.274049
-0.136424,-0.129332,0.273931
-0.137468,-0.131154,0.270152
-0.138627,-0.130910,0.269470
-0.139465,-0.135184,0.270284
-0.140644,-0.135708,0.269302
-0.140858,-0.135739,0.267338
-0.142309,-0.134527,0.265932
-0.145138,-0.136505,0.267171
-0.143853,-0.137036,0.266813
-0.147322,-0.139491,0.266160
-0.146209,-0.141172,0.263875
-0.147760,-0.141215,0.264581
-0.152266,-0.141999,0.263354
-0.151893,-0.143656,0.262212
-0.152308,-0.145524,0.264168
-0.152997,-0.148670,0.260167
-0.154536,-0.147743,0.260259
-0.155981,-0.149174,0.259104
-0.156114,-0.148979,0.258094
-0.158002,-0.149272,0.256427
-0.160414,-0.151185,0.257352
-0.161732,-0.152025,0.256669
-0.162308,-0.153266,0.253894
-0.161593,-0.152925,0.255811
-0.164971,-0.155344,0.256683
-0.166010,-0.155960,0.254825
-0.165184,-0.155067,0.253960
-0.168832,-0.156874,0.250614
-0.168441,-0.159566,0.252784
-0.170390,-0.159702,0.250262
-0.172543,-0.160745,0.251958
-0.174561,-0.160714,0.249964
-0.174264,-0.160808,0.248737
-0.175201,-0.164364,0.250046
-0.176834,-0.163565,0.247103
-0.176876,-0.164017,0.248160
-0.178846,-0.165408,0.248262
-0.179324,-0.166711,0.245563
-0.181575,-0.168865,0.246823
-0.184295,-0.167849,0.244810
-0.184489,-0.169617,0.243689
-0.185765,-0.171251,0.245138
-0.184197,-0.171426,0.243756
-0.186888,-0.171536,0.243485
-0.187455,-0.171567,0.240904
-0.190472,-0.173326,0.241224
-0.191382,-0.175582,0.241581
-0.190603,-0.175402,0.240081
-0.193307,-0.176581,0.240551
-0.194218,-0.175565,0.237140
-0.195703,-0.176462,0.239594
-0.196743,-0.178149,0.236734
-0.199228,-0.178940,0.236472
-0.200426,-0.178270,0.238625
-0.202281,-0.179007,0.235658
-0.203097,-0.180757,0.237000
-0.202939,-0.180693,0.236149
-0.205006,-0.179218,0.234974
-0.204373,-0.181782,0.234612
-0.207486,-0.182569,0.234389
-0.209361,-0.183171,0.234199
-0.208496,-0.185629,0.234064
-0.210676,-0.184604,0.232657
-0.210965,-0.185742,0.234195
-0.212582,-0.187774,0.230322
-0.213701,-0.188733,0.228837
-0.215389,-0.188564,0.230896
-0.213795,-0.190456,0.230909
-0.220242,-0.191581,0.227888
-0.219183,-0.192211,0.228243
-0.219301,-0.193570,0.226317
-0.221238,-0.192382,0.227150
-0.224982,-0.195936,0.225857
-0.223794,-0.195144,0.224620
-0.226174,-0.198160,0.224377
-0.225806,-0.197444,0.224646
-0.229840,-0.200168,0.221410
-0.232536,-0.201357,0.220930
-0.232022,-0.204487,0.220004
-0.231256,-0.203511,0.217794
-0.234990,-0.207732,0.219698
-0.234822,-0.209667,0.215353
-0.235130,-0.208834,0.217755
-0.238086,-0.208687,0.215055
-0.237839,-0.212020,0.214780
-0.240035,-0.210010,0.213952
-0.242085,-0.212899,0.213288
-0.242406,-0.212913,0.211973
-0.243772,-0.215048,0.211627
-0.243291,-0.215657,0.212350
-0.246023,-0.218393,0.211056
-0.248646,-0.218225,0.210119
-0.249572,-0.218289,0.210497
-0.248976,-0.221099,0.207385
-0.249764,-0.223097,0.207710
-0.251637,-0.224077,0.205102
-0.254473,-0.223763,0.205234
-0.257472,-0.227036,0.204726
-0.256846,-0.228534,0.204222
-0.257798,-0.229198,0.200892
-0.259895,-0.230167,0.202040
-0.260222,-0.231276,0.201072
-0.259437,-0.232622,0.199906
-0.262600,-0.235006,0.198253
-0.264476,-0.234631,0.197361
-0.265940,-0.236585,0.197127
-0.265731,-0.240254,0.195571
-0.268076,-0.240584,0.194868
-0.269233,-0.239777,0.195217
-0.271652,-0.241387,0.193388
-0.272293,-0.241508,0.192828
-0.273434,-0.245042,0.190438
-0.274348,-0.244958,0.189980
-0.276268,-0.246893,0.187779
-0.278853,-0.249366,0.187637
-0.280030,-0.249419,0.186056
-0.280206,-0.251234,0.186130
-0.281681,-0.252713,0.184847
-0.283735,-0.253750,0.182912
-0.284842,-0.255932,0.183055
-0.284816,-0.258440,0.181362
-0.287339,-0.260481,0.180123
-0.290043,-0.261428,0.181451
-0.290884,-0.262637,0.178688
-0.289794,-0.265116,0.177176
-0.292228,-0.267194,0.176406
-0.295574,-0.269236,0.176434
-0.297098,-0.270743,0.174961
-0.297946,-0.269387,0.170123
-0.299620,-0.273681,0.170233
-0.301107,-0.275822,0.170204
-0.302705,-0.276437,0.168171
-0.304072,-0.278419,0.167916
-0.303868,-0.278420,0.168027
-0.306952,-0.280587,0.166063
-0.307069,-0.283424,0.164816
-0.311509,-0.285982,0.162278
-0.309556,-0.285224,0.161802
-0.309928,-0.288350,0.159171
-0.313309,-0.289390,0.156950
-0.312847,-0.296430,0.155525
-0.314891,-0.297611,0.153905
-0.318563,-0.298908,0.149290
-0.319609,-0.302992,0.149645
0.009890,-0.237076,0.199728
0.008404,-0.230210,0.202642
0.006674,-0.227913,0.205376
0.003479,-0.218232,0.210556
0.002931,-0.210345,0.216076
0.001836,-0.210080,0.216296
0.000220,-0.204121,0.218227
-0.002210,-0.203632,0.221336
-0.001973,-0.200022,0.222807
-0.002646,-0.196854,0.224721
-0.005287,-0.195753,0.227254
-0.004971,-0.191316,0.230274
-0.008160,-0.189807,0.230932
-0.009441,-0.190661,0.232367
-0.010139,-0.187289,0.234228
-0.011336,-0.184139,0.234890
-0.013938,-0.183174,0.235587
-0.013302,-0.180557,0.238066
-0.016070,-0.176065,0.243934
-0.016732,-0.170324,0.245932
-0.017475,-0.161718,0.250749
-0.019548,-0.152554,0.255620
-0.022256,-0.136026,0.268758
-0.023706,-0.125113,0.276463
-0.022745,-0.121129,0.280310
-0.024701,-0.119268,0.280840
-0.027242,-0.115828,0.284115
-0.028042,-0.112765,0.285010
-0.027935,-0.112618,0.288238
-0.030230,-0.110633,0.288459
-0.029585,-0.108051,0.287241
-0.031691,-0.104613,0.291685
-0.032785,-0.109299,0.290210
-0.034394,-0.104090,0.289805
-0.033477,-0.105222,0.291242
-0.038044,-0.103094,0.291758
-0.036701,-0.104005,0.294138
-0.037751,-0.102051,0.293659
-0.040272,-0.101386,0.292895
-0.039820,-0.102195,0.295035
-0.043233,-0.101837,0.292841
-0.042768,-0.101849,0.294966
-0.042744,-0.100708,0.293752
-0.044587,-0.100199,0.294285
-0.045189,-0.098469,0.294345
-0.049215,-0.100400,0.295219
-0.049698,-0.098632,0.294999
-0.050281,-0.098878,0.294665
-0.049897,-0.100475,0.295765
-0.051280,-0.097353,0.295481
-0.054892,-0.098162,0.295730
-0.054459,-0.098601,0.294828
-0.056653,-0.097947,0.297539
-0.055978,-0.098054,0.295157
-0.058549,-0.098484,0.296679
-0.059878,-0.096640,0.296389
-0.058676,-0.096110,0.297109
-0.061788,-0.096691,0.297079
-0.061595,-0.096474,0.295665
-0.064640,-0.096108,0.295698
-0.064947,-0.096715,0.295387
-0.066459,-0.097916,0.296607
-0.067810,-0.097302,0.297114
-0.070569,-0.096988,0.296833
-0.070652,-0.096422,0.296562
-0.070704,-0.098056,0.295707
-0.071202,-0.096481,0.296123
-0.074268,-0.097819,0.295086
-0.074276,-0.097926,0.295587
-0.076164,-0.097019,0.295659
-0.075789,-0.096428,0.294967
-0.076960,-0.098301,0.296817
-0.079359,-0.099191,0.294329
-0.079794,-0.097284,0.294761
-0.082075,-0.097723,0.295082
-0.081806,-0.099431,0.295484
-0.084217,-0.098173,0.294326
-0.084753,-0.099436,0.295039
-0.086769,-0.100774,0.295958
-0.086702,-0.100384,0.294518
-0.088345,-0.101261,0.293684
-0.089067,-0.101153,0.293047
-0.090173,-0.102569,0.294168
-0.091531,-0.101926,0.294119
-0.092260,-0.101419,0.292284
-0.092291,-0.102321,0.292204
-0.095458,-0.102599,0.292756
-0.094195,-0.102636,0.293001
-0.097054,-0.104628,0.292024
-0.098994,-0.103684,0.289203
-0.098174,-0.103824,0.291574
-0.099343,-0.105725,0.289827
-0.101371,-0.106534,0.288737
-0.103861,-0.107184,0.288661
-0.104035,-0.107774,0.288248
-0.105810,-0.108487,0.289299
-0.106652,-0.109399,0.287563
-0.106689,-0.110423,0.287545
-0.108593,-0.110590,0.288119
-0.109309,-0.111772,0.287181
-0.110469,-0.110951,0.287476
-0.110921,-0.112755,0.285318
-0.114403,-0.114113,0.285145
-0.114847,-0.114408,0.285883
-0.115507,-0.116186,0.285620
-0.116595,-0.115627,0.283479
-0.118469,-0.117893,0.282825
-0.120470,-0.116620,0.281884
-0.121002,-0.116332,0.281913
-0.122350,-0.117450,0.281806
-0.121728,-0.120058,0.278978
-0.121865,-0.121666,0.279182
-0.123835,-0.123385,0.278426
-0.126048,-0.122927,0.279512
-0.126558,-0.125874,0.277237
-0.128076,-0.127566,0.275715
-0.128883,-0.125886,0.278255
-0.130177,-0.127828,0.274470
-0.132252,-0.129376,0.272452
-0.133094,-0.129451,0.273753
-0.134117,-0.129940,0.274267
-0.134146,-0.132139,0.271933
-0.136832,-0.130976,0.270623
-0.136676,-0.135048,0.272023
-0.138893,-0.134016,0.269480
-0.140300,-0.137005,0.269107
-0.140266,-0.137616,0.268985
-0.142274,-0.136871,0.267095
-0.143032,-0.138165,0.267365
-0.146493,-0.138427,0.267161
-0.146386,-0.141816,0.265544
-0.144689,-0.142681,0.265971
-0.147640,-0.142543,0.262998
-0.149577,-0.146249,0.264351
-0.148977,-0.144002,0.263979
-0.151357,-0.146237,0.261602
-0.154289,-0.148829,0.261643
-0.153219,-0.148449,0.259578
-0.155799,-0.148751,0.261163
-0.156003,-0.150931,0.259476
-0.155724,-0.151852,0.258852
-0.157878,-0.151502,0.257013
-0.162248,-0.153214,0.258074
-0.161617,-0.155252,0.256923
-0.162032,-0.156868,0.256639
-0.164116,-0.156838,0.256224
-0.165323,-0.158343,0.252669
-0.165895,-0.157968,0.254363
-0.168071,-0.158538,0.251525
-0.169525,-0.160642,0.251539
-0.169041,-0.161188,0.250865
-0.170664,-0.161229,0.250136
-0.171982,-0.163778,0.251197
-0.171497,-0.162716,0.250075
-0.173719,-0.164909,0.247057
-0.175844,-0.166447,0.247904
-0.178792,-0.166336,0.247863
-0.177625,-0.168753,0.247204
-0.177817,-0.168064,0.246419
-0.180786,-0.172164,0.244635
-0.183337,-0.171405,0.244164
-0.183239,-0.171542,0.243881
-0.183554,-0.174730,0.243042
-0.184671,-0.175206,0.242379
-0.187127,-0.174283,0.241291
-0.187518,-0.176652,0.240398
-0.187962,-0.175498,0.239511
-0.189567,-0.177574,0.240180
-0.193354,-0.179035,0.239061
-0.191875,-0.176661,0.240033
-0.192001,-0.178789,0.239240
-0.194033,-0.180162,0.239499
-0.195765,-0.179977,0.238894
-0.197138,-0.182046,0.239685
-0.199048,-0.179229,0.237380
-0.198938,-0.181163,0.235990
-0.200568,-0.181977,0.236302
-0.201022,-0.184482,0.238594
-0.205777,-0.183813,0.235675
-0.205104,-0.183064,0.234751
-0.204998,-0.182932,0.234235
-0.207875,-0.186215,0.232182
-0.209571,-0.188837,0.234416
-0.208218,-0.188117,0.230901
-0.211090,-0.189277,0.232376
-0.212931,-0.189711,0.231634
-0.213771,-0.189118,0.229336
-0.214248,-0.191217,0.229082
-0.214918,-0.192624,0.230719
-0.216486,-0.191311,0.230542
-0.219281,-0.195019,0.228409
-0.221112,-0.193871,0.227806
-0.222456,-0.194694,0.227102
-0.221725,-0.197269,0.228471
-0.225061,-0.199105,0.225783
-0.224138,-0.199199,0.226443
-0.225559,-0.201843,0.223756
-0.227629,-0.201524,0.223713
-0.227563,-0.202657,0.220364
-0.228703,-0.206672,0.220167
-0.229984,-0.206743,0.218449
-0.232380,-0.208167,0.219519
-0.234429,-0.210798,0.216626
-0.234561,-0.211581,0.215909
-0.238375,-0.212322,0.217964
-0.237266,-0.214362,0.216345
-0.239150,-0.215203,0.213011
-0.239141,-0.215151,0.215324
-0.241990,-0.216076,0.213317
-0.242708,-0.216225,0.212505
-0.246000,-0.218876,0.212380
-0.245263,-0.218105,0.212891
-0.247725,-0.220531,0.210231
-0.246875,-0.220309,0.210368
-0.247761,-0.220940,0.208521
-0.249460,-0.225314,0.210516
-0.252031,-0.225637,0.206819
-0.254193,-0.226920,0.205610
-0.253691,-0.228548,0.205439
-0.256370,-0.229029,0.205878
-0.258281,-0.231751,0.204034
-0.259219,-0.230290,0.202000
-0.259212,-0.232354,0.200619
-0.260634,-0.234925,0.200249
-0.262577,-0.235141,0.199579
-0.262973,-0.236019,0.197795
-0.264279,-0.237305,0.199391
-0.265615,-0.239430,0.197511
-0.266677,-0.241240,0.195716
-0.268589,-0.241672,0.197931
-0.269706,-0.244628,0.194129
-0.270350,-0.244115,0.192829
-0.272099,-0.245021,0.193020
-0.274178,-0.244508,0.192336
-0.274916,-0.248142,0.190937
-0.277663,-0.246751,0.188803
-0.278421,-0.250905,0.189216
-0.280071,-0.250865,0.188841
-0.283125,-0.252257,0.186948
-0.283499,-0.253569,0.184517
-0.280874,-0.256409,0.184353
-0.284689,-0.258545,0.183335
-0.285230,-0.260798,0.183276
-0.287940,-0.260681,0.180649
-0.289482,-0.264267,0.181834
-0.290216,-0.263849,0.179266
-0.291411,-0.267945,0.178031
-0.294939,-0.268732,0.175440
-0.295588,-0.269085,0.174475
-0.296520,-0.271051,0.172786
-0.297948,-0.273994,0.173339
-0.297643,-0.274778,0.171311
-0.299850,-0.279012,0.170897
-0.302879,-0.278392,0.168858
-0.303747,-0.280050,0.166639
-0.304574,-0.281140,0.165295
-0.306140,-0.282335,0.164586
-0.307153,-0.284689,0.164747
-0.307667,-0.285959,0.162908
-0.310207,-0.287264,0.162189
-0.312025,-0.290244,0.160461
-0.312355,-0.289780,0.160327
-0.314755,-0.295484,0.155906
-0.315644,-0.297806,0.155256
-0.316900,-0.300764,0.151772
-0.318828,-0.304248,0.151052
0.007342,-0.238064,0.198294
0.006249,-0.234267,0.204268
0.004433,-0.228161,0.205764
0.002415,-0.224251,0.209905
0.003080,-0.214975,0.215342
0.000443,-0.212286,0.215039
0.000850,-0.210574,0.220149
-0.000658,-0.207172,0.219934
-0.003116,-0.202987,0.223060
-0.005322,-0.199980,0.226099
-0.006622,-0.197893,0.228029
-0.006873,-0.194436,0.228361
-0.008080,-0.192309,0.231210
-0.009039,-0.191158,0.231967
-0.009948,-0.190784,0.233543
-0.012760,-0.186197,0.236027
-0.011945,-0.185498,0.233536
-0.014334,-0.185268,0.236963
-0.015666,-0.179879,0.240994
-0.017116,-0.175366,0.244971
-0.019644,-0.168447,0.246671
-0.020587,-0.161351,0.253508
-0.020197,-0.154368,0.259912
-0.024152,-0.139289,0.270676
-0.023751,-0.134752,0.271581
-0.024689,-0.125214,0.277551
-0.025987,-0.120417,0.279444
-0.027697,-0.121549,0.280550
-0.028753,-0.117888,0.280814
-0.031090,-0.117173,0.283551
-0.033223,-0.116045,0.287284
-0.033847,-0.113955,0.284743
-0.036220,-0.111233,0.286342
-0.035824,-0.109323,0.289434
-0.034349,-0.110243,0.288384
-0.037546,-0.107765,0.291627
-0.039810,-0.108187,0.290116
-0.040345,-0.108756,0.291247
-0.040627,-0.107096,0.293026
-0.041649,-0.106368,0.289977
-0.044018,-0.104336,0.291501
-0.042552,-0.104113,0.293258
-0.046563,-0.104302,0.293553
-0.046892,-0.103573,0.292586
-0.047889,-0.106097,0.292791
-0.048333,-0.104688,0.294187
-0.050972,-0.102842,0.296398
-0.052829,-0.103353,0.293827
-0.052915,-0.103414,0.294928
-0.052754,-0.103582,0.293568
-0.055699,-0.101654,0.295640
-0.056789,-0.102638,0.294865
-0.058705,-0.101938,0.295324
-0.058747,-0.101970,0.294572
-0.059615,-0.101834,0.294358
-0.060989,-0.101775,0.296349
-0.063470,-0.102299,0.296691
-0.063286,-0.100900,0.294588
-0.064213,-0.099251,0.296772
-0.065114,-0.101074,0.296017
-0.066167,-0.100965,0.294515
-0.065239,-0.102395,0.295499
-0.069048,-0.100652,0.296086
-0.069335,-0.100176,0.295779
-0.069574,-0.101845,0.298065
-0.071751,-0.100061,0.294254
-0.072518,-0.102122,0.293721
-0.072889,-0.098350,0.296143
-0.076182,-0.100870,0.296357
-0.074257,-0.102078,0.294899
-0.078949,-0.102206,0.294758
-0.076899,-0.100715,0.294639
-0.080493,-0.101434,0.295698
-0.079334,-0.101798,0.294686
-0.083908,-0.103592,0.292803
-0.085473,-0.104626,0.292049
-0.084149,-0.103683,0.293271
-0.085074,-0.104637,0.292966
-0.086531,-0.104404,0.291989
-0.087819,-0.103842,0.293657
-0.088559,-0.102599,0.294222
-0.090484,-0.105104,0.292743
-0.091392,-0.104244,0.294178
-0.092472,-0.104530,0.292738
-0.094442,-0.105984,0.290590
-0.094845,-0.106604,0.292031
-0.096389,-0.106272,0.291204
-0.097536,-0.108363,0.290763
-0.099528,-0.107912,0.290316
-0.099452,-0.109834,0.289859
-0.100300,-0.108108,0.289850
-0.100946,-0.111299,0.290221
-0.101796,-0.110854,0.287253
-0.103152,-0.111141,0.286196
-0.105921,-0.110756,0.287960
-0.104495,-0.112427,0.287234
-0.108242,-0.112518,0.287872
-0.108480,-0.114769,0.286186
-0.109048,-0.115619,0.284689
-0.111140,-0.115743,0.286856
-0.112128,-0.116179,0.284887
-0.112937,-0.117632,0.282919
-0.113997,-0.118216,0.283439
-0.114533,-0.119014,0.284495
-0.118071,-0.117971,0.282917
-0.118570,-0.121517,0.284402
-0.119030,-0.121778,0.280532
-0.118998,-0.121708,0.281013
-0.119402,-0.122027,0.279348
-0.121076,-0.124068,0.279571
-0.120562,-0.124243,0.278088
-0.122699,-0.125618,0.278920
-0.125112,-0.128203,0.277165
-0.127133,-0.127884,0.277543
-0.128821,-0.128851,0.275649
-0.129685,-0.131549,0.274315
-0.130641,-0.131534,0.273606
-0.131799,-0.131057,0.272726
-0.130430,-0.132213,0.273409
-0.135810,-0.133297,0.273325
-0.135034,-0.132384,0.272606
-0.135985,-0.136308,0.271123
-0.135118,-0.138631,0.271193
-0.137538,-0.137516,0.272338
-0.138144,-0.140114,0.268296
-0.138398,-0.140833,0.268107
-0.143331,-0.141146,0.268346
-0.141962,-0.140740,0.267484
-0.144761,-0.143170,0.266085
-0.145018,-0.143664,0.265236
-0.146399,-0.144176,0.265234
-0.148853,-0.146200,0.265717
-0.148125,-0.145242,0.264618
-0.151562,-0.148697,0.262673
-0.150315,-0.148479,0.262807
-0.153851,-0.150484,0.261695
-0.153635,-0.149455,0.260265
-0.154881,-0.153802,0.261002
-0.156481,-0.152753,0.258561
-0.156951,-0.152927,0.258099
-0.157742,-0.154250,0.256181
-0.161190,-0.155821,0.255856
-0.160238,-0.157501,0.256259
-0.163339,-0.160240,0.254066
-0.164165,-0.160003,0.254534
-0.165527,-0.161645,0.255150
-0.165636,-0.160058,0.253157
-0.167435,-0.163795,0.251896
-0.168222,-0.163801,0.251659
-0.169457,-0.162868,0.251603
-0.170650,-0.164750,0.250123
-0.173202,-0.166248,0.249969
-0.172269,-0.166736,0.248128
-0.175519,-0.169344,0.250074
-0.175972,-0.169885,0.246104
-0.176433,-0.169831,0.247516
-0.178093,-0.171768,0.246813
-0.178982,-0.170504,0.243601
-0.181834,-0.173597,0.243272
-0.182197,-0.174712,0.243460
-0.182488,-0.176556,0.243194
-0.185555,-0.174608,0.243567
-0.186579,-0.177899,0.241571
-0.185634,-0.178535,0.240462
-0.188229,-0.178255,0.240014
-0.187983,-0.180906,0.240358
-0.188483,-0.179827,0.238240
-0.190225,-0.182896,0.239980
-0.193460,-0.182876,0.237601
-0.191823,-0.182446,0.238838
-0.194177,-0.181930,0.239932
-0.195413,-0.184813,0.238198
-0.197960,-0.182762,0.236099
-0.199643,-0.186315,0.236813
-0.199804,-0.184441,0.235204
-0.200150,-0.185945,0.236917
-0.202883,-0.186386,0.235351
-0.203660,-0.187147,0.233913
-0.207920,-0.186600,0.233914
-0.206714,-0.187358,0.234290
-0.207621,-0.189012,0.233444
-0.206213,-0.189747,0.232165
-0.212493,-0.192824,0.231256
-0.210813,-0.192911,0.230268
-0.211753,-0.193246,0.232788
-0.212753,-0.193997,0.231257
-0.216287,-0.194456,0.229943
-0.213710,-0.192322,0.229472
-0.216768,-0.197510,0.227974
-0.218655,-0.197864,0.227319
-0.218129,-0.196036,0.225612
-0.219402,-0.197664,0.227281
-0.221967,-0.199175,0.225108
-0.224657,-0.201959,0.224588
-0.223505,-0.204099,0.223519
-0.227917,-0.204107,0.225305
-0.226839,-0.205371,0.223949
-0.228901,-0.205128,0.221465
-0.229311,-0.207768,0.219374
-0.230650,-0.212367,0.220797
-0.233215,-0.212391,0.218180
-0.233906,-0.212065,0.217429
-0.234971,-0.213957,0.215816
-0.236808,-0.215437,0.216819
-0.239212,-0.215850,0.216054
-0.240624,-0.216400,0.213438
-0.238776,-0.219562,0.213832
-0.241452,-0.219552,0.213946
-0.243436,-0.222542,0.211931
-0.243012,-0.219875,0.209733
-0.243204,-0.221176,0.212035
-0.246939,-0.224104,0.211024
-0.248570,-0.223185,0.209790
-0.249114,-0.225303,0.208334
-0.251880,-0.224879,0.208802
-0.252376,-0.225051,0.207500
-0.251957,-0.227554,0.206553
-0.255888,-0.228832,0.205985
-0.255769,-0.230137,0.203981
-0.256002,-0.231883,0.203030
-0.259344,-0.234098,0.202365
-0.257635,-0.235626,0.201855
-0.260256,-0.235690,0.202060
-0.262716,-0.236042,0.199439
-0.264965,-0.237098,0.200443
-0.262791,-0.240362,0.197852
-0.266544,-0.241600,0.197197
-0.266566,-0.243123,0.196655
-0.268303,-0.241449,0.196003
-0.271131,-0.243599,0.194686
-0.270749,-0.246881,0.192668
-0.271065,-0.246170,0.192353
-0.274283,-0.248738,0.194105
-0.274188,-0.252638,0.189971
-0.276063,-0.249607,0.192021
-0.275833,-0.251786,0.188860
-0.278811,-0.253157,0.188957
-0.281071,-0.254087,0.188359
-0.280699,-0.256973,0.185854
-0.284737,-0.258061,0.187056
-0.285540,-0.260883,0.183421
-0.285953,-0.262211,0.182249
-0.288541,-0.263016,0.180172
-0.291561,-0.264936,0.181724
-0.290087,-0.265377,0.180600
-0.293522,-0.268057,0.177427
-0.293210,-0.270475,0.175549
-0.295417,-0.269632,0.177094
-0.296116,-0.272483,0.173944
-0.298234,-0.274570,0.173985
-0.298465,-0.276792,0.172276
-0.301666,-0.280043,0.170762
-0.300993,-0.281031,0.169861
-0.302608,-0.284671,0.168217
-0.304890,-0.284110,0.167018
-0.306129,-0.284129,0.165661
-0.307374,-0.285897,0.165091
-0.309970,-0.289177,0.162709
-0.311827,-0.289952,0.162980
-0.312528,-0.292812,0.162029
-0.311274,-0.293300,0.158675
-0.314884,-0.297151,0.158474
-0.317229,-0.299385,0.156465
-0.317593,-0.301623,0.156253
0.006767,-0.240228,0.197891
0.005301,-0.237184,0.203143
0.005297,-0.231017,0.206462
0.000288,-0.225423,0.207027
0.000519,-0.220468,0.213373
0.001824,-0.217599,0.213604
-0.002237,-0.214071,0.218990
-0.002157,-0.210988,0.219197
-0.004717,-0.205252,0.220466
-0.004160,-0.204174,0.223596
-0.005884,-0.201192,0.229118
-0.008233,-0.199077,0.227762
-0.009808,-0.195880,0.230578
-0.009773,-0.194663,0.231780
-0.011440,-0.193679,0.232348
-0.011669,-0.191115,0.234305
-0.013997,-0.187757,0.235703
-0.016231,-0.186907,0.235988
-0.017682,-0.184652,0.238449
-0.018064,-0.179954,0.240735
-0.019465,-0.173859,0.244704
-0.020082,-0.168535,0.249283
-0.022133,-0.160335,0.255070
-0.023792,-0.152551,0.261603
-0.026263,-0.144147,0.265943
-0.028370,-0.138412,0.271216
-0.028091,-0.134036,0.272570
-0.029675,-0.127905,0.275996
-0.027291,-0.124838,0.281267
-0.030833,-0.123422,0.281248
-0.033592,-0.119411,0.283715
-0.033246,-0.118723,0.284867
-0.034166,-0.118109,0.285367
-0.036305,-0.115748,0.286981
-0.037701,-0.115456,0.287788
-0.040310,-0.113049,0.288491
-0.039318,-0.112534,0.288955
-0.041642,-0.110962,0.289842
-0.042057,-0.112331,0.289580
-0.044254,-0.109901,0.289535
-0.044156,-0.111429,0.289625
-0.043994,-0.110035,0.290170
-0.047111,-0.109573,0.290730
-0.049241,-0.107917,0.291214
-0.050270,-0.109002,0.292345
-0.049682,-0.106496,0.292211
-0.051705,-0.107039,0.291533
-0.053496,-0.106853,0.293571
-0.054681,-0.105491,0.293056
-0.056573,-0.108427,0.292941
-0.056491,-0.106083,0.294852
-0.058997,-0.104054,0.294460
-0.059049,-0.106505,0.291703
-0.061912,-0.105805,0.294326
-0.059583,-0.106933,0.294836
-0.061534,-0.105013,0.293304
-0.061181,-0.105601,0.293206
-0.064946,-0.107375,0.294119
-0.065411,-0.105065,0.295045
-0.066292,-0.104388,0.295971
-0.068665,-0.106569,0.294747
-0.068578,-0.104941,0.295203
-0.071358,-0.104746,0.295377
-0.072395,-0.106756,0.294810
-0.070270,-0.105573,0.295918
-0.073981,-0.105791,0.293652
-0.073665,-0.106561,0.294833
-0.075644,-0.105813,0.293904
-0.075990,-0.106250,0.293630
-0.076967,-0.104912,0.292762
-0.078084,-0.105643,0.294972
-0.080976,-0.105833,0.294364
-0.081160,-0.106461,0.292804
-0.082364,-0.106300,0.294003
-0.083344,-0.106394,0.292602
-0.082779,-0.106843,0.292345
-0.084858,-0.107567,0.292031
-0.086328,-0.106402,0.291536
-0.087558,-0.107477,0.292364
-0.088933,-0.108578,0.290841
-0.092011,-0.107300,0.292249
-0.091532,-0.109826,0.291383
-0.091733,-0.109142,0.292325
-0.091853,-0.110068,0.292713
-0.095180,-0.109948,0.290160
-0.095154,-0.108684,0.289992
-0.095920,-0.114010,0.291151
-0.098329,-0.113152,0.289131
-0.099747,-0.113177,0.289450
-0.100345,-0.112592,0.288962
-0.102629,-0.111919,0.288169
-0.101926,-0.116919,0.288314
-0.102875,-0.115649,0.288525
-0.102941,-0.116414,0.284409
-0.105029,-0.116656,0.286439
-0.107721,-0.117039,0.286892
-0.108149,-0.119305,0.285564
-0.110272,-0.117023,0.285965
-0.110519,-0.119057,0.284168
-0.110298,-0.120262,0.284368
-0.114451,-0.120243,0.284051
-0.112914,-0.120886,0.282248
-0.115464,-0.122760,0.282860
-0.117614,-0.122180,0.282342
-0.117562,-0.124990,0.280143
-0.119216,-0.125266,0.280989
-0.120439,-0.125397,0.280093
-0.120638,-0.126274,0.279472
-0.123420,-0.126401,0.278284
-0.122923,-0.127451,0.279277
-0.122979,-0.129913,0.277335
-0.126583,-0.128338,0.277434
-0.128340,-0.131649,0.277203
-0.128101,-0.131371,0.276497
-0.129454,-0.132747,0.275343
-0.128769,-0.132999,0.273557
-0.132442,-0.133364,0.273043
-0.132979,-0.135802,0.273746
-0.133489,-0.136865,0.273674
-0.135984,-0.136625,0.270918
-0.137466,-0.139686,0.271015
-0.136616,-0.138468,0.267702
-0.137337,-0.139823,0.269980
-0.141703,-0.140686,0.269278
-0.140743,-0.140354,0.268031
-0.142061,-0.141534,0.269014
-0.142682,-0.143946,0.267899
-0.143799,-0.144117,0.265074
-0.146071,-0.147206,0.266448
-0.146230,-0.146997,0.264131
-0.147784,-0.146951,0.264714
-0.149103,-0.149193,0.264570
-0.148474,-0.152103,0.261992
-0.152756,-0.150424,0.262505
-0.152459,-0.153116,0.259078
-0.154863,-0.154434,0.260848
-0.155768,-0.154729,0.260425
-0.155553,-0.156669,0.261192
-0.158300,-0.154635,0.257711
-0.158610,-0.156586,0.258130
-0.161542,-0.159555,0.255549
-0.161502,-0.159860,0.254609
-0.163038,-0.159474,0.254791
-0.161765,-0.164287,0.254689
-0.165733,-0.162313,0.251713
-0.166355,-0.166010,0.252663
-0.167310,-0.164940,0.252664
-0.167821,-0.165535,0.250695
-0.168905,-0.168214,0.249661
-0.168771,-0.168051,0.250423
-0.172321,-0.168297,0.248175
-0.173705,-0.171185,0.249009
-0.174965,-0.171773,0.248591
-0.176070,-0.173307,0.247065
-0.177921,-0.176050,0.246398
-0.175897,-0.174876,0.243710
-0.179527,-0.177636,0.243686
-0.179907,-0.175135,0.245272
-0.183759,-0.176842,0.241652
-0.182414,-0.178722,0.240580
-0.183979,-0.178187,0.240824
-0.183746,-0.179938,0.240717
-0.186123,-0.181343,0.239751
-0.188016,-0.180172,0.241070
-0.188628,-0.183410,0.239307
-0.189423,-0.183016,0.241185
-0.190705,-0.183054,0.240618
-0.192084,-0.185183,0.238647
-0.196802,-0.184896,0.238924
-0.193269,-0.185600,0.238035
-0.196403,-0.184792,0.236331
-0.197184,-0.186338,0.236820
-0.199170,-0.186195,0.237597
-0.199013,-0.186008,0.235738
-0.200937,-0.186686,0.236714
-0.203899,-0.189382,0.234727
-0.204086,-0.189502,0.235121
-0.206213,-0.191322,0.235506
-0.204170,-0.193673,0.231940
-0.206626,-0.193243,0.231458
-0.210894,-0.193354,0.231934
-0.210059,-0.196596,0.230614
-0.211767,-0.196473,0.231429
-0.212302,-0.196592,0.229911
-0.214491,-0.199131,0.228637
-0.214371,-0.198106,0.229872
-0.216346,-0.201155,0.228269
-0.216804,-0.201301,0.227610
-0.218561,-0.199774,0.227690
-0.216957,-0.201466,0.227089
-0.219051,-0.200199,0.226311
-0.222379,-0.202507,0.227133
-0.223580,-0.203186,0.224672
-0.225526,-0.205487,0.225708
-0.225092,-0.206370,0.222950
-0.227254,-0.206825,0.220177
-0.229541,-0.211393,0.220470
-0.230580,-0.211855,0.220019
-0.229624,-0.213891,0.218521
-0.232408,-0.216228,0.219105
-0.236122,-0.215567,0.217289
-0.234589,-0.215792,0.215723
-0.235333,-0.218250,0.214959
-0.239474,-0.218330,0.215065
-0.237741,-0.219744,0.214000
-0.241186,-0.219979,0.212904
-0.241314,-0.221106,0.213903
-0.240695,-0.221694,0.212277
-0.244059,-0.222074,0.210097
-0.245066,-0.223606,0.212029
-0.244759,-0.224530,0.209383
-0.248900,-0.227090,0.209111
-0.247998,-0.226597,0.210873
-0.249816,-0.229799,0.208580
-0.252781,-0.227316,0.207911
-0.253486,-0.230159,0.204900
-0.253133,-0.231111,0.205216
-0.256555,-0.232510,0.205293
-0.256270,-0.234802,0.202803
-0.259865,-0.236392,0.203289
-0.260486,-0.237782,0.201123
-0.260131,-0.238535,0.203269
-0.262387,-0.239275,0.200494
-0.264704,-0.238738,0.200352
-0.263858,-0.241120,0.200444
-0.264161,-0.243193,0.197641
-0.267656,-0.242202,0.195797
-0.270632,-0.246285,0.196199
-0.271297,-0.248139,0.195400
-0.270415,-0.249354,0.193407
-0.274604,-0.250018,0.192311
-0.275220,-0.250648,0.193733
-0.273874,-0.253078,0.190759
-0.277237,-0.251496,0.191632
-0.278695,-0.254145,0.188719
-0.279019,-0.253967,0.188410
-0.281311,-0.256951,0.188399
-0.283120,-0.257252,0.185494
-0.282272,-0.259578,0.185607
-0.284643,-0.261442,0.182700
-0.285312,-0.264808,0.182919
-0.288100,-0.265811,0.182734
-0.288074,-0.266502,0.180036
-0.290383,-0.268059,0.178008
-0.291904,-0.270596,0.179982
-0.294343,-0.269419,0.178234
-0.296278,-0.274583,0.174239
-0.296486,-0.274894,0.174203
-0.296934,-0.277214,0.174036
-0.299371,-0.278867,0.170950
-0.301536,-0.280570,0.172243
-0.301298,-0.282009,0.170225
-0.303925,-0.284130,0.168954
-0.305031,-0.284040,0.167569
-0.307077,-0.286591,0.166925
-0.307536,-0.289500,0.166093
-0.310026,-0.290387,0.164410
-0.309398,-0.293151,0.162922
-0.312175,-0.294825,0.161699
-0.313636,-0.295232,0.162705
-0.315036,-0.300233,0.159655
-0.317282,-0.301197,0.155820
-0.317757,-0.303289,0.154316
0.006872,-0.245217,0.199127
0.003972,-0.236271,0.203193
0.001624,-0.230053,0.205682
0.000963,-0.228829,0.208520
0.001953,-0.221899,0.212122
-0.001272,-0.219752,0.216276
-0.001895,-0.219128,0.215519
-0.005513,-0.216017,0.219823
-0.005326,-0.210865,0.222413
-0.008303,-0.208354,0.224474
-0.006265,-0.205229,0.225792
-0.008533,-0.202440,0.226286
-0.009599,-0.202424,0.228176
-0.012470,-0.200242,0.229373
-0.011801,-0.196130,0.231247
-0.014125,-0.193214,0.232844
-0.014548,-0.193586,0.235186
-0.018860,-0.190474,0.233705
-0.019660,-0.187100,0.237131
-0.019352,-0.184222,0.241944
-0.020550,-0.179852,0.242689
-0.019694,-0.174646,0.247145
-0.021684,-0.170258,0.249305
-0.024387,-0.162379,0.255537
-0.026087,-0.153254,0.261247
-0.028068,-0.146069,0.267400
-0.028783,-0.140821,0.271356
-0.030855,-0.136323,0.273077
-0.032710,-0.132123,0.276704
-0.032875,-0.129607,0.277376
-0.034658,-0.126630,0.282666
-0.035205,-0.125142,0.281288
-0.036010,-0.123885,0.282154
-0.035340,-0.120922,0.282343
-0.038874,-0.120655,0.284390
-0.040359,-0.117678,0.286695
-0.041320,-0.116739,0.288289
-0.042244,-0.116272,0.288518
-0.042241,-0.115308,0.288558
-0.044390,-0.115133,0.289287
-0.045145,-0.115479,0.291035
-0.045951,-0.113635,0.288942
-0.048625,-0.113997,0.289367
-0.048201,-0.113117,0.290330
-0.050400,-0.112150,0.289089
-0.049157,-0.112120,0.291227
-0.051787,-0.110893,0.291330
-0.052599,-0.111249,0.292095
-0.053411,-0.112298,0.291782
-0.054719,-0.110233,0.289916
-0.060607,-0.110117,0.292346
-0.055902,-0.110809,0.292165
-0.059250,-0.110738,0.292227
-0.061088,-0.111144,0.293275
-0.062201,-0.107486,0.293531
-0.061161,-0.107957,0.293975
-0.062725,-0.109573,0.292838
-0.065835,-0.111076,0.292329
-0.065814,-0.107939,0.293290
-0.066157,-0.109043,0.291623
-0.067430,-0.109375,0.290456
-0.070889,-0.110498,0.293546
-0.070658,-0.110065,0.293061
-0.071395,-0.109029,0.291946
-0.072968,-0.110521,0.292352
-0.073750,-0.108959,0.292722
-0.076687,-0.108978,0.292240
-0.077508,-0.110925,0.292324
-0.078058,-0.110510,0.292000
-0.078062,-0.111520,0.291985
-0.080300,-0.109808,0.291942
-0.081727,-0.109034,0.291420
-0.082943,-0.111096,0.291921
-0.084967,-0.111239,0.291896
-0.084746,-0.110052,0.291433
-0.085657,-0.108943,0.290220
-0.085428,-0.112178,0.292985
-0.089953,-0.113068,0.290911
-0.087532,-0.112519,0.289772
-0.090995,-0.113941,0.292055
-0.089860,-0.114238,0.290082
-0.093876,-0.111962,0.290079
-0.094217,-0.114232,0.290009
-0.096266,-0.114972,0.290242
-0.094362,-0.113926,0.287542
-0.095974,-0.115029,0.290107
-0.097718,-0.115580,0.287874
-0.099531,-0.115111,0.289891
-0.102678,-0.115804,0.288028
-0.099216,-0.116379,0.287763
-0.102907,-0.117191,0.288411
-0.103355,-0.116398,0.285145
-0.106355,-0.118694,0.286609
-0.105050,-0.120656,0.285020
-0.106920,-0.120928,0.284487
-0.108646,-0.120785,0.285722
-0.109050,-0.121109,0.284525
-0.110486,-0.122676,0.284222
-0.111278,-0.122602,0.284330
-0.113182,-0.124307,0.283208
-0.115749,-0.125088,0.282598
-0.114838,-0.125174,0.281756
-0.116520,-0.123485,0.280428
-0.117024,-0.126256,0.280169
-0.118558,-0.127735,0.278996
-0.120672,-0.127662,0.281736
-0.123520,-0.131191,0.278047
-0.122327,-0.131724,0.277678
-0.121785,-0.130894,0.277580
-0.124790,-0.131625,0.277202
-0.126280,-0.134658,0.276873
-0.127145,-0.131622,0.275034
-0.129019,-0.134165,0.276037
-0.128078,-0.135233,0.273156
-0.132633,-0.136461,0.273495
-0.130086,-0.136940,0.273601
-0.131763,-0.136214,0.272922
-0.134126,-0.138522,0.272646
-0.135141,-0.139665,0.271787
-0.135963,-0.141087,0.271905
-0.137647,-0.143903,0.267788
-0.138754,-0.142140,0.270736
-0.139519,-0.143013,0.267469
-0.140822,-0.142982,0.267178
-0.140414,-0.146219,0.268376
-0.143807,-0.146614,0.265146
-0.143712,-0.147559,0.266811
-0.145867,-0.150021,0.265102
-0.146982,-0.151004,0.263445
-0.146520,-0.151169,0.261868
-0.149905,-0.153030,0.260910
-0.149266,-0.153321,0.262265
-0.150165,-0.155267,0.262553
-0.153897,-0.154581,0.261850
-0.155948,-0.155351,0.258802
-0.154847,-0.158283,0.257646
-0.156019,-0.157954,0.258592
-0.156715,-0.159656,0.256519
-0.158588,-0.160897,0.256413
-0.160071,-0.163255,0.256700
-0.162368,-0.161885,0.254657
-0.163004,-0.163966,0.255390
-0.163358,-0.165062,0.254680
-0.164890,-0.166414,0.252433
-0.165705,-0.165296,0.252117
-0.167053,-0.169061,0.250874
-0.169174,-0.170691,0.251483
-0.169711,-0.169040,0.248999
-0.169496,-0.172598,0.248669
-0.171094,-0.174197,0.247809
-0.172929,-0.172833,0.248363
-0.173492,-0.176410,0.245340
-0.175560,-0.178521,0.244072
-0.177263,-0.178076,0.246050
-0.178919,-0.179626,0.244370
-0.179808,-0.180333,0.242495
-0.179074,-0.181514,0.243407
-0.181568,-0.183079,0.243055
-0.183740,-0.180610,0.241663
-0.184654,-0.184118,0.241989
-0.186334,-0.184536,0.240626
-0.187570,-0.182244,0.240835
-0.188333,-0.184583,0.241313
-0.189591,-0.184972,0.240613
-0.190584,-0.186740,0.239281
-0.190109,-0.186523,0.237390
-0.193961,-0.187727,0.236701
-0.193499,-0.188255,0.237997
-0.193763,-0.189924,0.236832
-0.196094,-0.190520,0.236372
-0.198063,-0.190936,0.236902
-0.198838,-0.192365,0.235556
-0.200408,-0.190065,0.235299
-0.202833,-0.190991,0.234398
-0.203228,-0.192467,0.232217
-0.202638,-0.195682,0.232906
-0.204883,-0.196195,0.233539
-0.206911,-0.194840,0.233017
-0.209183,-0.197266,0.231144
-0.208119,-0.199174,0.231677
-0.213142,-0.198561,0.231030
-0.212020,-0.200535,0.230739
-0.213662,-0.200992,0.229707
-0.213360,-0.199737,0.228348
-0.214481,-0.202604,0.227150
-0.217163,-0.203426,0.227450
-0.218345,-0.204904,0.225497
-0.219311,-0.202586,0.226534
-0.219723,-0.203748,0.228111
-0.222185,-0.205728,0.225022
-0.223825,-0.207814,0.225036
-0.221826,-0.207243,0.224048
-0.225599,-0.209092,0.223058
-0.226604,-0.208124,0.222016
-0.229106,-0.211425,0.221038
-0.229023,-0.213598,0.219050
-0.231410,-0.214033,0.218779
-0.231820,-0.216748,0.218459
-0.232857,-0.216897,0.218232
-0.234937,-0.218361,0.216366
-0.234315,-0.217351,0.213408
-0.236545,-0.221042,0.215664
-0.237307,-0.221804,0.214911
-0.240472,-0.222241,0.212522
-0.238413,-0.224526,0.213445
-0.243384,-0.224152,0.210245
-0.243432,-0.224335,0.211216
-0.244214,-0.225885,0.208920
-0.247311,-0.226705,0.209476
-0.247777,-0.227766,0.209788
-0.247613,-0.229093,0.210035
-0.250260,-0.231086,0.207154
-0.249962,-0.229904,0.208158
-0.250670,-0.230517,0.209596
-0.252650,-0.232002,0.206932
-0.253784,-0.230795,0.205375
-0.254683,-0.234856,0.206540
-0.258009,-0.236879,0.203043
-0.258786,-0.236274,0.202972
-0.259400,-0.237473,0.202214
-0.261108,-0.239406,0.200642
-0.263881,-0.241331,0.200642
-0.262883,-0.243282,0.198291
-0.265062,-0.244981,0.198374
-0.265508,-0.246313,0.197160
-0.267818,-0.244177,0.196682
-0.268483,-0.247761,0.197011
-0.269536,-0.247422,0.195913
-0.272359,-0.249329,0.195233
-0.270826,-0.251616,0.193256
-0.274637,-0.250982,0.193428
-0.275021,-0.251888,0.191945
-0.275543,-0.255622,0.190669
-0.279899,-0.254289,0.189905
-0.278613,-0.257985,0.187523
-0.281979,-0.259852,0.188184
-0.283464,-0.260835,0.186701
-0.283024,-0.262499,0.186809
-0.284753,-0.262586,0.185195
-0.287396,-0.264040,0.183328
-0.287124,-0.265872,0.181344
-0.289308,-0.268489,0.181190
-0.290536,-0.271500,0.180947
-0.293111,-0.271637,0.178417
-0.292899,-0.272677,0.177306
-0.295058,-0.273236,0.179572
-0.295473,-0.275379,0.175757
-0.298851,-0.277676,0.174772
-0.297584,-0.281405,0.171477
-0.299882,-0.282162,0.173594
-0.303426,-0.283649,0.170741
-0.304503,-0.285517,0.169282
-0.303310,-0.286466,0.167293
-0.305447,-0.287789,0.166151
-0.307562,-0.290196,0.163968
-0.309391,-0.291927,0.167013
-0.310335,-0.293926,0.164609
-0.310410,-0.295228,0.161803
-0.313867,-0.296502,0.160767
-0.315708,-0.301166,0.161031
-0.315456,-0.301708,0.157884
-0.316871,-0.303609,0.154382
0.006528,-0.245584,0.197367
0.005068,-0.241933,0.202588
0.001816,-0.235864,0.205455
-0.000291,-0.229621,0.210197
-0.001098,-0.226097,0.210503
-0.002632,-0.224294,0.215921
-0.002344,-0.221036,0.216460
-0.004734,-0.216822,0.219000
-0.008761,-0.216322,0.218802
-0.007402,-0.210653,0.222301
-0.008748,-0.207751,0.226175
-0.010167,-0.207400,0.226885
-0.011375,-0.205378,0.227147
-0.013453,-0.203193,0.226397
-0.014754,-0.201599,0.229296
-0.014612,-0.197857,0.231451
-0.016319,-0.196555,0.233166
-0.017930,-0.194237,0.233146
-0.018587,-0.188005,0.236677
-0.021436,-0.188763,0.238797
-0.020478,-0.184321,0.241497
-0.024568,-0.180221,0.245406
-0.023779,-0.173832,0.248239
-0.026472,-0.170053,0.250890
-0.026671,-0.160804,0.257174
-0.029288,-0.154855,0.261870
-0.029905,-0.150929,0.265608
-0.031653,-0.144095,0.270972
-0.032743,-0.140715,0.271883
-0.032964,-0.135852,0.277696
-0.034644,-0.132976,0.279098
-0.035781,-0.130216,0.278492
-0.035900,-0.127242,0.279626
-0.036750,-0.126905,0.281100
-0.040398,-0.123589,0.285145
-0.041223,-0.125102,0.284520
-0.042419,-0.123853,0.285435
-0.042599,-0.120828,0.285375
-0.044693,-0.120288,0.286354
-0.045882,-0.119486,0.286079
-0.045541,-0.119774,0.285819
-0.048402,-0.120104,0.287138
-0.050181,-0.118973,0.289390
-0.050476,-0.117296,0.289064
-0.050854,-0.117300,0.289553
-0.051537,-0.117028,0.291136
-0.051673,-0.115284,0.290259
-0.054114,-0.114982,0.290223
-0.056482,-0.114544,0.289207
-0.056442,-0.114732,0.291667
-0.058405,-0.114929,0.290369
-0.059004,-0.113808,0.291370
-0.061773,-0.115817,0.290126
-0.061455,-0.113673,0.292011
-0.063074,-0.114770,0.292577
-0.063968,-0.116180,0.289977
-0.065101,-0.113427,0.289858
-0.066017,-0.113842,0.289451
-0.067350,-0.112604,0.290969
-0.068247,-0.113345,0.291848
-0.069975,-0.113958,0.291708
-0.069408,-0.113713,0.291422
-0.072050,-0.112931,0.292985
-0.072928,-0.113607,0.291170
-0.074859,-0.114999,0.291842
-0.075904,-0.114300,0.291375
-0.075956,-0.116384,0.291461
-0.078071,-0.113505,0.290277
-0.078617,-0.114039,0.292141
-0.080594,-0.113054,0.292228
-0.081156,-0.114048,0.292296
-0.082965,-0.113795,0.290847
-0.083623,-0.113654,0.290184
-0.082727,-0.113034,0.290162
-0.085124,-0.113431,0.292067
-0.087009,-0.115747,0.289713
-0.086658,-0.116072,0.291149
-0.089690,-0.117602,0.289489
-0.091223,-0.115604,0.289851
-0.090073,-0.116337,0.290690
-0.092393,-0.116954,0.287720
-0.094263,-0.117293,0.287538
-0.094829,-0.118754,0.288017
-0.096762,-0.119860,0.289124
-0.096822,-0.119216,0.289069
-0.098769,-0.120062,0.288312
-0.097738,-0.120186,0.288565
-0.098290,-0.119182,0.288160
-0.100446,-0.119735,0.285908
-0.102343,-0.121635,0.287362
-0.102448,-0.121911,0.287310
-0.104915,-0.122020,0.284341
-0.105372,-0.121548,0.286550
-0.107669,-0.122416,0.283653
-0.109031,-0.124250,0.282812
-0.110766,-0.125569,0.283695
-0.111641,-0.126510,0.282398
-0.112951,-0.125280,0.282986
-0.111751,-0.126522,0.280712
-0.113469,-0.125846,0.281359
-0.116167,-0.127993,0.280232
-0.116465,-0.129140,0.281421
-0.115986,-0.130317,0.280626
-0.117967,-0.131582,0.280578
-0.120123,-0.130201,0.279290
-0.122269,-0.132771,0.279840
-0.122152,-0.131602,0.277245
-0.123446,-0.134299,0.279162
-0.126413,-0.135387,0.275646
-0.125677,-0.135327,0.275333
-0.125595,-0.137056,0.275255
-0.128891,-0.136595,0.274258
-0.128959,-0.137440,0.272941
-0.129515,-0.137932,0.273407
-0.130472,-0.139919,0.274351
-0.131040,-0.141206,0.272363
-0.133803,-0.142541,0.271511
-0.136542,-0.143467,0.272664
-0.138122,-0.144419,0.269398
-0.135202,-0.142695,0.270313
-0.137541,-0.147223,0.269372
-0.140402,-0.145582,0.268225
-0.140832,-0.145889,0.265984
-0.142704,-0.150093,0.267839
-0.144612,-0.149343,0.266104
-0.144723,-0.150212,0.265676
-0.146300,-0.151099,0.265952
-0.147381,-0.152581,0.264772
-0.148780,-0.152218,0.262854
-0.149235,-0.154426,0.263886
-0.148597,-0.156362,0.264154
-0.150560,-0.154793,0.260905
-0.153352,-0.157574,0.260235
-0.154957,-0.161041,0.258140
-0.156637,-0.160183,0.259731
-0.156991,-0.161139,0.258983
-0.157338,-0.162002,0.258840
-0.159233,-0.162869,0.257582
-0.160223,-0.164393,0.255859
-0.161509,-0.164531,0.253160
-0.161791,-0.168622,0.253136
-0.162975,-0.167436,0.253912
-0.164467,-0.168544,0.251956
-0.165013,-0.170567,0.251417
-0.166948,-0.170746,0.250064
-0.169865,-0.171577,0.249939
-0.170244,-0.173634,0.249863
-0.170677,-0.174702,0.247735
-0.172767,-0.176278,0.247406
-0.173034,-0.177779,0.246199
-0.174378,-0.178147,0.246125
-0.176556,-0.179727,0.244455
-0.177481,-0.180263,0.244494
-0.177023,-0.183734,0.244034
-0.179581,-0.183637,0.240654
-0.180052,-0.184682,0.240948
-0.184560,-0.185029,0.241987
-0.186252,-0.187518,0.241310
-0.185578,-0.186209,0.240829
-0.186515,-0.188962,0.237430
-0.185648,-0.188699,0.238568
-0.188925,-0.187922,0.236540
-0.189909,-0.191650,0.238909
-0.190510,-0.189360,0.238076
-0.190610,-0.190019,0.236734
-0.192752,-0.192824,0.236533
-0.195233,-0.192288,0.235151
-0.194652,-0.194158,0.236616
-0.195369,-0.193667,0.233758
-0.197106,-0.192885,0.235217
-0.199582,-0.194798,0.233272
-0.201718,-0.195112,0.232917
-0.201593,-0.195387,0.233193
-0.202821,-0.197436,0.233312
-0.205085,-0.198200,0.232866
-0.205130,-0.197861,0.230631
-0.206755,-0.201623,0.230337
-0.208251,-0.201908,0.231410
-0.209212,-0.202114,0.229273
-0.209476,-0.200815,0.227812
-0.212337,-0.202695,0.227910
-0.212637,-0.201587,0.225583
-0.213758,-0.202625,0.226038
-0.216174,-0.205929,0.228060
-0.217953,-0.206870,0.226858
-0.217591,-0.207836,0.224308
-0.218309,-0.209891,0.226023
-0.221440,-0.209776,0.224778
-0.223285,-0.209132,0.222662
-0.223837,-0.211460,0.222068
-0.223542,-0.212008,0.222063
-0.226868,-0.214384,0.223174
-0.227177,-0.213479,0.219756
-0.227000,-0.213964,0.220129
-0.229548,-0.216858,0.220081
-0.230878,-0.217633,0.219059
-0.231049,-0.219481,0.217773
-0.233000,-0.219767,0.217776
-0.234302,-0.221763,0.215895
-0.234782,-0.222715,0.215228
-0.238258,-0.223795,0.214624
-0.237757,-0.226699,0.212631
-0.237935,-0.226564,0.212971
-0.239413,-0.226467,0.211881
-0.240826,-0.226533,0.210805
-0.243877,-0.230451,0.211211
-0.243893,-0.226454,0.210626
-0.244370,-0.231055,0.207803
-0.246271,-0.231409,0.209815
-0.248294,-0.229945,0.208103
-0.249635,-0.232046,0.206914
-0.252287,-0.235085,0.207386
-0.251942,-0.233769,0.207064
-0.254149,-0.235087,0.207456
-0.255851,-0.233703,0.207292
-0.255395,-0.237140,0.205104
-0.257358,-0.236458,0.203991
-0.258255,-0.238829,0.201373
-0.260311,-0.240217,0.202334
-0.261422,-0.242090,0.202992
-0.262119,-0.241968,0.200907
-0.263898,-0.243443,0.200770
-0.266947,-0.244661,0.198187
-0.266356,-0.246964,0.199738
-0.266968,-0.247354,0.198443
-0.269116,-0.248221,0.195692
-0.270762,-0.251004,0.195734
-0.271141,-0.251265,0.195715
-0.272068,-0.252402,0.194560
-0.273470,-0.254772,0.193644
-0.274551,-0.256054,0.191515
-0.277051,-0.256190,0.191201
-0.277787,-0.259055,0.190988
-0.278924,-0.259208,0.190128
-0.282050,-0.260659,0.188630
-0.281653,-0.262673,0.189150
-0.282645,-0.261347,0.187367
-0.286725,-0.261242,0.184937
-0.286884,-0.267734,0.184065
-0.288110,-0.266699,0.183348
-0.289570,-0.269152,0.181153
-0.290385,-0.269389,0.180399
-0.291746,-0.272221,0.179628
-0.293848,-0.274890,0.177057
-0.294230,-0.276240,0.178648
-0.297919,-0.279574,0.176131
-0.299309,-0.280377,0.174112
-0.299920,-0.281170,0.172696
-0.301565,-0.283371,0.171977
-0.301810,-0.285454,0.173262
-0.304700,-0.288998,0.169994
-0.305759,-0.287899,0.168287
-0.307523,-0.290813,0.168646
-0.307910,-0.290095,0.167119
-0.310539,-0.293200,0.165135
-0.309330,-0.295655,0.162018
-0.311825,-0.296539,0.163347
-0.313881,-0.300785,0.161106
-0.313966,-0.303706,0.158179
-0.315798,-0.304753,0.158012
-0.317040,-0.305114,0.155022
0.002683,-0.250148,0.197079
0.002487,-0.242399,0.203124
0.001285,-0.236028,0.204744
-0.001860,-0.232136,0.209180
-0.002624,-0.231390,0.213639
-0.004415,-0.226072,0.213251
-0.004875,-0.225160,0.214436
-0.007061,-0.223336,0.216692
-0.006264,-0.219398,0.219943
-0.007633,-0.215059,0.222166
-0.010148,-0.213605,0.225050
-0.009294,-0.210244,0.224976
-0.012157,-0.209174,0.228070
-0.013869,-0.206493,0.229885
-0.015122,-0.204394,0.230659
-0.016464,-0.203455,0.232304
-0.019139,-0.199237,0.231718
-0.020081,-0.196745,0.233593
-0.019441,-0.192982,0.237212
-0.021860,-0.192162,0.238011
-0.022258,-0.187963,0.241056
-0.022182,-0.183491,0.245673
-0.024989,-0.178788,0.246042
-0.026659,-0.174147,0.249814
-0.027632,-0.169241,0.254323
-0.029252,-0.163355,0.257250
-0.030461,-0.155818,0.263170
-0.033218,-0.151188,0.266532
-0.034803,-0.148020,0.269550
-0.034524,-0.144723,0.271311
-0.034191,-0.139096,0.275446
-0.037996,-0.136187,0.275168
-0.038913,-0.136228,0.277535
-0.039662,-0.132768,0.279125
-0.041296,-0.130971,0.279828
-0.040590,-0.131126,0.282806
-0.041881,-0.127581,0.283705
-0.046625,-0.126524,0.284892
-0.045173,-0.124688,0.283993
-0.046589,-0.124185,0.286812
-0.048006,-0.125936,0.286936
-0.048603,-0.124043,0.286296
-0.049486,-0.122409,0.286661
-0.051317,-0.122876,0.286730
-0.052705,-0.121576,0.289382
-0.052655,-0.120708,0.287442
-0.054063,-0.120765,0.289979
-0.054722,-0.118829,0.287962
-0.056885,-0.119859,0.289652
-0.059137,-0.118486,0.289431
-0.060142,-0.120203,0.287740
-0.058877,-0.119309,0.289100
-0.061343,-0.119241,0.288517
-0.062000,-0.118285,0.288807
-0.063354,-0.118707,0.291050
-0.063703,-0.119169,0.290495
-0.067232,-0.116467,0.287221
-0.068477,-0.118695,0.288956
-0.068342,-0.118333,0.289167
-0.069975,-0.119616,0.290538
-0.068858,-0.117554,0.288495
-0.073409,-0.118044,0.290339
-0.071970,-0.116944,0.290258
-0.072391,-0.116557,0.288456
-0.075152,-0.119092,0.290697
-0.076867,-0.118072,0.291121
-0.077181,-0.118416,0.289732
-0.079029,-0.119258,0.288848
-0.080042,-0.117386,0.289557
-0.081184,-0.118612,0.289297
-0.081568,-0.117434,0.288750
-0.081890,-0.119992,0.288159
-0.086145,-0.116759,0.289209
-0.084588,-0.117621,0.287772
-0.086968,-0.119824,0.289799
-0.088342,-0.120176,0.287920
-0.089012,-0.120023,0.289012
-0.090187,-0.121359,0.288525
-0.091518,-0.120964,0.287207
-0.095319,-0.120106,0.287788
-0.094575,-0.121416,0.289180
-0.095719,-0.121930,0.288172
-0.095648,-0.122873,0.287517
-0.098370,-0.121809,0.288774
-0.097722,-0.122206,0.286524
-0.097843,-0.121690,0.287007
-0.100651,-0.124371,0.287606
-0.101576,-0.122023,0.287656
-0.103541,-0.123579,0.283397
-0.102952,-0.125163,0.285203
-0.103826,-0.125913,0.286330
-0.107766,-0.125414,0.285469
-0.107437,-0.126945,0.282754
-0.109866,-0.127320,0.283754
-0.109068,-0.128011,0.284536
-0.112513,-0.130487,0.282260
-0.110735,-0.130923,0.283399
-0.112792,-0.131045,0.280396
-0.112638,-0.129754,0.279551
-0.116239,-0.130154,0.280646
-0.116737,-0.134037,0.278517
-0.116322,-0.134246,0.278944
-0.119341,-0.132686,0.278864
-0.123068,-0.133992,0.279033
-0.120213,-0.135425,0.276761
-0.123407,-0.136279,0.278264
-0.121776,-0.138427,0.276272
-0.126545,-0.138456,0.277280
-0.125648,-0.137812,0.277140
-0.127516,-0.137913,0.275606
-0.128674,-0.140461,0.273283
-0.128807,-0.140370,0.273663
-0.129904,-0.141676,0.272971
-0.132255,-0.141744,0.274047
-0.129650,-0.143451,0.271378
-0.132010,-0.145955,0.271844
-0.135156,-0.145662,0.270165
-0.135150,-0.146172,0.269640
-0.135641,-0.148000,0.270372
-0.138318,-0.149477,0.269969
-0.138880,-0.148216,0.269668
-0.140088,-0.148204,0.267494
-0.142878,-0.151334,0.267360
-0.146113,-0.152773,0.265782
-0.145236,-0.150620,0.266542
-0.145109,-0.153255,0.263914
-0.147365,-0.153123,0.265205
-0.145768,-0.156286,0.262219
-0.148999,-0.158302,0.263273
-0.152222,-0.157358,0.260945
-0.154047,-0.159725,0.260158
-0.153304,-0.159944,0.260579
-0.154845,-0.161071,0.258584
-0.155920,-0.164243,0.257919
-0.157243,-0.165370,0.257961
-0.156912,-0.165915,0.257167
-0.160839,-0.165742,0.255455
-0.160322,-0.167790,0.256121
-0.162667,-0.169976,0.254687
-0.163962,-0.169836,0.252414
-0.163449,-0.171670,0.253893
-0.165489,-0.172049,0.250255
-0.164991,-0.173983,0.249775
-0.165932,-0.174366,0.248889
-0.168168,-0.175744,0.249368
-0.168936,-0.177931,0.248921
-0.171032,-0.179475,0.250079
-0.173866,-0.179732,0.246116
-0.172341,-0.180979,0.244762
-0.175484,-0.183014,0.244112
-0.175077,-0.183972,0.243597
-0.177090,-0.185213,0.241182
-0.179881,-0.185006,0.241347
-0.180695,-0.188533,0.239883
-0.181833,-0.187787,0.239497
-0.182723,-0.190749,0.238675
-0.181461,-0.190489,0.237698
-0.187572,-0.192105,0.237946
-0.185845,-0.191520,0.236331
-0.186997,-0.192337,0.237628
-0.187178,-0.194807,0.237165
-0.188336,-0.195154,0.237777
-0.191991,-0.194389,0.235125
-0.191173,-0.197019,0.233362
-0.193313,-0.196321,0.233910
-0.195082,-0.197965,0.235268
-0.197773,-0.198370,0.233382
-0.197283,-0.199999,0.233892
-0.196850,-0.199608,0.232448
-0.200036,-0.199056,0.233544
-0.199784,-0.199718,0.231328
-0.200456,-0.200106,0.230054
-0.201633,-0.199879,0.232579
-0.202858,-0.203328,0.232574
-0.205593,-0.203341,0.229623
-0.207536,-0.202920,0.231156
-0.207696,-0.204707,0.229706
-0.208741,-0.205787,0.230108
-0.209418,-0.208720,0.228699
-0.210937,-0.206161,0.228344
-0.213556,-0.208937,0.225489
-0.213524,-0.209158,0.225187
-0.215850,-0.210318,0.225118
-0.216093,-0.212141,0.223189
-0.217370,-0.214703,0.221800
-0.218585,-0.214327,0.223266
-0.220742,-0.213519,0.221732
-0.223578,-0.214439,0.221050
-0.223013,-0.214978,0.222808
-0.224248,-0.216751,0.220988
-0.225584,-0.216529,0.222017
-0.226245,-0.216676,0.218456
-0.227539,-0.220730,0.220017
-0.228330,-0.220319,0.219685
-0.231167,-0.220878,0.218390
-0.232427,-0.221935,0.217464
-0.234170,-0.223097,0.215881
-0.235485,-0.224909,0.214449
-0.235492,-0.224754,0.215128
-0.236022,-0.225362,0.213494
-0.237418,-0.227273,0.213425
-0.239562,-0.229787,0.212173
-0.242123,-0.229841,0.210815
-0.242949,-0.230881,0.210975
-0.243383,-0.228942,0.211163
-0.243843,-0.231690,0.209290
-0.245838,-0.231969,0.210021
-0.247576,-0.236324,0.208922
-0.249025,-0.234794,0.209409
-0.250502,-0.237510,0.208031
-0.248672,-0.235848,0.207578
-0.252137,-0.236075,0.208388
-0.253843,-0.236611,0.207147
-0.254943,-0.237037,0.204874
-0.255105,-0.238279,0.206339
-0.257109,-0.239315,0.204707
-0.259542,-0.241453,0.204015
-0.259407,-0.244173,0.202664
-0.263330,-0.244830,0.203024
-0.262767,-0.243860,0.202593
-0.262404,-0.246309,0.199340
-0.264434,-0.247885,0.200189
-0.265619,-0.248594,0.196952
-0.268508,-0.249927,0.196553
-0.269385,-0.252321,0.196680
-0.269674,-0.253099,0.194039
-0.271477,-0.254338,0.193855
-0.274111,-0.255028,0.194844
-0.273708,-0.256135,0.192677
-0.276329,-0.257674,0.191510
-0.276932,-0.258540,0.192306
-0.277948,-0.260342,0.192121
-0.279544,-0.260972,0.190262
-0.282277,-0.261970,0.187897
-0.281028,-0.263566,0.187251
-0.283545,-0.265571,0.186232
-0.284382,-0.266031,0.186587
-0.285827,-0.268404,0.184647
-0.287138,-0.268428,0.184169
-0.288709,-0.273216,0.183437
-0.291266,-0.272790,0.181296
-0.293761,-0.273763,0.181388
-0.295043,-0.275480,0.178712
-0.294672,-0.279031,0.179197
-0.296702,-0.279135,0.178303
-0.298218,-0.282624,0.175088
-0.299489,-0.284957,0.172653
-0.301429,-0.285205,0.172529
-0.300743,-0.287437,0.170664
-0.303306,-0.288965,0.171300
-0.304153,-0.290104,0.169158
-0.305716,-0.293575,0.166449
-0.307469,-0.294954,0.167838
-0.311309,-0.294486,0.165635
-0.312393,-0.300520,0.163186
-0.313328,-0.299832,0.160965
-0.313379,-0.301998,0.162901
-0.316210,-0.305136,0.160060
-0.315801,-0.307228,0.156512
0.003089,-0.259335,0.193867
0.002004,-0.248008,0.200880
-0.001953,-0.241200,0.206881
-0.001534,-0.235831,0.211300
-0.004783,-0.231388,0.213067
-0.004782,-0.228671,0.213789
-0.007611,-0.230025,0.215601
-0.006440,-0.228418,0.217843
-0.009492,-0.224487,0.216955
-0.010518,-0.221567,0.220220
-0.010157,-0.217194,0.221337
-0.012950,-0.215414,0.223777
-0.011863,-0.212668,0.223797
-0.016727,-0.209760,0.227706
-0.015392,-0.209433,0.228585
-0.017583,-0.206233,0.229767
-0.019412,-0.203378,0.232533
-0.020594,-0.201801,0.231916
-0.020326,-0.199748,0.235681
-0.023543,-0.195114,0.237878
-0.023342,-0.192658,0.239207
-0.024898,-0.190404,0.243278
-0.025824,-0.186125,0.244054
-0.027177,-0.181582,0.246627
-0.029878,-0.175607,0.251194
-0.031956,-0.169791,0.255165
-0.031247,-0.164591,0.260369
-0.032003,-0.158483,0.262993
-0.035037,-0.153249,0.265319
-0.035823,-0.152625,0.269323
-0.036764,-0.147341,0.271031
-0.037301,-0.142508,0.273336
-0.037981,-0.139892,0.275733
-0.041482,-0.139839,0.276884
-0.041191,-0.136917,0.277818
-0.040898,-0.134590,0.279924
-0.042057,-0.133966,0.279471
-0.045242,-0.130559,0.281549
-0.047322,-0.130704,0.283372
-0.047170,-0.130975,0.284071
-0.048907,-0.129240,0.283349
-0.049063,-0.127149,0.283644
-0.051169,-0.128486,0.284813
-0.052836,-0.126433,0.284584
-0.053332,-0.127769,0.286806
-0.055304,-0.124800,0.286035
-0.056731,-0.127135,0.285565
-0.056304,-0.124966,0.287058
-0.057347,-0.126120,0.287616
-0.057906,-0.124255,0.287308
-0.059159,-0.122947,0.286263
-0.061293,-0.123537,0.287978
-0.062580,-0.123058,0.288232
-0.065619,-0.125397,0.288320
-0.064275,-0.124508,0.286226
-0.065335,-0.122317,0.288183
-0.066434,-0.122454,0.289816
-0.066194,-0.123441,0.289248
-0.069726,-0.121687,0.287628
-0.071099,-0.121665,0.288960
-0.072962,-0.120948,0.288927
-0.073995,-0.122676,0.288659
-0.073169,-0.122392,0.288276
-0.074619,-0.121705,0.288235
-0.077053,-0.123546,0.286921
-0.077327,-0.121902,0.290482
-0.077488,-0.123133,0.288928
-0.080208,-0.123507,0.287481
-0.077346,-0.124830,0.287204
-0.081856,-0.124304,0.287245
-0.083447,-0.124316,0.288981
-0.082477,-0.124709,0.286646
-0.086044,-0.121138,0.288763
-0.086526,-0.123915,0.287380
-0.087941,-0.123417,0.283981
-0.088701,-0.124739,0.288540
-0.089630,-0.123826,0.286427
-0.091377,-0.124582,0.286027
-0.092147,-0.125564,0.288096
-0.092643,-0.124913,0.284950
-0.096691,-0.126713,0.286924
-0.093582,-0.125842,0.286601
-0.096106,-0.124420,0.285595
-0.096586,-0.126068,0.286666
-0.099104,-0.126281,0.285168
-0.100711,-0.126726,0.287155
-0.100512,-0.127767,0.285414
-0.101455,-0.127302,0.284664
-0.103398,-0.128383,0.284148
-0.103490,-0.129798,0.284207
-0.106510,-0.129652,0.281555
-0.108018,-0.130390,0.284315
-0.109121,-0.129914,0.283999
-0.110666,-0.130730,0.280995
-0.112628,-0.132880,0.282183
-0.113097,-0.130405,0.280704
-0.112345,-0.133658,0.281468
-0.115751,-0.134481,0.281173
-0.115879,-0.134038,0.279535
-0.114556,-0.132415,0.278691
-0.115779,-0.138135,0.279081
-0.119174,-0.136430,0.278195
-0.120075,-0.136044,0.277460
-0.120141,-0.139018,0.277098
-0.120913,-0.138068,0.275733
-0.123857,-0.139349,0.276350
-0.122831,-0.140706,0.275667
-0.126784,-0.141288,0.274223
-0.125947,-0.141693,0.275067
-0.128744,-0.143528,0.275077
-0.128567,-0.143861,0.274973
-0.128975,-0.145099,0.271928
-0.130700,-0.144098,0.271842
-0.134094,-0.147606,0.273701
-0.134960,-0.146056,0.271377
-0.135150,-0.149522,0.269687
-0.137001,-0.148115,0.270532
-0.138000,-0.149296,0.267382
-0.137603,-0.150597,0.268107
-0.139159,-0.151324,0.268012
-0.140702,-0.153180,0.265707
-0.142047,-0.151561,0.266403
-0.143030,-0.153281,0.266654
-0.144958,-0.156537,0.262830
-0.144423,-0.155986,0.263952
-0.147861,-0.156824,0.262717
-0.148567,-0.159664,0.263942
-0.149696,-0.161387,0.260167
-0.152474,-0.160972,0.261630
-0.149940,-0.161189,0.259776
-0.151867,-0.162433,0.258870
-0.155263,-0.163864,0.257782
-0.157324,-0.167787,0.256814
-0.155655,-0.166506,0.257609
-0.158405,-0.168112,0.255588
-0.161105,-0.170175,0.255721
-0.159718,-0.171590,0.254466
-0.159497,-0.172285,0.254200
-0.161114,-0.172447,0.253662
-0.163019,-0.174628,0.251908
-0.165146,-0.176859,0.250918
-0.165134,-0.175285,0.251035
-0.167655,-0.179105,0.248658
-0.169094,-0.179023,0.247942
-0.168969,-0.181970,0.246378
-0.171277,-0.182950,0.244842
-0.171241,-0.185083,0.244613
-0.172644,-0.185713,0.245096
-0.175993,-0.186449,0.243206
-0.176242,-0.188476,0.243429
-0.177413,-0.188805,0.241378
-0.180048,-0.190760,0.241940
-0.181103,-0.190917,0.241427
-0.182167,-0.192616,0.239759
-0.182946,-0.194227,0.239537
-0.181931,-0.194218,0.237995
-0.183066,-0.195101,0.235704
-0.185928,-0.196801,0.237610
-0.188886,-0.198032,0.236289
-0.188586,-0.199585,0.235677
-0.190138,-0.197951,0.235553
-0.190103,-0.199094,0.235096
-0.193269,-0.201899,0.233776
-0.192470,-0.199653,0.233291
-0.193493,-0.201738,0.233262
-0.195601,-0.201326,0.233169
-0.195887,-0.204093,0.233586
-0.196974,-0.203725,0.231323
-0.199838,-0.203773,0.231261
-0.201380,-0.204179,0.232670
-0.200957,-0.205833,0.230756
-0.201741,-0.206522,0.227788
-0.204968,-0.207592,0.228823
-0.205714,-0.207468,0.230503
-0.206611,-0.208052,0.229059
-0.208553,-0.209959,0.229413
-0.209798,-0.210871,0.225553
-0.210601,-0.211891,0.227834
-0.210875,-0.213431,0.226074
-0.213625,-0.213638,0.224028
-0.213967,-0.214727,0.225229
-0.214492,-0.216323,0.223333
-0.216421,-0.216867,0.223381
-0.216587,-0.218502,0.221847
-0.219630,-0.218974,0.221604
-0.219965,-0.219237,0.221942
-0.220763,-0.220705,0.220299
-0.221625,-0.221986,0.219121
-0.223921,-0.220438,0.220962
-0.227669,-0.223590,0.219402
-0.229124,-0.222440,0.218733
-0.228118,-0.223263,0.218398
-0.231336,-0.224826,0.215947
-0.231036,-0.227013,0.216721
-0.231399,-0.224943,0.217082
-0.233932,-0.228063,0.216590
-0.233152,-0.225597,0.213877
-0.236147,-0.229055,0.214052
-0.237058,-0.229308,0.214215
-0.239115,-0.232271,0.213239
-0.238336,-0.232220,0.212700
-0.239665,-0.233560,0.212591
-0.243454,-0.233206,0.207969
-0.244020,-0.233800,0.209389
-0.243832,-0.235212,0.210045
-0.243967,-0.236349,0.210271
-0.246562,-0.236520,0.210354
-0.249856,-0.236719,0.208241
-0.248108,-0.237253,0.208393
-0.250211,-0.239219,0.208217
-0.254174,-0.240708,0.207742
-0.253874,-0.240122,0.207555
-0.255715,-0.240122,0.208865
-0.257492,-0.243399,0.205361
-0.257506,-0.242543,0.205470
-0.257324,-0.241959,0.203434
-0.261483,-0.243697,0.204028
-0.260846,-0.244817,0.201063
-0.262759,-0.247491,0.199788
-0.263681,-0.249032,0.199399
-0.264683,-0.250890,0.200849
-0.267208,-0.251604,0.197131
-0.268366,-0.250925,0.197612
-0.271159,-0.252904,0.194977
-0.271276,-0.254792,0.195945
-0.273217,-0.255540,0.196724
-0.275190,-0.257001,0.193932
-0.275198,-0.259462,0.193429
-0.276302,-0.260228,0.191743
-0.279159,-0.261579,0.192111
-0.279001,-0.260942,0.191664
-0.280966,-0.263740,0.189480
-0.281233,-0.264330,0.187599
-0.283969,-0.264671,0.190236
-0.284775,-0.264910,0.189246
-0.284506,-0.267046,0.187422
-0.286397,-0.268923,0.185904
-0.290195,-0.270486,0.184275
-0.288412,-0.272761,0.183032
-0.289747,-0.273188,0.182331
-0.291536,-0.275773,0.181507
-0.292433,-0.278305,0.178541
-0.294731,-0.280383,0.176373
-0.295961,-0.282235,0.177454
-0.297583,-0.283496,0.176421
-0.298569,-0.285711,0.173779
-0.300487,-0.287480,0.174501
-0.302271,-0.288245,0.169993
-0.304655,-0.291813,0.171650
-0.306137,-0.291928,0.170285
-0.308700,-0.293522,0.168883
-0.309509,-0.293801,0.166677
-0.311432,-0.296628,0.165187
-0.311271,-0.299615,0.164900
-0.311749,-0.303176,0.162694
-0.312438,-0.304199,0.162318
-0.314217,-0.306524,0.159360
-0.317523,-0.309081,0.158573
0.002561,-0.267274,0.188105
0.000365,-0.253778,0.199647
-0.001392,-0.244111,0.205484
-0.003040,-0.237994,0.209881
-0.002891,-0.235517,0.210868
-0.005034,-0.233658,0.212598
-0.008115,-0.232737,0.214663
-0.006560,-0.232343,0.215112
-0.008043,-0.228720,0.213769
-0.010039,-0.226196,0.216945
-0.011455,-0.224999,0.218448
-0.011604,-0.218956,0.222330
-0.013369,-0.216739,0.223492
-0.017613,-0.213422,0.227445
-0.015920,-0.213533,0.226734
-0.017040,-0.211241,0.228864
-0.020179,-0.208675,0.229206
-0.021879,-0.206523,0.229172
-0.022608,-0.203191,0.231199
-0.023212,-0.200059,0.234898
-0.025092,-0.197636,0.237253
-0.026739,-0.192829,0.237832
-0.027237,-0.189870,0.242450
-0.030741,-0.187875,0.244139
-0.030342,-0.180264,0.248600
-0.030487,-0.174589,0.255127
-0.031509,-0.170560,0.256736
-0.035294,-0.163267,0.261290
-0.037041,-0.162157,0.264620
-0.037076,-0.155770,0.265804
-0.038609,-0.150599,0.268780
-0.038544,-0.150218,0.273509
-0.040855,-0.147221,0.273059
-0.040365,-0.145326,0.274315
-0.042523,-0.141251,0.274935
-0.043979,-0.139199,0.276940
-0.045540,-0.138256,0.278017
-0.046021,-0.137799,0.280339
-0.046849,-0.135233,0.278963
-0.049556,-0.134141,0.280729
-0.048379,-0.134628,0.282528
-0.050973,-0.131909,0.281132
-0.052220,-0.133415,0.281462
-0.051654,-0.132781,0.284649
-0.054410,-0.132760,0.285000
-0.056472,-0.131198,0.284807
-0.056119,-0.131633,0.284587
-0.059404,-0.128182,0.285123
-0.058792,-0.129566,0.286688
-0.059300,-0.128574,0.284666
-0.060214,-0.128024,0.286903
-0.062302,-0.129427,0.286683
-0.064196,-0.130552,0.285336
-0.064511,-0.128262,0.287371
-0.066924,-0.128798,0.287110
-0.065122,-0.127748,0.287872
-0.067597,-0.127269,0.286608
-0.071206,-0.128921,0.286302
-0.071078,-0.127027,0.285557
-0.072449,-0.128712,0.285320
-0.073253,-0.127294,0.285559
-0.073514,-0.126096,0.285325
-0.075856,-0.128784,0.285607
-0.076664,-0.128248,0.284611
-0.075875,-0.128118,0.285310
-0.078828,-0.128578,0.288431
-0.078949,-0.127362,0.288012
-0.079558,-0.127429,0.284810
-0.082366,-0.127134,0.287613
-0.082829,-0.127414,0.287033
-0.083706,-0.129595,0.285827
-0.084541,-0.126707,0.284814
-0.086950,-0.127062,0.286153
-0.087032,-0.129329,0.287517
-0.089857,-0.129006,0.285929
-0.090552,-0.129304,0.285598
-0.090046,-0.127441,0.285245
-0.093560,-0.129225,0.287033
-0.091987,-0.129671,0.286144
-0.096337,-0.130152,0.285045
-0.095556,-0.129168,0.286869
-0.096879,-0.130366,0.283803
-0.097475,-0.131643,0.286073
-0.098451,-0.132318,0.283383
-0.100364,-0.133059,0.284920
-0.103866,-0.131863,0.283140
-0.103133,-0.130685,0.284174
-0.102890,-0.131624,0.284026
-0.103611,-0.132011,0.283307
-0.104799,-0.132137,0.283677
-0.106784,-0.134766,0.282540
-0.107945,-0.135169,0.280331
-0.108937,-0.135210,0.280103
-0.110457,-0.134962,0.281075
-0.112216,-0.137654,0.280555
-0.112513,-0.136324,0.278587
-0.115320,-0.139068,0.279311
-0.114160,-0.140092,0.280063
-0.116755,-0.136566,0.278129
-0.117347,-0.140049,0.276048
-0.119497,-0.139639,0.277727
-0.121153,-0.141864,0.279405
-0.122036,-0.140037,0.276393
-0.122990,-0.141665,0.276337
-0.123596,-0.143410,0.274845
-0.126036,-0.144251,0.276069
-0.125816,-0.144680,0.277245
-0.126342,-0.145327,0.273741
-0.128687,-0.146852,0.273205
-0.129657,-0.146188,0.273361
-0.130290,-0.145896,0.273146
-0.131470,-0.149177,0.271488
-0.132594,-0.148478,0.271690
-0.134660,-0.147447,0.270764
-0.135720,-0.151568,0.271807
-0.135541,-0.153210,0.269860
-0.136974,-0.152015,0.270086
-0.138013,-0.152380,0.269795
-0.138138,-0.154506,0.267958
-0.142016,-0.156185,0.266586
-0.143504,-0.156255,0.267243
-0.141968,-0.157049,0.265885
-0.145797,-0.159035,0.264767
-0.145125,-0.159609,0.263679
-0.147810,-0.161408,0.263856
-0.149026,-0.160916,0.264124
-0.149477,-0.162462,0.260519
-0.150053,-0.164172,0.261751
-0.151184,-0.164987,0.261000
-0.154387,-0.167636,0.259708
-0.153031,-0.167257,0.257979
-0.155454,-0.168123,0.257500
-0.156560,-0.171089,0.256818
-0.156477,-0.171258,0.255033
-0.158191,-0.173216,0.255013
-0.160722,-0.174638,0.253108
-0.160644,-0.176791,0.254187
-0.162884,-0.176094,0.252861
-0.166458,-0.178021,0.251921
-0.166509,-0.179867,0.250537
-0.165583,-0.181397,0.249245
-0.165596,-0.181341,0.246534
-0.169294,-0.183477,0.246932
-0.170747,-0.183606,0.247360
-0.172173,-0.187230,0.247523
-0.173109,-0.186790,0.243808
-0.173148,-0.190659,0.243634
-0.175999,-0.191681,0.241531
-0.175899,-0.192612,0.242185
-0.177769,-0.193555,0.241280
-0.178561,-0.193473,0.239899
-0.180780,-0.193452,0.241732
-0.179816,-0.197333,0.236790
-0.182809,-0.197693,0.237202
-0.184399,-0.199858,0.234749
-0.184851,-0.201994,0.236296
-0.186532,-0.201752,0.235355
-0.186469,-0.201414,0.234220
-0.187772,-0.203242,0.232239
-0.188380,-0.203564,0.231592
-0.191965,-0.204367,0.233374
-0.192220,-0.206232,0.230981
-0.194367,-0.204558,0.231491
-0.194833,-0.205480,0.231549
-0.195290,-0.207923,0.230026
-0.196809,-0.207853,0.230042
-0.198039,-0.208574,0.229413
-0.199618,-0.208608,0.228836
-0.200079,-0.210787,0.228920
-0.204174,-0.210916,0.229063
-0.203351,-0.213100,0.227597
-0.205133,-0.212527,0.226847
-0.205259,-0.212613,0.226875
-0.207698,-0.216293,0.226830
-0.209272,-0.217135,0.225461
-0.210377,-0.215814,0.225023
-0.209262,-0.217809,0.223060
-0.213168,-0.218855,0.223355
-0.213424,-0.218426,0.222773
-0.214480,-0.220955,0.222819
-0.216518,-0.222091,0.221639
-0.216798,-0.221596,0.221684
-0.218097,-0.221487,0.221586
-0.218661,-0.222116,0.220440
-0.220386,-0.223029,0.220668
-0.221193,-0.223521,0.219571
-0.223270,-0.224846,0.217706
-0.224263,-0.226175,0.219154
-0.226186,-0.227637,0.216146
-0.226880,-0.226180,0.217237
-0.229382,-0.227291,0.216942
-0.228671,-0.227626,0.214917
-0.231172,-0.227864,0.216548
-0.233391,-0.228490,0.215496
-0.233399,-0.230104,0.214871
-0.236103,-0.229779,0.213938
-0.237089,-0.231021,0.212439
-0.236982,-0.234260,0.213251
-0.239268,-0.235088,0.212321
-0.239339,-0.235818,0.212894
-0.240149,-0.236497,0.209692
-0.242660,-0.234954,0.209924
-0.245810,-0.236335,0.210619
-0.243949,-0.237051,0.210254
-0.247230,-0.240119,0.208449
-0.247584,-0.238734,0.208131
-0.247708,-0.239089,0.209442
-0.250692,-0.240065,0.207561
-0.251497,-0.238913,0.208551
-0.253970,-0.242379,0.206817
-0.254185,-0.243369,0.205973
-0.255385,-0.242756,0.206266
-0.255434,-0.245488,0.205326
-0.258005,-0.243182,0.203024
-0.260794,-0.243867,0.205396
-0.261468,-0.246792,0.202858
-0.262315,-0.248281,0.202592
-0.261395,-0.249772,0.201397
-0.265032,-0.249630,0.201237
-0.265437,-0.251193,0.199590
-0.264528,-0.251968,0.198527
-0.266391,-0.254222,0.197766
-0.269510,-0.253916,0.198157
-0.270866,-0.256420,0.196151
-0.273842,-0.256368,0.195923
-0.274130,-0.259879,0.193554
-0.275777,-0.260540,0.194818
-0.275751,-0.261466,0.194220
-0.275530,-0.262877,0.192306
-0.277201,-0.263818,0.188013
-0.278589,-0.265852,0.189708
-0.281572,-0.265971,0.190070
-0.283020,-0.268685,0.190003
-0.284559,-0.266939,0.186854
-0.286174,-0.269788,0.187563
-0.286922,-0.271145,0.186607
-0.286217,-0.269490,0.187567
-0.287786,-0.273214,0.182069
-0.291989,-0.274823,0.183383
-0.291569,-0.279608,0.182364
-0.293476,-0.279115,0.180153
-0.295246,-0.282159,0.179740
-0.294976,-0.283146,0.179084
-0.297447,-0.287152,0.176262
-0.299467,-0.284655,0.173976
-0.301814,-0.288730,0.171744
-0.302638,-0.289551,0.172039
-0.304056,-0.291203,0.170966
-0.304648,-0.293521,0.171558
-0.305753,-0.297037,0.169598
-0.306881,-0.297191,0.167556
-0.309729,-0.301032,0.167784
-0.309698,-0.301599,0.165414
-0.312925,-0.302637,0.163356
-0.314010,-0.307310,0.161465
-0.315319,-0.306367,0.160515
-0.000125,-0.262740,0.194009
-0.001963,-0.246765,0.205133
-0.003821,-0.238137,0.207283
-0.006273,-0.236575,0.209646
-0.006175,-0.236257,0.210740
-0.007060,-0.234088,0.213268
-0.009277,-0.232825,0.212889
-0.011943,-0.232212,0.214516
-0.010662,-0.230554,0.215322
-0.013138,-0.229880,0.216888
-0.012378,-0.224070,0.221309
-0.014706,-0.222636,0.221010
-0.018512,-0.219000,0.220955
-0.016822,-0.218886,0.222539
-0.019261,-0.214848,0.226098
-0.020429,-0.212916,0.228041
-0.021763,-0.211758,0.228655
-0.021924,-0.206941,0.231487
-0.025291,-0.206257,0.231965
-0.026921,-0.203500,0.236550
-0.027263,-0.199115,0.238562
-0.027340,-0.195726,0.240042
-0.029524,-0.191470,0.242736
-0.030621,-0.185710,0.248556
-0.033686,-0.179818,0.252957
-0.034496,-0.174434,0.255637
-0.036685,-0.169342,0.259108
-0.038733,-0.168136,0.261516
-0.037458,-0.162982,0.264434
-0.039689,-0.157765,0.266970
-0.040087,-0.155286,0.268917
-0.040902,-0.152467,0.268793
-0.041824,-0.149988,0.273266
-0.042513,-0.149125,0.273282
-0.042369,-0.146987,0.273956
-0.046148,-0.144948,0.277072
-0.048371,-0.142252,0.277553
-0.048932,-0.141612,0.278623
-0.048152,-0.138754,0.280586
-0.049555,-0.139187,0.281050
-0.053179,-0.136635,0.279883
-0.054300,-0.137767,0.280785
-0.054010,-0.135594,0.281702
-0.054050,-0.137039,0.281202
-0.058234,-0.135666,0.282013
-0.057453,-0.137160,0.283525
-0.058394,-0.135590,0.283935
-0.058836,-0.134294,0.282727
-0.060864,-0.135279,0.284262
-0.061353,-0.132794,0.283811
-0.063171,-0.132119,0.284518
-0.065171,-0.134954,0.284750
-0.066534,-0.132887,0.283544
-0.066135,-0.133528,0.285760
-0.066986,-0.133259,0.286470
-0.067877,-0.134019,0.285649
-0.070529,-0.134306,0.285185
-0.072400,-0.133099,0.284035
-0.072259,-0.132121,0.284355
-0.072582,-0.134267,0.284721
-0.078022,-0.131835,0.284871
-0.075961,-0.133755,0.285050
-0.075276,-0.132791,0.286445
-0.078824,-0.133165,0.284631
-0.080112,-0.130251,0.283820
-0.079204,-0.132048,0.284096
-0.079823,-0.130373,0.285367
-0.081970,-0.132635,0.284609
-0.084505,-0.132207,0.283996
-0.084171,-0.131718,0.284485
-0.088499,-0.132607,0.282987
-0.088361,-0.131921,0.283365
-0.089463,-0.131474,0.282641
-0.089032,-0.133444,0.285493
-0.092085,-0.133186,0.282514
-0.092730,-0.133847,0.284118
-0.093947,-0.132841,0.284289
-0.096014,-0.134417,0.283934
-0.096170,-0.133908,0.283271
-0.097445,-0.134673,0.284573
-0.098354,-0.135506,0.280410
-0.099008,-0.136953,0.282298
-0.100149,-0.136643,0.283011
-0.101834,-0.136542,0.283148
-0.103354,-0.135764,0.282294
-0.101151,-0.135674,0.282387
-0.105015,-0.134626,0.281888
-0.106456,-0.136005,0.282068
-0.106458,-0.137648,0.282383
-0.107641,-0.136155,0.280756
-0.110090,-0.136949,0.281572
-0.109740,-0.138354,0.281573
-0.110505,-0.138797,0.278660
-0.113302,-0.141363,0.279193
-0.112749,-0.140324,0.279762
-0.113987,-0.141491,0.278054
-0.116543,-0.141578,0.278299
-0.115442,-0.142384,0.278272
-0.118448,-0.142963,0.274875
-0.122029,-0.144724,0.277920
-0.121170,-0.143819,0.274220
-0.123725,-0.144248,0.277579
-0.123458,-0.144762,0.274884
-0.122895,-0.146284,0.275162
-0.127403,-0.145502,0.274121
-0.124045,-0.148323,0.274972
-0.128369,-0.147952,0.275096
-0.129074,-0.150638,0.274235
-0.129619,-0.150981,0.274059
-0.130925,-0.151557,0.272278
-0.131903,-0.151534,0.271117
-0.133562,-0.153202,0.271102
-0.134745,-0.153514,0.270653
-0.136117,-0.155943,0.270963
-0.136298,-0.155532,0.267440
-0.139224,-0.155701,0.266922
-0.140590,-0.160465,0.267847
-0.140721,-0.158224,0.267942
-0.141364,-0.159743,0.265862
-0.143563,-0.157413,0.265605
-0.143618,-0.160588,0.264197
-0.145511,-0.161457,0.264628
-0.148166,-0.162962,0.263505
-0.149826,-0.163517,0.264014
-0.148769,-0.165302,0.260154
-0.151170,-0.167464,0.259515
-0.152476,-0.168489,0.260200
-0.153123,-0.169095,0.258756
-0.154460,-0.171401,0.257345
-0.155137,-0.171890,0.257897
-0.158131,-0.172481,0.257829
-0.159690,-0.174037,0.255320
-0.160055,-0.175839,0.253691
-0.160380,-0.176755,0.252981
-0.160746,-0.178665,0.250870
-0.162950,-0.181352,0.250831
-0.161799,-0.180922,0.249015
-0.162854,-0.183190,0.246176
-0.167644,-0.186934,0.248292
-0.168168,-0.186673,0.246819
-0.168913,-0.188331,0.245868
-0.169055,-0.191158,0.246788
-0.171476,-0.190523,0.241008
-0.170908,-0.191544,0.242162
-0.175112,-0.192972,0.242311
-0.174822,-0.193565,0.240896
-0.176949,-0.195399,0.241128
-0.178211,-0.197199,0.239527
-0.178008,-0.197059,0.240613
-0.179200,-0.199574,0.236867
-0.182398,-0.201236,0.237425
-0.180671,-0.202377,0.233460
-0.184592,-0.203879,0.234500
-0.184755,-0.204401,0.234295
-0.185752,-0.205289,0.232269
-0.187481,-0.207086,0.231897
-0.189486,-0.208092,0.231777
-0.191031,-0.208658,0.229935
-0.190689,-0.209714,0.230529
-0.192675,-0.208132,0.230331
-0.192691,-0.210310,0.229664
-0.197041,-0.211466,0.231067
-0.196180,-0.211954,0.229107
-0.196594,-0.213125,0.227964
-0.196681,-0.213060,0.227887
-0.199232,-0.215381,0.227888
-0.201376,-0.214439,0.227997
-0.202817,-0.216184,0.225179
-0.202846,-0.217194,0.224978
-0.204490,-0.218253,0.223333
-0.206528,-0.217077,0.224560
-0.206813,-0.220724,0.224384
-0.208773,-0.221229,0.223314
-0.208180,-0.222918,0.222498
-0.211083,-0.222649,0.222985
-0.212201,-0.223253,0.221821
-0.212287,-0.222951,0.222636
-0.214612,-0.224354,0.219264
-0.216063,-0.227112,0.220751
-0.216589,-0.224035,0.220987
-0.217931,-0.225002,0.219065
-0.221350,-0.226499,0.218887
-0.221343,-0.227376,0.217533
-0.223846,-0.228222,0.219466
-0.223693,-0.230586,0.218295
-0.224318,-0.230835,0.216964
-0.224142,-0.230663,0.216333
-0.228404,-0.230837,0.216423
-0.228344,-0.229572,0.215993
-0.229967,-0.231347,0.215359
-0.232323,-0.229628,0.214783
-0.231275,-0.232417,0.214166
-0.233732,-0.233388,0.214568
-0.234795,-0.233366,0.214795
-0.235609,-0.234543,0.212129
-0.235500,-0.234718,0.212001
-0.239365,-0.233798,0.210752
-0.241316,-0.238460,0.212063
-0.242022,-0.236537,0.210745
-0.243302,-0.239423,0.211027
-0.243829,-0.240153,0.209830
-0.246052,-0.240519,0.210520
-0.247023,-0.240815,0.207238
-0.249315,-0.240787,0.207355
-0.249422,-0.244267,0.207333
-0.251256,-0.243258,0.208196
-0.251436,-0.243543,0.207459
-0.254014,-0.246223,0.207601
-0.253765,-0.243364,0.206474
-0.255898,-0.245178,0.206062
-0.255567,-0.244940,0.204267
-0.258524,-0.245798,0.205633
-0.258814,-0.249745,0.204762
-0.259897,-0.249736,0.203602
-0.261611,-0.249159,0.202586
-0.262316,-0.251068,0.202481
-0.263096,-0.253065,0.201021
-0.265498,-0.253362,0.200161
-0.267308,-0.256107,0.199535
-0.269175,-0.254596,0.198121
-0.270105,-0.257553,0.198173
-0.269034,-0.258161,0.197055
-0.272642,-0.260712,0.194464
-0.273374,-0.261092,0.194826
-0.273702,-0.262151,0.194894
-0.275232,-0.263594,0.194161
-0.277277,-0.264076,0.193611
-0.281631,-0.264308,0.191536
-0.280996,-0.265778,0.191348
-0.283312,-0.268712,0.190150
-0.283252,-0.269762,0.190956
-0.284324,-0.271011,0.189170
-0.284801,-0.274389,0.189823
-0.286070,-0.272863,0.184838
-0.287651,-0.274336,0.185448
-0.289878,-0.274946,0.184284
-0.289965,-0.278837,0.184140
-0.293018,-0.281486,0.181882
-0.294133,-0.281219,0.180356
-0.295388,-0.284507,0.179706
-0.296638,-0.286960,0.178102
-0.297842,-0.287173,0.174693
-0.298484,-0.289633,0.175844
-0.302221,-0.289604,0.175496
-0.303114,-0.291436,0.174039
-0.303871,-0.294551,0.172119
-0.304993,-0.298023,0.171225
-0.308007,-0.297186,0.169452
-0.307077,-0.298323,0.166903
-0.308878,-0.301081,0.166575
-0.310384,-0.305565,0.163885
-0.311593,-0.305417,0.163376
-0.315628,-0.306782,0.164050
-0.001393,-0.266944,0.192266
-0.003428,-0.254497,0.201412
-0.006649,-0.243428,0.207339
-0.007065,-0.242489,0.209180
-0.008695,-0.240259,0.212908
-0.007951,-0.238348,0.212724
-0.010825,-0.235136,0.214448
-0.011038,-0.235850,0.215535
-0.012910,-0.234340,0.216587
-0.014948,-0.232228,0.216087
-0.013950,-0.230238,0.219442
-0.016528,-0.228098,0.218586
-0.017974,-0.226361,0.221039
-0.018442,-0.222195,0.222572
-0.019331,-0.221338,0.223120
-0.020977,-0.217778,0.224820
-0.021564,-0.216365,0.228614
-0.023977,-0.215140,0.229734
-0.025194,-0.211078,0.232987
-0.026447,-0.209554,0.232387
-0.028845,-0.204510,0.238830
-0.027632,-0.200704,0.238096
-0.031933,-0.198501,0.240674
-0.032354,-0.192346,0.244600
-0.035196,-0.185113,0.249909
-0.034381,-0.180634,0.254473
-0.036913,-0.175029,0.257381
-0.038189,-0.172760,0.258100
-0.037861,-0.168378,0.260136
-0.038347,-0.164469,0.262662
-0.041099,-0.161014,0.266933
-0.043720,-0.157488,0.267787
-0.044437,-0.155807,0.271965
-0.044045,-0.151957,0.271818
-0.047808,-0.152019,0.272590
-0.046942,-0.149517,0.274443
-0.048003,-0.147984,0.274860
-0.050185,-0.146849,0.276683
-0.050722,-0.145124,0.277613
-0.052605,-0.144395,0.278105
-0.052245,-0.141044,0.279932
-0.054042,-0.141969,0.279122
-0.056884,-0.143442,0.279211
-0.057248,-0.143158,0.280741
-0.058543,-0.141195,0.281428
-0.059942,-0.139279,0.281947
-0.060245,-0.139487,0.281146
-0.061743,-0.140625,0.282049
-0.063159,-0.135154,0.282921
-0.064036,-0.139937,0.282985
-0.064916,-0.137896,0.281775
-0.066378,-0.135711,0.282350
-0.067827,-0.135954,0.281210
-0.066559,-0.137101,0.282359
-0.068417,-0.138842,0.283078
-0.070229,-0.136194,0.282187
-0.072245,-0.136655,0.283368
-0.074310,-0.137381,0.282896
-0.072919,-0.137648,0.281598
-0.073877,-0.137477,0.280975
-0.073362,-0.137453,0.283182
-0.080701,-0.136548,0.282053
-0.077378,-0.136417,0.280919
-0.080368,-0.137374,0.282421
-0.081237,-0.138035,0.283665
-0.080855,-0.137565,0.283794
-0.085027,-0.137408,0.281680
-0.081785,-0.138373,0.279610
-0.085487,-0.137316,0.282430
-0.085713,-0.139117,0.283428
-0.088551,-0.137303,0.283374
-0.089200,-0.139105,0.283480
-0.088930,-0.137481,0.284040
-0.089416,-0.139024,0.281838
-0.093147,-0.138513,0.282071
-0.094984,-0.138362,0.282448
-0.095876,-0.138823,0.282103
-0.097062,-0.136767,0.280172
-0.097242,-0.138015,0.281916
-0.097491,-0.138843,0.282413
-0.099676,-0.139413,0.281824
-0.100715,-0.139179,0.282469
-0.102151,-0.138688,0.280753
-0.102707,-0.141738,0.282631
-0.103871,-0.139063,0.281783
-0.104584,-0.141179,0.279534
-0.107186,-0.137749,0.281451
-0.106693,-0.139281,0.279073
-0.108231,-0.141890,0.280172
-0.111314,-0.140626,0.279652
-0.109271,-0.141975,0.279611
-0.113106,-0.142842,0.280628
-0.113903,-0.143946,0.276977
-0.113281,-0.142896,0.276996
-0.114234,-0.144205,0.278941
-0.117616,-0.145486,0.277298
-0.118146,-0.146469,0.274987
-0.119543,-0.146020,0.276256
-0.120076,-0.147610,0.274832
-0.118906,-0.147849,0.275529
-0.122201,-0.147864,0.276092
-0.123399,-0.148152,0.274636
-0.124091,-0.150362,0.275264
-0.126940,-0.148663,0.273810
-0.128628,-0.150999,0.274844
-0.128438,-0.150763,0.273865
-0.129863,-0.150122,0.272122
-0.131860,-0.153639,0.272956
-0.131526,-0.154020,0.272691
-0.133050,-0.154972,0.271496
-0.133426,-0.155267,0.271190
-0.134220,-0.157341,0.267978
-0.136832,-0.156995,0.266824
-0.139394,-0.159396,0.267124
-0.142925,-0.161394,0.267874
-0.139467,-0.160690,0.266678
-0.140313,-0.161206,0.266462
-0.142620,-0.162038,0.264443
-0.141459,-0.161871,0.264050
-0.143364,-0.163366,0.263963
-0.145385,-0.165626,0.264748
-0.148686,-0.164233,0.261946
-0.149019,-0.166366,0.260667
-0.148635,-0.167254,0.262271
-0.150190,-0.170104,0.260921
-0.152837,-0.170671,0.260502
-0.154251,-0.173262,0.257562
-0.154986,-0.172398,0.257647
-0.156310,-0.175226,0.255886
-0.157441,-0.176286,0.256207
-0.157366,-0.175835,0.255068
-0.159311,-0.178948,0.254022
-0.159137,-0.180772,0.252747
-0.162185,-0.181886,0.252541
-0.162045,-0.182143,0.252216
-0.164826,-0.185850,0.249882
-0.164848,-0.186843,0.246439
-0.169930,-0.189342,0.247517
-0.168501,-0.191567,0.246292
-0.169003,-0.190412,0.245840
-0.169392,-0.192930,0.243703
-0.170565,-0.193856,0.243419
-0.171960,-0.197474,0.243204
-0.174236,-0.199059,0.240670
-0.174241,-0.198845,0.241502
-0.175552,-0.200551,0.240712
-0.177968,-0.199804,0.237452
-0.178583,-0.203387,0.237574
-0.180449,-0.203364,0.235573
-0.181926,-0.205704,0.234820
-0.182693,-0.206647,0.235331
-0.184179,-0.208564,0.233420
-0.183959,-0.208016,0.233291
-0.186022,-0.209802,0.233056
-0.188162,-0.212430,0.230528
-0.188851,-0.212612,0.231405
-0.191769,-0.212397,0.228609
-0.191226,-0.215101,0.228720
-0.192915,-0.213769,0.228229
-0.195049,-0.215481,0.228006
-0.195102,-0.215672,0.227087
-0.196297,-0.216995,0.227319
-0.196947,-0.217926,0.225560
-0.198620,-0.219300,0.225887
-0.199750,-0.221944,0.224114
-0.200983,-0.220430,0.224956
-0.202207,-0.221870,0.223457
-0.203114,-0.221506,0.223795
-0.204277,-0.223364,0.223921
-0.205209,-0.223214,0.221907
-0.207682,-0.225071,0.220557
-0.208542,-0.224959,0.219962
-0.210160,-0.225454,0.220301
-0.211058,-0.226294,0.221359
-0.210369,-0.229677,0.221948
-0.214840,-0.228698,0.219788
-0.215347,-0.229005,0.218392
-0.215790,-0.229462,0.219708
-0.218558,-0.230129,0.218849
-0.217329,-0.230293,0.217191
-0.218178,-0.230458,0.217078
-0.221042,-0.233907,0.216650
-0.223857,-0.233358,0.215446
-0.223683,-0.234120,0.214210
-0.226159,-0.233702,0.213911
-0.226333,-0.233539,0.216460
-0.229197,-0.236711,0.212899
-0.228481,-0.234433,0.214854
-0.231456,-0.234580,0.216017
-0.230463,-0.235834,0.214083
-0.234496,-0.235816,0.214556
-0.232276,-0.236400,0.215605
-0.235488,-0.236990,0.213815
-0.237068,-0.237320,0.214664
-0.236891,-0.239889,0.210898
-0.236810,-0.240663,0.212804
-0.240316,-0.239486,0.211430
-0.240670,-0.241967,0.211242
-0.242864,-0.243427,0.210598
-0.243992,-0.242059,0.207919
-0.244485,-0.243339,0.208529
-0.247515,-0.244603,0.209882
-0.247198,-0.243070,0.208738
-0.248565,-0.245534,0.207795
-0.251379,-0.246191,0.207468
-0.250845,-0.247714,0.207777
-0.250807,-0.247110,0.206466
-0.254579,-0.246860,0.206654
-0.255615,-0.248707,0.206426
-0.257411,-0.249967,0.205387
-0.257352,-0.248685,0.204666
-0.257954,-0.249496,0.205563
-0.260101,-0.249668,0.203695
-0.261689,-0.252606,0.201588
-0.262518,-0.252445,0.201395
-0.262740,-0.253715,0.201537
-0.265633,-0.255343,0.199986
-0.266643,-0.256429,0.199934
-0.269352,-0.257555,0.198063
-0.270392,-0.259090,0.199653
-0.271939,-0.261377,0.196603
-0.272832,-0.262968,0.195090
-0.272598,-0.261950,0.193867
-0.275002,-0.263891,0.195806
-0.275487,-0.265680,0.194038
-0.280181,-0.266710,0.193300
-0.279070,-0.266315,0.192510
-0.281041,-0.269576,0.191561
-0.282795,-0.270225,0.189637
-0.282825,-0.271799,0.189272
-0.286261,-0.275084,0.188834
-0.284110,-0.273471,0.188873
-0.289340,-0.276092,0.187449
-0.289050,-0.277682,0.184556
-0.288887,-0.278259,0.184839
-0.291950,-0.280601,0.183092
-0.293069,-0.282929,0.181164
-0.292979,-0.282861,0.181924
-0.298062,-0.286550,0.180130
-0.298628,-0.287539,0.180643
-0.297060,-0.288531,0.177894
-0.301245,-0.289876,0.177172
-0.301871,-0.294113,0.175232
-0.302545,-0.293998,0.175204
-0.304855,-0.294651,0.170952
-0.306363,-0.297974,0.172014
-0.306849,-0.300476,0.170665
-0.307594,-0.301243,0.167648
-0.310025,-0.302891,0.165875
-0.311267,-0.305008,0.165976
-0.312280,-0.307254,0.164436
-0.315098,-0.309097,0.164440
-0.003180,-0.273530,0.189914
-0.004103,-0.262798,0.196731
-0.006576,-0.250460,0.206937
-0.006600,-0.245850,0.209802
-0.008283,-0.243861,0.210544
-0.008429,-0.240349,0.212379
-0.012676,-0.241743,0.212288
-0.012417,-0.239961,0.216489
-0.012785,-0.236786,0.213757
-0.016780,-0.235829,0.214968
-0.015947,-0.234192,0.216587
-0.019048,-0.232406,0.218461
-0.018631,-0.230907,0.219042
-0.019594,-0.230459,0.220398
-0.021689,-0.224888,0.221876
-0.023267,-0.224814,0.222821
-0.024942,-0.223181,0.224638
-0.025956,-0.221586,0.227866
-0.025510,-0.218054,0.228865
-0.027945,-0.212517,0.231263
-0.028654,-0.207335,0.233951
-0.030219,-0.206741,0.237807
-0.031181,-0.201168,0.237857
-0.031048,-0.199376,0.242379
-0.035162,-0.189805,0.246629
-0.035463,-0.185508,0.254240
-0.036857,-0.178671,0.255275
-0.040135,-0.174801,0.259235
-0.041674,-0.172021,0.259919
-0.040601,-0.170124,0.264171
-0.041834,-0.164856,0.263381
-0.043173,-0.163396,0.267059
-0.045381,-0.158876,0.268609
-0.047313,-0.158532,0.270451
-0.045331,-0.155613,0.271012
-0.049010,-0.153661,0.273470
-0.048714,-0.151799,0.274237
-0.050062,-0.151034,0.277481
-0.052281,-0.150537,0.274052
-0.054327,-0.146957,0.276118
-0.054687,-0.146940,0.277813
-0.056224,-0.146647,0.276805
-0.057176,-0.148261,0.277552
-0.058657,-0.147844,0.277860
-0.059228,-0.146192,0.279912
-0.059665,-0.144657,0.277586
-0.062051,-0.145116,0.280330
-0.062054,-0.143655,0.277688
-0.062442,-0.144031,0.279116
-0.063880,-0.141919,0.280669
-0.065156,-0.142621,0.280869
-0.067651,-0.141707,0.281112
-0.067925,-0.142130,0.281676
-0.068549,-0.141150,0.280756
-0.071165,-0.143590,0.280451
-0.071794,-0.145069,0.280047
-0.072924,-0.142376,0.281136
-0.072163,-0.142372,0.280354
-0.074980,-0.144005,0.281698
-0.076416,-0.145570,0.280545
-0.077192,-0.145027,0.281390
-0.078402,-0.143888,0.279396
-0.080192,-0.142703,0.279564
-0.080437,-0.141794,0.278523
-0.082901,-0.143109,0.280033
-0.081858,-0.143396,0.280053
-0.084582,-0.142740,0.280442
-0.085623,-0.144192,0.280793
-0.088034,-0.142521,0.280508
-0.089098,-0.143039,0.282172
-0.088910,-0.142726,0.280361
-0.089858,-0.141655,0.279851
-0.090362,-0.144119,0.280301
-0.092841,-0.142674,0.280059
-0.094612,-0.142480,0.279309
-0.096242,-0.142547,0.282074
-0.096864,-0.144578,0.280318
-0.098354,-0.144787,0.277544
-0.099824,-0.143676,0.281105
-0.098868,-0.143116,0.279588
-0.099811,-0.142447,0.280190
-0.101940,-0.142973,0.280232
-0.101515,-0.143082,0.279598
-0.107479,-0.144073,0.279236
-0.105350,-0.146184,0.279206
-0.106016,-0.143129,0.278257
-0.108389,-0.142981,0.278833
-0.108150,-0.145875,0.279096
-0.111064,-0.146113,0.279639
-0.109950,-0.143858,0.277846
-0.111083,-0.144521,0.276896
-0.113076,-0.146490,0.278587
-0.113397,-0.148482,0.277076
-0.115434,-0.146497,0.275754
-0.116292,-0.149706,0.276976
-0.117514,-0.149993,0.276998
-0.119134,-0.149655,0.274080
-0.118498,-0.150669,0.276795
-0.120775,-0.150559,0.276112
-0.122726,-0.150801,0.274575
-0.122925,-0.151951,0.276075
-0.124634,-0.150380,0.274831
-0.124572,-0.153298,0.273800
-0.127014,-0.155079,0.275306
-0.128050,-0.155707,0.274103
-0.129080,-0.155836,0.270775
-0.132093,-0.156151,0.269849
-0.132807,-0.156660,0.272107
-0.132227,-0.157810,0.270214
-0.133727,-0.159095,0.269286
-0.136662,-0.162081,0.268931
-0.136690,-0.161852,0.265982
-0.138177,-0.160698,0.267534
-0.139171,-0.162282,0.265666
-0.138453,-0.163386,0.265895
-0.141230,-0.164441,0.266733
-0.142266,-0.167299,0.263646
-0.143852,-0.165885,0.265813
-0.143881,-0.165808,0.265650
-0.144284,-0.167049,0.262388
-0.147097,-0.167383,0.263583
-0.149664,-0.169481,0.260513
-0.151219,-0.172614,0.259615
-0.152227,-0.172171,0.258257
-0.151075,-0.174358,0.257496
-0.153629,-0.175195,0.257716
-0.154501,-0.176136,0.256416
-0.154797,-0.177448,0.255009
-0.156801,-0.179504,0.254752
-0.158464,-0.182251,0.254059
-0.157985,-0.183664,0.254096
-0.160822,-0.183868,0.250484
-0.162358,-0.185578,0.250062
-0.163155,-0.189057,0.250806
-0.163534,-0.191027,0.246814
-0.164408,-0.189602,0.248171
-0.168473,-0.193202,0.246950
-0.167847,-0.196072,0.244436
-0.167700,-0.196522,0.243859
-0.170181,-0.198543,0.242750
-0.173127,-0.199277,0.241235
-0.174470,-0.199714,0.239080
-0.174372,-0.200710,0.239703
-0.175914,-0.201263,0.237787
-0.177974,-0.207096,0.236850
-0.176575,-0.205896,0.237744
-0.180392,-0.207014,0.235260
-0.179741,-0.208392,0.234935
-0.181270,-0.210361,0.233315
-0.182248,-0.208437,0.233854
-0.185695,-0.213534,0.231802
-0.184375,-0.214695,0.231268
-0.188282,-0.213379,0.231555
-0.186703,-0.215720,0.230775
-0.189976,-0.217224,0.227129
-0.189817,-0.218154,0.229494
-0.190863,-0.219179,0.230431
-0.191783,-0.221769,0.226887
-0.193540,-0.220504,0.225854
-0.195003,-0.222651,0.225610
-0.197150,-0.224103,0.224339
-0.196896,-0.223128,0.224393
-0.198566,-0.225612,0.223934
-0.200292,-0.225951,0.222755
-0.202605,-0.224340,0.222509
-0.203612,-0.226762,0.221207
-0.203089,-0.228794,0.222184
-0.206020,-0.231002,0.220863
-0.206083,-0.229456,0.221143
-0.208623,-0.228208,0.221407
-0.212520,-0.229201,0.220385
-0.209765,-0.228347,0.223499
-0.211065,-0.230323,0.220613
-0.213189,-0.231706,0.219603
-0.214282,-0.232075,0.219698
-0.214436,-0.234068,0.218742
-0.216960,-0.233698,0.215889
-0.217645,-0.235519,0.215957
-0.218436,-0.235811,0.216971
-0.220956,-0.234438,0.215130
-0.221175,-0.235462,0.215665
-0.222284,-0.235782,0.215558
-0.223886,-0.237140,0.215424
-0.224306,-0.237551,0.215643
-0.226067,-0.237165,0.216002
-0.228608,-0.238473,0.212787
-0.228908,-0.239762,0.213681
-0.229932,-0.237467,0.212369
-0.232863,-0.240712,0.214440
-0.234143,-0.241197,0.212099
-0.233203,-0.240802,0.214657
-0.234256,-0.242443,0.212650
-0.234958,-0.240763,0.212910
-0.237514,-0.241316,0.212268
-0.240274,-0.240505,0.212630
-0.240301,-0.243359,0.211856
-0.241107,-0.243403,0.210577
-0.244815,-0.245185,0.210371
-0.245481,-0.245884,0.208904
-0.245795,-0.245931,0.207804
-0.244472,-0.246271,0.206623
-0.245990,-0.246847,0.208774
-0.250398,-0.249435,0.207712
-0.248422,-0.248434,0.206277
-0.251457,-0.250365,0.206221
-0.254129,-0.249992,0.207576
-0.254105,-0.251414,0.207175
-0.257798,-0.251003,0.205051
-0.257988,-0.250635,0.205503
-0.258666,-0.250532,0.204076
-0.258969,-0.252071,0.203121
-0.260899,-0.251781,0.202928
-0.260948,-0.257105,0.203499
-0.263603,-0.255119,0.203665
-0.264371,-0.257462,0.200220
-0.266704,-0.256129,0.201452
-0.267167,-0.258990,0.199024
-0.268213,-0.260519,0.198638
-0.269460,-0.263045,0.197936
-0.269352,-0.261845,0.196730
-0.272705,-0.266087,0.195924
-0.273251,-0.265175,0.194658
-0.274910,-0.265243,0.193524
-0.275764,-0.267797,0.194435
-0.277889,-0.269775,0.194256
-0.278233,-0.270752,0.191088
-0.279856,-0.269763,0.190278
-0.280651,-0.273744,0.192796
-0.284150,-0.274640,0.190000
-0.284093,-0.277237,0.189022
-0.286089,-0.276626,0.187661
-0.286806,-0.277596,0.187649
-0.287938,-0.279419,0.184570
-0.288883,-0.281698,0.185842
-0.289548,-0.282156,0.185336
-0.292104,-0.282051,0.184666
-0.294721,-0.283304,0.180491
-0.295515,-0.285497,0.179433
-0.297153,-0.289101,0.180220
-0.297133,-0.291193,0.180726
-0.299319,-0.290610,0.177818
-0.300736,-0.293722,0.176596
-0.301545,-0.296992,0.174172
-0.306386,-0.296844,0.172377
-0.305170,-0.300253,0.171557
-0.305399,-0.301740,0.170836
-0.310147,-0.303339,0.167642
-0.308662,-0.305028,0.167133
-0.313248,-0.309429,0.167287
-0.313962,-0.307874,0.165484
-0.001700,-0.276622,0.189577
-0.005260,-0.271226,0.194943
-0.005302,-0.257471,0.202170
-0.007919,-0.250329,0.206583
-0.010237,-0.246547,0.208365
-0.011216,-0.245034,0.210100
-0.013487,-0.245191,0.212868
-0.015496,-0.241958,0.213564
-0.014412,-0.240487,0.213808
-0.014846,-0.238801,0.213928
-0.018612,-0.237912,0.215687
-0.017730,-0.235832,0.217077
-0.020757,-0.232804,0.216988
-0.021386,-0.234282,0.218875
-0.022322,-0.232120,0.221414
-0.022440,-0.231360,0.219856
-0.023765,-0.228215,0.222979
-0.026933,-0.226422,0.222153
-0.025574,-0.224567,0.225857
-0.029970,-0.221008,0.227484
-0.030293,-0.217837,0.230403
-0.032385,-0.212814,0.235346
-0.031292,-0.209306,0.236096
-0.035557,-0.205431,0.239126
-0.035799,-0.196085,0.244920
-0.036306,-0.192188,0.249239
-0.038656,-0.182482,0.253768
-0.041122,-0.180101,0.255686
-0.041303,-0.175522,0.257807
-0.043552,-0.172906,0.261594
-0.044013,-0.169298,0.264472
-0.044351,-0.167278,0.265782
-0.045148,-0.163653,0.268544
-0.047270,-0.161410,0.269094
-0.047959,-0.160716,0.271393
-0.048797,-0.158887,0.270800
-0.051979,-0.158667,0.271405
-0.052119,-0.156935,0.273318
-0.053689,-0.151456,0.275679
-0.053155,-0.152174,0.275907
-0.054561,-0.151284,0.277150
-0.056406,-0.152437,0.276543
-0.056359,-0.151044,0.275016
-0.059327,-0.150771,0.276553
-0.060522,-0.149604,0.276276
-0.061343,-0.151292,0.278114
-0.062065,-0.149722,0.276487
-0.062810,-0.150850,0.278702
-0.066717,-0.149478,0.277307
-0.064784,-0.147637,0.278585
-0.065812,-0.146800,0.280240
-0.068473,-0.146823,0.277712
-0.068534,-0.146947,0.279008
-0.069815,-0.147866,0.277089
-0.072043,-0.147528,0.280151
-0.071543,-0.148636,0.276002
-0.073709,-0.146232,0.278408
-0.074733,-0.146853,0.277556
-0.076778,-0.147528,0.278541
-0.076791,-0.148420,0.278201
-0.079914,-0.148493,0.278279
-0.079057,-0.148000,0.278803
-0.081188,-0.147895,0.278059
-0.083866,-0.148138,0.277479
-0.082475,-0.148116,0.279002
-0.085024,-0.147755,0.278918
-0.084160,-0.146508,0.278259
-0.087044,-0.148145,0.279626
-0.087207,-0.148827,0.278626
-0.089074,-0.148778,0.277516
-0.089845,-0.147577,0.277113
-0.091754,-0.148465,0.278988
-0.092580,-0.148171,0.279708
-0.093441,-0.147580,0.278067
-0.093574,-0.148273,0.278450
-0.095889,-0.149091,0.280217
-0.097075,-0.147917,0.279337
-0.099240,-0.146893,0.278656
-0.100249,-0.148708,0.280745
-0.101291,-0.149414,0.278639
-0.102528,-0.149283,0.280649
-0.102699,-0.146261,0.279535
-0.105477,-0.147180,0.278983
-0.104553,-0.146840,0.279888
-0.104540,-0.149047,0.279035
-0.107031,-0.148264,0.278087
-0.108660,-0.148234,0.275924
-0.108373,-0.148159,0.277181
-0.110695,-0.149109,0.276880
-0.111459,-0.150180,0.277916
-0.113082,-0.150504,0.276813
-0.114682,-0.150192,0.276197
-0.115882,-0.151887,0.276487
-0.118064,-0.151670,0.274658
-0.118823,-0.152356,0.276582
-0.119330,-0.153290,0.274825
-0.120417,-0.153237,0.274898
-0.119630,-0.153141,0.274530
-0.121769,-0.155454,0.272469
-0.123455,-0.152852,0.274023
-0.122969,-0.155181,0.273975
-0.124678,-0.155880,0.272516
-0.128695,-0.156351,0.271115
-0.127030,-0.157464,0.272391
-0.129895,-0.157774,0.271677
-0.131357,-0.157577,0.270728
-0.131811,-0.159812,0.269731
-0.132711,-0.162118,0.271260
-0.132925,-0.161437,0.269318
-0.135285,-0.162893,0.268130
-0.135455,-0.163297,0.266432
-0.137004,-0.165017,0.269460
-0.140463,-0.164601,0.265591
-0.137976,-0.166406,0.264613
-0.140843,-0.166219,0.266611
-0.142724,-0.169879,0.263955
-0.144344,-0.168649,0.262607
-0.144662,-0.171193,0.264400
-0.145270,-0.172038,0.262281
-0.146968,-0.171550,0.261849
-0.146778,-0.174556,0.261253
-0.148969,-0.175838,0.259610
-0.151458,-0.175318,0.258052
-0.150746,-0.176259,0.258039
-0.153141,-0.178554,0.258339
-0.155388,-0.180383,0.258444
-0.153909,-0.180129,0.254937
-0.155702,-0.184286,0.254018
-0.158302,-0.184207,0.253130
-0.158838,-0.184574,0.252177
-0.160311,-0.189547,0.250595
-0.160681,-0.191544,0.250367
-0.163560,-0.188765,0.249229
-0.164221,-0.193180,0.247045
-0.164924,-0.194968,0.248949
-0.166949,-0.196819,0.244214
-0.169454,-0.199468,0.242876
-0.169698,-0.198650,0.242573
-0.169503,-0.201384,0.242127
-0.174245,-0.203939,0.239602
-0.171414,-0.204455,0.236545
-0.175650,-0.205969,0.239074
-0.175936,-0.207255,0.235829
-0.176863,-0.209532,0.236485
-0.177362,-0.209188,0.235073
-0.178381,-0.211382,0.235455
-0.181572,-0.212462,0.233309
-0.180267,-0.213353,0.235756
-0.183832,-0.215491,0.230707
-0.184342,-0.216388,0.230519
-0.184219,-0.217478,0.231206
-0.185622,-0.216798,0.229931
-0.188250,-0.219406,0.227531
-0.189682,-0.221197,0.227000
-0.189995,-0.222523,0.226647
-0.192726,-0.224466,0.227138
-0.193121,-0.226586,0.226452
-0.194586,-0.224944,0.223398
-0.195752,-0.227384,0.223028
-0.198046,-0.228890,0.222425
-0.197437,-0.228211,0.221632
-0.198516,-0.229090,0.220329
-0.201719,-0.231450,0.220093
-0.202011,-0.230717,0.220418
-0.203024,-0.232435,0.219694
-0.203498,-0.234231,0.220486
-0.203710,-0.232670,0.220206
-0.204848,-0.234249,0.218583
-0.206790,-0.233144,0.218338
-0.207990,-0.233447,0.218772
-0.211572,-0.233048,0.219828
-0.211746,-0.235534,0.217645
-0.212565,-0.235300,0.218297
-0.214146,-0.236124,0.215767
-0.214806,-0.237153,0.217461
-0.219847,-0.239371,0.214853
-0.217041,-0.239159,0.216395
-0.218192,-0.239556,0.213577
-0.220616,-0.238453,0.215738
-0.224111,-0.240950,0.215195
-0.223255,-0.241822,0.216488
-0.223976,-0.241156,0.213846
-0.226229,-0.242901,0.212862
-0.227044,-0.242430,0.212059
-0.227031,-0.242070,0.212198
-0.230443,-0.242096,0.211545
-0.229842,-0.243103,0.212918
-0.231815,-0.243327,0.213064
-0.231513,-0.243165,0.211408
-0.233850,-0.244742,0.210926
-0.234926,-0.243510,0.211331
-0.237117,-0.246245,0.211717
-0.237018,-0.244329,0.210729
-0.240484,-0.245497,0.210703
-0.239238,-0.247221,0.210642
-0.239889,-0.247174,0.210238
-0.241968,-0.248235,0.208555
-0.245022,-0.248078,0.207744
-0.245743,-0.250459,0.207081
-0.248093,-0.248780,0.209000
-0.248438,-0.249352,0.207313
-0.250372,-0.249190,0.206195
-0.248893,-0.251492,0.206670
-0.252339,-0.252683,0.206919
-0.253847,-0.251328,0.205633
-0.255441,-0.254101,0.206216
-0.255192,-0.252159,0.205840
-0.256087,-0.253855,0.205784
-0.256692,-0.255301,0.203301
-0.260541,-0.253903,0.203708
-0.260146,-0.257286,0.203873
-0.261816,-0.257338,0.203125
-0.263688,-0.257990,0.204076
-0.265191,-0.257001,0.202839
-0.265794,-0.259746,0.202037
-0.267204,-0.260193,0.200380
-0.267757,-0.261981,0.200030
-0.267612,-0.265083,0.198950
-0.271104,-0.263721,0.198238
-0.270516,-0.266553,0.198383
-0.273934,-0.268127,0.196167
-0.276118,-0.267647,0.195922
-0.277568,-0.269206,0.195522
-0.278038,-0.268578,0.194277
-0.279599,-0.272234,0.192113
-0.280033,-0.274083,0.191427
-0.281031,-0.274376,0.191045
-0.284096,-0.276782,0.190497
-0.283077,-0.275989,0.188782
-0.288204,-0.279203,0.186191
-0.285334,-0.279017,0.186504
-0.287602,-0.278574,0.184249
-0.290025,-0.282886,0.186382
-0.291745,-0.283914,0.185099
-0.292206,-0.288233,0.182592
-0.295501,-0.287192,0.182408
-0.294059,-0.288239,0.183116
-0.296040,-0.290000,0.180059
-0.297986,-0.292568,0.177230
-0.301366,-0.294814,0.179158
-0.303070,-0.296281,0.174877
-0.302239,-0.298308,0.175151
-0.303916,-0.300469,0.173755
-0.304270,-0.300643,0.172055
-0.306273,-0.304659,0.171133
-0.309425,-0.306805,0.168608
-0.310499,-0.307074,0.168730
-0.312546,-0.310364,0.164673
-0.313098,-0.314658,0.164628
-0.000844,-0.316365,0.163976
-0.004974,-0.280783,0.187230
-0.007045,-0.275789,0.194170
-0.008986,-0.264721,0.197991
-0.012283,-0.255392,0.205812
-0.010615,-0.254680,0.206559
-0.013415,-0.250740,0.209777
-0.014150,-0.247594,0.211022
-0.015802,-0.247403,0.212871
-0.016162,-0.246022,0.213151
-0.017641,-0.244221,0.215119
-0.018651,-0.241686,0.215434
-0.019911,-0.242271,0.215830
-0.020448,-0.238338,0.214826
-0.021999,-0.236630,0.218530
-0.024249,-0.235744,0.219238
-0.024044,-0.235521,0.219623
-0.026421,-0.234124,0.221843
-0.027455,-0.231408,0.219977
-0.029507,-0.231721,0.221646
-0.030556,-0.230486,0.222562
-0.030653,-0.227150,0.226734
-0.033627,-0.221067,0.229959
-0.033613,-0.214906,0.234523
-0.036132,-0.210681,0.236141
-0.035025,-0.206765,0.239507
-0.038633,-0.195873,0.245983
-0.038207,-0.186355,0.251407
-0.038882,-0.183039,0.255740
-0.041934,-0.179164,0.257765
-0.044052,-0.177972,0.261789
-0.044020,-0.175627,0.262011
-0.045120,-0.172073,0.265179
-0.046968,-0.169089,0.264742
-0.047811,-0.167434,0.267573
-0.048986,-0.166267,0.268719
-0.050564,-0.163125,0.270167
-0.051226,-0.161039,0.270273
-0.051947,-0.160624,0.270672
-0.055016,-0.158930,0.275236
-0.055211,-0.156643,0.275204
-0.056855,-0.154357,0.275158
-0.058647,-0.153992,0.275971
-0.057946,-0.154137,0.276149
-0.060305,-0.155463,0.276451
-0.060469,-0.155183,0.275254
-0.061455,-0.155603,0.275445
-0.065358,-0.152220,0.276949
-0.065085,-0.153867,0.275607
-0.065042,-0.152980,0.276711
-0.067870,-0.153163,0.274989
-0.068427,-0.151709,0.278192
-0.069771,-0.152918,0.278269
-0.069600,-0.151427,0.277041
-0.071865,-0.151804,0.275543
-0.074068,-0.152251,0.276785
-0.072587,-0.151120,0.275378
-0.076289,-0.153118,0.279163
-0.075389,-0.153656,0.276649
-0.077776,-0.151816,0.277842
-0.077684,-0.152104,0.278002
-0.080437,-0.153992,0.276664
-0.079822,-0.154138,0.275658
-0.081643,-0.154801,0.275764
-0.083969,-0.155961,0.275610
-0.085242,-0.155535,0.276865
-0.084432,-0.154654,0.275378
-0.086685,-0.154515,0.276239
-0.088638,-0.154449,0.275910
-0.090462,-0.154605,0.274211
-0.089371,-0.153807,0.275432
-0.092348,-0.155691,0.274543
-0.093701,-0.154473,0.273449
-0.096021,-0.153318,0.277291
-0.094524,-0.153964,0.274624
-0.097101,-0.152597,0.276552
-0.096199,-0.151767,0.275718
-0.099458,-0.153242,0.276870
-0.098258,-0.151443,0.277504
-0.100477,-0.152114,0.277308
-0.102901,-0.152350,0.275943
-0.102300,-0.152874,0.276008
-0.105566,-0.151925,0.278384
-0.106234,-0.151708,0.278227
-0.105786,-0.152331,0.276800
-0.108055,-0.153919,0.277877
-0.107391,-0.153395,0.275750
-0.109092,-0.152385,0.276695
-0.110101,-0.151745,0.276493
-0.113025,-0.151632,0.276841
-0.111458,-0.154607,0.275522
-0.115395,-0.153623,0.276367
-0.113337,-0.156558,0.275437
-0.117130,-0.155883,0.276003
-0.116977,-0.157046,0.274400
-0.118751,-0.156845,0.274579
-0.120091,-0.157028,0.275886
-0.121194,-0.157106,0.273817
-0.122803,-0.159193,0.273298
-0.124925,-0.158641,0.271380
-0.125121,-0.158506,0.272631
-0.124449,-0.160443,0.270877
-0.127076,-0.160511,0.272161
-0.127078,-0.160721,0.272271
-0.129155,-0.160256,0.271464
-0.131906,-0.161611,0.271261
-0.131363,-0.161888,0.268633
-0.133476,-0.163337,0.269315
-0.135687,-0.165121,0.270108
-0.134860,-0.165853,0.268802
-0.135559,-0.167466,0.267552
-0.139289,-0.167034,0.264214
-0.138299,-0.169189,0.266643
-0.141500,-0.169608,0.264568
-0.140015,-0.172534,0.263629
-0.141825,-0.171310,0.263131
-0.144034,-0.174481,0.263658
-0.147211,-0.173969,0.264635
-0.146704,-0.174432,0.261429
-0.148136,-0.176614,0.261432
-0.147950,-0.175005,0.260055
-0.150437,-0.177309,0.260057
-0.149919,-0.180302,0.259749
-0.149409,-0.181021,0.257235
-0.153595,-0.181899,0.257855
-0.155841,-0.182587,0.256500
-0.155344,-0.185663,0.254018
-0.158342,-0.187361,0.253174
-0.155630,-0.187934,0.251317
-0.159922,-0.189418,0.251472
-0.161937,-0.190510,0.249524
-0.164165,-0.194957,0.248997
-0.162027,-0.194391,0.248297
-0.164715,-0.198143,0.245819
-0.165793,-0.199093,0.245789
-0.167231,-0.201074,0.244346
-0.167313,-0.201691,0.241355
-0.170582,-0.202503,0.242613
-0.169976,-0.206416,0.240588
-0.173578,-0.207949,0.238189
-0.173972,-0.209485,0.239021
-0.174633,-0.209685,0.236820
-0.176996,-0.211781,0.235312
-0.176910,-0.212280,0.235232
-0.176707,-0.213042,0.233166
-0.179062,-0.214384,0.232751
-0.180513,-0.217319,0.232518
-0.181936,-0.219307,0.232096
-0.183056,-0.221151,0.231620
-0.184122,-0.221159,0.230022
-0.186608,-0.221141,0.228537
-0.185837,-0.224275,0.226900
-0.189662,-0.227709,0.226509
-0.189419,-0.225964,0.225956
-0.193136,-0.228373,0.223916
-0.192007,-0.231296,0.224442
-0.194522,-0.229796,0.224299
-0.194897,-0.230518,0.221656
-0.195571,-0.232253,0.221539
-0.198794,-0.233135,0.221082
-0.199603,-0.233980,0.219925
-0.199011,-0.235940,0.219511
-0.200467,-0.234776,0.221755
-0.202316,-0.236189,0.218706
-0.203591,-0.236206,0.219135
-0.202774,-0.237181,0.217060
-0.206643,-0.234469,0.219384
-0.206275,-0.237055,0.218108
-0.207325,-0.236311,0.218056
-0.209918,-0.238698,0.218220
-0.208134,-0.237664,0.217987
-0.213426,-0.237596,0.215739
-0.213945,-0.240642,0.217360
-0.214358,-0.241004,0.218572
-0.217383,-0.241621,0.213239
-0.217952,-0.244818,0.213550
-0.218162,-0.244649,0.216016
-0.218396,-0.243116,0.215539
-0.218340,-0.243197,0.213113
-0.222143,-0.244554,0.212618
-0.222082,-0.243274,0.212553
-0.224737,-0.246323,0.212025
-0.226568,-0.244168,0.212360
-0.225600,-0.247099,0.212174
-0.229131,-0.246307,0.211201
-0.229099,-0.246064,0.211600
-0.231349,-0.247881,0.212250
-0.232002,-0.248687,0.208567
-0.234346,-0.246650,0.209852
-0.233555,-0.247615,0.209751
-0.235113,-0.249593,0.209940
-0.236128,-0.249196,0.209336
-0.238779,-0.249250,0.209166
-0.238832,-0.249796,0.211997
-0.239388,-0.247066,0.210778
-0.241396,-0.249678,0.210125
-0.240894,-0.251473,0.208195
-0.245939,-0.249465,0.207715
-0.247018,-0.251507,0.210460
-0.245762,-0.251634,0.206807
-0.247183,-0.252766,0.207605
-0.249562,-0.253238,0.206568
-0.249961,-0.254388,0.204891
-0.253196,-0.253853,0.205229
-0.252796,-0.254983,0.205864
-0.253590,-0.255298,0.203163
-0.255630,-0.256032,0.205977
-0.257895,-0.257731,0.205751
-0.258596,-0.257172,0.203965
-0.259488,-0.257131,0.204953
-0.260041,-0.260767,0.204971
-0.261351,-0.258045,0.202657
-0.261806,-0.260329,0.201996
-0.266769,-0.262083,0.203041
-0.267044,-0.262149,0.201286
-0.267192,-0.261878,0.199950
-0.267956,-0.263242,0.200226
-0.269841,-0.265878,0.199664
-0.272391,-0.264904,0.199199
-0.273229,-0.267580,0.196756
-0.273534,-0.268273,0.196572
-0.275695,-0.271784,0.195818
-0.276773,-0.272504,0.193645
-0.277700,-0.272893,0.192716
-0.280139,-0.274220,0.192464
-0.280250,-0.276566,0.193204
-0.283797,-0.277622,0.190561
-0.285585,-0.277687,0.190232
-0.283850,-0.279522,0.188551
-0.286122,-0.280197,0.188397
-0.288596,-0.281394,0.188589
-0.290082,-0.282167,0.187173
-0.290530,-0.284138,0.185064
-0.290487,-0.286083,0.184236
-0.292762,-0.286564,0.182668
-0.294058,-0.289036,0.181396
-0.295859,-0.291294,0.180748
-0.296227,-0.292142,0.179372
-0.297870,-0.295068,0.178084
-0.299528,-0.296832,0.178703
-0.302271,-0.297432,0.175518
-0.302314,-0.298228,0.174324
-0.304857,-0.301255,0.173504
-0.307862,-0.303384,0.171964
-0.308498,-0.306515,0.169895
-0.308547,-0.307084,0.171474
-0.310255,-0.310162,0.166642
-0.311944,-0.312719,0.166209
-0.003650,-0.314057,0.165315
-0.006086,-0.289213,0.183868
-0.008373,-0.279257,0.189548
-0.009699,-0.272362,0.196152
-0.011242,-0.260167,0.203275
-0.010032,-0.258515,0.206478
-0.012580,-0.255215,0.207078
-0.015079,-0.254597,0.208511
-0.016181,-0.250954,0.211007
-0.016937,-0.249469,0.212037
-0.018267,-0.243920,0.213592
-0.018096,-0.245049,0.214085
-0.021749,-0.244018,0.215226
-0.022817,-0.243264,0.215169
-0.022365,-0.241496,0.215830
-0.024727,-0.238872,0.217747
-0.025960,-0.237859,0.218498
-0.027737,-0.238187,0.219786
-0.030472,-0.235739,0.219514
-0.029476,-0.235754,0.222032
-0.029255,-0.235238,0.221967
-0.032249,-0.235950,0.222312
-0.033688,-0.229654,0.222269
-0.036992,-0.225803,0.228632
-0.036832,-0.219635,0.232230
-0.038113,-0.214227,0.234981
-0.039457,-0.205700,0.242270
-0.039197,-0.194674,0.250244
-0.042560,-0.189504,0.252600
-0.043357,-0.185644,0.256260
-0.044480,-0.183965,0.257213
-0.045581,-0.177909,0.261053
-0.046868,-0.176374,0.263648
-0.048362,-0.173667,0.265037
-0.050763,-0.168941,0.265128
-0.049429,-0.168704,0.267561
-0.052091,-0.169113,0.266888
-0.053376,-0.167789,0.270024
-0.052436,-0.166966,0.268955
-0.056002,-0.162417,0.272219
-0.055963,-0.163510,0.272348
-0.057738,-0.159579,0.274874
-0.059740,-0.158327,0.272787
-0.059069,-0.158838,0.274557
-0.060658,-0.156097,0.274993
-0.062443,-0.158127,0.274998
-0.062723,-0.159288,0.273838
-0.063805,-0.159631,0.274477
-0.066457,-0.155544,0.275467
-0.066703,-0.157629,0.274705
-0.066651,-0.156674,0.275092
-0.070375,-0.157998,0.276439
-0.071471,-0.155249,0.274161
-0.071378,-0.156794,0.278203
-0.071858,-0.156366,0.274941
-0.072780,-0.157481,0.274386
-0.074497,-0.158301,0.275792
-0.075730,-0.157694,0.275697
-0.077294,-0.158331,0.274368
-0.079615,-0.158169,0.274187
-0.080010,-0.160341,0.273551
-0.079884,-0.158888,0.274009
-0.083266,-0.160117,0.274130
-0.084371,-0.160585,0.272608
-0.082225,-0.159761,0.273223
-0.084677,-0.159731,0.273051
-0.086356,-0.160220,0.272424
-0.089079,-0.160999,0.271058
-0.088440,-0.159045,0.273599
-0.090027,-0.159768,0.273976
-0.090849,-0.161316,0.274822
-0.093206,-0.159418,0.273666
-0.093465,-0.158163,0.275256
-0.096181,-0.157393,0.274013
-0.096647,-0.157865,0.276002
-0.098466,-0.157165,0.274551
-0.099632,-0.159951,0.274993
-0.098451,-0.159671,0.274475
-0.100276,-0.159948,0.275411
-0.101452,-0.157420,0.274858
-0.102922,-0.156755,0.274670
-0.103955,-0.158026,0.277793
-0.104381,-0.157376,0.274481
-0.107162,-0.157845,0.274908
-0.106557,-0.156352,0.275869
-0.107098,-0.156936,0.274100
-0.110578,-0.154979,0.275043
-0.111159,-0.158376,0.275443
-0.112425,-0.156100,0.277804
-0.112876,-0.157126,0.276290
-0.113143,-0.157897,0.274127
-0.115862,-0.159425,0.274318
-0.116843,-0.157803,0.274340
-0.117988,-0.159849,0.273940
-0.118534,-0.158704,0.274258
-0.120801,-0.158723,0.273407
-0.120499,-0.162318,0.269926
-0.121765,-0.161551,0.272189
-0.125472,-0.160613,0.274161
-0.124234,-0.161344,0.269614
-0.125108,-0.160818,0.271253
-0.127820,-0.161814,0.270415
-0.128317,-0.163257,0.271744
-0.128674,-0.165456,0.269791
-0.129265,-0.165250,0.269190
-0.132499,-0.167126,0.268428
-0.131270,-0.167547,0.269225
-0.136431,-0.168612,0.268014
-0.134893,-0.169318,0.267345
-0.136531,-0.168663,0.266386
-0.135973,-0.169832,0.265067
-0.140603,-0.172222,0.268118
-0.140934,-0.171873,0.265793
-0.141718,-0.174179,0.263779
-0.142952,-0.174864,0.264403
-0.145295,-0.175266,0.263885
-0.144511,-0.177045,0.264370
-0.146566,-0.176463,0.259765
-0.148096,-0.178918,0.260353
-0.148015,-0.179823,0.258845
-0.148296,-0.181980,0.256726
-0.150494,-0.179843,0.255594
-0.151232,-0.183914,0.259367
-0.154372,-0.185717,0.256256
-0.154463,-0.186766,0.255264
-0.156387,-0.188498,0.253188
-0.157395,-0.191120,0.252639
-0.159996,-0.191927,0.251424
-0.161527,-0.193119,0.250462
-0.159904,-0.195369,0.247551
-0.161860,-0.197768,0.247207
-0.164646,-0.199071,0.246393
-0.165673,-0.200214,0.246560
-0.165668,-0.203607,0.244162
-0.169484,-0.204600,0.244154
-0.167748,-0.205533,0.240313
-0.169644,-0.208011,0.241345
-0.170907,-0.210625,0.239324
-0.171992,-0.212041,0.238679
-0.174106,-0.213521,0.235735
-0.173933,-0.217076,0.236509
-0.174688,-0.217248,0.233420
-0.175676,-0.218782,0.231385
-0.179797,-0.219301,0.232714
-0.179188,-0.222473,0.230742
-0.180842,-0.222537,0.229050
-0.181388,-0.223803,0.229906
-0.184766,-0.225202,0.226449
-0.184120,-0.228268,0.224560
-0.186851,-0.229258,0.227805
-0.188405,-0.228722,0.225326
-0.189419,-0.230529,0.224612
-0.189723,-0.233243,0.223752
-0.191594,-0.233394,0.222540
-0.193243,-0.235018,0.224167
-0.192841,-0.234777,0.222466
-0.193617,-0.237835,0.221814
-0.196453,-0.238797,0.218574
-0.197417,-0.237819,0.219603
-0.199356,-0.237391,0.218125
-0.198862,-0.240039,0.217482
-0.202050,-0.238887,0.219797
-0.202125,-0.240257,0.218284
-0.204660,-0.240224,0.218372
-0.203373,-0.240237,0.218152
-0.207904,-0.239931,0.218802
-0.207299,-0.239744,0.215681
-0.210070,-0.239755,0.218327
-0.209235,-0.239829,0.217823
-0.210485,-0.243372,0.216380
-0.211316,-0.242463,0.216021
-0.213738,-0.243529,0.215409
-0.216298,-0.245003,0.213379
-0.217607,-0.247211,0.213260
-0.217290,-0.247676,0.213766
-0.217603,-0.246997,0.212036
-0.220230,-0.245659,0.214496
-0.219903,-0.249673,0.212363
-0.222683,-0.247922,0.212303
-0.223023,-0.250024,0.212359
-0.223505,-0.249921,0.212638
-0.226804,-0.249867,0.211390
-0.227350,-0.250615,0.212170
-0.229458,-0.249942,0.210424
-0.229690,-0.253052,0.211175
-0.232314,-0.251729,0.209674
-0.232436,-0.251752,0.210713
-0.232840,-0.251798,0.210876
-0.232600,-0.250822,0.209651
-0.234767,-0.250929,0.209772
-0.236400,-0.251303,0.210383
-0.237887,-0.249706,0.211025
-0.239766,-0.254299,0.210009
-0.243280,-0.252026,0.210649
-0.241030,-0.254004,0.210772
-0.242816,-0.253213,0.209457
-0.244314,-0.254479,0.207830
-0.244866,-0.254526,0.208252
-0.247037,-0.255732,0.206259
-0.246936,-0.254871,0.206957
-0.251899,-0.255678,0.208046
-0.249399,-0.256286,0.205527
-0.249897,-0.255971,0.206927
-0.253934,-0.257359,0.206713
-0.255287,-0.258050,0.205263
-0.256655,-0.259487,0.205140
-0.258339,-0.259595,0.204307
-0.258175,-0.260202,0.202696
-0.260286,-0.260594,0.203441
-0.260292,-0.261122,0.201000
-0.260859,-0.261209,0.203176
-0.264960,-0.260649,0.201752
-0.264316,-0.264005,0.202191
-0.266305,-0.263534,0.201653
-0.268825,-0.264846,0.200533
-0.268703,-0.266556,0.200221
-0.268658,-0.267293,0.198381
-0.271689,-0.268792,0.195571
-0.272978,-0.270805,0.197309
-0.272993,-0.271081,0.196497
-0.275840,-0.272901,0.195935
-0.276111,-0.273297,0.194407
-0.276998,-0.274289,0.194169
-0.279996,-0.277370,0.192968
-0.280425,-0.278813,0.194526
-0.281852,-0.278922,0.191145
-0.282589,-0.280789,0.188856
-0.285308,-0.280993,0.189361
-0.285451,-0.284104,0.189983
-0.287851,-0.283617,0.187651
-0.288695,-0.284944,0.187915
-0.288071,-0.286323,0.184974
-0.291605,-0.289013,0.184814
-0.292631,-0.292042,0.183325
-0.294390,-0.293056,0.182010
-0.296319,-0.292330,0.180060
-0.295742,-0.293820,0.179667
-0.299566,-0.297898,0.178556
-0.299390,-0.297583,0.176496
-0.300396,-0.300340,0.176681
-0.301209,-0.301139,0.176209
-0.304883,-0.305668,0.174661
-0.306657,-0.305599,0.173339
-0.308450,-0.305607,0.170829
-0.307678,-0.310546,0.168985
-0.309880,-0.311942,0.168315
-0.004677,-0.314181,0.167504
-0.008221,-0.293442,0.183036
-0.008743,-0.287660,0.186062
-0.010193,-0.275980,0.193878
-0.012526,-0.268629,0.201510
-0.013027,-0.263269,0.202984
-0.014316,-0.262065,0.202518
-0.014015,-0.259965,0.205841
-0.019341,-0.257964,0.207682
-0.018769,-0.256144,0.209486
-0.018331,-0.253883,0.210473
-0.020369,-0.249721,0.211469
-0.022169,-0.248217,0.214695
-0.024559,-0.248494,0.214941
-0.025091,-0.246591,0.215188
-0.025391,-0.245814,0.216668
-0.025625,-0.245982,0.215762
-0.028911,-0.244336,0.215615
-0.028945,-0.242790,0.218443
-0.031232,-0.242617,0.219125
-0.031103,-0.241799,0.219927
-0.032996,-0.242256,0.219876
-0.032981,-0.240805,0.220400
-0.036378,-0.237052,0.219685
-0.035910,-0.234337,0.225835
-0.039646,-0.225773,0.230389
-0.039293,-0.219283,0.232836
-0.041126,-0.203707,0.244346
-0.042664,-0.194191,0.249338
-0.042536,-0.191179,0.254593
-0.044135,-0.186843,0.255170
-0.045927,-0.183876,0.257588
-0.047720,-0.180871,0.260867
-0.049442,-0.177429,0.262932
-0.050164,-0.175280,0.262290
-0.050316,-0.173099,0.264813
-0.053624,-0.173400,0.267150
-0.053124,-0.171941,0.267321
-0.053772,-0.171418,0.269350
-0.054877,-0.170242,0.268991
-0.058425,-0.167762,0.272207
-0.060291,-0.163746,0.271395
-0.059706,-0.164536,0.271848
-0.060394,-0.162800,0.273246
-0.062621,-0.162496,0.275139
-0.063093,-0.161004,0.273063
-0.063106,-0.162647,0.272136
-0.065632,-0.162803,0.272153
-0.068446,-0.161659,0.275854
-0.068119,-0.161006,0.274091
-0.069514,-0.162288,0.274192
-0.070356,-0.160547,0.272441
-0.071430,-0.161275,0.273342
-0.073029,-0.161805,0.275142
-0.073220,-0.162853,0.272253
-0.074472,-0.163802,0.273970
-0.075205,-0.163430,0.272876
-0.076543,-0.160609,0.273483
-0.078721,-0.163551,0.271281
-0.080240,-0.162355,0.271350
-0.080872,-0.164808,0.272868
-0.080611,-0.165501,0.271000
-0.082467,-0.164543,0.271327
-0.083784,-0.163648,0.270905
-0.084142,-0.166566,0.269174
-0.087572,-0.166663,0.270486
-0.088405,-0.168906,0.271783
-0.089647,-0.166163,0.268681
-0.089603,-0.170006,0.271115
-0.092532,-0.167255,0.270033
-0.091500,-0.166624,0.270459
-0.093379,-0.167284,0.270779
-0.095854,-0.167298,0.272698
-0.097141,-0.165826,0.269974
-0.097227,-0.163854,0.273559
-0.097955,-0.165336,0.270502
-0.099391,-0.162300,0.272301
-0.101696,-0.164435,0.273571
-0.101607,-0.162892,0.272375
-0.101857,-0.163418,0.273459
-0.103895,-0.162040,0.273709
-0.106012,-0.162905,0.274064
-0.106223,-0.163276,0.273270
-0.107726,-0.161367,0.272632
-0.109309,-0.163208,0.274262
-0.109414,-0.162375,0.272769
-0.110701,-0.161518,0.272451
-0.111928,-0.161527,0.274115
-0.112938,-0.161676,0.273893
-0.114782,-0.160644,0.273520
-0.115805,-0.161866,0.273461
-0.116911,-0.163286,0.273201
-0.117928,-0.162433,0.272600
-0.118573,-0.161787,0.271216
-0.120834,-0.164331,0.271631
-0.121261,-0.166045,0.271959
-0.121102,-0.165728,0.272118
-0.123344,-0.166014,0.272041
-0.123439,-0.166556,0.270676
-0.124829,-0.168076,0.269209
-0.127055,-0.167968,0.269587
-0.128244,-0.166879,0.269464
-0.129006,-0.166566,0.269198
-0.130430,-0.170513,0.268912
-0.131052,-0.168167,0.268204
-0.132847,-0.169237,0.269362
-0.135040,-0.170037,0.268136
-0.136022,-0.169505,0.266397
-0.136759,-0.173097,0.264560
-0.137723,-0.174395,0.267378
-0.139049,-0.176563,0.264919
-0.139785,-0.175505,0.263652
-0.141205,-0.175917,0.261966
-0.142355,-0.176039,0.261564
-0.143420,-0.178204,0.260341
-0.146879,-0.180568,0.260070
-0.144641,-0.183246,0.260660
-0.147105,-0.182133,0.259240
-0.147171,-0.185127,0.257631
-0.149977,-0.187351,0.259747
-0.151351,-0.186810,0.256513
-0.150617,-0.187064,0.257920
-0.154559,-0.189144,0.255399
-0.157332,-0.191177,0.252410
-0.155180,-0.192369,0.255249
-0.157231,-0.194426,0.252283
-0.157615,-0.194375,0.249802
-0.161229,-0.196861,0.249041
-0.160876,-0.200570,0.249542
-0.161336,-0.201816,0.248057
-0.163551,-0.203044,0.245644
-0.166455,-0.204571,0.245721
-0.166338,-0.206844,0.243275
-0.166935,-0.210023,0.242746
-0.169709,-0.209076,0.237713
-0.170143,-0.211722,0.238090
-0.172780,-0.214830,0.238463
-0.171439,-0.218331,0.236688
-0.172782,-0.216451,0.233844
-0.173628,-0.221517,0.232720
-0.175657,-0.220753,0.233585
-0.178086,-0.224400,0.230086
-0.179365,-0.225055,0.230352
-0.178624,-0.225913,0.228928
-0.181936,-0.228497,0.228723
-0.181302,-0.228305,0.228038
-0.183465,-0.231505,0.226044
-0.185716,-0.231438,0.224781
-0.186489,-0.232902,0.224101
-0.186290,-0.233231,0.224859
-0.187927,-0.236654,0.223781
-0.188770,-0.234947,0.222467
-0.190003,-0.236321,0.220925
-0.192261,-0.236969,0.219929
-0.191241,-0.237909,0.219870
-0.194855,-0.242038,0.218008
-0.196326,-0.240264,0.219671
-0.196280,-0.242578,0.217494
-0.198483,-0.244572,0.217339
-0.200589,-0.242708,0.217577
-0.202983,-0.244423,0.216485
-0.203094,-0.243172,0.215641
-0.203470,-0.243603,0.216120
-0.207394,-0.242218,0.218464
-0.204437,-0.242880,0.215636
-0.207602,-0.244172,0.216962
-0.211034,-0.243973,0.216441
-0.209343,-0.246741,0.215302
-0.210762,-0.244854,0.214966
-0.212971,-0.247193,0.213737
-0.213237,-0.248327,0.214750
-0.214811,-0.250704,0.214116
-0.214995,-0.250702,0.213018
-0.217783,-0.251086,0.210011
-0.217104,-0.251999,0.211815
-0.220384,-0.251856,0.212913
-0.220983,-0.250914,0.211898
-0.222175,-0.253891,0.211212
-0.224979,-0.254959,0.212162
-0.223839,-0.251782,0.209736
-0.226189,-0.251847,0.211059
-0.227054,-0.252873,0.212499
-0.229373,-0.254787,0.211027
-0.231420,-0.253099,0.211531
-0.230529,-0.256811,0.211033
-0.230711,-0.255603,0.208705
-0.230742,-0.254971,0.207179
-0.234450,-0.256927,0.209854
-0.236464,-0.255853,0.209629
-0.238277,-0.253167,0.209391
-0.239405,-0.254823,0.208604
-0.242577,-0.256721,0.208869
-0.241057,-0.253936,0.208820
-0.242143,-0.256765,0.208532
-0.243366,-0.255031,0.208191
-0.244163,-0.256417,0.208467
-0.246118,-0.256544,0.206577
-0.247351,-0.256427,0.207692
-0.248831,-0.258994,0.209336
-0.250331,-0.258342,0.206655
-0.250433,-0.261998,0.207912
-0.252077,-0.259569,0.205959
-0.253769,-0.259594,0.204626
-0.255685,-0.260982,0.204441
-0.255751,-0.262185,0.204401
-0.257954,-0.260908,0.206476
-0.257836,-0.264228,0.204092
-0.260615,-0.263879,0.203643
-0.260718,-0.262847,0.204218
-0.262039,-0.265818,0.200443
-0.264415,-0.266214,0.201901
-0.264165,-0.265708,0.203098
-0.266695,-0.265226,0.202613
-0.265969,-0.266312,0.202395
-0.268527,-0.269200,0.199656
-0.270661,-0.267819,0.197940
-0.270052,-0.270504,0.198714
-0.272708,-0.271210,0.198707
-0.272349,-0.272470,0.196968
-0.276290,-0.274417,0.196061
-0.278021,-0.277235,0.195699
-0.277331,-0.275676,0.193715
-0.279272,-0.276142,0.195707
-0.280694,-0.278295,0.192326
-0.281848,-0.281168,0.191184
-0.282450,-0.282561,0.190458
-0.283886,-0.283549,0.190265
-0.286930,-0.285007,0.188585
-0.287164,-0.285746,0.189821
-0.289061,-0.287990,0.186399
-0.290597,-0.288598,0.185895
-0.291400,-0.291455,0.184784
-0.292340,-0.292602,0.184026
-0.294412,-0.293173,0.182603
-0.295163,-0.295535,0.180307
-0.297761,-0.297765,0.179734
-0.298081,-0.299508,0.179206
-0.298763,-0.300022,0.178346
-0.301501,-0.302594,0.176520
-0.303099,-0.304366,0.174576
-0.304587,-0.305173,0.174812
-0.304754,-0.310180,0.175263
-0.307855,-0.308385,0.170781
-0.307726,-0.312939,0.170335
-0.310260,-0.316375,0.166832
-0.006263,-0.314412,0.167915
-0.008441,-0.293748,0.183350
-0.010651,-0.292849,0.183706
-0.011285,-0.284721,0.188548
-0.012434,-0.275220,0.197649
-0.014133,-0.268757,0.200940
-0.013013,-0.268830,0.202700
-0.016576,-0.266141,0.202388
-0.017119,-0.265059,0.206219
-0.018882,-0.262477,0.204841
-0.020144,-0.261244,0.208628
-0.021007,-0.259331,0.209511
-0.022523,-0.254911,0.210006
-0.023336,-0.253821,0.211618
-0.026656,-0.253401,0.213556
-0.025544,-0.250032,0.211460
-0.029716,-0.250599,0.212387
-0.029985,-0.251282,0.213387
-0.030295,-0.250362,0.214498
-0.029523,-0.249264,0.215131
-0.034169,-0.247954,0.216022
-0.031978,-0.248924,0.216669
-0.036107,-0.244868,0.217301
-0.038204,-0.246386,0.217143
-0.037303,-0.245373,0.217256
-0.039073,-0.237837,0.221727
-0.037974,-0.233314,0.227459
-0.041489,-0.226526,0.228399
-0.043934,-0.204737,0.243866
-0.044690,-0.195877,0.252489
-0.045459,-0.193821,0.253484
-0.048198,-0.190710,0.256764
-0.049500,-0.186918,0.257900
-0.051414,-0.179904,0.262382
-0.051383,-0.178109,0.263885
-0.052298,-0.176104,0.263728
-0.053746,-0.174735,0.264527
-0.055054,-0.175731,0.268029
-0.056277,-0.174179,0.268367
-0.056909,-0.174305,0.267761
-0.058070,-0.171361,0.270756
-0.059919,-0.170404,0.270536
-0.061289,-0.169144,0.268115
-0.062296,-0.167658,0.272415
-0.062932,-0.168077,0.272242
-0.065545,-0.165416,0.273074
-0.064968,-0.166914,0.271242
-0.067329,-0.166460,0.272088
-0.068608,-0.167258,0.271719
-0.067653,-0.168178,0.270990
-0.072178,-0.168560,0.272869
-0.071260,-0.166837,0.272295
-0.072648,-0.167564,0.272552
-0.074423,-0.168286,0.270131
-0.076023,-0.168222,0.270879
-0.073652,-0.170161,0.271827
-0.077611,-0.169743,0.272379
-0.075857,-0.167456,0.269817
-0.079024,-0.169317,0.269433
-0.079186,-0.168728,0.271949
-0.082322,-0.169861,0.269187
-0.083556,-0.170338,0.269296
-0.085177,-0.173045,0.268513
-0.084674,-0.170352,0.269748
-0.085651,-0.170137,0.270001
-0.086417,-0.174325,0.266168
-0.089087,-0.171997,0.268485
-0.089413,-0.174408,0.266874
-0.093098,-0.172780,0.264282
-0.092616,-0.172929,0.267020
-0.093713,-0.173286,0.267341
-0.093899,-0.173920,0.266963
-0.096720,-0.173513,0.267903
-0.095406,-0.173524,0.269060
-0.099775,-0.170684,0.270945
-0.098843,-0.171132,0.271198
-0.100560,-0.168548,0.270157
-0.101036,-0.166443,0.272435
-0.101777,-0.168083,0.273579
-0.103072,-0.168087,0.270412
-0.103809,-0.166156,0.271875
-0.106813,-0.166798,0.269502
-0.106280,-0.166222,0.270504
-0.107949,-0.166750,0.271597
-0.110027,-0.167785,0.272131
-0.110237,-0.166100,0.270669
-0.112595,-0.166714,0.272185
-0.113576,-0.166520,0.273441
-0.114630,-0.166329,0.272929
-0.116861,-0.167505,0.274597
-0.115857,-0.166169,0.273952
-0.116481,-0.165772,0.271307
-0.119044,-0.166933,0.272648
-0.120760,-0.167480,0.270988
-0.121452,-0.169244,0.269328
-0.123000,-0.166604,0.269083
-0.123493,-0.169032,0.270999
-0.124912,-0.170049,0.269440
-0.124580,-0.168585,0.270716
-0.126497,-0.173658,0.268915
-0.130124,-0.172153,0.269142
-0.129702,-0.170514,0.267772
-0.129398,-0.172811,0.268595
-0.131696,-0.172680,0.268184
-0.133392,-0.173755,0.267426
-0.134467,-0.173788,0.266671
-0.136863,-0.175065,0.265545
-0.137843,-0.177113,0.266114
-0.136974,-0.178904,0.264451
-0.139978,-0.178294,0.263432
-0.140259,-0.179880,0.263744
-0.143325,-0.180840,0.262921
-0.140977,-0.182291,0.260843
-0.144087,-0.182402,0.262278
-0.144434,-0.182957,0.259883
-0.148370,-0.182947,0.257320
-0.148174,-0.183960,0.257340
-0.147500,-0.188551,0.258391
-0.150034,-0.189026,0.257289
-0.151468,-0.191250,0.255839
-0.153096,-0.193198,0.253777
-0.152996,-0.191824,0.254077
-0.155027,-0.193008,0.252259
-0.156165,-0.195480,0.251984
-0.157834,-0.197401,0.249590
-0.158923,-0.199414,0.249345
-0.159879,-0.201827,0.246324
-0.161585,-0.202641,0.247213
-0.161074,-0.206572,0.245764
-0.162313,-0.207604,0.243959
-0.164825,-0.208698,0.243159
-0.164839,-0.210538,0.241534
-0.168042,-0.212838,0.240004
-0.167917,-0.215382,0.239000
-0.170000,-0.216293,0.237354
-0.170806,-0.218852,0.235481
-0.171160,-0.221889,0.235557
-0.173515,-0.222922,0.233344
-0.175778,-0.224706,0.233510
-0.177763,-0.225614,0.229674
-0.176618,-0.227631,0.228513
-0.179246,-0.230573,0.228155
-0.180258,-0.233418,0.228970
-0.181680,-0.233057,0.226236
-0.180300,-0.236447,0.225333
-0.183517,-0.233197,0.224355
-0.184688,-0.236411,0.223283
-0.185750,-0.237100,0.224344
-0.188036,-0.237778,0.221032
-0.188678,-0.238599,0.222107
-0.190172,-0.242433,0.221609
-0.192263,-0.242342,0.221289
-0.194385,-0.244327,0.217618
-0.195144,-0.243243,0.217429
-0.196569,-0.245060,0.217533
-0.196993,-0.244934,0.217155
-0.199473,-0.248120,0.215811
-0.198245,-0.247759,0.216631
-0.200341,-0.247987,0.216368
-0.202691,-0.246685,0.215161
-0.203413,-0.249672,0.216543
-0.203013,-0.247526,0.216983
-0.205063,-0.246719,0.214510
-0.206080,-0.248920,0.215290
-0.208088,-0.248526,0.215534
-0.209085,-0.248718,0.214551
-0.210258,-0.249065,0.215531
-0.210619,-0.252245,0.214207
-0.212921,-0.252636,0.215234
-0.211716,-0.253289,0.213133
-0.213231,-0.254706,0.210344
-0.217071,-0.251568,0.211854
-0.218808,-0.254588,0.209848
-0.220728,-0.258605,0.209159
-0.220291,-0.256938,0.209813
-0.221524,-0.255887,0.210075
-0.222825,-0.257804,0.208910
-0.223076,-0.255894,0.209796
-0.226132,-0.258056,0.212157
-0.226775,-0.258903,0.209945
-0.226893,-0.259147,0.210322
-0.229959,-0.257752,0.209822
-0.229867,-0.256384,0.209498
-0.231953,-0.258335,0.209085
-0.231993,-0.258375,0.207924
-0.231317,-0.258590,0.207102
-0.235339,-0.260101,0.208358
-0.236994,-0.259723,0.208558
-0.238743,-0.258145,0.207160
-0.238728,-0.257625,0.210014
-0.238671,-0.258732,0.208901
-0.241791,-0.258969,0.207914
-0.243644,-0.260009,0.208444
-0.244942,-0.258542,0.208449
-0.245196,-0.261032,0.207982
-0.247044,-0.260263,0.207948
-0.248776,-0.262360,0.207186
-0.248936,-0.262802,0.207417
-0.247477,-0.260515,0.206488
-0.250272,-0.263011,0.205856
-0.252409,-0.260851,0.208284
-0.255679,-0.263060,0.205403
-0.256174,-0.262216,0.204758
-0.256915,-0.263976,0.206034
-0.254680,-0.266656,0.205750
-0.259179,-0.266570,0.203826
-0.260151,-0.265851,0.204247
-0.260851,-0.264801,0.202102
-0.262683,-0.268687,0.201983
-0.261800,-0.266298,0.203056
-0.265765,-0.268692,0.202467
-0.266810,-0.271329,0.201216
-0.267722,-0.267891,0.200827
-0.267617,-0.271568,0.200932
-0.270177,-0.271261,0.198327
-0.271620,-0.272385,0.199247
-0.272542,-0.273352,0.197789
-0.272409,-0.277152,0.195514
-0.276759,-0.274787,0.197011
-0.275516,-0.278252,0.195304
-0.276912,-0.281379,0.193801
-0.279639,-0.281700,0.195209
-0.281034,-0.282540,0.191858
-0.283421,-0.282123,0.192346
-0.284450,-0.284055,0.190711
-0.283652,-0.284945,0.191596
-0.286980,-0.287010,0.189551
-0.289254,-0.291277,0.188739
-0.288072,-0.292205,0.186492
-0.291009,-0.289077,0.185912
-0.293287,-0.293560,0.184950
-0.294614,-0.296037,0.183520
-0.293958,-0.295385,0.182711
-0.298469,-0.296574,0.181890
-0.299067,-0.299204,0.181384
-0.299776,-0.300613,0.181220
-0.300786,-0.299487,0.178188
-0.299787,-0.303120,0.178037
-0.303678,-0.304269,0.177980
-0.303535,-0.308960,0.175469
-0.303955,-0.308501,0.173018
-0.306170,-0.311382,0.171463
-0.309373,-0.313841,0.170824
-0.005407,-0.332633,0.162112
-0.007370,-0.315681,0.171071
-0.009297,-0.299025,0.181146
-0.011122,-0.297635,0.183658
-0.013203,-0.294270,0.184961
-0.011917,-0.285826,0.191269
-0.014128,-0.274704,0.200491
-0.015940,-0.273280,0.202847
-0.018045,-0.272281,0.201421
-0.020868,-0.270044,0.203556
-0.021647,-0.268703,0.204125
-0.020850,-0.266078,0.205576
-0.023691,-0.265312,0.207097
-0.022704,-0.262855,0.206472
-0.024176,-0.261655,0.208954
-0.027406,-0.259312,0.209777
-0.029532,-0.259024,0.211508
-0.029526,-0.257832,0.210636
-0.029046,-0.257628,0.211034
-0.031690,-0.256478,0.211620
-0.032878,-0.257217,0.212212
-0.033716,-0.255091,0.215507
-0.036350,-0.256526,0.212196
-0.036042,-0.252456,0.214821
-0.036384,-0.253511,0.212926
-0.039119,-0.252117,0.215151
-0.039936,-0.251821,0.214456
-0.041511,-0.247608,0.218670
-0.042920,-0.239904,0.222965
-0.043267,-0.234660,0.226972
-0.045867,-0.204133,0.249076
-0.045548,-0.198945,0.252856
-0.048592,-0.195680,0.254509
-0.050765,-0.191736,0.255695
-0.051551,-0.187657,0.259370
-0.051957,-0.183432,0.261513
-0.054988,-0.181554,0.264177
-0.054376,-0.179945,0.264656
-0.055337,-0.179553,0.263688
-0.056401,-0.179860,0.266144
-0.056771,-0.176526,0.265655
-0.058779,-0.175737,0.267235
-0.062430,-0.175772,0.267317
-0.061164,-0.172702,0.268336
-0.065082,-0.169530,0.271517
-0.063391,-0.173328,0.270037
-0.064644,-0.172873,0.270074
-0.065903,-0.173744,0.270973
-0.066163,-0.173150,0.268455
-0.067808,-0.170996,0.269546
-0.068332,-0.172756,0.270149
-0.070138,-0.171755,0.269169
-0.072638,-0.173024,0.269565
-0.071499,-0.173603,0.269791
-0.075321,-0.172561,0.269207
-0.076996,-0.171100,0.269402
-0.076176,-0.174944,0.270248
-0.078555,-0.172502,0.268723
-0.080446,-0.174023,0.270006
-0.081523,-0.175454,0.269086
-0.082944,-0.174635,0.269104
-0.082451,-0.175102,0.266080
-0.085675,-0.176852,0.267372
-0.085669,-0.175562,0.268422
-0.086466,-0.177342,0.266243
-0.087984,-0.176347,0.264106
-0.087014,-0.178374,0.266871
-0.088926,-0.178887,0.265507
-0.092076,-0.179726,0.265106
-0.090306,-0.180606,0.263931
-0.092415,-0.179690,0.264668
-0.093805,-0.179436,0.265265
-0.094166,-0.179388,0.264307
-0.096565,-0.179485,0.264851
-0.099626,-0.178484,0.266066
-0.099485,-0.177489,0.267880
-0.101458,-0.176375,0.268199
-0.100305,-0.173400,0.268739
-0.103113,-0.174197,0.267320
-0.102572,-0.171789,0.269208
-0.102695,-0.170109,0.270181
-0.106509,-0.170694,0.269936
-0.106032,-0.172470,0.270731
-0.108791,-0.170990,0.269699
-0.110599,-0.169988,0.270468
-0.108504,-0.170492,0.270993
-0.112377,-0.171707,0.270515
-0.113310,-0.169770,0.271260
-0.112661,-0.170776,0.272291
-0.116402,-0.169662,0.272060
-0.114469,-0.169850,0.269743
-0.117146,-0.170325,0.272186
-0.118420,-0.172325,0.269950
-0.120332,-0.171183,0.268793
-0.121667,-0.171787,0.270953
-0.122241,-0.171470,0.270731
-0.124402,-0.172740,0.270801
-0.124960,-0.173306,0.269220
-0.125716,-0.173283,0.266580
-0.128651,-0.176667,0.268995
-0.130526,-0.177589,0.270461
-0.129281,-0.175415,0.268562
-0.132360,-0.177092,0.267199
-0.131782,-0.177292,0.268153
-0.134379,-0.177554,0.267061
-0.135862,-0.179390,0.265877
-0.135678,-0.179875,0.267429
-0.137741,-0.181421,0.263763
-0.136965,-0.180891,0.264368
-0.140018,-0.182160,0.261479
-0.140485,-0.181995,0.263940
-0.141692,-0.181873,0.261844
-0.142076,-0.184894,0.259100
-0.146395,-0.186190,0.258386
-0.145057,-0.186078,0.259596
-0.145644,-0.188864,0.260155
-0.147118,-0.190677,0.259586
-0.148440,-0.191844,0.258023
-0.149683,-0.192519,0.256251
-0.150212,-0.193922,0.254185
-0.153884,-0.194474,0.253635
-0.152351,-0.196567,0.252518
-0.154787,-0.199101,0.251676
-0.157009,-0.200056,0.251389
-0.157253,-0.201155,0.248662
-0.159731,-0.203194,0.248693
-0.162257,-0.206340,0.248276
-0.162439,-0.207883,0.244502
-0.162947,-0.212109,0.242830
-0.164989,-0.211785,0.243365
-0.164326,-0.213515,0.242019
-0.165596,-0.215978,0.238361
-0.168311,-0.219319,0.238152
-0.168192,-0.219020,0.239001
-0.171179,-0.222921,0.237416
-0.171579,-0.221347,0.234691
-0.172811,-0.224080,0.233382
-0.173986,-0.228581,0.230658
-0.175383,-0.229138,0.229096
-0.177417,-0.230050,0.229667
-0.177903,-0.234159,0.227518
-0.181176,-0.235361,0.227052
-0.179968,-0.237657,0.227139
-0.181417,-0.237104,0.225474
-0.182547,-0.239328,0.224232
-0.184323,-0.240506,0.221848
-0.186385,-0.242168,0.222766
-0.185466,-0.242107,0.220439
-0.187276,-0.242517,0.221708
-0.188057,-0.245066,0.222919
-0.190060,-0.245916,0.219265
-0.192450,-0.246115,0.218947
-0.192301,-0.247872,0.218480
-0.192741,-0.248778,0.218228
-0.195813,-0.249739,0.217265
-0.195968,-0.252878,0.214309
-0.198989,-0.251586,0.215284
-0.198068,-0.251979,0.214950
-0.200332,-0.253747,0.214925
-0.199538,-0.252297,0.215709
-0.204260,-0.254649,0.215121
-0.203751,-0.250643,0.215880
-0.204964,-0.251812,0.215327
-0.206925,-0.251216,0.215310
-0.207640,-0.252568,0.215548
-0.207935,-0.253845,0.214624
-0.212076,-0.253184,0.212245
-0.212377,-0.257092,0.211389
-0.213443,-0.255713,0.213801
-0.214102,-0.256912,0.210207
-0.216056,-0.257461,0.208948
-0.216301,-0.257784,0.209452
-0.218207,-0.259897,0.208909
-0.218416,-0.259114,0.209486
-0.219596,-0.259675,0.209667
-0.221521,-0.259794,0.209098
-0.224263,-0.259064,0.210225
-0.225832,-0.261078,0.207246
-0.224459,-0.260338,0.209504
-0.225222,-0.260640,0.208112
-0.226768,-0.261707,0.209225
-0.227237,-0.260828,0.209183
-0.230280,-0.262278,0.207528
-0.230971,-0.261804,0.209127
-0.232917,-0.260593,0.207337
-0.234275,-0.263315,0.207934
-0.234590,-0.263977,0.206974
-0.237285,-0.261295,0.207790
-0.235871,-0.263122,0.208248
-0.238966,-0.260543,0.208305
-0.241125,-0.264379,0.208849
-0.241457,-0.261602,0.208826
-0.241296,-0.261886,0.209561
-0.244358,-0.263163,0.205601
-0.243775,-0.263537,0.207769
-0.248074,-0.263492,0.210466
-0.247648,-0.265121,0.206629
-0.248493,-0.265094,0.206278
-0.249422,-0.264752,0.205143
-0.250741,-0.264921,0.204718
-0.252517,-0.265703,0.207286
-0.254243,-0.265364,0.206071
-0.254472,-0.266062,0.203698
-0.255393,-0.264870,0.203484
-0.257663,-0.268108,0.202102
-0.260197,-0.266299,0.202500
-0.257857,-0.267605,0.203184
-0.261666,-0.269845,0.203556
-0.262686,-0.269503,0.202494
-0.264051,-0.271305,0.202951
-0.264030,-0.268644,0.201414
-0.266676,-0.273625,0.201459
-0.268407,-0.271965,0.200355
-0.268451,-0.272844,0.200104
-0.271756,-0.274083,0.202275
-0.270557,-0.275692,0.198779
-0.273668,-0.276768,0.197010
-0.274314,-0.277222,0.197440
-0.274848,-0.279098,0.198605
-0.277531,-0.281250,0.195312
-0.277148,-0.281242,0.193764
-0.280003,-0.282455,0.193799
-0.281589,-0.284657,0.192358
-0.283408,-0.285015,0.191189
-0.283998,-0.287540,0.190148
-0.284936,-0.286114,0.190242
-0.285054,-0.290417,0.189665
-0.286453,-0.289604,0.187789
-0.287330,-0.292496,0.186310
-0.292135,-0.293009,0.184076
-0.291574,-0.294092,0.184359
-0.293128,-0.296441,0.183184
-0.294532,-0.298112,0.183203
-0.296271,-0.300045,0.183073
-0.296859,-0.300301,0.179164
-0.299008,-0.302142,0.181129
-0.301399,-0.305398,0.178869
-0.299932,-0.305843,0.178196
-0.303307,-0.308073,0.177896
-0.304104,-0.309701,0.173604
-0.307233,-0.310711,0.174748
-0.306102,-0.312907,0.173063
-0.005604,-0.331632,0.161217
-0.008663,-0.315466,0.171557
-0.011166,-0.302336,0.180477
-0.011655,-0.300775,0.183340
-0.012788,-0.300056,0.184458
-0.014698,-0.294971,0.186245
-0.016619,-0.283605,0.195053
-0.016409,-0.277526,0.199265
-0.018318,-0.275725,0.198855
-0.018888,-0.276811,0.200490
-0.020743,-0.275310,0.201418
-0.022443,-0.275581,0.200085
-0.023856,-0.269623,0.203843
-0.024817,-0.269706,0.204417
-0.025925,-0.266864,0.204946
-0.027412,-0.264032,0.206622
-0.028821,-0.264722,0.208791
-0.029819,-0.263448,0.208783
-0.030729,-0.260821,0.207749
-0.033439,-0.261981,0.209042
-0.032936,-0.261905,0.208529
-0.035131,-0.261141,0.209830
-0.034861,-0.259681,0.209473
-0.036745,-0.261059,0.211054
-0.039987,-0.258868,0.211814
-0.039743,-0.261153,0.210726
-0.041842,-0.257743,0.211675
-0.041678,-0.257415,0.210782
-0.045936,-0.256051,0.214965
-0.047435,-0.250515,0.216272
-0.048374,-0.244177,0.222480
-0.047236,-0.204216,0.247023
-0.050923,-0.201161,0.252031
-0.051643,-0.198056,0.252805
-0.050781,-0.193974,0.257417
-0.053768,-0.191182,0.257029
-0.052770,-0.187144,0.260238
-0.055078,-0.186986,0.262784
-0.058528,-0.185031,0.263115
-0.057774,-0.183968,0.265728
-0.059003,-0.182809,0.264975
-0.060861,-0.182407,0.265641
-0.062133,-0.179966,0.268281
-0.062293,-0.178094,0.268480
-0.062282,-0.176508,0.267596
-0.063656,-0.177322,0.266691
-0.065491,-0.178306,0.268287
-0.068523,-0.178567,0.269555
-0.070142,-0.176973,0.268818
-0.070196,-0.177203,0.269993
-0.071336,-0.176930,0.267828
-0.071335,-0.176146,0.266443
-0.071843,-0.177141,0.269027
-0.075086,-0.176497,0.268596
-0.076114,-0.175897,0.267935
-0.075883,-0.177338,0.269263
-0.077283,-0.178009,0.267796
-0.080570,-0.175316,0.269008
-0.080890,-0.176136,0.266903
-0.081466,-0.178494,0.266242
-0.083603,-0.179468,0.267475
-0.083970,-0.181414,0.266789
-0.086140,-0.179750,0.267540
-0.086321,-0.182152,0.267161
-0.086606,-0.182263,0.265270
-0.088479,-0.181575,0.263746
-0.089990,-0.181843,0.265568
-0.090501,-0.183109,0.265068
-0.092991,-0.181558,0.264812
-0.095318,-0.183757,0.263839
-0.094021,-0.180758,0.265045
-0.096833,-0.183728,0.264926
-0.097228,-0.182455,0.264176
-0.099424,-0.182939,0.263452
-0.099120,-0.181769,0.266154
-0.102436,-0.181332,0.264903
-0.102546,-0.179338,0.265679
-0.102892,-0.181443,0.265912
-0.104066,-0.178822,0.268593
-0.105555,-0.179256,0.266618
-0.106858,-0.178898,0.267722
-0.108970,-0.174703,0.269932
-0.107460,-0.175316,0.267945
-0.109245,-0.173587,0.268020
-0.113170,-0.177102,0.268714
-0.112276,-0.175834,0.269421
-0.112896,-0.176017,0.269692
-0.115475,-0.172690,0.268311
-0.115112,-0.174329,0.269296
-0.118976,-0.175804,0.269380
-0.119200,-0.174310,0.266949
-0.117832,-0.176195,0.268559
-0.120266,-0.174198,0.271442
-0.123642,-0.175324,0.270008
-0.121473,-0.175513,0.266527
-0.124443,-0.176958,0.268275
-0.125214,-0.175875,0.268718
-0.128152,-0.178190,0.267279
-0.129019,-0.177316,0.265249
-0.128626,-0.180603,0.266898
-0.130416,-0.180970,0.265444
-0.130255,-0.180069,0.266600
-0.131229,-0.179462,0.266833
-0.132333,-0.181413,0.264722
-0.134998,-0.182145,0.264846
-0.133638,-0.182055,0.265710
-0.136852,-0.183626,0.264352
-0.137672,-0.183903,0.262775
-0.138718,-0.183460,0.263344
-0.140118,-0.186629,0.259489
-0.140720,-0.186769,0.262164
-0.143857,-0.189425,0.260951
-0.143881,-0.189523,0.258596
-0.144056,-0.193549,0.259373
-0.146736,-0.192851,0.255814
-0.147964,-0.195315,0.256045
-0.148352,-0.194052,0.256586
-0.150041,-0.197718,0.253566
-0.151899,-0.198100,0.253452
-0.152057,-0.200988,0.250781
-0.154455,-0.202164,0.251943
-0.156813,-0.202881,0.252496
-0.156508,-0.204643,0.249185
-0.156760,-0.205562,0.249389
-0.157445,-0.210084,0.245039
-0.160491,-0.210706,0.243747
-0.161251,-0.214445,0.242934
-0.162167,-0.215472,0.242561
-0.165241,-0.217205,0.241583
-0.165742,-0.219532,0.238377
-0.164654,-0.219453,0.236639
-0.168288,-0.224289,0.236502
-0.168694,-0.223884,0.236361
-0.170662,-0.226698,0.234107
-0.171302,-0.226921,0.232411
-0.173993,-0.232984,0.231970
-0.175709,-0.234106,0.228734
-0.175094,-0.236157,0.226508
-0.176748,-0.236806,0.225777
-0.178432,-0.238059,0.225841
-0.178287,-0.239807,0.225581
-0.182156,-0.240010,0.224303
-0.181577,-0.242402,0.223917
-0.182306,-0.242091,0.222057
-0.184720,-0.244187,0.222554
-0.185176,-0.246082,0.219767
-0.186618,-0.245845,0.220741
-0.188792,-0.248337,0.219882
-0.188991,-0.248147,0.218039
-0.192407,-0.250517,0.218386
-0.191429,-0.249583,0.217216
-0.192911,-0.252347,0.216132
-0.194124,-0.255376,0.216726
-0.195476,-0.255359,0.213249
-0.196955,-0.256964,0.213597
-0.198989,-0.256098,0.215006
-0.200566,-0.256124,0.214885
-0.198984,-0.255776,0.213440
-0.201490,-0.254901,0.213771
-0.201466,-0.257276,0.214794
-0.203785,-0.257017,0.212758
-0.204919,-0.256542,0.215580
-0.204493,-0.254852,0.213077
-0.207111,-0.257717,0.213832
-0.208767,-0.258521,0.212546
-0.210030,-0.257818,0.212259
-0.212100,-0.259624,0.210628
-0.212972,-0.262540,0.209556
-0.215022,-0.261873,0.208856
-0.215887,-0.262843,0.209646
-0.216697,-0.263553,0.209897
-0.219575,-0.262890,0.209432
-0.217841,-0.264914,0.209318
-0.221428,-0.263220,0.207814
-0.223123,-0.264707,0.208327
-0.221681,-0.265614,0.208620
-0.224528,-0.264158,0.207018
-0.226848,-0.265568,0.207588
-0.226082,-0.262229,0.208095
-0.225833,-0.264924,0.207777
-0.230395,-0.264927,0.206091
-0.229464,-0.265890,0.206402
-0.232347,-0.265333,0.208103
-0.233632,-0.264952,0.207572
-0.234524,-0.265980,0.205840
-0.236474,-0.266824,0.205887
-0.237814,-0.265696,0.205841
-0.237096,-0.266197,0.206695
-0.241028,-0.266373,0.207891
-0.240178,-0.264109,0.206211
-0.240836,-0.266452,0.205082
-0.241832,-0.265284,0.207581
-0.242162,-0.266627,0.207086
-0.243959,-0.263968,0.207042
-0.244937,-0.264645,0.205830
-0.248035,-0.264295,0.208221
-0.248951,-0.266998,0.207065
-0.251141,-0.265363,0.207787
-0.251660,-0.267657,0.204311
-0.250528,-0.268035,0.206739
-0.252759,-0.267664,0.205519
-0.255737,-0.267914,0.204190
-0.259032,-0.268645,0.203931
-0.259281,-0.269803,0.203855
-0.257978,-0.270806,0.202943
-0.259718,-0.271488,0.204144
-0.262781,-0.272283,0.202370
-0.263238,-0.272446,0.201416
-0.264120,-0.272169,0.202873
-0.265837,-0.273484,0.201746
-0.267447,-0.274281,0.201448
-0.267929,-0.275382,0.201875
-0.267932,-0.276468,0.200232
-0.270691,-0.276436,0.199383
-0.271603,-0.276275,0.199293
-0.272873,-0.276828,0.196460
-0.273716,-0.279355,0.197394
-0.276060,-0.282635,0.195509
-0.276365,-0.283169,0.195940
-0.277227,-0.283121,0.196947
-0.280706,-0.284653,0.194043
-0.282372,-0.285849,0.192163
-0.283144,-0.289978,0.193775
-0.283868,-0.288379,0.191344
-0.285386,-0.289264,0.191620
-0.287021,-0.291806,0.188310
-0.288295,-0.293068,0.189302
-0.289614,-0.295988,0.188671
-0.290377,-0.296810,0.184983
-0.291304,-0.297003,0.184621
-0.293246,-0.298744,0.184374
-0.293504,-0.299385,0.184529
-0.296386,-0.302500,0.181764
-0.298068,-0.304132,0.180819
-0.298741,-0.306271,0.180219
-0.301009,-0.306363,0.182104
-0.301017,-0.309372,0.177831
-0.302715,-0.310200,0.176563
-0.307522,-0.313324,0.176542
-0.305607,-0.314005,0.174600
-0.309541,-0.314400,0.171516
-0.007037,-0.333928,0.161037
-0.011113,-0.315728,0.173737
-0.011099,-0.306059,0.179333
-0.012201,-0.304604,0.180663
-0.014602,-0.300833,0.183542
-0.016980,-0.298721,0.186617
-0.017625,-0.294237,0.190193
-0.020552,-0.282695,0.194564
-0.019617,-0.284518,0.196615
-0.019924,-0.284101,0.196534
-0.023455,-0.281947,0.198027
-0.023478,-0.282815,0.199918
-0.024420,-0.280948,0.199139
-0.027032,-0.279196,0.202197
-0.029014,-0.275806,0.201868
-0.028556,-0.273906,0.202581
-0.031712,-0.272891,0.206029
-0.030180,-0.271600,0.204505
-0.031483,-0.269944,0.205577
-0.033493,-0.270619,0.205963
-0.036170,-0.271545,0.205153
-0.036249,-0.268726,0.208199
-0.036758,-0.267379,0.205851
-0.039121,-0.267219,0.207686
-0.040101,-0.268957,0.208277
-0.039875,-0.266295,0.211454
-0.043303,-0.268100,0.207035
-0.044217,-0.265646,0.208493
-0.045201,-0.265228,0.210287
-0.045709,-0.262626,0.208934
-0.047249,-0.259024,0.214917
-0.048358,-0.254217,0.216599
-0.049653,-0.208495,0.247386
-0.052572,-0.204615,0.251052
-0.053391,-0.200238,0.253362
-0.055654,-0.196730,0.256858
-0.056245,-0.190043,0.257958
-0.057122,-0.192022,0.259959
-0.058423,-0.189852,0.261182
-0.060232,-0.187229,0.263708
-0.060031,-0.188002,0.262223
-0.064299,-0.187126,0.263568
-0.061727,-0.185357,0.265615
-0.065194,-0.183713,0.265282
-0.065243,-0.182754,0.265809
-0.067644,-0.182933,0.265638
-0.068554,-0.181128,0.267224
-0.068745,-0.182257,0.265328
-0.069929,-0.182637,0.267199
-0.070650,-0.182278,0.268315
-0.073898,-0.182111,0.266979
-0.072465,-0.181741,0.266981
-0.075109,-0.183227,0.266248
-0.076898,-0.181375,0.266007
-0.075994,-0.183632,0.266980
-0.079934,-0.183336,0.266143
-0.080623,-0.183713,0.265641
-0.079901,-0.182233,0.267558
-0.080845,-0.181584,0.266140
-0.082333,-0.182956,0.263849
-0.085466,-0.185456,0.265284
-0.087481,-0.183253,0.264630
-0.084950,-0.183668,0.265230
-0.087279,-0.184662,0.262566
-0.088919,-0.185310,0.264673
-0.091313,-0.184656,0.264205
-0.091750,-0.185089,0.265574
-0.091795,-0.186158,0.262250
-0.093340,-0.185850,0.262627
-0.092741,-0.184744,0.263182
-0.095185,-0.189510,0.264567
-0.097392,-0.187101,0.262139
-0.096977,-0.186582,0.263197
-0.097246,-0.186677,0.263091
-0.099574,-0.186084,0.266338
-0.101920,-0.184482,0.265007
-0.103676,-0.185047,0.264723
-0.102685,-0.181530,0.265698
-0.103766,-0.182350,0.266704
-0.106413,-0.178630,0.267864
-0.107843,-0.180512,0.267058
-0.108260,-0.179889,0.266956
-0.109497,-0.179797,0.266621
-0.110188,-0.180041,0.267079
-0.111254,-0.181616,0.267873
-0.114348,-0.179173,0.267069
-0.112458,-0.179056,0.268362
-0.116021,-0.179186,0.266672
-0.116109,-0.178243,0.268891
-0.118823,-0.179045,0.267529
-0.119299,-0.178970,0.268295
-0.121073,-0.180260,0.269455
-0.121169,-0.179512,0.267386
-0.123420,-0.181516,0.266754
-0.124849,-0.179789,0.267262
-0.124621,-0.180099,0.266569
-0.125644,-0.182518,0.265954
-0.126980,-0.181779,0.267578
-0.127012,-0.182528,0.266484
-0.130522,-0.182420,0.265077
-0.131492,-0.184813,0.264736
-0.132558,-0.183407,0.266411
-0.134065,-0.184533,0.262488
-0.136183,-0.186182,0.265070
-0.135879,-0.187119,0.263574
-0.136469,-0.186518,0.264397
-0.139172,-0.188638,0.261819
-0.140002,-0.188825,0.262964
-0.140749,-0.189914,0.261292
-0.140403,-0.193077,0.260179
-0.143434,-0.191837,0.260515
-0.142354,-0.194679,0.256893
-0.144645,-0.194980,0.256788
-0.146600,-0.198381,0.257045
-0.147536,-0.198050,0.256620
-0.149759,-0.200298,0.254083
-0.149743,-0.203288,0.252475
-0.152829,-0.201678,0.252432
-0.153552,-0.204739,0.251773
-0.156148,-0.208041,0.250152
-0.153355,-0.208775,0.247166
-0.155081,-0.210761,0.246028
-0.157733,-0.212212,0.245785
-0.157931,-0.214183,0.244649
-0.159331,-0.213367,0.243011
-0.161120,-0.217017,0.243357
-0.163493,-0.218020,0.242702
-0.163289,-0.222567,0.237084
-0.164808,-0.221121,0.238870
-0.166638,-0.224009,0.234870
-0.168364,-0.227808,0.234879
-0.170432,-0.231050,0.233506
-0.168811,-0.231464,0.230100
-0.171946,-0.236390,0.228644
-0.173352,-0.238077,0.229943
-0.173637,-0.240807,0.226715
-0.176116,-0.239053,0.225675
-0.176741,-0.241446,0.224433
-0.176231,-0.242788,0.223951
-0.179415,-0.243846,0.223889
-0.182319,-0.245883,0.224358
-0.180565,-0.246954,0.222385
-0.182969,-0.248062,0.221191
-0.183351,-0.249515,0.220330
-0.186718,-0.250543,0.220334
-0.186514,-0.251820,0.220150
-0.188106,-0.253208,0.217785
-0.189764,-0.255698,0.215926
-0.191193,-0.254166,0.214449
-0.192616,-0.256425,0.215419
-0.192661,-0.257523,0.215872
-0.195481,-0.260063,0.212891
-0.196355,-0.261682,0.212063
-0.197286,-0.260832,0.211006
-0.197965,-0.261223,0.212112
-0.200704,-0.261824,0.212780
-0.200006,-0.259912,0.210174
-0.203669,-0.261524,0.211660
-0.202927,-0.258900,0.212507
-0.204120,-0.260827,0.213583
-0.208140,-0.261216,0.210672
-0.207320,-0.259519,0.210663
-0.207520,-0.261937,0.213507
-0.209673,-0.263554,0.212224
-0.209503,-0.264231,0.210930
-0.213734,-0.264319,0.211464
-0.213486,-0.266939,0.208600
-0.215855,-0.267925,0.207951
-0.216441,-0.268292,0.209084
-0.216429,-0.266743,0.208241
-0.218166,-0.267541,0.205992
-0.219151,-0.267280,0.206019
-0.220914,-0.270636,0.206242
-0.221410,-0.270014,0.203189
-0.224098,-0.272218,0.205273
-0.224989,-0.269767,0.205422
-0.225024,-0.270898,0.206350
-0.226245,-0.268873,0.203837
-0.228155,-0.267903,0.206973
-0.229747,-0.266851,0.206550
-0.233049,-0.269066,0.207468
-0.231758,-0.268372,0.205987
-0.233138,-0.269863,0.204902
-0.235400,-0.267249,0.206992
-0.236096,-0.269025,0.205765
-0.236531,-0.269155,0.209033
-0.237223,-0.268609,0.205415
-0.238090,-0.268978,0.205910
-0.239539,-0.268383,0.205942
-0.240869,-0.269893,0.206141
-0.241645,-0.268432,0.206787
-0.243556,-0.269555,0.205240
-0.246081,-0.268589,0.206852
-0.246788,-0.268372,0.206938
-0.246957,-0.267857,0.205464
-0.247879,-0.268239,0.205913
-0.251088,-0.270829,0.207434
-0.252400,-0.270464,0.205528
-0.252935,-0.269811,0.204862
-0.255580,-0.271743,0.204723
-0.254197,-0.270132,0.205443
-0.256613,-0.274610,0.205565
-0.258539,-0.274008,0.204603
-0.258302,-0.274255,0.203202
-0.258908,-0.274423,0.203546
-0.260164,-0.272357,0.202486
-0.260810,-0.276911,0.201374
-0.265330,-0.275378,0.203104
-0.266081,-0.275000,0.202599
-0.267553,-0.277845,0.200408
-0.268030,-0.277231,0.198554
-0.270007,-0.277852,0.198203
-0.271507,-0.279161,0.199509
-0.274282,-0.281120,0.199641
-0.273673,-0.280916,0.198272
-0.275614,-0.281111,0.197538
-0.275430,-0.283471,0.196532
-0.276128,-0.283585,0.196389
-0.277711,-0.284829,0.194467
-0.278571,-0.286665,0.193217
-0.281936,-0.288425,0.191539
-0.281681,-0.289916,0.192768
-0.282769,-0.289850,0.191676
-0.283903,-0.290672,0.190358
-0.287753,-0.293372,0.187880
-0.289819,-0.295941,0.189335
-0.289012,-0.296043,0.187738
-0.292771,-0.298240,0.185340
-0.290767,-0.299455,0.184700
-0.293096,-0.299907,0.183264
-0.297787,-0.303510,0.185638
-0.296215,-0.303354,0.181553
-0.298811,-0.308313,0.181059
-0.299988,-0.307449,0.181303
-0.299601,-0.310323,0.178197
-0.301033,-0.310766,0.176281
-0.303046,-0.310395,0.175788
-0.305127,-0.314563,0.175315
-0.304986,-0.316286,0.172856
-0.008974,-0.332829,0.165020
-0.012984,-0.314924,0.177904
-0.013304,-0.310869,0.181436
-0.012927,-0.305609,0.180859
-0.015371,-0.304279,0.181702
-0.017495,-0.302811,0.183493
-0.018639,-0.300169,0.185636
-0.018659,-0.293913,0.191523
-0.020323,-0.288386,0.195108
-0.022583,-0.287018,0.195487
-0.023872,-0.288512,0.196667
-0.026399,-0.286708,0.197290
-0.026629,-0.283794,0.198199
-0.027936,-0.283997,0.197054
-0.028832,-0.283703,0.199084
-0.028832,-0.283789,0.198142
-0.032694,-0.279922,0.199880
-0.033122,-0.280851,0.202269
-0.031756,-0.277772,0.201100
-0.036469,-0.276169,0.202199
-0.036773,-0.276281,0.202544
-0.037316,-0.274679,0.201749
-0.040084,-0.275572,0.203392
-0.037265,-0.273590,0.202615
-0.041343,-0.273117,0.203810
-0.041848,-0.275499,0.205828
-0.043316,-0.271974,0.206948
-0.045661,-0.272310,0.205820
-0.046299,-0.271249,0.207240
-0.048490,-0.269230,0.205376
-0.047899,-0.270661,0.207510
-0.050791,-0.269011,0.206732
-0.050430,-0.264779,0.210388
-0.051657,-0.213069,0.246600
-0.054715,-0.205903,0.250946
-0.056157,-0.203663,0.253530
-0.056232,-0.198754,0.255939
-0.058769,-0.195471,0.257998
-0.059583,-0.194081,0.258226
-0.061014,-0.193376,0.258907
-0.062395,-0.193626,0.260060
-0.063449,-0.190074,0.262011
-0.062803,-0.188250,0.262998
-0.064910,-0.189375,0.263657
-0.067385,-0.187966,0.262426
-0.066960,-0.186274,0.264588
-0.069124,-0.186190,0.264237
-0.071467,-0.185854,0.264522
-0.071122,-0.187406,0.265447
-0.073032,-0.184195,0.264935
-0.073679,-0.187821,0.263968
-0.074703,-0.183609,0.266258
-0.076438,-0.185929,0.264954
-0.078272,-0.187197,0.264990
-0.078780,-0.184729,0.263582
-0.080115,-0.186388,0.267084
-0.080983,-0.185565,0.265241
-0.080489,-0.186026,0.264780
-0.084135,-0.186894,0.264004
-0.084535,-0.187501,0.264641
-0.086085,-0.188086,0.263252
-0.086688,-0.188365,0.264196
-0.088578,-0.186302,0.264609
-0.088955,-0.188422,0.263743
-0.089383,-0.187775,0.263800
-0.092867,-0.186979,0.263187
-0.092098,-0.191404,0.262113
-0.093133,-0.189920,0.262722
-0.095572,-0.190827,0.263518
-0.095053,-0.187798,0.263580
-0.097301,-0.190576,0.262089
-0.098264,-0.189917,0.260822
-0.101025,-0.189803,0.263634
-0.101208,-0.187343,0.264402
-0.102069,-0.188417,0.265575
-0.103089,-0.189003,0.263660
-0.102926,-0.187374,0.262219
-0.104471,-0.186896,0.264452
-0.108276,-0.185832,0.265952
-0.107960,-0.184518,0.264744
-0.107222,-0.184222,0.266245
-0.107408,-0.185421,0.265429
-0.111375,-0.184340,0.265552
-0.112273,-0.183439,0.267310
-0.113084,-0.187465,0.266907
-0.115793,-0.183360,0.264839
-0.114796,-0.183568,0.266869
-0.116559,-0.182170,0.266819
-0.119132,-0.182381,0.266887
-0.118714,-0.182625,0.266772
-0.118717,-0.184958,0.267072
-0.122575,-0.182863,0.264237
-0.123755,-0.185633,0.265337
-0.124643,-0.184399,0.265707
-0.125693,-0.183956,0.267247
-0.127973,-0.184411,0.264331
-0.125069,-0.186585,0.265467
-0.129194,-0.186532,0.264763
-0.130936,-0.187119,0.265873
-0.132309,-0.187113,0.263747
-0.131453,-0.187374,0.264677
-0.134491,-0.191260,0.263200
-0.135530,-0.188318,0.263948
-0.135482,-0.189051,0.260577
-0.136235,-0.190628,0.259696
-0.137880,-0.189824,0.260760
-0.139501,-0.193348,0.261859
-0.139749,-0.193543,0.260005
-0.143298,-0.197139,0.259576
-0.143062,-0.198122,0.256761
-0.145695,-0.197669,0.257432
-0.145716,-0.198448,0.255542
-0.146207,-0.201136,0.255906
-0.148714,-0.202983,0.253364
-0.148735,-0.203613,0.253380
-0.149938,-0.205140,0.252523
-0.151502,-0.209688,0.252606
-0.153260,-0.212056,0.248591
-0.153613,-0.213688,0.247850
-0.155328,-0.214518,0.244268
-0.154530,-0.218474,0.245532
-0.156702,-0.217463,0.243285
-0.158655,-0.216678,0.243295
-0.160483,-0.220879,0.242246
-0.162658,-0.221192,0.241210
-0.161663,-0.224541,0.238620
-0.164022,-0.229341,0.238028
-0.165259,-0.229882,0.236209
-0.165954,-0.231995,0.233842
-0.169188,-0.235410,0.232676
-0.170319,-0.236695,0.229643
-0.171702,-0.241376,0.228319
-0.171802,-0.242514,0.226727
-0.173354,-0.243950,0.225101
-0.175766,-0.244490,0.225339
-0.174917,-0.246186,0.225754
-0.176660,-0.247452,0.224082
-0.177794,-0.247578,0.222840
-0.179438,-0.249704,0.220917
-0.183235,-0.251936,0.220529
-0.182069,-0.250842,0.221289
-0.183262,-0.252866,0.219327
-0.184274,-0.253920,0.218516
-0.186186,-0.253782,0.217702
-0.188172,-0.257556,0.216488
-0.186833,-0.259979,0.216529
-0.189073,-0.260381,0.214854
-0.191189,-0.260866,0.213277
-0.190345,-0.261216,0.214094
-0.193661,-0.264589,0.213555
-0.194171,-0.265013,0.212028
-0.194710,-0.265656,0.210479
-0.197681,-0.266014,0.209872
-0.198872,-0.265465,0.209868
-0.200042,-0.264550,0.210221
-0.200171,-0.264750,0.208135
-0.202497,-0.265812,0.210218
-0.204810,-0.267153,0.210185
-0.203325,-0.269312,0.207583
-0.206546,-0.268199,0.207128
-0.207491,-0.268414,0.208814
-0.210095,-0.267515,0.210407
-0.209074,-0.266748,0.208093
-0.208387,-0.268793,0.207593
-0.211516,-0.270294,0.207155
-0.213150,-0.270135,0.208755
-0.214950,-0.269780,0.207355
-0.215479,-0.271136,0.207263
-0.215763,-0.270248,0.205882
-0.218063,-0.270831,0.206916
-0.220199,-0.272358,0.204029
-0.221070,-0.273396,0.204889
-0.221606,-0.275889,0.203158
-0.224890,-0.275257,0.205272
-0.223780,-0.273351,0.205040
-0.225216,-0.273212,0.204081
-0.228070,-0.274951,0.206032
-0.227515,-0.271195,0.206236
-0.228770,-0.272285,0.205194
-0.232640,-0.271608,0.206706
-0.232585,-0.272956,0.206970
-0.233512,-0.272261,0.204781
-0.234668,-0.271974,0.206409
-0.236768,-0.274489,0.204662
-0.235656,-0.272655,0.204808
-0.237809,-0.273223,0.205182
-0.238261,-0.272154,0.204601
-0.240861,-0.273112,0.205811
-0.242138,-0.272888,0.207005
-0.243473,-0.272724,0.207065
-0.243113,-0.272161,0.203392
-0.246123,-0.273430,0.206252
-0.248324,-0.272217,0.203542
-0.247043,-0.270615,0.207009
-0.248811,-0.272306,0.206256
-0.250328,-0.270436,0.205538
-0.253196,-0.271644,0.204682
-0.251888,-0.271707,0.205622
-0.253774,-0.273465,0.202946
-0.256439,-0.274846,0.205022
-0.257191,-0.273809,0.204726
-0.258250,-0.274388,0.202522
-0.260184,-0.276719,0.204551
-0.259550,-0.275842,0.202978
-0.262939,-0.276951,0.203513
-0.263350,-0.278783,0.202685
-0.263963,-0.280547,0.202096
-0.266159,-0.280973,0.202366
-0.267068,-0.280458,0.200317
-0.268563,-0.278856,0.199693
-0.269335,-0.282334,0.199595
-0.270201,-0.279944,0.198680
-0.271419,-0.281407,0.198070
-0.272758,-0.284099,0.198165
-0.275047,-0.284995,0.198468
-0.276207,-0.286138,0.196870
-0.278958,-0.287461,0.196708
-0.278505,-0.286563,0.196053
-0.280774,-0.289777,0.194241
-0.280141,-0.290056,0.194853
-0.283092,-0.291243,0.191185
-0.283366,-0.293466,0.191021
-0.284734,-0.295164,0.190287
-0.285255,-0.296661,0.191131
-0.287264,-0.299099,0.188612
-0.290012,-0.300526,0.188014
-0.290914,-0.299438,0.186501
-0.292574,-0.302377,0.185165
-0.293664,-0.302973,0.185592
-0.294241,-0.302333,0.182786
-0.296914,-0.306810,0.183527
-0.298578,-0.307428,0.180628
-0.297765,-0.308900,0.180763
-0.300497,-0.312212,0.178174
-0.302851,-0.311933,0.177214
-0.305446,-0.316191,0.177699
-0.303866,-0.315542,0.175352
-0.305995,-0.316150,0.175269
-0.007728,-0.345222,0.154573
-0.011155,-0.333262,0.165037
-0.014645,-0.314564,0.178099
-0.014923,-0.312667,0.180858
-0.014949,-0.310150,0.179212
-0.016919,-0.310174,0.182430
-0.017805,-0.307699,0.184204
-0.018055,-0.305812,0.185804
-0.022448,-0.300377,0.188560
-0.024530,-0.294854,0.191895
-0.024210,-0.295040,0.193317
-0.024828,-0.293502,0.193384
-0.025817,-0.293091,0.194089
-0.028750,-0.289507,0.193475
-0.027821,-0.288882,0.195255
-0.030366,-0.286996,0.197633
-0.031311,-0.287391,0.197343
-0.032203,-0.286148,0.197557
-0.033168,-0.284067,0.199671
-0.033793,-0.283474,0.201084
-0.036756,-0.282714,0.198631
-0.036760,-0.282113,0.200317
-0.037774,-0.281808,0.200510
-0.038730,-0.282627,0.202370
-0.040881,-0.281804,0.200328
-0.042736,-0.282303,0.201909
-0.043029,-0.281289,0.203624
-0.044753,-0.281124,0.200477
-0.044313,-0.278158,0.201135
-0.046716,-0.280565,0.204191
-0.049135,-0.278885,0.204491
-0.049743,-0.276715,0.203576
-0.048479,-0.275967,0.205479
-0.051194,-0.274230,0.206273
-0.054312,-0.270684,0.208252
-0.056449,-0.217773,0.245263
-0.056031,-0.210010,0.249509
-0.057801,-0.204680,0.252085
-0.058842,-0.201178,0.255200
-0.061531,-0.198932,0.257935
-0.061986,-0.197923,0.257809
-0.063292,-0.198450,0.258041
-0.063966,-0.196281,0.261194
-0.065212,-0.195979,0.260196
-0.066678,-0.194174,0.261272
-0.067740,-0.193109,0.260524
-0.069068,-0.190912,0.261625
-0.069359,-0.191229,0.264590
-0.073195,-0.190611,0.262600
-0.073020,-0.191857,0.261760
-0.074630,-0.191205,0.263914
-0.075463,-0.192301,0.264002
-0.076096,-0.188925,0.262324
-0.077837,-0.191426,0.262520
-0.077624,-0.190969,0.262352
-0.078308,-0.190894,0.265958
-0.081192,-0.190066,0.263332
-0.081921,-0.189761,0.264384
-0.081806,-0.191659,0.262240
-0.085354,-0.188737,0.262095
-0.085875,-0.191025,0.263726
-0.087493,-0.191323,0.263151
-0.088603,-0.192291,0.261915
-0.088047,-0.191746,0.262699
-0.090475,-0.193948,0.261319
-0.090364,-0.193191,0.261553
-0.094243,-0.194393,0.259889
-0.092710,-0.191815,0.260252
-0.096951,-0.192072,0.261889
-0.097385,-0.192837,0.262267
-0.097674,-0.192734,0.261112
-0.097627,-0.193865,0.262030
-0.099863,-0.192186,0.259406
-0.101773,-0.194878,0.261847
-0.100991,-0.192890,0.262393
-0.102856,-0.191267,0.261300
-0.101888,-0.190673,0.263457
-0.104338,-0.191947,0.262040
-0.106955,-0.192671,0.263557
-0.107960,-0.190125,0.264691
-0.109735,-0.188809,0.262439
-0.108560,-0.186994,0.266552
-0.110983,-0.189334,0.264845
-0.112354,-0.189522,0.265042
-0.114851,-0.187599,0.263235
-0.115113,-0.188179,0.265543
-0.116899,-0.187647,0.265079
-0.116701,-0.189824,0.265607
-0.118353,-0.188634,0.265747
-0.118764,-0.188334,0.266910
-0.121510,-0.190595,0.265232
-0.122081,-0.186428,0.265833
-0.124259,-0.188581,0.266293
-0.124492,-0.188134,0.265121
-0.125544,-0.190253,0.266319
-0.127728,-0.189821,0.264462
-0.126452,-0.191255,0.263915
-0.127186,-0.191058,0.263951
-0.130170,-0.191081,0.265299
-0.131566,-0.191056,0.264147
-0.132096,-0.193449,0.262349
-0.133954,-0.192558,0.262155
-0.133311,-0.192959,0.262254
-0.134411,-0.195191,0.261095
-0.136032,-0.195283,0.260407
-0.140146,-0.196124,0.259798
-0.139995,-0.197632,0.259081
-0.140301,-0.199000,0.257921
-0.139113,-0.199710,0.256389
-0.143456,-0.202201,0.256876
-0.142371,-0.201873,0.255195
-0.145315,-0.204718,0.254149
-0.147548,-0.206105,0.253685
-0.147425,-0.208862,0.253808
-0.149433,-0.209943,0.249805
-0.150119,-0.209911,0.250896
-0.151323,-0.211410,0.246853
-0.153681,-0.217066,0.245348
-0.155339,-0.216697,0.243037
-0.154316,-0.219197,0.244547
-0.156207,-0.221040,0.242462
-0.158111,-0.223998,0.243312
-0.159227,-0.223674,0.241289
-0.160645,-0.227239,0.237723
-0.161816,-0.229768,0.236882
-0.163739,-0.232360,0.235005
-0.164722,-0.233962,0.232035
-0.165880,-0.237100,0.230466
-0.167938,-0.239234,0.230438
-0.166606,-0.243129,0.228197
-0.169181,-0.244877,0.228504
-0.171361,-0.245663,0.224516
-0.170966,-0.246665,0.224659
-0.173652,-0.246689,0.224339
-0.174597,-0.247854,0.224671
-0.173738,-0.251004,0.221708
-0.177712,-0.250534,0.222220
-0.178567,-0.253485,0.220870
-0.180666,-0.257028,0.218671
-0.178681,-0.255482,0.218786
-0.182985,-0.260294,0.216083
-0.183826,-0.260794,0.217544
-0.184760,-0.263370,0.215295
-0.188556,-0.261441,0.213414
-0.187738,-0.261789,0.212715
-0.187032,-0.265265,0.213014
-0.190087,-0.264666,0.212418
-0.192537,-0.264595,0.213584
-0.192172,-0.265621,0.210774
-0.192436,-0.268564,0.211766
-0.196531,-0.270179,0.208854
-0.197177,-0.270182,0.209147
-0.197690,-0.270103,0.207760
-0.197476,-0.271063,0.209908
-0.199945,-0.272353,0.207839
-0.202601,-0.273789,0.207354
-0.203504,-0.274174,0.206012
-0.206493,-0.275032,0.204681
-0.205128,-0.275704,0.205234
-0.206190,-0.273886,0.205123
-0.207207,-0.272315,0.207851
-0.211082,-0.273814,0.208874
-0.209657,-0.273776,0.207183
-0.212013,-0.272624,0.207731
-0.212727,-0.275352,0.206033
-0.213015,-0.273960,0.205539
-0.214396,-0.276243,0.204886
-0.215870,-0.275339,0.204302
-0.216108,-0.276232,0.204199
-0.218622,-0.278707,0.202355
-0.221268,-0.279572,0.203462
-0.220623,-0.280966,0.203846
-0.221522,-0.282015,0.202788
-0.225879,-0.280392,0.202793
-0.225641,-0.279622,0.203053
-0.226737,-0.276997,0.202589
-0.228205,-0.278501,0.203467
-0.228860,-0.277180,0.203570
-0.229613,-0.277384,0.203931
-0.231694,-0.277410,0.205100
-0.231876,-0.277488,0.205470
-0.232736,-0.275997,0.205598
-0.235028,-0.276420,0.203732
-0.235224,-0.276930,0.205109
-0.238043,-0.277136,0.205189
-0.237903,-0.276563,0.206004
-0.239558,-0.276450,0.203043
-0.241723,-0.276502,0.205082
-0.241627,-0.274317,0.205352
-0.245356,-0.273629,0.205737
-0.243283,-0.273379,0.204254
-0.246406,-0.274893,0.206508
-0.246758,-0.275688,0.203790
-0.248650,-0.274437,0.205962
-0.250131,-0.274508,0.205869
-0.250675,-0.273840,0.206264
-0.253921,-0.274116,0.205490
-0.252885,-0.275371,0.207224
-0.255506,-0.274348,0.204562
-0.256732,-0.277503,0.203144
-0.256222,-0.278352,0.203101
-0.258239,-0.276779,0.204053
-0.260414,-0.278576,0.205300
-0.259123,-0.279725,0.203088
-0.262606,-0.277533,0.204465
-0.262400,-0.281577,0.202928
-0.264063,-0.280930,0.201224
-0.266851,-0.284379,0.200655
-0.266221,-0.282372,0.200609
-0.268067,-0.285076,0.202258
-0.270172,-0.282841,0.201511
-0.270462,-0.285034,0.197725
-0.270757,-0.285436,0.197725
-0.271550,-0.287059,0.197730
-0.275020,-0.288325,0.198020
-0.274901,-0.287766,0.198625
-0.278098,-0.289374,0.195879
-0.278046,-0.289379,0.196184
-0.279410,-0.292733,0.194890
-0.281568,-0.291775,0.192741
-0.283510,-0.294036,0.193736
-0.284284,-0.294394,0.190954
-0.286333,-0.297895,0.189687
-0.287698,-0.298129,0.189360
-0.289598,-0.301406,0.189230
-0.289265,-0.302109,0.187945
-0.292312,-0.300703,0.185696
-0.293046,-0.304043,0.183654
-0.295714,-0.305919,0.185228
-0.294718,-0.309117,0.183229
-0.297692,-0.308896,0.183711
-0.297384,-0.311923,0.180948
-0.299586,-0.312024,0.182330
-0.302169,-0.314236,0.178922
-0.304689,-0.316503,0.177945
-0.303125,-0.316746,0.177768
-0.304687,-0.321080,0.175837
-0.011731,-0.348142,0.156718
-0.010595,-0.333818,0.167692
-0.014271,-0.317172,0.178146
-0.014233,-0.315386,0.176307
-0.017617,-0.314646,0.179909
-0.018373,-0.311479,0.181802
-0.020496,-0.309585,0.182737
-0.021142,-0.306637,0.187010
-0.021301,-0.305035,0.187351
-0.024136,-0.299808,0.189234
-0.025145,-0.298293,0.189955
-0.027000,-0.297043,0.193265
-0.025788,-0.297567,0.194005
-0.027410,-0.294629,0.191848
-0.030184,-0.295431,0.192450
-0.030719,-0.292911,0.192456
-0.031140,-0.292617,0.194378
-0.033151,-0.290692,0.194808
-0.036165,-0.291390,0.197544
-0.037536,-0.289788,0.197090
-0.037268,-0.288719,0.199164
-0.037801,-0.287701,0.198443
-0.040336,-0.286849,0.198828
-0.040314,-0.286183,0.199387
-0.040558,-0.286536,0.200255
-0.043393,-0.286296,0.199247
-0.046150,-0.285828,0.200296
-0.047024,-0.285437,0.202737
-0.046842,-0.284252,0.199402
-0.046683,-0.284520,0.200570
-0.049041,-0.283928,0.200746
-0.051208,-0.283967,0.201434
-0.052107,-0.283600,0.199582
-0.053403,-0.282480,0.203162
-0.055083,-0.282232,0.203824
-0.055549,-0.277018,0.204417
-0.059420,-0.277344,0.207646
-0.058424,-0.216791,0.249587
-0.062090,-0.208879,0.250323
-0.061178,-0.206739,0.253649
-0.064402,-0.204286,0.254371
-0.065317,-0.204726,0.256410
-0.066195,-0.200319,0.257417
-0.066940,-0.199076,0.259222
-0.069291,-0.199219,0.259106
-0.069373,-0.197816,0.259325
-0.070521,-0.197516,0.261920
-0.072005,-0.194336,0.261132
-0.071315,-0.195593,0.261275
-0.073375,-0.194679,0.261175
-0.075202,-0.196421,0.262273
-0.077641,-0.196572,0.262333
-0.076576,-0.194785,0.262384
-0.079309,-0.196123,0.262184
-0.078722,-0.194972,0.263569
-0.080889,-0.193980,0.261791
-0.083156,-0.194523,0.262961
-0.084570,-0.193816,0.263376
-0.083015,-0.196358,0.262125
-0.085689,-0.193325,0.262555
-0.088608,-0.195339,0.264216
-0.089049,-0.194932,0.261932
-0.089533,-0.193380,0.261675
-0.089925,-0.195299,0.262397
-0.092665,-0.197408,0.262871
-0.090750,-0.193978,0.260826
-0.095010,-0.196106,0.260309
-0.093622,-0.196063,0.263319
-0.098405,-0.196474,0.263025
-0.095723,-0.194157,0.263969
-0.099150,-0.196216,0.260116
-0.099035,-0.196858,0.261893
-0.100015,-0.194671,0.262536
-0.100817,-0.195791,0.261212
-0.102717,-0.196054,0.260740
-0.102940,-0.194064,0.262153
-0.104727,-0.195636,0.262973
-0.106766,-0.192543,0.260756
-0.108051,-0.195640,0.262653
-0.109595,-0.194316,0.263422
-0.108148,-0.193205,0.262639
-0.110997,-0.194351,0.265632
-0.112851,-0.195076,0.264694
-0.112588,-0.192524,0.264313
-0.116083,-0.193569,0.263631
-0.116822,-0.192962,0.265713
-0.119775,-0.193146,0.264274
-0.117695,-0.193539,0.266443
-0.119203,-0.193551,0.264377
-0.119987,-0.194629,0.262857
-0.123209,-0.192782,0.262833
-0.123508,-0.192340,0.264850
-0.122943,-0.192487,0.264286
-0.126111,-0.194391,0.264568
-0.126768,-0.193728,0.264108
-0.127812,-0.192651,0.262499
-0.129396,-0.194001,0.261583
-0.128622,-0.194740,0.260408
-0.131322,-0.196815,0.263153
-0.131820,-0.197321,0.261435
-0.133163,-0.199018,0.260561
-0.133929,-0.199859,0.260809
-0.135944,-0.199725,0.260289
-0.136529,-0.199868,0.259256
-0.140106,-0.201359,0.256699
-0.140082,-0.204008,0.256471
-0.140091,-0.203076,0.257101
-0.142893,-0.204985,0.254327
-0.142890,-0.207187,0.256082
-0.144807,-0.204734,0.254375
-0.145134,-0.208133,0.255074
-0.148506,-0.210677,0.250695
-0.150130,-0.213051,0.250335
-0.148950,-0.215916,0.248301
-0.149195,-0.216674,0.248617
-0.152737,-0.218681,0.247328
-0.152669,-0.220912,0.244206
-0.153238,-0.223390,0.244034
-0.156454,-0.223391,0.243791
-0.157903,-0.226337,0.239271
-0.157380,-0.229758,0.239836
-0.161201,-0.232792,0.236599
-0.161749,-0.236119,0.234396
-0.163917,-0.236772,0.232020
-0.165813,-0.240871,0.231736
-0.164642,-0.241294,0.232255
-0.165442,-0.245629,0.226347
-0.168307,-0.247382,0.227489
-0.169361,-0.249056,0.225324
-0.170019,-0.249514,0.224892
-0.169959,-0.250022,0.224627
-0.171429,-0.250136,0.224410
-0.171047,-0.254441,0.220354
-0.174945,-0.254949,0.220542
-0.175207,-0.257747,0.219753
-0.175683,-0.258795,0.218351
-0.178487,-0.261705,0.217091
-0.178682,-0.261850,0.217806
-0.181025,-0.265205,0.217034
-0.182614,-0.265567,0.214836
-0.184109,-0.265775,0.213563
-0.183705,-0.268520,0.212184
-0.187896,-0.269729,0.210234
-0.186938,-0.268353,0.211714
-0.190046,-0.269572,0.210136
-0.190473,-0.272440,0.210867
-0.190265,-0.270910,0.208706
-0.194451,-0.272586,0.208786
-0.193487,-0.273047,0.208587
-0.194483,-0.275044,0.209385
-0.197957,-0.275600,0.206854
-0.197771,-0.277256,0.203942
-0.198120,-0.276885,0.204065
-0.201064,-0.280172,0.203579
-0.202380,-0.279345,0.205794
-0.202543,-0.281046,0.203266
-0.203231,-0.279842,0.204718
-0.205708,-0.280675,0.205487
-0.205518,-0.280343,0.203499
-0.205957,-0.280370,0.203938
-0.207741,-0.280690,0.204524
-0.210818,-0.279525,0.205220
-0.211421,-0.278858,0.206338
-0.211865,-0.278110,0.205072
-0.213922,-0.278485,0.204125
-0.215131,-0.282488,0.204102
-0.216910,-0.281328,0.202435
-0.217670,-0.282760,0.201768
-0.219137,-0.283763,0.200022
-0.221451,-0.285476,0.200390
-0.221586,-0.285901,0.199610
-0.225134,-0.283760,0.201534
-0.222712,-0.283647,0.201590
-0.224907,-0.283420,0.201522
-0.226814,-0.283078,0.201942
-0.228494,-0.281271,0.202686
-0.228519,-0.280515,0.202622
-0.229944,-0.282328,0.202970
-0.228925,-0.279867,0.201970
-0.232996,-0.278172,0.204346
-0.234384,-0.280683,0.204844
-0.233130,-0.279330,0.203051
-0.234184,-0.277777,0.204470
-0.239987,-0.280316,0.202361
-0.238093,-0.276817,0.203520
-0.240119,-0.280784,0.204255
-0.242231,-0.278786,0.203541
-0.242363,-0.278422,0.205361
-0.243957,-0.276586,0.204119
-0.244945,-0.279007,0.203883
-0.247506,-0.278566,0.203841
-0.246245,-0.277786,0.204576
-0.246225,-0.279400,0.206068
-0.248969,-0.274687,0.207686
-0.250401,-0.279551,0.205014
-0.251261,-0.279177,0.206386
-0.252613,-0.278391,0.206614
-0.255947,-0.279824,0.206416
-0.257197,-0.281780,0.204945
-0.257551,-0.280659,0.205462
-0.256823,-0.280360,0.203276
-0.258468,-0.281257,0.202705
-0.261844,-0.283383,0.201829
-0.261470,-0.282325,0.200114
-0.263950,-0.284063,0.200217
-0.264695,-0.284030,0.201033
-0.264957,-0.284906,0.200433
-0.267363,-0.285026,0.199946
-0.268846,-0.287019,0.199200
-0.270419,-0.286268,0.199036
-0.270348,-0.288479,0.200946
-0.273570,-0.289269,0.199584
-0.274520,-0.287404,0.201508
-0.274416,-0.288448,0.196983
-0.274698,-0.287622,0.197776
-0.277327,-0.291299,0.197366
-0.280390,-0.294869,0.197021
-0.281375,-0.292336,0.195491
-0.281086,-0.292780,0.194450
-0.281462,-0.294973,0.191209
-0.284799,-0.297529,0.190761
-0.285836,-0.297808,0.190400
-0.286233,-0.300755,0.190396
-0.287581,-0.303088,0.190340
-0.291930,-0.302218,0.186451
-0.291522,-0.302888,0.185524
-0.293503,-0.306955,0.187091
-0.293931,-0.308334,0.186114
-0.296609,-0.309810,0.183033
-0.298581,-0.312221,0.182042
-0.297638,-0.315185,0.180841
-0.299736,-0.313942,0.180510
-0.302790,-0.315511,0.177988
-0.301931,-0.318862,0.180435
-0.304255,-0.318711,0.176579
-0.009516,-0.348110,0.158467
-0.014490,-0.333803,0.168588
-0.013834,-0.319473,0.177388
-0.017366,-0.318257,0.178352
-0.017991,-0.318633,0.180419
-0.019097,-0.316473,0.181078
-0.021013,-0.314348,0.182519
-0.019822,-0.309289,0.184142
-0.021828,-0.309549,0.187240
-0.024301,-0.306719,0.188147
-0.025860,-0.303465,0.190940
-0.025795,-0.299893,0.192502
-0.027972,-0.300461,0.190123
-0.026366,-0.299018,0.191058
-0.031364,-0.298376,0.191923
-0.032461,-0.299451,0.192816
-0.032268,-0.296942,0.193701
-0.034970,-0.296521,0.192699
-0.035060,-0.296121,0.193920
-0.037668,-0.295715,0.195377
-0.036863,-0.293591,0.196169
-0.040933,-0.293080,0.197983
-0.041720,-0.292415,0.196978
-0.044593,-0.292700,0.197814
-0.044200,-0.289358,0.199601
-0.043894,-0.290101,0.198787
-0.045673,-0.288134,0.200103
-0.047340,-0.288940,0.200290
-0.049956,-0.288831,0.197779
-0.050049,-0.287168,0.200454
-0.049858,-0.286804,0.199584
-0.051135,-0.285706,0.200851
-0.052460,-0.287250,0.197992
-0.054569,-0.287553,0.200917
-0.056158,-0.287794,0.200389
-0.058165,-0.285363,0.200215
-0.057370,-0.287345,0.201025
-0.058140,-0.284254,0.204566
-0.061452,-0.283201,0.207126
-0.060977,-0.213303,0.250916
-0.061606,-0.210160,0.253490
-0.065109,-0.208940,0.255309
-0.065682,-0.207468,0.256135
-0.066687,-0.205591,0.256311
-0.068906,-0.203216,0.255739
-0.069328,-0.203654,0.260066
-0.071658,-0.203146,0.259695
-0.071634,-0.200977,0.259733
-0.074901,-0.200884,0.262369
-0.074077,-0.197483,0.261227
-0.077571,-0.200755,0.261646
-0.076270,-0.200261,0.260291
-0.078447,-0.199671,0.259451
-0.077358,-0.200569,0.261293
-0.080431,-0.201326,0.260759
-0.081207,-0.199140,0.260966
-0.082270,-0.199410,0.262577
-0.084894,-0.197629,0.261655
-0.087139,-0.200303,0.261585
-0.085924,-0.199579,0.261076
-0.085768,-0.200027,0.260107
-0.088266,-0.198081,0.262082
-0.089957,-0.199733,0.260946
-0.092087,-0.199945,0.261850
-0.093402,-0.202332,0.259866
-0.092728,-0.199801,0.261497
-0.094773,-0.201138,0.261602
-0.098023,-0.199058,0.260086
-0.096274,-0.199426,0.260385
-0.098002,-0.198693,0.261860
-0.099002,-0.197945,0.263214
-0.100897,-0.199549,0.258185
-0.100663,-0.199829,0.262577
-0.103620,-0.198237,0.261349
-0.104771,-0.198399,0.262100
-0.104999,-0.197117,0.263189
-0.106510,-0.199967,0.259711
-0.106584,-0.198581,0.262128
-0.107902,-0.196990,0.262870
-0.109190,-0.197895,0.260259
-0.111706,-0.198518,0.260534
-0.112834,-0.197048,0.262803
-0.113305,-0.198048,0.263294
-0.114425,-0.196271,0.260515
-0.115766,-0.197176,0.262767
-0.115545,-0.196859,0.261436
-0.117420,-0.197620,0.260316
-0.120231,-0.196054,0.262544
-0.119376,-0.195604,0.262065
-0.122150,-0.198092,0.263782
-0.123838,-0.199146,0.264543
-0.123938,-0.197593,0.262468
-0.123903,-0.198761,0.261900
-0.125694,-0.198730,0.262519
-0.126733,-0.199345,0.262053
-0.129072,-0.198968,0.260183
-0.131699,-0.198711,0.261627
-0.131664,-0.201331,0.261481
-0.132116,-0.202920,0.260121
-0.133638,-0.204679,0.259810
-0.136582,-0.206239,0.260087
-0.136353,-0.203575,0.258601
-0.138171,-0.203860,0.257877
-0.136410,-0.207035,0.255071
-0.139428,-0.206558,0.256738
-0.140376,-0.207658,0.255545
-0.143112,-0.207806,0.253378
-0.144197,-0.210171,0.254198
-0.144387,-0.212750,0.249931
-0.146270,-0.215724,0.249290
-0.145703,-0.216146,0.249112
-0.148835,-0.220491,0.247671
-0.151069,-0.220174,0.246512
-0.150613,-0.224007,0.243481
-0.151555,-0.225640,0.245010
-0.153923,-0.226747,0.241868
-0.154971,-0.229156,0.240073
-0.155841,-0.232264,0.238345
-0.155027,-0.233845,0.235615
-0.158245,-0.237051,0.234794
-0.159784,-0.238894,0.234107
-0.160882,-0.240563,0.233725
-0.162764,-0.243848,0.230756
-0.162929,-0.246575,0.231033
-0.165610,-0.249476,0.227165
-0.166167,-0.251058,0.224858
-0.166742,-0.253854,0.224610
-0.168740,-0.252924,0.222315
-0.170904,-0.256114,0.221563
-0.169685,-0.257798,0.219707
-0.171863,-0.259578,0.219680
-0.174508,-0.261992,0.218705
-0.174993,-0.264255,0.218460
-0.178045,-0.263771,0.215385
-0.177174,-0.266441,0.215186
-0.178989,-0.266476,0.213509
-0.180011,-0.270648,0.211931
-0.182468,-0.269860,0.212637
-0.183161,-0.270727,0.211131
-0.183779,-0.273728,0.211373
-0.186655,-0.274442,0.209542
-0.185922,-0.275698,0.208788
-0.186065,-0.276126,0.209041
-0.188199,-0.277625,0.208454
-0.189672,-0.277956,0.208283
-0.191587,-0.278602,0.207988
-0.194000,-0.285859,0.202241
-0.193832,-0.284169,0.202813
-0.196399,-0.281593,0.202267
-0.197520,-0.285492,0.203329
-0.197317,-0.285661,0.204082
-0.198431,-0.287688,0.200397
-0.200231,-0.288696,0.200047
-0.202375,-0.288971,0.200709
-0.201523,-0.289109,0.199993
-0.204479,-0.288418,0.200642
-0.207373,-0.286680,0.201990
-0.207274,-0.286654,0.201360
-0.208435,-0.287438,0.200765
-0.207946,-0.286331,0.201442
-0.210970,-0.287960,0.201732
-0.212296,-0.288345,0.201231
-0.211755,-0.286288,0.201305
-0.213859,-0.285495,0.200947
-0.215483,-0.286091,0.199584
-0.217417,-0.288195,0.200763
-0.218820,-0.288633,0.198736
-0.219505,-0.289803,0.198221
-0.221839,-0.291778,0.198308
-0.220198,-0.290600,0.199423
-0.224021,-0.288937,0.200691
-0.225455,-0.287763,0.199741
-0.224705,-0.286665,0.200729
-0.225478,-0.284517,0.201255
-0.228041,-0.285725,0.200810
-0.228640,-0.287661,0.202593
-0.229167,-0.283792,0.200222
-0.230864,-0.284877,0.203286
-0.230911,-0.283610,0.204843
-0.235195,-0.281574,0.204369
-0.235871,-0.283969,0.206312
-0.236167,-0.282410,0.205162
-0.238171,-0.281498,0.202734
-0.239811,-0.281921,0.204308
-0.238945,-0.282258,0.202710
-0.241397,-0.282587,0.203604
-0.242138,-0.283438,0.204638
-0.241530,-0.282103,0.204532
-0.245371,-0.282730,0.204783
-0.246075,-0.281565,0.204134
-0.249204,-0.282955,0.206563
-0.249652,-0.280387,0.204999
-0.248870,-0.282477,0.207035
-0.250643,-0.278611,0.206615
-0.251607,-0.281646,0.206193
-0.252396,-0.280954,0.203871
-0.255683,-0.279097,0.205721
-0.255964,-0.283153,0.204597
-0.258411,-0.283005,0.203978
-0.258044,-0.284540,0.205954
-0.259788,-0.286431,0.204391
-0.259529,-0.285765,0.204726
-0.259264,-0.284408,0.202258
-0.262630,-0.285903,0.201723
-0.264913,-0.288545,0.199918
-0.265749,-0.288207,0.200009
-0.268038,-0.288717,0.199400
-0.268134,-0.288584,0.198444
-0.269305,-0.289102,0.201746
-0.271143,-0.290837,0.199144
-0.272428,-0.290352,0.199493
-0.274905,-0.290507,0.196930
-0.274801,-0.290621,0.197167
-0.278307,-0.293208,0.193344
-0.277562,-0.294673,0.197153
-0.280805,-0.293557,0.196934
-0.282645,-0.294072,0.194519
-0.283146,-0.297706,0.194064
-0.282125,-0.297902,0.191135
-0.284943,-0.299362,0.192809
-0.286275,-0.303129,0.190857
-0.286876,-0.305073,0.191202
-0.289153,-0.305136,0.190151
-0.290204,-0.306224,0.188216
-0.291983,-0.307573,0.187821
-0.291408,-0.308560,0.185743
-0.294764,-0.310569,0.185428
-0.294655,-0.312610,0.183763
-0.296201,-0.312557,0.183009
-0.298916,-0.316589,0.183215
-0.297134,-0.318018,0.180327
-0.300356,-0.317591,0.178602
-0.303329,-0.321024,0.178358
-0.012153,-0.350206,0.160824
-0.014403,-0.334280,0.171014
-0.016878,-0.323786,0.177896
-0.016836,-0.322152,0.178466
-0.019007,-0.320413,0.181197
-0.020002,-0.319281,0.178322
-0.020047,-0.315793,0.181880
-0.023469,-0.313961,0.183983
-0.024760,-0.312463,0.184158
-0.025449,-0.311409,0.186822
-0.024978,-0.306570,0.188231
-0.027186,-0.304784,0.189016
-0.029973,-0.304303,0.191175
-0.032488,-0.304727,0.190949
-0.032754,-0.303391,0.191430
-0.033695,-0.302094,0.192464
-0.034801,-0.301045,0.190808
-0.036991,-0.301222,0.193273
-0.036512,-0.300303,0.193897
-0.038270,-0.300577,0.194813
-0.037577,-0.300151,0.194218
-0.038384,-0.299958,0.195187
-0.041432,-0.298090,0.194727
-0.044307,-0.294952,0.196173
-0.046425,-0.295580,0.197247
-0.044108,-0.294641,0.197150
-0.047597,-0.293326,0.199668
-0.046689,-0.293756,0.198142
-0.050191,-0.291058,0.199352
-0.051705,-0.291874,0.199755
-0.051235,-0.292097,0.198705
-0.052136,-0.291693,0.199027
-0.052240,-0.291731,0.199583
-0.055896,-0.291381,0.198570
-0.056681,-0.291234,0.199249
-0.058215,-0.289875,0.201498
-0.060262,-0.290839,0.200991
-0.059167,-0.291626,0.197454
-0.061129,-0.291013,0.200783
-0.062430,-0.289393,0.199567
-0.064694,-0.285784,0.203672
-0.065301,-0.214221,0.252456
-0.068611,-0.214003,0.253269
-0.070551,-0.213088,0.252394
-0.070259,-0.210673,0.257437
-0.070441,-0.208957,0.257463
-0.072709,-0.208398,0.257349
-0.075073,-0.206009,0.258686
-0.073145,-0.204677,0.260310
-0.075517,-0.204752,0.258797
-0.075239,-0.205387,0.258254
-0.077796,-0.204421,0.258062
-0.079069,-0.204220,0.258659
-0.080212,-0.203788,0.261564
-0.081865,-0.203451,0.258746
-0.083711,-0.205246,0.259897
-0.085158,-0.203894,0.259403
-0.084615,-0.204765,0.259897
-0.084894,-0.202888,0.260532
-0.087957,-0.204144,0.259440
-0.089193,-0.203830,0.260413
-0.088360,-0.203185,0.260529
-0.092269,-0.204007,0.259637
-0.092035,-0.204104,0.259925
-0.094332,-0.204542,0.258550
-0.095548,-0.202500,0.258303
-0.096359,-0.204618,0.259854
-0.096425,-0.203481,0.261725
-0.097817,-0.203327,0.258143
-0.099664,-0.204260,0.259350
-0.100642,-0.202912,0.259616
-0.102725,-0.203730,0.259181
-0.103425,-0.202560,0.259958
-0.104703,-0.202539,0.260079
-0.103905,-0.205171,0.258985
-0.105805,-0.203609,0.259612
-0.109192,-0.202491,0.260371
-0.110512,-0.202584,0.259723
-0.110445,-0.201763,0.260740
-0.112133,-0.203128,0.260320
-0.113227,-0.203304,0.259773
-0.112724,-0.200946,0.261870
-0.113381,-0.200882,0.259747
-0.115903,-0.203117,0.260831
-0.115602,-0.200070,0.259351
-0.118626,-0.201234,0.260940
-0.120173,-0.200811,0.260748
-0.122360,-0.201499,0.263215
-0.122529,-0.202049,0.263237
-0.122934,-0.202201,0.261728
-0.123813,-0.201491,0.260515
-0.124304,-0.202872,0.259576
-0.125834,-0.203839,0.260176
-0.128742,-0.204068,0.259167
-0.128937,-0.202729,0.258731
-0.130780,-0.204022,0.257495
-0.131393,-0.204565,0.259938
-0.131085,-0.205022,0.256608
-0.132151,-0.207924,0.257925
-0.135628,-0.207644,0.256695
-0.136824,-0.211054,0.257129
-0.137360,-0.209387,0.254029
-0.138818,-0.212139,0.254901
-0.138838,-0.212680,0.253260
-0.141308,-0.214616,0.250720
-0.141864,-0.216104,0.251861
-0.142009,-0.217313,0.250036
-0.145112,-0.219378,0.246929
-0.143946,-0.221412,0.247150
-0.147567,-0.223667,0.244752
-0.148320,-0.225348,0.246004
-0.150995,-0.227268,0.243306
-0.150578,-0.231076,0.242391
-0.153072,-0.232367,0.240915
-0.155174,-0.236804,0.238070
-0.154431,-0.237439,0.235972
-0.155717,-0.240395,0.234509
-0.156976,-0.242766,0.231014
-0.158709,-0.245194,0.232866
-0.159677,-0.247991,0.230466
-0.161639,-0.250471,0.225669
-0.161337,-0.253338,0.225058
-0.163413,-0.257650,0.224566
-0.165443,-0.258763,0.221792
-0.167781,-0.260540,0.221243
-0.168371,-0.262039,0.217921
-0.170118,-0.264838,0.220269
-0.170382,-0.265357,0.219753
-0.172805,-0.266193,0.217282
-0.172634,-0.267460,0.216385
-0.175114,-0.269480,0.214553
-0.175553,-0.269305,0.215275
-0.175550,-0.270781,0.213352
-0.178275,-0.271480,0.210994
-0.180045,-0.273751,0.209024
-0.180006,-0.275774,0.210933
-0.180750,-0.276921,0.208184
-0.181337,-0.277626,0.208018
-0.184473,-0.278922,0.206542
-0.185077,-0.281475,0.204414
-0.187467,-0.281915,0.206886
-0.187436,-0.281607,0.206662
-0.188407,-0.298740,0.196028
-0.191952,-0.298226,0.194278
-0.192689,-0.296848,0.196144
-0.194055,-0.296840,0.196050
-0.193321,-0.295271,0.198139
-0.195540,-0.294994,0.197006
-0.197399,-0.292739,0.198999
-0.198713,-0.292441,0.198098
-0.200512,-0.293440,0.196953
-0.199796,-0.294590,0.196330
-0.202215,-0.293540,0.197215
-0.205475,-0.293897,0.197063
-0.205049,-0.293702,0.196786
-0.207307,-0.294739,0.195758
-0.208209,-0.295405,0.198388
-0.207340,-0.293476,0.198381
-0.210481,-0.293063,0.198588
-0.210673,-0.294606,0.198406
-0.212298,-0.296263,0.198062
-0.214031,-0.294112,0.197167
-0.214691,-0.295774,0.196394
-0.215213,-0.294148,0.197436
-0.217354,-0.293028,0.198008
-0.216486,-0.292174,0.197704
-0.219803,-0.294799,0.195590
-0.220077,-0.294024,0.198387
-0.221704,-0.293944,0.199804
-0.224309,-0.293839,0.197939
-0.223997,-0.292690,0.199521
-0.224287,-0.291789,0.198508
-0.227760,-0.292206,0.198854
-0.226290,-0.291709,0.200171
-0.228800,-0.291268,0.201225
-0.228433,-0.287999,0.201217
-0.231104,-0.289033,0.202660
-0.232975,-0.286517,0.204399
-0.233202,-0.286354,0.204064
-0.234096,-0.285632,0.204237
-0.236682,-0.283774,0.203845
-0.237593,-0.284914,0.203929
-0.238553,-0.285237,0.202955
-0.238183,-0.285169,0.204679
-0.240957,-0.285948,0.203608
-0.243464,-0.285562,0.203605
-0.244964,-0.285603,0.202827
-0.243418,-0.283889,0.204499
-0.246207,-0.284766,0.205745
-0.246154,-0.283670,0.206196
-0.247164,-0.283315,0.205164
-0.250236,-0.284366,0.205580
-0.249159,-0.283411,0.206959
-0.251394,-0.284123,0.205748
-0.253422,-0.284257,0.205389
-0.253358,-0.285191,0.207534
-0.254396,-0.284276,0.204108
-0.256552,-0.286317,0.204230
-0.260686,-0.285681,0.204585
-0.260350,-0.287007,0.201937
-0.262612,-0.289024,0.201348
-0.263045,-0.287993,0.201789
-0.263855,-0.288886,0.201013
-0.265050,-0.290378,0.200740
-0.268031,-0.290457,0.200353
-0.266629,-0.291020,0.200206
-0.268272,-0.290846,0.200655
-0.270030,-0.292175,0.198366
-0.271017,-0.292859,0.199472
-0.272596,-0.294416,0.198588
-0.274623,-0.293242,0.197000
-0.277037,-0.294069,0.196266
-0.275673,-0.295558,0.196761
-0.276834,-0.295613,0.197222
-0.279390,-0.296635,0.195098
-0.281559,-0.298789,0.196204
-0.280685,-0.299504,0.194142
-0.283037,-0.301144,0.191343
-0.285712,-0.302729,0.190436
-0.286076,-0.304479,0.190137
-0.288563,-0.305527,0.189205
-0.288177,-0.307655,0.188469
-0.290833,-0.309922,0.188246
-0.290085,-0.310210,0.186428
-0.292546,-0.310672,0.187717
-0.294948,-0.311994,0.185644
-0.295746,-0.313772,0.184292
-0.298438,-0.314557,0.181541
-0.299513,-0.316384,0.181012
-0.300995,-0.319312,0.179206
-0.302256,-0.321337,0.176155
-0.014703,-0.352045,0.159748
-0.017292,-0.333639,0.173229
-0.019263,-0.326994,0.177106
-0.020176,-0.324239,0.179999
-0.019195,-0.322812,0.179387
-0.023563,-0.322319,0.180159
-0.021057,-0.320339,0.181114
-0.024482,-0.318230,0.184944
-0.025737,-0.314402,0.184794
-0.027260,-0.315330,0.184265
-0.028439,-0.310979,0.186690
-0.029588,-0.310702,0.187974
-0.030138,-0.309928,0.187686
-0.032056,-0.308641,0.189714
-0.033300,-0.309212,0.190641
-0.034578,-0.307334,0.190589
-0.035108,-0.307687,0.190498
-0.037347,-0.305703,0.192440
-0.037960,-0.307269,0.193820
-0.040074,-0.304256,0.191521
-0.039672,-0.303581,0.192726
-0.041823,-0.302017,0.194603
-0.043301,-0.301606,0.194262
-0.043621,-0.300485,0.192786
-0.044567,-0.302577,0.195674
-0.045685,-0.300250,0.195140
-0.048829,-0.299384,0.195406
-0.049749,-0.298614,0.195537
-0.050492,-0.298313,0.198105
-0.051530,-0.295851,0.197793
-0.052439,-0.296910,0.198576
-0.054884,-0.294822,0.198896
-0.056013,-0.295792,0.199488
-0.056219,-0.295212,0.199971
-0.057313,-0.294261,0.197706
-0.059580,-0.296242,0.198749
-0.062252,-0.295698,0.199090
-0.062779,-0.294942,0.197895
-0.063068,-0.294002,0.199949
-0.063623,-0.295930,0.196455
-0.065259,-0.296073,0.197508
-0.067959,-0.295118,0.199133
-0.068102,-0.227908,0.244061
-0.069401,-0.219626,0.250073
-0.071557,-0.217541,0.252000
-0.071385,-0.217044,0.252801
-0.071626,-0.215596,0.254216
-0.074285,-0.210444,0.253706
-0.075367,-0.209146,0.256696
-0.077348,-0.209362,0.256456
-0.079619,-0.209060,0.259678
-0.080795,-0.209318,0.257264
-0.080879,-0.207576,0.257830
-0.080173,-0.208706,0.260071
-0.082963,-0.207888,0.256701
-0.085820,-0.207092,0.259419
-0.086364,-0.207774,0.258712
-0.084940,-0.209431,0.256899
-0.085803,-0.207844,0.257191
-0.089903,-0.207910,0.257712
-0.090143,-0.209022,0.257480
-0.090939,-0.207255,0.259860
-0.091132,-0.207159,0.257110
-0.093771,-0.206757,0.259606
-0.095249,-0.208811,0.258622
-0.096379,-0.209273,0.258503
-0.096933,-0.208476,0.258378
-0.099384,-0.208545,0.258493
-0.100680,-0.208309,0.258756
-0.100234,-0.208473,0.257570
-0.103384,-0.208044,0.259388
-0.103155,-0.207760,0.257089
-0.105211,-0.207001,0.258076
-0.105256,-0.207326,0.257878
-0.106985,-0.208326,0.259740
-0.107278,-0.208177,0.259545
-0.108664,-0.208620,0.258545
-0.111152,-0.208361,0.258312
-0.111117,-0.205473,0.259036
-0.111235,-0.207160,0.260295
-0.114186,-0.208116,0.257511
-0.113046,-0.206496,0.259444
-0.115915,-0.207545,0.258827
-0.116228,-0.206577,0.259871
-0.120027,-0.205760,0.259973
-0.119120,-0.205928,0.260107
-0.120592,-0.205159,0.260562
-0.121484,-0.205933,0.261324
-0.122396,-0.206277,0.259451
-0.125195,-0.206975,0.260131
-0.125342,-0.209196,0.259177
-0.126385,-0.209573,0.259236
-0.127195,-0.209146,0.256325
-0.129743,-0.209363,0.256752
-0.131086,-0.211094,0.258065
-0.133604,-0.208170,0.257389
-0.133146,-0.209076,0.256543
-0.133583,-0.211478,0.255003
-0.134154,-0.214109,0.253401
-0.136854,-0.214969,0.250751
-0.137134,-0.217363,0.252042
-0.139086,-0.220016,0.250961
-0.139414,-0.219856,0.250267
-0.139516,-0.222239,0.248449
-0.143289,-0.222371,0.246986
-0.143939,-0.226256,0.247029
-0.145458,-0.227756,0.246866
-0.147059,-0.227406,0.242877
-0.145481,-0.230214,0.242749
-0.145812,-0.234596,0.241516
-0.150875,-0.234516,0.240679
-0.150980,-0.238667,0.237326
-0.151019,-0.241566,0.236167
-0.153358,-0.244240,0.234014
-0.155326,-0.245679,0.231748
-0.157243,-0.249096,0.232351
-0.157009,-0.251739,0.227103
-0.160089,-0.255408,0.226535
-0.160601,-0.259428,0.224404
-0.161341,-0.260904,0.223038
-0.163888,-0.264647,0.221462
-0.163797,-0.265653,0.220102
-0.167758,-0.266821,0.217224
-0.166749,-0.267163,0.218115
-0.167682,-0.271107,0.216546
-0.168392,-0.271526,0.215758
-0.170087,-0.271591,0.211059
-0.171778,-0.276292,0.211833
-0.171178,-0.277556,0.209186
-0.175423,-0.279403,0.209972
-0.177443,-0.282215,0.207815
-0.177202,-0.279175,0.207678
-0.177926,-0.280482,0.207448
-0.180102,-0.281616,0.208237
-0.180345,-0.281665,0.206586
-0.180286,-0.283882,0.207094
-0.184566,-0.285221,0.203747
-0.186052,-0.286343,0.205079
-0.194940,-0.333713,0.171045
-0.196050,-0.329818,0.173899
-0.196512,-0.319514,0.182487
-0.195448,-0.315307,0.185054
-0.198889,-0.310483,0.187582
-0.199678,-0.306855,0.191072
-0.201261,-0.302389,0.194444
-0.201677,-0.301289,0.194287
-0.203175,-0.302727,0.193790
-0.205858,-0.303596,0.193594
-0.206588,-0.302123,0.194166
-0.208170,-0.302893,0.193060
-0.207787,-0.303096,0.194311
-0.209530,-0.303099,0.193543
-0.210608,-0.302737,0.193699
-0.210593,-0.302725,0.194273
-0.213023,-0.302374,0.193691
-0.213931,-0.301261,0.191907
-0.214418,-0.302426,0.195152
-0.215954,-0.303100,0.194426
-0.218118,-0.302084,0.196420
-0.217580,-0.301604,0.194767
-0.219570,-0.298978,0.195166
-0.220682,-0.299881,0.195124
-0.221452,-0.297460,0.194725
-0.222882,-0.298639,0.196801
-0.224103,-0.297290,0.196956
-0.226610,-0.296931,0.195843
-0.224435,-0.295061,0.197346
-0.228504,-0.295865,0.196347
-0.227608,-0.295108,0.199138
-0.229191,-0.294341,0.199106
-0.231582,-0.292906,0.200639
-0.234872,-0.289547,0.200988
-0.234124,-0.289809,0.200026
-0.235833,-0.288052,0.202203
-0.237007,-0.288221,0.204660
-0.236794,-0.289221,0.204764
-0.239796,-0.287761,0.202213
-0.238664,-0.287885,0.204190
-0.241137,-0.287440,0.203338
-0.242527,-0.289738,0.204628
-0.244192,-0.289210,0.203054
-0.244217,-0.286782,0.203842
-0.246338,-0.287193,0.203799
-0.248864,-0.287130,0.204698
-0.248858,-0.288460,0.204512
-0.248758,-0.285576,0.203410
-0.252868,-0.287362,0.204432
-0.251763,-0.287325,0.204724
-0.251533,-0.288002,0.204765
-0.254977,-0.287151,0.206281
-0.258706,-0.288166,0.203840
-0.256605,-0.287746,0.202823
-0.258441,-0.289336,0.201912
-0.260614,-0.290828,0.204176
-0.259577,-0.290210,0.202981
-0.262903,-0.290766,0.202247
-0.263540,-0.289953,0.200787
-0.265699,-0.292004,0.202638
-0.267144,-0.292806,0.200913
-0.268450,-0.293295,0.199216
-0.269676,-0.294297,0.199799
-0.269671,-0.295226,0.199508
-0.271851,-0.295288,0.198514
-0.273310,-0.296765,0.198031
-0.275011,-0.296778,0.197369
-0.276109,-0.296779,0.195785
-0.278135,-0.299590,0.197498
-0.277929,-0.297202,0.198416
-0.278702,-0.300669,0.196099
-0.280062,-0.299182,0.193812
-0.283009,-0.302731,0.195403
-0.282870,-0.300640,0.193911
-0.285042,-0.305432,0.192562
-0.285781,-0.307549,0.192848
-0.287443,-0.306040,0.191332
-0.289301,-0.309720,0.190214
-0.291300,-0.309851,0.188013
-0.292061,-0.311586,0.187663
-0.293742,-0.313297,0.185187
-0.295632,-0.313824,0.184870
-0.295390,-0.317080,0.183613
-0.298018,-0.318123,0.182679
-0.297118,-0.321420,0.182311
-0.300605,-0.324320,0.179077
-0.016515,-0.352238,0.162010
-0.017411,-0.333701,0.173516
-0.017366,-0.330991,0.175027
-0.019226,-0.331114,0.179599
-0.020707,-0.325179,0.178024
-0.022704,-0.323405,0.179798
-0.023656,-0.321927,0.181938
-0.024469,-0.320970,0.182445
-0.026148,-0.319304,0.184574
-0.028043,-0.316187,0.186337
-0.029229,-0.314675,0.185870
-0.029632,-0.314310,0.188276
-0.031092,-0.314167,0.187446
-0.031567,-0.312913,0.189349
-0.035200,-0.313183,0.188452
-0.036801,-0.310455,0.188274
-0.038585,-0.309782,0.189123
-0.037415,-0.311357,0.190206
-0.038265,-0.309123,0.192326
-0.040593,-0.309580,0.190657
-0.041115,-0.307531,0.191023
-0.043991,-0.306047,0.190911
-0.044831,-0.307965,0.191270
-0.044825,-0.305118,0.192431
-0.047095,-0.305727,0.193093
-0.049033,-0.304713,0.192360
-0.049771,-0.304742,0.196042
-0.051582,-0.303511,0.196049
-0.051717,-0.303097,0.196374
-0.053190,-0.304318,0.197424
-0.053383,-0.299404,0.196553
-0.053825,-0.299578,0.197975
-0.057168,-0.299589,0.195782
-0.058213,-0.296749,0.198131
-0.060428,-0.299754,0.197863
-0.059522,-0.299062,0.197874
-0.062908,-0.298163,0.196699
-0.060377,-0.300032,0.196187
-0.065060,-0.298320,0.197321
-0.066108,-0.299701,0.196962
-0.067756,-0.298579,0.198708
-0.068283,-0.300418,0.198199
-0.067262,-0.301826,0.196451
-0.071738,-0.297839,0.196535
-0.072694,-0.226979,0.247076
-0.072229,-0.226303,0.247008
-0.074759,-0.221907,0.249935
-0.075585,-0.221197,0.252387
-0.076104,-0.218718,0.252878
-0.075720,-0.217330,0.254361
-0.079989,-0.216217,0.254662
-0.081853,-0.214074,0.255195
-0.082513,-0.214657,0.256933
-0.081642,-0.213506,0.254818
-0.083991,-0.213612,0.256890
-0.084711,-0.213041,0.255732
-0.086150,-0.212296,0.257275
-0.088051,-0.212570,0.256108
-0.090081,-0.212076,0.254565
-0.089140,-0.212920,0.256705
-0.092581,-0.211640,0.258829
-0.093184,-0.215425,0.258421
-0.094160,-0.210862,0.254292
-0.093778,-0.211865,0.257578
-0.094702,-0.213693,0.258480
-0.096411,-0.211282,0.257162
-0.097621,-0.212241,0.256661
-0.098834,-0.212522,0.257621
-0.100350,-0.212800,0.255828
-0.100623,-0.211692,0.257180
-0.102223,-0.212823,0.257049
-0.105317,-0.212383,0.258397
-0.105392,-0.211230,0.257053
-0.107419,-0.211909,0.258109
-0.108713,-0.212442,0.256200
-0.109989,-0.211516,0.257212
-0.109275,-0.213772,0.257593
-0.108947,-0.210008,0.258153
-0.112922,-0.212263,0.256864
-0.114807,-0.211114,0.258546
-0.114765,-0.210895,0.258705
-0.116875,-0.210715,0.259004
-0.115849,-0.210296,0.258402
-0.117827,-0.211243,0.260605
-0.118347,-0.210094,0.258197
-0.120186,-0.211057,0.259135
-0.121945,-0.211518,0.257964
-0.123128,-0.211644,0.258496
-0.123623,-0.213145,0.257242
-0.124316,-0.211992,0.257264
-0.128314,-0.214332,0.257475
-0.129234,-0.213906,0.256780
-0.128662,-0.213785,0.255925
-0.128458,-0.216068,0.255162
-0.129614,-0.217799,0.254172
-0.134847,-0.216527,0.255052
-0.133416,-0.218897,0.251764
-0.135331,-0.220646,0.251200
-0.136683,-0.223010,0.250036
-0.135785,-0.223202,0.247517
-0.140135,-0.225565,0.246852
-0.140751,-0.227926,0.246108
-0.141269,-0.230174,0.245391
-0.143932,-0.230776,0.243805
-0.143510,-0.232934,0.244448
-0.145861,-0.236243,0.240854
-0.146976,-0.240568,0.240658
-0.147586,-0.239915,0.238337
-0.147764,-0.242154,0.235766
-0.150567,-0.243726,0.236087
-0.153732,-0.246284,0.232493
-0.152803,-0.250957,0.230118
-0.155286,-0.253990,0.228087
-0.152439,-0.257308,0.227621
-0.157686,-0.258485,0.223831
-0.157571,-0.261431,0.222287
-0.158702,-0.265859,0.220211
-0.160394,-0.268220,0.220875
-0.161128,-0.269809,0.216158
-0.161799,-0.271363,0.219519
-0.164634,-0.274935,0.214981
-0.166339,-0.276364,0.214904
-0.168693,-0.277230,0.212819
-0.168653,-0.280081,0.209847
-0.170486,-0.283155,0.207117
-0.169371,-0.284837,0.207903
-0.173461,-0.288823,0.205003
-0.172744,-0.289510,0.204451
-0.174144,-0.290524,0.204062
-0.176742,-0.290566,0.204502
-0.177559,-0.290061,0.202545
-0.178525,-0.291219,0.201721
-0.179189,-0.289803,0.204704
-0.181295,-0.290005,0.203109
-0.181903,-0.290930,0.202807
-0.195753,-0.334435,0.172641
-0.198968,-0.329420,0.177837
-0.198668,-0.325631,0.180482
-0.201323,-0.318669,0.185528
-0.198061,-0.314779,0.187074
-0.200589,-0.310574,0.190848
-0.203218,-0.309611,0.191058
-0.206659,-0.311633,0.189129
-0.206816,-0.309683,0.191852
-0.206899,-0.310503,0.189831
-0.208885,-0.309860,0.190465
-0.208723,-0.308792,0.189833
-0.209473,-0.308256,0.190129
-0.210585,-0.310335,0.190636
-0.213584,-0.308119,0.190228
-0.216965,-0.309362,0.190399
-0.216019,-0.308692,0.191977
-0.216742,-0.308858,0.191006
-0.218434,-0.306429,0.192802
-0.219258,-0.305595,0.193466
-0.219278,-0.305078,0.194066
-0.220330,-0.301792,0.194525
-0.223104,-0.303031,0.195076
-0.224413,-0.301674,0.196066
-0.225384,-0.301907,0.196305
-0.225120,-0.298481,0.195769
-0.227738,-0.301891,0.197219
-0.229539,-0.300345,0.195980
-0.231343,-0.300179,0.196394
-0.231972,-0.298789,0.199737
-0.232645,-0.296719,0.198274
-0.231963,-0.296390,0.200138
-0.236606,-0.293207,0.200631
-0.235288,-0.293056,0.200899
-0.238175,-0.289788,0.202265
-0.238938,-0.290424,0.201673
-0.239299,-0.291714,0.200331
-0.240325,-0.290631,0.202262
-0.240188,-0.290687,0.202814
-0.242073,-0.292012,0.202555
-0.242836,-0.291238,0.204142
-0.246435,-0.291530,0.206211
-0.245398,-0.291879,0.203703
-0.248413,-0.289316,0.204656
-0.249245,-0.288731,0.203381
-0.250115,-0.291149,0.204325
-0.254738,-0.291444,0.204067
-0.252180,-0.289193,0.203219
-0.254315,-0.290982,0.203673
-0.255947,-0.289423,0.202465
-0.257429,-0.290170,0.204646
-0.256494,-0.291762,0.203107
-0.258527,-0.290700,0.203026
-0.259682,-0.291753,0.199728
-0.260066,-0.293905,0.200245
-0.262429,-0.293281,0.200261
-0.263919,-0.295024,0.201458
-0.264571,-0.296198,0.201282
-0.265969,-0.295934,0.199833
-0.271025,-0.296313,0.199546
-0.269288,-0.296785,0.199190
-0.271627,-0.296611,0.199789
-0.271316,-0.298585,0.197444
-0.271462,-0.298100,0.197118
-0.276125,-0.300696,0.196541
-0.276006,-0.300072,0.198499
-0.277393,-0.302224,0.197170
-0.278588,-0.301489,0.195934
-0.278935,-0.302268,0.194897
-0.282057,-0.302846,0.194217
-0.283495,-0.304879,0.194102
-0.284109,-0.304871,0.196073
-0.284092,-0.308361,0.192178
-0.285387,-0.309790,0.189632
-0.287453,-0.309452,0.190556
-0.288418,-0.310677,0.191063
-0.289840,-0.311144,0.187197
-0.289991,-0.313931,0.188009
-0.293124,-0.317297,0.185181
-0.295729,-0.319027,0.184905
-0.296590,-0.318662,0.183774
-0.298326,-0.321436,0.182420
-0.299416,-0.320890,0.180083
-0.015765,-0.352823,0.160718
-0.020589,-0.334626,0.174139
-0.020047,-0.332777,0.177385
-0.023166,-0.331182,0.178389
-0.024049,-0.328164,0.179520
-0.024378,-0.327152,0.180684
-0.025608,-0.325546,0.181130
-0.025394,-0.323996,0.181057
-0.027680,-0.321931,0.181849
-0.030424,-0.320338,0.184186
-0.030322,-0.317382,0.187043
-0.032385,-0.317522,0.188285
-0.033527,-0.318238,0.188229
-0.034023,-0.315222,0.188132
-0.034009,-0.316891,0.188339
-0.036438,-0.314890,0.188099
-0.038077,-0.316022,0.189639
-0.039550,-0.312956,0.188909
-0.040258,-0.314608,0.189454
-0.041428,-0.312647,0.190540
-0.043092,-0.312405,0.189172
-0.044314,-0.311195,0.190848
-0.046314,-0.309974,0.191722
-0.048091,-0.308199,0.192507
-0.047933,-0.309913,0.193173
-0.047382,-0.308681,0.191686
-0.049984,-0.309921,0.192368
-0.052837,-0.308996,0.194483
-0.052621,-0.306578,0.193594
-0.052568,-0.308577,0.195095
-0.056165,-0.304755,0.194144
-0.057150,-0.303984,0.196908
-0.057794,-0.303505,0.196585
-0.056935,-0.304221,0.197291
-0.060001,-0.304420,0.198104
-0.061790,-0.301774,0.196136
-0.062614,-0.303336,0.197218
-0.064423,-0.302269,0.196033
-0.064662,-0.303059,0.195574
-0.066860,-0.302995,0.196037
-0.069578,-0.302768,0.196858
-0.069380,-0.303174,0.198550
-0.070732,-0.302238,0.195424
-0.070173,-0.304262,0.194540
-0.071921,-0.303728,0.195604
-0.075385,-0.302834,0.195780
-0.072856,-0.302409,0.197378
-0.075198,-0.301315,0.199265
-0.076907,-0.226558,0.246229
-0.080053,-0.223664,0.250773
-0.078701,-0.223087,0.250157
-0.080672,-0.220828,0.252775
-0.082202,-0.219921,0.253915
-0.083948,-0.219160,0.253031
-0.085182,-0.219696,0.253726
-0.085743,-0.218583,0.255151
-0.088264,-0.216604,0.255987
-0.088377,-0.216792,0.256412
-0.091829,-0.217531,0.255061
-0.090116,-0.216260,0.256869
-0.092303,-0.216418,0.256032
-0.091376,-0.214978,0.255268
-0.094258,-0.215991,0.254646
-0.095561,-0.217107,0.255488
-0.098025,-0.217347,0.255335
-0.098583,-0.217068,0.257504
-0.098757,-0.217241,0.256226
-0.102706,-0.217664,0.256900
-0.101873,-0.216253,0.256098
-0.102146,-0.216058,0.255512
-0.104122,-0.216591,0.254306
-0.105837,-0.215923,0.255293
-0.106939,-0.214008,0.254442
-0.109322,-0.216081,0.257400
-0.107409,-0.218635,0.255936
-0.109198,-0.216602,0.256746
-0.110307,-0.215328,0.256835
-0.114521,-0.217545,0.256173
-0.115710,-0.215045,0.256262
-0.114445,-0.216915,0.256052
-0.115142,-0.215241,0.257727
-0.114614,-0.215173,0.259067
-0.118851,-0.215416,0.258324
-0.119013,-0.216328,0.255093
-0.121589,-0.218764,0.255360
-0.121679,-0.216645,0.255158
-0.122683,-0.220337,0.255804
-0.123999,-0.218681,0.254745
-0.126213,-0.222796,0.253128
-0.125698,-0.219370,0.252083
-0.128230,-0.220364,0.251801
-0.129605,-0.223831,0.251541
-0.130408,-0.225135,0.247984
-0.131904,-0.225032,0.250504
-0.132122,-0.228399,0.248991
-0.134427,-0.228073,0.248830
-0.134361,-0.230284,0.245997
-0.137174,-0.229483,0.245843
-0.138430,-0.232286,0.246689
-0.138786,-0.234184,0.243523
-0.141087,-0.235930,0.241719
-0.141132,-0.238704,0.238721
-0.142958,-0.242589,0.237727
-0.144590,-0.244046,0.236782
-0.145678,-0.246259,0.238372
-0.146452,-0.248074,0.234877
-0.148347,-0.249232,0.231439
-0.148190,-0.252038,0.230464
-0.150102,-0.255880,0.230622
-0.151627,-0.259131,0.226720
-0.156147,-0.262046,0.224855
-0.154402,-0.262944,0.225068
-0.156263,-0.267651,0.221411
-0.156685,-0.270866,0.219519
-0.159841,-0.272097,0.216257
-0.160801,-0.275058,0.215301
-0.161131,-0.278859,0.213313
-0.161554,-0.278827,0.214772
-0.164152,-0.283647,0.211198
-0.164967,-0.284716,0.209693
-0.164607,-0.287443,0.208867
-0.168036,-0.292304,0.205101
-0.169264,-0.294050,0.203926
-0.172903,-0.297343,0.200012
-0.169419,-0.299213,0.199235
-0.174204,-0.299506,0.199728
-0.173414,-0.301269,0.198847
-0.200969,-0.330691,0.179062
-0.200208,-0.325875,0.181213
-0.201996,-0.321111,0.186356
-0.203917,-0.318457,0.187136
-0.204952,-0.320005,0.185558
-0.207370,-0.317525,0.186292
-0.207021,-0.318419,0.186127
-0.206837,-0.316759,0.186690
-0.210120,-0.318026,0.187495
-0.210659,-0.317130,0.185409
-0.211841,-0.317271,0.188698
-0.213218,-0.313692,0.187316
-0.214655,-0.314346,0.188421
-0.216732,-0.311498,0.188422
-0.217209,-0.313651,0.190306
-0.219507,-0.311152,0.191898
-0.219223,-0.310359,0.190831
-0.220936,-0.309434,0.193978
-0.221788,-0.307515,0.193120
-0.223242,-0.307299,0.193953
-0.224727,-0.306738,0.193992
-0.224730,-0.305767,0.193554
-0.225995,-0.303084,0.195490
-0.225969,-0.304482,0.195219
-0.228189,-0.303583,0.196044
-0.229965,-0.302595,0.199548
-0.229320,-0.299717,0.197153
-0.232384,-0.299587,0.200630
-0.234679,-0.297059,0.199662
-0.234720,-0.298533,0.200194
-0.236101,-0.295422,0.200658
-0.234587,-0.296089,0.201879
-0.238177,-0.294482,0.203862
-0.240414,-0.293817,0.202872
-0.239570,-0.292927,0.201849
-0.241338,-0.295884,0.202743
-0.242948,-0.294402,0.202399
-0.243701,-0.293549,0.203120
-0.245642,-0.294713,0.202999
-0.246189,-0.295302,0.203451
-0.247677,-0.294831,0.200220
-0.250388,-0.296249,0.202588
-0.249760,-0.295693,0.203475
-0.253031,-0.295338,0.205293
-0.252534,-0.295512,0.200551
-0.253374,-0.293880,0.201647
-0.255015,-0.292675,0.201270
-0.255955,-0.294623,0.202526
-0.258126,-0.293469,0.203499
-0.259961,-0.294283,0.201457
-0.260696,-0.294040,0.203604
-0.260115,-0.296741,0.202737
-0.263328,-0.297243,0.201920
-0.263865,-0.295739,0.199759
-0.265537,-0.298465,0.200079
-0.267177,-0.297702,0.199819
-0.268670,-0.298696,0.202290
-0.268523,-0.299964,0.200726
-0.271766,-0.299511,0.196102
-0.272284,-0.301184,0.198580
-0.273820,-0.301515,0.196877
-0.275490,-0.303455,0.197633
-0.274387,-0.304247,0.195818
-0.278355,-0.304020,0.195171
-0.278367,-0.302854,0.193902
-0.279692,-0.305452,0.194962
-0.282261,-0.306690,0.195700
-0.284088,-0.308616,0.191944
-0.284234,-0.309068,0.195046
-0.285560,-0.309447,0.194422
-0.284920,-0.309655,0.192165
-0.287487,-0.311768,0.190573
-0.290399,-0.311845,0.188743
-0.290706,-0.315306,0.186279
-0.291754,-0.315818,0.187622
-0.292866,-0.318027,0.185439
-0.294278,-0.320626,0.185649
-0.295253,-0.321713,0.183377
-0.296752,-0.322590,0.182205
-0.018269,-0.356141,0.163502
-0.019553,-0.339525,0.173890
-0.020362,-0.334981,0.177000
-0.023044,-0.334602,0.175663
-0.023219,-0.329848,0.178858
-0.025152,-0.330695,0.182564
-0.027212,-0.328715,0.181719
-0.028982,-0.328271,0.181467
-0.027255,-0.325217,0.183980
-0.030476,-0.322126,0.185003
-0.031135,-0.322540,0.187269
-0.032936,-0.320331,0.186578
-0.035171,-0.321339,0.186365
-0.035042,-0.319793,0.188553
-0.037078,-0.319689,0.187301
-0.038928,-0.319120,0.187221
-0.039071,-0.319336,0.189522
-0.041303,-0.317719,0.190834
-0.040204,-0.316621,0.187425
-0.043934,-0.317477,0.188289
-0.045449,-0.316646,0.189286
-0.045628,-0.315838,0.190760
-0.046289,-0.315578,0.191544
-0.048200,-0.315435,0.191408
-0.047715,-0.314166,0.192245
-0.048893,-0.313974,0.190769
-0.052220,-0.314442,0.190719
-0.052291,-0.312513,0.191982
-0.056443,-0.312445,0.190554
-0.054997,-0.311464,0.193762
-0.055154,-0.309505,0.193226
-0.058803,-0.310609,0.194960
-0.059306,-0.307809,0.193239
-0.060977,-0.307463,0.195092
-0.061103,-0.306475,0.196264
-0.062112,-0.305900,0.196898
-0.062480,-0.307237,0.194631
-0.065797,-0.308270,0.197463
-0.067635,-0.307017,0.198422
-0.068074,-0.306719,0.196784
-0.068856,-0.304875,0.195899
-0.069620,-0.305963,0.195857
-0.070629,-0.308432,0.194506
-0.072779,-0.306020,0.195934
-0.074037,-0.307988,0.195853
-0.076126,-0.308046,0.197188
-0.077163,-0.309387,0.193985
-0.077658,-0.307570,0.194177
-0.081038,-0.307949,0.196650
-0.079326,-0.307019,0.196766
-0.082857,-0.305789,0.196606
-0.083731,-0.304666,0.196569
-0.083550,-0.225856,0.249530
-0.084648,-0.226542,0.250932
-0.085994,-0.224037,0.252558
-0.089084,-0.223565,0.250995
-0.089195,-0.222322,0.251633
-0.091378,-0.223851,0.254304
-0.093384,-0.221744,0.253920
-0.091543,-0.222530,0.253808
-0.094950,-0.224015,0.252696
-0.095515,-0.219885,0.255258
-0.095380,-0.220511,0.253393
-0.098363,-0.220408,0.254492
-0.096823,-0.219893,0.252983
-0.098926,-0.220135,0.254453
-0.100766,-0.220925,0.254642
-0.103666,-0.222509,0.253660
-0.100817,-0.220865,0.255215
-0.103692,-0.219349,0.254842
-0.106443,-0.222312,0.254932
-0.106042,-0.218570,0.254159
-0.106409,-0.220265,0.254756
-0.107242,-0.219571,0.253725
-0.110421,-0.219553,0.254448
-0.111415,-0.221323,0.253503
-0.112925,-0.222504,0.251907
-0.114457,-0.221261,0.252407
-0.113775,-0.223331,0.252668
-0.116260,-0.226140,0.251747
-0.116175,-0.225015,0.252845
-0.119855,-0.223923,0.252080
-0.121766,-0.225114,0.251156
-0.121485,-0.224219,0.250468
-0.124452,-0.225408,0.249693
-0.123752,-0.227997,0.251187
-0.124751,-0.227674,0.249863
-0.126383,-0.231007,0.248937
-0.126547,-0.230443,0.249129
-0.130704,-0.230220,0.246160
-0.128013,-0.233285,0.246944
-0.131799,-0.233525,0.246342
-0.131925,-0.233861,0.244763
-0.133117,-0.235476,0.243243
-0.134063,-0.238253,0.243727
-0.133959,-0.241040,0.242835
-0.136950,-0.243915,0.238990
-0.139315,-0.243401,0.239345
-0.139994,-0.246027,0.238532
-0.140390,-0.247659,0.234820
-0.143660,-0.250696,0.236566
-0.142409,-0.251440,0.234158
-0.143888,-0.256777,0.230673
-0.145545,-0.257876,0.230174
-0.147107,-0.261569,0.225701
-0.148156,-0.262137,0.225407
-0.150194,-0.265666,0.222760
-0.149612,-0.270921,0.221868
-0.152533,-0.272889,0.221802
-0.152428,-0.274642,0.218209
-0.156448,-0.275144,0.216515
-0.155335,-0.278063,0.214473
-0.157574,-0.282218,0.213888
-0.158802,-0.285358,0.212859
-0.158933,-0.285336,0.209245
-0.161931,-0.290215,0.207836
-0.162894,-0.290635,0.206189
-0.161821,-0.292746,0.204541
-0.164927,-0.298235,0.201312
-0.166702,-0.300818,0.202986
-0.168448,-0.303135,0.197972
-0.170688,-0.304659,0.196296
-0.203747,-0.331445,0.177844
-0.204926,-0.324789,0.182802
-0.205206,-0.327063,0.183166
-0.207711,-0.323734,0.184181
-0.207548,-0.324889,0.183464
-0.206627,-0.325442,0.184786
-0.211613,-0.322638,0.185282
-0.211618,-0.322191,0.185856
-0.211176,-0.320577,0.185314
-0.212689,-0.319895,0.186356
-0.213387,-0.317823,0.187360
-0.214784,-0.319308,0.187388
-0.216993,-0.316459,0.189735
-0.219146,-0.315141,0.190238
-0.220167,-0.316515,0.191260
-0.218126,-0.315560,0.189878
-0.222388,-0.313542,0.191300
-0.221653,-0.312726,0.192215
-0.223734,-0.310049,0.193357
-0.224789,-0.310367,0.194454
-0.228366,-0.309288,0.193294
-0.226294,-0.307628,0.195008
-0.229080,-0.308832,0.195895
-0.227606,-0.305141,0.195528
-0.231900,-0.306533,0.198412
-0.232534,-0.303592,0.198996
-0.233748,-0.303820,0.197584
-0.234194,-0.300246,0.199614
-0.233827,-0.301153,0.200543
-0.237494,-0.298553,0.200704
-0.239810,-0.298286,0.202056
-0.240573,-0.297410,0.202580
-0.241950,-0.299231,0.201607
-0.242019,-0.298860,0.202756
-0.245503,-0.297248,0.202995
-0.241538,-0.298303,0.202544
-0.246142,-0.298164,0.204939
-0.249061,-0.299204,0.199878
-0.246770,-0.299737,0.202046
-0.248731,-0.297856,0.202209
-0.252987,-0.300328,0.201194
-0.251965,-0.296234,0.203708
-0.254137,-0.297051,0.201675
-0.254150,-0.298369,0.202011
-0.255408,-0.299367,0.203318
-0.258677,-0.298012,0.202556
-0.258176,-0.297866,0.200489
-0.257506,-0.298277,0.201456
-0.258851,-0.299382,0.202810
-0.262429,-0.297287,0.200715
-0.261668,-0.299216,0.201911
-0.264418,-0.301235,0.199661
-0.264810,-0.302372,0.200572
-0.267690,-0.300765,0.201599
-0.269194,-0.301459,0.201482
-0.271274,-0.302742,0.197739
-0.270639,-0.303199,0.197157
-0.271814,-0.304330,0.197294
-0.273439,-0.306158,0.198250
-0.273604,-0.304655,0.196370
-0.272971,-0.306315,0.196401
-0.276682,-0.308540,0.195836
-0.280099,-0.309684,0.195276
-0.278782,-0.310587,0.195506
-0.282153,-0.308328,0.192912
-0.283135,-0.310960,0.193330
-0.284230,-0.312316,0.192771
-0.284951,-0.311933,0.191691
-0.287018,-0.311508,0.190506
-0.288976,-0.313598,0.190041
-0.290563,-0.316172,0.188900
-0.290056,-0.319043,0.188459
-0.292433,-0.318493,0.186338
-0.293856,-0.321652,0.184752
-0.294446,-0.323078,0.184539
-0.296412,-0.323909,0.183839
-0.021078,-0.355769,0.164092
-0.022271,-0.341322,0.175235
-0.022439,-0.337857,0.176095
-0.025626,-0.337306,0.176584
-0.024431,-0.334415,0.179309
-0.026535,-0.333708,0.179666
-0.026677,-0.332287,0.181053
-0.028003,-0.330336,0.182876
-0.029327,-0.326847,0.182817
-0.030540,-0.325279,0.184778
-0.031602,-0.324657,0.184569
-0.031486,-0.322694,0.184521
-0.033844,-0.321924,0.186798
-0.037442,-0.323232,0.183539
-0.038202,-0.323912,0.186891
-0.038951,-0.322582,0.187403
-0.041486,-0.322730,0.186312
-0.042049,-0.322086,0.186890
-0.043022,-0.320097,0.188423
-0.043588,-0.322531,0.187545
-0.044328,-0.319194,0.187052
-0.046086,-0.320721,0.188666
-0.047126,-0.318840,0.189476
-0.048344,-0.318029,0.191232
-0.050843,-0.319421,0.189318
-0.051011,-0.317112,0.190442
-0.054458,-0.317702,0.191003
-0.053667,-0.318253,0.190376
-0.055090,-0.318057,0.193483
-0.056547,-0.316961,0.190729
-0.056619,-0.315723,0.192969
-0.059998,-0.316477,0.192535
-0.061200,-0.314640,0.193349
-0.061600,-0.313516,0.191616
-0.063503,-0.312164,0.194724
-0.065815,-0.311995,0.194655
-0.065161,-0.310257,0.194847
-0.065708,-0.311296,0.194665
-0.067642,-0.310801,0.194833
-0.068753,-0.312198,0.194153
-0.070211,-0.313288,0.192162
-0.072497,-0.313288,0.195532
-0.072296,-0.311603,0.194080
-0.073827,-0.310733,0.192545
-0.075547,-0.314201,0.193299
-0.076369,-0.312275,0.194620
-0.076733,-0.310481,0.195970
-0.077869,-0.311351,0.193753
-0.079533,-0.314020,0.193164
-0.081040,-0.309977,0.192793
-0.081865,-0.312509,0.192592
-0.085597,-0.311764,0.192955
-0.085416,-0.311477,0.194350
-0.084961,-0.310287,0.195458
-0.087211,-0.312625,0.194714
-0.088339,-0.309965,0.192920
-0.089609,-0.310409,0.195300
-0.091635,-0.239722,0.243161
-0.093025,-0.237127,0.245454
-0.093459,-0.235935,0.248339
-0.093041,-0.234811,0.247270
-0.097374,-0.234166,0.246940
-0.097641,-0.232450,0.249087
-0.097380,-0.230993,0.249045
-0.097949,-0.230642,0.251816
-0.103544,-0.231103,0.248065
-0.102497,-0.229928,0.248585
-0.103798,-0.230297,0.249604
-0.104716,-0.231694,0.249500
-0.104628,-0.232353,0.249360
-0.107101,-0.232387,0.250608
-0.107265,-0.229999,0.249280
-0.108237,-0.231063,0.249928
-0.109378,-0.233021,0.248584
-0.110465,-0.232975,0.248973
-0.112976,-0.231656,0.248259
-0.114063,-0.233782,0.246281
-0.114343,-0.232544,0.247917
-0.116977,-0.234465,0.247611
-0.116944,-0.233774,0.247390
-0.116407,-0.234636,0.247074
-0.120644,-0.234594,0.246889
-0.119351,-0.236164,0.244568
-0.123228,-0.233642,0.246950
-0.124276,-0.238838,0.246309
-0.125043,-0.239326,0.244661
-0.127217,-0.239483,0.242906
-0.126765,-0.240994,0.244111
-0.128559,-0.243279,0.241903
-0.130288,-0.242764,0.240952
-0.130678,-0.245472,0.239187
-0.131505,-0.245924,0.237969
-0.133087,-0.248273,0.238025
-0.134773,-0.249386,0.237009
-0.135104,-0.252928,0.237177
-0.138905,-0.255028,0.232896
-0.137668,-0.257283,0.231046
-0.139400,-0.259947,0.229060
-0.139495,-0.260467,0.228224
-0.142837,-0.264796,0.225186
-0.143195,-0.266899,0.223714
-0.146370,-0.268598,0.223157
-0.146394,-0.274068,0.221272
-0.145954,-0.273875,0.218974
-0.149826,-0.276387,0.217626
-0.150601,-0.279491,0.215781
-0.152133,-0.279998,0.214333
-0.152469,-0.284062,0.214135
-0.153007,-0.284841,0.210982
-0.154878,-0.288303,0.210226
-0.156618,-0.291495,0.209128
-0.158504,-0.293483,0.205504
-0.160273,-0.295359,0.207935
-0.161885,-0.296760,0.203225
-0.161465,-0.300525,0.200932
-0.162012,-0.303194,0.201262
-0.164061,-0.304352,0.199665
-0.166293,-0.307264,0.198833
-0.205012,-0.340755,0.174388
-0.206206,-0.330299,0.180009
-0.205293,-0.331762,0.180798
-0.208797,-0.329577,0.180420
-0.209258,-0.328637,0.181911
-0.211360,-0.329361,0.183247
-0.212457,-0.327770,0.183982
-0.214124,-0.326199,0.184283
-0.212151,-0.322952,0.185098
-0.215271,-0.323456,0.184543
-0.215679,-0.322999,0.187131
-0.218463,-0.323149,0.185752
-0.217634,-0.321466,0.187040
-0.218051,-0.319870,0.190429
-0.219752,-0.317923,0.188569
-0.222358,-0.317506,0.191329
-0.223141,-0.316226,0.190898
-0.226182,-0.315047,0.192274
-0.224885,-0.315273,0.193386
-0.227947,-0.314004,0.193523
-0.227489,-0.312346,0.194139
-0.229905,-0.311247,0.194221
-0.230401,-0.309709,0.195147
-0.232801,-0.307459,0.195472
-0.234208,-0.307785,0.196961
-0.235361,-0.306457,0.197645
-0.234588,-0.305310,0.197858
-0.236483,-0.306468,0.200003
-0.237167,-0.304185,0.198881
-0.238120,-0.303061,0.200472
-0.239956,-0.302452,0.201638
-0.241573,-0.300218,0.199150
-0.241477,-0.303203,0.201596
-0.244002,-0.300970,0.201531
-0.246458,-0.300875,0.199401
-0.244146,-0.300293,0.201541
-0.246924,-0.300765,0.200915
-0.248146,-0.301885,0.200299
-0.250874,-0.299354,0.199214
-0.250143,-0.301867,0.200397
-0.251810,-0.302373,0.199741
-0.254025,-0.299958,0.199853
-0.255869,-0.301772,0.202004
-0.254588,-0.302252,0.201202
-0.255069,-0.302376,0.202668
-0.257780,-0.300604,0.201396
-0.258730,-0.299675,0.202012
-0.261118,-0.300465,0.203203
-0.263154,-0.302783,0.201827
-0.263574,-0.303137,0.200405
-0.264490,-0.305595,0.200864
-0.266239,-0.304198,0.201382
-0.264966,-0.303739,0.199529
-0.268088,-0.305487,0.197538
-0.269591,-0.304265,0.198387
-0.272038,-0.305428,0.197524
-0.274889,-0.305891,0.197978
-0.273825,-0.305291,0.198958
-0.275945,-0.308409,0.198086
-0.276616,-0.308628,0.197705
-0.278569,-0.308307,0.193781
-0.278746,-0.311280,0.193991
-0.279554,-0.311127,0.195930
-0.282003,-0.312235,0.192248
-0.283941,-0.314345,0.192758
-0.283625,-0.313768,0.191641
-0.285573,-0.314438,0.192523
-0.285333,-0.315466,0.190980
-0.288252,-0.316794,0.190303
-0.289909,-0.316506,0.189006
-0.290510,-0.319082,0.187285
-0.292255,-0.322067,0.186469
-0.294762,-0.324447,0.185479
-0.295723,-0.325387,0.186459
-0.019743,-0.356359,0.165735
-0.021408,-0.342912,0.172888
-0.023429,-0.343444,0.174982
-0.024425,-0.338173,0.176794
-0.025976,-0.337281,0.176981
-0.024830,-0.336287,0.179725
-0.029543,-0.335859,0.178847
-0.029681,-0.332357,0.180602
-0.029902,-0.330784,0.182291
-0.031474,-0.331929,0.185430
-0.032400,-0.328026,0.184597
-0.036090,-0.327844,0.187374
-0.036673,-0.327666,0.187058
-0.038528,-0.328279,0.185017
-0.039504,-0.325833,0.186097
-0.040299,-0.326467,0.187966
-0.042263,-0.327101,0.186128
-0.042332,-0.324494,0.186487
-0.045075,-0.324547,0.187325
-0.045354,-0.326901,0.183745
-0.046579,-0.324415,0.188572
-0.047082,-0.322903,0.187946
-0.049357,-0.321134,0.190157
-0.049706,-0.322573,0.189599
-0.052714,-0.322937,0.188703
-0.052058,-0.322693,0.189240
-0.052509,-0.321654,0.189639
-0.054469,-0.323309,0.186333
-0.056907,-0.322427,0.186994
-0.058699,-0.320117,0.188998
-0.057750,-0.318361,0.190771
-0.060285,-0.319513,0.192087
-0.061978,-0.318023,0.190790
-0.062636,-0.319439,0.190596
-0.062390,-0.318168,0.190571
-0.064063,-0.317603,0.194586
-0.067309,-0.314963,0.194606
-0.067553,-0.316991,0.193179
-0.068248,-0.315701,0.192733
-0.069670,-0.316808,0.192342
-0.071660,-0.316708,0.192166
-0.071715,-0.317261,0.192295
-0.074769,-0.318554,0.189346
-0.074997,-0.318626,0.191925
-0.076391,-0.318933,0.191139
-0.077759,-0.318531,0.191826
-0.079720,-0.320066,0.189759
-0.077494,-0.318855,0.190371
-0.081767,-0.318847,0.192310
-0.083111,-0.320376,0.191599
-0.084401,-0.318582,0.192955
-0.086518,-0.318419,0.188966
-0.087497,-0.319437,0.191320
-0.090290,-0.318306,0.190206
-0.089225,-0.321946,0.190567
-0.090624,-0.320609,0.188257
-0.091435,-0.320260,0.190482
-0.094017,-0.323162,0.187037
-0.094420,-0.322673,0.188272
-0.095124,-0.325865,0.186606
-0.097005,-0.326321,0.188129
-0.097668,-0.325247,0.187028
-0.099621,-0.314941,0.190888
-0.101139,-0.315418,0.192863
-0.100121,-0.315175,0.190784
-0.101794,-0.255305,0.234439
-0.104357,-0.251593,0.236914
-0.102992,-0.248972,0.240657
-0.104718,-0.245082,0.240007
-0.105639,-0.244948,0.241771
-0.109302,-0.243823,0.241554
-0.109422,-0.244746,0.240559
-0.112923,-0.248922,0.240737
-0.110795,-0.244533,0.241722
-0.112302,-0.247495,0.241245
-0.112504,-0.247478,0.239894
-0.115263,-0.246552,0.239730
-0.115542,-0.246361,0.239354
-0.118857,-0.246870,0.240800
-0.119546,-0.246937,0.240432
-0.120745,-0.249603,0.238672
-0.120577,-0.249341,0.236565
-0.122380,-0.250314,0.234863
-0.121334,-0.254572,0.236261
-0.125629,-0.251962,0.236202
-0.126218,-0.254570,0.236101
-0.127212,-0.256447,0.234696
-0.129910,-0.260001,0.229470
-0.130032,-0.261885,0.229885
-0.133067,-0.263749,0.229321
-0.131070,-0.265849,0.226699
-0.133678,-0.267820,0.227223
-0.136470,-0.268214,0.224953
-0.136226,-0.271864,0.224072
-0.137409,-0.272820,0.224366
-0.140244,-0.275101,0.220542
-0.138463,-0.276150,0.219935
-0.143059,-0.279157,0.218283
-0.143042,-0.281426,0.217709
-0.145423,-0.281743,0.217138
-0.145121,-0.284595,0.213542
-0.146678,-0.286949,0.212962
-0.149163,-0.287232,0.211323
-0.148702,-0.291535,0.210392
-0.148874,-0.293915,0.207745
-0.150827,-0.295306,0.206044
-0.153108,-0.297945,0.206689
-0.155721,-0.299425,0.202634
-0.156410,-0.300469,0.203416
-0.158348,-0.302406,0.200247
-0.158676,-0.306085,0.201082
-0.160467,-0.307192,0.197976
-0.160719,-0.309880,0.197136
-0.162229,-0.312122,0.196911
-0.205877,-0.338968,0.177827
-0.207621,-0.336115,0.179223
-0.209814,-0.336454,0.180173
-0.211244,-0.335834,0.178635
-0.210638,-0.331469,0.179360
-0.212846,-0.333687,0.183682
-0.213967,-0.332861,0.182821
-0.215336,-0.332055,0.183120
-0.217092,-0.329751,0.184097
-0.217814,-0.326798,0.182718
-0.219369,-0.328140,0.186631
-0.219242,-0.325975,0.187071
-0.220642,-0.326434,0.187957
-0.222565,-0.323717,0.186808
-0.222634,-0.321009,0.190322
-0.223547,-0.319234,0.188666
-0.223946,-0.318943,0.191870
-0.228087,-0.317524,0.193118
-0.229490,-0.317427,0.191169
-0.229877,-0.317555,0.192183
-0.230581,-0.313052,0.194606
-0.230452,-0.313539,0.192226
-0.233255,-0.313482,0.196452
-0.234946,-0.310173,0.194728
-0.235677,-0.310354,0.196462
-0.236736,-0.309977,0.196611
-0.238040,-0.307820,0.198368
-0.241243,-0.308492,0.197636
-0.242213,-0.307429,0.199688
-0.241290,-0.305324,0.200045
-0.242230,-0.304632,0.200793
-0.244367,-0.306350,0.200837
-0.245163,-0.305643,0.199448
-0.247355,-0.306300,0.199090
-0.245545,-0.306246,0.201151
-0.248048,-0.306195,0.200811
-0.251231,-0.305594,0.198494
-0.251714,-0.304403,0.200615
-0.251412,-0.305346,0.200392
-0.253737,-0.305198,0.201103
-0.255391,-0.305195,0.201464
-0.255070,-0.305246,0.199444
-0.257255,-0.304609,0.201181
-0.258700,-0.305078,0.202998
-0.259442,-0.303865,0.200763
-0.260376,-0.304320,0.200396
-0.261503,-0.303613,0.200290
-0.263891,-0.304870,0.200861
-0.265104,-0.307303,0.200851
-0.265773,-0.304885,0.201552
-0.266507,-0.305817,0.200350
-0.267753,-0.307537,0.196408
-0.269941,-0.308301,0.198652
-0.271470,-0.308367,0.198204
-0.272846,-0.308559,0.197271
-0.272750,-0.309705,0.196715
-0.278186,-0.309750,0.197258
-0.275817,-0.312747,0.195317
-0.277215,-0.313152,0.195863
-0.279004,-0.314532,0.194028
-0.279798,-0.314566,0.192668
-0.282053,-0.314759,0.194631
-0.283666,-0.318006,0.192052
-0.283383,-0.316157,0.191180
-0.285721,-0.317095,0.191933
-0.285447,-0.319051,0.190574
-0.288866,-0.319089,0.188926
-0.289366,-0.322193,0.188797
-0.290368,-0.323333,0.187452
-0.291760,-0.325171,0.187478
-0.296834,-0.326404,0.185897
-0.022494,-0.357708,0.165876
-0.025058,-0.347261,0.173432
-0.024363,-0.343818,0.175082
-0.025998,-0.341663,0.176720
-0.028361,-0.340151,0.177394
-0.027125,-0.337666,0.180096
-0.029400,-0.339199,0.179093
-0.030210,-0.336903,0.181592
-0.033653,-0.334468,0.180543
-0.035126,-0.331569,0.184841
-0.037880,-0.331860,0.185192
-0.037187,-0.331780,0.185054
-0.037445,-0.330826,0.185518
-0.038420,-0.330564,0.185316
-0.040153,-0.330004,0.184675
-0.040350,-0.328424,0.186065
-0.044838,-0.329563,0.188094
-0.044091,-0.327547,0.184127
-0.045804,-0.328678,0.186689
-0.045262,-0.328538,0.184192
-0.047505,-0.326178,0.186610
-0.048770,-0.327790,0.188807
-0.051363,-0.326759,0.187293
-0.050859,-0.326147,0.188372
-0.051473,-0.327438,0.188490
-0.052975,-0.327849,0.187823
-0.055867,-0.325300,0.184955
-0.056353,-0.327485,0.184227
-0.056845,-0.327130,0.188311
-0.060359,-0.327751,0.188013
-0.059866,-0.327188,0.188928
-0.061130,-0.325023,0.185932
-0.063033,-0.325290,0.189703
-0.063725,-0.323988,0.190791
-0.063522,-0.322852,0.190771
-0.066314,-0.321690,0.190111
-0.067952,-0.321494,0.191154
-0.069490,-0.320881,0.192921
-0.071338,-0.322180,0.191322
-0.075054,-0.320727,0.191680
-0.072368,-0.320061,0.189589
-0.073973,-0.322302,0.190571
-0.074261,-0.322288,0.190515
-0.075844,-0.322929,0.188259
-0.077865,-0.324901,0.188960
-0.077944,-0.323780,0.188700
-0.079136,-0.325286,0.189579
-0.082609,-0.323241,0.188280
-0.084103,-0.322603,0.187145
-0.084632,-0.326745,0.189548
-0.086956,-0.326859,0.187845
-0.086622,-0.325755,0.187063
-0.088039,-0.324992,0.187455
-0.088092,-0.327950,0.185537
-0.090554,-0.326465,0.185671
-0.091682,-0.325064,0.189091
-0.093861,-0.327694,0.187868
-0.095432,-0.327541,0.186302
-0.095112,-0.328957,0.186377
-0.096052,-0.329859,0.184854
-0.100292,-0.330486,0.185406
-0.098415,-0.331936,0.185175
-0.099906,-0.330960,0.184820
-0.100507,-0.335515,0.182557
-0.103472,-0.336590,0.180962
-0.105013,-0.339379,0.181234
-0.105149,-0.339671,0.177163
-0.106313,-0.340747,0.179863
-0.108078,-0.340680,0.176816
-0.108660,-0.343369,0.175941
-0.109657,-0.344531,0.174480
-0.111145,-0.344188,0.175674
-0.112385,-0.346767,0.176479
-0.112274,-0.347500,0.172231
-0.115019,-0.348034,0.173085
-0.117091,-0.348257,0.172214
-0.117639,-0.352174,0.170365
-0.120084,-0.353134,0.169099
-0.119474,-0.353847,0.168810
-0.120074,-0.356352,0.167430
-0.121316,-0.358513,0.166902
-0.124256,-0.358356,0.167100
-0.125638,-0.360750,0.166792
-0.127156,-0.308332,0.198922
-0.128606,-0.289413,0.211568
-0.126423,-0.290993,0.211806
-0.129543,-0.289425,0.212420
-0.133432,-0.291280,0.213107
-0.131639,-0.291215,0.210742
-0.132517,-0.291695,0.210355
-0.133833,-0.291607,0.210723
-0.135025,-0.291893,0.210732
-0.138403,-0.292601,0.210433
-0.137862,-0.292037,0.210222
-0.137630,-0.294392,0.210220
-0.138798,-0.297299,0.208675
-0.142369,-0.298074,0.207725
-0.143852,-0.300092,0.204374
-0.142459,-0.301474,0.206123
-0.144376,-0.304693,0.205034
-0.147720,-0.305411,0.201746
-0.147247,-0.308241,0.201341
-0.150372,-0.306129,0.200509
-0.150422,-0.311260,0.202837
-0.151495,-0.309510,0.197678
-0.154031,-0.311230,0.195999
-0.154118,-0.314814,0.195279
-0.156177,-0.314406,0.194821
-0.210926,-0.346854,0.175901
-0.211463,-0.341312,0.176798
-0.210550,-0.340856,0.179804
-0.211481,-0.339757,0.178992
-0.215719,-0.337146,0.179826
-0.216482,-0.337342,0.183306
-0.214465,-0.335812,0.181967
-0.217658,-0.332219,0.184450
-0.219011,-0.333102,0.182990
-0.220696,-0.332123,0.184848
-0.222117,-0.330737,0.186591
-0.222452,-0.329077,0.184181
-0.224849,-0.325310,0.188177
-0.224502,-0.325992,0.187859
-0.226144,-0.325565,0.187827
-0.225421,-0.322842,0.190373
-0.228468,-0.320779,0.190622
-0.230665,-0.320202,0.193644
-0.231054,-0.318672,0.192163
-0.232679,-0.318756,0.194175
-0.233002,-0.317921,0.194046
-0.235923,-0.315449,0.194792
-0.236609,-0.315581,0.196608
-0.236068,-0.313864,0.197574
-0.238239,-0.313186,0.195063
-0.238859,-0.314399,0.197195
-0.241369,-0.311577,0.199664
-0.239942,-0.310600,0.197520
-0.243224,-0.310665,0.199098
-0.244413,-0.309352,0.197452
-0.244589,-0.310614,0.199485
-0.248440,-0.309127,0.197896
-0.247719,-0.308963,0.199072
-0.247807,-0.310399,0.199765
-0.250977,-0.308653,0.199305
-0.252775,-0.307727,0.199796
-0.252893,-0.309444,0.201083
-0.253060,-0.310086,0.198900
-0.255634,-0.308510,0.199055
-0.256162,-0.308341,0.198720
-0.255754,-0.309274,0.199329
-0.257142,-0.308096,0.199378
-0.258204,-0.309284,0.198354
-0.261102,-0.308595,0.199716
-0.262002,-0.306505,0.199750
-0.264869,-0.308099,0.203001
-0.265041,-0.308597,0.200296
-0.264475,-0.309174,0.197596
-0.267442,-0.309811,0.198725
-0.267675,-0.312016,0.198291
-0.270544,-0.310604,0.197183
-0.271924,-0.310862,0.197785
-0.271948,-0.312811,0.196547
-0.272768,-0.312874,0.196011
-0.276127,-0.315669,0.195832
-0.276805,-0.314462,0.197057
-0.277872,-0.314641,0.195071
-0.280404,-0.315900,0.194920
-0.280289,-0.317031,0.193608
-0.283940,-0.318228,0.194500
-0.284172,-0.318910,0.193623
-0.284264,-0.321464,0.191037
-0.285247,-0.320691,0.190304
-0.287951,-0.322864,0.189891
-0.288351,-0.323178,0.189473
-0.289310,-0.325274,0.190701
-0.292341,-0.324953,0.189506
-0.291914,-0.326113,0.188126
-0.021461,-0.358872,0.168207
-0.023972,-0.350131,0.171464
-0.025909,-0.349840,0.175239
-0.027028,-0.344355,0.177408
-0.030717,-0.343934,0.177710
-0.030562,-0.341222,0.178040
-0.031397,-0.339782,0.178239
-0.033146,-0.337443,0.183402
-0.033286,-0.337816,0.181752
-0.036336,-0.334635,0.182888
-0.034140,-0.334821,0.183049
-0.037905,-0.334790,0.183006
-0.039400,-0.333476,0.183895
-0.039973,-0.333938,0.184086
-0.041068,-0.333017,0.184808
-0.042005,-0.334441,0.184772
-0.044354,-0.331263,0.187120
-0.045032,-0.332195,0.185158
-0.044758,-0.333165,0.184229
-0.048216,-0.330932,0.185797
-0.049487,-0.331081,0.186642
-0.049577,-0.331264,0.185933
-0.051691,-0.329908,0.186616
-0.052778,-0.330391,0.186615
-0.052897,-0.328915,0.187580
-0.053838,-0.331277,0.186273
-0.056663,-0.329707,0.187128
-0.056346,-0.332578,0.185634
-0.058530,-0.330698,0.185276
-0.060291,-0.331717,0.186013
-0.059261,-0.332086,0.184898
-0.065117,-0.331967,0.183308
-0.063164,-0.332636,0.183045
-0.066237,-0.332866,0.187195
-0.064625,-0.330185,0.183790
-0.066551,-0.331113,0.185843
-0.070324,-0.327363,0.187782
-0.068900,-0.326359,0.189097
-0.072442,-0.326172,0.188121
-0.072063,-0.326921,0.189667
-0.074327,-0.324964,0.189745
-0.075485,-0.326128,0.188574
-0.077387,-0.327711,0.187420
-0.077621,-0.327022,0.189112
-0.080156,-0.327318,0.186213
-0.080164,-0.329323,0.189310
-0.082516,-0.329433,0.188412
-0.083051,-0.330440,0.187894
-0.085047,-0.331150,0.188125
-0.085864,-0.328282,0.186862
-0.085841,-0.331844,0.187128
-0.088839,-0.332279,0.184823
-0.088008,-0.334216,0.185985
-0.090760,-0.332485,0.185057
-0.091982,-0.334001,0.187030
-0.090689,-0.331414,0.185343
-0.094806,-0.333440,0.184073
-0.094971,-0.334405,0.185672
-0.096333,-0.335557,0.185440
-0.097369,-0.335153,0.183795
-0.100800,-0.337510,0.184273
-0.101015,-0.337281,0.182148
-0.101462,-0.336614,0.180385
-0.101599,-0.338523,0.183167
-0.104457,-0.340946,0.179793
-0.107217,-0.343204,0.179920
-0.106370,-0.343003,0.177088
-0.107439,-0.345408,0.176849
-0.110392,-0.348340,0.176854
-0.111124,-0.346922,0.175362
-0.110641,-0.347718,0.173317
-0.111948,-0.347795,0.174507
-0.114378,-0.351463,0.172118
-0.117098,-0.352614,0.170998
-0.116574,-0.353401,0.172833
-0.117352,-0.354009,0.170756
-0.119473,-0.356796,0.169235
-0.120941,-0.357276,0.169488
-0.122375,-0.360221,0.166628
-0.120304,-0.360008,0.167665
-0.124184,-0.364516,0.164355
-0.125221,-0.365205,0.162183
-0.125359,-0.368077,0.161855
-0.128003,-0.367720,0.160546
-0.128450,-0.368979,0.160727
-0.131240,-0.371580,0.159472
-0.131908,-0.374399,0.157666
-0.133569,-0.375400,0.155903
-0.213102,-0.351534,0.171413
-0.213885,-0.349472,0.174062
-0.216001,-0.346942,0.174130
-0.217494,-0.347033,0.177818
-0.218218,-0.343841,0.177880
-0.218271,-0.341231,0.179728
-0.220702,-0.338976,0.183072
-0.221415,-0.336362,0.184070
-0.224712,-0.331873,0.184865
-0.222096,-0.332127,0.184699
-0.227085,-0.331214,0.185847
-0.224924,-0.328244,0.188679
-0.224558,-0.327421,0.191233
-0.228468,-0.326104,0.189725
-0.229943,-0.324705,0.190175
-0.230081,-0.326423,0.189115
-0.231215,-0.323771,0.191136
-0.233498,-0.322455,0.192378
-0.234936,-0.320880,0.192577
-0.235011,-0.320777,0.193411
-0.236439,-0.317891,0.194666
-0.239154,-0.317924,0.195960
-0.237440,-0.317586,0.197437
-0.240132,-0.317481,0.196741
-0.242937,-0.314560,0.197121
-0.242032,-0.314085,0.198184
-0.243685,-0.314333,0.199358
-0.245443,-0.313907,0.199781
-0.247039,-0.312615,0.197634
-0.247913,-0.312875,0.198739
-0.248942,-0.312780,0.200350
-0.249296,-0.310877,0.198968
-0.249925,-0.312211,0.199743
-0.251712,-0.312035,0.197337
-0.253200,-0.312082,0.199463
-0.256525,-0.313437,0.199291
-0.255542,-0.312244,0.200050
-0.256369,-0.313460,0.200210
-0.257684,-0.313878,0.199850
-0.259758,-0.311544,0.199017
-0.260868,-0.312160,0.199954
-0.263701,-0.312396,0.199989
-0.263922,-0.309672,0.200036
-0.264267,-0.313174,0.200516
-0.267169,-0.310484,0.201644
-0.266198,-0.312369,0.200133
-0.270054,-0.312297,0.198224
-0.269634,-0.314031,0.198354
-0.272928,-0.312825,0.196298
-0.273205,-0.316200,0.196650
-0.274601,-0.313993,0.195433
-0.276641,-0.318835,0.196213
-0.276506,-0.318961,0.195149
-0.278013,-0.316665,0.194503
-0.280574,-0.320282,0.193866
-0.282333,-0.320807,0.193916
-0.282278,-0.322155,0.192619
-0.284875,-0.323392,0.193031
-0.284399,-0.321989,0.191646
-0.286700,-0.323953,0.190599
-0.288831,-0.326066,0.191084
-0.287829,-0.327506,0.188699
-0.289527,-0.326880,0.187289
-0.293392,-0.327326,0.187227
-0.024664,-0.358793,0.168883
-0.025335,-0.354333,0.174677
-0.027088,-0.350946,0.174159
-0.027813,-0.348155,0.176520
-0.031510,-0.348284,0.177866
-0.031394,-0.343764,0.178274
-0.033003,-0.343617,0.180701
-0.033883,-0.342578,0.182159
-0.032263,-0.340161,0.180478
-0.034775,-0.338794,0.183436
-0.039528,-0.336170,0.182574
-0.038614,-0.336397,0.184937
-0.040824,-0.336391,0.182672
-0.040523,-0.335080,0.183192
-0.042921,-0.337328,0.184675
-0.043462,-0.336508,0.182938
-0.043460,-0.335557,0.183456
-0.044275,-0.335843,0.185737
-0.048515,-0.334842,0.186606
-0.049296,-0.334633,0.183748
-0.049692,-0.336356,0.185194
-0.051842,-0.333963,0.184992
-0.053320,-0.333727,0.186672
-0.054034,-0.334344,0.185265
-0.052996,-0.333440,0.186709
-0.056840,-0.332078,0.186691
-0.058592,-0.334312,0.187341
-0.058693,-0.334883,0.185087
-0.059385,-0.335504,0.185130
-0.061529,-0.334786,0.183566
-0.062637,-0.336459,0.186463
-0.062754,-0.334164,0.183761
-0.064683,-0.335866,0.183014
-0.066397,-0.335607,0.184026
-0.068956,-0.336161,0.186346
-0.069777,-0.337347,0.184757
-0.069010,-0.338585,0.184364
-0.071855,-0.338083,0.185496
-0.072793,-0.336452,0.183722
-0.071536,-0.332231,0.185443
-0.075160,-0.332546,0.186852
-0.075058,-0.333986,0.185797
-0.076920,-0.334159,0.186226
-0.078822,-0.333767,0.187613
-0.080841,-0.335459,0.185156
-0.081145,-0.335108,0.186369
-0.083403,-0.335589,0.185917
-0.083377,-0.335894,0.185277
-0.083989,-0.335466,0.183932
-0.086102,-0.336241,0.187376
-0.087828,-0.337509,0.184777
-0.090821,-0.338224,0.184040
-0.090171,-0.337119,0.183777
-0.091629,-0.337036,0.182719
-0.091590,-0.338658,0.182723
-0.094032,-0.339732,0.183176
-0.095470,-0.338380,0.182571
-0.097913,-0.341621,0.181779
-0.097333,-0.340873,0.182924
-0.099120,-0.341307,0.181921
-0.100975,-0.342446,0.181902
-0.101303,-0.340518,0.180340
-0.102623,-0.343944,0.182365
-0.104267,-0.344481,0.179721
-0.105792,-0.347058,0.178069
-0.104895,-0.347346,0.177168
-0.107058,-0.346125,0.176943
-0.107990,-0.349142,0.174075
-0.110128,-0.349791,0.175520
-0.111701,-0.350366,0.174632
-0.112204,-0.350933,0.174666
-0.113761,-0.353883,0.173553
-0.115131,-0.355377,0.172538
-0.115800,-0.357546,0.171773
-0.117842,-0.355260,0.170053
-0.120723,-0.359739,0.168930
-0.120706,-0.359065,0.167912
-0.123390,-0.363071,0.166945
-0.122813,-0.367687,0.165551
-0.123909,-0.367136,0.165272
-0.126376,-0.367711,0.162608
-0.125636,-0.370493,0.163460
-0.129444,-0.371393,0.161335
-0.128614,-0.374505,0.160303
-0.131237,-0.373867,0.158708
-0.129873,-0.378870,0.158348
-0.219937,-0.348977,0.174268
-0.218138,-0.347496,0.177667
-0.219029,-0.346888,0.177929
-0.222634,-0.344325,0.180475
-0.223323,-0.343605,0.180351
-0.223614,-0.338247,0.182950
-0.224300,-0.338232,0.183414
-0.225550,-0.334703,0.183958
-0.228398,-0.332537,0.188396
-0.227561,-0.333590,0.187629
-0.231240,-0.330690,0.190063
-0.230143,-0.330020,0.191728
-0.232005,-0.329733,0.189694
-0.232446,-0.328137,0.189635
-0.235749,-0.326139,0.192921
-0.236053,-0.325991,0.191791
-0.236234,-0.323642,0.193994
-0.236555,-0.321961,0.192087
-0.239028,-0.321364,0.193115
-0.239307,-0.320065,0.195060
-0.241959,-0.318126,0.197282
-0.245531,-0.319014,0.196107
-0.244751,-0.315341,0.197253
-0.245144,-0.315153,0.197735
-0.247279,-0.317262,0.199124
-0.246815,-0.317029,0.197157
-0.249978,-0.318483,0.196989
-0.250412,-0.318379,0.198071
-0.252468,-0.315352,0.196529
-0.254715,-0.315826,0.195680
-0.254057,-0.316903,0.197446
-0.254276,-0.316975,0.197459
-0.255484,-0.315172,0.197305
-0.258158,-0.316103,0.197062
-0.260727,-0.317173,0.197849
-0.259482,-0.316720,0.198412
-0.260362,-0.315020,0.197543
-0.262552,-0.315396,0.198961
-0.263975,-0.313516,0.198306
-0.266906,-0.315025,0.199072
-0.266178,-0.316518,0.198673
-0.267914,-0.315269,0.198224
-0.268002,-0.315604,0.197310
-0.271966,-0.316562,0.198093
-0.272735,-0.317942,0.196355
-0.272948,-0.319606,0.197725
-0.273199,-0.318278,0.197924
-0.275416,-0.320519,0.195869
-0.275676,-0.318605,0.194154
-0.279242,-0.321983,0.195579
-0.279300,-0.322262,0.191941
-0.281606,-0.324322,0.195205
-0.283195,-0.325326,0.190865
-0.284715,-0.325207,0.190657
-0.284026,-0.326836,0.190860
-0.285692,-0.326688,0.189072
-0.286826,-0.330073,0.189305
-0.289974,-0.329684,0.190030
-0.025536,-0.359947,0.169616
-0.028387,-0.358847,0.173549
-0.029030,-0.354380,0.173101
-0.029783,-0.353026,0.175089
-0.030793,-0.351025,0.177487
-0.033045,-0.346858,0.177611
-0.032577,-0.344734,0.179945
-0.035778,-0.342931,0.181156
-0.034811,-0.343266,0.183277
-0.037344,-0.338857,0.183300
-0.035424,-0.340121,0.181750
-0.041173,-0.341060,0.184155
-0.040722,-0.340238,0.181573
-0.042726,-0.341398,0.184758
-0.044515,-0.340790,0.184574
-0.043638,-0.340131,0.183970
-0.044737,-0.338523,0.183918
-0.046247,-0.340655,0.184829
-0.049726,-0.338301,0.183335
-0.052281,-0.338121,0.185515
-0.052650,-0.339253,0.185968
-0.053287,-0.337437,0.185006
-0.052537,-0.337620,0.185553
-0.054915,-0.338764,0.184911
-0.056557,-0.337684,0.186208
-0.059300,-0.337096,0.185037
-0.057113,-0.339329,0.183962
-0.059091,-0.337290,0.184978
-0.062148,-0.339188,0.186228
-0.062897,-0.339261,0.184525
-0.062863,-0.339707,0.184703
-0.064137,-0.338927,0.185549
-0.064127,-0.339430,0.184292
-0.068511,-0.340107,0.183662
-0.069104,-0.341490,0.182258
-0.070077,-0.340589,0.183423
-0.073845,-0.341018,0.184644
-0.072544,-0.342033,0.183287
-0.074237,-0.341692,0.181848
-0.075887,-0.342659,0.183347
-0.076270,-0.342725,0.183331
-0.077324,-0.339058,0.182834
-0.079169,-0.339723,0.182982
-0.079087,-0.340525,0.183405
-0.081722,-0.341374,0.183514
-0.083633,-0.342273,0.181926
-0.083519,-0.340250,0.182297
-0.085390,-0.341461,0.181278
-0.088610,-0.343831,0.181081
-0.088802,-0.344524,0.182370
-0.090747,-0.344653,0.181297
-0.087918,-0.344815,0.181927
-0.091692,-0.344503,0.181337
-0.093203,-0.344446,0.181293
-0.092909,-0.344003,0.180872
-0.094971,-0.345579,0.181268
-0.096632,-0.347137,0.179517
-0.098699,-0.347803,0.177103
-0.098974,-0.346226,0.179182
-0.099378,-0.348867,0.179048
-0.099492,-0.346727,0.178236
-0.103082,-0.347498,0.179306
-0.102630,-0.347912,0.177594
-0.105710,-0.348796,0.177912
-0.106629,-0.350260,0.177140
-0.108461,-0.351371,0.175445
-0.109256,-0.353058,0.175040
-0.108964,-0.353521,0.176651
-0.112051,-0.353196,0.173125
-0.112807,-0.354868,0.172011
-0.112945,-0.356775,0.171351
-0.114834,-0.359409,0.171515
-0.116584,-0.359584,0.171198
-0.115696,-0.361809,0.171447
-0.117021,-0.364423,0.169231
-0.120418,-0.365028,0.168216
-0.122730,-0.368201,0.166799
-0.122669,-0.367766,0.164413
-0.124591,-0.370829,0.164601
-0.126430,-0.370448,0.163592
-0.126823,-0.370925,0.163862
-0.127459,-0.374903,0.161758
-0.127441,-0.376348,0.158826
-0.224358,-0.347759,0.179486
-0.225179,-0.346780,0.181254
-0.224514,-0.344817,0.180606
-0.227702,-0.341554,0.180412
-0.229482,-0.340096,0.183213
-0.227607,-0.338463,0.184546
-0.231054,-0.336716,0.186504
-0.231443,-0.334815,0.187432
-0.233782,-0.333405,0.190008
-0.235054,-0.331335,0.189813
-0.233333,-0.331609,0.189239
-0.235516,-0.328817,0.188770
-0.237204,-0.328129,0.190840
-0.239744,-0.329946,0.191719
-0.240185,-0.326686,0.193769
-0.241447,-0.326686,0.191466
-0.241671,-0.325659,0.193353
-0.243103,-0.324348,0.196232
-0.243471,-0.320944,0.196178
-0.243383,-0.322366,0.195881
-0.246254,-0.322404,0.196366
-0.248601,-0.320373,0.197639
-0.247072,-0.320145,0.197091
-0.251427,-0.320499,0.195951
-0.251411,-0.319370,0.198012
-0.253125,-0.322635,0.198438
-0.252736,-0.320919,0.196956
-0.255279,-0.317972,0.197246
-0.256074,-0.320338,0.196201
-0.259781,-0.321215,0.195748
-0.259754,-0.319502,0.197184
-0.261335,-0.320370,0.197133
-0.259410,-0.320642,0.199203
-0.262464,-0.317919,0.197680
-0.264214,-0.319302,0.198453
-0.265918,-0.317851,0.199529
-0.267794,-0.318387,0.199855
-0.268936,-0.317003,0.198339
-0.268017,-0.319332,0.195888
-0.269864,-0.319168,0.196504
-0.271386,-0.320238,0.196511
-0.272585,-0.322379,0.195977
-0.275330,-0.322066,0.194828
-0.277869,-0.323681,0.195746
-0.278379,-0.322556,0.194120
-0.278756,-0.323463,0.194880
-0.280231,-0.327581,0.194799
-0.281226,-0.329315,0.190652
-0.285365,-0.328928,0.191794
-0.282888,-0.329660,0.191433
-0.286044,-0.329549,0.189703
-0.286096,-0.330657,0.190032
-0.027601,-0.363709,0.168903
-0.028620,-0.361445,0.170953
-0.031211,-0.359126,0.172978
-0.030605,-0.357785,0.173178
-0.031570,-0.354971,0.176341
-0.033974,-0.350848,0.178212
-0.033443,-0.348705,0.178615
-0.034740,-0.347314,0.181314
-0.037226,-0.345217,0.181127
-0.039370,-0.344368,0.181904
-0.039440,-0.343953,0.182037
-0.042491,-0.342959,0.182242
-0.041788,-0.345643,0.183211
-0.044183,-0.343128,0.184129
-0.046532,-0.343242,0.184420
-0.045819,-0.342077,0.183302
-0.047713,-0.341488,0.182595
-0.048106,-0.342442,0.185331
-0.050688,-0.342333,0.183483
-0.051067,-0.341624,0.182301
-0.054294,-0.340512,0.183814
-0.053762,-0.343460,0.186303
-0.054243,-0.339538,0.184425
-0.054985,-0.339111,0.182939
-0.057268,-0.341600,0.184884
-0.058106,-0.341455,0.183156
-0.061065,-0.340501,0.183830
-0.060340,-0.340065,0.185866
-0.062371,-0.343919,0.184667
-0.062713,-0.342972,0.182520
-0.066149,-0.341624,0.181561
-0.065678,-0.343093,0.182415
-0.066258,-0.344286,0.183766
-0.069075,-0.344884,0.183196
-0.070603,-0.345329,0.183858
-0.072350,-0.345234,0.181697
-0.073076,-0.343665,0.184323
-0.073983,-0.344831,0.180743
-0.075265,-0.345630,0.183504
-0.077678,-0.345409,0.180375
-0.077493,-0.346389,0.180581
-0.078894,-0.346702,0.182658
-0.078788,-0.346986,0.180658
-0.081755,-0.345487,0.183122
-0.082913,-0.345947,0.180855
-0.086442,-0.346973,0.181303
-0.084936,-0.347731,0.179697
-0.085859,-0.349228,0.179817
-0.084532,-0.348050,0.178948
-0.089859,-0.349488,0.178751
-0.090508,-0.352176,0.178393
-0.091457,-0.351171,0.176555
-0.090267,-0.351129,0.177769
-0.095616,-0.350001,0.177135
-0.094246,-0.351296,0.175338
-0.096932,-0.351870,0.177664
-0.097092,-0.354248,0.176985
-0.097960,-0.353652,0.174841
-0.099451,-0.352472,0.176849
-0.102658,-0.354101,0.175257
-0.102311,-0.355068,0.177043
-0.104258,-0.355422,0.175892
-0.105509,-0.355626,0.175015
-0.106500,-0.357448,0.174276
-0.109567,-0.356198,0.173351
-0.108531,-0.355887,0.172527
-0.109295,-0.356072,0.173672
-0.111328,-0.357776,0.172331
-0.114455,-0.358216,0.173661
-0.114528,-0.361712,0.170932
-0.114813,-0.360875,0.172187
-0.115512,-0.361857,0.171079
-0.116696,-0.365501,0.166358
-0.119133,-0.366306,0.167761
-0.121592,-0.368336,0.167844
-0.121982,-0.369131,0.165741
-0.122585,-0.371109,0.164457
-0.124356,-0.372648,0.164596
-0.126378,-0.373299,0.162010
-0.126817,-0.375798,0.160200
-0.128379,-0.377904,0.161043
-0.227500,-0.348290,0.179202
-0.227498,-0.347045,0.182421
-0.227685,-0.345863,0.180994
-0.230776,-0.343452,0.186537
-0.231462,-0.341309,0.184360
-0.232705,-0.339032,0.184862
-0.234549,-0.337543,0.187373
-0.235712,-0.337285,0.186798
-0.237759,-0.333677,0.188297
-0.238908,-0.334135,0.188565
-0.238219,-0.332559,0.190623
-0.239513,-0.332541,0.190627
-0.242055,-0.330324,0.192271
-0.242473,-0.329327,0.193655
-0.244233,-0.329007,0.193915
-0.244732,-0.326973,0.193889
-0.246821,-0.327481,0.196022
-0.245245,-0.325148,0.194796
-0.248950,-0.324380,0.195546
-0.248773,-0.324759,0.197049
-0.250571,-0.326078,0.196448
-0.252955,-0.323639,0.195694
-0.252559,-0.324828,0.194154
-0.254360,-0.322820,0.197847
-0.254341,-0.324154,0.196520
-0.258898,-0.323372,0.195466
-0.257373,-0.324616,0.197692
-0.260481,-0.322966,0.196024
-0.261476,-0.323414,0.195935
-0.262678,-0.323811,0.196373
-0.262561,-0.322895,0.196575
-0.264871,-0.322138,0.199233
-0.265744,-0.323525,0.197140
-0.266643,-0.321454,0.196952
-0.270994,-0.320578,0.197659
-0.269493,-0.322007,0.196601
-0.271819,-0.320935,0.197811
-0.271022,-0.324473,0.196593
-0.272177,-0.323325,0.194254
-0.275441,-0.324270,0.196207
-0.276065,-0.325979,0.194637
-0.277655,-0.327060,0.193839
-0.279423,-0.329779,0.192989
-0.280524,-0.329041,0.192015
-0.282993,-0.332098,0.191190
-0.281574,-0.329465,0.190917
-0.284156,-0.332037,0.189840
-0.028857,-0.367207,0.171138
-0.027907,-0.363995,0.170396
-0.030583,-0.362900,0.172350
-0.031019,-0.360490,0.174355
-0.034500,-0.358357,0.176222
-0.035508,-0.353414,0.177157
-0.034143,-0.353934,0.178244
-0.037264,-0.352535,0.181102
-0.036808,-0.347248,0.183248
-0.041499,-0.347427,0.183003
-0.040804,-0.347356,0.182648
-0.044014,-0.347885,0.183895
-0.043761,-0.348582,0.182630
-0.042809,-0.344539,0.183067
-0.046260,-0.345719,0.184101
-0.047508,-0.345435,0.183073
-0.047532,-0.346570,0.184952
-0.049335,-0.346324,0.181503
-0.050474,-0.346314,0.183042
-0.051209,-0.345957,0.183709
-0.054095,-0.345498,0.184590
-0.054494,-0.344982,0.185422
-0.055739,-0.343945,0.184479
-0.057087,-0.343269,0.184735
-0.057670,-0.342433,0.184179
-0.058033,-0.343802,0.184256
-0.061134,-0.346008,0.184475
-0.062901,-0.343116,0.184770
-0.065050,-0.347223,0.181837
-0.065209,-0.345812,0.181729
-0.067265,-0.345030,0.181438
-0.067284,-0.345802,0.182113
-0.067688,-0.345957,0.184387
-0.070136,-0.349186,0.180505
-0.071939,-0.347316,0.181532
-0.072872,-0.349908,0.181895
-0.073431,-0.348436,0.182371
-0.075696,-0.348183,0.180403
-0.076901,-0.348155,0.180604
-0.076457,-0.348127,0.181646
-0.080693,-0.349414,0.179606
-0.080050,-0.349813,0.180212
-0.081858,-0.351101,0.179740
-0.082831,-0.351394,0.178952
-0.084160,-0.350456,0.179938
-0.086168,-0.351868,0.178677
-0.086005,-0.352108,0.178838
-0.087261,-0.352852,0.178498
-0.089031,-0.353597,0.177166
-0.091854,-0.353881,0.179268
-0.090536,-0.353683,0.176785
-0.091713,-0.352975,0.177398
-0.094569,-0.354755,0.177693
-0.095500,-0.356760,0.176303
-0.095910,-0.359375,0.174048
-0.098386,-0.356895,0.175407
-0.098865,-0.358101,0.174876
-0.099857,-0.357856,0.177139
-0.102489,-0.358535,0.175232
-0.105197,-0.358136,0.174693
-0.102877,-0.359011,0.173708
-0.105205,-0.358902,0.174034
-0.106897,-0.359778,0.173327
-0.107433,-0.361791,0.172957
-0.109422,-0.364098,0.172636
-0.109266,-0.361314,0.171989
-0.109534,-0.362007,0.170946
-0.112114,-0.363803,0.169794
-0.113650,-0.365774,0.170125
-0.116665,-0.365394,0.170846
-0.116211,-0.367127,0.168923
-0.118749,-0.365873,0.168481
-0.120154,-0.367896,0.169191
-0.121194,-0.370906,0.167950
-0.122937,-0.370934,0.166752
-0.123371,-0.372547,0.164660
-0.123611,-0.377610,0.161125
-0.125415,-0.379686,0.161971
-0.128021,-0.379665,0.160540
-0.232958,-0.346673,0.181054
-0.233765,-0.344297,0.183455
-0.235165,-0.344878,0.184454
-0.238531,-0.343158,0.183766
-0.236573,-0.341561,0.184867
-0.237687,-0.339544,0.187567
-0.237111,-0.337461,0.187593
-0.239977,-0.336499,0.186956
-0.241499,-0.335364,0.189803
-0.243288,-0.333397,0.190797
-0.243188,-0.333144,0.190938
-0.243775,-0.332148,0.191079
-0.245484,-0.331166,0.192253
-0.248164,-0.330101,0.193177
-0.248229,-0.328636,0.193623
-0.250319,-0.328735,0.194958
-0.252915,-0.327973,0.194657
-0.251611,-0.328838,0.194927
-0.255029,-0.328905,0.195728
-0.252885,-0.329881,0.195559
-0.256054,-0.329019,0.194353
-0.255733,-0.329047,0.194969
-0.257607,-0.327943,0.193657
-0.260139,-0.327514,0.196693
-0.259844,-0.327050,0.196588
-0.263822,-0.327487,0.197507
-0.262528,-0.326714,0.194640
-0.265164,-0.326570,0.198843
-0.266378,-0.326209,0.196854
-0.267492,-0.325219,0.195460
-0.270183,-0.324930,0.198795
-0.270505,-0.324168,0.197018
-0.270120,-0.326089,0.195501
-0.271858,-0.324635,0.195651
-0.274618,-0.327409,0.194825
-0.273548,-0.328909,0.196809
-0.276103,-0.330540,0.193541
-0.275517,-0.331403,0.193078
-0.278567,-0.333487,0.192363
-0.279331,-0.332965,0.193060
-0.281666,-0.333324,0.192596
-0.029209,-0.371164,0.166173
-0.030563,-0.368337,0.169198
-0.031688,-0.367292,0.172334
-0.031136,-0.364682,0.172807
-0.034456,-0.360771,0.174538
-0.036252,-0.358017,0.176668
-0.037823,-0.355462,0.176873
-0.037733,-0.354400,0.180049
-0.041674,-0.353231,0.180012
-0.040561,-0.350783,0.180435
-0.041563,-0.350373,0.182002
-0.044214,-0.349142,0.183403
-0.047163,-0.350482,0.181374
-0.045750,-0.350265,0.185840
-0.047051,-0.351374,0.183273
-0.050190,-0.349686,0.183064
-0.048983,-0.347989,0.183081
-0.049811,-0.349528,0.182844
-0.051912,-0.348455,0.183952
-0.051834,-0.348058,0.183997
-0.054404,-0.349145,0.183476
-0.056674,-0.348390,0.183819
-0.059125,-0.347682,0.183571
-0.058322,-0.347064,0.183012
-0.060132,-0.347193,0.184847
-0.060062,-0.348646,0.184288
-0.062323,-0.348169,0.182177
-0.063360,-0.347371,0.184521
-0.063835,-0.347467,0.185145
-0.068350,-0.348944,0.183264
-0.066984,-0.348942,0.181410
-0.069521,-0.350891,0.182980
-0.070284,-0.348421,0.181275
-0.070822,-0.351934,0.181276
-0.073048,-0.353165,0.182128
-0.073946,-0.350796,0.180149
-0.075628,-0.352398,0.178331
-0.076825,-0.352708,0.181501
-0.077310,-0.352260,0.178378
-0.078139,-0.353955,0.180500
-0.080205,-0.353668,0.178889
-0.079957,-0.356478,0.180306
-0.083397,-0.354589,0.179012
-0.083403,-0.356434,0.179161
-0.085637,-0.355241,0.177581
-0.084988,-0.356355,0.177366
-0.086999,-0.357193,0.177419
-0.089768,-0.356688,0.176877
-0.089878,-0.356226,0.176687
-0.091302,-0.357942,0.178902
-0.093523,-0.357415,0.177041
-0.094097,-0.358654,0.176816
-0.094172,-0.359370,0.174561
-0.095201,-0.359251,0.177694
-0.096996,-0.359956,0.174490
-0.098894,-0.361340,0.174986
-0.100173,-0.360962,0.173471
-0.097982,-0.361279,0.173923
-0.103422,-0.362299,0.175006
-0.103240,-0.364039,0.174612
-0.104410,-0.364538,0.172761
-0.107755,-0.365066,0.172043
-0.108554,-0.364406,0.171037
-0.109066,-0.366872,0.170064
-0.108910,-0.366957,0.169959
-0.111235,-0.370689,0.170425
-0.113570,-0.368663,0.168448
-0.112971,-0.371880,0.170361
-0.115304,-0.369954,0.168078
-0.117680,-0.370475,0.168688
-0.118151,-0.373614,0.165865
-0.120044,-0.373093,0.165951
-0.121878,-0.373272,0.166539
-0.122109,-0.376348,0.163614
-0.123071,-0.380156,0.165203
-0.124742,-0.379867,0.160298
-0.238607,-0.345632,0.185528
-0.239775,-0.346063,0.185554
-0.241831,-0.345625,0.186110
-0.240656,-0.342718,0.189388
-0.243528,-0.340082,0.187911
-0.243652,-0.338394,0.190064
-0.245914,-0.337985,0.191226
-0.246571,-0.337890,0.189713
-0.246260,-0.334803,0.190723
-0.249557,-0.332492,0.192799
-0.249010,-0.332825,0.191302
-0.253643,-0.334742,0.191854
-0.251857,-0.334262,0.192069
-0.254959,-0.333943,0.194153
-0.255677,-0.334591,0.193794
-0.254912,-0.333338,0.195280
-0.258534,-0.331402,0.196140
-0.256672,-0.330925,0.194948
-0.260807,-0.330802,0.192988
-0.261623,-0.331177,0.195225
-0.263056,-0.332260,0.193901
-0.262643,-0.330951,0.196274
-0.265697,-0.331525,0.195160
-0.268790,-0.329473,0.195529
-0.269825,-0.329725,0.197050
-0.269666,-0.330140,0.196925
-0.268643,-0.329366,0.195597
-0.273139,-0.328524,0.197367
-0.273637,-0.330807,0.197067
-0.273854,-0.329354,0.194853
-0.276011,-0.331579,0.193558
-0.276386,-0.332527,0.195298
-0.276792,-0.334685,0.193333
-0.279648,-0.336304,0.191555
-0.031841,-0.374900,0.168011
-0.031470,-0.372107,0.170924
-0.032954,-0.369003,0.170500
-0.035226,-0.369047,0.172410
-0.034484,-0.364912,0.175960
-0.038704,-0.360573,0.176142
-0.038377,-0.359096,0.175350
-0.038753,-0.357053,0.178656
-0.039978,-0.353717,0.182313
-0.042369,-0.351263,0.181810
-0.043707,-0.352613,0.182223
-0.045576,-0.352831,0.181787
-0.045558,-0.353763,0.182758
-0.047076,-0.351210,0.184057
-0.049229,-0.353348,0.180948
-0.050577,-0.353104,0.183416
-0.049903,-0.352730,0.182327
-0.054452,-0.353205,0.182586
-0.052278,-0.352130,0.182057
-0.054701,-0.350268,0.182587
-0.056545,-0.350275,0.181966
-0.057082,-0.350244,0.182151
-0.059213,-0.350554,0.182486
-0.058848,-0.351989,0.184767
-0.059747,-0.349503,0.183971
-0.064529,-0.351505,0.185157
-0.065545,-0.350034,0.183935
-0.064646,-0.351995,0.183112
-0.064472,-0.349197,0.182664
-0.068108,-0.353744,0.182972
-0.070624,-0.353161,0.181906
-0.068765,-0.353647,0.181115
-0.069919,-0.356784,0.182831
-0.072269,-0.352127,0.181674
-0.076230,-0.355545,0.182369
-0.074600,-0.354437,0.181812
-0.078301,-0.356748,0.179648
-0.076369,-0.356791,0.177051
-0.079893,-0.357667,0.179661
-0.080812,-0.356762,0.180144
-0.082235,-0.357832,0.177685
-0.084573,-0.357741,0.179387
-0.084507,-0.357815,0.178963
-0.087019,-0.360081,0.175549
-0.088085,-0.360427,0.177066
-0.088050,-0.360096,0.177057
-0.089049,-0.360208,0.176905
-0.089604,-0.361504,0.176554
-0.090702,-0.360957,0.177863
-0.090973,-0.361972,0.176129
-0.092756,-0.363090,0.175826
-0.095150,-0.363533,0.174731
-0.097271,-0.364022,0.174974
-0.098676,-0.364208,0.174503
-0.098468,-0.364866,0.173334
-0.100999,-0.366453,0.172857
-0.100881,-0.366548,0.173628
-0.104048,-0.364377,0.171915
-0.103474,-0.366836,0.172608
-0.106066,-0.369384,0.171149
-0.107257,-0.369527,0.171081
-0.106893,-0.368884,0.169590
-0.110239,-0.370658,0.169338
-0.110389,-0.370676,0.169340
-0.112674,-0.371010,0.170094
-0.113320,-0.371672,0.169588
-0.113779,-0.372867,0.169276
-0.116562,-0.374534,0.168330
-0.119263,-0.373577,0.166232
-0.117326,-0.375968,0.167396
-0.118354,-0.377710,0.165899
-0.120708,-0.381629,0.164692
-0.119588,-0.383011,0.161750
-0.245120,-0.343220,0.187100
-0.245553,-0.343701,0.186541
-0.245773,-0.341685,0.188355
-0.248468,-0.340737,0.191987
-0.251187,-0.338587,0.191318
-0.250196,-0.339559,0.191041
-0.252102,-0.337714,0.191099
-0.251526,-0.335253,0.192045
-0.254498,-0.336755,0.192731
-0.255972,-0.337098,0.192384
-0.256763,-0.336973,0.193251
-0.256936,-0.336891,0.193723
-0.259561,-0.336713,0.192655
-0.259818,-0.335063,0.194609
-0.262640,-0.333359,0.193142
-0.261508,-0.335721,0.192924
-0.263077,-0.335681,0.194668
-0.266250,-0.335747,0.194817
-0.265784,-0.336511,0.194531
-0.268479,-0.335643,0.195066
-0.268932,-0.331631,0.194174
-0.269961,-0.333962,0.194826
-0.269845,-0.335055,0.195245
-0.272314,-0.332967,0.195211
-0.273142,-0.333058,0.192611
-0.274321,-0.337539,0.195289
-0.032013,-0.376593,0.163174
-0.033282,-0.375309,0.168981
-0.034605,-0.372463,0.171015
-0.033483,-0.370405,0.169749
-0.038353,-0.368850,0.173699
-0.036974,-0.367651,0.175817
-0.037745,-0.365233,0.176717
-0.039828,-0.359693,0.178045
-0.043524,-0.358915,0.176815
-0.043303,-0.355071,0.180374
-0.044364,-0.355722,0.180812
-0.047407,-0.356840,0.180188
-0.046572,-0.356470,0.183167
-0.049990,-0.355563,0.182643
-0.048026,-0.355189,0.181428
-0.050938,-0.355015,0.180521
-0.051568,-0.356041,0.183292
-0.053359,-0.354043,0.181587
-0.054055,-0.353497,0.182935
-0.055795,-0.354053,0.182262
-0.057067,-0.354863,0.180280
-0.058279,-0.353711,0.183514
-0.059382,-0.353593,0.182372
-0.062085,-0.354425,0.183549
-0.062924,-0.353606,0.184139
-0.062602,-0.354381,0.181583
-0.064590,-0.354391,0.184172
-0.065569,-0.355075,0.181883
-0.067483,-0.354551,0.181857
-0.067366,-0.355509,0.182052
-0.068606,-0.356039,0.182309
-0.071864,-0.355397,0.179572
-0.071820,-0.358719,0.181729
-0.073808,-0.356332,0.179973
-0.074762,-0.358771,0.180654
-0.076000,-0.357584,0.178532
-0.078433,-0.359829,0.179131
-0.078084,-0.359373,0.177916
-0.081163,-0.361629,0.177797
-0.080836,-0.360745,0.178858
-0.082030,-0.359167,0.176828
-0.084044,-0.360631,0.178702
-0.084746,-0.361762,0.179586
-0.085071,-0.361407,0.176560
-0.085121,-0.361592,0.176692
-0.088619,-0.363389,0.177362
-0.091504,-0.363616,0.173506
-0.091156,-0.364031,0.175275
-0.092928,-0.364340,0.175014
-0.093495,-0.366299,0.177019
-0.095737,-0.366098,0.175316
-0.097862,-0.367457,0.174041
-0.096992,-0.367159,0.172825
-0.100480,-0.368688,0.173458
-0.100797,-0.369331,0.172031
-0.103281,-0.368854,0.171975
-0.102547,-0.369855,0.171005
-0.103816,-0.371327,0.170268
-0.105401,-0.373000,0.170768
-0.107508,-0.371936,0.171465
-0.107694,-0.374896,0.170275
-0.110595,-0.373650,0.170228
-0.111903,-0.375146,0.169295
-0.113955,-0.375354,0.166979
-0.111719,-0.374828,0.167979
-0.112638,-0.377731,0.168349
-0.115622,-0.377038,0.167726
-0.115892,-0.380615,0.165295
-0.119030,-0.381802,0.163081
-0.120419,-0.383138,0.162073
-0.252312,-0.343801,0.189866
-0.253131,-0.344117,0.190832
-0.254585,-0.342675,0.189443
-0.254343,-0.342271,0.191669
-0.257938,-0.340965,0.192253
-0.259247,-0.340462,0.190925
-0.260520,-0.340826,0.191162
-0.262149,-0.340134,0.191117
-0.262089,-0.342323,0.191243
-0.261977,-0.343022,0.191100
-0.031787,-0.383110,0.165372
-0.033904,-0.379635,0.167816
-0.034928,-0.376849,0.170057
-0.036133,-0.373338,0.170652
-0.039204,-0.371192,0.172290
-0.037929,-0.369479,0.174583
-0.039906,-0.367629,0.173948
-0.042196,-0.363274,0.178688
-0.043280,-0.362909,0.178048
-0.043360,-0.360322,0.178618
-0.047866,-0.358996,0.181008
-0.046468,-0.361947,0.181700
-0.048670,-0.360614,0.181617
-0.049373,-0.360135,0.179092
-0.052327,-0.358249,0.180981
-0.052888,-0.359596,0.182005
-0.052667,-0.358700,0.179687
-0.055156,-0.359556,0.181858
-0.056022,-0.358073,0.181815
-0.055671,-0.357546,0.184212
-0.056763,-0.357541,0.182713
-0.058857,-0.357199,0.182330
-0.060036,-0.356003,0.184306
-0.062566,-0.355169,0.182470
-0.062648,-0.356503,0.185400
-0.064791,-0.356490,0.182855
-0.066964,-0.356075,0.180919
-0.066997,-0.358302,0.180460
-0.069829,-0.359520,0.181563
-0.070281,-0.359197,0.180777
-0.070508,-0.359642,0.181529
-0.072092,-0.358846,0.180306
-0.073442,-0.361992,0.181578
-0.074662,-0.359438,0.180703
-0.075828,-0.361894,0.179249
-0.078309,-0.362761,0.178158
-0.079329,-0.362989,0.178406
-0.081929,-0.365234,0.179950
-0.081475,-0.364892,0.180852
-0.081916,-0.364597,0.177265
-0.083030,-0.363399,0.177354
-0.085910,-0.366409,0.179022
-0.083540,-0.365843,0.179579
-0.085644,-0.366533,0.176045
-0.088622,-0.367454,0.177244
-0.089224,-0.367267,0.175296
-0.091070,-0.367886,0.174509
-0.092126,-0.367398,0.175769
-0.094439,-0.369624,0.175264
-0.094769,-0.369204,0.171736
-0.095895,-0.370797,0.172751
-0.097950,-0.371936,0.174228
-0.100242,-0.372313,0.176036
-0.099801,-0.372968,0.171737
-0.100305,-0.373682,0.170889
-0.101562,-0.375045,0.172794
-0.105335,-0.373302,0.171900
-0.106473,-0.375399,0.168552
-0.105858,-0.375800,0.169850
-0.108831,-0.377131,0.170607
-0.110220,-0.378560,0.168992
-0.110872,-0.377994,0.169468
-0.113602,-0.379057,0.167919
-0.114277,-0.380045,0.167055
-0.114572,-0.381565,0.166339
-0.114691,-0.383849,0.163299
-0.116356,-0.385276,0.163111
-0.034663,-0.382891,0.164927
-0.036999,-0.381058,0.168955
-0.036509,-0.377651,0.170235
-0.038779,-0.376924,0.170378
-0.041306,-0.373695,0.174453
-0.040849,-0.372737,0.175925
-0.044084,-0.369738,0.176193
-0.045910,-0.365215,0.179707
-0.045694,-0.363868,0.179368
-0.044959,-0.363277,0.180111
-0.048329,-0.364513,0.179371
-0.050306,-0.364375,0.179639
-0.051637,-0.364822,0.180360
-0.053203,-0.364345,0.179703
-0.054779,-0.365490,0.179248
-0.055170,-0.363479,0.180618
-0.056551,-0.361594,0.181223
-0.056766,-0.361380,0.181276
-0.057778,-0.360548,0.181334
-0.059171,-0.361348,0.181185
-0.060820,-0.361035,0.181436
-0.061418,-0.360548,0.181191
-0.062968,-0.358924,0.181376
-0.064677,-0.360319,0.181958
-0.066229,-0.361252,0.182895
-0.067483,-0.360978,0.182634
-0.067754,-0.362032,0.182322
-0.070407,-0.361521,0.180242
-0.070653,-0.363199,0.181155
-0.072193,-0.361881,0.180902
-0.072601,-0.364322,0.180397
-0.074011,-0.363409,0.182376
-0.075105,-0.365314,0.178941
-0.077614,-0.365602,0.177566
-0.076275,-0.366448,0.179054
-0.081256,-0.367787,0.177743
-0.081817,-0.365381,0.178013
-0.080352,-0.367697,0.176687
-0.083739,-0.368138,0.176694
-0.084480,-0.367595,0.175308
-0.087398,-0.368828,0.176237
-0.087806,-0.369945,0.176176
-0.089073,-0.370071,0.175675
-0.090778,-0.370129,0.176804
-0.090054,-0.370077,0.173221
-0.092306,-0.371886,0.175257
-0.095958,-0.373584,0.174796
-0.095235,-0.373695,0.174461
-0.097862,-0.372929,0.171066
-0.096861,-0.373674,0.172074
-0.098596,-0.374833,0.173379
-0.100051,-0.377198,0.172992
-0.102568,-0.378499,0.171462
-0.104588,-0.377788,0.171738
-0.104112,-0.377826,0.170407
-0.106392,-0.378333,0.170587
-0.104842,-0.379408,0.169828
-0.110226,-0.380094,0.170560
-0.109077,-0.379944,0.167245
-0.111011,-0.383699,0.168178
-0.112765,-0.382606,0.168180
-0.115035,-0.385146,0.165804
-0.036944,-0.388644,0.164571
-0.039323,-0.386471,0.168674
-0.040007,-0.380693,0.168338
-0.040830,-0.380239,0.172198
-0.043811,-0.378362,0.171091
-0.042574,-0.374150,0.174518
-0.043664,-0.372261,0.174797
-0.046050,-0.370798,0.176634
-0.044347,-0.367136,0.178877
-0.049162,-0.370574,0.179297
-0.050456,-0.366540,0.178491
-0.049982,-0.367985,0.179211
-0.054184,-0.367671,0.178629
-0.053058,-0.366027,0.179173
-0.053640,-0.367364,0.179479
-0.053931,-0.366825,0.179010
-0.057031,-0.366960,0.178435
-0.056558,-0.365355,0.180763
-0.061054,-0.367037,0.179715
-0.060635,-0.365785,0.178715
-0.062059,-0.364057,0.180837
-0.063174,-0.366034,0.180550
-0.064945,-0.364721,0.179624
-0.066147,-0.362379,0.181250
-0.067029,-0.365472,0.181502
-0.068175,-0.365928,0.180277
-0.068017,-0.366075,0.182464
-0.071814,-0.367004,0.180257
-0.073070,-0.367329,0.177943
-0.073441,-0.367580,0.179296
-0.075011,-0.368591,0.179550
-0.077392,-0.368485,0.178787
-0.077259,-0.369368,0.178051
-0.077942,-0.370909,0.177648
-0.081560,-0.370156,0.176587
-0.082003,-0.369957,0.178334
-0.083332,-0.371683,0.176638
-0.085112,-0.371187,0.176765
-0.083193,-0.370381,0.175058
-0.086837,-0.371703,0.176400
-0.087229,-0.373845,0.174485
-0.087864,-0.375029,0.173368
-0.089954,-0.375163,0.176268
-0.090367,-0.376343,0.174749
-0.091529,-0.375180,0.174017
-0.092511,-0.376158,0.173403
-0.095387,-0.377098,0.172877
-0.096745,-0.376095,0.174108
-0.098221,-0.378807,0.171641
-0.098328,-0.377180,0.171562
-0.099411,-0.378896,0.171007
-0.101810,-0.380519,0.171360
-0.103915,-0.381548,0.168038
-0.103953,-0.382181,0.168418
-0.105612,-0.383766,0.170491
-0.105643,-0.382662,0.167401
-0.106323,-0.384781,0.166331
-0.110630,-0.386705,0.167510
-0.111692,-0.386049,0.165200
-0.037399,-0.392648,0.163301
-0.036346,-0.390998,0.166300
-0.041567,-0.385899,0.167512
-0.040897,-0.382523,0.169492
-0.042839,-0.379537,0.171939
-0.044598,-0.378103,0.171813
-0.045744,-0.377309,0.173535
-0.047746,-0.374806,0.175931
-0.048418,-0.371753,0.178513
-0.050628,-0.370593,0.178766
-0.050226,-0.370576,0.179144
-0.051148,-0.373678,0.178438
-0.053524,-0.371389,0.179059
-0.054921,-0.372540,0.178731
-0.059585,-0.371662,0.178133
-0.056307,-0.370825,0.177674
-0.059032,-0.370217,0.179721
-0.058973,-0.371012,0.179313
-0.059502,-0.370007,0.180508
-0.062255,-0.370920,0.178567
-0.064525,-0.368644,0.177269
-0.064715,-0.369849,0.180892
-0.064159,-0.368971,0.181369
-0.066683,-0.370814,0.179750
-0.069759,-0.367659,0.179180
-0.068892,-0.370577,0.181734
-0.071163,-0.368568,0.181889
-0.072473,-0.370170,0.179383
-0.072864,-0.371771,0.179338
-0.075600,-0.370511,0.176322
-0.078131,-0.371137,0.177187
-0.077537,-0.371997,0.180119
-0.076883,-0.372727,0.177507
-0.078816,-0.374176,0.178400
-0.080104,-0.373355,0.176493
-0.081861,-0.375256,0.175977
-0.083566,-0.375573,0.173967
-0.085312,-0.375160,0.172877
-0.088019,-0.374832,0.175311
-0.086786,-0.377038,0.175145
-0.088776,-0.377891,0.174485
-0.092425,-0.377090,0.175593
-0.089766,-0.378547,0.172596
-0.092973,-0.377194,0.174077
-0.094013,-0.381116,0.172644
-0.095415,-0.381185,0.172293
-0.094220,-0.381104,0.171481
-0.098641,-0.382828,0.171331
-0.098256,-0.382125,0.170353
-0.098568,-0.382589,0.170588
-0.099971,-0.383430,0.169391
-0.101815,-0.385900,0.170190
-0.104883,-0.385693,0.169339
-0.104747,-0.387229,0.168695
-0.104515,-0.388660,0.167662
-0.107084,-0.389499,0.167008
-0.038822,-0.398405,0.160725
-0.039308,-0.396578,0.164130
-0.043229,-0.393378,0.167266
-0.042745,-0.387705,0.169036
-0.045614,-0.384938,0.171500
-0.045393,-0.383325,0.172988
-0.046449,-0.380907,0.173881
-0.048284,-0.378906,0.175556
-0.049571,-0.375272,0.176268
-0.052173,-0.375725,0.177075
-0.051502,-0.375661,0.178937
-0.053388,-0.377336,0.177974
-0.053763,-0.375472,0.176539
-0.055709,-0.372058,0.178710
-0.057416,-0.372934,0.176960
-0.059546,-0.373705,0.178466
-0.058486,-0.374272,0.177923
-0.060640,-0.373808,0.179124
-0.061516,-0.373313,0.178304
-0.063044,-0.373122,0.178923
-0.065493,-0.372691,0.178010
-0.063999,-0.372143,0.179102
-0.069469,-0.373286,0.178189
-0.068052,-0.371251,0.178585
-0.070320,-0.373457,0.180690
-0.072694,-0.373821,0.176908
-0.072747,-0.372882,0.179203
-0.073333,-0.374568,0.179363
-0.074962,-0.374665,0.178060
-0.077001,-0.375225,0.177681
-0.077131,-0.374082,0.176005
-0.077475,-0.376829,0.176461
-0.079846,-0.376927,0.177785
-0.080414,-0.376134,0.173405
-0.081552,-0.378171,0.176365
-0.083202,-0.377970,0.175827
-0.084767,-0.379448,0.174841
-0.087217,-0.380015,0.173721
-0.086862,-0.379593,0.173644
-0.088629,-0.381396,0.173200
-0.090949,-0.380992,0.172125
-0.092492,-0.383139,0.173118
-0.095158,-0.381130,0.172396
-0.092267,-0.382333,0.171589
-0.094617,-0.387065,0.171342
-0.095495,-0.384571,0.169590
-0.095909,-0.383954,0.170020
-0.099681,-0.384495,0.169337
-0.098450,-0.386277,0.169602
-0.100408,-0.387858,0.169562
-0.101241,-0.388899,0.168153
-0.104356,-0.390072,0.166846
-0.107057,-0.391007,0.166939
-0.040345,-0.404465,0.158855
-0.041204,-0.401272,0.163146
-0.041288,-0.397061,0.165368
-0.043033,-0.391950,0.169960
-0.044330,-0.387107,0.169963
-0.048838,-0.386356,0.171934
-0.047891,-0.384111,0.173558
-0.049341,-0.380479,0.173781
-0.051238,-0.381377,0.178341
-0.052573,-0.378094,0.177438
-0.054353,-0.379318,0.176341
-0.055676,-0.378159,0.176540
-0.055759,-0.380361,0.176896
-0.057523,-0.378713,0.176820
-0.059465,-0.378317,0.176479
-0.059095,-0.378383,0.176367
-0.061066,-0.377101,0.177518
-0.062420,-0.378384,0.177077
-0.065212,-0.377143,0.177015
-0.064918,-0.377080,0.177215
-0.066224,-0.378537,0.176268
-0.066372,-0.377730,0.176864
-0.070013,-0.374826,0.175848
-0.069540,-0.376041,0.176981
-0.071434,-0.377863,0.177245
-0.071420,-0.378557,0.177710
-0.073110,-0.377739,0.177384
-0.074167,-0.378994,0.176755
-0.076118,-0.379695,0.175533
-0.078798,-0.378833,0.175241
-0.079618,-0.380046,0.177268
-0.079606,-0.379568,0.175358
-0.081413,-0.381138,0.172976
-0.081890,-0.382062,0.174075
-0.084682,-0.382346,0.174935
-0.084262,-0.383553,0.175346
-0.086662,-0.384164,0.172702
-0.087114,-0.385179,0.173325
-0.089010,-0.384676,0.174050
-0.090525,-0.387457,0.171827
-0.093037,-0.387710,0.170312
-0.092961,-0.387274,0.170850
-0.092290,-0.387163,0.169948
-0.096764,-0.388726,0.171076
-0.096084,-0.389320,0.170195
-0.097593,-0.389521,0.167727
-0.098556,-0.391220,0.169489
-0.100782,-0.391555,0.169522
-0.100881,-0.391790,0.167090
-0.043239,-0.406612,0.163617
-0.041459,-0.399159,0.164003
-0.045603,-0.396766,0.166288
-0.045862,-0.392858,0.168977
-0.048972,-0.389503,0.172365
-0.051442,-0.386805,0.170505
-0.051189,-0.386209,0.172093
-0.053210,-0.382896,0.174640
-0.053398,-0.382667,0.176019
-0.054117,-0.383315,0.175625
-0.053365,-0.382470,0.174250
-0.057456,-0.382556,0.175216
-0.058620,-0.383420,0.176028
-0.061456,-0.382917,0.175664
-0.060667,-0.382789,0.174369
-0.061586,-0.384273,0.176521
-0.064018,-0.382441,0.175102
-0.064357,-0.383349,0.176153
-0.066484,-0.383075,0.175256
-0.067914,-0.381634,0.174946
-0.069316,-0.380828,0.175273
-0.072979,-0.382005,0.177784
-0.071522,-0.379832,0.175725
-0.073008,-0.381062,0.177672
-0.073411,-0.382144,0.174465
-0.074210,-0.382128,0.175722
-0.076166,-0.382436,0.177360
-0.077202,-0.383857,0.174363
-0.077368,-0.384732,0.175707
-0.079699,-0.383174,0.174305
-0.081543,-0.384098,0.174185
-0.081301,-0.385463,0.174546
-0.083965,-0.385341,0.175615
-0.085001,-0.385241,0.173937
-0.086808,-0.387370,0.172886
-0.085879,-0.388077,0.170535
-0.089424,-0.388717,0.172650
-0.089562,-0.389269,0.171133
-0.091114,-0.390804,0.171602
-0.092031,-0.389903,0.171472
-0.094642,-0.390957,0.171257
-0.095793,-0.390272,0.170661
-0.098695,-0.392810,0.169117
-0.097720,-0.392025,0.168547
-0.047193,-0.407498,0.160883
-0.047538,-0.401735,0.164349
-0.049417,-0.397138,0.167986
-0.048431,-0.394980,0.169403
-0.051154,-0.390239,0.171448
-0.052443,-0.390055,0.173393
-0.053482,-0.386679,0.173516
-0.054453,-0.387453,0.175632
-0.054940,-0.387518,0.174970
-0.059739,-0.388050,0.175697
-0.057705,-0.387707,0.173612
-0.061142,-0.388258,0.175823
-0.060696,-0.386372,0.174453
-0.062561,-0.386133,0.174797
-0.064309,-0.385440,0.175150
-0.064287,-0.387882,0.172575
-0.064820,-0.386924,0.174698
-0.067120,-0.388548,0.174229
-0.069581,-0.386759,0.174897
-0.071233,-0.385852,0.173960
-0.071063,-0.387461,0.175797
-0.071672,-0.385291,0.174074
-0.074227,-0.386298,0.177800
-0.074352,-0.385448,0.174650
-0.075639,-0.385866,0.174895
-0.077915,-0.387652,0.175721
-0.076041,-0.386750,0.175019
-0.080114,-0.387833,0.176438
-0.080311,-0.388113,0.174252
-0.081800,-0.389012,0.171465
-0.084282,-0.389997,0.174381
-0.084164,-0.390082,0.173042
-0.085155,-0.391694,0.171566
-0.086779,-0.390202,0.172320
-0.090157,-0.392176,0.170880
-0.091335,-0.393188,0.171592
-0.091051,-0.394074,0.170748
-0.093316,-0.396084,0.171350
-0.091813,-0.395310,0.169171
-0.047435,-0.410655,0.158649
-0.049460,-0.403694,0.166367
-0.050807,-0.396132,0.168796
-0.050405,-0.395144,0.170660
-0.052918,-0.393244,0.172309
-0.055006,-0.391562,0.173738
-0.056936,-0.390911,0.174623
-0.056204,-0.391135,0.174275
-0.057380,-0.390938,0.174728
-0.059930,-0.391680,0.175129
-0.061088,-0.390140,0.174511
-0.062390,-0.389761,0.173673
-0.064314,-0.391340,0.174222
-0.063724,-0.390375,0.173843
-0.064825,-0.392274,0.172737
-0.068059,-0.390924,0.173914
-0.067965,-0.390996,0.174014
-0.067990,-0.390459,0.173744
-0.071377,-0.392219,0.174266
-0.075467,-0.390076,0.173886
-0.072560,-0.390134,0.173382
-0.074410,-0.389243,0.174185
-0.075292,-0.388960,0.174453
-0.076031,-0.391146,0.172610
-0.078770,-0.389341,0.174879
-0.079694,-0.391884,0.174304
-0.079492,-0.392650,0.173471
-0.084522,-0.391849,0.172434
-0.082681,-0.392662,0.171008
-0.085187,-0.392913,0.171984
-0.086507,-0.393960,0.172472
-0.087076,-0.395941,0.172360
-0.089442,-0.394575,0.169487
-0.090433,-0.397440,0.170433
-0.052709,-0.409409,0.164665
-0.050544,-0.400154,0.170623
-0.053748,-0.396279,0.173051
-0.057649,-0.393237,0.172484
-0.057645,-0.394660,0.174912
-0.059277,-0.394869,0.173505
-0.060494,-0.395008,0.174539
-0.060188,-0.393794,0.173806
-0.061298,-0.395710,0.173193
-0.062854,-0.395041,0.173037
-0.065178,-0.394203,0.173146
-0.065334,-0.396148,0.172917
-0.065864,-0.396688,0.173366
-0.069266,-0.393376,0.173037
-0.067996,-0.393544,0.173349
-0.072460,-0.394850,0.173003
-0.070188,-0.393792,0.172932
-0.074432,-0.393659,0.171255
-0.074919,-0.394132,0.173697
-0.076883,-0.394122,0.172729
-0.077587,-0.394222,0.175936
-0.078002,-0.394488,0.173902
-0.078950,-0.395602,0.173255
-0.080069,-0.397243,0.172974
-0.082514,-0.395337,0.171009
-0.082454,-0.395876,0.172641
-0.083264,-0.397349,0.171360
-0.086636,-0.396398,0.172165
-0.054003,-0.410592,0.164518
-0.054919,-0.402275,0.168667
-0.056327,-0.399962,0.171601
-0.059091,-0.398651,0.172403
-0.057571,-0.399890,0.173942
-0.060466,-0.400233,0.175308
-0.062540,-0.398492,0.172833
-0.062950,-0.399209,0.172216
-0.064258,-0.398709,0.172230
-0.066138,-0.399871,0.172108
-0.066073,-0.399525,0.172165
-0.068398,-0.398197,0.171795
-0.071723,-0.398750,0.173743
-0.071170,-0.396710,0.171244
-0.072022,-0.398370,0.172999
-0.073366,-0.399211,0.172165
-0.075758,-0.398459,0.173285
-0.075665,-0.399685,0.172213
-0.077410,-0.398046,0.171928
-0.077653,-0.399821,0.172791
-0.079423,-0.399687,0.170559
-0.079968,-0.399033,0.171307
-0.082114,-0.398836,0.171757
-0.057519,-0.407311,0.168632
-0.058882,-0.405457,0.170647
-0.061464,-0.403579,0.171182
-0.062997,-0.404700,0.171938
-0.063300,-0.404887,0.173186
-0.066232,-0.405940,0.171177
-0.067806,-0.405154,0.171763
-0.066869,-0.402390,0.171371
-0.067901,-0.404645,0.172320
-0.068867,-0.406059,0.168706
-0.070942,-0.406253,0.169055
-0.071181,-0.405042,0.170722
