X,Y,Z
-0.046187,0.215710,-0.577339
-0.061891,0.213497,-0.580327
-0.057167,0.203168,-0.584154
-0.062159,0.213792,-0.582957
-0.062494,0.207681,-0.577857
-0.067846,0.217766,-0.583878
-0.071612,0.203154,-0.578854
-0.069538,0.206198,-0.577671
-0.085980,0.212465,-0.572336
-0.087967,0.218289,-0.580656
-0.078500,0.208614,-0.573357
-0.041550,0.222163,-0.568779
-0.046817,0.218892,-0.578062
-0.049209,0.218309,-0.570365
-0.045564,0.217881,-0.574783
-0.052245,0.221393,-0.573531
-0.066606,0.219368,-0.572643
-0.052829,0.219021,-0.570730
-0.072158,0.215977,-0.567946
-0.061659,0.218378,-0.565942
-0.072390,0.218965,-0.570609
-0.078819,0.220429,-0.574444
-0.080752,0.219611,-0.583181
-0.078290,0.218533,-0.568214
-0.085390,0.218393,-0.573408
-0.097776,0.220467,-0.568877
-0.093354,0.225236,-0.563643
-0.088512,0.216065,-0.569773
-0.100744,0.213859,-0.568719
-0.097150,0.218405,-0.579750
-0.110729,0.227222,-0.568292
-0.032583,0.222992,-0.564303
-0.042595,0.221707,-0.563755
-0.049298,0.222265,-0.570768
-0.038565,0.222538,-0.566329
-0.053056,0.215870,-0.561500
-0.043073,0.220994,-0.566632
-0.056121,0.215939,-0.556027
-0.059459,0.220037,-0.561873
-0.060717,0.213197,-0.558741
-0.067874,0.222352,-0.559467
-0.068234,0.218346,-0.562707
-0.059501,0.226602,-0.566319
-0.073829,0.220314,-0.565196
-0.073425,0.216254,-0.555635
-0.079484,0.221362,-0.564463
-0.091843,0.221831,-0.565800
-0.089992,0.221116,-0.565360
-0.095559,0.224761,-0.565538
-0.098302,0.219108,-0.566401
-0.097646,0.215451,-0.568575
-0.108307,0.225133,-0.568705
-0.112920,0.220255,-0.559262
-0.103649,0.224753,-0.559223
-0.112387,0.220188,-0.564003
-0.117368,0.218421,-0.565623
-0.117972,0.227095,-0.571657
0.025521,0.165735,-0.610380
0.038944,0.175082,-0.611775
0.024103,0.165666,-0.613222
0.015862,0.170930,-0.610694
0.015718,0.166760,-0.599981
-0.018238,0.219745,-0.558083
-0.026466,0.218853,-0.567395
-0.039563,0.227806,-0.559497
-0.044540,0.224947,-0.555519
-0.042407,0.220768,-0.556864
-0.047706,0.219022,-0.549460
-0.050510,0.225913,-0.543064
-0.063961,0.226901,-0.540906
-0.061720,0.221897,-0.552758
-0.059551,0.232769,-0.557632
-0.069569,0.223990,-0.557800
-0.065017,0.236761,-0.548743
-0.065734,0.230695,-0.554739
-0.071994,0.223721,-0.545612
-0.088226,0.233138,-0.567138
-0.083364,0.221963,-0.553116
-0.100661,0.235473,-0.558207
-0.084539,0.226342,-0.545579
-0.093181,0.219322,-0.550860
-0.091285,0.224357,-0.549205
-0.091593,0.215022,-0.548869
-0.101116,0.228125,-0.546110
-0.102004,0.220561,-0.549547
-0.114673,0.228039,-0.557902
-0.117079,0.227033,-0.554004
-0.118656,0.233984,-0.552842
-0.124563,0.221452,-0.544994
-0.125622,0.223203,-0.555055
-0.116033,0.217391,-0.550381
0.031632,0.174877,-0.600420
0.025925,0.177021,-0.595153
0.026060,0.178247,-0.603410
0.012652,0.167629,-0.596430
0.020155,0.175419,-0.595865
0.011910,0.174328,-0.600304
0.002836,0.169026,-0.599996
0.002703,0.173021,-0.597562
-0.000334,0.174824,-0.606261
-0.006887,0.168572,-0.597011
-0.004382,0.169745,-0.595652
-0.007777,0.174990,-0.600628
-0.018138,0.176575,-0.594750
-0.018945,0.230304,-0.553157
-0.033976,0.233116,-0.548317
-0.032248,0.231744,-0.546746
-0.040949,0.224768,-0.544682
-0.047011,0.227365,-0.549004
-0.045348,0.220733,-0.545705
-0.040594,0.229832,-0.543914
-0.046393,0.220691,-0.541602
-0.053013,0.228687,-0.540842
-0.062625,0.222710,-0.545031
-0.073081,0.221196,-0.545723
-0.055411,0.228302,-0.552256
-0.069663,0.224741,-0.541826
-0.075851,0.228318,-0.544643
-0.073508,0.230041,-0.552340
-0.086899,0.222994,-0.550555
-0.082090,0.221361,-0.537605
-0.084667,0.228918,-0.542392
-0.087276,0.224735,-0.542919
-0.094354,0.225972,-0.543230
-0.089354,0.239176,-0.551873
-0.097171,0.230543,-0.548804
-0.097590,0.227234,-0.537489
-0.097503,0.231939,-0.539589
-0.108036,0.226451,-0.552396
-0.103021,0.223644,-0.543265
-0.108363,0.230271,-0.543350
-0.122920,0.223618,-0.539699
-0.124450,0.231604,-0.544736
-0.118853,0.227279,-0.549544
-0.120147,0.237083,-0.548477
-0.131937,0.229406,-0.531961
0.040253,0.176006,-0.595687
0.036172,0.173355,-0.588922
0.027107,0.187163,-0.588842
0.026104,0.175265,-0.587938
0.014283,0.164503,-0.594032
0.021186,0.182685,-0.590290
0.016880,0.169468,-0.598853
0.008757,0.168757,-0.581947
0.011541,0.178115,-0.589951
0.004374,0.168328,-0.601407
0.002884,0.171014,-0.587892
-0.010494,0.177436,-0.589025
-0.014095,0.175891,-0.593348
-0.001438,0.184009,-0.589130
-0.017817,0.180790,-0.588875
-0.022201,0.182204,-0.593591
-0.021196,0.184406,-0.581466
-0.024709,0.193116,-0.581403
-0.027246,0.235653,-0.535069
-0.032399,0.229384,-0.541794
-0.035942,0.223078,-0.540312
-0.045483,0.231922,-0.544491
-0.042962,0.232860,-0.539683
-0.051093,0.229121,-0.541811
-0.061617,0.234681,-0.538772
-0.062332,0.222330,-0.535344
-0.057166,0.233527,-0.543074
-0.057210,0.228937,-0.537123
-0.061373,0.231377,-0.541860
-0.068428,0.226301,-0.545600
-0.067447,0.233593,-0.538601
-0.069132,0.231250,-0.519757
-0.078837,0.223202,-0.532065
-0.076624,0.244474,-0.539066
-0.077892,0.232447,-0.545655
-0.080458,0.230391,-0.540705
-0.090117,0.239801,-0.533421
-0.086638,0.233484,-0.536090
-0.091010,0.236145,-0.536239
-0.090976,0.228054,-0.542253
-0.099415,0.240025,-0.531282
-0.102057,0.229377,-0.530747
-0.103256,0.242894,-0.529961
-0.109827,0.229255,-0.540482
-0.114132,0.225217,-0.536610
-0.124297,0.231719,-0.540935
-0.122053,0.223666,-0.530199
-0.134198,0.235868,-0.536099
-0.125281,0.228072,-0.525649
-0.128090,0.230838,-0.536744
0.029410,0.176057,-0.584982
0.032532,0.178303,-0.591015
0.026645,0.173596,-0.590672
0.032148,0.168224,-0.600467
0.014145,0.170892,-0.584932
0.018715,0.176932,-0.585998
0.010918,0.183645,-0.590019
0.010500,0.171573,-0.596660
0.009130,0.175097,-0.590465
0.009598,0.175892,-0.582123
-0.008580,0.177225,-0.594328
-0.003329,0.179343,-0.581658
-0.005335,0.185844,-0.584431
-0.004503,0.183770,-0.587213
-0.015716,0.191177,-0.577168
-0.016201,0.193070,-0.587855
-0.021144,0.192361,-0.575219
-0.022856,0.190784,-0.575205
-0.040103,0.237409,-0.536453
-0.021286,0.237187,-0.530662
-0.032003,0.231255,-0.525539
-0.054307,0.226461,-0.520737
-0.041260,0.229205,-0.523793
-0.047127,0.229455,-0.526119
-0.052686,0.240046,-0.525285
-0.054648,0.231173,-0.532346
-0.046037,0.229226,-0.529378
-0.044025,0.231469,-0.535824
-0.052943,0.233898,-0.533226
-0.073938,0.237033,-0.522274
-0.062738,0.232005,-0.533485
-0.078856,0.240133,-0.534664
-0.071567,0.232969,-0.525182
-0.076525,0.228329,-0.534518
-0.082751,0.241326,-0.527705
-0.088571,0.233314,-0.531936
-0.082376,0.232190,-0.533756
-0.085026,0.236849,-0.535336
-0.087295,0.236942,-0.522647
-0.103316,0.233363,-0.523451
-0.101065,0.234971,-0.519645
-0.104936,0.240856,-0.533573
-0.116932,0.227022,-0.531564
-0.113552,0.237859,-0.526982
-0.123922,0.236350,-0.532017
-0.111200,0.236807,-0.529425
-0.126951,0.239455,-0.526950
-0.126699,0.236261,-0.518322
-0.130880,0.235912,-0.520910
-0.130110,0.235101,-0.528676
-0.137169,0.229952,-0.532099
0.034109,0.167989,-0.584370
0.032148,0.178923,-0.586868
0.019288,0.180197,-0.578745
0.033665,0.168295,-0.573709
0.024891,0.164719,-0.582950
0.019491,0.174216,-0.582866
0.005899,0.172915,-0.588669
0.008547,0.189948,-0.579106
0.007851,0.171426,-0.587451
0.008026,0.172253,-0.582763
0.003885,0.172337,-0.576680
0.004201,0.173018,-0.582365
0.002959,0.184819,-0.577297
-0.006792,0.178857,-0.575310
-0.002915,0.179117,-0.572714
-0.009360,0.177985,-0.570600
-0.013713,0.184834,-0.567481
-0.032003,0.198658,-0.571361
-0.023959,0.198067,-0.561232
-0.023008,0.232614,-0.524059
-0.023724,0.233123,-0.529991
-0.045837,0.232993,-0.515281
-0.039183,0.232805,-0.533625
-0.040688,0.245505,-0.516405
-0.044250,0.228163,-0.527035
-0.053580,0.235641,-0.524177
-0.050353,0.238819,-0.525909
-0.059483,0.237851,-0.518231
-0.059311,0.227669,-0.529386
-0.058008,0.235505,-0.526431
-0.065767,0.240312,-0.525627
-0.063335,0.239257,-0.513315
-0.071297,0.240894,-0.509785
-0.077603,0.220794,-0.513148
-0.082946,0.235021,-0.520496
-0.083811,0.244165,-0.523920
-0.078194,0.236380,-0.527149
-0.091714,0.228804,-0.515452
-0.092240,0.230895,-0.514577
-0.096332,0.226213,-0.521262
-0.090567,0.242268,-0.516874
-0.101156,0.239690,-0.518253
-0.105800,0.239416,-0.520614
-0.110949,0.238072,-0.524370
-0.104912,0.234959,-0.527445
-0.109679,0.233303,-0.519984
-0.120001,0.239252,-0.524913
-0.124251,0.234820,-0.516976
-0.129456,0.223025,-0.516744
-0.124913,0.223854,-0.516050
-0.134810,0.232730,-0.523977
-0.137204,0.220751,-0.520392
-0.140879,0.219353,-0.538656
0.041722,0.162033,-0.575330
0.034690,0.173262,-0.590300
0.036278,0.167025,-0.580079
0.034936,0.175776,-0.583684
0.030265,0.169540,-0.571934
0.023966,0.165187,-0.575862
0.020661,0.178375,-0.581094
0.014369,0.175075,-0.575212
0.008389,0.172190,-0.574154
0.014334,0.182610,-0.570499
-0.004885,0.177758,-0.576689
0.009628,0.171623,-0.574238
0.002807,0.174009,-0.575912
-0.011409,0.178102,-0.572124
-0.006301,0.179836,-0.575481
-0.013166,0.185212,-0.569335
-0.005914,0.190270,-0.562952
-0.020865,0.202058,-0.563279
-0.020903,0.194482,-0.568198
-0.020959,0.209968,-0.554174
-0.026788,0.231495,-0.524728
-0.039053,0.239147,-0.520296
-0.032289,0.248442,-0.510697
-0.038700,0.240397,-0.507853
-0.044197,0.235676,-0.504843
-0.042733,0.237935,-0.515116
-0.039597,0.233707,-0.512836
-0.048836,0.238465,-0.508415
-0.051151,0.238236,-0.512110
-0.049454,0.236924,-0.514317
-0.067591,0.237858,-0.507358
-0.067994,0.239234,-0.518356
-0.084076,0.247454,-0.511150
-0.075999,0.233131,-0.505203
-0.070877,0.252319,-0.512736
-0.075259,0.232839,-0.503155
-0.080668,0.241033,-0.523800
-0.089925,0.237945,-0.512388
-0.085530,0.239018,-0.504628
-0.092468,0.249589,-0.510105
-0.097571,0.240124,-0.516095
-0.094383,0.241112,-0.507713
-0.102624,0.244486,-0.520010
-0.109173,0.245282,-0.519042
-0.109665,0.248597,-0.513148
-0.106533,0.241969,-0.514400
-0.108644,0.231712,-0.511860
-0.123771,0.244364,-0.516922
-0.123289,0.249847,-0.514218
-0.121365,0.230434,-0.513940
-0.130893,0.242922,-0.520589
-0.129675,0.222495,-0.526754
-0.146377,0.228308,-0.518726
-0.136112,0.222894,-0.522051
-0.140950,0.221643,-0.539351
0.038154,0.165531,-0.577432
0.031512,0.170068,-0.573363
0.028277,0.176474,-0.582532
0.035016,0.176568,-0.583117
0.020923,0.167475,-0.573705
0.025889,0.175018,-0.579230
0.012423,0.171905,-0.566884
0.021686,0.175372,-0.584466
0.007699,0.173820,-0.572768
0.010348,0.172584,-0.574574
0.003565,0.171622,-0.577097
0.007683,0.180584,-0.566265
-0.010776,0.176996,-0.568420
0.003097,0.180815,-0.570167
-0.005253,0.185310,-0.572319
-0.011806,0.181110,-0.567945
-0.011356,0.183525,-0.550532
-0.025620,0.196543,-0.565889
-0.026332,0.195897,-0.551328
-0.021267,0.204239,-0.542779
-0.032123,0.226810,-0.521966
-0.029399,0.227611,-0.508797
-0.029593,0.233575,-0.511446
-0.039321,0.236827,-0.507005
-0.034632,0.238097,-0.501953
-0.041493,0.235052,-0.512420
-0.053364,0.241030,-0.504294
-0.054596,0.237482,-0.502224
-0.052964,0.249286,-0.502891
-0.062432,0.243433,-0.506677
-0.055423,0.250086,-0.507510
-0.069699,0.247264,-0.504593
-0.073718,0.245658,-0.502210
-0.077198,0.248516,-0.504650
-0.077505,0.243308,-0.506834
-0.075995,0.243050,-0.495566
-0.076231,0.237256,-0.513395
-0.089137,0.249545,-0.509438
-0.085895,0.246610,-0.489483
-0.090657,0.251613,-0.505927
-0.095752,0.246286,-0.506054
-0.099484,0.238331,-0.506538
-0.108560,0.245220,-0.504463
-0.103537,0.240074,-0.504539
-0.106277,0.246611,-0.507593
-0.111578,0.251926,-0.506092
-0.114469,0.241442,-0.510960
-0.113338,0.234945,-0.497477
-0.116997,0.237812,-0.511756
-0.122510,0.229215,-0.513714
-0.138073,0.233937,-0.514851
-0.125699,0.233312,-0.516928
-0.141366,0.222559,-0.517008
-0.141895,0.215378,-0.532021
-0.141623,0.220752,-0.538005
-0.154460,0.218455,-0.528510
0.038921,0.170522,-0.576426
0.032433,0.172743,-0.585252
0.030046,0.177257,-0.568880
0.026229,0.168124,-0.570715
0.027130,0.168592,-0.569338
0.021418,0.174055,-0.567865
0.016344,0.179640,-0.570990
0.014685,0.175153,-0.568626
0.012076,0.177777,-0.567878
0.013457,0.176630,-0.571431
0.005654,0.167866,-0.574418
0.000700,0.175648,-0.564004
-0.003689,0.178890,-0.570131
-0.009824,0.178875,-0.561614
-0.005092,0.186377,-0.563323
-0.011743,0.183001,-0.557258
-0.002428,0.181572,-0.568188
-0.023926,0.185553,-0.551306
-0.026416,0.196718,-0.557878
-0.023600,0.210536,-0.543538
-0.033618,0.221017,-0.528441
-0.029538,0.228686,-0.517149
-0.041915,0.230457,-0.516330
-0.035469,0.233619,-0.509625
-0.034710,0.232047,-0.504001
-0.039581,0.238319,-0.502910
-0.052500,0.232915,-0.501844
-0.061813,0.241513,-0.495315
-0.054093,0.248120,-0.500471
-0.057298,0.247517,-0.499891
-0.071101,0.250050,-0.502444
-0.068723,0.247366,-0.497015
-0.067593,0.240407,-0.499990
-0.066031,0.250254,-0.501569
-0.071082,0.248999,-0.487080
-0.080761,0.240211,-0.494459
-0.070355,0.249099,-0.490935
-0.088096,0.252660,-0.493258
-0.087419,0.239914,-0.493571
-0.079798,0.240832,-0.487373
-0.099411,0.251908,-0.498154
-0.092893,0.237567,-0.506001
-0.099230,0.244437,-0.501319
-0.096366,0.244106,-0.502431
-0.106868,0.250855,-0.504389
-0.107087,0.244480,-0.505525
-0.117148,0.234768,-0.500187
-0.115524,0.235664,-0.510496
-0.130668,0.233827,-0.503978
-0.127698,0.233061,-0.510449
-0.124254,0.224750,-0.515212
-0.129020,0.229735,-0.507928
-0.135279,0.231200,-0.522386
-0.137746,0.222643,-0.530609
-0.134211,0.229801,-0.518672
-0.138675,0.208629,-0.524720
-0.150880,0.224421,-0.519805
-0.154358,0.211896,-0.527473
0.045015,0.170410,-0.582497
0.035815,0.157921,-0.570804
0.038145,0.167133,-0.563670
0.035762,0.166594,-0.574543
0.029717,0.165393,-0.573007
0.021510,0.167524,-0.567279
0.026762,0.166677,-0.570105
0.023655,0.173775,-0.563858
0.014623,0.176028,-0.555601
0.007310,0.183605,-0.562948
0.018854,0.167807,-0.561394
0.013545,0.178964,-0.556093
0.001537,0.175795,-0.565980
-0.006772,0.180461,-0.555525
0.000700,0.182988,-0.564747
-0.005276,0.177877,-0.555202
-0.007739,0.187332,-0.562072
-0.013062,0.186869,-0.565694
-0.020668,0.194405,-0.553495
-0.023415,0.193834,-0.539600
-0.023137,0.204764,-0.534275
-0.020559,0.223992,-0.514662
-0.030782,0.225916,-0.510606
-0.034654,0.223349,-0.510268
-0.037241,0.230987,-0.505181
-0.039282,0.228591,-0.505591
-0.046387,0.239039,-0.497452
-0.055132,0.232589,-0.504069
-0.042152,0.245208,-0.496370
-0.062413,0.244094,-0.494714
-0.055859,0.244287,-0.491912
-0.061581,0.236476,-0.494857
-0.058452,0.245086,-0.489764
-0.065184,0.244506,-0.495330
-0.073984,0.253613,-0.492643
-0.069153,0.252041,-0.490114
-0.078981,0.243865,-0.500237
-0.085722,0.245696,-0.487564
-0.092957,0.248503,-0.493470
-0.077558,0.257046,-0.493033
-0.089717,0.251946,-0.483931
-0.094411,0.243233,-0.487621
-0.099144,0.236734,-0.492512
-0.102593,0.234754,-0.499077
-0.108200,0.247206,-0.496920
-0.100979,0.247877,-0.493852
-0.110710,0.238337,-0.497955
-0.105443,0.238272,-0.499774
-0.119141,0.231405,-0.492212
-0.122154,0.240671,-0.512307
-0.119464,0.229074,-0.502519
-0.125079,0.233024,-0.498678
-0.128764,0.220858,-0.521240
-0.137075,0.233404,-0.518341
-0.141614,0.219180,-0.517873
-0.149140,0.223351,-0.525151
-0.133095,0.224135,-0.526355
-0.155050,0.214142,-0.510843
-0.156738,0.213186,-0.521547
-0.149508,0.206044,-0.527324
-0.159075,0.206700,-0.528514
0.036271,0.169322,-0.571753
0.038219,0.157470,-0.573002
0.043376,0.172915,-0.565369
0.035725,0.169951,-0.569584
0.023875,0.164967,-0.560552
0.029243,0.167149,-0.572601
0.021433,0.177219,-0.558168
0.017119,0.170913,-0.561146
0.014979,0.174837,-0.552945
0.008865,0.177578,-0.561696
0.008658,0.163166,-0.562293
0.001677,0.166560,-0.562468
0.006668,0.162170,-0.551563
-0.004998,0.168211,-0.550158
-0.008157,0.184382,-0.557589
-0.004967,0.181302,-0.562075
-0.016939,0.185417,-0.543132
-0.027709,0.180150,-0.550519
-0.020527,0.185246,-0.553681
-0.025589,0.191897,-0.528622
-0.022046,0.187226,-0.533895
-0.034624,0.219388,-0.519108
-0.031257,0.225144,-0.501006
-0.034120,0.218105,-0.516990
-0.028061,0.221141,-0.505573
-0.036515,0.233782,-0.501829
-0.039938,0.231220,-0.503571
-0.055057,0.244622,-0.497940
-0.059591,0.234833,-0.502147
-0.043845,0.229088,-0.499322
-0.064713,0.234744,-0.483802
-0.065958,0.247426,-0.498706
-0.066599,0.234725,-0.497858
-0.066213,0.243872,-0.491107
-0.071604,0.237743,-0.487720
-0.070918,0.240338,-0.485563
-0.075334,0.244639,-0.488152
-0.069155,0.247582,-0.491032
-0.091877,0.239259,-0.485314
-0.080597,0.237559,-0.498163
-0.096445,0.241501,-0.488768
-0.093386,0.240756,-0.479614
-0.101122,0.245002,-0.492068
-0.097027,0.237112,-0.497028
-0.109106,0.239805,-0.499255
-0.108382,0.234394,-0.503882
-0.111114,0.232491,-0.499799
-0.117835,0.224429,-0.507673
-0.126811,0.227472,-0.499572
-0.112436,0.234914,-0.503111
-0.109313,0.231091,-0.506275
-0.121965,0.229292,-0.504881
-0.129344,0.235314,-0.507224
-0.132436,0.229827,-0.514146
-0.138125,0.219285,-0.513070
-0.139772,0.229607,-0.517686
-0.147887,0.216391,-0.511088
-0.148414,0.227032,-0.511368
-0.149745,0.217816,-0.523086
-0.157489,0.220870,-0.522184
-0.158305,0.208758,-0.517353
-0.154837,0.211337,-0.517214
-0.166519,0.209400,-0.530607
0.040093,0.169020,-0.566291
0.037169,0.155964,-0.568797
0.031758,0.165912,-0.561961
0.035065,0.156629,-0.568782
0.032752,0.157374,-0.562225
0.033350,0.164145,-0.556809
0.022739,0.159481,-0.555111
0.021218,0.173676,-0.562530
0.013283,0.167917,-0.560478
0.018233,0.179294,-0.553595
0.005352,0.166783,-0.552564
-0.001531,0.159751,-0.552038
0.001970,0.164869,-0.555615
0.001230,0.182785,-0.546959
-0.007534,0.175401,-0.542864
-0.011298,0.181365,-0.544609
-0.007983,0.177266,-0.540339
-0.015931,0.186468,-0.539669
-0.014277,0.181197,-0.533611
-0.015944,0.199195,-0.537519
-0.022398,0.195010,-0.529920
-0.032851,0.203474,-0.512299
-0.031297,0.212814,-0.513866
-0.040249,0.222434,-0.512928
-0.042323,0.223498,-0.509016
-0.044664,0.226772,-0.501929
-0.051903,0.216327,-0.511140
-0.053244,0.228803,-0.493005
-0.055992,0.224719,-0.488740
-0.047403,0.230927,-0.501968
-0.053102,0.224406,-0.498457
-0.053677,0.243230,-0.492351
-0.072164,0.240796,-0.489701
-0.067908,0.238106,-0.479608
-0.079301,0.233693,-0.495560
-0.071390,0.229926,-0.484698
-0.067616,0.238150,-0.489896
-0.084485,0.237851,-0.496422
-0.086435,0.236876,-0.498518
-0.084418,0.235209,-0.477736
-0.080622,0.246287,-0.484511
-0.092517,0.233385,-0.492845
-0.098756,0.245541,-0.489704
-0.101132,0.235758,-0.491034
-0.101985,0.240096,-0.492420
-0.107582,0.227971,-0.491363
-0.107249,0.226519,-0.500011
-0.101836,0.230583,-0.498566
-0.117227,0.226604,-0.501922
-0.131621,0.225642,-0.501203
-0.125270,0.225580,-0.499759
-0.123514,0.222298,-0.507364
-0.126506,0.228677,-0.506889
-0.135070,0.222719,-0.497824
-0.143137,0.217549,-0.504155
-0.142480,0.228316,-0.503389
-0.139258,0.224215,-0.510120
-0.151495,0.216966,-0.510459
-0.158562,0.209600,-0.512232
-0.152978,0.209741,-0.523656
-0.151357,0.222049,-0.518409
-0.164220,0.213236,-0.508961
-0.159704,0.202067,-0.517784
-0.167952,0.219416,-0.508376
-0.172538,0.206644,-0.520035
-0.175252,0.220933,-0.515501
-0.182645,0.212719,-0.511000
0.054720,0.161723,-0.567390
0.036940,0.163576,-0.562112
0.040928,0.155502,-0.565737
0.043965,0.163714,-0.551422
0.036568,0.156364,-0.548962
0.033867,0.163754,-0.555903
0.022215,0.163790,-0.565913
0.016678,0.166715,-0.561258
0.014449,0.171952,-0.547150
0.006828,0.161435,-0.553070
0.011036,0.179074,-0.549094
0.010895,0.170330,-0.545476
-0.000290,0.186592,-0.551445
-0.003280,0.175396,-0.547244
-0.005019,0.179801,-0.548905
-0.014533,0.180102,-0.547317
-0.012087,0.179207,-0.539591
-0.009782,0.187088,-0.542053
-0.015197,0.181471,-0.532865
-0.022790,0.196945,-0.527809
-0.020318,0.203341,-0.510501
-0.025375,0.216074,-0.520776
-0.026269,0.212123,-0.503101
-0.030803,0.219227,-0.506911
-0.038788,0.221248,-0.503021
-0.046096,0.227381,-0.498874
-0.047542,0.220161,-0.493606
-0.056332,0.222457,-0.493887
-0.055518,0.223345,-0.492989
-0.057293,0.223371,-0.497846
-0.054036,0.236611,-0.491220
-0.052552,0.229799,-0.492875
-0.067958,0.225995,-0.495690
-0.061826,0.231509,-0.486592
-0.068323,0.243573,-0.479138
-0.074529,0.234562,-0.485465
-0.075579,0.231341,-0.482761
-0.089126,0.234283,-0.476377
-0.075409,0.230318,-0.488160
-0.085668,0.237161,-0.479815
-0.090008,0.242220,-0.494957
-0.097200,0.235829,-0.485209
-0.103478,0.227738,-0.498233
-0.107855,0.231956,-0.488790
-0.106629,0.230269,-0.497595
-0.117225,0.237043,-0.492361
-0.112455,0.216764,-0.495544
-0.113054,0.221588,-0.497577
-0.114279,0.226085,-0.497020
-0.115840,0.229510,-0.501340
-0.121727,0.228246,-0.495802
-0.126478,0.221260,-0.497083
-0.134987,0.216317,-0.506338
-0.139499,0.209930,-0.501974
-0.131381,0.224768,-0.493704
-0.138136,0.210726,-0.499857
-0.138444,0.211748,-0.506008
-0.145367,0.212395,-0.509467
-0.147378,0.206594,-0.506250
-0.150020,0.212873,-0.515359
-0.160988,0.218801,-0.513776
-0.162026,0.213856,-0.515419
-0.159914,0.209904,-0.504010
-0.164548,0.210127,-0.508818
-0.168052,0.216310,-0.509173
-0.177906,0.210294,-0.518918
-0.178922,0.210332,-0.510760
-0.176254,0.217488,-0.513098
-0.180071,0.210083,-0.503528
-0.191336,0.213504,-0.511471
-0.197448,0.223583,-0.507133
0.050092,0.149649,-0.562232
0.046734,0.151235,-0.562168
0.032641,0.151491,-0.558794
0.039715,0.156026,-0.549507
0.030959,0.155500,-0.563027
0.027095,0.164477,-0.555903
0.029021,0.160194,-0.545099
0.015269,0.168327,-0.550435
0.022714,0.166433,-0.546156
0.016679,0.170058,-0.544958
0.009696,0.164832,-0.547711
0.005345,0.167042,-0.546060
0.008950,0.179102,-0.541649
0.004624,0.176419,-0.548498
-0.004264,0.165480,-0.545359
-0.010915,0.180512,-0.537557
-0.007124,0.181872,-0.538072
-0.016501,0.178420,-0.529384
-0.019475,0.185483,-0.530733
-0.018466,0.193359,-0.527564
-0.026333,0.193641,-0.533098
-0.032920,0.193137,-0.527139
-0.029962,0.192072,-0.513641
-0.039873,0.207295,-0.516280
-0.037563,0.207947,-0.497174
-0.042981,0.218620,-0.507268
-0.048904,0.214041,-0.492396
-0.051369,0.217113,-0.501971
-0.044266,0.230160,-0.493785
-0.052606,0.211038,-0.490612
-0.051227,0.225426,-0.500680
-0.060409,0.230415,-0.486684
-0.059559,0.229492,-0.488304
-0.065251,0.219440,-0.493997
-0.063228,0.221534,-0.501331
-0.066529,0.233360,-0.490047
-0.066369,0.226972,-0.485188
-0.075697,0.232833,-0.481960
-0.073462,0.230827,-0.484317
-0.079039,0.237715,-0.494451
-0.089258,0.227796,-0.485080
-0.090091,0.234098,-0.480387
-0.096441,0.228424,-0.483138
-0.101591,0.227916,-0.490065
-0.103704,0.224941,-0.494188
-0.101844,0.230514,-0.492864
-0.102800,0.223334,-0.491234
-0.103279,0.230328,-0.498065
-0.120587,0.225741,-0.493538
-0.118262,0.217792,-0.492948
-0.126295,0.219830,-0.495248
-0.125155,0.226256,-0.495241
-0.120477,0.225427,-0.505537
-0.125234,0.214659,-0.494649
-0.136962,0.220171,-0.502420
-0.134242,0.210146,-0.495035
-0.138925,0.217437,-0.508638
-0.139616,0.218129,-0.497936
-0.148893,0.216879,-0.502408
-0.150831,0.217819,-0.500952
-0.145404,0.208830,-0.512010
-0.141977,0.207215,-0.503805
-0.157076,0.219717,-0.500719
-0.163387,0.212350,-0.500138
-0.163495,0.217633,-0.505096
-0.176075,0.218904,-0.491667
-0.174214,0.211177,-0.508482
-0.174155,0.217426,-0.497662
-0.182034,0.222210,-0.499764
-0.182059,0.221662,-0.499363
-0.184264,0.218098,-0.498987
-0.192852,0.214346,-0.506233
-0.186156,0.219738,-0.501907
-0.205552,0.219935,-0.500015
-0.194029,0.219692,-0.502045
-0.196926,0.223899,-0.501764
-0.199572,0.220308,-0.487213
0.042325,0.141653,-0.563996
0.038438,0.150615,-0.549547
0.034354,0.156658,-0.561919
0.038592,0.158946,-0.554644
0.031095,0.151396,-0.555835
0.035678,0.162516,-0.545308
0.027126,0.158154,-0.561485
0.023156,0.156989,-0.549363
0.017704,0.164616,-0.543612
0.018522,0.171523,-0.554488
0.013394,0.164999,-0.543912
0.008464,0.174391,-0.544904
0.019384,0.160388,-0.544395
0.002273,0.181427,-0.547738
-0.002822,0.185419,-0.542378
0.001086,0.173093,-0.541474
-0.016823,0.179933,-0.531560
-0.007349,0.182439,-0.534279
-0.017256,0.180565,-0.527690
-0.017823,0.192486,-0.529761
-0.025106,0.190945,-0.514313
-0.014816,0.195993,-0.524038
-0.039607,0.199190,-0.513516
-0.029767,0.209461,-0.515548
-0.037850,0.217724,-0.498913
-0.039419,0.207341,-0.502244
-0.040639,0.208480,-0.486025
-0.046571,0.222690,-0.497293
-0.046605,0.209930,-0.495083
-0.048971,0.208077,-0.487566
-0.049111,0.213853,-0.501079
-0.051538,0.225825,-0.492997
-0.062399,0.227577,-0.486322
-0.063699,0.220695,-0.480848
-0.067844,0.223234,-0.483286
-0.067690,0.226423,-0.496117
-0.079817,0.218436,-0.477283
-0.078073,0.230836,-0.482653
-0.075844,0.227751,-0.475828
-0.087049,0.227915,-0.485785
-0.091856,0.230579,-0.501624
-0.080916,0.230564,-0.489139
-0.088976,0.236200,-0.479676
-0.090957,0.226627,-0.487100
-0.099913,0.220781,-0.488173
-0.109463,0.225566,-0.488756
-0.106150,0.223114,-0.486999
-0.103605,0.222665,-0.496035
-0.123864,0.223378,-0.479213
-0.112266,0.222484,-0.497197
-0.111383,0.223523,-0.492739
-0.132654,0.214971,-0.486502
-0.121689,0.226030,-0.496384
-0.128268,0.217078,-0.497256
-0.139594,0.216087,-0.496841
-0.141757,0.215514,-0.494185
-0.147639,0.219092,-0.492291
-0.141860,0.217657,-0.497827
-0.145650,0.214552,-0.498227
-0.151828,0.205972,-0.504428
-0.145021,0.210989,-0.491606
-0.149886,0.216417,-0.494298
-0.162810,0.215953,-0.497558
-0.175676,0.217847,-0.501482
-0.171518,0.208843,-0.501883
-0.163710,0.213032,-0.504447
-0.174810,0.219459,-0.491066
-0.170182,0.217868,-0.503346
-0.178964,0.216823,-0.489028
-0.189455,0.217628,-0.498643
-0.184807,0.221236,-0.490727
-0.191520,0.212340,-0.487799
-0.190685,0.219729,-0.495899
-0.197602,0.228667,-0.491384
-0.201525,0.220294,-0.492204
-0.208573,0.224588,-0.484959
-0.206456,0.216961,-0.484036
-0.220871,0.218526,-0.493073
-0.205593,0.225457,-0.490616
-0.202315,0.223538,-0.491165
-0.221121,0.222094,-0.484678
-0.230259,0.235051,-0.485857
0.046310,0.147719,-0.554062
0.040580,0.143293,-0.565474
0.053622,0.151283,-0.556599
0.040677,0.145105,-0.556309
0.034918,0.155621,-0.558841
0.029165,0.157207,-0.543754
0.021588,0.164449,-0.551973
0.025550,0.166162,-0.539738
0.029998,0.161249,-0.543672
0.015608,0.169185,-0.543224
0.002435,0.165031,-0.539858
0.003109,0.170601,-0.539547
-0.000819,0.166714,-0.528263
0.006116,0.174473,-0.531942
-0.000049,0.167055,-0.544043
-0.003702,0.183952,-0.531091
-0.014963,0.176534,-0.540640
-0.016660,0.178122,-0.526582
-0.018604,0.188134,-0.531282
-0.021558,0.181833,-0.519069
-0.025709,0.189124,-0.523733
-0.029557,0.197145,-0.521718
-0.027505,0.190645,-0.510928
-0.028636,0.211256,-0.507832
-0.040620,0.196005,-0.509609
-0.032246,0.206330,-0.507318
-0.029487,0.211592,-0.505420
-0.049742,0.204397,-0.489919
-0.046880,0.210159,-0.495735
-0.052476,0.215107,-0.500444
-0.059578,0.222521,-0.495314
-0.057046,0.221619,-0.495015
-0.067716,0.220857,-0.496904
-0.068747,0.226098,-0.483415
-0.065264,0.219275,-0.477323
-0.071995,0.217184,-0.489110
-0.071332,0.218064,-0.484915
-0.074551,0.228505,-0.478525
-0.079456,0.221262,-0.487659
-0.083866,0.228448,-0.486662
-0.092598,0.224256,-0.487046
-0.083171,0.225246,-0.483744
-0.090619,0.217044,-0.482603
-0.101768,0.221951,-0.488288
-0.108601,0.222873,-0.480295
-0.104182,0.219336,-0.487613
-0.115218,0.214474,-0.486355
-0.108713,0.213164,-0.491462
-0.118343,0.216519,-0.475959
-0.113390,0.219578,-0.491492
-0.115369,0.222590,-0.488584
-0.119202,0.212867,-0.492711
-0.128366,0.217126,-0.484898
-0.129085,0.227121,-0.490524
-0.124920,0.219152,-0.493724
-0.127299,0.221270,-0.490731
-0.127590,0.214806,-0.479612
-0.142581,0.213901,-0.490349
-0.144484,0.209820,-0.490476
-0.148357,0.217036,-0.490246
-0.147352,0.211229,-0.493147
-0.157763,0.218889,-0.495803
-0.151885,0.203298,-0.493424
-0.168726,0.220673,-0.491100
-0.170780,0.210142,-0.490619
-0.179056,0.213565,-0.494201
-0.176882,0.212895,-0.491168
-0.176870,0.214578,-0.485756
-0.180938,0.219021,-0.497437
-0.181232,0.216727,-0.493407
-0.186894,0.212903,-0.494887
-0.182003,0.210004,-0.475046
-0.189995,0.232973,-0.479805
-0.192553,0.228315,-0.485034
-0.201137,0.229464,-0.485859
-0.202240,0.225094,-0.480177
-0.203726,0.237052,-0.491013
-0.202490,0.233256,-0.482418
-0.209245,0.226438,-0.473880
-0.218355,0.230579,-0.486512
-0.218345,0.222161,-0.483976
-0.218038,0.214943,-0.493557
-0.226031,0.212780,-0.493921
-0.226784,0.211665,-0.498006
0.042002,0.141052,-0.552410
0.043508,0.149840,-0.551122
0.047494,0.154346,-0.549520
0.040252,0.146097,-0.548004
0.040683,0.153868,-0.553616
0.030588,0.150351,-0.547684
0.022901,0.156791,-0.547116
0.030027,0.168770,-0.544097
0.008700,0.156445,-0.548924
0.015441,0.157346,-0.540855
0.012973,0.156944,-0.536721
0.004594,0.164388,-0.525152
0.009033,0.156518,-0.528591
0.007558,0.175325,-0.527947
0.003368,0.176081,-0.532326
0.005271,0.167442,-0.529307
-0.008107,0.180748,-0.528883
-0.015405,0.185415,-0.533079
-0.016575,0.182626,-0.520713
-0.019503,0.184565,-0.515335
-0.018784,0.190163,-0.510430
-0.022060,0.195988,-0.510233
-0.026534,0.197723,-0.507885
-0.040983,0.208901,-0.502127
-0.038026,0.192942,-0.503733
-0.030126,0.194749,-0.507783
-0.044137,0.206884,-0.491407
-0.048844,0.205996,-0.494971
-0.050233,0.201838,-0.491739
-0.055303,0.213784,-0.484701
-0.061183,0.211906,-0.489126
-0.067561,0.210431,-0.499098
-0.061868,0.210094,-0.481732
-0.065043,0.213005,-0.488422
-0.065501,0.223343,-0.493109
-0.070708,0.220806,-0.487064
-0.080282,0.221027,-0.478145
-0.079791,0.218455,-0.486589
-0.084086,0.220170,-0.479450
-0.088315,0.223506,-0.484151
-0.088846,0.221424,-0.479471
-0.085983,0.224383,-0.480101
-0.092871,0.216516,-0.483108
-0.090750,0.222732,-0.480574
-0.107438,0.211587,-0.495982
-0.105873,0.214558,-0.485757
-0.105820,0.210720,-0.490755
-0.117551,0.216954,-0.493545
-0.111237,0.213234,-0.490140
-0.119047,0.216602,-0.484002
-0.120720,0.206502,-0.487540
-0.122280,0.208590,-0.500021
-0.128957,0.207661,-0.489552
-0.139087,0.224330,-0.488285
-0.133657,0.206134,-0.483577
-0.140242,0.218628,-0.492804
-0.138821,0.211033,-0.495070
-0.151661,0.215385,-0.491937
-0.149047,0.211528,-0.491060
-0.149707,0.203443,-0.482057
-0.159126,0.213737,-0.488564
-0.161806,0.208023,-0.499398
-0.160989,0.203545,-0.496213
-0.163039,0.204170,-0.484123
-0.176153,0.211510,-0.493869
-0.172758,0.215014,-0.490329
-0.170332,0.219017,-0.486206
-0.175928,0.221207,-0.484330
-0.187737,0.214886,-0.477127
-0.194820,0.227894,-0.485801
-0.180613,0.221255,-0.488338
-0.186445,0.218443,-0.485701
-0.192836,0.222856,-0.480559
-0.191401,0.231655,-0.466452
-0.201303,0.234140,-0.484450
-0.193453,0.224545,-0.476934
-0.210820,0.229987,-0.482528
-0.201213,0.219479,-0.483505
-0.217186,0.232705,-0.474707
-0.214632,0.231492,-0.473266
-0.220717,0.220323,-0.479435
-0.218583,0.209525,-0.496678
-0.223306,0.209487,-0.491855
-0.232035,0.206680,-0.494531
0.050087,0.145440,-0.553936
0.041175,0.148489,-0.554872
0.032290,0.139407,-0.547714
0.042331,0.144271,-0.549014
0.038227,0.149699,-0.543308
0.024420,0.157602,-0.553627
0.020725,0.163677,-0.540771
0.020166,0.159451,-0.544935
0.026378,0.162717,-0.536082
0.007907,0.168555,-0.527798
0.009965,0.167201,-0.531670
0.011343,0.168909,-0.534679
0.002139,0.167519,-0.533162
0.014110,0.164483,-0.525986
0.008253,0.174430,-0.528095
0.000696,0.174483,-0.515615
-0.005490,0.183053,-0.515103
0.002580,0.177816,-0.519450
-0.016524,0.183054,-0.513014
-0.016952,0.178565,-0.513598
-0.017956,0.182092,-0.511314
-0.018256,0.189994,-0.508712
-0.034109,0.195135,-0.502040
-0.036328,0.194771,-0.498661
-0.028148,0.202235,-0.500955
-0.044066,0.194011,-0.491195
-0.044810,0.196805,-0.497338
-0.048471,0.202674,-0.495701
-0.047766,0.204705,-0.499305
-0.045787,0.218714,-0.489368
-0.054450,0.208392,-0.484948
-0.064103,0.209651,-0.492248
-0.056043,0.208887,-0.483497
-0.071306,0.208955,-0.480856
-0.066874,0.213065,-0.482840
-0.061349,0.213216,-0.478635
-0.071990,0.213843,-0.475211
-0.072698,0.217200,-0.479422
-0.087002,0.227445,-0.482348
-0.083715,0.218818,-0.482402
-0.087762,0.215222,-0.484375
-0.084338,0.222421,-0.483192
-0.091455,0.217906,-0.477100
-0.102349,0.218055,-0.488329
-0.101364,0.215930,-0.481918
-0.104559,0.210879,-0.475362
-0.102128,0.214729,-0.482848
-0.100825,0.217236,-0.485563
-0.108063,0.207266,-0.481059
-0.110826,0.211525,-0.474050
-0.129554,0.215078,-0.482363
-0.126051,0.207432,-0.486634
-0.133770,0.210301,-0.481115
-0.133194,0.208340,-0.485722
-0.131829,0.211084,-0.489829
-0.137053,0.213609,-0.479828
-0.146826,0.206857,-0.483735
-0.144390,0.213463,-0.494787
-0.148963,0.214465,-0.492729
-0.147877,0.209768,-0.471049
-0.158187,0.209867,-0.488056
-0.154739,0.203656,-0.480988
-0.160147,0.210486,-0.487131
-0.169877,0.214649,-0.487715
-0.156800,0.209554,-0.485927
-0.169042,0.217672,-0.484958
-0.171363,0.217506,-0.481684
-0.176981,0.219592,-0.477857
-0.184675,0.219347,-0.478526
-0.184677,0.217310,-0.473509
-0.183398,0.212797,-0.477084
-0.185188,0.221332,-0.474520
-0.193278,0.225157,-0.482183
-0.194587,0.224581,-0.469814
-0.199364,0.230485,-0.480204
-0.196528,0.228791,-0.479385
-0.209822,0.222642,-0.469315
-0.205929,0.232334,-0.478829
-0.213503,0.234149,-0.474517
-0.210266,0.232537,-0.475896
-0.212310,0.217997,-0.477692
-0.224899,0.210970,-0.486749
-0.219495,0.202577,-0.483612
-0.228264,0.200125,-0.493692
-0.237053,0.185988,-0.503341
0.044861,0.143443,-0.547587
0.039553,0.144550,-0.538838
0.050101,0.146536,-0.549717
0.030070,0.149156,-0.540216
0.036928,0.150502,-0.537810
0.026008,0.143202,-0.548812
0.031960,0.156011,-0.539268
0.033422,0.154408,-0.531562
0.018154,0.157707,-0.544097
0.016411,0.157937,-0.522735
0.024103,0.164572,-0.534727
0.008530,0.162988,-0.529259
0.012484,0.161116,-0.528133
0.001763,0.155978,-0.517172
0.001736,0.170111,-0.526453
-0.000497,0.172087,-0.528030
-0.013065,0.173594,-0.522591
-0.001537,0.180764,-0.522219
-0.011267,0.169686,-0.512348
-0.009785,0.178673,-0.515594
-0.024013,0.190360,-0.505611
-0.016513,0.175395,-0.505423
-0.028115,0.184507,-0.501701
-0.029042,0.181012,-0.510756
-0.035766,0.193876,-0.505373
-0.031266,0.201470,-0.490300
-0.035608,0.193405,-0.493368
-0.044606,0.191855,-0.488780
-0.038452,0.197083,-0.492049
-0.052990,0.199234,-0.487963
-0.043841,0.203081,-0.486066
-0.051268,0.203681,-0.496448
-0.060198,0.201520,-0.484460
-0.067407,0.204805,-0.485116
-0.070621,0.209460,-0.474801
-0.072011,0.216413,-0.482374
-0.063228,0.215833,-0.481046
-0.072208,0.208648,-0.480783
-0.085927,0.223871,-0.482077
-0.086054,0.209486,-0.484712
-0.082206,0.209204,-0.474894
-0.085029,0.213254,-0.481389
-0.094698,0.216803,-0.475789
-0.102493,0.206046,-0.486312
-0.097167,0.213298,-0.482074
-0.107196,0.210832,-0.489244
-0.109206,0.210927,-0.477753
-0.107256,0.217624,-0.472415
-0.111687,0.218478,-0.470221
-0.115666,0.215144,-0.476402
-0.120957,0.209414,-0.481266
-0.119033,0.204073,-0.478657
-0.126702,0.209402,-0.488138
-0.132297,0.209935,-0.488869
-0.133965,0.212421,-0.484082
-0.123955,0.201735,-0.493108
-0.139467,0.207898,-0.491634
-0.134742,0.209095,-0.476818
-0.147005,0.210455,-0.489056
-0.147342,0.208054,-0.486389
-0.162295,0.214681,-0.474826
-0.141619,0.217214,-0.487904
-0.152888,0.201118,-0.478576
-0.157746,0.207310,-0.480228
-0.168518,0.207995,-0.480910
-0.167449,0.212849,-0.481997
-0.163378,0.218224,-0.474191
-0.173554,0.221510,-0.482864
-0.179065,0.226627,-0.475439
-0.177738,0.217444,-0.482296
-0.180790,0.217856,-0.477667
-0.185347,0.215526,-0.470408
-0.186889,0.224652,-0.471713
-0.191733,0.213718,-0.471525
-0.193283,0.224237,-0.466362
-0.184817,0.221449,-0.475165
-0.199279,0.217800,-0.470741
-0.199984,0.234917,-0.469973
-0.208961,0.226049,-0.465118
-0.215443,0.227188,-0.469472
-0.207313,0.223190,-0.471451
-0.218469,0.209003,-0.478019
-0.218714,0.208756,-0.481369
-0.227606,0.210010,-0.493378
-0.233922,0.196567,-0.487808
-0.235859,0.190061,-0.493671
0.059317,0.139622,-0.545755
0.050952,0.143531,-0.555491
0.039368,0.139453,-0.541890
0.038309,0.147949,-0.531115
0.030886,0.144809,-0.543119
0.047197,0.138607,-0.540087
0.026265,0.146222,-0.530407
0.026586,0.147393,-0.528408
0.031775,0.147567,-0.534397
0.012350,0.152485,-0.538203
0.011241,0.158334,-0.535239
0.001093,0.161858,-0.525290
0.010751,0.150258,-0.532530
0.001288,0.169711,-0.528207
0.003812,0.164317,-0.515135
-0.010564,0.172148,-0.518328
0.003259,0.165263,-0.515698
-0.015096,0.180117,-0.515121
-0.011528,0.182549,-0.520550
-0.018339,0.186533,-0.507440
-0.017818,0.185524,-0.502892
-0.029389,0.190658,-0.503297
-0.022651,0.192475,-0.499869
-0.023946,0.184829,-0.499297
-0.022159,0.188290,-0.497891
-0.030864,0.196224,-0.495836
-0.040695,0.195517,-0.496850
-0.046358,0.195455,-0.495295
-0.042293,0.197213,-0.492924
-0.043972,0.189586,-0.489579
-0.055335,0.196912,-0.492304
-0.058919,0.198144,-0.498309
-0.068425,0.198211,-0.487539
-0.061839,0.210251,-0.482245
-0.066928,0.202272,-0.483976
-0.070518,0.206624,-0.479191
-0.065930,0.205714,-0.479676
-0.078357,0.204043,-0.482011
-0.072425,0.207453,-0.480089
-0.089513,0.209391,-0.466962
-0.087062,0.208070,-0.479177
-0.081127,0.210999,-0.475275
-0.095959,0.211001,-0.470740
-0.091960,0.205054,-0.472222
-0.102542,0.205637,-0.482395
-0.105287,0.211006,-0.475983
-0.107912,0.209073,-0.483014
-0.107035,0.210404,-0.486918
-0.117431,0.202489,-0.477300
-0.120872,0.209104,-0.474338
-0.122335,0.203643,-0.479884
-0.117088,0.211678,-0.482079
-0.125322,0.195302,-0.480798
-0.118462,0.209148,-0.484722
-0.122293,0.203006,-0.481149
-0.131807,0.204739,-0.489292
-0.133768,0.201718,-0.475442
-0.152876,0.219543,-0.476254
-0.145321,0.214295,-0.480585
-0.143781,0.205294,-0.484560
-0.153886,0.201777,-0.471759
-0.163595,0.198793,-0.482135
-0.154144,0.210382,-0.477023
-0.158380,0.206464,-0.476191
-0.171921,0.207738,-0.482556
-0.164480,0.210852,-0.472229
-0.167206,0.212985,-0.473772
-0.175055,0.212207,-0.471563
-0.173600,0.215706,-0.472574
-0.181086,0.214157,-0.479389
-0.174683,0.224734,-0.467102
-0.183152,0.225011,-0.474665
-0.185137,0.215338,-0.466577
-0.196999,0.222166,-0.470024
-0.200991,0.219008,-0.468215
-0.202099,0.215961,-0.458262
-0.202549,0.221588,-0.462103
-0.203161,0.224239,-0.461427
-0.215029,0.226959,-0.461697
-0.210791,0.213179,-0.464058
-0.208990,0.219134,-0.466152
-0.214353,0.204976,-0.470278
-0.223123,0.203054,-0.497057
-0.224894,0.195647,-0.485638
-0.234341,0.193819,-0.493413
-0.233936,0.187635,-0.500882
0.046056,0.136237,-0.542065
0.055481,0.143976,-0.557455
0.038073,0.152589,-0.539311
0.046975,0.133020,-0.533846
0.037906,0.138064,-0.543648
0.032126,0.144862,-0.532920
0.026886,0.149505,-0.536749
0.023031,0.154088,-0.537407
0.030080,0.153903,-0.532579
0.021808,0.152510,-0.526658
0.005155,0.147265,-0.526607
0.009058,0.148838,-0.523016
0.009808,0.162307,-0.515661
-0.000473,0.165955,-0.520305
-0.004566,0.163752,-0.521442
0.006015,0.173874,-0.507379
-0.004098,0.167525,-0.514575
-0.013144,0.170488,-0.508282
-0.007118,0.167283,-0.505566
-0.014643,0.179057,-0.504119
-0.015195,0.189710,-0.508526
-0.016932,0.184766,-0.498926
-0.027459,0.179940,-0.503579
-0.025521,0.191172,-0.488373
-0.039928,0.183348,-0.496785
-0.041161,0.193944,-0.501628
-0.043935,0.197213,-0.492689
-0.038892,0.187370,-0.494041
-0.037828,0.202240,-0.488954
-0.048115,0.202854,-0.486132
-0.047676,0.201767,-0.487927
-0.060659,0.198382,-0.485694
-0.067545,0.201839,-0.487604
-0.053456,0.205161,-0.470269
-0.062975,0.199338,-0.479585
-0.062827,0.200808,-0.475848
-0.070990,0.202289,-0.478628
-0.081989,0.205790,-0.477681
-0.081483,0.214376,-0.477665
-0.081013,0.213263,-0.468620
-0.081293,0.207173,-0.482950
-0.086420,0.210923,-0.477288
-0.094748,0.209201,-0.478023
-0.098288,0.198423,-0.470859
-0.104086,0.197339,-0.479220
-0.095318,0.209614,-0.474834
-0.106464,0.204649,-0.480865
-0.109334,0.211518,-0.490492
-0.110414,0.207644,-0.477247
-0.116974,0.204466,-0.475910
-0.117571,0.208495,-0.467664
-0.121621,0.212046,-0.477937
-0.120352,0.203614,-0.464813
-0.125957,0.211224,-0.479046
-0.128075,0.208687,-0.476035
-0.138086,0.204691,-0.482523
-0.140875,0.213905,-0.465638
-0.148262,0.206540,-0.469576
-0.148390,0.210516,-0.472427
-0.143452,0.209754,-0.474915
-0.148120,0.208953,-0.462438
-0.156372,0.208264,-0.469966
-0.157585,0.207992,-0.471405
-0.159330,0.216997,-0.476831
-0.159133,0.211151,-0.469353
-0.160374,0.210562,-0.480031
-0.169760,0.205460,-0.471529
-0.172037,0.213866,-0.468711
-0.180814,0.217623,-0.475897
-0.185701,0.221536,-0.470811
-0.185233,0.212264,-0.469094
-0.184261,0.212410,-0.463688
-0.195744,0.217906,-0.471980
-0.193784,0.220978,-0.448011
-0.204745,0.215530,-0.469033
-0.201538,0.222412,-0.466500
-0.197315,0.224599,-0.461600
-0.198755,0.233454,-0.462157
-0.207242,0.238230,-0.458026
-0.221743,0.217513,-0.470072
-0.225025,0.208490,-0.479798
-0.226351,0.199768,-0.476896
-0.218216,0.204153,-0.474407
-0.222999,0.203399,-0.482575
-0.231960,0.181933,-0.495136
-0.232990,0.190330,-0.505085
0.049223,0.133558,-0.546442
0.043039,0.132757,-0.547329
0.043327,0.134696,-0.536083
0.044371,0.140270,-0.535908
0.047779,0.138032,-0.530356
0.036005,0.136003,-0.525463
0.031891,0.141823,-0.531932
0.034710,0.152125,-0.523408
0.030925,0.153990,-0.517404
0.020541,0.143356,-0.524874
0.010553,0.156635,-0.522815
0.009309,0.152061,-0.514179
0.010907,0.147196,-0.515857
0.005097,0.164808,-0.519171
-0.000149,0.170100,-0.513135
-0.002951,0.158798,-0.522023
-0.008927,0.169869,-0.501263
-0.008863,0.166108,-0.513957
-0.012947,0.171261,-0.508024
-0.003070,0.172170,-0.497237
-0.016630,0.183476,-0.505541
-0.030458,0.185712,-0.498209
-0.032428,0.175121,-0.487364
-0.026322,0.183438,-0.492672
-0.026681,0.192257,-0.490491
-0.032322,0.196043,-0.491167
-0.045465,0.196306,-0.490351
-0.041684,0.195314,-0.486054
-0.044413,0.187751,-0.483476
-0.052101,0.197462,-0.483276
-0.057552,0.192330,-0.485861
-0.048770,0.190008,-0.488561
-0.077361,0.191628,-0.479854
-0.056251,0.196431,-0.475872
-0.071437,0.204202,-0.480340
-0.064731,0.203154,-0.481059
-0.068259,0.198506,-0.479449
-0.076960,0.198962,-0.481980
-0.074042,0.215409,-0.471322
-0.084028,0.204622,-0.477721
-0.079448,0.207234,-0.471615
-0.095585,0.199159,-0.474168
-0.090167,0.199109,-0.467680
-0.087161,0.204526,-0.467876
-0.099976,0.211009,-0.476510
-0.105381,0.203325,-0.460898
-0.108246,0.212019,-0.477038
-0.109238,0.195606,-0.484486
-0.111124,0.193624,-0.469610
-0.112712,0.201668,-0.475003
-0.121304,0.194478,-0.475493
-0.116760,0.205637,-0.471428
-0.124959,0.207255,-0.475738
-0.130131,0.193903,-0.470893
-0.136317,0.207646,-0.480415
-0.132537,0.208501,-0.478947
-0.129458,0.202626,-0.464816
-0.142323,0.192794,-0.479194
-0.137198,0.207177,-0.464361
-0.135732,0.204918,-0.473578
-0.157131,0.215833,-0.470963
-0.145673,0.197984,-0.471868
-0.163464,0.214748,-0.464653
-0.157747,0.203786,-0.470424
-0.167622,0.200836,-0.460722
-0.174699,0.209649,-0.467720
-0.168248,0.200650,-0.466340
-0.172431,0.208986,-0.462314
-0.175955,0.219055,-0.462211
-0.177064,0.213972,-0.467648
-0.185644,0.214244,-0.461400
-0.184183,0.222585,-0.452057
-0.191354,0.218052,-0.459563
-0.193507,0.221412,-0.458180
-0.199646,0.223213,-0.459190
-0.203475,0.211622,-0.456289
-0.206779,0.225369,-0.461003
-0.208055,0.230841,-0.455531
-0.207065,0.226712,-0.463810
-0.211483,0.211464,-0.470395
-0.221755,0.220418,-0.464869
-0.210579,0.204894,-0.472139
-0.221212,0.199946,-0.474949
-0.232226,0.185193,-0.494792
-0.227018,0.187346,-0.495589
-0.217890,0.186763,-0.501942
-0.235212,0.181623,-0.501250
0.046449,0.129582,-0.541363
0.043642,0.126974,-0.543168
0.039008,0.131492,-0.541538
0.043100,0.133598,-0.522968
0.028563,0.135077,-0.545514
0.037122,0.127286,-0.533569
0.025387,0.138275,-0.530388
0.021876,0.138519,-0.523472
0.024473,0.147799,-0.524818
0.007761,0.141062,-0.515457
0.019068,0.156377,-0.521884
0.006546,0.151036,-0.522035
0.004688,0.162434,-0.511932
0.008681,0.154552,-0.507797
0.001446,0.161515,-0.503402
-0.005377,0.162792,-0.508755
0.002359,0.169515,-0.502260
-0.021500,0.168879,-0.503417
-0.015358,0.172731,-0.497603
-0.014613,0.178082,-0.504203
-0.018465,0.184102,-0.496798
-0.025579,0.181047,-0.487897
-0.027908,0.180572,-0.487921
-0.033279,0.187105,-0.492408
-0.035469,0.180261,-0.489193
-0.029939,0.189922,-0.480659
-0.033332,0.193007,-0.488002
-0.042920,0.189530,-0.486622
-0.041651,0.199835,-0.484990
-0.050533,0.191095,-0.475834
-0.058326,0.196860,-0.483371
-0.061366,0.187488,-0.479693
-0.056203,0.190775,-0.475303
-0.065375,0.199760,-0.479327
-0.064690,0.192898,-0.477252
-0.068441,0.211328,-0.477217
-0.069259,0.199150,-0.471259
-0.078428,0.202237,-0.472268
-0.077112,0.206258,-0.473761
-0.084830,0.195437,-0.474186
-0.088954,0.203265,-0.472552
-0.079501,0.201726,-0.465674
-0.096597,0.207851,-0.473693
-0.096717,0.212869,-0.466813
-0.092834,0.203620,-0.465617
-0.101814,0.210252,-0.470916
-0.126090,0.200374,-0.458705
-0.111465,0.211277,-0.463111
-0.102423,0.200858,-0.484611
-0.113227,0.206844,-0.472996
-0.116128,0.203613,-0.465814
-0.116688,0.208346,-0.470880
-0.119380,0.202007,-0.468681
-0.126610,0.195193,-0.464816
-0.134006,0.203493,-0.470403
-0.126316,0.202098,-0.466267
-0.138500,0.202576,-0.469538
-0.136634,0.196826,-0.466857
-0.138125,0.200170,-0.464415
-0.146606,0.204593,-0.468152
-0.147944,0.201451,-0.479637
-0.149801,0.210514,-0.459788
-0.165922,0.202750,-0.457801
-0.156454,0.198696,-0.467886
-0.159556,0.213629,-0.467757
-0.168759,0.199704,-0.458388
-0.169594,0.207320,-0.458982
-0.172587,0.205821,-0.457717
-0.170711,0.208633,-0.465939
-0.176548,0.215751,-0.462812
-0.182447,0.214722,-0.463708
-0.190730,0.215905,-0.455460
-0.191829,0.208800,-0.461329
-0.198997,0.217669,-0.455314
-0.188010,0.220747,-0.462764
-0.202637,0.214436,-0.448936
-0.204780,0.221709,-0.455118
-0.201873,0.216121,-0.459660
-0.208921,0.213620,-0.463384
-0.203389,0.205934,-0.462366
-0.212400,0.205530,-0.461977
-0.217344,0.198733,-0.476143
-0.224241,0.189356,-0.475341
-0.230509,0.181656,-0.477701
-0.239390,0.183614,-0.476881
-0.235392,0.171783,-0.489793
-0.240786,0.169796,-0.500048
0.052416,0.127685,-0.543680
0.046539,0.128226,-0.536692
0.045359,0.130989,-0.530158
0.038433,0.138965,-0.535871
0.043071,0.131508,-0.526512
0.037288,0.135197,-0.522995
0.037797,0.144967,-0.519132
0.030309,0.139922,-0.523946
0.027106,0.137167,-0.518494
0.016705,0.144676,-0.515923
0.006822,0.153676,-0.514786
0.011550,0.157719,-0.518248
0.008968,0.158887,-0.515489
0.006828,0.157037,-0.502107
0.002185,0.161124,-0.503888
0.004994,0.163514,-0.504453
-0.005084,0.169159,-0.494918
-0.012852,0.165542,-0.493500
-0.012814,0.161368,-0.496439
-0.011380,0.177953,-0.493533
-0.018351,0.173160,-0.485521
-0.025797,0.185443,-0.484660
-0.025497,0.185045,-0.482975
-0.032972,0.187629,-0.487746
-0.021157,0.185335,-0.480290
-0.030745,0.187119,-0.481610
-0.030755,0.190869,-0.481385
-0.043282,0.192308,-0.485246
-0.048816,0.181048,-0.483483
-0.040659,0.188081,-0.473791
-0.055712,0.186886,-0.483838
-0.060370,0.191672,-0.483893
-0.055570,0.186742,-0.475432
-0.066247,0.194243,-0.479078
-0.070439,0.199117,-0.482168
-0.068070,0.202018,-0.479820
-0.069055,0.189208,-0.466906
-0.077221,0.186398,-0.467232
-0.077393,0.198502,-0.463104
-0.074735,0.203136,-0.462622
-0.097104,0.200837,-0.465635
-0.086015,0.195614,-0.465019
-0.095438,0.196514,-0.470779
-0.094941,0.210889,-0.468960
-0.097942,0.190803,-0.471910
-0.104737,0.203286,-0.470427
-0.103148,0.206038,-0.462516
-0.108577,0.201676,-0.470594
-0.120728,0.195048,-0.465843
-0.113370,0.190534,-0.470539
-0.130380,0.199533,-0.470650
-0.120728,0.205254,-0.467022
-0.124638,0.204433,-0.473239
-0.121767,0.197326,-0.461726
-0.119598,0.210239,-0.466804
-0.132113,0.197697,-0.467075
-0.132678,0.209569,-0.461434
-0.141770,0.201969,-0.467770
-0.144872,0.198999,-0.472149
-0.147133,0.203960,-0.460990
-0.143419,0.197487,-0.461438
-0.144038,0.206219,-0.463602
-0.165488,0.189731,-0.459821
-0.167080,0.204907,-0.470846
-0.175467,0.201949,-0.459820
-0.165356,0.200346,-0.461761
-0.171115,0.206123,-0.463960
-0.170847,0.211038,-0.458480
-0.178168,0.211951,-0.452529
-0.176419,0.207921,-0.462746
-0.174435,0.209047,-0.453554
-0.190582,0.215527,-0.452350
-0.194360,0.211131,-0.449310
-0.192567,0.211600,-0.454300
-0.202891,0.221377,-0.451873
-0.200718,0.217340,-0.448362
-0.199353,0.212789,-0.449335
-0.210301,0.208042,-0.451213
-0.212375,0.201380,-0.456791
-0.206969,0.199755,-0.454489
-0.209242,0.201752,-0.468008
-0.225194,0.193684,-0.472965
-0.235871,0.188983,-0.482730
-0.232172,0.180637,-0.486018
-0.223198,0.182698,-0.494044
-0.233206,0.171931,-0.501760
-0.243636,0.165975,-0.494296
0.057573,0.135809,-0.531215
0.056153,0.131476,-0.533606
0.046635,0.136540,-0.529141
0.036810,0.137357,-0.535496
0.035282,0.137672,-0.520221
0.042099,0.141615,-0.526056
0.036595,0.135596,-0.518619
0.033745,0.134757,-0.517990
0.017503,0.143531,-0.526930
0.019503,0.152526,-0.507519
0.010466,0.147883,-0.512973
0.017356,0.152824,-0.508701
0.016219,0.154858,-0.498298
-0.000034,0.159854,-0.510612
0.003270,0.152914,-0.503204
-0.004065,0.156341,-0.503451
-0.013511,0.157434,-0.504238
-0.004803,0.165878,-0.486264
-0.007480,0.165114,-0.494070
-0.021411,0.173349,-0.485269
-0.022541,0.176093,-0.479514
-0.020433,0.181149,-0.490674
-0.013804,0.172364,-0.486160
-0.026444,0.169908,-0.489356
-0.032671,0.179346,-0.473063
-0.033135,0.181761,-0.478710
-0.035905,0.182471,-0.478072
-0.047659,0.191283,-0.479236
-0.050851,0.193700,-0.484138
-0.043140,0.184031,-0.475638
-0.053908,0.188348,-0.475587
-0.065261,0.185388,-0.477709
-0.062894,0.184092,-0.469458
-0.056052,0.188455,-0.469496
-0.062937,0.183217,-0.475251
-0.071415,0.198369,-0.473721
-0.078365,0.199812,-0.468205
-0.075457,0.194104,-0.471275
-0.070555,0.193810,-0.465958
-0.079184,0.199257,-0.458453
-0.082684,0.199251,-0.464365
-0.087157,0.191370,-0.462595
-0.091015,0.192541,-0.459370
-0.094473,0.197155,-0.468875
-0.103345,0.190718,-0.468008
-0.096998,0.200448,-0.463228
-0.107586,0.196846,-0.467234
-0.104411,0.195574,-0.458129
-0.110493,0.196404,-0.449985
-0.115813,0.195600,-0.465883
-0.115373,0.192390,-0.462374
-0.116771,0.199823,-0.467012
-0.118571,0.197167,-0.466234
-0.134831,0.202728,-0.459518
-0.128424,0.196336,-0.457253
-0.132473,0.194086,-0.465674
-0.125139,0.206576,-0.461724
-0.132685,0.202256,-0.464131
-0.150815,0.201679,-0.466505
-0.145153,0.208717,-0.459815
-0.153865,0.203319,-0.459080
-0.162270,0.212928,-0.466158
-0.163455,0.209116,-0.466064
-0.162036,0.197220,-0.452384
-0.161933,0.209246,-0.455049
-0.163816,0.197841,-0.457705
-0.180957,0.202180,-0.462843
-0.168397,0.210319,-0.455572
-0.179024,0.213834,-0.450685
-0.169729,0.220783,-0.460843
-0.179903,0.213916,-0.453298
-0.189562,0.203049,-0.450934
-0.181294,0.211180,-0.457829
-0.186068,0.208433,-0.440068
-0.197470,0.227082,-0.449908
-0.203208,0.214083,-0.455457
-0.199151,0.214024,-0.453696
-0.211037,0.218988,-0.448906
-0.210157,0.209062,-0.449747
-0.211731,0.196752,-0.457947
-0.207153,0.192404,-0.468771
-0.224756,0.196257,-0.467235
-0.232511,0.183054,-0.472186
-0.223596,0.185462,-0.476414
-0.229564,0.172086,-0.484316
-0.235127,0.173490,-0.489602
-0.240375,0.165264,-0.495491
0.058910,0.111838,-0.547488
0.042288,0.117676,-0.530441
0.044121,0.122111,-0.534789
0.039663,0.134391,-0.519730
0.040608,0.126348,-0.527139
0.034514,0.129093,-0.520652
0.027726,0.125241,-0.520092
0.027054,0.130440,-0.522450
0.024452,0.139827,-0.507909
0.026192,0.143417,-0.518779
0.015925,0.150320,-0.517400
0.018457,0.145996,-0.518919
0.012435,0.150818,-0.506894
0.006456,0.156189,-0.502649
0.008284,0.150610,-0.492817
0.000522,0.154730,-0.500779
0.003314,0.166601,-0.493746
-0.008631,0.167187,-0.501465
-0.017960,0.160575,-0.499054
-0.013479,0.171182,-0.485137
-0.018438,0.172333,-0.489904
-0.018989,0.175931,-0.487681
-0.021424,0.181500,-0.491534
-0.025381,0.175118,-0.482465
-0.029176,0.174510,-0.473620
-0.023812,0.174832,-0.474057
-0.034226,0.176822,-0.481243
-0.039633,0.181198,-0.486182
-0.043404,0.176945,-0.469912
-0.045238,0.192951,-0.477696
-0.052693,0.188144,-0.479430
-0.054903,0.190168,-0.467596
-0.051168,0.181904,-0.470847
-0.070306,0.183995,-0.471202
-0.059326,0.190039,-0.474829
-0.061491,0.185662,-0.459526
-0.073315,0.200648,-0.462359
-0.069939,0.188835,-0.469894
-0.077299,0.195359,-0.465974
-0.079332,0.189419,-0.463192
-0.078792,0.200367,-0.460574
-0.087044,0.197779,-0.465908
-0.082980,0.195193,-0.469270
-0.089814,0.199634,-0.459734
-0.101246,0.190165,-0.469358
-0.100281,0.204849,-0.460537
-0.102364,0.200963,-0.455725
-0.111360,0.190476,-0.465243
-0.106816,0.201180,-0.457205
-0.107207,0.200115,-0.462328
-0.114023,0.195038,-0.455869
-0.120940,0.190947,-0.457276
-0.127558,0.192223,-0.462501
-0.131131,0.195838,-0.458669
-0.124549,0.203274,-0.457853
-0.127320,0.193203,-0.452040
-0.135518,0.203551,-0.455799
-0.136634,0.202448,-0.459616
-0.141155,0.203076,-0.462576
-0.140616,0.197689,-0.462900
-0.149474,0.191907,-0.456488
-0.146163,0.200355,-0.453519
-0.159606,0.204087,-0.456831
-0.160037,0.211307,-0.457048
-0.159736,0.200064,-0.457079
-0.166978,0.201214,-0.455086
-0.160893,0.208938,-0.453368
-0.175506,0.200278,-0.461479
-0.165913,0.210542,-0.445870
-0.174464,0.206487,-0.453204
-0.191416,0.197904,-0.454176
-0.186791,0.205863,-0.452051
-0.185640,0.202158,-0.458258
-0.189466,0.219704,-0.451088
-0.195499,0.212901,-0.455381
-0.200863,0.221970,-0.447238
-0.197559,0.217861,-0.436661
-0.202982,0.216535,-0.439842
-0.215250,0.208065,-0.443343
-0.211214,0.193460,-0.450602
-0.214376,0.200015,-0.458483
-0.218209,0.196949,-0.477797
-0.221381,0.180443,-0.469681
-0.225296,0.171322,-0.480230
-0.222733,0.175532,-0.480898
-0.227340,0.165761,-0.493827
-0.241586,0.164844,-0.490904
-0.226010,0.164455,-0.497920
0.053680,0.124177,-0.537316
0.052276,0.118532,-0.522299
0.049862,0.123217,-0.532661
0.042606,0.131844,-0.530150
0.045250,0.119179,-0.513016
0.030501,0.135267,-0.523399
0.042168,0.140209,-0.513235
0.031983,0.137366,-0.515958
0.030653,0.136437,-0.519793
0.020763,0.133049,-0.507739
0.017075,0.137410,-0.506343
0.017942,0.151401,-0.503196
0.008455,0.150879,-0.502757
0.004941,0.138806,-0.499810
-0.001169,0.150353,-0.489163
0.000369,0.153436,-0.495937
-0.004434,0.161961,-0.495170
-0.006092,0.158896,-0.494384
-0.016534,0.157220,-0.486851
-0.004295,0.161476,-0.480087
-0.021080,0.164497,-0.480167
-0.021808,0.165971,-0.479093
-0.015953,0.168123,-0.478031
-0.023500,0.169889,-0.471905
-0.014677,0.170533,-0.470746
-0.035079,0.182371,-0.475504
-0.032853,0.185127,-0.469516
-0.042889,0.185085,-0.480494
-0.045490,0.170593,-0.473418
-0.031786,0.184074,-0.479629
-0.047984,0.186206,-0.465044
-0.055670,0.180454,-0.464919
-0.058667,0.188473,-0.469317
-0.060616,0.198037,-0.475159
-0.063989,0.183715,-0.466706
-0.060858,0.190985,-0.460036
-0.063781,0.186212,-0.451724
-0.073706,0.193896,-0.466023
-0.064963,0.195786,-0.451254
-0.078299,0.193361,-0.465895
-0.087697,0.187408,-0.467390
-0.081626,0.182532,-0.449945
-0.092493,0.193065,-0.462869
-0.084907,0.199935,-0.455982
-0.097777,0.193948,-0.453625
-0.098234,0.198771,-0.445011
-0.102926,0.192514,-0.447906
-0.112421,0.187883,-0.461248
-0.108416,0.189655,-0.460810
-0.115741,0.199382,-0.453062
-0.114645,0.197590,-0.449449
-0.115310,0.195350,-0.459601
-0.124026,0.193509,-0.458680
-0.119095,0.192950,-0.455260
-0.116807,0.200502,-0.452109
-0.152586,0.193978,-0.450183
-0.133907,0.199272,-0.455618
-0.137241,0.197143,-0.455221
-0.142041,0.197363,-0.451176
-0.145587,0.197452,-0.457641
-0.145656,0.203211,-0.455055
-0.142994,0.203269,-0.455521
-0.148113,0.198637,-0.458809
-0.164446,0.199557,-0.451284
-0.163138,0.198530,-0.460629
-0.168633,0.193258,-0.448324
-0.166974,0.201143,-0.456018
-0.171351,0.198497,-0.453949
-0.176486,0.196622,-0.449447
-0.171222,0.197075,-0.442668
-0.173514,0.197726,-0.452880
-0.178998,0.197409,-0.446432
-0.188166,0.199767,-0.445542
-0.185745,0.209555,-0.445926
-0.187406,0.211262,-0.447240
-0.194847,0.208655,-0.439707
-0.198270,0.205367,-0.439529
-0.193780,0.212411,-0.448695
-0.203797,0.209641,-0.454620
-0.213114,0.197313,-0.451967
-0.207767,0.192713,-0.455236
-0.216422,0.183642,-0.470990
-0.216898,0.186444,-0.467935
-0.215321,0.177478,-0.472852
-0.229237,0.175277,-0.477581
-0.239785,0.174912,-0.491120
-0.239353,0.162379,-0.492626
-0.237440,0.150372,-0.497402
0.052523,0.116060,-0.530271
0.046482,0.109799,-0.521930
0.054819,0.126873,-0.520076
0.040591,0.120436,-0.513186
0.033003,0.132741,-0.514874
0.046738,0.131849,-0.522832
0.027782,0.136779,-0.515082
0.029309,0.134020,-0.519230
0.024186,0.138988,-0.517483
0.023556,0.141897,-0.501552
0.014051,0.136992,-0.502899
0.011382,0.144304,-0.507825
0.002694,0.141979,-0.490043
0.010806,0.151549,-0.505993
-0.001682,0.158977,-0.494818
0.000485,0.165509,-0.493557
0.002441,0.156858,-0.485748
-0.001266,0.153313,-0.480938
-0.007071,0.162669,-0.480880
-0.002764,0.164891,-0.478846
-0.008762,0.166625,-0.484338
-0.020468,0.162405,-0.473656
-0.018477,0.168139,-0.470128
-0.025053,0.170491,-0.481562
-0.021249,0.172457,-0.472644
-0.027666,0.176352,-0.475699
-0.037423,0.172833,-0.473834
-0.027445,0.173461,-0.474844
-0.054547,0.176014,-0.460039
-0.047733,0.183085,-0.465639
-0.049011,0.187029,-0.458489
-0.057642,0.181405,-0.469578
-0.060826,0.190142,-0.469257
-0.052178,0.187891,-0.464159
-0.064180,0.187872,-0.454979
-0.068143,0.191694,-0.456681
-0.072029,0.190377,-0.459816
-0.072521,0.174980,-0.461454
-0.074741,0.187418,-0.463172
-0.078878,0.192447,-0.458336
-0.083963,0.193259,-0.461940
-0.090069,0.188737,-0.456120
-0.086499,0.195225,-0.454992
-0.077085,0.187925,-0.458993
-0.098570,0.197771,-0.465301
-0.095357,0.188775,-0.446484
-0.097953,0.198412,-0.459022
-0.104046,0.195466,-0.449962
-0.105466,0.187085,-0.456108
-0.108895,0.194063,-0.447055
-0.120038,0.186668,-0.460610
-0.112772,0.188366,-0.449590
-0.112086,0.194728,-0.451808
-0.110391,0.195896,-0.457969
-0.122551,0.194953,-0.459614
-0.130938,0.199180,-0.453968
-0.139153,0.193691,-0.453314
-0.140377,0.198571,-0.457595
-0.140044,0.195255,-0.445374
-0.139849,0.198327,-0.449357
-0.147397,0.205088,-0.444679
-0.154688,0.202479,-0.457524
-0.150259,0.187361,-0.452943
-0.154407,0.201172,-0.448851
-0.153703,0.198035,-0.446134
-0.166857,0.184410,-0.453033
-0.163652,0.197277,-0.457588
-0.178872,0.192312,-0.442715
-0.169930,0.213555,-0.452792
-0.180983,0.198669,-0.454919
-0.170609,0.198246,-0.448517
-0.181455,0.208849,-0.445623
-0.185103,0.205201,-0.450648
-0.189199,0.207496,-0.437753
-0.195200,0.211408,-0.449024
-0.184778,0.208464,-0.445422
-0.204000,0.208779,-0.443873
-0.195592,0.214163,-0.449801
-0.199584,0.203805,-0.450075
-0.203935,0.195001,-0.453257
-0.204613,0.195557,-0.463425
-0.216511,0.191515,-0.462258
-0.221651,0.178833,-0.471665
-0.218140,0.183735,-0.469988
-0.234157,0.166538,-0.474472
-0.234190,0.163206,-0.488473
-0.231444,0.167568,-0.486134
-0.233800,0.141970,-0.494818
0.057671,0.116662,-0.522751
0.055468,0.107138,-0.520337
0.040682,0.114065,-0.522358
0.041357,0.123240,-0.510816
0.041248,0.124072,-0.520165
0.039852,0.129390,-0.516663
0.038143,0.128913,-0.510528
0.021785,0.134758,-0.516885
0.027686,0.130050,-0.502124
0.020372,0.143498,-0.507266
0.022987,0.134259,-0.506332
0.023305,0.146343,-0.500748
0.012475,0.146477,-0.497820
0.014247,0.144799,-0.489414
0.015744,0.151734,-0.494129
-0.002928,0.154935,-0.473831
-0.005632,0.155410,-0.488720
-0.005752,0.158209,-0.477551
-0.006175,0.160438,-0.478754
-0.004203,0.160036,-0.483236
-0.012585,0.164469,-0.469967
-0.023485,0.166107,-0.478576
-0.023058,0.165269,-0.476265
-0.022566,0.167316,-0.465600
-0.025724,0.168189,-0.466659
-0.024827,0.163865,-0.473991
-0.028315,0.176324,-0.467724
-0.049844,0.167745,-0.466620
-0.040503,0.186987,-0.470497
-0.046722,0.179165,-0.464205
-0.043166,0.180961,-0.474270
-0.047957,0.175529,-0.455704
-0.062060,0.176003,-0.465372
-0.059611,0.179687,-0.467631
-0.060964,0.178329,-0.449230
-0.076013,0.188959,-0.462852
-0.069121,0.191938,-0.458523
-0.076351,0.189492,-0.456644
-0.080043,0.190970,-0.452314
-0.081792,0.178358,-0.456733
-0.081927,0.190250,-0.461034
-0.085709,0.186068,-0.454831
-0.081968,0.187442,-0.452312
-0.096828,0.194561,-0.443918
-0.094556,0.188371,-0.458037
-0.105026,0.185727,-0.446741
-0.104389,0.196394,-0.448159
-0.101265,0.182946,-0.458914
-0.106998,0.184467,-0.449842
-0.110449,0.185094,-0.452526
-0.113540,0.196867,-0.451175
-0.109654,0.193644,-0.449089
-0.120648,0.198314,-0.453904
-0.117473,0.183509,-0.453619
-0.122460,0.190269,-0.454894
-0.131353,0.190618,-0.442754
-0.137478,0.200176,-0.455401
-0.139213,0.192629,-0.440695
-0.140585,0.195149,-0.455628
-0.142436,0.190439,-0.444204
-0.152635,0.197025,-0.448867
-0.144513,0.192499,-0.444849
-0.154763,0.202146,-0.448394
-0.167043,0.196887,-0.442609
-0.156621,0.193684,-0.454663
-0.169070,0.197214,-0.447953
-0.175836,0.193706,-0.445178
-0.165438,0.191070,-0.450771
-0.177094,0.197528,-0.450442
-0.171315,0.190624,-0.451647
-0.171868,0.197167,-0.449080
-0.175635,0.198996,-0.435260
-0.189902,0.193328,-0.444705
-0.192229,0.204836,-0.450556
-0.185542,0.201094,-0.437324
-0.193118,0.195667,-0.445738
-0.197532,0.215885,-0.444943
-0.195917,0.202035,-0.447186
-0.197456,0.197090,-0.446478
-0.217311,0.196227,-0.452924
-0.208118,0.176290,-0.455943
-0.218494,0.183342,-0.464664
-0.231775,0.173886,-0.470709
-0.231402,0.174197,-0.474697
-0.233099,0.170688,-0.473180
-0.241265,0.159439,-0.481282
-0.234191,0.161033,-0.494814
-0.240165,0.147439,-0.494068
0.060352,0.106107,-0.517267
0.040898,0.109957,-0.517689
0.049187,0.112890,-0.525765
0.041431,0.119572,-0.515231
0.038125,0.130194,-0.517500
0.040797,0.121548,-0.513497
0.037482,0.116760,-0.500079
0.025282,0.129665,-0.505688
0.031051,0.134494,-0.501875
0.014378,0.132483,-0.503053
0.020116,0.141052,-0.501948
0.019982,0.134090,-0.495619
0.014703,0.149738,-0.496091
0.011857,0.144320,-0.496719
0.006427,0.148747,-0.483843
0.002430,0.151922,-0.481378
-0.000469,0.148215,-0.488905
-0.002349,0.149386,-0.479881
-0.000492,0.150736,-0.484859
-0.012704,0.161270,-0.482746
-0.014097,0.164319,-0.481700
-0.021473,0.167271,-0.480584
-0.028435,0.171333,-0.478687
-0.027326,0.175306,-0.473425
-0.027144,0.179119,-0.466249
-0.030470,0.168595,-0.467131
-0.033107,0.173427,-0.470354
-0.037401,0.161594,-0.463906
-0.036343,0.174290,-0.463809
-0.049612,0.175447,-0.455257
-0.054564,0.169055,-0.468938
-0.049936,0.176223,-0.464366
-0.055781,0.174207,-0.457028
-0.064665,0.181279,-0.458403
-0.062498,0.189597,-0.451667
-0.056207,0.181957,-0.450527
-0.065788,0.189415,-0.460398
-0.075824,0.190000,-0.454969
-0.068946,0.178776,-0.451488
-0.080373,0.181825,-0.448412
-0.077429,0.188796,-0.453978
-0.084910,0.180935,-0.452516
-0.090713,0.184880,-0.450803
-0.083596,0.181867,-0.463633
-0.095242,0.192059,-0.444814
-0.096870,0.190335,-0.447011
-0.102487,0.183888,-0.449336
-0.092291,0.201605,-0.450097
-0.109941,0.193033,-0.448491
-0.103227,0.191009,-0.443593
-0.103264,0.193396,-0.456001
-0.117509,0.196374,-0.445672
-0.124894,0.184915,-0.450081
-0.119510,0.189918,-0.448395
-0.121744,0.186733,-0.450420
-0.136202,0.191012,-0.444754
-0.129095,0.189909,-0.442604
-0.140718,0.190391,-0.451836
-0.137489,0.188472,-0.447877
-0.149692,0.194677,-0.439599
-0.141925,0.191723,-0.443595
-0.155420,0.197493,-0.455255
-0.149554,0.196836,-0.445158
-0.153395,0.187123,-0.441344
-0.159236,0.194874,-0.446672
-0.163376,0.194756,-0.453132
-0.174860,0.194226,-0.444133
-0.169311,0.194335,-0.437627
-0.168191,0.204456,-0.445483
-0.183277,0.193760,-0.447304
-0.173903,0.190029,-0.433743
-0.182463,0.198693,-0.441529
-0.178397,0.202700,-0.428145
-0.184081,0.192569,-0.442569
-0.206549,0.196388,-0.432381
-0.203524,0.210247,-0.435408
-0.191666,0.200612,-0.439069
-0.197161,0.202082,-0.447403
-0.205018,0.194389,-0.446149
-0.213206,0.194319,-0.449178
-0.213612,0.184656,-0.458372
-0.217517,0.177857,-0.463699
-0.218365,0.170812,-0.465485
-0.228243,0.166044,-0.470358
-0.228870,0.161569,-0.471854
-0.231980,0.149431,-0.485536
-0.236999,0.145428,-0.483559
-0.247273,0.138721,-0.493257
0.053169,0.115646,-0.517377
0.052479,0.109960,-0.518519
0.038235,0.114022,-0.519955
0.047021,0.112651,-0.513860
0.042087,0.118884,-0.506339
0.033906,0.125365,-0.504624
0.030744,0.120238,-0.503281
0.030357,0.117309,-0.509233
0.022964,0.141496,-0.499455
0.025279,0.136787,-0.499080
0.022273,0.144322,-0.501409
0.017578,0.141245,-0.489347
0.015285,0.134532,-0.486082
0.003554,0.146299,-0.487610
0.003586,0.149244,-0.482097
0.006165,0.150818,-0.483822
0.001298,0.150239,-0.469464
-0.005857,0.155561,-0.480459
-0.008528,0.159606,-0.468195
-0.004288,0.157078,-0.486794
-0.027500,0.155076,-0.473616
-0.020228,0.164289,-0.477627
-0.030645,0.168379,-0.474371
-0.016361,0.163542,-0.463173
-0.029009,0.169671,-0.470086
-0.026445,0.165476,-0.466815
-0.030284,0.169413,-0.461655
-0.047732,0.182819,-0.459391
-0.040683,0.163871,-0.461974
-0.045576,0.168820,-0.464370
-0.054813,0.174984,-0.454758
-0.041418,0.176087,-0.462820
-0.050003,0.179792,-0.463232
-0.056491,0.182523,-0.441030
-0.066517,0.187082,-0.446851
-0.059902,0.176251,-0.459707
-0.060396,0.185289,-0.459304
-0.069023,0.177783,-0.454266
-0.080396,0.188901,-0.449191
-0.077512,0.180758,-0.443227
-0.073545,0.173797,-0.449918
-0.083155,0.183419,-0.436841
-0.088860,0.180664,-0.444318
-0.097764,0.182578,-0.451794
-0.092091,0.188832,-0.447184
-0.096668,0.175052,-0.441802
-0.091728,0.187337,-0.453470
-0.107364,0.182193,-0.442911
-0.100960,0.187818,-0.452042
-0.115238,0.173113,-0.446948
-0.114573,0.185326,-0.446655
-0.109356,0.180319,-0.434340
-0.120947,0.178832,-0.446242
-0.122925,0.181941,-0.444958
-0.134721,0.179665,-0.451441
-0.129710,0.193047,-0.451554
-0.132483,0.190475,-0.459175
-0.136603,0.190301,-0.446346
-0.136431,0.196136,-0.440993
-0.149044,0.185915,-0.441521
-0.139580,0.189635,-0.451387
-0.148229,0.189712,-0.441072
-0.156079,0.193771,-0.448882
-0.151405,0.185870,-0.440979
-0.159513,0.181638,-0.442967
-0.162310,0.191787,-0.433833
-0.176621,0.181041,-0.438619
-0.161710,0.193586,-0.441768
-0.168152,0.192204,-0.435082
-0.177760,0.187995,-0.444374
-0.174441,0.194105,-0.437816
-0.192143,0.192087,-0.439793
-0.192838,0.198415,-0.445302
-0.179257,0.205738,-0.435457
-0.186173,0.195290,-0.438191
-0.195203,0.212439,-0.437375
-0.201036,0.199066,-0.434999
-0.203062,0.200896,-0.440209
-0.208189,0.192230,-0.438232
-0.218521,0.187529,-0.443372
-0.211133,0.191303,-0.459280
-0.223833,0.173192,-0.460032
-0.226525,0.172201,-0.469703
-0.224843,0.161973,-0.465975
-0.222483,0.147304,-0.473552
-0.230986,0.156590,-0.471796
-0.230653,0.143287,-0.495554
-0.238963,0.138549,-0.496169
0.053865,0.095554,-0.522336
0.048189,0.113063,-0.515943
0.051958,0.106437,-0.511439
0.042509,0.112660,-0.513671
0.033353,0.115914,-0.508418
0.038728,0.129716,-0.505379
0.027641,0.120104,-0.502291
0.031201,0.129237,-0.495181
0.022383,0.131601,-0.498386
0.023578,0.134307,-0.488383
0.022316,0.137574,-0.489126
0.012906,0.134204,-0.489084
0.006678,0.138556,-0.487556
0.002822,0.143601,-0.485750
0.004800,0.139794,-0.484949
-0.004146,0.143418,-0.482659
-0.001788,0.162146,-0.476617
-0.001862,0.156506,-0.476164
-0.009080,0.150928,-0.481165
-0.015145,0.155176,-0.468604
-0.016599,0.154520,-0.471333
-0.012458,0.161074,-0.470688
-0.022650,0.161111,-0.467059
-0.019945,0.158441,-0.460717
-0.032520,0.163122,-0.472580
-0.031700,0.168570,-0.458915
-0.033036,0.165482,-0.455791
-0.037069,0.163272,-0.456593
-0.047979,0.162705,-0.455887
-0.039092,0.179538,-0.458000
-0.055774,0.170929,-0.452446
-0.062215,0.176089,-0.448302
-0.057764,0.164908,-0.448091
-0.065432,0.170798,-0.447784
-0.067108,0.174531,-0.445488
-0.069742,0.183480,-0.445647
-0.074432,0.182688,-0.446034
-0.073735,0.173267,-0.449716
-0.064852,0.174775,-0.449285
-0.080751,0.183760,-0.451427
-0.081243,0.184746,-0.464940
-0.083775,0.184783,-0.452435
-0.081983,0.188153,-0.447882
-0.088997,0.183018,-0.445408
-0.097551,0.179704,-0.453228
-0.089802,0.186338,-0.442108
-0.102528,0.178831,-0.441113
-0.094141,0.184129,-0.450048
-0.102148,0.197405,-0.449624
-0.114226,0.181757,-0.431831
-0.115608,0.178339,-0.442882
-0.116378,0.181593,-0.455736
-0.118085,0.189335,-0.439440
-0.123680,0.186906,-0.442334
-0.130770,0.178762,-0.444168
-0.129867,0.190119,-0.442518
-0.142830,0.185808,-0.442663
-0.138521,0.189709,-0.439512
-0.139412,0.184419,-0.438077
-0.138785,0.186152,-0.440850
-0.140439,0.187185,-0.440926
-0.144742,0.184920,-0.436475
-0.150889,0.180205,-0.441985
-0.159114,0.192245,-0.442203
-0.161669,0.183309,-0.441773
-0.165188,0.196750,-0.444729
-0.166139,0.193229,-0.432968
-0.163971,0.190983,-0.437564
-0.176612,0.190537,-0.436421
-0.172074,0.193926,-0.439227
-0.185040,0.196705,-0.436045
-0.180347,0.181925,-0.426729
-0.186676,0.193173,-0.431354
-0.182698,0.189506,-0.432529
-0.198984,0.200165,-0.428789
-0.201660,0.198310,-0.435542
-0.194145,0.193089,-0.425330
-0.210094,0.195639,-0.430890
-0.201529,0.189090,-0.435575
-0.216526,0.175324,-0.459006
-0.205835,0.170636,-0.454259
-0.213356,0.178790,-0.458143
-0.221437,0.159660,-0.462425
-0.218549,0.151508,-0.468971
-0.234472,0.148899,-0.472049
-0.239407,0.147944,-0.476776
-0.240705,0.143901,-0.489930
-0.243866,0.140292,-0.488190
0.057352,0.094648,-0.521315
0.045927,0.105674,-0.511789
0.050114,0.108212,-0.508420
0.047576,0.115540,-0.495553
0.038644,0.113164,-0.499108
0.042977,0.114908,-0.505045
0.039921,0.117594,-0.494684
0.028723,0.130428,-0.500639
0.022773,0.129962,-0.488319
0.018529,0.130056,-0.484060
0.012720,0.134420,-0.485295
0.012360,0.130330,-0.486557
0.006131,0.140662,-0.483437
0.014689,0.145519,-0.485900
0.011613,0.133218,-0.480481
0.000968,0.148432,-0.482114
-0.007447,0.141720,-0.471470
-0.007562,0.147952,-0.485398
-0.009772,0.147832,-0.472740
-0.013595,0.153563,-0.464263
-0.013517,0.158677,-0.470753
-0.020603,0.155758,-0.468906
-0.025921,0.163156,-0.462301
-0.025833,0.165379,-0.456307
-0.031992,0.159745,-0.453175
-0.032948,0.169447,-0.464215
-0.034268,0.172101,-0.457889
-0.038763,0.168496,-0.469608
-0.043437,0.169955,-0.463444
-0.047756,0.166974,-0.458849
-0.045710,0.169338,-0.444318
-0.054098,0.170661,-0.447461
-0.055387,0.179168,-0.442078
-0.060503,0.169632,-0.448213
-0.062037,0.170091,-0.445328
-0.068406,0.179949,-0.455147
-0.072340,0.178178,-0.445260
-0.069938,0.172018,-0.439018
-0.069233,0.170550,-0.440055
-0.073871,0.188174,-0.445243
-0.077488,0.173808,-0.445464
-0.089105,0.183761,-0.446487
-0.081067,0.184408,-0.441492
-0.093344,0.178608,-0.438582
-0.090619,0.190196,-0.445232
-0.101516,0.181225,-0.443775
-0.104070,0.175510,-0.438155
-0.098127,0.178789,-0.438800
-0.100791,0.181001,-0.434066
-0.119153,0.183355,-0.435898
-0.107782,0.183685,-0.443448
-0.116805,0.185965,-0.439656
-0.120347,0.178870,-0.446995
-0.130072,0.179095,-0.445873
-0.125537,0.186387,-0.446267
-0.133495,0.184857,-0.431634
-0.136857,0.177094,-0.439880
-0.135252,0.180065,-0.442302
-0.141735,0.173850,-0.435544
-0.140723,0.192793,-0.436695
-0.153170,0.175869,-0.431036
-0.151326,0.176093,-0.443723
-0.157282,0.181446,-0.441993
-0.164041,0.182272,-0.433751
-0.165289,0.189860,-0.440032
-0.158807,0.190818,-0.438980
-0.163435,0.195859,-0.450233
-0.178554,0.188778,-0.437200
-0.174013,0.189450,-0.433169
-0.184789,0.196284,-0.431679
-0.178221,0.193518,-0.438739
-0.181285,0.191702,-0.425548
-0.183597,0.188550,-0.434691
-0.180211,0.187668,-0.432373
-0.192208,0.188006,-0.430367
-0.203138,0.192598,-0.423381
-0.196291,0.192538,-0.435662
-0.196414,0.183669,-0.431800
-0.208605,0.177300,-0.434295
-0.203794,0.178856,-0.441722
-0.201901,0.176305,-0.454536
-0.221177,0.169264,-0.446293
-0.223036,0.162631,-0.464534
-0.223797,0.160131,-0.459144
-0.233158,0.143959,-0.480036
-0.230395,0.140561,-0.473805
-0.238687,0.136016,-0.486480
-0.243334,0.135613,-0.491919
0.054840,0.104088,-0.511792
0.047184,0.091065,-0.503715
0.050902,0.108333,-0.505723
0.044256,0.092613,-0.511844
0.038135,0.107756,-0.502374
0.041677,0.119672,-0.490245
0.034801,0.122216,-0.494238
0.025852,0.124964,-0.492901
0.021585,0.121994,-0.482775
0.022518,0.125031,-0.495057
0.021180,0.126328,-0.492990
0.011089,0.127390,-0.481812
0.018711,0.135794,-0.482452
0.013540,0.142403,-0.474758
0.003213,0.144573,-0.479340
0.000085,0.133487,-0.468035
0.007910,0.148512,-0.478116
0.001982,0.151200,-0.471648
-0.013055,0.150774,-0.459019
-0.011330,0.149433,-0.463824
-0.017414,0.156877,-0.458312
-0.012613,0.155194,-0.455813
-0.020414,0.164130,-0.459246
-0.029153,0.154074,-0.461142
-0.026558,0.157725,-0.454648
-0.038695,0.166075,-0.449251
-0.034527,0.163414,-0.453586
-0.042030,0.172013,-0.450830
-0.047434,0.166954,-0.448454
-0.039109,0.159320,-0.454968
-0.050430,0.176679,-0.457670
-0.049693,0.167364,-0.461690
-0.053117,0.170638,-0.442190
-0.061898,0.184666,-0.451634
-0.064016,0.175038,-0.437358
-0.064201,0.167838,-0.442361
-0.062871,0.176527,-0.438697
-0.070940,0.176246,-0.445638
-0.075923,0.180053,-0.435654
-0.072676,0.161351,-0.433656
-0.084106,0.181870,-0.429944
-0.090698,0.172293,-0.431464
-0.081543,0.170639,-0.437102
-0.094774,0.171027,-0.430830
-0.097830,0.175277,-0.439935
-0.095704,0.183068,-0.431433
-0.105380,0.173376,-0.438014
-0.103943,0.176498,-0.433692
-0.106352,0.178703,-0.445548
-0.115549,0.177612,-0.434994
-0.110651,0.174904,-0.442583
-0.109624,0.178341,-0.437200
-0.111276,0.179414,-0.436980
-0.113409,0.174829,-0.430655
-0.126691,0.178505,-0.439860
-0.126353,0.181492,-0.443230
-0.124473,0.186563,-0.444579
-0.135153,0.181367,-0.439890
-0.144011,0.185308,-0.436559
-0.139253,0.182303,-0.435656
-0.146443,0.174786,-0.431216
-0.146524,0.182986,-0.431262
-0.161044,0.178769,-0.425699
-0.152577,0.188188,-0.430527
-0.160828,0.182056,-0.439703
-0.163085,0.175950,-0.432542
-0.161333,0.186629,-0.432916
-0.167905,0.180973,-0.430591
-0.172497,0.183588,-0.436392
-0.170261,0.196622,-0.419857
-0.188631,0.189519,-0.435501
-0.180836,0.187109,-0.423496
-0.190716,0.191123,-0.430423
-0.190608,0.188111,-0.427844
-0.192722,0.194445,-0.418596
-0.198778,0.197202,-0.427141
-0.206835,0.191321,-0.433543
-0.210599,0.190966,-0.428385
-0.196181,0.184859,-0.436477
-0.201035,0.184886,-0.444620
-0.214250,0.169542,-0.454458
-0.225173,0.158091,-0.449984
-0.222188,0.155644,-0.457227
-0.229001,0.148660,-0.455765
-0.228905,0.152130,-0.470214
-0.225109,0.140647,-0.479196
-0.241072,0.134637,-0.483344
-0.232932,0.126977,-0.477900
0.054037,0.091747,-0.516739
0.046057,0.096100,-0.521861
0.050957,0.103345,-0.507604
0.040647,0.104484,-0.499809
0.045631,0.114697,-0.495862
0.031995,0.114719,-0.494878
0.031951,0.118848,-0.493828
0.039112,0.119990,-0.484083
0.026789,0.117162,-0.487272
0.023896,0.132319,-0.483594
0.023933,0.134730,-0.476483
0.015298,0.124988,-0.479897
0.005367,0.135914,-0.472361
-0.007496,0.130260,-0.472539
0.005085,0.141893,-0.463480
0.002593,0.136587,-0.457350
-0.005590,0.139455,-0.467935
-0.004863,0.147133,-0.465793
-0.015551,0.150555,-0.460185
-0.004213,0.153632,-0.461769
-0.014185,0.153237,-0.453667
-0.018680,0.161229,-0.454737
-0.034269,0.160377,-0.452599
-0.028431,0.150840,-0.446891
-0.023319,0.168936,-0.447674
-0.028721,0.155505,-0.461532
-0.035877,0.171353,-0.448129
-0.031109,0.159868,-0.445111
-0.046269,0.162630,-0.443914
-0.047067,0.166549,-0.440199
-0.049016,0.173681,-0.454013
-0.043618,0.172704,-0.438948
-0.053946,0.173724,-0.441818
-0.049450,0.166762,-0.441621
-0.055095,0.171921,-0.445060
-0.062996,0.176266,-0.438777
-0.070772,0.173694,-0.439714
-0.067254,0.172381,-0.432656
-0.076455,0.173295,-0.445300
-0.079359,0.165205,-0.430397
-0.079360,0.179796,-0.452675
-0.080540,0.176325,-0.437553
-0.090429,0.175710,-0.437177
-0.093034,0.175734,-0.438011
-0.092299,0.174447,-0.438933
-0.102712,0.178410,-0.444412
-0.096354,0.182510,-0.436938
-0.099100,0.183325,-0.446884
-0.108044,0.178302,-0.439078
-0.112389,0.180914,-0.433582
-0.109437,0.169679,-0.427802
-0.116501,0.168674,-0.427457
-0.112978,0.168168,-0.438004
-0.123791,0.186534,-0.437294
-0.129995,0.189976,-0.434872
-0.135160,0.172429,-0.437389
-0.133050,0.183896,-0.430258
-0.136354,0.173941,-0.436880
-0.145203,0.175638,-0.433080
-0.135082,0.183276,-0.429216
-0.146412,0.172072,-0.440919
-0.149033,0.172865,-0.433217
-0.143785,0.181314,-0.428292
-0.152707,0.178176,-0.429172
-0.160891,0.189726,-0.427013
-0.163459,0.180704,-0.426729
-0.169594,0.186466,-0.431738
-0.170653,0.176082,-0.441505
-0.171146,0.180584,-0.431843
-0.181132,0.182023,-0.421140
-0.168017,0.190964,-0.428153
-0.181701,0.186151,-0.424365
-0.195697,0.193029,-0.428322
-0.185107,0.185429,-0.422083
-0.194296,0.190985,-0.426274
-0.201360,0.190692,-0.416087
-0.193273,0.190501,-0.428163
-0.199838,0.181925,-0.426711
-0.203102,0.171107,-0.438885
-0.204759,0.166303,-0.446509
-0.214303,0.173146,-0.447159
-0.208071,0.170349,-0.451482
-0.221719,0.145508,-0.453684
-0.232360,0.153611,-0.466331
-0.222248,0.148492,-0.480252
-0.229171,0.131855,-0.473464
-0.235230,0.131046,-0.473177
-0.244943,0.115111,-0.482362
0.046932,0.093567,-0.511668
0.048161,0.088219,-0.510379
0.051255,0.108603,-0.502004
0.035799,0.106322,-0.498701
0.038516,0.113090,-0.494961
0.044547,0.103245,-0.484663
0.044659,0.112378,-0.493709
0.030856,0.112381,-0.476753
0.034197,0.117094,-0.479684
0.024655,0.128398,-0.481003
0.024271,0.125575,-0.474163
0.018676,0.130263,-0.470553
0.014074,0.125788,-0.472397
0.000711,0.142339,-0.475016
0.008732,0.129703,-0.461188
0.001311,0.137253,-0.474519
0.000341,0.143191,-0.470441
-0.003173,0.144352,-0.457650
-0.010399,0.141732,-0.460405
-0.023714,0.149204,-0.453617
-0.011520,0.151555,-0.458280
-0.014614,0.159550,-0.457592
-0.012902,0.158828,-0.467026
-0.028660,0.153451,-0.446372
-0.032433,0.156631,-0.448363
-0.041903,0.156694,-0.438630
-0.042369,0.170687,-0.444586
-0.039831,0.161759,-0.444809
-0.049320,0.170855,-0.443456
-0.044116,0.174474,-0.443528
-0.061295,0.169431,-0.442906
-0.057547,0.174669,-0.438271
-0.059248,0.167370,-0.438804
-0.045575,0.168820,-0.443713
-0.061718,0.170605,-0.448193
-0.063265,0.160322,-0.434431
-0.072236,0.169566,-0.437996
-0.061090,0.162081,-0.435815
-0.069607,0.167194,-0.436442
-0.070892,0.172358,-0.430492
-0.075081,0.167380,-0.438590
-0.082644,0.169306,-0.431077
-0.082356,0.178734,-0.434124
-0.096188,0.171844,-0.435341
-0.094698,0.174786,-0.434566
-0.104972,0.170202,-0.437320
-0.104715,0.180709,-0.433774
-0.101708,0.174592,-0.431803
-0.102845,0.176237,-0.429727
-0.120799,0.179773,-0.433119
-0.108646,0.178160,-0.425853
-0.123026,0.183134,-0.428674
-0.119834,0.172258,-0.435185
-0.123208,0.174850,-0.430111
-0.130135,0.174292,-0.433510
-0.140488,0.183078,-0.432020
-0.132286,0.180004,-0.438591
-0.145229,0.180564,-0.426841
-0.131330,0.182081,-0.428575
-0.134722,0.176787,-0.422645
-0.141392,0.184538,-0.431228
-0.143703,0.180958,-0.433920
-0.147456,0.183264,-0.432121
-0.158752,0.165293,-0.425304
-0.164439,0.177567,-0.430156
-0.158708,0.179051,-0.428621
-0.169326,0.176116,-0.433826
-0.167955,0.189835,-0.423256
-0.171201,0.183855,-0.428669
-0.170380,0.183308,-0.435070
-0.171083,0.185211,-0.425171
-0.175009,0.186824,-0.418779
-0.179873,0.180395,-0.424526
-0.182459,0.189060,-0.419556
-0.188787,0.183846,-0.427629
-0.188340,0.188416,-0.423391
-0.194064,0.188099,-0.427177
-0.202307,0.177682,-0.427583
-0.216719,0.176355,-0.432850
-0.202572,0.161184,-0.442221
-0.215677,0.167545,-0.439217
-0.211711,0.154269,-0.457345
-0.213930,0.152733,-0.459148
-0.224902,0.155341,-0.451666
-0.226911,0.143082,-0.462878
-0.239600,0.131493,-0.473647
-0.225253,0.122713,-0.479091
-0.235105,0.127715,-0.475717
0.054536,0.086213,-0.509409
0.054383,0.089057,-0.496253
0.042888,0.101873,-0.499229
0.037494,0.103042,-0.497607
0.040986,0.107269,-0.491585
0.034477,0.112827,-0.480364
0.039079,0.122911,-0.481678
0.036395,0.119938,-0.485052
0.023835,0.119772,-0.483914
0.026123,0.124898,-0.478650
0.014349,0.123424,-0.475562
0.010916,0.131871,-0.479600
0.008913,0.131803,-0.473713
0.012500,0.131330,-0.463135
0.001843,0.140310,-0.471643
-0.000816,0.132753,-0.471835
-0.000677,0.142991,-0.453781
0.002164,0.144177,-0.461515
-0.008174,0.151593,-0.464271
-0.009756,0.147190,-0.459512
-0.018946,0.149564,-0.450875
-0.021292,0.150621,-0.453568
-0.029684,0.155249,-0.451631
-0.019613,0.161733,-0.450884
-0.036270,0.154873,-0.441733
-0.026187,0.155525,-0.437551
-0.033383,0.152907,-0.445143
-0.037498,0.156422,-0.437223
-0.042184,0.168889,-0.444028
-0.046546,0.159521,-0.444337
-0.055189,0.164818,-0.437821
-0.054518,0.164601,-0.445652
-0.058105,0.165490,-0.447552
-0.069257,0.167836,-0.434953
-0.070233,0.170307,-0.433756
-0.068525,0.174285,-0.438217
-0.068732,0.172173,-0.439263
-0.069860,0.168377,-0.441879
-0.069558,0.166157,-0.440898
-0.082356,0.176563,-0.439604
-0.082913,0.172404,-0.430193
-0.084992,0.172056,-0.431358
-0.080022,0.165707,-0.435192
-0.100737,0.166988,-0.440025
-0.088267,0.163893,-0.436304
-0.106306,0.172216,-0.427130
-0.103536,0.173761,-0.430077
-0.098706,0.172928,-0.427141
-0.110353,0.166562,-0.432845
-0.113138,0.178421,-0.429608
-0.117136,0.175511,-0.432821
-0.115854,0.178473,-0.428246
-0.115178,0.166529,-0.444486
-0.125451,0.179344,-0.431578
-0.134363,0.170877,-0.434244
-0.132600,0.183818,-0.427210
-0.134789,0.177774,-0.434185
-0.132371,0.174242,-0.422817
-0.143218,0.173376,-0.425750
-0.140895,0.177659,-0.427330
-0.144996,0.174789,-0.426263
-0.154669,0.174615,-0.433997
-0.153941,0.166753,-0.426496
-0.151665,0.179504,-0.422933
-0.164721,0.173253,-0.425772
-0.165375,0.176487,-0.426647
-0.168503,0.183337,-0.432782
-0.169369,0.179153,-0.423943
-0.165823,0.170830,-0.423988
-0.169816,0.180889,-0.430663
-0.174596,0.184644,-0.424759
-0.175514,0.185748,-0.420330
-0.184504,0.174601,-0.424212
-0.190878,0.184717,-0.423402
-0.187014,0.178980,-0.412644
-0.192582,0.185985,-0.419551
-0.194554,0.181929,-0.416497
-0.209283,0.172663,-0.430128
-0.206849,0.158859,-0.434997
-0.213518,0.155391,-0.437136
-0.215909,0.153222,-0.443472
-0.214071,0.164387,-0.447800
-0.213257,0.152540,-0.447971
-0.219514,0.142039,-0.459842
-0.231657,0.134437,-0.470528
-0.233294,0.129015,-0.472388
-0.232410,0.126666,-0.471974
-0.232353,0.123671,-0.482910
0.052554,0.087359,-0.500919
0.040319,0.090838,-0.501705
0.037259,0.096987,-0.497605
0.033554,0.098274,-0.485577
0.036736,0.100692,-0.488434
0.023893,0.100811,-0.478215
0.030779,0.110614,-0.490549
0.031464,0.116677,-0.476569
0.027510,0.115229,-0.471245
0.024109,0.116550,-0.458403
0.012020,0.132255,-0.470157
0.008164,0.119432,-0.466626
0.006931,0.134180,-0.464457
-0.000051,0.130490,-0.461624
-0.004957,0.137529,-0.466067
-0.006541,0.132640,-0.459357
-0.003400,0.137985,-0.456827
-0.013934,0.147935,-0.449918
-0.001342,0.141242,-0.454831
-0.017273,0.146301,-0.451451
-0.017075,0.144891,-0.458434
-0.022253,0.147990,-0.446880
-0.017370,0.145478,-0.449320
-0.032341,0.152634,-0.444184
-0.024063,0.157885,-0.442377
-0.035001,0.152909,-0.436858
-0.039431,0.158156,-0.445860
-0.040652,0.162036,-0.434305
-0.044529,0.159696,-0.435922
-0.043798,0.162874,-0.439404
-0.052230,0.166117,-0.441060
-0.057504,0.161837,-0.429721
-0.056876,0.166076,-0.441468
-0.073424,0.166185,-0.431507
-0.061741,0.166050,-0.427095
-0.072767,0.162631,-0.429919
-0.078073,0.168025,-0.424921
-0.066930,0.164781,-0.427808
-0.074304,0.165514,-0.431801
-0.087482,0.173229,-0.427206
-0.087021,0.168073,-0.424894
-0.091217,0.165444,-0.428787
-0.088965,0.172302,-0.426528
-0.089391,0.172437,-0.434016
-0.094405,0.171007,-0.430295
-0.096002,0.179456,-0.438741
-0.102382,0.168480,-0.430099
-0.113224,0.174543,-0.424826
-0.111180,0.167304,-0.428680
-0.123481,0.172900,-0.420517
-0.113253,0.164661,-0.429490
-0.113379,0.174423,-0.428495
-0.121419,0.177045,-0.424932
-0.135473,0.176504,-0.432148
-0.139685,0.180530,-0.420525
-0.134677,0.170863,-0.424125
-0.147966,0.172163,-0.429812
-0.143403,0.173358,-0.423279
-0.141739,0.163166,-0.416442
-0.153849,0.170532,-0.428222
-0.158945,0.180320,-0.422104
-0.154605,0.180925,-0.418693
-0.159469,0.172497,-0.422935
-0.157467,0.176349,-0.424424
-0.161930,0.179368,-0.425873
-0.171019,0.166634,-0.412120
-0.174570,0.166872,-0.423882
-0.177431,0.171740,-0.418427
-0.164359,0.172320,-0.417458
-0.185317,0.181699,-0.412453
-0.181177,0.173810,-0.409910
-0.182479,0.178955,-0.415923
-0.188362,0.189481,-0.415210
-0.201792,0.185356,-0.421582
-0.190940,0.181376,-0.411931
-0.198004,0.181071,-0.423500
-0.206921,0.167003,-0.432330
-0.217607,0.165444,-0.433862
-0.213460,0.160248,-0.436568
-0.211122,0.163244,-0.429164
-0.212030,0.152655,-0.446445
-0.221271,0.140706,-0.448143
-0.234773,0.145454,-0.456082
-0.226348,0.134604,-0.461250
-0.225555,0.123472,-0.470420
-0.236952,0.127470,-0.477438
-0.236336,0.116154,-0.478505
0.054263,0.078900,-0.498933
0.043284,0.094371,-0.492930
0.040842,0.090035,-0.485251
0.034311,0.105451,-0.486415
0.039275,0.106167,-0.486409
0.033838,0.099240,-0.477802
0.023848,0.111306,-0.476016
0.030094,0.104284,-0.470664
0.021107,0.116624,-0.480635
0.015129,0.120380,-0.472603
0.021834,0.120407,-0.464250
0.013984,0.122928,-0.473839
0.005479,0.127626,-0.466182
0.004005,0.128886,-0.455736
0.001237,0.131169,-0.459819
-0.004859,0.134509,-0.449912
-0.014425,0.144432,-0.446156
-0.013593,0.136775,-0.443874
-0.001562,0.140122,-0.448144
-0.020094,0.139986,-0.445253
-0.024448,0.144765,-0.441425
-0.026330,0.143538,-0.436339
-0.024874,0.152883,-0.447900
-0.031597,0.152097,-0.443151
-0.033880,0.154248,-0.444432
-0.035080,0.152450,-0.450085
-0.034142,0.165912,-0.437191
-0.037736,0.153187,-0.441412
-0.042978,0.164470,-0.436121
-0.044961,0.157973,-0.422408
-0.051899,0.155970,-0.430049
-0.058541,0.165154,-0.438205
-0.059821,0.169394,-0.432395
-0.064007,0.154109,-0.415668
-0.058936,0.161279,-0.431048
-0.071698,0.163232,-0.429945
-0.071154,0.167565,-0.434234
-0.088298,0.161941,-0.423658
-0.082377,0.158283,-0.421765
-0.073700,0.161440,-0.427278
-0.079012,0.172977,-0.425381
-0.092699,0.161222,-0.425877
-0.090932,0.176461,-0.422691
-0.101267,0.166128,-0.427361
-0.095981,0.166049,-0.433109
-0.109429,0.173613,-0.421152
-0.113818,0.171951,-0.429166
-0.105025,0.175166,-0.420922
-0.110063,0.171058,-0.428732
-0.117043,0.177359,-0.427987
-0.123934,0.170591,-0.424482
-0.127691,0.170198,-0.431261
-0.116460,0.170244,-0.424889
-0.117463,0.169974,-0.429658
-0.128566,0.181636,-0.421705
-0.134261,0.175906,-0.417274
-0.139009,0.161642,-0.422944
-0.140061,0.171129,-0.419630
-0.148473,0.173827,-0.424599
-0.148781,0.172733,-0.420128
-0.148555,0.163192,-0.416721
-0.145352,0.173599,-0.426259
-0.155696,0.163412,-0.432649
-0.156410,0.178104,-0.412289
-0.165983,0.176964,-0.423790
-0.173018,0.179143,-0.421301
-0.157482,0.171677,-0.429563
-0.166052,0.177597,-0.418884
-0.176760,0.167936,-0.415070
-0.179033,0.176008,-0.408658
-0.177528,0.181854,-0.417926
-0.186957,0.181170,-0.419198
-0.179476,0.173434,-0.413074
-0.189959,0.187033,-0.418285
-0.195840,0.177816,-0.414265
-0.198524,0.169782,-0.417650
-0.200759,0.162874,-0.423685
-0.210773,0.156668,-0.431689
-0.213862,0.153304,-0.432262
-0.215369,0.147056,-0.438189
-0.211532,0.143109,-0.448328
-0.219277,0.143233,-0.451656
-0.224211,0.135229,-0.460189
-0.235356,0.127714,-0.456159
-0.229760,0.127112,-0.468663
-0.235633,0.112157,-0.466327
-0.240593,0.111044,-0.474999
0.058895,0.079455,-0.495853
0.049492,0.090842,-0.486445
0.046894,0.102199,-0.496788
0.038765,0.109638,-0.494836
0.036998,0.100982,-0.472663
0.027949,0.104355,-0.472298
0.029638,0.106579,-0.479062
0.034491,0.107815,-0.464861
0.029276,0.114782,-0.465813
0.008677,0.123093,-0.459808
0.012863,0.116190,-0.458939
0.019630,0.118869,-0.461824
0.014574,0.132469,-0.463699
0.008798,0.125082,-0.449436
0.001904,0.125799,-0.451594
-0.003445,0.129018,-0.465436
-0.008674,0.131386,-0.449491
-0.017200,0.132182,-0.451413
-0.010255,0.144340,-0.449834
-0.019314,0.143642,-0.442551
-0.006404,0.145867,-0.434742
-0.016206,0.147604,-0.441172
-0.027751,0.151314,-0.447295
-0.023755,0.142749,-0.431990
-0.032921,0.154831,-0.447483
-0.043240,0.153727,-0.431829
-0.034528,0.158065,-0.438078
-0.041276,0.157186,-0.432424
-0.039938,0.159362,-0.430939
-0.049432,0.151562,-0.433584
-0.051869,0.164511,-0.444590
-0.050086,0.154207,-0.430414
-0.071600,0.165350,-0.430192
-0.069569,0.163476,-0.425306
-0.062959,0.166834,-0.420247
-0.070595,0.160094,-0.421249
-0.068833,0.170196,-0.430808
-0.085578,0.162219,-0.419899
-0.075650,0.172092,-0.424981
-0.082775,0.165697,-0.423127
-0.079567,0.161830,-0.417266
-0.089015,0.164981,-0.424387
-0.096272,0.171016,-0.417246
-0.086843,0.168182,-0.424512
-0.101431,0.156290,-0.427469
-0.097125,0.160173,-0.417410
-0.108118,0.168221,-0.429960
-0.105411,0.169508,-0.422365
-0.111302,0.162052,-0.427224
-0.114539,0.177039,-0.418388
-0.122673,0.172223,-0.423228
-0.114194,0.170025,-0.424430
-0.126149,0.153285,-0.420632
-0.126454,0.169665,-0.420965
-0.127535,0.161038,-0.420405
-0.140073,0.167775,-0.422644
-0.137145,0.173027,-0.427487
-0.133100,0.162343,-0.416067
-0.134183,0.170914,-0.419484
-0.148682,0.168540,-0.413396
-0.140168,0.169626,-0.414432
-0.156471,0.170687,-0.421887
-0.157957,0.175788,-0.414272
-0.155779,0.174645,-0.418334
-0.167147,0.166293,-0.428215
-0.172263,0.171625,-0.407349
-0.174257,0.177066,-0.418382
-0.168693,0.162864,-0.406749
-0.176504,0.172857,-0.411225
-0.182695,0.170814,-0.412219
-0.177175,0.167546,-0.410842
-0.187222,0.178949,-0.413586
-0.200088,0.169945,-0.420976
-0.193765,0.174780,-0.418907
-0.198803,0.173343,-0.406603
-0.201010,0.175796,-0.426903
-0.203838,0.162403,-0.430026
-0.216150,0.157310,-0.419995
-0.210283,0.149691,-0.431402
-0.210690,0.138779,-0.438282
-0.214617,0.141721,-0.450117
-0.224186,0.128927,-0.458908
-0.231150,0.134318,-0.454773
-0.230099,0.130029,-0.462966
-0.234041,0.125548,-0.464150
-0.248022,0.107982,-0.471150
0.041227,0.093004,-0.488626
0.043485,0.085502,-0.501841
0.043527,0.099378,-0.479517
0.036050,0.089866,-0.476023
0.034002,0.101552,-0.468942
0.039378,0.110867,-0.470707
0.023591,0.111231,-0.480902
0.029165,0.113051,-0.473411
0.020744,0.110194,-0.466231
0.013599,0.118010,-0.466932
0.016170,0.124515,-0.462238
0.012870,0.116658,-0.464808
0.011943,0.118938,-0.452868
0.003779,0.128487,-0.452687
0.003159,0.128866,-0.455532
-0.013950,0.135521,-0.446859
0.000138,0.141588,-0.453904
-0.009674,0.137620,-0.446247
-0.020886,0.138124,-0.437468
-0.021050,0.140507,-0.448611
-0.017217,0.143051,-0.439732
-0.018237,0.135901,-0.434520
-0.022181,0.134431,-0.437603
-0.025498,0.146138,-0.436515
-0.030227,0.154430,-0.438447
-0.039357,0.149954,-0.431232
-0.035867,0.151160,-0.428846
-0.033743,0.155756,-0.433593
-0.050798,0.149344,-0.426785
-0.047024,0.149185,-0.427878
-0.057822,0.156812,-0.425782
-0.045102,0.170238,-0.427097
-0.057746,0.157182,-0.430099
-0.055289,0.164850,-0.423696
-0.057398,0.156585,-0.426235
-0.070207,0.151179,-0.422699
-0.072260,0.161737,-0.419326
-0.079567,0.167383,-0.422204
-0.085791,0.156523,-0.418424
-0.077132,0.170614,-0.421663
-0.080420,0.168611,-0.415505
-0.089644,0.168639,-0.421150
-0.086569,0.164154,-0.425975
-0.090258,0.167406,-0.418876
-0.099774,0.158164,-0.416805
-0.103322,0.171933,-0.415297
-0.107945,0.166315,-0.425541
-0.109068,0.161525,-0.419106
-0.112831,0.163333,-0.422577
-0.113338,0.158497,-0.415942
-0.120975,0.166014,-0.418725
-0.128494,0.166038,-0.417899
-0.130469,0.164788,-0.415212
-0.121555,0.160403,-0.405268
-0.124098,0.172183,-0.417858
-0.142560,0.170872,-0.419554
-0.138946,0.174158,-0.430735
-0.137824,0.163446,-0.424003
-0.151467,0.160727,-0.412936
-0.150428,0.179629,-0.416330
-0.144739,0.167428,-0.430724
-0.153420,0.167657,-0.404795
-0.151525,0.168103,-0.409745
-0.157877,0.170842,-0.409516
-0.162506,0.171898,-0.416955
-0.169526,0.170864,-0.413840
-0.171958,0.158945,-0.420757
-0.165555,0.167150,-0.423805
-0.173719,0.171357,-0.416283
-0.182659,0.168520,-0.416390
-0.173592,0.169633,-0.414944
-0.192364,0.173086,-0.409054
-0.182750,0.172898,-0.414984
-0.193147,0.171556,-0.410056
-0.191866,0.170912,-0.426453
-0.206654,0.169373,-0.425535
-0.200480,0.163034,-0.418979
-0.202622,0.146257,-0.434812
-0.213886,0.146905,-0.434673
-0.220732,0.134914,-0.435676
-0.223931,0.137779,-0.436776
-0.213373,0.134757,-0.445890
-0.225019,0.128197,-0.463009
-0.228506,0.118406,-0.456139
-0.233697,0.126991,-0.466200
-0.235971,0.109291,-0.482097
0.053869,0.081277,-0.486619
0.047447,0.089099,-0.481233
0.040984,0.087772,-0.475658
0.044288,0.092380,-0.471072
0.036452,0.094670,-0.468942
0.044739,0.100455,-0.473837
0.028601,0.102913,-0.469494
0.028344,0.107045,-0.464174
0.021536,0.121888,-0.468137
0.016055,0.109978,-0.447044
0.007102,0.120386,-0.456079
0.014466,0.123922,-0.458794
0.007794,0.124908,-0.449916
-0.004873,0.120076,-0.448776
0.001169,0.130357,-0.441084
0.006098,0.131121,-0.438574
-0.008384,0.131668,-0.450295
-0.007187,0.125952,-0.441487
-0.004431,0.136135,-0.444561
-0.011181,0.145893,-0.435980
-0.019059,0.135797,-0.430237
-0.020884,0.139156,-0.432798
-0.031950,0.144220,-0.435829
-0.038948,0.142365,-0.433586
-0.028253,0.161315,-0.430223
-0.025744,0.148515,-0.430204
-0.040854,0.146465,-0.427894
-0.044630,0.159159,-0.432449
-0.043691,0.149609,-0.422545
-0.061071,0.154895,-0.431781
-0.046528,0.154525,-0.428187
-0.048595,0.155594,-0.425768
-0.065062,0.151377,-0.424331
-0.063587,0.156540,-0.429755
-0.060066,0.158892,-0.426066
-0.068754,0.149701,-0.418262
-0.068671,0.156969,-0.416015
-0.072193,0.150100,-0.411068
-0.079608,0.150949,-0.421246
-0.081129,0.155388,-0.421450
-0.081338,0.156832,-0.412852
-0.090740,0.165757,-0.420281
-0.085848,0.160996,-0.413754
-0.087088,0.153717,-0.424136
-0.087503,0.159087,-0.414566
-0.092967,0.158207,-0.421791
-0.112581,0.162463,-0.417171
-0.107268,0.164895,-0.418874
-0.109536,0.153894,-0.417395
-0.110196,0.160643,-0.424891
-0.116707,0.156664,-0.408178
-0.117356,0.179062,-0.410008
-0.123070,0.162415,-0.412479
-0.120500,0.164104,-0.412288
-0.138504,0.152671,-0.413894
-0.130781,0.167244,-0.417638
-0.138529,0.163405,-0.411333
-0.134000,0.165027,-0.411338
-0.146044,0.169200,-0.401316
-0.151545,0.178663,-0.416044
-0.152190,0.167860,-0.407919
-0.146848,0.169700,-0.412456
-0.160454,0.165361,-0.413471
-0.170211,0.164244,-0.408812
-0.171215,0.161371,-0.415693
-0.162006,0.155935,-0.412841
-0.164375,0.164915,-0.407733
-0.167602,0.171430,-0.422493
-0.176027,0.169019,-0.414669
-0.171825,0.161983,-0.412029
-0.182868,0.165537,-0.412519
-0.184159,0.163936,-0.408858
-0.194352,0.167591,-0.410124
-0.185030,0.162824,-0.404661
-0.198132,0.165009,-0.412693
-0.201796,0.171536,-0.412896
-0.198922,0.160572,-0.421261
-0.208763,0.145280,-0.433111
-0.215641,0.148358,-0.430792
-0.213895,0.136853,-0.438747
-0.220137,0.127484,-0.434335
-0.222492,0.117677,-0.448395
-0.220989,0.115708,-0.452508
-0.234251,0.127354,-0.460666
-0.233850,0.103550,-0.455526
-0.236627,0.104707,-0.470512
0.063050,0.083889,-0.485038
0.043948,0.083934,-0.481444
0.037976,0.087255,-0.482280
0.037898,0.092858,-0.469144
0.026902,0.095622,-0.477106
0.025917,0.099395,-0.459521
0.031947,0.106742,-0.465235
0.022008,0.103777,-0.457975
0.019955,0.111946,-0.456836
0.013460,0.116475,-0.465613
0.007072,0.118228,-0.457144
0.016148,0.116326,-0.443797
0.009461,0.113961,-0.450736
-0.007563,0.144595,-0.444098
-0.004887,0.135811,-0.440996
0.000327,0.139486,-0.445138
-0.005527,0.123491,-0.435892
-0.005808,0.135918,-0.438277
-0.016925,0.129913,-0.435835
-0.010004,0.137318,-0.433431
-0.020944,0.142412,-0.424219
-0.016645,0.139314,-0.433319
-0.026272,0.144936,-0.424245
-0.025717,0.145190,-0.426938
-0.028115,0.135676,-0.422245
-0.038737,0.138957,-0.430330
-0.045693,0.149133,-0.433016
-0.049254,0.147116,-0.427902
-0.041575,0.143981,-0.421617
-0.046602,0.158560,-0.422685
-0.047757,0.160326,-0.418665
-0.060419,0.154193,-0.414782
-0.061376,0.152362,-0.424397
-0.069344,0.154979,-0.428452
-0.066547,0.154420,-0.414297
-0.074909,0.154741,-0.422074
-0.074079,0.161484,-0.417477
-0.074504,0.154831,-0.408838
-0.073522,0.155511,-0.417883
-0.078556,0.160766,-0.420083
-0.083412,0.158504,-0.418614
-0.081704,0.158193,-0.414331
-0.100004,0.158190,-0.417004
-0.101202,0.161085,-0.414078
-0.088072,0.163594,-0.416946
-0.097828,0.165307,-0.417279
-0.110754,0.151051,-0.412725
-0.107922,0.155727,-0.415194
-0.104185,0.151492,-0.407921
-0.122933,0.160568,-0.400449
-0.124878,0.165903,-0.415395
-0.117744,0.152370,-0.408359
-0.120233,0.161062,-0.419492
-0.121902,0.155317,-0.413904
-0.119467,0.166662,-0.416157
-0.141946,0.161065,-0.414556
-0.137757,0.153528,-0.417512
-0.132177,0.166449,-0.413311
-0.142796,0.168405,-0.412043
-0.150949,0.162809,-0.408233
-0.146403,0.171918,-0.417101
-0.150079,0.160609,-0.403815
-0.149896,0.160965,-0.408325
-0.162418,0.164150,-0.407407
-0.165998,0.168028,-0.410351
-0.169965,0.161325,-0.408973
-0.168056,0.163850,-0.412744
-0.167293,0.168231,-0.410604
-0.176385,0.164891,-0.416810
-0.174187,0.167777,-0.408961
-0.186958,0.176217,-0.413902
-0.179446,0.167299,-0.410880
-0.190920,0.171003,-0.401242
-0.192265,0.158803,-0.412000
-0.199252,0.164041,-0.416642
-0.201160,0.154998,-0.417516
-0.202802,0.151387,-0.423347
-0.204936,0.145491,-0.420374
-0.212727,0.138853,-0.428709
-0.214760,0.138803,-0.437505
-0.214763,0.121012,-0.442865
-0.218546,0.127804,-0.449699
-0.222508,0.123163,-0.437551
-0.231564,0.109514,-0.465165
-0.224169,0.099822,-0.460993
0.049881,0.086986,-0.483364
0.051011,0.084387,-0.485168
0.043678,0.090034,-0.467368
0.036527,0.090185,-0.476269
0.046121,0.088483,-0.463019
0.040312,0.093063,-0.464668
0.032294,0.096748,-0.459386
0.033711,0.112469,-0.464118
0.022282,0.107013,-0.453521
0.020534,0.106890,-0.449314
0.025762,0.107638,-0.450865
0.021549,0.117178,-0.447550
0.003461,0.113989,-0.442862
0.002420,0.130280,-0.448142
-0.002332,0.119362,-0.446746
0.004398,0.120972,-0.443272
-0.006878,0.120791,-0.440459
-0.008041,0.127409,-0.431185
-0.014540,0.134982,-0.435800
-0.014878,0.131147,-0.430790
-0.030052,0.137601,-0.428579
-0.022798,0.146963,-0.426448
-0.033842,0.137539,-0.431357
-0.034315,0.148816,-0.434284
-0.036729,0.138758,-0.420769
-0.040418,0.140291,-0.425783
-0.043968,0.150741,-0.423555
-0.036774,0.147057,-0.422453
-0.052363,0.148836,-0.412595
-0.045682,0.144936,-0.418714
-0.051261,0.151476,-0.430634
-0.052614,0.163002,-0.423985
-0.064714,0.147279,-0.416226
-0.062352,0.152361,-0.412417
-0.065170,0.159644,-0.416665
-0.067427,0.161093,-0.415469
-0.069077,0.160692,-0.412454
-0.071690,0.160393,-0.413582
-0.076852,0.161861,-0.414501
-0.080429,0.160371,-0.405673
-0.093770,0.158308,-0.410569
-0.090656,0.159724,-0.411988
-0.088123,0.152749,-0.413699
-0.097591,0.149693,-0.411347
-0.096579,0.149303,-0.408594
-0.113889,0.150087,-0.402529
-0.096964,0.154695,-0.412551
-0.106669,0.159097,-0.421516
-0.117900,0.152168,-0.410347
-0.122160,0.162296,-0.410299
-0.121234,0.151835,-0.412459
-0.116542,0.151936,-0.412429
-0.117814,0.161435,-0.408635
-0.132219,0.150271,-0.407041
-0.127662,0.163921,-0.409697
-0.135203,0.163163,-0.408535
-0.134852,0.158649,-0.417696
-0.143773,0.159454,-0.408802
-0.151708,0.155430,-0.408394
-0.148702,0.162838,-0.407553
-0.151506,0.158202,-0.403073
-0.160260,0.161028,-0.407976
-0.156469,0.160901,-0.407135
-0.162392,0.161317,-0.409397
-0.165563,0.169106,-0.403921
-0.163081,0.172026,-0.418763
-0.168063,0.160558,-0.402630
-0.177141,0.168752,-0.406553
-0.181161,0.168598,-0.407280
-0.183792,0.165609,-0.404084
-0.190809,0.168569,-0.410235
-0.182191,0.158869,-0.392043
-0.193422,0.169722,-0.412230
-0.194869,0.163226,-0.402889
-0.182661,0.157107,-0.408917
-0.201173,0.152956,-0.419886
-0.201196,0.137876,-0.420598
-0.207249,0.147058,-0.429292
-0.213720,0.135680,-0.426477
-0.216874,0.140598,-0.431982
-0.213841,0.119818,-0.441067
-0.222303,0.119509,-0.444556
-0.226950,0.112569,-0.450937
-0.225128,0.108928,-0.454461
-0.232950,0.099078,-0.452059
0.057812,0.069216,-0.484875
0.047063,0.077803,-0.467094
0.046409,0.086808,-0.473614
0.039381,0.083885,-0.456821
0.053108,0.093040,-0.463916
0.032175,0.096086,-0.463942
0.022194,0.095853,-0.452870
0.030099,0.094668,-0.455298
0.017217,0.105536,-0.446723
0.013602,0.114463,-0.451756
0.016487,0.105172,-0.439474
0.013221,0.120212,-0.443643
0.009322,0.109647,-0.452069
-0.002700,0.123884,-0.438381
-0.000775,0.126920,-0.439877
-0.002696,0.121324,-0.437633
0.002106,0.129074,-0.440644
-0.006890,0.134077,-0.439820
-0.003309,0.137922,-0.431337
-0.014462,0.133522,-0.429124
-0.020040,0.141362,-0.431166
-0.026141,0.134982,-0.431024
-0.019902,0.139872,-0.422176
-0.027655,0.140288,-0.422872
-0.029349,0.146520,-0.425981
-0.033231,0.147545,-0.423906
-0.037633,0.147458,-0.412926
-0.043374,0.143791,-0.418954
-0.043285,0.152306,-0.417897
-0.055577,0.144729,-0.425607
-0.054596,0.135453,-0.415683
-0.067142,0.145799,-0.414479
-0.059048,0.149653,-0.405089
-0.064898,0.163463,-0.419527
-0.062492,0.146115,-0.415131
-0.063219,0.158065,-0.416004
-0.065857,0.155373,-0.417716
-0.074433,0.157417,-0.406611
-0.082057,0.157807,-0.415261
-0.086919,0.153674,-0.416819
-0.087951,0.156219,-0.403566
-0.091040,0.155132,-0.414970
-0.091079,0.150972,-0.407661
-0.094938,0.151996,-0.415414
-0.097440,0.159073,-0.414113
-0.093413,0.151359,-0.407931
-0.101379,0.148504,-0.410743
-0.110603,0.159279,-0.412637
-0.117881,0.149307,-0.414529
-0.116276,0.149789,-0.410248
-0.110819,0.162693,-0.405735
-0.109577,0.159308,-0.409607
-0.128396,0.157469,-0.413695
-0.125250,0.156653,-0.415041
-0.127690,0.171275,-0.402677
-0.133282,0.150482,-0.418571
-0.141322,0.152128,-0.404316
-0.142348,0.160145,-0.398502
-0.134538,0.164073,-0.402521
-0.144230,0.153391,-0.409258
-0.141995,0.162569,-0.405890
-0.153541,0.160445,-0.408642
-0.150029,0.156962,-0.410266
-0.159572,0.152703,-0.399784
-0.159019,0.153260,-0.412573
-0.163124,0.158571,-0.404053
-0.168047,0.162777,-0.410423
-0.174339,0.162352,-0.403521
-0.183562,0.159636,-0.405083
-0.179259,0.156261,-0.411471
-0.185401,0.161042,-0.400160
-0.182424,0.157860,-0.411363
-0.188922,0.155420,-0.405252
-0.193482,0.156971,-0.412382
-0.197642,0.158199,-0.402921
-0.193156,0.146828,-0.418845
-0.202893,0.151026,-0.415368
-0.214962,0.153947,-0.419143
-0.211734,0.136687,-0.423813
-0.219297,0.133382,-0.431462
-0.222797,0.120920,-0.437055
-0.230644,0.115085,-0.445667
-0.221179,0.107910,-0.449279
-0.235023,0.104124,-0.452530
-0.233328,0.099216,-0.454175
0.061051,0.068292,-0.473235
0.049291,0.064146,-0.473119
0.055019,0.080442,-0.475836
0.045527,0.080605,-0.462336
0.038830,0.090650,-0.458825
0.030055,0.083604,-0.466362
0.037293,0.088361,-0.456357
0.026973,0.088931,-0.452265
0.031327,0.096959,-0.454720
0.025208,0.105536,-0.449255
0.022169,0.104714,-0.438397
0.023323,0.103695,-0.443704
0.012523,0.111072,-0.440249
0.007275,0.114071,-0.447643
0.007731,0.114514,-0.437959
0.005712,0.120747,-0.431532
0.002271,0.121487,-0.431098
-0.005414,0.120244,-0.431335
-0.017082,0.133610,-0.436940
-0.015739,0.120922,-0.427113
-0.018386,0.129023,-0.421897
-0.018167,0.123013,-0.428384
-0.019171,0.139544,-0.418611
-0.027977,0.133931,-0.412561
-0.022850,0.137965,-0.420914
-0.027050,0.138771,-0.424306
-0.038073,0.136440,-0.417632
-0.050975,0.146988,-0.410834
-0.036865,0.136932,-0.417692
-0.037847,0.134263,-0.420144
-0.049784,0.137559,-0.412427
-0.057145,0.151003,-0.414854
-0.056426,0.138174,-0.413376
-0.059509,0.144188,-0.414014
-0.060190,0.152357,-0.407714
-0.058372,0.149823,-0.414480
-0.068263,0.153117,-0.407671
-0.068056,0.144188,-0.413934
-0.081380,0.149706,-0.409277
-0.080643,0.142080,-0.405395
-0.085415,0.141085,-0.414831
-0.083564,0.153622,-0.404571
-0.100480,0.153139,-0.409063
-0.088561,0.148810,-0.409885
-0.094447,0.157542,-0.406603
-0.101620,0.147542,-0.410587
-0.104422,0.145086,-0.407077
-0.110845,0.154520,-0.396134
-0.106158,0.153474,-0.408153
-0.104845,0.154858,-0.403435
-0.109977,0.157754,-0.402607
-0.114734,0.157347,-0.405169
-0.123817,0.148786,-0.403610
-0.124293,0.161572,-0.405911
-0.133824,0.151422,-0.392525
-0.129990,0.158708,-0.407996
-0.134995,0.149231,-0.394479
-0.137139,0.159537,-0.405804
-0.139599,0.154669,-0.408769
-0.137987,0.148364,-0.403971
-0.143967,0.165362,-0.400916
-0.149129,0.151175,-0.409896
-0.154331,0.158021,-0.402913
-0.168472,0.158451,-0.406822
-0.162081,0.165887,-0.401375
-0.161168,0.161890,-0.403133
-0.165442,0.162054,-0.405430
-0.168799,0.167119,-0.400734
-0.171232,0.142306,-0.401597
-0.171232,0.160809,-0.397199
-0.177397,0.150060,-0.402839
-0.195070,0.154539,-0.412679
-0.179015,0.157367,-0.407664
-0.186530,0.162510,-0.409105
-0.192459,0.159445,-0.397553
-0.195149,0.150175,-0.401385
-0.196099,0.137090,-0.408300
-0.198234,0.141893,-0.427013
-0.202196,0.135343,-0.424192
-0.209417,0.146323,-0.425367
-0.211626,0.123207,-0.428914
-0.215857,0.109250,-0.442743
-0.222979,0.113700,-0.433963
-0.220356,0.099447,-0.450386
-0.219299,0.101005,-0.456320
0.063413,0.068941,-0.475483
0.052628,0.071885,-0.464876
0.044598,0.080183,-0.462711
0.043542,0.081956,-0.463358
0.037807,0.097408,-0.465877
0.042477,0.089925,-0.457930
0.029098,0.091226,-0.457795
0.028096,0.104485,-0.444424
0.022476,0.092987,-0.447980
0.025772,0.101655,-0.454789
0.015651,0.105199,-0.441243
0.006847,0.101740,-0.443391
0.002408,0.114197,-0.437956
0.016271,0.113573,-0.443438
0.005169,0.119660,-0.437432
-0.003119,0.114275,-0.432030
-0.011130,0.128312,-0.435419
-0.005212,0.114498,-0.429258
-0.008039,0.122259,-0.422347
-0.009867,0.121127,-0.425627
-0.014283,0.128182,-0.420538
-0.016920,0.128165,-0.430138
-0.029189,0.124235,-0.418266
-0.018815,0.129500,-0.420223
-0.028912,0.135792,-0.427688
-0.039469,0.130135,-0.417216
-0.038259,0.141778,-0.419454
-0.037048,0.135371,-0.420455
-0.039274,0.144065,-0.424300
-0.045949,0.145931,-0.412628
-0.050630,0.144542,-0.421660
-0.040404,0.137223,-0.416146
-0.057124,0.137609,-0.401126
-0.053921,0.147584,-0.412451
-0.064437,0.135286,-0.414107
-0.063749,0.144553,-0.402756
-0.067607,0.152168,-0.411605
-0.077555,0.145172,-0.404688
-0.080420,0.142860,-0.414032
-0.081112,0.135287,-0.399024
-0.086629,0.144509,-0.403728
-0.082308,0.141966,-0.406730
-0.088621,0.154418,-0.405665
-0.089292,0.149580,-0.403840
-0.103676,0.143528,-0.405512
-0.092205,0.150225,-0.394691
-0.096627,0.144072,-0.406609
-0.095840,0.149208,-0.400099
-0.110518,0.148948,-0.396744
-0.116806,0.148133,-0.402704
-0.116543,0.149570,-0.412503
-0.108817,0.148028,-0.398551
-0.124595,0.148773,-0.408139
-0.121408,0.149936,-0.398047
-0.126259,0.146431,-0.397644
-0.140055,0.154272,-0.409460
-0.129060,0.154270,-0.404639
-0.140991,0.155539,-0.395155
-0.143749,0.153078,-0.402466
-0.148683,0.149809,-0.392379
-0.144088,0.156071,-0.400360
-0.148350,0.150725,-0.404049
-0.150151,0.150138,-0.403831
-0.156713,0.149712,-0.401378
-0.155737,0.148266,-0.394781
-0.161057,0.156980,-0.401822
-0.168455,0.160539,-0.395357
-0.174104,0.145363,-0.406925
-0.168241,0.164206,-0.400030
-0.175655,0.155645,-0.401771
-0.179472,0.153858,-0.401888
-0.182552,0.156009,-0.400328
-0.180301,0.160444,-0.398956
-0.191593,0.160243,-0.407283
-0.189012,0.156262,-0.399486
-0.198291,0.143546,-0.404385
-0.201848,0.130288,-0.409778
-0.213656,0.126160,-0.418933
-0.208779,0.132861,-0.424921
-0.209535,0.129492,-0.422831
-0.207641,0.118918,-0.432065
-0.221823,0.110720,-0.438084
-0.217186,0.107320,-0.443754
-0.221449,0.099672,-0.442982
-0.224756,0.104694,-0.458121
0.058523,0.071174,-0.475646
0.067614,0.072733,-0.470948
0.052279,0.080012,-0.466881
0.055797,0.083277,-0.458129
0.045409,0.078889,-0.469184
0.037802,0.085623,-0.452534
0.034883,0.090260,-0.447012
0.029182,0.102033,-0.455526
0.027584,0.095764,-0.443820
0.015045,0.101083,-0.442445
0.028002,0.100174,-0.446721
0.024394,0.102933,-0.439198
0.014695,0.109562,-0.429668
0.014373,0.108578,-0.439783
0.005453,0.114131,-0.445463
0.005967,0.106445,-0.425471
-0.005588,0.108627,-0.435150
-0.001697,0.116479,-0.425410
-0.005028,0.119187,-0.426933
-0.011885,0.116680,-0.435429
-0.011781,0.119298,-0.426978
-0.009115,0.119921,-0.419953
-0.023754,0.132115,-0.417757
-0.018933,0.127870,-0.416474
-0.025178,0.120437,-0.413886
-0.023448,0.129915,-0.413516
-0.027330,0.130640,-0.418721
-0.030810,0.132228,-0.415448
-0.044855,0.134108,-0.422644
-0.042345,0.130040,-0.408158
-0.038606,0.141304,-0.410146
-0.046050,0.132480,-0.409825
-0.044453,0.134240,-0.405423
-0.060287,0.136323,-0.402358
-0.061042,0.136270,-0.403017
-0.062456,0.140755,-0.406921
-0.054773,0.138163,-0.403499
-0.060708,0.149054,-0.410953
-0.072153,0.143999,-0.402637
-0.081883,0.140694,-0.404581
-0.085444,0.142841,-0.397435
-0.077666,0.153352,-0.402862
-0.086797,0.140341,-0.395547
-0.089992,0.150152,-0.402949
-0.090226,0.140063,-0.406846
-0.092852,0.144129,-0.404384
-0.098128,0.154711,-0.408529
-0.102434,0.157564,-0.406665
-0.115957,0.141322,-0.402701
-0.101903,0.142911,-0.406236
-0.109154,0.140825,-0.399817
-0.112218,0.149545,-0.408302
-0.117778,0.142402,-0.394664
-0.119333,0.147738,-0.396166
-0.121224,0.150303,-0.401471
-0.137546,0.151324,-0.398516
-0.127451,0.156452,-0.403620
-0.136446,0.150635,-0.394523
-0.134664,0.155459,-0.407328
-0.141077,0.144281,-0.389831
-0.144646,0.150652,-0.403647
-0.152714,0.154545,-0.405013
-0.153764,0.150367,-0.392434
-0.149828,0.151370,-0.394209
-0.152415,0.143976,-0.400894
-0.156202,0.159792,-0.388782
-0.156659,0.159539,-0.400959
-0.158184,0.153060,-0.395575
-0.168533,0.155726,-0.402569
-0.165942,0.148838,-0.398524
-0.178000,0.154532,-0.392834
-0.185851,0.152448,-0.393769
-0.187402,0.151350,-0.407180
-0.182227,0.146085,-0.389466
-0.191923,0.142694,-0.396493
-0.187266,0.145268,-0.403126
-0.187901,0.138226,-0.405699
-0.200805,0.148819,-0.405278
-0.201461,0.138332,-0.417397
-0.205552,0.124783,-0.421184
-0.218565,0.126341,-0.421720
-0.218313,0.113760,-0.421271
-0.223030,0.111086,-0.429619
-0.222255,0.099168,-0.432103
-0.233232,0.099373,-0.441134
-0.226295,0.088296,-0.450988
0.053821,0.072409,-0.472575
0.053731,0.071395,-0.453148
0.052224,0.081578,-0.454515
0.049946,0.091295,-0.456915
0.047887,0.080216,-0.441468
0.034232,0.089721,-0.447945
0.038420,0.088793,-0.446238
0.041139,0.091992,-0.455563
0.013233,0.101905,-0.440344
0.026012,0.094559,-0.438805
0.022287,0.102777,-0.444323
0.021491,0.103971,-0.439760
0.009544,0.109326,-0.446694
0.012126,0.100194,-0.439391
0.009598,0.108977,-0.433400
0.006399,0.101596,-0.435072
0.002886,0.114218,-0.422341
-0.005801,0.122660,-0.432443
-0.004065,0.115237,-0.421128
-0.014243,0.128777,-0.419173
-0.016332,0.119603,-0.421141
-0.010275,0.122587,-0.421840
-0.016870,0.115172,-0.409093
-0.021917,0.127195,-0.417089
-0.035581,0.132588,-0.420166
-0.025856,0.127682,-0.415418
-0.034721,0.131966,-0.426981
-0.032912,0.136744,-0.412261
-0.034995,0.130206,-0.410334
-0.036902,0.122767,-0.417113
-0.047392,0.134001,-0.400099
-0.052617,0.148588,-0.403488
-0.049279,0.142739,-0.409506
-0.053395,0.142673,-0.402168
-0.053775,0.133653,-0.405793
-0.066331,0.138613,-0.400814
-0.067977,0.143168,-0.402182
-0.071356,0.142839,-0.400668
-0.061888,0.141842,-0.408911
-0.077381,0.141789,-0.405062
-0.076548,0.148219,-0.401432
-0.080464,0.151660,-0.400944
-0.078153,0.153951,-0.401736
-0.086166,0.144144,-0.407778
-0.092582,0.151204,-0.393189
-0.085620,0.144429,-0.391273
-0.099660,0.147970,-0.397050
-0.094043,0.142995,-0.400455
-0.105236,0.141050,-0.400813
-0.103366,0.153427,-0.400608
-0.111207,0.145324,-0.396792
-0.111508,0.148942,-0.401827
-0.119804,0.145550,-0.400198
-0.123680,0.141501,-0.399097
-0.121307,0.133128,-0.403487
-0.122909,0.143102,-0.395751
-0.134632,0.140940,-0.403487
-0.133926,0.149794,-0.390864
-0.132001,0.143784,-0.402157
-0.140353,0.140293,-0.395012
-0.137323,0.144348,-0.394709
-0.151398,0.147399,-0.395362
-0.150996,0.154451,-0.395780
-0.149615,0.149584,-0.397772
-0.154153,0.151019,-0.399871
-0.160521,0.152079,-0.406920
-0.164921,0.148517,-0.393014
-0.158815,0.136749,-0.396224
-0.174757,0.152969,-0.397535
-0.170168,0.149544,-0.401530
-0.183160,0.144392,-0.401008
-0.188928,0.145629,-0.393016
-0.181054,0.150112,-0.400567
-0.188753,0.142884,-0.403347
-0.194873,0.149469,-0.392078
-0.196173,0.140846,-0.391816
-0.196134,0.135206,-0.401195
-0.203902,0.134777,-0.408914
-0.209779,0.139364,-0.408692
-0.204236,0.128248,-0.428240
-0.199843,0.122330,-0.424849
-0.213647,0.110840,-0.426598
-0.223961,0.105087,-0.429323
-0.228265,0.101855,-0.437863
-0.224577,0.096553,-0.442796
0.066535,0.053538,-0.475473
0.060011,0.066978,-0.465071
0.054557,0.073928,-0.456861
0.048612,0.076124,-0.453800
0.043954,0.082867,-0.461487
0.035334,0.076236,-0.442762
0.036431,0.080325,-0.438329
0.038148,0.085383,-0.430527
0.041225,0.097067,-0.436985
0.023555,0.091613,-0.441541
0.024922,0.105111,-0.434584
0.017864,0.093256,-0.435469
0.013516,0.102966,-0.439705
0.009454,0.106230,-0.433436
0.023665,0.105184,-0.427014
-0.000950,0.109237,-0.423018
0.004099,0.098330,-0.425142
0.006143,0.117965,-0.419588
-0.009858,0.111115,-0.420576
-0.001336,0.115138,-0.421251
-0.006874,0.109581,-0.421900
-0.005326,0.123588,-0.416692
-0.009049,0.116529,-0.419259
-0.027155,0.116017,-0.409834
-0.028057,0.120891,-0.408596
-0.025176,0.127751,-0.413999
-0.023682,0.123021,-0.409045
-0.035731,0.129199,-0.411393
-0.031609,0.126351,-0.409094
-0.037558,0.125557,-0.407167
-0.041606,0.134236,-0.406610
-0.038728,0.128905,-0.403961
-0.056414,0.142709,-0.405465
-0.053791,0.127343,-0.397652
-0.049568,0.138021,-0.402055
-0.053162,0.124997,-0.400216
-0.054391,0.129911,-0.402346
-0.067539,0.139749,-0.410724
-0.077900,0.135302,-0.394925
-0.064054,0.143820,-0.399289
-0.076503,0.138085,-0.406191
-0.082024,0.141815,-0.399705
-0.078558,0.143206,-0.396782
-0.086767,0.140604,-0.401386
-0.086560,0.149384,-0.404316
-0.097526,0.133908,-0.399217
-0.093729,0.141183,-0.399453
-0.097041,0.134446,-0.396109
-0.098106,0.143521,-0.389933
-0.114675,0.150971,-0.396035
-0.102459,0.144239,-0.396605
-0.115566,0.138222,-0.393671
-0.115265,0.142990,-0.399733
-0.127700,0.139398,-0.396015
-0.126157,0.146767,-0.386692
-0.116139,0.140361,-0.403037
-0.136805,0.134324,-0.402776
-0.124214,0.138342,-0.393476
-0.130841,0.147143,-0.402545
-0.140108,0.150864,-0.383812
-0.134212,0.141543,-0.392679
-0.148085,0.144754,-0.390325
-0.142124,0.151226,-0.394497
-0.154009,0.140697,-0.389863
-0.150665,0.130157,-0.400677
-0.150626,0.145354,-0.394838
-0.161115,0.136432,-0.389239
-0.165332,0.145963,-0.391045
-0.152313,0.137571,-0.390737
-0.173271,0.148431,-0.398748
-0.175928,0.142861,-0.405715
-0.178136,0.138491,-0.397377
-0.185122,0.150423,-0.389264
-0.186451,0.136534,-0.397269
-0.181977,0.148291,-0.402470
-0.191189,0.149674,-0.397113
-0.199334,0.143110,-0.412354
-0.200625,0.137383,-0.406922
-0.194529,0.127304,-0.412582
-0.210505,0.114876,-0.411860
-0.206976,0.114840,-0.418972
-0.214077,0.106365,-0.419659
-0.218090,0.115902,-0.426023
-0.220435,0.102648,-0.436124
-0.228403,0.101307,-0.435154
0.071132,0.059954,-0.457753
0.063567,0.073434,-0.459433
0.051181,0.074272,-0.446882
0.051747,0.084890,-0.453367
0.033836,0.084307,-0.440960
0.051889,0.083758,-0.443758
0.031652,0.087765,-0.437757
0.039341,0.090479,-0.441142
0.030177,0.101737,-0.440833
0.022522,0.081656,-0.439657
0.024745,0.096648,-0.436801
0.019240,0.101915,-0.434534
0.022044,0.098080,-0.428573
0.012952,0.098981,-0.420026
0.005313,0.109291,-0.425441
0.005865,0.098237,-0.425818
0.010244,0.097901,-0.417847
-0.004252,0.107198,-0.423716
-0.000445,0.112076,-0.409699
0.000650,0.119765,-0.419031
-0.019139,0.116467,-0.411498
-0.010600,0.119088,-0.424626
-0.017175,0.121758,-0.412083
-0.018403,0.125811,-0.412407
-0.028540,0.128547,-0.412636
-0.017672,0.120077,-0.412782
-0.031332,0.115618,-0.410032
-0.035331,0.129801,-0.408081
-0.038566,0.123143,-0.404672
-0.042846,0.122780,-0.402454
-0.039782,0.126247,-0.398914
-0.049579,0.132337,-0.404925
-0.053517,0.127380,-0.404849
-0.052852,0.135318,-0.402547
-0.053672,0.136229,-0.410323
-0.064336,0.127722,-0.402964
-0.065156,0.123344,-0.406533
-0.059616,0.141343,-0.398437
-0.070747,0.131900,-0.396859
-0.064515,0.136059,-0.405169
-0.069912,0.137352,-0.396973
-0.073996,0.139251,-0.402942
-0.084130,0.136596,-0.398259
-0.086253,0.136471,-0.396026
-0.087509,0.140422,-0.393411
-0.091311,0.147246,-0.399181
-0.094108,0.137201,-0.396535
-0.094732,0.135142,-0.391404
-0.103259,0.134997,-0.380710
-0.103584,0.136467,-0.389472
-0.105346,0.138121,-0.392839
-0.109263,0.148702,-0.386505
-0.109045,0.138327,-0.398527
-0.110902,0.141399,-0.393766
-0.118761,0.146371,-0.390714
-0.128445,0.145313,-0.390710
-0.125552,0.136325,-0.385689
-0.123283,0.138250,-0.383608
-0.122274,0.142026,-0.388836
-0.138831,0.146584,-0.394519
-0.136385,0.130819,-0.396139
-0.153321,0.139698,-0.387069
-0.145855,0.147564,-0.387992
-0.155690,0.144250,-0.398238
-0.148936,0.144840,-0.394218
-0.162843,0.145634,-0.389260
-0.159541,0.140139,-0.393400
-0.162113,0.136873,-0.391012
-0.168338,0.126811,-0.397595
-0.171510,0.136990,-0.390589
-0.172283,0.138678,-0.395253
-0.184966,0.134497,-0.392325
-0.175984,0.138882,-0.404840
-0.180195,0.137121,-0.396419
-0.191405,0.133087,-0.387511
-0.192327,0.135135,-0.399006
-0.194654,0.135994,-0.400232
-0.201846,0.121859,-0.404759
-0.196653,0.113779,-0.417511
-0.208128,0.125519,-0.414201
-0.202217,0.110576,-0.414538
-0.207829,0.107013,-0.412884
-0.215702,0.102384,-0.424383
-0.227755,0.094513,-0.427026
-0.230341,0.090511,-0.449276
0.054774,0.066515,-0.447662
0.058121,0.067206,-0.453439
0.058314,0.080712,-0.445210
0.054008,0.075518,-0.446864
0.048728,0.085079,-0.438796
0.047632,0.089053,-0.438863
0.037804,0.084078,-0.433029
0.038599,0.093889,-0.429473
0.036958,0.094826,-0.430662
0.028408,0.093197,-0.421654
0.021574,0.109528,-0.435071
0.024697,0.103021,-0.433755
0.027343,0.102593,-0.423750
0.007247,0.106258,-0.422239
0.011978,0.105086,-0.406320
0.001904,0.101830,-0.417047
0.009624,0.114059,-0.421174
0.003806,0.113206,-0.418364
-0.011679,0.111421,-0.422056
-0.005556,0.115570,-0.417863
-0.007839,0.114621,-0.419481
-0.012673,0.112719,-0.412434
-0.011210,0.113946,-0.409470
-0.016295,0.116111,-0.411734
-0.015093,0.108185,-0.414798
-0.032357,0.124647,-0.409428
-0.027457,0.106678,-0.405831
-0.030532,0.118495,-0.407951
-0.041953,0.118217,-0.404305
-0.036611,0.118781,-0.403233
-0.053055,0.126523,-0.400266
-0.051981,0.131407,-0.402082
-0.046758,0.131029,-0.399427
-0.055380,0.133124,-0.397097
-0.066218,0.132726,-0.390655
-0.068669,0.130414,-0.404562
-0.051121,0.134507,-0.397284
-0.057298,0.133332,-0.396554
-0.073077,0.135411,-0.386225
-0.079162,0.139154,-0.398877
-0.080397,0.123015,-0.397835
-0.081308,0.135178,-0.391926
-0.084194,0.131691,-0.400779
-0.086964,0.130711,-0.393739
-0.089343,0.138710,-0.399065
-0.092646,0.141311,-0.394069
-0.094110,0.136215,-0.382366
-0.105254,0.138751,-0.387583
-0.100409,0.128770,-0.388433
-0.110113,0.129705,-0.387678
-0.109041,0.141866,-0.381127
-0.117225,0.132464,-0.380962
-0.126286,0.148099,-0.394740
-0.112921,0.132645,-0.384822
-0.128597,0.132881,-0.377564
-0.124822,0.138841,-0.391964
-0.124608,0.136965,-0.395495
-0.133736,0.136358,-0.387708
-0.130892,0.142853,-0.389739
-0.132799,0.140292,-0.393092
-0.139186,0.129613,-0.389119
-0.150683,0.133658,-0.390758
-0.146032,0.142789,-0.387153
-0.158388,0.137012,-0.384799
-0.151491,0.145754,-0.396689
-0.158640,0.146852,-0.398308
-0.158208,0.140199,-0.391846
-0.157626,0.144947,-0.389840
-0.164421,0.138440,-0.385923
-0.168707,0.139375,-0.391960
-0.171303,0.129497,-0.386351
-0.170502,0.133206,-0.387707
-0.185240,0.132232,-0.388225
-0.184552,0.128043,-0.407775
-0.190071,0.135636,-0.399671
-0.187952,0.126652,-0.399634
-0.209052,0.122385,-0.409788
-0.200944,0.125731,-0.405142
-0.199860,0.109930,-0.415979
-0.202003,0.108031,-0.422619
-0.205770,0.099149,-0.418531
-0.211134,0.100154,-0.416626
-0.211835,0.100360,-0.412773
-0.224243,0.091208,-0.434475
0.056185,0.055481,-0.452912
0.061420,0.059781,-0.444286
0.059224,0.073047,-0.452798
0.055718,0.073503,-0.437406
0.041360,0.079718,-0.451354
0.047610,0.082271,-0.435355
0.042653,0.073894,-0.434098
0.035710,0.085056,-0.429843
0.039990,0.082930,-0.435594
0.029338,0.090611,-0.429141
0.028742,0.086735,-0.423175
0.025904,0.088930,-0.423936
0.023059,0.093696,-0.428060
0.014550,0.094706,-0.426212
0.008706,0.100985,-0.421375
0.011405,0.105204,-0.421032
0.014765,0.110444,-0.417900
-0.007919,0.099088,-0.419920
-0.000866,0.112423,-0.413318
-0.007245,0.104539,-0.415981
-0.007102,0.116247,-0.412486
-0.008941,0.114646,-0.410046
-0.008914,0.109849,-0.412259
-0.018799,0.108626,-0.403848
-0.015490,0.118072,-0.408148
-0.021074,0.118639,-0.403352
-0.026004,0.125125,-0.410139
-0.021203,0.113428,-0.415102
-0.032724,0.123439,-0.405907
-0.037803,0.121570,-0.407059
-0.033202,0.125685,-0.406432
-0.045297,0.120476,-0.402980
-0.044714,0.117930,-0.400537
-0.048040,0.120195,-0.398263
-0.061878,0.125940,-0.397183
-0.054448,0.127221,-0.393962
-0.067881,0.122330,-0.390946
-0.058707,0.135159,-0.392759
-0.076431,0.133272,-0.400211
-0.066424,0.130080,-0.386026
-0.064757,0.130871,-0.392866
-0.080818,0.130886,-0.386085
-0.081632,0.138468,-0.396398
-0.087010,0.126367,-0.384616
-0.086811,0.140404,-0.398301
-0.090856,0.142091,-0.389234
-0.077511,0.136637,-0.398745
-0.098334,0.132018,-0.391515
-0.094803,0.134429,-0.396168
-0.101294,0.140593,-0.390501
-0.107025,0.131443,-0.378946
-0.112791,0.136637,-0.379835
-0.110551,0.129202,-0.384568
-0.116259,0.133259,-0.377434
-0.128164,0.138711,-0.388005
-0.114374,0.140519,-0.394154
-0.132393,0.135139,-0.391649
-0.125849,0.135090,-0.380646
-0.133421,0.134093,-0.383958
-0.133914,0.141032,-0.392606
-0.132212,0.143192,-0.387067
-0.144583,0.134753,-0.385596
-0.143747,0.132183,-0.383491
-0.143047,0.140600,-0.383678
-0.154902,0.134918,-0.383591
-0.147513,0.133855,-0.392474
-0.151037,0.135710,-0.391280
-0.153986,0.132056,-0.393909
-0.153517,0.131635,-0.388290
-0.169413,0.137772,-0.393608
-0.172279,0.127868,-0.382221
-0.169773,0.129675,-0.398337
-0.178964,0.119468,-0.389280
-0.189480,0.130310,-0.396869
-0.183209,0.129889,-0.400042
-0.176577,0.128737,-0.399751
-0.190648,0.128902,-0.396577
-0.198907,0.112344,-0.399950
-0.198008,0.117354,-0.410206
-0.192313,0.111008,-0.407589
-0.207516,0.100363,-0.423957
-0.208395,0.111443,-0.418764
-0.209242,0.099224,-0.418243
-0.211370,0.099477,-0.428505
0.060324,0.056212,-0.451094
0.062114,0.059571,-0.437787
0.061587,0.070696,-0.440767
0.057585,0.077587,-0.444157
0.053937,0.083380,-0.434558
0.049111,0.089139,-0.433798
0.047213,0.096623,-0.424289
0.041270,0.086714,-0.428474
0.039090,0.095125,-0.427388
0.022159,0.088851,-0.426985
0.030209,0.098205,-0.419134
0.032413,0.096902,-0.416766
0.017137,0.099484,-0.425937
0.017327,0.103354,-0.414992
0.012464,0.102231,-0.416573
0.010038,0.091431,-0.417149
0.005706,0.101026,-0.420397
0.001715,0.114067,-0.410465
0.011061,0.100575,-0.399846
-0.006545,0.104599,-0.409445
0.001793,0.103945,-0.408360
-0.020286,0.106715,-0.392392
-0.010492,0.115417,-0.409720
-0.024689,0.115701,-0.403195
-0.022668,0.101434,-0.395965
-0.024005,0.112341,-0.411893
-0.022081,0.108616,-0.403288
-0.029137,0.108929,-0.398178
-0.028128,0.109963,-0.405757
-0.041734,0.119167,-0.404623
-0.036382,0.125297,-0.408729
-0.040140,0.125452,-0.398635
-0.040304,0.125331,-0.389012
-0.048238,0.128006,-0.393566
-0.060728,0.125350,-0.388886
-0.054273,0.123062,-0.389221
-0.068507,0.130194,-0.401304
-0.058749,0.127156,-0.394176
-0.062506,0.119046,-0.388461
-0.065118,0.124339,-0.385374
-0.064342,0.129215,-0.393037
-0.069230,0.130575,-0.391356
-0.085110,0.130484,-0.371668
-0.081195,0.140502,-0.387407
-0.074407,0.128250,-0.388175
-0.091251,0.132785,-0.396611
-0.088070,0.128049,-0.382069
-0.088434,0.135196,-0.382308
-0.096942,0.136797,-0.387104
-0.095461,0.134340,-0.388937
-0.103588,0.129201,-0.384748
-0.109626,0.136389,-0.389755
-0.107825,0.140992,-0.384049
-0.105805,0.130832,-0.385129
-0.121487,0.136208,-0.394475
-0.118210,0.128950,-0.392299
-0.119875,0.133440,-0.387834
-0.125225,0.136537,-0.376787
-0.133161,0.136486,-0.384628
-0.128737,0.137059,-0.381568
-0.143846,0.131079,-0.384319
-0.134397,0.132276,-0.386433
-0.147292,0.137742,-0.382757
-0.151848,0.128948,-0.381599
-0.152627,0.131964,-0.385431
-0.147307,0.134787,-0.393501
-0.170197,0.133101,-0.399182
-0.169696,0.129856,-0.378466
-0.155386,0.127475,-0.385948
-0.173662,0.137692,-0.377356
-0.168089,0.139218,-0.392065
-0.168703,0.131420,-0.388387
-0.178479,0.133021,-0.382742
-0.184998,0.125676,-0.397530
-0.188776,0.124014,-0.396710
-0.184825,0.116603,-0.395650
-0.196921,0.109872,-0.406019
-0.194739,0.108931,-0.405130
-0.188306,0.104447,-0.410639
-0.201669,0.107843,-0.421146
-0.206199,0.104240,-0.413432
-0.207274,0.099950,-0.416703
-0.215416,0.094803,-0.427394
-0.224845,0.079406,-0.425024
0.063050,0.051600,-0.447134
0.065356,0.059387,-0.448258
0.057994,0.073568,-0.431548
0.054344,0.071484,-0.425413
0.044635,0.075202,-0.437125
0.043469,0.085816,-0.427749
0.041973,0.081361,-0.433163
0.035214,0.077219,-0.420307
0.029609,0.095076,-0.427255
0.031887,0.083659,-0.415125
0.032765,0.086185,-0.414276
0.023249,0.091418,-0.416100
0.024499,0.095934,-0.405832
0.019771,0.084821,-0.418701
0.011982,0.101498,-0.412007
0.011080,0.107208,-0.412030
0.011222,0.099638,-0.414446
0.001005,0.105610,-0.406757
0.003629,0.102633,-0.413813
-0.005561,0.113196,-0.407162
-0.003487,0.114501,-0.412677
-0.009265,0.105055,-0.402857
-0.017591,0.098530,-0.392883
-0.016210,0.099289,-0.393492
-0.011573,0.100449,-0.405838
-0.022334,0.116119,-0.398681
-0.014741,0.122527,-0.397305
-0.033452,0.114101,-0.408808
-0.037740,0.120436,-0.403028
-0.037026,0.114426,-0.390788
-0.034521,0.119688,-0.393148
-0.045256,0.122850,-0.394688
-0.055940,0.115978,-0.395237
-0.046861,0.116058,-0.391603
-0.049592,0.123542,-0.385597
-0.051952,0.119871,-0.390843
-0.067070,0.124954,-0.388299
-0.065474,0.121760,-0.388143
-0.062920,0.122367,-0.392052
-0.074084,0.124804,-0.388210
-0.074313,0.126940,-0.381708
-0.073853,0.138922,-0.385613
-0.074460,0.121943,-0.377861
-0.083768,0.131850,-0.388666
-0.081334,0.126826,-0.381292
-0.091874,0.138904,-0.374308
-0.084455,0.130073,-0.380623
-0.091942,0.134552,-0.387113
-0.101639,0.127455,-0.387279
-0.094861,0.135253,-0.370235
-0.103399,0.123509,-0.382739
-0.106463,0.128807,-0.383983
-0.111747,0.137897,-0.380540
-0.109110,0.137566,-0.375125
-0.116053,0.134356,-0.379176
-0.121753,0.137240,-0.385970
-0.127395,0.132455,-0.378528
-0.125187,0.138595,-0.389978
-0.133696,0.126514,-0.382483
-0.123039,0.122073,-0.380701
-0.132120,0.127873,-0.381310
-0.141245,0.131651,-0.382955
-0.138318,0.135113,-0.382578
-0.142915,0.128437,-0.378076
-0.144508,0.133059,-0.391413
-0.147002,0.132286,-0.376057
-0.150521,0.128893,-0.380332
-0.158970,0.134657,-0.393632
-0.177120,0.124776,-0.384045
-0.163650,0.127540,-0.381664
-0.175126,0.124434,-0.383577
-0.162306,0.120588,-0.382815
-0.184660,0.118050,-0.394008
-0.171390,0.119687,-0.388963
-0.175973,0.129256,-0.396243
-0.193139,0.108653,-0.395091
-0.187552,0.113810,-0.403831
-0.196143,0.102193,-0.405579
-0.194680,0.098111,-0.409721
-0.214268,0.103302,-0.409954
-0.197593,0.097929,-0.411042
-0.208494,0.094287,-0.408420
-0.206942,0.089554,-0.416937
0.066443,0.046909,-0.437646
0.067893,0.065105,-0.436699
0.050330,0.070983,-0.428110
0.046926,0.075864,-0.430949
0.047084,0.085660,-0.415939
0.039691,0.082186,-0.418195
0.053621,0.084676,-0.424316
0.036889,0.083487,-0.420523
0.038593,0.076322,-0.409977
0.032049,0.089893,-0.422955
0.033118,0.086394,-0.410836
0.030712,0.080216,-0.422108
0.025632,0.091553,-0.410831
0.018987,0.093883,-0.419590
0.016781,0.091139,-0.411535
0.010389,0.099043,-0.411689
0.000828,0.097488,-0.402588
0.011943,0.102971,-0.403432
0.005590,0.091755,-0.409891
-0.005372,0.101580,-0.403264
-0.009181,0.103569,-0.404714
-0.009973,0.096860,-0.396974
-0.003755,0.102576,-0.397443
-0.013522,0.103068,-0.392174
-0.019565,0.099281,-0.392817
-0.021538,0.101130,-0.397798
-0.019659,0.108146,-0.402011
-0.030316,0.116927,-0.388504
-0.043125,0.111172,-0.395984
-0.030413,0.117962,-0.390183
-0.041842,0.111608,-0.389118
-0.054618,0.117891,-0.389733
-0.039228,0.117635,-0.382226
-0.053109,0.119431,-0.386840
-0.060802,0.118746,-0.386994
-0.059313,0.128533,-0.392261
-0.062162,0.117460,-0.383288
-0.070561,0.120930,-0.392281
-0.063489,0.128835,-0.384744
-0.059719,0.128911,-0.387596
-0.070082,0.115444,-0.383601
-0.081401,0.124075,-0.387478
-0.078911,0.131591,-0.386671
-0.083541,0.124644,-0.374911
-0.079224,0.127759,-0.373619
-0.089759,0.130825,-0.374910
-0.096504,0.131881,-0.377160
-0.090472,0.132008,-0.373599
-0.097382,0.132024,-0.376063
-0.098461,0.124254,-0.379572
-0.097589,0.130758,-0.381394
-0.101862,0.130117,-0.377211
-0.109042,0.123849,-0.375523
-0.108707,0.132638,-0.377722
-0.113607,0.129545,-0.376164
-0.125842,0.132630,-0.379071
-0.127272,0.129986,-0.379102
-0.133024,0.122555,-0.368824
-0.120838,0.130567,-0.379409
-0.132952,0.141057,-0.380755
-0.134860,0.123683,-0.381119
-0.141723,0.128278,-0.379436
-0.141760,0.135452,-0.373604
-0.135712,0.127041,-0.379557
-0.154407,0.130844,-0.378028
-0.145977,0.122399,-0.382936
-0.165477,0.124523,-0.384802
-0.160660,0.122781,-0.375924
-0.158088,0.129494,-0.370423
-0.156956,0.124783,-0.382479
-0.171183,0.128385,-0.379040
-0.182482,0.127394,-0.390167
-0.160256,0.123139,-0.379842
-0.173645,0.114783,-0.389154
-0.191619,0.121424,-0.384280
-0.192823,0.118651,-0.394514
-0.190739,0.112649,-0.398987
-0.201849,0.102223,-0.406883
-0.194239,0.100888,-0.404534
-0.196059,0.086187,-0.409186
-0.204518,0.097791,-0.404617
-0.209871,0.095872,-0.408539
-0.211537,0.078129,-0.419113
0.062243,0.060502,-0.433032
0.062908,0.059051,-0.435797
0.066784,0.077880,-0.425822
0.053024,0.072284,-0.413109
0.047438,0.068912,-0.428515
0.043359,0.081720,-0.426283
0.038042,0.086185,-0.425454
0.038501,0.074751,-0.411752
0.031779,0.079403,-0.408949
0.030337,0.085119,-0.416762
0.026023,0.088868,-0.410694
0.019425,0.103504,-0.412195
0.029069,0.087986,-0.404646
0.026096,0.092640,-0.404843
0.008700,0.094978,-0.409442
0.022629,0.088788,-0.406894
0.010622,0.096175,-0.407139
0.002054,0.087610,-0.403584
-0.000037,0.099204,-0.404849
-0.007152,0.096391,-0.397799
-0.002743,0.097515,-0.403752
-0.009334,0.108765,-0.392259
-0.012397,0.087027,-0.402711
-0.027539,0.113771,-0.391749
-0.018825,0.107809,-0.398345
-0.019382,0.103143,-0.388688
-0.027798,0.104373,-0.395124
-0.028426,0.108527,-0.398598
-0.031500,0.103273,-0.396202
-0.030909,0.110397,-0.393620
-0.038822,0.105169,-0.389390
-0.038643,0.124023,-0.390052
-0.048654,0.119689,-0.388434
-0.050738,0.114611,-0.395063
-0.055363,0.118117,-0.387413
-0.053991,0.120466,-0.385537
-0.062847,0.125084,-0.393838
-0.068193,0.118376,-0.386225
-0.071607,0.123804,-0.379927
-0.075804,0.122572,-0.387506
-0.068344,0.122751,-0.377677
-0.077673,0.118067,-0.390263
-0.077014,0.133816,-0.380695
-0.077737,0.127544,-0.368163
-0.085853,0.129557,-0.379610
-0.085650,0.125848,-0.385372
-0.089055,0.127503,-0.374944
-0.094163,0.121740,-0.376502
-0.100007,0.132961,-0.372226
-0.099261,0.131433,-0.372339
-0.104783,0.129448,-0.381463
-0.110307,0.127401,-0.372233
-0.114562,0.125496,-0.379687
-0.113143,0.128946,-0.373406
-0.121019,0.127709,-0.368924
-0.105942,0.128173,-0.369261
-0.125086,0.131009,-0.377554
-0.129251,0.124305,-0.375476
-0.129641,0.133372,-0.378591
-0.135907,0.131293,-0.376208
-0.139314,0.112631,-0.382265
-0.136674,0.130198,-0.382990
-0.140583,0.122173,-0.376266
-0.151277,0.129719,-0.371941
-0.148393,0.125659,-0.386188
-0.150763,0.121762,-0.379952
-0.157449,0.118625,-0.381255
-0.168205,0.129554,-0.376292
-0.166401,0.118744,-0.380225
-0.160640,0.117856,-0.379111
-0.169644,0.120201,-0.374629
-0.175054,0.123725,-0.387634
-0.174943,0.118607,-0.386884
-0.177648,0.121978,-0.385630
-0.187656,0.105355,-0.383425
-0.179143,0.093941,-0.393205
-0.189409,0.098765,-0.391703
-0.197542,0.102893,-0.400773
-0.202327,0.093201,-0.402391
-0.194214,0.088392,-0.408153
-0.199124,0.078391,-0.403200
-0.209418,0.082618,-0.403321
0.062460,0.049111,-0.440632
0.057210,0.063561,-0.434495
0.060854,0.071674,-0.429561
0.049670,0.076280,-0.414865
0.052080,0.068924,-0.413099
0.051485,0.076028,-0.415392
0.039640,0.070843,-0.413626
0.036433,0.083198,-0.409895
0.044820,0.076787,-0.419655
0.042357,0.080698,-0.410243
0.023910,0.081509,-0.413827
0.025287,0.082375,-0.405138
0.021644,0.091603,-0.402112
0.022998,0.091111,-0.406678
0.015158,0.099108,-0.405253
0.013552,0.088019,-0.404761
0.008673,0.097013,-0.396954
0.005607,0.090506,-0.403088
-0.000003,0.091200,-0.408437
-0.006470,0.095009,-0.390980
-0.002611,0.104350,-0.400295
-0.011768,0.101116,-0.391139
-0.021812,0.099393,-0.391735
-0.018005,0.098934,-0.402606
-0.015111,0.116067,-0.390531
-0.028325,0.098321,-0.392346
-0.016228,0.107604,-0.395282
-0.037204,0.097968,-0.387484
-0.036742,0.099158,-0.395320
-0.026555,0.103753,-0.388118
-0.053321,0.111976,-0.385458
-0.044041,0.106119,-0.387499
-0.045712,0.106536,-0.391261
-0.048791,0.108443,-0.388123
-0.044124,0.107445,-0.381176
-0.054105,0.123280,-0.388827
-0.060697,0.117083,-0.384460
-0.055129,0.109795,-0.389051
-0.068588,0.117647,-0.381213
-0.066195,0.118336,-0.376916
-0.071553,0.120994,-0.380630
-0.071309,0.125577,-0.379182
-0.078318,0.115354,-0.376898
-0.077931,0.119787,-0.371893
-0.081809,0.126063,-0.368654
-0.082440,0.121309,-0.370160
-0.084355,0.131646,-0.377864
-0.096766,0.129861,-0.369211
-0.098118,0.129541,-0.372487
-0.094241,0.123070,-0.369499
-0.101772,0.126099,-0.376498
-0.107679,0.123448,-0.369951
-0.131286,0.118796,-0.377632
-0.110376,0.125113,-0.371853
-0.124545,0.121812,-0.378232
-0.110328,0.114474,-0.367659
-0.117646,0.127037,-0.364053
-0.131769,0.132955,-0.361179
-0.127872,0.121169,-0.373175
-0.126723,0.120564,-0.374360
-0.136485,0.126054,-0.369644
-0.136881,0.128082,-0.382425
-0.142169,0.118360,-0.373641
-0.150385,0.122577,-0.366597
-0.146449,0.119235,-0.369447
-0.163864,0.119915,-0.384813
-0.158868,0.123655,-0.365168
-0.158120,0.119372,-0.373774
-0.166853,0.116923,-0.380825
-0.169606,0.121027,-0.374525
-0.164081,0.120742,-0.383129
-0.176686,0.119674,-0.377515
-0.179139,0.109812,-0.377103
-0.181109,0.119031,-0.394223
-0.176601,0.104833,-0.390145
-0.189532,0.097625,-0.384106
-0.197157,0.110029,-0.395851
-0.188350,0.092561,-0.397919
-0.195770,0.090797,-0.409000
-0.199678,0.087149,-0.405543
-0.200869,0.083103,-0.408457
-0.207309,0.080434,-0.419331
0.067629,0.054911,-0.435727
0.063412,0.056239,-0.437413
0.059626,0.067495,-0.427380
0.047539,0.067755,-0.417236
0.048155,0.067344,-0.413345
0.034593,0.065263,-0.420900
0.041758,0.073026,-0.410994
0.040634,0.085964,-0.419861
0.031965,0.085242,-0.410230
0.043734,0.079782,-0.413581
0.026818,0.088276,-0.408202
0.032315,0.081268,-0.403406
0.021869,0.091606,-0.407466
0.012221,0.088502,-0.403690
0.016973,0.100727,-0.403334
0.010013,0.094288,-0.394794
0.003578,0.092229,-0.400579
-0.004224,0.098157,-0.389779
0.001144,0.088086,-0.397158
-0.007614,0.094326,-0.393615
0.004155,0.099414,-0.391805
-0.007657,0.092986,-0.404451
-0.013841,0.090346,-0.392681
-0.018358,0.100550,-0.397248
-0.010022,0.096195,-0.387719
-0.023830,0.090825,-0.403200
-0.028337,0.098108,-0.394512
-0.029305,0.107753,-0.382416
-0.039009,0.115305,-0.394651
-0.023828,0.098673,-0.391478
-0.036934,0.110490,-0.389503
-0.041928,0.110953,-0.382285
-0.057634,0.107017,-0.372954
-0.046525,0.121726,-0.381753
-0.043791,0.114951,-0.379322
-0.058268,0.111669,-0.375321
-0.059597,0.126903,-0.377231
-0.062851,0.116162,-0.367412
-0.076805,0.112724,-0.369823
-0.061710,0.124667,-0.374433
-0.068801,0.123016,-0.381825
-0.074166,0.118720,-0.381123
-0.079059,0.118315,-0.371142
-0.078378,0.118346,-0.372186
-0.083344,0.118622,-0.370781
-0.084837,0.115201,-0.372183
-0.091994,0.130151,-0.372325
-0.090089,0.113851,-0.376435
-0.096490,0.127734,-0.368999
-0.102332,0.126899,-0.372562
-0.109854,0.123909,-0.363090
-0.105130,0.130832,-0.374049
-0.118584,0.120126,-0.368487
-0.120323,0.123783,-0.366652
-0.113547,0.129944,-0.369015
-0.112581,0.130895,-0.376035
-0.122044,0.118773,-0.366808
-0.124884,0.129039,-0.370603
-0.123928,0.127568,-0.370777
-0.130774,0.124104,-0.371811
-0.132667,0.123867,-0.372625
-0.142716,0.124274,-0.371169
-0.143871,0.125038,-0.370971
-0.149371,0.128285,-0.369443
-0.149709,0.117314,-0.374405
-0.159878,0.120896,-0.360730
-0.153963,0.119440,-0.377772
-0.157870,0.118796,-0.375059
-0.167208,0.122039,-0.377882
-0.179809,0.123981,-0.375202
-0.172607,0.117879,-0.384723
-0.170894,0.105819,-0.377914
-0.184727,0.113798,-0.385196
-0.180665,0.106679,-0.384275
-0.187490,0.101490,-0.392659
-0.188205,0.099392,-0.391838
-0.188973,0.089442,-0.387924
-0.183336,0.089155,-0.394759
-0.202035,0.085646,-0.397730
-0.205867,0.072687,-0.404331
-0.207868,0.073629,-0.413755
-0.206519,0.061786,-0.421329
0.062811,0.048193,-0.421439
0.054229,0.062463,-0.416277
0.070010,0.056837,-0.422447
0.057991,0.071265,-0.410067
0.048801,0.074572,-0.410391
0.035914,0.081161,-0.415217
0.043504,0.070570,-0.412309
0.035943,0.072285,-0.399739
0.032856,0.073778,-0.407952
0.020717,0.071925,-0.404531
0.026183,0.070842,-0.403449
0.022095,0.079083,-0.396698
0.020454,0.087457,-0.397461
0.018397,0.072934,-0.395908
0.014983,0.083088,-0.405206
0.015242,0.078097,-0.399046
0.006676,0.096426,-0.396605
0.014260,0.087987,-0.394652
0.000525,0.091285,-0.394828
-0.002016,0.091525,-0.391264
-0.008731,0.090028,-0.390920
-0.000879,0.094027,-0.396417
-0.014076,0.082697,-0.394352
-0.013045,0.097983,-0.388956
-0.021362,0.095504,-0.388563
-0.022353,0.096527,-0.394435
-0.014816,0.092395,-0.388861
-0.035432,0.085115,-0.381999
-0.027503,0.103909,-0.384581
-0.029320,0.096192,-0.382856
-0.043358,0.106462,-0.378993
-0.032413,0.108644,-0.380554
-0.045244,0.101201,-0.377691
-0.045125,0.113412,-0.389477
-0.063452,0.116950,-0.375804
-0.057343,0.114217,-0.378114
-0.052256,0.111501,-0.378146
-0.057897,0.111805,-0.368855
-0.056882,0.121423,-0.372049
-0.056923,0.117717,-0.367096
-0.071506,0.118100,-0.375343
-0.078483,0.120914,-0.367605
-0.073156,0.121817,-0.371606
-0.079121,0.118708,-0.377613
-0.084008,0.121887,-0.363202
-0.095749,0.123199,-0.374899
-0.086180,0.115917,-0.367380
-0.090337,0.125787,-0.377754
-0.104781,0.123975,-0.358903
-0.103585,0.126582,-0.356605
-0.100164,0.112999,-0.358431
-0.108722,0.120266,-0.368826
-0.113248,0.130525,-0.364007
-0.115724,0.117371,-0.362906
-0.119067,0.118525,-0.372096
-0.123264,0.120842,-0.363539
-0.122453,0.117054,-0.364610
-0.127202,0.127215,-0.364644
-0.133467,0.121537,-0.366673
-0.123781,0.124118,-0.361528
-0.136333,0.125791,-0.363730
-0.146784,0.122156,-0.362210
-0.137367,0.128503,-0.367181
-0.148947,0.122645,-0.374836
-0.142501,0.118157,-0.378854
-0.161069,0.115053,-0.369382
-0.150187,0.107408,-0.365223
-0.157890,0.114751,-0.369496
-0.158171,0.116587,-0.380752
-0.163865,0.111617,-0.362138
-0.172658,0.113429,-0.376598
-0.178924,0.109186,-0.382994
-0.181880,0.104443,-0.388259
-0.183169,0.111452,-0.393308
-0.185996,0.086390,-0.390096
-0.194072,0.098860,-0.386646
-0.193796,0.091025,-0.395960
-0.186947,0.087217,-0.398844
-0.203892,0.079992,-0.415067
-0.200200,0.068757,-0.413646
-0.218751,0.074743,-0.414907
0.065460,0.052917,-0.430557
0.061049,0.052156,-0.411615
0.057541,0.061044,-0.410691
0.046127,0.054929,-0.416074
0.036930,0.068374,-0.410480
0.051536,0.072840,-0.410348
0.036791,0.074662,-0.410784
0.035717,0.069479,-0.410097
0.030458,0.077576,-0.402978
0.034351,0.073371,-0.398268
0.022093,0.076875,-0.408317
0.023424,0.084360,-0.394380
0.020178,0.074663,-0.405608
0.014910,0.083065,-0.400389
0.009056,0.079969,-0.403537
0.019407,0.081605,-0.396994
-0.002422,0.086275,-0.380615
0.007872,0.088210,-0.396639
0.005229,0.079704,-0.390395
0.005011,0.093885,-0.388261
-0.007900,0.090155,-0.386822
-0.013023,0.096118,-0.393367
-0.007325,0.085010,-0.388817
-0.007612,0.094253,-0.385815
-0.014644,0.083608,-0.393575
-0.026311,0.096112,-0.391139
-0.022544,0.089516,-0.388745
-0.025470,0.099344,-0.393136
-0.037012,0.098092,-0.389399
-0.033185,0.091690,-0.386521
-0.045211,0.096046,-0.385050
-0.045057,0.111341,-0.385149
-0.045248,0.091423,-0.377554
-0.054595,0.102027,-0.377899
-0.057104,0.108919,-0.370840
-0.061221,0.108644,-0.371801
-0.061854,0.109455,-0.371742
-0.060230,0.117453,-0.380096
-0.057590,0.118722,-0.363352
-0.069790,0.109303,-0.375445
-0.073381,0.101234,-0.367477
-0.066858,0.114954,-0.368770
-0.079900,0.119340,-0.371695
-0.079134,0.133246,-0.367718
-0.079928,0.116648,-0.367231
-0.091690,0.118323,-0.373349
-0.095655,0.113759,-0.361899
-0.084891,0.124524,-0.368225
-0.100615,0.121415,-0.364636
-0.102137,0.125633,-0.364303
-0.098273,0.106047,-0.366020
-0.099870,0.130183,-0.371354
-0.116424,0.111803,-0.361489
-0.123055,0.122225,-0.359646
-0.112153,0.119878,-0.365708
-0.123411,0.116072,-0.356344
-0.130810,0.112264,-0.367310
-0.128441,0.125939,-0.371679
-0.131059,0.122568,-0.356921
-0.130511,0.123630,-0.367708
-0.139846,0.125896,-0.372147
-0.130934,0.124660,-0.376251
-0.135412,0.116117,-0.371350
-0.143589,0.128071,-0.364339
-0.152023,0.118261,-0.364197
-0.154021,0.120328,-0.369625
-0.151808,0.118843,-0.370669
-0.160373,0.120430,-0.371770
-0.163429,0.114732,-0.366487
-0.166962,0.113828,-0.378837
-0.168300,0.103913,-0.379129
-0.177857,0.100204,-0.377421
-0.171675,0.105866,-0.385417
-0.180267,0.088381,-0.377177
-0.189270,0.086315,-0.386559
-0.192002,0.097745,-0.386920
-0.192725,0.088205,-0.395721
-0.195624,0.081250,-0.397207
-0.204132,0.070672,-0.404935
-0.209258,0.072224,-0.398117
-0.200670,0.054380,-0.420868
0.060250,0.041261,-0.424531
0.063975,0.049747,-0.416621
0.060207,0.056552,-0.424617
0.054778,0.058005,-0.413272
0.044175,0.060183,-0.411486
0.046370,0.059912,-0.403827
0.033186,0.069546,-0.405308
0.034053,0.062840,-0.409361
0.032889,0.075980,-0.398401
0.036037,0.077841,-0.410086
0.033239,0.075373,-0.392445
0.027005,0.073030,-0.390837
0.018621,0.084893,-0.388376
0.014642,0.076552,-0.398988
0.009256,0.087394,-0.391768
0.015435,0.091417,-0.391008
0.016764,0.081415,-0.389011
0.005366,0.074913,-0.390626
0.009722,0.080234,-0.389748
-0.000887,0.084158,-0.390300
0.001597,0.087156,-0.388981
-0.012008,0.084161,-0.386222
-0.007934,0.092023,-0.396140
-0.014864,0.087479,-0.386392
-0.013555,0.089383,-0.383633
-0.016020,0.095997,-0.388501
-0.029943,0.094380,-0.382004
-0.022068,0.091423,-0.391743
-0.031526,0.090016,-0.375543
-0.039215,0.096846,-0.379301
-0.039486,0.089992,-0.378959
-0.041634,0.097222,-0.386633
-0.037838,0.095466,-0.375543
-0.054033,0.098468,-0.377989
-0.045084,0.113902,-0.362460
-0.057413,0.111024,-0.373786
-0.060959,0.118673,-0.371065
-0.059038,0.111413,-0.365228
-0.066074,0.113706,-0.369323
-0.069950,0.117802,-0.369070
-0.076822,0.113653,-0.374996
-0.076262,0.117374,-0.365568
-0.082005,0.112883,-0.362758
-0.088479,0.118722,-0.366474
-0.079353,0.119838,-0.364532
-0.092674,0.123381,-0.362539
-0.083851,0.115981,-0.363727
-0.086528,0.119697,-0.362706
-0.094855,0.118273,-0.354532
-0.095795,0.116799,-0.360792
-0.106642,0.110332,-0.360953
-0.107730,0.118556,-0.353061
-0.109507,0.123850,-0.368649
-0.110652,0.120368,-0.355638
-0.109800,0.125319,-0.369821
-0.120022,0.115950,-0.352618
-0.115513,0.124960,-0.365357
-0.128356,0.122089,-0.366645
-0.120598,0.115717,-0.360619
-0.136579,0.118605,-0.361706
-0.140923,0.118719,-0.364776
-0.142672,0.116321,-0.360612
-0.145714,0.113726,-0.365213
-0.149137,0.112894,-0.366631
-0.144697,0.121942,-0.372341
-0.157880,0.117380,-0.364907
-0.162195,0.108606,-0.368000
-0.171066,0.118049,-0.368848
-0.158002,0.110422,-0.369294
-0.172892,0.114785,-0.371688
-0.163177,0.098568,-0.367272
-0.178469,0.104139,-0.370194
-0.179846,0.089782,-0.382595
-0.187149,0.091785,-0.388986
-0.185393,0.091952,-0.393285
-0.188971,0.087096,-0.400047
-0.193796,0.078774,-0.390926
-0.193755,0.077600,-0.402473
-0.190131,0.074924,-0.405179
-0.194212,0.064732,-0.416515
0.071420,0.039274,-0.420249
0.064736,0.039116,-0.410834
0.050985,0.046842,-0.413185
0.055151,0.061634,-0.399956
0.054997,0.064420,-0.404032
0.052765,0.065633,-0.416634
0.033184,0.063012,-0.398097
0.038025,0.068590,-0.402803
0.031377,0.067685,-0.395001
0.034810,0.071691,-0.396428
0.020376,0.076690,-0.394239
0.026499,0.080448,-0.394343
0.025688,0.079239,-0.391633
0.024643,0.071473,-0.397124
0.013287,0.070342,-0.388454
0.003276,0.080269,-0.389587
0.010993,0.092320,-0.402716
-0.005772,0.079519,-0.382621
0.012732,0.083612,-0.379558
0.000286,0.087872,-0.386555
-0.007734,0.085276,-0.387988
-0.016211,0.081702,-0.387191
-0.011221,0.078110,-0.375933
-0.012143,0.085002,-0.375373
-0.019753,0.084394,-0.381916
-0.019499,0.088878,-0.388451
-0.031895,0.089482,-0.380016
-0.029862,0.092143,-0.382285
-0.028787,0.088408,-0.378287
-0.038144,0.086891,-0.386905
-0.045263,0.091832,-0.385405
-0.051124,0.089212,-0.379287
-0.039478,0.094611,-0.373409
-0.049136,0.110525,-0.364313
-0.049318,0.096402,-0.365611
-0.059279,0.103963,-0.367251
-0.059009,0.097870,-0.369206
-0.062123,0.107557,-0.357554
-0.061399,0.107750,-0.370582
-0.069821,0.110976,-0.370499
-0.068238,0.111601,-0.365200
-0.075899,0.112023,-0.362943
-0.071292,0.123524,-0.349568
-0.079213,0.117089,-0.352568
-0.086762,0.124587,-0.357189
-0.085805,0.117691,-0.364398
-0.088895,0.111994,-0.359687
-0.090431,0.133354,-0.345791
-0.103705,0.118506,-0.359037
-0.107657,0.119847,-0.347425
-0.104559,0.116692,-0.362180
-0.107290,0.121313,-0.354507
-0.103775,0.118249,-0.352871
-0.108711,0.115877,-0.359846
-0.123759,0.123251,-0.364252
-0.120810,0.114733,-0.364519
-0.126716,0.116684,-0.361486
-0.122386,0.112281,-0.351007
-0.133264,0.119340,-0.352439
-0.141394,0.111932,-0.360496
-0.133790,0.107685,-0.368411
-0.139131,0.108474,-0.367104
-0.138631,0.118380,-0.360487
-0.147934,0.122423,-0.352724
-0.153420,0.113939,-0.360632
-0.155424,0.106065,-0.361309
-0.157828,0.108333,-0.359961
-0.166401,0.111949,-0.362596
-0.167142,0.111689,-0.366116
-0.170038,0.108512,-0.365108
-0.165068,0.101355,-0.376670
-0.179296,0.085318,-0.382447
-0.185812,0.087645,-0.380266
-0.176367,0.087504,-0.378475
-0.182656,0.083569,-0.386317
-0.185602,0.079421,-0.388768
-0.199668,0.071119,-0.401453
-0.196233,0.077780,-0.399521
-0.197233,0.067420,-0.413789
-0.200895,0.055573,-0.410541
0.067771,0.028043,-0.422093
0.060149,0.048189,-0.422481
0.055438,0.042843,-0.405167
0.052852,0.053611,-0.400153
0.046571,0.054518,-0.390205
0.051325,0.066284,-0.395040
0.034671,0.058964,-0.389899
0.040971,0.060309,-0.394614
0.028533,0.071146,-0.388697
0.038281,0.069891,-0.395569
0.021883,0.071504,-0.395732
0.032172,0.072712,-0.401747
0.025557,0.066898,-0.387055
0.019558,0.075540,-0.399361
0.019623,0.082323,-0.393008
0.010145,0.076948,-0.395289
0.013651,0.077163,-0.375723
-0.007102,0.079354,-0.390043
0.001203,0.077275,-0.379617
-0.006655,0.083073,-0.376253
-0.004343,0.075700,-0.381781
-0.004886,0.079165,-0.385706
-0.015883,0.083282,-0.376706
-0.023026,0.086425,-0.389496
-0.018753,0.083651,-0.382896
-0.023063,0.077030,-0.382625
-0.024153,0.080230,-0.378975
-0.029144,0.087967,-0.374493
-0.029280,0.098428,-0.387179
-0.025888,0.091172,-0.377939
-0.044720,0.083367,-0.379188
-0.043203,0.096476,-0.370979
-0.050251,0.092684,-0.374326
-0.044752,0.093183,-0.366463
-0.050946,0.099536,-0.367746
-0.055472,0.097975,-0.369930
-0.060914,0.096217,-0.360304
-0.057558,0.106332,-0.356233
-0.077263,0.112516,-0.363045
-0.067259,0.100382,-0.362681
-0.075613,0.102413,-0.358907
-0.067874,0.112210,-0.362617
-0.079271,0.108994,-0.349150
-0.088779,0.121259,-0.354860
-0.079785,0.112765,-0.356598
-0.086977,0.114727,-0.349153
-0.094856,0.114242,-0.354032
-0.101773,0.111740,-0.355382
-0.097622,0.112359,-0.351456
-0.094478,0.115402,-0.350446
-0.104505,0.113544,-0.352475
-0.111135,0.120675,-0.351869
-0.109730,0.117868,-0.349623
-0.117214,0.117880,-0.346533
-0.123003,0.112949,-0.359898
-0.124957,0.107552,-0.356447
-0.129613,0.116750,-0.355995
-0.130839,0.118613,-0.350042
-0.134408,0.109260,-0.347727
-0.134903,0.120653,-0.353999
-0.134063,0.114915,-0.357804
-0.139790,0.115024,-0.352978
-0.142322,0.109553,-0.361062
-0.143784,0.100357,-0.355977
-0.152814,0.120120,-0.363354
-0.156878,0.107920,-0.363270
-0.151539,0.103843,-0.354829
-0.159389,0.110985,-0.360077
-0.162621,0.105786,-0.359210
-0.173310,0.111625,-0.364474
-0.159294,0.092829,-0.376881
-0.172758,0.094179,-0.373248
-0.176161,0.079794,-0.373682
-0.183069,0.074188,-0.387691
-0.189334,0.069421,-0.391071
-0.198740,0.064070,-0.388721
-0.188827,0.065246,-0.387792
-0.193866,0.069172,-0.396965
-0.197143,0.070568,-0.401645
0.062431,0.037426,-0.414562
0.055753,0.049521,-0.408393
0.049413,0.046002,-0.405999
0.057643,0.050571,-0.407097
0.044266,0.057422,-0.404604
0.040363,0.064029,-0.391691
0.044312,0.070874,-0.400615
0.035684,0.068679,-0.391343
0.030332,0.065829,-0.396832
0.027926,0.061719,-0.392172
0.027558,0.068007,-0.386466
0.022839,0.082139,-0.385121
0.022236,0.082010,-0.382359
0.017154,0.084687,-0.378023
0.014847,0.072841,-0.387545
-0.001593,0.067627,-0.381352
-0.000669,0.074673,-0.392823
0.000197,0.072439,-0.380703
0.005486,0.086522,-0.375943
-0.007940,0.083437,-0.381378
-0.002757,0.085101,-0.382967
-0.007949,0.079521,-0.384135
-0.010853,0.078597,-0.380909
-0.021186,0.079891,-0.379505
-0.019847,0.085442,-0.379345
-0.029133,0.085732,-0.373040
-0.033241,0.087187,-0.378705
-0.027742,0.089765,-0.370123
-0.035041,0.092332,-0.375726
-0.042771,0.082201,-0.371632
-0.043746,0.091785,-0.374556
-0.038952,0.096016,-0.366225
-0.053419,0.101110,-0.368981
-0.052480,0.100034,-0.354548
-0.062447,0.087729,-0.358016
-0.058301,0.104734,-0.360208
-0.048402,0.096621,-0.356045
-0.071109,0.109770,-0.352369
-0.067645,0.111544,-0.359067
-0.065165,0.105230,-0.347293
-0.071651,0.112081,-0.355170
-0.075244,0.105692,-0.349316
-0.075926,0.105358,-0.359999
-0.083366,0.115084,-0.364313
-0.082996,0.112607,-0.354385
-0.089872,0.108027,-0.350867
-0.095263,0.111568,-0.358018
-0.096066,0.116769,-0.344084
-0.101252,0.118408,-0.355326
-0.105968,0.128818,-0.355811
-0.104196,0.122959,-0.353586
-0.110690,0.120305,-0.348133
-0.123689,0.113212,-0.344423
-0.119444,0.113614,-0.343178
-0.125958,0.109865,-0.351717
-0.123376,0.121036,-0.354206
-0.121084,0.110473,-0.352126
-0.120303,0.112071,-0.345969
-0.146770,0.124971,-0.356880
-0.143430,0.103563,-0.358193
-0.152311,0.108464,-0.347951
-0.140058,0.104998,-0.353898
-0.135050,0.107488,-0.343754
-0.153017,0.105489,-0.357275
-0.157756,0.104358,-0.358399
-0.155800,0.108156,-0.357464
-0.160492,0.108879,-0.355231
-0.161975,0.102697,-0.360268
-0.174315,0.102037,-0.368190
-0.173717,0.097988,-0.358101
-0.179076,0.081594,-0.375322
-0.178986,0.082110,-0.377347
-0.177572,0.079345,-0.388549
-0.192150,0.069989,-0.394774
-0.189127,0.066537,-0.390264
-0.192666,0.066289,-0.392738
-0.206238,0.062678,-0.396400
-0.197247,0.046720,-0.405966
0.056413,0.040388,-0.417977
0.055161,0.040305,-0.405501
0.056156,0.035360,-0.407419
0.053012,0.049573,-0.393477
0.044826,0.055769,-0.393758
0.038138,0.048488,-0.391971
0.037063,0.053786,-0.395043
0.033807,0.058833,-0.397635
0.020685,0.063924,-0.384944
0.027130,0.071637,-0.386136
0.031612,0.064370,-0.390671
0.026919,0.058356,-0.390057
0.020344,0.065314,-0.390683
0.006086,0.067897,-0.384936
0.010239,0.073576,-0.382657
0.006204,0.081392,-0.380888
0.004248,0.071531,-0.371544
-0.005989,0.068130,-0.384418
-0.001575,0.076898,-0.371022
-0.003296,0.071920,-0.378675
-0.011359,0.074857,-0.380984
-0.008821,0.065348,-0.388290
-0.019006,0.078933,-0.382026
-0.014314,0.080270,-0.388928
-0.027157,0.070618,-0.378725
-0.041525,0.079316,-0.378088
-0.043737,0.072851,-0.375384
-0.027768,0.077716,-0.373330
-0.042295,0.080789,-0.364634
-0.040487,0.082977,-0.377086
-0.034992,0.093761,-0.375448
-0.045023,0.090789,-0.375885
-0.053142,0.099003,-0.356293
-0.053070,0.097240,-0.365219
-0.059170,0.096648,-0.365721
-0.050489,0.104479,-0.361463
-0.065204,0.097471,-0.354561
-0.065621,0.090916,-0.354214
-0.067702,0.096863,-0.353614
-0.075650,0.109060,-0.350943
-0.075409,0.100285,-0.354055
-0.074490,0.106080,-0.353411
-0.085265,0.099824,-0.354829
-0.084534,0.113527,-0.346686
-0.085510,0.108265,-0.358887
-0.098193,0.116846,-0.348059
-0.092335,0.117049,-0.343563
-0.090534,0.113332,-0.341336
-0.093254,0.113596,-0.336602
-0.110461,0.114008,-0.342776
-0.112536,0.112047,-0.336206
-0.111553,0.118291,-0.350734
-0.112541,0.116381,-0.353545
-0.110093,0.112090,-0.355952
-0.119711,0.114653,-0.356835
-0.123915,0.113674,-0.343211
-0.125661,0.122761,-0.349360
-0.136159,0.115418,-0.359232
-0.136389,0.123799,-0.345234
-0.136280,0.103470,-0.354136
-0.137922,0.114491,-0.357644
-0.138277,0.101509,-0.345733
-0.156601,0.109655,-0.350913
-0.151022,0.109887,-0.353132
-0.150901,0.107127,-0.355677
-0.161786,0.102450,-0.355744
-0.153570,0.102243,-0.368129
-0.165612,0.098844,-0.357964
-0.170391,0.092845,-0.363632
-0.161713,0.096530,-0.365706
-0.174206,0.086188,-0.377066
-0.171676,0.071138,-0.379224
-0.183990,0.068222,-0.385852
-0.192750,0.071398,-0.386059
-0.191634,0.060509,-0.393569
-0.193876,0.050909,-0.397376
-0.196680,0.052024,-0.396037
0.056765,0.037295,-0.410432
0.053711,0.032535,-0.410807
0.046384,0.049722,-0.399998
0.036757,0.044951,-0.409148
0.042172,0.052176,-0.395822
0.035721,0.050904,-0.395523
0.031642,0.064912,-0.391062
0.032738,0.066377,-0.380360
0.029565,0.064453,-0.390961
0.018822,0.068327,-0.385917
0.017605,0.067755,-0.389133
0.026072,0.067700,-0.376840
0.014718,0.064046,-0.387047
0.007423,0.067431,-0.385331
0.011329,0.076375,-0.375617
0.004371,0.071547,-0.383024
0.000365,0.067957,-0.380857
-0.008417,0.075333,-0.391329
0.001610,0.069340,-0.373722
-0.017366,0.068114,-0.376055
-0.009097,0.062489,-0.388707
-0.017505,0.056958,-0.380430
-0.016126,0.075376,-0.383534
-0.025214,0.068655,-0.374716
-0.022071,0.077292,-0.366617
-0.025354,0.077330,-0.375463
-0.038822,0.078612,-0.366171
-0.039237,0.077775,-0.371358
-0.038565,0.079713,-0.365694
-0.049696,0.082540,-0.371375
-0.040285,0.082709,-0.367312
-0.056726,0.096334,-0.352464
-0.054369,0.092699,-0.362432
-0.063187,0.098856,-0.355705
-0.062935,0.096056,-0.353999
-0.078041,0.096044,-0.354022
-0.059456,0.091446,-0.353564
-0.068674,0.093187,-0.349386
-0.077100,0.101951,-0.357259
-0.082635,0.105693,-0.343811
-0.074235,0.100303,-0.353947
-0.075457,0.107883,-0.349879
-0.086184,0.114343,-0.351880
-0.091217,0.105500,-0.350121
-0.082252,0.115197,-0.336892
-0.095981,0.103579,-0.346921
-0.098890,0.112715,-0.340774
-0.104494,0.116684,-0.340710
-0.106095,0.114667,-0.356741
-0.106527,0.107267,-0.350327
-0.108430,0.118768,-0.346537
-0.114088,0.107960,-0.348501
-0.112759,0.123908,-0.348810
-0.128984,0.114109,-0.333345
-0.123071,0.105088,-0.340921
-0.128648,0.113281,-0.342221
-0.130545,0.108335,-0.344812
-0.133495,0.114157,-0.352606
-0.135732,0.116717,-0.338222
-0.139817,0.107981,-0.345369
-0.142977,0.100040,-0.342456
-0.154305,0.112633,-0.347388
-0.146886,0.104717,-0.337971
-0.155591,0.097548,-0.343968
-0.156008,0.104823,-0.348639
-0.155798,0.099414,-0.344859
-0.162945,0.108013,-0.357947
-0.171333,0.098005,-0.354894
-0.176431,0.091129,-0.360353
-0.178424,0.074174,-0.374237
-0.181566,0.066455,-0.370256
-0.178228,0.066877,-0.381323
-0.178120,0.069678,-0.378108
-0.187575,0.059649,-0.386018
-0.197244,0.052575,-0.397786
-0.196007,0.054917,-0.408199
0.046488,0.029032,-0.401148
0.055641,0.040176,-0.399447
0.056406,0.046209,-0.394471
0.044467,0.052792,-0.394316
0.041174,0.048460,-0.375892
0.042308,0.063302,-0.392557
0.030440,0.053269,-0.389613
0.036404,0.058202,-0.382757
0.026218,0.055096,-0.385694
0.028997,0.055496,-0.380113
0.022200,0.062742,-0.389754
0.018828,0.063091,-0.374438
0.008796,0.059481,-0.372124
0.010900,0.060164,-0.373329
0.013617,0.066076,-0.384996
-0.006901,0.060155,-0.373820
-0.002243,0.066761,-0.383785
-0.000493,0.074783,-0.376945
-0.000814,0.064264,-0.375176
-0.005869,0.069189,-0.384258
-0.013696,0.066382,-0.362578
-0.020796,0.069151,-0.379516
-0.014633,0.079108,-0.373730
-0.019913,0.079627,-0.368457
-0.023042,0.074129,-0.371662
-0.030458,0.075491,-0.367488
-0.032170,0.070272,-0.372790
-0.034051,0.083086,-0.368714
-0.040569,0.082498,-0.372787
-0.037425,0.072695,-0.365040
-0.047585,0.084618,-0.361371
-0.054545,0.090091,-0.366292
-0.055369,0.090040,-0.353166
-0.050784,0.092515,-0.352400
-0.065257,0.098697,-0.355544
-0.066516,0.094705,-0.362020
-0.060947,0.110260,-0.345715
-0.064243,0.104099,-0.342654
-0.077101,0.106440,-0.348735
-0.067635,0.099997,-0.346291
-0.084882,0.102545,-0.341915
-0.088938,0.100485,-0.348497
-0.084380,0.104548,-0.337488
-0.084666,0.111190,-0.344349
-0.095957,0.104872,-0.339853
-0.099707,0.094223,-0.350144
-0.100165,0.108374,-0.349440
-0.095101,0.100974,-0.346439
-0.100916,0.113591,-0.336647
-0.107869,0.113232,-0.339166
-0.117129,0.104616,-0.344347
-0.115451,0.114150,-0.334515
-0.127621,0.117973,-0.340107
-0.122148,0.113950,-0.340127
-0.126795,0.106849,-0.331519
-0.124553,0.103315,-0.344097
-0.127606,0.111198,-0.342629
-0.132969,0.111597,-0.347263
-0.136474,0.101512,-0.346337
-0.141380,0.115017,-0.342089
-0.145890,0.108309,-0.346470
-0.145425,0.111934,-0.347145
-0.147974,0.105523,-0.344146
-0.142783,0.109000,-0.342340
-0.158646,0.101770,-0.347293
-0.164349,0.098398,-0.349684
-0.170286,0.089049,-0.361116
-0.179070,0.092522,-0.360388
-0.164983,0.085639,-0.355666
-0.174013,0.079562,-0.371567
-0.174038,0.068984,-0.365534
-0.178279,0.067740,-0.379644
-0.189146,0.054310,-0.379645
-0.180573,0.058894,-0.385415
-0.188480,0.046976,-0.397640
0.056728,0.022287,-0.404587
0.045225,0.038397,-0.399117
0.047351,0.041453,-0.393537
0.039321,0.047409,-0.392794
0.046656,0.050188,-0.384987
0.040976,0.052942,-0.389045
0.033888,0.062888,-0.385385
0.023908,0.060642,-0.376561
0.026374,0.053906,-0.388261
0.022821,0.059464,-0.377138
0.012671,0.062104,-0.378673
0.019473,0.066272,-0.372465
0.012297,0.067462,-0.378762
0.010137,0.061209,-0.378431
0.013574,0.065344,-0.381892
0.000461,0.059833,-0.380787
0.003495,0.055652,-0.372093
-0.013647,0.067507,-0.375464
-0.008416,0.068690,-0.377558
-0.014774,0.063649,-0.367060
-0.011389,0.062236,-0.373476
-0.023123,0.062257,-0.377880
-0.024467,0.065093,-0.372475
-0.026312,0.077580,-0.367849
-0.032040,0.070788,-0.360198
-0.031289,0.075406,-0.366578
-0.040383,0.081732,-0.368503
-0.033877,0.076645,-0.361576
-0.042882,0.073231,-0.364455
-0.038263,0.080948,-0.356620
-0.054877,0.083699,-0.360629
-0.055141,0.078575,-0.360700
-0.055195,0.092761,-0.361741
-0.063004,0.087051,-0.349463
-0.060142,0.095233,-0.347086
-0.068807,0.090335,-0.344727
-0.069320,0.091381,-0.347046
-0.075390,0.098756,-0.353506
-0.081333,0.100480,-0.341182
-0.084146,0.103306,-0.338209
-0.074724,0.100808,-0.345098
-0.088424,0.099700,-0.344935
-0.090907,0.105301,-0.332908
-0.094312,0.098170,-0.340751
-0.107966,0.104144,-0.340238
-0.100063,0.105074,-0.338337
-0.096704,0.110837,-0.338639
-0.105914,0.110880,-0.334425
-0.104727,0.109488,-0.339778
-0.111550,0.105742,-0.343837
-0.115973,0.110036,-0.340892
-0.118492,0.104238,-0.334546
-0.124127,0.113681,-0.337136
-0.127938,0.098043,-0.338358
-0.125740,0.108133,-0.343699
-0.131030,0.099457,-0.340627
-0.130111,0.098402,-0.346155
-0.140718,0.109771,-0.337568
-0.139350,0.103924,-0.342495
-0.137833,0.105888,-0.342843
-0.151046,0.099191,-0.343189
-0.144075,0.096138,-0.344596
-0.142451,0.098475,-0.344368
-0.149902,0.099817,-0.347082
-0.160247,0.100833,-0.338602
-0.165303,0.090780,-0.352477
-0.163280,0.082012,-0.354066
-0.162617,0.071926,-0.362609
-0.175886,0.070815,-0.372774
-0.181592,0.060886,-0.371062
-0.175928,0.060368,-0.374540
-0.180950,0.054898,-0.386129
-0.189536,0.045634,-0.388419
-0.192989,0.039390,-0.385886
0.044145,0.027093,-0.405374
0.046573,0.034389,-0.400551
0.044752,0.041576,-0.388775
0.040135,0.038334,-0.390486
0.029948,0.046806,-0.389358
0.027844,0.044724,-0.382312
0.027152,0.046925,-0.382127
0.027137,0.046607,-0.385524
0.017540,0.045994,-0.383359
0.008246,0.057688,-0.370337
0.014004,0.058205,-0.378724
0.014997,0.048426,-0.376662
0.010143,0.055512,-0.376570
0.003084,0.064557,-0.375381
-0.003562,0.052709,-0.374116
-0.000572,0.061115,-0.372858
-0.010964,0.057458,-0.369469
-0.012826,0.067023,-0.372103
-0.019437,0.064893,-0.377978
-0.005576,0.054413,-0.374292
-0.015140,0.063196,-0.369435
-0.021868,0.060278,-0.371270
-0.032762,0.071423,-0.369963
-0.023411,0.061670,-0.361854
-0.031692,0.065927,-0.365980
-0.036770,0.073370,-0.364749
-0.033635,0.071265,-0.365127
-0.041503,0.080307,-0.372764
-0.039488,0.076138,-0.361777
-0.046843,0.079788,-0.355453
-0.055454,0.087260,-0.355973
-0.051595,0.088922,-0.362461
-0.058445,0.086759,-0.357630
-0.066296,0.100934,-0.343200
-0.072868,0.091851,-0.346103
-0.064301,0.097191,-0.347123
-0.072981,0.095967,-0.341893
-0.076762,0.103782,-0.339384
-0.079311,0.101289,-0.341541
-0.081103,0.087013,-0.328519
-0.080405,0.098781,-0.351171
-0.085689,0.105218,-0.332417
-0.101286,0.107649,-0.338085
-0.093335,0.106345,-0.340575
-0.104129,0.106910,-0.339421
-0.097824,0.102217,-0.343272
-0.099891,0.110145,-0.338225
-0.112042,0.102167,-0.330430
-0.114565,0.107483,-0.328377
-0.117131,0.103210,-0.336419
-0.106280,0.113197,-0.334157
-0.130594,0.103962,-0.333136
-0.119836,0.108291,-0.338715
-0.122790,0.104734,-0.332833
-0.131214,0.106086,-0.341338
-0.133587,0.101058,-0.335030
-0.135835,0.099043,-0.336468
-0.136487,0.116339,-0.337601
-0.144350,0.096654,-0.345002
-0.147704,0.102568,-0.344469
-0.152866,0.094871,-0.340740
-0.154746,0.095192,-0.347977
-0.160446,0.087655,-0.341301
-0.160605,0.084108,-0.348685
-0.171732,0.089051,-0.357027
-0.168375,0.073594,-0.362367
-0.169528,0.066166,-0.361531
-0.173879,0.066353,-0.362621
-0.174988,0.066586,-0.370663
-0.180760,0.050492,-0.382162
-0.193415,0.041981,-0.376040
-0.193530,0.042794,-0.389125
0.041344,0.028172,-0.398126
0.036454,0.032167,-0.391858
0.038304,0.032991,-0.394772
0.037485,0.041675,-0.394198
0.032276,0.041797,-0.391216
0.017700,0.054065,-0.382315
0.019590,0.043905,-0.376731
0.018293,0.049637,-0.376228
0.015930,0.045697,-0.370695
0.009613,0.049674,-0.369748
0.003547,0.048151,-0.375274
0.008998,0.058820,-0.372916
0.007591,0.050551,-0.377818
-0.003586,0.055530,-0.379014
-0.010528,0.057988,-0.380519
-0.000481,0.049471,-0.368800
-0.007340,0.057818,-0.376210
-0.020965,0.059725,-0.368012
-0.010403,0.060465,-0.361222
-0.020747,0.065828,-0.365235
-0.022656,0.066442,-0.363600
-0.022096,0.066925,-0.373577
-0.033907,0.061179,-0.360869
-0.039341,0.066603,-0.358481
-0.041120,0.062787,-0.347253
-0.042277,0.074690,-0.355867
-0.043510,0.072463,-0.359422
-0.047530,0.072407,-0.355891
-0.045985,0.079653,-0.355787
-0.059176,0.080870,-0.341463
-0.053815,0.086512,-0.346464
-0.061310,0.088004,-0.344382
-0.065452,0.084399,-0.347835
-0.062007,0.091660,-0.341610
-0.065939,0.094424,-0.347594
-0.077646,0.097666,-0.346291
-0.087591,0.092782,-0.331137
-0.078060,0.097154,-0.342096
-0.091093,0.091287,-0.333651
-0.076797,0.095208,-0.336007
-0.090083,0.090810,-0.331339
-0.090444,0.102215,-0.335353
-0.102089,0.099464,-0.326953
-0.097324,0.105837,-0.335302
-0.103087,0.096333,-0.330342
-0.117284,0.101147,-0.332773
-0.109930,0.105237,-0.342609
-0.116767,0.109569,-0.338193
-0.120253,0.103333,-0.331993
-0.124115,0.107916,-0.337041
-0.133553,0.097348,-0.333719
-0.131714,0.099781,-0.332715
-0.127550,0.089573,-0.335010
-0.132493,0.096646,-0.343038
-0.139619,0.095574,-0.340435
-0.139573,0.089925,-0.337949
-0.138094,0.104462,-0.342261
-0.147428,0.097104,-0.332140
-0.153457,0.088786,-0.331716
-0.150137,0.085407,-0.348925
-0.154434,0.083929,-0.347678
-0.166372,0.081621,-0.347371
-0.155258,0.076584,-0.343947
-0.163200,0.079278,-0.349787
-0.177991,0.065055,-0.366919
-0.169529,0.066713,-0.361422
-0.174616,0.061877,-0.375587
-0.185377,0.047354,-0.378728
-0.188477,0.051879,-0.380961
-0.191208,0.034405,-0.388440
0.039516,0.026960,-0.394501
0.035573,0.027682,-0.390010
0.033842,0.030693,-0.387380
0.039245,0.043010,-0.379401
0.031781,0.050666,-0.379881
0.032807,0.048673,-0.376211
0.011283,0.044941,-0.378809
0.011617,0.048194,-0.382966
0.018669,0.044194,-0.386493
0.014759,0.045023,-0.372951
0.013753,0.043805,-0.376443
0.008815,0.046786,-0.364534
0.001119,0.048880,-0.369368
-0.011892,0.046452,-0.382637
-0.004404,0.045890,-0.373047
-0.006326,0.052018,-0.371421
-0.016205,0.058958,-0.367379
-0.010231,0.048427,-0.363879
-0.026428,0.065222,-0.364795
-0.028206,0.060247,-0.354681
-0.028324,0.055026,-0.359701
-0.037677,0.064084,-0.360006
-0.042408,0.071731,-0.365306
-0.043506,0.069828,-0.360620
-0.033859,0.063647,-0.353198
-0.041128,0.069113,-0.351001
-0.050477,0.068213,-0.362623
-0.056205,0.076289,-0.349516
-0.050758,0.081661,-0.347687
-0.054811,0.080764,-0.338894
-0.058626,0.086541,-0.345732
-0.068500,0.087818,-0.341993
-0.072910,0.093199,-0.333557
-0.082556,0.079140,-0.335480
-0.073140,0.086494,-0.334822
-0.075070,0.086737,-0.342983
-0.087525,0.096813,-0.337985
-0.091792,0.101294,-0.333834
-0.084622,0.097024,-0.327471
-0.083668,0.090932,-0.340130
-0.090092,0.098938,-0.325380
-0.097098,0.103024,-0.327565
-0.100453,0.099753,-0.337579
-0.105838,0.092581,-0.334966
-0.112952,0.095737,-0.324646
-0.108625,0.097614,-0.327925
-0.104406,0.095165,-0.334541
-0.128536,0.093369,-0.330678
-0.112312,0.106637,-0.331522
-0.117176,0.101546,-0.328671
-0.120394,0.094106,-0.333333
-0.130696,0.093759,-0.338771
-0.123438,0.104234,-0.325195
-0.138313,0.096946,-0.341148
-0.139292,0.095365,-0.330124
-0.143826,0.099071,-0.335437
-0.144918,0.100140,-0.340246
-0.152119,0.096615,-0.335804
-0.153544,0.089631,-0.348104
-0.158564,0.082531,-0.339473
-0.164702,0.082921,-0.347554
-0.167473,0.072056,-0.346473
-0.165528,0.065248,-0.349581
-0.172634,0.067242,-0.358899
-0.168171,0.054305,-0.368132
-0.176458,0.052969,-0.373836
-0.178367,0.051091,-0.374732
-0.179290,0.042005,-0.386607
0.041335,-0.014852,-0.420923
0.036588,0.006717,-0.409188
0.032217,0.026922,-0.394947
0.031751,0.035389,-0.382435
0.029073,0.024995,-0.385874
0.030080,0.032184,-0.383452
0.013580,0.033482,-0.381410
0.010334,0.034139,-0.373123
0.010205,0.034444,-0.384833
0.008616,0.041147,-0.374228
0.001665,0.040031,-0.381860
-0.001618,0.041968,-0.376848
-0.000323,0.045045,-0.377707
-0.001513,0.056126,-0.364576
-0.004812,0.052086,-0.368536
-0.005828,0.050470,-0.372297
-0.012685,0.063313,-0.373380
-0.025929,0.054289,-0.357192
-0.023127,0.062505,-0.361558
-0.015853,0.047700,-0.355296
-0.035145,0.060397,-0.357276
-0.028065,0.050904,-0.366719
-0.030108,0.050433,-0.355167
-0.030674,0.057323,-0.364883
-0.039417,0.074686,-0.359912
-0.047617,0.065516,-0.357184
-0.050554,0.069462,-0.354847
-0.050603,0.058580,-0.358399
-0.051148,0.076979,-0.347886
-0.064244,0.082452,-0.349490
-0.057707,0.081178,-0.340142
-0.065356,0.086922,-0.344861
-0.072148,0.084360,-0.332777
-0.073972,0.079463,-0.330459
-0.077155,0.087245,-0.329288
-0.081084,0.085542,-0.332708
-0.081729,0.089634,-0.340727
-0.075557,0.090241,-0.333004
-0.089204,0.090913,-0.333504
-0.093496,0.093676,-0.326122
-0.085633,0.094966,-0.332131
-0.091828,0.097962,-0.328949
-0.101247,0.094925,-0.340669
-0.106681,0.098975,-0.328054
-0.103924,0.097327,-0.334912
-0.115449,0.098794,-0.333073
-0.117938,0.092723,-0.329974
-0.120383,0.089682,-0.330615
-0.108638,0.102903,-0.327923
-0.127733,0.095626,-0.323767
-0.112058,0.086106,-0.328243
-0.130854,0.091852,-0.328803
-0.129872,0.095643,-0.334015
-0.137876,0.085797,-0.330545
-0.137570,0.095539,-0.334826
-0.146059,0.094452,-0.333460
-0.142047,0.093034,-0.337166
-0.147843,0.082361,-0.333442
-0.154974,0.090951,-0.337173
-0.155800,0.080989,-0.340154
-0.160737,0.079993,-0.349268
-0.169268,0.066388,-0.350074
-0.168581,0.064463,-0.352535
-0.169253,0.056349,-0.358251
-0.173828,0.054081,-0.366299
-0.181987,0.039472,-0.368568
-0.191662,0.031951,-0.374267
-0.188301,0.032649,-0.387974
0.046030,-0.006749,-0.409166
0.052958,0.004377,-0.405540
0.038864,0.015862,-0.389157
0.039311,0.011666,-0.396130
0.020875,0.009236,-0.392764
0.022513,0.029058,-0.375711
0.023728,0.031288,-0.372357
0.007786,0.032225,-0.375146
0.010281,0.029866,-0.375711
0.009281,0.027849,-0.379773
0.010544,0.043537,-0.373491
0.008462,0.034350,-0.367158
0.005966,0.038704,-0.375182
-0.001157,0.057311,-0.374117
-0.003222,0.039560,-0.368381
-0.014471,0.045043,-0.369467
-0.013355,0.059822,-0.365371
-0.019756,0.050640,-0.363280
-0.022357,0.056917,-0.363178
-0.026423,0.052046,-0.359766
-0.026503,0.059292,-0.354860
-0.033500,0.060998,-0.351373
-0.031212,0.062026,-0.356047
-0.044965,0.065856,-0.358985
-0.045350,0.059553,-0.352616
-0.040297,0.060804,-0.350352
-0.046780,0.062233,-0.348659
-0.046083,0.065661,-0.345842
-0.041267,0.072297,-0.351016
-0.049578,0.073829,-0.347910
-0.059894,0.082364,-0.341992
-0.075868,0.083280,-0.330523
-0.068650,0.075062,-0.333874
-0.078004,0.084047,-0.335434
-0.075753,0.082318,-0.330749
-0.075790,0.093264,-0.328039
-0.084229,0.090244,-0.330853
-0.082771,0.090473,-0.333674
-0.086984,0.094989,-0.324891
-0.092263,0.088177,-0.321642
-0.091272,0.082952,-0.318813
-0.092340,0.086622,-0.319211
-0.095973,0.095230,-0.327078
-0.104621,0.085745,-0.325445
-0.102732,0.093097,-0.333245
-0.111014,0.095361,-0.332430
-0.113637,0.085121,-0.338590
-0.110863,0.096402,-0.320547
-0.114490,0.081189,-0.326217
-0.123773,0.083495,-0.332569
-0.125226,0.101267,-0.332640
-0.134616,0.085060,-0.326518
-0.137217,0.084841,-0.328087
-0.130537,0.090652,-0.325773
-0.145966,0.086845,-0.328181
-0.149114,0.080147,-0.332599
-0.150857,0.080270,-0.334949
-0.151630,0.082477,-0.335077
-0.161005,0.085877,-0.337210
-0.149558,0.074376,-0.341851
-0.152993,0.064317,-0.349752
-0.169615,0.061688,-0.346994
-0.161752,0.049501,-0.353245
-0.175448,0.052222,-0.374980
-0.171152,0.048957,-0.373395
-0.186961,0.040511,-0.366433
-0.179233,0.026809,-0.361506
-0.196601,0.019366,-0.380138
0.038527,-0.013909,-0.407201
0.036758,-0.004226,-0.402722
0.029089,0.007502,-0.388073
0.026099,0.009050,-0.380431
0.024956,0.022286,-0.396112
0.033082,0.023310,-0.378369
0.025427,0.019862,-0.382763
0.023202,0.026844,-0.375187
0.009406,0.024888,-0.367796
0.000074,0.028350,-0.380718
-0.000080,0.030688,-0.378901
0.000798,0.034396,-0.366328
0.001795,0.036203,-0.359112
-0.000079,0.044221,-0.362770
-0.001326,0.040383,-0.365211
-0.013911,0.046713,-0.366883
-0.010866,0.055400,-0.358140
-0.017014,0.047062,-0.365339
-0.025764,0.049389,-0.359812
-0.025345,0.044641,-0.358109
-0.021496,0.053017,-0.357153
-0.033679,0.061642,-0.357233
-0.031806,0.061378,-0.354439
-0.038591,0.051003,-0.366183
-0.052988,0.061080,-0.359872
-0.054289,0.067274,-0.353393
-0.053637,0.057823,-0.346530
-0.051152,0.071689,-0.350977
-0.055576,0.062872,-0.333000
-0.058488,0.077194,-0.342668
-0.063632,0.062750,-0.344190
-0.064453,0.082185,-0.335937
-0.072985,0.075164,-0.336327
-0.073177,0.079438,-0.337178
-0.076002,0.081025,-0.325224
-0.081689,0.087884,-0.337024
-0.081485,0.086403,-0.333588
-0.081716,0.092055,-0.331077
-0.092424,0.089526,-0.322292
-0.087805,0.087706,-0.330581
-0.099046,0.087985,-0.320676
-0.082747,0.091691,-0.323020
-0.095444,0.088349,-0.321919
-0.111398,0.093332,-0.326744
-0.114316,0.084833,-0.324542
-0.104199,0.089219,-0.314314
-0.126098,0.093403,-0.319944
-0.115671,0.085662,-0.325968
-0.114563,0.087985,-0.315699
-0.124242,0.101625,-0.321281
-0.130449,0.090227,-0.324109
-0.138912,0.089713,-0.326058
-0.135306,0.083213,-0.331030
-0.132608,0.083272,-0.331982
-0.139605,0.081391,-0.327688
-0.150428,0.082180,-0.340973
-0.145511,0.087078,-0.334431
-0.146908,0.083720,-0.335307
-0.160330,0.084647,-0.337046
-0.155862,0.061338,-0.348041
-0.167644,0.055767,-0.353840
-0.166423,0.052982,-0.362920
-0.159745,0.041343,-0.359251
-0.171281,0.048182,-0.367455
-0.172266,0.050780,-0.365220
-0.177508,0.032634,-0.368935
-0.179438,0.033500,-0.373254
0.039124,-0.007855,-0.407476
0.044062,-0.000800,-0.393760
0.039185,0.009236,-0.390445
0.030223,0.004219,-0.393433
0.033041,0.013406,-0.384303
0.024557,0.018742,-0.385394
0.014776,0.022007,-0.386459
0.016657,0.019126,-0.383702
0.015929,0.018826,-0.370517
0.011996,0.030315,-0.371538
-0.000183,0.035764,-0.364528
0.007885,0.042346,-0.369785
-0.001136,0.033294,-0.363327
-0.002212,0.038208,-0.355974
-0.009874,0.043922,-0.358294
-0.007878,0.047515,-0.353936
-0.023717,0.048229,-0.354606
-0.016060,0.050468,-0.354409
-0.021644,0.045011,-0.355462
-0.024664,0.045728,-0.353971
-0.029518,0.048936,-0.353641
-0.038348,0.045147,-0.360413
-0.034691,0.054746,-0.354540
-0.042396,0.049960,-0.341635
-0.050751,0.050924,-0.340007
-0.041050,0.054143,-0.351586
-0.042606,0.048320,-0.343284
-0.043600,0.059205,-0.352905
-0.047055,0.059078,-0.345654
-0.068410,0.057084,-0.344579
-0.062224,0.068390,-0.343228
-0.069130,0.065663,-0.335281
-0.075197,0.064504,-0.327338
-0.071986,0.074609,-0.333029
-0.082750,0.084680,-0.333600
-0.070172,0.082621,-0.327256
-0.083802,0.073331,-0.318882
-0.085266,0.081805,-0.320149
-0.089959,0.083717,-0.319530
-0.092302,0.081945,-0.331107
-0.096314,0.085421,-0.330043
-0.093348,0.084243,-0.319764
-0.108443,0.082381,-0.327243
-0.105920,0.092992,-0.328716
-0.108611,0.087033,-0.325861
-0.115080,0.084787,-0.328093
-0.123265,0.078220,-0.319435
-0.110643,0.090582,-0.322315
-0.119179,0.082989,-0.321241
-0.111149,0.093530,-0.327798
-0.124643,0.073753,-0.334300
-0.124485,0.078728,-0.310625
-0.137094,0.092689,-0.328429
-0.137546,0.080266,-0.323090
-0.159683,0.077637,-0.325685
-0.145101,0.072857,-0.334737
-0.144280,0.068498,-0.325914
-0.145669,0.081796,-0.332200
-0.163377,0.078455,-0.329547
-0.155990,0.058727,-0.349856
-0.159099,0.053721,-0.353380
-0.163460,0.040257,-0.350259
-0.171303,0.042713,-0.351579
-0.182790,0.047410,-0.358162
-0.179359,0.035023,-0.358540
-0.181040,0.028001,-0.377809
-0.190666,0.009506,-0.383749
0.040841,-0.022489,-0.398019
0.033024,-0.005300,-0.395880
0.039167,-0.002566,-0.389116
0.037542,-0.000756,-0.376033
0.023717,0.006103,-0.373839
0.020343,0.018968,-0.375819
0.017963,0.021326,-0.376348
0.014362,0.023836,-0.368072
0.022691,0.011603,-0.377267
0.011561,0.029360,-0.368486
-0.001199,0.029009,-0.363530
0.004105,0.027425,-0.361996
-0.003910,0.035787,-0.358299
-0.009154,0.026518,-0.360257
-0.003255,0.041574,-0.365452
-0.013769,0.033861,-0.354109
-0.027472,0.045043,-0.355479
-0.014458,0.028864,-0.355949
-0.022253,0.046657,-0.352348
-0.025647,0.053571,-0.356297
-0.027636,0.047762,-0.346711
-0.038393,0.045869,-0.347371
-0.042471,0.043922,-0.340166
-0.034604,0.046003,-0.359970
-0.047901,0.051065,-0.354561
-0.045776,0.054196,-0.347130
-0.043653,0.054320,-0.337412
-0.047536,0.054834,-0.338743
-0.056750,0.056032,-0.345286
-0.061801,0.061416,-0.347942
-0.059413,0.058164,-0.340248
-0.060467,0.079079,-0.327919
-0.070488,0.074986,-0.329722
-0.076642,0.074882,-0.317376
-0.080986,0.076156,-0.338476
-0.075632,0.079877,-0.328831
-0.085996,0.085519,-0.319676
-0.081701,0.078923,-0.319663
-0.091133,0.078762,-0.323932
-0.096238,0.076797,-0.326255
-0.094140,0.077564,-0.324399
-0.092682,0.073640,-0.328091
-0.098294,0.087672,-0.328138
-0.101801,0.081632,-0.321970
-0.106951,0.084040,-0.315721
-0.104025,0.084359,-0.314609
-0.123792,0.082906,-0.327668
-0.122134,0.078013,-0.313990
-0.128412,0.084244,-0.317303
-0.128957,0.086117,-0.316575
-0.130328,0.087354,-0.318187
-0.134416,0.075312,-0.314028
-0.137957,0.078834,-0.316051
-0.142259,0.086193,-0.339393
-0.141272,0.071897,-0.326143
-0.141997,0.079454,-0.335744
-0.153837,0.073057,-0.333604
-0.154494,0.066391,-0.331270
-0.144465,0.065112,-0.337233
-0.161744,0.042028,-0.344595
-0.161232,0.051111,-0.348641
-0.171260,0.047724,-0.356907
-0.174017,0.047161,-0.348026
-0.175692,0.028799,-0.361087
-0.187000,0.033572,-0.370302
-0.178959,0.031323,-0.376129
0.042393,-0.022190,-0.394298
0.048591,-0.010753,-0.394411
0.034308,-0.001992,-0.392739
0.034466,0.001310,-0.383681
0.022117,0.002085,-0.377596
0.016888,0.012649,-0.377224
0.019431,0.021464,-0.371784
0.017687,0.013834,-0.377827
0.006390,0.028538,-0.371203
0.001558,0.029846,-0.364327
0.006905,0.023454,-0.362551
-0.003637,0.026476,-0.361253
-0.004396,0.025951,-0.360496
-0.005362,0.025204,-0.357368
-0.011449,0.040777,-0.355473
-0.008824,0.033385,-0.350264
-0.013831,0.046234,-0.354213
-0.015312,0.040964,-0.355635
-0.017043,0.038987,-0.356892
-0.009498,0.046305,-0.352083
-0.026316,0.035343,-0.344338
-0.038576,0.046530,-0.347660
-0.029477,0.039139,-0.348883
-0.038753,0.049880,-0.348298
-0.039638,0.050312,-0.345811
-0.051862,0.042393,-0.342569
-0.044907,0.048370,-0.351467
-0.047158,0.050809,-0.344249
-0.060659,0.055626,-0.336367
-0.057893,0.046906,-0.344651
-0.069322,0.064339,-0.341928
-0.064471,0.055326,-0.345832
-0.071606,0.064156,-0.335342
-0.069056,0.070185,-0.333232
-0.073673,0.069732,-0.324373
-0.073392,0.070876,-0.331624
-0.083526,0.072217,-0.322914
-0.081555,0.069777,-0.322943
-0.097388,0.072121,-0.328682
-0.083647,0.077978,-0.326932
-0.088040,0.083722,-0.317161
-0.097170,0.081176,-0.318959
-0.100877,0.076968,-0.324264
-0.108159,0.084063,-0.320057
-0.101127,0.075220,-0.313287
-0.112198,0.073721,-0.310074
-0.115710,0.072955,-0.325921
-0.116537,0.083302,-0.319354
-0.123930,0.080306,-0.323868
-0.126422,0.090461,-0.309117
-0.130476,0.077493,-0.319811
-0.127829,0.068596,-0.324720
-0.133174,0.073771,-0.320472
-0.135411,0.075579,-0.325510
-0.140200,0.075619,-0.329129
-0.142234,0.067652,-0.326790
-0.131446,0.065183,-0.343491
-0.157628,0.059903,-0.341037
-0.151230,0.038191,-0.340857
-0.153166,0.049738,-0.348603
-0.166555,0.047081,-0.357663
-0.162883,0.037587,-0.360247
-0.173585,0.034611,-0.353017
-0.182410,0.027171,-0.356930
-0.183501,0.027608,-0.365681
-0.182138,0.018399,-0.366578
0.040286,-0.033695,-0.406377
0.032561,-0.015911,-0.390563
0.040320,-0.008474,-0.378257
0.029903,0.007896,-0.386267
0.023452,0.002880,-0.390037
0.017571,0.001288,-0.372631
0.025151,0.020424,-0.373709
0.023688,0.002054,-0.369134
0.008899,0.014301,-0.366611
0.020070,0.016683,-0.363678
0.011985,0.028949,-0.365543
0.003551,0.032526,-0.361278
-0.008193,0.027356,-0.356148
-0.004275,0.028173,-0.358856
-0.012434,0.032194,-0.353556
-0.007458,0.034032,-0.348850
-0.017072,0.037606,-0.358965
-0.021126,0.034460,-0.339745
-0.017853,0.045880,-0.349694
-0.027383,0.036207,-0.348078
-0.028853,0.035473,-0.347351
-0.033994,0.043544,-0.347553
-0.040870,0.042539,-0.344483
-0.033538,0.050039,-0.347816
-0.046915,0.048798,-0.351357
-0.032708,0.051280,-0.345539
-0.052934,0.043993,-0.346442
-0.055869,0.050403,-0.342942
-0.057371,0.046003,-0.346951
-0.060597,0.057627,-0.340290
-0.073061,0.058550,-0.340372
-0.064040,0.056442,-0.332936
-0.069481,0.061937,-0.342504
-0.076740,0.069378,-0.330450
-0.071642,0.063740,-0.326999
-0.082845,0.070295,-0.325864
-0.079759,0.071291,-0.333299
-0.084434,0.072148,-0.323457
-0.092269,0.070042,-0.325568
-0.088888,0.066524,-0.317960
-0.094098,0.069019,-0.332748
-0.103165,0.066499,-0.319490
-0.104678,0.071572,-0.319884
-0.103977,0.073323,-0.321832
-0.103559,0.083994,-0.310293
-0.110445,0.070243,-0.316296
-0.111068,0.075418,-0.309420
-0.108591,0.073399,-0.319933
-0.112372,0.080240,-0.306239
-0.127968,0.062534,-0.312628
-0.122463,0.082300,-0.326974
-0.131013,0.072301,-0.312031
-0.130752,0.069341,-0.318690
-0.137351,0.075107,-0.324134
-0.136031,0.067222,-0.327624
-0.149089,0.048464,-0.329939
-0.152448,0.050837,-0.342747
-0.145330,0.051450,-0.337679
-0.155324,0.045509,-0.345371
-0.161194,0.033102,-0.344643
-0.164389,0.039296,-0.355434
-0.155287,0.034788,-0.351186
-0.166588,0.030526,-0.358607
-0.182123,0.030879,-0.357795
-0.177879,0.027413,-0.371578
-0.174681,0.003644,-0.378663
0.030182,-0.015097,-0.389509
0.041144,-0.004421,-0.372822
0.028150,-0.010973,-0.382420
0.027088,0.005095,-0.373510
0.025874,0.013454,-0.372676
0.024166,0.010050,-0.382884
0.019038,0.008191,-0.366917
0.018193,0.015433,-0.354535
0.008430,0.019475,-0.357155
0.006720,0.028706,-0.367927
0.006056,0.015228,-0.356187
-0.002244,0.031295,-0.354925
-0.002786,0.024480,-0.356882
-0.012016,0.030518,-0.357391
-0.008920,0.033532,-0.355222
-0.016469,0.027501,-0.349831
-0.023352,0.034212,-0.347289
-0.016287,0.029848,-0.343514
-0.016109,0.038425,-0.349183
-0.032821,0.031642,-0.349108
-0.029959,0.042363,-0.333627
-0.047946,0.049290,-0.347112
-0.032607,0.043537,-0.338784
-0.032567,0.040875,-0.343341
-0.046606,0.045836,-0.337022
-0.042114,0.048294,-0.340984
-0.059071,0.040916,-0.331943
-0.050306,0.041938,-0.331174
-0.067608,0.047504,-0.335180
-0.068376,0.047887,-0.340092
-0.062175,0.046363,-0.332125
-0.073221,0.050584,-0.328374
-0.078131,0.055359,-0.327761
-0.081135,0.052706,-0.342845
-0.078106,0.055793,-0.326548
-0.083959,0.065737,-0.332315
-0.087120,0.064500,-0.331251
-0.078124,0.071823,-0.322424
-0.087597,0.059920,-0.328674
-0.095297,0.077503,-0.312899
-0.106433,0.064911,-0.329637
-0.098363,0.073937,-0.323820
-0.105284,0.072511,-0.313467
-0.110755,0.065590,-0.317581
-0.100306,0.071448,-0.322754
-0.112948,0.064576,-0.316366
-0.111900,0.060944,-0.315659
-0.116560,0.069445,-0.313358
-0.129434,0.077045,-0.315404
-0.128370,0.061547,-0.328599
-0.123912,0.070555,-0.321322
-0.138281,0.066266,-0.328576
-0.134780,0.063147,-0.323364
-0.143921,0.052789,-0.337605
-0.144960,0.050395,-0.349839
-0.139297,0.040139,-0.333163
-0.151481,0.043829,-0.341324
-0.145674,0.039494,-0.357625
-0.161079,0.031477,-0.348700
-0.160062,0.032484,-0.345638
-0.162687,0.029725,-0.342797
-0.175278,0.031266,-0.349324
-0.177534,0.015046,-0.362209
-0.174651,0.010383,-0.365891
0.043404,-0.020392,-0.390206
0.036262,-0.015895,-0.381344
0.028634,-0.002375,-0.371499
0.026757,-0.005124,-0.367895
0.022589,0.007563,-0.371624
0.024224,0.009333,-0.365793
0.020999,0.004580,-0.374667
0.021839,0.019664,-0.366906
0.009547,0.015135,-0.354617
0.011297,0.025788,-0.355597
-0.001404,0.015722,-0.358804
0.002301,0.023384,-0.351506
0.002075,0.018946,-0.350878
-0.009514,0.016685,-0.344414
-0.019328,0.027929,-0.354795
-0.015927,0.038086,-0.340762
-0.019978,0.037693,-0.345909
-0.015720,0.028045,-0.348613
-0.032952,0.022733,-0.351484
-0.026567,0.046524,-0.344412
-0.032531,0.031811,-0.343388
-0.033056,0.037150,-0.344179
-0.043740,0.043438,-0.341596
-0.043487,0.028163,-0.340525
-0.046413,0.041940,-0.337571
-0.045343,0.043481,-0.336646
-0.053967,0.039931,-0.337718
-0.053733,0.052102,-0.340302
-0.060573,0.043605,-0.337377
-0.052635,0.043366,-0.330283
-0.067138,0.035272,-0.329411
-0.064075,0.052962,-0.335289
-0.060161,0.047388,-0.336038
-0.066212,0.048781,-0.328704
-0.072295,0.048224,-0.325755
-0.092729,0.057941,-0.331090
-0.086981,0.053828,-0.316817
-0.095365,0.059909,-0.324649
-0.089600,0.061750,-0.315582
-0.092933,0.075176,-0.316265
-0.089040,0.059995,-0.316931
-0.100692,0.070425,-0.328394
-0.103919,0.069593,-0.320772
-0.103795,0.064670,-0.326987
-0.108048,0.061906,-0.320239
-0.115420,0.070850,-0.311688
-0.120276,0.078251,-0.313942
-0.118862,0.059438,-0.318021
-0.116261,0.071599,-0.320937
-0.124450,0.060696,-0.329098
-0.139851,0.057150,-0.314935
-0.131280,0.051050,-0.335969
-0.137475,0.044450,-0.325813
-0.143183,0.045824,-0.332749
-0.142251,0.036173,-0.334955
-0.149730,0.033821,-0.335622
-0.147484,0.036271,-0.331165
-0.148714,0.032415,-0.336602
-0.163158,0.034992,-0.350266
-0.160730,0.029817,-0.353289
-0.166293,0.037776,-0.350015
-0.183652,0.026593,-0.350946
-0.169157,0.012728,-0.359958
-0.181388,0.000387,-0.364194
0.046593,-0.028622,-0.378665
0.041106,-0.019323,-0.384458
0.028247,-0.002211,-0.369176
0.027265,-0.001792,-0.369100
0.028833,-0.005638,-0.369446
0.016336,-0.006074,-0.356923
0.015876,0.003368,-0.351048
0.005061,0.007671,-0.342679
0.006743,0.007065,-0.351066
0.010690,0.005039,-0.362272
0.006256,0.010625,-0.351931
-0.001270,0.024331,-0.344949
-0.000318,0.021447,-0.349872
-0.013154,0.027993,-0.350449
-0.002507,0.028556,-0.353161
-0.013726,0.035100,-0.347664
-0.020421,0.023460,-0.339938
-0.028132,0.020875,-0.344001
-0.024113,0.027309,-0.342749
-0.027872,0.033520,-0.343493
-0.022223,0.035927,-0.332089
-0.033396,0.038881,-0.342887
-0.041481,0.034563,-0.335517
-0.039666,0.041056,-0.340056
-0.041463,0.039414,-0.336809
-0.036817,0.037372,-0.325828
-0.055363,0.038956,-0.341751
-0.051562,0.047826,-0.336529
-0.063674,0.048928,-0.335821
-0.068547,0.038220,-0.338973
-0.071235,0.040134,-0.329605
-0.057830,0.043459,-0.338889
-0.073552,0.035528,-0.330521
-0.070992,0.042229,-0.327492
-0.080227,0.048331,-0.341574
-0.083400,0.045016,-0.339542
-0.084270,0.049493,-0.319442
-0.085327,0.048380,-0.329065
-0.084983,0.047896,-0.330354
-0.092940,0.050362,-0.333068
-0.094958,0.055192,-0.323146
-0.099411,0.048322,-0.320906
-0.104986,0.062182,-0.316437
-0.109670,0.057248,-0.313159
-0.112814,0.054814,-0.326605
-0.103586,0.062685,-0.309101
-0.119335,0.060758,-0.328449
-0.125917,0.051732,-0.323530
-0.127992,0.049514,-0.320796
-0.133652,0.044717,-0.324495
-0.136876,0.042164,-0.329090
-0.125600,0.045807,-0.321713
-0.134406,0.039756,-0.328731
-0.131423,0.034490,-0.335875
-0.142264,0.038136,-0.338854
-0.151919,0.034924,-0.344340
-0.147976,0.035497,-0.338997
-0.153523,0.035651,-0.349777
-0.149689,0.028466,-0.350763
-0.161955,0.021066,-0.348891
-0.167124,0.019820,-0.348875
-0.171885,0.019559,-0.357181
-0.176821,0.005511,-0.363863
0.033537,-0.035884,-0.384655
0.044036,-0.016066,-0.375022
0.034906,-0.012490,-0.376516
0.029250,0.003190,-0.374408
0.022667,0.006615,-0.366657
0.024764,0.009413,-0.371777
0.016138,0.000923,-0.360364
0.021031,0.005891,-0.358749
0.010377,0.001100,-0.347618
0.009112,0.008726,-0.350414
0.008143,0.016857,-0.339164
0.003112,0.016106,-0.340472
-0.008384,0.024250,-0.344275
0.000938,0.021243,-0.340441
-0.014782,0.021728,-0.342054
-0.014483,0.014297,-0.345105
-0.019041,0.028325,-0.356845
-0.024882,0.027496,-0.346893
-0.026408,0.025630,-0.340858
-0.026235,0.028312,-0.338277
-0.041275,0.024823,-0.344410
-0.036369,0.040166,-0.330549
-0.030450,0.036363,-0.338401
-0.043560,0.025408,-0.332336
-0.041908,0.032342,-0.321721
-0.047912,0.035754,-0.333231
-0.059468,0.037485,-0.327767
-0.058750,0.029904,-0.338152
-0.061430,0.043208,-0.322461
-0.058717,0.047172,-0.332492
-0.061386,0.040082,-0.333437
-0.062398,0.035980,-0.332434
-0.074180,0.038458,-0.327326
-0.084870,0.036336,-0.329739
-0.077747,0.036665,-0.319284
-0.070919,0.043602,-0.326387
-0.080849,0.042822,-0.331908
-0.089273,0.044958,-0.330837
-0.092198,0.051026,-0.331616
-0.094369,0.038952,-0.331927
-0.101500,0.040746,-0.332041
-0.101557,0.042038,-0.324544
-0.104769,0.037739,-0.321046
-0.107300,0.037941,-0.328327
-0.118178,0.034376,-0.309858
-0.119250,0.052593,-0.332711
-0.116723,0.052914,-0.336530
-0.122601,0.039874,-0.333488
-0.127482,0.043635,-0.322908
-0.120443,0.031877,-0.334982
-0.126781,0.031467,-0.337636
-0.130736,0.037159,-0.338945
-0.141999,0.032026,-0.319618
-0.132740,0.033883,-0.334039
-0.146874,0.031315,-0.337680
-0.149231,0.033628,-0.339538
-0.154728,0.033031,-0.342588
-0.148543,0.018958,-0.350354
-0.166190,0.023773,-0.345755
-0.162958,0.023396,-0.340181
-0.168813,0.023568,-0.349944
-0.170196,0.007914,-0.354445
-0.175501,-0.001859,-0.364763
0.040347,-0.045298,-0.393759
0.028246,-0.022367,-0.375454
0.031835,-0.016385,-0.368353
0.020056,-0.008661,-0.369624
0.020263,-0.008114,-0.361431
0.019991,-0.003173,-0.356726
0.022663,0.004461,-0.352053
0.013315,-0.001089,-0.358547
0.009720,0.001679,-0.350404
0.010762,0.005567,-0.350676
0.015933,0.013359,-0.345984
0.002919,0.011614,-0.345241
-0.004773,0.004321,-0.348496
-0.012642,0.018393,-0.333756
-0.008571,0.017564,-0.348062
-0.011830,0.017829,-0.336024
-0.015144,0.020836,-0.338612
-0.019308,0.019473,-0.342876
-0.027261,0.021302,-0.336669
-0.033399,0.016042,-0.332746
-0.036033,0.029379,-0.339169
-0.039592,0.025712,-0.327171
-0.035060,0.023268,-0.335178
-0.037745,0.029409,-0.329160
-0.038630,0.030604,-0.331331
-0.048546,0.031404,-0.333644
-0.041415,0.028202,-0.325285
-0.052734,0.037183,-0.326734
-0.053162,0.033743,-0.331616
-0.057557,0.034806,-0.327397
-0.060849,0.042350,-0.326128
-0.075651,0.027391,-0.323971
-0.070812,0.037915,-0.330716
-0.071693,0.040883,-0.323694
-0.081676,0.039995,-0.323428
-0.086380,0.038068,-0.319886
-0.078206,0.046037,-0.318301
-0.092140,0.033155,-0.330776
-0.081638,0.034348,-0.320219
-0.097105,0.038588,-0.330203
-0.105062,0.037166,-0.324245
-0.098312,0.038728,-0.330045
-0.105649,0.046757,-0.340946
-0.105797,0.038789,-0.324351
-0.117360,0.042477,-0.330270
-0.119246,0.038705,-0.329792
-0.115894,0.034977,-0.327330
-0.116889,0.037604,-0.323516
-0.127437,0.042685,-0.331709
-0.128633,0.031406,-0.332579
-0.131324,0.030811,-0.323951
-0.133604,0.033953,-0.331328
-0.144965,0.032550,-0.335342
-0.135123,0.033435,-0.331433
-0.141367,0.017832,-0.333397
-0.163076,0.031988,-0.328707
-0.163836,0.029261,-0.338236
-0.168948,0.020207,-0.339777
-0.157234,0.027147,-0.349765
-0.171939,0.015459,-0.340143
-0.160822,0.010034,-0.350377
-0.163854,0.006755,-0.358396
-0.180690,-0.010253,-0.367732
0.041181,-0.045502,-0.385255
0.039253,-0.028843,-0.367995
0.026257,-0.020934,-0.360014
0.024569,-0.015028,-0.369917
0.023671,-0.006264,-0.359056
0.024753,-0.005293,-0.371670
0.019351,-0.007521,-0.352862
0.015962,0.008419,-0.350780
0.010544,0.003696,-0.347064
0.002604,0.002026,-0.342671
0.004375,0.007715,-0.340025
-0.007863,0.008586,-0.343055
-0.000339,0.013618,-0.350548
-0.004525,0.009326,-0.335918
-0.006219,0.015934,-0.332039
-0.014666,0.011620,-0.338294
-0.023803,0.022057,-0.342528
-0.024541,0.004122,-0.348865
-0.020040,0.015864,-0.344485
-0.028802,0.021845,-0.336794
-0.032172,0.022746,-0.338773
-0.043409,0.024157,-0.336867
-0.038673,0.022760,-0.332088
-0.041325,0.028614,-0.321763
-0.047304,0.026859,-0.336064
-0.047286,0.035565,-0.329278
-0.054538,0.029001,-0.324586
-0.054861,0.022699,-0.330707
-0.061100,0.032013,-0.331635
-0.063756,0.028671,-0.329292
-0.064200,0.033704,-0.324057
-0.069659,0.030641,-0.325214
-0.066477,0.023108,-0.322183
-0.070888,0.038844,-0.329216
-0.072946,0.035146,-0.323508
-0.080484,0.028676,-0.328596
-0.086317,0.036166,-0.320237
-0.082177,0.038131,-0.325734
-0.082932,0.042678,-0.321596
-0.092199,0.035855,-0.319966
-0.097698,0.037936,-0.322491
-0.104343,0.031466,-0.324651
-0.099851,0.032777,-0.324912
-0.102639,0.042737,-0.329678
-0.117048,0.043062,-0.322252
-0.108450,0.023182,-0.325181
-0.114142,0.030615,-0.326037
-0.127167,0.034954,-0.332887
-0.128346,0.021927,-0.327076
-0.129798,0.045552,-0.329908
-0.131661,0.035951,-0.340535
-0.137990,0.025772,-0.319320
-0.135698,0.027607,-0.334077
-0.146368,0.021284,-0.329027
-0.150153,0.020874,-0.333353
-0.145972,0.029683,-0.334193
-0.158746,0.017761,-0.332398
-0.154669,0.018083,-0.346856
-0.161166,0.011656,-0.346324
-0.167141,0.003271,-0.346308
-0.159967,0.007730,-0.349621
-0.169206,-0.007183,-0.349761
0.039127,-0.049894,-0.384760
0.030870,-0.036877,-0.379273
0.028281,-0.021916,-0.367993
0.024697,-0.023822,-0.364254
0.024017,-0.017977,-0.353646
0.022400,-0.008734,-0.362406
0.019545,-0.007909,-0.346439
0.014050,-0.002387,-0.345529
0.011058,0.001327,-0.355955
0.006613,-0.003647,-0.351279
-0.000645,0.003976,-0.346195
-0.002424,-0.005150,-0.340843
-0.007968,0.001696,-0.341624
-0.003620,0.011883,-0.342980
-0.013862,0.006710,-0.347476
-0.023187,0.010867,-0.341274
-0.016550,0.014604,-0.336796
-0.035796,0.014507,-0.330924
-0.022675,0.014017,-0.338831
-0.028184,0.012516,-0.341578
-0.036117,0.015510,-0.340546
-0.029576,0.021149,-0.332472
-0.038595,0.024645,-0.319501
-0.044380,0.021837,-0.323017
-0.039160,0.020486,-0.339751
-0.044929,0.024522,-0.328610
-0.047377,0.022318,-0.328828
-0.052418,0.025189,-0.338622
-0.063574,0.028538,-0.325818
-0.067013,0.025469,-0.320865
-0.063231,0.028039,-0.331716
-0.063474,0.031148,-0.317929
-0.074173,0.027005,-0.333834
-0.073321,0.036461,-0.319408
-0.079202,0.027019,-0.324419
-0.074331,0.034186,-0.333478
-0.094325,0.043431,-0.320443
-0.085309,0.035769,-0.322268
-0.093431,0.037005,-0.327169
-0.097352,0.037332,-0.319261
-0.100683,0.033554,-0.321224
-0.094831,0.024718,-0.323890
-0.111064,0.036278,-0.328171
-0.104040,0.032683,-0.323026
-0.114212,0.028964,-0.325879
-0.109723,0.024344,-0.322439
-0.120535,0.033675,-0.325736
-0.126174,0.029478,-0.329681
-0.121261,0.030364,-0.331382
-0.128015,0.019866,-0.320506
-0.130270,0.021142,-0.326573
-0.127956,0.025967,-0.321608
-0.135614,0.022086,-0.332339
-0.136495,0.018286,-0.327644
-0.142066,0.016414,-0.332087
-0.153778,0.012652,-0.324630
-0.159614,0.015143,-0.334752
-0.158368,0.022444,-0.335745
-0.159698,0.010954,-0.341968
-0.165341,0.008085,-0.339271
-0.172552,0.000528,-0.355306
-0.172597,-0.016338,-0.352991
0.039724,-0.055799,-0.383671
0.032172,-0.035786,-0.380317
0.026531,-0.037178,-0.368839
0.030174,-0.017346,-0.361120
0.032395,-0.017249,-0.359265
0.022893,-0.017307,-0.357615
0.019509,-0.010444,-0.346367
0.003461,-0.003450,-0.349860
0.009902,-0.010262,-0.346273
-0.006695,-0.005962,-0.339627
-0.001090,0.005653,-0.343485
-0.001030,-0.003692,-0.349761
0.002051,-0.003980,-0.339963
-0.010095,0.007305,-0.332613
-0.009816,0.006605,-0.336111
-0.016790,0.007963,-0.342248
-0.015481,0.008075,-0.341536
-0.021136,0.008070,-0.334335
-0.028276,0.015348,-0.330615
-0.023725,0.017713,-0.336538
-0.028963,0.015883,-0.319211
-0.027242,0.020107,-0.325757
-0.034462,0.025654,-0.331781
-0.040686,0.018920,-0.325512
-0.051037,0.019887,-0.321042
-0.053681,0.019126,-0.321281
-0.053471,0.025619,-0.321436
-0.055883,0.025658,-0.318465
-0.051146,0.034798,-0.319808
-0.058467,0.027930,-0.324994
-0.067158,0.023139,-0.322067
-0.061961,0.031910,-0.316485
-0.065321,0.023141,-0.317810
-0.077643,0.032289,-0.325134
-0.079578,0.024603,-0.320236
-0.081267,0.041655,-0.328144
-0.082833,0.023658,-0.325982
-0.091646,0.023629,-0.325189
-0.086296,0.021176,-0.325669
-0.096110,0.028188,-0.323477
-0.098425,0.026124,-0.320366
-0.096125,0.033977,-0.318274
-0.100868,0.027590,-0.322356
-0.109302,0.025090,-0.316957
-0.113613,0.028534,-0.333417
-0.122497,0.028542,-0.325104
-0.109192,0.027086,-0.326456
-0.122474,0.022610,-0.322308
-0.135869,0.030252,-0.325699
-0.127495,0.024165,-0.326066
-0.131711,0.021847,-0.309253
-0.140264,0.013064,-0.319103
-0.132671,0.019757,-0.329845
-0.148963,0.024105,-0.333078
-0.142933,0.019970,-0.334353
-0.153275,0.007983,-0.336102
-0.151938,0.013609,-0.335921
-0.158310,0.012207,-0.345467
-0.160825,-0.005136,-0.337903
-0.169652,0.003933,-0.345235
-0.163349,-0.003028,-0.344574
-0.163073,-0.014977,-0.360759
0.049030,-0.052981,-0.392060
0.033021,-0.040728,-0.366907
0.033167,-0.042183,-0.367406
0.018115,-0.029837,-0.372625
0.024332,-0.020756,-0.364801
0.015272,-0.020862,-0.354850
0.018759,-0.008422,-0.352022
0.020651,-0.013676,-0.345359
0.005673,-0.009997,-0.336107
0.003550,-0.007084,-0.345095
-0.000066,-0.007722,-0.340930
-0.005368,-0.003949,-0.346175
-0.003873,0.004818,-0.336297
-0.010391,0.002311,-0.333019
-0.014147,-0.005672,-0.332720
-0.010464,0.002465,-0.333676
-0.018168,0.009235,-0.335508
-0.022615,0.012432,-0.328594
-0.022502,0.005750,-0.327299
-0.037890,0.013179,-0.326594
-0.025740,0.009358,-0.328251
-0.036431,0.010386,-0.327964
-0.043411,0.013400,-0.323267
-0.043525,0.014403,-0.328027
-0.046722,0.014979,-0.325424
-0.043066,0.024526,-0.324997
-0.047175,0.022976,-0.313576
-0.044065,0.008170,-0.312988
-0.060885,0.026772,-0.312616
-0.056659,0.021502,-0.320058
-0.060505,0.023913,-0.321082
-0.069979,0.017765,-0.318882
-0.065540,0.032560,-0.318981
-0.079181,0.023420,-0.316455
-0.086957,0.028353,-0.314195
-0.071375,0.031022,-0.309323
-0.078254,0.029135,-0.312752
-0.077952,0.024261,-0.315520
-0.097309,0.024047,-0.315883
-0.092682,0.031212,-0.318942
-0.098150,0.025966,-0.321085
-0.099581,0.027482,-0.313696
-0.111140,0.014994,-0.320135
-0.105932,0.038922,-0.320686
-0.113502,0.025762,-0.315098
-0.121066,0.021137,-0.316060
-0.111235,0.030102,-0.319142
-0.119884,0.021645,-0.328426
-0.124251,0.023652,-0.329030
-0.129074,0.016193,-0.322898
-0.128408,0.012754,-0.315994
-0.141129,0.016856,-0.328114
-0.137876,0.008647,-0.328348
-0.134666,0.015726,-0.337843
-0.138119,0.015738,-0.325283
-0.149691,0.011049,-0.337175
-0.147855,-0.003670,-0.333816
-0.152338,0.000843,-0.328620
-0.157850,-0.008550,-0.341880
-0.161818,-0.006123,-0.344872
-0.172645,-0.014028,-0.348873
0.043359,-0.062198,-0.398851
0.039507,-0.054732,-0.368021
0.031352,-0.047336,-0.370944
0.032982,-0.029047,-0.370073
0.012723,-0.023926,-0.348939
0.022506,-0.018869,-0.351365
0.016619,-0.017049,-0.351798
0.014291,-0.015358,-0.354799
0.014249,-0.010150,-0.352580
0.014152,-0.013243,-0.350578
0.000426,-0.006435,-0.336951
-0.002485,-0.007064,-0.331094
-0.005498,-0.010536,-0.349002
-0.002942,-0.003683,-0.333052
-0.014123,0.001771,-0.337283
-0.007645,0.002267,-0.333160
-0.024666,0.001418,-0.323572
-0.025136,0.006706,-0.335748
-0.027350,-0.002191,-0.324054
-0.027127,0.015975,-0.324503
-0.024892,0.005559,-0.321456
-0.029292,0.007743,-0.322087
-0.034848,0.022455,-0.321319
-0.042444,0.015786,-0.322609
-0.044485,0.018793,-0.328166
-0.053299,0.016020,-0.320246
-0.046090,0.023589,-0.322858
-0.044702,0.018973,-0.307736
-0.066081,0.016915,-0.318423
-0.058072,0.018782,-0.319895
-0.069594,0.020481,-0.321854
-0.069468,0.019565,-0.326522
-0.074514,0.025760,-0.310696
-0.067086,0.022783,-0.316956
-0.068393,0.029493,-0.319759
-0.079390,0.026650,-0.314195
-0.078122,0.014405,-0.315991
-0.082963,0.029854,-0.313310
-0.089591,0.021021,-0.319769
-0.103181,0.022275,-0.313107
-0.099601,0.022488,-0.322868
-0.106637,0.023221,-0.314094
-0.105664,0.026696,-0.317899
-0.107239,0.015744,-0.316412
-0.107472,0.023133,-0.320422
-0.117106,0.019825,-0.330267
-0.117304,0.027297,-0.308536
-0.122393,0.018805,-0.325040
-0.130627,0.022966,-0.322325
-0.126179,0.020529,-0.311532
-0.128580,0.022525,-0.321527
-0.140092,0.011589,-0.328236
-0.135274,0.010959,-0.319589
-0.152608,0.005753,-0.321006
-0.150684,0.008185,-0.333342
-0.149440,0.001290,-0.333453
-0.150300,-0.005649,-0.329030
-0.156645,-0.001586,-0.340998
-0.156165,-0.005216,-0.337894
-0.160223,-0.017080,-0.343386
-0.166204,-0.019963,-0.359444
0.034788,-0.069650,-0.382151
0.036661,-0.040986,-0.369593
0.028724,-0.043858,-0.365426
0.031756,-0.039019,-0.351299
0.029414,-0.030882,-0.353281
0.022851,-0.027901,-0.343271
0.020367,-0.024552,-0.350535
0.008814,-0.015289,-0.343066
0.008002,-0.014685,-0.348981
0.008020,-0.011124,-0.333829
0.010411,-0.013655,-0.329698
-0.003946,-0.008466,-0.337609
-0.013296,-0.002751,-0.330807
-0.001692,-0.003415,-0.330035
-0.012947,-0.001487,-0.331729
-0.019693,-0.009001,-0.328997
-0.014176,0.002299,-0.327127
-0.023763,-0.005305,-0.323768
-0.024193,0.007011,-0.326052
-0.031198,0.002213,-0.320987
-0.030143,0.009490,-0.317101
-0.043216,0.009942,-0.322101
-0.041074,0.003782,-0.326865
-0.046128,0.006739,-0.314110
-0.044028,0.014125,-0.326060
-0.057730,0.015452,-0.309806
-0.046917,0.014870,-0.313999
-0.058244,0.010725,-0.318117
-0.061916,0.015288,-0.315377
-0.064695,0.023430,-0.308158
-0.064014,0.020048,-0.313934
-0.064383,0.015755,-0.312086
-0.073800,0.017748,-0.315919
-0.082125,0.006882,-0.313697
-0.077482,0.017778,-0.312508
-0.080963,0.007357,-0.310440
-0.089006,0.018218,-0.310542
-0.091730,0.021170,-0.309193
-0.097817,0.016460,-0.308890
-0.094747,0.026396,-0.302625
-0.100991,0.027476,-0.307894
-0.106929,0.018818,-0.308909
-0.101010,0.021677,-0.310830
-0.120225,0.019021,-0.320631
-0.111879,0.020806,-0.323936
-0.110673,0.013382,-0.316655
-0.119173,0.013968,-0.322136
-0.128013,0.013908,-0.315112
-0.136221,0.011144,-0.323907
-0.128047,0.007753,-0.321844
-0.133143,0.006836,-0.318174
-0.135198,0.016971,-0.322557
-0.139940,0.006106,-0.321331
-0.133944,0.018569,-0.318541
-0.143627,0.003519,-0.325147
-0.146758,0.000163,-0.330867
-0.148861,-0.008749,-0.333979
-0.155564,0.003389,-0.327554
-0.159522,-0.006074,-0.333169
-0.159867,-0.015612,-0.332535
-0.164262,-0.035114,-0.345399
0.038037,-0.075935,-0.382574
0.040270,-0.072448,-0.373559
0.025911,-0.061314,-0.372544
0.031131,-0.048007,-0.356292
0.015008,-0.038444,-0.356061
0.022974,-0.032850,-0.352472
0.021025,-0.022391,-0.349999
0.016245,-0.022340,-0.345942
0.009386,-0.016434,-0.340219
0.000984,-0.025903,-0.337661
-0.004418,-0.020475,-0.343254
0.003462,-0.011871,-0.338566
-0.008711,-0.014020,-0.326060
-0.003880,-0.016776,-0.332631
-0.005147,-0.011027,-0.322862
-0.010539,-0.010778,-0.321020
-0.017358,-0.004482,-0.324088
-0.016485,0.003372,-0.328936
-0.029372,0.000635,-0.322355
-0.032888,0.003745,-0.321802
-0.031724,-0.001203,-0.315613
-0.039497,0.006188,-0.321372
-0.035654,0.005955,-0.323174
-0.042692,0.010014,-0.318661
-0.057011,0.006983,-0.316256
-0.045161,0.009927,-0.317147
-0.052386,0.013152,-0.321605
-0.050921,0.018515,-0.318746
-0.060294,0.012953,-0.308314
-0.065435,0.011420,-0.314695
-0.056168,0.015972,-0.317386
-0.067304,0.011948,-0.322369
-0.078797,0.019648,-0.312405
-0.067140,0.005972,-0.316322
-0.080080,0.014532,-0.315779
-0.080991,0.024566,-0.307996
-0.077992,0.010639,-0.312009
-0.086276,0.012191,-0.312919
-0.094066,0.013558,-0.317747
-0.096779,0.010234,-0.311263
-0.096811,0.012157,-0.309594
-0.102449,0.014368,-0.318296
-0.107074,0.007330,-0.302096
-0.105837,0.008095,-0.303146
-0.116674,0.013739,-0.305778
-0.106902,0.011092,-0.322967
-0.113512,0.011165,-0.316325
-0.121169,0.012147,-0.319788
-0.120059,0.010431,-0.316311
-0.129157,0.005960,-0.322781
-0.131149,0.011597,-0.318414
-0.126135,0.006156,-0.320477
-0.140108,0.002245,-0.325975
-0.145908,-0.002360,-0.313510
-0.148215,-0.007547,-0.319989
-0.151971,-0.004433,-0.319652
-0.150478,-0.008806,-0.333317
-0.155134,-0.003304,-0.330977
-0.166027,-0.014715,-0.337046
-0.156593,-0.014120,-0.336391
-0.162561,-0.031038,-0.351820
0.042818,-0.080110,-0.391326
0.028246,-0.068810,-0.370018
0.039153,-0.064091,-0.373173
0.037552,-0.037641,-0.354121
0.021813,-0.055561,-0.357031
0.022929,-0.040621,-0.346463
0.016818,-0.031990,-0.356012
0.008179,-0.020652,-0.337941
0.019216,-0.024781,-0.343519
0.001338,-0.024824,-0.330513
0.011720,-0.024519,-0.329509
0.000578,-0.007085,-0.337031
-0.010317,-0.023859,-0.327136
-0.007671,-0.021167,-0.335628
-0.016599,-0.025010,-0.329465
-0.010311,-0.017205,-0.333146
-0.023720,-0.004492,-0.324428
-0.019130,-0.001637,-0.323188
-0.029892,0.004413,-0.314116
-0.024808,-0.004309,-0.325217
-0.024689,-0.001651,-0.323474
-0.034070,-0.001266,-0.324048
-0.036803,0.001620,-0.320829
-0.036917,0.004669,-0.314866
-0.046415,0.005520,-0.319768
-0.050535,0.004460,-0.306216
-0.053085,0.007572,-0.320559
-0.062003,0.005895,-0.317330
-0.058824,0.009026,-0.309956
-0.062834,0.013722,-0.301439
-0.067337,-0.001768,-0.312438
-0.061651,0.009084,-0.311260
-0.072581,0.007155,-0.315666
-0.072447,0.008251,-0.312196
-0.070570,0.014314,-0.309747
-0.082379,0.014517,-0.312647
-0.091984,0.016185,-0.312296
-0.098089,0.006190,-0.307661
-0.088554,0.016707,-0.308370
-0.093093,0.011823,-0.316820
-0.097606,0.006407,-0.314224
-0.106723,0.015070,-0.324263
-0.109462,0.025165,-0.320613
-0.102473,0.005094,-0.316622
-0.106824,0.007339,-0.311480
-0.109477,0.005407,-0.312609
-0.116042,0.006439,-0.324162
-0.121374,0.005965,-0.304565
-0.135195,0.000938,-0.321568
-0.130281,0.015781,-0.330259
-0.135511,0.001090,-0.322921
-0.122825,-0.004494,-0.314343
-0.142823,-0.000675,-0.315002
-0.148095,-0.002609,-0.327789
-0.143484,-0.015856,-0.320769
-0.159004,-0.014076,-0.332006
-0.153378,-0.012790,-0.334945
-0.153464,-0.015635,-0.327288
-0.159623,-0.025626,-0.326519
-0.159453,-0.020664,-0.334807
0.038690,-0.088955,-0.382465
0.040735,-0.077809,-0.371271
0.031357,-0.056632,-0.367513
0.030280,-0.054692,-0.351358
0.033996,-0.049242,-0.349482
0.017581,-0.031282,-0.348642
0.019078,-0.042536,-0.342083
0.017291,-0.033010,-0.345968
0.001225,-0.032704,-0.340399
0.005628,-0.030848,-0.346026
0.008097,-0.019079,-0.327080
0.000089,-0.029348,-0.334768
-0.005549,-0.016100,-0.327893
-0.010560,-0.023928,-0.324839
-0.008658,-0.013291,-0.326705
-0.021502,-0.010758,-0.321899
-0.010508,-0.012097,-0.328934
-0.022515,-0.006783,-0.330716
-0.023734,-0.007481,-0.326833
-0.028361,-0.009837,-0.318739
-0.036382,-0.007205,-0.317660
-0.039355,0.000977,-0.325572
-0.038472,0.003969,-0.315815
-0.050294,0.000804,-0.315188
-0.051584,0.002482,-0.320458
-0.041179,0.005956,-0.309114
-0.052720,0.000139,-0.316420
-0.057372,0.007169,-0.303410
-0.066078,0.013988,-0.304699
-0.061877,-0.007668,-0.308178
-0.064448,0.008029,-0.317774
-0.068088,0.018054,-0.313727
-0.071922,0.004941,-0.316391
-0.075400,0.007218,-0.305766
-0.075953,0.007431,-0.305830
-0.085388,0.005303,-0.303812
-0.090767,0.012170,-0.306698
-0.090513,0.011895,-0.310872
-0.087136,0.008592,-0.309202
-0.091887,0.001991,-0.307973
-0.097141,0.010397,-0.309130
-0.106546,-0.006339,-0.314613
-0.106998,0.002763,-0.314271
-0.115783,0.010953,-0.309780
-0.105997,0.004125,-0.306719
-0.115139,-0.000984,-0.317167
-0.120274,0.010161,-0.320039
-0.118332,0.019320,-0.310693
-0.123994,-0.000672,-0.311633
-0.125356,0.000399,-0.311637
-0.129141,0.001613,-0.322261
-0.135368,-0.003482,-0.308610
-0.146074,-0.000458,-0.311943
-0.135101,-0.008227,-0.321332
-0.147994,-0.018470,-0.310866
-0.155027,-0.012895,-0.332419
-0.149599,-0.025019,-0.331480
-0.159110,-0.017056,-0.333412
-0.162103,-0.027511,-0.333008
-0.163534,-0.035094,-0.336255
0.039444,-0.088882,-0.378480
0.041670,-0.082954,-0.371746
0.038134,-0.071819,-0.356668
0.027925,-0.059789,-0.355972
0.020854,-0.056077,-0.356963
0.019278,-0.049284,-0.344317
0.019273,-0.036731,-0.344228
0.027624,-0.038935,-0.343259
0.007087,-0.039411,-0.335344
0.002311,-0.021586,-0.345670
0.002606,-0.024516,-0.337017
0.000645,-0.032665,-0.335267
-0.006731,-0.021656,-0.332848
0.000965,-0.026460,-0.322375
-0.005836,-0.016809,-0.320170
-0.011803,-0.004732,-0.327218
-0.024397,-0.012198,-0.321436
-0.016719,-0.009839,-0.323097
-0.025339,-0.016775,-0.311791
-0.028621,-0.011269,-0.322534
-0.033945,-0.006918,-0.321855
-0.035984,-0.002743,-0.314654
-0.036290,-0.001860,-0.305977
-0.039283,-0.010829,-0.318827
-0.042342,-0.002161,-0.305302
-0.051471,-0.004067,-0.306862
-0.056120,0.000305,-0.310421
-0.058398,-0.004516,-0.309945
-0.060023,-0.002858,-0.318344
-0.065661,-0.003093,-0.311467
-0.056014,0.008442,-0.299187
-0.069077,0.007140,-0.299307
-0.073396,0.008196,-0.315451
-0.074650,0.002929,-0.303083
-0.087768,0.006541,-0.313661
-0.084423,-0.000581,-0.316345
-0.090741,0.004218,-0.298739
-0.095238,0.001523,-0.307305
-0.093574,0.000712,-0.308823
-0.092866,0.002530,-0.307406
-0.099909,0.001293,-0.296454
-0.101068,0.011177,-0.310972
-0.099099,0.003809,-0.305267
-0.104613,-0.000791,-0.312037
-0.104504,0.009277,-0.309747
-0.111835,0.000339,-0.305767
-0.131109,-0.006431,-0.300956
-0.121014,-0.009451,-0.313100
-0.129259,0.006896,-0.325451
-0.121471,-0.005002,-0.314981
-0.139409,-0.000465,-0.318673
-0.145937,-0.006425,-0.310616
-0.130218,-0.006237,-0.313219
-0.139594,-0.011704,-0.324110
-0.148311,-0.008983,-0.327866
-0.145216,-0.016971,-0.324460
-0.146006,-0.019455,-0.318305
-0.166350,-0.018638,-0.335493
-0.162720,-0.036596,-0.337037
-0.167546,-0.036114,-0.345228
0.040436,-0.094673,-0.375912
0.036622,-0.095422,-0.368690
0.033816,-0.073169,-0.363192
0.027458,-0.063427,-0.351424
0.022496,-0.062677,-0.353650
0.024484,-0.053171,-0.339745
0.016414,-0.045748,-0.335608
0.019888,-0.042357,-0.344549
0.011943,-0.038435,-0.331920
0.002260,-0.033741,-0.345359
-0.000173,-0.030518,-0.331588
0.004872,-0.038248,-0.326469
-0.005932,-0.034114,-0.325940
-0.003656,-0.021815,-0.321147
-0.002713,-0.021139,-0.320219
-0.016601,-0.012940,-0.325520
-0.022253,-0.016192,-0.317847
-0.024628,-0.017250,-0.322564
-0.022042,-0.012664,-0.319970
-0.022409,-0.017953,-0.318674
-0.027158,-0.005915,-0.310930
-0.038183,-0.008834,-0.309453
-0.034933,-0.012253,-0.319825
-0.048561,-0.013910,-0.314092
-0.046426,-0.005656,-0.303787
-0.051808,-0.017669,-0.309506
-0.046439,0.003762,-0.311578
-0.052028,-0.007380,-0.309322
-0.057141,0.002545,-0.313190
-0.062423,-0.001395,-0.306162
-0.069344,-0.008650,-0.310166
-0.064082,-0.002324,-0.304854
-0.081288,-0.002157,-0.307812
-0.077120,0.002359,-0.307418
-0.084643,-0.002486,-0.304996
-0.088952,0.012656,-0.312296
-0.088974,-0.003455,-0.302479
-0.098967,0.004309,-0.309508
-0.090355,0.007534,-0.306246
-0.099893,-0.003103,-0.303558
-0.089903,-0.011652,-0.308419
-0.106833,-0.001271,-0.307323
-0.103881,0.007255,-0.304643
-0.103559,-0.005810,-0.311071
-0.118509,-0.010704,-0.310162
-0.116583,-0.008155,-0.312070
-0.126896,-0.006396,-0.309358
-0.118600,-0.000743,-0.305759
-0.119031,-0.013465,-0.316249
-0.127590,-0.005471,-0.310162
-0.138802,-0.010363,-0.313981
-0.129342,-0.012047,-0.313061
-0.133998,-0.011015,-0.322374
-0.142875,-0.021812,-0.314528
-0.144015,-0.019885,-0.313544
-0.153050,-0.032418,-0.324652
-0.165325,-0.020461,-0.324515
-0.159180,-0.038927,-0.325741
-0.167395,-0.040349,-0.332020
-0.166481,-0.043398,-0.335126
0.037828,-0.098881,-0.372115
0.035845,-0.085245,-0.362082
0.033404,-0.087113,-0.358565
0.032947,-0.065487,-0.348434
0.030277,-0.063490,-0.357853
0.022118,-0.056422,-0.340703
0.025608,-0.051710,-0.338437
0.013697,-0.046707,-0.335250
0.008169,-0.048372,-0.335884
0.005372,-0.036096,-0.344415
0.013194,-0.038761,-0.339494
0.006189,-0.037991,-0.335392
-0.006850,-0.033759,-0.323859
-0.007164,-0.024173,-0.328209
-0.007266,-0.020946,-0.321982
-0.016833,-0.025959,-0.322839
-0.024066,-0.027798,-0.319551
-0.023619,-0.016127,-0.315430
-0.031404,-0.021798,-0.312661
-0.023802,-0.015658,-0.310625
-0.032060,-0.020405,-0.313501
-0.032684,-0.014810,-0.312896
-0.036133,-0.012344,-0.318344
-0.054073,-0.002132,-0.306456
-0.049660,-0.005854,-0.319327
-0.051400,-0.006540,-0.305364
-0.045902,-0.007305,-0.311350
-0.058831,-0.005944,-0.318176
-0.063940,-0.002551,-0.308607
-0.063489,-0.010621,-0.306920
-0.062989,-0.000422,-0.310243
-0.070251,-0.006229,-0.314556
-0.067569,-0.014866,-0.309198
-0.086254,-0.004175,-0.304085
-0.079817,-0.004175,-0.312425
-0.086470,-0.006470,-0.303771
-0.088601,-0.002093,-0.299521
-0.086217,-0.000496,-0.294013
-0.088257,0.000226,-0.311373
-0.093879,-0.009572,-0.307197
-0.096463,0.004214,-0.309470
-0.090876,-0.007027,-0.317662
-0.100885,-0.015025,-0.309619
-0.102207,-0.010782,-0.299479
-0.107367,-0.004108,-0.312454
-0.115325,-0.006650,-0.316036
-0.125407,-0.004775,-0.308176
-0.121529,-0.006935,-0.305070
-0.120347,-0.020940,-0.307689
-0.129911,-0.015145,-0.318017
-0.122678,-0.012032,-0.311948
-0.133734,-0.011484,-0.313996
-0.137960,-0.017578,-0.316910
-0.134164,-0.014194,-0.309611
-0.138216,-0.025589,-0.316844
-0.151990,-0.028504,-0.324862
-0.158101,-0.023701,-0.320676
-0.159431,-0.034750,-0.322211
-0.155475,-0.039992,-0.323943
-0.172711,-0.049507,-0.342114
0.048422,-0.116384,-0.389334
0.038547,-0.110010,-0.372507
0.028931,-0.090087,-0.369036
0.031231,-0.085323,-0.367083
0.028707,-0.077238,-0.358701
0.024216,-0.071199,-0.351708
0.022336,-0.058838,-0.340298
0.023131,-0.057153,-0.343422
0.017407,-0.059215,-0.342694
0.017559,-0.049913,-0.337463
0.001519,-0.038846,-0.328419
-0.003479,-0.045926,-0.326092
0.005991,-0.044012,-0.323161
-0.008729,-0.035566,-0.319004
0.000324,-0.032499,-0.321481
-0.007520,-0.028890,-0.325469
-0.020285,-0.031964,-0.309328
-0.013701,-0.023368,-0.318725
-0.020918,-0.018125,-0.313793
-0.030842,-0.022400,-0.311171
-0.024690,-0.019480,-0.306982
-0.036599,-0.013642,-0.310540
-0.030535,-0.030824,-0.304414
-0.038147,-0.019935,-0.317413
-0.039317,-0.026303,-0.311662
-0.043886,-0.016268,-0.308232
-0.045626,-0.005877,-0.305582
-0.051766,-0.006069,-0.301550
-0.057822,-0.013516,-0.310870
-0.061050,-0.004706,-0.307404
-0.063792,-0.007645,-0.302554
-0.055597,-0.003303,-0.297202
-0.063205,-0.006524,-0.297701
-0.071987,-0.012734,-0.300818
-0.076730,-0.014912,-0.298468
-0.087367,-0.009930,-0.304869
-0.075529,-0.018536,-0.302221
-0.088537,-0.006808,-0.298323
-0.085982,-0.003870,-0.295678
-0.090733,-0.008167,-0.292208
-0.094122,-0.016286,-0.300112
-0.108358,-0.008182,-0.298475
-0.099837,-0.009734,-0.295806
-0.108173,-0.004753,-0.296673
-0.107028,-0.014212,-0.299791
-0.109897,-0.006100,-0.313121
-0.123391,-0.010932,-0.299790
-0.115956,-0.014661,-0.305378
-0.122604,-0.014805,-0.310369
-0.134598,-0.012368,-0.309428
-0.122615,-0.012759,-0.315927
-0.126171,-0.015824,-0.307864
-0.130959,-0.026903,-0.303307
-0.136746,-0.015884,-0.306982
-0.145244,-0.026881,-0.309708
-0.142415,-0.024086,-0.312839
-0.154757,-0.028453,-0.307016
-0.150999,-0.032568,-0.338344
-0.150486,-0.033762,-0.323410
-0.152162,-0.038933,-0.335104
-0.163735,-0.052620,-0.333867
0.064312,-0.121010,-0.383167
0.036050,-0.104216,-0.366587
0.038675,-0.094491,-0.366960
0.035008,-0.091549,-0.351550
0.025688,-0.077979,-0.343482
0.028448,-0.076876,-0.349141
0.027863,-0.062883,-0.351057
0.003160,-0.057114,-0.339744
0.019804,-0.061775,-0.333061
0.008223,-0.054040,-0.329193
0.007972,-0.051767,-0.327764
-0.000494,-0.041534,-0.322125
-0.004138,-0.039070,-0.326949
-0.007977,-0.039134,-0.324234
-0.009918,-0.033831,-0.323293
-0.005042,-0.030908,-0.317953
-0.013742,-0.031592,-0.309687
-0.016893,-0.033207,-0.325381
-0.025247,-0.031183,-0.313244
-0.021216,-0.028019,-0.319911
-0.028415,-0.024657,-0.312519
-0.029240,-0.027083,-0.316560
-0.038210,-0.016572,-0.317409
-0.045025,-0.014419,-0.315566
-0.041778,-0.014086,-0.305868
-0.052799,-0.018839,-0.307752
-0.047545,-0.015240,-0.300873
-0.050557,-0.019474,-0.301769
-0.056634,-0.014894,-0.295322
-0.064809,-0.013542,-0.311644
-0.067295,-0.012334,-0.289735
-0.065878,-0.017074,-0.299743
-0.069256,-0.015224,-0.294032
-0.069680,-0.007128,-0.298177
-0.075034,-0.013488,-0.306207
-0.072497,-0.014255,-0.302722
-0.083654,-0.012992,-0.306188
-0.081316,-0.005291,-0.305319
-0.083366,-0.016418,-0.294634
-0.095844,-0.006699,-0.298048
-0.098563,-0.014019,-0.312257
-0.094352,-0.016414,-0.299290
-0.107142,-0.007915,-0.303192
-0.102697,-0.012330,-0.303688
-0.106227,-0.009442,-0.301691
-0.112055,-0.005724,-0.302862
-0.124359,-0.010947,-0.309234
-0.123783,-0.008753,-0.293517
-0.120769,-0.011201,-0.303791
-0.120562,-0.014858,-0.301827
-0.130360,-0.016726,-0.306652
-0.135725,-0.027895,-0.312696
-0.140353,-0.026154,-0.311919
-0.137747,-0.025184,-0.310777
-0.143331,-0.031949,-0.313124
-0.148387,-0.028731,-0.315266
-0.154971,-0.034335,-0.318936
-0.152356,-0.035053,-0.320750
-0.153876,-0.047971,-0.327614
-0.158311,-0.051547,-0.332028
-0.172784,-0.057159,-0.337621
0.049510,-0.136566,-0.389295
0.044674,-0.126179,-0.367983
0.044364,-0.105399,-0.369132
0.034207,-0.102460,-0.370722
0.040087,-0.087323,-0.356021
0.025489,-0.076547,-0.356004
0.029614,-0.087574,-0.339398
0.024929,-0.066138,-0.347444
0.016887,-0.063478,-0.328706
0.021455,-0.060666,-0.334611
0.017858,-0.049477,-0.320179
0.005770,-0.057180,-0.321362
0.003592,-0.042670,-0.326387
-0.002180,-0.047281,-0.315972
-0.004957,-0.048521,-0.319672
-0.009966,-0.044549,-0.320623
-0.009051,-0.031353,-0.311892
-0.009832,-0.034960,-0.315788
-0.017425,-0.029408,-0.315039
-0.015780,-0.032594,-0.310773
-0.025067,-0.027940,-0.317446
-0.028978,-0.033072,-0.311032
-0.024412,-0.016521,-0.315535
-0.042544,-0.024098,-0.313514
-0.035711,-0.032834,-0.310712
-0.040986,-0.024000,-0.308881
-0.041875,-0.029894,-0.314546
-0.045899,-0.020787,-0.306971
-0.049789,-0.028682,-0.301360
-0.053360,-0.016396,-0.300176
-0.051319,-0.017289,-0.303875
-0.062830,-0.020448,-0.302442
-0.066562,-0.014710,-0.304137
-0.063522,-0.018001,-0.301431
-0.071996,-0.011044,-0.298424
-0.078400,-0.015495,-0.298935
-0.077122,-0.021535,-0.301974
-0.084253,-0.015866,-0.311782
-0.092144,-0.017139,-0.293691
-0.081437,-0.018315,-0.298220
-0.094730,-0.018512,-0.294861
-0.087421,-0.022122,-0.296850
-0.098493,-0.019261,-0.297887
-0.099272,-0.013265,-0.307034
-0.109266,-0.012401,-0.294486
-0.111727,-0.015518,-0.303811
-0.117614,-0.031416,-0.289168
-0.113782,-0.017197,-0.301213
-0.124382,-0.028596,-0.300919
-0.124969,-0.026393,-0.305565
-0.128931,-0.020176,-0.308845
-0.126097,-0.028808,-0.305048
-0.137021,-0.021715,-0.308346
-0.142842,-0.026798,-0.316718
-0.145274,-0.036990,-0.314283
-0.146084,-0.034526,-0.312558
-0.145260,-0.036754,-0.311939
-0.157202,-0.034897,-0.326832
-0.158712,-0.036033,-0.332132
-0.160083,-0.043681,-0.316470
-0.163917,-0.050555,-0.334865
-0.159712,-0.054806,-0.320105
0.043506,-0.126877,-0.381261
0.038368,-0.124199,-0.379182
0.045195,-0.107118,-0.369678
0.037458,-0.106361,-0.357612
0.029298,-0.104358,-0.355737
0.031214,-0.092412,-0.347863
0.023162,-0.075288,-0.347676
0.019342,-0.073388,-0.336304
0.017937,-0.074190,-0.339239
0.015613,-0.071845,-0.340193
0.009087,-0.058936,-0.339297
0.008872,-0.065792,-0.326362
0.001678,-0.047914,-0.325589
0.003786,-0.052729,-0.325331
-0.001840,-0.048044,-0.319475
-0.006682,-0.045520,-0.323751
-0.012646,-0.048920,-0.315850
-0.013465,-0.040425,-0.312313
-0.022775,-0.042774,-0.320317
-0.024413,-0.023014,-0.316182
-0.024586,-0.046307,-0.308174
-0.022891,-0.029592,-0.308409
-0.027766,-0.033937,-0.307140
-0.050047,-0.027315,-0.301155
-0.037660,-0.032035,-0.305995
-0.045598,-0.035123,-0.296545
-0.042478,-0.023998,-0.304080
-0.045150,-0.026204,-0.305521
-0.045678,-0.020745,-0.298251
-0.047516,-0.031256,-0.299902
-0.057981,-0.023168,-0.301051
-0.059147,-0.022955,-0.296146
-0.063990,-0.023865,-0.301053
-0.062462,-0.014814,-0.304138
-0.064889,-0.012267,-0.295221
-0.078175,-0.014014,-0.299607
-0.076918,-0.022038,-0.299154
-0.081778,-0.016156,-0.305674
-0.078951,-0.025598,-0.304367
-0.074751,-0.016672,-0.299970
-0.086350,-0.023656,-0.293146
-0.099793,-0.022316,-0.292473
-0.088393,-0.018462,-0.295663
-0.099930,-0.018801,-0.304890
-0.102368,-0.025786,-0.295289
-0.112961,-0.022096,-0.301611
-0.118597,-0.024775,-0.306172
-0.108472,-0.022069,-0.297856
-0.121316,-0.029650,-0.306987
-0.129376,-0.020724,-0.300447
-0.119757,-0.026025,-0.303613
-0.123564,-0.023083,-0.304600
-0.134284,-0.020459,-0.313186
-0.129082,-0.021703,-0.305238
-0.139179,-0.023997,-0.310991
-0.149718,-0.038886,-0.308317
-0.153453,-0.029159,-0.310400
-0.146510,-0.034875,-0.312629
-0.140263,-0.045095,-0.313173
-0.157602,-0.057928,-0.330006
-0.161794,-0.050048,-0.309157
-0.170456,-0.066500,-0.321599
-0.168640,-0.074453,-0.347369
0.044020,-0.138886,-0.374281
0.046837,-0.125804,-0.372600
0.047009,-0.119265,-0.368951
0.037174,-0.101245,-0.356131
0.030158,-0.104122,-0.350656
0.028164,-0.094599,-0.346843
0.024613,-0.086774,-0.350842
0.019791,-0.082959,-0.343511
0.022082,-0.082243,-0.339450
0.018083,-0.062733,-0.328687
0.013422,-0.065240,-0.337988
0.002123,-0.061741,-0.325672
-0.002446,-0.065300,-0.310567
-0.005620,-0.051599,-0.319711
-0.005380,-0.057586,-0.317170
-0.003752,-0.053660,-0.315227
-0.003966,-0.049030,-0.311699
-0.013331,-0.048500,-0.310331
-0.023369,-0.049212,-0.307244
-0.019623,-0.046899,-0.303328
-0.031965,-0.042205,-0.305563
-0.031579,-0.040153,-0.304623
-0.030727,-0.041818,-0.307285
-0.034376,-0.042515,-0.301235
-0.048048,-0.041133,-0.294247
-0.045511,-0.035723,-0.306404
-0.046913,-0.029731,-0.299973
-0.044856,-0.035760,-0.301629
-0.047799,-0.028535,-0.304098
-0.057422,-0.030924,-0.302692
-0.062607,-0.035206,-0.294435
-0.064911,-0.025900,-0.300279
-0.055470,-0.030364,-0.292627
-0.077883,-0.036208,-0.301229
-0.079191,-0.023972,-0.302066
-0.074678,-0.021510,-0.299949
-0.069603,-0.022037,-0.297443
-0.095197,-0.024747,-0.295418
-0.085011,-0.013836,-0.293326
-0.100894,-0.019257,-0.300424
-0.089051,-0.026148,-0.299603
-0.088180,-0.028861,-0.305467
-0.093078,-0.020130,-0.299193
-0.093387,-0.019109,-0.295853
-0.097114,-0.023080,-0.297047
-0.106572,-0.032119,-0.294019
-0.112078,-0.022229,-0.285634
-0.119634,-0.025372,-0.294323
-0.118377,-0.029666,-0.305840
-0.115617,-0.028484,-0.301701
-0.123925,-0.033728,-0.300099
-0.134806,-0.026030,-0.306149
-0.131234,-0.027474,-0.308612
-0.129740,-0.038954,-0.307506
-0.143646,-0.032418,-0.306905
-0.137826,-0.041098,-0.309390
-0.139445,-0.050038,-0.316800
-0.148402,-0.042246,-0.311938
-0.158219,-0.048373,-0.323451
-0.160191,-0.050567,-0.325753
-0.157209,-0.058019,-0.321767
-0.163304,-0.072480,-0.329892
-0.172397,-0.076105,-0.333903
0.050716,-0.152394,-0.388308
0.042557,-0.139432,-0.368405
0.047019,-0.121641,-0.372340
0.043879,-0.121875,-0.361855
0.045617,-0.114612,-0.357657
0.038089,-0.106584,-0.356868
0.037585,-0.103852,-0.341742
0.024612,-0.091287,-0.337734
0.028979,-0.087472,-0.338541
0.020434,-0.076965,-0.336301
0.007065,-0.075846,-0.342240
0.015901,-0.071806,-0.327073
0.013197,-0.072283,-0.321606
-0.000064,-0.062500,-0.319904
0.006903,-0.056190,-0.323289
-0.008505,-0.065729,-0.325038
-0.004385,-0.047328,-0.323607
-0.008425,-0.048225,-0.319654
-0.001667,-0.047543,-0.312472
-0.023389,-0.053771,-0.306008
-0.030308,-0.041527,-0.314893
-0.020994,-0.039838,-0.303592
-0.017112,-0.036688,-0.304011
-0.037452,-0.041435,-0.303592
-0.028648,-0.040182,-0.303912
-0.044660,-0.039633,-0.301188
-0.035515,-0.034759,-0.299651
-0.042316,-0.039649,-0.309374
-0.043197,-0.030899,-0.301463
-0.052324,-0.031579,-0.299623
-0.064007,-0.039283,-0.298435
-0.063345,-0.025160,-0.298961
-0.068855,-0.026993,-0.297762
-0.068130,-0.033708,-0.294816
-0.074481,-0.027071,-0.295476
-0.067036,-0.033968,-0.299728
-0.074351,-0.034436,-0.294090
-0.073390,-0.023146,-0.300953
-0.075331,-0.021520,-0.304243
-0.092245,-0.041893,-0.289666
-0.080426,-0.028357,-0.301646
-0.096065,-0.037661,-0.287823
-0.096619,-0.022696,-0.296825
-0.104583,-0.028408,-0.297709
-0.102460,-0.035505,-0.290653
-0.098614,-0.029057,-0.290870
-0.106183,-0.028247,-0.295135
-0.116382,-0.039798,-0.304816
-0.110139,-0.032436,-0.298533
-0.112066,-0.030972,-0.292805
-0.121765,-0.036029,-0.309667
-0.129378,-0.032548,-0.297009
-0.131734,-0.032839,-0.300935
-0.131506,-0.036790,-0.306353
-0.138785,-0.044443,-0.309438
-0.135469,-0.046856,-0.307024
-0.143356,-0.037304,-0.301122
-0.133942,-0.043369,-0.313436
-0.147289,-0.048139,-0.317227
-0.156054,-0.047261,-0.324531
-0.148659,-0.061699,-0.315384
-0.158684,-0.066702,-0.315259
-0.165879,-0.074985,-0.323144
-0.175954,-0.079603,-0.342290
-0.171256,-0.088188,-0.346983
0.051251,-0.139365,-0.372777
0.044996,-0.139838,-0.360727
0.049020,-0.128364,-0.357732
0.044774,-0.109173,-0.355444
0.040135,-0.113388,-0.350678
0.036313,-0.109622,-0.347987
0.027971,-0.106536,-0.348848
0.020678,-0.101583,-0.349598
0.019852,-0.092106,-0.338723
0.013178,-0.077030,-0.334225
0.012671,-0.084386,-0.330249
0.009504,-0.078490,-0.329664
0.009166,-0.068479,-0.323416
0.002964,-0.067957,-0.321160
0.005959,-0.063471,-0.312750
0.002209,-0.056259,-0.307819
0.003321,-0.056602,-0.304091
-0.003940,-0.059096,-0.309385
-0.013055,-0.057861,-0.303117
-0.011145,-0.054586,-0.306961
-0.024083,-0.055909,-0.310161
-0.029755,-0.045016,-0.297274
-0.020670,-0.053427,-0.303391
-0.028480,-0.039893,-0.306528
-0.038285,-0.035111,-0.303372
-0.036614,-0.037733,-0.297793
-0.036461,-0.041809,-0.289088
-0.049251,-0.037205,-0.302631
-0.052375,-0.030385,-0.300809
-0.056051,-0.034890,-0.297692
-0.052447,-0.026386,-0.299600
-0.063362,-0.039406,-0.296231
-0.049413,-0.031390,-0.295482
-0.066408,-0.032831,-0.295018
-0.066694,-0.032129,-0.292897
-0.066000,-0.035997,-0.288464
-0.081158,-0.026968,-0.296597
-0.062982,-0.042629,-0.294108
-0.090323,-0.028857,-0.293009
-0.086529,-0.032014,-0.296459
-0.097192,-0.030697,-0.293855
-0.100284,-0.032989,-0.297413
-0.088980,-0.036062,-0.293008
-0.103314,-0.039420,-0.282609
-0.097867,-0.031697,-0.298306
-0.104143,-0.036837,-0.296270
-0.110252,-0.032414,-0.295220
-0.111104,-0.033727,-0.292105
-0.113302,-0.039199,-0.292117
-0.126060,-0.030484,-0.306753
-0.124527,-0.037098,-0.297564
-0.117591,-0.031008,-0.304206
-0.131926,-0.046871,-0.302599
-0.128919,-0.036651,-0.294811
-0.124725,-0.044760,-0.292568
-0.142144,-0.050825,-0.303119
-0.140122,-0.053854,-0.301564
-0.138063,-0.055631,-0.311984
-0.155737,-0.058799,-0.298345
-0.163386,-0.064467,-0.318608
-0.160974,-0.054033,-0.315982
-0.167787,-0.067179,-0.317181
-0.169913,-0.077692,-0.325996
-0.170999,-0.074872,-0.329718
-0.171534,-0.095129,-0.344651
0.048127,-0.145943,-0.376214
0.054048,-0.136237,-0.373252
0.046233,-0.126723,-0.369195
0.036627,-0.126091,-0.349162
0.039302,-0.124862,-0.360565
0.030274,-0.111489,-0.348143
0.021077,-0.099191,-0.342054
0.028555,-0.098396,-0.345197
0.015248,-0.088955,-0.342233
0.020015,-0.098753,-0.335351
0.011560,-0.084535,-0.328303
0.007417,-0.073430,-0.323848
0.007219,-0.074125,-0.325056
0.001664,-0.065548,-0.321363
-0.004916,-0.072041,-0.316363
-0.002142,-0.057258,-0.313940
-0.016231,-0.063450,-0.315120
-0.012033,-0.051108,-0.317056
-0.009204,-0.055461,-0.300766
-0.019634,-0.057144,-0.311999
-0.023788,-0.053928,-0.313506
-0.023576,-0.047029,-0.306137
-0.020093,-0.041087,-0.311524
-0.034742,-0.055857,-0.295125
-0.042172,-0.037805,-0.306258
-0.039365,-0.043095,-0.296059
-0.041768,-0.043811,-0.287861
-0.038253,-0.039892,-0.298362
-0.056407,-0.034326,-0.296395
-0.046149,-0.040174,-0.293116
-0.049294,-0.038048,-0.292514
-0.052593,-0.036009,-0.299895
-0.062552,-0.042131,-0.293400
-0.071476,-0.031678,-0.300264
-0.068523,-0.041747,-0.289441
-0.074850,-0.036211,-0.297893
-0.079962,-0.034627,-0.290136
-0.083180,-0.035658,-0.294232
-0.087180,-0.042280,-0.297033
-0.076521,-0.046002,-0.287346
-0.088146,-0.032726,-0.291518
-0.089811,-0.030813,-0.288778
-0.100111,-0.043646,-0.293444
-0.100737,-0.017591,-0.289954
-0.101256,-0.037640,-0.294616
-0.103488,-0.038584,-0.294554
-0.102130,-0.036355,-0.292920
-0.109085,-0.032730,-0.294372
-0.124695,-0.033584,-0.297904
-0.120686,-0.043282,-0.292683
-0.122112,-0.053212,-0.294996
-0.129034,-0.044383,-0.296474
-0.132185,-0.043944,-0.302165
-0.136928,-0.050490,-0.299793
-0.143196,-0.043118,-0.292586
-0.142920,-0.054022,-0.302533
-0.152432,-0.047491,-0.305771
-0.147611,-0.050304,-0.298088
-0.145590,-0.049301,-0.308875
-0.158860,-0.056394,-0.314195
-0.158866,-0.063165,-0.314168
-0.156031,-0.064128,-0.325400
-0.165556,-0.069741,-0.317829
-0.164935,-0.077795,-0.331876
-0.171507,-0.089704,-0.328728
-0.174378,-0.096305,-0.324872
0.057684,-0.147219,-0.371385
0.048617,-0.137378,-0.367003
0.050929,-0.132430,-0.366140
0.042540,-0.142729,-0.349426
0.035755,-0.125117,-0.354413
0.033522,-0.123301,-0.346898
0.032123,-0.114591,-0.349292
0.028602,-0.109041,-0.338997
0.025227,-0.093908,-0.328297
0.016256,-0.089307,-0.331021
0.014176,-0.087689,-0.333032
0.015038,-0.080779,-0.325359
0.014754,-0.083996,-0.310320
0.003316,-0.075455,-0.312259
0.000653,-0.074203,-0.315695
-0.004868,-0.067489,-0.317423
-0.002007,-0.069273,-0.308721
-0.010441,-0.065298,-0.303089
-0.018392,-0.053480,-0.308396
-0.022770,-0.061536,-0.301851
-0.021506,-0.060853,-0.306044
-0.009013,-0.053033,-0.310669
-0.031685,-0.057821,-0.292778
-0.030766,-0.059389,-0.300271
-0.036287,-0.045943,-0.302738
-0.042287,-0.050551,-0.294167
-0.043548,-0.048925,-0.298477
-0.045551,-0.052553,-0.302116
-0.050659,-0.043476,-0.293240
-0.052659,-0.041206,-0.284517
-0.054449,-0.049391,-0.301002
-0.057264,-0.042185,-0.298567
-0.049303,-0.045898,-0.290915
-0.066750,-0.043980,-0.294106
-0.066849,-0.042106,-0.290730
-0.075547,-0.040965,-0.289097
-0.078784,-0.034014,-0.285760
-0.074421,-0.037133,-0.297091
-0.086741,-0.037683,-0.301420
-0.084560,-0.047321,-0.289805
-0.090513,-0.050386,-0.289320
-0.084751,-0.043102,-0.297901
-0.099068,-0.040503,-0.304856
-0.100518,-0.041664,-0.289005
-0.103413,-0.038342,-0.291922
-0.106867,-0.034282,-0.295499
-0.105441,-0.042833,-0.289879
-0.112159,-0.047706,-0.291284
-0.119621,-0.043101,-0.295872
-0.125734,-0.036300,-0.296552
-0.128800,-0.045315,-0.292069
-0.126120,-0.042240,-0.295445
-0.135342,-0.042608,-0.298909
-0.124937,-0.061647,-0.300116
-0.134748,-0.045792,-0.293889
-0.148184,-0.050247,-0.296671
-0.143780,-0.045243,-0.299780
-0.145753,-0.060661,-0.306723
-0.144771,-0.061506,-0.306351
-0.160792,-0.074521,-0.308864
-0.162666,-0.068736,-0.304769
-0.161338,-0.062325,-0.309984
-0.167605,-0.069620,-0.309017
-0.172974,-0.082869,-0.314918
-0.174260,-0.089715,-0.325910
-0.175155,-0.101327,-0.329977
0.056403,-0.169366,-0.391766
0.060514,-0.151153,-0.363117
0.049249,-0.134928,-0.367363
0.053362,-0.136842,-0.361645
0.042378,-0.129443,-0.347135
0.029644,-0.124639,-0.357425
0.032159,-0.116114,-0.341650
0.030698,-0.121590,-0.339779
0.028740,-0.104161,-0.333205
0.020949,-0.093761,-0.335006
0.010821,-0.102557,-0.326007
0.016038,-0.109470,-0.317970
0.008627,-0.086241,-0.329018
0.008829,-0.076793,-0.329609
0.005457,-0.074410,-0.318360
-0.006246,-0.063462,-0.309622
-0.010225,-0.072399,-0.303258
-0.005890,-0.070941,-0.307070
-0.012535,-0.065820,-0.302787
-0.006490,-0.062865,-0.305105
-0.015768,-0.060775,-0.297494
-0.023684,-0.063220,-0.301821
-0.034565,-0.060389,-0.299569
-0.029940,-0.053818,-0.288468
-0.031482,-0.064347,-0.296734
-0.040079,-0.052392,-0.302325
-0.032692,-0.047996,-0.293469
-0.029509,-0.052907,-0.285092
-0.035042,-0.056406,-0.301130
-0.043349,-0.051005,-0.295480
-0.050259,-0.050340,-0.296778
-0.062776,-0.044636,-0.290204
-0.067026,-0.051871,-0.288546
-0.058970,-0.045182,-0.293326
-0.063052,-0.044605,-0.302608
-0.073416,-0.047155,-0.284965
-0.065845,-0.045163,-0.288786
-0.076890,-0.048315,-0.283542
-0.076624,-0.046075,-0.283607
-0.082025,-0.047383,-0.292731
-0.082711,-0.048985,-0.286446
-0.090599,-0.041798,-0.282227
-0.099991,-0.047262,-0.285643
-0.095640,-0.049118,-0.291392
-0.097435,-0.040248,-0.295663
-0.103529,-0.048946,-0.298463
-0.101333,-0.041825,-0.287758
-0.105924,-0.040957,-0.288447
-0.107844,-0.046855,-0.284953
-0.112672,-0.052944,-0.294780
-0.115795,-0.054278,-0.302360
-0.115920,-0.050507,-0.296491
-0.128807,-0.044758,-0.292177
-0.136647,-0.050860,-0.294202
-0.135907,-0.052239,-0.300842
-0.137009,-0.044966,-0.307483
-0.148568,-0.061796,-0.299697
-0.142761,-0.053379,-0.299205
-0.148000,-0.064481,-0.305203
-0.145256,-0.058823,-0.305231
-0.151571,-0.069812,-0.292944
-0.149247,-0.067325,-0.307970
-0.160945,-0.068496,-0.310876
-0.164806,-0.081286,-0.308445
-0.168622,-0.079183,-0.319498
-0.180224,-0.094826,-0.319256
-0.178667,-0.095037,-0.328442
-0.172594,-0.105742,-0.326716
0.063939,-0.165829,-0.371330
0.051884,-0.151313,-0.372534
0.051874,-0.151337,-0.362230
0.046401,-0.135857,-0.346224
0.042744,-0.133807,-0.351975
0.027741,-0.127457,-0.347779
0.032292,-0.128424,-0.341778
0.021492,-0.121433,-0.336795
0.020159,-0.113514,-0.335627
0.029067,-0.119609,-0.330376
0.027261,-0.097266,-0.326907
0.018122,-0.096055,-0.319908
0.008323,-0.092889,-0.320731
0.005476,-0.095141,-0.310629
0.004880,-0.072811,-0.305629
0.007488,-0.084285,-0.304846
0.009014,-0.076138,-0.313434
-0.011061,-0.074814,-0.305083
-0.005510,-0.070707,-0.304793
-0.012440,-0.071070,-0.304402
-0.016708,-0.074508,-0.298476
-0.015619,-0.064072,-0.300609
-0.017123,-0.064807,-0.304389
-0.025740,-0.065672,-0.299366
-0.029601,-0.061566,-0.305229
-0.033505,-0.061086,-0.295898
-0.035797,-0.055010,-0.294348
-0.041695,-0.061608,-0.292669
-0.039667,-0.057777,-0.296007
-0.053841,-0.053784,-0.297333
-0.052249,-0.053519,-0.290479
-0.060089,-0.056695,-0.282877
-0.051820,-0.053507,-0.285896
-0.057591,-0.048846,-0.291388
-0.050057,-0.047961,-0.285327
-0.064758,-0.042718,-0.293337
-0.070416,-0.055405,-0.295697
-0.070909,-0.054916,-0.292163
-0.076443,-0.049135,-0.288018
-0.077877,-0.046797,-0.286884
-0.088386,-0.050629,-0.291983
-0.098701,-0.048220,-0.289811
-0.104950,-0.050415,-0.289397
-0.091385,-0.057356,-0.288457
-0.095815,-0.046404,-0.289501
-0.102000,-0.053118,-0.284043
-0.107411,-0.045396,-0.287847
-0.101735,-0.054763,-0.295555
-0.105584,-0.050598,-0.296378
-0.118225,-0.049623,-0.299326
-0.117942,-0.050364,-0.288015
-0.122292,-0.059344,-0.283025
-0.129996,-0.058057,-0.294246
-0.120466,-0.053997,-0.295871
-0.134396,-0.055904,-0.290956
-0.135102,-0.057076,-0.296944
-0.140374,-0.067637,-0.306484
-0.146398,-0.067529,-0.292773
-0.145467,-0.072562,-0.302728
-0.159786,-0.066949,-0.297855
-0.150689,-0.071985,-0.296375
-0.154680,-0.075382,-0.313312
-0.164521,-0.066295,-0.303349
-0.165338,-0.079082,-0.308668
-0.179065,-0.077894,-0.307947
-0.172282,-0.098375,-0.322019
-0.185479,-0.095861,-0.324750
-0.178092,-0.103667,-0.330729
0.059264,-0.164876,-0.360729
0.061328,-0.163961,-0.361719
0.047519,-0.142202,-0.360951
0.045513,-0.139595,-0.356253
0.040221,-0.146740,-0.345716
0.044435,-0.130646,-0.344161
0.030081,-0.127080,-0.345259
0.040596,-0.120830,-0.332235
0.022528,-0.114161,-0.328332
0.021130,-0.108087,-0.326430
0.017960,-0.109341,-0.319080
0.014131,-0.096624,-0.314997
0.017585,-0.092357,-0.321026
0.006336,-0.093622,-0.315809
0.004651,-0.088849,-0.319101
-0.008828,-0.081276,-0.306785
-0.005022,-0.084658,-0.314861
-0.013523,-0.076372,-0.307446
-0.008417,-0.076205,-0.303717
-0.011060,-0.064239,-0.296949
-0.015117,-0.066893,-0.307235
-0.025402,-0.069750,-0.300063
-0.024325,-0.060874,-0.298336
-0.030923,-0.070701,-0.303379
-0.021081,-0.063303,-0.286060
-0.034589,-0.064495,-0.294987
-0.031676,-0.060598,-0.294080
-0.044001,-0.064926,-0.299428
-0.047882,-0.062470,-0.292441
-0.041496,-0.056088,-0.288617
-0.053212,-0.058010,-0.292301
-0.050712,-0.065006,-0.290464
-0.061717,-0.051169,-0.293290
-0.068055,-0.055685,-0.288379
-0.065898,-0.048918,-0.293393
-0.069033,-0.059937,-0.286219
-0.067708,-0.063185,-0.284124
-0.078483,-0.050354,-0.285934
-0.077569,-0.057967,-0.289275
-0.074999,-0.050153,-0.282176
-0.092723,-0.053119,-0.270925
-0.093564,-0.053904,-0.290858
-0.088608,-0.049195,-0.283497
-0.092265,-0.054198,-0.283222
-0.091367,-0.055110,-0.288689
-0.105020,-0.047711,-0.285195
-0.099226,-0.061209,-0.292958
-0.115123,-0.067832,-0.290361
-0.106588,-0.054643,-0.292898
-0.117145,-0.050963,-0.293765
-0.117503,-0.055191,-0.289480
-0.122619,-0.046237,-0.283677
-0.116500,-0.058322,-0.292004
-0.132063,-0.060160,-0.295664
-0.129268,-0.064664,-0.297547
-0.134723,-0.060880,-0.295704
-0.143208,-0.067033,-0.296797
-0.145537,-0.066794,-0.295525
-0.154863,-0.068013,-0.296258
-0.151874,-0.073989,-0.304909
-0.162711,-0.077936,-0.303559
-0.157677,-0.080267,-0.306493
-0.157502,-0.070289,-0.308557
-0.163089,-0.081996,-0.317802
-0.173779,-0.087285,-0.314479
-0.172029,-0.086830,-0.317163
-0.177311,-0.094205,-0.323548
-0.171631,-0.097913,-0.325542
-0.181818,-0.104766,-0.335935
0.047685,-0.161635,-0.360863
0.050970,-0.153977,-0.370255
0.040386,-0.146720,-0.360119
0.049419,-0.142103,-0.345667
0.041539,-0.136177,-0.355635
0.037085,-0.125853,-0.346329
0.030892,-0.127041,-0.337795
0.030540,-0.125961,-0.337697
0.027239,-0.122858,-0.334049
0.018954,-0.110090,-0.320176
0.019725,-0.107334,-0.332832
0.014925,-0.103278,-0.321100
0.008830,-0.095264,-0.324052
0.005854,-0.096255,-0.308549
0.003673,-0.089076,-0.314785
-0.002885,-0.081189,-0.307509
-0.003705,-0.083788,-0.305665
-0.005999,-0.086172,-0.299080
-0.010460,-0.085929,-0.295338
-0.018749,-0.076434,-0.291739
-0.012159,-0.078650,-0.298616
-0.020123,-0.074349,-0.295831
-0.018478,-0.077780,-0.299303
-0.024614,-0.083506,-0.290989
-0.033147,-0.063599,-0.299222
-0.032998,-0.074301,-0.293380
-0.030745,-0.058432,-0.293233
-0.039106,-0.054684,-0.294666
-0.044272,-0.055242,-0.297214
-0.053578,-0.066601,-0.292870
-0.064677,-0.053337,-0.291167
-0.054074,-0.059336,-0.291552
-0.064039,-0.062348,-0.294899
-0.053595,-0.065282,-0.282963
-0.064117,-0.055884,-0.296070
-0.058113,-0.060431,-0.280480
-0.078854,-0.052924,-0.287444
-0.057614,-0.058281,-0.278819
-0.091601,-0.053172,-0.280747
-0.081218,-0.065209,-0.291315
-0.085126,-0.057241,-0.285000
-0.087214,-0.060215,-0.276312
-0.092001,-0.056652,-0.284970
-0.095129,-0.053167,-0.293893
-0.101047,-0.058193,-0.284403
-0.100359,-0.050698,-0.290701
-0.109344,-0.053992,-0.286425
-0.104114,-0.058715,-0.277882
-0.109125,-0.071924,-0.288867
-0.112644,-0.058808,-0.284942
-0.126631,-0.075470,-0.277508
-0.128652,-0.063825,-0.275832
-0.132095,-0.053078,-0.293275
-0.133399,-0.058145,-0.293968
-0.131055,-0.062537,-0.284402
-0.133302,-0.074432,-0.290519
-0.138090,-0.070316,-0.294146
-0.148990,-0.078744,-0.299418
-0.141687,-0.062925,-0.304501
-0.152136,-0.083133,-0.295398
-0.158748,-0.077311,-0.301659
-0.153853,-0.077545,-0.309326
-0.154225,-0.083016,-0.298412
-0.163590,-0.084651,-0.314705
-0.164134,-0.088110,-0.307029
-0.176093,-0.093341,-0.308494
-0.166652,-0.108887,-0.311496
-0.179673,-0.111809,-0.318395
-0.173421,-0.111415,-0.325337
0.056580,-0.172639,-0.361869
0.052683,-0.163836,-0.359420
0.048343,-0.160313,-0.347969
0.050465,-0.148822,-0.345727
0.044766,-0.142437,-0.333710
0.034337,-0.134973,-0.341766
0.040809,-0.130705,-0.340033
0.028754,-0.130928,-0.337356
0.028992,-0.121287,-0.334032
0.020187,-0.112338,-0.318817
0.024122,-0.117572,-0.331875
0.017013,-0.108947,-0.311378
0.008550,-0.092033,-0.318137
0.004636,-0.099175,-0.311083
0.003817,-0.098416,-0.310609
0.001912,-0.088949,-0.304970
-0.005151,-0.083180,-0.309231
0.003063,-0.085063,-0.298823
-0.003924,-0.089886,-0.303903
-0.017267,-0.090509,-0.294754
-0.020565,-0.077558,-0.299481
-0.017939,-0.078697,-0.291860
-0.028478,-0.070121,-0.287300
-0.016154,-0.078206,-0.286844
-0.028746,-0.065596,-0.301408
-0.037285,-0.072808,-0.294473
-0.025458,-0.067687,-0.279123
-0.044730,-0.068600,-0.281732
-0.043061,-0.060421,-0.297270
-0.042946,-0.062823,-0.287672
-0.057288,-0.052986,-0.287022
-0.054835,-0.066484,-0.292772
-0.057874,-0.062872,-0.293619
-0.073055,-0.061527,-0.287117
-0.063915,-0.063737,-0.276151
-0.066369,-0.065313,-0.280388
-0.079383,-0.065553,-0.293925
-0.077994,-0.072915,-0.288290
-0.081446,-0.070608,-0.285762
-0.085014,-0.057745,-0.288260
-0.091223,-0.062220,-0.281246
-0.100013,-0.067685,-0.287703
-0.091112,-0.066340,-0.279734
-0.097985,-0.062554,-0.273948
-0.100568,-0.056463,-0.289849
-0.093280,-0.070137,-0.290980
-0.106736,-0.059383,-0.283438
-0.112772,-0.063397,-0.289081
-0.111359,-0.066536,-0.284449
-0.115021,-0.062523,-0.293028
-0.119818,-0.065036,-0.296743
-0.118542,-0.073615,-0.279111
-0.127959,-0.064615,-0.293932
-0.134743,-0.063027,-0.294607
-0.127255,-0.056052,-0.289314
-0.142399,-0.071177,-0.291428
-0.140031,-0.067829,-0.285925
-0.143118,-0.077912,-0.291438
-0.163100,-0.083808,-0.303935
-0.153087,-0.069329,-0.291558
-0.148183,-0.080100,-0.297272
-0.158680,-0.090544,-0.302862
-0.165839,-0.098348,-0.295967
-0.163491,-0.092999,-0.296344
-0.164885,-0.092812,-0.301130
-0.162475,-0.095743,-0.304571
-0.178374,-0.102488,-0.314940
-0.174546,-0.108863,-0.319994
-0.177821,-0.113983,-0.318198
-0.182889,-0.122011,-0.336703
0.056955,-0.176191,-0.359553
0.046734,-0.166851,-0.355332
0.047758,-0.157206,-0.340383
0.051100,-0.147142,-0.348809
0.045453,-0.148877,-0.341830
0.042111,-0.140564,-0.342200
0.032839,-0.137127,-0.339225
0.030451,-0.133628,-0.337504
0.020939,-0.128039,-0.326145
0.023709,-0.122597,-0.330721
0.021816,-0.121327,-0.323403
0.014312,-0.107817,-0.314344
0.004688,-0.095607,-0.300711
0.006752,-0.100803,-0.310130
0.006736,-0.103364,-0.314627
0.000737,-0.101076,-0.305106
-0.008928,-0.088751,-0.294530
-0.007152,-0.097626,-0.301560
-0.018500,-0.086853,-0.302275
-0.011986,-0.089733,-0.297821
-0.017580,-0.084666,-0.296818
-0.016427,-0.080828,-0.296769
-0.008452,-0.082034,-0.294045
-0.028122,-0.080610,-0.295506
-0.037524,-0.080659,-0.286770
-0.036417,-0.072365,-0.290835
-0.042283,-0.075232,-0.286886
-0.042636,-0.071048,-0.283201
-0.040773,-0.070478,-0.290296
-0.048348,-0.067685,-0.291539
-0.052692,-0.069761,-0.284941
-0.061657,-0.060186,-0.276890
-0.052037,-0.068002,-0.287581
-0.054040,-0.071792,-0.280392
-0.060804,-0.065785,-0.282894
-0.067968,-0.062614,-0.285156
-0.071986,-0.070155,-0.281362
-0.072954,-0.066889,-0.281351
-0.076745,-0.063355,-0.280272
-0.080879,-0.057165,-0.279236
-0.085074,-0.060148,-0.281926
-0.079289,-0.050421,-0.279986
-0.093191,-0.069139,-0.281463
-0.098357,-0.068865,-0.282066
-0.099895,-0.073961,-0.281586
-0.102196,-0.068379,-0.285198
-0.105827,-0.075591,-0.283631
-0.111332,-0.069181,-0.280879
-0.115370,-0.061389,-0.280832
-0.116380,-0.058273,-0.282983
-0.115901,-0.068131,-0.288418
-0.119419,-0.064666,-0.282179
-0.128778,-0.062953,-0.284174
-0.139511,-0.071535,-0.289255
-0.127915,-0.077358,-0.287541
-0.133171,-0.073028,-0.292110
-0.142662,-0.072977,-0.298095
-0.134752,-0.081706,-0.288343
-0.143576,-0.081797,-0.291233
-0.146914,-0.080732,-0.301934
-0.151774,-0.077029,-0.289412
-0.157169,-0.090686,-0.297574
-0.158823,-0.077265,-0.289076
-0.167191,-0.099862,-0.292460
-0.167951,-0.080886,-0.305417
-0.169971,-0.095134,-0.312355
-0.176526,-0.107041,-0.311226
-0.178814,-0.104147,-0.316007
-0.191035,-0.120580,-0.316420
-0.192277,-0.121302,-0.323276
0.063344,-0.169659,-0.352822
0.055722,-0.166287,-0.354666
0.052324,-0.168596,-0.348581
0.043559,-0.153223,-0.344202
0.044073,-0.161253,-0.337210
0.036866,-0.146835,-0.340556
0.028414,-0.139765,-0.329095
0.031672,-0.141412,-0.338766
0.024290,-0.132963,-0.332613
0.023688,-0.139212,-0.321228
0.017703,-0.125314,-0.318004
0.011990,-0.126171,-0.314231
0.006434,-0.105600,-0.306394
0.005192,-0.096295,-0.302518
0.001483,-0.109094,-0.300070
-0.000604,-0.100494,-0.300348
-0.009244,-0.087674,-0.300745
-0.013259,-0.097181,-0.300769
-0.014755,-0.098333,-0.292584
-0.014290,-0.088477,-0.297712
-0.016070,-0.090405,-0.286975
-0.016492,-0.093818,-0.296991
-0.017907,-0.087512,-0.290886
-0.032540,-0.084412,-0.288484
-0.032580,-0.085220,-0.279222
-0.029628,-0.072043,-0.290210
-0.031367,-0.074177,-0.289096
-0.039426,-0.078863,-0.303465
-0.048814,-0.079482,-0.283919
-0.047331,-0.073581,-0.285910
-0.040143,-0.066282,-0.285953
-0.058892,-0.067246,-0.287663
-0.066583,-0.072466,-0.282581
-0.065880,-0.064888,-0.284807
-0.054610,-0.063390,-0.273368
-0.074208,-0.065413,-0.276888
-0.076200,-0.074598,-0.289851
-0.065775,-0.074842,-0.278953
-0.072844,-0.066773,-0.281149
-0.074780,-0.072188,-0.281925
-0.083419,-0.075932,-0.286990
-0.084911,-0.067788,-0.275776
-0.096544,-0.063530,-0.273029
-0.087631,-0.064202,-0.282773
-0.102051,-0.069156,-0.282854
-0.102185,-0.066136,-0.281361
-0.102298,-0.067939,-0.286795
-0.112001,-0.067269,-0.284690
-0.105486,-0.070471,-0.286862
-0.118637,-0.066121,-0.282530
-0.112670,-0.074841,-0.284972
-0.121605,-0.068016,-0.280414
-0.133091,-0.073202,-0.283557
-0.132713,-0.063090,-0.276828
-0.138243,-0.069833,-0.281054
-0.131052,-0.083596,-0.288024
-0.143261,-0.081173,-0.278500
-0.149070,-0.081440,-0.277233
-0.144089,-0.078746,-0.284027
-0.153111,-0.085291,-0.288093
-0.161931,-0.070292,-0.296869
-0.153346,-0.078172,-0.288662
-0.163495,-0.090212,-0.295429
-0.165940,-0.100656,-0.291076
-0.168740,-0.091308,-0.293729
-0.168170,-0.087067,-0.298880
-0.175846,-0.099303,-0.300428
-0.179799,-0.112295,-0.316144
-0.187670,-0.111313,-0.306869
-0.185275,-0.125936,-0.312774
-0.191130,-0.147727,-0.328571
0.059778,-0.177914,-0.349418
0.058237,-0.168126,-0.346283
0.051134,-0.168319,-0.345449
0.046044,-0.165053,-0.353081
0.033689,-0.153475,-0.341196
0.035763,-0.153880,-0.341613
0.036269,-0.154321,-0.338620
0.027035,-0.135492,-0.325075
0.021376,-0.152069,-0.318287
0.019746,-0.131234,-0.311912
0.021646,-0.126068,-0.308129
0.015558,-0.120332,-0.321155
0.011935,-0.110887,-0.312589
0.010104,-0.113800,-0.301138
0.004261,-0.101703,-0.303808
-0.004657,-0.110016,-0.296491
0.002159,-0.094082,-0.296658
-0.004409,-0.097555,-0.301606
-0.017165,-0.104152,-0.299953
-0.014635,-0.090776,-0.288175
-0.014488,-0.089509,-0.291551
-0.021196,-0.092916,-0.284749
-0.025653,-0.094828,-0.283925
-0.020899,-0.084050,-0.289738
-0.031014,-0.090990,-0.288153
-0.027631,-0.079111,-0.287076
-0.035665,-0.087506,-0.288579
-0.038596,-0.083300,-0.284015
-0.044943,-0.086956,-0.285727
-0.045375,-0.076416,-0.283800
-0.044344,-0.079865,-0.289288
-0.055899,-0.072352,-0.274616
-0.063634,-0.070142,-0.285617
-0.052810,-0.079553,-0.285903
-0.067679,-0.076585,-0.268349
-0.072293,-0.076558,-0.277396
-0.061217,-0.060828,-0.275036
-0.081133,-0.074692,-0.282898
-0.079505,-0.074238,-0.278272
-0.082053,-0.071942,-0.283055
-0.095670,-0.068680,-0.286480
-0.095240,-0.069312,-0.280205
-0.093393,-0.058889,-0.288267
-0.093364,-0.075965,-0.277970
-0.105616,-0.075953,-0.290072
-0.104524,-0.074010,-0.273888
-0.109648,-0.073481,-0.277822
-0.104062,-0.073150,-0.275926
-0.111652,-0.082307,-0.280186
-0.115162,-0.066788,-0.282205
-0.125147,-0.081646,-0.272256
-0.125138,-0.082577,-0.287320
-0.133676,-0.077989,-0.283485
-0.129136,-0.078879,-0.277527
-0.131662,-0.077738,-0.288903
-0.140757,-0.083953,-0.286655
-0.149913,-0.087029,-0.288016
-0.151100,-0.081859,-0.276590
-0.147457,-0.085471,-0.283678
-0.150756,-0.081467,-0.289564
-0.156945,-0.084816,-0.282382
-0.159583,-0.088330,-0.291763
-0.154475,-0.095800,-0.290237
-0.158676,-0.095526,-0.294838
-0.167689,-0.099555,-0.300883
-0.177753,-0.114885,-0.302492
-0.176933,-0.104255,-0.290310
-0.179814,-0.116324,-0.302062
-0.188580,-0.116304,-0.314529
-0.186440,-0.123107,-0.305860
-0.187667,-0.126983,-0.323867
0.066685,-0.198214,-0.375866
0.067176,-0.172219,-0.354796
0.061865,-0.184261,-0.349952
0.047163,-0.167965,-0.345977
0.048778,-0.165844,-0.344738
0.046368,-0.158346,-0.335166
0.040811,-0.158461,-0.332421
0.037341,-0.149661,-0.329475
0.028540,-0.139066,-0.328369
0.028341,-0.140807,-0.323070
0.029943,-0.128522,-0.317835
0.023123,-0.126797,-0.310429
0.024822,-0.122224,-0.298255
0.004784,-0.114227,-0.298141
0.001139,-0.116209,-0.300544
0.006766,-0.105954,-0.299038
0.008056,-0.109855,-0.301249
0.005069,-0.100660,-0.298042
0.002143,-0.098307,-0.292186
-0.004296,-0.107049,-0.290164
-0.015050,-0.099011,-0.286403
-0.021707,-0.098606,-0.297372
-0.019176,-0.092834,-0.291479
-0.033187,-0.087620,-0.294210
-0.020778,-0.090535,-0.288214
-0.030048,-0.083217,-0.283034
-0.028705,-0.091322,-0.276643
-0.031341,-0.083494,-0.283881
-0.044743,-0.083227,-0.281014
-0.045327,-0.086079,-0.282966
-0.048887,-0.079560,-0.268748
-0.054575,-0.086494,-0.280532
-0.054437,-0.081284,-0.284818
-0.057845,-0.077243,-0.283068
-0.064263,-0.081980,-0.285863
-0.066330,-0.074233,-0.285853
-0.060785,-0.084478,-0.277095
-0.071285,-0.087861,-0.271012
-0.075268,-0.085794,-0.281645
-0.082539,-0.086896,-0.276215
-0.072589,-0.073081,-0.284452
-0.071451,-0.069367,-0.281580
-0.082381,-0.076531,-0.277550
-0.096863,-0.085799,-0.275019
-0.100560,-0.072167,-0.281559
-0.096607,-0.081126,-0.281320
-0.102607,-0.077538,-0.276291
-0.114242,-0.078316,-0.282323
-0.105338,-0.066247,-0.278485
-0.114484,-0.082064,-0.285632
-0.115809,-0.080122,-0.273153
-0.118388,-0.078432,-0.277253
-0.124276,-0.084351,-0.279943
-0.122946,-0.074895,-0.275256
-0.136110,-0.073846,-0.283236
-0.129358,-0.081739,-0.275825
-0.128000,-0.079326,-0.285980
-0.139724,-0.085010,-0.281556
-0.144887,-0.085661,-0.291028
-0.151634,-0.096238,-0.285137
-0.152448,-0.088630,-0.286735
-0.153295,-0.094142,-0.284833
-0.172878,-0.089809,-0.293969
-0.160761,-0.094475,-0.285998
-0.170136,-0.096840,-0.292591
-0.169584,-0.094983,-0.289765
-0.186959,-0.109383,-0.289814
-0.171730,-0.117606,-0.294419
-0.185610,-0.099041,-0.304910
-0.177460,-0.120073,-0.306095
-0.187598,-0.127655,-0.310245
-0.197279,-0.126344,-0.321589
0.060667,-0.193408,-0.354914
0.059531,-0.185035,-0.346486
0.049865,-0.168597,-0.352372
0.045582,-0.182573,-0.340226
0.046480,-0.167682,-0.331839
0.039901,-0.165247,-0.330204
0.034836,-0.164172,-0.333247
0.041366,-0.156577,-0.329035
0.027469,-0.143205,-0.331464
0.017027,-0.149732,-0.321984
0.025130,-0.139010,-0.312213
0.021919,-0.141534,-0.316643
0.016501,-0.131571,-0.306894
0.003215,-0.123853,-0.311712
0.006380,-0.131254,-0.298789
-0.004307,-0.117469,-0.299133
0.007961,-0.107461,-0.297676
-0.005365,-0.109200,-0.293756
0.004000,-0.114652,-0.292170
-0.019096,-0.103277,-0.295387
-0.016796,-0.098285,-0.286207
-0.026728,-0.091944,-0.297659
-0.017535,-0.100870,-0.296661
-0.023543,-0.108711,-0.290776
-0.033320,-0.091622,-0.289940
-0.029389,-0.096190,-0.284982
-0.043875,-0.092133,-0.274319
-0.030956,-0.097041,-0.279578
-0.042135,-0.093973,-0.282830
-0.046577,-0.087901,-0.278659
-0.046114,-0.085790,-0.277876
-0.051216,-0.095770,-0.278920
-0.051069,-0.075448,-0.284721
-0.055606,-0.083342,-0.282002
-0.060793,-0.084181,-0.272498
-0.063830,-0.087543,-0.274848
-0.072274,-0.086591,-0.277894
-0.072647,-0.076194,-0.272548
-0.071967,-0.079176,-0.269531
-0.088542,-0.076155,-0.274042
-0.078035,-0.081326,-0.279606
-0.089347,-0.082943,-0.274549
-0.092408,-0.082488,-0.277901
-0.089009,-0.083824,-0.270053
-0.098641,-0.084734,-0.275661
-0.098305,-0.080860,-0.271165
-0.103427,-0.086311,-0.282101
-0.098795,-0.083207,-0.267021
-0.107572,-0.079919,-0.266905
-0.112766,-0.080198,-0.273843
-0.126027,-0.082407,-0.280588
-0.128428,-0.079309,-0.268035
-0.131281,-0.087386,-0.276876
-0.129986,-0.093805,-0.270804
-0.127533,-0.083811,-0.267522
-0.136736,-0.084133,-0.286290
-0.131702,-0.093052,-0.274306
-0.133274,-0.092965,-0.280103
-0.147821,-0.094056,-0.291856
-0.154714,-0.093210,-0.281754
-0.153495,-0.092081,-0.281794
-0.164752,-0.090166,-0.286229
-0.156709,-0.099749,-0.283532
-0.161240,-0.099505,-0.287082
-0.166349,-0.098952,-0.289224
-0.166291,-0.102484,-0.286407
-0.179916,-0.104654,-0.293669
-0.179155,-0.107874,-0.304522
-0.181972,-0.111499,-0.297056
-0.188393,-0.123249,-0.309584
-0.192355,-0.127985,-0.307218
-0.191082,-0.141112,-0.309614
-0.191071,-0.162974,-0.329804
0.071783,-0.200845,-0.361395
0.054904,-0.187927,-0.346264
0.065624,-0.187255,-0.347197
0.052399,-0.180785,-0.337881
0.046945,-0.173445,-0.334451
0.051053,-0.169220,-0.329352
0.045046,-0.160728,-0.331062
0.032472,-0.159917,-0.314239
0.028888,-0.152997,-0.316593
0.028409,-0.157741,-0.325319
0.021049,-0.146913,-0.321910
0.026481,-0.132153,-0.317008
0.012021,-0.125826,-0.306110
0.014770,-0.125509,-0.299493
0.004904,-0.117098,-0.300091
0.013199,-0.114281,-0.300532
0.002562,-0.109967,-0.297449
-0.007150,-0.107899,-0.302758
-0.004956,-0.108950,-0.297734
-0.016072,-0.109357,-0.286164
-0.009904,-0.108872,-0.299757
-0.012373,-0.111468,-0.280821
-0.018017,-0.108630,-0.295572
-0.022790,-0.108616,-0.294775
-0.019233,-0.090387,-0.283733
-0.027892,-0.098536,-0.280873
-0.036480,-0.093448,-0.281728
-0.032919,-0.101595,-0.274447
-0.043189,-0.093074,-0.270461
-0.052631,-0.089667,-0.282616
-0.050313,-0.082606,-0.273902
-0.046720,-0.081434,-0.274949
-0.061567,-0.095388,-0.276884
-0.049477,-0.079426,-0.272015
-0.060399,-0.087074,-0.276185
-0.066050,-0.081374,-0.282051
-0.060405,-0.082109,-0.281475
-0.068411,-0.079485,-0.275060
-0.079740,-0.080585,-0.270646
-0.076920,-0.079135,-0.269056
-0.084589,-0.084451,-0.273291
-0.080144,-0.090725,-0.280907
-0.089609,-0.088945,-0.275611
-0.092061,-0.088033,-0.280482
-0.093087,-0.088711,-0.268020
-0.104785,-0.087308,-0.270171
-0.101591,-0.082013,-0.276967
-0.109099,-0.088118,-0.273256
-0.114858,-0.086841,-0.275182
-0.112333,-0.078022,-0.272437
-0.124332,-0.088524,-0.274651
-0.127673,-0.082814,-0.269461
-0.119541,-0.081296,-0.282417
-0.129030,-0.094716,-0.272804
-0.133069,-0.092540,-0.276131
-0.131009,-0.078475,-0.280501
-0.135460,-0.089805,-0.276177
-0.153810,-0.080422,-0.281488
-0.148463,-0.083987,-0.272440
-0.146517,-0.093518,-0.277880
-0.146681,-0.086885,-0.286953
-0.150488,-0.091440,-0.282921
-0.171730,-0.098418,-0.284407
-0.157595,-0.099702,-0.282075
-0.170870,-0.103835,-0.281249
-0.164158,-0.096681,-0.288580
-0.166779,-0.110561,-0.292413
-0.165575,-0.116049,-0.300614
-0.175142,-0.121296,-0.293939
-0.189183,-0.126523,-0.303555
-0.186990,-0.132828,-0.301630
-0.191165,-0.143168,-0.305674
-0.195561,-0.142390,-0.312598
0.058929,-0.201553,-0.355444
0.063533,-0.188040,-0.351450
0.052630,-0.190180,-0.326179
0.052419,-0.177538,-0.342731
0.044443,-0.174228,-0.330732
0.039485,-0.172908,-0.334352
0.033344,-0.162412,-0.330119
0.031498,-0.163040,-0.318174
0.028195,-0.162877,-0.319154
0.025344,-0.148415,-0.319417
0.025204,-0.147918,-0.313502
0.023682,-0.141838,-0.310432
0.012659,-0.127807,-0.299497
0.013087,-0.129221,-0.299464
0.006724,-0.125081,-0.296104
0.008555,-0.121143,-0.309665
0.004171,-0.117275,-0.293896
0.003924,-0.119640,-0.304856
-0.005486,-0.121274,-0.289603
-0.004646,-0.109256,-0.294185
-0.017453,-0.110308,-0.283674
-0.018951,-0.106121,-0.295857
-0.019740,-0.104570,-0.283465
-0.024220,-0.106644,-0.291564
-0.021430,-0.102620,-0.281348
-0.034801,-0.109663,-0.279308
-0.033115,-0.091687,-0.284240
-0.039481,-0.095338,-0.272518
-0.038980,-0.091809,-0.278396
-0.043155,-0.099934,-0.277568
-0.048301,-0.095472,-0.282847
-0.057403,-0.106470,-0.275608
-0.047563,-0.095297,-0.265433
-0.067309,-0.079237,-0.284230
-0.061023,-0.088511,-0.279947
-0.066674,-0.095058,-0.277020
-0.074057,-0.090552,-0.270501
-0.066635,-0.081397,-0.276598
-0.073767,-0.079274,-0.273943
-0.076364,-0.088169,-0.274606
-0.083107,-0.087910,-0.275257
-0.086351,-0.080445,-0.270605
-0.095475,-0.092420,-0.275329
-0.094481,-0.091453,-0.275095
-0.094712,-0.088875,-0.276063
-0.099076,-0.097269,-0.274189
-0.097488,-0.093210,-0.270714
-0.100589,-0.089037,-0.270330
-0.103996,-0.088811,-0.276369
-0.107847,-0.088935,-0.279104
-0.113344,-0.091320,-0.277645
-0.117059,-0.093142,-0.289940
-0.125074,-0.092115,-0.271755
-0.128457,-0.077386,-0.272328
-0.126673,-0.094019,-0.269858
-0.127846,-0.099286,-0.273543
-0.127336,-0.095690,-0.275587
-0.142231,-0.087664,-0.279073
-0.142949,-0.096010,-0.272075
-0.149727,-0.086972,-0.271919
-0.154823,-0.101343,-0.274077
-0.159344,-0.099874,-0.281467
-0.161119,-0.099236,-0.279114
-0.160950,-0.112876,-0.269781
-0.169387,-0.104699,-0.277273
-0.166153,-0.112060,-0.284185
-0.173243,-0.108729,-0.288269
-0.171776,-0.112860,-0.299722
-0.179844,-0.113003,-0.300079
-0.187425,-0.116140,-0.299890
-0.182770,-0.114531,-0.294784
-0.187369,-0.133349,-0.308212
-0.196464,-0.138263,-0.320186
0.060417,-0.215311,-0.354561
0.059972,-0.186642,-0.352705
0.050629,-0.188731,-0.336639
0.049833,-0.181574,-0.331450
0.053196,-0.182881,-0.328263
0.040132,-0.176710,-0.325942
0.035413,-0.168137,-0.329061
0.028377,-0.161477,-0.321137
0.033298,-0.166740,-0.327816
0.031487,-0.169434,-0.322847
0.020227,-0.150158,-0.307787
0.025474,-0.140026,-0.315334
0.016052,-0.138038,-0.297929
0.016408,-0.132669,-0.301426
-0.001925,-0.130750,-0.294300
0.015187,-0.135413,-0.292391
0.002145,-0.119373,-0.290294
-0.008931,-0.117516,-0.295395
-0.006000,-0.124640,-0.289695
-0.009882,-0.128807,-0.284582
-0.013239,-0.114345,-0.289492
-0.015543,-0.112515,-0.284424
-0.010646,-0.103946,-0.288306
-0.018813,-0.111550,-0.282384
-0.022363,-0.109259,-0.279072
-0.028922,-0.103973,-0.282462
-0.031565,-0.102507,-0.280630
-0.032967,-0.109113,-0.269623
-0.039743,-0.102896,-0.276449
-0.047591,-0.101610,-0.271519
-0.044659,-0.093040,-0.275380
-0.046393,-0.096242,-0.282146
-0.060333,-0.102366,-0.279113
-0.059458,-0.090226,-0.274445
-0.063415,-0.097794,-0.279774
-0.066772,-0.098728,-0.267365
-0.074117,-0.086588,-0.270222
-0.067357,-0.097904,-0.272648
-0.082282,-0.097347,-0.276175
-0.081341,-0.092276,-0.280644
-0.078341,-0.091414,-0.274736
-0.087412,-0.083391,-0.266100
-0.088883,-0.092124,-0.265332
-0.087373,-0.097793,-0.270262
-0.107322,-0.093709,-0.260951
-0.095663,-0.091257,-0.268273
-0.102472,-0.094482,-0.275226
-0.100559,-0.091465,-0.271857
-0.100906,-0.089748,-0.265712
-0.103209,-0.094452,-0.280905
-0.107609,-0.094464,-0.265077
-0.116227,-0.096683,-0.267125
-0.120530,-0.097421,-0.271962
-0.122791,-0.093608,-0.279144
-0.126832,-0.096459,-0.282644
-0.138948,-0.090347,-0.276938
-0.140533,-0.095731,-0.274528
-0.141030,-0.105595,-0.270102
-0.140043,-0.093664,-0.275552
-0.142930,-0.092386,-0.273840
-0.147004,-0.110369,-0.276708
-0.156686,-0.099157,-0.285173
-0.156967,-0.104670,-0.271888
-0.162815,-0.104504,-0.273244
-0.170983,-0.107283,-0.282058
-0.172812,-0.104552,-0.280321
-0.173228,-0.105588,-0.286053
-0.170015,-0.115438,-0.292150
-0.179353,-0.119205,-0.292158
-0.189813,-0.120522,-0.281572
-0.188061,-0.135765,-0.290796
-0.189618,-0.134751,-0.305592
-0.195210,-0.141791,-0.312348
-0.204847,-0.168438,-0.320485
0.057518,-0.201511,-0.347856
0.056873,-0.201313,-0.336464
0.048648,-0.189110,-0.335446
0.053799,-0.185141,-0.328208
0.045601,-0.189256,-0.328803
0.038495,-0.184325,-0.322988
0.038401,-0.178211,-0.329128
0.032236,-0.177896,-0.321062
0.041650,-0.173328,-0.316318
0.022051,-0.157567,-0.316461
0.019244,-0.151383,-0.307911
0.023462,-0.154663,-0.298274
0.020908,-0.154774,-0.307292
0.002856,-0.147412,-0.294972
0.001964,-0.137811,-0.292276
0.002897,-0.125179,-0.293419
0.010233,-0.121732,-0.292289
-0.007104,-0.126449,-0.285244
0.000994,-0.124453,-0.279385
-0.009027,-0.126958,-0.287849
-0.012654,-0.121701,-0.286545
-0.025272,-0.120997,-0.283797
-0.022360,-0.118768,-0.290634
-0.019832,-0.116369,-0.277456
-0.016386,-0.110860,-0.291092
-0.033211,-0.104018,-0.270448
-0.033415,-0.109977,-0.277385
-0.045569,-0.102705,-0.273143
-0.042304,-0.099904,-0.265865
-0.050395,-0.099908,-0.278122
-0.051081,-0.102703,-0.277021
-0.062388,-0.098437,-0.270975
-0.061860,-0.096369,-0.274979
-0.057651,-0.103322,-0.269085
-0.048943,-0.092428,-0.275774
-0.071968,-0.092892,-0.269413
-0.063804,-0.099093,-0.267552
-0.075603,-0.096946,-0.271881
-0.071078,-0.094374,-0.268799
-0.081778,-0.095154,-0.277255
-0.079895,-0.092266,-0.263449
-0.083840,-0.095795,-0.260251
-0.088395,-0.101561,-0.267886
-0.094734,-0.096052,-0.281183
-0.100286,-0.102813,-0.266129
-0.100916,-0.095752,-0.264894
-0.106041,-0.098149,-0.266509
-0.107472,-0.092282,-0.274508
-0.113545,-0.093843,-0.262677
-0.107052,-0.097753,-0.265623
-0.116024,-0.092826,-0.279294
-0.116922,-0.100033,-0.265359
-0.113590,-0.099879,-0.265451
-0.127451,-0.106143,-0.267387
-0.130248,-0.098922,-0.273417
-0.146736,-0.094401,-0.273656
-0.140147,-0.099503,-0.277476
-0.141826,-0.100478,-0.274633
-0.145754,-0.096994,-0.279726
-0.145986,-0.106945,-0.273194
-0.149345,-0.107961,-0.267042
-0.160678,-0.110632,-0.269879
-0.150255,-0.095991,-0.274659
-0.151751,-0.109278,-0.273748
-0.159148,-0.102592,-0.280118
-0.165259,-0.108504,-0.278852
-0.173160,-0.112841,-0.285304
-0.188802,-0.119124,-0.284558
-0.173356,-0.125261,-0.293326
-0.181154,-0.124463,-0.289964
-0.176213,-0.131953,-0.290735
-0.194854,-0.142812,-0.300981
-0.206766,-0.148743,-0.315644
-0.192775,-0.163145,-0.318699
0.064593,-0.200751,-0.349093
0.058012,-0.204471,-0.342585
0.046069,-0.191487,-0.336982
0.048721,-0.191015,-0.324165
0.049388,-0.195732,-0.325076
0.045351,-0.184543,-0.336881
0.038387,-0.187328,-0.325903
0.024640,-0.176455,-0.317509
0.029867,-0.185181,-0.313419
0.025031,-0.167447,-0.317091
0.016615,-0.167580,-0.313614
0.026264,-0.156314,-0.308884
0.004548,-0.147574,-0.307786
0.012494,-0.145673,-0.295350
0.016916,-0.137456,-0.294914
0.002537,-0.141044,-0.298192
-0.003596,-0.133916,-0.292391
-0.001206,-0.125077,-0.281629
-0.003324,-0.126812,-0.288254
-0.012901,-0.126715,-0.281540
-0.021443,-0.119841,-0.285704
-0.008055,-0.125628,-0.279627
-0.021693,-0.117971,-0.273750
-0.029094,-0.124133,-0.285227
-0.032494,-0.119874,-0.283727
-0.026258,-0.112083,-0.277706
-0.027355,-0.111566,-0.268481
-0.034627,-0.111811,-0.280241
-0.045817,-0.117609,-0.284132
-0.046014,-0.106479,-0.275860
-0.036856,-0.106969,-0.264756
-0.045673,-0.107786,-0.277209
-0.051940,-0.101536,-0.272989
-0.061590,-0.096317,-0.273690
-0.068184,-0.108008,-0.276272
-0.061084,-0.106530,-0.267374
-0.080923,-0.100134,-0.264742
-0.073530,-0.093357,-0.264536
-0.074526,-0.099437,-0.274916
-0.074029,-0.101014,-0.271232
-0.088408,-0.102856,-0.262766
-0.090018,-0.106042,-0.267349
-0.093342,-0.099295,-0.268165
-0.088873,-0.099707,-0.269933
-0.094683,-0.104088,-0.258236
-0.106803,-0.101443,-0.266640
-0.110542,-0.104223,-0.264808
-0.105858,-0.100339,-0.264211
-0.109393,-0.114209,-0.260616
-0.114102,-0.103107,-0.257104
-0.110587,-0.104308,-0.266445
-0.120389,-0.092828,-0.262181
-0.124548,-0.094963,-0.276442
-0.114848,-0.097811,-0.261807
-0.136069,-0.101802,-0.264053
-0.142211,-0.099296,-0.275535
-0.131193,-0.104527,-0.264317
-0.140897,-0.100109,-0.278515
-0.146753,-0.107808,-0.279300
-0.146325,-0.110154,-0.264932
-0.149924,-0.102622,-0.276580
-0.150359,-0.104607,-0.271562
-0.158604,-0.115736,-0.280599
-0.157891,-0.115128,-0.275814
-0.167496,-0.111051,-0.275000
-0.161529,-0.111160,-0.276453
-0.176592,-0.114907,-0.272248
-0.171471,-0.125663,-0.284417
-0.176671,-0.132164,-0.281868
-0.178250,-0.133175,-0.290586
-0.177399,-0.128516,-0.287842
-0.189118,-0.142809,-0.300619
-0.201394,-0.152849,-0.301849
-0.195345,-0.166245,-0.306961
0.063053,-0.211682,-0.347539
0.064065,-0.205510,-0.332981
0.052427,-0.196984,-0.332889
0.047420,-0.203582,-0.330984
0.045832,-0.192791,-0.328249
0.044843,-0.193385,-0.328770
0.036070,-0.181389,-0.324504
0.034607,-0.177891,-0.320604
0.039663,-0.182691,-0.316902
0.026005,-0.178306,-0.315786
0.026612,-0.167869,-0.315467
0.024692,-0.156709,-0.301368
0.015073,-0.151234,-0.301528
0.008630,-0.156525,-0.298184
0.014991,-0.140254,-0.295070
0.003474,-0.136520,-0.293186
0.001170,-0.132141,-0.279761
-0.014345,-0.125843,-0.288505
-0.025953,-0.137019,-0.275495
-0.015265,-0.136104,-0.270759
-0.008609,-0.127393,-0.276823
-0.015064,-0.126217,-0.279598
-0.014572,-0.121915,-0.274451
-0.028522,-0.122527,-0.278204
-0.026425,-0.129844,-0.277420
-0.028208,-0.118130,-0.280200
-0.037501,-0.112061,-0.274912
-0.038929,-0.119501,-0.274690
-0.042702,-0.118506,-0.266895
-0.054137,-0.114743,-0.273394
-0.053285,-0.105746,-0.264743
-0.055826,-0.103995,-0.266018
-0.051999,-0.102011,-0.267589
-0.068125,-0.111834,-0.261056
-0.049711,-0.098691,-0.269022
-0.072415,-0.108448,-0.267141
-0.066653,-0.105370,-0.266773
-0.080459,-0.101660,-0.276698
-0.071199,-0.100322,-0.268059
-0.078891,-0.109711,-0.266947
-0.078132,-0.122632,-0.263297
-0.091255,-0.115024,-0.260239
-0.092956,-0.111695,-0.274620
-0.095113,-0.100493,-0.263412
-0.089804,-0.102232,-0.276817
-0.098907,-0.107421,-0.263513
-0.110080,-0.116395,-0.263655
-0.107738,-0.114369,-0.269838
-0.110380,-0.102739,-0.264258
-0.100795,-0.100607,-0.267309
-0.135615,-0.115857,-0.256914
-0.115292,-0.099055,-0.270420
-0.122880,-0.108766,-0.262528
-0.127991,-0.113142,-0.260304
-0.139315,-0.114110,-0.263686
-0.132142,-0.114157,-0.258737
-0.137125,-0.115684,-0.257100
-0.140877,-0.107002,-0.270867
-0.147106,-0.112944,-0.264180
-0.139083,-0.104584,-0.267098
-0.161130,-0.109417,-0.260628
-0.160102,-0.101946,-0.279041
-0.163791,-0.111933,-0.275576
-0.167997,-0.117287,-0.281215
-0.157918,-0.115055,-0.273608
-0.167244,-0.111807,-0.267407
-0.170374,-0.116653,-0.277762
-0.172113,-0.113933,-0.273110
-0.175415,-0.140088,-0.284117
-0.184883,-0.134646,-0.284870
-0.189760,-0.141719,-0.293382
-0.188303,-0.153570,-0.292893
-0.189081,-0.150403,-0.292472
-0.201861,-0.160589,-0.303406
0.066782,-0.242023,-0.357346
0.061075,-0.219531,-0.334237
0.055108,-0.221034,-0.335863
0.054487,-0.206891,-0.336176
0.045055,-0.210507,-0.328294
0.044662,-0.201890,-0.321800
0.034756,-0.195642,-0.323164
0.028216,-0.191780,-0.316281
0.033299,-0.193898,-0.328423
0.024044,-0.187567,-0.315413
0.031044,-0.184942,-0.312027
0.026388,-0.182289,-0.312958
0.021277,-0.169955,-0.308035
0.019511,-0.158393,-0.310041
0.010649,-0.153744,-0.298019
0.009975,-0.145897,-0.293178
0.013924,-0.133095,-0.285279
-0.000104,-0.141065,-0.280412
-0.006641,-0.138067,-0.290832
-0.002317,-0.130894,-0.289691
-0.009908,-0.136477,-0.280625
-0.005213,-0.139236,-0.277319
-0.018894,-0.132885,-0.284768
-0.018937,-0.117394,-0.274532
-0.014139,-0.125429,-0.275218
-0.022933,-0.135332,-0.278984
-0.033783,-0.130017,-0.276007
-0.031935,-0.120845,-0.272260
-0.042487,-0.119909,-0.270253
-0.043372,-0.121301,-0.268661
-0.049695,-0.114918,-0.278263
-0.049878,-0.113574,-0.264953
-0.055239,-0.118149,-0.262087
-0.041576,-0.120067,-0.264180
-0.066601,-0.105476,-0.264927
-0.068760,-0.101922,-0.266417
-0.053193,-0.103347,-0.262875
-0.069138,-0.110785,-0.270474
-0.076447,-0.104238,-0.263954
-0.071160,-0.118551,-0.265454
-0.087062,-0.107420,-0.266267
-0.086603,-0.112474,-0.267340
-0.085295,-0.103061,-0.262190
-0.086193,-0.107882,-0.265499
-0.081140,-0.115520,-0.266738
-0.099946,-0.106156,-0.261766
-0.099317,-0.105779,-0.256710
-0.103870,-0.104789,-0.261096
-0.104500,-0.105512,-0.261886
-0.110753,-0.121049,-0.261247
-0.110578,-0.110864,-0.264981
-0.118472,-0.098492,-0.263016
-0.120690,-0.109413,-0.259955
-0.121718,-0.107231,-0.257629
-0.124852,-0.108195,-0.267980
-0.125925,-0.105446,-0.256769
-0.135461,-0.109651,-0.260222
-0.137559,-0.106385,-0.267896
-0.147516,-0.108694,-0.255936
-0.133863,-0.110598,-0.260609
-0.140886,-0.108243,-0.255867
-0.148674,-0.116385,-0.266362
-0.146862,-0.108305,-0.273027
-0.163928,-0.109952,-0.263761
-0.161981,-0.121059,-0.269943
-0.163129,-0.123066,-0.272198
-0.167933,-0.117781,-0.277188
-0.164491,-0.127154,-0.276179
-0.179270,-0.113199,-0.285650
-0.178757,-0.129535,-0.272982
-0.186953,-0.122586,-0.294262
-0.183834,-0.142089,-0.282101
-0.193474,-0.149808,-0.285466
-0.194586,-0.150531,-0.294293
-0.214950,-0.156754,-0.297644
-0.202733,-0.185756,-0.309767
0.068927,-0.244476,-0.351660
0.063186,-0.226661,-0.337985
0.056022,-0.211312,-0.336810
0.049271,-0.212120,-0.319243
0.047709,-0.212863,-0.319922
0.045925,-0.201542,-0.318546
0.045851,-0.192432,-0.322518
0.033834,-0.193507,-0.324708
0.038291,-0.185568,-0.319967
0.031393,-0.187202,-0.305458
0.029465,-0.188228,-0.318206
0.019737,-0.178416,-0.311598
0.021987,-0.171284,-0.312235
0.016573,-0.167133,-0.295975
0.011247,-0.157603,-0.293279
0.011129,-0.147867,-0.288443
0.006439,-0.151409,-0.293064
-0.000043,-0.149960,-0.281919
0.001850,-0.139590,-0.285402
-0.011492,-0.136546,-0.288548
-0.009190,-0.143399,-0.289497
-0.014054,-0.134311,-0.279560
-0.022371,-0.137420,-0.276099
-0.016536,-0.121499,-0.275184
-0.025183,-0.143139,-0.280193
-0.037433,-0.121643,-0.272157
-0.032046,-0.125169,-0.279734
-0.032234,-0.134241,-0.271220
-0.033188,-0.124650,-0.274385
-0.039630,-0.127027,-0.265282
-0.043480,-0.120630,-0.263957
-0.041539,-0.119972,-0.271068
-0.053658,-0.117001,-0.263207
-0.043220,-0.111594,-0.261168
-0.059352,-0.114729,-0.271401
-0.052429,-0.115227,-0.270116
-0.056899,-0.113984,-0.260945
-0.068497,-0.104741,-0.268373
-0.076094,-0.114750,-0.258067
-0.069060,-0.108725,-0.269048
-0.084908,-0.112927,-0.260686
-0.075853,-0.114518,-0.261928
-0.083980,-0.115617,-0.264077
-0.080802,-0.119110,-0.265705
-0.095840,-0.110798,-0.266188
-0.093500,-0.115552,-0.257791
-0.100659,-0.117598,-0.261269
-0.102309,-0.109036,-0.259969
-0.105728,-0.118649,-0.260380
-0.109832,-0.114814,-0.263775
-0.116448,-0.115149,-0.267098
-0.118281,-0.119520,-0.260454
-0.124260,-0.105155,-0.267920
-0.121340,-0.113119,-0.268359
-0.128245,-0.119467,-0.258777
-0.134537,-0.117790,-0.259662
-0.126454,-0.102697,-0.257573
-0.134877,-0.115115,-0.257967
-0.148074,-0.115941,-0.257797
-0.146802,-0.117640,-0.267030
-0.144042,-0.113517,-0.270495
-0.147895,-0.124920,-0.261734
-0.154339,-0.115571,-0.257045
-0.160698,-0.118975,-0.270925
-0.168149,-0.119450,-0.265759
-0.171084,-0.136859,-0.265413
-0.171985,-0.126941,-0.280003
-0.173823,-0.124091,-0.268440
-0.176053,-0.129233,-0.279323
-0.182437,-0.133588,-0.276071
-0.188592,-0.144235,-0.276545
-0.190863,-0.141791,-0.286886
-0.189442,-0.152760,-0.282764
-0.187492,-0.157346,-0.286763
-0.201180,-0.173545,-0.296968
-0.205424,-0.179625,-0.315601
0.075948,-0.241411,-0.353072
0.060975,-0.223151,-0.339561
0.051885,-0.212013,-0.330779
0.063408,-0.213367,-0.330151
0.062535,-0.213725,-0.328660
0.051094,-0.211058,-0.326317
0.043045,-0.198380,-0.321553
0.040907,-0.192313,-0.314763
0.030701,-0.200128,-0.314779
0.031794,-0.188070,-0.317121
0.028472,-0.185614,-0.308971
0.019386,-0.187552,-0.307482
0.017563,-0.186474,-0.308980
0.012097,-0.170322,-0.304028
0.023202,-0.166897,-0.299349
0.008008,-0.165028,-0.292132
0.003842,-0.149642,-0.284249
-0.001902,-0.156745,-0.288551
-0.007065,-0.133274,-0.276068
-0.013435,-0.133538,-0.267828
-0.013305,-0.152412,-0.274925
-0.013769,-0.135972,-0.274197
-0.020310,-0.139197,-0.277928
-0.026975,-0.135295,-0.274980
-0.011396,-0.124201,-0.260229
-0.032697,-0.136127,-0.272465
-0.026485,-0.128682,-0.267072
-0.034660,-0.128727,-0.259355
-0.043202,-0.125400,-0.262312
-0.045226,-0.124457,-0.266964
-0.048901,-0.123364,-0.264973
-0.056144,-0.116466,-0.267341
-0.046865,-0.129283,-0.263209
-0.042265,-0.120226,-0.253799
-0.050459,-0.112558,-0.259051
-0.064334,-0.118740,-0.257528
-0.059781,-0.122878,-0.253493
-0.065127,-0.116479,-0.259510
-0.073717,-0.113455,-0.256821
-0.070944,-0.115830,-0.254249
-0.085343,-0.116002,-0.263931
-0.089861,-0.114562,-0.273938
-0.084590,-0.111223,-0.264104
-0.093704,-0.116063,-0.255123
-0.097230,-0.111634,-0.254155
-0.087020,-0.125358,-0.271463
-0.094839,-0.113219,-0.262499
-0.104748,-0.120665,-0.251975
-0.111560,-0.117037,-0.255598
-0.119205,-0.119858,-0.261248
-0.107101,-0.111478,-0.265188
-0.114573,-0.118814,-0.269322
-0.126382,-0.104210,-0.262906
-0.119216,-0.110177,-0.251751
-0.123194,-0.118271,-0.254295
-0.128140,-0.114676,-0.260675
-0.134751,-0.118394,-0.265167
-0.143773,-0.112150,-0.257689
-0.139395,-0.123880,-0.259715
-0.142181,-0.127062,-0.258204
-0.146431,-0.124801,-0.265209
-0.149965,-0.115519,-0.266228
-0.157508,-0.124800,-0.259018
-0.167252,-0.129915,-0.265433
-0.160160,-0.124568,-0.271003
-0.162704,-0.122711,-0.258097
-0.166932,-0.122199,-0.265873
-0.182602,-0.125925,-0.271037
-0.179192,-0.135810,-0.277242
-0.180125,-0.132316,-0.268241
-0.181632,-0.135523,-0.275721
-0.196310,-0.150905,-0.286989
-0.197912,-0.155009,-0.286653
-0.200015,-0.159380,-0.290054
-0.202593,-0.160897,-0.294286
-0.198731,-0.185066,-0.298156
0.070260,-0.245915,-0.351301
0.054896,-0.238922,-0.339422
0.067931,-0.228566,-0.331731
0.057518,-0.213526,-0.320155
0.045219,-0.211512,-0.330072
0.048248,-0.209536,-0.322276
0.040131,-0.212322,-0.325750
0.041481,-0.210752,-0.326579
0.029711,-0.196973,-0.315053
0.025489,-0.204442,-0.318599
0.033897,-0.196866,-0.314720
0.021777,-0.188892,-0.300391
0.014486,-0.186439,-0.304834
0.019979,-0.178628,-0.293252
0.016279,-0.172892,-0.294054
0.011091,-0.166373,-0.289128
0.014877,-0.162960,-0.288943
0.000611,-0.164370,-0.277499
-0.001895,-0.161483,-0.283560
0.001932,-0.154405,-0.278672
-0.012644,-0.153836,-0.281912
-0.013329,-0.144667,-0.276167
-0.016163,-0.144279,-0.264529
-0.024215,-0.143473,-0.272243
-0.025095,-0.140107,-0.270268
-0.021302,-0.148123,-0.262475
-0.031192,-0.122403,-0.278546
-0.030496,-0.133535,-0.274619
-0.041686,-0.131306,-0.269242
-0.033411,-0.134052,-0.263039
-0.044777,-0.120621,-0.261475
-0.048039,-0.125702,-0.265449
-0.052130,-0.122155,-0.250599
-0.056865,-0.129864,-0.255972
-0.056054,-0.117010,-0.258194
-0.055053,-0.123862,-0.259711
-0.065796,-0.121493,-0.261055
-0.064051,-0.128946,-0.255666
-0.070173,-0.117168,-0.267547
-0.070628,-0.121379,-0.250184
-0.080016,-0.124388,-0.267412
-0.088160,-0.117030,-0.268908
-0.091452,-0.125063,-0.256077
-0.093507,-0.116548,-0.260798
-0.092840,-0.113616,-0.253581
-0.094717,-0.121562,-0.253267
-0.099702,-0.123757,-0.256539
-0.112617,-0.115185,-0.258028
-0.100392,-0.121729,-0.258062
-0.111983,-0.129911,-0.258018
-0.119721,-0.117248,-0.255271
-0.112197,-0.118728,-0.260389
-0.111197,-0.123660,-0.258078
-0.118773,-0.121190,-0.250124
-0.138131,-0.117492,-0.251251
-0.128164,-0.123651,-0.257649
-0.138630,-0.127740,-0.260353
-0.140978,-0.124811,-0.264255
-0.141555,-0.121165,-0.256227
-0.147311,-0.120686,-0.253611
-0.151626,-0.126904,-0.247734
-0.146964,-0.131146,-0.259240
-0.154551,-0.128536,-0.263659
-0.166413,-0.139791,-0.258374
-0.161286,-0.127992,-0.263577
-0.171709,-0.131828,-0.257878
-0.158299,-0.125049,-0.270257
-0.178670,-0.144692,-0.268190
-0.166114,-0.131584,-0.269764
-0.184993,-0.136439,-0.272861
-0.185551,-0.138987,-0.273142
-0.174811,-0.147732,-0.281012
-0.188475,-0.153106,-0.288567
-0.192862,-0.164558,-0.282396
-0.201033,-0.166246,-0.298550
-0.201675,-0.174439,-0.295598
0.069215,-0.260069,-0.339030
0.057817,-0.249526,-0.323509
0.064835,-0.226367,-0.331223
0.047851,-0.231282,-0.328651
0.055437,-0.210778,-0.334024
0.041552,-0.218187,-0.322768
0.046813,-0.207247,-0.317549
0.039029,-0.209223,-0.316001
0.036771,-0.202807,-0.311471
0.033409,-0.205414,-0.310912
0.033402,-0.207903,-0.313316
0.016272,-0.201781,-0.306566
0.017546,-0.190454,-0.302132
0.021540,-0.185384,-0.298676
0.028550,-0.173439,-0.294917
0.006876,-0.173054,-0.293493
-0.000929,-0.161175,-0.284060
0.003307,-0.168157,-0.280389
-0.001687,-0.154569,-0.278409
-0.009871,-0.146431,-0.275032
-0.016051,-0.151858,-0.278751
-0.012662,-0.155612,-0.274075
-0.018048,-0.146249,-0.264919
-0.014602,-0.145362,-0.275949
-0.030184,-0.156162,-0.273874
-0.025991,-0.134660,-0.267363
-0.032320,-0.145271,-0.268553
-0.035930,-0.135650,-0.260014
-0.036546,-0.140991,-0.266100
-0.042050,-0.136539,-0.263642
-0.044044,-0.128600,-0.254096
-0.042598,-0.130299,-0.261431
-0.054518,-0.135537,-0.266313
-0.056639,-0.128147,-0.259081
-0.056030,-0.123343,-0.261181
-0.053666,-0.123437,-0.254883
-0.071450,-0.122776,-0.264288
-0.071074,-0.123384,-0.262167
-0.072801,-0.119929,-0.254943
-0.071637,-0.107640,-0.247588
-0.075349,-0.131248,-0.257905
-0.076131,-0.121551,-0.253577
-0.097064,-0.117721,-0.251855
-0.086623,-0.122092,-0.263300
-0.091615,-0.126907,-0.257866
-0.092155,-0.123848,-0.254094
-0.095921,-0.118531,-0.254674
-0.103325,-0.125628,-0.262916
-0.103101,-0.124691,-0.256814
-0.110198,-0.122349,-0.258911
-0.114792,-0.125514,-0.257173
-0.120577,-0.122046,-0.256917
-0.125259,-0.120694,-0.258254
-0.123373,-0.127626,-0.254994
-0.129486,-0.131665,-0.253762
-0.139180,-0.126926,-0.255230
-0.133527,-0.122146,-0.260191
-0.132907,-0.121030,-0.249007
-0.143964,-0.133409,-0.256165
-0.144205,-0.125755,-0.256416
-0.145107,-0.121756,-0.265108
-0.146590,-0.137307,-0.257750
-0.154570,-0.120125,-0.251709
-0.147484,-0.124062,-0.262856
-0.163469,-0.132231,-0.256284
-0.165785,-0.135916,-0.263179
-0.173222,-0.139338,-0.265504
-0.168652,-0.145362,-0.269783
-0.176895,-0.143434,-0.266685
-0.178255,-0.143730,-0.266925
-0.172986,-0.151786,-0.275034
-0.180855,-0.152234,-0.273790
-0.193526,-0.157855,-0.280758
-0.208613,-0.160974,-0.283295
-0.196135,-0.175551,-0.295124
-0.203918,-0.178428,-0.292439
-0.214904,-0.189253,-0.315959
0.069617,-0.258679,-0.345031
0.058706,-0.230494,-0.326349
0.056432,-0.230887,-0.325731
0.061256,-0.229986,-0.319605
0.038046,-0.228992,-0.322102
0.051991,-0.223724,-0.324129
0.045184,-0.215306,-0.321184
0.046297,-0.212041,-0.314263
0.039996,-0.215626,-0.310182
0.037153,-0.204333,-0.313403
0.031099,-0.193426,-0.303963
0.022246,-0.203557,-0.313091
0.013090,-0.197536,-0.306345
0.021511,-0.196205,-0.295043
0.013898,-0.189243,-0.293390
0.008709,-0.177821,-0.290530
0.007106,-0.176188,-0.276310
0.002952,-0.169979,-0.281111
0.005212,-0.160055,-0.278222
-0.016234,-0.164785,-0.276361
-0.007490,-0.153224,-0.266975
-0.014669,-0.152336,-0.268077
-0.004280,-0.158902,-0.263353
-0.016761,-0.144426,-0.269000
-0.021994,-0.155140,-0.273127
-0.024199,-0.153274,-0.270389
-0.032423,-0.143945,-0.270232
-0.023015,-0.134773,-0.260481
-0.041145,-0.144785,-0.265441
-0.037540,-0.140080,-0.271623
-0.040359,-0.134222,-0.259592
-0.038592,-0.138908,-0.264006
-0.051533,-0.131867,-0.261103
-0.048878,-0.131031,-0.253243
-0.060558,-0.133880,-0.260732
-0.065414,-0.130845,-0.261593
-0.056144,-0.125174,-0.257406
-0.067582,-0.128388,-0.263574
-0.076876,-0.131224,-0.251225
-0.078343,-0.130123,-0.260568
-0.077689,-0.130699,-0.252589
-0.080621,-0.132724,-0.255820
-0.076050,-0.128525,-0.253620
-0.086924,-0.133921,-0.251560
-0.094554,-0.129958,-0.269085
-0.101776,-0.133683,-0.255319
-0.097288,-0.128485,-0.261496
-0.109010,-0.135597,-0.251272
-0.116500,-0.146613,-0.265687
-0.110459,-0.128714,-0.251445
-0.104707,-0.124840,-0.244816
-0.120582,-0.122994,-0.248159
-0.129600,-0.127813,-0.260284
-0.121816,-0.135923,-0.256471
-0.123714,-0.134996,-0.252442
-0.123978,-0.135683,-0.250158
-0.132503,-0.124280,-0.246821
-0.135138,-0.128887,-0.252119
-0.138824,-0.130860,-0.250378
-0.140330,-0.133635,-0.255162
-0.142268,-0.134495,-0.254020
-0.152873,-0.120144,-0.259208
-0.161339,-0.132019,-0.262662
-0.170827,-0.130096,-0.263535
-0.163062,-0.141853,-0.257958
-0.164185,-0.127249,-0.260746
-0.172688,-0.130713,-0.257491
-0.177735,-0.144833,-0.264031
-0.173835,-0.145092,-0.262339
-0.175353,-0.151941,-0.271266
-0.176676,-0.144798,-0.268001
-0.192230,-0.159103,-0.279913
-0.189243,-0.163738,-0.283787
-0.197326,-0.174867,-0.275901
-0.200178,-0.171519,-0.284259
-0.204768,-0.176182,-0.291320
-0.218658,-0.191517,-0.296813
0.067098,-0.245852,-0.335702
0.058327,-0.244151,-0.325369
0.057014,-0.239663,-0.323983
0.059475,-0.235381,-0.323748
0.056462,-0.224266,-0.314740
0.054805,-0.228478,-0.318454
0.048137,-0.224370,-0.315944
0.039063,-0.227579,-0.307151
0.038298,-0.223513,-0.309979
0.035100,-0.207882,-0.307608
0.028956,-0.207399,-0.312782
0.024778,-0.205498,-0.306928
0.036307,-0.206608,-0.307368
0.017354,-0.204282,-0.295684
0.015456,-0.193187,-0.291250
0.013834,-0.182848,-0.288772
0.008658,-0.181641,-0.285947
0.002397,-0.168874,-0.280473
-0.011460,-0.171168,-0.280982
-0.000420,-0.155367,-0.285873
-0.009412,-0.155969,-0.272442
-0.007838,-0.158887,-0.264944
-0.020855,-0.154733,-0.267737
-0.017794,-0.158004,-0.271977
-0.025472,-0.145214,-0.261371
-0.024589,-0.159409,-0.273781
-0.033616,-0.138912,-0.246463
-0.034149,-0.146976,-0.268350
-0.032997,-0.136496,-0.263611
-0.050214,-0.137087,-0.254274
-0.044677,-0.137080,-0.256294
-0.050306,-0.133812,-0.256810
-0.044884,-0.132926,-0.252783
-0.055014,-0.136038,-0.260781
-0.062884,-0.124473,-0.247832
-0.056715,-0.139508,-0.260523
-0.071703,-0.130759,-0.250502
-0.062427,-0.123676,-0.258271
-0.075888,-0.133549,-0.251663
-0.079485,-0.141582,-0.249390
-0.075180,-0.130138,-0.256319
-0.077737,-0.136835,-0.249532
-0.084181,-0.133277,-0.255014
-0.093712,-0.127187,-0.259927
-0.088330,-0.128719,-0.259185
-0.098538,-0.131866,-0.259438
-0.096481,-0.131623,-0.248860
-0.104248,-0.145152,-0.257905
-0.113192,-0.138774,-0.252631
-0.102492,-0.129263,-0.257352
-0.113113,-0.134659,-0.252359
-0.119766,-0.134640,-0.255905
-0.122250,-0.137351,-0.255196
-0.118533,-0.127941,-0.252341
-0.124821,-0.123404,-0.249515
-0.123491,-0.131174,-0.250613
-0.132836,-0.132296,-0.253585
-0.143375,-0.124081,-0.249241
-0.134102,-0.143643,-0.249563
-0.140883,-0.127021,-0.263162
-0.149529,-0.130499,-0.248140
-0.148827,-0.133238,-0.252203
-0.156318,-0.138412,-0.253080
-0.159328,-0.134669,-0.258047
-0.163949,-0.141520,-0.251785
-0.171714,-0.141001,-0.258754
-0.174204,-0.140291,-0.255021
-0.168011,-0.139990,-0.266035
-0.177596,-0.144031,-0.269830
-0.184101,-0.144935,-0.253476
-0.189531,-0.149338,-0.269135
-0.191672,-0.160447,-0.274725
-0.195442,-0.167623,-0.275435
-0.200192,-0.172477,-0.276273
-0.200552,-0.170846,-0.279115
-0.212243,-0.179252,-0.287214
-0.200750,-0.197315,-0.295199
0.072502,-0.254167,-0.329262
0.058224,-0.247149,-0.325307
0.066898,-0.233113,-0.323786
0.059034,-0.241369,-0.323924
0.054983,-0.236565,-0.319964
0.040623,-0.239491,-0.302465
0.045465,-0.231386,-0.315903
0.028677,-0.224767,-0.303253
0.028977,-0.226920,-0.312186
0.036939,-0.216365,-0.308654
0.030930,-0.220633,-0.309630
0.019336,-0.208129,-0.303564
0.022230,-0.211343,-0.298752
0.009710,-0.198249,-0.284171
0.012273,-0.191076,-0.290028
0.020222,-0.199152,-0.288017
0.009906,-0.189704,-0.294251
0.009141,-0.176493,-0.275563
-0.013982,-0.172738,-0.278770
-0.005085,-0.181372,-0.274381
-0.011857,-0.176254,-0.271647
-0.008040,-0.157160,-0.272397
-0.016438,-0.153506,-0.271042
-0.024857,-0.164095,-0.267900
-0.022848,-0.153396,-0.268923
-0.035068,-0.155549,-0.261001
-0.036253,-0.145534,-0.266561
-0.028533,-0.151505,-0.261688
-0.038606,-0.150117,-0.260796
-0.046674,-0.146355,-0.262124
-0.041018,-0.149461,-0.255832
-0.047098,-0.149067,-0.253951
-0.052513,-0.134427,-0.262291
-0.044800,-0.134735,-0.245506
-0.064550,-0.137892,-0.253241
-0.075595,-0.143493,-0.252200
-0.054355,-0.135404,-0.261815
-0.071860,-0.143610,-0.255309
-0.065137,-0.142724,-0.258326
-0.072995,-0.133208,-0.250816
-0.078573,-0.140455,-0.256498
-0.079196,-0.140211,-0.246729
-0.087303,-0.135227,-0.259329
-0.088804,-0.136733,-0.250897
-0.090214,-0.134102,-0.259438
-0.092795,-0.141398,-0.247999
-0.105164,-0.138607,-0.262552
-0.106830,-0.138024,-0.244361
-0.106594,-0.139726,-0.240504
-0.110586,-0.129654,-0.249906
-0.111094,-0.139804,-0.257421
-0.116436,-0.147912,-0.255056
-0.117437,-0.136090,-0.258494
-0.132811,-0.139985,-0.253129
-0.130819,-0.126480,-0.247281
-0.145605,-0.145171,-0.248983
-0.130071,-0.140140,-0.258856
-0.133109,-0.133737,-0.249707
-0.136046,-0.140002,-0.254627
-0.137703,-0.138683,-0.252721
-0.154464,-0.128948,-0.250383
-0.149879,-0.135118,-0.252348
-0.158895,-0.138095,-0.250483
-0.162379,-0.137027,-0.251991
-0.162179,-0.144498,-0.268602
-0.171510,-0.141441,-0.249669
-0.173710,-0.138565,-0.253276
-0.175911,-0.144964,-0.247346
-0.185817,-0.152223,-0.257918
-0.178444,-0.159098,-0.257216
-0.184369,-0.157114,-0.259235
-0.181836,-0.157573,-0.263060
-0.199563,-0.168347,-0.269508
-0.195157,-0.166599,-0.266888
-0.202484,-0.173502,-0.264643
-0.208577,-0.180025,-0.282122
-0.205034,-0.195598,-0.288109
-0.220445,-0.228529,-0.316591
0.071801,-0.271955,-0.337345
0.062757,-0.249565,-0.319203
0.065796,-0.253296,-0.321341
0.059562,-0.250250,-0.323773
0.056769,-0.229514,-0.323938
0.049859,-0.239504,-0.310853
0.047834,-0.233792,-0.315708
0.039228,-0.231518,-0.319905
0.039194,-0.233600,-0.315685
0.032207,-0.216162,-0.296545
0.035132,-0.222442,-0.314634
0.033899,-0.212743,-0.304457
0.028172,-0.214830,-0.298861
0.018645,-0.204341,-0.295607
0.022036,-0.214519,-0.284328
0.011108,-0.198543,-0.279422
0.005590,-0.209620,-0.284041
0.012646,-0.191646,-0.281070
0.017697,-0.182724,-0.281226
-0.001398,-0.180441,-0.277608
-0.007603,-0.184203,-0.268242
-0.012253,-0.181631,-0.273433
-0.013069,-0.170918,-0.263840
-0.016945,-0.160288,-0.274698
-0.024194,-0.166369,-0.271098
-0.017336,-0.164312,-0.267688
-0.026418,-0.166620,-0.265469
-0.031873,-0.153945,-0.268687
-0.030426,-0.149675,-0.259547
-0.035782,-0.143554,-0.256214
-0.041373,-0.152439,-0.249016
-0.036479,-0.148759,-0.257563
-0.054663,-0.144343,-0.252792
-0.048914,-0.148361,-0.257272
-0.062127,-0.140630,-0.249610
-0.051531,-0.150937,-0.250981
-0.062224,-0.146732,-0.256047
-0.066180,-0.149752,-0.251940
-0.068417,-0.145824,-0.255228
-0.069506,-0.140877,-0.242594
-0.079539,-0.137048,-0.252089
-0.075676,-0.146012,-0.252918
-0.087558,-0.138092,-0.248193
-0.081374,-0.144551,-0.256121
-0.086650,-0.139108,-0.262432
-0.087977,-0.146518,-0.249405
-0.082983,-0.138839,-0.251517
-0.097593,-0.147257,-0.252399
-0.107663,-0.143155,-0.259044
-0.104381,-0.147024,-0.250262
-0.110592,-0.136506,-0.249602
-0.111014,-0.144215,-0.248879
-0.115838,-0.139254,-0.245589
-0.119474,-0.145993,-0.255130
-0.122680,-0.147202,-0.235952
-0.128871,-0.136273,-0.253550
-0.130416,-0.144563,-0.243899
-0.135524,-0.136391,-0.243584
-0.143515,-0.131405,-0.237854
-0.145229,-0.134003,-0.239966
-0.146352,-0.145046,-0.251905
-0.153304,-0.146927,-0.246445
-0.146118,-0.149837,-0.246346
-0.157733,-0.137275,-0.250355
-0.155370,-0.151062,-0.250394
-0.170441,-0.151666,-0.249445
-0.159147,-0.153970,-0.247969
-0.168378,-0.153526,-0.256673
-0.173607,-0.146126,-0.259773
-0.178829,-0.148601,-0.253989
-0.189802,-0.149342,-0.265584
-0.173748,-0.164062,-0.267932
-0.182669,-0.161022,-0.264213
-0.201843,-0.167517,-0.263130
-0.196197,-0.182254,-0.260172
-0.200106,-0.180869,-0.283411
-0.203947,-0.187864,-0.269343
-0.204660,-0.198090,-0.295580
-0.207109,-0.220300,-0.298689
0.072688,-0.278149,-0.330204
0.078795,-0.256252,-0.331846
0.057660,-0.265465,-0.318052
0.057385,-0.255372,-0.326609
0.057004,-0.243066,-0.313210
0.047507,-0.236382,-0.313612
0.046426,-0.242091,-0.315451
0.035544,-0.239846,-0.312215
0.032172,-0.234414,-0.305198
0.031183,-0.236381,-0.308106
0.035715,-0.228037,-0.308350
0.032647,-0.223278,-0.300440
0.032533,-0.220020,-0.305662
0.028039,-0.214540,-0.298886
0.024178,-0.220827,-0.298972
0.014821,-0.205659,-0.289671
0.011056,-0.201613,-0.291921
0.002379,-0.195405,-0.279470
0.000078,-0.182821,-0.283740
0.000820,-0.180530,-0.272450
-0.004102,-0.183981,-0.282693
-0.009175,-0.181203,-0.271921
-0.014756,-0.178632,-0.268741
-0.017288,-0.167542,-0.265606
-0.018987,-0.174551,-0.264243
-0.020811,-0.167916,-0.259771
-0.033215,-0.166037,-0.262207
-0.035633,-0.172614,-0.256543
-0.031449,-0.159847,-0.254709
-0.030791,-0.157741,-0.263483
-0.045891,-0.145459,-0.254436
-0.027258,-0.149044,-0.267325
-0.040565,-0.154799,-0.254205
-0.048473,-0.147945,-0.253414
-0.047564,-0.150177,-0.250044
-0.060717,-0.154461,-0.248776
-0.063034,-0.146585,-0.245777
-0.064403,-0.144933,-0.243354
-0.066050,-0.154053,-0.249381
-0.065812,-0.146333,-0.256459
-0.077570,-0.146307,-0.257221
-0.073119,-0.143345,-0.251971
-0.079266,-0.144458,-0.253098
-0.087847,-0.146551,-0.246455
-0.086434,-0.145761,-0.249092
-0.090845,-0.149313,-0.251060
-0.098885,-0.147149,-0.253732
-0.097299,-0.144627,-0.244112
-0.102342,-0.144672,-0.250465
-0.104689,-0.150955,-0.255600
-0.104984,-0.139964,-0.249456
-0.119865,-0.138925,-0.243218
-0.111502,-0.131120,-0.249805
-0.123129,-0.147950,-0.255072
-0.115309,-0.142837,-0.245926
-0.126492,-0.143494,-0.239818
-0.127700,-0.146314,-0.241712
-0.129354,-0.143137,-0.240390
-0.141450,-0.138193,-0.242882
-0.144017,-0.139369,-0.243248
-0.146979,-0.136290,-0.243552
-0.151397,-0.144630,-0.248812
-0.154823,-0.149146,-0.244426
-0.158366,-0.141180,-0.243020
-0.153950,-0.145962,-0.246603
-0.165174,-0.143571,-0.255730
-0.164856,-0.147836,-0.244572
-0.175117,-0.151527,-0.252788
-0.167848,-0.152075,-0.257360
-0.173130,-0.164100,-0.249978
-0.179456,-0.153978,-0.252958
-0.182941,-0.159964,-0.259687
-0.179229,-0.173598,-0.275491
-0.190332,-0.173705,-0.272826
-0.202651,-0.182156,-0.273186
-0.204764,-0.188784,-0.268833
-0.199332,-0.187534,-0.275619
-0.210257,-0.191241,-0.282244
-0.208521,-0.206421,-0.288541
0.073160,-0.273889,-0.340848
0.069031,-0.266298,-0.334720
0.063952,-0.264043,-0.311293
0.066363,-0.256302,-0.325196
0.057092,-0.256271,-0.310838
0.045391,-0.247223,-0.318281
0.048778,-0.235907,-0.310807
0.038058,-0.245366,-0.310138
0.050213,-0.236357,-0.299561
0.038328,-0.234964,-0.308152
0.034364,-0.235829,-0.307693
0.029262,-0.232344,-0.302367
0.029980,-0.229242,-0.297896
0.021179,-0.220587,-0.297022
0.022917,-0.217041,-0.293142
0.015152,-0.214979,-0.295612
0.012073,-0.211329,-0.287517
0.002482,-0.198213,-0.279058
0.008822,-0.193154,-0.280305
0.000694,-0.196813,-0.278664
-0.008169,-0.190041,-0.263460
-0.014426,-0.187428,-0.272736
-0.014772,-0.179378,-0.276068
-0.014537,-0.178028,-0.262284
-0.024039,-0.169787,-0.268158
-0.025802,-0.173417,-0.254483
-0.033526,-0.162089,-0.255460
-0.032704,-0.167316,-0.260329
-0.037049,-0.156323,-0.255502
-0.036502,-0.160850,-0.254580
-0.040477,-0.165530,-0.258696
-0.051926,-0.156472,-0.249115
-0.053377,-0.154808,-0.247497
-0.046148,-0.158999,-0.251911
-0.052839,-0.156003,-0.249925
-0.055127,-0.162320,-0.249347
-0.059355,-0.159624,-0.240898
-0.064365,-0.152434,-0.253230
-0.064769,-0.147614,-0.249688
-0.063816,-0.153613,-0.250624
-0.070529,-0.150815,-0.251425
-0.085101,-0.154180,-0.254233
-0.081120,-0.141581,-0.248505
-0.083074,-0.139964,-0.245882
-0.083968,-0.146896,-0.247839
-0.094428,-0.147029,-0.249433
-0.092286,-0.155693,-0.255311
-0.103501,-0.156284,-0.248014
-0.097909,-0.147601,-0.253225
-0.113840,-0.151507,-0.244818
-0.106285,-0.148634,-0.245562
-0.105771,-0.147225,-0.238485
-0.112509,-0.149641,-0.232662
-0.115729,-0.148005,-0.244716
-0.118559,-0.147840,-0.239848
-0.131720,-0.154137,-0.244951
-0.143496,-0.130154,-0.243612
-0.129746,-0.144764,-0.244780
-0.137560,-0.146122,-0.235786
-0.145982,-0.155754,-0.239246
-0.151028,-0.140449,-0.246799
-0.151999,-0.145379,-0.247657
-0.152813,-0.137852,-0.245439
-0.161802,-0.143514,-0.249138
-0.154132,-0.152547,-0.240965
-0.159463,-0.147554,-0.256544
-0.160797,-0.169813,-0.250984
-0.173034,-0.146917,-0.259799
-0.175052,-0.150871,-0.241009
-0.167766,-0.166367,-0.254515
-0.169591,-0.160700,-0.254160
-0.192590,-0.161640,-0.257163
-0.188787,-0.168384,-0.264698
-0.191206,-0.171281,-0.273928
-0.196399,-0.183099,-0.273292
-0.199728,-0.183860,-0.274015
-0.202027,-0.193102,-0.271297
-0.216591,-0.194768,-0.280622
-0.219637,-0.222017,-0.286608
-0.223328,-0.257388,-0.315525
0.073197,-0.278108,-0.332768
0.068412,-0.268754,-0.323053
0.068352,-0.264979,-0.308550
0.059716,-0.256773,-0.305332
0.058619,-0.250821,-0.302705
0.051773,-0.244585,-0.318279
0.042760,-0.243590,-0.298906
0.043403,-0.244414,-0.302179
0.035892,-0.235427,-0.300746
0.037679,-0.239177,-0.296121
0.031825,-0.237210,-0.299480
0.020586,-0.233602,-0.304135
0.021594,-0.231265,-0.297614
0.019599,-0.237757,-0.294110
0.017982,-0.224397,-0.294465
0.013540,-0.221240,-0.295324
0.009829,-0.212490,-0.288267
0.004490,-0.218443,-0.274407
0.019567,-0.199093,-0.288860
0.005990,-0.204268,-0.271039
-0.005193,-0.202061,-0.277678
-0.007508,-0.189541,-0.265417
-0.005451,-0.180893,-0.268065
-0.016199,-0.195167,-0.275603
-0.021289,-0.178783,-0.258448
-0.024499,-0.174266,-0.254323
-0.015963,-0.179098,-0.259510
-0.033639,-0.169575,-0.264727
-0.031185,-0.171513,-0.252294
-0.040918,-0.169356,-0.260658
-0.042205,-0.164806,-0.252942
-0.045496,-0.166985,-0.258985
-0.042200,-0.170189,-0.250388
-0.047407,-0.169784,-0.254603
-0.055088,-0.163018,-0.251234
-0.059014,-0.155305,-0.249964
-0.060625,-0.158421,-0.251906
-0.065688,-0.158609,-0.250255
-0.066465,-0.152870,-0.247294
-0.074080,-0.158123,-0.244937
-0.075309,-0.156435,-0.253772
-0.076497,-0.174655,-0.244950
-0.082755,-0.162594,-0.250538
-0.090203,-0.155150,-0.252904
-0.082885,-0.161305,-0.254117
-0.092857,-0.162721,-0.254420
-0.094805,-0.159444,-0.244868
-0.102299,-0.149684,-0.246620
-0.101790,-0.159617,-0.242503
-0.111169,-0.146569,-0.253983
-0.105655,-0.155689,-0.248713
-0.108462,-0.151392,-0.238703
-0.122193,-0.158252,-0.241953
-0.126132,-0.151947,-0.237755
-0.116800,-0.145300,-0.235124
-0.129318,-0.140339,-0.244046
-0.140262,-0.155454,-0.240433
-0.137846,-0.146864,-0.240660
-0.137321,-0.149654,-0.239938
-0.140832,-0.147690,-0.242087
-0.143423,-0.147215,-0.234795
-0.148445,-0.145064,-0.240169
-0.155427,-0.157400,-0.245157
-0.158171,-0.159034,-0.240428
-0.163773,-0.153835,-0.245588
-0.159333,-0.156044,-0.249428
-0.160348,-0.156637,-0.246727
-0.172366,-0.161099,-0.243637
-0.175334,-0.169231,-0.244962
-0.176241,-0.155490,-0.252482
-0.181712,-0.156896,-0.252641
-0.178791,-0.167851,-0.267034
-0.187503,-0.164888,-0.264844
-0.196349,-0.174304,-0.261612
-0.200477,-0.186667,-0.268212
-0.199893,-0.182230,-0.275675
-0.209190,-0.191956,-0.264603
-0.204701,-0.205124,-0.281194
-0.205934,-0.221643,-0.289897
-0.216600,-0.234882,-0.296092
0.071908,-0.288327,-0.341686
0.063262,-0.265522,-0.316120
0.060880,-0.265628,-0.319126
0.057838,-0.260211,-0.308687
0.052863,-0.256187,-0.312491
0.045798,-0.259904,-0.314928
0.042669,-0.245389,-0.302790
0.033313,-0.248371,-0.303152
0.049142,-0.254260,-0.301214
0.046586,-0.246115,-0.286789
0.035515,-0.235378,-0.289726
0.031563,-0.241003,-0.300872
0.030402,-0.228996,-0.285676
0.016241,-0.235661,-0.290141
0.018769,-0.224159,-0.298676
0.008734,-0.222677,-0.286863
0.012013,-0.227421,-0.288335
0.004536,-0.223156,-0.289341
0.001024,-0.208977,-0.273743
-0.005298,-0.196936,-0.274272
-0.000212,-0.201930,-0.272608
-0.009921,-0.189729,-0.274341
-0.016961,-0.197675,-0.258871
-0.018599,-0.182779,-0.269159
-0.013714,-0.191094,-0.255056
-0.022972,-0.181019,-0.250691
-0.025711,-0.181550,-0.250595
-0.032653,-0.177689,-0.261512
-0.039525,-0.170885,-0.251986
-0.044640,-0.174800,-0.254854
-0.040900,-0.166008,-0.248236
-0.043320,-0.169053,-0.250378
-0.046716,-0.158850,-0.250784
-0.049902,-0.165481,-0.253224
-0.055869,-0.170150,-0.246393
-0.061407,-0.167936,-0.247086
-0.065351,-0.167810,-0.252005
-0.071421,-0.168857,-0.251645
-0.069540,-0.175340,-0.256373
-0.069594,-0.159259,-0.245514
-0.072487,-0.161959,-0.239064
-0.079463,-0.170230,-0.255261
-0.084875,-0.163941,-0.243349
-0.090821,-0.166641,-0.250871
-0.078736,-0.163836,-0.244169
-0.096331,-0.161672,-0.244859
-0.088829,-0.162327,-0.245244
-0.094374,-0.161060,-0.244130
-0.099973,-0.160720,-0.245362
-0.099348,-0.158630,-0.245102
-0.100679,-0.161944,-0.238635
-0.116191,-0.161649,-0.250404
-0.125250,-0.165709,-0.247572
-0.123615,-0.155157,-0.244256
-0.128085,-0.147287,-0.233705
-0.117265,-0.156103,-0.243448
-0.130321,-0.150411,-0.242532
-0.129009,-0.148034,-0.246954
-0.133441,-0.154267,-0.237791
-0.138833,-0.148762,-0.242307
-0.162226,-0.151276,-0.230983
-0.148418,-0.150329,-0.248530
-0.143467,-0.150999,-0.235168
-0.149124,-0.152980,-0.238910
-0.156905,-0.159435,-0.245302
-0.155955,-0.160636,-0.242420
-0.169542,-0.159867,-0.244887
-0.169371,-0.163529,-0.255681
-0.174286,-0.168701,-0.247292
-0.176862,-0.164909,-0.253070
-0.186695,-0.170531,-0.249743
-0.180692,-0.177572,-0.256331
-0.184590,-0.185997,-0.260475
-0.191856,-0.178615,-0.256616
-0.197174,-0.184871,-0.263637
-0.198978,-0.207777,-0.269051
-0.202319,-0.196923,-0.272410
-0.211918,-0.198241,-0.271095
-0.206014,-0.210860,-0.290527
-0.215495,-0.222062,-0.300967
0.074353,-0.294965,-0.323640
0.076253,-0.279769,-0.315515
0.055261,-0.264513,-0.303628
0.063480,-0.264053,-0.312386
0.057848,-0.256979,-0.309713
0.041854,-0.262993,-0.308139
0.049186,-0.263811,-0.320541
0.047123,-0.248471,-0.305878
0.045967,-0.249594,-0.309576
0.048719,-0.256026,-0.301577
0.035585,-0.236747,-0.292512
0.021441,-0.235595,-0.298130
0.026324,-0.240949,-0.293280
0.022490,-0.240201,-0.295123
0.027390,-0.236530,-0.294658
0.010363,-0.232887,-0.288110
0.006370,-0.219269,-0.292954
0.002326,-0.222975,-0.283570
0.006618,-0.217745,-0.281349
-0.008437,-0.210686,-0.267674
-0.005301,-0.197674,-0.278861
-0.008877,-0.211033,-0.267412
-0.011061,-0.198720,-0.276869
-0.023536,-0.193999,-0.265838
-0.010548,-0.194784,-0.254344
-0.037758,-0.195672,-0.258718
-0.026204,-0.185688,-0.252340
-0.028880,-0.180667,-0.257543
-0.033258,-0.183033,-0.251109
-0.041178,-0.182071,-0.255259
-0.037538,-0.178195,-0.246637
-0.045333,-0.184238,-0.242798
-0.048366,-0.181104,-0.248708
-0.056628,-0.166144,-0.243694
-0.053903,-0.161705,-0.245803
-0.058359,-0.173653,-0.252767
-0.061262,-0.174970,-0.245847
-0.066572,-0.160119,-0.250783
-0.070837,-0.170347,-0.242306
-0.073156,-0.168008,-0.241157
-0.076401,-0.167344,-0.242708
-0.082651,-0.175332,-0.243520
-0.078920,-0.169717,-0.247632
-0.089806,-0.165082,-0.256212
-0.086880,-0.163505,-0.244139
-0.089264,-0.161745,-0.239106
-0.102355,-0.172660,-0.236993
-0.097297,-0.171604,-0.244094
-0.097506,-0.174327,-0.240803
-0.109540,-0.161705,-0.236894
-0.114037,-0.171003,-0.242244
-0.113807,-0.156496,-0.245029
-0.119107,-0.168897,-0.234980
-0.116504,-0.153604,-0.227176
-0.120900,-0.163414,-0.234686
-0.131559,-0.154210,-0.245025
-0.134614,-0.163396,-0.237889
-0.137689,-0.167667,-0.236275
-0.132858,-0.156434,-0.242205
-0.138680,-0.157108,-0.235788
-0.153352,-0.158673,-0.239325
-0.146732,-0.159377,-0.238215
-0.149301,-0.158975,-0.237524
-0.151332,-0.160604,-0.238442
-0.156690,-0.162590,-0.244514
-0.164408,-0.165094,-0.250261
-0.170245,-0.165744,-0.238001
-0.178292,-0.168990,-0.250474
-0.178258,-0.175731,-0.244585
-0.177080,-0.166513,-0.245481
-0.188062,-0.176445,-0.248753
-0.193616,-0.182168,-0.246077
-0.186828,-0.174492,-0.249485
-0.192961,-0.180961,-0.268213
-0.195698,-0.187247,-0.262987
-0.201409,-0.189836,-0.253574
-0.205464,-0.201810,-0.267065
-0.204916,-0.206552,-0.271772
-0.206899,-0.222905,-0.279831
-0.222271,-0.232066,-0.287099
0.070706,-0.292185,-0.325984
0.066341,-0.282969,-0.312090
0.067848,-0.278426,-0.306812
0.055566,-0.273307,-0.317155
0.060877,-0.266938,-0.303332
0.046626,-0.261094,-0.306220
0.049896,-0.262949,-0.297776
0.041874,-0.261891,-0.303679
0.036049,-0.251227,-0.303053
0.044798,-0.253808,-0.301888
0.033877,-0.254212,-0.283703
0.034799,-0.248981,-0.287925
0.025978,-0.248447,-0.293903
0.029573,-0.242708,-0.285769
0.014016,-0.233688,-0.281703
0.016455,-0.232154,-0.294707
0.007008,-0.222731,-0.293235
0.007554,-0.233307,-0.278623
0.004304,-0.222073,-0.289073
-0.004848,-0.216497,-0.278483
-0.001860,-0.216773,-0.277480
-0.006904,-0.218224,-0.273609
-0.008101,-0.199803,-0.259627
-0.012083,-0.199066,-0.258975
-0.019254,-0.200031,-0.262434
-0.020710,-0.199819,-0.256514
-0.026207,-0.188031,-0.255865
-0.036438,-0.196533,-0.239202
-0.032893,-0.180427,-0.248642
-0.034099,-0.179441,-0.260968
-0.039124,-0.195339,-0.245841
-0.049824,-0.179500,-0.248716
-0.033960,-0.181429,-0.248598
-0.052292,-0.185097,-0.241538
-0.047439,-0.174224,-0.241534
-0.060875,-0.181730,-0.237078
-0.067448,-0.181204,-0.249854
-0.053186,-0.169893,-0.239916
-0.068366,-0.175428,-0.249107
-0.062755,-0.172309,-0.253858
-0.069783,-0.165341,-0.251850
-0.073278,-0.173236,-0.240941
-0.085080,-0.176861,-0.246499
-0.081970,-0.165585,-0.246203
-0.088685,-0.174793,-0.246051
-0.087284,-0.169520,-0.250575
-0.095083,-0.175471,-0.248007
-0.103569,-0.170961,-0.237008
-0.096082,-0.168922,-0.239918
-0.116088,-0.174826,-0.239782
-0.111307,-0.166552,-0.232190
-0.112239,-0.162414,-0.240832
-0.120136,-0.170546,-0.236910
-0.121936,-0.164564,-0.224459
-0.126524,-0.161468,-0.242685
-0.132865,-0.162989,-0.239087
-0.128222,-0.160989,-0.232098
-0.142897,-0.153463,-0.237591
-0.134919,-0.158038,-0.244872
-0.140676,-0.160625,-0.232186
-0.149148,-0.162707,-0.233196
-0.144009,-0.167269,-0.240333
-0.150113,-0.160488,-0.231881
-0.157235,-0.172386,-0.234039
-0.161908,-0.156265,-0.238506
-0.165092,-0.174524,-0.239601
-0.165872,-0.174591,-0.238922
-0.164773,-0.167101,-0.247689
-0.171218,-0.167494,-0.241886
-0.182425,-0.172531,-0.253471
-0.179953,-0.175238,-0.248309
-0.185633,-0.173307,-0.244350
-0.181692,-0.188134,-0.251219
-0.193805,-0.187764,-0.260370
-0.188370,-0.194834,-0.258126
-0.200414,-0.197967,-0.256471
-0.203494,-0.204300,-0.266042
-0.207253,-0.211732,-0.266497
-0.214710,-0.208763,-0.269004
-0.211554,-0.229208,-0.283348
-0.220197,-0.256131,-0.296680
0.079066,-0.310356,-0.323971
0.075950,-0.287012,-0.315631
0.071803,-0.274009,-0.317343
0.053119,-0.278922,-0.310478
0.053089,-0.267379,-0.306026
0.055041,-0.275599,-0.300258
0.054362,-0.266948,-0.300258
0.054312,-0.259146,-0.299969
0.043198,-0.260272,-0.296806
0.040032,-0.259643,-0.301469
0.037041,-0.256262,-0.290870
0.042809,-0.245818,-0.295514
0.028010,-0.247738,-0.288503
0.023109,-0.245666,-0.296653
0.015108,-0.246808,-0.295571
0.027492,-0.241611,-0.279532
0.013717,-0.239462,-0.288129
0.011825,-0.238625,-0.283579
0.009136,-0.235737,-0.282609
0.004124,-0.227455,-0.278032
-0.001925,-0.220089,-0.280253
-0.003522,-0.222212,-0.271151
-0.013747,-0.212460,-0.268616
-0.005034,-0.217104,-0.265355
-0.018433,-0.205118,-0.261323
-0.019594,-0.204798,-0.257674
-0.023306,-0.200684,-0.262092
-0.029879,-0.201377,-0.250158
-0.036178,-0.199528,-0.256025
-0.040499,-0.194177,-0.252604
-0.043444,-0.186560,-0.259339
-0.039592,-0.190497,-0.257936
-0.042600,-0.188523,-0.249986
-0.040917,-0.186463,-0.239419
-0.044873,-0.183193,-0.251254
-0.064774,-0.179276,-0.242852
-0.058937,-0.186036,-0.251748
-0.067113,-0.176893,-0.245873
-0.069010,-0.184354,-0.242357
-0.064618,-0.179486,-0.245018
-0.065747,-0.170049,-0.242947
-0.072271,-0.179143,-0.245570
-0.080005,-0.174758,-0.239182
-0.084035,-0.187831,-0.249015
-0.090415,-0.174847,-0.248088
-0.091138,-0.182328,-0.246259
-0.091540,-0.170999,-0.241287
-0.093028,-0.182049,-0.239916
-0.096984,-0.178096,-0.247848
-0.098725,-0.176866,-0.241235
-0.110491,-0.164021,-0.243467
-0.109973,-0.169866,-0.243733
-0.109936,-0.168004,-0.240568
-0.115575,-0.160436,-0.234879
-0.119131,-0.169822,-0.238560
-0.125583,-0.161877,-0.240960
-0.132444,-0.161943,-0.239914
-0.127436,-0.170555,-0.233656
-0.134233,-0.159048,-0.232304
-0.136429,-0.172925,-0.237121
-0.137695,-0.165669,-0.232899
-0.144090,-0.167026,-0.241763
-0.143770,-0.163325,-0.246686
-0.160908,-0.164861,-0.237281
-0.155805,-0.161333,-0.241350
-0.160984,-0.168381,-0.238536
-0.165551,-0.170583,-0.238591
-0.166860,-0.173776,-0.234034
-0.172868,-0.168514,-0.240577
-0.174997,-0.171183,-0.241892
-0.180050,-0.181231,-0.246213
-0.188970,-0.183265,-0.238369
-0.180760,-0.182743,-0.245981
-0.180417,-0.189463,-0.256269
-0.192795,-0.199953,-0.255702
-0.200262,-0.191629,-0.255796
-0.194284,-0.198307,-0.260893
-0.198397,-0.207937,-0.259764
-0.207602,-0.221575,-0.267479
-0.211393,-0.220114,-0.274580
-0.216495,-0.225721,-0.276280
-0.219389,-0.254598,-0.282989
0.076629,-0.305115,-0.326247
0.071155,-0.298200,-0.316289
0.070065,-0.277137,-0.316606
0.068190,-0.279385,-0.298167
0.062217,-0.277462,-0.302084
0.054613,-0.275464,-0.306976
0.052509,-0.267758,-0.295072
0.037881,-0.262682,-0.293765
0.040455,-0.261714,-0.290026
0.041896,-0.261784,-0.284965
0.041553,-0.245879,-0.295215
0.036610,-0.256088,-0.290566
0.030749,-0.250981,-0.301116
0.019714,-0.251754,-0.276609
0.027991,-0.245721,-0.287687
0.015890,-0.251098,-0.283240
-0.003861,-0.245412,-0.287616
0.008250,-0.238887,-0.279202
0.004166,-0.240488,-0.272914
0.003425,-0.240695,-0.287279
0.003397,-0.241052,-0.274999
-0.001176,-0.228870,-0.276509
-0.000288,-0.225060,-0.266269
-0.017655,-0.222706,-0.267659
-0.013608,-0.205898,-0.263329
-0.016979,-0.216293,-0.251951
-0.025957,-0.201344,-0.262120
-0.023921,-0.200929,-0.248227
-0.031560,-0.201380,-0.265055
-0.027906,-0.196155,-0.257252
-0.032901,-0.194656,-0.251059
-0.039095,-0.184876,-0.243520
-0.061372,-0.194604,-0.248252
-0.048016,-0.185962,-0.249340
-0.055455,-0.192403,-0.247104
-0.057067,-0.186853,-0.245890
-0.066633,-0.194296,-0.247448
-0.058905,-0.180210,-0.243480
-0.067646,-0.183057,-0.240548
-0.063300,-0.181915,-0.245362
-0.073591,-0.194393,-0.246368
-0.080655,-0.182478,-0.244464
-0.086283,-0.194632,-0.246361
-0.076669,-0.171077,-0.246599
-0.090829,-0.188736,-0.238177
-0.091294,-0.178619,-0.243085
-0.091437,-0.179529,-0.242214
-0.101999,-0.175611,-0.242591
-0.097677,-0.181499,-0.231356
-0.109358,-0.183841,-0.240471
-0.105612,-0.177029,-0.242639
-0.116068,-0.172892,-0.229553
-0.105403,-0.181971,-0.237634
-0.112159,-0.175199,-0.229647
-0.114038,-0.171131,-0.233485
-0.126162,-0.169299,-0.225237
-0.124570,-0.172836,-0.232448
-0.132525,-0.172849,-0.230850
-0.136180,-0.166036,-0.236636
-0.130893,-0.163211,-0.234624
-0.145209,-0.175985,-0.233252
-0.152275,-0.168958,-0.234174
-0.144620,-0.179215,-0.245689
-0.153852,-0.180340,-0.232903
-0.155671,-0.167157,-0.237844
-0.162575,-0.170335,-0.235688
-0.166378,-0.173610,-0.236322
-0.171753,-0.175424,-0.236844
-0.170868,-0.172367,-0.231848
-0.169910,-0.179030,-0.224746
-0.180667,-0.182445,-0.237034
-0.185995,-0.183853,-0.244577
-0.182693,-0.186040,-0.254691
-0.191471,-0.184981,-0.247790
-0.187419,-0.197320,-0.246177
-0.198408,-0.202727,-0.251977
-0.191161,-0.203757,-0.249936
-0.208952,-0.216132,-0.257279
-0.202102,-0.222505,-0.250210
-0.215041,-0.220242,-0.258953
-0.205385,-0.237664,-0.274204
-0.218930,-0.248434,-0.281541
0.074036,-0.301555,-0.328874
0.077859,-0.293435,-0.313935
0.073696,-0.287727,-0.307900
0.065089,-0.283528,-0.307268
0.062344,-0.278605,-0.307727
0.054109,-0.279418,-0.296557
0.050617,-0.279282,-0.294680
0.041816,-0.269676,-0.288298
0.052551,-0.270292,-0.298085
0.043663,-0.284823,-0.283084
0.035282,-0.273380,-0.289628
0.035454,-0.260958,-0.287219
0.034019,-0.261046,-0.291532
0.027059,-0.259262,-0.281179
0.023333,-0.265215,-0.287199
0.016981,-0.252618,-0.283990
0.012250,-0.249043,-0.287784
0.010679,-0.242875,-0.276580
0.010475,-0.249368,-0.278621
0.006552,-0.240679,-0.280024
-0.002264,-0.239618,-0.273674
-0.000033,-0.236662,-0.259666
-0.013186,-0.229189,-0.266733
-0.009132,-0.221884,-0.266885
-0.013833,-0.220040,-0.264076
-0.026127,-0.213810,-0.260493
-0.031530,-0.224193,-0.260656
-0.023307,-0.208117,-0.250560
-0.020473,-0.212571,-0.255431
-0.030175,-0.205096,-0.255869
-0.029492,-0.204048,-0.247986
-0.027927,-0.196545,-0.238899
-0.047037,-0.203173,-0.251067
-0.039239,-0.188632,-0.239093
-0.047165,-0.195300,-0.246977
-0.049789,-0.197566,-0.248900
-0.052222,-0.200586,-0.238946
-0.059542,-0.185079,-0.250207
-0.062390,-0.195269,-0.237757
-0.070788,-0.181498,-0.240689
-0.069540,-0.194425,-0.244497
-0.077093,-0.193600,-0.241032
-0.075570,-0.190853,-0.235433
-0.075639,-0.191370,-0.229858
-0.090201,-0.189026,-0.234502
-0.092081,-0.182585,-0.236415
-0.095522,-0.181721,-0.241647
-0.087016,-0.186167,-0.241148
-0.100405,-0.190054,-0.234340
-0.103191,-0.177456,-0.231948
-0.099434,-0.173485,-0.249047
-0.108164,-0.180054,-0.238303
-0.115014,-0.175486,-0.232650
-0.116171,-0.181323,-0.235068
-0.123575,-0.184150,-0.228375
-0.127062,-0.178785,-0.235183
-0.133442,-0.175711,-0.228181
-0.132289,-0.182483,-0.238789
-0.132416,-0.173286,-0.229532
-0.142455,-0.174013,-0.233083
-0.146667,-0.165339,-0.232626
-0.143193,-0.172031,-0.228764
-0.146148,-0.179684,-0.228438
-0.153069,-0.170901,-0.222671
-0.162607,-0.179706,-0.231478
-0.149993,-0.177883,-0.238640
-0.156784,-0.179838,-0.223534
-0.163013,-0.182535,-0.235775
-0.168979,-0.180678,-0.238098
-0.182724,-0.186375,-0.234763
-0.178827,-0.183261,-0.238402
-0.176864,-0.185786,-0.247066
-0.188495,-0.191241,-0.254124
-0.189958,-0.199355,-0.238473
-0.191299,-0.207950,-0.249445
-0.188440,-0.201497,-0.249633
-0.202344,-0.193995,-0.253424
-0.199379,-0.208622,-0.257593
-0.208201,-0.216688,-0.262068
-0.207933,-0.231419,-0.266108
-0.210700,-0.245315,-0.275601
-0.217463,-0.248866,-0.276662
0.069913,-0.313521,-0.310719
0.069392,-0.303649,-0.305493
0.066514,-0.286512,-0.300395
0.064023,-0.279845,-0.295758
0.054640,-0.281754,-0.295519
0.053746,-0.278945,-0.299856
0.054601,-0.276761,-0.299115
0.060348,-0.279934,-0.293479
0.049698,-0.278410,-0.302291
0.038484,-0.271477,-0.284742
0.036294,-0.273925,-0.285827
0.030572,-0.258132,-0.284983
0.027778,-0.258923,-0.298899
0.022986,-0.257226,-0.283525
0.027329,-0.262032,-0.279471
0.012746,-0.257552,-0.292132
0.009735,-0.253879,-0.273862
0.018806,-0.248981,-0.293933
0.013534,-0.244952,-0.279505
0.012017,-0.250250,-0.277344
0.002803,-0.236447,-0.264971
-0.003177,-0.241432,-0.272697
-0.007540,-0.229418,-0.262993
-0.017157,-0.233429,-0.258853
-0.013855,-0.224599,-0.268532
-0.019509,-0.220640,-0.266786
-0.018944,-0.217814,-0.250834
-0.025140,-0.222046,-0.249647
-0.028474,-0.214080,-0.248919
-0.023910,-0.209847,-0.247459
-0.040210,-0.206718,-0.243141
-0.046231,-0.210099,-0.246455
-0.055702,-0.199020,-0.244605
-0.040742,-0.204368,-0.237013
-0.041486,-0.195263,-0.253636
-0.054930,-0.190404,-0.254446
-0.055008,-0.203452,-0.239410
-0.063791,-0.210425,-0.246442
-0.067767,-0.207664,-0.247045
-0.061867,-0.198187,-0.249241
-0.072790,-0.199936,-0.237799
-0.085288,-0.194172,-0.236119
-0.074883,-0.198774,-0.238100
-0.085108,-0.191512,-0.239774
-0.086084,-0.192692,-0.232583
-0.099784,-0.193519,-0.241074
-0.089926,-0.194992,-0.233492
-0.099479,-0.186067,-0.237969
-0.103192,-0.185354,-0.236666
-0.089382,-0.191342,-0.228482
-0.116444,-0.187093,-0.236638
-0.107010,-0.181694,-0.230854
-0.119209,-0.177610,-0.229086
-0.117442,-0.187519,-0.242045
-0.115256,-0.188053,-0.233123
-0.119845,-0.171527,-0.235098
-0.127694,-0.182215,-0.227445
-0.129838,-0.172559,-0.227806
-0.139552,-0.171459,-0.222360
-0.129456,-0.180193,-0.231903
-0.140750,-0.178160,-0.234164
-0.143880,-0.178328,-0.234078
-0.140789,-0.179795,-0.240846
-0.143043,-0.179148,-0.235437
-0.152675,-0.175004,-0.231609
-0.141799,-0.176189,-0.234655
-0.158684,-0.182201,-0.232215
-0.165328,-0.186702,-0.231890
-0.168339,-0.182179,-0.237081
-0.169076,-0.178600,-0.234271
-0.167352,-0.187879,-0.241533
-0.178666,-0.188819,-0.230138
-0.184341,-0.196231,-0.239304
-0.188105,-0.193044,-0.241974
-0.192037,-0.199141,-0.245622
-0.193804,-0.202653,-0.249194
-0.194782,-0.212144,-0.242107
-0.209543,-0.213214,-0.250699
-0.213774,-0.213875,-0.256613
-0.211177,-0.228441,-0.260366
-0.212821,-0.242292,-0.265272
-0.223244,-0.258203,-0.276604
0.073554,-0.308194,-0.317545
0.079065,-0.300084,-0.306786
0.069475,-0.290099,-0.294190
0.068882,-0.284228,-0.292013
0.048226,-0.281915,-0.297740
0.069576,-0.285480,-0.291829
0.050382,-0.281368,-0.296266
0.053223,-0.281834,-0.285213
0.048275,-0.279017,-0.288525
0.045378,-0.276188,-0.294833
0.033220,-0.274044,-0.292306
0.039034,-0.271942,-0.290407
0.025945,-0.271792,-0.288879
0.015803,-0.270458,-0.288010
0.024109,-0.264840,-0.282412
0.025318,-0.265886,-0.280869
0.011377,-0.251216,-0.277630
0.016793,-0.259221,-0.281678
0.017174,-0.255990,-0.269324
-0.002883,-0.248326,-0.286567
0.000430,-0.243582,-0.278473
-0.008462,-0.240719,-0.271186
-0.007526,-0.251312,-0.270615
-0.009560,-0.233754,-0.264367
-0.014194,-0.230119,-0.266550
-0.016808,-0.231848,-0.257500
-0.012048,-0.222148,-0.255371
-0.041350,-0.219165,-0.252869
-0.031194,-0.218518,-0.253745
-0.027477,-0.214036,-0.248847
-0.038573,-0.212157,-0.248775
-0.038251,-0.210496,-0.242720
-0.041728,-0.214006,-0.243353
-0.044435,-0.212256,-0.256438
-0.057125,-0.212167,-0.249134
-0.053806,-0.199545,-0.245807
-0.059974,-0.208653,-0.242521
-0.067564,-0.198756,-0.243197
-0.063626,-0.208933,-0.248695
-0.076987,-0.208472,-0.237212
-0.079267,-0.194578,-0.242122
-0.071997,-0.197311,-0.235005
-0.078289,-0.200138,-0.240592
-0.085899,-0.203790,-0.236884
-0.085529,-0.195340,-0.232675
-0.085041,-0.207487,-0.239479
-0.087842,-0.194047,-0.241891
-0.092548,-0.198923,-0.244430
-0.104042,-0.193137,-0.238479
-0.106059,-0.194491,-0.241411
-0.104073,-0.195291,-0.226447
-0.114019,-0.191096,-0.239157
-0.114543,-0.192444,-0.236170
-0.111143,-0.192236,-0.233529
-0.121432,-0.181589,-0.241163
-0.129757,-0.188599,-0.225202
-0.129824,-0.194747,-0.231100
-0.141953,-0.182286,-0.236086
-0.137230,-0.186158,-0.232397
-0.131857,-0.175005,-0.220010
-0.146295,-0.189918,-0.223903
-0.141089,-0.172283,-0.220334
-0.152304,-0.196213,-0.235192
-0.157783,-0.185081,-0.234862
-0.162749,-0.182820,-0.230761
-0.156945,-0.176211,-0.234782
-0.156037,-0.194671,-0.235595
-0.166131,-0.192030,-0.229560
-0.164958,-0.187945,-0.233071
-0.168173,-0.183772,-0.233272
-0.186232,-0.196448,-0.235350
-0.175679,-0.198784,-0.231730
-0.183512,-0.190155,-0.241659
-0.194789,-0.202040,-0.240259
-0.195836,-0.201179,-0.240713
-0.193079,-0.208276,-0.254248
-0.195264,-0.208146,-0.250726
-0.198830,-0.221500,-0.256622
-0.206837,-0.227602,-0.250441
-0.216008,-0.237909,-0.262960
-0.212651,-0.234575,-0.270450
-0.218398,-0.251351,-0.264204
-0.224008,-0.281667,-0.286934
0.084024,-0.312446,-0.312733
0.074504,-0.292509,-0.299582
0.066934,-0.298204,-0.300063
0.062383,-0.292535,-0.291545
0.058933,-0.286261,-0.290658
0.054385,-0.284684,-0.287981
0.051795,-0.286126,-0.288131
0.043382,-0.281331,-0.294880
0.050181,-0.280209,-0.297154
0.044444,-0.284936,-0.283570
0.039439,-0.275548,-0.287115
0.034519,-0.273443,-0.291415
0.025536,-0.274044,-0.283542
0.019436,-0.268864,-0.289582
0.025684,-0.266154,-0.276692
0.029052,-0.263474,-0.286376
0.012027,-0.269674,-0.269723
0.004744,-0.267095,-0.267968
0.004427,-0.272127,-0.265785
-0.001172,-0.263368,-0.270406
-0.001219,-0.254139,-0.268326
-0.009278,-0.251348,-0.272300
-0.009569,-0.246173,-0.265700
-0.018839,-0.249227,-0.270833
-0.013306,-0.241232,-0.260146
-0.026795,-0.242234,-0.247578
-0.018524,-0.230473,-0.258310
-0.023385,-0.216151,-0.261933
-0.027320,-0.225940,-0.250492
-0.032793,-0.218093,-0.255141
-0.032216,-0.219381,-0.239944
-0.041006,-0.221659,-0.245421
-0.039085,-0.209542,-0.250751
-0.046645,-0.212172,-0.248505
-0.045498,-0.218603,-0.246579
-0.050208,-0.223313,-0.241602
-0.057310,-0.214148,-0.237088
-0.067216,-0.218256,-0.247334
-0.067370,-0.212574,-0.244359
-0.063698,-0.208739,-0.233018
-0.067368,-0.199707,-0.231008
-0.076408,-0.203062,-0.246032
-0.080459,-0.206856,-0.227629
-0.078206,-0.198075,-0.240291
-0.091816,-0.191328,-0.237838
-0.090427,-0.200615,-0.228833
-0.083527,-0.203618,-0.227066
-0.092240,-0.197313,-0.239726
-0.095571,-0.213066,-0.231474
-0.104267,-0.190237,-0.233703
-0.109532,-0.196800,-0.235618
-0.104017,-0.200511,-0.223280
-0.115400,-0.202082,-0.232209
-0.110700,-0.194090,-0.236210
-0.108931,-0.198141,-0.232360
-0.124473,-0.189296,-0.230584
-0.138065,-0.189624,-0.232399
-0.128804,-0.192021,-0.225362
-0.130964,-0.181748,-0.220003
-0.140330,-0.188740,-0.226800
-0.143391,-0.187449,-0.228120
-0.142703,-0.188392,-0.218072
-0.142485,-0.184701,-0.230029
-0.155810,-0.195799,-0.232460
-0.154547,-0.185997,-0.232858
-0.160802,-0.186406,-0.223168
-0.159545,-0.200137,-0.241818
-0.164899,-0.188622,-0.232109
-0.162015,-0.190290,-0.223400
-0.176277,-0.195607,-0.238009
-0.172110,-0.192425,-0.234367
-0.180731,-0.192756,-0.232092
-0.182262,-0.196162,-0.234594
-0.185881,-0.204377,-0.232208
-0.190921,-0.207679,-0.239980
-0.190118,-0.219667,-0.246781
-0.204884,-0.216450,-0.248789
-0.205020,-0.225731,-0.254186
-0.204907,-0.232514,-0.255257
-0.215364,-0.230867,-0.251567
-0.212641,-0.236633,-0.254017
-0.222717,-0.248490,-0.266988
-0.226422,-0.255729,-0.278910
0.072746,-0.323334,-0.301895
0.073499,-0.298622,-0.301156
0.074715,-0.304686,-0.295780
0.063025,-0.287031,-0.302414
0.060202,-0.297030,-0.292539
0.046686,-0.281116,-0.291518
0.046056,-0.292739,-0.284826
0.048767,-0.297430,-0.279469
0.041275,-0.279011,-0.286945
0.049753,-0.291179,-0.274087
0.032422,-0.284427,-0.280536
0.034876,-0.274649,-0.284862
0.034149,-0.283044,-0.284436
0.027952,-0.272441,-0.277426
0.021295,-0.270526,-0.278590
0.012711,-0.274525,-0.284700
0.014102,-0.272871,-0.279508
0.014593,-0.261636,-0.274349
0.008420,-0.263882,-0.278168
0.001430,-0.266822,-0.267780
0.001218,-0.252625,-0.254028
0.004870,-0.251739,-0.268395
-0.012134,-0.249231,-0.261007
-0.014938,-0.256132,-0.261057
-0.010890,-0.249154,-0.269648
-0.014788,-0.245290,-0.254040
-0.018806,-0.238563,-0.248635
-0.024307,-0.231662,-0.256930
-0.030167,-0.231236,-0.251782
-0.033825,-0.238481,-0.244258
-0.039476,-0.225505,-0.237780
-0.044621,-0.233934,-0.249325
-0.038476,-0.220013,-0.239456
-0.049162,-0.215679,-0.236070
-0.050935,-0.216302,-0.247237
-0.051851,-0.216639,-0.237618
-0.056129,-0.212900,-0.240006
-0.070858,-0.219184,-0.238527
-0.063634,-0.213552,-0.244254
-0.069086,-0.208724,-0.247047
-0.076092,-0.213950,-0.230585
-0.075293,-0.203757,-0.236596
-0.080480,-0.214180,-0.242161
-0.078247,-0.201977,-0.234355
-0.084114,-0.204128,-0.229332
-0.080813,-0.203723,-0.229145
-0.086184,-0.203415,-0.231796
-0.102157,-0.214058,-0.233926
-0.104144,-0.201955,-0.243264
-0.099060,-0.204974,-0.231166
-0.110221,-0.195541,-0.232032
-0.109176,-0.192603,-0.227246
-0.113904,-0.207891,-0.239130
-0.117429,-0.194153,-0.214207
-0.123769,-0.205825,-0.226814
-0.130321,-0.203667,-0.227175
-0.132628,-0.203206,-0.226937
-0.139631,-0.192869,-0.225010
-0.134339,-0.188858,-0.226962
-0.141760,-0.180189,-0.225579
-0.142064,-0.189616,-0.220752
-0.142960,-0.189498,-0.232191
-0.137980,-0.183289,-0.228770
-0.155377,-0.197098,-0.229684
-0.153984,-0.185231,-0.220243
-0.159728,-0.189898,-0.217333
-0.167052,-0.188862,-0.226902
-0.167615,-0.192148,-0.218303
-0.164353,-0.199394,-0.230184
-0.172371,-0.194356,-0.234627
-0.174160,-0.199741,-0.235158
-0.179458,-0.197327,-0.229476
-0.183904,-0.202593,-0.228583
-0.192123,-0.202434,-0.238021
-0.179837,-0.205123,-0.234642
-0.202522,-0.218176,-0.238833
-0.191625,-0.217641,-0.236617
-0.205502,-0.229595,-0.248447
-0.199437,-0.231594,-0.253190
-0.214974,-0.237866,-0.255734
-0.214820,-0.241041,-0.261297
-0.219903,-0.251481,-0.262627
-0.222725,-0.269537,-0.273496
0.082011,-0.326693,-0.318227
0.068903,-0.307056,-0.294070
0.064020,-0.305339,-0.286637
0.068318,-0.297478,-0.294815
0.069781,-0.288835,-0.288466
0.057133,-0.291646,-0.284838
0.060620,-0.294840,-0.286047
0.048650,-0.285978,-0.277567
0.042086,-0.298153,-0.277709
0.044562,-0.295461,-0.290507
0.037688,-0.282093,-0.282224
0.037090,-0.288161,-0.279574
0.038900,-0.287029,-0.279642
0.026682,-0.284707,-0.282862
0.023666,-0.281749,-0.278959
0.018967,-0.278119,-0.276311
0.018817,-0.285294,-0.270735
0.016878,-0.270806,-0.274102
-0.000058,-0.264659,-0.267387
-0.001155,-0.261193,-0.276234
0.002749,-0.267892,-0.260278
-0.004740,-0.266650,-0.268121
-0.004031,-0.266093,-0.264988
-0.010838,-0.249143,-0.265165
-0.010162,-0.252359,-0.258387
-0.011931,-0.249059,-0.247757
-0.023171,-0.237272,-0.246282
-0.020268,-0.242413,-0.252402
-0.036661,-0.239066,-0.244721
-0.037883,-0.236186,-0.242171
-0.043658,-0.240975,-0.244201
-0.041707,-0.235791,-0.236505
-0.037028,-0.219728,-0.247194
-0.050980,-0.225624,-0.240224
-0.058819,-0.222091,-0.246069
-0.060338,-0.215359,-0.241221
-0.048700,-0.216175,-0.243023
-0.064027,-0.219857,-0.226428
-0.067979,-0.224897,-0.230812
-0.072833,-0.225241,-0.237145
-0.071280,-0.218824,-0.240725
-0.078111,-0.214764,-0.241312
-0.086917,-0.225722,-0.235403
-0.084012,-0.210781,-0.238160
-0.087827,-0.207522,-0.237115
-0.084935,-0.211309,-0.234565
-0.091477,-0.210264,-0.231293
-0.095287,-0.215624,-0.234021
-0.094379,-0.213347,-0.239520
-0.111751,-0.210615,-0.235760
-0.112275,-0.209178,-0.228232
-0.105374,-0.204314,-0.242922
-0.121193,-0.203372,-0.224517
-0.125420,-0.196499,-0.232201
-0.124608,-0.201010,-0.222437
-0.125736,-0.200383,-0.228083
-0.130127,-0.202738,-0.218455
-0.128926,-0.212298,-0.217359
-0.132629,-0.194364,-0.217304
-0.140630,-0.199445,-0.213604
-0.148705,-0.192554,-0.219564
-0.142132,-0.189434,-0.227220
-0.149554,-0.194466,-0.222619
-0.149814,-0.202420,-0.222208
-0.164334,-0.189830,-0.220306
-0.163156,-0.193541,-0.224343
-0.160788,-0.198192,-0.217073
-0.173982,-0.196650,-0.225953
-0.166132,-0.207601,-0.226925
-0.162227,-0.201870,-0.219128
-0.171668,-0.205726,-0.231510
-0.178045,-0.202600,-0.235563
-0.185146,-0.213629,-0.236628
-0.195579,-0.214736,-0.234567
-0.188712,-0.217650,-0.236018
-0.197648,-0.215600,-0.239202
-0.207541,-0.230683,-0.240839
-0.202383,-0.229939,-0.243283
-0.221632,-0.227531,-0.239020
-0.217048,-0.235370,-0.262275
-0.210506,-0.250067,-0.250503
-0.215985,-0.255464,-0.257213
-0.227906,-0.270586,-0.264003
0.072465,-0.333594,-0.303724
0.078986,-0.312510,-0.296103
0.077020,-0.309199,-0.292795
0.062013,-0.304564,-0.293431
0.060607,-0.305618,-0.287277
0.062366,-0.294273,-0.275333
0.061500,-0.297919,-0.280430
0.045852,-0.296881,-0.282243
0.041881,-0.298109,-0.280872
0.042515,-0.293064,-0.279161
0.049656,-0.284980,-0.276014
0.029741,-0.286982,-0.275027
0.035219,-0.289049,-0.267824
0.026566,-0.285156,-0.278989
0.014089,-0.289044,-0.275024
0.018332,-0.282963,-0.270998
0.012122,-0.282031,-0.276217
0.014452,-0.270212,-0.268109
0.015437,-0.273720,-0.271787
0.004232,-0.280273,-0.268249
0.002385,-0.275890,-0.275586
-0.007915,-0.267695,-0.268369
-0.006459,-0.264724,-0.264182
-0.007626,-0.258927,-0.260880
-0.012079,-0.249107,-0.261267
-0.014987,-0.266982,-0.258108
-0.025545,-0.247307,-0.256820
-0.017022,-0.258797,-0.249361
-0.034054,-0.245638,-0.253477
-0.026079,-0.244385,-0.244077
-0.040049,-0.237500,-0.243171
-0.040082,-0.239453,-0.246367
-0.046237,-0.226468,-0.238511
-0.043096,-0.232305,-0.240738
-0.038575,-0.222488,-0.243938
-0.057852,-0.227142,-0.250979
-0.058681,-0.229009,-0.239552
-0.063140,-0.227009,-0.238335
-0.062413,-0.232124,-0.227056
-0.073075,-0.221626,-0.235337
-0.072026,-0.219420,-0.241890
-0.061490,-0.216458,-0.231941
-0.072760,-0.213555,-0.227911
-0.090718,-0.220720,-0.233490
-0.085319,-0.212747,-0.231864
-0.084925,-0.228098,-0.234856
-0.085030,-0.218240,-0.231302
-0.097273,-0.212241,-0.234072
-0.110296,-0.212774,-0.230631
-0.101817,-0.206727,-0.226090
-0.107630,-0.207452,-0.231287
-0.107802,-0.209971,-0.225661
-0.115562,-0.209330,-0.223823
-0.112609,-0.202289,-0.239077
-0.124342,-0.206013,-0.225088
-0.121104,-0.201518,-0.223228
-0.129240,-0.205497,-0.218480
-0.136545,-0.198272,-0.224922
-0.145368,-0.202476,-0.227162
-0.138877,-0.200974,-0.219480
-0.147704,-0.202249,-0.222055
-0.140726,-0.200094,-0.225226
-0.149925,-0.199427,-0.218437
-0.156362,-0.205133,-0.213970
-0.146847,-0.192531,-0.230908
-0.156752,-0.201197,-0.216784
-0.166323,-0.207363,-0.222978
-0.160060,-0.208043,-0.212228
-0.170453,-0.205792,-0.226344
-0.167882,-0.206151,-0.223288
-0.174176,-0.201593,-0.231411
-0.176959,-0.213740,-0.229214
-0.188639,-0.207655,-0.225854
-0.190254,-0.213720,-0.238088
-0.186096,-0.215441,-0.229011
-0.194412,-0.219213,-0.243359
-0.203843,-0.232960,-0.238949
-0.194700,-0.237128,-0.239120
-0.210499,-0.232021,-0.240415
-0.212450,-0.241255,-0.244915
-0.215298,-0.251388,-0.254800
-0.223673,-0.252115,-0.254038
-0.222375,-0.271047,-0.267828
0.070993,-0.332053,-0.299837
0.075569,-0.316060,-0.291263
0.073259,-0.317597,-0.287969
0.061478,-0.305684,-0.290836
0.052035,-0.303614,-0.282374
0.060724,-0.306102,-0.275612
0.053584,-0.301446,-0.286449
0.048208,-0.292732,-0.289330
0.053858,-0.290820,-0.274546
0.039162,-0.287242,-0.270430
0.053009,-0.286238,-0.275394
0.032834,-0.286490,-0.279374
0.034415,-0.278865,-0.275361
0.031865,-0.284017,-0.269455
0.021184,-0.286728,-0.274674
0.023604,-0.287899,-0.271296
0.017941,-0.288415,-0.264772
0.013741,-0.283642,-0.273568
0.010016,-0.283275,-0.267013
0.005741,-0.271637,-0.265117
0.003100,-0.286791,-0.273798
0.002613,-0.277644,-0.272162
-0.009513,-0.272860,-0.261586
-0.012088,-0.272303,-0.252036
-0.007391,-0.272204,-0.263257
-0.017806,-0.258489,-0.258781
-0.016993,-0.263176,-0.257216
-0.030119,-0.250582,-0.247529
-0.023852,-0.248768,-0.252587
-0.032803,-0.249830,-0.243847
-0.023844,-0.249430,-0.248234
-0.029484,-0.242197,-0.240795
-0.043044,-0.238962,-0.238928
-0.039152,-0.240593,-0.260196
-0.046509,-0.235091,-0.233429
-0.052036,-0.244055,-0.234385
-0.053042,-0.236468,-0.239667
-0.069114,-0.232413,-0.242246
-0.053934,-0.233868,-0.239688
-0.066306,-0.226028,-0.244408
-0.077012,-0.225575,-0.237848
-0.077169,-0.229337,-0.236318
-0.076617,-0.231739,-0.234992
-0.081423,-0.233229,-0.239610
-0.082834,-0.235737,-0.228017
-0.089547,-0.218200,-0.237627
-0.094981,-0.226145,-0.223468
-0.095288,-0.222433,-0.231739
-0.100234,-0.222249,-0.222682
-0.097756,-0.220922,-0.228905
-0.106149,-0.221055,-0.225602
-0.114663,-0.206862,-0.228550
-0.115127,-0.206480,-0.219081
-0.112655,-0.205014,-0.221011
-0.122155,-0.214020,-0.223944
-0.126136,-0.211094,-0.222157
-0.123688,-0.210524,-0.231037
-0.139541,-0.205268,-0.213691
-0.140853,-0.209158,-0.219489
-0.142902,-0.198455,-0.218187
-0.134606,-0.201015,-0.219914
-0.139601,-0.215097,-0.230479
-0.151489,-0.205215,-0.210521
-0.146554,-0.204216,-0.223713
-0.162055,-0.207250,-0.221115
-0.150946,-0.202216,-0.214123
-0.174392,-0.205839,-0.214954
-0.169030,-0.205436,-0.213688
-0.161491,-0.201070,-0.219214
-0.180815,-0.201991,-0.226004
-0.184993,-0.210847,-0.225947
-0.182427,-0.220878,-0.234357
-0.177852,-0.221509,-0.227388
-0.182935,-0.210945,-0.233282
-0.191134,-0.225112,-0.242627
-0.195130,-0.226338,-0.232233
-0.196175,-0.226468,-0.232443
-0.202840,-0.240880,-0.232027
-0.212611,-0.241941,-0.248846
-0.207501,-0.252012,-0.249794
-0.210324,-0.250054,-0.251069
-0.216256,-0.249493,-0.257435
-0.221384,-0.266410,-0.263172
0.084818,-0.327513,-0.303968
0.074083,-0.321712,-0.297045
0.062354,-0.322992,-0.287140
0.064880,-0.317050,-0.279958
0.065905,-0.303057,-0.273244
0.054471,-0.308167,-0.288800
0.052490,-0.297261,-0.277937
0.043474,-0.301966,-0.275577
0.041004,-0.297200,-0.274549
0.035097,-0.303340,-0.274356
0.034740,-0.298766,-0.278667
0.034392,-0.298472,-0.279217
0.024669,-0.297532,-0.274500
0.025953,-0.287147,-0.273024
0.031035,-0.283901,-0.277723
0.018116,-0.291102,-0.269935
0.013730,-0.284659,-0.270538
0.007827,-0.279467,-0.264274
0.002536,-0.278928,-0.271505
0.009820,-0.287440,-0.278396
0.002578,-0.284265,-0.269604
-0.012412,-0.281359,-0.264885
-0.013598,-0.285429,-0.262506
-0.009975,-0.277923,-0.265338
-0.006305,-0.272820,-0.263188
-0.028880,-0.273661,-0.244667
-0.021360,-0.266681,-0.247482
-0.020270,-0.254577,-0.260267
-0.028956,-0.254994,-0.248649
-0.027311,-0.253892,-0.247134
-0.032419,-0.253060,-0.242887
-0.034406,-0.251133,-0.239624
-0.048595,-0.244577,-0.237068
-0.048345,-0.245749,-0.242574
-0.044023,-0.249521,-0.234453
-0.050402,-0.240151,-0.249575
-0.050311,-0.248743,-0.236499
-0.064014,-0.231304,-0.236550
-0.068179,-0.229940,-0.238460
-0.066727,-0.234950,-0.242051
-0.065205,-0.234173,-0.232161
-0.073933,-0.226192,-0.232502
-0.083487,-0.223221,-0.233941
-0.084976,-0.224845,-0.227685
-0.085562,-0.219112,-0.235993
-0.097057,-0.226863,-0.226145
-0.092610,-0.223115,-0.224535
-0.091291,-0.222193,-0.224463
-0.100854,-0.223964,-0.225202
-0.099462,-0.218211,-0.219097
-0.111500,-0.216121,-0.231702
-0.112560,-0.217231,-0.229209
-0.108783,-0.215569,-0.227012
-0.119700,-0.212117,-0.228073
-0.114457,-0.208252,-0.222482
-0.136565,-0.209592,-0.219237
-0.124550,-0.207479,-0.217495
-0.123873,-0.205413,-0.222829
-0.140130,-0.209087,-0.215018
-0.140619,-0.203172,-0.215216
-0.148974,-0.206377,-0.215250
-0.148277,-0.212243,-0.221168
-0.144142,-0.201054,-0.221058
-0.146809,-0.207524,-0.222055
-0.157426,-0.215191,-0.220127
-0.176850,-0.211456,-0.217940
-0.158240,-0.207306,-0.220529
-0.170347,-0.210659,-0.217192
-0.168566,-0.209244,-0.222263
-0.176464,-0.214583,-0.220696
-0.181252,-0.206994,-0.213695
-0.191667,-0.219586,-0.219958
-0.173873,-0.214090,-0.232144
-0.181018,-0.220693,-0.227793
-0.197181,-0.223083,-0.234188
-0.186132,-0.218902,-0.235623
-0.201103,-0.234766,-0.228859
-0.209686,-0.234766,-0.234463
-0.202169,-0.241099,-0.240466
-0.213819,-0.249884,-0.242894
-0.211654,-0.254367,-0.247132
-0.205345,-0.255184,-0.251474
-0.225106,-0.276581,-0.255727
0.079771,-0.338465,-0.298765
0.075040,-0.330763,-0.294865
0.073728,-0.318694,-0.288206
0.060419,-0.312028,-0.274314
0.063173,-0.304335,-0.276561
0.054287,-0.310620,-0.275662
0.045937,-0.309271,-0.280923
0.049850,-0.297854,-0.272048
0.055882,-0.305346,-0.272640
0.034769,-0.299123,-0.273849
0.030291,-0.307533,-0.272150
0.029126,-0.295846,-0.267360
0.032092,-0.294816,-0.268350
0.023424,-0.303836,-0.275637
0.024373,-0.292575,-0.268000
0.016592,-0.303638,-0.263856
0.023005,-0.292087,-0.264787
0.011835,-0.295829,-0.267460
0.011837,-0.283047,-0.261837
0.002399,-0.289374,-0.265674
0.002770,-0.280582,-0.265690
-0.000874,-0.288588,-0.272996
-0.005321,-0.291479,-0.260390
-0.007107,-0.289660,-0.260441
-0.017611,-0.282020,-0.260012
-0.016653,-0.277481,-0.260810
-0.019055,-0.263465,-0.255337
-0.014491,-0.263958,-0.253562
-0.028682,-0.273744,-0.252878
-0.032322,-0.256935,-0.251669
-0.030925,-0.263188,-0.260370
-0.033631,-0.257094,-0.242320
-0.045199,-0.245760,-0.240436
-0.046412,-0.254421,-0.235964
-0.061691,-0.245411,-0.248309
-0.053794,-0.247241,-0.243019
-0.066402,-0.248033,-0.231608
-0.068837,-0.251053,-0.241838
-0.067878,-0.244953,-0.233731
-0.065582,-0.232774,-0.237362
-0.074252,-0.241936,-0.228904
-0.072298,-0.239836,-0.237351
-0.079585,-0.232092,-0.229668
-0.084713,-0.234623,-0.221928
-0.093679,-0.231181,-0.222783
-0.093030,-0.224073,-0.231560
-0.096937,-0.232031,-0.232211
-0.091945,-0.231011,-0.229840
-0.104943,-0.222561,-0.226750
-0.104283,-0.218532,-0.227522
-0.104860,-0.230702,-0.218135
-0.114904,-0.217334,-0.221987
-0.118711,-0.219706,-0.225269
-0.121394,-0.220700,-0.218683
-0.123368,-0.209100,-0.214520
-0.128114,-0.209238,-0.211983
-0.128872,-0.219987,-0.222459
-0.127713,-0.211725,-0.213292
-0.130389,-0.214913,-0.208412
-0.136522,-0.216230,-0.212427
-0.144878,-0.223007,-0.211061
-0.146981,-0.207618,-0.214085
-0.157377,-0.200563,-0.217475
-0.143490,-0.215631,-0.211368
-0.162487,-0.204053,-0.217283
-0.159002,-0.199780,-0.206978
-0.164352,-0.214410,-0.224485
-0.162608,-0.212357,-0.217830
-0.172555,-0.221961,-0.214323
-0.171202,-0.222322,-0.221545
-0.181071,-0.222106,-0.226360
-0.183191,-0.219057,-0.214377
-0.184742,-0.224686,-0.229434
-0.190796,-0.230488,-0.229975
-0.189182,-0.224926,-0.232183
-0.193507,-0.227986,-0.225249
-0.199370,-0.238534,-0.232037
-0.202318,-0.244216,-0.231866
-0.205257,-0.245075,-0.235469
-0.212982,-0.255336,-0.236988
-0.205923,-0.252708,-0.244027
-0.216774,-0.262071,-0.246590
-0.223996,-0.282106,-0.261757
0.081498,-0.342313,-0.298515
0.076733,-0.321484,-0.289956
0.071082,-0.337983,-0.290901
0.058190,-0.320777,-0.281943
0.056630,-0.315439,-0.280995
0.062965,-0.312588,-0.277568
0.054282,-0.313561,-0.276266
0.046635,-0.301709,-0.265778
0.058887,-0.302041,-0.271486
0.038886,-0.306061,-0.268377
0.041895,-0.308104,-0.271624
0.038829,-0.311860,-0.264346
0.023949,-0.311924,-0.264580
0.016355,-0.295157,-0.270064
0.013266,-0.296425,-0.265222
0.018011,-0.297765,-0.269199
0.024351,-0.297056,-0.272003
0.015403,-0.290658,-0.265883
0.010269,-0.299130,-0.267693
0.000920,-0.288303,-0.273992
-0.004516,-0.287414,-0.264946
-0.000703,-0.292829,-0.268862
-0.013754,-0.288312,-0.262079
-0.014922,-0.290793,-0.261187
-0.014904,-0.290310,-0.259356
-0.026888,-0.281160,-0.259438
-0.018497,-0.277204,-0.259875
-0.020028,-0.268576,-0.249352
-0.024217,-0.267924,-0.244516
-0.035111,-0.265717,-0.250048
-0.034625,-0.274239,-0.228135
-0.048261,-0.262928,-0.244551
-0.041760,-0.248383,-0.235094
-0.048444,-0.251090,-0.243748
-0.038218,-0.249046,-0.242635
-0.052202,-0.244836,-0.235494
-0.054027,-0.261230,-0.243106
-0.057626,-0.249224,-0.236986
-0.067944,-0.245624,-0.240710
-0.068831,-0.240581,-0.232364
-0.067610,-0.240120,-0.228686
-0.069664,-0.246136,-0.235537
-0.086419,-0.233348,-0.230957
-0.081193,-0.243009,-0.227925
-0.079577,-0.237874,-0.231698
-0.098634,-0.243926,-0.226591
-0.098741,-0.239160,-0.233838
-0.102679,-0.232397,-0.223081
-0.097186,-0.225952,-0.220576
-0.098090,-0.226343,-0.226129
-0.109743,-0.227436,-0.218637
-0.112776,-0.227603,-0.222132
-0.116257,-0.225320,-0.216735
-0.126149,-0.220691,-0.217141
-0.123194,-0.226086,-0.220141
-0.133613,-0.226220,-0.216655
-0.123143,-0.223354,-0.221376
-0.135227,-0.218431,-0.214936
-0.140036,-0.222368,-0.210226
-0.137656,-0.215209,-0.218615
-0.142990,-0.215307,-0.201021
-0.151459,-0.214618,-0.214328
-0.139796,-0.215239,-0.212671
-0.150735,-0.218389,-0.221698
-0.163031,-0.219209,-0.201956
-0.152355,-0.207453,-0.208986
-0.172103,-0.212149,-0.213874
-0.168753,-0.219155,-0.202350
-0.170185,-0.224038,-0.212611
-0.171991,-0.214509,-0.216291
-0.171943,-0.232325,-0.211241
-0.177606,-0.214502,-0.214542
-0.173938,-0.225439,-0.213959
-0.192484,-0.225737,-0.224560
-0.193954,-0.227004,-0.227642
-0.194285,-0.234659,-0.231036
-0.193150,-0.235156,-0.229868
-0.201023,-0.244321,-0.234931
-0.204335,-0.244275,-0.249344
-0.216237,-0.250907,-0.242673
-0.204643,-0.252487,-0.244206
-0.216126,-0.271502,-0.249120
-0.228832,-0.274262,-0.251437
0.077008,-0.344568,-0.292440
0.069353,-0.336807,-0.289167
0.065047,-0.332217,-0.282120
0.066949,-0.320823,-0.282418
0.060292,-0.322584,-0.272228
0.053673,-0.310286,-0.279097
0.044804,-0.319981,-0.273016
0.044207,-0.311776,-0.276234
0.050460,-0.311158,-0.267781
0.038642,-0.307914,-0.267208
0.042903,-0.305525,-0.260249
0.028290,-0.307726,-0.279042
0.034860,-0.301804,-0.262691
0.021569,-0.306287,-0.271786
0.024125,-0.308057,-0.256920
0.027123,-0.306810,-0.262694
0.003415,-0.305593,-0.268429
0.016630,-0.299338,-0.262795
0.010317,-0.303482,-0.262607
0.005801,-0.296049,-0.257407
0.001435,-0.292411,-0.267354
-0.001612,-0.300405,-0.254712
-0.002189,-0.293033,-0.255545
-0.019395,-0.294757,-0.261607
-0.014944,-0.302534,-0.261123
-0.013027,-0.290608,-0.261817
-0.024792,-0.284170,-0.258368
-0.032084,-0.274875,-0.254134
-0.029330,-0.278377,-0.251844
-0.031729,-0.265382,-0.237141
-0.035803,-0.266412,-0.233904
-0.045420,-0.276513,-0.238154
-0.044012,-0.264971,-0.240330
-0.041362,-0.253620,-0.239784
-0.043334,-0.260171,-0.237423
-0.057852,-0.262255,-0.236904
-0.060198,-0.259212,-0.233402
-0.056549,-0.256810,-0.230013
-0.066732,-0.260579,-0.232771
-0.067402,-0.252301,-0.229241
-0.071811,-0.249650,-0.232072
-0.069705,-0.252033,-0.229429
-0.077299,-0.243284,-0.223468
-0.083048,-0.238236,-0.228989
-0.085077,-0.243938,-0.225451
-0.086078,-0.254585,-0.222032
-0.100209,-0.251261,-0.219759
-0.095716,-0.235553,-0.232823
-0.093310,-0.245467,-0.220215
-0.105817,-0.236685,-0.220038
-0.100355,-0.234238,-0.223802
-0.107303,-0.227720,-0.215176
-0.118499,-0.228458,-0.212035
-0.116426,-0.223906,-0.223361
-0.114185,-0.225800,-0.219495
-0.122819,-0.226414,-0.214212
-0.122307,-0.222820,-0.211795
-0.132751,-0.226206,-0.208798
-0.131973,-0.234413,-0.203933
-0.133187,-0.223948,-0.216303
-0.145774,-0.214304,-0.214272
-0.147283,-0.217178,-0.207791
-0.151132,-0.225741,-0.204995
-0.159703,-0.221712,-0.221931
-0.152738,-0.213046,-0.205989
-0.158562,-0.214547,-0.208804
-0.156518,-0.213488,-0.219556
-0.167885,-0.221332,-0.214474
-0.172655,-0.226355,-0.208949
-0.179649,-0.217688,-0.214920
-0.176473,-0.229020,-0.222717
-0.184358,-0.229432,-0.213051
-0.175754,-0.221341,-0.218089
-0.187718,-0.226337,-0.212823
-0.206782,-0.232784,-0.221044
-0.197825,-0.233846,-0.226322
-0.192881,-0.236020,-0.216043
-0.199601,-0.246546,-0.231764
-0.213343,-0.252973,-0.227739
-0.212956,-0.269807,-0.233277
-0.212248,-0.267019,-0.234264
-0.211838,-0.258929,-0.242119
-0.226638,-0.279962,-0.252498
0.070313,-0.357168,-0.294966
0.068191,-0.341591,-0.280938
0.060106,-0.330019,-0.278882
0.067690,-0.331331,-0.279203
0.056660,-0.317624,-0.266043
0.048976,-0.329824,-0.267007
0.042916,-0.315287,-0.274122
0.045760,-0.321871,-0.270568
0.053237,-0.312743,-0.268833
0.040272,-0.312927,-0.271011
0.037538,-0.312463,-0.268937
0.040132,-0.310291,-0.269850
0.037529,-0.308312,-0.265104
0.024528,-0.307309,-0.259883
0.024191,-0.314418,-0.265069
0.023247,-0.313325,-0.267008
0.018220,-0.303658,-0.262906
0.010814,-0.303302,-0.257322
-0.001645,-0.301740,-0.268511
0.003162,-0.305658,-0.257634
0.000790,-0.302589,-0.260288
-0.004947,-0.300861,-0.252878
-0.001972,-0.313638,-0.255494
-0.009014,-0.293805,-0.258379
-0.022845,-0.304377,-0.251746
-0.014959,-0.296568,-0.257825
-0.018726,-0.305006,-0.252422
-0.025203,-0.287278,-0.251710
-0.025751,-0.283881,-0.249427
-0.031451,-0.275862,-0.243841
-0.033396,-0.278909,-0.242085
-0.050912,-0.268095,-0.241751
-0.041309,-0.261484,-0.236171
-0.050657,-0.262503,-0.248037
-0.049625,-0.268173,-0.233856
-0.043856,-0.259657,-0.232413
-0.053846,-0.255020,-0.228540
-0.066591,-0.256613,-0.233898
-0.068968,-0.261279,-0.229814
-0.058787,-0.265792,-0.222836
-0.065097,-0.257639,-0.230781
-0.076886,-0.251943,-0.232383
-0.076056,-0.247494,-0.226144
-0.083168,-0.253297,-0.229558
-0.095302,-0.250297,-0.223667
-0.088646,-0.247061,-0.214754
-0.094264,-0.247630,-0.224617
-0.099155,-0.244302,-0.222072
-0.109283,-0.240268,-0.225210
-0.104011,-0.236345,-0.217411
-0.109590,-0.233651,-0.218748
-0.113516,-0.236770,-0.223753
-0.115176,-0.228313,-0.217956
-0.111669,-0.233018,-0.221904
-0.126185,-0.230981,-0.220757
-0.127817,-0.231622,-0.212648
-0.124694,-0.223415,-0.218726
-0.137103,-0.220811,-0.214402
-0.126865,-0.222223,-0.208210
-0.132823,-0.222433,-0.205415
-0.144153,-0.217997,-0.204584
-0.136296,-0.219091,-0.209393
-0.156306,-0.223636,-0.218446
-0.165829,-0.218681,-0.209046
-0.156585,-0.224197,-0.206900
-0.158906,-0.216462,-0.212669
-0.162287,-0.220699,-0.220131
-0.166922,-0.228035,-0.217076
-0.160530,-0.217700,-0.214303
-0.169078,-0.218290,-0.214505
-0.182486,-0.220270,-0.211321
-0.183286,-0.228730,-0.218727
-0.181467,-0.235371,-0.220613
-0.185708,-0.235182,-0.211376
-0.199462,-0.233422,-0.212015
-0.192170,-0.239500,-0.215974
-0.202042,-0.245856,-0.224904
-0.199158,-0.250151,-0.228404
-0.215282,-0.258655,-0.222479
-0.211107,-0.262530,-0.232152
-0.208785,-0.264252,-0.233845
-0.215075,-0.269721,-0.238973
-0.225565,-0.280958,-0.252921
0.072009,-0.345241,-0.283342
0.069681,-0.337792,-0.276434
0.064765,-0.336079,-0.278320
0.056447,-0.318762,-0.266455
0.048660,-0.325028,-0.272767
0.059238,-0.322061,-0.259897
0.053588,-0.311569,-0.268164
0.055807,-0.316054,-0.268642
0.029302,-0.317842,-0.265744
0.038495,-0.318759,-0.262056
0.040448,-0.321535,-0.260480
0.032665,-0.321465,-0.261929
0.020237,-0.314045,-0.259241
0.024088,-0.310310,-0.269800
0.024150,-0.305324,-0.260385
0.023628,-0.316180,-0.257190
0.012401,-0.305293,-0.267856
0.005961,-0.305681,-0.261336
-0.003428,-0.298396,-0.258348
-0.008949,-0.307016,-0.252551
-0.006678,-0.300135,-0.269488
-0.014370,-0.307865,-0.249362
-0.008191,-0.313268,-0.244776
-0.009291,-0.304347,-0.264222
-0.014130,-0.306477,-0.267805
-0.023825,-0.308083,-0.258187
-0.025321,-0.305439,-0.259482
-0.024169,-0.304428,-0.253474
-0.026391,-0.292390,-0.242816
-0.026878,-0.284503,-0.242725
-0.040907,-0.279814,-0.241369
-0.035002,-0.270986,-0.241085
-0.038886,-0.265617,-0.238091
-0.045350,-0.276138,-0.220398
-0.060347,-0.275349,-0.241629
-0.055873,-0.271198,-0.233710
-0.060651,-0.267542,-0.235193
-0.058614,-0.264315,-0.231382
-0.066481,-0.264303,-0.237891
-0.072198,-0.260340,-0.235621
-0.072546,-0.258469,-0.230266
-0.081721,-0.264015,-0.223528
-0.080042,-0.257364,-0.223860
-0.085962,-0.255423,-0.221611
-0.086361,-0.254925,-0.219802
-0.090631,-0.243018,-0.224384
-0.101584,-0.243496,-0.213330
-0.097918,-0.247430,-0.223114
-0.093507,-0.246263,-0.220748
-0.113094,-0.245718,-0.222309
-0.098829,-0.232450,-0.215659
-0.111752,-0.234549,-0.221774
-0.121426,-0.233970,-0.213526
-0.133840,-0.232228,-0.212441
-0.138114,-0.237048,-0.216477
-0.121106,-0.231798,-0.213010
-0.133925,-0.230036,-0.213703
-0.138434,-0.224511,-0.208693
-0.147840,-0.228034,-0.210757
-0.140101,-0.225743,-0.214679
-0.144405,-0.222448,-0.211969
-0.147123,-0.230598,-0.208386
-0.152996,-0.222178,-0.202719
-0.159462,-0.222714,-0.198358
-0.162098,-0.232800,-0.202252
-0.158164,-0.230192,-0.206267
-0.166109,-0.217953,-0.208664
-0.175395,-0.219230,-0.204917
-0.174961,-0.232492,-0.206736
-0.182979,-0.220533,-0.210827
-0.177798,-0.230929,-0.210469
-0.187464,-0.232500,-0.207093
-0.189555,-0.238299,-0.219181
-0.194906,-0.240021,-0.213367
-0.199528,-0.244346,-0.224019
-0.197129,-0.256214,-0.218819
-0.203235,-0.256921,-0.228604
-0.206318,-0.254885,-0.240601
-0.208825,-0.260150,-0.228554
-0.210481,-0.275077,-0.238875
-0.217459,-0.275067,-0.238267
-0.227892,-0.278390,-0.238999
-0.233423,-0.307498,-0.263759
0.067443,-0.348026,-0.271402
0.066868,-0.331258,-0.269086
0.062936,-0.346164,-0.265684
0.057000,-0.333314,-0.269774
0.062178,-0.327732,-0.269852
0.049886,-0.325585,-0.265632
0.040099,-0.331601,-0.265663
0.047534,-0.330697,-0.262440
0.050712,-0.319886,-0.261747
0.032652,-0.320454,-0.258109
0.033749,-0.316908,-0.254968
0.029779,-0.318038,-0.258480
0.033861,-0.315599,-0.255761
0.028926,-0.324300,-0.250562
0.016017,-0.311062,-0.259968
0.011249,-0.320143,-0.263144
0.014244,-0.314565,-0.263843
0.008229,-0.321083,-0.263637
0.004108,-0.322879,-0.261819
0.006359,-0.310802,-0.253809
-0.005814,-0.308461,-0.249253
-0.005403,-0.312549,-0.254099
-0.006701,-0.308779,-0.266521
-0.007133,-0.313114,-0.256995
-0.020068,-0.317568,-0.258730
-0.013546,-0.308156,-0.248035
-0.020206,-0.311824,-0.255613
-0.033513,-0.317323,-0.267348
-0.022500,-0.317916,-0.260218
-0.031878,-0.292898,-0.243974
-0.037553,-0.286647,-0.243493
-0.041331,-0.286640,-0.237021
-0.047947,-0.292601,-0.237308
-0.047962,-0.279372,-0.241696
-0.062519,-0.270604,-0.231147
-0.067663,-0.273416,-0.241642
-0.062401,-0.271834,-0.223263
-0.062594,-0.273414,-0.228793
-0.072016,-0.267509,-0.229536
-0.068123,-0.270799,-0.224459
-0.078599,-0.260482,-0.234967
-0.081107,-0.259878,-0.229483
-0.094402,-0.273052,-0.223107
-0.084950,-0.262804,-0.223706
-0.087824,-0.254977,-0.236738
-0.104174,-0.254746,-0.218562
-0.096589,-0.259837,-0.226695
-0.099116,-0.242970,-0.221387
-0.100534,-0.244997,-0.213597
-0.104010,-0.247611,-0.214590
-0.117093,-0.240220,-0.213401
-0.112134,-0.245637,-0.220732
-0.114472,-0.245028,-0.217862
-0.128048,-0.236240,-0.212974
-0.125172,-0.244138,-0.209290
-0.135539,-0.232881,-0.203922
-0.115212,-0.232925,-0.215167
-0.130853,-0.248503,-0.202560
-0.138556,-0.232953,-0.207240
-0.147486,-0.229904,-0.216812
-0.140768,-0.221631,-0.211866
-0.141975,-0.231538,-0.202355
-0.147050,-0.225156,-0.209217
-0.150875,-0.230064,-0.214523
-0.162706,-0.227268,-0.207653
-0.168262,-0.235182,-0.208050
-0.165434,-0.226286,-0.213447
-0.160180,-0.229473,-0.210900
-0.178604,-0.231149,-0.199729
-0.182942,-0.231375,-0.214892
-0.179702,-0.238677,-0.205320
-0.184560,-0.241678,-0.211861
-0.191545,-0.243907,-0.201957
-0.206313,-0.237405,-0.216763
-0.184278,-0.244747,-0.214612
-0.196237,-0.254012,-0.221148
-0.202113,-0.259615,-0.222494
-0.200304,-0.260994,-0.224183
-0.203554,-0.266836,-0.222797
-0.222891,-0.266467,-0.225017
-0.213977,-0.281233,-0.236186
-0.217209,-0.281908,-0.237799
-0.227424,-0.300154,-0.249469
0.072310,-0.356498,-0.268829
0.067771,-0.339998,-0.267396
0.067006,-0.328057,-0.256436
0.072292,-0.333228,-0.273954
0.057681,-0.323924,-0.271275
0.051007,-0.333698,-0.245848
0.043200,-0.323276,-0.261684
0.032439,-0.328613,-0.258706
0.040801,-0.323453,-0.259220
0.030863,-0.324022,-0.268667
0.039067,-0.314783,-0.261579
0.034521,-0.324030,-0.256160
0.028122,-0.321036,-0.248278
0.016115,-0.321900,-0.248725
0.019322,-0.316837,-0.259136
0.001430,-0.316683,-0.258976
0.006498,-0.317496,-0.258841
0.004689,-0.331600,-0.260366
-0.008706,-0.319232,-0.254706
-0.003353,-0.319829,-0.253235
-0.010338,-0.315385,-0.257793
-0.008693,-0.317380,-0.256666
-0.007760,-0.311647,-0.254997
-0.020954,-0.319689,-0.255733
-0.017769,-0.311297,-0.262099
-0.021768,-0.321171,-0.253329
-0.035078,-0.331830,-0.257479
-0.029422,-0.325316,-0.268213
-0.029427,-0.317088,-0.259390
-0.042127,-0.330540,-0.262542
-0.040330,-0.299890,-0.243235
-0.045056,-0.280427,-0.237022
-0.052041,-0.296883,-0.236304
-0.059011,-0.280282,-0.229462
-0.063238,-0.288155,-0.236192
-0.057007,-0.278964,-0.226239
-0.072819,-0.277871,-0.235959
-0.070643,-0.278360,-0.234776
-0.077134,-0.274646,-0.233418
-0.086103,-0.279071,-0.229014
-0.077171,-0.273994,-0.222825
-0.084847,-0.272689,-0.231480
-0.090200,-0.260069,-0.230301
-0.088756,-0.260261,-0.220880
-0.101564,-0.263291,-0.232569
-0.087928,-0.262862,-0.229612
-0.099889,-0.251979,-0.213817
-0.107778,-0.254295,-0.217212
-0.105029,-0.255948,-0.211252
-0.105508,-0.242341,-0.216049
-0.114690,-0.249014,-0.205874
-0.112613,-0.248687,-0.214120
-0.119327,-0.236049,-0.209367
-0.127227,-0.242260,-0.208175
-0.119654,-0.239472,-0.209193
-0.129305,-0.234055,-0.214551
-0.130447,-0.238966,-0.197316
-0.145977,-0.224993,-0.207010
-0.138946,-0.225460,-0.202950
-0.147686,-0.234620,-0.201276
-0.150901,-0.237806,-0.204560
-0.148273,-0.234150,-0.204820
-0.160195,-0.227523,-0.201778
-0.156265,-0.227934,-0.205692
-0.175047,-0.235253,-0.210087
-0.178547,-0.230657,-0.204904
-0.171854,-0.227511,-0.195299
-0.179299,-0.233162,-0.202316
-0.177584,-0.240084,-0.210333
-0.175764,-0.247540,-0.201911
-0.190929,-0.242223,-0.208201
-0.195103,-0.247788,-0.207731
-0.181847,-0.246831,-0.216312
-0.196586,-0.244363,-0.209755
-0.198716,-0.253949,-0.214891
-0.212488,-0.264331,-0.214141
-0.198572,-0.261558,-0.230061
-0.214316,-0.271446,-0.222026
-0.222882,-0.277682,-0.226963
-0.220611,-0.280576,-0.239132
-0.217397,-0.286347,-0.241654
-0.232670,-0.301961,-0.249269
0.065455,-0.351598,-0.268829
0.061382,-0.340125,-0.263846
0.052895,-0.334255,-0.253535
0.054820,-0.335665,-0.261721
0.053514,-0.332392,-0.261385
0.045895,-0.338835,-0.268443
0.029786,-0.330907,-0.258526
0.034695,-0.332012,-0.252771
0.038006,-0.337270,-0.255319
0.031615,-0.327900,-0.252876
0.018657,-0.322115,-0.247325
0.021203,-0.329211,-0.262216
0.028787,-0.329081,-0.250163
0.018244,-0.318196,-0.253343
0.024457,-0.327640,-0.252058
0.004484,-0.328631,-0.251442
-0.003933,-0.330540,-0.260295
-0.001814,-0.321061,-0.258150
-0.005760,-0.321538,-0.251963
-0.007760,-0.326610,-0.255307
-0.001664,-0.315177,-0.250158
-0.005384,-0.316410,-0.253742
-0.017131,-0.320377,-0.262305
-0.009785,-0.327254,-0.254969
-0.021957,-0.324898,-0.257977
-0.021714,-0.327559,-0.255880
-0.036966,-0.322474,-0.252014
-0.029584,-0.335364,-0.253748
-0.042254,-0.340782,-0.265946
-0.044805,-0.328179,-0.261262
-0.049833,-0.307623,-0.247136
-0.054197,-0.298552,-0.238170
-0.053303,-0.305998,-0.241050
-0.066112,-0.296093,-0.242348
-0.074701,-0.301252,-0.230732
-0.063183,-0.297303,-0.237161
-0.066218,-0.301523,-0.241806
-0.070034,-0.288456,-0.230014
-0.077052,-0.290393,-0.233350
-0.076214,-0.278947,-0.233677
-0.070060,-0.274592,-0.230353
-0.089002,-0.282490,-0.222215
-0.079202,-0.268304,-0.208366
-0.099072,-0.257290,-0.218922
-0.093260,-0.268411,-0.212384
-0.103556,-0.264138,-0.215468
-0.099410,-0.253757,-0.218290
-0.101993,-0.252439,-0.215877
-0.114562,-0.248777,-0.208088
-0.120067,-0.250831,-0.205224
-0.114796,-0.250653,-0.210833
-0.119389,-0.243424,-0.204247
-0.131139,-0.248667,-0.199734
-0.126555,-0.232526,-0.199405
-0.136380,-0.237101,-0.206124
-0.129489,-0.238364,-0.197016
-0.145153,-0.242739,-0.196516
-0.135413,-0.236311,-0.201904
-0.142484,-0.238673,-0.199713
-0.148495,-0.239539,-0.194573
-0.156091,-0.238876,-0.195052
-0.160233,-0.230227,-0.200996
-0.158628,-0.236137,-0.204160
-0.160345,-0.237475,-0.198984
-0.166156,-0.243996,-0.209373
-0.164155,-0.237862,-0.198958
-0.173908,-0.233493,-0.196824
-0.178708,-0.250233,-0.209189
-0.170139,-0.242329,-0.207016
-0.181123,-0.247520,-0.211843
-0.197705,-0.251327,-0.209712
-0.187455,-0.243447,-0.217845
-0.188630,-0.255079,-0.209255
-0.199354,-0.260238,-0.219204
-0.202662,-0.254358,-0.218820
-0.202720,-0.262144,-0.214199
-0.217890,-0.279959,-0.219225
-0.219126,-0.276773,-0.213453
-0.223005,-0.290947,-0.232958
-0.229924,-0.296661,-0.236171
-0.222837,-0.307872,-0.243771
0.060253,-0.352943,-0.259656
0.055488,-0.347169,-0.258635
0.049249,-0.337932,-0.256779
0.048277,-0.333951,-0.260806
0.044138,-0.336441,-0.257698
0.028235,-0.334926,-0.253288
0.040326,-0.335631,-0.254000
0.025349,-0.328342,-0.251883
0.032024,-0.329475,-0.256677
0.029078,-0.331417,-0.255249
0.015350,-0.330616,-0.255068
0.017940,-0.328953,-0.260151
0.014330,-0.333552,-0.251627
0.014276,-0.329862,-0.255748
0.011903,-0.325145,-0.247281
0.000827,-0.327290,-0.249403
-0.002184,-0.311486,-0.252722
-0.006494,-0.320354,-0.256428
-0.013590,-0.325195,-0.254174
-0.018074,-0.328230,-0.253083
-0.020985,-0.331240,-0.250978
-0.015869,-0.319830,-0.255767
-0.027161,-0.335241,-0.255319
-0.030513,-0.331962,-0.257962
-0.024517,-0.333617,-0.254344
-0.035492,-0.341108,-0.254833
-0.035486,-0.331154,-0.256559
-0.038762,-0.337744,-0.263982
-0.077372,-0.309319,-0.234061
-0.077496,-0.292413,-0.231668
-0.075410,-0.289395,-0.229547
-0.084937,-0.284785,-0.220715
-0.081638,-0.279618,-0.231501
-0.093141,-0.264524,-0.214354
-0.094332,-0.273414,-0.222319
-0.094853,-0.258614,-0.216921
-0.091992,-0.269162,-0.213657
-0.106082,-0.263974,-0.206800
-0.105552,-0.267796,-0.209571
-0.108907,-0.252447,-0.209517
-0.117696,-0.262885,-0.199146
-0.130617,-0.252742,-0.205543
-0.125116,-0.244776,-0.199894
-0.129535,-0.248974,-0.209696
-0.124824,-0.250377,-0.196234
-0.131001,-0.243436,-0.202601
-0.139840,-0.235415,-0.198258
-0.138051,-0.237863,-0.207510
-0.151708,-0.243972,-0.197710
-0.148616,-0.237832,-0.203510
-0.146368,-0.248289,-0.206789
-0.158992,-0.243852,-0.201492
-0.156637,-0.232681,-0.197216
-0.157934,-0.246366,-0.200995
-0.167809,-0.244254,-0.199949
-0.165076,-0.241273,-0.198365
-0.170307,-0.249335,-0.195176
-0.175524,-0.239741,-0.205332
-0.177898,-0.246039,-0.187532
-0.187086,-0.250517,-0.200056
-0.186550,-0.237808,-0.201053
-0.193575,-0.252832,-0.205156
-0.187959,-0.253692,-0.199562
-0.188952,-0.257816,-0.205498
-0.195668,-0.271153,-0.214946
-0.207989,-0.274668,-0.220704
-0.207739,-0.262103,-0.214921
-0.218948,-0.266083,-0.219237
-0.216123,-0.273468,-0.219387
-0.221447,-0.282761,-0.225943
-0.226995,-0.297451,-0.234506
-0.224885,-0.317673,-0.254299
0.043008,-0.336769,-0.253716
0.044220,-0.342921,-0.249344
0.039604,-0.329632,-0.255713
0.034453,-0.332368,-0.257078
0.029244,-0.347008,-0.257184
0.019213,-0.332349,-0.251784
0.027970,-0.330018,-0.251295
0.014744,-0.332709,-0.247116
0.007078,-0.328217,-0.255910
0.003521,-0.327982,-0.254193
0.003079,-0.334385,-0.251719
0.009358,-0.328418,-0.247086
0.005782,-0.332863,-0.258779
-0.004152,-0.328855,-0.252851
-0.010226,-0.333081,-0.248806
-0.011388,-0.324816,-0.254268
-0.016641,-0.329616,-0.249715
-0.021501,-0.339050,-0.248291
-0.014316,-0.328657,-0.253717
-0.024954,-0.339596,-0.252007
-0.040477,-0.344214,-0.248758
-0.035401,-0.340177,-0.265849
-0.075939,-0.307064,-0.230920
-0.077436,-0.294590,-0.221572
-0.080362,-0.282021,-0.217601
-0.083337,-0.281096,-0.227543
-0.085013,-0.288410,-0.208297
-0.101944,-0.280799,-0.217348
-0.090252,-0.280165,-0.217411
-0.112772,-0.270622,-0.211642
-0.111326,-0.268650,-0.213654
-0.102694,-0.274583,-0.219590
-0.111585,-0.269872,-0.210779
-0.115162,-0.262448,-0.208700
-0.113687,-0.250571,-0.200601
-0.124920,-0.241240,-0.201056
-0.121468,-0.255617,-0.201344
-0.137262,-0.259325,-0.203795
-0.133426,-0.253171,-0.195116
-0.140580,-0.249562,-0.204496
-0.135927,-0.236093,-0.200953
-0.147328,-0.253167,-0.194746
-0.144204,-0.240495,-0.185938
-0.146163,-0.250045,-0.198615
-0.152173,-0.238645,-0.191521
-0.153924,-0.237749,-0.185603
-0.157992,-0.248977,-0.192542
-0.166533,-0.241500,-0.204032
-0.167399,-0.242441,-0.199685
-0.161650,-0.247694,-0.200114
-0.164241,-0.246090,-0.206527
-0.175842,-0.246613,-0.199385
-0.187515,-0.262152,-0.193126
-0.183912,-0.255416,-0.206572
-0.185311,-0.258419,-0.195273
-0.189616,-0.260346,-0.203303
-0.202236,-0.266587,-0.204945
-0.203151,-0.263314,-0.203241
-0.203909,-0.259597,-0.213305
-0.217495,-0.273405,-0.208799
-0.210549,-0.282465,-0.216321
-0.219787,-0.285072,-0.209122
-0.222464,-0.297607,-0.225936
-0.224937,-0.297907,-0.220555
-0.229791,-0.312732,-0.247666
-0.003967,-0.337266,-0.239773
-0.000200,-0.337791,-0.248195
-0.001105,-0.328953,-0.247528
-0.070542,-0.311781,-0.229432
-0.079102,-0.300896,-0.228787
-0.078930,-0.295199,-0.226993
-0.082640,-0.291118,-0.221166
-0.082591,-0.287072,-0.214866
-0.094674,-0.277310,-0.222499
-0.104177,-0.275238,-0.213124
-0.096163,-0.276230,-0.211583
-0.112706,-0.269273,-0.205766
-0.118430,-0.266991,-0.202096
-0.109766,-0.270604,-0.211444
-0.114215,-0.258580,-0.195364
-0.113743,-0.256344,-0.197975
-0.117540,-0.262459,-0.195552
-0.120187,-0.260081,-0.193291
-0.117885,-0.251266,-0.197152
-0.132005,-0.251534,-0.197574
-0.131513,-0.249695,-0.189907
-0.139495,-0.254833,-0.191343
-0.135251,-0.242307,-0.185328
-0.149270,-0.249283,-0.185623
-0.146185,-0.255638,-0.196346
-0.157957,-0.252155,-0.191686
-0.155230,-0.243761,-0.195274
-0.162938,-0.249654,-0.192948
-0.172119,-0.247232,-0.195217
-0.176465,-0.253527,-0.197635
-0.170009,-0.250038,-0.194945
-0.185875,-0.256248,-0.191181
-0.184081,-0.256976,-0.199636
-0.178193,-0.258531,-0.188008
-0.189413,-0.259088,-0.201765
-0.190115,-0.261636,-0.201119
-0.194876,-0.266755,-0.203781
-0.189760,-0.256901,-0.203633
-0.202200,-0.269827,-0.205071
-0.208000,-0.270634,-0.207801
-0.200076,-0.276413,-0.213222
-0.203744,-0.287170,-0.211694
-0.211749,-0.284508,-0.215696
-0.216356,-0.294459,-0.219112
-0.219228,-0.306538,-0.227529
-0.231158,-0.316404,-0.231587
-0.077815,-0.321554,-0.229024
-0.076520,-0.309478,-0.224462
-0.085532,-0.296779,-0.222541
-0.081752,-0.285061,-0.218438
-0.100244,-0.282614,-0.217738
-0.089573,-0.285961,-0.209252
-0.096115,-0.281482,-0.210401
-0.108027,-0.277209,-0.202421
-0.098609,-0.277310,-0.205844
-0.102598,-0.263237,-0.205581
-0.118261,-0.270380,-0.192956
-0.118637,-0.262221,-0.206699
-0.115317,-0.261881,-0.202545
-0.114280,-0.257784,-0.192777
-0.119406,-0.257697,-0.185164
-0.118424,-0.252954,-0.206279
-0.136311,-0.252396,-0.191886
-0.139914,-0.253350,-0.199451
-0.137439,-0.246915,-0.189509
-0.146697,-0.255706,-0.184865
-0.151568,-0.259443,-0.200343
-0.160205,-0.255723,-0.188411
-0.145529,-0.246182,-0.188134
-0.155247,-0.251566,-0.182111
-0.165795,-0.247838,-0.187388
-0.172434,-0.250128,-0.187706
-0.177061,-0.253357,-0.196727
-0.177335,-0.251758,-0.189994
-0.173886,-0.256867,-0.198964
-0.173618,-0.265447,-0.184447
-0.176727,-0.255761,-0.192115
-0.191642,-0.257633,-0.205109
-0.179091,-0.258211,-0.203856
-0.181720,-0.270223,-0.196024
-0.198791,-0.268081,-0.200881
-0.195446,-0.270325,-0.192803
-0.208127,-0.283222,-0.209759
-0.199799,-0.277632,-0.205338
-0.221644,-0.288171,-0.215073
-0.223584,-0.291802,-0.214980
-0.220497,-0.297488,-0.218594
-0.220561,-0.301585,-0.220706
-0.223390,-0.321256,-0.235115
-0.074814,-0.315556,-0.226950
-0.078118,-0.317255,-0.228839
-0.084226,-0.301368,-0.219955
-0.085358,-0.290420,-0.219536
-0.089911,-0.285014,-0.216473
-0.089168,-0.281716,-0.209225
-0.101807,-0.282283,-0.205289
-0.095068,-0.282698,-0.211134
-0.098840,-0.280069,-0.207123
-0.102390,-0.270550,-0.207570
-0.119779,-0.280372,-0.197503
-0.105121,-0.255948,-0.192425
-0.115544,-0.269539,-0.198365
-0.117482,-0.272279,-0.191944
-0.128119,-0.264517,-0.189914
-0.132682,-0.259156,-0.197111
-0.138787,-0.266384,-0.192406
-0.135696,-0.254415,-0.196932
-0.133627,-0.261838,-0.190529
-0.146085,-0.263787,-0.184228
-0.156839,-0.245156,-0.182888
-0.149410,-0.253027,-0.200132
-0.156333,-0.255013,-0.193038
-0.162868,-0.246760,-0.183668
-0.156084,-0.260547,-0.186704
-0.167392,-0.255597,-0.190185
-0.173032,-0.254968,-0.188342
-0.173645,-0.266091,-0.175232
-0.166558,-0.258988,-0.192927
-0.186352,-0.264280,-0.189916
-0.179488,-0.258095,-0.199608
-0.184013,-0.259496,-0.192065
-0.185098,-0.265076,-0.191779
-0.193706,-0.274225,-0.196733
-0.204695,-0.278438,-0.194291
-0.206633,-0.266554,-0.209701
-0.204417,-0.279014,-0.205956
-0.210814,-0.287503,-0.205828
-0.217970,-0.285458,-0.205025
-0.214729,-0.294262,-0.201402
-0.226657,-0.296075,-0.216127
-0.220538,-0.303682,-0.215292
-0.231188,-0.324858,-0.234802
-0.075986,-0.319961,-0.224312
-0.073743,-0.316452,-0.220845
-0.083964,-0.298853,-0.221030
-0.099512,-0.296471,-0.208368
-0.095281,-0.292683,-0.212969
-0.102728,-0.296098,-0.209580
-0.101243,-0.289931,-0.211575
-0.109004,-0.286140,-0.202504
-0.099934,-0.277102,-0.206664
-0.108866,-0.277475,-0.200478
-0.112223,-0.284432,-0.191712
-0.120222,-0.286301,-0.194231
-0.123605,-0.259281,-0.205987
-0.119710,-0.257554,-0.186790
-0.133301,-0.265672,-0.196334
-0.132112,-0.267262,-0.184848
-0.133870,-0.270185,-0.186589
-0.129048,-0.264527,-0.177297
-0.136336,-0.258538,-0.190529
-0.145515,-0.267589,-0.187940
-0.143430,-0.261050,-0.180394
-0.147923,-0.259652,-0.190555
-0.154994,-0.262025,-0.184521
-0.159040,-0.260902,-0.181368
-0.167687,-0.257049,-0.193388
-0.155627,-0.260915,-0.183571
-0.169372,-0.259663,-0.186533
-0.165343,-0.267727,-0.189596
-0.183379,-0.261048,-0.187203
-0.183381,-0.267951,-0.193974
-0.173652,-0.268316,-0.191416
-0.180178,-0.268998,-0.194186
-0.192822,-0.271707,-0.201164
-0.191054,-0.278893,-0.200886
-0.201786,-0.265219,-0.192621
-0.201041,-0.280969,-0.199370
-0.204794,-0.285177,-0.201877
-0.214028,-0.294973,-0.199177
-0.213374,-0.286367,-0.218505
-0.215767,-0.297683,-0.209850
-0.216192,-0.304142,-0.215652
-0.223469,-0.312857,-0.211696
-0.082868,-0.316017,-0.218476
-0.077369,-0.315005,-0.220345
-0.089469,-0.298487,-0.206087
-0.089520,-0.298306,-0.212609
-0.084529,-0.288583,-0.210037
-0.096182,-0.292501,-0.205505
-0.093246,-0.295015,-0.196272
-0.105984,-0.293292,-0.192015
-0.102577,-0.278179,-0.198520
-0.106214,-0.277807,-0.196717
-0.112560,-0.283159,-0.185694
-0.112081,-0.273176,-0.190510
-0.115028,-0.276219,-0.190294
-0.124089,-0.277902,-0.185103
-0.126368,-0.275563,-0.194398
-0.131795,-0.277445,-0.182921
-0.133585,-0.264947,-0.184852
-0.141272,-0.273663,-0.190009
-0.143870,-0.262495,-0.199009
-0.151326,-0.261709,-0.186375
-0.156191,-0.258465,-0.185210
-0.153940,-0.266751,-0.183730
-0.162365,-0.262421,-0.178826
-0.163195,-0.265248,-0.188829
-0.167132,-0.258449,-0.193793
-0.174109,-0.265885,-0.188745
-0.176299,-0.267962,-0.177258
-0.168222,-0.269561,-0.192664
-0.169236,-0.271587,-0.197224
-0.186074,-0.270037,-0.187641
-0.179228,-0.277630,-0.198839
-0.188112,-0.270287,-0.195478
-0.194043,-0.273196,-0.203532
-0.202709,-0.271337,-0.187615
-0.196622,-0.293689,-0.201741
-0.204831,-0.287490,-0.200657
-0.206512,-0.298499,-0.208807
-0.206154,-0.297672,-0.195335
-0.218891,-0.303684,-0.211675
-0.223004,-0.306166,-0.214241
-0.219401,-0.314078,-0.218961
-0.077846,-0.320894,-0.213903
-0.079006,-0.314210,-0.203173
-0.085180,-0.301643,-0.209039
-0.098134,-0.308474,-0.208113
-0.094827,-0.298329,-0.193425
-0.092213,-0.295733,-0.195397
-0.103387,-0.286418,-0.197354
-0.104831,-0.291738,-0.192857
-0.112313,-0.292037,-0.197635
-0.109840,-0.282874,-0.187185
-0.116365,-0.272858,-0.187362
-0.121915,-0.285688,-0.189813
-0.118118,-0.282361,-0.189544
-0.132697,-0.276270,-0.195042
-0.131458,-0.269180,-0.187660
-0.137524,-0.258978,-0.183962
-0.131593,-0.272644,-0.182559
-0.145886,-0.264556,-0.191856
-0.151521,-0.262527,-0.183648
-0.150088,-0.271503,-0.176307
-0.154011,-0.260283,-0.182915
-0.149185,-0.265880,-0.176977
-0.156328,-0.263729,-0.185739
-0.163800,-0.264814,-0.190098
-0.164833,-0.276006,-0.188169
-0.170473,-0.260428,-0.186290
-0.185587,-0.277037,-0.194480
-0.183887,-0.265968,-0.183904
-0.189761,-0.271189,-0.187897
-0.189421,-0.286861,-0.188677
-0.185324,-0.283439,-0.189962
-0.192164,-0.282293,-0.192918
-0.198600,-0.283176,-0.192876
-0.193356,-0.281155,-0.179597
-0.204164,-0.289649,-0.206442
-0.212428,-0.296432,-0.202636
-0.212929,-0.298799,-0.201889
-0.221326,-0.305935,-0.200815
-0.217677,-0.311047,-0.209231
-0.085646,-0.308491,-0.209494
-0.096202,-0.308606,-0.203937
-0.093323,-0.305023,-0.208741
-0.094466,-0.300234,-0.209274
-0.101672,-0.305536,-0.201544
-0.104763,-0.295630,-0.194838
-0.110274,-0.289144,-0.197920
-0.119506,-0.286984,-0.199986
-0.117649,-0.281280,-0.200511
-0.112518,-0.285180,-0.179428
-0.114238,-0.276716,-0.199586
-0.123554,-0.276950,-0.189359
-0.125986,-0.277744,-0.180559
-0.130626,-0.267290,-0.182295
-0.138538,-0.273867,-0.185497
-0.139378,-0.272052,-0.179695
-0.144134,-0.257538,-0.181802
-0.142614,-0.267381,-0.176541
-0.148060,-0.279031,-0.190949
-0.152494,-0.263098,-0.177106
-0.156156,-0.279590,-0.179403
-0.164412,-0.273154,-0.179539
-0.165898,-0.270988,-0.198610
-0.164765,-0.269950,-0.183085
-0.172660,-0.265574,-0.181375
-0.178432,-0.273973,-0.181254
-0.182201,-0.286554,-0.185289
-0.181837,-0.278025,-0.183991
-0.188241,-0.279458,-0.196071
-0.190707,-0.283254,-0.183940
-0.196389,-0.280893,-0.187567
-0.185486,-0.297623,-0.194009
-0.196222,-0.290889,-0.194204
-0.208980,-0.300492,-0.185510
-0.210053,-0.303779,-0.192948
-0.208552,-0.303631,-0.200252
-0.221331,-0.315236,-0.204638
-0.086838,-0.307904,-0.205830
-0.100458,-0.309221,-0.203273
-0.093758,-0.303910,-0.198488
-0.098381,-0.309523,-0.192496
-0.101615,-0.300102,-0.186588
-0.105000,-0.302573,-0.193347
-0.113547,-0.281202,-0.197429
-0.104902,-0.291188,-0.187108
-0.121009,-0.282662,-0.184271
-0.124907,-0.279907,-0.177818
-0.132671,-0.278769,-0.181443
-0.130263,-0.289846,-0.183931
-0.126874,-0.277984,-0.181734
-0.139193,-0.276265,-0.176813
-0.139861,-0.278040,-0.178730
-0.138835,-0.266753,-0.183785
-0.142523,-0.276669,-0.176437
-0.155159,-0.274378,-0.175635
-0.150803,-0.271590,-0.168727
-0.165337,-0.272273,-0.176861
-0.161393,-0.272281,-0.184322
-0.170221,-0.279029,-0.178396
-0.164729,-0.270807,-0.185623
-0.178270,-0.277676,-0.175954
-0.176732,-0.277995,-0.176014
-0.171459,-0.283213,-0.185837
-0.180521,-0.295522,-0.176882
-0.189464,-0.290974,-0.173064
-0.197871,-0.283128,-0.188270
-0.194085,-0.297820,-0.197978
-0.202005,-0.293028,-0.184608
-0.198057,-0.293483,-0.188733
-0.203323,-0.299232,-0.204145
-0.204941,-0.296295,-0.188690
-0.215651,-0.313835,-0.200514
-0.229819,-0.315534,-0.206905
-0.090696,-0.316148,-0.194618
-0.093619,-0.311265,-0.194288
-0.101209,-0.303395,-0.184777
-0.113498,-0.298755,-0.190639
-0.112801,-0.294801,-0.190996
-0.117473,-0.291459,-0.193289
-0.118457,-0.294072,-0.180190
-0.122919,-0.288700,-0.165532
-0.120965,-0.283075,-0.189758
-0.129086,-0.279943,-0.180984
-0.128805,-0.278650,-0.178975
-0.135627,-0.281296,-0.172353
-0.141113,-0.283176,-0.180677
-0.142398,-0.278589,-0.177037
-0.140905,-0.272035,-0.172441
-0.152536,-0.284876,-0.175787
-0.153914,-0.275491,-0.173719
-0.160296,-0.285186,-0.173900
-0.156986,-0.281927,-0.175430
-0.157855,-0.281680,-0.168947
-0.167232,-0.276927,-0.173801
-0.177081,-0.280860,-0.185409
-0.172670,-0.270989,-0.184564
-0.179166,-0.290445,-0.179093
-0.181541,-0.286524,-0.196571
-0.188126,-0.280417,-0.175630
-0.188722,-0.290300,-0.188015
-0.189000,-0.293591,-0.184314
-0.202698,-0.292936,-0.185622
-0.197584,-0.291525,-0.196623
-0.204753,-0.312532,-0.185584
-0.208796,-0.301511,-0.188855
-0.091650,-0.314364,-0.194286
-0.107914,-0.311473,-0.179380
-0.110746,-0.310684,-0.184801
-0.112969,-0.299607,-0.191590
-0.118782,-0.295885,-0.187083
-0.114882,-0.295839,-0.183725
-0.110386,-0.290812,-0.181586
-0.127773,-0.291910,-0.177102
-0.131132,-0.294948,-0.172454
-0.126403,-0.286914,-0.172091
-0.135556,-0.288058,-0.169374
-0.138135,-0.284810,-0.162735
-0.138916,-0.281542,-0.175761
-0.148166,-0.275703,-0.167332
-0.151968,-0.285871,-0.170333
-0.156039,-0.273099,-0.177180
-0.156968,-0.275226,-0.176911
-0.158099,-0.278733,-0.175345
-0.151959,-0.288078,-0.172908
-0.166786,-0.282812,-0.173960
-0.158809,-0.294409,-0.175604
-0.178644,-0.284056,-0.181605
-0.176641,-0.292741,-0.173801
-0.181813,-0.291074,-0.187361
-0.188837,-0.283891,-0.185114
-0.187143,-0.289617,-0.180916
-0.188014,-0.308795,-0.188216
-0.206801,-0.293039,-0.179615
-0.201779,-0.300635,-0.182092
-0.204062,-0.309899,-0.187617
-0.113083,-0.310225,-0.186448
-0.110612,-0.306248,-0.173256
-0.116057,-0.297335,-0.176766
-0.125442,-0.293717,-0.173062
-0.124645,-0.286630,-0.179255
-0.125722,-0.289738,-0.182841
-0.124198,-0.294371,-0.173840
-0.139686,-0.283946,-0.174439
-0.136404,-0.282901,-0.164220
-0.139070,-0.278505,-0.176537
-0.147397,-0.284884,-0.180297
-0.148262,-0.282875,-0.167862
-0.153622,-0.291815,-0.170905
-0.150216,-0.292211,-0.166067
-0.154193,-0.289152,-0.176515
-0.172473,-0.298886,-0.176681
-0.155355,-0.282065,-0.176229
-0.174355,-0.286085,-0.182205
-0.170661,-0.291844,-0.186215
-0.169020,-0.289649,-0.173882
-0.182500,-0.290772,-0.174426
-0.189953,-0.305785,-0.175712
-0.184130,-0.302851,-0.181836
-0.190686,-0.297437,-0.179298
-0.196970,-0.306081,-0.181983
-0.203049,-0.303989,-0.195629
-0.115466,-0.310824,-0.185107
-0.119856,-0.303941,-0.180805
-0.124100,-0.298319,-0.176561
-0.128343,-0.287202,-0.180330
-0.140349,-0.296001,-0.181951
-0.133581,-0.298067,-0.171974
-0.129404,-0.293356,-0.175009
-0.138470,-0.291143,-0.173411
-0.140073,-0.280571,-0.167650
-0.145374,-0.289758,-0.166820
-0.147612,-0.282399,-0.170088
-0.154703,-0.288069,-0.176096
-0.156854,-0.298573,-0.169663
-0.160382,-0.290289,-0.156776
-0.159776,-0.291849,-0.167685
-0.168846,-0.287749,-0.178555
-0.169124,-0.289151,-0.169624
-0.177542,-0.293440,-0.167824
-0.183775,-0.298878,-0.177915
-0.191353,-0.298340,-0.179699
-0.194232,-0.291521,-0.174652
-0.192546,-0.305260,-0.180965
-0.108231,-0.298758,-0.174963
-0.124679,-0.299768,-0.177882
-0.130328,-0.294527,-0.171106
-0.134951,-0.300766,-0.176557
-0.141303,-0.302270,-0.161570
-0.141147,-0.300495,-0.171095
-0.141975,-0.306915,-0.168311
-0.146178,-0.295176,-0.159791
-0.143723,-0.278504,-0.171202
-0.153709,-0.303697,-0.164721
-0.154274,-0.293631,-0.160542
-0.169181,-0.286267,-0.167103
-0.161056,-0.297725,-0.162538
-0.167759,-0.298002,-0.171774
-0.169031,-0.295573,-0.163032
-0.174732,-0.308412,-0.173992
-0.179221,-0.300724,-0.177567
-0.134614,-0.294984,-0.169818
-0.140434,-0.289404,-0.172233
-0.148568,-0.300522,-0.162328
-0.156276,-0.303294,-0.168077
-0.149673,-0.298425,-0.164698
-0.148017,-0.298040,-0.169650
-0.164155,-0.299375,-0.167167
-0.157376,-0.300712,-0.175607
-0.161256,-0.299415,-0.169061
