X,Y,Z
-0.210845,-0.047032,-0.482264
-0.205794,-0.044793,-0.458001
-0.201008,-0.043594,-0.445016
-0.210545,-0.041025,-0.467208
-0.205716,-0.039808,-0.453799
-0.200989,-0.038910,-0.443901
-0.196369,-0.038469,-0.439045
-0.191765,-0.038030,-0.434205
-0.187176,-0.037595,-0.429415
-0.210459,-0.036023,-0.462895
-0.205638,-0.034833,-0.449557
-0.200970,-0.034230,-0.442788
-0.196350,-0.033785,-0.437799
-0.191743,-0.033322,-0.432610
-0.187174,-0.033017,-0.429191
-0.182634,-0.032871,-0.427557
-0.178100,-0.032725,-0.425925
-0.215427,-0.033019,-0.481199
-0.210378,-0.031059,-0.458845
-0.205583,-0.029982,-0.446558
-0.200945,-0.029518,-0.441256
-0.196322,-0.029054,-0.435972
-0.191717,-0.028595,-0.430730
-0.187171,-0.028440,-0.428966
-0.182632,-0.028297,-0.427332
-0.178098,-0.028154,-0.425700
-0.173569,-0.028011,-0.424069
-0.169046,-0.027868,-0.422440
-0.164532,-0.027813,-0.421812
-0.215160,-0.027312,-0.468766
-0.210308,-0.026156,-0.455334
-0.205566,-0.025319,-0.445620
-0.200929,-0.024863,-0.440321
-0.196308,-0.024408,-0.435041
-0.191721,-0.024060,-0.431001
-0.187175,-0.023911,-0.429273
-0.182634,-0.023763,-0.427547
-0.178099,-0.023614,-0.425823
-0.173570,-0.023466,-0.424101
-0.169047,-0.023348,-0.422734
-0.164533,-0.023295,-0.422117
-0.160021,-0.023242,-0.421495
-0.155510,-0.023189,-0.420882
-0.215084,-0.022398,-0.465232
-0.210241,-0.021279,-0.451994
-0.205549,-0.020660,-0.444682
-0.200913,-0.020212,-0.439386
-0.196299,-0.019796,-0.434461
-0.191727,-0.019538,-0.431414
-0.187180,-0.019392,-0.429686
-0.182639,-0.019246,-0.427959
-0.178102,-0.019096,-0.426188
-0.173570,-0.018923,-0.424138
-0.169050,-0.018841,-0.423176
-0.164534,-0.018780,-0.422455
-0.160022,-0.018728,-0.421838
-0.155511,-0.018676,-0.421220
-0.151002,-0.018624,-0.420604
-0.146494,-0.018583,-0.420116
-0.141987,-0.018563,-0.419880
-0.220273,-0.019991,-0.491748
-0.215008,-0.017497,-0.461708
-0.210183,-0.016446,-0.449057
-0.205531,-0.016005,-0.443745
-0.200902,-0.015591,-0.438750
-0.196291,-0.015193,-0.433960
-0.191732,-0.015016,-0.431828
-0.187185,-0.014872,-0.430099
-0.182641,-0.014715,-0.428205
-0.178102,-0.014545,-0.426152
-0.173572,-0.014403,-0.424446
-0.169053,-0.014336,-0.423641
-0.164536,-0.014270,-0.422837
-0.160023,-0.014215,-0.422175
-0.155511,-0.014163,-0.421558
-0.151001,-0.014112,-0.420941
-0.146493,-0.014088,-0.420652
-0.141986,-0.014069,-0.420416
-0.137479,-0.014049,-0.420181
-0.132973,-0.014029,-0.419945
-0.219918,-0.014085,-0.476311
-0.214938,-0.012627,-0.458421
-0.210164,-0.011787,-0.448119
-0.205519,-0.011375,-0.443053
-0.200894,-0.010983,-0.438248
-0.196292,-0.010635,-0.433973
-0.191738,-0.010494,-0.432241
-0.187187,-0.010329,-0.430225
-0.182641,-0.010162,-0.428169
-0.178102,-0.009995,-0.426115
-0.173576,-0.009896,-0.424910
-0.169056,-0.009831,-0.424105
-0.164539,-0.009765,-0.423302
-0.160024,-0.009701,-0.422513
-0.155512,-0.009651,-0.421896
-0.151001,-0.009612,-0.421425
-0.146492,-0.009593,-0.421189
-0.141984,-0.009574,-0.420953
-0.137476,-0.009555,-0.420717
-0.132969,-0.009535,-0.420481
-0.128464,-0.009502,-0.420065
-0.123957,-0.009500,-0.420044
-0.219729,-0.008806,-0.468117
-0.214869,-0.007774,-0.455204
-0.210149,-0.007147,-0.447367
-0.205509,-0.006762,-0.442548
-0.200885,-0.006378,-0.437745
-0.196297,-0.006104,-0.434308
-0.191738,-0.005939,-0.432247
-0.187186,-0.005774,-0.430189
-0.182640,-0.005610,-0.428132
-0.178102,-0.005454,-0.426181
-0.173579,-0.005390,-0.425376
-0.169059,-0.005325,-0.424571
-0.164541,-0.005261,-0.423766
-0.160025,-0.005196,-0.422962
-0.155512,-0.005138,-0.422234
-0.151001,-0.005117,-0.421961
-0.146492,-0.005086,-0.421585
-0.141984,-0.005045,-0.421071
-0.137477,-0.005004,-0.420557
-0.132972,-0.004963,-0.420043
-0.128468,-0.004922,-0.419530
-0.123954,-0.004992,-0.420404
-0.119433,-0.005082,-0.421525
-0.114909,-0.005171,-0.422645
-0.110389,-0.005220,-0.423258
-0.219659,-0.003956,-0.465054
-0.214806,-0.002957,-0.452310
-0.210140,-0.002532,-0.446886
-0.205501,-0.002154,-0.442070
-0.200876,-0.001775,-0.437233
-0.196300,-0.001564,-0.434541
-0.191741,-0.001402,-0.432478
-0.187189,-0.001241,-0.430418
-0.182643,-0.001077,-0.428330
-0.178108,-0.000953,-0.426740
-0.173584,-0.000889,-0.425930
-0.169062,-0.000826,-0.425120
-0.164543,-0.000762,-0.424310
-0.160027,-0.000699,-0.423500
-0.155513,-0.000641,-0.422767
-0.151001,-0.000595,-0.422182
-0.146492,-0.000549,-0.421596
-0.141984,-0.000504,-0.421011
-0.137478,-0.000458,-0.420426
-0.132973,-0.000412,-0.419841
-0.128467,-0.000406,-0.419764
-0.123950,-0.000488,-0.420816
-0.119429,-0.000572,-0.421884
-0.114905,-0.000660,-0.423006
-0.110377,-0.000748,-0.424127
-0.105845,-0.000836,-0.425251
-0.101313,-0.000909,-0.426179
-0.224859,-0.001298,-0.490376
-0.219601,0.000841,-0.462534
-0.214784,0.001709,-0.451250
-0.210130,0.002080,-0.446420
-0.205492,0.002451,-0.441591
-0.200871,0.002810,-0.436914
-0.196305,0.002969,-0.434848
-0.191746,0.003128,-0.432785
-0.187192,0.003293,-0.430634
-0.182643,0.003472,-0.428306
-0.178113,0.003547,-0.427328
-0.173588,0.003609,-0.426517
-0.169066,0.003672,-0.425707
-0.164546,0.003735,-0.424887
-0.160028,0.003798,-0.424065
-0.155514,0.003846,-0.423434
-0.151001,0.003891,-0.422848
-0.146491,0.003936,-0.422263
-0.141982,0.003993,-0.421523
-0.137477,0.004062,-0.420621
-0.132974,0.004132,-0.419719
-0.128459,0.004055,-0.420718
-0.123941,0.003974,-0.421771
-0.119419,0.003893,-0.422825
-0.114894,0.003812,-0.423880
-0.110367,0.003742,-0.424796
-0.105842,0.003693,-0.425425
-0.101297,0.003562,-0.427136
-0.096715,0.003302,-0.430512
-0.092131,0.003073,-0.433490
-0.087537,0.002844,-0.436478
-0.224428,0.004668,-0.472792
-0.219541,0.005636,-0.459941
-0.214773,0.006325,-0.450782
-0.210121,0.006689,-0.445955
-0.205480,0.007064,-0.440967
-0.200876,0.007347,-0.437222
-0.196310,0.007502,-0.435155
-0.191748,0.007669,-0.432942
-0.187191,0.007844,-0.430610
-0.182647,0.007986,-0.428727
-0.178118,0.008047,-0.427915
-0.173593,0.008109,-0.427100
-0.169069,0.008171,-0.426276
-0.164548,0.008233,-0.425452
-0.160030,0.008290,-0.424688
-0.155515,0.008337,-0.424072
-0.151002,0.008405,-0.423168
-0.146491,0.008473,-0.422265
-0.141983,0.008541,-0.421362
-0.137478,0.008609,-0.420460
-0.132969,0.008597,-0.420619
-0.128454,0.008540,-0.421367
-0.123939,0.008493,-0.421995
-0.119422,0.008446,-0.422623
-0.114902,0.008399,-0.423252
-0.110380,0.008351,-0.423880
-0.105852,0.008282,-0.424805
-0.101279,0.008028,-0.428175
-0.096696,0.007773,-0.431554
-0.092102,0.007518,-0.434941
-0.087497,0.007263,-0.438335
-0.082885,0.007021,-0.441544
-0.078261,0.006771,-0.444859
-0.224365,0.009468,-0.470261
-0.219477,0.010435,-0.457150
-0.214763,0.010940,-0.450315
-0.210109,0.011307,-0.445337
-0.205469,0.011675,-0.440343
-0.200881,0.011883,-0.437530
-0.196311,0.012051,-0.435253
-0.191747,0.012223,-0.432918
-0.187191,0.012395,-0.430586
-0.182653,0.012489,-0.429315
-0.178124,0.012549,-0.428490
-0.173597,0.012610,-0.427665
-0.169073,0.012665,-0.426920
-0.164552,0.012723,-0.426139
-0.160032,0.012796,-0.425153
-0.155515,0.012860,-0.424286
-0.151001,0.012924,-0.423419
-0.146490,0.012987,-0.422552
-0.141982,0.013058,-0.421598
-0.137477,0.013131,-0.420605
-0.132966,0.013095,-0.421094
-0.128453,0.013059,-0.421582
-0.123938,0.013023,-0.422070
-0.119422,0.012987,-0.422560
-0.114904,0.012951,-0.423049
-0.110388,0.012928,-0.423352
-0.105831,0.012718,-0.426208
-0.101253,0.012460,-0.429705
-0.096667,0.012206,-0.433143
-0.092069,0.011952,-0.436592
-0.087460,0.011697,-0.440047
-0.082840,0.011441,-0.443511
-0.078145,0.010995,-0.449568
-0.073395,0.010442,-0.457065
-0.068613,0.009869,-0.464825
-0.224300,0.014268,-0.467616
-0.219420,0.015202,-0.454690
-0.214751,0.015561,-0.449720
-0.210096,0.015922,-0.444711
-0.205461,0.016269,-0.439908
-0.200883,0.016436,-0.437596
-0.196313,0.016600,-0.435328
-0.191749,0.016764,-0.433062
-0.187195,0.016920,-0.430892
-0.182662,0.016974,-0.430151
-0.178132,0.017027,-0.429409
-0.173605,0.017081,-0.428668
-0.169078,0.017148,-0.427739
-0.164553,0.017234,-0.426545
-0.160033,0.017297,-0.425676
-0.155516,0.017360,-0.424809
-0.151002,0.017425,-0.423907
-0.146490,0.017528,-0.422474
-0.141984,0.017632,-0.421042
-0.137473,0.017604,-0.421429
-0.132961,0.017569,-0.421917
-0.128447,0.017537,-0.422357
-0.123934,0.017522,-0.422563
-0.119420,0.017507,-0.422768
-0.114905,0.017492,-0.422973
-0.110363,0.017337,-0.425123
-0.105796,0.017094,-0.428488
-0.101217,0.016850,-0.431862
-0.096628,0.016606,-0.435243
-0.092025,0.016348,-0.438810
-0.087410,0.016090,-0.442394
-0.082755,0.015743,-0.447201
-0.078026,0.015220,-0.454435
-0.073272,0.014692,-0.461745
-0.068488,0.014144,-0.469334
-0.063447,0.013019,-0.484912
-0.061049,0.018225,-0.412828
-0.056910,0.019035,-0.401609
-0.224233,0.019067,-0.464851
-0.219409,0.019820,-0.454203
-0.214740,0.020173,-0.449209
-0.210087,0.020524,-0.444233
-0.205470,0.020795,-0.440410
-0.200892,0.020955,-0.438137
-0.196321,0.021116,-0.435868
-0.191756,0.021278,-0.433566
-0.187207,0.021396,-0.431903
-0.182673,0.021448,-0.431160
-0.178142,0.021501,-0.430418
-0.173610,0.021577,-0.429342
-0.169080,0.021667,-0.428065
-0.164556,0.021738,-0.427069
-0.160035,0.021799,-0.426200
-0.155516,0.021899,-0.424786
-0.151002,0.022000,-0.423351
-0.146491,0.022102,-0.421919
-0.141982,0.022126,-0.421572
-0.137471,0.022112,-0.421775
-0.132960,0.022097,-0.421979
-0.128448,0.022083,-0.422184
-0.123935,0.022068,-0.422390
-0.119422,0.022054,-0.422594
-0.114896,0.021972,-0.423750
-0.110351,0.021816,-0.425961
-0.105800,0.021659,-0.428175
-0.101242,0.021503,-0.430393
-0.096792,0.021790,-0.426323
-0.092356,0.022080,-0.422218
-0.087854,0.022116,-0.421714
-0.083294,0.021970,-0.423776
-0.078730,0.021831,-0.425753
-0.074056,0.021410,-0.431705
-0.068345,0.018384,-0.474513
-0.063430,0.017607,-0.485510
-0.061285,0.023287,-0.405142
-0.057004,0.023745,-0.398664
-0.052775,0.024268,-0.391267
-0.048519,0.024694,-0.385242
-0.044209,0.024981,-0.381180
-0.229092,0.022922,-0.475598
-0.224173,0.023834,-0.462410
-0.219399,0.024432,-0.453766
-0.214730,0.024777,-0.448774
-0.210083,0.025104,-0.444046
-0.205480,0.025318,-0.440952
-0.200901,0.025475,-0.438678
-0.196328,0.025635,-0.436370
-0.191763,0.025798,-0.434012
-0.187220,0.025874,-0.432913
-0.182684,0.025925,-0.432170
-0.178146,0.026010,-0.430946
-0.173612,0.026098,-0.429667
-0.169083,0.026181,-0.428462
-0.164556,0.026276,-0.427091
-0.160033,0.026378,-0.425618
-0.155515,0.026480,-0.424148
-0.151002,0.026582,-0.422675
-0.146492,0.026645,-0.421761
-0.141981,0.026631,-0.421963
-0.137470,0.026617,-0.422167
-0.132958,0.026603,-0.422370
-0.128445,0.026589,-0.422573
-0.123940,0.026639,-0.421840
-0.119431,0.026647,-0.421730
-0.114917,0.026627,-0.422012
-0.110409,0.026640,-0.421833
-0.105953,0.026892,-0.418185
-0.101489,0.027062,-0.415725
-0.097023,0.027195,-0.413804
-0.092538,0.027246,-0.413069
-0.088043,0.027258,-0.412891
-0.083511,0.027156,-0.414364
-0.078900,0.026846,-0.418842
-0.074265,0.026512,-0.423685
-0.069513,0.025922,-0.432210
-0.065630,0.027455,-0.410044
-0.061395,0.028043,-0.401532
-0.057094,0.028434,-0.395887
-0.052875,0.028958,-0.388304
-0.048606,0.029339,-0.382789
-0.044288,0.029599,-0.379029
-0.039981,0.029858,-0.375278
-0.035685,0.030117,-0.371537
-0.229028,0.027703,-0.473141
-0.224103,0.028620,-0.459565
-0.219389,0.029042,-0.453329
-0.214725,0.029367,-0.448521
-0.210080,0.029678,-0.443917
-0.205490,0.029842,-0.441494
-0.200910,0.029998,-0.439179
-0.196335,0.030158,-0.436817
-0.191772,0.030303,-0.434668
-0.187231,0.030360,-0.433834
-0.182688,0.030446,-0.432552
-0.178149,0.030534,-0.431259
-0.173613,0.030635,-0.429760
-0.169079,0.030765,-0.427842
-0.164553,0.030864,-0.426370
-0.160031,0.030964,-0.424898
-0.155514,0.031065,-0.423406
-0.151001,0.031163,-0.421950
-0.146491,0.031149,-0.422153
-0.141980,0.031136,-0.422356
-0.137468,0.031122,-0.422559
-0.132963,0.031187,-0.421594
-0.128462,0.031272,-0.420338
-0.123952,0.031253,-0.420620
-0.119461,0.031369,-0.418902
-0.114993,0.031576,-0.415835
-0.110523,0.031730,-0.413561
-0.106056,0.031868,-0.411525
-0.101587,0.031975,-0.409940
-0.097105,0.032015,-0.409351
-0.092617,0.032031,-0.409101
-0.088124,0.032028,-0.409153
-0.083607,0.031960,-0.410166
-0.079050,0.031788,-0.412704
-0.074410,0.031421,-0.418129
-0.069736,0.031013,-0.424163
-0.065850,0.032478,-0.402489
-0.061506,0.032787,-0.397931
-0.057182,0.033109,-0.393161
-0.052970,0.033627,-0.385491
-0.048671,0.033937,-0.380919
-0.044350,0.034178,-0.377344
-0.040039,0.034419,-0.373777
-0.035738,0.034660,-0.370218
-0.031444,0.034896,-0.366731
-0.027156,0.035124,-0.363353
-0.228964,0.032474,-0.470688
-0.224062,0.033319,-0.457900
-0.219382,0.033642,-0.453009
-0.214722,0.033947,-0.448392
-0.210088,0.034216,-0.444315
-0.205499,0.034369,-0.441995
-0.200917,0.034526,-0.439627
-0.196342,0.034682,-0.437264
-0.191782,0.034803,-0.435434
-0.187234,0.034889,-0.434126
-0.182691,0.034975,-0.432820
-0.178149,0.035082,-0.431206
-0.173604,0.035254,-0.428595
-0.169074,0.035352,-0.427122
-0.164549,0.035449,-0.425650
-0.160029,0.035549,-0.424136
-0.155513,0.035649,-0.422619
-0.151001,0.035667,-0.422342
-0.146490,0.035654,-0.422545
-0.141983,0.035733,-0.421348
-0.137481,0.035845,-0.419661
-0.132981,0.035919,-0.418527
-0.128496,0.036088,-0.415979
-0.124017,0.036252,-0.413493
-0.119541,0.036386,-0.411470
-0.115072,0.036520,-0.409437
-0.110604,0.036637,-0.407668
-0.106139,0.036741,-0.406087
-0.101658,0.036766,-0.405714
-0.097176,0.036783,-0.405455
-0.092694,0.036797,-0.405241
-0.088194,0.036757,-0.405847
-0.083680,0.036680,-0.407007
-0.079149,0.036568,-0.408705
-0.074554,0.036312,-0.412590
-0.069991,0.036156,-0.414942
-0.065918,0.037131,-0.400181
-0.061610,0.037503,-0.394549
-0.057272,0.037779,-0.390375
-0.053048,0.038255,-0.383177
-0.048700,0.038456,-0.380128
-0.044383,0.038699,-0.376449
-0.040073,0.038934,-0.372884
-0.035773,0.039169,-0.369327
-0.031479,0.039397,-0.365886
-0.027192,0.039620,-0.362509
-0.022915,0.039842,-0.359140
-0.018647,0.040064,-0.355781
-0.014375,0.040268,-0.352699
-0.228888,0.037265,-0.467791
-0.224052,0.037928,-0.457512
-0.219379,0.038227,-0.452881
-0.214719,0.038525,-0.448263
-0.210098,0.038750,-0.444783
-0.205505,0.038909,-0.442308
-0.200921,0.039069,-0.439837
-0.196342,0.039237,-0.437237
-0.191786,0.039336,-0.435690
-0.187238,0.039421,-0.434382
-0.182689,0.039532,-0.432653
-0.178135,0.039722,-0.429712
-0.173598,0.039841,-0.427874
-0.169070,0.039936,-0.426387
-0.164546,0.040035,-0.424868
-0.160026,0.040133,-0.423349
-0.155513,0.040185,-0.422530
-0.151002,0.040277,-0.421104
-0.146494,0.040343,-0.420089
-0.141990,0.040408,-0.419075
-0.137494,0.040555,-0.416797
-0.133004,0.040678,-0.414889
-0.128518,0.040795,-0.413079
-0.124039,0.040918,-0.411174
-0.119567,0.041051,-0.409107
-0.115104,0.041200,-0.406804
-0.110642,0.041319,-0.404953
-0.106175,0.041399,-0.403723
-0.101707,0.041458,-0.402810
-0.097245,0.041528,-0.401724
-0.092765,0.041531,-0.401669
-0.088263,0.041468,-0.402644
-0.083753,0.041390,-0.403853
-0.079226,0.041281,-0.405554
-0.074695,0.041174,-0.407204
-0.070283,0.041358,-0.404352
-0.065985,0.041776,-0.397877
-0.061667,0.042111,-0.392676
-0.057387,0.042490,-0.386803
-0.053083,0.042791,-0.382137
-0.048724,0.042965,-0.379445
-0.044413,0.043210,-0.375654
-0.040107,0.043446,-0.371992
-0.035809,0.043675,-0.368438
-0.031514,0.043894,-0.365041
-0.027229,0.044112,-0.361666
-0.022952,0.044329,-0.358299
-0.018685,0.044546,-0.354940
-0.014393,0.044716,-0.352311
-0.010067,0.044830,-0.350536
-0.005745,0.044945,-0.348763
-0.233782,0.041159,-0.478999
-0.228810,0.042054,-0.464787
-0.224044,0.042533,-0.457182
-0.219370,0.042827,-0.452500
-0.214708,0.043129,-0.447716
-0.210098,0.043311,-0.444820
-0.205506,0.043467,-0.442346
-0.200919,0.043631,-0.439746
-0.196342,0.043787,-0.437255
-0.191789,0.043870,-0.435946
-0.187234,0.043986,-0.434102
-0.182673,0.044171,-0.431158
-0.178125,0.044331,-0.428627
-0.173593,0.044426,-0.427119
-0.169065,0.044521,-0.425607
-0.164543,0.044610,-0.424188
-0.160024,0.044718,-0.422472
-0.155511,0.044782,-0.421457
-0.151001,0.044846,-0.420442
-0.146496,0.044949,-0.418812
-0.141998,0.045108,-0.416286
-0.137506,0.045228,-0.414380
-0.133017,0.045335,-0.412678
-0.128535,0.045448,-0.410880
-0.124062,0.045592,-0.408608
-0.119599,0.045752,-0.406067
-0.115136,0.045869,-0.404202
-0.110674,0.045967,-0.402639
-0.106207,0.046028,-0.401678
-0.101743,0.046089,-0.400713
-0.097284,0.046159,-0.399602
-0.092816,0.046189,-0.399116
-0.088332,0.046168,-0.399448
-0.083825,0.046089,-0.400708
-0.079303,0.045982,-0.402410
-0.074772,0.045866,-0.404253
-0.070408,0.046145,-0.399828
-0.066052,0.046412,-0.395576
-0.061725,0.046713,-0.390804
-0.057453,0.047094,-0.384746
-0.053118,0.047324,-0.381097
-0.048760,0.047493,-0.378408
-0.044436,0.047707,-0.375018
-0.040138,0.047948,-0.371193
-0.035843,0.048176,-0.367577
-0.031549,0.048388,-0.364199
-0.027261,0.048595,-0.360914
-0.022982,0.048802,-0.357635
-0.018712,0.049008,-0.354364
-0.014393,0.049136,-0.352326
-0.010084,0.049271,-0.350176
-0.005765,0.049386,-0.348363
-0.001448,0.049497,-0.346596
0.002864,0.049608,-0.344828
0.007267,0.049610,-0.344803
-0.233693,0.045971,-0.475802
-0.228723,0.046853,-0.461442
-0.224033,0.047144,-0.456707
-0.219357,0.047435,-0.451959
-0.214700,0.047719,-0.447337
-0.210099,0.047872,-0.444858
-0.205504,0.048031,-0.442260
-0.200914,0.048202,-0.439478
-0.196346,0.048323,-0.437511
-0.191784,0.048443,-0.435553
-0.187216,0.048624,-0.432606
-0.182659,0.048793,-0.429853
-0.178120,0.048904,-0.428048
-0.173589,0.048992,-0.426627
-0.169063,0.049079,-0.425206
-0.164538,0.049201,-0.423221
-0.160022,0.049288,-0.421810
-0.155510,0.049350,-0.420795
-0.151001,0.049489,-0.418539
-0.146501,0.049658,-0.415776
-0.142006,0.049774,-0.413893
-0.137515,0.049873,-0.412277
-0.133030,0.049977,-0.410586
-0.128556,0.050129,-0.408109
-0.124092,0.050300,-0.405333
-0.119627,0.050415,-0.403452
-0.115168,0.050532,-0.401557
-0.110702,0.050594,-0.400547
-0.106241,0.050662,-0.399442
-0.101778,0.050712,-0.398632
-0.097318,0.050766,-0.397739
-0.092849,0.050783,-0.397472
-0.088378,0.050792,-0.397325
-0.083897,0.050777,-0.397571
-0.079381,0.050674,-0.399246
-0.074861,0.050576,-0.400836
-0.070472,0.050781,-0.397509
-0.066111,0.051025,-0.393533
-0.061786,0.051316,-0.388797
-0.057513,0.051679,-0.382885
-0.053141,0.051831,-0.380411
-0.048797,0.052018,-0.377371
-0.044459,0.052201,-0.374382
-0.040162,0.052436,-0.370559
-0.035868,0.052657,-0.366964
-0.031573,0.052862,-0.363636
-0.027285,0.053063,-0.360351
-0.023007,0.053265,-0.357074
-0.018725,0.053448,-0.354084
-0.014389,0.053552,-0.352405
-0.010079,0.053682,-0.350286
-0.005777,0.053814,-0.348139
-0.001469,0.053933,-0.346193
0.002866,0.054015,-0.344869
0.007284,0.054000,-0.345114
0.011704,0.053985,-0.345359
0.016126,0.053969,-0.345604
-0.233604,0.050774,-0.472564
-0.228709,0.051471,-0.460926
-0.224021,0.051753,-0.456214
-0.219340,0.052054,-0.451189
-0.214700,0.052283,-0.447375
-0.210098,0.052438,-0.444779
-0.205499,0.052605,-0.441992
-0.200910,0.052772,-0.439211
-0.196338,0.052904,-0.437005
-0.191768,0.053062,-0.434376
-0.187207,0.053210,-0.431890
-0.182651,0.053379,-0.429070
-0.178116,0.053465,-0.427648
-0.173586,0.053550,-0.426226
-0.169055,0.053680,-0.424042
-0.164533,0.053793,-0.422164
-0.160019,0.053854,-0.421149
-0.155506,0.054026,-0.418267
-0.151001,0.054202,-0.415330
-0.146504,0.054312,-0.413493
-0.142012,0.054409,-0.411877
-0.137525,0.054506,-0.410262
-0.133048,0.054665,-0.407611
-0.128580,0.054822,-0.404979
-0.124115,0.054951,-0.402831
-0.119655,0.055071,-0.400834
-0.115194,0.055155,-0.399418
-0.110734,0.055224,-0.398277
-0.106272,0.055277,-0.397390
-0.101814,0.055329,-0.396516
-0.097349,0.055354,-0.396105
-0.092882,0.055370,-0.395829
-0.088407,0.055362,-0.395972
-0.083945,0.055391,-0.395482
-0.079464,0.055370,-0.395842
-0.074950,0.055275,-0.397428
-0.070536,0.055409,-0.395193
-0.066158,0.055604,-0.391929
-0.061856,0.055928,-0.386512
-0.057549,0.056213,-0.381763
-0.053159,0.056325,-0.379885
-0.048826,0.056525,-0.376547
-0.044486,0.056699,-0.373655
-0.040187,0.056922,-0.369926
-0.035886,0.057127,-0.366504
-0.031594,0.057330,-0.363105
-0.027309,0.057529,-0.359788
-0.023032,0.057725,-0.356513
-0.018725,0.057871,-0.354086
-0.014389,0.057971,-0.352408
-0.010074,0.058092,-0.350396
-0.005771,0.058220,-0.348249
-0.001474,0.058349,-0.346105
0.002888,0.058398,-0.345282
0.007308,0.058382,-0.345549
0.011730,0.058366,-0.345814
0.016154,0.058350,-0.346080
0.020579,0.058334,-0.346347
0.025036,0.058288,-0.347116
0.029566,0.058177,-0.348977
-0.233510,0.055576,-0.469172
-0.228697,0.056085,-0.460449
-0.224002,0.056377,-0.455443
-0.219322,0.056670,-0.450420
-0.214699,0.056852,-0.447302
-0.210092,0.057015,-0.444510
-0.205493,0.057181,-0.441676
-0.200905,0.057342,-0.438914
-0.196329,0.057487,-0.436419
-0.191761,0.057633,-0.433929
-0.187190,0.057831,-0.430539
-0.182646,0.057940,-0.428669
-0.178111,0.058028,-0.427147
-0.173575,0.058162,-0.424864
-0.169046,0.058295,-0.422584
-0.164528,0.058391,-0.420937
-0.160010,0.058563,-0.417995
-0.155501,0.058726,-0.415202
-0.151001,0.058829,-0.413424
-0.146507,0.058912,-0.412004
-0.142016,0.058996,-0.410575
-0.137534,0.059136,-0.408172
-0.133061,0.059288,-0.405565
-0.128594,0.059428,-0.403162
-0.124131,0.059545,-0.401162
-0.119672,0.059655,-0.399274
-0.115214,0.059739,-0.397845
-0.110758,0.059817,-0.396500
-0.106304,0.059885,-0.395341
-0.101844,0.059923,-0.394687
-0.097379,0.059935,-0.394474
-0.092913,0.059947,-0.394273
-0.088436,0.059927,-0.394620
-0.083976,0.059955,-0.394131
-0.079525,0.060000,-0.393367
-0.075039,0.059961,-0.394029
-0.070600,0.060028,-0.392882
-0.066205,0.060177,-0.390326
-0.061907,0.060496,-0.384864
-0.057578,0.060729,-0.380876
-0.053189,0.060838,-0.379000
-0.048843,0.061010,-0.376061
-0.044521,0.061206,-0.372694
-0.040209,0.061402,-0.369341
-0.035905,0.061595,-0.366031
-0.031613,0.061792,-0.362654
-0.027332,0.061990,-0.359257
-0.023057,0.062183,-0.355952
-0.018725,0.062292,-0.354087
-0.014389,0.062390,-0.352409
-0.010068,0.062501,-0.350506
-0.005765,0.062626,-0.348359
-0.001468,0.062752,-0.346215
0.002934,0.062756,-0.346135
0.007349,0.062747,-0.346293
0.011770,0.062734,-0.346516
0.016195,0.062718,-0.346782
0.020621,0.062703,-0.347048
0.025118,0.062622,-0.348440
0.029650,0.062513,-0.350304
0.034188,0.062404,-0.352169
0.038734,0.062295,-0.354037
-0.238424,0.059537,-0.480387
-0.233416,0.060368,-0.465752
-0.228678,0.060712,-0.459709
-0.223982,0.061000,-0.454630
-0.219306,0.061279,-0.449715
-0.214689,0.061444,-0.446826
-0.210081,0.061607,-0.443943
-0.205482,0.061770,-0.441074
-0.200897,0.061919,-0.438466
-0.196322,0.062060,-0.435972
-0.191743,0.062253,-0.432578
-0.187180,0.062417,-0.429691
-0.182639,0.062515,-0.427971
-0.178098,0.062645,-0.425687
-0.173564,0.062774,-0.423406
-0.169037,0.062906,-0.421094
-0.164517,0.063040,-0.418729
-0.160005,0.063174,-0.416368
-0.155499,0.063312,-0.413947
-0.151001,0.063392,-0.412527
-0.146508,0.063482,-0.410955
-0.142022,0.063613,-0.408641
-0.137543,0.063755,-0.406143
-0.133073,0.063903,-0.403548
-0.128607,0.064019,-0.401492
-0.124146,0.064133,-0.399495
-0.119687,0.064226,-0.397861
-0.115231,0.064306,-0.396445
-0.110776,0.064377,-0.395193
-0.106324,0.064445,-0.394010
-0.101870,0.064491,-0.393200
-0.097409,0.064511,-0.392844
-0.092939,0.064505,-0.392946
-0.088465,0.064487,-0.393270
-0.084009,0.064517,-0.392737
-0.079562,0.064566,-0.391870
-0.075117,0.064613,-0.391037
-0.070663,0.064640,-0.390575
-0.066252,0.064745,-0.388725
-0.061956,0.065055,-0.383269
-0.057605,0.065240,-0.380015
-0.053219,0.065348,-0.378114
-0.048860,0.065492,-0.375575
-0.044539,0.065683,-0.372209
-0.040227,0.065873,-0.368866
-0.035924,0.066061,-0.365557
-0.031632,0.066252,-0.362203
-0.027351,0.066445,-0.358807
-0.023062,0.066614,-0.355825
-0.018724,0.066713,-0.354089
-0.014388,0.066808,-0.352411
-0.010063,0.066910,-0.350616
-0.005760,0.067032,-0.348469
-0.001422,0.067109,-0.347113
0.002980,0.067115,-0.347002
0.007397,0.067106,-0.347159
0.011816,0.067098,-0.347317
0.016236,0.067088,-0.347484
0.020672,0.067064,-0.347905
0.025200,0.066958,-0.349766
0.029733,0.066852,-0.351631
0.034274,0.066746,-0.353503
0.038822,0.066640,-0.355376
0.043401,0.066512,-0.357618
0.048047,0.066337,-0.360701
-0.238326,0.064336,-0.477039
-0.233361,0.065070,-0.463760
-0.228650,0.065353,-0.458650
-0.223951,0.065644,-0.453374
-0.219292,0.065881,-0.449100
-0.214675,0.066040,-0.446214
-0.210069,0.066199,-0.443341
-0.205472,0.066355,-0.440515
-0.200890,0.066493,-0.438018
-0.196302,0.066681,-0.434620
-0.191724,0.066870,-0.431197
-0.187169,0.067002,-0.428814
-0.182628,0.067105,-0.426945
-0.178092,0.067208,-0.425079
-0.173556,0.067364,-0.422265
-0.169030,0.067495,-0.419898
-0.164512,0.067625,-0.417534
-0.160000,0.067777,-0.414799
-0.155498,0.067873,-0.413050
-0.151002,0.067968,-0.411335
-0.146511,0.068094,-0.409058
-0.142028,0.068229,-0.406611
-0.137553,0.068367,-0.404118
-0.133084,0.068494,-0.401826
-0.128620,0.068604,-0.399825
-0.124160,0.068706,-0.397988
-0.119703,0.068791,-0.396450
-0.115247,0.068866,-0.395100
-0.110794,0.068930,-0.393937
-0.106341,0.068985,-0.392938
-0.101886,0.069026,-0.392204
-0.097434,0.069066,-0.391476
-0.092966,0.069058,-0.391621
-0.088494,0.069041,-0.391921
-0.084043,0.069079,-0.391241
-0.079599,0.069127,-0.390374
-0.075156,0.069173,-0.389543
-0.070727,0.069243,-0.388272
-0.066298,0.069306,-0.387126
-0.062005,0.069608,-0.381676
-0.057632,0.069745,-0.379189
-0.053249,0.069853,-0.377230
-0.048877,0.069972,-0.375089
-0.044557,0.070158,-0.371724
-0.040235,0.070326,-0.368679
-0.035943,0.070525,-0.365083
-0.031651,0.070709,-0.361752
-0.027371,0.070897,-0.358357
-0.023055,0.071028,-0.355992
-0.018721,0.071129,-0.354161
-0.014388,0.071225,-0.352413
-0.010057,0.071319,-0.350726
-0.005754,0.071437,-0.348578
-0.001373,0.071467,-0.348037
0.003029,0.071474,-0.347917
0.007445,0.071468,-0.348027
0.011865,0.071459,-0.348185
0.016286,0.071450,-0.348342
0.020756,0.071397,-0.349309
0.025282,0.071298,-0.351105
0.029818,0.071194,-0.352975
0.034361,0.071091,-0.354848
0.038911,0.070987,-0.356724
0.043524,0.070837,-0.359432
0.048173,0.070667,-0.362520
0.052832,0.070496,-0.365615
0.057502,0.070324,-0.368714
0.062275,0.070084,-0.373057
-0.238234,0.069114,-0.473885
-0.233331,0.069716,-0.462681
-0.228619,0.069997,-0.457459
-0.223906,0.070314,-0.451562
-0.219277,0.070479,-0.448488
-0.214662,0.070633,-0.445612
-0.210057,0.070787,-0.442746
-0.205464,0.070931,-0.440066
-0.200867,0.071114,-0.436666
-0.196281,0.071297,-0.433271
-0.191716,0.071440,-0.430606
-0.187168,0.071540,-0.428736
-0.182627,0.071641,-0.426868
-0.178081,0.071802,-0.423859
-0.173546,0.071952,-0.421068
-0.169023,0.072081,-0.418678
-0.164504,0.072229,-0.415927
-0.159996,0.072355,-0.413572
-0.155496,0.072455,-0.411716
-0.151001,0.072577,-0.409439
-0.146514,0.072704,-0.407084
-0.142034,0.072837,-0.404607
-0.137562,0.072969,-0.402150
-0.133094,0.073077,-0.400150
-0.128632,0.073184,-0.398153
-0.124173,0.073269,-0.396577
-0.119718,0.073351,-0.395041
-0.115263,0.073414,-0.393864
-0.110810,0.073473,-0.392776
-0.106356,0.073518,-0.391942
-0.101903,0.073556,-0.391223
-0.097449,0.073586,-0.390662
-0.092990,0.073600,-0.390401
-0.088523,0.073591,-0.390574
-0.084077,0.073636,-0.389747
-0.079635,0.073682,-0.388881
-0.075195,0.073727,-0.388050
-0.070770,0.073798,-0.386720
-0.066357,0.073886,-0.385094
-0.062044,0.074137,-0.380412
-0.057659,0.074247,-0.378364
-0.053277,0.074353,-0.376393
-0.048899,0.074456,-0.374475
-0.044575,0.074630,-0.371240
-0.040238,0.074773,-0.368591
-0.035961,0.074985,-0.364638
-0.031669,0.075164,-0.361301
-0.027390,0.075347,-0.357907
-0.023048,0.075441,-0.356147
-0.018711,0.075536,-0.354382
-0.014384,0.075637,-0.352498
-0.010057,0.075732,-0.350739
-0.005729,0.075821,-0.349082
-0.001325,0.075827,-0.348962
0.003079,0.075834,-0.348841
0.007493,0.075831,-0.348894
0.011914,0.075823,-0.349053
0.016336,0.075814,-0.349210
0.020850,0.075725,-0.350875
0.025375,0.075631,-0.352619
0.029906,0.075537,-0.354366
0.034448,0.075439,-0.356194
0.039006,0.075333,-0.358163
0.043647,0.075167,-0.361248
0.048297,0.075002,-0.364324
0.052958,0.074837,-0.367396
0.057629,0.074671,-0.370477
0.062479,0.074383,-0.375831
0.067383,0.074070,-0.381666
0.072288,0.073768,-0.387278
-0.243178,0.073120,-0.485308
-0.238050,0.074046,-0.467582
-0.233300,0.074360,-0.461556
-0.228572,0.074669,-0.455643
-0.223887,0.074924,-0.450766
-0.219264,0.075074,-0.447886
-0.214650,0.075224,-0.445017
-0.210044,0.075375,-0.442121
-0.205440,0.075550,-0.438769
-0.200845,0.075726,-0.435386
-0.196271,0.075870,-0.432628
-0.191714,0.075980,-0.430528
-0.187167,0.076078,-0.428658
-0.182613,0.076240,-0.425556
-0.178066,0.076413,-0.422239
-0.173537,0.076540,-0.419810
-0.169013,0.076683,-0.417057
-0.164497,0.076827,-0.414309
-0.159992,0.076942,-0.412104
-0.155493,0.077059,-0.409855
-0.151002,0.077177,-0.407608
-0.146517,0.077305,-0.405151
-0.142040,0.077434,-0.402678
-0.137570,0.077550,-0.400459
-0.133105,0.077654,-0.398461
-0.128644,0.077748,-0.396666
-0.124186,0.077827,-0.395141
-0.119731,0.077899,-0.393768
-0.115277,0.077955,-0.392698
-0.110825,0.078008,-0.391680
-0.106371,0.078045,-0.390970
-0.101919,0.078082,-0.390261
-0.097464,0.078103,-0.389856
-0.093006,0.078117,-0.389597
-0.088553,0.078141,-0.389139
-0.084112,0.078187,-0.388254
-0.079672,0.078232,-0.387389
-0.075227,0.078262,-0.386808
-0.070801,0.078325,-0.385600
-0.066425,0.078472,-0.382800
-0.062069,0.078639,-0.379597
-0.057685,0.078746,-0.377549
-0.053305,0.078849,-0.375570
-0.048930,0.078952,-0.373601
-0.044587,0.079091,-0.370925
-0.040249,0.079228,-0.368316
-0.035964,0.079424,-0.364551
-0.031688,0.079618,-0.360839
-0.027392,0.079773,-0.357862
-0.023041,0.079855,-0.356302
-0.018701,0.079944,-0.354603
-0.014374,0.080042,-0.352720
-0.010052,0.080140,-0.350838
-0.005682,0.080183,-0.350007
-0.001277,0.080190,-0.349886
0.003129,0.080196,-0.349766
0.007541,0.080196,-0.349763
0.011963,0.080188,-0.349921
0.016424,0.080147,-0.350705
0.020944,0.080056,-0.352442
0.025471,0.079965,-0.354188
0.030004,0.079874,-0.355936
0.034544,0.079783,-0.357687
0.039129,0.079660,-0.360027
0.043766,0.079505,-0.363011
0.048419,0.079344,-0.366080
0.053082,0.079184,-0.369157
0.057796,0.078994,-0.372787
0.062684,0.078690,-0.378609
0.067593,0.078385,-0.384455
0.072571,0.078046,-0.390962
0.078039,0.077395,-0.403433
-0.243081,0.077901,-0.482138
-0.237994,0.078736,-0.465644
-0.233250,0.079036,-0.459735
-0.228525,0.079334,-0.453850
-0.223868,0.079529,-0.450004
-0.219243,0.079681,-0.446996
-0.214628,0.079833,-0.444000
-0.210020,0.079990,-0.440892
-0.205417,0.080162,-0.437504
-0.200835,0.080301,-0.434758
-0.196266,0.080424,-0.432324
-0.191713,0.080519,-0.430451
-0.187150,0.080681,-0.427255
-0.182594,0.080857,-0.423789
-0.178054,0.081001,-0.420943
-0.173524,0.081141,-0.418185
-0.169002,0.081283,-0.415378
-0.164490,0.081420,-0.412679
-0.159986,0.081541,-0.410289
-0.155490,0.081655,-0.408043
-0.151002,0.081773,-0.405715
-0.146520,0.081899,-0.403225
-0.142046,0.082023,-0.400769
-0.137577,0.082124,-0.398770
-0.133115,0.082226,-0.396774
-0.128655,0.082304,-0.395232
-0.124199,0.082381,-0.393709
-0.119744,0.082439,-0.392568
-0.115292,0.082493,-0.391495
-0.110839,0.082534,-0.390691
-0.106386,0.082568,-0.390008
-0.101933,0.082599,-0.389406
-0.097478,0.082617,-0.389051
-0.093022,0.082630,-0.388793
-0.088575,0.082664,-0.388119
-0.084146,0.082733,-0.386764
-0.079708,0.082777,-0.385899
-0.075259,0.082793,-0.385567
-0.070832,0.082848,-0.384482
-0.066467,0.083008,-0.381327
-0.062094,0.083137,-0.378782
-0.057711,0.083241,-0.376735
-0.053333,0.083342,-0.374748
-0.048959,0.083441,-0.372780
-0.044597,0.083549,-0.370646
-0.040259,0.083681,-0.368038
-0.035968,0.083863,-0.364463
-0.031702,0.084062,-0.360522
-0.027385,0.084189,-0.358018
-0.023034,0.084268,-0.356458
-0.018690,0.084351,-0.354825
-0.014363,0.084446,-0.352940
-0.010041,0.084542,-0.351059
-0.005634,0.084547,-0.350951
-0.001228,0.084554,-0.350812
0.003179,0.084560,-0.350691
0.007589,0.084563,-0.350631
0.012013,0.084555,-0.350789
0.016515,0.084480,-0.352272
0.021038,0.084392,-0.354011
0.025567,0.084304,-0.355758
0.030103,0.084215,-0.357508
0.034646,0.084126,-0.359261
0.039282,0.083970,-0.362346
0.043912,0.083826,-0.365175
0.048552,0.083683,-0.368012
0.053207,0.083536,-0.370918
0.057996,0.083300,-0.375559
0.062889,0.083005,-0.381391
0.067803,0.082708,-0.387250
0.072977,0.082253,-0.396240
0.078471,0.081609,-0.408947
-0.242882,0.082834,-0.475645
-0.237948,0.083402,-0.464075
-0.233209,0.083688,-0.458262
-0.228474,0.084001,-0.451887
-0.223841,0.084149,-0.448876
-0.219217,0.084296,-0.445881
-0.214605,0.084441,-0.442926
-0.209995,0.084603,-0.439625
-0.205405,0.084737,-0.436892
-0.200830,0.084857,-0.434449
-0.196265,0.084966,-0.432246
-0.191693,0.085127,-0.428957
-0.187128,0.085298,-0.425489
-0.182576,0.085465,-0.422090
-0.178038,0.085606,-0.419211
-0.173511,0.085744,-0.416402
-0.168991,0.085882,-0.413599
-0.164482,0.086007,-0.411050
-0.159981,0.086129,-0.408571
-0.155488,0.086244,-0.406232
-0.151002,0.086364,-0.403790
-0.146523,0.086486,-0.401302
-0.142051,0.086595,-0.399080
-0.137585,0.086693,-0.397084
-0.133124,0.086780,-0.395318
-0.128666,0.086854,-0.393799
-0.124211,0.086921,-0.392438
-0.119757,0.086974,-0.391363
-0.115306,0.087024,-0.390351
-0.110852,0.087057,-0.389681
-0.106401,0.087090,-0.389011
-0.101947,0.087110,-0.388601
-0.097493,0.087127,-0.388248
-0.093039,0.087141,-0.387961
-0.088596,0.087181,-0.387157
-0.084176,0.087264,-0.385459
-0.079744,0.087313,-0.384465
-0.075292,0.087320,-0.384328
-0.070863,0.087367,-0.383364
-0.066500,0.087522,-0.380211
-0.062119,0.087632,-0.377967
-0.057737,0.087733,-0.375922
-0.053360,0.087831,-0.373925
-0.048988,0.087927,-0.371960
-0.044606,0.088004,-0.370396
-0.040270,0.088134,-0.367760
-0.035971,0.088300,-0.364376
-0.031705,0.088493,-0.360435
-0.027378,0.088603,-0.358197
-0.023027,0.088681,-0.356613
-0.018680,0.088758,-0.355046
-0.014353,0.088851,-0.353162
-0.009998,0.088911,-0.351935
-0.005586,0.088912,-0.351910
-0.001179,0.088920,-0.351761
0.003228,0.088927,-0.351617
0.007637,0.088932,-0.351500
0.012087,0.088903,-0.352103
0.016607,0.088817,-0.353841
0.021132,0.088732,-0.355582
0.025664,0.088646,-0.357329
0.030203,0.088560,-0.359082
0.034787,0.088444,-0.361449
0.039436,0.088286,-0.364667
0.044070,0.088146,-0.367502
0.048713,0.088007,-0.370342
0.053371,0.087864,-0.373243
0.058247,0.087580,-0.379025
0.063124,0.087308,-0.384573
0.068021,0.087034,-0.390143
0.073419,0.086452,-0.401987
0.080083,0.085100,-0.429518
-0.242684,0.087745,-0.469179
-0.237907,0.088054,-0.462687
-0.233137,0.088388,-0.455655
-0.228444,0.088621,-0.450758
-0.223813,0.088764,-0.447766
-0.219193,0.088905,-0.444807
-0.214579,0.089050,-0.441751
-0.209983,0.089179,-0.439028
-0.205400,0.089296,-0.436582
-0.200823,0.089417,-0.434044
-0.196243,0.089572,-0.430775
-0.191671,0.089733,-0.427387
-0.187110,0.089894,-0.424007
-0.182559,0.090059,-0.420544
-0.178022,0.090207,-0.417428
-0.173497,0.090341,-0.414623
-0.168981,0.090470,-0.411903
-0.164474,0.090588,-0.409422
-0.159976,0.090706,-0.406946
-0.155485,0.090831,-0.404323
-0.151001,0.090951,-0.401814
-0.146526,0.091068,-0.399347
-0.142056,0.091162,-0.397379
-0.137593,0.091256,-0.395398
-0.133133,0.091328,-0.393879
-0.128677,0.091400,-0.392367
-0.124222,0.091454,-0.391231
-0.119770,0.091506,-0.390149
-0.115318,0.091544,-0.389342
-0.110866,0.091576,-0.388669
-0.106415,0.091603,-0.388101
-0.101961,0.091618,-0.387783
-0.097508,0.091634,-0.387444
-0.093058,0.091655,-0.387011
-0.088617,0.091694,-0.386196
-0.084198,0.091775,-0.384499
-0.079774,0.091835,-0.383228
-0.075324,0.091842,-0.383090
-0.070893,0.091882,-0.382247
-0.066526,0.092022,-0.379301
-0.062137,0.092114,-0.377368
-0.057763,0.092221,-0.375110
-0.053388,0.092317,-0.373105
-0.049005,0.092395,-0.371461
-0.044613,0.092454,-0.370219
-0.040281,0.092584,-0.367483
-0.035975,0.092736,-0.364289
-0.031695,0.092908,-0.360680
-0.027353,0.092999,-0.358765
-0.023020,0.093094,-0.356768
-0.018673,0.093168,-0.355209
-0.014342,0.093255,-0.353383
-0.009952,0.093280,-0.352865
-0.005537,0.093280,-0.352865
-0.001129,0.093287,-0.352721
0.003280,0.093294,-0.352573
0.007688,0.093301,-0.352424
0.012177,0.093242,-0.353671
0.016698,0.093159,-0.355411
0.021226,0.093076,-0.357154
0.025761,0.092993,-0.358903
0.030302,0.092909,-0.360657
0.034934,0.092763,-0.363733
0.039589,0.092608,-0.366993
0.044227,0.092473,-0.369832
0.048875,0.092337,-0.372676
0.053654,0.092119,-0.377252
0.058534,0.091846,-0.382998
0.063418,0.091581,-0.388562
0.068524,0.091188,-0.396817
0.074016,0.090572,-0.409764
-0.247849,0.091510,-0.487134
-0.242621,0.092432,-0.467127
-0.237838,0.092747,-0.460287
-0.233054,0.093099,-0.452642
-0.228415,0.093237,-0.449653
-0.223787,0.093373,-0.446690
-0.219168,0.093509,-0.443726
-0.214562,0.093639,-0.440916
-0.209966,0.093764,-0.438208
-0.205380,0.093888,-0.435506
-0.200799,0.094021,-0.432616
-0.196220,0.094174,-0.429288
-0.191651,0.094330,-0.425904
-0.187092,0.094487,-0.422511
-0.182543,0.094648,-0.418999
-0.178006,0.094803,-0.415647
-0.173483,0.094932,-0.412845
-0.168971,0.095050,-0.410276
-0.164467,0.095164,-0.407790
-0.159970,0.095298,-0.404898
-0.155481,0.095418,-0.402292
-0.151001,0.095532,-0.399813
-0.146528,0.095631,-0.397651
-0.142062,0.095722,-0.395678
-0.137600,0.095803,-0.393916
-0.133142,0.095873,-0.392405
-0.128687,0.095934,-0.391075
-0.124234,0.095983,-0.390006
-0.119783,0.096030,-0.389002
-0.115331,0.096061,-0.388327
-0.110881,0.096092,-0.387651
-0.106428,0.096109,-0.387272
-0.101975,0.096124,-0.386955
-0.097523,0.096139,-0.386636
-0.093077,0.096165,-0.386062
-0.088637,0.096203,-0.385236
-0.084220,0.096281,-0.383540
-0.079790,0.096326,-0.382564
-0.075356,0.096359,-0.381853
-0.070924,0.096392,-0.381132
-0.066545,0.096506,-0.378667
-0.062154,0.096591,-0.376820
-0.057790,0.096707,-0.374298
-0.053416,0.096800,-0.372284
-0.049017,0.096853,-0.371131
-0.044619,0.096903,-0.370042
-0.040290,0.097033,-0.367221
-0.035978,0.097172,-0.364202
-0.031673,0.097309,-0.361217
-0.027329,0.097396,-0.359333
-0.022997,0.097490,-0.357296
-0.018666,0.097579,-0.355365
-0.014323,0.097651,-0.353796
-0.009907,0.097651,-0.353796
-0.005490,0.097651,-0.353795
-0.001079,0.097656,-0.353680
0.003331,0.097663,-0.353533
0.007757,0.097657,-0.353672
0.012270,0.097581,-0.355308
0.016790,0.097504,-0.356983
0.021320,0.097424,-0.358728
0.025857,0.097343,-0.360477
0.030432,0.097240,-0.362715
0.035082,0.097088,-0.366020
0.039743,0.096936,-0.369321
0.044385,0.096805,-0.372165
0.049036,0.096674,-0.375015
0.053938,0.096386,-0.381272
0.058821,0.096123,-0.386983
0.063713,0.095866,-0.392561
0.069107,0.095313,-0.404567
0.075488,0.094192,-0.428907
-0.247673,0.096373,-0.481677
-0.242554,0.097118,-0.464937
-0.237746,0.097464,-0.457164
-0.233019,0.097721,-0.451389
-0.228381,0.097857,-0.448340
-0.223753,0.097993,-0.445296
-0.219135,0.098125,-0.442316
-0.214535,0.098243,-0.439676
-0.209942,0.098363,-0.436971
-0.205357,0.098483,-0.434270
-0.200773,0.098625,-0.431092
-0.196197,0.098772,-0.427793
-0.191630,0.098922,-0.424421
-0.187073,0.099076,-0.420964
-0.182526,0.099232,-0.417456
-0.177990,0.099388,-0.413957
-0.173470,0.099514,-0.411129
-0.168960,0.099631,-0.408480
-0.164457,0.099760,-0.405586
-0.159963,0.099889,-0.402698
-0.155479,0.099997,-0.400259
-0.151001,0.100103,-0.397882
-0.146531,0.100189,-0.395957
-0.142067,0.100275,-0.394027
-0.137607,0.100346,-0.392435
-0.133151,0.100412,-0.390934
-0.128696,0.100462,-0.389824
-0.124245,0.100509,-0.388771
-0.119794,0.100544,-0.387975
-0.115343,0.100574,-0.387305
-0.110893,0.100598,-0.386760
-0.106441,0.100613,-0.386436
-0.101989,0.100627,-0.386111
-0.097540,0.100647,-0.385676
-0.093096,0.100672,-0.385114
-0.088658,0.100709,-0.384277
-0.084236,0.100771,-0.382870
-0.079802,0.100807,-0.382075
-0.075386,0.100868,-0.380696
-0.070955,0.100899,-0.380017
-0.066563,0.100987,-0.378033
-0.062171,0.101065,-0.376270
-0.057807,0.101178,-0.373743
-0.053443,0.101279,-0.371464
-0.049029,0.101309,-0.370799
-0.044626,0.101350,-0.369866
-0.040297,0.101476,-0.367044
-0.035982,0.101606,-0.364114
-0.031650,0.101711,-0.361757
-0.027304,0.101794,-0.359901
-0.022972,0.101885,-0.357865
-0.018644,0.101975,-0.355831
-0.014278,0.102024,-0.354727
-0.009861,0.102024,-0.354727
-0.005443,0.102024,-0.354727
-0.001028,0.102028,-0.354641
0.003383,0.102035,-0.354493
0.007855,0.101992,-0.355444
0.012372,0.101918,-0.357115
0.016889,0.101848,-0.358683
0.021415,0.101776,-0.360303
0.025954,0.101698,-0.362053
0.030575,0.101567,-0.365000
0.035230,0.101420,-0.368311
0.039896,0.101272,-0.371629
0.044543,0.101144,-0.374502
0.049303,0.100949,-0.378875
0.054223,0.100663,-0.385301
0.059110,0.100411,-0.390977
0.064208,0.100041,-0.399270
0.069694,0.099459,-0.412356
-0.247338,0.101432,-0.471250
-0.242477,0.101810,-0.462447
-0.237679,0.102136,-0.454861
-0.232988,0.102334,-0.450253
-0.228343,0.102480,-0.446868
-0.223717,0.102610,-0.443827
-0.219106,0.102730,-0.441035
-0.214508,0.102844,-0.438398
-0.209917,0.102958,-0.435733
-0.205331,0.103081,-0.432871
-0.200747,0.103223,-0.429569
-0.196174,0.103365,-0.426274
-0.191610,0.103508,-0.422932
-0.187054,0.103659,-0.419419
-0.182509,0.103810,-0.415916
-0.177975,0.103964,-0.412338
-0.173455,0.104102,-0.409130
-0.168946,0.104227,-0.406218
-0.164447,0.104352,-0.403312
-0.159956,0.104469,-0.400585
-0.155475,0.104570,-0.398239
-0.151001,0.104658,-0.396188
-0.146534,0.104740,-0.394265
-0.142071,0.104814,-0.392546
-0.137613,0.104883,-0.390956
-0.133159,0.104939,-0.389642
-0.128706,0.104984,-0.388597
-0.124255,0.105026,-0.387615
-0.119805,0.105055,-0.386946
-0.115356,0.105085,-0.386258
-0.110905,0.105100,-0.385907
-0.106454,0.105113,-0.385588
-0.102004,0.105128,-0.385247
-0.097558,0.105151,-0.384704
-0.093114,0.105175,-0.384163
-0.088679,0.105211,-0.383318
-0.084247,0.105252,-0.382357
-0.079814,0.105285,-0.381585
-0.075399,0.105345,-0.380208
-0.070986,0.105401,-0.378904
-0.066582,0.105465,-0.377400
-0.062188,0.105537,-0.375722
-0.057825,0.105646,-0.373195
-0.053455,0.105735,-0.371118
-0.049041,0.105763,-0.370468
-0.044632,0.105797,-0.369688
-0.040304,0.105918,-0.366868
-0.035980,0.106035,-0.364146
-0.031628,0.106114,-0.362295
-0.027281,0.106194,-0.360441
-0.022946,0.106281,-0.358432
-0.018618,0.106368,-0.356397
-0.014228,0.106394,-0.355789
-0.009815,0.106400,-0.355658
-0.005396,0.106400,-0.355658
-0.000978,0.106402,-0.355602
0.003435,0.106409,-0.355453
0.007953,0.106333,-0.357218
0.012475,0.106259,-0.358923
0.016995,0.106192,-0.360494
0.021520,0.106124,-0.362066
0.026074,0.106041,-0.364011
0.030719,0.105900,-0.367289
0.035378,0.105757,-0.370604
0.040048,0.105615,-0.373928
0.044701,0.105489,-0.376842
0.049581,0.105229,-0.382898
0.054509,0.104952,-0.389342
0.059399,0.104710,-0.394982
0.064785,0.104190,-0.407085
0.071081,0.103171,-0.430772
-0.247227,0.106168,-0.467824
-0.242406,0.106486,-0.460138
-0.237624,0.106783,-0.452975
-0.232959,0.106939,-0.449218
-0.228306,0.107094,-0.445471
-0.223681,0.107222,-0.442395
-0.219077,0.107331,-0.439755
-0.214480,0.107440,-0.437121
-0.209892,0.107549,-0.434491
-0.205303,0.107680,-0.431346
-0.200721,0.107818,-0.428001
-0.196149,0.107957,-0.424660
-0.191580,0.108116,-0.420807
-0.187026,0.108269,-0.417118
-0.182483,0.108422,-0.413438
-0.177953,0.108567,-0.409938
-0.173436,0.108700,-0.406725
-0.168931,0.108820,-0.403818
-0.164436,0.108936,-0.401032
-0.159950,0.109037,-0.398581
-0.155472,0.109130,-0.396356
-0.151002,0.109209,-0.394438
-0.146536,0.109283,-0.392643
-0.142076,0.109349,-0.391066
-0.137620,0.109414,-0.389486
-0.133166,0.109458,-0.388423
-0.128715,0.109501,-0.387399
-0.124265,0.109534,-0.386588
-0.119816,0.109563,-0.385892
-0.115367,0.109586,-0.385343
-0.110916,0.109598,-0.385044
-0.106467,0.109611,-0.384741
-0.102020,0.109630,-0.384275
-0.097576,0.109653,-0.383733
-0.093134,0.109675,-0.383192
-0.088697,0.109706,-0.382440
-0.084259,0.109731,-0.381844
-0.079826,0.109762,-0.381096
-0.075412,0.109819,-0.379719
-0.070997,0.109870,-0.378493
-0.066600,0.109941,-0.376767
-0.062204,0.110007,-0.375173
-0.057843,0.110112,-0.372648
-0.053452,0.110171,-0.371223
-0.049052,0.110216,-0.370137
-0.044639,0.110242,-0.369511
-0.040311,0.110359,-0.366691
-0.035965,0.110448,-0.364534
-0.031606,0.110519,-0.362834
-0.027258,0.110596,-0.360979
-0.022921,0.110678,-0.359000
-0.018578,0.110749,-0.357268
-0.014174,0.110764,-0.356909
-0.009762,0.110772,-0.356731
-0.005349,0.110777,-0.356590
-0.000928,0.110779,-0.356564
0.003530,0.110751,-0.357224
0.008051,0.110678,-0.358995
0.012578,0.110606,-0.360734
0.017101,0.110541,-0.362307
0.021629,0.110475,-0.363881
0.026241,0.110358,-0.366719
0.030877,0.110230,-0.369793
0.035526,0.110102,-0.372901
0.040200,0.109964,-0.376230
0.044948,0.109787,-0.380499
0.049860,0.109520,-0.386932
0.054795,0.109252,-0.393394
0.059885,0.108908,-0.401710
0.065364,0.108359,-0.414939
-0.252459,0.109993,-0.486956
-0.247153,0.110847,-0.465539
-0.242336,0.111154,-0.457852
-0.237594,0.111390,-0.451938
-0.232931,0.111540,-0.448183
-0.228278,0.111691,-0.444383
-0.223652,0.111819,-0.441191
-0.219050,0.111923,-0.438593
-0.214456,0.112026,-0.435998
-0.209865,0.112140,-0.433139
-0.205271,0.112283,-0.429566
-0.200691,0.112416,-0.426223
-0.196118,0.112558,-0.422676
-0.191545,0.112735,-0.418222
-0.186994,0.112882,-0.414540
-0.182456,0.113027,-0.410914
-0.177932,0.113156,-0.407676
-0.173419,0.113285,-0.404444
-0.168917,0.113403,-0.401496
-0.164426,0.113503,-0.398987
-0.159944,0.113599,-0.396580
-0.155470,0.113678,-0.394594
-0.151001,0.113754,-0.392690
-0.146538,0.113817,-0.391129
-0.142080,0.113879,-0.389555
-0.137626,0.113932,-0.388236
-0.133173,0.113972,-0.387222
-0.128724,0.114012,-0.386229
-0.124275,0.114040,-0.385528
-0.119827,0.114068,-0.384823
-0.115378,0.114082,-0.384481
-0.110929,0.114094,-0.384168
-0.106479,0.114104,-0.383922
-0.102034,0.114122,-0.383468
-0.097591,0.114144,-0.382926
-0.093150,0.114165,-0.382385
-0.088709,0.114184,-0.381916
-0.084271,0.114208,-0.381330
-0.079838,0.114236,-0.380607
-0.075425,0.114291,-0.379231
-0.070999,0.114324,-0.378413
-0.066619,0.114415,-0.376134
-0.062221,0.114475,-0.374625
-0.057860,0.114576,-0.372100
-0.053449,0.114608,-0.371300
-0.049064,0.114667,-0.369814
-0.044650,0.114692,-0.369199
-0.040318,0.114799,-0.366514
-0.035949,0.114863,-0.364915
-0.031586,0.114927,-0.363300
-0.027235,0.114998,-0.361517
-0.022896,0.115076,-0.359568
-0.018525,0.115122,-0.358424
-0.014120,0.115136,-0.358055
-0.009707,0.115144,-0.357852
-0.005294,0.115152,-0.357672
-0.000878,0.115158,-0.357522
0.003625,0.115099,-0.359000
0.008150,0.115028,-0.360774
0.012681,0.114957,-0.362547
0.017207,0.114894,-0.364122
0.021755,0.114820,-0.365975
0.026407,0.114683,-0.369415
0.031048,0.114559,-0.372511
0.035700,0.114436,-0.375599
0.040362,0.114313,-0.378693
0.045222,0.114079,-0.384550
0.050140,0.113823,-0.390976
0.055079,0.113566,-0.397406
0.060450,0.113082,-0.409535
0.067166,0.111892,-0.439363
-0.251993,0.115138,-0.473174
-0.247079,0.115519,-0.463242
-0.242265,0.115815,-0.455549
-0.237555,0.116004,-0.450609
-0.232891,0.116152,-0.446763
-0.228240,0.116299,-0.442928
-0.223627,0.116404,-0.440175
-0.219026,0.116505,-0.437554
-0.214434,0.116604,-0.434961
-0.209833,0.116737,-0.431504
-0.205238,0.116880,-0.427787
-0.200661,0.117008,-0.424447
-0.196079,0.117175,-0.420103
-0.191509,0.117346,-0.415643
-0.186963,0.117487,-0.411967
-0.182431,0.117614,-0.408650
-0.177911,0.117738,-0.405416
-0.173401,0.117866,-0.402074
-0.168905,0.117966,-0.399471
-0.164417,0.118063,-0.396946
-0.159939,0.118145,-0.394807
-0.155467,0.118221,-0.392834
-0.151002,0.118288,-0.391089
-0.146541,0.118344,-0.389617
-0.142085,0.118405,-0.388044
-0.137631,0.118444,-0.387017
-0.133181,0.118484,-0.385989
-0.128732,0.118517,-0.385125
-0.124285,0.118543,-0.384438
-0.119838,0.118564,-0.383884
-0.115389,0.118578,-0.383539
-0.110941,0.118588,-0.383253
-0.106491,0.118592,-0.383173
-0.102045,0.118607,-0.382783
-0.097604,0.118627,-0.382241
-0.093163,0.118648,-0.381709
-0.088722,0.118663,-0.381301
-0.084283,0.118682,-0.380817
-0.079850,0.118709,-0.380118
-0.075435,0.118759,-0.378816
-0.071005,0.118781,-0.378222
-0.066627,0.118873,-0.375850
-0.062239,0.118943,-0.374026
-0.057860,0.119016,-0.372106
-0.053447,0.119045,-0.371343
-0.049060,0.119100,-0.369918
-0.044662,0.119140,-0.368869
-0.040314,0.119227,-0.366610
-0.035934,0.119277,-0.365295
-0.031569,0.119338,-0.363725
-0.027213,0.119403,-0.362029
-0.022870,0.119475,-0.360136
-0.018472,0.119497,-0.359581
-0.014065,0.119511,-0.359212
-0.009652,0.119520,-0.358973
-0.005237,0.119527,-0.358794
-0.000794,0.119514,-0.359143
0.003721,0.119451,-0.360783
0.008248,0.119383,-0.362553
0.012782,0.119314,-0.364332
0.017313,0.119253,-0.365939
0.021915,0.119149,-0.368652
0.026572,0.119016,-0.372099
0.031220,0.118896,-0.375234
0.035876,0.118777,-0.378327
0.040637,0.118604,-0.382844
0.045539,0.118358,-0.389249
0.050456,0.118117,-0.395554
0.055596,0.117765,-0.404727
0.061078,0.117247,-0.418227
-0.251859,0.119880,-0.469193
-0.247004,0.120186,-0.460891
-0.242210,0.120449,-0.453744
-0.237517,0.120614,-0.449279
-0.232851,0.120760,-0.445306
-0.228213,0.120885,-0.441922
-0.223603,0.120985,-0.439197
-0.219002,0.121084,-0.436515
-0.214408,0.121185,-0.433769
-0.209800,0.121329,-0.429871
-0.205205,0.121471,-0.426011
-0.200624,0.121608,-0.422281
-0.196039,0.121783,-0.417535
-0.191473,0.121947,-0.413069
-0.186934,0.122074,-0.409626
-0.182406,0.122196,-0.406310
-0.177888,0.122322,-0.402910
-0.173385,0.122426,-0.400078
-0.168893,0.122521,-0.397506
-0.164409,0.122610,-0.395070
-0.159933,0.122685,-0.393047
-0.155464,0.122757,-0.391086
-0.151002,0.122812,-0.389583
-0.146543,0.122867,-0.388108
-0.142089,0.122915,-0.386813
-0.137637,0.122953,-0.385763
-0.133189,0.122993,-0.384692
-0.128741,0.123018,-0.384005
-0.124295,0.123042,-0.383344
-0.119848,0.123058,-0.382924
-0.115401,0.123071,-0.382576
-0.110951,0.123073,-0.382504
-0.106502,0.123076,-0.382424
-0.102057,0.123088,-0.382098
-0.097616,0.123108,-0.381557
-0.093176,0.123125,-0.381094
-0.088735,0.123140,-0.380687
-0.084295,0.123155,-0.380279
-0.079862,0.123179,-0.379630
-0.075440,0.123216,-0.378627
-0.071010,0.123238,-0.378033
-0.066629,0.123320,-0.375794
-0.062259,0.123409,-0.373395
-0.057859,0.123455,-0.372148
-0.053446,0.123483,-0.371386
-0.049056,0.123533,-0.370023
-0.044675,0.123588,-0.368539
-0.040299,0.123645,-0.366991
-0.035919,0.123693,-0.365675
-0.031551,0.123749,-0.364150
-0.027195,0.123812,-0.362454
-0.022827,0.123861,-0.361108
-0.018418,0.123875,-0.360739
-0.014010,0.123889,-0.360369
-0.009597,0.123899,-0.360095
-0.005180,0.123905,-0.359916
-0.000691,0.123861,-0.361101
0.003828,0.123800,-0.362778
0.008349,0.123741,-0.364379
0.012884,0.123677,-0.366116
0.017426,0.123612,-0.367889
0.022076,0.123485,-0.371334
0.026737,0.123357,-0.374787
0.031391,0.123240,-0.377962
0.036052,0.123126,-0.381061
0.040950,0.122886,-0.387589
0.045858,0.122651,-0.393964
0.050784,0.122418,-0.400289
0.056221,0.121929,-0.413569
-0.251798,0.124533,-0.467381
-0.246928,0.124845,-0.458543
-0.242175,0.125055,-0.452596
-0.237483,0.125212,-0.448134
-0.232811,0.125363,-0.443851
-0.228188,0.125466,-0.440943
-0.223579,0.125562,-0.438219
-0.218978,0.125658,-0.435501
-0.214373,0.125777,-0.432133
-0.209768,0.125914,-0.428239
-0.205174,0.126052,-0.424341
-0.200581,0.126216,-0.419702
-0.196000,0.126383,-0.414968
-0.191439,0.126539,-0.410559
-0.186903,0.126659,-0.407150
-0.182379,0.126779,-0.403748
-0.177868,0.126887,-0.400685
-0.173370,0.126978,-0.398111
-0.168881,0.127069,-0.395539
-0.164401,0.127143,-0.393432
-0.159928,0.127215,-0.391400
-0.155462,0.127278,-0.389609
-0.151001,0.127332,-0.388079
-0.146545,0.127384,-0.386609
-0.142093,0.127422,-0.385537
-0.137643,0.127460,-0.384444
-0.133196,0.127491,-0.383573
-0.128749,0.127514,-0.382916
-0.124304,0.127535,-0.382320
-0.119858,0.127548,-0.381968
-0.115411,0.127556,-0.381739
-0.110962,0.127555,-0.381749
-0.106514,0.127558,-0.381676
-0.102068,0.127567,-0.381414
-0.097629,0.127586,-0.380888
-0.093188,0.127600,-0.380480
-0.088748,0.127614,-0.380073
-0.084309,0.127629,-0.379666
-0.079874,0.127647,-0.379141
-0.075445,0.127672,-0.378437
-0.071015,0.127693,-0.377844
-0.066630,0.127767,-0.375739
-0.062265,0.127857,-0.373211
-0.057857,0.127893,-0.372192
-0.053444,0.127920,-0.371429
-0.049052,0.127966,-0.370127
-0.044672,0.128019,-0.368615
-0.040285,0.128063,-0.367373
-0.035904,0.128109,-0.366057
-0.031533,0.128162,-0.364575
-0.027176,0.128221,-0.362879
-0.022778,0.128245,-0.362216
-0.018365,0.128256,-0.361897
-0.013955,0.128269,-0.361527
-0.009542,0.128280,-0.361218
-0.005113,0.128279,-0.361240
-0.000589,0.128215,-0.363062
0.003936,0.128155,-0.364776
0.008460,0.128098,-0.366379
0.012990,0.128041,-0.367985
0.017583,0.127950,-0.370570
0.022236,0.127828,-0.374020
0.026902,0.127706,-0.377480
0.031564,0.127593,-0.380695
0.036328,0.127429,-0.385327
0.041264,0.127181,-0.392349
0.046178,0.126957,-0.398693
0.051371,0.126601,-0.408789
0.056850,0.126118,-0.422463
-0.257119,0.128414,-0.488227
-0.251737,0.129179,-0.465571
-0.246858,0.129491,-0.456354
-0.242143,0.129653,-0.451542
-0.237455,0.129800,-0.447174
-0.232784,0.129945,-0.442883
-0.228162,0.130045,-0.439935
-0.223554,0.130137,-0.437210
-0.218954,0.130231,-0.434415
-0.214333,0.130371,-0.430262
-0.209730,0.130504,-0.426341
-0.205128,0.130656,-0.421839
-0.200535,0.130820,-0.416986
-0.195959,0.130979,-0.412261
-0.191409,0.131110,-0.408382
-0.186873,0.131235,-0.404670
-0.182352,0.131349,-0.401293
-0.177850,0.131436,-0.398716
-0.173355,0.131523,-0.396143
-0.168870,0.131601,-0.393830
-0.164394,0.131670,-0.391810
-0.159923,0.131736,-0.389832
-0.155460,0.131789,-0.388283
-0.151002,0.131840,-0.386747
-0.146547,0.131886,-0.385405
-0.142097,0.131925,-0.384236
-0.137649,0.131962,-0.383140
-0.133202,0.131984,-0.382488
-0.128758,0.132006,-0.381843
-0.124313,0.132022,-0.381363
-0.119868,0.132031,-0.381089
-0.115422,0.132038,-0.380909
-0.110973,0.132037,-0.380918
-0.106525,0.132037,-0.380928
-0.102080,0.132044,-0.380731
-0.097640,0.132059,-0.380275
-0.093200,0.132073,-0.379867
-0.088761,0.132086,-0.379459
-0.084321,0.132096,-0.379168
-0.079882,0.132108,-0.378832
-0.075450,0.132127,-0.378248
-0.071020,0.132148,-0.377655
-0.066632,0.132214,-0.375683
-0.062260,0.132293,-0.373358
-0.057856,0.132330,-0.372235
-0.053443,0.132356,-0.371472
-0.049049,0.132398,-0.370231
-0.044664,0.132446,-0.368825
-0.040272,0.132483,-0.367704
-0.035889,0.132526,-0.366437
-0.031516,0.132575,-0.365000
-0.027155,0.132630,-0.363365
-0.022730,0.132633,-0.363283
-0.018314,0.132642,-0.363003
-0.013900,0.132653,-0.362685
-0.009487,0.132664,-0.362342
-0.005014,0.132635,-0.363200
-0.000486,0.132574,-0.365025
0.004043,0.132515,-0.366776
0.008570,0.132460,-0.368382
0.013104,0.132406,-0.369990
0.017751,0.132289,-0.373449
0.022398,0.132179,-0.376711
0.027068,0.132062,-0.380177
0.031736,0.131952,-0.383432
0.036634,0.131728,-0.390080
0.041578,0.131491,-0.397098
0.046526,0.131263,-0.403849
0.051991,0.130794,-0.417747
-0.256638,0.133471,-0.474595
-0.251685,0.133811,-0.464032
-0.246836,0.134080,-0.455697
-0.242123,0.134234,-0.450900
-0.237437,0.134375,-0.446533
-0.232769,0.134510,-0.442344
-0.228135,0.134621,-0.438909
-0.223529,0.134708,-0.436186
-0.218911,0.134825,-0.432566
-0.214292,0.134961,-0.428344
-0.209692,0.135087,-0.424428
-0.205077,0.135260,-0.419078
-0.200489,0.135414,-0.414277
-0.195924,0.135552,-0.409993
-0.191380,0.135672,-0.406277
-0.186846,0.135795,-0.402454
-0.182332,0.135893,-0.399428
-0.177832,0.135979,-0.396747
-0.173340,0.136060,-0.394228
-0.168860,0.136125,-0.392229
-0.164386,0.136189,-0.390249
-0.159919,0.136245,-0.388503
-0.155458,0.136295,-0.386958
-0.151001,0.136344,-0.385437
-0.146549,0.136382,-0.384267
-0.142100,0.136419,-0.383098
-0.137654,0.136450,-0.382140
-0.133209,0.136472,-0.381451
-0.128766,0.136494,-0.380771
-0.124321,0.136503,-0.380482
-0.119877,0.136512,-0.380211
-0.115432,0.136516,-0.380079
-0.110985,0.136516,-0.380089
-0.106538,0.136516,-0.380098
-0.102091,0.136515,-0.380114
-0.097648,0.136524,-0.379856
-0.093206,0.136532,-0.379599
-0.088764,0.136540,-0.379341
-0.084323,0.136549,-0.379083
-0.079887,0.136563,-0.378623
-0.075455,0.136582,-0.378058
-0.071025,0.136601,-0.377465
-0.066633,0.136660,-0.375628
-0.062255,0.136728,-0.373512
-0.057855,0.136767,-0.372289
-0.053442,0.136792,-0.371515
-0.049045,0.136830,-0.370337
-0.044655,0.136871,-0.369066
-0.040263,0.136908,-0.367940
-0.035873,0.136944,-0.366818
-0.031498,0.136989,-0.365426
-0.027110,0.137021,-0.364430
-0.022683,0.137023,-0.364347
-0.018263,0.137031,-0.364107
-0.013847,0.137041,-0.363790
-0.009431,0.137051,-0.363474
-0.004914,0.136997,-0.365163
-0.000384,0.136938,-0.366990
0.004151,0.136881,-0.368779
0.008681,0.136829,-0.370387
0.013271,0.136746,-0.372941
0.017926,0.136633,-0.376451
0.022576,0.136529,-0.379697
0.027238,0.136424,-0.382951
0.032012,0.136267,-0.387814
0.036942,0.136041,-0.394847
0.041891,0.135815,-0.401836
0.047130,0.135463,-0.412776
0.052611,0.135014,-0.426712
-0.256545,0.138147,-0.471974
-0.251637,0.138433,-0.462626
-0.246827,0.138655,-0.455397
-0.242105,0.138811,-0.450322
-0.237418,0.138947,-0.445895
-0.232754,0.139072,-0.441805
-0.228108,0.139193,-0.437883
-0.223504,0.139276,-0.435162
-0.218869,0.139413,-0.430718
-0.214251,0.139544,-0.426428
-0.209640,0.139686,-0.421829
-0.205027,0.139854,-0.416324
-0.200444,0.139999,-0.411607
-0.195891,0.140113,-0.407887
-0.191347,0.140235,-0.403922
-0.186820,0.140344,-0.400389
-0.182313,0.140427,-0.397667
-0.177815,0.140510,-0.394948
-0.173328,0.140580,-0.392671
-0.168851,0.140642,-0.390667
-0.164379,0.140701,-0.388727
-0.159915,0.140749,-0.387177
-0.155456,0.140796,-0.385633
-0.151001,0.140837,-0.384299
-0.146551,0.140873,-0.383128
-0.142104,0.140909,-0.381951
-0.137658,0.140933,-0.381181
-0.133215,0.140954,-0.380493
-0.128772,0.140971,-0.379955
-0.124329,0.140979,-0.379669
-0.119886,0.140988,-0.379384
-0.115440,0.140988,-0.379398
-0.110994,0.140986,-0.379447
-0.106547,0.140985,-0.379494
-0.102099,0.140981,-0.379631
-0.097649,0.140976,-0.379771
-0.093207,0.140984,-0.379514
-0.088766,0.140992,-0.379256
-0.084325,0.141001,-0.378977
-0.079892,0.141018,-0.378413
-0.075461,0.141035,-0.377851
-0.071031,0.141053,-0.377276
-0.066635,0.141105,-0.375583
-0.062251,0.141164,-0.373668
-0.057853,0.141204,-0.372343
-0.053440,0.141228,-0.371560
-0.049041,0.141262,-0.370448
-0.044646,0.141297,-0.369307
-0.040254,0.141332,-0.368175
-0.035864,0.141366,-0.367068
-0.031481,0.141403,-0.365850
-0.027064,0.141414,-0.365494
-0.022636,0.141417,-0.365412
-0.018212,0.141423,-0.365212
-0.013795,0.141433,-0.364895
-0.009341,0.141420,-0.365317
-0.004814,0.141364,-0.367131
-0.000281,0.141308,-0.368959
0.004258,0.141252,-0.370785
0.008792,0.141203,-0.372395
0.013440,0.141095,-0.375907
0.018102,0.140986,-0.379459
0.022757,0.140886,-0.382712
0.027424,0.140786,-0.385972
0.032331,0.140574,-0.392885
0.037259,0.140363,-0.399763
0.042287,0.140115,-0.407826
0.047745,0.139684,-0.421873
-0.256500,0.142775,-0.470689
-0.251590,0.143051,-0.461221
-0.246817,0.143230,-0.455098
-0.242096,0.143378,-0.450023
-0.237401,0.143515,-0.445323
-0.232740,0.143633,-0.441268
-0.228091,0.143751,-0.437224
-0.223459,0.143864,-0.433336
-0.218826,0.143994,-0.428874
-0.214210,0.144121,-0.424515
-0.209585,0.144280,-0.419069
-0.204976,0.144440,-0.413587
-0.200408,0.144560,-0.409468
-0.195853,0.144679,-0.405393
-0.191311,0.144797,-0.401350
-0.186799,0.144876,-0.398627
-0.182294,0.144956,-0.395883
-0.177800,0.145031,-0.393312
-0.173317,0.145091,-0.391249
-0.168841,0.145151,-0.389189
-0.164373,0.145203,-0.387414
-0.159911,0.145248,-0.385852
-0.155454,0.145293,-0.384330
-0.151001,0.145327,-0.383157
-0.146553,0.145361,-0.381982
-0.142107,0.145390,-0.380996
-0.137663,0.145412,-0.380227
-0.133221,0.145433,-0.379535
-0.128778,0.145443,-0.379162
-0.124336,0.145452,-0.378877
-0.119894,0.145460,-0.378610
-0.115447,0.145454,-0.378815
-0.111002,0.145452,-0.378863
-0.106556,0.145451,-0.378911
-0.102107,0.145445,-0.379107
-0.097657,0.145438,-0.379367
-0.093209,0.145436,-0.379429
-0.088768,0.145443,-0.379171
-0.084330,0.145455,-0.378767
-0.079897,0.145471,-0.378203
-0.075466,0.145488,-0.377641
-0.071036,0.145504,-0.377078
-0.066630,0.145543,-0.375738
-0.062246,0.145599,-0.373822
-0.057851,0.145641,-0.372398
-0.053438,0.145664,-0.371615
-0.049033,0.145691,-0.370689
-0.044637,0.145724,-0.369547
-0.040245,0.145757,-0.368412
-0.035854,0.145789,-0.367303
-0.031452,0.145811,-0.366549
-0.027018,0.145811,-0.366560
-0.022588,0.145813,-0.366478
-0.018161,0.145818,-0.366318
-0.013742,0.145827,-0.366000
-0.009243,0.145789,-0.367298
-0.004714,0.145736,-0.369115
-0.000178,0.145683,-0.370934
0.004365,0.145630,-0.372763
0.008948,0.145559,-0.375202
0.013609,0.145452,-0.378878
0.018277,0.145347,-0.382473
0.022938,0.145252,-0.385732
0.027739,0.145095,-0.391104
0.032661,0.144891,-0.398122
0.037598,0.144690,-0.405026
0.042920,0.144328,-0.417411
0.049042,0.143639,-0.441069
-0.256446,0.147406,-0.469162
-0.251534,0.147671,-0.459577
-0.246782,0.147825,-0.453997
-0.242059,0.147967,-0.448833
-0.237364,0.148100,-0.444043
-0.232705,0.148211,-0.440023
-0.228060,0.148321,-0.436014
-0.223411,0.148449,-0.431404
-0.218782,0.148572,-0.426948
-0.214152,0.148712,-0.421859
-0.209530,0.148865,-0.416342
-0.204930,0.149010,-0.411093
-0.200364,0.149127,-0.406865
-0.195813,0.149239,-0.402796
-0.191287,0.149328,-0.399585
-0.186777,0.149404,-0.396819
-0.182275,0.149480,-0.394058
-0.177787,0.149540,-0.391889
-0.173307,0.149597,-0.389849
-0.168834,0.149649,-0.387939
-0.164368,0.149693,-0.386352
-0.159908,0.149739,-0.384685
-0.155452,0.149779,-0.383229
-0.151002,0.149813,-0.382011
-0.146554,0.149845,-0.380837
-0.142109,0.149867,-0.380043
-0.137667,0.149889,-0.379277
-0.133226,0.149906,-0.378654
-0.128784,0.149914,-0.378370
-0.124343,0.149921,-0.378085
-0.119901,0.149925,-0.377972
-0.115455,0.149918,-0.378194
-0.111010,0.149916,-0.378280
-0.106565,0.149915,-0.378328
-0.102116,0.149908,-0.378584
-0.097666,0.149901,-0.378843
-0.093215,0.149893,-0.379103
-0.088769,0.149894,-0.379087
-0.084335,0.149908,-0.378557
-0.079902,0.149924,-0.377996
-0.075471,0.149939,-0.377452
-0.071041,0.149954,-0.376909
-0.066626,0.149982,-0.375892
-0.062241,0.150035,-0.373976
-0.057849,0.150077,-0.372453
-0.053436,0.150099,-0.371669
-0.049028,0.150122,-0.370838
-0.044629,0.150151,-0.369787
-0.040236,0.150182,-0.368648
-0.035845,0.150213,-0.367539
-0.031416,0.150217,-0.367401
-0.026975,0.150212,-0.367565
-0.022541,0.150213,-0.367544
-0.018110,0.150216,-0.367424
-0.013672,0.150215,-0.367460
-0.009146,0.150165,-0.369281
-0.004613,0.150114,-0.371102
-0.000074,0.150064,-0.372923
0.004471,0.150014,-0.374746
0.009112,0.149919,-0.378171
0.013778,0.149817,-0.381856
0.018454,0.149717,-0.385493
0.023136,0.149619,-0.389045
0.028063,0.149416,-0.396386
0.032992,0.149223,-0.403378
0.038121,0.148954,-0.413123
0.043557,0.148569,-0.427057
-0.261562,0.151619,-0.483472
-0.256368,0.152049,-0.466958
-0.251496,0.152272,-0.458428
-0.246732,0.152428,-0.452462
-0.242013,0.152562,-0.447325
-0.237323,0.152684,-0.442638
-0.232664,0.152791,-0.438523
-0.228011,0.152905,-0.434153
-0.223363,0.153028,-0.429438
-0.218737,0.153144,-0.424987
-0.214094,0.153296,-0.419159
-0.209477,0.153440,-0.413652
-0.204893,0.153560,-0.409040
-0.200327,0.153674,-0.404693
-0.195780,0.153779,-0.400649
-0.191262,0.153854,-0.397756
-0.186754,0.153926,-0.394993
-0.182258,0.153991,-0.392529
-0.177774,0.154043,-0.390521
-0.173297,0.154095,-0.388547
-0.168827,0.154138,-0.386878
-0.164364,0.154180,-0.385289
-0.159904,0.154223,-0.383638
-0.155451,0.154256,-0.382351
-0.151002,0.154290,-0.381066
-0.146556,0.154320,-0.379903
-0.142112,0.154341,-0.379098
-0.137672,0.154361,-0.378326
-0.133231,0.154373,-0.377863
-0.128790,0.154381,-0.377578
-0.124350,0.154388,-0.377295
-0.119908,0.154387,-0.377335
-0.115463,0.154381,-0.377556
-0.111018,0.154378,-0.377698
-0.106573,0.154375,-0.377802
-0.102125,0.154368,-0.378061
-0.097676,0.154361,-0.378321
-0.093226,0.154354,-0.378587
-0.088774,0.154347,-0.378874
-0.084338,0.154359,-0.378407
-0.079906,0.154373,-0.377864
-0.075475,0.154387,-0.377320
-0.071047,0.154404,-0.376685
-0.066635,0.154433,-0.375587
-0.062236,0.154471,-0.374131
-0.057847,0.154513,-0.372507
-0.053435,0.154534,-0.371712
-0.049026,0.154556,-0.370868
-0.044620,0.154578,-0.370024
-0.040227,0.154607,-0.368886
-0.035835,0.154637,-0.367775
-0.031381,0.154624,-0.368253
-0.026935,0.154618,-0.368502
-0.022496,0.154616,-0.368554
-0.018059,0.154617,-0.368528
-0.013578,0.154593,-0.369444
-0.009048,0.154545,-0.371266
-0.004512,0.154498,-0.373091
0.000030,0.154450,-0.374915
0.004608,0.154388,-0.377292
0.009271,0.154290,-0.381059
0.013947,0.154191,-0.384837
0.018630,0.154095,-0.388519
0.023452,0.153944,-0.394319
0.028389,0.153752,-0.401687
0.033361,0.153555,-0.409236
0.038731,0.153207,-0.422579
-0.261296,0.156403,-0.476262
-0.256291,0.156686,-0.464759
-0.251457,0.156869,-0.457280
-0.246683,0.157025,-0.450934
-0.241972,0.157146,-0.445987
-0.237284,0.157261,-0.441304
-0.232622,0.157367,-0.437023
-0.227961,0.157484,-0.432230
-0.223315,0.157601,-0.427473
-0.218675,0.157728,-0.422298
-0.214036,0.157871,-0.416463
-0.209430,0.157998,-0.411303
-0.204855,0.158104,-0.406991
-0.200293,0.158210,-0.402649
-0.195760,0.158293,-0.399282
-0.191241,0.158368,-0.396224
-0.186732,0.158443,-0.393173
-0.182244,0.158492,-0.391194
-0.177762,0.158540,-0.389220
-0.173287,0.158587,-0.387324
-0.168821,0.158624,-0.385817
-0.164359,0.158663,-0.384228
-0.159902,0.158699,-0.382761
-0.155450,0.158730,-0.381475
-0.151001,0.158765,-0.380060
-0.146557,0.158789,-0.379075
-0.142115,0.158809,-0.378270
-0.137675,0.158828,-0.377474
-0.133235,0.158836,-0.377160
-0.128796,0.158844,-0.376824
-0.124358,0.158852,-0.376503
-0.119915,0.158847,-0.376697
-0.115471,0.158842,-0.376919
-0.111026,0.158837,-0.377116
-0.106581,0.158833,-0.377279
-0.102134,0.158827,-0.377538
-0.097681,0.158815,-0.378023
-0.093227,0.158803,-0.378524
-0.088781,0.158802,-0.378531
-0.084342,0.158809,-0.378248
-0.079909,0.158822,-0.377732
-0.075478,0.158835,-0.377188
-0.071057,0.158857,-0.376322
-0.066645,0.158884,-0.375225
-0.062236,0.158910,-0.374128
-0.057846,0.158949,-0.372562
-0.053434,0.158969,-0.371742
-0.049025,0.158990,-0.370898
-0.044619,0.159010,-0.370055
-0.040218,0.159033,-0.369126
-0.035802,0.159046,-0.368605
-0.031346,0.159034,-0.369106
-0.026895,0.159026,-0.369438
-0.022454,0.159024,-0.369490
-0.018013,0.159023,-0.369541
-0.013483,0.158977,-0.371430
-0.008951,0.158932,-0.373256
-0.004412,0.158887,-0.375083
0.000134,0.158842,-0.376909
0.004761,0.158763,-0.380141
0.009429,0.158670,-0.383916
0.014110,0.158577,-0.387700
0.018852,0.158464,-0.392323
0.023769,0.158285,-0.399612
0.028716,0.158104,-0.407000
0.033949,0.157819,-0.418575
0.039842,0.157298,-0.439806
-0.261234,0.161038,-0.474568
-0.256224,0.161308,-0.462867
-0.251416,0.161464,-0.456077
-0.246644,0.161610,-0.449729
-0.241932,0.161726,-0.444684
-0.237246,0.161834,-0.439987
-0.232572,0.161944,-0.435211
-0.227911,0.162057,-0.430310
-0.223267,0.162167,-0.425511
-0.218612,0.162304,-0.419574
-0.213979,0.162437,-0.413773
-0.209389,0.162541,-0.409254
-0.204817,0.162641,-0.404945
-0.200265,0.162732,-0.400979
-0.195738,0.162802,-0.397916
-0.191223,0.162871,-0.394941
-0.186722,0.162930,-0.392377
-0.182232,0.162982,-0.390118
-0.177750,0.163033,-0.387919
-0.173279,0.163071,-0.386262
-0.168814,0.163105,-0.384757
-0.164354,0.163142,-0.383170
-0.159899,0.163172,-0.381859
-0.155448,0.163205,-0.380438
-0.151001,0.163234,-0.379187
-0.146558,0.163255,-0.378249
-0.142118,0.163274,-0.377444
-0.137678,0.163287,-0.376866
-0.133239,0.163294,-0.376565
-0.128801,0.163301,-0.376230
-0.124361,0.163304,-0.376120
-0.119919,0.163300,-0.376304
-0.115477,0.163297,-0.376414
-0.111034,0.163295,-0.376524
-0.106586,0.163285,-0.376957
-0.102135,0.163273,-0.377458
-0.097683,0.163262,-0.377959
-0.093228,0.163250,-0.378460
-0.088789,0.163256,-0.378189
-0.084350,0.163263,-0.377906
-0.079912,0.163270,-0.377600
-0.075481,0.163282,-0.377057
-0.071067,0.163308,-0.375959
-0.066656,0.163333,-0.374862
-0.062247,0.163358,-0.373766
-0.057844,0.163385,-0.372617
-0.053433,0.163404,-0.371772
-0.049024,0.163424,-0.370928
-0.044618,0.163443,-0.370082
-0.040213,0.163463,-0.369235
-0.035768,0.163457,-0.369458
-0.031310,0.163446,-0.369960
-0.026854,0.163436,-0.370375
-0.022412,0.163435,-0.370427
-0.017928,0.163413,-0.371385
-0.013388,0.163366,-0.373426
-0.008853,0.163324,-0.375246
-0.004310,0.163282,-0.377077
0.000255,0.163233,-0.379224
0.004915,0.163146,-0.382995
0.009596,0.163055,-0.386926
0.014305,0.162959,-0.391129
0.019173,0.162805,-0.397815
0.024098,0.162637,-0.405109
0.029203,0.162411,-0.414943
0.034592,0.162092,-0.428781
-0.261172,0.165668,-0.472884
-0.256185,0.165906,-0.461773
-0.251370,0.166058,-0.454720
-0.246606,0.166190,-0.448547
-0.241896,0.166299,-0.443503
-0.237212,0.166400,-0.438810
-0.232527,0.166512,-0.433576
-0.227867,0.166618,-0.428631
-0.223208,0.166737,-0.423095
-0.218552,0.166869,-0.416973
-0.213930,0.166986,-0.411509
-0.209348,0.167078,-0.407209
-0.204780,0.167171,-0.402901
-0.200242,0.167242,-0.399611
-0.195720,0.167304,-0.396712
-0.191208,0.167365,-0.393857
-0.186712,0.167414,-0.391580
-0.182224,0.167463,-0.389323
-0.177746,0.167503,-0.387442
-0.173274,0.167542,-0.385621
-0.168808,0.167582,-0.383753
-0.164349,0.167615,-0.382238
-0.159896,0.167645,-0.380816
-0.155446,0.167676,-0.379396
-0.151001,0.167698,-0.378372
-0.146559,0.167718,-0.377435
-0.142120,0.167735,-0.376617
-0.137681,0.167743,-0.376260
-0.133242,0.167749,-0.375969
-0.128805,0.167757,-0.375634
-0.124364,0.167753,-0.375796
-0.119922,0.167748,-0.376049
-0.115480,0.167745,-0.376160
-0.111037,0.167741,-0.376341
-0.106587,0.167730,-0.376877
-0.102136,0.167719,-0.377394
-0.097684,0.167708,-0.377896
-0.093235,0.167703,-0.378130
-0.088796,0.167709,-0.377847
-0.084358,0.167715,-0.377563
-0.079920,0.167721,-0.377281
-0.075491,0.167734,-0.376686
-0.071078,0.167758,-0.375580
-0.066667,0.167781,-0.374476
-0.062260,0.167805,-0.373372
-0.057848,0.167824,-0.372478
-0.053433,0.167840,-0.371762
-0.049025,0.167858,-0.370915
-0.044618,0.167876,-0.370068
-0.040202,0.167888,-0.369518
-0.035737,0.167873,-0.370230
-0.031275,0.167860,-0.370814
-0.026814,0.167849,-0.371313
-0.022371,0.167848,-0.371365
-0.017841,0.167807,-0.373277
-0.013293,0.167761,-0.375429
-0.008755,0.167722,-0.377250
-0.004209,0.167683,-0.379073
0.000407,0.167617,-0.382139
0.005094,0.167527,-0.386327
0.009795,0.167437,-0.390527
0.014567,0.167325,-0.395740
0.019494,0.167162,-0.403326
0.024430,0.167004,-0.410648
0.029813,0.166699,-0.424859
-0.261123,0.170284,-0.471574
-0.256153,0.170498,-0.460858
-0.251325,0.170647,-0.453365
-0.246573,0.170764,-0.447519
-0.241859,0.170868,-0.442323
-0.237174,0.170963,-0.437540
-0.232482,0.171074,-0.431953
-0.227825,0.171173,-0.427013
-0.223153,0.171296,-0.420858
-0.218501,0.171418,-0.414744
-0.213895,0.171515,-0.409876
-0.209309,0.171607,-0.405257
-0.204751,0.171685,-0.401350
-0.200223,0.171742,-0.398485
-0.195703,0.171799,-0.395626
-0.191197,0.171850,-0.393045
-0.186703,0.171895,-0.390830
-0.182221,0.171930,-0.389029
-0.177744,0.171965,-0.387283
-0.173273,0.172001,-0.385476
-0.168807,0.172039,-0.383609
-0.164347,0.172076,-0.381754
-0.159893,0.172112,-0.379904
-0.155445,0.172141,-0.378494
-0.151002,0.172159,-0.377557
-0.146561,0.172178,-0.376622
-0.142122,0.172192,-0.375928
-0.137684,0.172197,-0.375653
-0.133246,0.172203,-0.375375
-0.128810,0.172209,-0.375050
-0.124367,0.172201,-0.375473
-0.119924,0.172194,-0.375796
-0.115483,0.172192,-0.375906
-0.111038,0.172186,-0.376232
-0.106589,0.172175,-0.376769
-0.102138,0.172164,-0.377305
-0.097685,0.172154,-0.377832
-0.093242,0.172155,-0.377788
-0.088802,0.172159,-0.377582
-0.084362,0.172162,-0.377404
-0.079922,0.172166,-0.377225
-0.075502,0.172185,-0.376273
-0.071089,0.172207,-0.375170
-0.066679,0.172229,-0.374067
-0.062272,0.172251,-0.372963
-0.057855,0.172264,-0.372285
-0.053436,0.172277,-0.371676
-0.049025,0.172292,-0.370901
-0.044619,0.172309,-0.370054
-0.040177,0.172307,-0.370176
-0.035711,0.172292,-0.370888
-0.031242,0.172278,-0.371598
-0.026777,0.172267,-0.372171
-0.022311,0.172256,-0.372702
-0.017753,0.172207,-0.375172
-0.013197,0.172162,-0.377437
-0.008656,0.172125,-0.379259
-0.004099,0.172086,-0.381250
0.000591,0.171998,-0.385662
0.005287,0.171913,-0.389925
0.009994,0.171829,-0.394135
0.014882,0.171686,-0.401279
0.019817,0.171535,-0.408859
0.025043,0.171295,-0.420887
-0.261082,0.174893,-0.470436
-0.256121,0.175086,-0.459943
-0.251284,0.175229,-0.452173
-0.246540,0.175334,-0.446491
-0.241826,0.175431,-0.441231
-0.237130,0.175527,-0.436003
-0.232439,0.175631,-0.430376
-0.227771,0.175731,-0.424952
-0.223098,0.175847,-0.418623
-0.218459,0.175952,-0.412922
-0.213862,0.176036,-0.408360
-0.209279,0.176121,-0.403746
-0.204733,0.176183,-0.400399
-0.200204,0.176238,-0.397397
-0.195687,0.176290,-0.394540
-0.191189,0.176329,-0.392431
-0.186701,0.176362,-0.390628
-0.182218,0.176396,-0.388828
-0.177743,0.176427,-0.387125
-0.173272,0.176460,-0.385331
-0.168807,0.176494,-0.383468
-0.164347,0.176528,-0.381614
-0.159892,0.176563,-0.379719
-0.155444,0.176594,-0.378039
-0.151002,0.176615,-0.376934
-0.146562,0.176635,-0.375831
-0.142124,0.176644,-0.375322
-0.137687,0.176649,-0.375048
-0.133250,0.176654,-0.374774
-0.128812,0.176655,-0.374726
-0.124370,0.176647,-0.375149
-0.119927,0.176640,-0.375542
-0.115486,0.176638,-0.375652
-0.111040,0.176629,-0.376124
-0.106591,0.176620,-0.376660
-0.102140,0.176610,-0.377196
-0.097685,0.176598,-0.377829
-0.093243,0.176600,-0.377736
-0.088802,0.176603,-0.377558
-0.084362,0.176606,-0.377379
-0.079928,0.176614,-0.376964
-0.075512,0.176634,-0.375862
-0.071100,0.176655,-0.374760
-0.066691,0.176675,-0.373657
-0.062280,0.176692,-0.372700
-0.057861,0.176704,-0.372091
-0.053443,0.176715,-0.371483
-0.049026,0.176726,-0.370875
-0.044616,0.176740,-0.370122
-0.040152,0.176727,-0.370833
-0.035685,0.176714,-0.371545
-0.031215,0.176701,-0.372257
-0.026743,0.176688,-0.372970
-0.022227,0.176658,-0.374596
-0.017666,0.176612,-0.377069
-0.013102,0.176568,-0.379447
-0.008557,0.176535,-0.381271
-0.003935,0.176476,-0.384483
0.000760,0.176394,-0.388905
0.005471,0.176312,-0.393342
0.010272,0.176205,-0.399157
0.015197,0.176064,-0.406837
0.020238,0.175894,-0.416071
0.025834,0.175562,-0.434085
-0.261029,0.179503,-0.468994
-0.256076,0.179678,-0.458685
-0.251245,0.179807,-0.451002
-0.246507,0.179900,-0.445477
-0.241795,0.179989,-0.440218
-0.237085,0.180086,-0.434456
-0.232397,0.180181,-0.428846
-0.227713,0.180285,-0.422712
-0.223043,0.180391,-0.416392
-0.218424,0.180475,-0.411399
-0.213830,0.180552,-0.406845
-0.209257,0.180624,-0.402629
-0.204718,0.180675,-0.399576
-0.200190,0.180726,-0.396530
-0.195679,0.180768,-0.394037
-0.191186,0.180799,-0.392229
-0.186698,0.180829,-0.390427
-0.182217,0.180859,-0.388654
-0.177742,0.180888,-0.386967
-0.173271,0.180918,-0.385187
-0.168806,0.180949,-0.383328
-0.164346,0.180982,-0.381411
-0.159892,0.181015,-0.379447
-0.155444,0.181044,-0.377724
-0.151001,0.181062,-0.376619
-0.146562,0.181081,-0.375546
-0.142125,0.181089,-0.375021
-0.137688,0.181096,-0.374620
-0.133253,0.181103,-0.374220
-0.128815,0.181100,-0.374403
-0.124373,0.181093,-0.374826
-0.119930,0.181086,-0.375249
-0.115488,0.181082,-0.375479
-0.111041,0.181073,-0.376015
-0.106591,0.181062,-0.376641
-0.102137,0.181050,-0.377337
-0.097687,0.181044,-0.377700
-0.093245,0.181045,-0.377629
-0.088803,0.181047,-0.377532
-0.084363,0.181050,-0.377354
-0.079938,0.181064,-0.376552
-0.075523,0.181082,-0.375450
-0.071112,0.181101,-0.374348
-0.066703,0.181119,-0.373248
-0.062286,0.181132,-0.372506
-0.057867,0.181142,-0.371899
-0.053448,0.181152,-0.371335
-0.049030,0.181161,-0.370771
-0.044586,0.181158,-0.370933
-0.040118,0.181145,-0.371715
-0.035647,0.181132,-0.372498
-0.031173,0.181119,-0.373280
-0.026694,0.181105,-0.374092
-0.022141,0.181064,-0.376513
-0.017579,0.181023,-0.378969
-0.013006,0.180981,-0.381450
-0.008457,0.180950,-0.383306
-0.003771,0.180875,-0.387724
0.000933,0.180799,-0.392228
0.005670,0.180718,-0.397057
0.010579,0.180588,-0.404721
0.015515,0.180458,-0.412428
0.020854,0.180219,-0.426619
-0.260973,0.184110,-0.467503
-0.256030,0.184265,-0.457382
-0.251217,0.184376,-0.450168
-0.246475,0.184463,-0.444469
-0.241758,0.184547,-0.439025
-0.237038,0.184641,-0.432871
-0.232350,0.184729,-0.427169
-0.227658,0.184829,-0.420635
-0.222995,0.184924,-0.414416
-0.218389,0.184994,-0.409878
-0.213797,0.185064,-0.405331
-0.209240,0.185118,-0.401804
-0.204704,0.185164,-0.398774
-0.200177,0.185210,-0.395788
-0.195677,0.185240,-0.393873
-0.191183,0.185268,-0.392039
-0.186696,0.185295,-0.390225
-0.182215,0.185322,-0.388496
-0.177740,0.185348,-0.386808
-0.173270,0.185375,-0.385043
-0.168804,0.185405,-0.383106
-0.164344,0.185435,-0.381110
-0.159891,0.185464,-0.379225
-0.155443,0.185492,-0.377420
-0.151002,0.185509,-0.376305
-0.146563,0.185523,-0.375409
-0.142126,0.185532,-0.374833
-0.137689,0.185538,-0.374432
-0.133254,0.185543,-0.374094
-0.128815,0.185539,-0.374364
-0.124375,0.185535,-0.374634
-0.119934,0.185530,-0.374925
-0.115489,0.185523,-0.375408
-0.111040,0.185512,-0.376104
-0.106588,0.185501,-0.376799
-0.102135,0.185491,-0.377495
-0.097690,0.185490,-0.377572
-0.093247,0.185491,-0.377501
-0.088805,0.185492,-0.377429
-0.084365,0.185495,-0.377242
-0.079947,0.185511,-0.376166
-0.075532,0.185527,-0.375109
-0.071120,0.185544,-0.374052
-0.066707,0.185558,-0.373114
-0.062279,0.185563,-0.372760
-0.057857,0.185572,-0.372195
-0.053438,0.185581,-0.371631
-0.049019,0.185589,-0.371074
-0.044547,0.185575,-0.372003
-0.040072,0.185561,-0.372905
-0.035599,0.185549,-0.373689
-0.031123,0.185537,-0.374472
-0.026610,0.185513,-0.376048
-0.022054,0.185476,-0.378473
-0.017490,0.185439,-0.380902
-0.012916,0.185401,-0.383355
-0.008298,0.185352,-0.386543
-0.003590,0.185279,-0.391294
0.001137,0.185205,-0.396118
0.005960,0.185108,-0.402444
0.010888,0.184987,-0.410304
0.016014,0.184820,-0.421203
-0.260921,0.188711,-0.466071
-0.255998,0.188843,-0.456466
-0.251188,0.188942,-0.449332
-0.246442,0.189023,-0.443464
-0.241714,0.189104,-0.437580
-0.236992,0.189191,-0.431288
-0.232297,0.189274,-0.425257
-0.227609,0.189364,-0.418735
-0.222964,0.189441,-0.413173
-0.218356,0.189506,-0.408452
-0.213769,0.189567,-0.404036
-0.209225,0.189609,-0.401034
-0.204690,0.189650,-0.398043
-0.200172,0.189686,-0.395472
-0.195674,0.189710,-0.393709
-0.191181,0.189735,-0.391875
-0.186695,0.189759,-0.390133
-0.182216,0.189781,-0.388585
-0.177741,0.189804,-0.386859
-0.173268,0.189833,-0.384803
-0.168802,0.189860,-0.382805
-0.164343,0.189888,-0.380811
-0.159890,0.189913,-0.379004
-0.155443,0.189938,-0.377200
-0.151001,0.189955,-0.375990
-0.146563,0.189964,-0.375273
-0.142126,0.189973,-0.374644
-0.137690,0.189979,-0.374243
-0.133254,0.189980,-0.374150
-0.128814,0.189976,-0.374420
-0.124374,0.189973,-0.374690
-0.119933,0.189969,-0.374958
-0.115487,0.189960,-0.375583
-0.111038,0.189951,-0.376261
-0.106586,0.189941,-0.376957
-0.102134,0.189933,-0.377516
-0.097692,0.189934,-0.377444
-0.093250,0.189935,-0.377387
-0.088805,0.189935,-0.377417
-0.084372,0.189941,-0.376956
-0.079953,0.189955,-0.375954
-0.075538,0.189970,-0.374897
-0.071125,0.189984,-0.373840
-0.066704,0.189993,-0.373217
-0.062274,0.189997,-0.372893
-0.057848,0.190003,-0.372491
-0.053428,0.190011,-0.371927
-0.048982,0.190008,-0.372121
-0.044508,0.189995,-0.373051
-0.040031,0.189982,-0.373980
-0.035552,0.189970,-0.374880
-0.031074,0.189959,-0.375665
-0.026526,0.189927,-0.378006
-0.021967,0.189893,-0.380434
-0.017397,0.189859,-0.382916
-0.012814,0.189823,-0.385495
-0.008111,0.189756,-0.390343
-0.003393,0.189690,-0.395181
0.001343,0.189622,-0.400078
0.006260,0.189512,-0.408022
0.011198,0.189403,-0.415909
0.016639,0.189178,-0.432207
-0.266101,0.193099,-0.481587
-0.260862,0.193309,-0.464476
-0.255945,0.193426,-0.454979
-0.251153,0.193508,-0.448294
-0.246413,0.193578,-0.442556
-0.241670,0.193657,-0.436138
-0.236946,0.193736,-0.429707
-0.232245,0.193814,-0.423347
-0.227559,0.193894,-0.416837
-0.222934,0.193954,-0.411950
-0.218326,0.194012,-0.407163
-0.213754,0.194060,-0.403301
-0.209210,0.194097,-0.400302
-0.204677,0.194133,-0.397312
-0.200169,0.194158,-0.395301
-0.195671,0.194180,-0.393544
-0.191179,0.194202,-0.391711
-0.186698,0.194218,-0.390418
-0.182221,0.194234,-0.389070
-0.177745,0.194255,-0.387376
-0.173270,0.194285,-0.384983
-0.168800,0.194315,-0.382504
-0.164342,0.194339,-0.380590
-0.159889,0.194361,-0.378783
-0.155443,0.194383,-0.376979
-0.151001,0.194398,-0.375780
-0.146563,0.194405,-0.375137
-0.142127,0.194413,-0.374494
-0.137691,0.194419,-0.374055
-0.133253,0.194417,-0.374206
-0.128814,0.194414,-0.374475
-0.124374,0.194410,-0.374744
-0.119932,0.194406,-0.375110
-0.115484,0.194398,-0.375781
-0.111035,0.194389,-0.376451
-0.106583,0.194381,-0.377123
-0.102136,0.194377,-0.377431
-0.097692,0.194377,-0.377461
-0.093248,0.194377,-0.377491
-0.088803,0.194376,-0.377522
-0.084378,0.194387,-0.376665
-0.079959,0.194399,-0.375691
-0.075543,0.194411,-0.374686
-0.071131,0.194424,-0.373642
-0.066701,0.194428,-0.373319
-0.062271,0.194432,-0.372996
-0.057842,0.194436,-0.372672
-0.053417,0.194441,-0.372239
-0.048945,0.194430,-0.373169
-0.044470,0.194418,-0.374099
-0.039991,0.194407,-0.375030
-0.035509,0.194395,-0.375962
-0.030992,0.194375,-0.377650
-0.026431,0.194343,-0.380219
-0.021862,0.194312,-0.382792
-0.017284,0.194280,-0.385370
-0.012642,0.194234,-0.389102
-0.007930,0.194174,-0.394024
-0.003202,0.194113,-0.398962
0.001635,0.194031,-0.405663
0.006561,0.193933,-0.413629
0.011754,0.193782,-0.425977
-0.265999,0.197730,-0.478946
-0.260799,0.197903,-0.462769
-0.255885,0.198006,-0.453258
-0.251106,0.198074,-0.446897
-0.246363,0.198137,-0.441008
-0.241615,0.198209,-0.434363
-0.236896,0.198277,-0.427985
-0.232192,0.198347,-0.421441
-0.227523,0.198412,-0.415458
-0.222900,0.198464,-0.410584
-0.218292,0.198517,-0.405651
-0.213738,0.198550,-0.402571
-0.209196,0.198582,-0.399574
-0.204668,0.198611,-0.396847
-0.200166,0.198630,-0.395130
-0.195669,0.198649,-0.393373
-0.191180,0.198665,-0.391827
-0.186702,0.198677,-0.390702
-0.182225,0.198691,-0.389468
-0.177748,0.198709,-0.387713
-0.173271,0.198737,-0.385149
-0.168800,0.198766,-0.382469
-0.164341,0.198788,-0.380382
-0.159889,0.198808,-0.378571
-0.155442,0.198827,-0.376762
-0.151002,0.198839,-0.375644
-0.146563,0.198846,-0.375001
-0.142127,0.198853,-0.374358
-0.137691,0.198857,-0.373992
-0.133253,0.198854,-0.374261
-0.128814,0.198851,-0.374529
-0.124373,0.198848,-0.374798
-0.119930,0.198843,-0.375308
-0.115482,0.198835,-0.375978
-0.111032,0.198828,-0.376664
-0.106579,0.198820,-0.377429
-0.102134,0.198819,-0.377528
-0.097690,0.198818,-0.377566
-0.093245,0.198818,-0.377596
-0.088807,0.198821,-0.377350
-0.084385,0.198831,-0.376375
-0.079966,0.198842,-0.375401
-0.075550,0.198852,-0.374427
-0.071127,0.198859,-0.373776
-0.066695,0.198862,-0.373510
-0.062264,0.198865,-0.373244
-0.057832,0.198868,-0.372977
-0.053382,0.198864,-0.373281
-0.048908,0.198854,-0.374227
-0.044431,0.198844,-0.375160
-0.039950,0.198834,-0.376093
-0.035466,0.198824,-0.377026
-0.030904,0.198795,-0.379759
-0.026326,0.198764,-0.382662
-0.021753,0.198736,-0.385246
-0.017169,0.198708,-0.387864
-0.012467,0.198655,-0.392780
-0.007741,0.198600,-0.397873
-0.002978,0.198541,-0.403377
0.001931,0.198456,-0.411329
0.006913,0.198361,-0.420174
-0.265898,0.202352,-0.476311
-0.260736,0.202492,-0.461064
-0.255842,0.202575,-0.452036
-0.251059,0.202636,-0.445503
-0.246303,0.202694,-0.439142
-0.241557,0.202756,-0.432462
-0.236846,0.202813,-0.426270
-0.232143,0.202874,-0.419661
-0.227486,0.202926,-0.414014
-0.222863,0.202971,-0.409069
-0.218273,0.203010,-0.404843
-0.213722,0.203038,-0.401827
-0.209180,0.203066,-0.398791
-0.204663,0.203086,-0.396594
-0.200162,0.203102,-0.394880
-0.195666,0.203117,-0.393167
-0.191185,0.203126,-0.392192
-0.186706,0.203136,-0.391097
-0.182230,0.203148,-0.389861
-0.177748,0.203168,-0.387719
-0.173269,0.203193,-0.384922
-0.168798,0.203220,-0.382062
-0.164340,0.203237,-0.380189
-0.159888,0.203254,-0.378379
-0.155442,0.203270,-0.376529
-0.151001,0.203278,-0.375731
-0.146563,0.203284,-0.375025
-0.142127,0.203291,-0.374319
-0.137691,0.203293,-0.374083
-0.133253,0.203291,-0.374315
-0.128813,0.203288,-0.374582
-0.124373,0.203286,-0.374851
-0.119927,0.203280,-0.375506
-0.115479,0.203273,-0.376256
-0.111027,0.203266,-0.377021
-0.106577,0.203261,-0.377573
-0.102132,0.203261,-0.377616
-0.097688,0.203260,-0.377660
-0.093243,0.203260,-0.377700
-0.088813,0.203266,-0.377060
-0.084388,0.203273,-0.376261
-0.079962,0.203279,-0.375571
-0.075538,0.203286,-0.374881
-0.071111,0.203290,-0.374382
-0.066680,0.203294,-0.374021
-0.062248,0.203296,-0.373754
-0.057816,0.203299,-0.373488
-0.053347,0.203291,-0.374305
-0.048871,0.203282,-0.375273
-0.044391,0.203273,-0.376223
-0.039909,0.203265,-0.377156
-0.035391,0.203249,-0.378902
-0.030820,0.203222,-0.381803
-0.026238,0.203195,-0.384710
-0.021647,0.203168,-0.387623
-0.016996,0.203131,-0.391634
-0.012275,0.203084,-0.396817
-0.007538,0.203036,-0.402018
-0.002691,0.202971,-0.409034
0.002281,0.202888,-0.418033
0.007979,0.202686,-0.440024
-0.265683,0.206989,-0.470703
-0.260641,0.207083,-0.458467
-0.255796,0.207142,-0.450744
-0.251012,0.207193,-0.444109
-0.246243,0.207245,-0.437280
-0.241499,0.207297,-0.430566
-0.236795,0.207343,-0.424526
-0.232097,0.207393,-0.418000
-0.227454,0.207433,-0.412814
-0.222828,0.207473,-0.407648
-0.218255,0.207500,-0.404075
-0.213705,0.207523,-0.401034
-0.209166,0.207546,-0.398056
-0.204659,0.207559,-0.396340
-0.200158,0.207573,-0.394620
-0.195664,0.207585,-0.393030
-0.191186,0.207591,-0.392241
-0.186710,0.207597,-0.391415
-0.182234,0.207606,-0.390223
-0.177746,0.207628,-0.387445
-0.173266,0.207650,-0.384526
-0.168796,0.207671,-0.381810
-0.164339,0.207685,-0.379995
-0.159887,0.207699,-0.378136
-0.155442,0.207711,-0.376625
-0.151002,0.207717,-0.375844
-0.146563,0.207722,-0.375133
-0.142127,0.207727,-0.374426
-0.137689,0.207727,-0.374510
-0.133250,0.207726,-0.374652
-0.128812,0.207725,-0.374793
-0.124371,0.207722,-0.375094
-0.119924,0.207717,-0.375848
-0.115474,0.207711,-0.376613
-0.111022,0.207705,-0.377379
-0.106575,0.207703,-0.377662
-0.102131,0.207702,-0.377705
-0.097686,0.207702,-0.377766
-0.093240,0.207701,-0.377881
-0.088802,0.207704,-0.377552
-0.084374,0.207709,-0.376862
-0.079947,0.207714,-0.376172
-0.075521,0.207719,-0.375533
-0.071092,0.207723,-0.375072
-0.066663,0.207726,-0.374611
-0.062232,0.207729,-0.374265
-0.057787,0.207728,-0.374363
-0.053313,0.207721,-0.375331
-0.048835,0.207713,-0.376300
-0.044353,0.207706,-0.377269
-0.039868,0.207698,-0.378221
-0.035310,0.207677,-0.380944
-0.030730,0.207654,-0.383959
-0.026139,0.207631,-0.387026
-0.021529,0.207606,-0.390262
-0.016813,0.207565,-0.395591
-0.012079,0.207524,-0.400940
-0.007304,0.207479,-0.406784
-0.002340,0.207409,-0.415974
0.002880,0.207305,-0.429515
-0.265499,0.211604,-0.465919
-0.260515,0.211670,-0.455054
-0.255716,0.211711,-0.448477
-0.250944,0.211750,-0.442085
-0.246180,0.211791,-0.435320
-0.241445,0.211831,-0.428811
-0.236744,0.211868,-0.422777
-0.232064,0.211905,-0.416808
-0.227424,0.211937,-0.411638
-0.222807,0.211967,-0.406770
-0.218242,0.211987,-0.403508
-0.213688,0.212007,-0.400254
-0.209161,0.212022,-0.397800
-0.204654,0.212032,-0.396074
-0.200153,0.212043,-0.394352
-0.195663,0.212051,-0.392989
-0.191186,0.212056,-0.392262
-0.186709,0.212061,-0.391315
-0.182228,0.212071,-0.389723
-0.177741,0.212089,-0.386883
-0.173263,0.212106,-0.384092
-0.168795,0.212121,-0.381606
-0.164338,0.212132,-0.379746
-0.159887,0.212144,-0.377887
-0.155442,0.212151,-0.376757
-0.151001,0.212156,-0.375976
-0.146563,0.212160,-0.375240
-0.142126,0.212163,-0.374797
-0.137687,0.212162,-0.374938
-0.133248,0.212161,-0.375078
-0.128808,0.212160,-0.375203
-0.124365,0.212157,-0.375690
-0.119919,0.212153,-0.376337
-0.115470,0.212149,-0.376985
-0.111018,0.212145,-0.377706
-0.106573,0.212144,-0.377787
-0.102127,0.212144,-0.377924
-0.097681,0.212143,-0.378060
-0.093237,0.212143,-0.378010
-0.088799,0.212145,-0.377708
-0.084361,0.212147,-0.377405
-0.079932,0.212151,-0.376773
-0.075503,0.212154,-0.376223
-0.071073,0.212157,-0.375762
-0.066643,0.212160,-0.375300
-0.062215,0.212163,-0.374839
-0.057753,0.212159,-0.375437
-0.053275,0.212153,-0.376459
-0.048793,0.212146,-0.377483
-0.044307,0.212140,-0.378507
-0.039785,0.212128,-0.380385
-0.035208,0.212109,-0.383494
-0.030622,0.212091,-0.386559
-0.026027,0.212072,-0.389631
-0.021359,0.212044,-0.394086
-0.016636,0.212012,-0.399429
-0.011893,0.211978,-0.404841
-0.006965,0.211924,-0.413674
-0.001986,0.211867,-0.422951
-0.265346,0.216200,-0.461920
-0.260432,0.216242,-0.452795
-0.255636,0.216272,-0.446214
-0.250862,0.216302,-0.439662
-0.246102,0.216333,-0.432907
-0.241386,0.216361,-0.426886
-0.236693,0.216388,-0.421030
-0.232032,0.216413,-0.415643
-0.227394,0.216436,-0.410505
-0.222796,0.216456,-0.406325
-0.218232,0.216471,-0.403064
-0.213673,0.216487,-0.399554
-0.209153,0.216497,-0.397443
-0.204649,0.216504,-0.395807
-0.200148,0.216512,-0.394084
-0.195662,0.216517,-0.392948
-0.191182,0.216522,-0.391931
-0.186703,0.216527,-0.390815
-0.182218,0.216537,-0.388763
-0.177733,0.216549,-0.386066
-0.173256,0.216562,-0.383210
-0.168793,0.216571,-0.381282
-0.164337,0.216579,-0.379454
-0.159886,0.216588,-0.377667
-0.155443,0.216591,-0.376888
-0.151002,0.216595,-0.376107
-0.146563,0.216598,-0.375348
-0.142124,0.216599,-0.375225
-0.137685,0.216598,-0.375355
-0.133246,0.216598,-0.375481
-0.128805,0.216597,-0.375640
-0.124360,0.216594,-0.376287
-0.119912,0.216591,-0.376934
-0.115462,0.216588,-0.377599
-0.111013,0.216586,-0.378022
-0.106569,0.216586,-0.378081
-0.102122,0.216585,-0.378218
-0.097675,0.216584,-0.378353
-0.093235,0.216585,-0.378139
-0.088796,0.216587,-0.377837
-0.084358,0.216588,-0.377534
-0.079920,0.216589,-0.377297
-0.075481,0.216590,-0.377079
-0.071047,0.216592,-0.376693
-0.066614,0.216594,-0.376309
-0.062178,0.216595,-0.376044
-0.057705,0.216591,-0.376935
-0.053226,0.216587,-0.377910
-0.048742,0.216582,-0.378934
-0.044254,0.216577,-0.379960
-0.039690,0.216564,-0.382882
-0.035107,0.216549,-0.386022
-0.030515,0.216535,-0.389163
-0.025900,0.216519,-0.392583
-0.021187,0.216494,-0.397956
-0.016454,0.216469,-0.403385
-0.011621,0.216436,-0.410556
-0.006630,0.216391,-0.420485
-0.000978,0.216288,-0.442842
-0.270311,0.220742,-0.471606
-0.265192,0.220784,-0.457919
-0.260349,0.220806,-0.450540
-0.255554,0.220827,-0.443901
-0.250780,0.220847,-0.437243
-0.246032,0.220867,-0.430733
-0.241324,0.220885,-0.424861
-0.236642,0.220902,-0.419268
-0.231997,0.220917,-0.414386
-0.227365,0.220933,-0.409373
-0.222782,0.220944,-0.405745
-0.218211,0.220955,-0.402157
-0.213661,0.220965,-0.398970
-0.209144,0.220971,-0.396980
-0.204641,0.220976,-0.395362
-0.200143,0.220981,-0.393745
-0.195655,0.220985,-0.392448
-0.191173,0.220988,-0.391309
-0.186692,0.220992,-0.389919
-0.182207,0.220999,-0.387733
-0.177724,0.221007,-0.385109
-0.173253,0.221014,-0.382792
-0.168791,0.221020,-0.380934
-0.164335,0.221026,-0.379106
-0.159886,0.221030,-0.377774
-0.155443,0.221032,-0.377016
-0.151002,0.221034,-0.376236
-0.146562,0.221037,-0.375527
-0.142123,0.221036,-0.375633
-0.137683,0.221036,-0.375759
-0.133243,0.221035,-0.375884
-0.128801,0.221034,-0.376235
-0.124354,0.221032,-0.376889
-0.119905,0.221030,-0.377588
-0.115454,0.221028,-0.378288
-0.111007,0.221028,-0.378457
-0.106562,0.221027,-0.378500
-0.102117,0.221027,-0.378543
-0.097671,0.221027,-0.378570
-0.093231,0.221028,-0.378326
-0.088790,0.221028,-0.378133
-0.084349,0.221029,-0.377940
-0.079906,0.221029,-0.377856
-0.075458,0.221029,-0.377957
-0.071016,0.221030,-0.377794
-0.066582,0.221031,-0.377410
-0.062129,0.221030,-0.377633
-0.057653,0.221027,-0.378525
-0.053175,0.221025,-0.379418
-0.048690,0.221022,-0.380387
-0.044170,0.221016,-0.382244
-0.039594,0.221006,-0.385383
-0.035007,0.220997,-0.388528
-0.030410,0.220987,-0.391686
-0.025733,0.220972,-0.396460
-0.021010,0.220956,-0.401930
-0.016271,0.220939,-0.407372
-0.011290,0.220908,-0.417517
-0.006163,0.220869,-0.430000
-0.270098,0.225336,-0.466263
-0.265092,0.225353,-0.455295
-0.260268,0.225364,-0.448355
-0.255469,0.225374,-0.441475
-0.250699,0.225385,-0.434829
-0.245967,0.225394,-0.428723
-0.241265,0.225403,-0.422966
-0.236597,0.225411,-0.417745
-0.231955,0.225418,-0.412868
-0.227340,0.225425,-0.408414
-0.222758,0.225431,-0.404766
-0.218189,0.225436,-0.401180
-0.213653,0.225440,-0.398601
-0.209135,0.225443,-0.396530
-0.204632,0.225446,-0.394900
-0.200137,0.225448,-0.393382
-0.195648,0.225450,-0.392006
-0.191164,0.225452,-0.390686
-0.186679,0.225455,-0.388842
-0.182196,0.225458,-0.386719
-0.177717,0.225462,-0.384310
-0.173250,0.225465,-0.382449
-0.168789,0.225468,-0.380591
-0.164333,0.225471,-0.378760
-0.159887,0.225472,-0.377882
-0.155443,0.225473,-0.377143
-0.151001,0.225474,-0.376363
-0.146562,0.225475,-0.376074
-0.142121,0.225474,-0.376205
-0.137681,0.225474,-0.376258
-0.133240,0.225474,-0.376311
-0.128796,0.225473,-0.376877
-0.124348,0.225472,-0.377577
-0.119898,0.225471,-0.378277
-0.115447,0.225470,-0.378849
-0.111002,0.225470,-0.378892
-0.106556,0.225470,-0.378936
-0.102108,0.225470,-0.379096
-0.097663,0.225470,-0.379019
-0.093222,0.225470,-0.378777
-0.088780,0.225471,-0.378584
-0.084339,0.225471,-0.378391
-0.079892,0.225471,-0.378415
-0.075443,0.225471,-0.378516
-0.070994,0.225471,-0.378617
-0.066549,0.225471,-0.378510
-0.062080,0.225470,-0.379224
-0.057602,0.225469,-0.380116
-0.053121,0.225467,-0.381016
-0.048636,0.225466,-0.381926
-0.044077,0.225461,-0.384751
-0.039497,0.225457,-0.387900
-0.034906,0.225452,-0.391056
-0.030284,0.225446,-0.394715
-0.025571,0.225438,-0.400239
-0.020838,0.225429,-0.405785
-0.015970,0.225417,-0.413891
-0.010957,0.225400,-0.424512
-0.275387,0.229915,-0.483234
-0.269913,0.229915,-0.461639
-0.265010,0.229915,-0.453164
-0.260143,0.229915,-0.444947
-0.255367,0.229915,-0.438583
-0.250618,0.229915,-0.432446
-0.245906,0.229915,-0.426831
-0.241208,0.229915,-0.421112
-0.236554,0.229914,-0.416262
-0.231918,0.229915,-0.411514
-0.227316,0.229915,-0.407518
-0.222736,0.229915,-0.403869
-0.218169,0.229915,-0.400328
-0.213645,0.229915,-0.398233
-0.209128,0.229914,-0.396163
-0.204624,0.229915,-0.394440
-0.200131,0.229915,-0.393049
-0.195642,0.229915,-0.391644
-0.191156,0.229915,-0.390100
-0.186669,0.229915,-0.388026
-0.182187,0.229915,-0.385854
-0.177713,0.229915,-0.383937
-0.173247,0.229915,-0.382106
-0.168787,0.229915,-0.380248
-0.164333,0.229915,-0.378707
-0.159887,0.229915,-0.377989
-0.155443,0.229915,-0.377270
-0.151002,0.229915,-0.376489
-0.146561,0.229915,-0.376621
-0.142120,0.229915,-0.376825
-0.137678,0.229915,-0.376879
-0.133236,0.229915,-0.377059
-0.128789,0.229915,-0.377689
-0.124341,0.229915,-0.378320
-0.119890,0.229915,-0.378967
-0.115441,0.229915,-0.379305
-0.110993,0.229915,-0.379473
-0.106545,0.229915,-0.379641
-0.102095,0.229915,-0.379810
-0.097653,0.229915,-0.379559
-0.093211,0.229915,-0.379303
-0.088770,0.229915,-0.379047
-0.084328,0.229915,-0.378874
-0.079878,0.229915,-0.378975
-0.075427,0.229914,-0.379148
-0.070973,0.229915,-0.379371
-0.066511,0.229915,-0.379829
-0.062028,0.229915,-0.380897
-0.057548,0.229915,-0.381806
-0.053063,0.229915,-0.382716
-0.048552,0.229915,-0.384302
-0.043982,0.229915,-0.387353
-0.039400,0.229915,-0.390426
-0.034805,0.229915,-0.393588
-0.030128,0.229915,-0.398489
-0.025400,0.229915,-0.404222
-0.020632,0.229915,-0.410429
-0.015614,0.229915,-0.421628
-0.009980,0.229915,-0.445057
-0.274807,0.234497,-0.469249
-0.269767,0.234480,-0.457989
-0.264860,0.234467,-0.449268
-0.260035,0.234456,-0.442033
-0.255269,0.234446,-0.435809
-0.250539,0.234437,-0.430105
-0.245835,0.234429,-0.424635
-0.241164,0.234421,-0.419671
-0.236515,0.234414,-0.414918
-0.231884,0.234407,-0.410279
-0.227293,0.234401,-0.406623
-0.222713,0.234396,-0.402948
-0.218162,0.234391,-0.400033
-0.213638,0.234388,-0.397918
-0.209121,0.234385,-0.395807
-0.204617,0.234382,-0.394057
-0.200123,0.234380,-0.392565
-0.195634,0.234377,-0.391075
-0.191146,0.234375,-0.389359
-0.186661,0.234372,-0.387368
-0.182179,0.234368,-0.385196
-0.177709,0.234366,-0.383400
-0.173244,0.234363,-0.381608
-0.168784,0.234360,-0.379827
-0.164334,0.234359,-0.378858
-0.159887,0.234358,-0.378097
-0.155443,0.234356,-0.377380
-0.151002,0.234356,-0.376909
-0.146560,0.234356,-0.377168
-0.142118,0.234356,-0.377427
-0.137675,0.234357,-0.377500
-0.133230,0.234357,-0.377919
-0.128783,0.234358,-0.378550
-0.124333,0.234359,-0.379180
-0.119881,0.234360,-0.379809
-0.115433,0.234360,-0.380001
-0.110984,0.234361,-0.380187
-0.106534,0.234361,-0.380355
-0.102086,0.234361,-0.380355
-0.097643,0.234361,-0.380098
-0.093200,0.234360,-0.379852
-0.088757,0.234360,-0.379676
-0.084308,0.234360,-0.379743
-0.079853,0.234360,-0.379995
-0.075399,0.234361,-0.380217
-0.070943,0.234361,-0.380441
-0.066469,0.234362,-0.381270
-0.061982,0.234364,-0.382413
-0.057493,0.234366,-0.383508
-0.053006,0.234367,-0.384420
-0.048459,0.234371,-0.386948
-0.043884,0.234376,-0.390005
-0.039299,0.234380,-0.393068
-0.034674,0.234386,-0.396890
-0.029953,0.234395,-0.402715
-0.025213,0.234404,-0.408551
-0.020279,0.234419,-0.418358
-0.015146,0.234440,-0.431789
-0.274610,0.239066,-0.464493
-0.269603,0.239033,-0.453868
-0.264716,0.239007,-0.445511
-0.259935,0.238988,-0.439305
-0.255178,0.238970,-0.433249
-0.250463,0.238953,-0.427838
-0.245773,0.238937,-0.422716
-0.241115,0.238923,-0.418075
-0.236473,0.238909,-0.413488
-0.231859,0.238896,-0.409367
-0.227268,0.238885,-0.405683
-0.222690,0.238874,-0.402009
-0.218156,0.238867,-0.399737
-0.213631,0.238860,-0.397588
-0.209109,0.238853,-0.395230
-0.204608,0.238848,-0.393597
-0.200113,0.238843,-0.392008
-0.195625,0.238839,-0.390504
-0.191136,0.238833,-0.388618
-0.186653,0.238827,-0.386709
-0.182174,0.238821,-0.384658
-0.177704,0.238815,-0.382863
-0.173241,0.238810,-0.381223
-0.168784,0.238806,-0.379743
-0.164336,0.238804,-0.379312
-0.159888,0.238802,-0.378485
-0.155444,0.238799,-0.377659
-0.151002,0.238799,-0.377506
-0.146559,0.238799,-0.377715
-0.142116,0.238800,-0.377975
-0.137672,0.238801,-0.378149
-0.133225,0.238803,-0.378780
-0.128776,0.238805,-0.379411
-0.124325,0.238806,-0.380044
-0.119874,0.238808,-0.380481
-0.115424,0.238808,-0.380673
-0.110974,0.238809,-0.380865
-0.106523,0.238810,-0.381073
-0.102076,0.238809,-0.380991
-0.097630,0.238809,-0.380815
-0.093185,0.238808,-0.380638
-0.088740,0.238808,-0.380461
-0.084285,0.238809,-0.380740
-0.079828,0.238809,-0.381021
-0.075371,0.238810,-0.381289
-0.070912,0.238811,-0.381569
-0.066427,0.238815,-0.382712
-0.061938,0.238818,-0.383856
-0.057445,0.238822,-0.385001
-0.052934,0.238826,-0.386549
-0.048365,0.238836,-0.389619
-0.043785,0.238845,-0.392696
-0.039195,0.238855,-0.395780
-0.034505,0.238871,-0.401109
-0.029776,0.238889,-0.406990
-0.024959,0.238912,-0.414478
-0.019924,0.238948,-0.426329
-0.279501,0.243674,-0.471641
-0.274357,0.243613,-0.458395
-0.269443,0.243574,-0.449853
-0.264619,0.243542,-0.442976
-0.259837,0.243513,-0.436654
-0.255104,0.243488,-0.431138
-0.250401,0.243464,-0.426004
-0.245721,0.243441,-0.421077
-0.241066,0.243420,-0.416485
-0.236429,0.243399,-0.411969
-0.231830,0.243383,-0.408323
-0.227243,0.243366,-0.404730
-0.222679,0.243351,-0.401559
-0.218143,0.243341,-0.399210
-0.213615,0.243330,-0.396849
-0.209101,0.243320,-0.394800
-0.204601,0.243313,-0.393209
-0.200106,0.243306,-0.391591
-0.195616,0.243298,-0.389894
-0.191126,0.243289,-0.387922
-0.186644,0.243280,-0.385994
-0.182169,0.243272,-0.384185
-0.177702,0.243264,-0.382621
-0.173239,0.243257,-0.381057
-0.168785,0.243252,-0.380037
-0.164338,0.243251,-0.379630
-0.159890,0.243247,-0.378939
-0.155445,0.243244,-0.378162
-0.151002,0.243245,-0.378327
-0.146558,0.243245,-0.378502
-0.142114,0.243246,-0.378677
-0.137668,0.243248,-0.379039
-0.133220,0.243251,-0.379642
-0.128770,0.243253,-0.380275
-0.124317,0.243256,-0.380908
-0.119867,0.243258,-0.381152
-0.115415,0.243259,-0.381414
-0.110962,0.243260,-0.381764
-0.106509,0.243261,-0.381973
-0.102062,0.243260,-0.381787
-0.097615,0.243260,-0.381602
-0.093169,0.243259,-0.381425
-0.088719,0.243259,-0.381457
-0.084262,0.243260,-0.381738
-0.079804,0.243262,-0.382019
-0.075343,0.243263,-0.382362
-0.070868,0.243267,-0.383170
-0.066378,0.243272,-0.384398
-0.061884,0.243278,-0.385628
-0.057385,0.243284,-0.386859
-0.052839,0.243295,-0.389349
-0.048268,0.243309,-0.392347
-0.043685,0.243323,-0.395409
-0.039053,0.243342,-0.399467
-0.034332,0.243369,-0.405446
-0.029582,0.243398,-0.411664
-0.024598,0.243450,-0.422876
-0.279208,0.248219,-0.464814
-0.274195,0.248155,-0.454481
-0.269322,0.248108,-0.446819
-0.264523,0.248069,-0.440480
-0.259740,0.248030,-0.433996
-0.255032,0.248000,-0.429107
-0.250339,0.247969,-0.424174
-0.245671,0.247941,-0.419519
-0.241021,0.247913,-0.414992
-0.236396,0.247887,-0.410835
-0.231800,0.247865,-0.407236
-0.227216,0.247844,-0.403682
-0.222663,0.247827,-0.400931
-0.218126,0.247812,-0.398470
-0.213599,0.247797,-0.396109
-0.209093,0.247787,-0.394404
-0.204592,0.247776,-0.392708
-0.200097,0.247766,-0.391015
-0.195607,0.247755,-0.389322
-0.191119,0.247744,-0.387417
-0.186637,0.247732,-0.385449
-0.182168,0.247723,-0.384076
-0.177700,0.247713,-0.382470
-0.173238,0.247704,-0.380892
-0.168787,0.247700,-0.380331
-0.164339,0.247698,-0.379924
-0.159891,0.247695,-0.379394
-0.155446,0.247692,-0.378988
-0.151001,0.247693,-0.379153
-0.146557,0.247694,-0.379323
-0.142111,0.247695,-0.379499
-0.137664,0.247698,-0.380021
-0.133214,0.247702,-0.380611
-0.128762,0.247706,-0.381202
-0.124310,0.247709,-0.381720
-0.119857,0.247711,-0.382106
-0.115403,0.247713,-0.382456
-0.110947,0.247715,-0.382808
-0.106497,0.247715,-0.382775
-0.102049,0.247714,-0.382589
-0.097601,0.247713,-0.382403
-0.093152,0.247712,-0.382263
-0.088693,0.247714,-0.382652
-0.084232,0.247717,-0.383045
-0.079769,0.247719,-0.383440
-0.075303,0.247722,-0.383874
-0.070815,0.247729,-0.385087
-0.066322,0.247737,-0.386302
-0.061825,0.247744,-0.387528
-0.057311,0.247754,-0.389164
-0.052745,0.247773,-0.392162
-0.048169,0.247791,-0.395166
-0.043579,0.247810,-0.398272
-0.038875,0.247846,-0.404098
-0.034138,0.247884,-0.410308
-0.029244,0.247943,-0.419811
-0.023756,0.248081,-0.442455
-0.284203,0.252866,-0.474044
-0.278970,0.252752,-0.459286
-0.274062,0.252691,-0.451260
-0.269216,0.252636,-0.444166
-0.264399,0.252583,-0.437241
-0.259658,0.252542,-0.431785
-0.254955,0.252504,-0.426914
-0.250275,0.252469,-0.422267
-0.245621,0.252436,-0.417979
-0.240975,0.252401,-0.413501
-0.236364,0.252373,-0.409758
-0.231772,0.252345,-0.406222
-0.227195,0.252320,-0.402881
-0.222650,0.252301,-0.400395
-0.218114,0.252282,-0.397914
-0.213588,0.252264,-0.395601
-0.209081,0.252250,-0.393826
-0.204581,0.252237,-0.392132
-0.200087,0.252224,-0.390438
-0.195598,0.252211,-0.388746
-0.191112,0.252197,-0.386911
-0.186635,0.252184,-0.385243
-0.182167,0.252175,-0.384028
-0.177700,0.252163,-0.382423
-0.173240,0.252153,-0.381097
-0.168789,0.252149,-0.380669
-0.164340,0.252146,-0.380236
-0.159893,0.252143,-0.379812
-0.155447,0.252143,-0.379814
-0.151002,0.252144,-0.379979
-0.146555,0.252145,-0.380146
-0.142108,0.252147,-0.380414
-0.137659,0.252152,-0.381004
-0.133208,0.252156,-0.381543
-0.128756,0.252160,-0.382041
-0.124302,0.252164,-0.382515
-0.119847,0.252167,-0.382979
-0.115391,0.252171,-0.383442
-0.110934,0.252173,-0.383763
-0.106483,0.252172,-0.383648
-0.102032,0.252172,-0.383549
-0.097582,0.252171,-0.383449
-0.093126,0.252172,-0.383588
-0.088663,0.252175,-0.384055
-0.084198,0.252179,-0.384518
-0.079733,0.252182,-0.384912
-0.075254,0.252189,-0.385792
-0.070762,0.252198,-0.387007
-0.066266,0.252207,-0.388223
-0.061766,0.252217,-0.389471
-0.057215,0.252237,-0.392137
-0.052639,0.252262,-0.395276
-0.048054,0.252286,-0.398422
-0.043398,0.252322,-0.403183
-0.038679,0.252368,-0.409221
-0.033864,0.252430,-0.417188
-0.028762,0.252539,-0.431467
-0.283910,0.257396,-0.467461
-0.278847,0.257294,-0.456414
-0.273928,0.257217,-0.448034
-0.269085,0.257151,-0.440900
-0.264293,0.257092,-0.434470
-0.259578,0.257047,-0.429625
-0.254881,0.257003,-0.424810
-0.250212,0.256963,-0.420423
-0.245562,0.256923,-0.416139
-0.240937,0.256888,-0.412272
-0.236336,0.256855,-0.408766
-0.231744,0.256823,-0.405232
-0.227181,0.256796,-0.402345
-0.222636,0.256773,-0.399817
-0.218098,0.256749,-0.397253
-0.213581,0.256731,-0.395248
-0.209073,0.256714,-0.393437
-0.204572,0.256698,-0.391628
-0.200077,0.256681,-0.389862
-0.195589,0.256666,-0.388170
-0.191105,0.256649,-0.386405
-0.186632,0.256637,-0.385043
-0.182166,0.256626,-0.383909
-0.177699,0.256612,-0.382374
-0.173243,0.256604,-0.381473
-0.168792,0.256600,-0.381054
-0.164342,0.256596,-0.380619
-0.159894,0.256593,-0.380276
-0.155448,0.256595,-0.380470
-0.151001,0.256597,-0.380723
-0.146554,0.256599,-0.380971
-0.142106,0.256603,-0.381356
-0.137655,0.256608,-0.381854
-0.133203,0.256612,-0.382353
-0.128750,0.256617,-0.382848
-0.124295,0.256621,-0.383312
-0.119839,0.256625,-0.383778
-0.115379,0.256631,-0.384350
-0.110922,0.256633,-0.384626
-0.106467,0.256634,-0.384694
-0.102014,0.256633,-0.384635
-0.097561,0.256632,-0.384536
-0.093099,0.256636,-0.384956
-0.088633,0.256640,-0.385424
-0.084166,0.256645,-0.385893
-0.079692,0.256651,-0.386590
-0.075199,0.256663,-0.387890
-0.070702,0.256675,-0.389185
-0.066200,0.256687,-0.390481
-0.061674,0.256705,-0.392466
-0.057106,0.256733,-0.395517
-0.052528,0.256761,-0.398573
-0.047917,0.256796,-0.402310
-0.043199,0.256854,-0.408600
-0.038456,0.256913,-0.415045
-0.033402,0.257039,-0.428758
-0.289090,0.262114,-0.480280
-0.283653,0.261914,-0.461691
-0.278702,0.261821,-0.453052
-0.273804,0.261735,-0.445028
-0.268967,0.261659,-0.437916
-0.264213,0.261599,-0.432389
-0.259501,0.261547,-0.427517
-0.254812,0.261497,-0.422870
-0.250156,0.261453,-0.418752
-0.245519,0.261411,-0.414807
-0.240904,0.261372,-0.411190
-0.236305,0.261334,-0.407707
-0.231718,0.261298,-0.404289
-0.227165,0.261270,-0.401707
-0.222620,0.261242,-0.399140
-0.218086,0.261216,-0.396711
-0.213573,0.261197,-0.394897
-0.209065,0.261177,-0.393017
-0.204563,0.261156,-0.391140
-0.200071,0.261139,-0.389510
-0.195582,0.261120,-0.387719
-0.191100,0.261101,-0.385995
-0.186630,0.261089,-0.384843
-0.182164,0.261077,-0.383709
-0.177699,0.261062,-0.382326
-0.173246,0.261057,-0.381850
-0.168794,0.261052,-0.381436
-0.164344,0.261048,-0.381003
-0.159896,0.261046,-0.380862
-0.155449,0.261048,-0.381008
-0.151001,0.261050,-0.381261
-0.146553,0.261053,-0.381514
-0.142103,0.261059,-0.382057
-0.137652,0.261065,-0.382617
-0.133198,0.261071,-0.383163
-0.128744,0.261076,-0.383653
-0.124287,0.261082,-0.384225
-0.119828,0.261088,-0.384797
-0.115367,0.261094,-0.385366
-0.110911,0.261095,-0.385434
-0.106455,0.261096,-0.385502
-0.101998,0.261097,-0.385571
-0.097535,0.261101,-0.385976
-0.093066,0.261107,-0.386569
-0.088596,0.261114,-0.387164
-0.084123,0.261120,-0.387758
-0.079636,0.261132,-0.388869
-0.075139,0.261146,-0.390181
-0.070638,0.261160,-0.391492
-0.066132,0.261175,-0.392836
-0.061569,0.261207,-0.395887
-0.056994,0.261241,-0.398987
-0.052408,0.261274,-0.402127
-0.047710,0.261339,-0.408155
-0.042979,0.261408,-0.414567
-0.038033,0.261531,-0.426056
-0.288678,0.266604,-0.471335
-0.283500,0.266443,-0.458242
-0.278536,0.266332,-0.449178
-0.273681,0.266245,-0.442068
-0.268868,0.266164,-0.435443
-0.264139,0.266103,-0.430471
-0.259425,0.266041,-0.425464
-0.254761,0.265992,-0.421420
-0.250113,0.265943,-0.417469
-0.245480,0.265896,-0.413599
-0.240871,0.265853,-0.410109
-0.236276,0.265811,-0.406711
-0.231702,0.265774,-0.403692
-0.227148,0.265742,-0.401073
-0.222603,0.265710,-0.398463
-0.218077,0.265684,-0.396321
-0.213562,0.265660,-0.394395
-0.209054,0.265636,-0.392473
-0.204556,0.265615,-0.390751
-0.200066,0.265596,-0.389185
-0.195577,0.265574,-0.387396
-0.191099,0.265556,-0.385933
-0.186629,0.265542,-0.384773
-0.182162,0.265527,-0.383579
-0.177702,0.265516,-0.382631
-0.173248,0.265511,-0.382227
-0.168796,0.265506,-0.381812
-0.164346,0.265500,-0.381387
-0.159898,0.265501,-0.381449
-0.155450,0.265503,-0.381577
-0.151001,0.265505,-0.381799
-0.146552,0.265510,-0.382152
-0.142101,0.265516,-0.382697
-0.137649,0.265523,-0.383257
-0.133194,0.265530,-0.383817
-0.128737,0.265539,-0.384504
-0.124277,0.265547,-0.385215
-0.119817,0.265555,-0.385816
-0.115357,0.265559,-0.386175
-0.110899,0.265561,-0.386294
-0.106439,0.265563,-0.386522
-0.101978,0.265566,-0.386748
-0.097507,0.265575,-0.387489
-0.093032,0.265585,-0.388304
-0.088556,0.265594,-0.389031
-0.084075,0.265604,-0.389839
-0.079580,0.265620,-0.391151
-0.075078,0.265637,-0.392514
-0.070571,0.265654,-0.393941
-0.066026,0.265685,-0.396456
-0.061457,0.265723,-0.399542
-0.056875,0.265762,-0.402683
-0.052217,0.265824,-0.407788
-0.047491,0.265905,-0.414377
-0.042618,0.266028,-0.424380
-0.294006,0.271403,-0.486729
-0.288412,0.271111,-0.465568
-0.283332,0.270958,-0.454473
-0.278409,0.270844,-0.446233
-0.273562,0.270747,-0.439197
-0.268791,0.270669,-0.433520
-0.264056,0.270597,-0.428304
-0.259353,0.270531,-0.423503
-0.254704,0.270480,-0.419823
-0.250068,0.270429,-0.416152
-0.245446,0.270379,-0.412559
-0.240842,0.270333,-0.409175
-0.236249,0.270286,-0.405799
-0.231685,0.270249,-0.403096
-0.227133,0.270213,-0.400478
-0.222589,0.270177,-0.397894
-0.218066,0.270149,-0.395862
-0.213551,0.270121,-0.393850
-0.209043,0.270095,-0.391929
-0.204549,0.270073,-0.390363
-0.200059,0.270052,-0.388820
-0.195572,0.270028,-0.387072
-0.191098,0.270011,-0.385868
-0.186628,0.269995,-0.384746
-0.182162,0.269979,-0.383552
-0.177704,0.269969,-0.382839
-0.173250,0.269964,-0.382469
-0.168798,0.269959,-0.382115
-0.164348,0.269956,-0.381890
-0.159899,0.269958,-0.382035
-0.155451,0.269960,-0.382164
-0.151002,0.269962,-0.382338
-0.146551,0.269969,-0.382797
-0.142099,0.269976,-0.383343
-0.137646,0.269984,-0.383897
-0.133190,0.269992,-0.384487
-0.128732,0.270002,-0.385199
-0.124271,0.270012,-0.385911
-0.119808,0.270022,-0.386640
-0.115345,0.270029,-0.387188
-0.110882,0.270034,-0.387516
-0.106421,0.270037,-0.387742
-0.101954,0.270043,-0.388170
-0.097480,0.270054,-0.388985
-0.093002,0.270065,-0.389812
-0.088518,0.270079,-0.390787
-0.084017,0.270101,-0.392372
-0.079513,0.270121,-0.393865
-0.075006,0.270141,-0.395293
-0.070477,0.270169,-0.397331
-0.065913,0.270211,-0.400343
-0.061339,0.270252,-0.403361
-0.056716,0.270311,-0.407605
-0.051995,0.270404,-0.414371
-0.047185,0.270524,-0.423038
-0.042038,0.270760,-0.440112
-0.293444,0.275833,-0.474915
-0.288202,0.275619,-0.460988
-0.283168,0.275463,-0.450792
-0.278293,0.275351,-0.443526
-0.273451,0.275244,-0.436518
-0.268696,0.275161,-0.431150
-0.263960,0.275079,-0.425802
-0.259291,0.275019,-0.421835
-0.254647,0.274963,-0.418191
-0.250019,0.274909,-0.414693
-0.245413,0.274860,-0.411518
-0.240814,0.274810,-0.408262
-0.236229,0.274762,-0.405122
-0.231669,0.274722,-0.402505
-0.227117,0.274682,-0.399898
-0.222581,0.274646,-0.397552
-0.218059,0.274615,-0.395521
-0.213543,0.274584,-0.393494
-0.209037,0.274555,-0.391599
-0.204542,0.274530,-0.389978
-0.200053,0.274506,-0.388431
-0.195569,0.274482,-0.386882
-0.191097,0.274466,-0.385804
-0.186628,0.274449,-0.384719
-0.182162,0.274431,-0.383525
-0.177706,0.274424,-0.383068
-0.173252,0.274418,-0.382660
-0.168799,0.274412,-0.382307
-0.164350,0.274411,-0.382251
-0.159901,0.274414,-0.382443
-0.155452,0.274417,-0.382648
-0.151001,0.274421,-0.382871
-0.146550,0.274430,-0.383443
-0.142098,0.274438,-0.383988
-0.137643,0.274446,-0.384537
-0.133186,0.274456,-0.385182
-0.128726,0.274467,-0.385902
-0.124264,0.274479,-0.386647
-0.119800,0.274489,-0.387351
-0.115336,0.274497,-0.387853
-0.110871,0.274505,-0.388357
-0.106403,0.274513,-0.388861
-0.101926,0.274527,-0.389824
-0.097446,0.274542,-0.390799
-0.092963,0.274557,-0.391775
-0.088470,0.274577,-0.393046
-0.083963,0.274603,-0.394730
-0.079450,0.274629,-0.396416
-0.074930,0.274656,-0.398210
-0.070368,0.274703,-0.401274
-0.065796,0.274750,-0.404347
-0.061203,0.274803,-0.407811
-0.056494,0.274906,-0.414519
-0.051735,0.275022,-0.422064
-0.046759,0.275222,-0.435113
-0.293201,0.280339,-0.469795
-0.288011,0.280121,-0.456857
-0.283049,0.279973,-0.448105
-0.278175,0.279850,-0.440793
-0.273365,0.279742,-0.434441
-0.268600,0.279646,-0.428735
-0.263885,0.279564,-0.423856
-0.259236,0.279504,-0.420322
-0.254598,0.279445,-0.416797
-0.249977,0.279388,-0.413461
-0.245373,0.279335,-0.410288
-0.240782,0.279283,-0.407207
-0.236212,0.279238,-0.404532
-0.231653,0.279194,-0.401924
-0.227102,0.279150,-0.399317
-0.222572,0.279114,-0.397211
-0.218050,0.279079,-0.395145
-0.213534,0.279044,-0.393067
-0.209032,0.279016,-0.391379
-0.204538,0.278989,-0.389777
-0.200048,0.278961,-0.388160
-0.195568,0.278939,-0.386819
-0.191096,0.278921,-0.385740
-0.186627,0.278902,-0.384663
-0.182164,0.278887,-0.383754
-0.177708,0.278879,-0.383297
-0.173253,0.278872,-0.382852
-0.168801,0.278866,-0.382498
-0.164351,0.278868,-0.382622
-0.159902,0.278871,-0.382790
-0.155452,0.278874,-0.382995
-0.151001,0.278880,-0.383309
-0.146550,0.278889,-0.383875
-0.142096,0.278900,-0.384518
-0.137640,0.278911,-0.385159
-0.133182,0.278923,-0.385909
-0.128721,0.278936,-0.386655
-0.124257,0.278949,-0.387401
-0.119793,0.278959,-0.388016
-0.115328,0.278967,-0.388520
-0.110860,0.278978,-0.389124
-0.106387,0.278991,-0.389908
-0.101902,0.279014,-0.391278
-0.097412,0.279037,-0.392650
-0.092923,0.279056,-0.393741
-0.088418,0.279084,-0.395432
-0.083905,0.279115,-0.397257
-0.079385,0.279146,-0.399084
-0.074832,0.279194,-0.401964
-0.070259,0.279249,-0.405225
-0.065677,0.279303,-0.408430
-0.060986,0.279412,-0.414880
-0.056257,0.279530,-0.421855
-0.051288,0.279757,-0.435303
-0.298148,0.285057,-0.476985
-0.292948,0.284826,-0.464490
-0.287824,0.284611,-0.452799
-0.282924,0.284473,-0.445310
-0.278060,0.284341,-0.438115
-0.273280,0.284236,-0.432394
-0.268519,0.284131,-0.426692
-0.263837,0.284055,-0.422590
-0.259184,0.283988,-0.418926
-0.254549,0.283923,-0.415407
-0.249937,0.283865,-0.412262
-0.245343,0.283812,-0.409360
-0.240760,0.283759,-0.406509
-0.236194,0.283711,-0.403915
-0.231636,0.283664,-0.401325
-0.227091,0.283619,-0.398881
-0.222562,0.283580,-0.396798
-0.218040,0.283542,-0.394717
-0.213526,0.283505,-0.392713
-0.209028,0.283476,-0.391159
-0.204534,0.283447,-0.389576
-0.200045,0.283418,-0.387959
-0.195567,0.283395,-0.386762
-0.191095,0.283376,-0.385682
-0.186627,0.283356,-0.384602
-0.182166,0.283344,-0.383951
-0.177710,0.283336,-0.383526
-0.173255,0.283328,-0.383071
-0.168803,0.283323,-0.382842
-0.164353,0.283326,-0.382991
-0.159903,0.283329,-0.383140
-0.155452,0.283333,-0.383343
-0.151001,0.283340,-0.383747
-0.146549,0.283349,-0.384241
-0.142095,0.283361,-0.384883
-0.137638,0.283374,-0.385588
-0.133178,0.283390,-0.386460
-0.128716,0.283406,-0.387316
-0.124250,0.283421,-0.388156
-0.119785,0.283433,-0.388774
-0.115317,0.283444,-0.389397
-0.110848,0.283455,-0.390022
-0.106369,0.283476,-0.391112
-0.101882,0.283501,-0.392484
-0.097388,0.283528,-0.393974
-0.092881,0.283563,-0.395880
-0.088360,0.283605,-0.398151
-0.083840,0.283640,-0.400057
-0.079302,0.283684,-0.402446
-0.074732,0.283746,-0.405774
-0.070146,0.283811,-0.409321
-0.065481,0.283918,-0.415160
-0.060761,0.284048,-0.422189
-0.055828,0.284287,-0.435173
-0.297817,0.289518,-0.470237
-0.292729,0.289312,-0.459892
-0.287710,0.289121,-0.450318
-0.282796,0.288964,-0.442430
-0.277972,0.288837,-0.436061
-0.273195,0.288723,-0.430342
-0.268459,0.288620,-0.425195
-0.263794,0.288546,-0.421469
-0.259141,0.288471,-0.417753
-0.254513,0.288405,-0.414404
-0.249912,0.288347,-0.411516
-0.245319,0.288289,-0.408616
-0.240741,0.288235,-0.405891
-0.236177,0.288184,-0.403316
-0.231625,0.288136,-0.400921
-0.227085,0.288091,-0.398662
-0.222554,0.288047,-0.396470
-0.218030,0.288004,-0.394291
-0.213521,0.287968,-0.392492
-0.209024,0.287937,-0.390939
-0.204530,0.287905,-0.389375
-0.200044,0.287876,-0.387886
-0.195567,0.287853,-0.386728
-0.191094,0.287831,-0.385624
-0.186626,0.287810,-0.384580
-0.182167,0.287799,-0.384031
-0.177711,0.287791,-0.383623
-0.173256,0.287783,-0.383215
-0.168805,0.287781,-0.383134
-0.164355,0.287786,-0.383361
-0.159904,0.287789,-0.383510
-0.155453,0.287793,-0.383725
-0.151001,0.287802,-0.384185
-0.146549,0.287811,-0.384645
-0.142094,0.287823,-0.385250
-0.137636,0.287839,-0.386039
-0.133175,0.287857,-0.386922
-0.128712,0.287874,-0.387780
-0.124245,0.287894,-0.388790
-0.119775,0.287912,-0.389699
-0.115306,0.287924,-0.390299
-0.110835,0.287937,-0.390946
-0.106348,0.287967,-0.392436
-0.101856,0.287998,-0.394025
-0.097358,0.288030,-0.395616
-0.092842,0.288074,-0.397842
-0.088318,0.288120,-0.400117
-0.083780,0.288170,-0.402661
-0.079198,0.288251,-0.406677
-0.074615,0.288322,-0.410276
-0.069980,0.288423,-0.415328
-0.065278,0.288559,-0.422129
-0.060390,0.288801,-0.434274
-0.302950,0.294332,-0.480836
-0.297568,0.293996,-0.465180
-0.292504,0.293780,-0.455149
-0.287606,0.293628,-0.448057
-0.282695,0.293459,-0.440169
-0.277883,0.293326,-0.434003
-0.273110,0.293204,-0.428293
-0.268414,0.293113,-0.424071
-0.263747,0.293031,-0.420258
-0.259092,0.292948,-0.416412
-0.254482,0.292886,-0.413511
-0.249884,0.292826,-0.410705
-0.245295,0.292765,-0.407872
-0.240727,0.292712,-0.405424
-0.236168,0.292661,-0.403027
-0.231617,0.292610,-0.400643
-0.227080,0.292562,-0.398448
-0.222549,0.292515,-0.396257
-0.218026,0.292470,-0.394120
-0.213519,0.292432,-0.392367
-0.209020,0.292397,-0.390737
-0.204527,0.292363,-0.389167
-0.200043,0.292335,-0.387852
-0.195566,0.292310,-0.386693
-0.191094,0.292286,-0.385567
-0.186628,0.292268,-0.384712
-0.182168,0.292255,-0.384153
-0.177712,0.292246,-0.383703
-0.173257,0.292237,-0.383303
-0.168805,0.292235,-0.383209
-0.164355,0.292240,-0.383439
-0.159905,0.292245,-0.383682
-0.155454,0.292254,-0.384083
-0.151002,0.292266,-0.384623
-0.146548,0.292276,-0.385084
-0.142093,0.292287,-0.385615
-0.137634,0.292306,-0.386490
-0.133173,0.292325,-0.387379
-0.128708,0.292343,-0.388242
-0.124238,0.292370,-0.389463
-0.119765,0.292395,-0.390651
-0.115295,0.292408,-0.391252
-0.110816,0.292431,-0.392314
-0.106324,0.292468,-0.394025
-0.101828,0.292503,-0.395667
-0.097322,0.292543,-0.397532
-0.092797,0.292598,-0.400082
-0.088261,0.292655,-0.402747
-0.083699,0.292729,-0.406196
-0.079111,0.292815,-0.410222
-0.074496,0.292915,-0.414848
-0.069798,0.293067,-0.421916
-0.064934,0.293325,-0.433931
-0.302673,0.298809,-0.475375
-0.297380,0.298486,-0.461340
-0.292377,0.298282,-0.452477
-0.287502,0.298129,-0.445800
-0.282628,0.297964,-0.438655
-0.277817,0.297821,-0.432452
-0.273043,0.297689,-0.426688
-0.268362,0.297598,-0.422755
-0.263695,0.297510,-0.418904
-0.259056,0.297430,-0.415430
-0.254450,0.297365,-0.412620
-0.249858,0.297303,-0.409911
-0.245280,0.297245,-0.407411
-0.240717,0.297192,-0.405103
-0.236160,0.297138,-0.402737
-0.231612,0.297085,-0.400429
-0.227075,0.297035,-0.398271
-0.222546,0.296986,-0.396135
-0.218026,0.296939,-0.394099
-0.213518,0.296898,-0.392332
-0.209019,0.296861,-0.390702
-0.204525,0.296823,-0.389076
-0.200042,0.296794,-0.387795
-0.195566,0.296768,-0.386659
-0.191093,0.296741,-0.385509
-0.186630,0.296726,-0.384845
-0.182170,0.296713,-0.384286
-0.177712,0.296701,-0.383783
-0.173258,0.296695,-0.383497
-0.168806,0.296693,-0.383403
-0.164355,0.296695,-0.383501
-0.159905,0.296701,-0.383744
-0.155454,0.296713,-0.384269
-0.151001,0.296725,-0.384819
-0.146547,0.296738,-0.385359
-0.142091,0.296755,-0.386103
-0.137632,0.296774,-0.386941
-0.133170,0.296795,-0.387830
-0.128705,0.296815,-0.388705
-0.124232,0.296848,-0.390137
-0.119755,0.296881,-0.391601
-0.115283,0.296895,-0.392205
-0.110797,0.296929,-0.393677
-0.106303,0.296969,-0.395390
-0.101804,0.297007,-0.397082
-0.097279,0.297072,-0.399905
-0.092742,0.297140,-0.402848
-0.088197,0.297206,-0.405716
-0.083614,0.297302,-0.409879
-0.079015,0.297400,-0.414139
-0.074343,0.297551,-0.420697
-0.069566,0.297772,-0.430302
-0.308013,0.303750,-0.489466
-0.302409,0.303276,-0.470170
-0.297266,0.303003,-0.459021
-0.292289,0.302797,-0.450643
-0.287398,0.302623,-0.443545
-0.282563,0.302467,-0.437196
-0.277767,0.302322,-0.431285
-0.273024,0.302197,-0.426209
-0.268321,0.302087,-0.421730
-0.263643,0.301985,-0.417549
-0.259025,0.301912,-0.414598
-0.254427,0.301847,-0.411965
-0.249838,0.301783,-0.409338
-0.245266,0.301725,-0.406964
-0.240704,0.301668,-0.404656
-0.236151,0.301614,-0.402445
-0.231608,0.301561,-0.400295
-0.227072,0.301508,-0.398152
-0.222543,0.301456,-0.396016
-0.218026,0.301409,-0.394109
-0.213518,0.301365,-0.392328
-0.209018,0.301325,-0.390668
-0.204525,0.301286,-0.389085
-0.200040,0.301252,-0.387690
-0.195564,0.301224,-0.386558
-0.191092,0.301197,-0.385466
-0.186630,0.301183,-0.384893
-0.182171,0.301171,-0.384419
-0.177713,0.301158,-0.383862
-0.173259,0.301153,-0.383691
-0.168807,0.301151,-0.383597
-0.164356,0.301150,-0.383563
-0.159905,0.301158,-0.383870
-0.155454,0.301172,-0.384450
-0.151001,0.301186,-0.385015
-0.146547,0.301199,-0.385555
-0.142090,0.301224,-0.386554
-0.137629,0.301248,-0.387536
-0.133166,0.301268,-0.388370
-0.128700,0.301292,-0.389339
-0.124226,0.301328,-0.390810
-0.119747,0.301364,-0.392275
-0.115269,0.301390,-0.393328
-0.110778,0.301432,-0.395032
-0.106283,0.301473,-0.396705
-0.101776,0.301522,-0.398711
-0.097244,0.301597,-0.401767
-0.092701,0.301674,-0.404911
-0.088124,0.301778,-0.409128
-0.083524,0.301893,-0.413802
-0.078878,0.302038,-0.419737
-0.074165,0.302229,-0.427503
-0.307551,0.308136,-0.480629
-0.302291,0.307803,-0.467841
-0.297180,0.307527,-0.457279
-0.292252,0.307333,-0.449851
-0.287343,0.307138,-0.442353
-0.282518,0.306977,-0.436184
-0.277723,0.306823,-0.430277
-0.273004,0.306704,-0.425730
-0.268300,0.306587,-0.421223
-0.263621,0.306476,-0.416970
-0.259006,0.306400,-0.414080
-0.254407,0.306330,-0.411391
-0.249821,0.306263,-0.408827
-0.245253,0.306204,-0.406565
-0.240698,0.306150,-0.404483
-0.236150,0.306095,-0.402388
-0.231606,0.306039,-0.400222
-0.227069,0.305983,-0.398059
-0.222540,0.305926,-0.395908
-0.218026,0.305880,-0.394119
-0.213518,0.305833,-0.392338
-0.209018,0.305789,-0.390634
-0.204525,0.305749,-0.389095
-0.200039,0.305709,-0.387587
-0.195563,0.305680,-0.386453
-0.191092,0.305654,-0.385448
-0.186628,0.305635,-0.384720
-0.182169,0.305622,-0.384255
-0.177713,0.305611,-0.383823
-0.173260,0.305609,-0.383757
-0.168808,0.305610,-0.383767
-0.164356,0.305608,-0.383698
-0.159906,0.305617,-0.384049
-0.155455,0.305632,-0.384630
-0.151002,0.305647,-0.385210
-0.146547,0.305661,-0.385751
-0.142088,0.305694,-0.387000
-0.137626,0.305724,-0.388138
-0.133163,0.305745,-0.388972
-0.128695,0.305773,-0.390039
-0.124220,0.305810,-0.391453
-0.119740,0.305849,-0.392933
-0.115253,0.305893,-0.394646
-0.110761,0.305937,-0.396329
-0.106263,0.305981,-0.398004
-0.101745,0.306048,-0.400571
-0.097206,0.306134,-0.403862
-0.092651,0.306226,-0.407389
-0.088061,0.306348,-0.412058
-0.083443,0.306485,-0.417334
-0.078737,0.306697,-0.425466
-0.312507,0.312916,-0.487009
-0.307162,0.312534,-0.473171
-0.302113,0.312290,-0.464330
-0.297137,0.312070,-0.456394
-0.292214,0.311868,-0.449059
-0.287326,0.311672,-0.441985
-0.282486,0.311493,-0.435473
-0.277699,0.311334,-0.429718
-0.272977,0.311206,-0.425096
-0.268271,0.311079,-0.420489
-0.263617,0.310978,-0.416858
-0.259002,0.310899,-0.413969
-0.254396,0.310819,-0.411082
-0.249814,0.310751,-0.408610
-0.245252,0.310693,-0.406524
-0.240697,0.310636,-0.404442
-0.236147,0.310577,-0.402314
-0.231604,0.310517,-0.400148
-0.227069,0.310459,-0.398043
-0.222542,0.310402,-0.395992
-0.218027,0.310351,-0.394140
-0.213518,0.310302,-0.392352
-0.209017,0.310254,-0.390613
-0.204526,0.310212,-0.389104
-0.200039,0.310170,-0.387596
-0.195561,0.310136,-0.386348
-0.191092,0.310110,-0.385429
-0.186626,0.310086,-0.384545
-0.182168,0.310073,-0.384080
-0.177712,0.310064,-0.383747
-0.173259,0.310060,-0.383598
-0.168807,0.310060,-0.383607
-0.164356,0.310060,-0.383617
-0.159906,0.310079,-0.384274
-0.155455,0.310094,-0.384824
-0.151001,0.310109,-0.385390
-0.146546,0.310131,-0.386177
-0.142087,0.310166,-0.387445
-0.137624,0.310201,-0.388715
-0.133159,0.310225,-0.389573
-0.128689,0.310258,-0.390767
-0.124214,0.310294,-0.392090
-0.119733,0.310335,-0.393571
-0.115239,0.310397,-0.395794
-0.110744,0.310445,-0.397527
-0.106243,0.310495,-0.399344
-0.101707,0.310591,-0.402814
-0.097163,0.310683,-0.406164
-0.092591,0.310800,-0.410403
-0.087984,0.310945,-0.415628
-0.083320,0.311139,-0.422667
-0.078524,0.311456,-0.434146
-0.317768,0.317866,-0.498528
-0.312018,0.317264,-0.477900
-0.306906,0.316983,-0.468257
-0.301907,0.316750,-0.460256
-0.297049,0.316585,-0.454602
-0.292176,0.316400,-0.448264
-0.287316,0.316210,-0.441751
-0.282486,0.316027,-0.435480
-0.277697,0.315858,-0.429675
-0.272947,0.315703,-0.424359
-0.268242,0.315569,-0.419756
-0.263613,0.315481,-0.416745
-0.258994,0.315394,-0.413765
-0.254385,0.315307,-0.410774
-0.249814,0.315244,-0.408617
-0.245251,0.315183,-0.406507
-0.240696,0.315121,-0.404402
-0.236147,0.315060,-0.402289
-0.231605,0.314998,-0.400183
-0.227070,0.314937,-0.398081
-0.222544,0.314879,-0.396076
-0.218027,0.314823,-0.394166
-0.213519,0.314771,-0.392378
-0.209015,0.314717,-0.390530
-0.204524,0.314673,-0.389033
-0.200039,0.314631,-0.387587
-0.195561,0.314594,-0.386312
-0.191092,0.314568,-0.385411
-0.186626,0.314542,-0.384510
-0.182166,0.314524,-0.383906
-0.177711,0.314517,-0.383671
-0.173258,0.314511,-0.383465
-0.168806,0.314511,-0.383448
-0.164356,0.314518,-0.383691
-0.159907,0.314543,-0.384550
-0.155455,0.314559,-0.385099
-0.151001,0.314575,-0.385649
-0.146545,0.314604,-0.386664
-0.142085,0.314640,-0.387904
-0.137622,0.314677,-0.389162
-0.133155,0.314710,-0.390295
-0.128684,0.314745,-0.391495
-0.124208,0.314781,-0.392727
-0.119724,0.314830,-0.394408
-0.115226,0.314900,-0.396813
-0.110728,0.314955,-0.398677
-0.106215,0.315027,-0.401168
-0.101676,0.315130,-0.404681
-0.097124,0.315235,-0.408309
-0.092523,0.315396,-0.413826
-0.087893,0.315574,-0.419909
-0.083188,0.315821,-0.428396
-0.321365,0.321933,-0.480131
-0.316296,0.321680,-0.471900
-0.311421,0.321524,-0.466793
-0.306637,0.321411,-0.463117
-0.301787,0.321250,-0.457893
-0.296937,0.321079,-0.452321
-0.292124,0.320921,-0.447175
-0.287325,0.320761,-0.441956
-0.282496,0.320569,-0.435693
-0.277714,0.320396,-0.430068
-0.272956,0.320228,-0.424581
-0.268235,0.320074,-0.419575
-0.263601,0.319979,-0.416453
-0.258983,0.319887,-0.413456
-0.254384,0.319803,-0.410737
-0.249814,0.319738,-0.408624
-0.245252,0.319674,-0.406528
-0.240697,0.319610,-0.404438
-0.236148,0.319545,-0.402329
-0.231606,0.319480,-0.400222
-0.227072,0.319416,-0.398131
-0.222547,0.319356,-0.396160
-0.218028,0.319295,-0.394191
-0.213520,0.319240,-0.392403
-0.209015,0.319182,-0.390508
-0.204521,0.319132,-0.388868
-0.200036,0.319088,-0.387423
-0.195558,0.319049,-0.386178
-0.191090,0.319023,-0.385324
-0.186625,0.318997,-0.384472
-0.182164,0.318976,-0.383800
-0.177710,0.318970,-0.383595
-0.173257,0.318964,-0.383390
-0.168805,0.318961,-0.383289
-0.164357,0.318978,-0.383846
-0.159908,0.319004,-0.384710
-0.155456,0.319025,-0.385376
-0.151001,0.319042,-0.385946
-0.146545,0.319081,-0.387196
-0.142084,0.319119,-0.388437
-0.137619,0.319157,-0.389679
-0.133150,0.319200,-0.391095
-0.128678,0.319236,-0.392243
-0.124202,0.319272,-0.393425
-0.119714,0.319332,-0.395370
-0.115215,0.319405,-0.397775
-0.110712,0.319468,-0.399829
-0.106186,0.319566,-0.402994
-0.101644,0.319674,-0.406535
-0.097075,0.319810,-0.410972
-0.092467,0.319984,-0.416630
-0.087799,0.320219,-0.424287
-0.083008,0.320585,-0.436225
-0.325324,0.326175,-0.468904
-0.320309,0.325938,-0.461554
-0.315541,0.325832,-0.458243
-0.310858,0.325770,-0.456323
-0.306200,0.325719,-0.454750
-0.301566,0.325680,-0.453537
-0.296831,0.325572,-0.450177
-0.292076,0.325442,-0.446161
-0.287299,0.325288,-0.441392
-0.282503,0.325110,-0.435846
-0.277729,0.324935,-0.430411
-0.272969,0.324757,-0.424891
-0.268265,0.324610,-0.420325
-0.263610,0.324492,-0.416664
-0.258971,0.324378,-0.413146
-0.254384,0.324301,-0.410752
-0.249816,0.324234,-0.408665
-0.245254,0.324167,-0.406580
-0.240698,0.324099,-0.404478
-0.236149,0.324031,-0.402369
-0.231609,0.323965,-0.400323
-0.227073,0.323897,-0.398213
-0.222548,0.323834,-0.396244
-0.218030,0.323770,-0.394276
-0.213520,0.323710,-0.392399
-0.209015,0.323648,-0.390487
-0.204518,0.323591,-0.388704
-0.200034,0.323545,-0.387278
-0.195557,0.323507,-0.386099
-0.191088,0.323476,-0.385155
-0.186623,0.323449,-0.384302
-0.182166,0.323436,-0.383912
-0.177711,0.323427,-0.383641
-0.173257,0.323418,-0.383357
-0.168804,0.323411,-0.383140
-0.164358,0.323439,-0.384002
-0.159908,0.323467,-0.384866
-0.155456,0.323492,-0.385651
-0.151002,0.323519,-0.386475
-0.146544,0.323559,-0.387725
-0.142082,0.323599,-0.388970
-0.137617,0.323640,-0.390229
-0.133144,0.323694,-0.391927
-0.128671,0.323733,-0.393125
-0.124194,0.323770,-0.394274
-0.119702,0.323842,-0.396500
-0.115202,0.323916,-0.398793
-0.110692,0.323997,-0.401313
-0.106158,0.324111,-0.404855
-0.101613,0.324225,-0.408406
-0.097022,0.324400,-0.413815
-0.092399,0.324600,-0.420019
-0.087711,0.324868,-0.428347
-0.334695,0.330858,-0.471733
-0.329592,0.330576,-0.463382
-0.324631,0.330361,-0.457024
-0.319861,0.330248,-0.453658
-0.315156,0.330167,-0.451277
-0.310458,0.330086,-0.448869
-0.305771,0.330007,-0.446520
-0.301227,0.330017,-0.446844
-0.296683,0.330028,-0.447167
-0.292028,0.329960,-0.445146
-0.287273,0.329814,-0.440828
-0.282488,0.329635,-0.435510
-0.277735,0.329467,-0.430539
-0.272982,0.329287,-0.425197
-0.268295,0.329148,-0.421075
-0.263634,0.329020,-0.417297
-0.258979,0.328887,-0.413359
-0.254392,0.328807,-0.410980
-0.249817,0.328730,-0.408715
-0.245255,0.328660,-0.406631
-0.240700,0.328590,-0.404552
-0.236156,0.328525,-0.402622
-0.231619,0.328460,-0.400696
-0.227078,0.328382,-0.398404
-0.222550,0.328312,-0.396322
-0.218032,0.328246,-0.394356
-0.213519,0.328179,-0.392392
-0.209014,0.328114,-0.390465
-0.204515,0.328050,-0.388554
-0.200032,0.328004,-0.387218
-0.195556,0.327965,-0.386038
-0.191086,0.327929,-0.384986
-0.186621,0.327901,-0.384150
-0.182167,0.327896,-0.384017
-0.177712,0.327889,-0.383806
-0.173258,0.327880,-0.383523
-0.168807,0.327882,-0.383591
-0.164359,0.327907,-0.384342
-0.159909,0.327933,-0.385098
-0.155456,0.327959,-0.385885
-0.151001,0.327997,-0.387004
-0.146543,0.328039,-0.388254
-0.142081,0.328082,-0.389503
-0.137614,0.328130,-0.390924
-0.133140,0.328187,-0.392621
-0.128664,0.328234,-0.394007
-0.124183,0.328284,-0.395490
-0.119688,0.328363,-0.397827
-0.115186,0.328440,-0.400122
-0.110668,0.328540,-0.403070
-0.106130,0.328661,-0.406652
-0.101572,0.328802,-0.410855
-0.096965,0.329008,-0.416939
-0.092318,0.329250,-0.424106
-0.087593,0.329578,-0.433838
-0.339299,0.335450,-0.471727
-0.334156,0.335140,-0.462948
-0.329146,0.334892,-0.455941
-0.324355,0.334764,-0.452295
-0.319577,0.334635,-0.448661
-0.314811,0.334508,-0.445039
-0.310154,0.334443,-0.443218
-0.305572,0.334426,-0.442723
-0.300993,0.334408,-0.442229
-0.296455,0.334418,-0.442513
-0.291861,0.334388,-0.441637
-0.287241,0.334334,-0.440133
-0.282473,0.334159,-0.435177
-0.277727,0.333990,-0.430364
-0.272997,0.333820,-0.425567
-0.268306,0.333672,-0.421357
-0.263638,0.333532,-0.417407
-0.258999,0.333408,-0.413895
-0.254412,0.333325,-0.411544
-0.249833,0.333242,-0.409185
-0.245261,0.333159,-0.406816
-0.240712,0.333092,-0.404926
-0.236167,0.333024,-0.402997
-0.231628,0.332954,-0.401012
-0.227084,0.332869,-0.398617
-0.222552,0.332791,-0.396400
-0.218034,0.332721,-0.394434
-0.213521,0.332651,-0.392443
-0.209015,0.332583,-0.390500
-0.204515,0.332514,-0.388561
-0.200031,0.332465,-0.387156
-0.195555,0.332423,-0.385975
-0.191083,0.332382,-0.384817
-0.186622,0.332362,-0.384256
-0.182168,0.332357,-0.384123
-0.177714,0.332352,-0.383972
-0.173259,0.332342,-0.383689
-0.168810,0.332356,-0.384089
-0.164362,0.332383,-0.384836
-0.159910,0.332409,-0.385592
-0.155457,0.332437,-0.386376
-0.151002,0.332482,-0.387637
-0.146542,0.332524,-0.388838
-0.142079,0.332566,-0.390040
-0.137610,0.332622,-0.391620
-0.133136,0.332682,-0.393317
-0.128657,0.332738,-0.394890
-0.124171,0.332805,-0.396800
-0.119674,0.332888,-0.399150
-0.115170,0.332969,-0.401453
-0.110643,0.333088,-0.404830
-0.106104,0.333214,-0.408396
-0.101527,0.333395,-0.413511
-0.096920,0.333603,-0.419404
-0.092255,0.333880,-0.427245
-0.087440,0.334365,-0.440993
-0.338965,0.339847,-0.466419
-0.333845,0.339533,-0.457894
-0.328959,0.339346,-0.452820
-0.324123,0.339180,-0.448311
-0.319309,0.339019,-0.443957
-0.314626,0.338936,-0.441698
-0.309983,0.338875,-0.440046
-0.305370,0.338831,-0.438833
-0.300802,0.338816,-0.438443
-0.296232,0.338799,-0.437974
-0.291663,0.338781,-0.437478
-0.287069,0.338741,-0.436402
-0.282485,0.338706,-0.435452
-0.277757,0.338544,-0.431052
-0.273028,0.338370,-0.426323
-0.268326,0.338205,-0.421862
-0.263642,0.338045,-0.417517
-0.259020,0.337933,-0.414461
-0.254423,0.337836,-0.411833
-0.249833,0.337739,-0.409182
-0.245270,0.337661,-0.407072
-0.240720,0.337592,-0.405195
-0.236177,0.337523,-0.403321
-0.231634,0.337445,-0.401225
-0.227089,0.337357,-0.398830
-0.222554,0.337271,-0.396478
-0.218035,0.337198,-0.394502
-0.213522,0.337124,-0.392506
-0.209016,0.337052,-0.390551
-0.204520,0.336987,-0.388779
-0.200038,0.336941,-0.387544
-0.195558,0.336891,-0.386180
-0.191083,0.336841,-0.384817
-0.186624,0.336824,-0.384362
-0.182169,0.336819,-0.384229
-0.177715,0.336814,-0.384096
-0.173261,0.336806,-0.383854
-0.168813,0.336833,-0.384588
-0.164364,0.336860,-0.385332
-0.159912,0.336888,-0.386086
-0.155458,0.336922,-0.387027
-0.151002,0.336971,-0.388335
-0.146541,0.337015,-0.389537
-0.142077,0.337060,-0.390757
-0.137607,0.337121,-0.392415
-0.133132,0.337182,-0.394074
-0.128651,0.337245,-0.395785
-0.124159,0.337331,-0.398111
-0.119659,0.337417,-0.400464
-0.115149,0.337515,-0.403103
-0.110619,0.337643,-0.406593
-0.106077,0.337774,-0.410142
-0.101485,0.337989,-0.415995
-0.096868,0.338218,-0.422207
-0.092179,0.338544,-0.431056
-0.087128,0.339445,-0.455509
-0.343918,0.344643,-0.471935
-0.338715,0.344279,-0.462441
-0.333661,0.343990,-0.454902
-0.328788,0.343800,-0.449963
-0.323950,0.343623,-0.445346
-0.319183,0.343485,-0.441736
-0.314489,0.343388,-0.439214
-0.309845,0.343320,-0.437462
-0.305211,0.343257,-0.435799
-0.300598,0.343204,-0.434422
-0.296038,0.343189,-0.434033
-0.291523,0.343208,-0.434535
-0.286927,0.343162,-0.433322
-0.282324,0.343105,-0.431833
-0.277745,0.343064,-0.430780
-0.273060,0.342922,-0.427082
-0.268354,0.342749,-0.422568
-0.263663,0.342576,-0.418047
-0.259026,0.342444,-0.414630
-0.254422,0.342337,-0.411829
-0.249834,0.342236,-0.409206
-0.245278,0.342164,-0.407327
-0.240728,0.342093,-0.405462
-0.236185,0.342022,-0.403608
-0.231637,0.341935,-0.401343
-0.227094,0.341845,-0.398995
-0.222558,0.341755,-0.396650
-0.218036,0.341675,-0.394567
-0.213523,0.341598,-0.392571
-0.209017,0.341523,-0.390602
-0.204526,0.341465,-0.389107
-0.200044,0.341420,-0.387917
-0.195565,0.341368,-0.386574
-0.191091,0.341321,-0.385354
-0.186633,0.341311,-0.385098
-0.182175,0.341297,-0.384727
-0.177718,0.341283,-0.384357
-0.173265,0.341282,-0.384343
-0.168816,0.341311,-0.385087
-0.164366,0.341339,-0.385831
-0.159913,0.341368,-0.386580
-0.155459,0.341410,-0.387678
-0.151001,0.341461,-0.388987
-0.146540,0.341508,-0.390235
-0.142074,0.341560,-0.391587
-0.137603,0.341624,-0.393246
-0.133125,0.341695,-0.395087
-0.128640,0.341776,-0.397210
-0.124146,0.341865,-0.399530
-0.119645,0.341954,-0.401844
-0.115128,0.342068,-0.404828
-0.110595,0.342203,-0.408342
-0.106039,0.342366,-0.412594
-0.101447,0.342584,-0.418260
-0.096802,0.342873,-0.425790
-0.092067,0.343290,-0.436677
-0.349302,0.349707,-0.483700
-0.343668,0.349082,-0.468054
-0.338523,0.348737,-0.459396
-0.333535,0.348475,-0.452849
-0.328665,0.348278,-0.447907
-0.323829,0.348094,-0.443287
-0.319090,0.347966,-0.440093
-0.314386,0.347857,-0.437348
-0.309718,0.347767,-0.435103
-0.305079,0.347694,-0.433271
-0.300455,0.347628,-0.431602
-0.295889,0.347604,-0.430998
-0.291394,0.347637,-0.431834
-0.286899,0.347672,-0.432704
-0.282297,0.347612,-0.431216
-0.277700,0.347553,-0.429730
-0.273058,0.347445,-0.427026
-0.268374,0.347287,-0.423077
-0.263683,0.347108,-0.418587
-0.259056,0.346982,-0.415434
-0.254439,0.346857,-0.412288
-0.249843,0.346745,-0.409480
-0.245287,0.346670,-0.407614
-0.240737,0.346596,-0.405755
-0.236191,0.346519,-0.403815
-0.231640,0.346425,-0.401456
-0.227097,0.346331,-0.399106
-0.222562,0.346239,-0.396802
-0.218045,0.346164,-0.394928
-0.213526,0.346075,-0.392693
-0.209018,0.345994,-0.390652
-0.204532,0.345945,-0.389436
-0.200050,0.345897,-0.388244
-0.195571,0.345847,-0.386969
-0.191102,0.345813,-0.386136
-0.186643,0.345804,-0.385905
-0.182184,0.345791,-0.385584
-0.177725,0.345776,-0.385213
-0.173272,0.345779,-0.385285
-0.168821,0.345802,-0.385849
-0.164369,0.345827,-0.386484
-0.159915,0.345853,-0.387119
-0.155460,0.345901,-0.388330
-0.151002,0.345953,-0.389639
-0.146539,0.346005,-0.390934
-0.142072,0.346064,-0.392418
-0.137598,0.346143,-0.394391
-0.133117,0.346224,-0.396426
-0.128629,0.346312,-0.398642
-0.124133,0.346403,-0.400916
-0.119631,0.346490,-0.403087
-0.115107,0.346626,-0.406497
-0.110572,0.346766,-0.409999
-0.106003,0.346963,-0.414937
-0.101412,0.347178,-0.420343
-0.096752,0.347504,-0.428502
-0.091997,0.347970,-0.440178
-0.348950,0.354098,-0.478373
-0.343522,0.353577,-0.465793
-0.338411,0.353238,-0.457623
-0.333457,0.352988,-0.451572
-0.328566,0.352767,-0.446253
-0.323768,0.352601,-0.442230
-0.319023,0.352463,-0.438910
-0.314295,0.352330,-0.435710
-0.309616,0.352226,-0.433202
-0.304961,0.352135,-0.431003
-0.300364,0.352086,-0.429803
-0.295812,0.352070,-0.429432
-0.291280,0.352071,-0.429444
-0.286777,0.352096,-0.430053
-0.282269,0.352119,-0.430599
-0.277658,0.352042,-0.428761
-0.273006,0.351919,-0.425781
-0.268364,0.351796,-0.422808
-0.263714,0.351654,-0.419393
-0.259080,0.351517,-0.416078
-0.254455,0.351379,-0.412745
-0.249868,0.351274,-0.410214
-0.245304,0.351188,-0.408148
-0.240747,0.351103,-0.406086
-0.236195,0.351013,-0.403929
-0.231643,0.350916,-0.401570
-0.227100,0.350818,-0.399218
-0.222571,0.350734,-0.397179
-0.218059,0.350666,-0.395536
-0.213539,0.350573,-0.393300
-0.209034,0.350497,-0.391465
-0.204544,0.350440,-0.390089
-0.200055,0.350377,-0.388572
-0.195577,0.350327,-0.387364
-0.191112,0.350308,-0.386918
-0.186652,0.350299,-0.386687
-0.182193,0.350289,-0.386440
-0.177733,0.350273,-0.386069
-0.173280,0.350285,-0.386355
-0.168827,0.350302,-0.386760
-0.164373,0.350328,-0.387396
-0.159918,0.350359,-0.388141
-0.155462,0.350409,-0.389339
-0.151001,0.350458,-0.390538
-0.146538,0.350506,-0.391677
-0.142068,0.350588,-0.393675
-0.137591,0.350674,-0.395729
-0.133109,0.350758,-0.397766
-0.128619,0.350850,-0.399988
-0.124122,0.350940,-0.402157
-0.119615,0.351043,-0.404655
-0.115087,0.351188,-0.408150
-0.110549,0.351333,-0.411637
-0.105970,0.351560,-0.417118
-0.101375,0.351783,-0.422508
-0.096706,0.352135,-0.430988
-0.091927,0.352661,-0.443687
-0.348814,0.358615,-0.476318
-0.343445,0.358112,-0.464606
-0.338340,0.357763,-0.456484
-0.333402,0.357513,-0.450675
-0.328516,0.357287,-0.445425
-0.323713,0.357110,-0.441296
-0.318963,0.356962,-0.437853
-0.314233,0.356822,-0.434590
-0.309518,0.356684,-0.431377
-0.304906,0.356623,-0.429956
-0.300306,0.356567,-0.428658
-0.295745,0.356541,-0.428057
-0.291196,0.356524,-0.427676
-0.286677,0.356534,-0.427890
-0.282176,0.356560,-0.428499
-0.277638,0.356551,-0.428301
-0.272999,0.356436,-0.425626
-0.268370,0.356322,-0.422957
-0.263734,0.356191,-0.419907
-0.259094,0.356043,-0.416474
-0.254469,0.355900,-0.413141
-0.249893,0.355806,-0.410949
-0.245326,0.355714,-0.408816
-0.240763,0.355619,-0.406606
-0.236207,0.355522,-0.404340
-0.231648,0.355410,-0.401746
-0.227103,0.355306,-0.399329
-0.222581,0.355230,-0.397556
-0.218068,0.355160,-0.395935
-0.213552,0.355073,-0.393908
-0.209055,0.355013,-0.392500
-0.204569,0.354967,-0.391443
-0.200078,0.354900,-0.389888
-0.195594,0.354840,-0.388480
-0.191127,0.354819,-0.388001
-0.186662,0.354798,-0.387499
-0.182202,0.354787,-0.387239
-0.177743,0.354779,-0.387071
-0.173288,0.354795,-0.387427
-0.168833,0.354810,-0.387784
-0.164378,0.354832,-0.388307
-0.159922,0.354872,-0.389219
-0.155463,0.354923,-0.390417
-0.151001,0.354966,-0.391417
-0.146536,0.355016,-0.392580
-0.142065,0.355107,-0.394694
-0.137586,0.355198,-0.396811
-0.133102,0.355284,-0.398803
-0.128610,0.355382,-0.401081
-0.124110,0.355480,-0.403363
-0.119597,0.355606,-0.406303
-0.115067,0.355755,-0.409782
-0.110518,0.355933,-0.413901
-0.105944,0.356142,-0.418786
-0.101331,0.356414,-0.425099
-0.096651,0.356795,-0.433983
-0.091795,0.357498,-0.450337
-0.348815,0.363218,-0.476332
-0.343397,0.362663,-0.463866
-0.338294,0.362302,-0.455752
-0.333349,0.362038,-0.449816
-0.328500,0.361830,-0.445153
-0.323682,0.361634,-0.440752
-0.318906,0.361461,-0.436861
-0.314191,0.361326,-0.433830
-0.309515,0.361215,-0.431325
-0.304875,0.361127,-0.429356
-0.300273,0.361067,-0.428011
-0.295682,0.361013,-0.426796
-0.291133,0.360993,-0.426351
-0.286587,0.360974,-0.425921
-0.282075,0.360988,-0.426239
-0.277556,0.360995,-0.426381
-0.273030,0.360994,-0.426374
-0.268399,0.360875,-0.423703
-0.263755,0.360731,-0.420458
-0.259113,0.360577,-0.417003
-0.254490,0.360432,-0.413744
-0.249910,0.360330,-0.411451
-0.245339,0.360231,-0.409237
-0.240776,0.360133,-0.407033
-0.236222,0.360037,-0.404862
-0.231665,0.359925,-0.402346
-0.227118,0.359817,-0.399925
-0.222596,0.359739,-0.398175
-0.218077,0.359656,-0.396313
-0.213565,0.359576,-0.394524
-0.209075,0.359532,-0.393535
-0.204589,0.359488,-0.392547
-0.200100,0.359430,-0.391243
-0.195620,0.359383,-0.390170
-0.191151,0.359362,-0.389714
-0.186683,0.359340,-0.389223
-0.182217,0.359318,-0.388720
-0.177755,0.359305,-0.388424
-0.173297,0.359314,-0.388623
-0.168839,0.359324,-0.388856
-0.164382,0.359340,-0.389220
-0.159924,0.359384,-0.390198
-0.155464,0.359427,-0.391158
-0.151001,0.359469,-0.392119
-0.146535,0.359535,-0.393598
-0.142062,0.359626,-0.395645
-0.137583,0.359709,-0.397505
-0.133098,0.359801,-0.399574
-0.128604,0.359903,-0.401854
-0.124100,0.360019,-0.404457
-0.119580,0.360169,-0.407836
-0.115048,0.360326,-0.411351
-0.110492,0.360523,-0.415788
-0.105916,0.360739,-0.420641
-0.101287,0.361053,-0.427694
-0.096587,0.361488,-0.437468
-0.091710,0.362250,-0.454587
-0.348836,0.367836,-0.476651
-0.343336,0.367203,-0.462907
-0.338243,0.366836,-0.454946
-0.333329,0.366585,-0.449482
-0.328486,0.366375,-0.444920
-0.323675,0.366177,-0.440639
-0.318903,0.366001,-0.436809
-0.314199,0.365870,-0.433965
-0.309514,0.365748,-0.431308
-0.304860,0.365645,-0.429067
-0.300245,0.365570,-0.427451
-0.295647,0.365506,-0.426069
-0.291073,0.365461,-0.425092
-0.286528,0.365441,-0.424648
-0.282023,0.365460,-0.425067
-0.277489,0.365449,-0.424827
-0.272956,0.365438,-0.424588
-0.268425,0.365427,-0.424348
-0.263777,0.365275,-0.421044
-0.259136,0.365117,-0.417623
-0.254521,0.364979,-0.414620
-0.249934,0.364867,-0.412180
-0.245356,0.364755,-0.409745
-0.240790,0.364650,-0.407465
-0.236234,0.364550,-0.405293
-0.231681,0.364442,-0.402947
-0.227144,0.364348,-0.400919
-0.222626,0.364279,-0.399420
-0.218104,0.364190,-0.397484
-0.213594,0.364116,-0.395877
-0.209100,0.364065,-0.394765
-0.204608,0.364011,-0.393602
-0.200123,0.363965,-0.392595
-0.195646,0.363931,-0.391861
-0.191174,0.363910,-0.391405
-0.186705,0.363889,-0.390949
-0.182236,0.363866,-0.390446
-0.177772,0.363858,-0.390271
-0.173310,0.363856,-0.390235
-0.168849,0.363867,-0.390462
-0.164389,0.363878,-0.390711
-0.159928,0.363910,-0.391413
-0.155466,0.363943,-0.392115
-0.151002,0.363975,-0.392822
-0.146533,0.364050,-0.394450
-0.142060,0.364136,-0.396309
-0.137580,0.364222,-0.398171
-0.133093,0.364322,-0.400347
-0.128595,0.364446,-0.403036
-0.124088,0.364576,-0.405857
-0.119564,0.364737,-0.409370
-0.115027,0.364908,-0.413067
-0.110463,0.365128,-0.417862
-0.105891,0.365330,-0.422245
-0.101248,0.365690,-0.430046
-0.096532,0.366170,-0.440483
-0.091528,0.367239,-0.463697
-0.348955,0.372525,-0.478445
-0.343263,0.371732,-0.461782
-0.338199,0.371374,-0.454256
-0.333316,0.371137,-0.449276
-0.328491,0.370934,-0.445002
-0.323702,0.370748,-0.441103
-0.318926,0.370563,-0.437205
-0.314207,0.370415,-0.434107
-0.309518,0.370285,-0.431378
-0.304848,0.370165,-0.428846
-0.300225,0.370080,-0.427065
-0.295621,0.370008,-0.425547
-0.291028,0.369941,-0.424148
-0.286487,0.369923,-0.423763
-0.282001,0.369962,-0.424583
-0.277495,0.369980,-0.424968
-0.272962,0.369969,-0.424729
-0.268402,0.369924,-0.423781
-0.263788,0.369806,-0.421309
-0.259160,0.369661,-0.418253
-0.254552,0.369530,-0.415497
-0.249960,0.369408,-0.412938
-0.245373,0.369282,-0.410297
-0.240814,0.369186,-0.408268
-0.236251,0.369071,-0.405857
-0.231698,0.368961,-0.403547
-0.227170,0.368883,-0.401915
-0.222652,0.368814,-0.400465
-0.218132,0.368732,-0.398729
-0.213628,0.368670,-0.397441
-0.209133,0.368623,-0.396440
-0.204639,0.368568,-0.395287
-0.200149,0.368513,-0.394137
-0.195668,0.368476,-0.393354
-0.191196,0.368458,-0.392985
-0.186725,0.368441,-0.392619
-0.182255,0.368421,-0.392205
-0.177789,0.368417,-0.392122
-0.173324,0.368414,-0.392040
-0.168859,0.368415,-0.392076
-0.164396,0.368433,-0.392444
-0.159933,0.368466,-0.393147
-0.155469,0.368497,-0.393798
-0.151002,0.368526,-0.394402
-0.146531,0.368598,-0.395925
-0.142056,0.368672,-0.397480
-0.137576,0.368746,-0.399034
-0.133085,0.368869,-0.401616
-0.128585,0.368998,-0.404325
-0.124073,0.369144,-0.407393
-0.119545,0.369320,-0.411084
-0.115002,0.369510,-0.415088
-0.110442,0.369715,-0.419388
-0.105852,0.369974,-0.424834
-0.101215,0.370316,-0.432010
-0.096489,0.370828,-0.442781
-0.349239,0.377345,-0.482755
-0.343274,0.376323,-0.461952
-0.338221,0.375961,-0.454599
-0.333326,0.375708,-0.449446
-0.328519,0.375513,-0.445465
-0.323728,0.375321,-0.441555
-0.318950,0.375128,-0.437629
-0.314225,0.374971,-0.434439
-0.309525,0.374827,-0.431505
-0.304846,0.374694,-0.428803
-0.300214,0.374598,-0.426844
-0.295601,0.374514,-0.425123
-0.291031,0.374468,-0.424197
-0.286479,0.374438,-0.423584
-0.281976,0.374459,-0.424014
-0.277489,0.374499,-0.424834
-0.272968,0.374501,-0.424870
-0.268378,0.374417,-0.423156
-0.263764,0.374295,-0.420685
-0.259175,0.374197,-0.418685
-0.254571,0.374067,-0.416028
-0.249975,0.373937,-0.413381
-0.245392,0.373813,-0.410868
-0.240838,0.373723,-0.409029
-0.236278,0.373614,-0.406804
-0.231725,0.373502,-0.404541
-0.227199,0.373427,-0.403012
-0.222678,0.373353,-0.401505
-0.218162,0.373280,-0.400008
-0.213662,0.373230,-0.399006
-0.209165,0.373181,-0.398005
-0.204670,0.373131,-0.396975
-0.200179,0.373078,-0.395909
-0.195694,0.373035,-0.395033
-0.191214,0.372999,-0.394295
-0.186741,0.372981,-0.393928
-0.182271,0.372970,-0.393696
-0.177804,0.372971,-0.393728
-0.173337,0.372973,-0.393760
-0.168870,0.372974,-0.393792
-0.164404,0.372991,-0.394137
-0.159939,0.373021,-0.394741
-0.155471,0.373051,-0.395346
-0.151001,0.373090,-0.396150
-0.146528,0.373167,-0.397705
-0.142051,0.373241,-0.399213
-0.137567,0.373329,-0.401008
-0.133073,0.373453,-0.403536
-0.128572,0.373573,-0.405980
-0.124057,0.373733,-0.409227
-0.119526,0.373912,-0.412876
-0.114982,0.374100,-0.416710
-0.110422,0.374303,-0.420844
-0.105820,0.374599,-0.426866
-0.101173,0.374974,-0.434490
-0.096441,0.375509,-0.445390
-0.349540,0.382191,-0.487315
-0.343426,0.381025,-0.464303
-0.338261,0.380565,-0.455232
-0.333370,0.380308,-0.450157
-0.328578,0.380120,-0.446452
-0.323791,0.379926,-0.442621
-0.319019,0.379735,-0.438838
-0.314282,0.379564,-0.435479
-0.309574,0.379410,-0.432434
-0.304896,0.379275,-0.429760
-0.300258,0.379171,-0.427716
-0.295646,0.379086,-0.426044
-0.291062,0.379026,-0.424845
-0.286503,0.378988,-0.424103
-0.281985,0.378994,-0.424221
-0.277480,0.379014,-0.424620
-0.272974,0.379034,-0.425005
-0.268376,0.378938,-0.423114
-0.263788,0.378846,-0.421303
-0.259197,0.378743,-0.419260
-0.254589,0.378606,-0.416559
-0.249991,0.378469,-0.413862
-0.245414,0.378353,-0.411567
-0.240859,0.378260,-0.409726
-0.236306,0.378160,-0.407752
-0.231759,0.378059,-0.405763
-0.227230,0.377980,-0.404214
-0.222707,0.377904,-0.402703
-0.218184,0.377816,-0.400965
-0.213669,0.377735,-0.399365
-0.209179,0.377702,-0.398713
-0.204690,0.377669,-0.398060
-0.200202,0.377630,-0.397293
-0.195722,0.377605,-0.396808
-0.191237,0.377561,-0.395931
-0.186757,0.377526,-0.395237
-0.182286,0.377519,-0.395113
-0.177817,0.377520,-0.395127
-0.173345,0.377508,-0.394892
-0.168875,0.377496,-0.394656
-0.164409,0.377522,-0.395167
-0.159942,0.377563,-0.395966
-0.155473,0.377603,-0.396765
-0.151002,0.377661,-0.397903
-0.146526,0.377737,-0.399404
-0.142046,0.377813,-0.400906
-0.137558,0.377918,-0.402984
-0.133062,0.378036,-0.405318
-0.128560,0.378150,-0.407567
-0.124038,0.378335,-0.411213
-0.119510,0.378498,-0.414426
-0.114961,0.378700,-0.418408
-0.110400,0.378905,-0.422463
-0.105783,0.379253,-0.429325
-0.101129,0.379646,-0.437091
-0.096373,0.380255,-0.449115
-0.350008,0.387183,-0.494401
-0.344039,0.386109,-0.473815
-0.338404,0.385257,-0.457505
-0.333471,0.384960,-0.451809
-0.328672,0.384762,-0.448017
-0.323866,0.384548,-0.443919
-0.319095,0.384353,-0.440181
-0.314347,0.384168,-0.436638
-0.309638,0.384011,-0.433623
-0.304952,0.383865,-0.430835
-0.300305,0.383750,-0.428638
-0.295691,0.383663,-0.426967
-0.291092,0.383586,-0.425493
-0.286532,0.383547,-0.424746
-0.281996,0.383532,-0.424457
-0.277490,0.383553,-0.424857
-0.272963,0.383548,-0.424753
-0.268402,0.383496,-0.423772
-0.263819,0.383410,-0.422116
-0.259216,0.383289,-0.419796
-0.254609,0.383148,-0.417107
-0.250011,0.383009,-0.414440
-0.245442,0.382903,-0.412413
-0.240883,0.382804,-0.410506
-0.236331,0.382704,-0.408601
-0.231793,0.382620,-0.406987
-0.227262,0.382539,-0.405437
-0.222736,0.382459,-0.403902
-0.218207,0.382357,-0.401953
-0.213679,0.382247,-0.399835
-0.209177,0.382184,-0.398633
-0.204686,0.382142,-0.397837
-0.200182,0.382051,-0.396079
-0.195690,0.381983,-0.394781
-0.191223,0.381989,-0.394899
-0.186755,0.381995,-0.395016
-0.182291,0.382025,-0.395594
-0.177823,0.382037,-0.395826
-0.173351,0.382025,-0.395590
-0.168879,0.382013,-0.395355
-0.164413,0.382049,-0.396041
-0.159945,0.382086,-0.396761
-0.155474,0.382121,-0.397433
-0.151001,0.382190,-0.398754
-0.146524,0.382285,-0.400564
-0.142041,0.382379,-0.402373
-0.137550,0.382499,-0.404657
-0.133053,0.382615,-0.406891
-0.128545,0.382754,-0.409551
-0.124024,0.382920,-0.412725
-0.119493,0.383090,-0.415988
-0.114941,0.383302,-0.420041
-0.110369,0.383543,-0.424673
-0.105758,0.383870,-0.430938
-0.101090,0.384313,-0.439407
-0.096324,0.384958,-0.451780
-0.350474,0.392196,-0.501441
-0.344536,0.391125,-0.481510
-0.338786,0.390161,-0.463571
-0.333670,0.389703,-0.455043
-0.328809,0.389449,-0.450316
-0.323985,0.389214,-0.445953
-0.319200,0.389004,-0.442040
-0.314432,0.388797,-0.438186
-0.309707,0.388620,-0.434896
-0.305011,0.388462,-0.431958
-0.300362,0.388344,-0.429761
-0.295736,0.388243,-0.427890
-0.291127,0.388154,-0.426229
-0.286562,0.388109,-0.425389
-0.282014,0.388081,-0.424863
-0.277500,0.388093,-0.425094
-0.272952,0.388060,-0.424487
-0.268392,0.388008,-0.423506
-0.263841,0.387965,-0.422707
-0.259237,0.387839,-0.420369
-0.254629,0.387695,-0.417696
-0.250033,0.387556,-0.415108
-0.245468,0.387457,-0.413250
-0.240909,0.387355,-0.411361
-0.236352,0.387245,-0.409316
-0.231795,0.387125,-0.407072
-0.227274,0.387061,-0.405893
-0.222750,0.386983,-0.404434
-0.218217,0.386875,-0.402424
-0.213700,0.386789,-0.400823
-0.209178,0.386675,-0.398708
-0.204676,0.386597,-0.397258
-0.200172,0.386503,-0.395501
-0.195675,0.386408,-0.393747
-0.191186,0.386329,-0.392274
-0.186725,0.386348,-0.392617
-0.182266,0.386380,-0.393210
-0.177804,0.386409,-0.393765
-0.173339,0.386423,-0.394019
-0.168874,0.386444,-0.394416
-0.164416,0.386567,-0.396695
-0.159947,0.386603,-0.397367
-0.155475,0.386639,-0.398039
-0.151002,0.386717,-0.399499
-0.146523,0.386812,-0.401265
-0.142039,0.386906,-0.403000
-0.137547,0.387037,-0.405442
-0.133046,0.387172,-0.407953
-0.128535,0.387328,-0.410866
-0.124012,0.387501,-0.414067
-0.119475,0.387691,-0.417623
-0.114922,0.387906,-0.421610
-0.110342,0.388179,-0.426697
-0.105736,0.388484,-0.432363
-0.101059,0.388961,-0.441248
-0.096277,0.389664,-0.454320
-0.356219,0.397736,-0.517606
-0.350876,0.397178,-0.507527
-0.344980,0.396121,-0.488403
-0.339366,0.395258,-0.472786
-0.334004,0.394578,-0.460483
-0.329005,0.394197,-0.453588
-0.324136,0.393917,-0.448533
-0.319318,0.393672,-0.444104
-0.314544,0.393457,-0.440206
-0.309813,0.393272,-0.436870
-0.305098,0.393094,-0.433638
-0.300433,0.392957,-0.431156
-0.295782,0.392827,-0.428819
-0.291171,0.392735,-0.427152
-0.286592,0.392673,-0.426032
-0.282043,0.392644,-0.425506
-0.277505,0.392628,-0.425203
-0.272953,0.392589,-0.424502
-0.268417,0.392569,-0.424140
-0.263866,0.392524,-0.423337
-0.259252,0.392383,-0.420775
-0.254648,0.392241,-0.418216
-0.250061,0.392116,-0.415946
-0.245495,0.392013,-0.414086
-0.240936,0.391910,-0.412217
-0.236366,0.391777,-0.409816
-0.231790,0.391615,-0.406881
-0.227269,0.391550,-0.405702
-0.222713,0.391397,-0.402949
-0.218144,0.391191,-0.399217
-0.213628,0.391094,-0.397464
-0.209123,0.391009,-0.395917
-0.204616,0.390904,-0.394028
-0.200116,0.390802,-0.392170
-0.195626,0.390714,-0.390580
-0.191142,0.390630,-0.389074
-0.186684,0.390640,-0.389243
-0.182224,0.390644,-0.389315
-0.177764,0.390645,-0.389347
-0.173305,0.390657,-0.389557
-0.168849,0.390701,-0.390361
-0.164398,0.390829,-0.392669
-0.159939,0.390957,-0.394986
-0.155474,0.391086,-0.397312
-0.151001,0.391243,-0.400157
-0.146522,0.391339,-0.401891
-0.142037,0.391436,-0.403645
-0.137543,0.391575,-0.406162
-0.133041,0.391719,-0.408771
-0.128528,0.391885,-0.411770
-0.124003,0.392068,-0.415079
-0.119461,0.392283,-0.418973
-0.114905,0.392505,-0.422988
-0.110320,0.392795,-0.428224
-0.105706,0.393130,-0.434293
-0.101020,0.393641,-0.443538
-0.096234,0.394366,-0.456652
-0.362641,0.403840,-0.542823
-0.356250,0.402433,-0.518068
-0.350953,0.401901,-0.508695
-0.345372,0.401093,-0.494477
-0.339812,0.400263,-0.479868
-0.334417,0.399543,-0.467202
-0.329290,0.399040,-0.458352
-0.324320,0.398662,-0.451686
-0.319473,0.398386,-0.446840
-0.314668,0.398137,-0.442457
-0.309916,0.397929,-0.438795
-0.305197,0.397743,-0.435524
-0.300526,0.397600,-0.432999
-0.295862,0.397455,-0.430451
-0.291240,0.397350,-0.428603
-0.286638,0.397262,-0.427045
-0.282088,0.397233,-0.426535
-0.277540,0.397203,-0.426015
-0.272997,0.397178,-0.425575
-0.268460,0.397157,-0.425213
-0.263879,0.397072,-0.423701
-0.259266,0.396926,-0.421138
-0.254673,0.396800,-0.418921
-0.250082,0.396666,-0.416571
-0.245519,0.396567,-0.414826
-0.240961,0.396467,-0.413066
-0.236381,0.396311,-0.410316
-0.231800,0.396138,-0.407265
-0.227256,0.396021,-0.405204
-0.222677,0.395808,-0.401465
-0.218110,0.395596,-0.397737
-0.213556,0.395388,-0.394078
-0.209049,0.395283,-0.392217
-0.204549,0.395178,-0.390373
-0.200055,0.395073,-0.388531
-0.195566,0.394969,-0.386691
-0.191096,0.394917,-0.385773
-0.186640,0.394910,-0.385661
-0.182186,0.394920,-0.385829
-0.177733,0.394929,-0.385994
-0.173277,0.394931,-0.386026
-0.168828,0.394984,-0.386958
-0.164380,0.395093,-0.388874
-0.159927,0.395213,-0.390995
-0.155468,0.395345,-0.393316
-0.151002,0.395530,-0.396563
-0.146524,0.395741,-0.400288
-0.142035,0.395964,-0.404201
-0.137539,0.396122,-0.406984
-0.133036,0.396270,-0.409593
-0.128521,0.396448,-0.412730
-0.123992,0.396650,-0.416282
-0.119447,0.396876,-0.420265
-0.114890,0.397101,-0.424224
-0.110297,0.397423,-0.429884
-0.105663,0.397833,-0.437102
-0.100984,0.398320,-0.445673
-0.096173,0.399132,-0.459961
-0.362009,0.408017,-0.533670
-0.356282,0.407133,-0.518530
-0.351005,0.406605,-0.509482
-0.345648,0.405979,-0.498749
-0.340192,0.405229,-0.485904
-0.334805,0.404506,-0.473511
-0.329586,0.403909,-0.463278
-0.324550,0.403463,-0.455641
-0.319643,0.403124,-0.449822
-0.314820,0.402854,-0.445206
-0.310050,0.402625,-0.441277
-0.305295,0.402400,-0.437411
-0.300609,0.402238,-0.434642
-0.295943,0.402089,-0.432086
-0.291315,0.401977,-0.430167
-0.286697,0.401868,-0.428311
-0.282145,0.401839,-0.427801
-0.277594,0.401808,-0.427276
-0.273045,0.401777,-0.426737
-0.268503,0.401750,-0.426287
-0.263898,0.401628,-0.424185
-0.259298,0.401501,-0.422021
-0.254706,0.401375,-0.419861
-0.250106,0.401224,-0.417272
-0.245538,0.401115,-0.415404
-0.240972,0.400997,-0.413387
-0.236364,0.400785,-0.409737
-0.231794,0.400626,-0.407025
-0.227199,0.400393,-0.403026
-0.222608,0.400138,-0.398649
-0.218034,0.399893,-0.394465
-0.213511,0.399748,-0.391983
-0.209007,0.399639,-0.390100
-0.204509,0.399529,-0.388220
-0.200018,0.399419,-0.386343
-0.195533,0.399312,-0.384505
-0.191074,0.399289,-0.384115
-0.186617,0.399272,-0.383817
-0.182162,0.399256,-0.383545
-0.177708,0.399242,-0.383305
-0.173255,0.399228,-0.383064
-0.168810,0.399283,-0.383998
-0.164366,0.399394,-0.385909
-0.159917,0.399506,-0.387821
-0.155462,0.399617,-0.389738
-0.151001,0.399803,-0.392920
-0.146530,0.400042,-0.397006
-0.142045,0.400281,-0.401103
-0.137547,0.400534,-0.405441
-0.133034,0.400792,-0.409869
-0.128512,0.401028,-0.413905
-0.123980,0.401240,-0.417549
-0.119435,0.401466,-0.421410
-0.114870,0.401725,-0.425854
-0.110273,0.402064,-0.431661
-0.105629,0.402512,-0.439339
-0.100931,0.403066,-0.448826
-0.096128,0.403859,-0.462416
-0.367275,0.413191,-0.541625
-0.361567,0.412332,-0.527279
-0.356312,0.411835,-0.518976
-0.351035,0.411294,-0.509941
-0.345779,0.410744,-0.500773
-0.340491,0.410138,-0.490646
-0.335152,0.409450,-0.479156
-0.329914,0.408827,-0.468762
-0.324819,0.408317,-0.460244
-0.319856,0.407917,-0.453573
-0.314979,0.407589,-0.448083
-0.310178,0.407323,-0.443655
-0.305429,0.407103,-0.439974
-0.300702,0.406893,-0.436465
-0.296023,0.406728,-0.433723
-0.291387,0.406606,-0.431683
-0.286766,0.406495,-0.429829
-0.282201,0.406450,-0.429067
-0.277648,0.406418,-0.428536
-0.273098,0.406385,-0.427997
-0.268537,0.406335,-0.427149
-0.263934,0.406214,-0.425129
-0.259333,0.406084,-0.422964
-0.254735,0.405947,-0.420677
-0.250133,0.405792,-0.418083
-0.245557,0.405666,-0.415983
-0.240953,0.405474,-0.412780
-0.236332,0.405226,-0.408635
-0.231756,0.405047,-0.405651
-0.227143,0.404761,-0.400883
-0.222546,0.404477,-0.396131
-0.217982,0.404242,-0.392208
-0.213476,0.404131,-0.390358
-0.208976,0.404023,-0.388563
-0.204483,0.403916,-0.386771
-0.199995,0.403809,-0.384980
-0.195513,0.403703,-0.383219
-0.191055,0.403676,-0.382759
-0.186598,0.403648,-0.382299
-0.182144,0.403623,-0.381869
-0.177692,0.403605,-0.381572
-0.173241,0.403590,-0.381321
-0.168800,0.403655,-0.382412
-0.164356,0.403729,-0.383638
-0.159908,0.403802,-0.384866
-0.155458,0.403912,-0.386705
-0.151002,0.404105,-0.389927
-0.146534,0.404347,-0.393962
-0.142054,0.404591,-0.398035
-0.137561,0.404848,-0.402320
-0.133043,0.405220,-0.408533
-0.128509,0.405566,-0.414313
-0.123975,0.405792,-0.418088
-0.119426,0.406038,-0.422190
-0.114850,0.406355,-0.427494
-0.110248,0.406711,-0.433424
-0.105601,0.407173,-0.441152
-0.100892,0.407770,-0.451121
-0.096053,0.408689,-0.466457
-0.372464,0.418303,-0.548150
-0.367018,0.417678,-0.537977
-0.361546,0.417003,-0.526979
-0.356339,0.416535,-0.519373
-0.351062,0.415981,-0.510342
-0.345909,0.415517,-0.502799
-0.340707,0.414981,-0.494073
-0.335425,0.414339,-0.483614
-0.330202,0.413721,-0.473565
-0.325072,0.413169,-0.464574
-0.320065,0.412719,-0.457259
-0.315162,0.412359,-0.451392
-0.310321,0.412047,-0.446319
-0.305560,0.411811,-0.442474
-0.300826,0.411593,-0.438932
-0.296123,0.411399,-0.435762
-0.291459,0.411241,-0.433200
-0.286837,0.411128,-0.431365
-0.282257,0.411065,-0.430335
-0.277703,0.411032,-0.429798
-0.273144,0.410991,-0.429123
-0.268563,0.410910,-0.427809
-0.263959,0.410786,-0.425789
-0.259363,0.410662,-0.423770
-0.254763,0.410522,-0.421491
-0.250161,0.410363,-0.418897
-0.245575,0.410219,-0.416562
-0.240934,0.409950,-0.412173
-0.236300,0.409664,-0.407533
-0.231697,0.409417,-0.403503
-0.227100,0.409154,-0.399220
-0.222527,0.408918,-0.395383
-0.217976,0.408706,-0.391933
-0.213462,0.408569,-0.389699
-0.208962,0.408455,-0.387850
-0.204469,0.408342,-0.386003
-0.199981,0.408228,-0.384159
-0.195500,0.408116,-0.382338
-0.191042,0.408085,-0.381826
-0.186588,0.408060,-0.381425
-0.182135,0.408036,-0.381024
-0.177683,0.408011,-0.380623
-0.173234,0.407994,-0.380343
-0.168791,0.408035,-0.381012
-0.164349,0.408108,-0.382199
-0.159904,0.408183,-0.383426
-0.155455,0.408259,-0.384654
-0.151001,0.408403,-0.386994
-0.146539,0.408650,-0.391016
-0.142063,0.408898,-0.395051
-0.137567,0.409262,-0.400980
-0.133051,0.409644,-0.407197
-0.128509,0.410078,-0.414259
-0.123971,0.410342,-0.418554
-0.119417,0.410618,-0.423047
-0.114834,0.410968,-0.428755
-0.110220,0.411380,-0.435455
-0.105568,0.411862,-0.443310
-0.100841,0.412527,-0.454121
-0.096027,0.413372,-0.467883
-0.377443,0.423239,-0.551535
-0.372186,0.422783,-0.544293
-0.366749,0.422146,-0.534186
-0.361525,0.421673,-0.526679
-0.356328,0.421203,-0.519210
-0.351112,0.420692,-0.511100
-0.345980,0.420238,-0.503895
-0.340843,0.419756,-0.496243
-0.335676,0.419218,-0.487687
-0.330450,0.418589,-0.477711
-0.325353,0.418066,-0.469401
-0.320304,0.417566,-0.461468
-0.315345,0.417140,-0.454697
-0.310509,0.416834,-0.449833
-0.305686,0.416522,-0.444888
-0.300957,0.416309,-0.441499
-0.296256,0.416118,-0.438471
-0.291558,0.415917,-0.435279
-0.286908,0.415768,-0.432903
-0.282314,0.415686,-0.431602
-0.277751,0.415643,-0.430925
-0.273186,0.415592,-0.430123
-0.268590,0.415488,-0.428470
-0.263985,0.415361,-0.426455
-0.259392,0.415243,-0.424572
-0.254781,0.415080,-0.421992
-0.250182,0.414926,-0.419535
-0.245583,0.414754,-0.416811
-0.240919,0.414430,-0.411661
-0.236271,0.414109,-0.406567
-0.231671,0.413858,-0.402582
-0.227086,0.413613,-0.398684
-0.222522,0.413392,-0.395176
-0.217978,0.413194,-0.392035
-0.213454,0.413025,-0.389352
-0.208956,0.412910,-0.387532
-0.204463,0.412796,-0.385715
-0.199980,0.412693,-0.384079
-0.195503,0.412597,-0.382553
-0.191041,0.412546,-0.381749
-0.186585,0.412513,-0.381218
-0.182131,0.412479,-0.380688
-0.177679,0.412446,-0.380158
-0.173232,0.412441,-0.380082
-0.168790,0.412483,-0.380751
-0.164346,0.412525,-0.381421
-0.159900,0.412568,-0.382091
-0.155452,0.412644,-0.383305
-0.151002,0.412810,-0.385939
-0.146542,0.412976,-0.388577
-0.142072,0.413202,-0.392169
-0.137578,0.413610,-0.398649
-0.133059,0.414065,-0.405862
-0.128520,0.414499,-0.412767
-0.123963,0.414917,-0.419396
-0.119406,0.415213,-0.424101
-0.114815,0.415607,-0.430356
-0.110192,0.416060,-0.437547
-0.105533,0.416567,-0.445598
-0.100811,0.417217,-0.455923
-0.096004,0.418049,-0.469126
-0.377323,0.427862,-0.549905
-0.371920,0.427262,-0.540619
-0.366745,0.426843,-0.534118
-0.361520,0.426358,-0.526598
-0.356321,0.425875,-0.519116
-0.351170,0.425415,-0.511987
-0.346039,0.424951,-0.504800
-0.340932,0.424490,-0.497648
-0.335827,0.424007,-0.490157
-0.330669,0.423439,-0.481364
-0.325580,0.422918,-0.473286
-0.320544,0.422428,-0.465686
-0.315577,0.421990,-0.458894
-0.310678,0.421607,-0.452962
-0.305851,0.421291,-0.448062
-0.301060,0.420999,-0.443541
-0.296348,0.420793,-0.440337
-0.291670,0.420618,-0.437639
-0.287018,0.420467,-0.435299
-0.282370,0.420310,-0.432859
-0.277794,0.420250,-0.431927
-0.273227,0.420198,-0.431125
-0.268618,0.420072,-0.429172
-0.264017,0.419951,-0.427285
-0.259416,0.419817,-0.425221
-0.254799,0.419641,-0.422494
-0.250199,0.419483,-0.420036
-0.245581,0.419270,-0.416739
-0.240916,0.418938,-0.411589
-0.236273,0.418617,-0.406611
-0.231656,0.418322,-0.402045
-0.227082,0.418097,-0.398555
-0.222532,0.417906,-0.395589
-0.217992,0.417714,-0.392625
-0.213461,0.417523,-0.389666
-0.208955,0.417384,-0.387508
-0.204468,0.417287,-0.385995
-0.199986,0.417189,-0.384484
-0.195509,0.417092,-0.382974
-0.191043,0.417022,-0.381891
-0.186587,0.416987,-0.381354
-0.182133,0.416953,-0.380831
-0.177680,0.416920,-0.380308
-0.173233,0.416915,-0.380238
-0.168789,0.416940,-0.380617
-0.164345,0.416975,-0.381169
-0.159899,0.417019,-0.381839
-0.155452,0.417094,-0.383013
-0.151001,0.417225,-0.385047
-0.146544,0.417393,-0.387647
-0.142078,0.417561,-0.390253
-0.137591,0.417923,-0.395859
-0.133072,0.418430,-0.403717
-0.128532,0.418915,-0.411229
-0.123970,0.419388,-0.418567
-0.119390,0.419840,-0.425566
-0.114793,0.420262,-0.432106
-0.110160,0.420758,-0.439806
-0.105489,0.421316,-0.448452
-0.100781,0.421914,-0.457718
-0.095974,0.422756,-0.470766
-0.382315,0.432816,-0.553349
-0.377056,0.432349,-0.546284
-0.371881,0.431939,-0.540071
-0.366728,0.431530,-0.533883
-0.361529,0.431057,-0.526730
-0.356343,0.430575,-0.519432
-0.351224,0.430137,-0.512805
-0.346078,0.429649,-0.505413
-0.340993,0.429201,-0.498623
-0.335951,0.428775,-0.492174
-0.330836,0.428244,-0.484146
-0.325785,0.427759,-0.476793
-0.320745,0.427258,-0.469219
-0.315797,0.426840,-0.462883
-0.310858,0.426405,-0.456307
-0.306017,0.426070,-0.451238
-0.301196,0.425739,-0.446220
-0.296451,0.425489,-0.442441
-0.291772,0.425313,-0.439767
-0.287101,0.425136,-0.437098
-0.282440,0.424960,-0.434423
-0.277853,0.424886,-0.433306
-0.273261,0.424796,-0.431947
-0.268651,0.424668,-0.430003
-0.264049,0.424543,-0.428115
-0.259437,0.424389,-0.425778
-0.254818,0.424206,-0.423022
-0.250216,0.424042,-0.420538
-0.245579,0.423787,-0.416667
-0.240914,0.423447,-0.411518
-0.236274,0.423125,-0.406655
-0.231671,0.422855,-0.402563
-0.227098,0.422630,-0.399151
-0.222547,0.422434,-0.396184
-0.218008,0.422244,-0.393311
-0.213482,0.422068,-0.390645
-0.208972,0.421917,-0.388368
-0.204481,0.421804,-0.386654
-0.199997,0.421704,-0.385140
-0.195519,0.421604,-0.383627
-0.191047,0.421509,-0.382187
-0.186590,0.421473,-0.381636
-0.182136,0.421440,-0.381141
-0.177684,0.421409,-0.380664
-0.173236,0.421405,-0.380608
-0.168791,0.421428,-0.380954
-0.164345,0.421453,-0.381333
-0.159899,0.421477,-0.381709
-0.155452,0.421579,-0.383238
-0.151001,0.421692,-0.384959
-0.146545,0.421818,-0.386870
-0.142080,0.422007,-0.389731
-0.137597,0.422326,-0.394552
-0.133084,0.422806,-0.401821
-0.128534,0.423408,-0.410927
-0.123972,0.423899,-0.418366
-0.119389,0.424380,-0.425647
-0.114776,0.424901,-0.433532
-0.110137,0.425430,-0.441542
-0.105463,0.425997,-0.450126
-0.100757,0.426593,-0.459153
-0.095957,0.427421,-0.471677
-0.382187,0.437434,-0.551660
-0.377047,0.437063,-0.546165
-0.371843,0.436615,-0.539539
-0.366690,0.436196,-0.533337
-0.361538,0.435758,-0.526862
-0.356384,0.435297,-0.520041
-0.351268,0.434852,-0.513466
-0.346129,0.434361,-0.506201
-0.341055,0.433915,-0.499598
-0.336037,0.433508,-0.493573
-0.330966,0.433017,-0.486316
-0.325952,0.432567,-0.479658
-0.320926,0.432077,-0.472404
-0.315956,0.431626,-0.465744
-0.311044,0.431224,-0.459783
-0.306169,0.430843,-0.454157
-0.301328,0.430483,-0.448830
-0.296543,0.430177,-0.444305
-0.291856,0.429991,-0.441546
-0.287183,0.429810,-0.438870
-0.282518,0.429629,-0.436190
-0.277918,0.429536,-0.434819
-0.273307,0.429416,-0.433050
-0.268691,0.429279,-0.431011
-0.264084,0.429145,-0.429029
-0.259457,0.428963,-0.426336
-0.254837,0.428776,-0.423578
-0.250221,0.428580,-0.420680
-0.245576,0.428304,-0.416595
-0.240915,0.427962,-0.411539
-0.236292,0.427674,-0.407270
-0.231709,0.427450,-0.403958
-0.227129,0.427207,-0.400358
-0.222570,0.426989,-0.397138
-0.218034,0.426806,-0.394436
-0.213510,0.426637,-0.391933
-0.208999,0.426485,-0.389681
-0.204498,0.426343,-0.387590
-0.200013,0.426239,-0.386041
-0.195534,0.426139,-0.384572
-0.191063,0.426059,-0.383375
-0.186602,0.426007,-0.382610
-0.182145,0.425967,-0.382024
-0.177691,0.425928,-0.381437
-0.173242,0.425925,-0.381407
-0.168795,0.425935,-0.381549
-0.164347,0.425945,-0.381699
-0.159901,0.426003,-0.382559
-0.155453,0.426087,-0.383798
-0.151002,0.426189,-0.385304
-0.146545,0.426303,-0.386984
-0.142080,0.426496,-0.389849
-0.137596,0.426823,-0.394677
-0.133095,0.427182,-0.399994
-0.128543,0.427848,-0.409843
-0.123973,0.428417,-0.418260
-0.119390,0.428907,-0.425506
-0.114759,0.429544,-0.434938
-0.110116,0.430088,-0.442988
-0.105438,0.430681,-0.451764
-0.100723,0.431314,-0.461114
-0.095941,0.432089,-0.472587
-0.382233,0.442208,-0.552270
-0.377116,0.441850,-0.547102
-0.371929,0.441411,-0.540743
-0.366749,0.440957,-0.534176
-0.361613,0.440526,-0.527950
-0.356425,0.440021,-0.520649
-0.351308,0.439567,-0.514073
-0.346182,0.439079,-0.507019
-0.341139,0.438658,-0.500934
-0.336104,0.438224,-0.494657
-0.331076,0.437775,-0.488158
-0.326063,0.437319,-0.481563
-0.321071,0.436862,-0.474952
-0.316114,0.436424,-0.468620
-0.311174,0.435980,-0.462197
-0.306286,0.435578,-0.456389
-0.301470,0.435250,-0.451640
-0.296680,0.434937,-0.447105
-0.291941,0.434675,-0.443328
-0.287265,0.434490,-0.440642
-0.282597,0.434304,-0.437958
-0.277983,0.434192,-0.436332
-0.273354,0.434043,-0.434174
-0.268733,0.433896,-0.432058
-0.264120,0.433752,-0.429975
-0.259485,0.433553,-0.427088
-0.254859,0.433353,-0.424207
-0.250218,0.433103,-0.420584
-0.245573,0.432821,-0.416503
-0.240931,0.432515,-0.412075
-0.236330,0.432272,-0.408563
-0.231748,0.432050,-0.405355
-0.227170,0.431812,-0.401916
-0.222617,0.431615,-0.399057
-0.218067,0.431395,-0.395878
-0.213541,0.431223,-0.393391
-0.209030,0.431075,-0.391245
-0.204527,0.430932,-0.389185
-0.200032,0.430794,-0.387182
-0.195555,0.430708,-0.385947
-0.191083,0.430630,-0.384821
-0.186617,0.430561,-0.383817
-0.182158,0.430518,-0.383200
-0.177701,0.430476,-0.382595
-0.173251,0.430477,-0.382596
-0.168801,0.430476,-0.382583
-0.164352,0.430488,-0.382763
-0.159904,0.430545,-0.383590
-0.155455,0.430628,-0.384791
-0.151002,0.430704,-0.385889
-0.146544,0.430838,-0.387830
-0.142077,0.431025,-0.390530
-0.137596,0.431318,-0.394760
-0.133097,0.431654,-0.399626
-0.128555,0.432247,-0.408206
-0.123974,0.432935,-0.418155
-0.119392,0.433434,-0.425365
-0.114741,0.434193,-0.436344
-0.110096,0.434755,-0.444482
-0.105416,0.435361,-0.453239
-0.100694,0.436025,-0.462850
-0.095920,0.436775,-0.473696
-0.387334,0.447275,-0.556994
-0.382263,0.446969,-0.552663
-0.377141,0.446600,-0.547444
-0.372045,0.446239,-0.542342
-0.366884,0.445797,-0.536084
-0.361744,0.445356,-0.529849
-0.356560,0.444847,-0.522654
-0.351377,0.444315,-0.515116
-0.346257,0.443825,-0.508183
-0.341216,0.443399,-0.502162
-0.336190,0.442967,-0.496051
-0.331174,0.442525,-0.489790
-0.326170,0.442073,-0.483397
-0.321176,0.441608,-0.476814
-0.316234,0.441182,-0.470788
-0.311307,0.440750,-0.464674
-0.306407,0.440327,-0.458698
-0.301593,0.439999,-0.454055
-0.296798,0.439677,-0.449507
-0.292027,0.439367,-0.445122
-0.287346,0.439175,-0.442403
-0.282676,0.438986,-0.439729
-0.278036,0.438832,-0.437552
-0.273400,0.438673,-0.435299
-0.268775,0.438518,-0.433109
-0.264150,0.438352,-0.430758
-0.259514,0.438148,-0.427870
-0.254893,0.437957,-0.425166
-0.250235,0.437669,-0.421087
-0.245592,0.437385,-0.417073
-0.240974,0.437130,-0.413459
-0.236370,0.436882,-0.409964
-0.231786,0.436656,-0.406753
-0.227218,0.436444,-0.403759
-0.222665,0.436247,-0.400977
-0.218116,0.436040,-0.398038
-0.213586,0.435858,-0.395476
-0.209062,0.435675,-0.392877
-0.204559,0.435536,-0.390907
-0.200063,0.435404,-0.389051
-0.195577,0.435287,-0.387390
-0.191103,0.435207,-0.386260
-0.186633,0.435124,-0.385089
-0.182171,0.435077,-0.384425
-0.177713,0.435040,-0.383902
-0.173261,0.435038,-0.383868
-0.168809,0.435038,-0.383867
-0.164359,0.435068,-0.384286
-0.159908,0.435114,-0.384946
-0.155457,0.435179,-0.385870
-0.151001,0.435273,-0.387188
-0.146542,0.435404,-0.389040
-0.142074,0.435595,-0.391742
-0.137596,0.435812,-0.394822
-0.133096,0.436167,-0.399844
-0.128560,0.436712,-0.407546
-0.123975,0.437454,-0.418051
-0.119372,0.438102,-0.427212
-0.114723,0.438850,-0.437795
-0.110075,0.439428,-0.445978
-0.105393,0.440043,-0.454684
-0.100667,0.440735,-0.464465
-0.095850,0.441656,-0.477494
-0.387348,0.452030,-0.557182
-0.382304,0.451743,-0.553210
-0.377228,0.451411,-0.548615
-0.372167,0.451080,-0.544033
-0.367017,0.450643,-0.537976
-0.361876,0.450193,-0.531752
-0.356700,0.449685,-0.524715
-0.351518,0.449146,-0.517249
-0.346372,0.448620,-0.509974
-0.341303,0.448155,-0.503534
-0.336272,0.447711,-0.497390
-0.331258,0.447264,-0.491199
-0.326262,0.446815,-0.484979
-0.321275,0.446351,-0.478548
-0.316341,0.445930,-0.472722
-0.311425,0.445508,-0.466876
-0.306526,0.445083,-0.460996
-0.301685,0.444714,-0.455882
-0.296887,0.444384,-0.451315
-0.292122,0.444081,-0.447125
-0.287411,0.443843,-0.443833
-0.282744,0.443658,-0.441263
-0.278087,0.443476,-0.438739
-0.273447,0.443308,-0.436427
-0.268817,0.443146,-0.434176
-0.264182,0.442959,-0.431592
-0.259551,0.442764,-0.428887
-0.254927,0.442565,-0.426130
-0.250257,0.442247,-0.421733
-0.245650,0.442041,-0.418871
-0.241045,0.441818,-0.415793
-0.236443,0.441576,-0.412439
-0.231851,0.441333,-0.409078
-0.227276,0.441110,-0.405990
-0.222713,0.440890,-0.402943
-0.218168,0.440698,-0.400280
-0.213634,0.440514,-0.397732
-0.209110,0.440336,-0.395276
-0.204598,0.440175,-0.393046
-0.200096,0.440025,-0.390958
-0.195606,0.439903,-0.389276
-0.191123,0.439789,-0.387694
-0.186650,0.439705,-0.386536
-0.182186,0.439649,-0.385756
-0.177726,0.439615,-0.385282
-0.173272,0.439616,-0.385303
-0.168819,0.439629,-0.385487
-0.164366,0.439661,-0.385923
-0.159913,0.439703,-0.386508
-0.155459,0.439779,-0.387553
-0.151002,0.439874,-0.388868
-0.146539,0.439992,-0.390506
-0.142070,0.440169,-0.392955
-0.137592,0.440365,-0.395673
-0.133089,0.440748,-0.400972
-0.128555,0.441278,-0.408307
-0.123981,0.441938,-0.417449
-0.119339,0.442865,-0.430283
-0.114695,0.443575,-0.440123
-0.110043,0.444165,-0.448282
-0.105349,0.444835,-0.457568
-0.100627,0.445505,-0.466840
-0.095776,0.446565,-0.481521
-0.387426,0.456847,-0.558191
-0.382409,0.456582,-0.554599
-0.377328,0.456241,-0.549972
-0.372257,0.455894,-0.545275
-0.367148,0.455492,-0.539825
-0.362007,0.455036,-0.533643
-0.356838,0.454529,-0.526765
-0.351658,0.453983,-0.519368
-0.346509,0.453446,-0.512086
-0.341424,0.452957,-0.505460
-0.336377,0.452489,-0.499108
-0.331345,0.452012,-0.492645
-0.326348,0.451555,-0.486448
-0.321366,0.451090,-0.480148
-0.316429,0.450660,-0.474319
-0.311518,0.450238,-0.468602
-0.306637,0.449834,-0.463117
-0.301801,0.449469,-0.458177
-0.296976,0.449097,-0.453125
-0.292217,0.448802,-0.449133
-0.287485,0.448529,-0.445433
-0.282807,0.448327,-0.442690
-0.278147,0.448138,-0.440131
-0.273501,0.447961,-0.437724
-0.268867,0.447790,-0.435412
-0.264222,0.447585,-0.432628
-0.259589,0.447385,-0.429912
-0.254949,0.447152,-0.426757
-0.250318,0.446914,-0.423537
-0.245708,0.446703,-0.420671
-0.241109,0.446496,-0.417869
-0.236504,0.446250,-0.414539
-0.231928,0.446055,-0.411885
-0.227347,0.445819,-0.408687
-0.222783,0.445605,-0.405783
-0.218233,0.445407,-0.403103
-0.213691,0.445205,-0.400367
-0.209161,0.445017,-0.397819
-0.204643,0.444846,-0.395498
-0.200135,0.444683,-0.393286
-0.195635,0.444529,-0.391202
-0.191148,0.444402,-0.389482
-0.186669,0.444295,-0.388030
-0.182201,0.444231,-0.387155
-0.177739,0.444194,-0.386655
-0.173282,0.444193,-0.386640
-0.168829,0.444227,-0.387102
-0.164375,0.444278,-0.387803
-0.159920,0.444335,-0.388569
-0.155462,0.444401,-0.389472
-0.151002,0.444487,-0.390637
-0.146537,0.444602,-0.392185
-0.142066,0.444758,-0.394308
-0.137581,0.445029,-0.397978
-0.133082,0.445338,-0.402166
-0.128549,0.445847,-0.409070
-0.123956,0.446665,-0.420155
-0.119286,0.447774,-0.435198
-0.114655,0.448375,-0.443346
-0.110004,0.448951,-0.451155
-0.105318,0.449574,-0.459593
-0.100589,0.450273,-0.469066
-0.095746,0.451312,-0.483155
-0.387519,0.461684,-0.559402
-0.382495,0.461407,-0.555736
-0.377447,0.461096,-0.551597
-0.372381,0.460749,-0.546990
-0.367295,0.460366,-0.541906
-0.362145,0.459894,-0.535644
-0.357012,0.459420,-0.529339
-0.351814,0.458846,-0.521724
-0.346645,0.458280,-0.514200
-0.341555,0.457778,-0.507540
-0.336495,0.457288,-0.501029
-0.331449,0.456787,-0.494386
-0.326437,0.456304,-0.487971
-0.321458,0.455838,-0.481782
-0.316521,0.455401,-0.475976
-0.311603,0.454965,-0.470191
-0.306723,0.454556,-0.464759
-0.301879,0.454177,-0.459719
-0.297060,0.453808,-0.454827
-0.292306,0.453519,-0.450992
-0.287576,0.453250,-0.447411
-0.282871,0.453002,-0.444122
-0.278208,0.452809,-0.441560
-0.273555,0.452618,-0.439025
-0.268914,0.452435,-0.436596
-0.264267,0.452224,-0.433793
-0.259629,0.452014,-0.430996
-0.255001,0.451804,-0.428219
-0.250378,0.451588,-0.425343
-0.245766,0.451372,-0.422474
-0.241164,0.451161,-0.419668
-0.236565,0.450933,-0.416642
-0.231988,0.450739,-0.414071
-0.227415,0.450531,-0.411304
-0.222850,0.450321,-0.408514
-0.218295,0.450117,-0.405804
-0.213755,0.449932,-0.403356
-0.209221,0.449742,-0.400832
-0.204698,0.449565,-0.398487
-0.200181,0.449379,-0.396015
-0.195673,0.449202,-0.393660
-0.191176,0.449040,-0.391511
-0.186690,0.448909,-0.389769
-0.182220,0.448847,-0.388944
-0.177755,0.448806,-0.388403
-0.173294,0.448793,-0.388226
-0.168841,0.448855,-0.389051
-0.164385,0.448926,-0.389992
-0.159926,0.448981,-0.390720
-0.155465,0.449057,-0.391732
-0.151002,0.449153,-0.393015
-0.146533,0.449287,-0.394792
-0.142057,0.449456,-0.397039
-0.137570,0.449714,-0.400462
-0.133068,0.450010,-0.404393
-0.128540,0.450448,-0.410203
-0.123889,0.451741,-0.427374
-0.119255,0.452554,-0.438169
-0.114618,0.453176,-0.446426
-0.109964,0.453749,-0.454033
-0.105291,0.454300,-0.461359
-0.100561,0.455006,-0.470729
-0.095730,0.456007,-0.484018
-0.392630,0.466787,-0.564016
-0.387612,0.466525,-0.560616
-0.382591,0.466249,-0.557019
-0.377582,0.465972,-0.553414
-0.372511,0.465617,-0.548802
-0.367454,0.465260,-0.544159
-0.362286,0.464763,-0.537685
-0.357151,0.464279,-0.531391
-0.352012,0.463768,-0.524732
-0.346822,0.463169,-0.516945
-0.341706,0.462631,-0.509944
-0.336617,0.462098,-0.503010
-0.331562,0.461581,-0.496280
-0.326530,0.461064,-0.489557
-0.321549,0.460589,-0.483371
-0.316605,0.460137,-0.477486
-0.311689,0.459697,-0.471771
-0.306810,0.459287,-0.466428
-0.301958,0.458890,-0.461263
-0.297139,0.458519,-0.456437
-0.292385,0.458227,-0.452642
-0.287650,0.457949,-0.449020
-0.282946,0.457702,-0.445809
-0.278275,0.457496,-0.443120
-0.273614,0.457291,-0.440461
-0.268962,0.457086,-0.437790
-0.264315,0.456876,-0.435062
-0.259678,0.456667,-0.432338
-0.255053,0.456463,-0.429687
-0.250437,0.456263,-0.427074
-0.245824,0.456048,-0.424279
-0.241219,0.455832,-0.421469
-0.236635,0.455645,-0.419032
-0.232063,0.455472,-0.416784
-0.227496,0.455291,-0.414433
-0.222935,0.455103,-0.411988
-0.218374,0.454891,-0.409222
-0.213831,0.454712,-0.406893
-0.209291,0.454515,-0.404328
-0.204760,0.454324,-0.401844
-0.200238,0.454137,-0.399420
-0.195722,0.453941,-0.396863
-0.191213,0.453740,-0.394247
-0.186721,0.453586,-0.392246
-0.182239,0.453474,-0.390783
-0.177772,0.453432,-0.390238
-0.173313,0.453467,-0.390691
-0.168857,0.453542,-0.391666
-0.164398,0.453628,-0.392791
-0.159935,0.453702,-0.393754
-0.155470,0.453779,-0.394756
-0.151002,0.453869,-0.395926
-0.146529,0.454002,-0.397653
-0.142049,0.454165,-0.399774
-0.137558,0.454407,-0.402928
-0.133054,0.454691,-0.406625
-0.128526,0.455103,-0.411982
-0.123835,0.456738,-0.433259
-0.119221,0.457358,-0.441330
-0.114587,0.457941,-0.448918
-0.109931,0.458518,-0.456428
-0.105264,0.459033,-0.463127
-0.100533,0.459745,-0.472394
-0.095714,0.460705,-0.484881
-0.392727,0.471640,-0.565253
-0.387717,0.471384,-0.561982
-0.382723,0.471132,-0.558769
-0.377698,0.470836,-0.554989
-0.372649,0.470500,-0.550707
-0.367592,0.470139,-0.546105
-0.362453,0.469668,-0.540099
-0.357294,0.469151,-0.533499
-0.352157,0.468636,-0.526929
-0.347009,0.468081,-0.519846
-0.341886,0.467528,-0.512803
-0.336791,0.466982,-0.505835
-0.331706,0.466421,-0.498678
-0.326636,0.465849,-0.491383
-0.321640,0.465347,-0.484972
-0.316687,0.464876,-0.478967
-0.311765,0.464424,-0.473204
-0.306894,0.464020,-0.468043
-0.302041,0.463616,-0.462901
-0.297224,0.463246,-0.458176
-0.292467,0.462948,-0.454374
-0.287724,0.462655,-0.450631
-0.283026,0.462417,-0.447603
-0.278350,0.462202,-0.444857
-0.273686,0.461993,-0.442194
-0.269023,0.461769,-0.439338
-0.264368,0.461541,-0.436430
-0.259729,0.461328,-0.433705
-0.255101,0.461121,-0.431070
-0.250486,0.460923,-0.428539
-0.245889,0.460746,-0.426283
-0.241309,0.460597,-0.424389
-0.236723,0.460415,-0.422060
-0.232155,0.460262,-0.420114
-0.227585,0.460084,-0.417835
-0.223019,0.459893,-0.415403
-0.218459,0.459698,-0.412921
-0.213905,0.459496,-0.410342
-0.209367,0.459325,-0.408158
-0.204835,0.459149,-0.405909
-0.200310,0.458974,-0.403685
-0.195791,0.458790,-0.401333
-0.191276,0.458587,-0.398743
-0.186765,0.458365,-0.395908
-0.182279,0.458247,-0.394408
-0.177805,0.458200,-0.393808
-0.173341,0.458237,-0.394286
-0.168880,0.458333,-0.395500
-0.164415,0.458412,-0.396515
-0.159946,0.458465,-0.397189
-0.155475,0.458518,-0.397869
-0.151001,0.458595,-0.398845
-0.146524,0.458720,-0.400436
-0.142041,0.458878,-0.402456
-0.137547,0.459109,-0.405398
-0.133041,0.459380,-0.408860
-0.128478,0.460123,-0.418334
-0.123798,0.461610,-0.437306
-0.119186,0.462178,-0.444557
-0.114556,0.462716,-0.451414
-0.109907,0.463247,-0.458186
-0.105237,0.463772,-0.464883
-0.100507,0.464481,-0.473931
-0.095696,0.465415,-0.485847
-0.392837,0.476511,-0.566649
-0.387843,0.476269,-0.563616
-0.382870,0.476038,-0.560730
-0.377838,0.475732,-0.556896
-0.372794,0.475398,-0.552715
-0.367738,0.475035,-0.548176
-0.362639,0.474604,-0.542790
-0.357489,0.474092,-0.536384
-0.352327,0.473542,-0.529505
-0.347194,0.472999,-0.522708
-0.342069,0.472438,-0.515696
-0.336965,0.471878,-0.508680
-0.331877,0.471306,-0.501528
-0.326804,0.470725,-0.494259
-0.321764,0.470157,-0.487149
-0.316779,0.469637,-0.480646
-0.311843,0.469156,-0.474640
-0.306975,0.468752,-0.469585
-0.302122,0.468346,-0.464497
-0.297316,0.467989,-0.460040
-0.292554,0.467683,-0.456206
-0.287804,0.467376,-0.452366
-0.283106,0.467139,-0.449400
-0.278426,0.466918,-0.446641
-0.273758,0.466702,-0.443929
-0.269090,0.466468,-0.441009
-0.264431,0.466234,-0.438079
-0.259784,0.466004,-0.435205
-0.255170,0.465830,-0.433022
-0.250561,0.465648,-0.430745
-0.245962,0.465474,-0.428571
-0.241387,0.465343,-0.426938
-0.236812,0.465196,-0.425095
-0.232232,0.465019,-0.422874
-0.227678,0.464899,-0.421375
-0.223106,0.464704,-0.418945
-0.218545,0.464523,-0.416669
-0.213993,0.464346,-0.414464
-0.209451,0.464181,-0.412393
-0.204918,0.464021,-0.410400
-0.200392,0.463870,-0.408500
-0.195868,0.463698,-0.406353
-0.191353,0.463536,-0.404322
-0.186843,0.463367,-0.402215
-0.182346,0.463244,-0.400678
-0.177861,0.463182,-0.399901
-0.173383,0.463174,-0.399800
-0.168910,0.463213,-0.400293
-0.164435,0.463248,-0.400721
-0.159959,0.463308,-0.401479
-0.155481,0.463367,-0.402216
-0.151002,0.463451,-0.403261
-0.146518,0.463554,-0.404547
-0.142027,0.463737,-0.406842
-0.137527,0.463976,-0.409832
-0.133003,0.464395,-0.415077
-0.128416,0.465300,-0.426392
-0.123771,0.466410,-0.440283
-0.119159,0.466952,-0.447067
-0.114526,0.467498,-0.453889
-0.109881,0.467988,-0.460021
-0.105208,0.468528,-0.466779
-0.100441,0.469411,-0.477830
-0.095624,0.470367,-0.489779
-0.392973,0.481416,-0.568392
-0.387975,0.481167,-0.565332
-0.383009,0.480942,-0.562572
-0.377975,0.480630,-0.558746
-0.372931,0.480293,-0.554610
-0.367881,0.479934,-0.550201
-0.362792,0.479511,-0.545001
-0.357682,0.479041,-0.539240
-0.352517,0.478482,-0.532382
-0.347375,0.477923,-0.525522
-0.342220,0.477319,-0.518099
-0.337126,0.476764,-0.511288
-0.332045,0.476198,-0.504344
-0.326972,0.475610,-0.497134
-0.321928,0.475032,-0.490033
-0.316926,0.474483,-0.483297
-0.311963,0.473960,-0.476873
-0.307064,0.473504,-0.471289
-0.302202,0.473081,-0.466090
-0.297407,0.472739,-0.461897
-0.292643,0.472428,-0.458082
-0.287893,0.472120,-0.454296
-0.283182,0.471860,-0.451111
-0.278501,0.471638,-0.448378
-0.273828,0.471413,-0.445620
-0.269158,0.471175,-0.442701
-0.264496,0.470937,-0.439776
-0.259853,0.470717,-0.437076
-0.255241,0.470549,-0.435015
-0.250636,0.470381,-0.432957
-0.246036,0.470210,-0.430864
-0.241458,0.470077,-0.429227
-0.236884,0.469944,-0.427593
-0.232313,0.469798,-0.425803
-0.227750,0.469663,-0.424146
-0.223200,0.469551,-0.422767
-0.218644,0.469406,-0.420983
-0.214089,0.469238,-0.418924
-0.209538,0.469060,-0.416746
-0.204999,0.468904,-0.414828
-0.200471,0.468769,-0.413178
-0.195947,0.468636,-0.411538
-0.191430,0.468502,-0.409898
-0.186917,0.468372,-0.408295
-0.182414,0.468270,-0.407053
-0.177918,0.468196,-0.406142
-0.173428,0.468153,-0.405609
-0.168942,0.468148,-0.405548
-0.164458,0.468167,-0.405784
-0.159973,0.468175,-0.405881
-0.155488,0.468243,-0.406721
-0.151001,0.468343,-0.407949
-0.146510,0.468480,-0.409626
-0.142011,0.468697,-0.412284
-0.137505,0.468870,-0.414409
-0.132957,0.469527,-0.422472
-0.128340,0.470650,-0.436254
-0.123746,0.471199,-0.442993
-0.119133,0.471731,-0.449526
-0.114502,0.472244,-0.455821
-0.109854,0.472745,-0.461971
-0.105139,0.473506,-0.471309
-0.100351,0.474475,-0.483205
-0.095524,0.475452,-0.495196
-0.398161,0.486623,-0.573686
-0.393133,0.486352,-0.570427
-0.388136,0.486104,-0.567435
-0.383156,0.485862,-0.564520
-0.378134,0.485562,-0.560906
-0.373077,0.485207,-0.556633
-0.368017,0.484832,-0.552117
-0.362935,0.484413,-0.547072
-0.357826,0.483941,-0.541379
-0.352694,0.483415,-0.535052
-0.347559,0.482860,-0.528362
-0.342396,0.482240,-0.520898
-0.337269,0.481636,-0.513625
-0.332174,0.481045,-0.506500
-0.327114,0.480469,-0.499569
-0.322089,0.479913,-0.492869
-0.317078,0.479347,-0.486057
-0.312107,0.478808,-0.479559
-0.307187,0.478317,-0.473645
-0.302312,0.477870,-0.468261
-0.297503,0.477504,-0.463849
-0.292732,0.477180,-0.459950
-0.287985,0.476876,-0.456294
-0.283270,0.476610,-0.453082
-0.278575,0.476361,-0.450089
-0.273897,0.476129,-0.447287
-0.269224,0.475887,-0.444377
-0.264561,0.475646,-0.441474
-0.259922,0.475436,-0.438949
-0.255307,0.475266,-0.436898
-0.250700,0.475097,-0.434865
-0.246110,0.474956,-0.433162
-0.241533,0.474834,-0.431692
-0.236956,0.474697,-0.430042
-0.232384,0.474560,-0.428394
-0.227827,0.474453,-0.427109
-0.223271,0.474334,-0.425677
-0.218720,0.474218,-0.424273
-0.214171,0.474090,-0.422737
-0.209620,0.473934,-0.420850
-0.205083,0.473812,-0.419387
-0.200550,0.473688,-0.417886
-0.196021,0.473557,-0.416316
-0.191499,0.473444,-0.414951
-0.186986,0.473351,-0.413828
-0.182474,0.473253,-0.412650
-0.177971,0.473191,-0.411900
-0.173472,0.473145,-0.411348
-0.168975,0.473112,-0.410959
-0.164482,0.473120,-0.411045
-0.159989,0.473136,-0.411245
-0.155496,0.473162,-0.411561
-0.151002,0.473245,-0.412558
-0.146502,0.473424,-0.414708
-0.141998,0.473577,-0.416555
-0.137474,0.473959,-0.421151
-0.132909,0.474728,-0.430419
-0.128319,0.475442,-0.439018
-0.123723,0.475976,-0.445450
-0.119106,0.476519,-0.451991
-0.114480,0.476988,-0.457642
-0.109815,0.477584,-0.464819
-0.105056,0.478567,-0.476662
-0.100260,0.479559,-0.488601
-0.095424,0.480558,-0.500635
-0.398333,0.491581,-0.575835
-0.393302,0.491306,-0.572586
-0.388301,0.491052,-0.569579
-0.383313,0.490800,-0.566605
-0.378299,0.490507,-0.563137
-0.373254,0.490164,-0.559081
-0.368153,0.489738,-0.554047
-0.363073,0.489317,-0.549066
-0.357961,0.488836,-0.543375
-0.352818,0.488291,-0.536937
-0.347686,0.487733,-0.530331
-0.342548,0.487138,-0.523304
-0.337420,0.486528,-0.516085
-0.332314,0.485914,-0.508831
-0.327238,0.485311,-0.501691
-0.322213,0.484750,-0.495061
-0.317215,0.484198,-0.488536
-0.312249,0.483662,-0.482198
-0.307324,0.483161,-0.476272
-0.302431,0.482682,-0.470612
-0.297611,0.482297,-0.466051
-0.292831,0.481957,-0.462032
-0.288084,0.481652,-0.458429
-0.283361,0.481373,-0.455133
-0.278651,0.481097,-0.451871
-0.273966,0.480851,-0.448956
-0.269294,0.480611,-0.446121
-0.264632,0.480374,-0.443317
-0.259996,0.480175,-0.440963
-0.255377,0.479998,-0.438870
-0.250767,0.479826,-0.436833
-0.246178,0.479694,-0.435273
-0.241602,0.479582,-0.433953
-0.237031,0.479470,-0.432633
-0.232457,0.479336,-0.431043
-0.227899,0.479237,-0.429872
-0.223345,0.479138,-0.428703
-0.218794,0.479033,-0.427463
-0.214241,0.478909,-0.426000
-0.209698,0.478804,-0.424759
-0.205158,0.478697,-0.423483
-0.200619,0.478572,-0.422004
-0.196088,0.478458,-0.420667
-0.191565,0.478376,-0.419697
-0.187046,0.478298,-0.418772
-0.182529,0.478214,-0.417773
-0.178020,0.478163,-0.417180
-0.173512,0.478116,-0.416616
-0.169007,0.478081,-0.416201
-0.164507,0.478100,-0.416431
-0.160006,0.478124,-0.416709
-0.155504,0.478150,-0.417023
-0.151002,0.478181,-0.417392
-0.146496,0.478316,-0.418987
-0.141982,0.478538,-0.421609
-0.137443,0.479072,-0.427926
-0.132884,0.479621,-0.434420
-0.128306,0.480159,-0.440775
-0.123700,0.480762,-0.447911
-0.119080,0.481316,-0.454460
-0.114458,0.481739,-0.459465
-0.109742,0.482643,-0.470149
-0.104974,0.483648,-0.482035
-0.100168,0.484662,-0.494017
-0.095324,0.485683,-0.506095
-0.398644,0.496697,-0.579731
-0.393549,0.496353,-0.575739
-0.388490,0.496035,-0.572034
-0.383486,0.495764,-0.568897
-0.378459,0.495455,-0.565306
-0.373435,0.495135,-0.561591
-0.368320,0.494689,-0.556406
-0.363211,0.494228,-0.551062
-0.358096,0.493738,-0.545370
-0.352954,0.493189,-0.538993
-0.347802,0.492599,-0.532136
-0.342650,0.491978,-0.524926
-0.337528,0.491367,-0.517837
-0.332443,0.490777,-0.510988
-0.327365,0.490165,-0.503875
-0.322335,0.489590,-0.497204
-0.317338,0.489036,-0.490760
-0.312372,0.488495,-0.484486
-0.307451,0.487997,-0.478700
-0.302553,0.487508,-0.473022
-0.297731,0.487118,-0.468490
-0.292930,0.486741,-0.464117
-0.288184,0.486439,-0.460611
-0.283460,0.486158,-0.457342
-0.278745,0.485874,-0.454041
-0.274051,0.485612,-0.451009
-0.269373,0.485363,-0.448110
-0.264708,0.485121,-0.445303
-0.260074,0.484929,-0.443078
-0.255450,0.484746,-0.440948
-0.250834,0.484563,-0.438822
-0.246247,0.484441,-0.437404
-0.241668,0.484328,-0.436097
-0.237094,0.484216,-0.434790
-0.232527,0.484111,-0.433578
-0.227968,0.484020,-0.432514
-0.223410,0.483920,-0.431356
-0.218856,0.483820,-0.430198
-0.214308,0.483727,-0.429120
-0.209766,0.483644,-0.428147
-0.205222,0.483540,-0.426943
-0.200683,0.483436,-0.425740
-0.196150,0.483347,-0.424706
-0.191625,0.483292,-0.424062
-0.187101,0.483223,-0.423264
-0.182580,0.483152,-0.422440
-0.178064,0.483114,-0.421999
-0.173552,0.483093,-0.421751
-0.169040,0.483071,-0.421502
-0.164531,0.483085,-0.421659
-0.160022,0.483117,-0.422028
-0.155512,0.483149,-0.422398
-0.151001,0.483180,-0.422767
-0.146489,0.483224,-0.423280
-0.141964,0.483580,-0.427405
-0.137428,0.483909,-0.431228
-0.132873,0.484342,-0.436257
-0.128292,0.484883,-0.442535
-0.123681,0.485523,-0.449974
-0.119058,0.486081,-0.456457
-0.114406,0.486703,-0.463667
-0.109668,0.487722,-0.475501
-0.104891,0.488749,-0.487430
-0.100077,0.489784,-0.499454
-0.095223,0.490828,-0.511576
-0.398886,0.501750,-0.582755
-0.393854,0.501477,-0.579634
-0.388746,0.501103,-0.575367
-0.383704,0.500790,-0.571798
-0.378657,0.500457,-0.567998
-0.373633,0.500136,-0.564339
-0.368523,0.499692,-0.559275
-0.363413,0.499228,-0.553985
-0.358288,0.498722,-0.548208
-0.353131,0.498149,-0.541669
-0.347933,0.497490,-0.534157
-0.342762,0.496837,-0.526706
-0.337622,0.496194,-0.519367
-0.332545,0.495608,-0.512682
-0.327475,0.495000,-0.505751
-0.322450,0.494429,-0.499234
-0.317459,0.493877,-0.492939
-0.312495,0.493337,-0.486776
-0.307570,0.492829,-0.480984
-0.302677,0.492345,-0.475464
-0.297852,0.491950,-0.470954
-0.293040,0.491552,-0.466417
-0.288285,0.491235,-0.462796
-0.283558,0.490949,-0.459538
-0.278839,0.490661,-0.456249
-0.274145,0.490400,-0.453270
-0.269461,0.490140,-0.450303
-0.264788,0.489883,-0.447371
-0.260149,0.489686,-0.445127
-0.255521,0.489496,-0.442956
-0.250902,0.489312,-0.440858
-0.246317,0.489200,-0.439587
-0.241737,0.489089,-0.438318
-0.237159,0.488974,-0.437010
-0.232590,0.488874,-0.435863
-0.228028,0.488783,-0.434824
-0.223470,0.488692,-0.433785
-0.218914,0.488597,-0.432706
-0.214364,0.488510,-0.431707
-0.209819,0.488433,-0.430837
-0.205278,0.488357,-0.429967
-0.200739,0.488281,-0.429098
-0.196204,0.488205,-0.428235
-0.191673,0.488144,-0.427542
-0.187145,0.488084,-0.426849
-0.182619,0.488023,-0.426157
-0.178099,0.487986,-0.425739
-0.173579,0.487949,-0.425312
-0.169060,0.487909,-0.424859
-0.164546,0.487918,-0.424958
-0.160033,0.487961,-0.425453
-0.155518,0.488005,-0.425947
-0.151002,0.488032,-0.426264
-0.146484,0.488057,-0.426545
-0.141957,0.488347,-0.429850
-0.137417,0.488683,-0.433680
-0.132859,0.489102,-0.438470
-0.128278,0.489620,-0.444372
-0.123665,0.490266,-0.451745
-0.119039,0.490834,-0.458226
-0.114340,0.491778,-0.468997
-0.109593,0.492819,-0.480873
-0.104808,0.493869,-0.492845
-0.099984,0.494927,-0.504912
-0.095122,0.495993,-0.517078
-0.399234,0.506933,-0.587112
-0.394161,0.506615,-0.583540
-0.389048,0.506236,-0.579301
-0.383942,0.505849,-0.574960
-0.378874,0.505490,-0.570929
-0.373826,0.505139,-0.567002
-0.368720,0.504698,-0.562058
-0.363614,0.504237,-0.556888
-0.358499,0.503742,-0.551338
-0.353353,0.503178,-0.545021
-0.348155,0.502517,-0.537608
-0.342936,0.501792,-0.529477
-0.337719,0.501032,-0.520956
-0.332638,0.500432,-0.514231
-0.327578,0.499833,-0.507520
-0.322552,0.499254,-0.501030
-0.317560,0.498696,-0.494772
-0.312617,0.498186,-0.489058
-0.307689,0.497670,-0.483270
-0.302801,0.497192,-0.477910
-0.297974,0.496792,-0.473429
-0.293157,0.496387,-0.468887
-0.288414,0.496094,-0.465599
-0.283668,0.495774,-0.462020
-0.278937,0.495461,-0.458509
-0.274238,0.495194,-0.455521
-0.269550,0.494928,-0.452537
-0.264877,0.494676,-0.449713
-0.260230,0.494462,-0.447315
-0.255591,0.494250,-0.444930
-0.250975,0.494079,-0.443015
-0.246387,0.493965,-0.441742
-0.241802,0.493851,-0.440465
-0.237222,0.493737,-0.439178
-0.232654,0.493645,-0.438152
-0.228088,0.493552,-0.437111
-0.223526,0.493459,-0.436070
-0.218968,0.493367,-0.435030
-0.214418,0.493294,-0.434215
-0.209871,0.493224,-0.433433
-0.205326,0.493146,-0.432562
-0.200783,0.493069,-0.431692
-0.196247,0.493013,-0.431067
-0.191715,0.492965,-0.430529
-0.187184,0.492917,-0.429991
-0.182655,0.492867,-0.429429
-0.178128,0.492828,-0.428994
-0.173604,0.492788,-0.428546
-0.169080,0.492748,-0.428099
-0.164560,0.492742,-0.428024
-0.160042,0.492767,-0.428305
-0.155522,0.492792,-0.428587
-0.151002,0.492817,-0.428869
-0.146480,0.492877,-0.429542
-0.141949,0.493134,-0.432420
-0.137406,0.493465,-0.436137
-0.132843,0.493899,-0.441001
-0.128264,0.494365,-0.446222
-0.123651,0.494996,-0.453295
-0.118993,0.495819,-0.462523
-0.114275,0.496874,-0.474347
-0.109519,0.497937,-0.486266
-0.104725,0.499009,-0.498281
-0.099892,0.500089,-0.510393
-0.095020,0.501179,-0.522602
-0.394798,0.512149,-0.591668
-0.389414,0.511458,-0.584057
-0.384286,0.511047,-0.579524
-0.379197,0.510665,-0.575316
-0.374133,0.510297,-0.571257
-0.369070,0.509912,-0.567017
-0.363939,0.509418,-0.561583
-0.358742,0.508814,-0.554922
-0.353589,0.508241,-0.548612
-0.348375,0.507552,-0.541020
-0.343160,0.506828,-0.533033
-0.337935,0.506050,-0.524466
-0.332767,0.505317,-0.516393
-0.327682,0.504674,-0.509301
-0.322655,0.504088,-0.502841
-0.317659,0.503517,-0.496553
-0.312727,0.503022,-0.491098
-0.307807,0.502517,-0.485530
-0.302931,0.502057,-0.480465
-0.298093,0.501640,-0.475872
-0.293279,0.501237,-0.471434
-0.288538,0.500953,-0.468306
-0.283798,0.500649,-0.464950
-0.279062,0.500329,-0.461425
-0.274343,0.500022,-0.458039
-0.269639,0.499725,-0.454771
-0.264968,0.499479,-0.452059
-0.260317,0.499264,-0.449687
-0.255678,0.499057,-0.447404
-0.251056,0.498876,-0.445411
-0.246454,0.498732,-0.443828
-0.241866,0.498615,-0.442539
-0.237284,0.498502,-0.441297
-0.232713,0.498414,-0.440320
-0.228146,0.498325,-0.439344
-0.223582,0.498236,-0.438359
-0.219021,0.498144,-0.437345
-0.214468,0.498074,-0.436574
-0.209918,0.498004,-0.435803
-0.205371,0.497934,-0.435034
-0.200826,0.497863,-0.434252
-0.196285,0.497799,-0.433545
-0.191747,0.497736,-0.432857
-0.187210,0.497674,-0.432168
-0.182677,0.497615,-0.431518
-0.178150,0.497602,-0.431380
-0.173623,0.497572,-0.431041
-0.169096,0.497531,-0.430593
-0.164572,0.497525,-0.430526
-0.160049,0.497558,-0.430888
-0.155526,0.497586,-0.431197
-0.151002,0.497611,-0.431479
-0.146475,0.497709,-0.432555
-0.141940,0.497971,-0.435438
-0.137394,0.498257,-0.438599
-0.132828,0.498706,-0.443538
-0.128250,0.499115,-0.448053
-0.123625,0.499844,-0.456078
-0.118936,0.500912,-0.467851
-0.114209,0.501989,-0.479718
-0.109444,0.503075,-0.491680
-0.104641,0.504169,-0.503738
-0.099799,0.505272,-0.515894
-0.094918,0.506384,-0.528148
-0.395568,0.517866,-0.601492
-0.390248,0.517259,-0.594917
-0.384695,0.516340,-0.584953
-0.379597,0.515951,-0.580743
-0.374518,0.515568,-0.576590
-0.369420,0.515141,-0.571971
-0.364323,0.514696,-0.567146
-0.359109,0.514069,-0.560355
-0.353931,0.513462,-0.553773
-0.348694,0.512741,-0.545963
-0.343430,0.511943,-0.537316
-0.338155,0.511087,-0.528045
-0.332961,0.510310,-0.519622
-0.327842,0.509611,-0.512052
-0.322781,0.508965,-0.505055
-0.317764,0.508357,-0.498468
-0.312830,0.507854,-0.493016
-0.307925,0.507371,-0.487786
-0.303059,0.506929,-0.482992
-0.298228,0.506524,-0.478612
-0.293413,0.506122,-0.474251
-0.288662,0.505820,-0.470979
-0.283928,0.505531,-0.467852
-0.279189,0.505210,-0.464377
-0.274465,0.504897,-0.460984
-0.269747,0.504573,-0.457469
-0.265069,0.504319,-0.454715
-0.260417,0.504105,-0.452403
-0.255774,0.503894,-0.450116
-0.251152,0.503721,-0.448241
-0.246541,0.503565,-0.446544
-0.241937,0.503408,-0.444850
-0.237347,0.503281,-0.443469
-0.232774,0.503192,-0.442504
-0.228204,0.503103,-0.441541
-0.223637,0.503014,-0.440578
-0.219074,0.502930,-0.439665
-0.214517,0.502851,-0.438819
-0.209963,0.502778,-0.438026
-0.205412,0.502705,-0.437233
-0.200863,0.502633,-0.436454
-0.196318,0.502565,-0.435715
-0.191776,0.502497,-0.434975
-0.187236,0.502429,-0.434236
-0.182700,0.502372,-0.433627
-0.178170,0.502359,-0.433488
-0.173640,0.502347,-0.433350
-0.169111,0.502323,-0.433092
-0.164583,0.502314,-0.432994
-0.160057,0.502347,-0.433356
-0.155530,0.502381,-0.433719
-0.151001,0.502414,-0.434082
-0.146470,0.502552,-0.435575
-0.141932,0.502780,-0.438049
-0.137387,0.502973,-0.440136
-0.132824,0.503343,-0.444145
-0.128237,0.503852,-0.449664
-0.123576,0.504934,-0.461386
-0.118879,0.506025,-0.473201
-0.114143,0.507124,-0.485109
-0.109369,0.508232,-0.497114
-0.104557,0.509349,-0.509216
-0.099706,0.510475,-0.521416
-0.094815,0.511610,-0.533715
-0.385691,0.522382,-0.598179
-0.380356,0.521712,-0.591032
-0.375070,0.521073,-0.584225
-0.369942,0.520615,-0.579351
-0.364910,0.520267,-0.575636
-0.359764,0.519742,-0.570040
-0.354283,0.518716,-0.559116
-0.349035,0.517978,-0.551250
-0.343808,0.517234,-0.543319
-0.338492,0.516314,-0.533521
-0.333182,0.515357,-0.523316
-0.328006,0.514562,-0.514849
-0.322931,0.513891,-0.507700
-0.317899,0.513253,-0.500903
-0.312946,0.512715,-0.495162
-0.308034,0.512219,-0.489882
-0.303184,0.511804,-0.485457
-0.298364,0.511421,-0.481383
-0.293555,0.511032,-0.477230
-0.288810,0.510746,-0.474191
-0.284059,0.510429,-0.470806
-0.279309,0.510088,-0.467172
-0.274574,0.509755,-0.463623
-0.269851,0.509422,-0.460082
-0.265177,0.509181,-0.457512
-0.260520,0.508962,-0.455180
-0.255870,0.508743,-0.452847
-0.251250,0.508584,-0.451147
-0.246636,0.508429,-0.449494
-0.242029,0.508274,-0.447842
-0.237432,0.508135,-0.446365
-0.232843,0.508006,-0.444993
-0.228263,0.507896,-0.443818
-0.223693,0.507806,-0.442854
-0.219128,0.507724,-0.441982
-0.214566,0.507644,-0.441134
-0.210008,0.507565,-0.440287
-0.205452,0.507485,-0.439441
-0.200901,0.507412,-0.438661
-0.196352,0.507340,-0.437890
-0.191806,0.507267,-0.437119
-0.187262,0.507195,-0.436349
-0.182722,0.507139,-0.435749
-0.178189,0.507126,-0.435608
-0.173657,0.507112,-0.435467
-0.169125,0.507099,-0.435327
-0.164593,0.507088,-0.435213
-0.160063,0.507110,-0.435442
-0.155533,0.507132,-0.435672
-0.151002,0.507153,-0.435901
-0.146468,0.507251,-0.436946
-0.141928,0.507475,-0.439331
-0.137384,0.507618,-0.440852
-0.132822,0.507956,-0.444460
-0.128197,0.508941,-0.454950
-0.123527,0.510045,-0.466714
-0.118821,0.511157,-0.478571
-0.114076,0.512279,-0.490523
-0.109294,0.513410,-0.502571
-0.104473,0.514550,-0.514716
-0.099612,0.515699,-0.526961
-0.371036,0.526887,-0.594837
-0.365547,0.525935,-0.584855
-0.360432,0.525464,-0.579926
-0.355122,0.524690,-0.571810
-0.349647,0.523633,-0.560729
-0.344221,0.522598,-0.549875
-0.338861,0.521611,-0.539532
-0.333538,0.520632,-0.529270
-0.328233,0.519629,-0.518752
-0.323092,0.518844,-0.510525
-0.318035,0.518160,-0.503358
-0.313076,0.517610,-0.497586
-0.308151,0.517087,-0.492111
-0.303322,0.516714,-0.488197
-0.298492,0.516313,-0.483989
-0.293697,0.515953,-0.480218
-0.288949,0.515667,-0.477225
-0.284204,0.515366,-0.474072
-0.279446,0.515013,-0.470370
-0.274693,0.514644,-0.466494
-0.269956,0.514282,-0.462701
-0.265284,0.514053,-0.460304
-0.260622,0.513829,-0.457951
-0.255969,0.513610,-0.455658
-0.251348,0.513458,-0.454071
-0.246733,0.513307,-0.452486
-0.242122,0.513153,-0.450866
-0.237521,0.513016,-0.449437
-0.232927,0.512885,-0.448062
-0.228338,0.512756,-0.446703
-0.223754,0.512629,-0.445372
-0.219183,0.512534,-0.444383
-0.214619,0.512456,-0.443561
-0.210057,0.512378,-0.442740
-0.205498,0.512299,-0.441919
-0.200940,0.512213,-0.441012
-0.196384,0.512119,-0.440029
-0.191834,0.512038,-0.439183
-0.187287,0.511965,-0.438411
-0.182745,0.511914,-0.437877
-0.178209,0.511900,-0.437737
-0.173672,0.511876,-0.437484
-0.169136,0.511846,-0.437164
-0.164601,0.511825,-0.436950
-0.160068,0.511833,-0.437034
-0.155535,0.511854,-0.437250
-0.151001,0.511876,-0.437480
-0.146466,0.511947,-0.438228
-0.141924,0.512175,-0.440614
-0.137380,0.512266,-0.441569
-0.132797,0.512931,-0.448543
-0.128156,0.514048,-0.460255
-0.123478,0.515175,-0.472062
-0.118763,0.516310,-0.483961
-0.114010,0.517454,-0.495956
-0.109218,0.518608,-0.508048
-0.104388,0.519771,-0.520239
-0.099518,0.520943,-0.532527
-0.356034,0.530812,-0.585614
-0.350547,0.529753,-0.574682
-0.344964,0.528492,-0.561680
-0.339451,0.527276,-0.549138
-0.333945,0.526008,-0.536056
-0.328522,0.524810,-0.523701
-0.323292,0.523875,-0.514053
-0.318196,0.523121,-0.506274
-0.313214,0.522528,-0.500156
-0.308269,0.521967,-0.494375
-0.303446,0.521605,-0.490634
-0.298634,0.521240,-0.486876
-0.293839,0.520886,-0.483217
-0.289087,0.520596,-0.480228
-0.284345,0.520305,-0.477225
-0.279581,0.519943,-0.473496
-0.274818,0.519558,-0.469517
-0.270076,0.519189,-0.465716
-0.265395,0.518944,-0.463191
-0.260724,0.518704,-0.460714
-0.256072,0.518495,-0.458553
-0.251446,0.518341,-0.456962
-0.246826,0.518186,-0.455371
-0.242211,0.518033,-0.453787
-0.237612,0.517913,-0.452552
-0.233015,0.517787,-0.451252
-0.228421,0.517655,-0.449894
-0.223834,0.517530,-0.448604
-0.219253,0.517417,-0.447438
-0.214677,0.517304,-0.446274
-0.210107,0.517206,-0.445258
-0.205544,0.517123,-0.444407
-0.200982,0.517034,-0.443487
-0.196423,0.516943,-0.442548
-0.191867,0.516848,-0.441562
-0.187314,0.516752,-0.440576
-0.182767,0.516689,-0.439930
-0.178226,0.516658,-0.439609
-0.173686,0.516627,-0.439290
-0.169147,0.516596,-0.438969
-0.164609,0.516571,-0.438709
-0.160074,0.516579,-0.438793
-0.155538,0.516587,-0.438876
-0.151002,0.516605,-0.439060
-0.146464,0.516649,-0.439511
-0.141921,0.516830,-0.441382
-0.137377,0.516918,-0.442286
-0.132765,0.518037,-0.453828
-0.128115,0.519176,-0.465582
-0.123429,0.520325,-0.477430
-0.118705,0.521482,-0.489373
-0.113943,0.522649,-0.501411
-0.109142,0.523826,-0.513547
-0.104303,0.525012,-0.525782
-0.099424,0.526208,-0.538116
-0.351504,0.536003,-0.589516
-0.346031,0.534931,-0.578624
-0.339897,0.532741,-0.556395
-0.334447,0.531563,-0.544435
-0.328952,0.530247,-0.531075
-0.323514,0.528955,-0.517955
-0.318363,0.528102,-0.509296
-0.313364,0.527477,-0.502950
-0.308407,0.526894,-0.497026
-0.303577,0.526519,-0.493223
-0.298763,0.526152,-0.489494
-0.293982,0.525829,-0.486213
-0.289226,0.525536,-0.483240
-0.284479,0.525241,-0.480243
-0.279705,0.524861,-0.476386
-0.274938,0.524469,-0.472409
-0.270200,0.524116,-0.468819
-0.265513,0.523866,-0.466286
-0.260831,0.523606,-0.463643
-0.256174,0.523391,-0.461456
-0.251544,0.523232,-0.459849
-0.246919,0.523075,-0.458254
-0.242302,0.522927,-0.456747
-0.237698,0.522805,-0.455509
-0.233099,0.522683,-0.454272
-0.228504,0.522561,-0.453037
-0.223913,0.522443,-0.451839
-0.219328,0.522328,-0.450663
-0.214746,0.522212,-0.449488
-0.210168,0.522096,-0.448314
-0.205593,0.521974,-0.447077
-0.201024,0.521865,-0.445968
-0.196462,0.521774,-0.445047
-0.191902,0.521680,-0.444084
-0.187345,0.521582,-0.443096
-0.182793,0.521511,-0.442373
-0.178246,0.521447,-0.441727
-0.173700,0.521385,-0.441098
-0.169158,0.521354,-0.440778
-0.164617,0.521324,-0.440470
-0.160079,0.521332,-0.440554
-0.155540,0.521340,-0.440638
-0.151002,0.521348,-0.440722
-0.146462,0.521363,-0.440874
-0.141919,0.521499,-0.442250
-0.137353,0.522009,-0.447429
-0.132732,0.523162,-0.459133
-0.128074,0.524324,-0.470929
-0.123379,0.525495,-0.482820
-0.118646,0.526675,-0.494806
-0.113876,0.527865,-0.506888
-0.109066,0.529065,-0.519067
-0.104218,0.530274,-0.531346
-0.340594,0.538639,-0.567742
-0.334634,0.536620,-0.547554
-0.329160,0.535327,-0.534632
-0.323887,0.534315,-0.524517
-0.318568,0.533162,-0.512994
-0.313486,0.532385,-0.505228
-0.308544,0.531828,-0.499652
-0.303715,0.531457,-0.495946
-0.298894,0.531078,-0.492157
-0.294130,0.530794,-0.489322
-0.289377,0.530513,-0.486516
-0.284616,0.530193,-0.483314
-0.279829,0.529789,-0.479274
-0.275057,0.529390,-0.475286
-0.270319,0.529042,-0.471804
-0.265618,0.528763,-0.469019
-0.260932,0.528498,-0.466372
-0.256277,0.528299,-0.464377
-0.251642,0.528137,-0.462765
-0.247012,0.527976,-0.461149
-0.242392,0.527829,-0.459683
-0.237783,0.527703,-0.458419
-0.233178,0.527576,-0.457155
-0.228578,0.527450,-0.455892
-0.223986,0.527343,-0.454826
-0.219399,0.527239,-0.453783
-0.214814,0.527127,-0.452669
-0.210231,0.527010,-0.451492
-0.205651,0.526882,-0.450220
-0.201074,0.526755,-0.448948
-0.196502,0.526628,-0.447678
-0.191937,0.526521,-0.446610
-0.187377,0.526434,-0.445742
-0.182822,0.526363,-0.445030
-0.178270,0.526294,-0.444334
-0.173720,0.526230,-0.443698
-0.169172,0.526166,-0.443063
-0.164626,0.526100,-0.442395
-0.160084,0.526084,-0.442235
-0.155543,0.526089,-0.442290
-0.151001,0.526095,-0.442346
-0.146460,0.526089,-0.442288
-0.141917,0.526139,-0.442785
-0.137329,0.527132,-0.452713
-0.132700,0.528307,-0.464458
-0.128033,0.529491,-0.476297
-0.123329,0.530685,-0.488230
-0.118588,0.531888,-0.500260
-0.113808,0.533101,-0.512385
-0.108990,0.534324,-0.524610
-0.104132,0.535557,-0.536934
-0.334844,0.541728,-0.551070
-0.329325,0.540345,-0.537458
-0.323891,0.539038,-0.524592
-0.318697,0.538098,-0.515343
-0.313647,0.537374,-0.508219
-0.308655,0.536720,-0.501780
-0.303819,0.536337,-0.498008
-0.299008,0.535979,-0.494480
-0.294264,0.535741,-0.492143
-0.289526,0.535497,-0.489737
-0.284771,0.535198,-0.486800
-0.279965,0.534756,-0.482446
-0.275176,0.534321,-0.478160
-0.270441,0.533986,-0.474871
-0.265734,0.533699,-0.472039
-0.261034,0.533404,-0.469135
-0.256374,0.533200,-0.467128
-0.251731,0.533025,-0.465402
-0.247094,0.532849,-0.463678
-0.242474,0.532715,-0.462358
-0.237864,0.532597,-0.461191
-0.233257,0.532477,-0.460012
-0.228654,0.532353,-0.458791
-0.224058,0.532247,-0.457746
-0.219466,0.532141,-0.456703
-0.214879,0.532038,-0.455687
-0.210294,0.531929,-0.454621
-0.205709,0.531805,-0.453395
-0.201128,0.531676,-0.452123
-0.196551,0.531546,-0.450851
-0.191978,0.531417,-0.449582
-0.187410,0.531301,-0.448439
-0.182851,0.531225,-0.447693
-0.178294,0.531153,-0.446978
-0.173740,0.531085,-0.446310
-0.169188,0.531020,-0.445673
-0.164637,0.530917,-0.444652
-0.160089,0.530818,-0.443682
-0.155545,0.530824,-0.443737
-0.151001,0.530829,-0.443793
-0.146459,0.530774,-0.443246
-0.141906,0.531086,-0.446323
-0.137305,0.532274,-0.458017
-0.132667,0.533472,-0.469805
-0.127992,0.534679,-0.481687
-0.123279,0.535896,-0.493662
-0.118529,0.537122,-0.505736
-0.113740,0.538358,-0.517905
-0.108913,0.539605,-0.530175
-0.104046,0.540861,-0.542544
-0.335244,0.547175,-0.557754
-0.329284,0.545008,-0.536747
-0.323856,0.543691,-0.523974
-0.318692,0.542790,-0.515238
-0.313604,0.541983,-0.507414
-0.308717,0.541522,-0.502952
-0.303921,0.541219,-0.500006
-0.299104,0.540851,-0.496438
-0.294383,0.540664,-0.494627
-0.289657,0.540454,-0.492595
-0.284903,0.540163,-0.489773
-0.280088,0.539702,-0.485302
-0.275289,0.539246,-0.480883
-0.270550,0.538908,-0.477608
-0.265835,0.538605,-0.474665
-0.261131,0.538307,-0.471780
-0.256472,0.538114,-0.469902
-0.251820,0.537920,-0.468027
-0.247175,0.537733,-0.466212
-0.242556,0.537611,-0.465030
-0.237942,0.537490,-0.463860
-0.233331,0.537370,-0.462691
-0.228729,0.537266,-0.461681
-0.224133,0.537175,-0.460797
-0.219537,0.537069,-0.459778
-0.214945,0.536964,-0.458759
-0.210354,0.536848,-0.457634
-0.205766,0.536728,-0.456472
-0.201182,0.536609,-0.455312
-0.196600,0.536480,-0.454066
-0.192021,0.536343,-0.452737
-0.187446,0.536201,-0.451355
-0.182881,0.536110,-0.450478
-0.178319,0.536029,-0.449692
-0.173760,0.535951,-0.448930
-0.169203,0.535855,-0.448008
-0.164647,0.535743,-0.446914
-0.160095,0.535630,-0.445821
-0.155547,0.535564,-0.445187
-0.151001,0.535570,-0.445242
-0.146457,0.535463,-0.444205
-0.141890,0.536227,-0.451607
-0.137280,0.537437,-0.463343
-0.132634,0.538657,-0.475172
-0.127950,0.539887,-0.487096
-0.123229,0.541127,-0.499117
-0.118470,0.542376,-0.511232
-0.113672,0.543636,-0.523448
-0.108836,0.544906,-0.535762
-0.329208,0.549609,-0.535450
-0.323711,0.548142,-0.521433
-0.318583,0.547288,-0.513275
-0.313550,0.546569,-0.506408
-0.308723,0.546219,-0.503072
-0.303919,0.545896,-0.499981
-0.299160,0.545644,-0.497576
-0.294454,0.545493,-0.496137
-0.289759,0.545355,-0.494815
-0.285017,0.545095,-0.492332
-0.280196,0.544623,-0.487822
-0.275390,0.544151,-0.483312
-0.270660,0.543840,-0.480342
-0.265939,0.543530,-0.477378
-0.261238,0.543247,-0.474681
-0.256576,0.543054,-0.472838
-0.251920,0.542862,-0.471001
-0.247273,0.542680,-0.469260
-0.242642,0.542529,-0.467827
-0.238020,0.542394,-0.466530
-0.233405,0.542271,-0.465360
-0.228801,0.542176,-0.464453
-0.224201,0.542085,-0.463582
-0.219605,0.541994,-0.462712
-0.215011,0.541903,-0.461842
-0.210415,0.541785,-0.460715
-0.205823,0.541667,-0.459588
-0.201235,0.541549,-0.458462
-0.196650,0.541429,-0.457318
-0.192065,0.541281,-0.455897
-0.187485,0.541136,-0.454511
-0.182911,0.541009,-0.453307
-0.178345,0.540927,-0.452520
-0.173780,0.540825,-0.451542
-0.169217,0.540698,-0.450332
-0.164658,0.540580,-0.449202
-0.160102,0.540463,-0.448084
-0.155550,0.540348,-0.446991
-0.151001,0.540313,-0.446652
-0.146455,0.540191,-0.445484
-0.141874,0.541387,-0.456911
-0.137256,0.542620,-0.468689
-0.132601,0.543863,-0.480560
-0.127909,0.545115,-0.492527
-0.123179,0.546378,-0.504591
-0.118411,0.547652,-0.516752
-0.113604,0.548935,-0.529010
-0.108758,0.550229,-0.541370
-0.329043,0.554045,-0.532624
-0.323556,0.552566,-0.518696
-0.318409,0.551656,-0.510134
-0.313477,0.551116,-0.505052
-0.308694,0.550847,-0.502522
-0.303919,0.550576,-0.499973
-0.299188,0.550383,-0.498150
-0.294474,0.550214,-0.496563
-0.289776,0.550068,-0.495185
-0.285033,0.549803,-0.492692
-0.280267,0.549460,-0.489467
-0.275474,0.549022,-0.485339
-0.270759,0.548757,-0.482848
-0.266048,0.548476,-0.480204
-0.261352,0.548219,-0.477788
-0.256685,0.548022,-0.475928
-0.252024,0.547825,-0.474073
-0.247376,0.547650,-0.472426
-0.242739,0.547498,-0.470998
-0.238109,0.547348,-0.469587
-0.233483,0.547200,-0.468188
-0.228871,0.547086,-0.467118
-0.224266,0.546988,-0.466200
-0.219664,0.546891,-0.465284
-0.215067,0.546803,-0.464454
-0.210475,0.546723,-0.463698
-0.205885,0.546642,-0.462942
-0.201292,0.546528,-0.461865
-0.196699,0.546388,-0.460548
-0.192109,0.546237,-0.459125
-0.187524,0.546086,-0.457703
-0.182943,0.545935,-0.456288
-0.178370,0.545822,-0.455226
-0.173799,0.545693,-0.454008
-0.169232,0.545564,-0.452791
-0.164669,0.545435,-0.451582
-0.160109,0.545315,-0.450452
-0.155554,0.545195,-0.449318
-0.151001,0.545040,-0.447860
-0.146448,0.545321,-0.450507
-0.141857,0.546567,-0.462235
-0.137231,0.547823,-0.474055
-0.132567,0.549089,-0.485971
-0.127867,0.550365,-0.497980
-0.123128,0.551651,-0.510088
-0.118351,0.552948,-0.522293
-0.113536,0.554255,-0.534596
-0.108680,0.555573,-0.547001
-0.328653,0.558059,-0.525943
-0.323323,0.556836,-0.514603
-0.318286,0.556113,-0.507896
-0.313399,0.555649,-0.503590
-0.308632,0.555406,-0.501333
-0.303904,0.555227,-0.499674
-0.299184,0.555055,-0.498074
-0.294485,0.554916,-0.496785
-0.289787,0.554769,-0.495426
-0.285025,0.554454,-0.492500
-0.280271,0.554137,-0.489561
-0.275553,0.553887,-0.487239
-0.270844,0.553642,-0.484970
-0.266135,0.553375,-0.482491
-0.261465,0.553199,-0.480861
-0.256801,0.553021,-0.479212
-0.252135,0.552823,-0.477375
-0.247486,0.552658,-0.475839
-0.242843,0.552501,-0.474380
-0.238207,0.552348,-0.472967
-0.233577,0.552198,-0.471576
-0.228951,0.552051,-0.470205
-0.224330,0.551903,-0.468836
-0.219723,0.551795,-0.467831
-0.215123,0.551712,-0.467066
-0.210527,0.551633,-0.466327
-0.205934,0.551556,-0.465617
-0.201343,0.551474,-0.464857
-0.196749,0.551360,-0.463802
-0.192154,0.551210,-0.462403
-0.187564,0.551056,-0.460980
-0.182978,0.550902,-0.459547
-0.178395,0.550731,-0.457963
-0.173819,0.550584,-0.456602
-0.169248,0.550451,-0.455364
-0.164680,0.550317,-0.454127
-0.160116,0.550140,-0.452479
-0.155556,0.549987,-0.451060
-0.151001,0.549815,-0.449462
-0.146439,0.550499,-0.455810
-0.141841,0.551768,-0.467580
-0.137206,0.553046,-0.479443
-0.132534,0.554335,-0.491401
-0.127825,0.555635,-0.503455
-0.123077,0.556945,-0.515607
-0.118292,0.558265,-0.527855
-0.113467,0.559596,-0.540206
-0.328336,0.562190,-0.520515
-0.323132,0.561176,-0.511237
-0.318194,0.560629,-0.506238
-0.313356,0.560252,-0.502795
-0.308618,0.560062,-0.501053
-0.303889,0.559879,-0.499379
-0.299174,0.559713,-0.497861
-0.294464,0.559546,-0.496334
-0.289747,0.559351,-0.494549
-0.285018,0.559109,-0.492341
-0.280275,0.558814,-0.489645
-0.275572,0.558603,-0.487709
-0.270894,0.558441,-0.486227
-0.266219,0.558272,-0.484686
-0.261558,0.558128,-0.483365
-0.256903,0.557990,-0.482101
-0.252252,0.557852,-0.480845
-0.247602,0.557702,-0.479467
-0.242956,0.557546,-0.478046
-0.238314,0.557391,-0.476627
-0.233677,0.557235,-0.475199
-0.229047,0.557090,-0.473874
-0.224422,0.556945,-0.472551
-0.219801,0.556804,-0.471260
-0.215187,0.556670,-0.470032
-0.210584,0.556574,-0.469158
-0.205986,0.556497,-0.468446
-0.201388,0.556396,-0.467527
-0.196790,0.556280,-0.466469
-0.192196,0.556165,-0.465413
-0.187605,0.556042,-0.464291
-0.183012,0.555872,-0.462735
-0.178424,0.555698,-0.461146
-0.173842,0.555525,-0.459560
-0.169264,0.555360,-0.458050
-0.164690,0.555160,-0.456227
-0.160122,0.554962,-0.454408
-0.155559,0.554786,-0.452805
-0.151002,0.554600,-0.451106
-0.146431,0.555697,-0.461134
-0.141825,0.556989,-0.472946
-0.137181,0.558290,-0.484851
-0.132501,0.559603,-0.496853
-0.127783,0.560925,-0.508951
-0.123026,0.562259,-0.521146
-0.118232,0.563603,-0.533441
-0.113398,0.564959,-0.545836
-0.333836,0.568430,-0.534244
-0.328139,0.566532,-0.517126
-0.323056,0.565730,-0.509897
-0.318132,0.565201,-0.505121
-0.313325,0.564881,-0.502233
-0.308570,0.564649,-0.500146
-0.303849,0.564476,-0.498587
-0.299127,0.564290,-0.496907
-0.294423,0.564132,-0.495485
-0.289711,0.563942,-0.493770
-0.284986,0.563706,-0.491639
-0.280266,0.563461,-0.489434
-0.275598,0.563338,-0.488322
-0.270921,0.563179,-0.486892
-0.266262,0.563059,-0.485808
-0.261649,0.563063,-0.485843
-0.257036,0.563067,-0.485879
-0.252382,0.562935,-0.484686
-0.247731,0.562800,-0.483474
-0.243085,0.562666,-0.482264
-0.238438,0.562511,-0.480863
-0.233793,0.562350,-0.479414
-0.229154,0.562189,-0.477966
-0.224520,0.562031,-0.476541
-0.219894,0.561891,-0.475279
-0.215273,0.561755,-0.474048
-0.210657,0.561618,-0.472813
-0.206044,0.561479,-0.471561
-0.201434,0.561337,-0.470279
-0.196833,0.561223,-0.469249
-0.192235,0.561109,-0.468221
-0.187638,0.560972,-0.466991
-0.183041,0.560802,-0.465459
-0.178449,0.560626,-0.463873
-0.173862,0.560449,-0.462275
-0.169278,0.560231,-0.460311
-0.164700,0.560012,-0.458328
-0.160128,0.559804,-0.456461
-0.155562,0.559600,-0.454613
-0.151002,0.559611,-0.454719
-0.146423,0.560916,-0.466480
-0.141808,0.562230,-0.478334
-0.137156,0.563555,-0.490283
-0.132467,0.564891,-0.502328
-0.127740,0.566237,-0.514469
-0.122975,0.567595,-0.526709
-0.118171,0.568963,-0.539048
-0.333330,0.572220,-0.525788
-0.327995,0.570971,-0.514677
-0.322988,0.570298,-0.508696
-0.318099,0.569830,-0.504526
-0.313282,0.569480,-0.501417
-0.308504,0.569195,-0.498886
-0.303783,0.569016,-0.497289
-0.299070,0.568843,-0.495755
-0.294371,0.568688,-0.494379
-0.289664,0.568504,-0.492740
-0.284961,0.568316,-0.491062
-0.280249,0.568088,-0.489043
-0.275572,0.567938,-0.487707
-0.270928,0.567866,-0.487067
-0.266313,0.567872,-0.487120
-0.261708,0.567909,-0.487445
-0.257103,0.567945,-0.487770
-0.252499,0.567987,-0.488144
-0.247894,0.568030,-0.488525
-0.243250,0.567928,-0.487621
-0.238593,0.567770,-0.486210
-0.233941,0.567608,-0.484768
-0.229294,0.567446,-0.483330
-0.224649,0.567275,-0.481812
-0.219999,0.567056,-0.479858
-0.215359,0.566849,-0.478023
-0.210736,0.566710,-0.476783
-0.206114,0.566553,-0.475391
-0.201494,0.566376,-0.473819
-0.196879,0.566200,-0.472248
-0.192275,0.566070,-0.471098
-0.187669,0.565899,-0.469574
-0.183069,0.565727,-0.468040
-0.178474,0.565554,-0.466507
-0.173881,0.565351,-0.464698
-0.169292,0.565119,-0.462635
-0.164710,0.564887,-0.460575
-0.160135,0.564666,-0.458610
-0.155565,0.564439,-0.456588
-0.151002,0.564827,-0.460042
-0.146415,0.566155,-0.471845
-0.141791,0.567492,-0.483743
-0.137131,0.568841,-0.495734
-0.132434,0.570200,-0.507823
-0.127698,0.571571,-0.520009
-0.122924,0.572952,-0.532294
-0.118111,0.574345,-0.544679
-0.333080,0.576474,-0.521616
-0.327900,0.575498,-0.513049
-0.322897,0.574820,-0.507103
-0.318028,0.574379,-0.503241
-0.313209,0.574017,-0.500065
-0.308441,0.573745,-0.497679
-0.303714,0.573545,-0.495923
-0.298999,0.573360,-0.494301
-0.294306,0.573215,-0.493025
-0.289620,0.573074,-0.491794
-0.284926,0.572901,-0.490271
-0.280226,0.572700,-0.488512
-0.275550,0.572548,-0.487179
-0.270931,0.572543,-0.487132
-0.266332,0.572598,-0.487618
-0.261751,0.572712,-0.488614
-0.257173,0.572843,-0.489762
-0.252576,0.572920,-0.490438
-0.247969,0.572966,-0.490842
-0.243361,0.573013,-0.491259
-0.238753,0.573064,-0.491700
-0.234106,0.572954,-0.490737
-0.229448,0.572785,-0.489258
-0.224783,0.572560,-0.487282
-0.220125,0.572333,-0.485290
-0.215473,0.572110,-0.483333
-0.210827,0.571887,-0.481379
-0.206183,0.571630,-0.479125
-0.201556,0.571447,-0.477522
-0.196935,0.571265,-0.475920
-0.192316,0.571053,-0.474063
-0.187701,0.570831,-0.472113
-0.183096,0.570655,-0.470570
-0.178496,0.570472,-0.468969
-0.173898,0.570233,-0.466871
-0.169306,0.569997,-0.464799
-0.164720,0.569761,-0.462735
-0.160140,0.569506,-0.460497
-0.155567,0.569243,-0.458188
-0.151002,0.570064,-0.465387
-0.146406,0.571414,-0.477232
-0.141775,0.572775,-0.489173
-0.137106,0.574148,-0.501208
-0.132400,0.575531,-0.513340
-0.127655,0.576925,-0.525571
-0.122872,0.578331,-0.537901
-0.327806,0.580021,-0.511422
-0.322830,0.579386,-0.505927
-0.317945,0.578902,-0.501740
-0.313113,0.578502,-0.498277
-0.308362,0.578256,-0.496149
-0.303642,0.578067,-0.494514
-0.298939,0.577900,-0.493070
-0.294252,0.577762,-0.491879
-0.289564,0.577611,-0.490572
-0.284881,0.577460,-0.489262
-0.280210,0.577330,-0.488140
-0.275554,0.577230,-0.487276
-0.270939,0.577238,-0.487343
-0.266356,0.577342,-0.488242
-0.261785,0.577492,-0.489536
-0.257208,0.577631,-0.490744
-0.252621,0.577748,-0.491757
-0.248036,0.577884,-0.492931
-0.243447,0.578015,-0.494064
-0.238837,0.578074,-0.494573
-0.234226,0.578133,-0.495082
-0.229602,0.578139,-0.495136
-0.224932,0.577929,-0.493320
-0.220254,0.577654,-0.490939
-0.215589,0.577403,-0.488766
-0.210930,0.577145,-0.486540
-0.206273,0.576856,-0.484032
-0.201624,0.576566,-0.481528
-0.196990,0.576330,-0.479485
-0.192361,0.576086,-0.477372
-0.187739,0.575839,-0.475237
-0.183124,0.575593,-0.473104
-0.178517,0.575369,-0.471167
-0.173914,0.575126,-0.469068
-0.169319,0.574888,-0.467009
-0.164729,0.574626,-0.464736
-0.160146,0.574366,-0.462491
-0.155570,0.574074,-0.459962
-0.151001,0.575321,-0.470753
-0.146398,0.576695,-0.482641
-0.141758,0.578080,-0.494624
-0.137081,0.579475,-0.506703
-0.132366,0.580883,-0.518880
-0.127612,0.582301,-0.531156
-0.122820,0.583731,-0.543531
-0.322718,0.583856,-0.503945
-0.317842,0.583377,-0.499862
-0.313017,0.582982,-0.496489
-0.308286,0.582772,-0.494694
-0.303571,0.582585,-0.493096
-0.298880,0.582443,-0.491889
-0.294193,0.582299,-0.490651
-0.289543,0.582237,-0.490124
-0.284872,0.582115,-0.489081
-0.280204,0.581989,-0.488006
-0.275563,0.581929,-0.487492
-0.270952,0.581951,-0.487683
-0.266371,0.582064,-0.488645
-0.261810,0.582246,-0.490204
-0.257254,0.582461,-0.492042
-0.252691,0.582672,-0.493837
-0.248112,0.582840,-0.495278
-0.243526,0.583000,-0.496644
-0.238937,0.583160,-0.498010
-0.234332,0.583266,-0.498910
-0.229695,0.583242,-0.498704
-0.225060,0.583224,-0.498555
-0.220426,0.583207,-0.498406
-0.215747,0.582937,-0.496100
-0.211046,0.582494,-0.492318
-0.206363,0.582093,-0.488894
-0.201706,0.581800,-0.486392
-0.197053,0.581474,-0.483610
-0.192403,0.581100,-0.480421
-0.187776,0.580849,-0.478270
-0.183156,0.580594,-0.476096
-0.178541,0.580328,-0.473822
-0.173935,0.580080,-0.471710
-0.169334,0.579817,-0.469459
-0.164739,0.579514,-0.466871
-0.160152,0.579225,-0.464409
-0.155577,0.579213,-0.464302
-0.151001,0.580599,-0.476140
-0.146390,0.581996,-0.488070
-0.141741,0.583405,-0.500098
-0.137055,0.584825,-0.512220
-0.132332,0.586256,-0.524442
-0.127569,0.587699,-0.536763
-0.317737,0.587848,-0.497978
-0.312940,0.587502,-0.495064
-0.308212,0.587291,-0.493288
-0.303507,0.587120,-0.491849
-0.298815,0.586968,-0.490565
-0.294146,0.586862,-0.489670
-0.289507,0.586823,-0.489346
-0.284868,0.586780,-0.488979
-0.280217,0.586699,-0.488298
-0.275585,0.586666,-0.488021
-0.270971,0.586681,-0.488149
-0.266393,0.586806,-0.489203
-0.261837,0.587011,-0.490931
-0.257280,0.587232,-0.492789
-0.252732,0.587500,-0.495049
-0.248183,0.587790,-0.497492
-0.243607,0.587999,-0.499256
-0.239017,0.588177,-0.500753
-0.234412,0.588304,-0.501821
-0.229803,0.588425,-0.502844
-0.225178,0.588488,-0.503370
-0.220530,0.588432,-0.502902
-0.215878,0.588350,-0.502207
-0.211223,0.588232,-0.501218
-0.206500,0.587655,-0.496351
-0.201792,0.587079,-0.491498
-0.197122,0.586675,-0.488099
-0.192464,0.586285,-0.484809
-0.187816,0.585896,-0.481529
-0.183187,0.585595,-0.478997
-0.178568,0.585324,-0.476711
-0.173956,0.585053,-0.474429
-0.169348,0.584731,-0.471710
-0.164749,0.584417,-0.469065
-0.160158,0.584075,-0.466189
-0.155585,0.584488,-0.469669
-0.151002,0.585898,-0.481548
-0.146381,0.587319,-0.493522
-0.141724,0.588751,-0.505593
-0.137030,0.590195,-0.517760
-0.132297,0.591651,-0.530026
-0.308139,0.591808,-0.491883
-0.303447,0.591661,-0.490664
-0.298761,0.591517,-0.489460
-0.294130,0.591499,-0.489317
-0.289496,0.591473,-0.489096
-0.284854,0.591421,-0.488668
-0.280224,0.591397,-0.488468
-0.275619,0.591441,-0.488834
-0.271008,0.591471,-0.489084
-0.266433,0.591611,-0.490249
-0.261870,0.591803,-0.491844
-0.257333,0.592098,-0.494293
-0.252806,0.592452,-0.497238
-0.248248,0.592724,-0.499503
-0.243683,0.592994,-0.501746
-0.239112,0.593262,-0.503981
-0.234532,0.593524,-0.506154
-0.229923,0.593680,-0.507451
-0.225302,0.593796,-0.508423
-0.220677,0.593903,-0.509309
-0.216020,0.593845,-0.508827
-0.211336,0.593611,-0.506878
-0.206662,0.593401,-0.505132
-0.201977,0.593074,-0.502413
-0.197252,0.592371,-0.496566
-0.192546,0.591670,-0.490740
-0.187884,0.591226,-0.487044
-0.183228,0.590719,-0.482824
-0.178593,0.590321,-0.479511
-0.173975,0.590012,-0.476944
-0.169361,0.589647,-0.473912
-0.164758,0.589309,-0.471102
-0.160164,0.588947,-0.468087
-0.155593,0.589785,-0.475055
-0.151001,0.591218,-0.486978
-0.146373,0.592663,-0.498995
-0.141708,0.594119,-0.511110
-0.137004,0.595588,-0.523322
-0.132263,0.597068,-0.535634
-0.298739,0.596143,-0.489010
-0.294112,0.596135,-0.488944
-0.289491,0.596140,-0.488981
-0.284872,0.596150,-0.489068
-0.280252,0.596155,-0.489109
-0.275655,0.596228,-0.489705
-0.271045,0.596263,-0.489999
-0.266476,0.596431,-0.491373
-0.261913,0.596631,-0.493019
-0.257378,0.596941,-0.495558
-0.252859,0.597338,-0.498819
-0.248327,0.597719,-0.501952
-0.243781,0.598084,-0.504946
-0.239226,0.598445,-0.507915
-0.234656,0.598779,-0.510652
-0.230077,0.599107,-0.513350
-0.225488,0.599429,-0.515989
-0.220860,0.599585,-0.517273
-0.216217,0.599673,-0.517997
-0.211581,0.599816,-0.519172
-0.206856,0.599390,-0.515674
-0.202167,0.599148,-0.513682
-0.197416,0.598365,-0.507258
-0.192679,0.597534,-0.500431
-0.187969,0.596751,-0.493999
-0.183278,0.595954,-0.487462
-0.178629,0.595457,-0.483380
-0.173995,0.594991,-0.479551
-0.169378,0.594625,-0.476541
-0.164769,0.594236,-0.473352
-0.160170,0.593830,-0.470020
-0.155602,0.595102,-0.480464
-0.151001,0.596560,-0.492430
-0.146365,0.598028,-0.504491
-0.141691,0.599509,-0.516650
-0.136978,0.601002,-0.528907
-0.284881,0.600857,-0.489270
-0.280283,0.600926,-0.489828
-0.275688,0.601008,-0.490489
-0.271080,0.601055,-0.490868
-0.266534,0.601304,-0.492892
-0.261962,0.601482,-0.494334
-0.257435,0.601835,-0.497195
-0.252920,0.602257,-0.500613
-0.248414,0.602753,-0.504641
-0.243930,0.603388,-0.509791
-0.239382,0.603817,-0.513268
-0.234851,0.604363,-0.517695
-0.230348,0.605113,-0.523775
-0.225792,0.605681,-0.528376
-0.197627,0.604775,-0.521034
-0.192852,0.603772,-0.512900
-0.188092,0.602675,-0.504005
-0.183356,0.601534,-0.494754
-0.178667,0.600634,-0.487461
-0.174024,0.600123,-0.483314
-0.169395,0.599637,-0.479376
-0.164781,0.599217,-0.475970
-0.160181,0.598972,-0.473980
-0.155610,0.600441,-0.485894
-0.151002,0.601922,-0.497903
-0.146356,0.603415,-0.510009
-0.141673,0.604921,-0.522212
-0.136953,0.606438,-0.534514
-0.275719,0.605790,-0.491255
-0.271125,0.605885,-0.492016
-0.266583,0.606152,-0.494154
-0.262021,0.606376,-0.495947
-0.257518,0.606823,-0.499526
-0.252998,0.607247,-0.502919
-0.248562,0.608038,-0.509256
-0.244104,0.608815,-0.515473
-0.239575,0.609364,-0.519875
-0.235142,0.610411,-0.528256
-0.183472,0.607571,-0.505514
-0.178729,0.606168,-0.494280
-0.174061,0.605407,-0.488185
-0.169421,0.604843,-0.483674
-0.164797,0.604314,-0.479440
-0.160198,0.604308,-0.479388
-0.155618,0.605801,-0.491345
-0.151002,0.607307,-0.503398
-0.146348,0.608824,-0.515548
-0.141656,0.610354,-0.527796
-0.257588,0.611776,-0.501508
-0.253104,0.612352,-0.506060
-0.248675,0.613198,-0.512755
-0.244280,0.614266,-0.521199
-0.239904,0.615528,-0.531176
-0.174116,0.611005,-0.495413
-0.169451,0.610131,-0.488499
-0.164817,0.609547,-0.483878
-0.160215,0.609666,-0.484819
-0.155627,0.611183,-0.496819
-0.151001,0.612713,-0.508916
-0.146339,0.614255,-0.521110
-0.169525,0.616359,-0.500540
-0.164847,0.615049,-0.490303
-0.160232,0.615045,-0.490270
-0.155635,0.616586,-0.502315
-0.151002,0.618141,-0.514456
-0.164904,0.621352,-0.502741
-0.160248,0.620446,-0.495745
-0.155643,0.622012,-0.507833
