X,Y,Z
0.187544,-0.530709,-0.001002
0.191978,-0.532765,-0.022555
0.196458,-0.536002,-0.056488
0.183004,-0.526795,-0.007667
0.187587,-0.525305,0.008204
0.192095,-0.524593,0.015793
0.196540,-0.526356,-0.002987
0.201043,-0.529498,-0.036470
0.205649,-0.532713,-0.070726
0.178434,-0.522965,-0.015454
0.183058,-0.521428,0.001199
0.187604,-0.520432,0.011989
0.192105,-0.519776,0.019097
0.196585,-0.519123,0.026171
0.201043,-0.520033,0.016307
0.205566,-0.523083,-0.016734
0.210194,-0.526203,-0.050532
0.214928,-0.529395,-0.085116
0.178498,-0.517647,-0.007102
0.183101,-0.516261,0.008174
0.187619,-0.515616,0.015286
0.192115,-0.514977,0.022325
0.196589,-0.514386,0.028830
0.201043,-0.513967,0.033456
0.205487,-0.513796,0.035336
0.210030,-0.516755,0.002727
0.214678,-0.519782,-0.030626
0.219432,-0.522879,-0.064746
0.178557,-0.512421,0.000536
0.183121,-0.511455,0.011363
0.187634,-0.510822,0.018458
0.192125,-0.510195,0.025482
0.196592,-0.509747,0.030512
0.201043,-0.509334,0.035133
0.205480,-0.508924,0.039738
0.209903,-0.508514,0.044330
0.214436,-0.510513,0.021918
0.219102,-0.513449,-0.010997
0.223876,-0.516453,-0.044665
0.228759,-0.519526,-0.079114
0.173944,-0.508983,-0.011950
0.178601,-0.507387,0.006254
0.183136,-0.506718,0.013882
0.187648,-0.506053,0.021470
0.192131,-0.505519,0.027563
0.196594,-0.505113,0.032198
0.201043,-0.504708,0.036818
0.205477,-0.504304,0.041424
0.209902,-0.504015,0.044717
0.214321,-0.503831,0.046820
0.218784,-0.504355,0.040845
0.223469,-0.507203,0.008358
0.228260,-0.510115,-0.024867
0.233162,-0.513095,-0.058858
0.238177,-0.516144,-0.093639
0.174029,-0.503642,-0.002769
0.178620,-0.502647,0.008782
0.183151,-0.501992,0.016396
0.187661,-0.501311,0.024301
0.192136,-0.500897,0.029102
0.196597,-0.500485,0.033886
0.201043,-0.500087,0.038511
0.205475,-0.499722,0.042745
0.209901,-0.499541,0.044850
0.214321,-0.499360,0.046953
0.218734,-0.499179,0.049052
0.223141,-0.498999,0.051148
0.227779,-0.501040,0.027446
0.232587,-0.503864,-0.005346
0.237505,-0.506752,-0.038887
0.242538,-0.509708,-0.073206
0.247688,-0.512732,-0.108326
0.169375,-0.500295,-0.016822
0.174088,-0.498563,0.003664
0.178639,-0.497917,0.011305
0.183169,-0.497240,0.019311
0.187667,-0.496698,0.025715
0.192140,-0.496292,0.030512
0.196599,-0.495888,0.035292
0.201043,-0.495485,0.040056
0.205475,-0.495235,0.043014
0.209900,-0.495052,0.045174
0.214319,-0.494872,0.047304
0.218731,-0.494692,0.049431
0.223138,-0.494513,0.051555
0.227548,-0.494429,0.052548
0.232033,-0.494960,0.046272
0.236858,-0.497697,0.013904
0.241792,-0.500496,-0.019197
0.246840,-0.503360,-0.053060
0.252005,-0.506291,-0.087712
0.169499,-0.494782,-0.005287
0.174111,-0.493829,0.006194
0.178662,-0.493156,0.014302
0.183188,-0.492490,0.022321
0.187674,-0.492091,0.027129
0.192145,-0.491693,0.031920
0.196601,-0.491299,0.036663
0.201043,-0.490966,0.040671
0.205475,-0.490769,0.043052
0.209899,-0.490571,0.045430
0.214317,-0.490374,0.047804
0.218728,-0.490186,0.050073
0.223137,-0.490056,0.051643
0.227555,-0.490047,0.051742
0.231973,-0.490039,0.051842
0.236391,-0.490031,0.051941
0.241073,-0.491612,0.032890
0.246022,-0.494325,0.000219
0.251085,-0.497100,-0.033199
0.256265,-0.499938,-0.067390
0.261566,-0.502843,-0.102380
0.164810,-0.491461,-0.020201
0.169567,-0.489728,0.001065
0.174140,-0.489059,0.009275
0.178687,-0.488384,0.017564
0.183196,-0.487881,0.023737
0.187680,-0.487489,0.028540
0.192149,-0.487105,0.033261
0.196603,-0.486722,0.037955
0.201043,-0.486498,0.040709
0.205475,-0.486304,0.043091
0.209899,-0.486110,0.045469
0.214317,-0.485917,0.047842
0.218727,-0.485734,0.050085
0.223145,-0.485694,0.050574
0.227563,-0.485670,0.050869
0.231982,-0.485656,0.051039
0.236401,-0.485648,0.051138
0.240819,-0.485640,0.051236
0.245238,-0.485632,0.051334
0.250198,-0.488237,0.019366
0.255275,-0.490924,-0.013616
0.260468,-0.493674,-0.047357
0.265782,-0.496487,-0.081881
0.164946,-0.486013,-0.009072
0.169601,-0.484949,0.004230
0.174170,-0.484285,0.012547
0.178709,-0.483662,0.020337
0.183205,-0.483279,0.025129
0.187686,-0.482901,0.029851
0.192153,-0.482525,0.034556
0.196604,-0.482221,0.038362
0.201043,-0.482030,0.040748
0.205475,-0.481840,0.043129
0.209899,-0.481659,0.045394
0.214318,-0.481483,0.047600
0.218735,-0.481379,0.048901
0.223156,-0.481355,0.049197
0.227576,-0.481331,0.049492
0.231995,-0.481308,0.049788
0.236413,-0.481284,0.050084
0.240831,-0.481261,0.050378
0.245259,-0.481293,0.049967
0.249694,-0.481354,0.049212
0.254320,-0.482230,0.038250
0.259410,-0.484832,0.005694
0.264617,-0.487494,-0.027604
0.269943,-0.490217,-0.061671
0.275394,-0.493004,-0.096534
0.165036,-0.480895,-0.001704
0.169631,-0.480212,0.007005
0.174199,-0.479534,0.015663
0.178719,-0.479060,0.021699
0.183213,-0.478689,0.026432
0.187692,-0.478320,0.031149
0.192157,-0.477951,0.035850
0.196604,-0.477751,0.038401
0.201043,-0.477572,0.040689
0.205475,-0.477398,0.042901
0.209900,-0.477225,0.045111
0.214319,-0.477059,0.047227
0.218743,-0.477036,0.047523
0.223166,-0.477013,0.047819
0.227588,-0.476990,0.048114
0.232010,-0.476965,0.048432
0.236428,-0.476927,0.048915
0.240850,-0.476917,0.049047
0.245282,-0.476962,0.048461
0.249720,-0.477021,0.047714
0.254160,-0.477079,0.046969
0.258602,-0.477138,0.046227
0.263492,-0.478822,0.024739
0.268711,-0.481399,-0.008127
0.274049,-0.484034,-0.041747
0.279511,-0.486731,-0.076148
0.285102,-0.489491,-0.111355
0.160321,-0.477558,-0.017192
0.165069,-0.476163,0.000955
0.169660,-0.475495,0.009649
0.174219,-0.474860,0.017916
0.178727,-0.474488,0.022757
0.183220,-0.474117,0.027583
0.187698,-0.473747,0.032392
0.192157,-0.473472,0.035968
0.196603,-0.473302,0.038188
0.201043,-0.473131,0.040404
0.205475,-0.472961,0.042618
0.209901,-0.472791,0.044828
0.214326,-0.472713,0.045848
0.218752,-0.472690,0.046143
0.223176,-0.472659,0.046548
0.227598,-0.472622,0.047032
0.232019,-0.472585,0.047515
0.236439,-0.472549,0.047979
0.240872,-0.472591,0.047441
0.245306,-0.472632,0.046901
0.249745,-0.472686,0.046199
0.254187,-0.472743,0.045453
0.258632,-0.472801,0.044705
0.263079,-0.472858,0.043963
0.267538,-0.472943,0.042856
0.272752,-0.475385,0.011081
0.278102,-0.477935,-0.022101
0.283574,-0.480544,-0.056049
0.289175,-0.483214,-0.090789
0.160488,-0.472098,-0.005121
0.165102,-0.471441,0.003609
0.169693,-0.470755,0.012719
0.174229,-0.470287,0.018926
0.178735,-0.469923,0.023764
0.183226,-0.469560,0.028586
0.187703,-0.469195,0.033427
0.192156,-0.469027,0.035658
0.196603,-0.468859,0.037885
0.201043,-0.468692,0.040110
0.205476,-0.468525,0.042331
0.209903,-0.468385,0.044179
0.214331,-0.468349,0.044662
0.218758,-0.468313,0.045146
0.223183,-0.468276,0.045630
0.227607,-0.468240,0.046113
0.232029,-0.468203,0.046596
0.236459,-0.468220,0.046372
0.240894,-0.468261,0.045832
0.245331,-0.468302,0.045292
0.249771,-0.468348,0.044682
0.254215,-0.468404,0.043935
0.258662,-0.468460,0.043187
0.263118,-0.468537,0.042163
0.267579,-0.468622,0.041038
0.272045,-0.468707,0.039913
0.276742,-0.469451,0.030026
0.282102,-0.471918,-0.002728
0.287584,-0.474441,-0.036233
0.293194,-0.477023,-0.070514
0.298935,-0.479665,-0.105599
0.155696,-0.468938,-0.023703
0.160525,-0.467371,-0.002456
0.165140,-0.466693,0.006729
0.169718,-0.466077,0.015084
0.174238,-0.465719,0.019935
0.178743,-0.465360,0.024801
0.183233,-0.464999,0.029700
0.187701,-0.464747,0.033114
0.192155,-0.464582,0.035346
0.196602,-0.464418,0.037573
0.201043,-0.464254,0.039798
0.205476,-0.464085,0.042083
0.209907,-0.464018,0.042992
0.214336,-0.463978,0.043543
0.218764,-0.463937,0.044093
0.223191,-0.463896,0.044644
0.227615,-0.463856,0.045194
0.232043,-0.463848,0.045303
0.236479,-0.463888,0.044763
0.240916,-0.463927,0.044223
0.245356,-0.463967,0.043683
0.249797,-0.464007,0.043141
0.254243,-0.464061,0.042416
0.258697,-0.464131,0.041468
0.263157,-0.464214,0.040344
0.267621,-0.464297,0.039218
0.272089,-0.464380,0.038091
0.276561,-0.464463,0.036964
0.281037,-0.464546,0.035835
0.286050,-0.465981,0.016378
0.291542,-0.468421,-0.016693
0.297160,-0.470916,-0.050524
0.302910,-0.473470,-0.085145
0.155929,-0.463285,-0.008548
0.160569,-0.462616,0.000713
0.165179,-0.461951,0.009922
0.169729,-0.461505,0.016095
0.174248,-0.461150,0.021011
0.178751,-0.460795,0.025923
0.183238,-0.460460,0.030564
0.187700,-0.460299,0.032800
0.192154,-0.460138,0.035032
0.196602,-0.459973,0.037316
0.201043,-0.459807,0.039607
0.205478,-0.459691,0.041211
0.209911,-0.459651,0.041763
0.214342,-0.459612,0.042314
0.218772,-0.459572,0.042865
0.223199,-0.459528,0.043476
0.227625,-0.459482,0.044110
0.232061,-0.459519,0.043594
0.236499,-0.459556,0.043078
0.240939,-0.459594,0.042561
0.245381,-0.459631,0.042045
0.249824,-0.459668,0.041528
0.254274,-0.459723,0.040775
0.258731,-0.459798,0.039738
0.263191,-0.459868,0.038758
0.267654,-0.459939,0.037776
0.272121,-0.460010,0.036795
0.276591,-0.460081,0.035813
0.281064,-0.460152,0.034829
0.285585,-0.460332,0.032332
0.290116,-0.460517,0.029773
0.295449,-0.462481,0.002577
0.301075,-0.464893,-0.030815
0.306832,-0.467361,-0.064981
0.151000,-0.460495,-0.033222
0.155973,-0.458549,-0.005689
0.160610,-0.457883,0.003731
0.165208,-0.457280,0.012260
0.169741,-0.456930,0.017211
0.174258,-0.456582,0.022135
0.178760,-0.456235,0.027043
0.183236,-0.456009,0.030251
0.187699,-0.455847,0.032533
0.192154,-0.455685,0.034832
0.196602,-0.455522,0.037129
0.201043,-0.455360,0.039420
0.205479,-0.455321,0.039981
0.209914,-0.455282,0.040532
0.214347,-0.455236,0.041176
0.218778,-0.455187,0.041878
0.223206,-0.455137,0.042580
0.227641,-0.455152,0.042374
0.232080,-0.455188,0.041857
0.236521,-0.455225,0.041340
0.240963,-0.455261,0.040823
0.245407,-0.455297,0.040313
0.249853,-0.455334,0.039792
0.254305,-0.455386,0.039060
0.258759,-0.455438,0.038327
0.263216,-0.455490,0.037594
0.267676,-0.455541,0.036860
0.272138,-0.455593,0.036126
0.276608,-0.455663,0.035146
0.281110,-0.455801,0.033194
0.285643,-0.456001,0.030352
0.290186,-0.456203,0.027503
0.294738,-0.456404,0.024649
0.299307,-0.456621,0.021581
0.304940,-0.458951,-0.011379
0.310703,-0.461334,-0.045099
0.151310,-0.454655,-0.014876
0.156015,-0.453829,-0.002925
0.160651,-0.453163,0.006707
0.165220,-0.452711,0.013241
0.169752,-0.452367,0.018218
0.174268,-0.452024,0.023178
0.178765,-0.451712,0.027695
0.183235,-0.451551,0.030028
0.187698,-0.451390,0.032345
0.192153,-0.451231,0.034645
0.196602,-0.451073,0.036940
0.201043,-0.450986,0.038197
0.205481,-0.450939,0.038873
0.209917,-0.450891,0.039576
0.214351,-0.450842,0.040279
0.218783,-0.450793,0.040982
0.223217,-0.450782,0.041153
0.227657,-0.450817,0.040636
0.232099,-0.450853,0.040123
0.236542,-0.450888,0.039615
0.240987,-0.450923,0.039107
0.245434,-0.450958,0.038599
0.249885,-0.451005,0.037913
0.254340,-0.451056,0.037180
0.258797,-0.451107,0.036446
0.263256,-0.451154,0.035759
0.267713,-0.451192,0.035214
0.272173,-0.451230,0.034670
0.276652,-0.451313,0.033467
0.281177,-0.451501,0.030754
0.285711,-0.451688,0.028035
0.290253,-0.451877,0.025311
0.294805,-0.452065,0.022581
0.299367,-0.452258,0.019794
0.303980,-0.452532,0.015831
0.308755,-0.453088,0.007787
0.314525,-0.455390,-0.025496
0.151399,-0.449757,-0.009611
0.156061,-0.449102,0.000085
0.160686,-0.448484,0.009228
0.165232,-0.448147,0.014220
0.169762,-0.447810,0.019194
0.174278,-0.447467,0.024266
0.178763,-0.447258,0.027371
0.183233,-0.447100,0.029704
0.187696,-0.446942,0.032033
0.192152,-0.446785,0.034359
0.196600,-0.446654,0.036294
0.201043,-0.446603,0.037056
0.205483,-0.446551,0.037817
0.209920,-0.446500,0.038579
0.214356,-0.446449,0.039339
0.218790,-0.446408,0.039933
0.223231,-0.446443,0.039416
0.227673,-0.446479,0.038896
0.232118,-0.446514,0.038375
0.236564,-0.446549,0.037854
0.241011,-0.446584,0.037333
0.245460,-0.446613,0.036905
0.249910,-0.446646,0.036420
0.254364,-0.446683,0.035877
0.258819,-0.446719,0.035332
0.263276,-0.446756,0.034787
0.267736,-0.446793,0.034243
0.272203,-0.446846,0.033455
0.276723,-0.447030,0.030741
0.281252,-0.447214,0.028023
0.285779,-0.447371,0.025695
0.290312,-0.447526,0.023400
0.294852,-0.447681,0.021101
0.299415,-0.447867,0.018356
0.304141,-0.448346,0.011269
0.308890,-0.448827,0.004147
0.313637,-0.449267,-0.002359
0.319086,-0.450861,-0.025929
0.146594,-0.446266,-0.025372
0.151450,-0.445024,-0.006570
0.156117,-0.444345,0.003699
0.160700,-0.443915,0.010210
0.165244,-0.443583,0.015239
0.169774,-0.443246,0.020342
0.174282,-0.442958,0.024708
0.178760,-0.442803,0.027045
0.183231,-0.442649,0.029380
0.187694,-0.442500,0.031628
0.192151,-0.442356,0.033813
0.196598,-0.442286,0.034879
0.201043,-0.442235,0.035642
0.205485,-0.442185,0.036404
0.209925,-0.442135,0.037166
0.214362,-0.442081,0.037981
0.218803,-0.442098,0.037726
0.223248,-0.442132,0.037205
0.227694,-0.442167,0.036683
0.232141,-0.442201,0.036162
0.236587,-0.442216,0.035941
0.241034,-0.442231,0.035711
0.245485,-0.442262,0.035240
0.249938,-0.442293,0.034768
0.254393,-0.442324,0.034296
0.258849,-0.442355,0.033823
0.263306,-0.442383,0.033406
0.267759,-0.442393,0.033255
0.272256,-0.442523,0.031295
0.276760,-0.442652,0.029332
0.281271,-0.442782,0.027366
0.285792,-0.442921,0.025256
0.290325,-0.443073,0.022960
0.294867,-0.443225,0.020661
0.299551,-0.443643,0.014338
0.304288,-0.444121,0.007092
0.309066,-0.444632,-0.000633
0.314052,-0.445459,-0.013164
0.146818,-0.440925,-0.013212
0.151511,-0.440262,-0.002939
0.156155,-0.439673,0.006189
0.160715,-0.439344,0.011291
0.165259,-0.439014,0.016407
0.169787,-0.438685,0.021506
0.174279,-0.438500,0.024383
0.178757,-0.438352,0.026672
0.183228,-0.438210,0.028865
0.187692,-0.438069,0.031054
0.192147,-0.437963,0.032700
0.196596,-0.437914,0.033464
0.201043,-0.437864,0.034227
0.205487,-0.437812,0.035037
0.209929,-0.437760,0.035853
0.214371,-0.437748,0.036034
0.218817,-0.437781,0.035513
0.223265,-0.437815,0.034991
0.227711,-0.437828,0.034791
0.232157,-0.437836,0.034674
0.236605,-0.437846,0.034517
0.241057,-0.437876,0.034046
0.245511,-0.437907,0.033573
0.249964,-0.437928,0.033236
0.254415,-0.437936,0.033115
0.258866,-0.437944,0.032994
0.263318,-0.437953,0.032850
0.267813,-0.438080,0.030890
0.272314,-0.438206,0.028926
0.276822,-0.438333,0.026960
0.281335,-0.438457,0.025043
0.285848,-0.438568,0.023315
0.290367,-0.438680,0.021586
0.295024,-0.439054,0.015783
0.299755,-0.439537,0.008296
0.304524,-0.440046,0.000410
0.309329,-0.440574,-0.007777
0.314670,-0.441962,-0.029286
0.332468,-0.441375,-0.020183
0.337668,-0.442302,-0.034554
0.343860,-0.444514,-0.068840
0.141817,-0.437907,-0.037331
0.146893,-0.436134,-0.009167
0.151577,-0.435496,0.000964
0.156173,-0.435092,0.007380
0.160731,-0.434770,0.012483
0.165273,-0.434450,0.017575
0.169789,-0.434190,0.021699
0.174274,-0.434051,0.023899
0.178753,-0.433913,0.026096
0.183224,-0.433775,0.028290
0.187689,-0.433637,0.030480
0.192143,-0.433586,0.031282
0.196594,-0.433536,0.032089
0.201043,-0.433484,0.032906
0.205489,-0.433433,0.033723
0.209933,-0.433394,0.034341
0.214381,-0.433427,0.033818
0.218828,-0.433438,0.033640
0.223276,-0.433445,0.033523
0.227724,-0.433453,0.033407
0.232172,-0.433460,0.033290
0.236622,-0.433474,0.033065
0.241072,-0.433482,0.032944
0.245522,-0.433489,0.032823
0.249973,-0.433497,0.032702
0.254424,-0.433504,0.032585
0.258876,-0.433512,0.032463
0.263363,-0.433618,0.030782
0.267855,-0.433726,0.029062
0.272353,-0.433835,0.027340
0.276857,-0.433943,0.025615
0.281367,-0.434052,0.023889
0.285882,-0.434161,0.022160
0.290518,-0.434507,0.016664
0.295224,-0.434954,0.009570
0.299855,-0.435221,0.005330
0.304409,-0.435326,0.003658
0.308901,-0.435315,0.003832
0.313378,-0.435280,0.004384
0.318258,-0.435883,-0.005187
0.325137,-0.439478,-0.062263
0.329104,-0.438547,-0.047490
0.331878,-0.435994,-0.006946
0.336066,-0.435542,0.000237
0.341306,-0.436511,-0.015157
0.347500,-0.438642,-0.049000
0.353839,-0.440823,-0.083634
0.142222,-0.432087,-0.017026
0.146967,-0.431356,-0.005135
0.151621,-0.430822,0.003562
0.156193,-0.430508,0.008678
0.160749,-0.430195,0.013776
0.165289,-0.429881,0.018888
0.169785,-0.429732,0.021308
0.174270,-0.429600,0.023461
0.178749,-0.429467,0.025612
0.183221,-0.429336,0.027760
0.187683,-0.429249,0.029166
0.192139,-0.429199,0.029982
0.196592,-0.429149,0.030798
0.201043,-0.429099,0.031614
0.205491,-0.429049,0.032429
0.209939,-0.429044,0.032500
0.214388,-0.429051,0.032394
0.218837,-0.429057,0.032288
0.223286,-0.429064,0.032182
0.227732,-0.429042,0.032542
0.232178,-0.429027,0.032784
0.236627,-0.429034,0.032667
0.241077,-0.429041,0.032550
0.245528,-0.429048,0.032433
0.249979,-0.429055,0.032321
0.254431,-0.429061,0.032235
0.258912,-0.429156,0.030690
0.263400,-0.429257,0.029032
0.267894,-0.429359,0.027373
0.272393,-0.429461,0.025713
0.276898,-0.429564,0.024050
0.281391,-0.429627,0.023012
0.285907,-0.429733,0.021297
0.290434,-0.429849,0.019411
0.295032,-0.430087,0.015523
0.299545,-0.430148,0.014529
0.304031,-0.430157,0.014387
0.308558,-0.430233,0.013149
0.313113,-0.430347,0.011297
0.317780,-0.430624,0.006789
0.322494,-0.430948,0.001514
0.328061,-0.432468,-0.023232
0.331724,-0.431254,-0.003466
0.335910,-0.430819,0.003620
0.340100,-0.430415,0.010184
0.344898,-0.430797,0.003972
0.351093,-0.432849,-0.029435
0.357433,-0.434950,-0.063620
0.363922,-0.437099,-0.098607
0.142311,-0.427280,-0.012583
0.147041,-0.426593,-0.001113
0.151643,-0.426235,0.004862
0.156213,-0.425929,0.009982
0.160768,-0.425621,0.015124
0.165288,-0.425399,0.018828
0.169781,-0.425270,0.020986
0.174267,-0.425141,0.023139
0.178747,-0.425008,0.025349
0.183219,-0.424885,0.027408
0.187679,-0.424836,0.028226
0.192136,-0.424787,0.029043
0.196591,-0.424738,0.029860
0.201043,-0.424683,0.030780
0.205493,-0.424652,0.031293
0.209943,-0.424659,0.031187
0.214394,-0.424665,0.031081
0.218844,-0.424663,0.031116
0.223288,-0.424610,0.031997
0.227732,-0.424579,0.032516
0.232182,-0.424586,0.032399
0.236632,-0.424593,0.032282
0.241083,-0.424599,0.032173
0.245534,-0.424605,0.032087
0.249985,-0.424610,0.032001
0.254461,-0.424695,0.030570
0.258947,-0.424795,0.028913
0.263438,-0.424894,0.027255
0.267926,-0.424972,0.025962
0.272396,-0.424993,0.025602
0.276884,-0.425054,0.024581
0.281399,-0.425167,0.022699
0.285913,-0.425264,0.021079
0.290392,-0.425281,0.020792
0.294853,-0.425264,0.021071
0.299322,-0.425261,0.021134
0.303806,-0.425284,0.020738
0.308297,-0.425315,0.020231
0.312856,-0.425449,0.017986
0.317523,-0.425733,0.013247
0.322237,-0.426065,0.007713
0.327561,-0.427221,-0.011590
0.331569,-0.426526,0.000005
0.335712,-0.426053,0.007912
0.339921,-0.425692,0.013938
0.344185,-0.425420,0.018478
0.348506,-0.425231,0.021622
0.354641,-0.427134,-0.010141
0.360981,-0.429155,-0.043884
0.367468,-0.431223,-0.078415
0.137573,-0.423340,-0.022745
0.142399,-0.422489,-0.008155
0.147080,-0.421952,0.001036
0.151665,-0.421651,0.006194
0.156234,-0.421351,0.011350
0.160784,-0.421059,0.016343
0.165285,-0.420933,0.018505
0.169778,-0.420805,0.020694
0.174266,-0.420672,0.022978
0.178746,-0.420539,0.025258
0.183213,-0.420468,0.026468
0.187674,-0.420421,0.027287
0.192133,-0.420370,0.028161
0.196590,-0.420312,0.029150
0.201043,-0.420257,0.030086
0.205495,-0.420263,0.029980
0.209947,-0.420270,0.029873
0.214396,-0.420229,0.030570
0.218842,-0.420177,0.031452
0.223286,-0.420131,0.032248
0.227735,-0.420138,0.032132
0.232186,-0.420144,0.032025
0.236636,-0.420149,0.031939
0.241087,-0.420154,0.031852
0.245538,-0.420159,0.031767
0.250011,-0.420236,0.030452
0.254492,-0.420326,0.028906
0.258954,-0.420347,0.028548
0.263418,-0.420368,0.028189
0.267883,-0.420389,0.027829
0.272381,-0.420484,0.026204
0.276849,-0.420500,0.025918
0.281318,-0.420517,0.025631
0.285784,-0.420524,0.025520
0.290249,-0.420529,0.025435
0.294726,-0.420553,0.025016
0.299204,-0.420576,0.024622
0.303692,-0.420613,0.023988
0.308204,-0.420685,0.022757
0.312734,-0.420777,0.021172
0.317289,-0.420898,0.019100
0.322054,-0.421304,0.012143
0.326998,-0.421925,0.001511
0.331413,-0.421808,0.003516
0.335515,-0.421302,0.012190
0.339718,-0.420951,0.018199
0.344122,-0.420860,0.019752
0.348438,-0.420672,0.022972
0.352749,-0.420489,0.026107
0.358145,-0.421494,0.008889
0.364484,-0.423438,-0.024422
0.370970,-0.425427,-0.058506
0.377609,-0.427463,-0.093392
0.137710,-0.418430,-0.016363
0.142492,-0.417698,-0.003490
0.147105,-0.417364,0.002392
0.151688,-0.417070,0.007566
0.156255,-0.416777,0.012717
0.160780,-0.416590,0.016023
0.165282,-0.416459,0.018314
0.169777,-0.416329,0.020602
0.174265,-0.416200,0.022887
0.178742,-0.416096,0.024709
0.183207,-0.416049,0.025537
0.187671,-0.415993,0.026528
0.192131,-0.415937,0.027518
0.196589,-0.415880,0.028508
0.201043,-0.415865,0.028772
0.205496,-0.415844,0.029143
0.209947,-0.415794,0.030025
0.214394,-0.415744,0.030908
0.218840,-0.415694,0.031789
0.223288,-0.415689,0.031877
0.227739,-0.415694,0.031791
0.232189,-0.415699,0.031705
0.236640,-0.415704,0.031617
0.241092,-0.415710,0.031507
0.245548,-0.415729,0.031165
0.250008,-0.415759,0.030650
0.254469,-0.415788,0.030134
0.258933,-0.415817,0.029619
0.263386,-0.415814,0.029666
0.267841,-0.415815,0.029651
0.272297,-0.415816,0.029637
0.276753,-0.415817,0.029622
0.281207,-0.415815,0.029652
0.285674,-0.415835,0.029304
0.290143,-0.415859,0.028887
0.294619,-0.415889,0.028350
0.299100,-0.415926,0.027696
0.303600,-0.415990,0.026578
0.308122,-0.416081,0.024977
0.312654,-0.416179,0.023255
0.317222,-0.416319,0.020788
0.321871,-0.416559,0.016558
0.326787,-0.417135,0.006419
0.331253,-0.417096,0.007109
0.335354,-0.416609,0.015679
0.339619,-0.416347,0.020292
0.344035,-0.416276,0.021535
0.348371,-0.416120,0.024285
0.352679,-0.415940,0.027453
0.357002,-0.415787,0.030154
0.361605,-0.415928,0.027659
0.367943,-0.417797,-0.005228
0.374427,-0.419709,-0.038875
0.381063,-0.421665,-0.073307
0.387856,-0.423668,-0.108554
0.132757,-0.414921,-0.034975
0.137822,-0.413605,-0.011170
0.142531,-0.413074,-0.001555
0.147129,-0.412786,0.003657
0.151710,-0.412499,0.008850
0.156271,-0.412228,0.013745
0.160780,-0.412103,0.016008
0.165282,-0.411978,0.018267
0.169776,-0.411853,0.020523
0.174264,-0.411728,0.022796
0.178736,-0.411667,0.023901
0.183204,-0.411612,0.024893
0.187668,-0.411557,0.025884
0.192129,-0.411502,0.026875
0.196587,-0.411456,0.027714
0.201043,-0.411412,0.028512
0.205496,-0.411371,0.029258
0.209947,-0.411329,0.030003
0.214395,-0.411282,0.030853
0.218842,-0.411253,0.031380
0.223293,-0.411259,0.031270
0.227744,-0.411265,0.031160
0.232196,-0.411272,0.031050
0.236644,-0.411259,0.031270
0.241096,-0.411263,0.031197
0.245555,-0.411292,0.030681
0.250016,-0.411320,0.030166
0.254469,-0.411321,0.030154
0.258912,-0.411291,0.030696
0.263365,-0.411292,0.030681
0.267818,-0.411293,0.030667
0.272274,-0.411298,0.030574
0.276729,-0.411302,0.030506
0.281181,-0.411296,0.030607
0.285631,-0.411287,0.030769
0.290081,-0.411279,0.030907
0.294539,-0.411284,0.030824
0.299011,-0.411310,0.030347
0.303524,-0.411399,0.028751
0.308043,-0.411488,0.027129
0.312574,-0.411587,0.025337
0.317155,-0.411746,0.022472
0.321769,-0.411937,0.019004
0.326550,-0.412329,0.011922
0.331093,-0.412396,0.010710
0.335190,-0.411923,0.019257
0.339533,-0.411767,0.022091
0.343946,-0.411698,0.023333
0.348309,-0.411577,0.025522
0.352608,-0.411396,0.028798
0.356922,-0.411239,0.031646
0.361272,-0.411126,0.033678
0.365654,-0.411050,0.035059
0.371359,-0.412230,0.013704
0.377841,-0.414067,-0.019514
0.384474,-0.415946,-0.053504
0.391262,-0.417869,-0.088291
0.133093,-0.409571,-0.020355
0.137933,-0.408799,-0.005998
0.142556,-0.408492,-0.000287
0.147154,-0.408206,0.005032
0.151746,-0.407888,0.010954
0.156272,-0.407732,0.013863
0.160781,-0.407610,0.016125
0.165283,-0.407489,0.018385
0.169779,-0.407358,0.020812
0.174262,-0.407266,0.022521
0.178733,-0.407213,0.023514
0.183201,-0.407160,0.024505
0.187666,-0.407106,0.025496
0.192128,-0.407054,0.026479
0.196587,-0.407012,0.027245
0.201043,-0.406972,0.027990
0.205497,-0.406932,0.028737
0.209947,-0.406870,0.029902
0.214395,-0.406821,0.030812
0.218846,-0.406827,0.030703
0.223298,-0.406833,0.030593
0.227748,-0.406826,0.030722
0.232195,-0.406803,0.031140
0.236645,-0.406798,0.031229
0.241103,-0.406826,0.030713
0.245558,-0.406838,0.030489
0.250000,-0.406806,0.031094
0.254441,-0.406773,0.031700
0.258891,-0.406773,0.031710
0.263344,-0.406775,0.031656
0.267800,-0.406785,0.031470
0.272254,-0.406791,0.031360
0.276705,-0.406786,0.031460
0.281146,-0.406763,0.031883
0.285591,-0.406750,0.032134
0.290046,-0.406754,0.032051
0.294503,-0.406761,0.031927
0.298985,-0.406805,0.031108
0.303468,-0.406847,0.030327
0.307964,-0.406903,0.029274
0.312507,-0.407020,0.027095
0.317088,-0.407179,0.024153
0.321697,-0.407362,0.020741
0.326325,-0.407555,0.017156
0.330902,-0.407670,0.015001
0.335107,-0.407345,0.021053
0.339489,-0.407240,0.023019
0.343858,-0.407126,0.025127
0.348246,-0.407039,0.026758
0.352544,-0.406862,0.030037
0.356841,-0.406696,0.033137
0.361223,-0.406619,0.034563
0.365603,-0.406545,0.035943
0.369980,-0.406471,0.037323
0.374733,-0.406737,0.032378
0.381212,-0.408499,-0.000420
0.387842,-0.410302,-0.033974
0.394625,-0.412148,-0.068312
0.401570,-0.414037,-0.103462
0.133226,-0.404728,-0.014586
0.137971,-0.404188,-0.004242
0.142591,-0.403890,0.001457
0.147197,-0.403580,0.007394
0.151758,-0.403355,0.011714
0.156274,-0.403236,0.013981
0.160785,-0.403110,0.016391
0.165290,-0.402979,0.018912
0.169783,-0.402861,0.021172
0.174258,-0.402809,0.022165
0.178730,-0.402757,0.023158
0.183199,-0.402706,0.024143
0.187664,-0.402654,0.025127
0.192127,-0.402610,0.025976
0.196586,-0.402571,0.026723
0.201043,-0.402519,0.027723
0.205496,-0.402455,0.028951
0.209946,-0.402391,0.030178
0.214398,-0.402393,0.030135
0.218850,-0.402391,0.030174
0.223298,-0.402369,0.030592
0.227746,-0.402347,0.031010
0.232194,-0.402334,0.031260
0.236650,-0.402357,0.030824
0.241093,-0.402325,0.031429
0.245534,-0.402294,0.032035
0.249974,-0.402262,0.032640
0.254422,-0.402257,0.032738
0.258875,-0.402267,0.032552
0.263328,-0.402276,0.032366
0.267783,-0.402284,0.032214
0.272227,-0.402270,0.032481
0.276664,-0.402244,0.032995
0.281105,-0.402225,0.033360
0.285557,-0.402228,0.033295
0.290009,-0.402230,0.033250
0.294482,-0.402265,0.032582
0.298958,-0.402300,0.031909
0.303440,-0.402341,0.031122
0.307918,-0.402372,0.030530
0.312441,-0.402463,0.028802
0.317021,-0.402618,0.025832
0.321625,-0.402793,0.022475
0.326272,-0.403006,0.018395
0.330670,-0.402911,0.020212
0.335062,-0.402816,0.022039
0.339450,-0.402722,0.023834
0.343791,-0.402583,0.026499
0.348175,-0.402496,0.028158
0.352479,-0.402334,0.031269
0.356828,-0.402223,0.033383
0.361202,-0.402142,0.034946
0.365574,-0.402063,0.036462
0.369942,-0.401984,0.037976
0.374307,-0.401905,0.039489
0.378670,-0.401828,0.040958
0.384542,-0.403005,0.018415
0.391168,-0.404734,-0.014714
0.397947,-0.406504,-0.048612
0.404885,-0.408315,-0.083306
0.128456,-0.400706,-0.024659
0.133361,-0.399898,-0.008713
0.138016,-0.399564,-0.002127
0.142638,-0.399262,0.003824
0.147237,-0.398972,0.009563
0.151762,-0.398851,0.011954
0.156282,-0.398722,0.014484
0.160794,-0.398594,0.017009
0.165297,-0.398467,0.019529
0.169779,-0.398402,0.020816
0.174255,-0.398351,0.021805
0.178727,-0.398302,0.022789
0.183197,-0.398252,0.023774
0.187663,-0.398205,0.024707
0.192125,-0.398162,0.025541
0.196586,-0.398100,0.026770
0.201043,-0.398038,0.027999
0.205496,-0.397976,0.029226
0.209948,-0.397955,0.029626
0.214398,-0.397934,0.030045
0.218848,-0.397913,0.030462
0.223296,-0.397892,0.030880
0.227743,-0.397871,0.031292
0.232189,-0.397847,0.031765
0.236631,-0.397816,0.032369
0.241072,-0.397788,0.032930
0.245512,-0.397761,0.033461
0.249959,-0.397757,0.033540
0.254410,-0.397766,0.033359
0.258862,-0.397775,0.033177
0.263315,-0.397784,0.033012
0.267751,-0.397755,0.033578
0.272187,-0.397728,0.034108
0.276623,-0.397704,0.034585
0.281072,-0.397706,0.034539
0.285522,-0.397709,0.034494
0.289985,-0.397731,0.034061
0.294455,-0.397762,0.033443
0.298931,-0.397799,0.032711
0.303412,-0.397839,0.031917
0.307901,-0.397887,0.030982
0.312409,-0.397955,0.029640
0.316954,-0.398063,0.027508
0.321554,-0.398230,0.024207
0.326195,-0.398433,0.020196
0.330614,-0.398370,0.021449
0.335016,-0.398290,0.023023
0.339403,-0.398199,0.024817
0.343754,-0.398076,0.027241
0.348085,-0.397939,0.029946
0.352415,-0.397810,0.032499
0.356827,-0.397764,0.033404
0.361206,-0.397689,0.034878
0.365575,-0.397610,0.036438
0.369944,-0.397533,0.037952
0.374308,-0.397457,0.039465
0.378669,-0.397380,0.040977
0.383034,-0.397310,0.042364
0.387831,-0.397582,0.036995
0.394452,-0.399239,0.004283
0.401226,-0.400935,-0.029184
0.408158,-0.402670,-0.063432
0.415254,-0.404446,-0.098489
0.128612,-0.395846,-0.018291
0.133409,-0.395272,-0.006619
0.138052,-0.394970,-0.000463
0.142676,-0.394665,0.005752
0.147244,-0.394460,0.009905
0.151771,-0.394334,0.012474
0.156291,-0.394208,0.015038
0.160802,-0.394083,0.017598
0.165296,-0.393991,0.019472
0.169776,-0.393942,0.020453
0.174252,-0.393894,0.021434
0.178725,-0.393846,0.022419
0.183194,-0.393797,0.023404
0.187662,-0.393740,0.024581
0.192126,-0.393680,0.025801
0.196586,-0.393620,0.027020
0.201043,-0.393560,0.028238
0.205496,-0.393528,0.028887
0.209949,-0.393512,0.029215
0.214401,-0.393496,0.029543
0.218851,-0.393480,0.029871
0.223297,-0.393438,0.030717
0.227742,-0.393403,0.031424
0.232186,-0.393377,0.031956
0.236629,-0.393351,0.032487
0.241070,-0.393321,0.033104
0.245512,-0.393302,0.033496
0.249963,-0.393310,0.033314
0.254414,-0.393319,0.033132
0.258860,-0.393312,0.033292
0.263299,-0.393289,0.033749
0.267734,-0.393261,0.034317
0.272168,-0.393233,0.034900
0.276608,-0.393219,0.035172
0.281050,-0.393210,0.035355
0.285494,-0.393205,0.035455
0.289957,-0.393229,0.034976
0.294425,-0.393259,0.034358
0.298906,-0.393304,0.033444
0.303384,-0.393340,0.032713
0.307888,-0.393408,0.031331
0.312395,-0.393473,0.030004
0.316913,-0.393546,0.028518
0.321482,-0.393673,0.025937
0.326111,-0.393860,0.022133
0.330559,-0.393833,0.022684
0.334986,-0.393784,0.023676
0.339356,-0.393680,0.025800
0.343718,-0.393572,0.027982
0.348046,-0.393438,0.030711
0.352412,-0.393347,0.032566
0.356826,-0.393305,0.033425
0.361217,-0.393243,0.034679
0.365577,-0.393158,0.036414
0.369945,-0.393084,0.037928
0.374310,-0.393009,0.039442
0.378675,-0.392938,0.040888
0.383038,-0.392869,0.042296
0.387399,-0.392800,0.043702
0.391756,-0.392731,0.045107
0.397697,-0.393816,0.023021
0.404465,-0.395439,-0.010023
0.411390,-0.397100,-0.043832
0.418478,-0.398800,-0.078438
0.123773,-0.391875,-0.030175
0.128764,-0.391014,-0.012091
0.133447,-0.390675,-0.004976
0.138096,-0.390363,0.001590
0.142715,-0.390073,0.007680
0.147250,-0.389951,0.010252
0.151777,-0.389829,0.012820
0.156299,-0.389696,0.015611
0.160815,-0.389556,0.018545
0.165297,-0.389509,0.019526
0.169776,-0.389463,0.020508
0.174252,-0.389416,0.021488
0.178725,-0.389370,0.022451
0.183195,-0.389318,0.023544
0.187663,-0.389260,0.024765
0.192127,-0.389202,0.025986
0.196586,-0.389158,0.026918
0.201043,-0.389123,0.027644
0.205498,-0.389107,0.027972
0.209952,-0.389092,0.028301
0.214404,-0.389064,0.028891
0.218850,-0.389007,0.030084
0.223295,-0.388964,0.030981
0.227741,-0.388939,0.031513
0.232185,-0.388913,0.032057
0.236626,-0.388878,0.032799
0.241065,-0.388847,0.033451
0.245515,-0.388855,0.033269
0.249964,-0.388858,0.033218
0.254406,-0.388841,0.033574
0.258846,-0.388821,0.033992
0.263283,-0.388797,0.034493
0.267717,-0.388770,0.035056
0.272154,-0.388752,0.035444
0.276596,-0.388743,0.035631
0.281037,-0.388734,0.035814
0.285488,-0.388741,0.035669
0.289944,-0.388754,0.035396
0.294403,-0.388771,0.035033
0.298881,-0.388812,0.034177
0.303370,-0.388863,0.033106
0.307875,-0.388930,0.031691
0.312391,-0.389005,0.030115
0.316909,-0.389076,0.028631
0.321416,-0.389129,0.027524
0.326028,-0.389293,0.024068
0.330505,-0.389300,0.023917
0.334960,-0.389285,0.024236
0.339312,-0.389167,0.026723
0.343682,-0.389072,0.028722
0.348008,-0.388942,0.031449
0.352420,-0.388896,0.032405
0.356825,-0.388847,0.033446
0.361228,-0.388798,0.034481
0.365587,-0.388715,0.036227
0.369946,-0.388635,0.037906
0.374311,-0.388563,0.039416
0.378679,-0.388496,0.040819
0.383043,-0.388429,0.042227
0.387403,-0.388362,0.043633
0.391760,-0.388295,0.045039
0.396115,-0.388229,0.046433
0.400903,-0.388463,0.041508
0.407665,-0.390016,0.008878
0.414583,-0.391605,-0.024505
0.421663,-0.393230,-0.058666
0.428909,-0.394895,-0.093634
0.123952,-0.387006,-0.023339
0.128828,-0.386368,-0.009504
0.133502,-0.386050,-0.002586
0.138154,-0.385732,0.004311
0.142722,-0.385561,0.008027
0.147260,-0.385434,0.010787
0.151795,-0.385291,0.013903
0.156321,-0.385147,0.017012
0.160816,-0.385074,0.018600
0.165298,-0.385029,0.019582
0.169777,-0.384985,0.020547
0.174252,-0.384940,0.021506
0.178725,-0.384894,0.022507
0.183196,-0.384838,0.023729
0.187663,-0.384789,0.024803
0.192125,-0.384755,0.025540
0.196585,-0.384721,0.026275
0.201043,-0.384700,0.026729
0.205499,-0.384684,0.027064
0.209952,-0.384629,0.028259
0.214401,-0.384574,0.029452
0.218847,-0.384524,0.030539
0.223295,-0.384500,0.031071
0.227739,-0.384469,0.031752
0.232181,-0.384434,0.032495
0.236620,-0.384400,0.033237
0.241068,-0.384401,0.033224
0.245512,-0.384388,0.033500
0.249954,-0.384372,0.033855
0.254394,-0.384354,0.034236
0.258831,-0.384331,0.034735
0.263267,-0.384308,0.035235
0.267702,-0.384286,0.035715
0.272143,-0.384277,0.035903
0.276584,-0.384269,0.036089
0.281030,-0.384269,0.036081
0.285482,-0.384278,0.035883
0.289938,-0.384293,0.035574
0.294399,-0.384312,0.035157
0.298863,-0.384332,0.034713
0.303358,-0.384390,0.033455
0.307862,-0.384455,0.032054
0.312390,-0.384543,0.030132
0.316904,-0.384607,0.028744
0.321405,-0.384651,0.027794
0.325945,-0.384733,0.026000
0.330460,-0.384783,0.024924
0.334935,-0.384789,0.024796
0.339286,-0.384674,0.027282
0.343641,-0.384570,0.029550
0.347996,-0.384471,0.031697
0.352439,-0.384455,0.032045
0.356824,-0.384390,0.033467
0.361236,-0.384350,0.034326
0.365599,-0.384272,0.036028
0.369954,-0.384191,0.037773
0.374316,-0.384119,0.039341
0.378683,-0.384054,0.040748
0.383047,-0.383990,0.042154
0.387408,-0.383925,0.043559
0.391765,-0.383860,0.044963
0.396119,-0.383796,0.046365
0.400532,-0.383773,0.046865
0.404961,-0.383761,0.047127
0.410825,-0.384663,0.027522
0.417736,-0.386181,-0.005441
0.424808,-0.387735,-0.039169
0.432045,-0.389324,-0.073688
0.124145,-0.382132,-0.015917
0.128896,-0.381723,-0.006726
0.133565,-0.381416,0.000162
0.138190,-0.381159,0.005944
0.142743,-0.381020,0.009071
0.147286,-0.380881,0.012191
0.151819,-0.380742,0.015304
0.156331,-0.380637,0.017673
0.160816,-0.380594,0.018642
0.165298,-0.380551,0.019601
0.169777,-0.380508,0.020560
0.174252,-0.380466,0.021519
0.178727,-0.380414,0.022685
0.183195,-0.380381,0.023422
0.187660,-0.380348,0.024159
0.192123,-0.380315,0.024895
0.196584,-0.380289,0.025484
0.201043,-0.380247,0.026430
0.205498,-0.380194,0.027625
0.209950,-0.380141,0.028819
0.214399,-0.380088,0.030013
0.218846,-0.380057,0.030704
0.223292,-0.380024,0.031447
0.227735,-0.379991,0.032190
0.232176,-0.379958,0.032932
0.236618,-0.379936,0.033424
0.241061,-0.379920,0.033773
0.245502,-0.379905,0.034120
0.249943,-0.379889,0.034467
0.254381,-0.379868,0.034950
0.258817,-0.379845,0.035452
0.263251,-0.379823,0.035955
0.267691,-0.379813,0.036176
0.272132,-0.379805,0.036362
0.276574,-0.379801,0.036463
0.281023,-0.379807,0.036313
0.285476,-0.379817,0.036097
0.289934,-0.379835,0.035698
0.294397,-0.379856,0.035219
0.298870,-0.379887,0.034522
0.303349,-0.379924,0.033698
0.307855,-0.379989,0.032234
0.312390,-0.380082,0.030150
0.316900,-0.380139,0.028858
0.321394,-0.380174,0.028064
0.325891,-0.380210,0.027267
0.330417,-0.380272,0.025882
0.334909,-0.380295,0.025356
0.339259,-0.380184,0.027841
0.343603,-0.380074,0.030322
0.348005,-0.380020,0.031524
0.352454,-0.380010,0.031765
0.356840,-0.379948,0.033156
0.361235,-0.379895,0.034347
0.365610,-0.379829,0.035830
0.369967,-0.379752,0.037550
0.374335,-0.379687,0.039021
0.378702,-0.379623,0.040451
0.383066,-0.379560,0.041857
0.387427,-0.379498,0.043262
0.391785,-0.379435,0.044666
0.396171,-0.379394,0.045596
0.400581,-0.379369,0.046159
0.405004,-0.379353,0.046519
0.409435,-0.379341,0.046777
0.413948,-0.379380,0.045916
0.420852,-0.380829,0.013364
0.427914,-0.382311,-0.019939
0.435142,-0.383828,-0.054018
0.442540,-0.385381,-0.088902
0.119307,-0.378088,-0.027251
0.124258,-0.377416,-0.011602
0.128966,-0.377084,-0.003883
0.133631,-0.376789,0.002992
0.138210,-0.376621,0.006888
0.142763,-0.376484,0.010089
0.147306,-0.376346,0.013277
0.151838,-0.376210,0.016458
0.156333,-0.376151,0.017824
0.160818,-0.376110,0.018771
0.165299,-0.376070,0.019715
0.169778,-0.376029,0.020660
0.174252,-0.375993,0.021503
0.178723,-0.375960,0.022261
0.183192,-0.375928,0.023019
0.187658,-0.375895,0.023777
0.192122,-0.375862,0.024546
0.196584,-0.375812,0.025717
0.201043,-0.375761,0.026908
0.205498,-0.375709,0.028100
0.209949,-0.375658,0.029290
0.214397,-0.375608,0.030457
0.218843,-0.375576,0.031212
0.223288,-0.375543,0.031967
0.227730,-0.375511,0.032722
0.232170,-0.375480,0.033448
0.236611,-0.375456,0.033999
0.241053,-0.375441,0.034346
0.245493,-0.375426,0.034694
0.249932,-0.375408,0.035110
0.254368,-0.375386,0.035623
0.258803,-0.375365,0.036124
0.263240,-0.375350,0.036471
0.267680,-0.375342,0.036653
0.272120,-0.375334,0.036836
0.276568,-0.375340,0.036703
0.281017,-0.375347,0.036544
0.285472,-0.375360,0.036226
0.289934,-0.375382,0.035717
0.294399,-0.375406,0.035154
0.298876,-0.375442,0.034330
0.303356,-0.375477,0.033500
0.307854,-0.375531,0.032252
0.312389,-0.375621,0.030167
0.316891,-0.375667,0.029088
0.321383,-0.375699,0.028334
0.325879,-0.375734,0.027538
0.330374,-0.375764,0.026841
0.334880,-0.375800,0.025985
0.339233,-0.375697,0.028399
0.343576,-0.375590,0.030880
0.348013,-0.375570,0.031351
0.352463,-0.375559,0.031592
0.356860,-0.375508,0.032797
0.361239,-0.375444,0.034267
0.365621,-0.375386,0.035631
0.369989,-0.375319,0.037180
0.374357,-0.375256,0.038645
0.378720,-0.375191,0.040153
0.383085,-0.375131,0.041560
0.387446,-0.375071,0.042966
0.391805,-0.375011,0.044354
0.396238,-0.375000,0.044601
0.400651,-0.374977,0.045140
0.405053,-0.374948,0.045824
0.409478,-0.374933,0.046177
0.413910,-0.374921,0.046435
0.418378,-0.374931,0.046210
0.423929,-0.375546,0.031914
0.430983,-0.376959,-0.000971
0.438201,-0.378405,-0.034620
0.445587,-0.379885,-0.069057
0.119518,-0.373223,-0.019591
0.124328,-0.372780,-0.008903
0.129036,-0.372454,-0.001046
0.133666,-0.372223,0.004549
0.138229,-0.372088,0.007791
0.142781,-0.371955,0.011008
0.147323,-0.371823,0.014193
0.151841,-0.371723,0.016600
0.156337,-0.371661,0.018091
0.160822,-0.371620,0.019087
0.165303,-0.371581,0.020032
0.169781,-0.371543,0.020950
0.174254,-0.371514,0.021651
0.178724,-0.371483,0.022393
0.183193,-0.371452,0.023151
0.187659,-0.371420,0.023909
0.192123,-0.371378,0.024924
0.196585,-0.371331,0.026071
0.201043,-0.371281,0.027262
0.205497,-0.371232,0.028453
0.209948,-0.371182,0.029663
0.214394,-0.371129,0.030933
0.218840,-0.371095,0.031772
0.223283,-0.371063,0.032527
0.227725,-0.371032,0.033281
0.232166,-0.371007,0.033886
0.236606,-0.370984,0.034438
0.241045,-0.370964,0.034919
0.245485,-0.370950,0.035266
0.249921,-0.370928,0.035779
0.254356,-0.370907,0.036294
0.258791,-0.370888,0.036764
0.263230,-0.370880,0.036947
0.267669,-0.370872,0.037131
0.272113,-0.370873,0.037119
0.276561,-0.370880,0.036955
0.281011,-0.370888,0.036750
0.285472,-0.370910,0.036219
0.289934,-0.370931,0.035706
0.294406,-0.370962,0.034960
0.298883,-0.370997,0.034118
0.303368,-0.371036,0.033174
0.307867,-0.371089,0.031916
0.312388,-0.371160,0.030199
0.316880,-0.371194,0.029362
0.321371,-0.371226,0.028604
0.325868,-0.371259,0.027808
0.330351,-0.371277,0.027367
0.334836,-0.371295,0.026943
0.339206,-0.371211,0.028957
0.343580,-0.371135,0.030796
0.348023,-0.371120,0.031157
0.352472,-0.371109,0.031419
0.356879,-0.371067,0.032438
0.361259,-0.371006,0.033907
0.365636,-0.370945,0.035370
0.370010,-0.370886,0.036810
0.374380,-0.370825,0.038267
0.378743,-0.370763,0.039781
0.383103,-0.370701,0.041263
0.387465,-0.370643,0.042669
0.391871,-0.370614,0.043359
0.396306,-0.370604,0.043606
0.400722,-0.370583,0.044121
0.405125,-0.370554,0.044805
0.409528,-0.370526,0.045489
0.413954,-0.370512,0.045835
0.418509,-0.370568,0.044471
0.423101,-0.370642,0.042698
0.427699,-0.370715,0.040922
0.434015,-0.371676,0.017739
0.441222,-0.373053,-0.015487
0.448598,-0.374462,-0.049487
0.114641,-0.369160,-0.031441
0.119660,-0.368482,-0.014448
0.124398,-0.368153,-0.006207
0.129105,-0.367834,0.001786
0.133687,-0.367688,0.005452
0.138249,-0.367559,0.008693
0.142800,-0.367430,0.011924
0.147340,-0.367303,0.015109
0.151841,-0.367242,0.016627
0.156338,-0.367183,0.018118
0.160827,-0.367131,0.019403
0.165307,-0.367094,0.020348
0.169783,-0.367063,0.021108
0.174255,-0.367035,0.021809
0.178725,-0.367007,0.022524
0.183194,-0.366977,0.023281
0.187660,-0.366941,0.024174
0.192124,-0.366896,0.025300
0.196585,-0.366851,0.026427
0.201043,-0.366804,0.027616
0.205497,-0.366756,0.028807
0.209946,-0.366706,0.030071
0.214392,-0.366655,0.031340
0.218836,-0.366616,0.032332
0.223279,-0.366585,0.033086
0.227720,-0.366558,0.033774
0.232161,-0.366536,0.034325
0.236600,-0.366514,0.034876
0.241038,-0.366492,0.035428
0.245474,-0.366472,0.035933
0.249910,-0.366451,0.036448
0.254344,-0.366431,0.036962
0.258781,-0.366420,0.037242
0.263220,-0.366412,0.037424
0.267660,-0.366408,0.037539
0.272107,-0.366414,0.037372
0.276555,-0.366421,0.037208
0.281011,-0.366438,0.036773
0.285471,-0.366460,0.036242
0.289937,-0.366485,0.035596
0.294413,-0.366520,0.034738
0.298891,-0.366553,0.033895
0.303382,-0.366598,0.032761
0.307882,-0.366649,0.031489
0.312381,-0.366694,0.030375
0.316869,-0.366723,0.029634
0.321360,-0.366753,0.028874
0.325861,-0.366790,0.027957
0.330346,-0.366809,0.027482
0.334792,-0.366792,0.027900
0.339180,-0.366728,0.029515
0.343590,-0.366686,0.030579
0.348034,-0.366671,0.030941
0.352481,-0.366659,0.031246
0.356898,-0.366626,0.032078
0.361279,-0.366567,0.033548
0.365664,-0.366514,0.034870
0.370032,-0.366452,0.036441
0.374403,-0.366394,0.037892
0.378766,-0.366333,0.039405
0.383125,-0.366273,0.040917
0.387501,-0.366225,0.042114
0.391937,-0.366215,0.042362
0.396373,-0.366205,0.042610
0.400792,-0.366186,0.043101
0.405198,-0.366159,0.043786
0.409601,-0.366131,0.044470
0.414068,-0.366138,0.044295
0.418652,-0.366207,0.042573
0.423246,-0.366277,0.040813
0.427846,-0.366348,0.039049
0.432453,-0.366418,0.037284
0.437165,-0.366537,0.034303
0.444208,-0.367771,0.003386
0.451571,-0.369110,-0.030187
0.459108,-0.370481,-0.064547
0.114870,-0.364305,-0.023574
0.119735,-0.363851,-0.011726
0.124469,-0.363535,-0.003502
0.129136,-0.363284,0.003043
0.133708,-0.363156,0.006371
0.138268,-0.363033,0.009601
0.142818,-0.362909,0.012825
0.147340,-0.362819,0.015160
0.151842,-0.362762,0.016653
0.156338,-0.362705,0.018144
0.160830,-0.362648,0.019634
0.165310,-0.362612,0.020566
0.169784,-0.362585,0.021266
0.174257,-0.362558,0.021967
0.178726,-0.362531,0.022667
0.183194,-0.362502,0.023425
0.187662,-0.362459,0.024552
0.192126,-0.362416,0.025678
0.196586,-0.362373,0.026804
0.201043,-0.362328,0.027970
0.205496,-0.362280,0.029209
0.209945,-0.362231,0.030479
0.214391,-0.362183,0.031748
0.218833,-0.362139,0.032892
0.223275,-0.362110,0.033646
0.227716,-0.362088,0.034212
0.232156,-0.362067,0.034764
0.236593,-0.362041,0.035431
0.241027,-0.362013,0.036183
0.245463,-0.361994,0.036657
0.249898,-0.361975,0.037173
0.254333,-0.361960,0.037555
0.258771,-0.361953,0.037726
0.263210,-0.361947,0.037903
0.267654,-0.361951,0.037790
0.272101,-0.361957,0.037623
0.276552,-0.361969,0.037326
0.281010,-0.361989,0.036799
0.285470,-0.362009,0.036278
0.289943,-0.362042,0.035412
0.294420,-0.362076,0.034525
0.298903,-0.362114,0.033534
0.303397,-0.362160,0.032348
0.307898,-0.362209,0.031063
0.312386,-0.362240,0.030247
0.316858,-0.362253,0.029907
0.321349,-0.362283,0.029144
0.325862,-0.362329,0.027946
0.330341,-0.362342,0.027596
0.334751,-0.362297,0.028778
0.339158,-0.362251,0.029965
0.343601,-0.362236,0.030362
0.348045,-0.362222,0.030725
0.352490,-0.362209,0.031060
0.356918,-0.362184,0.031718
0.361305,-0.362131,0.033086
0.365699,-0.362087,0.034258
0.370054,-0.362017,0.036071
0.374425,-0.361962,0.037515
0.378789,-0.361903,0.039029
0.383149,-0.361845,0.040542
0.387569,-0.361825,0.041062
0.392003,-0.361814,0.041365
0.396440,-0.361804,0.041614
0.400863,-0.361786,0.042080
0.405270,-0.361760,0.042765
0.409692,-0.361743,0.043220
0.414245,-0.361794,0.041892
0.418824,-0.361855,0.040291
0.423417,-0.361921,0.038577
0.428021,-0.361989,0.036812
0.432658,-0.362069,0.034721
0.437481,-0.362233,0.030431
0.442320,-0.362399,0.026126
0.447174,-0.362564,0.021808
0.454509,-0.363829,-0.011150
0.462032,-0.365130,-0.045077
0.109925,-0.360254,-0.036852
0.115053,-0.359535,-0.017318
0.119810,-0.359229,-0.009014
0.124540,-0.358926,-0.000801
0.129152,-0.358760,0.003705
0.133730,-0.358627,0.007314
0.138288,-0.358508,0.010542
0.142833,-0.358395,0.013617
0.147346,-0.358327,0.015461
0.151846,-0.358273,0.016930
0.156342,-0.358219,0.018398
0.160833,-0.358166,0.019836
0.165310,-0.358137,0.020614
0.169785,-0.358111,0.021329
0.174257,-0.358085,0.022043
0.178727,-0.358058,0.022757
0.183197,-0.358018,0.023855
0.187664,-0.357977,0.024966
0.192127,-0.357936,0.026078
0.196587,-0.357895,0.027189
0.201043,-0.357853,0.028346
0.205495,-0.357806,0.029617
0.209944,-0.357759,0.030886
0.214389,-0.357712,0.032155
0.218830,-0.357666,0.033423
0.223271,-0.357641,0.034099
0.227711,-0.357615,0.034804
0.232148,-0.357587,0.035556
0.236583,-0.357559,0.036308
0.241017,-0.357535,0.036955
0.245452,-0.357520,0.037385
0.249885,-0.357501,0.037901
0.254324,-0.357496,0.038038
0.258762,-0.357489,0.038215
0.263202,-0.357488,0.038245
0.267648,-0.357495,0.038057
0.272095,-0.357502,0.037875
0.276551,-0.357521,0.037357
0.281009,-0.357540,0.036837
0.285475,-0.357566,0.036116
0.289949,-0.357599,0.035230
0.294426,-0.357632,0.034340
0.298917,-0.357677,0.033122
0.303411,-0.357720,0.031935
0.307911,-0.357765,0.030725
0.312391,-0.357787,0.030118
0.316847,-0.357785,0.030179
0.321338,-0.357814,0.029405
0.325862,-0.357868,0.027934
0.330336,-0.357876,0.027711
0.334746,-0.357832,0.028892
0.339169,-0.357801,0.029748
0.343612,-0.357786,0.030145
0.348056,-0.357773,0.030509
0.352502,-0.357761,0.030844
0.356937,-0.357742,0.031359
0.361339,-0.357701,0.032472
0.365734,-0.357657,0.033645
0.370080,-0.357585,0.035611
0.374448,-0.357529,0.037140
0.378812,-0.357473,0.038653
0.383207,-0.357437,0.039622
0.387645,-0.357427,0.039888
0.392069,-0.357410,0.040363
0.396508,-0.357401,0.040616
0.400934,-0.357384,0.041059
0.405342,-0.357359,0.041745
0.409864,-0.357393,0.040837
0.414423,-0.357442,0.039485
0.419005,-0.357501,0.037882
0.423594,-0.357560,0.036276
0.428197,-0.357623,0.034571
0.432967,-0.357760,0.030851
0.437798,-0.357919,0.026545
0.442644,-0.358078,0.022221
0.447548,-0.358256,0.017384
0.452675,-0.358523,0.010154
0.457828,-0.358790,0.002886
0.464922,-0.359850,-0.025873
0.110183,-0.355396,-0.028429
0.115132,-0.354908,-0.014597
0.119885,-0.354615,-0.006307
0.124571,-0.354378,0.000420
0.129168,-0.354239,0.004366
0.133752,-0.354101,0.008257
0.138309,-0.353988,0.011483
0.142836,-0.353907,0.013759
0.147350,-0.353840,0.015660
0.151852,-0.353783,0.017268
0.156347,-0.353732,0.018736
0.160832,-0.353695,0.019764
0.165310,-0.353666,0.020581
0.169785,-0.353641,0.021297
0.174257,-0.353616,0.022011
0.178729,-0.353581,0.022997
0.183201,-0.353531,0.024421
0.187666,-0.353492,0.025532
0.192129,-0.353452,0.026643
0.196587,-0.353412,0.027781
0.201043,-0.353354,0.029441
0.205494,-0.353311,0.030638
0.209941,-0.353269,0.031832
0.214385,-0.353227,0.033026
0.218825,-0.353187,0.034155
0.223265,-0.353158,0.034985
0.227702,-0.353132,0.035714
0.232138,-0.353106,0.036444
0.236572,-0.353080,0.037183
0.241006,-0.353062,0.037703
0.245441,-0.353048,0.038114
0.249877,-0.353038,0.038393
0.254315,-0.353033,0.038527
0.258753,-0.353028,0.038654
0.263196,-0.353033,0.038535
0.267641,-0.353040,0.038342
0.272093,-0.353054,0.037939
0.276550,-0.353073,0.037401
0.281009,-0.353093,0.036820
0.285480,-0.353124,0.035938
0.289954,-0.353155,0.035057
0.294438,-0.353195,0.033949
0.298930,-0.353238,0.032724
0.303426,-0.353281,0.031510
0.307920,-0.353317,0.030481
0.312396,-0.353334,0.029991
0.316852,-0.353332,0.030061
0.321339,-0.353355,0.029392
0.325863,-0.353407,0.027922
0.330331,-0.353411,0.027826
0.334741,-0.353369,0.029007
0.339179,-0.353351,0.029531
0.343622,-0.353336,0.029928
0.348067,-0.353324,0.030294
0.352513,-0.353312,0.030628
0.356962,-0.353302,0.030891
0.361373,-0.353268,0.031857
0.365769,-0.353227,0.033034
0.370116,-0.353158,0.035000
0.374470,-0.353095,0.036771
0.378835,-0.353042,0.038276
0.383280,-0.353036,0.038452
0.387721,-0.353026,0.038712
0.392147,-0.353010,0.039188
0.396575,-0.352994,0.039619
0.401004,-0.352980,0.040037
0.405487,-0.352992,0.039694
0.410036,-0.353036,0.038450
0.414600,-0.353084,0.037075
0.419187,-0.353141,0.035468
0.423780,-0.353198,0.033860
0.428468,-0.353295,0.031115
0.433279,-0.353442,0.026947
0.438117,-0.353594,0.022625
0.442970,-0.353747,0.018289
0.448038,-0.353984,0.011587
0.453174,-0.354239,0.004356
0.458586,-0.354596,-0.005766
0.110426,-0.350582,-0.020507
0.115207,-0.350296,-0.012036
0.119957,-0.350014,-0.003689
0.124588,-0.349854,0.001054
0.129185,-0.349720,0.005026
0.133768,-0.349587,0.008960
0.138320,-0.349485,0.011998
0.142839,-0.349420,0.013901
0.147352,-0.349356,0.015802
0.151858,-0.349295,0.017606
0.156349,-0.349252,0.018873
0.160831,-0.349225,0.019691
0.165309,-0.349197,0.020508
0.169784,-0.349172,0.021265
0.174257,-0.349147,0.021985
0.178733,-0.349097,0.023473
0.183204,-0.349047,0.024959
0.187669,-0.349008,0.026098
0.192130,-0.348971,0.027208
0.196589,-0.348914,0.028891
0.201043,-0.348858,0.030566
0.205492,-0.348817,0.031762
0.209938,-0.348777,0.032956
0.214380,-0.348738,0.034102
0.218820,-0.348705,0.035074
0.223257,-0.348674,0.036001
0.227693,-0.348649,0.036730
0.232127,-0.348625,0.037459
0.236561,-0.348606,0.038033
0.240996,-0.348592,0.038439
0.245431,-0.348581,0.038761
0.249869,-0.348577,0.038874
0.254306,-0.348572,0.039017
0.258747,-0.348575,0.038951
0.263190,-0.348579,0.038820
0.267637,-0.348588,0.038546
0.272091,-0.348606,0.038010
0.276548,-0.348625,0.037458
0.281014,-0.348652,0.036653
0.285485,-0.348682,0.035767
0.289962,-0.348715,0.034783
0.294451,-0.348757,0.033559
0.298944,-0.348798,0.032334
0.303437,-0.348836,0.031195
0.307929,-0.348869,0.030236
0.312401,-0.348881,0.029862
0.316857,-0.348879,0.029933
0.321339,-0.348898,0.029381
0.325863,-0.348947,0.027910
0.330325,-0.348946,0.027941
0.334753,-0.348919,0.028748
0.339195,-0.348904,0.029199
0.343633,-0.348886,0.029711
0.348078,-0.348874,0.030078
0.352524,-0.348863,0.030412
0.356999,-0.348870,0.030215
0.361406,-0.348835,0.031243
0.365803,-0.348795,0.032422
0.370152,-0.348729,0.034388
0.374495,-0.348662,0.036353
0.378906,-0.348636,0.037116
0.383354,-0.348631,0.037281
0.387797,-0.348622,0.037537
0.392224,-0.348606,0.038013
0.396652,-0.348590,0.038488
0.401107,-0.348588,0.038550
0.405655,-0.348630,0.037306
0.410209,-0.348672,0.036061
0.414778,-0.348719,0.034659
0.419369,-0.348774,0.033051
0.424002,-0.348844,0.030972
0.428798,-0.348981,0.026901
0.433610,-0.349119,0.022809
0.438437,-0.349258,0.018694
0.443407,-0.349450,0.013029
0.448522,-0.349691,0.005873
0.453663,-0.349934,-0.001319
0.459898,-0.350589,-0.020723
0.105423,-0.346517,-0.035081
0.110502,-0.345968,-0.018029
0.115279,-0.345694,-0.009553
0.119987,-0.345471,-0.002618
0.124600,-0.345338,0.001500
0.129196,-0.345210,0.005484
0.133779,-0.345082,0.009456
0.138318,-0.345003,0.011921
0.142839,-0.344940,0.013875
0.147353,-0.344877,0.015826
0.151861,-0.344814,0.017773
0.156348,-0.344781,0.018801
0.160830,-0.344754,0.019618
0.165308,-0.344728,0.020435
0.169784,-0.344702,0.021234
0.174261,-0.344663,0.022461
0.178736,-0.344615,0.023948
0.183207,-0.344567,0.025435
0.187672,-0.344527,0.026662
0.192133,-0.344478,0.028183
0.196591,-0.344420,0.030000
0.201043,-0.344365,0.031692
0.205490,-0.344327,0.032886
0.209934,-0.344289,0.034047
0.214376,-0.344258,0.035020
0.218814,-0.344227,0.035991
0.223249,-0.344196,0.036963
0.227684,-0.344170,0.037744
0.232119,-0.344153,0.038284
0.236552,-0.344137,0.038769
0.240986,-0.344125,0.039150
0.245423,-0.344121,0.039287
0.249860,-0.344118,0.039377
0.254300,-0.344118,0.039359
0.258741,-0.344122,0.039248
0.263184,-0.344127,0.039106
0.267635,-0.344142,0.038617
0.272090,-0.344161,0.038050
0.276550,-0.344182,0.037377
0.281019,-0.344211,0.036490
0.285490,-0.344239,0.035612
0.289974,-0.344278,0.034404
0.294463,-0.344317,0.033184
0.298956,-0.344356,0.031970
0.303446,-0.344389,0.030959
0.307938,-0.344420,0.029991
0.312406,-0.344428,0.029734
0.316883,-0.344443,0.029290
0.321359,-0.344455,0.028910
0.325864,-0.344488,0.027899
0.330320,-0.344483,0.028056
0.334773,-0.344474,0.028311
0.339213,-0.344458,0.028804
0.343644,-0.344436,0.029494
0.348089,-0.344424,0.029862
0.352552,-0.344424,0.029876
0.357035,-0.344435,0.029539
0.361440,-0.344400,0.030628
0.365838,-0.344362,0.031809
0.370187,-0.344298,0.033776
0.374547,-0.344244,0.035474
0.378978,-0.344228,0.035944
0.383428,-0.344223,0.036110
0.387872,-0.344215,0.036359
0.392302,-0.344200,0.036836
0.396731,-0.344184,0.037313
0.401273,-0.344222,0.036145
0.405825,-0.344262,0.034914
0.410382,-0.344302,0.033667
0.414957,-0.344348,0.032242
0.419551,-0.344400,0.030631
0.424326,-0.344524,0.026759
0.429130,-0.344656,0.022675
0.433949,-0.344788,0.018571
0.438839,-0.344943,0.013767
0.443912,-0.345163,0.006953
0.449001,-0.345380,0.000204
0.454724,-0.345826,-0.013645
0.105720,-0.341678,-0.025862
0.110578,-0.341362,-0.015557
0.115351,-0.341101,-0.007074
0.119998,-0.340953,-0.002232
0.124610,-0.340825,0.001917
0.129207,-0.340702,0.005928
0.133773,-0.340602,0.009182
0.138311,-0.340528,0.011612
0.142834,-0.340465,0.013649
0.147349,-0.340406,0.015600
0.151855,-0.340348,0.017463
0.156348,-0.340308,0.018767
0.160829,-0.340283,0.019579
0.165308,-0.340259,0.020389
0.169787,-0.340224,0.021525
0.174266,-0.340178,0.023006
0.178740,-0.340134,0.024459
0.183210,-0.340089,0.025910
0.187675,-0.340041,0.027475
0.192137,-0.339985,0.029293
0.196593,-0.339930,0.031109
0.201043,-0.339877,0.032815
0.205489,-0.339841,0.033993
0.209931,-0.339811,0.034965
0.214371,-0.339781,0.035937
0.218808,-0.339751,0.036911
0.223242,-0.339720,0.037940
0.227677,-0.339702,0.038533
0.232110,-0.339686,0.039045
0.236543,-0.339672,0.039498
0.240979,-0.339666,0.039687
0.245415,-0.339662,0.039813
0.249852,-0.339661,0.039849
0.254294,-0.339667,0.039678
0.258735,-0.339671,0.039550
0.263181,-0.339681,0.039211
0.267635,-0.339698,0.038642
0.272090,-0.339716,0.038073
0.276554,-0.339742,0.037216
0.281022,-0.339769,0.036351
0.285499,-0.339802,0.035281
0.289985,-0.339840,0.034035
0.294475,-0.339877,0.032814
0.298963,-0.339910,0.031743
0.303454,-0.339941,0.030732
0.307947,-0.339971,0.029747
0.312414,-0.339978,0.029521
0.316909,-0.340006,0.028623
0.321383,-0.340015,0.028324
0.325864,-0.340028,0.027887
0.330326,-0.340027,0.027934
0.334793,-0.340029,0.027873
0.339232,-0.340012,0.028409
0.343656,-0.339987,0.029247
0.348100,-0.339974,0.029646
0.352596,-0.339993,0.029027
0.357071,-0.339999,0.028862
0.361475,-0.339963,0.030012
0.365873,-0.339927,0.031196
0.370223,-0.339867,0.033164
0.374637,-0.339842,0.033975
0.379060,-0.339822,0.034623
0.383502,-0.339812,0.034938
0.387948,-0.339805,0.035182
0.392380,-0.339790,0.035659
0.396886,-0.339809,0.035030
0.401441,-0.339849,0.033719
0.405994,-0.339887,0.032509
0.410555,-0.339925,0.031270
0.415135,-0.339969,0.029820
0.419854,-0.340068,0.026613
0.424650,-0.340193,0.022536
0.429462,-0.340319,0.018435
0.434288,-0.340445,0.014321
0.439394,-0.340671,0.006949
0.444469,-0.340877,0.000236
0.449956,-0.341225,-0.011091
0.105844,-0.337024,-0.022009
0.110651,-0.336767,-0.013182
0.115386,-0.336554,-0.005899
0.120008,-0.336436,-0.001845
0.124620,-0.336315,0.002302
0.129216,-0.336198,0.006322
0.133763,-0.336127,0.008756
0.138302,-0.336056,0.011187
0.142829,-0.335991,0.013424
0.147344,-0.335935,0.015352
0.151850,-0.335882,0.017144
0.156347,-0.335836,0.018733
0.160829,-0.335813,0.019544
0.165307,-0.335788,0.020374
0.169794,-0.335736,0.022160
0.174272,-0.335692,0.023682
0.178745,-0.335650,0.025134
0.183214,-0.335605,0.026652
0.187681,-0.335547,0.028656
0.192140,-0.335495,0.030442
0.196594,-0.335443,0.032227
0.201043,-0.335393,0.033937
0.205487,-0.335364,0.034946
0.209928,-0.335333,0.035976
0.214366,-0.335303,0.037006
0.218801,-0.335273,0.038035
0.223236,-0.335255,0.038678
0.227670,-0.335238,0.039249
0.232102,-0.335222,0.039806
0.236536,-0.335214,0.040069
0.240971,-0.335210,0.040225
0.245407,-0.335206,0.040337
0.249847,-0.335211,0.040163
0.254288,-0.335216,0.040002
0.258730,-0.335221,0.039825
0.263181,-0.335238,0.039244
0.267634,-0.335255,0.038665
0.272093,-0.335276,0.037947
0.276558,-0.335301,0.037090
0.281027,-0.335328,0.036170
0.285510,-0.335364,0.034924
0.289996,-0.335400,0.033677
0.294484,-0.335434,0.032527
0.298971,-0.335463,0.031516
0.303462,-0.335493,0.030505
0.307956,-0.335522,0.029503
0.312439,-0.335541,0.028854
0.316936,-0.335567,0.027956
0.321407,-0.335574,0.027738
0.325876,-0.335577,0.027606
0.330345,-0.335581,0.027497
0.334813,-0.335582,0.027436
0.339251,-0.335566,0.028014
0.343675,-0.335541,0.028852
0.348131,-0.335536,0.029039
0.352641,-0.335561,0.028178
0.357108,-0.335561,0.028186
0.361512,-0.335527,0.029335
0.365908,-0.335491,0.030583
0.370293,-0.335450,0.031969
0.374727,-0.335436,0.032475
0.379151,-0.335416,0.033131
0.383576,-0.335398,0.033765
0.388024,-0.335391,0.034004
0.392490,-0.335391,0.033987
0.397050,-0.335432,0.032590
0.401609,-0.335470,0.031289
0.406166,-0.335505,0.030079
0.410728,-0.335541,0.028866
0.415383,-0.335611,0.026465
0.420172,-0.335730,0.022389
0.424976,-0.335849,0.018300
0.429795,-0.335969,0.014185
0.434836,-0.336164,0.007474
0.439941,-0.336376,0.000233
0.445029,-0.336572,-0.006512
0.100737,-0.332955,-0.038895
0.105913,-0.332429,-0.019858
0.110721,-0.332182,-0.010890
0.115407,-0.332024,-0.005180
0.120032,-0.331908,-0.000978
0.124640,-0.331796,0.003058
0.129217,-0.331705,0.006357
0.133759,-0.331644,0.008582
0.138294,-0.331582,0.010804
0.142825,-0.331516,0.013189
0.147338,-0.331466,0.015032
0.151845,-0.331416,0.016823
0.156345,-0.331367,0.018612
0.160828,-0.331342,0.019511
0.165315,-0.331300,0.021011
0.169801,-0.331251,0.022796
0.174279,-0.331208,0.024357
0.178751,-0.331168,0.025809
0.183222,-0.331111,0.027870
0.187686,-0.331056,0.029857
0.192144,-0.331007,0.031642
0.196596,-0.330958,0.033425
0.201043,-0.330919,0.034817
0.205485,-0.330885,0.036071
0.209925,-0.330856,0.037100
0.214361,-0.330828,0.038130
0.218797,-0.330809,0.038812
0.223231,-0.330793,0.039383
0.227663,-0.330777,0.039956
0.232096,-0.330765,0.040383
0.236530,-0.330759,0.040607
0.240964,-0.330755,0.040763
0.245401,-0.330757,0.040702
0.249842,-0.330763,0.040477
0.254282,-0.330767,0.040328
0.258729,-0.330780,0.039866
0.263180,-0.330796,0.039285
0.267633,-0.330811,0.038724
0.272095,-0.330836,0.037845
0.276561,-0.330860,0.036972
0.281037,-0.330891,0.035822
0.285519,-0.330925,0.034611
0.290008,-0.330961,0.033314
0.294499,-0.330995,0.032079
0.298985,-0.331022,0.031104
0.303475,-0.331049,0.030128
0.307970,-0.331076,0.029121
0.312465,-0.331102,0.028187
0.316962,-0.331127,0.027288
0.321432,-0.331131,0.027152
0.325907,-0.331138,0.026890
0.330365,-0.331133,0.027059
0.334833,-0.331135,0.026998
0.339270,-0.331118,0.027619
0.343695,-0.331095,0.028457
0.348174,-0.331102,0.028191
0.352685,-0.331126,0.027328
0.357144,-0.331121,0.027508
0.361549,-0.331089,0.028659
0.365943,-0.331053,0.029961
0.370381,-0.331039,0.030467
0.374817,-0.331025,0.030974
0.379243,-0.331007,0.031638
0.383667,-0.330988,0.032315
0.388101,-0.330974,0.032824
0.392652,-0.331010,0.031546
0.397216,-0.331048,0.030147
0.401777,-0.331084,0.028857
0.406338,-0.331117,0.027644
0.410928,-0.331160,0.026097
0.415694,-0.331266,0.022241
0.420491,-0.331379,0.018153
0.425302,-0.331493,0.014049
0.430253,-0.331650,0.008349
0.435411,-0.331873,0.000274
0.440491,-0.332061,-0.006515
0.447033,-0.332727,-0.030644
0.101059,-0.328146,-0.029377
0.105983,-0.327842,-0.017709
0.110769,-0.327623,-0.009346
0.115425,-0.327498,-0.004549
0.120056,-0.327382,-0.000109
0.124657,-0.327283,0.003718
0.129224,-0.327207,0.006621
0.133769,-0.327144,0.009014
0.138303,-0.327086,0.011235
0.142828,-0.327031,0.013366
0.147339,-0.326986,0.015069
0.151842,-0.326945,0.016648
0.156340,-0.326902,0.018292
0.160833,-0.326862,0.019860
0.165323,-0.326815,0.021646
0.169808,-0.326768,0.023430
0.174285,-0.326727,0.025033
0.178759,-0.326678,0.026902
0.183229,-0.326621,0.029087
0.187692,-0.326569,0.031057
0.192148,-0.326523,0.032841
0.196597,-0.326484,0.034324
0.201043,-0.326450,0.035632
0.205484,-0.326416,0.036938
0.209921,-0.326383,0.038224
0.214357,-0.326364,0.038947
0.218792,-0.326349,0.039520
0.223225,-0.326334,0.040092
0.227657,-0.326320,0.040602
0.232091,-0.326315,0.040826
0.236524,-0.326309,0.041049
0.240958,-0.326305,0.041200
0.245397,-0.326310,0.041016
0.249837,-0.326316,0.040790
0.254279,-0.326324,0.040487
0.258727,-0.326338,0.039929
0.263177,-0.326352,0.039409
0.267634,-0.326371,0.038652
0.272097,-0.326394,0.037772
0.276566,-0.326420,0.036777
0.281044,-0.326452,0.035578
0.285528,-0.326485,0.034289
0.290023,-0.326524,0.032816
0.294515,-0.326556,0.031576
0.299002,-0.326581,0.030600
0.303493,-0.326607,0.029625
0.307991,-0.326635,0.028529
0.312491,-0.326662,0.027519
0.316986,-0.326683,0.026700
0.321456,-0.326687,0.026566
0.325950,-0.326704,0.025892
0.330384,-0.326685,0.026622
0.334853,-0.326687,0.026561
0.339289,-0.326669,0.027224
0.343745,-0.326664,0.027437
0.348221,-0.326669,0.027254
0.352729,-0.326689,0.026478
0.357180,-0.326680,0.026832
0.361587,-0.326650,0.027983
0.366028,-0.326637,0.028472
0.370468,-0.326624,0.028963
0.374907,-0.326611,0.029471
0.379335,-0.326593,0.030143
0.383761,-0.326576,0.030820
0.388254,-0.326585,0.030445
0.392813,-0.326621,0.029101
0.397381,-0.326657,0.027699
0.401946,-0.326690,0.026420
0.406511,-0.326722,0.025204
0.411261,-0.326819,0.021495
0.416028,-0.326917,0.017723
0.420811,-0.327017,0.013905
0.425673,-0.327139,0.009222
0.430817,-0.327349,0.001154
0.435954,-0.327550,-0.006519
0.442303,-0.328130,-0.028755
0.101179,-0.323513,-0.025820
0.106046,-0.323265,-0.015729
0.110788,-0.323093,-0.008714
0.115443,-0.322975,-0.003918
0.120080,-0.322860,0.000761
0.124663,-0.322782,0.003936
0.129229,-0.322711,0.006838
0.133779,-0.322647,0.009447
0.138312,-0.322593,0.011650
0.142834,-0.322544,0.013654
0.147346,-0.322499,0.015451
0.151848,-0.322461,0.017030
0.156346,-0.322421,0.018648
0.160842,-0.322374,0.020545
0.165331,-0.322331,0.022308
0.169814,-0.322288,0.024068
0.174293,-0.322242,0.025933
0.178768,-0.322188,0.028120
0.183237,-0.322135,0.030303
0.187697,-0.322087,0.032255
0.192151,-0.322048,0.033831
0.196599,-0.322016,0.035139
0.201043,-0.321984,0.036445
0.205483,-0.321949,0.037867
0.209919,-0.321923,0.038939
0.214354,-0.321905,0.039651
0.218788,-0.321891,0.040229
0.223220,-0.321877,0.040801
0.227653,-0.321871,0.041044
0.232087,-0.321866,0.041251
0.236520,-0.321861,0.041445
0.240956,-0.321863,0.041369
0.245393,-0.321866,0.041238
0.249831,-0.321870,0.041104
0.254277,-0.321882,0.040587
0.258725,-0.321895,0.040068
0.263176,-0.321910,0.039459
0.267636,-0.321932,0.038569
0.272100,-0.321954,0.037655
0.276573,-0.321982,0.036522
0.281052,-0.322012,0.035297
0.285543,-0.322049,0.033792
0.290038,-0.322085,0.032319
0.294531,-0.322116,0.031072
0.299019,-0.322140,0.030097
0.303513,-0.322166,0.029046
0.308013,-0.322193,0.027938
0.312516,-0.322220,0.026852
0.317009,-0.322238,0.026114
0.321490,-0.322247,0.025752
0.325993,-0.322268,0.024892
0.330421,-0.322245,0.025803
0.334873,-0.322237,0.026123
0.339308,-0.322220,0.026828
0.343804,-0.322235,0.026225
0.348279,-0.322238,0.026118
0.352774,-0.322250,0.025627
0.357217,-0.322237,0.026154
0.361644,-0.322217,0.026946
0.366109,-0.322215,0.027050
0.370556,-0.322205,0.027459
0.374997,-0.322192,0.027969
0.379427,-0.322176,0.028647
0.383887,-0.322171,0.028822
0.388423,-0.322196,0.027819
0.392975,-0.322224,0.026651
0.397547,-0.322259,0.025247
0.402115,-0.322290,0.023979
0.406806,-0.322362,0.021033
0.411589,-0.322463,0.016955
0.416363,-0.322555,0.013177
0.421151,-0.322648,0.009389
0.426226,-0.322829,0.002031
0.431383,-0.323028,-0.006076
0.437321,-0.323458,-0.023613
0.101238,-0.318932,-0.024062
0.106106,-0.318698,-0.013883
0.110808,-0.318564,-0.008085
0.115462,-0.318454,-0.003291
0.120092,-0.318351,0.001194
0.124670,-0.318282,0.004191
0.129234,-0.318216,0.007056
0.133789,-0.318151,0.009879
0.138318,-0.318104,0.011938
0.142840,-0.318057,0.013941
0.147353,-0.318014,0.015834
0.151855,-0.317978,0.017412
0.156356,-0.317933,0.019340
0.160852,-0.317889,0.021262
0.165340,-0.317848,0.023024
0.169822,-0.317807,0.024807
0.174304,-0.317754,0.027128
0.178778,-0.317703,0.029330
0.183244,-0.317653,0.031518
0.187702,-0.317611,0.033337
0.192153,-0.317580,0.034701
0.196600,-0.317547,0.036138
0.201043,-0.317513,0.037574
0.205481,-0.317486,0.038783
0.209918,-0.317469,0.039495
0.214352,-0.317453,0.040207
0.218784,-0.317437,0.040918
0.223217,-0.317429,0.041246
0.227650,-0.317425,0.041439
0.232083,-0.317420,0.041633
0.236517,-0.317419,0.041660
0.240953,-0.317422,0.041538
0.245391,-0.317425,0.041406
0.249831,-0.317433,0.041092
0.254276,-0.317442,0.040667
0.258722,-0.317453,0.040205
0.263178,-0.317472,0.039364
0.267639,-0.317493,0.038451
0.272105,-0.317516,0.037463
0.276580,-0.317544,0.036232
0.281062,-0.317575,0.034914
0.285556,-0.317611,0.033334
0.290053,-0.317646,0.031821
0.294547,-0.317675,0.030569
0.299037,-0.317698,0.029563
0.303534,-0.317723,0.028455
0.308035,-0.317749,0.027347
0.312540,-0.317774,0.026237
0.317033,-0.317791,0.025527
0.321531,-0.317809,0.024753
0.326030,-0.317825,0.024035
0.330458,-0.317804,0.024974
0.334894,-0.317787,0.025685
0.339363,-0.317788,0.025660
0.343864,-0.317803,0.025011
0.348336,-0.317803,0.024981
0.352818,-0.317808,0.024776
0.357253,-0.317792,0.025476
0.361725,-0.317792,0.025489
0.366190,-0.317788,0.025625
0.370643,-0.317781,0.025964
0.375087,-0.317769,0.026471
0.379519,-0.317754,0.027137
0.384051,-0.317775,0.026217
0.388593,-0.317798,0.025190
0.393148,-0.317825,0.024033
0.397713,-0.317854,0.022791
0.402350,-0.317905,0.020569
0.407132,-0.318000,0.016416
0.411917,-0.318093,0.012406
0.416699,-0.318180,0.008617
0.421739,-0.318342,0.001579
0.426841,-0.318516,-0.005974
0.432392,-0.318814,-0.018940
0.096037,-0.314797,-0.042775
0.101297,-0.314357,-0.022307
0.106129,-0.314161,-0.013152
0.110822,-0.314042,-0.007625
0.115480,-0.313935,-0.002665
0.120096,-0.313850,0.001322
0.124679,-0.313780,0.004541
0.129243,-0.313719,0.007401
0.133794,-0.313661,0.010098
0.138324,-0.313616,0.012200
0.142846,-0.313572,0.014229
0.147360,-0.313530,0.016216
0.151865,-0.313491,0.018014
0.156367,-0.313448,0.020033
0.160862,-0.313406,0.021979
0.165349,-0.313368,0.023740
0.169835,-0.313320,0.026000
0.174315,-0.313270,0.028311
0.178787,-0.313223,0.030510
0.183251,-0.313176,0.032692
0.187707,-0.313140,0.034383
0.192157,-0.313108,0.035846
0.196602,-0.313077,0.037282
0.201043,-0.313048,0.038628
0.205480,-0.313033,0.039340
0.209916,-0.313018,0.040052
0.214349,-0.313002,0.040785
0.218781,-0.312991,0.041314
0.223214,-0.312985,0.041596
0.227646,-0.312980,0.041822
0.232079,-0.312977,0.041950
0.236515,-0.312980,0.041830
0.240951,-0.312982,0.041706
0.245389,-0.312987,0.041500
0.249832,-0.312996,0.041076
0.254276,-0.313005,0.040651
0.258724,-0.313017,0.040080
0.263181,-0.313036,0.039224
0.267642,-0.313055,0.038334
0.272112,-0.313080,0.037166
0.276589,-0.313107,0.035889
0.281074,-0.313137,0.034490
0.285568,-0.313171,0.032910
0.290068,-0.313205,0.031327
0.294563,-0.313232,0.030065
0.299057,-0.313256,0.028971
0.303555,-0.313280,0.027864
0.308057,-0.313303,0.026755
0.312563,-0.313327,0.025645
0.317069,-0.313349,0.024613
0.321572,-0.313368,0.023753
0.326065,-0.313380,0.023205
0.330494,-0.313359,0.024145
0.334923,-0.313340,0.025044
0.339421,-0.313353,0.024447
0.343924,-0.313367,0.023798
0.348394,-0.313366,0.023843
0.352863,-0.313364,0.023924
0.357329,-0.313361,0.024063
0.361805,-0.313362,0.024030
0.366271,-0.313358,0.024200
0.370726,-0.313351,0.024539
0.375176,-0.313342,0.024971
0.379680,-0.313351,0.024528
0.384215,-0.313371,0.023607
0.388763,-0.313394,0.022556
0.393322,-0.313418,0.021397
0.397901,-0.313448,0.020008
0.402669,-0.313535,0.015952
0.407459,-0.313625,0.011785
0.412247,-0.313710,0.007844
0.417211,-0.313842,0.001680
0.422343,-0.314016,-0.006434
0.427502,-0.314191,-0.014576
0.096426,-0.310012,-0.031762
0.101352,-0.309791,-0.020695
0.106144,-0.309632,-0.012707
0.110834,-0.309522,-0.007216
0.115495,-0.309421,-0.002148
0.120099,-0.309349,0.001450
0.124688,-0.309281,0.004892
0.129251,-0.309224,0.007751
0.133796,-0.309175,0.010199
0.138328,-0.309131,0.012383
0.142849,-0.309090,0.014427
0.147366,-0.309048,0.016541
0.151876,-0.309005,0.018701
0.156378,-0.308965,0.020724
0.160872,-0.308926,0.022696
0.165362,-0.308884,0.024778
0.169848,-0.308836,0.027190
0.174326,-0.308790,0.029492
0.178796,-0.308746,0.031690
0.183256,-0.308711,0.033473
0.187711,-0.308677,0.035167
0.192160,-0.308643,0.036866
0.196604,-0.308612,0.038424
0.201043,-0.308596,0.039195
0.205479,-0.308582,0.039928
0.209914,-0.308567,0.040661
0.214347,-0.308554,0.041307
0.218780,-0.308549,0.041589
0.223212,-0.308543,0.041870
0.227643,-0.308538,0.042139
0.232077,-0.308538,0.042120
0.236513,-0.308541,0.042000
0.240949,-0.308543,0.041875
0.245389,-0.308551,0.041483
0.249832,-0.308559,0.041063
0.254276,-0.308568,0.040638
0.258729,-0.308583,0.039860
0.263186,-0.308600,0.039004
0.267648,-0.308619,0.038046
0.272121,-0.308644,0.036796
0.276598,-0.308669,0.035544
0.281085,-0.308699,0.034066
0.285581,-0.308731,0.032465
0.290083,-0.308763,0.030862
0.294587,-0.308793,0.029331
0.299086,-0.308817,0.028124
0.303588,-0.308841,0.026916
0.308095,-0.308865,0.025706
0.312606,-0.308889,0.024510
0.317109,-0.308907,0.023616
0.321614,-0.308924,0.022752
0.326101,-0.308932,0.022375
0.330531,-0.308913,0.023316
0.334977,-0.308902,0.023870
0.339479,-0.308915,0.023232
0.343982,-0.308928,0.022600
0.348452,-0.308925,0.022704
0.352926,-0.308925,0.022721
0.357408,-0.308927,0.022604
0.361886,-0.308928,0.022571
0.366352,-0.308924,0.022773
0.370810,-0.308917,0.023112
0.375304,-0.308923,0.022847
0.379840,-0.308941,0.021916
0.384380,-0.308960,0.020993
0.388933,-0.308981,0.019917
0.393496,-0.309004,0.018756
0.398234,-0.309077,0.015086
0.402995,-0.309154,0.011248
0.407788,-0.309236,0.007139
0.412674,-0.309340,0.001931
0.417836,-0.309514,-0.006788
0.422949,-0.309667,-0.014491
0.096478,-0.305436,-0.030292
0.101404,-0.305231,-0.019153
0.106162,-0.305102,-0.012135
0.110851,-0.305002,-0.006680
0.115501,-0.304914,-0.001934
0.120103,-0.304850,0.001577
0.124695,-0.304783,0.005165
0.129255,-0.304733,0.007910
0.133799,-0.304689,0.010300
0.138332,-0.304647,0.012565
0.142853,-0.304610,0.014609
0.147374,-0.304566,0.016997
0.151885,-0.304525,0.019199
0.156387,-0.304486,0.021301
0.160883,-0.304446,0.023519
0.165376,-0.304400,0.025970
0.169861,-0.304356,0.028380
0.174337,-0.304314,0.030673
0.178803,-0.304279,0.032583
0.183261,-0.304248,0.034254
0.187714,-0.304217,0.035950
0.192162,-0.304186,0.037648
0.196604,-0.304163,0.038869
0.201043,-0.304146,0.039804
0.205479,-0.304132,0.040537
0.209912,-0.304119,0.041270
0.214345,-0.304113,0.041581
0.218778,-0.304108,0.041848
0.223210,-0.304104,0.042080
0.227644,-0.304103,0.042119
0.232077,-0.304103,0.042120
0.236511,-0.304103,0.042142
0.240948,-0.304107,0.041894
0.245389,-0.304115,0.041475
0.249832,-0.304123,0.041056
0.254280,-0.304134,0.040419
0.258733,-0.304149,0.039641
0.263191,-0.304165,0.038784
0.267658,-0.304186,0.037622
0.272132,-0.304209,0.036371
0.276610,-0.304233,0.035077
0.281104,-0.304264,0.033381
0.285601,-0.304294,0.031780
0.290104,-0.304323,0.030177
0.294619,-0.304357,0.028352
0.299125,-0.304382,0.026955
0.303630,-0.304405,0.025745
0.308139,-0.304427,0.024534
0.312644,-0.304445,0.023527
0.317148,-0.304462,0.022632
0.321655,-0.304478,0.021752
0.326137,-0.304482,0.021545
0.330575,-0.304467,0.022334
0.335034,-0.304462,0.022647
0.339536,-0.304473,0.022017
0.344038,-0.304484,0.021460
0.348509,-0.304482,0.021564
0.352996,-0.304485,0.021371
0.357486,-0.304489,0.021142
0.361967,-0.304490,0.021109
0.366433,-0.304486,0.021345
0.370904,-0.304483,0.021490
0.375457,-0.304505,0.020284
0.380001,-0.304523,0.019298
0.384545,-0.304540,0.018374
0.389104,-0.304561,0.017274
0.393791,-0.304615,0.014298
0.398565,-0.304691,0.010185
0.403334,-0.304762,0.006335
0.408139,-0.304839,0.002168
0.413285,-0.304999,-0.006535
0.418438,-0.305154,-0.014955
0.096530,-0.300866,-0.028824
0.101437,-0.300686,-0.018169
0.106175,-0.300578,-0.011751
0.110868,-0.300482,-0.006110
0.115509,-0.300407,-0.001657
0.120112,-0.300347,0.001927
0.124702,-0.300288,0.005420
0.129258,-0.300244,0.008008
0.133801,-0.300204,0.010400
0.138336,-0.300164,0.012747
0.142860,-0.300127,0.014970
0.147383,-0.300085,0.017453
0.151893,-0.300047,0.019696
0.156394,-0.300011,0.021798
0.160896,-0.299967,0.024426
0.165389,-0.299923,0.027019
0.169874,-0.299880,0.029569
0.174346,-0.299844,0.031692
0.178809,-0.299816,0.033364
0.183266,-0.299788,0.035034
0.187718,-0.299759,0.036733
0.192164,-0.299736,0.038121
0.196605,-0.299719,0.039141
0.201043,-0.299702,0.040160
0.205478,-0.299685,0.041146
0.209911,-0.299678,0.041556
0.214344,-0.299674,0.041788
0.218777,-0.299670,0.042020
0.223209,-0.299667,0.042176
0.227644,-0.299669,0.042060
0.232078,-0.299669,0.042074
0.236512,-0.299670,0.042048
0.240950,-0.299674,0.041768
0.245390,-0.299679,0.041468
0.249833,-0.299688,0.040977
0.254284,-0.299701,0.040201
0.258738,-0.299714,0.039420
0.263198,-0.299730,0.038449
0.267668,-0.299752,0.037198
0.272142,-0.299773,0.035946
0.276627,-0.299798,0.034426
0.281123,-0.299828,0.032696
0.285621,-0.299855,0.031095
0.290127,-0.299883,0.029418
0.294644,-0.299914,0.027569
0.299165,-0.299944,0.025784
0.303671,-0.299965,0.024573
0.308179,-0.299984,0.023437
0.312682,-0.299999,0.022542
0.317188,-0.300014,0.021646
0.321697,-0.300029,0.020750
0.326172,-0.300030,0.020714
0.330625,-0.300021,0.021212
0.335090,-0.300018,0.021423
0.339595,-0.300028,0.020797
0.344094,-0.300036,0.020319
0.348576,-0.300038,0.020252
0.353067,-0.300041,0.020019
0.357561,-0.300046,0.019755
0.362047,-0.300048,0.019647
0.366514,-0.300043,0.019916
0.371056,-0.300060,0.018895
0.375611,-0.300080,0.017716
0.380160,-0.300097,0.016718
0.384710,-0.300113,0.015750
0.389343,-0.300150,0.013569
0.394121,-0.300222,0.009295
0.398897,-0.300290,0.005268
0.403675,-0.300355,0.001405
0.408776,-0.300495,-0.006851
0.413900,-0.300633,-0.015053
0.091189,-0.296652,-0.050339
0.096614,-0.296286,-0.026450
0.101459,-0.296149,-0.017503
0.106185,-0.296056,-0.011434
0.110877,-0.295970,-0.005837
0.115513,-0.295903,-0.001518
0.120122,-0.295845,0.002286
0.124703,-0.295796,0.005469
0.129260,-0.295756,0.008096
0.133803,-0.295719,0.010492
0.138339,-0.295682,0.012891
0.142869,-0.295643,0.015426
0.147391,-0.295605,0.017910
0.151901,-0.295570,0.020193
0.156407,-0.295533,0.022634
0.160908,-0.295491,0.025332
0.165400,-0.295452,0.027923
0.169883,-0.295412,0.030491
0.174353,-0.295383,0.032432
0.178815,-0.295356,0.034144
0.183271,-0.295331,0.035816
0.187721,-0.295307,0.037372
0.192165,-0.295291,0.038392
0.196605,-0.295276,0.039412
0.201043,-0.295261,0.040360
0.205478,-0.295249,0.041138
0.209911,-0.295241,0.041678
0.214344,-0.295236,0.041961
0.218776,-0.295233,0.042193
0.223210,-0.295234,0.042116
0.227645,-0.295236,0.042007
0.232078,-0.295235,0.042028
0.236515,-0.295239,0.041810
0.240953,-0.295243,0.041529
0.245392,-0.295247,0.041290
0.249838,-0.295255,0.040717
0.254288,-0.295267,0.039983
0.258742,-0.295279,0.039200
0.263207,-0.295297,0.038025
0.267678,-0.295316,0.036773
0.272152,-0.295335,0.035522
0.276644,-0.295362,0.033775
0.281142,-0.295389,0.032012
0.285641,-0.295414,0.030409
0.290151,-0.295441,0.028634
0.294669,-0.295469,0.026785
0.299193,-0.295498,0.024934
0.303712,-0.295521,0.023401
0.308215,-0.295536,0.022453
0.312719,-0.295549,0.021557
0.317227,-0.295563,0.020661
0.321738,-0.295577,0.019764
0.326219,-0.295579,0.019619
0.330675,-0.295572,0.020091
0.335146,-0.295570,0.020198
0.339653,-0.295580,0.019571
0.344153,-0.295587,0.019132
0.348644,-0.295590,0.018901
0.353137,-0.295594,0.018666
0.357633,-0.295598,0.018401
0.362128,-0.295601,0.018184
0.366646,-0.295610,0.017585
0.371208,-0.295630,0.016294
0.375765,-0.295648,0.015143
0.380318,-0.295663,0.014144
0.384894,-0.295683,0.012832
0.389666,-0.295749,0.008564
0.394453,-0.295815,0.004275
0.399231,-0.295875,0.000336
0.404297,-0.295997,-0.007586
0.409418,-0.296124,-0.015926
0.091689,-0.291889,-0.036768
0.096698,-0.291713,-0.024057
0.101500,-0.291607,-0.016317
0.106220,-0.291524,-0.010344
0.110888,-0.291457,-0.005463
0.115517,-0.291400,-0.001378
0.120132,-0.291345,0.002644
0.124703,-0.291306,0.005467
0.129262,-0.291268,0.008184
0.133805,-0.291235,0.010579
0.138348,-0.291197,0.013315
0.142879,-0.291162,0.015905
0.147400,-0.291128,0.018369
0.151912,-0.291094,0.020829
0.156421,-0.291056,0.023540
0.160921,-0.291019,0.026237
0.165411,-0.290983,0.028826
0.169888,-0.290954,0.030921
0.174357,-0.290927,0.032864
0.178820,-0.290900,0.034823
0.183275,-0.290876,0.036599
0.187722,-0.290862,0.037614
0.192165,-0.290849,0.038545
0.196605,-0.290836,0.039476
0.201043,-0.290824,0.040367
0.205478,-0.290816,0.040907
0.209912,-0.290809,0.041449
0.214343,-0.290802,0.041989
0.218776,-0.290799,0.042173
0.223210,-0.290801,0.042057
0.227645,-0.290802,0.041961
0.232080,-0.290803,0.041850
0.236518,-0.290807,0.041579
0.240955,-0.290810,0.041396
0.245396,-0.290815,0.041041
0.249843,-0.290824,0.040387
0.254294,-0.290834,0.039663
0.258751,-0.290846,0.038770
0.263216,-0.290862,0.037596
0.267687,-0.290879,0.036349
0.272167,-0.290899,0.034930
0.276661,-0.290924,0.033124
0.281161,-0.290949,0.031327
0.285662,-0.290971,0.029699
0.290175,-0.290997,0.027852
0.294694,-0.291022,0.026001
0.299221,-0.291048,0.024117
0.303750,-0.291073,0.022352
0.308253,-0.291086,0.021418
0.312760,-0.291098,0.020511
0.317269,-0.291111,0.019603
0.321778,-0.291122,0.018786
0.326268,-0.291126,0.018496
0.330725,-0.291119,0.018968
0.335203,-0.291119,0.018973
0.339711,-0.291128,0.018345
0.344219,-0.291136,0.017780
0.348713,-0.291139,0.017548
0.353208,-0.291142,0.017310
0.357706,-0.291146,0.017046
0.362230,-0.291155,0.016353
0.366794,-0.291174,0.014982
0.371360,-0.291192,0.013689
0.375919,-0.291208,0.012567
0.380476,-0.291222,0.011565
0.385211,-0.291274,0.007805
0.389990,-0.291332,0.003541
0.394784,-0.291391,-0.000735
0.399767,-0.291486,-0.007601
0.404934,-0.291613,-0.016800
0.091793,-0.287299,-0.033935
0.096763,-0.287155,-0.022226
0.101536,-0.287070,-0.015249
0.106253,-0.286997,-0.009312
0.110911,-0.286940,-0.004702
0.115537,-0.286891,-0.000715
0.120137,-0.286848,0.002827
0.124703,-0.286815,0.005466
0.129263,-0.286782,0.008218
0.133809,-0.286751,0.010740
0.138357,-0.286714,0.013739
0.142889,-0.286681,0.016394
0.147409,-0.286651,0.018857
0.151926,-0.286617,0.021644
0.156435,-0.286582,0.024447
0.160933,-0.286549,0.027141
0.165419,-0.286521,0.029443
0.169893,-0.286498,0.031352
0.174361,-0.286474,0.033294
0.178823,-0.286450,0.035254
0.183276,-0.286433,0.036640
0.187722,-0.286420,0.037660
0.192165,-0.286409,0.038592
0.196605,-0.286397,0.039523
0.201043,-0.286390,0.040136
0.205478,-0.286383,0.040677
0.209913,-0.286379,0.041029
0.214347,-0.286376,0.041284
0.218780,-0.286372,0.041568
0.223211,-0.286368,0.041911
0.227646,-0.286368,0.041891
0.232082,-0.286371,0.041685
0.236519,-0.286373,0.041501
0.240957,-0.286376,0.041306
0.245401,-0.286383,0.040713
0.249849,-0.286391,0.040056
0.254300,-0.286400,0.039333
0.258763,-0.286414,0.038156
0.263229,-0.286429,0.036980
0.267700,-0.286443,0.035805
0.272185,-0.286463,0.034193
0.276678,-0.286484,0.032473
0.281179,-0.286506,0.030664
0.285685,-0.286528,0.028917
0.290201,-0.286551,0.026998
0.294730,-0.286577,0.024883
0.299267,-0.286603,0.022765
0.303781,-0.286619,0.021460
0.308293,-0.286633,0.020347
0.312801,-0.286644,0.019440
0.317312,-0.286655,0.018531
0.321809,-0.286661,0.018041
0.326303,-0.286666,0.017667
0.330775,-0.286664,0.017845
0.335259,-0.286665,0.017746
0.339768,-0.286672,0.017142
0.344279,-0.286679,0.016574
0.348781,-0.286684,0.016195
0.353279,-0.286687,0.015955
0.357779,-0.286690,0.015689
0.362368,-0.286712,0.013858
0.366942,-0.286731,0.012380
0.371512,-0.286747,0.011080
0.376074,-0.286760,0.009985
0.380755,-0.286796,0.007031
0.385528,-0.286849,0.002761
0.390316,-0.286901,-0.001517
0.395239,-0.286976,-0.007617
0.400425,-0.287095,-0.017337
0.091952,-0.282702,-0.029625
0.096825,-0.282604,-0.020448
0.101571,-0.282537,-0.014212
0.106274,-0.282477,-0.008668
0.110935,-0.282426,-0.003946
0.115559,-0.282384,0.000043
0.120147,-0.282350,0.003171
0.124711,-0.282322,0.005760
0.129266,-0.282295,0.008324
0.133819,-0.282264,0.011165
0.138366,-0.282232,0.014162
0.142898,-0.282203,0.016883
0.147421,-0.282174,0.019511
0.151938,-0.282144,0.022355
0.156447,-0.282113,0.025212
0.160945,-0.282084,0.027962
0.165424,-0.282063,0.029874
0.169897,-0.282043,0.031782
0.174365,-0.282022,0.033725
0.178824,-0.282004,0.035375
0.183275,-0.281992,0.036487
0.187722,-0.281980,0.037600
0.192165,-0.281969,0.038638
0.196605,-0.281961,0.039365
0.201043,-0.281958,0.039680
0.205479,-0.281955,0.039952
0.209915,-0.281952,0.040223
0.214351,-0.281950,0.040425
0.218785,-0.281947,0.040720
0.223218,-0.281943,0.041064
0.227650,-0.281939,0.041401
0.232083,-0.281937,0.041607
0.236520,-0.281939,0.041424
0.240961,-0.281944,0.040978
0.245406,-0.281950,0.040384
0.249854,-0.281957,0.039726
0.254310,-0.281967,0.038784
0.258775,-0.281981,0.037543
0.263243,-0.281993,0.036366
0.267718,-0.282008,0.034995
0.272211,-0.282028,0.033145
0.276703,-0.282046,0.031502
0.281202,-0.282063,0.029857
0.285719,-0.282086,0.027762
0.290243,-0.282109,0.025648
0.294774,-0.282131,0.023531
0.299300,-0.282150,0.021783
0.303812,-0.282163,0.020568
0.308329,-0.282176,0.019351
0.312842,-0.282187,0.018367
0.317346,-0.282194,0.017670
0.321840,-0.282198,0.017296
0.326335,-0.282202,0.016921
0.330825,-0.282204,0.016720
0.335316,-0.282207,0.016520
0.339825,-0.282213,0.015952
0.344337,-0.282219,0.015382
0.348850,-0.282225,0.014840
0.353350,-0.282227,0.014596
0.357904,-0.282240,0.013373
0.362505,-0.282262,0.011372
0.367084,-0.282278,0.009890
0.371664,-0.282293,0.008466
0.376297,-0.282317,0.006259
0.381065,-0.282363,0.001982
0.385847,-0.282409,-0.002301
0.390683,-0.282461,-0.007206
0.395869,-0.282568,-0.017158
0.087057,-0.278241,-0.038615
0.092105,-0.278120,-0.025467
0.096910,-0.278052,-0.018046
0.101643,-0.277997,-0.012063
0.106304,-0.277957,-0.007745
0.110954,-0.277916,-0.003304
0.115568,-0.277882,0.000371
0.120155,-0.277854,0.003452
0.124720,-0.277829,0.006124
0.129278,-0.277804,0.008838
0.133833,-0.277777,0.011775
0.138375,-0.277751,0.014587
0.142908,-0.277726,0.017385
0.147434,-0.277699,0.020224
0.151950,-0.277673,0.023065
0.156457,-0.277647,0.025921
0.160948,-0.277626,0.028204
0.165429,-0.277607,0.030281
0.169902,-0.277589,0.032212
0.174368,-0.277572,0.034109
0.178823,-0.277561,0.035223
0.183274,-0.277551,0.036336
0.187721,-0.277541,0.037435
0.192164,-0.277533,0.038318
0.196604,-0.277530,0.038603
0.201043,-0.277528,0.038874
0.205481,-0.277525,0.039146
0.209918,-0.277523,0.039380
0.214355,-0.277521,0.039564
0.218790,-0.277519,0.039872
0.223224,-0.277515,0.040213
0.227658,-0.277512,0.040548
0.232091,-0.277509,0.040883
0.236523,-0.277507,0.041158
0.240966,-0.277511,0.040649
0.245411,-0.277517,0.040056
0.249860,-0.277523,0.039394
0.254321,-0.277534,0.038173
0.258787,-0.277546,0.036932
0.263256,-0.277557,0.035751
0.267742,-0.277573,0.033968
0.272236,-0.277590,0.032096
0.276731,-0.277605,0.030451
0.281237,-0.277622,0.028594
0.285757,-0.277642,0.026434
0.290284,-0.277662,0.024296
0.294818,-0.277681,0.022178
0.299330,-0.277693,0.020890
0.303844,-0.277704,0.019674
0.308362,-0.277716,0.018458
0.312883,-0.277726,0.017298
0.317376,-0.277730,0.016923
0.321871,-0.277733,0.016549
0.326368,-0.277737,0.016174
0.330866,-0.277740,0.015799
0.335371,-0.277744,0.015329
0.339882,-0.277750,0.014760
0.344396,-0.277755,0.014190
0.348912,-0.277760,0.013621
0.353437,-0.277767,0.012923
0.358040,-0.277786,0.010839
0.362643,-0.277804,0.008882
0.367225,-0.277818,0.007398
0.371833,-0.277834,0.005572
0.376600,-0.277874,0.001208
0.381376,-0.277914,-0.003084
0.386167,-0.277953,-0.007379
0.391295,-0.278039,-0.016696
0.087251,-0.273645,-0.033563
0.092196,-0.273564,-0.023000
0.096995,-0.273507,-0.015648
0.101699,-0.273467,-0.010410
0.106357,-0.273434,-0.006097
0.110992,-0.273403,-0.002089
0.115577,-0.273382,0.000657
0.120162,-0.273359,0.003733
0.124730,-0.273338,0.006487
0.129295,-0.273314,0.009522
0.133849,-0.273292,0.012478
0.138390,-0.273270,0.015280
0.142922,-0.273249,0.018071
0.147447,-0.273227,0.020936
0.151962,-0.273205,0.023774
0.156464,-0.273185,0.026354
0.160951,-0.273169,0.028435
0.165432,-0.273153,0.030512
0.169906,-0.273137,0.032587
0.174367,-0.273127,0.033937
0.178821,-0.273119,0.035027
0.183272,-0.273110,0.036117
0.187720,-0.273102,0.037205
0.192162,-0.273100,0.037475
0.196603,-0.273098,0.037776
0.201043,-0.273095,0.038067
0.205482,-0.273093,0.038335
0.209921,-0.273092,0.038519
0.214359,-0.273091,0.038703
0.218795,-0.273088,0.039024
0.223231,-0.273085,0.039359
0.227666,-0.273083,0.039728
0.232098,-0.273079,0.040154
0.236533,-0.273078,0.040370
0.240974,-0.273080,0.040007
0.245418,-0.273083,0.039644
0.249870,-0.273090,0.038802
0.254333,-0.273099,0.037562
0.258799,-0.273109,0.036320
0.263273,-0.273119,0.034964
0.267766,-0.273135,0.032941
0.272262,-0.273149,0.031046
0.276758,-0.273162,0.029401
0.281273,-0.273178,0.027292
0.285795,-0.273195,0.025129
0.290325,-0.273211,0.022963
0.294849,-0.273225,0.021212
0.299363,-0.273234,0.019923
0.303881,-0.273245,0.018623
0.308404,-0.273254,0.017324
0.312910,-0.273260,0.016594
0.317404,-0.273263,0.016218
0.321900,-0.273266,0.015844
0.326398,-0.273269,0.015470
0.330903,-0.273273,0.014960
0.335423,-0.273279,0.014178
0.339937,-0.273283,0.013605
0.344452,-0.273287,0.013033
0.348971,-0.273292,0.012460
0.353569,-0.273308,0.010388
0.358176,-0.273324,0.008300
0.362781,-0.273338,0.006387
0.367367,-0.273350,0.004901
0.372135,-0.273384,0.000407
0.376904,-0.273417,-0.003865
0.381688,-0.273450,-0.008166
0.386749,-0.273515,-0.016627
0.393126,-0.273733,-0.045075
0.082408,-0.269139,-0.040758
0.087485,-0.269058,-0.027473
0.092300,-0.269013,-0.020177
0.097068,-0.268972,-0.013562
0.101755,-0.268943,-0.008758
0.106410,-0.268916,-0.004450
0.111019,-0.268896,-0.001182
0.115603,-0.268880,0.001571
0.120176,-0.268863,0.004243
0.124746,-0.268846,0.007110
0.129312,-0.268827,0.010208
0.133865,-0.268808,0.013180
0.138404,-0.268791,0.015938
0.142934,-0.268775,0.018668
0.147459,-0.268757,0.021602
0.151974,-0.268739,0.024483
0.156468,-0.268726,0.026594
0.160955,-0.268713,0.028738
0.165436,-0.268700,0.030879
0.169906,-0.268689,0.032612
0.174365,-0.268682,0.033705
0.178820,-0.268676,0.034797
0.183271,-0.268669,0.035887
0.187716,-0.268666,0.036398
0.192159,-0.268664,0.036634
0.196601,-0.268663,0.036938
0.201043,-0.268661,0.037242
0.205483,-0.268659,0.037447
0.209923,-0.268658,0.037658
0.214363,-0.268657,0.037842
0.218800,-0.268655,0.038186
0.223237,-0.268652,0.038613
0.227672,-0.268650,0.039040
0.232107,-0.268648,0.039379
0.236542,-0.268646,0.039582
0.240985,-0.268648,0.039218
0.245430,-0.268651,0.038818
0.249885,-0.268657,0.037896
0.254346,-0.268663,0.036838
0.258812,-0.268670,0.035708
0.263295,-0.268681,0.033938
0.267789,-0.268693,0.031912
0.272288,-0.268705,0.029996
0.276791,-0.268716,0.028149
0.281309,-0.268730,0.025988
0.285834,-0.268743,0.023801
0.290372,-0.268758,0.021439
0.294889,-0.268767,0.019978
0.299405,-0.268775,0.018664
0.303925,-0.268783,0.017365
0.308443,-0.268789,0.016274
0.312937,-0.268792,0.015897
0.317432,-0.268794,0.015519
0.321929,-0.268796,0.015145
0.326428,-0.268799,0.014770
0.330948,-0.268803,0.013962
0.335473,-0.268809,0.013113
0.339991,-0.268813,0.012460
0.344509,-0.268816,0.011886
0.349074,-0.268825,0.010428
0.353692,-0.268840,0.008033
0.358313,-0.268854,0.005757
0.362919,-0.268865,0.003888
0.367619,-0.268886,0.000464
0.372432,-0.268918,-0.004681
0.377209,-0.268944,-0.008967
0.382248,-0.268995,-0.017278
0.387581,-0.269072,-0.029834
0.082709,-0.264544,-0.033199
0.087633,-0.264500,-0.023604
0.092434,-0.264467,-0.016533
0.097131,-0.264445,-0.011775
0.101810,-0.264424,-0.007108
0.106450,-0.264406,-0.003209
0.111047,-0.264392,-0.000275
0.115630,-0.264380,0.002485
0.120202,-0.264367,0.005182
0.124769,-0.264354,0.008015
0.129329,-0.264341,0.010892
0.133881,-0.264327,0.013882
0.138417,-0.264315,0.016548
0.142946,-0.264302,0.019263
0.147470,-0.264289,0.022196
0.151979,-0.264277,0.024772
0.156475,-0.264267,0.027035
0.160962,-0.264257,0.029179
0.165441,-0.264247,0.031284
0.169904,-0.264242,0.032379
0.174362,-0.264237,0.033473
0.178818,-0.264232,0.034565
0.183267,-0.264229,0.035318
0.187712,-0.264227,0.035555
0.192157,-0.264226,0.035796
0.196600,-0.264225,0.036100
0.201043,-0.264225,0.035999
0.205486,-0.264226,0.035945
0.209927,-0.264224,0.036268
0.214367,-0.264222,0.036814
0.218805,-0.264219,0.037498
0.223242,-0.264217,0.037926
0.227679,-0.264215,0.038311
0.232115,-0.264213,0.038595
0.236552,-0.264213,0.038793
0.240996,-0.264214,0.038430
0.245446,-0.264217,0.037777
0.249903,-0.264221,0.036870
0.254365,-0.264226,0.035811
0.258834,-0.264232,0.034592
0.263319,-0.264240,0.032785
0.267813,-0.264249,0.030883
0.272314,-0.264258,0.028944
0.276825,-0.264268,0.026847
0.281350,-0.264278,0.024495
0.285883,-0.264289,0.022133
0.290409,-0.264298,0.020247
0.294926,-0.264305,0.018815
0.299447,-0.264311,0.017406
0.303970,-0.264317,0.016105
0.308468,-0.264319,0.015576
0.312963,-0.264321,0.015199
0.317460,-0.264323,0.014821
0.321958,-0.264325,0.014445
0.326469,-0.264328,0.013811
0.330992,-0.264331,0.012962
0.335519,-0.264335,0.012112
0.340046,-0.264339,0.011313
0.344578,-0.264343,0.010473
0.349193,-0.264354,0.008079
0.353815,-0.264365,0.005680
0.358446,-0.264376,0.003278
0.363093,-0.264388,0.000734
0.367926,-0.264414,-0.004932
0.372730,-0.264436,-0.009786
0.377656,-0.264467,-0.016420
0.383035,-0.264530,-0.030084
0.077846,-0.260018,-0.040610
0.082922,-0.259979,-0.027881
0.087777,-0.259954,-0.019856
0.092515,-0.259937,-0.014332
0.097199,-0.259923,-0.009854
0.101872,-0.259909,-0.005294
0.106479,-0.259900,-0.002301
0.111075,-0.259891,0.000632
0.115657,-0.259883,0.003398
0.120230,-0.259874,0.006192
0.124796,-0.259865,0.009023
0.129353,-0.259857,0.011877
0.133896,-0.259849,0.014529
0.138430,-0.259840,0.017157
0.142958,-0.259832,0.019858
0.147478,-0.259824,0.022657
0.151983,-0.259816,0.024997
0.156479,-0.259809,0.027334
0.160968,-0.259802,0.029618
0.165438,-0.259798,0.031051
0.169901,-0.259794,0.032161
0.174361,-0.259791,0.033272
0.178816,-0.259788,0.034356
0.183263,-0.259787,0.034539
0.187709,-0.259787,0.034722
0.192154,-0.259786,0.034957
0.196598,-0.259786,0.034868
0.201043,-0.259787,0.034606
0.205488,-0.259787,0.034519
0.209932,-0.259786,0.034752
0.214372,-0.259784,0.035704
0.218810,-0.259781,0.036655
0.223247,-0.259779,0.037238
0.227686,-0.259778,0.037526
0.232124,-0.259777,0.037811
0.236562,-0.259776,0.038004
0.241009,-0.259778,0.037531
0.245462,-0.259780,0.036735
0.249920,-0.259783,0.035842
0.254384,-0.259786,0.034783
0.258862,-0.259791,0.033159
0.263350,-0.259797,0.031350
0.267844,-0.259802,0.029540
0.272348,-0.259809,0.027534
0.276868,-0.259816,0.025186
0.281396,-0.259823,0.022828
0.285930,-0.259830,0.020515
0.290444,-0.259834,0.019083
0.294964,-0.259839,0.017650
0.299488,-0.259843,0.016216
0.304000,-0.259846,0.015255
0.308495,-0.259848,0.014864
0.312991,-0.259849,0.014473
0.317489,-0.259850,0.014082
0.321995,-0.259851,0.013558
0.326518,-0.259854,0.012686
0.331042,-0.259857,0.011854
0.335569,-0.259859,0.011021
0.340099,-0.259862,0.010188
0.344701,-0.259869,0.007975
0.349323,-0.259876,0.005505
0.353954,-0.259884,0.003029
0.358593,-0.259891,0.000549
0.363391,-0.259907,-0.004662
0.368234,-0.259925,-0.010350
0.373067,-0.259941,-0.015563
0.378484,-0.259986,-0.030247
0.072742,-0.255476,-0.053078
0.078213,-0.255444,-0.031749
0.083088,-0.255432,-0.023713
0.087895,-0.255421,-0.016785
0.092586,-0.255414,-0.012427
0.097267,-0.255407,-0.007936
0.101900,-0.255402,-0.004459
0.106506,-0.255397,-0.001466
0.111102,-0.255393,0.001520
0.115686,-0.255388,0.004392
0.120258,-0.255384,0.007201
0.124822,-0.255380,0.010031
0.129375,-0.255376,0.012787
0.133914,-0.255372,0.015307
0.138445,-0.255368,0.017822
0.142970,-0.255364,0.020453
0.147483,-0.255360,0.022882
0.151986,-0.255356,0.025217
0.156482,-0.255353,0.027544
0.160967,-0.255350,0.029554
0.165436,-0.255348,0.030871
0.169899,-0.255346,0.031983
0.174359,-0.255344,0.033094
0.178810,-0.255344,0.033583
0.183258,-0.255343,0.033766
0.187705,-0.255343,0.033952
0.192151,-0.255343,0.033817
0.196596,-0.255344,0.033367
0.201043,-0.255344,0.033127
0.205490,-0.255344,0.033095
0.209935,-0.255343,0.033788
0.214377,-0.255342,0.034723
0.218815,-0.255340,0.035766
0.223253,-0.255339,0.036446
0.227693,-0.255339,0.036740
0.232132,-0.255338,0.037027
0.236571,-0.255338,0.037214
0.241023,-0.255339,0.036490
0.245478,-0.255340,0.035693
0.249937,-0.255342,0.034813
0.254407,-0.255344,0.033533
0.258891,-0.255346,0.031725
0.263381,-0.255349,0.029916
0.267877,-0.255352,0.028105
0.272390,-0.255356,0.025827
0.276912,-0.255359,0.023505
0.281442,-0.255363,0.021159
0.285964,-0.255365,0.019352
0.290481,-0.255368,0.017886
0.295005,-0.255370,0.016355
0.299534,-0.255372,0.014857
0.304031,-0.255373,0.014372
0.308528,-0.255374,0.013959
0.313026,-0.255374,0.013567
0.317526,-0.255375,0.013176
0.322052,-0.255376,0.012181
0.326584,-0.255378,0.011142
0.331110,-0.255379,0.010309
0.335640,-0.255381,0.009476
0.340225,-0.255383,0.007548
0.344854,-0.255388,0.004851
0.349482,-0.255392,0.002375
0.354117,-0.255395,-0.000106
0.358868,-0.255402,-0.004571
0.363695,-0.255411,-0.010152
0.368540,-0.255419,-0.015732
0.373933,-0.255442,-0.030412
0.073408,-0.250897,-0.037571
0.078410,-0.250897,-0.026986
0.083261,-0.250897,-0.019377
0.087971,-0.250897,-0.014811
0.092656,-0.250897,-0.010525
0.097313,-0.250897,-0.006621
0.101932,-0.250897,-0.003493
0.106549,-0.250897,-0.000140
0.111146,-0.250897,0.002954
0.115719,-0.250897,0.005533
0.120286,-0.250897,0.008210
0.124848,-0.250897,0.011038
0.129394,-0.250897,0.013566
0.133932,-0.250897,0.016083
0.138461,-0.250897,0.018572
0.142978,-0.250897,0.020865
0.147486,-0.250897,0.023074
0.151989,-0.250897,0.025404
0.156485,-0.250897,0.027730
0.160961,-0.250897,0.029109
0.165431,-0.250897,0.030439
0.169897,-0.250897,0.031768
0.174355,-0.250897,0.032626
0.178804,-0.250897,0.032814
0.183253,-0.250897,0.033004
0.187702,-0.250897,0.033193
0.192147,-0.250897,0.032676
0.196594,-0.250897,0.032116
0.201043,-0.250897,0.031633
0.205492,-0.250897,0.031964
0.209937,-0.250897,0.033064
0.214379,-0.250897,0.034184
0.218818,-0.250897,0.035268
0.223260,-0.250897,0.035634
0.227701,-0.250897,0.035928
0.232141,-0.250897,0.036222
0.236585,-0.250897,0.036147
0.241037,-0.250897,0.035448
0.245494,-0.250897,0.034651
0.249955,-0.250897,0.033784
0.254433,-0.250897,0.032100
0.258920,-0.250897,0.030292
0.263412,-0.250897,0.028482
0.267915,-0.250897,0.026440
0.272432,-0.250897,0.024118
0.276957,-0.250897,0.021792
0.281488,-0.250897,0.019504
0.286004,-0.250897,0.017966
0.290525,-0.250897,0.016435
0.295052,-0.250897,0.014902
0.299562,-0.250897,0.014019
0.304061,-0.250897,0.013533
0.308561,-0.250897,0.013053
0.313061,-0.250897,0.012661
0.317575,-0.250897,0.011928
0.322109,-0.250897,0.010801
0.326647,-0.250897,0.009673
0.331179,-0.250897,0.008763
0.335742,-0.250897,0.007267
0.340367,-0.250897,0.004568
0.345001,-0.250897,0.001863
0.349640,-0.250897,-0.000761
0.354346,-0.250897,-0.004489
0.359165,-0.250897,-0.010101
0.364026,-0.250897,-0.016152
0.369356,-0.250897,-0.030101
0.068583,-0.246333,-0.043440
0.073724,-0.246353,-0.030232
0.078590,-0.246364,-0.022655
0.083353,-0.246373,-0.017071
0.088048,-0.246380,-0.012800
0.092737,-0.246386,-0.008311
0.097371,-0.246392,-0.004976
0.101996,-0.246397,-0.001618
0.106607,-0.246402,0.001667
0.111186,-0.246406,0.004249
0.115757,-0.246410,0.006826
0.120318,-0.246414,0.009387
0.124868,-0.246417,0.011788
0.129412,-0.246421,0.014284
0.133948,-0.246425,0.016776
0.138474,-0.246429,0.019195
0.142987,-0.246432,0.021305
0.147492,-0.246435,0.023413
0.151993,-0.246438,0.025590
0.156479,-0.246441,0.027332
0.160955,-0.246443,0.028694
0.165427,-0.246445,0.030141
0.169895,-0.246448,0.031586
0.174348,-0.246448,0.031927
0.178798,-0.246448,0.032056
0.183249,-0.246449,0.032245
0.187697,-0.246449,0.032258
0.192144,-0.246448,0.031547
0.196592,-0.246447,0.030982
0.201043,-0.246446,0.030665
0.205493,-0.246447,0.031428
0.209939,-0.246449,0.032528
0.214382,-0.246451,0.033683
0.218823,-0.246452,0.034528
0.223266,-0.246453,0.034822
0.227708,-0.246453,0.035145
0.232149,-0.246454,0.035470
0.236600,-0.246453,0.034855
0.241055,-0.246452,0.034159
0.245512,-0.246451,0.033460
0.249978,-0.246449,0.032398
0.254460,-0.246446,0.030668
0.258948,-0.246443,0.028858
0.263443,-0.246441,0.027046
0.267955,-0.246437,0.024732
0.272476,-0.246433,0.022325
0.277007,-0.246430,0.019877
0.281527,-0.246427,0.018070
0.286046,-0.246425,0.016522
0.290570,-0.246422,0.014982
0.295092,-0.246420,0.013665
0.299590,-0.246419,0.013179
0.304090,-0.246419,0.012694
0.308593,-0.246418,0.012207
0.313099,-0.246417,0.011676
0.317630,-0.246415,0.010548
0.322166,-0.246414,0.009420
0.326706,-0.246412,0.008292
0.331258,-0.246410,0.006985
0.335879,-0.246406,0.004285
0.340509,-0.246402,0.001579
0.345148,-0.246397,-0.001134
0.349831,-0.246392,-0.004513
0.354674,-0.246383,-0.010768
0.359526,-0.246373,-0.016822
0.364762,-0.246354,-0.029463
0.063804,-0.241754,-0.047888
0.069033,-0.241799,-0.033327
0.073913,-0.241822,-0.025827
0.078733,-0.241842,-0.019201
0.083454,-0.241857,-0.014545
0.088159,-0.241871,-0.009905
0.092808,-0.241882,-0.006393
0.097439,-0.241892,-0.003064
0.102059,-0.241902,0.000257
0.106648,-0.241910,0.002938
0.111224,-0.241918,0.005481
0.115791,-0.241926,0.008021
0.120348,-0.241933,0.010441
0.124892,-0.241940,0.012703
0.129429,-0.241947,0.014978
0.133964,-0.241955,0.017468
0.138484,-0.241961,0.019635
0.142995,-0.241968,0.021745
0.147500,-0.241974,0.023820
0.151995,-0.241980,0.025753
0.156478,-0.241985,0.027248
0.160955,-0.241989,0.028696
0.165427,-0.241994,0.030144
0.169889,-0.241996,0.031006
0.174343,-0.241997,0.031335
0.178793,-0.241998,0.031403
0.183244,-0.241998,0.031486
0.187692,-0.241997,0.031184
0.192141,-0.241996,0.030802
0.196591,-0.241994,0.030395
0.201043,-0.241995,0.030596
0.205493,-0.241997,0.031363
0.209940,-0.242000,0.032318
0.214384,-0.242003,0.033262
0.218828,-0.242005,0.033741
0.223272,-0.242006,0.034067
0.227715,-0.242007,0.034392
0.232163,-0.242006,0.034173
0.236616,-0.242004,0.033554
0.241073,-0.242002,0.032868
0.245532,-0.242000,0.032168
0.250009,-0.241995,0.030552
0.254492,-0.241990,0.028931
0.258979,-0.241985,0.027308
0.263481,-0.241979,0.025274
0.267998,-0.241971,0.022832
0.272524,-0.241964,0.020385
0.277051,-0.241957,0.018182
0.281567,-0.241952,0.016635
0.286088,-0.241948,0.015085
0.290615,-0.241943,0.013534
0.295125,-0.241940,0.012627
0.299631,-0.241938,0.011973
0.304139,-0.241936,0.011319
0.308649,-0.241934,0.010665
0.313170,-0.241931,0.009821
0.317702,-0.241928,0.008751
0.322242,-0.241925,0.007604
0.326785,-0.241921,0.006457
0.331391,-0.241914,0.004013
0.336018,-0.241905,0.001277
0.340652,-0.241897,-0.001435
0.345297,-0.241889,-0.004152
0.350140,-0.241869,-0.010622
0.355021,-0.241848,-0.017413
0.360209,-0.241811,-0.029522
0.058844,-0.237146,-0.055840
0.064245,-0.237227,-0.038304
0.069228,-0.237270,-0.028940
0.074091,-0.237303,-0.021677
0.078842,-0.237327,-0.016581
0.083570,-0.237350,-0.011635
0.088239,-0.237367,-0.007809
0.092874,-0.237382,-0.004596
0.097497,-0.237397,-0.001433
0.102099,-0.237410,0.001437
0.106685,-0.237422,0.004083
0.111260,-0.237434,0.006654
0.115824,-0.237445,0.009147
0.120374,-0.237456,0.011411
0.124917,-0.237466,0.013671
0.129451,-0.237476,0.015877
0.133974,-0.237486,0.017923
0.138491,-0.237495,0.019987
0.143002,-0.237505,0.022062
0.147506,-0.237514,0.024134
0.151994,-0.237521,0.025693
0.156477,-0.237528,0.027197
0.160955,-0.237535,0.028698
0.165425,-0.237541,0.029917
0.169882,-0.237543,0.030378
0.174337,-0.237545,0.030743
0.178789,-0.237545,0.030811
0.183240,-0.237545,0.030825
0.187690,-0.237544,0.030691
0.192140,-0.237543,0.030308
0.196591,-0.237542,0.030121
0.201043,-0.237544,0.030584
0.205493,-0.237547,0.031260
0.209940,-0.237552,0.032239
0.214386,-0.237554,0.032761
0.218832,-0.237555,0.033053
0.223277,-0.237557,0.033334
0.227723,-0.237557,0.033491
0.232177,-0.237555,0.032871
0.236632,-0.237552,0.032251
0.241091,-0.237549,0.031576
0.245561,-0.237543,0.030325
0.250040,-0.237535,0.028704
0.254525,-0.237528,0.027090
0.259017,-0.237520,0.025404
0.263527,-0.237510,0.023135
0.268044,-0.237499,0.020861
0.272572,-0.237488,0.018442
0.277088,-0.237480,0.016747
0.281609,-0.237473,0.015124
0.286135,-0.237465,0.013480
0.290661,-0.237459,0.012023
0.295182,-0.237453,0.010877
0.299694,-0.237450,0.010112
0.304205,-0.237447,0.009457
0.308722,-0.237443,0.008691
0.313248,-0.237439,0.007793
0.317777,-0.237435,0.006881
0.322319,-0.237430,0.005733
0.326899,-0.237421,0.003806
0.331523,-0.237408,0.001044
0.336156,-0.237395,-0.001725
0.340796,-0.237383,-0.004454
0.345583,-0.237357,-0.009971
0.350465,-0.237325,-0.017045
0.355603,-0.237272,-0.028559
0.054000,-0.232531,-0.060921
0.059454,-0.232641,-0.043030
0.064526,-0.232708,-0.032200
0.069407,-0.232752,-0.024910
0.074199,-0.232788,-0.019164
0.078945,-0.232819,-0.014091
0.083650,-0.232846,-0.009635
0.088296,-0.232866,-0.006333
0.092927,-0.232886,-0.003166
0.097542,-0.232904,-0.000155
0.102135,-0.232920,0.002494
0.106719,-0.232937,0.005137
0.111296,-0.232953,0.007831
0.115849,-0.232966,0.009992
0.120395,-0.232980,0.012172
0.124935,-0.232993,0.014349
0.129465,-0.233006,0.016469
0.133985,-0.233018,0.018405
0.138499,-0.233030,0.020338
0.143008,-0.233042,0.022378
0.147506,-0.233053,0.024127
0.151993,-0.233062,0.025632
0.156476,-0.233072,0.027143
0.160954,-0.233081,0.028655
0.165417,-0.233085,0.029278
0.169875,-0.233088,0.029751
0.174332,-0.233090,0.030150
0.178784,-0.233091,0.030208
0.183235,-0.233090,0.030084
0.187687,-0.233089,0.029961
0.192138,-0.233088,0.029814
0.196591,-0.233090,0.030126
0.201043,-0.233093,0.030534
0.205493,-0.233097,0.031217
0.209941,-0.233100,0.031786
0.214389,-0.233102,0.032093
0.218836,-0.233104,0.032386
0.223282,-0.233106,0.032668
0.227735,-0.233103,0.032192
0.232191,-0.233099,0.031569
0.236648,-0.233095,0.030947
0.241111,-0.233090,0.030098
0.245589,-0.233080,0.028486
0.250071,-0.233070,0.026880
0.254559,-0.233060,0.025271
0.259061,-0.233047,0.023192
0.263574,-0.233033,0.020919
0.268095,-0.233019,0.018628
0.272616,-0.233007,0.016639
0.277132,-0.232998,0.015065
0.281656,-0.232987,0.013421
0.286185,-0.232977,0.011775
0.290704,-0.232970,0.010610
0.295227,-0.232963,0.009463
0.299754,-0.232956,0.008315
0.304272,-0.232952,0.007559
0.308797,-0.232946,0.006661
0.313325,-0.232940,0.005761
0.317857,-0.232935,0.004861
0.322408,-0.232927,0.003599
0.327027,-0.232910,0.000837
0.331657,-0.232893,-0.001972
0.336298,-0.232876,-0.004817
0.341054,-0.232845,-0.009863
0.345942,-0.232799,-0.017279
0.350969,-0.232740,-0.026984
0.054733,-0.228054,-0.045993
0.059821,-0.228136,-0.035309
0.064712,-0.228191,-0.028169
0.069547,-0.228240,-0.021783
0.074304,-0.228279,-0.016731
0.079042,-0.228317,-0.011752
0.083699,-0.228343,-0.008395
0.088345,-0.228368,-0.005048
0.092979,-0.228394,-0.001750
0.097583,-0.228415,0.001004
0.102178,-0.228436,0.003777
0.106764,-0.228457,0.006544
0.111326,-0.228474,0.008796
0.115872,-0.228490,0.010769
0.120413,-0.228505,0.012819
0.124952,-0.228522,0.014995
0.129477,-0.228537,0.016952
0.133996,-0.228552,0.018887
0.138509,-0.228567,0.020812
0.143013,-0.228580,0.022609
0.147505,-0.228592,0.024091
0.151993,-0.228603,0.025607
0.156476,-0.228615,0.027121
0.160946,-0.228622,0.028079
0.165408,-0.228626,0.028588
0.169868,-0.228630,0.029096
0.174326,-0.228634,0.029556
0.178779,-0.228633,0.029469
0.183231,-0.228633,0.029411
0.187684,-0.228632,0.029354
0.192137,-0.228633,0.029453
0.196591,-0.228636,0.029910
0.201043,-0.228640,0.030417
0.205493,-0.228643,0.030810
0.209943,-0.228646,0.031118
0.214392,-0.228648,0.031425
0.218840,-0.228650,0.031720
0.223291,-0.228649,0.031582
0.227747,-0.228644,0.030892
0.232205,-0.228639,0.030269
0.236664,-0.228634,0.029645
0.241138,-0.228623,0.028193
0.245617,-0.228612,0.026669
0.250102,-0.228599,0.025061
0.254596,-0.228585,0.023248
0.259106,-0.228568,0.020956
0.263624,-0.228550,0.018613
0.268149,-0.228532,0.016307
0.272661,-0.228520,0.014792
0.277179,-0.228509,0.013275
0.281703,-0.228497,0.011716
0.286226,-0.228486,0.010345
0.290748,-0.228478,0.009197
0.295275,-0.228468,0.007971
0.299808,-0.228459,0.006731
0.304354,-0.228447,0.005227
0.308884,-0.228440,0.004293
0.313418,-0.228433,0.003358
0.317955,-0.228426,0.002422
0.322556,-0.228407,0.000009
0.327182,-0.228386,-0.002772
0.331819,-0.228364,-0.005619
0.336526,-0.228332,-0.009772
0.341411,-0.228274,-0.017372
0.346341,-0.228212,-0.025415
0.049993,-0.223456,-0.049164
0.055074,-0.223549,-0.039048
0.060008,-0.223620,-0.031388
0.064882,-0.223684,-0.024471
0.069647,-0.223729,-0.019531
0.074407,-0.223777,-0.014333
0.079093,-0.223812,-0.010509
0.083754,-0.223844,-0.007011
0.088405,-0.223877,-0.003493
0.093028,-0.223905,-0.000417
0.097635,-0.223932,0.002487
0.102228,-0.223957,0.005257
0.106802,-0.223980,0.007708
0.111353,-0.223998,0.009683
0.115897,-0.224016,0.011656
0.120435,-0.224034,0.013621
0.124964,-0.224051,0.015474
0.129488,-0.224069,0.017393
0.134006,-0.224087,0.019309
0.138518,-0.224104,0.021223
0.143014,-0.224118,0.022692
0.147505,-0.224131,0.024123
0.151992,-0.224144,0.025585
0.156472,-0.224156,0.026880
0.160937,-0.224161,0.027389
0.165401,-0.224166,0.027961
0.169863,-0.224172,0.028589
0.174320,-0.224175,0.028913
0.178775,-0.224175,0.028963
0.183228,-0.224175,0.028906
0.187682,-0.224175,0.028887
0.192136,-0.224177,0.029144
0.196590,-0.224181,0.029556
0.201043,-0.224185,0.030057
0.205494,-0.224187,0.030275
0.209945,-0.224189,0.030493
0.214395,-0.224192,0.030757
0.218845,-0.224194,0.030983
0.223301,-0.224188,0.030292
0.227759,-0.224181,0.029600
0.232219,-0.224175,0.028968
0.236687,-0.224165,0.027817
0.241166,-0.224149,0.026128
0.245648,-0.224135,0.024629
0.250135,-0.224122,0.023128
0.254639,-0.224101,0.020941
0.259153,-0.224080,0.018598
0.263675,-0.224058,0.016252
0.268191,-0.224042,0.014458
0.272707,-0.224028,0.012941
0.277229,-0.224013,0.011361
0.281756,-0.223999,0.009805
0.286276,-0.223988,0.008633
0.290803,-0.223977,0.007395
0.295334,-0.223965,0.006154
0.299874,-0.223953,0.004777
0.304426,-0.223938,0.003189
0.308979,-0.223925,0.001729
0.313516,-0.223916,0.000793
0.318097,-0.223898,-0.001152
0.322714,-0.223874,-0.003783
0.327339,-0.223850,-0.006422
0.332000,-0.223820,-0.009671
0.336872,-0.223750,-0.017273
0.341771,-0.223679,-0.024933
0.045231,-0.218846,-0.052544
0.050307,-0.218949,-0.042965
0.055303,-0.219041,-0.034393
0.060197,-0.219116,-0.027417
0.064979,-0.219170,-0.022362
0.069745,-0.219224,-0.017319
0.074490,-0.219277,-0.012392
0.079165,-0.219316,-0.008776
0.083825,-0.219354,-0.005253
0.088462,-0.219389,-0.002004
0.093077,-0.219420,0.000914
0.097682,-0.219451,0.003825
0.102274,-0.219481,0.006608
0.106830,-0.219502,0.008573
0.111379,-0.219523,0.010532
0.115922,-0.219544,0.012489
0.120456,-0.219565,0.014358
0.124980,-0.219583,0.016069
0.129498,-0.219602,0.017805
0.134016,-0.219622,0.019720
0.138520,-0.219640,0.021341
0.143016,-0.219655,0.022774
0.147507,-0.219670,0.024205
0.151993,-0.219685,0.025614
0.156465,-0.219694,0.026429
0.160932,-0.219701,0.027058
0.165397,-0.219708,0.027688
0.169859,-0.219713,0.028191
0.174314,-0.219714,0.028248
0.178770,-0.219714,0.028305
0.183225,-0.219715,0.028362
0.187680,-0.219717,0.028579
0.192135,-0.219720,0.028836
0.196590,-0.219724,0.029203
0.201043,-0.219728,0.029558
0.205495,-0.219730,0.029776
0.209947,-0.219732,0.029995
0.214398,-0.219734,0.030127
0.218853,-0.219728,0.029605
0.223311,-0.219722,0.028999
0.227771,-0.219714,0.028307
0.232234,-0.219706,0.027547
0.236712,-0.219687,0.025786
0.241195,-0.219669,0.024062
0.245680,-0.219653,0.022560
0.250177,-0.219632,0.020622
0.254686,-0.219608,0.018385
0.259202,-0.219584,0.016144
0.263721,-0.219561,0.014069
0.268238,-0.219544,0.012424
0.272760,-0.219526,0.010775
0.277287,-0.219508,0.009125
0.281808,-0.219495,0.007901
0.286331,-0.219483,0.006745
0.290859,-0.219470,0.005578
0.295393,-0.219457,0.004333
0.299942,-0.219440,0.002745
0.304498,-0.219423,0.001154
0.309058,-0.219406,-0.000438
0.313635,-0.219385,-0.002316
0.318250,-0.219357,-0.004967
0.322873,-0.219328,-0.007624
0.327505,-0.219300,-0.010287
0.332335,-0.219226,-0.017199
0.337221,-0.219143,-0.024858
0.342708,-0.218931,-0.044629
0.040373,-0.214206,-0.057499
0.045553,-0.214343,-0.046376
0.050581,-0.214451,-0.037550
0.055496,-0.214538,-0.030476
0.060318,-0.214607,-0.024873
0.065076,-0.214663,-0.020256
0.069841,-0.214726,-0.015174
0.074560,-0.214780,-0.010763
0.079235,-0.214825,-0.007096
0.083891,-0.214868,-0.003591
0.088513,-0.214903,-0.000685
0.093125,-0.214939,0.002210
0.097727,-0.214974,0.005099
0.102297,-0.215002,0.007307
0.106856,-0.215027,0.009380
0.111404,-0.215051,0.011356
0.115945,-0.215075,0.013293
0.120474,-0.215096,0.015004
0.124996,-0.215117,0.016714
0.129513,-0.215138,0.018421
0.134021,-0.215157,0.019974
0.138521,-0.215174,0.021388
0.143016,-0.215192,0.022800
0.147507,-0.215209,0.024211
0.151987,-0.215222,0.025245
0.156459,-0.215231,0.026001
0.160928,-0.215240,0.026757
0.165394,-0.215248,0.027414
0.169852,-0.215250,0.027526
0.174309,-0.215251,0.027637
0.178765,-0.215252,0.027756
0.183222,-0.215254,0.027876
0.187678,-0.215257,0.028138
0.192134,-0.215262,0.028505
0.196589,-0.215266,0.028840
0.201043,-0.215268,0.029015
0.205496,-0.215269,0.029093
0.209949,-0.215270,0.029172
0.214404,-0.215266,0.028880
0.218863,-0.215255,0.027957
0.223323,-0.215248,0.027425
0.227784,-0.215242,0.026893
0.232256,-0.215225,0.025515
0.236737,-0.215203,0.023753
0.241223,-0.215182,0.021992
0.245714,-0.215161,0.020295
0.250220,-0.215133,0.018057
0.254733,-0.215106,0.015815
0.259253,-0.215078,0.013569
0.263769,-0.215058,0.011880
0.268289,-0.215037,0.010197
0.272815,-0.215017,0.008538
0.277339,-0.215000,0.007151
0.281861,-0.214985,0.005995
0.286387,-0.214971,0.004838
0.290919,-0.214956,0.003614
0.295467,-0.214937,0.002028
0.300024,-0.214916,0.000329
0.304587,-0.214895,-0.001373
0.309157,-0.214874,-0.003114
0.313782,-0.214836,-0.006148
0.318408,-0.214802,-0.008949
0.323038,-0.214769,-0.011613
0.327815,-0.214697,-0.017506
0.332679,-0.214606,-0.024933
0.338066,-0.214381,-0.043212
0.035534,-0.209559,-0.061833
0.040813,-0.209732,-0.049309
0.045840,-0.209849,-0.040872
0.050787,-0.209951,-0.033492
0.055663,-0.210039,-0.027067
0.060431,-0.210103,-0.022481
0.065173,-0.210162,-0.018154
0.069918,-0.210228,-0.013437
0.074630,-0.210287,-0.009134
0.079302,-0.210338,-0.005472
0.083939,-0.210380,-0.002388
0.088561,-0.210421,0.000581
0.093171,-0.210461,0.003474
0.097756,-0.210495,0.005932
0.102321,-0.210524,0.008006
0.106878,-0.210552,0.010078
0.111428,-0.210581,0.012146
0.115961,-0.210604,0.013844
0.120486,-0.210627,0.015457
0.125006,-0.210649,0.017068
0.129520,-0.210671,0.018677
0.134023,-0.210690,0.020044
0.138522,-0.210709,0.021404
0.143017,-0.210728,0.022806
0.147504,-0.210745,0.024048
0.151979,-0.210756,0.024805
0.156452,-0.210766,0.025564
0.160923,-0.210777,0.026359
0.165387,-0.210784,0.026840
0.169846,-0.210786,0.027041
0.174304,-0.210788,0.027160
0.178762,-0.210790,0.027278
0.183219,-0.210791,0.027399
0.187676,-0.210795,0.027628
0.192133,-0.210800,0.027995
0.196588,-0.210800,0.027997
0.201043,-0.210801,0.028130
0.205497,-0.210803,0.028216
0.209952,-0.210804,0.028296
0.214411,-0.210790,0.027318
0.218873,-0.210776,0.026317
0.223335,-0.210769,0.025774
0.227803,-0.210756,0.024814
0.232281,-0.210733,0.023187
0.236764,-0.210711,0.021552
0.241252,-0.210688,0.019915
0.245754,-0.210658,0.017727
0.250264,-0.210627,0.015484
0.254781,-0.210596,0.013237
0.259297,-0.210570,0.011376
0.263815,-0.210547,0.009692
0.268340,-0.210523,0.007976
0.272870,-0.210500,0.006268
0.277393,-0.210483,0.005053
0.281921,-0.210466,0.003830
0.286452,-0.210449,0.002606
0.290995,-0.210429,0.001141
0.295553,-0.210404,-0.000642
0.300117,-0.210380,-0.002412
0.304684,-0.210356,-0.004116
0.309293,-0.210319,-0.006803
0.313924,-0.210277,-0.009843
0.318566,-0.210235,-0.012890
0.323298,-0.210166,-0.017876
0.328153,-0.210063,-0.025370
0.333404,-0.209844,-0.041220
0.030801,-0.204932,-0.064050
0.036055,-0.205110,-0.052407
0.041084,-0.205235,-0.044265
0.046046,-0.205348,-0.036921
0.050981,-0.205459,-0.029654
0.055795,-0.205540,-0.024377
0.060549,-0.205607,-0.020020
0.065267,-0.205667,-0.016114
0.069995,-0.205735,-0.011702
0.074700,-0.205799,-0.007508
0.079352,-0.205849,-0.004273
0.083984,-0.205895,-0.001246
0.088607,-0.205941,0.001775
0.093211,-0.205984,0.004555
0.097784,-0.206017,0.006714
0.102350,-0.206051,0.008885
0.106909,-0.206084,0.011052
0.111449,-0.206111,0.012809
0.115971,-0.206132,0.014178
0.120493,-0.206155,0.015696
0.125012,-0.206180,0.017307
0.129522,-0.206202,0.018755
0.134025,-0.206223,0.020116
0.138523,-0.206244,0.021475
0.143017,-0.206264,0.022817
0.147497,-0.206277,0.023662
0.151973,-0.206289,0.024457
0.156447,-0.206302,0.025253
0.160917,-0.206312,0.025913
0.165379,-0.206316,0.026166
0.169840,-0.206319,0.026419
0.174300,-0.206323,0.026672
0.178758,-0.206325,0.026801
0.183216,-0.206327,0.026921
0.187674,-0.206330,0.027117
0.192131,-0.206334,0.027379
0.196586,-0.206329,0.027055
0.201043,-0.206331,0.027144
0.205499,-0.206333,0.027278
0.209957,-0.206325,0.026747
0.214418,-0.206309,0.025754
0.218883,-0.206294,0.024752
0.223348,-0.206283,0.024076
0.227824,-0.206259,0.022456
0.232306,-0.206234,0.020829
0.236793,-0.206209,0.019191
0.241289,-0.206179,0.017234
0.245795,-0.206145,0.015056
0.250308,-0.206112,0.012873
0.254825,-0.206080,0.010823
0.259345,-0.206052,0.008965
0.263871,-0.206023,0.007105
0.268403,-0.205995,0.005242
0.272926,-0.205976,0.004023
0.277452,-0.205957,0.002811
0.281982,-0.205939,0.001595
0.286520,-0.205918,0.000265
0.291077,-0.205891,-0.001520
0.295639,-0.205863,-0.003307
0.300207,-0.205836,-0.005098
0.304806,-0.205798,-0.007593
0.309439,-0.205749,-0.010774
0.314082,-0.205700,-0.013963
0.318791,-0.205630,-0.018523
0.323627,-0.205518,-0.025834
0.328823,-0.205286,-0.040968
0.025994,-0.200278,-0.067390
0.031301,-0.200483,-0.055249
0.036323,-0.200613,-0.047550
0.041291,-0.200733,-0.040428
0.046244,-0.200856,-0.033143
0.051118,-0.200960,-0.026959
0.055925,-0.201048,-0.021735
0.060654,-0.201115,-0.017804
0.065360,-0.201177,-0.014091
0.070078,-0.201249,-0.009854
0.074758,-0.201311,-0.006162
0.079400,-0.201363,-0.003101
0.084032,-0.201414,-0.000047
0.088654,-0.201466,0.003000
0.093244,-0.201507,0.005445
0.097822,-0.201547,0.007792
0.102387,-0.201583,0.009960
0.106938,-0.201617,0.011947
0.111464,-0.201640,0.013317
0.115986,-0.201663,0.014687
0.120503,-0.201686,0.016054
0.125016,-0.201710,0.017462
0.129522,-0.201732,0.018787
0.134025,-0.201754,0.020110
0.138522,-0.201777,0.021432
0.143010,-0.201794,0.022467
0.147491,-0.201808,0.023314
0.151968,-0.201823,0.024146
0.156442,-0.201836,0.024942
0.160907,-0.201841,0.025239
0.165371,-0.201846,0.025510
0.169833,-0.201851,0.025826
0.174294,-0.201855,0.026069
0.178754,-0.201858,0.026223
0.183213,-0.201861,0.026444
0.187671,-0.201864,0.026606
0.192128,-0.201862,0.026473
0.196585,-0.201856,0.026148
0.201043,-0.201856,0.026157
0.205501,-0.201855,0.026066
0.209962,-0.201838,0.025086
0.214426,-0.201822,0.024124
0.218893,-0.201806,0.023160
0.223366,-0.201781,0.021717
0.227846,-0.201754,0.020093
0.232331,-0.201727,0.018466
0.236823,-0.201697,0.016690
0.241326,-0.201660,0.014511
0.245835,-0.201624,0.012402
0.250350,-0.201589,0.010333
0.254871,-0.201555,0.008306
0.259399,-0.201521,0.006277
0.263930,-0.201489,0.004371
0.268455,-0.201465,0.002986
0.272981,-0.201445,0.001774
0.277512,-0.201423,0.000497
0.282048,-0.201402,-0.000791
0.286609,-0.201368,-0.002767
0.291173,-0.201336,-0.004668
0.295744,-0.201304,-0.006571
0.300337,-0.201264,-0.008950
0.304966,-0.201211,-0.012106
0.309605,-0.201157,-0.015279
0.314289,-0.201089,-0.019341
0.319119,-0.200963,-0.026762
0.324314,-0.200700,-0.042393
0.021016,-0.195564,-0.073420
0.026524,-0.195842,-0.058322
0.031590,-0.195992,-0.050154
0.036566,-0.196121,-0.043167
0.041466,-0.196232,-0.037157
0.046376,-0.196352,-0.030610
0.051226,-0.196459,-0.024831
0.056039,-0.196558,-0.019410
0.060746,-0.196623,-0.015875
0.065453,-0.196693,-0.012072
0.070153,-0.196765,-0.008159
0.074808,-0.196824,-0.005002
0.079453,-0.196882,-0.001837
0.084083,-0.196938,0.001214
0.088684,-0.196986,0.003791
0.093273,-0.197031,0.006233
0.097853,-0.197075,0.008671
0.102423,-0.197119,0.011036
0.106954,-0.197145,0.012441
0.111478,-0.197169,0.013765
0.115997,-0.197193,0.015087
0.120512,-0.197218,0.016405
0.125018,-0.197238,0.017528
0.129521,-0.197260,0.018723
0.134023,-0.197285,0.020046
0.138518,-0.197307,0.021241
0.143002,-0.197322,0.022089
0.147484,-0.197338,0.022937
0.151962,-0.197354,0.023782
0.156434,-0.197365,0.024388
0.160900,-0.197371,0.024709
0.165365,-0.197376,0.025026
0.169828,-0.197382,0.025341
0.174288,-0.197383,0.025400
0.178748,-0.197386,0.025523
0.183209,-0.197390,0.025769
0.187668,-0.197391,0.025836
0.192125,-0.197386,0.025566
0.196584,-0.197380,0.025242
0.201043,-0.197379,0.025170
0.205503,-0.197365,0.024410
0.209967,-0.197347,0.023424
0.214433,-0.197329,0.022460
0.218904,-0.197308,0.021314
0.223382,-0.197277,0.019644
0.227867,-0.197245,0.017883
0.232356,-0.197212,0.016121
0.236855,-0.197175,0.014077
0.241361,-0.197137,0.012009
0.245873,-0.197099,0.009940
0.250392,-0.197061,0.007897
0.254916,-0.197024,0.005867
0.259449,-0.196985,0.003761
0.263983,-0.196950,0.001885
0.268514,-0.196924,0.000428
0.273045,-0.196900,-0.000860
0.277581,-0.196876,-0.002148
0.282138,-0.196842,-0.004027
0.286704,-0.196805,-0.006040
0.291277,-0.196768,-0.008047
0.295865,-0.196726,-0.010314
0.300490,-0.196668,-0.013473
0.305129,-0.196608,-0.016721
0.309804,-0.196535,-0.020685
0.314640,-0.196391,-0.028509
0.320032,-0.196002,-0.049639
0.016179,-0.190884,-0.076822
0.021729,-0.191189,-0.061505
0.026872,-0.191372,-0.052356
0.031877,-0.191517,-0.045106
0.036777,-0.191631,-0.039346
0.041641,-0.191740,-0.033902
0.046477,-0.191844,-0.028673
0.051329,-0.191961,-0.022793
0.056101,-0.192054,-0.018147
0.060838,-0.192138,-0.013947
0.065546,-0.192215,-0.010061
0.070193,-0.192271,-0.007257
0.074847,-0.192335,-0.004089
0.079501,-0.192403,-0.000662
0.084119,-0.192459,0.002135
0.088715,-0.192507,0.004582
0.093302,-0.192556,0.007023
0.097881,-0.192605,0.009460
0.102431,-0.192641,0.011269
0.106964,-0.192670,0.012747
0.111487,-0.192697,0.014070
0.116006,-0.192723,0.015393
0.120517,-0.192747,0.016574
0.125022,-0.192769,0.017698
0.129523,-0.192792,0.018820
0.134022,-0.192815,0.019981
0.138510,-0.192832,0.020861
0.142995,-0.192849,0.021705
0.147476,-0.192866,0.022548
0.151954,-0.192881,0.023291
0.156424,-0.192889,0.023727
0.160892,-0.192898,0.024162
0.165359,-0.192906,0.024541
0.169821,-0.192909,0.024711
0.174282,-0.192909,0.024730
0.178743,-0.192911,0.024823
0.183205,-0.192916,0.025068
0.187663,-0.192910,0.024780
0.192122,-0.192905,0.024521
0.196582,-0.192900,0.024278
0.201043,-0.192890,0.023737
0.205506,-0.192870,0.022750
0.209972,-0.192850,0.021763
0.214441,-0.192831,0.020795
0.218917,-0.192800,0.019265
0.223398,-0.192768,0.017617
0.227885,-0.192732,0.015854
0.232380,-0.192693,0.013900
0.236884,-0.192650,0.011744
0.241395,-0.192607,0.009580
0.245911,-0.192565,0.007474
0.250435,-0.192522,0.005311
0.254966,-0.192479,0.003144
0.259502,-0.192438,0.001073
0.264033,-0.192407,-0.000452
0.268569,-0.192377,-0.001978
0.273110,-0.192346,-0.003506
0.277663,-0.192311,-0.005271
0.282231,-0.192268,-0.007424
0.286807,-0.192225,-0.009589
0.291400,-0.192176,-0.012045
0.296028,-0.192109,-0.015376
0.300666,-0.192043,-0.018686
0.305346,-0.191960,-0.022892
0.310171,-0.191805,-0.030639
0.011230,-0.186159,-0.081834
0.017066,-0.186576,-0.062385
0.022210,-0.186768,-0.053481
0.027163,-0.186899,-0.047363
0.032129,-0.187043,-0.040667
0.036984,-0.187152,-0.035599
0.041783,-0.187245,-0.031267
0.046578,-0.187342,-0.026739
0.051383,-0.187450,-0.021725
0.056147,-0.187547,-0.017209
0.060900,-0.187645,-0.012627
0.065587,-0.187720,-0.009159
0.070233,-0.187780,-0.006357
0.074886,-0.187848,-0.003177
0.079531,-0.187918,0.000061
0.084148,-0.187978,0.002855
0.088745,-0.188032,0.005374
0.093331,-0.188084,0.007815
0.097896,-0.188128,0.009875
0.102434,-0.188161,0.011374
0.106968,-0.188193,0.012871
0.111497,-0.188225,0.014367
0.116013,-0.188252,0.015621
0.120520,-0.188275,0.016703
0.125023,-0.188297,0.017724
0.129521,-0.188319,0.018744
0.134014,-0.188338,0.019648
0.138502,-0.188356,0.020471
0.142987,-0.188374,0.021313
0.147469,-0.188392,0.022156
0.151943,-0.188402,0.022631
0.156414,-0.188412,0.023067
0.160883,-0.188421,0.023514
0.165351,-0.188430,0.023930
0.169814,-0.188432,0.024027
0.174276,-0.188433,0.024060
0.178738,-0.188434,0.024122
0.183199,-0.188434,0.024086
0.187658,-0.188426,0.023725
0.192119,-0.188420,0.023447
0.196580,-0.188415,0.023204
0.201043,-0.188394,0.022246
0.205508,-0.188371,0.021169
0.209977,-0.188348,0.020101
0.214450,-0.188320,0.018815
0.218929,-0.188286,0.017212
0.223413,-0.188251,0.015588
0.227904,-0.188212,0.013783
0.232405,-0.188166,0.011642
0.236912,-0.188120,0.009486
0.241426,-0.188073,0.007318
0.245950,-0.188023,0.004962
0.250481,-0.187972,0.002583
0.255018,-0.187924,0.000356
0.259549,-0.187889,-0.001266
0.264087,-0.187853,-0.002931
0.268630,-0.187817,-0.004627
0.273189,-0.187772,-0.006698
0.277765,-0.187718,-0.009211
0.282344,-0.187669,-0.011495
0.286934,-0.187617,-0.013945
0.291560,-0.187545,-0.017279
0.296197,-0.187473,-0.020621
0.300891,-0.187372,-0.025363
0.305719,-0.187198,-0.033445
0.006477,-0.181493,-0.083547
0.012323,-0.181932,-0.064476
0.017588,-0.182176,-0.053899
0.022569,-0.182323,-0.047481
0.027454,-0.182441,-0.042376
0.032341,-0.182566,-0.036947
0.037168,-0.182673,-0.032271
0.041951,-0.182769,-0.028135
0.046691,-0.182851,-0.024573
0.051431,-0.182938,-0.020785
0.056194,-0.183042,-0.016271
0.060917,-0.183133,-0.012286
0.065607,-0.183215,-0.008737
0.070273,-0.183290,-0.005457
0.074925,-0.183364,-0.002281
0.079550,-0.183428,0.000517
0.084166,-0.183492,0.003309
0.088773,-0.183556,0.006096
0.093356,-0.183611,0.008481
0.097899,-0.183646,0.009982
0.102439,-0.183681,0.011509
0.106974,-0.183716,0.013047
0.111502,-0.183751,0.014541
0.116009,-0.183772,0.015468
0.120514,-0.183795,0.016468
0.125017,-0.183819,0.017488
0.129514,-0.183841,0.018461
0.134006,-0.183860,0.019284
0.138494,-0.183879,0.020107
0.142979,-0.183898,0.020930
0.147458,-0.183912,0.021548
0.151932,-0.183923,0.022012
0.156405,-0.183933,0.022475
0.160875,-0.183944,0.022939
0.165341,-0.183948,0.023098
0.169805,-0.183950,0.023186
0.174269,-0.183952,0.023300
0.178732,-0.183954,0.023393
0.183192,-0.183946,0.023031
0.187653,-0.183938,0.022670
0.192115,-0.183931,0.022372
0.196578,-0.183916,0.021744
0.201043,-0.183894,0.020781
0.205510,-0.183870,0.019704
0.209982,-0.183844,0.018586
0.214459,-0.183805,0.016905
0.218942,-0.183766,0.015186
0.223429,-0.183728,0.013550
0.227925,-0.183681,0.011525
0.232429,-0.183632,0.009381
0.236940,-0.183582,0.007224
0.241458,-0.183530,0.004951
0.245986,-0.183475,0.002572
0.250522,-0.183420,0.000171
0.255063,-0.183368,-0.002099
0.259607,-0.183320,-0.004183
0.264150,-0.183281,-0.005879
0.268703,-0.183237,-0.007788
0.273277,-0.183179,-0.010303
0.277861,-0.183120,-0.012872
0.282466,-0.183050,-0.015903
0.287104,-0.182961,-0.019767
0.291746,-0.182879,-0.023335
0.296463,-0.182752,-0.028878
0.301278,-0.182569,-0.036822
-0.005287,-0.175967,-0.120111
0.001769,-0.176841,-0.084493
0.007767,-0.177355,-0.063562
0.013039,-0.177612,-0.053103
0.018077,-0.177788,-0.045935
0.023063,-0.177952,-0.039234
0.027963,-0.178089,-0.033663
0.032602,-0.178121,-0.032356
0.037349,-0.178204,-0.028994
0.042089,-0.178288,-0.025574
0.046808,-0.178367,-0.022333
0.051518,-0.178448,-0.019068
0.056226,-0.178532,-0.015619
0.060920,-0.178616,-0.012207
0.065609,-0.178702,-0.008688
0.070294,-0.178793,-0.005004
0.074941,-0.178869,-0.001901
0.079564,-0.178937,0.000859
0.084178,-0.179004,0.003615
0.088783,-0.179072,0.006364
0.093358,-0.179126,0.008557
0.097909,-0.179167,0.010258
0.102449,-0.179205,0.011796
0.106983,-0.179243,0.013334
0.111498,-0.179269,0.014419
0.116005,-0.179292,0.015345
0.120509,-0.179315,0.016271
0.125010,-0.179339,0.017252
0.129505,-0.179360,0.018096
0.133995,-0.179378,0.018838
0.138482,-0.179396,0.019570
0.142966,-0.179413,0.020272
0.147445,-0.179428,0.020860
0.151922,-0.179442,0.021436
0.156396,-0.179453,0.021899
0.160865,-0.179461,0.022214
0.165331,-0.179462,0.022266
0.169796,-0.179464,0.022345
0.174261,-0.179467,0.022459
0.178724,-0.179464,0.022323
0.183186,-0.179455,0.021972
0.187648,-0.179446,0.021614
0.192112,-0.179436,0.021218
0.196576,-0.179413,0.020258
0.201043,-0.179389,0.019296
0.205513,-0.179363,0.018238
0.209987,-0.179328,0.016794
0.214467,-0.179287,0.015125
0.218953,-0.179245,0.013403
0.223444,-0.179200,0.011590
0.227945,-0.179145,0.009352
0.232453,-0.179090,0.007117
0.236968,-0.179037,0.004940
0.241492,-0.178978,0.002542
0.246024,-0.178918,0.000115
0.250563,-0.178859,-0.002287
0.255105,-0.178808,-0.004391
0.259653,-0.178756,-0.006499
0.264211,-0.178702,-0.008706
0.268795,-0.178626,-0.011805
0.273382,-0.178558,-0.014561
0.277982,-0.178485,-0.017530
0.282622,-0.178386,-0.021566
0.287276,-0.178286,-0.025655
0.292032,-0.178114,-0.032659
0.296847,-0.177914,-0.040808
-0.010040,-0.171263,-0.120815
-0.002944,-0.172186,-0.085442
0.003323,-0.172825,-0.060963
0.008652,-0.173115,-0.049830
0.013882,-0.173379,-0.039715
0.018820,-0.173532,-0.033844
0.023736,-0.173684,-0.027999
0.028423,-0.173742,-0.025777
0.033032,-0.173769,-0.024770
0.037625,-0.173789,-0.024000
0.042209,-0.173806,-0.023337
0.046925,-0.173890,-0.020098
0.051610,-0.173965,-0.017244
0.056257,-0.174024,-0.014982
0.060924,-0.174098,-0.012129
0.065611,-0.174189,-0.008639
0.070286,-0.174280,-0.005173
0.074938,-0.174363,-0.001980
0.079569,-0.174440,0.000978
0.084183,-0.174512,0.003732
0.088774,-0.174575,0.006124
0.093346,-0.174629,0.008217
0.097911,-0.174684,0.010307
0.102458,-0.174730,0.012084
0.106984,-0.174764,0.013369
0.111494,-0.174788,0.014296
0.116000,-0.174811,0.015187
0.120502,-0.174833,0.016038
0.124998,-0.174852,0.016769
0.129489,-0.174870,0.017435
0.133980,-0.174889,0.018167
0.138468,-0.174908,0.018899
0.142951,-0.174924,0.019511
0.147431,-0.174939,0.020100
0.151910,-0.174954,0.020689
0.156386,-0.174969,0.021265
0.160854,-0.174972,0.021381
0.165320,-0.174974,0.021434
0.169787,-0.174976,0.021503
0.174253,-0.174976,0.021530
0.178716,-0.174969,0.021249
0.183179,-0.174960,0.020909
0.187643,-0.174951,0.020550
0.192108,-0.174931,0.019810
0.196574,-0.174905,0.018780
0.201043,-0.174879,0.017808
0.205515,-0.174849,0.016649
0.209993,-0.174806,0.015000
0.214475,-0.174763,0.013342
0.218963,-0.174718,0.011618
0.223459,-0.174666,0.009623
0.227963,-0.174608,0.007424
0.232474,-0.174549,0.005130
0.236996,-0.174483,0.002625
0.241526,-0.174416,0.000058
0.246062,-0.174353,-0.002373
0.250602,-0.174295,-0.004580
0.255149,-0.174237,-0.006804
0.259705,-0.174178,-0.009066
0.264284,-0.174098,-0.012125
0.268881,-0.174010,-0.015531
0.273495,-0.173915,-0.019163
0.278141,-0.173799,-0.023618
0.282799,-0.173685,-0.027991
0.287561,-0.173491,-0.035421
-0.014804,-0.166554,-0.121637
-0.008368,-0.167245,-0.096633
-0.001113,-0.168301,-0.058369
0.004654,-0.168786,-0.040810
0.009831,-0.169042,-0.031568
0.014877,-0.169253,-0.023915
0.019577,-0.169320,-0.021510
0.024205,-0.169356,-0.020181
0.028821,-0.169390,-0.018949
0.033428,-0.169422,-0.017808
0.038006,-0.169441,-0.017111
0.042530,-0.169434,-0.017360
0.047022,-0.169410,-0.018230
0.051660,-0.169464,-0.016266
0.056302,-0.169525,-0.014053
0.060957,-0.169597,-0.011446
0.065610,-0.169674,-0.008663
0.070273,-0.169763,-0.005463
0.074925,-0.169851,-0.002271
0.079567,-0.169939,0.000915
0.084181,-0.170015,0.003687
0.088761,-0.170073,0.005784
0.093334,-0.170132,0.007897
0.097901,-0.170190,0.010013
0.102457,-0.170246,0.012047
0.106975,-0.170275,0.013081
0.111483,-0.170298,0.013933
0.115989,-0.170322,0.014785
0.120490,-0.170344,0.015595
0.124984,-0.170362,0.016228
0.129475,-0.170379,0.016861
0.133964,-0.170397,0.017496
0.138452,-0.170415,0.018159
0.142935,-0.170431,0.018728
0.147416,-0.170446,0.019288
0.151896,-0.170462,0.019849
0.156370,-0.170473,0.020242
0.160841,-0.170478,0.020434
0.165310,-0.170482,0.020583
0.169778,-0.170484,0.020660
0.174243,-0.170479,0.020455
0.178707,-0.170471,0.020173
0.183173,-0.170462,0.019845
0.187638,-0.170448,0.019347
0.192104,-0.170424,0.018480
0.196572,-0.170395,0.017448
0.201043,-0.170367,0.016415
0.205518,-0.170326,0.014924
0.209998,-0.170278,0.013203
0.214484,-0.170233,0.011550
0.218975,-0.170181,0.009698
0.223474,-0.170125,0.007653
0.227981,-0.170065,0.005493
0.232496,-0.170000,0.003131
0.237022,-0.169927,0.000501
0.241556,-0.169856,-0.002097
0.246102,-0.169777,-0.004942
0.250646,-0.169715,-0.007194
0.255198,-0.169652,-0.009457
0.259766,-0.169578,-0.012145
0.264361,-0.169480,-0.015688
0.268972,-0.169375,-0.019494
0.273626,-0.169237,-0.024507
0.278300,-0.169093,-0.029721
0.283129,-0.168811,-0.039926
-0.019615,-0.161824,-0.123061
-0.013485,-0.162410,-0.102973
-0.005372,-0.163858,-0.053300
0.000417,-0.164370,-0.035727
0.005425,-0.164562,-0.029150
0.010415,-0.164756,-0.022516
0.015199,-0.164864,-0.018804
0.019897,-0.164937,-0.016301
0.024577,-0.165005,-0.013967
0.029210,-0.165054,-0.012294
0.033757,-0.165062,-0.012015
0.038278,-0.165056,-0.012196
0.042782,-0.165042,-0.012676
0.047269,-0.165018,-0.013503
0.051747,-0.164988,-0.014549
0.056349,-0.165030,-0.013109
0.060995,-0.165102,-0.010629
0.065597,-0.165151,-0.008940
0.070243,-0.165233,-0.006140
0.074897,-0.165327,-0.002929
0.079540,-0.165420,0.000273
0.084161,-0.165504,0.003173
0.088756,-0.165576,0.005642
0.093329,-0.165638,0.007761
0.097896,-0.165700,0.009877
0.102431,-0.165740,0.011266
0.106953,-0.165773,0.012390
0.111470,-0.165806,0.013514
0.115977,-0.165831,0.014382
0.120475,-0.165851,0.015054
0.124969,-0.165869,0.015662
0.129458,-0.165884,0.016183
0.133946,-0.165899,0.016710
0.138433,-0.165916,0.017299
0.142918,-0.165933,0.017871
0.147401,-0.165949,0.018432
0.151880,-0.165964,0.018928
0.156355,-0.165972,0.019216
0.160827,-0.165978,0.019429
0.165298,-0.165983,0.019579
0.169767,-0.165986,0.019687
0.174233,-0.165977,0.019381
0.178699,-0.165969,0.019097
0.183166,-0.165959,0.018780
0.187632,-0.165936,0.017987
0.192099,-0.165911,0.017124
0.196570,-0.165882,0.016115
0.201043,-0.165848,0.014961
0.205520,-0.165805,0.013475
0.210003,-0.165753,0.011685
0.214491,-0.165700,0.009891
0.218987,-0.165637,0.007728
0.223489,-0.165578,0.005680
0.227998,-0.165516,0.003559
0.232519,-0.165441,0.001011
0.237048,-0.165365,-0.001628
0.241585,-0.165289,-0.004230
0.246142,-0.165191,-0.007582
0.250692,-0.165123,-0.009910
0.255249,-0.165056,-0.012202
0.259846,-0.164941,-0.016151
0.264452,-0.164830,-0.019959
0.269091,-0.164693,-0.024655
0.273784,-0.164510,-0.030924
0.278596,-0.164215,-0.041053
-0.024361,-0.157119,-0.123520
-0.018392,-0.157653,-0.106128
-0.009827,-0.159338,-0.051218
-0.004155,-0.159815,-0.035697
0.000918,-0.160041,-0.028323
0.005872,-0.160223,-0.022379
0.010715,-0.160362,-0.017867
0.015441,-0.160451,-0.014961
0.020140,-0.160531,-0.012357
0.024816,-0.160604,-0.009971
0.029403,-0.160635,-0.008973
0.033977,-0.160660,-0.008154
0.038491,-0.160654,-0.008335
0.043006,-0.160649,-0.008501
0.047513,-0.160639,-0.008831
0.051987,-0.160609,-0.009810
0.056443,-0.160567,-0.011184
0.060997,-0.160585,-0.010603
0.065599,-0.160636,-0.008913
0.070228,-0.160711,-0.006470
0.074866,-0.160798,-0.003647
0.079504,-0.160891,-0.000609
0.084124,-0.160979,0.002251
0.088735,-0.161067,0.005106
0.093324,-0.161144,0.007624
0.097877,-0.161197,0.009359
0.102404,-0.161232,0.010485
0.106928,-0.161267,0.011615
0.111448,-0.161302,0.012781
0.115956,-0.161329,0.013666
0.120451,-0.161346,0.014200
0.124944,-0.161362,0.014721
0.129435,-0.161378,0.015241
0.133926,-0.161395,0.015813
0.138414,-0.161413,0.016402
0.142901,-0.161431,0.016990
0.147385,-0.161449,0.017575
0.151863,-0.161459,0.017900
0.156339,-0.161468,0.018188
0.160813,-0.161475,0.018424
0.165285,-0.161480,0.018571
0.169756,-0.161482,0.018620
0.174223,-0.161474,0.018372
0.178691,-0.161464,0.018055
0.183158,-0.161447,0.017503
0.187625,-0.161420,0.016626
0.192095,-0.161394,0.015762
0.196567,-0.161364,0.014782
0.201043,-0.161322,0.013430
0.205522,-0.161279,0.012026
0.210007,-0.161224,0.010233
0.214499,-0.161163,0.008228
0.218998,-0.161095,0.006039
0.223503,-0.161029,0.003869
0.228017,-0.160956,0.001499
0.232542,-0.160876,-0.001110
0.237074,-0.160795,-0.003756
0.241619,-0.160705,-0.006695
0.246183,-0.160596,-0.010226
0.250738,-0.160522,-0.012635
0.255320,-0.160417,-0.016058
0.259924,-0.160294,-0.020069
0.264564,-0.160138,-0.025150
0.269263,-0.159924,-0.032131
0.274075,-0.159596,-0.042819
-0.029109,-0.152412,-0.123980
-0.023311,-0.152886,-0.109281
-0.014490,-0.154729,-0.052097
-0.008974,-0.155146,-0.039158
-0.003793,-0.155426,-0.030458
0.001153,-0.155607,-0.024838
0.006076,-0.155786,-0.019285
0.010855,-0.155902,-0.015692
0.015595,-0.156004,-0.012525
0.020316,-0.156102,-0.009484
0.024963,-0.156166,-0.007515
0.029548,-0.156198,-0.006497
0.034119,-0.156226,-0.005645
0.038687,-0.156253,-0.004796
0.043213,-0.156258,-0.004660
0.047722,-0.156252,-0.004818
0.052168,-0.156207,-0.006232
0.056584,-0.156139,-0.008326
0.061038,-0.156094,-0.009735
0.065600,-0.156121,-0.008887
0.070219,-0.156192,-0.006679
0.074850,-0.156278,-0.004020
0.079467,-0.156359,-0.001498
0.084089,-0.156451,0.001362
0.088701,-0.156543,0.004215
0.093303,-0.156635,0.007045
0.097853,-0.156687,0.008680
0.102383,-0.156725,0.009849
0.106908,-0.156763,0.011016
0.111428,-0.156799,0.012131
0.115927,-0.156816,0.012682
0.120425,-0.156834,0.013232
0.124920,-0.156852,0.013778
0.129413,-0.156869,0.014325
0.133905,-0.156888,0.014908
0.138394,-0.156906,0.015467
0.142881,-0.156924,0.016025
0.147366,-0.156940,0.016534
0.151845,-0.156951,0.016867
0.156323,-0.156961,0.017160
0.160799,-0.156969,0.017419
0.165272,-0.156972,0.017504
0.169744,-0.156973,0.017553
0.174214,-0.156967,0.017362
0.178683,-0.156957,0.017037
0.183152,-0.156938,0.016459
0.187620,-0.156906,0.015459
0.192091,-0.156874,0.014458
0.196565,-0.156836,0.013277
0.201043,-0.156791,0.011898
0.205525,-0.156747,0.010518
0.210012,-0.156690,0.008767
0.214507,-0.156619,0.006549
0.219008,-0.156548,0.004348
0.223516,-0.156478,0.002177
0.228039,-0.156382,-0.000806
0.232566,-0.156299,-0.003368
0.237101,-0.156216,-0.005935
0.241656,-0.156107,-0.009339
0.246223,-0.155993,-0.012875
0.250793,-0.155895,-0.015913
0.255390,-0.155767,-0.019881
0.260001,-0.155637,-0.023912
0.264689,-0.155410,-0.030965
0.269480,-0.155069,-0.041539
-0.034175,-0.147565,-0.128544
-0.028222,-0.148117,-0.112201
-0.022452,-0.148608,-0.097647
-0.013930,-0.150408,-0.044342
-0.008743,-0.150694,-0.035879
-0.003575,-0.150983,-0.027308
0.001333,-0.151156,-0.022173
0.006205,-0.151320,-0.017333
0.010969,-0.151435,-0.013919
0.015721,-0.151550,-0.010514
0.020420,-0.151641,-0.007802
0.025045,-0.151697,-0.006158
0.029662,-0.151752,-0.004535
0.034260,-0.151798,-0.003174
0.038823,-0.151826,-0.002326
0.043362,-0.151841,-0.001886
0.047833,-0.151814,-0.002697
0.052281,-0.151770,-0.003993
0.056724,-0.151720,-0.005473
0.061149,-0.151655,-0.007397
0.065641,-0.151635,-0.007987
0.070210,-0.151672,-0.006889
0.074832,-0.151755,-0.004437
0.079445,-0.151836,-0.002028
0.084054,-0.151922,0.000509
0.088668,-0.152018,0.003364
0.093249,-0.152094,0.005596
0.097810,-0.152156,0.007439
0.102363,-0.152217,0.009250
0.106889,-0.152257,0.010418
0.111398,-0.152281,0.011146
0.115899,-0.152300,0.011697
0.120397,-0.152318,0.012237
0.124894,-0.152336,0.012774
0.129389,-0.152355,0.013335
0.133881,-0.152374,0.013895
0.138372,-0.152393,0.014455
0.142861,-0.152411,0.015001
0.147346,-0.152427,0.015461
0.151828,-0.152439,0.015823
0.156307,-0.152449,0.016121
0.160785,-0.152459,0.016418
0.165259,-0.152460,0.016435
0.169733,-0.152461,0.016485
0.174205,-0.152457,0.016352
0.178675,-0.152442,0.015899
0.183145,-0.152424,0.015368
0.187615,-0.152391,0.014413
0.192088,-0.152357,0.013396
0.196563,-0.152311,0.012044
0.201043,-0.152260,0.010514
0.205527,-0.152208,0.008983
0.210017,-0.152144,0.007090
0.214514,-0.152069,0.004869
0.219018,-0.151994,0.002655
0.223532,-0.151910,0.000152
0.228059,-0.151802,-0.003053
0.232591,-0.151713,-0.005682
0.237133,-0.151618,-0.008508
0.241692,-0.151502,-0.011945
0.246264,-0.151381,-0.015509
0.250857,-0.151240,-0.019678
0.255459,-0.151107,-0.023620
0.260124,-0.150890,-0.030072
0.264867,-0.150579,-0.039262
-0.039215,-0.142722,-0.132576
-0.033211,-0.143307,-0.116005
-0.027478,-0.143790,-0.102327
-0.021746,-0.144293,-0.088065
-0.013738,-0.145930,-0.041686
-0.008507,-0.146253,-0.032546
-0.003469,-0.146492,-0.025779
0.001430,-0.146670,-0.020738
0.006278,-0.146829,-0.016232
0.011056,-0.146958,-0.012577
0.015812,-0.147081,-0.009076
0.020474,-0.147158,-0.006908
0.025120,-0.147229,-0.004895
0.029742,-0.147290,-0.003167
0.034351,-0.147346,-0.001561
0.038925,-0.147384,-0.000487
0.043426,-0.147377,-0.000697
0.047926,-0.147369,-0.000914
0.052393,-0.147338,-0.001789
0.056837,-0.147290,-0.003167
0.061277,-0.147235,-0.004714
0.065749,-0.147202,-0.005651
0.070229,-0.147174,-0.006443
0.074801,-0.147219,-0.005164
0.079420,-0.147309,-0.002619
0.084031,-0.147399,-0.000078
0.088627,-0.147483,0.002297
0.093197,-0.147549,0.004167
0.097761,-0.147616,0.006066
0.102319,-0.147683,0.007962
0.106860,-0.147737,0.009505
0.111367,-0.147759,0.010131
0.115869,-0.147778,0.010669
0.120369,-0.147797,0.011206
0.124867,-0.147817,0.011759
0.129364,-0.147836,0.012320
0.133858,-0.147856,0.012881
0.138351,-0.147876,0.013442
0.142839,-0.147893,0.013926
0.147326,-0.147909,0.014386
0.151810,-0.147923,0.014780
0.156291,-0.147934,0.015076
0.160772,-0.147947,0.015465
0.165247,-0.147948,0.015480
0.169722,-0.147947,0.015447
0.174195,-0.147941,0.015291
0.178666,-0.147922,0.014759
0.183138,-0.147904,0.014228
0.187610,-0.147873,0.013367
0.192084,-0.147832,0.012195
0.196562,-0.147786,0.010896
0.201043,-0.147732,0.009365
0.205529,-0.147675,0.007734
0.210022,-0.147590,0.005343
0.214522,-0.147513,0.003165
0.219029,-0.147435,0.000960
0.223549,-0.147328,-0.002084
0.228080,-0.147215,-0.005294
0.232616,-0.147118,-0.008020
0.237165,-0.147009,-0.011134
0.241728,-0.146888,-0.014547
0.246316,-0.146734,-0.018916
0.250917,-0.146582,-0.023211
0.255552,-0.146389,-0.028688
0.260262,-0.146095,-0.037016
-0.044083,-0.137951,-0.134297
-0.038286,-0.138451,-0.120725
-0.032550,-0.138942,-0.107399
-0.026779,-0.139471,-0.093037
-0.019022,-0.141014,-0.051136
-0.013535,-0.141466,-0.038872
-0.008471,-0.141718,-0.032029
-0.003401,-0.141985,-0.024788
0.001482,-0.142162,-0.019972
0.006327,-0.142327,-0.015495
0.011102,-0.142461,-0.011859
0.015842,-0.142581,-0.008593
0.020518,-0.142670,-0.006195
0.025167,-0.142746,-0.004121
0.029804,-0.142820,-0.002112
0.034400,-0.142872,-0.000708
0.038953,-0.142899,0.000026
0.043488,-0.142915,0.000456
0.047988,-0.142908,0.000268
0.052487,-0.142900,0.000057
0.056950,-0.142866,-0.000868
0.061393,-0.142814,-0.002272
0.065850,-0.142770,-0.003466
0.070322,-0.142737,-0.004367
0.074796,-0.142704,-0.005269
0.079369,-0.142755,-0.003862
0.083982,-0.142849,-0.001320
0.088580,-0.142937,0.001077
0.093165,-0.143020,0.003309
0.097731,-0.143090,0.005209
0.102290,-0.143159,0.007106
0.106812,-0.143193,0.008014
0.111327,-0.143224,0.008855
0.115839,-0.143253,0.009636
0.120340,-0.143273,0.010181
0.124841,-0.143293,0.010743
0.129336,-0.143311,0.011211
0.133830,-0.143328,0.011677
0.138326,-0.143350,0.012286
0.142818,-0.143371,0.012852
0.147306,-0.143388,0.013310
0.151792,-0.143404,0.013734
0.156276,-0.143416,0.014085
0.160759,-0.143431,0.014485
0.165236,-0.143435,0.014574
0.169712,-0.143433,0.014541
0.174186,-0.143423,0.014259
0.178657,-0.143401,0.013660
0.183131,-0.143380,0.013088
0.187605,-0.143350,0.012271
0.192081,-0.143303,0.010993
0.196560,-0.143256,0.009715
0.201043,-0.143200,0.008214
0.205532,-0.143119,0.006014
0.210028,-0.143028,0.003548
0.214530,-0.142948,0.001367
0.219042,-0.142853,-0.001204
0.223566,-0.142737,-0.004370
0.228101,-0.142620,-0.007541
0.232644,-0.142506,-0.010646
0.237197,-0.142391,-0.013765
0.241764,-0.142265,-0.017176
0.246370,-0.142070,-0.022469
0.250976,-0.141913,-0.026742
0.255667,-0.141612,-0.034897
0.260518,-0.141062,-0.049848
-0.043319,-0.133607,-0.124747
-0.037541,-0.134126,-0.111232
-0.031646,-0.134724,-0.095629
-0.025870,-0.135287,-0.080962
-0.019058,-0.136412,-0.051630
-0.013525,-0.136907,-0.038731
-0.008428,-0.137187,-0.031432
-0.003406,-0.137440,-0.024859
0.001505,-0.137640,-0.019629
0.006349,-0.137812,-0.015154
0.011124,-0.137951,-0.011528
0.015848,-0.138067,-0.008510
0.020535,-0.138166,-0.005916
0.025199,-0.138256,-0.003577
0.029824,-0.138326,-0.001767
0.034409,-0.138373,-0.000539
0.038979,-0.138412,0.000479
0.043523,-0.138436,0.001118
0.048047,-0.138447,0.001399
0.052545,-0.138440,0.001210
0.057043,-0.138433,0.001022
0.061488,-0.138382,-0.000285
0.065876,-0.138282,-0.002896
0.070348,-0.138248,-0.003789
0.074856,-0.138244,-0.003881
0.079359,-0.138236,-0.004097
0.083929,-0.138292,-0.002632
0.088529,-0.138383,-0.000269
0.093120,-0.138474,0.002091
0.097701,-0.138560,0.004350
0.102242,-0.138611,0.005680
0.106764,-0.138644,0.006528
0.111286,-0.138681,0.007505
0.115805,-0.138719,0.008481
0.120306,-0.138736,0.008931
0.124805,-0.138753,0.009372
0.129303,-0.138771,0.009839
0.133799,-0.138789,0.010317
0.138301,-0.138821,0.011147
0.142797,-0.138845,0.011780
0.147287,-0.138863,0.012237
0.151775,-0.138881,0.012696
0.156261,-0.138896,0.013105
0.160745,-0.138912,0.013504
0.165225,-0.138918,0.013668
0.169701,-0.138912,0.013528
0.174176,-0.138902,0.013263
0.178650,-0.138880,0.012671
0.183125,-0.138857,0.012072
0.187599,-0.138814,0.010967
0.192077,-0.138769,0.009790
0.196558,-0.138720,0.008510
0.201043,-0.138658,0.006896
0.205534,-0.138558,0.004293
0.210033,-0.138461,0.001751
0.214539,-0.138377,-0.000433
0.219057,-0.138257,-0.003554
0.223585,-0.138135,-0.006726
0.228123,-0.138009,-0.010012
0.232674,-0.137879,-0.013402
0.237230,-0.137762,-0.016447
0.241813,-0.137598,-0.020725
0.246425,-0.137395,-0.026031
0.251078,-0.137136,-0.032782
0.255827,-0.136720,-0.043602
-0.048073,-0.128894,-0.125158
-0.042380,-0.129380,-0.112989
-0.036438,-0.130011,-0.097159
-0.030729,-0.130548,-0.083703
-0.024926,-0.131158,-0.068427
-0.019094,-0.131809,-0.052124
-0.013644,-0.132277,-0.040384
-0.008439,-0.132628,-0.031588
-0.003432,-0.132881,-0.025244
0.001511,-0.133109,-0.019549
0.006355,-0.133287,-0.015067
0.011133,-0.133434,-0.011383
0.015846,-0.133548,-0.008538
0.020537,-0.133653,-0.005892
0.025200,-0.133746,-0.003563
0.029821,-0.133816,-0.001815
0.034410,-0.133868,-0.000521
0.038989,-0.133915,0.000672
0.043553,-0.133955,0.001666
0.048082,-0.133971,0.002069
0.052602,-0.133982,0.002340
0.057088,-0.133966,0.001944
0.061536,-0.133918,0.000727
0.065938,-0.133827,-0.001547
0.070331,-0.133723,-0.004159
0.074835,-0.133714,-0.004363
0.079344,-0.133711,-0.004455
0.083895,-0.133750,-0.003478
0.088483,-0.133830,-0.001458
0.093076,-0.133924,0.000891
0.097658,-0.134014,0.003142
0.102207,-0.134074,0.004641
0.106734,-0.134113,0.005618
0.111258,-0.134152,0.006596
0.115770,-0.134179,0.007269
0.120271,-0.134195,0.007668
0.124771,-0.134210,0.008066
0.129269,-0.134226,0.008466
0.133773,-0.134255,0.009176
0.138277,-0.134288,0.010007
0.142775,-0.134316,0.010707
0.147267,-0.134334,0.011164
0.151757,-0.134353,0.011642
0.156245,-0.134371,0.012085
0.160732,-0.134388,0.012521
0.165214,-0.134397,0.012742
0.169690,-0.134386,0.012477
0.174167,-0.134376,0.012212
0.178642,-0.134355,0.011680
0.183117,-0.134321,0.010835
0.187593,-0.134268,0.009505
0.192072,-0.134221,0.008336
0.196556,-0.134175,0.007166
0.201043,-0.134093,0.005121
0.205537,-0.133991,0.002569
0.210039,-0.133887,-0.000042
0.214549,-0.133780,-0.002726
0.219071,-0.133653,-0.005908
0.223603,-0.133526,-0.009087
0.228149,-0.133378,-0.012784
0.232704,-0.133241,-0.016241
0.237269,-0.133105,-0.019628
0.241869,-0.132899,-0.024807
0.246494,-0.132670,-0.030528
0.251183,-0.132333,-0.038990
-0.052730,-0.124229,-0.124383
-0.047115,-0.124683,-0.113407
-0.041168,-0.125329,-0.097830
-0.035692,-0.125751,-0.087638
-0.030177,-0.126212,-0.076516
-0.024416,-0.126828,-0.061659
-0.019131,-0.127203,-0.052619
-0.013764,-0.127641,-0.042041
-0.008566,-0.128000,-0.033374
-0.003459,-0.128321,-0.025626
0.001521,-0.128579,-0.019400
0.006380,-0.128775,-0.014683
0.011129,-0.128909,-0.011447
0.015839,-0.129025,-0.008643
0.020522,-0.129129,-0.006140
0.025167,-0.129213,-0.004107
0.029808,-0.129299,-0.002036
0.034410,-0.129361,-0.000532
0.038992,-0.129413,0.000722
0.043564,-0.129461,0.001877
0.048116,-0.129496,0.002720
0.052616,-0.129491,0.002612
0.057095,-0.129470,0.002088
0.061543,-0.129420,0.000881
0.065980,-0.129357,-0.000630
0.070386,-0.129262,-0.002925
0.074815,-0.129182,-0.004846
0.079351,-0.129205,-0.004297
0.083902,-0.129246,-0.003311
0.088450,-0.129287,-0.002324
0.093035,-0.129373,-0.000235
0.097602,-0.129448,0.001553
0.102154,-0.129510,0.003056
0.106700,-0.129572,0.004558
0.111228,-0.129615,0.005604
0.115733,-0.129632,0.006002
0.120236,-0.129648,0.006391
0.124737,-0.129664,0.006780
0.129240,-0.129685,0.007291
0.133747,-0.129718,0.008067
0.138252,-0.129751,0.008866
0.142754,-0.129782,0.009633
0.147247,-0.129802,0.010102
0.151739,-0.129822,0.010586
0.156229,-0.129840,0.011035
0.160717,-0.129859,0.011473
0.165198,-0.129859,0.011483
0.169679,-0.129857,0.011426
0.174157,-0.129846,0.011159
0.178635,-0.129826,0.010688
0.183109,-0.129773,0.009410
0.187586,-0.129717,0.008065
0.192068,-0.129668,0.006870
0.196553,-0.129608,0.005421
0.201043,-0.129507,0.002985
0.205540,-0.129405,0.000532
0.210045,-0.129302,-0.001949
0.214560,-0.129172,-0.005088
0.219085,-0.129041,-0.008265
0.223622,-0.128901,-0.011632
0.228174,-0.128738,-0.015561
0.232735,-0.128592,-0.019086
0.237320,-0.128398,-0.023775
0.241927,-0.128183,-0.028964
0.246587,-0.127868,-0.036560
0.251377,-0.127290,-0.050499
-0.051601,-0.120116,-0.110778
-0.045867,-0.120662,-0.098088
-0.040652,-0.120950,-0.091377
-0.035177,-0.121393,-0.081072
-0.029858,-0.121767,-0.072365
-0.024453,-0.122206,-0.062157
-0.019167,-0.122595,-0.053113
-0.013884,-0.122999,-0.043699
-0.008699,-0.123362,-0.035262
-0.003572,-0.123706,-0.027262
0.001518,-0.124042,-0.019442
0.006392,-0.124254,-0.014507
0.011126,-0.124384,-0.011485
0.015819,-0.124492,-0.008963
0.020485,-0.124588,-0.006733
0.025135,-0.124677,-0.004652
0.029776,-0.124766,-0.002582
0.034408,-0.124853,-0.000561
0.038981,-0.124899,0.000516
0.043541,-0.124939,0.001443
0.048090,-0.124973,0.002230
0.052592,-0.124969,0.002139
0.057085,-0.124958,0.001875
0.061549,-0.124920,0.000996
0.066001,-0.124869,-0.000184
0.070424,-0.124788,-0.002069
0.074838,-0.124692,-0.004310
0.079324,-0.124665,-0.004948
0.083881,-0.124713,-0.003826
0.088435,-0.124761,-0.002706
0.092989,-0.124814,-0.001464
0.097551,-0.124882,0.000112
0.102107,-0.124949,0.001667
0.106657,-0.125016,0.003220
0.111181,-0.125053,0.004099
0.115695,-0.125079,0.004695
0.120200,-0.125096,0.005084
0.124703,-0.125112,0.005474
0.129214,-0.125145,0.006236
0.133723,-0.125179,0.007015
0.138229,-0.125212,0.007789
0.142732,-0.125244,0.008524
0.147228,-0.125266,0.009045
0.151721,-0.125287,0.009529
0.156213,-0.125306,0.009986
0.160699,-0.125315,0.010193
0.165180,-0.125307,0.009993
0.169663,-0.125305,0.009962
0.174146,-0.125304,0.009938
0.178624,-0.125278,0.009329
0.183100,-0.125220,0.007984
0.187579,-0.125162,0.006637
0.192063,-0.125109,0.005403
0.196550,-0.125018,0.003281
0.201043,-0.124914,0.000846
0.205543,-0.124808,-0.001612
0.210052,-0.124684,-0.004497
0.214572,-0.124548,-0.007668
0.219101,-0.124414,-0.010788
0.223644,-0.124255,-0.014484
0.228200,-0.124088,-0.018362
0.232773,-0.123903,-0.022679
0.237371,-0.123677,-0.027935
0.242001,-0.123402,-0.034323
0.246687,-0.123025,-0.043097
-0.055840,-0.115682,-0.105324
-0.050569,-0.115993,-0.098347
-0.045341,-0.116292,-0.091627
-0.040209,-0.116550,-0.085830
-0.034912,-0.116912,-0.077688
-0.029626,-0.117284,-0.069346
-0.024631,-0.117499,-0.064516
-0.019373,-0.117882,-0.055904
-0.014106,-0.118289,-0.046771
-0.008884,-0.118685,-0.037876
-0.003712,-0.119067,-0.029295
0.001480,-0.119480,-0.020002
0.006346,-0.119694,-0.015201
0.011096,-0.119839,-0.011954
0.015782,-0.119945,-0.009553
0.020441,-0.120039,-0.007446
0.025081,-0.120124,-0.005543
0.029715,-0.120209,-0.003632
0.034341,-0.120293,-0.001741
0.038923,-0.120347,-0.000526
0.043490,-0.120393,0.000506
0.048044,-0.120431,0.001345
0.052564,-0.120441,0.001579
0.057062,-0.120433,0.001401
0.061551,-0.120417,0.001036
0.066005,-0.120366,-0.000097
0.070461,-0.120315,-0.001248
0.074884,-0.120227,-0.003231
0.079320,-0.120146,-0.005042
0.083817,-0.120128,-0.005453
0.088373,-0.120178,-0.004332
0.092941,-0.120247,-0.002775
0.097508,-0.120321,-0.001107
0.102067,-0.120392,0.000482
0.106609,-0.120448,0.001736
0.111129,-0.120477,0.002378
0.115646,-0.120505,0.003020
0.120160,-0.120534,0.003662
0.124675,-0.120566,0.004399
0.129188,-0.120601,0.005180
0.133699,-0.120636,0.005961
0.138207,-0.120671,0.006736
0.142703,-0.120686,0.007091
0.147204,-0.120715,0.007741
0.151704,-0.120748,0.008470
0.156197,-0.120768,0.008932
0.160679,-0.120759,0.008732
0.165162,-0.120750,0.008530
0.169647,-0.120747,0.008462
0.174131,-0.120740,0.008301
0.178607,-0.120689,0.007152
0.183089,-0.120645,0.006155
0.187573,-0.120600,0.005157
0.192058,-0.120530,0.003572
0.196547,-0.120421,0.001138
0.201043,-0.120313,-0.001301
0.205547,-0.120203,-0.003771
0.210060,-0.120057,-0.007048
0.214584,-0.119914,-0.010254
0.219118,-0.119766,-0.013582
0.223667,-0.119594,-0.017458
0.228232,-0.119398,-0.021839
0.232820,-0.119169,-0.027004
0.237422,-0.118942,-0.032105
0.242082,-0.118579,-0.040244
0.246858,-0.117954,-0.054283
-0.060503,-0.111029,-0.104975
-0.055272,-0.111322,-0.098607
-0.050081,-0.111605,-0.092473
-0.045080,-0.111791,-0.088421
-0.040002,-0.112030,-0.083242
-0.034733,-0.112391,-0.075408
-0.029675,-0.112640,-0.069990
-0.024704,-0.112848,-0.065489
-0.019595,-0.113151,-0.058903
-0.014367,-0.113543,-0.050395
-0.009135,-0.113956,-0.041427
-0.003919,-0.114377,-0.032284
0.001350,-0.114854,-0.021924
0.006286,-0.115121,-0.016117
0.011017,-0.115256,-0.013185
0.015718,-0.115377,-0.010562
0.020369,-0.115466,-0.008626
0.025010,-0.115554,-0.006728
0.029647,-0.115642,-0.004808
0.034271,-0.115727,-0.002964
0.038865,-0.115791,-0.001572
0.043435,-0.115839,-0.000529
0.047996,-0.115883,0.000417
0.052524,-0.115900,0.000798
0.057034,-0.115902,0.000828
0.061533,-0.115894,0.000663
0.066007,-0.115861,-0.000056
0.070455,-0.115800,-0.001369
0.074880,-0.115710,-0.003335
0.079340,-0.115654,-0.004558
0.083803,-0.115597,-0.005781
0.088318,-0.115598,-0.005759
0.092893,-0.115675,-0.004087
0.097462,-0.115752,-0.002424
0.102025,-0.115828,-0.000763
0.106557,-0.115870,0.000132
0.111081,-0.115902,0.000842
0.115603,-0.115935,0.001553
0.120122,-0.115967,0.002256
0.124640,-0.116004,0.003062
0.129162,-0.116053,0.004121
0.133675,-0.116089,0.004905
0.138179,-0.116115,0.005453
0.142675,-0.116124,0.005656
0.147175,-0.116148,0.006183
0.151678,-0.116184,0.006965
0.156169,-0.116191,0.007109
0.160659,-0.116198,0.007268
0.165144,-0.116189,0.007066
0.169631,-0.116184,0.006960
0.174110,-0.116144,0.006086
0.178590,-0.116090,0.004917
0.183075,-0.116042,0.003883
0.187562,-0.115996,0.002884
0.192050,-0.115913,0.001072
0.196543,-0.115808,-0.001200
0.201043,-0.115703,-0.003476
0.205550,-0.115572,-0.006322
0.210068,-0.115421,-0.009605
0.214596,-0.115272,-0.012844
0.219137,-0.115098,-0.016617
0.223696,-0.114886,-0.021231
0.228272,-0.114659,-0.026153
0.232864,-0.114429,-0.031150
0.237492,-0.114122,-0.037816
0.242187,-0.113661,-0.047825
-0.059941,-0.106671,-0.098443
-0.054962,-0.106837,-0.094941
-0.049949,-0.107031,-0.090881
-0.044911,-0.107246,-0.086357
-0.039795,-0.107517,-0.080657
-0.034717,-0.107777,-0.075203
-0.029731,-0.107990,-0.070718
-0.024761,-0.108203,-0.066249
-0.019745,-0.108455,-0.060949
-0.014579,-0.108818,-0.053319
-0.009374,-0.109223,-0.044810
-0.004209,-0.109620,-0.036473
0.000997,-0.110064,-0.027146
0.006101,-0.110455,-0.018917
0.010900,-0.110642,-0.015000
0.015607,-0.110769,-0.012328
0.020262,-0.110862,-0.010365
0.024913,-0.110958,-0.008354
0.029559,-0.111056,-0.006300
0.034191,-0.111148,-0.004373
0.038796,-0.111222,-0.002814
0.043379,-0.111281,-0.001567
0.047945,-0.111329,-0.000556
0.052482,-0.111354,-0.000027
0.057002,-0.111365,0.000190
0.061505,-0.111359,0.000077
0.066006,-0.111352,-0.000076
0.070419,-0.111252,-0.002177
0.074821,-0.111133,-0.004685
0.079280,-0.111070,-0.005997
0.083746,-0.111012,-0.007221
0.088283,-0.111038,-0.006673
0.092841,-0.111095,-0.005479
0.097412,-0.111174,-0.003815
0.101966,-0.111236,-0.002506
0.106504,-0.111283,-0.001530
0.111039,-0.111329,-0.000553
0.115563,-0.111364,0.000172
0.120083,-0.111397,0.000859
0.124601,-0.111430,0.001570
0.129126,-0.111481,0.002631
0.133645,-0.111528,0.003619
0.138148,-0.111547,0.004016
0.142646,-0.111556,0.004218
0.147146,-0.111576,0.004624
0.151645,-0.111594,0.005012
0.156132,-0.111580,0.004705
0.160626,-0.111589,0.004893
0.165121,-0.111603,0.005205
0.169610,-0.111595,0.005036
0.174090,-0.111540,0.003867
0.178573,-0.111484,0.002696
0.183061,-0.111432,0.001607
0.187550,-0.111366,0.000215
0.192042,-0.111276,-0.001669
0.196539,-0.111171,-0.003877
0.201043,-0.111060,-0.006204
0.205555,-0.110912,-0.009320
0.210077,-0.110764,-0.012442
0.214610,-0.110598,-0.015913
0.219161,-0.110374,-0.020625
0.223727,-0.110152,-0.025303
0.228309,-0.109919,-0.030197
0.232910,-0.109671,-0.035394
0.237562,-0.109284,-0.043537
0.242300,-0.108690,-0.056025
-0.064718,-0.101959,-0.099504
-0.059828,-0.102075,-0.097133
-0.054827,-0.102261,-0.093346
-0.049817,-0.102461,-0.089290
-0.044700,-0.102732,-0.083767
-0.039729,-0.102926,-0.079825
-0.034773,-0.103118,-0.075917
-0.029787,-0.103337,-0.071448
-0.024816,-0.103557,-0.066976
-0.019817,-0.103805,-0.061920
-0.014791,-0.104083,-0.056260
-0.009641,-0.104461,-0.048581
-0.004509,-0.104842,-0.040812
0.000636,-0.105251,-0.032494
0.005767,-0.105670,-0.023973
0.010696,-0.105955,-0.018163
0.015433,-0.106105,-0.015101
0.020120,-0.106225,-0.012670
0.024797,-0.106341,-0.010296
0.029444,-0.106441,-0.008278
0.034079,-0.106535,-0.006353
0.038689,-0.106614,-0.004755
0.043283,-0.106682,-0.003357
0.047860,-0.106740,-0.002189
0.052409,-0.106775,-0.001474
0.056935,-0.106790,-0.001172
0.061443,-0.106787,-0.001233
0.065930,-0.106763,-0.001711
0.070371,-0.106687,-0.003263
0.074787,-0.106577,-0.005495
0.079221,-0.106482,-0.007438
0.083724,-0.106465,-0.007781
0.088268,-0.106501,-0.007054
0.092810,-0.106536,-0.006328
0.097361,-0.106588,-0.005284
0.101906,-0.106636,-0.004292
0.106449,-0.106688,-0.003233
0.110989,-0.106740,-0.002174
0.115516,-0.106778,-0.001417
0.120044,-0.106821,-0.000541
0.124564,-0.106854,0.000142
0.129089,-0.106903,0.001140
0.133596,-0.106920,0.001476
0.138101,-0.106938,0.001845
0.142611,-0.106969,0.002480
0.147117,-0.106995,0.003007
0.151606,-0.106980,0.002700
0.156096,-0.106965,0.002392
0.160591,-0.106963,0.002361
0.165089,-0.106974,0.002585
0.169575,-0.106935,0.001780
0.174064,-0.106898,0.001025
0.178555,-0.106861,0.000279
0.183047,-0.106813,-0.000697
0.187537,-0.106720,-0.002582
0.192033,-0.106628,-0.004470
0.196535,-0.106525,-0.006559
0.201043,-0.106388,-0.009350
0.205560,-0.106241,-0.012345
0.210085,-0.106105,-0.015108
0.214626,-0.105894,-0.019410
0.219182,-0.105668,-0.023999
0.223753,-0.105438,-0.028678
0.228341,-0.105191,-0.033708
0.232970,-0.104833,-0.040999
0.237653,-0.104348,-0.050880
-0.069526,-0.097228,-0.100861
-0.064679,-0.097319,-0.099064
-0.059680,-0.097504,-0.095417
-0.054685,-0.097694,-0.091664
-0.049667,-0.097906,-0.087488
-0.044705,-0.098091,-0.083820
-0.039756,-0.098277,-0.080163
-0.034820,-0.098461,-0.076516
-0.029841,-0.098683,-0.072144
-0.024870,-0.098908,-0.067694
-0.019894,-0.099148,-0.062970
-0.014938,-0.099385,-0.058295
-0.009867,-0.099714,-0.051791
-0.004776,-0.100074,-0.044683
0.000303,-0.100442,-0.037415
0.005382,-0.100829,-0.029795
0.010366,-0.101159,-0.023276
0.015205,-0.101390,-0.018721
0.019942,-0.101549,-0.015568
0.024640,-0.101684,-0.012913
0.029304,-0.101797,-0.010677
0.033960,-0.101910,-0.008446
0.038578,-0.101995,-0.006773
0.043176,-0.102067,-0.005342
0.047755,-0.102125,-0.004201
0.052307,-0.102162,-0.003481
0.056837,-0.102177,-0.003178
0.061353,-0.102181,-0.003107
0.065840,-0.102152,-0.003663
0.070296,-0.102088,-0.004947
0.074726,-0.101988,-0.006907
0.079161,-0.101889,-0.008870
0.083694,-0.101906,-0.008520
0.088228,-0.101928,-0.008100
0.092760,-0.101949,-0.007680
0.097309,-0.101997,-0.006742
0.101860,-0.102053,-0.005628
0.106406,-0.102107,-0.004568
0.110945,-0.102155,-0.003619
0.115465,-0.102177,-0.003180
0.119995,-0.102221,-0.002319
0.124525,-0.102270,-0.001342
0.129041,-0.102297,-0.000810
0.133546,-0.102304,-0.000671
0.138052,-0.102315,-0.000462
0.142565,-0.102347,0.000175
0.147064,-0.102344,0.000123
0.151561,-0.102340,0.000027
0.156060,-0.102338,0.000002
0.160556,-0.102329,-0.000176
0.165048,-0.102300,-0.000745
0.169539,-0.102260,-0.001551
0.174033,-0.102220,-0.002340
0.178529,-0.102182,-0.003085
0.183025,-0.102126,-0.004187
0.187522,-0.102047,-0.005744
0.192024,-0.101962,-0.007425
0.196531,-0.101865,-0.009338
0.201043,-0.101725,-0.012095
0.205563,-0.101585,-0.014857
0.210094,-0.101417,-0.018182
0.214641,-0.101194,-0.022583
0.219199,-0.100979,-0.026830
0.223778,-0.100719,-0.031947
0.228384,-0.100396,-0.038325
0.233032,-0.099969,-0.046766
0.237742,-0.099393,-0.058130
-0.069493,-0.092582,-0.100493
-0.064539,-0.092740,-0.097462
-0.059572,-0.092913,-0.094162
-0.054643,-0.093069,-0.091174
-0.049709,-0.093235,-0.087988
-0.044737,-0.093432,-0.084217
-0.039783,-0.093626,-0.080501
-0.034846,-0.093816,-0.076853
-0.029894,-0.094026,-0.072834
-0.024931,-0.094252,-0.068501
-0.020018,-0.094454,-0.064645
-0.015072,-0.094688,-0.060150
-0.010110,-0.094945,-0.055222
-0.005024,-0.095308,-0.048272
0.000020,-0.095656,-0.041605
0.005052,-0.096012,-0.034790
0.010040,-0.096350,-0.028320
0.014928,-0.096621,-0.023119
0.019736,-0.096840,-0.018934
0.024454,-0.096992,-0.016019
0.029149,-0.097132,-0.013335
0.033809,-0.097249,-0.011102
0.038442,-0.097346,-0.009233
0.043064,-0.097440,-0.007429
0.047644,-0.097498,-0.006318
0.052204,-0.097540,-0.005524
0.056738,-0.097557,-0.005191
0.061264,-0.097568,-0.004984
0.065750,-0.097535,-0.005620
0.070221,-0.097482,-0.006632
0.074653,-0.097380,-0.008595
0.079124,-0.097319,-0.009762
0.083624,-0.097292,-0.010269
0.088157,-0.097308,-0.009967
0.092702,-0.097344,-0.009279
0.097259,-0.097402,-0.008161
0.101813,-0.097461,-0.007044
0.106362,-0.097519,-0.005931
0.110891,-0.097549,-0.005357
0.115414,-0.097572,-0.004917
0.119943,-0.097609,-0.004200
0.124473,-0.097653,-0.003365
0.128985,-0.097666,-0.003107
0.133495,-0.097678,-0.002880
0.138004,-0.097688,-0.002681
0.142509,-0.097691,-0.002620
0.147009,-0.097680,-0.002840
0.151509,-0.097670,-0.003037
0.156013,-0.097668,-0.003063
0.160514,-0.097659,-0.003239
0.165010,-0.097625,-0.003888
0.169504,-0.097575,-0.004848
0.174002,-0.097531,-0.005700
0.178502,-0.097481,-0.006661
0.183002,-0.097415,-0.007914
0.187506,-0.097344,-0.009267
0.192013,-0.097256,-0.010953
0.196525,-0.097142,-0.013152
0.201043,-0.097019,-0.015509
0.205568,-0.096897,-0.017831
0.210104,-0.096717,-0.021294
0.214654,-0.096503,-0.025393
0.219220,-0.096248,-0.030266
0.223811,-0.095933,-0.036306
0.228437,-0.095528,-0.044063
0.233109,-0.095013,-0.053936
0.237916,-0.094050,-0.072378
-0.074395,-0.087792,-0.102829
-0.069515,-0.087904,-0.100736
-0.064547,-0.088075,-0.097558
-0.059594,-0.088244,-0.094409
-0.054664,-0.088405,-0.091422
-0.049746,-0.088565,-0.088441
-0.044789,-0.088758,-0.084850
-0.039830,-0.088960,-0.081088
-0.034884,-0.089162,-0.077336
-0.029958,-0.089359,-0.073668
-0.025032,-0.089564,-0.069845
-0.020117,-0.089772,-0.065986
-0.015206,-0.089985,-0.062008
-0.010248,-0.090245,-0.057177
-0.005251,-0.090548,-0.051544
-0.000240,-0.090876,-0.045441
0.004775,-0.091223,-0.038984
0.009737,-0.091543,-0.033027
0.014646,-0.091835,-0.027586
0.019493,-0.092088,-0.022884
0.024265,-0.092287,-0.019172
0.028966,-0.092433,-0.016464
0.033656,-0.092576,-0.013805
0.038291,-0.092675,-0.011965
0.042919,-0.092773,-0.010136
0.047511,-0.092841,-0.008863
0.052094,-0.092905,-0.007685
0.056639,-0.092930,-0.007206
0.061172,-0.092946,-0.006912
0.065660,-0.092910,-0.007579
0.070140,-0.092864,-0.008443
0.074587,-0.092773,-0.010142
0.079088,-0.092745,-0.010648
0.083589,-0.092718,-0.011155
0.088087,-0.092684,-0.011794
0.092648,-0.092742,-0.010720
0.097208,-0.092801,-0.009615
0.101763,-0.092860,-0.008510
0.106305,-0.092904,-0.007705
0.110835,-0.092931,-0.007203
0.115363,-0.092959,-0.006678
0.119891,-0.092991,-0.006084
0.124410,-0.093009,-0.005751
0.128927,-0.093023,-0.005483
0.133441,-0.093036,-0.005250
0.137957,-0.093056,-0.004864
0.142470,-0.093070,-0.004610
0.146962,-0.093027,-0.005413
0.151459,-0.092994,-0.006027
0.155965,-0.092984,-0.006203
0.160469,-0.092967,-0.006524
0.164973,-0.092950,-0.006845
0.169473,-0.092903,-0.007711
0.173974,-0.092851,-0.008692
0.178475,-0.092773,-0.010135
0.182980,-0.092695,-0.011580
0.187489,-0.092624,-0.012909
0.192002,-0.092526,-0.014740
0.196519,-0.092404,-0.016996
0.201043,-0.092285,-0.019220
0.205575,-0.092133,-0.022038
0.210118,-0.091931,-0.025810
0.214673,-0.091729,-0.029563
0.219252,-0.091417,-0.035367
0.223852,-0.091081,-0.041624
0.228493,-0.090623,-0.050135
0.233175,-0.090086,-0.060134
-0.074510,-0.083052,-0.104103
-0.069604,-0.083182,-0.101737
-0.064681,-0.083329,-0.099081
-0.059686,-0.083528,-0.095482
-0.054704,-0.083727,-0.091892
-0.049767,-0.083904,-0.088688
-0.044840,-0.084081,-0.085483
-0.039880,-0.084289,-0.081719
-0.034951,-0.084484,-0.078195
-0.030041,-0.084674,-0.074754
-0.025112,-0.084887,-0.070907
-0.020204,-0.085093,-0.067171
-0.015310,-0.085299,-0.063445
-0.010389,-0.085535,-0.059175
-0.005454,-0.085794,-0.054487
-0.000456,-0.086117,-0.048642
0.004520,-0.086438,-0.042838
0.009464,-0.086747,-0.037257
0.014385,-0.087052,-0.031731
0.019251,-0.087323,-0.026828
0.024032,-0.087531,-0.023063
0.028781,-0.087721,-0.019640
0.033462,-0.087855,-0.017214
0.038137,-0.087991,-0.014750
0.042769,-0.088092,-0.012917
0.047364,-0.088161,-0.011674
0.051961,-0.088237,-0.010307
0.056517,-0.088270,-0.009695
0.061068,-0.088303,-0.009110
0.065566,-0.088275,-0.009620
0.070052,-0.088230,-0.010434
0.074534,-0.088178,-0.011366
0.079016,-0.088123,-0.012367
0.083501,-0.088067,-0.013370
0.088037,-0.088084,-0.013074
0.092598,-0.088137,-0.012100
0.097155,-0.088193,-0.011094
0.101711,-0.088250,-0.010068
0.106244,-0.088276,-0.009591
0.110776,-0.088303,-0.009099
0.115308,-0.088333,-0.008572
0.119851,-0.088390,-0.007541
0.124356,-0.088373,-0.007835
0.128868,-0.088371,-0.007873
0.133387,-0.088386,-0.007603
0.137915,-0.088428,-0.006854
0.142440,-0.088469,-0.006106
0.146941,-0.088445,-0.006544
0.151437,-0.088400,-0.007348
0.155949,-0.088406,-0.007246
0.160439,-0.088328,-0.008651
0.164933,-0.088246,-0.010139
0.169442,-0.088221,-0.010581
0.173945,-0.088151,-0.011855
0.178451,-0.088074,-0.013247
0.182962,-0.088008,-0.014434
0.187477,-0.087943,-0.015622
0.191992,-0.087814,-0.017959
0.196513,-0.087674,-0.020487
0.201043,-0.087544,-0.022841
0.205581,-0.087343,-0.026479
0.210131,-0.087139,-0.030157
0.214699,-0.086862,-0.035180
0.219282,-0.086580,-0.040279
0.223901,-0.086154,-0.047983
0.228552,-0.085682,-0.056527
0.233297,-0.084854,-0.071496
-0.079508,-0.078194,-0.107366
-0.074627,-0.078306,-0.105390
-0.069694,-0.078457,-0.102739
-0.064774,-0.078604,-0.100143
-0.059826,-0.078777,-0.097104
-0.054841,-0.078981,-0.093514
-0.049870,-0.079184,-0.089934
-0.044912,-0.079387,-0.086363
-0.039958,-0.079596,-0.082698
-0.035034,-0.079792,-0.079246
-0.030122,-0.079987,-0.075802
-0.025195,-0.080203,-0.072001
-0.020277,-0.080422,-0.068158
-0.015389,-0.080627,-0.064545
-0.010530,-0.080819,-0.061165
-0.005606,-0.081073,-0.056691
-0.000663,-0.081356,-0.051707
0.004291,-0.081663,-0.046310
0.009211,-0.081955,-0.041177
0.014135,-0.082266,-0.035704
0.018999,-0.082538,-0.030918
0.023812,-0.082775,-0.026736
0.028565,-0.082968,-0.023347
0.033289,-0.083143,-0.020258
0.037962,-0.083276,-0.017912
0.042616,-0.083398,-0.015770
0.047232,-0.083487,-0.014211
0.051822,-0.083553,-0.013051
0.056382,-0.083588,-0.012428
0.060941,-0.083626,-0.011766
0.065441,-0.083593,-0.012344
0.069931,-0.083547,-0.013155
0.074424,-0.083502,-0.013939
0.078911,-0.083448,-0.014902
0.083422,-0.083423,-0.015330
0.087988,-0.083479,-0.014355
0.092550,-0.083534,-0.013381
0.097102,-0.083578,-0.012602
0.101649,-0.083618,-0.011903
0.106183,-0.083642,-0.011480
0.110718,-0.083669,-0.010997
0.115258,-0.083711,-0.010263
0.119814,-0.083790,-0.008869
0.124332,-0.083796,-0.008768
0.128839,-0.083779,-0.009065
0.133379,-0.083843,-0.007951
0.137884,-0.083824,-0.008273
0.142400,-0.083834,-0.008099
0.146920,-0.083858,-0.007675
0.151427,-0.083845,-0.007905
0.155941,-0.083856,-0.007722
0.160455,-0.083866,-0.007540
0.164945,-0.083775,-0.009147
0.169437,-0.083667,-0.011039
0.173931,-0.083535,-0.013372
0.178435,-0.083420,-0.015384
0.182949,-0.083353,-0.016573
0.187465,-0.083264,-0.018134
0.191983,-0.083121,-0.020654
0.196510,-0.082987,-0.023014
0.201043,-0.082817,-0.025998
0.205587,-0.082581,-0.030145
0.210145,-0.082334,-0.034509
0.214720,-0.082033,-0.039790
0.219316,-0.081690,-0.045835
0.223939,-0.081289,-0.052885
0.228607,-0.080737,-0.062607
-0.084506,-0.073332,-0.110508
-0.079652,-0.073425,-0.108926
-0.074772,-0.073538,-0.106982
-0.069845,-0.073687,-0.104433
-0.064934,-0.073831,-0.101969
-0.060009,-0.073991,-0.099228
-0.055023,-0.074199,-0.095664
-0.050048,-0.074408,-0.092079
-0.045085,-0.074617,-0.088492
-0.040084,-0.074864,-0.084266
-0.035116,-0.075096,-0.080297
-0.030202,-0.075297,-0.076851
-0.025279,-0.075514,-0.073117
-0.020360,-0.075738,-0.069286
-0.015489,-0.075934,-0.065930
-0.010636,-0.076124,-0.062665
-0.005745,-0.076356,-0.058702
-0.000821,-0.076627,-0.054046
0.004080,-0.076892,-0.049513
0.008989,-0.077178,-0.044607
0.013888,-0.077469,-0.039621
0.018755,-0.077745,-0.034902
0.023601,-0.078016,-0.030259
0.028352,-0.078206,-0.026998
0.033099,-0.078404,-0.023605
0.037779,-0.078543,-0.021215
0.042436,-0.078666,-0.019112
0.047086,-0.078789,-0.017010
0.051686,-0.078862,-0.015753
0.056255,-0.078905,-0.015017
0.060812,-0.078937,-0.014474
0.065315,-0.078902,-0.015074
0.069810,-0.078855,-0.015870
0.074307,-0.078809,-0.016656
0.078806,-0.078763,-0.017441
0.083364,-0.078801,-0.016795
0.087923,-0.078845,-0.016043
0.092480,-0.078889,-0.015291
0.097039,-0.078941,-0.014396
0.101593,-0.078991,-0.013542
0.106128,-0.079010,-0.013211
0.110660,-0.079030,-0.012880
0.115220,-0.079105,-0.011595
0.119777,-0.079186,-0.010199
0.124307,-0.079215,-0.009701
0.128839,-0.079254,-0.009045
0.133388,-0.079342,-0.007539
0.137928,-0.079417,-0.006253
0.142427,-0.079386,-0.006773
0.146929,-0.079362,-0.007179
0.151436,-0.079351,-0.007380
0.155940,-0.079325,-0.007824
0.160448,-0.079314,-0.008017
0.164961,-0.079324,-0.007835
0.169449,-0.079202,-0.009933
0.173941,-0.079066,-0.012264
0.178442,-0.078943,-0.014369
0.182950,-0.078824,-0.016412
0.187458,-0.078627,-0.019779
0.191976,-0.078442,-0.022946
0.196506,-0.078304,-0.025309
0.201043,-0.078094,-0.028914
0.205591,-0.077859,-0.032939
0.210154,-0.077582,-0.037696
0.214736,-0.077257,-0.043259
0.219342,-0.076859,-0.050071
0.223983,-0.076357,-0.058682
0.228685,-0.075634,-0.071062
-0.084691,-0.068531,-0.112476
-0.079843,-0.068620,-0.110991
-0.074948,-0.068744,-0.108921
-0.070026,-0.068891,-0.106468
-0.065100,-0.069047,-0.103860
-0.060190,-0.069198,-0.101333
-0.055202,-0.069411,-0.097781
-0.050226,-0.069624,-0.094226
-0.045254,-0.069843,-0.090567
-0.040251,-0.070095,-0.086362
-0.035257,-0.070351,-0.082096
-0.030283,-0.070602,-0.077901
-0.025363,-0.070821,-0.074234
-0.020478,-0.071022,-0.070883
-0.015604,-0.071223,-0.067524
-0.010734,-0.071431,-0.064049
-0.005866,-0.071647,-0.060446
-0.000979,-0.071891,-0.056384
0.003898,-0.072137,-0.052265
0.008779,-0.072401,-0.047863
0.013670,-0.072687,-0.043092
0.018500,-0.072929,-0.039044
0.023350,-0.073205,-0.034446
0.028139,-0.073433,-0.030633
0.032880,-0.073624,-0.027448
0.037608,-0.073811,-0.024315
0.042263,-0.073930,-0.022340
0.046901,-0.074037,-0.020553
0.051533,-0.074144,-0.018768
0.056128,-0.074213,-0.017611
0.060683,-0.074238,-0.017189
0.065189,-0.074201,-0.017806
0.069689,-0.074154,-0.018592
0.074195,-0.074114,-0.019264
0.078732,-0.074116,-0.019229
0.083290,-0.074150,-0.018652
0.087849,-0.074191,-0.017985
0.092410,-0.074237,-0.017205
0.096978,-0.074302,-0.016117
0.101538,-0.074358,-0.015184
0.106075,-0.074378,-0.014852
0.110648,-0.074471,-0.013297
0.115207,-0.074547,-0.012031
0.119751,-0.074598,-0.011177
0.124296,-0.074660,-0.010140
0.128849,-0.074751,-0.008632
0.133398,-0.074841,-0.007126
0.137941,-0.074931,-0.005622
0.142468,-0.074985,-0.004714
0.146972,-0.074976,-0.004866
0.151476,-0.074967,-0.005020
0.155980,-0.074958,-0.005174
0.160483,-0.074939,-0.005497
0.164984,-0.074912,-0.005941
0.169472,-0.074798,-0.007838
0.173966,-0.074691,-0.009634
0.178464,-0.074577,-0.011532
0.182968,-0.074455,-0.013571
0.187471,-0.074250,-0.016994
0.191981,-0.073983,-0.021457
0.196505,-0.073713,-0.025949
0.201043,-0.073373,-0.031634
0.205595,-0.073132,-0.035651
0.210164,-0.072813,-0.040977
0.214753,-0.072458,-0.046912
0.219370,-0.071998,-0.054596
0.224023,-0.071442,-0.063868
0.228836,-0.070032,-0.087410
-0.089763,-0.063611,-0.116247
-0.084892,-0.063712,-0.114613
-0.080015,-0.063820,-0.112850
-0.075130,-0.063938,-0.110929
-0.070230,-0.064072,-0.108750
-0.065299,-0.064233,-0.106127
-0.060378,-0.064393,-0.103520
-0.055386,-0.064612,-0.099959
-0.050405,-0.064832,-0.096379
-0.045424,-0.065061,-0.092646
-0.040417,-0.065320,-0.088436
-0.035423,-0.065579,-0.084215
-0.030439,-0.065843,-0.079931
-0.025489,-0.066090,-0.075906
-0.020596,-0.066300,-0.072482
-0.015723,-0.066504,-0.069164
-0.010849,-0.066718,-0.065687
-0.005985,-0.066934,-0.062171
-0.001115,-0.067166,-0.058386
0.003743,-0.067399,-0.054600
0.008599,-0.067641,-0.050658
0.013472,-0.067913,-0.046235
0.018293,-0.068147,-0.042421
0.023108,-0.068388,-0.038496
0.027927,-0.068647,-0.034281
0.032683,-0.068853,-0.030926
0.037419,-0.069049,-0.027739
0.042102,-0.069197,-0.025339
0.046742,-0.069304,-0.023593
0.051373,-0.069407,-0.021913
0.055975,-0.069480,-0.020728
0.060554,-0.069530,-0.019909
0.065064,-0.069493,-0.020521
0.069579,-0.069460,-0.021057
0.074100,-0.069433,-0.021484
0.078662,-0.069469,-0.020906
0.083223,-0.069504,-0.020329
0.087780,-0.069538,-0.019778
0.092347,-0.069591,-0.018919
0.096917,-0.069657,-0.017840
0.101482,-0.069719,-0.016827
0.106037,-0.069770,-0.016007
0.110642,-0.069925,-0.013482
0.115209,-0.070018,-0.011975
0.119752,-0.070070,-0.011114
0.124323,-0.070194,-0.009100
0.128887,-0.070318,-0.007089
0.133435,-0.070415,-0.005501
0.137975,-0.070505,-0.004033
0.142490,-0.070531,-0.003622
0.146996,-0.070536,-0.003542
0.151502,-0.070539,-0.003488
0.156007,-0.070541,-0.003453
0.160512,-0.070543,-0.003417
0.165009,-0.070512,-0.003934
0.169495,-0.070403,-0.005696
0.173984,-0.070286,-0.007608
0.178480,-0.070173,-0.009452
0.182982,-0.070064,-0.011220
0.187483,-0.069868,-0.014408
0.191989,-0.069603,-0.018726
0.196509,-0.069327,-0.023213
0.201043,-0.068955,-0.029269
0.205597,-0.068514,-0.036452
0.210175,-0.068024,-0.044420
0.214773,-0.067604,-0.051260
0.219402,-0.067080,-0.059790
0.224083,-0.066348,-0.071701
-0.094841,-0.058684,-0.119941
-0.089964,-0.058785,-0.118351
-0.085098,-0.058881,-0.116812
-0.080240,-0.058977,-0.115289
-0.075334,-0.059111,-0.113175
-0.070445,-0.059237,-0.111168
-0.065507,-0.059405,-0.108507
-0.060581,-0.059570,-0.105875
-0.055583,-0.059796,-0.102284
-0.050592,-0.060027,-0.098627
-0.045615,-0.060256,-0.094988
-0.040599,-0.060525,-0.090712
-0.035587,-0.060803,-0.086307
-0.030602,-0.061071,-0.082047
-0.025655,-0.061319,-0.078115
-0.020734,-0.061555,-0.074357
-0.015838,-0.061782,-0.070761
-0.010969,-0.061995,-0.067374
-0.006104,-0.062215,-0.063886
-0.001247,-0.062438,-0.060341
0.003611,-0.062673,-0.056609
0.008460,-0.062912,-0.052815
0.013290,-0.063144,-0.049125
0.018123,-0.063393,-0.045181
0.022935,-0.063632,-0.041375
0.027722,-0.063858,-0.037792
0.032477,-0.064062,-0.034549
0.037221,-0.064266,-0.031314
0.041957,-0.064473,-0.028027
0.046580,-0.064557,-0.026693
0.051198,-0.064640,-0.025377
0.055811,-0.064722,-0.024063
0.060419,-0.064805,-0.022747
0.064957,-0.064799,-0.022854
0.069475,-0.064765,-0.023391
0.074027,-0.064779,-0.023163
0.078591,-0.064812,-0.022638
0.083150,-0.064843,-0.022149
0.087718,-0.064890,-0.021405
0.092293,-0.064956,-0.020357
0.096861,-0.065014,-0.019435
0.101427,-0.065074,-0.018475
0.106031,-0.065218,-0.016192
0.110636,-0.065377,-0.013666
0.115210,-0.065487,-0.011919
0.119777,-0.065595,-0.010209
0.124347,-0.065722,-0.008196
0.128909,-0.065848,-0.006187
0.133465,-0.065975,-0.004180
0.138000,-0.066056,-0.002884
0.142507,-0.066064,-0.002766
0.147012,-0.066069,-0.002686
0.151517,-0.066074,-0.002606
0.156021,-0.066079,-0.002527
0.160525,-0.066082,-0.002479
0.165015,-0.066018,-0.003492
0.169504,-0.065935,-0.004809
0.173997,-0.065849,-0.006179
0.178495,-0.065761,-0.007566
0.182994,-0.065654,-0.009269
0.187490,-0.065438,-0.012705
0.191996,-0.065186,-0.016707
0.196513,-0.064933,-0.020719
0.201043,-0.064552,-0.026772
0.205594,-0.064067,-0.034466
0.210169,-0.063554,-0.042611
0.214789,-0.062789,-0.054757
0.219426,-0.062226,-0.063712
0.224174,-0.060975,-0.083571
-0.095098,-0.053812,-0.122592
-0.090187,-0.053935,-0.120695
-0.085345,-0.054015,-0.119450
-0.080491,-0.054108,-0.118013
-0.075581,-0.054244,-0.115901
-0.070666,-0.054390,-0.113645
-0.065728,-0.054559,-0.111024
-0.060794,-0.054732,-0.108346
-0.055789,-0.054965,-0.104720
-0.050780,-0.055212,-0.100898
-0.045796,-0.055450,-0.097217
-0.040817,-0.055693,-0.093439
-0.035782,-0.055994,-0.088784
-0.030770,-0.056287,-0.084234
-0.025824,-0.056537,-0.080355
-0.020892,-0.056787,-0.076488
-0.015986,-0.057024,-0.072810
-0.011093,-0.057262,-0.069127
-0.006223,-0.057489,-0.065605
-0.001369,-0.057712,-0.062151
0.003485,-0.057947,-0.058513
0.008330,-0.058184,-0.054832
0.013150,-0.058409,-0.051349
0.017961,-0.058637,-0.047816
0.022772,-0.058876,-0.044099
0.027572,-0.059118,-0.040351
0.032331,-0.059327,-0.037122
0.037060,-0.059514,-0.034219
0.041780,-0.059701,-0.031321
0.046438,-0.059823,-0.029424
0.051060,-0.059908,-0.028106
0.055677,-0.059994,-0.026785
0.060288,-0.060076,-0.025503
0.064826,-0.060064,-0.025701
0.069378,-0.060072,-0.025570
0.073948,-0.060108,-0.025014
0.078512,-0.060139,-0.024525
0.083076,-0.060172,-0.024018
0.087662,-0.060247,-0.022851
0.092240,-0.060315,-0.021798
0.096810,-0.060375,-0.020874
0.101400,-0.060479,-0.019260
0.106018,-0.060649,-0.016622
0.110626,-0.060819,-0.013990
0.115219,-0.060973,-0.011603
0.119788,-0.061089,-0.009809
0.124351,-0.061204,-0.008018
0.128908,-0.061320,-0.006228
0.133455,-0.061423,-0.004631
0.137992,-0.061511,-0.003263
0.142502,-0.061527,-0.003010
0.147011,-0.061544,-0.002756
0.151517,-0.061556,-0.002564
0.156023,-0.061568,-0.002387
0.160528,-0.061579,-0.002211
0.165018,-0.061513,-0.003239
0.169509,-0.061440,-0.004371
0.174002,-0.061355,-0.005690
0.178499,-0.061267,-0.007041
0.182999,-0.061178,-0.008428
0.187496,-0.060982,-0.011467
0.192001,-0.060759,-0.014927
0.196516,-0.060501,-0.018928
0.201043,-0.060119,-0.024846
0.205591,-0.059626,-0.032483
0.210170,-0.058955,-0.042888
0.214804,-0.057978,-0.058020
0.219463,-0.057217,-0.069823
-0.100252,-0.048822,-0.126896
-0.095350,-0.048935,-0.125194
-0.090471,-0.049035,-0.123671
-0.085603,-0.049133,-0.122196
-0.080736,-0.049234,-0.120667
-0.075812,-0.049381,-0.118442
-0.070889,-0.049533,-0.116142
-0.065956,-0.049699,-0.113630
-0.061020,-0.049874,-0.110969
-0.056032,-0.050097,-0.107592
-0.051007,-0.050359,-0.103631
-0.045985,-0.050630,-0.099530
-0.040995,-0.050885,-0.095666
-0.035999,-0.051157,-0.091558
-0.030983,-0.051457,-0.087014
-0.026005,-0.051738,-0.082761
-0.021057,-0.052004,-0.078722
-0.016140,-0.052254,-0.074940
-0.011236,-0.052504,-0.071153
-0.006346,-0.052753,-0.067391
-0.001485,-0.052986,-0.063869
0.003365,-0.053219,-0.060329
0.008202,-0.053452,-0.056815
0.013014,-0.053670,-0.053505
0.017820,-0.053894,-0.050120
0.022628,-0.054132,-0.046508
0.027418,-0.054365,-0.042986
0.032158,-0.054552,-0.040158
0.036879,-0.054728,-0.037498
0.041602,-0.054916,-0.034644
0.046295,-0.055080,-0.032161
0.050921,-0.055168,-0.030835
0.055543,-0.055255,-0.029507
0.060150,-0.055329,-0.028390
0.064695,-0.055320,-0.028535
0.069284,-0.055376,-0.027688
0.073860,-0.055417,-0.027067
0.078432,-0.055457,-0.026458
0.083018,-0.055522,-0.025466
0.087607,-0.055600,-0.024299
0.092187,-0.055669,-0.023239
0.096771,-0.055752,-0.021987
0.101380,-0.055893,-0.019856
0.105998,-0.056067,-0.017217
0.110607,-0.056238,-0.014630
0.115204,-0.056402,-0.012145
0.119779,-0.056535,-0.010133
0.124341,-0.056650,-0.008394
0.128894,-0.056753,-0.006830
0.133439,-0.056852,-0.005334
0.137976,-0.056942,-0.003974
0.142492,-0.056973,-0.003507
0.147002,-0.056993,-0.003206
0.151512,-0.057013,-0.002904
0.156019,-0.057030,-0.002641
0.160525,-0.057045,-0.002421
0.165015,-0.056974,-0.003494
0.169507,-0.056902,-0.004584
0.174002,-0.056830,-0.005674
0.178501,-0.056758,-0.006764
0.183000,-0.056661,-0.008226
0.187497,-0.056455,-0.011350
0.192002,-0.056248,-0.014480
0.196518,-0.056041,-0.017617
0.201043,-0.055687,-0.022973
0.205588,-0.055182,-0.030613
0.210173,-0.054315,-0.043746
0.214825,-0.053071,-0.062576
0.219531,-0.051862,-0.080883
-0.100553,-0.043902,-0.129948
-0.095652,-0.044013,-0.128307
-0.090766,-0.044118,-0.126758
-0.085889,-0.044220,-0.125246
-0.081000,-0.044336,-0.123527
-0.076069,-0.044488,-0.121280
-0.071113,-0.044666,-0.118657
-0.066176,-0.044836,-0.116134
-0.061239,-0.045013,-0.113520
-0.056245,-0.045243,-0.110119
-0.051251,-0.045483,-0.106566
-0.046220,-0.045763,-0.102420
-0.041200,-0.046046,-0.098237
-0.036200,-0.046324,-0.094118
-0.031203,-0.046611,-0.089869
-0.026218,-0.046901,-0.085590
-0.021251,-0.047187,-0.081354
-0.016298,-0.047472,-0.077134
-0.011379,-0.047740,-0.073182
-0.006477,-0.048003,-0.069278
-0.001609,-0.048246,-0.065693
0.003245,-0.048486,-0.062148
0.008074,-0.048712,-0.058792
0.012892,-0.048939,-0.055440
0.017694,-0.049161,-0.052161
0.022485,-0.049382,-0.048890
0.027262,-0.049600,-0.045668
0.032023,-0.049811,-0.042544
0.036750,-0.049994,-0.039832
0.041466,-0.050174,-0.037173
0.046157,-0.050334,-0.034798
0.050784,-0.050419,-0.033549
0.055409,-0.050508,-0.032233
0.060013,-0.050572,-0.031283
0.064597,-0.050614,-0.030667
0.069189,-0.050671,-0.029818
0.073769,-0.050714,-0.029174
0.078355,-0.050771,-0.028334
0.082956,-0.050860,-0.027026
0.087551,-0.050946,-0.025748
0.092135,-0.051020,-0.024658
0.096747,-0.051154,-0.022670
0.101360,-0.051304,-0.020452
0.105979,-0.051481,-0.017836
0.110585,-0.051649,-0.015345
0.115183,-0.051817,-0.012859
0.119759,-0.051952,-0.010867
0.124313,-0.052045,-0.009498
0.128862,-0.052137,-0.008134
0.133406,-0.052229,-0.006770
0.137946,-0.052321,-0.005405
0.142475,-0.052391,-0.004367
0.146987,-0.052412,-0.004065
0.151495,-0.052423,-0.003900
0.156002,-0.052431,-0.003775
0.160508,-0.052440,-0.003650
0.165002,-0.052383,-0.004484
0.169498,-0.052322,-0.005397
0.173996,-0.052255,-0.006391
0.178495,-0.052179,-0.007503
0.182994,-0.052059,-0.009277
0.187495,-0.051898,-0.011659
0.192003,-0.051717,-0.014342
0.196518,-0.051505,-0.017479
0.201043,-0.051167,-0.022484
0.205585,-0.050737,-0.028846
0.210172,-0.049740,-0.043583
0.214834,-0.048326,-0.064509
0.219638,-0.046040,-0.098324
-0.105994,-0.038701,-0.136919
-0.100998,-0.038870,-0.134471
-0.096000,-0.039048,-0.131901
-0.091074,-0.039180,-0.129991
-0.086176,-0.039297,-0.128302
-0.081264,-0.039429,-0.126389
-0.076348,-0.039570,-0.124349
-0.071365,-0.039768,-0.121481
-0.066398,-0.039963,-0.118670
-0.061442,-0.040156,-0.115868
-0.056450,-0.040387,-0.112540
-0.051471,-0.040617,-0.109214
-0.046457,-0.040885,-0.105331
-0.041429,-0.041178,-0.101093
-0.036421,-0.041465,-0.096947
-0.031410,-0.041768,-0.092560
-0.026433,-0.042053,-0.088443
-0.021459,-0.042348,-0.084178
-0.016499,-0.042643,-0.079907
-0.011544,-0.042946,-0.075518
-0.006617,-0.043238,-0.071305
-0.001734,-0.043497,-0.067548
0.003119,-0.043739,-0.064049
0.007952,-0.043971,-0.060694
0.012768,-0.044198,-0.057415
0.017575,-0.044427,-0.054094
0.022363,-0.044647,-0.050924
0.027126,-0.044849,-0.047998
0.031872,-0.045043,-0.045196
0.036621,-0.045252,-0.042170
0.041332,-0.045425,-0.039666
0.046015,-0.045574,-0.037518
0.050663,-0.045683,-0.035936
0.055285,-0.045764,-0.034771
0.059899,-0.045840,-0.033665
0.064499,-0.045900,-0.032801
0.069094,-0.045959,-0.031952
0.073678,-0.046005,-0.031285
0.078286,-0.046094,-0.029985
0.082890,-0.046185,-0.028676
0.087486,-0.046271,-0.027437
0.092106,-0.046408,-0.025454
0.096723,-0.046553,-0.023354
0.101340,-0.046712,-0.021049
0.105954,-0.046883,-0.018582
0.110544,-0.047016,-0.016661
0.115124,-0.047140,-0.014866
0.119701,-0.047270,-0.012981
0.124274,-0.047409,-0.010968
0.128826,-0.047506,-0.009572
0.133370,-0.047592,-0.008329
0.137910,-0.047678,-0.007087
0.142441,-0.047750,-0.006044
0.146957,-0.047777,-0.005649
0.151468,-0.047788,-0.005496
0.155978,-0.047798,-0.005342
0.160487,-0.047809,-0.005188
0.164985,-0.047761,-0.005874
0.169483,-0.047698,-0.006792
0.173983,-0.047635,-0.007709
0.178486,-0.047571,-0.008626
0.182986,-0.047443,-0.010484
0.187490,-0.047280,-0.012841
0.192000,-0.047115,-0.015228
0.196517,-0.046928,-0.017929
0.201043,-0.046570,-0.023101
0.205584,-0.046197,-0.028504
0.210168,-0.045244,-0.042293
0.214856,-0.043365,-0.069457
-0.111605,-0.033375,-0.145344
-0.106464,-0.033638,-0.141617
-0.101499,-0.033784,-0.139552
-0.096455,-0.033993,-0.136593
-0.091447,-0.034183,-0.133906
-0.086517,-0.034323,-0.131930
-0.081563,-0.034485,-0.129631
-0.076636,-0.034634,-0.127525
-0.071625,-0.034856,-0.124391
-0.066625,-0.035077,-0.121264
-0.061644,-0.035292,-0.118216
-0.056649,-0.035527,-0.114888
-0.051665,-0.035763,-0.111557
-0.046644,-0.036041,-0.107623
-0.041651,-0.036305,-0.103880
-0.036645,-0.036594,-0.099796
-0.031611,-0.036920,-0.095179
-0.026622,-0.037219,-0.090953
-0.021662,-0.037503,-0.086931
-0.016698,-0.037805,-0.082669
-0.011740,-0.038114,-0.078292
-0.006795,-0.038426,-0.073882
-0.001864,-0.038737,-0.069477
0.002994,-0.038986,-0.065953
0.007834,-0.039229,-0.062516
0.012652,-0.039460,-0.059252
0.017458,-0.039689,-0.056011
0.022238,-0.039900,-0.053020
0.027008,-0.040112,-0.050021
0.031759,-0.040313,-0.047187
0.036497,-0.040509,-0.044410
0.041187,-0.040654,-0.042357
0.045873,-0.040803,-0.040244
0.050542,-0.040939,-0.038327
0.055167,-0.041021,-0.037162
0.059788,-0.041103,-0.036002
0.064395,-0.041171,-0.035042
0.068998,-0.041237,-0.034108
0.073604,-0.041315,-0.033004
0.078211,-0.041401,-0.031790
0.082814,-0.041486,-0.030577
0.087424,-0.041593,-0.029066
0.092059,-0.041759,-0.026716
0.096684,-0.041918,-0.024466
0.101289,-0.042053,-0.022557
0.105891,-0.042194,-0.020563
0.110480,-0.042321,-0.018770
0.115060,-0.042442,-0.017065
0.119642,-0.042581,-0.015098
0.124208,-0.042692,-0.013516
0.128773,-0.042817,-0.011759
0.133323,-0.042915,-0.010361
0.137862,-0.042990,-0.009298
0.142395,-0.043058,-0.008349
0.146924,-0.043121,-0.007449
0.151438,-0.043133,-0.007275
0.155951,-0.043144,-0.007120
0.160463,-0.043155,-0.006964
0.164966,-0.043121,-0.007453
0.169467,-0.043059,-0.008325
0.173969,-0.042995,-0.009233
0.178473,-0.042916,-0.010356
0.182975,-0.042775,-0.012344
0.187483,-0.042635,-0.014327
0.191996,-0.042487,-0.016422
0.196514,-0.042231,-0.020038
0.201043,-0.041950,-0.024015
0.205586,-0.041569,-0.029406
0.210169,-0.040647,-0.042453
0.214937,-0.037504,-0.086919
-0.112975,-0.027656,-0.158825
-0.107530,-0.028129,-0.152278
-0.102023,-0.028664,-0.144873
-0.096930,-0.028908,-0.141496
-0.091879,-0.029129,-0.138431
-0.086865,-0.029331,-0.135637
-0.081894,-0.029506,-0.133211
-0.076934,-0.029680,-0.130802
-0.071919,-0.029905,-0.127685
-0.066904,-0.030140,-0.124438
-0.061877,-0.030393,-0.120925
-0.056847,-0.030660,-0.117234
-0.051851,-0.030908,-0.113792
-0.046818,-0.031200,-0.109752
-0.041814,-0.031478,-0.105912
-0.036821,-0.031757,-0.102044
-0.031822,-0.032054,-0.097926
-0.026804,-0.032383,-0.093377
-0.021840,-0.032674,-0.089339
-0.016875,-0.032979,-0.085122
-0.011935,-0.033273,-0.081050
-0.006987,-0.033590,-0.076662
-0.002057,-0.033903,-0.072333
0.002844,-0.034200,-0.068220
0.007711,-0.034474,-0.064419
0.012538,-0.034717,-0.061061
0.017335,-0.034937,-0.058005
0.022114,-0.035149,-0.055084
0.026886,-0.035363,-0.052116
0.031645,-0.035575,-0.049182
0.036363,-0.035744,-0.046841
0.041061,-0.035898,-0.044710
0.045743,-0.036040,-0.042735
0.050418,-0.036181,-0.040781
0.055049,-0.036270,-0.039559
0.059674,-0.036354,-0.038398
0.064289,-0.036429,-0.037355
0.068900,-0.036505,-0.036308
0.073519,-0.036599,-0.034994
0.078131,-0.036691,-0.033726
0.082737,-0.036779,-0.032511
0.087375,-0.036936,-0.030331
0.091986,-0.037054,-0.028694
0.096588,-0.037163,-0.027184
0.101187,-0.037279,-0.025585
0.105803,-0.037446,-0.023272
0.110401,-0.037587,-0.021317
0.114997,-0.037737,-0.019242
0.119569,-0.037844,-0.017765
0.124135,-0.037949,-0.016303
0.128705,-0.038078,-0.014516
0.133262,-0.038187,-0.013017
0.137807,-0.038271,-0.011842
0.142343,-0.038336,-0.010953
0.146874,-0.038393,-0.010153
0.151399,-0.038437,-0.009556
0.155915,-0.038446,-0.009424
0.160427,-0.038438,-0.009536
0.164936,-0.038410,-0.009921
0.169442,-0.038357,-0.010652
0.173950,-0.038305,-0.011383
0.178455,-0.038206,-0.012742
0.182962,-0.038086,-0.014405
0.187474,-0.037957,-0.016195
0.191989,-0.037761,-0.018908
0.196511,-0.037517,-0.022287
0.201043,-0.037233,-0.026216
0.205590,-0.036789,-0.032366
0.210173,-0.035956,-0.043906
0.215057,-0.030953,-0.113168
-0.103257,-0.022994,-0.157407
-0.097536,-0.023706,-0.147746
-0.092428,-0.023969,-0.144181
-0.087361,-0.024209,-0.140928
-0.082337,-0.024424,-0.138014
-0.077319,-0.024643,-0.135044
-0.072206,-0.024949,-0.130901
-0.067191,-0.025184,-0.127720
-0.062162,-0.025441,-0.124236
-0.057130,-0.025710,-0.120583
-0.052076,-0.026011,-0.116507
-0.046995,-0.026349,-0.111926
-0.041977,-0.026642,-0.107947
-0.036967,-0.026940,-0.103902
-0.031966,-0.027243,-0.099797
-0.026993,-0.027532,-0.095880
-0.022012,-0.027843,-0.091670
-0.017040,-0.028158,-0.087397
-0.012095,-0.028459,-0.083313
-0.007169,-0.028756,-0.079293
-0.002252,-0.029057,-0.075208
0.002661,-0.029368,-0.070988
0.007545,-0.029663,-0.066996
0.012412,-0.029953,-0.063067
0.017212,-0.030178,-0.060013
0.021992,-0.030391,-0.057123
0.026767,-0.030610,-0.054155
0.031515,-0.030807,-0.051484
0.036228,-0.030970,-0.049276
0.040931,-0.031129,-0.047125
0.045620,-0.031279,-0.045090
0.050278,-0.031394,-0.043528
0.054921,-0.031494,-0.042174
0.059556,-0.031590,-0.040867
0.064182,-0.031678,-0.039672
0.068808,-0.031774,-0.038375
0.073430,-0.031871,-0.037059
0.078047,-0.031967,-0.035762
0.082659,-0.032063,-0.034453
0.087275,-0.032175,-0.032936
0.091886,-0.032287,-0.031421
0.096491,-0.032397,-0.029924
0.101090,-0.032505,-0.028460
0.105702,-0.032656,-0.026420
0.110289,-0.032763,-0.024971
0.114893,-0.032924,-0.022791
0.119479,-0.033056,-0.021000
0.124062,-0.033196,-0.019095
0.128626,-0.033298,-0.017712
0.133186,-0.033400,-0.016337
0.137742,-0.033505,-0.014912
0.142288,-0.033592,-0.013727
0.146821,-0.033643,-0.013035
0.151352,-0.033692,-0.012373
0.155872,-0.033702,-0.012245
0.160388,-0.033693,-0.012357
0.164903,-0.033674,-0.012614
0.169413,-0.033624,-0.013303
0.173925,-0.033565,-0.014103
0.178433,-0.033456,-0.015576
0.182946,-0.033351,-0.016996
0.187461,-0.033202,-0.019016
0.191980,-0.032990,-0.021891
0.196506,-0.032758,-0.025030
0.201043,-0.032448,-0.029238
0.205595,-0.031978,-0.035612
0.210188,-0.031014,-0.048687
-0.099100,-0.017741,-0.163875
-0.093500,-0.018378,-0.155420
-0.088064,-0.018905,-0.148418
-0.082942,-0.019195,-0.144566
-0.077804,-0.019509,-0.140397
-0.072775,-0.019744,-0.137280
-0.067626,-0.020090,-0.132682
-0.062470,-0.020457,-0.127807
-0.057419,-0.020744,-0.123994
-0.052343,-0.021066,-0.119726
-0.047256,-0.021412,-0.115129
-0.042177,-0.021764,-0.110456
-0.037113,-0.022117,-0.105762
-0.032099,-0.022436,-0.101531
-0.027123,-0.022731,-0.097610
-0.022169,-0.023017,-0.093809
-0.017208,-0.023325,-0.089726
-0.012252,-0.023641,-0.085532
-0.007329,-0.023937,-0.081600
-0.002425,-0.024225,-0.077768
0.002471,-0.024520,-0.073860
0.007368,-0.024830,-0.069739
0.012230,-0.025116,-0.065946
0.017063,-0.025380,-0.062430
0.021872,-0.025629,-0.059130
0.026645,-0.025847,-0.056233
0.031369,-0.026012,-0.054042
0.036086,-0.026178,-0.051842
0.040796,-0.026345,-0.049624
0.045485,-0.026491,-0.047678
0.050139,-0.026597,-0.046282
0.054788,-0.026701,-0.044888
0.059427,-0.026800,-0.043578
0.064068,-0.026908,-0.042143
0.068707,-0.027021,-0.040648
0.073332,-0.027119,-0.039351
0.077952,-0.027216,-0.038056
0.082564,-0.027308,-0.036838
0.087172,-0.027399,-0.035623
0.091785,-0.027510,-0.034153
0.096394,-0.027622,-0.032669
0.100997,-0.027732,-0.031202
0.105600,-0.027855,-0.029574
0.110189,-0.027956,-0.028229
0.114785,-0.028087,-0.026484
0.119373,-0.028212,-0.024831
0.123960,-0.028349,-0.023005
0.128533,-0.028461,-0.021526
0.133107,-0.028595,-0.019738
0.137665,-0.028691,-0.018476
0.142216,-0.028777,-0.017323
0.146763,-0.028863,-0.016191
0.151298,-0.028908,-0.015593
0.155828,-0.028944,-0.015115
0.160350,-0.028942,-0.015140
0.164869,-0.028926,-0.015347
0.169383,-0.028869,-0.016109
0.173896,-0.028787,-0.017193
0.178410,-0.028683,-0.018579
0.182926,-0.028550,-0.020339
0.187445,-0.028383,-0.022555
0.191970,-0.028183,-0.025214
0.196501,-0.027922,-0.028678
0.201043,-0.027560,-0.033492
0.205601,-0.027099,-0.039603
0.210232,-0.025335,-0.063040
-0.084215,-0.013388,-0.158362
-0.078700,-0.014010,-0.150263
-0.073580,-0.014314,-0.146306
-0.068265,-0.014802,-0.139963
-0.062922,-0.015332,-0.133059
-0.057813,-0.015671,-0.128653
-0.052648,-0.016075,-0.123390
-0.047521,-0.016460,-0.118390
-0.042431,-0.016825,-0.113632
-0.037324,-0.017223,-0.108454
-0.032241,-0.017613,-0.103381
-0.027257,-0.017921,-0.099380
-0.022305,-0.018207,-0.095651
-0.017353,-0.018509,-0.091729
-0.012408,-0.018815,-0.087741
-0.007489,-0.019109,-0.083922
-0.002584,-0.019400,-0.080125
0.002314,-0.019699,-0.076234
0.007193,-0.019990,-0.072451
0.012049,-0.020268,-0.068832
0.016897,-0.020552,-0.065133
0.021710,-0.020807,-0.061826
0.026490,-0.021032,-0.058892
0.031224,-0.021208,-0.056606
0.035944,-0.021376,-0.054416
0.040657,-0.021545,-0.052219
0.045341,-0.021682,-0.050432
0.050001,-0.021793,-0.048995
0.054652,-0.021897,-0.047641
0.059301,-0.022005,-0.046238
0.063950,-0.022121,-0.044719
0.068593,-0.022238,-0.043202
0.073231,-0.022354,-0.041687
0.077855,-0.022454,-0.040396
0.082469,-0.022544,-0.039216
0.087076,-0.022628,-0.038124
0.091678,-0.022709,-0.037077
0.096275,-0.022789,-0.036030
0.100879,-0.022891,-0.034702
0.105469,-0.022973,-0.033632
0.110070,-0.023090,-0.032110
0.114663,-0.023200,-0.030677
0.119263,-0.023342,-0.028833
0.123858,-0.023487,-0.026941
0.128434,-0.023594,-0.025554
0.133010,-0.023715,-0.023986
0.137575,-0.023817,-0.022652
0.142141,-0.023937,-0.021093
0.146695,-0.024027,-0.019924
0.151242,-0.024106,-0.018894
0.155779,-0.024153,-0.018287
0.160310,-0.024176,-0.017989
0.164834,-0.024159,-0.018196
0.169352,-0.024100,-0.018964
0.173867,-0.023995,-0.020344
0.178383,-0.023857,-0.022138
0.182903,-0.023704,-0.024128
0.187427,-0.023520,-0.026523
0.191956,-0.023282,-0.029613
0.196494,-0.023010,-0.033157
0.201043,-0.022656,-0.037763
0.205610,-0.022083,-0.045210
0.210426,-0.015845,-0.126394
-0.074810,-0.008483,-0.160095
-0.069267,-0.009165,-0.151395
-0.063746,-0.009852,-0.142628
-0.058242,-0.010549,-0.133731
-0.053060,-0.010971,-0.128355
-0.047885,-0.011402,-0.122849
-0.042690,-0.011871,-0.116874
-0.037570,-0.012284,-0.111600
-0.032474,-0.012691,-0.106406
-0.027408,-0.013084,-0.101392
-0.022438,-0.013393,-0.097457
-0.017491,-0.013691,-0.093648
-0.012551,-0.013996,-0.089764
-0.007641,-0.014282,-0.086116
-0.002741,-0.014570,-0.082444
0.002158,-0.014872,-0.078596
0.007028,-0.015152,-0.075015
0.011881,-0.015428,-0.071502
0.016721,-0.015702,-0.067997
0.021541,-0.015965,-0.064652
0.026318,-0.016185,-0.061846
0.031067,-0.016379,-0.059369
0.035797,-0.016559,-0.057066
0.040503,-0.016715,-0.055084
0.045192,-0.016855,-0.053294
0.049866,-0.016982,-0.051671
0.054521,-0.017089,-0.050314
0.059178,-0.017205,-0.048830
0.063830,-0.017323,-0.047324
0.068477,-0.017442,-0.045806
0.073114,-0.017552,-0.044405
0.077723,-0.017617,-0.043578
0.082334,-0.017693,-0.042603
0.086946,-0.017779,-0.041510
0.091541,-0.017835,-0.040796
0.096125,-0.017875,-0.040286
0.100730,-0.017966,-0.039117
0.105326,-0.018047,-0.038092
0.109917,-0.018124,-0.037112
0.114523,-0.018252,-0.035479
0.119121,-0.018371,-0.033958
0.123720,-0.018506,-0.032233
0.128307,-0.018624,-0.030732
0.132893,-0.018755,-0.029062
0.137476,-0.018893,-0.027296
0.142050,-0.019023,-0.025644
0.146616,-0.019138,-0.024178
0.151177,-0.019251,-0.022736
0.155729,-0.019341,-0.021576
0.160268,-0.019384,-0.021035
0.164794,-0.019351,-0.021450
0.169318,-0.019293,-0.022187
0.173836,-0.019176,-0.023684
0.178352,-0.018986,-0.026107
0.182875,-0.018785,-0.028672
0.187405,-0.018585,-0.031220
0.191942,-0.018359,-0.034113
0.196486,-0.018037,-0.038221
0.201043,-0.017501,-0.045058
0.205625,-0.016707,-0.055177
-0.070630,-0.003162,-0.166945
-0.064896,-0.004038,-0.155983
-0.059218,-0.004894,-0.145269
-0.053544,-0.005781,-0.134183
-0.048296,-0.006284,-0.127891
-0.043091,-0.006763,-0.121887
-0.037871,-0.007279,-0.115440
-0.032716,-0.007749,-0.109565
-0.027638,-0.008157,-0.104451
-0.022613,-0.008527,-0.099830
-0.017627,-0.008870,-0.095536
-0.012697,-0.009166,-0.091827
-0.007782,-0.009459,-0.088162
-0.002882,-0.009749,-0.084535
0.001993,-0.010023,-0.081105
0.006862,-0.010305,-0.077584
0.011719,-0.010586,-0.074065
0.016564,-0.010867,-0.070554
0.021361,-0.011098,-0.067663
0.026143,-0.011323,-0.064841
0.030908,-0.011538,-0.062155
0.035635,-0.011711,-0.059997
0.040339,-0.011860,-0.058130
0.045039,-0.012012,-0.056224
0.049729,-0.012161,-0.054370
0.054393,-0.012277,-0.052911
0.059055,-0.012397,-0.051414
0.063710,-0.012516,-0.049918
0.068361,-0.012636,-0.048420
0.072983,-0.012713,-0.047459
0.077596,-0.012779,-0.046631
0.082206,-0.012845,-0.045802
0.086811,-0.012907,-0.045036
0.091403,-0.012948,-0.044525
0.095994,-0.012988,-0.044013
0.100582,-0.013029,-0.043502
0.105183,-0.013108,-0.042522
0.109765,-0.013145,-0.042054
0.114369,-0.013246,-0.040786
0.118974,-0.013367,-0.039283
0.123577,-0.013493,-0.037701
0.128172,-0.013612,-0.036211
0.132761,-0.013724,-0.034813
0.137345,-0.013839,-0.033372
0.141930,-0.013974,-0.031681
0.146513,-0.014127,-0.029771
0.151093,-0.014291,-0.027715
0.155665,-0.014452,-0.025708
0.160214,-0.014511,-0.024967
0.164750,-0.014504,-0.025057
0.169274,-0.014411,-0.026216
0.173792,-0.014225,-0.028543
0.178310,-0.013980,-0.031609
0.182839,-0.013752,-0.034457
0.187377,-0.013516,-0.037415
0.191921,-0.013239,-0.040875
0.196476,-0.012905,-0.045062
0.201043,-0.012298,-0.052657
-0.060397,0.000993,-0.159206
-0.054517,-0.000092,-0.145899
-0.048888,-0.000966,-0.135162
-0.043504,-0.001626,-0.127061
-0.038264,-0.002165,-0.120451
-0.033052,-0.002697,-0.113926
-0.027880,-0.003207,-0.107657
-0.022816,-0.003621,-0.102578
-0.017825,-0.003973,-0.098268
-0.012856,-0.004314,-0.094080
-0.007925,-0.004628,-0.090221
-0.003020,-0.004925,-0.086578
0.001834,-0.005175,-0.083513
0.006697,-0.005449,-0.080141
0.011558,-0.005735,-0.076632
0.016385,-0.005993,-0.073470
0.021179,-0.006219,-0.070691
0.025967,-0.006450,-0.067864
0.030745,-0.006680,-0.065036
0.035466,-0.006841,-0.063063
0.040174,-0.006993,-0.061199
0.044878,-0.007148,-0.059302
0.049573,-0.007298,-0.057454
0.054252,-0.007434,-0.055790
0.058918,-0.007557,-0.054282
0.063578,-0.007677,-0.052799
0.068221,-0.007777,-0.051573
0.072846,-0.007853,-0.050642
0.077465,-0.007922,-0.049803
0.082080,-0.007989,-0.048979
0.086669,-0.008008,-0.048740
0.091254,-0.008021,-0.048586
0.095853,-0.008068,-0.048005
0.100450,-0.008116,-0.047420
0.105034,-0.008138,-0.047144
0.109622,-0.008173,-0.046714
0.114206,-0.008203,-0.046350
0.118802,-0.008271,-0.045518
0.123404,-0.008368,-0.044322
0.128010,-0.008489,-0.042832
0.132605,-0.008591,-0.041582
0.137196,-0.008696,-0.040298
0.141781,-0.008792,-0.039123
0.146371,-0.008926,-0.037479
0.150959,-0.009076,-0.035633
0.155543,-0.009232,-0.033713
0.160124,-0.009416,-0.031459
0.164670,-0.009404,-0.031611
0.169191,-0.009212,-0.033964
0.173713,-0.008956,-0.037109
0.178250,-0.008761,-0.039498
0.182794,-0.008572,-0.041821
0.187345,-0.008378,-0.044196
0.191900,-0.008093,-0.047704
0.196464,-0.007675,-0.052825
0.201043,-0.002726,-0.113570
-0.055153,0.005299,-0.153569
-0.049473,0.004367,-0.142340
-0.044193,0.003813,-0.135670
-0.038683,0.002993,-0.125791
-0.033429,0.002416,-0.118841
-0.028156,0.001792,-0.111329
-0.023058,0.001338,-0.105857
-0.018023,0.000935,-0.101008
-0.013041,0.000577,-0.096692
-0.008094,0.000242,-0.092664
-0.003182,-0.000065,-0.088966
0.001677,-0.000321,-0.085882
0.006532,-0.000586,-0.082689
0.011391,-0.000869,-0.079280
0.016196,-0.001096,-0.076544
0.020998,-0.001331,-0.073712
0.025790,-0.001565,-0.070900
0.030539,-0.001750,-0.068664
0.035270,-0.001921,-0.066605
0.040007,-0.002111,-0.064322
0.044717,-0.002271,-0.062387
0.049409,-0.002412,-0.060696
0.054093,-0.002550,-0.059028
0.058772,-0.002689,-0.057362
0.063437,-0.002815,-0.055842
0.068072,-0.002892,-0.054908
0.072703,-0.002970,-0.053975
0.077331,-0.003047,-0.053044
0.081938,-0.003091,-0.052520
0.086530,-0.003103,-0.052365
0.091120,-0.003116,-0.052211
0.095710,-0.003129,-0.052056
0.100300,-0.003146,-0.051857
0.104886,-0.003155,-0.051748
0.109471,-0.003164,-0.051641
0.114062,-0.003191,-0.051308
0.118657,-0.003235,-0.050787
0.123249,-0.003278,-0.050263
0.127846,-0.003340,-0.049516
0.132436,-0.003390,-0.048917
0.137033,-0.003473,-0.047913
0.141623,-0.003542,-0.047084
0.146212,-0.003620,-0.046139
0.150794,-0.003677,-0.045459
0.155373,-0.003734,-0.044765
0.159946,-0.003769,-0.044345
0.164513,-0.003769,-0.044350
0.169069,-0.003683,-0.045385
0.173623,-0.003562,-0.046844
0.178179,-0.003409,-0.048688
0.182735,-0.003175,-0.051505
0.187296,-0.002892,-0.054913
0.191857,-0.002319,-0.061814
0.196383,0.001282,-0.105186
-0.049931,0.009592,-0.147967
-0.044434,0.008807,-0.138685
-0.039163,0.008234,-0.131914
-0.033863,0.007606,-0.124480
-0.028531,0.006914,-0.116303
-0.023317,0.006327,-0.109363
-0.018236,0.005870,-0.103959
-0.013236,0.005489,-0.099455
-0.008271,0.005132,-0.095233
-0.003367,0.004834,-0.091704
0.001512,0.004553,-0.088388
0.006370,0.004284,-0.085207
0.011192,0.004050,-0.082438
0.015990,0.003836,-0.079907
0.020807,0.003583,-0.076912
0.025597,0.003354,-0.074205
0.030330,0.003196,-0.072335
0.035059,0.003035,-0.070429
0.039801,0.002841,-0.068141
0.044532,0.002654,-0.065934
0.049245,0.002484,-0.063918
0.053935,0.002342,-0.062244
0.058619,0.002201,-0.060573
0.063279,0.002092,-0.059280
0.067931,0.001990,-0.058083
0.072567,0.001911,-0.057142
0.077194,0.001844,-0.056349
0.081790,0.001835,-0.056246
0.086385,0.001826,-0.056141
0.090981,0.001813,-0.055984
0.095574,0.001807,-0.055909
0.100159,0.001817,-0.056028
0.104745,0.001824,-0.056118
0.109335,0.001820,-0.056067
0.113925,0.001816,-0.056016
0.118506,0.001833,-0.056223
0.123100,0.001812,-0.055977
0.127693,0.001790,-0.055715
0.132288,0.001759,-0.055345
0.136883,0.001722,-0.054907
0.141468,0.001715,-0.054826
0.146053,0.001708,-0.054746
0.150643,0.001680,-0.054406
0.155223,0.001692,-0.054548
0.159802,0.001716,-0.054843
0.164382,0.001733,-0.055043
0.168951,0.001844,-0.056353
0.173521,0.001977,-0.057923
0.178096,0.002110,-0.059494
0.182665,0.002392,-0.062833
0.187238,0.002800,-0.067650
0.191766,0.004830,-0.091661
0.196366,0.006912,-0.116273
-0.050354,0.014798,-0.153159
-0.044656,0.013791,-0.141463
-0.039324,0.013146,-0.133971
-0.034122,0.012619,-0.127856
-0.028941,0.012093,-0.121748
-0.023641,0.011406,-0.113759
-0.018486,0.010860,-0.107429
-0.013440,0.010422,-0.102337
-0.008474,0.010062,-0.098163
-0.003556,0.009747,-0.094496
0.001337,0.009448,-0.091029
0.006181,0.009199,-0.088133
0.010985,0.008990,-0.085716
0.015794,0.008765,-0.083091
0.020605,0.008522,-0.080275
0.025356,0.008355,-0.078334
0.030108,0.008174,-0.076239
0.034853,0.007994,-0.074144
0.039594,0.007810,-0.072005
0.044328,0.007624,-0.069848
0.049054,0.007439,-0.067695
0.053773,0.007253,-0.065545
0.058454,0.007123,-0.064026
0.063117,0.007018,-0.062810
0.067774,0.006914,-0.061599
0.072426,0.006811,-0.060412
0.077040,0.006780,-0.060048
0.081642,0.006771,-0.059940
0.086243,0.006762,-0.059833
0.090843,0.006753,-0.059737
0.095433,0.006768,-0.059903
0.100024,0.006778,-0.060023
0.104615,0.006788,-0.060143
0.109206,0.006799,-0.060263
0.113794,0.006817,-0.060477
0.118382,0.006840,-0.060740
0.122969,0.006862,-0.061002
0.127557,0.006885,-0.061264
0.132152,0.006882,-0.061233
0.136738,0.006916,-0.061623
0.141325,0.006949,-0.062012
0.145913,0.006981,-0.062381
0.150498,0.007035,-0.063002
0.155082,0.007097,-0.063724
0.159669,0.007159,-0.064445
0.164251,0.007267,-0.065707
0.168832,0.007415,-0.067418
0.173418,0.007562,-0.069125
0.178009,0.007709,-0.070833
0.182600,0.007940,-0.073511
0.187157,0.008945,-0.085192
0.191730,0.010506,-0.103319
-0.044840,0.018743,-0.143764
-0.039450,0.018026,-0.135580
-0.034244,0.017488,-0.129442
-0.029013,0.016897,-0.122704
-0.023945,0.016475,-0.117887
-0.018731,0.015855,-0.110821
-0.013659,0.015383,-0.105436
-0.008687,0.015017,-0.101250
-0.003753,0.014681,-0.097417
0.001154,0.014364,-0.093800
0.005971,0.014153,-0.091396
0.010766,0.013961,-0.089208
0.015582,0.013727,-0.086538
0.020366,0.013528,-0.084273
0.025116,0.013368,-0.082442
0.029863,0.013202,-0.080547
0.034622,0.013007,-0.078328
0.039391,0.012783,-0.075772
0.044138,0.012582,-0.073475
0.048872,0.012390,-0.071283
0.053588,0.012216,-0.069303
0.058262,0.012107,-0.068060
0.062931,0.012000,-0.066834
0.067594,0.011895,-0.065643
0.072239,0.011819,-0.064775
0.076871,0.011762,-0.064122
0.081498,0.011711,-0.063542
0.086105,0.011702,-0.063435
0.090701,0.011715,-0.063584
0.095295,0.011734,-0.063798
0.099889,0.011752,-0.064011
0.104486,0.011764,-0.064147
0.109080,0.011785,-0.064385
0.113668,0.011822,-0.064801
0.118258,0.011858,-0.065218
0.122851,0.011887,-0.065544
0.127445,0.011911,-0.065822
0.132032,0.011968,-0.066474
0.136620,0.012025,-0.067127
0.141210,0.012083,-0.067780
0.145804,0.012127,-0.068284
0.150397,0.012187,-0.068973
0.154991,0.012247,-0.069654
0.159588,0.012307,-0.070335
0.164172,0.012466,-0.072152
0.168760,0.012641,-0.074148
0.173356,0.012797,-0.075924
0.177957,0.012952,-0.077703
0.182537,0.013480,-0.083724
0.187110,0.014498,-0.095338
-0.044940,0.023611,-0.145018
-0.039439,0.022756,-0.135433
-0.034236,0.022212,-0.129338
-0.029082,0.021701,-0.123615
-0.023979,0.021230,-0.118337
-0.018943,0.020822,-0.113753
-0.013890,0.020372,-0.108709
-0.008862,0.019932,-0.103781
-0.003955,0.019631,-0.100405
0.000928,0.019347,-0.097218
0.005749,0.019134,-0.094838
0.010556,0.018928,-0.092528
0.015356,0.018722,-0.090218
0.020118,0.018561,-0.088411
0.024874,0.018398,-0.086583
0.029625,0.018233,-0.084738
0.034396,0.018026,-0.082418
0.039173,0.017796,-0.079831
0.043941,0.017565,-0.077248
0.048695,0.017345,-0.074776
0.053385,0.017226,-0.073445
0.058066,0.017115,-0.072196
0.062742,0.017003,-0.070945
0.067403,0.016913,-0.069941
0.072043,0.016859,-0.069328
0.076682,0.016801,-0.068684
0.081319,0.016744,-0.068041
0.085947,0.016700,-0.067554
0.090557,0.016696,-0.067509
0.095157,0.016715,-0.067723
0.099757,0.016735,-0.067936
0.104356,0.016756,-0.068177
0.108953,0.016787,-0.068522
0.113548,0.016824,-0.068938
0.118144,0.016861,-0.069355
0.122740,0.016898,-0.069772
0.127337,0.016939,-0.070234
0.131934,0.016985,-0.070741
0.136531,0.017034,-0.071294
0.141129,0.017083,-0.071848
0.145720,0.017176,-0.072884
0.150313,0.017269,-0.073925
0.154914,0.017339,-0.074716
0.159513,0.017430,-0.075738
0.164105,0.017599,-0.077631
0.168703,0.017758,-0.079412
0.173307,0.017917,-0.081194
0.177903,0.018230,-0.084703
0.182486,0.018889,-0.092086
0.187071,0.019938,-0.103854
-0.045083,0.028532,-0.146811
-0.039442,0.027503,-0.135473
-0.034199,0.026903,-0.128859
-0.029030,0.026365,-0.122931
-0.023981,0.025951,-0.118369
-0.018969,0.025565,-0.114113
-0.013957,0.025160,-0.109654
-0.009069,0.024898,-0.106768
-0.004105,0.024522,-0.102623
0.000721,0.024317,-0.100360
0.005521,0.024136,-0.098372
0.010336,0.023923,-0.096025
0.015095,0.023781,-0.094464
0.019862,0.023620,-0.092686
0.024632,0.023444,-0.090744
0.029401,0.023257,-0.088687
0.034192,0.023024,-0.086113
0.038974,0.022790,-0.083541
0.043747,0.022557,-0.080967
0.048477,0.022386,-0.079088
0.053180,0.022252,-0.077614
0.057871,0.022132,-0.076288
0.062551,0.022022,-0.075081
0.067198,0.021973,-0.074536
0.071843,0.021923,-0.073991
0.076485,0.021874,-0.073446
0.081126,0.021823,-0.072888
0.085756,0.021790,-0.072525
0.090385,0.021757,-0.072162
0.095013,0.021725,-0.071800
0.099620,0.021741,-0.071981
0.104223,0.021772,-0.072321
0.108826,0.021803,-0.072662
0.113429,0.021834,-0.073002
0.118033,0.021866,-0.073358
0.122635,0.021907,-0.073806
0.127238,0.021950,-0.074283
0.131841,0.021993,-0.074760
0.136446,0.022036,-0.075236
0.141049,0.022092,-0.075851
0.145642,0.022204,-0.077085
0.150239,0.022316,-0.078320
0.154842,0.022411,-0.079369
0.159443,0.022542,-0.080809
0.164042,0.022716,-0.082721
0.168647,0.022889,-0.084634
0.173258,0.023057,-0.086484
0.177843,0.023609,-0.092560
0.182452,0.024070,-0.097649
-0.045110,0.033326,-0.147146
-0.039382,0.032178,-0.134716
-0.034114,0.031535,-0.127750
-0.028975,0.031024,-0.122206
-0.023899,0.030567,-0.117255
-0.018933,0.030231,-0.113615
-0.013983,0.029899,-0.110022
-0.009062,0.029590,-0.106677
-0.004253,0.029418,-0.104810
0.000530,0.029274,-0.103250
0.005344,0.029077,-0.101113
0.010110,0.028939,-0.099617
0.014841,0.028846,-0.098608
0.019583,0.028728,-0.097335
0.024363,0.028544,-0.095336
0.029191,0.028271,-0.092385
0.033989,0.028031,-0.089780
0.038777,0.027793,-0.087208
0.043539,0.027585,-0.084945
0.048256,0.027446,-0.083438
0.052967,0.027307,-0.081940
0.057673,0.027169,-0.080444
0.062339,0.027099,-0.079686
0.066993,0.027049,-0.079137
0.071645,0.026998,-0.078589
0.076293,0.026950,-0.078073
0.080926,0.026933,-0.077889
0.085560,0.026911,-0.077646
0.090197,0.026877,-0.077280
0.094832,0.026843,-0.076914
0.099459,0.026828,-0.076745
0.104082,0.026822,-0.076685
0.108692,0.026854,-0.077029
0.113302,0.026886,-0.077375
0.117914,0.026913,-0.077674
0.122529,0.026932,-0.077875
0.127143,0.026957,-0.078151
0.131752,0.027000,-0.078613
0.136363,0.027043,-0.079075
0.140965,0.027136,-0.080081
0.145564,0.027249,-0.081315
0.150168,0.027363,-0.082550
0.154777,0.027461,-0.083603
0.159382,0.027608,-0.085198
0.163990,0.027772,-0.086974
0.168603,0.027936,-0.088752
0.173213,0.028177,-0.091359
0.177810,0.028677,-0.096780
0.182431,0.029065,-0.100980
-0.045028,0.037994,-0.146123
-0.039223,0.036732,-0.132677
-0.033946,0.036065,-0.125569
-0.028807,0.035540,-0.119968
-0.023807,0.035168,-0.116009
-0.018830,0.034809,-0.112182
-0.013931,0.034537,-0.109287
-0.009101,0.034344,-0.107229
-0.004321,0.034212,-0.105825
0.000443,0.034094,-0.104568
0.005193,0.033989,-0.103447
0.009879,0.033974,-0.103282
0.014591,0.033916,-0.102670
0.019333,0.033809,-0.101522
0.024136,0.033594,-0.099236
0.028959,0.033333,-0.096458
0.033776,0.033067,-0.093626
0.038574,0.032818,-0.090971
0.043315,0.032656,-0.089245
0.048049,0.032495,-0.087521
0.052773,0.032342,-0.085892
0.057461,0.032248,-0.084891
0.062126,0.032194,-0.084324
0.066788,0.032142,-0.083757
0.071447,0.032088,-0.083194
0.076091,0.032067,-0.082965
0.080731,0.032050,-0.082780
0.085370,0.032032,-0.082594
0.090008,0.032014,-0.082401
0.094643,0.032002,-0.082268
0.099278,0.031987,-0.082109
0.103913,0.031972,-0.081949
0.108546,0.031957,-0.081788
0.113173,0.031958,-0.081803
0.117793,0.031980,-0.082041
0.122414,0.032002,-0.082275
0.127038,0.032017,-0.082428
0.131661,0.032031,-0.082580
0.136277,0.032079,-0.083088
0.140883,0.032180,-0.084169
0.145493,0.032278,-0.085208
0.150105,0.032375,-0.086247
0.154720,0.032477,-0.087336
0.159331,0.032625,-0.088905
0.163946,0.032781,-0.090573
0.168564,0.032948,-0.092355
0.173175,0.033251,-0.095577
0.177790,0.033611,-0.099420
-0.044695,0.042361,-0.141953
-0.038965,0.041163,-0.129395
-0.033728,0.040527,-0.122731
-0.028646,0.040060,-0.117832
-0.023662,0.039698,-0.114041
-0.018722,0.039378,-0.110689
-0.013873,0.039167,-0.108470
-0.009088,0.039032,-0.107053
-0.004367,0.038979,-0.106499
0.000381,0.038883,-0.105495
0.005081,0.038853,-0.105184
0.009765,0.038844,-0.105088
0.014434,0.038858,-0.105232
0.019126,0.038833,-0.104970
0.023951,0.038588,-0.102409
0.028783,0.038317,-0.099569
0.033602,0.038051,-0.096777
0.038364,0.037871,-0.094886
0.043112,0.037704,-0.093134
0.047851,0.037542,-0.091438
0.052572,0.037404,-0.089994
0.057257,0.037327,-0.089186
0.061932,0.037266,-0.088544
0.066602,0.037208,-0.087935
0.071254,0.037185,-0.087696
0.075897,0.037180,-0.087646
0.080542,0.037168,-0.087520
0.085188,0.037150,-0.087327
0.089828,0.037147,-0.087300
0.094464,0.037151,-0.087340
0.099100,0.037155,-0.087381
0.103742,0.037141,-0.087234
0.108385,0.037122,-0.087034
0.113028,0.037097,-0.086769
0.117670,0.037071,-0.086505
0.122300,0.037086,-0.086660
0.126929,0.037103,-0.086842
0.131558,0.037124,-0.087057
0.136182,0.037168,-0.087518
0.140805,0.037221,-0.088078
0.145425,0.037300,-0.088897
0.150043,0.037399,-0.089939
0.154662,0.037513,-0.091140
0.159279,0.037664,-0.092713
0.163900,0.037814,-0.094287
0.168525,0.037974,-0.095968
0.173141,0.038289,-0.099266
-0.044081,0.046376,-0.134277
-0.038685,0.045557,-0.125825
-0.033553,0.045036,-0.120453
-0.028513,0.044610,-0.116062
-0.023524,0.044234,-0.112178
-0.018668,0.044017,-0.109940
-0.013842,0.043831,-0.108026
-0.009065,0.043704,-0.106710
-0.004375,0.043694,-0.106615
0.000314,0.043685,-0.106522
0.004988,0.043696,-0.106636
0.009658,0.043711,-0.106790
0.014338,0.043712,-0.106797
0.019083,0.043604,-0.105686
0.023828,0.043491,-0.104515
0.028642,0.043252,-0.102048
0.033411,0.043075,-0.100230
0.038155,0.042934,-0.098776
0.042911,0.042762,-0.096994
0.047657,0.042594,-0.095261
0.052353,0.042514,-0.094440
0.057046,0.042435,-0.093626
0.061735,0.042356,-0.092813
0.066409,0.042303,-0.092261
0.071060,0.042298,-0.092209
0.075710,0.042293,-0.092158
0.080359,0.042288,-0.092107
0.084999,0.042303,-0.092257
0.089642,0.042311,-0.092342
0.094286,0.042315,-0.092391
0.098930,0.042320,-0.092439
0.103575,0.042318,-0.092422
0.108224,0.042303,-0.092267
0.112876,0.042277,-0.091993
0.117526,0.042250,-0.091719
0.122175,0.042224,-0.091446
0.126818,0.042216,-0.091365
0.131448,0.042261,-0.091826
0.136080,0.042305,-0.092286
0.140711,0.042356,-0.092814
0.145342,0.042411,-0.093376
0.149975,0.042465,-0.093937
0.154604,0.042561,-0.094922
0.159227,0.042712,-0.096482
0.163854,0.042863,-0.098044
0.168486,0.043015,-0.099607
0.173114,0.043261,-0.102142
-0.043802,0.050781,-0.130782
-0.038527,0.050093,-0.123801
-0.033435,0.049611,-0.118911
-0.028411,0.049197,-0.114707
-0.023496,0.048911,-0.111794
-0.018634,0.048682,-0.109472
-0.013843,0.048541,-0.108039
-0.009110,0.048475,-0.107373
-0.004432,0.048483,-0.107458
0.000254,0.048480,-0.107420
0.004934,0.048484,-0.107462
0.009606,0.048499,-0.107616
0.014298,0.048483,-0.107450
0.019032,0.048393,-0.106538
0.023780,0.048274,-0.105335
0.028509,0.048180,-0.104381
0.033233,0.048090,-0.103462
0.037969,0.047969,-0.102234
0.042703,0.047844,-0.100965
0.047414,0.047755,-0.100062
0.052118,0.047672,-0.099223
0.056819,0.047590,-0.098387
0.061510,0.047523,-0.097703
0.066186,0.047481,-0.097284
0.070860,0.047440,-0.096866
0.075522,0.047422,-0.096678
0.080171,0.047434,-0.096806
0.084814,0.047461,-0.097079
0.089458,0.047488,-0.097353
0.094102,0.047514,-0.097616
0.098756,0.047511,-0.097588
0.103412,0.047501,-0.097479
0.108067,0.047490,-0.097370
0.112722,0.047479,-0.097261
0.117379,0.047456,-0.097032
0.122039,0.047422,-0.096680
0.126697,0.047387,-0.096325
0.131337,0.047422,-0.096680
0.135977,0.047460,-0.097072
0.140616,0.047509,-0.097566
0.145256,0.047560,-0.098085
0.149904,0.047568,-0.098160
0.154552,0.047578,-0.098263
0.159180,0.047732,-0.099826
0.163813,0.047886,-0.101392
0.168459,0.047958,-0.102124
-0.043544,0.055203,-0.127555
-0.038413,0.054682,-0.122348
-0.033315,0.054183,-0.117358
-0.028387,0.053885,-0.114389
-0.023477,0.053600,-0.111531
-0.018640,0.053402,-0.109556
-0.013866,0.053283,-0.108365
-0.009125,0.053205,-0.107589
-0.004453,0.053224,-0.107774
0.000232,0.053222,-0.107759
0.004910,0.053231,-0.107844
0.009579,0.053252,-0.108055
0.014283,0.053215,-0.107688
0.018993,0.053165,-0.107187
0.023720,0.053082,-0.106362
0.028416,0.053049,-0.106028
0.033092,0.053046,-0.105999
0.037788,0.053007,-0.105608
0.042488,0.052955,-0.105091
0.047169,0.052936,-0.104901
0.051868,0.052879,-0.104325
0.056572,0.052804,-0.103575
0.061262,0.052754,-0.103080
0.065948,0.052708,-0.102619
0.070631,0.052665,-0.102187
0.075311,0.052624,-0.101777
0.079987,0.052588,-0.101416
0.084638,0.052613,-0.101670
0.089289,0.052638,-0.101924
0.093938,0.052673,-0.102264
0.098583,0.052716,-0.102698
0.103234,0.052747,-0.103012
0.107898,0.052734,-0.102882
0.112563,0.052718,-0.102723
0.117234,0.052675,-0.102285
0.121904,0.052632,-0.101858
0.126570,0.052593,-0.101470
0.131222,0.052614,-0.101683
0.135870,0.052650,-0.102040
0.140526,0.052656,-0.102095
0.145182,0.052657,-0.102112
0.149836,0.052665,-0.102188
0.154491,0.052672,-0.102263
0.159134,0.052764,-0.103178
0.163775,0.052895,-0.104488
-0.038240,0.059191,-0.120141
-0.033274,0.058853,-0.116815
-0.028339,0.058542,-0.113758
-0.023449,0.058279,-0.111162
-0.018652,0.058133,-0.109727
-0.013883,0.058019,-0.108606
-0.009135,0.057930,-0.107734
-0.004446,0.057924,-0.107675
0.000232,0.057932,-0.107752
0.004901,0.057955,-0.107974
0.009581,0.057959,-0.108013
0.014264,0.057957,-0.107991
0.018965,0.057923,-0.107663
0.023672,0.057874,-0.107177
0.028312,0.057943,-0.107858
0.032990,0.057942,-0.107844
0.037645,0.057984,-0.108259
0.042241,0.058142,-0.109814
0.046897,0.058189,-0.110279
0.051590,0.058158,-0.109972
0.056281,0.058130,-0.109697
0.060984,0.058070,-0.109109
0.065686,0.058009,-0.108509
0.070386,0.057946,-0.107893
0.075077,0.057900,-0.107433
0.079765,0.057854,-0.106986
0.084451,0.057809,-0.106541
0.089120,0.057806,-0.106509
0.093772,0.057853,-0.106970
0.098423,0.057900,-0.107433
0.103076,0.057947,-0.107895
0.107735,0.057978,-0.108204
0.112408,0.057960,-0.108024
0.117088,0.057914,-0.107574
0.121766,0.057868,-0.107124
0.126442,0.057823,-0.106680
0.131110,0.057808,-0.106529
0.135776,0.057799,-0.106441
0.140441,0.057790,-0.106354
0.145105,0.057783,-0.106280
0.149767,0.057785,-0.106301
0.154429,0.057787,-0.106321
0.159088,0.057809,-0.106539
0.163744,0.057857,-0.107014
-0.033231,0.063521,-0.116254
-0.028292,0.063199,-0.113126
-0.023438,0.062980,-0.111005
-0.018627,0.062812,-0.109373
-0.013848,0.062682,-0.108115
-0.009127,0.062629,-0.107606
-0.004433,0.062616,-0.107480
0.000250,0.062617,-0.107487
0.004913,0.062648,-0.107786
0.009571,0.062687,-0.108170
0.014245,0.062702,-0.108309
0.018927,0.062700,-0.108293
0.023633,0.062654,-0.107847
0.028277,0.062718,-0.108465
0.032905,0.062814,-0.109398
0.037473,0.063027,-0.111462
0.042057,0.063221,-0.113339
0.046645,0.063417,-0.115247
0.051235,0.063619,-0.117207
0.055913,0.063643,-0.117436
0.060636,0.063563,-0.116664
0.065365,0.063465,-0.115711
0.070090,0.063368,-0.114766
0.074801,0.063298,-0.114088
0.079505,0.063237,-0.113503
0.084199,0.063198,-0.113121
0.088890,0.063162,-0.112776
0.093579,0.063127,-0.112432
0.098253,0.063131,-0.112470
0.102920,0.063159,-0.112746
0.107593,0.063167,-0.112823
0.112266,0.063175,-0.112899
0.116939,0.063183,-0.112976
0.121626,0.063134,-0.112504
0.126314,0.063072,-0.111895
0.131001,0.063009,-0.111286
0.135680,0.062971,-0.110915
0.140353,0.062956,-0.110771
0.145025,0.062941,-0.110627
0.149701,0.062896,-0.110190
0.154372,0.062876,-0.109999
0.159044,0.062843,-0.109676
-0.028245,0.067856,-0.112508
-0.023401,0.067646,-0.110506
-0.018593,0.067479,-0.108907
-0.013816,0.067348,-0.107661
-0.009094,0.067293,-0.107130
-0.004417,0.067304,-0.107240
0.000263,0.067310,-0.107296
0.004917,0.067356,-0.107735
0.009572,0.067400,-0.108156
0.014238,0.067428,-0.108425
0.018911,0.067443,-0.108562
0.023600,0.067428,-0.108424
0.028211,0.067554,-0.109629
0.032808,0.067713,-0.111145
0.037337,0.068011,-0.113989
0.041858,0.068342,-0.117148
0.046404,0.068640,-0.119995
0.051000,0.068848,-0.121986
0.055600,0.069059,-0.124005
0.060204,0.069274,-0.126056
0.064922,0.069233,-0.125662
0.069670,0.069117,-0.124553
0.074421,0.068981,-0.123259
0.079175,0.068826,-0.121773
0.083924,0.068670,-0.120287
0.088647,0.068574,-0.119369
0.093346,0.068538,-0.119025
0.098052,0.068476,-0.118435
0.102759,0.068403,-0.117737
0.107444,0.068397,-0.117679
0.112125,0.068405,-0.117759
0.116813,0.068384,-0.117553
0.121505,0.068339,-0.117121
0.126198,0.068286,-0.116616
0.130890,0.068231,-0.116096
0.135581,0.068171,-0.115521
0.140274,0.068086,-0.114709
0.144961,0.068019,-0.114066
0.149647,0.067952,-0.113423
0.154323,0.067930,-0.113217
-0.018539,0.072117,-0.108163
-0.013768,0.071990,-0.106972
-0.009076,0.071979,-0.106868
-0.004400,0.071993,-0.106995
0.000261,0.072027,-0.107319
0.004916,0.072073,-0.107753
0.009554,0.072146,-0.108440
0.014210,0.072193,-0.108879
0.018866,0.072239,-0.109318
0.023526,0.072278,-0.109682
0.028123,0.072436,-0.111172
0.032683,0.072674,-0.113412
0.037176,0.073054,-0.116985
0.041702,0.073389,-0.120135
0.046229,0.073741,-0.123457
0.050750,0.074126,-0.127073
0.055288,0.074497,-0.130566
0.059900,0.074720,-0.132666
0.064551,0.074863,-0.134015
0.069214,0.074984,-0.135151
0.074039,0.074699,-0.132469
0.078830,0.074480,-0.130407
0.083595,0.074316,-0.128865
0.088356,0.074146,-0.127267
0.093124,0.073937,-0.125300
0.097850,0.073844,-0.124425
0.102565,0.073773,-0.123750
0.107279,0.073701,-0.123075
0.111993,0.073615,-0.122266
0.116694,0.073569,-0.121837
0.121394,0.073524,-0.121408
0.126091,0.073478,-0.120979
0.130796,0.073393,-0.120180
0.135500,0.073295,-0.119254
0.140202,0.073197,-0.118328
0.144896,0.073119,-0.117595
0.149588,0.073043,-0.116882
0.154275,0.072983,-0.116316
-0.013750,0.076679,-0.106726
-0.009060,0.076670,-0.106642
-0.004390,0.076691,-0.106837
0.000269,0.076730,-0.107201
0.004919,0.076783,-0.107691
0.009534,0.076898,-0.108761
0.014147,0.077021,-0.109898
0.018793,0.077089,-0.110533
0.023428,0.077180,-0.111372
0.028016,0.077361,-0.113056
0.032557,0.077644,-0.115677
0.037036,0.078066,-0.119594
0.041507,0.078529,-0.123889
0.045961,0.079052,-0.128741
0.050470,0.079487,-0.132780
0.055007,0.079884,-0.136457
0.059586,0.080208,-0.139466
0.064196,0.080478,-0.141972
0.068882,0.080577,-0.142885
0.073584,0.080638,-0.143456
0.078374,0.080465,-0.141850
0.083250,0.080033,-0.137839
0.088084,0.079689,-0.134647
0.092861,0.079486,-0.132769
0.097631,0.079284,-0.130892
0.102385,0.079119,-0.129361
0.107122,0.078992,-0.128181
0.111855,0.078864,-0.127000
0.116578,0.078762,-0.126052
0.121284,0.078713,-0.125595
0.126001,0.078613,-0.124664
0.130714,0.078512,-0.123733
0.135423,0.078417,-0.122849
0.140130,0.078319,-0.121942
0.144834,0.078218,-0.121001
0.149535,0.078114,-0.120043
-0.009044,0.081361,-0.106413
-0.004388,0.081405,-0.106810
0.000267,0.081450,-0.107223
0.004873,0.081580,-0.108412
0.009474,0.081722,-0.109715
0.014088,0.081849,-0.110868
0.018707,0.081969,-0.111972
0.023301,0.082142,-0.113548
0.027884,0.082343,-0.115389
0.032394,0.082697,-0.118632
0.036882,0.083116,-0.122461
0.041262,0.083785,-0.128580
0.045702,0.084361,-0.133849
0.050157,0.084941,-0.139149
0.054626,0.085522,-0.144467
0.059144,0.086026,-0.149070
0.063754,0.086336,-0.151909
0.068374,0.086641,-0.154700
0.073101,0.086687,-0.155116
0.077987,0.086296,-0.151545
0.082720,0.086310,-0.151670
0.087671,0.085674,-0.145856
0.092610,0.085021,-0.139877
0.097407,0.084766,-0.137547
0.102202,0.084490,-0.135026
0.106978,0.084253,-0.132861
0.111717,0.084131,-0.131739
0.116453,0.084004,-0.130579
0.121185,0.083876,-0.129414
0.125908,0.083769,-0.128433
0.130629,0.083662,-0.127452
0.135350,0.083531,-0.126255
0.140064,0.083417,-0.125211
0.144776,0.083298,-0.124127
0.000230,0.086232,-0.107790
0.004815,0.086399,-0.109303
0.009399,0.086578,-0.110913
0.013993,0.086743,-0.112403
0.018583,0.086924,-0.114036
0.023148,0.087161,-0.116167
0.027725,0.087383,-0.118176
0.032206,0.087812,-0.122041
0.036647,0.088343,-0.126829
0.040978,0.089140,-0.134015
0.045353,0.089886,-0.140741
0.049528,0.091129,-0.151946
0.081958,0.093299,-0.171515
0.087050,0.092324,-0.162725
0.092117,0.091339,-0.153841
0.097074,0.090625,-0.147404
0.101973,0.090041,-0.142140
0.106782,0.089722,-0.139262
0.111586,0.089384,-0.136214
0.116331,0.089249,-0.134995
0.121071,0.089113,-0.133772
0.125806,0.088982,-0.132589
0.130543,0.088824,-0.131168
0.135275,0.088667,-0.129747
0.140000,0.088524,-0.128463
0.144725,0.088354,-0.126925
0.009313,0.091457,-0.112273
0.013884,0.091671,-0.114176
0.018434,0.091935,-0.116521
0.022997,0.092185,-0.118747
0.027507,0.092554,-0.122027
0.032001,0.092971,-0.125734
0.036365,0.093685,-0.132081
0.040388,0.095172,-0.145310
0.091521,0.098030,-0.170724
0.096618,0.096928,-0.160922
0.101635,0.095994,-0.152616
0.106587,0.095205,-0.145598
0.111402,0.094861,-0.142538
0.116212,0.094495,-0.139289
0.120964,0.094337,-0.137884
0.125721,0.094133,-0.136069
0.130468,0.093949,-0.134427
0.135205,0.093788,-0.132997
0.139944,0.093592,-0.131251
0.022846,0.097220,-0.121333
0.027290,0.097733,-0.125834
0.031739,0.098264,-0.130486
0.035991,0.099240,-0.139049
0.101286,0.102022,-0.163452
0.106322,0.100972,-0.154241
0.111250,0.100231,-0.147744
0.116064,0.099879,-0.144652
0.120864,0.099545,-0.141722
0.125628,0.099330,-0.139836
0.130388,0.099110,-0.137905
0.135143,0.098883,-0.135916
0.105843,0.107573,-0.169857
0.111017,0.105942,-0.155742
0.115907,0.105316,-0.150326
0.120732,0.104905,-0.146766
0.125531,0.104564,-0.143810
0.130305,0.104296,-0.141496
0.115718,0.110913,-0.157194
0.120569,0.110423,-0.153006
0.125397,0.109984,-0.149256
0.130195,0.109638,-0.146300
0.120331,0.116304,-0.162133
0.125226,0.115604,-0.156234
