X,Y,Z
-0.221699,0.448781,0.142163
-0.215807,0.452604,0.144615
-0.218913,0.453209,0.150042
-0.233314,0.465558,0.146215
-0.229289,0.460142,0.147608
-0.235781,0.457616,0.142427
-0.233135,0.451935,0.151973
-0.240036,0.462417,0.156808
-0.245832,0.461926,0.153438
-0.194658,0.449718,0.148080
-0.192172,0.456702,0.150718
-0.197798,0.459059,0.145043
-0.198089,0.467501,0.154821
-0.198369,0.456252,0.154740
-0.200492,0.457185,0.149764
-0.223150,0.460686,0.157929
-0.218279,0.466108,0.162048
-0.219087,0.458190,0.154583
-0.217990,0.475558,0.162421
-0.215661,0.461173,0.158862
-0.224871,0.474817,0.162523
-0.229427,0.474728,0.161171
-0.228036,0.462081,0.162064
-0.247199,0.466931,0.164272
-0.236236,0.466644,0.164658
-0.144336,0.458807,0.157763
-0.155880,0.464233,0.161084
-0.169683,0.473802,0.164579
-0.166343,0.459433,0.155938
-0.174057,0.464202,0.149718
-0.173822,0.461369,0.168470
-0.165740,0.453621,0.160903
-0.175270,0.461594,0.164374
-0.189359,0.461685,0.154103
-0.177502,0.464799,0.164927
-0.180637,0.456890,0.158104
-0.184391,0.463002,0.163831
-0.191887,0.460728,0.164017
-0.190345,0.455278,0.160141
-0.195829,0.461976,0.153610
-0.194398,0.469002,0.163764
-0.207056,0.469732,0.169689
-0.217852,0.470451,0.170254
-0.203839,0.469710,0.168601
-0.217126,0.468180,0.168273
-0.215177,0.454086,0.172838
-0.228795,0.472619,0.163245
-0.219052,0.471629,0.163750
-0.222079,0.469559,0.168290
-0.221513,0.459814,0.164393
-0.238679,0.479408,0.167757
-0.231426,0.463623,0.174616
-0.247346,0.463676,0.171861
-0.241061,0.468025,0.168894
-0.107895,0.497552,0.200366
-0.133703,0.468040,0.166659
-0.139569,0.468475,0.176211
-0.132846,0.465408,0.175085
-0.137362,0.480856,0.171117
-0.139138,0.471537,0.174957
-0.140183,0.462133,0.179876
-0.150451,0.463473,0.180504
-0.153841,0.468289,0.182087
-0.151410,0.460468,0.170586
-0.154389,0.478162,0.176972
-0.161003,0.470237,0.179917
-0.163004,0.477620,0.177600
-0.162131,0.465347,0.173162
-0.160434,0.468021,0.171514
-0.174642,0.468744,0.175643
-0.176606,0.458951,0.177064
-0.173402,0.464706,0.173120
-0.183790,0.467787,0.178489
-0.189855,0.472570,0.171097
-0.181727,0.479507,0.164820
-0.181906,0.463488,0.170645
-0.195897,0.474038,0.178074
-0.205067,0.469045,0.169726
-0.203599,0.465376,0.175798
-0.200097,0.471730,0.178504
-0.211266,0.469481,0.164245
-0.214882,0.465535,0.178084
-0.213999,0.464020,0.184011
-0.213787,0.461023,0.175252
-0.214746,0.469603,0.177366
-0.229983,0.468939,0.179666
-0.222951,0.467998,0.170063
-0.231770,0.463949,0.172783
-0.222177,0.466695,0.177397
-0.238519,0.464612,0.181669
-0.240228,0.464404,0.175349
-0.246686,0.474005,0.182151
-0.088452,0.503994,0.207411
-0.096172,0.510845,0.203766
-0.095489,0.494262,0.194543
-0.107132,0.502135,0.202927
-0.104905,0.497865,0.199456
-0.104963,0.492817,0.198520
-0.111895,0.501865,0.206739
-0.102043,0.497223,0.207649
-0.124791,0.486363,0.198113
-0.125199,0.501621,0.201915
-0.122208,0.501416,0.198800
-0.117385,0.496702,0.205292
-0.129738,0.506410,0.207318
-0.133735,0.501092,0.209078
-0.144670,0.495903,0.206816
-0.142643,0.502199,0.197843
-0.143112,0.483459,0.191742
-0.151205,0.483972,0.184925
-0.144488,0.483253,0.191327
-0.152714,0.478010,0.181715
-0.151929,0.468211,0.178068
-0.150706,0.478627,0.187771
-0.148946,0.467149,0.183928
-0.158621,0.475185,0.173821
-0.164139,0.480785,0.185513
-0.168347,0.470556,0.175947
-0.174148,0.476338,0.177480
-0.172930,0.472652,0.184893
-0.175236,0.475800,0.177829
-0.181061,0.466348,0.185723
-0.187484,0.467125,0.184954
-0.182609,0.473461,0.183552
-0.186760,0.468788,0.187895
-0.201554,0.466762,0.181563
-0.189039,0.462868,0.180114
-0.200249,0.478636,0.179622
-0.200371,0.466977,0.182220
-0.204640,0.470163,0.182040
-0.210350,0.475337,0.183036
-0.214291,0.466822,0.184271
-0.217539,0.471926,0.181759
-0.214707,0.477596,0.177984
-0.218174,0.457923,0.169650
-0.225946,0.476875,0.183393
-0.219415,0.466086,0.175941
-0.233048,0.478383,0.180781
-0.234557,0.464507,0.181398
-0.240690,0.464799,0.165137
-0.241158,0.470949,0.181007
-0.244977,0.467741,0.183228
-0.074949,0.499334,0.212564
-0.084559,0.499648,0.222076
-0.094546,0.496907,0.204193
-0.083304,0.492989,0.213272
-0.093584,0.500246,0.210957
-0.088970,0.495821,0.206088
-0.093832,0.493502,0.208754
-0.104057,0.499436,0.206506
-0.097792,0.494987,0.209892
-0.100432,0.489732,0.203860
-0.110312,0.493273,0.208860
-0.113460,0.499957,0.214978
-0.115896,0.506640,0.215252
-0.120877,0.496400,0.207910
-0.119457,0.494400,0.207118
-0.128164,0.491092,0.214937
-0.121182,0.493168,0.211223
-0.128682,0.492797,0.209221
-0.130689,0.496516,0.195422
-0.131204,0.501592,0.202231
-0.141596,0.491744,0.215444
-0.149371,0.495195,0.206113
-0.153000,0.489533,0.198888
-0.147999,0.483304,0.190221
-0.154862,0.473645,0.190451
-0.151604,0.473146,0.195606
-0.161542,0.483055,0.189998
-0.156285,0.471021,0.193247
-0.173782,0.467227,0.189097
-0.175953,0.478179,0.189785
-0.167259,0.470705,0.186530
-0.193219,0.476771,0.189681
-0.186997,0.464441,0.176223
-0.182558,0.470123,0.182611
-0.181080,0.477139,0.179746
-0.186403,0.475437,0.196539
-0.187274,0.469130,0.183937
-0.190225,0.468806,0.186202
-0.198921,0.467258,0.185774
-0.201308,0.468492,0.171507
-0.203084,0.466097,0.192205
-0.195638,0.462234,0.183586
-0.210744,0.465134,0.179511
-0.211246,0.477061,0.176590
-0.224035,0.472832,0.178806
-0.219067,0.469741,0.183584
-0.234248,0.471526,0.190603
-0.234532,0.472554,0.186755
-0.236656,0.468115,0.176839
-0.227582,0.458993,0.183830
-0.234431,0.472316,0.192030
-0.246795,0.470142,0.177919
-0.240971,0.467210,0.182663
-0.238303,0.458890,0.177106
-0.059687,0.461945,0.181757
-0.061036,0.469763,0.188189
-0.066907,0.480754,0.192480
-0.075289,0.491099,0.210187
-0.076004,0.498349,0.219153
-0.078989,0.506652,0.207451
-0.081746,0.495440,0.212432
-0.087991,0.493783,0.213282
-0.088271,0.487094,0.217339
-0.103281,0.497314,0.211391
-0.086212,0.498452,0.214148
-0.093567,0.501236,0.202189
-0.104595,0.491463,0.209423
-0.110756,0.497448,0.206448
-0.094685,0.502069,0.209559
-0.107105,0.497750,0.208337
-0.113192,0.502344,0.206118
-0.119967,0.487665,0.199255
-0.116386,0.491563,0.214399
-0.128963,0.492254,0.214184
-0.129282,0.487859,0.213475
-0.127751,0.490882,0.208588
-0.131802,0.498837,0.212663
-0.135284,0.495651,0.207253
-0.136227,0.495122,0.203346
-0.141065,0.490225,0.214620
-0.144038,0.491357,0.214256
-0.153742,0.502016,0.212452
-0.153142,0.488178,0.194001
-0.147015,0.477086,0.201382
-0.151958,0.476107,0.199293
-0.162350,0.481290,0.201570
-0.153770,0.478948,0.199377
-0.156998,0.478716,0.190512
-0.165307,0.480879,0.191773
-0.174629,0.469103,0.186277
-0.177406,0.475485,0.188699
-0.180181,0.474923,0.194852
-0.177836,0.468628,0.191879
-0.177277,0.472017,0.191444
-0.194302,0.469890,0.187984
-0.188548,0.474625,0.187214
-0.196559,0.470782,0.181293
-0.201965,0.468412,0.184259
-0.203393,0.471258,0.192012
-0.202717,0.467562,0.191348
-0.206317,0.461280,0.189982
-0.212897,0.468524,0.188010
-0.218105,0.467165,0.189012
-0.212235,0.466878,0.184384
-0.215315,0.466662,0.187930
-0.221664,0.467460,0.186563
-0.217891,0.477265,0.184122
-0.229327,0.469675,0.185277
-0.240785,0.462061,0.184924
-0.227279,0.464576,0.191715
-0.235452,0.464554,0.196824
-0.246310,0.465658,0.187920
-0.242388,0.468944,0.176069
-0.046856,0.451938,0.179638
-0.049565,0.456787,0.191099
-0.039417,0.464089,0.189407
-0.051004,0.464029,0.196800
-0.050778,0.470120,0.193260
-0.063564,0.473748,0.198634
-0.069067,0.481618,0.198721
-0.054546,0.481604,0.209691
-0.061454,0.495067,0.210081
-0.068311,0.491275,0.207588
-0.057984,0.495138,0.211660
-0.063138,0.493609,0.217458
-0.088912,0.489289,0.224855
-0.079178,0.496900,0.218197
-0.091052,0.487919,0.213627
-0.080589,0.504102,0.208691
-0.093981,0.489719,0.220944
-0.085661,0.499071,0.212062
-0.092467,0.487366,0.213694
-0.108925,0.490995,0.225080
-0.110943,0.486743,0.208608
-0.111186,0.497574,0.215988
-0.117657,0.494300,0.209826
-0.117443,0.495882,0.209208
-0.116198,0.496379,0.214344
-0.122999,0.481235,0.222468
-0.131860,0.488053,0.215224
-0.127431,0.489159,0.209110
-0.115097,0.492335,0.213473
-0.135150,0.495326,0.221309
-0.139271,0.485742,0.208963
-0.132648,0.490259,0.211670
-0.139342,0.497060,0.220511
-0.152205,0.494272,0.214364
-0.149339,0.485231,0.205874
-0.162052,0.499755,0.214159
-0.151991,0.491271,0.201582
-0.161319,0.473980,0.209351
-0.153454,0.482936,0.203875
-0.160196,0.475431,0.193977
-0.149834,0.471746,0.197628
-0.173529,0.479202,0.202391
-0.177378,0.481188,0.184163
-0.180337,0.465949,0.195981
-0.176371,0.460148,0.193322
-0.185481,0.488947,0.197243
-0.183360,0.470872,0.188321
-0.186229,0.470869,0.191269
-0.185877,0.461291,0.190173
-0.189758,0.462483,0.188727
-0.194653,0.469673,0.198504
-0.201938,0.475877,0.184200
-0.204644,0.476586,0.188661
-0.208726,0.470036,0.185698
-0.208097,0.468870,0.187244
-0.214215,0.468341,0.188061
-0.216914,0.471825,0.186440
-0.218910,0.465619,0.198880
-0.229722,0.463451,0.193211
-0.221042,0.468958,0.195054
-0.236234,0.473159,0.185684
-0.230674,0.464827,0.186093
-0.229325,0.469645,0.188000
-0.242066,0.470326,0.191280
-0.240981,0.463324,0.196172
-0.240590,0.466786,0.190365
-0.030154,0.446665,0.191138
-0.027069,0.458247,0.190664
-0.046103,0.465036,0.196671
-0.035456,0.466842,0.192620
-0.047361,0.467627,0.186081
-0.044563,0.478127,0.202428
-0.045787,0.476288,0.188815
-0.058262,0.481314,0.194850
-0.046799,0.474387,0.205034
-0.057402,0.499467,0.207976
-0.054491,0.488287,0.208808
-0.052938,0.491785,0.221765
-0.056984,0.482438,0.223614
-0.073337,0.497565,0.212671
-0.078833,0.489694,0.221949
-0.070643,0.489495,0.221128
-0.076845,0.496822,0.219005
-0.087400,0.493311,0.210721
-0.092189,0.491933,0.221305
-0.090966,0.486609,0.211480
-0.090995,0.492650,0.228299
-0.091337,0.495768,0.222037
-0.100636,0.490613,0.213865
-0.108077,0.496772,0.224632
-0.105137,0.494949,0.223492
-0.105874,0.492961,0.222133
-0.111758,0.501408,0.211976
-0.129264,0.487634,0.213449
-0.122810,0.496759,0.223299
-0.124963,0.502642,0.218126
-0.124716,0.494576,0.226863
-0.120942,0.494110,0.224712
-0.125741,0.486283,0.213730
-0.134489,0.498646,0.223912
-0.135237,0.478992,0.212871
-0.139397,0.484534,0.207321
-0.154381,0.491719,0.208200
-0.149977,0.490595,0.210264
-0.156830,0.490073,0.216689
-0.156714,0.497436,0.210515
-0.153438,0.490127,0.221372
-0.157170,0.490642,0.205750
-0.159188,0.484426,0.200646
-0.163113,0.480288,0.199145
-0.177551,0.483062,0.205414
-0.168537,0.470926,0.196489
-0.177132,0.472508,0.192576
-0.165160,0.467186,0.190001
-0.181628,0.464779,0.195152
-0.180708,0.472197,0.191822
-0.180691,0.462875,0.194344
-0.188522,0.472379,0.193494
-0.184888,0.471873,0.194330
-0.192650,0.463804,0.188982
-0.189647,0.462026,0.196099
-0.197907,0.470362,0.194437
-0.211952,0.453774,0.201023
-0.208962,0.466617,0.189369
-0.201478,0.462236,0.183097
-0.209996,0.465966,0.200017
-0.214588,0.467802,0.193669
-0.223775,0.461075,0.185126
-0.221816,0.464024,0.188072
-0.218357,0.457244,0.198763
-0.234092,0.466573,0.196425
-0.234052,0.468574,0.206637
-0.236027,0.471518,0.190792
-0.236308,0.464845,0.187568
-0.244803,0.469128,0.194289
-0.252527,0.459051,0.181136
-0.255218,0.465863,0.188040
-0.011366,0.449761,0.180616
-0.019948,0.455650,0.180396
-0.016591,0.451896,0.190850
-0.018573,0.451890,0.182761
-0.028430,0.471613,0.201861
-0.037869,0.478602,0.201807
-0.033585,0.474952,0.193514
-0.036705,0.468367,0.204653
-0.043650,0.469483,0.209659
-0.042098,0.471476,0.218122
-0.046745,0.473963,0.206086
-0.053531,0.470282,0.209308
-0.047654,0.493310,0.207582
-0.058382,0.488664,0.211075
-0.055263,0.487380,0.220408
-0.063177,0.495607,0.220701
-0.060233,0.494331,0.226148
-0.065847,0.496536,0.221991
-0.073492,0.492889,0.212112
-0.074607,0.494147,0.222753
-0.073196,0.490031,0.219494
-0.075570,0.495513,0.226569
-0.092657,0.493160,0.220692
-0.085577,0.494901,0.226830
-0.092290,0.498658,0.222119
-0.092447,0.495666,0.228849
-0.095554,0.492261,0.219507
-0.101022,0.497094,0.224670
-0.101048,0.496776,0.223600
-0.102596,0.495203,0.223936
-0.118107,0.492781,0.223524
-0.109052,0.489319,0.219675
-0.111897,0.490968,0.231019
-0.113726,0.490628,0.218168
-0.115834,0.483958,0.219682
-0.122700,0.491424,0.217335
-0.115822,0.489759,0.224174
-0.132941,0.497989,0.217063
-0.137757,0.489756,0.218052
-0.136050,0.488142,0.217168
-0.142167,0.495552,0.221947
-0.141871,0.492877,0.207262
-0.143188,0.490524,0.218909
-0.151057,0.489156,0.218631
-0.152272,0.493127,0.218057
-0.149451,0.487220,0.220625
-0.155205,0.482575,0.219383
-0.165764,0.484008,0.212078
-0.162068,0.474399,0.193659
-0.175042,0.479036,0.208999
-0.167025,0.472038,0.207578
-0.174313,0.471724,0.200220
-0.179003,0.466910,0.194416
-0.179259,0.463380,0.208473
-0.184243,0.461282,0.207560
-0.192817,0.473347,0.195639
-0.184358,0.468442,0.189441
-0.187071,0.467171,0.195387
-0.206592,0.459753,0.200064
-0.195875,0.458014,0.192720
-0.194575,0.463357,0.194401
-0.209451,0.460925,0.194944
-0.211013,0.466208,0.202619
-0.206194,0.466005,0.191777
-0.210560,0.461562,0.199928
-0.227990,0.467312,0.198272
-0.212217,0.458569,0.189919
-0.219949,0.468356,0.203541
-0.226962,0.458017,0.197069
-0.235862,0.467433,0.194397
-0.229268,0.463557,0.202948
-0.233462,0.469648,0.197551
-0.228728,0.463752,0.190377
-0.245385,0.464457,0.194229
-0.238609,0.469329,0.198657
-0.240924,0.464173,0.195966
0.002365,0.441109,0.181026
-0.014350,0.450698,0.196810
-0.017480,0.460732,0.189035
-0.009551,0.458089,0.188711
-0.018870,0.467708,0.202760
-0.024634,0.461176,0.195374
-0.030519,0.464825,0.204718
-0.021678,0.466699,0.208415
-0.030665,0.467230,0.204038
-0.031191,0.469217,0.204026
-0.040460,0.466432,0.204820
-0.029939,0.477982,0.208200
-0.035447,0.489423,0.211342
-0.046882,0.479978,0.197109
-0.047885,0.470197,0.212687
-0.046124,0.486662,0.213969
-0.050071,0.483104,0.222134
-0.059935,0.485202,0.223911
-0.067107,0.498412,0.226729
-0.059219,0.491597,0.229420
-0.065754,0.494746,0.222870
-0.061959,0.495240,0.225705
-0.081344,0.492988,0.225464
-0.081578,0.498086,0.219522
-0.074192,0.492297,0.233357
-0.075710,0.493495,0.225087
-0.080332,0.493129,0.224193
-0.080142,0.492162,0.223530
-0.100776,0.490961,0.230025
-0.093419,0.492106,0.228534
-0.096911,0.497946,0.225593
-0.097014,0.498200,0.223330
-0.108012,0.499784,0.218373
-0.101508,0.496000,0.220853
-0.110440,0.486293,0.222188
-0.111000,0.496069,0.236784
-0.121694,0.484595,0.223532
-0.115962,0.487621,0.219094
-0.116246,0.485610,0.224317
-0.120752,0.492398,0.225905
-0.124192,0.496605,0.224522
-0.134199,0.493927,0.228005
-0.119281,0.495205,0.229763
-0.131918,0.489522,0.227802
-0.140078,0.485268,0.219874
-0.139205,0.498236,0.221225
-0.145894,0.488419,0.222276
-0.141537,0.496234,0.219637
-0.149526,0.475728,0.227713
-0.157388,0.479153,0.224546
-0.162605,0.487822,0.222937
-0.164203,0.489497,0.211034
-0.159505,0.476757,0.208471
-0.166271,0.473416,0.205130
-0.167874,0.470478,0.201741
-0.179163,0.466295,0.207348
-0.170111,0.470087,0.204812
-0.175947,0.475470,0.204934
-0.181683,0.463336,0.205038
-0.180910,0.465090,0.195024
-0.183884,0.462469,0.206354
-0.192949,0.465148,0.201740
-0.194120,0.460862,0.206360
-0.205074,0.466134,0.193276
-0.200891,0.469807,0.203252
-0.207581,0.463031,0.192203
-0.206796,0.459921,0.202495
-0.217796,0.457070,0.203666
-0.205166,0.465957,0.198821
-0.215372,0.450191,0.200836
-0.218254,0.466708,0.189140
-0.224174,0.463422,0.202785
-0.224587,0.461654,0.205525
-0.227862,0.469685,0.196350
-0.225579,0.457871,0.202255
-0.230100,0.467986,0.202022
-0.235486,0.455751,0.206142
-0.243841,0.465562,0.190966
-0.247353,0.465927,0.190646
-0.246888,0.463745,0.191691
0.026118,0.458551,0.190727
0.020446,0.445297,0.196619
0.005041,0.453880,0.208209
-0.001657,0.461979,0.199604
0.002353,0.462408,0.201919
0.001689,0.462260,0.202167
-0.013681,0.457902,0.201965
-0.012751,0.467385,0.207596
-0.013126,0.465532,0.202010
-0.022416,0.466280,0.211155
-0.030434,0.474501,0.204012
-0.027505,0.476224,0.212029
-0.021196,0.466362,0.205036
-0.023959,0.479912,0.202266
-0.031290,0.467341,0.212008
-0.042470,0.471579,0.216867
-0.028122,0.470404,0.214746
-0.036118,0.474665,0.213418
-0.043486,0.479505,0.212697
-0.043836,0.482558,0.217610
-0.053166,0.489479,0.223940
-0.050747,0.500787,0.228579
-0.057649,0.490189,0.233235
-0.052100,0.487349,0.228032
-0.056889,0.494848,0.219272
-0.071351,0.494183,0.230773
-0.071249,0.492864,0.235928
-0.070828,0.488548,0.231457
-0.075623,0.495443,0.235920
-0.078227,0.494070,0.234112
-0.087344,0.483574,0.230085
-0.085898,0.487680,0.233959
-0.093573,0.490961,0.225527
-0.091797,0.495608,0.237168
-0.093049,0.495489,0.232794
-0.094443,0.485520,0.224072
-0.096782,0.489405,0.228853
-0.098100,0.496052,0.226918
-0.100779,0.493924,0.233860
-0.104732,0.493908,0.220967
-0.111523,0.493825,0.223753
-0.121791,0.502664,0.223989
-0.116117,0.490895,0.226808
-0.121072,0.490029,0.222416
-0.116642,0.489264,0.226012
-0.124715,0.495392,0.227793
-0.128661,0.485330,0.228051
-0.130474,0.482914,0.224628
-0.137377,0.493878,0.224913
-0.126067,0.494848,0.224701
-0.139747,0.489933,0.232778
-0.145347,0.489709,0.224997
-0.144297,0.481538,0.228350
-0.146687,0.494546,0.231741
-0.153362,0.493343,0.227891
-0.153280,0.484809,0.226599
-0.156209,0.476348,0.222537
-0.168713,0.473369,0.210466
-0.167523,0.471320,0.213613
-0.174618,0.472648,0.212273
-0.167573,0.471692,0.216578
-0.177879,0.463873,0.206782
-0.179416,0.469313,0.194835
-0.185488,0.462090,0.194260
-0.178933,0.470022,0.196752
-0.182078,0.456557,0.198514
-0.186122,0.461713,0.193332
-0.195707,0.453352,0.198844
-0.201302,0.468901,0.203240
-0.205290,0.457835,0.203726
-0.209221,0.455880,0.203235
-0.210332,0.467451,0.204269
-0.208105,0.461934,0.199842
-0.213246,0.459029,0.200269
-0.227463,0.464383,0.203137
-0.218010,0.457204,0.199275
-0.221259,0.456647,0.196081
-0.227912,0.458352,0.199841
-0.223809,0.464834,0.193708
-0.228182,0.469079,0.200227
-0.238939,0.459726,0.198529
-0.239333,0.452551,0.197427
-0.234776,0.455608,0.198296
-0.245889,0.455131,0.200053
-0.248159,0.451387,0.200782
0.040025,0.448952,0.196617
0.027028,0.444606,0.205809
0.027728,0.452644,0.207019
0.029321,0.458376,0.210694
0.026155,0.457981,0.192946
0.022345,0.457099,0.213687
0.021793,0.460740,0.204536
0.014803,0.454628,0.205264
0.017372,0.465838,0.208858
-0.000674,0.466117,0.208794
0.001002,0.461065,0.207035
-0.000607,0.467559,0.217836
-0.007650,0.472351,0.214758
-0.006661,0.462608,0.217922
-0.017004,0.463719,0.212333
-0.014624,0.455500,0.218107
-0.022459,0.474282,0.216800
-0.026249,0.471294,0.211936
-0.019222,0.462057,0.215624
-0.024945,0.465205,0.213961
-0.024328,0.468902,0.201717
-0.030692,0.472493,0.212442
-0.025281,0.471807,0.227990
-0.043435,0.471355,0.217569
-0.046766,0.482274,0.222382
-0.039140,0.487103,0.221569
-0.052877,0.476361,0.231260
-0.054906,0.484781,0.224473
-0.041811,0.483353,0.225488
-0.054022,0.487780,0.225385
-0.059791,0.494289,0.232104
-0.059966,0.506581,0.233693
-0.064571,0.499727,0.230207
-0.065750,0.506924,0.225229
-0.068773,0.490794,0.231643
-0.082831,0.494554,0.240150
-0.074388,0.496242,0.233246
-0.076169,0.494039,0.236808
-0.082241,0.494387,0.227870
-0.084593,0.502460,0.238573
-0.087368,0.490048,0.226964
-0.088633,0.483739,0.229967
-0.095237,0.483582,0.227771
-0.095051,0.495760,0.236060
-0.100584,0.487256,0.229867
-0.106023,0.490486,0.235374
-0.110340,0.489369,0.229668
-0.112368,0.489086,0.235712
-0.109406,0.496346,0.231057
-0.116266,0.490969,0.224843
-0.119029,0.499065,0.234725
-0.124274,0.491095,0.230757
-0.133793,0.491868,0.237597
-0.125662,0.483095,0.241892
-0.128866,0.493265,0.223351
-0.132748,0.486347,0.225513
-0.140063,0.485293,0.237458
-0.138398,0.486513,0.226800
-0.147168,0.493226,0.227224
-0.144268,0.490767,0.224584
-0.150678,0.489766,0.226135
-0.147389,0.489112,0.225457
-0.154036,0.488326,0.226336
-0.150538,0.478183,0.226366
-0.157009,0.483308,0.210838
-0.169802,0.469778,0.215319
-0.157667,0.475943,0.208894
-0.170566,0.466529,0.215839
-0.178210,0.462277,0.204790
-0.181532,0.453280,0.203753
-0.185713,0.453457,0.206562
-0.178742,0.462152,0.203088
-0.178481,0.453204,0.200539
-0.188418,0.459295,0.205296
-0.200634,0.467183,0.205310
-0.192334,0.465045,0.203684
-0.202174,0.450967,0.199335
-0.203342,0.455685,0.210132
-0.210980,0.455002,0.198218
-0.205729,0.455994,0.204643
-0.220380,0.468295,0.205905
-0.224705,0.458334,0.201121
-0.215808,0.459060,0.199315
-0.223746,0.445796,0.197102
-0.226592,0.456079,0.202940
-0.235041,0.457712,0.203138
-0.228673,0.461368,0.202641
-0.238007,0.459048,0.208092
-0.238272,0.459912,0.198988
-0.237143,0.450774,0.203799
-0.242248,0.457024,0.207261
-0.251351,0.454154,0.202565
0.040561,0.433783,0.188739
0.032223,0.460120,0.214895
0.030069,0.473166,0.206494
0.032104,0.463570,0.211664
0.026966,0.463698,0.217580
0.021337,0.468097,0.223324
0.024771,0.465752,0.213860
0.007509,0.462977,0.219058
0.008425,0.463361,0.208813
0.013198,0.463021,0.211327
0.011557,0.465595,0.215486
0.003155,0.465834,0.210716
0.002807,0.471847,0.221435
0.006886,0.476174,0.208272
0.001465,0.474886,0.218468
-0.013597,0.474251,0.218466
-0.010861,0.478074,0.219404
-0.016622,0.465436,0.221004
-0.022278,0.474302,0.216583
-0.018528,0.473068,0.222982
-0.022068,0.473892,0.213090
-0.027346,0.470764,0.224690
-0.033935,0.474286,0.221517
-0.034116,0.466699,0.217139
-0.037746,0.468341,0.214353
-0.040416,0.473951,0.224228
-0.052654,0.467922,0.219379
-0.040984,0.483111,0.223100
-0.057140,0.488238,0.233970
-0.054949,0.492644,0.236414
-0.053095,0.492928,0.240594
-0.060033,0.492656,0.245306
-0.058433,0.490665,0.233020
-0.060116,0.495870,0.225898
-0.069823,0.495075,0.232268
-0.067920,0.487001,0.223666
-0.088629,0.490052,0.231456
-0.079552,0.492521,0.235055
-0.083181,0.487186,0.244475
-0.080877,0.493252,0.227441
-0.088214,0.493306,0.236345
-0.091227,0.482126,0.225761
-0.092376,0.493303,0.229228
-0.089387,0.488293,0.235477
-0.098693,0.484437,0.233892
-0.097581,0.488747,0.234259
-0.100309,0.483088,0.241180
-0.104634,0.490777,0.236137
-0.105004,0.488542,0.231842
-0.114078,0.492085,0.238148
-0.117454,0.483149,0.229954
-0.117964,0.488759,0.237985
-0.120397,0.480551,0.239934
-0.121419,0.480229,0.231943
-0.133066,0.480807,0.242260
-0.133721,0.480512,0.230873
-0.134983,0.479379,0.237702
-0.131421,0.482722,0.231904
-0.143044,0.482840,0.229209
-0.146623,0.477365,0.229678
-0.144078,0.479317,0.235400
-0.151651,0.493757,0.235738
-0.156878,0.481586,0.228558
-0.160633,0.491256,0.231828
-0.150991,0.481324,0.236843
-0.162154,0.478908,0.219425
-0.168922,0.478108,0.224083
-0.162940,0.466621,0.215235
-0.180758,0.471334,0.210637
-0.179258,0.462445,0.210375
-0.185772,0.460059,0.212103
-0.180967,0.461066,0.219023
-0.187614,0.457195,0.209383
-0.183767,0.456445,0.216206
-0.185655,0.452097,0.207645
-0.198870,0.460066,0.210196
-0.199810,0.456423,0.202585
-0.208814,0.453524,0.210548
-0.198837,0.449022,0.204071
-0.202188,0.454766,0.207943
-0.208182,0.451648,0.210263
-0.210175,0.454536,0.206304
-0.213784,0.455957,0.210584
-0.229953,0.462734,0.207997
-0.220772,0.447842,0.204690
-0.228968,0.449189,0.211264
-0.226459,0.463413,0.201802
-0.233468,0.456309,0.201554
-0.229061,0.452780,0.202476
-0.240524,0.457849,0.204436
-0.253553,0.456713,0.202511
-0.243743,0.455544,0.207250
-0.251202,0.458738,0.202060
0.049683,0.438918,0.191603
0.043293,0.462850,0.219660
0.029759,0.460791,0.215736
0.025715,0.472404,0.215199
0.025741,0.471104,0.220344
0.021845,0.473992,0.224655
0.023345,0.468890,0.223158
0.021661,0.471799,0.219584
0.011106,0.470655,0.222044
0.013698,0.465017,0.218970
0.003163,0.466017,0.221516
0.004959,0.468466,0.231569
0.002212,0.465584,0.220901
0.005651,0.470557,0.215294
-0.002231,0.465208,0.231771
-0.003619,0.469506,0.228160
-0.007306,0.464913,0.227161
-0.015017,0.454470,0.223877
-0.010987,0.470179,0.221246
-0.017947,0.470398,0.232329
-0.020322,0.466293,0.224080
-0.026495,0.467027,0.219528
-0.022392,0.476999,0.224908
-0.029759,0.473320,0.230210
-0.030791,0.477261,0.226269
-0.039768,0.479203,0.223622
-0.043925,0.481064,0.226174
-0.051899,0.475294,0.230748
-0.051263,0.481072,0.231827
-0.054535,0.494595,0.230406
-0.060286,0.490333,0.245654
-0.064836,0.489193,0.236830
-0.067497,0.492954,0.243017
-0.062390,0.495466,0.241711
-0.072122,0.492091,0.236392
-0.057486,0.489402,0.246861
-0.072117,0.497303,0.233117
-0.075401,0.481172,0.242027
-0.081768,0.488284,0.244709
-0.083691,0.493183,0.234117
-0.077294,0.486641,0.231996
-0.089360,0.489393,0.236279
-0.088645,0.483825,0.239464
-0.095236,0.486044,0.235506
-0.106387,0.476681,0.249216
-0.108907,0.494731,0.233578
-0.107672,0.485205,0.238964
-0.102389,0.488926,0.238748
-0.110545,0.491190,0.237176
-0.115207,0.490916,0.236047
-0.120435,0.482479,0.238440
-0.106040,0.488042,0.227158
-0.119568,0.481132,0.241450
-0.127522,0.486821,0.237571
-0.136068,0.488706,0.240918
-0.135497,0.477329,0.230292
-0.134479,0.487066,0.235134
-0.135320,0.490700,0.240627
-0.135547,0.479901,0.229617
-0.150678,0.476497,0.245727
-0.148736,0.475582,0.230703
-0.153709,0.486454,0.239406
-0.149992,0.484026,0.233086
-0.157792,0.477901,0.235502
-0.163102,0.476253,0.244171
-0.165364,0.476205,0.220214
-0.172249,0.474627,0.220950
-0.175438,0.462397,0.216977
-0.170036,0.462885,0.222787
-0.170766,0.461259,0.210890
-0.181262,0.459600,0.206699
-0.186044,0.455245,0.212748
-0.184419,0.455479,0.203518
-0.191228,0.469123,0.201414
-0.188875,0.454538,0.218851
-0.197358,0.453137,0.208466
-0.202798,0.456520,0.212196
-0.197250,0.456807,0.214556
-0.206715,0.456933,0.208401
-0.215313,0.451217,0.202608
-0.201124,0.458136,0.206523
-0.208907,0.443972,0.202771
-0.214102,0.450900,0.204332
-0.218985,0.450980,0.217551
-0.218738,0.452529,0.201355
-0.217869,0.449123,0.204080
-0.235872,0.455862,0.207728
-0.236489,0.452908,0.209319
-0.234981,0.446047,0.208399
-0.233722,0.454602,0.207113
-0.233690,0.453548,0.205943
-0.246703,0.453447,0.206598
-0.242297,0.449701,0.212760
0.037212,0.423314,0.188428
0.027028,0.458500,0.215031
0.039166,0.461690,0.222824
0.033091,0.476680,0.226856
0.026824,0.464623,0.224659
0.026755,0.465847,0.219597
0.005425,0.458985,0.223718
0.014371,0.459832,0.220192
0.011702,0.467793,0.230053
0.010247,0.466631,0.221954
0.000479,0.465156,0.220053
0.000551,0.472710,0.216639
-0.001950,0.459022,0.224544
-0.011174,0.460609,0.224909
-0.007977,0.466339,0.238144
-0.005128,0.458381,0.231961
-0.009155,0.475866,0.225260
-0.019242,0.462721,0.223965
-0.022240,0.480413,0.230397
-0.011505,0.468899,0.220917
-0.020328,0.464991,0.226440
-0.020519,0.477013,0.223587
-0.030391,0.474400,0.221099
-0.039988,0.473089,0.230382
-0.043711,0.473262,0.226285
-0.041998,0.479296,0.226779
-0.042961,0.468847,0.240224
-0.051308,0.468759,0.235278
-0.048920,0.487221,0.226555
-0.058111,0.483754,0.240039
-0.052688,0.481291,0.249565
-0.059913,0.482763,0.249458
-0.057521,0.490698,0.245848
-0.067785,0.491169,0.248806
-0.071168,0.485128,0.239032
-0.070604,0.490196,0.240469
-0.080991,0.491077,0.241267
-0.079921,0.489697,0.244922
-0.085164,0.490347,0.243513
-0.090056,0.479194,0.248115
-0.087573,0.485545,0.231292
-0.090160,0.488243,0.244790
-0.084659,0.480734,0.242137
-0.099150,0.488486,0.245858
-0.100092,0.482300,0.243824
-0.103084,0.481080,0.232488
-0.101686,0.496001,0.253441
-0.111570,0.486400,0.240751
-0.114479,0.492751,0.242452
-0.116201,0.481628,0.233209
-0.121569,0.477955,0.243928
-0.115913,0.482591,0.245857
-0.123163,0.483756,0.239792
-0.126012,0.485583,0.246376
-0.122493,0.481167,0.238028
-0.125148,0.486345,0.239238
-0.138584,0.482739,0.229134
-0.139763,0.479856,0.242835
-0.133073,0.489077,0.234826
-0.143377,0.484665,0.243576
-0.151381,0.483419,0.242034
-0.149319,0.487783,0.234019
-0.159908,0.479211,0.234498
-0.153217,0.486824,0.240148
-0.164771,0.478124,0.236349
-0.152864,0.479144,0.241285
-0.164215,0.475169,0.218705
-0.160935,0.465770,0.223011
-0.176011,0.461812,0.216694
-0.181084,0.468802,0.208135
-0.177719,0.466240,0.219185
-0.181070,0.451208,0.215153
-0.178612,0.455027,0.212817
-0.183502,0.451711,0.213566
-0.192072,0.444260,0.211321
-0.200459,0.449722,0.214343
-0.199029,0.451227,0.217521
-0.206875,0.449200,0.201485
-0.209002,0.445921,0.214944
-0.212831,0.441334,0.222433
-0.201959,0.446220,0.207376
-0.208950,0.442165,0.205808
-0.212551,0.451578,0.202821
-0.224309,0.453023,0.205160
-0.219877,0.453410,0.210780
-0.223662,0.447656,0.202972
-0.233569,0.448663,0.204823
-0.228985,0.452524,0.212737
-0.236149,0.442909,0.208192
-0.236092,0.444377,0.209441
-0.237852,0.455083,0.210490
-0.237839,0.441765,0.201725
-0.252002,0.441423,0.208165
0.035154,0.415308,0.187207
0.033425,0.448831,0.214932
0.038516,0.463251,0.233558
0.030204,0.472916,0.223963
0.028027,0.474716,0.236890
0.014698,0.476805,0.225245
0.012675,0.456354,0.231481
0.013781,0.465238,0.229368
0.009576,0.465118,0.234405
0.017033,0.470086,0.227610
0.019827,0.459674,0.228831
0.008822,0.468197,0.224676
0.011789,0.468268,0.225166
-0.000197,0.472656,0.236141
-0.004054,0.468505,0.242323
-0.004579,0.471929,0.228676
-0.022667,0.463019,0.227082
-0.009779,0.471404,0.233182
-0.019550,0.470474,0.231416
-0.030625,0.456903,0.233876
-0.025537,0.468026,0.227962
-0.027517,0.470779,0.228643
-0.018240,0.475783,0.234646
-0.035469,0.470587,0.225899
-0.040345,0.466012,0.232845
-0.045912,0.475927,0.240230
-0.043766,0.479515,0.234005
-0.052038,0.476699,0.236051
-0.050260,0.486100,0.235032
-0.047660,0.476900,0.239311
-0.054879,0.488211,0.242480
-0.052419,0.488202,0.249352
-0.066098,0.491433,0.248940
-0.062109,0.488349,0.250311
-0.071491,0.491266,0.245363
-0.074173,0.492694,0.252333
-0.076471,0.480284,0.248752
-0.075306,0.486232,0.243617
-0.076880,0.490545,0.250202
-0.085333,0.478759,0.244372
-0.093264,0.483895,0.247318
-0.087271,0.481945,0.253269
-0.093442,0.481478,0.245654
-0.099525,0.483882,0.249766
-0.097850,0.490237,0.244816
-0.102121,0.494148,0.244081
-0.100902,0.490186,0.237791
-0.099508,0.490542,0.236217
-0.114928,0.479329,0.239359
-0.113034,0.487987,0.250702
-0.117277,0.483833,0.247412
-0.117050,0.494158,0.242701
-0.115895,0.480665,0.248489
-0.127932,0.481705,0.239401
-0.126411,0.491196,0.242300
-0.128908,0.487659,0.250183
-0.130261,0.478664,0.240931
-0.131746,0.480587,0.241986
-0.144514,0.477277,0.245358
-0.145578,0.482083,0.237486
-0.142514,0.489599,0.241548
-0.160062,0.484375,0.236650
-0.155670,0.490177,0.251835
-0.155096,0.486903,0.243378
-0.149354,0.470076,0.235780
-0.165979,0.483806,0.231285
-0.162516,0.457900,0.231103
-0.169237,0.461516,0.229044
-0.178449,0.458467,0.232794
-0.176663,0.454754,0.220107
-0.170854,0.449362,0.223088
-0.179549,0.454464,0.215477
-0.184461,0.453294,0.212389
-0.185478,0.454461,0.215513
-0.189290,0.447651,0.215303
-0.198652,0.459524,0.216995
-0.195575,0.445352,0.217070
-0.196400,0.450955,0.210942
-0.203730,0.438893,0.214389
-0.208816,0.454780,0.206005
-0.210245,0.454119,0.211449
-0.206630,0.442301,0.209599
-0.222014,0.450783,0.210465
-0.210934,0.440362,0.203354
-0.230382,0.459261,0.215567
-0.226111,0.447427,0.215081
-0.227127,0.435519,0.210952
-0.234674,0.441192,0.212823
-0.228738,0.452608,0.203460
-0.239117,0.445857,0.214684
-0.244944,0.442750,0.209274
-0.234399,0.441775,0.206448
-0.244954,0.439252,0.210435
0.033727,0.403465,0.177792
0.033898,0.443942,0.213188
0.030568,0.462498,0.233090
0.022081,0.473543,0.220536
0.010559,0.469836,0.236465
0.013223,0.468976,0.227734
0.022077,0.468954,0.232670
0.017619,0.467896,0.236731
0.012171,0.465447,0.241957
0.004370,0.475534,0.230162
-0.000188,0.468436,0.229318
-0.007494,0.468433,0.233523
-0.004178,0.467154,0.227226
-0.005496,0.468533,0.228637
-0.007109,0.460501,0.234990
-0.004194,0.465924,0.230721
-0.009710,0.461619,0.236495
-0.012747,0.463071,0.235148
-0.025305,0.468497,0.231447
-0.021559,0.470043,0.236095
-0.016282,0.460831,0.227097
-0.022060,0.467287,0.225893
-0.024756,0.466524,0.237802
-0.025766,0.473281,0.237526
-0.037726,0.459754,0.232854
-0.036032,0.472290,0.250415
-0.035771,0.465738,0.241035
-0.049526,0.471595,0.240371
-0.049881,0.471584,0.225658
-0.056303,0.476338,0.249428
-0.054983,0.487064,0.252112
-0.064008,0.489387,0.254139
-0.065371,0.476651,0.253984
-0.070358,0.492549,0.258816
-0.070563,0.484105,0.257592
-0.074355,0.484037,0.250218
-0.068318,0.488178,0.250552
-0.075086,0.471408,0.252943
-0.088090,0.472232,0.248583
-0.082163,0.488139,0.243957
-0.085803,0.483110,0.243415
-0.086764,0.489228,0.242901
-0.095431,0.489428,0.250997
-0.094662,0.482544,0.252741
-0.087190,0.482054,0.252326
-0.109596,0.481323,0.244589
-0.103751,0.488214,0.243885
-0.108780,0.482286,0.246419
-0.106296,0.490133,0.254036
-0.101421,0.487397,0.247714
-0.117539,0.474920,0.254588
-0.121199,0.485910,0.238476
-0.119807,0.485577,0.242966
-0.121371,0.479263,0.250382
-0.121770,0.482731,0.249412
-0.135562,0.487001,0.248630
-0.132643,0.479834,0.246267
-0.139308,0.485106,0.239678
-0.135160,0.484615,0.246187
-0.144545,0.480301,0.254525
-0.147893,0.481645,0.247617
-0.154227,0.487147,0.240462
-0.162179,0.479919,0.246310
-0.150752,0.485239,0.243124
-0.161001,0.481061,0.239172
-0.163387,0.461615,0.236342
-0.162720,0.460534,0.228559
-0.171304,0.450684,0.222773
-0.170668,0.456656,0.223623
-0.170557,0.451699,0.216486
-0.172663,0.450971,0.210700
-0.179123,0.457273,0.218634
-0.179853,0.452349,0.214282
-0.179547,0.447512,0.212428
-0.183442,0.454520,0.214647
-0.190531,0.449614,0.214265
-0.195942,0.444390,0.215684
-0.201381,0.438370,0.213359
-0.209642,0.443182,0.211380
-0.206724,0.453959,0.210989
-0.220873,0.448936,0.216987
-0.207455,0.451558,0.219272
-0.214282,0.436618,0.213302
-0.225697,0.437637,0.210782
-0.228214,0.448989,0.202843
-0.218268,0.437197,0.205318
-0.234910,0.437928,0.219987
-0.230960,0.436471,0.212774
-0.236842,0.441781,0.217527
-0.237542,0.436492,0.206351
-0.244022,0.435085,0.211252
-0.238363,0.434325,0.216120
-0.248366,0.438998,0.204778
-0.238245,0.443865,0.211142
0.037533,0.405030,0.180628
0.045572,0.434260,0.214798
0.038398,0.463932,0.232654
0.027092,0.469966,0.242439
0.012816,0.476670,0.236803
0.021381,0.466090,0.237440
0.011316,0.464292,0.230789
0.003497,0.467031,0.241911
0.015328,0.469006,0.243298
0.009587,0.463138,0.230697
0.009954,0.454515,0.237362
0.004703,0.459975,0.242261
-0.003076,0.462844,0.229653
0.005939,0.469063,0.244927
-0.007884,0.470891,0.236003
-0.010934,0.465270,0.233287
-0.014710,0.464606,0.236415
-0.013516,0.463786,0.231528
-0.025804,0.467418,0.231854
-0.013110,0.464301,0.240370
-0.037881,0.481288,0.226107
-0.021833,0.466030,0.233981
-0.028339,0.474306,0.237002
-0.037607,0.464560,0.237349
-0.036760,0.467841,0.236894
-0.037897,0.464031,0.237731
-0.041445,0.466959,0.238280
-0.052265,0.468515,0.241948
-0.047268,0.472937,0.246943
-0.058600,0.479760,0.256205
-0.054139,0.480431,0.256532
-0.053723,0.484273,0.254507
-0.066429,0.488766,0.256473
-0.075104,0.486442,0.247467
-0.066415,0.481694,0.255809
-0.073870,0.480774,0.252415
-0.081070,0.481271,0.260734
-0.077314,0.483113,0.255147
-0.078636,0.493313,0.257037
-0.081877,0.476848,0.248585
-0.091165,0.482036,0.257143
-0.091948,0.480423,0.262653
-0.087280,0.477666,0.250541
-0.084851,0.490002,0.258013
-0.096549,0.488913,0.239629
-0.097015,0.489309,0.252293
-0.108588,0.475590,0.255300
-0.107194,0.487214,0.249213
-0.102337,0.475560,0.245603
-0.110339,0.488339,0.253776
-0.118316,0.480847,0.243471
-0.119157,0.482550,0.247850
-0.122679,0.479213,0.256152
-0.118149,0.487643,0.254331
-0.130260,0.475446,0.250850
-0.123305,0.483125,0.255815
-0.143156,0.473626,0.241207
-0.137268,0.478611,0.246293
-0.133047,0.482145,0.246972
-0.141073,0.473725,0.247150
-0.143631,0.481708,0.253351
-0.146197,0.478143,0.251501
-0.169179,0.483853,0.252430
-0.157070,0.486596,0.256638
-0.165634,0.473483,0.237448
-0.148823,0.473181,0.240212
-0.171764,0.465569,0.223191
-0.166396,0.465006,0.233295
-0.176596,0.449776,0.228665
-0.170584,0.452359,0.226455
-0.182628,0.457682,0.222626
-0.180521,0.450735,0.211535
-0.177438,0.440492,0.231239
-0.184058,0.441225,0.220927
-0.195664,0.436743,0.220636
-0.198286,0.444743,0.217761
-0.198409,0.439120,0.226006
-0.189948,0.447286,0.217453
-0.211487,0.438190,0.215242
-0.205300,0.445972,0.218811
-0.208877,0.443761,0.210850
-0.203316,0.440505,0.209675
-0.211233,0.445062,0.215316
-0.216905,0.439685,0.215135
-0.214932,0.446983,0.210980
-0.224839,0.438112,0.221123
-0.233697,0.436288,0.213845
-0.236027,0.439587,0.218631
-0.235293,0.437546,0.211843
-0.239963,0.437358,0.207806
-0.236342,0.431923,0.214415
-0.245416,0.438016,0.214040
-0.248862,0.431796,0.213580
-0.247558,0.439642,0.215093
0.034709,0.395994,0.169907
0.036671,0.428420,0.196565
0.029493,0.460081,0.236186
0.025861,0.463737,0.246701
0.025000,0.471736,0.238000
0.025753,0.470496,0.244449
0.014989,0.459896,0.239585
0.010395,0.463053,0.246880
0.010586,0.468270,0.240437
0.018639,0.460433,0.238078
0.008551,0.448712,0.235015
0.002777,0.453952,0.236518
-0.002515,0.468791,0.246379
-0.003977,0.462210,0.234015
-0.001127,0.464460,0.239292
-0.008279,0.454839,0.235453
-0.012529,0.468623,0.238145
-0.020890,0.457694,0.238576
-0.022614,0.473292,0.238546
-0.021414,0.461777,0.241249
-0.026107,0.459383,0.239883
-0.031418,0.456565,0.237696
-0.026795,0.467133,0.242917
-0.029512,0.469057,0.243883
-0.036639,0.470105,0.243623
-0.039182,0.470194,0.245111
-0.041062,0.463418,0.244405
-0.052608,0.469297,0.239880
-0.040634,0.462880,0.248612
-0.052675,0.480745,0.255207
-0.049772,0.479045,0.250796
-0.065511,0.482288,0.257394
-0.063897,0.483024,0.255650
-0.053570,0.480959,0.252809
-0.073446,0.483730,0.256502
-0.075877,0.482052,0.246719
-0.072284,0.480436,0.257145
-0.075908,0.483114,0.246983
-0.076812,0.477101,0.260995
-0.077639,0.486173,0.258148
-0.086404,0.488557,0.262166
-0.090155,0.482230,0.261646
-0.088810,0.484027,0.258955
-0.095065,0.481668,0.258488
-0.100947,0.483905,0.257241
-0.105028,0.485976,0.257541
-0.107553,0.487980,0.258308
-0.107301,0.483914,0.254975
-0.099190,0.482666,0.256677
-0.108522,0.475712,0.254863
-0.109500,0.479237,0.257482
-0.119154,0.479889,0.255105
-0.116408,0.474831,0.250702
-0.119254,0.477735,0.254431
-0.127696,0.470687,0.257118
-0.128941,0.482937,0.259084
-0.132956,0.492349,0.252900
-0.141303,0.481340,0.249751
-0.142549,0.484564,0.255977
-0.141104,0.482423,0.245808
-0.145972,0.482297,0.257331
-0.146127,0.478781,0.254345
-0.148347,0.478265,0.249589
-0.150637,0.477403,0.259719
-0.158237,0.463709,0.244304
-0.164196,0.454415,0.238070
-0.169040,0.449690,0.241382
-0.164952,0.452859,0.232244
-0.182964,0.465906,0.235505
-0.181951,0.435243,0.222887
-0.177702,0.431968,0.228172
-0.185364,0.443485,0.221890
-0.176536,0.448618,0.221543
-0.184180,0.445531,0.218213
-0.196606,0.443285,0.217025
-0.198919,0.442352,0.216507
-0.197135,0.442861,0.216185
-0.197223,0.436440,0.218370
-0.206586,0.442277,0.221345
-0.207084,0.436826,0.222229
-0.206365,0.438975,0.212788
-0.203593,0.431254,0.221085
-0.207077,0.436132,0.221395
-0.222881,0.437801,0.208414
-0.219550,0.432148,0.210710
-0.234249,0.435149,0.221831
-0.227191,0.434425,0.214438
-0.228862,0.434516,0.208069
-0.243422,0.433895,0.212129
-0.239697,0.428499,0.209763
-0.250551,0.428120,0.213331
-0.248797,0.431767,0.214743
-0.251532,0.434003,0.207401
-0.254764,0.437274,0.207041
0.047624,0.374587,0.167950
0.028542,0.420355,0.198545
0.037016,0.456653,0.229139
0.022309,0.462884,0.245901
0.032866,0.464142,0.243156
0.020056,0.468092,0.250918
0.019392,0.458482,0.245728
0.015220,0.453344,0.242958
0.011318,0.460062,0.246244
0.010692,0.457022,0.233500
0.002074,0.466091,0.253613
0.002722,0.460878,0.246922
-0.002428,0.467789,0.238896
-0.013521,0.458337,0.234948
-0.011241,0.458476,0.248182
-0.004664,0.459559,0.238830
-0.014447,0.459611,0.241147
-0.013350,0.455908,0.242176
-0.018322,0.456527,0.231880
-0.020501,0.464960,0.242481
-0.019170,0.463103,0.241771
-0.023749,0.452874,0.245715
-0.032474,0.460560,0.249096
-0.032751,0.463625,0.249350
-0.031023,0.466833,0.238599
-0.051363,0.457960,0.249844
-0.045967,0.470064,0.249038
-0.052762,0.465653,0.242719
-0.046544,0.477055,0.241077
-0.062225,0.476498,0.249566
-0.048031,0.488576,0.249355
-0.067319,0.481904,0.256972
-0.061379,0.481299,0.261966
-0.068090,0.472955,0.256275
-0.073443,0.484870,0.255905
-0.078830,0.481359,0.265562
-0.078851,0.486152,0.256280
-0.075580,0.474397,0.261913
-0.090396,0.484643,0.274549
-0.091712,0.477854,0.257997
-0.086068,0.483301,0.258529
-0.081481,0.481637,0.267872
-0.092213,0.473499,0.259563
-0.091297,0.483201,0.255750
-0.106851,0.479784,0.256561
-0.094148,0.486724,0.252322
-0.108318,0.479852,0.252801
-0.116580,0.482187,0.261765
-0.112867,0.481746,0.251073
-0.111715,0.488646,0.251668
-0.126028,0.481101,0.256674
-0.122059,0.476024,0.248419
-0.115290,0.484850,0.257175
-0.118471,0.488469,0.251694
-0.132169,0.468465,0.258083
-0.131928,0.488212,0.268926
-0.139374,0.479785,0.259250
-0.133150,0.479838,0.260206
-0.146059,0.470674,0.249166
-0.148834,0.473287,0.260412
-0.150656,0.481191,0.255590
-0.152392,0.470567,0.253506
-0.151497,0.474603,0.247116
-0.156870,0.478045,0.252611
-0.162807,0.464975,0.255500
-0.161815,0.462619,0.242669
-0.162516,0.451117,0.241308
-0.176214,0.442543,0.226390
-0.178895,0.441524,0.233385
-0.181873,0.445333,0.226185
-0.184261,0.449568,0.228961
-0.176496,0.436780,0.229810
-0.184164,0.438333,0.214453
-0.186016,0.444642,0.227736
-0.191528,0.444379,0.229491
-0.194711,0.428312,0.218447
-0.198675,0.440906,0.220734
-0.196770,0.434086,0.210890
-0.200196,0.432858,0.224569
-0.203985,0.433888,0.217439
-0.218729,0.436023,0.223620
-0.212998,0.424185,0.220181
-0.216867,0.432296,0.215586
-0.217490,0.433865,0.208491
-0.226732,0.435775,0.208147
-0.222369,0.428187,0.214957
-0.222666,0.426587,0.214005
-0.234942,0.422248,0.211170
-0.242450,0.424466,0.217460
-0.243613,0.432255,0.214537
-0.248596,0.430712,0.218415
-0.250209,0.429483,0.209945
-0.255415,0.431650,0.212786
-0.242956,0.428064,0.217108
0.039449,0.374673,0.171861
0.044125,0.411435,0.200306
0.036912,0.433353,0.228644
0.023974,0.456398,0.238964
0.021590,0.460561,0.246393
0.020566,0.458834,0.243909
0.022154,0.464479,0.248822
0.015506,0.460701,0.254078
0.012236,0.453100,0.241220
0.003506,0.460546,0.244830
0.009798,0.463932,0.242273
-0.002685,0.467323,0.237670
0.000809,0.447534,0.251861
-0.001029,0.458813,0.240875
-0.000614,0.463939,0.242101
-0.025814,0.457401,0.237928
-0.016055,0.455873,0.242042
-0.017992,0.451548,0.240606
-0.021600,0.460984,0.240348
-0.022516,0.454042,0.236983
-0.028984,0.453065,0.248521
-0.018570,0.458413,0.237783
-0.030284,0.462960,0.238973
-0.033376,0.452467,0.250971
-0.038565,0.462762,0.245007
-0.042563,0.459804,0.253882
-0.046823,0.462686,0.253857
-0.047086,0.467510,0.256716
-0.045887,0.459650,0.246076
-0.049695,0.467882,0.251821
-0.052465,0.473767,0.254633
-0.058583,0.466363,0.256931
-0.058468,0.475811,0.272901
-0.070836,0.489099,0.267089
-0.066117,0.480308,0.268690
-0.074338,0.480261,0.259577
-0.073275,0.489203,0.274991
-0.076597,0.481323,0.255368
-0.068671,0.489282,0.260072
-0.076376,0.482959,0.259292
-0.084505,0.476444,0.267160
-0.084448,0.467890,0.254420
-0.090439,0.484186,0.263242
-0.099715,0.479939,0.266929
-0.094759,0.476908,0.264077
-0.103710,0.472012,0.264267
-0.100560,0.477925,0.271024
-0.113161,0.483325,0.251843
-0.113603,0.480308,0.267134
-0.121780,0.485241,0.254362
-0.119915,0.475731,0.263253
-0.117808,0.482510,0.270490
-0.118576,0.495946,0.269782
-0.138326,0.482315,0.260905
-0.128742,0.482051,0.270358
-0.131930,0.472491,0.266829
-0.130175,0.473875,0.257081
-0.130822,0.478859,0.257157
-0.146738,0.478583,0.259384
-0.146772,0.471046,0.261842
-0.142958,0.478366,0.259185
-0.150729,0.470903,0.264782
-0.150729,0.486832,0.267981
-0.148875,0.476122,0.257057
-0.158094,0.456524,0.242739
-0.166704,0.453394,0.238231
-0.163873,0.442655,0.232742
-0.175692,0.449876,0.236079
-0.181564,0.447881,0.232665
-0.178655,0.440750,0.231611
-0.172011,0.445260,0.226164
-0.185065,0.441398,0.223769
-0.182431,0.434925,0.219886
-0.188533,0.440154,0.238434
-0.197147,0.441486,0.226651
-0.193714,0.439862,0.223640
-0.194486,0.433484,0.222929
-0.207437,0.438887,0.218565
-0.206284,0.432114,0.224457
-0.204171,0.433725,0.215363
-0.208962,0.433524,0.225381
-0.212220,0.433115,0.218166
-0.216644,0.428134,0.222649
-0.216741,0.428827,0.217412
-0.220572,0.430292,0.203844
-0.223027,0.428267,0.215927
-0.229483,0.424555,0.224074
-0.223198,0.427067,0.216835
-0.229835,0.426065,0.206223
-0.241640,0.428997,0.217973
-0.238799,0.421238,0.215712
-0.241760,0.421074,0.213959
-0.243322,0.420408,0.216739
0.056935,0.365729,0.177295
0.038005,0.397836,0.199760
0.027457,0.436920,0.220723
0.032874,0.462369,0.253000
0.016981,0.461458,0.258352
0.021063,0.458413,0.256296
0.027419,0.466170,0.253962
0.008544,0.460225,0.253820
0.011599,0.458800,0.250282
0.009288,0.454123,0.250045
0.003708,0.456596,0.246449
0.005356,0.459226,0.249857
-0.006184,0.461371,0.236421
0.008512,0.460455,0.243498
-0.001974,0.459606,0.249824
-0.019952,0.457416,0.244679
-0.016579,0.448308,0.249827
-0.013791,0.450965,0.247025
-0.014595,0.453063,0.243034
-0.018485,0.445790,0.245581
-0.015871,0.452361,0.241503
-0.029704,0.452173,0.250542
-0.036729,0.461808,0.241814
-0.041507,0.454881,0.243671
-0.041623,0.455474,0.247264
-0.039934,0.458519,0.245378
-0.038852,0.456823,0.247021
-0.049499,0.456466,0.254457
-0.046065,0.465269,0.247541
-0.051108,0.455545,0.244543
-0.059125,0.468885,0.259655
-0.057022,0.472950,0.251381
-0.066778,0.479156,0.263328
-0.069782,0.472768,0.270320
-0.064679,0.479959,0.267480
-0.064899,0.483794,0.260746
-0.077097,0.472595,0.252725
-0.069691,0.481368,0.261503
-0.075034,0.487436,0.267513
-0.095870,0.479499,0.265330
-0.087126,0.475001,0.266697
-0.081020,0.488829,0.260119
-0.094914,0.476610,0.255601
-0.088762,0.481281,0.263748
-0.093503,0.481097,0.269691
-0.100102,0.478737,0.268850
-0.104690,0.478400,0.265795
-0.111794,0.477032,0.271169
-0.114246,0.466388,0.262415
-0.108163,0.472511,0.261981
-0.114723,0.470296,0.265805
-0.114386,0.474210,0.262388
-0.121720,0.486835,0.260993
-0.122023,0.475108,0.257913
-0.126843,0.473341,0.269512
-0.130791,0.479333,0.260298
-0.138909,0.480138,0.264120
-0.127843,0.489924,0.272887
-0.140046,0.476032,0.263468
-0.143292,0.475318,0.271347
-0.152084,0.471448,0.258818
-0.151260,0.474542,0.262052
-0.156203,0.483046,0.265696
-0.156180,0.463323,0.253802
-0.158306,0.444940,0.251355
-0.159130,0.446088,0.239209
-0.162938,0.455555,0.242020
-0.170079,0.439512,0.232992
-0.179626,0.434217,0.227878
-0.172541,0.441751,0.230565
-0.177245,0.443002,0.236917
-0.179941,0.438894,0.231390
-0.183194,0.435431,0.232774
-0.191644,0.420991,0.223046
-0.186828,0.436248,0.229867
-0.189091,0.427176,0.233683
-0.200357,0.430681,0.234766
-0.203179,0.430345,0.223362
-0.217008,0.432833,0.228818
-0.208619,0.428631,0.224142
-0.212561,0.427290,0.211105
-0.215311,0.421223,0.226628
-0.217022,0.426755,0.215140
-0.220772,0.423010,0.215974
-0.216041,0.418056,0.217603
-0.217107,0.421338,0.219009
-0.235387,0.422567,0.212332
-0.230234,0.419889,0.208982
-0.230215,0.414848,0.217393
-0.243958,0.416580,0.214431
-0.238177,0.413589,0.215682
-0.245755,0.411328,0.207746
-0.245309,0.407092,0.204568
0.033041,0.355170,0.167167
0.040192,0.391108,0.207074
0.031705,0.431367,0.219792
0.030061,0.460678,0.254653
0.025536,0.463165,0.253233
0.019765,0.463555,0.245617
0.020789,0.460371,0.256058
0.016461,0.450298,0.248614
0.010188,0.453487,0.246666
0.009039,0.452618,0.256574
0.003772,0.453176,0.244827
0.005498,0.457475,0.244200
-0.000775,0.455157,0.243217
-0.002062,0.454973,0.252652
-0.010762,0.448462,0.247797
-0.009793,0.460399,0.254251
0.005385,0.451136,0.250737
-0.014762,0.455298,0.242347
-0.011797,0.455289,0.256448
-0.028553,0.444189,0.244644
-0.027956,0.449272,0.246202
-0.023270,0.453810,0.245853
-0.036985,0.450765,0.251698
-0.032689,0.461801,0.254454
-0.036586,0.456777,0.248401
-0.044011,0.458590,0.244051
-0.052111,0.454552,0.246431
-0.040940,0.462375,0.256128
-0.051909,0.452736,0.249631
-0.060999,0.460424,0.258163
-0.056163,0.460427,0.259995
-0.063590,0.455331,0.266644
-0.067294,0.469991,0.269409
-0.070168,0.479510,0.264721
-0.068325,0.473745,0.278354
-0.070440,0.486401,0.272783
-0.079036,0.470404,0.275755
-0.075381,0.482259,0.269347
-0.076135,0.477894,0.268250
-0.088736,0.477877,0.274668
-0.093788,0.474264,0.271789
-0.086664,0.475805,0.266535
-0.089168,0.472188,0.265203
-0.102528,0.480691,0.266298
-0.099898,0.485563,0.267543
-0.109805,0.470430,0.263114
-0.097382,0.483507,0.265646
-0.104909,0.459948,0.266729
-0.105744,0.474592,0.259939
-0.116314,0.472484,0.272711
-0.119061,0.471311,0.268675
-0.126526,0.475029,0.266468
-0.122053,0.474479,0.260578
-0.134475,0.469855,0.266952
-0.138131,0.472862,0.277454
-0.136683,0.477027,0.269149
-0.137523,0.476218,0.265367
-0.145534,0.477985,0.257439
-0.140593,0.468672,0.272628
-0.142702,0.481110,0.264644
-0.148987,0.472937,0.258032
-0.147352,0.479829,0.271966
-0.158762,0.479690,0.271601
-0.152517,0.460368,0.249813
-0.161897,0.455072,0.241289
-0.165323,0.444921,0.238681
-0.161080,0.438442,0.237906
-0.176502,0.433483,0.234044
-0.168700,0.443817,0.238049
-0.169716,0.437650,0.231946
-0.186371,0.437556,0.228596
-0.180441,0.428824,0.234059
-0.189141,0.437761,0.235182
-0.182586,0.433026,0.226004
-0.191201,0.431055,0.227276
-0.205831,0.418215,0.230889
-0.197070,0.427736,0.234644
-0.201401,0.427979,0.219954
-0.208179,0.424464,0.224622
-0.213224,0.422686,0.224852
-0.213158,0.427405,0.225255
-0.222752,0.418184,0.216832
-0.221191,0.428642,0.228633
-0.218612,0.421055,0.214166
-0.223096,0.416402,0.226346
-0.216076,0.406374,0.224700
-0.224223,0.420223,0.215816
-0.234986,0.422879,0.215686
-0.229934,0.415966,0.214102
-0.240421,0.416211,0.210418
-0.248688,0.405114,0.207662
-0.250686,0.406022,0.216034
-0.254724,0.410648,0.211594
0.038546,0.396259,0.190159
0.031958,0.419837,0.214777
0.034935,0.452329,0.251179
0.032991,0.450353,0.256863
0.018072,0.449769,0.251300
0.022188,0.450660,0.240120
0.017671,0.450703,0.251878
0.006795,0.461370,0.253697
0.000391,0.461243,0.254579
0.002324,0.446202,0.247608
-0.002350,0.459922,0.249078
-0.001186,0.452720,0.256178
0.002976,0.456694,0.250518
-0.009252,0.445340,0.253138
-0.009241,0.444175,0.251522
-0.018740,0.447878,0.248346
-0.017399,0.455817,0.252851
-0.014587,0.450383,0.253644
-0.023870,0.445259,0.244014
-0.022622,0.454665,0.251431
-0.029800,0.446650,0.252396
-0.029461,0.443595,0.253398
-0.032948,0.445972,0.235528
-0.041133,0.451591,0.251536
-0.034365,0.449683,0.252127
-0.045134,0.454492,0.251627
-0.050336,0.464141,0.256284
-0.053005,0.458611,0.253068
-0.040201,0.453853,0.250771
-0.057457,0.453785,0.257598
-0.056464,0.469023,0.251755
-0.061869,0.462339,0.261991
-0.065714,0.470427,0.265121
-0.071344,0.471924,0.270159
-0.071595,0.475541,0.278142
-0.077414,0.479850,0.275460
-0.080279,0.485244,0.275149
-0.084899,0.481533,0.272070
-0.083370,0.484614,0.275417
-0.090486,0.481450,0.275071
-0.083338,0.473459,0.276802
-0.093758,0.477207,0.274351
-0.093867,0.473783,0.278630
-0.088451,0.482669,0.273684
-0.098147,0.469872,0.273094
-0.107458,0.480092,0.268962
-0.115362,0.482036,0.274948
-0.110514,0.481690,0.272331
-0.113679,0.474057,0.271171
-0.116047,0.480579,0.266200
-0.113917,0.464021,0.276455
-0.125179,0.482845,0.269869
-0.122043,0.476447,0.272073
-0.132540,0.480612,0.270401
-0.138780,0.476549,0.273743
-0.137797,0.482753,0.271103
-0.139727,0.462146,0.266314
-0.137507,0.471256,0.270563
-0.135360,0.476912,0.258260
-0.152287,0.465717,0.271590
-0.148283,0.478518,0.269063
-0.146571,0.465828,0.260751
-0.160927,0.449241,0.247917
-0.155259,0.442090,0.248426
-0.155767,0.443548,0.236558
-0.158895,0.434092,0.229002
-0.171709,0.437311,0.238345
-0.165782,0.438508,0.235826
-0.173166,0.428542,0.240469
-0.171084,0.426794,0.230688
-0.184364,0.420470,0.232066
-0.181230,0.422004,0.231596
-0.195612,0.426041,0.236935
-0.182288,0.425747,0.230132
-0.199004,0.422827,0.228905
-0.196745,0.421797,0.229987
-0.197589,0.420199,0.232777
-0.197726,0.430885,0.219417
-0.216144,0.417688,0.225808
-0.211374,0.415039,0.225858
-0.216726,0.426685,0.220671
-0.225113,0.412691,0.220769
-0.217952,0.414918,0.220114
-0.217757,0.414839,0.233262
-0.226597,0.425076,0.221031
-0.220015,0.413280,0.215049
-0.238224,0.408617,0.218140
-0.240181,0.401424,0.217490
-0.238867,0.410037,0.215655
-0.238001,0.405306,0.216410
-0.249277,0.404682,0.214753
-0.248234,0.411686,0.213105
0.030870,0.380286,0.191510
0.033497,0.408630,0.226363
0.028324,0.438388,0.249658
0.022792,0.453420,0.246388
0.023133,0.450820,0.265101
0.024951,0.453635,0.263282
0.019248,0.456278,0.249451
0.012860,0.448175,0.257854
0.009871,0.452960,0.248903
-0.000122,0.454558,0.256199
-0.000329,0.447840,0.250199
0.006889,0.444744,0.252286
-0.007288,0.440495,0.251888
-0.003936,0.452817,0.250307
-0.010566,0.447099,0.256341
-0.009220,0.439009,0.250763
-0.016878,0.448319,0.252045
-0.019329,0.448112,0.257192
-0.028461,0.447149,0.238280
-0.030417,0.446327,0.252232
-0.031390,0.452532,0.245531
-0.031478,0.448199,0.252458
-0.040665,0.451645,0.260536
-0.037697,0.441910,0.255743
-0.044432,0.450695,0.255166
-0.036609,0.461866,0.246553
-0.046099,0.451479,0.250253
-0.050085,0.460936,0.247595
-0.050625,0.455165,0.260414
-0.050880,0.458688,0.265718
-0.055811,0.462984,0.261914
-0.063455,0.463072,0.260566
-0.065544,0.462789,0.265898
-0.065690,0.470371,0.272772
-0.070666,0.479493,0.277670
-0.074836,0.476298,0.281174
-0.077091,0.481755,0.277698
-0.069162,0.472546,0.272534
-0.089914,0.480918,0.277355
-0.096356,0.477493,0.278078
-0.082837,0.482339,0.281732
-0.089681,0.486272,0.280048
-0.099536,0.477486,0.278521
-0.098796,0.471653,0.282442
-0.102399,0.474406,0.279734
-0.101641,0.472005,0.275817
-0.104853,0.469392,0.275211
-0.102314,0.476378,0.272107
-0.109868,0.481359,0.278187
-0.118925,0.474010,0.279570
-0.112561,0.468647,0.273168
-0.127012,0.471847,0.265270
-0.119980,0.471074,0.274197
-0.119809,0.466023,0.272526
-0.136095,0.469202,0.271145
-0.136096,0.465618,0.283944
-0.133553,0.475431,0.273725
-0.129782,0.472421,0.281058
-0.149783,0.467947,0.273140
-0.140559,0.467508,0.269173
-0.138751,0.465166,0.260475
-0.151898,0.458026,0.259922
-0.150957,0.448016,0.246880
-0.160824,0.435429,0.256303
-0.164900,0.438749,0.246393
-0.160742,0.429899,0.238472
-0.179141,0.436731,0.240467
-0.170616,0.431790,0.232391
-0.172521,0.433895,0.250312
-0.186296,0.440611,0.234819
-0.179390,0.416634,0.237184
-0.177714,0.419914,0.234111
-0.190904,0.421073,0.233938
-0.195975,0.427229,0.232423
-0.197701,0.424285,0.229528
-0.202487,0.417612,0.229765
-0.203358,0.414733,0.228611
-0.199439,0.419908,0.220245
-0.215708,0.416898,0.226027
-0.206721,0.412983,0.222882
-0.217603,0.416593,0.222484
-0.218170,0.417931,0.216247
-0.225009,0.408765,0.216105
-0.222383,0.408864,0.220885
-0.233459,0.405301,0.218197
-0.221964,0.410683,0.216653
-0.229970,0.405236,0.212519
-0.236415,0.400334,0.218253
-0.242652,0.399926,0.210785
-0.249954,0.407083,0.208916
-0.236657,0.410261,0.218737
-0.251481,0.404204,0.218895
0.040825,0.372249,0.192073
0.035585,0.400007,0.223294
0.023521,0.438919,0.249290
0.022746,0.454367,0.258631
0.017880,0.457240,0.259023
0.016817,0.444956,0.258114
0.009699,0.442163,0.261034
0.020996,0.452685,0.263623
-0.000096,0.451270,0.244941
0.011762,0.447171,0.257376
0.010948,0.443925,0.254156
0.004940,0.447931,0.250444
-0.002888,0.449043,0.261579
-0.008006,0.442623,0.252509
-0.012315,0.450065,0.250739
-0.013600,0.450414,0.252027
-0.005890,0.448414,0.251131
-0.018449,0.446036,0.250867
-0.010638,0.445679,0.255423
-0.027903,0.442217,0.261769
-0.023436,0.440542,0.252858
-0.030006,0.446728,0.265824
-0.027804,0.448455,0.257300
-0.024893,0.444949,0.251673
-0.040218,0.442227,0.252059
-0.040202,0.436568,0.259047
-0.056507,0.450757,0.258976
-0.051061,0.446425,0.258861
-0.046285,0.455519,0.262337
-0.054847,0.444481,0.256215
-0.057177,0.448317,0.259493
-0.057942,0.460930,0.262890
-0.072524,0.460525,0.266116
-0.077681,0.456019,0.275891
-0.065918,0.465064,0.272097
-0.069765,0.474619,0.273394
-0.083513,0.475582,0.278954
-0.079974,0.480444,0.279788
-0.087954,0.473667,0.283544
-0.078848,0.480845,0.280523
-0.093684,0.478592,0.272420
-0.096165,0.468881,0.280644
-0.100679,0.470588,0.274516
-0.098700,0.470108,0.277750
-0.104707,0.473980,0.278030
-0.111699,0.461426,0.274121
-0.118112,0.474225,0.271599
-0.110769,0.461549,0.270074
-0.112374,0.477874,0.279853
-0.122278,0.481087,0.280450
-0.130232,0.482752,0.272309
-0.117328,0.471899,0.279189
-0.123122,0.467450,0.285473
-0.126035,0.473393,0.283078
-0.124152,0.472431,0.278563
-0.136165,0.474286,0.282955
-0.137496,0.469562,0.272899
-0.134955,0.475120,0.275040
-0.152505,0.465175,0.275854
-0.148371,0.474510,0.263535
-0.151139,0.454724,0.268824
-0.150960,0.445562,0.254129
-0.151275,0.430584,0.244185
-0.161397,0.432006,0.242141
-0.176970,0.428106,0.242650
-0.162566,0.427903,0.253549
-0.165630,0.433260,0.244226
-0.164938,0.431567,0.241869
-0.176724,0.432541,0.243184
-0.177406,0.428576,0.238816
-0.172317,0.420748,0.234485
-0.184530,0.421441,0.236881
-0.189911,0.420512,0.231298
-0.184100,0.425273,0.233703
-0.197148,0.428882,0.231887
-0.197552,0.423364,0.234522
-0.206754,0.415515,0.228959
-0.204366,0.417970,0.225136
-0.210572,0.414414,0.227397
-0.208777,0.405050,0.226985
-0.216324,0.408432,0.220491
-0.208553,0.404898,0.225648
-0.221460,0.404450,0.228864
-0.220937,0.398775,0.222318
-0.232318,0.402257,0.216121
-0.231984,0.401127,0.218041
-0.244099,0.406060,0.214249
-0.240456,0.403617,0.207678
-0.237638,0.399249,0.220962
-0.247661,0.405175,0.210952
-0.246867,0.390436,0.208223
-0.251768,0.393397,0.216500
0.038592,0.353063,0.181444
0.033970,0.394302,0.215280
0.031672,0.428348,0.237163
0.021465,0.444641,0.261301
0.026672,0.448721,0.268726
0.013283,0.449254,0.260330
0.015992,0.441740,0.261654
0.014274,0.448592,0.254260
0.007972,0.435519,0.268979
0.011626,0.442213,0.259528
-0.001180,0.447422,0.258628
0.000962,0.445117,0.257951
0.002333,0.438338,0.256499
-0.004826,0.430235,0.248737
-0.019736,0.432737,0.253575
-0.011842,0.441830,0.259488
-0.016060,0.444388,0.260541
-0.016999,0.440403,0.260318
-0.023500,0.443614,0.263151
-0.018474,0.444554,0.256262
-0.021281,0.441408,0.253226
-0.023551,0.446849,0.258768
-0.040125,0.434682,0.258812
-0.036720,0.444075,0.258190
-0.035272,0.447063,0.252913
-0.039363,0.445546,0.264991
-0.044298,0.435812,0.253402
-0.046498,0.444821,0.256048
-0.054906,0.442118,0.253802
-0.057154,0.448151,0.261896
-0.058457,0.454068,0.265950
-0.055249,0.440869,0.263801
-0.059634,0.460384,0.269192
-0.070914,0.465225,0.267837
-0.080837,0.468652,0.278777
-0.068699,0.469053,0.279414
-0.073213,0.468858,0.279812
-0.080805,0.475578,0.287775
-0.078881,0.472006,0.278229
-0.085279,0.473201,0.280605
-0.094920,0.474382,0.289745
-0.094307,0.478091,0.293115
-0.095305,0.476797,0.278356
-0.087714,0.482801,0.275505
-0.102328,0.474609,0.284229
-0.109552,0.475302,0.279858
-0.106032,0.476589,0.279679
-0.106081,0.473745,0.280678
-0.110761,0.473410,0.278825
-0.118315,0.475220,0.281742
-0.119919,0.473973,0.286470
-0.121018,0.479534,0.289874
-0.127047,0.477968,0.275618
-0.133076,0.470911,0.283908
-0.131092,0.471389,0.279545
-0.138169,0.465076,0.282898
-0.134938,0.476694,0.266338
-0.146611,0.468197,0.270724
-0.148229,0.457484,0.266279
-0.140205,0.465537,0.268279
-0.151696,0.443820,0.250052
-0.154764,0.436905,0.250051
-0.161395,0.425887,0.256435
-0.156667,0.423711,0.246855
-0.173384,0.429902,0.247858
-0.171730,0.424304,0.248801
-0.164836,0.424301,0.237806
-0.176853,0.420431,0.244325
-0.172250,0.425277,0.244355
-0.180495,0.420268,0.239328
-0.181452,0.413777,0.239777
-0.189589,0.426867,0.231738
-0.187155,0.419204,0.232315
-0.187137,0.421432,0.237458
-0.198257,0.418743,0.235290
-0.206170,0.412418,0.231763
-0.201897,0.412753,0.230013
-0.205651,0.406279,0.230370
-0.216013,0.398700,0.238244
-0.210184,0.407124,0.229201
-0.216264,0.404246,0.225828
-0.218369,0.403304,0.234431
-0.222431,0.402264,0.217049
-0.219679,0.400024,0.215289
-0.234927,0.395268,0.220813
-0.226523,0.400441,0.212593
-0.234387,0.391417,0.213643
-0.231139,0.395910,0.216041
-0.243745,0.395023,0.213059
-0.252763,0.394140,0.209933
-0.245010,0.392888,0.219653
-0.250678,0.392932,0.206353
0.042010,0.346794,0.178012
0.040010,0.393547,0.215122
0.028717,0.430422,0.235630
0.021854,0.439530,0.256374
0.019587,0.446649,0.260034
0.012550,0.438496,0.257920
0.016827,0.436624,0.261369
0.005067,0.449665,0.257952
0.013082,0.446568,0.261225
0.004754,0.436158,0.262608
0.006325,0.438740,0.260320
0.004737,0.440903,0.263919
-0.012596,0.443430,0.259241
-0.000308,0.444198,0.252739
-0.008025,0.437437,0.254896
-0.011004,0.438652,0.254313
-0.008959,0.431867,0.257592
-0.018295,0.440806,0.260372
-0.010864,0.443126,0.261458
-0.025480,0.441289,0.258137
-0.024610,0.443325,0.254057
-0.035940,0.437160,0.251048
-0.029573,0.438761,0.264053
-0.037445,0.437248,0.258610
-0.040546,0.427772,0.259444
-0.052120,0.446971,0.258159
-0.048265,0.440163,0.268910
-0.050795,0.444915,0.263645
-0.049642,0.445596,0.268773
-0.052490,0.446063,0.262147
-0.062002,0.446429,0.258605
-0.059798,0.451863,0.264750
-0.064839,0.453849,0.264424
-0.070515,0.450763,0.265000
-0.080669,0.460205,0.274547
-0.065997,0.460673,0.280106
-0.081004,0.471766,0.283382
-0.074818,0.473030,0.277962
-0.078165,0.482065,0.281076
-0.079411,0.473637,0.294598
-0.100961,0.466932,0.288635
-0.099386,0.472781,0.283021
-0.098031,0.457278,0.289733
-0.104734,0.468215,0.284830
-0.098122,0.471293,0.291373
-0.119292,0.473543,0.285342
-0.108087,0.477758,0.283363
-0.112239,0.468052,0.287490
-0.107668,0.465918,0.286993
-0.116881,0.472437,0.290292
-0.120992,0.470241,0.286387
-0.126457,0.463641,0.289290
-0.121727,0.465034,0.278353
-0.128006,0.466193,0.289233
-0.132509,0.465912,0.283781
-0.130786,0.471984,0.279290
-0.131432,0.461748,0.287112
-0.140519,0.457415,0.279952
-0.145284,0.459308,0.269567
-0.146666,0.451055,0.262836
-0.153125,0.433283,0.251513
-0.167003,0.431563,0.245674
-0.163197,0.427255,0.257420
-0.158641,0.427227,0.260913
-0.162055,0.420441,0.243429
-0.165132,0.430374,0.236254
-0.164833,0.422765,0.244992
-0.185050,0.428886,0.239541
-0.183155,0.418949,0.244274
-0.177799,0.412040,0.245327
-0.187996,0.414033,0.235533
-0.181638,0.411804,0.243036
-0.191963,0.412751,0.238641
-0.195518,0.410583,0.237169
-0.199350,0.404468,0.230266
-0.194497,0.411207,0.234809
-0.201088,0.409855,0.227756
-0.207413,0.411131,0.232923
-0.206812,0.396793,0.230053
-0.213141,0.401600,0.230518
-0.218853,0.416393,0.232064
-0.215386,0.400214,0.230629
-0.221964,0.405039,0.220041
-0.221647,0.397291,0.225315
-0.221824,0.397261,0.221079
-0.217950,0.395756,0.219931
-0.234141,0.388445,0.217570
-0.230963,0.401460,0.213724
-0.244203,0.386714,0.227841
-0.253651,0.388538,0.211872
-0.246659,0.394758,0.212835
-0.248054,0.388051,0.220595
0.042030,0.328786,0.180630
0.031382,0.376492,0.210811
0.033471,0.410010,0.241212
0.021066,0.445863,0.258725
0.024971,0.440232,0.267267
0.024607,0.439706,0.267970
0.010405,0.433071,0.259182
0.009587,0.441380,0.263256
0.004271,0.443291,0.258084
0.004294,0.444489,0.258092
-0.003089,0.430362,0.255447
0.007220,0.443676,0.267893
-0.003068,0.435805,0.265930
-0.015775,0.435871,0.260356
-0.009915,0.439770,0.265895
-0.016210,0.438070,0.261035
-0.020263,0.433575,0.257420
-0.018033,0.425625,0.265008
-0.017818,0.436040,0.260423
-0.027211,0.431429,0.260350
-0.026673,0.432077,0.257035
-0.038422,0.439708,0.261936
-0.031284,0.437402,0.262782
-0.044624,0.427689,0.261085
-0.039152,0.428993,0.260641
-0.039850,0.433643,0.254494
-0.061885,0.437124,0.263051
-0.040171,0.433800,0.255699
-0.051396,0.439427,0.257075
-0.060461,0.432222,0.258368
-0.056125,0.434791,0.266180
-0.065520,0.440137,0.266952
-0.060778,0.445667,0.265823
-0.067649,0.448511,0.278212
-0.074501,0.447855,0.270654
-0.076695,0.450176,0.273208
-0.084680,0.450827,0.266435
-0.083283,0.458850,0.289560
-0.081672,0.456952,0.287524
-0.083940,0.462026,0.283999
-0.088757,0.470799,0.290136
-0.093156,0.465756,0.277572
-0.104584,0.468264,0.290162
-0.095581,0.470252,0.297106
-0.091126,0.479659,0.284057
-0.104836,0.466994,0.278158
-0.105289,0.479688,0.298651
-0.110967,0.475822,0.292251
-0.115985,0.477050,0.282361
-0.116752,0.476595,0.293126
-0.126434,0.467737,0.285345
-0.128798,0.464940,0.279242
-0.126786,0.464564,0.290437
-0.125978,0.465491,0.281693
-0.136032,0.463021,0.273625
-0.132183,0.459378,0.279070
-0.133909,0.447414,0.274477
-0.146894,0.441554,0.278358
-0.145646,0.443452,0.271189
-0.147415,0.432063,0.260651
-0.150744,0.439821,0.262251
-0.162650,0.431477,0.253706
-0.159159,0.418848,0.251117
-0.162813,0.419276,0.240365
-0.159936,0.425635,0.251212
-0.172296,0.419585,0.253356
-0.163418,0.416079,0.261065
-0.175856,0.421634,0.241020
-0.175622,0.415918,0.252864
-0.175060,0.412400,0.243123
-0.182698,0.416277,0.237052
-0.181989,0.412405,0.239275
-0.192259,0.409176,0.239622
-0.187390,0.414897,0.230830
-0.198738,0.405729,0.232058
-0.202596,0.404816,0.229741
-0.209092,0.404064,0.234900
-0.210987,0.397381,0.231269
-0.207967,0.389685,0.217091
-0.216813,0.398506,0.229478
-0.223058,0.391741,0.225411
-0.222851,0.390589,0.219879
-0.221342,0.402300,0.225672
-0.224175,0.394872,0.218412
-0.226549,0.390906,0.217635
-0.232339,0.382526,0.221027
-0.244108,0.385399,0.221093
-0.238453,0.381735,0.216573
-0.242993,0.388423,0.219417
-0.248385,0.388032,0.218671
-0.245582,0.385527,0.208850
-0.244716,0.384294,0.214902
0.038239,0.338080,0.175122
0.033298,0.364075,0.210807
0.030556,0.396070,0.242017
0.017521,0.433329,0.262834
0.033253,0.443183,0.266447
0.024686,0.432130,0.268136
0.021132,0.425196,0.262625
0.003472,0.434410,0.271098
0.010793,0.433347,0.272788
0.014838,0.436100,0.265912
-0.005233,0.430735,0.261010
-0.006589,0.431964,0.268771
0.003108,0.442269,0.258978
-0.002378,0.428290,0.255785
-0.003737,0.425560,0.261774
-0.015247,0.434079,0.260534
-0.013048,0.430222,0.261427
-0.021479,0.433659,0.258606
-0.029781,0.432416,0.251813
-0.028944,0.430640,0.258563
-0.019734,0.434221,0.265864
-0.028255,0.433093,0.262377
-0.030770,0.430545,0.258603
-0.039839,0.426462,0.262722
-0.041609,0.434571,0.264627
-0.045188,0.433557,0.265630
-0.034799,0.436951,0.262670
-0.045858,0.422826,0.261877
-0.054376,0.437897,0.258151
-0.056051,0.436861,0.263129
-0.057663,0.437637,0.271595
-0.053229,0.435475,0.255957
-0.064600,0.445465,0.271171
-0.067683,0.439386,0.269852
-0.070719,0.451575,0.271460
-0.064163,0.447646,0.266425
-0.074049,0.443835,0.283318
-0.079118,0.453538,0.278697
-0.079460,0.461134,0.279336
-0.086453,0.465614,0.277744
-0.085411,0.460648,0.282398
-0.092986,0.465553,0.285453
-0.097913,0.471570,0.281939
-0.104611,0.465798,0.296220
-0.103484,0.460370,0.285264
-0.105238,0.464942,0.288116
-0.110837,0.463728,0.296955
-0.109756,0.475125,0.281359
-0.110555,0.474657,0.292805
-0.118574,0.459886,0.294588
-0.124817,0.470095,0.293852
-0.122045,0.460878,0.270860
-0.122448,0.453542,0.272629
-0.129416,0.455363,0.276745
-0.128346,0.454163,0.265939
-0.130175,0.439191,0.272453
-0.139713,0.440601,0.283015
-0.145214,0.438142,0.258918
-0.139399,0.436586,0.264303
-0.145329,0.434299,0.256697
-0.144662,0.422287,0.256899
-0.150984,0.429997,0.255699
-0.157078,0.430005,0.256016
-0.170282,0.417409,0.252752
-0.169278,0.419774,0.246544
-0.165388,0.417791,0.243239
-0.171299,0.417528,0.243875
-0.171317,0.419176,0.248553
-0.171093,0.412292,0.245302
-0.179813,0.412730,0.243259
-0.183726,0.407820,0.241743
-0.181654,0.409876,0.234372
-0.186647,0.409976,0.240032
-0.188142,0.416967,0.239681
-0.200157,0.410016,0.231186
-0.208196,0.401004,0.231100
-0.206575,0.401490,0.224166
-0.204370,0.402157,0.228509
-0.206651,0.396240,0.226924
-0.211434,0.395706,0.224189
-0.209446,0.386474,0.225736
-0.220459,0.388373,0.227497
-0.217834,0.387979,0.223422
-0.224529,0.383843,0.227315
-0.229577,0.382598,0.208512
-0.234560,0.387450,0.223475
-0.226624,0.381951,0.219445
-0.241608,0.380886,0.226919
-0.237665,0.374568,0.218887
-0.253586,0.379216,0.214195
-0.254172,0.365414,0.220166
-0.249647,0.373278,0.215958
0.019071,0.359361,0.207596
0.029564,0.396240,0.233597
0.018931,0.424599,0.261212
0.013891,0.425017,0.267044
0.014737,0.432584,0.267847
0.015527,0.431144,0.273535
0.017216,0.430922,0.268197
0.002583,0.426183,0.266307
0.012627,0.433148,0.271462
-0.002817,0.430136,0.260448
0.001322,0.440905,0.267029
-0.001527,0.425444,0.268382
-0.002474,0.433615,0.264709
-0.010054,0.430468,0.264853
-0.008922,0.423661,0.264677
-0.011806,0.417263,0.251141
-0.015005,0.429782,0.270003
-0.024391,0.431098,0.257895
-0.029868,0.423194,0.254533
-0.022963,0.421105,0.257599
-0.035211,0.433023,0.250345
-0.035526,0.427351,0.263402
-0.037449,0.429359,0.267350
-0.041632,0.433044,0.267367
-0.034253,0.427749,0.259970
-0.049909,0.425884,0.266657
-0.053504,0.436670,0.264256
-0.057310,0.434702,0.266669
-0.064640,0.425916,0.265996
-0.056322,0.436636,0.258154
-0.055698,0.438097,0.266732
-0.068665,0.433541,0.270836
-0.067730,0.434041,0.266851
-0.070491,0.443723,0.270218
-0.080357,0.437703,0.264127
-0.076548,0.441805,0.277323
-0.085169,0.444029,0.270084
-0.086269,0.452894,0.276018
-0.091830,0.450533,0.276104
-0.096257,0.448959,0.270469
-0.093669,0.455410,0.277845
-0.096531,0.458864,0.280735
-0.098340,0.451209,0.282909
-0.103076,0.453265,0.287254
-0.105338,0.457384,0.269716
-0.110369,0.455581,0.275892
-0.112576,0.447612,0.284816
-0.109402,0.453084,0.274794
-0.116049,0.445382,0.276321
-0.119524,0.445632,0.282617
-0.125783,0.450446,0.277098
-0.128349,0.445461,0.268880
-0.126486,0.440915,0.274259
-0.131727,0.446526,0.276659
-0.129282,0.440681,0.257364
-0.144602,0.437340,0.260220
-0.142213,0.435350,0.257712
-0.140167,0.426073,0.266624
-0.152380,0.427463,0.259403
-0.164819,0.428024,0.250003
-0.151029,0.426634,0.270805
-0.162648,0.409512,0.252906
-0.159831,0.416059,0.263723
-0.167610,0.418786,0.247238
-0.165809,0.417665,0.254604
-0.164018,0.409530,0.245585
-0.176657,0.415176,0.245787
-0.171741,0.409770,0.251022
-0.179644,0.413044,0.246119
-0.183750,0.413248,0.239491
-0.188782,0.405703,0.241113
-0.192332,0.403183,0.229630
-0.187615,0.396674,0.236091
-0.195281,0.396157,0.237720
-0.196153,0.393595,0.240145
-0.202916,0.400537,0.236387
-0.215133,0.395500,0.230736
-0.201300,0.384408,0.223034
-0.218392,0.387669,0.222465
-0.219935,0.385260,0.231352
-0.220540,0.385095,0.229320
-0.223832,0.383517,0.229095
-0.220273,0.385155,0.216120
-0.225054,0.375596,0.228211
-0.231588,0.382901,0.213420
-0.237366,0.377653,0.217943
-0.241085,0.374559,0.214550
-0.246717,0.377872,0.216132
-0.256728,0.374727,0.217874
-0.245202,0.365649,0.210754
0.041342,0.344597,0.206203
0.032909,0.399948,0.235560
0.034120,0.425687,0.253087
0.015721,0.438125,0.278110
0.011405,0.429481,0.270969
0.021719,0.432188,0.266830
0.015701,0.423221,0.276426
0.009504,0.426514,0.267935
0.007522,0.419942,0.271632
-0.000418,0.430673,0.263871
0.003733,0.435175,0.268007
0.000789,0.424076,0.260033
-0.008217,0.425511,0.261190
-0.019823,0.428245,0.269505
-0.014620,0.424248,0.262099
-0.012410,0.438181,0.261706
-0.020451,0.421676,0.263234
-0.019053,0.435956,0.268774
-0.023349,0.420150,0.259467
-0.030844,0.425761,0.267174
-0.028436,0.412371,0.260235
-0.035783,0.425865,0.261582
-0.031225,0.433743,0.267514
-0.039742,0.416797,0.265774
-0.047818,0.433605,0.259757
-0.039778,0.434142,0.264760
-0.052105,0.428671,0.269279
-0.051106,0.428937,0.269484
-0.048365,0.425871,0.261729
-0.067326,0.436508,0.274419
-0.060521,0.431888,0.273295
-0.065820,0.433325,0.271572
-0.067856,0.418622,0.265884
-0.073124,0.435259,0.265724
-0.072019,0.438523,0.271112
-0.070407,0.434764,0.272792
-0.087933,0.438372,0.272721
-0.084864,0.445828,0.275838
-0.087293,0.443846,0.283975
-0.086892,0.455685,0.286800
-0.092456,0.445279,0.272147
-0.086288,0.450681,0.278910
-0.103509,0.457263,0.279070
-0.100226,0.445658,0.282133
-0.106103,0.437063,0.275116
-0.108575,0.439532,0.277543
-0.111953,0.439671,0.279673
-0.118007,0.431111,0.275580
-0.118924,0.431732,0.267122
-0.111909,0.427470,0.264425
-0.124990,0.438066,0.269163
-0.126054,0.435979,0.265635
-0.122860,0.426884,0.285349
-0.141068,0.431931,0.258031
-0.138724,0.421436,0.269306
-0.133072,0.431491,0.265232
-0.139791,0.426796,0.263559
-0.147907,0.419484,0.257935
-0.142827,0.425041,0.266445
-0.145131,0.422497,0.265089
-0.144954,0.422372,0.259294
-0.151107,0.414554,0.257574
-0.160027,0.423224,0.254404
-0.164926,0.416734,0.257012
-0.168828,0.407745,0.262902
-0.168203,0.403723,0.255913
-0.172385,0.410499,0.242451
-0.170752,0.410734,0.246780
-0.179262,0.413393,0.249291
-0.189153,0.403144,0.251275
-0.185589,0.402834,0.249645
-0.189546,0.395998,0.244016
-0.188191,0.392673,0.243778
-0.192939,0.394533,0.235457
-0.198578,0.389204,0.237658
-0.197243,0.390610,0.232690
-0.204572,0.385680,0.237439
-0.207875,0.387788,0.237094
-0.217612,0.385790,0.230851
-0.210768,0.375316,0.224413
-0.220067,0.387668,0.224540
-0.223074,0.376107,0.225450
-0.217974,0.371518,0.217406
-0.226043,0.382015,0.217299
-0.226472,0.381957,0.218239
-0.233975,0.374242,0.226457
-0.243133,0.373666,0.209538
-0.238957,0.374146,0.224691
-0.250686,0.369619,0.212293
-0.247212,0.352599,0.207681
0.045468,0.339461,0.199297
0.033331,0.374684,0.232799
0.030688,0.414573,0.253121
0.027250,0.423565,0.269282
0.020834,0.427044,0.269192
0.030426,0.417952,0.272118
0.012843,0.423751,0.264557
0.007423,0.426683,0.265922
0.008184,0.426840,0.266080
-0.000256,0.425921,0.269626
-0.001629,0.418955,0.268010
-0.001411,0.425421,0.268390
-0.006481,0.420143,0.262858
-0.012334,0.425757,0.269848
-0.009811,0.425225,0.269149
-0.011432,0.417460,0.255947
-0.006913,0.426383,0.271954
-0.021437,0.420576,0.264903
-0.026060,0.414841,0.265370
-0.027276,0.428689,0.260490
-0.027869,0.423755,0.266419
-0.025505,0.419079,0.262249
-0.040438,0.419103,0.261873
-0.041666,0.420866,0.269588
-0.043123,0.415028,0.265780
-0.048996,0.421853,0.263621
-0.047145,0.424640,0.267545
-0.053277,0.427627,0.266382
-0.054977,0.424880,0.267628
-0.053398,0.443526,0.265435
-0.067293,0.433695,0.273997
-0.070243,0.429952,0.267965
-0.072251,0.433937,0.274283
-0.067687,0.431784,0.264096
-0.070791,0.430941,0.262681
-0.082433,0.432848,0.277548
-0.081365,0.434296,0.269457
-0.080627,0.427776,0.274621
-0.079071,0.441494,0.273683
-0.090311,0.432558,0.286386
-0.092981,0.446100,0.278758
-0.085470,0.439263,0.269334
-0.104225,0.423291,0.270901
-0.107609,0.432196,0.281287
-0.098091,0.434645,0.280114
-0.115833,0.431877,0.267605
-0.108048,0.433228,0.270425
-0.114538,0.440847,0.269600
-0.112746,0.424601,0.258822
-0.123763,0.426944,0.272659
-0.128383,0.427129,0.265295
-0.117839,0.430438,0.270831
-0.128985,0.427864,0.267121
-0.145898,0.418888,0.273971
-0.129885,0.427807,0.260156
-0.131581,0.430679,0.267144
-0.142704,0.418261,0.269909
-0.145755,0.416112,0.266052
-0.142448,0.409513,0.258596
-0.152286,0.419016,0.258443
-0.161977,0.406021,0.251640
-0.163876,0.406894,0.255822
-0.161271,0.410133,0.241507
-0.162755,0.411976,0.253119
-0.159134,0.419919,0.251896
-0.172787,0.408071,0.262519
-0.164466,0.403518,0.247117
-0.178976,0.395488,0.245103
-0.178386,0.394086,0.255154
-0.184300,0.398592,0.256976
-0.182617,0.401627,0.251758
-0.194861,0.388444,0.250142
-0.189822,0.383231,0.238530
-0.202581,0.397152,0.234087
-0.201349,0.388296,0.244682
-0.200345,0.385257,0.228317
-0.203940,0.379155,0.240884
-0.209653,0.381732,0.235677
-0.209556,0.383031,0.241494
-0.210893,0.377459,0.223713
-0.217607,0.378566,0.226106
-0.229423,0.374039,0.225894
-0.224309,0.376584,0.215875
-0.222269,0.374517,0.222173
-0.226095,0.370939,0.219355
-0.238647,0.356563,0.221160
-0.233306,0.369922,0.213049
-0.244240,0.360559,0.216398
-0.242639,0.343392,0.213297
0.038033,0.333741,0.189748
0.031843,0.374323,0.228575
0.022215,0.405095,0.258461
0.037326,0.434272,0.270932
0.018156,0.414696,0.271973
0.020464,0.421176,0.269964
0.009651,0.421056,0.269887
0.004786,0.424617,0.268934
-0.000556,0.412062,0.260242
0.002928,0.414801,0.266511
0.006461,0.414517,0.263258
-0.006783,0.427058,0.271145
-0.009711,0.415456,0.273450
0.001345,0.413056,0.265431
-0.016803,0.412492,0.268112
-0.018991,0.414131,0.272320
-0.021285,0.417369,0.261630
-0.028281,0.413038,0.262382
-0.030953,0.421423,0.265887
-0.025862,0.420455,0.267704
-0.040791,0.421584,0.263608
-0.035630,0.423619,0.267046
-0.031090,0.420679,0.268111
-0.044774,0.417813,0.269246
-0.048133,0.420276,0.262450
-0.051063,0.434835,0.270975
-0.044844,0.423568,0.270169
-0.049756,0.421622,0.264724
-0.055020,0.427747,0.268579
-0.062340,0.434181,0.269112
-0.067316,0.419713,0.267368
-0.063918,0.420271,0.277882
-0.066603,0.429288,0.268214
-0.066969,0.428360,0.267314
-0.066588,0.418491,0.271856
-0.067397,0.427656,0.258682
-0.077046,0.429480,0.265485
-0.081579,0.423925,0.274346
-0.082491,0.429549,0.277059
-0.091323,0.427651,0.272003
-0.077973,0.427824,0.271876
-0.094191,0.420707,0.276688
-0.108715,0.433777,0.274229
-0.111882,0.425013,0.270473
-0.108914,0.426839,0.271102
-0.103201,0.427965,0.265624
-0.107479,0.426077,0.267968
-0.111903,0.426913,0.266734
-0.113171,0.421822,0.260338
-0.121771,0.422074,0.268869
-0.123031,0.413109,0.269718
-0.136374,0.414754,0.273822
-0.134358,0.430116,0.275770
-0.134438,0.415376,0.263631
-0.131618,0.417444,0.268554
-0.143987,0.419666,0.256075
-0.140799,0.416064,0.259676
-0.143425,0.410426,0.278130
-0.145312,0.407438,0.262014
-0.164344,0.406853,0.257993
-0.147509,0.417781,0.254088
-0.153394,0.406555,0.255826
-0.161178,0.411395,0.260695
-0.166444,0.409287,0.252392
-0.161013,0.413944,0.249851
-0.170545,0.407759,0.256198
-0.168737,0.402686,0.246660
-0.167632,0.405670,0.247967
-0.183162,0.389472,0.243119
-0.181057,0.396287,0.245685
-0.197304,0.392263,0.249851
-0.190936,0.391764,0.245137
-0.183769,0.387452,0.238724
-0.194077,0.391946,0.236707
-0.198986,0.382678,0.240933
-0.201598,0.381820,0.229854
-0.207317,0.377158,0.231061
-0.209777,0.379958,0.235605
-0.212289,0.381775,0.229482
-0.207179,0.376410,0.232368
-0.222073,0.375556,0.233591
-0.217888,0.371666,0.229422
-0.222082,0.369728,0.226931
-0.231269,0.370945,0.225683
-0.229945,0.366752,0.221903
-0.243758,0.364294,0.221820
-0.242244,0.358134,0.223835
-0.246020,0.353654,0.217189
0.034730,0.331621,0.190449
0.030889,0.366701,0.225511
0.028954,0.398138,0.253953
0.021697,0.406020,0.269403
0.024343,0.415073,0.268535
0.016767,0.406277,0.266932
0.016907,0.419291,0.266184
0.006062,0.417977,0.271739
0.006057,0.416852,0.268822
-0.001966,0.417177,0.266806
0.005481,0.412780,0.261796
-0.010217,0.415685,0.274393
0.002907,0.418001,0.266447
-0.019576,0.412130,0.266926
-0.022331,0.424276,0.264923
-0.008454,0.418948,0.273350
-0.019299,0.416858,0.265962
-0.018725,0.410515,0.263648
-0.024340,0.410715,0.274193
-0.022419,0.418652,0.273988
-0.031296,0.418293,0.265717
-0.030539,0.411201,0.272385
-0.041963,0.422395,0.268034
-0.039484,0.424203,0.270040
-0.038216,0.410781,0.280238
-0.056720,0.426978,0.278864
-0.057600,0.420038,0.274432
-0.045150,0.411653,0.266464
-0.066801,0.420878,0.265366
-0.062870,0.424616,0.271196
-0.054323,0.422612,0.269907
-0.060227,0.411313,0.272931
-0.077833,0.422890,0.271685
-0.073823,0.417314,0.278375
-0.071282,0.414322,0.272527
-0.077984,0.409201,0.270087
-0.078282,0.421751,0.278679
-0.081409,0.424727,0.283074
-0.083355,0.421791,0.277512
-0.092866,0.428917,0.280199
-0.095037,0.425029,0.271961
-0.094179,0.428601,0.278120
-0.095939,0.420083,0.273714
-0.104028,0.421975,0.271908
-0.096971,0.431946,0.278320
-0.107214,0.416808,0.265112
-0.107689,0.419204,0.275310
-0.129126,0.419385,0.269887
-0.114057,0.411979,0.264339
-0.107522,0.403259,0.272182
-0.123750,0.412533,0.272761
-0.132408,0.414986,0.263745
-0.129144,0.410359,0.264934
-0.126323,0.416336,0.263125
-0.127062,0.412456,0.268552
-0.136928,0.422572,0.272544
-0.136674,0.415454,0.263161
-0.148274,0.408905,0.262153
-0.148156,0.411073,0.255122
-0.145537,0.402976,0.258927
-0.156750,0.413041,0.270878
-0.153840,0.399621,0.259906
-0.166437,0.402126,0.260771
-0.171761,0.402461,0.257471
-0.165291,0.396294,0.256553
-0.167864,0.391856,0.245779
-0.171522,0.397396,0.250948
-0.172288,0.392105,0.248988
-0.179934,0.392589,0.257308
-0.190801,0.384619,0.246689
-0.183944,0.385649,0.245389
-0.183037,0.384323,0.243523
-0.191845,0.379433,0.241448
-0.185810,0.375039,0.240700
-0.188745,0.382200,0.232421
-0.199083,0.373514,0.245505
-0.206014,0.387159,0.231850
-0.202250,0.371302,0.245272
-0.208304,0.376097,0.240004
-0.209008,0.378182,0.231252
-0.223502,0.364976,0.225723
-0.221507,0.359342,0.231810
-0.214251,0.367823,0.235942
-0.222705,0.363165,0.231627
-0.232675,0.357943,0.221123
-0.234629,0.359053,0.216036
-0.241349,0.349253,0.222116
0.033470,0.324176,0.191593
0.032684,0.343114,0.216060
0.019211,0.388532,0.252607
0.016527,0.412107,0.279431
0.029384,0.418980,0.260425
0.012381,0.405997,0.265977
0.008377,0.406032,0.263395
0.004454,0.419464,0.272929
-0.000855,0.413721,0.259276
0.001368,0.415479,0.265175
0.001942,0.414075,0.266641
0.001233,0.402256,0.262758
-0.003260,0.405196,0.268858
-0.008959,0.403487,0.273317
-0.010959,0.412882,0.266059
-0.014640,0.413330,0.276689
-0.020578,0.413271,0.266345
-0.018456,0.410778,0.269450
-0.019101,0.414967,0.262995
-0.030461,0.414899,0.270691
-0.029273,0.410671,0.265282
-0.034880,0.411017,0.277832
-0.040838,0.411359,0.277272
-0.039476,0.421109,0.266462
-0.049828,0.412752,0.273287
-0.046100,0.411416,0.266741
-0.046204,0.413237,0.271250
-0.051151,0.412393,0.266014
-0.057874,0.420199,0.272296
-0.064447,0.421820,0.277303
-0.063563,0.419183,0.270256
-0.064547,0.419486,0.271566
-0.062746,0.414900,0.282433
-0.065364,0.417771,0.277872
-0.077447,0.418314,0.274057
-0.082948,0.423204,0.281745
-0.079618,0.410790,0.273622
-0.079107,0.416971,0.278229
-0.087570,0.420554,0.273559
-0.092147,0.424726,0.265094
-0.087848,0.414394,0.269575
-0.098217,0.415270,0.275720
-0.092892,0.419077,0.271974
-0.103791,0.423197,0.278754
-0.096620,0.421329,0.269446
-0.101468,0.413447,0.258884
-0.104308,0.410733,0.280720
-0.112665,0.420646,0.273758
-0.111720,0.412774,0.275591
-0.112932,0.416412,0.271473
-0.125395,0.408521,0.276739
-0.126905,0.422790,0.263819
-0.136212,0.416833,0.261684
-0.123517,0.412158,0.264538
-0.127654,0.401436,0.267285
-0.141695,0.412343,0.270145
-0.141701,0.404838,0.259968
-0.150870,0.409603,0.266314
-0.146579,0.407048,0.267230
-0.156911,0.402085,0.259133
-0.151640,0.402626,0.265892
-0.149733,0.406615,0.263158
-0.161633,0.401683,0.264400
-0.165601,0.393359,0.262256
-0.165961,0.388705,0.264630
-0.168960,0.394093,0.260612
-0.172926,0.394906,0.254861
-0.171711,0.385755,0.244315
-0.182439,0.392027,0.251315
-0.190395,0.383948,0.255264
-0.184879,0.379580,0.243523
-0.198027,0.388846,0.250808
-0.197364,0.377785,0.247663
-0.190263,0.374279,0.242900
-0.203948,0.371207,0.238530
-0.205862,0.374227,0.243935
-0.207379,0.376447,0.236595
-0.206665,0.369821,0.246559
-0.206128,0.364540,0.235591
-0.217009,0.364901,0.230552
-0.225841,0.358193,0.232963
-0.218055,0.364134,0.232799
-0.230679,0.357610,0.223168
-0.242378,0.355727,0.218542
-0.229782,0.352700,0.221430
-0.234687,0.353827,0.217953
-0.242926,0.333913,0.210429
0.036067,0.340296,0.223901
0.028186,0.375260,0.238833
0.024388,0.399330,0.265974
0.015296,0.413762,0.271673
0.015155,0.406207,0.274799
0.013440,0.415249,0.271593
0.010250,0.410728,0.277725
0.011410,0.405123,0.271308
0.005110,0.413124,0.266152
-0.006553,0.405088,0.259008
-0.003712,0.408174,0.267599
-0.003960,0.394557,0.268450
-0.004816,0.409970,0.264647
-0.019349,0.412127,0.268650
-0.010030,0.401269,0.275439
-0.014236,0.401979,0.277744
-0.021217,0.405852,0.266193
-0.025569,0.410888,0.270705
-0.025373,0.409236,0.279331
-0.041608,0.413533,0.269050
-0.030669,0.406743,0.267812
-0.042786,0.407766,0.270384
-0.044090,0.417813,0.263748
-0.046390,0.408927,0.271802
-0.041885,0.408414,0.276225
-0.047164,0.401502,0.276793
-0.050600,0.415756,0.270678
-0.054879,0.415201,0.275972
-0.059141,0.407282,0.274623
-0.048983,0.415162,0.279736
-0.066152,0.418608,0.275575
-0.071033,0.413719,0.273709
-0.082085,0.410675,0.276098
-0.069859,0.418733,0.277115
-0.081193,0.407413,0.280681
-0.076442,0.406962,0.271741
-0.077664,0.413525,0.282119
-0.087189,0.420753,0.273068
-0.093091,0.412215,0.275990
-0.092425,0.413455,0.275620
-0.094005,0.420259,0.277040
-0.091695,0.422569,0.280545
-0.103857,0.416311,0.273145
-0.105899,0.413687,0.276575
-0.108264,0.410614,0.279157
-0.115305,0.406846,0.272427
-0.110288,0.412114,0.279083
-0.109743,0.408610,0.270786
-0.119809,0.415264,0.277568
-0.129011,0.403800,0.264767
-0.124648,0.411591,0.267236
-0.126301,0.400612,0.270229
-0.127532,0.407945,0.268985
-0.132815,0.408943,0.272506
-0.133807,0.397417,0.279203
-0.145954,0.404773,0.271708
-0.134130,0.401532,0.261617
-0.146099,0.401531,0.266584
-0.152785,0.399261,0.274610
-0.149227,0.399317,0.271215
-0.153772,0.387250,0.266932
-0.162733,0.398602,0.254267
-0.164712,0.399885,0.263368
-0.164399,0.386480,0.252178
-0.167687,0.389044,0.254218
-0.166361,0.382540,0.255758
-0.176038,0.392345,0.251540
-0.182205,0.386829,0.245940
-0.181537,0.382375,0.258459
-0.185595,0.397123,0.258127
-0.183787,0.378465,0.239822
-0.193851,0.373467,0.248505
-0.199300,0.377308,0.241392
-0.198092,0.374898,0.237545
-0.207106,0.371659,0.232978
-0.197763,0.379230,0.243980
-0.209114,0.367724,0.238757
-0.221407,0.364246,0.244432
-0.211951,0.364056,0.232305
-0.222311,0.361335,0.229518
-0.215961,0.367862,0.227501
-0.218394,0.353668,0.231048
-0.227211,0.351013,0.230111
-0.226861,0.353953,0.211549
-0.240615,0.338228,0.221043
0.033472,0.341661,0.220581
0.029233,0.369809,0.250210
0.025400,0.409042,0.264860
0.018322,0.402270,0.271375
0.017702,0.407042,0.270592
0.005757,0.407172,0.267943
0.002714,0.402991,0.269550
0.013271,0.399264,0.269523
-0.001883,0.401357,0.262875
0.000550,0.389298,0.270714
-0.001437,0.399500,0.272030
-0.006780,0.403280,0.267868
-0.004397,0.402939,0.265347
-0.004204,0.408710,0.261960
-0.014000,0.398969,0.272007
-0.020220,0.395402,0.267892
-0.026954,0.400598,0.268917
-0.029225,0.404818,0.266539
-0.031085,0.398740,0.270385
-0.018906,0.401545,0.276660
-0.039700,0.407959,0.274069
-0.034205,0.406326,0.274445
-0.046642,0.403614,0.274876
-0.037293,0.405651,0.274655
-0.048186,0.413603,0.266424
-0.047434,0.408387,0.268324
-0.050855,0.404556,0.264923
-0.052338,0.411930,0.269009
-0.062789,0.403443,0.276460
-0.061775,0.404114,0.274594
-0.073157,0.406116,0.282198
-0.076278,0.403141,0.280656
-0.061024,0.409098,0.286797
-0.064110,0.413679,0.273426
-0.074619,0.411760,0.263648
-0.075204,0.413523,0.279178
-0.085951,0.413242,0.275621
-0.076951,0.410979,0.277433
-0.085288,0.406577,0.280093
-0.093441,0.412449,0.277362
-0.102693,0.406593,0.279576
-0.098468,0.402379,0.277618
-0.096553,0.407399,0.288921
-0.111246,0.395364,0.271769
-0.100997,0.405684,0.269956
-0.110177,0.404122,0.277137
-0.111902,0.399792,0.272851
-0.116903,0.403730,0.276555
-0.119304,0.409792,0.270600
-0.130566,0.405211,0.269907
-0.133034,0.394451,0.268038
-0.118279,0.398353,0.275740
-0.129225,0.414486,0.269007
-0.131314,0.397464,0.283423
-0.138703,0.406790,0.274621
-0.136005,0.388921,0.268015
-0.151498,0.397444,0.268765
-0.150041,0.394318,0.264970
-0.160900,0.395629,0.265067
-0.159378,0.396568,0.267998
-0.160129,0.400021,0.265407
-0.153117,0.399262,0.263863
-0.168834,0.389868,0.263257
-0.159704,0.384513,0.266898
-0.165991,0.388794,0.249913
-0.171227,0.378406,0.254212
-0.168326,0.383319,0.257658
-0.177034,0.383291,0.258695
-0.188829,0.375879,0.247516
-0.182771,0.369308,0.244455
-0.187827,0.371856,0.247653
-0.189902,0.372291,0.239271
-0.191263,0.365583,0.239899
-0.193622,0.371310,0.244794
-0.198056,0.367717,0.241465
-0.205890,0.371355,0.240559
-0.214424,0.359711,0.239795
-0.213848,0.352501,0.231118
-0.218839,0.352115,0.233622
-0.216958,0.355076,0.240556
-0.219018,0.350247,0.229576
-0.224676,0.347263,0.237815
-0.233067,0.331161,0.228258
-0.233939,0.343557,0.221128
-0.237074,0.326826,0.208633
0.029689,0.317900,0.216302
0.031743,0.362561,0.239989
0.024270,0.399392,0.267012
0.017524,0.398758,0.266550
0.014839,0.392687,0.266640
0.017438,0.400165,0.272103
0.008493,0.400329,0.268775
0.005478,0.389283,0.268014
0.010356,0.391574,0.277894
-0.001654,0.394603,0.274655
0.003168,0.394820,0.274975
-0.001715,0.397598,0.268767
-0.009098,0.395862,0.261606
-0.010691,0.399468,0.264992
-0.013832,0.393585,0.259613
-0.014374,0.393362,0.269975
-0.016895,0.407366,0.274661
-0.018784,0.401198,0.272502
-0.032322,0.400792,0.270839
-0.033189,0.398698,0.274913
-0.031872,0.397833,0.272547
-0.040473,0.395989,0.279259
-0.032398,0.409948,0.275323
-0.032388,0.397930,0.277490
-0.044859,0.406746,0.273527
-0.049676,0.403074,0.271161
-0.054087,0.394172,0.275534
-0.070104,0.406022,0.276893
-0.061125,0.408605,0.274255
-0.052729,0.405492,0.277141
-0.063132,0.403246,0.282656
-0.054535,0.406696,0.275956
-0.077602,0.407651,0.270161
-0.074182,0.399343,0.279093
-0.073920,0.409946,0.290720
-0.081781,0.400380,0.282472
-0.079915,0.408423,0.281568
-0.087909,0.412558,0.280240
-0.086205,0.408175,0.287066
-0.092963,0.405565,0.284325
-0.098521,0.409039,0.278667
-0.097066,0.406789,0.279089
-0.100329,0.398484,0.275920
-0.104195,0.391657,0.277979
-0.110937,0.409816,0.271961
-0.114385,0.389486,0.277697
-0.113194,0.402550,0.276819
-0.114214,0.400009,0.271797
-0.125728,0.400902,0.270981
-0.129890,0.402399,0.266451
-0.130692,0.403648,0.272914
-0.128498,0.405509,0.271685
-0.130023,0.394652,0.270062
-0.148921,0.398732,0.279334
-0.139514,0.403062,0.267364
-0.143218,0.402980,0.264366
-0.146403,0.402362,0.269359
-0.151713,0.393131,0.270645
-0.150780,0.391145,0.258140
-0.152096,0.378726,0.258173
-0.163970,0.392598,0.264067
-0.161407,0.390893,0.264064
-0.166150,0.381098,0.257582
-0.165027,0.383919,0.259989
-0.160197,0.378788,0.257833
-0.169946,0.372829,0.254971
-0.171895,0.364658,0.246586
-0.184568,0.371244,0.247595
-0.178255,0.376320,0.259258
-0.188791,0.370040,0.255049
-0.192290,0.366410,0.248263
-0.197278,0.368165,0.247530
-0.199827,0.363547,0.245582
-0.208672,0.364618,0.248869
-0.200171,0.368960,0.238938
-0.208272,0.364948,0.242609
-0.214966,0.364955,0.244771
-0.211727,0.359699,0.247500
-0.214077,0.359036,0.227867
-0.217750,0.349505,0.234597
-0.225110,0.343579,0.228905
-0.226067,0.336862,0.235388
-0.233082,0.336686,0.227602
-0.247787,0.326264,0.219382
0.025331,0.318300,0.202622
0.032888,0.348005,0.241893
0.018946,0.379770,0.274696
0.020773,0.380421,0.273123
0.021993,0.389596,0.272180
0.010316,0.388269,0.272947
0.011600,0.390524,0.265636
0.011462,0.383068,0.268575
0.009735,0.386005,0.271801
0.004287,0.399816,0.271565
0.002938,0.395144,0.274194
-0.000364,0.388314,0.277797
-0.012787,0.404801,0.279251
-0.005423,0.394460,0.269609
-0.007773,0.394668,0.268612
-0.008682,0.398520,0.269747
-0.019988,0.399324,0.268906
-0.024394,0.395214,0.277314
-0.024864,0.384299,0.275202
-0.027115,0.386485,0.271103
-0.027739,0.382078,0.274910
-0.039927,0.399300,0.269006
-0.035013,0.400329,0.276644
-0.039408,0.402920,0.272700
-0.041864,0.401346,0.276838
-0.044037,0.405461,0.276288
-0.046791,0.394254,0.267831
-0.062911,0.406022,0.280585
-0.055558,0.403185,0.281174
-0.072306,0.406414,0.282941
-0.060274,0.399863,0.273704
-0.071033,0.395010,0.282281
-0.072548,0.412651,0.289165
-0.068444,0.406937,0.278251
-0.082073,0.399166,0.275557
-0.077860,0.400275,0.281426
-0.092018,0.396489,0.288057
-0.092354,0.405176,0.281765
-0.094065,0.405452,0.278186
-0.090416,0.408213,0.275953
-0.093787,0.414566,0.277136
-0.095836,0.401276,0.279313
-0.095259,0.405865,0.284807
-0.110997,0.399230,0.280350
-0.109290,0.400810,0.278321
-0.113274,0.399194,0.277199
-0.115794,0.403802,0.270546
-0.126907,0.393302,0.277236
-0.122653,0.395909,0.281767
-0.117736,0.395744,0.282976
-0.118065,0.392967,0.266939
-0.127504,0.400416,0.284482
-0.136153,0.390282,0.272157
-0.131061,0.386495,0.274910
-0.133600,0.394827,0.267475
-0.136882,0.386671,0.273861
-0.147204,0.391327,0.271429
-0.152487,0.387443,0.263636
-0.150566,0.386167,0.264693
-0.147802,0.385960,0.259616
-0.152903,0.386721,0.268247
-0.161287,0.387430,0.268118
-0.167193,0.386400,0.255501
-0.160135,0.380834,0.259260
-0.169699,0.368445,0.262860
-0.170645,0.375967,0.257469
-0.177089,0.370855,0.260621
-0.174430,0.375499,0.252888
-0.183370,0.368652,0.252101
-0.193981,0.366539,0.248216
-0.186294,0.365298,0.254770
-0.191969,0.363763,0.257523
-0.192903,0.364872,0.248111
-0.208014,0.358887,0.251734
-0.201315,0.363461,0.238952
-0.211703,0.357975,0.246025
-0.216605,0.357692,0.241667
-0.209648,0.345523,0.223816
-0.215402,0.354350,0.239849
-0.221739,0.341027,0.229945
-0.212178,0.348889,0.216903
-0.233339,0.335589,0.226974
-0.236338,0.336782,0.218183
-0.244079,0.326207,0.229101
0.035288,0.309225,0.205184
0.028783,0.351451,0.237029
0.021530,0.381549,0.256436
0.026782,0.395403,0.282209
0.018385,0.389518,0.278338
0.012638,0.389671,0.270501
0.008690,0.386878,0.270574
0.007518,0.383455,0.270609
0.006437,0.390687,0.268436
0.004077,0.381832,0.270319
0.000910,0.370833,0.271147
-0.006115,0.393848,0.271979
-0.006898,0.390455,0.270521
-0.012480,0.385933,0.269647
-0.011943,0.382331,0.270118
-0.011008,0.384129,0.277329
-0.018388,0.387469,0.260983
-0.022338,0.390559,0.283327
-0.026439,0.397511,0.278497
-0.036255,0.382646,0.270623
-0.033047,0.391286,0.276040
-0.026841,0.384762,0.276998
-0.041813,0.390736,0.275339
-0.046034,0.390434,0.275573
-0.046541,0.385476,0.272845
-0.049125,0.378871,0.279022
-0.048041,0.395598,0.270000
-0.053716,0.397864,0.287125
-0.061880,0.390092,0.282153
-0.056310,0.397390,0.278362
-0.066751,0.398409,0.281131
-0.064368,0.397423,0.271927
-0.070934,0.398633,0.282696
-0.071264,0.402983,0.282859
-0.072145,0.396809,0.280709
-0.082789,0.391044,0.284067
-0.086261,0.393578,0.277925
-0.082383,0.392104,0.286279
-0.092194,0.386933,0.289099
-0.095353,0.390831,0.285767
-0.101436,0.395747,0.279105
-0.097284,0.392582,0.279455
-0.094991,0.393849,0.278389
-0.094860,0.407961,0.275301
-0.107617,0.394856,0.275668
-0.109643,0.392926,0.270594
-0.114102,0.395947,0.271495
-0.109995,0.391850,0.280554
-0.118489,0.398118,0.277660
-0.121112,0.394473,0.281121
-0.129676,0.385774,0.278785
-0.124032,0.389254,0.284048
-0.135009,0.391198,0.270654
-0.131607,0.398388,0.271085
-0.140521,0.387099,0.274237
-0.140481,0.398710,0.267378
-0.146733,0.386133,0.269793
-0.152282,0.385439,0.271291
-0.145224,0.381903,0.270293
-0.159085,0.379652,0.267431
-0.155121,0.385133,0.256806
-0.164028,0.386908,0.265176
-0.159565,0.375972,0.253257
-0.169013,0.379553,0.262584
-0.179392,0.371273,0.260782
-0.170962,0.376020,0.263978
-0.185479,0.376340,0.254263
-0.180722,0.361741,0.260012
-0.182704,0.363455,0.247600
-0.182920,0.361622,0.246491
-0.185592,0.353975,0.245682
-0.196174,0.360788,0.242549
-0.202708,0.354103,0.236628
-0.193607,0.359872,0.248013
-0.203530,0.352985,0.245381
-0.206614,0.354912,0.231335
-0.208142,0.341275,0.243407
-0.221153,0.345433,0.234579
-0.210825,0.343877,0.225631
-0.220583,0.338926,0.237700
-0.214214,0.330489,0.229638
-0.218507,0.336411,0.233878
-0.229621,0.336516,0.220395
-0.231039,0.330996,0.208962
0.038087,0.297370,0.212301
0.027706,0.333961,0.233448
0.031024,0.373728,0.267844
0.020019,0.383468,0.271891
0.021996,0.387203,0.267104
0.009909,0.393705,0.280176
0.021592,0.375950,0.268432
0.003381,0.382597,0.268486
0.008792,0.378184,0.267215
0.002452,0.380608,0.271187
0.002701,0.387315,0.273922
-0.001956,0.391171,0.271330
-0.000753,0.375823,0.273324
-0.010089,0.380705,0.279485
-0.004365,0.376717,0.276379
-0.016147,0.380858,0.279479
-0.025054,0.378897,0.268024
-0.016014,0.394012,0.265535
-0.029200,0.389041,0.274626
-0.032886,0.382831,0.276166
-0.029380,0.399659,0.277409
-0.025410,0.399918,0.280659
-0.041371,0.381432,0.270640
-0.040758,0.383662,0.264884
-0.046244,0.390858,0.273162
-0.047734,0.387329,0.276701
-0.056170,0.390865,0.269036
-0.052032,0.390287,0.283599
-0.051965,0.397352,0.284987
-0.059189,0.383972,0.275528
-0.065829,0.393586,0.273116
-0.063044,0.387700,0.279055
-0.064583,0.391488,0.284154
-0.063539,0.387810,0.280939
-0.081648,0.399482,0.277614
-0.073096,0.401496,0.279225
-0.086845,0.391987,0.277068
-0.089702,0.389418,0.282686
-0.084575,0.394742,0.281979
-0.094561,0.401760,0.280594
-0.091650,0.390163,0.286335
-0.102484,0.402506,0.281175
-0.104156,0.400029,0.279739
-0.113913,0.385548,0.273820
-0.106625,0.407234,0.289825
-0.112397,0.393819,0.289413
-0.108615,0.395386,0.280440
-0.117214,0.382876,0.270504
-0.121908,0.397259,0.273785
-0.116917,0.387345,0.278621
-0.125497,0.382476,0.276329
-0.127546,0.389362,0.270578
-0.127378,0.386983,0.284168
-0.139288,0.383300,0.273989
-0.145646,0.377721,0.279788
-0.140655,0.391666,0.274484
-0.135775,0.383127,0.278685
-0.153163,0.378857,0.269539
-0.146589,0.382918,0.265422
-0.155381,0.387641,0.273556
-0.146677,0.375886,0.273998
-0.161324,0.379695,0.262933
-0.157762,0.379114,0.263650
-0.165219,0.367793,0.264347
-0.164967,0.365888,0.254799
-0.178292,0.372664,0.257572
-0.177023,0.361300,0.251045
-0.184975,0.363566,0.245434
-0.182217,0.361736,0.249664
-0.188927,0.358553,0.251555
-0.187167,0.359347,0.259723
-0.193732,0.353399,0.242933
-0.198325,0.351343,0.251733
-0.197188,0.339590,0.246116
-0.204733,0.348413,0.236850
-0.198439,0.348737,0.241687
-0.213205,0.337777,0.240743
-0.216265,0.335997,0.244238
-0.219785,0.340311,0.232947
-0.219068,0.335665,0.233522
-0.225076,0.335862,0.222617
-0.224611,0.326074,0.217451
-0.234453,0.323294,0.227085
0.024484,0.321644,0.232191
0.009618,0.364987,0.257212
0.023318,0.377863,0.272851
0.021437,0.376239,0.264614
0.022974,0.387185,0.278198
0.014582,0.372491,0.268129
-0.002373,0.379357,0.276403
0.001628,0.368717,0.272770
0.007907,0.377533,0.268957
0.000681,0.375964,0.271900
-0.004244,0.385419,0.273229
-0.000459,0.377157,0.278836
-0.019478,0.385545,0.270780
-0.017975,0.372318,0.270600
-0.024555,0.388390,0.276651
-0.018604,0.378190,0.265451
-0.023123,0.382194,0.271317
-0.019124,0.375063,0.275360
-0.023761,0.382153,0.274712
-0.026251,0.374006,0.281774
-0.029727,0.381554,0.267876
-0.036707,0.385746,0.275926
-0.034557,0.397286,0.279572
-0.042676,0.379706,0.281389
-0.046350,0.385128,0.275572
-0.056061,0.389231,0.283604
-0.054945,0.393431,0.282466
-0.059431,0.379256,0.271784
-0.054984,0.385741,0.281388
-0.062697,0.382542,0.285014
-0.057744,0.383792,0.279565
-0.072928,0.392579,0.282760
-0.079472,0.388231,0.276591
-0.076631,0.388115,0.274923
-0.074332,0.393017,0.285226
-0.085535,0.389154,0.289717
-0.081333,0.387164,0.286390
-0.095678,0.394161,0.282720
-0.091849,0.380700,0.278434
-0.099716,0.388757,0.279383
-0.095129,0.389712,0.286328
-0.100791,0.389517,0.276172
-0.104389,0.388426,0.281116
-0.103662,0.384631,0.282549
-0.113768,0.380556,0.276415
-0.107182,0.378329,0.278553
-0.116336,0.376754,0.279440
-0.123791,0.378672,0.283033
-0.137713,0.384359,0.280052
-0.128240,0.381328,0.276543
-0.125223,0.386788,0.272022
-0.138922,0.375568,0.269190
-0.127389,0.375054,0.279491
-0.129633,0.376352,0.266482
-0.143537,0.377074,0.262973
-0.152756,0.385503,0.269721
-0.144083,0.387906,0.276082
-0.149417,0.377523,0.274443
-0.148076,0.369547,0.268732
-0.160924,0.371710,0.270613
-0.160556,0.360409,0.267101
-0.158022,0.375826,0.263446
-0.168604,0.378215,0.259881
-0.169641,0.356321,0.263516
-0.171441,0.356428,0.263701
-0.181939,0.362552,0.263084
-0.182640,0.353538,0.253151
-0.184319,0.353191,0.253584
-0.188491,0.356188,0.254604
-0.193348,0.348407,0.250695
-0.196291,0.350712,0.248949
-0.189176,0.339252,0.254423
-0.193866,0.351022,0.247590
-0.197941,0.344132,0.243516
-0.210663,0.346078,0.247528
-0.201781,0.338418,0.239411
-0.209476,0.334721,0.231869
-0.208900,0.331543,0.244677
-0.222169,0.331294,0.232623
-0.224239,0.334557,0.235630
-0.231392,0.328548,0.237107
-0.232579,0.322235,0.217502
0.026236,0.316372,0.235604
0.016430,0.353059,0.258796
0.020462,0.375157,0.278258
0.018598,0.382410,0.270389
0.014843,0.368273,0.270994
0.002889,0.368278,0.271837
0.009773,0.373438,0.273775
0.004615,0.377387,0.280003
-0.004976,0.380295,0.262848
0.002046,0.374190,0.267363
-0.015567,0.381019,0.273389
0.001098,0.382618,0.279342
-0.006168,0.370793,0.279955
-0.003651,0.377216,0.271568
-0.014783,0.373875,0.267715
-0.017154,0.373139,0.281456
-0.026221,0.378121,0.281948
-0.027695,0.370076,0.269251
-0.028801,0.374390,0.281360
-0.027782,0.383134,0.275302
-0.029971,0.384752,0.283372
-0.034716,0.386030,0.273680
-0.046040,0.382634,0.278101
-0.046045,0.375734,0.277040
-0.057232,0.382911,0.277823
-0.052834,0.379177,0.279597
-0.051681,0.376233,0.284338
-0.054505,0.383670,0.282779
-0.058744,0.381895,0.280315
-0.070050,0.381811,0.278214
-0.062525,0.380711,0.278810
-0.074753,0.385725,0.267850
-0.079204,0.383135,0.279701
-0.073211,0.382763,0.287476
-0.089771,0.381900,0.270898
-0.086611,0.389776,0.280701
-0.083296,0.388878,0.278447
-0.094862,0.393142,0.290262
-0.099909,0.384389,0.274338
-0.096255,0.394291,0.279344
-0.090666,0.379989,0.283087
-0.103376,0.382902,0.275295
-0.110533,0.387441,0.284733
-0.105376,0.379629,0.282109
-0.118111,0.379494,0.288379
-0.112404,0.384835,0.288738
-0.121772,0.387580,0.269770
-0.114961,0.381026,0.275828
-0.120894,0.377244,0.276443
-0.127704,0.375721,0.286237
-0.129092,0.378573,0.281407
-0.126888,0.378913,0.275932
-0.137931,0.372898,0.283541
-0.141574,0.374674,0.272449
-0.145247,0.374316,0.276505
-0.140915,0.375305,0.275107
-0.144199,0.374426,0.265212
-0.159034,0.369171,0.272506
-0.149001,0.372394,0.269197
-0.155934,0.362221,0.268019
-0.159646,0.364092,0.271173
-0.172633,0.357883,0.263105
-0.175122,0.352185,0.262732
-0.176728,0.356739,0.261367
-0.178443,0.351617,0.267064
-0.186387,0.358701,0.252974
-0.180948,0.355540,0.270293
-0.198001,0.356996,0.255972
-0.185556,0.352302,0.254453
-0.196123,0.349158,0.256329
-0.189022,0.348109,0.243248
-0.201648,0.342150,0.247383
-0.198536,0.345654,0.255827
-0.205053,0.338150,0.247325
-0.206175,0.338111,0.240971
-0.206145,0.336900,0.238918
-0.220276,0.322356,0.237100
-0.224102,0.323318,0.235511
-0.216321,0.318062,0.231943
-0.222686,0.320796,0.228322
-0.227061,0.314005,0.225847
-0.225607,0.314793,0.219862
0.036689,0.310779,0.228842
0.019072,0.350759,0.252716
0.017562,0.369081,0.274103
0.013328,0.377667,0.272554
0.014999,0.370147,0.280739
0.017376,0.365760,0.273811
0.005594,0.362271,0.271747
0.005910,0.370824,0.267176
-0.002915,0.374502,0.268978
-0.006864,0.368960,0.274914
-0.007497,0.368668,0.281512
-0.011233,0.373080,0.290181
-0.003411,0.370746,0.274357
-0.022453,0.370447,0.266420
-0.011157,0.375753,0.276760
-0.021874,0.377963,0.268517
-0.028022,0.382842,0.282620
-0.016667,0.370686,0.281870
-0.032236,0.369991,0.277936
-0.031426,0.370540,0.279507
-0.028018,0.373553,0.269374
-0.035820,0.370334,0.277179
-0.042594,0.383481,0.272629
-0.046526,0.377078,0.280570
-0.052207,0.379564,0.284246
-0.050608,0.375916,0.282235
-0.054959,0.369569,0.271636
-0.069387,0.381230,0.275400
-0.051743,0.379889,0.283222
-0.057542,0.377211,0.277623
-0.069948,0.371400,0.279712
-0.074878,0.370949,0.280129
-0.074054,0.377812,0.283193
-0.076994,0.374445,0.291075
-0.083053,0.383594,0.286410
-0.071724,0.378195,0.284681
-0.089729,0.374370,0.269086
-0.091248,0.387646,0.282658
-0.081410,0.377324,0.290099
-0.093476,0.390439,0.283067
-0.100678,0.383774,0.285144
-0.099867,0.378172,0.283482
-0.109838,0.374119,0.283867
-0.111426,0.373280,0.275925
-0.112559,0.371702,0.284100
-0.116241,0.381101,0.280954
-0.116194,0.371470,0.282910
-0.115760,0.378400,0.292229
-0.121443,0.385243,0.283074
-0.135623,0.371683,0.292370
-0.125833,0.373426,0.275594
-0.127480,0.372478,0.278026
-0.141292,0.380984,0.280009
-0.137912,0.378693,0.283340
-0.134502,0.373939,0.273949
-0.142551,0.365332,0.275039
-0.140721,0.360230,0.284581
-0.146631,0.358049,0.280431
-0.154776,0.370889,0.271472
-0.158103,0.372783,0.276648
-0.155794,0.363254,0.270849
-0.164398,0.357131,0.272524
-0.169924,0.349567,0.273012
-0.172427,0.344928,0.263665
-0.173620,0.350088,0.274610
-0.184620,0.350694,0.255549
-0.187753,0.351704,0.256809
-0.181347,0.348442,0.252041
-0.183780,0.350974,0.249793
-0.187438,0.343859,0.257156
-0.190744,0.334786,0.240525
-0.189673,0.336706,0.242229
-0.198953,0.334084,0.249452
-0.207967,0.342206,0.245766
-0.212692,0.329957,0.242530
-0.210461,0.321850,0.241638
-0.219289,0.329501,0.241729
-0.222482,0.324393,0.231126
-0.222392,0.314438,0.228289
-0.222851,0.316924,0.239921
-0.232342,0.305553,0.230543
-0.233932,0.312489,0.229799
-0.222449,0.288562,0.212806
0.021088,0.334587,0.252047
0.013857,0.358545,0.273023
0.018149,0.360575,0.263424
0.009253,0.354613,0.262438
0.008323,0.366009,0.275300
0.018414,0.371521,0.270467
0.001962,0.370679,0.272897
0.007836,0.369069,0.266657
-0.004581,0.369267,0.276368
-0.011620,0.359784,0.273798
-0.004950,0.363512,0.279527
0.003117,0.364940,0.277216
-0.009850,0.361991,0.274484
-0.022575,0.367941,0.278292
-0.016693,0.365829,0.278031
-0.027050,0.370021,0.284103
-0.027028,0.374252,0.280903
-0.018856,0.377023,0.287667
-0.035274,0.371007,0.286136
-0.034384,0.367314,0.274738
-0.033865,0.375551,0.281021
-0.036884,0.362779,0.271822
-0.041381,0.372230,0.278764
-0.046645,0.377001,0.277988
-0.053210,0.371602,0.280562
-0.056872,0.370770,0.283639
-0.058524,0.379261,0.280167
-0.058884,0.372605,0.286816
-0.069993,0.380278,0.285173
-0.071958,0.374233,0.282746
-0.062882,0.377159,0.296189
-0.070766,0.376981,0.287637
-0.074523,0.375540,0.285472
-0.082646,0.380535,0.282236
-0.086364,0.375606,0.284608
-0.080837,0.368667,0.280419
-0.097958,0.383918,0.284050
-0.092735,0.379787,0.282841
-0.100246,0.373270,0.287798
-0.093871,0.376293,0.288511
-0.109349,0.389965,0.286485
-0.100505,0.383313,0.281293
-0.090533,0.377059,0.283991
-0.109182,0.373072,0.272539
-0.114635,0.364496,0.285716
-0.116626,0.366326,0.283251
-0.122582,0.373286,0.284483
-0.131258,0.374030,0.283910
-0.119755,0.375283,0.273967
-0.127774,0.363261,0.274293
-0.130267,0.373954,0.281060
-0.137213,0.358970,0.276363
-0.132998,0.363977,0.286084
-0.137003,0.372042,0.281224
-0.145937,0.365126,0.274332
-0.142167,0.365878,0.284201
-0.146877,0.370535,0.274535
-0.150477,0.361304,0.272370
-0.153277,0.355624,0.270421
-0.161217,0.363777,0.268496
-0.161327,0.352983,0.256206
-0.179742,0.346825,0.275291
-0.167666,0.357707,0.269588
-0.172468,0.349346,0.262029
-0.177447,0.352059,0.252081
-0.183155,0.347923,0.249747
-0.194397,0.337858,0.249467
-0.185483,0.339183,0.260169
-0.189857,0.337144,0.254073
-0.193897,0.336644,0.251668
-0.202757,0.331033,0.259890
-0.197380,0.327665,0.254077
-0.208753,0.331141,0.257812
-0.207590,0.319779,0.244986
-0.215714,0.314402,0.250634
-0.223987,0.323919,0.244556
-0.227334,0.311929,0.229937
-0.224513,0.316111,0.229517
-0.222482,0.300766,0.230456
-0.224727,0.303243,0.239438
-0.228337,0.304114,0.228718
-0.235090,0.295874,0.222080
0.025831,0.325710,0.258107
0.030751,0.359903,0.268398
0.028970,0.355898,0.272509
0.019391,0.349020,0.261028
0.018090,0.351895,0.272360
0.010400,0.353120,0.265491
0.005224,0.364667,0.278142
-0.010323,0.363756,0.272371
0.006789,0.357008,0.273223
0.003027,0.361457,0.278052
-0.013735,0.365416,0.276233
-0.012149,0.356881,0.276743
-0.012738,0.358406,0.273587
-0.020958,0.355669,0.284861
-0.029074,0.356947,0.285910
-0.022137,0.362646,0.290098
-0.024934,0.373233,0.282506
-0.032910,0.364257,0.282479
-0.038301,0.375394,0.280719
-0.036011,0.361179,0.283363
-0.033831,0.367265,0.276293
-0.037355,0.372881,0.291045
-0.039114,0.361596,0.278579
-0.051148,0.363536,0.292482
-0.044626,0.370809,0.282165
-0.047757,0.363411,0.281580
-0.052151,0.373009,0.284361
-0.067886,0.363760,0.283912
-0.057942,0.374713,0.288199
-0.068405,0.357422,0.283592
-0.070393,0.376614,0.286929
-0.079313,0.374689,0.288301
-0.083445,0.370439,0.282646
-0.081006,0.374727,0.285953
-0.079508,0.377562,0.288091
-0.086054,0.375537,0.288542
-0.094441,0.372509,0.282617
-0.093985,0.377459,0.281496
-0.093985,0.377648,0.286316
-0.101094,0.370319,0.286556
-0.101294,0.375065,0.292544
-0.103916,0.370151,0.275774
-0.114842,0.373444,0.281674
-0.117911,0.367006,0.276308
-0.118643,0.363217,0.283318
-0.109603,0.368095,0.280467
-0.110587,0.364190,0.284548
-0.119372,0.377237,0.277545
-0.124628,0.360487,0.284931
-0.137175,0.369408,0.278738
-0.141085,0.365228,0.271459
-0.131142,0.366328,0.281586
-0.140032,0.369990,0.280195
-0.136854,0.359987,0.267757
-0.136052,0.356800,0.282357
-0.157349,0.370610,0.266872
-0.150149,0.356811,0.272731
-0.153176,0.359617,0.271537
-0.159990,0.358779,0.267435
-0.156680,0.344956,0.262007
-0.160296,0.352278,0.265086
-0.165456,0.343589,0.270908
-0.170216,0.350859,0.269245
-0.173641,0.341530,0.264204
-0.169642,0.345347,0.270495
-0.179834,0.344353,0.255033
-0.189552,0.347386,0.257140
-0.196792,0.333582,0.259275
-0.190662,0.323178,0.257370
-0.197934,0.337324,0.244325
-0.195892,0.337141,0.252318
-0.196664,0.328632,0.243153
-0.199270,0.326651,0.254275
-0.205179,0.320783,0.248848
-0.211035,0.319225,0.247536
-0.211010,0.318705,0.234986
-0.223201,0.320434,0.236698
-0.214667,0.306997,0.235813
-0.238297,0.304620,0.238834
-0.227675,0.304592,0.233713
-0.233324,0.306604,0.228000
-0.235976,0.297553,0.227450
0.022456,0.333603,0.261090
0.023353,0.347270,0.259892
0.016187,0.344308,0.273940
0.003318,0.350838,0.265352
0.005818,0.352879,0.277105
0.000699,0.348160,0.274495
0.000637,0.352520,0.272481
0.003216,0.357000,0.267545
-0.006566,0.352699,0.275066
-0.008419,0.349956,0.278552
-0.014625,0.353391,0.273884
-0.008428,0.350163,0.277921
-0.019779,0.360265,0.278470
-0.017450,0.357075,0.285948
-0.030053,0.362080,0.278982
-0.020806,0.356737,0.279776
-0.028195,0.362702,0.272469
-0.028897,0.356960,0.278447
-0.033001,0.363602,0.281732
-0.033166,0.359989,0.275081
-0.050015,0.354596,0.280503
-0.044688,0.369609,0.277075
-0.040679,0.364495,0.278419
-0.058265,0.359742,0.276848
-0.049856,0.362310,0.283179
-0.059942,0.362485,0.283144
-0.052223,0.367717,0.286715
-0.063190,0.365131,0.287952
-0.068008,0.363196,0.275759
-0.068801,0.360297,0.286506
-0.075242,0.367600,0.281096
-0.077698,0.371195,0.290676
-0.067037,0.354513,0.290853
-0.079572,0.374167,0.286227
-0.085793,0.366524,0.274687
-0.089573,0.363625,0.285835
-0.086616,0.372064,0.280281
-0.097254,0.377098,0.285160
-0.101116,0.372052,0.281097
-0.101595,0.369409,0.272935
-0.104539,0.368241,0.282520
-0.102211,0.373797,0.292097
-0.110352,0.363751,0.287485
-0.119003,0.371190,0.283282
-0.122686,0.369428,0.283668
-0.129727,0.366605,0.282069
-0.130005,0.369444,0.282606
-0.124746,0.367338,0.271590
-0.128106,0.363774,0.269533
-0.126604,0.359213,0.287222
-0.127315,0.358760,0.272524
-0.145712,0.368765,0.270519
-0.147147,0.356490,0.274498
-0.151155,0.352549,0.273770
-0.150758,0.350774,0.284975
-0.148211,0.358069,0.271627
-0.154673,0.358957,0.278495
-0.159056,0.350452,0.275040
-0.165585,0.346623,0.274486
-0.157862,0.343280,0.276436
-0.165592,0.343141,0.260731
-0.177621,0.333544,0.267123
-0.177159,0.344198,0.266143
-0.172949,0.330282,0.265290
-0.185768,0.343745,0.268356
-0.184109,0.333006,0.259498
-0.178837,0.335046,0.263104
-0.184686,0.333281,0.253023
-0.207181,0.325851,0.253358
-0.200581,0.330946,0.253796
-0.196220,0.319366,0.253023
-0.208512,0.323350,0.250665
-0.209435,0.318333,0.242782
-0.210784,0.313626,0.239887
-0.208921,0.312350,0.234020
-0.217595,0.308064,0.244795
-0.221179,0.294771,0.233998
-0.226954,0.302375,0.236932
-0.231489,0.299888,0.232766
-0.235278,0.296072,0.232676
-0.232693,0.285026,0.232987
0.023840,0.309315,0.246239
0.019364,0.350294,0.261052
0.011421,0.339615,0.275409
0.013654,0.346688,0.281134
0.014046,0.341799,0.281463
0.007406,0.350333,0.277027
0.001913,0.356987,0.270618
-0.001681,0.352432,0.278625
-0.002380,0.345370,0.266822
-0.012245,0.347532,0.280986
-0.006161,0.347519,0.287290
-0.020787,0.353046,0.278456
-0.012066,0.354928,0.291613
-0.019860,0.350663,0.276677
-0.026941,0.354925,0.275211
-0.014164,0.360265,0.271086
-0.025418,0.363068,0.281504
-0.024883,0.359194,0.289181
-0.037417,0.351991,0.290567
-0.039645,0.356829,0.284347
-0.044300,0.349209,0.281023
-0.049420,0.357741,0.277662
-0.048051,0.352988,0.289011
-0.056328,0.353282,0.285904
-0.056384,0.359737,0.289585
-0.057721,0.359364,0.284095
-0.061681,0.361025,0.290274
-0.058426,0.365464,0.273861
-0.059327,0.367922,0.291674
-0.061536,0.366430,0.288616
-0.074007,0.360983,0.289571
-0.073971,0.367752,0.286339
-0.083762,0.359058,0.281963
-0.080096,0.368400,0.288675
-0.081112,0.372273,0.292865
-0.090569,0.366617,0.275070
-0.083922,0.363612,0.289200
-0.096798,0.362243,0.280139
-0.094706,0.367724,0.287448
-0.103119,0.360595,0.289911
-0.107535,0.355962,0.278275
-0.108098,0.358580,0.287248
-0.109409,0.361799,0.285946
-0.114225,0.360672,0.289630
-0.104572,0.357953,0.278910
-0.124915,0.358231,0.281218
-0.122552,0.363922,0.280519
-0.135624,0.358820,0.287746
-0.123573,0.358988,0.278239
-0.127821,0.357229,0.278742
-0.137472,0.360847,0.283704
-0.136966,0.358987,0.275591
-0.143138,0.352913,0.280319
-0.149398,0.349051,0.293380
-0.147358,0.353514,0.274597
-0.149278,0.351706,0.271588
-0.164311,0.349250,0.279555
-0.159079,0.347236,0.282228
-0.166283,0.336165,0.273189
-0.155910,0.343555,0.262412
-0.165185,0.338304,0.264782
-0.170256,0.336144,0.255761
-0.169192,0.340384,0.272601
-0.181547,0.332578,0.265201
-0.181005,0.333633,0.261594
-0.184212,0.336279,0.249846
-0.185717,0.323513,0.262066
-0.190038,0.332476,0.251607
-0.203057,0.330681,0.253507
-0.195030,0.320342,0.258681
-0.204532,0.314709,0.252315
-0.207054,0.315023,0.246570
-0.218533,0.322049,0.240792
-0.211313,0.313780,0.250684
-0.214720,0.306506,0.242699
-0.225687,0.319101,0.238134
-0.215887,0.295511,0.239254
-0.225711,0.308230,0.241314
-0.233972,0.289271,0.234958
-0.225488,0.295635,0.225445
-0.237048,0.282384,0.230932
0.028566,0.316714,0.258159
0.004928,0.334594,0.269741
0.011107,0.339515,0.260594
0.000284,0.335848,0.274437
0.004684,0.332557,0.275330
0.002706,0.341177,0.269519
-0.009262,0.333981,0.278279
0.000301,0.339974,0.278635
-0.001643,0.341338,0.282576
-0.008376,0.331783,0.276999
-0.014488,0.339436,0.284436
-0.009002,0.347280,0.282639
-0.015962,0.346756,0.280662
-0.014779,0.348022,0.276039
-0.028115,0.356325,0.283585
-0.019650,0.350995,0.283118
-0.029893,0.346953,0.287194
-0.027390,0.343175,0.275517
-0.044074,0.347431,0.277457
-0.046350,0.344199,0.286420
-0.041330,0.345596,0.282394
-0.044898,0.357355,0.279453
-0.056127,0.353343,0.283236
-0.051545,0.359832,0.291605
-0.066381,0.354873,0.285357
-0.069521,0.360252,0.285274
-0.065932,0.349199,0.291523
-0.070081,0.347881,0.286392
-0.060705,0.367985,0.285608
-0.073820,0.357716,0.284481
-0.074732,0.362828,0.290155
-0.078688,0.350149,0.289737
-0.081336,0.358673,0.277737
-0.091029,0.358020,0.281791
-0.081436,0.369489,0.289196
-0.089097,0.355114,0.286532
-0.080225,0.357377,0.284368
-0.097994,0.355400,0.288577
-0.103900,0.363440,0.291926
-0.097543,0.363392,0.286494
-0.106821,0.351823,0.275859
-0.105665,0.365735,0.294441
-0.120584,0.362450,0.285895
-0.115341,0.357095,0.287610
-0.120059,0.358962,0.274777
-0.120614,0.352053,0.280192
-0.120761,0.346150,0.288520
-0.129806,0.352484,0.292109
-0.133331,0.357345,0.277435
-0.126163,0.358617,0.285887
-0.140099,0.348250,0.278387
-0.147154,0.355695,0.278168
-0.142005,0.346461,0.270290
-0.146363,0.343492,0.280696
-0.152477,0.345237,0.279125
-0.157966,0.338066,0.280819
-0.160935,0.335935,0.279967
-0.156082,0.338094,0.265142
-0.161019,0.339189,0.268674
-0.159877,0.338160,0.261369
-0.164206,0.333874,0.263090
-0.176380,0.336352,0.263563
-0.177419,0.330083,0.261709
-0.183923,0.318445,0.261530
-0.179750,0.324128,0.268441
-0.185613,0.320558,0.262401
-0.198878,0.324501,0.260266
-0.184628,0.324059,0.258042
-0.203431,0.311128,0.256278
-0.208876,0.318923,0.251331
-0.206397,0.310096,0.260020
-0.195395,0.310979,0.248967
-0.209383,0.306079,0.242789
-0.220891,0.303568,0.248348
-0.218274,0.297130,0.246611
-0.221630,0.296486,0.241312
-0.220210,0.305397,0.243691
-0.223440,0.299507,0.238303
-0.233556,0.292483,0.233105
-0.235519,0.292671,0.233835
-0.241315,0.275116,0.227058
0.023809,0.304492,0.249991
0.018189,0.316498,0.262706
0.016277,0.326898,0.267287
0.010034,0.333181,0.270264
0.009334,0.330189,0.277634
0.007937,0.335136,0.273481
-0.001536,0.327949,0.277598
-0.003211,0.346011,0.278164
-0.005424,0.346761,0.272877
-0.004012,0.342997,0.276414
-0.010327,0.343820,0.272941
-0.015516,0.336458,0.279425
-0.024840,0.341872,0.285742
-0.027716,0.344715,0.278935
-0.032053,0.340845,0.275068
-0.026413,0.344407,0.283021
-0.029465,0.348374,0.286196
-0.039237,0.338757,0.285318
-0.040391,0.349025,0.282860
-0.043363,0.357955,0.283192
-0.046094,0.354658,0.283316
-0.047458,0.338290,0.288474
-0.056067,0.339649,0.283359
-0.052162,0.349116,0.290489
-0.060324,0.350381,0.281551
-0.065636,0.341831,0.296324
-0.059393,0.356763,0.285916
-0.065813,0.357964,0.288095
-0.070116,0.353510,0.287267
-0.069244,0.349216,0.280855
-0.076834,0.351346,0.287936
-0.081787,0.348007,0.300132
-0.084738,0.352681,0.291376
-0.087747,0.352829,0.298199
-0.090093,0.366969,0.291169
-0.091615,0.354146,0.289440
-0.097805,0.358684,0.283739
-0.091760,0.347406,0.292098
-0.092797,0.349749,0.289784
-0.110045,0.354989,0.288384
-0.106027,0.356856,0.288021
-0.100387,0.351522,0.293832
-0.116818,0.358384,0.273624
-0.107747,0.341852,0.297951
-0.122379,0.347448,0.291012
-0.122909,0.350259,0.286340
-0.128482,0.354150,0.283271
-0.126971,0.348326,0.279837
-0.131183,0.350679,0.285042
-0.136460,0.342564,0.280467
-0.138282,0.336952,0.290375
-0.141659,0.347242,0.282258
-0.145149,0.339925,0.276274
-0.156545,0.332054,0.271239
-0.153093,0.340922,0.275453
-0.149324,0.352923,0.270882
-0.163059,0.338974,0.283022
-0.159494,0.337066,0.282534
-0.165428,0.335918,0.269986
-0.168317,0.329039,0.270380
-0.172549,0.328637,0.273667
-0.177855,0.327358,0.260250
-0.174957,0.323217,0.255565
-0.183647,0.322194,0.276098
-0.188950,0.317211,0.262097
-0.193611,0.318873,0.273453
-0.201129,0.310069,0.257919
-0.201249,0.309675,0.257003
-0.211314,0.316290,0.253800
-0.199486,0.318306,0.255506
-0.206015,0.313779,0.251190
-0.202472,0.314959,0.260475
-0.204295,0.304016,0.251421
-0.212745,0.298022,0.258732
-0.210888,0.303970,0.242718
-0.216858,0.298094,0.247646
-0.221450,0.290829,0.240630
-0.228493,0.293608,0.245766
-0.234656,0.280743,0.241153
-0.237005,0.285128,0.231388
0.011990,0.285249,0.238551
0.009093,0.319778,0.264750
0.006282,0.330632,0.263695
0.002351,0.321760,0.265349
0.013219,0.327199,0.268868
0.001401,0.331205,0.270291
0.009033,0.324089,0.275917
-0.002739,0.338202,0.282920
-0.007093,0.334111,0.288457
-0.007108,0.328930,0.274861
-0.007516,0.349592,0.276285
-0.018664,0.336369,0.277969
-0.021971,0.345733,0.283334
-0.017913,0.342142,0.289979
-0.026676,0.345134,0.285790
-0.030960,0.341505,0.278634
-0.039231,0.343029,0.290719
-0.034634,0.339746,0.286079
-0.041747,0.344062,0.273413
-0.044022,0.346307,0.279104
-0.049141,0.343466,0.284914
-0.043435,0.345594,0.278238
-0.046657,0.342699,0.281245
-0.056905,0.347108,0.290819
-0.061855,0.344389,0.285377
-0.070860,0.349722,0.284248
-0.066177,0.339908,0.285585
-0.066305,0.355266,0.283938
-0.076309,0.340569,0.286758
-0.079705,0.342575,0.284682
-0.064522,0.354281,0.285594
-0.080226,0.345348,0.298975
-0.078491,0.347047,0.287059
-0.090623,0.353394,0.290819
-0.074471,0.346753,0.300807
-0.100499,0.354597,0.288371
-0.094596,0.352043,0.288851
-0.103319,0.349301,0.289819
-0.097418,0.358143,0.285751
-0.101048,0.352312,0.286306
-0.111019,0.350535,0.286009
-0.118634,0.340903,0.284460
-0.109236,0.344641,0.284543
-0.128409,0.337273,0.288856
-0.113424,0.342165,0.287952
-0.119341,0.346889,0.282558
-0.128941,0.340200,0.280535
-0.133406,0.335656,0.278792
-0.124982,0.347100,0.279732
-0.143984,0.342609,0.286692
-0.137638,0.346541,0.283684
-0.146063,0.336930,0.285435
-0.150599,0.338498,0.281733
-0.152526,0.330391,0.270843
-0.149296,0.337117,0.280133
-0.151631,0.338004,0.270650
-0.162811,0.339306,0.270952
-0.162713,0.331620,0.275183
-0.162712,0.326076,0.271352
-0.166660,0.320352,0.264663
-0.168029,0.324601,0.271047
-0.161635,0.327352,0.267490
-0.172984,0.316083,0.258957
-0.174899,0.325623,0.261257
-0.186730,0.320666,0.273416
-0.195893,0.309176,0.265238
-0.189266,0.301188,0.254723
-0.192916,0.303007,0.250501
-0.196981,0.312096,0.262429
-0.201943,0.312927,0.256279
-0.207521,0.296193,0.249790
-0.207716,0.296511,0.248112
-0.215118,0.303844,0.252515
-0.215047,0.296566,0.251608
-0.209126,0.298179,0.250082
-0.225803,0.298051,0.244793
-0.215572,0.294622,0.243550
-0.219543,0.285780,0.238655
-0.228192,0.284851,0.236182
-0.230643,0.279266,0.235151
0.017781,0.308144,0.255399
0.016677,0.310145,0.267076
0.006528,0.317169,0.264476
0.008148,0.322548,0.277168
0.003481,0.312361,0.275250
0.005860,0.324527,0.282443
-0.007059,0.327062,0.279600
-0.002609,0.330106,0.286510
-0.014959,0.325290,0.282157
-0.004934,0.332027,0.282929
-0.009199,0.326478,0.280103
-0.025002,0.339828,0.280228
-0.021581,0.329971,0.280459
-0.023235,0.337682,0.277761
-0.024265,0.334972,0.282577
-0.036342,0.346645,0.281183
-0.037781,0.334677,0.282876
-0.033689,0.346409,0.282196
-0.045581,0.341670,0.288676
-0.039468,0.339175,0.294757
-0.056926,0.341185,0.284763
-0.057610,0.343089,0.300126
-0.061175,0.345440,0.289212
-0.059028,0.343166,0.282253
-0.057989,0.354758,0.287304
-0.066346,0.353728,0.278388
-0.067799,0.345240,0.277702
-0.076547,0.353169,0.302276
-0.071151,0.341356,0.292016
-0.075753,0.337192,0.284738
-0.085819,0.348402,0.285054
-0.079722,0.347349,0.285540
-0.086797,0.338642,0.297308
-0.091185,0.344741,0.287335
-0.090849,0.348023,0.285628
-0.097960,0.345833,0.286881
-0.098157,0.346617,0.284287
-0.101135,0.347025,0.305370
-0.098633,0.335831,0.294500
-0.106435,0.352592,0.292499
-0.116407,0.347751,0.282755
-0.109653,0.340170,0.285376
-0.129359,0.343544,0.294201
-0.114635,0.348044,0.292107
-0.122709,0.342230,0.281915
-0.124093,0.336683,0.291360
-0.129868,0.334619,0.282360
-0.129102,0.332469,0.283038
-0.141550,0.331644,0.297552
-0.138303,0.339684,0.279826
-0.151074,0.324976,0.282919
-0.155032,0.334018,0.278823
-0.147708,0.331368,0.285015
-0.157652,0.331916,0.284017
-0.159153,0.328752,0.276592
-0.153689,0.324868,0.274262
-0.160869,0.326238,0.277929
-0.172212,0.329772,0.276738
-0.168231,0.319378,0.274024
-0.177371,0.321016,0.268728
-0.184965,0.317126,0.262270
-0.179492,0.322508,0.274784
-0.186187,0.317528,0.257857
-0.180500,0.301490,0.253659
-0.189043,0.312327,0.265019
-0.187620,0.306647,0.264585
-0.193090,0.307479,0.265317
-0.188423,0.303369,0.257143
-0.208872,0.303962,0.264642
-0.204614,0.297477,0.253320
-0.220261,0.288840,0.250309
-0.210910,0.303171,0.256334
-0.215999,0.290369,0.250727
-0.213261,0.286553,0.252944
-0.228499,0.297091,0.246555
-0.228114,0.287929,0.240880
-0.226380,0.284766,0.248075
-0.236725,0.279465,0.240771
-0.238489,0.282251,0.235119
0.016766,0.287955,0.256080
0.016023,0.306934,0.274005
0.018590,0.309875,0.273551
0.001734,0.311329,0.272659
-0.000850,0.311317,0.270109
0.003870,0.320234,0.270809
-0.001788,0.318448,0.277171
-0.007079,0.315645,0.270157
-0.013510,0.321495,0.271759
-0.016650,0.324293,0.271726
-0.015429,0.328235,0.284758
-0.018681,0.332530,0.277940
-0.024479,0.330481,0.274740
-0.026943,0.333919,0.280946
-0.037701,0.333118,0.285217
-0.019371,0.328247,0.285236
-0.040274,0.339427,0.289956
-0.033381,0.332266,0.273772
-0.044949,0.318597,0.288688
-0.052504,0.330652,0.277984
-0.043671,0.331530,0.283484
-0.042931,0.331918,0.287265
-0.051422,0.336067,0.287697
-0.058474,0.343571,0.283936
-0.065634,0.339371,0.287186
-0.056687,0.341207,0.293322
-0.071100,0.335479,0.285251
-0.064480,0.338398,0.295959
-0.071902,0.332254,0.287988
-0.087328,0.334659,0.290773
-0.077548,0.341038,0.288937
-0.088141,0.342206,0.290443
-0.084405,0.335213,0.287899
-0.091449,0.347880,0.289795
-0.087925,0.338950,0.289829
-0.099390,0.339777,0.295594
-0.102070,0.344053,0.296024
-0.101511,0.349717,0.285082
-0.099227,0.338097,0.287031
-0.097666,0.342724,0.293667
-0.112407,0.332139,0.290638
-0.118660,0.338720,0.290588
-0.113425,0.333213,0.279136
-0.133694,0.339086,0.284520
-0.129611,0.339955,0.288882
-0.132080,0.335119,0.277972
-0.123067,0.323445,0.286468
-0.133838,0.335459,0.294672
-0.139702,0.338683,0.285691
-0.143567,0.336433,0.289936
-0.149914,0.336668,0.283206
-0.143548,0.332372,0.282867
-0.146162,0.324287,0.278936
-0.148101,0.328803,0.277933
-0.153767,0.321540,0.279133
-0.164664,0.325223,0.276465
-0.164353,0.328729,0.273768
-0.160495,0.311250,0.273470
-0.168311,0.308548,0.282317
-0.167431,0.318271,0.267972
-0.175715,0.311557,0.266815
-0.177497,0.309316,0.267420
-0.183310,0.312963,0.264351
-0.195842,0.296488,0.268356
-0.188915,0.304485,0.265589
-0.198681,0.311281,0.267682
-0.195222,0.303226,0.262753
-0.197672,0.309820,0.258921
-0.200244,0.305538,0.266308
-0.195346,0.298219,0.251461
-0.214401,0.310878,0.263969
-0.220258,0.292015,0.252706
-0.217183,0.287148,0.253090
-0.219162,0.289982,0.250454
-0.216813,0.296510,0.252641
-0.214319,0.285090,0.251227
-0.229535,0.279095,0.247593
-0.224098,0.283908,0.241129
-0.228959,0.275229,0.234147
0.026227,0.267297,0.252379
-0.004751,0.301475,0.263982
0.007136,0.314743,0.270394
0.000585,0.309226,0.268739
0.000988,0.308043,0.282121
0.003005,0.314245,0.269784
0.001364,0.316655,0.276651
-0.007027,0.315241,0.278185
-0.018903,0.315034,0.281106
-0.006068,0.315784,0.273146
-0.018633,0.323937,0.280778
-0.015532,0.316525,0.284779
-0.027108,0.326135,0.275866
-0.026274,0.332940,0.288199
-0.028044,0.337867,0.276578
-0.030250,0.320715,0.281127
-0.042039,0.332888,0.289431
-0.028564,0.318585,0.282984
-0.035526,0.327741,0.285879
-0.041134,0.328740,0.281964
-0.051459,0.334236,0.288043
-0.055659,0.323816,0.297287
-0.053760,0.335191,0.283932
-0.060246,0.327080,0.293550
-0.064855,0.327383,0.281940
-0.062472,0.334933,0.289635
-0.063289,0.335911,0.289735
-0.071408,0.330307,0.295618
-0.073762,0.336084,0.294425
-0.087044,0.333502,0.294641
-0.086204,0.343533,0.287243
-0.083539,0.327085,0.293505
-0.090382,0.329834,0.295682
-0.083899,0.334351,0.296475
-0.101264,0.334522,0.297007
-0.093713,0.333959,0.287100
-0.104625,0.333466,0.291865
-0.101128,0.334725,0.295530
-0.105688,0.339955,0.286786
-0.107774,0.343119,0.288021
-0.116234,0.326075,0.275309
-0.112599,0.330638,0.296969
-0.115647,0.328278,0.295084
-0.117955,0.330900,0.290750
-0.121928,0.336299,0.289152
-0.122854,0.324313,0.287349
-0.128471,0.331476,0.279375
-0.120682,0.329793,0.287679
-0.144210,0.327074,0.277942
-0.138574,0.332946,0.282288
-0.134893,0.326736,0.275036
-0.151119,0.328103,0.285198
-0.143366,0.320743,0.284465
-0.156526,0.320252,0.273360
-0.160582,0.323701,0.270528
-0.169825,0.315442,0.278855
-0.166043,0.316763,0.281905
-0.170481,0.315198,0.284755
-0.173309,0.308011,0.279348
-0.169456,0.319034,0.271234
-0.169436,0.304666,0.280554
-0.186039,0.304667,0.269837
-0.182918,0.304593,0.277411
-0.184473,0.302269,0.264669
-0.183893,0.305696,0.265201
-0.195668,0.301800,0.269686
-0.186701,0.301563,0.264636
-0.202494,0.303538,0.269196
-0.206653,0.304925,0.259133
-0.198364,0.291315,0.259902
-0.211932,0.301737,0.258615
-0.203412,0.290700,0.266087
-0.210028,0.295290,0.251355
-0.217099,0.288301,0.255263
-0.213511,0.290161,0.246314
-0.228381,0.276955,0.252624
-0.233604,0.276192,0.244482
-0.234870,0.277571,0.245952
-0.236731,0.258909,0.228545
0.021945,0.299421,0.261042
0.013413,0.296535,0.268105
0.011931,0.300971,0.274250
0.002216,0.306453,0.277233
-0.006547,0.314207,0.269915
-0.005539,0.311607,0.280343
-0.002520,0.317533,0.277336
-0.013198,0.315205,0.282029
-0.016653,0.309099,0.281932
-0.013810,0.316503,0.278985
-0.010584,0.325083,0.281840
-0.011669,0.329170,0.286195
-0.021572,0.324993,0.290318
-0.026621,0.317221,0.286707
-0.036247,0.323093,0.286645
-0.038576,0.330891,0.284769
-0.044217,0.331775,0.280454
-0.040983,0.319126,0.282774
-0.049303,0.319437,0.291203
-0.051719,0.326968,0.285918
-0.043954,0.323277,0.289423
-0.049874,0.325526,0.291647
-0.064224,0.318576,0.286961
-0.056463,0.334964,0.294770
-0.061696,0.328423,0.292024
-0.066666,0.322619,0.287263
-0.068853,0.335739,0.288639
-0.078642,0.335819,0.292424
-0.082118,0.336073,0.280883
-0.070277,0.337004,0.286507
-0.082250,0.328746,0.293077
-0.095476,0.323529,0.294985
-0.090454,0.322600,0.294202
-0.085738,0.343324,0.286058
-0.101704,0.323734,0.280876
-0.095788,0.331635,0.291708
-0.103065,0.331698,0.288840
-0.109879,0.332896,0.298995
-0.105528,0.327489,0.304107
-0.124154,0.333308,0.295886
-0.112189,0.323891,0.282716
-0.122085,0.325252,0.289564
-0.115304,0.318769,0.286006
-0.121422,0.320465,0.297475
-0.126242,0.323514,0.283741
-0.125891,0.318247,0.283466
-0.136863,0.318195,0.288923
-0.136940,0.316468,0.291229
-0.141258,0.322821,0.288498
-0.146842,0.318135,0.279955
-0.143830,0.323530,0.283642
-0.151178,0.313323,0.283389
-0.147852,0.315312,0.281217
-0.152064,0.315626,0.276627
-0.155608,0.316333,0.283804
-0.165705,0.315762,0.272635
-0.165903,0.306943,0.280834
-0.164516,0.312753,0.276652
-0.178766,0.312345,0.272549
-0.173145,0.306369,0.269183
-0.180717,0.305759,0.278042
-0.184007,0.306686,0.268704
-0.178131,0.298830,0.272464
-0.187155,0.300484,0.272307
-0.183590,0.300247,0.272782
-0.191884,0.294974,0.256082
-0.195988,0.295218,0.268321
-0.200685,0.295174,0.261603
-0.205802,0.292970,0.256702
-0.218962,0.287151,0.270828
-0.216340,0.283552,0.260377
-0.211596,0.279972,0.259305
-0.218099,0.282065,0.249537
-0.230489,0.285406,0.260307
-0.222549,0.278549,0.254112
-0.231718,0.277280,0.244496
-0.229498,0.275711,0.245878
0.006191,0.304974,0.266140
0.007371,0.293264,0.275437
0.017139,0.304966,0.275147
-0.001042,0.304725,0.274361
-0.006938,0.305777,0.283515
0.002754,0.311859,0.277867
0.006351,0.305954,0.290463
-0.010357,0.316282,0.279017
0.002612,0.308796,0.279715
-0.022377,0.315233,0.276865
-0.013783,0.302589,0.293375
-0.021061,0.316201,0.282307
-0.030503,0.312331,0.294716
-0.032757,0.314958,0.281989
-0.033431,0.312588,0.292735
-0.033762,0.319820,0.292738
-0.045107,0.315710,0.292070
-0.047841,0.324758,0.301099
-0.050586,0.323744,0.290792
-0.045631,0.318802,0.298604
-0.046872,0.318367,0.279959
-0.058161,0.327900,0.288946
-0.057387,0.326471,0.284234
-0.051985,0.319359,0.295655
-0.059704,0.321213,0.287145
-0.065697,0.317903,0.286299
-0.068365,0.329902,0.291150
-0.071448,0.326811,0.286619
-0.071575,0.319594,0.291653
-0.079123,0.325936,0.295283
-0.086819,0.323864,0.287341
-0.087510,0.318668,0.290827
-0.092411,0.329242,0.296251
-0.100982,0.319315,0.282141
-0.101493,0.324946,0.295320
-0.085435,0.330577,0.288200
-0.102634,0.319661,0.289525
-0.100034,0.309926,0.287619
-0.099106,0.323870,0.286214
-0.109606,0.318062,0.284695
-0.118044,0.320952,0.293638
-0.117008,0.317324,0.286032
-0.121370,0.321061,0.291321
-0.124571,0.315427,0.286308
-0.135232,0.316531,0.285681
-0.126736,0.317844,0.276260
-0.129866,0.320570,0.289189
-0.137778,0.317067,0.285020
-0.134276,0.319025,0.293909
-0.131414,0.318760,0.278170
-0.150816,0.314206,0.274805
-0.149606,0.311504,0.282944
-0.146674,0.308586,0.282014
-0.156433,0.307037,0.281220
-0.164822,0.320929,0.277334
-0.166794,0.307942,0.277112
-0.167284,0.300396,0.282243
-0.164647,0.295500,0.280401
-0.178863,0.299201,0.278838
-0.181760,0.297156,0.270144
-0.166697,0.298520,0.277407
-0.186175,0.311293,0.271980
-0.184613,0.295129,0.265689
-0.188308,0.296041,0.274765
-0.196194,0.297802,0.268979
-0.190051,0.299048,0.260068
-0.189209,0.292781,0.259106
-0.196978,0.294641,0.261801
-0.210327,0.289849,0.259805
-0.207679,0.291189,0.265424
-0.213444,0.280376,0.261709
-0.219428,0.278062,0.266429
-0.223689,0.280284,0.257538
-0.216101,0.272402,0.261381
-0.223576,0.277492,0.252099
-0.231579,0.268989,0.242444
-0.225297,0.269709,0.243651
0.031927,0.003023,0.052590
0.012235,0.295598,0.273093
0.011363,0.296181,0.284815
0.009008,0.298514,0.278083
0.001904,0.303070,0.282180
0.005802,0.297475,0.277431
0.007836,0.309562,0.282370
-0.007543,0.308248,0.281799
-0.016040,0.304854,0.293957
-0.008350,0.301573,0.286432
-0.008152,0.316849,0.277996
-0.019556,0.304166,0.292847
-0.027578,0.318000,0.285049
-0.021025,0.315659,0.286164
-0.037801,0.310381,0.292472
-0.033871,0.323105,0.283240
-0.041328,0.305024,0.286812
-0.039363,0.318371,0.291837
-0.050903,0.310691,0.292133
-0.051058,0.318776,0.292657
-0.048346,0.323183,0.285915
-0.047587,0.322776,0.295028
-0.057221,0.315555,0.285166
-0.055978,0.325915,0.291213
-0.061763,0.318469,0.294500
-0.056044,0.332254,0.286254
-0.076055,0.321666,0.291597
-0.075917,0.323275,0.287023
-0.067155,0.325043,0.295186
-0.079424,0.316460,0.290235
-0.082856,0.316620,0.299639
-0.080828,0.316658,0.289168
-0.090265,0.323777,0.288600
-0.091029,0.319534,0.291037
-0.094191,0.320014,0.296369
-0.098026,0.317389,0.289971
-0.091135,0.309223,0.296246
-0.113175,0.322966,0.296045
-0.102712,0.325299,0.288943
-0.111571,0.319205,0.294914
-0.109427,0.325351,0.275972
-0.112176,0.320507,0.282997
-0.121145,0.325455,0.296026
-0.117619,0.314657,0.290124
-0.121048,0.313230,0.302171
-0.120955,0.317198,0.290165
-0.132065,0.307292,0.284800
-0.131274,0.316196,0.291355
-0.133363,0.313857,0.280342
-0.148854,0.314970,0.280059
-0.144602,0.314042,0.285667
-0.148104,0.311510,0.287501
-0.153645,0.311238,0.283849
-0.157034,0.310146,0.290590
-0.161733,0.310114,0.272084
-0.165694,0.305637,0.273809
-0.159442,0.305295,0.280730
-0.159409,0.306743,0.275989
-0.177584,0.293928,0.276029
-0.177986,0.305107,0.284008
-0.170396,0.306455,0.265828
-0.178575,0.300293,0.276984
-0.184409,0.299233,0.272799
-0.190741,0.294130,0.276556
-0.182149,0.290502,0.270312
-0.201576,0.299423,0.277622
-0.193680,0.290685,0.264663
-0.202680,0.288906,0.265827
-0.202241,0.285926,0.261716
-0.205700,0.294482,0.264712
-0.198236,0.277712,0.266070
-0.217094,0.288657,0.255550
-0.220614,0.285764,0.267385
-0.222050,0.276378,0.263691
-0.228207,0.281219,0.255821
-0.229122,0.273132,0.247885
-0.241756,0.270414,0.249297
0.035948,0.003315,0.052995
0.032255,0.022813,0.068450
0.010279,0.301706,0.278882
0.007345,0.292041,0.280955
0.011144,0.296674,0.275734
0.006051,0.289605,0.280791
0.002911,0.301546,0.281076
-0.003584,0.299740,0.284948
-0.005022,0.306951,0.282067
-0.001590,0.297590,0.282962
-0.015638,0.302827,0.282987
-0.008410,0.312282,0.282611
-0.020563,0.303156,0.283142
-0.017079,0.304079,0.288978
-0.029446,0.306251,0.297566
-0.028993,0.314816,0.290948
-0.037622,0.317482,0.286146
-0.043585,0.312943,0.289920
-0.036307,0.308534,0.296671
-0.036563,0.312319,0.285985
-0.035693,0.319176,0.292936
-0.047952,0.311863,0.287940
-0.049966,0.308962,0.282657
-0.053228,0.315435,0.290412
-0.058797,0.318699,0.292634
-0.059496,0.322189,0.288039
-0.069869,0.306661,0.293757
-0.058371,0.312873,0.301551
-0.066133,0.317882,0.291433
-0.067919,0.316141,0.291534
-0.071657,0.317907,0.289005
-0.084808,0.318024,0.279735
-0.092230,0.328558,0.296406
-0.082482,0.309373,0.296020
-0.089699,0.321548,0.293130
-0.088480,0.321272,0.291865
-0.093329,0.321383,0.293905
-0.099614,0.318383,0.294987
-0.097985,0.323584,0.290986
-0.100210,0.315015,0.280434
-0.097447,0.308351,0.292123
-0.107158,0.305779,0.296256
-0.117083,0.312204,0.294378
-0.120424,0.310848,0.292096
-0.127691,0.301756,0.284857
-0.124439,0.305308,0.289553
-0.131755,0.303594,0.284189
-0.133877,0.302899,0.291605
-0.137159,0.307135,0.285211
-0.138529,0.309180,0.286253
-0.133580,0.303801,0.281706
-0.149125,0.302758,0.284180
-0.151696,0.304207,0.280625
-0.149133,0.301679,0.280959
-0.157720,0.304747,0.284610
-0.154766,0.302365,0.282790
-0.161087,0.297096,0.280972
-0.168634,0.296143,0.280565
-0.168483,0.301419,0.282424
-0.173352,0.305767,0.285613
-0.176957,0.293727,0.277688
-0.180713,0.298270,0.279595
-0.169243,0.287192,0.277307
-0.182298,0.288977,0.276891
-0.185835,0.287641,0.268915
-0.182420,0.290955,0.268428
-0.184695,0.291797,0.281637
-0.194130,0.282451,0.272741
-0.197130,0.287003,0.270667
-0.202213,0.281247,0.262187
-0.202691,0.283886,0.262621
-0.211842,0.286524,0.263401
-0.205210,0.279784,0.260911
-0.208438,0.275678,0.268774
-0.218199,0.277408,0.264241
-0.223458,0.273417,0.256404
-0.222351,0.274844,0.255675
-0.233435,0.255553,0.256901
0.039468,-0.009083,0.052443
0.039223,0.018411,0.080061
0.035361,0.043256,0.093670
0.013774,0.292114,0.267197
0.005247,0.284973,0.282302
0.016248,0.298313,0.279765
0.004514,0.292621,0.281222
0.003045,0.298990,0.287052
-0.001808,0.295371,0.275540
-0.002545,0.289031,0.280033
-0.009502,0.305468,0.282963
-0.010670,0.305100,0.288511
-0.016513,0.298404,0.277897
-0.017485,0.307513,0.298907
-0.015738,0.309384,0.287613
-0.025319,0.317459,0.296728
-0.028010,0.303701,0.289218
-0.033077,0.309917,0.289452
-0.036233,0.310174,0.292240
-0.035195,0.308339,0.298100
-0.029835,0.310596,0.294106
-0.045309,0.312588,0.292840
-0.045445,0.317121,0.291080
-0.044772,0.304146,0.293849
-0.055146,0.303752,0.292431
-0.062043,0.305176,0.295600
-0.051341,0.320392,0.290454
-0.055465,0.315104,0.280884
-0.071494,0.304497,0.293643
-0.060872,0.317114,0.283657
-0.072897,0.316370,0.291179
-0.075710,0.314654,0.294286
-0.071766,0.309140,0.289597
-0.072565,0.310485,0.294649
-0.075729,0.313502,0.294630
-0.085405,0.321462,0.286426
-0.090002,0.313596,0.286030
-0.097315,0.318374,0.297419
-0.103079,0.311795,0.290686
-0.099169,0.304237,0.289768
-0.104170,0.313326,0.290921
-0.104943,0.312881,0.296107
-0.124513,0.300593,0.286321
-0.113736,0.300961,0.284477
-0.123421,0.303406,0.288737
-0.119074,0.302542,0.285806
-0.130769,0.317213,0.292280
-0.132323,0.293289,0.284016
-0.130249,0.302797,0.284989
-0.135406,0.306846,0.285012
-0.142852,0.308562,0.286385
-0.139604,0.307709,0.277327
-0.141905,0.300835,0.291942
-0.154221,0.296348,0.290327
-0.141443,0.290725,0.276950
-0.147945,0.298330,0.289249
-0.162529,0.297969,0.279350
-0.157544,0.290422,0.281190
-0.157861,0.294528,0.275280
-0.160662,0.297013,0.287032
-0.165776,0.293044,0.268600
-0.173639,0.294320,0.278854
-0.170137,0.286980,0.275018
-0.179463,0.285862,0.280883
-0.183919,0.291151,0.273041
-0.186810,0.286509,0.269139
-0.186951,0.284799,0.271643
-0.192141,0.292188,0.273788
-0.196597,0.280570,0.271621
-0.203321,0.287117,0.275684
-0.201453,0.271130,0.269649
-0.207393,0.284472,0.272244
-0.207742,0.272710,0.264671
-0.215729,0.273619,0.268976
-0.215558,0.280788,0.261783
-0.218161,0.270412,0.260688
-0.224212,0.258914,0.258895
-0.229626,0.254052,0.254136
0.048741,0.008699,0.073642
0.032178,0.030248,0.088168
0.035245,0.076054,0.109887
0.014997,0.277274,0.282694
0.018206,0.280283,0.279720
0.017575,0.287889,0.288443
0.004714,0.290098,0.276617
0.004610,0.290059,0.284411
0.002089,0.288398,0.291913
-0.000395,0.292885,0.289805
-0.014062,0.298701,0.294662
-0.006674,0.293113,0.297509
-0.010906,0.303599,0.283421
-0.011620,0.284285,0.287727
-0.016442,0.298788,0.294164
-0.019592,0.297702,0.290352
-0.028561,0.301933,0.295176
-0.036369,0.309939,0.294758
-0.027769,0.300061,0.280806
-0.029234,0.292710,0.291077
-0.037512,0.302767,0.286700
-0.048343,0.307400,0.295411
-0.059135,0.305710,0.300671
-0.040933,0.305007,0.293157
-0.044822,0.308941,0.289488
-0.051376,0.307657,0.294093
-0.053758,0.302425,0.297085
-0.063663,0.299130,0.285950
-0.062961,0.309409,0.304574
-0.068835,0.305830,0.298684
-0.071212,0.303181,0.295432
-0.071518,0.307236,0.291148
-0.078444,0.297427,0.293365
-0.074292,0.312852,0.284922
-0.079368,0.291926,0.294243
-0.077660,0.308672,0.286404
-0.098137,0.307495,0.297135
-0.094853,0.315341,0.288768
-0.091979,0.311679,0.295061
-0.100697,0.305496,0.291806
-0.099418,0.306655,0.299000
-0.101744,0.306945,0.286755
-0.103976,0.303042,0.292049
-0.120570,0.302658,0.291784
-0.121399,0.293139,0.289312
-0.116770,0.299444,0.283564
-0.129904,0.299359,0.284570
-0.115664,0.291283,0.287310
-0.127597,0.298554,0.284463
-0.136883,0.294544,0.287942
-0.135439,0.295962,0.287749
-0.143263,0.288880,0.282731
-0.144421,0.293331,0.286590
-0.127202,0.301467,0.291654
-0.135506,0.289685,0.279989
-0.159286,0.300409,0.290951
-0.154429,0.294722,0.285147
-0.156889,0.285819,0.291833
-0.171803,0.290185,0.286412
-0.166075,0.296562,0.281737
-0.165027,0.298184,0.280323
-0.177336,0.286281,0.288630
-0.181444,0.286346,0.288035
-0.177899,0.291071,0.278289
-0.182644,0.284436,0.272462
-0.180873,0.288398,0.281387
-0.194437,0.285191,0.274079
-0.197597,0.281941,0.271908
-0.198281,0.274698,0.270206
-0.198286,0.273949,0.267656
-0.200309,0.275782,0.280926
-0.208288,0.283126,0.273998
-0.216631,0.277276,0.274292
-0.207563,0.273830,0.265005
-0.213856,0.265324,0.268557
-0.219177,0.258377,0.261019
-0.219135,0.250390,0.255356
-0.228742,0.251196,0.243659
0.042285,0.004061,0.066828
0.042611,0.026315,0.087923
0.033361,0.062424,0.107482
0.026851,0.084339,0.130787
0.010817,0.284469,0.274063
0.009892,0.279909,0.284689
0.010269,0.279532,0.285216
0.005108,0.282683,0.282063
-0.006917,0.282123,0.278750
-0.002610,0.293244,0.288602
-0.007976,0.297041,0.286810
-0.007236,0.288702,0.285991
-0.014324,0.288792,0.278799
-0.007895,0.292990,0.298251
-0.008338,0.292548,0.297512
-0.021568,0.296032,0.298345
-0.030353,0.295775,0.295566
-0.033030,0.306644,0.297289
-0.031834,0.302730,0.290903
-0.031228,0.299569,0.294956
-0.045304,0.297698,0.305573
-0.033599,0.286989,0.296150
-0.047968,0.295024,0.302228
-0.048444,0.310599,0.289060
-0.048805,0.306959,0.294310
-0.064605,0.315378,0.303515
-0.058122,0.303533,0.296896
-0.054245,0.307893,0.294781
-0.059742,0.300815,0.296476
-0.068996,0.304573,0.296997
-0.070223,0.308140,0.300158
-0.077578,0.289694,0.290448
-0.077255,0.309816,0.296435
-0.073697,0.299921,0.288413
-0.078644,0.302859,0.286592
-0.089410,0.304730,0.293236
-0.089668,0.306145,0.295059
-0.094197,0.299399,0.294451
-0.094979,0.300636,0.287590
-0.100187,0.297531,0.294322
-0.101362,0.297275,0.297013
-0.102965,0.288133,0.293631
-0.107586,0.289203,0.288261
-0.108191,0.299498,0.287727
-0.116172,0.291037,0.289220
-0.115588,0.296519,0.294013
-0.126987,0.294673,0.295247
-0.127371,0.295830,0.293905
-0.125345,0.287966,0.287888
-0.129953,0.280835,0.279273
-0.125436,0.283909,0.285690
-0.131287,0.290720,0.290134
-0.138799,0.287470,0.279143
-0.142196,0.282783,0.283625
-0.147224,0.290312,0.291342
-0.133702,0.282154,0.283628
-0.153808,0.293099,0.286861
-0.159366,0.286944,0.283278
-0.159895,0.292427,0.287519
-0.160180,0.285392,0.273451
-0.165227,0.286023,0.279333
-0.166768,0.285617,0.282176
-0.179962,0.280361,0.283460
-0.161538,0.280901,0.271748
-0.182287,0.279751,0.276075
-0.190612,0.278600,0.287548
-0.185086,0.285336,0.278904
-0.195134,0.281777,0.283303
-0.195927,0.267075,0.277838
-0.197429,0.278977,0.276367
-0.197899,0.275971,0.275463
-0.198594,0.270725,0.277203
-0.202164,0.268087,0.264849
-0.205788,0.267722,0.267300
-0.217165,0.270154,0.266847
-0.212107,0.266546,0.250619
-0.212340,0.250070,0.255851
-0.213446,0.245859,0.255212
0.049825,-0.000206,0.065213
0.054588,0.019613,0.090630
0.041716,0.050507,0.114627
0.024354,0.082897,0.136211
0.025944,0.091754,0.147352
0.019634,0.097240,0.141235
0.013032,0.273637,0.269904
0.010836,0.274541,0.280185
0.010618,0.283654,0.288119
0.001057,0.289074,0.280413
-0.010931,0.288268,0.292207
-0.000275,0.283227,0.288632
-0.004606,0.289306,0.296431
-0.013772,0.301201,0.297386
-0.013517,0.288585,0.300098
-0.015104,0.294517,0.297712
-0.015157,0.298749,0.291544
-0.023012,0.290444,0.284909
-0.024231,0.301568,0.290216
-0.033226,0.297986,0.300907
-0.035985,0.292570,0.303987
-0.044542,0.295522,0.295970
-0.047346,0.296492,0.296331
-0.045363,0.291774,0.299613
-0.043988,0.296712,0.292290
-0.061461,0.296785,0.294994
-0.049667,0.305721,0.296466
-0.050920,0.293709,0.298616
-0.059042,0.296549,0.298442
-0.064369,0.301622,0.297009
-0.066867,0.300740,0.301111
-0.077392,0.298371,0.294304
-0.082994,0.293602,0.290586
-0.080479,0.295313,0.295043
-0.080605,0.298727,0.305215
-0.084981,0.289613,0.289776
-0.090423,0.296259,0.297089
-0.083525,0.303903,0.301639
-0.091066,0.298770,0.299206
-0.090309,0.292334,0.287143
-0.096437,0.296588,0.296186
-0.108489,0.294405,0.298163
-0.096848,0.289413,0.290356
-0.105383,0.287242,0.294151
-0.104725,0.288763,0.297879
-0.116720,0.285487,0.294049
-0.120301,0.285057,0.296948
-0.117675,0.293525,0.288083
-0.115794,0.289826,0.289505
-0.125296,0.279231,0.287749
-0.130129,0.278683,0.290017
-0.129636,0.290332,0.282825
-0.145675,0.282642,0.286588
-0.144187,0.286961,0.280626
-0.134928,0.284046,0.289322
-0.142254,0.290121,0.285686
-0.155140,0.287884,0.284422
-0.147668,0.289710,0.278554
-0.160418,0.283085,0.285076
-0.160047,0.281046,0.280643
-0.158937,0.286318,0.283247
-0.165435,0.281442,0.289989
-0.165746,0.280678,0.286799
-0.168405,0.275301,0.285482
-0.179589,0.280960,0.279449
-0.186924,0.281751,0.276218
-0.181171,0.280319,0.275038
-0.187753,0.269451,0.289633
-0.193502,0.270868,0.279857
-0.201660,0.276004,0.277163
-0.204166,0.277711,0.281414
-0.198909,0.269005,0.279928
-0.198999,0.268375,0.268453
-0.207614,0.273066,0.263730
-0.206999,0.255302,0.266223
-0.220091,0.250506,0.270736
-0.219392,0.254385,0.262295
-0.226128,0.251342,0.257143
0.059992,-0.029029,0.065390
0.045898,0.004904,0.092765
0.040335,0.038784,0.095484
0.037845,0.064481,0.126836
0.033312,0.082803,0.135736
0.027264,0.106890,0.146937
0.022657,0.111376,0.159075
0.009447,0.264979,0.284546
0.003694,0.280310,0.277958
0.005423,0.274612,0.283195
0.004643,0.286032,0.291766
-0.002622,0.287006,0.289854
-0.010154,0.293946,0.293009
-0.012087,0.286480,0.292665
-0.006448,0.286587,0.297098
-0.020938,0.284122,0.306935
-0.011407,0.295094,0.290202
-0.029463,0.293107,0.294497
-0.036189,0.297064,0.293020
-0.039678,0.288072,0.297285
-0.032163,0.288961,0.299909
-0.031013,0.305087,0.297201
-0.039900,0.291975,0.301846
-0.042588,0.298541,0.299670
-0.054194,0.294496,0.297752
-0.041177,0.288936,0.298807
-0.049493,0.290384,0.288187
-0.062929,0.294682,0.293378
-0.052690,0.293549,0.301159
-0.060247,0.304841,0.293161
-0.070359,0.293691,0.298711
-0.065019,0.299238,0.295104
-0.073719,0.294739,0.299064
-0.064929,0.298930,0.298366
-0.068073,0.301569,0.306881
-0.074372,0.299203,0.302823
-0.077490,0.301024,0.293472
-0.081515,0.299174,0.291944
-0.089849,0.295618,0.289671
-0.094378,0.296300,0.290801
-0.097905,0.284840,0.289713
-0.100996,0.286480,0.296953
-0.100779,0.281177,0.297175
-0.101683,0.284972,0.296687
-0.105186,0.290003,0.293752
-0.106236,0.284101,0.286366
-0.124457,0.275257,0.286117
-0.122307,0.276795,0.289331
-0.121027,0.275151,0.281944
-0.128274,0.269994,0.288512
-0.131348,0.273214,0.285759
-0.131463,0.275858,0.296267
-0.145116,0.277813,0.290077
-0.130346,0.273590,0.295852
-0.141096,0.274871,0.286297
-0.132096,0.283795,0.280653
-0.141891,0.281117,0.288385
-0.146295,0.277258,0.298038
-0.151676,0.272067,0.286777
-0.156133,0.277327,0.276928
-0.159723,0.284825,0.286246
-0.164802,0.273156,0.283576
-0.176097,0.274956,0.284177
-0.169705,0.274108,0.287550
-0.178616,0.280379,0.282318
-0.175905,0.269524,0.282384
-0.182290,0.273483,0.274793
-0.179389,0.266131,0.277175
-0.182363,0.266024,0.275262
-0.191169,0.277752,0.277940
-0.193372,0.274696,0.277803
-0.196743,0.264079,0.278851
-0.194895,0.264286,0.277924
-0.198973,0.253335,0.276067
-0.206671,0.251201,0.278485
-0.211135,0.253575,0.265717
-0.219622,0.252285,0.269030
-0.224555,0.249061,0.267412
0.049382,-0.000821,0.085249
0.046755,0.017727,0.098179
0.037877,0.045664,0.122606
0.030419,0.065381,0.129415
0.029640,0.085340,0.151499
0.026574,0.108891,0.163743
0.020123,0.096323,0.167584
0.017284,0.114651,0.171135
0.008554,0.267967,0.283011
0.007750,0.275658,0.285740
0.001592,0.277283,0.290021
0.003074,0.281871,0.292134
-0.002426,0.274620,0.297480
-0.001604,0.287322,0.306351
-0.014809,0.288744,0.293061
-0.012742,0.278486,0.291798
-0.010825,0.284064,0.300737
-0.017105,0.294787,0.302864
-0.033606,0.290976,0.283511
-0.023227,0.294918,0.288503
-0.047190,0.287520,0.296729
-0.036989,0.297720,0.300769
-0.034079,0.292298,0.294262
-0.041942,0.284611,0.302384
-0.045546,0.300460,0.299232
-0.046949,0.292131,0.303465
-0.040391,0.298722,0.306998
-0.045767,0.293953,0.302098
-0.053117,0.295065,0.300166
-0.063881,0.288502,0.294102
-0.068016,0.292935,0.302775
-0.068681,0.287963,0.299415
-0.066024,0.290298,0.294940
-0.078820,0.298463,0.299697
-0.088822,0.284036,0.306355
-0.081018,0.291510,0.298113
-0.074219,0.284901,0.295961
-0.084130,0.290516,0.295328
-0.082495,0.284376,0.304949
-0.085626,0.289396,0.302730
-0.087491,0.286513,0.295141
-0.106015,0.290826,0.301788
-0.099472,0.277879,0.290717
-0.105545,0.276191,0.293613
-0.116752,0.271590,0.293830
-0.110836,0.268559,0.290939
-0.118480,0.283348,0.281915
-0.114717,0.266228,0.283669
-0.125886,0.270775,0.284355
-0.130873,0.274278,0.290238
-0.125303,0.272592,0.287478
-0.127882,0.284479,0.275271
-0.138225,0.274944,0.286866
-0.132855,0.274442,0.280904
-0.144458,0.270930,0.281293
-0.149027,0.276847,0.284290
-0.144832,0.279178,0.284908
-0.150929,0.275791,0.279851
-0.148056,0.263712,0.287858
-0.152536,0.272483,0.288053
-0.163704,0.276300,0.280985
-0.162190,0.278095,0.284533
-0.166075,0.268779,0.282388
-0.173272,0.268503,0.275478
-0.176173,0.269355,0.282553
-0.187006,0.274823,0.278142
-0.170664,0.277777,0.272943
-0.180339,0.268587,0.282346
-0.179671,0.265951,0.286769
-0.189406,0.269298,0.271397
-0.193452,0.267105,0.281638
-0.199574,0.272893,0.268023
-0.201273,0.258025,0.272142
-0.201419,0.254879,0.285329
-0.199572,0.249555,0.271931
-0.208561,0.243446,0.267651
-0.214649,0.240670,0.265533
0.065531,-0.013636,0.071649
0.061595,0.011488,0.095039
0.043745,0.027575,0.109142
0.041996,0.052630,0.134937
0.034262,0.069835,0.144767
0.026438,0.090822,0.155065
0.026799,0.091899,0.165439
0.026076,0.114104,0.173383
0.030643,0.119645,0.177486
0.006138,0.261300,0.285178
0.004405,0.260772,0.284801
-0.005792,0.268839,0.290752
-0.004218,0.278558,0.286860
-0.005864,0.281098,0.289645
-0.015059,0.294346,0.295129
-0.010144,0.270803,0.301318
-0.015974,0.280674,0.302618
-0.017640,0.283635,0.294030
-0.019550,0.282963,0.301134
-0.025275,0.286887,0.298345
-0.033751,0.288988,0.301655
-0.028204,0.280941,0.293936
-0.033183,0.292756,0.303112
-0.034659,0.281023,0.304956
-0.039192,0.280881,0.294747
-0.045576,0.285967,0.304381
-0.046089,0.287019,0.307404
-0.048508,0.287733,0.307397
-0.047431,0.286763,0.304679
-0.049687,0.288985,0.294887
-0.058380,0.283006,0.301880
-0.070974,0.288962,0.301524
-0.068015,0.289992,0.301292
-0.065778,0.278653,0.299090
-0.074354,0.283239,0.306841
-0.078387,0.286862,0.298575
-0.070892,0.282151,0.303694
-0.082742,0.286684,0.301313
-0.080422,0.288538,0.295309
-0.081587,0.274678,0.310528
-0.106858,0.282061,0.303391
-0.102517,0.274648,0.297647
-0.094657,0.283610,0.299360
-0.100375,0.282998,0.288888
-0.102325,0.267288,0.301987
-0.102728,0.268513,0.280856
-0.110021,0.273789,0.279533
-0.108858,0.269798,0.281893
-0.113699,0.267200,0.285961
-0.128989,0.263894,0.280221
-0.113050,0.268530,0.286471
-0.127620,0.273498,0.293125
-0.123070,0.261892,0.288548
-0.140208,0.258185,0.285046
-0.136826,0.270292,0.281645
-0.144399,0.263214,0.276030
-0.144770,0.269095,0.284849
-0.153599,0.261296,0.292145
-0.154712,0.270979,0.280517
-0.153046,0.266613,0.281764
-0.157562,0.266388,0.289138
-0.161573,0.272356,0.275948
-0.168625,0.268238,0.290790
-0.161751,0.262330,0.294192
-0.176397,0.262963,0.279961
-0.169775,0.267839,0.286274
-0.174196,0.256192,0.287558
-0.176665,0.257556,0.281625
-0.186238,0.260144,0.283180
-0.183571,0.258017,0.279909
-0.201375,0.258615,0.278684
-0.198696,0.257846,0.271785
-0.198125,0.259969,0.280361
-0.196122,0.257702,0.271600
-0.194382,0.242728,0.270614
-0.198059,0.242279,0.267642
-0.214129,0.242942,0.269115
-0.224680,0.058816,0.128630
0.054764,-0.002096,0.095274
0.046039,0.019446,0.101316
0.044483,0.034637,0.128579
0.045741,0.065176,0.145789
0.033191,0.069127,0.153492
0.027023,0.081731,0.157643
0.032161,0.100491,0.175145
0.028226,0.116675,0.167665
0.016004,0.117696,0.184718
0.014763,0.128945,0.186595
0.002924,0.254682,0.285594
-0.000153,0.262282,0.287554
-0.003843,0.264473,0.297039
-0.004556,0.271143,0.295720
-0.013522,0.271723,0.293341
-0.010683,0.274071,0.307092
-0.013868,0.272671,0.298383
-0.021671,0.291679,0.302806
-0.027479,0.286224,0.305400
-0.024690,0.282640,0.301839
-0.025655,0.279247,0.301728
-0.022858,0.282438,0.304310
-0.038162,0.278426,0.311520
-0.033374,0.286915,0.305148
-0.038320,0.284217,0.303421
-0.046628,0.288123,0.304808
-0.041448,0.284211,0.306333
-0.049436,0.281626,0.306480
-0.051190,0.280517,0.311068
-0.053578,0.289294,0.304881
-0.057903,0.282575,0.303971
-0.066456,0.280951,0.311654
-0.066096,0.289725,0.304608
-0.072909,0.288476,0.303133
-0.081542,0.292929,0.302136
-0.077471,0.278034,0.307431
-0.086991,0.278777,0.302188
-0.079839,0.275878,0.295859
-0.085159,0.282849,0.303846
-0.082261,0.273667,0.295661
-0.087112,0.277479,0.292635
-0.095368,0.278685,0.299290
-0.095488,0.268227,0.294608
-0.103010,0.266397,0.294557
-0.105847,0.263093,0.286479
-0.114524,0.276289,0.292471
-0.115133,0.269385,0.282325
-0.115798,0.261764,0.285545
-0.120421,0.253951,0.288552
-0.119698,0.259335,0.291486
-0.132823,0.259880,0.283651
-0.134449,0.255311,0.286135
-0.127127,0.255910,0.280355
-0.126257,0.253807,0.281556
-0.133032,0.251136,0.284271
-0.139278,0.258003,0.284648
-0.148032,0.259194,0.276823
-0.150919,0.248718,0.286153
-0.153517,0.260261,0.285719
-0.166193,0.255651,0.289264
-0.156669,0.263622,0.293175
-0.154187,0.256267,0.290882
-0.166965,0.253394,0.289437
-0.160890,0.254981,0.284957
-0.168480,0.248179,0.276991
-0.177578,0.258920,0.288088
-0.176013,0.251378,0.287233
-0.184473,0.251978,0.284812
-0.189260,0.255072,0.281823
-0.189758,0.244830,0.277420
-0.181510,0.258114,0.277622
-0.192529,0.252859,0.281723
-0.195552,0.245323,0.273112
-0.198981,0.247834,0.274703
-0.209303,0.241306,0.273469
-0.216540,0.091943,0.152147
-0.225343,0.080755,0.162505
-0.218073,0.048603,0.140918
0.059674,-0.017006,0.092722
0.056574,0.004945,0.104961
0.049362,0.016653,0.118513
0.036883,0.049795,0.138250
0.041774,0.062750,0.147782
0.037033,0.080335,0.158874
0.029061,0.099553,0.166970
0.025529,0.106506,0.167313
0.017254,0.102197,0.176445
0.013743,0.117804,0.186535
0.014938,0.121873,0.184046
0.006651,0.251569,0.291028
0.003251,0.257553,0.298269
0.002284,0.268855,0.290368
0.000603,0.259808,0.297856
-0.012630,0.266670,0.288970
-0.006190,0.274833,0.304111
-0.013944,0.268484,0.299828
-0.021902,0.269229,0.296742
-0.030160,0.281354,0.298188
-0.019763,0.277870,0.303022
-0.032161,0.278135,0.296232
-0.031141,0.286648,0.304319
-0.031550,0.288206,0.302621
-0.039735,0.278188,0.306981
-0.043931,0.271224,0.310174
-0.042856,0.276732,0.304504
-0.041563,0.289037,0.302322
-0.052782,0.280356,0.299623
-0.048321,0.275660,0.304865
-0.050126,0.280658,0.307827
-0.059154,0.286935,0.306802
-0.045377,0.285778,0.307576
-0.070158,0.278148,0.294059
-0.063005,0.277534,0.301729
-0.069375,0.275024,0.291036
-0.079258,0.275612,0.304076
-0.079530,0.271857,0.304197
-0.082646,0.267347,0.299992
-0.092097,0.270184,0.303098
-0.098727,0.271138,0.309905
-0.094801,0.263910,0.296865
-0.091399,0.255777,0.298055
-0.099679,0.267936,0.291948
-0.090509,0.255727,0.291056
-0.102693,0.258548,0.290127
-0.106130,0.258261,0.286215
-0.115077,0.249749,0.290836
-0.105790,0.258292,0.287982
-0.113211,0.245812,0.285221
-0.128131,0.249490,0.280281
-0.126232,0.247568,0.275898
-0.131823,0.240509,0.284252
-0.133709,0.243920,0.285583
-0.129652,0.253628,0.284516
-0.142922,0.245412,0.292741
-0.141819,0.247561,0.271720
-0.138328,0.243640,0.280413
-0.147272,0.255505,0.285058
-0.153497,0.256404,0.286180
-0.156789,0.253880,0.283765
-0.153281,0.253016,0.297895
-0.153437,0.252735,0.281564
-0.175656,0.257605,0.290863
-0.165318,0.256162,0.286615
-0.174047,0.250371,0.278160
-0.176485,0.246451,0.289088
-0.170725,0.254407,0.286446
-0.178350,0.250484,0.283041
-0.198587,0.254393,0.277929
-0.182984,0.253873,0.276690
-0.180397,0.245462,0.275081
-0.197003,0.235092,0.273536
-0.186149,0.231338,0.273372
-0.208424,0.098951,0.170430
-0.215558,0.098628,0.164236
-0.214572,0.085632,0.156261
-0.220336,0.071979,0.150938
-0.224819,0.038322,0.131361
0.068207,-0.009848,0.097187
0.060345,0.008594,0.110882
0.045006,0.026395,0.133481
0.052307,0.050379,0.142007
0.046317,0.057496,0.154428
0.034059,0.077263,0.152091
0.024464,0.089999,0.169479
0.028589,0.102541,0.178063
0.020072,0.100085,0.183792
0.020759,0.109184,0.190582
0.013551,0.119731,0.195146
0.012051,0.121431,0.193295
0.000867,0.245795,0.281988
0.000052,0.257771,0.292092
-0.006289,0.265614,0.287699
-0.009498,0.258657,0.296870
-0.006365,0.262210,0.297981
-0.023598,0.265693,0.303226
-0.019365,0.274228,0.303516
-0.020290,0.275037,0.303093
-0.025989,0.269866,0.304729
-0.024662,0.267099,0.293222
-0.033517,0.275329,0.300562
-0.047000,0.272491,0.316079
-0.038626,0.282148,0.308427
-0.038397,0.276459,0.307120
-0.045580,0.286239,0.310361
-0.045632,0.281334,0.306164
-0.047033,0.278392,0.310730
-0.045334,0.280072,0.301629
-0.056927,0.274826,0.306866
-0.059552,0.276634,0.305167
-0.065834,0.274181,0.312542
-0.071115,0.274218,0.300738
-0.063987,0.266705,0.303573
-0.087346,0.268611,0.305074
-0.072549,0.267380,0.299205
-0.079446,0.263692,0.297537
-0.083870,0.269227,0.304204
-0.094335,0.278438,0.301731
-0.084446,0.267841,0.301810
-0.085901,0.265872,0.302869
-0.104681,0.263241,0.301837
-0.095489,0.261622,0.288851
-0.093291,0.248345,0.296047
-0.108937,0.249301,0.296046
-0.106279,0.253013,0.288318
-0.115565,0.244355,0.283908
-0.107616,0.245974,0.285789
-0.115358,0.251340,0.290086
-0.116704,0.241124,0.287918
-0.147603,0.239601,0.284901
-0.137479,0.244524,0.285056
-0.135626,0.230696,0.275740
-0.137193,0.238295,0.273617
-0.126635,0.239715,0.279524
-0.148195,0.246703,0.283379
-0.144425,0.235865,0.269085
-0.148257,0.237396,0.286596
-0.157717,0.233995,0.269861
-0.158636,0.247012,0.277334
-0.161823,0.243844,0.286604
-0.162706,0.245128,0.289784
-0.166484,0.253785,0.283603
-0.161789,0.249852,0.286349
-0.175539,0.249150,0.284881
-0.172005,0.240592,0.286211
-0.175767,0.246331,0.282660
-0.178672,0.247067,0.273648
-0.185431,0.243077,0.285036
-0.185217,0.236424,0.276766
-0.193328,0.178012,0.239949
-0.200728,0.156086,0.211488
-0.210515,0.117998,0.182438
-0.204703,0.088123,0.167237
-0.211570,0.090117,0.174474
-0.211852,0.075155,0.167581
-0.212593,0.069647,0.154987
-0.228821,0.046356,0.138818
0.066134,-0.030773,0.080666
0.059086,-0.000431,0.107641
0.056200,0.013027,0.116755
0.046918,0.036907,0.135916
0.038071,0.041912,0.151124
0.049069,0.061578,0.155707
0.034600,0.078232,0.158364
0.038372,0.087856,0.176450
0.020679,0.094721,0.178269
0.015344,0.097256,0.185134
0.016886,0.113333,0.198382
0.024630,0.121156,0.194589
0.014311,0.120591,0.213240
0.001513,0.141618,0.210064
0.002619,0.252202,0.287458
-0.005704,0.262214,0.298971
-0.003201,0.265064,0.286921
-0.006538,0.256093,0.296746
-0.009967,0.259535,0.297801
-0.018401,0.269236,0.302416
-0.024243,0.263216,0.303361
-0.029385,0.263645,0.304102
-0.035094,0.270416,0.305805
-0.030452,0.276162,0.302686
-0.033785,0.275978,0.305580
-0.036881,0.272400,0.314974
-0.032617,0.270912,0.316101
-0.044144,0.261168,0.305200
-0.051291,0.271390,0.311310
-0.058309,0.274854,0.303070
-0.050306,0.267355,0.301803
-0.058548,0.275282,0.305967
-0.061810,0.270091,0.303594
-0.063015,0.261351,0.309099
-0.073621,0.266333,0.300947
-0.074595,0.257379,0.302613
-0.069920,0.268178,0.308456
-0.073562,0.270373,0.305336
-0.080488,0.270548,0.296615
-0.081838,0.265051,0.305354
-0.083004,0.264822,0.300619
-0.088577,0.262471,0.299230
-0.088081,0.267181,0.295006
-0.087174,0.240375,0.283564
-0.105123,0.243391,0.278612
-0.101145,0.245052,0.287657
-0.097295,0.240960,0.279710
-0.106864,0.241680,0.287816
-0.127613,0.242528,0.281630
-0.123734,0.241067,0.298504
-0.118339,0.237328,0.282080
-0.116845,0.245574,0.274151
-0.131903,0.241986,0.271341
-0.128919,0.240538,0.288622
-0.133589,0.229953,0.280249
-0.144493,0.225454,0.282130
-0.132653,0.226609,0.281535
-0.137461,0.226034,0.274444
-0.145462,0.221587,0.277840
-0.142658,0.235611,0.269139
-0.155439,0.218509,0.273631
-0.154647,0.229541,0.268285
-0.158672,0.216692,0.269907
-0.158560,0.225448,0.266190
-0.170945,0.209538,0.269288
-0.156808,0.208316,0.255011
-0.168070,0.201304,0.256877
-0.169687,0.197711,0.259982
-0.176460,0.199815,0.251796
-0.183654,0.193395,0.249649
-0.190563,0.180421,0.252411
-0.189941,0.174319,0.241592
-0.192142,0.140928,0.229452
-0.197230,0.130774,0.192278
-0.217259,0.094748,0.175482
-0.217572,0.092805,0.172619
-0.211922,0.083486,0.171452
-0.222302,0.073618,0.155029
-0.212987,0.066787,0.155390
-0.237934,0.039791,0.153663
-0.222885,-0.035458,0.072949
0.063232,-0.010898,0.094142
0.050370,-0.000468,0.121619
0.061564,0.021085,0.132844
0.044394,0.035245,0.135216
0.032909,0.053184,0.155779
0.030234,0.064481,0.163345
0.034618,0.069349,0.169004
0.039284,0.093679,0.174476
0.026478,0.095537,0.185139
0.020145,0.095522,0.179868
0.018167,0.110342,0.196155
0.025364,0.118604,0.193596
0.028160,0.130355,0.191902
0.006144,0.128654,0.208290
0.002633,0.145106,0.221686
-0.011187,0.246712,0.283398
-0.007843,0.252122,0.296388
-0.013940,0.251965,0.294564
-0.019134,0.249245,0.297235
-0.027864,0.254463,0.299350
-0.020958,0.263838,0.313821
-0.019074,0.269145,0.296279
-0.018995,0.265130,0.303151
-0.036795,0.263198,0.305852
-0.034676,0.266703,0.304385
-0.039293,0.277375,0.311042
-0.036734,0.260416,0.302675
-0.047003,0.258554,0.305207
-0.048064,0.265116,0.308467
-0.046343,0.267821,0.313467
-0.053903,0.267995,0.311114
-0.053719,0.260954,0.305371
-0.056061,0.273131,0.302402
-0.058660,0.262987,0.312435
-0.068939,0.270162,0.307405
-0.068892,0.275533,0.301059
-0.069808,0.265255,0.311943
-0.089760,0.259208,0.301521
-0.084557,0.266587,0.303321
-0.083745,0.256036,0.305454
-0.079823,0.254643,0.299731
-0.084967,0.252176,0.299333
-0.086556,0.242729,0.299418
-0.097171,0.245749,0.291411
-0.097154,0.246752,0.282676
-0.098590,0.236638,0.289288
-0.097970,0.239202,0.292177
-0.109554,0.232339,0.279584
-0.112873,0.239092,0.292492
-0.116206,0.244084,0.278526
-0.130822,0.229728,0.282767
-0.116886,0.234533,0.276504
-0.124819,0.218169,0.280733
-0.135292,0.228269,0.283409
-0.133732,0.224137,0.274633
-0.133009,0.225601,0.281043
-0.136264,0.222287,0.276816
-0.143516,0.233723,0.271732
-0.141135,0.230545,0.277563
-0.147999,0.209098,0.275458
-0.154158,0.210798,0.271616
-0.148680,0.216934,0.275042
-0.156828,0.214541,0.266714
-0.165862,0.203239,0.272360
-0.159432,0.205061,0.261116
-0.174030,0.192803,0.262940
-0.170468,0.194320,0.251670
-0.170876,0.191826,0.254806
-0.189934,0.188394,0.253803
-0.184178,0.181207,0.241201
-0.192199,0.179347,0.243748
-0.194485,0.162550,0.242495
-0.194180,0.132480,0.217862
-0.194016,0.107273,0.190972
-0.197075,0.090903,0.177128
-0.207804,0.088392,0.172841
-0.209395,0.084873,0.169909
-0.219004,0.075809,0.159636
-0.220786,0.053480,0.150995
-0.228648,0.042323,0.142001
-0.233319,-0.031466,0.093328
0.065746,-0.040056,0.088274
0.062846,-0.025678,0.108668
0.056779,-0.001473,0.116056
0.046865,0.017625,0.131617
0.055736,0.035304,0.145926
0.048817,0.048583,0.154780
0.038991,0.068615,0.172184
0.036688,0.077282,0.172833
0.039665,0.087210,0.178120
0.032654,0.090321,0.187141
0.028626,0.102226,0.185568
0.016991,0.095629,0.200583
0.008623,0.108451,0.196555
0.005921,0.119535,0.204667
0.011757,0.122661,0.202331
0.001702,0.133693,0.213106
0.000614,0.140109,0.226192
-0.011137,0.163049,0.234374
-0.019296,0.238374,0.296173
-0.014951,0.246875,0.302576
-0.024088,0.245430,0.295555
-0.018499,0.243058,0.318154
-0.031825,0.252312,0.303517
-0.027713,0.258257,0.304258
-0.023851,0.261774,0.312449
-0.033427,0.257899,0.310630
-0.044036,0.254334,0.311545
-0.041908,0.261945,0.316096
-0.047964,0.259619,0.307717
-0.046214,0.259619,0.301775
-0.051491,0.259202,0.303980
-0.052428,0.249861,0.299309
-0.061212,0.257122,0.296632
-0.056908,0.260110,0.320097
-0.062836,0.259698,0.315522
-0.059868,0.268072,0.310446
-0.061626,0.266297,0.298909
-0.076094,0.252208,0.299660
-0.080732,0.241862,0.305537
-0.073266,0.246242,0.306903
-0.080279,0.245540,0.303355
-0.090122,0.244984,0.291356
-0.082552,0.234652,0.295564
-0.093463,0.224584,0.295976
-0.088916,0.225612,0.280949
-0.101206,0.223022,0.286016
-0.096387,0.220518,0.280390
-0.106635,0.225639,0.279391
-0.103573,0.235964,0.278081
-0.108506,0.227633,0.285173
-0.117470,0.226837,0.287531
-0.120621,0.226180,0.276527
-0.121679,0.228242,0.278341
-0.122320,0.221437,0.280070
-0.122860,0.221380,0.289954
-0.135489,0.218434,0.274336
-0.137025,0.219357,0.271646
-0.139510,0.211896,0.287109
-0.140882,0.218222,0.275816
-0.143489,0.212279,0.279944
-0.149891,0.210757,0.286352
-0.141677,0.200592,0.271677
-0.149575,0.214479,0.262376
-0.158560,0.199459,0.264364
-0.161673,0.203762,0.271861
-0.161224,0.196845,0.269091
-0.155588,0.198216,0.251490
-0.166181,0.196468,0.256601
-0.171537,0.181983,0.246738
-0.175656,0.176891,0.242852
-0.185337,0.172215,0.240519
-0.188800,0.167448,0.241065
-0.182831,0.137603,0.212821
-0.197353,0.110485,0.195067
-0.199042,0.095858,0.187078
-0.205404,0.088518,0.178995
-0.209696,0.076282,0.171845
-0.209546,0.069722,0.164850
-0.223185,0.063547,0.167710
-0.215582,0.044426,0.145425
-0.228542,0.024539,0.133109
-0.239398,-0.019528,0.101838
0.075588,-0.032183,0.102036
0.060289,-0.014873,0.108709
0.060084,0.008184,0.128214
0.053300,0.019124,0.133359
0.054338,0.036330,0.148956
0.048155,0.048639,0.156640
0.040708,0.053971,0.171404
0.033980,0.076962,0.176830
0.029162,0.084457,0.173510
0.029785,0.089122,0.189313
0.026030,0.089452,0.193643
0.019051,0.101244,0.197835
0.012987,0.102326,0.195179
0.018586,0.118431,0.214213
0.010752,0.121330,0.216485
0.004709,0.126065,0.209720
0.002969,0.140837,0.214996
0.001503,0.151314,0.227342
-0.008323,0.163369,0.242434
-0.012002,0.245552,0.306091
-0.011171,0.237047,0.298876
-0.011723,0.240698,0.300034
-0.027988,0.249335,0.301087
-0.022685,0.239566,0.307362
-0.026648,0.248728,0.302239
-0.032166,0.259262,0.299379
-0.041954,0.248057,0.305936
-0.044563,0.247687,0.303458
-0.044827,0.254758,0.310104
-0.048275,0.252496,0.315776
-0.054477,0.260616,0.316610
-0.062406,0.256569,0.312814
-0.063279,0.252054,0.305732
-0.056028,0.255442,0.317332
-0.065164,0.257371,0.305294
-0.062113,0.258068,0.314601
-0.054489,0.256188,0.310769
-0.072043,0.251632,0.303695
-0.076746,0.240243,0.311261
-0.080033,0.240606,0.311742
-0.085512,0.228630,0.293307
-0.079683,0.219838,0.280976
-0.087879,0.223235,0.284616
-0.092533,0.226797,0.283011
-0.094839,0.218291,0.281325
-0.096592,0.226073,0.298113
-0.104907,0.229545,0.286493
-0.097802,0.220632,0.284106
-0.115577,0.224355,0.278615
-0.106332,0.224277,0.283053
-0.111217,0.227947,0.283553
-0.107910,0.217754,0.274895
-0.123659,0.217591,0.280335
-0.129824,0.227095,0.282608
-0.127176,0.222331,0.274603
-0.130894,0.209432,0.283911
-0.129840,0.226521,0.275053
-0.129782,0.217672,0.282766
-0.141268,0.216237,0.276128
-0.139227,0.223286,0.275117
-0.147270,0.207847,0.272031
-0.153718,0.201590,0.278774
-0.158027,0.199846,0.260670
-0.166010,0.194815,0.269113
-0.154238,0.207503,0.264411
-0.156969,0.187845,0.263481
-0.161553,0.190442,0.265203
-0.184290,0.180828,0.251344
-0.185112,0.175238,0.245731
-0.176902,0.165380,0.248671
-0.182024,0.152700,0.232136
-0.189763,0.132891,0.215812
-0.185008,0.111832,0.205910
-0.197473,0.099295,0.185585
-0.200869,0.092513,0.186477
-0.208291,0.080101,0.188389
-0.213165,0.075483,0.179042
-0.218305,0.057977,0.166625
-0.218420,0.062198,0.169263
-0.213827,0.047048,0.156480
-0.231379,0.029822,0.135012
-0.225731,-0.018062,0.099882
0.064581,-0.027461,0.104523
0.062611,-0.017285,0.118120
0.058194,0.006796,0.125289
0.059215,0.019845,0.142286
0.056299,0.036341,0.151886
0.041062,0.040820,0.147145
0.043179,0.057986,0.167012
0.040262,0.069627,0.177262
0.036715,0.071974,0.190066
0.027618,0.088099,0.201672
0.015016,0.091883,0.194501
0.022016,0.097999,0.196364
0.015219,0.105569,0.202082
0.014186,0.112550,0.204874
0.015566,0.119958,0.208137
-0.000601,0.122136,0.217259
-0.001247,0.131053,0.217741
-0.001193,0.144732,0.239911
-0.010805,0.162365,0.237758
-0.006697,0.162232,0.247729
-0.013596,0.164889,0.256977
-0.020923,0.231932,0.296486
-0.019934,0.241981,0.297281
-0.034167,0.242541,0.302043
-0.019224,0.238540,0.300670
-0.030453,0.253850,0.305177
-0.040234,0.243138,0.310071
-0.040473,0.242419,0.309882
-0.038718,0.247550,0.304885
-0.042229,0.250253,0.296263
-0.053352,0.240866,0.301210
-0.054332,0.246273,0.305799
-0.062210,0.252437,0.302236
-0.051904,0.250160,0.302052
-0.060416,0.237078,0.303151
-0.062487,0.251427,0.300865
-0.077723,0.239890,0.307627
-0.079785,0.242249,0.303058
-0.070771,0.209218,0.277053
-0.082128,0.208614,0.279873
-0.082418,0.211525,0.274021
-0.084388,0.212113,0.279841
-0.093948,0.228719,0.287632
-0.090033,0.222395,0.278704
-0.089436,0.212854,0.278418
-0.100782,0.218776,0.281333
-0.105737,0.215956,0.294668
-0.105179,0.209003,0.294989
-0.120164,0.218185,0.282407
-0.112464,0.217728,0.282287
-0.115848,0.207833,0.280359
-0.114745,0.202910,0.278666
-0.118774,0.212407,0.284608
-0.127931,0.198735,0.282758
-0.118186,0.204580,0.270846
-0.140921,0.206030,0.285125
-0.127219,0.218260,0.273049
-0.135055,0.198408,0.271242
-0.138660,0.197580,0.276761
-0.152860,0.200095,0.272047
-0.146989,0.200723,0.267582
-0.146706,0.190401,0.269936
-0.152861,0.187759,0.268495
-0.155277,0.182766,0.272022
-0.159808,0.185373,0.269262
-0.164217,0.185091,0.262544
-0.172246,0.184810,0.249504
-0.169085,0.176993,0.254702
-0.179672,0.170734,0.243848
-0.177320,0.148955,0.245268
-0.179999,0.136249,0.216049
-0.176780,0.116830,0.205728
-0.191387,0.094032,0.194182
-0.194886,0.093838,0.193449
-0.204603,0.083963,0.177329
-0.208594,0.080158,0.184923
-0.214300,0.069149,0.176901
-0.218866,0.057755,0.171632
-0.213776,0.054664,0.161174
-0.219409,0.028150,0.148796
-0.230444,0.010782,0.134698
-0.219238,-0.026187,0.115579
0.073942,-0.062452,0.086562
0.062645,-0.035318,0.111570
0.065408,-0.020005,0.121838
0.056468,0.004106,0.137261
0.048546,0.028516,0.146485
0.051500,0.035686,0.156218
0.055809,0.045758,0.164175
0.032162,0.060157,0.180537
0.029712,0.063790,0.178540
0.040962,0.076692,0.183806
0.024764,0.091459,0.186426
0.015809,0.091896,0.194067
0.020442,0.091892,0.200253
0.009948,0.094561,0.199556
0.015014,0.108913,0.204095
0.009349,0.108175,0.210589
0.008963,0.116623,0.217894
-0.002498,0.121424,0.223002
-0.000367,0.127688,0.221566
-0.009055,0.135691,0.226475
-0.009373,0.142288,0.245397
-0.014560,0.159049,0.250376
-0.023653,0.168992,0.256318
-0.029367,0.175278,0.257316
-0.028973,0.183681,0.273106
-0.023644,0.184313,0.279387
-0.028490,0.236980,0.307840
-0.034228,0.231598,0.307791
-0.042033,0.241592,0.311350
-0.041128,0.234489,0.290423
-0.050576,0.235783,0.295249
-0.046585,0.238312,0.304460
-0.045027,0.246063,0.297348
-0.057503,0.232974,0.303178
-0.050455,0.247940,0.297088
-0.059835,0.232651,0.307419
-0.068257,0.213516,0.276753
-0.072651,0.208407,0.286167
-0.071681,0.204482,0.288369
-0.076559,0.204338,0.283275
-0.075570,0.218467,0.283929
-0.087484,0.204408,0.274070
-0.085258,0.210451,0.293135
-0.076223,0.205957,0.281161
-0.089061,0.215355,0.281668
-0.103460,0.212850,0.291598
-0.101425,0.197674,0.284788
-0.104107,0.206880,0.285467
-0.101510,0.208787,0.283238
-0.107599,0.204606,0.284212
-0.116986,0.212242,0.280988
-0.111170,0.204610,0.278234
-0.126217,0.202874,0.278805
-0.124704,0.209815,0.282704
-0.122475,0.194053,0.286987
-0.128692,0.203081,0.261571
-0.128058,0.198372,0.276170
-0.141293,0.199996,0.278896
-0.136040,0.191361,0.276097
-0.140116,0.198033,0.273342
-0.142348,0.184735,0.281280
-0.152030,0.180716,0.277488
-0.155468,0.193347,0.266687
-0.167510,0.184495,0.269546
-0.158552,0.187619,0.257391
-0.155544,0.175987,0.256387
-0.171037,0.172214,0.258488
-0.165269,0.171368,0.255572
-0.177401,0.163602,0.247084
-0.179903,0.133331,0.234159
-0.176415,0.135037,0.227045
-0.183139,0.106245,0.206866
-0.191200,0.098504,0.208358
-0.192999,0.088264,0.198170
-0.194127,0.072060,0.192971
-0.201508,0.069940,0.187241
-0.204310,0.057392,0.173649
-0.212801,0.058038,0.182921
-0.212526,0.043068,0.170371
-0.219767,0.042402,0.154075
-0.226056,0.032172,0.152936
-0.227021,-0.005308,0.135208
-0.225431,-0.034020,0.114651
-0.237491,-0.110414,0.071815
0.073006,-0.048360,0.105124
0.069895,-0.023618,0.110546
0.067097,-0.006441,0.133740
0.059747,0.003905,0.132534
0.047100,0.009388,0.137313
0.044734,0.026990,0.156407
0.045446,0.046979,0.173711
0.045646,0.046746,0.168583
0.038643,0.056820,0.178277
0.033124,0.074078,0.189273
0.034322,0.088002,0.194266
0.025828,0.079374,0.203296
0.015306,0.094902,0.204024
0.010890,0.091555,0.207160
0.012503,0.098337,0.201244
0.008469,0.104300,0.215916
0.010101,0.108010,0.215268
0.008646,0.111192,0.222952
0.003895,0.117329,0.220551
-0.007655,0.130139,0.224856
-0.005527,0.137769,0.233401
-0.012733,0.151804,0.235794
-0.013477,0.146790,0.239867
-0.018541,0.164704,0.266836
-0.021049,0.176667,0.253170
-0.023669,0.178362,0.269469
-0.037697,0.181298,0.266868
-0.025730,0.183830,0.266711
-0.039220,0.194567,0.265893
-0.047279,0.187309,0.278499
-0.043123,0.194333,0.269546
-0.056102,0.194870,0.281126
-0.052590,0.195289,0.287129
-0.056207,0.193563,0.279279
-0.069666,0.197876,0.278798
-0.059658,0.200925,0.282819
-0.068130,0.196902,0.280298
-0.064847,0.197398,0.287734
-0.071985,0.202390,0.282705
-0.075344,0.206496,0.276511
-0.085081,0.204089,0.284291
-0.087438,0.205320,0.280458
-0.085101,0.207845,0.284920
-0.087607,0.204244,0.283475
-0.091847,0.202228,0.288391
-0.096684,0.203529,0.277795
-0.097370,0.206647,0.282610
-0.090882,0.202149,0.268363
-0.106444,0.194083,0.290906
-0.108452,0.199464,0.276870
-0.115257,0.197095,0.281881
-0.118130,0.202466,0.280359
-0.123433,0.198375,0.287469
-0.118788,0.199744,0.270412
-0.136376,0.186174,0.278547
-0.124376,0.193950,0.278446
-0.135107,0.186478,0.272262
-0.143595,0.190467,0.269998
-0.143015,0.192883,0.264849
-0.143053,0.189048,0.271908
-0.148905,0.182471,0.277666
-0.148577,0.182909,0.274673
-0.150728,0.176278,0.272091
-0.149349,0.172883,0.272821
-0.156365,0.167298,0.261764
-0.167671,0.171156,0.247328
-0.168845,0.166154,0.249245
-0.167759,0.158076,0.252769
-0.172614,0.138283,0.245196
-0.183403,0.120370,0.237705
-0.189275,0.106505,0.215331
-0.181473,0.089860,0.209459
-0.180835,0.084708,0.186677
-0.188062,0.078538,0.200624
-0.200198,0.069142,0.185681
-0.208338,0.066731,0.189965
-0.208619,0.052018,0.178630
-0.209483,0.045289,0.176486
-0.204063,0.035505,0.161308
-0.219079,0.024376,0.158612
-0.230436,0.006645,0.148141
-0.236053,-0.013324,0.135457
-0.229427,-0.040714,0.096691
-0.241460,-0.087883,0.076484
0.076861,-0.044705,0.112378
0.055937,-0.029740,0.122079
0.061651,-0.019518,0.137130
0.058930,-0.000149,0.143357
0.053364,0.011746,0.145070
0.051305,0.019047,0.159474
0.048074,0.040029,0.159903
0.034007,0.046771,0.183352
0.033687,0.056842,0.185682
0.025456,0.069018,0.184615
0.029210,0.076700,0.194116
0.017729,0.081407,0.194615
0.017389,0.089508,0.196200
0.010541,0.087376,0.207481
0.002720,0.100606,0.213716
0.005070,0.097004,0.205488
0.005674,0.106028,0.219764
0.004281,0.108816,0.221312
0.005881,0.110449,0.228527
-0.011864,0.115033,0.229103
-0.005701,0.127912,0.227311
-0.023010,0.137986,0.239146
-0.018507,0.142385,0.236180
-0.017060,0.147272,0.238508
-0.022028,0.164823,0.251785
-0.026983,0.160824,0.257868
-0.033327,0.166171,0.261493
-0.038980,0.169403,0.264179
-0.036655,0.167208,0.273678
-0.036741,0.181033,0.274035
-0.043491,0.179454,0.278827
-0.050364,0.186562,0.279167
-0.051403,0.185968,0.275095
-0.061737,0.198172,0.271765
-0.059865,0.190578,0.284002
-0.067140,0.196590,0.279389
-0.065988,0.199611,0.289980
-0.069938,0.188747,0.277349
-0.073408,0.186604,0.274935
-0.085144,0.194594,0.288305
-0.085365,0.197775,0.285003
-0.085573,0.185749,0.279694
-0.087227,0.200856,0.272455
-0.087158,0.199115,0.283028
-0.094592,0.194722,0.281759
-0.095332,0.195618,0.281747
-0.094872,0.194057,0.285111
-0.105626,0.198734,0.287558
-0.113289,0.190786,0.276397
-0.108700,0.182764,0.275453
-0.117633,0.187492,0.277308
-0.120547,0.184642,0.286454
-0.116528,0.193378,0.290082
-0.131156,0.186693,0.274416
-0.129951,0.177345,0.277648
-0.125215,0.181205,0.277368
-0.132209,0.176304,0.272528
-0.130187,0.182120,0.267279
-0.139398,0.177752,0.269773
-0.147754,0.173769,0.262530
-0.150585,0.183767,0.265636
-0.150038,0.163260,0.272347
-0.150604,0.162389,0.265884
-0.158778,0.169303,0.269279
-0.155385,0.156557,0.260007
-0.165584,0.154348,0.252884
-0.169071,0.144245,0.245395
-0.174495,0.138241,0.238817
-0.173985,0.120864,0.228978
-0.185065,0.102659,0.210862
-0.175215,0.096115,0.203168
-0.179187,0.076532,0.207625
-0.187297,0.072115,0.197956
-0.189175,0.073225,0.191440
-0.189748,0.065476,0.182894
-0.203625,0.051873,0.180244
-0.213402,0.040410,0.172015
-0.210144,0.036654,0.164950
-0.213961,0.028406,0.164088
-0.220501,0.022590,0.160661
-0.236427,-0.015755,0.139783
-0.230765,-0.014052,0.126969
-0.231350,-0.050334,0.114471
-0.242439,-0.082172,0.080364
0.069287,-0.048121,0.116180
0.068909,-0.035868,0.114631
0.064442,-0.021681,0.134821
0.060145,-0.013106,0.143741
0.058793,0.006022,0.147762
0.056267,0.011089,0.166058
0.047021,0.024685,0.179302
0.042726,0.032484,0.172494
0.039947,0.052884,0.188021
0.034853,0.059555,0.190281
0.026475,0.074725,0.187050
0.021226,0.069604,0.204716
0.028443,0.081294,0.205909
0.025974,0.089345,0.209727
0.016942,0.097597,0.218420
0.009960,0.094471,0.220203
-0.001089,0.107439,0.214942
-0.000546,0.104119,0.211347
-0.004497,0.101509,0.226469
-0.004519,0.111023,0.235232
-0.000488,0.122809,0.223508
-0.011735,0.122471,0.233022
-0.023367,0.137113,0.232069
-0.024376,0.140068,0.252466
-0.024385,0.138435,0.244483
-0.031029,0.147913,0.261136
-0.026190,0.153009,0.252136
-0.031174,0.165554,0.269054
-0.030547,0.167684,0.268562
-0.044431,0.175933,0.273912
-0.050111,0.178485,0.273710
-0.054090,0.175774,0.269186
-0.048971,0.176052,0.269358
-0.054862,0.183536,0.272214
-0.055791,0.185747,0.275072
-0.066339,0.183534,0.286077
-0.066778,0.192021,0.283424
-0.063218,0.196339,0.276271
-0.073734,0.184801,0.281369
-0.075900,0.179573,0.283546
-0.083152,0.184873,0.277814
-0.085989,0.193995,0.289366
-0.090771,0.192581,0.282413
-0.090309,0.184510,0.286481
-0.087231,0.178292,0.287218
-0.093019,0.180286,0.281557
-0.096127,0.179618,0.281869
-0.103521,0.193354,0.279086
-0.105671,0.188132,0.277159
-0.098347,0.175293,0.274552
-0.117090,0.179282,0.274609
-0.118842,0.172594,0.272818
-0.119329,0.176623,0.270353
-0.129252,0.171819,0.273303
-0.122020,0.175373,0.272866
-0.137253,0.185765,0.271721
-0.126648,0.169933,0.274077
-0.132531,0.160427,0.277509
-0.126253,0.161651,0.268296
-0.144661,0.167122,0.260725
-0.143933,0.158728,0.264650
-0.146659,0.161216,0.261099
-0.159077,0.159332,0.252874
-0.169264,0.162349,0.255779
-0.163082,0.137364,0.250514
-0.156074,0.127344,0.243543
-0.163644,0.121009,0.243475
-0.174848,0.106284,0.221605
-0.184076,0.101620,0.225059
-0.182046,0.087382,0.203468
-0.178667,0.087481,0.205336
-0.183062,0.078054,0.208820
-0.186479,0.065457,0.191436
-0.197902,0.062764,0.192575
-0.213191,0.046976,0.183141
-0.211871,0.047375,0.176000
-0.211136,0.037080,0.172709
-0.213511,0.022953,0.171077
-0.216372,0.027610,0.159831
-0.223609,0.008354,0.148437
-0.223569,-0.014420,0.134623
-0.227490,-0.030462,0.133983
-0.241173,-0.044099,0.113618
-0.246720,-0.084988,0.094439
0.078586,-0.084109,0.091413
0.070688,-0.061517,0.113285
0.074952,-0.034467,0.121980
0.062237,-0.027940,0.139046
0.056646,-0.006689,0.145674
0.054900,0.010495,0.157492
0.050380,0.017551,0.162902
0.048867,0.027124,0.171843
0.047581,0.035478,0.183662
0.039494,0.047068,0.184920
0.036543,0.052868,0.193564
0.028454,0.072429,0.194141
0.028149,0.075210,0.208943
0.026620,0.077455,0.200592
0.012659,0.081132,0.216910
0.006415,0.092062,0.213955
0.001968,0.094427,0.217110
0.003530,0.097709,0.217847
-0.007258,0.101767,0.230673
-0.003953,0.100257,0.219471
-0.010569,0.096899,0.229449
-0.001795,0.110053,0.241284
-0.016463,0.110403,0.230834
-0.006528,0.119298,0.235210
-0.017226,0.127092,0.237338
-0.024670,0.130909,0.235871
-0.025637,0.136828,0.255082
-0.027076,0.139680,0.249942
-0.024225,0.164718,0.252326
-0.034012,0.147043,0.265561
-0.052231,0.156601,0.265884
-0.048715,0.167807,0.265891
-0.048875,0.169056,0.261378
-0.055736,0.171312,0.268256
-0.054072,0.170144,0.272980
-0.058638,0.183949,0.278756
-0.053034,0.186259,0.277420
-0.059162,0.182776,0.280025
-0.073073,0.188151,0.282924
-0.074932,0.180518,0.282295
-0.070609,0.179891,0.280001
-0.078305,0.179293,0.275209
-0.085232,0.175082,0.287576
-0.089356,0.175842,0.286407
-0.091049,0.180978,0.286876
-0.089441,0.173850,0.279105
-0.094546,0.182592,0.285380
-0.100196,0.179803,0.280036
-0.103562,0.181476,0.278286
-0.117103,0.169851,0.271012
-0.110039,0.172483,0.271868
-0.114777,0.173793,0.269503
-0.119302,0.167461,0.268638
-0.121591,0.166400,0.264056
-0.125815,0.160472,0.270963
-0.132676,0.165438,0.261742
-0.123622,0.174878,0.273185
-0.129131,0.156226,0.269515
-0.131453,0.154867,0.269760
-0.139399,0.162959,0.267415
-0.140253,0.150695,0.257660
-0.149490,0.156283,0.260031
-0.155678,0.138433,0.249589
-0.151355,0.149908,0.256582
-0.158803,0.135992,0.247812
-0.165665,0.132175,0.248887
-0.162134,0.118370,0.230536
-0.175799,0.102643,0.234670
-0.169943,0.093177,0.222666
-0.182766,0.082558,0.211566
-0.180640,0.072869,0.207878
-0.178831,0.062710,0.200877
-0.188582,0.061619,0.200179
-0.205588,0.059733,0.193651
-0.199322,0.049035,0.183804
-0.198652,0.036086,0.180812
-0.196680,0.043131,0.170271
-0.207687,0.034047,0.178829
-0.210903,0.014876,0.162820
-0.205598,0.014312,0.153659
-0.218924,-0.002811,0.146236
-0.226147,-0.024099,0.133475
-0.226878,-0.037793,0.120647
-0.227784,-0.068707,0.099944
-0.235383,-0.083899,0.084253
0.079496,-0.085351,0.101377
0.070576,-0.054153,0.118699
0.066585,-0.037285,0.125701
0.062255,-0.023078,0.134897
0.061623,-0.013677,0.153817
0.059455,0.001356,0.154549
0.049764,0.013095,0.163724
0.038156,0.024954,0.172685
0.044290,0.024110,0.171389
0.035822,0.039133,0.181203
0.035620,0.051018,0.194596
0.035483,0.063511,0.199079
0.023724,0.065486,0.196939
0.017778,0.069155,0.208121
0.017208,0.075067,0.215563
0.023236,0.081972,0.219191
0.020286,0.074543,0.217323
0.005589,0.085491,0.219833
-0.001219,0.086489,0.224615
0.005230,0.088005,0.227330
-0.012055,0.100749,0.221666
-0.004370,0.100019,0.225685
-0.012633,0.107780,0.228212
-0.006951,0.113375,0.232348
-0.020981,0.110117,0.230686
-0.026544,0.118598,0.241978
-0.019710,0.117925,0.245136
-0.029415,0.134306,0.255806
-0.038335,0.125900,0.258659
-0.037119,0.139058,0.258723
-0.041520,0.153899,0.251922
-0.049391,0.154753,0.257448
-0.044185,0.164997,0.271865
-0.048145,0.163463,0.272173
-0.047967,0.165020,0.265060
-0.060087,0.157999,0.275932
-0.065930,0.161947,0.280080
-0.072941,0.168613,0.272334
-0.076470,0.171336,0.284476
-0.076837,0.176697,0.286433
-0.079067,0.176880,0.278123
-0.081581,0.169184,0.281784
-0.082412,0.166926,0.291845
-0.084084,0.175163,0.278559
-0.081931,0.176920,0.287001
-0.097497,0.170828,0.279534
-0.094635,0.166095,0.268438
-0.098511,0.165839,0.278777
-0.102563,0.167143,0.275612
-0.103060,0.163885,0.269146
-0.103815,0.169205,0.278511
-0.121020,0.166404,0.277522
-0.116156,0.171011,0.276806
-0.113448,0.153872,0.269101
-0.127773,0.162156,0.265293
-0.121965,0.159691,0.275689
-0.126493,0.164287,0.267147
-0.133020,0.149707,0.261498
-0.133959,0.153148,0.261191
-0.144894,0.142769,0.263606
-0.143044,0.136388,0.267896
-0.151946,0.142823,0.262835
-0.148342,0.138610,0.251794
-0.153937,0.125703,0.254942
-0.159658,0.124165,0.238881
-0.161332,0.112256,0.235424
-0.152979,0.098309,0.229493
-0.175006,0.087267,0.219426
-0.169125,0.078291,0.210564
-0.173516,0.071737,0.211047
-0.181514,0.066561,0.195187
-0.175485,0.058399,0.194065
-0.196536,0.049987,0.188468
-0.187739,0.043953,0.181835
-0.205133,0.034788,0.179541
-0.192405,0.030019,0.174807
-0.198985,0.025816,0.184087
-0.206457,0.013630,0.171862
-0.209983,0.012998,0.156136
-0.219356,-0.001298,0.149041
-0.220348,-0.010804,0.142220
-0.221213,-0.037634,0.126940
-0.232096,-0.050536,0.116224
-0.236971,-0.068320,0.117983
-0.244605,-0.099089,0.083564
0.069415,-0.070611,0.115299
0.067661,-0.064394,0.124303
0.061532,-0.049731,0.132028
0.073335,-0.028446,0.144303
0.056542,-0.017917,0.154268
0.055850,-0.010033,0.147937
0.048232,0.002537,0.170775
0.038323,0.018003,0.175917
0.043126,0.021348,0.184062
0.031655,0.036800,0.182202
0.036508,0.035964,0.185282
0.025208,0.059426,0.199979
0.022696,0.055816,0.204799
0.027249,0.063828,0.199950
0.011385,0.068964,0.209833
0.017078,0.076688,0.214154
0.015491,0.070515,0.208160
0.012255,0.082976,0.227752
-0.003228,0.083781,0.230722
-0.009365,0.085149,0.221252
-0.012463,0.086823,0.226238
-0.016769,0.090978,0.226513
-0.002178,0.095560,0.229741
-0.022179,0.098150,0.245022
-0.021896,0.102376,0.231340
-0.017464,0.102858,0.237422
-0.026797,0.110015,0.240282
-0.026593,0.117387,0.245984
-0.032428,0.120773,0.245458
-0.033609,0.128205,0.238674
-0.040926,0.130242,0.252191
-0.040807,0.132543,0.252320
-0.046624,0.142682,0.266271
-0.049379,0.144899,0.264049
-0.049145,0.160331,0.267950
-0.059192,0.156051,0.274956
-0.063370,0.164558,0.271561
-0.071613,0.163937,0.285087
-0.068776,0.163601,0.277895
-0.072865,0.150862,0.274418
-0.076986,0.161605,0.273392
-0.072957,0.154234,0.281911
-0.081735,0.156334,0.280910
-0.081247,0.171769,0.284613
-0.090671,0.156479,0.272817
-0.095116,0.158134,0.267215
-0.090128,0.152626,0.272112
-0.102802,0.155247,0.268025
-0.106034,0.160091,0.272753
-0.101950,0.150138,0.282793
-0.114258,0.157157,0.271225
-0.113855,0.149998,0.269334
-0.120570,0.152962,0.268691
-0.120353,0.148234,0.265739
-0.126479,0.151608,0.271507
-0.133767,0.151014,0.271094
-0.130640,0.146881,0.261777
-0.133170,0.137783,0.266545
-0.135054,0.139131,0.262500
-0.133273,0.126710,0.259049
-0.141785,0.133204,0.252758
-0.147163,0.125631,0.248348
-0.149733,0.120852,0.246002
-0.153213,0.114382,0.241408
-0.153938,0.118160,0.239394
-0.162507,0.100335,0.217090
-0.160948,0.091915,0.228884
-0.169193,0.078668,0.216041
-0.171473,0.073475,0.218080
-0.166418,0.066486,0.200253
-0.177608,0.039957,0.190274
-0.192195,0.049068,0.205947
-0.182795,0.036993,0.190267
-0.198633,0.031279,0.179961
-0.190496,0.022662,0.175553
-0.203778,0.026371,0.168624
-0.204703,0.011606,0.167464
-0.207602,0.006005,0.174116
-0.213763,-0.005819,0.148237
-0.219314,-0.019933,0.142093
-0.217093,-0.026149,0.136404
-0.222490,-0.051750,0.128028
-0.231225,-0.054244,0.114088
-0.236568,-0.083327,0.104839
-0.239325,-0.102755,0.080946
0.077214,-0.077731,0.111819
0.067991,-0.060398,0.124027
0.073628,-0.044617,0.134978
0.062479,-0.029643,0.147327
0.059612,-0.023284,0.155480
0.056157,-0.017639,0.162300
0.057022,0.000008,0.164127
0.044779,0.010439,0.164270
0.049014,0.020692,0.173950
0.034404,0.021287,0.182082
0.033193,0.039394,0.203132
0.032946,0.045855,0.194446
0.023293,0.055203,0.207281
0.020576,0.052445,0.205619
0.007680,0.066351,0.222122
0.018150,0.070306,0.217650
0.009617,0.071384,0.214316
0.004054,0.072227,0.221732
-0.011189,0.076448,0.225365
-0.002004,0.086434,0.223664
-0.007418,0.076057,0.222584
-0.009984,0.088583,0.231043
-0.010543,0.081526,0.222936
-0.014479,0.089549,0.227948
-0.019540,0.093277,0.233576
-0.021576,0.098305,0.232626
-0.025324,0.097812,0.231111
-0.036280,0.105161,0.245384
-0.035309,0.114779,0.241453
-0.032991,0.118631,0.241683
-0.044843,0.120798,0.248841
-0.041340,0.120169,0.254243
-0.051247,0.128997,0.258368
-0.050665,0.131755,0.262195
-0.052242,0.150597,0.271083
-0.060459,0.139132,0.265963
-0.060480,0.137323,0.268819
-0.064065,0.145626,0.276535
-0.073192,0.148954,0.275436
-0.075841,0.146607,0.272836
-0.071307,0.150304,0.263762
-0.082872,0.150615,0.270514
-0.076904,0.152569,0.278250
-0.076105,0.145983,0.269757
-0.090961,0.154436,0.267912
-0.088122,0.147231,0.268773
-0.103054,0.144444,0.267774
-0.115016,0.150695,0.269951
-0.097364,0.156014,0.266404
-0.099958,0.141097,0.263003
-0.108285,0.154208,0.269677
-0.110075,0.140770,0.271034
-0.118320,0.137276,0.270994
-0.117863,0.143868,0.267043
-0.129369,0.133499,0.266228
-0.124146,0.143981,0.262668
-0.125744,0.127106,0.259060
-0.143302,0.127245,0.259821
-0.140790,0.122501,0.253145
-0.146187,0.121847,0.259479
-0.141822,0.114895,0.255562
-0.149487,0.110871,0.250062
-0.159845,0.107103,0.248971
-0.164129,0.091542,0.237429
-0.157375,0.088565,0.224362
-0.159502,0.085114,0.230385
-0.156345,0.073004,0.221018
-0.167700,0.071716,0.206392
-0.173404,0.060754,0.209593
-0.185323,0.049456,0.198432
-0.176236,0.043408,0.191371
-0.176760,0.026096,0.188354
-0.193497,0.026563,0.188897
-0.191154,0.009306,0.178903
-0.196674,0.011371,0.176663
-0.202486,-0.000177,0.155949
-0.211842,-0.001590,0.172878
-0.213891,-0.012305,0.154231
-0.217621,-0.029104,0.152159
-0.225334,-0.034479,0.130190
-0.219912,-0.041760,0.136515
-0.226509,-0.059854,0.119523
-0.234744,-0.069152,0.114186
-0.233672,-0.090633,0.102145
-0.249653,-0.116832,0.086509
0.086055,-0.075218,0.114590
0.074600,-0.063084,0.126120
0.062021,-0.046475,0.135471
0.063367,-0.042453,0.141522
0.052036,-0.019891,0.146770
0.057210,-0.012831,0.157054
0.054216,0.004878,0.155814
0.043170,-0.002340,0.175456
0.038603,0.012765,0.170686
0.039305,0.016691,0.188743
0.028147,0.033170,0.188330
0.023369,0.041429,0.194782
0.029901,0.051292,0.204841
0.021026,0.051042,0.207991
0.023412,0.050031,0.207489
0.014027,0.060829,0.222857
0.008614,0.059312,0.206388
0.006428,0.069666,0.223687
0.004087,0.069655,0.214726
0.005986,0.070631,0.218101
0.000822,0.068409,0.232151
-0.000651,0.075251,0.225298
-0.010041,0.082226,0.233616
-0.015896,0.076374,0.230599
-0.019794,0.087897,0.236528
-0.018659,0.079206,0.235674
-0.019566,0.095456,0.247698
-0.031322,0.090718,0.247385
-0.031998,0.106109,0.244373
-0.035043,0.094285,0.246859
-0.042764,0.095384,0.242623
-0.030111,0.108803,0.246558
-0.057829,0.111510,0.253690
-0.051323,0.127247,0.260704
-0.052135,0.120533,0.251392
-0.057438,0.121012,0.262920
-0.064379,0.133832,0.261208
-0.062309,0.127308,0.265449
-0.068080,0.131145,0.257345
-0.076184,0.129142,0.257741
-0.079055,0.137296,0.261245
-0.074790,0.143498,0.272208
-0.081936,0.133744,0.265942
-0.080739,0.133789,0.266230
-0.089695,0.141823,0.276839
-0.101199,0.142159,0.262706
-0.091483,0.140967,0.271006
-0.104955,0.135658,0.268873
-0.097571,0.135992,0.271466
-0.099526,0.135982,0.268684
-0.107216,0.129999,0.263969
-0.117954,0.128831,0.266869
-0.112786,0.130312,0.256899
-0.122178,0.126672,0.249800
-0.114817,0.125679,0.251433
-0.131666,0.125989,0.258951
-0.133281,0.121050,0.263228
-0.128772,0.115865,0.254798
-0.135417,0.113717,0.250977
-0.148392,0.109431,0.252167
-0.149507,0.102652,0.247943
-0.152804,0.101824,0.245411
-0.151031,0.101100,0.234232
-0.157347,0.091698,0.231586
-0.162600,0.080029,0.228678
-0.155825,0.079112,0.208882
-0.168287,0.063499,0.215063
-0.175614,0.059527,0.207243
-0.175562,0.041272,0.196009
-0.179869,0.027576,0.185125
-0.189267,0.025450,0.182961
-0.188628,0.017558,0.183108
-0.187212,0.005829,0.180653
-0.183632,0.000114,0.173433
-0.195781,-0.002280,0.160117
-0.203956,-0.022192,0.160193
-0.199775,-0.024126,0.161399
-0.214827,-0.030706,0.150496
-0.215280,-0.038166,0.145026
-0.215450,-0.049316,0.136666
-0.225671,-0.058172,0.134170
-0.224796,-0.068924,0.109945
-0.239940,-0.085190,0.111872
-0.240259,-0.103730,0.107579
0.080879,-0.081820,0.122427
0.074682,-0.066758,0.128313
0.069803,-0.053705,0.138555
0.061214,-0.042475,0.150987
0.059176,-0.031357,0.159687
0.060729,-0.028663,0.157318
0.045592,-0.004364,0.159847
0.046717,-0.003222,0.169343
0.048628,0.000137,0.172191
0.049849,0.018475,0.188435
0.038063,0.028403,0.193447
0.029291,0.035562,0.203206
0.022498,0.046755,0.204686
0.010407,0.049401,0.207251
0.020358,0.058301,0.207927
0.014777,0.052115,0.207946
0.007712,0.054056,0.217348
0.011423,0.064523,0.216435
-0.002725,0.054009,0.217711
0.007820,0.063868,0.225159
-0.001214,0.069298,0.226330
-0.014890,0.070904,0.230576
-0.009058,0.078078,0.226166
-0.012996,0.078819,0.225380
-0.030033,0.077340,0.230245
-0.025530,0.083239,0.238818
-0.028666,0.082705,0.233217
-0.023048,0.086396,0.229639
-0.038041,0.083245,0.233045
-0.039356,0.086006,0.244117
-0.044988,0.091321,0.237090
-0.044786,0.098202,0.249915
-0.049766,0.102036,0.253277
-0.053317,0.102045,0.246053
-0.050382,0.103078,0.250181
-0.060440,0.098288,0.244007
-0.061043,0.108082,0.258277
-0.055827,0.112826,0.253878
-0.064210,0.115546,0.264167
-0.075770,0.122794,0.267702
-0.077380,0.125293,0.263975
-0.075255,0.119367,0.267224
-0.092042,0.121620,0.265908
-0.075975,0.131875,0.265962
-0.089353,0.123563,0.269106
-0.090867,0.133161,0.255238
-0.103529,0.136103,0.263639
-0.102715,0.125703,0.259857
-0.104947,0.124476,0.249056
-0.109727,0.119339,0.271336
-0.105416,0.123432,0.259311
-0.112810,0.123742,0.261731
-0.118096,0.121097,0.261146
-0.114536,0.112838,0.266659
-0.116014,0.109871,0.254682
-0.130598,0.111489,0.249851
-0.130477,0.113039,0.252437
-0.130010,0.103288,0.249506
-0.140855,0.106253,0.245685
-0.142754,0.098580,0.241781
-0.150399,0.082978,0.243333
-0.154097,0.090213,0.236061
-0.153060,0.085659,0.230217
-0.144236,0.074554,0.223598
-0.153034,0.070914,0.224718
-0.167557,0.062218,0.220479
-0.168380,0.060173,0.217283
-0.170784,0.037640,0.202021
-0.174200,0.021316,0.190119
-0.186659,0.010544,0.190398
-0.186969,0.009416,0.178494
-0.189700,-0.004034,0.168858
-0.199488,-0.004845,0.157985
-0.199048,-0.017977,0.165486
-0.188413,-0.019622,0.153988
-0.200932,-0.028578,0.158397
-0.213687,-0.025747,0.152390
-0.212610,-0.045269,0.139527
-0.223202,-0.048878,0.143115
-0.217814,-0.059838,0.137184
-0.215801,-0.067734,0.133540
-0.222407,-0.067616,0.125998
-0.229686,-0.088142,0.123175
-0.246869,-0.119314,0.096731
0.078757,-0.081925,0.105286
0.064440,-0.071418,0.129448
0.082676,-0.055172,0.132265
0.057704,-0.047405,0.147351
0.064115,-0.037682,0.150537
0.051335,-0.020210,0.157192
0.052041,-0.021616,0.169573
0.046139,-0.020890,0.173713
0.042875,0.005941,0.185040
0.044522,0.012899,0.185878
0.029607,0.014197,0.186567
0.040531,0.020833,0.197529
0.023459,0.028470,0.209510
0.028979,0.030791,0.201336
0.019442,0.050905,0.214436
0.018342,0.043391,0.210643
0.010655,0.048467,0.220268
0.001874,0.059757,0.214413
0.003694,0.057776,0.223639
0.001065,0.051898,0.220056
0.001159,0.059527,0.226446
-0.011970,0.061666,0.225774
-0.011757,0.064478,0.236171
-0.017917,0.073510,0.219395
-0.016205,0.075320,0.229113
-0.022367,0.068536,0.228047
-0.015265,0.071850,0.229223
-0.030377,0.075330,0.233656
-0.032842,0.085920,0.231148
-0.036746,0.083512,0.241237
-0.032131,0.092489,0.245029
-0.045215,0.076856,0.239369
-0.042442,0.094680,0.246480
-0.045342,0.092973,0.245591
-0.060182,0.102100,0.250005
-0.059114,0.102560,0.262781
-0.065459,0.102678,0.250674
-0.065610,0.102649,0.252212
-0.072323,0.103528,0.258909
-0.065971,0.109485,0.254727
-0.080065,0.105817,0.260583
-0.070087,0.113029,0.261221
-0.076704,0.114899,0.257349
-0.081462,0.110193,0.265088
-0.094759,0.120717,0.263250
-0.088060,0.125712,0.259678
-0.101572,0.113342,0.256417
-0.090029,0.117292,0.260261
-0.103323,0.119007,0.253463
-0.110400,0.109600,0.252353
-0.109501,0.111180,0.255992
-0.108341,0.110408,0.264175
-0.122185,0.111591,0.253283
-0.122689,0.103905,0.255959
-0.121890,0.103817,0.243007
-0.128437,0.101874,0.254411
-0.128856,0.095050,0.250203
-0.134744,0.087196,0.240372
-0.144370,0.091668,0.238640
-0.139226,0.072754,0.240738
-0.146418,0.095672,0.244297
-0.148872,0.071969,0.229970
-0.155470,0.078007,0.224617
-0.154404,0.071235,0.227300
-0.160661,0.061849,0.219441
-0.162022,0.043926,0.219023
-0.170360,0.026777,0.210857
-0.170833,0.014570,0.188516
-0.172287,-0.001004,0.179522
-0.180969,-0.017549,0.171766
-0.184091,-0.012204,0.164752
-0.194096,-0.022367,0.162853
-0.189710,-0.024144,0.155193
-0.182766,-0.042064,0.151566
-0.195791,-0.040350,0.154676
-0.205991,-0.035114,0.140338
-0.208150,-0.044104,0.146004
-0.208098,-0.051379,0.137583
-0.220748,-0.059820,0.148111
-0.220782,-0.063221,0.138585
-0.222006,-0.073188,0.123129
-0.232331,-0.081781,0.120986
-0.228255,-0.097240,0.116287
-0.236631,-0.132059,0.092071
0.086474,-0.094391,0.122548
0.067623,-0.071797,0.131324
0.070017,-0.064131,0.144964
0.047600,-0.050256,0.157203
0.060329,-0.044684,0.152832
0.060623,-0.034390,0.167247
0.049057,-0.022641,0.173590
0.049887,-0.018942,0.174523
0.047214,-0.010142,0.174966
0.037039,0.003683,0.179342
0.026647,0.001337,0.187868
0.031982,0.015924,0.188150
0.028478,0.028597,0.194989
0.024396,0.040850,0.204068
0.021172,0.037726,0.204680
0.014167,0.043942,0.208253
0.014483,0.040041,0.214906
0.012676,0.051665,0.221754
0.006637,0.053485,0.216751
-0.004976,0.051010,0.218832
0.004280,0.054253,0.213399
-0.015082,0.057301,0.226598
-0.005421,0.049934,0.220368
-0.020609,0.071768,0.222903
-0.018096,0.053491,0.232883
-0.007144,0.059105,0.227679
-0.026846,0.063308,0.229886
-0.021331,0.068491,0.230129
-0.035514,0.065756,0.239856
-0.040638,0.070845,0.235431
-0.045640,0.070661,0.234655
-0.041319,0.081041,0.241611
-0.060477,0.077559,0.243134
-0.044648,0.078872,0.239281
-0.053870,0.084469,0.239827
-0.059249,0.082263,0.249093
-0.056110,0.088674,0.256558
-0.063390,0.092701,0.248667
-0.074027,0.095457,0.245446
-0.064219,0.102738,0.251375
-0.069888,0.098288,0.256315
-0.061293,0.103091,0.255781
-0.093257,0.100319,0.244198
-0.090246,0.101792,0.256889
-0.091883,0.111806,0.262273
-0.092626,0.101352,0.255812
-0.092232,0.103665,0.256854
-0.096099,0.099290,0.269958
-0.099702,0.097122,0.256581
-0.097041,0.092332,0.255210
-0.103335,0.088505,0.252135
-0.103715,0.094099,0.253807
-0.118331,0.089369,0.240441
-0.125565,0.089999,0.246851
-0.119059,0.092636,0.242256
-0.130922,0.084807,0.244532
-0.137930,0.084887,0.241696
-0.137660,0.074773,0.246110
-0.130821,0.079191,0.235897
-0.143046,0.073230,0.239712
-0.151000,0.080149,0.234189
-0.148236,0.062720,0.229298
-0.147477,0.064409,0.232326
-0.155013,0.052333,0.227893
-0.157557,0.047967,0.214108
-0.161715,0.014910,0.207511
-0.171361,-0.003529,0.191153
-0.176813,-0.016664,0.166121
-0.184238,-0.027500,0.178728
-0.179578,-0.020400,0.159856
-0.185029,-0.036579,0.162239
-0.192355,-0.030444,0.162719
-0.194167,-0.036425,0.145907
-0.195998,-0.054109,0.154432
-0.194864,-0.059207,0.149008
-0.201810,-0.064862,0.134925
-0.215984,-0.057453,0.149617
-0.216759,-0.055691,0.141488
-0.212728,-0.069980,0.137689
-0.220776,-0.071597,0.140409
-0.220129,-0.089291,0.121834
-0.232601,-0.093042,0.126403
-0.240840,-0.113165,0.111510
0.076694,-0.108283,0.125912
0.081475,-0.087598,0.138639
0.068449,-0.081737,0.135474
0.065188,-0.060071,0.148465
0.056686,-0.050904,0.147110
0.064853,-0.036678,0.158915
0.048535,-0.032691,0.180321
0.038267,-0.014121,0.167028
0.044356,-0.017190,0.174621
0.045838,-0.007446,0.186184
0.035843,0.002077,0.185061
0.027839,0.002715,0.191427
0.032156,0.012647,0.201599
0.013915,0.024429,0.206320
0.023463,0.027264,0.215703
0.014454,0.029344,0.218526
0.013857,0.035149,0.217991
0.003525,0.041733,0.215977
0.005817,0.034522,0.223776
0.001099,0.034107,0.218404
0.001866,0.040283,0.219930
-0.012503,0.044124,0.224674
-0.009463,0.058021,0.218984
-0.020064,0.048127,0.234050
-0.022998,0.060531,0.229381
-0.023380,0.052256,0.240161
-0.022677,0.059945,0.230029
-0.020252,0.054257,0.220806
-0.035897,0.057284,0.218748
-0.042282,0.066087,0.222531
-0.035893,0.069640,0.241960
-0.039003,0.061319,0.230021
-0.056295,0.064312,0.234057
-0.049597,0.075986,0.235188
-0.050715,0.074819,0.252728
-0.057702,0.080663,0.238021
-0.060907,0.077604,0.252304
-0.061295,0.087812,0.247191
-0.081813,0.086536,0.255608
-0.072462,0.084811,0.251845
-0.070433,0.077221,0.247046
-0.081044,0.091514,0.257542
-0.070550,0.093958,0.244765
-0.086741,0.091977,0.258664
-0.090493,0.094545,0.249217
-0.089929,0.081051,0.254475
-0.093480,0.086336,0.249616
-0.096748,0.091578,0.253902
-0.105066,0.095395,0.247958
-0.104615,0.080033,0.248627
-0.115261,0.079344,0.240373
-0.110062,0.070082,0.237243
-0.117617,0.075859,0.236212
-0.124180,0.074301,0.238488
-0.134515,0.065515,0.241636
-0.120215,0.068376,0.242066
-0.124477,0.079467,0.237214
-0.130519,0.067293,0.234320
-0.134228,0.070354,0.234851
-0.136910,0.061853,0.226449
-0.136791,0.054701,0.223493
-0.156471,0.061880,0.218037
-0.150481,0.031805,0.219584
-0.156023,0.025256,0.215595
-0.159981,0.014651,0.198463
-0.173737,-0.021663,0.180602
-0.170502,-0.035861,0.175350
-0.173600,-0.042332,0.166366
-0.177545,-0.041352,0.156672
-0.186778,-0.041481,0.163704
-0.189813,-0.058985,0.164045
-0.183033,-0.049458,0.149436
-0.195065,-0.057808,0.138517
-0.195494,-0.055333,0.158737
-0.200531,-0.064898,0.155591
-0.214275,-0.058379,0.143099
-0.205716,-0.062940,0.151488
-0.213451,-0.071251,0.142291
-0.209040,-0.080100,0.143265
-0.222869,-0.079382,0.130440
-0.220500,-0.096276,0.133777
-0.236274,-0.099962,0.114217
-0.234768,-0.122703,0.103548
0.082499,-0.098393,0.136558
0.070100,-0.096699,0.136341
0.070300,-0.073010,0.137852
0.060193,-0.072646,0.146809
0.058818,-0.057387,0.162248
0.054676,-0.042908,0.156576
0.053759,-0.050808,0.167599
0.045808,-0.023923,0.172108
0.046838,-0.023095,0.179507
0.040839,-0.016729,0.187736
0.036888,-0.007686,0.194499
0.028719,-0.004319,0.198974
0.036988,0.007492,0.199764
0.023027,0.004679,0.203495
0.019061,0.016469,0.204094
0.015284,0.017715,0.205842
0.006974,0.028739,0.211513
0.010054,0.028491,0.214055
0.007198,0.021820,0.214275
0.006118,0.036067,0.221841
-0.002675,0.030947,0.217600
-0.008313,0.031980,0.204594
-0.005142,0.035717,0.215088
-0.006686,0.043181,0.220658
-0.015949,0.040699,0.220794
-0.017061,0.040853,0.221813
-0.018440,0.046601,0.221955
-0.027833,0.038568,0.229397
-0.036142,0.043132,0.231795
-0.034498,0.052176,0.232032
-0.043593,0.048246,0.227401
-0.047114,0.064518,0.228768
-0.051556,0.060641,0.239646
-0.051896,0.065014,0.236159
-0.051758,0.062886,0.240894
-0.055047,0.069303,0.239569
-0.056020,0.072438,0.250280
-0.059577,0.067895,0.249735
-0.071892,0.071202,0.248233
-0.066043,0.071134,0.249458
-0.069409,0.076621,0.250427
-0.073456,0.072642,0.248296
-0.077240,0.084782,0.251010
-0.089380,0.085525,0.254226
-0.088029,0.075088,0.252373
-0.092874,0.077764,0.248564
-0.094252,0.079797,0.252396
-0.109989,0.074685,0.240604
-0.099587,0.072181,0.238169
-0.105682,0.066310,0.241555
-0.111396,0.066241,0.235057
-0.118056,0.053432,0.236186
-0.116872,0.066063,0.235042
-0.117388,0.063395,0.233398
-0.115304,0.061567,0.237157
-0.130509,0.061626,0.235860
-0.129821,0.054842,0.232662
-0.134127,0.059301,0.231176
-0.135422,0.050015,0.231108
-0.141336,0.051919,0.226655
-0.143387,0.038674,0.222505
-0.149867,0.032774,0.216248
-0.157185,0.021596,0.214218
-0.161106,-0.008587,0.193688
-0.160192,-0.028601,0.177882
-0.165365,-0.049395,0.162259
-0.169283,-0.050563,0.154765
-0.179978,-0.055417,0.168519
-0.179513,-0.048353,0.160831
-0.193328,-0.062813,0.151939
-0.175347,-0.075950,0.147543
-0.203185,-0.066840,0.147918
-0.196810,-0.070753,0.145199
-0.203290,-0.057312,0.147357
-0.207231,-0.072534,0.153453
-0.208521,-0.076377,0.146126
-0.212990,-0.079300,0.141979
-0.215263,-0.079286,0.137202
-0.215462,-0.083293,0.133947
-0.222830,-0.103119,0.135318
-0.220729,-0.099340,0.121978
-0.232127,-0.118062,0.112727
0.080113,-0.113612,0.129883
0.071438,-0.095878,0.139679
0.071564,-0.080942,0.140637
0.061882,-0.069000,0.149896
0.065011,-0.057602,0.162153
0.061504,-0.046636,0.168059
0.053487,-0.052292,0.169459
0.048871,-0.040008,0.170058
0.040088,-0.022155,0.178997
0.045184,-0.021812,0.196356
0.033951,-0.012568,0.186142
0.027696,-0.012068,0.201368
0.025256,0.006737,0.199837
0.026373,-0.003287,0.198017
0.007762,0.008155,0.196084
0.022305,0.002457,0.217895
0.016693,0.010098,0.215007
0.009690,0.013839,0.211314
0.015552,0.022084,0.219972
0.003857,0.020070,0.224091
0.008708,0.031341,0.208821
-0.005390,0.022278,0.226026
-0.007719,0.024829,0.220967
-0.026698,0.026499,0.222062
-0.013631,0.031551,0.225968
-0.019554,0.026254,0.226189
-0.023881,0.028424,0.230213
-0.023943,0.027505,0.223833
-0.026564,0.042763,0.215980
-0.029692,0.044189,0.220760
-0.032400,0.043150,0.232392
-0.039505,0.038070,0.232333
-0.039117,0.049037,0.225802
-0.044589,0.046197,0.237386
-0.046841,0.059768,0.237221
-0.056058,0.064210,0.243010
-0.056211,0.049924,0.243348
-0.064961,0.068851,0.242061
-0.066985,0.068381,0.246617
-0.064165,0.067889,0.248045
-0.079636,0.060634,0.241808
-0.074932,0.061527,0.244622
-0.081547,0.062940,0.261557
-0.078108,0.069969,0.256839
-0.090219,0.069869,0.247536
-0.096455,0.062929,0.245449
-0.105401,0.063969,0.244128
-0.107791,0.061611,0.247367
-0.106209,0.052023,0.239435
-0.099879,0.052066,0.237971
-0.111785,0.051635,0.229568
-0.105905,0.048784,0.240862
-0.111921,0.044605,0.225377
-0.119305,0.045189,0.229911
-0.114197,0.043747,0.231440
-0.129270,0.047235,0.222605
-0.132452,0.040919,0.226943
-0.143967,0.045547,0.227640
-0.138265,0.043002,0.226581
-0.137746,0.030027,0.223702
-0.141708,0.017100,0.217385
-0.147708,0.007843,0.206544
-0.161014,-0.029406,0.179089
-0.165434,-0.040875,0.169765
-0.152458,-0.049737,0.164591
-0.167506,-0.053067,0.163553
-0.166178,-0.058924,0.160745
-0.185580,-0.064934,0.150374
-0.175533,-0.061184,0.154988
-0.188745,-0.082871,0.147478
-0.188749,-0.074955,0.148991
-0.187665,-0.065969,0.143876
-0.199066,-0.071911,0.137046
-0.194186,-0.094937,0.146845
-0.191375,-0.083316,0.136272
-0.210092,-0.085728,0.137301
-0.203917,-0.092500,0.138102
-0.217089,-0.092501,0.144663
-0.214012,-0.100483,0.134616
-0.211265,-0.116679,0.121018
-0.220671,-0.114394,0.126066
-0.238077,-0.127528,0.109723
0.079920,-0.106838,0.121646
0.071495,-0.100803,0.127084
0.075067,-0.091850,0.141627
0.065741,-0.081161,0.145270
0.056352,-0.063741,0.155981
0.052786,-0.056618,0.161768
0.051873,-0.051849,0.167432
0.048211,-0.040832,0.169899
0.042405,-0.032977,0.184141
0.032307,-0.028449,0.180259
0.044334,-0.027575,0.192922
0.034569,-0.018707,0.191968
0.032086,-0.009908,0.194238
0.026112,-0.002041,0.196386
0.014619,0.005281,0.202233
0.024900,-0.000823,0.203496
0.011185,0.005466,0.201191
0.011580,0.013905,0.208005
0.005028,0.013492,0.210970
0.004775,0.011634,0.211600
-0.006365,0.009625,0.223627
-0.013020,0.014156,0.215076
-0.017196,0.019114,0.215867
-0.011150,0.007240,0.216682
-0.022302,0.016828,0.225580
-0.017079,0.013390,0.227428
-0.024280,0.012611,0.215211
-0.027941,0.028109,0.219710
-0.029617,0.022156,0.218596
-0.032231,0.024904,0.209899
-0.041705,0.024267,0.217933
-0.044974,0.035379,0.222946
-0.049276,0.024882,0.230449
-0.047330,0.035613,0.232961
-0.046976,0.041147,0.238500
-0.052102,0.044077,0.236966
-0.062587,0.047969,0.246444
-0.072454,0.050490,0.238103
-0.072451,0.046570,0.248751
-0.071182,0.057005,0.244139
-0.079116,0.053675,0.235428
-0.075462,0.053972,0.239262
-0.086153,0.065379,0.239939
-0.085650,0.054230,0.232549
-0.087166,0.051055,0.231627
-0.094180,0.042938,0.246412
-0.107106,0.051849,0.231455
-0.102423,0.049795,0.240174
-0.096503,0.036729,0.249695
-0.107948,0.038015,0.237659
-0.107723,0.033256,0.231590
-0.114736,0.039733,0.231967
-0.109511,0.038371,0.235611
-0.122836,0.045799,0.226105
-0.120106,0.024414,0.226806
-0.127237,0.038143,0.220913
-0.122928,0.037340,0.229705
-0.131096,0.030823,0.224623
-0.146304,0.026533,0.222197
-0.143300,0.011114,0.216504
-0.139112,-0.030195,0.179842
-0.153969,-0.044537,0.165033
-0.157341,-0.063929,0.167496
-0.163883,-0.071602,0.155154
-0.160042,-0.075135,0.153207
-0.167917,-0.078519,0.156824
-0.161028,-0.072347,0.148827
-0.170420,-0.086465,0.144693
-0.176909,-0.076171,0.136915
-0.178636,-0.080074,0.140650
-0.192367,-0.090156,0.141250
-0.195346,-0.086427,0.143737
-0.193436,-0.091366,0.145932
-0.202193,-0.085567,0.136636
-0.195964,-0.097199,0.142737
-0.207166,-0.088483,0.150091
-0.211345,-0.105377,0.143496
-0.212797,-0.109302,0.130574
-0.215788,-0.117046,0.131766
-0.214568,-0.118109,0.124485
-0.227466,-0.124694,0.121276
0.081724,-0.111781,0.126597
0.072283,-0.106142,0.128832
0.067262,-0.091190,0.143182
0.066108,-0.085829,0.143525
0.059303,-0.073261,0.158399
0.053262,-0.059051,0.155617
0.055406,-0.062867,0.168449
0.048350,-0.052916,0.172449
0.044543,-0.044661,0.176668
0.041961,-0.038783,0.183379
0.032706,-0.041158,0.189605
0.024699,-0.026647,0.191749
0.034163,-0.016907,0.192424
0.030844,-0.020942,0.202415
0.014293,-0.009011,0.200741
0.015306,-0.005982,0.202307
0.008326,-0.005551,0.206627
0.005934,-0.002081,0.199531
0.003763,0.006768,0.210319
-0.006586,0.004411,0.213529
-0.005805,0.009708,0.204764
-0.003792,0.003251,0.216832
-0.004686,0.003621,0.209960
-0.004224,0.004099,0.215277
-0.016753,0.002016,0.213428
-0.017198,-0.003598,0.210995
-0.024768,-0.006351,0.211566
-0.025274,0.004347,0.217932
-0.028174,0.005627,0.220111
-0.031117,0.004481,0.217167
-0.043301,0.010388,0.222865
-0.041663,0.009394,0.225940
-0.033877,0.018647,0.225084
-0.043762,0.030120,0.220621
-0.051593,0.026924,0.222516
-0.053532,0.032213,0.223179
-0.057803,0.042215,0.228256
-0.065963,0.030874,0.236538
-0.070626,0.036318,0.228981
-0.073891,0.035684,0.234098
-0.081100,0.043889,0.227240
-0.086105,0.039596,0.238305
-0.079384,0.048687,0.238005
-0.084905,0.045287,0.241506
-0.103372,0.041115,0.233132
-0.086920,0.048640,0.234349
-0.084870,0.042123,0.244781
-0.102033,0.033238,0.230071
-0.109680,0.036024,0.227343
-0.102349,0.027564,0.219755
-0.119149,0.033056,0.226892
-0.115124,0.030880,0.230433
-0.108925,0.028150,0.224773
-0.120873,0.030188,0.235218
-0.117862,0.026843,0.237921
-0.132179,0.025408,0.232327
-0.137388,0.017991,0.217780
-0.141714,0.002827,0.209577
-0.141847,-0.048732,0.176723
-0.147322,-0.060676,0.168494
-0.149202,-0.072076,0.155203
-0.154702,-0.080806,0.155826
-0.158970,-0.081990,0.155743
-0.150016,-0.087879,0.146572
-0.158087,-0.095490,0.150476
-0.163726,-0.089143,0.148203
-0.176335,-0.086336,0.150039
-0.181368,-0.094855,0.136152
-0.183051,-0.109829,0.138504
-0.179378,-0.092680,0.142023
-0.180609,-0.088637,0.137737
-0.188649,-0.100714,0.144044
-0.196192,-0.084493,0.146155
-0.200240,-0.105074,0.141735
-0.204630,-0.092316,0.138789
-0.213089,-0.095461,0.138786
-0.210005,-0.115718,0.134720
-0.223429,-0.107664,0.130523
-0.215377,-0.120575,0.121264
-0.220083,-0.126555,0.126948
-0.232472,-0.138977,0.104671
0.079540,-0.120255,0.127222
0.068623,-0.104375,0.144915
0.065825,-0.090938,0.158100
0.053848,-0.077815,0.158214
0.063735,-0.067659,0.161648
0.052108,-0.064343,0.173592
0.039719,-0.054413,0.175955
0.038850,-0.057324,0.181890
0.049559,-0.053211,0.184330
0.036891,-0.041646,0.187511
0.029879,-0.032101,0.183831
0.025746,-0.031811,0.192366
0.028226,-0.033402,0.195244
0.015398,-0.030156,0.200998
0.019589,-0.025770,0.199500
0.022214,-0.013235,0.205547
0.014467,-0.010921,0.199985
0.007605,-0.011625,0.195402
-0.005134,-0.014485,0.210878
0.000558,-0.016216,0.203759
-0.004608,-0.002518,0.205411
-0.010537,-0.007198,0.204002
-0.011464,-0.009444,0.206680
-0.016195,-0.011496,0.216371
-0.017737,-0.012434,0.217493
-0.017678,-0.013354,0.214412
-0.033086,-0.018197,0.208034
-0.037725,-0.009288,0.199082
-0.033918,-0.017209,0.205110
-0.040551,-0.005212,0.207893
-0.034723,-0.009835,0.208278
-0.039504,-0.004536,0.213141
-0.048063,0.008640,0.224547
-0.053264,0.007059,0.221696
-0.065328,0.011476,0.220643
-0.047642,0.011443,0.228632
-0.060849,0.022723,0.225874
-0.062293,0.026714,0.227467
-0.067592,0.027225,0.233249
-0.069694,0.030859,0.233249
-0.067975,0.029805,0.233972
-0.085563,0.032092,0.240425
-0.093422,0.039045,0.240086
-0.088071,0.030729,0.234353
-0.093261,0.026379,0.236591
-0.097403,0.030822,0.235856
-0.099040,0.028611,0.224959
-0.107804,0.016986,0.233657
-0.109447,0.016886,0.225437
-0.108370,0.017999,0.224050
-0.108130,0.014242,0.228210
-0.113387,0.020147,0.224246
-0.122187,0.021431,0.220830
-0.123739,0.007582,0.219836
-0.123217,0.002103,0.208655
-0.128276,-0.073703,0.160056
-0.131325,-0.077060,0.158986
-0.136468,-0.096400,0.145070
-0.137969,-0.104974,0.145289
-0.149121,-0.103745,0.147651
-0.158535,-0.099415,0.141628
-0.147480,-0.100944,0.146828
-0.156181,-0.101087,0.147090
-0.164948,-0.109465,0.135254
-0.172005,-0.107821,0.138220
-0.176702,-0.104941,0.135455
-0.174289,-0.109567,0.131831
-0.180769,-0.096023,0.138909
-0.186500,-0.105783,0.138592
-0.189775,-0.103657,0.147077
-0.189659,-0.107172,0.143702
-0.196111,-0.101221,0.139910
-0.204293,-0.109242,0.141375
-0.206490,-0.109885,0.136063
-0.211398,-0.115341,0.133878
-0.211279,-0.107704,0.126009
-0.220472,-0.119961,0.130973
-0.211461,-0.134058,0.131838
-0.220802,-0.137844,0.123478
0.075551,-0.133801,0.126337
0.071982,-0.116053,0.141810
0.065269,-0.089812,0.170708
0.067077,-0.088061,0.165315
0.056599,-0.083304,0.169174
0.055573,-0.073418,0.166476
0.055906,-0.060313,0.175062
0.063059,-0.072551,0.174747
0.039791,-0.061442,0.184811
0.041588,-0.047437,0.188338
0.039025,-0.045123,0.187709
0.034216,-0.043774,0.192655
0.024092,-0.038571,0.197621
0.010422,-0.033168,0.197286
0.015489,-0.038335,0.193744
0.007464,-0.030408,0.202235
0.013077,-0.035853,0.193146
0.009244,-0.027779,0.198476
0.004229,-0.029055,0.205375
0.005414,-0.026928,0.204154
-0.005362,-0.027328,0.203458
-0.012386,-0.023533,0.200325
-0.019594,-0.028898,0.199364
-0.011850,-0.025617,0.200768
-0.013975,-0.027096,0.200891
-0.029812,-0.038632,0.195584
-0.022393,-0.035319,0.198485
-0.028288,-0.029260,0.195554
-0.028120,-0.032254,0.198317
-0.039843,-0.032217,0.199573
-0.038659,-0.033312,0.193373
-0.041792,-0.026389,0.206205
-0.045922,-0.018259,0.208549
-0.056894,-0.015891,0.195952
-0.056268,-0.001211,0.213061
-0.057000,-0.012746,0.212278
-0.052132,-0.008137,0.220791
-0.066865,0.009046,0.227112
-0.074665,0.015721,0.222995
-0.066410,0.020952,0.232774
-0.085269,0.011736,0.226853
-0.086375,0.017243,0.229831
-0.090857,0.026514,0.224353
-0.083140,0.023824,0.233062
-0.093586,0.015309,0.215993
-0.101283,0.015537,0.231884
-0.094106,0.005997,0.229582
-0.098589,0.004432,0.225220
-0.107081,0.010325,0.216231
-0.111572,0.012516,0.214626
-0.118005,-0.004536,0.215662
-0.116557,-0.022416,0.209044
-0.117670,-0.052310,0.171295
-0.119304,-0.144663,0.118203
-0.124109,-0.129458,0.136114
-0.131518,-0.128414,0.129165
-0.136973,-0.108466,0.138031
-0.149658,-0.110676,0.141984
-0.145907,-0.107347,0.141281
-0.151754,-0.111444,0.146034
-0.159124,-0.110720,0.144354
-0.163954,-0.121454,0.139597
-0.169104,-0.111909,0.137033
-0.164913,-0.121440,0.142419
-0.166824,-0.116509,0.136344
-0.166207,-0.109670,0.145696
-0.181229,-0.118852,0.136067
-0.176776,-0.113463,0.137947
-0.181715,-0.110389,0.138701
-0.192756,-0.113672,0.133684
-0.195080,-0.114521,0.141873
-0.197429,-0.113397,0.137985
-0.195378,-0.113147,0.137088
-0.202231,-0.118986,0.133947
-0.205927,-0.125261,0.143394
-0.199486,-0.140705,0.136400
-0.217454,-0.136483,0.126362
-0.221064,-0.144170,0.122566
0.071815,-0.113610,0.138091
0.059747,-0.106780,0.147004
0.063681,-0.088539,0.155108
0.051210,-0.080367,0.153667
0.057971,-0.072946,0.167771
0.055700,-0.086527,0.173675
0.045749,-0.069770,0.174443
0.048261,-0.061228,0.187856
0.040498,-0.063724,0.178271
0.030328,-0.058497,0.184043
0.031489,-0.043317,0.188530
0.025685,-0.050138,0.192437
0.016589,-0.042385,0.190856
0.020722,-0.037589,0.191184
0.019092,-0.041620,0.190422
0.009876,-0.040061,0.195690
0.011838,-0.042662,0.200144
-0.002815,-0.029887,0.201754
-0.008580,-0.038093,0.203495
-0.004705,-0.040362,0.190168
-0.009325,-0.040834,0.194778
-0.025166,-0.034393,0.185695
-0.022131,-0.040117,0.199090
-0.019496,-0.036151,0.193079
-0.030151,-0.037799,0.192644
-0.021233,-0.045082,0.194238
-0.031137,-0.044365,0.199971
-0.020321,-0.052187,0.194848
-0.035349,-0.048103,0.185849
-0.047944,-0.043976,0.187141
-0.043995,-0.051032,0.184269
-0.050275,-0.034775,0.192222
-0.051385,-0.041574,0.191478
-0.047453,-0.030712,0.200511
-0.050994,-0.031898,0.191534
-0.061322,-0.043520,0.192728
-0.067551,-0.034013,0.194463
-0.071749,-0.026966,0.205858
-0.071452,-0.024046,0.212774
-0.078524,-0.020729,0.206391
-0.081988,-0.017722,0.211658
-0.085540,-0.019585,0.214954
-0.091481,-0.017787,0.218089
-0.090820,-0.018494,0.214012
-0.089757,-0.010252,0.212491
-0.112812,-0.033505,0.206993
-0.095834,-0.031588,0.200170
-0.098702,-0.046914,0.190099
-0.113203,-0.060942,0.177991
-0.126703,-0.140873,0.125881
-0.135463,-0.133061,0.126088
-0.141392,-0.131558,0.140787
-0.138321,-0.126597,0.132026
-0.148333,-0.139218,0.136260
-0.164527,-0.124492,0.130415
-0.159610,-0.129341,0.145062
-0.148666,-0.123169,0.130082
-0.163122,-0.126383,0.138795
-0.159878,-0.131156,0.143382
-0.170730,-0.127801,0.139244
-0.180879,-0.122226,0.140682
-0.187764,-0.116450,0.139266
-0.195666,-0.123707,0.141065
-0.186329,-0.122990,0.145101
-0.188097,-0.130561,0.143777
-0.187408,-0.126441,0.148867
-0.196198,-0.131906,0.131698
-0.197048,-0.137338,0.131530
-0.196822,-0.132971,0.130358
-0.218649,-0.139578,0.124993
0.075524,-0.135021,0.137870
0.062051,-0.112831,0.150632
0.063806,-0.110655,0.156833
0.055073,-0.091896,0.156077
0.050151,-0.102448,0.166871
0.046235,-0.084198,0.173983
0.049632,-0.078790,0.173216
0.042519,-0.065728,0.187144
0.035092,-0.072411,0.182495
0.032597,-0.068234,0.188439
0.021624,-0.060149,0.191680
0.027084,-0.049865,0.188490
0.021339,-0.055974,0.200292
0.018949,-0.053663,0.185364
0.020663,-0.051477,0.192684
0.009506,-0.049220,0.193597
0.015450,-0.051361,0.194745
0.010558,-0.049271,0.197628
-0.001517,-0.049222,0.199715
-0.008623,-0.045043,0.193904
-0.003373,-0.050865,0.196528
-0.017126,-0.050817,0.192944
-0.012768,-0.059815,0.188940
-0.012008,-0.049902,0.193698
-0.019605,-0.049511,0.193732
-0.022417,-0.054605,0.194670
-0.024664,-0.057378,0.185061
-0.031988,-0.056554,0.190866
-0.041598,-0.060252,0.199561
-0.033040,-0.051519,0.183785
-0.043719,-0.065775,0.179789
-0.038193,-0.058101,0.175627
-0.057200,-0.063413,0.181299
-0.055133,-0.067070,0.176789
-0.060458,-0.063401,0.178209
-0.056785,-0.077074,0.174288
-0.069380,-0.086869,0.173474
-0.071964,-0.075701,0.172855
-0.077588,-0.076854,0.185221
-0.083537,-0.075433,0.178900
-0.084485,-0.066471,0.187502
-0.084842,-0.071006,0.183762
-0.090328,-0.070107,0.178347
-0.095998,-0.072690,0.181629
-0.094456,-0.083078,0.165892
-0.147037,-0.142254,0.124342
-0.149235,-0.139377,0.127128
-0.160132,-0.138170,0.130735
-0.159555,-0.138904,0.128717
-0.168234,-0.142457,0.132770
-0.166829,-0.139196,0.138538
-0.175042,-0.135617,0.128016
-0.175431,-0.131107,0.141098
-0.174602,-0.134511,0.138934
-0.183919,-0.136760,0.144245
-0.190662,-0.134402,0.141922
-0.196905,-0.133275,0.139490
-0.195399,-0.130630,0.133197
-0.199812,-0.149074,0.126776
-0.207225,-0.141054,0.130204
-0.210630,-0.146061,0.129256
0.071782,-0.127441,0.155886
0.075293,-0.111423,0.155767
0.049155,-0.102893,0.159715
0.059911,-0.093982,0.163372
0.054347,-0.084189,0.168603
0.053765,-0.085507,0.182812
0.048765,-0.083127,0.180200
0.042465,-0.064670,0.178169
0.033850,-0.073379,0.189385
0.038215,-0.058449,0.188245
0.024466,-0.067060,0.185651
0.025427,-0.063592,0.191681
0.009396,-0.052813,0.192917
0.021617,-0.059249,0.195741
0.018210,-0.061151,0.199690
0.008998,-0.050960,0.187531
-0.000773,-0.059164,0.190173
-0.010233,-0.061611,0.196432
-0.005525,-0.055818,0.193317
-0.001257,-0.062082,0.185882
-0.012211,-0.065615,0.192826
-0.020479,-0.070107,0.186858
-0.014547,-0.070992,0.178669
-0.023216,-0.066747,0.196265
-0.017820,-0.065059,0.181831
-0.031850,-0.076752,0.181604
-0.030161,-0.075532,0.181260
-0.032450,-0.076306,0.187944
-0.040653,-0.081851,0.178162
-0.045677,-0.088134,0.178740
-0.049405,-0.089507,0.174549
-0.049764,-0.107460,0.159434
-0.053689,-0.112532,0.153207
-0.053956,-0.143577,0.137315
-0.178650,-0.153539,0.135250
-0.177973,-0.139127,0.131311
-0.187562,-0.145539,0.130272
-0.196487,-0.149286,0.132126
0.065367,-0.119860,0.159628
0.060751,-0.124960,0.155237
0.055526,-0.105212,0.170763
0.046061,-0.107994,0.170969
0.053951,-0.100259,0.177174
0.041109,-0.087891,0.176671
0.045752,-0.086820,0.179504
0.038974,-0.075335,0.172462
0.029228,-0.066719,0.194663
0.031778,-0.069789,0.189409
0.026130,-0.065081,0.184515
0.023741,-0.070109,0.191136
0.015038,-0.067999,0.194608
0.008489,-0.064100,0.192196
0.012119,-0.070272,0.190789
0.004147,-0.066824,0.192084
0.006987,-0.072231,0.193739
-0.001558,-0.073375,0.184996
-0.013969,-0.067502,0.188773
-0.016944,-0.078751,0.185801
-0.011917,-0.083602,0.188963
-0.016323,-0.077832,0.180903
-0.028117,-0.074756,0.188561
-0.024587,-0.083014,0.184607
-0.029163,-0.087243,0.190568
-0.037904,-0.086408,0.174292
-0.041837,-0.094754,0.168689
-0.043266,-0.098154,0.175587
-0.033086,-0.106980,0.161693
-0.042761,-0.106391,0.159026
-0.049262,-0.118923,0.163232
-0.046530,-0.137733,0.141981
0.060638,-0.126332,0.156898
0.058237,-0.127947,0.169789
0.045363,-0.112795,0.167087
0.048027,-0.107119,0.172573
0.046243,-0.096337,0.178673
0.029521,-0.093742,0.174107
0.037468,-0.083734,0.172990
0.023630,-0.084946,0.179418
0.028317,-0.082388,0.194730
0.021771,-0.086115,0.182986
0.023558,-0.079354,0.193546
0.010826,-0.087008,0.192306
0.012496,-0.071920,0.185429
0.009215,-0.078527,0.191802
0.006531,-0.079153,0.192666
0.004957,-0.080692,0.181558
-0.000504,-0.083450,0.188690
-0.011184,-0.089128,0.188372
-0.002147,-0.090699,0.190261
-0.008937,-0.089957,0.183577
-0.023014,-0.090516,0.180877
-0.035388,-0.093281,0.173533
-0.024683,-0.099489,0.171159
-0.022223,-0.102569,0.175941
-0.028084,-0.106677,0.166026
-0.040868,-0.112296,0.165005
-0.037273,-0.117988,0.171494
-0.048421,-0.122158,0.161240
-0.050455,-0.131197,0.164211
0.061218,-0.136384,0.162570
0.045718,-0.122938,0.163851
0.044388,-0.110608,0.170949
0.041642,-0.109948,0.163486
0.041449,-0.100782,0.181961
0.024264,-0.098685,0.185434
0.029267,-0.085444,0.178948
0.031594,-0.094555,0.181603
0.028342,-0.085455,0.193826
0.023113,-0.079952,0.185461
0.016569,-0.089837,0.194152
0.008576,-0.080318,0.178908
0.007448,-0.086507,0.187662
0.007733,-0.082298,0.183872
0.003930,-0.088220,0.180413
-0.004062,-0.096207,0.194670
-0.002869,-0.090356,0.182820
-0.009812,-0.090386,0.180880
-0.012022,-0.098247,0.190281
-0.015505,-0.103122,0.178668
-0.018611,-0.106818,0.173879
-0.018807,-0.103380,0.177829
-0.033691,-0.113101,0.166916
-0.035781,-0.119986,0.165891
-0.038736,-0.132317,0.151882
-0.049153,-0.128293,0.163903
-0.041211,-0.138191,0.154976
0.046356,-0.147127,0.168916
0.051307,-0.129116,0.162691
0.049190,-0.123177,0.161808
0.042284,-0.128452,0.172685
0.044327,-0.115037,0.176094
0.038631,-0.100428,0.179708
0.035288,-0.102881,0.181711
0.032832,-0.103225,0.188848
0.021205,-0.094441,0.180216
0.023902,-0.099933,0.184997
0.011007,-0.096879,0.184880
0.021463,-0.085494,0.192882
0.011481,-0.093928,0.184109
0.005924,-0.096826,0.191084
-0.000262,-0.101983,0.190206
0.007964,-0.094689,0.183422
-0.010270,-0.101913,0.188217
-0.007819,-0.091713,0.180509
-0.010014,-0.106502,0.181246
-0.022242,-0.118638,0.171085
-0.025559,-0.125097,0.170467
-0.018287,-0.111265,0.177984
-0.028738,-0.129148,0.169948
-0.033611,-0.133257,0.165688
-0.024120,-0.139469,0.164989
0.044810,-0.139268,0.167426
0.044384,-0.130555,0.167375
0.042934,-0.126876,0.177510
0.037852,-0.121994,0.176879
0.028421,-0.112578,0.186280
0.028492,-0.109004,0.182108
0.027554,-0.112559,0.186348
0.018804,-0.113069,0.184621
0.019651,-0.104270,0.184824
0.011610,-0.095159,0.180441
0.012161,-0.101368,0.171072
0.005447,-0.112305,0.173352
0.010760,-0.111845,0.190300
-0.001333,-0.105028,0.188636
-0.005224,-0.102593,0.180952
-0.008212,-0.114702,0.179698
-0.019533,-0.120115,0.177588
-0.022337,-0.123966,0.171323
-0.017549,-0.126417,0.175928
-0.015269,-0.135380,0.168213
-0.025489,-0.136898,0.158960
-0.030990,-0.135274,0.162165
0.047482,-0.144490,0.163756
0.042253,-0.135744,0.173486
0.033459,-0.130728,0.176872
0.040173,-0.129701,0.182049
0.034850,-0.126903,0.176019
0.023585,-0.121758,0.173882
0.018694,-0.108601,0.191261
0.014189,-0.125463,0.184541
0.013279,-0.115237,0.192255
0.015177,-0.116729,0.176433
0.000169,-0.121656,0.184021
0.001549,-0.119909,0.182420
-0.010829,-0.109592,0.185602
0.001566,-0.131082,0.177842
-0.022612,-0.132486,0.178338
-0.012179,-0.126521,0.171263
-0.019632,-0.137917,0.179225
-0.017468,-0.137095,0.166768
-0.028447,-0.142827,0.167884
0.038998,-0.148946,0.163341
0.025535,-0.138998,0.172917
0.031383,-0.137307,0.174274
0.032831,-0.131157,0.173277
0.020623,-0.127747,0.179418
0.017813,-0.131843,0.173496
0.007445,-0.123686,0.177566
0.019440,-0.124813,0.176154
0.005370,-0.129786,0.177284
-0.002616,-0.131275,0.174964
0.005699,-0.133707,0.175194
-0.006622,-0.131283,0.173935
-0.006868,-0.135514,0.180795
-0.006085,-0.137028,0.170146
-0.015147,-0.149140,0.177522
-0.012414,-0.146311,0.168580
0.037919,-0.149449,0.174142
0.031221,-0.146755,0.179020
0.027962,-0.142878,0.174364
0.024600,-0.144200,0.180883
0.025827,-0.135613,0.174519
0.005023,-0.139821,0.170261
0.016418,-0.141081,0.179502
0.004380,-0.137784,0.170574
0.003382,-0.147990,0.177338
0.004968,-0.147574,0.173211
-0.006649,-0.148780,0.177554
0.024751,-0.151233,0.173040
0.014961,-0.151097,0.177856
