X,Y,Z
-0.062143,-0.126783,-0.011741
-0.059816,-0.124879,-0.013622
-0.059527,-0.125889,-0.008333
-0.058559,-0.125122,-0.008257
-0.057099,-0.125730,-0.007587
-0.054833,-0.124684,-0.007344
-0.053192,-0.123756,-0.006359
-0.052834,-0.124345,-0.003828
-0.053631,-0.124786,-0.004009
-0.049759,-0.124742,-0.004124
-0.049381,-0.125677,-0.003483
-0.047787,-0.124492,-0.000827
-0.045603,-0.124798,-0.001403
-0.043909,-0.126396,-0.000717
-0.042937,-0.123171,0.000383
-0.040980,-0.124262,0.002721
-0.039268,-0.124467,0.001476
-0.039084,-0.122550,0.002052
-0.035592,-0.125076,0.002662
-0.036926,-0.122843,0.003129
-0.033520,-0.123311,0.002002
-0.032468,-0.125272,0.002816
-0.075081,-0.125851,-0.024825
-0.073835,-0.125847,-0.024183
-0.073376,-0.124901,-0.021950
-0.069955,-0.126824,-0.019875
-0.068539,-0.123594,-0.018477
-0.070031,-0.125322,-0.017297
-0.066532,-0.123281,-0.013908
-0.066449,-0.124885,-0.013873
-0.065132,-0.122349,-0.013981
-0.062384,-0.122219,-0.010500
-0.059036,-0.124919,-0.010496
-0.060536,-0.122962,-0.010738
-0.057943,-0.124987,-0.007782
-0.056403,-0.124930,-0.008698
-0.056259,-0.124475,-0.006025
-0.054436,-0.123363,-0.005536
-0.051703,-0.124416,-0.005262
-0.049761,-0.122872,-0.004579
-0.051815,-0.123076,-0.002269
-0.048497,-0.122782,-0.001335
-0.047514,-0.121274,-0.001594
-0.046292,-0.121870,0.000043
-0.044248,-0.121430,0.002419
-0.042170,-0.123448,0.001794
-0.042429,-0.122900,0.000709
-0.039063,-0.123574,0.001814
-0.038168,-0.122227,0.002647
-0.037382,-0.121748,0.001758
-0.036597,-0.121538,0.002793
-0.035591,-0.124354,0.003490
-0.033299,-0.121603,0.003311
-0.030341,-0.123965,0.002392
-0.030429,-0.123095,0.003729
-0.030151,-0.121710,0.003809
-0.028579,-0.124113,0.004421
-0.027791,-0.122436,0.004696
-0.025342,-0.121168,0.005803
-0.023535,-0.121339,0.004269
-0.022235,-0.121097,0.004023
-0.021906,-0.124218,0.006545
-0.080782,-0.122237,-0.033533
-0.080142,-0.124150,-0.031811
-0.079786,-0.124618,-0.028798
-0.077237,-0.123021,-0.025507
-0.074149,-0.122892,-0.022739
-0.076213,-0.123392,-0.021965
-0.072562,-0.122006,-0.020714
-0.070089,-0.124222,-0.018861
-0.070449,-0.123052,-0.015972
-0.067799,-0.122234,-0.016883
-0.065282,-0.122239,-0.015771
-0.064997,-0.122669,-0.013518
-0.063543,-0.120895,-0.012388
-0.062068,-0.122345,-0.010733
-0.060744,-0.122446,-0.010862
-0.059595,-0.123010,-0.008732
-0.058625,-0.121245,-0.006708
-0.056163,-0.121630,-0.005701
-0.054779,-0.120483,-0.004970
-0.054118,-0.121346,-0.005547
-0.053622,-0.121157,-0.005287
-0.051350,-0.121268,-0.002579
-0.050303,-0.121739,-0.003334
-0.050000,-0.121373,0.001182
-0.048389,-0.121131,-0.000025
-0.044805,-0.121323,-0.000424
-0.044157,-0.118929,0.002096
-0.043300,-0.121802,0.001315
-0.041126,-0.120813,0.003345
-0.040097,-0.121671,0.003279
-0.038600,-0.119630,0.002557
-0.035783,-0.120848,0.001453
-0.034281,-0.121876,0.005437
-0.035117,-0.121212,0.004129
-0.032556,-0.120844,0.003993
-0.030906,-0.122113,0.003679
-0.030016,-0.121395,0.005933
-0.027172,-0.120809,0.003658
-0.028561,-0.122125,0.005756
-0.026673,-0.121395,0.004582
-0.025019,-0.120404,0.005280
-0.022256,-0.120700,0.002788
-0.021212,-0.121344,0.004492
-0.021080,-0.121013,0.005061
-0.019822,-0.120295,0.004896
-0.017399,-0.121892,0.005082
-0.016313,-0.121833,0.003125
-0.013945,-0.122152,0.004862
-0.011569,-0.120971,0.003235
-0.085213,-0.122450,-0.040498
-0.084437,-0.121688,-0.039443
-0.082697,-0.121822,-0.036386
-0.080495,-0.122457,-0.031939
-0.078640,-0.121653,-0.029496
-0.078003,-0.120958,-0.026058
-0.077006,-0.120034,-0.024627
-0.075709,-0.120789,-0.024420
-0.074323,-0.123417,-0.023988
-0.073076,-0.123128,-0.020814
-0.071180,-0.121771,-0.018629
-0.070350,-0.120624,-0.016632
-0.069062,-0.122857,-0.015958
-0.066132,-0.121767,-0.015580
-0.066917,-0.121626,-0.013614
-0.063113,-0.120760,-0.012887
-0.063277,-0.120047,-0.009818
-0.061603,-0.122193,-0.006351
-0.058679,-0.121230,-0.008359
-0.058256,-0.120461,-0.008982
-0.056726,-0.121618,-0.004671
-0.055723,-0.119240,-0.004839
-0.055863,-0.119633,-0.005315
-0.052979,-0.118753,-0.003621
-0.050984,-0.122081,-0.004159
-0.050190,-0.118891,-0.002024
-0.049944,-0.120074,-0.002484
-0.048585,-0.121544,0.000494
-0.043609,-0.120320,0.000877
-0.044245,-0.120547,0.001915
-0.043637,-0.120948,0.002915
-0.041720,-0.119361,0.002852
-0.040163,-0.120604,0.003246
-0.039614,-0.116190,0.003700
-0.036048,-0.118802,0.001368
-0.035645,-0.117335,0.002772
-0.032948,-0.119173,0.004233
-0.032666,-0.118932,0.005130
-0.031569,-0.119014,0.003611
-0.030136,-0.118328,0.003810
-0.028319,-0.118947,0.003903
-0.025147,-0.118606,0.002710
-0.027479,-0.119835,0.004881
-0.025168,-0.119310,0.002601
-0.023382,-0.118416,0.005426
-0.022491,-0.118941,0.005162
-0.019366,-0.119648,0.005201
-0.019491,-0.119477,0.004416
-0.017709,-0.118647,0.003282
-0.016776,-0.119142,0.004462
-0.015665,-0.120227,0.004347
-0.014935,-0.118697,0.004089
-0.010030,-0.119437,0.002604
-0.010751,-0.119175,0.003017
-0.008132,-0.118562,0.002001
-0.007345,-0.119007,0.001117
-0.006500,-0.118161,-0.000463
-0.087254,-0.121048,-0.045579
-0.086506,-0.123701,-0.043236
-0.086669,-0.122114,-0.039712
-0.082669,-0.121609,-0.036280
-0.083983,-0.122289,-0.035884
-0.081979,-0.121388,-0.032026
-0.080493,-0.118998,-0.030148
-0.076604,-0.121677,-0.025130
-0.078550,-0.120480,-0.025944
-0.077794,-0.119056,-0.023631
-0.074533,-0.119901,-0.021392
-0.072147,-0.121094,-0.022403
-0.071223,-0.118399,-0.018717
-0.071090,-0.119626,-0.017455
-0.069632,-0.119529,-0.015596
-0.066109,-0.118269,-0.014215
-0.066702,-0.118170,-0.012987
-0.061576,-0.120436,-0.011014
-0.062213,-0.118011,-0.009365
-0.060296,-0.118313,-0.010015
-0.059870,-0.119455,-0.007316
-0.057190,-0.119916,-0.006956
-0.057232,-0.118725,-0.005113
-0.056265,-0.117756,-0.005179
-0.053002,-0.120705,-0.004886
-0.052457,-0.118460,-0.004307
-0.051235,-0.117881,-0.003504
-0.049936,-0.117472,-0.001743
-0.048868,-0.118082,0.001840
-0.047246,-0.117690,-0.000240
-0.046427,-0.118312,0.002672
-0.044895,-0.118198,0.001779
-0.043240,-0.118254,0.000708
-0.042862,-0.117442,0.002933
-0.040374,-0.116526,0.001056
-0.037828,-0.117673,0.003746
-0.038579,-0.117743,0.003357
-0.035372,-0.118445,0.003267
-0.033975,-0.119026,0.004990
-0.032137,-0.116421,0.001730
-0.031298,-0.117078,0.003266
-0.031108,-0.117294,0.002627
-0.027564,-0.117284,0.006802
-0.027116,-0.117924,0.003983
-0.026156,-0.117710,0.005475
-0.024857,-0.117703,0.005839
-0.023316,-0.116959,0.005900
-0.023398,-0.118644,0.006702
-0.019169,-0.117841,0.006656
-0.020065,-0.118081,0.005827
-0.017302,-0.119317,0.005221
-0.015994,-0.119811,0.003931
-0.013501,-0.117886,0.003905
-0.013846,-0.117256,0.001373
-0.010387,-0.118872,0.004782
-0.010878,-0.117090,0.001803
-0.010272,-0.117721,0.002022
-0.009007,-0.116745,0.000825
-0.005951,-0.116678,0.001664
-0.003855,-0.117889,0.000826
-0.004608,-0.118373,0.000522
-0.002505,-0.118750,0.000192
-0.000667,-0.117550,-0.001623
-0.000153,-0.117529,-0.002613
-0.089900,-0.120842,-0.048766
-0.089228,-0.118725,-0.044148
-0.086565,-0.119230,-0.040385
-0.086374,-0.121310,-0.040056
-0.083449,-0.118588,-0.034101
-0.081548,-0.118345,-0.032995
-0.082323,-0.118946,-0.030595
-0.080503,-0.118630,-0.028272
-0.077085,-0.118928,-0.025412
-0.077269,-0.118461,-0.024872
-0.073435,-0.119926,-0.023958
-0.074326,-0.119833,-0.020484
-0.071922,-0.115408,-0.021881
-0.071365,-0.116623,-0.019777
-0.069467,-0.118351,-0.017035
-0.067511,-0.115636,-0.015680
-0.067814,-0.116398,-0.014381
-0.064791,-0.118170,-0.011797
-0.065247,-0.117443,-0.010045
-0.062330,-0.116058,-0.011538
-0.062758,-0.118270,-0.008165
-0.060046,-0.116129,-0.008240
-0.060646,-0.116829,-0.007312
-0.058211,-0.117598,-0.007224
-0.055389,-0.116057,-0.005021
-0.052836,-0.115873,-0.004343
-0.052167,-0.116386,-0.002761
-0.050430,-0.116194,-0.002829
-0.048928,-0.117383,-0.001223
-0.048175,-0.117786,-0.002125
-0.045525,-0.116432,-0.000644
-0.046085,-0.115041,0.001476
-0.045612,-0.116226,0.002136
-0.042146,-0.115868,0.004079
-0.041198,-0.115932,0.002901
-0.039475,-0.117188,0.004512
-0.037662,-0.117183,0.002734
-0.038792,-0.115848,0.004453
-0.035632,-0.115346,0.003382
-0.034140,-0.115645,0.003903
-0.032376,-0.115708,0.004141
-0.031989,-0.116204,0.005973
-0.030785,-0.116513,0.005232
-0.027835,-0.115294,0.004909
-0.028659,-0.115000,0.004788
-0.024486,-0.116370,0.004065
-0.024564,-0.116232,0.005378
-0.023414,-0.114871,0.006289
-0.021202,-0.117102,0.006970
-0.020050,-0.115146,0.006166
-0.018161,-0.116102,0.006055
-0.018772,-0.116439,0.004657
-0.015381,-0.116384,0.004218
-0.014474,-0.115801,0.003067
-0.014199,-0.116430,0.003839
-0.011416,-0.114741,0.003401
-0.011517,-0.116603,0.002553
-0.008384,-0.117749,0.003270
-0.008404,-0.117231,0.002696
-0.006686,-0.116155,0.000115
-0.007366,-0.116254,-0.000318
-0.002233,-0.115797,0.001630
-0.003410,-0.115931,-0.001270
-0.000927,-0.116968,-0.000339
-0.000284,-0.115037,-0.000858
0.002500,-0.116914,-0.002620
0.004283,-0.115897,-0.003624
0.003299,-0.115428,-0.002062
-0.090230,-0.118895,-0.056731
-0.091349,-0.117415,-0.048244
-0.089578,-0.118884,-0.042577
-0.088257,-0.118971,-0.041035
-0.084852,-0.117288,-0.037913
-0.085749,-0.117774,-0.035672
-0.084948,-0.116683,-0.034022
-0.080594,-0.118481,-0.029562
-0.079195,-0.118699,-0.024755
-0.077623,-0.117504,-0.025534
-0.076416,-0.115403,-0.023979
-0.075314,-0.114721,-0.022241
-0.073356,-0.115552,-0.021164
-0.074390,-0.116234,-0.019679
-0.070896,-0.116739,-0.016695
-0.069856,-0.115070,-0.015837
-0.070022,-0.116546,-0.017837
-0.067220,-0.116474,-0.014228
-0.065964,-0.115612,-0.012560
-0.062788,-0.116319,-0.012102
-0.062249,-0.115492,-0.009403
-0.061541,-0.113811,-0.009127
-0.060879,-0.115984,-0.008172
-0.058273,-0.115703,-0.007302
-0.057991,-0.115646,-0.007843
-0.055959,-0.114280,-0.005068
-0.054024,-0.115733,-0.003133
-0.052467,-0.115514,-0.001689
-0.049481,-0.115050,-0.003042
-0.050279,-0.113246,-0.001733
-0.048348,-0.112903,0.000596
-0.049515,-0.114995,0.000914
-0.043339,-0.114751,0.001692
-0.043189,-0.115438,0.002391
-0.041788,-0.113398,0.002451
-0.040982,-0.113075,0.004637
-0.041728,-0.115270,0.001288
-0.037470,-0.114066,0.004022
-0.036383,-0.113384,0.004850
-0.037393,-0.115607,0.002808
-0.034827,-0.113469,0.004674
-0.033837,-0.114954,0.004027
-0.032533,-0.116075,0.004120
-0.031888,-0.114654,0.004729
-0.029736,-0.113423,0.005565
-0.026551,-0.114032,0.005450
-0.025413,-0.114017,0.006673
-0.024294,-0.114145,0.006384
-0.024015,-0.114037,0.007682
-0.021858,-0.115919,0.005758
-0.020767,-0.111934,0.005330
-0.017550,-0.115304,0.005074
-0.017293,-0.115108,0.005327
-0.016473,-0.113049,0.003226
-0.014355,-0.114442,0.001930
-0.014525,-0.113234,0.004697
-0.014828,-0.113208,0.003876
-0.012310,-0.116083,0.001603
-0.009058,-0.113148,0.001539
-0.009492,-0.113804,0.001970
-0.006324,-0.114406,0.000352
-0.003109,-0.116591,0.002312
-0.003393,-0.115032,-0.000107
-0.002450,-0.113341,0.001467
-0.001450,-0.115142,-0.000307
-0.001729,-0.115469,-0.000449
0.001923,-0.116369,-0.001090
0.002870,-0.115087,-0.001089
0.005506,-0.115523,-0.002812
0.004020,-0.115188,-0.003454
0.006312,-0.115911,-0.004528
0.009858,-0.115128,-0.005457
0.009095,-0.115948,-0.006590
-0.093153,-0.119055,-0.063164
-0.090229,-0.116071,-0.054224
-0.091147,-0.117518,-0.045712
-0.090101,-0.117162,-0.042493
-0.085804,-0.117569,-0.040679
-0.086409,-0.115627,-0.036235
-0.084386,-0.117052,-0.036236
-0.082152,-0.116164,-0.031451
-0.080010,-0.117447,-0.029200
-0.079586,-0.114973,-0.027288
-0.077969,-0.114864,-0.024623
-0.076203,-0.114150,-0.023415
-0.074429,-0.115640,-0.022336
-0.073650,-0.115014,-0.019762
-0.071318,-0.117600,-0.018429
-0.072008,-0.113234,-0.016320
-0.071759,-0.114344,-0.015757
-0.067973,-0.114408,-0.013994
-0.067276,-0.112725,-0.012382
-0.064057,-0.113000,-0.012281
-0.063488,-0.114977,-0.010100
-0.062217,-0.113706,-0.007980
-0.059458,-0.112760,-0.007985
-0.059528,-0.117081,-0.007418
-0.057647,-0.115594,-0.005987
-0.055081,-0.114139,-0.005058
-0.055722,-0.113276,-0.004221
-0.053030,-0.113206,-0.002780
-0.052624,-0.111939,-0.003409
-0.050361,-0.113884,-0.001734
-0.048923,-0.112374,0.000167
-0.048846,-0.113409,0.000916
-0.046754,-0.113495,0.002166
-0.047130,-0.112842,0.002649
-0.046385,-0.112945,0.002722
-0.044967,-0.111789,0.002409
-0.041201,-0.112096,0.003286
-0.039885,-0.113685,0.004312
-0.037728,-0.113200,0.002984
-0.038149,-0.112152,0.003600
-0.035618,-0.112562,0.005758
-0.035459,-0.114539,0.004616
-0.034032,-0.110826,0.003737
-0.034121,-0.111443,0.004279
-0.030586,-0.111064,0.005871
-0.028638,-0.112941,0.005783
-0.028825,-0.110538,0.007448
-0.024004,-0.112322,0.008789
-0.024105,-0.112519,0.006350
-0.023428,-0.112629,0.006280
-0.023951,-0.113036,0.007309
-0.020922,-0.113218,0.006897
-0.020947,-0.112395,0.005219
-0.019310,-0.112986,0.007024
-0.017957,-0.112778,0.004799
-0.014959,-0.112982,0.004766
-0.014197,-0.112555,0.003835
-0.013416,-0.113776,0.002603
-0.009401,-0.112247,0.003442
-0.008666,-0.112713,0.002118
-0.007221,-0.111553,0.002789
-0.007274,-0.112676,0.001130
-0.005927,-0.112241,0.002495
-0.003532,-0.113980,-0.000191
-0.003282,-0.112062,0.000297
-0.000562,-0.113194,-0.001134
0.001712,-0.112417,-0.000714
0.000931,-0.114162,-0.003524
0.002350,-0.113244,-0.001801
0.002946,-0.115496,-0.003668
0.006635,-0.114755,-0.001512
0.005654,-0.112812,-0.004998
0.006737,-0.112604,-0.006956
0.012150,-0.115807,-0.004211
0.012222,-0.115540,-0.008476
0.012244,-0.115185,-0.008907
0.016494,-0.113192,-0.010293
0.016763,-0.113644,-0.009739
-0.095479,-0.118680,-0.067446
-0.092956,-0.117820,-0.059973
-0.093440,-0.116035,-0.053392
-0.089241,-0.115784,-0.047271
-0.089715,-0.115250,-0.044382
-0.087371,-0.115922,-0.039096
-0.086783,-0.114752,-0.036491
-0.083241,-0.112899,-0.034658
-0.083186,-0.114099,-0.031370
-0.079674,-0.113788,-0.028684
-0.079334,-0.114749,-0.027501
-0.077251,-0.112007,-0.023604
-0.076323,-0.112420,-0.022309
-0.076396,-0.113371,-0.019814
-0.074217,-0.114642,-0.021001
-0.072230,-0.112381,-0.016479
-0.071267,-0.111877,-0.016565
-0.069831,-0.113226,-0.017467
-0.069710,-0.113102,-0.013279
-0.067120,-0.113444,-0.011226
-0.064173,-0.113598,-0.010100
-0.062889,-0.112439,-0.007810
-0.063051,-0.112615,-0.007640
-0.059472,-0.112150,-0.008748
-0.060944,-0.110745,-0.006585
-0.057409,-0.112609,-0.004630
-0.056732,-0.110924,-0.004713
-0.054614,-0.111680,-0.003273
-0.053539,-0.112793,-0.003757
-0.052784,-0.111564,-0.002806
-0.050550,-0.112227,-0.002083
-0.048835,-0.110971,0.000225
-0.047482,-0.110265,0.001655
-0.046302,-0.111882,0.001306
-0.045885,-0.110296,0.003658
-0.044101,-0.111268,0.003602
-0.044567,-0.112085,0.002292
-0.042095,-0.112278,0.004103
-0.038860,-0.111242,0.004558
-0.038360,-0.111777,0.003751
-0.036740,-0.111147,0.003227
-0.035026,-0.112330,0.005545
-0.034855,-0.109954,0.003862
-0.032088,-0.111066,0.007634
-0.031853,-0.111632,0.006105
-0.030179,-0.110900,0.005093
-0.027845,-0.109623,0.007227
-0.028216,-0.110087,0.004235
-0.026419,-0.110841,0.006152
-0.025010,-0.110024,0.004691
-0.023637,-0.111094,0.008383
-0.020580,-0.111787,0.006595
-0.020767,-0.111981,0.006930
-0.018857,-0.112914,0.005347
-0.017163,-0.109631,0.006036
-0.017792,-0.110171,0.004592
-0.013075,-0.112479,0.002321
-0.013299,-0.112843,0.005354
-0.014734,-0.112978,0.003215
-0.009719,-0.112160,0.003059
-0.006979,-0.112083,0.002816
-0.007425,-0.111366,0.000931
-0.007039,-0.111179,0.001542
-0.004920,-0.110845,0.000331
-0.003695,-0.112419,0.001375
-0.004024,-0.111187,0.001064
-0.000729,-0.112969,-0.000724
0.000321,-0.113194,-0.000584
0.002031,-0.111738,-0.000563
0.002773,-0.112691,-0.003056
0.003639,-0.111058,-0.004321
0.006340,-0.113384,-0.006065
0.008966,-0.111531,-0.006601
0.009942,-0.111991,-0.004418
0.010113,-0.113908,-0.006085
0.012745,-0.111182,-0.007380
0.012136,-0.111788,-0.007784
0.013765,-0.113710,-0.008402
0.016671,-0.112123,-0.011606
0.016415,-0.112498,-0.012473
0.019292,-0.114634,-0.013993
0.021103,-0.113665,-0.011807
-0.095104,-0.115511,-0.065060
-0.093434,-0.115010,-0.060027
-0.092302,-0.113804,-0.051496
-0.088937,-0.112479,-0.044759
-0.089909,-0.113900,-0.041727
-0.087265,-0.113591,-0.040602
-0.087571,-0.112749,-0.034169
-0.081516,-0.113418,-0.033128
-0.082891,-0.111977,-0.030571
-0.083609,-0.111771,-0.028140
-0.078745,-0.112771,-0.024319
-0.078985,-0.111574,-0.023107
-0.075571,-0.111354,-0.021405
-0.074766,-0.110314,-0.020309
-0.074503,-0.111847,-0.017269
-0.072479,-0.111776,-0.018276
-0.070211,-0.111399,-0.014949
-0.068045,-0.111325,-0.014041
-0.069046,-0.113419,-0.012839
-0.066833,-0.112512,-0.011818
-0.064456,-0.110003,-0.011221
-0.064046,-0.110936,-0.009862
-0.063972,-0.110810,-0.008022
-0.060304,-0.110061,-0.007399
-0.059029,-0.110620,-0.005901
-0.057421,-0.110828,-0.005809
-0.056802,-0.108529,-0.005451
-0.055767,-0.110299,-0.005021
-0.053825,-0.110739,-0.001066
-0.052606,-0.110715,-0.002231
-0.050745,-0.110005,-0.000148
-0.051303,-0.109861,-0.000086
-0.047630,-0.109959,0.001292
-0.046514,-0.110950,0.000373
-0.047048,-0.109630,0.003779
-0.043364,-0.109324,0.003904
-0.043008,-0.111882,0.003331
-0.040755,-0.109637,0.004233
-0.039050,-0.108562,0.005627
-0.038078,-0.109131,0.004467
-0.035536,-0.109296,0.002666
-0.034920,-0.108939,0.004760
-0.035120,-0.107625,0.004015
-0.035119,-0.108782,0.006052
-0.030918,-0.111186,0.006250
-0.029735,-0.109921,0.004175
-0.027868,-0.108761,0.006044
-0.028342,-0.110549,0.006514
-0.025506,-0.108389,0.006578
-0.024500,-0.108084,0.009547
-0.023857,-0.109340,0.007283
-0.019854,-0.109568,0.006215
-0.020951,-0.110150,0.005579
-0.018387,-0.108980,0.005121
-0.016408,-0.109537,0.004283
-0.016875,-0.107835,0.004314
-0.013135,-0.108042,0.005409
-0.013890,-0.109375,0.003211
-0.013156,-0.111199,0.003330
-0.010811,-0.111227,0.002393
-0.009216,-0.108970,0.001543
-0.008389,-0.109639,0.002524
-0.006262,-0.110089,0.000578
-0.004865,-0.109991,-0.000584
-0.001813,-0.109986,-0.001090
-0.003331,-0.110736,0.001725
0.000461,-0.109379,-0.001175
-0.000575,-0.110176,-0.000613
0.000192,-0.109231,-0.002457
0.003394,-0.110596,-0.001101
0.004248,-0.110207,-0.004170
0.003937,-0.109441,-0.004491
0.006231,-0.110527,-0.003877
0.008449,-0.111515,-0.007164
0.010388,-0.110098,-0.008533
0.010522,-0.110995,-0.007645
0.012731,-0.111705,-0.007772
0.013324,-0.110387,-0.009612
0.015349,-0.112039,-0.011991
0.015339,-0.110993,-0.010826
0.020039,-0.111212,-0.012353
0.020037,-0.110422,-0.015759
0.021552,-0.110131,-0.014460
0.021902,-0.111936,-0.016292
0.023092,-0.112570,-0.016005
-0.096343,-0.113022,-0.064565
-0.093358,-0.113530,-0.057331
-0.092085,-0.114591,-0.049421
-0.090327,-0.111060,-0.043354
-0.089173,-0.112816,-0.041909
-0.086593,-0.111988,-0.038170
-0.086717,-0.111657,-0.034628
-0.083754,-0.110412,-0.032677
-0.083530,-0.110296,-0.029515
-0.081264,-0.110529,-0.026156
-0.079913,-0.109675,-0.025061
-0.078469,-0.110450,-0.024820
-0.076705,-0.110288,-0.020303
-0.075975,-0.110072,-0.019979
-0.074409,-0.110926,-0.018549
-0.073153,-0.111576,-0.014924
-0.071882,-0.108320,-0.016883
-0.069898,-0.110357,-0.013142
-0.068448,-0.111724,-0.014528
-0.065927,-0.108490,-0.011902
-0.063928,-0.110842,-0.010275
-0.064349,-0.107823,-0.009837
-0.060617,-0.108775,-0.005365
-0.061447,-0.109231,-0.005127
-0.058780,-0.108876,-0.006658
-0.057584,-0.109480,-0.005181
-0.057766,-0.109470,-0.004949
-0.055441,-0.108330,-0.003536
-0.053494,-0.110248,-0.000655
-0.054216,-0.108214,-0.002558
-0.050832,-0.107516,-0.001381
-0.048372,-0.110955,0.000635
-0.048561,-0.107918,0.000527
-0.047113,-0.107686,0.001249
-0.045087,-0.109573,0.002793
-0.044085,-0.107924,0.002543
-0.041610,-0.108033,0.002727
-0.040192,-0.108278,0.004044
-0.039871,-0.109112,0.005116
-0.037942,-0.107356,0.003710
-0.038194,-0.108642,0.006796
-0.034941,-0.107592,0.006847
-0.034484,-0.107521,0.006276
-0.033064,-0.108344,0.005640
-0.032316,-0.107169,0.006652
-0.028400,-0.107271,0.006173
-0.029299,-0.108986,0.002786
-0.028343,-0.106658,0.006051
-0.025590,-0.107928,0.006726
-0.026145,-0.107393,0.007246
-0.022828,-0.109059,0.006469
-0.021652,-0.107210,0.009315
-0.020705,-0.106494,0.006747
-0.018719,-0.109724,0.008502
-0.017013,-0.108913,0.003730
-0.016264,-0.109164,0.004403
-0.014081,-0.108014,0.005084
-0.015439,-0.110880,0.003565
-0.011579,-0.107463,0.002645
-0.011010,-0.107063,0.003698
-0.010981,-0.109340,0.001912
-0.006163,-0.107182,0.002780
-0.006085,-0.108060,0.000681
-0.003017,-0.107802,0.002718
-0.003476,-0.107560,-0.000808
-0.002006,-0.108529,0.001444
-0.001490,-0.110186,0.000154
0.000124,-0.107785,-0.001509
0.001106,-0.109792,-0.001657
0.004398,-0.109154,-0.002780
0.005295,-0.106655,-0.003525
0.004334,-0.108275,-0.005419
0.005680,-0.110339,-0.004850
0.008934,-0.107002,-0.005659
0.011106,-0.107842,-0.006349
0.010117,-0.109980,-0.007210
0.011584,-0.109008,-0.006490
0.012148,-0.108251,-0.011243
0.016936,-0.109824,-0.011166
0.017551,-0.108684,-0.011216
0.019006,-0.109349,-0.009837
0.021733,-0.109496,-0.014022
0.019975,-0.108844,-0.013721
0.019994,-0.110407,-0.014977
0.023447,-0.110543,-0.016664
0.024732,-0.111029,-0.016686
0.028940,-0.110162,-0.018288
0.027521,-0.110229,-0.018117
-0.094320,-0.112818,-0.062289
-0.094585,-0.111603,-0.055161
-0.092701,-0.110676,-0.047241
-0.088966,-0.108534,-0.043539
-0.088881,-0.108525,-0.041001
-0.085727,-0.111358,-0.039095
-0.085621,-0.109617,-0.034798
-0.086274,-0.109865,-0.029699
-0.083770,-0.108549,-0.028869
-0.080616,-0.110136,-0.029256
-0.079983,-0.108452,-0.023481
-0.076516,-0.108119,-0.022366
-0.076015,-0.109280,-0.021686
-0.075439,-0.108647,-0.019107
-0.076079,-0.108874,-0.017843
-0.074423,-0.108190,-0.016472
-0.070197,-0.109216,-0.015167
-0.068686,-0.107626,-0.014035
-0.068336,-0.108202,-0.011349
-0.068669,-0.108371,-0.010825
-0.064480,-0.108501,-0.010529
-0.064279,-0.107910,-0.009305
-0.061471,-0.108743,-0.006926
-0.060651,-0.107606,-0.006258
-0.060410,-0.106409,-0.004888
-0.057368,-0.108439,-0.003024
-0.058705,-0.108801,-0.002420
-0.054074,-0.106921,-0.003098
-0.054023,-0.107512,-0.001257
-0.050976,-0.106043,0.000618
-0.050941,-0.108352,-0.000794
-0.050005,-0.107999,0.001511
-0.046962,-0.105471,0.001995
-0.047805,-0.107440,0.002660
-0.045564,-0.105004,0.001989
-0.045076,-0.107332,0.004095
-0.042000,-0.107455,0.003316
-0.041002,-0.105821,0.004496
-0.039407,-0.105450,0.003681
-0.037773,-0.106646,0.004163
-0.038012,-0.108137,0.004965
-0.035314,-0.107107,0.005683
-0.033884,-0.108789,0.006498
-0.032905,-0.106665,0.004522
-0.031660,-0.107350,0.005513
-0.029544,-0.105564,0.007497
-0.027991,-0.107244,0.006950
-0.028155,-0.107447,0.004547
-0.025708,-0.108505,0.007093
-0.025192,-0.106628,0.009118
-0.024258,-0.105509,0.006558
-0.021228,-0.107040,0.006414
-0.021279,-0.106983,0.004490
-0.018839,-0.105766,0.005338
-0.017858,-0.106674,0.005471
-0.015787,-0.106665,0.004674
-0.017394,-0.106851,0.003920
-0.012991,-0.107685,0.004322
-0.011788,-0.106539,0.002821
-0.010919,-0.107085,0.002822
-0.010568,-0.106248,0.001842
-0.009017,-0.106754,0.001926
-0.006917,-0.106715,0.001199
-0.005457,-0.107127,0.002770
-0.003691,-0.106135,0.000846
-0.001754,-0.107457,-0.000209
-0.000897,-0.107213,-0.000296
-0.000586,-0.105808,-0.000865
0.001263,-0.107168,-0.002464
0.003436,-0.106875,-0.004486
0.006188,-0.106386,-0.002596
0.006760,-0.107916,-0.005650
0.007803,-0.107166,-0.005088
0.006959,-0.107666,-0.005707
0.010145,-0.106277,-0.007768
0.011066,-0.109017,-0.006680
0.013898,-0.105848,-0.009271
0.014408,-0.108289,-0.011187
0.014307,-0.106499,-0.009822
0.016618,-0.107619,-0.011226
0.018902,-0.107903,-0.012852
0.020307,-0.107506,-0.014414
0.020895,-0.107934,-0.014642
0.023024,-0.109279,-0.015034
0.025223,-0.109042,-0.016803
0.023558,-0.109760,-0.018696
0.028238,-0.110263,-0.018551
0.027618,-0.108438,-0.018232
0.028542,-0.110017,-0.020619
0.030806,-0.108689,-0.022730
0.033232,-0.108498,-0.023370
0.032348,-0.110913,-0.023300
-0.092703,-0.111332,-0.060832
-0.092760,-0.108248,-0.053796
-0.090246,-0.108838,-0.044992
-0.090538,-0.108527,-0.042545
-0.088067,-0.109389,-0.039101
-0.086745,-0.108183,-0.035353
-0.086095,-0.107851,-0.034430
-0.084162,-0.109338,-0.030586
-0.082817,-0.107791,-0.027945
-0.082342,-0.107220,-0.024939
-0.080306,-0.108025,-0.023401
-0.079423,-0.107860,-0.022271
-0.078504,-0.107245,-0.021241
-0.076011,-0.107855,-0.019695
-0.073162,-0.107706,-0.016843
-0.073701,-0.107061,-0.015164
-0.071930,-0.107116,-0.012965
-0.070512,-0.105822,-0.013124
-0.068081,-0.105937,-0.011719
-0.066937,-0.107260,-0.010987
-0.064555,-0.106860,-0.009891
-0.063706,-0.105033,-0.007487
-0.062312,-0.103953,-0.008655
-0.060950,-0.105436,-0.006396
-0.060290,-0.107495,-0.007058
-0.057438,-0.106152,-0.001672
-0.057173,-0.107355,-0.003912
-0.054440,-0.104561,-0.003900
-0.052636,-0.106537,-0.002790
-0.051841,-0.105493,-0.000461
-0.049766,-0.104871,0.001077
-0.049148,-0.106840,-0.000188
-0.049560,-0.107296,0.000514
-0.046540,-0.105691,0.003574
-0.045768,-0.106364,0.004135
-0.044665,-0.105041,0.003593
-0.044720,-0.106724,0.004249
-0.042061,-0.104861,0.006199
-0.038927,-0.103453,0.004461
-0.039545,-0.105652,0.003151
-0.037412,-0.105528,0.005681
-0.035062,-0.105046,0.006668
-0.034293,-0.104859,0.005950
-0.033484,-0.104990,0.006869
-0.033485,-0.104910,0.005574
-0.032033,-0.104247,0.007909
-0.029176,-0.104166,0.006689
-0.027112,-0.104368,0.006616
-0.025486,-0.106389,0.006406
-0.024397,-0.104318,0.005603
-0.022173,-0.102355,0.007701
-0.021235,-0.108055,0.006411
-0.019378,-0.105241,0.005479
-0.020324,-0.106709,0.005367
-0.015907,-0.105092,0.005585
-0.017297,-0.104210,0.004860
-0.014962,-0.104371,0.006082
-0.012362,-0.104635,0.003396
-0.011970,-0.106096,0.005068
-0.010993,-0.104486,0.002596
-0.009793,-0.104665,0.002480
-0.007760,-0.105737,0.000656
-0.008481,-0.104861,0.002029
-0.005567,-0.104607,0.001616
-0.004022,-0.104787,0.001094
0.000014,-0.106820,0.000476
-0.000373,-0.106501,0.000094
-0.000473,-0.105039,-0.000792
0.000084,-0.106559,-0.002281
0.005456,-0.105676,-0.002979
0.002538,-0.104749,-0.002632
0.006160,-0.103973,-0.005797
0.005727,-0.105974,-0.004583
0.008007,-0.106959,-0.005538
0.010650,-0.107217,-0.007805
0.011854,-0.105818,-0.008568
0.013861,-0.107088,-0.007316
0.014473,-0.107200,-0.009566
0.014438,-0.106417,-0.011250
0.017057,-0.103070,-0.010275
0.018399,-0.105587,-0.011843
0.019216,-0.107491,-0.012030
0.020726,-0.104527,-0.014353
0.022150,-0.105144,-0.014539
0.024231,-0.106828,-0.015799
0.025493,-0.107430,-0.016841
0.027824,-0.107235,-0.019118
0.029572,-0.106781,-0.020249
0.029456,-0.108562,-0.020768
0.030760,-0.106085,-0.021755
0.031090,-0.106929,-0.023224
0.034401,-0.107771,-0.024920
0.034366,-0.105877,-0.022673
0.036630,-0.107400,-0.026400
0.036640,-0.105297,-0.026160
-0.095978,-0.109068,-0.066363
-0.097834,-0.108320,-0.059511
-0.091686,-0.107264,-0.050606
-0.090979,-0.106220,-0.044468
-0.090772,-0.107730,-0.040983
-0.088361,-0.105987,-0.037471
-0.086722,-0.106835,-0.035260
-0.085671,-0.106128,-0.034753
-0.084701,-0.107501,-0.029536
-0.082561,-0.105502,-0.027983
-0.082522,-0.107661,-0.024300
-0.079738,-0.107315,-0.023311
-0.078139,-0.106054,-0.021916
-0.078098,-0.104899,-0.022291
-0.076200,-0.104637,-0.019060
-0.074304,-0.105810,-0.016625
-0.071755,-0.104568,-0.016203
-0.070435,-0.105324,-0.014647
-0.068648,-0.105465,-0.016870
-0.066153,-0.103748,-0.012521
-0.066551,-0.103627,-0.010872
-0.065316,-0.104391,-0.009013
-0.062551,-0.103768,-0.006273
-0.062132,-0.104592,-0.006350
-0.060103,-0.102528,-0.004831
-0.059066,-0.103030,-0.005360
-0.056335,-0.103535,-0.005213
-0.055552,-0.106732,-0.001811
-0.054799,-0.103773,-0.002219
-0.053589,-0.102109,-0.001358
-0.051793,-0.103817,-0.000270
-0.052345,-0.103492,0.001058
-0.049589,-0.101754,0.000027
-0.048066,-0.103895,0.001826
-0.047477,-0.102703,0.002818
-0.045032,-0.103112,0.002298
-0.043257,-0.103074,0.002725
-0.044002,-0.105486,0.004455
-0.042534,-0.104492,0.006089
-0.038774,-0.104189,0.005604
-0.038924,-0.104629,0.003682
-0.037733,-0.101776,0.006151
-0.035216,-0.102556,0.006229
-0.035630,-0.102701,0.006650
-0.033739,-0.103065,0.006940
-0.031767,-0.104383,0.006706
-0.030159,-0.103063,0.006248
-0.030987,-0.103942,0.004820
-0.026467,-0.102764,0.005587
-0.026486,-0.103712,0.006672
-0.024049,-0.103861,0.008030
-0.023094,-0.102069,0.007827
-0.022722,-0.101324,0.006047
-0.020645,-0.102919,0.005676
-0.020138,-0.104850,0.005579
-0.020547,-0.101012,0.006078
-0.016585,-0.101727,0.005357
-0.013524,-0.103029,0.003957
-0.013615,-0.104723,0.005186
-0.012549,-0.104318,0.003775
-0.010361,-0.102541,0.002664
-0.010913,-0.104327,0.000966
-0.007374,-0.104058,0.002908
-0.006904,-0.102585,-0.000730
-0.002923,-0.102641,0.001123
-0.002978,-0.102641,0.000741
-0.004350,-0.104302,0.000407
-0.002324,-0.104617,0.000248
-0.001221,-0.102460,-0.001734
0.002818,-0.104955,-0.001036
0.002827,-0.104927,-0.003985
0.003483,-0.103952,-0.003101
0.004131,-0.103600,-0.002194
0.006304,-0.104394,-0.004332
0.009263,-0.104172,-0.005375
0.011235,-0.104867,-0.007849
0.010676,-0.104621,-0.007407
0.013546,-0.104941,-0.008960
0.012587,-0.104386,-0.008860
0.016144,-0.105471,-0.012800
0.017394,-0.103520,-0.010822
0.018583,-0.104649,-0.010538
0.018972,-0.103766,-0.012469
0.021197,-0.104201,-0.012812
0.020926,-0.104041,-0.014989
0.023628,-0.105167,-0.016662
0.025982,-0.104945,-0.016424
0.025895,-0.106113,-0.019913
0.028087,-0.105149,-0.019438
0.030829,-0.106583,-0.021010
0.031244,-0.104559,-0.021070
0.032567,-0.105408,-0.022990
0.034547,-0.106315,-0.024426
0.034519,-0.104046,-0.025935
0.036209,-0.104424,-0.022777
0.037214,-0.104670,-0.026101
0.040344,-0.104988,-0.026753
0.040758,-0.104771,-0.031143
-0.097856,-0.105748,-0.064096
-0.096188,-0.106718,-0.058625
-0.093016,-0.106292,-0.048804
-0.090240,-0.103471,-0.043456
-0.088671,-0.103877,-0.041062
-0.088345,-0.105172,-0.039090
-0.086667,-0.104818,-0.036425
-0.085531,-0.106886,-0.034624
-0.084566,-0.102649,-0.032327
-0.082815,-0.104279,-0.026118
-0.080560,-0.103674,-0.025150
-0.080134,-0.103645,-0.024262
-0.079390,-0.103963,-0.021638
-0.076126,-0.103709,-0.020142
-0.076509,-0.103476,-0.019783
-0.073919,-0.102773,-0.016863
-0.072554,-0.102124,-0.016902
-0.071206,-0.104184,-0.014604
-0.069338,-0.103943,-0.013796
-0.068710,-0.102162,-0.011649
-0.066020,-0.102328,-0.011290
-0.065970,-0.101966,-0.008859
-0.064423,-0.100467,-0.007042
-0.061474,-0.102521,-0.006859
-0.060732,-0.101649,-0.004872
-0.059781,-0.102138,-0.003365
-0.057811,-0.099398,-0.003902
-0.057488,-0.103396,-0.002027
-0.056191,-0.102499,-0.002125
-0.054414,-0.102931,-0.000633
-0.051101,-0.102005,-0.000039
-0.051346,-0.104303,0.000715
-0.048468,-0.102931,0.001355
-0.049401,-0.101697,0.002479
-0.046892,-0.103564,0.000620
-0.044545,-0.102700,0.004942
-0.043282,-0.102205,0.003913
-0.041678,-0.103104,0.003847
-0.042097,-0.100643,0.004084
-0.041466,-0.099623,0.004661
-0.037336,-0.102024,0.007859
-0.038936,-0.101220,0.004654
-0.037215,-0.102629,0.005890
-0.032437,-0.101194,0.008462
-0.032099,-0.103080,0.007042
-0.030973,-0.103169,0.006166
-0.029021,-0.102373,0.006915
-0.029050,-0.101183,0.006120
-0.028359,-0.102059,0.007445
-0.025698,-0.101654,0.007365
-0.023515,-0.103289,0.008213
-0.025601,-0.102808,0.008909
-0.021449,-0.101567,0.007166
-0.019053,-0.100393,0.007785
-0.020034,-0.101342,0.006326
-0.016909,-0.103152,0.004603
-0.015429,-0.102831,0.005524
-0.015357,-0.102536,0.004303
-0.013962,-0.100642,0.004145
-0.012087,-0.102276,0.002726
-0.011079,-0.102951,0.003900
-0.010184,-0.103051,0.003316
-0.007242,-0.102543,0.003401
-0.007885,-0.101077,0.002093
-0.006584,-0.101349,0.001779
-0.004439,-0.099938,0.000461
-0.003819,-0.102547,-0.000265
-0.001843,-0.101582,-0.000079
0.000329,-0.101663,-0.000145
0.001541,-0.101858,-0.002571
0.002935,-0.102031,-0.002612
0.002891,-0.102880,-0.002624
0.004913,-0.102329,-0.003402
0.006359,-0.100535,-0.006295
0.009093,-0.100802,-0.007678
0.009819,-0.101905,-0.007445
0.012361,-0.100785,-0.008924
0.012729,-0.103252,-0.006954
0.014546,-0.101084,-0.010164
0.015322,-0.105002,-0.010333
0.014484,-0.101459,-0.011442
0.020211,-0.104438,-0.012460
0.021010,-0.102740,-0.013440
0.021709,-0.103220,-0.015118
0.023301,-0.103843,-0.015338
0.023283,-0.102447,-0.017090
0.025036,-0.103718,-0.016917
0.026663,-0.103169,-0.017645
0.029858,-0.105432,-0.019994
0.028512,-0.104873,-0.019690
0.031323,-0.102274,-0.021404
0.032657,-0.103998,-0.021589
0.033653,-0.103514,-0.023841
0.034295,-0.103017,-0.024754
0.035653,-0.104653,-0.024657
0.038337,-0.104571,-0.023839
0.039545,-0.104589,-0.027082
0.040493,-0.106110,-0.030101
0.041095,-0.104466,-0.032304
0.043426,-0.103081,-0.033194
0.045678,-0.104835,-0.035051
-0.098240,-0.106058,-0.065180
-0.095727,-0.107723,-0.057327
-0.093387,-0.102605,-0.048985
-0.090505,-0.102249,-0.042280
-0.091637,-0.103530,-0.040893
-0.088112,-0.102409,-0.038819
-0.086385,-0.103129,-0.034808
-0.085749,-0.103400,-0.030786
-0.082721,-0.102994,-0.030044
-0.081489,-0.103771,-0.024517
-0.081522,-0.104922,-0.024225
-0.077595,-0.100437,-0.023612
-0.079044,-0.101643,-0.021297
-0.076887,-0.103727,-0.020404
-0.075327,-0.101883,-0.016921
-0.074687,-0.103282,-0.016828
-0.072376,-0.100710,-0.016397
-0.068936,-0.101486,-0.014662
-0.069735,-0.099694,-0.012652
-0.067131,-0.100805,-0.009278
-0.066749,-0.100938,-0.009406
-0.064760,-0.099766,-0.008061
-0.063222,-0.101577,-0.005773
-0.060582,-0.100736,-0.006402
-0.060649,-0.099664,-0.005761
-0.059601,-0.100895,-0.003978
-0.058297,-0.100046,-0.001376
-0.056914,-0.099790,-0.002097
-0.054512,-0.100995,-0.002023
-0.053761,-0.099817,-0.001095
-0.051614,-0.101216,-0.000339
-0.052514,-0.099962,0.001133
-0.049466,-0.100608,0.000811
-0.048873,-0.101315,0.002272
-0.047880,-0.099196,0.003013
-0.046183,-0.100531,0.005862
-0.044322,-0.099749,0.004861
-0.043112,-0.100872,0.005147
-0.040863,-0.098000,0.005627
-0.039576,-0.100768,0.005906
-0.037547,-0.099261,0.004963
-0.035867,-0.102898,0.005787
-0.036462,-0.101076,0.004676
-0.033656,-0.099660,0.007049
-0.032710,-0.101067,0.006536
-0.030548,-0.099333,0.004603
-0.031547,-0.097461,0.004085
-0.029311,-0.101255,0.006310
-0.026457,-0.100218,0.008628
-0.026660,-0.099519,0.007548
-0.024547,-0.099260,0.006356
-0.022398,-0.099748,0.007765
-0.022530,-0.098531,0.005500
-0.021920,-0.099943,0.006825
-0.018951,-0.099879,0.004122
-0.020435,-0.099978,0.004886
-0.015461,-0.099985,0.003400
-0.016548,-0.098892,0.005037
-0.014438,-0.100449,0.004519
-0.011887,-0.098859,0.003541
-0.012049,-0.099162,0.003140
-0.009069,-0.100411,0.003242
-0.007083,-0.098850,0.001861
-0.008440,-0.099794,0.002901
-0.006015,-0.100484,0.001648
-0.005151,-0.102417,-0.000188
-0.001312,-0.100155,-0.001145
-0.001867,-0.101140,0.001145
-0.001128,-0.100322,-0.002391
0.000468,-0.100846,-0.001773
0.002432,-0.100826,-0.001867
0.004398,-0.100466,-0.003213
0.004706,-0.099839,-0.004806
0.008120,-0.101169,-0.005010
0.008657,-0.100674,-0.005062
0.009862,-0.101052,-0.006143
0.012348,-0.100265,-0.007892
0.014408,-0.100828,-0.010629
0.015333,-0.101702,-0.009329
0.016915,-0.101863,-0.010408
0.017788,-0.101438,-0.013016
0.017881,-0.102685,-0.012421
0.017196,-0.101387,-0.013050
0.020422,-0.101751,-0.015580
0.022067,-0.100226,-0.017284
0.022479,-0.100349,-0.016605
0.024504,-0.102876,-0.016924
0.026582,-0.102488,-0.018747
0.028234,-0.102863,-0.019209
0.026926,-0.102015,-0.021049
0.029749,-0.101404,-0.018958
0.029324,-0.101702,-0.021416
0.032984,-0.101163,-0.021996
0.032385,-0.099489,-0.023605
0.035659,-0.103380,-0.023190
0.037684,-0.103526,-0.026806
0.039266,-0.104175,-0.027685
0.040087,-0.103181,-0.031235
0.043481,-0.103019,-0.030404
0.044461,-0.101814,-0.032940
0.044272,-0.103450,-0.036350
0.047038,-0.103831,-0.036708
0.045701,-0.103662,-0.039268
-0.096373,-0.104147,-0.066426
-0.095829,-0.103921,-0.057524
-0.092319,-0.103161,-0.049850
-0.090613,-0.101719,-0.042913
-0.090401,-0.104123,-0.038932
-0.089012,-0.103662,-0.038981
-0.087189,-0.101907,-0.035114
-0.084308,-0.102008,-0.033318
-0.082024,-0.101102,-0.031398
-0.083059,-0.100231,-0.028155
-0.080758,-0.102773,-0.024485
-0.081539,-0.101371,-0.021665
-0.079821,-0.101082,-0.019559
-0.078842,-0.101491,-0.018909
-0.074724,-0.098374,-0.019733
-0.074353,-0.098953,-0.017231
-0.073925,-0.098338,-0.016459
-0.071762,-0.099055,-0.014100
-0.069357,-0.099653,-0.013586
-0.068430,-0.100054,-0.010784
-0.067698,-0.101275,-0.008517
-0.064933,-0.098360,-0.008623
-0.063450,-0.100220,-0.007211
-0.062519,-0.100238,-0.006254
-0.061081,-0.099995,-0.004264
-0.060097,-0.100948,-0.003502
-0.057186,-0.099333,-0.004220
-0.056876,-0.098826,-0.000909
-0.055043,-0.097891,-0.001542
-0.053640,-0.098408,0.000586
-0.052513,-0.099136,-0.000448
-0.051158,-0.099375,0.003382
-0.049840,-0.100132,0.001925
-0.048957,-0.098230,0.002512
-0.046017,-0.098777,0.003030
-0.046460,-0.097850,0.004788
-0.044128,-0.097987,0.004649
-0.042581,-0.098487,0.006025
-0.041710,-0.099166,0.006197
-0.040068,-0.099142,0.004383
-0.036836,-0.096936,0.006285
-0.037275,-0.097991,0.006223
-0.036814,-0.098764,0.007211
-0.032805,-0.098434,0.004812
-0.031523,-0.098297,0.007603
-0.032593,-0.097441,0.005447
-0.031692,-0.098887,0.006376
-0.027681,-0.096614,0.006717
-0.028723,-0.099167,0.007852
-0.027818,-0.100146,0.006912
-0.023658,-0.097014,0.007744
-0.023778,-0.098191,0.004905
-0.021809,-0.096730,0.008229
-0.020440,-0.097289,0.006463
-0.019038,-0.097421,0.007449
-0.017279,-0.100205,0.003893
-0.015901,-0.095422,0.004660
-0.015245,-0.097844,0.004476
-0.014036,-0.097169,0.003389
-0.011154,-0.098547,0.002992
-0.011346,-0.098343,0.003151
-0.008507,-0.098203,0.002193
-0.007848,-0.100493,0.002922
-0.006458,-0.098932,0.001709
-0.005046,-0.100135,0.002376
-0.003803,-0.098936,-0.000115
-0.003653,-0.100199,0.000403
-0.003139,-0.097446,0.000020
-0.000071,-0.100323,-0.000606
0.001849,-0.099538,-0.002937
0.004976,-0.098189,-0.002951
0.005018,-0.098832,-0.005135
0.006214,-0.099175,-0.004622
0.009509,-0.097991,-0.005025
0.008990,-0.100211,-0.005295
0.009587,-0.100432,-0.007239
0.011704,-0.099368,-0.007567
0.012684,-0.100430,-0.007912
0.013485,-0.099883,-0.009178
0.016118,-0.102236,-0.009894
0.018195,-0.099940,-0.010233
0.017589,-0.099240,-0.014067
0.018138,-0.099323,-0.013860
0.022975,-0.099372,-0.012402
0.021824,-0.100113,-0.015341
0.023815,-0.101212,-0.016218
0.026404,-0.099079,-0.016360
0.027999,-0.100433,-0.018750
0.028755,-0.100302,-0.016288
0.028757,-0.098387,-0.018797
0.031520,-0.100684,-0.019841
0.031810,-0.098551,-0.021593
0.034021,-0.100002,-0.021948
0.036098,-0.099345,-0.022666
0.035726,-0.099929,-0.024009
0.035810,-0.100149,-0.023924
0.039234,-0.101439,-0.027039
0.040497,-0.101502,-0.029741
0.042414,-0.099681,-0.030576
0.043677,-0.102273,-0.032154
0.046137,-0.100456,-0.035498
0.047103,-0.100163,-0.035441
0.046933,-0.102027,-0.037268
0.048382,-0.104188,-0.039924
0.049135,-0.101607,-0.042921
-0.096455,-0.102084,-0.064337
-0.095400,-0.101442,-0.057291
-0.093507,-0.100643,-0.049403
-0.091734,-0.099522,-0.043595
-0.089468,-0.101003,-0.041132
-0.090508,-0.098792,-0.037699
-0.086553,-0.101308,-0.034950
-0.085128,-0.099406,-0.031975
-0.083117,-0.098090,-0.028905
-0.084163,-0.099078,-0.026127
-0.080564,-0.098441,-0.025057
-0.078456,-0.098102,-0.022804
-0.077049,-0.097003,-0.019737
-0.076956,-0.098433,-0.018629
-0.075434,-0.099325,-0.017914
-0.074572,-0.097007,-0.015800
-0.072415,-0.098661,-0.015881
-0.070243,-0.099109,-0.011461
-0.069029,-0.100138,-0.012624
-0.066302,-0.096390,-0.010498
-0.066688,-0.097465,-0.009298
-0.066376,-0.098116,-0.009615
-0.064091,-0.097281,-0.007656
-0.063106,-0.099327,-0.004992
-0.061617,-0.099716,-0.006392
-0.059132,-0.098964,-0.004641
-0.057415,-0.096388,-0.004978
-0.057387,-0.098028,-0.002072
-0.055150,-0.098898,-0.002116
-0.053125,-0.097550,-0.002103
-0.052706,-0.097315,-0.000606
-0.051913,-0.098014,0.000095
-0.048716,-0.097489,0.003118
-0.047268,-0.096362,0.005019
-0.047456,-0.098080,0.004792
-0.044194,-0.097286,0.004216
-0.043856,-0.097097,0.005415
-0.044009,-0.096927,0.005510
-0.039550,-0.096484,0.005123
-0.040403,-0.097925,0.006173
-0.039233,-0.094231,0.004638
-0.035746,-0.098043,0.006260
-0.033741,-0.098958,0.004676
-0.034122,-0.096498,0.007105
-0.033642,-0.095665,0.006071
-0.032344,-0.097100,0.007950
-0.030262,-0.097348,0.007640
-0.028628,-0.095694,0.007134
-0.028347,-0.096505,0.008089
-0.025799,-0.096105,0.008964
-0.024534,-0.095372,0.004737
-0.023820,-0.096845,0.007643
-0.021193,-0.098585,0.007010
-0.021290,-0.096112,0.006577
-0.019474,-0.097614,0.005733
-0.017483,-0.096823,0.005938
-0.016088,-0.096666,0.004959
-0.016259,-0.096634,0.004984
-0.012758,-0.096391,0.004519
-0.012554,-0.096468,0.003354
-0.011265,-0.097015,0.002806
-0.010729,-0.096362,0.005195
-0.008505,-0.096515,0.000379
-0.007695,-0.098032,0.000976
-0.006476,-0.096874,0.003676
-0.004569,-0.095482,0.003040
-0.001199,-0.096338,-0.002105
-0.001859,-0.097463,-0.000386
0.000578,-0.098567,-0.001060
0.002012,-0.097899,-0.002258
0.002342,-0.096362,-0.003844
0.003768,-0.097228,-0.004135
0.005977,-0.097621,-0.006558
0.007087,-0.098319,-0.005039
0.010940,-0.099095,-0.007506
0.010262,-0.097548,-0.007962
0.011260,-0.099176,-0.006742
0.013355,-0.098121,-0.006649
0.015450,-0.098532,-0.007264
0.015690,-0.097910,-0.008640
0.017045,-0.100713,-0.011109
0.019949,-0.098168,-0.010137
0.018889,-0.098684,-0.011938
0.019708,-0.099690,-0.014157
0.022941,-0.098223,-0.014114
0.025375,-0.099169,-0.016886
0.024650,-0.098862,-0.017065
0.025883,-0.097822,-0.017393
0.028256,-0.098982,-0.019101
0.031049,-0.098786,-0.019045
0.029713,-0.100494,-0.020555
0.032110,-0.099575,-0.021415
0.034997,-0.098618,-0.021250
0.034857,-0.099218,-0.023391
0.036849,-0.099110,-0.022403
0.038849,-0.099110,-0.025616
0.039213,-0.099472,-0.023963
0.040215,-0.098532,-0.030272
0.042167,-0.101074,-0.030115
0.043919,-0.099132,-0.031843
0.043896,-0.099619,-0.034271
0.047994,-0.101747,-0.037130
0.048847,-0.100856,-0.039113
0.049644,-0.102656,-0.041026
0.048803,-0.101848,-0.041592
0.052603,-0.101602,-0.044012
0.052369,-0.102077,-0.046347
-0.096166,-0.100808,-0.065046
-0.096987,-0.098963,-0.056215
-0.092596,-0.100365,-0.046787
-0.091646,-0.098004,-0.042734
-0.090134,-0.098671,-0.038620
-0.087037,-0.096576,-0.037196
-0.088365,-0.098607,-0.034861
-0.085257,-0.098510,-0.031964
-0.084257,-0.097461,-0.030190
-0.080896,-0.096522,-0.026055
-0.081116,-0.098292,-0.023362
-0.080190,-0.099649,-0.021241
-0.078646,-0.098838,-0.021409
-0.077421,-0.095541,-0.019626
-0.074662,-0.096559,-0.019209
-0.072208,-0.096653,-0.017056
-0.073165,-0.096965,-0.014896
-0.069442,-0.095225,-0.012834
-0.070587,-0.095517,-0.011085
-0.068832,-0.096815,-0.009680
-0.065671,-0.095347,-0.007276
-0.065064,-0.094265,-0.005975
-0.064296,-0.094762,-0.006082
-0.062883,-0.095224,-0.005572
-0.059944,-0.097001,-0.004594
-0.059112,-0.094552,-0.003655
-0.058507,-0.097072,-0.003137
-0.056597,-0.096315,-0.000510
-0.056622,-0.095043,-0.002228
-0.053145,-0.096717,-0.000045
-0.052622,-0.095176,0.003269
-0.051068,-0.095718,0.000513
-0.048440,-0.095877,0.001490
-0.048033,-0.096029,0.003215
-0.045409,-0.095181,0.003985
-0.046337,-0.095871,0.005137
-0.040897,-0.096320,0.005744
-0.042557,-0.094880,0.004102
-0.042398,-0.094275,0.004859
-0.038872,-0.095216,0.007559
-0.038633,-0.096103,0.006405
-0.037226,-0.095234,0.005742
-0.035765,-0.095631,0.006064
-0.032875,-0.094478,0.006175
-0.032534,-0.094319,0.005474
-0.032069,-0.095409,0.006117
-0.031254,-0.094957,0.006440
-0.029248,-0.095588,0.007041
-0.025158,-0.094390,0.007843
-0.026147,-0.096686,0.006062
-0.023682,-0.096019,0.006202
-0.024563,-0.094613,0.007723
-0.020776,-0.095130,0.006949
-0.021216,-0.096115,0.004821
-0.018244,-0.094799,0.004603
-0.017190,-0.096070,0.005855
-0.016125,-0.096184,0.004937
-0.014129,-0.095145,0.003518
-0.013270,-0.095449,0.004274
-0.011792,-0.093741,0.002939
-0.008884,-0.094863,0.002647
-0.008872,-0.094763,0.004541
-0.009738,-0.095552,0.002162
-0.006379,-0.094791,0.003810
-0.004314,-0.094339,0.001793
-0.004041,-0.096570,-0.001207
-0.001175,-0.096139,0.000864
-0.001462,-0.096689,-0.001395
0.001300,-0.097034,0.001280
0.000576,-0.096432,-0.000233
0.001095,-0.094340,-0.002020
0.004747,-0.097546,-0.002620
0.007097,-0.095628,-0.002971
0.007944,-0.095855,-0.005888
0.008747,-0.095703,-0.005454
0.009319,-0.096089,-0.008382
0.011898,-0.095300,-0.008801
0.011940,-0.096739,-0.008210
0.013869,-0.097182,-0.009343
0.017626,-0.097494,-0.011413
0.015822,-0.094452,-0.012711
0.018414,-0.096627,-0.012693
0.019036,-0.095732,-0.013192
0.022143,-0.097446,-0.014916
0.023316,-0.095390,-0.015463
0.024490,-0.096381,-0.015578
0.026970,-0.095967,-0.019469
0.025493,-0.097959,-0.016859
0.027689,-0.096078,-0.018135
0.030368,-0.096243,-0.020566
0.031789,-0.097930,-0.018406
0.032030,-0.098101,-0.021296
0.032565,-0.095899,-0.021707
0.032668,-0.097644,-0.022767
0.037167,-0.099096,-0.023454
0.036149,-0.099072,-0.025572
0.039555,-0.097416,-0.029671
0.040104,-0.095803,-0.028474
0.042541,-0.097210,-0.028371
0.043348,-0.096831,-0.033992
0.043970,-0.099349,-0.034489
0.047548,-0.098337,-0.037219
0.048240,-0.098932,-0.038862
0.049322,-0.100334,-0.040092
0.051041,-0.097203,-0.042011
0.051522,-0.100110,-0.043445
0.054313,-0.098802,-0.046277
0.053526,-0.101448,-0.049020
0.054868,-0.098981,-0.052240
-0.095324,-0.100299,-0.062159
-0.094995,-0.098433,-0.054854
-0.094927,-0.097516,-0.048782
-0.091967,-0.096883,-0.043768
-0.088273,-0.096872,-0.041171
-0.089638,-0.097373,-0.037298
-0.086331,-0.096690,-0.034958
-0.085001,-0.097116,-0.031626
-0.083276,-0.097607,-0.030048
-0.082474,-0.096045,-0.025489
-0.081310,-0.096366,-0.024347
-0.080278,-0.096016,-0.020297
-0.078062,-0.096899,-0.021885
-0.075725,-0.096631,-0.021043
-0.075665,-0.094381,-0.019274
-0.074058,-0.093819,-0.017026
-0.073892,-0.095080,-0.015459
-0.070315,-0.096330,-0.012074
-0.069098,-0.094940,-0.012160
-0.068735,-0.094752,-0.011574
-0.067675,-0.093611,-0.008072
-0.064868,-0.094110,-0.008386
-0.062853,-0.092849,-0.007126
-0.062137,-0.093382,-0.005636
-0.062354,-0.093591,-0.002790
-0.060420,-0.093340,-0.001942
-0.057053,-0.094889,-0.004038
-0.054965,-0.094276,0.001134
-0.055458,-0.094908,-0.001430
-0.052556,-0.092043,-0.001065
-0.051916,-0.094666,-0.000010
-0.050213,-0.094073,0.002146
-0.050433,-0.094641,0.001702
-0.047282,-0.092384,0.003696
-0.046731,-0.094799,0.005710
-0.046111,-0.093887,0.004876
-0.042003,-0.094080,0.007182
-0.042936,-0.093448,0.005215
-0.042025,-0.093342,0.006071
-0.040045,-0.096007,0.005191
-0.037667,-0.092805,0.007899
-0.037377,-0.093284,0.005775
-0.035107,-0.094050,0.008099
-0.035776,-0.093348,0.007199
-0.034580,-0.091782,0.006830
-0.031344,-0.093786,0.007887
-0.030818,-0.095522,0.006767
-0.028183,-0.094044,0.006901
-0.026782,-0.095036,0.007558
-0.027333,-0.093436,0.007635
-0.024731,-0.094211,0.009290
-0.023763,-0.094152,0.007581
-0.022629,-0.095522,0.006180
-0.019691,-0.093463,0.006857
-0.017860,-0.094565,0.004755
-0.016913,-0.094256,0.005566
-0.017561,-0.093982,0.002267
-0.015788,-0.093768,0.005465
-0.012760,-0.094778,0.001557
-0.011642,-0.094234,0.003771
-0.009821,-0.095154,0.003461
-0.008178,-0.092786,0.002321
-0.008632,-0.094500,0.003169
-0.006663,-0.094003,0.003162
-0.006683,-0.093740,0.001046
-0.005080,-0.093595,0.002193
0.000405,-0.093428,0.000097
-0.002254,-0.092239,-0.001007
0.000480,-0.092466,-0.001983
0.002751,-0.093665,-0.000344
0.001824,-0.092748,-0.002605
0.004296,-0.093148,-0.004166
0.004504,-0.093651,-0.003471
0.007173,-0.094362,-0.004845
0.006808,-0.093407,-0.005716
0.010741,-0.096247,-0.005847
0.011741,-0.094672,-0.006572
0.014222,-0.092727,-0.008233
0.013528,-0.093127,-0.008182
0.016290,-0.094352,-0.010029
0.016457,-0.093959,-0.012068
0.018559,-0.096066,-0.012907
0.017293,-0.095859,-0.012918
0.020862,-0.095927,-0.013039
0.021301,-0.095050,-0.014221
0.023971,-0.095094,-0.014329
0.024521,-0.096647,-0.015673
0.025241,-0.095525,-0.014755
0.027148,-0.096813,-0.018249
0.028434,-0.097176,-0.018467
0.030125,-0.095368,-0.019674
0.033438,-0.094498,-0.019350
0.031966,-0.095507,-0.020379
0.034441,-0.096256,-0.022634
0.036164,-0.098128,-0.022732
0.040426,-0.096352,-0.024308
0.040728,-0.095131,-0.027357
0.040786,-0.097186,-0.030351
0.042012,-0.095247,-0.031399
0.041811,-0.097161,-0.032642
0.046220,-0.097326,-0.034057
0.045569,-0.096663,-0.036211
0.047542,-0.097943,-0.037102
0.049730,-0.097644,-0.039314
0.049563,-0.096193,-0.042868
0.054107,-0.097566,-0.042044
0.052777,-0.098162,-0.046890
0.052884,-0.099449,-0.049129
0.054979,-0.097615,-0.054057
-0.096727,-0.095210,-0.063131
-0.095250,-0.097839,-0.054673
-0.093696,-0.096969,-0.047953
-0.090847,-0.095898,-0.042098
-0.090264,-0.095280,-0.040925
-0.088054,-0.096549,-0.038237
-0.087596,-0.095130,-0.035181
-0.087638,-0.095014,-0.031875
-0.085529,-0.094924,-0.028816
-0.083122,-0.094648,-0.023659
-0.081389,-0.093891,-0.021931
-0.078618,-0.093953,-0.022357
-0.078536,-0.093691,-0.019799
-0.076342,-0.092955,-0.020186
-0.076866,-0.093846,-0.017569
-0.075979,-0.094925,-0.013937
-0.073469,-0.093341,-0.014026
-0.069903,-0.092825,-0.012813
-0.067702,-0.093535,-0.012116
-0.067660,-0.092840,-0.009694
-0.066895,-0.092944,-0.009093
-0.064055,-0.092294,-0.006866
-0.062269,-0.094905,-0.004688
-0.063548,-0.093916,-0.004523
-0.061208,-0.093033,-0.003365
-0.060542,-0.092736,-0.003661
-0.056707,-0.092835,-0.002752
-0.055275,-0.092875,-0.002350
-0.056216,-0.091933,-0.001380
-0.054400,-0.092096,0.000766
-0.052096,-0.091727,0.000602
-0.050007,-0.094102,0.002844
-0.050049,-0.092855,0.003589
-0.047653,-0.091045,0.004646
-0.046281,-0.092375,0.003712
-0.044854,-0.093658,0.007444
-0.043481,-0.091826,0.005403
-0.041746,-0.091578,0.006096
-0.041265,-0.092535,0.006158
-0.039246,-0.092713,0.007773
-0.039613,-0.092638,0.007226
-0.036214,-0.091188,0.007378
-0.035262,-0.090946,0.006603
-0.032968,-0.093236,0.006395
-0.032207,-0.091955,0.006160
-0.031405,-0.092964,0.008920
-0.029343,-0.092474,0.007248
-0.028663,-0.091233,0.008050
-0.028093,-0.091456,0.007275
-0.026882,-0.091945,0.008664
-0.024486,-0.091282,0.005598
-0.022883,-0.091044,0.007420
-0.022814,-0.090777,0.007426
-0.018097,-0.091234,0.005632
-0.019641,-0.091078,0.005676
-0.016965,-0.092240,0.005053
-0.016195,-0.091680,0.003751
-0.015469,-0.093547,0.005563
-0.013232,-0.091218,0.003519
-0.013030,-0.090798,0.004485
-0.011469,-0.093266,0.004734
-0.008594,-0.092408,0.003624
-0.006107,-0.091610,0.002179
-0.007067,-0.092817,0.001193
-0.004405,-0.094174,0.002933
-0.004704,-0.091374,0.003480
-0.001837,-0.092794,0.001780
-0.000796,-0.093291,-0.003092
0.000395,-0.093538,0.000147
0.004045,-0.092604,0.000379
0.002641,-0.091846,-0.002953
0.005352,-0.093538,-0.003674
0.007151,-0.091933,-0.003501
0.007031,-0.093534,-0.005143
0.007922,-0.093473,-0.005709
0.012488,-0.092713,-0.006414
0.011025,-0.093119,-0.007933
0.012018,-0.091490,-0.008959
0.014720,-0.093214,-0.009748
0.014168,-0.092394,-0.009497
0.016583,-0.092147,-0.010587
0.017951,-0.093174,-0.011678
0.021003,-0.093509,-0.012452
0.020657,-0.092175,-0.012767
0.021877,-0.092913,-0.015606
0.024040,-0.093665,-0.013791
0.024405,-0.093567,-0.016598
0.025942,-0.094191,-0.016779
0.028322,-0.094706,-0.018116
0.028676,-0.095219,-0.018578
0.030290,-0.094458,-0.018731
0.032307,-0.094431,-0.019787
0.034142,-0.094661,-0.022987
0.034995,-0.093946,-0.022328
0.036439,-0.093566,-0.023366
0.039260,-0.093703,-0.023798
0.038899,-0.093624,-0.026337
0.039140,-0.095105,-0.027905
0.041966,-0.095486,-0.031106
0.044156,-0.095515,-0.032187
0.045778,-0.095115,-0.034275
0.047558,-0.096149,-0.035893
0.047892,-0.096225,-0.038335
0.049954,-0.096171,-0.041415
0.050251,-0.095705,-0.042761
0.051149,-0.095199,-0.044693
0.052688,-0.096037,-0.044923
0.057206,-0.096021,-0.052095
0.054289,-0.096812,-0.052620
0.057356,-0.096417,-0.059455
-0.095897,-0.096215,-0.063740
-0.094205,-0.095288,-0.056229
-0.093346,-0.095098,-0.044913
-0.093520,-0.093117,-0.044369
-0.090602,-0.095308,-0.039234
-0.087636,-0.094108,-0.036882
-0.088073,-0.095484,-0.033573
-0.085838,-0.092274,-0.033018
-0.084744,-0.093925,-0.029407
-0.083482,-0.093238,-0.024987
-0.080813,-0.092962,-0.022657
-0.079664,-0.090641,-0.021860
-0.077609,-0.091382,-0.020938
-0.075884,-0.092425,-0.019862
-0.077272,-0.093156,-0.017313
-0.075040,-0.090969,-0.015842
-0.072828,-0.092132,-0.013109
-0.068814,-0.090508,-0.011693
-0.069400,-0.092239,-0.013591
-0.067941,-0.091148,-0.008546
-0.067026,-0.091511,-0.010223
-0.065893,-0.091554,-0.005306
-0.063902,-0.091063,-0.006869
-0.064404,-0.091836,-0.003385
-0.062329,-0.093788,-0.003445
-0.059738,-0.090466,-0.003419
-0.059509,-0.091907,-0.002181
-0.058502,-0.091119,-0.000094
-0.055264,-0.090348,-0.000121
-0.053999,-0.091447,0.000617
-0.051219,-0.090324,0.002229
-0.049638,-0.092733,0.001940
-0.049044,-0.090395,0.002803
-0.048019,-0.089862,0.002844
-0.046134,-0.090018,0.004973
-0.043932,-0.090691,0.006637
-0.045361,-0.090892,0.005464
-0.043551,-0.091236,0.005960
-0.040624,-0.090727,0.005268
-0.041225,-0.090926,0.006325
-0.036934,-0.090209,0.006181
-0.035138,-0.092632,0.005694
-0.037264,-0.090101,0.004961
-0.033214,-0.090484,0.007262
-0.031807,-0.089161,0.007990
-0.032490,-0.089432,0.005943
-0.030116,-0.091610,0.008862
-0.029603,-0.089203,0.007608
-0.026952,-0.089199,0.008476
-0.024910,-0.088333,0.008701
-0.025730,-0.089318,0.008486
-0.021329,-0.091113,0.007648
-0.021170,-0.088068,0.007290
-0.020283,-0.089687,0.007579
-0.017773,-0.090184,0.007150
-0.016355,-0.091136,0.006544
-0.014786,-0.092072,0.005616
-0.017511,-0.092006,0.005211
-0.013591,-0.089431,0.004859
-0.010975,-0.091222,0.004506
-0.010841,-0.089360,0.003837
-0.010325,-0.091801,0.003012
-0.006877,-0.092321,0.001760
-0.007842,-0.090122,0.002304
-0.004852,-0.090075,0.002340
-0.004270,-0.089940,-0.000324
-0.001108,-0.090460,0.001317
0.000850,-0.090404,-0.000798
-0.000673,-0.092697,-0.001560
0.000575,-0.090489,-0.001203
0.003242,-0.091088,-0.002366
0.004361,-0.091908,-0.002375
0.006171,-0.089992,-0.004440
0.007443,-0.089998,-0.003837
0.008178,-0.091793,-0.004461
0.010916,-0.091611,-0.006551
0.011803,-0.090593,-0.007658
0.011793,-0.089922,-0.008382
0.014057,-0.092591,-0.008858
0.014926,-0.093067,-0.008099
0.019216,-0.091252,-0.009804
0.017735,-0.090632,-0.012899
0.020859,-0.091858,-0.011347
0.022508,-0.093312,-0.013764
0.021987,-0.090924,-0.013513
0.023381,-0.091852,-0.015896
0.025259,-0.091666,-0.016390
0.027461,-0.093881,-0.017460
0.028945,-0.092667,-0.017396
0.029877,-0.092873,-0.019029
0.030879,-0.094043,-0.019853
0.030594,-0.091379,-0.022661
0.033397,-0.092184,-0.022981
0.035356,-0.092944,-0.022126
0.036722,-0.091680,-0.022833
0.037792,-0.092000,-0.023383
0.040039,-0.093764,-0.028510
0.039224,-0.094210,-0.029832
0.042096,-0.092865,-0.029873
0.044182,-0.094021,-0.031502
0.045181,-0.093119,-0.034687
0.045555,-0.093492,-0.037161
0.048241,-0.093885,-0.038531
0.048952,-0.094142,-0.040076
0.050603,-0.093630,-0.041073
0.053379,-0.096068,-0.043234
0.052136,-0.093890,-0.044756
0.053374,-0.094710,-0.049529
0.056989,-0.094595,-0.055739
0.058184,-0.095134,-0.059761
0.058238,-0.095750,-0.066040
-0.098111,-0.092998,-0.061849
-0.094304,-0.093247,-0.055661
-0.092495,-0.094241,-0.046209
-0.092791,-0.092664,-0.044188
-0.090120,-0.094368,-0.039692
-0.087716,-0.090551,-0.037023
-0.087800,-0.092196,-0.035149
-0.083702,-0.092156,-0.029450
-0.084853,-0.091511,-0.028966
-0.083712,-0.090391,-0.025152
-0.080616,-0.091608,-0.022933
-0.078721,-0.090913,-0.021856
-0.078656,-0.090128,-0.019372
-0.079063,-0.089906,-0.017434
-0.075148,-0.089621,-0.017782
-0.073439,-0.091566,-0.014871
-0.073660,-0.089877,-0.013072
-0.070127,-0.089831,-0.012721
-0.069843,-0.090955,-0.012361
-0.069982,-0.092074,-0.009773
-0.066605,-0.089526,-0.008894
-0.064374,-0.089395,-0.005581
-0.061729,-0.089080,-0.006112
-0.061803,-0.091038,-0.003899
-0.061685,-0.089226,-0.004559
-0.060041,-0.089901,-0.002535
-0.056784,-0.088075,-0.001356
-0.057331,-0.089532,-0.001184
-0.055853,-0.088531,0.001101
-0.053453,-0.088293,0.000245
-0.050646,-0.088950,0.003398
-0.051110,-0.088084,0.002343
-0.049426,-0.089223,0.003241
-0.047591,-0.088217,0.006344
-0.046682,-0.088518,0.006403
-0.047547,-0.088577,0.005182
-0.043488,-0.090625,0.003472
-0.042620,-0.088090,0.006285
-0.040634,-0.088523,0.006124
-0.040316,-0.088840,0.006379
-0.039139,-0.089719,0.006145
-0.036906,-0.088088,0.005935
-0.036635,-0.087452,0.006253
-0.034236,-0.086886,0.006389
-0.034189,-0.088076,0.007438
-0.031029,-0.089230,0.008149
-0.030665,-0.088581,0.006170
-0.029842,-0.091075,0.008546
-0.026259,-0.089757,0.007990
-0.025100,-0.088609,0.008642
-0.026670,-0.088699,0.006914
-0.021293,-0.089136,0.007134
-0.022693,-0.087287,0.006533
-0.020074,-0.089018,0.004542
-0.019522,-0.090227,0.007186
-0.017532,-0.088374,0.005273
-0.014618,-0.087617,0.005640
-0.015248,-0.088749,0.004266
-0.012717,-0.089856,0.005153
-0.011549,-0.088917,0.004886
-0.010033,-0.087390,0.004336
-0.008859,-0.087125,0.004406
-0.008659,-0.087935,0.004181
-0.005477,-0.087973,0.001420
-0.006005,-0.088696,0.004442
-0.004023,-0.090245,0.001693
-0.001807,-0.088816,0.000281
-0.000431,-0.089906,0.000333
0.000018,-0.090213,-0.000278
0.000880,-0.089480,-0.001915
0.002832,-0.088935,-0.004003
0.006183,-0.090215,-0.004094
0.005707,-0.089905,-0.004967
0.008057,-0.089632,-0.004174
0.007534,-0.089694,-0.006342
0.009786,-0.089350,-0.007194
0.011626,-0.089698,-0.008641
0.012180,-0.088432,-0.007738
0.016477,-0.090069,-0.009611
0.015585,-0.090131,-0.009430
0.017448,-0.090582,-0.011846
0.018771,-0.091471,-0.012255
0.020523,-0.089805,-0.011406
0.020495,-0.091180,-0.015472
0.023587,-0.088090,-0.015253
0.024567,-0.091810,-0.015860
0.025471,-0.089968,-0.016357
0.025187,-0.089923,-0.015687
0.029370,-0.090471,-0.018140
0.029937,-0.090572,-0.019864
0.030109,-0.088217,-0.018940
0.032125,-0.091282,-0.020718
0.033669,-0.090081,-0.021203
0.034567,-0.091191,-0.022065
0.036707,-0.092132,-0.021999
0.039674,-0.092757,-0.024957
0.037637,-0.089760,-0.027378
0.041990,-0.089144,-0.029635
0.043525,-0.091001,-0.031861
0.045406,-0.093450,-0.032937
0.045033,-0.092407,-0.035274
0.045003,-0.092853,-0.035063
0.047322,-0.092003,-0.039525
0.049820,-0.093917,-0.038701
0.050760,-0.092052,-0.040536
0.053898,-0.092354,-0.039740
0.053207,-0.092835,-0.044576
0.052382,-0.093243,-0.048499
0.056534,-0.092339,-0.056233
0.058868,-0.092977,-0.062960
0.060136,-0.093786,-0.067046
0.059482,-0.092472,-0.071647
-0.096374,-0.090663,-0.061845
-0.094908,-0.090534,-0.055842
-0.093252,-0.090294,-0.047144
-0.091065,-0.092328,-0.040735
-0.089539,-0.091108,-0.038905
-0.088573,-0.090556,-0.036533
-0.087724,-0.090791,-0.035004
-0.086025,-0.091086,-0.030668
-0.083173,-0.090711,-0.027603
-0.081603,-0.089871,-0.025372
-0.081513,-0.089173,-0.021528
-0.080942,-0.087366,-0.020422
-0.080452,-0.088822,-0.017997
-0.076124,-0.090269,-0.019028
-0.075394,-0.088884,-0.016595
-0.075086,-0.089843,-0.014521
-0.074144,-0.086546,-0.013787
-0.071996,-0.087430,-0.010367
-0.069030,-0.087526,-0.012033
-0.067261,-0.089386,-0.009242
-0.065125,-0.086869,-0.006892
-0.065915,-0.087705,-0.005393
-0.063920,-0.087753,-0.004817
-0.062926,-0.088491,-0.002984
-0.059196,-0.087055,-0.002144
-0.059086,-0.086838,-0.002633
-0.058529,-0.088391,-0.003172
-0.057053,-0.088215,-0.002176
-0.055449,-0.087946,0.000247
-0.051592,-0.087725,0.001055
-0.051876,-0.089080,0.002265
-0.051208,-0.087146,0.004364
-0.049631,-0.087530,0.002328
-0.048279,-0.088180,0.005725
-0.046375,-0.087712,0.005062
-0.045225,-0.087337,0.005473
-0.042099,-0.085666,0.004981
-0.043011,-0.087954,0.005792
-0.040718,-0.087926,0.005029
-0.040775,-0.086981,0.005971
-0.037343,-0.087051,0.006844
-0.037119,-0.086591,0.007772
-0.036874,-0.086327,0.007703
-0.033173,-0.088024,0.006370
-0.030881,-0.087317,0.008699
-0.030700,-0.088394,0.006952
-0.029446,-0.088892,0.007815
-0.028045,-0.086273,0.006755
-0.027781,-0.087157,0.008493
-0.026112,-0.087370,0.007506
-0.025171,-0.088136,0.007166
-0.021425,-0.088371,0.008115
-0.020779,-0.087689,0.006487
-0.021845,-0.088685,0.007348
-0.019062,-0.086105,0.007195
-0.016769,-0.087508,0.004881
-0.015415,-0.087102,0.005212
-0.014164,-0.086134,0.003768
-0.014491,-0.085909,0.004363
-0.012864,-0.087573,0.003202
-0.008940,-0.088103,0.003537
-0.010007,-0.087222,0.004700
-0.008368,-0.087535,0.005602
-0.006682,-0.088159,0.001297
-0.005233,-0.085169,0.000297
-0.004871,-0.089388,0.001882
-0.002379,-0.086900,0.001454
-0.002074,-0.088571,0.001119
0.001630,-0.086094,-0.001726
0.001025,-0.085973,-0.000945
0.003676,-0.088891,-0.002104
0.004373,-0.086752,-0.003067
0.006068,-0.088390,-0.003433
0.006893,-0.087976,-0.003786
0.008162,-0.089760,-0.005649
0.012286,-0.087083,-0.007158
0.010218,-0.087539,-0.006865
0.012215,-0.089161,-0.007933
0.014002,-0.089471,-0.009719
0.015074,-0.088312,-0.009693
0.016763,-0.088438,-0.011546
0.018491,-0.088350,-0.012958
0.022243,-0.087265,-0.012649
0.021426,-0.088749,-0.013028
0.021751,-0.087768,-0.014964
0.023226,-0.089537,-0.014618
0.025633,-0.088089,-0.016151
0.025898,-0.089123,-0.016997
0.028470,-0.088094,-0.016919
0.029981,-0.088115,-0.018438
0.029291,-0.089262,-0.018259
0.032860,-0.088736,-0.018967
0.034480,-0.089089,-0.020149
0.035290,-0.087802,-0.021015
0.036777,-0.089068,-0.023734
0.038960,-0.091682,-0.025841
0.040303,-0.090290,-0.028047
0.038817,-0.091131,-0.026832
0.043837,-0.090428,-0.029342
0.043660,-0.089718,-0.032381
0.042527,-0.091096,-0.032938
0.046575,-0.091744,-0.034840
0.049205,-0.090673,-0.035908
0.049034,-0.090824,-0.039193
0.048528,-0.091826,-0.038713
0.052429,-0.091919,-0.041422
0.054000,-0.091904,-0.041166
0.056126,-0.090948,-0.047834
0.055291,-0.092574,-0.054697
0.057200,-0.092519,-0.060414
0.058588,-0.090952,-0.067922
0.061317,-0.092653,-0.071699
-0.097901,-0.091561,-0.059546
-0.095024,-0.089673,-0.052646
-0.092491,-0.089139,-0.046019
-0.089973,-0.089562,-0.043507
-0.089693,-0.088525,-0.039001
-0.086872,-0.089081,-0.038306
-0.087110,-0.090205,-0.033187
-0.088182,-0.087692,-0.031379
-0.086328,-0.086936,-0.025278
-0.081885,-0.088200,-0.022644
-0.081864,-0.087109,-0.022941
-0.078069,-0.087704,-0.021594
-0.079893,-0.087510,-0.018289
-0.077256,-0.085677,-0.017599
-0.074355,-0.086382,-0.016702
-0.073778,-0.088227,-0.014438
-0.071501,-0.087358,-0.012417
-0.070491,-0.086315,-0.011582
-0.069678,-0.088280,-0.008760
-0.066734,-0.086767,-0.008726
-0.069154,-0.086912,-0.008546
-0.066064,-0.087530,-0.004937
-0.063908,-0.086471,-0.004095
-0.061973,-0.086581,-0.003199
-0.059809,-0.086583,-0.002505
-0.059066,-0.086334,-0.002678
-0.059549,-0.086344,-0.000455
-0.057072,-0.085006,-0.000315
-0.056572,-0.085404,-0.000704
-0.052564,-0.086268,0.001703
-0.053659,-0.088132,0.002400
-0.050105,-0.087480,0.003003
-0.049200,-0.086192,0.004071
-0.049252,-0.083386,0.006202
-0.046500,-0.084948,0.005502
-0.046650,-0.084229,0.005088
-0.042432,-0.086441,0.005999
-0.040996,-0.086098,0.007111
-0.040439,-0.085191,0.006829
-0.039155,-0.085149,0.006878
-0.038822,-0.084590,0.005066
-0.035525,-0.086567,0.004710
-0.035019,-0.083681,0.008139
-0.034922,-0.085282,0.006263
-0.032627,-0.086542,0.007934
-0.030563,-0.084949,0.008597
-0.031692,-0.085336,0.004970
-0.028167,-0.086331,0.008130
-0.026970,-0.087659,0.006517
-0.026147,-0.086210,0.008412
-0.024611,-0.086152,0.005823
-0.023640,-0.084413,0.006282
-0.021957,-0.087657,0.006492
-0.019321,-0.086491,0.005557
-0.018257,-0.086139,0.004566
-0.018702,-0.087298,0.006071
-0.016298,-0.087034,0.005796
-0.015749,-0.087617,0.003894
-0.011740,-0.084826,0.005823
-0.013212,-0.085759,0.002700
-0.010110,-0.087507,0.003884
-0.007518,-0.085943,0.003012
-0.008233,-0.083623,0.004379
-0.005646,-0.087149,0.002848
-0.006629,-0.086996,0.003013
-0.002991,-0.085609,0.000672
-0.004101,-0.086807,0.000503
-0.000267,-0.085449,0.000658
0.000129,-0.087373,-0.001620
0.002077,-0.086676,-0.002040
0.003057,-0.087622,-0.002601
0.004874,-0.084128,-0.003098
0.004779,-0.085808,-0.004901
0.007344,-0.087728,-0.004375
0.010468,-0.086910,-0.006469
0.008551,-0.086035,-0.006382
0.012079,-0.085957,-0.006515
0.012840,-0.085069,-0.008151
0.014567,-0.086924,-0.009078
0.015069,-0.085915,-0.010970
0.017228,-0.086274,-0.011446
0.017650,-0.086813,-0.010606
0.019088,-0.087315,-0.014144
0.020904,-0.085856,-0.012453
0.022633,-0.083375,-0.014791
0.026004,-0.087486,-0.014094
0.025431,-0.087403,-0.015674
0.026084,-0.088214,-0.014204
0.028072,-0.087518,-0.018067
0.028798,-0.087842,-0.017263
0.029116,-0.087282,-0.016948
0.031471,-0.087397,-0.019353
0.034074,-0.087642,-0.021970
0.034203,-0.087723,-0.023232
0.035866,-0.088673,-0.023299
0.037155,-0.085884,-0.025699
0.039947,-0.088178,-0.026715
0.041530,-0.087437,-0.027768
0.041922,-0.085873,-0.029424
0.043924,-0.087894,-0.030659
0.045748,-0.086790,-0.032826
0.045471,-0.088905,-0.034789
0.047101,-0.089363,-0.035486
0.050209,-0.089422,-0.038574
0.050710,-0.088845,-0.038751
0.053976,-0.089552,-0.039883
0.053978,-0.087577,-0.043071
0.055474,-0.089881,-0.048481
0.055265,-0.090628,-0.052202
0.057467,-0.091858,-0.061734
0.059777,-0.090176,-0.064194
0.061032,-0.092354,-0.075948
0.086316,-0.090955,-0.070648
0.089434,-0.090900,-0.067219
0.091551,-0.091650,-0.065923
0.092676,-0.092138,-0.065291
0.094800,-0.090652,-0.065134
0.097887,-0.089621,-0.063223
0.098141,-0.090962,-0.061227
0.099722,-0.092873,-0.060224
0.101274,-0.090199,-0.056676
0.101589,-0.091268,-0.056541
0.104691,-0.091601,-0.058596
0.104721,-0.088456,-0.057390
0.105729,-0.089399,-0.056934
0.109412,-0.092056,-0.054999
0.108251,-0.088892,-0.055388
0.109018,-0.090681,-0.055339
0.111347,-0.089437,-0.055440
0.112160,-0.089885,-0.052973
0.114200,-0.090907,-0.054097
0.115379,-0.091710,-0.051297
0.117691,-0.091159,-0.049805
0.118101,-0.089251,-0.051885
0.120941,-0.088681,-0.050807
0.120243,-0.090156,-0.049424
0.122167,-0.089734,-0.050608
0.123881,-0.091317,-0.049486
0.125786,-0.088294,-0.047411
0.126305,-0.090608,-0.048512
0.128542,-0.090788,-0.047958
0.129688,-0.089360,-0.047603
-0.096726,-0.089061,-0.059710
-0.096621,-0.089098,-0.053721
-0.093317,-0.087443,-0.044680
-0.091063,-0.088846,-0.040781
-0.088579,-0.086768,-0.037180
-0.091207,-0.086743,-0.035788
-0.087406,-0.086703,-0.034537
-0.085940,-0.086784,-0.028575
-0.084706,-0.086576,-0.026853
-0.082907,-0.086258,-0.024240
-0.080297,-0.087811,-0.023202
-0.078087,-0.087028,-0.019120
-0.077219,-0.085404,-0.018689
-0.077013,-0.085555,-0.018942
-0.073899,-0.086505,-0.015381
-0.074756,-0.085836,-0.013994
-0.070836,-0.086666,-0.013390
-0.068045,-0.085162,-0.010378
-0.068668,-0.084841,-0.008554
-0.068455,-0.086304,-0.007992
-0.066492,-0.083416,-0.006770
-0.067674,-0.083201,-0.005022
-0.064706,-0.084976,-0.003512
-0.060338,-0.085035,-0.002491
-0.061342,-0.084494,-0.002869
-0.059671,-0.084014,-0.002297
-0.057339,-0.086209,-0.000129
-0.057820,-0.084644,0.000381
-0.055243,-0.084592,-0.001300
-0.054552,-0.084026,0.000348
-0.054032,-0.084820,0.002190
-0.050843,-0.084811,0.004277
-0.049383,-0.085166,0.006299
-0.046514,-0.082101,0.003065
-0.046679,-0.083435,0.005527
-0.047407,-0.082876,0.007239
-0.042792,-0.083043,0.005495
-0.043195,-0.083325,0.006407
-0.041102,-0.083000,0.005867
-0.038533,-0.084326,0.005564
-0.038851,-0.083983,0.006969
-0.038175,-0.082426,0.006980
-0.035381,-0.084096,0.007661
-0.034914,-0.083689,0.006954
-0.032995,-0.083540,0.006781
-0.029891,-0.083015,0.006709
-0.027458,-0.083787,0.006594
-0.028534,-0.083696,0.007410
-0.027835,-0.083986,0.007338
-0.025630,-0.083227,0.008890
-0.023058,-0.083473,0.007664
-0.023297,-0.083098,0.008151
-0.022215,-0.084357,0.007530
-0.021334,-0.084436,0.004937
-0.020359,-0.084052,0.007364
-0.016451,-0.082965,0.006040
-0.015427,-0.083177,0.005382
-0.013530,-0.083159,0.003861
-0.015320,-0.082645,0.005734
-0.010656,-0.083291,0.002853
-0.009903,-0.084684,0.003261
-0.009738,-0.084051,0.003679
-0.005190,-0.084123,0.002648
-0.006307,-0.085014,0.004406
-0.005773,-0.083630,0.001964
-0.006381,-0.084250,0.001031
-0.002800,-0.084658,0.000684
-0.000097,-0.085866,0.000370
0.002280,-0.085496,-0.000981
0.000897,-0.084870,-0.002528
0.004118,-0.084972,-0.003567
0.003291,-0.084636,-0.003688
0.006376,-0.083621,-0.006397
0.006359,-0.085203,-0.006457
0.008815,-0.084716,-0.005871
0.011202,-0.084078,-0.006546
0.012121,-0.084264,-0.005992
0.012078,-0.085309,-0.008129
0.013333,-0.085289,-0.008530
0.015704,-0.085230,-0.010440
0.016954,-0.084711,-0.011007
0.018086,-0.086114,-0.010176
0.020139,-0.087535,-0.011671
0.022491,-0.084721,-0.013183
0.023630,-0.086465,-0.014343
0.023845,-0.086113,-0.013186
0.025987,-0.084635,-0.015857
0.027309,-0.085776,-0.015959
0.026943,-0.086283,-0.015950
0.028872,-0.085941,-0.018920
0.031884,-0.085906,-0.019599
0.031795,-0.085729,-0.017864
0.033590,-0.086498,-0.019316
0.033579,-0.086815,-0.021240
0.036757,-0.086494,-0.025779
0.036848,-0.084933,-0.025165
0.039281,-0.085498,-0.028116
0.040281,-0.086351,-0.028575
0.041811,-0.086175,-0.028322
0.044094,-0.087892,-0.030791
0.045411,-0.086568,-0.030395
0.045782,-0.087247,-0.033068
0.047400,-0.087429,-0.036683
0.049117,-0.086417,-0.035736
0.049887,-0.087456,-0.039424
0.050161,-0.088033,-0.039872
0.053114,-0.088118,-0.042282
0.055064,-0.087485,-0.050279
0.056510,-0.089930,-0.052759
0.058883,-0.088941,-0.061842
0.058744,-0.088562,-0.067381
0.080380,-0.090483,-0.080374
0.081204,-0.087951,-0.077492
0.080677,-0.089930,-0.079250
0.082239,-0.090662,-0.074699
0.084229,-0.088346,-0.072663
0.086206,-0.089851,-0.072599
0.089882,-0.089615,-0.071580
0.089517,-0.089870,-0.069319
0.090405,-0.090146,-0.066984
0.091888,-0.089150,-0.068407
0.093710,-0.089987,-0.066250
0.094516,-0.089042,-0.064981
0.097253,-0.089258,-0.062455
0.098742,-0.089260,-0.060594
0.098800,-0.088142,-0.059398
0.100846,-0.087739,-0.058995
0.101240,-0.089165,-0.056289
0.102802,-0.087897,-0.057200
0.104446,-0.088896,-0.056821
0.105236,-0.087976,-0.056135
0.106335,-0.087761,-0.055080
0.109427,-0.086344,-0.053419
0.107789,-0.089284,-0.053295
0.112137,-0.088871,-0.051831
0.112961,-0.089541,-0.052940
0.114014,-0.087664,-0.053729
0.117250,-0.089840,-0.050785
0.117839,-0.089957,-0.052813
0.118491,-0.089363,-0.049699
0.121963,-0.085896,-0.050237
0.121580,-0.089173,-0.048211
0.123428,-0.087493,-0.049339
0.124497,-0.088349,-0.047756
0.124545,-0.088506,-0.049018
0.128993,-0.088145,-0.047530
0.127904,-0.088238,-0.047367
0.130049,-0.086897,-0.047885
0.131775,-0.088113,-0.047157
0.132085,-0.088470,-0.047470
0.134710,-0.087635,-0.047314
0.134585,-0.090355,-0.047400
0.136577,-0.086771,-0.045172
0.138999,-0.086652,-0.046205
0.138289,-0.086562,-0.046078
0.141810,-0.088778,-0.047840
0.141666,-0.088682,-0.045894
0.144042,-0.090049,-0.044748
-0.097319,-0.087593,-0.061932
-0.094118,-0.085948,-0.050911
-0.092674,-0.085629,-0.042293
-0.091994,-0.086801,-0.043067
-0.089055,-0.085228,-0.039125
-0.090090,-0.086633,-0.036857
-0.085849,-0.084680,-0.031527
-0.086390,-0.085944,-0.028937
-0.083076,-0.084499,-0.024664
-0.083928,-0.086126,-0.021948
-0.080236,-0.083738,-0.020423
-0.078278,-0.083289,-0.020924
-0.076343,-0.083928,-0.019461
-0.077117,-0.085110,-0.018975
-0.074974,-0.084964,-0.016360
-0.073327,-0.083773,-0.012809
-0.072058,-0.081487,-0.013322
-0.071269,-0.082446,-0.009366
-0.069282,-0.085411,-0.008786
-0.069465,-0.082949,-0.008757
-0.067004,-0.083486,-0.005917
-0.064024,-0.084659,-0.004929
-0.064664,-0.085333,-0.004733
-0.063105,-0.083270,-0.002859
-0.061761,-0.083738,-0.002840
-0.059582,-0.082518,-0.001955
-0.058646,-0.084089,0.000748
-0.055745,-0.082835,-0.000826
-0.056320,-0.083744,0.000580
-0.055089,-0.082461,0.001541
-0.053241,-0.082901,-0.000956
-0.051536,-0.084299,0.003040
-0.052042,-0.081175,0.004164
-0.047711,-0.083302,0.004403
-0.045863,-0.082972,0.006319
-0.045509,-0.081460,0.006466
-0.044769,-0.083198,0.006336
-0.041365,-0.083076,0.004441
-0.042251,-0.082230,0.005930
-0.039930,-0.082336,0.005153
-0.038358,-0.082669,0.007313
-0.036759,-0.081746,0.004828
-0.033730,-0.081320,0.005356
-0.032737,-0.082835,0.007635
-0.032213,-0.082260,0.007147
-0.031589,-0.081561,0.006697
-0.030295,-0.084460,0.006596
-0.030066,-0.082046,0.007991
-0.027093,-0.082647,0.008481
-0.025525,-0.084200,0.009154
-0.024943,-0.082851,0.005477
-0.023158,-0.082296,0.007215
-0.021447,-0.083030,0.007049
-0.020221,-0.082881,0.007375
-0.018460,-0.081619,0.006463
-0.015274,-0.082222,0.005402
-0.016124,-0.081537,0.006101
-0.015152,-0.083359,0.005394
-0.015229,-0.083085,0.005617
-0.012481,-0.081971,0.002350
-0.012825,-0.083349,0.004201
-0.009950,-0.082543,0.004653
-0.008318,-0.082676,0.003847
-0.005700,-0.082173,0.002678
-0.004912,-0.083692,0.002580
-0.004123,-0.081261,0.003145
-0.002666,-0.082767,0.000738
-0.000125,-0.081527,0.001178
-0.000167,-0.083889,-0.002049
0.003482,-0.083948,-0.002511
0.002739,-0.084046,-0.002231
0.005825,-0.082198,-0.003621
0.006736,-0.081971,-0.006391
0.006292,-0.084630,-0.005145
0.006212,-0.083707,-0.006511
0.009806,-0.082786,-0.007648
0.011599,-0.083230,-0.006090
0.012615,-0.083461,-0.008566
0.016680,-0.083159,-0.008223
0.015988,-0.083446,-0.009742
0.017180,-0.083815,-0.012140
0.016985,-0.083397,-0.012055
0.018617,-0.081241,-0.012519
0.020436,-0.083602,-0.012343
0.022654,-0.082118,-0.014084
0.023882,-0.085053,-0.014569
0.024177,-0.083399,-0.015746
0.024194,-0.084714,-0.015799
0.027797,-0.083932,-0.015609
0.028749,-0.083687,-0.018922
0.031515,-0.083631,-0.018946
0.032181,-0.082806,-0.018111
0.033768,-0.083649,-0.020466
0.034417,-0.084544,-0.021192
0.036006,-0.084288,-0.023060
0.037991,-0.084684,-0.024580
0.038037,-0.082485,-0.025011
0.040169,-0.085534,-0.027850
0.041060,-0.084259,-0.028418
0.042016,-0.084609,-0.030549
0.043406,-0.086601,-0.030499
0.046796,-0.086456,-0.032833
0.046896,-0.086312,-0.033905
0.049115,-0.085363,-0.035589
0.051062,-0.086255,-0.036914
0.051804,-0.085012,-0.038069
0.053908,-0.085641,-0.043750
0.054319,-0.085490,-0.051979
0.055242,-0.086712,-0.056312
0.057306,-0.084943,-0.063961
0.058145,-0.085680,-0.068742
0.074093,-0.087941,-0.087108
0.077141,-0.089629,-0.084563
0.078227,-0.088797,-0.079776
0.081072,-0.089035,-0.078748
0.082766,-0.089786,-0.076431
0.085098,-0.087658,-0.076590
0.085266,-0.088844,-0.073840
0.085851,-0.089352,-0.073002
0.088146,-0.088212,-0.069215
0.089782,-0.086310,-0.067795
0.089268,-0.087078,-0.067275
0.092011,-0.087166,-0.066570
0.093040,-0.087764,-0.063613
0.093030,-0.089362,-0.062017
0.095746,-0.086879,-0.062220
0.098210,-0.086875,-0.061475
0.099842,-0.087730,-0.058596
0.100908,-0.087843,-0.055749
0.102184,-0.089185,-0.057725
0.103776,-0.087251,-0.057029
0.105324,-0.087828,-0.056281
0.105111,-0.086230,-0.054448
0.106403,-0.086071,-0.056342
0.108522,-0.086449,-0.052889
0.109480,-0.086671,-0.052966
0.112807,-0.087173,-0.052049
0.114566,-0.088999,-0.053150
0.114254,-0.086174,-0.050498
0.114823,-0.084838,-0.049346
0.117799,-0.087821,-0.049534
0.117659,-0.086921,-0.049123
0.120956,-0.087511,-0.049622
0.122682,-0.088111,-0.048796
0.123181,-0.084806,-0.048644
0.124609,-0.087272,-0.048181
0.125877,-0.087894,-0.047449
0.127017,-0.086785,-0.047653
0.127855,-0.086453,-0.046363
0.128356,-0.085513,-0.045046
0.130202,-0.085071,-0.047595
0.131431,-0.085424,-0.048578
0.134481,-0.085439,-0.046443
0.133721,-0.087386,-0.045917
0.137426,-0.085896,-0.047369
0.137215,-0.085649,-0.046156
0.139275,-0.088001,-0.046866
0.139551,-0.085018,-0.045501
0.142663,-0.085585,-0.044630
0.142432,-0.087904,-0.045882
0.146315,-0.085468,-0.046517
0.146004,-0.087001,-0.044395
0.149793,-0.087714,-0.046332
0.149652,-0.085973,-0.044353
0.150137,-0.087592,-0.046422
0.151970,-0.086803,-0.044509
0.152362,-0.086729,-0.046463
0.155472,-0.088643,-0.045129
0.155753,-0.087141,-0.045680
-0.097709,-0.086669,-0.059784
-0.094944,-0.085713,-0.051951
-0.093398,-0.083082,-0.046088
-0.091826,-0.084539,-0.042215
-0.092002,-0.083588,-0.038351
-0.089459,-0.084075,-0.037335
-0.086492,-0.085008,-0.032566
-0.084232,-0.081442,-0.028991
-0.082079,-0.082211,-0.027251
-0.080231,-0.082544,-0.024198
-0.081348,-0.083765,-0.021813
-0.080757,-0.081859,-0.019792
-0.077816,-0.082527,-0.018550
-0.077777,-0.082410,-0.016422
-0.074199,-0.082274,-0.015149
-0.073715,-0.083044,-0.013606
-0.075119,-0.083610,-0.012705
-0.071773,-0.082621,-0.011744
-0.067215,-0.082327,-0.007642
-0.068472,-0.081981,-0.006376
-0.064966,-0.080679,-0.005950
-0.066534,-0.081738,-0.005911
-0.063306,-0.082256,-0.003605
-0.062844,-0.081490,-0.003913
-0.060514,-0.082382,-0.002921
-0.058857,-0.081855,0.000265
-0.057383,-0.081521,-0.001286
-0.057399,-0.080224,0.000673
-0.054638,-0.081949,0.000918
-0.052794,-0.079965,0.001439
-0.052557,-0.080334,0.002486
-0.049762,-0.079967,0.004381
-0.049637,-0.082172,0.003457
-0.047953,-0.081256,0.005117
-0.045877,-0.083166,0.004858
-0.045492,-0.081381,0.005631
-0.044220,-0.078530,0.005009
-0.044367,-0.079969,0.006572
-0.040658,-0.080485,0.005510
-0.039181,-0.082647,0.007096
-0.037794,-0.079732,0.005118
-0.038276,-0.078631,0.005675
-0.035477,-0.078826,0.007486
-0.033915,-0.081180,0.006857
-0.030565,-0.079711,0.007610
-0.032140,-0.079572,0.008232
-0.029114,-0.081264,0.008601
-0.028633,-0.079600,0.006120
-0.030181,-0.081088,0.010023
-0.025697,-0.078309,0.007524
-0.024306,-0.080923,0.007641
-0.023175,-0.080470,0.006759
-0.019342,-0.080179,0.005679
-0.018958,-0.079391,0.005925
-0.019226,-0.080177,0.004457
-0.017700,-0.081297,0.006578
-0.016432,-0.079707,0.004520
-0.017281,-0.082189,0.005153
-0.014007,-0.079757,0.004130
-0.011177,-0.079816,0.005074
-0.010883,-0.080954,0.004212
-0.008223,-0.080792,0.003483
-0.007368,-0.081479,0.003232
-0.005850,-0.080596,0.002586
-0.005855,-0.081908,0.001400
-0.004870,-0.081889,0.000219
-0.005277,-0.082246,-0.000615
-0.002093,-0.081894,-0.000693
0.001473,-0.078743,-0.001322
-0.000264,-0.081938,-0.000130
0.003310,-0.080344,-0.002488
0.003329,-0.082517,-0.003855
0.004638,-0.081084,-0.003382
0.008274,-0.082488,-0.004935
0.009500,-0.082021,-0.005475
0.009235,-0.081757,-0.007688
0.009876,-0.082619,-0.008471
0.012789,-0.080723,-0.005555
0.015299,-0.082026,-0.009942
0.013216,-0.082371,-0.009957
0.016032,-0.081138,-0.011999
0.018193,-0.080702,-0.010088
0.019926,-0.082673,-0.012668
0.021318,-0.083019,-0.013821
0.023492,-0.082875,-0.013406
0.023315,-0.082344,-0.015757
0.025113,-0.081721,-0.014480
0.026374,-0.082612,-0.014651
0.028734,-0.084395,-0.015240
0.028369,-0.081791,-0.019032
0.030559,-0.083823,-0.017871
0.033287,-0.082375,-0.017482
0.033770,-0.084582,-0.021153
0.035330,-0.082078,-0.019666
0.036449,-0.083655,-0.022821
0.037014,-0.083351,-0.024664
0.038516,-0.083400,-0.025481
0.040251,-0.085598,-0.027434
0.042593,-0.083751,-0.028147
0.043263,-0.083674,-0.030025
0.044354,-0.084215,-0.032291
0.046110,-0.084115,-0.033753
0.048111,-0.084111,-0.035955
0.050514,-0.084098,-0.036297
0.050865,-0.082776,-0.036337
0.050856,-0.084671,-0.038290
0.052764,-0.083363,-0.046051
0.055202,-0.084854,-0.052165
0.057680,-0.086882,-0.058222
0.057607,-0.085948,-0.063538
0.059288,-0.086695,-0.072045
0.071719,-0.089944,-0.093090
0.076065,-0.088503,-0.089126
0.076027,-0.086442,-0.086310
0.077442,-0.088057,-0.082382
0.079917,-0.087239,-0.077903
0.079468,-0.087226,-0.075611
0.083330,-0.086768,-0.074916
0.084487,-0.086224,-0.073884
0.086422,-0.087372,-0.071983
0.086735,-0.085072,-0.070749
0.086899,-0.086525,-0.070558
0.087958,-0.086681,-0.069156
0.088887,-0.086000,-0.067610
0.092135,-0.085077,-0.064262
0.091346,-0.086666,-0.063826
0.095689,-0.085366,-0.060457
0.096823,-0.086946,-0.061703
0.097497,-0.084602,-0.061071
0.097908,-0.085116,-0.054953
0.098159,-0.085574,-0.054481
0.101339,-0.086052,-0.055296
0.103579,-0.085231,-0.056808
0.104042,-0.085353,-0.055548
0.104763,-0.085533,-0.055071
0.108335,-0.084801,-0.054344
0.110204,-0.083422,-0.055716
0.110512,-0.084865,-0.053247
0.110691,-0.083786,-0.051555
0.113656,-0.084755,-0.052145
0.114927,-0.084296,-0.050165
0.116995,-0.085528,-0.050420
0.116672,-0.085422,-0.051109
0.118035,-0.084360,-0.049266
0.118376,-0.084579,-0.050659
0.120697,-0.084526,-0.048081
0.122473,-0.084584,-0.047726
0.123848,-0.085273,-0.045343
0.124533,-0.083503,-0.044585
0.126884,-0.083794,-0.047414
0.128430,-0.085446,-0.047391
0.129015,-0.084013,-0.045990
0.131698,-0.085684,-0.044440
0.131225,-0.084543,-0.044767
0.133895,-0.084806,-0.044430
0.136316,-0.085306,-0.045139
0.138664,-0.084115,-0.045575
0.137503,-0.084666,-0.046059
0.139803,-0.084577,-0.045504
0.140382,-0.084758,-0.046382
0.142686,-0.083325,-0.043601
0.142693,-0.084017,-0.045263
0.145258,-0.085179,-0.045379
0.146932,-0.084376,-0.044228
0.147023,-0.084586,-0.045673
0.148005,-0.085231,-0.045721
0.150649,-0.084586,-0.046166
0.152013,-0.084398,-0.043135
0.154151,-0.084157,-0.045474
0.154693,-0.083888,-0.045635
0.157723,-0.082778,-0.045700
0.157087,-0.084700,-0.044311
0.159632,-0.083289,-0.044547
0.161230,-0.081188,-0.044025
0.163551,-0.086639,-0.042705
0.163373,-0.086047,-0.044766
0.163158,-0.083871,-0.043870
0.166636,-0.084830,-0.044237
0.166741,-0.083277,-0.043444
-0.098507,-0.085855,-0.059985
-0.095682,-0.083545,-0.051373
-0.092778,-0.082533,-0.043644
-0.092511,-0.081903,-0.043381
-0.091178,-0.081134,-0.038859
-0.090130,-0.082250,-0.034675
-0.085717,-0.082166,-0.030908
-0.084508,-0.082943,-0.029391
-0.083933,-0.080697,-0.025156
-0.082301,-0.078218,-0.021764
-0.081633,-0.081443,-0.021174
-0.078404,-0.082805,-0.018488
-0.077504,-0.081060,-0.019122
-0.077908,-0.080814,-0.018198
-0.076057,-0.081411,-0.015387
-0.074370,-0.081505,-0.013148
-0.073107,-0.081913,-0.010475
-0.069123,-0.081175,-0.010296
-0.069124,-0.079551,-0.008095
-0.067509,-0.079860,-0.007916
-0.067253,-0.078791,-0.006340
-0.065163,-0.080491,-0.004816
-0.064112,-0.079059,-0.003672
-0.062732,-0.079124,-0.001821
-0.061827,-0.078732,-0.001145
-0.058499,-0.079104,-0.000931
-0.056355,-0.078390,0.000450
-0.056621,-0.078230,0.000174
-0.055963,-0.079483,0.000022
-0.054235,-0.078906,0.002625
-0.052116,-0.078857,0.004015
-0.050584,-0.078367,0.004754
-0.051433,-0.078777,0.005016
-0.047546,-0.078927,0.007591
-0.045106,-0.079757,0.005857
-0.045419,-0.079305,0.005304
-0.045548,-0.078006,0.006276
-0.042298,-0.079268,0.005397
-0.039418,-0.079014,0.007074
-0.039823,-0.079136,0.006163
-0.040610,-0.080081,0.007190
-0.036827,-0.078501,0.005651
-0.034275,-0.079302,0.005802
-0.035722,-0.078782,0.007569
-0.032740,-0.078952,0.009926
-0.032681,-0.078860,0.009420
-0.030299,-0.078560,0.006872
-0.028256,-0.077614,0.008981
-0.027654,-0.076213,0.009643
-0.026371,-0.080177,0.008325
-0.023494,-0.078744,0.006279
-0.022719,-0.078694,0.007294
-0.021518,-0.077629,0.004069
-0.022173,-0.079204,0.007364
-0.019304,-0.080266,0.006824
-0.017772,-0.080070,0.006654
-0.015582,-0.080120,0.006946
-0.015778,-0.078649,0.004471
-0.014620,-0.080775,0.004532
-0.012656,-0.078993,0.005276
-0.012255,-0.080145,0.002117
-0.009124,-0.079231,0.002467
-0.008236,-0.080354,0.003188
-0.004773,-0.079679,0.002260
-0.005073,-0.078150,0.002138
-0.003338,-0.079291,0.001701
-0.003984,-0.078859,0.000590
-0.000895,-0.078660,-0.000795
0.000204,-0.079286,-0.000029
0.002002,-0.079477,-0.002569
0.002096,-0.081052,-0.002557
0.004797,-0.080512,-0.004015
0.006478,-0.079313,-0.004646
0.006202,-0.080335,-0.006078
0.009669,-0.079890,-0.005368
0.009676,-0.079956,-0.004223
0.010987,-0.079745,-0.007605
0.011220,-0.080397,-0.006752
0.013846,-0.081730,-0.009355
0.015786,-0.080101,-0.010201
0.016021,-0.082140,-0.010034
0.019451,-0.079745,-0.012536
0.019312,-0.079523,-0.013016
0.020215,-0.080234,-0.013351
0.023057,-0.081499,-0.014756
0.024821,-0.080290,-0.014949
0.023883,-0.083353,-0.016631
0.027993,-0.080927,-0.014762
0.027405,-0.082696,-0.015739
0.028732,-0.080363,-0.016020
0.031006,-0.082262,-0.018211
0.030274,-0.080341,-0.019382
0.034677,-0.081391,-0.018428
0.034913,-0.081631,-0.021783
0.035721,-0.082230,-0.022575
0.038646,-0.082918,-0.024799
0.038416,-0.082574,-0.025454
0.041086,-0.080515,-0.026781
0.042783,-0.080563,-0.030610
0.042663,-0.082578,-0.032210
0.044108,-0.080239,-0.032814
0.046894,-0.083427,-0.032977
0.048665,-0.080767,-0.034160
0.048671,-0.082076,-0.035143
0.051247,-0.083280,-0.038253
0.052244,-0.083471,-0.039896
0.055882,-0.082074,-0.046709
0.054836,-0.083034,-0.052534
0.055980,-0.083984,-0.058572
0.057926,-0.085895,-0.066085
0.069692,-0.088005,-0.102483
0.073624,-0.086190,-0.098976
0.074525,-0.085126,-0.093268
0.075096,-0.087158,-0.091239
0.076420,-0.084858,-0.087349
0.078526,-0.085647,-0.082823
0.079251,-0.085901,-0.078930
0.080360,-0.086502,-0.077104
0.082873,-0.087133,-0.074248
0.082757,-0.085343,-0.073553
0.086742,-0.084336,-0.071332
0.086530,-0.085807,-0.071155
0.086881,-0.084865,-0.067992
0.089573,-0.084858,-0.067679
0.091000,-0.085144,-0.067054
0.091057,-0.084686,-0.064728
0.092025,-0.081552,-0.062989
0.093984,-0.085132,-0.061579
0.097423,-0.084724,-0.060992
0.096977,-0.085164,-0.059976
0.100097,-0.084196,-0.058706
0.099499,-0.084018,-0.054986
0.100992,-0.084169,-0.056105
0.102253,-0.085632,-0.053918
0.103525,-0.083647,-0.055163
0.105627,-0.082688,-0.053025
0.107761,-0.085850,-0.053544
0.107949,-0.082962,-0.052466
0.109330,-0.083892,-0.055019
0.109590,-0.083971,-0.053084
0.112373,-0.082500,-0.052391
0.114618,-0.082396,-0.051528
0.114642,-0.083068,-0.050992
0.114441,-0.083326,-0.052361
0.118211,-0.083973,-0.048497
0.118117,-0.084311,-0.047274
0.121683,-0.083567,-0.048480
0.122480,-0.084170,-0.046464
0.124545,-0.083954,-0.047411
0.123135,-0.080944,-0.044649
0.125873,-0.084915,-0.045258
0.128544,-0.082486,-0.045489
0.129868,-0.081867,-0.044355
0.130051,-0.083155,-0.045543
0.133370,-0.083321,-0.046362
0.134739,-0.083938,-0.045002
0.133214,-0.084398,-0.044642
0.135035,-0.082031,-0.045838
0.135726,-0.083866,-0.045691
0.139101,-0.082777,-0.044697
0.140608,-0.082721,-0.045032
0.142270,-0.083030,-0.044041
0.144442,-0.082531,-0.045048
0.147784,-0.083543,-0.044463
0.146544,-0.082912,-0.042784
0.148044,-0.084084,-0.046093
0.148898,-0.083390,-0.045932
0.150476,-0.082183,-0.045789
0.152125,-0.081517,-0.044882
0.152680,-0.083398,-0.044970
0.155108,-0.082468,-0.044647
0.155109,-0.084184,-0.044890
0.157353,-0.082593,-0.045701
0.161614,-0.083985,-0.043920
0.158958,-0.081557,-0.043872
0.160642,-0.081721,-0.044931
0.164663,-0.081718,-0.044938
0.165310,-0.084644,-0.044507
0.164284,-0.084511,-0.044325
0.167650,-0.082294,-0.043920
0.168736,-0.083145,-0.044789
0.167334,-0.083318,-0.045285
0.170622,-0.081332,-0.044550
0.173491,-0.083411,-0.043372
0.174722,-0.082551,-0.045617
0.175542,-0.082973,-0.044209
0.176917,-0.082502,-0.044764
-0.096658,-0.083876,-0.066880
-0.096528,-0.079574,-0.058372
-0.095572,-0.081169,-0.052032
-0.091465,-0.081709,-0.043490
-0.091230,-0.080473,-0.039072
-0.090073,-0.081562,-0.036409
-0.085998,-0.081892,-0.034753
-0.085600,-0.080737,-0.031057
-0.085869,-0.080051,-0.028592
-0.084725,-0.079337,-0.025225
-0.083175,-0.080133,-0.021567
-0.081011,-0.079846,-0.020792
-0.081004,-0.081513,-0.019595
-0.078884,-0.078830,-0.017558
-0.076580,-0.080214,-0.016154
-0.076277,-0.077681,-0.014494
-0.073590,-0.078814,-0.012173
-0.072500,-0.077246,-0.010864
-0.069936,-0.077573,-0.009698
-0.069909,-0.080087,-0.008190
-0.067031,-0.077739,-0.006553
-0.066186,-0.078467,-0.005389
-0.064341,-0.080184,-0.003245
-0.063557,-0.076393,-0.005853
-0.061817,-0.077420,-0.002409
-0.061902,-0.077663,-0.000725
-0.059862,-0.079360,-0.001720
-0.058147,-0.079336,-0.000359
-0.056615,-0.077968,0.000588
-0.054476,-0.079168,0.002273
-0.054332,-0.076724,0.002439
-0.055264,-0.077245,0.003497
-0.050233,-0.077690,0.004220
-0.049365,-0.075880,0.005239
-0.046974,-0.078274,0.005993
-0.047564,-0.077999,0.005687
-0.045663,-0.076564,0.005363
-0.045098,-0.078868,0.005110
-0.043811,-0.077229,0.006436
-0.041760,-0.079386,0.007263
-0.039983,-0.078292,0.007755
-0.036785,-0.077862,0.007201
-0.036438,-0.077743,0.006838
-0.035074,-0.076467,0.008007
-0.034646,-0.077443,0.006975
-0.034437,-0.078379,0.004894
-0.032590,-0.079160,0.009806
-0.029313,-0.077705,0.006765
-0.028464,-0.077671,0.008353
-0.028655,-0.078884,0.007944
-0.025104,-0.077572,0.009086
-0.025681,-0.078738,0.008579
-0.023383,-0.078314,0.007449
-0.019945,-0.079427,0.004299
-0.020091,-0.077926,0.007548
-0.018297,-0.078045,0.007108
-0.019516,-0.076600,0.006699
-0.015901,-0.077254,0.007040
-0.014546,-0.076868,0.005831
-0.014134,-0.078065,0.005203
-0.010998,-0.077522,0.003479
-0.011499,-0.076676,0.005599
-0.009201,-0.077842,0.005106
-0.008269,-0.075394,0.001843
-0.007398,-0.077599,0.003636
-0.005787,-0.076230,0.002490
-0.004241,-0.078113,-0.000236
-0.001468,-0.077220,-0.000019
-0.000251,-0.079572,-0.000436
-0.000543,-0.077221,-0.002663
0.002590,-0.079110,-0.002790
0.004156,-0.077924,-0.002750
0.004874,-0.078921,-0.004748
0.005254,-0.078618,-0.002620
0.007293,-0.079541,-0.004032
0.007336,-0.078694,-0.007356
0.009514,-0.079145,-0.008466
0.010767,-0.080970,-0.006612
0.012064,-0.079827,-0.009081
0.014909,-0.080845,-0.008827
0.015338,-0.078026,-0.008714
0.015153,-0.079794,-0.009573
0.017664,-0.079580,-0.011098
0.019721,-0.078091,-0.010556
0.019940,-0.079542,-0.013884
0.022551,-0.079513,-0.012974
0.023830,-0.079020,-0.014928
0.025511,-0.078953,-0.015946
0.026706,-0.079068,-0.016172
0.029132,-0.079579,-0.017319
0.028382,-0.079580,-0.018272
0.029717,-0.078552,-0.017630
0.031667,-0.080547,-0.017365
0.033634,-0.081038,-0.019295
0.034914,-0.080486,-0.020801
0.037142,-0.080047,-0.022844
0.038921,-0.079529,-0.024466
0.039590,-0.080639,-0.026900
0.039203,-0.080493,-0.026195
0.040816,-0.081124,-0.029471
0.044103,-0.081435,-0.030658
0.045076,-0.081968,-0.029662
0.044525,-0.078855,-0.032390
0.048407,-0.078866,-0.033831
0.048943,-0.081308,-0.035077
0.050592,-0.081238,-0.035354
0.053119,-0.081191,-0.040804
0.054242,-0.079849,-0.047710
0.055867,-0.082491,-0.054727
0.057484,-0.082472,-0.059855
0.056811,-0.083753,-0.068699
0.066548,-0.084738,-0.059168
0.067529,-0.083804,-0.057447
0.068419,-0.082286,-0.058844
0.071639,-0.082484,-0.058838
0.072717,-0.085864,-0.099023
0.072519,-0.086349,-0.094503
0.075111,-0.084661,-0.091927
0.077464,-0.083387,-0.086024
0.077880,-0.083867,-0.083329
0.079854,-0.083890,-0.078259
0.078720,-0.082959,-0.075260
0.080717,-0.083387,-0.075775
0.085129,-0.083220,-0.074506
0.084433,-0.084727,-0.070345
0.085395,-0.083324,-0.068777
0.086794,-0.083090,-0.067876
0.090248,-0.084029,-0.066859
0.092418,-0.084372,-0.065498
0.093909,-0.082326,-0.064014
0.093334,-0.083291,-0.062632
0.093950,-0.082209,-0.059757
0.096076,-0.082153,-0.060246
0.097141,-0.081997,-0.056576
0.099592,-0.080793,-0.056866
0.099428,-0.082026,-0.055461
0.100700,-0.083791,-0.053806
0.102517,-0.082310,-0.053576
0.104517,-0.080130,-0.053284
0.105955,-0.081468,-0.054591
0.108490,-0.081976,-0.051836
0.110049,-0.080355,-0.053086
0.109609,-0.080264,-0.051617
0.112046,-0.081466,-0.051984
0.112526,-0.082733,-0.049856
0.112633,-0.081138,-0.051496
0.113912,-0.081775,-0.049783
0.116484,-0.079414,-0.049250
0.118650,-0.080343,-0.049110
0.119264,-0.082209,-0.049631
0.120389,-0.080740,-0.046722
0.123213,-0.079141,-0.048227
0.123464,-0.081943,-0.045393
0.124492,-0.081071,-0.044295
0.128462,-0.080590,-0.044426
0.127367,-0.080573,-0.044787
0.128613,-0.081851,-0.045547
0.128964,-0.081487,-0.043587
0.132202,-0.081814,-0.045574
0.133985,-0.081764,-0.046360
0.137086,-0.080463,-0.045093
0.134920,-0.081197,-0.043771
0.138388,-0.081179,-0.045231
0.140369,-0.080542,-0.046532
0.140126,-0.081583,-0.043557
0.143376,-0.081282,-0.044573
0.143596,-0.081846,-0.044924
0.144244,-0.079964,-0.044728
0.145735,-0.082438,-0.042963
0.149302,-0.082252,-0.044239
0.148016,-0.081908,-0.043452
0.150991,-0.082731,-0.043556
0.152477,-0.081763,-0.044671
0.153016,-0.080779,-0.044018
0.156329,-0.080476,-0.042800
0.157247,-0.080297,-0.043940
0.156437,-0.082916,-0.045311
0.160443,-0.082007,-0.043071
0.159927,-0.082058,-0.044177
0.164156,-0.078882,-0.043693
0.161406,-0.080626,-0.043237
0.163269,-0.080870,-0.044974
0.165333,-0.082294,-0.045954
0.167886,-0.081878,-0.045034
0.168912,-0.082531,-0.043645
0.170286,-0.081563,-0.042642
0.173459,-0.082139,-0.045349
0.173784,-0.082492,-0.045622
0.176577,-0.083567,-0.047302
0.174649,-0.080160,-0.046512
0.178471,-0.081367,-0.046623
0.179718,-0.079494,-0.045800
0.181259,-0.081666,-0.047242
0.181527,-0.082603,-0.046119
0.182135,-0.081631,-0.046712
0.185224,-0.081192,-0.047567
-0.098572,-0.083523,-0.067008
-0.097947,-0.080385,-0.059288
-0.095179,-0.080431,-0.048693
-0.092828,-0.079020,-0.042908
-0.091126,-0.078807,-0.041169
-0.090273,-0.078361,-0.037987
-0.089251,-0.080372,-0.032666
-0.087384,-0.079355,-0.027885
-0.085206,-0.077990,-0.026341
-0.084461,-0.077476,-0.023992
-0.084237,-0.078380,-0.021820
-0.081094,-0.078496,-0.020316
-0.079289,-0.077713,-0.018584
-0.079152,-0.076886,-0.016253
-0.076400,-0.077550,-0.014158
-0.075849,-0.075666,-0.014756
-0.073210,-0.076405,-0.013446
-0.072046,-0.076143,-0.011910
-0.070837,-0.074990,-0.010418
-0.070026,-0.078024,-0.006927
-0.068626,-0.078006,-0.007234
-0.066300,-0.077162,-0.004617
-0.065824,-0.076554,-0.003865
-0.064907,-0.075987,-0.002529
-0.061721,-0.078299,-0.000984
-0.061947,-0.075625,-0.001589
-0.059986,-0.075011,-0.001736
-0.058024,-0.076501,-0.000994
-0.057267,-0.075318,0.001547
-0.055918,-0.077353,0.000208
-0.054120,-0.075789,0.002304
-0.051954,-0.076462,0.004515
-0.049022,-0.075052,0.004350
-0.049601,-0.076949,0.003679
-0.045524,-0.076030,0.006004
-0.046186,-0.076010,0.006835
-0.045166,-0.074912,0.006670
-0.044840,-0.076027,0.006795
-0.042138,-0.075214,0.008194
-0.042592,-0.075109,0.006009
-0.041304,-0.077987,0.006301
-0.039144,-0.074757,0.009143
-0.038802,-0.075389,0.007643
-0.037078,-0.076470,0.005959
-0.033812,-0.076399,0.007188
-0.032705,-0.076806,0.007650
-0.030898,-0.076059,0.009066
-0.029090,-0.076836,0.007027
-0.028843,-0.074134,0.008057
-0.028095,-0.076366,0.006550
-0.024771,-0.076358,0.007558
-0.023472,-0.076918,0.006158
-0.023012,-0.077129,0.006479
-0.021854,-0.076824,0.007145
-0.020497,-0.074605,0.006460
-0.018965,-0.075920,0.007686
-0.017003,-0.076968,0.005761
-0.015756,-0.076548,0.003489
-0.015040,-0.079024,0.006538
-0.013535,-0.076911,0.005689
-0.010670,-0.076150,0.005645
-0.009817,-0.077998,0.003684
-0.010956,-0.076321,0.003156
-0.006514,-0.075710,0.004849
-0.008597,-0.074894,0.000522
-0.004418,-0.076945,0.000399
-0.004726,-0.076246,0.001446
-0.001593,-0.077886,0.000451
-0.001914,-0.075673,0.001636
-0.000652,-0.075540,-0.002541
0.001948,-0.077019,-0.000627
0.003258,-0.077981,-0.003459
0.003986,-0.077086,-0.002777
0.006818,-0.077448,-0.005696
0.007321,-0.077549,-0.004033
0.008143,-0.078162,-0.006784
0.011034,-0.076503,-0.007858
0.011563,-0.074890,-0.008143
0.012424,-0.076212,-0.008293
0.015783,-0.076346,-0.009451
0.015093,-0.076889,-0.008763
0.016811,-0.077896,-0.009210
0.019189,-0.077441,-0.011354
0.021717,-0.077487,-0.012043
0.020691,-0.078551,-0.013555
0.020454,-0.075839,-0.013544
0.022181,-0.077114,-0.016021
0.026080,-0.077669,-0.016196
0.027029,-0.077894,-0.016702
0.028345,-0.077263,-0.014002
0.028852,-0.075861,-0.016501
0.031035,-0.077839,-0.018998
0.032286,-0.077734,-0.018736
0.031508,-0.076884,-0.019624
0.035354,-0.078484,-0.022204
0.036895,-0.077717,-0.023645
0.037137,-0.076687,-0.024718
0.039964,-0.076318,-0.025838
0.040319,-0.078143,-0.027344
0.040550,-0.078373,-0.029479
0.041614,-0.077989,-0.029537
0.043961,-0.078560,-0.032769
0.045397,-0.078250,-0.033623
0.046486,-0.080229,-0.033352
0.050806,-0.078176,-0.035150
0.050892,-0.078988,-0.035103
0.051615,-0.079780,-0.042998
0.053446,-0.080010,-0.049543
0.055694,-0.080423,-0.056119
0.055569,-0.078588,-0.060492
0.056990,-0.083249,-0.068650
0.061988,-0.081886,-0.059963
0.062463,-0.080993,-0.058469
0.066130,-0.080950,-0.055801
0.064688,-0.081847,-0.056084
0.065841,-0.080491,-0.051358
0.069026,-0.077962,-0.051840
0.069658,-0.080795,-0.052865
0.068221,-0.080160,-0.050737
0.071008,-0.078156,-0.052781
0.073883,-0.081504,-0.055523
0.073460,-0.081921,-0.056615
0.074939,-0.081096,-0.058437
0.078333,-0.080145,-0.062846
0.079635,-0.081098,-0.079578
0.079658,-0.082134,-0.075873
0.082113,-0.082511,-0.075515
0.081912,-0.080863,-0.072718
0.084320,-0.083512,-0.071137
0.085389,-0.081282,-0.069959
0.086140,-0.082634,-0.068574
0.089324,-0.081711,-0.065431
0.092421,-0.079764,-0.064398
0.090523,-0.081301,-0.063234
0.094192,-0.079134,-0.061195
0.095137,-0.081334,-0.059033
0.093572,-0.081531,-0.059122
0.098067,-0.080005,-0.056574
0.099650,-0.081150,-0.055292
0.098327,-0.079858,-0.051635
0.102016,-0.080825,-0.052390
0.103551,-0.082139,-0.051423
0.105210,-0.080249,-0.052463
0.106718,-0.081921,-0.052659
0.105232,-0.080109,-0.052114
0.108936,-0.079536,-0.051727
0.110065,-0.081239,-0.052393
0.110058,-0.080068,-0.049670
0.111990,-0.078841,-0.049586
0.114381,-0.081950,-0.047930
0.116808,-0.079714,-0.050109
0.117364,-0.081254,-0.047271
0.118526,-0.081968,-0.047501
0.118474,-0.081480,-0.046857
0.121722,-0.079911,-0.045705
0.122849,-0.079281,-0.045410
0.124394,-0.079367,-0.044494
0.125567,-0.080072,-0.045106
0.127006,-0.079875,-0.045480
0.128076,-0.079502,-0.045201
0.129956,-0.078118,-0.043811
0.130592,-0.080684,-0.043633
0.134199,-0.081002,-0.045001
0.133578,-0.079572,-0.045887
0.134994,-0.079197,-0.045411
0.135472,-0.078602,-0.044909
0.138040,-0.080765,-0.044763
0.138941,-0.080947,-0.043165
0.141301,-0.079586,-0.043391
0.142765,-0.080104,-0.043316
0.143431,-0.080322,-0.047151
0.145659,-0.080600,-0.045416
0.145986,-0.081679,-0.044621
0.148531,-0.079519,-0.042669
0.149066,-0.079137,-0.044483
0.150190,-0.079327,-0.043063
0.152330,-0.079969,-0.044143
0.154364,-0.078110,-0.043005
0.154554,-0.079813,-0.043390
0.155785,-0.081238,-0.043582
0.157844,-0.081714,-0.043871
0.158923,-0.079498,-0.043368
0.161086,-0.082702,-0.044706
0.161153,-0.080284,-0.045490
0.163326,-0.078739,-0.045442
0.164999,-0.078445,-0.043081
0.166811,-0.081053,-0.043614
0.166877,-0.081198,-0.045241
0.168169,-0.079871,-0.044679
0.171281,-0.079937,-0.045002
0.172759,-0.077615,-0.044370
0.173016,-0.079109,-0.042944
0.174624,-0.079194,-0.044977
0.175673,-0.079885,-0.043731
0.178473,-0.080724,-0.044593
0.178231,-0.081891,-0.046952
0.180740,-0.079642,-0.045519
0.182014,-0.078432,-0.046288
0.183002,-0.081030,-0.046383
0.184409,-0.079264,-0.045011
0.185631,-0.081420,-0.047403
0.186044,-0.079640,-0.047733
0.188791,-0.080456,-0.050034
0.190627,-0.079900,-0.048363
0.192445,-0.079807,-0.049441
-0.095828,-0.078757,-0.065397
-0.097288,-0.080739,-0.056832
-0.093900,-0.079021,-0.051826
-0.092614,-0.078378,-0.042752
-0.090763,-0.077720,-0.040080
-0.090176,-0.076708,-0.037298
-0.089938,-0.077071,-0.033664
-0.086183,-0.077549,-0.030052
-0.083499,-0.078327,-0.026846
-0.083858,-0.077434,-0.023703
-0.082706,-0.075870,-0.021509
-0.080768,-0.077763,-0.019428
-0.078010,-0.077066,-0.016500
-0.075738,-0.075520,-0.016173
-0.076835,-0.076567,-0.015219
-0.074322,-0.076868,-0.014807
-0.073853,-0.076315,-0.013008
-0.072114,-0.075251,-0.010978
-0.071136,-0.074500,-0.009213
-0.069260,-0.073212,-0.006036
-0.069982,-0.075631,-0.005742
-0.066832,-0.074045,-0.006507
-0.066194,-0.075887,-0.003306
-0.063101,-0.075320,-0.002489
-0.060164,-0.074164,-0.002237
-0.061000,-0.073670,-0.001604
-0.059215,-0.075945,-0.000161
-0.057074,-0.075987,-0.000239
-0.055824,-0.072372,0.001156
-0.054769,-0.075768,0.001252
-0.054395,-0.073453,0.003398
-0.051341,-0.075212,0.002072
-0.051982,-0.075208,0.003438
-0.048431,-0.073288,0.003984
-0.049150,-0.075568,0.004952
-0.048168,-0.072373,0.006390
-0.044253,-0.076283,0.006253
-0.042015,-0.073549,0.004990
-0.042443,-0.073444,0.004439
-0.041292,-0.074176,0.005604
-0.039573,-0.074237,0.008991
-0.038451,-0.074278,0.007350
-0.036444,-0.073822,0.008146
-0.037090,-0.074334,0.007296
-0.035736,-0.073055,0.008977
-0.032841,-0.074292,0.007602
-0.029949,-0.075272,0.007317
-0.028731,-0.073927,0.008585
-0.028438,-0.073137,0.007929
-0.024993,-0.074677,0.008223
-0.025356,-0.074685,0.006674
-0.024692,-0.075281,0.007464
-0.023790,-0.073055,0.005676
-0.022649,-0.074587,0.004944
-0.020709,-0.073709,0.005374
-0.020147,-0.073178,0.005849
-0.018825,-0.074520,0.005440
-0.017482,-0.074290,0.006070
-0.015049,-0.075115,0.006766
-0.013808,-0.072196,0.005727
-0.010672,-0.073505,0.004699
-0.010169,-0.073259,0.004234
-0.008823,-0.073932,0.006155
-0.006944,-0.073310,0.001971
-0.007602,-0.073648,0.001662
-0.006664,-0.074980,0.003169
-0.002170,-0.075387,0.002270
-0.001186,-0.074393,0.000451
-0.000897,-0.073831,-0.000322
0.000827,-0.074238,-0.000848
0.002001,-0.074432,-0.001096
0.003459,-0.074420,-0.003072
0.005943,-0.075798,-0.002848
0.005462,-0.075397,-0.004677
0.007467,-0.074894,-0.004636
0.007939,-0.074744,-0.006368
0.010162,-0.074822,-0.006173
0.011778,-0.077237,-0.007678
0.010635,-0.074058,-0.009563
0.014691,-0.075270,-0.008811
0.013865,-0.075348,-0.008677
0.018500,-0.074085,-0.010157
0.018407,-0.075415,-0.013349
0.018447,-0.074553,-0.011755
0.021790,-0.076817,-0.012746
0.022276,-0.077709,-0.015166
0.023814,-0.075359,-0.016189
0.024369,-0.075897,-0.014812
0.025087,-0.074488,-0.016191
0.027758,-0.075284,-0.015761
0.028259,-0.077069,-0.018496
0.031043,-0.076766,-0.016183
0.033095,-0.074489,-0.018314
0.033049,-0.077390,-0.019172
0.034426,-0.076091,-0.020335
0.034988,-0.076969,-0.024254
0.039172,-0.075819,-0.023656
0.039604,-0.075365,-0.027919
0.041706,-0.077414,-0.027039
0.041081,-0.077931,-0.027616
0.044173,-0.077803,-0.029039
0.044564,-0.075853,-0.030869
0.047859,-0.076418,-0.032073
0.046774,-0.079213,-0.031775
0.048779,-0.077317,-0.033857
0.051635,-0.076513,-0.038527
0.052621,-0.076940,-0.043890
0.052426,-0.078851,-0.050236
0.053490,-0.078952,-0.055089
0.057563,-0.080710,-0.057104
0.056693,-0.080225,-0.055507
0.058580,-0.079025,-0.054024
0.063103,-0.079104,-0.053365
0.061642,-0.078711,-0.049146
0.061044,-0.080172,-0.047297
0.066217,-0.078653,-0.047262
0.065834,-0.078484,-0.044698
0.068285,-0.077711,-0.046756
0.069437,-0.077381,-0.045861
0.069228,-0.078072,-0.044258
0.071628,-0.078197,-0.043095
0.073263,-0.079398,-0.043364
0.074574,-0.078587,-0.045332
0.075305,-0.077345,-0.047589
0.078088,-0.078658,-0.051745
0.080319,-0.077033,-0.057052
0.083196,-0.080587,-0.076735
0.081932,-0.080664,-0.075731
0.083916,-0.079139,-0.072113
0.085756,-0.079987,-0.070117
0.085069,-0.080669,-0.070914
0.088231,-0.078493,-0.068405
0.088894,-0.079541,-0.066365
0.089388,-0.079235,-0.063625
0.091614,-0.080301,-0.060932
0.094463,-0.078730,-0.060165
0.094510,-0.079273,-0.059141
0.095143,-0.078796,-0.057041
0.096735,-0.079403,-0.057040
0.097261,-0.079212,-0.054053
0.100797,-0.079628,-0.051857
0.101628,-0.078632,-0.050706
0.103169,-0.078537,-0.049923
0.105673,-0.079628,-0.051284
0.104320,-0.079612,-0.050139
0.105783,-0.077904,-0.051763
0.107886,-0.079598,-0.049645
0.108175,-0.079368,-0.049197
0.111902,-0.077802,-0.050953
0.112377,-0.079478,-0.048599
0.113807,-0.078337,-0.048759
0.116224,-0.078587,-0.047403
0.117129,-0.079549,-0.048663
0.118338,-0.077958,-0.046813
0.119333,-0.079866,-0.047612
0.119239,-0.077953,-0.045251
0.121466,-0.079205,-0.044707
0.124538,-0.078549,-0.045285
0.126177,-0.077208,-0.044777
0.126940,-0.077672,-0.044691
0.126619,-0.076512,-0.044243
0.129108,-0.081047,-0.044251
0.130673,-0.078894,-0.044084
0.133284,-0.078477,-0.043408
0.133013,-0.078189,-0.044360
0.135461,-0.077341,-0.045312
0.136259,-0.078260,-0.043603
0.137711,-0.078931,-0.045344
0.140121,-0.078737,-0.044434
0.141262,-0.077468,-0.043074
0.142725,-0.077881,-0.044873
0.142954,-0.076593,-0.042505
0.144641,-0.077655,-0.044821
0.146457,-0.078141,-0.043973
0.148396,-0.079976,-0.044237
0.149730,-0.079208,-0.044648
0.149444,-0.078688,-0.043288
0.152369,-0.079247,-0.044695
0.152955,-0.079016,-0.044948
0.154860,-0.076824,-0.042271
0.156874,-0.078498,-0.044198
0.158788,-0.076671,-0.044884
0.159182,-0.078187,-0.044097
0.159337,-0.078230,-0.044512
0.161036,-0.076579,-0.043809
0.164003,-0.076962,-0.044581
0.164124,-0.077500,-0.043840
0.164597,-0.078234,-0.045480
0.169293,-0.079424,-0.042649
0.168998,-0.077105,-0.043911
0.169775,-0.079668,-0.043250
0.172416,-0.078338,-0.045802
0.172808,-0.077901,-0.043792
0.175671,-0.077015,-0.044664
0.175615,-0.077958,-0.042745
0.176318,-0.079134,-0.047442
0.178169,-0.077383,-0.043415
0.180134,-0.080140,-0.045112
0.180726,-0.079119,-0.046006
0.182595,-0.076742,-0.044470
0.184462,-0.078725,-0.047752
0.186122,-0.077485,-0.047455
0.187862,-0.077824,-0.046807
0.187778,-0.078469,-0.045388
0.189270,-0.077856,-0.048271
0.192026,-0.077168,-0.050311
0.193029,-0.078055,-0.049577
0.191927,-0.079209,-0.050295
0.195796,-0.079841,-0.050582
0.198398,-0.078252,-0.052582
-0.098416,-0.076900,-0.065325
-0.098609,-0.078845,-0.057556
-0.094802,-0.077990,-0.049281
-0.093610,-0.074962,-0.042274
-0.089829,-0.077875,-0.038633
-0.090558,-0.075497,-0.035357
-0.089733,-0.074256,-0.032393
-0.086365,-0.075650,-0.030996
-0.087228,-0.074922,-0.025871
-0.084309,-0.074679,-0.022240
-0.082984,-0.072961,-0.021694
-0.080109,-0.075299,-0.018341
-0.078409,-0.074875,-0.019930
-0.077067,-0.077536,-0.018137
-0.076854,-0.074342,-0.015546
-0.076131,-0.074892,-0.014290
-0.071397,-0.074428,-0.012827
-0.073106,-0.073408,-0.010841
-0.068769,-0.075454,-0.009616
-0.068545,-0.073614,-0.005642
-0.066673,-0.073706,-0.006392
-0.064689,-0.073217,-0.004821
-0.064809,-0.073526,-0.003645
-0.065037,-0.073303,-0.001771
-0.061549,-0.072101,-0.001464
-0.060967,-0.073175,-0.000636
-0.061386,-0.073647,-0.002594
-0.057573,-0.071636,-0.001546
-0.055680,-0.075496,0.000010
-0.054715,-0.071004,0.001042
-0.053185,-0.073323,0.002406
-0.053447,-0.072597,0.003771
-0.051394,-0.073174,0.003513
-0.050752,-0.073122,0.006472
-0.047642,-0.073684,0.008192
-0.046686,-0.074184,0.006677
-0.045967,-0.071793,0.005184
-0.044946,-0.073720,0.007164
-0.043248,-0.073868,0.006919
-0.040126,-0.072229,0.007004
-0.038988,-0.072945,0.007671
-0.038939,-0.073965,0.007734
-0.036689,-0.073299,0.006690
-0.037740,-0.071045,0.009235
-0.035190,-0.072852,0.008222
-0.033013,-0.071071,0.006721
-0.033201,-0.072798,0.009740
-0.030281,-0.073116,0.008888
-0.028601,-0.071355,0.008481
-0.028439,-0.073091,0.008296
-0.027908,-0.071896,0.007328
-0.026258,-0.073602,0.008881
-0.023355,-0.072403,0.008562
-0.022265,-0.072581,0.006827
-0.022201,-0.073572,0.007455
-0.019073,-0.073455,0.005462
-0.017975,-0.073128,0.006826
-0.017200,-0.072316,0.004686
-0.014564,-0.072763,0.004449
-0.013542,-0.071930,0.006091
-0.012566,-0.072796,0.004128
-0.010769,-0.073092,0.003862
-0.009940,-0.074655,0.005468
-0.006719,-0.070773,0.003995
-0.006338,-0.072296,0.003347
-0.005211,-0.072636,0.002037
-0.005160,-0.074135,-0.002152
-0.003478,-0.073240,-0.000914
-0.000981,-0.072529,-0.000474
-0.001590,-0.074946,-0.001231
0.002482,-0.074620,-0.003737
0.002898,-0.074024,-0.002056
0.004002,-0.074869,-0.005671
0.005094,-0.073473,-0.006150
0.006862,-0.073287,-0.006572
0.008789,-0.071566,-0.003176
0.010842,-0.074218,-0.007252
0.011103,-0.073494,-0.007179
0.013881,-0.074991,-0.008355
0.012288,-0.074404,-0.008502
0.016001,-0.074753,-0.010609
0.016565,-0.074306,-0.011298
0.016608,-0.074882,-0.010857
0.021090,-0.073394,-0.012339
0.020098,-0.074927,-0.010509
0.022120,-0.074766,-0.015152
0.023851,-0.072047,-0.014248
0.025903,-0.073795,-0.014154
0.026926,-0.073851,-0.013021
0.027230,-0.074467,-0.016537
0.030252,-0.075702,-0.016096
0.029018,-0.073654,-0.018352
0.032231,-0.075567,-0.018916
0.033504,-0.076316,-0.019007
0.036177,-0.073942,-0.020232
0.037083,-0.072470,-0.024090
0.036172,-0.077056,-0.025071
0.037152,-0.076069,-0.026317
0.040081,-0.075845,-0.026734
0.041925,-0.074699,-0.028900
0.043624,-0.075406,-0.030109
0.044202,-0.075782,-0.028807
0.047543,-0.075466,-0.031781
0.047353,-0.075440,-0.034560
0.049055,-0.077031,-0.035024
0.050578,-0.076048,-0.038736
0.052542,-0.075226,-0.039676
0.052505,-0.077784,-0.042877
0.055843,-0.076063,-0.046150
0.056380,-0.076640,-0.047575
0.058426,-0.077619,-0.049464
0.058324,-0.075804,-0.046916
0.060568,-0.075309,-0.044835
0.063343,-0.077609,-0.042059
0.062848,-0.076160,-0.040315
0.065622,-0.076646,-0.041117
0.065702,-0.075014,-0.041702
0.067196,-0.075184,-0.040620
0.068744,-0.076551,-0.041696
0.069869,-0.076652,-0.041029
0.070107,-0.076190,-0.040404
0.073598,-0.074948,-0.041734
0.073441,-0.075445,-0.042384
0.074939,-0.076073,-0.043121
0.077295,-0.076029,-0.045625
0.079197,-0.076322,-0.045964
0.081341,-0.076836,-0.047231
0.081712,-0.080418,-0.076307
0.083742,-0.077002,-0.073197
0.083177,-0.078672,-0.072290
0.087690,-0.079134,-0.067885
0.089677,-0.077680,-0.067131
0.089417,-0.079212,-0.064687
0.093159,-0.077144,-0.063868
0.090990,-0.078814,-0.060852
0.093223,-0.078137,-0.061399
0.094991,-0.074799,-0.058085
0.094816,-0.078232,-0.056553
0.095318,-0.077431,-0.054714
0.099574,-0.076944,-0.054118
0.097876,-0.077107,-0.052340
0.100369,-0.078329,-0.051189
0.101845,-0.075797,-0.048304
0.104783,-0.078175,-0.050011
0.105408,-0.075918,-0.050645
0.108981,-0.075176,-0.049917
0.108220,-0.077894,-0.049939
0.108661,-0.076672,-0.051625
0.111436,-0.076749,-0.050125
0.111870,-0.077229,-0.048965
0.114313,-0.077040,-0.049628
0.115184,-0.077554,-0.048751
0.116687,-0.076688,-0.047819
0.120194,-0.077703,-0.047473
0.118981,-0.075482,-0.046746
0.121253,-0.076863,-0.044386
0.123375,-0.077984,-0.044184
0.123175,-0.076007,-0.044770
0.125268,-0.076127,-0.044726
0.126906,-0.075722,-0.043408
0.128335,-0.077057,-0.044872
0.129578,-0.077296,-0.043606
0.131890,-0.075529,-0.045613
0.131084,-0.076562,-0.044914
0.134880,-0.077394,-0.044160
0.134240,-0.075990,-0.044749
0.135732,-0.076674,-0.043761
0.137991,-0.076005,-0.046166
0.141459,-0.076659,-0.044516
0.138633,-0.075352,-0.044995
0.141648,-0.074672,-0.043616
0.143216,-0.077294,-0.042808
0.145481,-0.074333,-0.042308
0.146550,-0.075847,-0.044448
0.148928,-0.078467,-0.043695
0.150783,-0.076964,-0.042408
0.151479,-0.076061,-0.043865
0.152696,-0.076663,-0.044341
0.151408,-0.076767,-0.044500
0.155375,-0.074964,-0.044445
0.155779,-0.077197,-0.044898
0.156761,-0.076383,-0.045472
0.157856,-0.077095,-0.043850
0.160063,-0.077729,-0.043432
0.160412,-0.078537,-0.045441
0.163755,-0.076408,-0.042958
0.163835,-0.076113,-0.044070
0.165826,-0.076060,-0.046187
0.167858,-0.077168,-0.043659
0.170280,-0.075814,-0.044072
0.170722,-0.076280,-0.042591
0.171199,-0.075138,-0.043659
0.173822,-0.077091,-0.044673
0.174553,-0.076941,-0.044964
0.176721,-0.075744,-0.043013
0.177176,-0.075544,-0.045898
0.180620,-0.075789,-0.045843
0.181593,-0.076401,-0.045271
0.181322,-0.075556,-0.047130
0.182629,-0.077893,-0.046447
0.183449,-0.077355,-0.046108
0.186795,-0.076038,-0.047593
0.185834,-0.076597,-0.047434
0.189026,-0.077736,-0.049826
0.190556,-0.076190,-0.048157
0.192681,-0.076303,-0.049273
0.193699,-0.076786,-0.049851
0.193479,-0.077802,-0.051049
0.198487,-0.078223,-0.051681
0.197867,-0.078291,-0.053400
0.198793,-0.076971,-0.053268
0.201182,-0.077010,-0.057497
0.202190,-0.079104,-0.057175
-0.097446,-0.076899,-0.064973
-0.094167,-0.076274,-0.057686
-0.095605,-0.076548,-0.049171
-0.092500,-0.073614,-0.042639
-0.090501,-0.074018,-0.040603
-0.089158,-0.074536,-0.033818
-0.087329,-0.074553,-0.032359
-0.087666,-0.074223,-0.031352
-0.086473,-0.072600,-0.025957
-0.082128,-0.073200,-0.023472
-0.083161,-0.073190,-0.021951
-0.081600,-0.073645,-0.019802
-0.080260,-0.071612,-0.018019
-0.079442,-0.073289,-0.014591
-0.077813,-0.073442,-0.014163
-0.076119,-0.071567,-0.011877
-0.074781,-0.071342,-0.011599
-0.073425,-0.072091,-0.009675
-0.072473,-0.071742,-0.010698
-0.068762,-0.072536,-0.007926
-0.067024,-0.072679,-0.006892
-0.065557,-0.071642,-0.005267
-0.063546,-0.072179,-0.004052
-0.063026,-0.070580,-0.003593
-0.062399,-0.071697,-0.003472
-0.061559,-0.069877,-0.001684
-0.058058,-0.073048,-0.001922
-0.058687,-0.072866,0.000999
-0.056627,-0.070821,0.002603
-0.054726,-0.072351,0.002596
-0.056052,-0.071610,0.001927
-0.051135,-0.071728,0.004958
-0.051615,-0.070399,0.004292
-0.050795,-0.071393,0.005135
-0.049207,-0.071533,0.006907
-0.047168,-0.069939,0.007701
-0.043478,-0.070921,0.006744
-0.041379,-0.072442,0.006581
-0.043242,-0.070782,0.005983
-0.040457,-0.070294,0.008268
-0.042800,-0.069793,0.007149
-0.037437,-0.071157,0.008280
-0.036482,-0.071673,0.005459
-0.035305,-0.069699,0.007387
-0.034172,-0.070927,0.009895
-0.032670,-0.070567,0.005919
-0.031492,-0.073257,0.007098
-0.029734,-0.071629,0.010684
-0.027504,-0.072194,0.009116
-0.028193,-0.068997,0.008695
-0.025619,-0.072791,0.007442
-0.022768,-0.070813,0.006546
-0.023739,-0.071669,0.008183
-0.020579,-0.070129,0.005579
-0.018911,-0.070749,0.006162
-0.019461,-0.071329,0.004856
-0.017081,-0.071262,0.006843
-0.016470,-0.071335,0.006213
-0.014780,-0.072423,0.007664
-0.013320,-0.069585,0.003306
-0.012742,-0.070815,0.004348
-0.012160,-0.071552,0.006562
-0.009810,-0.069889,0.003970
-0.009912,-0.071648,0.001357
-0.005588,-0.071399,0.003059
-0.006198,-0.071665,0.002118
-0.003988,-0.071899,0.001152
-0.001486,-0.071831,0.000134
-0.002072,-0.074164,-0.000645
0.001134,-0.073308,-0.001268
0.002510,-0.072253,-0.002855
0.003854,-0.072234,-0.003988
0.001702,-0.072480,-0.005070
0.004819,-0.071008,-0.003210
0.006941,-0.073135,-0.004803
0.008047,-0.069974,-0.004708
0.010978,-0.071374,-0.007694
0.012445,-0.071844,-0.009193
0.012751,-0.073596,-0.009249
0.013874,-0.071080,-0.009130
0.015364,-0.071492,-0.009714
0.018635,-0.072527,-0.010371
0.018739,-0.070376,-0.011904
0.019409,-0.072952,-0.012909
0.019876,-0.072320,-0.012767
0.022879,-0.071988,-0.014189
0.024698,-0.072943,-0.012302
0.026181,-0.071113,-0.013727
0.027230,-0.072557,-0.016586
0.027843,-0.072584,-0.014287
0.029194,-0.073587,-0.013143
0.031078,-0.071130,-0.016530
0.032708,-0.072651,-0.019766
0.033132,-0.076346,-0.019515
0.036996,-0.072450,-0.021765
0.037205,-0.072701,-0.022966
0.039762,-0.073107,-0.023935
0.039101,-0.073058,-0.024830
0.040901,-0.075250,-0.027318
0.043284,-0.072047,-0.028027
0.044603,-0.077013,-0.028807
0.045446,-0.073076,-0.029123
0.046231,-0.074944,-0.032268
0.048343,-0.072975,-0.032108
0.050098,-0.073162,-0.033906
0.052511,-0.072521,-0.032803
0.052070,-0.074368,-0.035315
0.054489,-0.074517,-0.036009
0.053203,-0.074484,-0.038951
0.055528,-0.074752,-0.038358
0.056504,-0.073855,-0.039848
0.061122,-0.075767,-0.040965
0.060060,-0.075511,-0.038398
0.060578,-0.076004,-0.039444
0.062886,-0.076529,-0.039396
0.062964,-0.073148,-0.039227
0.067787,-0.076080,-0.040540
0.066768,-0.076587,-0.038035
0.070455,-0.076171,-0.038547
0.069579,-0.074907,-0.038048
0.071739,-0.075797,-0.039718
0.071849,-0.075136,-0.040185
0.074333,-0.073732,-0.040879
0.077411,-0.075634,-0.040375
0.076473,-0.075121,-0.042481
0.080828,-0.073509,-0.042508
0.080211,-0.074398,-0.044592
0.081060,-0.075633,-0.045040
0.081496,-0.073324,-0.049707
0.084893,-0.076722,-0.069598
0.086834,-0.077378,-0.067259
0.087474,-0.076697,-0.066338
0.089366,-0.076419,-0.067285
0.090503,-0.077200,-0.064631
0.091794,-0.075362,-0.061072
0.093356,-0.075288,-0.060802
0.095766,-0.076346,-0.057801
0.097338,-0.077715,-0.055781
0.097093,-0.076618,-0.054810
0.097659,-0.076026,-0.053701
0.099722,-0.075504,-0.051177
0.102304,-0.073218,-0.051931
0.103845,-0.075503,-0.049629
0.103673,-0.075869,-0.049802
0.106673,-0.075091,-0.052077
0.105798,-0.073149,-0.049709
0.108732,-0.075494,-0.050076
0.109914,-0.074955,-0.049267
0.111586,-0.075555,-0.049159
0.111809,-0.074237,-0.048442
0.112553,-0.076385,-0.048082
0.115226,-0.074551,-0.048118
0.116320,-0.073260,-0.047014
0.120322,-0.073466,-0.046868
0.118570,-0.074522,-0.046607
0.121414,-0.076086,-0.047457
0.124427,-0.075799,-0.044701
0.122479,-0.075063,-0.044266
0.123653,-0.075485,-0.044713
0.126707,-0.076167,-0.043485
0.127659,-0.073242,-0.043236
0.130150,-0.075467,-0.044708
0.130690,-0.075570,-0.045941
0.129556,-0.073907,-0.044550
0.132932,-0.074770,-0.044464
0.134877,-0.074010,-0.043024
0.137798,-0.073611,-0.043752
0.138429,-0.074711,-0.042943
0.139753,-0.075069,-0.044418
0.139643,-0.074064,-0.043558
0.142753,-0.075974,-0.044238
0.143977,-0.076379,-0.043222
0.143783,-0.074113,-0.043124
0.145410,-0.076100,-0.043387
0.147194,-0.074327,-0.044651
0.147901,-0.075312,-0.045259
0.152340,-0.075495,-0.043037
0.152927,-0.073812,-0.044469
0.154132,-0.075005,-0.041993
0.154616,-0.074376,-0.044236
0.155099,-0.075001,-0.042815
0.158163,-0.074509,-0.042946
0.159862,-0.076673,-0.042982
0.159904,-0.074206,-0.042441
0.163568,-0.074755,-0.043857
0.161788,-0.074402,-0.042547
0.164068,-0.073212,-0.043164
0.165157,-0.074825,-0.045067
0.166560,-0.075878,-0.041680
0.168839,-0.075820,-0.045892
0.169795,-0.075781,-0.042806
0.171735,-0.075109,-0.044452
0.172478,-0.074592,-0.044767
0.174809,-0.075164,-0.043877
0.176076,-0.075291,-0.043421
0.177770,-0.075532,-0.044517
0.178194,-0.073755,-0.045894
0.179487,-0.075505,-0.044553
0.181477,-0.076621,-0.044115
0.181161,-0.075498,-0.044577
0.183591,-0.076000,-0.047234
0.186542,-0.074452,-0.048149
0.187599,-0.075131,-0.047783
0.192069,-0.077475,-0.047064
0.190148,-0.075042,-0.046940
0.191463,-0.077936,-0.048660
0.192912,-0.075227,-0.048200
0.192651,-0.073514,-0.048662
0.195323,-0.076041,-0.050115
0.195835,-0.076895,-0.053794
0.199017,-0.076920,-0.052318
0.199552,-0.073258,-0.057570
0.201813,-0.074246,-0.056422
0.202318,-0.077901,-0.057914
0.204102,-0.075099,-0.060345
-0.097676,-0.074332,-0.065469
-0.096993,-0.074897,-0.056733
-0.095786,-0.072352,-0.047859
-0.092071,-0.072087,-0.041845
-0.092138,-0.072899,-0.040143
-0.089637,-0.073150,-0.035920
-0.088419,-0.070347,-0.031482
-0.087533,-0.074046,-0.027977
-0.085708,-0.072452,-0.026313
-0.083684,-0.072643,-0.022492
-0.081936,-0.071618,-0.020508
-0.080875,-0.071876,-0.019391
-0.079252,-0.072138,-0.018431
-0.076887,-0.069601,-0.015956
-0.078727,-0.071529,-0.015672
-0.073907,-0.071820,-0.012548
-0.074028,-0.071486,-0.011539
-0.073662,-0.072127,-0.009723
-0.073087,-0.069878,-0.008470
-0.069219,-0.070403,-0.006823
-0.066293,-0.069561,-0.006924
-0.066624,-0.070314,-0.004976
-0.066287,-0.071859,-0.002204
-0.065209,-0.071893,-0.003110
-0.063872,-0.069079,-0.000335
-0.061436,-0.070352,-0.001134
-0.056759,-0.069699,0.000032
-0.058636,-0.069628,0.000344
-0.056931,-0.071118,-0.000001
-0.055927,-0.069446,0.002222
-0.055281,-0.070802,0.004697
-0.051631,-0.070956,0.003716
-0.051532,-0.071001,0.003939
-0.050623,-0.068408,0.003826
-0.047408,-0.066550,0.005959
-0.046355,-0.068435,0.007673
-0.045289,-0.070539,0.008155
-0.044040,-0.071552,0.005515
-0.042206,-0.070293,0.004853
-0.041566,-0.069778,0.006883
-0.038439,-0.067734,0.007837
-0.038696,-0.069141,0.006967
-0.036491,-0.068452,0.007819
-0.035005,-0.068217,0.007913
-0.034480,-0.069370,0.007196
-0.033706,-0.069622,0.008754
-0.030728,-0.067474,0.009464
-0.030280,-0.068588,0.010684
-0.029650,-0.068159,0.009489
-0.027200,-0.069757,0.007797
-0.026945,-0.070307,0.009023
-0.023031,-0.069780,0.006592
-0.024212,-0.068675,0.006549
-0.022477,-0.070301,0.007397
-0.018768,-0.069732,0.005655
-0.020068,-0.071044,0.006609
-0.018660,-0.070577,0.007452
-0.013855,-0.069675,0.007224
-0.013713,-0.069139,0.005455
-0.014305,-0.069446,0.005891
-0.012572,-0.067047,0.004455
-0.008634,-0.069467,0.005083
-0.010062,-0.071541,0.003543
-0.007557,-0.070022,0.001686
-0.007511,-0.070424,0.002709
-0.005402,-0.069577,0.002326
-0.005096,-0.070399,-0.001175
-0.002611,-0.069158,-0.000389
-0.001490,-0.068695,0.000229
-0.000133,-0.070663,-0.001210
-0.001229,-0.069719,-0.002792
0.002722,-0.070854,-0.002471
0.005323,-0.070515,-0.004262
0.005570,-0.070600,-0.006689
0.008838,-0.070184,-0.004842
0.008484,-0.071229,-0.005122
0.009303,-0.070570,-0.005824
0.010783,-0.070017,-0.006889
0.012505,-0.070386,-0.008935
0.015279,-0.071319,-0.010408
0.014416,-0.070452,-0.010297
0.015715,-0.070824,-0.010651
0.019535,-0.070082,-0.010968
0.020219,-0.070281,-0.012867
0.020336,-0.071729,-0.012107
0.021240,-0.068788,-0.014965
0.023429,-0.071414,-0.014524
0.023618,-0.071317,-0.012980
0.025809,-0.070069,-0.014356
0.029234,-0.070651,-0.012781
0.029253,-0.072225,-0.017201
0.030705,-0.072491,-0.016422
0.032083,-0.070344,-0.018275
0.033705,-0.071090,-0.021669
0.034195,-0.072410,-0.021026
0.034234,-0.072921,-0.020083
0.037872,-0.069690,-0.021595
0.037968,-0.071804,-0.023992
0.040315,-0.071688,-0.025092
0.043638,-0.071953,-0.027731
0.042621,-0.072426,-0.029147
0.045602,-0.073679,-0.030547
0.045502,-0.073154,-0.031528
0.048063,-0.070204,-0.032169
0.049556,-0.072965,-0.032193
0.051007,-0.073311,-0.032653
0.050793,-0.073356,-0.035850
0.050064,-0.072450,-0.036538
0.054973,-0.072840,-0.034790
0.056629,-0.073091,-0.038250
0.057336,-0.072584,-0.037854
0.058588,-0.074168,-0.037016
0.059678,-0.072697,-0.037980
0.060826,-0.071555,-0.036397
0.061750,-0.071299,-0.036840
0.066185,-0.071880,-0.036546
0.065371,-0.072422,-0.036007
0.067297,-0.073956,-0.037009
0.069006,-0.072884,-0.036266
0.070420,-0.072434,-0.037404
0.071200,-0.073685,-0.036464
0.073215,-0.072220,-0.039172
0.073550,-0.074426,-0.038398
0.077261,-0.073912,-0.039791
0.077159,-0.073673,-0.040344
0.079018,-0.072071,-0.041210
0.080418,-0.072954,-0.041013
0.081988,-0.071303,-0.043457
0.082463,-0.071879,-0.044636
0.085733,-0.073718,-0.046156
0.086199,-0.075560,-0.067953
0.087416,-0.074591,-0.066201
0.088941,-0.074124,-0.064840
0.090854,-0.074004,-0.063870
0.091014,-0.075916,-0.061160
0.091633,-0.074208,-0.060424
0.095593,-0.073427,-0.057549
0.097020,-0.074665,-0.056873
0.095681,-0.074528,-0.055968
0.098365,-0.074724,-0.053330
0.100291,-0.073886,-0.052100
0.100518,-0.073157,-0.049052
0.103316,-0.072714,-0.050449
0.102819,-0.073790,-0.050188
0.106083,-0.073477,-0.049484
0.108207,-0.074672,-0.049235
0.106090,-0.072086,-0.048608
0.109796,-0.074649,-0.046813
0.109020,-0.073834,-0.047067
0.113931,-0.074704,-0.049282
0.113938,-0.073273,-0.045517
0.115404,-0.074357,-0.045938
0.117388,-0.073370,-0.045618
0.118802,-0.074018,-0.045258
0.119980,-0.073486,-0.044990
0.118967,-0.073777,-0.043672
0.121054,-0.072854,-0.043915
0.122257,-0.072425,-0.043464
0.122863,-0.072488,-0.041237
0.126731,-0.072221,-0.042948
0.129342,-0.072731,-0.043032
0.128593,-0.073819,-0.045376
0.131319,-0.072452,-0.043140
0.131253,-0.073751,-0.043277
0.136108,-0.072135,-0.043317
0.134641,-0.073081,-0.044165
0.137568,-0.072730,-0.043525
0.136689,-0.072149,-0.043116
0.139880,-0.072334,-0.044770
0.140264,-0.073090,-0.044161
0.139868,-0.073325,-0.043947
0.141267,-0.073213,-0.042981
0.144276,-0.073774,-0.042224
0.147144,-0.073119,-0.043227
0.147829,-0.074247,-0.043766
0.149667,-0.074209,-0.042559
0.150067,-0.071729,-0.043778
0.151149,-0.073636,-0.042958
0.153690,-0.073527,-0.044508
0.155657,-0.073603,-0.044025
0.156084,-0.071769,-0.043381
0.157358,-0.074830,-0.043758
0.158741,-0.073006,-0.043730
0.162484,-0.074462,-0.041569
0.162522,-0.072693,-0.043344
0.163550,-0.071704,-0.042973
0.163154,-0.071814,-0.042879
0.164824,-0.073321,-0.042636
0.166728,-0.073009,-0.042395
0.169136,-0.071616,-0.043245
0.169305,-0.072146,-0.041875
0.172342,-0.074789,-0.043366
0.172260,-0.073538,-0.044330
0.173644,-0.071625,-0.044779
0.177192,-0.074366,-0.045489
0.178622,-0.072890,-0.045320
0.179613,-0.072414,-0.042885
0.181769,-0.073981,-0.045149
0.181744,-0.072664,-0.045789
0.183863,-0.074360,-0.045561
0.186167,-0.073355,-0.045435
0.185206,-0.073008,-0.045797
0.188475,-0.073196,-0.045492
0.188808,-0.072720,-0.045942
0.190995,-0.073135,-0.049460
0.192584,-0.074426,-0.049856
0.192750,-0.072842,-0.049831
0.193850,-0.073158,-0.049769
0.194582,-0.073178,-0.050711
0.199116,-0.074455,-0.049772
0.197112,-0.073364,-0.052292
0.199114,-0.074709,-0.055433
0.201614,-0.076227,-0.056547
0.203886,-0.072838,-0.059061
0.205561,-0.076382,-0.058113
0.206978,-0.074233,-0.061076
0.205655,-0.074717,-0.063075
0.207187,-0.074877,-0.061905
-0.099801,-0.075052,-0.064267
-0.096091,-0.071645,-0.056569
-0.095960,-0.070949,-0.047529
-0.093721,-0.068896,-0.041806
-0.092154,-0.070202,-0.039162
-0.088599,-0.069144,-0.036321
-0.088207,-0.072429,-0.032419
-0.085468,-0.068945,-0.029427
-0.085472,-0.071116,-0.025098
-0.082443,-0.069494,-0.022421
-0.083138,-0.069857,-0.021900
-0.081218,-0.069538,-0.019371
-0.079057,-0.069061,-0.017847
-0.077373,-0.069666,-0.016693
-0.074139,-0.069482,-0.015241
-0.075236,-0.069676,-0.013027
-0.073606,-0.070042,-0.012244
-0.070704,-0.069255,-0.011556
-0.069661,-0.067713,-0.009184
-0.068654,-0.068385,-0.006672
-0.067634,-0.069408,-0.004857
-0.064549,-0.067986,-0.004475
-0.064215,-0.066114,-0.004845
-0.061828,-0.067302,-0.001758
-0.062911,-0.069005,-0.002797
-0.061624,-0.067165,-0.000645
-0.059829,-0.068097,0.000644
-0.057246,-0.066641,0.000721
-0.055660,-0.068349,-0.000615
-0.055959,-0.068143,0.003260
-0.055516,-0.068073,0.003147
-0.052255,-0.065736,0.004380
-0.050913,-0.067792,0.005651
-0.048178,-0.067657,0.005726
-0.048674,-0.068821,0.007352
-0.047364,-0.067735,0.005661
-0.044964,-0.068740,0.007318
-0.043956,-0.068076,0.006300
-0.042552,-0.068911,0.007048
-0.042348,-0.069474,0.005172
-0.039868,-0.068168,0.005435
-0.039451,-0.071221,0.008160
-0.035122,-0.068181,0.007275
-0.034870,-0.069107,0.006933
-0.031240,-0.066925,0.008826
-0.030515,-0.066456,0.010238
-0.030993,-0.068144,0.008739
-0.030485,-0.067948,0.008140
-0.029059,-0.066806,0.007642
-0.027735,-0.067416,0.008432
-0.024509,-0.066918,0.006701
-0.024422,-0.068337,0.007972
-0.022742,-0.066935,0.006822
-0.022600,-0.067053,0.007530
-0.022138,-0.070294,0.005946
-0.020014,-0.068198,0.007516
-0.018759,-0.067213,0.006049
-0.016306,-0.067656,0.004218
-0.015034,-0.067183,0.005277
-0.013687,-0.069868,0.005834
-0.011929,-0.067316,0.006124
-0.010166,-0.068591,0.004287
-0.009746,-0.068026,0.002731
-0.007958,-0.069592,0.004238
-0.006014,-0.068938,0.003899
-0.004028,-0.070505,0.000809
-0.004527,-0.068998,-0.000528
-0.001028,-0.067439,0.001469
0.000569,-0.070447,-0.002096
0.000087,-0.068956,-0.001237
0.001349,-0.069256,-0.002961
0.002496,-0.068068,-0.004520
0.004606,-0.069867,-0.004066
0.004825,-0.069137,-0.004177
0.007925,-0.069266,-0.005103
0.007064,-0.067004,-0.005880
0.010641,-0.069866,-0.006118
0.011996,-0.071746,-0.007749
0.011545,-0.071604,-0.009656
0.013191,-0.068431,-0.009870
0.016953,-0.070115,-0.009588
0.017573,-0.069699,-0.009148
0.016820,-0.067193,-0.010705
0.020290,-0.069847,-0.011590
0.020566,-0.069695,-0.011801
0.020892,-0.071281,-0.012894
0.025360,-0.068822,-0.012511
0.024411,-0.068546,-0.014989
0.026060,-0.068482,-0.013031
0.026828,-0.068504,-0.016034
0.028830,-0.071054,-0.015137
0.030884,-0.068741,-0.016354
0.033794,-0.070817,-0.019266
0.033205,-0.070338,-0.020732
0.035539,-0.070417,-0.022258
0.035448,-0.069019,-0.022367
0.037818,-0.070191,-0.024194
0.038132,-0.072074,-0.025183
0.040889,-0.069966,-0.025091
0.041219,-0.068306,-0.027896
0.044234,-0.071018,-0.029492
0.044457,-0.071519,-0.029095
0.046770,-0.069326,-0.026682
0.047566,-0.071936,-0.029916
0.049215,-0.070505,-0.030300
0.050682,-0.070652,-0.031592
0.050846,-0.070863,-0.034775
0.052765,-0.071246,-0.035575
0.055115,-0.070277,-0.034128
0.054450,-0.069341,-0.036840
0.057451,-0.069858,-0.034112
0.060090,-0.070656,-0.034757
0.058516,-0.071609,-0.033910
0.062266,-0.070751,-0.034799
0.064991,-0.071825,-0.032684
0.065646,-0.071034,-0.032691
0.066127,-0.070508,-0.034801
0.066681,-0.072201,-0.033262
0.068841,-0.074128,-0.032813
0.069639,-0.072763,-0.035135
0.071248,-0.071230,-0.035089
0.074575,-0.070350,-0.036960
0.072378,-0.071230,-0.035235
0.075152,-0.072032,-0.037115
0.078054,-0.069183,-0.037200
0.077993,-0.071464,-0.037928
0.078545,-0.070343,-0.039948
0.081858,-0.070864,-0.040483
0.082946,-0.071168,-0.042384
0.083625,-0.069022,-0.044236
0.086308,-0.072826,-0.045159
0.087008,-0.071484,-0.048362
0.089074,-0.072779,-0.063127
0.091816,-0.072414,-0.063387
0.090971,-0.072922,-0.061939
0.093353,-0.073332,-0.060372
0.093208,-0.073503,-0.057992
0.096294,-0.073527,-0.055617
0.097250,-0.072340,-0.054073
0.098252,-0.071624,-0.052586
0.098820,-0.072552,-0.050716
0.100915,-0.071887,-0.049600
0.101895,-0.071730,-0.048679
0.105474,-0.071571,-0.048154
0.104905,-0.073959,-0.047825
0.106940,-0.070820,-0.047931
0.109835,-0.071076,-0.048254
0.109150,-0.070751,-0.047375
0.109485,-0.071376,-0.046313
0.111910,-0.072070,-0.045764
0.113695,-0.072235,-0.046168
0.114425,-0.074161,-0.045594
0.117370,-0.073345,-0.045111
0.119086,-0.071048,-0.045072
0.119664,-0.073147,-0.044177
0.121914,-0.071524,-0.044146
0.122610,-0.072478,-0.044161
0.122787,-0.073256,-0.043132
0.123011,-0.071299,-0.045368
0.126310,-0.070710,-0.044617
0.127588,-0.071374,-0.043249
0.129463,-0.071333,-0.044344
0.131152,-0.072421,-0.044706
0.134269,-0.072262,-0.044700
0.132064,-0.072462,-0.043754
0.134890,-0.070609,-0.044906
0.136459,-0.072928,-0.044040
0.137118,-0.072162,-0.042813
0.138340,-0.068924,-0.042345
0.139366,-0.071647,-0.042901
0.142156,-0.071805,-0.044332
0.142799,-0.071498,-0.042119
0.144535,-0.072730,-0.045481
0.146468,-0.070677,-0.041718
0.147676,-0.073419,-0.043629
0.149097,-0.072897,-0.041928
0.149959,-0.073817,-0.042145
0.152781,-0.072005,-0.043240
0.153486,-0.071714,-0.042974
0.154924,-0.070792,-0.042205
0.156973,-0.072237,-0.043783
0.156581,-0.072934,-0.043855
0.159929,-0.070437,-0.041190
0.159832,-0.071739,-0.042382
0.160592,-0.070401,-0.043116
0.160955,-0.071520,-0.043812
0.165699,-0.073289,-0.042950
0.165037,-0.071826,-0.043727
0.167907,-0.069742,-0.042212
0.169410,-0.070505,-0.043597
0.168486,-0.068556,-0.041964
0.172406,-0.070601,-0.043189
0.173949,-0.070255,-0.045481
0.174202,-0.071406,-0.045188
0.176495,-0.070443,-0.043175
0.177314,-0.070393,-0.045619
0.179504,-0.072178,-0.045351
0.181012,-0.070556,-0.045840
0.182939,-0.072065,-0.044775
0.183354,-0.071713,-0.044559
0.183214,-0.073044,-0.046474
0.186465,-0.073077,-0.045719
0.186396,-0.071021,-0.046483
0.190020,-0.071812,-0.044030
0.190517,-0.071871,-0.046705
0.193482,-0.072478,-0.049467
0.192853,-0.073218,-0.047724
0.194480,-0.070688,-0.049366
0.195566,-0.072543,-0.049768
0.197852,-0.072238,-0.052825
0.198267,-0.073073,-0.052686
0.201154,-0.072055,-0.055478
0.201205,-0.072367,-0.056168
0.205497,-0.073387,-0.057999
0.204843,-0.071885,-0.058968
0.206245,-0.070543,-0.061101
0.208061,-0.072028,-0.061569
0.209222,-0.074318,-0.062683
0.212350,-0.071968,-0.065812
-0.098973,-0.071713,-0.064556
-0.094874,-0.071211,-0.056525
-0.092456,-0.070309,-0.048147
-0.092772,-0.069485,-0.043269
-0.091127,-0.067958,-0.039832
-0.090878,-0.068123,-0.034760
-0.088711,-0.068668,-0.031227
-0.086429,-0.070268,-0.029505
-0.085160,-0.067369,-0.025677
-0.084780,-0.069782,-0.021455
-0.081939,-0.069093,-0.023456
-0.080032,-0.068786,-0.020128
-0.078691,-0.068268,-0.016535
-0.077633,-0.067863,-0.015315
-0.078406,-0.068547,-0.015307
-0.075348,-0.068532,-0.013373
-0.073032,-0.067452,-0.011260
-0.072228,-0.067135,-0.011284
-0.070766,-0.066758,-0.008587
-0.067202,-0.066750,-0.004766
-0.070198,-0.065277,-0.005947
-0.065371,-0.068548,-0.003975
-0.064240,-0.067780,-0.003953
-0.063766,-0.066994,-0.002166
-0.063158,-0.068869,-0.001609
-0.059258,-0.066963,-0.002165
-0.059464,-0.065229,-0.000853
-0.056420,-0.067875,0.000581
-0.057785,-0.068331,0.001053
-0.054321,-0.064095,0.003958
-0.052736,-0.067128,0.003777
-0.053042,-0.066266,0.004409
-0.050540,-0.067677,0.005176
-0.049434,-0.066584,0.007566
-0.049168,-0.066246,0.005419
-0.044871,-0.066512,0.005947
-0.044347,-0.065316,0.005585
-0.045054,-0.066633,0.004811
-0.042513,-0.067681,0.006196
-0.042454,-0.067536,0.007290
-0.040095,-0.066408,0.008191
-0.040627,-0.068579,0.007196
-0.036642,-0.065672,0.009291
-0.034785,-0.065249,0.009100
-0.034434,-0.067060,0.008450
-0.033006,-0.067125,0.009819
-0.030115,-0.066468,0.009458
-0.031655,-0.067388,0.008524
-0.028352,-0.065449,0.009545
-0.026065,-0.065344,0.007707
-0.024437,-0.067002,0.006222
-0.026815,-0.067137,0.007339
-0.025411,-0.065228,0.006828
-0.022321,-0.068313,0.006929
-0.019977,-0.066881,0.003994
-0.019954,-0.068120,0.005646
-0.017737,-0.067426,0.005567
-0.016510,-0.067546,0.003015
-0.016263,-0.068121,0.005233
-0.013016,-0.067758,0.004810
-0.012036,-0.067334,0.005100
-0.011874,-0.067240,0.003742
-0.010474,-0.066408,0.002831
-0.007799,-0.066065,0.004150
-0.006186,-0.067668,0.000938
-0.006489,-0.066142,-0.000097
-0.006908,-0.066276,0.001408
-0.002426,-0.064885,-0.001397
0.000427,-0.066043,-0.000923
-0.000270,-0.066709,-0.003135
0.001663,-0.064833,-0.003638
0.003847,-0.066884,-0.002700
0.005049,-0.067491,-0.004547
0.004411,-0.069464,-0.005034
0.007446,-0.067411,-0.005149
0.008802,-0.068537,-0.005113
0.009981,-0.067075,-0.006684
0.012327,-0.066306,-0.005770
0.013331,-0.066633,-0.009767
0.016263,-0.066521,-0.010035
0.015015,-0.069308,-0.008644
0.017265,-0.067164,-0.010167
0.019837,-0.066338,-0.009283
0.019455,-0.068347,-0.013098
0.019806,-0.067876,-0.010696
0.020169,-0.066877,-0.012877
0.023270,-0.068094,-0.010552
0.023787,-0.068774,-0.014040
0.027892,-0.067959,-0.014766
0.026536,-0.067491,-0.015570
0.029557,-0.067212,-0.014627
0.030434,-0.065538,-0.016640
0.032870,-0.069833,-0.019584
0.033210,-0.067971,-0.020170
0.035874,-0.067803,-0.020214
0.034376,-0.068045,-0.023334
0.037053,-0.068521,-0.022767
0.042297,-0.067638,-0.023322
0.040453,-0.070383,-0.026090
0.039903,-0.070623,-0.028274
0.041860,-0.069007,-0.027569
0.045589,-0.069176,-0.027361
0.045013,-0.069916,-0.029708
0.047743,-0.069752,-0.030563
0.049171,-0.067886,-0.031203
0.051204,-0.069370,-0.033898
0.052783,-0.068736,-0.031974
0.052330,-0.069645,-0.032324
0.052988,-0.070298,-0.032715
0.054275,-0.066630,-0.032472
0.057888,-0.069443,-0.031643
0.059032,-0.069245,-0.032462
0.060882,-0.069186,-0.030435
0.061661,-0.068269,-0.033867
0.063525,-0.067154,-0.031645
0.063988,-0.069221,-0.030311
0.066901,-0.067773,-0.031971
0.068908,-0.068318,-0.032844
0.067520,-0.068645,-0.033101
0.067884,-0.067497,-0.032043
0.072021,-0.067482,-0.032528
0.072604,-0.071092,-0.032021
0.073127,-0.068123,-0.032277
0.075165,-0.070916,-0.035468
0.077896,-0.069144,-0.037350
0.078368,-0.069547,-0.037978
0.079347,-0.070869,-0.038145
0.081141,-0.067866,-0.038203
0.084499,-0.069626,-0.039217
0.083650,-0.069603,-0.041649
0.085839,-0.068241,-0.043767
0.087603,-0.070156,-0.045874
0.087675,-0.068819,-0.048897
0.089918,-0.072262,-0.060149
0.091996,-0.071578,-0.060913
0.091497,-0.070812,-0.059073
0.095372,-0.068845,-0.057654
0.097190,-0.070964,-0.055037
0.096241,-0.070947,-0.052374
0.098904,-0.069776,-0.051798
0.102564,-0.069162,-0.050331
0.099801,-0.070468,-0.048745
0.102313,-0.069510,-0.048754
0.104499,-0.072813,-0.048516
0.105550,-0.070721,-0.047293
0.106228,-0.068846,-0.047901
0.109780,-0.072386,-0.048294
0.109493,-0.071809,-0.048137
0.110073,-0.070059,-0.047396
0.113781,-0.071580,-0.046817
0.112993,-0.070583,-0.045685
0.117474,-0.071177,-0.045042
0.116353,-0.071312,-0.044303
0.118046,-0.070973,-0.044720
0.120088,-0.069969,-0.041983
0.121217,-0.070364,-0.041996
0.121769,-0.070318,-0.043469
0.121771,-0.069900,-0.043197
0.124226,-0.069869,-0.042040
0.125815,-0.070036,-0.041155
0.129495,-0.070546,-0.041987
0.129663,-0.070489,-0.043018
0.130277,-0.068452,-0.043568
0.132109,-0.071466,-0.045144
0.134808,-0.071604,-0.043071
0.134310,-0.069585,-0.041985
0.136293,-0.069029,-0.043946
0.138221,-0.069735,-0.042303
0.138604,-0.071503,-0.044362
0.140698,-0.069052,-0.040252
0.143134,-0.070339,-0.043090
0.143091,-0.070002,-0.042897
0.146516,-0.068241,-0.042964
0.145997,-0.069931,-0.041527
0.147311,-0.070339,-0.042138
0.148388,-0.071085,-0.042588
0.150379,-0.069553,-0.043516
0.149736,-0.070632,-0.043094
0.150915,-0.071287,-0.042223
0.156170,-0.069455,-0.043166
0.156448,-0.068498,-0.042582
0.157735,-0.070228,-0.041480
0.159454,-0.070653,-0.044275
0.160019,-0.072302,-0.040713
0.160962,-0.070991,-0.042435
0.162958,-0.069285,-0.041477
0.165660,-0.069098,-0.043830
0.166291,-0.068704,-0.041311
0.168707,-0.069485,-0.042145
0.168899,-0.068378,-0.042297
0.169592,-0.072197,-0.041744
0.172496,-0.071193,-0.043010
0.172296,-0.069507,-0.043769
0.173801,-0.068523,-0.043239
0.176607,-0.069845,-0.043658
0.177828,-0.070019,-0.044643
0.177216,-0.071594,-0.045274
0.179178,-0.070551,-0.046206
0.180940,-0.070561,-0.046682
0.183348,-0.069722,-0.046134
0.184786,-0.072048,-0.046738
0.186987,-0.069798,-0.048063
0.187257,-0.070464,-0.046500
0.188712,-0.071813,-0.047757
0.190480,-0.070492,-0.047835
0.193553,-0.070763,-0.047425
0.191992,-0.070998,-0.049851
0.194319,-0.071255,-0.049311
0.196561,-0.070366,-0.051523
0.196596,-0.069107,-0.051487
0.198790,-0.069520,-0.053435
0.202136,-0.070613,-0.056091
0.200952,-0.069996,-0.057392
0.205091,-0.071473,-0.057525
0.205513,-0.070267,-0.058095
0.205557,-0.072626,-0.060399
0.209463,-0.071271,-0.063094
0.209020,-0.071437,-0.062504
0.211090,-0.073562,-0.067191
0.213738,-0.071964,-0.069450
0.215547,-0.072000,-0.072124
-0.099342,-0.071332,-0.064227
-0.095611,-0.070205,-0.054863
-0.094090,-0.068523,-0.046675
-0.093921,-0.067844,-0.042202
-0.091327,-0.069233,-0.037655
-0.090404,-0.065957,-0.033796
-0.088632,-0.069003,-0.032675
-0.086664,-0.067671,-0.031011
-0.086596,-0.067251,-0.026413
-0.083323,-0.066618,-0.021465
-0.081046,-0.066751,-0.021519
-0.080665,-0.069380,-0.019997
-0.079506,-0.066528,-0.017491
-0.080250,-0.066591,-0.015376
-0.075786,-0.068674,-0.012857
-0.073795,-0.067045,-0.012579
-0.075580,-0.067982,-0.010929
-0.069991,-0.065721,-0.010110
-0.072106,-0.066837,-0.007962
-0.068361,-0.065868,-0.006824
-0.068688,-0.065743,-0.003030
-0.065219,-0.065084,-0.004194
-0.065133,-0.066904,-0.002727
-0.064330,-0.065072,-0.002498
-0.062745,-0.064825,-0.001031
-0.061802,-0.065304,-0.000066
-0.059071,-0.065454,0.000152
-0.059152,-0.065836,0.002712
-0.055996,-0.065968,0.002220
-0.054344,-0.064303,0.002962
-0.053860,-0.064732,0.002634
-0.051691,-0.064869,0.003972
-0.051340,-0.065490,0.005883
-0.050172,-0.065632,0.004996
-0.048506,-0.065270,0.007268
-0.046700,-0.064399,0.005981
-0.045078,-0.065399,0.006901
-0.042004,-0.064584,0.006321
-0.042020,-0.064269,0.007032
-0.040716,-0.065140,0.005913
-0.042389,-0.065153,0.006300
-0.038874,-0.065751,0.006949
-0.037764,-0.065859,0.007308
-0.034707,-0.063582,0.007386
-0.034038,-0.064391,0.006115
-0.033504,-0.064416,0.009580
-0.031562,-0.066961,0.009790
-0.029591,-0.065056,0.009835
-0.030193,-0.065219,0.008500
-0.026349,-0.064682,0.008759
-0.025912,-0.061570,0.008603
-0.024635,-0.064961,0.007242
-0.023442,-0.065801,0.008924
-0.022968,-0.065350,0.005355
-0.019141,-0.065285,0.005683
-0.018815,-0.063426,0.005504
-0.017585,-0.062687,0.007493
-0.015317,-0.065641,0.006215
-0.014715,-0.063578,0.006011
-0.013241,-0.065319,0.005627
-0.012020,-0.064639,0.003271
-0.011455,-0.062824,0.004170
-0.008774,-0.065505,0.003899
-0.007110,-0.064225,0.001059
-0.007066,-0.064716,0.002454
-0.006009,-0.064889,-0.001163
-0.003542,-0.064190,0.000719
-0.002599,-0.064171,-0.001718
-0.001357,-0.066380,-0.002774
-0.000344,-0.066302,-0.001007
0.002642,-0.065800,-0.001455
0.003528,-0.065583,-0.001661
0.004353,-0.064708,-0.005725
0.006150,-0.065962,-0.004751
0.006865,-0.065012,-0.005445
0.007832,-0.066047,-0.007462
0.009499,-0.063956,-0.007848
0.011507,-0.066639,-0.007181
0.013920,-0.064714,-0.008608
0.013649,-0.066010,-0.008242
0.014470,-0.065736,-0.009467
0.016722,-0.067397,-0.011488
0.017236,-0.066683,-0.010636
0.019732,-0.066321,-0.009730
0.022663,-0.066675,-0.011454
0.021063,-0.066745,-0.013127
0.024796,-0.066383,-0.010602
0.025892,-0.067062,-0.013713
0.027210,-0.064979,-0.012606
0.028212,-0.064763,-0.014912
0.028450,-0.065032,-0.014795
0.030914,-0.065967,-0.015396
0.032800,-0.066098,-0.016941
0.031805,-0.067032,-0.017803
0.035194,-0.066360,-0.020917
0.036461,-0.065856,-0.020903
0.036767,-0.065071,-0.022543
0.038263,-0.065455,-0.024365
0.040012,-0.066815,-0.024402
0.041804,-0.068019,-0.025605
0.042778,-0.067847,-0.026254
0.043782,-0.068006,-0.027789
0.045603,-0.068120,-0.027103
0.048600,-0.066453,-0.029991
0.049536,-0.066556,-0.030561
0.051432,-0.067457,-0.030518
0.051791,-0.068768,-0.032254
0.054124,-0.067521,-0.029975
0.055317,-0.067100,-0.029689
0.055078,-0.070551,-0.028850
0.056417,-0.067976,-0.028712
0.056061,-0.066388,-0.029380
0.062003,-0.067408,-0.030948
0.062228,-0.067117,-0.028411
0.062119,-0.067025,-0.029503
0.063806,-0.067510,-0.028920
0.064809,-0.066842,-0.029458
0.067162,-0.067227,-0.029856
0.068651,-0.066924,-0.030769
0.069032,-0.067372,-0.030347
0.072143,-0.068002,-0.031151
0.072115,-0.067117,-0.035515
0.073255,-0.067360,-0.034322
0.075020,-0.067649,-0.033328
0.075466,-0.066251,-0.033401
0.079895,-0.067286,-0.034995
0.080702,-0.068096,-0.036492
0.081764,-0.068403,-0.037085
0.083390,-0.067753,-0.037695
0.083214,-0.068068,-0.040066
0.085113,-0.067807,-0.040971
0.088286,-0.069723,-0.041791
0.086929,-0.068784,-0.044720
0.090774,-0.071663,-0.048981
0.092648,-0.069692,-0.054188
0.092361,-0.069618,-0.053797
0.094321,-0.069971,-0.058616
0.096411,-0.068943,-0.055055
0.096360,-0.069535,-0.053025
0.098235,-0.069773,-0.052514
0.100585,-0.068652,-0.051933
0.100810,-0.069117,-0.049184
0.102852,-0.067751,-0.046846
0.105274,-0.069683,-0.047057
0.106519,-0.070278,-0.046926
0.106724,-0.068472,-0.046628
0.107853,-0.068220,-0.046455
0.109825,-0.068747,-0.047219
0.111489,-0.069261,-0.046230
0.111543,-0.069582,-0.044976
0.112450,-0.068082,-0.044309
0.114770,-0.068575,-0.044065
0.116881,-0.067255,-0.044542
0.118278,-0.068321,-0.045809
0.117818,-0.069303,-0.044971
0.121421,-0.068370,-0.043459
0.122375,-0.068883,-0.044513
0.124556,-0.069620,-0.043773
0.126789,-0.068641,-0.042573
0.126182,-0.068468,-0.040904
0.127088,-0.069369,-0.041976
0.128709,-0.068176,-0.043070
0.130004,-0.067205,-0.041021
0.132633,-0.068196,-0.042079
0.133645,-0.067941,-0.042474
0.134120,-0.068055,-0.041531
0.132716,-0.069240,-0.042151
0.138737,-0.069132,-0.044653
0.140487,-0.067484,-0.041420
0.140494,-0.071053,-0.043840
0.142082,-0.067673,-0.042703
0.142654,-0.068985,-0.041061
0.144032,-0.069854,-0.041921
0.146599,-0.068000,-0.042547
0.148385,-0.066982,-0.042113
0.150956,-0.067375,-0.042584
0.151571,-0.066935,-0.041205
0.153156,-0.068238,-0.041138
0.152257,-0.068154,-0.041958
0.155441,-0.069286,-0.041886
0.157654,-0.067803,-0.042695
0.155923,-0.068329,-0.043777
0.160840,-0.070482,-0.042213
0.160192,-0.065827,-0.042437
0.163877,-0.066826,-0.042923
0.165154,-0.070682,-0.043669
0.165922,-0.068573,-0.040353
0.165342,-0.067226,-0.041826
0.168005,-0.068042,-0.041907
0.169138,-0.068728,-0.042812
0.170060,-0.068077,-0.043646
0.171302,-0.067720,-0.041628
0.174369,-0.067261,-0.043453
0.175319,-0.070469,-0.043760
0.176260,-0.067626,-0.043693
0.176716,-0.069484,-0.043565
0.177043,-0.067549,-0.045785
0.180319,-0.069692,-0.045231
0.181593,-0.068811,-0.045153
0.181603,-0.068009,-0.044043
0.184183,-0.067933,-0.045379
0.186027,-0.069796,-0.045157
0.186393,-0.070906,-0.046361
0.189417,-0.069592,-0.045154
0.190443,-0.068457,-0.047333
0.189737,-0.069011,-0.047305
0.192899,-0.068557,-0.046761
0.192997,-0.068280,-0.049114
0.195320,-0.068856,-0.050105
0.197606,-0.068761,-0.051895
0.198014,-0.069079,-0.052836
0.200786,-0.070292,-0.055704
0.199577,-0.068696,-0.058522
0.205394,-0.070368,-0.056589
0.204828,-0.067884,-0.057523
0.207100,-0.070331,-0.060194
0.207133,-0.069064,-0.061210
0.210137,-0.069861,-0.063721
0.211960,-0.067018,-0.066603
0.213184,-0.070036,-0.070917
0.214974,-0.070327,-0.073160
0.216017,-0.072034,-0.074836
-0.098653,-0.068834,-0.065475
-0.096820,-0.068488,-0.057024
-0.093854,-0.066784,-0.049648
-0.092581,-0.066114,-0.041666
-0.091336,-0.067269,-0.039133
-0.089705,-0.066313,-0.036595
-0.088935,-0.065157,-0.031447
-0.087273,-0.066695,-0.029330
-0.083790,-0.066342,-0.027093
-0.084450,-0.065172,-0.020475
-0.082353,-0.065733,-0.019140
-0.081455,-0.065897,-0.019797
-0.079043,-0.063541,-0.016715
-0.077637,-0.063796,-0.015038
-0.074752,-0.065124,-0.014206
-0.074864,-0.066053,-0.013652
-0.072711,-0.065584,-0.010885
-0.071158,-0.065255,-0.008457
-0.070489,-0.064587,-0.007944
-0.070848,-0.064785,-0.005933
-0.068922,-0.064852,-0.003785
-0.066382,-0.065916,-0.003723
-0.064380,-0.063079,-0.003569
-0.063478,-0.063150,-0.002565
-0.062314,-0.064419,-0.001325
-0.059715,-0.063449,0.000626
-0.058355,-0.063442,0.001298
-0.057502,-0.062665,0.003052
-0.055257,-0.064231,0.002033
-0.055901,-0.064040,0.001733
-0.052848,-0.062613,0.002562
-0.053933,-0.063496,0.005829
-0.050885,-0.062632,0.007156
-0.050514,-0.062953,0.006604
-0.047279,-0.064185,0.004059
-0.045506,-0.063546,0.006758
-0.045362,-0.064821,0.008251
-0.043468,-0.063400,0.008298
-0.043895,-0.062277,0.009910
-0.038839,-0.064364,0.007034
-0.039877,-0.063448,0.007558
-0.039246,-0.063513,0.008918
-0.038278,-0.062004,0.010252
-0.035625,-0.064713,0.007655
-0.033917,-0.061893,0.008288
-0.033030,-0.063110,0.009173
-0.030608,-0.064063,0.009079
-0.030084,-0.064578,0.007174
-0.030051,-0.063725,0.007867
-0.025599,-0.064229,0.007291
-0.025389,-0.062629,0.007154
-0.022368,-0.062554,0.008509
-0.024722,-0.064601,0.007516
-0.022712,-0.064123,0.004713
-0.020448,-0.063067,0.006111
-0.019252,-0.064371,0.005030
-0.017845,-0.061695,0.005749
-0.016555,-0.062811,0.008425
-0.014662,-0.062708,0.004791
-0.011592,-0.063389,0.004578
-0.012765,-0.064842,0.005526
-0.009634,-0.063958,0.003892
-0.010068,-0.062798,0.002129
-0.007821,-0.063617,0.001928
-0.006166,-0.063959,0.002730
-0.004385,-0.064040,0.000676
-0.002701,-0.064092,-0.000082
-0.002926,-0.065080,-0.002323
-0.000816,-0.063452,-0.002037
0.002710,-0.063899,-0.003164
0.002683,-0.063554,-0.001788
0.004771,-0.062456,-0.003955
0.003737,-0.064480,-0.004987
0.005024,-0.063779,-0.005960
0.007107,-0.064243,-0.003958
0.007494,-0.061995,-0.006168
0.011609,-0.064830,-0.006430
0.011910,-0.064231,-0.006878
0.011322,-0.063788,-0.008434
0.012745,-0.062461,-0.007393
0.015999,-0.064848,-0.010437
0.017569,-0.064647,-0.008157
0.016976,-0.064027,-0.010210
0.019807,-0.063326,-0.011079
0.022870,-0.063584,-0.011543
0.020654,-0.065300,-0.012150
0.023617,-0.064240,-0.012207
0.025120,-0.065974,-0.012204
0.026700,-0.065368,-0.012251
0.029697,-0.063370,-0.012733
0.029945,-0.063027,-0.016246
0.030841,-0.064883,-0.017551
0.032752,-0.065191,-0.017768
0.033945,-0.066346,-0.019641
0.035008,-0.066255,-0.020390
0.034786,-0.062500,-0.021143
0.037352,-0.064663,-0.023883
0.041173,-0.065532,-0.024672
0.041183,-0.063823,-0.024601
0.043939,-0.065180,-0.025048
0.044112,-0.064311,-0.024421
0.045411,-0.066340,-0.025419
0.045078,-0.064832,-0.025543
0.047767,-0.067263,-0.029591
0.049056,-0.066553,-0.028642
0.051055,-0.067190,-0.028508
0.051483,-0.067391,-0.027120
0.053127,-0.066016,-0.029811
0.055579,-0.066800,-0.026213
0.055069,-0.066210,-0.027035
0.057825,-0.064889,-0.026242
0.058612,-0.065130,-0.026571
0.061214,-0.066513,-0.028728
0.061531,-0.067866,-0.026862
0.062713,-0.064838,-0.028304
0.065263,-0.065313,-0.027921
0.063413,-0.065606,-0.029853
0.066291,-0.066036,-0.029295
0.069040,-0.063840,-0.027158
0.071451,-0.064736,-0.030734
0.073917,-0.066698,-0.031140
0.072438,-0.064641,-0.029993
0.074381,-0.065728,-0.032073
0.074186,-0.067230,-0.031915
0.078246,-0.065991,-0.030098
0.075147,-0.066853,-0.032427
0.080314,-0.064706,-0.033672
0.081319,-0.065428,-0.035226
0.083030,-0.066803,-0.036513
0.083443,-0.065419,-0.036671
0.086054,-0.067367,-0.036254
0.085788,-0.065851,-0.041131
0.087133,-0.066765,-0.043323
0.088978,-0.067850,-0.044732
0.090056,-0.066752,-0.049530
0.094896,-0.068328,-0.052105
0.094855,-0.066343,-0.048697
0.096565,-0.064913,-0.047387
0.097968,-0.068469,-0.051100
0.100082,-0.068441,-0.051513
0.099855,-0.068543,-0.050320
0.100520,-0.066956,-0.047677
0.103247,-0.067111,-0.047703
0.102472,-0.067028,-0.045763
0.104858,-0.066625,-0.046994
0.107122,-0.067369,-0.047918
0.109444,-0.066268,-0.046674
0.108986,-0.067648,-0.044967
0.112619,-0.067140,-0.044338
0.114153,-0.067226,-0.047396
0.113113,-0.067794,-0.046484
0.115542,-0.066502,-0.044496
0.116364,-0.066163,-0.044571
0.118497,-0.065810,-0.043624
0.119016,-0.067099,-0.043783
0.121985,-0.066849,-0.042004
0.121294,-0.067543,-0.043524
0.123489,-0.066063,-0.042624
0.123728,-0.066502,-0.042971
0.126760,-0.067450,-0.041986
0.127548,-0.067184,-0.041027
0.129509,-0.065630,-0.043296
0.131886,-0.068527,-0.040474
0.133596,-0.067021,-0.042690
0.134220,-0.065822,-0.042796
0.133959,-0.068532,-0.044426
0.136630,-0.065614,-0.044677
0.137656,-0.065479,-0.041977
0.139089,-0.067329,-0.042718
0.141293,-0.066842,-0.042852
0.141324,-0.067400,-0.039453
0.142216,-0.068264,-0.042549
0.143074,-0.066948,-0.042102
0.145092,-0.068116,-0.041158
0.147109,-0.066208,-0.040571
0.145931,-0.067849,-0.043053
0.150052,-0.068168,-0.043432
0.153447,-0.067459,-0.042272
0.153344,-0.067270,-0.042774
0.154358,-0.068592,-0.042002
0.155075,-0.066039,-0.040960
0.158531,-0.067651,-0.043016
0.160230,-0.064815,-0.041655
0.159673,-0.066430,-0.042611
0.161587,-0.070420,-0.043282
0.163443,-0.065995,-0.042288
0.163378,-0.065739,-0.041441
0.166850,-0.068674,-0.042940
0.167500,-0.065609,-0.042739
0.170065,-0.066599,-0.043485
0.169385,-0.067446,-0.041212
0.170096,-0.066095,-0.040820
0.174071,-0.064837,-0.041174
0.173989,-0.066132,-0.045865
0.175843,-0.065360,-0.043927
0.177165,-0.067166,-0.043994
0.179618,-0.065532,-0.044864
0.179406,-0.067257,-0.047129
0.180518,-0.066804,-0.046470
0.183077,-0.067253,-0.048059
0.186203,-0.068195,-0.047687
0.186092,-0.066659,-0.045108
0.187642,-0.066801,-0.047148
0.190000,-0.067645,-0.047180
0.191920,-0.067548,-0.048697
0.190188,-0.067893,-0.048649
0.192107,-0.066748,-0.047514
0.195808,-0.067280,-0.049186
0.195582,-0.067806,-0.051809
0.196948,-0.066839,-0.052880
0.198308,-0.067748,-0.054741
0.200003,-0.067774,-0.056253
0.200851,-0.067141,-0.055787
0.204637,-0.067372,-0.056395
0.204653,-0.068061,-0.058784
0.205976,-0.067923,-0.061219
0.208954,-0.068427,-0.063063
0.208442,-0.067144,-0.064048
0.209173,-0.066762,-0.067071
0.212495,-0.068690,-0.069928
0.213024,-0.066733,-0.074551
0.216065,-0.069917,-0.078762
0.218752,-0.068241,-0.078465
0.219260,-0.068623,-0.084009
-0.098646,-0.067557,-0.063781
-0.095816,-0.065624,-0.054341
-0.097487,-0.064478,-0.047502
-0.092425,-0.063587,-0.042205
-0.092698,-0.062462,-0.038435
-0.090432,-0.064091,-0.035562
-0.088096,-0.065913,-0.031325
-0.086830,-0.064805,-0.027831
-0.086962,-0.064037,-0.024410
-0.082283,-0.061866,-0.021709
-0.079684,-0.062153,-0.021023
-0.080615,-0.062412,-0.019436
-0.078006,-0.065129,-0.018844
-0.079354,-0.062447,-0.014740
-0.075044,-0.061899,-0.014294
-0.076069,-0.064021,-0.011118
-0.072831,-0.064431,-0.011137
-0.072891,-0.061940,-0.009146
-0.070754,-0.061486,-0.007849
-0.069042,-0.062302,-0.007067
-0.068842,-0.062781,-0.006008
-0.065376,-0.063078,-0.003044
-0.064177,-0.062025,-0.003176
-0.062895,-0.064115,0.000037
-0.061986,-0.061960,-0.001237
-0.061478,-0.061208,-0.000814
-0.061840,-0.063127,0.001468
-0.058711,-0.062353,0.003089
-0.055032,-0.062939,0.002926
-0.055971,-0.061966,0.004056
-0.054280,-0.062790,0.004913
-0.052683,-0.061074,0.006173
-0.051367,-0.061551,0.005156
-0.048499,-0.060632,0.007523
-0.048539,-0.062035,0.007535
-0.045225,-0.062435,0.007723
-0.044833,-0.061820,0.007226
-0.042917,-0.062302,0.006022
-0.041133,-0.060102,0.008900
-0.040427,-0.061381,0.007774
-0.040288,-0.061482,0.007105
-0.039667,-0.060678,0.007299
-0.037480,-0.062700,0.009796
-0.034038,-0.060028,0.009651
-0.033726,-0.062934,0.006753
-0.031898,-0.061282,0.008365
-0.033683,-0.062171,0.008919
-0.029890,-0.060315,0.008684
-0.028048,-0.061749,0.006673
-0.028012,-0.062312,0.008334
-0.027764,-0.063143,0.006421
-0.023098,-0.062535,0.007204
-0.022216,-0.060850,0.007569
-0.022630,-0.060817,0.005847
-0.020318,-0.063546,0.005939
-0.020011,-0.062368,0.004734
-0.016828,-0.063103,0.007091
-0.016538,-0.061388,0.007040
-0.015110,-0.062190,0.005777
-0.013524,-0.061508,0.004078
-0.011770,-0.064390,0.005046
-0.010754,-0.061336,0.003544
-0.009746,-0.062356,0.002529
-0.009497,-0.062189,0.001766
-0.007441,-0.062695,0.000972
-0.004435,-0.059238,0.000635
-0.004536,-0.062412,0.002596
-0.001359,-0.061162,-0.000596
-0.001773,-0.062558,-0.002513
0.001112,-0.062894,-0.002000
0.002275,-0.060465,-0.003069
0.002787,-0.061466,-0.005250
0.005461,-0.060019,-0.004283
0.005812,-0.061711,-0.005115
0.006429,-0.061928,-0.005136
0.008331,-0.063521,-0.004171
0.008679,-0.062465,-0.005694
0.013140,-0.063161,-0.006537
0.011839,-0.062645,-0.008391
0.014478,-0.062756,-0.007097
0.016522,-0.062597,-0.008022
0.017435,-0.062391,-0.008681
0.017422,-0.062885,-0.009651
0.020385,-0.063887,-0.010637
0.022935,-0.061994,-0.010808
0.023178,-0.065126,-0.011406
0.024308,-0.063221,-0.010856
0.027025,-0.063923,-0.011632
0.027032,-0.062802,-0.012353
0.029182,-0.064059,-0.015204
0.029251,-0.061479,-0.015996
0.029759,-0.062854,-0.015687
0.031653,-0.062906,-0.018406
0.035076,-0.063668,-0.018882
0.033916,-0.064276,-0.020735
0.036637,-0.064848,-0.022176
0.036997,-0.062407,-0.020755
0.039020,-0.062535,-0.022855
0.039432,-0.063309,-0.022868
0.044027,-0.062372,-0.024191
0.043530,-0.063345,-0.023441
0.043646,-0.065769,-0.024759
0.046778,-0.063309,-0.027043
0.046950,-0.062793,-0.026027
0.049176,-0.062823,-0.026306
0.050852,-0.064167,-0.026045
0.050944,-0.063576,-0.024607
0.051496,-0.065241,-0.024219
0.054100,-0.061413,-0.023778
0.057101,-0.063510,-0.026058
0.056631,-0.063130,-0.025294
0.058711,-0.064200,-0.025284
0.059395,-0.063970,-0.025499
0.061693,-0.063120,-0.023890
0.062522,-0.065487,-0.025354
0.065184,-0.065115,-0.024043
0.067993,-0.063835,-0.025632
0.067912,-0.063635,-0.024011
0.067979,-0.064196,-0.024997
0.069798,-0.065558,-0.026499
0.070697,-0.063678,-0.026520
0.072155,-0.063736,-0.027895
0.074099,-0.063890,-0.028154
0.076074,-0.064592,-0.027783
0.078301,-0.063230,-0.031968
0.077958,-0.062249,-0.032967
0.079380,-0.064174,-0.029897
0.081516,-0.063993,-0.032346
0.082141,-0.063749,-0.032707
0.084959,-0.064821,-0.034689
0.085530,-0.066954,-0.034897
0.087333,-0.065226,-0.036706
0.087463,-0.066565,-0.040056
0.090637,-0.063846,-0.040741
0.091719,-0.064892,-0.042254
0.092188,-0.067431,-0.046469
0.093602,-0.065663,-0.050129
0.095742,-0.067521,-0.047501
0.096940,-0.064773,-0.047596
0.098630,-0.065247,-0.046574
0.098103,-0.065139,-0.047652
0.102588,-0.065082,-0.047920
0.102046,-0.067514,-0.044883
0.104984,-0.065625,-0.048376
0.106954,-0.065521,-0.045721
0.105567,-0.067533,-0.045423
0.106676,-0.066972,-0.044260
0.108527,-0.067480,-0.045898
0.111555,-0.065904,-0.045922
0.111375,-0.065346,-0.045027
0.113910,-0.064961,-0.042917
0.114203,-0.065589,-0.045612
0.116523,-0.065932,-0.045033
0.117474,-0.065525,-0.042403
0.119869,-0.064239,-0.043260
0.122964,-0.066960,-0.042603
0.121186,-0.067106,-0.042414
0.124585,-0.064973,-0.042551
0.126918,-0.064748,-0.041000
0.125397,-0.064729,-0.040504
0.127981,-0.065116,-0.041560
0.130489,-0.065673,-0.044083
0.131470,-0.064131,-0.041791
0.131387,-0.064993,-0.042478
0.133877,-0.065352,-0.042368
0.136099,-0.064783,-0.042659
0.136008,-0.063836,-0.041500
0.137370,-0.064222,-0.043086
0.139725,-0.064918,-0.043416
0.139769,-0.064921,-0.042176
0.142083,-0.063985,-0.040662
0.143681,-0.065235,-0.043138
0.146245,-0.063417,-0.042854
0.145529,-0.065619,-0.042872
0.149721,-0.067091,-0.040883
0.148993,-0.064962,-0.042315
0.149987,-0.064611,-0.040808
0.153015,-0.064761,-0.041339
0.151062,-0.065099,-0.041346
0.155497,-0.064646,-0.040665
0.157027,-0.067364,-0.041137
0.157185,-0.063293,-0.043597
0.156914,-0.066583,-0.041015
0.158955,-0.065918,-0.041712
0.162031,-0.063384,-0.041117
0.162267,-0.065650,-0.042796
0.162820,-0.067083,-0.043732
0.165382,-0.066729,-0.043070
0.167937,-0.063542,-0.040674
0.169114,-0.066697,-0.042583
0.170577,-0.064634,-0.039889
0.171526,-0.066476,-0.040636
0.173165,-0.066125,-0.042013
0.176766,-0.065495,-0.043660
0.175619,-0.065756,-0.043433
0.176978,-0.066462,-0.045555
0.176621,-0.066780,-0.044140
0.181508,-0.064718,-0.044793
0.182843,-0.063722,-0.045442
0.183783,-0.064800,-0.044456
0.184958,-0.064331,-0.046320
0.186469,-0.066324,-0.045482
0.187238,-0.066225,-0.046321
0.188266,-0.065040,-0.047500
0.188677,-0.064987,-0.047185
0.193218,-0.063639,-0.046946
0.193296,-0.065313,-0.047999
0.194601,-0.064965,-0.051110
0.196733,-0.066193,-0.049656
0.196119,-0.065872,-0.052176
0.197295,-0.065940,-0.051625
0.203818,-0.066240,-0.054139
0.202949,-0.065530,-0.055739
0.202584,-0.065404,-0.058346
0.204197,-0.065636,-0.058711
0.207871,-0.066125,-0.059998
0.208502,-0.068023,-0.061049
0.210171,-0.066289,-0.062189
0.212383,-0.066911,-0.067276
0.212466,-0.067258,-0.069692
0.214496,-0.067817,-0.072305
0.215834,-0.068755,-0.076356
0.217380,-0.067467,-0.078655
0.219759,-0.067765,-0.081775
0.221034,-0.066316,-0.085877
-0.100480,-0.065993,-0.062714
-0.096182,-0.064223,-0.055800
-0.093908,-0.063582,-0.047785
-0.093793,-0.064895,-0.042051
-0.091405,-0.064254,-0.035759
-0.090148,-0.062177,-0.036153
-0.089884,-0.062706,-0.032819
-0.087069,-0.061599,-0.031670
-0.085157,-0.063249,-0.024450
-0.084041,-0.061618,-0.021447
-0.083708,-0.061887,-0.019724
-0.082364,-0.060025,-0.019044
-0.079088,-0.061791,-0.018188
-0.076906,-0.062458,-0.016327
-0.074770,-0.061703,-0.014664
-0.075100,-0.062650,-0.011951
-0.074420,-0.062324,-0.011734
-0.072128,-0.059855,-0.009696
-0.070375,-0.060416,-0.008330
-0.070271,-0.059927,-0.004011
-0.068393,-0.060999,-0.005780
-0.067282,-0.060626,-0.003784
-0.066735,-0.061101,-0.002108
-0.063860,-0.060242,-0.000060
-0.061881,-0.059203,-0.002399
-0.060552,-0.061319,0.002524
-0.060762,-0.060773,0.000845
-0.057745,-0.060571,0.000834
-0.056041,-0.060563,0.002023
-0.054685,-0.061246,0.004763
-0.052982,-0.060615,0.003288
-0.051658,-0.059156,0.003886
-0.051528,-0.061185,0.004998
-0.049471,-0.060274,0.006489
-0.048972,-0.061744,0.005394
-0.047361,-0.061346,0.006159
-0.045951,-0.059532,0.005147
-0.044721,-0.059160,0.006515
-0.041140,-0.060075,0.007638
-0.041185,-0.059465,0.008046
-0.039641,-0.060391,0.009606
-0.038051,-0.060417,0.010154
-0.038435,-0.058946,0.007850
-0.034470,-0.059133,0.009335
-0.033566,-0.061248,0.009738
-0.033693,-0.059315,0.010026
-0.032834,-0.061159,0.009946
-0.028786,-0.059707,0.007750
-0.030271,-0.058298,0.008134
-0.026191,-0.060319,0.007516
-0.027684,-0.059340,0.006712
-0.023516,-0.059478,0.006452
-0.021262,-0.060042,0.009837
-0.020257,-0.058424,0.005954
-0.021242,-0.061953,0.005373
-0.019087,-0.058618,0.005474
-0.016186,-0.060341,0.004710
-0.016883,-0.060290,0.005675
-0.018220,-0.059719,0.006388
-0.013404,-0.060376,0.004233
-0.011961,-0.060084,0.002543
-0.009592,-0.059921,0.004961
-0.009930,-0.060707,0.003121
-0.008851,-0.059392,0.003107
-0.007618,-0.060658,0.000755
-0.005243,-0.061167,0.000933
-0.003044,-0.058402,0.000817
-0.002295,-0.060988,0.000299
-0.000705,-0.060204,-0.001563
0.000869,-0.061171,-0.002335
0.001891,-0.060216,-0.003842
0.004199,-0.061047,-0.002359
0.005189,-0.061305,-0.003828
0.004233,-0.061917,-0.004666
0.008099,-0.059943,-0.005741
0.006797,-0.060115,-0.005725
0.009917,-0.060357,-0.006546
0.011977,-0.061272,-0.003649
0.012810,-0.061226,-0.008301
0.012811,-0.061041,-0.006162
0.014416,-0.061450,-0.008091
0.017545,-0.063228,-0.008164
0.017857,-0.060391,-0.009453
0.018354,-0.060479,-0.009836
0.022622,-0.061179,-0.010212
0.023114,-0.060656,-0.010025
0.025333,-0.061149,-0.010744
0.026482,-0.060284,-0.011540
0.028744,-0.061435,-0.012683
0.027389,-0.061604,-0.014255
0.028988,-0.059833,-0.015830
0.029522,-0.060966,-0.017223
0.032166,-0.062355,-0.016323
0.033868,-0.060638,-0.018187
0.034758,-0.060880,-0.020901
0.036131,-0.061491,-0.020135
0.038066,-0.061276,-0.021483
0.040471,-0.063293,-0.021354
0.042053,-0.062013,-0.021669
0.041879,-0.061845,-0.021959
0.042473,-0.061254,-0.023869
0.046438,-0.062437,-0.023481
0.046416,-0.060688,-0.024376
0.048372,-0.061281,-0.026025
0.050921,-0.062565,-0.020588
0.050275,-0.061063,-0.023180
0.052773,-0.061726,-0.023087
0.053520,-0.062370,-0.023447
0.055092,-0.062787,-0.021954
0.056333,-0.061160,-0.021334
0.057923,-0.062702,-0.023087
0.057970,-0.064119,-0.024871
0.060617,-0.062798,-0.023001
0.061127,-0.063121,-0.023941
0.062588,-0.061039,-0.025167
0.064278,-0.062168,-0.024672
0.067748,-0.060754,-0.025516
0.068792,-0.060310,-0.024628
0.067871,-0.063432,-0.025428
0.068594,-0.064452,-0.025239
0.071000,-0.062027,-0.026776
0.071569,-0.061620,-0.025642
0.074638,-0.061787,-0.025738
0.075491,-0.062004,-0.029118
0.077315,-0.064278,-0.028746
0.080536,-0.062484,-0.029490
0.079004,-0.062806,-0.028530
0.081083,-0.063076,-0.031027
0.083267,-0.063916,-0.032297
0.084907,-0.062945,-0.032176
0.086565,-0.060659,-0.031722
0.088187,-0.061240,-0.035896
0.088864,-0.063735,-0.034422
0.090702,-0.063154,-0.039439
0.091873,-0.063183,-0.041556
0.092763,-0.062911,-0.043511
0.094094,-0.062608,-0.044930
0.096276,-0.063148,-0.048138
0.097623,-0.063770,-0.048904
0.097471,-0.065614,-0.046913
0.099728,-0.062113,-0.046888
0.100475,-0.065061,-0.046303
0.102225,-0.064747,-0.046605
0.104650,-0.061428,-0.045138
0.107212,-0.063024,-0.043904
0.107179,-0.062961,-0.046079
0.107474,-0.063394,-0.045164
0.111453,-0.062900,-0.044604
0.109938,-0.062469,-0.044265
0.110374,-0.063345,-0.046453
0.114929,-0.062991,-0.043539
0.115857,-0.062399,-0.043450
0.118012,-0.062730,-0.044636
0.117258,-0.064221,-0.044569
0.119054,-0.063194,-0.040965
0.119781,-0.062956,-0.042592
0.122285,-0.062693,-0.041599
0.124422,-0.062798,-0.040538
0.124957,-0.061858,-0.041281
0.126352,-0.063428,-0.042741
0.128068,-0.063930,-0.041756
0.129308,-0.063213,-0.042447
0.128895,-0.063724,-0.041638
0.132915,-0.063440,-0.042718
0.132714,-0.063825,-0.041261
0.135732,-0.063415,-0.042401
0.134936,-0.063154,-0.041874
0.137231,-0.065459,-0.042592
0.139627,-0.064630,-0.042691
0.141436,-0.063143,-0.042931
0.141188,-0.063006,-0.041146
0.143344,-0.065214,-0.042065
0.144731,-0.064232,-0.040999
0.145161,-0.062701,-0.041433
0.147307,-0.062151,-0.040683
0.148678,-0.063195,-0.042022
0.150447,-0.062664,-0.040056
0.152139,-0.063102,-0.040873
0.154845,-0.063586,-0.042995
0.155299,-0.063764,-0.040688
0.154494,-0.063227,-0.041813
0.158414,-0.062626,-0.042024
0.159599,-0.061963,-0.041748
0.160386,-0.062885,-0.041866
0.161315,-0.062660,-0.041943
0.163790,-0.062351,-0.043639
0.165711,-0.063754,-0.041733
0.166065,-0.064423,-0.040792
0.167975,-0.065075,-0.042487
0.171149,-0.063475,-0.041125
0.169996,-0.062703,-0.041850
0.170706,-0.064301,-0.041444
0.173184,-0.062816,-0.043101
0.174277,-0.063972,-0.043056
0.175762,-0.061300,-0.042812
0.176613,-0.062914,-0.044148
0.178868,-0.063594,-0.043475
0.179307,-0.062489,-0.044962
0.181451,-0.063861,-0.046330
0.183135,-0.064096,-0.045798
0.186699,-0.066080,-0.045691
0.186172,-0.064368,-0.046023
0.187592,-0.063557,-0.046656
0.190451,-0.063909,-0.046370
0.191156,-0.064166,-0.048253
0.191598,-0.062545,-0.048854
0.193176,-0.065547,-0.048313
0.196152,-0.065112,-0.048904
0.194484,-0.065242,-0.050464
0.196193,-0.065443,-0.052017
0.198932,-0.063501,-0.053568
0.200028,-0.064170,-0.055285
0.201872,-0.062530,-0.055812
0.204958,-0.065246,-0.059524
0.204492,-0.063663,-0.059220
0.207225,-0.065330,-0.061223
0.210113,-0.063474,-0.062693
0.208249,-0.066470,-0.063555
0.211154,-0.064486,-0.068718
0.213826,-0.063679,-0.070646
0.214037,-0.065329,-0.073034
0.215812,-0.067245,-0.077686
0.217259,-0.066481,-0.079773
0.218314,-0.066072,-0.083789
0.220864,-0.067883,-0.088839
-0.099145,-0.062847,-0.063832
-0.094613,-0.063092,-0.054141
-0.095052,-0.063245,-0.047349
-0.092448,-0.060335,-0.040158
-0.091239,-0.062835,-0.040209
-0.089997,-0.059382,-0.036467
-0.088966,-0.062321,-0.031094
-0.088644,-0.061624,-0.027352
-0.085048,-0.061672,-0.026778
-0.083462,-0.061884,-0.021082
-0.083228,-0.059823,-0.018980
-0.079621,-0.061183,-0.019023
-0.080698,-0.061497,-0.017359
-0.078739,-0.061759,-0.014665
-0.076205,-0.060360,-0.014693
-0.073895,-0.059505,-0.012992
-0.074284,-0.058604,-0.011354
-0.071858,-0.060142,-0.009232
-0.070770,-0.060534,-0.006141
-0.066890,-0.059955,-0.005467
-0.066849,-0.057558,-0.003686
-0.067036,-0.058819,-0.004570
-0.064828,-0.058621,-0.003570
-0.062633,-0.057295,-0.001912
-0.062764,-0.058242,-0.001412
-0.061705,-0.059547,0.000267
-0.059414,-0.059837,0.001589
-0.056277,-0.058871,0.002224
-0.056742,-0.057465,0.005181
-0.055141,-0.057869,0.002907
-0.052888,-0.059285,0.005125
-0.052068,-0.058410,0.004938
-0.050127,-0.058575,0.006569
-0.049436,-0.058449,0.006627
-0.047840,-0.058222,0.005649
-0.046741,-0.057273,0.006628
-0.046513,-0.058382,0.006723
-0.043776,-0.058025,0.007245
-0.043491,-0.058654,0.009397
-0.039927,-0.058374,0.008630
-0.040278,-0.057077,0.008244
-0.038321,-0.058771,0.010691
-0.037080,-0.056684,0.009285
-0.037838,-0.056661,0.009748
-0.034769,-0.058501,0.007498
-0.032269,-0.057026,0.008246
-0.032138,-0.058441,0.008523
-0.031358,-0.058049,0.008746
-0.029409,-0.058151,0.007095
-0.026936,-0.058195,0.008310
-0.026325,-0.058329,0.007597
-0.025391,-0.058212,0.007849
-0.021863,-0.059974,0.006468
-0.020966,-0.057707,0.004788
-0.020439,-0.060781,0.005257
-0.019364,-0.060744,0.006880
-0.018635,-0.057631,0.007175
-0.017180,-0.058007,0.005068
-0.014479,-0.060305,0.003799
-0.013956,-0.058322,0.003902
-0.013621,-0.058033,0.004719
-0.011109,-0.059935,0.004423
-0.008726,-0.060342,0.002945
-0.006329,-0.057672,0.002633
-0.007296,-0.057697,0.002842
-0.005870,-0.058901,-0.000668
-0.003300,-0.058497,-0.000736
-0.003507,-0.058357,-0.001991
-0.000523,-0.059598,-0.003127
0.000437,-0.061027,-0.004186
0.000438,-0.058887,-0.001945
0.003930,-0.060689,-0.003441
0.004746,-0.059109,-0.005205
0.006292,-0.058648,-0.005017
0.007777,-0.059251,-0.003358
0.007253,-0.059120,-0.005320
0.011500,-0.057914,-0.004824
0.011619,-0.058547,-0.004887
0.013533,-0.059056,-0.007879
0.014744,-0.058060,-0.005884
0.017544,-0.058927,-0.007042
0.017324,-0.058241,-0.008621
0.017624,-0.060135,-0.007671
0.020549,-0.060205,-0.008680
0.019714,-0.058908,-0.008125
0.021970,-0.058650,-0.007907
0.023431,-0.058988,-0.009435
0.025315,-0.060281,-0.011751
0.027390,-0.060788,-0.012483
0.028182,-0.061852,-0.012820
0.028802,-0.060731,-0.014974
0.030740,-0.059482,-0.016755
0.032503,-0.059755,-0.016577
0.034492,-0.058691,-0.018142
0.035308,-0.059549,-0.018500
0.034334,-0.059659,-0.018586
0.038139,-0.060468,-0.019349
0.037204,-0.060105,-0.019480
0.041426,-0.058892,-0.019381
0.040983,-0.060184,-0.020677
0.043795,-0.061235,-0.020181
0.044622,-0.060053,-0.020975
0.046574,-0.061114,-0.020155
0.048612,-0.060996,-0.019633
0.049416,-0.061578,-0.020837
0.050069,-0.059721,-0.020782
0.052725,-0.058818,-0.021485
0.053648,-0.061847,-0.022503
0.052764,-0.059376,-0.021561
0.056812,-0.060897,-0.021890
0.056526,-0.060654,-0.022430
0.058787,-0.061580,-0.022989
0.058424,-0.059197,-0.022489
0.061105,-0.061612,-0.021574
0.059454,-0.061717,-0.024833
0.065091,-0.061605,-0.024587
0.066591,-0.060475,-0.023683
0.068532,-0.061903,-0.026122
0.067920,-0.059621,-0.024499
0.070974,-0.060635,-0.023870
0.070567,-0.060845,-0.024706
0.073884,-0.059903,-0.026930
0.073639,-0.061399,-0.025535
0.074928,-0.058025,-0.026531
0.077801,-0.059494,-0.026604
0.078880,-0.060446,-0.027196
0.080322,-0.059775,-0.028345
0.081871,-0.060049,-0.029708
0.082167,-0.060508,-0.028691
0.084463,-0.060653,-0.029452
0.084301,-0.060876,-0.031730
0.085578,-0.061360,-0.032308
0.089187,-0.062003,-0.033288
0.090138,-0.061396,-0.035860
0.092941,-0.060084,-0.039505
0.092653,-0.061028,-0.040328
0.091818,-0.062121,-0.042364
0.094489,-0.064109,-0.044773
0.097126,-0.062277,-0.043695
0.098048,-0.062693,-0.046430
0.101526,-0.061647,-0.045693
0.100852,-0.061200,-0.047486
0.102392,-0.059865,-0.045319
0.102089,-0.063891,-0.044600
0.107119,-0.062286,-0.044337
0.105282,-0.060827,-0.044377
0.108658,-0.063701,-0.045567
0.109161,-0.062082,-0.044954
0.112901,-0.060558,-0.046348
0.113088,-0.060027,-0.043805
0.112819,-0.061574,-0.042798
0.114781,-0.061694,-0.044133
0.117403,-0.062558,-0.043049
0.117983,-0.060687,-0.042737
0.119303,-0.062629,-0.042392
0.120982,-0.060917,-0.043699
0.120732,-0.060140,-0.042161
0.123014,-0.062857,-0.039930
0.125229,-0.060676,-0.039801
0.126421,-0.062220,-0.042069
0.129715,-0.061798,-0.041884
0.130325,-0.060451,-0.042147
0.128198,-0.062437,-0.040309
0.131257,-0.060919,-0.040638
0.133109,-0.061863,-0.041434
0.133687,-0.062310,-0.039589
0.138443,-0.062468,-0.042604
0.139537,-0.061262,-0.041487
0.138975,-0.062013,-0.040545
0.140999,-0.061109,-0.042636
0.141306,-0.061609,-0.042342
0.142767,-0.062749,-0.041812
0.146315,-0.062204,-0.041109
0.146151,-0.062449,-0.041736
0.147187,-0.061531,-0.041082
0.149891,-0.063338,-0.042662
0.148636,-0.061472,-0.041387
0.152038,-0.062168,-0.043651
0.153079,-0.061122,-0.041983
0.155179,-0.062048,-0.040333
0.155780,-0.064081,-0.043419
0.159658,-0.062613,-0.041754
0.158913,-0.061556,-0.042453
0.161034,-0.062130,-0.039910
0.160873,-0.061427,-0.042058
0.163512,-0.061385,-0.042772
0.161422,-0.060619,-0.040564
0.167182,-0.061440,-0.041789
0.166216,-0.062643,-0.040768
0.169142,-0.060992,-0.042142
0.170110,-0.062357,-0.040770
0.172300,-0.060622,-0.044429
0.172989,-0.063546,-0.042267
0.174740,-0.063947,-0.043525
0.173687,-0.060744,-0.045006
0.176588,-0.061295,-0.043524
0.178999,-0.062931,-0.046353
0.179771,-0.060527,-0.046112
0.180725,-0.060999,-0.045143
0.184447,-0.062952,-0.045758
0.183114,-0.061064,-0.045730
0.185967,-0.063196,-0.046708
0.186641,-0.059837,-0.045603
0.188457,-0.060931,-0.045952
0.191096,-0.063652,-0.047991
0.190608,-0.061475,-0.047886
0.192882,-0.062253,-0.047257
0.194533,-0.062842,-0.049867
0.196920,-0.065059,-0.050206
0.197248,-0.062447,-0.051911
0.199165,-0.061877,-0.053161
0.200577,-0.061253,-0.054675
0.202718,-0.064166,-0.054917
0.203715,-0.062557,-0.057963
0.205070,-0.063065,-0.057561
0.206734,-0.063611,-0.061694
0.207249,-0.063769,-0.062070
0.209937,-0.063953,-0.063258
0.210981,-0.063482,-0.068262
0.213246,-0.064437,-0.072400
0.214800,-0.063930,-0.074179
0.215752,-0.063884,-0.076632
0.218060,-0.065163,-0.079081
0.219130,-0.064540,-0.085039
0.220900,-0.063839,-0.089818
0.221855,-0.064412,-0.095583
-0.096860,-0.062699,-0.064115
-0.096325,-0.061832,-0.055547
-0.094792,-0.061430,-0.046781
-0.093089,-0.059795,-0.041894
-0.090166,-0.059493,-0.038601
-0.089488,-0.059394,-0.034845
-0.088395,-0.061420,-0.031279
-0.086921,-0.058616,-0.027985
-0.084834,-0.058563,-0.024316
-0.083392,-0.058612,-0.021580
-0.083632,-0.058330,-0.020553
-0.081399,-0.059338,-0.017350
-0.079361,-0.058256,-0.017493
-0.078904,-0.056010,-0.015336
-0.077369,-0.059046,-0.011593
-0.074172,-0.059116,-0.013637
-0.072707,-0.055951,-0.011400
-0.073021,-0.057168,-0.009337
-0.070148,-0.056575,-0.007043
-0.071001,-0.059508,-0.006798
-0.069328,-0.057477,-0.005129
-0.069881,-0.057674,-0.004712
-0.064422,-0.058066,-0.001390
-0.065949,-0.055548,-0.001451
-0.063388,-0.056747,-0.002454
-0.061637,-0.056452,0.000009
-0.058802,-0.055735,0.001578
-0.058893,-0.058010,0.001369
-0.056031,-0.056444,0.002868
-0.054925,-0.055704,0.004590
-0.054992,-0.056635,0.004765
-0.053064,-0.058686,0.007361
-0.049385,-0.058115,0.005903
-0.049599,-0.056654,0.008311
-0.047326,-0.055703,0.006578
-0.047083,-0.057591,0.006922
-0.044310,-0.057513,0.007481
-0.043615,-0.057698,0.007954
-0.043205,-0.057869,0.008240
-0.041136,-0.056191,0.007398
-0.040405,-0.056050,0.007806
-0.039970,-0.057053,0.008909
-0.036790,-0.057583,0.007794
-0.036690,-0.057405,0.008447
-0.035259,-0.058852,0.008990
-0.033122,-0.055398,0.009093
-0.032087,-0.055867,0.008943
-0.030023,-0.057566,0.008829
-0.028561,-0.057056,0.007980
-0.026402,-0.058362,0.007704
-0.025809,-0.056605,0.009120
-0.024667,-0.055383,0.007665
-0.025189,-0.058899,0.007739
-0.021419,-0.058321,0.006114
-0.020906,-0.056652,0.007627
-0.018919,-0.056380,0.006486
-0.016057,-0.057270,0.006605
-0.016797,-0.055778,0.004463
-0.013817,-0.057804,0.005391
-0.012907,-0.056678,0.004765
-0.012481,-0.057248,0.004679
-0.009301,-0.055954,0.005272
-0.009605,-0.054870,0.003370
-0.009039,-0.058067,0.001596
-0.006313,-0.058398,0.001019
-0.004856,-0.057891,0.002017
-0.001715,-0.056323,-0.001893
-0.002364,-0.057396,-0.001189
-0.002446,-0.058182,-0.000805
-0.000523,-0.057554,-0.001102
0.000208,-0.055818,-0.003500
0.002760,-0.056209,-0.003720
0.005310,-0.058760,-0.002114
0.005957,-0.056649,-0.003153
0.007634,-0.057350,-0.005204
0.008812,-0.056997,-0.003111
0.008872,-0.058123,-0.005330
0.011370,-0.057199,-0.006506
0.012235,-0.058370,-0.004956
0.013548,-0.058667,-0.007418
0.014951,-0.058314,-0.008633
0.015880,-0.057397,-0.008162
0.018562,-0.056787,-0.006251
0.019394,-0.057457,-0.009195
0.020612,-0.058571,-0.008979
0.021422,-0.058884,-0.011185
0.022482,-0.057725,-0.010558
0.025130,-0.060050,-0.009971
0.026915,-0.056671,-0.012484
0.028534,-0.059496,-0.013526
0.030528,-0.059389,-0.014388
0.030794,-0.058275,-0.014764
0.033087,-0.060592,-0.016854
0.030402,-0.059638,-0.014997
0.036119,-0.057049,-0.014281
0.034184,-0.060347,-0.017287
0.038623,-0.058301,-0.018629
0.038785,-0.058226,-0.016873
0.041900,-0.058095,-0.018307
0.042036,-0.057690,-0.018300
0.041965,-0.058907,-0.018033
0.046159,-0.058118,-0.019366
0.045432,-0.059001,-0.021021
0.045783,-0.056992,-0.020146
0.048632,-0.058558,-0.018393
0.050385,-0.058679,-0.020045
0.052582,-0.058846,-0.021783
0.052718,-0.059040,-0.021148
0.055129,-0.056394,-0.021081
0.056358,-0.058293,-0.020493
0.056072,-0.058861,-0.021384
0.057598,-0.058585,-0.021702
0.061545,-0.060246,-0.020496
0.061854,-0.057759,-0.020948
0.062953,-0.058395,-0.021837
0.066535,-0.059052,-0.022484
0.065381,-0.058685,-0.021059
0.067178,-0.060773,-0.023020
0.069289,-0.058950,-0.023402
0.068638,-0.060298,-0.024383
0.071602,-0.058837,-0.022924
0.073302,-0.058784,-0.024768
0.075404,-0.058256,-0.025970
0.075547,-0.060787,-0.025909
0.076855,-0.060733,-0.027545
0.078447,-0.057935,-0.027439
0.081268,-0.058074,-0.027171
0.082331,-0.058626,-0.029816
0.083480,-0.060274,-0.029254
0.084256,-0.059633,-0.028618
0.086078,-0.059922,-0.029493
0.086628,-0.060361,-0.031399
0.087383,-0.059963,-0.032406
0.091397,-0.058305,-0.034217
0.090368,-0.058605,-0.037414
0.092844,-0.058517,-0.037174
0.094463,-0.060464,-0.039267
0.094988,-0.059157,-0.041727
0.096133,-0.059213,-0.043989
0.098162,-0.063273,-0.046795
0.100747,-0.060434,-0.046579
0.099628,-0.060399,-0.043986
0.102996,-0.061873,-0.046330
0.104517,-0.061342,-0.043138
0.103795,-0.060928,-0.045728
0.106439,-0.060992,-0.044544
0.110053,-0.059467,-0.045282
0.109210,-0.059907,-0.043998
0.111423,-0.060884,-0.044243
0.111054,-0.061493,-0.043060
0.114659,-0.061176,-0.044264
0.115805,-0.060383,-0.044399
0.117406,-0.063411,-0.042720
0.116685,-0.060460,-0.042119
0.118743,-0.060591,-0.042449
0.121373,-0.059573,-0.041198
0.122878,-0.059753,-0.039712
0.124309,-0.058334,-0.040602
0.123698,-0.060625,-0.041040
0.127569,-0.060314,-0.041016
0.127704,-0.060199,-0.039718
0.128014,-0.060779,-0.040207
0.130107,-0.059913,-0.040739
0.132854,-0.061309,-0.041172
0.133935,-0.060095,-0.041318
0.133975,-0.060346,-0.041508
0.137117,-0.061241,-0.043110
0.138464,-0.061207,-0.041307
0.139176,-0.060449,-0.042291
0.138953,-0.061591,-0.040854
0.142103,-0.060522,-0.040498
0.142977,-0.058973,-0.044325
0.145498,-0.058586,-0.040624
0.146624,-0.060115,-0.043108
0.144798,-0.058382,-0.041547
0.149036,-0.059508,-0.040739
0.150488,-0.059342,-0.041942
0.152556,-0.059545,-0.042128
0.152754,-0.061557,-0.040082
0.153187,-0.058774,-0.041186
0.155942,-0.058448,-0.042401
0.158243,-0.060250,-0.041094
0.159486,-0.061998,-0.041776
0.160051,-0.061334,-0.041081
0.161472,-0.058818,-0.041929
0.164167,-0.059391,-0.040233
0.166054,-0.059828,-0.041021
0.166012,-0.060395,-0.041999
0.166769,-0.057745,-0.042517
0.168676,-0.061571,-0.042258
0.171601,-0.059110,-0.041644
0.172716,-0.059922,-0.041839
0.173413,-0.059056,-0.042389
0.174765,-0.059767,-0.042565
0.176175,-0.061740,-0.043423
0.179163,-0.060788,-0.043357
0.177711,-0.061068,-0.044007
0.179870,-0.059728,-0.044815
0.180294,-0.060965,-0.043748
0.183994,-0.060722,-0.045652
0.184517,-0.059932,-0.046127
0.185609,-0.060083,-0.046334
0.189414,-0.061475,-0.046810
0.189137,-0.060321,-0.045066
0.189572,-0.060287,-0.047344
0.192010,-0.060765,-0.045087
0.192548,-0.060360,-0.048805
0.194990,-0.060925,-0.049945
0.196524,-0.061120,-0.050580
0.197209,-0.061462,-0.052183
0.199935,-0.062670,-0.053140
0.200517,-0.061020,-0.054915
0.202945,-0.062533,-0.057224
0.204045,-0.060597,-0.057330
0.204397,-0.060402,-0.059013
0.207394,-0.062473,-0.061643
0.208421,-0.060946,-0.061476
0.210593,-0.060577,-0.062683
0.210085,-0.061768,-0.066860
0.212058,-0.061715,-0.071965
0.213777,-0.060478,-0.074211
0.216039,-0.063755,-0.076836
0.218478,-0.061858,-0.080566
0.220071,-0.062866,-0.085840
0.220702,-0.063897,-0.089484
0.222380,-0.063706,-0.096802
0.225721,-0.063300,-0.103121
-0.098347,-0.061629,-0.063099
-0.095710,-0.058901,-0.055185
-0.093387,-0.059702,-0.046166
-0.092497,-0.058613,-0.040979
-0.091101,-0.056718,-0.036415
-0.089638,-0.056686,-0.036357
-0.089451,-0.057446,-0.032146
-0.086615,-0.057803,-0.027820
-0.084976,-0.056471,-0.022376
-0.082140,-0.056354,-0.021289
-0.082971,-0.057553,-0.019454
-0.081614,-0.057198,-0.019324
-0.079719,-0.059440,-0.016072
-0.079087,-0.057033,-0.014545
-0.075950,-0.058197,-0.014003
-0.074889,-0.055755,-0.011990
-0.074569,-0.055399,-0.009234
-0.071129,-0.057025,-0.007702
-0.071695,-0.056133,-0.008316
-0.069884,-0.054630,-0.005489
-0.068810,-0.056122,-0.002689
-0.066826,-0.055295,-0.004457
-0.065812,-0.056851,-0.001975
-0.063558,-0.056746,-0.001388
-0.062959,-0.056541,-0.000177
-0.061362,-0.054543,0.001400
-0.059046,-0.056805,0.000229
-0.058507,-0.055659,0.001962
-0.057565,-0.055477,0.002495
-0.054787,-0.056169,0.004835
-0.052475,-0.056868,0.004762
-0.051725,-0.055308,0.004164
-0.049662,-0.055379,0.005521
-0.051472,-0.057334,0.005770
-0.047739,-0.054373,0.006470
-0.047269,-0.057254,0.008672
-0.047661,-0.055455,0.008144
-0.042984,-0.054284,0.006654
-0.044151,-0.055947,0.008543
-0.039116,-0.056201,0.008111
-0.039078,-0.056726,0.007138
-0.039415,-0.056565,0.008811
-0.039621,-0.053099,0.007774
-0.036835,-0.053518,0.008542
-0.033936,-0.055946,0.007629
-0.034368,-0.056663,0.007972
-0.031653,-0.055620,0.008693
-0.030287,-0.055120,0.008987
-0.028412,-0.052545,0.008890
-0.026972,-0.054823,0.007472
-0.026731,-0.055099,0.005380
-0.023896,-0.057283,0.005832
-0.022062,-0.054602,0.008903
-0.020999,-0.054529,0.006052
-0.022379,-0.056781,0.007026
-0.018727,-0.056910,0.005688
-0.016598,-0.056500,0.005705
-0.016400,-0.055052,0.004826
-0.016057,-0.053968,0.004990
-0.013556,-0.056328,0.004136
-0.011511,-0.053448,0.002765
-0.010518,-0.055079,0.002816
-0.009653,-0.055187,0.002733
-0.006311,-0.056687,0.003027
-0.006404,-0.055839,0.000945
-0.005093,-0.056725,-0.000273
-0.005129,-0.056188,-0.001635
-0.003758,-0.054481,-0.000944
-0.003290,-0.054286,-0.002152
-0.000969,-0.057363,-0.001635
-0.000870,-0.057592,-0.001083
0.003523,-0.056198,-0.002701
0.004853,-0.056554,-0.004224
0.006484,-0.056093,-0.003589
0.006806,-0.058103,-0.002833
0.009717,-0.056954,-0.005452
0.009793,-0.055762,-0.006367
0.014002,-0.056466,-0.007031
0.011849,-0.057577,-0.005944
0.012961,-0.055528,-0.007210
0.016158,-0.054114,-0.006362
0.017158,-0.057953,-0.006923
0.019339,-0.056363,-0.006598
0.020083,-0.056590,-0.007453
0.020813,-0.057350,-0.008754
0.020916,-0.055761,-0.009331
0.024230,-0.056531,-0.009776
0.024066,-0.056544,-0.010622
0.025910,-0.056463,-0.013002
0.028824,-0.056176,-0.013198
0.028072,-0.055734,-0.015364
0.030099,-0.056210,-0.014716
0.032193,-0.057385,-0.014527
0.033524,-0.056886,-0.014111
0.035596,-0.059185,-0.014776
0.037293,-0.056045,-0.015071
0.037109,-0.056812,-0.017452
0.039077,-0.056224,-0.016957
0.041000,-0.057167,-0.017018
0.042790,-0.057400,-0.016337
0.043880,-0.055406,-0.018019
0.045221,-0.055304,-0.019028
0.045864,-0.057243,-0.017448
0.045992,-0.055291,-0.017493
0.048682,-0.057096,-0.019159
0.048141,-0.057162,-0.021033
0.050892,-0.057106,-0.019484
0.054244,-0.056927,-0.019982
0.053432,-0.057294,-0.018819
0.056326,-0.057661,-0.019584
0.057300,-0.058886,-0.021171
0.059526,-0.057847,-0.021480
0.058993,-0.056885,-0.020587
0.062689,-0.056586,-0.019085
0.063105,-0.058170,-0.020253
0.063339,-0.057110,-0.019766
0.066154,-0.055980,-0.021204
0.066422,-0.056424,-0.021572
0.068069,-0.057072,-0.020620
0.068248,-0.057305,-0.023754
0.069964,-0.054922,-0.022240
0.071936,-0.057090,-0.025018
0.074669,-0.057947,-0.024094
0.075414,-0.059455,-0.025286
0.076532,-0.058238,-0.027263
0.078888,-0.057412,-0.026015
0.079117,-0.057527,-0.026650
0.081345,-0.057338,-0.028854
0.081580,-0.057042,-0.027467
0.084582,-0.056592,-0.027907
0.086638,-0.056511,-0.030160
0.086630,-0.060519,-0.029171
0.088371,-0.057714,-0.031824
0.088159,-0.056975,-0.033444
0.090045,-0.057040,-0.030132
0.092982,-0.057356,-0.033051
0.093118,-0.060327,-0.036033
0.094593,-0.058107,-0.037558
0.097669,-0.059493,-0.039748
0.098110,-0.057929,-0.043363
0.097130,-0.059858,-0.046023
0.101291,-0.058164,-0.043503
0.100982,-0.058455,-0.042978
0.105629,-0.058045,-0.043162
0.104737,-0.057303,-0.046070
0.107146,-0.060573,-0.043375
0.109117,-0.057613,-0.044578
0.108536,-0.058432,-0.043767
0.110533,-0.059419,-0.044591
0.112190,-0.059176,-0.044664
0.113789,-0.059468,-0.042243
0.117218,-0.058504,-0.041772
0.117531,-0.058193,-0.041777
0.118335,-0.057601,-0.043386
0.118360,-0.058480,-0.041719
0.122050,-0.057599,-0.040370
0.121980,-0.057169,-0.041071
0.125482,-0.058296,-0.042800
0.124608,-0.058436,-0.040500
0.125556,-0.058272,-0.041246
0.127647,-0.059549,-0.041842
0.129422,-0.059131,-0.041551
0.130176,-0.057575,-0.042561
0.132001,-0.058406,-0.039901
0.133092,-0.060478,-0.040875
0.135910,-0.059660,-0.040146
0.134896,-0.056089,-0.041888
0.138301,-0.056941,-0.042424
0.140384,-0.060463,-0.040413
0.142230,-0.058541,-0.042719
0.141929,-0.056394,-0.040669
0.143630,-0.058316,-0.040874
0.144277,-0.059415,-0.042795
0.145184,-0.060279,-0.040652
0.148919,-0.060307,-0.040775
0.149788,-0.058041,-0.041512
0.151146,-0.058990,-0.040151
0.152989,-0.057899,-0.041385
0.152841,-0.059704,-0.041775
0.154931,-0.059952,-0.042881
0.156963,-0.058578,-0.041896
0.157983,-0.057139,-0.041417
0.157866,-0.058206,-0.042364
0.160872,-0.057176,-0.041267
0.162157,-0.058745,-0.041237
0.163379,-0.059852,-0.042084
0.163789,-0.058311,-0.042553
0.166552,-0.058654,-0.042016
0.168235,-0.058651,-0.039862
0.169404,-0.060184,-0.040607
0.170626,-0.056972,-0.042776
0.172915,-0.061042,-0.040961
0.171373,-0.058999,-0.043705
0.173785,-0.058298,-0.043398
0.176000,-0.059421,-0.043168
0.176352,-0.058641,-0.043669
0.179180,-0.056904,-0.043246
0.180325,-0.057380,-0.044562
0.181243,-0.058312,-0.045320
0.183686,-0.058512,-0.045718
0.184739,-0.059394,-0.046420
0.186532,-0.058105,-0.045035
0.186456,-0.060761,-0.046460
0.187304,-0.059016,-0.046391
0.191894,-0.058719,-0.046403
0.192929,-0.058757,-0.049817
0.194079,-0.057268,-0.049350
0.194327,-0.059723,-0.051762
0.196601,-0.057617,-0.050652
0.195669,-0.060124,-0.051871
0.197858,-0.058886,-0.052691
0.199465,-0.059529,-0.054998
0.200916,-0.060437,-0.054522
0.202387,-0.060505,-0.058587
0.204939,-0.059119,-0.059333
0.205886,-0.059789,-0.059188
0.208520,-0.061010,-0.062484
0.209796,-0.060767,-0.066311
0.209613,-0.060346,-0.068370
0.212137,-0.062431,-0.071934
0.214226,-0.060721,-0.072191
0.215441,-0.060680,-0.078477
0.218861,-0.061091,-0.079818
0.220848,-0.060540,-0.087441
0.220797,-0.063086,-0.092128
0.223493,-0.063250,-0.097789
0.223605,-0.062774,-0.104337
-0.097111,-0.056278,-0.064161
-0.096854,-0.058033,-0.054734
-0.095697,-0.055107,-0.044971
-0.093684,-0.055855,-0.039706
-0.093178,-0.056593,-0.037772
-0.090573,-0.058356,-0.036085
-0.088338,-0.056308,-0.032077
-0.085454,-0.056922,-0.026296
-0.085307,-0.054656,-0.022937
-0.083549,-0.055761,-0.021208
-0.082792,-0.055149,-0.019508
-0.080073,-0.055860,-0.015947
-0.079581,-0.054947,-0.016718
-0.077910,-0.054671,-0.013608
-0.077506,-0.054465,-0.012108
-0.075750,-0.055011,-0.011763
-0.075940,-0.054740,-0.008454
-0.072605,-0.054414,-0.006582
-0.068743,-0.054929,-0.005413
-0.068517,-0.054557,-0.004492
-0.067557,-0.054272,-0.004285
-0.065961,-0.054464,-0.003550
-0.065865,-0.054693,-0.001638
-0.061773,-0.054963,-0.002914
-0.062372,-0.052498,-0.000318
-0.059634,-0.053701,0.001115
-0.058604,-0.054722,0.001877
-0.058973,-0.056165,0.003518
-0.055159,-0.054214,0.003960
-0.055636,-0.053298,0.004619
-0.052580,-0.054589,0.006509
-0.053361,-0.053339,0.006182
-0.051298,-0.053419,0.004517
-0.048755,-0.053345,0.004771
-0.046831,-0.055262,0.007142
-0.047638,-0.053194,0.008167
-0.045084,-0.052929,0.007807
-0.045617,-0.052643,0.005115
-0.042974,-0.051435,0.006151
-0.040700,-0.052198,0.006773
-0.040512,-0.053793,0.008861
-0.038726,-0.053819,0.009672
-0.035989,-0.055833,0.008816
-0.035180,-0.053067,0.009559
-0.033280,-0.052065,0.009321
-0.031931,-0.054205,0.008351
-0.029441,-0.054819,0.010853
-0.031249,-0.053437,0.008021
-0.029967,-0.054305,0.010532
-0.026681,-0.053587,0.008573
-0.025141,-0.053836,0.006454
-0.025003,-0.052364,0.006816
-0.023850,-0.051907,0.005022
-0.021965,-0.053317,0.006615
-0.019472,-0.053180,0.006837
-0.021883,-0.054915,0.004573
-0.016852,-0.055460,0.003583
-0.015869,-0.054241,0.006780
-0.014338,-0.056258,0.005031
-0.012116,-0.052699,0.005168
-0.011069,-0.052708,0.004664
-0.011692,-0.055200,0.003961
-0.010872,-0.054854,0.001839
-0.007407,-0.054035,0.000683
-0.008259,-0.053536,0.002014
-0.005153,-0.052313,0.001026
-0.001557,-0.052457,-0.001823
-0.003149,-0.055559,-0.000777
-0.000820,-0.054682,-0.000091
-0.000796,-0.053899,-0.002549
0.002025,-0.053984,-0.002483
0.000045,-0.053229,-0.000726
0.002772,-0.054477,-0.003245
0.004429,-0.054566,-0.002428
0.008048,-0.054572,-0.005344
0.009443,-0.053131,-0.005161
0.010057,-0.051840,-0.005299
0.013166,-0.053695,-0.005496
0.012660,-0.055242,-0.005436
0.014497,-0.055118,-0.006216
0.015741,-0.054630,-0.007883
0.017255,-0.054944,-0.006651
0.018527,-0.052973,-0.006908
0.018952,-0.054917,-0.007494
0.020215,-0.054870,-0.007966
0.020979,-0.056891,-0.010157
0.023991,-0.053868,-0.010608
0.025403,-0.055334,-0.009486
0.026420,-0.055211,-0.010002
0.027835,-0.054950,-0.014597
0.029375,-0.056189,-0.012995
0.030558,-0.055027,-0.014255
0.031528,-0.054609,-0.012161
0.031103,-0.054356,-0.011151
0.033645,-0.055483,-0.015990
0.035336,-0.055141,-0.016535
0.039127,-0.055608,-0.015427
0.039546,-0.054961,-0.017147
0.040518,-0.054683,-0.017298
0.042272,-0.057183,-0.016306
0.044616,-0.056374,-0.018371
0.045958,-0.055876,-0.016759
0.045701,-0.054419,-0.018114
0.046494,-0.054833,-0.016947
0.046363,-0.053415,-0.018456
0.051852,-0.056534,-0.017929
0.051811,-0.056786,-0.017651
0.053396,-0.055036,-0.017888
0.056848,-0.057840,-0.016798
0.055713,-0.056756,-0.019360
0.057092,-0.056914,-0.020857
0.059500,-0.055935,-0.018957
0.060897,-0.055003,-0.020245
0.063001,-0.057212,-0.018754
0.064691,-0.055811,-0.020139
0.064240,-0.054621,-0.021393
0.065547,-0.054267,-0.018467
0.066598,-0.055660,-0.021557
0.069446,-0.055796,-0.020828
0.070427,-0.054583,-0.021497
0.070743,-0.054964,-0.022736
0.072106,-0.054514,-0.022761
0.075754,-0.055269,-0.024922
0.076492,-0.054929,-0.024124
0.077445,-0.054697,-0.022690
0.079812,-0.056367,-0.024237
0.078642,-0.055507,-0.027433
0.082242,-0.056338,-0.025362
0.083134,-0.057382,-0.027139
0.084512,-0.053995,-0.027236
0.083988,-0.056959,-0.028221
0.085900,-0.057890,-0.029351
0.088114,-0.056578,-0.029771
0.089615,-0.053380,-0.031993
0.091907,-0.055338,-0.031436
0.093319,-0.056501,-0.031720
0.093986,-0.057154,-0.033349
0.094517,-0.055611,-0.034475
0.096428,-0.056110,-0.038597
0.098290,-0.056926,-0.041109
0.099342,-0.056332,-0.043515
0.099281,-0.057422,-0.044277
0.101244,-0.056826,-0.045340
0.103261,-0.055427,-0.042958
0.106674,-0.057495,-0.042984
0.106794,-0.057999,-0.043019
0.107198,-0.057671,-0.043708
0.109280,-0.054847,-0.043498
0.109414,-0.059191,-0.042212
0.111498,-0.057286,-0.041960
0.113199,-0.057745,-0.041702
0.115004,-0.057363,-0.041844
0.117063,-0.056504,-0.042029
0.117788,-0.057610,-0.041017
0.118761,-0.057253,-0.040266
0.122967,-0.057570,-0.040042
0.121753,-0.055253,-0.040028
0.124755,-0.056998,-0.040952
0.125480,-0.059464,-0.039753
0.127533,-0.056709,-0.038755
0.128657,-0.055277,-0.038939
0.128748,-0.056152,-0.038796
0.130469,-0.057185,-0.040526
0.133320,-0.055085,-0.038763
0.134014,-0.057233,-0.039737
0.135288,-0.057883,-0.039232
0.135845,-0.057978,-0.040001
0.139040,-0.057313,-0.041520
0.141022,-0.057261,-0.040159
0.140148,-0.058360,-0.040459
0.141844,-0.057475,-0.041070
0.143172,-0.056395,-0.042019
0.144686,-0.055951,-0.041808
0.147386,-0.057433,-0.043297
0.148108,-0.056615,-0.040945
0.149270,-0.057299,-0.039718
0.152029,-0.058117,-0.039602
0.151563,-0.055397,-0.042257
0.153595,-0.058239,-0.040166
0.155956,-0.054036,-0.041120
0.154751,-0.055030,-0.041606
0.158011,-0.059323,-0.040875
0.157913,-0.055630,-0.041768
0.160429,-0.055780,-0.041615
0.160593,-0.057255,-0.041825
0.162586,-0.055386,-0.041801
0.163577,-0.056574,-0.040341
0.167023,-0.056691,-0.041185
0.167736,-0.055861,-0.041253
0.169243,-0.056216,-0.042865
0.169668,-0.057483,-0.041812
0.170897,-0.057540,-0.041788
0.171882,-0.058247,-0.041417
0.173906,-0.057031,-0.041589
0.177165,-0.056101,-0.043951
0.176430,-0.056734,-0.043609
0.177803,-0.057650,-0.042916
0.179503,-0.057775,-0.045072
0.180355,-0.057605,-0.043877
0.182955,-0.056773,-0.046811
0.182909,-0.057028,-0.044533
0.184563,-0.057725,-0.046190
0.189341,-0.057098,-0.048125
0.188800,-0.055905,-0.047005
0.190453,-0.058572,-0.047391
0.191618,-0.058424,-0.047754
0.194569,-0.060087,-0.050732
0.194296,-0.057671,-0.049559
0.195350,-0.057079,-0.051176
0.198210,-0.055908,-0.052620
0.197859,-0.058587,-0.055252
0.199847,-0.060547,-0.055418
0.202980,-0.059099,-0.056957
0.204478,-0.059451,-0.057443
0.204935,-0.056384,-0.059388
0.207777,-0.058843,-0.061923
0.208369,-0.058764,-0.062679
0.209043,-0.057084,-0.063733
0.211821,-0.056786,-0.069944
0.212776,-0.057997,-0.072893
0.215501,-0.058901,-0.073394
0.215095,-0.058843,-0.078069
0.217191,-0.059547,-0.080842
0.219811,-0.060570,-0.085513
0.223485,-0.058992,-0.092177
0.222949,-0.061624,-0.098031
0.225580,-0.060514,-0.105236
-0.097811,-0.057298,-0.063486
-0.095440,-0.056234,-0.055330
-0.093697,-0.054959,-0.045878
-0.093669,-0.056029,-0.039920
-0.090771,-0.055451,-0.037116
-0.090503,-0.056009,-0.033734
-0.088903,-0.054818,-0.029152
-0.085765,-0.054143,-0.025842
-0.083866,-0.054976,-0.024544
-0.083533,-0.056268,-0.020026
-0.082480,-0.054550,-0.017610
-0.079975,-0.052888,-0.017549
-0.079547,-0.053794,-0.016966
-0.079812,-0.053415,-0.013978
-0.075392,-0.052177,-0.012311
-0.075361,-0.053138,-0.011314
-0.074276,-0.053448,-0.009013
-0.071886,-0.053326,-0.008036
-0.070178,-0.054437,-0.005914
-0.069502,-0.056288,-0.004439
-0.069478,-0.050305,-0.003279
-0.067423,-0.051678,-0.004834
-0.064987,-0.052729,-0.003195
-0.064590,-0.052587,-0.000359
-0.062676,-0.052087,-0.000992
-0.061329,-0.053521,0.000458
-0.059595,-0.052915,0.000641
-0.058707,-0.054911,0.002719
-0.056882,-0.052350,0.003055
-0.056049,-0.051781,0.005467
-0.055048,-0.052326,0.003192
-0.053248,-0.052258,0.006263
-0.050695,-0.051845,0.008147
-0.048910,-0.050266,0.008269
-0.049333,-0.052886,0.007207
-0.047938,-0.052998,0.007529
-0.044508,-0.050492,0.009067
-0.044649,-0.051987,0.007177
-0.042970,-0.052348,0.008035
-0.041510,-0.052213,0.009017
-0.039943,-0.051308,0.007726
-0.037770,-0.051244,0.005409
-0.035375,-0.052872,0.008515
-0.034076,-0.052070,0.006556
-0.033521,-0.051255,0.009167
-0.032623,-0.052265,0.009855
-0.032822,-0.053619,0.009174
-0.030285,-0.052785,0.007311
-0.028460,-0.051294,0.007303
-0.028504,-0.052817,0.005483
-0.024373,-0.053708,0.006718
-0.023092,-0.051834,0.007655
-0.021742,-0.053218,0.006735
-0.021906,-0.051344,0.006635
-0.017996,-0.052920,0.006429
-0.019031,-0.052045,0.004423
-0.019242,-0.054280,0.002779
-0.015267,-0.054507,0.006070
-0.015760,-0.052860,0.003639
-0.014167,-0.051101,0.005530
-0.013210,-0.053560,0.004060
-0.009953,-0.052894,0.003668
-0.010413,-0.052929,0.001702
-0.008165,-0.051580,0.001655
-0.008575,-0.052688,0.002441
-0.004772,-0.052816,0.000482
-0.005987,-0.051366,0.000362
-0.004151,-0.053406,0.000215
-0.001424,-0.053141,-0.000289
0.001831,-0.050710,-0.003916
0.001674,-0.052617,-0.003049
0.003503,-0.051167,0.000184
0.003688,-0.052697,-0.001551
0.006401,-0.052129,-0.000955
0.005989,-0.052442,-0.002709
0.008079,-0.052055,-0.003583
0.009645,-0.054039,-0.002799
0.011103,-0.054017,-0.003740
0.011487,-0.053460,-0.003860
0.015160,-0.051391,-0.005810
0.015484,-0.053152,-0.005603
0.017241,-0.052901,-0.006213
0.019770,-0.052711,-0.006259
0.021187,-0.053896,-0.007631
0.020688,-0.053335,-0.008801
0.023382,-0.050978,-0.009908
0.024113,-0.052906,-0.010455
0.024960,-0.053801,-0.009465
0.029051,-0.051698,-0.010348
0.028539,-0.054810,-0.012005
0.029582,-0.054006,-0.012499
0.029475,-0.055398,-0.012596
0.032700,-0.054359,-0.014799
0.033988,-0.053479,-0.012689
0.034078,-0.051609,-0.014443
0.036097,-0.054831,-0.014403
0.038215,-0.053022,-0.014398
0.038630,-0.053926,-0.015141
0.041147,-0.054273,-0.015590
0.042754,-0.054165,-0.014568
0.041843,-0.054236,-0.015317
0.043882,-0.054233,-0.015395
0.046141,-0.053377,-0.015824
0.047981,-0.053266,-0.016776
0.049040,-0.054267,-0.017118
0.050037,-0.053251,-0.018744
0.051904,-0.053428,-0.017471
0.053877,-0.053247,-0.018197
0.054939,-0.052509,-0.017234
0.055878,-0.054300,-0.018955
0.056460,-0.053681,-0.017352
0.061298,-0.053844,-0.019144
0.060824,-0.053640,-0.018167
0.063148,-0.053492,-0.020051
0.061793,-0.053839,-0.019401
0.065008,-0.055890,-0.018210
0.065951,-0.052474,-0.017848
0.068340,-0.054174,-0.020256
0.066823,-0.053924,-0.021107
0.071304,-0.054503,-0.020024
0.071688,-0.053766,-0.021269
0.072888,-0.053250,-0.021187
0.074765,-0.055310,-0.020410
0.074229,-0.053783,-0.021261
0.076659,-0.053967,-0.022014
0.079221,-0.053691,-0.023834
0.078987,-0.054856,-0.027225
0.081806,-0.054162,-0.026368
0.082023,-0.054743,-0.025515
0.083226,-0.054295,-0.025452
0.085733,-0.054119,-0.028525
0.087827,-0.053135,-0.027615
0.086373,-0.054126,-0.030451
0.088325,-0.055136,-0.030737
0.090026,-0.055053,-0.031430
0.092369,-0.054451,-0.031537
0.094705,-0.055746,-0.032388
0.094167,-0.054359,-0.033874
0.097639,-0.055645,-0.036451
0.097854,-0.056419,-0.037186
0.101482,-0.054572,-0.040663
0.100098,-0.055192,-0.041964
0.102205,-0.055520,-0.042910
0.106662,-0.056811,-0.041515
0.105615,-0.056506,-0.041095
0.104678,-0.054718,-0.042899
0.107993,-0.054517,-0.040569
0.110066,-0.055238,-0.042567
0.111205,-0.054989,-0.043534
0.111797,-0.056607,-0.042811
0.113619,-0.053934,-0.041740
0.114920,-0.056835,-0.041244
0.118324,-0.055382,-0.038959
0.117687,-0.056966,-0.040868
0.119022,-0.054444,-0.040393
0.120435,-0.055643,-0.041817
0.122775,-0.054628,-0.041064
0.125275,-0.054979,-0.039719
0.123484,-0.056452,-0.040473
0.126326,-0.054444,-0.038848
0.127993,-0.055307,-0.040691
0.128510,-0.054563,-0.039069
0.132973,-0.054973,-0.040462
0.131674,-0.056288,-0.043325
0.134147,-0.055395,-0.040022
0.134942,-0.056391,-0.040783
0.138324,-0.056180,-0.041126
0.136535,-0.055513,-0.041504
0.136848,-0.053698,-0.041533
0.140423,-0.054234,-0.040807
0.140577,-0.053347,-0.041017
0.143968,-0.052549,-0.042580
0.143802,-0.054019,-0.040406
0.145500,-0.054527,-0.041262
0.147288,-0.055105,-0.040765
0.148548,-0.055994,-0.038487
0.149526,-0.054875,-0.039459
0.153201,-0.055555,-0.039995
0.153472,-0.055995,-0.040800
0.153740,-0.055900,-0.040165
0.156187,-0.054641,-0.040216
0.157980,-0.056311,-0.041398
0.159837,-0.054669,-0.040005
0.160444,-0.055660,-0.041254
0.161997,-0.056791,-0.038119
0.162644,-0.053955,-0.041022
0.165130,-0.056158,-0.038730
0.166887,-0.052927,-0.040182
0.166092,-0.053728,-0.039934
0.169217,-0.054192,-0.041922
0.171745,-0.053755,-0.042037
0.170261,-0.056223,-0.042769
0.170863,-0.056074,-0.042213
0.174361,-0.056746,-0.043445
0.174305,-0.056618,-0.044238
0.178971,-0.054092,-0.042883
0.178528,-0.056521,-0.043997
0.179357,-0.056036,-0.044482
0.180921,-0.056567,-0.043581
0.182464,-0.055154,-0.045895
0.185370,-0.055413,-0.046140
0.186952,-0.056630,-0.046772
0.187095,-0.056506,-0.046550
0.189898,-0.055451,-0.047349
0.190313,-0.055599,-0.046781
0.191879,-0.057686,-0.047179
0.192757,-0.055734,-0.048398
0.194603,-0.054948,-0.049392
0.197357,-0.056010,-0.053619
0.196784,-0.056316,-0.053446
0.200084,-0.055625,-0.053879
0.199657,-0.056139,-0.054836
0.202555,-0.056575,-0.055961
0.203644,-0.056445,-0.058205
0.204131,-0.056211,-0.059889
0.206418,-0.055972,-0.060188
0.205590,-0.057589,-0.062192
0.209752,-0.057332,-0.064498
0.211139,-0.057536,-0.069047
0.211535,-0.056594,-0.071213
0.215632,-0.059628,-0.074683
0.215906,-0.059233,-0.078441
0.218574,-0.056638,-0.080361
0.219990,-0.059933,-0.088075
0.220416,-0.058330,-0.094593
0.221975,-0.059081,-0.099031
-0.095924,-0.056113,-0.065066
-0.095362,-0.053777,-0.052759
-0.093569,-0.054168,-0.047129
-0.091459,-0.054624,-0.039564
-0.090681,-0.054185,-0.037571
-0.091055,-0.053651,-0.035196
-0.090499,-0.052731,-0.030095
-0.088794,-0.052889,-0.027536
-0.084579,-0.051911,-0.024968
-0.083388,-0.052747,-0.021167
-0.081896,-0.051456,-0.019828
-0.081231,-0.050712,-0.015780
-0.079537,-0.050801,-0.016159
-0.076859,-0.052746,-0.014702
-0.076571,-0.052380,-0.011728
-0.074668,-0.052341,-0.011632
-0.074760,-0.051220,-0.009131
-0.071300,-0.052813,-0.009107
-0.073565,-0.051132,-0.005199
-0.068738,-0.051596,-0.002873
-0.068762,-0.050344,-0.002003
-0.067523,-0.050488,-0.002264
-0.062774,-0.051056,-0.000736
-0.063028,-0.051297,-0.000855
-0.062295,-0.050909,-0.000957
-0.061474,-0.049610,-0.000403
-0.059282,-0.051052,0.002415
-0.057610,-0.051672,0.003349
-0.057457,-0.049304,0.004592
-0.055219,-0.050067,0.004943
-0.052499,-0.049986,0.004406
-0.055044,-0.053073,0.004771
-0.051045,-0.050838,0.006570
-0.050053,-0.051626,0.008601
-0.046533,-0.050011,0.007500
-0.045819,-0.052104,0.008694
-0.044448,-0.051469,0.008906
-0.042229,-0.049968,0.006790
-0.042156,-0.050744,0.008213
-0.043248,-0.050310,0.009790
-0.041154,-0.052337,0.008385
-0.036883,-0.048786,0.009238
-0.037483,-0.050879,0.008494
-0.037386,-0.049383,0.007940
-0.034741,-0.050513,0.009950
-0.030739,-0.051930,0.007695
-0.032153,-0.048739,0.008523
-0.029929,-0.051262,0.008206
-0.030061,-0.050262,0.009030
-0.027405,-0.052371,0.008201
-0.026422,-0.051400,0.006591
-0.024813,-0.048621,0.006605
-0.022656,-0.051005,0.007981
-0.020553,-0.049187,0.005612
-0.019855,-0.050567,0.006465
-0.019196,-0.051219,0.004511
-0.016823,-0.050238,0.006051
-0.016667,-0.049776,0.004142
-0.014392,-0.052081,0.003853
-0.013522,-0.051342,0.005053
-0.013786,-0.051791,0.003345
-0.011678,-0.051224,0.004465
-0.009403,-0.051266,0.003583
-0.006937,-0.050903,0.001098
-0.008748,-0.050325,0.000484
-0.005565,-0.049920,0.000030
-0.003230,-0.051124,-0.001150
-0.002545,-0.051162,-0.000194
-0.001178,-0.051178,-0.001837
0.000915,-0.052128,-0.002850
0.003381,-0.049549,-0.002609
0.005067,-0.050504,-0.001080
0.002431,-0.051223,-0.002058
0.005023,-0.051352,-0.002759
0.007941,-0.051271,-0.001927
0.008486,-0.051315,-0.004168
0.009309,-0.050373,-0.003792
0.011180,-0.051726,-0.002799
0.011956,-0.051112,-0.004030
0.014294,-0.051246,-0.005885
0.014474,-0.051170,-0.003062
0.017384,-0.052778,-0.004945
0.019407,-0.051413,-0.006196
0.021693,-0.051685,-0.008726
0.020138,-0.052056,-0.007218
0.022875,-0.053144,-0.007732
0.024827,-0.052427,-0.009621
0.026078,-0.049288,-0.009581
0.026399,-0.052171,-0.010644
0.026280,-0.053318,-0.011168
0.028889,-0.053604,-0.011247
0.030652,-0.051391,-0.010359
0.032048,-0.051957,-0.011125
0.034481,-0.051980,-0.013202
0.033226,-0.051577,-0.015999
0.035348,-0.051686,-0.011974
0.039092,-0.052221,-0.012758
0.039204,-0.053712,-0.014525
0.040528,-0.051443,-0.013218
0.041536,-0.049283,-0.016447
0.042520,-0.053069,-0.015269
0.044589,-0.051784,-0.014279
0.045320,-0.051854,-0.015561
0.050242,-0.052499,-0.016360
0.050653,-0.052384,-0.015961
0.050796,-0.050869,-0.017403
0.051696,-0.053249,-0.014926
0.051791,-0.053720,-0.018159
0.054738,-0.053075,-0.017537
0.055469,-0.052169,-0.016933
0.057051,-0.051083,-0.018904
0.056165,-0.053417,-0.018224
0.060989,-0.049611,-0.016275
0.060030,-0.052803,-0.017829
0.062804,-0.051255,-0.018338
0.062403,-0.050782,-0.017421
0.066155,-0.049803,-0.017800
0.068006,-0.050585,-0.019071
0.068945,-0.051229,-0.019216
0.071043,-0.052730,-0.021598
0.069606,-0.052605,-0.019071
0.073012,-0.051617,-0.020806
0.073330,-0.052862,-0.021871
0.074644,-0.053863,-0.021750
0.077426,-0.052738,-0.021628
0.079629,-0.053571,-0.023288
0.077789,-0.053440,-0.023015
0.079817,-0.051299,-0.024958
0.082472,-0.054088,-0.025062
0.083893,-0.051483,-0.024124
0.085549,-0.053952,-0.025274
0.087874,-0.051791,-0.027698
0.088153,-0.051823,-0.028567
0.089895,-0.052018,-0.027974
0.089847,-0.053207,-0.029648
0.091718,-0.052280,-0.029305
0.093781,-0.052367,-0.031595
0.093336,-0.054930,-0.033195
0.095244,-0.053378,-0.033516
0.099116,-0.052989,-0.033360
0.098428,-0.053128,-0.036646
0.102114,-0.052625,-0.040615
0.102278,-0.054275,-0.042113
0.104926,-0.053500,-0.042140
0.104764,-0.053174,-0.043489
0.107962,-0.053856,-0.041537
0.108341,-0.052716,-0.042709
0.108247,-0.054340,-0.045583
0.111107,-0.054022,-0.042221
0.111697,-0.053144,-0.041524
0.113578,-0.053161,-0.042353
0.115592,-0.054565,-0.042783
0.115607,-0.053445,-0.040894
0.119067,-0.055778,-0.041336
0.119326,-0.051737,-0.038761
0.119933,-0.051802,-0.041284
0.124050,-0.055384,-0.039510
0.123468,-0.052208,-0.041273
0.125593,-0.053295,-0.038449
0.126899,-0.054190,-0.038160
0.128271,-0.053735,-0.038153
0.129237,-0.055866,-0.040799
0.132055,-0.052175,-0.038903
0.133218,-0.054124,-0.038966
0.132023,-0.054499,-0.040585
0.135101,-0.054318,-0.041344
0.137016,-0.053449,-0.041059
0.138111,-0.052970,-0.039949
0.139538,-0.054222,-0.041848
0.140838,-0.055634,-0.040193
0.142150,-0.054102,-0.041261
0.144090,-0.052894,-0.039354
0.144846,-0.052658,-0.038991
0.145606,-0.053821,-0.043011
0.148619,-0.052000,-0.041665
0.147854,-0.053830,-0.040330
0.150608,-0.053861,-0.038963
0.152434,-0.051214,-0.039321
0.153397,-0.054422,-0.041059
0.153372,-0.054673,-0.040798
0.156773,-0.054390,-0.040173
0.158610,-0.053561,-0.040098
0.158841,-0.053419,-0.040518
0.161703,-0.054141,-0.042222
0.161417,-0.053617,-0.041040
0.163169,-0.053902,-0.042686
0.162041,-0.053890,-0.039178
0.167262,-0.054306,-0.039676
0.167144,-0.053556,-0.042122
0.168550,-0.051991,-0.042485
0.171509,-0.051997,-0.041786
0.171742,-0.055662,-0.039949
0.173340,-0.055818,-0.043242
0.174439,-0.051984,-0.042334
0.175796,-0.052648,-0.042093
0.177183,-0.053920,-0.043654
0.177056,-0.053451,-0.042955
0.179083,-0.052299,-0.041965
0.182491,-0.052723,-0.045067
0.182454,-0.054123,-0.044867
0.185318,-0.054584,-0.044594
0.186846,-0.052208,-0.043677
0.186519,-0.055249,-0.044796
0.189075,-0.053615,-0.044262
0.190297,-0.053514,-0.048017
0.191781,-0.055271,-0.049945
0.192879,-0.053842,-0.047716
0.194291,-0.054945,-0.050771
0.198645,-0.055397,-0.052669
0.196288,-0.054068,-0.053567
0.199142,-0.055039,-0.053394
0.201483,-0.054421,-0.055950
0.203746,-0.055699,-0.056914
0.204109,-0.055646,-0.059175
0.205470,-0.055345,-0.060442
0.206131,-0.055602,-0.060871
0.207566,-0.054697,-0.063998
0.209890,-0.056623,-0.066822
0.212642,-0.053330,-0.070840
0.212551,-0.056880,-0.072736
0.215555,-0.056233,-0.073235
0.216269,-0.056156,-0.079425
0.216677,-0.055821,-0.080525
0.218776,-0.055338,-0.087419
0.220323,-0.057552,-0.094723
0.224183,-0.056921,-0.101717
-0.100505,-0.053879,-0.063248
-0.096910,-0.053366,-0.055067
-0.095793,-0.051904,-0.046396
-0.091269,-0.052319,-0.040996
-0.091294,-0.051234,-0.038162
-0.090886,-0.050233,-0.032305
-0.088517,-0.052595,-0.030640
-0.087290,-0.050978,-0.026429
-0.085666,-0.049703,-0.023526
-0.084311,-0.051828,-0.019989
-0.081710,-0.051122,-0.019427
-0.079936,-0.050376,-0.018572
-0.079446,-0.051699,-0.016963
-0.077287,-0.048633,-0.015312
-0.076094,-0.050723,-0.011170
-0.075634,-0.050932,-0.011477
-0.072999,-0.049870,-0.008813
-0.072959,-0.048491,-0.009081
-0.070454,-0.050652,-0.004510
-0.070799,-0.050158,-0.003548
-0.067587,-0.050195,-0.002482
-0.066326,-0.048954,-0.002162
-0.065298,-0.049659,-0.000124
-0.062672,-0.048957,-0.001485
-0.063407,-0.049695,-0.000003
-0.060336,-0.048496,0.002050
-0.058102,-0.048561,0.001175
-0.058402,-0.049185,0.003223
-0.058233,-0.049054,0.003943
-0.056483,-0.049166,0.004614
-0.052757,-0.049123,0.002642
-0.052612,-0.048432,0.004904
-0.050418,-0.047554,0.005043
-0.049206,-0.049403,0.004025
-0.048486,-0.049382,0.007984
-0.048192,-0.050350,0.008822
-0.045655,-0.049929,0.008455
-0.045237,-0.049374,0.007156
-0.040787,-0.048891,0.008553
-0.042173,-0.050629,0.007542
-0.038903,-0.048554,0.007499
-0.037542,-0.049021,0.007505
-0.039537,-0.049099,0.007017
-0.034808,-0.048034,0.009361
-0.034370,-0.050233,0.007228
-0.032923,-0.048810,0.009352
-0.030431,-0.049926,0.008145
-0.030673,-0.049962,0.007909
-0.031139,-0.049982,0.008904
-0.027482,-0.049326,0.008750
-0.025785,-0.048947,0.008076
-0.022789,-0.049441,0.007394
-0.026090,-0.049477,0.006150
-0.020282,-0.048169,0.007024
-0.020935,-0.048053,0.004741
-0.017677,-0.050966,0.006333
-0.014727,-0.050469,0.004952
-0.016087,-0.049569,0.004225
-0.016412,-0.048951,0.004506
-0.013728,-0.048519,0.003616
-0.013764,-0.049569,0.005062
-0.011668,-0.047848,0.003467
-0.009675,-0.050158,0.002282
-0.008108,-0.048448,0.001087
-0.007294,-0.048371,0.000481
-0.005470,-0.049010,0.001379
-0.002301,-0.049426,0.000257
-0.003332,-0.050067,0.000097
-0.001037,-0.051683,-0.002778
-0.000065,-0.048911,-0.000022
0.003163,-0.048300,-0.000280
0.004116,-0.048047,0.000492
0.004466,-0.049973,-0.000696
0.006274,-0.050565,-0.003277
0.007494,-0.049864,-0.001984
0.009452,-0.048516,-0.002186
0.011526,-0.048933,-0.003721
0.011395,-0.049764,-0.004726
0.014056,-0.049867,-0.003679
0.013919,-0.049235,-0.005090
0.014805,-0.049525,-0.005375
0.017742,-0.050635,-0.006259
0.019002,-0.050110,-0.006371
0.018121,-0.051099,-0.008655
0.021478,-0.048108,-0.006170
0.023959,-0.048026,-0.007231
0.023377,-0.050907,-0.007564
0.024270,-0.050753,-0.009904
0.026476,-0.049657,-0.010706
0.027844,-0.050373,-0.009663
0.029869,-0.051335,-0.008532
0.032109,-0.050942,-0.010310
0.033221,-0.049354,-0.012233
0.033225,-0.049193,-0.013668
0.034796,-0.049017,-0.012225
0.037256,-0.049833,-0.012810
0.037102,-0.050002,-0.012719
0.039383,-0.051919,-0.012931
0.039342,-0.050559,-0.013316
0.042448,-0.049285,-0.012686
0.043137,-0.049871,-0.013014
0.046112,-0.049261,-0.014983
0.045645,-0.050345,-0.014724
0.048088,-0.050218,-0.016374
0.048526,-0.049570,-0.015381
0.049812,-0.049808,-0.015654
0.050930,-0.049930,-0.014911
0.052331,-0.050120,-0.016062
0.055091,-0.050435,-0.016913
0.054848,-0.050171,-0.016555
0.056926,-0.048555,-0.015097
0.059128,-0.050767,-0.017887
0.059472,-0.052144,-0.017061
0.062849,-0.050647,-0.015972
0.062619,-0.050874,-0.014676
0.063389,-0.051534,-0.017563
0.066450,-0.051011,-0.017500
0.067840,-0.050260,-0.018331
0.069025,-0.051595,-0.018441
0.070381,-0.052333,-0.019371
0.072152,-0.050810,-0.020092
0.073672,-0.049273,-0.018647
0.073489,-0.050654,-0.019310
0.075727,-0.051884,-0.020643
0.077585,-0.051046,-0.020397
0.078020,-0.050209,-0.022794
0.081268,-0.053078,-0.023676
0.081727,-0.050496,-0.021810
0.082341,-0.050668,-0.024354
0.083702,-0.050492,-0.022310
0.086102,-0.050301,-0.025895
0.088157,-0.050564,-0.026605
0.087995,-0.050618,-0.027534
0.090996,-0.050334,-0.027742
0.089846,-0.050161,-0.028054
0.091780,-0.050382,-0.030457
0.093346,-0.051207,-0.029582
0.095361,-0.051002,-0.033490
0.095377,-0.051814,-0.034399
0.098862,-0.052320,-0.035296
0.100407,-0.050856,-0.036022
0.102369,-0.054689,-0.036387
0.102651,-0.050464,-0.038087
0.104256,-0.050587,-0.038445
0.105815,-0.052218,-0.040904
0.104748,-0.052895,-0.040858
0.108944,-0.051529,-0.039095
0.109784,-0.051086,-0.040391
0.111614,-0.052332,-0.041878
0.113988,-0.052394,-0.043036
0.114296,-0.050420,-0.041086
0.115843,-0.052221,-0.041833
0.116378,-0.051804,-0.038370
0.119537,-0.050946,-0.040780
0.119154,-0.052610,-0.041026
0.120856,-0.050980,-0.039222
0.122583,-0.051238,-0.039251
0.122906,-0.051847,-0.039779
0.124597,-0.051588,-0.037975
0.127157,-0.050165,-0.037321
0.126696,-0.052913,-0.038478
0.129038,-0.048553,-0.038476
0.129797,-0.054536,-0.039796
0.132531,-0.051528,-0.039554
0.131093,-0.051333,-0.041375
0.134906,-0.052424,-0.040291
0.136681,-0.052162,-0.042631
0.136019,-0.051746,-0.039556
0.140199,-0.052878,-0.040271
0.139721,-0.052735,-0.041603
0.141485,-0.051528,-0.040243
0.142186,-0.051941,-0.041411
0.144737,-0.050817,-0.040301
0.146121,-0.053019,-0.039528
0.148907,-0.051607,-0.040064
0.149799,-0.051045,-0.040341
0.148577,-0.050146,-0.040383
0.151445,-0.051883,-0.039654
0.151309,-0.051834,-0.044000
0.153703,-0.052845,-0.040470
0.156186,-0.052442,-0.041436
0.158331,-0.050848,-0.039754
0.159709,-0.053009,-0.039389
0.159139,-0.051484,-0.042461
0.161753,-0.051809,-0.039552
0.163868,-0.052833,-0.040729
0.163085,-0.053140,-0.042320
0.166992,-0.052137,-0.041918
0.167757,-0.052748,-0.040015
0.169432,-0.050586,-0.042008
0.170295,-0.052393,-0.040866
0.172079,-0.052313,-0.038942
0.173109,-0.053078,-0.042830
0.173030,-0.050398,-0.043447
0.176053,-0.051637,-0.043462
0.176374,-0.053626,-0.042999
0.180280,-0.051646,-0.043593
0.180190,-0.053683,-0.044780
0.180239,-0.051051,-0.043701
0.182645,-0.052385,-0.043915
0.185258,-0.051720,-0.044173
0.185908,-0.051188,-0.047461
0.187001,-0.053859,-0.047331
0.188629,-0.051614,-0.045901
0.188225,-0.052585,-0.046977
0.191602,-0.052160,-0.047619
0.193313,-0.052457,-0.051781
0.196177,-0.052723,-0.048203
0.194718,-0.053337,-0.052246
0.197384,-0.054377,-0.051859
0.198073,-0.052665,-0.053485
0.199992,-0.053681,-0.056459
0.202454,-0.051544,-0.057266
0.205004,-0.052060,-0.058173
0.205068,-0.052598,-0.060291
0.205825,-0.053710,-0.060045
0.208338,-0.053948,-0.065316
0.209389,-0.052770,-0.067534
0.208925,-0.052210,-0.070480
0.211984,-0.056946,-0.072823
0.215662,-0.054027,-0.076783
0.216625,-0.053228,-0.079395
0.217062,-0.054660,-0.083440
0.218992,-0.054880,-0.087110
0.221796,-0.054766,-0.093079
0.222751,-0.056841,-0.100434
-0.097979,-0.050714,-0.061403
-0.095291,-0.053546,-0.052215
-0.094096,-0.052541,-0.044257
-0.093420,-0.051741,-0.040087
-0.092312,-0.049721,-0.037830
-0.089913,-0.048880,-0.034045
-0.087484,-0.050160,-0.030683
-0.086701,-0.050349,-0.027311
-0.085412,-0.047026,-0.021784
-0.084019,-0.049198,-0.019718
-0.083462,-0.048383,-0.018159
-0.079532,-0.047320,-0.016834
-0.079897,-0.049183,-0.014867
-0.077666,-0.049151,-0.014251
-0.077584,-0.047601,-0.011140
-0.075189,-0.048040,-0.007456
-0.070821,-0.049071,-0.009142
-0.069799,-0.047035,-0.008539
-0.071823,-0.048324,-0.004707
-0.070159,-0.048210,-0.003941
-0.068001,-0.047782,-0.003289
-0.066210,-0.048053,-0.002887
-0.064328,-0.047416,-0.000976
-0.064152,-0.049050,-0.000488
-0.063843,-0.048098,-0.000398
-0.059650,-0.046304,0.002820
-0.061131,-0.047428,0.002494
-0.057926,-0.046950,0.002320
-0.057868,-0.046360,0.004012
-0.054247,-0.047887,0.005814
-0.055499,-0.047604,0.005508
-0.050677,-0.048920,0.006412
-0.050744,-0.048029,0.006708
-0.049397,-0.047223,0.007664
-0.048172,-0.048767,0.008138
-0.045105,-0.046384,0.008224
-0.047023,-0.047611,0.007140
-0.043414,-0.047092,0.007844
-0.042069,-0.047464,0.008935
-0.040908,-0.046627,0.008838
-0.039045,-0.047227,0.009278
-0.037836,-0.046131,0.010734
-0.037388,-0.048298,0.006183
-0.036168,-0.046363,0.009962
-0.034709,-0.047552,0.008185
-0.033495,-0.045754,0.008527
-0.030884,-0.046447,0.007389
-0.032071,-0.045043,0.009494
-0.029822,-0.047525,0.006052
-0.027630,-0.046679,0.009271
-0.026144,-0.048233,0.006329
-0.025164,-0.047987,0.004934
-0.023435,-0.048504,0.005920
-0.024591,-0.046695,0.007671
-0.020286,-0.047415,0.007750
-0.018208,-0.046824,0.005312
-0.017958,-0.046348,0.005792
-0.016438,-0.048672,0.004405
-0.014419,-0.047694,0.005556
-0.013762,-0.047988,0.004833
-0.014073,-0.048973,0.003198
-0.009296,-0.047310,0.004022
-0.010298,-0.047007,0.002498
-0.007357,-0.046410,0.002691
-0.005253,-0.048773,0.000574
-0.007464,-0.047585,-0.000394
-0.003585,-0.046963,0.000028
-0.002270,-0.047582,-0.000376
-0.000105,-0.047858,-0.000769
0.000002,-0.048876,0.000085
0.002216,-0.046855,0.001037
0.004498,-0.047355,-0.000307
0.004421,-0.047692,0.000382
0.006404,-0.047617,-0.001158
0.007071,-0.046467,-0.000693
0.007846,-0.045582,-0.002297
0.010338,-0.048275,-0.001601
0.010531,-0.048134,-0.003803
0.011127,-0.048250,-0.004833
0.014103,-0.048686,-0.005234
0.015503,-0.046910,-0.003862
0.017261,-0.048002,-0.004470
0.018692,-0.047464,-0.007018
0.020606,-0.047527,-0.003229
0.020656,-0.048233,-0.006093
0.022437,-0.047933,-0.007238
0.024630,-0.047094,-0.008916
0.026100,-0.047689,-0.008836
0.026391,-0.048955,-0.010972
0.025479,-0.048011,-0.010161
0.027938,-0.048892,-0.009803
0.030255,-0.046937,-0.011689
0.031453,-0.049921,-0.012066
0.033532,-0.050338,-0.012713
0.033361,-0.050912,-0.011224
0.034140,-0.049515,-0.009666
0.037531,-0.046614,-0.012675
0.039680,-0.048347,-0.011566
0.039360,-0.048816,-0.011662
0.043001,-0.049398,-0.011140
0.044293,-0.048098,-0.015303
0.044288,-0.047654,-0.014797
0.047132,-0.047702,-0.014652
0.048911,-0.048431,-0.013871
0.048858,-0.048588,-0.015701
0.050921,-0.048337,-0.014050
0.051874,-0.047555,-0.016078
0.052568,-0.049151,-0.015594
0.055313,-0.049785,-0.014742
0.054457,-0.048075,-0.016677
0.057741,-0.049230,-0.016046
0.059136,-0.048281,-0.016520
0.059930,-0.050209,-0.015125
0.060943,-0.048144,-0.015096
0.062742,-0.047392,-0.017334
0.063317,-0.048747,-0.014635
0.065683,-0.049223,-0.015407
0.066796,-0.049220,-0.014407
0.070091,-0.047977,-0.016604
0.067109,-0.049736,-0.017203
0.070816,-0.049200,-0.017745
0.073051,-0.049219,-0.019127
0.074575,-0.049573,-0.018888
0.074263,-0.047925,-0.017826
0.076643,-0.050488,-0.020329
0.079287,-0.048748,-0.021759
0.078486,-0.051270,-0.021141
0.080815,-0.047780,-0.021301
0.083334,-0.048502,-0.023260
0.084586,-0.049872,-0.023827
0.084923,-0.048637,-0.023956
0.086908,-0.049331,-0.026561
0.087182,-0.051866,-0.024961
0.091012,-0.048371,-0.027397
0.091721,-0.052166,-0.028845
0.091492,-0.050177,-0.028475
0.095176,-0.050590,-0.030039
0.094670,-0.049218,-0.030465
0.097581,-0.050055,-0.033026
0.097514,-0.049939,-0.033089
0.101611,-0.050279,-0.033565
0.100005,-0.048152,-0.033476
0.104687,-0.047453,-0.037066
0.103368,-0.048955,-0.034256
0.105598,-0.048558,-0.039363
0.106986,-0.051817,-0.039513
0.109099,-0.050233,-0.040235
0.110431,-0.051747,-0.039881
0.111482,-0.050451,-0.041362
0.112827,-0.051845,-0.041091
0.114198,-0.050708,-0.041013
0.115791,-0.052185,-0.040246
0.115426,-0.050531,-0.038949
0.119510,-0.049861,-0.040789
0.120524,-0.050556,-0.040056
0.119416,-0.050508,-0.038954
0.120462,-0.051349,-0.040637
0.124254,-0.049580,-0.040011
0.124008,-0.048873,-0.040028
0.127536,-0.052028,-0.037647
0.126931,-0.051632,-0.038687
0.128633,-0.050850,-0.038938
0.129541,-0.050504,-0.040892
0.133569,-0.051513,-0.040203
0.133222,-0.049500,-0.037694
0.135082,-0.050314,-0.040885
0.136932,-0.052145,-0.041037
0.135925,-0.052064,-0.037732
0.139224,-0.050383,-0.041353
0.140781,-0.050737,-0.040574
0.143377,-0.048068,-0.041192
0.143492,-0.049428,-0.041757
0.144135,-0.051119,-0.040560
0.146744,-0.050069,-0.039836
0.147275,-0.051415,-0.039511
0.148881,-0.049743,-0.040390
0.150212,-0.049642,-0.038795
0.153279,-0.051076,-0.041070
0.153161,-0.050241,-0.041336
0.153613,-0.049075,-0.040185
0.157136,-0.050126,-0.039369
0.157241,-0.052239,-0.040706
0.157662,-0.050718,-0.040025
0.161564,-0.049076,-0.041827
0.161237,-0.049704,-0.041132
0.163125,-0.050869,-0.041360
0.165767,-0.049945,-0.040319
0.166759,-0.051067,-0.040131
0.164807,-0.051053,-0.039151
0.167386,-0.050332,-0.039665
0.169195,-0.050735,-0.041043
0.171150,-0.051670,-0.041657
0.173177,-0.051244,-0.041721
0.174684,-0.051246,-0.044276
0.176966,-0.050626,-0.041863
0.176370,-0.051369,-0.045056
0.179621,-0.050842,-0.044206
0.179632,-0.050371,-0.043206
0.182601,-0.050629,-0.046306
0.183530,-0.050549,-0.044515
0.185778,-0.050471,-0.046359
0.186755,-0.048964,-0.045754
0.187354,-0.051527,-0.047198
0.190143,-0.048780,-0.045447
0.192319,-0.050274,-0.045944
0.192275,-0.048900,-0.049502
0.193826,-0.049657,-0.049269
0.194001,-0.050267,-0.050592
0.197074,-0.051358,-0.053169
0.197463,-0.051172,-0.052896
0.198453,-0.051791,-0.054166
0.200914,-0.049655,-0.056090
0.202429,-0.052380,-0.056189
0.203780,-0.049750,-0.058445
0.206094,-0.052787,-0.062102
0.206684,-0.050204,-0.060667
0.206826,-0.051037,-0.064265
0.209886,-0.053090,-0.067629
0.211438,-0.051651,-0.070498
0.213888,-0.053550,-0.071180
0.213180,-0.054277,-0.076601
0.216347,-0.051411,-0.081132
0.217810,-0.052390,-0.083275
0.220032,-0.052654,-0.089510
0.220637,-0.053411,-0.094431
0.223918,-0.054917,-0.102404
-0.097858,-0.049628,-0.062967
-0.096755,-0.049211,-0.055463
-0.095195,-0.049263,-0.046376
-0.093617,-0.048948,-0.040033
-0.091214,-0.047273,-0.037185
-0.087660,-0.047090,-0.032610
-0.088547,-0.048634,-0.028243
-0.086419,-0.046467,-0.025767
-0.084997,-0.048942,-0.021778
-0.084217,-0.047797,-0.018666
-0.082516,-0.047834,-0.017177
-0.081708,-0.047126,-0.014366
-0.079918,-0.048335,-0.015275
-0.077935,-0.047151,-0.014337
-0.076700,-0.048321,-0.011565
-0.075276,-0.046074,-0.010656
-0.075905,-0.048821,-0.008963
-0.072584,-0.045807,-0.006774
-0.069918,-0.046707,-0.003934
-0.071156,-0.047093,-0.002800
-0.068972,-0.047781,-0.003968
-0.064838,-0.044704,-0.001076
-0.066649,-0.045280,-0.001369
-0.063416,-0.047536,-0.001682
-0.061820,-0.045058,0.002001
-0.061962,-0.046376,0.001677
-0.058886,-0.044742,0.002769
-0.059016,-0.046891,0.002319
-0.055787,-0.045269,0.002726
-0.054560,-0.048287,0.004930
-0.052152,-0.046862,0.004486
-0.052233,-0.045158,0.004810
-0.050744,-0.044666,0.006396
-0.051523,-0.047456,0.006867
-0.047042,-0.044388,0.008821
-0.046481,-0.044486,0.006320
-0.044882,-0.047656,0.008583
-0.042624,-0.044869,0.008530
-0.041459,-0.046645,0.009030
-0.040453,-0.045191,0.008546
-0.039078,-0.045355,0.008424
-0.038024,-0.042777,0.009454
-0.035738,-0.045403,0.007418
-0.035097,-0.044834,0.011101
-0.033942,-0.047542,0.009101
-0.031752,-0.046456,0.007553
-0.031288,-0.047435,0.009583
-0.030805,-0.046016,0.005508
-0.030674,-0.046576,0.007124
-0.026056,-0.045994,0.006515
-0.024776,-0.045709,0.008654
-0.025058,-0.047128,0.007759
-0.022210,-0.046735,0.007086
-0.023059,-0.046678,0.006650
-0.020691,-0.047634,0.004785
-0.017350,-0.047713,0.007061
-0.015878,-0.045104,0.005207
-0.016852,-0.045004,0.004859
-0.014700,-0.046292,0.005001
-0.015475,-0.044255,0.004541
-0.012173,-0.045479,0.002832
-0.010400,-0.045188,0.003315
-0.008547,-0.044575,0.001570
-0.006301,-0.044133,0.003731
-0.005914,-0.047976,0.001056
-0.005337,-0.044559,0.001857
-0.003284,-0.046524,0.001770
-0.001634,-0.046676,0.001062
-0.001718,-0.047588,-0.001179
-0.000046,-0.046532,0.000375
0.002265,-0.045592,0.000178
0.002137,-0.046461,-0.000426
0.005190,-0.046927,0.000952
0.006158,-0.046147,-0.002018
0.009550,-0.046315,0.000077
0.008376,-0.047236,-0.000542
0.010046,-0.046500,-0.002048
0.011033,-0.045714,-0.003084
0.012750,-0.046610,-0.001134
0.014697,-0.045412,-0.003208
0.016084,-0.047283,-0.004340
0.015898,-0.046971,-0.003786
0.019407,-0.047078,-0.005145
0.018168,-0.048273,-0.005295
0.021815,-0.046814,-0.006544
0.022223,-0.045674,-0.006832
0.022745,-0.046877,-0.006773
0.024976,-0.046278,-0.006956
0.025424,-0.046447,-0.008104
0.026725,-0.045872,-0.009099
0.030559,-0.046762,-0.009257
0.030977,-0.047148,-0.010030
0.030394,-0.046560,-0.009647
0.032193,-0.046562,-0.009211
0.034003,-0.046090,-0.011752
0.034644,-0.047523,-0.009912
0.038920,-0.046656,-0.010398
0.038625,-0.047385,-0.010361
0.041414,-0.048707,-0.011077
0.043704,-0.046495,-0.010858
0.043294,-0.045823,-0.008828
0.044683,-0.047213,-0.013771
0.044161,-0.047532,-0.012609
0.048942,-0.048364,-0.014954
0.050657,-0.045817,-0.013120
0.049601,-0.046467,-0.015088
0.051043,-0.048509,-0.013857
0.050748,-0.047207,-0.015428
0.054139,-0.044948,-0.014770
0.055325,-0.047476,-0.014099
0.056648,-0.047476,-0.013155
0.059023,-0.047365,-0.014760
0.061075,-0.045492,-0.013813
0.062445,-0.046662,-0.014308
0.063655,-0.045482,-0.013732
0.064813,-0.047708,-0.014374
0.065998,-0.046597,-0.017823
0.068716,-0.047928,-0.013364
0.068550,-0.047538,-0.016176
0.070426,-0.045890,-0.016440
0.071200,-0.047067,-0.015839
0.073029,-0.047968,-0.018144
0.073038,-0.047853,-0.017922
0.075287,-0.049522,-0.019364
0.078109,-0.046467,-0.018877
0.078092,-0.046884,-0.019659
0.079660,-0.046866,-0.020410
0.081126,-0.046133,-0.020486
0.082690,-0.049627,-0.022144
0.084522,-0.047050,-0.022328
0.085235,-0.047686,-0.023215
0.088947,-0.048026,-0.025043
0.087128,-0.048403,-0.025547
0.088512,-0.049464,-0.025037
0.089630,-0.048253,-0.026307
0.093123,-0.047287,-0.029414
0.094047,-0.050052,-0.031109
0.094525,-0.049584,-0.030238
0.098744,-0.048650,-0.032840
0.099640,-0.047848,-0.032808
0.098219,-0.048104,-0.033464
0.100664,-0.048068,-0.031877
0.103430,-0.049460,-0.035064
0.102649,-0.049833,-0.033524
0.104708,-0.048488,-0.035453
0.106423,-0.049314,-0.037915
0.107131,-0.049979,-0.039764
0.111013,-0.049735,-0.038873
0.109659,-0.048879,-0.039808
0.111557,-0.049408,-0.039753
0.114352,-0.049533,-0.040120
0.114816,-0.047987,-0.040354
0.117748,-0.046433,-0.040441
0.118754,-0.048121,-0.039320
0.119602,-0.049104,-0.038515
0.120133,-0.048019,-0.040231
0.121246,-0.049410,-0.039286
0.123474,-0.050075,-0.040826
0.125615,-0.049231,-0.038426
0.126330,-0.046552,-0.035828
0.126555,-0.048277,-0.037055
0.130795,-0.047784,-0.038128
0.129586,-0.048550,-0.038302
0.131221,-0.049228,-0.038972
0.132856,-0.049298,-0.039286
0.134832,-0.049315,-0.042172
0.135967,-0.048824,-0.042512
0.137104,-0.047128,-0.038519
0.138075,-0.046950,-0.041169
0.139617,-0.047758,-0.039315
0.140303,-0.048640,-0.040057
0.144378,-0.049136,-0.042169
0.144147,-0.048049,-0.040140
0.146055,-0.048416,-0.040740
0.149349,-0.048413,-0.039901
0.148642,-0.047367,-0.040822
0.149557,-0.049859,-0.040132
0.151366,-0.048985,-0.039213
0.154043,-0.049837,-0.039275
0.155128,-0.047442,-0.040974
0.156196,-0.050827,-0.039646
0.157908,-0.047511,-0.040251
0.161221,-0.049006,-0.040982
0.160481,-0.047700,-0.041234
0.161465,-0.047925,-0.040977
0.164709,-0.048694,-0.041333
0.164016,-0.049828,-0.039501
0.165646,-0.048344,-0.041603
0.167322,-0.049244,-0.040107
0.168655,-0.048184,-0.040613
0.169603,-0.047977,-0.040217
0.169116,-0.048688,-0.041395
0.172741,-0.049091,-0.041731
0.173696,-0.049591,-0.042116
0.175689,-0.049232,-0.042391
0.176377,-0.049489,-0.044146
0.180197,-0.047734,-0.043827
0.180628,-0.047695,-0.043351
0.181611,-0.050459,-0.045761
0.183871,-0.049455,-0.044727
0.184290,-0.049435,-0.044547
0.185358,-0.050099,-0.047275
0.188910,-0.049315,-0.043629
0.187305,-0.048527,-0.046930
0.189228,-0.052284,-0.044232
0.190798,-0.047561,-0.048517
0.194358,-0.050340,-0.049440
0.195592,-0.047717,-0.050821
0.197092,-0.050609,-0.052747
0.198338,-0.048478,-0.053283
0.199201,-0.049230,-0.056474
0.200721,-0.051312,-0.056466
0.202813,-0.049601,-0.057505
0.201576,-0.050436,-0.057084
0.204797,-0.050738,-0.058747
0.205913,-0.050844,-0.063191
0.209015,-0.049404,-0.066163
0.210528,-0.051148,-0.067957
0.211391,-0.050883,-0.072234
0.212459,-0.052211,-0.075577
0.216065,-0.051252,-0.076976
0.216323,-0.052669,-0.079170
0.217753,-0.051899,-0.084799
0.220486,-0.050857,-0.091225
0.222758,-0.053508,-0.095389
0.221691,-0.052571,-0.102569
-0.098622,-0.049212,-0.062781
-0.096162,-0.047491,-0.052285
-0.093972,-0.047159,-0.042997
-0.093340,-0.046853,-0.038949
-0.091476,-0.046852,-0.036646
-0.091408,-0.046779,-0.030866
-0.089476,-0.046636,-0.028977
-0.087643,-0.045254,-0.025312
-0.085468,-0.043660,-0.023952
-0.084069,-0.046850,-0.018691
-0.082813,-0.046296,-0.017431
-0.079125,-0.046615,-0.016374
-0.078292,-0.044886,-0.013825
-0.079444,-0.046163,-0.013517
-0.077147,-0.044961,-0.013332
-0.075578,-0.045724,-0.011507
-0.073910,-0.045193,-0.008006
-0.073391,-0.045199,-0.006306
-0.069549,-0.044232,-0.003517
-0.068089,-0.044233,-0.004158
-0.067733,-0.045826,-0.001780
-0.065920,-0.047309,-0.002310
-0.066453,-0.043892,-0.000458
-0.063166,-0.044717,-0.001567
-0.061205,-0.044576,0.002162
-0.060000,-0.044726,0.001159
-0.059756,-0.046121,0.001087
-0.059326,-0.043753,0.002225
-0.057662,-0.045612,0.005625
-0.056068,-0.044217,0.003718
-0.054547,-0.045851,0.006098
-0.053104,-0.044686,0.004489
-0.050030,-0.043855,0.006839
-0.047723,-0.044049,0.007914
-0.048930,-0.045507,0.008160
-0.046513,-0.043578,0.007943
-0.045886,-0.044644,0.009340
-0.043206,-0.045020,0.006155
-0.043034,-0.044202,0.008083
-0.041383,-0.044436,0.008424
-0.040208,-0.044789,0.008273
-0.038014,-0.043668,0.007251
-0.036821,-0.043139,0.007336
-0.036297,-0.042705,0.008506
-0.034148,-0.043556,0.009082
-0.031897,-0.044288,0.009710
-0.029458,-0.043801,0.007845
-0.029559,-0.043897,0.007833
-0.028651,-0.043770,0.008533
-0.027154,-0.043622,0.007292
-0.025857,-0.043307,0.006385
-0.025515,-0.042831,0.007634
-0.022698,-0.043809,0.007883
-0.021192,-0.042318,0.007424
-0.020743,-0.042411,0.007334
-0.019493,-0.044032,0.004895
-0.017882,-0.044401,0.005131
-0.016942,-0.044360,0.005465
-0.015904,-0.044843,0.003291
-0.013916,-0.043031,0.003190
-0.011830,-0.044494,0.003130
-0.011941,-0.044546,0.004282
-0.009291,-0.044514,0.002245
-0.005167,-0.045197,0.001510
-0.007425,-0.045443,0.001589
-0.004416,-0.044677,0.001124
-0.006646,-0.043334,-0.000131
-0.002571,-0.044501,0.002214
-0.001717,-0.044210,-0.001134
0.000740,-0.045133,-0.000805
0.002034,-0.044500,-0.000365
0.002294,-0.045359,0.001075
0.003954,-0.044723,-0.001747
0.005730,-0.045212,-0.000598
0.006478,-0.043734,-0.002067
0.007254,-0.045794,-0.001424
0.009475,-0.045372,-0.002491
0.010391,-0.045527,-0.001948
0.011925,-0.044146,-0.003334
0.013837,-0.044876,-0.002467
0.015244,-0.044544,-0.006624
0.016844,-0.044544,-0.005966
0.017639,-0.045795,-0.007750
0.019738,-0.046559,-0.004449
0.022206,-0.044854,-0.005676
0.022354,-0.045378,-0.006478
0.023412,-0.043217,-0.005760
0.025934,-0.045870,-0.008673
0.025181,-0.044612,-0.009191
0.027483,-0.045239,-0.007866
0.030761,-0.045821,-0.008984
0.032898,-0.044870,-0.010448
0.031597,-0.046110,-0.010039
0.033865,-0.046851,-0.010651
0.036072,-0.046765,-0.009601
0.036494,-0.044422,-0.008123
0.036436,-0.046274,-0.007841
0.038983,-0.045887,-0.009279
0.038716,-0.043842,-0.010271
0.042729,-0.046434,-0.011338
0.041781,-0.045571,-0.009619
0.045062,-0.043971,-0.012814
0.047915,-0.045307,-0.011384
0.046188,-0.045911,-0.013164
0.048570,-0.045381,-0.013121
0.051009,-0.044313,-0.014512
0.054335,-0.045348,-0.012805
0.053697,-0.045813,-0.013132
0.053098,-0.045018,-0.012381
0.053724,-0.044533,-0.012653
0.056999,-0.045197,-0.012975
0.059307,-0.043743,-0.013894
0.060336,-0.045500,-0.013124
0.061585,-0.044105,-0.014102
0.062978,-0.046415,-0.014359
0.063546,-0.047363,-0.013919
0.062695,-0.046458,-0.015389
0.066948,-0.046333,-0.016181
0.069610,-0.046883,-0.016489
0.069446,-0.047067,-0.014096
0.071937,-0.042958,-0.015619
0.070782,-0.045816,-0.017497
0.073205,-0.045699,-0.018194
0.076479,-0.046539,-0.016120
0.076194,-0.046491,-0.018751
0.079129,-0.047207,-0.018235
0.079220,-0.045766,-0.017982
0.080555,-0.047609,-0.020300
0.081207,-0.044225,-0.020063
0.084414,-0.047216,-0.022082
0.086421,-0.046001,-0.023190
0.086449,-0.048203,-0.023462
0.087907,-0.045568,-0.024835
0.089128,-0.044531,-0.025767
0.089744,-0.044844,-0.023367
0.093939,-0.046666,-0.026330
0.093147,-0.047255,-0.029809
0.095299,-0.045412,-0.029362
0.097677,-0.046290,-0.031093
0.099149,-0.046444,-0.033432
0.098355,-0.046229,-0.030843
0.101304,-0.044518,-0.031735
0.103586,-0.047160,-0.032811
0.104636,-0.047225,-0.034178
0.106169,-0.046038,-0.033218
0.106545,-0.046263,-0.035095
0.108525,-0.046614,-0.037143
0.106905,-0.048562,-0.037967
0.110911,-0.045039,-0.038632
0.112685,-0.046720,-0.039719
0.115779,-0.047135,-0.038655
0.113955,-0.047070,-0.040155
0.116850,-0.045978,-0.040680
0.117690,-0.046070,-0.038221
0.118799,-0.046564,-0.039184
0.121039,-0.047429,-0.039219
0.121230,-0.047922,-0.037916
0.124406,-0.046460,-0.037798
0.124258,-0.046371,-0.037375
0.127772,-0.046731,-0.036620
0.127815,-0.047557,-0.038288
0.128235,-0.047604,-0.037282
0.129511,-0.045859,-0.039261
0.134016,-0.047437,-0.039396
0.135442,-0.047407,-0.038275
0.134328,-0.047764,-0.041055
0.135504,-0.046839,-0.039555
0.138171,-0.044521,-0.039330
0.140138,-0.046112,-0.041886
0.140409,-0.045818,-0.040840
0.142466,-0.046768,-0.042035
0.143882,-0.046185,-0.040305
0.144561,-0.045875,-0.039471
0.145460,-0.047015,-0.038201
0.145594,-0.047922,-0.039283
0.150402,-0.047500,-0.039885
0.148079,-0.047133,-0.040641
0.150061,-0.046279,-0.040861
0.151504,-0.046937,-0.039371
0.153715,-0.047102,-0.040485
0.156176,-0.045270,-0.039736
0.157961,-0.045824,-0.041048
0.157081,-0.047426,-0.041452
0.160316,-0.047901,-0.038578
0.161096,-0.047465,-0.039902
0.164232,-0.048829,-0.042188
0.163341,-0.048126,-0.040634
0.169033,-0.046675,-0.039305
0.167303,-0.047976,-0.039646
0.167750,-0.046808,-0.041889
0.168656,-0.048016,-0.041679
0.171635,-0.047336,-0.040877
0.173216,-0.046672,-0.043573
0.174451,-0.047120,-0.041159
0.175873,-0.045549,-0.043373
0.177274,-0.047726,-0.041800
0.176817,-0.048354,-0.044411
0.181172,-0.046344,-0.044775
0.182187,-0.047024,-0.041708
0.184240,-0.048613,-0.045345
0.183928,-0.047364,-0.044482
0.186450,-0.044783,-0.045833
0.186614,-0.045872,-0.044797
0.189767,-0.047257,-0.046508
0.189715,-0.049996,-0.048081
0.192216,-0.048348,-0.048794
0.192703,-0.046509,-0.049833
0.194938,-0.048541,-0.050879
0.195837,-0.047414,-0.051356
0.198860,-0.048851,-0.052428
0.198003,-0.048365,-0.055745
0.202038,-0.047982,-0.055089
0.202394,-0.049069,-0.059033
0.204330,-0.049380,-0.058877
0.205455,-0.048450,-0.060710
0.205814,-0.048012,-0.062906
0.207798,-0.047648,-0.067623
0.210195,-0.049571,-0.068842
0.210710,-0.050324,-0.071592
0.213716,-0.048646,-0.074025
0.216166,-0.048680,-0.077426
0.214492,-0.050598,-0.081199
0.217351,-0.051155,-0.085876
0.219118,-0.051110,-0.093514
0.222162,-0.051968,-0.095353
0.221576,-0.051930,-0.103776
-0.098831,-0.046827,-0.062632
-0.096565,-0.045560,-0.052953
-0.095466,-0.046047,-0.045306
-0.093843,-0.045835,-0.040330
-0.092961,-0.045060,-0.036376
-0.091732,-0.046663,-0.031844
-0.089047,-0.044229,-0.028269
-0.085552,-0.043964,-0.025082
-0.085818,-0.043870,-0.021898
-0.084031,-0.044756,-0.017976
-0.083025,-0.044961,-0.017464
-0.081592,-0.042387,-0.015448
-0.079697,-0.043895,-0.015697
-0.077335,-0.044540,-0.015410
-0.078821,-0.043075,-0.011155
-0.074676,-0.042837,-0.009754
-0.073882,-0.043987,-0.011034
-0.072086,-0.043040,-0.007776
-0.070979,-0.043073,-0.005357
-0.067892,-0.044621,-0.005776
-0.066313,-0.043686,-0.002688
-0.065080,-0.045559,-0.002091
-0.065823,-0.043148,-0.002733
-0.062790,-0.043146,0.001314
-0.064117,-0.043562,0.002568
-0.061159,-0.043468,0.003398
-0.061360,-0.043335,0.002295
-0.058436,-0.044662,0.002173
-0.056193,-0.045075,0.004634
-0.054356,-0.042954,0.006599
-0.054359,-0.041103,0.006371
-0.052989,-0.043040,0.008614
-0.051934,-0.042920,0.007621
-0.048772,-0.043756,0.007426
-0.047981,-0.042831,0.008368
-0.046302,-0.042253,0.005663
-0.045058,-0.040975,0.008977
-0.044158,-0.043175,0.008394
-0.042934,-0.041440,0.007660
-0.042304,-0.041612,0.008334
-0.039692,-0.042127,0.007455
-0.038199,-0.042516,0.008253
-0.036488,-0.043112,0.007991
-0.035847,-0.043332,0.007789
-0.033443,-0.041984,0.008208
-0.032138,-0.043532,0.009454
-0.031314,-0.043312,0.009256
-0.030891,-0.041641,0.008364
-0.026923,-0.041661,0.007732
-0.027893,-0.041544,0.008736
-0.025055,-0.040963,0.008387
-0.027455,-0.042955,0.006882
-0.022279,-0.043027,0.006597
-0.021342,-0.043164,0.006316
-0.020630,-0.041720,0.004692
-0.018575,-0.041514,0.004181
-0.017289,-0.043188,0.006949
-0.015985,-0.042683,0.005800
-0.016254,-0.040783,0.004478
-0.012358,-0.041528,0.002083
-0.011013,-0.042272,0.003536
-0.010717,-0.040577,0.002697
-0.007668,-0.045297,0.002797
-0.008218,-0.040726,0.001988
-0.006450,-0.044368,0.001966
-0.005517,-0.043064,0.000563
-0.005072,-0.041951,0.000872
-0.002428,-0.042827,0.001716
-0.002143,-0.042590,0.001269
-0.000461,-0.041302,0.001127
0.000400,-0.043704,0.001349
0.003858,-0.042826,0.000250
0.005911,-0.043702,0.000842
0.005077,-0.042417,0.000626
0.006176,-0.041825,0.000762
0.010172,-0.042753,-0.001348
0.009060,-0.045059,-0.001800
0.011110,-0.043476,-0.002272
0.011679,-0.043025,-0.005331
0.013431,-0.044913,-0.002731
0.015702,-0.043954,-0.003827
0.016667,-0.043813,-0.002990
0.015881,-0.044250,-0.003435
0.019697,-0.044471,-0.004011
0.020249,-0.043118,-0.004348
0.023916,-0.043596,-0.004370
0.026279,-0.043769,-0.008234
0.024602,-0.042309,-0.006146
0.027911,-0.041502,-0.008819
0.028200,-0.042807,-0.006795
0.030539,-0.043150,-0.010248
0.030338,-0.042975,-0.006149
0.031895,-0.043248,-0.007966
0.034152,-0.043257,-0.008289
0.034535,-0.045062,-0.008506
0.036537,-0.042401,-0.010289
0.038267,-0.042936,-0.008291
0.039759,-0.042987,-0.008558
0.039886,-0.043051,-0.009943
0.041797,-0.044429,-0.009100
0.044677,-0.042695,-0.008922
0.044678,-0.042506,-0.009529
0.044408,-0.045323,-0.010730
0.048044,-0.043781,-0.012218
0.047758,-0.044110,-0.012224
0.049520,-0.044247,-0.013010
0.054144,-0.043748,-0.013088
0.052277,-0.045787,-0.012235
0.055344,-0.044976,-0.010205
0.056509,-0.043036,-0.012866
0.055856,-0.044622,-0.011410
0.057958,-0.044307,-0.013285
0.058939,-0.044653,-0.014610
0.061265,-0.044614,-0.011687
0.063141,-0.044769,-0.014343
0.064548,-0.043429,-0.012683
0.066883,-0.042881,-0.015725
0.067310,-0.043856,-0.014609
0.068582,-0.046103,-0.015597
0.070879,-0.044367,-0.013744
0.069870,-0.042747,-0.013809
0.073104,-0.044355,-0.015506
0.074106,-0.045195,-0.015810
0.075525,-0.044542,-0.017293
0.075158,-0.045500,-0.017691
0.078527,-0.044360,-0.018977
0.077984,-0.043516,-0.018642
0.080215,-0.043359,-0.019751
0.082642,-0.044439,-0.021548
0.085044,-0.043470,-0.020647
0.084973,-0.044417,-0.021377
0.087729,-0.045534,-0.022324
0.089477,-0.045633,-0.022411
0.090717,-0.044892,-0.023826
0.091839,-0.045574,-0.025282
0.092808,-0.043838,-0.027640
0.094326,-0.043793,-0.025604
0.096454,-0.046224,-0.027367
0.097485,-0.044628,-0.030550
0.099483,-0.044903,-0.029125
0.099272,-0.045147,-0.028762
0.100640,-0.045717,-0.032969
0.104228,-0.046216,-0.030274
0.103334,-0.045601,-0.033137
0.106873,-0.046497,-0.033072
0.107918,-0.044096,-0.034670
0.108183,-0.044641,-0.035594
0.108728,-0.043350,-0.035573
0.111358,-0.046889,-0.036339
0.111071,-0.045099,-0.037808
0.114156,-0.044660,-0.036257
0.116655,-0.046361,-0.039408
0.117112,-0.046246,-0.040391
0.118639,-0.043954,-0.040232
0.119857,-0.045482,-0.040814
0.118622,-0.045171,-0.038035
0.123282,-0.046171,-0.038577
0.124196,-0.046550,-0.037629
0.123479,-0.043706,-0.036815
0.125904,-0.044233,-0.037190
0.126753,-0.045725,-0.036183
0.129505,-0.044913,-0.037827
0.130531,-0.046814,-0.036923
0.131567,-0.045467,-0.040472
0.133762,-0.044932,-0.038439
0.133486,-0.045833,-0.039253
0.135230,-0.044586,-0.039077
0.137646,-0.045216,-0.039695
0.138177,-0.045803,-0.039031
0.140890,-0.045418,-0.039693
0.140970,-0.046382,-0.041480
0.142075,-0.043767,-0.039086
0.144239,-0.045564,-0.038901
0.144949,-0.045147,-0.038542
0.147764,-0.046121,-0.039524
0.149783,-0.044123,-0.041026
0.149332,-0.046687,-0.038866
0.152399,-0.045423,-0.040005
0.152503,-0.045745,-0.039071
0.154988,-0.046476,-0.039910
0.155997,-0.045724,-0.040655
0.157935,-0.045810,-0.041691
0.159739,-0.047200,-0.040823
0.161438,-0.045157,-0.040221
0.161644,-0.044916,-0.040964
0.162545,-0.044895,-0.040261
0.163720,-0.042782,-0.039411
0.168537,-0.046301,-0.040021
0.167529,-0.043680,-0.039483
0.168695,-0.046049,-0.039809
0.170479,-0.045815,-0.041997
0.172482,-0.047318,-0.043361
0.175278,-0.045799,-0.041035
0.174861,-0.044109,-0.041253
0.175692,-0.044102,-0.043423
0.179131,-0.045666,-0.040902
0.178409,-0.047532,-0.043496
0.179042,-0.046534,-0.042255
0.179756,-0.046634,-0.044387
0.186022,-0.045174,-0.046178
0.181827,-0.046128,-0.044809
0.186858,-0.046060,-0.046336
0.188402,-0.044888,-0.046570
0.189214,-0.046558,-0.046529
0.191043,-0.045108,-0.049533
0.190856,-0.045280,-0.048769
0.193723,-0.044713,-0.050238
0.193768,-0.045290,-0.051141
0.196869,-0.047198,-0.052013
0.196799,-0.047033,-0.054036
0.198141,-0.046037,-0.055967
0.203112,-0.045855,-0.056297
0.202565,-0.045674,-0.057161
0.204311,-0.047268,-0.058649
0.204193,-0.045431,-0.059023
0.207159,-0.044712,-0.064231
0.207704,-0.047871,-0.066313
0.209607,-0.048351,-0.067070
0.210677,-0.047920,-0.072527
0.214992,-0.047352,-0.073753
0.214805,-0.048587,-0.076554
0.216781,-0.046923,-0.081621
0.218708,-0.049990,-0.087042
0.219051,-0.048441,-0.091755
0.221390,-0.051508,-0.098451
-0.098976,-0.045005,-0.060905
-0.095984,-0.043900,-0.056027
-0.095234,-0.043943,-0.043523
-0.091979,-0.043785,-0.041238
-0.090109,-0.044023,-0.036267
-0.091851,-0.044649,-0.033313
-0.088153,-0.043918,-0.027752
-0.085621,-0.044140,-0.025128
-0.084057,-0.041494,-0.021177
-0.083195,-0.042303,-0.017076
-0.082212,-0.043715,-0.017918
-0.081115,-0.042323,-0.016754
-0.080276,-0.044435,-0.015110
-0.077773,-0.042460,-0.012982
-0.074602,-0.044323,-0.012042
-0.074953,-0.042322,-0.009511
-0.073114,-0.042528,-0.009209
-0.073151,-0.042600,-0.005965
-0.070644,-0.040000,-0.004992
-0.069567,-0.040431,-0.001838
-0.066364,-0.041858,-0.001392
-0.068026,-0.042433,-0.002186
-0.066048,-0.041958,0.000375
-0.063316,-0.041779,-0.001432
-0.062679,-0.040309,0.001456
-0.061118,-0.040730,0.000717
-0.058660,-0.041490,0.001260
-0.057426,-0.041491,0.003721
-0.056005,-0.040939,0.003364
-0.053124,-0.041132,0.004350
-0.053330,-0.040844,0.005149
-0.053819,-0.041118,0.005614
-0.049962,-0.041349,0.007996
-0.049161,-0.041286,0.007830
-0.045812,-0.039870,0.007493
-0.047687,-0.040760,0.007978
-0.045187,-0.041089,0.009964
-0.044626,-0.040417,0.007816
-0.043138,-0.040791,0.007578
-0.040287,-0.041689,0.008523
-0.040455,-0.041035,0.008264
-0.038543,-0.039790,0.007817
-0.035780,-0.040832,0.007468
-0.036843,-0.040306,0.008193
-0.033587,-0.040537,0.007659
-0.033764,-0.041008,0.009378
-0.030971,-0.042390,0.008393
-0.028943,-0.039366,0.007397
-0.027453,-0.042713,0.007140
-0.028485,-0.042087,0.006421
-0.025515,-0.041499,0.006931
-0.024443,-0.040337,0.007138
-0.023884,-0.042270,0.007154
-0.021868,-0.041152,0.006621
-0.020256,-0.039858,0.006258
-0.018477,-0.039616,0.005267
-0.017350,-0.041448,0.005184
-0.015554,-0.040670,0.007247
-0.013819,-0.039577,0.004165
-0.013553,-0.039479,0.004689
-0.012298,-0.040277,0.005064
-0.009840,-0.041141,0.002704
-0.010546,-0.041779,0.002963
-0.006483,-0.040883,0.004226
-0.007768,-0.041487,0.001336
-0.004266,-0.041458,0.000350
-0.004071,-0.043418,0.001775
-0.002789,-0.041686,0.002492
-0.000294,-0.041200,0.001240
0.000906,-0.041297,0.001381
0.002723,-0.041868,0.001742
0.001872,-0.041352,0.001658
0.003692,-0.040602,0.001929
0.006249,-0.042293,0.000116
0.006813,-0.041761,-0.000852
0.008238,-0.039462,-0.002702
0.009086,-0.041324,0.000278
0.010363,-0.042402,-0.001274
0.013296,-0.041282,-0.002248
0.014072,-0.043042,-0.001625
0.017021,-0.042848,-0.001580
0.016680,-0.042134,-0.004531
0.017592,-0.042017,-0.002554
0.020059,-0.040152,-0.004580
0.020263,-0.041401,-0.004629
0.022739,-0.043444,-0.006334
0.024668,-0.041048,-0.005148
0.023177,-0.042339,-0.006167
0.027078,-0.042197,-0.006481
0.027934,-0.040074,-0.008509
0.029216,-0.041773,-0.009168
0.032113,-0.041388,-0.007772
0.032764,-0.043214,-0.008392
0.033604,-0.042285,-0.007761
0.036090,-0.041447,-0.007482
0.037662,-0.040318,-0.006488
0.037584,-0.042768,-0.009373
0.040327,-0.043422,-0.009182
0.040751,-0.042479,-0.008453
0.041057,-0.042651,-0.010177
0.042399,-0.043772,-0.009466
0.044788,-0.041953,-0.010042
0.047157,-0.040874,-0.009025
0.047925,-0.042420,-0.011128
0.047935,-0.043126,-0.011722
0.050154,-0.043191,-0.009568
0.051962,-0.041961,-0.010986
0.052588,-0.042515,-0.011528
0.054802,-0.043246,-0.010250
0.055642,-0.043627,-0.014283
0.056332,-0.041637,-0.010778
0.058426,-0.042623,-0.012842
0.060395,-0.042329,-0.010968
0.061889,-0.041969,-0.011998
0.062403,-0.042284,-0.011959
0.065801,-0.041037,-0.010931
0.066174,-0.042302,-0.014031
0.067783,-0.042220,-0.011526
0.068465,-0.042641,-0.013017
0.068302,-0.043065,-0.013500
0.068825,-0.042656,-0.013812
0.073127,-0.042046,-0.015351
0.074978,-0.045282,-0.016340
0.074222,-0.042960,-0.016293
0.077998,-0.044793,-0.017412
0.078945,-0.042129,-0.016865
0.078878,-0.042052,-0.017718
0.081819,-0.043517,-0.017881
0.082959,-0.041729,-0.019037
0.083047,-0.042340,-0.017156
0.085549,-0.042341,-0.022784
0.086922,-0.045026,-0.020197
0.088065,-0.041704,-0.022669
0.088943,-0.042544,-0.021681
0.090257,-0.043641,-0.023381
0.090909,-0.042615,-0.026144
0.094431,-0.043204,-0.026704
0.096045,-0.044648,-0.026819
0.096069,-0.043673,-0.027618
0.099168,-0.042978,-0.028483
0.100184,-0.044674,-0.029483
0.100898,-0.046008,-0.031494
0.101437,-0.043350,-0.032928
0.102749,-0.043951,-0.032807
0.105018,-0.042989,-0.033187
0.106366,-0.043879,-0.034037
0.108828,-0.042579,-0.033541
0.109491,-0.043457,-0.034430
0.111441,-0.043121,-0.034364
0.112301,-0.044627,-0.037565
0.113084,-0.043350,-0.037353
0.114076,-0.044250,-0.039164
0.117722,-0.043977,-0.038568
0.118182,-0.044395,-0.038417
0.119381,-0.043977,-0.037995
0.121235,-0.043217,-0.037476
0.121268,-0.042731,-0.037621
0.124108,-0.043399,-0.038620
0.125083,-0.045026,-0.036374
0.128548,-0.043083,-0.036745
0.127495,-0.044052,-0.037291
0.127858,-0.043221,-0.036149
0.131107,-0.043088,-0.037688
0.132557,-0.043900,-0.037042
0.132156,-0.045409,-0.038422
0.137046,-0.043758,-0.040471
0.136700,-0.043685,-0.037962
0.138227,-0.041833,-0.039398
0.138443,-0.043480,-0.038655
0.140184,-0.043545,-0.040055
0.140945,-0.044096,-0.039616
0.144124,-0.043453,-0.039991
0.145176,-0.043170,-0.039489
0.146279,-0.044235,-0.041383
0.147819,-0.043501,-0.039524
0.149908,-0.041453,-0.039296
0.148272,-0.043263,-0.040638
0.152069,-0.044049,-0.039232
0.153053,-0.044468,-0.039577
0.155903,-0.043775,-0.041346
0.156233,-0.043773,-0.040923
0.157478,-0.042088,-0.042271
0.158360,-0.043352,-0.039094
0.161737,-0.045020,-0.040683
0.161885,-0.043356,-0.039838
0.160963,-0.044670,-0.040214
0.164180,-0.044556,-0.038505
0.167349,-0.043480,-0.039325
0.167914,-0.043929,-0.038157
0.170723,-0.042934,-0.039435
0.169079,-0.044058,-0.039439
0.173086,-0.044698,-0.041136
0.173340,-0.043316,-0.041777
0.175536,-0.044570,-0.043468
0.175412,-0.045174,-0.043757
0.178183,-0.043715,-0.042628
0.180007,-0.041391,-0.043807
0.178747,-0.043769,-0.045205
0.182610,-0.043469,-0.044496
0.184443,-0.045847,-0.046023
0.185096,-0.043901,-0.044880
0.187119,-0.044664,-0.044589
0.187734,-0.044554,-0.046196
0.190384,-0.044081,-0.047505
0.190419,-0.043102,-0.048183
0.192662,-0.045460,-0.048838
0.193239,-0.043918,-0.050370
0.194019,-0.045402,-0.051780
0.195663,-0.045690,-0.050773
0.196472,-0.044805,-0.054644
0.198249,-0.046007,-0.055997
0.201085,-0.046004,-0.056265
0.201845,-0.045438,-0.058725
0.203556,-0.046440,-0.058501
0.204704,-0.045575,-0.061915
0.205657,-0.045699,-0.064753
0.209104,-0.044925,-0.066674
0.209104,-0.046555,-0.069996
0.209475,-0.047324,-0.072616
0.213095,-0.047686,-0.076202
0.214164,-0.044580,-0.078514
0.216419,-0.047347,-0.083466
0.218734,-0.047471,-0.086395
0.219554,-0.046969,-0.094430
0.219540,-0.046311,-0.099362
-0.097354,-0.041916,-0.061523
-0.096455,-0.043640,-0.053406
-0.094602,-0.042435,-0.044181
-0.094559,-0.041259,-0.038072
-0.091040,-0.041651,-0.034387
-0.089940,-0.041485,-0.032542
-0.086694,-0.041636,-0.029045
-0.088570,-0.042517,-0.024996
-0.083888,-0.040651,-0.022123
-0.081903,-0.041756,-0.020767
-0.082854,-0.041151,-0.017679
-0.079969,-0.042709,-0.016706
-0.078725,-0.041640,-0.015694
-0.078517,-0.041317,-0.012686
-0.078987,-0.040744,-0.010928
-0.076538,-0.040153,-0.009605
-0.074956,-0.042787,-0.007651
-0.072211,-0.041663,-0.006068
-0.070592,-0.040072,-0.004500
-0.069370,-0.038511,-0.004335
-0.068039,-0.041375,-0.003000
-0.066922,-0.040984,-0.001414
-0.064787,-0.039832,-0.001918
-0.063230,-0.039396,0.001012
-0.062830,-0.037989,0.000194
-0.061755,-0.040025,0.004248
-0.059763,-0.038687,0.002519
-0.057864,-0.040502,0.003638
-0.055643,-0.040042,0.004075
-0.054688,-0.041312,0.003821
-0.052186,-0.038939,0.008618
-0.053932,-0.040832,0.006641
-0.051466,-0.040187,0.006751
-0.050520,-0.040087,0.006974
-0.048498,-0.039970,0.007665
-0.046447,-0.038577,0.006550
-0.046581,-0.037765,0.008071
-0.043404,-0.039620,0.009735
-0.042787,-0.039251,0.008074
-0.039839,-0.039967,0.008055
-0.038647,-0.039268,0.006533
-0.039099,-0.038832,0.008713
-0.037267,-0.040590,0.008458
-0.034929,-0.036356,0.009026
-0.033747,-0.040438,0.008194
-0.032152,-0.039384,0.007869
-0.029831,-0.039054,0.008412
-0.029922,-0.040701,0.006538
-0.027626,-0.039131,0.008901
-0.027115,-0.039901,0.006195
-0.024872,-0.039218,0.008270
-0.025640,-0.040181,0.006446
-0.023218,-0.040583,0.007175
-0.020776,-0.040129,0.005974
-0.021294,-0.039719,0.005483
-0.020228,-0.041224,0.006712
-0.018800,-0.039631,0.006706
-0.015551,-0.039915,0.006307
-0.015297,-0.038562,0.004130
-0.013300,-0.039553,0.003102
-0.011390,-0.041111,0.005979
-0.011496,-0.039659,0.003627
-0.009860,-0.038503,0.002811
-0.009253,-0.040247,0.003394
-0.006422,-0.038064,0.002785
-0.005002,-0.040560,0.001339
-0.003997,-0.040493,0.002340
-0.001516,-0.040204,0.002888
-0.002344,-0.038769,0.002826
0.000483,-0.042421,0.001571
0.002716,-0.041157,0.000630
0.004043,-0.039090,0.003624
0.005347,-0.040280,0.000639
0.006794,-0.039557,0.001626
0.007424,-0.041181,-0.000140
0.008745,-0.041393,-0.000142
0.011696,-0.040963,-0.001238
0.010887,-0.038193,-0.002684
0.011370,-0.040152,-0.001466
0.012830,-0.040466,-0.002183
0.015395,-0.040079,-0.001558
0.018728,-0.040169,-0.002995
0.018637,-0.039781,-0.003895
0.019062,-0.040687,-0.005849
0.020580,-0.040523,-0.005152
0.022202,-0.041403,-0.006735
0.025222,-0.039129,-0.007900
0.026181,-0.040047,-0.007483
0.025246,-0.041234,-0.006852
0.028111,-0.042276,-0.004825
0.029228,-0.040494,-0.006655
0.031301,-0.042557,-0.004152
0.032350,-0.039822,-0.005826
0.033757,-0.039154,-0.005597
0.034209,-0.038740,-0.006366
0.037060,-0.041516,-0.007659
0.037735,-0.039674,-0.007913
0.038281,-0.038835,-0.007366
0.041170,-0.038951,-0.007988
0.042818,-0.040884,-0.008148
0.042525,-0.039743,-0.008577
0.044749,-0.040728,-0.009344
0.047533,-0.040624,-0.007418
0.048096,-0.038718,-0.010379
0.048091,-0.039825,-0.012816
0.052302,-0.041526,-0.010410
0.051807,-0.041323,-0.011303
0.051265,-0.041222,-0.010214
0.054995,-0.039535,-0.009580
0.053515,-0.041555,-0.009780
0.057724,-0.040078,-0.011199
0.060186,-0.041500,-0.012503
0.059712,-0.040817,-0.011474
0.059304,-0.041022,-0.011751
0.062783,-0.041568,-0.012822
0.064927,-0.042442,-0.012595
0.066014,-0.040085,-0.013162
0.068447,-0.042338,-0.012069
0.067593,-0.040550,-0.012354
0.069124,-0.040343,-0.014263
0.071957,-0.040426,-0.014490
0.072119,-0.040649,-0.014878
0.072151,-0.040286,-0.013758
0.075890,-0.041572,-0.016110
0.077466,-0.040867,-0.015683
0.078841,-0.041563,-0.015457
0.078525,-0.041496,-0.016165
0.080434,-0.043041,-0.018602
0.081133,-0.041235,-0.017274
0.083217,-0.040315,-0.017771
0.084416,-0.042842,-0.018984
0.088210,-0.040480,-0.019074
0.087751,-0.040524,-0.021009
0.089026,-0.043167,-0.022617
0.090821,-0.041600,-0.022220
0.092704,-0.044110,-0.024296
0.093618,-0.041549,-0.025811
0.093815,-0.041825,-0.025490
0.097612,-0.040315,-0.026773
0.097280,-0.041797,-0.029184
0.098888,-0.041234,-0.030185
0.100095,-0.043204,-0.032809
0.104210,-0.041928,-0.030019
0.104376,-0.041729,-0.030760
0.104320,-0.042280,-0.030894
0.105004,-0.040900,-0.033515
0.107839,-0.041620,-0.032649
0.109531,-0.041092,-0.035196
0.110411,-0.043052,-0.036214
0.112383,-0.041808,-0.037014
0.114079,-0.042221,-0.035008
0.116330,-0.042342,-0.035618
0.116939,-0.042729,-0.038254
0.118522,-0.041785,-0.039389
0.119399,-0.042625,-0.038024
0.118628,-0.043199,-0.038303
0.121970,-0.040939,-0.037625
0.124030,-0.043548,-0.036743
0.125856,-0.041322,-0.038107
0.126765,-0.043027,-0.035316
0.128697,-0.040779,-0.038855
0.128405,-0.043279,-0.037422
0.130408,-0.041933,-0.038782
0.132484,-0.042976,-0.035757
0.131974,-0.042063,-0.038611
0.135164,-0.043324,-0.037431
0.135775,-0.042210,-0.038464
0.139378,-0.045014,-0.039641
0.138183,-0.044009,-0.038579
0.139540,-0.041983,-0.039967
0.143343,-0.043439,-0.039965
0.141903,-0.043240,-0.039716
0.144598,-0.042847,-0.038676
0.146204,-0.042382,-0.039711
0.146398,-0.044228,-0.043247
0.149552,-0.042306,-0.040933
0.152349,-0.042757,-0.039482
0.153176,-0.042113,-0.040353
0.152687,-0.041421,-0.039326
0.155141,-0.040996,-0.040421
0.155228,-0.041395,-0.040277
0.156590,-0.043416,-0.040506
0.158959,-0.043762,-0.040277
0.158673,-0.042612,-0.039854
0.160310,-0.042417,-0.040212
0.162874,-0.042994,-0.039724
0.163105,-0.042493,-0.039791
0.166558,-0.042628,-0.039420
0.166111,-0.040054,-0.042186
0.169731,-0.043205,-0.042186
0.170614,-0.042228,-0.041499
0.171760,-0.041944,-0.040993
0.173846,-0.041246,-0.042117
0.172766,-0.041732,-0.041531
0.174840,-0.040436,-0.043222
0.178387,-0.042966,-0.042023
0.178978,-0.043466,-0.041423
0.179546,-0.042781,-0.044359
0.182275,-0.043077,-0.043641
0.182177,-0.042855,-0.043865
0.185461,-0.040742,-0.044142
0.186193,-0.042777,-0.044300
0.188199,-0.040077,-0.044942
0.187379,-0.043865,-0.046673
0.192275,-0.042805,-0.049041
0.192517,-0.040924,-0.048597
0.194382,-0.044549,-0.049138
0.195054,-0.043662,-0.050731
0.196001,-0.043368,-0.053632
0.196857,-0.042184,-0.055550
0.198727,-0.042496,-0.055830
0.200596,-0.044780,-0.055180
0.203575,-0.043034,-0.057303
0.204367,-0.044934,-0.057951
0.203372,-0.044795,-0.059514
0.205574,-0.044434,-0.063448
0.207586,-0.044008,-0.069458
0.211408,-0.043636,-0.070810
0.212327,-0.044431,-0.074609
0.211873,-0.046194,-0.074926
0.215347,-0.046051,-0.079597
0.217244,-0.045107,-0.084561
0.216745,-0.044724,-0.090675
0.220766,-0.045092,-0.094928
0.222318,-0.047370,-0.100422
-0.098458,-0.042912,-0.061640
-0.097114,-0.041340,-0.052932
-0.095345,-0.040326,-0.044114
-0.091818,-0.040336,-0.040058
-0.089405,-0.041923,-0.037097
-0.089638,-0.040297,-0.031618
-0.089627,-0.040496,-0.027566
-0.086563,-0.038808,-0.025866
-0.085833,-0.039023,-0.020462
-0.081882,-0.038406,-0.018382
-0.080828,-0.040136,-0.016156
-0.081060,-0.039381,-0.015986
-0.080080,-0.039008,-0.012956
-0.077236,-0.041421,-0.013281
-0.076296,-0.039378,-0.011373
-0.075113,-0.037337,-0.008609
-0.072113,-0.039065,-0.007398
-0.071952,-0.036512,-0.008025
-0.071358,-0.039763,-0.004778
-0.069138,-0.037648,-0.002653
-0.069649,-0.038198,-0.002939
-0.066120,-0.038928,-0.000411
-0.065644,-0.038616,-0.000955
-0.062652,-0.038173,0.000885
-0.062264,-0.039053,0.002113
-0.060979,-0.038736,0.000900
-0.060489,-0.037839,0.003787
-0.057967,-0.037727,0.005290
-0.056993,-0.038442,0.003284
-0.055338,-0.036616,0.005749
-0.052034,-0.037953,0.006365
-0.054299,-0.036247,0.006821
-0.049605,-0.035581,0.009354
-0.048684,-0.037635,0.007331
-0.048366,-0.036588,0.006617
-0.045702,-0.038280,0.009600
-0.045524,-0.037496,0.006830
-0.046018,-0.035369,0.007552
-0.041490,-0.037805,0.009698
-0.043190,-0.035776,0.009341
-0.041228,-0.038357,0.008214
-0.039153,-0.038219,0.007997
-0.038182,-0.037975,0.008563
-0.033689,-0.039042,0.009578
-0.033052,-0.037504,0.008742
-0.031799,-0.039203,0.009787
-0.032378,-0.037241,0.007769
-0.030523,-0.037964,0.007595
-0.028764,-0.038403,0.007997
-0.026319,-0.037385,0.007349
-0.025781,-0.038130,0.006898
-0.025584,-0.038781,0.008269
-0.022197,-0.038652,0.007507
-0.022313,-0.038288,0.006001
-0.022414,-0.038685,0.007066
-0.018013,-0.036768,0.007396
-0.016840,-0.037871,0.004503
-0.014882,-0.036556,0.004706
-0.014897,-0.036252,0.003855
-0.014364,-0.037251,0.002575
-0.011626,-0.038559,0.004982
-0.010137,-0.037111,0.003757
-0.008477,-0.039201,0.004228
-0.008221,-0.038287,0.003101
-0.005629,-0.039299,0.003823
-0.004130,-0.038464,0.001552
-0.003828,-0.039672,0.002494
-0.004070,-0.039490,0.001595
-0.000658,-0.037997,0.001996
0.000044,-0.037568,0.003836
-0.000305,-0.036696,0.002779
0.003700,-0.038183,0.002684
0.005121,-0.038893,0.002162
0.006962,-0.037874,0.000262
0.008793,-0.036557,0.000245
0.008645,-0.037268,-0.000324
0.008913,-0.038578,-0.001194
0.011963,-0.039403,0.000631
0.011648,-0.036584,-0.001475
0.015408,-0.037524,-0.003330
0.016102,-0.038873,-0.003669
0.017480,-0.037889,-0.004251
0.018704,-0.036835,-0.001536
0.020091,-0.037801,-0.003212
0.021254,-0.039012,-0.003527
0.021637,-0.039989,-0.003821
0.024409,-0.038695,-0.004992
0.024498,-0.037227,-0.004750
0.025420,-0.037701,-0.006311
0.025767,-0.038868,-0.006647
0.027986,-0.038222,-0.006919
0.030724,-0.036892,-0.005514
0.031511,-0.040397,-0.004691
0.034816,-0.038431,-0.005111
0.035279,-0.038828,-0.006359
0.036496,-0.038942,-0.005264
0.036542,-0.036975,-0.008166
0.038203,-0.038622,-0.008734
0.039773,-0.040693,-0.007472
0.041677,-0.039760,-0.007319
0.042528,-0.039850,-0.007810
0.045339,-0.037613,-0.009509
0.045570,-0.038857,-0.009569
0.047355,-0.039159,-0.009933
0.048244,-0.039757,-0.010662
0.050146,-0.039154,-0.008455
0.051234,-0.039771,-0.009063
0.052829,-0.038659,-0.010014
0.053789,-0.039347,-0.009714
0.054533,-0.040363,-0.009719
0.055845,-0.038187,-0.009228
0.059892,-0.038020,-0.011007
0.060953,-0.038704,-0.011344
0.058928,-0.035540,-0.012448
0.063270,-0.039429,-0.011476
0.063912,-0.038827,-0.012840
0.065100,-0.038910,-0.011381
0.065208,-0.038093,-0.011649
0.068842,-0.039408,-0.012058
0.069227,-0.039752,-0.010869
0.072599,-0.039577,-0.014003
0.073085,-0.038215,-0.014036
0.073313,-0.038259,-0.014252
0.075887,-0.040418,-0.015521
0.078194,-0.040060,-0.015417
0.077991,-0.038920,-0.014873
0.078958,-0.039342,-0.016673
0.081432,-0.038038,-0.018937
0.080887,-0.038178,-0.017637
0.084978,-0.039152,-0.018990
0.085816,-0.041591,-0.019719
0.085153,-0.039664,-0.019802
0.086446,-0.040392,-0.020700
0.090090,-0.039729,-0.021480
0.090910,-0.038712,-0.021025
0.091640,-0.040278,-0.025291
0.095313,-0.038555,-0.023316
0.094971,-0.038651,-0.025680
0.096118,-0.040434,-0.026423
0.097595,-0.041638,-0.027395
0.098188,-0.040467,-0.029738
0.100363,-0.040581,-0.030510
0.100828,-0.041240,-0.030768
0.105466,-0.040290,-0.029201
0.106723,-0.040163,-0.032390
0.107870,-0.040194,-0.034960
0.108035,-0.038672,-0.032376
0.107741,-0.040383,-0.032235
0.110658,-0.039515,-0.032531
0.111285,-0.041222,-0.036190
0.113489,-0.040240,-0.034138
0.116001,-0.040011,-0.036713
0.114878,-0.040683,-0.036704
0.117860,-0.040259,-0.036604
0.118108,-0.042523,-0.037323
0.121923,-0.041990,-0.036928
0.122724,-0.039094,-0.039067
0.121703,-0.040521,-0.036926
0.124562,-0.040617,-0.037086
0.126130,-0.038784,-0.036620
0.127428,-0.040630,-0.036343
0.128343,-0.041482,-0.036661
0.129997,-0.040456,-0.036498
0.134316,-0.041751,-0.038446
0.134489,-0.041623,-0.038005
0.134687,-0.040545,-0.037213
0.138216,-0.041602,-0.040032
0.138334,-0.038981,-0.038209
0.136800,-0.038853,-0.038748
0.139456,-0.041060,-0.037768
0.142682,-0.040111,-0.037762
0.146405,-0.041736,-0.037161
0.144985,-0.040893,-0.040448
0.147347,-0.039289,-0.041655
0.148652,-0.042616,-0.040519
0.149449,-0.041843,-0.040615
0.150262,-0.040955,-0.040705
0.150764,-0.041941,-0.039928
0.153195,-0.040567,-0.041469
0.154240,-0.040468,-0.041352
0.153434,-0.037649,-0.040553
0.158310,-0.040884,-0.039942
0.159816,-0.041368,-0.040521
0.161046,-0.042520,-0.040454
0.161793,-0.041923,-0.041348
0.163723,-0.039068,-0.040750
0.165886,-0.041435,-0.040791
0.167123,-0.039553,-0.038851
0.167799,-0.040275,-0.040255
0.168886,-0.039780,-0.040694
0.170894,-0.040445,-0.039831
0.171118,-0.041248,-0.042278
0.172689,-0.040277,-0.040882
0.173721,-0.040963,-0.042826
0.175129,-0.040423,-0.042963
0.176201,-0.040967,-0.043637
0.180923,-0.042051,-0.043652
0.179560,-0.042529,-0.044362
0.181986,-0.039979,-0.045573
0.183202,-0.039639,-0.044772
0.185185,-0.042252,-0.045909
0.185138,-0.041793,-0.047282
0.187514,-0.043426,-0.045835
0.187131,-0.042403,-0.047495
0.190380,-0.041404,-0.048009
0.192647,-0.041840,-0.050845
0.193458,-0.042413,-0.050493
0.197674,-0.042517,-0.052118
0.194531,-0.040745,-0.052811
0.196137,-0.039033,-0.055286
0.198592,-0.041508,-0.054927
0.200504,-0.042102,-0.056003
0.203287,-0.042515,-0.057818
0.202895,-0.040331,-0.057583
0.202884,-0.041862,-0.061955
0.205769,-0.044721,-0.066505
0.209635,-0.043462,-0.070297
0.210180,-0.043057,-0.070265
0.212215,-0.042964,-0.072624
0.212231,-0.043767,-0.075733
0.216082,-0.041794,-0.079902
0.218547,-0.044618,-0.084627
0.217944,-0.042277,-0.091236
0.218630,-0.043051,-0.097710
0.222225,-0.044473,-0.102315
-0.099769,-0.041825,-0.060859
-0.095273,-0.036513,-0.054316
-0.095152,-0.039385,-0.041469
-0.093702,-0.039963,-0.038315
-0.092994,-0.038287,-0.034190
-0.089576,-0.038334,-0.032624
-0.088111,-0.038925,-0.027601
-0.088176,-0.036316,-0.024968
-0.085353,-0.038050,-0.019902
-0.082161,-0.037843,-0.018108
-0.082764,-0.037450,-0.018313
-0.080492,-0.036358,-0.013599
-0.080431,-0.037107,-0.014449
-0.077548,-0.036646,-0.014185
-0.077964,-0.038660,-0.011897
-0.073867,-0.036022,-0.009900
-0.074621,-0.037737,-0.007454
-0.072640,-0.038341,-0.005022
-0.072832,-0.035615,-0.005342
-0.069884,-0.037146,-0.002145
-0.067634,-0.036894,-0.003343
-0.065809,-0.038115,-0.000716
-0.063949,-0.037330,-0.002701
-0.062649,-0.035146,0.000770
-0.062471,-0.036511,0.000523
-0.059395,-0.036461,0.003718
-0.059487,-0.038305,0.002652
-0.057918,-0.036614,0.003676
-0.054831,-0.034713,0.005196
-0.055201,-0.036381,0.006082
-0.053373,-0.037582,0.006720
-0.052717,-0.034530,0.007073
-0.051581,-0.035526,0.007246
-0.049548,-0.035245,0.008330
-0.049304,-0.036403,0.006627
-0.046309,-0.036625,0.008520
-0.044149,-0.037119,0.007046
-0.045053,-0.035361,0.009118
-0.042523,-0.036085,0.009982
-0.039939,-0.034868,0.007165
-0.038091,-0.035905,0.008174
-0.038565,-0.036334,0.011584
-0.038740,-0.035618,0.008602
-0.036531,-0.036724,0.009466
-0.035399,-0.036197,0.009087
-0.033079,-0.036701,0.008013
-0.030936,-0.036531,0.009114
-0.029810,-0.034782,0.008859
-0.028866,-0.037187,0.008780
-0.028019,-0.035758,0.008095
-0.025780,-0.035927,0.007911
-0.024569,-0.036982,0.007351
-0.024262,-0.036983,0.007781
-0.022576,-0.036258,0.006332
-0.019945,-0.036507,0.006642
-0.018776,-0.036483,0.007505
-0.019414,-0.035686,0.004063
-0.014921,-0.034065,0.007314
-0.014630,-0.036191,0.005778
-0.013067,-0.036198,0.004191
-0.011305,-0.034949,0.004485
-0.010169,-0.035414,0.006249
-0.007619,-0.036345,0.004667
-0.008964,-0.038755,0.002354
-0.006647,-0.036382,0.004038
-0.006384,-0.035831,0.003085
-0.003074,-0.036754,0.003725
-0.003364,-0.039214,0.004374
0.000341,-0.036404,0.002507
0.000418,-0.037977,0.002911
0.000471,-0.035788,0.002663
0.005292,-0.036409,0.002165
0.003063,-0.037505,0.001783
0.005220,-0.038575,0.001843
0.008399,-0.037387,0.000701
0.009837,-0.035557,0.000159
0.010695,-0.034599,-0.000479
0.009714,-0.037627,-0.000737
0.011917,-0.037720,0.000008
0.012856,-0.037833,-0.003096
0.016284,-0.037892,-0.002236
0.016677,-0.036474,-0.003753
0.017105,-0.036638,-0.002054
0.020576,-0.036025,-0.002852
0.021043,-0.036717,-0.002844
0.021562,-0.037290,-0.005642
0.024289,-0.037097,-0.005310
0.025452,-0.037228,-0.004509
0.027510,-0.036485,-0.003844
0.027317,-0.036887,-0.004479
0.028660,-0.036878,-0.005811
0.029610,-0.037283,-0.004349
0.031376,-0.037153,-0.002159
0.034234,-0.037438,-0.005099
0.035897,-0.035606,-0.004145
0.036948,-0.037330,-0.004757
0.036688,-0.036766,-0.006502
0.040816,-0.037182,-0.006948
0.039139,-0.036113,-0.006120
0.040637,-0.037005,-0.008802
0.041960,-0.036028,-0.007710
0.043373,-0.036099,-0.008989
0.047560,-0.037470,-0.008307
0.048221,-0.038136,-0.009125
0.049001,-0.036729,-0.008723
0.050491,-0.036232,-0.009385
0.051351,-0.037731,-0.010135
0.052450,-0.038427,-0.007497
0.053504,-0.036349,-0.008338
0.054380,-0.037634,-0.010062
0.056126,-0.039067,-0.010290
0.058164,-0.037617,-0.009690
0.060487,-0.036453,-0.010798
0.062842,-0.035476,-0.012031
0.062382,-0.037185,-0.011067
0.064283,-0.035785,-0.011191
0.066070,-0.036641,-0.010328
0.066852,-0.036592,-0.010496
0.068682,-0.039055,-0.013443
0.069595,-0.038399,-0.013585
0.072185,-0.037215,-0.014424
0.073538,-0.038986,-0.013854
0.075079,-0.037883,-0.013411
0.074687,-0.037542,-0.013352
0.078143,-0.036894,-0.014526
0.077694,-0.036199,-0.012976
0.079489,-0.038085,-0.017206
0.081557,-0.036107,-0.014979
0.082545,-0.037765,-0.019624
0.082765,-0.037966,-0.017272
0.086112,-0.036518,-0.018594
0.086939,-0.038714,-0.018983
0.087697,-0.036159,-0.021396
0.089364,-0.036514,-0.019553
0.091000,-0.037365,-0.022077
0.092993,-0.038198,-0.022389
0.092067,-0.038691,-0.022650
0.094336,-0.038124,-0.026004
0.094870,-0.039804,-0.025570
0.097716,-0.038083,-0.027311
0.100582,-0.037592,-0.027236
0.100881,-0.040289,-0.027541
0.103603,-0.039103,-0.029406
0.104674,-0.037436,-0.029301
0.104952,-0.038516,-0.032772
0.105010,-0.037823,-0.030903
0.107168,-0.039169,-0.031507
0.111023,-0.038756,-0.033138
0.111781,-0.039872,-0.034193
0.110885,-0.039470,-0.034654
0.112876,-0.039603,-0.034804
0.115123,-0.038404,-0.034721
0.114615,-0.037443,-0.037478
0.118144,-0.039536,-0.034916
0.120188,-0.037194,-0.036402
0.119009,-0.039265,-0.036071
0.121119,-0.039647,-0.035613
0.125431,-0.039305,-0.035279
0.123939,-0.039008,-0.037237
0.126574,-0.039504,-0.035779
0.126392,-0.037664,-0.036602
0.130638,-0.039119,-0.037818
0.130558,-0.038501,-0.034828
0.131593,-0.039211,-0.037368
0.132668,-0.040182,-0.036159
0.135241,-0.038319,-0.037693
0.135966,-0.038269,-0.039581
0.137539,-0.040039,-0.037882
0.138894,-0.037724,-0.037981
0.140169,-0.038178,-0.038320
0.143033,-0.039145,-0.037177
0.143551,-0.037257,-0.038151
0.144572,-0.037904,-0.038925
0.145592,-0.039502,-0.039156
0.148310,-0.039311,-0.038391
0.148170,-0.039877,-0.039848
0.150735,-0.038240,-0.039461
0.150694,-0.038921,-0.041148
0.152498,-0.037183,-0.037988
0.153436,-0.038952,-0.041074
0.157559,-0.039564,-0.039575
0.157965,-0.041103,-0.039700
0.158773,-0.039844,-0.039468
0.162112,-0.037944,-0.040525
0.162852,-0.038991,-0.038548
0.163032,-0.038407,-0.039537
0.165141,-0.037671,-0.038684
0.166865,-0.040023,-0.042229
0.167229,-0.039639,-0.040068
0.167211,-0.039270,-0.038522
0.171748,-0.039262,-0.040603
0.172450,-0.038755,-0.040772
0.174295,-0.037598,-0.040868
0.175019,-0.039355,-0.041620
0.175258,-0.038557,-0.041560
0.178043,-0.040809,-0.043571
0.180977,-0.039010,-0.042101
0.181633,-0.039273,-0.043213
0.182739,-0.038717,-0.045234
0.183370,-0.039327,-0.046227
0.184588,-0.040439,-0.045255
0.186421,-0.038981,-0.045396
0.189133,-0.038767,-0.047575
0.187633,-0.040327,-0.047682
0.190755,-0.039165,-0.048773
0.192281,-0.040111,-0.050868
0.193951,-0.040602,-0.051867
0.195639,-0.041382,-0.050230
0.196040,-0.040049,-0.051588
0.197564,-0.039436,-0.053412
0.198702,-0.041607,-0.055728
0.200045,-0.040009,-0.057846
0.202784,-0.041293,-0.059478
0.203642,-0.041410,-0.060145
0.205858,-0.041692,-0.061438
0.206481,-0.040905,-0.065516
0.208397,-0.040515,-0.069559
0.209242,-0.041994,-0.070878
0.211674,-0.040911,-0.074257
0.213231,-0.040188,-0.077104
0.215288,-0.041713,-0.080070
0.215755,-0.040931,-0.087354
0.217194,-0.041398,-0.092661
0.220943,-0.041775,-0.097584
-0.096608,-0.037055,-0.062932
-0.094942,-0.037591,-0.054245
-0.094667,-0.037030,-0.045684
-0.092851,-0.036717,-0.038755
-0.091659,-0.036039,-0.035380
-0.090608,-0.037860,-0.030775
-0.089950,-0.034964,-0.026586
-0.087758,-0.036248,-0.025642
-0.085434,-0.035595,-0.020885
-0.084001,-0.036878,-0.018389
-0.082752,-0.035860,-0.017398
-0.080854,-0.035159,-0.015884
-0.081103,-0.036335,-0.013842
-0.076992,-0.036400,-0.013094
-0.075893,-0.035334,-0.011368
-0.075881,-0.036580,-0.008377
-0.073501,-0.035620,-0.006908
-0.071340,-0.034962,-0.006448
-0.071509,-0.035690,-0.004867
-0.069230,-0.035509,-0.002112
-0.068370,-0.035816,-0.001448
-0.066735,-0.034784,-0.002686
-0.064192,-0.033887,-0.000950
-0.062827,-0.035203,0.000492
-0.060383,-0.035008,0.002451
-0.060910,-0.033597,0.000721
-0.059591,-0.036709,0.003814
-0.058636,-0.036000,0.005176
-0.056161,-0.034858,0.005429
-0.055692,-0.034078,0.006189
-0.052993,-0.037472,0.008317
-0.052202,-0.035264,0.007476
-0.052328,-0.033539,0.008347
-0.048940,-0.035621,0.006430
-0.048526,-0.034091,0.006530
-0.046488,-0.034938,0.008090
-0.045635,-0.034216,0.007930
-0.044803,-0.034184,0.008387
-0.042659,-0.034626,0.008895
-0.041483,-0.034488,0.006605
-0.039565,-0.035168,0.009758
-0.037475,-0.036389,0.009683
-0.037606,-0.034403,0.008983
-0.035713,-0.033209,0.008375
-0.034896,-0.032917,0.009848
-0.032822,-0.032435,0.008778
-0.031986,-0.034198,0.009748
-0.032339,-0.036238,0.007303
-0.028651,-0.034461,0.007732
-0.027546,-0.033376,0.008737
-0.025462,-0.034559,0.008867
-0.026955,-0.034312,0.006335
-0.021834,-0.036952,0.008264
-0.021081,-0.033902,0.008528
-0.019866,-0.034061,0.006848
-0.019515,-0.034888,0.005304
-0.018051,-0.034757,0.006931
-0.016219,-0.034306,0.006940
-0.015032,-0.034351,0.005171
-0.014537,-0.034541,0.005402
-0.013171,-0.036121,0.005397
-0.010067,-0.033954,0.004970
-0.009565,-0.034397,0.003809
-0.008650,-0.035834,0.005501
-0.006325,-0.036165,0.004488
-0.005073,-0.035431,0.003081
-0.003633,-0.034707,0.001949
-0.001167,-0.035966,0.003796
-0.002230,-0.035180,0.002407
0.000158,-0.035316,0.002662
0.003003,-0.035338,0.001646
0.004394,-0.034962,0.003831
0.004606,-0.033916,0.001183
0.005349,-0.034953,0.000332
0.007503,-0.033888,0.000669
0.008477,-0.035690,0.000396
0.010529,-0.035023,0.000873
0.011078,-0.035327,-0.000617
0.012601,-0.033380,-0.001305
0.012399,-0.033847,-0.002252
0.016272,-0.033404,-0.000451
0.018402,-0.035531,-0.000692
0.017190,-0.035447,-0.002458
0.021085,-0.036018,-0.002237
0.020396,-0.036702,-0.002216
0.022394,-0.034536,-0.006060
0.023719,-0.035642,-0.003863
0.025544,-0.035024,-0.003092
0.028438,-0.035870,-0.004076
0.027552,-0.034013,-0.002155
0.028730,-0.034798,-0.003772
0.031407,-0.034101,-0.003014
0.031296,-0.033299,-0.003101
0.032899,-0.035152,-0.004190
0.034399,-0.034463,-0.001744
0.037461,-0.034392,-0.004573
0.037466,-0.035236,-0.005751
0.038383,-0.035947,-0.003193
0.040916,-0.036265,-0.006104
0.041166,-0.034961,-0.006309
0.043504,-0.034485,-0.005808
0.045091,-0.034490,-0.008545
0.045630,-0.037158,-0.006212
0.045980,-0.034456,-0.008695
0.047631,-0.034500,-0.007907
0.049230,-0.035898,-0.007655
0.052098,-0.035489,-0.008985
0.052345,-0.036132,-0.010335
0.055688,-0.034699,-0.009781
0.055596,-0.033945,-0.009648
0.055944,-0.036200,-0.009640
0.059307,-0.036103,-0.007672
0.059423,-0.034555,-0.009824
0.060249,-0.035963,-0.008674
0.064161,-0.035276,-0.008745
0.065111,-0.035407,-0.009096
0.064953,-0.035205,-0.009057
0.065209,-0.036862,-0.010959
0.069048,-0.036570,-0.011878
0.068762,-0.034591,-0.011599
0.069541,-0.036028,-0.013780
0.073006,-0.036402,-0.012276
0.074936,-0.034501,-0.014909
0.074901,-0.037110,-0.013413
0.077756,-0.035608,-0.013447
0.076681,-0.034582,-0.013809
0.079704,-0.035164,-0.014815
0.081040,-0.035814,-0.016682
0.082656,-0.037108,-0.016719
0.082870,-0.035723,-0.017492
0.086576,-0.035532,-0.016367
0.086805,-0.036127,-0.018413
0.087804,-0.036429,-0.020451
0.087881,-0.035687,-0.018809
0.092005,-0.034841,-0.021241
0.094020,-0.035727,-0.020977
0.094279,-0.035383,-0.021141
0.093268,-0.037865,-0.022072
0.096872,-0.037402,-0.023344
0.097958,-0.036372,-0.025017
0.099528,-0.036785,-0.029125
0.099790,-0.036757,-0.026023
0.102913,-0.035545,-0.030405
0.103362,-0.036968,-0.030052
0.106195,-0.035921,-0.032121
0.107404,-0.038180,-0.030563
0.108712,-0.039382,-0.031943
0.109808,-0.036326,-0.031707
0.110220,-0.034664,-0.032930
0.110421,-0.037690,-0.033049
0.114005,-0.039150,-0.033619
0.115289,-0.036457,-0.032982
0.116138,-0.037817,-0.035239
0.117270,-0.037406,-0.036173
0.118934,-0.038601,-0.035731
0.121973,-0.037546,-0.035092
0.122521,-0.037875,-0.036798
0.124149,-0.037521,-0.037128
0.123692,-0.036091,-0.036948
0.125409,-0.036294,-0.035341
0.126832,-0.039192,-0.035339
0.130543,-0.037498,-0.034070
0.130108,-0.036027,-0.035769
0.131012,-0.036593,-0.032341
0.131212,-0.037670,-0.036136
0.133114,-0.037477,-0.037973
0.136787,-0.037662,-0.036893
0.138843,-0.035745,-0.037579
0.139224,-0.036407,-0.035738
0.141095,-0.038067,-0.038804
0.140534,-0.036579,-0.038257
0.143824,-0.035979,-0.039410
0.144595,-0.038353,-0.039180
0.145739,-0.036458,-0.041872
0.147426,-0.037202,-0.039474
0.149136,-0.036642,-0.039374
0.150352,-0.037438,-0.042000
0.152720,-0.037755,-0.041067
0.155195,-0.037251,-0.041214
0.154658,-0.037459,-0.042587
0.156377,-0.038004,-0.038970
0.157006,-0.035456,-0.039870
0.159792,-0.038047,-0.039112
0.160679,-0.038098,-0.039145
0.161481,-0.035577,-0.039845
0.165154,-0.036813,-0.039728
0.165835,-0.037436,-0.039476
0.167729,-0.037125,-0.040308
0.166808,-0.038577,-0.041088
0.169636,-0.038287,-0.039443
0.172069,-0.037540,-0.041309
0.172543,-0.038096,-0.039902
0.173354,-0.039719,-0.040046
0.175389,-0.036698,-0.040893
0.174806,-0.036979,-0.041298
0.176543,-0.040575,-0.043173
0.177642,-0.037022,-0.043203
0.181162,-0.037852,-0.041975
0.182562,-0.037812,-0.042316
0.182370,-0.038162,-0.044699
0.184051,-0.038015,-0.044912
0.186555,-0.036646,-0.044994
0.186171,-0.037480,-0.047918
0.190184,-0.038456,-0.045650
0.189414,-0.038954,-0.049666
0.192493,-0.038004,-0.049036
0.193972,-0.036944,-0.051351
0.195307,-0.037732,-0.052499
0.196414,-0.039919,-0.052483
0.196318,-0.036403,-0.054657
0.197614,-0.037341,-0.054060
0.201124,-0.038634,-0.058606
0.202098,-0.038607,-0.058718
0.204836,-0.040261,-0.059759
0.206498,-0.039107,-0.060799
0.207725,-0.039364,-0.067006
0.208502,-0.037840,-0.069302
0.209903,-0.040553,-0.071425
0.211564,-0.039464,-0.074959
0.211585,-0.039195,-0.077520
0.216333,-0.040061,-0.081206
0.215767,-0.042049,-0.088251
0.217521,-0.041165,-0.096400
0.220246,-0.040743,-0.097888
-0.097606,-0.036366,-0.060285
-0.096822,-0.035205,-0.053459
-0.094133,-0.036651,-0.046620
-0.091990,-0.037059,-0.038796
-0.091612,-0.036861,-0.035646
-0.088756,-0.036086,-0.032648
-0.088980,-0.033662,-0.028339
-0.087043,-0.035460,-0.024648
-0.087750,-0.033370,-0.020763
-0.084529,-0.034600,-0.018275
-0.083068,-0.033551,-0.018493
-0.080715,-0.034859,-0.015587
-0.079727,-0.033006,-0.013465
-0.077711,-0.033713,-0.012743
-0.075461,-0.034953,-0.009358
-0.075200,-0.034084,-0.009479
-0.075045,-0.032187,-0.008801
-0.072187,-0.032899,-0.004831
-0.072545,-0.033913,-0.004179
-0.069500,-0.033644,-0.001705
-0.067627,-0.032669,0.000322
-0.066410,-0.034337,-0.000467
-0.064898,-0.033429,-0.000819
-0.063928,-0.032850,0.003398
-0.061698,-0.032760,0.001482
-0.059572,-0.032397,0.004076
-0.059001,-0.034580,0.003263
-0.060682,-0.033651,0.003679
-0.055660,-0.033240,0.005689
-0.051673,-0.032891,0.006191
-0.053947,-0.033563,0.007649
-0.050305,-0.031655,0.007888
-0.049284,-0.033790,0.007608
-0.049698,-0.033639,0.006872
-0.046591,-0.034519,0.010133
-0.046100,-0.032433,0.007402
-0.046118,-0.031292,0.007172
-0.042516,-0.033079,0.009041
-0.042412,-0.032534,0.009143
-0.039566,-0.035490,0.009163
-0.039412,-0.032756,0.009211
-0.038771,-0.031436,0.007271
-0.037863,-0.033336,0.009433
-0.034107,-0.033470,0.010228
-0.035149,-0.035905,0.011038
-0.033057,-0.033217,0.007259
-0.030415,-0.033628,0.008911
-0.027821,-0.031905,0.010924
-0.028335,-0.032509,0.007633
-0.027956,-0.030425,0.008476
-0.025083,-0.033053,0.008064
-0.024199,-0.032868,0.006866
-0.023582,-0.034136,0.007115
-0.021679,-0.032482,0.006218
-0.020122,-0.033472,0.005938
-0.016905,-0.034421,0.007578
-0.020560,-0.030349,0.005841
-0.014096,-0.034393,0.004212
-0.014394,-0.033453,0.004851
-0.013294,-0.033112,0.003772
-0.013281,-0.033056,0.005827
-0.011701,-0.033253,0.003859
-0.007783,-0.032818,0.003700
-0.008281,-0.033594,0.004029
-0.005338,-0.034443,0.005377
-0.003986,-0.032835,0.005393
-0.004670,-0.032836,0.003438
-0.003152,-0.034317,0.004523
-0.000705,-0.031612,0.002349
0.000585,-0.033699,0.002780
0.002625,-0.031632,0.003420
0.003182,-0.033230,0.002813
0.004663,-0.033714,0.001742
0.006550,-0.033384,0.002271
0.006104,-0.033648,-0.001162
0.009400,-0.033251,0.001340
0.008848,-0.032396,-0.000296
0.012145,-0.031868,-0.000027
0.013358,-0.030861,-0.000510
0.013787,-0.033479,0.000742
0.018302,-0.031442,0.000185
0.016581,-0.033569,-0.001230
0.017452,-0.033343,0.000313
0.020180,-0.033467,-0.002623
0.021546,-0.035086,-0.003852
0.022728,-0.033346,-0.003176
0.024080,-0.034534,-0.003649
0.024294,-0.035145,-0.003510
0.025361,-0.032502,-0.002520
0.028375,-0.033711,-0.002038
0.027173,-0.034839,-0.002048
0.031024,-0.033995,-0.003668
0.033046,-0.033456,-0.001853
0.033250,-0.033502,-0.003451
0.035339,-0.033199,-0.003542
0.036488,-0.032798,-0.003340
0.037466,-0.033523,-0.004405
0.039616,-0.033892,-0.005070
0.039846,-0.034390,-0.008230
0.043136,-0.033410,-0.005736
0.043578,-0.033156,-0.006135
0.045226,-0.032978,-0.007406
0.047238,-0.035007,-0.006515
0.047154,-0.032145,-0.007187
0.050457,-0.034846,-0.007833
0.048902,-0.034611,-0.008158
0.052419,-0.033803,-0.008493
0.054745,-0.034590,-0.007909
0.054677,-0.033407,-0.008769
0.056702,-0.036053,-0.008062
0.058109,-0.031744,-0.009866
0.057470,-0.035496,-0.008602
0.059460,-0.034961,-0.008372
0.060084,-0.033934,-0.009947
0.062950,-0.034144,-0.008470
0.065259,-0.034697,-0.009505
0.065257,-0.033674,-0.010249
0.067811,-0.033498,-0.010413
0.070637,-0.032029,-0.011631
0.069097,-0.033183,-0.011854
0.071761,-0.034152,-0.011656
0.072021,-0.033826,-0.012070
0.072742,-0.034803,-0.011542
0.074701,-0.031990,-0.012432
0.075572,-0.033342,-0.012587
0.078595,-0.034058,-0.015467
0.079894,-0.032665,-0.013568
0.081445,-0.035295,-0.014349
0.081983,-0.035279,-0.017072
0.084299,-0.036147,-0.015654
0.084712,-0.033166,-0.017808
0.086825,-0.034834,-0.017983
0.088585,-0.033732,-0.018784
0.091576,-0.034233,-0.019422
0.091833,-0.037109,-0.018626
0.092033,-0.035363,-0.021502
0.094865,-0.034383,-0.021039
0.096118,-0.033777,-0.023147
0.098062,-0.035416,-0.023168
0.097358,-0.032421,-0.024440
0.099917,-0.035614,-0.027295
0.099761,-0.034644,-0.026520
0.102110,-0.036306,-0.026357
0.103844,-0.033415,-0.029493
0.105137,-0.036168,-0.029151
0.107469,-0.036251,-0.028852
0.107439,-0.035839,-0.030501
0.109878,-0.033319,-0.030577
0.110230,-0.036671,-0.032332
0.111323,-0.034761,-0.032786
0.115622,-0.035531,-0.034687
0.114192,-0.035299,-0.034109
0.115870,-0.035632,-0.036261
0.117808,-0.035180,-0.034148
0.118811,-0.035193,-0.034248
0.121600,-0.034558,-0.036367
0.122214,-0.035421,-0.034256
0.123292,-0.036824,-0.035861
0.124195,-0.034661,-0.034721
0.126295,-0.036275,-0.036590
0.125770,-0.035620,-0.033289
0.127985,-0.034682,-0.036634
0.131524,-0.037220,-0.037046
0.130453,-0.034882,-0.035054
0.133177,-0.034610,-0.035708
0.136646,-0.034981,-0.038060
0.136247,-0.034068,-0.036245
0.137076,-0.036336,-0.039234
0.141017,-0.036249,-0.038028
0.141158,-0.035499,-0.038597
0.143238,-0.035950,-0.036688
0.142689,-0.035867,-0.038625
0.144189,-0.035467,-0.038568
0.145414,-0.036887,-0.038130
0.146917,-0.037484,-0.040247
0.148485,-0.035992,-0.038139
0.149817,-0.034941,-0.039310
0.153403,-0.035891,-0.040118
0.154080,-0.037500,-0.038629
0.153874,-0.036410,-0.040856
0.156083,-0.036829,-0.039216
0.156777,-0.035608,-0.038362
0.158500,-0.036878,-0.039598
0.160167,-0.034599,-0.039504
0.162528,-0.036455,-0.040375
0.162698,-0.036510,-0.041353
0.165201,-0.035344,-0.038485
0.166273,-0.036259,-0.039808
0.167562,-0.035893,-0.036904
0.168464,-0.035661,-0.039437
0.169807,-0.035427,-0.040256
0.172509,-0.037421,-0.040513
0.173007,-0.035588,-0.040745
0.175175,-0.036016,-0.041336
0.177573,-0.037436,-0.041872
0.177206,-0.034947,-0.041571
0.179748,-0.034989,-0.040764
0.180454,-0.035888,-0.044480
0.183846,-0.036274,-0.042711
0.184752,-0.037243,-0.044430
0.184661,-0.036825,-0.044454
0.187247,-0.034410,-0.045549
0.188153,-0.035733,-0.045489
0.189046,-0.038138,-0.049227
0.189406,-0.035813,-0.047542
0.191151,-0.036214,-0.050319
0.193896,-0.036203,-0.050054
0.193497,-0.035968,-0.052583
0.196880,-0.037223,-0.053708
0.197333,-0.035885,-0.055798
0.198288,-0.035801,-0.055115
0.201466,-0.038407,-0.057769
0.202749,-0.037522,-0.058561
0.203358,-0.037536,-0.060726
0.206079,-0.037387,-0.062550
0.206884,-0.036169,-0.065860
0.208048,-0.038127,-0.068471
0.210254,-0.038939,-0.071447
0.211970,-0.037627,-0.074775
0.215467,-0.036390,-0.078865
0.213521,-0.039235,-0.085023
0.218035,-0.039650,-0.090577
0.218387,-0.037842,-0.095286
0.219775,-0.041006,-0.099970
-0.099688,-0.036320,-0.063184
-0.096790,-0.036694,-0.053301
-0.096615,-0.034915,-0.043406
-0.093078,-0.035366,-0.040271
-0.090906,-0.033397,-0.034458
-0.091200,-0.035090,-0.031850
-0.086680,-0.032519,-0.029041
-0.086444,-0.035255,-0.023031
-0.085325,-0.032940,-0.018983
-0.082568,-0.034025,-0.019880
-0.082733,-0.032221,-0.018516
-0.081826,-0.034700,-0.014662
-0.081149,-0.033409,-0.013229
-0.077729,-0.033433,-0.011804
-0.077586,-0.032763,-0.011174
-0.075836,-0.033838,-0.007429
-0.072917,-0.031735,-0.007628
-0.072825,-0.033851,-0.006251
-0.070654,-0.031237,-0.001811
-0.069641,-0.032159,-0.001109
-0.068364,-0.032959,-0.001436
-0.064916,-0.033444,-0.000376
-0.063214,-0.031013,0.001612
-0.063354,-0.031612,0.002122
-0.061872,-0.032254,0.002522
-0.060233,-0.031990,0.003862
-0.059674,-0.032951,0.004368
-0.058635,-0.032859,0.003995
-0.055880,-0.030889,0.007080
-0.054299,-0.032329,0.006890
-0.054242,-0.032214,0.008281
-0.051353,-0.031420,0.004105
-0.051908,-0.032680,0.007018
-0.049668,-0.030464,0.007353
-0.048643,-0.030763,0.008411
-0.045701,-0.030998,0.008073
-0.044651,-0.030804,0.007477
-0.042986,-0.030734,0.007480
-0.041976,-0.030867,0.008410
-0.040346,-0.031778,0.008596
-0.040077,-0.031030,0.009271
-0.037988,-0.031135,0.007152
-0.037285,-0.031668,0.008788
-0.034368,-0.031806,0.010040
-0.033287,-0.031478,0.007481
-0.034874,-0.031300,0.007909
-0.030066,-0.031695,0.009454
-0.033100,-0.031957,0.008433
-0.029041,-0.030878,0.007812
-0.028221,-0.030732,0.007851
-0.025462,-0.030584,0.008351
-0.025817,-0.031253,0.007156
-0.023756,-0.031955,0.007072
-0.023628,-0.030478,0.006894
-0.021483,-0.031839,0.006437
-0.018225,-0.031657,0.007357
-0.016565,-0.030580,0.007316
-0.016696,-0.031266,0.005221
-0.015195,-0.031159,0.005460
-0.014752,-0.029562,0.005851
-0.012651,-0.032548,0.006191
-0.009880,-0.030607,0.004554
-0.009290,-0.032896,0.004169
-0.007125,-0.032924,0.002640
-0.007190,-0.030726,0.004664
-0.004942,-0.031583,0.005605
-0.003741,-0.033620,0.005278
-0.004004,-0.030652,0.003373
-0.001750,-0.032005,0.002857
-0.000776,-0.031258,0.004013
0.002292,-0.031676,0.004031
0.003116,-0.030712,0.002325
0.004301,-0.030862,0.003249
0.005542,-0.032529,0.001697
0.005611,-0.033431,0.003169
0.007176,-0.032571,0.001505
0.011203,-0.029372,-0.000402
0.013170,-0.032104,0.000779
0.012184,-0.032014,0.001767
0.015500,-0.031261,0.002266
0.014505,-0.030875,-0.001386
0.016415,-0.030704,-0.000243
0.019154,-0.029932,-0.000765
0.021002,-0.030361,-0.001316
0.021612,-0.032314,-0.001494
0.023444,-0.032595,-0.001055
0.024964,-0.031111,-0.001665
0.025778,-0.032193,-0.001457
0.025190,-0.030595,-0.000881
0.028694,-0.031095,-0.002182
0.029634,-0.031216,-0.001544
0.032311,-0.032203,-0.001578
0.031237,-0.033515,-0.002863
0.033936,-0.033239,-0.001475
0.035699,-0.031446,-0.004294
0.036448,-0.033198,-0.004397
0.036257,-0.030492,-0.002991
0.040186,-0.030295,-0.004725
0.040308,-0.030653,-0.002160
0.043363,-0.032285,-0.005743
0.043153,-0.030611,-0.006726
0.044898,-0.030688,-0.007287
0.044198,-0.032798,-0.007539
0.048056,-0.031843,-0.006156
0.049694,-0.032824,-0.005988
0.051722,-0.033650,-0.008377
0.053932,-0.032593,-0.007200
0.052576,-0.031836,-0.008744
0.055516,-0.032556,-0.008306
0.055901,-0.032226,-0.007897
0.057021,-0.031834,-0.007612
0.057586,-0.033432,-0.007758
0.061320,-0.032045,-0.007641
0.061003,-0.030478,-0.007424
0.064031,-0.032802,-0.007677
0.065486,-0.033441,-0.010587
0.065187,-0.033022,-0.008374
0.066777,-0.031974,-0.010461
0.066677,-0.032768,-0.011171
0.069071,-0.031873,-0.011078
0.069888,-0.031938,-0.010579
0.072945,-0.031230,-0.011586
0.073759,-0.032598,-0.011898
0.074754,-0.031598,-0.011591
0.075936,-0.031249,-0.011939
0.079379,-0.032619,-0.011397
0.080533,-0.034432,-0.013778
0.081868,-0.033241,-0.014410
0.082645,-0.033567,-0.014825
0.083671,-0.033107,-0.016233
0.085006,-0.034368,-0.017390
0.086754,-0.032652,-0.018009
0.088361,-0.031698,-0.020684
0.091365,-0.031906,-0.018680
0.091278,-0.031967,-0.019184
0.091922,-0.034740,-0.018309
0.093461,-0.032905,-0.023434
0.093993,-0.032743,-0.021767
0.096355,-0.032496,-0.024500
0.099021,-0.033810,-0.021950
0.098871,-0.034583,-0.026297
0.100833,-0.033215,-0.024696
0.103651,-0.033227,-0.027273
0.103713,-0.033134,-0.027738
0.106411,-0.034592,-0.027802
0.106458,-0.033349,-0.028099
0.106721,-0.034222,-0.029518
0.110540,-0.033910,-0.031457
0.110860,-0.034607,-0.034557
0.112570,-0.033758,-0.033111
0.115360,-0.033685,-0.032027
0.116384,-0.034589,-0.031941
0.114927,-0.034764,-0.036010
0.117044,-0.033451,-0.033565
0.120762,-0.033229,-0.035369
0.119716,-0.033904,-0.034933
0.122748,-0.034326,-0.035498
0.123154,-0.033243,-0.034390
0.124970,-0.033492,-0.035136
0.125006,-0.034204,-0.035008
0.127688,-0.033035,-0.034215
0.127611,-0.036106,-0.033977
0.131462,-0.033117,-0.036895
0.132351,-0.034585,-0.034557
0.133231,-0.034951,-0.035497
0.134302,-0.034086,-0.037748
0.134669,-0.033298,-0.036644
0.135894,-0.032927,-0.037857
0.140608,-0.033567,-0.036749
0.139289,-0.034612,-0.037889
0.143192,-0.035940,-0.038565
0.143907,-0.034361,-0.038690
0.145423,-0.033621,-0.038602
0.146299,-0.035292,-0.038382
0.148224,-0.034862,-0.038902
0.148642,-0.034533,-0.040020
0.148665,-0.034387,-0.038971
0.153266,-0.034593,-0.038593
0.152530,-0.033842,-0.039497
0.154199,-0.032635,-0.038916
0.157026,-0.033514,-0.041035
0.159336,-0.031868,-0.039089
0.157425,-0.035502,-0.037915
0.158924,-0.033905,-0.040159
0.162347,-0.035098,-0.038469
0.161607,-0.033407,-0.039366
0.164079,-0.034493,-0.038125
0.166665,-0.034042,-0.040548
0.166366,-0.033820,-0.040046
0.168733,-0.034349,-0.039640
0.170671,-0.035030,-0.039401
0.170546,-0.032644,-0.040226
0.172204,-0.033937,-0.040196
0.173778,-0.034192,-0.042392
0.177865,-0.035716,-0.040504
0.177333,-0.034873,-0.042785
0.179250,-0.034881,-0.043875
0.179800,-0.034094,-0.043913
0.182074,-0.034434,-0.044455
0.183063,-0.034854,-0.043453
0.184813,-0.032921,-0.042691
0.186872,-0.034584,-0.045758
0.186374,-0.035930,-0.046931
0.190508,-0.033970,-0.047666
0.190739,-0.035362,-0.047266
0.190760,-0.035279,-0.048203
0.191052,-0.034293,-0.051821
0.193358,-0.036583,-0.050410
0.196858,-0.036015,-0.053707
0.198486,-0.033851,-0.054929
0.200510,-0.033474,-0.055572
0.199848,-0.035484,-0.057737
0.201778,-0.036286,-0.058513
0.204516,-0.035021,-0.061236
0.206265,-0.032630,-0.064867
0.208235,-0.037127,-0.067000
0.207643,-0.035657,-0.068457
0.209089,-0.035359,-0.073053
0.210633,-0.036879,-0.075554
0.213106,-0.036105,-0.078938
0.214848,-0.037790,-0.086561
0.217043,-0.036485,-0.091809
0.220721,-0.037447,-0.097983
-0.098609,-0.033904,-0.063326
-0.097565,-0.033146,-0.051447
-0.094288,-0.033216,-0.044903
-0.092180,-0.032756,-0.038576
-0.091513,-0.033649,-0.035012
-0.089525,-0.030442,-0.031534
-0.087103,-0.031151,-0.028505
-0.087194,-0.030893,-0.022537
-0.082723,-0.031301,-0.019566
-0.085095,-0.032296,-0.018975
-0.083213,-0.031017,-0.015748
-0.080500,-0.030638,-0.014637
-0.078152,-0.031257,-0.013561
-0.077584,-0.031320,-0.011385
-0.076940,-0.029898,-0.008732
-0.074737,-0.030960,-0.008367
-0.073514,-0.032651,-0.006526
-0.072146,-0.029363,-0.006149
-0.069241,-0.032411,-0.003839
-0.068227,-0.030011,-0.001964
-0.066011,-0.028437,-0.001200
-0.065414,-0.029122,-0.000439
-0.065115,-0.029534,0.001145
-0.062665,-0.030929,-0.000068
-0.062411,-0.030956,0.003182
-0.061101,-0.028384,0.003313
-0.058368,-0.029562,0.005142
-0.058962,-0.029213,0.004363
-0.056722,-0.029890,0.004538
-0.054874,-0.029660,0.006955
-0.054880,-0.029714,0.008461
-0.053191,-0.029434,0.006741
-0.050768,-0.029241,0.008073
-0.050418,-0.030224,0.007755
-0.048200,-0.029664,0.007260
-0.047124,-0.031418,0.009035
-0.045713,-0.031401,0.008577
-0.044087,-0.029581,0.009251
-0.042761,-0.030757,0.006644
-0.040952,-0.029252,0.008860
-0.038259,-0.029346,0.008542
-0.038762,-0.030573,0.008277
-0.037668,-0.029828,0.009023
-0.037714,-0.031971,0.010134
-0.034817,-0.030422,0.007905
-0.033000,-0.031985,0.008791
-0.030112,-0.028538,0.008172
-0.031637,-0.030793,0.008214
-0.028375,-0.032318,0.008346
-0.024886,-0.030289,0.008629
-0.025182,-0.028750,0.008576
-0.024090,-0.029402,0.008676
-0.023019,-0.031323,0.007870
-0.022340,-0.029979,0.008804
-0.018464,-0.029908,0.007064
-0.020952,-0.030878,0.006483
-0.017042,-0.030043,0.007721
-0.016595,-0.028365,0.005634
-0.016198,-0.030657,0.005407
-0.011758,-0.029709,0.006768
-0.012136,-0.030428,0.005217
-0.011903,-0.031209,0.005115
-0.009531,-0.031124,0.005428
-0.006442,-0.029521,0.006396
-0.005199,-0.029487,0.005256
-0.007023,-0.029455,0.005344
-0.004412,-0.029980,0.004533
-0.002263,-0.029842,0.003289
-0.000681,-0.029878,0.006521
-0.000804,-0.030221,0.004784
0.001847,-0.029058,0.004468
0.002613,-0.031223,0.002923
0.004138,-0.031010,0.002458
0.007471,-0.031313,0.001867
0.004136,-0.030159,0.003709
0.009501,-0.031594,0.001492
0.008607,-0.031423,0.000837
0.009144,-0.028888,0.001141
0.011618,-0.029930,0.000717
0.014071,-0.031999,0.000752
0.015181,-0.030013,0.000182
0.017620,-0.031550,0.001685
0.018146,-0.031052,0.001575
0.021422,-0.030118,-0.000981
0.020761,-0.029632,0.000027
0.024136,-0.031936,-0.000918
0.023929,-0.028717,-0.000911
0.025807,-0.029555,-0.001338
0.025973,-0.031009,-0.001380
0.027666,-0.030095,-0.002094
0.030406,-0.030985,-0.002338
0.029515,-0.030999,-0.001506
0.031343,-0.030110,-0.000859
0.034346,-0.029833,-0.002537
0.034659,-0.030161,-0.003438
0.035509,-0.030361,-0.001525
0.037043,-0.031708,-0.003578
0.040136,-0.031722,-0.002463
0.039930,-0.030991,-0.003557
0.043386,-0.030960,-0.006095
0.043179,-0.030198,-0.003729
0.044857,-0.031025,-0.006951
0.046576,-0.030741,-0.004804
0.046785,-0.031885,-0.006341
0.047803,-0.030441,-0.006369
0.048322,-0.030371,-0.004830
0.049754,-0.031889,-0.007467
0.051490,-0.031540,-0.006897
0.053438,-0.030623,-0.006337
0.056603,-0.029115,-0.007271
0.055625,-0.030719,-0.004725
0.058811,-0.031370,-0.007025
0.061370,-0.030951,-0.005807
0.064441,-0.031055,-0.008040
0.060081,-0.030261,-0.006024
0.063363,-0.029922,-0.008380
0.066146,-0.030382,-0.007235
0.066441,-0.031229,-0.009949
0.068312,-0.030350,-0.009927
0.070173,-0.029883,-0.008547
0.072095,-0.029765,-0.008580
0.074020,-0.030919,-0.010196
0.074961,-0.030823,-0.010393
0.076168,-0.031299,-0.011057
0.077245,-0.029711,-0.012952
0.077481,-0.032615,-0.012242
0.080628,-0.031377,-0.013899
0.080421,-0.031594,-0.013354
0.081979,-0.030178,-0.014283
0.083863,-0.030965,-0.013728
0.085186,-0.031278,-0.016999
0.085782,-0.030281,-0.016841
0.087225,-0.033010,-0.016872
0.091546,-0.031490,-0.016143
0.089576,-0.031694,-0.020429
0.093241,-0.031696,-0.020056
0.093524,-0.031253,-0.019517
0.094815,-0.031928,-0.022036
0.095014,-0.032134,-0.022950
0.095521,-0.032054,-0.025067
0.099463,-0.032838,-0.023815
0.100962,-0.032209,-0.024390
0.102395,-0.033202,-0.027853
0.104456,-0.034662,-0.026259
0.104023,-0.032390,-0.026763
0.107660,-0.031834,-0.027926
0.106071,-0.031308,-0.028412
0.110124,-0.031311,-0.030433
0.111937,-0.029250,-0.031154
0.114310,-0.032958,-0.029151
0.113943,-0.030789,-0.032835
0.114792,-0.031478,-0.033358
0.115206,-0.032116,-0.032183
0.117967,-0.031656,-0.034796
0.119391,-0.033343,-0.033717
0.120066,-0.031476,-0.034294
0.123540,-0.033259,-0.033962
0.125023,-0.032309,-0.033839
0.125536,-0.031307,-0.035178
0.127184,-0.032520,-0.033092
0.128264,-0.032677,-0.035821
0.128872,-0.033007,-0.035652
0.133400,-0.033906,-0.033976
0.131756,-0.032357,-0.033104
0.132108,-0.033219,-0.035906
0.133704,-0.031893,-0.035129
0.136773,-0.031278,-0.035829
0.139086,-0.031556,-0.034322
0.137785,-0.032444,-0.036958
0.141879,-0.031309,-0.036063
0.141853,-0.031834,-0.038108
0.143298,-0.033581,-0.037635
0.145468,-0.032789,-0.039551
0.148203,-0.031790,-0.036280
0.147574,-0.032004,-0.039759
0.147635,-0.031348,-0.039968
0.152125,-0.033302,-0.041185
0.152892,-0.032006,-0.039868
0.155014,-0.031581,-0.039512
0.154174,-0.033499,-0.039538
0.154545,-0.032548,-0.039924
0.156839,-0.033798,-0.038137
0.158657,-0.031858,-0.039509
0.161096,-0.032807,-0.040206
0.164488,-0.034587,-0.038772
0.161406,-0.033063,-0.038137
0.163496,-0.031865,-0.039683
0.163722,-0.032364,-0.038126
0.165358,-0.033578,-0.040895
0.168030,-0.033068,-0.039789
0.170266,-0.032264,-0.039754
0.170917,-0.032272,-0.042561
0.173344,-0.032697,-0.041182
0.174571,-0.032557,-0.043648
0.175449,-0.033171,-0.042883
0.177450,-0.032589,-0.043429
0.179430,-0.033850,-0.043801
0.179835,-0.031539,-0.042346
0.181094,-0.033079,-0.044287
0.182625,-0.031616,-0.043412
0.185058,-0.033152,-0.045277
0.184125,-0.034441,-0.045746
0.185653,-0.033014,-0.045845
0.187387,-0.032673,-0.046739
0.187672,-0.033662,-0.047514
0.192220,-0.032934,-0.050641
0.192664,-0.032916,-0.052621
0.194834,-0.032029,-0.055087
0.196111,-0.032495,-0.054131
0.199146,-0.033901,-0.056905
0.198970,-0.032167,-0.057184
0.199176,-0.032920,-0.057886
0.199785,-0.033015,-0.057963
0.204769,-0.035035,-0.061814
0.203898,-0.034869,-0.062678
0.206223,-0.033703,-0.066639
0.208948,-0.034478,-0.071386
0.210664,-0.033503,-0.073524
0.211963,-0.033408,-0.076000
0.213260,-0.033511,-0.077864
0.216286,-0.034526,-0.087039
0.220660,-0.036480,-0.093662
0.218751,-0.035302,-0.098483
-0.098197,-0.034345,-0.062727
-0.095776,-0.032435,-0.053022
-0.095291,-0.031731,-0.044387
-0.092514,-0.031950,-0.039584
-0.092891,-0.030958,-0.034134
-0.090649,-0.031233,-0.031761
-0.088679,-0.031805,-0.027603
-0.087648,-0.029652,-0.023632
-0.085732,-0.029957,-0.019669
-0.083295,-0.030223,-0.019486
-0.082939,-0.029358,-0.014886
-0.081321,-0.027286,-0.014394
-0.078605,-0.029991,-0.011401
-0.078414,-0.028209,-0.011350
-0.076814,-0.027282,-0.009748
-0.073647,-0.030453,-0.008123
-0.073290,-0.028668,-0.007921
-0.072139,-0.028951,-0.004171
-0.069814,-0.027610,-0.004526
-0.071193,-0.028766,-0.002297
-0.066548,-0.027419,-0.002523
-0.064947,-0.028175,0.000159
-0.064850,-0.028844,0.001265
-0.063681,-0.027144,0.000541
-0.060914,-0.028448,0.002485
-0.061934,-0.028477,0.003898
-0.059480,-0.030172,0.002359
-0.056429,-0.029660,0.003919
-0.057441,-0.027487,0.006194
-0.054996,-0.029343,0.006748
-0.053415,-0.027996,0.009323
-0.051565,-0.027783,0.005516
-0.051532,-0.028505,0.006450
-0.049717,-0.029576,0.007925
-0.047550,-0.028244,0.009700
-0.046193,-0.027306,0.008885
-0.045247,-0.029173,0.008728
-0.044338,-0.026370,0.007474
-0.044537,-0.026538,0.011243
-0.041081,-0.028277,0.009301
-0.040824,-0.027881,0.009383
-0.039997,-0.029264,0.009479
-0.035515,-0.028610,0.010734
-0.036685,-0.028919,0.009405
-0.033763,-0.029008,0.009717
-0.032257,-0.027861,0.011056
-0.034281,-0.029220,0.009114
-0.031130,-0.029190,0.007376
-0.030454,-0.029770,0.009438
-0.027090,-0.028883,0.008612
-0.025835,-0.029646,0.007768
-0.024538,-0.028177,0.008325
-0.023325,-0.028236,0.005199
-0.021987,-0.028318,0.008390
-0.018829,-0.027378,0.006904
-0.019110,-0.028882,0.007119
-0.018018,-0.029220,0.006185
-0.017369,-0.028669,0.005462
-0.013625,-0.028825,0.005421
-0.015700,-0.028102,0.005140
-0.009325,-0.028319,0.006187
-0.010429,-0.028036,0.006499
-0.009001,-0.030956,0.004812
-0.008481,-0.030623,0.006018
-0.006919,-0.029157,0.005701
-0.003289,-0.028381,0.004720
-0.003338,-0.028147,0.004419
-0.001789,-0.028296,0.005177
-0.001219,-0.027993,0.003621
0.000492,-0.027947,0.005493
0.002545,-0.028324,0.005939
0.005978,-0.028123,0.002672
0.004313,-0.028736,0.001904
0.006660,-0.028852,0.003841
0.007443,-0.029295,0.003070
0.008230,-0.029036,0.002487
0.008898,-0.029029,0.004483
0.011030,-0.028385,0.001444
0.012837,-0.028363,-0.001097
0.014072,-0.028964,-0.000622
0.016539,-0.028702,0.000174
0.017231,-0.029441,0.000691
0.016914,-0.027987,0.000748
0.020339,-0.027334,-0.000319
0.019714,-0.028838,0.000132
0.021328,-0.029037,-0.000407
0.023066,-0.028893,0.000302
0.025683,-0.028749,-0.000450
0.028107,-0.029217,-0.001577
0.029703,-0.029320,-0.000751
0.028211,-0.028663,-0.001871
0.030725,-0.030332,-0.001460
0.032963,-0.028356,-0.002673
0.032613,-0.030715,-0.001692
0.034873,-0.028604,-0.001777
0.037061,-0.028699,-0.003841
0.038581,-0.028927,-0.002860
0.039641,-0.028329,-0.005357
0.039756,-0.028693,-0.003329
0.043113,-0.029698,-0.004732
0.042416,-0.029962,-0.003656
0.046179,-0.028005,-0.005143
0.045405,-0.027719,-0.005074
0.048731,-0.029774,-0.006272
0.050675,-0.030419,-0.005016
0.049492,-0.030667,-0.003585
0.053306,-0.028988,-0.004258
0.053599,-0.027297,-0.004472
0.055146,-0.027554,-0.007205
0.055035,-0.028876,-0.005901
0.055900,-0.029984,-0.006550
0.057573,-0.028787,-0.008092
0.060948,-0.027770,-0.005535
0.060943,-0.029111,-0.007162
0.063162,-0.029075,-0.006614
0.063592,-0.029072,-0.006814
0.066501,-0.027140,-0.007648
0.068279,-0.027643,-0.008797
0.069149,-0.028443,-0.008446
0.069832,-0.028841,-0.008280
0.070257,-0.029183,-0.009347
0.072613,-0.030794,-0.010175
0.073651,-0.029816,-0.011230
0.074283,-0.029876,-0.009719
0.076501,-0.030157,-0.009925
0.077245,-0.029195,-0.012722
0.080528,-0.028915,-0.011802
0.079599,-0.031204,-0.012636
0.083657,-0.029169,-0.013701
0.083741,-0.029401,-0.014850
0.083848,-0.030983,-0.016960
0.087327,-0.029099,-0.016114
0.087181,-0.030468,-0.016105
0.089378,-0.029555,-0.016775
0.091705,-0.030379,-0.016748
0.091927,-0.030313,-0.020706
0.095106,-0.028383,-0.019714
0.095510,-0.029539,-0.020631
0.095072,-0.028686,-0.021559
0.098483,-0.029480,-0.021954
0.099022,-0.030392,-0.023966
0.102311,-0.029696,-0.024542
0.102197,-0.028328,-0.025034
0.102204,-0.032218,-0.025443
0.105608,-0.028739,-0.027226
0.105660,-0.030713,-0.027811
0.106916,-0.027954,-0.026896
0.110377,-0.030957,-0.027401
0.112224,-0.030216,-0.029794
0.113269,-0.031651,-0.030344
0.112863,-0.032258,-0.031582
0.114317,-0.031836,-0.032708
0.115713,-0.030738,-0.032162
0.118244,-0.029433,-0.034608
0.119478,-0.029864,-0.033507
0.120365,-0.030511,-0.034047
0.122210,-0.030931,-0.034534
0.124035,-0.029990,-0.033994
0.125548,-0.033055,-0.033409
0.125418,-0.029657,-0.033445
0.128221,-0.029454,-0.034103
0.129312,-0.032137,-0.034566
0.130173,-0.032068,-0.033163
0.132428,-0.031075,-0.032562
0.132418,-0.032581,-0.034882
0.136345,-0.030519,-0.034774
0.136171,-0.032551,-0.035902
0.137723,-0.029927,-0.037342
0.139489,-0.030991,-0.036772
0.141478,-0.031256,-0.036820
0.142410,-0.031367,-0.037465
0.141759,-0.031294,-0.036639
0.145465,-0.031642,-0.036992
0.145672,-0.031110,-0.038306
0.146195,-0.031669,-0.037025
0.148213,-0.030956,-0.039912
0.150354,-0.030480,-0.039146
0.151011,-0.030611,-0.038145
0.152230,-0.030430,-0.040602
0.156116,-0.033089,-0.040637
0.156034,-0.030637,-0.040118
0.159316,-0.029623,-0.040447
0.158689,-0.031444,-0.038907
0.162788,-0.030573,-0.039874
0.163345,-0.030887,-0.039857
0.163482,-0.030437,-0.039529
0.167573,-0.030497,-0.039862
0.165096,-0.029356,-0.040851
0.166769,-0.030989,-0.041026
0.168899,-0.031401,-0.039448
0.170913,-0.031188,-0.042243
0.172219,-0.031431,-0.039940
0.173462,-0.031115,-0.039234
0.173767,-0.030147,-0.043122
0.174437,-0.030396,-0.043398
0.177562,-0.031090,-0.042735
0.179358,-0.032642,-0.041607
0.181034,-0.031902,-0.044994
0.180710,-0.031386,-0.044431
0.184084,-0.031402,-0.044108
0.184788,-0.032166,-0.046036
0.185410,-0.030557,-0.046557
0.187148,-0.032095,-0.045554
0.189407,-0.031588,-0.046354
0.189881,-0.030793,-0.049639
0.190853,-0.031365,-0.051403
0.192479,-0.031381,-0.052097
0.195875,-0.032049,-0.055011
0.197583,-0.032808,-0.055073
0.198609,-0.030514,-0.053877
0.199031,-0.033471,-0.055299
0.200478,-0.032425,-0.056587
0.200780,-0.030828,-0.060242
0.202670,-0.031464,-0.060881
0.207240,-0.033110,-0.064430
0.207518,-0.034066,-0.067442
0.208441,-0.033763,-0.070194
0.210664,-0.033140,-0.074589
0.211897,-0.032437,-0.076333
0.215071,-0.031516,-0.079957
0.215029,-0.033617,-0.090260
0.218490,-0.033044,-0.093288
0.220094,-0.035895,-0.101363
-0.096828,-0.031171,-0.061413
-0.097754,-0.028093,-0.053045
-0.094444,-0.029193,-0.044080
-0.093701,-0.029388,-0.038491
-0.090063,-0.029330,-0.033059
-0.088227,-0.030692,-0.032045
-0.088547,-0.029313,-0.027936
-0.086648,-0.029321,-0.023331
-0.084711,-0.028479,-0.019541
-0.082220,-0.028972,-0.017788
-0.081962,-0.027250,-0.016727
-0.079911,-0.028514,-0.014069
-0.080136,-0.027397,-0.013690
-0.079163,-0.026570,-0.011157
-0.074695,-0.026560,-0.009704
-0.074376,-0.027312,-0.007856
-0.073783,-0.027325,-0.004987
-0.073203,-0.027806,-0.005160
-0.070915,-0.026800,-0.003033
-0.069135,-0.026798,-0.001531
-0.066799,-0.026093,-0.000285
-0.065555,-0.026056,0.000948
-0.064275,-0.027344,0.002454
-0.062950,-0.026885,0.003146
-0.061250,-0.024460,0.001545
-0.060506,-0.026807,0.003537
-0.059319,-0.028665,0.004405
-0.056879,-0.025945,0.004542
-0.058198,-0.025782,0.004111
-0.055450,-0.027656,0.009024
-0.054688,-0.028366,0.006881
-0.050949,-0.026740,0.006698
-0.051626,-0.024519,0.007123
-0.048032,-0.027669,0.009617
-0.048472,-0.025117,0.008218
-0.046899,-0.027328,0.009231
-0.046225,-0.027225,0.009678
-0.044096,-0.026153,0.007886
-0.040866,-0.027667,0.010169
-0.041685,-0.026857,0.008076
-0.040343,-0.025606,0.008474
-0.038692,-0.027961,0.009132
-0.036385,-0.026575,0.010384
-0.037024,-0.025103,0.009116
-0.033684,-0.028631,0.010746
-0.033642,-0.025093,0.008893
-0.032331,-0.027658,0.008895
-0.029504,-0.026445,0.007822
-0.027911,-0.026731,0.007964
-0.027167,-0.028774,0.007190
-0.025609,-0.028927,0.007577
-0.025377,-0.027831,0.008117
-0.024257,-0.027486,0.007211
-0.022043,-0.028376,0.006877
-0.020289,-0.025882,0.008199
-0.020306,-0.025924,0.005922
-0.018079,-0.026769,0.005390
-0.016649,-0.028455,0.007424
-0.015566,-0.026980,0.005347
-0.013624,-0.025708,0.008743
-0.012761,-0.027204,0.006553
-0.009456,-0.027565,0.005524
-0.007919,-0.026410,0.006666
-0.007753,-0.027369,0.004551
-0.006322,-0.025568,0.005570
-0.006423,-0.027656,0.006319
-0.005462,-0.025810,0.005633
-0.003106,-0.026696,0.004584
-0.001567,-0.025604,0.004300
0.000964,-0.027047,0.006290
0.002227,-0.027765,0.004329
0.004612,-0.026360,0.006719
0.002014,-0.025795,0.002806
0.005087,-0.026603,0.002406
0.008489,-0.027007,0.003092
0.008226,-0.027881,0.001293
0.010115,-0.025968,0.003569
0.012589,-0.027012,0.001866
0.010206,-0.027157,0.001319
0.015551,-0.026798,0.000920
0.017050,-0.028169,0.000873
0.017604,-0.030257,-0.000104
0.017721,-0.028580,0.002460
0.019655,-0.026125,0.000671
0.021169,-0.026520,0.000031
0.022583,-0.027260,0.000807
0.021381,-0.027115,0.001451
0.025032,-0.025349,-0.001292
0.026369,-0.027776,0.000398
0.027975,-0.027825,-0.001041
0.027067,-0.028121,-0.000869
0.029800,-0.027263,-0.000451
0.032376,-0.027546,-0.000983
0.034400,-0.028139,-0.000470
0.034660,-0.028003,-0.003567
0.036937,-0.027790,-0.002180
0.037678,-0.027227,-0.002548
0.040523,-0.029208,-0.001769
0.039063,-0.025773,-0.002050
0.043389,-0.025491,-0.004565
0.042658,-0.027622,-0.002014
0.045385,-0.026648,-0.004452
0.046402,-0.025781,-0.003225
0.049314,-0.026495,-0.004503
0.048047,-0.026726,-0.005462
0.052782,-0.026583,-0.005274
0.051566,-0.027090,-0.004460
0.052678,-0.027325,-0.005323
0.053612,-0.026645,-0.006327
0.056313,-0.028935,-0.005248
0.055931,-0.027694,-0.006204
0.060028,-0.029021,-0.006236
0.059452,-0.027110,-0.005027
0.060074,-0.027221,-0.007177
0.064417,-0.028213,-0.006283
0.063692,-0.025944,-0.007075
0.065376,-0.027710,-0.006627
0.066907,-0.027463,-0.007973
0.065366,-0.027617,-0.005952
0.070192,-0.026529,-0.008963
0.069934,-0.028976,-0.009792
0.072637,-0.028187,-0.008775
0.074442,-0.026456,-0.011775
0.076091,-0.029408,-0.011607
0.077906,-0.027736,-0.011360
0.077327,-0.028772,-0.010277
0.079032,-0.028688,-0.012773
0.081651,-0.028744,-0.011923
0.082168,-0.026521,-0.012726
0.083649,-0.026306,-0.015498
0.084341,-0.029245,-0.014164
0.087870,-0.028555,-0.015053
0.087294,-0.026414,-0.015888
0.089332,-0.026940,-0.017794
0.088777,-0.027610,-0.016701
0.092686,-0.027142,-0.017121
0.093049,-0.027852,-0.019013
0.093739,-0.027532,-0.020533
0.096034,-0.029180,-0.020417
0.095767,-0.030848,-0.020926
0.098558,-0.028597,-0.023623
0.100927,-0.028216,-0.024738
0.099956,-0.029225,-0.026236
0.103254,-0.029193,-0.024776
0.104742,-0.028603,-0.026557
0.107471,-0.027584,-0.027798
0.108813,-0.028987,-0.027120
0.108110,-0.029775,-0.027253
0.109724,-0.027255,-0.027753
0.113893,-0.029490,-0.029713
0.113000,-0.028214,-0.029177
0.116475,-0.028448,-0.032894
0.115551,-0.030057,-0.033345
0.118284,-0.030338,-0.033150
0.120193,-0.029726,-0.032743
0.119955,-0.029696,-0.032868
0.121106,-0.028828,-0.033904
0.123864,-0.027631,-0.033578
0.124791,-0.028523,-0.032438
0.127950,-0.027450,-0.031567
0.126832,-0.031098,-0.033516
0.130954,-0.030211,-0.033577
0.129385,-0.028419,-0.034379
0.132064,-0.031650,-0.035304
0.133706,-0.028169,-0.035297
0.134666,-0.029737,-0.036130
0.137329,-0.028657,-0.034864
0.137439,-0.029700,-0.034532
0.138766,-0.028387,-0.036569
0.141109,-0.030100,-0.036745
0.142786,-0.027334,-0.035879
0.143185,-0.030028,-0.036096
0.142828,-0.028143,-0.036927
0.147032,-0.027312,-0.037298
0.145950,-0.029074,-0.037903
0.149975,-0.029417,-0.037630
0.150208,-0.029721,-0.038104
0.150593,-0.029617,-0.039118
0.154214,-0.030728,-0.037861
0.153802,-0.029231,-0.039174
0.155876,-0.029769,-0.040257
0.157463,-0.027890,-0.041054
0.158538,-0.029427,-0.038825
0.160148,-0.028155,-0.040488
0.162579,-0.029257,-0.038038
0.161494,-0.028272,-0.038040
0.164961,-0.029404,-0.040311
0.166930,-0.029759,-0.040311
0.166861,-0.029559,-0.041296
0.167820,-0.029608,-0.040898
0.172193,-0.029066,-0.040586
0.173094,-0.028533,-0.040425
0.172864,-0.030479,-0.041819
0.174120,-0.028688,-0.039852
0.174019,-0.029928,-0.043906
0.178900,-0.029257,-0.042086
0.180854,-0.028743,-0.042440
0.178445,-0.028315,-0.043922
0.183256,-0.029577,-0.044113
0.182758,-0.029208,-0.041818
0.183940,-0.030145,-0.044854
0.186171,-0.030193,-0.045868
0.188010,-0.028157,-0.046480
0.187884,-0.029730,-0.047830
0.190993,-0.029123,-0.049238
0.193607,-0.031069,-0.050135
0.193340,-0.029366,-0.052648
0.193120,-0.031011,-0.053530
0.197134,-0.029957,-0.053107
0.198616,-0.029125,-0.056161
0.199524,-0.030399,-0.058071
0.200232,-0.030881,-0.058057
0.202787,-0.030766,-0.057898
0.202259,-0.030490,-0.063315
0.205244,-0.032710,-0.066431
0.207180,-0.031239,-0.068299
0.206945,-0.030519,-0.071639
0.209055,-0.030601,-0.073890
0.210974,-0.032649,-0.077535
0.214716,-0.031977,-0.083000
0.215545,-0.032076,-0.090075
0.216605,-0.031150,-0.094663
0.217110,-0.031987,-0.101048
-0.100509,-0.028662,-0.065984
-0.096163,-0.028787,-0.053721
-0.095415,-0.028064,-0.045624
-0.094228,-0.028444,-0.039570
-0.090948,-0.027526,-0.035256
-0.090250,-0.029259,-0.032335
-0.088946,-0.025402,-0.026987
-0.085914,-0.027707,-0.023032
-0.087692,-0.027130,-0.019825
-0.082519,-0.025859,-0.018355
-0.082202,-0.027008,-0.016349
-0.080995,-0.027284,-0.017512
-0.080291,-0.025512,-0.012668
-0.078460,-0.025517,-0.010726
-0.076058,-0.025163,-0.008325
-0.076401,-0.027263,-0.008823
-0.071098,-0.026214,-0.003875
-0.070757,-0.023930,-0.004328
-0.071442,-0.025127,-0.003501
-0.069188,-0.024991,-0.002069
-0.069135,-0.023977,-0.000897
-0.066507,-0.024530,0.002059
-0.065358,-0.025202,0.001106
-0.064186,-0.024636,0.002613
-0.062649,-0.024459,0.002154
-0.061624,-0.024996,0.003128
-0.059704,-0.024452,0.004684
-0.057897,-0.025985,0.004569
-0.056329,-0.025884,0.006970
-0.055345,-0.024881,0.008206
-0.054879,-0.024730,0.007085
-0.052490,-0.026451,0.007121
-0.051909,-0.025285,0.008923
-0.049482,-0.024448,0.007661
-0.046959,-0.025622,0.008359
-0.045762,-0.026107,0.007934
-0.044917,-0.024288,0.009025
-0.043981,-0.023776,0.009780
-0.044841,-0.023301,0.009734
-0.043266,-0.026994,0.010397
-0.038889,-0.025468,0.010081
-0.039504,-0.025675,0.009609
-0.037800,-0.025632,0.008607
-0.034269,-0.024631,0.010976
-0.034655,-0.025582,0.008736
-0.032955,-0.026618,0.008776
-0.030864,-0.026843,0.009521
-0.028837,-0.024582,0.007666
-0.028900,-0.026774,0.008530
-0.029294,-0.024475,0.008351
-0.023890,-0.025984,0.008390
-0.025382,-0.023551,0.006304
-0.024375,-0.025560,0.006702
-0.022781,-0.025599,0.007365
-0.022517,-0.025821,0.006772
-0.017046,-0.025664,0.007199
-0.015728,-0.025540,0.009158
-0.016621,-0.025177,0.006664
-0.014812,-0.025828,0.005855
-0.012735,-0.023833,0.007160
-0.011091,-0.026231,0.006912
-0.010611,-0.024735,0.006368
-0.008749,-0.026413,0.006002
-0.007789,-0.025141,0.005324
-0.007345,-0.025062,0.006591
-0.004960,-0.026491,0.005279
-0.005169,-0.023742,0.005789
-0.003468,-0.025215,0.004847
0.000483,-0.025017,0.004749
-0.000123,-0.026334,0.005393
0.003092,-0.023653,0.005268
0.004518,-0.024883,0.002590
0.006246,-0.024560,0.003408
0.006329,-0.024085,0.004611
0.006689,-0.025795,0.002832
0.006895,-0.024352,0.004937
0.012468,-0.025640,0.002489
0.012185,-0.026600,0.003962
0.013019,-0.025421,0.001469
0.013717,-0.024810,0.001695
0.015133,-0.025686,0.000485
0.015605,-0.024972,0.001047
0.018853,-0.026365,0.000749
0.018996,-0.026397,0.000868
0.021591,-0.026222,-0.000369
0.023942,-0.024821,0.000700
0.022959,-0.025705,0.001601
0.027561,-0.024818,-0.000003
0.027142,-0.027171,0.000989
0.027937,-0.025805,-0.000807
0.030785,-0.025671,-0.000083
0.029652,-0.025480,0.000591
0.032076,-0.027133,-0.000112
0.032565,-0.025687,-0.001859
0.035485,-0.025159,-0.001916
0.037685,-0.026401,-0.002088
0.037401,-0.025464,-0.003275
0.039582,-0.026091,-0.002687
0.039181,-0.025551,-0.003175
0.040572,-0.025468,-0.003955
0.040994,-0.026400,-0.003500
0.045496,-0.027159,-0.003888
0.047323,-0.026284,-0.001877
0.047665,-0.026276,-0.004605
0.048028,-0.024396,-0.003972
0.051077,-0.026525,-0.004293
0.052486,-0.025601,-0.003677
0.053161,-0.026495,-0.003776
0.056365,-0.025771,-0.004670
0.055124,-0.026904,-0.003773
0.055994,-0.026118,-0.003911
0.059554,-0.026296,-0.006136
0.059872,-0.026562,-0.004824
0.060841,-0.027335,-0.006207
0.063250,-0.026520,-0.004098
0.062854,-0.024715,-0.007205
0.064530,-0.023831,-0.007134
0.066151,-0.025139,-0.004521
0.067548,-0.026101,-0.006358
0.070599,-0.025285,-0.007295
0.070469,-0.026276,-0.006553
0.074008,-0.026059,-0.007973
0.074148,-0.023212,-0.010737
0.075954,-0.025621,-0.010484
0.077200,-0.026613,-0.008970
0.077477,-0.025963,-0.010647
0.079133,-0.027948,-0.011457
0.080397,-0.024850,-0.010998
0.082048,-0.027471,-0.012296
0.083587,-0.026687,-0.013155
0.085003,-0.027181,-0.012148
0.086884,-0.027271,-0.015118
0.088515,-0.027754,-0.015470
0.089697,-0.024860,-0.015884
0.091080,-0.025946,-0.016232
0.090918,-0.024392,-0.017773
0.093829,-0.026088,-0.019989
0.094140,-0.027254,-0.021384
0.096288,-0.027948,-0.020593
0.097928,-0.026127,-0.022287
0.099533,-0.025493,-0.021418
0.100708,-0.026385,-0.025283
0.102684,-0.026426,-0.025322
0.104311,-0.026967,-0.022770
0.103157,-0.027967,-0.025370
0.106886,-0.027002,-0.024907
0.108834,-0.027581,-0.025454
0.109759,-0.026118,-0.026802
0.111476,-0.026796,-0.030458
0.110998,-0.027003,-0.028342
0.114960,-0.028632,-0.029452
0.114613,-0.026898,-0.028723
0.117516,-0.027754,-0.031315
0.117637,-0.027262,-0.034206
0.119166,-0.025683,-0.032419
0.119768,-0.028027,-0.033018
0.121424,-0.028895,-0.031830
0.124426,-0.027674,-0.032077
0.122944,-0.027847,-0.031122
0.126435,-0.028462,-0.034181
0.126556,-0.026103,-0.034514
0.129036,-0.027264,-0.035471
0.129290,-0.026692,-0.032477
0.131975,-0.028031,-0.034518
0.133599,-0.027554,-0.034447
0.134599,-0.027589,-0.034625
0.135346,-0.028724,-0.036046
0.139518,-0.028448,-0.035359
0.139890,-0.028208,-0.034639
0.140123,-0.028463,-0.035496
0.141385,-0.027030,-0.034205
0.142612,-0.027588,-0.036684
0.145291,-0.027994,-0.037406
0.146088,-0.026101,-0.037874
0.147783,-0.029420,-0.037865
0.149199,-0.028411,-0.038389
0.149948,-0.028742,-0.039369
0.151374,-0.027185,-0.036962
0.154304,-0.027625,-0.040034
0.155093,-0.026934,-0.040089
0.157280,-0.027750,-0.040391
0.158374,-0.029409,-0.040156
0.157646,-0.027738,-0.040956
0.162414,-0.028879,-0.041483
0.161854,-0.026200,-0.039825
0.162383,-0.028495,-0.039936
0.163956,-0.027801,-0.039274
0.166406,-0.028298,-0.040716
0.167687,-0.027127,-0.039398
0.168107,-0.028874,-0.041288
0.171074,-0.027109,-0.039852
0.170603,-0.026320,-0.041802
0.172307,-0.029141,-0.040592
0.174435,-0.027408,-0.042732
0.176181,-0.028656,-0.041997
0.176027,-0.027969,-0.042756
0.180164,-0.027925,-0.042451
0.181028,-0.028072,-0.043885
0.180072,-0.027529,-0.044515
0.182665,-0.029312,-0.044540
0.184956,-0.027006,-0.044711
0.186371,-0.028526,-0.047638
0.187600,-0.027726,-0.048807
0.189230,-0.028993,-0.049532
0.189051,-0.028991,-0.049386
0.192080,-0.026648,-0.050607
0.193741,-0.029691,-0.050286
0.195940,-0.029865,-0.053165
0.195824,-0.029195,-0.055624
0.199347,-0.029051,-0.055744
0.200182,-0.028392,-0.056659
0.200257,-0.029793,-0.058458
0.201432,-0.030882,-0.058959
0.203687,-0.029467,-0.062893
0.207794,-0.028096,-0.064348
0.206783,-0.029621,-0.068696
0.207296,-0.029779,-0.071488
0.208459,-0.030499,-0.075495
0.211231,-0.030030,-0.078728
0.215476,-0.029981,-0.083577
0.216919,-0.029932,-0.091439
0.219154,-0.031461,-0.097901
-0.097410,-0.027692,-0.054003
-0.094221,-0.026732,-0.045223
-0.094094,-0.025378,-0.040032
-0.090939,-0.026692,-0.032902
-0.090068,-0.024491,-0.030279
-0.086266,-0.023464,-0.027104
-0.086383,-0.025111,-0.022373
-0.082799,-0.023948,-0.019126
-0.083657,-0.023952,-0.018807
-0.083180,-0.023301,-0.016822
-0.082459,-0.025406,-0.013624
-0.080567,-0.024282,-0.013130
-0.076596,-0.024294,-0.011169
-0.075208,-0.024368,-0.008792
-0.074691,-0.024928,-0.007663
-0.073001,-0.023848,-0.004049
-0.070322,-0.025300,-0.002664
-0.072345,-0.024046,-0.003421
-0.069625,-0.023895,-0.001495
-0.067235,-0.022741,-0.001008
-0.066106,-0.024498,0.000320
-0.064190,-0.023822,0.000820
-0.063833,-0.025550,0.000974
-0.061436,-0.024791,0.002599
-0.060039,-0.024224,0.003708
-0.059015,-0.022780,0.005199
-0.058084,-0.024117,0.004681
-0.057400,-0.024472,0.008350
-0.054692,-0.024281,0.007844
-0.054189,-0.023500,0.007439
-0.051834,-0.024786,0.008485
-0.051629,-0.022123,0.007691
-0.050679,-0.024128,0.006367
-0.046222,-0.023545,0.008337
-0.046811,-0.024572,0.009853
-0.045965,-0.023150,0.009314
-0.041865,-0.024419,0.011219
-0.042779,-0.023257,0.011380
-0.041471,-0.023531,0.009484
-0.038190,-0.022948,0.009247
-0.037104,-0.023163,0.009152
-0.036332,-0.022264,0.011166
-0.034584,-0.024577,0.007973
-0.034161,-0.024060,0.009040
-0.032988,-0.024645,0.008819
-0.032395,-0.023599,0.008809
-0.029337,-0.024421,0.008948
-0.030459,-0.024024,0.009805
-0.026604,-0.024057,0.007730
-0.024963,-0.024321,0.009929
-0.024535,-0.022741,0.009165
-0.023879,-0.023346,0.007873
-0.020719,-0.023818,0.010240
-0.020922,-0.022270,0.006872
-0.018490,-0.023420,0.008429
-0.016378,-0.024397,0.006841
-0.015018,-0.023483,0.007083
-0.013846,-0.023994,0.007598
-0.014567,-0.023678,0.007124
-0.012209,-0.022405,0.006634
-0.010237,-0.022431,0.006509
-0.010061,-0.022125,0.007343
-0.010142,-0.023989,0.008306
-0.007251,-0.024785,0.005887
-0.004157,-0.023886,0.006841
-0.004684,-0.024211,0.006381
-0.001874,-0.022389,0.005891
-0.001943,-0.024892,0.003180
-0.000752,-0.024704,0.005439
0.001825,-0.023423,0.005093
0.004624,-0.023117,0.004924
0.005313,-0.023441,0.004607
0.006323,-0.022898,0.003008
0.007487,-0.023728,0.003354
0.008222,-0.022292,0.004753
0.010492,-0.025181,0.004601
0.011713,-0.024400,0.001858
0.013747,-0.024499,0.003491
0.011406,-0.024176,0.002977
0.017330,-0.023582,0.001149
0.016381,-0.024232,0.002355
0.019051,-0.022177,0.002411
0.018506,-0.024016,0.003283
0.019938,-0.024395,0.001421
0.022946,-0.023958,0.000998
0.024826,-0.025479,0.001752
0.026127,-0.023264,-0.000251
0.025943,-0.023181,0.002150
0.028828,-0.023772,0.000993
0.029299,-0.023957,0.000375
0.030980,-0.024383,0.000775
0.032397,-0.024307,0.000263
0.034193,-0.024100,-0.000978
0.035215,-0.024268,-0.000463
0.038587,-0.025884,-0.003314
0.038065,-0.023115,-0.001648
0.038580,-0.022626,-0.000692
0.039420,-0.023557,-0.002220
0.040938,-0.024834,-0.002069
0.043615,-0.024076,-0.002155
0.045503,-0.024957,-0.001148
0.045041,-0.023135,-0.002080
0.044938,-0.023041,-0.001824
0.049601,-0.024208,-0.001533
0.050115,-0.024889,-0.003396
0.052946,-0.024997,-0.002626
0.053187,-0.023818,-0.003614
0.055738,-0.024310,-0.002923
0.055987,-0.024729,-0.003347
0.056276,-0.026087,-0.004599
0.058744,-0.025975,-0.002571
0.061209,-0.025043,-0.004916
0.061649,-0.022924,-0.005620
0.062216,-0.023743,-0.003285
0.063854,-0.023345,-0.006341
0.065236,-0.024365,-0.007346
0.066556,-0.027078,-0.005092
0.067464,-0.024158,-0.007893
0.069075,-0.025014,-0.008208
0.068952,-0.024770,-0.008100
0.072185,-0.025782,-0.008860
0.074582,-0.024304,-0.007500
0.074542,-0.024480,-0.008761
0.077861,-0.023747,-0.010176
0.079051,-0.024235,-0.009341
0.078111,-0.026540,-0.011406
0.080983,-0.024655,-0.010337
0.082748,-0.024552,-0.013067
0.083632,-0.024018,-0.010966
0.083995,-0.021819,-0.012257
0.088271,-0.024930,-0.012846
0.089158,-0.026509,-0.015489
0.088337,-0.024096,-0.014263
0.088798,-0.023075,-0.015558
0.090509,-0.024465,-0.016667
0.090459,-0.023398,-0.019160
0.094942,-0.028276,-0.018947
0.095412,-0.025404,-0.017748
0.097166,-0.025525,-0.021291
0.100382,-0.026311,-0.021331
0.102450,-0.024778,-0.023077
0.102720,-0.025765,-0.023819
0.102897,-0.025300,-0.024672
0.105784,-0.025443,-0.025578
0.106548,-0.025438,-0.023733
0.105366,-0.027077,-0.027488
0.109103,-0.025124,-0.026699
0.109283,-0.025616,-0.027381
0.111743,-0.025762,-0.027920
0.113570,-0.025204,-0.028734
0.116285,-0.024056,-0.027823
0.116704,-0.025787,-0.029360
0.117618,-0.025699,-0.031528
0.117458,-0.026128,-0.032599
0.119741,-0.023820,-0.032661
0.121062,-0.025413,-0.032727
0.124348,-0.026751,-0.032675
0.125215,-0.027432,-0.034084
0.126395,-0.025061,-0.032083
0.126946,-0.025443,-0.032278
0.128593,-0.029086,-0.032127
0.129939,-0.025990,-0.034948
0.132489,-0.027269,-0.034701
0.132240,-0.024919,-0.034240
0.135011,-0.027425,-0.033208
0.135366,-0.026123,-0.033636
0.136391,-0.023804,-0.035172
0.139692,-0.026341,-0.035983
0.141678,-0.026559,-0.034618
0.142750,-0.026733,-0.035110
0.143289,-0.026037,-0.038409
0.144086,-0.025453,-0.036254
0.145523,-0.024975,-0.035682
0.149791,-0.025720,-0.037105
0.148642,-0.025889,-0.039463
0.150638,-0.025888,-0.039373
0.153117,-0.025108,-0.040478
0.152247,-0.026038,-0.038221
0.154560,-0.025508,-0.037753
0.156403,-0.024610,-0.040992
0.157877,-0.025988,-0.039669
0.158930,-0.026873,-0.037984
0.160954,-0.026510,-0.039703
0.161886,-0.026359,-0.039352
0.162349,-0.026509,-0.039510
0.164129,-0.025741,-0.039512
0.167131,-0.026898,-0.038442
0.167221,-0.027168,-0.041507
0.168377,-0.027387,-0.039221
0.169792,-0.026248,-0.040745
0.171016,-0.026161,-0.043439
0.173708,-0.026884,-0.039544
0.175215,-0.026803,-0.042062
0.175618,-0.024474,-0.039540
0.178631,-0.025686,-0.043042
0.179463,-0.027351,-0.044077
0.179013,-0.025910,-0.043084
0.181883,-0.024435,-0.044124
0.182401,-0.025674,-0.044469
0.182165,-0.026294,-0.044365
0.183210,-0.026840,-0.046818
0.187138,-0.027304,-0.047167
0.190223,-0.028287,-0.048492
0.189068,-0.027050,-0.050456
0.191346,-0.025814,-0.051258
0.192787,-0.027258,-0.051391
0.195508,-0.025907,-0.052785
0.195919,-0.027919,-0.054683
0.198741,-0.027678,-0.057188
0.200636,-0.026067,-0.055997
0.203031,-0.027591,-0.059910
0.203432,-0.027402,-0.060890
0.204345,-0.028160,-0.064742
0.207176,-0.027366,-0.067734
0.207556,-0.027754,-0.069500
0.207558,-0.028349,-0.072992
0.210092,-0.027309,-0.074674
0.209731,-0.028804,-0.080002
0.212825,-0.028542,-0.084685
0.215329,-0.026449,-0.093557
0.219164,-0.029776,-0.099196
-0.097037,-0.024917,-0.051983
-0.096014,-0.025291,-0.043547
-0.093030,-0.023831,-0.037213
-0.091775,-0.023826,-0.033710
-0.090571,-0.025153,-0.030071
-0.088823,-0.024303,-0.027223
-0.085981,-0.024577,-0.022699
-0.084678,-0.022595,-0.017771
-0.082000,-0.023755,-0.017248
-0.082357,-0.022318,-0.014935
-0.081233,-0.023178,-0.012724
-0.080147,-0.023867,-0.012261
-0.077737,-0.023900,-0.011654
-0.076995,-0.023370,-0.008547
-0.074919,-0.021678,-0.007748
-0.073342,-0.021631,-0.005393
-0.071625,-0.023243,-0.001894
-0.070517,-0.022710,-0.002969
-0.068683,-0.023257,-0.002018
-0.068176,-0.023236,-0.003085
-0.065989,-0.022029,0.000780
-0.065161,-0.023340,0.000546
-0.064948,-0.023118,0.001200
-0.061009,-0.022836,0.003558
-0.060920,-0.022407,0.004724
-0.059262,-0.022198,0.004393
-0.059477,-0.022685,0.006666
-0.057090,-0.021596,0.006087
-0.055619,-0.021763,0.009009
-0.054198,-0.021688,0.007450
-0.052385,-0.020950,0.009177
-0.051479,-0.018486,0.007709
-0.051186,-0.021039,0.006638
-0.048157,-0.021248,0.008783
-0.046972,-0.020874,0.008049
-0.045061,-0.022693,0.008352
-0.043631,-0.021836,0.010826
-0.040474,-0.019205,0.008654
-0.041346,-0.021441,0.009180
-0.039104,-0.021821,0.010077
-0.036838,-0.022332,0.009951
-0.035760,-0.021938,0.011404
-0.037263,-0.022579,0.009494
-0.033301,-0.022055,0.009164
-0.032994,-0.021358,0.010486
-0.031397,-0.020896,0.009280
-0.030070,-0.022502,0.009940
-0.027726,-0.021679,0.009824
-0.029420,-0.021728,0.009465
-0.026420,-0.020435,0.005736
-0.022135,-0.022755,0.010470
-0.022645,-0.022010,0.006546
-0.023399,-0.020363,0.007516
-0.020027,-0.021366,0.005855
-0.018179,-0.021564,0.006250
-0.019483,-0.020740,0.007019
-0.017509,-0.022088,0.007455
-0.013917,-0.023116,0.008667
-0.013803,-0.022817,0.005529
-0.012881,-0.021678,0.006512
-0.010847,-0.020674,0.004731
-0.010036,-0.023116,0.007520
-0.008078,-0.021478,0.007557
-0.005875,-0.021470,0.006459
-0.004894,-0.021443,0.006409
-0.004578,-0.021503,0.006791
-0.002260,-0.022552,0.006823
-0.000569,-0.022541,0.005499
0.001768,-0.022682,0.005004
0.001857,-0.021729,0.005639
0.003359,-0.021661,0.004641
0.005711,-0.023052,0.006291
0.007171,-0.019780,0.003889
0.007336,-0.025622,0.004510
0.007734,-0.021786,0.003922
0.009108,-0.020888,0.003975
0.012061,-0.019331,0.002689
0.013736,-0.021446,0.002623
0.014691,-0.021062,0.002669
0.017532,-0.023409,0.003854
0.017343,-0.021017,0.003674
0.019071,-0.021311,0.002382
0.020457,-0.024478,0.001798
0.020661,-0.021644,0.002393
0.021698,-0.022740,0.001085
0.024324,-0.021129,0.002259
0.026717,-0.022399,0.000923
0.026281,-0.022615,0.001387
0.028310,-0.021801,0.001816
0.029001,-0.021676,0.001062
0.031450,-0.020888,0.000912
0.032795,-0.021681,0.000691
0.035262,-0.023000,0.001667
0.034768,-0.022076,-0.001131
0.034798,-0.022575,-0.000807
0.038981,-0.021134,-0.000584
0.039099,-0.021959,-0.001555
0.041843,-0.021066,-0.000804
0.041701,-0.021618,-0.002312
0.041908,-0.022130,-0.001156
0.044519,-0.021706,-0.003062
0.044752,-0.022085,-0.002994
0.045961,-0.024198,-0.004007
0.048391,-0.020654,-0.002428
0.049696,-0.021331,-0.004359
0.051000,-0.021977,-0.002707
0.052959,-0.022708,-0.005379
0.054803,-0.022171,-0.003872
0.055697,-0.023378,-0.003638
0.057138,-0.022896,-0.002554
0.058285,-0.022465,-0.003474
0.059283,-0.022196,-0.005465
0.061205,-0.022550,-0.003234
0.062040,-0.022966,-0.004573
0.064498,-0.023752,-0.005486
0.066878,-0.020652,-0.006636
0.066921,-0.024679,-0.005552
0.067172,-0.021859,-0.005191
0.068369,-0.022876,-0.005601
0.070854,-0.022586,-0.006592
0.073345,-0.021284,-0.007621
0.073908,-0.023347,-0.007063
0.074066,-0.024409,-0.009764
0.075748,-0.024328,-0.010009
0.078210,-0.023499,-0.008901
0.079492,-0.020877,-0.009908
0.081675,-0.021448,-0.011270
0.083088,-0.023372,-0.013455
0.084348,-0.022143,-0.010739
0.086500,-0.022723,-0.012958
0.086449,-0.023433,-0.012672
0.088551,-0.025780,-0.013778
0.089012,-0.022056,-0.014590
0.091949,-0.024076,-0.016443
0.094037,-0.022549,-0.017265
0.093085,-0.022219,-0.017274
0.094560,-0.022870,-0.019116
0.095851,-0.022033,-0.020284
0.097227,-0.023012,-0.020757
0.100332,-0.022914,-0.021369
0.099944,-0.024050,-0.023417
0.101624,-0.021776,-0.023451
0.102826,-0.023702,-0.024224
0.105737,-0.024124,-0.022693
0.106812,-0.025363,-0.026254
0.108026,-0.024410,-0.023625
0.108586,-0.022883,-0.024404
0.111178,-0.024097,-0.028695
0.113143,-0.024297,-0.027861
0.113448,-0.024320,-0.027684
0.114848,-0.024091,-0.027652
0.116008,-0.023922,-0.029310
0.118968,-0.021604,-0.030227
0.119293,-0.023750,-0.030937
0.119078,-0.022757,-0.033468
0.122736,-0.024114,-0.031679
0.122784,-0.022481,-0.031791
0.123333,-0.024880,-0.032272
0.126870,-0.025098,-0.032693
0.126882,-0.024320,-0.034311
0.127911,-0.023895,-0.032522
0.130319,-0.024073,-0.033541
0.132563,-0.023819,-0.032073
0.133203,-0.024825,-0.033361
0.135626,-0.023831,-0.034272
0.137818,-0.023464,-0.034285
0.136985,-0.023063,-0.033401
0.136758,-0.023479,-0.034321
0.139713,-0.024210,-0.035050
0.141082,-0.024901,-0.034479
0.143414,-0.025843,-0.035546
0.145394,-0.024465,-0.035086
0.146831,-0.023562,-0.036166
0.148448,-0.024060,-0.037141
0.150369,-0.023566,-0.037569
0.149412,-0.023647,-0.038533
0.152732,-0.026357,-0.039609
0.151910,-0.024961,-0.038386
0.154476,-0.023365,-0.039334
0.155646,-0.023723,-0.039064
0.157326,-0.023172,-0.039607
0.158643,-0.024413,-0.039571
0.161333,-0.025048,-0.039773
0.161126,-0.024428,-0.037889
0.163555,-0.022530,-0.037399
0.164594,-0.023092,-0.039963
0.166233,-0.024864,-0.038358
0.166528,-0.023576,-0.040046
0.168158,-0.024917,-0.040352
0.171914,-0.024909,-0.040270
0.171911,-0.024554,-0.040692
0.172348,-0.024442,-0.041162
0.173667,-0.025688,-0.042543
0.176452,-0.024834,-0.041375
0.178302,-0.024836,-0.042506
0.179395,-0.024385,-0.042911
0.181048,-0.022381,-0.043738
0.181265,-0.024246,-0.045345
0.184433,-0.024864,-0.042994
0.185361,-0.025195,-0.045565
0.185302,-0.026510,-0.046113
0.188644,-0.025884,-0.047283
0.190424,-0.025253,-0.049005
0.190372,-0.025218,-0.050411
0.192703,-0.026314,-0.050591
0.192580,-0.025994,-0.051884
0.195584,-0.027645,-0.053815
0.197192,-0.025013,-0.054674
0.197015,-0.025405,-0.056391
0.198952,-0.024778,-0.058531
0.202211,-0.023695,-0.059927
0.202151,-0.026334,-0.063699
0.205346,-0.024844,-0.063682
0.206715,-0.026758,-0.065913
0.208121,-0.025756,-0.070126
0.208204,-0.025979,-0.072367
0.211857,-0.025194,-0.075620
0.211245,-0.027841,-0.080046
0.213388,-0.027226,-0.088037
0.214629,-0.026067,-0.093350
0.217718,-0.028417,-0.100289
-0.095954,-0.023669,-0.051437
-0.095309,-0.023753,-0.043328
-0.091662,-0.021292,-0.037171
-0.091288,-0.021441,-0.034072
-0.091490,-0.022350,-0.031908
-0.089707,-0.021388,-0.024831
-0.087630,-0.022290,-0.023561
-0.085484,-0.020872,-0.019040
-0.085360,-0.021785,-0.016721
-0.081712,-0.022365,-0.016390
-0.080770,-0.023198,-0.013133
-0.078546,-0.020114,-0.012053
-0.077959,-0.021136,-0.009253
-0.075861,-0.022138,-0.006487
-0.074577,-0.020566,-0.006755
-0.075684,-0.020583,-0.004962
-0.071962,-0.020318,-0.003544
-0.070910,-0.020704,-0.002262
-0.068986,-0.020446,-0.001694
-0.068011,-0.021678,0.001382
-0.068430,-0.020183,0.001064
-0.064768,-0.019671,0.001322
-0.064540,-0.021405,0.002068
-0.061343,-0.019056,0.002980
-0.059164,-0.020805,0.005402
-0.059445,-0.020145,0.007008
-0.059126,-0.020185,0.006880
-0.056259,-0.022764,0.006358
-0.056607,-0.020991,0.008116
-0.051948,-0.022975,0.009256
-0.053428,-0.020282,0.007625
-0.050616,-0.020951,0.008254
-0.048551,-0.020792,0.006277
-0.047130,-0.019608,0.008411
-0.049258,-0.021542,0.007301
-0.044146,-0.020043,0.008938
-0.044016,-0.019928,0.008994
-0.042813,-0.019879,0.007875
-0.041126,-0.021337,0.008412
-0.040398,-0.021017,0.010609
-0.037810,-0.020605,0.010372
-0.035400,-0.021903,0.009608
-0.035747,-0.020509,0.010097
-0.032523,-0.018614,0.011167
-0.032721,-0.020049,0.008729
-0.030815,-0.021149,0.009267
-0.029100,-0.019986,0.009294
-0.027142,-0.019828,0.008021
-0.026426,-0.020202,0.010111
-0.027512,-0.021059,0.008172
-0.025006,-0.018483,0.007452
-0.023288,-0.021563,0.008056
-0.022024,-0.019751,0.007697
-0.019253,-0.019290,0.009265
-0.018815,-0.020093,0.007876
-0.016742,-0.020776,0.007835
-0.016130,-0.020634,0.007461
-0.013608,-0.019440,0.007660
-0.012956,-0.019711,0.007908
-0.012383,-0.020311,0.007236
-0.010819,-0.022056,0.007792
-0.008934,-0.019484,0.006170
-0.007607,-0.019403,0.007297
-0.005982,-0.019757,0.005255
-0.005413,-0.019080,0.007751
-0.004917,-0.020422,0.006345
-0.002304,-0.021001,0.008929
-0.000108,-0.022436,0.007050
-0.000542,-0.021767,0.005156
0.001606,-0.019711,0.008147
0.004343,-0.019038,0.004588
0.003656,-0.020415,0.004677
0.006570,-0.020426,0.005194
0.006854,-0.019825,0.005258
0.008286,-0.019740,0.003976
0.010773,-0.021529,0.003038
0.011552,-0.019626,0.005927
0.012763,-0.020737,0.002697
0.013095,-0.020949,0.003341
0.015344,-0.021361,0.003918
0.018359,-0.021284,0.004183
0.016740,-0.020609,0.002650
0.020414,-0.022219,0.002476
0.023181,-0.021960,0.002595
0.022573,-0.021016,0.002450
0.023560,-0.021367,0.002643
0.024131,-0.020842,0.000938
0.025201,-0.019544,0.002025
0.027945,-0.021339,0.002240
0.029164,-0.020035,0.001380
0.030930,-0.021422,0.000734
0.031458,-0.022347,0.002537
0.031942,-0.021229,0.001250
0.035403,-0.020044,0.001182
0.036675,-0.019618,-0.000566
0.036789,-0.019464,-0.000370
0.038883,-0.021259,0.001354
0.040173,-0.020659,0.000845
0.041754,-0.020847,-0.000260
0.043111,-0.020381,-0.002128
0.043609,-0.020643,-0.001902
0.045076,-0.019944,-0.000268
0.046171,-0.021702,-0.001713
0.048006,-0.021276,-0.002341
0.049616,-0.020968,-0.002146
0.051671,-0.019794,-0.005215
0.054525,-0.019141,-0.002920
0.054938,-0.021525,-0.001537
0.055173,-0.022059,-0.001168
0.057810,-0.019931,-0.002518
0.057573,-0.021566,-0.005234
0.060067,-0.020439,-0.002386
0.060721,-0.021761,-0.003791
0.064664,-0.020834,-0.003918
0.065800,-0.022273,-0.004041
0.065683,-0.019757,-0.004936
0.067336,-0.019490,-0.004726
0.067758,-0.021070,-0.005881
0.069971,-0.019885,-0.005481
0.071763,-0.023539,-0.006227
0.072972,-0.022821,-0.006455
0.073112,-0.021360,-0.006635
0.077034,-0.019821,-0.009507
0.076849,-0.019651,-0.008009
0.077676,-0.020768,-0.008780
0.078724,-0.020233,-0.008910
0.079962,-0.022674,-0.009547
0.084010,-0.019920,-0.011288
0.083092,-0.020889,-0.011739
0.084411,-0.020663,-0.011393
0.085169,-0.021624,-0.011983
0.087477,-0.021132,-0.015726
0.090048,-0.021729,-0.016009
0.090371,-0.023676,-0.014461
0.091589,-0.021597,-0.016887
0.093658,-0.020647,-0.016137
0.096565,-0.021520,-0.016576
0.096951,-0.020977,-0.019941
0.097792,-0.021067,-0.018329
0.100627,-0.022680,-0.020557
0.102909,-0.020947,-0.022097
0.101936,-0.020660,-0.023523
0.102529,-0.021608,-0.021480
0.104825,-0.022155,-0.024419
0.106155,-0.023823,-0.024573
0.107893,-0.024196,-0.024760
0.109217,-0.021270,-0.026063
0.110926,-0.021789,-0.027022
0.113665,-0.020969,-0.026732
0.113161,-0.023445,-0.027288
0.114231,-0.022376,-0.027784
0.118179,-0.022298,-0.028435
0.119336,-0.022322,-0.030666
0.119318,-0.023274,-0.030788
0.119001,-0.021656,-0.032580
0.121980,-0.022484,-0.030681
0.123913,-0.022559,-0.031134
0.124551,-0.021375,-0.032714
0.125498,-0.023332,-0.032874
0.127494,-0.023988,-0.030691
0.127586,-0.020966,-0.032095
0.130077,-0.021646,-0.033670
0.130536,-0.023257,-0.033359
0.134475,-0.024371,-0.032608
0.136502,-0.024282,-0.033084
0.137312,-0.023169,-0.033023
0.137031,-0.023127,-0.034907
0.139159,-0.022797,-0.035565
0.140003,-0.022647,-0.033477
0.141506,-0.024286,-0.036155
0.144144,-0.023352,-0.034947
0.145271,-0.023979,-0.035992
0.145431,-0.022741,-0.035364
0.147727,-0.023909,-0.037811
0.147931,-0.022910,-0.037966
0.149005,-0.022598,-0.039299
0.150036,-0.022248,-0.038148
0.153481,-0.022578,-0.039123
0.154793,-0.021909,-0.039656
0.155937,-0.022455,-0.040228
0.158476,-0.021214,-0.038603
0.157314,-0.022919,-0.041104
0.160395,-0.024197,-0.039189
0.162885,-0.022792,-0.040883
0.163427,-0.023818,-0.037991
0.164212,-0.023713,-0.039253
0.164997,-0.022067,-0.037438
0.165946,-0.023791,-0.041290
0.172071,-0.023731,-0.041090
0.169597,-0.025798,-0.041802
0.173678,-0.022233,-0.043122
0.172478,-0.023074,-0.042543
0.174274,-0.021528,-0.042519
0.176060,-0.023536,-0.042109
0.177674,-0.024794,-0.042564
0.178908,-0.023618,-0.043914
0.180228,-0.023240,-0.041991
0.182741,-0.022139,-0.041999
0.183436,-0.022466,-0.044787
0.183760,-0.025114,-0.045777
0.185385,-0.025204,-0.044915
0.187699,-0.023350,-0.047495
0.189369,-0.023918,-0.048504
0.191707,-0.024301,-0.050026
0.193320,-0.023276,-0.050882
0.194530,-0.024047,-0.053760
0.194522,-0.022900,-0.054756
0.197215,-0.024969,-0.054412
0.199464,-0.024766,-0.056882
0.199152,-0.023663,-0.057130
0.199670,-0.023318,-0.058956
0.203125,-0.023184,-0.062223
0.203170,-0.024977,-0.063147
0.204809,-0.022469,-0.068335
0.208160,-0.025488,-0.068738
0.208797,-0.024495,-0.073051
0.211183,-0.026405,-0.074974
0.210814,-0.026115,-0.083529
0.215245,-0.026080,-0.088109
0.216611,-0.025690,-0.094912
-0.096773,-0.020493,-0.052044
-0.095846,-0.021463,-0.044616
-0.092986,-0.019548,-0.037821
-0.090853,-0.019843,-0.034155
-0.088796,-0.021793,-0.031221
-0.086928,-0.020495,-0.026502
-0.085294,-0.020135,-0.022075
-0.085362,-0.020459,-0.016560
-0.083459,-0.020314,-0.017290
-0.083371,-0.020810,-0.015119
-0.081838,-0.018984,-0.014540
-0.080005,-0.020053,-0.012001
-0.076992,-0.018083,-0.009064
-0.075716,-0.018997,-0.007583
-0.074446,-0.018341,-0.005595
-0.072056,-0.018741,-0.003864
-0.070725,-0.017496,-0.004944
-0.070688,-0.017165,-0.001362
-0.067563,-0.020205,-0.001698
-0.067078,-0.019792,0.000618
-0.066313,-0.017367,0.000639
-0.065160,-0.018285,0.000748
-0.064015,-0.020227,0.003084
-0.062229,-0.019474,0.003670
-0.062768,-0.018268,0.003587
-0.059463,-0.017413,0.006170
-0.057990,-0.018709,0.005343
-0.057016,-0.019160,0.007374
-0.053183,-0.018549,0.008534
-0.054406,-0.019534,0.007353
-0.051330,-0.017525,0.011293
-0.049476,-0.017960,0.009806
-0.048926,-0.020415,0.008756
-0.047760,-0.017919,0.010604
-0.046747,-0.018528,0.009561
-0.047035,-0.018289,0.009406
-0.043649,-0.019519,0.008289
-0.044084,-0.019142,0.009050
-0.041829,-0.018452,0.009603
-0.039421,-0.020096,0.010476
-0.037203,-0.018757,0.009541
-0.037589,-0.018718,0.009329
-0.033161,-0.019280,0.009382
-0.034091,-0.019040,0.010598
-0.032632,-0.019866,0.010484
-0.031204,-0.019512,0.010508
-0.030265,-0.017885,0.011034
-0.029641,-0.017179,0.009890
-0.026910,-0.018636,0.009836
-0.025029,-0.019312,0.009756
-0.024126,-0.017456,0.007404
-0.024276,-0.020098,0.008987
-0.021469,-0.017319,0.008944
-0.020870,-0.018879,0.009847
-0.020757,-0.017510,0.007723
-0.016440,-0.017726,0.007828
-0.017016,-0.019846,0.007503
-0.015052,-0.018098,0.006095
-0.012788,-0.019673,0.007319
-0.009412,-0.020656,0.004618
-0.010904,-0.018451,0.006956
-0.008566,-0.018006,0.007916
-0.007798,-0.017985,0.007557
-0.007179,-0.018859,0.006325
-0.004345,-0.018173,0.007475
-0.002775,-0.017648,0.005804
-0.001568,-0.019130,0.007594
-0.001424,-0.019472,0.006922
0.001462,-0.020397,0.006219
-0.000377,-0.018165,0.007074
0.003348,-0.017746,0.005882
0.005001,-0.015834,0.005377
0.005286,-0.019261,0.004822
0.006763,-0.019714,0.005574
0.008643,-0.017002,0.005000
0.010714,-0.017954,0.002947
0.011433,-0.021699,0.004072
0.011832,-0.019153,0.004728
0.014088,-0.017733,0.004762
0.016449,-0.017722,0.003338
0.016765,-0.018269,0.003523
0.019435,-0.016234,0.003552
0.019305,-0.019592,0.001099
0.020794,-0.019841,0.002656
0.022672,-0.018266,0.003853
0.023772,-0.019273,0.002145
0.024161,-0.020420,0.003268
0.024334,-0.017990,0.001932
0.028011,-0.018518,0.002913
0.028372,-0.019254,0.001585
0.029703,-0.019719,0.002154
0.033669,-0.018504,0.001977
0.032395,-0.017986,-0.000271
0.035237,-0.020169,0.000816
0.036147,-0.020081,0.001236
0.037229,-0.020390,-0.000836
0.038775,-0.017981,-0.000015
0.040386,-0.017958,-0.001427
0.041678,-0.017244,0.001379
0.041864,-0.020116,-0.001346
0.046287,-0.018655,-0.000782
0.047253,-0.018878,-0.002031
0.047074,-0.019114,-0.001758
0.048948,-0.020551,-0.001168
0.050362,-0.019399,-0.001741
0.050320,-0.019613,-0.001607
0.052478,-0.018712,-0.001155
0.054706,-0.020284,-0.001371
0.057071,-0.019399,-0.003698
0.056695,-0.019974,-0.001406
0.057637,-0.021582,-0.002884
0.058457,-0.020570,-0.003786
0.062451,-0.019708,-0.001206
0.061245,-0.019031,-0.004128
0.066841,-0.018789,-0.002170
0.064342,-0.019515,-0.003392
0.067038,-0.019151,-0.004260
0.068441,-0.020364,-0.004785
0.067452,-0.018802,-0.006349
0.072145,-0.020780,-0.004829
0.071969,-0.019688,-0.004991
0.071998,-0.019142,-0.006394
0.075067,-0.017712,-0.006931
0.077219,-0.017818,-0.008503
0.078779,-0.019815,-0.009804
0.079063,-0.019016,-0.008832
0.079146,-0.017853,-0.010193
0.081736,-0.018256,-0.009964
0.084092,-0.020443,-0.010575
0.088269,-0.021081,-0.012167
0.087257,-0.020531,-0.011768
0.088048,-0.020697,-0.013410
0.088869,-0.019169,-0.013945
0.090953,-0.020006,-0.015672
0.092641,-0.018490,-0.014623
0.093398,-0.018659,-0.016455
0.095566,-0.021409,-0.016337
0.096257,-0.020475,-0.018355
0.096583,-0.020717,-0.018247
0.099740,-0.021873,-0.022098
0.099895,-0.020355,-0.020320
0.102645,-0.019081,-0.023887
0.102863,-0.020186,-0.022464
0.103942,-0.022664,-0.022834
0.104934,-0.020478,-0.022069
0.107760,-0.021481,-0.022582
0.107916,-0.021003,-0.024560
0.112115,-0.022090,-0.027229
0.112344,-0.021279,-0.025529
0.113907,-0.020649,-0.023992
0.117018,-0.021868,-0.026358
0.115578,-0.022522,-0.027522
0.117225,-0.022347,-0.029226
0.118743,-0.019935,-0.030926
0.120394,-0.021917,-0.030413
0.122449,-0.021592,-0.030886
0.122285,-0.020756,-0.030850
0.124230,-0.023071,-0.029893
0.127358,-0.021352,-0.031218
0.127254,-0.021617,-0.030939
0.129102,-0.023299,-0.032042
0.132207,-0.019734,-0.033364
0.132480,-0.021587,-0.033890
0.132170,-0.022221,-0.031461
0.131946,-0.019046,-0.032223
0.134685,-0.020742,-0.034928
0.138295,-0.020092,-0.032269
0.137965,-0.020245,-0.034740
0.141196,-0.021202,-0.033825
0.142683,-0.021776,-0.032946
0.142911,-0.021471,-0.033847
0.144485,-0.019416,-0.034695
0.145704,-0.022355,-0.035723
0.146038,-0.021395,-0.037797
0.148013,-0.022187,-0.038306
0.148633,-0.021209,-0.038863
0.152440,-0.021085,-0.037918
0.155680,-0.022109,-0.038506
0.154300,-0.020223,-0.036979
0.155794,-0.022086,-0.038419
0.157828,-0.019719,-0.040151
0.160014,-0.021338,-0.039613
0.160060,-0.022097,-0.039257
0.161253,-0.019731,-0.040308
0.162801,-0.020750,-0.039685
0.164285,-0.019442,-0.039264
0.166872,-0.020509,-0.039165
0.167150,-0.019375,-0.039433
0.168890,-0.020960,-0.040904
0.170421,-0.020572,-0.040962
0.171576,-0.023061,-0.042703
0.173852,-0.020836,-0.041258
0.174834,-0.021541,-0.041807
0.174250,-0.020172,-0.041658
0.177138,-0.022826,-0.043122
0.178562,-0.021107,-0.042536
0.179326,-0.020620,-0.042677
0.181700,-0.021977,-0.044269
0.182130,-0.021970,-0.044794
0.185596,-0.021495,-0.044686
0.185078,-0.023324,-0.047121
0.187168,-0.022226,-0.049216
0.189134,-0.022304,-0.050693
0.190297,-0.022814,-0.051239
0.191727,-0.022460,-0.052053
0.193668,-0.022336,-0.052344
0.193608,-0.021041,-0.054481
0.195698,-0.021733,-0.054624
0.197027,-0.023414,-0.054672
0.199317,-0.022365,-0.057145
0.199837,-0.022071,-0.060141
0.204672,-0.022238,-0.063120
0.204021,-0.021799,-0.066177
0.206037,-0.022644,-0.070223
0.206901,-0.024121,-0.071801
0.207030,-0.024858,-0.075199
0.208866,-0.023159,-0.077633
0.212160,-0.022368,-0.082297
0.214776,-0.023539,-0.089014
0.212826,-0.023961,-0.097321
-0.098029,-0.020845,-0.054425
-0.095094,-0.019101,-0.045909
-0.093404,-0.018731,-0.037902
-0.090445,-0.020300,-0.033626
-0.091220,-0.019809,-0.029151
-0.088517,-0.018007,-0.026155
-0.086447,-0.020047,-0.021446
-0.084325,-0.018491,-0.018730
-0.084430,-0.018444,-0.016836
-0.082712,-0.017877,-0.013844
-0.081192,-0.018290,-0.013826
-0.081277,-0.018838,-0.009099
-0.078898,-0.017858,-0.008778
-0.076369,-0.019108,-0.009128
-0.074134,-0.018466,-0.004604
-0.073815,-0.017786,-0.004599
-0.072171,-0.018456,-0.000650
-0.070066,-0.019298,-0.001385
-0.068940,-0.017231,0.000547
-0.069607,-0.017794,0.000794
-0.064042,-0.016092,0.003618
-0.064287,-0.017669,0.002625
-0.065162,-0.017004,0.004041
-0.062382,-0.016357,0.003337
-0.059207,-0.017162,0.005936
-0.058268,-0.017716,0.005750
-0.057522,-0.017515,0.007350
-0.056975,-0.017124,0.008811
-0.055381,-0.015693,0.006415
-0.052351,-0.016276,0.008458
-0.051314,-0.020742,0.008431
-0.051524,-0.015049,0.007911
-0.049320,-0.018031,0.007632
-0.046628,-0.014665,0.008732
-0.045581,-0.016924,0.008381
-0.045252,-0.016769,0.008529
-0.045236,-0.015827,0.010246
-0.044299,-0.016601,0.007745
-0.041414,-0.017106,0.009675
-0.040489,-0.016585,0.008836
-0.039839,-0.018113,0.010304
-0.036371,-0.017497,0.009896
-0.035497,-0.015140,0.009134
-0.034620,-0.018526,0.008115
-0.032793,-0.018931,0.010815
-0.031174,-0.018167,0.010264
-0.030427,-0.016978,0.010049
-0.028476,-0.016027,0.009433
-0.028354,-0.016718,0.008552
-0.025247,-0.016877,0.009264
-0.024871,-0.016214,0.008456
-0.023758,-0.018630,0.011104
-0.023867,-0.019246,0.008188
-0.019109,-0.019164,0.006443
-0.018906,-0.016304,0.008827
-0.016939,-0.018472,0.007668
-0.015414,-0.017083,0.009945
-0.014806,-0.016933,0.007637
-0.014350,-0.018827,0.007376
-0.011053,-0.017890,0.007570
-0.011022,-0.016096,0.008852
-0.008791,-0.017919,0.008057
-0.008281,-0.017286,0.007463
-0.006744,-0.017906,0.007797
-0.003085,-0.017455,0.008384
-0.002948,-0.016015,0.008152
-0.002903,-0.017900,0.007225
-0.001912,-0.017716,0.008049
0.000347,-0.017010,0.006084
0.002907,-0.018609,0.008002
0.004129,-0.016318,0.005403
0.004187,-0.017795,0.006555
0.005682,-0.018503,0.007221
0.007990,-0.016805,0.003715
0.009126,-0.018211,0.006375
0.010367,-0.016867,0.004522
0.013430,-0.017466,0.004595
0.012581,-0.017353,0.005780
0.014617,-0.017726,0.004068
0.015266,-0.017232,0.002716
0.018235,-0.019350,0.002786
0.019114,-0.015868,0.004063
0.020702,-0.016981,0.004451
0.023633,-0.018868,0.002041
0.023787,-0.019535,0.002104
0.024582,-0.016059,0.005129
0.026964,-0.017503,0.003220
0.027297,-0.017722,0.004121
0.026655,-0.017447,0.002987
0.028108,-0.017997,0.004498
0.031262,-0.016973,0.001684
0.032530,-0.016609,0.001335
0.034744,-0.017083,0.001058
0.034962,-0.018685,0.001403
0.037837,-0.017377,0.001800
0.037148,-0.016010,0.003291
0.041599,-0.016992,-0.000774
0.040022,-0.018588,-0.001315
0.043378,-0.017957,0.000886
0.043641,-0.017347,-0.000087
0.044573,-0.016476,0.001018
0.046196,-0.017427,0.001155
0.046911,-0.019231,0.001988
0.047411,-0.018680,-0.000378
0.049710,-0.018150,-0.000740
0.050573,-0.018426,-0.002518
0.051605,-0.017358,-0.000509
0.054855,-0.017090,-0.002186
0.055964,-0.017375,-0.000305
0.057344,-0.018393,-0.002381
0.058778,-0.018902,-0.000136
0.059818,-0.018287,-0.002086
0.060304,-0.016662,-0.001986
0.063415,-0.017626,-0.004057
0.064317,-0.018407,-0.004061
0.064827,-0.019474,-0.003627
0.066879,-0.020354,-0.002977
0.068332,-0.017391,-0.003879
0.068273,-0.017597,-0.004738
0.071394,-0.017816,-0.004422
0.071911,-0.018227,-0.005033
0.073320,-0.017909,-0.005297
0.076597,-0.016393,-0.005756
0.076561,-0.018315,-0.005612
0.079893,-0.016629,-0.007803
0.081927,-0.016559,-0.008512
0.080989,-0.016826,-0.009313
0.082048,-0.019091,-0.009058
0.082311,-0.017506,-0.010725
0.084545,-0.017565,-0.012270
0.086013,-0.019281,-0.011218
0.088764,-0.018862,-0.011105
0.087187,-0.017932,-0.012044
0.090854,-0.018967,-0.013641
0.090695,-0.021198,-0.015129
0.092897,-0.019288,-0.015494
0.093656,-0.018004,-0.015774
0.095699,-0.018653,-0.017401
0.099666,-0.019680,-0.017170
0.100456,-0.019614,-0.019832
0.100764,-0.020115,-0.020192
0.102129,-0.018707,-0.023114
0.104058,-0.018248,-0.021426
0.105532,-0.020560,-0.023602
0.105741,-0.021405,-0.021950
0.107449,-0.018629,-0.023742
0.108016,-0.019474,-0.024025
0.110090,-0.020861,-0.023602
0.112025,-0.018358,-0.026625
0.112826,-0.019476,-0.025237
0.115743,-0.019687,-0.025223
0.115292,-0.017464,-0.026868
0.118473,-0.020270,-0.027646
0.119521,-0.018126,-0.028993
0.118868,-0.019391,-0.029380
0.121066,-0.019389,-0.030370
0.122678,-0.019755,-0.031639
0.124620,-0.020036,-0.031595
0.125979,-0.018284,-0.029319
0.129517,-0.018002,-0.031284
0.129911,-0.019816,-0.031591
0.130441,-0.019601,-0.031650
0.131714,-0.019801,-0.032599
0.135218,-0.020598,-0.033782
0.136204,-0.019281,-0.033326
0.136597,-0.018803,-0.032650
0.137257,-0.020669,-0.035386
0.137927,-0.020037,-0.032769
0.140955,-0.019998,-0.035769
0.143582,-0.021114,-0.037446
0.142996,-0.021605,-0.033716
0.143058,-0.019919,-0.036164
0.144847,-0.018227,-0.037084
0.147125,-0.019493,-0.038196
0.149594,-0.019247,-0.036965
0.150389,-0.020057,-0.037497
0.151763,-0.021266,-0.038522
0.154082,-0.021102,-0.038950
0.155481,-0.021140,-0.037470
0.155243,-0.018512,-0.038422
0.157638,-0.017893,-0.037451
0.158770,-0.021523,-0.040117
0.160287,-0.021815,-0.038928
0.160947,-0.019773,-0.040031
0.163402,-0.020166,-0.041289
0.164361,-0.017417,-0.040387
0.166468,-0.020158,-0.040343
0.167006,-0.021900,-0.038674
0.168707,-0.019912,-0.041105
0.171458,-0.019430,-0.041002
0.171123,-0.021730,-0.040410
0.173197,-0.019177,-0.041565
0.174978,-0.019864,-0.043855
0.174845,-0.020989,-0.043657
0.175577,-0.020698,-0.043513
0.178414,-0.018723,-0.043131
0.180734,-0.020226,-0.043132
0.179554,-0.019938,-0.044650
0.182436,-0.021827,-0.043119
0.185302,-0.019086,-0.044225
0.186066,-0.019721,-0.046122
0.188010,-0.019881,-0.048908
0.191038,-0.020828,-0.048051
0.191050,-0.021063,-0.050229
0.192178,-0.020158,-0.051727
0.193246,-0.019548,-0.052486
0.195786,-0.021658,-0.054125
0.197819,-0.021130,-0.056913
0.196918,-0.019128,-0.055707
0.200100,-0.022141,-0.056136
0.200857,-0.021316,-0.061723
0.204875,-0.022145,-0.063536
0.203616,-0.021322,-0.067474
0.205010,-0.020707,-0.069361
0.208287,-0.023602,-0.071153
0.209610,-0.022757,-0.074634
0.209295,-0.021004,-0.079830
0.213947,-0.022141,-0.086536
0.215644,-0.022139,-0.091572
0.216124,-0.023894,-0.098926
-0.094449,-0.018864,-0.053119
-0.094597,-0.019644,-0.043545
-0.092147,-0.017085,-0.037379
-0.092187,-0.018335,-0.034723
-0.090379,-0.018773,-0.028877
-0.090325,-0.015942,-0.026096
-0.085705,-0.019007,-0.020034
-0.085492,-0.018540,-0.017891
-0.082885,-0.016525,-0.015285
-0.081731,-0.016394,-0.014891
-0.081199,-0.016759,-0.012423
-0.079109,-0.017858,-0.010826
-0.077985,-0.015498,-0.007103
-0.077224,-0.017305,-0.007337
-0.074872,-0.013981,-0.006010
-0.074213,-0.014705,-0.004019
-0.072254,-0.016156,-0.002131
-0.069405,-0.015888,0.000037
-0.068910,-0.015465,0.000933
-0.067837,-0.016090,-0.000947
-0.066048,-0.015210,0.000001
-0.066810,-0.015276,0.001656
-0.063505,-0.014287,0.001280
-0.061514,-0.014695,0.004525
-0.060033,-0.014364,0.005977
-0.058929,-0.016726,0.006103
-0.056570,-0.014815,0.006954
-0.057330,-0.015363,0.006667
-0.057004,-0.014970,0.007142
-0.053738,-0.017719,0.008301
-0.052145,-0.015250,0.008733
-0.051142,-0.014136,0.008333
-0.048866,-0.015150,0.008997
-0.049023,-0.016252,0.009390
-0.048249,-0.015815,0.010415
-0.044741,-0.015223,0.010196
-0.043339,-0.015333,0.011138
-0.043525,-0.016358,0.010177
-0.041991,-0.013307,0.010241
-0.040728,-0.016616,0.009496
-0.040299,-0.015908,0.012049
-0.036427,-0.014682,0.010760
-0.035965,-0.014770,0.009092
-0.031603,-0.015921,0.009012
-0.030235,-0.014396,0.012170
-0.030939,-0.016592,0.009819
-0.029111,-0.013972,0.008626
-0.028566,-0.015680,0.009657
-0.026622,-0.015071,0.011188
-0.025434,-0.016080,0.009040
-0.024325,-0.017996,0.010174
-0.022906,-0.015235,0.009346
-0.022586,-0.015694,0.008012
-0.020839,-0.015578,0.007062
-0.019156,-0.014274,0.008948
-0.016933,-0.015734,0.008269
-0.017483,-0.014281,0.008545
-0.014317,-0.014807,0.009439
-0.012009,-0.015901,0.008366
-0.010690,-0.014781,0.007869
-0.010518,-0.017187,0.008815
-0.009835,-0.017444,0.007931
-0.006599,-0.016710,0.008204
-0.005791,-0.015652,0.010351
-0.004742,-0.014884,0.008986
-0.004091,-0.016913,0.007754
-0.001823,-0.015397,0.007326
-0.000641,-0.015061,0.008353
0.001076,-0.015838,0.007604
0.002925,-0.015090,0.006045
0.002476,-0.015866,0.004886
0.004856,-0.015341,0.005265
0.005456,-0.016649,0.004303
0.007184,-0.015832,0.005043
0.008216,-0.014957,0.005342
0.007751,-0.015735,0.004291
0.010588,-0.017310,0.004471
0.012054,-0.017514,0.005025
0.016062,-0.016239,0.005268
0.016471,-0.016726,0.003239
0.016907,-0.016153,0.004446
0.019168,-0.016076,0.003316
0.020888,-0.015916,0.003822
0.022025,-0.014344,0.004483
0.021674,-0.014425,0.004164
0.025420,-0.014877,0.003526
0.024686,-0.014845,0.005201
0.025397,-0.016594,0.002083
0.025648,-0.017763,0.004463
0.028357,-0.016496,0.004357
0.031314,-0.014919,0.004504
0.033468,-0.015271,0.003094
0.032630,-0.017216,0.000907
0.035417,-0.015365,0.002767
0.037345,-0.016176,0.000318
0.037033,-0.015906,0.001720
0.039516,-0.015310,0.002739
0.040270,-0.016262,0.001140
0.042308,-0.016105,0.000233
0.043202,-0.014720,0.002607
0.045124,-0.015165,0.001613
0.046692,-0.015565,0.000779
0.046733,-0.016945,0.001309
0.046717,-0.015015,-0.000550
0.051331,-0.015771,0.000054
0.051746,-0.016247,-0.000616
0.051564,-0.016432,-0.000044
0.054638,-0.016395,0.000492
0.055038,-0.016718,-0.002357
0.058531,-0.016816,-0.000954
0.058450,-0.014920,0.000814
0.061065,-0.015861,-0.002087
0.060538,-0.015655,-0.001785
0.063705,-0.016253,-0.002664
0.064541,-0.014516,-0.002625
0.065702,-0.016404,-0.003325
0.066318,-0.016935,-0.002233
0.066442,-0.015322,-0.003852
0.068908,-0.017552,-0.002334
0.070989,-0.014765,-0.004186
0.072630,-0.015540,-0.004896
0.073150,-0.015666,-0.005501
0.074691,-0.015977,-0.005885
0.078201,-0.016628,-0.004400
0.078282,-0.015684,-0.008015
0.078526,-0.016427,-0.006127
0.081051,-0.017435,-0.008525
0.082474,-0.017035,-0.008837
0.084272,-0.016169,-0.009991
0.084546,-0.015251,-0.010256
0.086133,-0.017872,-0.012157
0.088165,-0.018563,-0.013957
0.090154,-0.016176,-0.012120
0.090635,-0.019304,-0.013495
0.089342,-0.017280,-0.013319
0.094132,-0.017398,-0.015235
0.094058,-0.016885,-0.017077
0.096556,-0.016973,-0.015737
0.096764,-0.017291,-0.018224
0.099498,-0.014626,-0.019642
0.100321,-0.017037,-0.020544
0.101647,-0.017514,-0.020773
0.103502,-0.017674,-0.022102
0.104349,-0.016757,-0.022259
0.108605,-0.016047,-0.022171
0.107983,-0.015715,-0.024113
0.109815,-0.015611,-0.021357
0.110516,-0.017592,-0.022195
0.110594,-0.017207,-0.025627
0.113349,-0.016637,-0.025607
0.114864,-0.017481,-0.023886
0.115703,-0.015712,-0.025884
0.118535,-0.020184,-0.025271
0.118504,-0.019163,-0.026521
0.119345,-0.018730,-0.030320
0.123384,-0.017947,-0.029268
0.124478,-0.020111,-0.031487
0.124412,-0.018755,-0.029722
0.126287,-0.017640,-0.029415
0.128903,-0.018334,-0.032151
0.129530,-0.017408,-0.029500
0.129411,-0.017611,-0.031649
0.133220,-0.015334,-0.031561
0.133219,-0.017731,-0.033346
0.136129,-0.017944,-0.033511
0.136322,-0.017757,-0.034423
0.136662,-0.017704,-0.030038
0.139617,-0.015408,-0.033030
0.140359,-0.017028,-0.033716
0.142964,-0.016360,-0.034689
0.143524,-0.017763,-0.033783
0.146110,-0.019724,-0.033830
0.146255,-0.017462,-0.034732
0.146396,-0.016718,-0.034494
0.149977,-0.017542,-0.035334
0.150820,-0.018572,-0.037903
0.151457,-0.018321,-0.038470
0.154647,-0.018021,-0.039526
0.153650,-0.017980,-0.037509
0.154721,-0.017959,-0.040201
0.158052,-0.017139,-0.039887
0.160644,-0.017308,-0.038263
0.162200,-0.017581,-0.038004
0.161095,-0.019116,-0.038320
0.163831,-0.018014,-0.038772
0.164182,-0.018455,-0.039891
0.165667,-0.017571,-0.039611
0.167900,-0.019632,-0.040457
0.169122,-0.017987,-0.041225
0.168750,-0.019333,-0.040409
0.172419,-0.017535,-0.040611
0.173915,-0.018836,-0.043258
0.173466,-0.018307,-0.040208
0.174814,-0.017821,-0.042780
0.177375,-0.018610,-0.042917
0.178858,-0.018019,-0.042683
0.179506,-0.016749,-0.044806
0.182351,-0.019257,-0.045022
0.182742,-0.017836,-0.045441
0.184294,-0.018280,-0.046917
0.184933,-0.017967,-0.046700
0.188086,-0.018658,-0.049308
0.187788,-0.019757,-0.047385
0.190205,-0.018127,-0.051185
0.193096,-0.017702,-0.051033
0.193899,-0.017654,-0.051406
0.195988,-0.017243,-0.055672
0.197454,-0.018184,-0.054380
0.197804,-0.017154,-0.056508
0.198189,-0.019639,-0.058583
0.201888,-0.018916,-0.062054
0.201633,-0.019418,-0.065584
0.204162,-0.018275,-0.068114
0.204996,-0.019903,-0.068801
0.207021,-0.020637,-0.073481
0.208565,-0.021091,-0.075791
0.211279,-0.021894,-0.079957
0.212043,-0.022303,-0.085848
0.214562,-0.022243,-0.092604
0.218864,-0.021078,-0.099300
-0.096622,-0.016741,-0.051685
-0.096907,-0.016262,-0.047030
-0.094707,-0.015418,-0.037513
-0.090488,-0.014142,-0.033926
-0.089907,-0.017119,-0.028194
-0.089579,-0.015920,-0.026247
-0.085124,-0.014983,-0.022582
-0.084995,-0.015296,-0.019713
-0.084754,-0.016269,-0.015561
-0.082129,-0.014436,-0.015483
-0.080086,-0.015167,-0.013871
-0.079163,-0.015962,-0.010936
-0.077222,-0.014841,-0.007645
-0.075979,-0.016267,-0.007904
-0.073600,-0.016287,-0.005993
-0.073847,-0.014665,-0.001206
-0.071369,-0.014873,-0.002384
-0.070924,-0.014544,-0.001874
-0.067701,-0.014191,0.000803
-0.067089,-0.013905,0.000545
-0.065528,-0.014331,0.001711
-0.064421,-0.011787,0.003309
-0.061672,-0.012845,0.003045
-0.060783,-0.014378,0.004212
-0.060786,-0.012839,0.003698
-0.058650,-0.013880,0.006314
-0.058673,-0.014591,0.007089
-0.058049,-0.012358,0.008549
-0.056471,-0.011488,0.007804
-0.055911,-0.014387,0.007888
-0.051030,-0.014851,0.009495
-0.050573,-0.016119,0.009068
-0.048983,-0.014088,0.008964
-0.046832,-0.012961,0.009439
-0.046911,-0.013957,0.009081
-0.044931,-0.015024,0.010018
-0.044652,-0.014902,0.010521
-0.044068,-0.014731,0.010112
-0.039512,-0.013373,0.011243
-0.041146,-0.011794,0.011588
-0.037516,-0.014844,0.011078
-0.038285,-0.014307,0.011053
-0.034190,-0.012707,0.010085
-0.034681,-0.011493,0.010595
-0.034066,-0.014542,0.012698
-0.030984,-0.015254,0.011312
-0.031533,-0.013140,0.010605
-0.029412,-0.014973,0.010028
-0.026764,-0.014054,0.011521
-0.026241,-0.013887,0.007709
-0.024957,-0.014233,0.009046
-0.023493,-0.015193,0.008875
-0.021526,-0.015631,0.011157
-0.021043,-0.013737,0.008018
-0.019052,-0.012724,0.006376
-0.015730,-0.013976,0.009195
-0.017330,-0.013415,0.009587
-0.014349,-0.013327,0.009210
-0.013817,-0.013086,0.008645
-0.012904,-0.011841,0.009225
-0.010358,-0.014052,0.008901
-0.009423,-0.014536,0.007837
-0.008050,-0.015546,0.007863
-0.005249,-0.015763,0.008697
-0.006258,-0.013757,0.009107
-0.002857,-0.013500,0.009218
-0.000338,-0.012994,0.007208
-0.001294,-0.015919,0.008554
0.001775,-0.013703,0.006737
0.002482,-0.012384,0.005796
0.002664,-0.013576,0.007464
0.004137,-0.014100,0.006551
0.005153,-0.014480,0.004366
0.007273,-0.012096,0.004409
0.009378,-0.014380,0.006799
0.008977,-0.014010,0.005697
0.011373,-0.014482,0.003581
0.012546,-0.014234,0.006660
0.012226,-0.015503,0.005029
0.015631,-0.015701,0.003448
0.017803,-0.013123,0.005783
0.017905,-0.014760,0.004491
0.019907,-0.013846,0.002708
0.022631,-0.014322,0.004338
0.021649,-0.015716,0.005032
0.024101,-0.014694,0.003128
0.025211,-0.011968,0.004705
0.026581,-0.013793,0.004436
0.027516,-0.013910,0.002800
0.030436,-0.011898,0.003689
0.031561,-0.014672,0.004312
0.030817,-0.014041,0.003929
0.032387,-0.014460,0.002574
0.035736,-0.012709,0.003673
0.035474,-0.013643,0.001286
0.036738,-0.013916,0.003984
0.039031,-0.012537,0.002904
0.040504,-0.014673,0.002014
0.041664,-0.013151,0.001796
0.043539,-0.013055,0.003029
0.044003,-0.014552,0.002574
0.045953,-0.015731,0.002809
0.047545,-0.013890,0.003746
0.049117,-0.014696,0.001736
0.050978,-0.015461,0.001958
0.050675,-0.015282,-0.000587
0.053679,-0.012591,0.001451
0.053698,-0.013167,-0.000478
0.055340,-0.015797,0.001137
0.056352,-0.014571,-0.000617
0.058313,-0.015805,-0.001165
0.060627,-0.014310,-0.001592
0.060186,-0.013220,0.000292
0.062254,-0.014585,-0.002466
0.063268,-0.014721,-0.001976
0.067961,-0.012341,-0.003566
0.066001,-0.014823,-0.003376
0.068020,-0.014891,-0.002591
0.068212,-0.013995,-0.003347
0.071067,-0.014017,-0.004749
0.072978,-0.014136,-0.003011
0.072474,-0.015137,-0.003626
0.075649,-0.014339,-0.007282
0.076534,-0.015479,-0.006943
0.078679,-0.014450,-0.004996
0.080156,-0.015101,-0.004548
0.080683,-0.013633,-0.006850
0.081992,-0.016660,-0.007524
0.085278,-0.015049,-0.009373
0.084592,-0.014242,-0.008976
0.086508,-0.013213,-0.009196
0.088595,-0.016635,-0.010909
0.089257,-0.014655,-0.009074
0.092439,-0.014755,-0.013338
0.092209,-0.015810,-0.012555
0.092217,-0.015286,-0.012074
0.093433,-0.014323,-0.014338
0.097106,-0.014192,-0.016102
0.098097,-0.016039,-0.016245
0.099532,-0.015389,-0.017052
0.099840,-0.014352,-0.017744
0.102283,-0.015816,-0.019449
0.103539,-0.015383,-0.021398
0.106306,-0.014564,-0.021950
0.107476,-0.014395,-0.021996
0.107754,-0.016403,-0.021745
0.108096,-0.016007,-0.023936
0.109760,-0.014887,-0.023700
0.111492,-0.015054,-0.026681
0.112852,-0.015217,-0.024190
0.113779,-0.014348,-0.025842
0.117905,-0.014471,-0.027275
0.116962,-0.015204,-0.028014
0.120461,-0.016129,-0.027411
0.120949,-0.014676,-0.027800
0.121797,-0.014592,-0.028722
0.122638,-0.016772,-0.030756
0.125628,-0.015163,-0.030724
0.127000,-0.014494,-0.030970
0.129205,-0.015344,-0.029940
0.128744,-0.014844,-0.031177
0.130288,-0.016698,-0.030508
0.131531,-0.016040,-0.031715
0.134423,-0.015161,-0.031763
0.134107,-0.014928,-0.031532
0.135100,-0.016542,-0.030859
0.138267,-0.016614,-0.031522
0.140579,-0.016412,-0.033742
0.139680,-0.017139,-0.032149
0.140337,-0.016428,-0.032169
0.143011,-0.017292,-0.033157
0.143975,-0.016784,-0.034461
0.144107,-0.015522,-0.036704
0.147133,-0.015088,-0.036333
0.147433,-0.015947,-0.035607
0.151309,-0.015422,-0.038296
0.153356,-0.014586,-0.039671
0.151374,-0.017505,-0.038510
0.154348,-0.015902,-0.036731
0.155412,-0.014963,-0.038281
0.156884,-0.016964,-0.038760
0.160351,-0.016126,-0.038403
0.160571,-0.017352,-0.037753
0.163132,-0.016497,-0.038857
0.164135,-0.017116,-0.040516
0.165698,-0.016235,-0.039734
0.167597,-0.016306,-0.039412
0.167086,-0.016331,-0.040523
0.168805,-0.016053,-0.040421
0.168308,-0.017012,-0.040634
0.171262,-0.016884,-0.041210
0.173888,-0.017299,-0.042664
0.173550,-0.016827,-0.042929
0.176098,-0.017885,-0.043558
0.178628,-0.015631,-0.042771
0.180534,-0.019307,-0.043482
0.177592,-0.016212,-0.045728
0.180139,-0.016241,-0.044530
0.184249,-0.016877,-0.044978
0.185192,-0.016999,-0.047488
0.184134,-0.017205,-0.047265
0.188325,-0.018417,-0.048521
0.188384,-0.017206,-0.049252
0.191422,-0.014489,-0.052232
0.190954,-0.019215,-0.051332
0.192922,-0.017468,-0.054172
0.196222,-0.017483,-0.054291
0.195391,-0.017472,-0.058534
0.199201,-0.017310,-0.056355
0.199724,-0.017468,-0.057409
0.200119,-0.016223,-0.062316
0.201781,-0.015713,-0.064684
0.203526,-0.017867,-0.068767
0.205516,-0.017630,-0.071595
0.207201,-0.020305,-0.073633
0.207655,-0.016890,-0.075696
0.211668,-0.019007,-0.081627
0.211276,-0.019898,-0.088654
0.213822,-0.021207,-0.096009
-0.096945,-0.013993,-0.053962
-0.094819,-0.015202,-0.046025
-0.092947,-0.013995,-0.034610
-0.091129,-0.015081,-0.033418
-0.090723,-0.014640,-0.028814
-0.089033,-0.015857,-0.027232
-0.087185,-0.015003,-0.022115
-0.087028,-0.014240,-0.017782
-0.083572,-0.015798,-0.016378
-0.081925,-0.014058,-0.013799
-0.080694,-0.014132,-0.012701
-0.079858,-0.014692,-0.010126
-0.078239,-0.013582,-0.008511
-0.076734,-0.013503,-0.005631
-0.074787,-0.013822,-0.004648
-0.073399,-0.016654,-0.002399
-0.072465,-0.012000,0.000133
-0.069766,-0.012466,-0.000891
-0.068749,-0.012338,-0.000548
-0.068655,-0.014290,0.003196
-0.066566,-0.012073,0.002287
-0.063811,-0.013154,0.002856
-0.065032,-0.012286,0.002729
-0.061256,-0.011950,0.005121
-0.058930,-0.012813,0.007121
-0.060407,-0.012664,0.005949
-0.057745,-0.012244,0.007985
-0.054070,-0.013015,0.007617
-0.054846,-0.012317,0.008268
-0.051185,-0.011615,0.008212
-0.053014,-0.015276,0.007900
-0.052725,-0.011030,0.008978
-0.049456,-0.010828,0.007978
-0.047886,-0.011439,0.008640
-0.046733,-0.013043,0.009736
-0.045494,-0.012557,0.009066
-0.045326,-0.011623,0.010178
-0.043971,-0.011131,0.008899
-0.040098,-0.011102,0.010785
-0.040914,-0.011764,0.009348
-0.038285,-0.010902,0.011851
-0.037593,-0.012538,0.009920
-0.037185,-0.010846,0.010200
-0.035589,-0.011581,0.011201
-0.034524,-0.012275,0.011515
-0.031260,-0.011091,0.010964
-0.031352,-0.011928,0.011400
-0.029129,-0.012094,0.010075
-0.025404,-0.012941,0.009108
-0.024466,-0.013096,0.010381
-0.025155,-0.012153,0.008827
-0.022705,-0.012633,0.008237
-0.021711,-0.011457,0.009215
-0.021196,-0.012589,0.009427
-0.017565,-0.011667,0.008089
-0.018310,-0.010474,0.008242
-0.017625,-0.013428,0.009175
-0.012396,-0.013119,0.010040
-0.014764,-0.012974,0.008500
-0.011881,-0.013084,0.007738
-0.011323,-0.012812,0.008928
-0.008021,-0.010332,0.008116
-0.006237,-0.013357,0.010167
-0.007062,-0.012130,0.010152
-0.006005,-0.013187,0.008863
-0.002755,-0.012946,0.008503
-0.001465,-0.011890,0.006443
-0.001816,-0.011740,0.007147
-0.000368,-0.013217,0.009054
0.001031,-0.012983,0.007478
0.003286,-0.011867,0.005991
0.007142,-0.010794,0.006477
0.006497,-0.012756,0.006947
0.008341,-0.011702,0.004901
0.007782,-0.012935,0.004110
0.010233,-0.011857,0.005356
0.010838,-0.011802,0.005030
0.013053,-0.013700,0.005829
0.014603,-0.011616,0.005518
0.016287,-0.012930,0.005491
0.015931,-0.012282,0.004473
0.018253,-0.013001,0.005771
0.019604,-0.013105,0.005509
0.019227,-0.011705,0.006303
0.021019,-0.013019,0.003912
0.023104,-0.012645,0.004985
0.024424,-0.013662,0.005206
0.025557,-0.012229,0.005759
0.027401,-0.013718,0.003273
0.029606,-0.012496,0.003292
0.031142,-0.013958,0.004253
0.031370,-0.011411,0.003252
0.034121,-0.011488,0.003637
0.034298,-0.013249,0.002971
0.035174,-0.011753,0.003473
0.035349,-0.013223,0.004769
0.039662,-0.012675,0.002592
0.041698,-0.011948,0.003551
0.041111,-0.012827,0.002505
0.042598,-0.012553,0.003555
0.045826,-0.012567,0.003126
0.046906,-0.014686,0.003365
0.047068,-0.011743,0.002081
0.048315,-0.012334,0.001028
0.050534,-0.010961,0.000409
0.052815,-0.011698,0.002784
0.054641,-0.013866,0.001695
0.054745,-0.013097,0.001815
0.056031,-0.011370,0.001159
0.058651,-0.013810,0.000783
0.057821,-0.011852,0.001682
0.060704,-0.012167,-0.001382
0.060308,-0.011888,-0.001271
0.062972,-0.012593,0.000554
0.065232,-0.012162,-0.001666
0.066705,-0.012160,-0.000608
0.069895,-0.012002,-0.002085
0.069932,-0.012990,-0.002942
0.068993,-0.013710,-0.003031
0.071341,-0.012718,-0.001936
0.072363,-0.013578,-0.004502
0.073594,-0.013443,-0.003685
0.076067,-0.013440,-0.003187
0.075559,-0.014507,-0.004006
0.077143,-0.015622,-0.004034
0.078341,-0.013423,-0.004408
0.080983,-0.013729,-0.006158
0.081442,-0.012201,-0.007774
0.082134,-0.012811,-0.006549
0.085382,-0.012892,-0.010780
0.086490,-0.012382,-0.009346
0.087224,-0.013237,-0.010173
0.088916,-0.015522,-0.011197
0.093447,-0.013782,-0.010806
0.092549,-0.013909,-0.013305
0.092815,-0.014745,-0.013454
0.094876,-0.013664,-0.015309
0.097911,-0.013047,-0.014802
0.097973,-0.013520,-0.015831
0.100404,-0.013548,-0.016295
0.101009,-0.015447,-0.018277
0.101717,-0.013173,-0.017302
0.104986,-0.014298,-0.019898
0.105217,-0.013521,-0.021998
0.105807,-0.012546,-0.021284
0.108481,-0.013567,-0.021409
0.109018,-0.014500,-0.023925
0.109134,-0.013451,-0.023620
0.111579,-0.014719,-0.022556
0.111395,-0.012958,-0.023045
0.113730,-0.017325,-0.024202
0.116666,-0.015454,-0.024255
0.116698,-0.013421,-0.026624
0.117662,-0.015245,-0.024953
0.119814,-0.015019,-0.027200
0.123643,-0.013957,-0.028994
0.122812,-0.014477,-0.029702
0.126545,-0.016673,-0.029946
0.126360,-0.012936,-0.030309
0.126204,-0.014502,-0.031642
0.128348,-0.014589,-0.032252
0.130771,-0.012843,-0.030701
0.132488,-0.012642,-0.029092
0.131592,-0.013394,-0.030506
0.135624,-0.013479,-0.031244
0.137309,-0.015154,-0.032714
0.137527,-0.014520,-0.033110
0.137936,-0.016413,-0.035698
0.140908,-0.014627,-0.032321
0.140834,-0.013688,-0.032089
0.143069,-0.013748,-0.033994
0.142998,-0.014254,-0.034304
0.147040,-0.015878,-0.034604
0.148503,-0.015065,-0.035327
0.147601,-0.014394,-0.034850
0.150573,-0.014419,-0.038626
0.154115,-0.013452,-0.037378
0.153088,-0.016714,-0.036969
0.154488,-0.013446,-0.038436
0.155557,-0.014156,-0.037842
0.156465,-0.013297,-0.039163
0.157075,-0.015310,-0.039222
0.158937,-0.015104,-0.039923
0.161087,-0.013881,-0.039692
0.161730,-0.014896,-0.038692
0.164399,-0.014970,-0.038231
0.162323,-0.016455,-0.038333
0.167749,-0.014505,-0.040318
0.166473,-0.016043,-0.043158
0.170591,-0.017459,-0.042022
0.170936,-0.017764,-0.042956
0.172537,-0.014552,-0.040829
0.175538,-0.015568,-0.041865
0.176399,-0.015866,-0.043429
0.178938,-0.014883,-0.043382
0.178985,-0.013994,-0.042877
0.178908,-0.015680,-0.043266
0.181349,-0.016072,-0.044542
0.184422,-0.014657,-0.045018
0.185833,-0.015943,-0.045478
0.185850,-0.014684,-0.047290
0.187357,-0.016139,-0.048735
0.189882,-0.014935,-0.049744
0.191388,-0.014837,-0.051331
0.193514,-0.014235,-0.053686
0.192705,-0.017650,-0.054462
0.195331,-0.014171,-0.055984
0.196830,-0.016981,-0.056324
0.197602,-0.016170,-0.057594
0.198829,-0.016654,-0.059383
0.200549,-0.014595,-0.063665
0.201539,-0.014845,-0.065393
0.203205,-0.017405,-0.067856
0.205263,-0.015397,-0.072159
0.206982,-0.016577,-0.074041
0.208602,-0.017596,-0.078479
0.210925,-0.016600,-0.083715
0.212808,-0.017409,-0.088233
0.214751,-0.017131,-0.098548
-0.093710,-0.015652,-0.053347
-0.092737,-0.012834,-0.043523
-0.092752,-0.013526,-0.036059
-0.091380,-0.013538,-0.032833
-0.089910,-0.012365,-0.028763
-0.086474,-0.013379,-0.026024
-0.087065,-0.012625,-0.021987
-0.087312,-0.014281,-0.018768
-0.082712,-0.010976,-0.016760
-0.082529,-0.012380,-0.014296
-0.080164,-0.011009,-0.011585
-0.075174,-0.011079,-0.010306
-0.076692,-0.012107,-0.007254
-0.077544,-0.011897,-0.007013
-0.074220,-0.011704,-0.004163
-0.074259,-0.011397,-0.002640
-0.073803,-0.011185,-0.000683
-0.068083,-0.009976,0.000096
-0.067756,-0.011270,0.000055
-0.067620,-0.013122,-0.000493
-0.067087,-0.011970,0.001395
-0.064648,-0.011272,0.002491
-0.061897,-0.011127,0.003603
-0.061434,-0.010981,0.004431
-0.062009,-0.012571,0.004559
-0.059128,-0.009835,0.006792
-0.056582,-0.010685,0.007387
-0.055841,-0.010189,0.008042
-0.055758,-0.008879,0.009282
-0.052037,-0.012574,0.009905
-0.052238,-0.009133,0.008453
-0.051145,-0.009980,0.010022
-0.048584,-0.009089,0.009604
-0.047986,-0.011865,0.010364
-0.046850,-0.012412,0.010383
-0.045387,-0.009758,0.008913
-0.045336,-0.012554,0.011645
-0.042067,-0.011462,0.010849
-0.041380,-0.010859,0.008746
-0.039233,-0.010151,0.010696
-0.038273,-0.011108,0.011068
-0.038769,-0.009067,0.010927
-0.035272,-0.009907,0.009990
-0.034038,-0.010088,0.011079
-0.033505,-0.010592,0.012201
-0.032456,-0.010861,0.011078
-0.030393,-0.009707,0.010095
-0.029358,-0.010198,0.009891
-0.026102,-0.009797,0.009039
-0.026541,-0.010020,0.010991
-0.025348,-0.012295,0.010262
-0.023362,-0.012100,0.007889
-0.020128,-0.012555,0.011179
-0.018816,-0.010084,0.008516
-0.018774,-0.009361,0.008441
-0.020003,-0.010899,0.008141
-0.016530,-0.008428,0.008779
-0.014515,-0.009547,0.009820
-0.013823,-0.008427,0.008814
-0.011893,-0.008271,0.010186
-0.011303,-0.009545,0.009976
-0.009385,-0.010744,0.009845
-0.007047,-0.010934,0.010302
-0.005734,-0.008808,0.008070
-0.004910,-0.012009,0.010941
-0.003730,-0.011867,0.008265
-0.002285,-0.009766,0.006812
-0.001394,-0.010787,0.006449
-0.000591,-0.010931,0.008276
0.000873,-0.011925,0.007391
0.003871,-0.010314,0.006652
0.004357,-0.011071,0.004708
0.005576,-0.012090,0.006357
0.006302,-0.010136,0.005657
0.010066,-0.011349,0.006360
0.010821,-0.012745,0.007806
0.008536,-0.010816,0.006915
0.015408,-0.011425,0.008315
0.013485,-0.010553,0.006624
0.015862,-0.008958,0.005562
0.016559,-0.010806,0.006260
0.015249,-0.010194,0.004966
0.019124,-0.011145,0.005761
0.021892,-0.013157,0.004195
0.020843,-0.010995,0.005956
0.022328,-0.009145,0.005646
0.024737,-0.011811,0.005130
0.027703,-0.012418,0.006116
0.029007,-0.011666,0.006503
0.029462,-0.011138,0.003940
0.031383,-0.010367,0.005650
0.031794,-0.011433,0.003034
0.035206,-0.010752,0.006190
0.034373,-0.011025,0.003364
0.036621,-0.009494,0.005029
0.038745,-0.010727,0.003610
0.039966,-0.012219,0.001988
0.040546,-0.011118,0.004067
0.043267,-0.011655,0.001245
0.043528,-0.013040,0.001292
0.045154,-0.009465,0.002116
0.045806,-0.011116,0.002992
0.046516,-0.012921,0.002781
0.048119,-0.009428,0.001967
0.052933,-0.013632,0.000552
0.050284,-0.011290,0.001111
0.053935,-0.011549,0.003556
0.053326,-0.012698,0.000963
0.055951,-0.008642,0.000689
0.057551,-0.010261,0.001710
0.057820,-0.011552,0.002407
0.058558,-0.009964,0.001509
0.060886,-0.010708,-0.000189
0.062995,-0.010384,0.001455
0.062728,-0.012594,0.000598
0.064853,-0.012374,-0.001129
0.066089,-0.011250,-0.001687
0.066822,-0.011474,0.000838
0.070126,-0.010451,-0.002402
0.072550,-0.010350,-0.004590
0.071318,-0.010972,-0.002553
0.074446,-0.010859,-0.002245
0.075672,-0.010199,-0.003361
0.077939,-0.012804,-0.002686
0.078324,-0.010785,-0.006347
0.080130,-0.011599,-0.006525
0.080199,-0.011454,-0.004855
0.081898,-0.011264,-0.006899
0.084116,-0.012563,-0.007595
0.084030,-0.009799,-0.007941
0.086829,-0.011198,-0.011469
0.087480,-0.012660,-0.010274
0.089371,-0.012535,-0.009530
0.088935,-0.009636,-0.010354
0.093682,-0.011502,-0.012242
0.092862,-0.012049,-0.011743
0.095410,-0.013050,-0.014259
0.096201,-0.010231,-0.013731
0.097671,-0.012174,-0.016782
0.100132,-0.012679,-0.016804
0.100797,-0.013876,-0.016997
0.102259,-0.011819,-0.019001
0.103698,-0.012401,-0.019619
0.103562,-0.012142,-0.021620
0.105837,-0.013114,-0.019979
0.107432,-0.012859,-0.022531
0.110504,-0.012772,-0.022806
0.109045,-0.011694,-0.021918
0.111475,-0.011565,-0.025149
0.113404,-0.012167,-0.024604
0.113952,-0.012326,-0.023825
0.115524,-0.011636,-0.024415
0.119512,-0.012117,-0.024581
0.121040,-0.011522,-0.027696
0.119825,-0.011913,-0.027108
0.121921,-0.013910,-0.026446
0.122875,-0.010938,-0.029411
0.124322,-0.013000,-0.026716
0.126997,-0.012879,-0.029497
0.126912,-0.011526,-0.030921
0.131449,-0.013352,-0.030576
0.131269,-0.012640,-0.030495
0.131969,-0.012876,-0.030665
0.134193,-0.012018,-0.033278
0.133878,-0.013361,-0.030182
0.135740,-0.013191,-0.032894
0.137201,-0.012447,-0.034003
0.139431,-0.012379,-0.032851
0.140696,-0.013165,-0.032937
0.140001,-0.013368,-0.033968
0.143239,-0.013348,-0.033994
0.142839,-0.012317,-0.033010
0.146506,-0.011880,-0.035855
0.148809,-0.012617,-0.035594
0.148774,-0.013402,-0.036109
0.150364,-0.013550,-0.037803
0.150668,-0.013610,-0.038288
0.152870,-0.013213,-0.037389
0.156015,-0.013053,-0.037829
0.156421,-0.011302,-0.038637
0.160224,-0.012486,-0.038846
0.157532,-0.014249,-0.040411
0.160972,-0.013956,-0.038386
0.161629,-0.013775,-0.036341
0.163208,-0.010420,-0.039621
0.162182,-0.011779,-0.041076
0.166516,-0.011883,-0.038783
0.165480,-0.012170,-0.041917
0.168204,-0.013944,-0.042538
0.170470,-0.013284,-0.043401
0.171967,-0.014362,-0.042180
0.172299,-0.012963,-0.041849
0.173581,-0.013566,-0.043079
0.177304,-0.011937,-0.040432
0.176570,-0.015427,-0.043618
0.179027,-0.013757,-0.043062
0.180344,-0.012939,-0.043520
0.181409,-0.012598,-0.042606
0.185354,-0.013957,-0.045816
0.184070,-0.011197,-0.044615
0.185731,-0.014677,-0.048108
0.186898,-0.014130,-0.046146
0.189215,-0.015628,-0.052370
0.191992,-0.011797,-0.050867
0.191813,-0.012153,-0.054025
0.193404,-0.014650,-0.053744
0.195912,-0.012811,-0.055829
0.195494,-0.013218,-0.055707
0.197972,-0.012682,-0.056846
0.199267,-0.015177,-0.059771
0.201907,-0.014183,-0.061468
0.202809,-0.013846,-0.067008
0.205124,-0.015464,-0.070464
0.205429,-0.015001,-0.072192
0.206649,-0.014761,-0.073741
0.207740,-0.016135,-0.079548
0.210964,-0.016053,-0.084987
0.212413,-0.017664,-0.093384
0.216131,-0.014579,-0.100430
-0.096151,-0.012915,-0.053561
-0.093867,-0.012809,-0.044595
-0.093142,-0.012309,-0.035493
-0.091486,-0.011441,-0.034201
-0.088557,-0.008914,-0.028594
-0.088434,-0.009602,-0.024876
-0.086573,-0.009440,-0.022756
-0.083937,-0.009741,-0.018469
-0.083112,-0.011060,-0.014954
-0.081556,-0.008458,-0.013229
-0.080497,-0.009888,-0.012923
-0.078048,-0.010674,-0.008959
-0.075554,-0.008877,-0.007263
-0.075267,-0.009702,-0.003617
-0.073691,-0.010842,-0.004363
-0.075823,-0.011031,0.000056
-0.070704,-0.008455,-0.001210
-0.069732,-0.009471,-0.000541
-0.068538,-0.011447,-0.000607
-0.066138,-0.009541,0.000905
-0.066403,-0.009037,0.003709
-0.066390,-0.009534,0.003282
-0.062321,-0.009578,0.005769
-0.061381,-0.009383,0.003603
-0.060816,-0.010204,0.005703
-0.059244,-0.009415,0.007230
-0.057436,-0.009041,0.008037
-0.057065,-0.009250,0.006749
-0.055369,-0.010119,0.008372
-0.054929,-0.009324,0.009023
-0.051364,-0.009195,0.008879
-0.050401,-0.009909,0.010618
-0.049318,-0.010127,0.008518
-0.046839,-0.008105,0.010038
-0.047494,-0.009965,0.011921
-0.044896,-0.007891,0.011651
-0.044086,-0.011061,0.010703
-0.042662,-0.007328,0.011331
-0.038964,-0.008453,0.011146
-0.041168,-0.008192,0.012114
-0.039608,-0.008684,0.011264
-0.036895,-0.008652,0.012721
-0.036344,-0.008742,0.010951
-0.034761,-0.009401,0.010098
-0.033091,-0.010628,0.011276
-0.030725,-0.008747,0.010862
-0.030130,-0.010653,0.010842
-0.027461,-0.010149,0.011071
-0.026566,-0.010755,0.009476
-0.027512,-0.009861,0.010319
-0.024549,-0.008999,0.007508
-0.024906,-0.009693,0.011318
-0.020850,-0.008882,0.010597
-0.020609,-0.009537,0.009890
-0.018026,-0.010522,0.009733
-0.018054,-0.009734,0.009557
-0.015750,-0.010884,0.010155
-0.015018,-0.009617,0.008677
-0.013076,-0.008987,0.008524
-0.011870,-0.010590,0.008854
-0.011063,-0.007693,0.009787
-0.008741,-0.007427,0.008336
-0.007685,-0.009088,0.009878
-0.004067,-0.010084,0.009244
-0.005299,-0.007999,0.008781
-0.005049,-0.009709,0.008867
-0.001779,-0.009687,0.007652
-0.000962,-0.007668,0.008810
-0.000395,-0.010049,0.007942
0.000541,-0.009179,0.006435
0.002974,-0.009955,0.007720
0.003947,-0.009965,0.005830
0.004417,-0.007545,0.006904
0.006651,-0.007445,0.007018
0.008131,-0.008037,0.005241
0.010089,-0.008463,0.006791
0.013536,-0.008958,0.007967
0.011774,-0.010238,0.005550
0.013657,-0.009550,0.007586
0.015666,-0.010088,0.004992
0.016679,-0.008973,0.008140
0.018247,-0.009082,0.005610
0.021006,-0.010997,0.005467
0.020660,-0.008863,0.006254
0.024045,-0.009969,0.005773
0.024187,-0.009503,0.005505
0.026756,-0.010905,0.005836
0.026063,-0.011438,0.005041
0.026138,-0.008369,0.004572
0.029357,-0.009465,0.006545
0.029201,-0.011940,0.005700
0.032673,-0.009306,0.006047
0.034973,-0.011040,0.002700
0.034479,-0.008180,0.003437
0.034259,-0.008739,0.005670
0.036954,-0.009937,0.004388
0.037515,-0.009599,0.001397
0.040998,-0.010362,0.004511
0.041527,-0.009267,0.002441
0.043620,-0.008572,0.002709
0.045928,-0.008949,0.003385
0.045996,-0.009404,0.003362
0.048776,-0.007575,0.003366
0.049650,-0.008887,0.002772
0.049830,-0.009778,0.003352
0.051831,-0.009257,0.001876
0.052548,-0.010715,0.002700
0.055822,-0.008811,0.000803
0.055129,-0.010784,0.002310
0.057347,-0.009737,0.000567
0.060019,-0.008015,0.000855
0.057157,-0.008803,0.000885
0.060524,-0.009150,0.000253
0.062994,-0.009945,0.001676
0.063204,-0.008653,0.001553
0.066111,-0.009772,-0.000998
0.067463,-0.009261,0.000745
0.068583,-0.008869,-0.001331
0.069298,-0.009655,-0.001297
0.070673,-0.009571,-0.001685
0.070535,-0.009278,-0.002619
0.074075,-0.009140,-0.002300
0.073106,-0.009332,-0.004638
0.077294,-0.008707,-0.003428
0.077576,-0.009240,-0.004580
0.080262,-0.010797,-0.004419
0.080152,-0.010021,-0.005194
0.080989,-0.010895,-0.004900
0.084452,-0.008766,-0.006606
0.083589,-0.011351,-0.007901
0.086899,-0.012236,-0.008812
0.088144,-0.008587,-0.008392
0.088948,-0.011349,-0.011960
0.090835,-0.008235,-0.010234
0.091100,-0.010050,-0.011207
0.093902,-0.009628,-0.011516
0.095556,-0.010375,-0.012428
0.096216,-0.010327,-0.013396
0.099116,-0.010027,-0.015229
0.098799,-0.011419,-0.016835
0.100157,-0.010853,-0.017326
0.101235,-0.011881,-0.018845
0.105608,-0.011779,-0.020161
0.107343,-0.008911,-0.018912
0.105517,-0.009127,-0.020267
0.107456,-0.011341,-0.021452
0.109623,-0.009982,-0.023542
0.110893,-0.011638,-0.022520
0.110208,-0.011717,-0.021672
0.114918,-0.011891,-0.021743
0.114297,-0.010601,-0.022929
0.114958,-0.010346,-0.025110
0.119019,-0.010814,-0.024610
0.118130,-0.010377,-0.025664
0.120751,-0.011279,-0.027199
0.120793,-0.011181,-0.026236
0.125307,-0.010939,-0.028596
0.124726,-0.011101,-0.029919
0.125256,-0.012090,-0.027924
0.126208,-0.010936,-0.028483
0.128456,-0.012156,-0.030255
0.131602,-0.011975,-0.029401
0.131992,-0.012112,-0.031430
0.134414,-0.012151,-0.030387
0.135242,-0.011781,-0.030788
0.135580,-0.011740,-0.030827
0.137698,-0.009457,-0.032699
0.136741,-0.009787,-0.033305
0.142758,-0.012688,-0.031407
0.140347,-0.012344,-0.032007
0.141716,-0.010349,-0.032678
0.144740,-0.012061,-0.033419
0.145390,-0.011349,-0.034275
0.147744,-0.010909,-0.035125
0.148842,-0.010129,-0.036179
0.149393,-0.010705,-0.035743
0.152191,-0.012571,-0.035844
0.154262,-0.011869,-0.038421
0.154774,-0.012251,-0.038217
0.155886,-0.011873,-0.037796
0.157832,-0.010893,-0.039578
0.158797,-0.012460,-0.040226
0.160432,-0.011326,-0.039142
0.159640,-0.011923,-0.039074
0.163986,-0.012413,-0.039679
0.164835,-0.009478,-0.039834
0.165267,-0.011334,-0.041236
0.165167,-0.010925,-0.040148
0.170065,-0.012252,-0.041067
0.170054,-0.011179,-0.042488
0.171982,-0.012545,-0.043949
0.171529,-0.013595,-0.040756
0.174585,-0.012423,-0.042510
0.175683,-0.011946,-0.044677
0.177801,-0.012152,-0.043969
0.178858,-0.012459,-0.043369
0.180698,-0.010675,-0.044592
0.180415,-0.009426,-0.044774
0.183131,-0.012523,-0.046985
0.185124,-0.012084,-0.047889
0.185333,-0.010622,-0.045440
0.187032,-0.011256,-0.047912
0.188895,-0.013081,-0.050075
0.190888,-0.010714,-0.051463
0.191039,-0.012590,-0.054127
0.192687,-0.012551,-0.054574
0.194773,-0.013109,-0.054104
0.196632,-0.012594,-0.056616
0.199388,-0.011539,-0.059650
0.199921,-0.012883,-0.060126
0.202004,-0.011727,-0.064939
0.203423,-0.010961,-0.067352
0.206156,-0.013435,-0.069405
0.205626,-0.013848,-0.072747
0.206914,-0.011854,-0.077124
0.207901,-0.014342,-0.081890
0.211345,-0.014934,-0.089282
0.212481,-0.014470,-0.094025
-0.096970,-0.011663,-0.054401
-0.094674,-0.009977,-0.044219
-0.092115,-0.008827,-0.036353
-0.090103,-0.008897,-0.033045
-0.089476,-0.009437,-0.028857
-0.087745,-0.008328,-0.024881
-0.087354,-0.009986,-0.021620
-0.085336,-0.008462,-0.018405
-0.082898,-0.008647,-0.017285
-0.081232,-0.007641,-0.013234
-0.079508,-0.009545,-0.010454
-0.080153,-0.007754,-0.010041
-0.078098,-0.007095,-0.007435
-0.075930,-0.009756,-0.006317
-0.073980,-0.009195,-0.001901
-0.072686,-0.007090,-0.001492
-0.073576,-0.007459,-0.002487
-0.072208,-0.008809,-0.001359
-0.068859,-0.006738,0.001668
-0.067536,-0.009360,0.002370
-0.065855,-0.006513,0.002430
-0.065882,-0.007633,0.001655
-0.063506,-0.009388,0.002560
-0.062632,-0.009052,0.004480
-0.059138,-0.008176,0.008182
-0.060956,-0.007883,0.006708
-0.056219,-0.006314,0.008544
-0.056654,-0.007709,0.008562
-0.052961,-0.009435,0.008556
-0.054407,-0.007827,0.009454
-0.052363,-0.006878,0.008216
-0.050102,-0.006962,0.008676
-0.049636,-0.005928,0.008648
-0.049568,-0.006587,0.009901
-0.046450,-0.008274,0.010954
-0.045893,-0.007731,0.011061
-0.045010,-0.006900,0.013243
-0.044480,-0.007438,0.011800
-0.040505,-0.007214,0.012315
-0.040416,-0.004362,0.011843
-0.038085,-0.008134,0.010463
-0.038854,-0.007317,0.010901
-0.034582,-0.007609,0.011302
-0.033856,-0.008252,0.011797
-0.033052,-0.005965,0.011744
-0.031420,-0.006730,0.011562
-0.030884,-0.006911,0.011402
-0.029844,-0.009063,0.010258
-0.026975,-0.007733,0.009209
-0.024391,-0.009673,0.010488
-0.023954,-0.007876,0.010461
-0.023940,-0.006648,0.008653
-0.022884,-0.007781,0.008436
-0.021542,-0.007477,0.010676
-0.019270,-0.006667,0.010092
-0.019114,-0.006942,0.010654
-0.017158,-0.007826,0.012180
-0.014363,-0.006869,0.009862
-0.013853,-0.008956,0.009402
-0.013378,-0.008191,0.010431
-0.012176,-0.007099,0.009776
-0.009865,-0.008219,0.009346
-0.010145,-0.005761,0.009706
-0.006756,-0.009323,0.009462
-0.006045,-0.007263,0.009858
-0.002107,-0.008600,0.008830
-0.002784,-0.007886,0.008359
-0.001306,-0.010010,0.007912
0.001303,-0.008134,0.009185
0.000992,-0.008343,0.006750
0.003132,-0.006842,0.007174
0.003292,-0.007237,0.008726
0.007055,-0.008024,0.007474
0.006675,-0.009416,0.007402
0.009791,-0.007756,0.009561
0.010998,-0.008655,0.008302
0.010336,-0.009601,0.007784
0.012567,-0.006275,0.006892
0.015378,-0.007509,0.007917
0.017840,-0.009770,0.007561
0.018302,-0.009830,0.006833
0.019138,-0.006661,0.007696
0.018470,-0.007982,0.006746
0.020804,-0.006949,0.006998
0.023267,-0.008742,0.007658
0.024366,-0.008297,0.006496
0.024677,-0.008427,0.006009
0.028032,-0.007226,0.006309
0.028379,-0.007827,0.006870
0.028822,-0.006925,0.005390
0.031508,-0.007210,0.004969
0.032687,-0.007591,0.005041
0.033323,-0.007686,0.004718
0.033923,-0.006995,0.004976
0.036220,-0.009657,0.004329
0.038187,-0.008611,0.005263
0.038312,-0.007122,0.003211
0.040458,-0.009695,0.004446
0.042148,-0.007281,0.004560
0.042321,-0.008421,0.004605
0.043257,-0.009724,0.004441
0.047343,-0.007460,0.005401
0.047429,-0.008065,0.003375
0.049538,-0.007335,0.002203
0.049804,-0.006275,0.003857
0.051673,-0.008758,0.003364
0.052756,-0.006962,0.002472
0.053375,-0.006038,0.002332
0.055679,-0.005857,0.004280
0.055520,-0.007058,0.000898
0.058729,-0.008484,0.002901
0.059666,-0.008358,0.001080
0.059193,-0.007813,0.000937
0.063981,-0.005457,0.001684
0.062475,-0.006126,0.004296
0.064369,-0.009333,0.000454
0.066990,-0.006422,0.001047
0.068463,-0.007852,0.000723
0.068982,-0.005375,-0.000707
0.070856,-0.008242,-0.000463
0.073226,-0.008055,-0.000809
0.074103,-0.006743,-0.001918
0.074907,-0.007662,-0.002690
0.076756,-0.007360,-0.003170
0.078548,-0.009109,-0.003459
0.079209,-0.009498,-0.003077
0.079860,-0.008648,-0.005205
0.082806,-0.008927,-0.005618
0.083750,-0.006098,-0.006541
0.085849,-0.010046,-0.006366
0.085395,-0.007580,-0.007746
0.088717,-0.009956,-0.008796
0.088177,-0.009550,-0.008443
0.090433,-0.008616,-0.010250
0.089773,-0.009815,-0.011139
0.093650,-0.009188,-0.011428
0.094613,-0.010450,-0.013193
0.095524,-0.008826,-0.016462
0.095562,-0.008154,-0.013492
0.097903,-0.010163,-0.015734
0.101252,-0.010095,-0.015673
0.101814,-0.008321,-0.019507
0.103419,-0.009452,-0.017693
0.104472,-0.010151,-0.017652
0.105813,-0.009038,-0.021536
0.107425,-0.007948,-0.020989
0.109766,-0.008105,-0.020978
0.112319,-0.010384,-0.020738
0.110249,-0.008229,-0.020792
0.113986,-0.008350,-0.023300
0.115733,-0.009918,-0.022369
0.117622,-0.009137,-0.025258
0.118102,-0.010733,-0.025852
0.119378,-0.010519,-0.026976
0.121242,-0.009334,-0.025280
0.122145,-0.010162,-0.024791
0.123860,-0.008289,-0.028138
0.124941,-0.010729,-0.027569
0.126497,-0.010019,-0.030298
0.128436,-0.008260,-0.030327
0.129851,-0.009869,-0.028620
0.130920,-0.008822,-0.031065
0.130185,-0.010086,-0.030580
0.130934,-0.010140,-0.030341
0.134382,-0.009506,-0.030745
0.135558,-0.011140,-0.031604
0.137937,-0.010995,-0.030186
0.139792,-0.008598,-0.034052
0.140985,-0.011216,-0.033593
0.139934,-0.010212,-0.030159
0.143476,-0.009673,-0.032939
0.144710,-0.008372,-0.033851
0.145097,-0.008367,-0.034471
0.147594,-0.007968,-0.035857
0.150368,-0.010748,-0.037334
0.150456,-0.008669,-0.036337
0.151446,-0.011778,-0.035805
0.153553,-0.009174,-0.037403
0.153439,-0.010226,-0.038777
0.155797,-0.011371,-0.040446
0.158013,-0.009150,-0.038121
0.157780,-0.009727,-0.037940
0.160779,-0.011633,-0.039437
0.161703,-0.009910,-0.038922
0.163110,-0.007891,-0.037852
0.164204,-0.010646,-0.037991
0.166597,-0.010069,-0.039877
0.167915,-0.010337,-0.041097
0.168854,-0.008460,-0.042370
0.170127,-0.011804,-0.041075
0.172293,-0.009180,-0.041728
0.174202,-0.009941,-0.042142
0.174585,-0.008515,-0.042756
0.176817,-0.007498,-0.040651
0.178165,-0.011588,-0.043847
0.178726,-0.010302,-0.043923
0.179710,-0.009343,-0.046023
0.181804,-0.011712,-0.044197
0.182850,-0.011833,-0.045960
0.185030,-0.008595,-0.048360
0.187845,-0.010490,-0.048933
0.188072,-0.009148,-0.048244
0.187622,-0.009230,-0.050342
0.191013,-0.012751,-0.054089
0.192191,-0.011525,-0.052815
0.194614,-0.009344,-0.055493
0.193067,-0.011794,-0.055345
0.196561,-0.011785,-0.056517
0.199148,-0.009856,-0.058169
0.199531,-0.011420,-0.062696
0.201289,-0.013621,-0.066132
0.201251,-0.011574,-0.066688
0.206424,-0.013223,-0.069397
0.206793,-0.011928,-0.072469
0.210558,-0.011888,-0.075935
0.209572,-0.012299,-0.082438
0.210756,-0.013360,-0.090771
0.213309,-0.012529,-0.097046
-0.096310,-0.006221,-0.052980
-0.094900,-0.007541,-0.042200
-0.093109,-0.007675,-0.035139
-0.090978,-0.009049,-0.031399
-0.089524,-0.007298,-0.027538
-0.090268,-0.007822,-0.023277
-0.086782,-0.008475,-0.021774
-0.085383,-0.006284,-0.018230
-0.083884,-0.007416,-0.014648
-0.080662,-0.006855,-0.013030
-0.082398,-0.006707,-0.013221
-0.079469,-0.008966,-0.009632
-0.077331,-0.008295,-0.007058
-0.076801,-0.007026,-0.005398
-0.074222,-0.007618,-0.003863
-0.074845,-0.008729,-0.001502
-0.072318,-0.006129,-0.002579
-0.070565,-0.007161,-0.000342
-0.069015,-0.006548,0.000274
-0.067300,-0.007107,0.002113
-0.067113,-0.005958,0.003222
-0.064810,-0.007052,0.004078
-0.064503,-0.007145,0.004815
-0.061651,-0.006109,0.006285
-0.061831,-0.005117,0.007664
-0.058836,-0.007530,0.006704
-0.057285,-0.006871,0.010192
-0.056282,-0.005516,0.007603
-0.054029,-0.006395,0.008960
-0.054996,-0.004835,0.008242
-0.051441,-0.006090,0.011693
-0.049977,-0.005464,0.009314
-0.048188,-0.006261,0.010253
-0.046825,-0.007092,0.010404
-0.047168,-0.006526,0.011756
-0.045686,-0.003986,0.010938
-0.045423,-0.005445,0.011915
-0.041298,-0.006978,0.012448
-0.038651,-0.004752,0.013043
-0.039490,-0.005993,0.013055
-0.038332,-0.007583,0.012977
-0.036760,-0.005858,0.011129
-0.035194,-0.005801,0.011840
-0.033142,-0.004680,0.011848
-0.031987,-0.005555,0.010655
-0.031989,-0.005349,0.011507
-0.030442,-0.006088,0.009717
-0.027489,-0.006739,0.012051
-0.028172,-0.005670,0.010860
-0.026262,-0.005829,0.012539
-0.023890,-0.005954,0.012186
-0.023302,-0.005081,0.011851
-0.022138,-0.008634,0.009670
-0.019711,-0.005429,0.009202
-0.016674,-0.005757,0.010374
-0.017315,-0.004761,0.010295
-0.014979,-0.004428,0.010234
-0.013887,-0.005803,0.009524
-0.013832,-0.005681,0.009558
-0.011846,-0.005197,0.010024
-0.009876,-0.006253,0.008526
-0.009278,-0.006916,0.011071
-0.007633,-0.006345,0.010240
-0.006303,-0.005802,0.010312
-0.005253,-0.004498,0.008555
-0.003796,-0.006759,0.010888
-0.003097,-0.007838,0.008802
-0.001682,-0.005588,0.007739
-0.001632,-0.006630,0.009231
0.004327,-0.005269,0.009328
0.003171,-0.005746,0.008407
0.004689,-0.006654,0.007538
0.007711,-0.007680,0.007557
0.006333,-0.005371,0.009524
0.008671,-0.007772,0.006329
0.012689,-0.005068,0.008085
0.011908,-0.005945,0.009672
0.012906,-0.006650,0.006811
0.012597,-0.005056,0.007713
0.014068,-0.005418,0.005784
0.017813,-0.005282,0.007549
0.019003,-0.005691,0.008397
0.019888,-0.005823,0.007196
0.019945,-0.006223,0.006789
0.022899,-0.006479,0.006600
0.025819,-0.005664,0.006354
0.025275,-0.006380,0.006606
0.026173,-0.006091,0.005675
0.027186,-0.005680,0.007088
0.029097,-0.007321,0.003549
0.028843,-0.006647,0.004586
0.033458,-0.005345,0.006681
0.034226,-0.006299,0.007315
0.035047,-0.006468,0.005459
0.037609,-0.006681,0.005889
0.036309,-0.006254,0.002714
0.038678,-0.007206,0.008138
0.039499,-0.004983,0.004471
0.043669,-0.004599,0.004939
0.042445,-0.006486,0.004128
0.044988,-0.006809,0.004243
0.045385,-0.004656,0.004707
0.048174,-0.007493,0.004512
0.047721,-0.004915,0.003804
0.052464,-0.004941,0.003966
0.052704,-0.006496,0.003112
0.051989,-0.006229,0.003715
0.054143,-0.006447,0.004085
0.054090,-0.006803,0.003649
0.058194,-0.005948,0.001623
0.057073,-0.007090,0.003443
0.060001,-0.007532,0.002632
0.061746,-0.005480,0.003871
0.063112,-0.006426,0.001109
0.063962,-0.005950,0.001715
0.065128,-0.006469,0.001752
0.065231,-0.005882,0.001037
0.067633,-0.004754,-0.002049
0.069133,-0.008169,-0.001784
0.070765,-0.006349,-0.000513
0.072386,-0.005888,-0.001772
0.073889,-0.007739,-0.000150
0.075079,-0.006783,-0.001215
0.077653,-0.005665,-0.003124
0.078891,-0.005908,-0.003692
0.080598,-0.004899,-0.003554
0.080265,-0.007072,-0.003583
0.082378,-0.006533,-0.006925
0.084319,-0.006638,-0.006836
0.083441,-0.006983,-0.007410
0.087720,-0.007031,-0.006523
0.089091,-0.006778,-0.006631
0.087912,-0.005617,-0.007700
0.091757,-0.006502,-0.011422
0.092352,-0.005638,-0.009806
0.094107,-0.008634,-0.009568
0.095495,-0.007089,-0.010957
0.096569,-0.008294,-0.012890
0.096796,-0.008951,-0.013504
0.098185,-0.006246,-0.015454
0.102701,-0.007310,-0.016942
0.103045,-0.008320,-0.016678
0.103017,-0.005824,-0.017545
0.103932,-0.008129,-0.017199
0.106317,-0.006233,-0.019805
0.108608,-0.005611,-0.020934
0.110485,-0.006741,-0.022309
0.112876,-0.005475,-0.021793
0.113438,-0.006802,-0.021078
0.112538,-0.007494,-0.021406
0.114605,-0.008480,-0.023924
0.117733,-0.008625,-0.024656
0.119010,-0.007224,-0.025163
0.118392,-0.007178,-0.026320
0.122056,-0.007841,-0.025949
0.120828,-0.007790,-0.026501
0.122756,-0.008739,-0.025871
0.124527,-0.008241,-0.028183
0.127169,-0.007859,-0.029538
0.129694,-0.007618,-0.028324
0.127208,-0.008364,-0.028622
0.130209,-0.007753,-0.028771
0.130920,-0.009000,-0.032071
0.132392,-0.007581,-0.029733
0.135667,-0.008667,-0.028502
0.136159,-0.007289,-0.030585
0.138321,-0.009006,-0.030622
0.138916,-0.006599,-0.031107
0.140901,-0.008509,-0.031452
0.141343,-0.008276,-0.031659
0.142758,-0.008223,-0.031924
0.143654,-0.007133,-0.033901
0.147059,-0.008612,-0.032994
0.146424,-0.009426,-0.034499
0.149408,-0.007520,-0.034916
0.149547,-0.007602,-0.034074
0.152238,-0.009773,-0.035957
0.152329,-0.007133,-0.037377
0.154886,-0.007783,-0.038712
0.155274,-0.008455,-0.038040
0.156974,-0.007131,-0.038667
0.157902,-0.007689,-0.037794
0.160153,-0.008595,-0.037673
0.161134,-0.010440,-0.038072
0.161744,-0.008277,-0.037106
0.163847,-0.008025,-0.041136
0.164070,-0.008511,-0.039593
0.166483,-0.007301,-0.041708
0.168643,-0.008200,-0.041250
0.169719,-0.008622,-0.041000
0.171375,-0.010568,-0.040244
0.172852,-0.008167,-0.039606
0.172662,-0.005743,-0.041962
0.175860,-0.010104,-0.044852
0.175431,-0.008815,-0.042900
0.178496,-0.011158,-0.043885
0.181636,-0.008539,-0.044041
0.180295,-0.008222,-0.045780
0.181966,-0.010623,-0.046417
0.185566,-0.009271,-0.046489
0.185521,-0.007303,-0.047321
0.187288,-0.008816,-0.051251
0.189529,-0.009679,-0.051439
0.190539,-0.009217,-0.051822
0.193085,-0.010796,-0.053508
0.192951,-0.007190,-0.055627
0.193953,-0.008583,-0.057472
0.195643,-0.010417,-0.056632
0.197042,-0.010948,-0.058975
0.199293,-0.010241,-0.059790
0.201081,-0.012306,-0.064829
0.202971,-0.009481,-0.069482
0.204272,-0.011021,-0.073564
0.206158,-0.011854,-0.073367
0.206528,-0.010124,-0.077576
0.209211,-0.010845,-0.084495
0.211069,-0.011502,-0.092366
0.213268,-0.011738,-0.098487
-0.096104,-0.007558,-0.052980
-0.094455,-0.008230,-0.042584
-0.091856,-0.004477,-0.035623
-0.092082,-0.006738,-0.031213
-0.087985,-0.005979,-0.029050
-0.088333,-0.005897,-0.023838
-0.088103,-0.003969,-0.019857
-0.084629,-0.005434,-0.019770
-0.083853,-0.006679,-0.015363
-0.085217,-0.005499,-0.014083
-0.077791,-0.006192,-0.010718
-0.078755,-0.006473,-0.009018
-0.078591,-0.007652,-0.006160
-0.076555,-0.006238,-0.005625
-0.073887,-0.005769,-0.002996
-0.073858,-0.006879,-0.001965
-0.071868,-0.005872,-0.000168
-0.070013,-0.005386,0.000860
-0.069708,-0.005172,0.001943
-0.068231,-0.004292,0.001701
-0.066640,-0.004646,0.002684
-0.066044,-0.002561,0.004632
-0.063343,-0.004361,0.002996
-0.062472,-0.006434,0.006201
-0.061327,-0.002991,0.006542
-0.058602,-0.004964,0.006752
-0.057379,-0.004266,0.009502
-0.055751,-0.004169,0.009005
-0.054652,-0.004321,0.008522
-0.053172,-0.003481,0.010870
-0.054352,-0.004992,0.009695
-0.051467,-0.003872,0.008636
-0.048750,-0.004493,0.011792
-0.045956,-0.004821,0.010021
-0.045774,-0.003844,0.009987
-0.044106,-0.005879,0.010611
-0.043898,-0.004312,0.010974
-0.041503,-0.005189,0.012481
-0.040842,-0.005076,0.012268
-0.038365,-0.002281,0.012637
-0.037208,-0.002875,0.012206
-0.037436,-0.004167,0.011957
-0.035385,-0.002730,0.010342
-0.034407,-0.003767,0.012452
-0.032886,-0.004994,0.013331
-0.030221,-0.003214,0.010797
-0.029091,-0.002626,0.012698
-0.028568,-0.003983,0.012299
-0.028810,-0.004979,0.012415
-0.025880,-0.004774,0.011477
-0.023778,-0.002850,0.012382
-0.025382,-0.004702,0.011563
-0.020427,-0.004349,0.010027
-0.020971,-0.003116,0.009518
-0.020162,-0.006013,0.010443
-0.017531,-0.003743,0.011044
-0.016437,-0.004526,0.012010
-0.015992,-0.003428,0.010295
-0.013272,-0.005447,0.011327
-0.011602,-0.004239,0.010176
-0.012462,-0.004518,0.011333
-0.008600,-0.005355,0.009691
-0.005827,-0.004361,0.008775
-0.007190,-0.003649,0.011244
-0.004074,-0.003624,0.010102
-0.005119,-0.004370,0.009321
-0.005159,-0.004275,0.008983
-0.002997,-0.002683,0.008019
0.000339,-0.004193,0.007847
0.002577,-0.003517,0.010968
0.005730,-0.006002,0.007508
0.005498,-0.002775,0.010056
0.003731,-0.004346,0.007626
0.009093,-0.005321,0.006861
0.010301,-0.003306,0.007758
0.009791,-0.005060,0.008410
0.011764,-0.006055,0.007527
0.013344,-0.003937,0.008419
0.013468,-0.004720,0.008271
0.017167,-0.001964,0.008183
0.017303,-0.004241,0.006510
0.016696,-0.004118,0.006990
0.018132,-0.004570,0.008193
0.021278,-0.004166,0.007983
0.023670,-0.005659,0.007258
0.022746,-0.004072,0.008321
0.027059,-0.004711,0.007037
0.025636,-0.004800,0.007526
0.028178,-0.004928,0.006875
0.030070,-0.004756,0.006060
0.031279,-0.006626,0.007456
0.032022,-0.002488,0.007339
0.030887,-0.005666,0.007250
0.035207,-0.005323,0.005796
0.036136,-0.004602,0.005086
0.037864,-0.003662,0.005824
0.039762,-0.003561,0.005588
0.041640,-0.005470,0.006294
0.041607,-0.004037,0.004019
0.043798,-0.005602,0.005659
0.044080,-0.007040,0.006559
0.046369,-0.006657,0.006235
0.047717,-0.005890,0.004490
0.048481,-0.004886,0.006150
0.050507,-0.003865,0.006532
0.051565,-0.004691,0.004259
0.053584,-0.002716,0.003911
0.053042,-0.003591,0.003715
0.056559,-0.006191,0.004593
0.057051,-0.003600,0.002831
0.058022,-0.003897,0.003282
0.059872,-0.004386,0.004522
0.060662,-0.004419,0.003252
0.062639,-0.005363,0.002258
0.065449,-0.004577,0.002061
0.064402,-0.004030,0.003008
0.066380,-0.004818,0.001488
0.067736,-0.004427,-0.000156
0.069571,-0.004388,0.001681
0.071960,-0.003481,0.000289
0.071489,-0.005182,0.000043
0.073719,-0.005287,-0.000646
0.075183,-0.004368,-0.001625
0.077924,-0.004561,-0.000295
0.078364,-0.004515,-0.002243
0.078030,-0.004200,-0.003139
0.079615,-0.004878,-0.003931
0.083683,-0.006373,-0.003988
0.082134,-0.005308,-0.002956
0.087257,-0.005287,-0.005657
0.087782,-0.003998,-0.006808
0.087809,-0.006559,-0.007310
0.090044,-0.004020,-0.008634
0.092760,-0.005654,-0.007654
0.092166,-0.007445,-0.009241
0.091951,-0.003410,-0.011850
0.092305,-0.003513,-0.010972
0.096043,-0.004737,-0.011612
0.096679,-0.003975,-0.013895
0.098288,-0.005509,-0.014806
0.098113,-0.004755,-0.013388
0.101071,-0.007538,-0.015050
0.102873,-0.005902,-0.018259
0.107573,-0.004624,-0.018227
0.104917,-0.005956,-0.017850
0.107005,-0.006267,-0.021917
0.110229,-0.005736,-0.020264
0.110626,-0.006161,-0.020995
0.110060,-0.005244,-0.020505
0.113418,-0.005316,-0.022393
0.115302,-0.006066,-0.021909
0.116180,-0.006066,-0.022115
0.116800,-0.004672,-0.025383
0.117579,-0.005463,-0.024538
0.119927,-0.006608,-0.024762
0.121145,-0.005935,-0.022676
0.123036,-0.005662,-0.025873
0.125147,-0.007256,-0.027600
0.125970,-0.006215,-0.027669
0.126942,-0.006882,-0.028092
0.131870,-0.006558,-0.028357
0.130760,-0.004963,-0.031019
0.134386,-0.005171,-0.029459
0.133001,-0.007334,-0.030030
0.135678,-0.006022,-0.029635
0.135874,-0.006750,-0.031095
0.137137,-0.006162,-0.031748
0.137543,-0.007767,-0.032383
0.140995,-0.004990,-0.031246
0.141819,-0.006865,-0.030840
0.143752,-0.007366,-0.033445
0.144384,-0.006766,-0.033882
0.146642,-0.007927,-0.033598
0.148837,-0.007289,-0.033870
0.148160,-0.005599,-0.035671
0.150246,-0.006846,-0.035887
0.152141,-0.005342,-0.035208
0.151486,-0.006481,-0.037369
0.155549,-0.005974,-0.038261
0.156098,-0.007107,-0.037047
0.157921,-0.007026,-0.037552
0.157505,-0.004363,-0.037713
0.160184,-0.007884,-0.040487
0.160152,-0.005847,-0.039954
0.165579,-0.008364,-0.041278
0.163550,-0.007309,-0.039549
0.167622,-0.006486,-0.041026
0.166706,-0.006214,-0.039649
0.169465,-0.008980,-0.039703
0.169907,-0.006324,-0.042085
0.169798,-0.009572,-0.042257
0.172452,-0.007589,-0.039254
0.174950,-0.006217,-0.042142
0.175324,-0.008129,-0.045156
0.178152,-0.008117,-0.044553
0.179366,-0.007425,-0.042785
0.180638,-0.006277,-0.043962
0.181687,-0.006339,-0.043707
0.183618,-0.006910,-0.046614
0.185362,-0.007463,-0.047033
0.185713,-0.008235,-0.048133
0.187385,-0.006372,-0.048222
0.189763,-0.008949,-0.050386
0.189432,-0.008069,-0.051826
0.189932,-0.005582,-0.055405
0.194399,-0.008035,-0.053537
0.195545,-0.007463,-0.058158
0.196101,-0.007490,-0.057992
0.199927,-0.008017,-0.060153
0.200169,-0.007901,-0.065137
0.201868,-0.007134,-0.066921
0.203170,-0.008911,-0.067913
0.206258,-0.007828,-0.070579
0.204992,-0.009970,-0.076008
0.209285,-0.008183,-0.080216
0.209860,-0.010150,-0.088468
0.211260,-0.009506,-0.095701
-0.096154,-0.006188,-0.051101
-0.093335,-0.007854,-0.043057
-0.094603,-0.005335,-0.036906
-0.092430,-0.005676,-0.032198
-0.089520,-0.004589,-0.028920
-0.089730,-0.004284,-0.023455
-0.085499,-0.005044,-0.018147
-0.085314,-0.004037,-0.015494
-0.082837,-0.003634,-0.015368
-0.082037,-0.003619,-0.014017
-0.082580,-0.003110,-0.013217
-0.079015,-0.004613,-0.010459
-0.077936,-0.002106,-0.007021
-0.076032,-0.002859,-0.004786
-0.076251,-0.004338,-0.002155
-0.074536,-0.002233,0.000318
-0.071745,-0.001660,0.000101
-0.071446,-0.003111,0.000064
-0.069157,-0.001622,0.002876
-0.068983,-0.003887,0.001984
-0.065597,-0.004233,0.004926
-0.065247,-0.003188,0.003055
-0.062122,-0.003658,0.004758
-0.062610,-0.003594,0.006062
-0.060988,-0.003207,0.007382
-0.058918,-0.003915,0.008165
-0.057301,-0.003578,0.010043
-0.054402,-0.004020,0.008759
-0.053540,-0.002097,0.009756
-0.052666,-0.002572,0.008471
-0.051948,-0.004816,0.010990
-0.050481,-0.002491,0.009083
-0.048227,-0.003091,0.009923
-0.049694,-0.004112,0.012001
-0.048293,-0.002019,0.009400
-0.044546,-0.001493,0.012572
-0.043059,-0.001899,0.012782
-0.043100,-0.002908,0.012218
-0.042531,-0.003037,0.013450
-0.039417,-0.002786,0.012843
-0.036609,-0.003769,0.012096
-0.035927,-0.003637,0.013514
-0.035442,-0.002731,0.011568
-0.033874,-0.003295,0.013355
-0.034235,-0.002770,0.012542
-0.030967,-0.003179,0.011839
-0.030045,-0.002233,0.012107
-0.027216,-0.002347,0.011759
-0.027941,-0.003247,0.012011
-0.026559,-0.001648,0.011820
-0.024495,-0.000934,0.011780
-0.024840,-0.004070,0.010269
-0.022462,-0.004438,0.010973
-0.021082,-0.002377,0.011896
-0.019605,-0.003254,0.012510
-0.017540,-0.003596,0.010362
-0.016119,-0.003673,0.011933
-0.013705,-0.000662,0.011357
-0.014141,-0.003299,0.011062
-0.012564,-0.002140,0.011716
-0.010569,-0.003609,0.011625
-0.008050,-0.003639,0.010726
-0.007572,-0.001675,0.009839
-0.007471,-0.001463,0.010693
-0.005640,-0.002053,0.010426
-0.003765,-0.003090,0.010579
-0.000638,-0.001603,0.009673
-0.000029,-0.001884,0.007469
0.000027,-0.001799,0.008941
0.000804,-0.002080,0.007864
0.003028,-0.002636,0.008556
0.005040,-0.003244,0.008661
0.007269,-0.002108,0.007430
0.007163,-0.002760,0.009084
0.008400,-0.002067,0.008130
0.012049,-0.004901,0.007863
0.011607,-0.003521,0.008814
0.013840,-0.005191,0.009268
0.014347,-0.003741,0.011299
0.015210,-0.002790,0.008422
0.017442,-0.002823,0.007998
0.018441,-0.003813,0.008020
0.019947,-0.004115,0.006783
0.019112,-0.002909,0.007179
0.022660,-0.003086,0.006832
0.024358,-0.002723,0.006771
0.024177,-0.003510,0.008605
0.026786,-0.003212,0.007524
0.027115,-0.000776,0.007970
0.027428,-0.001613,0.008709
0.032445,-0.002197,0.009827
0.033323,-0.004329,0.007596
0.033707,-0.002752,0.007838
0.035185,-0.001013,0.007517
0.033753,-0.000954,0.005916
0.038452,-0.005409,0.006351
0.037687,-0.004033,0.005668
0.039958,-0.002494,0.009301
0.041218,-0.002752,0.006508
0.041283,-0.003528,0.005335
0.045728,-0.001727,0.005501
0.046375,-0.002772,0.004391
0.047034,-0.002715,0.005572
0.046909,-0.004338,0.006839
0.048863,-0.003068,0.005024
0.050642,-0.002013,0.005180
0.051715,-0.003343,0.004548
0.052662,-0.003075,0.006267
0.056055,-0.004465,0.003578
0.059190,-0.004054,0.005120
0.056260,-0.003252,0.006420
0.060126,-0.004071,0.004681
0.060830,-0.003608,0.004760
0.061957,-0.003198,0.002609
0.065014,-0.002778,0.001605
0.065759,-0.003829,0.003734
0.065097,-0.002135,0.001625
0.069336,-0.002574,0.000599
0.069564,-0.003478,0.000107
0.071753,-0.003768,0.000975
0.072319,-0.002487,0.001369
0.074130,-0.003599,0.001120
0.073694,-0.003497,0.001542
0.075488,-0.004305,-0.002285
0.080028,-0.003517,-0.003664
0.079412,-0.002240,-0.003696
0.081952,-0.004369,-0.004165
0.081669,-0.005366,-0.002661
0.081974,-0.004037,-0.003476
0.083457,-0.002125,-0.005219
0.086275,-0.004463,-0.007257
0.087392,-0.004354,-0.007289
0.087409,-0.002874,-0.008272
0.091505,-0.003880,-0.008865
0.092145,-0.003158,-0.009132
0.094092,-0.004768,-0.008819
0.093688,-0.004395,-0.010596
0.095723,-0.004307,-0.012422
0.098113,-0.005292,-0.012237
0.098556,-0.002859,-0.013842
0.101644,-0.002868,-0.015229
0.101604,-0.004577,-0.013607
0.102662,-0.004445,-0.016859
0.105504,-0.003492,-0.017331
0.105819,-0.002367,-0.017110
0.106586,-0.004661,-0.018977
0.108138,-0.005559,-0.018718
0.111233,-0.003899,-0.021383
0.112815,-0.006033,-0.021228
0.112534,-0.005801,-0.022907
0.115336,-0.003205,-0.021805
0.114634,-0.005561,-0.024765
0.116685,-0.003680,-0.024726
0.118238,-0.003281,-0.024417
0.120713,-0.003875,-0.025316
0.121568,-0.004419,-0.025563
0.122221,-0.005924,-0.027287
0.127074,-0.003152,-0.027356
0.125165,-0.003741,-0.028146
0.129160,-0.005665,-0.028580
0.129045,-0.004208,-0.028598
0.129848,-0.005105,-0.027482
0.132307,-0.004584,-0.029426
0.133849,-0.002816,-0.029304
0.135682,-0.004606,-0.028110
0.136678,-0.003606,-0.030011
0.138551,-0.004543,-0.030208
0.140111,-0.002934,-0.031871
0.139771,-0.005084,-0.032981
0.142509,-0.005345,-0.033862
0.143151,-0.004238,-0.030855
0.145364,-0.005053,-0.030322
0.145567,-0.004255,-0.033669
0.147043,-0.005762,-0.032848
0.149266,-0.004243,-0.033806
0.150325,-0.004098,-0.035575
0.151967,-0.004435,-0.033272
0.153360,-0.004844,-0.034699
0.154951,-0.003500,-0.036840
0.156446,-0.004388,-0.035853
0.157381,-0.004526,-0.036700
0.157385,-0.004548,-0.037469
0.159931,-0.004746,-0.036421
0.161851,-0.004438,-0.038062
0.162115,-0.004933,-0.038910
0.162934,-0.005456,-0.038823
0.165115,-0.005529,-0.041310
0.167020,-0.005786,-0.042200
0.167059,-0.005806,-0.040857
0.171444,-0.007276,-0.040675
0.172297,-0.004299,-0.042465
0.171903,-0.004064,-0.041840
0.173758,-0.007139,-0.044416
0.173249,-0.004422,-0.043845
0.176419,-0.006563,-0.043360
0.178794,-0.004475,-0.045062
0.182931,-0.006355,-0.046384
0.182841,-0.005680,-0.046225
0.184000,-0.007440,-0.045943
0.183186,-0.006586,-0.048681
0.186138,-0.005160,-0.050270
0.188601,-0.005386,-0.048808
0.189530,-0.007240,-0.051356
0.189177,-0.006998,-0.052291
0.193559,-0.004157,-0.052420
0.193603,-0.007086,-0.054639
0.194829,-0.005972,-0.056410
0.196632,-0.004768,-0.058721
0.197527,-0.006894,-0.064375
0.199956,-0.006207,-0.062430
0.202719,-0.006319,-0.066517
0.203564,-0.005141,-0.069877
0.204315,-0.005308,-0.072173
0.205187,-0.007196,-0.075944
0.207508,-0.008193,-0.083211
0.209029,-0.009253,-0.088882
0.210772,-0.007757,-0.096825
-0.095504,-0.004817,-0.054816
-0.094136,-0.002227,-0.043726
-0.093887,-0.001716,-0.035436
-0.091721,-0.002603,-0.031511
-0.090083,-0.003715,-0.027341
-0.088664,-0.002026,-0.022230
-0.086508,-0.001855,-0.020795
-0.084014,-0.002586,-0.018364
-0.083942,-0.000242,-0.013028
-0.082997,-0.003862,-0.014240
-0.081232,-0.002738,-0.011266
-0.077278,-0.003272,-0.009083
-0.076629,-0.000691,-0.006983
-0.078001,-0.003129,-0.003607
-0.075314,0.000171,-0.002431
-0.073073,-0.001808,-0.002589
-0.071943,-0.001061,-0.001609
-0.070495,-0.002848,-0.000529
-0.070811,-0.001519,0.000255
-0.067692,-0.000993,0.002682
-0.065787,-0.000583,0.003306
-0.063266,-0.001570,0.004713
-0.062841,-0.001186,0.005213
-0.062180,0.000233,0.006244
-0.059855,-0.001666,0.007623
-0.059781,0.001043,0.009940
-0.057420,-0.000938,0.009727
-0.053929,-0.002695,0.009570
-0.054736,-0.001278,0.010191
-0.052343,-0.001586,0.008914
-0.052372,-0.001629,0.011574
-0.050427,-0.001782,0.010348
-0.049136,-0.000605,0.011688
-0.047624,-0.000303,0.012565
-0.047151,-0.000053,0.010665
-0.046148,0.000164,0.012050
-0.044492,-0.002185,0.012555
-0.042972,-0.002169,0.011823
-0.040283,-0.000430,0.011964
-0.038998,-0.000926,0.011322
-0.038469,-0.000820,0.014014
-0.036455,-0.000104,0.012368
-0.035300,-0.002407,0.011816
-0.034610,-0.001869,0.011253
-0.032336,-0.001168,0.012438
-0.030345,-0.001938,0.011427
-0.028996,-0.001920,0.011351
-0.027688,-0.001369,0.012281
-0.026894,-0.002642,0.011910
-0.028313,-0.001238,0.012509
-0.024470,-0.001261,0.012361
-0.023739,-0.001619,0.012115
-0.021849,-0.002414,0.008677
-0.019607,-0.001826,0.011029
-0.018926,-0.001172,0.010732
-0.017108,-0.000747,0.012139
-0.015623,-0.002822,0.010803
-0.015804,-0.001043,0.010508
-0.014534,-0.001890,0.010616
-0.012012,-0.001706,0.010999
-0.011200,-0.000149,0.010700
-0.008325,-0.001849,0.011370
-0.009527,-0.001327,0.010521
-0.007407,-0.001321,0.008201
-0.004510,-0.001099,0.008761
-0.003488,-0.001448,0.010025
-0.001459,-0.002701,0.009737
-0.001477,-0.000839,0.009282
-0.000434,-0.000525,0.009273
0.001577,-0.002345,0.008980
0.002948,-0.001449,0.009856
0.002634,-0.001746,0.010040
0.004034,-0.001864,0.009444
0.006502,-0.000505,0.008692
0.009745,0.000419,0.011122
0.011034,-0.000103,0.009545
0.010789,-0.000694,0.008439
0.012741,-0.002248,0.008332
0.012296,-0.000357,0.008591
0.013584,-0.000677,0.009415
0.016103,0.000019,0.008592
0.018221,0.000903,0.010492
0.019093,-0.002843,0.008200
0.021148,-0.001250,0.009138
0.021485,-0.001556,0.008354
0.021573,0.000827,0.008892
0.024489,-0.001515,0.008647
0.023516,-0.000841,0.007881
0.031353,-0.001234,0.008744
0.030680,-0.003339,0.006511
0.032440,-0.001090,0.008082
0.030112,-0.000920,0.005447
0.033228,-0.000853,0.008362
0.035556,-0.001590,0.007742
0.035707,-0.001127,0.009132
0.038544,0.001186,0.008038
0.039198,-0.000399,0.007382
0.041717,-0.002145,0.006678
0.041282,-0.000003,0.007023
0.041980,-0.001662,0.007035
0.044516,-0.000376,0.006239
0.046757,-0.001772,0.005961
0.046912,-0.000731,0.007564
0.048522,-0.001109,0.006745
0.050796,-0.001616,0.006352
0.050930,-0.003287,0.006336
0.053578,-0.002497,0.006217
0.054117,-0.001775,0.004330
0.056018,-0.001100,0.006341
0.056181,-0.001580,0.006382
0.059001,-0.000012,0.006074
0.059672,-0.002920,0.004652
0.061962,-0.001846,0.003544
0.063637,-0.002577,0.003468
0.064719,-0.002289,0.003334
0.066675,-0.000247,0.002435
0.067151,-0.001427,0.002818
0.067367,0.000325,0.002929
0.070181,-0.001800,0.001991
0.073406,-0.001721,0.002002
0.071539,-0.003171,0.002713
0.074219,-0.002803,0.001072
0.076384,-0.000726,0.001286
0.078833,-0.001521,0.000069
0.078460,-0.003645,-0.000306
0.078714,-0.001100,0.000164
0.081382,-0.002540,-0.002861
0.082949,-0.002280,-0.001435
0.083033,-0.002821,-0.004734
0.083427,-0.001322,-0.003482
0.086787,-0.002202,-0.005485
0.089286,-0.001634,-0.006156
0.089848,-0.000916,-0.006512
0.091708,-0.002459,-0.006651
0.093852,-0.001318,-0.009332
0.094544,-0.003497,-0.008652
0.093894,-0.003398,-0.009925
0.097270,-0.000802,-0.010711
0.096921,-0.002274,-0.012168
0.098046,-0.002446,-0.013254
0.099283,-0.000975,-0.013320
0.101805,-0.003705,-0.016362
0.104811,-0.003271,-0.015279
0.105671,-0.002030,-0.017201
0.106442,-0.002779,-0.018317
0.108809,-0.003001,-0.019099
0.109426,-0.003467,-0.018822
0.110607,-0.002388,-0.019862
0.112533,-0.002131,-0.022656
0.112840,-0.001877,-0.020099
0.115753,-0.002541,-0.021948
0.116739,-0.003656,-0.024569
0.117762,-0.002077,-0.023474
0.120708,-0.004656,-0.025554
0.120451,-0.002975,-0.024950
0.120819,-0.002353,-0.024037
0.125304,-0.003049,-0.024642
0.124889,-0.001987,-0.027083
0.124417,-0.004297,-0.025882
0.126866,-0.001484,-0.028599
0.128303,-0.003728,-0.029754
0.130017,-0.003156,-0.029085
0.130727,-0.002628,-0.027642
0.133232,-0.002492,-0.028953
0.134227,-0.002554,-0.028775
0.135797,-0.004209,-0.030453
0.137083,-0.004305,-0.029268
0.141368,-0.002746,-0.032088
0.140704,-0.003195,-0.030316
0.142494,-0.001217,-0.030919
0.141601,-0.003751,-0.030191
0.144355,-0.002457,-0.031567
0.145324,-0.002841,-0.033245
0.147095,-0.003550,-0.033050
0.148266,-0.004183,-0.033893
0.151349,-0.003066,-0.036623
0.150925,-0.003728,-0.036157
0.153706,-0.003697,-0.034723
0.154061,-0.003797,-0.037304
0.156063,-0.003293,-0.037175
0.156073,-0.003244,-0.037877
0.158338,-0.003401,-0.038727
0.160610,-0.002772,-0.039209
0.163210,-0.003477,-0.040066
0.162918,-0.004069,-0.037203
0.163589,-0.005240,-0.038325
0.166233,-0.002043,-0.037671
0.167345,-0.004735,-0.040326
0.170081,-0.004598,-0.039682
0.168717,-0.004768,-0.041240
0.170912,-0.004441,-0.042502
0.174193,-0.003689,-0.041572
0.176250,-0.004808,-0.041947
0.175195,-0.002628,-0.045268
0.178053,-0.002101,-0.042968
0.179003,-0.005392,-0.044132
0.181878,-0.001988,-0.046191
0.180824,-0.004317,-0.047105
0.182902,-0.003845,-0.046486
0.183439,-0.002509,-0.048467
0.187184,-0.004057,-0.050326
0.188501,-0.004480,-0.050017
0.188533,-0.004055,-0.052962
0.193295,-0.006808,-0.051674
0.191050,-0.003118,-0.052882
0.192803,-0.005828,-0.055379
0.194555,-0.006023,-0.056317
0.197239,-0.005332,-0.059598
0.198375,-0.005650,-0.062369
0.199154,-0.005557,-0.066003
0.201252,-0.003333,-0.067400
0.204293,-0.004645,-0.070972
0.206400,-0.004537,-0.072676
0.206799,-0.005149,-0.076957
0.208825,-0.006655,-0.085579
0.210403,-0.005209,-0.091670
0.210698,-0.006693,-0.098461
-0.094909,-0.002367,-0.054545
-0.094947,-0.002295,-0.041880
-0.092224,-0.003840,-0.038195
-0.090984,-0.001970,-0.032291
-0.089366,-0.001557,-0.027260
-0.087548,-0.003367,-0.024685
-0.086741,-0.001971,-0.019880
-0.084770,-0.001480,-0.015968
-0.083055,-0.000914,-0.014334
-0.083107,-0.000555,-0.011352
-0.081590,-0.000813,-0.010703
-0.081326,-0.000573,-0.009914
-0.078434,0.001263,-0.006165
-0.076639,0.000749,-0.004787
-0.075540,0.000493,-0.002893
-0.074609,-0.000469,-0.003295
-0.071675,-0.000614,0.000372
-0.068900,-0.001169,0.002396
-0.068774,-0.001107,0.001309
-0.066839,0.000292,0.004157
-0.066119,0.000367,0.002781
-0.066730,0.002006,0.003775
-0.063617,-0.000305,0.004891
-0.062887,0.000049,0.007128
-0.061722,0.001488,0.009162
-0.058764,0.000734,0.008946
-0.059133,0.000421,0.009045
-0.057143,0.000577,0.010312
-0.054222,0.000280,0.010898
-0.053791,-0.001376,0.009422
-0.052300,0.000773,0.008465
-0.050960,0.000504,0.010393
-0.047983,0.000277,0.009700
-0.047759,0.001520,0.012081
-0.047143,-0.002762,0.010925
-0.046758,0.001020,0.012061
-0.043858,0.000987,0.012532
-0.042046,0.000695,0.013190
-0.039604,0.001764,0.012552
-0.038265,0.001134,0.014202
-0.036610,0.000287,0.013897
-0.038818,0.001851,0.012088
-0.035113,0.001814,0.012118
-0.034407,0.002331,0.011896
-0.031034,0.000689,0.013962
-0.031227,-0.000813,0.014152
-0.028936,0.001007,0.012794
-0.028129,-0.000110,0.013210
-0.025900,0.001097,0.013223
-0.024065,0.002418,0.011956
-0.024838,0.000825,0.013559
-0.022509,-0.000871,0.011746
-0.021967,0.002556,0.012136
-0.021142,0.000251,0.011143
-0.017728,0.001442,0.011552
-0.017906,-0.000211,0.010371
-0.017484,-0.001257,0.013310
-0.014167,0.000666,0.013340
-0.013031,0.001922,0.011281
-0.011915,0.000784,0.012154
-0.009675,0.001049,0.010366
-0.009521,0.001679,0.009556
-0.008108,0.001168,0.010584
-0.006197,0.000146,0.011545
-0.005998,-0.000691,0.011610
-0.003617,0.000345,0.010424
-0.003829,0.001240,0.008356
0.000480,-0.000626,0.010378
0.000785,0.001142,0.011620
-0.000351,0.000071,0.008536
0.001567,0.000524,0.010886
0.004865,0.001213,0.011944
0.006593,-0.000083,0.010283
0.008223,-0.001267,0.008411
0.007191,0.001907,0.010097
0.008612,-0.000795,0.010515
0.012562,0.001595,0.009364
0.012466,0.001450,0.008541
0.014712,0.002338,0.010894
0.015519,0.000900,0.010717
0.018074,0.001361,0.010290
0.018779,-0.000784,0.010277
0.018490,-0.000540,0.008762
0.020128,0.000020,0.009147
0.022774,0.000385,0.009837
0.023394,0.000716,0.010489
0.023400,-0.001132,0.009453
0.024915,-0.001106,0.009252
0.028702,0.000179,0.010105
0.030756,0.000420,0.008078
0.031812,0.000734,0.010593
0.032420,-0.000369,0.008814
0.031759,0.001658,0.008380
0.035826,0.001170,0.008733
0.035497,0.000890,0.007799
0.036518,0.000225,0.008543
0.038581,0.000397,0.007171
0.041144,0.000647,0.008495
0.043537,-0.000048,0.008063
0.042055,0.000137,0.006700
0.044678,-0.000279,0.005900
0.044888,0.000628,0.008583
0.050467,-0.000053,0.006065
0.048714,0.001849,0.005760
0.051556,0.000753,0.006315
0.050586,0.001257,0.006556
0.052552,0.001411,0.007495
0.055559,0.002026,0.006913
0.056070,-0.000440,0.005413
0.056934,0.001072,0.006901
0.060433,-0.000855,0.005193
0.059216,0.000786,0.003669
0.061184,-0.000018,0.005189
0.063321,-0.000291,0.004126
0.062080,0.001057,0.004125
0.064794,-0.000313,0.002953
0.065644,0.000084,0.003050
0.068429,0.000031,0.003955
0.069522,-0.000581,0.003834
0.071022,-0.000112,0.002733
0.071336,0.000900,0.001238
0.072013,-0.001148,0.000521
0.077024,-0.001050,0.000834
0.076066,-0.000368,0.000554
0.079798,-0.000232,-0.001257
0.078198,-0.001114,-0.001528
0.080243,-0.000125,-0.002151
0.080324,-0.002144,-0.002361
0.083786,0.000535,-0.002828
0.083358,-0.000543,-0.003986
0.087386,0.001577,-0.003943
0.086799,0.000240,-0.004988
0.088777,-0.000853,-0.007707
0.090037,-0.000755,-0.008630
0.093787,0.001504,-0.007950
0.093659,0.000709,-0.009559
0.095032,0.001190,-0.010216
0.095016,-0.001990,-0.009697
0.097578,-0.001089,-0.011146
0.098344,-0.001684,-0.010612
0.100645,0.000093,-0.012277
0.102911,-0.000937,-0.014695
0.105078,-0.000663,-0.015825
0.104581,-0.000728,-0.016487
0.107339,-0.000697,-0.015012
0.107979,-0.001267,-0.017668
0.109219,-0.001227,-0.019229
0.110997,-0.002464,-0.019651
0.112181,-0.002148,-0.019069
0.111906,-0.001858,-0.019953
0.113040,-0.000301,-0.021170
0.115100,-0.000001,-0.022653
0.117223,-0.001246,-0.021543
0.120227,-0.001002,-0.024530
0.120957,-0.001961,-0.024185
0.121876,-0.002138,-0.024927
0.122264,-0.003314,-0.026608
0.125182,-0.001237,-0.027877
0.125856,-0.000769,-0.026980
0.126009,-0.001533,-0.026395
0.129391,-0.000939,-0.028934
0.129703,-0.001430,-0.028395
0.133454,-0.001904,-0.029054
0.133526,-0.003214,-0.030867
0.133439,-0.001149,-0.029090
0.136153,-0.003270,-0.030596
0.135707,-0.001133,-0.029694
0.136979,-0.001702,-0.032036
0.140664,-0.002560,-0.032815
0.141983,-0.000380,-0.030000
0.143481,-0.002242,-0.029744
0.144636,-0.003695,-0.033993
0.145666,-0.002421,-0.032089
0.146337,-0.000512,-0.033527
0.146767,-0.003112,-0.033579
0.150604,-0.002285,-0.034441
0.152971,-0.002109,-0.034498
0.151824,-0.003203,-0.035446
0.152735,-0.001050,-0.037137
0.155373,-0.001927,-0.035973
0.157226,-0.002008,-0.036858
0.160490,0.000323,-0.036827
0.159705,-0.002591,-0.037433
0.160255,-0.002299,-0.038644
0.161945,0.000058,-0.039431
0.165125,-0.004265,-0.038393
0.165789,-0.002385,-0.039397
0.167271,-0.001574,-0.042706
0.170367,-0.000566,-0.042142
0.171392,-0.003170,-0.042268
0.172122,-0.002211,-0.039347
0.173485,-0.002267,-0.043721
0.173941,-0.003572,-0.044560
0.176747,-0.002584,-0.043034
0.177108,-0.003853,-0.045444
0.177835,-0.001307,-0.044001
0.181007,-0.003625,-0.045424
0.180866,-0.001654,-0.045101
0.183840,-0.001075,-0.046366
0.184539,-0.004150,-0.048023
0.187198,-0.001467,-0.049991
0.186695,-0.004835,-0.048275
0.189832,-0.003420,-0.053312
0.192369,-0.002159,-0.052332
0.192473,-0.003661,-0.053784
0.193013,-0.002922,-0.055301
0.195127,-0.001553,-0.056167
0.196576,-0.002993,-0.061418
0.197519,-0.001599,-0.062999
0.199224,-0.003693,-0.065948
0.199293,-0.001832,-0.069443
0.202927,-0.003981,-0.071307
0.203827,-0.003960,-0.075350
0.206515,-0.005136,-0.080799
0.209122,-0.003304,-0.087606
0.211037,-0.004148,-0.095850
-0.096571,-0.000759,-0.053861
-0.094735,0.001091,-0.041752
-0.092878,-0.000966,-0.034814
-0.090996,0.000100,-0.029668
-0.089275,-0.000405,-0.028462
-0.087775,0.000312,-0.024240
-0.085469,0.000230,-0.020444
-0.084002,0.001325,-0.015924
-0.082757,0.001091,-0.014185
-0.080981,0.000752,-0.013352
-0.080695,0.001319,-0.010662
-0.077305,0.001271,-0.006273
-0.077844,0.000079,-0.005313
-0.076906,0.002560,-0.002354
-0.074498,0.002912,-0.001537
-0.072878,0.000697,-0.001481
-0.071642,0.002263,0.000253
-0.070598,0.000883,0.000192
-0.070673,-0.000002,0.002042
-0.066741,0.000752,0.002467
-0.065836,0.001049,0.003232
-0.063661,0.001311,0.004310
-0.063387,0.001997,0.008838
-0.061959,0.002168,0.008430
-0.059558,-0.000037,0.009417
-0.059733,0.000340,0.010564
-0.056348,0.002862,0.011095
-0.055767,0.001742,0.012599
-0.055555,0.002515,0.010396
-0.053703,0.002241,0.008357
-0.051293,0.001792,0.011433
-0.052167,0.002444,0.011295
-0.050599,0.001499,0.012119
-0.046393,0.001866,0.009230
-0.045059,0.002727,0.014144
-0.043707,0.003182,0.012698
-0.044322,0.003127,0.011437
-0.042992,0.001704,0.013305
-0.040539,0.003248,0.015305
-0.039133,0.002263,0.014249
-0.037849,0.000134,0.013906
-0.038949,0.002358,0.013722
-0.035071,0.002758,0.013221
-0.034824,0.001580,0.013267
-0.032713,0.001012,0.012140
-0.030742,0.002666,0.013912
-0.030075,0.000356,0.011604
-0.026318,0.002034,0.011801
-0.026742,0.002106,0.013133
-0.026513,0.001515,0.011362
-0.024485,0.000692,0.012627
-0.024516,0.002250,0.013384
-0.022386,0.002113,0.012149
-0.021065,0.002854,0.011463
-0.018033,0.001165,0.012887
-0.019266,0.003352,0.013524
-0.015810,0.003441,0.011148
-0.015301,0.001661,0.011706
-0.013389,0.002628,0.012258
-0.012021,0.001008,0.011601
-0.010044,0.001575,0.011882
-0.007017,-0.000715,0.012035
-0.008320,0.001788,0.012706
-0.008408,0.002080,0.010017
-0.006498,0.001587,0.008849
-0.002688,0.001101,0.010127
-0.004016,0.000692,0.008436
-0.001901,0.002867,0.010048
-0.000161,0.000612,0.010399
0.002800,0.001045,0.009923
0.002990,0.003251,0.010490
0.004008,0.001824,0.009080
0.004513,0.001946,0.010665
0.005759,0.002578,0.011272
0.007894,0.001522,0.011375
0.008338,0.002792,0.011553
0.010933,0.000784,0.011013
0.011647,0.003882,0.007770
0.013839,0.002651,0.010038
0.016590,0.001542,0.010043
0.016519,0.002892,0.010623
0.017920,0.002524,0.008779
0.019346,0.002086,0.011141
0.021942,0.001049,0.011464
0.022757,0.001941,0.009924
0.025131,0.002906,0.009122
0.024807,0.002746,0.009351
0.025461,0.001691,0.010006
0.028792,0.002384,0.009654
0.032390,0.001187,0.008819
0.030050,0.001871,0.009912
0.030253,0.001032,0.008949
0.032630,0.001093,0.008589
0.034581,0.001434,0.009361
0.036313,0.002508,0.008014
0.039025,0.002176,0.010829
0.040751,0.002194,0.008177
0.043240,0.001799,0.008439
0.042146,0.000151,0.009620
0.042718,0.001663,0.007972
0.045429,0.001595,0.007847
0.043562,0.002219,0.006958
0.047551,0.002350,0.005431
0.050751,0.001593,0.010061
0.050735,0.000921,0.007290
0.051014,0.000422,0.008321
0.054052,0.002069,0.006445
0.054106,0.003521,0.008050
0.055924,0.001135,0.006511
0.057526,0.001883,0.006498
0.059115,0.002966,0.007754
0.061956,0.002062,0.005200
0.061954,0.003036,0.003836
0.064583,0.002719,0.005609
0.063170,0.003288,0.006184
0.065023,-0.000727,0.002654
0.066863,0.000863,0.002322
0.067831,0.001492,0.002901
0.070261,0.001069,0.003171
0.072735,0.004620,0.003578
0.073311,0.001482,0.004123
0.073708,0.001673,0.002425
0.076264,0.000615,0.001196
0.076466,0.002993,0.002602
0.079831,0.002788,-0.000517
0.078136,0.001911,0.000533
0.079563,0.001855,-0.000016
0.082104,0.001764,-0.001645
0.081221,0.001983,-0.002860
0.086018,0.002678,-0.002927
0.087322,0.001211,-0.005324
0.088394,0.000481,-0.003193
0.089125,0.001951,-0.004417
0.089514,0.001625,-0.006554
0.092120,0.001171,-0.006968
0.093462,0.001011,-0.008875
0.095012,0.001608,-0.008136
0.094947,0.000494,-0.010024
0.097060,0.000279,-0.010460
0.097756,0.001860,-0.012084
0.099489,0.000948,-0.014128
0.102050,0.000538,-0.014542
0.104100,0.001207,-0.015060
0.104313,-0.000645,-0.015012
0.104684,-0.000893,-0.017535
0.108049,0.000417,-0.017414
0.108824,0.001065,-0.018348
0.112458,-0.001100,-0.018410
0.110876,0.001937,-0.020769
0.113804,-0.001268,-0.021020
0.113230,0.000428,-0.021627
0.116368,-0.000238,-0.021539
0.117801,0.000880,-0.021328
0.118112,0.001766,-0.021578
0.120923,0.000419,-0.024844
0.122596,0.001081,-0.025035
0.122120,0.000208,-0.024974
0.127627,-0.000105,-0.025347
0.125290,-0.000247,-0.026896
0.128622,0.000903,-0.025912
0.128676,-0.000104,-0.027749
0.130838,-0.000818,-0.027385
0.131158,-0.000284,-0.029700
0.133020,0.000085,-0.030923
0.133850,0.000239,-0.030205
0.135018,-0.000919,-0.029254
0.135739,-0.000400,-0.030051
0.138040,-0.000585,-0.032472
0.140723,0.000389,-0.030765
0.140467,0.000553,-0.031208
0.144096,0.002316,-0.030780
0.143943,0.000420,-0.031453
0.146040,0.000037,-0.031630
0.146297,0.000944,-0.031872
0.147308,-0.000924,-0.035377
0.149494,-0.001195,-0.033705
0.152890,-0.000978,-0.033735
0.152970,0.002234,-0.035281
0.154786,0.000505,-0.036536
0.155856,0.000321,-0.036682
0.157700,0.000547,-0.038116
0.159686,-0.001666,-0.039026
0.160898,-0.000362,-0.037480
0.160130,0.000406,-0.039716
0.161790,-0.000405,-0.037634
0.166009,-0.000835,-0.041362
0.163864,-0.001049,-0.041764
0.167743,0.000744,-0.040858
0.169661,0.000524,-0.042307
0.167941,-0.001428,-0.041130
0.170376,-0.001678,-0.042538
0.172262,-0.000452,-0.043289
0.173768,-0.000279,-0.042395
0.176590,-0.000917,-0.044919
0.176618,-0.000492,-0.045151
0.178005,0.000280,-0.044648
0.179305,-0.000577,-0.046702
0.179676,-0.000182,-0.045963
0.183897,-0.001182,-0.047557
0.187671,-0.001698,-0.050839
0.186534,-0.001546,-0.048880
0.188378,-0.002040,-0.050113
0.189329,-0.000980,-0.051803
0.190446,0.000028,-0.052358
0.191373,-0.003013,-0.053151
0.194686,-0.001412,-0.055483
0.196637,-0.002963,-0.056107
0.197323,-0.002406,-0.061757
0.198409,-0.001602,-0.064871
0.198740,-0.000427,-0.065736
0.200060,-0.001273,-0.068958
0.202092,-0.002228,-0.071734
0.205470,-0.001602,-0.073589
0.206265,-0.001652,-0.082524
0.208397,-0.002463,-0.089698
0.209062,-0.002240,-0.096349
-0.096499,0.000700,-0.053737
-0.095482,0.000817,-0.043620
-0.092506,0.001931,-0.035034
-0.091622,0.002926,-0.030877
-0.088730,-0.000322,-0.027233
-0.086714,0.002766,-0.023780
-0.086540,0.002373,-0.018423
-0.086104,0.003642,-0.016132
-0.083408,0.001818,-0.013977
-0.081275,0.002491,-0.013389
-0.080460,0.002913,-0.010598
-0.077860,0.001794,-0.006966
-0.077818,0.002648,-0.005254
-0.075881,0.003424,-0.003916
-0.074972,0.003035,-0.001105
-0.071931,0.002360,-0.000593
-0.071972,0.003125,0.000661
-0.070400,0.002626,0.001547
-0.068129,0.003399,0.000383
-0.067519,0.004561,0.003429
-0.066301,0.002544,0.003513
-0.064691,0.003594,0.006539
-0.062580,0.005694,0.005986
-0.060646,0.004659,0.008369
-0.060250,0.005216,0.009737
-0.060978,0.002294,0.009512
-0.058013,0.004461,0.011158
-0.055974,0.002278,0.010793
-0.055068,0.001497,0.010045
-0.054340,0.003794,0.010558
-0.052006,0.003879,0.010343
-0.049755,0.003734,0.011581
-0.048314,0.001225,0.012284
-0.047644,0.002820,0.010297
-0.046304,0.003764,0.010872
-0.044904,0.004117,0.014018
-0.043306,0.002810,0.012341
-0.042682,0.004440,0.012078
-0.042300,0.004673,0.011840
-0.038977,0.001470,0.015997
-0.037101,0.003796,0.014675
-0.037437,0.002916,0.012341
-0.037227,0.004205,0.015223
-0.034225,0.003309,0.014599
-0.032448,0.002692,0.013057
-0.031330,0.006342,0.012612
-0.030347,0.004156,0.013385
-0.028150,0.002114,0.013566
-0.026166,0.004874,0.012289
-0.026702,0.003424,0.012910
-0.025243,0.005552,0.013612
-0.023375,0.003916,0.014393
-0.022009,0.004325,0.012379
-0.020276,0.005595,0.012187
-0.019294,0.002618,0.014443
-0.020091,0.004373,0.012141
-0.017605,0.004385,0.012371
-0.015258,0.001952,0.011616
-0.014469,0.001838,0.011655
-0.010953,0.003948,0.011426
-0.010161,0.003976,0.011437
-0.008654,0.003925,0.013245
-0.008895,0.004011,0.010914
-0.007267,0.002700,0.009336
-0.006180,0.004684,0.009609
-0.003155,0.004947,0.010385
-0.003010,0.002572,0.010738
-0.000913,0.005740,0.012479
-0.000157,0.004307,0.008872
0.001625,0.004337,0.011797
0.004846,0.002416,0.009974
0.004599,0.003794,0.011708
0.003157,0.003114,0.010761
0.006055,0.001610,0.010153
0.007900,0.004224,0.009755
0.008972,0.002763,0.009912
0.010436,0.004482,0.010324
0.012753,0.003741,0.010983
0.014477,0.003570,0.011967
0.015050,0.004787,0.011901
0.017151,0.004198,0.011206
0.018546,0.004081,0.011561
0.018563,0.004663,0.011408
0.019801,0.005051,0.010256
0.023146,0.003344,0.011469
0.024059,0.005484,0.011337
0.024145,0.002589,0.009833
0.026948,0.004199,0.009749
0.026740,0.002491,0.011727
0.028755,0.003198,0.010780
0.029665,0.002753,0.009919
0.033327,0.002297,0.009553
0.034650,0.004666,0.008928
0.035384,0.005679,0.009153
0.037443,0.003806,0.009142
0.037538,0.003806,0.009795
0.038658,0.003675,0.010861
0.040284,0.000746,0.007790
0.041730,0.003045,0.010047
0.043770,0.002597,0.008833
0.042926,0.003635,0.009483
0.044997,0.002879,0.009846
0.047029,0.004870,0.008775
0.047624,0.002295,0.008890
0.049617,0.003827,0.008838
0.051792,0.003660,0.008772
0.054974,0.003156,0.009448
0.054522,0.003270,0.007187
0.055582,0.002966,0.007040
0.057602,0.002320,0.008753
0.058067,0.004547,0.004028
0.062357,0.001541,0.006360
0.060172,0.003456,0.007950
0.061195,0.004250,0.005878
0.065320,0.002931,0.005849
0.067147,0.004648,0.005811
0.067171,0.003050,0.005102
0.067701,0.003214,0.004325
0.068810,0.002051,0.004261
0.071869,0.003416,0.003420
0.073023,0.001134,0.002867
0.073446,0.003366,0.003926
0.075198,0.004181,0.001055
0.076207,0.003156,0.000390
0.076297,0.003074,0.001932
0.078069,0.001348,0.000538
0.079744,0.003083,-0.001317
0.080691,0.004283,-0.001499
0.082004,0.003675,-0.001701
0.085221,0.001301,-0.003706
0.086471,0.002707,-0.003352
0.087080,0.002924,-0.003500
0.089411,0.004931,-0.005772
0.090812,0.002433,-0.006041
0.092399,0.002643,-0.007821
0.092824,0.004296,-0.006914
0.096546,0.002197,-0.009784
0.097447,0.003046,-0.010413
0.095892,0.004031,-0.010366
0.097812,0.003416,-0.010228
0.101091,0.004999,-0.011380
0.101470,0.003612,-0.012973
0.104687,0.002946,-0.014800
0.104061,0.003359,-0.014351
0.105224,0.000650,-0.015407
0.109167,0.003754,-0.015622
0.109038,0.001520,-0.016193
0.110082,0.003439,-0.018539
0.111396,0.002154,-0.018968
0.112834,0.000841,-0.021415
0.114685,0.002141,-0.020172
0.116033,0.001631,-0.021387
0.116986,0.002900,-0.023641
0.120088,0.002414,-0.021614
0.119887,0.000675,-0.025447
0.122895,0.000086,-0.022912
0.123868,0.002116,-0.023021
0.123354,0.004053,-0.026316
0.127109,0.002324,-0.025562
0.127148,0.002377,-0.027071
0.127979,0.003298,-0.028633
0.130025,0.001726,-0.027511
0.130424,0.001793,-0.027728
0.132381,0.003629,-0.027618
0.134210,0.002337,-0.029133
0.136859,0.000865,-0.030291
0.136515,0.001206,-0.028984
0.137557,0.003010,-0.029689
0.140148,0.001299,-0.029249
0.140846,-0.001129,-0.030294
0.143542,0.002306,-0.030912
0.144447,0.002354,-0.031924
0.146104,0.000140,-0.033162
0.147406,0.000503,-0.032806
0.147600,0.001151,-0.033028
0.150076,0.000818,-0.035116
0.150145,0.001085,-0.035710
0.152235,0.000896,-0.035711
0.153052,0.001619,-0.037577
0.154832,0.001505,-0.037296
0.157898,0.001336,-0.037992
0.160333,0.001369,-0.036901
0.159858,-0.000097,-0.035873
0.160603,0.001687,-0.039379
0.163537,0.000441,-0.038292
0.165989,0.001898,-0.040215
0.166040,0.000716,-0.040535
0.167917,0.000945,-0.041515
0.171500,-0.000398,-0.040628
0.171850,0.001600,-0.041498
0.171149,0.000636,-0.043139
0.173880,0.001941,-0.042535
0.174519,0.002158,-0.043767
0.176406,0.001134,-0.044684
0.178360,0.000712,-0.044294
0.177166,-0.001111,-0.043334
0.180191,0.001967,-0.046780
0.181167,0.001776,-0.046972
0.185238,0.001367,-0.048290
0.183983,-0.000898,-0.049506
0.186163,0.001851,-0.049335
0.187164,0.001476,-0.051927
0.189991,0.002166,-0.053413
0.191407,0.000135,-0.053115
0.189714,0.001591,-0.055633
0.193105,0.001763,-0.055625
0.195693,0.001046,-0.056540
0.197581,0.001543,-0.060440
0.198767,0.001806,-0.065093
0.199864,0.000920,-0.067485
0.199902,-0.001206,-0.070754
0.204345,0.002421,-0.072493
0.205694,-0.000515,-0.074716
0.205387,-0.001560,-0.083831
0.208475,-0.002028,-0.092188
0.209547,-0.002063,-0.099169
-0.095697,0.002491,-0.053301
-0.095445,0.002390,-0.043913
-0.093220,0.000487,-0.032476
-0.090417,0.003249,-0.031756
-0.089545,0.005163,-0.026449
-0.089170,0.003800,-0.022597
-0.085386,0.002638,-0.018243
-0.086189,0.002517,-0.016705
-0.083669,0.002658,-0.012244
-0.081358,0.003807,-0.011013
-0.082731,0.005084,-0.009765
-0.080856,0.004890,-0.005245
-0.078915,0.003418,-0.004697
-0.074677,0.005007,-0.004519
-0.075315,0.005809,0.000278
-0.073437,0.003983,-0.000555
-0.072119,0.004948,-0.001305
-0.071768,0.005734,0.001704
-0.068404,0.004767,0.001744
-0.066929,0.003943,0.003630
-0.067533,0.004487,0.005213
-0.065160,0.005471,0.005083
-0.064679,0.004789,0.007739
-0.061856,0.005184,0.010605
-0.060527,0.006279,0.008197
-0.059662,0.003362,0.011147
-0.055250,0.004367,0.010741
-0.056182,0.003612,0.010280
-0.055808,0.004562,0.009630
-0.053533,0.006400,0.014410
-0.052054,0.004640,0.011816
-0.050616,0.005541,0.010693
-0.048468,0.004252,0.012670
-0.047871,0.007604,0.012405
-0.044614,0.003859,0.013273
-0.045114,0.005116,0.012695
-0.042911,0.005460,0.014187
-0.043162,0.006501,0.013872
-0.041269,0.006237,0.015653
-0.037866,0.004791,0.015901
-0.039966,0.006306,0.014262
-0.037383,0.005319,0.014744
-0.034827,0.006581,0.015792
-0.033052,0.004683,0.015298
-0.033433,0.005642,0.013908
-0.030967,0.007615,0.015027
-0.028761,0.004740,0.013467
-0.028584,0.006329,0.013069
-0.028849,0.004479,0.014845
-0.027201,0.005315,0.015142
-0.023062,0.005875,0.014081
-0.022695,0.005538,0.012347
-0.021547,0.007012,0.012094
-0.020636,0.004241,0.012172
-0.019483,0.005662,0.012626
-0.016905,0.004987,0.013859
-0.016274,0.005770,0.013472
-0.014616,0.005042,0.012179
-0.013960,0.004262,0.011062
-0.012564,0.005934,0.011700
-0.011620,0.005841,0.011872
-0.010411,0.004250,0.012429
-0.005565,0.003865,0.010768
-0.005943,0.005185,0.012364
-0.005721,0.004566,0.010905
-0.003137,0.005770,0.012567
-0.004110,0.002969,0.011705
-0.000844,0.005334,0.010048
0.001680,0.005508,0.010051
0.001214,0.004850,0.011607
0.004109,0.005297,0.009807
0.005138,0.005798,0.010935
0.005571,0.003058,0.012644
0.008021,0.004853,0.012270
0.008279,0.006709,0.011064
0.009175,0.003802,0.011862
0.011534,0.005732,0.010708
0.011481,0.005606,0.011150
0.013868,0.005526,0.009975
0.015110,0.006363,0.010923
0.016149,0.004418,0.011550
0.015877,0.006008,0.010402
0.020822,0.003786,0.011863
0.021615,0.003495,0.012012
0.021396,0.005527,0.009215
0.022978,0.004793,0.010622
0.024116,0.005331,0.012017
0.027601,0.006204,0.011015
0.028216,0.005707,0.010831
0.029593,0.004461,0.011160
0.030398,0.004443,0.010516
0.031544,0.004559,0.011389
0.034382,0.003952,0.009461
0.035998,0.004368,0.010249
0.037061,0.005475,0.011450
0.038298,0.007163,0.008783
0.040225,0.007004,0.010424
0.040820,0.003904,0.010191
0.043158,0.004857,0.009025
0.043498,0.005318,0.008079
0.044526,0.005213,0.008363
0.046895,0.006692,0.010785
0.047027,0.005903,0.009359
0.048309,0.004617,0.009287
0.049532,0.004412,0.008705
0.051367,0.005851,0.007995
0.052823,0.004937,0.009359
0.054137,0.005885,0.008514
0.055516,0.005167,0.007265
0.057411,0.005238,0.007641
0.059087,0.004933,0.008246
0.060056,0.005933,0.008029
0.061716,0.004659,0.005162
0.061852,0.005903,0.008307
0.063316,0.007143,0.005519
0.063810,0.004525,0.007015
0.067102,0.004286,0.004537
0.067980,0.005710,0.006362
0.068760,0.004582,0.004608
0.070493,0.005789,0.005075
0.072329,0.004689,0.005094
0.073428,0.004775,0.002935
0.074493,0.004859,0.002953
0.075955,0.004625,0.002642
0.076394,0.005157,0.001929
0.080145,0.001679,0.001356
0.079720,0.005748,-0.001076
0.082833,0.005054,-0.000770
0.084802,0.004380,-0.000134
0.083397,0.005964,-0.001792
0.085989,0.004142,-0.002794
0.086415,0.003361,-0.003756
0.089317,0.005028,-0.003051
0.090120,0.004555,-0.006736
0.092808,0.005310,-0.005485
0.093957,0.003911,-0.007034
0.094078,0.003249,-0.008219
0.095757,0.003220,-0.008850
0.097974,0.003973,-0.009373
0.099202,0.003978,-0.010942
0.100358,0.004875,-0.012929
0.101989,0.005605,-0.011915
0.103466,0.004016,-0.014399
0.104793,0.003590,-0.013160
0.104566,0.004901,-0.016314
0.107924,0.005123,-0.014018
0.109455,0.002126,-0.017460
0.110668,0.001996,-0.015498
0.110775,0.005621,-0.019735
0.113900,0.004042,-0.019462
0.116485,0.004992,-0.018832
0.114908,0.005928,-0.021132
0.118664,0.004676,-0.020468
0.118393,0.001652,-0.024015
0.120091,0.003336,-0.024473
0.121723,0.004078,-0.024947
0.125450,0.002817,-0.023962
0.124871,0.002013,-0.025953
0.127510,0.003112,-0.025984
0.127347,0.004452,-0.025838
0.130820,0.001792,-0.027884
0.129826,0.003200,-0.027790
0.131948,0.005289,-0.028251
0.133153,0.004093,-0.026062
0.134943,0.005814,-0.028261
0.136269,0.004689,-0.029375
0.139325,0.005181,-0.029051
0.139105,0.003904,-0.030919
0.140582,0.003693,-0.030674
0.140422,0.001259,-0.031619
0.141620,0.002768,-0.030262
0.144490,0.003919,-0.032394
0.144885,0.002397,-0.034550
0.145855,0.004421,-0.033381
0.148435,0.004198,-0.032358
0.149326,0.003561,-0.033597
0.152359,0.002352,-0.032799
0.151465,0.003805,-0.034409
0.157139,0.004024,-0.035980
0.156019,0.002462,-0.036153
0.156463,0.002006,-0.038378
0.158768,0.001703,-0.039089
0.160369,0.002344,-0.037717
0.161249,0.003675,-0.039425
0.163500,0.002500,-0.040728
0.163706,0.002745,-0.039086
0.165818,0.002345,-0.038889
0.164955,0.001114,-0.042921
0.171437,0.001110,-0.041116
0.170047,0.001372,-0.040949
0.170049,0.003121,-0.043864
0.171618,0.002590,-0.043741
0.173794,0.003145,-0.042454
0.178117,0.001644,-0.043936
0.178126,0.002073,-0.043868
0.179197,0.002184,-0.047192
0.179565,0.004290,-0.046091
0.181416,0.004370,-0.046751
0.180097,0.000793,-0.045841
0.183402,0.003834,-0.050745
0.185071,0.001171,-0.050683
0.188650,0.002326,-0.052073
0.189685,0.002951,-0.052534
0.191602,0.004167,-0.050893
0.192190,0.001588,-0.056239
0.192631,0.001613,-0.055948
0.195114,0.000883,-0.058537
0.198456,0.000922,-0.062502
0.199194,0.002235,-0.065904
0.200267,0.001829,-0.067462
0.201896,-0.002173,-0.072230
0.201449,0.001149,-0.073897
0.205183,-0.000273,-0.077967
0.207461,0.000705,-0.085724
0.206813,-0.001251,-0.092155
-0.096269,0.003657,-0.051999
-0.094782,0.004419,-0.042011
-0.092672,0.004938,-0.033250
-0.092247,0.004610,-0.030803
-0.089548,0.004445,-0.026147
-0.086877,0.006061,-0.022413
-0.086006,0.006631,-0.019343
-0.085039,0.003808,-0.015371
-0.083123,0.005203,-0.013256
-0.082540,0.006297,-0.012100
-0.081491,0.005562,-0.010003
-0.078891,0.004866,-0.005035
-0.078792,0.005474,-0.004508
-0.076422,0.006710,-0.003423
-0.074197,0.005975,-0.001222
-0.073823,0.007305,-0.001425
-0.071263,0.006094,0.000475
-0.071395,0.005095,0.001379
-0.068660,0.007383,0.003950
-0.067076,0.007515,0.004846
-0.065925,0.006190,0.005411
-0.065089,0.005933,0.007858
-0.062454,0.006610,0.006363
-0.062411,0.006816,0.009816
-0.060940,0.006371,0.009259
-0.059205,0.007629,0.009639
-0.057356,0.006936,0.009614
-0.056021,0.007306,0.011063
-0.055049,0.007663,0.009689
-0.053405,0.007455,0.011463
-0.051951,0.007066,0.010891
-0.051925,0.005928,0.011092
-0.048655,0.008161,0.013590
-0.047560,0.006984,0.012020
-0.045325,0.009025,0.013002
-0.044567,0.008009,0.014891
-0.044437,0.008937,0.013655
-0.040377,0.008843,0.015325
-0.040109,0.006814,0.014914
-0.038862,0.005225,0.017006
-0.037766,0.007027,0.014981
-0.037394,0.005847,0.013218
-0.036299,0.004511,0.014817
-0.034281,0.006521,0.016372
-0.030261,0.006104,0.012891
-0.031818,0.008376,0.013348
-0.030887,0.005204,0.013506
-0.027472,0.005980,0.015425
-0.028543,0.006940,0.014745
-0.024648,0.007691,0.011919
-0.027266,0.006916,0.014558
-0.024571,0.006696,0.013801
-0.021749,0.007991,0.014128
-0.020162,0.008115,0.013249
-0.018526,0.007251,0.013866
-0.018450,0.006327,0.012843
-0.016759,0.006404,0.012674
-0.015944,0.007010,0.010926
-0.014761,0.004731,0.013782
-0.012574,0.007073,0.011445
-0.009736,0.006365,0.013774
-0.009905,0.006619,0.011111
-0.008350,0.007008,0.011431
-0.005427,0.006122,0.010144
-0.005356,0.006183,0.011654
-0.004086,0.005582,0.011893
-0.003008,0.006432,0.012307
-0.000888,0.006592,0.011443
0.000720,0.006791,0.010690
0.002630,0.006530,0.011335
0.002573,0.005681,0.010976
0.003421,0.006092,0.010335
0.003835,0.007932,0.010478
0.007996,0.005240,0.011399
0.009663,0.006826,0.013082
0.008423,0.006205,0.011533
0.011902,0.007970,0.012443
0.014396,0.007371,0.011739
0.014646,0.006926,0.011815
0.015079,0.005793,0.012810
0.015328,0.005961,0.011575
0.015873,0.005957,0.013652
0.019931,0.005701,0.011257
0.019985,0.006413,0.012406
0.023420,0.006750,0.012077
0.024417,0.006305,0.013848
0.024794,0.007342,0.011782
0.028315,0.006717,0.010579
0.029089,0.008001,0.010966
0.027058,0.005395,0.010153
0.030365,0.007515,0.009931
0.032356,0.006179,0.012306
0.033152,0.006086,0.011977
0.035107,0.007359,0.011767
0.035967,0.007940,0.011533
0.036223,0.007233,0.012120
0.039333,0.006332,0.013097
0.040542,0.007621,0.011110
0.040901,0.006494,0.009798
0.045726,0.006814,0.009963
0.043583,0.006195,0.010725
0.046654,0.007378,0.010177
0.046689,0.006577,0.009324
0.047992,0.006340,0.008261
0.049705,0.007615,0.010943
0.051321,0.004754,0.010465
0.052253,0.007707,0.008724
0.055168,0.007710,0.008557
0.056792,0.007447,0.007612
0.057378,0.005387,0.009707
0.059303,0.006532,0.008888
0.059366,0.006809,0.005883
0.060590,0.005781,0.008829
0.063814,0.005777,0.007233
0.063045,0.007821,0.008213
0.066369,0.004989,0.006158
0.065723,0.006437,0.008297
0.067071,0.007362,0.006043
0.068420,0.004656,0.005244
0.071368,0.005071,0.004407
0.071741,0.008219,0.005037
0.075067,0.008315,0.005564
0.075148,0.006720,0.003558
0.076060,0.006002,0.003108
0.077585,0.005755,0.001133
0.080014,0.005284,0.001333
0.080867,0.007324,0.000183
0.082170,0.007567,0.001031
0.083037,0.007732,0.000045
0.085737,0.007543,0.000570
0.086236,0.005720,-0.001495
0.087787,0.006838,-0.002667
0.090031,0.006402,-0.003323
0.089891,0.005793,-0.003892
0.091655,0.006941,-0.005091
0.093324,0.005128,-0.005696
0.095431,0.006325,-0.005558
0.095436,0.005060,-0.008638
0.098819,0.004684,-0.009366
0.098896,0.004367,-0.011112
0.098742,0.003749,-0.010671
0.101972,0.006540,-0.013454
0.105010,0.005604,-0.013309
0.106551,0.006792,-0.012460
0.107330,0.005726,-0.014002
0.107189,0.004349,-0.014718
0.110683,0.003604,-0.016494
0.108290,0.006074,-0.015912
0.111370,0.006169,-0.018182
0.113752,0.005559,-0.018552
0.114981,0.004820,-0.018227
0.116161,0.004734,-0.020260
0.117689,0.003016,-0.020258
0.118200,0.003374,-0.022216
0.120751,0.006523,-0.023025
0.121479,0.004633,-0.023154
0.124554,0.004834,-0.024839
0.124670,0.005860,-0.022729
0.125741,0.005873,-0.023626
0.126359,0.004243,-0.027205
0.127501,0.004467,-0.025292
0.130584,0.005069,-0.028111
0.130959,0.005228,-0.027694
0.133046,0.004799,-0.028451
0.134031,0.005518,-0.028756
0.136744,0.005330,-0.029323
0.136783,0.006198,-0.029111
0.139305,0.005753,-0.028207
0.140700,0.005158,-0.030262
0.142212,0.005474,-0.031053
0.142804,0.005019,-0.031143
0.145166,0.003925,-0.030690
0.145844,0.004298,-0.032929
0.147602,0.003720,-0.032143
0.148968,0.006664,-0.032862
0.150433,0.004060,-0.035066
0.151697,0.004166,-0.034191
0.152932,0.006462,-0.036453
0.154105,0.002917,-0.036588
0.154723,0.003948,-0.035995
0.156119,0.002987,-0.036621
0.159107,0.004125,-0.037160
0.160681,0.005161,-0.037909
0.162008,0.005013,-0.037487
0.163084,0.004487,-0.040315
0.165908,0.003087,-0.039740
0.166362,0.003698,-0.040195
0.167616,0.003534,-0.040315
0.168242,0.004195,-0.041775
0.171092,0.002730,-0.042782
0.170848,0.001442,-0.043249
0.172455,0.005069,-0.043209
0.174312,0.004479,-0.043034
0.175738,0.004284,-0.045511
0.176767,0.005962,-0.043234
0.180221,0.004133,-0.045178
0.179297,0.002190,-0.045066
0.182307,0.004166,-0.044689
0.182561,0.001880,-0.049393
0.184095,0.005146,-0.050016
0.186244,0.004050,-0.049692
0.186911,0.004218,-0.053330
0.191182,0.001789,-0.053231
0.189523,0.005420,-0.055422
0.193015,0.003469,-0.054041
0.193054,0.004189,-0.058031
0.194227,0.002310,-0.059369
0.197057,0.003309,-0.062608
0.197902,0.003306,-0.065683
0.198963,0.003967,-0.068384
0.201269,0.001920,-0.070918
0.203212,0.003615,-0.072566
0.204734,0.002063,-0.080633
0.207491,0.002194,-0.088166
0.208655,0.003044,-0.094742
-0.095225,0.006448,-0.051992
-0.094594,0.004281,-0.041991
-0.092505,0.009153,-0.035239
-0.090699,0.005924,-0.028309
-0.088081,0.005253,-0.026304
-0.088202,0.006215,-0.021110
-0.087691,0.006812,-0.016995
-0.085993,0.007251,-0.015154
-0.084426,0.006280,-0.013155
-0.080793,0.007440,-0.011266
-0.080004,0.007088,-0.006990
-0.079894,0.006976,-0.006537
-0.078045,0.006116,-0.004574
-0.075781,0.007802,-0.002500
-0.075845,0.008047,0.000162
-0.073877,0.008783,-0.000331
-0.070946,0.007353,0.002126
-0.069358,0.007650,0.000517
-0.069980,0.008589,0.003609
-0.067905,0.007425,0.004890
-0.066388,0.008436,0.005196
-0.065118,0.008047,0.006463
-0.064550,0.008183,0.008281
-0.061622,0.008031,0.008442
-0.061339,0.010189,0.010413
-0.058581,0.007080,0.010510
-0.058584,0.008900,0.009481
-0.054932,0.008462,0.011202
-0.055965,0.008141,0.010355
-0.053664,0.009401,0.011085
-0.053027,0.009185,0.012552
-0.052142,0.009002,0.012415
-0.049549,0.009403,0.012662
-0.047071,0.008141,0.012245
-0.046519,0.009073,0.013249
-0.045524,0.007387,0.013092
-0.044673,0.008993,0.013124
-0.043595,0.008819,0.013780
-0.040135,0.007310,0.013926
-0.038747,0.009741,0.015742
-0.037185,0.009718,0.014591
-0.035500,0.009725,0.013976
-0.034567,0.009702,0.016052
-0.033445,0.007952,0.014500
-0.031317,0.008796,0.013591
-0.032017,0.009935,0.015851
-0.029447,0.009984,0.013118
-0.030140,0.009117,0.015280
-0.026325,0.009661,0.013564
-0.026595,0.008281,0.015648
-0.023077,0.008408,0.011687
-0.023110,0.007888,0.011583
-0.020634,0.007741,0.013604
-0.020413,0.008143,0.014385
-0.019382,0.010351,0.014062
-0.017014,0.008329,0.012342
-0.015598,0.007550,0.015007
-0.015084,0.007940,0.012143
-0.013098,0.007030,0.013985
-0.011734,0.008643,0.014010
-0.010889,0.007608,0.011678
-0.008525,0.008845,0.012820
-0.009440,0.008800,0.013103
-0.008551,0.008370,0.011894
-0.003988,0.009693,0.009606
-0.004195,0.007527,0.013739
-0.000078,0.010247,0.012557
-0.001948,0.007462,0.011441
-0.000234,0.010305,0.011444
0.001234,0.008022,0.010227
0.003702,0.008091,0.011875
0.004961,0.007497,0.012013
0.004142,0.007083,0.012370
0.007664,0.009532,0.011753
0.008792,0.008901,0.011063
0.009846,0.009956,0.012736
0.010821,0.011120,0.012774
0.012697,0.008633,0.013764
0.013488,0.009167,0.012425
0.014085,0.010040,0.014835
0.017349,0.009786,0.012572
0.017457,0.007818,0.010666
0.019802,0.007336,0.013085
0.020334,0.008178,0.013602
0.022093,0.008254,0.011912
0.024701,0.009941,0.011604
0.025312,0.007104,0.011032
0.028479,0.007043,0.013497
0.026957,0.006109,0.011451
0.029704,0.007945,0.011017
0.029900,0.007876,0.010754
0.031968,0.008835,0.011098
0.032612,0.009258,0.011744
0.033576,0.008332,0.010893
0.034947,0.008822,0.011358
0.038032,0.006909,0.011049
0.038701,0.006061,0.011139
0.040956,0.009028,0.011810
0.041273,0.008290,0.011508
0.043142,0.008501,0.010980
0.045652,0.008972,0.011141
0.044804,0.009611,0.011071
0.048444,0.007977,0.010664
0.048020,0.008566,0.009441
0.049499,0.010030,0.010870
0.050330,0.009646,0.008318
0.053142,0.009386,0.011433
0.054679,0.008721,0.009021
0.055866,0.007615,0.010148
0.057130,0.008612,0.009904
0.057744,0.006822,0.008583
0.059449,0.008873,0.009686
0.061782,0.009946,0.010301
0.064430,0.007155,0.007828
0.064134,0.010225,0.008880
0.068192,0.007898,0.007837
0.067197,0.008302,0.005995
0.066744,0.007914,0.004942
0.068582,0.008943,0.006477
0.071142,0.009024,0.004930
0.073951,0.009485,0.006269
0.072702,0.008146,0.004990
0.077297,0.007733,0.003904
0.075922,0.009045,0.002765
0.075765,0.007677,0.002715
0.078784,0.008062,0.002648
0.080947,0.007746,0.001189
0.083676,0.007897,0.000473
0.085326,0.008170,-0.000367
0.087700,0.008914,-0.001217
0.087924,0.008437,0.000550
0.088389,0.008852,-0.001943
0.089530,0.008281,-0.003250
0.088216,0.007641,-0.003731
0.092723,0.007891,-0.005746
0.093249,0.007230,-0.005874
0.096899,0.007208,-0.007847
0.096695,0.008047,-0.007099
0.097074,0.006879,-0.009772
0.099117,0.009060,-0.009164
0.100583,0.008295,-0.012570
0.102233,0.008712,-0.011164
0.101569,0.008436,-0.012050
0.104940,0.009631,-0.012876
0.105015,0.007875,-0.013680
0.109012,0.007132,-0.013651
0.111277,0.006859,-0.014878
0.108248,0.007730,-0.015126
0.110406,0.008874,-0.017417
0.112614,0.005759,-0.017146
0.115116,0.005309,-0.018882
0.117511,0.004795,-0.020536
0.117274,0.007001,-0.021869
0.119252,0.005862,-0.021376
0.119814,0.006446,-0.022700
0.121044,0.005673,-0.022956
0.122954,0.004800,-0.023227
0.124238,0.008073,-0.025852
0.126049,0.008144,-0.026836
0.125839,0.005132,-0.025112
0.127872,0.009789,-0.025387
0.130108,0.006098,-0.028191
0.133177,0.006850,-0.028817
0.132113,0.006790,-0.027307
0.134348,0.006411,-0.028892
0.135954,0.007717,-0.027950
0.138045,0.006736,-0.028708
0.138084,0.007552,-0.029974
0.141097,0.007836,-0.029746
0.142393,0.006457,-0.030290
0.140794,0.006003,-0.031037
0.144921,0.005130,-0.031081
0.145405,0.006227,-0.031361
0.146438,0.006996,-0.030451
0.149761,0.006334,-0.032455
0.149973,0.006934,-0.034421
0.151859,0.007908,-0.034145
0.153536,0.008555,-0.035022
0.154417,0.006302,-0.036854
0.157380,0.006167,-0.036580
0.159085,0.008327,-0.036063
0.158867,0.006116,-0.037553
0.158986,0.007228,-0.037856
0.162655,0.006118,-0.037043
0.162819,0.005910,-0.038283
0.165107,0.006436,-0.039952
0.165532,0.006695,-0.039405
0.167999,0.005089,-0.039337
0.169196,0.007971,-0.040709
0.170391,0.005159,-0.042696
0.171798,0.007498,-0.043630
0.173078,0.006483,-0.044029
0.174944,0.004556,-0.043489
0.177432,0.006320,-0.044484
0.178009,0.004055,-0.041180
0.179851,0.005854,-0.045047
0.180861,0.006196,-0.047986
0.182411,0.005845,-0.046117
0.182985,0.006351,-0.047891
0.186732,0.004297,-0.049208
0.184990,0.005553,-0.051870
0.187839,0.006998,-0.051659
0.189071,0.003780,-0.052708
0.191410,0.005616,-0.052216
0.191585,0.003503,-0.057102
0.193828,0.003823,-0.057537
0.195921,0.007240,-0.060804
0.196586,0.004316,-0.064036
0.198476,0.004210,-0.065888
0.198464,0.004883,-0.070029
0.201898,0.003188,-0.072542
0.203030,0.006544,-0.075691
0.205500,0.004244,-0.083365
0.206820,0.005762,-0.090165
0.208960,0.003041,-0.097621
-0.097826,0.007569,-0.053197
-0.094138,0.009191,-0.041034
-0.092883,0.009139,-0.033755
-0.091328,0.007137,-0.030860
-0.087004,0.007993,-0.027697
-0.087117,0.009300,-0.021727
-0.084073,0.007633,-0.018438
-0.086089,0.008918,-0.016986
-0.081384,0.009936,-0.014286
-0.083333,0.008162,-0.011591
-0.079287,0.008260,-0.006859
-0.079355,0.008781,-0.006840
-0.077756,0.011064,-0.004673
-0.075506,0.008968,-0.001239
-0.073455,0.009098,-0.002236
-0.074419,0.011984,0.000094
-0.070655,0.008310,0.000455
-0.069695,0.009170,0.001093
-0.069104,0.009374,0.004608
-0.068394,0.008688,0.004330
-0.066277,0.008265,0.006109
-0.065195,0.009320,0.008572
-0.062083,0.008347,0.007081
-0.060993,0.011269,0.008716
-0.060577,0.011506,0.011389
-0.059814,0.009360,0.011461
-0.057272,0.011948,0.011883
-0.054926,0.008566,0.010479
-0.055278,0.011001,0.011474
-0.052459,0.011172,0.012818
-0.053034,0.010219,0.013050
-0.050688,0.010762,0.009780
-0.049048,0.007425,0.013172
-0.045807,0.010739,0.013329
-0.045232,0.009445,0.013618
-0.045731,0.009199,0.012821
-0.043555,0.009257,0.015277
-0.041899,0.009859,0.016668
-0.040493,0.009927,0.014958
-0.038776,0.009982,0.015832
-0.038215,0.010000,0.016203
-0.036931,0.012583,0.015709
-0.036075,0.009211,0.016697
-0.034444,0.010162,0.013629
-0.033004,0.008429,0.015568
-0.030519,0.010466,0.015174
-0.028376,0.010214,0.015273
-0.028739,0.011756,0.013882
-0.026459,0.010002,0.014396
-0.026524,0.009504,0.016149
-0.024364,0.010569,0.013033
-0.021767,0.009790,0.014720
-0.020657,0.010318,0.013221
-0.022271,0.009208,0.014199
-0.020257,0.008909,0.013520
-0.018026,0.009760,0.013412
-0.015449,0.010686,0.012283
-0.014194,0.009281,0.011947
-0.014691,0.009196,0.013036
-0.013403,0.011616,0.013478
-0.012085,0.010150,0.011706
-0.009550,0.011439,0.010902
-0.009402,0.009613,0.012012
-0.006675,0.010679,0.015491
-0.005742,0.008170,0.012369
-0.003532,0.009845,0.013125
-0.001037,0.009753,0.011616
-0.000509,0.010646,0.011490
0.001075,0.010788,0.013722
0.002090,0.009469,0.012047
0.001687,0.010164,0.013227
0.004125,0.010654,0.012048
0.005476,0.009858,0.011808
0.008332,0.010342,0.012484
0.011162,0.010873,0.012622
0.009829,0.010548,0.012449
0.012681,0.008200,0.012232
0.012688,0.009695,0.013609
0.015267,0.008427,0.012402
0.013839,0.011133,0.012055
0.016444,0.008800,0.012165
0.018093,0.010044,0.012618
0.020820,0.009467,0.012790
0.022413,0.007805,0.012950
0.022861,0.008876,0.013576
0.023679,0.010895,0.014628
0.026900,0.008521,0.012816
0.027224,0.009629,0.012556
0.028684,0.012128,0.010421
0.029786,0.009823,0.011298
0.028969,0.009645,0.012206
0.032233,0.009353,0.013228
0.034187,0.009303,0.012100
0.035000,0.009976,0.013693
0.037418,0.008667,0.012785
0.038045,0.010459,0.012187
0.038567,0.010140,0.013383
0.040658,0.009211,0.013226
0.040902,0.009178,0.011512
0.044273,0.010028,0.010771
0.044176,0.010073,0.012436
0.044002,0.010357,0.010152
0.047507,0.008735,0.011694
0.048312,0.010290,0.013328
0.051289,0.011044,0.012350
0.048717,0.011582,0.011942
0.053601,0.009704,0.009228
0.051110,0.009358,0.011008
0.056786,0.009101,0.008690
0.057358,0.007370,0.009356
0.058529,0.010415,0.009243
0.059159,0.010461,0.009461
0.061935,0.008111,0.009064
0.063126,0.012273,0.008213
0.062782,0.010379,0.008749
0.063584,0.010688,0.007697
0.067421,0.009790,0.007251
0.068421,0.010228,0.004902
0.069319,0.009760,0.006218
0.070272,0.009126,0.007609
0.073225,0.011348,0.005707
0.072854,0.011425,0.003438
0.074890,0.008049,0.005065
0.076833,0.007698,0.005177
0.078745,0.009268,0.003831
0.077770,0.010194,0.002776
0.080839,0.008426,0.003566
0.081607,0.010479,0.000136
0.083053,0.009748,0.000444
0.085579,0.009112,0.001761
0.085122,0.009567,0.001906
0.087372,0.011027,-0.000876
0.088706,0.010642,-0.002658
0.090576,0.008891,-0.002001
0.091851,0.008486,-0.004617
0.092915,0.007824,-0.005561
0.093307,0.008151,-0.006720
0.095541,0.009636,-0.005723
0.096983,0.007139,-0.008324
0.097412,0.009446,-0.009000
0.100738,0.010200,-0.010770
0.101075,0.008250,-0.011229
0.101495,0.010309,-0.012504
0.104427,0.009329,-0.009385
0.106085,0.007954,-0.012879
0.107506,0.010849,-0.014289
0.108893,0.009426,-0.011969
0.110179,0.006406,-0.017070
0.113260,0.008055,-0.016763
0.112673,0.007507,-0.019087
0.113766,0.008049,-0.016449
0.115672,0.008433,-0.019113
0.115301,0.008216,-0.022373
0.118661,0.008887,-0.020090
0.119553,0.008215,-0.023176
0.121589,0.008220,-0.021771
0.122156,0.007550,-0.023629
0.123215,0.006488,-0.023432
0.126569,0.009959,-0.024757
0.127647,0.007606,-0.025190
0.127344,0.007951,-0.025969
0.130943,0.008256,-0.027968
0.130763,0.008489,-0.028589
0.132527,0.006764,-0.029660
0.135703,0.007319,-0.026029
0.137026,0.009969,-0.029174
0.135951,0.007215,-0.027238
0.137872,0.009028,-0.029057
0.139876,0.008310,-0.027491
0.141851,0.008887,-0.030266
0.143583,0.008633,-0.029751
0.145807,0.006575,-0.029974
0.144980,0.007842,-0.032953
0.148261,0.008624,-0.032083
0.148232,0.007454,-0.033113
0.149348,0.006432,-0.032862
0.151412,0.008566,-0.034179
0.152693,0.009036,-0.036040
0.152973,0.007402,-0.037235
0.155185,0.006335,-0.035421
0.155944,0.008176,-0.038025
0.159240,0.008582,-0.036633
0.158710,0.009069,-0.037205
0.161424,0.008042,-0.038040
0.163429,0.007436,-0.038760
0.161985,0.007436,-0.040559
0.166588,0.006866,-0.040564
0.167650,0.007972,-0.040880
0.169653,0.009136,-0.040430
0.169415,0.005702,-0.040667
0.171694,0.006590,-0.041716
0.171451,0.006224,-0.042520
0.172623,0.008260,-0.043642
0.176598,0.006695,-0.043061
0.176277,0.006711,-0.047715
0.179381,0.008453,-0.044745
0.180700,0.008123,-0.046706
0.180084,0.008619,-0.048482
0.182235,0.007585,-0.047371
0.185252,0.005964,-0.049239
0.185389,0.006160,-0.049819
0.188848,0.007320,-0.052319
0.188104,0.007681,-0.053068
0.191427,0.006902,-0.054672
0.191141,0.007159,-0.055924
0.192098,0.007061,-0.057212
0.194867,0.008219,-0.060945
0.196171,0.005636,-0.063200
0.197581,0.006426,-0.067102
0.199309,0.008092,-0.071885
0.202339,0.007043,-0.073478
0.203239,0.005814,-0.077528
0.206235,0.005841,-0.086387
0.208624,0.005430,-0.093341
-0.095122,0.009048,-0.051821
-0.094115,0.008850,-0.039915
-0.092432,0.010371,-0.033763
-0.092148,0.010254,-0.030025
-0.090189,0.009031,-0.024569
-0.087056,0.008764,-0.020104
-0.087096,0.010671,-0.018261
-0.086389,0.009933,-0.015400
-0.083295,0.011270,-0.012951
-0.082225,0.009723,-0.011095
-0.082227,0.010451,-0.009541
-0.079716,0.009697,-0.005471
-0.075989,0.011319,-0.003608
-0.075199,0.010167,-0.001410
-0.073830,0.009893,-0.002511
-0.074304,0.011368,0.000050
-0.072807,0.013083,0.001587
-0.070484,0.012798,0.004406
-0.068421,0.009871,0.003983
-0.066775,0.011064,0.003940
-0.066191,0.012106,0.006807
-0.064038,0.011368,0.006169
-0.062161,0.011236,0.008050
-0.061820,0.011527,0.008780
-0.061502,0.012503,0.010570
-0.059086,0.013287,0.011225
-0.055243,0.010735,0.011263
-0.056967,0.012022,0.011817
-0.054686,0.010765,0.012894
-0.054564,0.011934,0.012524
-0.051304,0.010580,0.011933
-0.051850,0.011241,0.012592
-0.049925,0.012069,0.013996
-0.048645,0.010938,0.013852
-0.047103,0.011899,0.014130
-0.043190,0.012542,0.014531
-0.043179,0.010705,0.015527
-0.042093,0.012129,0.016032
-0.041078,0.013856,0.017644
-0.039410,0.012552,0.015162
-0.035688,0.011217,0.016178
-0.036327,0.012217,0.016219
-0.035626,0.012388,0.015171
-0.034809,0.012405,0.015800
-0.031921,0.011113,0.014333
-0.030743,0.010886,0.016847
-0.031010,0.010767,0.014213
-0.028280,0.011690,0.014126
-0.027657,0.012159,0.014622
-0.024826,0.012411,0.015694
-0.024821,0.011400,0.015048
-0.021993,0.011152,0.016078
-0.022312,0.010401,0.014022
-0.021187,0.011381,0.014563
-0.019940,0.013679,0.015061
-0.018526,0.012258,0.014133
-0.014961,0.011130,0.013746
-0.014218,0.010950,0.014640
-0.013626,0.011941,0.012240
-0.011307,0.009738,0.013995
-0.010575,0.012540,0.013659
-0.007206,0.010276,0.012147
-0.008946,0.011395,0.014055
-0.004601,0.013295,0.011702
-0.006460,0.012414,0.014446
-0.003540,0.012839,0.011970
-0.001793,0.013422,0.013356
-0.001509,0.011569,0.012742
0.000711,0.012115,0.012239
0.002124,0.012512,0.012783
0.005885,0.011930,0.012140
0.003085,0.011785,0.015348
0.004828,0.010196,0.012846
0.007446,0.011944,0.013663
0.009066,0.011787,0.013520
0.009234,0.012234,0.011633
0.010673,0.013846,0.012091
0.012532,0.013352,0.012605
0.014991,0.012654,0.012874
0.016676,0.012296,0.012539
0.017761,0.011016,0.012217
0.018092,0.013556,0.012493
0.018773,0.010768,0.013813
0.021681,0.012287,0.013279
0.023109,0.010892,0.012865
0.022713,0.012664,0.012220
0.024307,0.011699,0.013452
0.026814,0.011416,0.012723
0.026984,0.012243,0.012653
0.029481,0.011990,0.012290
0.030452,0.011242,0.014637
0.032259,0.012086,0.012778
0.032844,0.010109,0.012832
0.036066,0.010592,0.013731
0.036190,0.011335,0.013290
0.039399,0.011701,0.011922
0.040099,0.011516,0.014722
0.038673,0.011738,0.012591
0.042589,0.011800,0.015464
0.041915,0.011032,0.012430
0.044556,0.011610,0.012705
0.047043,0.010301,0.012640
0.047478,0.011552,0.013728
0.048390,0.012708,0.011367
0.049613,0.011312,0.010568
0.050463,0.011935,0.012002
0.052820,0.011399,0.011826
0.054219,0.010107,0.010356
0.055973,0.010875,0.008920
0.054776,0.012218,0.011024
0.058329,0.011601,0.010219
0.057226,0.011543,0.009963
0.059036,0.011448,0.009584
0.061443,0.010930,0.009252
0.063174,0.011204,0.008547
0.065129,0.009811,0.009037
0.066658,0.011042,0.007624
0.068000,0.010950,0.008644
0.068790,0.012157,0.006422
0.070281,0.012158,0.008591
0.072736,0.012001,0.007271
0.073539,0.011280,0.006779
0.074668,0.010015,0.005668
0.077248,0.012297,0.005464
0.077828,0.010792,0.004558
0.079244,0.010840,0.003596
0.081792,0.011372,0.001370
0.080006,0.011037,0.002010
0.081689,0.010511,0.001397
0.084261,0.010086,0.001555
0.084335,0.011514,-0.000755
0.087604,0.010220,-0.000446
0.087225,0.010940,0.000304
0.090908,0.010519,-0.003193
0.092477,0.012132,-0.003004
0.092839,0.010601,-0.005276
0.094361,0.010197,-0.005262
0.095964,0.011155,-0.006519
0.096819,0.010439,-0.006644
0.096860,0.010246,-0.007732
0.101382,0.010943,-0.008139
0.103769,0.008120,-0.011545
0.102984,0.010218,-0.010903
0.104371,0.009842,-0.011688
0.106948,0.011107,-0.011563
0.108195,0.010062,-0.014084
0.107147,0.010906,-0.014109
0.110028,0.009905,-0.015604
0.111328,0.010139,-0.015696
0.113004,0.011118,-0.015044
0.114032,0.009699,-0.017849
0.115089,0.009757,-0.019781
0.117011,0.009447,-0.021013
0.119247,0.010154,-0.018263
0.119358,0.010007,-0.022935
0.121613,0.010942,-0.022552
0.122661,0.010950,-0.023031
0.123777,0.011570,-0.024376
0.124836,0.010009,-0.023408
0.125666,0.010289,-0.024875
0.129151,0.009253,-0.026015
0.131245,0.008683,-0.026965
0.130876,0.009860,-0.029456
0.133136,0.010322,-0.026742
0.134644,0.009779,-0.028113
0.135308,0.007896,-0.030443
0.137707,0.010718,-0.030848
0.138274,0.008647,-0.029173
0.139556,0.009016,-0.030425
0.141141,0.009492,-0.030161
0.141442,0.010934,-0.030093
0.142093,0.007553,-0.030336
0.145119,0.008097,-0.032203
0.145738,0.010133,-0.031504
0.149272,0.007984,-0.034274
0.149763,0.007979,-0.034929
0.150974,0.010865,-0.032961
0.153308,0.010012,-0.034150
0.155224,0.008698,-0.036644
0.156676,0.010338,-0.036235
0.158548,0.011510,-0.034927
0.157968,0.009503,-0.036957
0.159348,0.010262,-0.035903
0.161211,0.010405,-0.039550
0.161638,0.010043,-0.038909
0.164146,0.007550,-0.038364
0.165173,0.008837,-0.040823
0.167302,0.008361,-0.040463
0.169219,0.009754,-0.039340
0.168286,0.009571,-0.043789
0.172237,0.009589,-0.042558
0.171815,0.007106,-0.044698
0.176257,0.010554,-0.043061
0.175663,0.010066,-0.044156
0.175850,0.010626,-0.046091
0.177642,0.008274,-0.046655
0.181327,0.008433,-0.046077
0.181797,0.006786,-0.048315
0.183179,0.008033,-0.049252
0.186156,0.007686,-0.051010
0.184637,0.009846,-0.053558
0.187332,0.008909,-0.054515
0.188156,0.007017,-0.053964
0.190422,0.008458,-0.053571
0.193258,0.009160,-0.054304
0.194221,0.009627,-0.059982
0.195347,0.007949,-0.060668
0.197258,0.008471,-0.065128
0.196814,0.007830,-0.069021
0.200731,0.007711,-0.069424
0.201264,0.009661,-0.075060
0.204928,0.007158,-0.081671
0.204987,0.005929,-0.086422
0.207586,0.006824,-0.093286
-0.097145,0.010815,-0.051488
-0.095385,0.010348,-0.039994
-0.094012,0.010161,-0.033471
-0.090981,0.012645,-0.030551
-0.090005,0.010615,-0.025520
-0.087437,0.012330,-0.020842
-0.089818,0.011796,-0.017554
-0.085788,0.010585,-0.014984
-0.083756,0.010868,-0.012648
-0.083240,0.012954,-0.009414
-0.081502,0.012249,-0.008088
-0.078811,0.011786,-0.006709
-0.078413,0.011563,-0.003044
-0.076954,0.012015,-0.000332
-0.074708,0.012040,-0.000617
-0.072439,0.013129,0.000680
-0.072409,0.012759,0.000926
-0.071838,0.012630,0.001475
-0.068537,0.012713,0.004015
-0.066512,0.013056,0.004851
-0.067178,0.014646,0.007415
-0.064536,0.013509,0.005181
-0.063052,0.012752,0.008340
-0.062015,0.012185,0.008926
-0.061144,0.012767,0.010191
-0.059673,0.013698,0.010407
-0.057140,0.013331,0.012333
-0.056225,0.012530,0.010965
-0.054952,0.013065,0.011977
-0.055378,0.011260,0.012078
-0.051882,0.012409,0.013244
-0.050132,0.013724,0.011474
-0.049171,0.014399,0.015234
-0.046957,0.013073,0.015313
-0.046455,0.014117,0.014360
-0.043959,0.013544,0.016462
-0.043410,0.014090,0.017027
-0.042494,0.012905,0.017519
-0.041196,0.014797,0.015410
-0.039466,0.013847,0.015254
-0.038404,0.013161,0.015337
-0.036923,0.013203,0.017526
-0.035390,0.013404,0.015516
-0.033322,0.011370,0.015367
-0.031754,0.010695,0.014328
-0.031356,0.012786,0.013843
-0.031375,0.013762,0.013572
-0.028580,0.013745,0.014338
-0.028509,0.012366,0.016026
-0.025346,0.012595,0.012267
-0.025725,0.014406,0.015634
-0.022353,0.012566,0.015303
-0.021234,0.011593,0.014711
-0.020081,0.012057,0.014774
-0.019256,0.014210,0.015080
-0.018312,0.011863,0.016517
-0.017241,0.013214,0.016514
-0.013838,0.013192,0.014691
-0.012686,0.012004,0.013311
-0.011655,0.014143,0.012630
-0.010946,0.013570,0.013635
-0.010857,0.011963,0.013120
-0.007232,0.013473,0.013520
-0.006986,0.013951,0.013697
-0.004788,0.013307,0.013516
-0.003976,0.013878,0.012078
-0.003994,0.013039,0.012631
-0.003086,0.013402,0.012789
0.000816,0.013174,0.013169
0.001579,0.011736,0.013590
0.002247,0.013015,0.012984
0.004228,0.012630,0.015322
0.004643,0.012041,0.012311
0.006719,0.011937,0.013755
0.009706,0.013714,0.013058
0.009588,0.013965,0.014372
0.011479,0.013446,0.013012
0.014295,0.014026,0.011128
0.014255,0.013258,0.012011
0.014240,0.011280,0.014293
0.017541,0.012016,0.013006
0.018541,0.015767,0.012454
0.020585,0.011074,0.015494
0.018961,0.012706,0.014585
0.022303,0.013168,0.013530
0.023520,0.011310,0.013234
0.025093,0.014424,0.011762
0.027264,0.012269,0.013642
0.026203,0.014565,0.012836
0.028370,0.012909,0.014811
0.031883,0.014379,0.013790
0.030456,0.013102,0.013839
0.032142,0.012261,0.014169
0.036113,0.010454,0.016155
0.034383,0.011499,0.014107
0.038167,0.013324,0.015006
0.039339,0.013441,0.012543
0.041429,0.013116,0.012968
0.043692,0.012155,0.013375
0.042645,0.012927,0.015271
0.045120,0.012392,0.012464
0.045898,0.012028,0.014540
0.046601,0.013341,0.011400
0.050054,0.010405,0.012973
0.048809,0.012465,0.013213
0.053203,0.012287,0.014069
0.053658,0.012184,0.013057
0.054368,0.013867,0.009405
0.054841,0.012986,0.011587
0.056045,0.011898,0.011214
0.056914,0.012895,0.010195
0.059043,0.014289,0.010707
0.058616,0.013380,0.010710
0.062492,0.012126,0.010190
0.063958,0.012932,0.010886
0.064808,0.012270,0.009550
0.065759,0.013490,0.008765
0.067475,0.014571,0.008676
0.068678,0.013516,0.008922
0.070479,0.013940,0.008741
0.072340,0.013288,0.007385
0.072527,0.013722,0.006538
0.076294,0.012805,0.005129
0.074805,0.012714,0.004474
0.076976,0.011821,0.006548
0.078494,0.012331,0.003965
0.082053,0.013327,0.003166
0.082541,0.013445,0.002521
0.082427,0.013467,0.000901
0.084108,0.011097,0.000944
0.085236,0.010903,-0.001258
0.088288,0.012651,-0.001231
0.089999,0.012674,-0.003663
0.089196,0.012429,-0.001908
0.090759,0.013558,-0.001873
0.093476,0.013353,-0.003586
0.094260,0.012716,-0.004806
0.094833,0.011447,-0.004230
0.097884,0.013649,-0.004924
0.098934,0.011264,-0.008041
0.100562,0.011728,-0.008381
0.100989,0.012094,-0.010760
0.102294,0.012251,-0.010495
0.104432,0.011607,-0.011156
0.105180,0.011136,-0.013245
0.108192,0.012341,-0.011820
0.108939,0.012371,-0.013930
0.112214,0.010581,-0.013502
0.112696,0.011332,-0.016404
0.113429,0.012241,-0.018452
0.115258,0.012587,-0.017584
0.117079,0.013153,-0.016072
0.116698,0.011626,-0.019787
0.118227,0.011718,-0.019522
0.119872,0.011569,-0.022440
0.122849,0.010651,-0.021245
0.123376,0.010340,-0.024674
0.123605,0.012160,-0.022663
0.125351,0.011503,-0.023975
0.126736,0.013325,-0.025352
0.128994,0.010024,-0.026196
0.128776,0.011757,-0.025753
0.131923,0.010666,-0.026663
0.132057,0.011689,-0.028152
0.134449,0.010530,-0.027399
0.136107,0.010546,-0.026339
0.137555,0.010868,-0.028464
0.138044,0.013453,-0.029510
0.140625,0.011569,-0.029355
0.142009,0.010585,-0.029558
0.143124,0.011546,-0.029550
0.145268,0.008861,-0.031848
0.146087,0.010552,-0.031094
0.146326,0.011445,-0.031047
0.149803,0.010052,-0.032092
0.150129,0.008924,-0.033595
0.153077,0.011132,-0.033579
0.154681,0.013102,-0.035436
0.154916,0.010386,-0.036273
0.153578,0.013511,-0.037541
0.157359,0.009440,-0.035499
0.157777,0.011891,-0.036825
0.159938,0.009750,-0.037843
0.161791,0.011006,-0.038703
0.163529,0.009676,-0.038980
0.164854,0.010552,-0.037158
0.165520,0.009032,-0.041270
0.167827,0.012019,-0.039500
0.168866,0.010443,-0.041920
0.171688,0.010433,-0.042361
0.171833,0.011748,-0.042931
0.172881,0.010806,-0.041831
0.173154,0.011390,-0.043006
0.176213,0.011015,-0.044109
0.176633,0.009066,-0.045382
0.178226,0.011941,-0.047823
0.179738,0.009318,-0.047110
0.183047,0.009897,-0.047643
0.183498,0.012159,-0.050638
0.185731,0.008812,-0.049836
0.186912,0.010425,-0.050613
0.186818,0.011834,-0.051612
0.188571,0.010524,-0.054043
0.188633,0.010436,-0.056310
0.193657,0.008696,-0.058149
0.194305,0.009274,-0.059643
0.194866,0.009503,-0.062871
0.196378,0.010361,-0.067204
0.199768,0.009409,-0.068746
0.199285,0.008575,-0.072043
0.203542,0.010438,-0.075106
0.202180,0.010042,-0.084044
0.204119,0.009466,-0.090168
-0.097521,0.011957,-0.050896
-0.093645,0.013734,-0.037814
-0.093205,0.012071,-0.034120
-0.091995,0.012728,-0.028892
-0.090653,0.013825,-0.025579
-0.089375,0.013351,-0.022306
-0.085963,0.013294,-0.017609
-0.085856,0.012609,-0.015174
-0.084605,0.014489,-0.013539
-0.081847,0.013094,-0.010858
-0.081634,0.016499,-0.007144
-0.078017,0.013426,-0.005490
-0.077720,0.012995,-0.002601
-0.077255,0.014741,-0.001094
-0.074645,0.014130,0.000342
-0.074320,0.015618,0.000979
-0.074309,0.014090,0.001184
-0.069097,0.015121,0.002965
-0.068365,0.015745,0.005600
-0.066526,0.013121,0.006615
-0.065000,0.014342,0.005927
-0.063584,0.016423,0.005901
-0.064054,0.013841,0.008599
-0.061389,0.014857,0.011050
-0.062552,0.013457,0.010791
-0.059732,0.015514,0.012407
-0.057029,0.015841,0.011780
-0.057481,0.016040,0.013226
-0.054135,0.014307,0.011281
-0.054997,0.012888,0.013794
-0.051890,0.014756,0.013633
-0.050104,0.015109,0.014114
-0.049988,0.014850,0.014559
-0.047990,0.014512,0.016135
-0.046046,0.013975,0.017131
-0.048265,0.015461,0.016204
-0.041444,0.014887,0.018112
-0.041555,0.013511,0.017132
-0.040529,0.014274,0.016298
-0.039598,0.015348,0.016156
-0.037605,0.015366,0.015476
-0.038704,0.015827,0.017014
-0.034433,0.014752,0.016268
-0.035550,0.015439,0.017685
-0.031985,0.015703,0.015940
-0.032568,0.016848,0.017084
-0.029336,0.014436,0.015708
-0.029732,0.015102,0.015198
-0.029756,0.013639,0.015888
-0.026434,0.014498,0.015845
-0.023650,0.014947,0.016416
-0.022647,0.014288,0.014695
-0.023109,0.015229,0.014855
-0.021320,0.015227,0.015497
-0.018288,0.015162,0.013746
-0.017931,0.013083,0.013803
-0.013998,0.016573,0.016481
-0.014139,0.014078,0.014711
-0.013076,0.014041,0.013256
-0.013174,0.014891,0.014988
-0.010153,0.014529,0.014441
-0.008102,0.015465,0.013608
-0.006657,0.014813,0.013788
-0.005737,0.014583,0.013233
-0.006163,0.015045,0.014071
-0.002824,0.015613,0.014582
-0.001390,0.014198,0.014084
-0.000934,0.014555,0.012417
-0.000221,0.013378,0.012866
0.000584,0.015794,0.013278
0.003862,0.013528,0.013534
0.003942,0.014396,0.013458
0.006433,0.013814,0.012852
0.004962,0.015197,0.014730
0.009478,0.014601,0.014989
0.010685,0.014672,0.014153
0.013169,0.014363,0.013722
0.012211,0.014814,0.014821
0.015747,0.015372,0.014571
0.017937,0.013971,0.013484
0.016683,0.015865,0.014872
0.019154,0.014026,0.014226
0.021485,0.014252,0.011920
0.021947,0.013579,0.014872
0.022540,0.015996,0.014941
0.024211,0.014937,0.013994
0.026238,0.014383,0.012896
0.026377,0.014603,0.014467
0.027963,0.014482,0.014168
0.027803,0.014221,0.013333
0.031233,0.014446,0.013455
0.031350,0.013456,0.014207
0.032559,0.014788,0.015188
0.036998,0.013274,0.014351
0.035258,0.013178,0.013335
0.037086,0.014669,0.014304
0.039355,0.013604,0.015472
0.040716,0.015852,0.013280
0.041407,0.013467,0.013893
0.041955,0.014398,0.013891
0.043824,0.015449,0.012410
0.046247,0.013891,0.014232
0.047296,0.014094,0.015187
0.047917,0.013424,0.014291
0.049109,0.013715,0.012588
0.052195,0.015624,0.013363
0.053436,0.014795,0.013569
0.054281,0.014399,0.012892
0.055569,0.013094,0.010875
0.057192,0.015330,0.012418
0.059035,0.014485,0.013500
0.061389,0.013593,0.012562
0.059854,0.014139,0.012858
0.063233,0.014656,0.010772
0.063876,0.014051,0.010149
0.065961,0.015318,0.011650
0.065559,0.014205,0.010056
0.068112,0.013707,0.010144
0.068905,0.016166,0.009226
0.069248,0.014795,0.008390
0.072613,0.013127,0.006699
0.073621,0.014350,0.008057
0.075008,0.015560,0.007151
0.075135,0.015023,0.007184
0.079317,0.015152,0.006587
0.078670,0.012654,0.005696
0.078589,0.014954,0.005475
0.081207,0.015144,0.002806
0.085022,0.015098,0.002003
0.085744,0.015902,0.001312
0.086406,0.015332,0.001176
0.087719,0.015255,0.001041
0.088592,0.013417,-0.000925
0.090204,0.013838,-0.001099
0.092151,0.014640,-0.002065
0.093174,0.013367,-0.002719
0.095042,0.012575,-0.003970
0.096576,0.015760,-0.004733
0.098064,0.013344,-0.005577
0.099268,0.015399,-0.008040
0.100462,0.012736,-0.008029
0.101037,0.013579,-0.008608
0.102965,0.015126,-0.008744
0.105432,0.013275,-0.010875
0.105029,0.012204,-0.011455
0.108809,0.014422,-0.011823
0.109372,0.013748,-0.013536
0.111776,0.011360,-0.014099
0.111046,0.014616,-0.015688
0.113177,0.012349,-0.015465
0.113856,0.013927,-0.016677
0.115158,0.012229,-0.019324
0.116884,0.015256,-0.018433
0.120020,0.014249,-0.018967
0.122507,0.011786,-0.021256
0.122992,0.013052,-0.020299
0.123710,0.013150,-0.024163
0.124055,0.012329,-0.022757
0.125375,0.013356,-0.022666
0.127056,0.012372,-0.023524
0.129482,0.011777,-0.026641
0.130187,0.012644,-0.027579
0.131830,0.011683,-0.025706
0.132638,0.013180,-0.025733
0.134769,0.013200,-0.028012
0.137303,0.013433,-0.030642
0.138453,0.012039,-0.028835
0.138784,0.013140,-0.029550
0.140986,0.013301,-0.028155
0.141736,0.012027,-0.031186
0.142527,0.012538,-0.028923
0.145311,0.013734,-0.031177
0.144456,0.012871,-0.032295
0.146808,0.012104,-0.031366
0.149978,0.012647,-0.033318
0.150696,0.011297,-0.033530
0.150955,0.012152,-0.034253
0.153037,0.013347,-0.033915
0.154620,0.012924,-0.037974
0.156817,0.013314,-0.036092
0.157630,0.012562,-0.035918
0.158827,0.015199,-0.037686
0.161316,0.014288,-0.037558
0.160918,0.010730,-0.037920
0.163430,0.011565,-0.037091
0.165290,0.012644,-0.039170
0.165648,0.013233,-0.039025
0.166290,0.011828,-0.041771
0.169482,0.012335,-0.041116
0.171436,0.013035,-0.040675
0.171754,0.012127,-0.043082
0.173071,0.012207,-0.043991
0.173715,0.011956,-0.043765
0.176348,0.011026,-0.043866
0.178405,0.012171,-0.043215
0.180012,0.011958,-0.046200
0.181301,0.012313,-0.048987
0.183251,0.012709,-0.048884
0.184153,0.012782,-0.049754
0.183566,0.010991,-0.051064
0.186969,0.011505,-0.051317
0.188094,0.013589,-0.053498
0.190020,0.010602,-0.055937
0.189692,0.011397,-0.056263
0.193903,0.011056,-0.057941
0.194087,0.011440,-0.059908
0.195029,0.011205,-0.065075
0.197100,0.011769,-0.067247
0.197029,0.010372,-0.069261
0.199342,0.010191,-0.071408
0.202976,0.010318,-0.077352
0.204054,0.011791,-0.085803
0.205920,0.009503,-0.093282
-0.094801,0.016498,-0.050917
-0.093952,0.013100,-0.035546
-0.092506,0.013340,-0.034582
-0.090551,0.014479,-0.029164
-0.089972,0.016927,-0.023053
-0.087296,0.014212,-0.022808
-0.086402,0.014724,-0.015592
-0.083536,0.015228,-0.013121
-0.083236,0.016854,-0.013193
-0.083283,0.015161,-0.010645
-0.080664,0.014353,-0.007923
-0.078141,0.015067,-0.005939
-0.077915,0.016309,-0.002333
-0.076162,0.015445,-0.002049
-0.076449,0.015298,-0.000388
-0.073078,0.015864,0.001710
-0.072366,0.016160,0.003400
-0.070650,0.015070,0.002834
-0.068424,0.016428,0.004187
-0.068433,0.016012,0.005952
-0.065537,0.015006,0.006510
-0.063870,0.017810,0.009070
-0.064829,0.016368,0.008115
-0.062977,0.016562,0.011442
-0.060083,0.016305,0.010587
-0.059390,0.015879,0.011588
-0.057526,0.014578,0.011730
-0.057246,0.015604,0.013327
-0.055365,0.016769,0.009780
-0.053206,0.016736,0.013367
-0.052285,0.017273,0.013860
-0.050677,0.016796,0.014737
-0.048729,0.015382,0.014664
-0.047995,0.016982,0.014845
-0.047673,0.016554,0.016462
-0.045462,0.016818,0.019808
-0.044269,0.015174,0.015770
-0.042530,0.016323,0.016999
-0.040302,0.016222,0.019217
-0.041836,0.015704,0.017056
-0.035500,0.016354,0.014984
-0.035624,0.017268,0.017498
-0.036299,0.016227,0.016838
-0.033469,0.016667,0.016591
-0.031905,0.016541,0.017010
-0.031891,0.015166,0.014983
-0.030499,0.017450,0.015779
-0.030320,0.018703,0.015145
-0.028342,0.014032,0.016701
-0.025188,0.016598,0.013490
-0.025041,0.015548,0.017167
-0.022208,0.016944,0.015916
-0.022228,0.016300,0.017843
-0.021094,0.018438,0.017044
-0.019164,0.016375,0.015578
-0.016642,0.014688,0.014716
-0.016384,0.015572,0.016219
-0.013798,0.017091,0.012229
-0.013834,0.017410,0.015575
-0.011699,0.016236,0.015470
-0.010708,0.015945,0.012525
-0.009910,0.014942,0.013230
-0.006786,0.018592,0.013390
-0.007766,0.016216,0.013028
-0.005517,0.016342,0.013948
-0.004727,0.016330,0.012968
-0.002572,0.017654,0.015653
0.000356,0.015591,0.014439
-0.001778,0.016180,0.015469
0.004567,0.016200,0.013754
0.004169,0.016903,0.014966
0.003501,0.016642,0.014302
0.007041,0.015223,0.014391
0.005860,0.017316,0.014216
0.010090,0.015176,0.015767
0.010118,0.018017,0.015611
0.011387,0.015418,0.014643
0.014350,0.016871,0.015185
0.012147,0.015440,0.014665
0.016368,0.015852,0.014533
0.018582,0.015225,0.014616
0.018031,0.016297,0.013487
0.018499,0.014566,0.014489
0.022354,0.015518,0.015019
0.023579,0.016967,0.014478
0.024369,0.015716,0.014160
0.023558,0.017597,0.014944
0.026818,0.015200,0.013881
0.026614,0.017128,0.015981
0.028332,0.015795,0.016387
0.029509,0.016040,0.014985
0.033175,0.014834,0.015413
0.033337,0.015246,0.015837
0.035632,0.014397,0.014037
0.036134,0.017548,0.014922
0.037675,0.016239,0.013726
0.038549,0.016995,0.016686
0.040499,0.016700,0.016235
0.042070,0.016576,0.014986
0.044259,0.017295,0.016964
0.043529,0.016951,0.015901
0.047173,0.017141,0.013510
0.045945,0.016024,0.015166
0.049744,0.017299,0.014223
0.049906,0.018496,0.015758
0.051078,0.015141,0.014340
0.054497,0.015752,0.014784
0.053415,0.018167,0.013645
0.054366,0.014793,0.011857
0.055350,0.017151,0.010067
0.058190,0.017264,0.013510
0.060841,0.018155,0.010841
0.061400,0.017684,0.013105
0.062911,0.017203,0.012395
0.064013,0.016847,0.009550
0.064032,0.014715,0.008559
0.067303,0.016194,0.010116
0.068021,0.015429,0.010454
0.068942,0.017065,0.009457
0.070464,0.015564,0.009248
0.073060,0.016062,0.007519
0.073966,0.015234,0.007038
0.076507,0.016007,0.007625
0.075113,0.017782,0.008033
0.077910,0.015073,0.005380
0.079081,0.015339,0.005636
0.079355,0.016315,0.004792
0.081577,0.015554,0.004913
0.083543,0.014908,0.002760
0.085021,0.016500,0.003040
0.086371,0.014654,0.000918
0.088669,0.015726,0.002413
0.088493,0.016563,0.000221
0.090349,0.016310,0.000132
0.090722,0.016046,-0.001706
0.093503,0.015878,-0.001978
0.094134,0.014925,-0.001281
0.095757,0.015083,-0.005091
0.096497,0.014750,-0.004927
0.097117,0.016323,-0.007684
0.100839,0.015311,-0.007625
0.101159,0.016251,-0.006443
0.103820,0.015365,-0.007715
0.105580,0.013572,-0.011330
0.105819,0.014972,-0.010183
0.107855,0.017309,-0.011020
0.107563,0.014162,-0.012145
0.108770,0.016119,-0.013231
0.111267,0.013745,-0.014119
0.112246,0.015243,-0.013030
0.113111,0.014615,-0.015907
0.115971,0.015565,-0.017821
0.118392,0.015001,-0.018642
0.118932,0.015508,-0.020205
0.119565,0.013156,-0.019769
0.121511,0.015517,-0.021865
0.122942,0.015948,-0.019818
0.125618,0.014591,-0.021844
0.126591,0.014755,-0.023254
0.129378,0.014217,-0.023776
0.126353,0.014250,-0.024391
0.130767,0.013308,-0.024615
0.132805,0.016206,-0.026657
0.132409,0.014894,-0.028564
0.133009,0.014054,-0.026922
0.135542,0.014405,-0.028457
0.138960,0.014470,-0.028517
0.137562,0.013416,-0.027349
0.140587,0.012993,-0.028599
0.139669,0.013420,-0.029399
0.144119,0.014108,-0.029004
0.142179,0.015534,-0.031073
0.144481,0.014729,-0.031175
0.147466,0.014325,-0.031835
0.147639,0.015042,-0.033057
0.150172,0.013627,-0.032723
0.150040,0.014917,-0.035163
0.152062,0.014732,-0.032459
0.153988,0.012166,-0.035792
0.156999,0.014671,-0.034741
0.156997,0.014132,-0.037735
0.160139,0.013730,-0.038281
0.160429,0.012679,-0.038208
0.161056,0.016325,-0.037893
0.162910,0.014929,-0.036785
0.166035,0.013267,-0.039346
0.166693,0.014656,-0.039019
0.167359,0.013731,-0.039659
0.169565,0.015714,-0.041801
0.169782,0.012584,-0.040719
0.172383,0.014656,-0.042381
0.174088,0.013959,-0.041703
0.174272,0.014550,-0.042002
0.177539,0.015270,-0.042809
0.179107,0.012925,-0.044352
0.179602,0.015598,-0.045277
0.181443,0.011699,-0.048644
0.183582,0.013639,-0.047629
0.184442,0.014551,-0.049768
0.185169,0.013866,-0.052953
0.186018,0.013859,-0.052802
0.187680,0.014498,-0.052886
0.190416,0.013557,-0.054249
0.192483,0.014698,-0.054422
0.193595,0.014090,-0.058578
0.194637,0.012312,-0.061045
0.195023,0.014046,-0.064200
0.196807,0.012164,-0.066098
0.197350,0.012424,-0.070177
0.198252,0.011672,-0.071651
0.202670,0.011770,-0.080754
0.204817,0.011427,-0.087323
0.206452,0.012156,-0.094377
-0.096543,0.015794,-0.050657
-0.093375,0.015596,-0.037496
-0.092963,0.015957,-0.032381
-0.092613,0.016872,-0.028085
-0.091267,0.016514,-0.023445
-0.088099,0.018270,-0.018296
-0.087315,0.016077,-0.016939
-0.085979,0.016095,-0.013805
-0.084146,0.015334,-0.011401
-0.081329,0.018050,-0.009468
-0.081439,0.015702,-0.006603
-0.079243,0.016832,-0.006752
-0.077056,0.017512,-0.001946
-0.076246,0.020303,0.000568
-0.074273,0.018700,-0.000223
-0.073362,0.019116,-0.000409
-0.070555,0.016966,0.002784
-0.071742,0.017449,0.003940
-0.069575,0.016551,0.003220
-0.066421,0.017982,0.007815
-0.065668,0.018128,0.007013
-0.065991,0.016716,0.007805
-0.062518,0.019101,0.008665
-0.061547,0.017353,0.011543
-0.059293,0.017895,0.012586
-0.058357,0.017867,0.011825
-0.058599,0.017935,0.011687
-0.056440,0.018656,0.012725
-0.054764,0.017139,0.013868
-0.052607,0.017871,0.013309
-0.051808,0.018435,0.015034
-0.049193,0.017265,0.013642
-0.051823,0.017415,0.015153
-0.047958,0.018665,0.014305
-0.045619,0.018464,0.018100
-0.042869,0.018458,0.017170
-0.042236,0.016907,0.018027
-0.043246,0.017642,0.016482
-0.042036,0.018164,0.018894
-0.039212,0.017681,0.017069
-0.038764,0.019432,0.018074
-0.037610,0.017300,0.015981
-0.034085,0.019146,0.018518
-0.033817,0.019008,0.018506
-0.031445,0.019099,0.017689
-0.030152,0.018717,0.016694
-0.028890,0.018201,0.017567
-0.030019,0.018604,0.014401
-0.029596,0.016944,0.015936
-0.025566,0.017058,0.015644
-0.026136,0.018006,0.014902
-0.023104,0.019621,0.016606
-0.021114,0.020226,0.014914
-0.021540,0.020353,0.016957
-0.017072,0.016501,0.014123
-0.016538,0.018262,0.016183
-0.016734,0.018120,0.015781
-0.014449,0.017416,0.016165
-0.012976,0.017767,0.014940
-0.012943,0.019348,0.013985
-0.009814,0.017358,0.015587
-0.009463,0.017051,0.014481
-0.008260,0.017396,0.013102
-0.006257,0.016588,0.014704
-0.007423,0.017994,0.016489
-0.005940,0.018096,0.014751
-0.004821,0.019587,0.014884
-0.001373,0.018472,0.015819
0.000295,0.017954,0.013109
0.001775,0.018798,0.013526
0.005782,0.020137,0.014635
0.003040,0.018407,0.013942
0.005581,0.017948,0.014180
0.005575,0.017690,0.014686
0.010192,0.017633,0.014699
0.010157,0.017950,0.013644
0.011916,0.018617,0.014982
0.012118,0.017937,0.015711
0.014169,0.016717,0.017730
0.016995,0.018007,0.014932
0.016329,0.017304,0.012938
0.018978,0.017992,0.015579
0.019777,0.019288,0.014880
0.019950,0.018364,0.016083
0.022706,0.019365,0.016444
0.023836,0.018079,0.015590
0.025171,0.019649,0.015190
0.026639,0.019786,0.016049
0.027497,0.018472,0.014904
0.028357,0.018373,0.016035
0.030213,0.016678,0.015909
0.032649,0.015222,0.015882
0.031920,0.016988,0.016364
0.034645,0.018225,0.016378
0.036415,0.019055,0.016335
0.037919,0.017952,0.017328
0.040268,0.017863,0.015165
0.040704,0.017592,0.016812
0.043164,0.015722,0.014249
0.043379,0.017895,0.015192
0.044538,0.019031,0.016650
0.046199,0.017670,0.014484
0.047984,0.017451,0.015407
0.048285,0.017835,0.013901
0.048530,0.019234,0.016089
0.053829,0.018286,0.014939
0.052096,0.017118,0.012669
0.055003,0.017105,0.015376
0.055305,0.018411,0.013536
0.056411,0.017210,0.012482
0.056568,0.017029,0.012903
0.059676,0.016856,0.013359
0.062083,0.017652,0.013311
0.062600,0.018096,0.012599
0.063491,0.018469,0.010947
0.066379,0.017871,0.010818
0.066012,0.017755,0.011566
0.067879,0.018373,0.011738
0.068736,0.018521,0.008549
0.071185,0.018521,0.008583
0.072558,0.017842,0.009451
0.075063,0.017147,0.009055
0.074985,0.017555,0.007373
0.076917,0.018198,0.006291
0.077538,0.019092,0.006138
0.081192,0.016279,0.007879
0.079910,0.016583,0.005660
0.081989,0.017694,0.004460
0.082578,0.017373,0.002634
0.085863,0.018302,0.002183
0.084458,0.018707,0.001726
0.088038,0.017262,0.002686
0.089436,0.018343,-0.000208
0.091353,0.016498,-0.000623
0.092334,0.017246,-0.000915
0.092646,0.017865,0.000875
0.096648,0.016997,-0.001529
0.096782,0.018831,-0.002672
0.096137,0.017259,-0.004536
0.098334,0.016858,-0.004951
0.098853,0.016954,-0.006505
0.101290,0.016086,-0.006261
0.103831,0.016381,-0.010077
0.104868,0.017627,-0.008582
0.105518,0.016562,-0.010994
0.106928,0.017403,-0.011372
0.108144,0.017550,-0.012639
0.110683,0.017578,-0.012615
0.111161,0.015874,-0.014844
0.113623,0.017070,-0.012263
0.112479,0.018445,-0.014999
0.115318,0.015655,-0.016643
0.117957,0.015948,-0.017807
0.118021,0.018054,-0.018245
0.121024,0.015923,-0.017412
0.121188,0.016129,-0.019588
0.123576,0.016882,-0.021546
0.123557,0.015600,-0.022187
0.126616,0.015539,-0.022962
0.127701,0.014806,-0.022617
0.128474,0.016726,-0.023930
0.129463,0.014992,-0.026251
0.131968,0.017660,-0.026529
0.134138,0.016641,-0.028595
0.134770,0.016640,-0.027858
0.135375,0.015581,-0.028685
0.138869,0.015908,-0.029073
0.139383,0.017299,-0.028741
0.139658,0.016975,-0.028863
0.141503,0.016888,-0.030452
0.143824,0.015904,-0.029807
0.142541,0.015340,-0.030068
0.144224,0.014575,-0.031055
0.147053,0.016939,-0.031594
0.146825,0.015004,-0.031290
0.150195,0.018008,-0.035396
0.150675,0.015182,-0.033610
0.153035,0.015660,-0.034774
0.153047,0.016178,-0.036494
0.156280,0.017328,-0.037385
0.156842,0.017220,-0.035790
0.158753,0.017170,-0.036009
0.159207,0.014141,-0.039103
0.160797,0.014901,-0.038399
0.164227,0.014857,-0.037716
0.164429,0.017218,-0.039618
0.166182,0.015466,-0.039001
0.168210,0.014903,-0.039053
0.169103,0.015671,-0.040325
0.170431,0.016738,-0.042336
0.171736,0.016825,-0.043373
0.173492,0.017098,-0.044582
0.174981,0.015753,-0.043294
0.176476,0.016423,-0.045947
0.178046,0.016741,-0.047013
0.178279,0.014330,-0.046712
0.181519,0.015995,-0.046948
0.180786,0.014002,-0.049196
0.185068,0.015682,-0.049932
0.185480,0.016618,-0.050726
0.188905,0.014539,-0.052153
0.187429,0.015497,-0.054168
0.187937,0.015669,-0.055080
0.190008,0.015630,-0.057211
0.191382,0.016903,-0.059100
0.193937,0.014904,-0.062289
0.195780,0.014317,-0.065161
0.195633,0.014585,-0.067501
0.197578,0.014807,-0.073094
0.199342,0.016096,-0.073467
0.202360,0.013841,-0.082507
0.204557,0.013978,-0.090563
-0.097329,0.016327,-0.050569
-0.094307,0.016489,-0.037320
-0.093722,0.018532,-0.032729
-0.092511,0.017618,-0.028883
-0.089320,0.018426,-0.024126
-0.088615,0.017431,-0.020372
-0.085965,0.018188,-0.016567
-0.085578,0.017482,-0.014258
-0.085847,0.018979,-0.010620
-0.082007,0.018531,-0.009143
-0.080262,0.017934,-0.007547
-0.078777,0.018660,-0.005806
-0.078275,0.018132,-0.003248
-0.077790,0.019130,-0.001890
-0.076051,0.019570,-0.000460
-0.072137,0.020649,0.002325
-0.071177,0.019889,0.003119
-0.071358,0.018487,0.004104
-0.067346,0.019617,0.004803
-0.067912,0.018788,0.006487
-0.065772,0.018736,0.006726
-0.064035,0.019117,0.009941
-0.064745,0.018435,0.008556
-0.061056,0.019025,0.011293
-0.060088,0.019351,0.011966
-0.060746,0.018767,0.010501
-0.056559,0.019976,0.012898
-0.054641,0.021051,0.012984
-0.054327,0.017013,0.014395
-0.053233,0.020669,0.014712
-0.051287,0.019603,0.013650
-0.049842,0.021445,0.014561
-0.049557,0.021176,0.016450
-0.048139,0.019555,0.016164
-0.047284,0.019574,0.016573
-0.043738,0.018980,0.016770
-0.044587,0.019468,0.019085
-0.043776,0.019720,0.017033
-0.042001,0.019735,0.016660
-0.039413,0.019191,0.018594
-0.038016,0.019540,0.017018
-0.035879,0.019241,0.017773
-0.035933,0.019778,0.019164
-0.033641,0.020742,0.018121
-0.032735,0.018728,0.019068
-0.032483,0.019497,0.017317
-0.029890,0.018344,0.018334
-0.028272,0.022389,0.015668
-0.026368,0.019157,0.015953
-0.024288,0.021339,0.016920
-0.024530,0.018737,0.017929
-0.024696,0.021975,0.016922
-0.021903,0.019888,0.014350
-0.019740,0.017942,0.018259
-0.018159,0.020397,0.016950
-0.018940,0.019479,0.016332
-0.018825,0.021001,0.016638
-0.016362,0.020696,0.015531
-0.013015,0.020149,0.014349
-0.011086,0.019131,0.015905
-0.010647,0.019152,0.014080
-0.008701,0.018570,0.015027
-0.008254,0.019509,0.016422
-0.005696,0.018827,0.013508
-0.002862,0.022264,0.016232
-0.003299,0.018203,0.015519
-0.002300,0.021585,0.015065
-0.001025,0.019718,0.016073
0.000828,0.019018,0.013594
0.001664,0.019608,0.014306
0.002886,0.020192,0.015562
0.003960,0.018706,0.014992
0.005171,0.019059,0.015372
0.008694,0.019400,0.017727
0.010505,0.018997,0.013915
0.010387,0.018478,0.015537
0.012523,0.018433,0.016666
0.014791,0.019119,0.015035
0.014852,0.020142,0.016027
0.015572,0.018708,0.015060
0.016970,0.019629,0.016767
0.018112,0.017749,0.016419
0.019390,0.019296,0.014616
0.019726,0.019739,0.014658
0.022715,0.020074,0.016697
0.024014,0.021151,0.016109
0.025220,0.019806,0.017413
0.025217,0.019758,0.016451
0.027672,0.020336,0.016221
0.029792,0.018747,0.015395
0.031097,0.020051,0.017490
0.032310,0.018869,0.015625
0.033255,0.019717,0.016038
0.035344,0.020341,0.015294
0.036649,0.020272,0.017183
0.037034,0.018736,0.016249
0.040327,0.019305,0.016715
0.040146,0.020108,0.017514
0.042853,0.020346,0.017996
0.043702,0.017865,0.015400
0.045701,0.020468,0.017174
0.045698,0.019842,0.014532
0.047799,0.019780,0.015578
0.047382,0.021069,0.015281
0.049372,0.020115,0.014747
0.051543,0.017410,0.015533
0.052687,0.019620,0.016701
0.054051,0.019933,0.015893
0.054581,0.020055,0.012692
0.055589,0.017949,0.013051
0.057527,0.019664,0.011936
0.061004,0.018795,0.014724
0.060759,0.018687,0.013732
0.062144,0.018782,0.013703
0.063398,0.021247,0.012786
0.066378,0.019022,0.012170
0.064005,0.021073,0.013072
0.069407,0.018340,0.012525
0.069314,0.020612,0.012635
0.071687,0.018368,0.010077
0.072315,0.017643,0.009415
0.073978,0.020181,0.009568
0.075426,0.022637,0.009017
0.076018,0.018992,0.008869
0.078408,0.020393,0.008711
0.079623,0.018646,0.005454
0.081304,0.020990,0.006722
0.081932,0.016887,0.005627
0.083101,0.019727,0.005095
0.084378,0.021091,0.004088
0.086757,0.019074,0.004674
0.087385,0.020314,0.001813
0.089255,0.019783,0.000252
0.091294,0.017608,-0.000539
0.090861,0.016520,0.000201
0.095314,0.018371,-0.001554
0.095624,0.018584,-0.000559
0.096869,0.019225,-0.002472
0.097143,0.019668,-0.003017
0.099691,0.019101,-0.003689
0.099429,0.019173,-0.006771
0.101377,0.018018,-0.008031
0.103282,0.017508,-0.010217
0.104912,0.018480,-0.010002
0.105331,0.017366,-0.010090
0.107752,0.017843,-0.012325
0.106751,0.019173,-0.011631
0.111112,0.017619,-0.012812
0.112191,0.017233,-0.014769
0.112318,0.018749,-0.013686
0.115455,0.016518,-0.015972
0.116174,0.018912,-0.015496
0.119479,0.020666,-0.018628
0.120506,0.018595,-0.018143
0.120436,0.019424,-0.018770
0.123131,0.018301,-0.020194
0.122365,0.018344,-0.020744
0.123780,0.018225,-0.022291
0.126055,0.016322,-0.022738
0.127859,0.018721,-0.023625
0.127424,0.018281,-0.025358
0.130208,0.018964,-0.025397
0.131598,0.018256,-0.024923
0.132558,0.016676,-0.025421
0.134489,0.017120,-0.027228
0.136866,0.019443,-0.029417
0.137430,0.019650,-0.026472
0.137589,0.018619,-0.028139
0.140656,0.018609,-0.027871
0.141004,0.016830,-0.030590
0.141900,0.017165,-0.031744
0.143539,0.017593,-0.029437
0.147090,0.018716,-0.029932
0.148117,0.016885,-0.033516
0.149767,0.016585,-0.034596
0.150519,0.015135,-0.033093
0.151753,0.018042,-0.034337
0.153196,0.017273,-0.036118
0.154488,0.016129,-0.032902
0.156125,0.018893,-0.035238
0.156527,0.016093,-0.035585
0.157179,0.017860,-0.034589
0.159661,0.017594,-0.035855
0.160365,0.018697,-0.038372
0.161589,0.019237,-0.040255
0.164051,0.017926,-0.040041
0.165296,0.016664,-0.039326
0.167157,0.017575,-0.039970
0.169355,0.016695,-0.041460
0.170247,0.017446,-0.042275
0.172285,0.015179,-0.043241
0.174058,0.015896,-0.044185
0.173239,0.017437,-0.044436
0.175970,0.018396,-0.044998
0.176151,0.016474,-0.047996
0.178586,0.016483,-0.046811
0.178838,0.016334,-0.048064
0.181138,0.016792,-0.049093
0.182653,0.015583,-0.049759
0.185688,0.017002,-0.051971
0.185627,0.017303,-0.052147
0.188289,0.015526,-0.053395
0.189199,0.016498,-0.053268
0.191289,0.016705,-0.057843
0.193432,0.016284,-0.060474
0.194467,0.015809,-0.064362
0.195559,0.016289,-0.065729
0.199501,0.015341,-0.068449
0.200153,0.015770,-0.071002
0.201088,0.015324,-0.075876
0.200880,0.015292,-0.086476
0.204010,0.015418,-0.093478
-0.097903,0.018022,-0.048543
-0.093621,0.019692,-0.035836
-0.090993,0.017782,-0.034178
-0.090151,0.019050,-0.029920
-0.090050,0.020152,-0.025156
-0.087921,0.020651,-0.018556
-0.087218,0.018097,-0.017556
-0.086769,0.021612,-0.013340
-0.082760,0.020103,-0.012543
-0.085707,0.020644,-0.010209
-0.080991,0.018498,-0.007297
-0.079015,0.020516,-0.004948
-0.077025,0.018890,-0.002235
-0.074370,0.021972,-0.000501
-0.076008,0.020146,0.002474
-0.072019,0.020357,0.001601
-0.072806,0.020030,0.001463
-0.070935,0.021537,0.003904
-0.069299,0.020686,0.006609
-0.067300,0.021746,0.006528
-0.066037,0.021302,0.007540
-0.065094,0.020810,0.008560
-0.063146,0.021651,0.009311
-0.063623,0.022099,0.011956
-0.058978,0.021156,0.012225
-0.058878,0.020723,0.013117
-0.056990,0.022587,0.010957
-0.056163,0.022517,0.014388
-0.054501,0.019997,0.013892
-0.053566,0.020706,0.014975
-0.054184,0.023514,0.015993
-0.051609,0.021610,0.017062
-0.050707,0.020549,0.016696
-0.048194,0.021364,0.016812
-0.046983,0.022790,0.016767
-0.044863,0.019560,0.018922
-0.043830,0.019716,0.017868
-0.043457,0.022027,0.017903
-0.040750,0.020713,0.017607
-0.039375,0.021905,0.019009
-0.037258,0.019905,0.019563
-0.038609,0.021627,0.018811
-0.036277,0.022501,0.018483
-0.031990,0.020277,0.019346
-0.033064,0.021181,0.019038
-0.031457,0.020481,0.017603
-0.027458,0.022325,0.018266
-0.029296,0.021628,0.017313
-0.027676,0.019330,0.019989
-0.027107,0.022698,0.017526
-0.023467,0.021591,0.019054
-0.023249,0.021499,0.017941
-0.020640,0.021056,0.016233
-0.020765,0.021610,0.016488
-0.018237,0.022951,0.017428
-0.017090,0.021092,0.015666
-0.017348,0.021214,0.016308
-0.014032,0.021346,0.016225
-0.014406,0.021007,0.015900
-0.012365,0.024763,0.015907
-0.009927,0.021900,0.015686
-0.008195,0.022272,0.015012
-0.006823,0.020255,0.016026
-0.008340,0.020218,0.016476
-0.004622,0.019742,0.015462
-0.003365,0.020543,0.016183
-0.002631,0.020040,0.015436
-0.000753,0.022182,0.015838
-0.001021,0.021215,0.014862
0.002900,0.021121,0.015013
0.003771,0.022579,0.014984
0.003019,0.020304,0.013815
0.006297,0.020585,0.015429
0.007911,0.022129,0.015794
0.008359,0.019915,0.014524
0.009907,0.021483,0.016139
0.011240,0.019912,0.016398
0.011546,0.020512,0.015256
0.014415,0.021716,0.016568
0.016430,0.020490,0.015841
0.019170,0.020413,0.016334
0.018682,0.021152,0.014014
0.019566,0.022605,0.015610
0.019767,0.022391,0.016041
0.021794,0.021125,0.018701
0.025929,0.021480,0.018519
0.025586,0.019819,0.016305
0.026764,0.021700,0.016873
0.028907,0.020382,0.016182
0.027799,0.020878,0.015361
0.032491,0.022667,0.017667
0.033108,0.020564,0.016592
0.033390,0.023356,0.018213
0.035288,0.021872,0.017198
0.037214,0.022006,0.016520
0.036538,0.021074,0.016443
0.038275,0.020826,0.017961
0.039947,0.022358,0.018236
0.040064,0.020703,0.017482
0.044136,0.021296,0.016669
0.046227,0.021420,0.015436
0.045050,0.020327,0.016567
0.047377,0.019436,0.015717
0.048630,0.020170,0.016111
0.049486,0.022884,0.016566
0.052659,0.020705,0.016017
0.052186,0.021508,0.016781
0.052653,0.022389,0.013897
0.055825,0.019560,0.015080
0.057044,0.021459,0.014626
0.059227,0.019362,0.013775
0.058935,0.019683,0.015271
0.061357,0.023080,0.013787
0.066222,0.021276,0.014326
0.067566,0.021721,0.013023
0.066092,0.021700,0.013092
0.065012,0.019444,0.011734
0.067269,0.021591,0.011083
0.069638,0.021723,0.011196
0.070895,0.021429,0.011894
0.072373,0.022256,0.010316
0.074085,0.021058,0.011525
0.075042,0.020952,0.008556
0.075697,0.022841,0.007592
0.078724,0.021239,0.007157
0.078144,0.020430,0.007437
0.080879,0.019526,0.006501
0.080609,0.020568,0.005789
0.082312,0.021498,0.005630
0.085230,0.021829,0.004872
0.085891,0.020297,0.003346
0.086835,0.020203,0.003196
0.088538,0.020813,0.001615
0.089804,0.020123,0.005015
0.091148,0.019629,-0.000153
0.092885,0.020527,0.000997
0.097337,0.020951,-0.001486
0.095051,0.020324,-0.003340
0.097629,0.019589,-0.003569
0.100759,0.020581,-0.004068
0.101742,0.019761,-0.003199
0.101151,0.019882,-0.005858
0.102733,0.021803,-0.005828
0.103805,0.020356,-0.008484
0.106051,0.022215,-0.009772
0.107864,0.021556,-0.010744
0.110886,0.019265,-0.011392
0.109432,0.020292,-0.012652
0.113308,0.020295,-0.012708
0.112862,0.019542,-0.014214
0.115091,0.019310,-0.015375
0.116060,0.020213,-0.015287
0.118320,0.019162,-0.018467
0.120336,0.020277,-0.017444
0.120128,0.020494,-0.018541
0.122789,0.020441,-0.019793
0.122842,0.020416,-0.020702
0.123195,0.018331,-0.021010
0.125445,0.019368,-0.022609
0.129770,0.018351,-0.022636
0.127063,0.018559,-0.023288
0.128949,0.017093,-0.024634
0.132284,0.019449,-0.028113
0.134195,0.019655,-0.024148
0.135368,0.020667,-0.028144
0.136503,0.020383,-0.028001
0.137021,0.018567,-0.027851
0.137966,0.018185,-0.030565
0.140507,0.019717,-0.028763
0.142422,0.017694,-0.026878
0.143139,0.020765,-0.027839
0.145532,0.020030,-0.029220
0.146996,0.018569,-0.030173
0.147631,0.018840,-0.030469
0.148974,0.017696,-0.033708
0.148586,0.020065,-0.032438
0.152208,0.018172,-0.034546
0.152453,0.019432,-0.034255
0.154287,0.018727,-0.031761
0.156447,0.017282,-0.035910
0.157287,0.019512,-0.034382
0.157587,0.019227,-0.034882
0.158375,0.018109,-0.036025
0.162747,0.018083,-0.039009
0.162706,0.019344,-0.038030
0.163532,0.020447,-0.038065
0.166675,0.020523,-0.042085
0.168162,0.018269,-0.039236
0.169168,0.018309,-0.041342
0.170677,0.020137,-0.043868
0.171487,0.018820,-0.044738
0.171693,0.019720,-0.044696
0.174514,0.018785,-0.045043
0.175808,0.018856,-0.045091
0.175702,0.018980,-0.046357
0.178410,0.018930,-0.046719
0.177887,0.018421,-0.046851
0.180255,0.018295,-0.049439
0.182151,0.020373,-0.051747
0.185503,0.016086,-0.053989
0.186155,0.018478,-0.051965
0.189925,0.018156,-0.054194
0.189573,0.019815,-0.055267
0.191142,0.018906,-0.058289
0.192733,0.017103,-0.061052
0.194291,0.017970,-0.064277
0.196422,0.018791,-0.066540
0.197049,0.016450,-0.069542
0.198676,0.017873,-0.072958
0.200898,0.018657,-0.079732
0.202373,0.016110,-0.088573
0.205349,0.017005,-0.096090
-0.096587,0.020535,-0.049938
-0.093066,0.020056,-0.036035
-0.093282,0.019546,-0.033378
-0.089310,0.023349,-0.026701
-0.087482,0.020461,-0.022895
-0.087223,0.022635,-0.019864
-0.088979,0.019543,-0.015514
-0.084950,0.021436,-0.015901
-0.083112,0.021772,-0.011367
-0.083072,0.022764,-0.009416
-0.079732,0.024119,-0.006157
-0.078171,0.020892,-0.003468
-0.079716,0.021416,-0.002545
-0.075983,0.022615,-0.000020
-0.075201,0.022156,0.000966
-0.073205,0.020326,0.001903
-0.071903,0.022104,0.003723
-0.070385,0.023579,0.004185
-0.066131,0.022077,0.004952
-0.068098,0.021781,0.007219
-0.066635,0.023317,0.007734
-0.063936,0.021043,0.009754
-0.062717,0.021919,0.011245
-0.061941,0.022540,0.011628
-0.059447,0.023552,0.013706
-0.060057,0.021060,0.013109
-0.057222,0.022403,0.011488
-0.056309,0.024060,0.015597
-0.055989,0.024539,0.014104
-0.052734,0.023047,0.014857
-0.053097,0.023623,0.014034
-0.050185,0.022398,0.015393
-0.049185,0.021855,0.016596
-0.046460,0.022204,0.017472
-0.047841,0.021699,0.016027
-0.044660,0.021177,0.017571
-0.043659,0.022462,0.018854
-0.042910,0.022707,0.016213
-0.041040,0.022890,0.018762
-0.040037,0.024450,0.015913
-0.037519,0.022586,0.017822
-0.035467,0.023372,0.018739
-0.035130,0.023200,0.019541
-0.033882,0.023285,0.018783
-0.033654,0.023486,0.020483
-0.030949,0.022462,0.018134
-0.026554,0.021542,0.019848
-0.028162,0.022831,0.017743
-0.027953,0.023177,0.019395
-0.025431,0.022993,0.017997
-0.023926,0.023597,0.016997
-0.019748,0.021676,0.018581
-0.022039,0.021860,0.018253
-0.020873,0.023095,0.017167
-0.018769,0.023703,0.016884
-0.014829,0.022063,0.017483
-0.014579,0.022759,0.017548
-0.013807,0.023609,0.017814
-0.012828,0.022785,0.015571
-0.013262,0.022433,0.016026
-0.010656,0.022746,0.017081
-0.009794,0.024788,0.015748
-0.006770,0.024160,0.015379
-0.006377,0.023234,0.016116
-0.005168,0.024215,0.015313
-0.002740,0.022435,0.014592
-0.000294,0.023470,0.016236
0.000252,0.022124,0.016597
0.000261,0.023491,0.015312
0.002084,0.022557,0.016485
0.002950,0.020639,0.012982
0.005692,0.022207,0.015972
0.007659,0.024790,0.017211
0.008705,0.022590,0.014141
0.009047,0.023073,0.017611
0.009404,0.022319,0.016892
0.009165,0.022751,0.017356
0.012644,0.021075,0.017568
0.012322,0.020980,0.017873
0.014273,0.024531,0.017495
0.017589,0.021313,0.016568
0.018480,0.021511,0.017689
0.019900,0.022717,0.016416
0.021735,0.021805,0.019405
0.022427,0.023822,0.017249
0.022085,0.021400,0.017841
0.026323,0.022121,0.016315
0.026350,0.021414,0.015882
0.027419,0.023884,0.017667
0.032315,0.023214,0.017891
0.029451,0.023068,0.017986
0.032671,0.022558,0.016630
0.032897,0.022996,0.019180
0.035895,0.024105,0.019222
0.035906,0.022880,0.017798
0.038085,0.024041,0.019214
0.039196,0.022422,0.017211
0.039842,0.021232,0.017535
0.040600,0.024074,0.018835
0.041589,0.020987,0.018156
0.043465,0.023152,0.017324
0.044852,0.021511,0.018247
0.049029,0.023595,0.018458
0.047878,0.023085,0.015320
0.049924,0.022586,0.016529
0.050432,0.021380,0.015875
0.052029,0.023647,0.016191
0.054595,0.022368,0.014568
0.056374,0.024680,0.016867
0.058947,0.021844,0.014679
0.058554,0.021901,0.014775
0.058594,0.024220,0.014965
0.061927,0.022716,0.015891
0.063426,0.022447,0.012981
0.062307,0.022155,0.013003
0.065342,0.021799,0.011442
0.066380,0.023009,0.014413
0.069070,0.021799,0.011862
0.068700,0.024074,0.011478
0.070952,0.023994,0.011530
0.071826,0.022793,0.010978
0.074052,0.020937,0.010274
0.075514,0.021622,0.010261
0.077027,0.023703,0.007463
0.077370,0.020352,0.008120
0.080002,0.021069,0.006435
0.080610,0.022888,0.007975
0.080720,0.022349,0.004430
0.083906,0.021931,0.006858
0.085044,0.020278,0.006346
0.086084,0.020945,0.006341
0.088076,0.022496,0.002964
0.090034,0.024249,0.003178
0.091715,0.022110,0.000710
0.092145,0.020512,0.001600
0.093373,0.021631,0.000406
0.095253,0.021776,0.001034
0.096032,0.021686,-0.000986
0.097230,0.023455,-0.002611
0.099850,0.021890,-0.002171
0.100006,0.020903,-0.005154
0.102201,0.021508,-0.006229
0.104410,0.021992,-0.006990
0.105311,0.022920,-0.007010
0.104812,0.021134,-0.008735
0.108768,0.021556,-0.007680
0.108748,0.020957,-0.010444
0.110679,0.022526,-0.014254
0.111791,0.020885,-0.012823
0.114817,0.021384,-0.013956
0.113797,0.021445,-0.014411
0.114292,0.021410,-0.013719
0.118256,0.022517,-0.016121
0.119515,0.022012,-0.015948
0.120921,0.022096,-0.016254
0.121519,0.021871,-0.019082
0.124004,0.021367,-0.020551
0.126094,0.021510,-0.021664
0.126919,0.021186,-0.021086
0.127932,0.021529,-0.023534
0.127378,0.019194,-0.024816
0.130765,0.021857,-0.024544
0.130275,0.020622,-0.025008
0.133968,0.022131,-0.026780
0.133717,0.021017,-0.027430
0.136412,0.019251,-0.026749
0.137579,0.020727,-0.029081
0.138273,0.020861,-0.029893
0.137948,0.019744,-0.029539
0.140366,0.021430,-0.028100
0.141599,0.019680,-0.029645
0.142814,0.020892,-0.030007
0.144943,0.021538,-0.030757
0.146081,0.019649,-0.030492
0.148240,0.018898,-0.030263
0.150660,0.020166,-0.031452
0.152488,0.021555,-0.032228
0.151374,0.021077,-0.032665
0.155663,0.020008,-0.034204
0.156185,0.020517,-0.034740
0.158268,0.019502,-0.035246
0.158046,0.019660,-0.038706
0.160057,0.018865,-0.035910
0.162134,0.020510,-0.038360
0.163041,0.021809,-0.038463
0.165996,0.020087,-0.040098
0.163477,0.019369,-0.038512
0.167515,0.021372,-0.040729
0.170746,0.020673,-0.040054
0.170596,0.021514,-0.040706
0.171668,0.021011,-0.042054
0.171061,0.020493,-0.041361
0.173928,0.021012,-0.041907
0.175901,0.022350,-0.045299
0.178843,0.020647,-0.046424
0.179401,0.020653,-0.047205
0.182109,0.019346,-0.048066
0.182031,0.020145,-0.050859
0.183114,0.018877,-0.051270
0.186102,0.019971,-0.051088
0.185663,0.019535,-0.052873
0.188619,0.018844,-0.054888
0.189138,0.020134,-0.055359
0.192978,0.019183,-0.057677
0.192908,0.019752,-0.060521
0.193908,0.018660,-0.064536
0.195781,0.018969,-0.068626
0.196977,0.019586,-0.071756
0.197406,0.019540,-0.075827
0.202053,0.019426,-0.083793
0.201358,0.019047,-0.091105
-0.094028,0.022553,-0.049089
-0.092478,0.023535,-0.037323
-0.093316,0.021200,-0.031496
-0.090267,0.022417,-0.027660
-0.089684,0.025097,-0.024157
-0.087794,0.024193,-0.019975
-0.086855,0.022579,-0.014354
-0.083513,0.021077,-0.012417
-0.084534,0.023979,-0.009430
-0.082335,0.023370,-0.009057
-0.081475,0.022066,-0.005419
-0.078774,0.021971,-0.002925
-0.077004,0.023900,-0.002932
-0.077012,0.023131,0.000948
-0.073802,0.023362,0.001934
-0.073643,0.025276,0.000738
-0.074100,0.024316,0.003176
-0.070292,0.024508,0.004367
-0.068162,0.025123,0.005697
-0.069603,0.024678,0.007322
-0.065757,0.023126,0.008351
-0.063313,0.022867,0.011053
-0.061542,0.024590,0.011236
-0.061961,0.024065,0.013325
-0.060516,0.024187,0.014103
-0.058299,0.025510,0.014078
-0.056988,0.022325,0.014018
-0.056021,0.024056,0.013352
-0.054088,0.023857,0.013379
-0.053601,0.023932,0.015093
-0.052917,0.023852,0.016175
-0.049945,0.025438,0.016822
-0.050318,0.024859,0.016298
-0.048142,0.022936,0.019829
-0.047690,0.025933,0.016912
-0.045525,0.024743,0.017864
-0.045175,0.024145,0.020331
-0.041511,0.024876,0.017965
-0.042216,0.024418,0.018470
-0.040503,0.023853,0.019373
-0.038981,0.023090,0.018428
-0.037574,0.024837,0.018248
-0.037765,0.024718,0.019455
-0.033448,0.024414,0.020165
-0.032306,0.024066,0.017554
-0.032131,0.024063,0.020106
-0.031741,0.024172,0.019910
-0.030368,0.025264,0.020008
-0.025454,0.025311,0.018233
-0.025682,0.025642,0.019163
-0.024763,0.023895,0.016075
-0.023170,0.023635,0.017369
-0.021341,0.024884,0.018198
-0.020369,0.024754,0.020914
-0.017759,0.023278,0.016861
-0.018440,0.025816,0.019294
-0.015565,0.023900,0.017085
-0.013896,0.023391,0.018455
-0.013808,0.025106,0.017402
-0.011357,0.023792,0.018550
-0.009129,0.023154,0.018360
-0.009297,0.024470,0.016354
-0.007778,0.023797,0.017431
-0.006936,0.024372,0.016170
-0.005220,0.024376,0.017770
-0.002232,0.023486,0.015582
-0.003992,0.023391,0.017511
-0.002142,0.025119,0.016927
0.001112,0.024882,0.017355
0.002169,0.024321,0.016367
0.002546,0.026122,0.016614
0.005297,0.025111,0.015364
0.007571,0.024642,0.016858
0.007501,0.023558,0.015686
0.009561,0.025246,0.015571
0.009614,0.024441,0.017580
0.011431,0.024211,0.017603
0.012145,0.025122,0.016723
0.015023,0.023316,0.016695
0.016120,0.023037,0.018920
0.015944,0.022790,0.017910
0.019195,0.025146,0.018592
0.018026,0.024494,0.019919
0.019013,0.027044,0.019423
0.021583,0.025443,0.020262
0.025824,0.025050,0.016642
0.025434,0.022349,0.018883
0.026850,0.024701,0.020126
0.025709,0.024546,0.017781
0.030644,0.023425,0.020253
0.029994,0.024410,0.019474
0.032397,0.023671,0.018878
0.033350,0.024747,0.018129
0.035396,0.024486,0.016809
0.034743,0.025068,0.018786
0.038504,0.024606,0.019733
0.038889,0.023611,0.019872
0.040613,0.025582,0.020361
0.042651,0.023182,0.019738
0.040817,0.025539,0.017830
0.043974,0.025601,0.018248
0.046529,0.025695,0.016682
0.047700,0.026349,0.018280
0.050975,0.024162,0.018718
0.048995,0.025033,0.017163
0.049451,0.025735,0.017050
0.052148,0.023830,0.017574
0.055383,0.024678,0.018070
0.055064,0.024453,0.017270
0.058590,0.025864,0.016390
0.059361,0.026203,0.014938
0.058188,0.024067,0.014076
0.061350,0.022198,0.014248
0.063578,0.022689,0.013780
0.063488,0.024849,0.013810
0.066136,0.026854,0.013758
0.066524,0.024001,0.013863
0.069211,0.024628,0.013926
0.071155,0.023145,0.011793
0.071044,0.022515,0.012603
0.072906,0.023741,0.011540
0.073601,0.022362,0.011427
0.074958,0.025464,0.010660
0.076015,0.024035,0.011196
0.078100,0.024641,0.009885
0.079977,0.024061,0.008904
0.081669,0.026515,0.007151
0.083470,0.024532,0.007278
0.082055,0.023743,0.004844
0.084971,0.024612,0.006687
0.084013,0.024261,0.006223
0.087643,0.024125,0.004662
0.089488,0.025552,0.004551
0.089006,0.023662,0.004091
0.092280,0.023842,0.002597
0.092719,0.024343,0.001488
0.093188,0.025260,0.000441
0.095599,0.024525,0.000653
0.097502,0.023433,0.000010
0.098181,0.023206,-0.002264
0.100032,0.023626,-0.004169
0.101609,0.023324,-0.006108
0.104716,0.023255,-0.004764
0.105520,0.025307,-0.006307
0.104319,0.025628,-0.009153
0.105609,0.021654,-0.007641
0.110604,0.024040,-0.009322
0.110868,0.023252,-0.012841
0.110890,0.023876,-0.012310
0.112318,0.021880,-0.012368
0.113598,0.022679,-0.014203
0.115394,0.022192,-0.017702
0.115506,0.024092,-0.014866
0.118514,0.024544,-0.016869
0.119052,0.022127,-0.018030
0.119718,0.025092,-0.017786
0.124047,0.022935,-0.021379
0.124846,0.021308,-0.019030
0.126372,0.022139,-0.021872
0.127176,0.023510,-0.020406
0.128288,0.022525,-0.023662
0.128973,0.024642,-0.022690
0.132884,0.023141,-0.024718
0.132748,0.023206,-0.027299
0.134102,0.022167,-0.027055
0.136955,0.021462,-0.027385
0.137690,0.023864,-0.028445
0.137509,0.022642,-0.027404
0.138509,0.022371,-0.028557
0.142026,0.023956,-0.030065
0.144212,0.021155,-0.027016
0.144239,0.022686,-0.029316
0.145509,0.021670,-0.030541
0.147655,0.022741,-0.031078
0.148121,0.023030,-0.031125
0.150506,0.023764,-0.032107
0.149207,0.023090,-0.032716
0.154203,0.023211,-0.034348
0.154952,0.021644,-0.035652
0.155821,0.019987,-0.035709
0.157847,0.022726,-0.037089
0.157377,0.022871,-0.035339
0.160568,0.022979,-0.037357
0.163040,0.022768,-0.039088
0.161186,0.022588,-0.039086
0.165542,0.020843,-0.040665
0.165977,0.022967,-0.040514
0.170322,0.021150,-0.041804
0.169017,0.022005,-0.041313
0.172172,0.021963,-0.039671
0.172246,0.021363,-0.041228
0.172753,0.021645,-0.042424
0.172783,0.022847,-0.042323
0.176539,0.022863,-0.046225
0.177481,0.022600,-0.046799
0.180026,0.020276,-0.047265
0.180169,0.021630,-0.049485
0.182503,0.023037,-0.049948
0.184324,0.020610,-0.051295
0.183518,0.020977,-0.053314
0.187627,0.022330,-0.054386
0.187051,0.021429,-0.054095
0.189941,0.020914,-0.056711
0.190508,0.021994,-0.059485
0.191928,0.021427,-0.059924
0.194310,0.020695,-0.065764
0.198569,0.021683,-0.068417
0.196045,0.020096,-0.071372
0.201220,0.020646,-0.075785
0.201522,0.020483,-0.087575
0.201079,0.021220,-0.093942
-0.097457,0.024399,-0.052164
-0.094508,0.025548,-0.038646
-0.093207,0.022540,-0.031178
-0.090112,0.026567,-0.027859
-0.088882,0.024391,-0.021091
-0.088300,0.025548,-0.019060
-0.086059,0.022872,-0.016301
-0.084406,0.024735,-0.013133
-0.083904,0.025730,-0.008964
-0.081613,0.025083,-0.008169
-0.081029,0.025191,-0.006053
-0.078762,0.025433,-0.002912
-0.078180,0.025261,-0.001389
-0.076027,0.025752,0.001273
-0.074157,0.023887,0.002026
-0.073774,0.025305,0.002779
-0.073833,0.025044,0.004193
-0.069116,0.025163,0.006480
-0.069763,0.024530,0.006617
-0.067445,0.025379,0.006199
-0.064834,0.024076,0.008655
-0.065350,0.026209,0.011111
-0.064349,0.026868,0.011904
-0.063245,0.026658,0.010845
-0.060965,0.023753,0.011217
-0.058325,0.025481,0.011694
-0.058130,0.026210,0.015448
-0.054952,0.026304,0.015945
-0.055215,0.026618,0.016695
-0.052907,0.027610,0.014752
-0.052210,0.025167,0.016820
-0.051819,0.026805,0.018014
-0.049451,0.025670,0.015071
-0.049279,0.027249,0.017921
-0.046566,0.026025,0.016765
-0.044542,0.026774,0.019279
-0.045844,0.026060,0.018180
-0.042582,0.026319,0.019928
-0.041315,0.027489,0.020050
-0.038983,0.024949,0.019115
-0.039002,0.026597,0.018775
-0.035996,0.024640,0.020369
-0.037132,0.026662,0.018559
-0.033062,0.025571,0.018343
-0.030735,0.026531,0.018644
-0.030589,0.026611,0.021217
-0.030023,0.026070,0.018265
-0.028126,0.025920,0.020517
-0.028731,0.025873,0.020321
-0.027384,0.026245,0.018207
-0.024582,0.027067,0.017955
-0.022758,0.024499,0.019812
-0.021397,0.027096,0.017656
-0.019610,0.026370,0.019477
-0.017616,0.025993,0.018535
-0.018200,0.024671,0.016844
-0.015703,0.026242,0.018521
-0.015182,0.023919,0.018007
-0.014506,0.026012,0.018644
-0.011167,0.025825,0.018422
-0.011517,0.025940,0.017555
-0.009258,0.026005,0.017785
-0.009444,0.025821,0.017385
-0.007034,0.024281,0.016309
-0.005689,0.025017,0.018051
-0.003392,0.024924,0.017517
-0.000938,0.026257,0.016789
-0.001108,0.025992,0.015693
0.002362,0.027608,0.016842
0.001527,0.026360,0.015638
0.002653,0.023397,0.015487
0.005036,0.025682,0.018138
0.005246,0.025529,0.016993
0.006231,0.026237,0.016958
0.008205,0.025010,0.016791
0.009651,0.028351,0.015971
0.012990,0.024143,0.018587
0.014955,0.025486,0.018585
0.015819,0.025996,0.017077
0.017570,0.025120,0.018028
0.018438,0.027277,0.020037
0.018118,0.027064,0.020124
0.017306,0.028031,0.020107
0.021546,0.026052,0.018208
0.023364,0.026655,0.020103
0.022660,0.025797,0.019857
0.025681,0.026567,0.018340
0.027986,0.026477,0.020137
0.027984,0.027005,0.019985
0.031190,0.023843,0.020335
0.030137,0.025049,0.018175
0.031384,0.025471,0.019798
0.034700,0.025691,0.018832
0.033893,0.027407,0.017355
0.037241,0.025051,0.019791
0.037312,0.025496,0.020362
0.037941,0.025005,0.019245
0.040081,0.026212,0.018632
0.041415,0.025525,0.019360
0.043213,0.026120,0.019760
0.044884,0.026643,0.019543
0.045874,0.028875,0.021086
0.048477,0.026666,0.019621
0.049606,0.026271,0.017834
0.051011,0.024610,0.016111
0.051726,0.025766,0.017213
0.053660,0.024353,0.017393
0.054149,0.027154,0.017129
0.054634,0.026345,0.018212
0.057565,0.027529,0.018475
0.058725,0.025238,0.016722
0.060645,0.025357,0.017999
0.057878,0.026050,0.017098
0.062186,0.025784,0.015195
0.061714,0.027080,0.015599
0.065513,0.027904,0.015398
0.066453,0.026992,0.013375
0.068459,0.024836,0.014523
0.072483,0.025871,0.013294
0.070639,0.027618,0.012979
0.071471,0.026221,0.012665
0.074786,0.026289,0.010649
0.074920,0.024940,0.011922
0.077352,0.027311,0.010833
0.078780,0.027441,0.010890
0.079177,0.025464,0.008121
0.080593,0.025109,0.008322
0.080315,0.027553,0.006606
0.082840,0.023738,0.006616
0.085253,0.025589,0.007047
0.085708,0.026171,0.005054
0.086878,0.025090,0.006397
0.088760,0.025039,0.003565
0.090668,0.024856,0.003040
0.092472,0.026606,0.001823
0.094782,0.025564,0.001712
0.091511,0.023766,-0.000497
0.095204,0.024309,-0.000098
0.099078,0.024219,0.001469
0.097750,0.024639,-0.002403
0.098345,0.025851,-0.004127
0.103672,0.024245,-0.005229
0.104606,0.024838,-0.004764
0.104453,0.025449,-0.008082
0.106611,0.024914,-0.008682
0.106913,0.025457,-0.007897
0.107689,0.025163,-0.008551
0.111185,0.024851,-0.010719
0.110284,0.026069,-0.011440
0.112013,0.026050,-0.012090
0.114538,0.024730,-0.014312
0.116950,0.025101,-0.014138
0.118208,0.021974,-0.015797
0.118543,0.023344,-0.017158
0.120744,0.024312,-0.017948
0.121836,0.023155,-0.018995
0.121059,0.025171,-0.017153
0.122875,0.024311,-0.020121
0.124067,0.024170,-0.020950
0.126206,0.026289,-0.021335
0.128869,0.022851,-0.024095
0.130077,0.023441,-0.022930
0.132817,0.025396,-0.022571
0.134844,0.023936,-0.024176
0.133228,0.025057,-0.026043
0.136140,0.023652,-0.026964
0.137803,0.023178,-0.028043
0.138775,0.023948,-0.028552
0.141527,0.022527,-0.026508
0.141210,0.025370,-0.030238
0.143150,0.023717,-0.030130
0.143739,0.022555,-0.030405
0.146766,0.023220,-0.030554
0.147461,0.024179,-0.030097
0.149327,0.023419,-0.032190
0.149381,0.024928,-0.031330
0.150974,0.024732,-0.035024
0.153215,0.025236,-0.033527
0.155350,0.026060,-0.033486
0.156793,0.023531,-0.034760
0.157894,0.025089,-0.037033
0.159983,0.025054,-0.035941
0.160210,0.024047,-0.035715
0.160561,0.024882,-0.036978
0.161818,0.024998,-0.038806
0.165681,0.023374,-0.037311
0.167364,0.023923,-0.040394
0.167164,0.023431,-0.038958
0.169045,0.025950,-0.041969
0.168775,0.024337,-0.040126
0.170937,0.024115,-0.042179
0.172695,0.023274,-0.040869
0.174821,0.023156,-0.044430
0.176382,0.023986,-0.047018
0.177452,0.023764,-0.046575
0.177837,0.022094,-0.046898
0.179896,0.024277,-0.046821
0.183746,0.023489,-0.050921
0.183392,0.022979,-0.050725
0.184960,0.023103,-0.051774
0.185102,0.023798,-0.053577
0.186421,0.020091,-0.055429
0.190020,0.023557,-0.055081
0.191413,0.022648,-0.059923
0.193183,0.023269,-0.061787
0.193571,0.023272,-0.066745
0.195205,0.022662,-0.070679
0.198837,0.023346,-0.074095
0.196289,0.021877,-0.080357
0.202370,0.022071,-0.088860
-0.093994,0.024547,-0.037984
-0.092206,0.025733,-0.032427
-0.090356,0.024592,-0.026898
-0.088488,0.026833,-0.023111
-0.088785,0.026472,-0.020046
-0.085670,0.024104,-0.015895
-0.084903,0.026988,-0.015054
-0.082132,0.027572,-0.010832
-0.082988,0.027232,-0.008072
-0.078324,0.028095,-0.005088
-0.078265,0.025303,-0.002217
-0.077089,0.025956,-0.000597
-0.074249,0.026801,0.000903
-0.074105,0.025531,0.002795
-0.072053,0.026623,0.002935
-0.073058,0.025446,0.003305
-0.070318,0.028326,0.005866
-0.068448,0.025808,0.007393
-0.067304,0.027076,0.007648
-0.064962,0.026914,0.008489
-0.064194,0.024636,0.011637
-0.063411,0.026469,0.012146
-0.062638,0.026265,0.012101
-0.060395,0.026172,0.013387
-0.058225,0.027511,0.013511
-0.058157,0.027964,0.015115
-0.055732,0.029336,0.017739
-0.053980,0.027831,0.015430
-0.054107,0.027058,0.015352
-0.052200,0.026953,0.016929
-0.051272,0.027190,0.015817
-0.048901,0.028990,0.017221
-0.047716,0.028075,0.018102
-0.047488,0.027130,0.019255
-0.046434,0.027926,0.018131
-0.043211,0.026828,0.019550
-0.041202,0.025669,0.020415
-0.040471,0.027184,0.019219
-0.039477,0.028257,0.020367
-0.036930,0.028315,0.019460
-0.037900,0.028777,0.019419
-0.033421,0.027969,0.017819
-0.035090,0.029459,0.018704
-0.032755,0.028522,0.019382
-0.032829,0.028903,0.019245
-0.030150,0.026973,0.019699
-0.029925,0.026372,0.020171
-0.026989,0.025843,0.019388
-0.029239,0.028749,0.020143
-0.025206,0.028097,0.018195
-0.022889,0.029401,0.019103
-0.021449,0.027171,0.020470
-0.020071,0.026982,0.018511
-0.018183,0.027615,0.017711
-0.017241,0.026895,0.018235
-0.016387,0.025156,0.019367
-0.014784,0.027112,0.019294
-0.012905,0.025593,0.016600
-0.012529,0.027105,0.017211
-0.010288,0.025080,0.016974
-0.009138,0.026699,0.016431
-0.007326,0.028189,0.018244
-0.006748,0.028216,0.016440
-0.004868,0.029087,0.018112
-0.003573,0.028745,0.018405
-0.001454,0.027001,0.017086
-0.000989,0.026947,0.019063
-0.001283,0.029177,0.017596
0.002135,0.029256,0.017735
0.002909,0.028779,0.017748
0.003501,0.028082,0.019291
0.006947,0.027248,0.018513
0.008344,0.028086,0.019883
0.007107,0.028951,0.018868
0.011040,0.027990,0.017822
0.012584,0.027816,0.018829
0.011462,0.025635,0.018469
0.015721,0.026558,0.018390
0.014405,0.026818,0.020080
0.017252,0.028069,0.017993
0.019068,0.026111,0.020703
0.020556,0.028404,0.019199
0.019845,0.026525,0.019644
0.022799,0.027813,0.020968
0.024035,0.027614,0.018768
0.025279,0.027138,0.019887
0.025684,0.029201,0.021719
0.026376,0.026866,0.020800
0.031908,0.028601,0.019454
0.031345,0.026909,0.019160
0.032713,0.028810,0.018972
0.035705,0.026478,0.020891
0.034648,0.028062,0.020064
0.035820,0.026809,0.020686
0.037917,0.028747,0.020636
0.038357,0.028145,0.020622
0.040877,0.026285,0.019767
0.041452,0.028264,0.019168
0.042966,0.027711,0.017201
0.045471,0.029068,0.019726
0.044103,0.026685,0.019559
0.048811,0.028273,0.019183
0.049299,0.028348,0.020421
0.049640,0.027536,0.017141
0.051660,0.028310,0.019304
0.052644,0.028245,0.019240
0.055897,0.026605,0.017024
0.054470,0.027740,0.018138
0.056229,0.028798,0.018088
0.060115,0.026710,0.013986
0.058127,0.026683,0.016733
0.063098,0.028529,0.014299
0.062684,0.027635,0.015662
0.062720,0.025681,0.015871
0.064645,0.026754,0.016012
0.067119,0.027863,0.016263
0.066522,0.027425,0.015339
0.069785,0.028416,0.011527
0.071108,0.027725,0.013478
0.073225,0.027413,0.012865
0.073918,0.027678,0.011402
0.075786,0.027256,0.012390
0.077042,0.026281,0.010625
0.077392,0.028364,0.011522
0.079585,0.027776,0.010315
0.080963,0.025793,0.010741
0.082009,0.027128,0.009721
0.083909,0.026499,0.008158
0.082985,0.027367,0.007604
0.084202,0.028045,0.005774
0.087713,0.026936,0.004289
0.088895,0.027531,0.004219
0.090556,0.028891,0.003858
0.092883,0.026662,0.003556
0.091700,0.028001,0.002173
0.094173,0.026251,0.001638
0.096062,0.028545,0.001852
0.098558,0.026417,-0.000138
0.099183,0.027385,0.000527
0.099327,0.026806,-0.002739
0.101915,0.026538,-0.000848
0.105234,0.024859,-0.005566
0.104959,0.027580,-0.006748
0.108678,0.027568,-0.007245
0.105328,0.028095,-0.008810
0.109936,0.023920,-0.008634
0.110075,0.025718,-0.010360
0.111395,0.026711,-0.010775
0.112960,0.026335,-0.011804
0.112598,0.024691,-0.014682
0.117221,0.025195,-0.012509
0.117586,0.026213,-0.013330
0.117918,0.027118,-0.014702
0.121062,0.025506,-0.018748
0.120678,0.026307,-0.017848
0.121244,0.025555,-0.018848
0.123815,0.026700,-0.020411
0.126914,0.025256,-0.021360
0.127302,0.026661,-0.022597
0.128926,0.026047,-0.023497
0.129961,0.026095,-0.024297
0.132535,0.025377,-0.023616
0.133109,0.025595,-0.025029
0.133119,0.024893,-0.027413
0.134647,0.027398,-0.025908
0.137794,0.023926,-0.026816
0.137165,0.025126,-0.027474
0.139332,0.025529,-0.027124
0.139713,0.024940,-0.029912
0.142630,0.025856,-0.028213
0.145846,0.024141,-0.028767
0.145273,0.025911,-0.026803
0.148244,0.025746,-0.029531
0.149467,0.025168,-0.031892
0.150648,0.025604,-0.032300
0.152956,0.025172,-0.032798
0.151899,0.025527,-0.033745
0.154458,0.027179,-0.035860
0.154804,0.024178,-0.034820
0.157194,0.025114,-0.034881
0.159630,0.026705,-0.036606
0.159721,0.023913,-0.037442
0.161202,0.023839,-0.035609
0.162654,0.025747,-0.037614
0.164727,0.025400,-0.039160
0.164916,0.024023,-0.040602
0.167376,0.025608,-0.041180
0.167170,0.026345,-0.041054
0.169924,0.024045,-0.042100
0.172244,0.023588,-0.041299
0.173221,0.026999,-0.041934
0.175510,0.026509,-0.043602
0.175465,0.025560,-0.046624
0.177413,0.023552,-0.045335
0.179816,0.026212,-0.049277
0.181703,0.024719,-0.047979
0.183364,0.026800,-0.049428
0.182408,0.024688,-0.053446
0.182644,0.024914,-0.053464
0.187796,0.026719,-0.053145
0.188307,0.023881,-0.054845
0.187814,0.026097,-0.057703
0.189724,0.023461,-0.060429
0.192521,0.024918,-0.064146
0.193968,0.021784,-0.067207
0.197082,0.023055,-0.070294
0.196035,0.024517,-0.074814
0.197904,0.023724,-0.083493
0.200069,0.023822,-0.093237
-0.094575,0.028121,-0.037148
-0.092864,0.028019,-0.031828
-0.091759,0.025948,-0.026049
-0.088429,0.028827,-0.023103
-0.086392,0.027605,-0.017884
-0.087313,0.027729,-0.016913
-0.086124,0.027788,-0.011614
-0.085552,0.028577,-0.011088
-0.081826,0.027670,-0.008545
-0.081789,0.028755,-0.006560
-0.078684,0.027994,-0.002359
-0.079644,0.029231,-0.001040
-0.075244,0.027982,-0.000888
-0.074158,0.029052,0.002544
-0.072648,0.027712,0.004485
-0.071746,0.029854,0.004254
-0.070430,0.029719,0.005042
-0.068336,0.028793,0.008963
-0.068932,0.027895,0.007508
-0.066969,0.030120,0.010589
-0.063322,0.027232,0.010357
-0.063866,0.028191,0.012196
-0.061968,0.028293,0.013557
-0.061216,0.029290,0.014366
-0.059477,0.029621,0.013260
-0.057055,0.029861,0.015230
-0.055795,0.028196,0.013591
-0.053537,0.028286,0.016061
-0.053628,0.029999,0.017403
-0.050858,0.027993,0.017089
-0.049922,0.029272,0.018244
-0.049908,0.029787,0.016157
-0.048388,0.028050,0.018981
-0.047408,0.028462,0.017546
-0.043720,0.028895,0.020437
-0.045358,0.028454,0.019238
-0.042527,0.027412,0.020367
-0.039741,0.030658,0.019917
-0.038756,0.029309,0.018963
-0.038865,0.027259,0.018165
-0.038942,0.028028,0.020929
-0.036628,0.030929,0.020380
-0.034362,0.029120,0.020737
-0.031708,0.029338,0.019608
-0.032071,0.028613,0.020697
-0.029533,0.027845,0.019114
-0.028517,0.029960,0.018822
-0.028304,0.029364,0.017564
-0.026172,0.030738,0.020183
-0.023909,0.028856,0.021023
-0.021356,0.030187,0.018100
-0.021627,0.031754,0.018873
-0.019247,0.029830,0.018764
-0.020008,0.030154,0.019938
-0.017142,0.027995,0.019282
-0.017039,0.029668,0.018654
-0.013950,0.028863,0.016944
-0.014739,0.028269,0.019222
-0.012764,0.026885,0.017505
-0.010628,0.028202,0.017471
-0.009033,0.029766,0.018270
-0.007666,0.028078,0.019031
-0.005277,0.027924,0.020451
-0.004747,0.029383,0.018368
-0.002791,0.028593,0.017054
-0.001498,0.029106,0.018404
-0.000663,0.029905,0.018226
0.001629,0.030093,0.018879
0.000509,0.027543,0.018417
0.002712,0.029313,0.017226
0.005913,0.029344,0.017124
0.006124,0.029412,0.018083
0.006754,0.028367,0.017241
0.007861,0.030258,0.017691
0.011305,0.028097,0.017936
0.012305,0.028263,0.019881
0.013721,0.030502,0.019606
0.014061,0.028093,0.021485
0.017346,0.028341,0.016999
0.017210,0.029097,0.020934
0.019872,0.030093,0.019078
0.019292,0.028302,0.019770
0.021150,0.029784,0.019176
0.020537,0.029121,0.021145
0.024759,0.028585,0.019961
0.026870,0.029062,0.020209
0.026718,0.028779,0.020802
0.029413,0.029696,0.020020
0.029100,0.029621,0.018822
0.029732,0.030140,0.020559
0.033424,0.027049,0.021106
0.033604,0.029031,0.020641
0.034292,0.030124,0.020474
0.036547,0.030256,0.020791
0.036974,0.030580,0.020638
0.039179,0.029753,0.021101
0.041999,0.028473,0.020173
0.041961,0.028797,0.018700
0.043144,0.027995,0.018710
0.044911,0.028951,0.019977
0.044325,0.029137,0.021328
0.047610,0.029915,0.019697
0.049469,0.030353,0.020142
0.048153,0.027910,0.021231
0.052550,0.030788,0.018875
0.050641,0.029373,0.017698
0.053272,0.029284,0.020093
0.057943,0.029087,0.018768
0.057033,0.028620,0.018143
0.058908,0.027410,0.018175
0.057681,0.028307,0.017290
0.059983,0.029296,0.016678
0.063251,0.028825,0.017546
0.064461,0.028770,0.015135
0.063365,0.029786,0.014166
0.067227,0.029093,0.015318
0.067770,0.029474,0.014117
0.069520,0.029215,0.014594
0.070013,0.028990,0.015297
0.072801,0.027912,0.013381
0.072292,0.029347,0.013016
0.074690,0.028121,0.013003
0.075832,0.028437,0.012925
0.078167,0.029184,0.013889
0.080249,0.028923,0.011600
0.080424,0.029648,0.008470
0.082116,0.027878,0.009659
0.083194,0.029357,0.009406
0.084851,0.031418,0.008514
0.086389,0.028313,0.006506
0.086936,0.026615,0.003435
0.087821,0.029407,0.006804
0.089604,0.028338,0.004304
0.093500,0.029223,0.001999
0.092737,0.027468,0.002348
0.093754,0.029032,0.003413
0.096201,0.027337,-0.000010
0.098369,0.029428,-0.000360
0.098065,0.028125,-0.001238
0.101559,0.029050,-0.000319
0.100059,0.026634,-0.003790
0.103141,0.027856,-0.002794
0.105511,0.026394,-0.005011
0.106578,0.026782,-0.004422
0.107049,0.028685,-0.008149
0.109378,0.027476,-0.008595
0.109036,0.027248,-0.009727
0.111220,0.029006,-0.011548
0.112184,0.028306,-0.010554
0.114404,0.028357,-0.012406
0.115939,0.028138,-0.013726
0.115837,0.028062,-0.015203
0.120124,0.028758,-0.014001
0.121950,0.027235,-0.015069
0.121268,0.026309,-0.017043
0.124459,0.027871,-0.020015
0.125035,0.029157,-0.020180
0.125259,0.027155,-0.020161
0.125671,0.027290,-0.021910
0.127979,0.028346,-0.022084
0.128443,0.027946,-0.023852
0.130801,0.027337,-0.023802
0.134274,0.026315,-0.024097
0.134882,0.027931,-0.024972
0.133398,0.027440,-0.027262
0.136333,0.028605,-0.028195
0.138944,0.026508,-0.027251
0.139207,0.026795,-0.027943
0.142129,0.028340,-0.029576
0.142889,0.025967,-0.028806
0.144803,0.028001,-0.030658
0.146070,0.024667,-0.029526
0.147769,0.027565,-0.029956
0.148478,0.026202,-0.029529
0.150467,0.027627,-0.032320
0.151929,0.028754,-0.033879
0.152965,0.027695,-0.033596
0.152655,0.027089,-0.034715
0.156171,0.027971,-0.033094
0.158188,0.027709,-0.035245
0.157708,0.028043,-0.036347
0.158865,0.025792,-0.036944
0.159706,0.025679,-0.038545
0.163599,0.026930,-0.036250
0.165190,0.026830,-0.039495
0.166473,0.027309,-0.039567
0.168979,0.026562,-0.040721
0.167681,0.027415,-0.039152
0.169621,0.026532,-0.042341
0.170528,0.025565,-0.042150
0.173023,0.025855,-0.042969
0.174990,0.026992,-0.044392
0.177022,0.027501,-0.045274
0.178702,0.028551,-0.048791
0.178581,0.029039,-0.048048
0.181371,0.027018,-0.049499
0.182426,0.026539,-0.051510
0.182612,0.027189,-0.052109
0.185472,0.027673,-0.053321
0.187117,0.027009,-0.053715
0.187811,0.027601,-0.056788
0.189879,0.027127,-0.058996
0.191731,0.025238,-0.062023
0.194124,0.024723,-0.064719
0.193485,0.023384,-0.067025
0.195250,0.024181,-0.071586
0.197265,0.024729,-0.076476
0.200064,0.026214,-0.084533
0.202273,0.024361,-0.093170
-0.096159,0.030544,-0.037744
-0.093709,0.028343,-0.032439
-0.089525,0.028576,-0.027422
-0.088966,0.030527,-0.022585
-0.087603,0.031643,-0.020831
-0.087196,0.028528,-0.014078
-0.085680,0.029413,-0.015677
-0.083651,0.029926,-0.010122
-0.082674,0.029714,-0.008305
-0.079556,0.031918,-0.005322
-0.079385,0.030793,-0.004115
-0.077441,0.030143,-0.001592
-0.077124,0.028447,0.000828
-0.074926,0.029575,0.001784
-0.072957,0.031614,0.002743
-0.072501,0.030255,0.003724
-0.070176,0.029350,0.006570
-0.068611,0.030748,0.004664
-0.068131,0.030785,0.006451
-0.068598,0.030756,0.011148
-0.064877,0.030886,0.010503
-0.062785,0.029950,0.012762
-0.064121,0.030301,0.012242
-0.059543,0.032963,0.014822
-0.061300,0.033384,0.016340
-0.057298,0.029538,0.014520
-0.057290,0.030018,0.015547
-0.056164,0.029967,0.017016
-0.053398,0.032226,0.017248
-0.052058,0.029527,0.017696
-0.050473,0.030078,0.017501
-0.047518,0.030709,0.018458
-0.046694,0.031824,0.019238
-0.046415,0.029839,0.019171
-0.045438,0.030110,0.019839
-0.044267,0.031752,0.020476
-0.042274,0.031469,0.019795
-0.042323,0.029316,0.021614
-0.040513,0.030837,0.020156
-0.037555,0.031422,0.021689
-0.035517,0.031178,0.020673
-0.034447,0.031186,0.020705
-0.034444,0.030099,0.021604
-0.032474,0.033340,0.020754
-0.031077,0.031056,0.019741
-0.028503,0.029586,0.020684
-0.030573,0.030416,0.019642
-0.027233,0.030197,0.020275
-0.024758,0.032010,0.020526
-0.023897,0.031243,0.019026
-0.021349,0.028214,0.020335
-0.021404,0.030274,0.019572
-0.020488,0.030532,0.020012
-0.018185,0.030492,0.020138
-0.017337,0.030794,0.018765
-0.017740,0.030207,0.018331
-0.016580,0.029844,0.020314
-0.012692,0.029692,0.019288
-0.011617,0.030700,0.015396
-0.010423,0.031117,0.017319
-0.009501,0.031861,0.017640
-0.005303,0.031031,0.017565
-0.007497,0.030683,0.016719
-0.006701,0.029350,0.018956
-0.005266,0.031600,0.018412
-0.002695,0.031433,0.017935
-0.000709,0.030954,0.019145
0.000810,0.030016,0.018260
0.002016,0.031389,0.016772
0.002640,0.030181,0.018561
0.003290,0.031932,0.019160
0.006325,0.031008,0.019415
0.008989,0.031023,0.018920
0.008821,0.031941,0.019392
0.010130,0.030452,0.020196
0.011735,0.031765,0.020250
0.011987,0.030181,0.020875
0.013307,0.028261,0.020995
0.015277,0.030721,0.021164
0.017314,0.030556,0.021319
0.016788,0.031159,0.020816
0.018561,0.030677,0.021803
0.020268,0.031432,0.019993
0.022601,0.030282,0.019616
0.025045,0.029306,0.021316
0.025829,0.030436,0.020464
0.026954,0.030487,0.020964
0.029959,0.030142,0.023615
0.028596,0.030689,0.021443
0.031079,0.031541,0.019078
0.033006,0.029332,0.020911
0.032295,0.031455,0.020594
0.035382,0.030013,0.022065
0.035904,0.030483,0.020462
0.037772,0.031056,0.021195
0.039254,0.028683,0.021460
0.039424,0.029701,0.021039
0.040889,0.030457,0.019598
0.044101,0.031302,0.022199
0.043686,0.029448,0.020939
0.045499,0.031890,0.021726
0.046714,0.030946,0.020021
0.049915,0.032138,0.019704
0.050315,0.029174,0.019955
0.052440,0.030879,0.018618
0.053341,0.033131,0.018840
0.054562,0.031441,0.018126
0.055616,0.029676,0.018345
0.057257,0.029789,0.019934
0.058296,0.029919,0.020136
0.057296,0.032349,0.017675
0.060330,0.030613,0.019253
0.062183,0.030450,0.016200
0.064318,0.030897,0.018167
0.065092,0.031677,0.016068
0.065979,0.030426,0.015381
0.068400,0.030292,0.017136
0.069880,0.029755,0.014908
0.072290,0.029405,0.015961
0.072837,0.030336,0.016198
0.075958,0.031064,0.013317
0.074776,0.028853,0.013603
0.076036,0.028890,0.012186
0.077095,0.030513,0.012362
0.079258,0.031160,0.010355
0.080286,0.030690,0.012658
0.083109,0.031462,0.009502
0.084534,0.028932,0.010501
0.084843,0.029083,0.008085
0.086496,0.031187,0.007383
0.087637,0.031620,0.005597
0.088614,0.030818,0.006081
0.090974,0.032620,0.004806
0.091517,0.031207,0.004151
0.093310,0.030506,0.003942
0.092017,0.031954,0.002463
0.096852,0.030966,0.002873
0.097724,0.030299,0.000924
0.098018,0.031950,-0.000485
0.100960,0.029354,0.000090
0.101009,0.029453,-0.002515
0.104004,0.030143,-0.003683
0.102988,0.028559,-0.005357
0.107019,0.028848,-0.005341
0.108451,0.031828,-0.006806
0.107002,0.029723,-0.008531
0.109879,0.029335,-0.008351
0.109645,0.028637,-0.009610
0.113543,0.030332,-0.011328
0.114570,0.029013,-0.011373
0.115199,0.028646,-0.011009
0.115808,0.028151,-0.013706
0.120725,0.030137,-0.014743
0.121358,0.027990,-0.016662
0.120522,0.028069,-0.017966
0.122327,0.030531,-0.019135
0.125561,0.030620,-0.020234
0.126050,0.029045,-0.018752
0.126699,0.027290,-0.020924
0.129785,0.029098,-0.020435
0.128585,0.030080,-0.021173
0.131583,0.028388,-0.024309
0.132933,0.028570,-0.025455
0.134198,0.028857,-0.025050
0.135794,0.030481,-0.025966
0.137004,0.027544,-0.025322
0.139163,0.028266,-0.027925
0.140643,0.026587,-0.028101
0.141902,0.029403,-0.026490
0.143970,0.031271,-0.027840
0.144125,0.028786,-0.027862
0.144787,0.028664,-0.030007
0.148889,0.027959,-0.032771
0.148916,0.029854,-0.031173
0.149916,0.027591,-0.030990
0.151978,0.030023,-0.031981
0.153761,0.029635,-0.033266
0.152478,0.028700,-0.034182
0.156047,0.028729,-0.035778
0.156853,0.031171,-0.033801
0.157079,0.028507,-0.035422
0.160255,0.030290,-0.036167
0.161658,0.030124,-0.036636
0.162878,0.028496,-0.036095
0.166522,0.029839,-0.038374
0.165396,0.027493,-0.041092
0.168379,0.027625,-0.039982
0.168985,0.026403,-0.040002
0.171137,0.029079,-0.042563
0.171296,0.028101,-0.042671
0.171023,0.029116,-0.043822
0.174262,0.028246,-0.044155
0.177562,0.028476,-0.045702
0.176337,0.029355,-0.045341
0.177874,0.027206,-0.048437
0.179754,0.029293,-0.049818
0.180547,0.027201,-0.050590
0.183603,0.030215,-0.051470
0.184815,0.028092,-0.053707
0.187318,0.027546,-0.053445
0.188860,0.028901,-0.054569
0.190947,0.029054,-0.060463
0.189844,0.027520,-0.064218
0.191711,0.028078,-0.064992
0.193164,0.027446,-0.069260
0.196372,0.026054,-0.071658
0.196381,0.027582,-0.078303
0.200462,0.026591,-0.087561
-0.094238,0.029220,-0.037034
-0.093397,0.030235,-0.030801
-0.090866,0.030672,-0.027010
-0.089806,0.030538,-0.021300
-0.087675,0.030655,-0.017148
-0.085781,0.031856,-0.014974
-0.086157,0.031702,-0.014210
-0.084229,0.032386,-0.008285
-0.081363,0.032912,-0.006272
-0.080954,0.030944,-0.004896
-0.079620,0.031245,-0.002074
-0.078202,0.032239,0.000120
-0.075450,0.030873,0.000952
-0.073774,0.032214,0.003807
-0.072252,0.032583,0.003809
-0.071378,0.031015,0.005209
-0.069945,0.032115,0.006866
-0.070515,0.033231,0.006984
-0.066920,0.030045,0.008280
-0.063729,0.032715,0.011326
-0.063649,0.033757,0.011214
-0.061243,0.032821,0.013866
-0.060505,0.032269,0.012523
-0.059675,0.031043,0.013009
-0.058638,0.031330,0.014265
-0.057187,0.032267,0.014811
-0.056519,0.033486,0.015865
-0.055269,0.031553,0.016011
-0.052947,0.033015,0.016514
-0.052138,0.032569,0.018216
-0.050400,0.032782,0.018430
-0.049497,0.033297,0.019787
-0.047065,0.031822,0.017669
-0.046433,0.032591,0.019687
-0.042464,0.032618,0.019152
-0.044322,0.032210,0.020166
-0.042308,0.030885,0.019481
-0.040146,0.032307,0.019008
-0.038689,0.031368,0.019829
-0.038715,0.030647,0.020978
-0.038614,0.031745,0.019966
-0.034496,0.032636,0.021338
-0.035218,0.033381,0.019687
-0.033035,0.032889,0.022252
-0.030807,0.032307,0.019334
-0.030323,0.033023,0.020652
-0.027686,0.032236,0.018723
-0.027234,0.030913,0.020372
-0.024897,0.032144,0.019090
-0.025028,0.031493,0.020870
-0.022186,0.032722,0.020781
-0.023085,0.032165,0.019148
-0.019682,0.034262,0.020464
-0.018588,0.033667,0.022562
-0.017883,0.033151,0.019593
-0.014795,0.033739,0.019343
-0.014119,0.031711,0.020196
-0.012589,0.033284,0.020507
-0.012719,0.030852,0.018552
-0.009597,0.031556,0.017931
-0.008951,0.031756,0.017945
-0.007484,0.030179,0.020016
-0.004823,0.032964,0.018412
-0.006572,0.031965,0.018720
-0.005290,0.030800,0.018586
-0.003083,0.031548,0.018508
-0.000089,0.030864,0.018885
0.000140,0.032715,0.017555
0.003214,0.034938,0.019234
0.002806,0.031612,0.019303
0.005120,0.031799,0.018181
0.006183,0.032798,0.021134
0.006599,0.031202,0.021867
0.009649,0.032716,0.019443
0.010303,0.033276,0.021450
0.011226,0.033984,0.021580
0.012595,0.031902,0.021286
0.014274,0.033183,0.019855
0.016002,0.031519,0.021241
0.017301,0.032454,0.021912
0.018555,0.032879,0.020833
0.019459,0.032256,0.019757
0.020790,0.034922,0.021293
0.021990,0.032277,0.021919
0.023980,0.031035,0.020914
0.025731,0.033838,0.022113
0.026690,0.031770,0.022943
0.026570,0.030224,0.020728
0.028697,0.033148,0.021662
0.030948,0.032864,0.020160
0.031904,0.032667,0.020723
0.035089,0.031884,0.022163
0.035569,0.031944,0.024143
0.035388,0.033913,0.022864
0.038036,0.032441,0.020288
0.039571,0.031678,0.021164
0.038409,0.034647,0.022021
0.041051,0.033964,0.022470
0.043084,0.033371,0.020606
0.045325,0.031766,0.021031
0.046775,0.034265,0.020678
0.048041,0.032406,0.020067
0.050656,0.032236,0.020193
0.048224,0.032537,0.020331
0.051864,0.032189,0.020838
0.049630,0.032135,0.018636
0.054552,0.031897,0.022803
0.055750,0.033948,0.020107
0.055030,0.031050,0.019947
0.059487,0.031308,0.019688
0.059903,0.033275,0.017297
0.060713,0.030697,0.017321
0.062510,0.032383,0.019362
0.063375,0.033580,0.015252
0.065410,0.031901,0.018287
0.066825,0.031951,0.018533
0.068787,0.033731,0.015912
0.069201,0.033939,0.015498
0.072239,0.030987,0.017015
0.072149,0.032384,0.015360
0.073017,0.032391,0.013112
0.073703,0.033246,0.011248
0.076400,0.031077,0.013840
0.078701,0.031687,0.011326
0.079252,0.031347,0.012182
0.081420,0.032413,0.011658
0.080740,0.032796,0.010439
0.082464,0.031912,0.010092
0.085045,0.031486,0.008702
0.087894,0.033103,0.007116
0.086360,0.033766,0.007553
0.088586,0.032130,0.007437
0.090554,0.031586,0.006549
0.093608,0.031685,0.004785
0.094698,0.031308,0.004445
0.097416,0.032807,0.001615
0.094438,0.030280,0.002553
0.097335,0.030259,0.000082
0.100209,0.032166,0.000367
0.099448,0.032843,-0.001885
0.102992,0.031137,-0.002879
0.104075,0.029915,-0.001624
0.105501,0.032600,-0.005038
0.108345,0.031569,-0.004392
0.108007,0.029968,-0.003905
0.108428,0.034307,-0.006485
0.111386,0.032013,-0.009071
0.111547,0.031401,-0.009458
0.112488,0.031234,-0.010089
0.112326,0.029627,-0.012623
0.115570,0.030836,-0.013262
0.117131,0.030802,-0.015252
0.120289,0.029533,-0.014891
0.121206,0.031447,-0.015557
0.121338,0.032764,-0.015298
0.122918,0.030768,-0.020056
0.122010,0.033044,-0.020307
0.127310,0.030562,-0.020199
0.127203,0.030962,-0.021667
0.127440,0.032087,-0.021805
0.128586,0.029528,-0.022275
0.131702,0.030479,-0.023759
0.133158,0.030331,-0.024206
0.134941,0.030712,-0.024507
0.136416,0.030513,-0.027102
0.135901,0.031358,-0.026677
0.139788,0.031105,-0.030376
0.140537,0.029762,-0.029584
0.139436,0.030196,-0.028451
0.143025,0.029400,-0.029817
0.143452,0.030372,-0.030242
0.145961,0.030590,-0.027977
0.148517,0.030190,-0.029093
0.149108,0.032366,-0.031629
0.149626,0.028626,-0.030869
0.151116,0.030924,-0.032157
0.152930,0.031244,-0.032699
0.156434,0.029004,-0.032819
0.156461,0.030103,-0.033426
0.155818,0.031603,-0.035446
0.157707,0.030010,-0.034714
0.159496,0.031672,-0.035437
0.160957,0.027841,-0.037808
0.162205,0.030211,-0.035841
0.165075,0.030077,-0.038999
0.164626,0.029939,-0.040553
0.168002,0.030416,-0.038998
0.168752,0.030738,-0.040326
0.171400,0.030318,-0.041221
0.172762,0.031254,-0.041675
0.172973,0.030410,-0.043644
0.173605,0.030121,-0.043747
0.174573,0.030816,-0.045243
0.176106,0.027990,-0.046823
0.178388,0.032274,-0.048751
0.181758,0.031512,-0.049388
0.183631,0.030012,-0.051824
0.184558,0.028631,-0.052251
0.186167,0.031275,-0.054031
0.185818,0.028673,-0.054345
0.187389,0.031995,-0.056883
0.189933,0.028932,-0.062278
0.190747,0.029012,-0.064405
0.193315,0.029356,-0.066743
0.194168,0.029364,-0.071773
0.195856,0.028551,-0.074109
0.197424,0.029542,-0.083431
0.200457,0.029061,-0.091008
-0.093983,0.030447,-0.037564
-0.093446,0.029682,-0.032406
-0.091388,0.032273,-0.026295
-0.089752,0.032886,-0.022652
-0.088357,0.034482,-0.018709
-0.085560,0.031229,-0.014996
-0.085066,0.032764,-0.012683
-0.083749,0.031784,-0.010814
-0.083437,0.031955,-0.006576
-0.078401,0.031242,-0.006210
-0.078885,0.033159,-0.001051
-0.076978,0.033767,-0.001769
-0.074778,0.031021,0.000142
-0.073518,0.033261,0.003391
-0.072870,0.034950,0.005608
-0.070517,0.035306,0.005187
-0.072580,0.033740,0.006839
-0.068039,0.032256,0.008452
-0.066831,0.032911,0.012040
-0.066588,0.031990,0.010595
-0.064898,0.032356,0.012730
-0.063262,0.033773,0.013904
-0.061044,0.034202,0.014767
-0.059844,0.033007,0.014829
-0.058032,0.032030,0.014975
-0.057586,0.035642,0.015411
-0.055419,0.033546,0.016392
-0.053234,0.035834,0.019426
-0.053153,0.032882,0.018605
-0.051571,0.033706,0.017804
-0.050877,0.032631,0.019091
-0.049376,0.034256,0.018769
-0.048130,0.034596,0.020036
-0.046786,0.033792,0.019177
-0.044742,0.033638,0.021409
-0.044472,0.032981,0.019599
-0.041758,0.035753,0.019760
-0.041262,0.035231,0.023571
-0.039878,0.033426,0.020650
-0.038179,0.034202,0.020789
-0.036667,0.036351,0.021140
-0.035572,0.035296,0.019693
-0.033936,0.035530,0.021595
-0.033021,0.033657,0.022483
-0.031705,0.034710,0.021260
-0.027297,0.032594,0.020349
-0.026503,0.034919,0.018767
-0.028827,0.034384,0.020707
-0.027945,0.035148,0.020413
-0.023991,0.034374,0.022279
-0.022879,0.034674,0.020173
-0.021378,0.035060,0.021875
-0.020515,0.034221,0.020120
-0.020209,0.033063,0.019324
-0.017662,0.033788,0.020465
-0.017948,0.032359,0.018096
-0.014390,0.034178,0.018863
-0.013041,0.032657,0.019921
-0.013060,0.033821,0.018470
-0.009577,0.033398,0.019021
-0.009731,0.031619,0.018412
-0.007221,0.035639,0.019029
-0.007041,0.034762,0.020415
-0.006358,0.035370,0.017996
-0.003912,0.033357,0.020608
-0.003999,0.033724,0.019260
-0.000442,0.035036,0.020953
0.000992,0.034675,0.020106
0.000539,0.034070,0.020491
0.003017,0.032730,0.019496
0.004124,0.033558,0.019146
0.005388,0.033941,0.020759
0.007335,0.035190,0.020864
0.008264,0.032625,0.020177
0.010546,0.034938,0.019974
0.010357,0.033678,0.021234
0.013545,0.034013,0.020285
0.015415,0.033284,0.020694
0.016503,0.034057,0.022296
0.016388,0.033559,0.021262
0.017190,0.033948,0.021806
0.018213,0.033807,0.022238
0.020679,0.034812,0.023295
0.024050,0.035588,0.021586
0.024090,0.034042,0.022917
0.025379,0.034208,0.022088
0.026271,0.032893,0.023805
0.027490,0.032557,0.024595
0.029898,0.033188,0.022263
0.029853,0.035523,0.022341
0.034609,0.032500,0.023504
0.033462,0.032808,0.022636
0.033494,0.032268,0.022619
0.036520,0.034137,0.022929
0.038083,0.035448,0.022234
0.039009,0.033239,0.023211
0.038022,0.033518,0.022306
0.042861,0.034609,0.022797
0.043078,0.033565,0.021256
0.043682,0.034891,0.022671
0.044347,0.034239,0.022012
0.046492,0.034023,0.023306
0.049414,0.033774,0.020907
0.048529,0.033905,0.022196
0.051438,0.035809,0.020292
0.051678,0.033689,0.020984
0.053363,0.031688,0.019137
0.055765,0.034875,0.021611
0.057905,0.035435,0.018999
0.058862,0.034130,0.019291
0.059738,0.034045,0.019561
0.059854,0.033883,0.016902
0.062693,0.033365,0.018026
0.064348,0.032535,0.018515
0.066990,0.034464,0.017810
0.067736,0.032082,0.017604
0.067833,0.034010,0.018124
0.069681,0.033620,0.018641
0.070572,0.033786,0.016541
0.071940,0.032807,0.015075
0.073350,0.035037,0.014832
0.074529,0.034541,0.014941
0.076916,0.034584,0.015721
0.076784,0.031537,0.012477
0.080256,0.035000,0.013535
0.081673,0.034536,0.013471
0.080529,0.033929,0.012385
0.081860,0.034657,0.009916
0.084864,0.034873,0.009589
0.085544,0.033559,0.010214
0.087588,0.034819,0.008508
0.089319,0.034165,0.008172
0.091052,0.032447,0.008505
0.091129,0.035103,0.005981
0.095085,0.033832,0.004501
0.093654,0.033959,0.003989
0.096838,0.033442,0.002892
0.097047,0.032306,0.003296
0.099408,0.033853,0.001389
0.098728,0.032402,-0.000008
0.101044,0.033640,-0.002075
0.103266,0.032739,-0.001796
0.104808,0.033481,-0.002779
0.106291,0.033176,-0.004173
0.105713,0.032781,-0.005014
0.108337,0.034380,-0.007657
0.110330,0.031913,-0.007931
0.112691,0.032756,-0.009668
0.112349,0.033117,-0.011295
0.113863,0.034268,-0.011196
0.117410,0.031999,-0.011690
0.117370,0.031764,-0.013091
0.117678,0.032179,-0.014576
0.120183,0.031495,-0.015885
0.120348,0.031911,-0.015181
0.122847,0.031964,-0.016671
0.123736,0.032212,-0.016783
0.126399,0.034378,-0.018939
0.127830,0.034348,-0.021608
0.127929,0.032963,-0.022568
0.129375,0.033884,-0.022506
0.131445,0.032877,-0.023765
0.134156,0.030620,-0.022069
0.134738,0.031439,-0.025062
0.135876,0.032105,-0.025687
0.135242,0.032776,-0.026587
0.137600,0.031525,-0.028630
0.140038,0.032545,-0.027392
0.140054,0.032372,-0.028587
0.141958,0.031622,-0.030052
0.144301,0.031996,-0.029258
0.147194,0.031279,-0.028619
0.148530,0.033387,-0.028047
0.149157,0.033344,-0.028562
0.151407,0.032355,-0.032015
0.152294,0.033705,-0.034051
0.152317,0.030007,-0.031975
0.154291,0.032004,-0.034474
0.156449,0.031685,-0.034186
0.157687,0.033608,-0.036263
0.158978,0.032318,-0.037312
0.158959,0.031696,-0.036113
0.162484,0.030689,-0.036634
0.164257,0.031984,-0.038158
0.165596,0.032324,-0.039472
0.165860,0.033275,-0.038177
0.167871,0.032657,-0.037506
0.168997,0.032415,-0.040135
0.170898,0.031899,-0.041286
0.173348,0.032589,-0.042397
0.173528,0.033017,-0.042328
0.175229,0.032059,-0.043507
0.175181,0.031364,-0.047051
0.177377,0.031563,-0.047432
0.177893,0.031676,-0.048672
0.183561,0.031331,-0.050024
0.181532,0.033107,-0.051911
0.182928,0.031443,-0.053491
0.185907,0.032060,-0.054548
0.187772,0.029482,-0.055128
0.188366,0.028453,-0.056815
0.189642,0.030721,-0.060012
0.190637,0.030536,-0.064542
0.192673,0.031575,-0.067421
0.194600,0.031246,-0.070998
0.198109,0.030332,-0.075729
0.198863,0.030664,-0.084695
0.198742,0.031093,-0.094947
-0.095418,0.032762,-0.035955
-0.089550,0.031721,-0.030712
-0.089959,0.035013,-0.025993
-0.090071,0.034663,-0.022605
-0.087584,0.033517,-0.019817
-0.087200,0.033126,-0.016249
-0.084792,0.034127,-0.012843
-0.084655,0.032682,-0.009767
-0.081369,0.035743,-0.007342
-0.079560,0.035156,-0.003823
-0.078309,0.035186,-0.000586
-0.077079,0.035072,0.000126
-0.075492,0.034566,0.001416
-0.074201,0.034535,0.004734
-0.072388,0.035781,0.003556
-0.071713,0.035689,0.004694
-0.070245,0.034030,0.007660
-0.069157,0.033930,0.008103
-0.067775,0.034957,0.010881
-0.065767,0.037234,0.010471
-0.063953,0.034048,0.010759
-0.064575,0.034801,0.015524
-0.060051,0.034964,0.014222
-0.061263,0.034212,0.014883
-0.058500,0.035747,0.015341
-0.056911,0.034683,0.016354
-0.056433,0.035376,0.015600
-0.056806,0.035797,0.016582
-0.053803,0.035307,0.017240
-0.052924,0.034720,0.018923
-0.051229,0.035275,0.019015
-0.050071,0.036464,0.018764
-0.045884,0.035426,0.018756
-0.046438,0.035174,0.021698
-0.045842,0.035235,0.021040
-0.045286,0.036326,0.020966
-0.039306,0.036242,0.019521
-0.040425,0.037358,0.021763
-0.040001,0.035771,0.020233
-0.038695,0.037181,0.020839
-0.036068,0.036255,0.019905
-0.035021,0.035896,0.021448
-0.033172,0.037129,0.023020
-0.031058,0.035719,0.021704
-0.031664,0.036389,0.022796
-0.029718,0.036981,0.021803
-0.029595,0.034660,0.021439
-0.028233,0.035323,0.020429
-0.026362,0.034864,0.020253
-0.024418,0.035252,0.022437
-0.023272,0.037533,0.019985
-0.022417,0.037073,0.020138
-0.019775,0.035455,0.021322
-0.018861,0.034391,0.021170
-0.017338,0.035681,0.019385
-0.017142,0.036477,0.021835
-0.015605,0.035865,0.020727
-0.012504,0.035510,0.017200
-0.014281,0.034305,0.020563
-0.010878,0.037324,0.020092
-0.008293,0.035089,0.020344
-0.005797,0.035459,0.020688
-0.007801,0.035842,0.018923
-0.005657,0.033386,0.018234
-0.001757,0.037019,0.018646
-0.003550,0.035185,0.020537
-0.000816,0.034935,0.019646
-0.000311,0.034214,0.018452
0.002415,0.036175,0.020023
0.002803,0.036785,0.020074
0.004215,0.035842,0.020056
0.004745,0.035287,0.021207
0.008174,0.035904,0.019264
0.008904,0.035410,0.020082
0.010137,0.035665,0.017931
0.012332,0.035646,0.021006
0.013802,0.035807,0.021806
0.011955,0.035455,0.021919
0.017686,0.036783,0.020632
0.015571,0.034871,0.022387
0.018688,0.033184,0.024489
0.019298,0.035891,0.022601
0.021106,0.035784,0.023661
0.022379,0.034327,0.024653
0.023446,0.033930,0.021798
0.028293,0.036756,0.022559
0.026527,0.035929,0.022429
0.027929,0.035352,0.025032
0.029237,0.034779,0.024785
0.031405,0.037309,0.023984
0.032415,0.036640,0.024727
0.032941,0.036380,0.024792
0.035226,0.036171,0.024880
0.035783,0.037588,0.022376
0.037719,0.035979,0.021889
0.039713,0.033994,0.022593
0.040482,0.035845,0.022719
0.042923,0.036122,0.022757
0.043644,0.034659,0.024533
0.045056,0.033999,0.020763
0.047153,0.036672,0.023454
0.046318,0.036414,0.022212
0.047974,0.035010,0.023497
0.050737,0.034419,0.021418
0.052304,0.035052,0.023032
0.052013,0.036178,0.021189
0.054057,0.036231,0.020270
0.055151,0.037061,0.021348
0.056534,0.035594,0.020333
0.058299,0.036408,0.020316
0.060937,0.035247,0.019599
0.061256,0.035191,0.019749
0.063261,0.034726,0.018443
0.063982,0.036399,0.020745
0.063885,0.037528,0.019187
0.066540,0.035450,0.020276
0.069538,0.035275,0.018904
0.067834,0.034576,0.017180
0.071061,0.036154,0.016743
0.072011,0.033789,0.016173
0.074583,0.036074,0.015768
0.073725,0.036343,0.013850
0.076108,0.035118,0.014700
0.076724,0.033762,0.013738
0.078596,0.034368,0.012556
0.081306,0.034487,0.012786
0.083452,0.034963,0.013467
0.085590,0.034812,0.010768
0.085568,0.034247,0.010887
0.088288,0.035074,0.010599
0.087950,0.034972,0.009461
0.090633,0.035301,0.007684
0.089525,0.034273,0.006750
0.090579,0.035216,0.005961
0.093050,0.035911,0.006308
0.094408,0.035766,0.003099
0.096334,0.035245,0.002814
0.096894,0.035841,0.002273
0.097632,0.036080,0.000316
0.100796,0.033508,0.000269
0.104207,0.035548,0.001398
0.102944,0.035178,-0.001790
0.106998,0.033649,-0.002658
0.104495,0.033568,-0.003774
0.107637,0.035349,-0.004638
0.110214,0.033695,-0.007666
0.109142,0.032853,-0.008058
0.110223,0.034520,-0.009533
0.112835,0.031161,-0.009706
0.112077,0.035223,-0.011081
0.114981,0.033275,-0.013706
0.117981,0.033306,-0.013829
0.118237,0.033552,-0.014026
0.120081,0.034057,-0.015729
0.122540,0.034220,-0.016712
0.121892,0.034588,-0.017198
0.123412,0.034873,-0.018547
0.126015,0.033052,-0.020724
0.127963,0.034758,-0.021317
0.127843,0.035038,-0.020939
0.129690,0.034891,-0.022741
0.132016,0.034347,-0.023252
0.132562,0.033563,-0.024783
0.134361,0.032566,-0.026889
0.136345,0.034058,-0.022129
0.138876,0.033817,-0.026992
0.138170,0.034946,-0.024957
0.141668,0.034700,-0.028149
0.141710,0.034457,-0.027575
0.141974,0.033857,-0.027814
0.143233,0.033813,-0.028719
0.145007,0.035169,-0.030028
0.148409,0.033101,-0.028747
0.149195,0.033819,-0.029319
0.150615,0.034541,-0.031960
0.150550,0.034378,-0.033197
0.152320,0.033049,-0.032451
0.155042,0.032466,-0.032544
0.156009,0.032564,-0.033955
0.158077,0.033998,-0.034693
0.159059,0.034524,-0.036541
0.160247,0.033020,-0.035991
0.164177,0.033578,-0.038079
0.162275,0.033746,-0.038652
0.163839,0.033705,-0.037650
0.166739,0.034378,-0.038631
0.167601,0.033623,-0.039627
0.167790,0.031221,-0.041128
0.169806,0.033364,-0.040186
0.172443,0.033467,-0.042766
0.173673,0.033250,-0.043967
0.172465,0.033840,-0.045272
0.176499,0.032053,-0.048375
0.178871,0.031861,-0.048121
0.180123,0.034058,-0.047790
0.180582,0.032749,-0.049263
0.183949,0.034258,-0.052058
0.183449,0.031769,-0.052987
0.184281,0.031726,-0.054077
0.187245,0.033241,-0.056749
0.186332,0.033296,-0.058569
0.191368,0.033298,-0.060311
0.192208,0.032302,-0.065807
0.192517,0.033894,-0.069201
0.195870,0.030885,-0.071142
0.195818,0.030965,-0.077624
0.199894,0.031775,-0.087884
-0.094752,0.035541,-0.037397
-0.093407,0.036330,-0.031795
-0.090404,0.034981,-0.025312
-0.088491,0.035049,-0.020793
-0.087383,0.035421,-0.017550
-0.087192,0.035741,-0.015220
-0.086832,0.035829,-0.012839
-0.083591,0.035474,-0.010143
-0.082778,0.036992,-0.006986
-0.079558,0.034297,-0.004966
-0.080147,0.036601,-0.002544
-0.078004,0.034554,0.002105
-0.076108,0.036178,0.000847
-0.075329,0.037858,0.002680
-0.072664,0.035536,0.004210
-0.073200,0.036374,0.008812
-0.068530,0.038022,0.009234
-0.068879,0.037293,0.007953
-0.069430,0.035925,0.008291
-0.066386,0.036783,0.011721
-0.063313,0.036920,0.013483
-0.060894,0.037008,0.013915
-0.063416,0.036450,0.016142
-0.059332,0.037196,0.016225
-0.059071,0.038009,0.015329
-0.057173,0.036764,0.016233
-0.057427,0.037748,0.017068
-0.054819,0.037604,0.019902
-0.054553,0.036972,0.016615
-0.052103,0.036956,0.017621
-0.051113,0.037407,0.020661
-0.048673,0.036584,0.018615
-0.047749,0.038304,0.020457
-0.045719,0.035214,0.021024
-0.044759,0.037060,0.021473
-0.042972,0.037996,0.023318
-0.041547,0.035772,0.021543
-0.039842,0.037302,0.023109
-0.039009,0.035192,0.022832
-0.037258,0.037031,0.023578
-0.036696,0.037959,0.022577
-0.035317,0.036960,0.020839
-0.034471,0.038362,0.021714
-0.032530,0.036822,0.021411
-0.029996,0.037633,0.022563
-0.029909,0.037038,0.020809
-0.027724,0.037175,0.022121
-0.026103,0.038284,0.020717
-0.025681,0.036828,0.019494
-0.023126,0.037074,0.018814
-0.021873,0.037578,0.020695
-0.022294,0.036827,0.019721
-0.021694,0.036466,0.022282
-0.018977,0.034423,0.020472
-0.016736,0.038117,0.020419
-0.016303,0.037215,0.020525
-0.013867,0.037000,0.021969
-0.014371,0.037876,0.019153
-0.012499,0.037057,0.021781
-0.010590,0.036472,0.019677
-0.010918,0.037715,0.020202
-0.009554,0.039154,0.020632
-0.006703,0.036236,0.018974
-0.005770,0.037661,0.020665
-0.004705,0.036262,0.019119
-0.001295,0.037134,0.020255
-0.001060,0.036105,0.020222
0.002200,0.035309,0.021487
0.002151,0.038007,0.020734
0.001797,0.038040,0.021467
0.004008,0.038268,0.018539
0.005408,0.038620,0.021958
0.007811,0.036407,0.021143
0.008838,0.037635,0.022525
0.009561,0.036392,0.023854
0.012161,0.036536,0.020802
0.013728,0.037997,0.022612
0.015402,0.038043,0.021446
0.015119,0.037761,0.022398
0.016828,0.038589,0.023571
0.017457,0.036809,0.025756
0.019951,0.038913,0.024919
0.021771,0.036561,0.023643
0.022639,0.037038,0.024316
0.022766,0.037161,0.025358
0.023885,0.037705,0.023622
0.026216,0.037068,0.022525
0.028658,0.037320,0.023805
0.029996,0.037800,0.024331
0.030898,0.037085,0.024781
0.032367,0.038776,0.023704
0.033994,0.037960,0.022451
0.035986,0.038337,0.025459
0.035135,0.037185,0.024637
0.037678,0.034837,0.024522
0.039085,0.036355,0.022955
0.040117,0.038160,0.024063
0.041249,0.037596,0.023468
0.043372,0.038460,0.024020
0.043530,0.039767,0.025102
0.047053,0.037011,0.022574
0.048843,0.036000,0.022882
0.050397,0.039814,0.023112
0.051920,0.038199,0.021667
0.051805,0.037713,0.022033
0.053470,0.036880,0.023081
0.054309,0.035310,0.022332
0.056301,0.036916,0.023691
0.059541,0.038039,0.020217
0.057351,0.038829,0.020946
0.059146,0.036155,0.021763
0.061520,0.036848,0.020050
0.062491,0.036069,0.021559
0.063800,0.035819,0.020186
0.066347,0.036503,0.019474
0.067200,0.037208,0.018944
0.068463,0.036358,0.019077
0.069677,0.036624,0.016416
0.069881,0.036554,0.017950
0.071440,0.037908,0.015302
0.074281,0.037395,0.017457
0.075701,0.038162,0.014724
0.075334,0.039240,0.014334
0.076763,0.037115,0.014613
0.080092,0.038129,0.013772
0.079152,0.037172,0.013073
0.081348,0.037140,0.013443
0.082548,0.038203,0.011489
0.083803,0.037104,0.011372
0.086163,0.037114,0.010117
0.088636,0.037311,0.009013
0.089663,0.035197,0.007568
0.090165,0.036362,0.008379
0.092502,0.037999,0.007913
0.095158,0.036688,0.008490
0.092992,0.038538,0.002302
0.096344,0.035530,0.003617
0.098463,0.037080,0.004604
0.100250,0.034695,0.001753
0.099169,0.035923,0.001068
0.100994,0.037291,-0.000479
0.102760,0.037021,-0.001010
0.104059,0.036076,-0.003455
0.104004,0.036902,-0.004733
0.104721,0.036760,-0.006159
0.109643,0.035856,-0.005825
0.109743,0.034803,-0.007464
0.111793,0.036076,-0.007182
0.114310,0.036430,-0.010220
0.113045,0.035725,-0.008121
0.115322,0.036276,-0.011789
0.118123,0.036155,-0.012973
0.118455,0.037272,-0.014198
0.120597,0.037270,-0.013959
0.120017,0.036035,-0.016636
0.121205,0.036847,-0.016289
0.123771,0.036974,-0.019420
0.124432,0.035419,-0.019975
0.128216,0.035378,-0.021488
0.127865,0.035131,-0.020523
0.130970,0.037347,-0.021152
0.132636,0.035138,-0.023740
0.133388,0.036909,-0.024636
0.131643,0.036020,-0.024863
0.134667,0.036427,-0.023944
0.136872,0.035630,-0.027250
0.138395,0.034889,-0.027059
0.140223,0.036927,-0.028131
0.143477,0.034343,-0.027567
0.144416,0.035148,-0.028388
0.145008,0.035853,-0.028857
0.144418,0.034967,-0.029128
0.146213,0.034466,-0.029599
0.147972,0.037332,-0.032110
0.150296,0.034295,-0.030833
0.150558,0.034241,-0.031567
0.153077,0.035701,-0.033237
0.153168,0.035039,-0.033510
0.156784,0.035951,-0.032051
0.158376,0.035668,-0.034617
0.158799,0.035950,-0.037025
0.160418,0.034019,-0.037058
0.160546,0.036214,-0.036178
0.162261,0.034402,-0.037662
0.163940,0.036406,-0.039044
0.167655,0.033685,-0.038941
0.168633,0.034689,-0.040701
0.171033,0.033184,-0.040499
0.169261,0.035895,-0.041330
0.171423,0.034411,-0.040922
0.172583,0.035366,-0.043451
0.174155,0.034933,-0.046073
0.176690,0.035830,-0.045850
0.177622,0.032114,-0.047487
0.179008,0.034230,-0.049949
0.181120,0.035156,-0.050113
0.183694,0.033969,-0.051796
0.184081,0.033768,-0.050759
0.184040,0.035729,-0.052046
0.186518,0.034153,-0.056972
0.188508,0.033453,-0.058670
0.189020,0.034182,-0.063952
0.189363,0.035121,-0.065928
0.193398,0.032720,-0.068168
0.192751,0.032596,-0.072032
0.195452,0.033590,-0.080250
0.198623,0.034316,-0.091765
-0.093570,0.036655,-0.037114
-0.092126,0.037393,-0.031036
-0.091734,0.037656,-0.026656
-0.089935,0.037338,-0.021828
-0.087530,0.035961,-0.017581
-0.083762,0.039002,-0.013702
-0.084994,0.036757,-0.011174
-0.081999,0.036812,-0.008035
-0.081311,0.038204,-0.007179
-0.080948,0.037329,-0.004581
-0.080025,0.037077,-0.001878
-0.078113,0.040542,-0.002036
-0.074279,0.037272,0.001240
-0.075338,0.036781,0.003644
-0.074320,0.036602,0.005219
-0.071924,0.038489,0.005557
-0.070006,0.039358,0.007355
-0.068825,0.039540,0.010490
-0.066966,0.039253,0.013856
-0.064391,0.037922,0.012755
-0.066007,0.040482,0.013746
-0.062427,0.037419,0.014334
-0.062120,0.039335,0.013944
-0.058855,0.039113,0.013497
-0.059436,0.039648,0.014421
-0.058051,0.038213,0.016155
-0.057098,0.038648,0.016614
-0.053726,0.040527,0.018305
-0.051845,0.038396,0.018671
-0.050267,0.038860,0.017340
-0.049317,0.036838,0.019460
-0.048493,0.038516,0.018685
-0.048643,0.038182,0.020646
-0.045754,0.038400,0.019949
-0.045154,0.037868,0.020834
-0.045025,0.039753,0.022995
-0.041566,0.039789,0.022335
-0.041993,0.039105,0.020542
-0.039888,0.038163,0.021473
-0.038753,0.039530,0.022555
-0.036060,0.040223,0.022226
-0.034167,0.037492,0.022950
-0.035728,0.036898,0.021893
-0.031960,0.037438,0.022698
-0.030536,0.036926,0.022265
-0.028393,0.038582,0.022718
-0.028450,0.038301,0.021842
-0.025738,0.038712,0.020345
-0.025909,0.038420,0.023048
-0.023177,0.039267,0.019528
-0.022416,0.039526,0.019837
-0.020915,0.038027,0.021419
-0.019299,0.041735,0.021772
-0.019511,0.038540,0.021969
-0.018397,0.037890,0.020921
-0.014479,0.039753,0.021199
-0.015559,0.038251,0.020170
-0.013362,0.036706,0.021071
-0.012155,0.040506,0.021077
-0.011456,0.038981,0.019937
-0.010273,0.039147,0.020984
-0.008302,0.039908,0.020190
-0.005302,0.039884,0.020281
-0.003678,0.037242,0.019598
-0.003899,0.038214,0.020109
-0.001101,0.038014,0.021896
-0.001386,0.039998,0.021806
-0.000350,0.038964,0.020881
0.003910,0.040447,0.021583
0.002904,0.039721,0.021949
0.005912,0.038483,0.020649
0.006640,0.039532,0.023563
0.006435,0.038945,0.024710
0.007755,0.038068,0.023189
0.009770,0.038089,0.023029
0.012626,0.039329,0.022801
0.013933,0.040928,0.023188
0.015181,0.038827,0.022272
0.016980,0.040488,0.023668
0.016381,0.040535,0.022946
0.018287,0.038097,0.022435
0.019846,0.038251,0.023763
0.021282,0.038952,0.024604
0.021487,0.038797,0.023434
0.025107,0.039878,0.024720
0.024101,0.037941,0.024413
0.027450,0.037529,0.024892
0.028144,0.036486,0.026998
0.030804,0.038818,0.024836
0.030951,0.039855,0.025886
0.032610,0.040452,0.024403
0.033001,0.039960,0.027211
0.035508,0.037868,0.025015
0.035833,0.039305,0.023107
0.037882,0.040297,0.024602
0.038767,0.036760,0.026253
0.040831,0.037391,0.023752
0.041363,0.038694,0.025221
0.042190,0.037702,0.024364
0.046214,0.037828,0.023615
0.045314,0.038069,0.025116
0.047955,0.038230,0.024005
0.050392,0.037479,0.024196
0.050625,0.038786,0.023496
0.052810,0.038802,0.024595
0.054422,0.038530,0.025288
0.054132,0.038061,0.022528
0.054011,0.039119,0.021041
0.057467,0.038600,0.022006
0.060295,0.038588,0.020024
0.059013,0.038195,0.020808
0.062687,0.039367,0.019880
0.063859,0.037905,0.022019
0.063805,0.040480,0.020479
0.065796,0.040679,0.020071
0.067385,0.039737,0.021252
0.067578,0.039977,0.018115
0.070384,0.037911,0.018601
0.069820,0.037301,0.018480
0.072658,0.039245,0.016843
0.072600,0.038491,0.017305
0.074248,0.038291,0.017458
0.074905,0.036956,0.014612
0.078818,0.040162,0.017106
0.078331,0.038562,0.013034
0.079980,0.038717,0.014302
0.079989,0.037315,0.012740
0.082372,0.040111,0.013033
0.084854,0.037273,0.012681
0.085905,0.037909,0.010192
0.088717,0.038534,0.008749
0.089569,0.038546,0.008253
0.090371,0.035958,0.010265
0.092695,0.038293,0.008252
0.092417,0.038524,0.006319
0.094505,0.038357,0.006874
0.096179,0.038215,0.005142
0.098717,0.037309,0.006415
0.100680,0.036828,0.002615
0.099765,0.039291,0.001637
0.102001,0.039185,0.002021
0.102686,0.037569,-0.000188
0.104348,0.037645,-0.001636
0.107501,0.037403,-0.002525
0.106247,0.038265,-0.004956
0.108967,0.037514,-0.004480
0.108657,0.037245,-0.006094
0.111315,0.038350,-0.007208
0.113667,0.038136,-0.008201
0.115672,0.037860,-0.010605
0.116621,0.034628,-0.010394
0.117535,0.036811,-0.013350
0.118951,0.037201,-0.014862
0.120261,0.037640,-0.014073
0.122390,0.036957,-0.015056
0.121915,0.037276,-0.018197
0.123189,0.035851,-0.018108
0.125529,0.036189,-0.020088
0.127125,0.035268,-0.018507
0.127481,0.036551,-0.020278
0.131139,0.036727,-0.021468
0.131922,0.038454,-0.022826
0.133014,0.037231,-0.023385
0.133724,0.038062,-0.022829
0.135851,0.037512,-0.025468
0.136958,0.037176,-0.028876
0.138213,0.037937,-0.027023
0.140919,0.038203,-0.025826
0.141020,0.039093,-0.028300
0.143737,0.038268,-0.029022
0.142928,0.038761,-0.029660
0.147129,0.036560,-0.028837
0.148051,0.037729,-0.030384
0.148569,0.036965,-0.029012
0.150837,0.036892,-0.030587
0.151697,0.036772,-0.032430
0.152661,0.037700,-0.032897
0.155839,0.037433,-0.033725
0.154308,0.040105,-0.032814
0.157816,0.036697,-0.034557
0.158962,0.036527,-0.035451
0.159734,0.037424,-0.035915
0.160080,0.037635,-0.036607
0.164310,0.035795,-0.037202
0.165428,0.037121,-0.037774
0.164852,0.035663,-0.039781
0.168123,0.036341,-0.039062
0.169497,0.038893,-0.041787
0.167988,0.036771,-0.041844
0.171131,0.036162,-0.041513
0.172534,0.036065,-0.043588
0.175058,0.036382,-0.045359
0.177262,0.035745,-0.044791
0.177563,0.037928,-0.048342
0.179140,0.036851,-0.048101
0.182334,0.035228,-0.050848
0.181347,0.036780,-0.051434
0.183759,0.035539,-0.051958
0.184126,0.035602,-0.053358
0.187122,0.037122,-0.058908
0.188602,0.036260,-0.060054
0.190196,0.036813,-0.064490
0.192876,0.035652,-0.065526
0.194001,0.036255,-0.068191
0.193359,0.036038,-0.074653
0.197976,0.035185,-0.083642
-0.093983,0.038476,-0.036219
-0.090599,0.039976,-0.031406
-0.089389,0.039090,-0.027897
-0.090350,0.037718,-0.023458
-0.088280,0.037282,-0.016124
-0.086800,0.038900,-0.014259
-0.083918,0.040061,-0.012297
-0.083639,0.038496,-0.008932
-0.082640,0.038271,-0.004531
-0.081127,0.040014,-0.003911
-0.077855,0.039297,-0.001759
-0.076991,0.040737,0.002271
-0.076132,0.040302,0.001908
-0.076017,0.039877,0.003009
-0.074103,0.040236,0.004203
-0.073392,0.039860,0.007737
-0.070841,0.041197,0.006102
-0.068416,0.040257,0.008851
-0.066828,0.040198,0.011324
-0.066693,0.040787,0.011789
-0.064458,0.042230,0.013266
-0.062319,0.039231,0.014357
-0.061709,0.042839,0.015649
-0.059888,0.040855,0.016476
-0.057811,0.039219,0.016479
-0.058399,0.040448,0.016915
-0.056900,0.039570,0.018437
-0.056219,0.041183,0.017995
-0.053309,0.040003,0.019212
-0.052442,0.038790,0.019182
-0.051528,0.040560,0.019381
-0.050354,0.038965,0.018898
-0.049657,0.041539,0.020148
-0.047556,0.041268,0.020808
-0.044076,0.040719,0.021778
-0.043141,0.042528,0.022933
-0.040878,0.041495,0.022655
-0.040178,0.040663,0.020717
-0.039038,0.041948,0.022364
-0.038755,0.039980,0.021626
-0.037721,0.039370,0.023080
-0.034938,0.040658,0.022012
-0.033768,0.040555,0.021325
-0.030238,0.041360,0.023750
-0.032448,0.039962,0.023132
-0.029766,0.042700,0.022530
-0.027952,0.040114,0.023569
-0.027649,0.040006,0.022428
-0.024604,0.038678,0.023642
-0.025707,0.039526,0.022769
-0.023184,0.042302,0.021964
-0.020457,0.039644,0.020642
-0.019372,0.039498,0.022822
-0.018856,0.039332,0.020347
-0.017143,0.039194,0.022910
-0.015474,0.039855,0.022769
-0.014987,0.039191,0.022724
-0.014975,0.039916,0.019702
-0.013755,0.039763,0.020558
-0.009987,0.038975,0.020991
-0.009765,0.039857,0.019512
-0.008588,0.041781,0.022092
-0.008499,0.040846,0.020719
-0.004251,0.040823,0.020750
-0.003187,0.039220,0.020255
-0.003676,0.041177,0.020226
0.000888,0.040515,0.022898
0.000478,0.040932,0.022190
0.003769,0.042364,0.022691
0.004349,0.039468,0.022308
0.004893,0.040746,0.020772
0.006517,0.040387,0.021409
0.006600,0.040322,0.022764
0.009962,0.040516,0.022682
0.009656,0.040686,0.023316
0.010607,0.041725,0.023247
0.010841,0.040770,0.023250
0.015221,0.039818,0.023533
0.014778,0.040469,0.023477
0.017604,0.041481,0.025866
0.019927,0.040209,0.026299
0.019854,0.039258,0.025410
0.020461,0.041347,0.024832
0.020907,0.040870,0.025465
0.023411,0.040401,0.025928
0.026081,0.041496,0.026583
0.027490,0.040839,0.027557
0.026884,0.040513,0.024407
0.029209,0.039767,0.027482
0.030301,0.039545,0.026811
0.032034,0.040377,0.025831
0.033949,0.040417,0.024874
0.034642,0.041889,0.026686
0.036665,0.040286,0.026463
0.039059,0.040773,0.025378
0.040295,0.041967,0.025636
0.041072,0.041418,0.025678
0.042982,0.041173,0.026137
0.042199,0.040202,0.024670
0.045390,0.039842,0.024782
0.046811,0.038800,0.025152
0.046653,0.040023,0.025977
0.048841,0.040339,0.025203
0.050792,0.040218,0.024786
0.051270,0.039307,0.023134
0.052857,0.042158,0.024846
0.054595,0.039676,0.023471
0.055908,0.038514,0.023360
0.057802,0.040800,0.024215
0.057802,0.040034,0.023057
0.058745,0.040837,0.021748
0.060134,0.041069,0.020613
0.063218,0.040251,0.020238
0.064158,0.038357,0.019643
0.064730,0.041453,0.020604
0.065578,0.039835,0.019818
0.067686,0.039780,0.020458
0.068410,0.039439,0.019145
0.071052,0.038999,0.018556
0.073491,0.039262,0.017398
0.073242,0.040046,0.015149
0.074209,0.040694,0.016702
0.075988,0.040961,0.016092
0.079258,0.039449,0.017693
0.078750,0.039439,0.015175
0.082219,0.040708,0.015159
0.082561,0.040332,0.015044
0.083894,0.039339,0.011616
0.086679,0.040549,0.012430
0.085794,0.040204,0.011679
0.087766,0.038611,0.009316
0.088677,0.038798,0.008452
0.088099,0.039972,0.009786
0.090843,0.039802,0.007675
0.091951,0.041146,0.008168
0.093353,0.041756,0.004685
0.096231,0.039502,0.005071
0.097615,0.039393,0.004904
0.099583,0.038040,0.003304
0.101592,0.038769,0.002564
0.101502,0.039856,0.000975
0.103100,0.039647,-0.000475
0.104885,0.039772,-0.001594
0.104132,0.039148,-0.001297
0.107555,0.040275,-0.003077
0.108518,0.040620,-0.002753
0.109363,0.038148,-0.004927
0.110884,0.038437,-0.006605
0.114502,0.039948,-0.008251
0.114106,0.040396,-0.006278
0.116343,0.039832,-0.010313
0.116834,0.038959,-0.013294
0.120709,0.038494,-0.011964
0.119876,0.038666,-0.015141
0.122059,0.039107,-0.014136
0.123639,0.037843,-0.016977
0.123739,0.039966,-0.016458
0.125574,0.038617,-0.017358
0.126341,0.039571,-0.019426
0.128703,0.039780,-0.020482
0.130311,0.039831,-0.021645
0.131546,0.039738,-0.022078
0.133759,0.038736,-0.022024
0.134950,0.038270,-0.023730
0.136004,0.037803,-0.024786
0.138979,0.039289,-0.027004
0.138207,0.037598,-0.026209
0.139786,0.038670,-0.025056
0.144522,0.038199,-0.028515
0.144133,0.037551,-0.029843
0.142689,0.038703,-0.029683
0.145323,0.039541,-0.028440
0.147177,0.038293,-0.028732
0.148657,0.038798,-0.030571
0.149554,0.038636,-0.029502
0.151165,0.036744,-0.031488
0.153451,0.037813,-0.032281
0.151739,0.038678,-0.032195
0.155336,0.039847,-0.032334
0.156848,0.039419,-0.033585
0.159028,0.037801,-0.034276
0.159038,0.036687,-0.034345
0.162171,0.038364,-0.035716
0.163950,0.037591,-0.037769
0.165561,0.038749,-0.037396
0.168106,0.037548,-0.039254
0.167831,0.038887,-0.038771
0.167976,0.038348,-0.038407
0.172510,0.039451,-0.041631
0.172233,0.038013,-0.040962
0.172744,0.038901,-0.042345
0.173936,0.038200,-0.045990
0.176416,0.039520,-0.047237
0.177308,0.036885,-0.048510
0.180174,0.037757,-0.048718
0.180699,0.038015,-0.051393
0.182127,0.035623,-0.053515
0.183868,0.038473,-0.054316
0.184649,0.036507,-0.055389
0.187012,0.036512,-0.056097
0.187547,0.037868,-0.061245
0.190446,0.036975,-0.063864
0.190906,0.037059,-0.066646
0.193261,0.036996,-0.070771
0.194624,0.036821,-0.075713
0.195066,0.037107,-0.085207
-0.093638,0.039749,-0.035905
-0.093311,0.039027,-0.033647
-0.091640,0.039921,-0.027578
-0.089748,0.039688,-0.021684
-0.087668,0.040256,-0.015081
-0.084483,0.040122,-0.012674
-0.084151,0.041452,-0.012014
-0.082524,0.040979,-0.009580
-0.081868,0.039828,-0.007329
-0.079563,0.039808,-0.003404
-0.080070,0.040718,-0.000461
-0.080137,0.041769,0.001567
-0.076973,0.038873,0.003241
-0.074296,0.039794,0.003731
-0.073413,0.040423,0.004636
-0.074214,0.039372,0.006089
-0.070842,0.041859,0.008173
-0.067719,0.042976,0.009583
-0.067889,0.041244,0.012190
-0.066205,0.041852,0.011465
-0.065384,0.041271,0.013678
-0.060915,0.042337,0.014942
-0.062249,0.041928,0.016985
-0.059606,0.041716,0.017449
-0.058469,0.042154,0.017592
-0.057490,0.041521,0.017241
-0.055939,0.042924,0.017453
-0.055022,0.040968,0.018702
-0.054356,0.041956,0.018285
-0.050749,0.041841,0.021696
-0.049950,0.041259,0.019929
-0.048831,0.041915,0.020438
-0.046901,0.042228,0.021522
-0.044090,0.041160,0.022395
-0.044321,0.041740,0.023838
-0.044039,0.041937,0.022173
-0.042691,0.041577,0.020785
-0.040798,0.041969,0.024251
-0.037517,0.042326,0.022427
-0.038832,0.042075,0.021778
-0.037197,0.042783,0.023091
-0.034883,0.040192,0.023441
-0.034212,0.041159,0.022698
-0.032677,0.042843,0.022596
-0.030304,0.042964,0.023569
-0.029986,0.042280,0.021579
-0.028326,0.042114,0.023361
-0.026627,0.044229,0.022588
-0.026215,0.043071,0.022746
-0.021971,0.041548,0.020896
-0.021493,0.041169,0.023044
-0.021906,0.043711,0.021484
-0.018711,0.041230,0.022369
-0.018461,0.043903,0.021614
-0.014937,0.040949,0.020689
-0.016396,0.041137,0.021850
-0.016491,0.042933,0.020697
-0.012785,0.042058,0.020899
-0.012252,0.041903,0.021345
-0.009492,0.040782,0.021036
-0.009509,0.041615,0.019590
-0.007012,0.040014,0.022397
-0.007494,0.040729,0.021064
-0.004842,0.041674,0.020482
-0.003383,0.040783,0.023357
-0.000660,0.042203,0.022220
-0.001415,0.042201,0.022654
0.000028,0.040653,0.020884
0.000438,0.040417,0.022362
0.004718,0.040904,0.020232
0.003834,0.042497,0.024083
0.006738,0.042872,0.022962
0.007626,0.042388,0.023303
0.008438,0.043554,0.021988
0.010721,0.041646,0.024418
0.011920,0.042405,0.024062
0.013224,0.042774,0.023849
0.013585,0.041901,0.024320
0.015566,0.041308,0.023764
0.016973,0.040919,0.023140
0.018748,0.041019,0.024414
0.019268,0.040168,0.025786
0.021145,0.041972,0.025012
0.021889,0.044387,0.025128
0.022813,0.041454,0.025963
0.025862,0.041848,0.026223
0.025541,0.043929,0.026187
0.028281,0.042495,0.024934
0.029109,0.042136,0.023979
0.030744,0.042313,0.025204
0.031853,0.042749,0.027799
0.035263,0.040415,0.025294
0.035555,0.041672,0.027007
0.036622,0.042165,0.024942
0.037475,0.042342,0.025112
0.040507,0.041000,0.026920
0.041557,0.043787,0.027005
0.041397,0.041136,0.026917
0.043575,0.043101,0.026569
0.045811,0.042183,0.024823
0.046255,0.041601,0.025727
0.046006,0.042875,0.024341
0.048092,0.043819,0.024573
0.050427,0.042293,0.024058
0.052107,0.041135,0.023875
0.053313,0.043051,0.024933
0.054989,0.041740,0.022804
0.056133,0.042332,0.024964
0.055456,0.040879,0.023351
0.058007,0.044169,0.023202
0.057857,0.042650,0.024187
0.060375,0.041518,0.023387
0.062579,0.042610,0.022940
0.065620,0.042616,0.020516
0.065589,0.040974,0.020122
0.065697,0.043078,0.020748
0.068913,0.041797,0.019903
0.068689,0.042746,0.018864
0.070202,0.040943,0.017707
0.072884,0.041207,0.020024
0.075066,0.040900,0.018338
0.074799,0.042465,0.014392
0.076164,0.041770,0.017044
0.078615,0.040102,0.014863
0.081286,0.042143,0.015021
0.080960,0.043147,0.016076
0.081311,0.040165,0.014971
0.083679,0.041219,0.014494
0.083808,0.042503,0.013099
0.083417,0.042038,0.011065
0.086530,0.041342,0.012234
0.088632,0.043161,0.011192
0.090297,0.041124,0.008388
0.093287,0.041591,0.007835
0.093957,0.042696,0.007632
0.095556,0.041566,0.006957
0.095384,0.041762,0.005682
0.099164,0.042350,0.001556
0.097377,0.041354,0.005368
0.099246,0.040833,0.002529
0.101697,0.041101,0.000373
0.103744,0.041132,0.001000
0.105183,0.041853,-0.001463
0.105114,0.039336,-0.002430
0.110013,0.044216,-0.002601
0.109501,0.039288,-0.005979
0.110501,0.041699,-0.005859
0.111411,0.040265,-0.007090
0.112474,0.040107,-0.005964
0.113136,0.039593,-0.009147
0.114704,0.039813,-0.009251
0.117924,0.041249,-0.011730
0.118764,0.038991,-0.011597
0.119464,0.041860,-0.011767
0.121460,0.040075,-0.015897
0.123963,0.041751,-0.016790
0.122904,0.040534,-0.017342
0.126820,0.040843,-0.019585
0.125608,0.041826,-0.019061
0.128943,0.041884,-0.019252
0.130790,0.040553,-0.020158
0.129799,0.040823,-0.021032
0.133311,0.040387,-0.021951
0.135904,0.040046,-0.023161
0.136449,0.040590,-0.023008
0.137974,0.039847,-0.025335
0.138745,0.040506,-0.026765
0.137862,0.040511,-0.028057
0.141462,0.040007,-0.026540
0.143008,0.041501,-0.028142
0.143192,0.041064,-0.028201
0.146546,0.041372,-0.030117
0.145941,0.041891,-0.030624
0.148368,0.040815,-0.031518
0.150193,0.039891,-0.031490
0.149694,0.040805,-0.031514
0.153419,0.039313,-0.032536
0.154540,0.038741,-0.034950
0.156875,0.038580,-0.031779
0.157302,0.038057,-0.034873
0.159551,0.039354,-0.034509
0.159832,0.040675,-0.035759
0.159811,0.040731,-0.035886
0.161209,0.041516,-0.036475
0.163704,0.039062,-0.037421
0.165655,0.039670,-0.040528
0.166398,0.039688,-0.038881
0.168212,0.038571,-0.039698
0.169093,0.039217,-0.041207
0.172941,0.040556,-0.041748
0.172037,0.037352,-0.041347
0.174853,0.039934,-0.044410
0.177602,0.040231,-0.045328
0.177196,0.040142,-0.049918
0.181712,0.039464,-0.048298
0.182382,0.040301,-0.051445
0.182471,0.038346,-0.052498
0.186177,0.040335,-0.050657
0.184611,0.039146,-0.057210
0.187015,0.039679,-0.059715
0.189832,0.040378,-0.063018
0.188741,0.039704,-0.066269
0.192438,0.039737,-0.070383
0.191383,0.039091,-0.071939
0.195168,0.037193,-0.079006
0.197184,0.038514,-0.092322
-0.095184,0.041271,-0.036884
-0.092509,0.041780,-0.032546
-0.090486,0.040897,-0.025963
-0.090600,0.043748,-0.023373
-0.087364,0.042050,-0.016789
-0.087390,0.043416,-0.013659
-0.085454,0.043015,-0.012917
-0.084440,0.041826,-0.008450
-0.079885,0.040937,-0.005088
-0.081009,0.043990,-0.003695
-0.080842,0.042805,-0.000367
-0.077209,0.042639,0.000941
-0.076628,0.043462,0.001560
-0.074528,0.043531,0.005325
-0.073255,0.043677,0.005155
-0.072247,0.043148,0.008037
-0.071249,0.042672,0.010188
-0.066877,0.042672,0.010239
-0.066714,0.043789,0.012165
-0.065681,0.041589,0.011066
-0.064439,0.043052,0.013400
-0.064257,0.043280,0.015089
-0.059736,0.042207,0.018545
-0.061713,0.042759,0.015999
-0.056488,0.042819,0.017399
-0.056872,0.041930,0.018126
-0.058268,0.043957,0.018265
-0.054311,0.041658,0.017149
-0.050835,0.043044,0.017012
-0.049674,0.044192,0.018913
-0.050034,0.043670,0.021890
-0.048745,0.042660,0.019788
-0.049611,0.041403,0.019206
-0.046567,0.043855,0.022606
-0.045898,0.042868,0.021638
-0.045296,0.043480,0.022313
-0.041713,0.041812,0.022557
-0.041191,0.042763,0.022105
-0.039863,0.043515,0.022586
-0.038212,0.042866,0.022091
-0.036721,0.045105,0.022268
-0.035787,0.043576,0.024239
-0.034586,0.043403,0.023436
-0.031476,0.043710,0.023363
-0.030772,0.042824,0.022645
-0.030333,0.043678,0.025202
-0.028905,0.045167,0.024119
-0.027640,0.044362,0.023497
-0.026160,0.045707,0.023164
-0.024822,0.042364,0.023606
-0.022680,0.042704,0.023778
-0.021721,0.042748,0.022944
-0.020421,0.042825,0.022831
-0.019417,0.044607,0.021676
-0.017607,0.046098,0.022442
-0.016802,0.045057,0.020829
-0.016237,0.041754,0.022578
-0.014053,0.043330,0.021010
-0.013170,0.043782,0.020870
-0.010794,0.042079,0.022465
-0.008522,0.043767,0.021489
-0.006753,0.042309,0.021521
-0.008164,0.046001,0.020144
-0.004750,0.044643,0.021115
-0.002980,0.043738,0.021792
-0.001656,0.042167,0.021799
-0.001170,0.041968,0.021640
0.000715,0.043026,0.022212
0.001190,0.043680,0.021903
0.005039,0.041789,0.023693
0.002934,0.043183,0.022975
0.007873,0.042393,0.025026
0.006635,0.043867,0.024297
0.008150,0.043984,0.022999
0.011448,0.043427,0.024647
0.011970,0.043567,0.022663
0.015553,0.044411,0.025232
0.015172,0.043683,0.024058
0.016447,0.043995,0.026971
0.016806,0.044058,0.025460
0.017896,0.042499,0.026100
0.021134,0.044076,0.025204
0.022500,0.043896,0.025577
0.021883,0.044354,0.027296
0.022080,0.044061,0.027329
0.025193,0.042720,0.025785
0.026105,0.044256,0.027491
0.027346,0.043927,0.028064
0.028390,0.046619,0.026758
0.030606,0.044156,0.025658
0.033587,0.043281,0.028924
0.035358,0.044137,0.027872
0.036501,0.045173,0.026761
0.036075,0.044998,0.027582
0.037674,0.043199,0.028816
0.038680,0.041771,0.026359
0.039299,0.042244,0.025852
0.041987,0.044334,0.027618
0.040219,0.043752,0.025892
0.044201,0.043250,0.025500
0.045149,0.045461,0.025871
0.046882,0.043909,0.024948
0.050198,0.042836,0.025004
0.051112,0.044873,0.028524
0.051359,0.043177,0.023794
0.053473,0.043935,0.027130
0.053324,0.044214,0.026291
0.055980,0.045364,0.023219
0.057581,0.043857,0.024192
0.060127,0.042330,0.023715
0.057908,0.042590,0.022256
0.061497,0.043633,0.023430
0.061809,0.044223,0.022564
0.063784,0.042010,0.020782
0.066252,0.042134,0.023300
0.068337,0.043408,0.021228
0.069474,0.044712,0.019124
0.069317,0.043449,0.020873
0.071605,0.042997,0.020920
0.071974,0.045974,0.019361
0.073185,0.043872,0.018707
0.074451,0.042268,0.018173
0.075911,0.043834,0.016800
0.077364,0.041888,0.017515
0.079859,0.042022,0.015630
0.079612,0.043862,0.016839
0.080522,0.043681,0.014927
0.082544,0.044303,0.014786
0.082927,0.042339,0.014776
0.085259,0.045166,0.013570
0.086676,0.042465,0.011526
0.088259,0.043380,0.009012
0.091065,0.044875,0.011036
0.092499,0.043720,0.008683
0.093976,0.043447,0.009579
0.096022,0.044484,0.007958
0.095798,0.042464,0.006740
0.098008,0.045276,0.006241
0.098105,0.042951,0.005275
0.099977,0.043495,0.004265
0.101517,0.043842,0.003556
0.102953,0.040948,0.002465
0.105063,0.043122,-0.001567
0.105019,0.039432,-0.000908
0.107345,0.042644,-0.001222
0.107998,0.042234,-0.003501
0.109652,0.041247,-0.005061
0.111734,0.039475,-0.005466
0.113819,0.043147,-0.006912
0.113632,0.042913,-0.009496
0.114799,0.043487,-0.008694
0.116532,0.042232,-0.011477
0.118013,0.041402,-0.012364
0.121658,0.041616,-0.012451
0.120554,0.041364,-0.015981
0.123651,0.041235,-0.016213
0.124399,0.042526,-0.015874
0.125984,0.043496,-0.017246
0.127121,0.041756,-0.018444
0.127631,0.043106,-0.017953
0.130334,0.041907,-0.018435
0.130417,0.041687,-0.022112
0.133135,0.041455,-0.021008
0.133722,0.042188,-0.022021
0.136990,0.042477,-0.022452
0.137161,0.040864,-0.024922
0.137183,0.043153,-0.028140
0.140158,0.041007,-0.026941
0.142972,0.042660,-0.027038
0.141650,0.043194,-0.028510
0.146771,0.040282,-0.029098
0.146594,0.041788,-0.028778
0.148036,0.040876,-0.027524
0.147381,0.040320,-0.030671
0.149643,0.042496,-0.030522
0.151904,0.042028,-0.033468
0.153062,0.041918,-0.032502
0.155882,0.041509,-0.031934
0.156800,0.042419,-0.032805
0.157416,0.042264,-0.034557
0.158318,0.042048,-0.034090
0.159205,0.041241,-0.036627
0.159610,0.041661,-0.035662
0.164919,0.039483,-0.036436
0.165827,0.042312,-0.036789
0.164478,0.042911,-0.039233
0.168002,0.041387,-0.039069
0.169026,0.040883,-0.041743
0.171437,0.043090,-0.040369
0.172756,0.040044,-0.044086
0.173588,0.040080,-0.042821
0.174263,0.041856,-0.045420
0.175229,0.039046,-0.046864
0.178827,0.042211,-0.050375
0.178697,0.040671,-0.051081
0.179231,0.042262,-0.050126
0.181835,0.041191,-0.053615
0.183449,0.041020,-0.054619
0.184543,0.041699,-0.056744
0.188322,0.041760,-0.057953
0.188705,0.041043,-0.062983
0.190329,0.040006,-0.065954
0.191580,0.040630,-0.067605
0.193226,0.039011,-0.071137
0.195302,0.038463,-0.080891
-0.093606,0.044119,-0.035203
-0.092278,0.044788,-0.030669
-0.091191,0.045329,-0.025970
-0.089004,0.044056,-0.020786
-0.087170,0.046095,-0.016798
-0.085623,0.043062,-0.011946
-0.086347,0.045157,-0.011250
-0.081584,0.043959,-0.008549
-0.082958,0.046287,-0.006187
-0.081601,0.045168,-0.005444
-0.079146,0.045665,-0.002667
-0.078615,0.043400,0.003089
-0.075490,0.044815,0.002831
-0.076022,0.043542,0.003520
-0.073949,0.043892,0.004581
-0.073287,0.044315,0.008236
-0.069409,0.044737,0.009164
-0.068795,0.044792,0.008797
-0.067898,0.044998,0.011297
-0.065477,0.046620,0.014958
-0.063685,0.044559,0.016051
-0.063526,0.045001,0.015507
-0.061936,0.044871,0.017421
-0.060883,0.044816,0.016823
-0.058229,0.043541,0.017554
-0.057172,0.042988,0.017497
-0.055321,0.043958,0.018924
-0.055359,0.045679,0.020132
-0.051278,0.046629,0.019296
-0.053953,0.046713,0.020359
-0.051385,0.044058,0.021950
-0.048326,0.044802,0.019037
-0.047481,0.045949,0.020619
-0.048913,0.046593,0.020819
-0.045206,0.044987,0.021921
-0.043738,0.043312,0.023152
-0.043007,0.042866,0.024566
-0.042272,0.045397,0.023124
-0.038071,0.045343,0.023168
-0.036483,0.045024,0.022467
-0.037197,0.046769,0.022028
-0.036295,0.044882,0.022160
-0.033235,0.044857,0.026006
-0.032741,0.044196,0.024588
-0.032484,0.044638,0.023483
-0.027476,0.045046,0.024507
-0.028811,0.044842,0.024967
-0.027287,0.044562,0.024401
-0.027502,0.045881,0.023504
-0.022923,0.044512,0.023515
-0.023328,0.045953,0.021604
-0.021441,0.045233,0.021812
-0.020169,0.045600,0.022646
-0.018988,0.045686,0.023722
-0.017601,0.043851,0.021157
-0.016664,0.044106,0.022832
-0.016671,0.045961,0.020840
-0.014935,0.044800,0.022241
-0.012628,0.044456,0.023564
-0.010075,0.044899,0.021528
-0.008269,0.045457,0.020903
-0.008721,0.046742,0.023534
-0.006441,0.044389,0.020018
-0.004698,0.046552,0.021552
-0.005527,0.046789,0.024842
-0.000712,0.043827,0.021482
-0.001518,0.044758,0.022213
0.001496,0.043027,0.024469
0.002429,0.045271,0.022190
0.003017,0.044247,0.023746
0.004158,0.044932,0.024191
0.007748,0.045956,0.024950
0.008137,0.047142,0.024347
0.008701,0.043903,0.023367
0.009799,0.045151,0.027601
0.013542,0.044715,0.024392
0.013808,0.046622,0.026025
0.014822,0.044261,0.025781
0.015814,0.044632,0.026477
0.018525,0.044739,0.025034
0.018624,0.044336,0.026215
0.020560,0.044272,0.028050
0.020928,0.043894,0.026423
0.023000,0.045023,0.027624
0.023861,0.046530,0.026305
0.023518,0.046572,0.027244
0.025675,0.046596,0.026791
0.028679,0.045035,0.026503
0.029629,0.045908,0.026811
0.030755,0.044191,0.026906
0.031940,0.045419,0.026808
0.033672,0.045164,0.026859
0.034285,0.045166,0.025888
0.036426,0.045417,0.026452
0.038083,0.045755,0.026167
0.041332,0.043465,0.028560
0.039864,0.045808,0.024586
0.042266,0.044484,0.026156
0.042670,0.046053,0.023951
0.045312,0.045742,0.026821
0.046145,0.045822,0.024521
0.046351,0.045344,0.026556
0.048964,0.043724,0.027337
0.051427,0.044870,0.027381
0.051284,0.042381,0.026421
0.052852,0.045761,0.026395
0.053350,0.044687,0.024549
0.055499,0.045099,0.023701
0.058068,0.045399,0.023117
0.056761,0.046204,0.022986
0.060593,0.043715,0.024564
0.063214,0.045927,0.023984
0.061800,0.045649,0.022805
0.063691,0.045793,0.021766
0.065824,0.046746,0.021639
0.066418,0.043573,0.018953
0.066814,0.044896,0.021268
0.069882,0.046928,0.021731
0.067107,0.044670,0.019324
0.070682,0.044192,0.017880
0.074230,0.045759,0.018522
0.075390,0.043328,0.017938
0.075653,0.044676,0.016015
0.076726,0.043437,0.018427
0.078524,0.045817,0.019461
0.078852,0.046256,0.016820
0.082693,0.044541,0.014432
0.081882,0.045413,0.015014
0.086846,0.045591,0.015250
0.086059,0.043402,0.013771
0.087566,0.044861,0.012474
0.089686,0.044195,0.011196
0.090127,0.044182,0.011276
0.090671,0.044068,0.008621
0.091935,0.044771,0.009040
0.093912,0.044966,0.008327
0.095394,0.045704,0.006009
0.097577,0.043372,0.007042
0.098039,0.045233,0.005636
0.097505,0.044679,0.005094
0.101623,0.043571,0.002853
0.101402,0.042681,-0.000559
0.104431,0.043281,-0.000051
0.107742,0.045236,0.001400
0.106711,0.045679,-0.001341
0.108344,0.043937,-0.001241
0.109464,0.045369,-0.004086
0.112081,0.044507,-0.003742
0.114704,0.044560,-0.006365
0.113382,0.044113,-0.007548
0.115757,0.045005,-0.007721
0.118976,0.043888,-0.010623
0.119955,0.043903,-0.010772
0.119226,0.043479,-0.013031
0.120376,0.045556,-0.013029
0.124427,0.041929,-0.017097
0.125125,0.043540,-0.014861
0.126249,0.043944,-0.018380
0.125800,0.042500,-0.017767
0.128154,0.042945,-0.019924
0.131817,0.043827,-0.019924
0.132328,0.043830,-0.018493
0.134296,0.044454,-0.022869
0.134339,0.042915,-0.023418
0.135242,0.043062,-0.022011
0.136273,0.042345,-0.024202
0.137696,0.043554,-0.025519
0.137739,0.044024,-0.026320
0.140494,0.043093,-0.028180
0.142960,0.043799,-0.027728
0.144286,0.045308,-0.027761
0.145856,0.045993,-0.030416
0.148281,0.043244,-0.030083
0.150539,0.045361,-0.028540
0.150043,0.044229,-0.030306
0.150086,0.044492,-0.030454
0.152731,0.043151,-0.031900
0.155115,0.046114,-0.032154
0.157726,0.043121,-0.032033
0.158472,0.044415,-0.033611
0.160379,0.042471,-0.034712
0.158337,0.043200,-0.035783
0.159680,0.044295,-0.034994
0.163873,0.041130,-0.035432
0.163503,0.042677,-0.035649
0.166575,0.042765,-0.037263
0.166003,0.042226,-0.038233
0.170490,0.042338,-0.039812
0.170847,0.044222,-0.038544
0.171988,0.043827,-0.042117
0.173267,0.042024,-0.043447
0.174699,0.043481,-0.045360
0.176031,0.044748,-0.046225
0.179743,0.042612,-0.048164
0.179107,0.041215,-0.049632
0.182121,0.041729,-0.051350
0.181690,0.041558,-0.051529
0.181973,0.041353,-0.053229
0.186162,0.041683,-0.056549
0.187675,0.040209,-0.061579
0.187697,0.043346,-0.063265
0.188255,0.042002,-0.068320
0.191846,0.042223,-0.070862
0.194704,0.042972,-0.073615
0.195362,0.041598,-0.089711
-0.093133,0.044764,-0.037666
-0.092893,0.043162,-0.032550
-0.090737,0.045264,-0.027365
-0.089714,0.045363,-0.020880
-0.085952,0.043400,-0.014851
-0.087706,0.044524,-0.013904
-0.084862,0.044619,-0.012021
-0.082389,0.044973,-0.007604
-0.080457,0.047118,-0.004375
-0.082353,0.047224,-0.003441
-0.078141,0.047038,-0.000376
-0.077607,0.044439,0.000420
-0.076932,0.045547,0.005764
-0.073722,0.046896,0.003766
-0.072897,0.044819,0.005789
-0.071786,0.046100,0.008097
-0.072001,0.046071,0.008656
-0.069989,0.046328,0.009483
-0.069744,0.046667,0.013615
-0.067862,0.046162,0.012850
-0.064658,0.047333,0.016022
-0.065320,0.046397,0.014933
-0.062762,0.045262,0.018222
-0.060229,0.046078,0.017476
-0.059855,0.046376,0.017462
-0.056804,0.045614,0.018210
-0.054713,0.046616,0.015874
-0.054487,0.047237,0.018551
-0.053987,0.045936,0.020771
-0.050650,0.045141,0.020533
-0.050176,0.046103,0.020742
-0.048822,0.046560,0.020749
-0.048840,0.047230,0.020681
-0.046760,0.045055,0.021540
-0.044440,0.046668,0.023800
-0.042299,0.047371,0.022775
-0.043047,0.046234,0.022812
-0.041012,0.047140,0.022738
-0.040631,0.046050,0.023609
-0.037653,0.047762,0.023856
-0.037007,0.045204,0.023029
-0.035452,0.046994,0.023014
-0.036175,0.046932,0.022443
-0.031210,0.048770,0.024175
-0.031582,0.047519,0.024587
-0.029901,0.046659,0.026023
-0.028569,0.046849,0.022847
-0.026075,0.046568,0.024600
-0.026281,0.048770,0.022116
-0.024218,0.046208,0.021766
-0.022588,0.045661,0.022920
-0.021672,0.045919,0.022373
-0.020868,0.047522,0.023515
-0.019225,0.047701,0.022189
-0.017755,0.046097,0.023263
-0.014786,0.047682,0.023086
-0.012990,0.047210,0.021157
-0.013908,0.046671,0.022669
-0.011142,0.046660,0.022725
-0.010606,0.047725,0.023600
-0.010274,0.047341,0.022956
-0.008300,0.045535,0.022499
-0.006322,0.046138,0.022273
-0.003666,0.047222,0.023947
-0.003435,0.048098,0.022110
-0.001194,0.047344,0.023838
-0.002166,0.047631,0.023753
0.000351,0.046032,0.023919
0.001096,0.046691,0.023529
0.003691,0.048434,0.025020
0.004294,0.045571,0.025405
0.005349,0.045442,0.025630
0.007273,0.045645,0.025825
0.007696,0.045926,0.025545
0.010485,0.047185,0.026552
0.011879,0.047900,0.025807
0.013293,0.045789,0.025303
0.012598,0.047634,0.025600
0.016004,0.046618,0.027113
0.016163,0.046200,0.026636
0.018987,0.048200,0.027146
0.019778,0.046942,0.026575
0.021384,0.047901,0.028134
0.022222,0.047001,0.024960
0.022982,0.048437,0.026653
0.024549,0.046517,0.027355
0.024952,0.045277,0.026361
0.028761,0.047411,0.028043
0.031843,0.047561,0.028424
0.029823,0.045085,0.028515
0.032690,0.046461,0.028594
0.034396,0.044708,0.028708
0.036510,0.046259,0.027493
0.035616,0.044854,0.028483
0.036659,0.045789,0.026517
0.040501,0.046237,0.027320
0.040501,0.046995,0.027415
0.041512,0.046798,0.026724
0.044392,0.046186,0.027295
0.044638,0.047224,0.025137
0.045879,0.046584,0.026507
0.046440,0.046433,0.027665
0.048337,0.046556,0.026636
0.049883,0.047645,0.027642
0.050755,0.047219,0.027163
0.054676,0.047727,0.026964
0.053363,0.047914,0.024496
0.055616,0.045932,0.024199
0.057611,0.046319,0.025214
0.058104,0.045320,0.025548
0.059976,0.048530,0.025285
0.060620,0.045514,0.024179
0.061730,0.046435,0.025599
0.064046,0.046075,0.022735
0.065630,0.046965,0.023089
0.065930,0.048373,0.021731
0.068446,0.047187,0.021932
0.069285,0.046891,0.021098
0.071212,0.048449,0.020993
0.073568,0.047138,0.020017
0.072408,0.046875,0.019321
0.073816,0.045622,0.019198
0.077344,0.046215,0.019589
0.079569,0.046342,0.018914
0.077567,0.046381,0.017284
0.081416,0.046118,0.017905
0.082538,0.045806,0.015674
0.083808,0.046049,0.013023
0.085501,0.046155,0.015160
0.084518,0.046776,0.013112
0.086305,0.048643,0.014950
0.088831,0.045896,0.012411
0.090061,0.046538,0.011232
0.090652,0.047608,0.010740
0.093322,0.047030,0.010713
0.094786,0.047389,0.009489
0.095707,0.048316,0.008592
0.098556,0.046568,0.006568
0.098636,0.045629,0.007740
0.098420,0.045700,0.004643
0.101354,0.046652,0.004288
0.103212,0.045739,0.004001
0.105449,0.045848,0.002718
0.106990,0.044813,0.000895
0.108475,0.044939,-0.000880
0.108388,0.045946,-0.001236
0.109795,0.046278,0.000548
0.109310,0.043987,-0.004759
0.112498,0.045243,-0.005529
0.115134,0.044219,-0.006484
0.116244,0.045513,-0.007898
0.115927,0.046002,-0.009315
0.118719,0.045407,-0.009488
0.119888,0.046564,-0.011802
0.120768,0.045290,-0.012388
0.123040,0.045964,-0.014799
0.125231,0.045999,-0.016008
0.125906,0.048536,-0.016498
0.127895,0.045535,-0.018963
0.126737,0.046390,-0.018571
0.130929,0.045648,-0.020448
0.130960,0.046281,-0.019424
0.132518,0.046058,-0.022883
0.133847,0.046205,-0.021644
0.135939,0.044949,-0.024813
0.137620,0.044537,-0.024257
0.137215,0.043632,-0.025744
0.141017,0.045022,-0.024879
0.140748,0.044511,-0.025811
0.142645,0.046003,-0.027031
0.144181,0.045583,-0.025294
0.146171,0.044441,-0.029171
0.147828,0.044049,-0.028693
0.148033,0.046814,-0.028873
0.150679,0.044492,-0.031126
0.151406,0.045153,-0.031280
0.153768,0.043150,-0.032098
0.152751,0.046751,-0.031547
0.155053,0.044034,-0.033651
0.157572,0.044033,-0.033294
0.157112,0.044496,-0.036052
0.159210,0.043871,-0.035235
0.159823,0.044384,-0.036042
0.164549,0.044509,-0.038434
0.164603,0.042282,-0.039096
0.165783,0.044967,-0.039992
0.169350,0.045015,-0.039015
0.168576,0.044815,-0.040920
0.171264,0.044688,-0.039377
0.169856,0.045850,-0.041228
0.173626,0.045402,-0.042386
0.174593,0.043821,-0.045927
0.176652,0.045281,-0.046434
0.178919,0.044959,-0.049750
0.178964,0.044611,-0.050014
0.181860,0.043912,-0.049758
0.180884,0.043108,-0.052329
0.182554,0.044004,-0.052925
0.185175,0.044345,-0.056540
0.184267,0.043545,-0.060423
0.188161,0.044314,-0.064662
0.190570,0.043191,-0.066676
0.192412,0.043499,-0.070430
0.193897,0.044272,-0.079619
-0.094020,0.048329,-0.036970
-0.090967,0.046275,-0.032307
-0.091337,0.047186,-0.027853
-0.089322,0.047483,-0.021783
-0.089281,0.046468,-0.014548
-0.087589,0.046055,-0.013455
-0.084041,0.046487,-0.008964
-0.082316,0.047919,-0.007521
-0.081781,0.044929,-0.003681
-0.080451,0.046598,-0.004253
-0.078456,0.047554,0.001403
-0.076370,0.047212,0.003583
-0.076816,0.047829,0.002909
-0.075421,0.048405,0.005671
-0.074430,0.048104,0.005872
-0.070921,0.048268,0.007149
-0.071239,0.048684,0.009952
-0.068611,0.046350,0.009193
-0.065810,0.048700,0.011627
-0.067915,0.048797,0.013633
-0.063669,0.048260,0.015274
-0.063474,0.048635,0.016827
-0.064287,0.048063,0.015994
-0.060067,0.047972,0.017822
-0.058228,0.047689,0.016706
-0.057044,0.049586,0.017561
-0.057113,0.047827,0.019151
-0.056293,0.049896,0.020409
-0.054455,0.047034,0.018470
-0.051385,0.047619,0.019209
-0.050524,0.049820,0.020737
-0.048967,0.047574,0.023559
-0.047876,0.047990,0.023512
-0.045856,0.049379,0.021323
-0.044911,0.048352,0.023168
-0.044744,0.047850,0.023026
-0.043161,0.047597,0.023814
-0.040310,0.048922,0.022344
-0.039914,0.046349,0.022025
-0.038560,0.050664,0.024894
-0.038102,0.049222,0.022453
-0.034750,0.048200,0.023431
-0.034378,0.046872,0.023773
-0.032933,0.046695,0.022078
-0.030948,0.049174,0.026439
-0.029927,0.048285,0.024354
-0.029026,0.049376,0.024777
-0.027473,0.047186,0.023722
-0.026459,0.049267,0.022026
-0.024066,0.048423,0.023213
-0.022487,0.046537,0.023222
-0.020260,0.046671,0.022253
-0.019218,0.049653,0.023892
-0.018248,0.049849,0.023398
-0.016911,0.047413,0.021070
-0.015259,0.047656,0.023750
-0.014049,0.049114,0.022147
-0.011683,0.049046,0.022256
-0.012640,0.047426,0.022661
-0.010707,0.047166,0.021665
-0.009511,0.048116,0.022464
-0.007810,0.048942,0.022999
-0.006987,0.046871,0.023233
-0.006018,0.048404,0.022435
-0.004991,0.047521,0.022828
-0.003396,0.048827,0.025481
-0.002106,0.048195,0.023462
0.001074,0.046296,0.023571
0.003123,0.048012,0.023456
0.003847,0.048972,0.025179
0.003251,0.047689,0.024794
0.007625,0.048419,0.023122
0.005433,0.048944,0.024965
0.007738,0.046988,0.024801
0.009655,0.049534,0.027061
0.011366,0.048068,0.025897
0.012239,0.048054,0.028798
0.013029,0.048680,0.028118
0.016131,0.047292,0.027708
0.019225,0.047974,0.026528
0.019197,0.048136,0.028984
0.019327,0.047617,0.029176
0.020599,0.048870,0.028878
0.022469,0.050056,0.029206
0.023722,0.047963,0.029299
0.023482,0.047149,0.027625
0.025873,0.048430,0.026894
0.029115,0.049791,0.027988
0.028449,0.048826,0.028396
0.031462,0.049846,0.027201
0.031582,0.048483,0.029692
0.032780,0.049478,0.029423
0.034883,0.047965,0.028791
0.036351,0.047676,0.027484
0.038372,0.047595,0.028602
0.040326,0.046292,0.027760
0.041057,0.047996,0.027216
0.040376,0.048130,0.027555
0.040925,0.047799,0.028607
0.043963,0.047985,0.029638
0.047522,0.048447,0.026829
0.047027,0.049649,0.027548
0.048235,0.050103,0.027156
0.047783,0.045854,0.026908
0.051757,0.048018,0.026853
0.055599,0.048378,0.027225
0.055376,0.049856,0.025430
0.056806,0.046769,0.026199
0.056381,0.048434,0.024587
0.057710,0.047486,0.026369
0.059593,0.049873,0.023169
0.061040,0.047344,0.023113
0.061135,0.047611,0.024854
0.063145,0.048713,0.024901
0.065283,0.047889,0.022540
0.067584,0.048973,0.022577
0.067435,0.047723,0.022451
0.069918,0.047105,0.022036
0.071435,0.047575,0.020168
0.072780,0.050700,0.022784
0.073553,0.048603,0.019484
0.073814,0.047689,0.019540
0.077945,0.047978,0.017783
0.077232,0.048051,0.018535
0.079473,0.046852,0.019603
0.078982,0.048233,0.017310
0.081439,0.045911,0.015533
0.083095,0.047732,0.013607
0.084963,0.048875,0.016186
0.086910,0.048993,0.015199
0.086388,0.047992,0.014810
0.091154,0.048049,0.012552
0.091578,0.047906,0.013414
0.092761,0.049979,0.011770
0.092782,0.047311,0.009699
0.094949,0.046998,0.011300
0.096186,0.047521,0.008384
0.096640,0.048914,0.007104
0.097913,0.046652,0.005284
0.100788,0.047689,0.004381
0.101917,0.047759,0.003865
0.104771,0.047963,0.002200
0.105025,0.048302,0.001465
0.104810,0.046845,-0.000558
0.108413,0.048956,-0.001755
0.109398,0.047146,-0.002059
0.109045,0.047653,-0.003767
0.111612,0.047289,-0.003296
0.111123,0.047642,-0.003321
0.114191,0.047150,-0.007852
0.116469,0.047502,-0.007320
0.116084,0.045608,-0.010245
0.118793,0.047534,-0.009796
0.120723,0.047686,-0.011824
0.121227,0.046598,-0.013866
0.121633,0.046933,-0.014205
0.125373,0.047439,-0.016963
0.125061,0.045198,-0.015722
0.126076,0.047315,-0.019110
0.128131,0.047810,-0.018787
0.129637,0.045431,-0.019701
0.131481,0.047261,-0.020555
0.133394,0.046287,-0.021068
0.133596,0.047161,-0.024315
0.136043,0.046887,-0.022988
0.137211,0.045668,-0.026135
0.139779,0.046178,-0.024224
0.139123,0.046993,-0.026559
0.141461,0.047642,-0.026412
0.142259,0.047217,-0.027295
0.144153,0.046068,-0.026510
0.146133,0.046318,-0.030091
0.146997,0.044958,-0.029098
0.147763,0.044471,-0.031294
0.152020,0.043383,-0.030258
0.153202,0.048530,-0.029078
0.154993,0.044284,-0.031773
0.155861,0.046955,-0.032437
0.156251,0.044569,-0.031730
0.158470,0.046348,-0.032991
0.159159,0.046882,-0.033232
0.162618,0.045901,-0.036193
0.160770,0.046764,-0.035114
0.163022,0.046575,-0.036243
0.163025,0.047116,-0.036258
0.165171,0.046873,-0.038978
0.168536,0.047612,-0.039846
0.169653,0.045376,-0.038827
0.169413,0.047099,-0.040868
0.172163,0.044567,-0.043420
0.171328,0.044492,-0.043076
0.173807,0.046670,-0.046067
0.176892,0.044881,-0.046236
0.177059,0.045414,-0.048350
0.179135,0.044818,-0.050953
0.181113,0.045383,-0.050894
0.182102,0.045770,-0.053717
0.182839,0.045195,-0.053714
0.185559,0.047883,-0.057545
0.187056,0.045157,-0.062846
0.187546,0.046108,-0.065893
0.188342,0.045792,-0.066625
0.192835,0.045856,-0.071103
0.194372,0.043423,-0.085141
-0.094256,0.049924,-0.036229
-0.093607,0.047247,-0.030397
-0.091199,0.049272,-0.026401
-0.088894,0.046503,-0.020585
-0.088755,0.048898,-0.016864
-0.086229,0.050706,-0.013610
-0.084771,0.050832,-0.010063
-0.083462,0.048476,-0.008188
-0.081685,0.049490,-0.004327
-0.080500,0.047236,-0.002215
-0.077026,0.049464,0.001258
-0.077510,0.048867,0.002719
-0.077104,0.049584,0.003849
-0.075840,0.050041,0.006376
-0.072966,0.049901,0.005636
-0.070256,0.049432,0.007754
-0.070008,0.049543,0.008759
-0.068225,0.049334,0.012263
-0.067030,0.048807,0.012029
-0.065359,0.050309,0.013425
-0.065430,0.050323,0.013641
-0.063930,0.051433,0.015567
-0.061240,0.050599,0.017112
-0.061366,0.050076,0.017542
-0.058651,0.049247,0.018286
-0.057767,0.049827,0.019430
-0.055874,0.050052,0.019385
-0.055710,0.049567,0.020507
-0.054457,0.049902,0.020716
-0.051378,0.049513,0.021877
-0.051559,0.050050,0.021519
-0.047795,0.050627,0.023820
-0.046482,0.051130,0.021714
-0.047733,0.051676,0.023482
-0.043438,0.050201,0.024435
-0.043114,0.049091,0.023584
-0.042567,0.049554,0.024458
-0.039989,0.051036,0.024078
-0.038709,0.050974,0.021642
-0.037464,0.050167,0.024673
-0.038708,0.049639,0.022936
-0.035442,0.050415,0.024315
-0.033423,0.047876,0.023639
-0.032248,0.049166,0.023502
-0.030799,0.051061,0.024866
-0.028662,0.050162,0.021910
-0.027931,0.050583,0.025549
-0.025973,0.050400,0.024885
-0.026045,0.048670,0.024602
-0.023616,0.050261,0.025229
-0.023063,0.050119,0.021796
-0.022541,0.049351,0.023861
-0.019242,0.050727,0.022846
-0.018672,0.049263,0.023555
-0.016998,0.050172,0.024091
-0.014701,0.050273,0.022276
-0.014538,0.050710,0.022411
-0.014937,0.052600,0.022963
-0.012060,0.050369,0.023594
-0.010464,0.051441,0.025208
-0.009079,0.050923,0.022620
-0.008185,0.050953,0.024419
-0.008038,0.049601,0.023543
-0.005181,0.050558,0.024795
-0.004436,0.050274,0.024971
-0.001279,0.052021,0.024243
-0.001247,0.048969,0.023133
0.002019,0.050233,0.025039
0.003175,0.049957,0.026278
0.001888,0.049817,0.022866
0.003815,0.051834,0.027254
0.004661,0.051655,0.027265
0.007636,0.049133,0.026309
0.007257,0.049284,0.026817
0.011087,0.050479,0.025644
0.011721,0.051513,0.027424
0.013956,0.051801,0.027966
0.013638,0.049965,0.026836
0.014334,0.049487,0.029022
0.017545,0.051949,0.025300
0.018836,0.050902,0.026889
0.020780,0.049251,0.027254
0.022523,0.050102,0.029343
0.023459,0.050129,0.029353
0.022905,0.049254,0.026150
0.024429,0.048728,0.028119
0.025980,0.050985,0.027736
0.027762,0.050529,0.028329
0.028754,0.049382,0.030043
0.031191,0.048829,0.029050
0.032223,0.051677,0.029784
0.031991,0.049568,0.028982
0.034795,0.050179,0.030267
0.035437,0.050099,0.027986
0.037736,0.051401,0.030423
0.038643,0.049642,0.028626
0.039823,0.050571,0.027672
0.042364,0.047384,0.028335
0.043473,0.048451,0.028622
0.044899,0.050907,0.029489
0.044108,0.050860,0.028818
0.047645,0.049129,0.027876
0.048975,0.050276,0.028776
0.050102,0.050191,0.027610
0.051646,0.049192,0.028726
0.052359,0.050762,0.026986
0.054592,0.050980,0.025988
0.057293,0.051064,0.025895
0.056086,0.050360,0.025248
0.058932,0.050114,0.025690
0.059536,0.049279,0.025524
0.059657,0.051671,0.025162
0.062974,0.049527,0.026321
0.062538,0.051739,0.024043
0.064402,0.051688,0.023209
0.067988,0.050150,0.022658
0.067080,0.049003,0.022906
0.068518,0.050341,0.023088
0.068853,0.051022,0.020482
0.071450,0.050497,0.022120
0.073737,0.048007,0.020440
0.075805,0.048671,0.019836
0.075955,0.049638,0.019773
0.078596,0.050504,0.018821
0.078697,0.048619,0.018491
0.081546,0.049995,0.015817
0.080732,0.048110,0.015268
0.081987,0.051028,0.015309
0.084596,0.049633,0.015584
0.084704,0.049578,0.016413
0.087889,0.050757,0.015695
0.089399,0.048733,0.014213
0.089688,0.048787,0.013291
0.091316,0.050431,0.012380
0.092062,0.049338,0.012045
0.094428,0.049868,0.012262
0.097511,0.050265,0.010007
0.097580,0.048392,0.008636
0.097156,0.049335,0.006464
0.099990,0.049658,0.007637
0.102517,0.049563,0.005465
0.102107,0.047458,0.002783
0.103348,0.049533,0.002564
0.106465,0.050274,0.001856
0.107847,0.047571,0.000980
0.107368,0.047168,-0.001180
0.111747,0.049845,-0.002284
0.110750,0.049188,-0.001663
0.112929,0.049195,-0.003483
0.115368,0.048132,-0.004833
0.113138,0.049131,-0.007134
0.116483,0.049158,-0.009025
0.118726,0.048552,-0.009335
0.121888,0.048868,-0.011505
0.122594,0.049210,-0.012931
0.122697,0.048179,-0.014470
0.126049,0.048913,-0.015110
0.128049,0.048775,-0.014711
0.127142,0.049255,-0.018090
0.128276,0.048428,-0.018033
0.130702,0.048531,-0.018935
0.131398,0.048640,-0.022049
0.132121,0.049092,-0.022404
0.134160,0.048465,-0.022937
0.136277,0.048679,-0.022535
0.135148,0.049820,-0.024782
0.139524,0.048752,-0.025261
0.138527,0.047263,-0.024206
0.142145,0.048752,-0.025746
0.140513,0.046538,-0.025906
0.144881,0.047692,-0.026862
0.144689,0.048433,-0.028579
0.147006,0.048773,-0.026849
0.150074,0.047764,-0.029165
0.151650,0.047894,-0.030753
0.153432,0.047008,-0.030965
0.151491,0.048222,-0.031453
0.154647,0.047456,-0.032418
0.155348,0.046792,-0.031587
0.157803,0.047804,-0.032095
0.158801,0.046588,-0.033064
0.160657,0.048454,-0.034799
0.160903,0.047454,-0.035602
0.163569,0.048696,-0.037589
0.162873,0.047688,-0.036176
0.165418,0.047846,-0.037073
0.164994,0.049494,-0.038238
0.169602,0.046866,-0.038687
0.168413,0.046216,-0.040668
0.171375,0.046691,-0.042049
0.173545,0.048176,-0.043626
0.174908,0.048744,-0.045640
0.176489,0.047276,-0.046176
0.178740,0.046504,-0.048257
0.178283,0.048437,-0.050702
0.181618,0.049427,-0.050948
0.180569,0.046027,-0.052257
0.185172,0.048094,-0.056387
0.187638,0.046349,-0.060180
0.187032,0.045616,-0.064730
0.188000,0.047647,-0.065861
0.193123,0.045474,-0.068964
0.193111,0.044472,-0.075276
0.194206,0.047074,-0.090294
-0.094476,0.049588,-0.036805
-0.092025,0.050405,-0.031550
-0.092515,0.048574,-0.025867
-0.089024,0.050671,-0.019588
-0.087502,0.049760,-0.014326
-0.086927,0.050260,-0.011566
-0.084447,0.050983,-0.010848
-0.084002,0.049890,-0.008867
-0.080704,0.050291,-0.003751
-0.079936,0.049970,-0.000574
-0.079861,0.050554,0.000170
-0.076611,0.050197,0.002617
-0.074315,0.049856,0.005009
-0.076014,0.052086,0.006599
-0.071517,0.051498,0.006839
-0.071477,0.051152,0.009248
-0.069496,0.049811,0.010835
-0.067520,0.051614,0.011678
-0.068228,0.052215,0.012934
-0.064446,0.051269,0.014210
-0.066352,0.050795,0.015582
-0.062162,0.049530,0.014949
-0.059647,0.049299,0.017469
-0.059107,0.049378,0.017362
-0.056960,0.050345,0.018825
-0.057913,0.049661,0.017405
-0.055639,0.050451,0.018825
-0.055912,0.051341,0.019166
-0.053730,0.050401,0.020697
-0.052680,0.050304,0.021131
-0.050853,0.051301,0.022153
-0.048156,0.050903,0.023631
-0.048171,0.051523,0.023477
-0.045348,0.051708,0.023151
-0.043079,0.051374,0.023324
-0.043544,0.049393,0.023438
-0.041358,0.051931,0.024773
-0.039020,0.051846,0.023905
-0.040442,0.051881,0.023884
-0.040505,0.052078,0.024085
-0.035943,0.051140,0.025514
-0.036544,0.051246,0.024798
-0.032973,0.052395,0.025192
-0.033142,0.051912,0.025446
-0.032639,0.052455,0.026396
-0.029847,0.050837,0.025446
-0.026978,0.051267,0.026073
-0.026132,0.052290,0.026032
-0.026072,0.052582,0.025566
-0.024397,0.049952,0.026443
-0.023391,0.051927,0.026683
-0.021403,0.053014,0.023511
-0.021223,0.050848,0.024939
-0.018478,0.052080,0.024078
-0.017744,0.051711,0.023448
-0.015528,0.052698,0.022739
-0.014363,0.052367,0.022382
-0.014489,0.052574,0.023627
-0.011688,0.051116,0.024378
-0.009616,0.053531,0.022371
-0.008038,0.050785,0.026221
-0.007877,0.052633,0.022897
-0.004986,0.051925,0.023706
-0.004988,0.052969,0.023866
-0.003047,0.050949,0.024836
-0.001052,0.052253,0.025583
-0.001294,0.052612,0.026441
0.001407,0.050239,0.024329
0.000982,0.050948,0.025180
0.001787,0.049583,0.025185
0.005874,0.050068,0.025194
0.005660,0.051317,0.025949
0.007169,0.049856,0.027654
0.009460,0.050897,0.027056
0.010640,0.051825,0.026808
0.011187,0.050706,0.028376
0.013756,0.051891,0.027497
0.015773,0.050489,0.026467
0.015678,0.051911,0.027964
0.018796,0.050213,0.028864
0.017908,0.050379,0.029110
0.020094,0.054120,0.028535
0.020921,0.051910,0.029350
0.022142,0.051493,0.026991
0.022766,0.051874,0.028321
0.025203,0.051586,0.029283
0.027181,0.050486,0.028681
0.029739,0.051952,0.030690
0.030553,0.051595,0.029278
0.032070,0.051984,0.029609
0.032548,0.052280,0.028986
0.034828,0.053328,0.029852
0.035110,0.051116,0.030542
0.038436,0.052564,0.029303
0.039500,0.053314,0.030157
0.039778,0.050403,0.030061
0.041150,0.052711,0.028860
0.042227,0.051929,0.030969
0.044701,0.052513,0.027713
0.043964,0.053241,0.030495
0.044484,0.052556,0.029007
0.047086,0.050808,0.028876
0.048452,0.051938,0.027511
0.050512,0.051013,0.029202
0.052847,0.053751,0.028708
0.054074,0.051617,0.029107
0.051193,0.051254,0.026286
0.056125,0.051645,0.025601
0.056561,0.051808,0.027465
0.057880,0.052230,0.027249
0.056876,0.052013,0.026000
0.062333,0.051411,0.025851
0.063113,0.051714,0.023651
0.064629,0.052114,0.024787
0.065269,0.052116,0.026075
0.067045,0.050465,0.024493
0.070073,0.052085,0.023460
0.068739,0.050411,0.021809
0.071572,0.051219,0.022062
0.071015,0.051946,0.021697
0.074133,0.049659,0.022588
0.075853,0.051426,0.020473
0.075662,0.052201,0.020299
0.077839,0.051029,0.019771
0.079215,0.051583,0.019285
0.078821,0.051751,0.018520
0.082554,0.050019,0.019072
0.083504,0.052703,0.016367
0.084153,0.051786,0.015372
0.087540,0.052283,0.014570
0.088266,0.049789,0.016002
0.088663,0.051815,0.013980
0.092150,0.049952,0.014247
0.092131,0.049310,0.013076
0.092249,0.049337,0.010545
0.094882,0.052607,0.012053
0.096620,0.049308,0.009793
0.098187,0.051719,0.009823
0.099144,0.051173,0.007284
0.100251,0.050476,0.007970
0.101641,0.051225,0.006011
0.102480,0.051456,0.004060
0.104474,0.050554,0.003567
0.106209,0.049985,0.000603
0.104916,0.050869,0.001211
0.106315,0.048441,0.000093
0.110889,0.049381,-0.002240
0.109121,0.052009,-0.001828
0.110664,0.050995,-0.004876
0.115575,0.049755,-0.005484
0.117140,0.051157,-0.007410
0.116720,0.050772,-0.009092
0.117347,0.050192,-0.010360
0.118904,0.050089,-0.012803
0.119243,0.050223,-0.011137
0.122106,0.050582,-0.013787
0.122710,0.050560,-0.014286
0.127909,0.049131,-0.015887
0.127630,0.050022,-0.015933
0.127654,0.049718,-0.018062
0.130367,0.049258,-0.017649
0.131310,0.050899,-0.020454
0.132322,0.049617,-0.019852
0.134205,0.048106,-0.022528
0.136497,0.051086,-0.022301
0.138037,0.050343,-0.023006
0.138157,0.049117,-0.022690
0.141254,0.050412,-0.024945
0.143522,0.050257,-0.025677
0.141346,0.050612,-0.025967
0.144763,0.051316,-0.027499
0.145433,0.051269,-0.026793
0.149670,0.049584,-0.025019
0.150329,0.049891,-0.027422
0.148043,0.049894,-0.029807
0.150030,0.049062,-0.030296
0.151837,0.050773,-0.031040
0.154547,0.049732,-0.031499
0.156333,0.050829,-0.032749
0.155416,0.049485,-0.034569
0.158471,0.049791,-0.033477
0.160368,0.049787,-0.036193
0.162682,0.048014,-0.035986
0.161341,0.050161,-0.035031
0.165383,0.051101,-0.036427
0.165005,0.049670,-0.040100
0.168647,0.048779,-0.038990
0.167797,0.050507,-0.038884
0.169613,0.051028,-0.040456
0.172325,0.048137,-0.042794
0.172435,0.049349,-0.044552
0.172554,0.048888,-0.044717
0.177236,0.049243,-0.048926
0.177327,0.049831,-0.049214
0.177872,0.047678,-0.050883
0.182401,0.050427,-0.050816
0.182627,0.049987,-0.054057
0.183578,0.048329,-0.057234
0.185521,0.050619,-0.060082
0.186632,0.049500,-0.065226
0.187223,0.048652,-0.067132
0.189510,0.047623,-0.070089
0.191405,0.049622,-0.081418
-0.095304,0.052014,-0.038629
-0.094106,0.051198,-0.032837
-0.093064,0.051872,-0.023984
-0.090123,0.051887,-0.018627
-0.086371,0.050426,-0.014991
-0.085119,0.053503,-0.013290
-0.084580,0.052052,-0.010842
-0.083664,0.053265,-0.008288
-0.080921,0.053654,-0.004145
-0.082143,0.050987,-0.001737
-0.078567,0.052419,0.000895
-0.075711,0.053900,0.001616
-0.077746,0.052087,0.004160
-0.074680,0.052291,0.005999
-0.074147,0.053610,0.005978
-0.071633,0.050717,0.007361
-0.068708,0.050114,0.010399
-0.068952,0.052504,0.010483
-0.065224,0.051940,0.011850
-0.065902,0.052697,0.014762
-0.065093,0.052822,0.016294
-0.062018,0.053673,0.017281
-0.061688,0.051822,0.017540
-0.061487,0.052970,0.019972
-0.058738,0.053281,0.017983
-0.057049,0.052208,0.018993
-0.055038,0.052634,0.019018
-0.055019,0.053473,0.020943
-0.053877,0.052407,0.020802
-0.051859,0.052937,0.021437
-0.049340,0.052009,0.022007
-0.051407,0.051677,0.021845
-0.046685,0.052644,0.023797
-0.044773,0.053860,0.023219
-0.044741,0.052866,0.022089
-0.043539,0.053380,0.025910
-0.041146,0.053380,0.022244
-0.040274,0.052923,0.024343
-0.039232,0.052731,0.024107
-0.040012,0.053344,0.023210
-0.037407,0.053910,0.023927
-0.036750,0.054627,0.024013
-0.035391,0.053214,0.024637
-0.033734,0.054160,0.027043
-0.031220,0.053803,0.025013
-0.027297,0.051041,0.025458
-0.028918,0.052432,0.025694
-0.027362,0.052416,0.026003
-0.024882,0.053474,0.025275
-0.023228,0.054510,0.025545
-0.023484,0.053324,0.024562
-0.022909,0.053535,0.025646
-0.021969,0.052410,0.025464
-0.018853,0.054012,0.022591
-0.017862,0.054343,0.023425
-0.015329,0.051518,0.024545
-0.014333,0.053587,0.021380
-0.014608,0.053331,0.025165
-0.010938,0.052718,0.024712
-0.008599,0.052923,0.024355
-0.008797,0.053834,0.024621
-0.007552,0.053379,0.023837
-0.005191,0.052808,0.025074
-0.005586,0.051752,0.023169
-0.002889,0.052755,0.024429
-0.001577,0.053009,0.025226
-0.001337,0.052487,0.026392
0.000109,0.052853,0.026156
0.002234,0.054180,0.024026
0.002824,0.054012,0.026113
0.004455,0.052487,0.025987
0.007849,0.052962,0.027420
0.007826,0.052366,0.028704
0.009016,0.052732,0.027576
0.009115,0.054325,0.030762
0.011175,0.052854,0.028850
0.012574,0.052714,0.028001
0.014955,0.051990,0.029200
0.016041,0.051998,0.029445
0.017050,0.050988,0.030110
0.017705,0.052131,0.029499
0.019093,0.054508,0.029210
0.022263,0.053870,0.029207
0.021430,0.052917,0.029791
0.025699,0.052387,0.030218
0.023805,0.055034,0.030539
0.028983,0.052413,0.029857
0.028071,0.051696,0.031282
0.029991,0.050456,0.031816
0.031201,0.052630,0.030267
0.032004,0.052644,0.029292
0.034375,0.053261,0.031038
0.034303,0.051622,0.029739
0.035188,0.053504,0.032152
0.036664,0.053672,0.029645
0.038857,0.053402,0.029868
0.041404,0.053828,0.029165
0.041965,0.052342,0.030543
0.041970,0.055199,0.029642
0.044281,0.053347,0.029413
0.046654,0.052369,0.029113
0.047629,0.053454,0.026544
0.049004,0.052553,0.029055
0.051725,0.052850,0.027335
0.051088,0.052601,0.027785
0.051347,0.054557,0.030119
0.053782,0.053128,0.027392
0.055604,0.053851,0.028949
0.057407,0.053282,0.027847
0.056784,0.053911,0.026461
0.058964,0.052705,0.026694
0.061358,0.054478,0.025360
0.061674,0.051969,0.023461
0.064034,0.053367,0.024639
0.062900,0.052027,0.026042
0.068287,0.051788,0.023602
0.068403,0.053176,0.023626
0.070156,0.053654,0.023440
0.070299,0.052279,0.021967
0.073430,0.054342,0.020130
0.074860,0.051384,0.022216
0.076384,0.054214,0.020892
0.074842,0.051885,0.020953
0.078842,0.052512,0.020253
0.079350,0.052007,0.018326
0.080711,0.053167,0.018591
0.081356,0.051155,0.017909
0.083410,0.051716,0.017413
0.084436,0.052602,0.018005
0.085864,0.052211,0.017984
0.089120,0.052290,0.013273
0.088315,0.052993,0.013659
0.090601,0.053093,0.014863
0.092465,0.052033,0.012264
0.093402,0.053497,0.011526
0.092194,0.053340,0.012121
0.096683,0.051194,0.009780
0.097617,0.052663,0.008573
0.099354,0.053433,0.007221
0.100174,0.052266,0.009070
0.101741,0.053030,0.006346
0.102411,0.052306,0.006074
0.102124,0.050974,0.004726
0.108637,0.052118,0.001650
0.107294,0.052783,0.002552
0.106834,0.052754,0.001033
0.109500,0.053353,-0.001675
0.110664,0.052341,-0.000921
0.112930,0.051310,-0.002894
0.115257,0.052688,-0.004372
0.116167,0.051154,-0.006143
0.116449,0.051753,-0.006677
0.117176,0.051508,-0.009998
0.121359,0.050423,-0.010862
0.120102,0.050959,-0.012421
0.122798,0.050246,-0.013323
0.124769,0.052020,-0.014370
0.126402,0.052329,-0.015249
0.125984,0.053102,-0.015926
0.128544,0.052726,-0.017427
0.129998,0.051292,-0.019825
0.130951,0.051357,-0.019039
0.131265,0.051216,-0.020053
0.134386,0.051459,-0.023054
0.135665,0.052558,-0.023092
0.137249,0.051899,-0.023018
0.138645,0.052350,-0.022214
0.140898,0.051198,-0.024352
0.141399,0.052731,-0.023958
0.144388,0.051205,-0.026493
0.143343,0.050858,-0.026381
0.145331,0.050968,-0.025748
0.146833,0.050560,-0.029070
0.147981,0.051668,-0.029143
0.151041,0.050494,-0.030369
0.152809,0.053613,-0.030266
0.153442,0.052676,-0.029800
0.153419,0.051571,-0.029660
0.154515,0.053575,-0.032138
0.156186,0.051960,-0.032072
0.157484,0.050353,-0.033621
0.161565,0.049936,-0.033114
0.162737,0.050962,-0.034937
0.161938,0.051479,-0.036040
0.163496,0.051555,-0.036043
0.165424,0.050966,-0.037380
0.168657,0.050297,-0.037885
0.169512,0.051124,-0.038259
0.168822,0.050719,-0.041774
0.172382,0.052142,-0.040989
0.172247,0.050794,-0.043613
0.175880,0.049235,-0.046168
0.176959,0.051754,-0.046646
0.178991,0.050290,-0.048794
0.179678,0.050747,-0.050742
0.182115,0.051128,-0.051278
0.181923,0.051165,-0.051273
0.184286,0.050821,-0.056891
0.183444,0.050130,-0.061595
0.189432,0.051799,-0.063994
0.189404,0.050509,-0.067811
0.189921,0.050755,-0.070354
0.192314,0.048784,-0.087463
-0.093292,0.053784,-0.040337
-0.093214,0.055026,-0.032190
-0.091159,0.052925,-0.024850
-0.091197,0.051626,-0.019713
-0.087335,0.052591,-0.013852
-0.086612,0.053608,-0.012497
-0.086142,0.055047,-0.009552
-0.083200,0.054618,-0.006770
-0.081692,0.053759,-0.003301
-0.078449,0.052859,-0.000801
-0.080033,0.053830,0.003672
-0.077500,0.053172,0.003997
-0.076138,0.052362,0.005203
-0.073822,0.055475,0.005371
-0.072179,0.052932,0.007973
-0.073247,0.055634,0.009394
-0.072679,0.054197,0.010774
-0.068004,0.053216,0.011855
-0.067536,0.054461,0.011854
-0.065182,0.052745,0.015738
-0.064677,0.054732,0.017467
-0.061786,0.053180,0.014347
-0.061337,0.054158,0.014745
-0.061026,0.054634,0.015555
-0.059158,0.053638,0.018596
-0.055863,0.054945,0.019589
-0.056808,0.054045,0.021696
-0.054998,0.054133,0.019957
-0.052369,0.055183,0.019004
-0.051690,0.054644,0.021502
-0.048395,0.053117,0.021703
-0.047764,0.054981,0.023693
-0.047979,0.056182,0.022360
-0.047500,0.054702,0.023745
-0.045809,0.053160,0.024366
-0.042547,0.055500,0.024126
-0.040846,0.054609,0.024413
-0.041483,0.053897,0.024308
-0.039152,0.054446,0.022550
-0.037859,0.054980,0.025191
-0.035434,0.055850,0.023365
-0.035317,0.053639,0.024836
-0.033010,0.055906,0.024921
-0.033140,0.054755,0.024872
-0.032353,0.054691,0.023848
-0.030119,0.054265,0.023807
-0.027767,0.054672,0.025822
-0.026942,0.055983,0.026470
-0.025959,0.055519,0.024009
-0.023609,0.054744,0.025459
-0.024975,0.055511,0.024924
-0.020364,0.056268,0.025792
-0.018996,0.054633,0.023695
-0.018261,0.054219,0.024470
-0.016367,0.054900,0.022657
-0.017007,0.053149,0.024690
-0.013718,0.053217,0.023895
-0.013379,0.055669,0.024620
-0.011664,0.053651,0.022818
-0.011272,0.055884,0.025677
-0.009351,0.056613,0.024542
-0.007675,0.053784,0.025434
-0.007112,0.055221,0.025685
-0.004708,0.054791,0.025423
-0.003489,0.054407,0.024742
-0.002407,0.054845,0.026318
-0.000804,0.053051,0.026733
0.001672,0.054806,0.025060
0.000888,0.056187,0.027448
0.003820,0.054832,0.026706
0.004549,0.055858,0.025307
0.004956,0.054729,0.026757
0.007086,0.055151,0.028869
0.005363,0.054397,0.028522
0.009075,0.055875,0.028010
0.011544,0.054768,0.028139
0.013045,0.052338,0.029052
0.013446,0.055233,0.030625
0.016561,0.054063,0.028035
0.016928,0.055003,0.030882
0.016622,0.053624,0.030515
0.020384,0.056151,0.028514
0.020625,0.054990,0.030828
0.022398,0.054922,0.031656
0.022010,0.055649,0.031300
0.024857,0.053832,0.031318
0.026336,0.053776,0.030672
0.029030,0.054561,0.032148
0.031178,0.055929,0.031679
0.030240,0.054483,0.032313
0.032062,0.055958,0.032508
0.034260,0.055316,0.031776
0.036033,0.053301,0.031261
0.036157,0.055257,0.030491
0.035910,0.055189,0.031269
0.040014,0.055070,0.030091
0.040540,0.053756,0.031335
0.039878,0.053404,0.028977
0.043060,0.052905,0.028494
0.044178,0.055415,0.030081
0.046435,0.054983,0.028431
0.047234,0.054813,0.030194
0.049561,0.056778,0.030151
0.049868,0.054307,0.029766
0.051693,0.054955,0.028682
0.054176,0.054303,0.028727
0.054478,0.054207,0.028117
0.055769,0.053682,0.026908
0.056927,0.055341,0.027485
0.059769,0.054478,0.026424
0.058087,0.055705,0.026774
0.062248,0.054960,0.028649
0.062230,0.053688,0.025576
0.064988,0.055472,0.025510
0.064100,0.054075,0.025204
0.064999,0.053291,0.025434
0.069714,0.055784,0.024324
0.069101,0.054993,0.025585
0.072609,0.055693,0.023373
0.071529,0.054831,0.022749
0.071221,0.054767,0.023312
0.073598,0.054764,0.023452
0.075311,0.052706,0.021032
0.077282,0.055672,0.020265
0.077729,0.054798,0.018541
0.081223,0.054304,0.019030
0.081580,0.053095,0.017239
0.082926,0.054596,0.020275
0.084848,0.055728,0.014949
0.086192,0.054023,0.016771
0.089250,0.052919,0.013934
0.088588,0.053097,0.015479
0.089902,0.054894,0.013294
0.090634,0.055061,0.013990
0.092855,0.053966,0.013851
0.094834,0.055185,0.012196
0.094583,0.052766,0.009826
0.096896,0.054061,0.010603
0.098888,0.056828,0.008092
0.100653,0.053737,0.008288
0.101371,0.052600,0.008354
0.102546,0.054146,0.006189
0.104362,0.053413,0.004672
0.104732,0.053583,0.004942
0.106054,0.053875,0.003859
0.106286,0.053528,0.001394
0.110755,0.055298,-0.000231
0.109942,0.053532,-0.002326
0.113233,0.052632,-0.001932
0.115057,0.053375,-0.003969
0.115208,0.053056,-0.006790
0.116859,0.053772,-0.005381
0.117676,0.053063,-0.010191
0.120544,0.052555,-0.010047
0.120853,0.053699,-0.012168
0.122628,0.055562,-0.012214
0.122495,0.053025,-0.013782
0.123880,0.053001,-0.015116
0.127449,0.056737,-0.015388
0.128680,0.052465,-0.016367
0.131861,0.053166,-0.019962
0.130742,0.053921,-0.018627
0.133582,0.052787,-0.019950
0.135570,0.053536,-0.021466
0.136413,0.053027,-0.022559
0.139745,0.054467,-0.021396
0.138355,0.053932,-0.021989
0.139551,0.050319,-0.024086
0.142158,0.052981,-0.025097
0.143245,0.052866,-0.025684
0.143292,0.053830,-0.025043
0.143235,0.053568,-0.025865
0.147369,0.052646,-0.026322
0.146980,0.051011,-0.027452
0.149876,0.052184,-0.029211
0.151834,0.054421,-0.030381
0.152128,0.053836,-0.029156
0.153334,0.052912,-0.031166
0.157384,0.053817,-0.030798
0.155973,0.053455,-0.031490
0.158523,0.052068,-0.034455
0.160422,0.053347,-0.035248
0.162293,0.051964,-0.034093
0.163484,0.051468,-0.035499
0.165681,0.052901,-0.036013
0.165102,0.053487,-0.037161
0.167307,0.053202,-0.038459
0.167897,0.052340,-0.041166
0.170032,0.052312,-0.040680
0.171989,0.049800,-0.043287
0.171846,0.052070,-0.043224
0.174607,0.053104,-0.045931
0.174964,0.052089,-0.045853
0.178305,0.053092,-0.050086
0.181060,0.052515,-0.048394
0.180516,0.052291,-0.050588
0.183550,0.052658,-0.053825
0.183666,0.052682,-0.057913
0.185862,0.051856,-0.063073
0.187355,0.051766,-0.066681
0.189026,0.052382,-0.069342
0.191524,0.052148,-0.072598
-0.093490,0.053372,-0.041892
-0.092869,0.054967,-0.030201
-0.090393,0.054052,-0.024072
-0.089714,0.055543,-0.019708
-0.086407,0.055244,-0.014935
-0.086519,0.055862,-0.012298
-0.085567,0.054109,-0.009058
-0.085932,0.053855,-0.006287
-0.080663,0.056556,-0.004810
-0.079673,0.057074,-0.001782
-0.078116,0.054705,0.001867
-0.076801,0.055762,0.003734
-0.075911,0.056780,0.003875
-0.074324,0.055631,0.005612
-0.072821,0.056937,0.006776
-0.071085,0.057098,0.007401
-0.070378,0.057928,0.009745
-0.069118,0.053902,0.014049
-0.067864,0.054862,0.012311
-0.066082,0.054704,0.015374
-0.063976,0.056849,0.017919
-0.061568,0.055707,0.017155
-0.062332,0.054769,0.017677
-0.059639,0.056255,0.017041
-0.058731,0.055616,0.018557
-0.058881,0.055815,0.020240
-0.057386,0.056730,0.019367
-0.054623,0.055954,0.021809
-0.051267,0.056205,0.021360
-0.051688,0.058656,0.022180
-0.049049,0.053725,0.022319
-0.050690,0.055992,0.023638
-0.047886,0.054863,0.024572
-0.047444,0.056832,0.022637
-0.044252,0.056891,0.022774
-0.043421,0.055590,0.026557
-0.044529,0.056809,0.024183
-0.039308,0.055166,0.024049
-0.037661,0.055512,0.024545
-0.036404,0.058795,0.023972
-0.034670,0.055906,0.024420
-0.033094,0.055383,0.022760
-0.034742,0.056082,0.025981
-0.032772,0.054908,0.026242
-0.030763,0.055287,0.023796
-0.028515,0.056727,0.024210
-0.027557,0.056524,0.024098
-0.026938,0.055573,0.024602
-0.025393,0.056905,0.025887
-0.025134,0.056568,0.025491
-0.022833,0.056014,0.025835
-0.020554,0.056217,0.025930
-0.021608,0.055649,0.024439
-0.019523,0.057409,0.024031
-0.019381,0.056980,0.025099
-0.017383,0.057262,0.025813
-0.015395,0.055312,0.024982
-0.014404,0.054721,0.025294
-0.010972,0.055560,0.023771
-0.012379,0.056262,0.023720
-0.010017,0.056416,0.027528
-0.008157,0.056985,0.026626
-0.006197,0.056181,0.026354
-0.003608,0.056593,0.024329
-0.002792,0.055301,0.026256
-0.003335,0.057957,0.025366
0.000162,0.054119,0.028108
0.000689,0.055238,0.025079
0.000795,0.056737,0.027180
0.005046,0.056862,0.026421
0.004846,0.055619,0.027178
0.005820,0.056284,0.028372
0.007505,0.056976,0.029653
0.008454,0.057309,0.028054
0.009880,0.057109,0.028716
0.010965,0.055343,0.029900
0.013157,0.055897,0.028065
0.012825,0.055415,0.029356
0.016389,0.055307,0.029606
0.016433,0.056249,0.029330
0.016804,0.055697,0.028736
0.020952,0.055181,0.032726
0.022330,0.056198,0.030245
0.022886,0.056162,0.031084
0.023962,0.055877,0.031355
0.025918,0.056677,0.032303
0.025548,0.056409,0.030143
0.030086,0.056380,0.032370
0.029500,0.055760,0.032288
0.030212,0.058277,0.031834
0.029688,0.056879,0.031326
0.033419,0.057302,0.031411
0.034349,0.055870,0.032240
0.036703,0.056736,0.031985
0.037712,0.056524,0.032144
0.040038,0.056990,0.031155
0.040891,0.056622,0.031590
0.040439,0.056155,0.032683
0.043343,0.057375,0.030689
0.042490,0.057484,0.031899
0.046750,0.054728,0.032113
0.045694,0.055636,0.029605
0.049226,0.056430,0.029613
0.051231,0.056352,0.031080
0.053110,0.055920,0.030893
0.052192,0.056295,0.028696
0.054677,0.055531,0.030818
0.055589,0.056585,0.028968
0.057806,0.055297,0.027556
0.058130,0.055997,0.028305
0.058234,0.055422,0.026223
0.062143,0.055647,0.026696
0.061258,0.056979,0.028867
0.062619,0.055159,0.026311
0.066037,0.056492,0.026856
0.067060,0.056123,0.024900
0.068667,0.055778,0.025732
0.069832,0.058087,0.023599
0.069894,0.055762,0.024912
0.071103,0.057053,0.021676
0.074289,0.055999,0.023143
0.074746,0.054936,0.021415
0.076881,0.056540,0.022786
0.077940,0.054703,0.020465
0.079645,0.057631,0.019811
0.081044,0.055768,0.020151
0.084110,0.055686,0.020208
0.082559,0.055071,0.016518
0.084425,0.057210,0.017893
0.086731,0.055216,0.015313
0.087040,0.056810,0.014540
0.089197,0.055094,0.015314
0.090314,0.057415,0.015775
0.089522,0.055582,0.014218
0.094268,0.056475,0.013332
0.093345,0.056867,0.012408
0.095322,0.057546,0.012307
0.097325,0.057631,0.010372
0.098000,0.056230,0.009402
0.099155,0.056409,0.007883
0.101849,0.056489,0.006768
0.102116,0.055355,0.005458
0.103547,0.055425,0.003641
0.105029,0.053843,0.003020
0.105510,0.055903,0.003115
0.109761,0.056335,0.001469
0.108413,0.055307,0.002215
0.111880,0.055087,-0.000454
0.112766,0.055274,-0.003214
0.115158,0.056243,-0.004433
0.117400,0.056309,-0.006284
0.117223,0.054611,-0.006532
0.120504,0.055938,-0.008482
0.119905,0.053820,-0.009307
0.120425,0.054662,-0.010022
0.123310,0.055253,-0.011584
0.122738,0.054430,-0.014112
0.125377,0.054717,-0.014203
0.125643,0.054074,-0.016102
0.127361,0.055055,-0.015698
0.130013,0.054755,-0.016921
0.131624,0.054140,-0.018979
0.134112,0.055434,-0.019230
0.135301,0.055516,-0.018635
0.134865,0.054381,-0.019331
0.136532,0.055385,-0.022320
0.135505,0.053800,-0.022500
0.140061,0.054433,-0.025329
0.141398,0.054596,-0.024147
0.143430,0.056394,-0.026748
0.143501,0.054053,-0.024873
0.146166,0.054405,-0.025977
0.146916,0.053568,-0.026396
0.149015,0.053148,-0.027756
0.148740,0.055256,-0.028362
0.151860,0.054679,-0.029359
0.150708,0.054546,-0.028737
0.154929,0.053840,-0.030514
0.156846,0.054372,-0.032194
0.157270,0.053650,-0.033003
0.160840,0.053455,-0.034187
0.160431,0.053178,-0.031929
0.160420,0.053662,-0.035602
0.163682,0.055112,-0.034454
0.165368,0.053359,-0.036296
0.165891,0.054373,-0.037416
0.167188,0.055155,-0.036361
0.169583,0.055573,-0.039342
0.167302,0.052007,-0.041033
0.173722,0.055656,-0.043427
0.174010,0.055211,-0.043711
0.173687,0.054414,-0.045770
0.176232,0.054297,-0.047457
0.177617,0.054220,-0.046668
0.178282,0.053461,-0.050833
0.179574,0.052552,-0.051092
0.182559,0.053775,-0.054531
0.183172,0.053351,-0.060614
0.185740,0.054155,-0.063104
0.189338,0.052590,-0.066651
0.189298,0.052545,-0.069779
0.191671,0.054791,-0.080414
-0.093484,0.058486,-0.043864
-0.092640,0.057639,-0.032350
-0.091047,0.056420,-0.026030
-0.089767,0.055706,-0.018436
-0.087438,0.057611,-0.013380
-0.086699,0.057288,-0.010240
-0.083753,0.057154,-0.010611
-0.082749,0.055702,-0.007560
-0.082879,0.056724,-0.004956
-0.079937,0.056964,-0.001881
-0.080517,0.056977,0.000938
-0.078120,0.057252,0.003585
-0.076919,0.057798,0.004404
-0.073940,0.056976,0.004378
-0.073317,0.057191,0.007814
-0.073456,0.057093,0.009026
-0.071035,0.058903,0.010474
-0.068365,0.057833,0.013602
-0.067566,0.057408,0.014469
-0.066677,0.056673,0.017596
-0.064919,0.057097,0.017685
-0.062701,0.057629,0.017160
-0.060870,0.057112,0.017968
-0.061033,0.059119,0.017696
-0.059235,0.057416,0.019550
-0.057848,0.056512,0.019012
-0.056691,0.057972,0.020080
-0.056705,0.057338,0.020359
-0.053538,0.056288,0.021728
-0.053854,0.059016,0.022186
-0.050389,0.056010,0.021820
-0.048022,0.058890,0.023327
-0.048934,0.058857,0.023736
-0.047180,0.058642,0.025159
-0.046523,0.058096,0.023173
-0.045624,0.058204,0.022409
-0.040392,0.057601,0.024647
-0.039250,0.058499,0.024169
-0.039924,0.058250,0.023591
-0.038260,0.057234,0.024068
-0.037076,0.055254,0.023899
-0.035773,0.057492,0.025827
-0.034708,0.055967,0.025540
-0.032442,0.059355,0.024536
-0.032304,0.059548,0.025704
-0.029400,0.058283,0.023911
-0.028456,0.057018,0.025191
-0.027727,0.056937,0.025917
-0.027266,0.057874,0.025280
-0.026030,0.059249,0.025079
-0.021887,0.057888,0.025949
-0.021293,0.056795,0.026725
-0.020170,0.056653,0.025681
-0.020071,0.056789,0.024858
-0.018141,0.057249,0.024365
-0.015997,0.055650,0.025218
-0.014088,0.058295,0.026097
-0.012002,0.058541,0.026697
-0.012029,0.059567,0.025163
-0.011739,0.059519,0.026452
-0.008599,0.057926,0.026704
-0.009469,0.058751,0.026095
-0.006737,0.056722,0.025192
-0.005416,0.056696,0.026273
-0.004443,0.057238,0.027340
0.000216,0.058428,0.025866
-0.000433,0.057983,0.027673
0.000235,0.057278,0.027310
0.002876,0.059915,0.026401
0.003845,0.057579,0.028856
0.004469,0.056319,0.028334
0.006113,0.058522,0.028750
0.007071,0.058431,0.026265
0.008712,0.056778,0.028785
0.009574,0.057766,0.029698
0.012123,0.057508,0.030134
0.014825,0.059693,0.030357
0.015053,0.057735,0.030776
0.015811,0.057891,0.032766
0.016329,0.059029,0.031270
0.019223,0.057114,0.030087
0.018709,0.058655,0.032233
0.019668,0.057033,0.032307
0.022071,0.059289,0.031479
0.024256,0.057890,0.031462
0.023776,0.060004,0.031683
0.024706,0.058002,0.033451
0.025942,0.056939,0.033021
0.029882,0.058334,0.033848
0.029294,0.057180,0.031278
0.031944,0.058116,0.031264
0.035548,0.059378,0.032823
0.035562,0.057204,0.032914
0.037140,0.058645,0.032156
0.038170,0.059337,0.032469
0.038720,0.057061,0.030642
0.040778,0.058426,0.032546
0.040742,0.057542,0.032046
0.042516,0.056340,0.030582
0.044515,0.058148,0.032262
0.046757,0.055727,0.032501
0.047750,0.057729,0.032146
0.049720,0.058256,0.031224
0.050877,0.058545,0.029835
0.053170,0.057731,0.030432
0.051759,0.059059,0.030876
0.053274,0.057372,0.030087
0.055101,0.058948,0.029520
0.058060,0.055768,0.028822
0.057514,0.059863,0.030340
0.058992,0.057838,0.028000
0.062311,0.056831,0.027108
0.063526,0.058047,0.027907
0.064322,0.057304,0.025421
0.063968,0.057496,0.026377
0.069135,0.058073,0.027161
0.068486,0.059355,0.026011
0.068861,0.058537,0.022811
0.069936,0.057865,0.024461
0.073004,0.059373,0.021210
0.073236,0.058667,0.021653
0.074253,0.058079,0.024505
0.076793,0.057160,0.021716
0.077053,0.057043,0.021163
0.079261,0.057945,0.021912
0.080177,0.058629,0.020434
0.083563,0.055601,0.019343
0.084586,0.056149,0.017702
0.084918,0.058592,0.018001
0.086895,0.058553,0.017794
0.087366,0.057062,0.016552
0.088873,0.058363,0.014605
0.092434,0.057279,0.015489
0.092406,0.056795,0.016572
0.092089,0.058057,0.012292
0.093587,0.056169,0.011341
0.095449,0.057038,0.013506
0.096855,0.056432,0.011761
0.097893,0.056121,0.009935
0.100678,0.057857,0.008020
0.100717,0.055356,0.007023
0.102867,0.058371,0.006718
0.103731,0.057536,0.006140
0.105825,0.056766,0.002422
0.105079,0.055598,0.002425
0.109991,0.056851,0.002277
0.110929,0.057293,-0.000196
0.112121,0.056907,-0.001912
0.114333,0.056752,-0.002133
0.115969,0.057503,-0.002848
0.116445,0.058127,-0.005336
0.117461,0.055813,-0.005546
0.117152,0.056733,-0.007456
0.118887,0.057043,-0.010156
0.120873,0.058743,-0.011092
0.121844,0.057563,-0.012795
0.124159,0.056906,-0.013044
0.124721,0.055193,-0.013973
0.126368,0.057545,-0.015531
0.127878,0.056437,-0.017495
0.130375,0.055920,-0.016465
0.129540,0.056497,-0.019781
0.132037,0.056976,-0.019379
0.134135,0.055401,-0.020002
0.136246,0.056628,-0.022151
0.136942,0.056900,-0.023582
0.137542,0.056795,-0.023269
0.140377,0.057106,-0.020522
0.141306,0.056352,-0.023878
0.144186,0.055539,-0.025929
0.143319,0.057058,-0.026179
0.145202,0.057700,-0.026922
0.147100,0.055390,-0.025474
0.147746,0.057874,-0.026355
0.149008,0.054929,-0.028613
0.152283,0.056162,-0.028430
0.151958,0.055542,-0.029269
0.153917,0.056632,-0.030175
0.155368,0.054068,-0.030108
0.157707,0.054278,-0.032185
0.157037,0.056538,-0.031422
0.161685,0.055895,-0.033140
0.160369,0.057173,-0.033423
0.162536,0.055367,-0.035671
0.166374,0.055712,-0.036414
0.165617,0.056306,-0.036714
0.168644,0.055662,-0.036983
0.168283,0.054738,-0.039031
0.169912,0.054783,-0.039577
0.169231,0.055435,-0.040287
0.172848,0.055920,-0.043379
0.177149,0.055778,-0.044500
0.177188,0.055778,-0.047301
0.178650,0.055915,-0.049502
0.179265,0.056362,-0.051423
0.180725,0.055037,-0.050299
0.181946,0.053874,-0.055956
0.184794,0.053223,-0.059950
0.184413,0.055684,-0.063349
0.186307,0.053397,-0.069846
0.189163,0.056173,-0.069343
0.189738,0.054942,-0.085700
-0.093421,0.056330,-0.047184
-0.091736,0.058243,-0.029024
-0.090746,0.058121,-0.025410
-0.087997,0.058899,-0.018910
-0.087936,0.056742,-0.013751
-0.086366,0.059343,-0.012205
-0.084551,0.059028,-0.007947
-0.083714,0.059604,-0.005839
-0.084089,0.058350,-0.001059
-0.080727,0.057338,-0.000496
-0.078416,0.059980,0.002793
-0.077350,0.059725,0.002464
-0.076332,0.058282,0.004670
-0.074726,0.059776,0.006509
-0.071649,0.058608,0.007647
-0.072664,0.060448,0.009136
-0.071575,0.058356,0.010442
-0.070039,0.058730,0.012836
-0.066443,0.060985,0.012621
-0.066299,0.057732,0.014720
-0.065013,0.059474,0.016965
-0.061398,0.060464,0.015480
-0.061720,0.059990,0.015847
-0.060601,0.059775,0.018740
-0.059410,0.057156,0.018125
-0.057503,0.056690,0.020334
-0.056829,0.060303,0.020492
-0.055366,0.059502,0.019476
-0.051512,0.058678,0.022039
-0.053123,0.059948,0.022239
-0.048852,0.058839,0.020499
-0.048259,0.058965,0.022092
-0.046226,0.059025,0.022840
-0.045563,0.058262,0.024955
-0.045288,0.060594,0.023416
-0.041866,0.058936,0.022508
-0.043369,0.058878,0.023787
-0.039793,0.059642,0.022950
-0.037920,0.060282,0.024365
-0.038285,0.060200,0.024768
-0.036596,0.060386,0.024424
-0.035500,0.058996,0.024903
-0.033091,0.062344,0.024470
-0.033426,0.060826,0.025793
-0.030896,0.058698,0.026473
-0.028855,0.059366,0.026948
-0.028889,0.059119,0.025688
-0.027288,0.059233,0.026985
-0.024363,0.060540,0.026584
-0.023970,0.057800,0.026352
-0.023025,0.058853,0.025987
-0.022006,0.059320,0.023316
-0.017091,0.060139,0.025464
-0.020032,0.058769,0.025577
-0.017461,0.059164,0.024569
-0.015802,0.060832,0.025150
-0.016076,0.059443,0.027880
-0.012340,0.058054,0.025279
-0.011401,0.059642,0.027991
-0.010613,0.058730,0.025270
-0.009154,0.059851,0.027194
-0.006687,0.059469,0.026503
-0.007894,0.059620,0.027960
-0.005656,0.059631,0.027128
-0.000581,0.060146,0.027561
-0.001158,0.060825,0.026561
0.001048,0.061005,0.026947
0.000858,0.058129,0.028587
0.001547,0.059889,0.027353
0.002650,0.060377,0.026272
0.003648,0.057937,0.028715
0.005022,0.059162,0.028884
0.007910,0.061457,0.029457
0.008459,0.059964,0.029928
0.012216,0.059111,0.030850
0.010718,0.058778,0.030259
0.012569,0.059323,0.031542
0.015327,0.058218,0.032350
0.015751,0.059213,0.030347
0.016967,0.059027,0.031083
0.017622,0.059652,0.031853
0.021180,0.060829,0.034324
0.024195,0.058618,0.032563
0.023981,0.059444,0.032476
0.024371,0.059876,0.031686
0.025102,0.057590,0.032977
0.026359,0.061191,0.033522
0.028781,0.061071,0.032500
0.028725,0.059877,0.034778
0.029512,0.060316,0.034609
0.031336,0.058922,0.035245
0.033649,0.059961,0.031543
0.035741,0.057920,0.032332
0.036535,0.060738,0.032873
0.038820,0.059010,0.031695
0.039591,0.060428,0.033884
0.040568,0.059087,0.034194
0.041610,0.060348,0.031444
0.044028,0.059935,0.033177
0.043204,0.059101,0.032114
0.045553,0.056534,0.030999
0.046275,0.061486,0.030769
0.048747,0.057970,0.030448
0.050177,0.058458,0.029422
0.052782,0.060554,0.030618
0.053146,0.058999,0.029934
0.055276,0.058057,0.029400
0.056582,0.059605,0.030288
0.057230,0.060598,0.030602
0.059428,0.058652,0.029307
0.059524,0.056365,0.028576
0.061188,0.058268,0.027340
0.063804,0.058872,0.027946
0.062702,0.060067,0.026715
0.064157,0.060551,0.024345
0.065988,0.059497,0.026904
0.066967,0.060082,0.025021
0.068909,0.059858,0.024924
0.071859,0.060776,0.026870
0.072337,0.060545,0.024178
0.073906,0.060611,0.023546
0.075103,0.059148,0.023598
0.077019,0.058642,0.022625
0.076691,0.058990,0.021216
0.077911,0.060361,0.021618
0.078765,0.059517,0.020023
0.083677,0.059191,0.021021
0.083559,0.058568,0.019499
0.083702,0.060057,0.020826
0.086760,0.057727,0.019653
0.087629,0.058086,0.017113
0.088142,0.059610,0.016326
0.091873,0.059095,0.016850
0.091315,0.058640,0.014313
0.095396,0.059119,0.014200
0.094439,0.060293,0.013405
0.094648,0.058989,0.012479
0.096657,0.058276,0.012234
0.097681,0.059540,0.011773
0.100411,0.058729,0.008932
0.101749,0.058974,0.008347
0.101840,0.058368,0.007932
0.103863,0.058535,0.006605
0.105057,0.059242,0.003680
0.107742,0.059178,0.003367
0.108209,0.060320,0.001920
0.110317,0.058153,0.000039
0.111182,0.058018,0.002106
0.111787,0.059599,-0.001807
0.114151,0.058985,-0.001756
0.116311,0.059331,-0.004895
0.116489,0.058682,-0.006918
0.118969,0.056961,-0.007529
0.119456,0.060071,-0.009679
0.122012,0.057417,-0.009362
0.122279,0.057137,-0.011341
0.124313,0.059511,-0.013732
0.125207,0.057939,-0.013798
0.127962,0.059617,-0.015669
0.127529,0.057924,-0.014674
0.129785,0.057837,-0.016970
0.132860,0.056904,-0.018634
0.133534,0.058699,-0.020453
0.133744,0.056966,-0.020725
0.135158,0.057807,-0.020323
0.136008,0.059361,-0.020910
0.137899,0.057871,-0.021589
0.137049,0.058219,-0.022956
0.142308,0.058949,-0.022805
0.142098,0.058531,-0.026489
0.144416,0.059272,-0.024796
0.145281,0.058957,-0.025088
0.147544,0.057331,-0.026905
0.148149,0.056408,-0.026644
0.148963,0.057487,-0.026357
0.152142,0.056511,-0.027885
0.153993,0.056767,-0.028510
0.155147,0.058041,-0.030599
0.157017,0.057229,-0.029373
0.157390,0.058859,-0.031938
0.159459,0.057780,-0.031130
0.160745,0.057321,-0.032665
0.161442,0.058725,-0.035624
0.162486,0.059563,-0.034357
0.164501,0.056480,-0.036484
0.165941,0.056590,-0.034125
0.166078,0.059503,-0.038979
0.170165,0.059049,-0.039920
0.169794,0.057912,-0.039864
0.171318,0.056480,-0.043110
0.172759,0.055800,-0.042795
0.175479,0.056597,-0.044722
0.175889,0.057665,-0.046443
0.177355,0.056763,-0.048900
0.179590,0.056757,-0.050286
0.180557,0.058100,-0.052525
0.181835,0.056833,-0.057450
0.183296,0.056813,-0.062873
0.184552,0.055951,-0.065071
0.186433,0.057093,-0.066519
0.187446,0.056000,-0.073130
-0.094849,0.057101,-0.053127
-0.092875,0.060018,-0.030278
-0.090005,0.059572,-0.025169
-0.090369,0.059546,-0.017518
-0.087967,0.060520,-0.013550
-0.085544,0.060617,-0.009368
-0.086582,0.061476,-0.006298
-0.082783,0.058444,-0.005335
-0.081221,0.060928,-0.003939
-0.081540,0.059847,-0.000188
-0.077921,0.058026,0.002533
-0.077123,0.059944,0.003490
-0.076689,0.061314,0.004010
-0.074692,0.061253,0.007069
-0.070656,0.060992,0.007291
-0.069861,0.059410,0.009581
-0.069292,0.060847,0.011043
-0.069113,0.060682,0.011493
-0.067087,0.059849,0.013601
-0.066554,0.060756,0.015634
-0.066129,0.058618,0.018019
-0.063377,0.059914,0.016211
-0.062622,0.061280,0.017608
-0.059849,0.060938,0.018121
-0.057848,0.063027,0.019082
-0.055479,0.062442,0.019793
-0.055027,0.061938,0.020612
-0.054317,0.062500,0.019691
-0.053004,0.060319,0.020320
-0.051233,0.060693,0.022434
-0.050448,0.060682,0.022113
-0.050399,0.060659,0.023534
-0.045087,0.062159,0.024164
-0.045321,0.060867,0.022169
-0.045699,0.061162,0.023607
-0.042826,0.061705,0.023585
-0.040689,0.061933,0.026855
-0.042151,0.061668,0.027201
-0.040368,0.062458,0.026966
-0.037413,0.061794,0.024444
-0.037214,0.060040,0.025239
-0.035241,0.061698,0.024479
-0.032800,0.060986,0.025550
-0.033960,0.059622,0.024560
-0.029857,0.061033,0.024065
-0.030704,0.061670,0.024693
-0.028966,0.061807,0.027183
-0.025771,0.060336,0.026157
-0.025615,0.060758,0.025325
-0.024157,0.062228,0.025051
-0.023708,0.061513,0.026160
-0.021189,0.060553,0.027084
-0.020416,0.060774,0.027528
-0.015250,0.061824,0.028510
-0.017109,0.060775,0.026402
-0.017765,0.059169,0.024914
-0.015259,0.063101,0.024944
-0.012564,0.060028,0.026425
-0.012122,0.060176,0.026008
-0.008783,0.059049,0.027488
-0.008033,0.061291,0.026421
-0.008167,0.062507,0.027838
-0.005817,0.059936,0.027044
-0.005402,0.060359,0.025108
-0.003638,0.061156,0.027955
-0.004318,0.061754,0.027857
-0.000070,0.059259,0.028238
0.000545,0.060894,0.027500
0.001837,0.060459,0.029534
0.002594,0.061298,0.028557
0.005062,0.060502,0.029158
0.007374,0.061884,0.029350
0.007167,0.061391,0.028521
0.008754,0.061098,0.029771
0.010584,0.058857,0.030862
0.011058,0.061538,0.029392
0.014665,0.061404,0.029250
0.012691,0.060465,0.033427
0.016255,0.061895,0.031508
0.016647,0.061637,0.034736
0.020227,0.062021,0.032394
0.018668,0.061456,0.032083
0.022166,0.060336,0.032410
0.022738,0.062492,0.033823
0.024430,0.061146,0.034023
0.025119,0.060768,0.032763
0.027264,0.061940,0.032906
0.028118,0.059117,0.033321
0.029254,0.061229,0.034366
0.029949,0.060896,0.033055
0.031968,0.062702,0.034461
0.034477,0.062000,0.034477
0.035297,0.059404,0.034378
0.038583,0.061301,0.032577
0.038021,0.059661,0.034210
0.038773,0.060837,0.033370
0.041405,0.059732,0.033133
0.042745,0.060375,0.032879
0.044008,0.061572,0.033268
0.045191,0.061088,0.032091
0.044333,0.061170,0.031958
0.047396,0.060577,0.033062
0.047858,0.061868,0.030611
0.049817,0.061871,0.032207
0.051116,0.062013,0.031916
0.052621,0.061072,0.031710
0.055509,0.059608,0.030296
0.055369,0.060995,0.029455
0.055375,0.060561,0.030773
0.057539,0.062053,0.029551
0.058516,0.061053,0.029277
0.061844,0.063064,0.028902
0.062772,0.060782,0.026885
0.064822,0.060745,0.027752
0.066523,0.059841,0.026281
0.066539,0.060160,0.027857
0.067673,0.061191,0.025676
0.068788,0.060846,0.026235
0.072330,0.060673,0.025235
0.071209,0.062974,0.022507
0.071648,0.063717,0.023680
0.074891,0.061061,0.024139
0.075170,0.059804,0.021092
0.078755,0.061056,0.024343
0.078739,0.061927,0.021460
0.079160,0.059730,0.021022
0.080736,0.060758,0.020704
0.083410,0.060747,0.020582
0.083540,0.059232,0.019226
0.086890,0.059956,0.016725
0.089131,0.061560,0.019142
0.088619,0.060739,0.017694
0.090768,0.060140,0.015993
0.092994,0.060817,0.015467
0.093360,0.060585,0.013914
0.095840,0.058790,0.013217
0.095785,0.062273,0.013061
0.097632,0.061501,0.013856
0.099985,0.060729,0.010124
0.099774,0.060572,0.009161
0.103380,0.058700,0.009794
0.103102,0.060510,0.008846
0.103255,0.061548,0.004312
0.105861,0.062312,0.005783
0.106445,0.059829,0.003862
0.107753,0.060667,0.001462
0.110261,0.061658,0.002720
0.110370,0.059203,-0.000220
0.113441,0.059846,-0.002428
0.115630,0.060932,-0.004154
0.113721,0.058543,-0.002944
0.115759,0.060537,-0.004713
0.118538,0.061089,-0.008422
0.119734,0.060031,-0.009210
0.121022,0.058832,-0.010998
0.122587,0.060284,-0.010984
0.123936,0.061084,-0.012856
0.125541,0.058850,-0.012801
0.126915,0.060463,-0.011782
0.129255,0.057841,-0.014045
0.129151,0.059639,-0.016666
0.131443,0.059099,-0.015826
0.132772,0.060711,-0.019469
0.132786,0.059531,-0.021154
0.135751,0.058644,-0.020135
0.134932,0.058855,-0.020598
0.140104,0.058676,-0.022729
0.139539,0.059042,-0.022788
0.142413,0.060440,-0.023940
0.140313,0.059455,-0.024110
0.144697,0.058193,-0.025887
0.145282,0.059289,-0.026832
0.146389,0.060882,-0.027011
0.149872,0.061575,-0.028730
0.150645,0.060700,-0.026539
0.151778,0.061222,-0.025961
0.153738,0.060163,-0.029616
0.154306,0.058985,-0.028583
0.155633,0.059618,-0.029576
0.155396,0.058086,-0.030673
0.159525,0.058952,-0.032048
0.158854,0.058474,-0.033796
0.162496,0.060624,-0.033307
0.164192,0.059031,-0.033735
0.164178,0.059422,-0.034723
0.166938,0.058776,-0.036559
0.167815,0.062038,-0.037234
0.169696,0.059046,-0.039087
0.171165,0.058787,-0.039545
0.172632,0.061323,-0.041813
0.171581,0.057990,-0.043694
0.174858,0.057841,-0.043516
0.175590,0.059272,-0.047050
0.178290,0.059518,-0.047759
0.179475,0.058524,-0.051442
0.180740,0.059421,-0.051815
0.181847,0.060239,-0.058770
0.182863,0.059917,-0.060844
0.185852,0.056948,-0.065599
0.184454,0.057407,-0.069567
0.189211,0.059562,-0.078760
-0.092174,0.060842,-0.030847
-0.091290,0.060101,-0.024013
-0.090762,0.061198,-0.018875
-0.086172,0.061672,-0.014700
-0.086396,0.060645,-0.011323
-0.084204,0.061562,-0.008380
-0.081895,0.063528,-0.005175
-0.082005,0.059919,-0.003086
-0.081937,0.061957,-0.000266
-0.079349,0.063017,0.002703
-0.076854,0.062666,0.004563
-0.075365,0.061927,0.004784
-0.072296,0.060384,0.007436
-0.074091,0.061690,0.009838
-0.071598,0.062597,0.010356
-0.070431,0.062412,0.010748
-0.069747,0.062389,0.013142
-0.065356,0.061556,0.013919
-0.066330,0.060763,0.015552
-0.064625,0.062709,0.017129
-0.063919,0.065201,0.014915
-0.060369,0.063652,0.018991
-0.060524,0.060085,0.016948
-0.056727,0.063542,0.018348
-0.056951,0.062780,0.019814
-0.056233,0.063429,0.020860
-0.053914,0.060998,0.021105
-0.052178,0.063446,0.022292
-0.051381,0.062864,0.022946
-0.050171,0.061604,0.023701
-0.048527,0.061180,0.023799
-0.049037,0.061446,0.024526
-0.047393,0.062018,0.023460
-0.044938,0.062821,0.024676
-0.044808,0.062337,0.023328
-0.042330,0.062460,0.023519
-0.041887,0.063912,0.022510
-0.038905,0.062527,0.023742
-0.037676,0.063773,0.025661
-0.037010,0.063303,0.025275
-0.034861,0.063408,0.024751
-0.035168,0.063568,0.023360
-0.032418,0.061681,0.023948
-0.029577,0.062923,0.026664
-0.031480,0.064575,0.026886
-0.030116,0.064531,0.024646
-0.027359,0.062716,0.025218
-0.025612,0.063231,0.026443
-0.024225,0.061568,0.026355
-0.022673,0.063192,0.026846
-0.022011,0.063275,0.026861
-0.020141,0.061635,0.026067
-0.019068,0.062269,0.026080
-0.016544,0.064743,0.026147
-0.016770,0.061491,0.027444
-0.014323,0.062629,0.025726
-0.012961,0.062106,0.028471
-0.010662,0.063471,0.027098
-0.010862,0.062231,0.026287
-0.009194,0.063607,0.026941
-0.008110,0.062161,0.027524
-0.006005,0.061983,0.026779
-0.004945,0.061222,0.027559
-0.002930,0.062777,0.029084
-0.002012,0.063822,0.027267
-0.000357,0.062094,0.029306
0.001088,0.063338,0.028183
0.002925,0.061706,0.030523
0.003988,0.061154,0.027018
0.004365,0.062688,0.031303
0.005198,0.062901,0.030198
0.006256,0.061953,0.030682
0.010000,0.062287,0.032871
0.008850,0.062264,0.031476
0.011346,0.062428,0.032711
0.012523,0.061860,0.034212
0.013077,0.062824,0.032124
0.016092,0.063148,0.033187
0.018348,0.063149,0.033409
0.019135,0.063869,0.032670
0.020049,0.065456,0.032996
0.022809,0.063174,0.032548
0.023752,0.063008,0.031951
0.023792,0.062940,0.035427
0.024658,0.062898,0.033555
0.027023,0.063489,0.034577
0.028993,0.064118,0.034053
0.029808,0.064045,0.035113
0.030164,0.062296,0.033485
0.031665,0.062096,0.033369
0.035271,0.063322,0.034659
0.035542,0.061038,0.035553
0.036248,0.063508,0.034065
0.038114,0.062570,0.033340
0.037153,0.063513,0.034055
0.039908,0.061844,0.034115
0.042357,0.062618,0.033505
0.044719,0.061860,0.032818
0.045532,0.064350,0.034304
0.046191,0.064416,0.032364
0.047426,0.062722,0.032167
0.047372,0.061579,0.031164
0.049170,0.063412,0.029906
0.052228,0.063136,0.032444
0.051904,0.062460,0.030077
0.054593,0.062646,0.030653
0.054587,0.061179,0.031731
0.057325,0.062593,0.029136
0.059183,0.062492,0.030559
0.059175,0.061241,0.030530
0.060610,0.064822,0.028241
0.062191,0.064938,0.028636
0.064289,0.062452,0.029585
0.064530,0.061943,0.029073
0.068041,0.061137,0.026008
0.068473,0.062963,0.026433
0.069543,0.062779,0.026809
0.071402,0.064773,0.027388
0.071495,0.061672,0.025470
0.074240,0.063733,0.025315
0.075046,0.061373,0.024645
0.076328,0.062835,0.024518
0.077842,0.062078,0.024355
0.078960,0.063333,0.023494
0.082223,0.062524,0.022019
0.080988,0.062539,0.021800
0.082962,0.062307,0.018954
0.084955,0.064115,0.019364
0.084745,0.063855,0.019472
0.087599,0.062868,0.018241
0.089500,0.064496,0.016666
0.089763,0.062150,0.017180
0.091880,0.061953,0.016536
0.093438,0.061341,0.016130
0.094679,0.060642,0.015386
0.095099,0.061152,0.014587
0.098187,0.063624,0.011604
0.098909,0.060595,0.012378
0.099219,0.063655,0.011709
0.101092,0.061179,0.006500
0.104376,0.063505,0.005661
0.102925,0.061262,0.007875
0.105468,0.061535,0.003874
0.107489,0.061334,0.003299
0.108262,0.061043,0.003189
0.110896,0.062767,0.002440
0.111634,0.060729,0.000582
0.111678,0.061896,-0.001186
0.114243,0.060611,-0.000396
0.115054,0.062188,-0.002924
0.117339,0.062420,-0.004374
0.118157,0.063871,-0.005941
0.119067,0.060723,-0.007888
0.121331,0.061929,-0.008737
0.122919,0.061030,-0.010388
0.123456,0.061778,-0.012397
0.125686,0.059459,-0.012753
0.126277,0.062268,-0.013384
0.129114,0.061777,-0.014072
0.129278,0.060493,-0.015808
0.129642,0.063409,-0.015680
0.133726,0.061648,-0.017313
0.134192,0.063929,-0.019884
0.133426,0.060288,-0.018605
0.136524,0.060960,-0.021843
0.140434,0.062573,-0.021498
0.138983,0.061187,-0.023597
0.141590,0.061056,-0.023248
0.143107,0.062678,-0.021756
0.145983,0.061062,-0.025152
0.146119,0.060386,-0.025553
0.146449,0.061721,-0.027045
0.150093,0.061223,-0.025523
0.150049,0.061610,-0.027792
0.151381,0.059681,-0.028844
0.152979,0.061229,-0.027682
0.153366,0.062131,-0.029471
0.155705,0.061084,-0.031544
0.156938,0.061219,-0.029878
0.160134,0.061113,-0.033393
0.159689,0.060888,-0.032001
0.162310,0.062206,-0.034801
0.162497,0.060450,-0.034124
0.165741,0.059428,-0.033973
0.165784,0.060379,-0.035503
0.168330,0.062068,-0.037075
0.167481,0.060463,-0.037270
0.169507,0.062801,-0.040819
0.171600,0.059921,-0.040964
0.173450,0.062080,-0.044990
0.174996,0.060808,-0.046199
0.176915,0.060210,-0.048038
0.178182,0.059204,-0.048104
0.179612,0.061257,-0.052071
0.178611,0.060693,-0.053416
0.182488,0.060784,-0.057302
0.183453,0.059145,-0.063339
0.185894,0.057944,-0.066419
0.187109,0.060513,-0.070613
0.189398,0.057494,-0.091145
-0.092644,0.062675,-0.030755
-0.090894,0.062105,-0.023991
-0.089056,0.063856,-0.018129
-0.087926,0.062268,-0.013295
-0.087374,0.062844,-0.011612
-0.084818,0.062646,-0.007737
-0.084711,0.063438,-0.004090
-0.082535,0.062426,-0.002083
-0.079391,0.063864,0.000012
-0.077240,0.064155,0.001988
-0.078544,0.062988,0.005645
-0.077358,0.061592,0.005140
-0.073179,0.065980,0.008574
-0.072427,0.066029,0.010047
-0.071690,0.063773,0.009964
-0.069840,0.062388,0.011149
-0.067273,0.063772,0.014009
-0.067094,0.064168,0.013342
-0.066459,0.063807,0.015809
-0.063852,0.063808,0.018046
-0.062813,0.065341,0.016804
-0.062341,0.064544,0.019274
-0.058531,0.063371,0.019306
-0.058277,0.063536,0.018881
-0.057841,0.064120,0.021160
-0.056042,0.063455,0.020787
-0.054132,0.063641,0.020248
-0.054009,0.063900,0.019816
-0.050599,0.065205,0.021578
-0.051630,0.063882,0.023777
-0.050552,0.063667,0.024218
-0.048340,0.065082,0.023920
-0.045451,0.064895,0.024345
-0.044373,0.063893,0.024851
-0.044723,0.065029,0.024344
-0.042490,0.065369,0.025908
-0.040938,0.063769,0.025459
-0.040265,0.062893,0.025606
-0.038848,0.063338,0.026419
-0.036702,0.064448,0.024446
-0.035488,0.063590,0.025527
-0.034190,0.065599,0.024641
-0.032061,0.063665,0.026216
-0.030679,0.063892,0.027461
-0.030668,0.064358,0.025184
-0.028227,0.062697,0.026858
-0.027668,0.062512,0.026481
-0.026313,0.063773,0.026660
-0.024809,0.063810,0.027249
-0.023955,0.064939,0.025575
-0.021414,0.062241,0.025940
-0.020817,0.063533,0.025502
-0.019799,0.063705,0.027001
-0.017003,0.063954,0.025184
-0.015064,0.064525,0.025112
-0.014967,0.064584,0.026197
-0.013810,0.062883,0.026370
-0.012036,0.064214,0.025473
-0.011804,0.062900,0.028209
-0.011455,0.065147,0.029183
-0.007798,0.064124,0.026699
-0.004893,0.065308,0.028335
-0.005044,0.064320,0.028611
-0.002697,0.063824,0.028576
-0.003383,0.063461,0.026836
-0.000791,0.064300,0.030529
0.001325,0.065736,0.032440
0.000636,0.063000,0.029037
0.003668,0.064757,0.029040
0.003832,0.062820,0.031208
0.005830,0.064871,0.029980
0.007635,0.064358,0.031144
0.008052,0.062006,0.033184
0.010210,0.063571,0.032076
0.010759,0.064606,0.031972
0.011700,0.064406,0.031256
0.015982,0.062886,0.032444
0.016792,0.064594,0.032542
0.015234,0.063337,0.034814
0.017990,0.063592,0.034622
0.019849,0.062892,0.031666
0.020935,0.064964,0.035506
0.023480,0.065019,0.033585
0.024286,0.063675,0.035357
0.024157,0.064529,0.034057
0.027260,0.065859,0.034278
0.028333,0.063824,0.033422
0.027943,0.062796,0.035002
0.031191,0.065162,0.035799
0.032979,0.062753,0.033497
0.034704,0.063273,0.035047
0.033283,0.064403,0.032761
0.036521,0.066007,0.033969
0.038287,0.065901,0.034162
0.040645,0.064433,0.033331
0.041069,0.063969,0.034590
0.043204,0.064651,0.034940
0.042279,0.063314,0.033280
0.045032,0.064838,0.035053
0.045988,0.063164,0.035575
0.046468,0.065516,0.033748
0.049820,0.065215,0.032489
0.047948,0.063391,0.032647
0.050834,0.062639,0.033635
0.053626,0.063790,0.031998
0.054976,0.064851,0.031002
0.055756,0.062846,0.030862
0.057766,0.065714,0.029384
0.057212,0.063230,0.029596
0.058367,0.064055,0.029542
0.060832,0.062420,0.029613
0.063872,0.063782,0.029555
0.062465,0.065674,0.028797
0.064586,0.063173,0.028099
0.065484,0.063434,0.026677
0.068419,0.064898,0.025982
0.070102,0.061698,0.027318
0.072593,0.062549,0.025504
0.072311,0.065282,0.025784
0.072269,0.063911,0.025522
0.074154,0.063766,0.025953
0.077741,0.064536,0.024521
0.078042,0.063838,0.025551
0.078104,0.065711,0.023376
0.081805,0.065099,0.021617
0.082069,0.062640,0.020471
0.083889,0.063932,0.020599
0.085087,0.063817,0.020160
0.086050,0.065099,0.018379
0.085984,0.063439,0.018849
0.088119,0.063453,0.018055
0.089919,0.063013,0.016046
0.091011,0.064214,0.017118
0.093928,0.064016,0.014964
0.093235,0.063412,0.015000
0.095851,0.063321,0.012358
0.096489,0.064261,0.012471
0.100109,0.063394,0.010688
0.100357,0.063565,0.011580
0.099776,0.063336,0.011117
0.105497,0.064761,0.007884
0.103835,0.062835,0.005318
0.106017,0.064488,0.006787
0.107325,0.062522,0.002658
0.107735,0.063079,0.002584
0.110228,0.065026,0.002344
0.112237,0.065558,0.002268
0.113563,0.063124,-0.000149
0.114019,0.063260,-0.000767
0.116765,0.062539,-0.000594
0.115206,0.062792,-0.004548
0.117132,0.063617,-0.007098
0.119539,0.065204,-0.007566
0.121041,0.066348,-0.009413
0.122218,0.065015,-0.011211
0.124965,0.063067,-0.011879
0.125973,0.060739,-0.011367
0.126762,0.064107,-0.013391
0.129451,0.064554,-0.015893
0.130286,0.062549,-0.013929
0.129590,0.062703,-0.017090
0.131936,0.061789,-0.018056
0.134536,0.063579,-0.020811
0.135789,0.063417,-0.020788
0.136119,0.062689,-0.021320
0.137979,0.062361,-0.021573
0.138973,0.062511,-0.023790
0.140278,0.063882,-0.023286
0.142734,0.062486,-0.024530
0.145806,0.061985,-0.023412
0.145563,0.061240,-0.025826
0.146163,0.060753,-0.023274
0.149896,0.061896,-0.024764
0.152304,0.061404,-0.024644
0.150197,0.062628,-0.026738
0.152396,0.063067,-0.028441
0.154941,0.062201,-0.029331
0.155784,0.061634,-0.028636
0.157981,0.061758,-0.032533
0.157495,0.061486,-0.031980
0.160671,0.061086,-0.032480
0.160976,0.062970,-0.033723
0.163487,0.061180,-0.034724
0.163734,0.062481,-0.033966
0.165004,0.063321,-0.034665
0.166198,0.061710,-0.036507
0.170671,0.061847,-0.037296
0.167827,0.060210,-0.039597
0.169913,0.061047,-0.041350
0.173399,0.061394,-0.044536
0.175307,0.062273,-0.047002
0.176010,0.062583,-0.048469
0.178393,0.062988,-0.050262
0.179403,0.061081,-0.051190
0.181028,0.062354,-0.055256
0.182259,0.062760,-0.059580
0.184598,0.062496,-0.062199
0.185973,0.062812,-0.066618
0.187134,0.061847,-0.070267
-0.091969,0.063691,-0.030063
-0.091911,0.066954,-0.024320
-0.089077,0.065082,-0.017176
-0.086960,0.062830,-0.011695
-0.086120,0.064808,-0.010906
-0.084185,0.067186,-0.006444
-0.082368,0.065811,-0.002104
-0.080426,0.064795,-0.001926
-0.079968,0.064765,-0.001497
-0.077852,0.063601,0.002708
-0.078054,0.064772,0.003987
-0.076954,0.064621,0.006906
-0.075553,0.065989,0.008311
-0.072822,0.065623,0.009634
-0.072496,0.065230,0.007867
-0.069144,0.064321,0.013324
-0.069014,0.064790,0.013257
-0.067783,0.064852,0.014850
-0.065413,0.065394,0.015480
-0.063748,0.063747,0.017669
-0.063514,0.064080,0.017238
-0.061447,0.066296,0.020173
-0.061346,0.066202,0.017123
-0.058690,0.064557,0.018020
-0.058406,0.065053,0.018771
-0.057358,0.064798,0.020936
-0.054276,0.065744,0.021273
-0.053668,0.064385,0.020801
-0.052235,0.065407,0.021903
-0.048901,0.064995,0.022945
-0.049513,0.065182,0.023765
-0.048379,0.064056,0.022535
-0.045516,0.064788,0.023429
-0.043546,0.065923,0.023816
-0.043684,0.064802,0.024141
-0.044411,0.065379,0.023363
-0.040050,0.065076,0.025472
-0.040718,0.065576,0.024118
-0.036626,0.064868,0.025536
-0.034882,0.064077,0.025341
-0.035667,0.065643,0.024109
-0.034860,0.067000,0.024646
-0.033023,0.065538,0.024557
-0.030622,0.065851,0.025911
-0.028645,0.065006,0.026601
-0.030135,0.065093,0.025867
-0.027646,0.065786,0.027225
-0.025180,0.068874,0.026040
-0.026126,0.065493,0.026071
-0.024005,0.064778,0.026452
-0.020833,0.066053,0.026008
-0.021548,0.065492,0.028666
-0.019451,0.064437,0.025608
-0.016631,0.064817,0.026461
-0.017912,0.065549,0.025518
-0.014801,0.066286,0.026656
-0.012272,0.065226,0.027724
-0.012682,0.065136,0.028563
-0.008260,0.066250,0.026445
-0.009745,0.064650,0.026807
-0.006698,0.066200,0.029488
-0.006386,0.064333,0.028295
-0.003885,0.063334,0.028666
-0.004004,0.066038,0.028453
-0.003621,0.066410,0.028881
-0.001717,0.067384,0.028687
0.001834,0.066735,0.029380
0.003057,0.065599,0.029215
0.004302,0.065270,0.030697
0.004369,0.065931,0.030506
0.005372,0.065618,0.031933
0.008867,0.065276,0.032053
0.009546,0.066397,0.033456
0.009731,0.067476,0.032218
0.012150,0.067160,0.032810
0.012043,0.065336,0.033707
0.015631,0.064936,0.032624
0.015562,0.067969,0.034123
0.017227,0.065376,0.033199
0.018156,0.066898,0.034560
0.019945,0.065060,0.033224
0.020712,0.065650,0.033682
0.021511,0.066016,0.035159
0.024315,0.065882,0.035634
0.026011,0.065171,0.034403
0.027812,0.065597,0.034758
0.027386,0.065837,0.034558
0.028722,0.065555,0.035408
0.032310,0.066488,0.033917
0.033307,0.067306,0.035150
0.034323,0.064277,0.035008
0.035352,0.065104,0.034092
0.036664,0.066461,0.034399
0.037651,0.065378,0.034442
0.038318,0.065112,0.034513
0.041095,0.064415,0.033784
0.041692,0.066039,0.034437
0.043857,0.066126,0.034357
0.044575,0.066448,0.034287
0.044442,0.067884,0.032701
0.047901,0.065781,0.033395
0.049656,0.065502,0.033620
0.048731,0.066351,0.031660
0.050077,0.065113,0.032878
0.052718,0.065355,0.031551
0.055632,0.066855,0.031700
0.056599,0.062710,0.031693
0.057513,0.065910,0.032607
0.059516,0.065649,0.032163
0.059166,0.067102,0.031529
0.062634,0.064282,0.029511
0.062280,0.066415,0.030882
0.063794,0.067308,0.030136
0.064508,0.065725,0.028543
0.065308,0.063528,0.028807
0.067128,0.068110,0.028360
0.070084,0.066537,0.028060
0.070211,0.067118,0.028742
0.073240,0.065799,0.027464
0.073265,0.065366,0.024773
0.073653,0.065784,0.024392
0.076635,0.067595,0.025946
0.077767,0.066100,0.022677
0.079285,0.064771,0.024150
0.079540,0.064541,0.022386
0.081579,0.065035,0.023369
0.083157,0.065842,0.021099
0.085105,0.064506,0.021567
0.086786,0.064909,0.020826
0.087417,0.065201,0.019793
0.088740,0.063688,0.021233
0.093011,0.064395,0.018106
0.092647,0.065113,0.017288
0.092448,0.066179,0.015777
0.095275,0.066157,0.013163
0.096026,0.068141,0.014118
0.097066,0.065166,0.012846
0.098229,0.065585,0.012826
0.098200,0.063880,0.011164
0.100458,0.065606,0.010992
0.102245,0.066863,0.008723
0.104792,0.065967,0.008542
0.104855,0.065663,0.008152
0.106655,0.067042,0.006632
0.109683,0.063839,0.004688
0.109220,0.064897,0.001529
0.112141,0.065047,0.000299
0.113515,0.066126,-0.001925
0.113013,0.066441,0.001243
0.114663,0.065174,-0.002895
0.116241,0.066132,-0.003518
0.119290,0.064468,-0.002874
0.119802,0.064671,-0.007434
0.120934,0.061716,-0.008350
0.122379,0.064209,-0.010137
0.123148,0.065037,-0.011509
0.125796,0.063875,-0.013584
0.127775,0.065307,-0.012998
0.130819,0.064149,-0.014637
0.128849,0.064560,-0.016421
0.129489,0.066055,-0.017257
0.133841,0.065092,-0.016729
0.134645,0.065236,-0.018910
0.136529,0.064955,-0.018599
0.138164,0.063745,-0.021474
0.138690,0.063920,-0.020843
0.139686,0.066244,-0.022261
0.141003,0.064909,-0.021120
0.144600,0.064253,-0.022512
0.143834,0.064658,-0.024930
0.145117,0.062910,-0.024420
0.148244,0.065193,-0.025237
0.148365,0.065147,-0.025238
0.149735,0.062385,-0.025455
0.149998,0.065453,-0.027011
0.152987,0.063140,-0.028126
0.154095,0.061526,-0.027538
0.156230,0.066142,-0.028433
0.155907,0.065411,-0.030296
0.159106,0.064520,-0.031326
0.159878,0.065961,-0.034683
0.161724,0.065573,-0.032806
0.163033,0.065159,-0.033685
0.164175,0.062947,-0.034980
0.167370,0.062454,-0.035390
0.165695,0.061786,-0.036911
0.169445,0.064422,-0.039190
0.170246,0.062779,-0.040739
0.170350,0.064540,-0.041286
0.172754,0.065080,-0.042678
0.174519,0.063479,-0.046776
0.177300,0.062856,-0.048154
0.178460,0.065048,-0.052303
0.179290,0.063400,-0.051470
0.179894,0.063885,-0.055820
0.182333,0.062989,-0.061054
0.183856,0.065064,-0.064327
0.186093,0.064280,-0.068969
0.187169,0.060854,-0.079715
-0.093131,0.066683,-0.030819
-0.091762,0.063521,-0.024864
-0.089579,0.067619,-0.018732
-0.089229,0.066006,-0.014314
-0.086111,0.065968,-0.010101
-0.084640,0.066427,-0.008211
-0.082903,0.067358,-0.003469
-0.082634,0.067838,-0.003444
-0.078985,0.065302,-0.000309
-0.077567,0.064959,0.003950
-0.076629,0.067614,0.005219
-0.076235,0.069186,0.007367
-0.074833,0.065483,0.008587
-0.072785,0.066441,0.008870
-0.071765,0.067922,0.009233
-0.070298,0.066466,0.011182
-0.068635,0.066561,0.014120
-0.067476,0.067184,0.015703
-0.065754,0.065249,0.016858
-0.064283,0.066878,0.018088
-0.063283,0.066715,0.018141
-0.062574,0.067206,0.018067
-0.058758,0.066839,0.019459
-0.058814,0.066658,0.017437
-0.056886,0.068794,0.020523
-0.056188,0.069588,0.020835
-0.053158,0.066671,0.021057
-0.054513,0.066369,0.023775
-0.052357,0.066735,0.023749
-0.048929,0.067767,0.024537
-0.048370,0.067745,0.024423
-0.047751,0.066663,0.025486
-0.045158,0.065702,0.025111
-0.042356,0.066579,0.024631
-0.044124,0.070032,0.022045
-0.041298,0.066411,0.026338
-0.041622,0.066536,0.023536
-0.038106,0.068987,0.024185
-0.038228,0.067685,0.028016
-0.035446,0.067919,0.025608
-0.036664,0.065760,0.025846
-0.034849,0.069223,0.025655
-0.031966,0.066011,0.027476
-0.030715,0.066969,0.025891
-0.028049,0.066501,0.027034
-0.030663,0.065921,0.026020
-0.028048,0.066502,0.026099
-0.025897,0.067709,0.025382
-0.025052,0.066147,0.027582
-0.023654,0.067993,0.027473
-0.021833,0.066291,0.026479
-0.019828,0.066675,0.028190
-0.017649,0.068090,0.026799
-0.016983,0.066778,0.026686
-0.015475,0.067373,0.028077
-0.013744,0.067619,0.026663
-0.012005,0.066337,0.028976
-0.013833,0.067065,0.028088
-0.012974,0.065834,0.030347
-0.009737,0.067039,0.028596
-0.008282,0.066306,0.029165
-0.005844,0.067319,0.028369
-0.006820,0.066542,0.030532
-0.003063,0.069429,0.029072
-0.003431,0.067432,0.028665
-0.000438,0.066990,0.029554
0.000668,0.069087,0.032089
0.002761,0.067211,0.029693
0.003603,0.068840,0.031725
0.004408,0.068193,0.031977
0.006476,0.067034,0.031584
0.008072,0.066242,0.031125
0.009093,0.067461,0.032772
0.012098,0.066619,0.031898
0.012936,0.066501,0.031856
0.014753,0.068334,0.034678
0.014310,0.067714,0.033871
0.014567,0.067055,0.032778
0.017851,0.065215,0.034423
0.017780,0.068882,0.035363
0.021636,0.069445,0.035435
0.021507,0.067274,0.032494
0.022244,0.066615,0.034977
0.023752,0.067231,0.036196
0.024924,0.069436,0.035578
0.026634,0.065956,0.036036
0.028573,0.068463,0.034202
0.029369,0.067599,0.035674
0.030901,0.068896,0.034241
0.032909,0.068711,0.034617
0.032267,0.067486,0.034523
0.033209,0.065816,0.034679
0.036938,0.068333,0.037462
0.038843,0.067520,0.036172
0.039885,0.066173,0.034788
0.041184,0.067870,0.033521
0.041083,0.066663,0.034627
0.044085,0.065838,0.036077
0.044461,0.067171,0.033424
0.045639,0.068630,0.033193
0.046841,0.068534,0.035548
0.049213,0.067039,0.033673
0.049019,0.067879,0.033232
0.052207,0.068111,0.031799
0.053129,0.066726,0.034225
0.053335,0.067471,0.031532
0.056025,0.068092,0.032411
0.056616,0.065911,0.032129
0.059113,0.067223,0.030799
0.059293,0.066743,0.030895
0.060382,0.067194,0.030417
0.061751,0.066604,0.031242
0.063263,0.068007,0.028878
0.064556,0.068198,0.030360
0.065709,0.067650,0.028063
0.068042,0.066424,0.029477
0.070224,0.067381,0.025111
0.071015,0.067579,0.026792
0.072272,0.068538,0.027561
0.073565,0.067902,0.025237
0.073419,0.066458,0.025140
0.075869,0.066885,0.023942
0.079199,0.065234,0.026507
0.078682,0.068375,0.022030
0.080569,0.067942,0.024883
0.081097,0.068637,0.023731
0.082475,0.067108,0.022810
0.085116,0.067887,0.021216
0.084131,0.067930,0.021250
0.087694,0.068589,0.020738
0.087261,0.067109,0.019668
0.088121,0.066784,0.016919
0.091143,0.066130,0.018933
0.093583,0.066311,0.016493
0.094482,0.065562,0.015233
0.095582,0.067242,0.013890
0.097656,0.066824,0.013483
0.100789,0.067217,0.011164
0.099357,0.066560,0.012352
0.102641,0.067051,0.010515
0.102305,0.066653,0.009719
0.105203,0.067054,0.009365
0.105953,0.065743,0.006525
0.107049,0.066768,0.004405
0.109622,0.066938,0.005520
0.109606,0.066717,0.002233
0.110272,0.065767,0.001295
0.112493,0.067689,-0.000526
0.115505,0.066195,-0.000333
0.114006,0.066208,-0.001001
0.117745,0.065979,-0.004446
0.117484,0.066999,-0.003006
0.118215,0.067493,-0.006366
0.120568,0.064627,-0.008636
0.123027,0.066806,-0.009227
0.125231,0.067236,-0.009838
0.125908,0.066848,-0.013254
0.127582,0.066404,-0.012951
0.127118,0.065707,-0.014387
0.130488,0.066807,-0.015526
0.132139,0.066792,-0.016005
0.131950,0.067406,-0.017927
0.134875,0.067526,-0.018388
0.136315,0.066988,-0.021579
0.140024,0.065417,-0.020354
0.138617,0.066249,-0.020336
0.138532,0.065618,-0.020379
0.140904,0.064773,-0.020994
0.143309,0.068326,-0.022949
0.143820,0.066119,-0.025327
0.147328,0.066595,-0.025172
0.145471,0.066013,-0.024405
0.147761,0.065406,-0.026147
0.150107,0.066616,-0.026248
0.151654,0.064895,-0.027002
0.151627,0.065808,-0.027341
0.153070,0.066706,-0.031474
0.155017,0.067532,-0.028824
0.156372,0.066559,-0.029381
0.158309,0.065631,-0.032105
0.159425,0.065992,-0.031210
0.162215,0.065234,-0.032124
0.162869,0.065101,-0.035901
0.164157,0.066045,-0.035949
0.165260,0.066376,-0.034786
0.167903,0.065464,-0.038682
0.169063,0.065440,-0.039909
0.170149,0.064816,-0.041566
0.171947,0.067009,-0.042357
0.173692,0.064455,-0.044548
0.174500,0.065372,-0.044958
0.176202,0.065522,-0.047385
0.177410,0.065536,-0.050531
0.180004,0.065164,-0.052706
0.180619,0.066028,-0.055684
0.182581,0.067191,-0.059669
0.184324,0.064837,-0.064925
0.185672,0.064181,-0.068719
-0.092860,0.067582,-0.030939
-0.089418,0.069278,-0.024832
-0.087446,0.069010,-0.017227
-0.086421,0.067601,-0.011893
-0.086373,0.067161,-0.009161
-0.086527,0.068523,-0.007902
-0.081385,0.070717,-0.004423
-0.080608,0.067598,-0.002519
-0.081109,0.068237,0.001845
-0.081015,0.068118,0.003253
-0.078969,0.069431,0.004240
-0.076826,0.069510,0.004964
-0.076410,0.066942,0.006360
-0.071322,0.068167,0.008991
-0.071270,0.067645,0.011057
-0.070307,0.067817,0.011725
-0.069180,0.069025,0.012315
-0.067180,0.069243,0.015763
-0.064457,0.069608,0.015916
-0.064003,0.068478,0.017478
-0.063451,0.069224,0.018049
-0.062584,0.068419,0.019194
-0.059518,0.068762,0.019065
-0.058468,0.069284,0.020299
-0.057173,0.071196,0.018722
-0.056244,0.069224,0.020762
-0.055492,0.068398,0.021462
-0.052159,0.068991,0.022959
-0.051179,0.069480,0.023295
-0.050924,0.069777,0.024844
-0.049861,0.066770,0.023485
-0.049047,0.067986,0.024364
-0.046530,0.069284,0.023285
-0.046504,0.067508,0.026370
-0.044820,0.067916,0.024593
-0.040988,0.068867,0.024245
-0.037878,0.068604,0.026006
-0.040098,0.067423,0.024749
-0.036453,0.069024,0.025525
-0.036020,0.069379,0.025825
-0.036001,0.068405,0.025901
-0.034388,0.069815,0.026341
-0.032297,0.069538,0.025820
-0.030842,0.068133,0.025463
-0.031311,0.069219,0.027490
-0.026811,0.071149,0.027058
-0.026749,0.068121,0.027809
-0.025084,0.068259,0.027689
-0.023588,0.070850,0.026904
-0.022274,0.069162,0.026210
-0.022322,0.069399,0.027890
-0.019634,0.069321,0.027287
-0.018677,0.068484,0.027836
-0.015897,0.068980,0.027462
-0.014557,0.069059,0.028031
-0.015044,0.066905,0.026411
-0.014419,0.069578,0.028638
-0.011550,0.069531,0.029307
-0.011114,0.069598,0.029333
-0.009532,0.068568,0.027816
-0.007114,0.068821,0.029542
-0.005061,0.069399,0.029743
-0.004308,0.070558,0.030204
-0.004667,0.068453,0.028998
-0.003945,0.069721,0.031974
0.000857,0.070383,0.030174
0.001373,0.070006,0.029740
0.001827,0.066394,0.031866
0.004495,0.069312,0.031494
0.003527,0.067701,0.030319
0.006292,0.068064,0.034566
0.006734,0.067344,0.031819
0.011217,0.068573,0.031415
0.008961,0.068602,0.033862
0.012331,0.070068,0.034310
0.013022,0.069021,0.035603
0.013754,0.067246,0.034027
0.016122,0.067069,0.033314
0.018379,0.067187,0.036215
0.019420,0.068605,0.034208
0.019323,0.070664,0.035787
0.022593,0.069340,0.034965
0.023055,0.068407,0.036486
0.024163,0.068114,0.036267
0.023493,0.068161,0.035637
0.026805,0.067765,0.034751
0.027523,0.070406,0.036116
0.030089,0.067510,0.037635
0.030163,0.069799,0.035628
0.030544,0.071372,0.034929
0.033927,0.069415,0.037662
0.034399,0.067670,0.036345
0.036934,0.068898,0.036031
0.039436,0.069847,0.038202
0.037952,0.068840,0.036908
0.042547,0.068863,0.035324
0.042685,0.067673,0.035206
0.043092,0.069402,0.035171
0.044861,0.068890,0.033557
0.046810,0.070954,0.036232
0.046808,0.068584,0.034320
0.048357,0.070056,0.034305
0.048166,0.068019,0.033240
0.052084,0.068400,0.032264
0.051930,0.068838,0.032718
0.053433,0.069599,0.031319
0.056215,0.070202,0.031852
0.056535,0.067047,0.030345
0.058455,0.070839,0.032770
0.059601,0.068284,0.032232
0.061492,0.067795,0.031159
0.062997,0.069756,0.031196
0.064072,0.068777,0.030086
0.065786,0.068437,0.030244
0.065869,0.067383,0.029138
0.069182,0.070321,0.028875
0.070256,0.070022,0.028740
0.071086,0.067539,0.028352
0.071230,0.068204,0.027787
0.073552,0.071335,0.026134
0.074875,0.070447,0.025974
0.075405,0.069037,0.027541
0.076790,0.068990,0.025662
0.078696,0.069410,0.024647
0.080264,0.069766,0.023684
0.081220,0.070143,0.025156
0.083074,0.067569,0.023022
0.084667,0.069269,0.021388
0.087692,0.068490,0.019999
0.088122,0.067095,0.022799
0.088027,0.067273,0.017844
0.089906,0.069802,0.019598
0.092511,0.069515,0.017157
0.094266,0.069164,0.018186
0.094419,0.068495,0.016381
0.095957,0.068104,0.013472
0.098125,0.069871,0.014452
0.097661,0.067751,0.012717
0.100884,0.068270,0.014281
0.099038,0.066958,0.011083
0.103217,0.068792,0.011019
0.104321,0.067390,0.008457
0.106359,0.068300,0.007839
0.103516,0.067961,0.005951
0.107762,0.068514,0.005133
0.109874,0.069570,0.003385
0.111541,0.067902,0.003579
0.114434,0.067523,0.000235
0.113874,0.067739,-0.000420
0.113904,0.069086,-0.001973
0.117837,0.067478,-0.002368
0.119049,0.069383,-0.005796
0.120797,0.067692,-0.004340
0.119811,0.070347,-0.008212
0.122368,0.065814,-0.009561
0.124561,0.067459,-0.010907
0.125947,0.067833,-0.010237
0.127377,0.068499,-0.011460
0.128407,0.066518,-0.015075
0.130263,0.068374,-0.015216
0.130787,0.067243,-0.013810
0.132190,0.068540,-0.018287
0.132971,0.066356,-0.016600
0.135290,0.067194,-0.019546
0.136531,0.068070,-0.021440
0.138541,0.066940,-0.021120
0.138890,0.067150,-0.022106
0.143493,0.068592,-0.021353
0.141522,0.066972,-0.021614
0.144378,0.068455,-0.021242
0.146323,0.066034,-0.022745
0.149074,0.069692,-0.025468
0.148145,0.068209,-0.026749
0.150376,0.066553,-0.025256
0.150192,0.067459,-0.025222
0.152521,0.065886,-0.027388
0.155844,0.068940,-0.027138
0.156716,0.066280,-0.026886
0.156121,0.065434,-0.029666
0.161449,0.067952,-0.032097
0.159862,0.066551,-0.031482
0.163762,0.069886,-0.032438
0.161184,0.067533,-0.033266
0.163241,0.068934,-0.032636
0.164109,0.065649,-0.035255
0.165935,0.066536,-0.035961
0.168102,0.067808,-0.040319
0.169722,0.065717,-0.040518
0.173122,0.066502,-0.042311
0.173114,0.066471,-0.044232
0.175361,0.067577,-0.045967
0.175396,0.067410,-0.048242
0.178378,0.067578,-0.049658
0.179730,0.067554,-0.052513
0.181277,0.066479,-0.055558
0.182597,0.066726,-0.061063
0.184372,0.068249,-0.063613
0.185342,0.068062,-0.070085
-0.093921,0.068768,-0.032025
-0.088909,0.068782,-0.023766
-0.091396,0.070290,-0.017127
-0.086590,0.070609,-0.012528
-0.086467,0.068113,-0.008889
-0.086422,0.070744,-0.007833
-0.085129,0.069112,-0.001610
-0.082718,0.072049,-0.001570
-0.081125,0.070586,0.001907
-0.076959,0.070449,0.004756
-0.075868,0.068886,0.006388
-0.075044,0.070986,0.007001
-0.074393,0.068880,0.008044
-0.074506,0.070480,0.009070
-0.071029,0.069104,0.009994
-0.069797,0.069133,0.012816
-0.068463,0.069086,0.013713
-0.067408,0.070050,0.016158
-0.065625,0.071147,0.015341
-0.064794,0.069807,0.016588
-0.063879,0.069660,0.015691
-0.060778,0.072899,0.017255
-0.060832,0.070727,0.019316
-0.058942,0.070393,0.018648
-0.058051,0.070156,0.020234
-0.054556,0.070504,0.022364
-0.056551,0.070372,0.022137
-0.051936,0.068879,0.024004
-0.049953,0.071986,0.025394
-0.050599,0.070781,0.025056
-0.049009,0.070070,0.023239
-0.048474,0.068879,0.023413
-0.046422,0.070408,0.024448
-0.044140,0.069125,0.024885
-0.043334,0.070266,0.024609
-0.040660,0.069297,0.026182
-0.039377,0.071580,0.024377
-0.038219,0.069547,0.026079
-0.036963,0.068348,0.025580
-0.035690,0.070579,0.025658
-0.034410,0.070475,0.028113
-0.032696,0.068990,0.026114
-0.032827,0.070249,0.026722
-0.030429,0.069724,0.027591
-0.028175,0.070336,0.027181
-0.029096,0.069403,0.027666
-0.027746,0.068706,0.027905
-0.027561,0.070358,0.027701
-0.024061,0.071585,0.029071
-0.022631,0.070874,0.026885
-0.023185,0.070287,0.027474
-0.020980,0.070206,0.027262
-0.017713,0.069670,0.028488
-0.018260,0.072724,0.028711
-0.015591,0.070071,0.027373
-0.014929,0.072053,0.027907
-0.013297,0.069763,0.029085
-0.012319,0.070492,0.030186
-0.011058,0.068636,0.028996
-0.008557,0.072350,0.028188
-0.006630,0.070573,0.030798
-0.005274,0.072022,0.029024
-0.005179,0.070093,0.030713
-0.003748,0.071311,0.027328
-0.004454,0.070843,0.030708
-0.000505,0.069950,0.031005
0.000437,0.070096,0.031802
0.001875,0.070097,0.030652
0.003548,0.069257,0.031884
0.003766,0.071138,0.032716
0.005420,0.072062,0.032893
0.007962,0.069333,0.034439
0.008261,0.070510,0.032086
0.009493,0.070251,0.034529
0.010982,0.071836,0.033654
0.013405,0.070426,0.035180
0.012868,0.070576,0.034598
0.015254,0.070623,0.033264
0.017910,0.069354,0.035162
0.017556,0.068967,0.036241
0.019317,0.070268,0.037287
0.019810,0.070370,0.034902
0.024670,0.071374,0.035967
0.024053,0.068516,0.035094
0.025705,0.072518,0.038541
0.026204,0.068537,0.037547
0.027737,0.070760,0.037144
0.030938,0.070256,0.038234
0.030480,0.069362,0.036396
0.032266,0.069846,0.036670
0.034715,0.071833,0.037856
0.034065,0.070176,0.034059
0.036771,0.069682,0.036889
0.038596,0.070897,0.035449
0.038898,0.071488,0.036476
0.038636,0.070069,0.036992
0.043315,0.071393,0.036559
0.042535,0.071729,0.036152
0.043822,0.068529,0.036378
0.047567,0.068721,0.034262
0.045758,0.070493,0.033337
0.050125,0.071066,0.034523
0.050080,0.070079,0.032909
0.052334,0.070148,0.033915
0.053103,0.071174,0.032756
0.054809,0.071209,0.031805
0.056829,0.069695,0.034413
0.056708,0.070306,0.031717
0.060007,0.070732,0.032417
0.059354,0.070395,0.031131
0.061264,0.071196,0.031623
0.062332,0.070440,0.030128
0.063718,0.070807,0.031197
0.064790,0.071998,0.028632
0.067749,0.071523,0.031379
0.068609,0.071376,0.028522
0.068651,0.069337,0.029356
0.070643,0.070870,0.029258
0.073631,0.071452,0.028096
0.073628,0.071362,0.026004
0.074760,0.068152,0.024978
0.076526,0.068868,0.026129
0.078321,0.071755,0.025115
0.078421,0.070438,0.024667
0.081028,0.070941,0.025606
0.081678,0.070380,0.023564
0.081053,0.071353,0.021610
0.084469,0.070424,0.022345
0.086753,0.070605,0.019734
0.088118,0.071066,0.020506
0.086856,0.071032,0.021705
0.091321,0.069992,0.020123
0.092624,0.071040,0.018862
0.093903,0.071783,0.016985
0.095013,0.070230,0.015898
0.096311,0.069581,0.014840
0.095467,0.070104,0.016798
0.098330,0.070632,0.012864
0.099803,0.070611,0.013742
0.101277,0.070591,0.011030
0.101521,0.070389,0.010348
0.103069,0.068968,0.009453
0.103602,0.067941,0.006955
0.108449,0.071211,0.005440
0.108334,0.069603,0.004754
0.110144,0.070659,0.004763
0.110832,0.071406,0.004326
0.111650,0.070257,0.002041
0.115146,0.070358,0.001078
0.115668,0.070643,-0.003068
0.117719,0.069429,-0.001641
0.119720,0.068291,-0.004517
0.118429,0.068168,-0.005691
0.121522,0.071627,-0.006766
0.124361,0.068214,-0.009648
0.124579,0.070304,-0.010489
0.127019,0.070097,-0.010512
0.126710,0.069985,-0.011688
0.127011,0.069107,-0.011976
0.129902,0.070599,-0.014981
0.131245,0.068549,-0.019128
0.132044,0.069134,-0.014963
0.133099,0.070838,-0.017331
0.137091,0.069194,-0.018614
0.136658,0.068156,-0.019023
0.139401,0.069046,-0.019603
0.139319,0.069839,-0.020464
0.143717,0.068019,-0.022350
0.142897,0.071145,-0.020832
0.144604,0.068867,-0.021675
0.145156,0.069980,-0.025523
0.147852,0.070945,-0.024116
0.148071,0.069948,-0.025931
0.152367,0.070307,-0.024866
0.150322,0.069278,-0.025328
0.150881,0.068380,-0.028015
0.154296,0.068365,-0.029436
0.154542,0.069379,-0.030288
0.157811,0.070460,-0.030377
0.160267,0.068677,-0.031409
0.160324,0.069012,-0.032259
0.161426,0.069265,-0.032629
0.164147,0.068823,-0.032474
0.165024,0.068475,-0.033811
0.166822,0.067884,-0.034785
0.166837,0.067861,-0.038170
0.169049,0.069258,-0.041064
0.170443,0.069453,-0.042818
0.171101,0.068164,-0.043772
0.173047,0.067637,-0.044450
0.174479,0.068129,-0.045131
0.174902,0.069761,-0.048925
0.177422,0.069091,-0.052229
0.178555,0.068921,-0.053575
0.179660,0.068006,-0.058151
0.183243,0.068329,-0.061410
0.185051,0.068972,-0.066402
0.185325,0.069499,-0.086460
-0.092184,0.071609,-0.029793
-0.090353,0.070491,-0.022921
-0.089094,0.072047,-0.016802
-0.086085,0.071619,-0.011816
-0.085093,0.071406,-0.009716
-0.085552,0.071197,-0.005916
-0.084729,0.071965,-0.003990
-0.083091,0.071136,-0.003080
-0.078960,0.070821,0.000864
-0.078855,0.073046,0.004380
-0.076937,0.071477,0.007030
-0.074894,0.071223,0.007335
-0.074364,0.070702,0.008163
-0.071852,0.071155,0.009154
-0.071727,0.070581,0.012645
-0.070070,0.071171,0.012388
-0.068140,0.071962,0.013754
-0.066903,0.072473,0.016268
-0.065518,0.070850,0.015879
-0.063728,0.072116,0.016512
-0.063887,0.071115,0.018718
-0.061854,0.072820,0.018595
-0.059105,0.072440,0.018846
-0.060141,0.071808,0.019227
-0.057052,0.071787,0.021817
-0.057786,0.071095,0.020870
-0.052879,0.073226,0.022419
-0.051863,0.070969,0.022132
-0.052872,0.073519,0.023749
-0.051293,0.070619,0.024676
-0.049857,0.072073,0.024667
-0.048098,0.071363,0.022356
-0.044903,0.070357,0.024341
-0.045436,0.071666,0.026405
-0.042062,0.071974,0.025700
-0.042010,0.070937,0.025831
-0.040380,0.072694,0.025692
-0.038616,0.070192,0.026052
-0.038152,0.072347,0.027128
-0.036804,0.071042,0.027146
-0.035451,0.072334,0.026755
-0.033764,0.073521,0.027277
-0.031769,0.071898,0.025432
-0.030605,0.070685,0.026551
-0.029061,0.073407,0.028574
-0.028405,0.071829,0.027390
-0.028181,0.071582,0.027736
-0.028158,0.070268,0.026649
-0.023089,0.070804,0.026070
-0.022506,0.073515,0.025743
-0.021644,0.071626,0.027711
-0.021684,0.071512,0.029543
-0.018425,0.073082,0.028580
-0.017470,0.070411,0.027699
-0.016117,0.072927,0.028873
-0.013809,0.071563,0.029661
-0.014203,0.070438,0.029969
-0.010955,0.072202,0.028486
-0.010535,0.070790,0.029914
-0.007554,0.070384,0.028318
-0.006706,0.073290,0.032172
-0.006756,0.072866,0.031321
-0.006117,0.072253,0.030359
-0.003700,0.071789,0.031962
-0.000850,0.070719,0.032275
-0.001694,0.070898,0.031274
0.000192,0.071899,0.031325
0.000530,0.072662,0.033504
0.003006,0.071714,0.031705
0.004909,0.072577,0.032486
0.005327,0.072234,0.032536
0.007051,0.070987,0.031698
0.008398,0.069301,0.033835
0.008976,0.073537,0.034562
0.012732,0.074008,0.034213
0.014945,0.071594,0.035829
0.012629,0.072535,0.035256
0.016205,0.071328,0.034853
0.016151,0.072555,0.037875
0.017381,0.072890,0.036059
0.018359,0.071468,0.036764
0.021824,0.071767,0.035918
0.023913,0.072002,0.037751
0.024035,0.071836,0.036665
0.023954,0.073635,0.035731
0.026691,0.071159,0.037768
0.028114,0.070723,0.037182
0.029700,0.071355,0.036859
0.031131,0.071729,0.036566
0.032073,0.071365,0.036639
0.034178,0.072326,0.034931
0.035303,0.073238,0.036212
0.036495,0.072073,0.037270
0.037711,0.073817,0.035095
0.038031,0.074191,0.034216
0.042404,0.071529,0.036379
0.041890,0.072183,0.035078
0.043857,0.070266,0.035343
0.043719,0.072517,0.035519
0.045343,0.071199,0.033328
0.046975,0.070970,0.035204
0.049576,0.074016,0.035606
0.051145,0.072413,0.034519
0.051050,0.071129,0.036487
0.053416,0.074044,0.035560
0.055912,0.071131,0.032248
0.055709,0.072438,0.033567
0.055483,0.072179,0.031568
0.058361,0.072133,0.033558
0.057852,0.070220,0.030612
0.061477,0.072855,0.031470
0.063139,0.070673,0.030916
0.063037,0.071676,0.030864
0.065725,0.072898,0.030230
0.066368,0.072595,0.029616
0.068384,0.072719,0.028756
0.067358,0.073176,0.029660
0.071084,0.071426,0.028433
0.071509,0.071409,0.027767
0.073542,0.070590,0.027513
0.075515,0.070576,0.027899
0.076376,0.071943,0.027984
0.077229,0.073648,0.027186
0.079069,0.071856,0.023827
0.080448,0.070438,0.025544
0.080104,0.070233,0.024174
0.083724,0.071516,0.023280
0.083143,0.072327,0.023501
0.085239,0.072185,0.022560
0.086711,0.072434,0.021147
0.089032,0.071948,0.021756
0.088068,0.071738,0.020717
0.091404,0.071775,0.017199
0.093306,0.069884,0.019368
0.093459,0.070724,0.016091
0.096933,0.071370,0.017421
0.095900,0.072085,0.015673
0.098326,0.070868,0.016780
0.100554,0.071234,0.011741
0.100665,0.070278,0.012279
0.102019,0.071035,0.011231
0.104250,0.071544,0.008598
0.104924,0.072616,0.008188
0.107716,0.071335,0.006864
0.108417,0.071544,0.006425
0.110798,0.071909,0.003335
0.109946,0.071038,0.003403
0.112578,0.070542,0.002637
0.115116,0.071051,0.000870
0.115346,0.071145,-0.000773
0.115457,0.070545,-0.001922
0.117950,0.070062,-0.005106
0.121232,0.072585,-0.007345
0.123120,0.071744,-0.006660
0.122802,0.070468,-0.009051
0.124400,0.071072,-0.008276
0.124710,0.071161,-0.011014
0.127444,0.070909,-0.011347
0.128472,0.070600,-0.012385
0.129122,0.070225,-0.014467
0.131096,0.070473,-0.015992
0.131786,0.070466,-0.017302
0.135014,0.071868,-0.017196
0.134506,0.071029,-0.018624
0.138267,0.069854,-0.017382
0.138333,0.070908,-0.018245
0.138408,0.069657,-0.019127
0.139502,0.070833,-0.020425
0.142568,0.070189,-0.021452
0.145012,0.070367,-0.024227
0.145036,0.070722,-0.021391
0.146116,0.072079,-0.023449
0.148674,0.070829,-0.025377
0.150687,0.071395,-0.024060
0.151452,0.070517,-0.026723
0.152786,0.071425,-0.027973
0.154624,0.070915,-0.028722
0.156191,0.071624,-0.029198
0.155763,0.072182,-0.029170
0.158573,0.070340,-0.029715
0.160094,0.068183,-0.029973
0.161641,0.073595,-0.033374
0.162891,0.069870,-0.033476
0.165567,0.070921,-0.033091
0.164417,0.070253,-0.033867
0.168092,0.068191,-0.038949
0.168225,0.071710,-0.041116
0.169876,0.070361,-0.041866
0.171637,0.071186,-0.043035
0.173029,0.069254,-0.045833
0.174447,0.071387,-0.047416
0.174292,0.070590,-0.049734
0.178414,0.071089,-0.051989
0.178854,0.069860,-0.055679
0.180319,0.070364,-0.058516
0.184148,0.072107,-0.063526
0.183559,0.070631,-0.069170
-0.093681,0.073817,-0.030080
-0.092732,0.073124,-0.023998
-0.088061,0.072242,-0.017065
-0.088861,0.072193,-0.012135
-0.086817,0.073530,-0.011373
-0.083466,0.071833,-0.007767
-0.080553,0.073081,-0.004335
-0.079799,0.072370,-0.003120
-0.080694,0.072305,0.002164
-0.078282,0.072055,0.003128
-0.078522,0.074244,0.004757
-0.076670,0.071475,0.009370
-0.074124,0.071727,0.008151
-0.072840,0.074212,0.008614
-0.070535,0.072384,0.011333
-0.068475,0.073999,0.012794
-0.069518,0.073870,0.013013
-0.067145,0.074136,0.016039
-0.064802,0.072336,0.015773
-0.064132,0.074104,0.016693
-0.061213,0.073305,0.016523
-0.061929,0.075685,0.016912
-0.061171,0.074557,0.020917
-0.057428,0.073251,0.018308
-0.058709,0.073833,0.020274
-0.055737,0.071550,0.021246
-0.056037,0.074224,0.022548
-0.052284,0.074887,0.022212
-0.052127,0.072363,0.023031
-0.050802,0.073925,0.022299
-0.047419,0.073844,0.022916
-0.047068,0.073388,0.025000
-0.047532,0.074617,0.025333
-0.044627,0.073203,0.024564
-0.043799,0.072075,0.025603
-0.040941,0.075207,0.026362
-0.040814,0.074124,0.024260
-0.038486,0.073988,0.025427
-0.037910,0.072782,0.027562
-0.035246,0.073512,0.026406
-0.034680,0.075737,0.025494
-0.032843,0.074068,0.029201
-0.032266,0.073660,0.025778
-0.029384,0.075335,0.027999
-0.028250,0.071791,0.028554
-0.027705,0.073518,0.026802
-0.024058,0.073752,0.027181
-0.026676,0.072016,0.030293
-0.024112,0.074293,0.028792
-0.023780,0.071924,0.027323
-0.021172,0.072595,0.027787
-0.020362,0.073872,0.028171
-0.019311,0.076384,0.029560
-0.016313,0.074563,0.028230
-0.015251,0.075907,0.028067
-0.013898,0.074258,0.027450
-0.013834,0.073310,0.030500
-0.013130,0.074489,0.030695
-0.009773,0.071895,0.029731
-0.007526,0.072972,0.028526
-0.007493,0.071248,0.030616
-0.007404,0.073535,0.032495
-0.004631,0.072362,0.030947
-0.002891,0.072879,0.031175
-0.001597,0.073667,0.032876
-0.002139,0.073483,0.031144
0.000646,0.072592,0.032277
0.002313,0.073932,0.032557
0.001984,0.073096,0.031490
0.004583,0.073717,0.032874
0.005042,0.074555,0.033148
0.008172,0.073767,0.034499
0.007912,0.072937,0.033338
0.010548,0.073283,0.033395
0.012222,0.074751,0.034572
0.012611,0.074278,0.036222
0.015664,0.073879,0.034318
0.015148,0.074323,0.036551
0.016492,0.074166,0.037786
0.019601,0.072736,0.036876
0.018778,0.071738,0.034888
0.021868,0.073309,0.038254
0.021590,0.073203,0.036314
0.025431,0.073693,0.036635
0.024089,0.072204,0.036561
0.025678,0.074617,0.037035
0.028700,0.076451,0.039084
0.029967,0.074936,0.038729
0.031307,0.073438,0.038583
0.033874,0.073111,0.037022
0.033292,0.073390,0.036403
0.035625,0.072736,0.037643
0.038588,0.072530,0.037274
0.037140,0.074908,0.037130
0.038328,0.074165,0.038715
0.039262,0.073808,0.037252
0.042661,0.073779,0.035735
0.044639,0.072060,0.035260
0.044784,0.074789,0.036033
0.045629,0.071938,0.035288
0.045921,0.073687,0.034748
0.049863,0.076312,0.035216
0.050333,0.072923,0.035004
0.051026,0.073680,0.035710
0.054352,0.073160,0.034239
0.056239,0.072924,0.033281
0.055783,0.074321,0.033224
0.057322,0.073280,0.032338
0.057857,0.072423,0.032503
0.060134,0.071556,0.030731
0.060847,0.075223,0.032264
0.062935,0.072204,0.031338
0.063518,0.073071,0.028442
0.063535,0.075264,0.030752
0.066017,0.073497,0.029183
0.066663,0.071579,0.029317
0.067463,0.074426,0.030276
0.069636,0.074890,0.029050
0.070054,0.072706,0.027840
0.072599,0.074702,0.027782
0.075391,0.072324,0.027051
0.075430,0.073688,0.026389
0.077531,0.074151,0.027220
0.079435,0.072705,0.025115
0.081504,0.073612,0.024354
0.080799,0.073748,0.024740
0.083835,0.073987,0.024568
0.084568,0.073032,0.022935
0.086740,0.074912,0.025529
0.086153,0.072187,0.021701
0.088195,0.072032,0.024563
0.088665,0.072009,0.020018
0.090267,0.071913,0.020617
0.092916,0.071755,0.019301
0.094476,0.072712,0.016113
0.093086,0.072659,0.014427
0.097851,0.074567,0.015790
0.099653,0.074212,0.013049
0.098544,0.073299,0.012464
0.100949,0.073768,0.012427
0.101757,0.075138,0.012786
0.104443,0.072450,0.009774
0.106005,0.072107,0.010519
0.106790,0.072339,0.006570
0.107924,0.073961,0.007200
0.109800,0.073079,0.007229
0.110503,0.072964,0.003476
0.113067,0.073707,0.001704
0.113937,0.074817,0.001139
0.116312,0.072771,0.001739
0.118880,0.072235,-0.002907
0.118282,0.074016,-0.004249
0.119019,0.073176,-0.006424
0.120910,0.071918,-0.008455
0.122362,0.073112,-0.009360
0.124782,0.071826,-0.010356
0.125296,0.072396,-0.008560
0.128117,0.072770,-0.011953
0.128069,0.073328,-0.011999
0.129869,0.071951,-0.016310
0.130703,0.073641,-0.014350
0.132467,0.071883,-0.014503
0.135013,0.072164,-0.018648
0.136212,0.074211,-0.019251
0.137964,0.072559,-0.018721
0.138240,0.074324,-0.018982
0.139607,0.072826,-0.021435
0.140639,0.070215,-0.020925
0.141290,0.071942,-0.020551
0.144483,0.070412,-0.023392
0.146291,0.072975,-0.021888
0.146919,0.073208,-0.025662
0.145687,0.072272,-0.025303
0.150096,0.070991,-0.023925
0.151835,0.072630,-0.026426
0.151910,0.070548,-0.025980
0.154248,0.071304,-0.028122
0.155641,0.073356,-0.028587
0.155354,0.072107,-0.029436
0.158805,0.073450,-0.028842
0.161267,0.071492,-0.031376
0.162302,0.072841,-0.033417
0.164266,0.071216,-0.033356
0.164120,0.072359,-0.034359
0.165982,0.071792,-0.037377
0.167831,0.071732,-0.038483
0.166119,0.071727,-0.038026
0.171117,0.072663,-0.041973
0.172352,0.071527,-0.043598
0.173760,0.072429,-0.046232
0.175186,0.071131,-0.047324
0.174847,0.072659,-0.047288
0.176616,0.072199,-0.051102
0.177915,0.069393,-0.054775
0.180418,0.070124,-0.060437
0.184945,0.070707,-0.067173
0.183758,0.071055,-0.069201
-0.092188,0.073108,-0.029967
-0.092579,0.073350,-0.023766
-0.088507,0.073113,-0.016551
-0.087422,0.074805,-0.011526
-0.086293,0.075227,-0.009107
-0.085253,0.074681,-0.006658
-0.081685,0.075502,-0.002206
-0.081167,0.074237,0.000994
-0.080426,0.074057,-0.000867
-0.078084,0.074317,0.005208
-0.075652,0.071769,0.006109
-0.076151,0.074734,0.007689
-0.075495,0.075200,0.008568
-0.074806,0.075229,0.009634
-0.069554,0.075367,0.010182
-0.071518,0.075216,0.011533
-0.068319,0.075635,0.012804
-0.066864,0.074945,0.014774
-0.066504,0.075267,0.016588
-0.064568,0.074700,0.017628
-0.063982,0.075506,0.018181
-0.063220,0.075123,0.018614
-0.059772,0.074493,0.020670
-0.059100,0.075465,0.019468
-0.056017,0.074791,0.020311
-0.056304,0.074970,0.019846
-0.054015,0.074812,0.023024
-0.052894,0.074945,0.022934
-0.052528,0.074935,0.023992
-0.050973,0.075678,0.022489
-0.049414,0.074107,0.025142
-0.045638,0.075071,0.024605
-0.048234,0.076065,0.023737
-0.044298,0.074514,0.026089
-0.045231,0.075049,0.024675
-0.043988,0.075032,0.026710
-0.041160,0.073315,0.026555
-0.040409,0.074373,0.025483
-0.038360,0.074900,0.025266
-0.036456,0.074385,0.026080
-0.034274,0.076738,0.026539
-0.033878,0.076717,0.028074
-0.032230,0.074464,0.026914
-0.030843,0.074361,0.028044
-0.030676,0.074515,0.030258
-0.028459,0.075805,0.027820
-0.027937,0.076628,0.028676
-0.025879,0.072512,0.029711
-0.024859,0.074717,0.026951
-0.022923,0.075985,0.028840
-0.020464,0.075281,0.028601
-0.019857,0.075175,0.029615
-0.019076,0.075040,0.027725
-0.017803,0.075282,0.030073
-0.015364,0.075476,0.028376
-0.014501,0.076227,0.031493
-0.013330,0.074914,0.029046
-0.013037,0.076637,0.030566
-0.010563,0.074330,0.031633
-0.008139,0.075932,0.029543
-0.008124,0.074680,0.030763
-0.006028,0.077191,0.031013
-0.004603,0.076331,0.030920
-0.004160,0.074549,0.030705
-0.000166,0.075482,0.032044
-0.001528,0.074463,0.032417
-0.000048,0.074106,0.033226
0.001885,0.075191,0.034413
0.000334,0.073138,0.034157
0.006009,0.075477,0.034269
0.006489,0.074020,0.033342
0.006899,0.076403,0.034786
0.009073,0.077325,0.035328
0.009870,0.075828,0.035423
0.010735,0.073043,0.035632
0.012893,0.077272,0.035676
0.014932,0.073549,0.036309
0.016921,0.074942,0.037711
0.017641,0.075993,0.037410
0.019958,0.075860,0.037630
0.020040,0.077473,0.037037
0.019026,0.075499,0.036971
0.022406,0.076037,0.037902
0.024631,0.076008,0.035958
0.023828,0.075011,0.039646
0.027321,0.074092,0.037896
0.029284,0.076741,0.038377
0.028486,0.075084,0.036845
0.031346,0.075555,0.037126
0.031129,0.075152,0.038181
0.033725,0.074847,0.037008
0.035587,0.075318,0.036413
0.034983,0.075130,0.038562
0.038515,0.075062,0.035459
0.039140,0.075699,0.034901
0.039330,0.075855,0.037359
0.040749,0.074727,0.037559
0.045054,0.076805,0.036642
0.045489,0.074244,0.034974
0.047073,0.075065,0.034298
0.046141,0.074599,0.035098
0.048917,0.074604,0.034524
0.050732,0.075723,0.034145
0.051477,0.075033,0.032362
0.053907,0.074142,0.032652
0.053467,0.074829,0.034045
0.054006,0.074635,0.032130
0.056906,0.075244,0.033008
0.057719,0.077350,0.033219
0.058522,0.075225,0.032114
0.063574,0.073748,0.030514
0.063481,0.074929,0.031329
0.065232,0.076677,0.030878
0.065936,0.075017,0.028954
0.066623,0.075846,0.029241
0.068598,0.075373,0.031402
0.067281,0.076674,0.029243
0.069312,0.075237,0.028120
0.072000,0.073282,0.028191
0.075364,0.076049,0.026924
0.073913,0.074463,0.026799
0.077509,0.077934,0.025643
0.076745,0.075518,0.026600
0.078590,0.073582,0.025598
0.080506,0.075501,0.025390
0.082686,0.073439,0.024538
0.081478,0.075932,0.024043
0.085091,0.075032,0.023477
0.085817,0.074269,0.025089
0.087152,0.075217,0.020997
0.088870,0.074703,0.022936
0.087901,0.073890,0.021078
0.091960,0.073262,0.019855
0.093763,0.075607,0.018685
0.094184,0.075092,0.017248
0.094704,0.074497,0.018972
0.097200,0.075967,0.017634
0.098761,0.074264,0.014892
0.097597,0.074791,0.013065
0.103040,0.074010,0.013175
0.101889,0.073298,0.013799
0.104176,0.074103,0.008916
0.105340,0.076160,0.007935
0.107742,0.072645,0.008927
0.109398,0.075741,0.007113
0.109028,0.072558,0.004836
0.111117,0.072599,0.002809
0.114047,0.075037,0.002221
0.112530,0.073696,0.001695
0.113809,0.073640,0.000673
0.116152,0.074185,-0.003203
0.121215,0.073642,-0.003991
0.119758,0.074535,-0.005283
0.121574,0.073514,-0.004867
0.122616,0.074310,-0.008935
0.123675,0.073275,-0.008668
0.125541,0.073162,-0.011285
0.126474,0.075506,-0.011978
0.129216,0.075270,-0.012105
0.130075,0.075651,-0.014511
0.129962,0.075193,-0.013706
0.131459,0.072697,-0.015298
0.134122,0.074756,-0.016816
0.135332,0.074988,-0.018892
0.137227,0.072227,-0.018852
0.140193,0.074225,-0.019361
0.140457,0.072816,-0.020611
0.139968,0.076199,-0.020319
0.142007,0.074296,-0.018690
0.145181,0.072987,-0.023021
0.144985,0.075346,-0.023354
0.147281,0.074094,-0.022163
0.148834,0.073173,-0.025312
0.148189,0.071628,-0.024887
0.150620,0.073802,-0.025691
0.154659,0.074715,-0.027193
0.153515,0.074278,-0.028135
0.155950,0.074150,-0.028420
0.156539,0.075798,-0.029704
0.158398,0.073588,-0.029527
0.160729,0.074598,-0.031376
0.163639,0.073116,-0.033742
0.161736,0.075733,-0.032619
0.165468,0.074593,-0.034467
0.167688,0.074016,-0.035272
0.166417,0.074054,-0.036870
0.167554,0.073604,-0.038414
0.170172,0.073841,-0.041180
0.170917,0.074205,-0.043791
0.171159,0.074923,-0.047610
0.172989,0.074632,-0.046004
0.176294,0.072002,-0.049040
0.178559,0.071440,-0.051515
0.177065,0.073948,-0.059112
0.181571,0.073466,-0.062713
0.183203,0.072618,-0.065149
-0.090076,0.075904,-0.030693
-0.092255,0.076593,-0.024569
-0.090055,0.074317,-0.017786
-0.087878,0.078629,-0.012065
-0.086904,0.075267,-0.010334
-0.083415,0.075107,-0.006495
-0.083198,0.076505,-0.004448
-0.080494,0.074900,-0.001060
-0.081559,0.076803,0.002154
-0.079047,0.074495,0.003833
-0.078354,0.077481,0.005488
-0.073867,0.076752,0.006477
-0.072487,0.078776,0.007739
-0.071068,0.077762,0.010539
-0.073338,0.075548,0.011060
-0.070590,0.078302,0.014086
-0.068679,0.075516,0.015387
-0.066398,0.078303,0.016268
-0.066071,0.077096,0.018865
-0.064345,0.076765,0.017337
-0.062996,0.076898,0.017744
-0.062625,0.076932,0.018790
-0.059089,0.076522,0.020914
-0.057751,0.077816,0.020656
-0.057388,0.074153,0.023756
-0.056019,0.075910,0.022176
-0.053195,0.077069,0.022339
-0.054224,0.077086,0.022759
-0.051440,0.076441,0.024268
-0.049030,0.076592,0.024342
-0.050085,0.076261,0.024118
-0.047946,0.079206,0.023788
-0.046092,0.076202,0.024022
-0.045198,0.075762,0.025646
-0.044982,0.076757,0.026788
-0.043070,0.076682,0.027033
-0.040421,0.075374,0.026179
-0.037848,0.076184,0.027936
-0.035901,0.074789,0.025951
-0.035704,0.077197,0.026502
-0.036267,0.076401,0.027677
-0.033376,0.076096,0.028857
-0.034258,0.076701,0.026843
-0.032173,0.076503,0.027609
-0.029705,0.075538,0.029003
-0.027892,0.078450,0.027989
-0.026766,0.078656,0.028540
-0.025588,0.076389,0.030619
-0.024145,0.076802,0.028860
-0.021756,0.075889,0.027630
-0.020854,0.077873,0.028588
-0.019421,0.075052,0.030421
-0.019093,0.076993,0.031311
-0.016031,0.077054,0.030079
-0.015548,0.077482,0.029651
-0.016309,0.077186,0.031109
-0.014699,0.074186,0.032605
-0.012229,0.076391,0.029882
-0.009331,0.076178,0.029923
-0.008619,0.075258,0.030594
-0.006981,0.075848,0.029833
-0.007484,0.077365,0.029395
-0.004750,0.076924,0.032794
-0.003764,0.076761,0.032163
-0.003286,0.077074,0.031962
-0.001399,0.078323,0.033213
-0.000325,0.076887,0.034352
0.001397,0.077895,0.033402
0.002390,0.077327,0.034748
0.004754,0.075507,0.032962
0.006694,0.076538,0.034254
0.007013,0.077898,0.034942
0.011321,0.078322,0.036503
0.011865,0.076924,0.035758
0.011961,0.076490,0.035842
0.011450,0.077803,0.036790
0.014195,0.078206,0.035653
0.013650,0.077355,0.035437
0.017465,0.076483,0.035868
0.018112,0.076638,0.037265
0.020560,0.077496,0.038364
0.021827,0.077781,0.038455
0.024604,0.078584,0.037328
0.025277,0.077996,0.039215
0.026288,0.075973,0.038933
0.026594,0.076539,0.037633
0.028472,0.075736,0.038618
0.028167,0.077330,0.038852
0.028763,0.076612,0.037922
0.032878,0.078414,0.036201
0.033760,0.075993,0.036795
0.034627,0.077143,0.037537
0.036862,0.077185,0.037229
0.038676,0.077386,0.037537
0.039855,0.075677,0.038491
0.041285,0.076393,0.037725
0.041713,0.077186,0.036539
0.042695,0.077075,0.035715
0.045473,0.075728,0.035142
0.045622,0.075952,0.035754
0.045238,0.076838,0.036589
0.048275,0.078484,0.035985
0.050137,0.077126,0.037320
0.052043,0.076881,0.034603
0.052890,0.077011,0.034564
0.054342,0.077497,0.031966
0.056295,0.077568,0.034616
0.057252,0.079158,0.033312
0.058948,0.075546,0.029829
0.059305,0.078546,0.033161
0.061455,0.075556,0.031855
0.062149,0.077193,0.031888
0.064776,0.077899,0.030401
0.065209,0.076634,0.031427
0.065218,0.077894,0.028851
0.067391,0.075743,0.028148
0.068887,0.076861,0.028087
0.070944,0.075181,0.027835
0.070866,0.077786,0.026655
0.073652,0.076251,0.027199
0.074962,0.076094,0.026216
0.076831,0.076777,0.028027
0.077030,0.076553,0.027610
0.079027,0.077143,0.025897
0.080763,0.075998,0.025427
0.080573,0.076169,0.023349
0.082078,0.076320,0.025607
0.085890,0.079218,0.022649
0.086600,0.076575,0.023223
0.087410,0.076843,0.022617
0.089156,0.076406,0.022385
0.091532,0.076371,0.022367
0.091906,0.077392,0.019682
0.092413,0.078321,0.019412
0.092510,0.077707,0.019185
0.095928,0.076674,0.016908
0.096348,0.076293,0.016873
0.098687,0.074053,0.018180
0.098682,0.077609,0.014484
0.100936,0.077996,0.013189
0.103376,0.075909,0.013183
0.103847,0.076964,0.009520
0.105954,0.075927,0.011011
0.106990,0.076300,0.009458
0.108887,0.077287,0.007283
0.108834,0.075718,0.006206
0.109316,0.075632,0.004072
0.114069,0.075720,0.005280
0.112495,0.076768,0.001656
0.116212,0.076701,0.002014
0.117130,0.076595,-0.001257
0.118287,0.076600,-0.004044
0.119959,0.077290,-0.004602
0.120382,0.074570,-0.006173
0.122788,0.074594,-0.009415
0.124551,0.073503,-0.010673
0.124885,0.074924,-0.008765
0.126585,0.077334,-0.010685
0.126940,0.075665,-0.012226
0.128547,0.076575,-0.013072
0.131674,0.075902,-0.014915
0.132905,0.075008,-0.015521
0.133385,0.074803,-0.016502
0.135280,0.076415,-0.016799
0.137255,0.075481,-0.018420
0.140095,0.075033,-0.018976
0.140874,0.076544,-0.021058
0.141036,0.076950,-0.021295
0.144496,0.077520,-0.020054
0.144442,0.075479,-0.021616
0.144394,0.075989,-0.023192
0.148913,0.074752,-0.022504
0.149276,0.076635,-0.023033
0.150437,0.076141,-0.025274
0.150790,0.074877,-0.026168
0.152332,0.075030,-0.027059
0.153594,0.074319,-0.025795
0.154556,0.075909,-0.027183
0.158472,0.077969,-0.028714
0.158192,0.076526,-0.030026
0.159384,0.075690,-0.033073
0.161146,0.076570,-0.034176
0.162649,0.076208,-0.032035
0.163749,0.075716,-0.035969
0.166196,0.074340,-0.036719
0.167286,0.076192,-0.037764
0.167828,0.076241,-0.039248
0.169630,0.077041,-0.041078
0.173516,0.074891,-0.043609
0.173135,0.077325,-0.045729
0.174443,0.074805,-0.046809
0.177541,0.076345,-0.049827
0.176976,0.074719,-0.055782
0.180543,0.074854,-0.057973
0.180643,0.073295,-0.064015
0.183778,0.076198,-0.067022
-0.092056,0.076439,-0.031018
-0.091160,0.077651,-0.024088
-0.090343,0.077193,-0.017482
-0.086436,0.079064,-0.011445
-0.086279,0.078045,-0.009489
-0.085419,0.078169,-0.006714
-0.083167,0.075006,-0.001786
-0.080237,0.078623,-0.000932
-0.081381,0.077984,0.002361
-0.078695,0.078638,0.004535
-0.077140,0.076101,0.005525
-0.076359,0.078009,0.008065
-0.073445,0.076688,0.011413
-0.074281,0.078390,0.011037
-0.071804,0.078744,0.011338
-0.069539,0.076593,0.012253
-0.067449,0.078053,0.014465
-0.067755,0.078282,0.015173
-0.064413,0.077595,0.018016
-0.063317,0.077356,0.018927
-0.062383,0.078117,0.017620
-0.061566,0.078184,0.019134
-0.060085,0.078450,0.017467
-0.060517,0.078456,0.018298
-0.057218,0.076690,0.021682
-0.058137,0.077707,0.022282
-0.054500,0.078572,0.021666
-0.053005,0.077854,0.023062
-0.052490,0.078189,0.023134
-0.048791,0.080371,0.025466
-0.050698,0.076746,0.023958
-0.046832,0.078429,0.024182
-0.047653,0.077282,0.023930
-0.044229,0.077293,0.026835
-0.044481,0.077354,0.024562
-0.042563,0.078828,0.025057
-0.038863,0.077624,0.026411
-0.039433,0.079025,0.029863
-0.038858,0.077787,0.026785
-0.036071,0.078745,0.027249
-0.037075,0.078847,0.028251
-0.032353,0.077509,0.028451
-0.033328,0.078433,0.027532
-0.030211,0.078153,0.028568
-0.030108,0.079052,0.027510
-0.027058,0.077284,0.029184
-0.027579,0.078971,0.030910
-0.026679,0.078562,0.029427
-0.023251,0.078511,0.029279
-0.022704,0.078620,0.028618
-0.021218,0.079383,0.029530
-0.019767,0.079158,0.031136
-0.019455,0.077429,0.030369
-0.018300,0.078034,0.031027
-0.015294,0.077323,0.030188
-0.013567,0.078808,0.029418
-0.013477,0.079343,0.029155
-0.011569,0.078409,0.030737
-0.011337,0.076898,0.029450
-0.010626,0.078921,0.030160
-0.006227,0.078603,0.032914
-0.006636,0.078544,0.033800
-0.004347,0.079451,0.033304
-0.003909,0.079090,0.031923
-0.003057,0.078732,0.033249
-0.001002,0.077488,0.033310
-0.000188,0.079355,0.033690
0.003040,0.079503,0.033373
0.002301,0.078937,0.034832
0.004653,0.079249,0.034727
0.006582,0.079536,0.036579
0.008382,0.078395,0.037727
0.009563,0.079783,0.035955
0.010543,0.079980,0.036964
0.012624,0.077494,0.038185
0.013036,0.078338,0.037785
0.013209,0.079433,0.035704
0.015226,0.078997,0.037620
0.016065,0.078546,0.039447
0.018089,0.078519,0.037062
0.020888,0.077542,0.038382
0.021726,0.077765,0.035741
0.023399,0.078626,0.041896
0.024060,0.079414,0.038390
0.024396,0.077725,0.038857
0.026375,0.077969,0.037373
0.026657,0.080586,0.039702
0.029492,0.079486,0.038656
0.031944,0.077507,0.038190
0.033234,0.076029,0.039397
0.033887,0.078499,0.039404
0.034844,0.079125,0.037668
0.036111,0.079608,0.037536
0.036712,0.077030,0.037072
0.038551,0.077048,0.038342
0.039726,0.078574,0.038394
0.040315,0.076245,0.036892
0.042398,0.077976,0.038507
0.045544,0.077990,0.037445
0.046010,0.078557,0.036170
0.048067,0.078137,0.036076
0.048026,0.077817,0.033952
0.051658,0.077712,0.034744
0.051084,0.078551,0.034131
0.052229,0.078801,0.035502
0.051284,0.078600,0.033432
0.053679,0.077592,0.034135
0.056753,0.078932,0.034644
0.057157,0.079519,0.032437
0.059262,0.078517,0.031614
0.061144,0.079330,0.030653
0.062102,0.076784,0.032345
0.063624,0.080076,0.030606
0.065271,0.078824,0.031049
0.065869,0.080061,0.027875
0.068316,0.078461,0.029148
0.069679,0.081365,0.028201
0.070217,0.078730,0.027274
0.069786,0.078725,0.029248
0.075037,0.077432,0.028228
0.076660,0.076143,0.029787
0.077155,0.078636,0.029235
0.076748,0.079151,0.026878
0.078102,0.077459,0.026369
0.080289,0.078801,0.026129
0.083418,0.077215,0.026385
0.082289,0.077473,0.026047
0.084351,0.079307,0.024796
0.085148,0.078045,0.023020
0.086140,0.076562,0.022045
0.087838,0.077998,0.023430
0.090084,0.079323,0.021652
0.091525,0.077515,0.021623
0.093099,0.078282,0.018877
0.094212,0.076869,0.020558
0.095758,0.079310,0.017565
0.095178,0.076959,0.017002
0.097547,0.078196,0.016867
0.100099,0.076798,0.014956
0.100675,0.078084,0.015048
0.101587,0.077071,0.012503
0.103880,0.077064,0.010505
0.105346,0.077384,0.009245
0.105870,0.078896,0.007650
0.108766,0.078107,0.007873
0.110544,0.077713,0.006692
0.110145,0.077933,0.005752
0.113466,0.076281,0.002641
0.114804,0.076787,0.003198
0.113444,0.077720,0.000601
0.118149,0.076534,-0.001217
0.118244,0.077612,-0.003079
0.120330,0.077729,-0.005927
0.119722,0.078560,-0.005994
0.123682,0.079467,-0.007166
0.124238,0.076507,-0.009704
0.124352,0.076012,-0.009963
0.126410,0.076095,-0.010396
0.128954,0.076560,-0.012410
0.129194,0.076839,-0.013443
0.129882,0.076618,-0.014728
0.133846,0.078090,-0.015023
0.135140,0.077242,-0.017281
0.136463,0.078486,-0.016870
0.136621,0.078130,-0.017805
0.138333,0.077011,-0.019798
0.140982,0.078610,-0.018804
0.139945,0.076963,-0.021358
0.143277,0.077426,-0.021997
0.142803,0.078147,-0.021076
0.145342,0.077456,-0.021450
0.146219,0.076798,-0.021904
0.147715,0.077559,-0.022573
0.151348,0.077844,-0.022517
0.151438,0.076265,-0.024370
0.152826,0.076864,-0.025854
0.155021,0.075650,-0.028399
0.153431,0.076822,-0.026894
0.157814,0.076409,-0.029282
0.157722,0.077401,-0.029683
0.159491,0.078500,-0.029555
0.163101,0.077467,-0.033651
0.162275,0.077154,-0.034579
0.165376,0.074958,-0.033202
0.166312,0.076425,-0.036742
0.169408,0.076802,-0.038485
0.169015,0.076573,-0.038503
0.170393,0.075967,-0.042749
0.170157,0.076555,-0.044130
0.172204,0.076583,-0.046688
0.175600,0.078765,-0.046221
0.176110,0.078290,-0.050108
0.179233,0.077308,-0.053725
0.178435,0.075771,-0.059610
0.181513,0.076052,-0.066326
0.184141,0.074916,-0.072395
-0.088889,0.079531,-0.023315
-0.090684,0.080228,-0.017776
-0.088505,0.078969,-0.011959
-0.086392,0.077316,-0.009521
-0.083385,0.080861,-0.005979
-0.083276,0.079209,-0.002218
-0.081937,0.079260,-0.001923
-0.081289,0.080367,0.002660
-0.078217,0.078254,0.004598
-0.076697,0.079453,0.004821
-0.075537,0.079814,0.008574
-0.073582,0.080731,0.008718
-0.072730,0.078739,0.010600
-0.072131,0.079215,0.010702
-0.070501,0.079435,0.012860
-0.066717,0.077618,0.013495
-0.067522,0.079094,0.015616
-0.066306,0.080250,0.017741
-0.063386,0.080083,0.016366
-0.063692,0.079499,0.018046
-0.061841,0.081163,0.019559
-0.059627,0.080600,0.020160
-0.059259,0.079928,0.019610
-0.057677,0.079891,0.021113
-0.055247,0.079631,0.020718
-0.052832,0.080807,0.023596
-0.051789,0.078292,0.024774
-0.052803,0.080677,0.023132
-0.048565,0.081022,0.025077
-0.047851,0.080124,0.024532
-0.048899,0.080006,0.026374
-0.046338,0.079372,0.025234
-0.043193,0.081150,0.026796
-0.044534,0.079322,0.027371
-0.042620,0.078680,0.028709
-0.041612,0.078986,0.027709
-0.038406,0.078696,0.029389
-0.039271,0.079917,0.026531
-0.036608,0.079312,0.026919
-0.035463,0.079944,0.029155
-0.032477,0.080055,0.027373
-0.032597,0.080285,0.028645
-0.029970,0.078900,0.030001
-0.028455,0.081861,0.027954
-0.027203,0.081352,0.029393
-0.025525,0.079951,0.029495
-0.025331,0.081351,0.028948
-0.022017,0.078917,0.028990
-0.021598,0.080017,0.029588
-0.021293,0.079773,0.030940
-0.019032,0.080334,0.028389
-0.019327,0.078051,0.030398
-0.015545,0.079758,0.029790
-0.017294,0.079248,0.031530
-0.015575,0.080794,0.031914
-0.011307,0.080823,0.031223
-0.011676,0.079410,0.031486
-0.010882,0.078951,0.033064
-0.011846,0.078129,0.031073
-0.007735,0.080786,0.031823
-0.005846,0.079935,0.031945
-0.003696,0.079798,0.032282
-0.003662,0.081257,0.031752
-0.001261,0.081682,0.034302
-0.001650,0.081200,0.034338
-0.000539,0.079173,0.032955
0.001998,0.079601,0.036796
0.002992,0.079532,0.034586
0.003169,0.080833,0.035083
0.004894,0.082269,0.037220
0.007038,0.079603,0.035590
0.006392,0.080394,0.036104
0.011583,0.080029,0.038398
0.011994,0.079577,0.035521
0.012374,0.079201,0.038503
0.015234,0.078320,0.039032
0.015031,0.080079,0.037380
0.019172,0.081928,0.037615
0.019711,0.079834,0.038564
0.018022,0.079576,0.038059
0.021310,0.080509,0.039510
0.021786,0.081260,0.036933
0.022324,0.080674,0.039400
0.026102,0.081762,0.038890
0.025493,0.079454,0.038404
0.028102,0.078998,0.035947
0.030452,0.078568,0.038379
0.030288,0.080992,0.036741
0.030832,0.079024,0.037768
0.030342,0.078865,0.039592
0.035412,0.080963,0.038416
0.036520,0.078701,0.038882
0.038370,0.081346,0.039370
0.040820,0.080374,0.037801
0.041608,0.080259,0.037844
0.040736,0.078820,0.038371
0.044788,0.079667,0.036725
0.045423,0.080587,0.034416
0.047128,0.081412,0.035813
0.046547,0.080657,0.035916
0.048187,0.079568,0.035315
0.049653,0.076316,0.035824
0.052914,0.079600,0.035523
0.051495,0.081318,0.034059
0.054741,0.081743,0.034678
0.055505,0.079708,0.033374
0.056444,0.082790,0.033243
0.057294,0.078666,0.034669
0.061203,0.079996,0.033670
0.060471,0.079049,0.031580
0.061401,0.080051,0.032438
0.062797,0.079715,0.032978
0.066406,0.081060,0.032273
0.068689,0.080515,0.030321
0.066341,0.080744,0.029920
0.069694,0.080014,0.028139
0.071837,0.081160,0.029909
0.070244,0.080676,0.030152
0.073288,0.080194,0.029130
0.074177,0.082009,0.027836
0.076289,0.081461,0.028022
0.076904,0.080078,0.027534
0.079632,0.079836,0.027197
0.080865,0.079857,0.026829
0.083216,0.078937,0.027321
0.082114,0.079192,0.024295
0.086139,0.079260,0.024003
0.087099,0.079021,0.023499
0.085492,0.078783,0.022981
0.089631,0.079564,0.022376
0.090602,0.079389,0.022379
0.091552,0.079527,0.020857
0.092821,0.080348,0.020684
0.095307,0.078270,0.018621
0.094438,0.079223,0.017320
0.097155,0.080830,0.018924
0.097028,0.079325,0.017268
0.098665,0.079283,0.016267
0.101332,0.080039,0.013562
0.104018,0.080713,0.012595
0.103660,0.079822,0.010669
0.107238,0.079623,0.010182
0.107353,0.079121,0.008950
0.107643,0.079118,0.008509
0.108751,0.080213,0.008098
0.110314,0.079880,0.002492
0.111392,0.081672,0.003924
0.113425,0.080697,0.002389
0.114615,0.079100,-0.000150
0.118035,0.077743,-0.004484
0.119089,0.078436,-0.000822
0.119430,0.079461,-0.006158
0.121394,0.077795,-0.005840
0.122338,0.078386,-0.008611
0.123692,0.078535,-0.007167
0.126713,0.079064,-0.010014
0.125936,0.079931,-0.010713
0.128843,0.080360,-0.011203
0.129185,0.079674,-0.012881
0.132469,0.080002,-0.013292
0.133300,0.079921,-0.015532
0.133498,0.078841,-0.016879
0.135994,0.079610,-0.017896
0.137245,0.079649,-0.019942
0.135870,0.078761,-0.017929
0.139762,0.078701,-0.018956
0.140891,0.078428,-0.020876
0.144382,0.077522,-0.019771
0.142771,0.077829,-0.020056
0.143999,0.078660,-0.021646
0.146318,0.078724,-0.024129
0.148852,0.079615,-0.022950
0.149885,0.079235,-0.023577
0.150837,0.079820,-0.025170
0.150964,0.080677,-0.026125
0.156080,0.079365,-0.026511
0.152797,0.079928,-0.027271
0.157321,0.078810,-0.028536
0.159106,0.079146,-0.029704
0.158705,0.079074,-0.032862
0.161635,0.079592,-0.032755
0.162499,0.079130,-0.034704
0.165288,0.078512,-0.035378
0.166526,0.078647,-0.037947
0.166652,0.076863,-0.038987
0.167586,0.077739,-0.039389
0.170912,0.080431,-0.041593
0.170394,0.080504,-0.044598
0.174654,0.076499,-0.046369
0.173043,0.078276,-0.049158
0.176582,0.079519,-0.051844
0.177763,0.078871,-0.057102
0.180736,0.077860,-0.060323
0.182240,0.078988,-0.066417
-0.090496,0.078842,-0.024858
-0.087794,0.080628,-0.017701
-0.088710,0.080859,-0.011129
-0.087152,0.079149,-0.008687
-0.084251,0.080749,-0.006252
-0.084088,0.081025,-0.004512
-0.083112,0.082228,0.000344
-0.080099,0.081542,0.001625
-0.077867,0.078157,0.005169
-0.077638,0.079184,0.006485
-0.076249,0.079760,0.006815
-0.075984,0.083401,0.008577
-0.072789,0.080174,0.011307
-0.072182,0.080729,0.012908
-0.069599,0.080482,0.013716
-0.068059,0.080470,0.014903
-0.065603,0.081112,0.017652
-0.064850,0.082817,0.017360
-0.065152,0.081205,0.017695
-0.063379,0.080563,0.016952
-0.062094,0.081485,0.020329
-0.057665,0.080611,0.021681
-0.060586,0.081245,0.019701
-0.057580,0.078743,0.021096
-0.055920,0.080515,0.022319
-0.054150,0.080944,0.022327
-0.052793,0.079220,0.023834
-0.052294,0.081378,0.023946
-0.049483,0.080611,0.024074
-0.050336,0.080844,0.023984
-0.047115,0.081153,0.026918
-0.045512,0.079731,0.025496
-0.044293,0.082416,0.024608
-0.043456,0.079804,0.026670
-0.041429,0.082414,0.026483
-0.040457,0.081619,0.025731
-0.039624,0.081778,0.028418
-0.038407,0.081684,0.026038
-0.036516,0.080979,0.027833
-0.034675,0.082678,0.029667
-0.034248,0.081992,0.028754
-0.032755,0.079638,0.028299
-0.029729,0.083682,0.029447
-0.029085,0.082288,0.029614
-0.029291,0.081340,0.028536
-0.028355,0.081177,0.028696
-0.027853,0.081399,0.029783
-0.023651,0.081335,0.028892
-0.022874,0.081150,0.028130
-0.020055,0.081202,0.030129
-0.021586,0.082095,0.031148
-0.017838,0.080529,0.030465
-0.017640,0.081782,0.031556
-0.015011,0.084227,0.031468
-0.015329,0.081485,0.032518
-0.012422,0.081922,0.031395
-0.010931,0.080807,0.030646
-0.008843,0.083146,0.033886
-0.009511,0.082385,0.031241
-0.009046,0.081904,0.033846
-0.006354,0.080846,0.030503
-0.004151,0.081711,0.034239
-0.004571,0.080838,0.034131
-0.003115,0.079258,0.034259
-0.002620,0.082670,0.034651
0.001263,0.080556,0.033556
0.000651,0.080728,0.036232
0.001880,0.081376,0.037754
0.003488,0.080909,0.034458
0.006163,0.082597,0.036311
0.008917,0.082192,0.036282
0.008007,0.083247,0.037709
0.011239,0.082396,0.038448
0.012419,0.081950,0.037196
0.012672,0.082755,0.040356
0.013037,0.079404,0.037341
0.015583,0.082376,0.038426
0.018368,0.082496,0.036852
0.019536,0.082096,0.039215
0.020089,0.081643,0.039317
0.021782,0.081571,0.040583
0.023180,0.082915,0.038380
0.023410,0.081086,0.038136
0.025979,0.081441,0.038513
0.025825,0.081143,0.038179
0.028958,0.081720,0.038602
0.029555,0.081138,0.039745
0.033309,0.083147,0.040240
0.033144,0.083738,0.040151
0.032540,0.080345,0.041031
0.033641,0.081022,0.038431
0.034454,0.082999,0.039505
0.038036,0.079064,0.038973
0.038310,0.082302,0.038056
0.040673,0.081924,0.038545
0.040713,0.079645,0.037847
0.042331,0.081938,0.038771
0.045593,0.081585,0.036233
0.047331,0.083844,0.036343
0.046850,0.081360,0.036583
0.048831,0.079457,0.035841
0.048054,0.082275,0.036060
0.050062,0.081824,0.036071
0.052973,0.081056,0.036551
0.054873,0.081827,0.032805
0.055610,0.082311,0.034293
0.056027,0.080343,0.031211
0.058556,0.081561,0.031960
0.058101,0.081953,0.032973
0.060182,0.080577,0.032936
0.059758,0.082639,0.032039
0.064214,0.082539,0.032568
0.064507,0.081726,0.031187
0.065886,0.082554,0.029940
0.067418,0.080312,0.030938
0.070023,0.080305,0.029652
0.070235,0.080083,0.029832
0.072648,0.081774,0.028279
0.073598,0.081915,0.028710
0.074889,0.081845,0.027186
0.075659,0.080083,0.026810
0.076628,0.081733,0.028004
0.080471,0.081147,0.028342
0.079318,0.081552,0.025805
0.083571,0.080281,0.026463
0.081088,0.080484,0.025156
0.082621,0.080490,0.025420
0.086341,0.081383,0.023516
0.087964,0.080467,0.023885
0.089261,0.081285,0.022789
0.091059,0.082333,0.023190
0.091438,0.080879,0.021857
0.092870,0.083070,0.019646
0.094711,0.080843,0.020180
0.095090,0.082929,0.018972
0.095711,0.080592,0.016854
0.098327,0.082437,0.017059
0.099022,0.080578,0.016534
0.101720,0.083131,0.013126
0.103165,0.081571,0.012610
0.103038,0.082187,0.013386
0.105676,0.080915,0.011058
0.105613,0.080829,0.008912
0.108606,0.079311,0.009507
0.108004,0.081369,0.008075
0.110950,0.081190,0.005671
0.112007,0.080845,0.001472
0.115087,0.078393,0.002020
0.117566,0.081251,-0.000186
0.116916,0.079720,-0.002350
0.118334,0.081485,-0.002939
0.120414,0.080095,-0.003237
0.122809,0.080642,-0.006542
0.121451,0.082692,-0.006531
0.121487,0.079738,-0.007400
0.125885,0.079010,-0.010118
0.126343,0.081496,-0.010651
0.127628,0.081515,-0.011213
0.130469,0.081044,-0.011738
0.130799,0.080286,-0.015651
0.132552,0.080348,-0.015257
0.134691,0.080540,-0.015085
0.135154,0.078946,-0.016392
0.136296,0.079432,-0.019351
0.137180,0.081413,-0.018140
0.138017,0.080835,-0.018989
0.140225,0.081746,-0.018176
0.142725,0.080248,-0.019916
0.144896,0.081281,-0.020523
0.144770,0.080658,-0.023129
0.149006,0.081402,-0.023732
0.148384,0.081157,-0.022718
0.150197,0.079749,-0.023988
0.152709,0.081536,-0.023880
0.154474,0.080333,-0.028139
0.154995,0.081256,-0.026305
0.157164,0.080817,-0.026739
0.156693,0.081005,-0.028713
0.159636,0.080467,-0.030117
0.159268,0.080584,-0.031523
0.161865,0.079713,-0.032839
0.162521,0.081373,-0.033629
0.165283,0.081059,-0.037218
0.165570,0.079290,-0.037071
0.167118,0.079483,-0.039882
0.169623,0.081063,-0.040787
0.170143,0.079453,-0.042480
0.173254,0.079824,-0.046788
0.172995,0.077775,-0.046512
0.174889,0.079781,-0.048997
0.176541,0.079742,-0.052322
0.176579,0.079557,-0.057272
0.177670,0.078131,-0.063310
0.181738,0.078727,-0.067732
-0.090490,0.082675,-0.027703
-0.088726,0.081622,-0.017791
-0.087013,0.080872,-0.011828
-0.086244,0.081619,-0.009472
-0.084717,0.081694,-0.007182
-0.080219,0.083679,-0.003117
-0.080950,0.081948,-0.000013
-0.081858,0.082106,0.001102
-0.079513,0.081518,0.004252
-0.078187,0.081741,0.004707
-0.074871,0.082656,0.007525
-0.074653,0.082590,0.009622
-0.070904,0.081171,0.010815
-0.072629,0.082178,0.010181
-0.069933,0.083966,0.012440
-0.068423,0.082087,0.014349
-0.068152,0.083695,0.016657
-0.066406,0.083326,0.016346
-0.066477,0.083775,0.017130
-0.062898,0.083694,0.018338
-0.062485,0.083409,0.018936
-0.060843,0.082611,0.019463
-0.058603,0.083136,0.021339
-0.058769,0.082294,0.021331
-0.056748,0.081950,0.022293
-0.055302,0.084262,0.023955
-0.053223,0.083257,0.023031
-0.052722,0.082193,0.024729
-0.049831,0.082439,0.025852
-0.048179,0.083067,0.024843
-0.046493,0.082374,0.026125
-0.046187,0.082946,0.025202
-0.045415,0.080441,0.026809
-0.043370,0.082855,0.026835
-0.041451,0.082013,0.028173
-0.039712,0.083740,0.027425
-0.041195,0.081887,0.027441
-0.037861,0.082874,0.029792
-0.036261,0.083323,0.030062
-0.033845,0.080767,0.029823
-0.035014,0.082578,0.030158
-0.033113,0.085173,0.031262
-0.029967,0.082419,0.028852
-0.029271,0.083894,0.029699
-0.027072,0.082067,0.029519
-0.028435,0.083354,0.029389
-0.025401,0.084002,0.029271
-0.024676,0.082208,0.031428
-0.019983,0.082217,0.031178
-0.023618,0.083023,0.030918
-0.020286,0.084057,0.031090
-0.018449,0.082839,0.029798
-0.016972,0.083329,0.030021
-0.016510,0.083806,0.031826
-0.014054,0.082671,0.032089
-0.010879,0.081652,0.032111
-0.011851,0.081357,0.032850
-0.009599,0.082732,0.032850
-0.010172,0.083325,0.033561
-0.006007,0.083447,0.032675
-0.005342,0.082855,0.035404
-0.004816,0.083534,0.031817
-0.004249,0.082542,0.032964
-0.001504,0.082740,0.036102
0.000010,0.083397,0.034807
0.000215,0.084523,0.035792
0.000564,0.083128,0.036048
0.001110,0.085164,0.035989
0.003631,0.083848,0.036170
0.006155,0.081282,0.036729
0.009313,0.082938,0.035492
0.008343,0.081909,0.036659
0.012128,0.082434,0.038967
0.012870,0.084100,0.039437
0.012405,0.082828,0.038954
0.013712,0.082681,0.036910
0.014971,0.082812,0.038521
0.016375,0.084824,0.038704
0.019112,0.083821,0.040532
0.020851,0.084655,0.038788
0.020861,0.082393,0.039931
0.020521,0.082249,0.039804
0.024467,0.083543,0.039617
0.025349,0.083209,0.039304
0.026546,0.083345,0.040925
0.028136,0.082408,0.038952
0.028710,0.083354,0.039571
0.030167,0.082358,0.040905
0.030433,0.082590,0.039160
0.034394,0.082812,0.039326
0.036605,0.083272,0.038665
0.035770,0.084522,0.039019
0.037313,0.085161,0.039175
0.040470,0.083275,0.038936
0.039277,0.084173,0.037313
0.040453,0.082559,0.039146
0.042222,0.082499,0.039395
0.044827,0.078878,0.037219
0.046635,0.080948,0.036560
0.047412,0.085111,0.038053
0.047880,0.084031,0.034706
0.049843,0.083333,0.036350
0.051146,0.083332,0.035452
0.054209,0.083453,0.035670
0.053335,0.083591,0.033532
0.054587,0.084098,0.033822
0.058163,0.083450,0.034694
0.057111,0.084181,0.035592
0.059546,0.082597,0.033877
0.061032,0.084477,0.032714
0.062813,0.083580,0.032445
0.063840,0.082365,0.030991
0.064332,0.082214,0.030433
0.065599,0.083332,0.031786
0.067402,0.084450,0.031063
0.068680,0.083026,0.031531
0.071899,0.085699,0.030747
0.071491,0.083548,0.031825
0.075173,0.082940,0.027774
0.073734,0.081718,0.029922
0.075191,0.082953,0.030511
0.077919,0.083869,0.026702
0.079154,0.082497,0.026384
0.080473,0.081835,0.027393
0.080284,0.083742,0.026706
0.082150,0.083391,0.026580
0.085428,0.083435,0.023576
0.085686,0.083186,0.025748
0.087096,0.083423,0.022125
0.089180,0.083190,0.022605
0.088721,0.082180,0.023074
0.091738,0.081084,0.023294
0.092168,0.082043,0.021885
0.094410,0.083933,0.020310
0.094102,0.082131,0.019434
0.097670,0.082117,0.018805
0.099526,0.083107,0.016080
0.098975,0.082236,0.016449
0.102190,0.082779,0.013546
0.102997,0.081943,0.013034
0.102457,0.081783,0.011776
0.105565,0.081139,0.010678
0.106062,0.081714,0.010299
0.107401,0.081634,0.009134
0.109152,0.082466,0.006364
0.109665,0.083653,0.006020
0.113195,0.082467,0.003134
0.114515,0.081532,0.002236
0.113738,0.082861,0.001011
0.116120,0.080197,0.001049
0.117727,0.080927,-0.002166
0.120034,0.082032,-0.003784
0.122383,0.082369,-0.002747
0.121583,0.082663,-0.006340
0.124137,0.082532,-0.008490
0.123649,0.083195,-0.010060
0.125779,0.080956,-0.008931
0.129531,0.083844,-0.011943
0.130806,0.081932,-0.010683
0.128898,0.081731,-0.013881
0.130872,0.080558,-0.014576
0.133257,0.082610,-0.015848
0.133965,0.082090,-0.017139
0.137227,0.081782,-0.014657
0.140503,0.081656,-0.017223
0.138984,0.081422,-0.019496
0.140855,0.081980,-0.017148
0.142670,0.081525,-0.022436
0.145037,0.082767,-0.021209
0.145862,0.082023,-0.021835
0.146437,0.082001,-0.022972
0.148896,0.082193,-0.022660
0.151023,0.082647,-0.023877
0.151494,0.082898,-0.027042
0.151344,0.082324,-0.024932
0.154158,0.080700,-0.025031
0.155057,0.083269,-0.029322
0.157035,0.080274,-0.028891
0.158641,0.080787,-0.028765
0.159817,0.080044,-0.031056
0.161472,0.080815,-0.031681
0.164243,0.082056,-0.034181
0.163783,0.079765,-0.034928
0.164242,0.081146,-0.037829
0.166715,0.082178,-0.037957
0.170196,0.081139,-0.039722
0.170152,0.082814,-0.042294
0.171195,0.080524,-0.047099
0.176229,0.082449,-0.046189
0.174609,0.081364,-0.048140
0.176200,0.081121,-0.054772
0.177435,0.080369,-0.058686
0.178767,0.080969,-0.063647
0.183136,0.080496,-0.086159
-0.091325,0.083064,-0.025086
-0.089124,0.082145,-0.019778
-0.087725,0.083533,-0.012724
-0.086357,0.084034,-0.008401
-0.084413,0.083013,-0.006544
-0.082901,0.084067,-0.004562
-0.081509,0.084620,0.000492
-0.080672,0.083146,0.003041
-0.078255,0.084312,0.004800
-0.077423,0.085319,0.005635
-0.075613,0.084523,0.008348
-0.075743,0.083124,0.010478
-0.071185,0.083035,0.010076
-0.072260,0.082243,0.011852
-0.069776,0.082958,0.011584
-0.066633,0.084647,0.013623
-0.067115,0.084748,0.016969
-0.067178,0.084299,0.017447
-0.064735,0.084348,0.018380
-0.062735,0.085885,0.019890
-0.062020,0.083182,0.018147
-0.060005,0.083487,0.019465
-0.058624,0.084440,0.021755
-0.056863,0.084780,0.021217
-0.055168,0.082685,0.023915
-0.055124,0.082282,0.023342
-0.053738,0.085989,0.022681
-0.050195,0.084580,0.024876
-0.049476,0.086044,0.024014
-0.050280,0.085429,0.026983
-0.046984,0.085037,0.025100
-0.045926,0.084374,0.026962
-0.042818,0.085224,0.025568
-0.043083,0.083241,0.026846
-0.041522,0.084720,0.025784
-0.040005,0.083465,0.027037
-0.040045,0.083782,0.029021
-0.037672,0.084744,0.028378
-0.036486,0.082948,0.028871
-0.035820,0.085077,0.027432
-0.034132,0.084074,0.029043
-0.031711,0.084124,0.030217
-0.030366,0.084436,0.028428
-0.028887,0.083567,0.030163
-0.026898,0.083900,0.030350
-0.026740,0.085172,0.028451
-0.024582,0.085801,0.029414
-0.023226,0.083719,0.031514
-0.022181,0.085796,0.030742
-0.021955,0.086635,0.029301
-0.020209,0.085458,0.029880
-0.018730,0.084589,0.030495
-0.017658,0.084589,0.032666
-0.014805,0.085104,0.030988
-0.014155,0.084467,0.031978
-0.013619,0.085022,0.030784
-0.012739,0.084840,0.033877
-0.009289,0.084537,0.032772
-0.007379,0.085068,0.032358
-0.009413,0.084172,0.031802
-0.005665,0.082985,0.031559
-0.003436,0.084250,0.034809
-0.003724,0.086731,0.034205
-0.003816,0.084480,0.034622
-0.000921,0.085337,0.035282
0.001306,0.085415,0.034512
0.001190,0.084829,0.036054
0.005019,0.086111,0.036638
0.004753,0.085279,0.036388
0.004337,0.086087,0.037131
0.008032,0.085101,0.038638
0.008114,0.084959,0.038230
0.009839,0.085181,0.038882
0.012059,0.085329,0.038240
0.012263,0.085206,0.038582
0.013408,0.083573,0.039025
0.014172,0.085385,0.037956
0.018470,0.084365,0.039790
0.017303,0.085808,0.039185
0.020421,0.084059,0.038792
0.022934,0.084588,0.039406
0.023447,0.084031,0.040943
0.023245,0.084142,0.040431
0.026632,0.086200,0.039685
0.024487,0.085431,0.041768
0.028737,0.084239,0.041552
0.029164,0.086023,0.039208
0.028526,0.083657,0.038230
0.031981,0.086168,0.040967
0.032821,0.083133,0.040104
0.035087,0.087728,0.040711
0.035121,0.085030,0.040560
0.037807,0.085738,0.039252
0.039447,0.085356,0.039611
0.040187,0.084475,0.039195
0.042974,0.082293,0.038227
0.044372,0.085989,0.040065
0.043565,0.085037,0.037185
0.044575,0.085464,0.036677
0.047386,0.084052,0.038501
0.050440,0.085077,0.036927
0.048485,0.086217,0.036612
0.053266,0.083075,0.034323
0.052516,0.084217,0.035700
0.053722,0.084020,0.035952
0.054780,0.085910,0.034267
0.057524,0.085041,0.034051
0.057943,0.081916,0.033747
0.060751,0.084142,0.034069
0.059369,0.084261,0.034400
0.062722,0.083173,0.031910
0.064209,0.084083,0.031411
0.066221,0.085214,0.031856
0.066754,0.085099,0.029977
0.067836,0.085970,0.029347
0.068341,0.084025,0.028199
0.069449,0.085837,0.029117
0.070699,0.083924,0.030069
0.073306,0.084505,0.028176
0.074587,0.087355,0.029679
0.073645,0.084291,0.028676
0.075555,0.083287,0.029275
0.078687,0.084677,0.028054
0.078521,0.084867,0.027188
0.082715,0.083874,0.027029
0.083281,0.084877,0.025654
0.083078,0.083352,0.026069
0.087785,0.087021,0.024754
0.086390,0.084711,0.025599
0.089816,0.087005,0.025457
0.089817,0.083786,0.021799
0.091253,0.083421,0.021201
0.091794,0.086057,0.021796
0.092240,0.085780,0.020716
0.095286,0.086019,0.018784
0.094213,0.085348,0.018933
0.099058,0.082779,0.017851
0.100425,0.084970,0.016960
0.100786,0.084391,0.013787
0.104252,0.084787,0.014675
0.105550,0.085099,0.011196
0.105694,0.083206,0.011038
0.107524,0.084354,0.011669
0.108462,0.085383,0.007325
0.107047,0.082601,0.008770
0.110145,0.083477,0.004216
0.112969,0.083436,0.003839
0.115269,0.083635,0.001651
0.117524,0.084770,0.000513
0.117428,0.082879,-0.001123
0.118614,0.082750,-0.001193
0.120429,0.085355,-0.001761
0.121021,0.085926,-0.004137
0.122778,0.084851,-0.006843
0.123660,0.083510,-0.006941
0.124755,0.082315,-0.008317
0.127929,0.084448,-0.009222
0.129445,0.082897,-0.010298
0.130161,0.085199,-0.013050
0.131103,0.082966,-0.013322
0.133649,0.084063,-0.015072
0.134059,0.086678,-0.014293
0.137275,0.082874,-0.017123
0.137605,0.084144,-0.019668
0.137904,0.083095,-0.019428
0.138669,0.083059,-0.017731
0.141947,0.080372,-0.018209
0.142734,0.082593,-0.019604
0.143393,0.084111,-0.019274
0.144664,0.083157,-0.020655
0.146624,0.083380,-0.022386
0.149486,0.083868,-0.023512
0.147731,0.082455,-0.023373
0.151768,0.082309,-0.025379
0.153037,0.083991,-0.024465
0.153609,0.083686,-0.026706
0.156182,0.083382,-0.026321
0.158168,0.084795,-0.027574
0.159246,0.083047,-0.029827
0.160096,0.083960,-0.030896
0.160170,0.084818,-0.031674
0.163762,0.082560,-0.033210
0.165509,0.083471,-0.033596
0.164742,0.081946,-0.037141
0.167104,0.084191,-0.040132
0.168819,0.082353,-0.039095
0.168003,0.081040,-0.041656
0.171981,0.080677,-0.047114
0.173740,0.083033,-0.046669
0.175487,0.081860,-0.049452
0.177520,0.081849,-0.054495
0.178332,0.082290,-0.060795
0.179353,0.083502,-0.064870
-0.091289,0.085614,-0.027912
-0.087096,0.086692,-0.018298
-0.086399,0.085443,-0.012587
-0.084748,0.088253,-0.009148
-0.086359,0.085560,-0.006622
-0.083666,0.085233,-0.004799
-0.080593,0.087712,-0.000362
-0.079835,0.085506,0.002545
-0.077877,0.086177,0.004779
-0.078048,0.085657,0.009224
-0.074450,0.086565,0.007445
-0.075028,0.085050,0.008023
-0.072997,0.084602,0.010075
-0.071715,0.086531,0.014079
-0.068997,0.085734,0.013903
-0.067663,0.085701,0.015067
-0.068119,0.084134,0.016866
-0.066972,0.084385,0.017202
-0.064094,0.085039,0.018848
-0.062573,0.085827,0.019143
-0.061243,0.085995,0.019278
-0.059971,0.085526,0.019365
-0.059199,0.085910,0.020823
-0.057066,0.084656,0.021769
-0.055903,0.084634,0.021368
-0.055161,0.085779,0.024241
-0.052588,0.085026,0.024022
-0.052961,0.085838,0.024245
-0.051025,0.086607,0.023038
-0.048799,0.086009,0.025135
-0.046797,0.085266,0.025545
-0.045693,0.085941,0.026561
-0.045036,0.086347,0.026903
-0.042626,0.087640,0.027803
-0.040405,0.085840,0.027778
-0.040158,0.086620,0.028394
-0.041064,0.087072,0.030403
-0.037544,0.086212,0.027695
-0.036603,0.085330,0.029360
-0.035883,0.086553,0.027355
-0.034308,0.085697,0.029465
-0.032607,0.086361,0.028198
-0.031215,0.086047,0.029184
-0.030170,0.086614,0.029301
-0.027984,0.085386,0.030500
-0.027012,0.086255,0.030826
-0.025878,0.085492,0.030580
-0.025307,0.087046,0.031599
-0.022374,0.088106,0.030823
-0.020266,0.085871,0.031451
-0.020826,0.086396,0.030198
-0.020203,0.086407,0.032961
-0.016705,0.085849,0.030898
-0.016392,0.087235,0.031185
-0.014527,0.086744,0.033442
-0.012532,0.085494,0.033445
-0.011328,0.087781,0.032670
-0.010611,0.087018,0.033204
-0.009373,0.086628,0.033268
-0.007077,0.088518,0.032387
-0.005684,0.086893,0.035753
-0.005566,0.087427,0.036631
-0.003403,0.087993,0.034870
-0.002699,0.086546,0.034550
-0.000598,0.086514,0.035759
-0.000236,0.085108,0.035343
0.002003,0.087973,0.034167
0.004751,0.085529,0.037863
0.004966,0.086839,0.037497
0.006032,0.087410,0.038653
0.008321,0.086017,0.037987
0.010813,0.086811,0.038615
0.010121,0.087604,0.039075
0.011764,0.084598,0.038341
0.014728,0.085926,0.038177
0.014503,0.084698,0.039207
0.015562,0.086244,0.038480
0.016221,0.089013,0.039327
0.018867,0.086293,0.039180
0.020398,0.086261,0.042015
0.021227,0.086558,0.040068
0.023369,0.086748,0.038785
0.023472,0.086319,0.040601
0.024787,0.085744,0.040686
0.026827,0.087417,0.040092
0.027952,0.087892,0.040513
0.030679,0.086336,0.041125
0.030896,0.086203,0.041535
0.031944,0.087843,0.042837
0.034719,0.085839,0.040797
0.034003,0.086205,0.039839
0.036838,0.085244,0.039474
0.037100,0.086779,0.040494
0.040415,0.087939,0.040173
0.041682,0.087558,0.038982
0.042299,0.086239,0.038101
0.046186,0.082905,0.038733
0.044286,0.086826,0.037292
0.046885,0.085255,0.036984
0.047237,0.087583,0.036862
0.047972,0.086723,0.036052
0.050176,0.085940,0.037609
0.052883,0.086488,0.035895
0.053022,0.086153,0.035996
0.055887,0.086975,0.035122
0.055370,0.085548,0.034052
0.056862,0.086167,0.033168
0.058275,0.086469,0.033551
0.060639,0.086220,0.031616
0.061631,0.085860,0.033852
0.062513,0.086630,0.032527
0.064553,0.085384,0.032578
0.066473,0.086009,0.032127
0.066933,0.088750,0.031852
0.067255,0.086853,0.030819
0.069863,0.085257,0.030497
0.068848,0.088536,0.029948
0.071889,0.084512,0.028702
0.072304,0.086912,0.029274
0.073505,0.085482,0.030675
0.075689,0.085656,0.031328
0.079102,0.087979,0.029252
0.078064,0.086245,0.024525
0.081468,0.086514,0.025488
0.082981,0.087042,0.028818
0.083597,0.085391,0.028103
0.082797,0.085842,0.026279
0.086703,0.085171,0.026246
0.086974,0.086517,0.025086
0.089803,0.086482,0.024716
0.091825,0.085807,0.023122
0.091588,0.087162,0.021548
0.094593,0.087324,0.020769
0.094022,0.083669,0.021405
0.095722,0.085862,0.019649
0.096716,0.085495,0.017487
0.099402,0.085562,0.018381
0.098403,0.086842,0.016224
0.101448,0.086779,0.015357
0.103386,0.085021,0.013719
0.105128,0.084949,0.012181
0.106655,0.085917,0.011431
0.108659,0.087221,0.010048
0.108711,0.085710,0.009715
0.112214,0.083922,0.007408
0.110244,0.085120,0.008615
0.112591,0.084718,0.003866
0.115325,0.084296,0.003084
0.115696,0.086806,0.003886
0.115633,0.086329,0.000966
0.118847,0.086383,-0.000726
0.118695,0.083912,-0.003393
0.119523,0.086332,-0.002723
0.122536,0.084419,-0.004886
0.124350,0.085521,-0.006373
0.126028,0.084671,-0.007732
0.125792,0.084635,-0.009087
0.127993,0.085639,-0.009901
0.130233,0.085061,-0.012090
0.131709,0.084869,-0.013032
0.132480,0.084318,-0.012900
0.135349,0.085492,-0.015086
0.134911,0.083360,-0.017880
0.136258,0.085810,-0.017464
0.139434,0.084931,-0.018120
0.140735,0.085028,-0.019164
0.141087,0.086050,-0.018737
0.142289,0.087110,-0.019763
0.141509,0.085295,-0.021759
0.144183,0.084039,-0.021133
0.146406,0.085227,-0.021434
0.147676,0.086137,-0.024682
0.148278,0.084433,-0.023260
0.149585,0.083203,-0.023928
0.151578,0.085329,-0.025345
0.155614,0.085983,-0.027593
0.155635,0.086619,-0.028478
0.158211,0.085727,-0.026553
0.160250,0.085796,-0.030193
0.159475,0.084010,-0.030472
0.160435,0.085489,-0.032678
0.164326,0.084855,-0.033043
0.163997,0.085078,-0.036557
0.168573,0.086272,-0.037808
0.167542,0.086276,-0.039349
0.168246,0.083324,-0.041813
0.169303,0.084996,-0.042486
0.172663,0.085531,-0.046990
0.173100,0.084217,-0.046793
0.173212,0.084029,-0.050713
0.174621,0.082772,-0.054417
0.178471,0.085304,-0.061183
0.180021,0.081990,-0.064901
-0.091175,0.087629,-0.028745
-0.089684,0.083298,-0.019650
-0.087297,0.087426,-0.013662
-0.086297,0.087922,-0.009268
-0.084600,0.087488,-0.005402
-0.081936,0.086308,-0.002676
-0.082388,0.087005,-0.000345
-0.078815,0.087595,0.001025
-0.079767,0.087392,0.004844
-0.076258,0.088792,0.005546
-0.076478,0.085682,0.007711
-0.073533,0.087150,0.010269
-0.073325,0.088930,0.009225
-0.071277,0.086492,0.011723
-0.070423,0.085993,0.013836
-0.069020,0.087670,0.017427
-0.067405,0.086793,0.015845
-0.067854,0.090172,0.018221
-0.064642,0.086300,0.019965
-0.062128,0.086386,0.018900
-0.061953,0.086836,0.019427
-0.060647,0.088870,0.020146
-0.059912,0.088321,0.022573
-0.055973,0.087349,0.021725
-0.056642,0.088330,0.022020
-0.055148,0.087009,0.024642
-0.052232,0.087947,0.022809
-0.050257,0.088321,0.025363
-0.050757,0.087748,0.024989
-0.051087,0.086107,0.025159
-0.046270,0.087543,0.025407
-0.046060,0.087891,0.026907
-0.044905,0.088418,0.027122
-0.041750,0.087623,0.025940
-0.041308,0.085277,0.028093
-0.040258,0.085831,0.028152
-0.038371,0.088145,0.028035
-0.037386,0.089077,0.028452
-0.036175,0.086887,0.029776
-0.035380,0.088271,0.027961
-0.033973,0.087301,0.028697
-0.031523,0.087883,0.028662
-0.031968,0.086330,0.030147
-0.030313,0.088051,0.029695
-0.028101,0.088739,0.030155
-0.028140,0.089220,0.031746
-0.026644,0.088109,0.031502
-0.023262,0.088112,0.029741
-0.021644,0.088665,0.031216
-0.020454,0.088237,0.032379
-0.020195,0.087976,0.030449
-0.019318,0.088524,0.031931
-0.017463,0.086891,0.033360
-0.015882,0.088186,0.032618
-0.013580,0.085976,0.032798
-0.013060,0.088850,0.033535
-0.011380,0.086254,0.031705
-0.011815,0.087318,0.034736
-0.009670,0.086435,0.033639
-0.006537,0.086585,0.033474
-0.007272,0.086963,0.033965
-0.003827,0.087063,0.032899
-0.004587,0.088665,0.033447
-0.002007,0.087143,0.034010
-0.001016,0.087975,0.036866
0.000533,0.088100,0.035805
0.003387,0.089231,0.034607
0.003735,0.087854,0.036890
0.006259,0.089487,0.038391
0.006061,0.088187,0.040046
0.007408,0.087932,0.037715
0.009634,0.087390,0.038128
0.011104,0.089101,0.040251
0.011048,0.087750,0.039130
0.012385,0.088361,0.039662
0.013444,0.087256,0.037854
0.013443,0.087340,0.041105
0.016630,0.089459,0.041096
0.018859,0.086628,0.039036
0.019472,0.088366,0.039045
0.021461,0.087576,0.040355
0.022986,0.087977,0.040333
0.023602,0.088152,0.041348
0.025361,0.088222,0.041946
0.028402,0.087531,0.040163
0.028251,0.088801,0.041313
0.027923,0.086686,0.040174
0.030597,0.087762,0.040680
0.031631,0.087425,0.038220
0.033393,0.087518,0.039534
0.035732,0.087239,0.040103
0.037662,0.087317,0.040833
0.034591,0.086626,0.041259
0.038225,0.087794,0.039120
0.040703,0.090207,0.038959
0.040887,0.087231,0.040456
0.042712,0.089408,0.037434
0.043268,0.086571,0.038594
0.045523,0.088267,0.036921
0.048252,0.088235,0.035316
0.050005,0.087090,0.037165
0.051706,0.088060,0.037071
0.052198,0.088201,0.037650
0.051172,0.089655,0.035914
0.055154,0.086522,0.034163
0.055012,0.090483,0.033551
0.058364,0.087120,0.035364
0.059189,0.086278,0.032634
0.059971,0.088239,0.033703
0.061256,0.086875,0.032877
0.062236,0.087954,0.031089
0.063295,0.088796,0.033130
0.066293,0.087757,0.030604
0.066821,0.087687,0.031552
0.068049,0.087608,0.029810
0.069109,0.088318,0.032458
0.071924,0.087008,0.028780
0.072130,0.088078,0.029170
0.074139,0.089520,0.031964
0.074815,0.089338,0.029767
0.076376,0.088236,0.029757
0.076548,0.086979,0.029902
0.078468,0.087716,0.026992
0.079289,0.088445,0.025354
0.081564,0.084993,0.027221
0.083042,0.087289,0.026877
0.083149,0.087376,0.026254
0.085613,0.086320,0.024721
0.086900,0.089041,0.024010
0.088913,0.088989,0.024237
0.089078,0.087104,0.023434
0.092140,0.087421,0.023873
0.092170,0.088229,0.020785
0.093563,0.087688,0.022289
0.093745,0.087631,0.017677
0.095900,0.086205,0.019643
0.097056,0.087975,0.019764
0.099215,0.088133,0.016561
0.099961,0.087498,0.015337
0.102929,0.086668,0.013077
0.104405,0.087110,0.014162
0.104608,0.087764,0.012584
0.107734,0.087825,0.010412
0.108407,0.086597,0.010558
0.109000,0.085164,0.007250
0.110179,0.088002,0.006720
0.113555,0.087363,0.006836
0.112906,0.086588,0.005238
0.114921,0.087684,0.001197
0.116691,0.087982,-0.001185
0.116996,0.086465,0.000267
0.119374,0.087277,-0.004507
0.121641,0.086072,-0.006057
0.122455,0.087309,-0.006119
0.124783,0.087304,-0.007149
0.126656,0.087211,-0.007563
0.126378,0.086124,-0.008149
0.129529,0.087466,-0.010205
0.129220,0.087056,-0.012513
0.131108,0.087597,-0.012745
0.131299,0.086037,-0.012779
0.135020,0.087977,-0.014341
0.137758,0.086955,-0.014089
0.137024,0.085510,-0.017412
0.137867,0.086110,-0.015214
0.139286,0.087030,-0.017272
0.140270,0.087339,-0.018468
0.141434,0.086566,-0.019906
0.144325,0.085177,-0.020054
0.144660,0.085546,-0.019856
0.146849,0.086569,-0.022588
0.149337,0.084455,-0.021755
0.149512,0.088965,-0.024492
0.150320,0.086676,-0.026297
0.152739,0.087260,-0.026955
0.154777,0.085430,-0.025517
0.156349,0.087901,-0.026994
0.156576,0.086849,-0.027283
0.158581,0.085026,-0.030246
0.160472,0.087005,-0.030202
0.161633,0.085143,-0.032756
0.163838,0.085581,-0.034190
0.164510,0.085888,-0.034708
0.167207,0.087530,-0.037634
0.167084,0.086365,-0.038093
0.170054,0.085105,-0.042395
0.170388,0.086502,-0.044774
0.171624,0.086306,-0.045609
0.170952,0.087605,-0.046776
0.173268,0.087324,-0.052344
0.178486,0.087726,-0.055022
0.177306,0.086656,-0.062949
-0.091377,0.087469,-0.027250
-0.090062,0.087189,-0.021278
-0.088614,0.088415,-0.013318
-0.087292,0.090132,-0.009905
-0.084351,0.088742,-0.006874
-0.082385,0.088403,-0.003293
-0.080953,0.085892,-0.000158
-0.081043,0.087604,0.003188
-0.078661,0.087125,0.004578
-0.078237,0.090880,0.006334
-0.075409,0.087095,0.007565
-0.074106,0.089204,0.010429
-0.072587,0.089343,0.011117
-0.072403,0.089180,0.012629
-0.069497,0.089827,0.012595
-0.068809,0.089032,0.014659
-0.068765,0.088909,0.017747
-0.065220,0.089845,0.018884
-0.065095,0.090617,0.018073
-0.061372,0.088961,0.018833
-0.061422,0.088454,0.019368
-0.061725,0.088751,0.020103
-0.057907,0.088336,0.020622
-0.057097,0.088510,0.023413
-0.056729,0.088254,0.023627
-0.054846,0.089888,0.024598
-0.052037,0.089504,0.025065
-0.051851,0.089911,0.026707
-0.049917,0.088262,0.027031
-0.050753,0.091506,0.025658
-0.048543,0.087441,0.026080
-0.046209,0.089207,0.025944
-0.044617,0.090258,0.026590
-0.043032,0.090523,0.028153
-0.041714,0.088814,0.027767
-0.042510,0.088312,0.028136
-0.039804,0.089961,0.028728
-0.038646,0.089365,0.029440
-0.037925,0.088629,0.029309
-0.035224,0.088476,0.028602
-0.032887,0.088934,0.030136
-0.033749,0.089182,0.031052
-0.029915,0.090700,0.031429
-0.027701,0.090119,0.029995
-0.026871,0.087917,0.031188
-0.026320,0.088158,0.031201
-0.024746,0.088532,0.029577
-0.023805,0.088413,0.029889
-0.023979,0.089792,0.032557
-0.020813,0.088068,0.031923
-0.019449,0.088659,0.034642
-0.018613,0.088909,0.031142
-0.016315,0.087727,0.033163
-0.016988,0.089504,0.031379
-0.015533,0.088644,0.032557
-0.013001,0.091995,0.033710
-0.009703,0.088599,0.034450
-0.009782,0.088864,0.033218
-0.009298,0.089191,0.033678
-0.007523,0.089301,0.035772
-0.006898,0.090288,0.032051
-0.005897,0.088780,0.034046
-0.003146,0.089479,0.033909
-0.003529,0.089350,0.034410
-0.001345,0.089713,0.036838
0.002207,0.089383,0.036806
0.001158,0.089176,0.038024
0.003492,0.090490,0.037877
0.004888,0.088049,0.037668
0.005861,0.088985,0.039380
0.009266,0.088328,0.039642
0.009378,0.091064,0.038258
0.009775,0.089055,0.039428
0.012627,0.088758,0.040043
0.012505,0.089584,0.038784
0.015431,0.090000,0.038200
0.013769,0.089926,0.039276
0.016508,0.088681,0.040754
0.020050,0.088229,0.041177
0.020949,0.090148,0.040491
0.020796,0.089129,0.042907
0.020939,0.090907,0.040497
0.024590,0.088693,0.042659
0.025494,0.089902,0.041352
0.025523,0.089119,0.040920
0.028329,0.090183,0.040495
0.029267,0.087394,0.041985
0.031996,0.091640,0.041496
0.033110,0.089987,0.039315
0.032388,0.090434,0.041517
0.034495,0.090789,0.040447
0.035221,0.090020,0.041105
0.037569,0.088987,0.040469
0.037416,0.090037,0.039406
0.041245,0.089576,0.040134
0.041828,0.089148,0.038825
0.043415,0.090648,0.040280
0.042965,0.088874,0.040150
0.045211,0.089510,0.039705
0.045261,0.090813,0.038000
0.049066,0.088080,0.036200
0.051058,0.088589,0.036119
0.052678,0.087630,0.037066
0.054009,0.089674,0.035295
0.053668,0.090169,0.035342
0.055429,0.088410,0.034374
0.056617,0.089620,0.035091
0.058985,0.089090,0.034817
0.058945,0.089485,0.034851
0.058570,0.090208,0.033476
0.063595,0.089044,0.031299
0.063979,0.088834,0.033046
0.065383,0.090686,0.031241
0.064497,0.090285,0.030154
0.066981,0.087355,0.032857
0.068385,0.088408,0.028463
0.070504,0.089801,0.031449
0.072436,0.089146,0.030030
0.074313,0.089451,0.030458
0.074501,0.088245,0.030142
0.075298,0.088450,0.029443
0.076565,0.089121,0.030299
0.078487,0.089569,0.028748
0.080676,0.088832,0.027694
0.082391,0.090944,0.027807
0.082085,0.087219,0.028609
0.082909,0.089683,0.027339
0.084845,0.088215,0.026496
0.085499,0.087877,0.025954
0.089399,0.089805,0.024306
0.091066,0.089718,0.021757
0.092561,0.089647,0.021182
0.092359,0.089422,0.021359
0.092227,0.088745,0.021413
0.093751,0.085811,0.021105
0.096132,0.089461,0.019204
0.097175,0.087674,0.017423
0.099381,0.090651,0.016514
0.101838,0.090627,0.017235
0.101985,0.089712,0.014667
0.102904,0.088034,0.013750
0.104734,0.088954,0.012355
0.106861,0.087770,0.010232
0.109105,0.089704,0.009606
0.110324,0.087286,0.007814
0.112243,0.087995,0.008285
0.113428,0.089748,0.006639
0.114794,0.087692,0.002562
0.115212,0.090544,0.002460
0.118042,0.087980,0.002245
0.117575,0.088589,-0.000197
0.118525,0.087177,-0.001183
0.120731,0.090176,-0.004673
0.122747,0.089668,-0.004903
0.124122,0.089345,-0.005060
0.126491,0.089797,-0.007924
0.126168,0.087981,-0.009697
0.130890,0.088027,-0.011720
0.128625,0.089972,-0.011262
0.132745,0.090016,-0.014008
0.134580,0.087942,-0.013991
0.134159,0.090252,-0.015870
0.136727,0.089201,-0.015568
0.138474,0.086788,-0.017438
0.139098,0.088154,-0.015861
0.139085,0.090203,-0.016597
0.140593,0.088775,-0.016508
0.142043,0.088945,-0.019174
0.141029,0.088165,-0.018678
0.143885,0.087548,-0.020994
0.146480,0.088090,-0.022027
0.150521,0.087791,-0.021818
0.148370,0.088530,-0.023812
0.151431,0.088507,-0.023782
0.152149,0.088535,-0.026987
0.154471,0.088581,-0.025862
0.155652,0.088193,-0.027091
0.156483,0.088006,-0.027089
0.158160,0.091144,-0.029048
0.159829,0.089214,-0.031155
0.163110,0.087353,-0.031731
0.164923,0.087376,-0.032620
0.165372,0.089907,-0.034797
0.165229,0.087778,-0.039038
0.165576,0.087985,-0.039902
0.167853,0.087664,-0.042484
0.171534,0.087787,-0.042890
0.171618,0.087016,-0.045588
0.172400,0.088344,-0.047176
0.176402,0.087511,-0.052454
0.178169,0.088156,-0.057415
0.179051,0.087417,-0.062682
-0.092061,0.089142,-0.026678
-0.089235,0.089470,-0.021764
-0.087777,0.089859,-0.013119
-0.086053,0.089466,-0.011513
-0.085455,0.089628,-0.004342
-0.082272,0.090565,-0.001709
-0.080853,0.091130,-0.000576
-0.080419,0.090073,0.003825
-0.078682,0.090899,0.002934
-0.076307,0.090649,0.005377
-0.077388,0.090899,0.008365
-0.073728,0.092263,0.008536
-0.071844,0.089276,0.012562
-0.072733,0.089631,0.012543
-0.070267,0.089352,0.013526
-0.068505,0.089210,0.015216
-0.068177,0.089825,0.014503
-0.066068,0.090687,0.017877
-0.064570,0.090089,0.017199
-0.064236,0.089809,0.018841
-0.061237,0.090626,0.018495
-0.058917,0.090847,0.021515
-0.059035,0.091944,0.021806
-0.056673,0.089509,0.022266
-0.055828,0.090969,0.023199
-0.055991,0.090385,0.023404
-0.052647,0.091332,0.026108
-0.051633,0.091696,0.025443
-0.051096,0.089760,0.025008
-0.048406,0.091290,0.026561
-0.048777,0.090959,0.025194
-0.045507,0.092317,0.027397
-0.045129,0.091730,0.028515
-0.043020,0.090499,0.027714
-0.042424,0.088668,0.026745
-0.042095,0.090164,0.029251
-0.041993,0.092321,0.030249
-0.037688,0.089211,0.029318
-0.035040,0.091228,0.028188
-0.037125,0.091548,0.030551
-0.034557,0.091754,0.030268
-0.033347,0.090767,0.031428
-0.030851,0.089916,0.030192
-0.029887,0.091354,0.030685
-0.027991,0.090722,0.029665
-0.026391,0.090924,0.029647
-0.025625,0.089116,0.030728
-0.023159,0.090406,0.031136
-0.023262,0.090025,0.030125
-0.021926,0.091247,0.032437
-0.020224,0.091789,0.033146
-0.018375,0.093124,0.033596
-0.018160,0.090675,0.032505
-0.015585,0.091040,0.033787
-0.014758,0.091343,0.033793
-0.011923,0.091904,0.033723
-0.013745,0.091505,0.033362
-0.010100,0.090478,0.032953
-0.007506,0.091259,0.034296
-0.007607,0.089371,0.034705
-0.005969,0.091621,0.036527
-0.005038,0.090352,0.036941
-0.002959,0.091310,0.035106
-0.001813,0.090306,0.038011
0.000686,0.091374,0.035952
0.000099,0.090101,0.038307
0.001518,0.091609,0.037735
0.004163,0.092645,0.036651
0.005090,0.089449,0.036458
0.005709,0.091416,0.038202
0.006912,0.089115,0.040227
0.008914,0.090575,0.038608
0.010699,0.090161,0.038462
0.011614,0.093589,0.040559
0.012462,0.091121,0.040759
0.014329,0.091349,0.040379
0.016244,0.091015,0.040471
0.017364,0.090262,0.040669
0.019052,0.091737,0.039952
0.020270,0.092155,0.041234
0.021546,0.092381,0.043036
0.020901,0.092435,0.042247
0.022091,0.089195,0.041066
0.023550,0.091948,0.039593
0.028777,0.090675,0.040411
0.026896,0.091427,0.042913
0.029370,0.094032,0.041806
0.030144,0.091073,0.041235
0.032105,0.090794,0.041493
0.033066,0.090019,0.042091
0.032744,0.092595,0.039730
0.036418,0.090000,0.040580
0.038691,0.091756,0.041136
0.038661,0.090430,0.040579
0.041243,0.089755,0.038315
0.041089,0.090280,0.039735
0.043627,0.090747,0.039341
0.042001,0.090017,0.037657
0.046374,0.091670,0.037690
0.048092,0.090640,0.037569
0.051430,0.092091,0.037627
0.049773,0.090350,0.037036
0.051639,0.091565,0.035708
0.052902,0.091969,0.036257
0.052937,0.090931,0.036141
0.055995,0.091819,0.035546
0.055743,0.090653,0.034004
0.058626,0.090923,0.033482
0.058059,0.090661,0.032775
0.060484,0.092846,0.033762
0.061854,0.090243,0.032112
0.064757,0.091870,0.032119
0.065455,0.090787,0.033466
0.067094,0.091049,0.033661
0.068704,0.089936,0.030463
0.068677,0.090802,0.031392
0.070278,0.090241,0.032248
0.072272,0.092042,0.030115
0.073444,0.091288,0.027773
0.074959,0.092285,0.030726
0.077306,0.092281,0.030774
0.077356,0.091037,0.026607
0.077195,0.091827,0.028005
0.080971,0.091764,0.028362
0.081266,0.088411,0.027120
0.083135,0.090809,0.027112
0.084234,0.091147,0.027018
0.085017,0.090323,0.025129
0.086918,0.089570,0.025701
0.088163,0.090331,0.024654
0.091196,0.090899,0.022304
0.090536,0.089855,0.024680
0.093015,0.088987,0.022909
0.094122,0.090757,0.022191
0.094270,0.090139,0.018125
0.098184,0.090861,0.020034
0.097741,0.091459,0.017015
0.099514,0.089840,0.015733
0.100827,0.089719,0.017858
0.104203,0.089561,0.014270
0.103780,0.090419,0.014340
0.104728,0.091179,0.012655
0.104666,0.090416,0.012231
0.108517,0.090627,0.010859
0.109939,0.089678,0.008013
0.109925,0.089907,0.006590
0.113657,0.090104,0.007222
0.113656,0.090786,0.003259
0.113938,0.089192,0.001618
0.115967,0.089334,0.000530
0.119656,0.090495,-0.001285
0.120322,0.089134,-0.001946
0.120881,0.089287,-0.005015
0.121446,0.089987,-0.002857
0.123663,0.091656,-0.006782
0.126477,0.088902,-0.005830
0.128026,0.090256,-0.008937
0.128004,0.090410,-0.010407
0.129906,0.090460,-0.012495
0.130115,0.088947,-0.012023
0.131254,0.090603,-0.014773
0.136275,0.088954,-0.012942
0.134603,0.090898,-0.016096
0.136809,0.088982,-0.014213
0.138675,0.090248,-0.015940
0.139690,0.089493,-0.015797
0.140977,0.090255,-0.017334
0.141739,0.087942,-0.019110
0.144281,0.089556,-0.020394
0.145615,0.091739,-0.020643
0.147728,0.090019,-0.023030
0.149070,0.091283,-0.021501
0.151109,0.090641,-0.022685
0.151772,0.088121,-0.024226
0.151935,0.090105,-0.024707
0.153410,0.089210,-0.024823
0.155555,0.090643,-0.028147
0.156838,0.091360,-0.028941
0.158053,0.089725,-0.029292
0.158631,0.089139,-0.030603
0.161985,0.090433,-0.032559
0.163603,0.089069,-0.034125
0.164213,0.089570,-0.035352
0.165063,0.090803,-0.037185
0.165540,0.089685,-0.041028
0.169368,0.089039,-0.040427
0.170276,0.090756,-0.042922
0.171319,0.089949,-0.044534
0.173396,0.088673,-0.049811
0.175551,0.088385,-0.054601
0.177003,0.088739,-0.059223
0.178264,0.087128,-0.065783
-0.087912,0.091845,-0.029416
-0.088261,0.091450,-0.019650
-0.087345,0.089582,-0.013429
-0.088221,0.092705,-0.007233
-0.083189,0.091979,-0.006797
-0.083591,0.091672,-0.001828
-0.080707,0.093253,-0.000762
-0.081681,0.093311,0.002276
-0.078889,0.092301,0.002507
-0.077288,0.092311,0.006207
-0.073355,0.091313,0.008092
-0.074116,0.092106,0.010346
-0.073729,0.092523,0.010675
-0.069217,0.093348,0.010279
-0.067843,0.090531,0.012668
-0.067720,0.092972,0.015731
-0.066755,0.090696,0.016332
-0.064872,0.092522,0.017706
-0.064313,0.091221,0.018897
-0.062822,0.094029,0.020262
-0.058835,0.091269,0.017930
-0.060342,0.093203,0.020939
-0.058939,0.091494,0.020752
-0.056514,0.094074,0.022525
-0.056202,0.093761,0.023791
-0.055632,0.090693,0.023336
-0.052841,0.092975,0.025684
-0.051394,0.091406,0.027086
-0.050148,0.092784,0.024860
-0.046975,0.091428,0.026160
-0.048863,0.091141,0.027607
-0.046166,0.092752,0.027184
-0.045211,0.093859,0.027914
-0.044343,0.091473,0.027809
-0.041141,0.091825,0.028535
-0.040207,0.093145,0.029177
-0.038520,0.092474,0.028197
-0.038716,0.093281,0.028919
-0.036791,0.091774,0.028685
-0.036292,0.092148,0.029013
-0.031918,0.092105,0.030831
-0.032557,0.092088,0.030403
-0.032659,0.093329,0.029482
-0.029077,0.090506,0.032006
-0.029326,0.092311,0.031109
-0.025643,0.092107,0.029156
-0.025893,0.094506,0.032046
-0.023911,0.090676,0.033416
-0.021269,0.090395,0.032612
-0.021356,0.092989,0.032238
-0.019814,0.091803,0.031311
-0.018444,0.092948,0.032100
-0.017212,0.093253,0.033815
-0.016532,0.096210,0.032826
-0.014289,0.091888,0.032357
-0.014241,0.093630,0.033233
-0.010844,0.092814,0.032894
-0.009218,0.092683,0.033594
-0.008409,0.091518,0.033898
-0.008565,0.091581,0.035499
-0.004532,0.092206,0.036120
-0.002594,0.092603,0.036843
-0.004197,0.093371,0.035327
-0.001734,0.088950,0.036676
-0.000819,0.093320,0.037547
-0.000526,0.093364,0.037687
0.002748,0.091170,0.037634
0.001724,0.093647,0.039640
0.004218,0.092282,0.039292
0.006765,0.090632,0.039939
0.006241,0.092932,0.039606
0.008350,0.092327,0.042715
0.010313,0.090524,0.040076
0.010475,0.092701,0.040051
0.012682,0.092456,0.041199
0.014213,0.094012,0.039203
0.015115,0.091411,0.040237
0.018826,0.091582,0.042468
0.017239,0.092210,0.041518
0.018818,0.091819,0.042102
0.021670,0.094319,0.042106
0.021339,0.092719,0.041869
0.023282,0.091802,0.042485
0.026650,0.093594,0.041777
0.027486,0.092047,0.040695
0.028082,0.091988,0.040305
0.029088,0.092680,0.041530
0.030535,0.090098,0.042229
0.032993,0.091833,0.040614
0.033454,0.092611,0.041870
0.035815,0.091218,0.040930
0.035574,0.092074,0.041432
0.038192,0.092163,0.041266
0.039385,0.092304,0.037997
0.040042,0.093312,0.039837
0.041104,0.091794,0.040102
0.042288,0.093242,0.039617
0.043148,0.092688,0.038458
0.045428,0.093790,0.039773
0.047438,0.092212,0.037896
0.050150,0.091676,0.035408
0.049432,0.092075,0.036166
0.052166,0.091415,0.035088
0.051820,0.093794,0.036672
0.055086,0.092471,0.035447
0.054119,0.091041,0.034424
0.058474,0.092923,0.033786
0.057355,0.091797,0.034050
0.058318,0.090351,0.031892
0.060329,0.092319,0.032167
0.061660,0.092734,0.033882
0.062818,0.094078,0.031940
0.066093,0.093795,0.032383
0.066148,0.092314,0.033486
0.068810,0.093408,0.030571
0.070905,0.090927,0.030537
0.071183,0.092983,0.029442
0.072091,0.091857,0.032494
0.072640,0.093215,0.029423
0.075793,0.093065,0.032193
0.078494,0.092619,0.030057
0.076859,0.092693,0.029448
0.079544,0.093338,0.026012
0.079124,0.091926,0.028746
0.082074,0.092606,0.028316
0.081135,0.092528,0.026873
0.084475,0.090585,0.028140
0.085353,0.091199,0.026032
0.087787,0.094081,0.025037
0.087831,0.092743,0.024731
0.090621,0.092720,0.024915
0.090947,0.093819,0.023897
0.091995,0.091333,0.021486
0.093591,0.092996,0.020862
0.094821,0.091283,0.019987
0.096391,0.093162,0.019041
0.096915,0.092300,0.017817
0.100846,0.091982,0.017940
0.103620,0.092374,0.016804
0.101722,0.092510,0.012222
0.105722,0.092926,0.012127
0.104806,0.092572,0.011804
0.106323,0.091842,0.012242
0.108069,0.091989,0.011518
0.109243,0.091834,0.009257
0.110678,0.092662,0.007890
0.112801,0.093354,0.005269
0.113875,0.092464,0.003239
0.117078,0.093180,-0.000097
0.115687,0.091310,0.001076
0.118610,0.089031,0.001664
0.120913,0.091441,-0.003506
0.121615,0.091133,-0.002465
0.122613,0.092096,-0.004517
0.123004,0.093232,-0.006266
0.126688,0.092208,-0.007304
0.126826,0.090218,-0.007764
0.127748,0.091055,-0.008368
0.130154,0.091553,-0.010791
0.131308,0.090445,-0.012471
0.132865,0.091460,-0.013745
0.133152,0.091122,-0.015221
0.136515,0.089624,-0.015858
0.136543,0.090714,-0.015167
0.140235,0.090913,-0.018874
0.139578,0.092144,-0.016617
0.140683,0.091474,-0.017643
0.143174,0.090804,-0.019454
0.143689,0.093815,-0.020142
0.144858,0.091268,-0.020584
0.145819,0.089456,-0.021141
0.148459,0.091384,-0.022618
0.149123,0.090602,-0.025164
0.150962,0.091643,-0.023185
0.152462,0.091409,-0.025861
0.152866,0.090806,-0.025188
0.155891,0.090212,-0.026952
0.157073,0.091253,-0.029205
0.157328,0.091847,-0.031412
0.159967,0.091808,-0.030293
0.161052,0.091850,-0.031824
0.163382,0.090125,-0.033122
0.164374,0.089893,-0.037445
0.164719,0.090757,-0.037059
0.167520,0.090734,-0.041126
0.168475,0.092528,-0.040397
0.170134,0.091442,-0.042716
0.172106,0.090764,-0.045994
0.173027,0.089502,-0.050425
0.173636,0.089908,-0.055631
0.177582,0.091527,-0.060872
-0.089841,0.094466,-0.022232
-0.089150,0.093230,-0.015112
-0.085851,0.094347,-0.009534
-0.084113,0.093522,-0.007343
-0.082997,0.093734,-0.004468
-0.082253,0.093479,-0.002358
-0.080943,0.092747,0.002162
-0.079147,0.094543,0.003601
-0.078178,0.093864,0.006759
-0.075828,0.095459,0.007505
-0.074830,0.093598,0.008471
-0.071795,0.093001,0.012436
-0.073027,0.093034,0.011992
-0.070634,0.094914,0.013335
-0.067855,0.092718,0.016505
-0.066684,0.094285,0.016359
-0.065168,0.094361,0.017431
-0.065510,0.093895,0.018000
-0.063663,0.093546,0.019610
-0.062318,0.094290,0.020354
-0.061741,0.093027,0.019025
-0.059156,0.093073,0.020260
-0.057511,0.093164,0.022325
-0.055905,0.093004,0.023749
-0.055388,0.093358,0.024785
-0.053693,0.093502,0.022873
-0.051399,0.093704,0.023590
-0.049858,0.092977,0.022923
-0.049467,0.092158,0.025903
-0.047423,0.092645,0.025903
-0.044189,0.094481,0.027785
-0.044959,0.092531,0.026835
-0.042760,0.092563,0.028215
-0.042464,0.092621,0.026726
-0.040844,0.094277,0.029771
-0.039335,0.094296,0.027978
-0.038742,0.093784,0.029283
-0.037438,0.093812,0.028833
-0.035080,0.095295,0.029956
-0.033942,0.092958,0.029377
-0.031168,0.092552,0.031188
-0.030565,0.095234,0.030224
-0.029628,0.095788,0.030141
-0.028901,0.093687,0.031144
-0.027562,0.094539,0.032114
-0.027195,0.094341,0.031067
-0.024550,0.094965,0.030965
-0.023199,0.094069,0.032370
-0.021821,0.093670,0.033084
-0.020036,0.093471,0.033804
-0.019280,0.093138,0.034518
-0.018039,0.093150,0.032555
-0.016034,0.093273,0.033828
-0.013745,0.092972,0.033688
-0.014168,0.094833,0.034182
-0.011138,0.094843,0.032636
-0.010336,0.094422,0.034504
-0.010309,0.093784,0.035764
-0.006844,0.093591,0.033973
-0.008451,0.094739,0.035984
-0.004464,0.093144,0.037027
-0.002899,0.094646,0.035474
-0.001383,0.093803,0.036258
-0.000944,0.095997,0.038376
0.000457,0.093493,0.037603
0.000264,0.094174,0.037059
0.004001,0.093961,0.037620
0.004481,0.094637,0.039007
0.005513,0.093966,0.039598
0.008114,0.094028,0.040079
0.009869,0.095305,0.041359
0.011199,0.094430,0.040076
0.012348,0.094896,0.039185
0.013713,0.094098,0.040837
0.013721,0.095454,0.041102
0.015002,0.095050,0.040161
0.017841,0.094606,0.040598
0.017908,0.093292,0.040453
0.019189,0.093320,0.041356
0.022268,0.093511,0.044052
0.022499,0.094036,0.042799
0.024328,0.095414,0.042343
0.026030,0.093642,0.042849
0.026332,0.094392,0.040505
0.029265,0.093976,0.041741
0.029881,0.091979,0.041468
0.030882,0.094764,0.041536
0.032329,0.095217,0.042455
0.034459,0.093816,0.042225
0.035854,0.092723,0.040550
0.034812,0.094735,0.041788
0.037562,0.095155,0.040188
0.039506,0.093977,0.041007
0.038965,0.095179,0.039333
0.041315,0.094533,0.039589
0.041820,0.094357,0.037477
0.043589,0.094097,0.038027
0.045725,0.094221,0.037536
0.044783,0.096211,0.037409
0.047790,0.094827,0.036313
0.050971,0.092811,0.036571
0.051108,0.093942,0.034452
0.052140,0.094899,0.035603
0.053186,0.094295,0.034992
0.056041,0.093953,0.035876
0.057185,0.092168,0.033972
0.058372,0.093580,0.034562
0.059474,0.093223,0.032926
0.060918,0.093134,0.033849
0.062473,0.094725,0.033534
0.065298,0.093093,0.031956
0.065153,0.093118,0.032222
0.066192,0.093613,0.034514
0.070467,0.093199,0.031630
0.069777,0.093183,0.032269
0.070183,0.094798,0.031571
0.072560,0.092711,0.029971
0.072800,0.093663,0.029740
0.073354,0.094275,0.030960
0.075682,0.095080,0.029831
0.079135,0.094127,0.029705
0.078759,0.095443,0.030166
0.079300,0.093912,0.027848
0.082759,0.094223,0.028800
0.083989,0.093509,0.026944
0.084053,0.094727,0.026754
0.084812,0.094307,0.028721
0.087702,0.093690,0.024863
0.088170,0.094466,0.024337
0.091246,0.093612,0.024972
0.089633,0.094762,0.021982
0.093092,0.093882,0.022806
0.095291,0.092664,0.020004
0.093363,0.094640,0.021753
0.097414,0.095710,0.020748
0.097515,0.094664,0.019204
0.100186,0.094464,0.018864
0.099782,0.093622,0.016681
0.101725,0.095030,0.017769
0.104078,0.094336,0.014446
0.105284,0.093088,0.011652
0.106954,0.092372,0.012021
0.108397,0.093573,0.010301
0.109323,0.093349,0.009249
0.110377,0.094574,0.005876
0.112996,0.093455,0.007853
0.114845,0.093029,0.005305
0.115965,0.091487,0.004175
0.114765,0.094436,0.000427
0.118635,0.094699,-0.001193
0.119871,0.094422,-0.003311
0.121645,0.092592,-0.002888
0.122838,0.093210,-0.002026
0.123437,0.092604,-0.005205
0.124763,0.094451,-0.007947
0.128351,0.093477,-0.009015
0.127711,0.093905,-0.009124
0.130326,0.094735,-0.009638
0.131471,0.092007,-0.010718
0.130725,0.092951,-0.012246
0.133214,0.093271,-0.014931
0.135772,0.095030,-0.014883
0.137586,0.094241,-0.014726
0.138091,0.092296,-0.015545
0.139894,0.093091,-0.018546
0.142830,0.093826,-0.017231
0.143646,0.094210,-0.019406
0.145093,0.093179,-0.018860
0.145438,0.094425,-0.019698
0.148455,0.094215,-0.020639
0.147885,0.091746,-0.022134
0.149003,0.092609,-0.022271
0.149263,0.094089,-0.023688
0.152460,0.092317,-0.023944
0.153891,0.094492,-0.027724
0.154973,0.092912,-0.028946
0.157053,0.093691,-0.028818
0.156801,0.093045,-0.028916
0.160589,0.093440,-0.030483
0.162017,0.093488,-0.031674
0.162716,0.093328,-0.035151
0.165903,0.094022,-0.037053
0.166608,0.094557,-0.037617
0.167416,0.092701,-0.039244
0.169661,0.093649,-0.044988
0.169025,0.092155,-0.044222
0.171323,0.093662,-0.046695
0.172298,0.092367,-0.051772
0.174389,0.092783,-0.056861
0.176522,0.092516,-0.063590
-0.089987,0.095074,-0.022878
-0.086739,0.094514,-0.017827
-0.087219,0.096094,-0.010341
-0.085043,0.094139,-0.006744
-0.083677,0.095578,-0.003994
-0.080667,0.094740,-0.001777
-0.080901,0.094713,0.001008
-0.078293,0.095878,0.005489
-0.076852,0.094245,0.005559
-0.077013,0.096705,0.007679
-0.075062,0.096131,0.009317
-0.073202,0.094717,0.010520
-0.071897,0.096603,0.011560
-0.070295,0.094286,0.012979
-0.066439,0.095032,0.015889
-0.065155,0.095550,0.015385
-0.066544,0.095454,0.015950
-0.065639,0.097276,0.018148
-0.065404,0.094860,0.018619
-0.059962,0.095422,0.018950
-0.059753,0.095302,0.021394
-0.059210,0.096873,0.021502
-0.056514,0.094625,0.022657
-0.055030,0.095557,0.023353
-0.054318,0.094490,0.023811
-0.053489,0.095416,0.024516
-0.053193,0.094836,0.024874
-0.047828,0.096382,0.024705
-0.051442,0.097946,0.024138
-0.049120,0.096587,0.026841
-0.046169,0.096457,0.027933
-0.044174,0.095016,0.029317
-0.042533,0.097218,0.028905
-0.043261,0.096271,0.027756
-0.040558,0.095302,0.027071
-0.040886,0.096019,0.028607
-0.037572,0.094217,0.029529
-0.037507,0.095690,0.029310
-0.032822,0.095715,0.029960
-0.033675,0.094442,0.030110
-0.033407,0.095653,0.030074
-0.030962,0.095932,0.030885
-0.029368,0.094421,0.031270
-0.029979,0.096275,0.033070
-0.026455,0.095485,0.032619
-0.025602,0.096716,0.030198
-0.022927,0.094655,0.032288
-0.023925,0.096853,0.031586
-0.022032,0.095505,0.034018
-0.020270,0.097156,0.034198
-0.019993,0.094312,0.033464
-0.015692,0.095631,0.032128
-0.016283,0.096743,0.031922
-0.014121,0.095752,0.034610
-0.013824,0.095735,0.033651
-0.011779,0.094233,0.036176
-0.010171,0.094383,0.036307
-0.008941,0.094179,0.033896
-0.008553,0.096321,0.036385
-0.006947,0.096185,0.036255
-0.003950,0.096716,0.037032
-0.003432,0.094663,0.039589
-0.003029,0.094683,0.036316
0.000845,0.095030,0.037868
-0.000499,0.095637,0.039227
0.003465,0.093860,0.038844
0.003036,0.095255,0.040086
0.003066,0.096052,0.039665
0.005953,0.098137,0.040239
0.007205,0.097149,0.040834
0.009432,0.097463,0.041042
0.010177,0.096477,0.039407
0.010771,0.095055,0.041479
0.013909,0.095668,0.040235
0.014380,0.094782,0.041646
0.016891,0.094043,0.042104
0.018228,0.095869,0.042611
0.017822,0.095346,0.041551
0.019413,0.096599,0.041118
0.020207,0.095619,0.042118
0.023338,0.094453,0.043325
0.024122,0.096218,0.042125
0.025069,0.094984,0.040157
0.025398,0.095158,0.043525
0.027434,0.094883,0.041518
0.029098,0.094731,0.041537
0.029186,0.098041,0.042159
0.030697,0.095210,0.040534
0.032726,0.097265,0.041958
0.034815,0.096661,0.041249
0.035527,0.096394,0.042590
0.036565,0.095445,0.039476
0.038461,0.097376,0.039561
0.039774,0.096874,0.039529
0.039808,0.095200,0.038706
0.043781,0.093303,0.039277
0.044300,0.095758,0.038666
0.047051,0.096786,0.038213
0.047627,0.095651,0.036462
0.049585,0.097779,0.036818
0.048769,0.093315,0.037345
0.049480,0.097280,0.038108
0.054707,0.097222,0.036385
0.054298,0.094186,0.034169
0.055611,0.094938,0.034219
0.057943,0.093005,0.035545
0.058377,0.095028,0.032841
0.058541,0.097682,0.033442
0.059294,0.094794,0.032788
0.064150,0.095150,0.032808
0.064095,0.095881,0.033447
0.064890,0.095438,0.033529
0.066458,0.093376,0.031875
0.068045,0.098042,0.032709
0.067795,0.096389,0.030499
0.070291,0.095296,0.031818
0.072328,0.096793,0.031326
0.073362,0.095776,0.031311
0.073442,0.095538,0.029861
0.074497,0.095537,0.029913
0.076677,0.094634,0.031097
0.077898,0.095205,0.028429
0.080152,0.095288,0.027488
0.080240,0.095727,0.027316
0.082718,0.095062,0.026691
0.085926,0.094935,0.025519
0.085835,0.094556,0.027762
0.086279,0.096792,0.025931
0.088857,0.096066,0.024138
0.089269,0.095254,0.023925
0.091075,0.095987,0.024633
0.092493,0.096353,0.023789
0.096013,0.095122,0.021903
0.095588,0.096217,0.020703
0.097096,0.094260,0.020014
0.097668,0.095837,0.018559
0.099038,0.096943,0.017931
0.102510,0.093715,0.017642
0.102835,0.094098,0.016313
0.103522,0.096171,0.013695
0.105638,0.095788,0.013211
0.107827,0.094606,0.012240
0.109435,0.096392,0.012350
0.108946,0.095331,0.009361
0.112996,0.096628,0.008805
0.110315,0.094211,0.006321
0.114718,0.094193,0.005225
0.116079,0.095040,0.004922
0.118226,0.095113,0.001892
0.116755,0.096158,-0.000573
0.121746,0.095348,-0.002424
0.120174,0.095208,-0.003226
0.122195,0.095602,-0.001851
0.123126,0.094500,-0.004161
0.122819,0.095418,-0.008027
0.127771,0.096768,-0.008584
0.129215,0.093134,-0.008375
0.130464,0.092638,-0.008857
0.133389,0.094532,-0.012836
0.132178,0.096775,-0.011783
0.134251,0.091806,-0.014965
0.135226,0.095472,-0.016205
0.138963,0.095509,-0.013560
0.138757,0.093092,-0.017071
0.139761,0.096060,-0.017070
0.140803,0.093261,-0.015984
0.143220,0.095320,-0.020068
0.143452,0.094910,-0.019812
0.146568,0.095307,-0.020957
0.145754,0.093038,-0.020509
0.148606,0.093763,-0.024702
0.149485,0.094784,-0.024692
0.151951,0.094766,-0.025717
0.152895,0.095949,-0.025514
0.153887,0.094379,-0.026045
0.154353,0.096182,-0.027645
0.156995,0.095076,-0.028404
0.158889,0.096958,-0.030036
0.160703,0.094539,-0.029839
0.161034,0.094246,-0.031026
0.163897,0.093368,-0.032083
0.164741,0.094910,-0.036758
0.165678,0.095451,-0.039264
0.166981,0.093368,-0.040265
0.170127,0.094361,-0.042343
0.170713,0.094645,-0.043585
0.172288,0.093690,-0.047207
0.172755,0.092967,-0.052457
0.173505,0.092271,-0.058610
0.177939,0.092151,-0.065582
-0.090004,0.095598,-0.024539
-0.090152,0.097598,-0.018395
-0.086662,0.096904,-0.011436
-0.086100,0.097246,-0.008923
-0.083220,0.097779,-0.001906
-0.082438,0.095838,-0.000704
-0.080262,0.097659,0.002638
-0.076699,0.097553,0.002838
-0.078621,0.096907,0.006247
-0.076457,0.097464,0.006987
-0.075835,0.097161,0.008057
-0.070667,0.096108,0.009070
-0.071098,0.100841,0.013143
-0.068728,0.097014,0.013366
-0.066566,0.096223,0.017199
-0.066741,0.096363,0.016389
-0.065445,0.096971,0.018654
-0.066005,0.096512,0.016391
-0.063853,0.096038,0.017646
-0.061153,0.097787,0.018714
-0.060432,0.097348,0.019533
-0.057741,0.097759,0.020799
-0.056828,0.098198,0.020144
-0.056454,0.095997,0.024379
-0.052779,0.097270,0.022256
-0.051506,0.098190,0.024821
-0.050674,0.098239,0.025257
-0.050906,0.097705,0.026371
-0.050274,0.098294,0.025404
-0.047062,0.099447,0.027154
-0.045566,0.097570,0.026653
-0.046290,0.096155,0.027878
-0.041620,0.098274,0.028516
-0.042417,0.096505,0.026935
-0.040472,0.096090,0.027208
-0.040511,0.096025,0.029796
-0.035823,0.096573,0.030339
-0.035939,0.096493,0.031139
-0.035397,0.094981,0.030685
-0.033632,0.097293,0.030268
-0.033591,0.096296,0.031038
-0.031153,0.097680,0.031537
-0.029952,0.096223,0.031595
-0.028979,0.096801,0.032239
-0.028304,0.098407,0.032330
-0.025834,0.096940,0.031619
-0.023200,0.095206,0.032487
-0.022711,0.095414,0.032851
-0.021570,0.097820,0.033099
-0.019070,0.098741,0.032522
-0.019673,0.097348,0.033855
-0.015838,0.096547,0.035135
-0.017378,0.096709,0.034793
-0.016135,0.098006,0.034432
-0.013254,0.098580,0.034921
-0.011427,0.095595,0.035294
-0.010779,0.099048,0.036381
-0.009676,0.097087,0.036117
-0.009305,0.097078,0.036675
-0.006158,0.096448,0.036433
-0.005021,0.098202,0.036839
-0.004480,0.097571,0.038110
-0.003110,0.097946,0.034299
-0.000038,0.096722,0.038368
0.000667,0.097157,0.037568
0.004934,0.096845,0.037699
0.002818,0.097643,0.039212
0.005608,0.097848,0.040809
0.007747,0.098887,0.041480
0.005335,0.098640,0.041586
0.008829,0.097466,0.038201
0.009687,0.096450,0.040700
0.012487,0.097334,0.039677
0.013933,0.096218,0.041525
0.013866,0.097358,0.041140
0.015064,0.097525,0.044629
0.016692,0.097419,0.041385
0.018586,0.096510,0.041812
0.022119,0.097463,0.040822
0.021596,0.097936,0.043726
0.022520,0.097740,0.042166
0.023591,0.097838,0.042578
0.022652,0.097981,0.042899
0.027462,0.098092,0.043164
0.026825,0.097714,0.040616
0.030092,0.096609,0.042974
0.031212,0.098839,0.040850
0.031811,0.099560,0.041175
0.033836,0.099369,0.042183
0.036523,0.098300,0.042349
0.037048,0.097838,0.040568
0.039179,0.096048,0.040853
0.036818,0.098083,0.041012
0.040413,0.097579,0.040206
0.039904,0.096640,0.039629
0.042754,0.096578,0.040214
0.044666,0.097294,0.040038
0.046174,0.096188,0.037826
0.046918,0.097157,0.037554
0.050455,0.095401,0.037667
0.050399,0.097056,0.037710
0.050099,0.096492,0.037191
0.050905,0.097822,0.034830
0.053212,0.095558,0.035426
0.057005,0.097150,0.032829
0.056473,0.096645,0.034399
0.058871,0.097189,0.032888
0.058736,0.096832,0.032592
0.061168,0.095870,0.033760
0.062265,0.097387,0.032694
0.064472,0.098017,0.033626
0.065365,0.096252,0.035244
0.067793,0.097996,0.032533
0.068948,0.097405,0.031097
0.068095,0.097565,0.031062
0.071642,0.097348,0.031833
0.071775,0.096773,0.029020
0.071832,0.095674,0.031721
0.075104,0.095929,0.030565
0.075739,0.098174,0.029369
0.076463,0.097458,0.030226
0.079853,0.097436,0.031173
0.079686,0.098549,0.029550
0.082134,0.097433,0.029757
0.084235,0.095332,0.026172
0.085368,0.098660,0.029355
0.084288,0.095541,0.027281
0.086101,0.098419,0.024703
0.088311,0.096427,0.025344
0.089438,0.097433,0.023831
0.091243,0.098750,0.021989
0.092934,0.095558,0.024083
0.091517,0.096394,0.023814
0.094110,0.097922,0.022305
0.095262,0.096112,0.019703
0.098514,0.096788,0.019985
0.099191,0.098261,0.018557
0.100154,0.097411,0.016542
0.103402,0.097465,0.016197
0.104424,0.096949,0.014681
0.104416,0.096782,0.014229
0.106495,0.096519,0.012634
0.108107,0.096348,0.010913
0.110520,0.096862,0.009376
0.111141,0.096482,0.007707
0.112626,0.097123,0.006560
0.113793,0.096368,0.003581
0.114695,0.097796,0.002780
0.115908,0.095790,0.002497
0.119217,0.095999,-0.000987
0.120062,0.096183,-0.001930
0.121076,0.095796,-0.004320
0.122833,0.095160,-0.005629
0.124764,0.096333,-0.006039
0.125618,0.097083,-0.003878
0.125798,0.095817,-0.007333
0.127355,0.096280,-0.009216
0.129849,0.096894,-0.010158
0.130565,0.097260,-0.011508
0.131637,0.096770,-0.012070
0.134055,0.095615,-0.014675
0.136945,0.093691,-0.014025
0.137315,0.095994,-0.016095
0.138368,0.097059,-0.015800
0.140721,0.096317,-0.017360
0.140850,0.093559,-0.017185
0.143430,0.096589,-0.018531
0.144891,0.097073,-0.021446
0.145000,0.094653,-0.019190
0.147142,0.096230,-0.020173
0.149015,0.096346,-0.022231
0.150227,0.095829,-0.022272
0.153109,0.096170,-0.027143
0.151119,0.097338,-0.026169
0.154743,0.098226,-0.026157
0.156530,0.094772,-0.028357
0.156532,0.095895,-0.029708
0.158361,0.097055,-0.030421
0.161633,0.097048,-0.031138
0.161380,0.095896,-0.032499
0.164395,0.096063,-0.035354
0.166045,0.095362,-0.036143
0.165380,0.095516,-0.038956
0.169179,0.094429,-0.041854
0.167611,0.094763,-0.042258
0.170378,0.095679,-0.044520
0.171550,0.097124,-0.048282
0.174466,0.096674,-0.056178
0.174170,0.096321,-0.058675
-0.090406,0.099663,-0.023407
-0.087770,0.097675,-0.018056
-0.086553,0.098459,-0.010673
-0.083802,0.098081,-0.006645
-0.083125,0.098339,-0.005524
-0.081205,0.099208,-0.001625
-0.079354,0.098331,0.004198
-0.079318,0.099002,0.004330
-0.077124,0.097764,0.007336
-0.075656,0.097008,0.009510
-0.074154,0.097612,0.009608
-0.075157,0.098840,0.012370
-0.071533,0.099718,0.012015
-0.069984,0.097967,0.014580
-0.069728,0.099731,0.014559
-0.066977,0.099375,0.016611
-0.067949,0.099199,0.017161
-0.064676,0.097491,0.018983
-0.063336,0.098726,0.018095
-0.062830,0.098494,0.019891
-0.059316,0.097631,0.020913
-0.058507,0.098168,0.019993
-0.057218,0.099190,0.022502
-0.057399,0.098794,0.023130
-0.052887,0.097834,0.025542
-0.053465,0.098659,0.023351
-0.052266,0.099177,0.023910
-0.049492,0.096920,0.025234
-0.048146,0.099339,0.027313
-0.046831,0.097748,0.026947
-0.046739,0.098375,0.027875
-0.044340,0.099775,0.026374
-0.043688,0.098868,0.029663
-0.042742,0.099355,0.028496
-0.040358,0.099149,0.028919
-0.038967,0.097983,0.030223
-0.038457,0.099648,0.028241
-0.036226,0.097772,0.029886
-0.037055,0.097843,0.030437
-0.033278,0.100440,0.030207
-0.032508,0.097115,0.032457
-0.030623,0.099077,0.031068
-0.028521,0.098908,0.030642
-0.030014,0.097968,0.032394
-0.025771,0.098236,0.031949
-0.024417,0.099110,0.029379
-0.023023,0.098055,0.033818
-0.022611,0.097409,0.033925
-0.021452,0.097289,0.033108
-0.020185,0.099650,0.033194
-0.017977,0.098220,0.035219
-0.017895,0.099939,0.033757
-0.015134,0.098910,0.033164
-0.014993,0.098804,0.034585
-0.014086,0.098593,0.035622
-0.012402,0.098181,0.034309
-0.010820,0.097788,0.037338
-0.009093,0.097644,0.035377
-0.008468,0.100260,0.038082
-0.005001,0.098477,0.038269
-0.005747,0.098835,0.036051
-0.002999,0.098621,0.038925
-0.002164,0.100334,0.039100
-0.001204,0.098458,0.040479
-0.000812,0.098084,0.037524
0.001712,0.097568,0.039445
0.003785,0.099437,0.038231
0.004419,0.099391,0.040678
0.005430,0.101427,0.041038
0.007172,0.100698,0.041560
0.008742,0.097710,0.042299
0.008729,0.100524,0.040927
0.011153,0.100380,0.041309
0.013100,0.098589,0.039695
0.013266,0.100479,0.042651
0.017079,0.097962,0.044538
0.016913,0.098885,0.042068
0.016919,0.098419,0.041525
0.019510,0.100528,0.042094
0.022015,0.099466,0.041695
0.022943,0.100069,0.043324
0.023510,0.098502,0.043173
0.023196,0.098264,0.042413
0.026743,0.099865,0.042626
0.026791,0.098058,0.041487
0.029681,0.099193,0.042093
0.030874,0.100535,0.042414
0.034388,0.098827,0.039969
0.035152,0.099377,0.042238
0.033523,0.099091,0.041074
0.035466,0.098144,0.041723
0.037428,0.097348,0.040757
0.039690,0.098323,0.043309
0.040958,0.097920,0.038840
0.042093,0.099088,0.041014
0.041097,0.099553,0.040142
0.044342,0.098632,0.040897
0.044038,0.098675,0.037826
0.047453,0.099033,0.039056
0.049212,0.099154,0.038502
0.049590,0.099085,0.039162
0.050821,0.098795,0.034395
0.054010,0.099871,0.034946
0.053028,0.097844,0.034375
0.056522,0.097642,0.035097
0.055760,0.097996,0.035146
0.058052,0.096868,0.033846
0.057452,0.096807,0.034558
0.060430,0.098825,0.033757
0.060173,0.097145,0.034808
0.063524,0.096929,0.030998
0.065475,0.099431,0.035562
0.065616,0.099804,0.031934
0.067097,0.097337,0.032176
0.067707,0.100828,0.031312
0.070431,0.098933,0.031773
0.071947,0.098356,0.030832
0.071233,0.099372,0.030890
0.073877,0.099442,0.030747
0.075861,0.098953,0.030172
0.076145,0.100495,0.029780
0.078526,0.098940,0.030090
0.080014,0.099159,0.027642
0.081608,0.099392,0.028919
0.082319,0.100310,0.025893
0.083897,0.099162,0.027326
0.087264,0.098117,0.025736
0.087077,0.099193,0.027864
0.088966,0.098112,0.025900
0.090062,0.098867,0.023062
0.091420,0.098393,0.025448
0.094656,0.098657,0.024341
0.093781,0.100138,0.022826
0.095243,0.098132,0.023800
0.096830,0.097669,0.020109
0.098181,0.098151,0.018011
0.100940,0.096164,0.020490
0.100116,0.098662,0.017005
0.102629,0.096376,0.019274
0.102774,0.098347,0.013752
0.104928,0.097974,0.015727
0.107795,0.098159,0.013500
0.107657,0.099445,0.011234
0.109805,0.098616,0.009409
0.111833,0.099615,0.008615
0.111437,0.098416,0.008438
0.114262,0.096773,0.007088
0.115317,0.098745,0.002840
0.118265,0.100478,0.001177
0.118068,0.099183,0.000049
0.119722,0.097790,-0.000817
0.121521,0.098010,-0.000947
0.120752,0.099442,-0.003202
0.123237,0.098568,-0.004535
0.126468,0.099304,-0.005481
0.126758,0.096653,-0.007926
0.129928,0.098423,-0.008952
0.128625,0.098958,-0.009462
0.130410,0.098527,-0.010743
0.132730,0.097905,-0.012633
0.135114,0.099344,-0.013073
0.133738,0.098588,-0.014837
0.134625,0.099107,-0.016123
0.136610,0.098293,-0.016710
0.139466,0.098179,-0.019336
0.143024,0.098500,-0.019442
0.142896,0.098314,-0.018780
0.145905,0.098118,-0.021116
0.144048,0.098416,-0.019459
0.146686,0.097270,-0.021558
0.148473,0.098603,-0.022331
0.149182,0.098408,-0.024387
0.152318,0.098157,-0.024575
0.151543,0.098149,-0.024942
0.152956,0.097988,-0.025000
0.154987,0.096062,-0.028568
0.156858,0.096887,-0.027504
0.159141,0.097056,-0.029704
0.158767,0.096358,-0.031461
0.160431,0.096900,-0.033038
0.162201,0.096773,-0.036575
0.165231,0.098162,-0.037401
0.166662,0.097286,-0.039317
0.167033,0.096605,-0.042460
0.168772,0.096695,-0.042341
0.170661,0.098009,-0.044906
0.172063,0.096519,-0.048226
0.172649,0.098081,-0.055275
0.177252,0.099218,-0.062732
-0.089038,0.101448,-0.023435
-0.087945,0.098396,-0.017983
-0.087436,0.099503,-0.010889
-0.085764,0.098964,-0.008855
-0.085229,0.101927,-0.003538
-0.081935,0.099518,-0.002043
-0.079844,0.099683,0.002151
-0.080046,0.100694,0.003032
-0.076195,0.101028,0.005474
-0.075387,0.099181,0.007200
-0.073798,0.099318,0.009329
-0.072089,0.099688,0.011260
-0.070701,0.101122,0.011316
-0.071094,0.101346,0.012487
-0.068033,0.099508,0.015782
-0.065860,0.099832,0.015275
-0.066172,0.099931,0.018921
-0.062762,0.099656,0.016960
-0.062295,0.100482,0.018023
-0.061275,0.099429,0.019930
-0.060522,0.099490,0.021636
-0.060207,0.100938,0.022124
-0.056759,0.101081,0.021904
-0.055318,0.099017,0.024945
-0.053110,0.100645,0.025037
-0.052398,0.101116,0.024177
-0.051585,0.100617,0.024508
-0.049341,0.100263,0.025230
-0.048036,0.101004,0.026473
-0.047727,0.101841,0.026850
-0.046918,0.099957,0.026612
-0.043699,0.101394,0.027149
-0.043766,0.101184,0.030317
-0.041016,0.101277,0.027286
-0.040949,0.101394,0.029638
-0.039301,0.099506,0.030827
-0.037285,0.100367,0.031253
-0.038322,0.099897,0.030796
-0.033937,0.100594,0.029116
-0.034261,0.099280,0.033891
-0.030673,0.100153,0.031841
-0.031098,0.100521,0.030678
-0.031041,0.101504,0.030771
-0.028572,0.101152,0.031625
-0.027921,0.100990,0.031548
-0.024284,0.100921,0.031642
-0.024185,0.100858,0.032932
-0.021283,0.099230,0.032746
-0.023530,0.099315,0.033311
-0.020102,0.099408,0.032479
-0.017687,0.099023,0.034534
-0.017098,0.100861,0.035178
-0.016026,0.100176,0.033947
-0.015057,0.100578,0.034523
-0.013166,0.100458,0.034571
-0.010091,0.100794,0.034574
-0.009305,0.100228,0.035527
-0.007993,0.100304,0.036560
-0.006017,0.101864,0.035850
-0.007765,0.100075,0.037148
-0.004465,0.100217,0.037952
-0.003175,0.099989,0.037127
-0.001791,0.099950,0.038698
-0.001182,0.099885,0.039925
0.000549,0.100917,0.038737
0.002847,0.101179,0.041320
0.003535,0.101685,0.040127
0.005886,0.101013,0.040207
0.004390,0.100324,0.040255
0.009130,0.100306,0.041218
0.008189,0.098756,0.041112
0.008601,0.101001,0.043800
0.012123,0.099684,0.041951
0.012327,0.099879,0.042010
0.014436,0.101228,0.042665
0.016496,0.099188,0.041651
0.017914,0.099916,0.043279
0.019203,0.099169,0.041723
0.018819,0.101340,0.044175
0.020182,0.100624,0.042220
0.023836,0.102130,0.043225
0.023542,0.099743,0.044813
0.025983,0.098717,0.043571
0.026251,0.101843,0.043890
0.026709,0.101315,0.041919
0.028853,0.100731,0.041676
0.032285,0.100696,0.043705
0.031237,0.101361,0.041504
0.033803,0.101003,0.043449
0.035857,0.099674,0.042243
0.034879,0.101252,0.043358
0.036601,0.101872,0.040630
0.039910,0.101220,0.043821
0.040267,0.101840,0.041932
0.042863,0.100621,0.039015
0.043332,0.102560,0.039206
0.045174,0.102321,0.041591
0.045886,0.100259,0.038255
0.048550,0.099174,0.036760
0.048906,0.099090,0.038024
0.051246,0.101427,0.037532
0.051525,0.101340,0.038330
0.050864,0.098747,0.036274
0.052701,0.099930,0.034759
0.053318,0.099816,0.034571
0.057450,0.100081,0.036937
0.058552,0.102598,0.034197
0.061058,0.098949,0.033173
0.060811,0.100759,0.033505
0.063456,0.099588,0.033515
0.063335,0.100627,0.033507
0.064652,0.099848,0.032462
0.066988,0.100124,0.030739
0.068047,0.098739,0.032880
0.070190,0.102285,0.032381
0.069841,0.100461,0.031270
0.071897,0.100985,0.031756
0.073342,0.099160,0.029506
0.075396,0.100734,0.030195
0.075530,0.099791,0.030541
0.077298,0.100571,0.029649
0.080543,0.100066,0.029267
0.078817,0.100749,0.027292
0.082106,0.099527,0.027326
0.083362,0.099934,0.029331
0.084592,0.098766,0.029514
0.085366,0.101096,0.027774
0.087559,0.100110,0.026747
0.087819,0.100092,0.025618
0.090891,0.100125,0.024953
0.089571,0.101336,0.024914
0.093179,0.103295,0.022486
0.095479,0.099924,0.024426
0.095151,0.100932,0.022423
0.094652,0.099061,0.021659
0.098538,0.101542,0.021438
0.100977,0.100961,0.019390
0.101403,0.101254,0.018474
0.102620,0.099715,0.015664
0.102522,0.099752,0.015159
0.105075,0.101857,0.014351
0.104161,0.100953,0.014177
0.108446,0.099534,0.012790
0.108820,0.100853,0.010379
0.109094,0.097906,0.007834
0.113020,0.099367,0.007292
0.113241,0.100208,0.007661
0.114983,0.100573,0.003725
0.117244,0.100080,0.002672
0.116314,0.098977,0.000054
0.121191,0.099017,-0.001264
0.120213,0.100929,-0.001585
0.122540,0.099951,-0.005242
0.125057,0.099861,-0.006573
0.124732,0.100497,-0.004770
0.125592,0.100817,-0.007261
0.129437,0.100000,-0.008616
0.128401,0.099162,-0.011089
0.131641,0.100532,-0.011525
0.133323,0.100635,-0.014044
0.133232,0.098816,-0.013156
0.135225,0.098398,-0.014579
0.138193,0.099560,-0.015549
0.136498,0.098647,-0.016656
0.138831,0.099473,-0.018453
0.140357,0.099734,-0.015535
0.143432,0.102380,-0.018926
0.143370,0.098826,-0.019354
0.147590,0.098884,-0.020957
0.146656,0.099373,-0.021472
0.147074,0.101456,-0.023741
0.150377,0.098412,-0.024592
0.150806,0.098776,-0.024360
0.152502,0.101140,-0.025240
0.153739,0.101228,-0.024158
0.157068,0.098294,-0.028196
0.157492,0.098830,-0.028383
0.160260,0.100450,-0.030894
0.159155,0.099099,-0.030677
0.161530,0.099737,-0.032656
0.163237,0.099779,-0.035299
0.164808,0.099970,-0.036898
0.164957,0.098576,-0.039516
0.167551,0.099205,-0.041063
0.169237,0.099939,-0.042854
0.168980,0.098413,-0.045411
0.170012,0.097680,-0.051242
0.172620,0.099287,-0.059471
0.175316,0.098686,-0.063731
-0.090343,0.099322,-0.027005
-0.088571,0.101837,-0.019622
-0.086170,0.102942,-0.013387
-0.084631,0.100809,-0.009066
-0.083452,0.100461,-0.005209
-0.080436,0.099994,-0.003040
-0.080531,0.100716,0.000254
-0.080487,0.103717,0.003713
-0.077240,0.102260,0.006217
-0.074936,0.101146,0.006412
-0.074343,0.102963,0.007855
-0.072006,0.102388,0.012429
-0.071219,0.101869,0.010319
-0.070101,0.102524,0.012893
-0.068484,0.100633,0.015247
-0.066109,0.101248,0.015103
-0.067409,0.102025,0.018478
-0.063537,0.102235,0.017996
-0.063075,0.101664,0.021128
-0.063341,0.102187,0.018944
-0.061504,0.101988,0.021460
-0.057827,0.099749,0.020523
-0.056199,0.099268,0.023229
-0.054671,0.102586,0.023190
-0.056198,0.100381,0.022691
-0.053020,0.101216,0.025825
-0.052357,0.101567,0.025491
-0.052031,0.103060,0.026374
-0.048605,0.101110,0.026352
-0.046350,0.101636,0.027429
-0.046742,0.102841,0.027094
-0.045733,0.101640,0.028425
-0.042383,0.104012,0.029680
-0.041738,0.100728,0.029073
-0.039880,0.102153,0.028897
-0.038952,0.102626,0.029612
-0.038040,0.101955,0.031410
-0.036056,0.102835,0.031501
-0.035744,0.100673,0.032678
-0.032683,0.101861,0.031566
-0.032828,0.101632,0.031699
-0.031729,0.103577,0.030952
-0.030482,0.103388,0.031039
-0.027664,0.101577,0.031754
-0.027192,0.101604,0.031383
-0.024863,0.101530,0.032455
-0.021627,0.100624,0.033349
-0.022864,0.102542,0.031546
-0.023335,0.102028,0.034349
-0.021628,0.102185,0.033613
-0.019702,0.103514,0.035022
-0.017239,0.102494,0.034506
-0.015282,0.102722,0.036442
-0.014265,0.102440,0.034766
-0.013767,0.102083,0.037933
-0.011371,0.103851,0.034706
-0.010896,0.103266,0.034747
-0.007957,0.102042,0.037405
-0.008417,0.101224,0.035250
-0.005418,0.102155,0.038374
-0.003517,0.102497,0.037534
-0.002465,0.100255,0.037064
-0.000042,0.100861,0.038502
-0.000104,0.100973,0.038573
0.002685,0.101578,0.038738
0.002242,0.100916,0.040575
0.001914,0.100741,0.040120
0.005233,0.099830,0.040932
0.005727,0.103115,0.041802
0.007382,0.103394,0.041770
0.007354,0.102177,0.043799
0.010059,0.099898,0.041606
0.013365,0.099997,0.043524
0.011695,0.101328,0.041485
0.013847,0.101440,0.042363
0.017624,0.101592,0.042963
0.017007,0.101986,0.044163
0.018257,0.102518,0.041590
0.020944,0.102185,0.042920
0.020493,0.101704,0.042636
0.021642,0.101016,0.041388
0.024075,0.099666,0.043249
0.027822,0.102128,0.042472
0.025554,0.101677,0.042473
0.028586,0.101714,0.044304
0.030141,0.102136,0.041918
0.029452,0.102679,0.041215
0.032237,0.101082,0.042569
0.033501,0.103665,0.044095
0.035582,0.101895,0.041288
0.038709,0.100987,0.040367
0.037825,0.102430,0.042002
0.037504,0.102191,0.042391
0.041445,0.102110,0.040331
0.040377,0.101748,0.041126
0.042415,0.104040,0.038865
0.044577,0.101070,0.038886
0.043992,0.100611,0.038669
0.047490,0.102242,0.036875
0.048874,0.104128,0.035561
0.051954,0.101718,0.035494
0.052953,0.100477,0.037424
0.053562,0.101762,0.037086
0.053606,0.103852,0.036096
0.054974,0.099178,0.035757
0.056691,0.104019,0.035251
0.057519,0.101840,0.034150
0.061459,0.102399,0.033633
0.061753,0.103068,0.033071
0.062037,0.100695,0.033905
0.065459,0.102828,0.032425
0.065018,0.102001,0.033757
0.068832,0.102197,0.030981
0.068182,0.101543,0.031935
0.068884,0.102337,0.032834
0.070818,0.101221,0.032155
0.070891,0.099710,0.032632
0.074476,0.102259,0.030813
0.076076,0.103462,0.030362
0.076150,0.100250,0.030007
0.077297,0.101081,0.028800
0.078788,0.099946,0.030854
0.081124,0.101230,0.029698
0.083720,0.101801,0.028707
0.082753,0.101998,0.031470
0.083047,0.102936,0.027071
0.085325,0.101955,0.028614
0.088003,0.102848,0.026851
0.088297,0.101563,0.026026
0.089765,0.101830,0.024920
0.091931,0.101277,0.025237
0.093027,0.103453,0.023806
0.094653,0.100385,0.022415
0.094089,0.100909,0.020661
0.097059,0.102038,0.019927
0.099463,0.102920,0.020747
0.099119,0.102365,0.020082
0.102435,0.099478,0.017910
0.105333,0.099279,0.015656
0.105127,0.102275,0.014349
0.103836,0.103326,0.015304
0.107662,0.103285,0.013115
0.107789,0.101048,0.011247
0.108772,0.101551,0.012367
0.110953,0.100656,0.010301
0.113498,0.101999,0.007162
0.112875,0.102554,0.004866
0.116543,0.099682,0.003512
0.116406,0.101999,0.002591
0.118807,0.100584,0.000499
0.120798,0.100631,0.000175
0.121619,0.101779,-0.001179
0.120870,0.102752,-0.003903
0.122830,0.102624,-0.002025
0.125542,0.100854,-0.006830
0.129235,0.100403,-0.007626
0.129367,0.101145,-0.007276
0.130317,0.101904,-0.009603
0.130352,0.100841,-0.010962
0.132475,0.101663,-0.011847
0.134310,0.101491,-0.012916
0.135823,0.102367,-0.014088
0.136780,0.101375,-0.016292
0.140651,0.100554,-0.015290
0.139571,0.100929,-0.018365
0.141029,0.099208,-0.019939
0.142740,0.100220,-0.019454
0.143196,0.100012,-0.019019
0.145497,0.100990,-0.020301
0.146787,0.102265,-0.023335
0.146709,0.100883,-0.022064
0.149473,0.101085,-0.023752
0.152221,0.102005,-0.022266
0.151734,0.100412,-0.025249
0.153318,0.102796,-0.028610
0.154120,0.099922,-0.029226
0.155953,0.102063,-0.027907
0.158450,0.102441,-0.029529
0.159487,0.101286,-0.032532
0.159972,0.101497,-0.035414
0.162759,0.102894,-0.036407
0.165409,0.101542,-0.038755
0.165391,0.101327,-0.040635
0.166608,0.100235,-0.040798
0.167694,0.099544,-0.042378
0.169485,0.100422,-0.046441
0.172727,0.100250,-0.053219
0.172997,0.101506,-0.059066
-0.088868,0.103902,-0.026823
-0.088580,0.102859,-0.019597
-0.088730,0.104087,-0.015399
-0.084069,0.102079,-0.010093
-0.082132,0.103126,-0.006963
-0.081954,0.101419,-0.001622
-0.081600,0.102748,0.000184
-0.080847,0.101475,0.003305
-0.078822,0.102928,0.007249
-0.075779,0.103236,0.007948
-0.074317,0.104008,0.006655
-0.071215,0.103203,0.011629
-0.071330,0.102718,0.011408
-0.069603,0.102854,0.011748
-0.070098,0.102915,0.012663
-0.067509,0.102649,0.015607
-0.064759,0.103652,0.017133
-0.063034,0.105130,0.019652
-0.063686,0.104710,0.020491
-0.062426,0.102827,0.020529
-0.060411,0.103596,0.021739
-0.056539,0.103595,0.019476
-0.056251,0.102456,0.023532
-0.057368,0.103700,0.022459
-0.055186,0.105240,0.024928
-0.053480,0.103897,0.025843
-0.051162,0.101364,0.025698
-0.050727,0.103786,0.027048
-0.048765,0.105510,0.026829
-0.047935,0.102859,0.026394
-0.046140,0.103669,0.028575
-0.045437,0.102951,0.029300
-0.043049,0.102638,0.029931
-0.042791,0.101602,0.028719
-0.041007,0.105143,0.029336
-0.040070,0.102882,0.028591
-0.036842,0.104062,0.030589
-0.036966,0.102898,0.031793
-0.036082,0.103725,0.031831
-0.033325,0.103147,0.033456
-0.031460,0.103404,0.030640
-0.030424,0.103895,0.032104
-0.030282,0.104151,0.030859
-0.028758,0.104532,0.032771
-0.025606,0.103382,0.032717
-0.028263,0.104148,0.032273
-0.023431,0.103313,0.033072
-0.022137,0.103711,0.033676
-0.023263,0.103095,0.033269
-0.018971,0.102930,0.034006
-0.020638,0.102917,0.035063
-0.015182,0.103470,0.033406
-0.015506,0.103112,0.036866
-0.013183,0.103367,0.036061
-0.013451,0.105178,0.036326
-0.011188,0.103176,0.034766
-0.009087,0.102710,0.036834
-0.009140,0.103201,0.037294
-0.006728,0.102752,0.037727
-0.006277,0.106002,0.035001
-0.004212,0.103042,0.038808
-0.003241,0.103437,0.037131
-0.001627,0.103098,0.038912
-0.001128,0.103710,0.040560
0.000872,0.102796,0.040414
0.000942,0.105443,0.040776
0.002752,0.104477,0.039599
0.003616,0.105281,0.040399
0.006456,0.102495,0.042497
0.008574,0.103915,0.041318
0.007245,0.103515,0.042885
0.009958,0.103427,0.042822
0.012616,0.104077,0.041196
0.012974,0.103194,0.042266
0.014089,0.102355,0.044291
0.017553,0.104454,0.042982
0.016727,0.103722,0.043623
0.017739,0.103820,0.044646
0.019877,0.103263,0.044055
0.020289,0.104417,0.043753
0.023335,0.104368,0.043876
0.024733,0.103401,0.043471
0.025014,0.102719,0.042267
0.027440,0.104575,0.043531
0.027998,0.103334,0.043639
0.028595,0.102291,0.044717
0.030329,0.103757,0.041865
0.032149,0.103323,0.043175
0.033554,0.104352,0.042479
0.034441,0.103729,0.043500
0.035584,0.103612,0.042497
0.037726,0.103210,0.042243
0.039230,0.101571,0.041290
0.040245,0.103458,0.040265
0.042088,0.103223,0.040017
0.040205,0.104233,0.039674
0.043467,0.103458,0.039201
0.045525,0.104324,0.039317
0.047911,0.104034,0.039867
0.048324,0.104944,0.039239
0.048724,0.103332,0.038738
0.049406,0.104094,0.038656
0.052724,0.103057,0.035200
0.053679,0.104063,0.037177
0.057273,0.104656,0.036425
0.056599,0.104913,0.035986
0.056878,0.102925,0.033839
0.060738,0.103427,0.033568
0.061098,0.103914,0.032269
0.062583,0.104144,0.031289
0.065097,0.102819,0.032548
0.066621,0.102917,0.031757
0.067513,0.104331,0.031833
0.066714,0.104108,0.033656
0.069218,0.105099,0.033153
0.069777,0.103710,0.031527
0.071720,0.102707,0.033314
0.075782,0.103921,0.030335
0.074551,0.102990,0.030650
0.076104,0.103249,0.029998
0.077179,0.103929,0.030552
0.079039,0.102572,0.030821
0.078226,0.101232,0.030287
0.081813,0.102572,0.027844
0.081453,0.104883,0.028536
0.083026,0.103414,0.027156
0.086144,0.102452,0.027732
0.086805,0.103770,0.028920
0.088862,0.102431,0.027698
0.088878,0.104151,0.025110
0.091633,0.102554,0.025408
0.093613,0.102870,0.025733
0.095112,0.103440,0.023010
0.094727,0.104013,0.020108
0.097046,0.102179,0.019672
0.099494,0.103548,0.022151
0.100375,0.102602,0.020271
0.100999,0.102015,0.018229
0.102018,0.103986,0.015746
0.103565,0.105683,0.015265
0.107579,0.103977,0.014326
0.107536,0.102081,0.012621
0.110340,0.103564,0.012038
0.110323,0.104235,0.010690
0.109309,0.103341,0.009893
0.112472,0.102982,0.006563
0.114933,0.101938,0.006322
0.115057,0.101828,0.004604
0.115641,0.101952,0.003141
0.117741,0.102584,0.000216
0.121783,0.103271,-0.001843
0.120079,0.101656,-0.001165
0.123753,0.102004,-0.002375
0.121424,0.103293,-0.004335
0.125077,0.103736,-0.006612
0.126491,0.102563,-0.005146
0.128428,0.103201,-0.008635
0.130286,0.103320,-0.008744
0.130847,0.103103,-0.008975
0.134933,0.103135,-0.012199
0.134652,0.104401,-0.012726
0.136110,0.104910,-0.012755
0.136073,0.104378,-0.017078
0.138554,0.102627,-0.014216
0.140398,0.103928,-0.016793
0.140530,0.103695,-0.020225
0.144808,0.103964,-0.020014
0.142808,0.103709,-0.020738
0.146199,0.103555,-0.019881
0.148298,0.103584,-0.022067
0.146316,0.103484,-0.022318
0.148659,0.103876,-0.024597
0.152498,0.100037,-0.025973
0.152808,0.102739,-0.028020
0.151914,0.103290,-0.027112
0.156104,0.103932,-0.029045
0.156098,0.104303,-0.029387
0.156644,0.103398,-0.029306
0.158499,0.102610,-0.032076
0.161951,0.102644,-0.034579
0.164392,0.102838,-0.035657
0.164534,0.102727,-0.037820
0.166435,0.103588,-0.038735
0.167956,0.102253,-0.041388
0.169618,0.102052,-0.044594
0.171496,0.102412,-0.048305
0.172960,0.102341,-0.055807
0.173157,0.100930,-0.061433
-0.088638,0.104617,-0.027529
-0.087776,0.105176,-0.020766
-0.087114,0.106016,-0.013230
-0.083748,0.105108,-0.009193
-0.082118,0.102590,-0.006996
-0.081826,0.102365,-0.002834
-0.079989,0.106099,-0.000661
-0.078501,0.106042,0.003484
-0.078483,0.102430,0.005449
-0.074656,0.104353,0.008136
-0.074861,0.106205,0.009699
-0.073300,0.104713,0.009548
-0.071363,0.103350,0.010902
-0.069239,0.106115,0.012776
-0.067949,0.105336,0.015178
-0.065941,0.106415,0.017731
-0.065729,0.104018,0.018541
-0.063567,0.104898,0.018796
-0.063617,0.106855,0.019457
-0.061865,0.103834,0.018126
-0.059499,0.102603,0.021192
-0.058773,0.105480,0.022194
-0.056699,0.102936,0.021618
-0.055417,0.105058,0.022480
-0.055012,0.104301,0.026051
-0.053907,0.104048,0.025091
-0.052396,0.104927,0.026557
-0.050813,0.103947,0.026513
-0.050998,0.105304,0.025577
-0.046996,0.103967,0.028352
-0.045527,0.105049,0.027029
-0.043808,0.105203,0.027640
-0.043482,0.105403,0.028191
-0.043384,0.105895,0.029491
-0.041822,0.104335,0.029886
-0.040219,0.104539,0.031079
-0.037599,0.105177,0.029122
-0.037414,0.105472,0.031240
-0.033889,0.104637,0.031322
-0.033368,0.105230,0.031627
-0.031813,0.106254,0.031084
-0.030393,0.106024,0.031803
-0.028538,0.104780,0.031610
-0.030559,0.105511,0.032600
-0.028667,0.106421,0.033648
-0.025846,0.104842,0.032974
-0.023678,0.105101,0.034218
-0.021184,0.106620,0.033546
-0.020673,0.103992,0.034963
-0.019705,0.105337,0.035205
-0.017174,0.106640,0.035258
-0.017444,0.105359,0.035393
-0.014257,0.107425,0.035791
-0.013786,0.104761,0.035079
-0.011469,0.103941,0.037256
-0.013214,0.105560,0.037217
-0.010432,0.106602,0.035906
-0.008307,0.104600,0.037646
-0.007629,0.105649,0.039691
-0.005276,0.103434,0.038619
-0.005936,0.106087,0.037816
-0.004211,0.106491,0.036844
-0.001733,0.105446,0.038968
-0.000517,0.105460,0.039004
0.001292,0.105016,0.039513
-0.000095,0.106066,0.040205
0.002634,0.105958,0.039894
0.005885,0.103701,0.041176
0.006977,0.105766,0.041547
0.006997,0.105802,0.041101
0.011777,0.105375,0.041300
0.011196,0.103733,0.042738
0.011321,0.105582,0.043083
0.013314,0.106180,0.040365
0.014287,0.104274,0.044256
0.015821,0.104237,0.041980
0.016780,0.106027,0.043141
0.018628,0.104939,0.045516
0.021117,0.106099,0.043706
0.021722,0.104979,0.044061
0.022381,0.105135,0.043080
0.024226,0.104469,0.044151
0.023498,0.106148,0.045301
0.025682,0.106311,0.042784
0.029468,0.105673,0.043072
0.028304,0.105274,0.044158
0.030996,0.103884,0.043703
0.033359,0.106593,0.043142
0.033383,0.105077,0.043214
0.034967,0.105289,0.044105
0.037671,0.105655,0.042368
0.038318,0.106209,0.042568
0.040826,0.105170,0.040572
0.039381,0.106081,0.040235
0.043229,0.105709,0.041245
0.044909,0.105344,0.041821
0.044875,0.104261,0.040238
0.044705,0.103603,0.040367
0.047509,0.105911,0.039128
0.048725,0.104123,0.037698
0.049240,0.104228,0.037655
0.050776,0.104283,0.036754
0.050937,0.103512,0.035520
0.055356,0.104526,0.036124
0.056723,0.104160,0.034625
0.057925,0.102998,0.036014
0.057557,0.104356,0.035360
0.060921,0.105885,0.033458
0.060503,0.105022,0.034232
0.062792,0.104903,0.033366
0.064111,0.106362,0.032818
0.064702,0.104208,0.032947
0.065913,0.103989,0.031941
0.068906,0.104560,0.033111
0.071679,0.103426,0.033022
0.071668,0.105017,0.030714
0.071957,0.105926,0.032485
0.072637,0.104811,0.032192
0.074594,0.105498,0.030200
0.076718,0.106385,0.031291
0.078682,0.105259,0.031130
0.077464,0.104142,0.031567
0.080875,0.104676,0.028922
0.081389,0.104274,0.029470
0.082649,0.105269,0.029186
0.086260,0.103932,0.027198
0.085823,0.105785,0.028804
0.085829,0.105503,0.027887
0.089952,0.105129,0.027704
0.089645,0.105596,0.026408
0.090293,0.106205,0.024108
0.091809,0.107229,0.023131
0.094767,0.107149,0.023654
0.096670,0.105511,0.021580
0.097674,0.105067,0.021644
0.098497,0.104682,0.021458
0.101395,0.105207,0.020305
0.103063,0.103252,0.018405
0.102050,0.106026,0.015731
0.105240,0.103902,0.017309
0.105278,0.104277,0.015769
0.105562,0.103121,0.013784
0.108452,0.106059,0.011340
0.109635,0.104156,0.011166
0.111106,0.105310,0.008110
0.112612,0.103725,0.007691
0.114875,0.104374,0.005165
0.116026,0.104459,0.005365
0.116457,0.103883,0.002051
0.118062,0.102823,0.001739
0.117144,0.105359,-0.000832
0.121396,0.105214,-0.002214
0.124052,0.104977,-0.002816
0.124063,0.103674,-0.003479
0.125674,0.103618,-0.006058
0.126155,0.105176,-0.006294
0.125592,0.104125,-0.007967
0.128887,0.106564,-0.009880
0.133821,0.103990,-0.010202
0.131423,0.104779,-0.011430
0.133656,0.104645,-0.012573
0.135730,0.104129,-0.013054
0.137110,0.104614,-0.012884
0.138340,0.104953,-0.015036
0.140393,0.104728,-0.016155
0.141128,0.104906,-0.020081
0.142172,0.101962,-0.019272
0.144233,0.105445,-0.019660
0.144714,0.103771,-0.022528
0.148389,0.104471,-0.022708
0.147817,0.106970,-0.023732
0.149056,0.105049,-0.026435
0.151353,0.104365,-0.025241
0.154124,0.104205,-0.025280
0.154011,0.103115,-0.027696
0.156547,0.103338,-0.029188
0.157543,0.103409,-0.030656
0.157350,0.105348,-0.030191
0.160049,0.103089,-0.032167
0.162453,0.106714,-0.034986
0.163133,0.105252,-0.037995
0.165547,0.103622,-0.038878
0.165898,0.104122,-0.040453
0.168242,0.104544,-0.041694
0.167165,0.104022,-0.045907
0.170256,0.103576,-0.051186
0.174124,0.102992,-0.058114
0.175157,0.104523,-0.063320
-0.088325,0.106265,-0.021794
-0.085010,0.105082,-0.015124
-0.084961,0.105572,-0.012988
-0.082412,0.105849,-0.006765
-0.081798,0.106287,-0.003863
-0.078608,0.105526,-0.000033
-0.079701,0.107341,0.002236
-0.076975,0.105426,0.007205
-0.077036,0.107834,0.005905
-0.075375,0.105736,0.007676
-0.072138,0.106546,0.008641
-0.070426,0.105269,0.013332
-0.070413,0.105294,0.013052
-0.068789,0.106004,0.016235
-0.066054,0.104755,0.014254
-0.066251,0.106217,0.018987
-0.063546,0.106129,0.017658
-0.061723,0.107807,0.018304
-0.060154,0.107216,0.019671
-0.060052,0.108197,0.021551
-0.059410,0.107600,0.021516
-0.057637,0.105074,0.022088
-0.055598,0.107123,0.022209
-0.055533,0.105414,0.023859
-0.052577,0.106627,0.025555
-0.053273,0.107500,0.025343
-0.050423,0.106735,0.026072
-0.048717,0.105494,0.027752
-0.047602,0.106964,0.025147
-0.045542,0.107316,0.026289
-0.044773,0.105761,0.028382
-0.042683,0.107074,0.029442
-0.043334,0.106974,0.029701
-0.040626,0.107265,0.030079
-0.036746,0.105818,0.031531
-0.038421,0.106056,0.031107
-0.037075,0.106440,0.031400
-0.034448,0.105660,0.028465
-0.032994,0.107354,0.031181
-0.031333,0.107689,0.032982
-0.031355,0.105774,0.030626
-0.030630,0.106623,0.032568
-0.029010,0.107564,0.031845
-0.025335,0.106080,0.032149
-0.025324,0.107390,0.032875
-0.023980,0.107830,0.035340
-0.022780,0.106714,0.032811
-0.020192,0.107576,0.033062
-0.019542,0.105858,0.033787
-0.017294,0.108953,0.034406
-0.018687,0.106709,0.035966
-0.017294,0.105143,0.034782
-0.016011,0.106338,0.036019
-0.012226,0.107981,0.037126
-0.012379,0.105801,0.038121
-0.011268,0.108567,0.038401
-0.008942,0.105704,0.036392
-0.007574,0.106477,0.038369
-0.005201,0.108086,0.038007
-0.005771,0.107615,0.038897
-0.003642,0.106847,0.040101
0.000187,0.106831,0.039398
-0.000407,0.107203,0.039748
0.000213,0.106504,0.041755
-0.000308,0.106578,0.039617
0.005925,0.106105,0.041336
0.004899,0.107009,0.042577
0.005864,0.106196,0.042394
0.008304,0.106061,0.041555
0.007717,0.105366,0.042829
0.010635,0.106480,0.043855
0.012711,0.107007,0.043117
0.012222,0.108263,0.042305
0.013748,0.107260,0.042455
0.014685,0.106081,0.043284
0.017681,0.107021,0.045274
0.018079,0.107293,0.044071
0.019967,0.106693,0.044384
0.022514,0.108691,0.042932
0.021886,0.108103,0.043893
0.025870,0.106535,0.043534
0.025259,0.104928,0.043658
0.026874,0.106885,0.042285
0.028291,0.107260,0.044170
0.028406,0.106913,0.042759
0.031408,0.106699,0.044038
0.032170,0.106536,0.044382
0.034896,0.107546,0.043138
0.035479,0.107183,0.042353
0.035998,0.106867,0.043802
0.037147,0.106405,0.042101
0.038743,0.106453,0.044018
0.039989,0.104470,0.041229
0.042373,0.105521,0.040473
0.043522,0.105789,0.039502
0.044080,0.106511,0.039323
0.046108,0.106382,0.040088
0.045426,0.107826,0.039454
0.048160,0.107980,0.037346
0.050176,0.107269,0.038231
0.051444,0.106507,0.037395
0.053951,0.104173,0.036557
0.054049,0.106190,0.035222
0.056502,0.106277,0.034453
0.055988,0.106754,0.034061
0.056538,0.107343,0.034050
0.058413,0.107036,0.033947
0.060699,0.105588,0.034664
0.062696,0.105319,0.032863
0.063435,0.106072,0.033927
0.065063,0.107921,0.031961
0.064143,0.106601,0.033335
0.068630,0.105926,0.033397
0.069392,0.106285,0.032467
0.071744,0.106025,0.032083
0.071481,0.107860,0.032602
0.073707,0.104908,0.030905
0.074960,0.107848,0.032750
0.074884,0.105432,0.030565
0.077400,0.106786,0.031458
0.079603,0.106903,0.031650
0.081228,0.106683,0.029049
0.082367,0.104849,0.031162
0.083196,0.107899,0.029195
0.084675,0.106537,0.025893
0.085444,0.107985,0.027671
0.088357,0.106162,0.025143
0.088232,0.108088,0.027850
0.089323,0.105053,0.025611
0.090801,0.105919,0.024560
0.094223,0.108215,0.025693
0.093462,0.105376,0.022905
0.095984,0.106130,0.023840
0.098572,0.108704,0.019806
0.098195,0.106408,0.020361
0.099164,0.104592,0.020180
0.100647,0.106177,0.016277
0.102964,0.107442,0.018689
0.104217,0.106144,0.013876
0.105429,0.106939,0.015504
0.106435,0.105824,0.014486
0.107415,0.106478,0.012553
0.109440,0.105477,0.010390
0.110634,0.105079,0.008488
0.112655,0.107362,0.008031
0.115969,0.106528,0.005040
0.114984,0.105283,0.004676
0.116809,0.106018,0.003541
0.118934,0.107037,0.001487
0.121433,0.105242,-0.000973
0.121149,0.108312,-0.001199
0.123645,0.106014,-0.004279
0.122793,0.106076,-0.004673
0.126800,0.107306,-0.005094
0.126935,0.106028,-0.008182
0.128298,0.105151,-0.006381
0.129902,0.108067,-0.008758
0.128897,0.106803,-0.010603
0.131743,0.104572,-0.012615
0.135062,0.107069,-0.011063
0.135411,0.106280,-0.012892
0.136352,0.104755,-0.014173
0.139166,0.104516,-0.015111
0.139938,0.106221,-0.016228
0.140305,0.107299,-0.017945
0.142048,0.106863,-0.018842
0.142183,0.105973,-0.020966
0.147085,0.105029,-0.020399
0.145585,0.105344,-0.021961
0.148654,0.106281,-0.023474
0.150718,0.105955,-0.025654
0.151218,0.107083,-0.026468
0.151159,0.105896,-0.026805
0.154687,0.105729,-0.028680
0.155251,0.107202,-0.028299
0.155966,0.104503,-0.030878
0.158407,0.104004,-0.030408
0.158820,0.106171,-0.032522
0.162570,0.105533,-0.035016
0.162079,0.105537,-0.037795
0.164193,0.105809,-0.039136
0.167493,0.105545,-0.040917
0.166606,0.106157,-0.041184
0.168810,0.106484,-0.047295
0.171589,0.105186,-0.049265
0.170122,0.105006,-0.057324
-0.087867,0.108493,-0.024315
-0.084920,0.109433,-0.017292
-0.083821,0.108093,-0.010022
-0.084413,0.106991,-0.007617
-0.081053,0.106636,-0.005426
-0.080881,0.107909,0.000126
-0.080112,0.107493,0.002404
-0.077832,0.107101,0.005558
-0.075555,0.107739,0.008727
-0.074968,0.107785,0.008306
-0.071732,0.107171,0.009321
-0.072745,0.105914,0.010906
-0.069395,0.109046,0.013333
-0.069142,0.108741,0.014764
-0.069081,0.106110,0.016816
-0.066609,0.108808,0.018422
-0.063898,0.107955,0.019313
-0.063154,0.106799,0.019511
-0.061322,0.108340,0.018581
-0.060768,0.108752,0.021262
-0.057322,0.105588,0.021853
-0.058954,0.107363,0.021102
-0.054402,0.107898,0.023247
-0.053845,0.108933,0.025079
-0.052845,0.107193,0.024132
-0.053212,0.107535,0.026443
-0.050825,0.107373,0.026561
-0.050031,0.106032,0.026711
-0.050341,0.109251,0.028252
-0.044242,0.106955,0.026524
-0.043579,0.106307,0.028837
-0.042593,0.109898,0.028094
-0.041999,0.109029,0.028471
-0.039857,0.109009,0.029371
-0.040558,0.105751,0.031056
-0.039745,0.108154,0.031429
-0.037137,0.106099,0.032109
-0.035590,0.109727,0.030120
-0.032951,0.108647,0.031345
-0.031117,0.108730,0.032269
-0.030947,0.109165,0.031565
-0.031008,0.108482,0.033658
-0.028252,0.109402,0.033133
-0.026358,0.108382,0.034098
-0.025601,0.107582,0.032766
-0.025597,0.106942,0.034957
-0.022077,0.105845,0.034442
-0.020383,0.108032,0.034916
-0.019347,0.109768,0.035098
-0.020236,0.110210,0.035133
-0.017909,0.107559,0.037025
-0.014282,0.107428,0.035810
-0.014426,0.109839,0.036553
-0.013029,0.108778,0.036602
-0.014113,0.109167,0.038188
-0.009984,0.109511,0.035544
-0.008346,0.106733,0.039021
-0.008457,0.107376,0.035828
-0.004086,0.109462,0.037899
-0.005499,0.108947,0.038759
-0.005176,0.107605,0.041704
-0.002673,0.109368,0.041290
0.000385,0.107791,0.039957
0.001507,0.109751,0.041813
0.001912,0.107689,0.041366
0.003857,0.108871,0.041254
0.004517,0.107896,0.041818
0.006854,0.105630,0.041345
0.006791,0.106299,0.042044
0.007662,0.108001,0.042716
0.010608,0.110004,0.044148
0.011766,0.106269,0.043498
0.012180,0.107312,0.043484
0.013558,0.107602,0.045187
0.015449,0.107757,0.044654
0.018092,0.107455,0.044292
0.018789,0.109024,0.044999
0.020496,0.109756,0.043682
0.022781,0.107396,0.045089
0.021751,0.108102,0.044789
0.023829,0.109088,0.045995
0.025076,0.106796,0.044155
0.028591,0.108310,0.044239
0.026268,0.109106,0.044313
0.028428,0.108365,0.043461
0.031738,0.110163,0.042615
0.033175,0.108901,0.042301
0.033275,0.108047,0.045012
0.036245,0.108934,0.041989
0.035575,0.110673,0.042933
0.036045,0.108453,0.041047
0.038076,0.110016,0.043690
0.039817,0.108885,0.040835
0.041524,0.108747,0.040821
0.042351,0.110514,0.042265
0.043834,0.110040,0.040830
0.046029,0.109766,0.039142
0.047130,0.107521,0.039324
0.047763,0.108729,0.038627
0.050165,0.106712,0.037917
0.050984,0.107497,0.037218
0.052287,0.106725,0.036838
0.055424,0.109475,0.037128
0.054527,0.106362,0.035021
0.057186,0.109267,0.035551
0.058765,0.109067,0.033609
0.059423,0.109271,0.034665
0.060646,0.108343,0.032411
0.062007,0.108416,0.032305
0.063014,0.107423,0.033502
0.064581,0.105644,0.032080
0.065813,0.108974,0.032933
0.067975,0.107817,0.033857
0.068612,0.107353,0.031723
0.069229,0.108622,0.031799
0.070895,0.106545,0.032680
0.074630,0.108491,0.031183
0.074007,0.107797,0.032002
0.077919,0.107772,0.030343
0.076547,0.108867,0.030875
0.078257,0.108991,0.030615
0.080335,0.106263,0.031460
0.083906,0.109370,0.030522
0.084569,0.108860,0.028432
0.084179,0.108574,0.028631
0.084568,0.107813,0.029399
0.087091,0.108979,0.026337
0.088078,0.107842,0.029750
0.091944,0.108208,0.026955
0.091162,0.108440,0.025017
0.092905,0.108582,0.024998
0.092850,0.109973,0.022435
0.095249,0.109223,0.022533
0.096844,0.108121,0.023208
0.098423,0.108979,0.021013
0.099256,0.108549,0.019633
0.103254,0.108696,0.017568
0.101749,0.108908,0.019485
0.102337,0.106957,0.016777
0.104301,0.109364,0.011974
0.107373,0.105462,0.013916
0.108447,0.105707,0.012779
0.111076,0.107460,0.010069
0.110653,0.107556,0.008286
0.114038,0.107380,0.007499
0.114191,0.107648,0.006190
0.117838,0.106374,0.001803
0.116059,0.108146,0.002418
0.118587,0.107629,0.000377
0.121090,0.105931,-0.001288
0.120817,0.108198,-0.003124
0.121436,0.108211,-0.004135
0.123807,0.109721,-0.003315
0.125425,0.106133,-0.006869
0.126963,0.108085,-0.005841
0.129048,0.107680,-0.007696
0.129921,0.109167,-0.010521
0.131808,0.106590,-0.008507
0.131487,0.107745,-0.010669
0.135382,0.107597,-0.012113
0.136737,0.108869,-0.013561
0.136900,0.107311,-0.014092
0.136324,0.108346,-0.015406
0.140507,0.108575,-0.016192
0.141895,0.108221,-0.017033
0.142982,0.107569,-0.016475
0.145461,0.110472,-0.020686
0.146381,0.107406,-0.020740
0.147158,0.107736,-0.022904
0.147631,0.107195,-0.022356
0.150252,0.107697,-0.021862
0.151574,0.107299,-0.026058
0.152298,0.108471,-0.027857
0.153334,0.107130,-0.027185
0.155174,0.107083,-0.028755
0.157541,0.108141,-0.030093
0.157703,0.106795,-0.031041
0.160692,0.108414,-0.034777
0.159502,0.108296,-0.036054
0.162267,0.107218,-0.039227
0.164059,0.108266,-0.040065
0.165234,0.107289,-0.041855
0.166784,0.108912,-0.043254
0.170246,0.107765,-0.047909
0.170729,0.106696,-0.055403
0.171021,0.106440,-0.058758
-0.086990,0.109237,-0.024075
-0.086929,0.110235,-0.018812
-0.085289,0.110185,-0.012701
-0.082084,0.109175,-0.007913
-0.081473,0.108986,-0.003895
-0.079679,0.109415,-0.001544
-0.079128,0.110586,0.000835
-0.076386,0.110067,0.005009
-0.075752,0.112574,0.007190
-0.073755,0.111335,0.005404
-0.072377,0.109988,0.010169
-0.071456,0.109678,0.010951
-0.069184,0.110470,0.012869
-0.068503,0.109271,0.010838
-0.068349,0.110375,0.015962
-0.065600,0.110157,0.016250
-0.062799,0.109709,0.016210
-0.062949,0.112309,0.018282
-0.062529,0.110351,0.019065
-0.060085,0.111374,0.019545
-0.060219,0.110042,0.023172
-0.056079,0.108203,0.022314
-0.056929,0.110207,0.024927
-0.054763,0.109846,0.024601
-0.052431,0.109848,0.024529
-0.050609,0.109856,0.026851
-0.049162,0.109881,0.025307
-0.050319,0.110952,0.026167
-0.047644,0.110234,0.028046
-0.045937,0.109630,0.028138
-0.045303,0.109534,0.028959
-0.042961,0.109721,0.028758
-0.041025,0.110785,0.030839
-0.039662,0.109938,0.029626
-0.040817,0.107970,0.030078
-0.038918,0.110055,0.031764
-0.036248,0.111767,0.031517
-0.035739,0.108715,0.030588
-0.034030,0.107800,0.031689
-0.032530,0.110723,0.030104
-0.030818,0.108386,0.033138
-0.030515,0.109070,0.033975
-0.027559,0.109655,0.032190
-0.026939,0.110433,0.034976
-0.025882,0.111382,0.034306
-0.024409,0.110375,0.034146
-0.022414,0.110615,0.034109
-0.021972,0.109605,0.033947
-0.020032,0.108323,0.037343
-0.017926,0.108538,0.036378
-0.015958,0.109670,0.033491
-0.015207,0.110085,0.034796
-0.014377,0.109883,0.037802
-0.013038,0.109849,0.037640
-0.011648,0.108767,0.037903
-0.010448,0.110012,0.037206
-0.008457,0.109980,0.038418
-0.007386,0.110263,0.037832
-0.005941,0.111038,0.037972
-0.005014,0.108883,0.039443
-0.003283,0.110848,0.039616
-0.002296,0.109716,0.041265
-0.000280,0.109463,0.040950
-0.000434,0.110798,0.041117
0.001335,0.109058,0.040573
0.002626,0.111161,0.043862
0.003564,0.110240,0.042409
0.007216,0.107191,0.041539
0.006302,0.109849,0.042897
0.008656,0.110119,0.044725
0.009743,0.110751,0.043564
0.013097,0.110686,0.043632
0.014418,0.110046,0.042431
0.014692,0.110332,0.042178
0.016876,0.111340,0.044511
0.015589,0.107877,0.044494
0.019102,0.108133,0.045875
0.020694,0.108767,0.044881
0.021000,0.110410,0.043753
0.020802,0.110107,0.046165
0.025491,0.108639,0.044974
0.024213,0.109993,0.044287
0.028189,0.110594,0.044210
0.028836,0.110183,0.043924
0.030200,0.109024,0.044168
0.030919,0.111347,0.044500
0.032926,0.110235,0.043654
0.034268,0.109580,0.044126
0.034230,0.109642,0.041965
0.037110,0.109507,0.041893
0.037287,0.108525,0.042503
0.037035,0.110626,0.040402
0.039188,0.108784,0.042763
0.042932,0.110828,0.043576
0.043078,0.110056,0.039506
0.044020,0.109611,0.040586
0.045155,0.109793,0.039704
0.048198,0.109391,0.040084
0.049601,0.109231,0.036427
0.050319,0.109257,0.037815
0.050047,0.111060,0.036393
0.051480,0.110741,0.035932
0.055681,0.108529,0.035049
0.053994,0.108560,0.035551
0.057425,0.108108,0.034513
0.058350,0.108577,0.033415
0.059454,0.109769,0.033398
0.060005,0.109742,0.032299
0.063100,0.109835,0.033574
0.063606,0.108704,0.033724
0.067251,0.109179,0.032588
0.067252,0.108211,0.033637
0.068129,0.109139,0.032368
0.069717,0.109396,0.031680
0.068941,0.110784,0.032912
0.071937,0.110307,0.032223
0.072741,0.108703,0.033959
0.074511,0.110728,0.031382
0.075952,0.109899,0.031979
0.076617,0.108152,0.030063
0.080766,0.110822,0.032270
0.080020,0.110221,0.029487
0.081333,0.111366,0.027894
0.083614,0.109449,0.029997
0.085021,0.109894,0.028605
0.085593,0.110028,0.029186
0.088003,0.109313,0.027462
0.086924,0.108990,0.025807
0.090379,0.109277,0.026739
0.089274,0.111933,0.025112
0.093621,0.110631,0.023644
0.094314,0.109793,0.023336
0.094778,0.109757,0.022274
0.095333,0.110087,0.021941
0.098242,0.110224,0.021182
0.100942,0.109284,0.019214
0.098964,0.109578,0.018284
0.102273,0.110525,0.016490
0.104923,0.109288,0.016854
0.104130,0.109154,0.014222
0.107084,0.108803,0.014949
0.109555,0.109621,0.013196
0.109707,0.107724,0.012409
0.111541,0.110310,0.008682
0.113303,0.110803,0.005885
0.113907,0.109810,0.007004
0.113146,0.107302,0.004486
0.115770,0.109091,0.004426
0.118071,0.110215,0.001613
0.118553,0.107813,0.002485
0.123104,0.109707,-0.001849
0.123696,0.108379,-0.002739
0.123210,0.110008,-0.004914
0.124168,0.109464,-0.004973
0.126152,0.108842,-0.006892
0.129084,0.109144,-0.006798
0.129207,0.110911,-0.010713
0.130267,0.108752,-0.009524
0.133736,0.108035,-0.010577
0.133175,0.107194,-0.013663
0.135172,0.108138,-0.011435
0.135952,0.111069,-0.015097
0.137172,0.108635,-0.014748
0.140282,0.109654,-0.017865
0.140536,0.110815,-0.016949
0.143018,0.108970,-0.016154
0.144501,0.108627,-0.020418
0.145174,0.109943,-0.020412
0.146707,0.110876,-0.020286
0.150346,0.109939,-0.023004
0.149640,0.107810,-0.022860
0.151260,0.108115,-0.026887
0.151567,0.108862,-0.026733
0.153696,0.107769,-0.027524
0.157181,0.108635,-0.029236
0.156034,0.110117,-0.030621
0.156732,0.107562,-0.033603
0.158497,0.107567,-0.033497
0.160996,0.110865,-0.036861
0.162547,0.109051,-0.036482
0.163861,0.110283,-0.040229
0.166508,0.109821,-0.042595
0.166566,0.109018,-0.044481
0.168192,0.108114,-0.049241
0.172128,0.109239,-0.055285
0.171882,0.107073,-0.061654
-0.085634,0.111228,-0.024364
-0.086538,0.109907,-0.018987
-0.085493,0.110724,-0.011860
-0.082448,0.110442,-0.008599
-0.081488,0.109790,-0.004825
-0.082690,0.109851,-0.002389
-0.078377,0.111882,0.000633
-0.077356,0.110081,0.003775
-0.078473,0.108821,0.005788
-0.075135,0.110014,0.008032
-0.072737,0.112042,0.010257
-0.070005,0.110670,0.010992
-0.070256,0.111697,0.012339
-0.070354,0.111320,0.014445
-0.066881,0.110195,0.014542
-0.064543,0.113192,0.016743
-0.065000,0.111234,0.017783
-0.063350,0.110928,0.017653
-0.060694,0.110827,0.019714
-0.059600,0.108577,0.018739
-0.057395,0.110038,0.021092
-0.057678,0.112353,0.022873
-0.055944,0.110946,0.021804
-0.053985,0.110844,0.022800
-0.053271,0.110254,0.023712
-0.052796,0.112019,0.024851
-0.052433,0.111794,0.026911
-0.050014,0.109955,0.027324
-0.047329,0.111421,0.027457
-0.047107,0.112892,0.028029
-0.044497,0.111804,0.028169
-0.043465,0.111476,0.031046
-0.042236,0.111871,0.031048
-0.039531,0.113917,0.028965
-0.040417,0.111413,0.031142
-0.037318,0.110704,0.032186
-0.035880,0.110907,0.031667
-0.034810,0.110475,0.030754
-0.036034,0.111198,0.031163
-0.031539,0.111588,0.032392
-0.031881,0.111710,0.033041
-0.028793,0.111867,0.031760
-0.027473,0.110716,0.033996
-0.026440,0.109843,0.033808
-0.025039,0.110679,0.033627
-0.023599,0.110051,0.033757
-0.022122,0.110235,0.033522
-0.023057,0.113048,0.033868
-0.020120,0.112380,0.035518
-0.017480,0.111125,0.034967
-0.014934,0.110956,0.036616
-0.017238,0.110218,0.036034
-0.015569,0.110664,0.037205
-0.013160,0.110724,0.039293
-0.010667,0.112630,0.038802
-0.009846,0.110404,0.038293
-0.008843,0.109316,0.039055
-0.008717,0.111324,0.039423
-0.005152,0.110060,0.039106
-0.003480,0.112966,0.038646
-0.004586,0.111044,0.038967
-0.002625,0.112514,0.041084
0.000275,0.108931,0.041483
0.001064,0.113079,0.040661
0.003312,0.111571,0.042294
0.004887,0.111538,0.044002
0.002777,0.113326,0.044511
0.007226,0.110677,0.040910
0.008396,0.111768,0.042712
0.009562,0.112805,0.044139
0.010378,0.111014,0.044971
0.009644,0.112714,0.045185
0.011757,0.110156,0.044828
0.013015,0.110767,0.042883
0.015543,0.110559,0.045293
0.015929,0.112279,0.044991
0.018594,0.111236,0.041573
0.019934,0.109969,0.046335
0.020351,0.111235,0.046197
0.021876,0.111376,0.044748
0.025646,0.112166,0.043078
0.025107,0.112170,0.045293
0.026646,0.109765,0.043848
0.027425,0.113397,0.044936
0.028605,0.111219,0.045614
0.029669,0.112467,0.043318
0.030240,0.111547,0.044178
0.034095,0.112445,0.045414
0.036049,0.112027,0.043105
0.037422,0.111256,0.044081
0.036777,0.110665,0.041980
0.039091,0.112491,0.044407
0.039293,0.111950,0.041480
0.040637,0.111392,0.039879
0.042423,0.112534,0.041072
0.044418,0.111272,0.041537
0.046590,0.111731,0.039669
0.046912,0.111657,0.040598
0.048640,0.114580,0.037248
0.050405,0.112460,0.038125
0.052199,0.109545,0.036647
0.052796,0.111772,0.036468
0.054802,0.113289,0.035289
0.057256,0.111399,0.037104
0.057856,0.111098,0.031957
0.058715,0.109908,0.034786
0.059080,0.109391,0.033491
0.061304,0.111878,0.033301
0.062138,0.111195,0.033786
0.063160,0.110987,0.034164
0.066047,0.110713,0.032307
0.067740,0.110434,0.033133
0.067921,0.110995,0.032248
0.068096,0.110612,0.030858
0.070391,0.112717,0.033615
0.072100,0.110537,0.031404
0.072830,0.110762,0.030538
0.074604,0.111920,0.030564
0.074210,0.111392,0.034057
0.079624,0.113328,0.032535
0.080646,0.111494,0.030346
0.081110,0.110663,0.030897
0.082107,0.111692,0.030670
0.081933,0.108795,0.029378
0.084705,0.112608,0.030299
0.086583,0.111440,0.027995
0.086990,0.111616,0.027847
0.089159,0.112457,0.028450
0.089653,0.111301,0.026755
0.092213,0.112170,0.022366
0.093696,0.110855,0.025293
0.093379,0.111857,0.023054
0.096843,0.111489,0.023484
0.096240,0.112050,0.020691
0.094571,0.111623,0.020693
0.098809,0.111833,0.019979
0.101840,0.111680,0.017646
0.103272,0.111664,0.016290
0.104322,0.111158,0.017413
0.107992,0.110444,0.015751
0.106278,0.109120,0.012067
0.107666,0.111562,0.012521
0.109807,0.111819,0.011786
0.109730,0.111307,0.009953
0.113216,0.110891,0.008204
0.114304,0.110347,0.006156
0.116844,0.112778,0.002460
0.117539,0.112021,0.004642
0.119288,0.112111,0.001368
0.119120,0.112045,0.000368
0.121581,0.111034,-0.001546
0.122569,0.111069,-0.004598
0.123439,0.112001,-0.004211
0.123493,0.111763,-0.005374
0.127557,0.112417,-0.005077
0.128670,0.110416,-0.007080
0.130560,0.110306,-0.009696
0.129918,0.110346,-0.008582
0.132392,0.111891,-0.009888
0.133510,0.109987,-0.012852
0.136281,0.111228,-0.014467
0.136186,0.110128,-0.014483
0.139711,0.111123,-0.016945
0.140342,0.110549,-0.016941
0.139550,0.111731,-0.017667
0.141309,0.111163,-0.017445
0.144126,0.110359,-0.018388
0.147582,0.110957,-0.020506
0.150009,0.109289,-0.024080
0.149440,0.111934,-0.024480
0.148635,0.110004,-0.025542
0.150821,0.110389,-0.025921
0.152814,0.112120,-0.027832
0.152682,0.110581,-0.029858
0.155568,0.110749,-0.028957
0.158009,0.109394,-0.030967
0.160028,0.110232,-0.033622
0.160854,0.110671,-0.035156
0.161773,0.111111,-0.036097
0.161285,0.110746,-0.037980
0.165029,0.110212,-0.040891
0.166155,0.111038,-0.042685
0.166591,0.112290,-0.045635
0.170489,0.109692,-0.049279
0.171629,0.110049,-0.058293
-0.088735,0.113235,-0.026742
-0.085140,0.111208,-0.019175
-0.085659,0.113050,-0.012520
-0.083096,0.113147,-0.008668
-0.081680,0.113339,-0.005488
-0.080700,0.113046,0.000137
-0.077680,0.111812,0.001279
-0.076600,0.112156,0.003472
-0.076790,0.113364,0.006179
-0.073813,0.113028,0.006782
-0.073343,0.113711,0.009101
-0.070924,0.113099,0.010602
-0.070419,0.113537,0.010392
-0.068740,0.113289,0.012583
-0.067190,0.112899,0.014826
-0.065426,0.112630,0.016466
-0.064652,0.113373,0.015688
-0.063346,0.112955,0.016516
-0.060263,0.111915,0.019935
-0.059510,0.112093,0.022588
-0.058153,0.113246,0.020480
-0.057866,0.113058,0.022480
-0.053633,0.114901,0.024357
-0.053163,0.113191,0.024502
-0.053738,0.114270,0.024521
-0.051833,0.112187,0.024953
-0.050000,0.113508,0.024865
-0.048267,0.114539,0.025201
-0.046340,0.114745,0.028417
-0.046489,0.113315,0.026744
-0.044518,0.114012,0.026567
-0.042462,0.110198,0.028669
-0.042859,0.111454,0.029405
-0.041610,0.113185,0.030548
-0.038602,0.111909,0.031089
-0.038364,0.114067,0.031606
-0.035810,0.112874,0.030810
-0.034539,0.114276,0.031125
-0.033871,0.111644,0.033125
-0.033615,0.113618,0.033525
-0.031354,0.112146,0.033536
-0.028787,0.111185,0.034010
-0.030300,0.112725,0.033415
-0.026678,0.113128,0.033628
-0.026982,0.110875,0.033167
-0.023070,0.114484,0.034269
-0.020618,0.112500,0.035246
-0.021219,0.112701,0.034507
-0.022186,0.112346,0.033710
-0.018713,0.114467,0.034936
-0.017751,0.113552,0.036413
-0.014842,0.110937,0.037071
-0.014510,0.112289,0.035378
-0.013601,0.113961,0.038825
-0.011340,0.113381,0.039423
-0.010637,0.112519,0.037472
-0.009492,0.112282,0.038805
-0.007555,0.112313,0.038200
-0.005689,0.112867,0.040831
-0.004417,0.112200,0.040935
-0.004536,0.113367,0.039358
-0.001011,0.111317,0.039903
0.000428,0.111197,0.041257
0.000952,0.112744,0.039407
0.000926,0.113713,0.042182
0.003681,0.112152,0.042080
0.004068,0.113238,0.042294
0.007870,0.112188,0.042891
0.005861,0.112670,0.043570
0.008937,0.112756,0.043325
0.011418,0.112212,0.044290
0.011696,0.113190,0.044917
0.012659,0.114795,0.043171
0.014129,0.112045,0.046246
0.015901,0.113360,0.044088
0.018016,0.114144,0.045654
0.017780,0.112216,0.044519
0.019798,0.113415,0.045551
0.021023,0.112982,0.044535
0.022439,0.112621,0.045568
0.024165,0.113276,0.045638
0.025435,0.111562,0.043163
0.026104,0.113275,0.045007
0.025583,0.113413,0.045443
0.030203,0.113416,0.045547
0.030635,0.113515,0.045872
0.032126,0.112122,0.046296
0.036689,0.111012,0.045756
0.034840,0.115203,0.042580
0.036528,0.111496,0.043977
0.036471,0.114050,0.043542
0.038334,0.111974,0.041564
0.041335,0.111920,0.039815
0.042372,0.114032,0.040935
0.042659,0.114271,0.040272
0.044297,0.112363,0.041364
0.045164,0.115395,0.040258
0.047248,0.114418,0.040547
0.049371,0.113231,0.039460
0.048490,0.111580,0.036653
0.051219,0.112277,0.036711
0.053031,0.112557,0.035184
0.054962,0.112852,0.035653
0.054322,0.112438,0.034425
0.058371,0.113615,0.033396
0.059868,0.112580,0.032674
0.059792,0.111612,0.033594
0.061861,0.113144,0.032522
0.063090,0.112268,0.033834
0.062839,0.112486,0.033034
0.064200,0.113082,0.033474
0.068093,0.113789,0.034331
0.068177,0.112674,0.032395
0.068878,0.113299,0.033331
0.072564,0.113157,0.033245
0.074578,0.112604,0.034020
0.073845,0.112804,0.033964
0.072900,0.112858,0.031728
0.076142,0.111997,0.032638
0.078722,0.113039,0.031342
0.078928,0.112862,0.031234
0.078433,0.113341,0.029104
0.082421,0.112316,0.031222
0.083897,0.112083,0.028486
0.085052,0.111325,0.030416
0.085418,0.111430,0.028079
0.086839,0.113769,0.027555
0.089932,0.112646,0.027474
0.089481,0.112336,0.027126
0.091282,0.113327,0.024594
0.092395,0.110468,0.023229
0.094597,0.112693,0.023353
0.094608,0.111507,0.025373
0.099127,0.112638,0.023594
0.099214,0.113255,0.019577
0.100597,0.111739,0.019529
0.100331,0.112413,0.019308
0.102953,0.113301,0.017282
0.102493,0.112914,0.015456
0.106036,0.112048,0.014457
0.106025,0.111786,0.014658
0.106929,0.111940,0.011169
0.108237,0.113832,0.012756
0.110778,0.113022,0.009163
0.112455,0.113017,0.007758
0.112856,0.112330,0.006779
0.116107,0.110936,0.004562
0.116261,0.114395,0.002714
0.116909,0.109877,0.001779
0.118124,0.111650,-0.000482
0.122613,0.113034,-0.000288
0.123354,0.112352,-0.002306
0.123532,0.112311,-0.004412
0.124693,0.113231,-0.004943
0.125946,0.110010,-0.006559
0.128424,0.110396,-0.007572
0.130962,0.111915,-0.011566
0.133298,0.111492,-0.009317
0.133978,0.113369,-0.011260
0.134827,0.113022,-0.011912
0.135397,0.112943,-0.011285
0.136708,0.114318,-0.013413
0.138457,0.112490,-0.015745
0.139390,0.111166,-0.015268
0.141574,0.110641,-0.016954
0.142605,0.111984,-0.019527
0.143750,0.112507,-0.018695
0.146385,0.112324,-0.021215
0.147910,0.111936,-0.022664
0.149379,0.112068,-0.021471
0.150455,0.110987,-0.024246
0.151002,0.111973,-0.026169
0.151932,0.112409,-0.023672
0.154766,0.112696,-0.029049
0.154225,0.110736,-0.028155
0.156000,0.113080,-0.029956
0.157156,0.112573,-0.033649
0.160772,0.112234,-0.033285
0.161620,0.112373,-0.037767
0.164096,0.112441,-0.039471
0.165051,0.112732,-0.041200
0.166347,0.112544,-0.043506
0.166292,0.112419,-0.047964
0.168228,0.112983,-0.053108
0.170365,0.110626,-0.058355
-0.085708,0.113244,-0.021236
-0.083548,0.112883,-0.014484
-0.083858,0.113741,-0.008858
-0.081523,0.113941,-0.005309
-0.079852,0.114593,-0.003533
-0.079234,0.113358,-0.000759
-0.077396,0.113950,0.002329
-0.077828,0.113800,0.005295
-0.075748,0.112710,0.005976
-0.073409,0.113230,0.006412
-0.070998,0.114861,0.010772
-0.070594,0.112936,0.013278
-0.069505,0.113356,0.013209
-0.065307,0.114248,0.015108
-0.063892,0.115973,0.016336
-0.063093,0.112654,0.017391
-0.061112,0.114835,0.020076
-0.062297,0.112931,0.019724
-0.059296,0.114523,0.019592
-0.060651,0.114296,0.023561
-0.057141,0.113886,0.021386
-0.055806,0.113609,0.023953
-0.053617,0.113969,0.023541
-0.052960,0.115339,0.025799
-0.052427,0.113698,0.025933
-0.051875,0.115733,0.026599
-0.047850,0.115385,0.026622
-0.046849,0.114407,0.027741
-0.045898,0.115511,0.027956
-0.044772,0.115120,0.028716
-0.043115,0.115037,0.028702
-0.043163,0.113158,0.030802
-0.039456,0.115214,0.028993
-0.037408,0.117264,0.031628
-0.038297,0.113247,0.031112
-0.035627,0.111867,0.030532
-0.035336,0.113682,0.031100
-0.035571,0.114548,0.033969
-0.030861,0.114585,0.031236
-0.030364,0.115386,0.031036
-0.031072,0.114299,0.033523
-0.028773,0.114093,0.033459
-0.024876,0.113403,0.035161
-0.025870,0.113360,0.032154
-0.025846,0.116119,0.035904
-0.023550,0.114676,0.036725
-0.020432,0.114073,0.036917
-0.018703,0.114746,0.036331
-0.019400,0.113281,0.035755
-0.018563,0.112938,0.037430
-0.017515,0.115310,0.037737
-0.013123,0.114406,0.038049
-0.011747,0.115632,0.038580
-0.012173,0.113468,0.038591
-0.010765,0.111572,0.039199
-0.009206,0.113982,0.037866
-0.006565,0.113910,0.039402
-0.006728,0.113856,0.038220
-0.004929,0.114653,0.040652
-0.003667,0.115294,0.042600
-0.001715,0.114885,0.041161
0.000965,0.114177,0.040661
0.000018,0.114909,0.041480
0.003701,0.115248,0.042068
0.003352,0.115237,0.044445
0.006728,0.114473,0.043790
0.005035,0.114710,0.043282
0.005001,0.112987,0.044320
0.009221,0.114814,0.043510
0.009848,0.114901,0.045523
0.013017,0.115798,0.044243
0.012130,0.113984,0.045154
0.014953,0.114220,0.044362
0.013820,0.115154,0.042997
0.016335,0.115416,0.044545
0.018814,0.114351,0.046398
0.020611,0.115918,0.045721
0.020928,0.114467,0.046082
0.022504,0.114624,0.045689
0.024270,0.116353,0.046178
0.023834,0.116756,0.044258
0.026752,0.114578,0.042315
0.028260,0.115072,0.043564
0.028515,0.114614,0.045091
0.032487,0.114597,0.046026
0.031904,0.113833,0.044950
0.034349,0.115988,0.044963
0.034417,0.115278,0.045648
0.035439,0.116677,0.044202
0.036223,0.114760,0.042579
0.037890,0.115061,0.041265
0.038619,0.114358,0.041894
0.042414,0.114876,0.041467
0.042921,0.114255,0.042344
0.044781,0.113322,0.040619
0.044614,0.113418,0.040332
0.048540,0.114282,0.041914
0.048209,0.115000,0.040256
0.049486,0.114851,0.038838
0.050800,0.115258,0.037885
0.052272,0.113702,0.037963
0.055386,0.116213,0.036454
0.055048,0.115085,0.035718
0.057198,0.113373,0.037058
0.056910,0.113575,0.033961
0.058835,0.115759,0.034773
0.059522,0.113226,0.034436
0.062456,0.115130,0.033473
0.062849,0.114389,0.034110
0.065787,0.113676,0.034578
0.065020,0.113885,0.033527
0.067174,0.115004,0.034126
0.068011,0.114296,0.032884
0.070177,0.115614,0.034465
0.072286,0.114512,0.032067
0.073055,0.114477,0.033608
0.073593,0.114011,0.031696
0.074191,0.116384,0.031281
0.078258,0.113465,0.032020
0.077583,0.114818,0.030822
0.078498,0.114543,0.031245
0.082324,0.114816,0.028440
0.082136,0.114431,0.032532
0.083583,0.112995,0.029493
0.086076,0.113803,0.029921
0.086995,0.114849,0.029082
0.089797,0.114499,0.026546
0.089742,0.112954,0.027968
0.090584,0.112950,0.024809
0.092794,0.115351,0.025155
0.095258,0.113582,0.025332
0.096134,0.115339,0.022284
0.096773,0.113658,0.024194
0.098815,0.113401,0.021658
0.098368,0.114145,0.020985
0.100846,0.112929,0.020242
0.101607,0.114112,0.017514
0.104220,0.113651,0.016087
0.106131,0.114544,0.016566
0.106036,0.113400,0.015726
0.108049,0.115372,0.013187
0.110064,0.114292,0.010999
0.112129,0.112957,0.008881
0.112389,0.113562,0.008995
0.113521,0.115501,0.007273
0.116694,0.113801,0.003159
0.117357,0.115214,0.003614
0.118036,0.114935,0.003512
0.120236,0.114980,0.000805
0.122110,0.112031,-0.000935
0.123152,0.113591,-0.002418
0.123516,0.111689,-0.003936
0.125054,0.113506,-0.003860
0.127748,0.113193,-0.005193
0.127231,0.112919,-0.006348
0.129735,0.113752,-0.010003
0.130936,0.112117,-0.010641
0.132219,0.114489,-0.011218
0.133813,0.112759,-0.010859
0.134074,0.113850,-0.012479
0.138579,0.113623,-0.015050
0.138034,0.111951,-0.014378
0.139927,0.114472,-0.015644
0.142054,0.115240,-0.016786
0.142695,0.113166,-0.018630
0.144691,0.111426,-0.019521
0.144244,0.114223,-0.021159
0.147213,0.113661,-0.021816
0.149379,0.115209,-0.022581
0.150020,0.114361,-0.025497
0.152388,0.115499,-0.024689
0.154344,0.114817,-0.027147
0.154265,0.112716,-0.029702
0.155850,0.113848,-0.029397
0.155613,0.113024,-0.030708
0.158153,0.114278,-0.034103
0.159946,0.114922,-0.035998
0.161008,0.114612,-0.039226
0.163255,0.114542,-0.038334
0.166492,0.115432,-0.041943
0.166978,0.114573,-0.043574
0.169777,0.112796,-0.049769
0.170817,0.114101,-0.054882
0.171772,0.115551,-0.060947
-0.085649,0.115365,-0.022613
-0.085053,0.116339,-0.014895
-0.082013,0.114818,-0.010877
-0.080756,0.115553,-0.004667
-0.081756,0.116651,-0.002357
-0.077379,0.117050,0.001010
-0.078618,0.115042,0.002895
-0.077865,0.115892,0.005766
-0.074752,0.114664,0.007727
-0.072543,0.116775,0.008523
-0.071688,0.113116,0.008860
-0.069073,0.114460,0.012712
-0.070337,0.115820,0.012451
-0.063148,0.117188,0.016292
-0.066909,0.116149,0.015089
-0.063472,0.116637,0.018609
-0.062443,0.117262,0.018412
-0.062367,0.117409,0.020519
-0.059698,0.118191,0.019714
-0.060040,0.117267,0.020522
-0.057355,0.118267,0.021299
-0.054994,0.114798,0.023185
-0.055910,0.118499,0.022744
-0.052849,0.114115,0.024313
-0.051705,0.114113,0.026261
-0.048936,0.115357,0.026304
-0.050650,0.115624,0.027634
-0.048145,0.116227,0.029426
-0.046776,0.116744,0.029004
-0.045502,0.115399,0.028202
-0.044165,0.115104,0.030139
-0.041812,0.116382,0.027929
-0.042766,0.115227,0.030075
-0.040496,0.117798,0.030923
-0.036945,0.115870,0.031661
-0.036465,0.115326,0.032590
-0.034231,0.115911,0.031622
-0.033014,0.117858,0.031862
-0.031613,0.117795,0.034246
-0.030684,0.114914,0.032043
-0.031175,0.114320,0.033336
-0.027127,0.114867,0.033799
-0.027932,0.115808,0.035577
-0.025667,0.115871,0.035956
-0.023622,0.116990,0.035042
-0.024112,0.116153,0.036644
-0.020465,0.116347,0.035743
-0.020974,0.115523,0.035470
-0.018983,0.116553,0.036878
-0.017159,0.115629,0.037291
-0.015599,0.116935,0.036859
-0.015212,0.116157,0.036669
-0.012035,0.115919,0.038051
-0.010095,0.114854,0.038785
-0.011265,0.115195,0.038902
-0.011489,0.116662,0.038238
-0.006616,0.116491,0.038699
-0.004832,0.117172,0.040999
-0.003255,0.116637,0.038539
-0.001438,0.115324,0.039795
-0.001430,0.115925,0.042031
0.001576,0.116351,0.042030
0.001801,0.115966,0.041181
0.002905,0.116558,0.042177
0.003330,0.117116,0.043829
0.004633,0.116475,0.045269
0.005574,0.115340,0.047216
0.007310,0.117369,0.043743
0.008610,0.117826,0.044220
0.009532,0.117083,0.043277
0.011577,0.116325,0.045678
0.013270,0.114678,0.044865
0.013631,0.118241,0.044160
0.014090,0.114707,0.044109
0.017530,0.115924,0.046699
0.017373,0.116847,0.046264
0.020048,0.116364,0.045188
0.020522,0.116630,0.046455
0.022867,0.116875,0.045452
0.024168,0.116408,0.047077
0.024485,0.113633,0.046374
0.026050,0.115195,0.045899
0.029529,0.117637,0.044610
0.028722,0.113936,0.046151
0.030039,0.116705,0.044641
0.032290,0.116090,0.044090
0.033580,0.116170,0.044967
0.032793,0.114784,0.044907
0.037481,0.115959,0.043987
0.036533,0.115190,0.043770
0.037699,0.115429,0.041833
0.040049,0.115300,0.044047
0.041091,0.116497,0.041017
0.044173,0.117768,0.042749
0.044619,0.117379,0.040809
0.045714,0.115779,0.041715
0.048893,0.116002,0.040455
0.048470,0.116691,0.039933
0.049945,0.116592,0.037504
0.050929,0.116349,0.037902
0.053631,0.117271,0.038572
0.053579,0.116689,0.035338
0.054735,0.115529,0.035626
0.054721,0.117268,0.033970
0.058165,0.115565,0.034373
0.060141,0.118352,0.035278
0.058883,0.116092,0.034132
0.061237,0.115570,0.035319
0.061625,0.116460,0.034943
0.065015,0.115883,0.034863
0.066686,0.114484,0.034140
0.066402,0.116115,0.032730
0.068707,0.115921,0.033684
0.072230,0.117140,0.032998
0.071621,0.114597,0.032800
0.071888,0.115983,0.033840
0.074586,0.116001,0.031284
0.073990,0.115854,0.031057
0.077103,0.116124,0.034117
0.078056,0.117263,0.030594
0.080853,0.115787,0.031896
0.081140,0.114882,0.029919
0.082073,0.115468,0.028191
0.084457,0.117230,0.029318
0.085423,0.117164,0.027490
0.086685,0.114259,0.027514
0.088717,0.115018,0.026546
0.089786,0.116320,0.025319
0.090593,0.115134,0.025592
0.092694,0.115312,0.026073
0.096455,0.115628,0.021852
0.094826,0.116353,0.023662
0.096998,0.114924,0.022528
0.099003,0.116194,0.020134
0.100179,0.117320,0.018575
0.101098,0.116374,0.020879
0.103038,0.115665,0.019732
0.103341,0.116064,0.018031
0.106599,0.116246,0.016096
0.109937,0.115949,0.014156
0.106688,0.115792,0.012458
0.109728,0.117024,0.011851
0.112069,0.115667,0.009448
0.112571,0.116605,0.006781
0.112374,0.115364,0.005722
0.115957,0.115636,0.005705
0.117923,0.116153,0.003245
0.118002,0.116988,0.002360
0.118805,0.116580,0.000889
0.119626,0.117388,-0.001694
0.121780,0.117354,-0.002787
0.122498,0.117054,-0.002938
0.125508,0.114706,-0.005785
0.126405,0.115424,-0.005411
0.128527,0.117318,-0.006297
0.129921,0.117359,-0.009777
0.132595,0.115874,-0.010867
0.134700,0.116772,-0.010955
0.133789,0.115436,-0.011129
0.135218,0.116634,-0.012133
0.137409,0.116004,-0.013818
0.137257,0.117271,-0.015578
0.138772,0.116399,-0.015531
0.139844,0.116163,-0.015360
0.143583,0.114815,-0.018065
0.144241,0.115779,-0.020310
0.146766,0.117873,-0.021766
0.146430,0.116098,-0.021809
0.149650,0.117348,-0.023748
0.149790,0.118437,-0.024586
0.150011,0.114890,-0.026957
0.153334,0.115299,-0.028122
0.154822,0.115581,-0.029936
0.154898,0.114730,-0.030585
0.158323,0.115797,-0.032674
0.158677,0.116613,-0.035201
0.159692,0.114915,-0.035389
0.159989,0.114979,-0.037227
0.162989,0.115183,-0.040066
0.165458,0.115966,-0.042926
0.165498,0.114600,-0.045746
0.168404,0.115517,-0.050185
0.168339,0.116221,-0.055450
0.169746,0.113950,-0.063222
-0.084163,0.117065,-0.022331
-0.084792,0.118392,-0.016079
-0.082002,0.117636,-0.010863
-0.081720,0.116249,-0.006789
-0.081526,0.117968,-0.004151
-0.078294,0.118183,-0.000497
-0.075980,0.115346,0.002186
-0.076747,0.116423,0.005643
-0.075972,0.117011,0.006082
-0.073533,0.116785,0.008845
-0.070993,0.116563,0.011733
-0.069797,0.116695,0.011420
-0.068344,0.117269,0.011463
-0.067541,0.116817,0.014849
-0.065218,0.117405,0.018582
-0.064492,0.118572,0.017702
-0.061474,0.116449,0.016673
-0.061333,0.118082,0.019739
-0.059588,0.117242,0.020168
-0.058737,0.117367,0.020803
-0.056917,0.117004,0.024804
-0.055829,0.116421,0.021131
-0.056398,0.117424,0.023298
-0.055581,0.117016,0.023352
-0.051062,0.118015,0.027575
-0.049557,0.117035,0.025310
-0.049262,0.116570,0.025015
-0.047713,0.116302,0.028020
-0.045807,0.117324,0.030303
-0.045436,0.116135,0.028860
-0.043330,0.116545,0.029033
-0.042484,0.117546,0.029405
-0.040750,0.118272,0.031492
-0.040008,0.117899,0.031192
-0.037562,0.117826,0.031013
-0.035491,0.118147,0.033580
-0.034032,0.117123,0.032820
-0.035040,0.116043,0.032392
-0.031563,0.118751,0.032371
-0.030395,0.117417,0.032837
-0.029243,0.118532,0.033887
-0.026890,0.117856,0.033446
-0.027527,0.116608,0.034887
-0.024099,0.119493,0.034744
-0.023599,0.118481,0.034720
-0.022250,0.117438,0.036236
-0.020719,0.118299,0.035053
-0.019563,0.117722,0.035780
-0.019509,0.118729,0.038628
-0.018898,0.117280,0.034641
-0.016779,0.117970,0.036675
-0.016447,0.117674,0.036891
-0.013741,0.119722,0.039965
-0.012885,0.117326,0.039635
-0.010748,0.117188,0.040866
-0.008570,0.117217,0.038838
-0.008587,0.117926,0.039725
-0.006106,0.118268,0.039485
-0.004487,0.117467,0.043277
-0.004403,0.118287,0.042657
-0.002869,0.116233,0.043453
0.000012,0.117174,0.045232
0.001517,0.117424,0.042341
0.002175,0.116340,0.044243
0.004245,0.115329,0.042620
0.003738,0.118184,0.044834
0.007243,0.117535,0.043724
0.006597,0.116411,0.044176
0.008275,0.117348,0.044418
0.010022,0.117385,0.046120
0.011797,0.117987,0.046224
0.014129,0.118191,0.046105
0.015180,0.117501,0.045565
0.015483,0.117231,0.045160
0.016426,0.117799,0.045947
0.018719,0.119793,0.045168
0.020275,0.116057,0.047520
0.019636,0.117570,0.046396
0.023634,0.116494,0.045484
0.024954,0.115848,0.045037
0.025906,0.118290,0.046694
0.026846,0.119039,0.046263
0.027001,0.116880,0.045145
0.027894,0.116256,0.045612
0.029795,0.116878,0.045116
0.033842,0.118017,0.045701
0.034747,0.117723,0.043961
0.034487,0.115967,0.045290
0.036329,0.118250,0.045434
0.038416,0.118197,0.044834
0.036879,0.117252,0.043124
0.041604,0.118212,0.043531
0.039244,0.119843,0.042007
0.043699,0.116449,0.041507
0.045216,0.118885,0.043229
0.045652,0.117358,0.040020
0.046949,0.117378,0.039993
0.049910,0.119096,0.038564
0.049783,0.117615,0.038049
0.050087,0.117614,0.038072
0.052788,0.118381,0.036908
0.054822,0.116401,0.038020
0.054239,0.118593,0.035290
0.056739,0.118765,0.035707
0.057565,0.117314,0.034586
0.059266,0.117353,0.033166
0.059837,0.115448,0.036120
0.062253,0.116407,0.033492
0.065129,0.116280,0.033812
0.064799,0.115814,0.033340
0.064730,0.119772,0.033123
0.065831,0.116778,0.035569
0.069651,0.117730,0.034056
0.071208,0.119656,0.033850
0.073019,0.116691,0.030863
0.073306,0.118856,0.033782
0.073500,0.118433,0.033235
0.074175,0.116237,0.031247
0.076205,0.119339,0.032208
0.080751,0.116524,0.030026
0.079670,0.118738,0.031416
0.081540,0.116711,0.029899
0.084265,0.115903,0.029988
0.082723,0.117766,0.030109
0.085793,0.116678,0.030510
0.087223,0.116992,0.029245
0.089192,0.117033,0.029101
0.088205,0.117225,0.026256
0.090102,0.116651,0.027329
0.090541,0.117228,0.024995
0.093620,0.117867,0.024244
0.093982,0.117723,0.024969
0.095995,0.118660,0.021142
0.098638,0.118069,0.021315
0.099914,0.117208,0.020144
0.099148,0.118625,0.018872
0.101382,0.115392,0.016725
0.104773,0.118893,0.016740
0.105401,0.118831,0.018488
0.106617,0.116667,0.015920
0.108787,0.116966,0.013269
0.109644,0.117514,0.011136
0.110336,0.116866,0.009464
0.112304,0.115702,0.008772
0.115494,0.117921,0.006632
0.115300,0.116231,0.003678
0.120349,0.118251,0.004254
0.118223,0.117021,0.000716
0.119083,0.118033,0.000820
0.120865,0.117129,-0.000096
0.122563,0.117295,-0.001964
0.123880,0.118625,-0.003617
0.124488,0.116880,-0.005012
0.127675,0.117111,-0.005872
0.128292,0.115478,-0.005588
0.130427,0.116063,-0.010535
0.129876,0.119198,-0.010114
0.133529,0.116286,-0.010717
0.133643,0.118213,-0.011219
0.136773,0.116932,-0.012183
0.136576,0.117474,-0.011592
0.137675,0.117456,-0.014348
0.138577,0.116592,-0.015654
0.140434,0.116231,-0.017436
0.142702,0.115414,-0.017922
0.144416,0.118887,-0.019847
0.145483,0.118713,-0.021059
0.146041,0.116272,-0.020468
0.148408,0.116294,-0.022944
0.148263,0.117588,-0.024353
0.150984,0.117487,-0.026194
0.150197,0.117069,-0.026104
0.154022,0.117681,-0.028583
0.156765,0.116426,-0.030077
0.157793,0.116395,-0.032977
0.157627,0.116596,-0.034955
0.160363,0.116500,-0.037184
0.161621,0.116291,-0.037130
0.163239,0.117781,-0.043045
0.164166,0.115426,-0.042236
0.166084,0.116860,-0.045673
0.168540,0.116969,-0.050806
0.170669,0.116394,-0.059175
-0.086004,0.117298,-0.023831
-0.084831,0.118548,-0.018164
-0.082894,0.119406,-0.010204
-0.081775,0.118107,-0.008472
-0.082167,0.119076,-0.005908
-0.078972,0.119375,-0.002024
-0.077763,0.119585,0.001191
-0.074619,0.119933,0.003803
-0.072949,0.119200,0.006649
-0.072982,0.118813,0.007948
-0.072566,0.117482,0.010426
-0.069618,0.120559,0.011486
-0.069166,0.119607,0.013480
-0.067755,0.119419,0.013789
-0.067730,0.120262,0.016877
-0.065768,0.120266,0.017080
-0.061444,0.118693,0.018365
-0.060458,0.120779,0.018240
-0.062816,0.120341,0.018059
-0.058174,0.119365,0.020676
-0.056158,0.119040,0.023632
-0.056704,0.118685,0.023753
-0.055496,0.119063,0.026558
-0.054642,0.119066,0.026538
-0.051464,0.118747,0.024725
-0.052205,0.119201,0.025560
-0.050167,0.120155,0.028049
-0.045886,0.120253,0.028740
-0.046535,0.120345,0.027018
-0.044020,0.119758,0.028977
-0.042171,0.121771,0.029625
-0.041292,0.118798,0.030723
-0.040455,0.119679,0.031320
-0.038486,0.120725,0.031045
-0.037965,0.120292,0.031093
-0.036546,0.119868,0.031755
-0.033643,0.119863,0.033082
-0.033920,0.119282,0.032139
-0.032286,0.118942,0.034460
-0.032049,0.118231,0.033633
-0.028605,0.118683,0.035365
-0.029010,0.119227,0.034153
-0.027569,0.118951,0.034631
-0.027405,0.119825,0.035099
-0.024901,0.119278,0.035659
-0.022342,0.119182,0.036412
-0.022521,0.119221,0.037199
-0.019627,0.120231,0.038292
-0.017215,0.118350,0.036218
-0.018083,0.119952,0.040723
-0.015198,0.117332,0.038843
-0.013716,0.118716,0.040987
-0.014594,0.116853,0.038120
-0.010643,0.119180,0.038615
-0.010168,0.119933,0.038510
-0.008711,0.118658,0.039761
-0.005918,0.120289,0.039845
-0.008380,0.119133,0.041902
-0.005361,0.119371,0.041267
-0.003785,0.119218,0.041057
-0.001705,0.119301,0.041876
-0.000044,0.120204,0.044955
0.000639,0.117743,0.043510
0.000480,0.121563,0.041459
0.004163,0.119065,0.044986
0.003133,0.118709,0.044781
0.005450,0.119526,0.045226
0.007910,0.120373,0.045293
0.009242,0.118699,0.046714
0.010716,0.118372,0.046570
0.010762,0.120630,0.046437
0.013942,0.119055,0.046306
0.012875,0.120181,0.043958
0.016008,0.118588,0.046272
0.016470,0.120408,0.044927
0.019127,0.120190,0.045715
0.018864,0.119387,0.045942
0.020873,0.118756,0.045679
0.022996,0.117568,0.045200
0.023989,0.118270,0.046391
0.025464,0.119646,0.047282
0.026992,0.118638,0.044705
0.026461,0.120200,0.046053
0.029267,0.117582,0.047431
0.030877,0.118552,0.044744
0.033058,0.118215,0.046310
0.033344,0.120539,0.045124
0.032913,0.119676,0.044275
0.036666,0.119117,0.045463
0.037076,0.118863,0.041790
0.039973,0.120208,0.043525
0.040387,0.120215,0.042868
0.042741,0.119376,0.043252
0.043839,0.118309,0.039817
0.044286,0.118072,0.041313
0.043641,0.118099,0.043315
0.047485,0.120065,0.041505
0.049126,0.120456,0.039879
0.050924,0.118252,0.037934
0.050821,0.119716,0.038229
0.052945,0.119388,0.037975
0.053707,0.120253,0.037201
0.056125,0.120486,0.037247
0.058494,0.119063,0.034716
0.057225,0.119791,0.036718
0.058491,0.118834,0.036238
0.063117,0.119544,0.034896
0.061853,0.119586,0.035522
0.063390,0.119251,0.035725
0.064262,0.118767,0.036280
0.065704,0.117687,0.034341
0.068064,0.118339,0.033453
0.070272,0.119623,0.033897
0.069653,0.119395,0.032223
0.072603,0.119681,0.035475
0.075971,0.118694,0.032434
0.073789,0.119158,0.032700
0.077548,0.117086,0.031993
0.077782,0.119428,0.030977
0.079098,0.119485,0.032594
0.081266,0.118234,0.030494
0.081147,0.118261,0.029880
0.084426,0.119769,0.030450
0.085291,0.119374,0.029480
0.085302,0.119436,0.030026
0.086818,0.119128,0.028696
0.087013,0.118677,0.026746
0.088950,0.119323,0.027013
0.090812,0.118470,0.024231
0.092839,0.118388,0.025397
0.094587,0.118700,0.025282
0.094909,0.117692,0.022217
0.096574,0.119269,0.023166
0.098383,0.118374,0.023367
0.100383,0.120298,0.023681
0.101970,0.119006,0.019387
0.103704,0.118746,0.018028
0.103546,0.119261,0.016133
0.104228,0.119693,0.014775
0.105547,0.119279,0.013191
0.106897,0.118847,0.013234
0.109364,0.118833,0.010486
0.111175,0.120284,0.010568
0.113113,0.119013,0.006461
0.116006,0.118928,0.006464
0.114404,0.119323,0.005987
0.116893,0.118084,0.003932
0.116731,0.119037,0.001949
0.119385,0.118243,-0.000168
0.118667,0.118929,-0.000175
0.121832,0.119523,-0.002078
0.122859,0.119655,-0.003764
0.126061,0.118969,-0.004423
0.125817,0.119829,-0.006322
0.127607,0.118710,-0.006755
0.128545,0.118545,-0.009357
0.130032,0.118150,-0.009897
0.132751,0.118211,-0.009723
0.133809,0.120357,-0.012435
0.135290,0.117380,-0.014285
0.138123,0.120091,-0.013010
0.138074,0.117298,-0.013331
0.140323,0.117468,-0.015358
0.141388,0.118541,-0.015325
0.142337,0.119744,-0.017523
0.143008,0.118818,-0.020131
0.144055,0.117908,-0.020227
0.146530,0.117391,-0.021698
0.149098,0.121751,-0.022938
0.150723,0.119652,-0.024093
0.151285,0.118472,-0.026737
0.153097,0.119293,-0.027730
0.154855,0.118550,-0.028832
0.156828,0.119601,-0.030886
0.159566,0.116454,-0.033361
0.158462,0.119182,-0.034560
0.160101,0.117729,-0.038023
0.161202,0.118202,-0.038269
0.164017,0.120230,-0.041801
0.163864,0.119515,-0.042174
0.166567,0.119546,-0.049156
0.168042,0.120785,-0.055478
0.169822,0.119900,-0.061348
-0.084051,0.121215,-0.018830
-0.084383,0.123124,-0.014900
-0.082106,0.120194,-0.007249
-0.079495,0.119577,-0.003846
-0.077708,0.119373,-0.003378
-0.076396,0.119753,0.001466
-0.075210,0.119597,0.004461
-0.073734,0.119281,0.006928
-0.072177,0.121725,0.010013
-0.070218,0.120036,0.007605
-0.069390,0.120513,0.011441
-0.069333,0.120605,0.011504
-0.068825,0.121996,0.013645
-0.064705,0.119434,0.017423
-0.065318,0.118941,0.018232
-0.061934,0.120006,0.019043
-0.061601,0.121499,0.019384
-0.059094,0.120549,0.019674
-0.056518,0.121257,0.020479
-0.055944,0.121634,0.022060
-0.056572,0.120222,0.022807
-0.055082,0.121604,0.023542
-0.052518,0.120175,0.025333
-0.052984,0.120694,0.024828
-0.050021,0.120472,0.027436
-0.050383,0.120580,0.028562
-0.047353,0.119950,0.028351
-0.045952,0.118815,0.029490
-0.045558,0.119520,0.028833
-0.042894,0.119661,0.030934
-0.041844,0.119850,0.029180
-0.039403,0.121388,0.030514
-0.038833,0.121650,0.032836
-0.038500,0.121616,0.031800
-0.035270,0.121413,0.033685
-0.035634,0.119267,0.033782
-0.033605,0.121311,0.033020
-0.032105,0.120839,0.032312
-0.031681,0.122570,0.033886
-0.030005,0.122777,0.035049
-0.027416,0.119831,0.034975
-0.026893,0.120501,0.033465
-0.027352,0.119948,0.034887
-0.024537,0.121090,0.035836
-0.022255,0.122038,0.035993
-0.020092,0.121334,0.036978
-0.020135,0.120758,0.037983
-0.019291,0.125528,0.036945
-0.017394,0.121234,0.036556
-0.015418,0.120175,0.038199
-0.014277,0.122440,0.040124
-0.011485,0.118724,0.039360
-0.012671,0.119636,0.040288
-0.010239,0.120284,0.041069
-0.008616,0.121579,0.040786
-0.006272,0.123830,0.040866
-0.006361,0.121573,0.039216
-0.004547,0.122334,0.041034
-0.004271,0.121096,0.041229
-0.001805,0.121279,0.042382
-0.000304,0.122580,0.041231
0.000330,0.119857,0.043889
0.001730,0.120111,0.044119
0.005304,0.120948,0.043235
0.005946,0.120862,0.042985
0.005990,0.118458,0.044136
0.007012,0.119286,0.046456
0.008496,0.120463,0.046845
0.010140,0.122879,0.045654
0.011048,0.121342,0.045377
0.012482,0.119421,0.047741
0.015158,0.120998,0.047477
0.014651,0.121599,0.048208
0.017330,0.120666,0.046252
0.016998,0.120622,0.046161
0.020130,0.119185,0.047194
0.020127,0.118724,0.045903
0.021779,0.120143,0.046328
0.024351,0.123390,0.046894
0.026408,0.121905,0.047311
0.028559,0.121332,0.044157
0.027176,0.119924,0.046319
0.028618,0.120540,0.047326
0.031041,0.120284,0.047623
0.033324,0.120619,0.046548
0.035243,0.120753,0.044180
0.034408,0.122730,0.045373
0.034138,0.120287,0.043942
0.039306,0.120222,0.042708
0.037697,0.121475,0.043474
0.041545,0.120384,0.042801
0.040170,0.122579,0.042912
0.044395,0.120837,0.042033
0.043114,0.119971,0.043249
0.046963,0.120563,0.041828
0.046433,0.122507,0.040119
0.047922,0.118308,0.038595
0.050768,0.120952,0.040399
0.051070,0.121727,0.038107
0.053703,0.119406,0.039233
0.053820,0.120452,0.036521
0.055158,0.120954,0.037829
0.057251,0.120681,0.034800
0.058123,0.120161,0.036783
0.059915,0.119872,0.035581
0.061184,0.122094,0.034572
0.063717,0.120948,0.035378
0.065390,0.120254,0.035022
0.063493,0.119700,0.032050
0.065371,0.120829,0.034960
0.067177,0.119006,0.035225
0.068755,0.120254,0.034513
0.071307,0.119021,0.036573
0.070304,0.121210,0.034338
0.074179,0.121009,0.035968
0.074227,0.120962,0.032559
0.077747,0.120810,0.031438
0.078655,0.120450,0.032162
0.080396,0.117966,0.032065
0.080102,0.121817,0.032176
0.083483,0.121280,0.029897
0.081612,0.121301,0.030813
0.083769,0.120477,0.031420
0.087073,0.120520,0.030359
0.087522,0.120904,0.030263
0.087463,0.120849,0.029625
0.089347,0.120929,0.025473
0.091136,0.119575,0.026883
0.091113,0.118668,0.025390
0.093112,0.121449,0.024661
0.097169,0.120052,0.022203
0.097716,0.119814,0.022697
0.097060,0.120661,0.021181
0.099884,0.121598,0.019461
0.101296,0.120183,0.018637
0.103623,0.119218,0.015510
0.102467,0.120245,0.015721
0.105447,0.120339,0.016866
0.108229,0.120145,0.013764
0.107176,0.121441,0.013603
0.108858,0.119863,0.010672
0.110764,0.120704,0.010024
0.113129,0.120449,0.009267
0.113924,0.122319,0.005634
0.117640,0.119602,0.005640
0.118112,0.121707,0.002964
0.118982,0.118998,0.001439
0.122370,0.120051,-0.000760
0.120934,0.120959,-0.000771
0.122629,0.120752,-0.003929
0.122755,0.120338,-0.002374
0.125521,0.119479,-0.002831
0.125444,0.119851,-0.004976
0.128281,0.119789,-0.007787
0.129876,0.121470,-0.008198
0.130533,0.119843,-0.010428
0.133515,0.120557,-0.012424
0.134036,0.117790,-0.010858
0.136125,0.119096,-0.012066
0.136740,0.121089,-0.013767
0.139014,0.120070,-0.013890
0.139454,0.120017,-0.016309
0.140441,0.120054,-0.016151
0.141714,0.119064,-0.019002
0.144201,0.120365,-0.018626
0.145919,0.120151,-0.023027
0.146868,0.119332,-0.022665
0.148132,0.121048,-0.022716
0.149678,0.119248,-0.027085
0.151270,0.119482,-0.028106
0.150476,0.121290,-0.028100
0.154751,0.119987,-0.028673
0.157816,0.121545,-0.032404
0.158008,0.120875,-0.030816
0.158032,0.119177,-0.035766
0.160134,0.119869,-0.035444
0.162102,0.119953,-0.039288
0.164377,0.120117,-0.041806
0.165368,0.120242,-0.043504
0.167009,0.121238,-0.051113
0.167484,0.119158,-0.056984
-0.086120,0.119701,-0.018810
-0.084013,0.121794,-0.013158
-0.081337,0.123486,-0.010269
-0.080604,0.122527,-0.005717
-0.077338,0.122492,-0.000728
-0.079270,0.121312,0.002402
-0.075604,0.123679,0.004479
-0.072693,0.122086,0.006755
-0.071718,0.121860,0.007075
-0.071306,0.121777,0.010504
-0.068918,0.123500,0.010421
-0.069647,0.122533,0.011935
-0.066268,0.121407,0.015023
-0.066232,0.122610,0.015897
-0.065302,0.121011,0.016785
-0.063442,0.121146,0.019246
-0.060667,0.121948,0.019106
-0.059363,0.120240,0.021401
-0.057211,0.120212,0.020789
-0.058943,0.122530,0.022816
-0.057516,0.123729,0.023573
-0.054050,0.122164,0.023244
-0.051990,0.119818,0.027008
-0.051967,0.118693,0.025867
-0.048962,0.123046,0.026500
-0.048296,0.122962,0.027351
-0.047573,0.122915,0.026314
-0.046500,0.122891,0.029581
-0.044447,0.121849,0.030892
-0.043355,0.122577,0.029883
-0.042104,0.121254,0.028717
-0.041651,0.121017,0.030313
-0.039002,0.123822,0.032288
-0.037917,0.122648,0.032686
-0.037100,0.122240,0.033286
-0.034375,0.121834,0.033824
-0.032548,0.122528,0.034114
-0.032622,0.120813,0.034508
-0.032586,0.123407,0.034831
-0.031084,0.122903,0.034458
-0.028277,0.121481,0.035227
-0.028758,0.121936,0.036279
-0.026775,0.122350,0.033803
-0.023878,0.121116,0.035068
-0.023927,0.123604,0.037646
-0.021980,0.121896,0.036538
-0.019393,0.122050,0.036818
-0.017657,0.123788,0.038190
-0.017765,0.120783,0.039570
-0.015906,0.122107,0.038262
-0.013722,0.122927,0.039915
-0.012564,0.122290,0.039280
-0.013926,0.122184,0.039233
-0.010222,0.123371,0.041107
-0.008810,0.120746,0.041276
-0.007308,0.122645,0.041270
-0.006725,0.123008,0.041959
-0.005628,0.120698,0.042762
-0.002924,0.123811,0.042989
-0.003062,0.123640,0.043424
-0.000896,0.122058,0.042485
0.001714,0.123204,0.042393
0.000702,0.124671,0.044167
0.004001,0.122578,0.043728
0.004749,0.121379,0.045111
0.006783,0.122894,0.044871
0.008475,0.122430,0.045110
0.008336,0.125558,0.045558
0.011722,0.122149,0.045422
0.012927,0.122016,0.045489
0.012835,0.121848,0.045400
0.013620,0.122972,0.045672
0.016253,0.122104,0.047657
0.017432,0.122323,0.045645
0.017356,0.123188,0.048021
0.019036,0.123134,0.045965
0.019678,0.123767,0.046658
0.022751,0.120806,0.046515
0.024578,0.122296,0.046913
0.025065,0.122403,0.047139
0.027204,0.122003,0.047377
0.029633,0.121578,0.046420
0.029611,0.122843,0.047328
0.031864,0.121913,0.044336
0.032425,0.122059,0.046718
0.032943,0.120128,0.046016
0.034107,0.122363,0.043737
0.035486,0.122124,0.045106
0.038385,0.121777,0.043577
0.038692,0.122208,0.045016
0.040150,0.124347,0.043788
0.040316,0.121900,0.042444
0.042417,0.122969,0.043529
0.043204,0.122768,0.040845
0.046045,0.122539,0.042293
0.047078,0.122761,0.040463
0.048382,0.120618,0.040054
0.049046,0.123307,0.041818
0.053096,0.122994,0.038960
0.052677,0.121658,0.036498
0.055252,0.124087,0.037952
0.054686,0.122224,0.036275
0.056562,0.122787,0.036050
0.057831,0.123335,0.038068
0.060250,0.122180,0.036781
0.063318,0.120724,0.035834
0.063525,0.121628,0.035623
0.063195,0.121622,0.035785
0.065176,0.122745,0.036388
0.064564,0.124306,0.035407
0.070015,0.120963,0.034793
0.069256,0.123877,0.035999
0.070592,0.123353,0.033548
0.073539,0.122139,0.034592
0.073497,0.122227,0.032044
0.075553,0.121078,0.032989
0.077269,0.123949,0.033738
0.077088,0.121574,0.032685
0.077936,0.121346,0.031981
0.078956,0.122865,0.032196
0.082005,0.121548,0.031111
0.083529,0.121989,0.032786
0.084888,0.122297,0.031603
0.084682,0.122044,0.031238
0.086892,0.122925,0.027981
0.090494,0.123691,0.029094
0.088524,0.122656,0.028021
0.089943,0.120657,0.024571
0.091801,0.122592,0.026172
0.095398,0.121585,0.023888
0.095288,0.124109,0.023913
0.097581,0.121744,0.024056
0.098205,0.123905,0.021980
0.099113,0.123385,0.021382
0.099478,0.122936,0.019575
0.102077,0.122485,0.016307
0.105153,0.121315,0.016165
0.105034,0.121120,0.015598
0.108846,0.123865,0.015442
0.108393,0.122452,0.012783
0.109108,0.122075,0.010381
0.109560,0.121617,0.009503
0.113393,0.122352,0.006467
0.113382,0.122636,0.004905
0.114547,0.121583,0.003715
0.116113,0.122317,0.003402
0.117808,0.123366,0.001757
0.119005,0.121165,-0.001179
0.120750,0.123468,-0.000907
0.123337,0.123053,-0.002505
0.124789,0.122326,-0.003159
0.126487,0.122872,-0.004269
0.128649,0.121708,-0.006035
0.126422,0.121898,-0.007472
0.129295,0.121824,-0.007967
0.130398,0.122133,-0.007993
0.132717,0.121101,-0.010080
0.133218,0.123967,-0.013295
0.134137,0.122288,-0.010826
0.137821,0.120096,-0.013776
0.137941,0.121988,-0.014110
0.138644,0.121688,-0.015880
0.139579,0.122173,-0.017894
0.143686,0.121740,-0.019888
0.143108,0.120069,-0.019689
0.144902,0.121082,-0.021700
0.147077,0.121085,-0.022574
0.148272,0.122053,-0.022704
0.149372,0.121775,-0.026949
0.150632,0.120625,-0.026428
0.151747,0.120790,-0.027193
0.154363,0.121932,-0.031064
0.154646,0.121979,-0.029019
0.156883,0.121868,-0.031935
0.156714,0.121554,-0.038482
0.159726,0.121880,-0.038673
0.162223,0.122228,-0.039818
0.161971,0.122123,-0.042623
0.162944,0.123370,-0.045449
0.165038,0.122584,-0.051670
0.168471,0.121382,-0.056793
-0.084981,0.123445,-0.022733
-0.083285,0.122765,-0.015455
-0.083040,0.124537,-0.007598
-0.081869,0.122290,-0.007161
-0.077921,0.124149,-0.002166
-0.077427,0.123287,0.000645
-0.076483,0.123195,0.003539
-0.072139,0.123444,0.006491
-0.072552,0.123772,0.007672
-0.071373,0.121620,0.009033
-0.069513,0.123994,0.011560
-0.067850,0.123881,0.011012
-0.067301,0.122603,0.013875
-0.064945,0.123437,0.015642
-0.065494,0.123598,0.017078
-0.064698,0.125797,0.019083
-0.062114,0.123254,0.020438
-0.061223,0.121691,0.019487
-0.057862,0.125193,0.024548
-0.058062,0.125113,0.021180
-0.055425,0.126010,0.023310
-0.053783,0.122963,0.024662
-0.054579,0.124271,0.025821
-0.051700,0.123575,0.026415
-0.050615,0.123990,0.027150
-0.047732,0.123637,0.026811
-0.046629,0.123984,0.028726
-0.046271,0.124465,0.029653
-0.044697,0.122630,0.028240
-0.042751,0.126096,0.029953
-0.041810,0.123131,0.030810
-0.040632,0.124334,0.031835
-0.041399,0.125020,0.032373
-0.037366,0.125036,0.032110
-0.036233,0.124243,0.032493
-0.033469,0.124020,0.032192
-0.033175,0.125401,0.032649
-0.034249,0.123358,0.035209
-0.031435,0.121752,0.032882
-0.029758,0.123185,0.035212
-0.027529,0.122607,0.036167
-0.028327,0.123941,0.035421
-0.025759,0.124368,0.034750
-0.023941,0.125444,0.036527
-0.022603,0.122955,0.036524
-0.022089,0.123660,0.037095
-0.019205,0.122793,0.037585
-0.018474,0.121428,0.038051
-0.016416,0.123593,0.038199
-0.015236,0.123559,0.036823
-0.013588,0.123170,0.038849
-0.012257,0.123994,0.038945
-0.011940,0.124484,0.040861
-0.011202,0.124389,0.040784
-0.010140,0.125096,0.040146
-0.008780,0.125544,0.041449
-0.006061,0.122437,0.041691
-0.005026,0.121796,0.041696
-0.001698,0.123365,0.040795
-0.001514,0.123437,0.042127
0.000840,0.123282,0.042343
0.001096,0.123691,0.043377
0.002404,0.123491,0.043486
0.004450,0.125188,0.043951
0.004000,0.125769,0.045303
0.006242,0.122351,0.045015
0.006360,0.124815,0.045041
0.009627,0.124021,0.045141
0.011503,0.123761,0.046289
0.011539,0.125079,0.043931
0.012918,0.124894,0.046573
0.013745,0.123941,0.046277
0.017108,0.124792,0.046172
0.015789,0.125336,0.045980
0.018583,0.123407,0.045916
0.020743,0.124980,0.046349
0.020840,0.123370,0.045119
0.022524,0.125106,0.046865
0.023726,0.122478,0.047658
0.025492,0.123126,0.045754
0.027963,0.123642,0.046547
0.027819,0.125157,0.046830
0.030952,0.122431,0.044913
0.030939,0.124820,0.044970
0.031356,0.124837,0.047131
0.033292,0.123714,0.045199
0.035731,0.124026,0.044197
0.035298,0.124587,0.044934
0.038695,0.124109,0.044559
0.036441,0.126845,0.043465
0.039944,0.125299,0.043915
0.044412,0.122545,0.043900
0.042217,0.124361,0.042418
0.044004,0.124687,0.043337
0.045382,0.123940,0.043833
0.048300,0.124050,0.039031
0.049082,0.124010,0.040731
0.048722,0.123006,0.038840
0.051487,0.124802,0.038799
0.054096,0.123448,0.037337
0.056171,0.124090,0.036514
0.055290,0.124390,0.036139
0.056488,0.122240,0.036211
0.059543,0.123616,0.037516
0.058974,0.124509,0.038163
0.060104,0.125813,0.035754
0.062636,0.125201,0.038708
0.062758,0.122667,0.036730
0.066102,0.124777,0.033020
0.067154,0.122471,0.035316
0.067385,0.124447,0.035152
0.067892,0.124269,0.034476
0.071743,0.123591,0.034257
0.069603,0.125372,0.034292
0.072274,0.123380,0.033585
0.075421,0.122756,0.034180
0.074853,0.124853,0.035750
0.076616,0.124646,0.032705
0.077996,0.124145,0.034019
0.079182,0.124292,0.032434
0.082910,0.124329,0.031576
0.082770,0.123397,0.029640
0.084995,0.125247,0.031919
0.085102,0.125026,0.029583
0.086560,0.125368,0.030445
0.089298,0.122419,0.028676
0.089059,0.123324,0.026548
0.090458,0.123012,0.025794
0.093645,0.125582,0.025541
0.093422,0.124079,0.024929
0.095265,0.124713,0.024022
0.097687,0.123552,0.022264
0.097370,0.122362,0.019919
0.099622,0.123156,0.020059
0.100500,0.123071,0.019370
0.100941,0.122650,0.019467
0.103460,0.124619,0.016221
0.105130,0.124289,0.017023
0.106576,0.125864,0.013625
0.109356,0.124205,0.013407
0.109860,0.125053,0.013707
0.109387,0.123946,0.009863
0.111803,0.123238,0.006788
0.113587,0.124042,0.006191
0.115346,0.123519,0.003699
0.117124,0.122312,0.004191
0.117800,0.123557,0.001631
0.119746,0.124152,0.001608
0.121744,0.122088,-0.001778
0.122112,0.124056,-0.004295
0.123168,0.121401,-0.002172
0.123513,0.124054,-0.005633
0.128369,0.125324,-0.007110
0.128519,0.122017,-0.007880
0.130871,0.124159,-0.009014
0.132767,0.122926,-0.009892
0.131970,0.123407,-0.009668
0.132278,0.123798,-0.014378
0.134170,0.124105,-0.014385
0.136853,0.122917,-0.014728
0.138176,0.122670,-0.015485
0.139573,0.124201,-0.016029
0.140061,0.124005,-0.017839
0.141156,0.124086,-0.019244
0.143259,0.124007,-0.019667
0.146729,0.124048,-0.021049
0.144752,0.123624,-0.023126
0.147661,0.122634,-0.024045
0.150739,0.123043,-0.023923
0.152384,0.123782,-0.026729
0.154731,0.124685,-0.028370
0.153083,0.124286,-0.028039
0.156524,0.122942,-0.033073
0.158531,0.124259,-0.033619
0.160392,0.123856,-0.035805
0.158978,0.123977,-0.040426
0.162023,0.123596,-0.040127
0.163226,0.124437,-0.041750
0.167146,0.123483,-0.047028
0.165691,0.124296,-0.053459
0.169371,0.122207,-0.060182
-0.085085,0.126682,-0.023418
-0.084170,0.124529,-0.017660
-0.083529,0.125982,-0.009648
-0.080802,0.124532,-0.006587
-0.079157,0.127224,-0.002438
-0.076510,0.126390,0.000601
-0.074125,0.126200,0.001288
-0.071566,0.125556,0.005011
-0.073267,0.126240,0.007627
-0.069785,0.123887,0.009548
-0.070067,0.125986,0.010746
-0.070217,0.125080,0.014445
-0.067719,0.125306,0.014941
-0.066222,0.124571,0.014033
-0.066101,0.125028,0.016879
-0.062121,0.123815,0.019596
-0.061996,0.124364,0.020921
-0.058425,0.124343,0.020355
-0.057330,0.125264,0.021077
-0.058386,0.124570,0.022478
-0.055641,0.125633,0.022146
-0.054403,0.125314,0.022871
-0.052371,0.126866,0.026372
-0.053003,0.123888,0.025920
-0.050448,0.125622,0.026113
-0.049464,0.124589,0.026598
-0.047128,0.124185,0.030282
-0.047639,0.124947,0.029187
-0.045619,0.125600,0.029453
-0.041889,0.125910,0.028318
-0.043145,0.124994,0.029887
-0.043045,0.126657,0.033088
-0.040634,0.126671,0.033367
-0.037288,0.125106,0.033998
-0.036786,0.126221,0.033250
-0.035729,0.127648,0.032481
-0.032256,0.126366,0.034844
-0.033681,0.124870,0.036007
-0.031407,0.125839,0.035855
-0.031697,0.125012,0.033441
-0.028513,0.126067,0.036524
-0.026374,0.125601,0.035060
-0.025086,0.125178,0.035910
-0.024301,0.127104,0.036563
-0.022681,0.125031,0.036640
-0.021890,0.126985,0.037013
-0.021910,0.125340,0.038146
-0.019029,0.125186,0.039977
-0.015808,0.125436,0.038114
-0.015778,0.124472,0.038934
-0.014211,0.126568,0.039082
-0.013256,0.123723,0.040935
-0.011408,0.125078,0.040740
-0.010095,0.124734,0.040476
-0.008215,0.124764,0.040529
-0.006414,0.124558,0.040858
-0.005843,0.125729,0.040757
-0.004162,0.124629,0.041677
-0.002901,0.125301,0.042521
-0.002455,0.126894,0.041811
-0.000818,0.126171,0.043372
0.002574,0.126076,0.045120
0.002601,0.126339,0.043580
0.002964,0.124156,0.046022
0.004792,0.125830,0.043162
0.007091,0.124895,0.044477
0.007459,0.126774,0.045692
0.008210,0.124615,0.046554
0.008890,0.126437,0.047143
0.014231,0.125020,0.045270
0.013540,0.124697,0.047221
0.014659,0.125551,0.046386
0.014587,0.125562,0.045747
0.016636,0.125038,0.047358
0.019880,0.125403,0.045783
0.022462,0.125082,0.045362
0.020367,0.124960,0.046970
0.024146,0.125744,0.045444
0.025132,0.126899,0.046389
0.023129,0.126334,0.046378
0.025877,0.125355,0.047872
0.027500,0.125260,0.047301
0.030859,0.125692,0.046691
0.031633,0.125206,0.047360
0.031481,0.125210,0.045101
0.033599,0.124505,0.044933
0.034590,0.125169,0.044837
0.035001,0.127982,0.044141
0.037282,0.125916,0.046054
0.038917,0.124996,0.045469
0.040600,0.124664,0.042633
0.042141,0.125886,0.043442
0.043561,0.124841,0.041163
0.045607,0.125353,0.042940
0.044977,0.124297,0.043730
0.046579,0.124874,0.041314
0.048785,0.126188,0.041986
0.050407,0.126608,0.039780
0.052836,0.125103,0.038773
0.052203,0.125622,0.040277
0.053574,0.124584,0.037273
0.054233,0.125811,0.038402
0.057036,0.125082,0.037871
0.058962,0.124588,0.038055
0.058304,0.124069,0.037417
0.059567,0.124037,0.036067
0.060616,0.123358,0.035517
0.064336,0.125966,0.037149
0.064350,0.125640,0.036831
0.067160,0.126459,0.035619
0.066505,0.125812,0.035562
0.070327,0.123280,0.035034
0.069749,0.126670,0.034955
0.072159,0.125775,0.033312
0.073462,0.126673,0.034376
0.073674,0.124395,0.033999
0.075774,0.125915,0.033789
0.078550,0.126117,0.031765
0.079186,0.125269,0.033250
0.079394,0.124615,0.030152
0.082385,0.125900,0.029636
0.084137,0.123050,0.031494
0.084622,0.126641,0.028710
0.088244,0.124174,0.028963
0.087372,0.125260,0.029791
0.088936,0.126124,0.028611
0.090695,0.126159,0.028277
0.091159,0.125762,0.026514
0.091626,0.126803,0.026715
0.094582,0.125426,0.024840
0.096323,0.125603,0.022866
0.096824,0.124564,0.023803
0.098056,0.125712,0.023019
0.099412,0.125258,0.020821
0.101730,0.125227,0.019830
0.102741,0.125237,0.018303
0.103939,0.126251,0.017395
0.105845,0.124697,0.015383
0.108145,0.125733,0.013614
0.106983,0.124689,0.012170
0.109577,0.124914,0.011964
0.112782,0.123660,0.008978
0.111789,0.124889,0.009023
0.115554,0.125619,0.004044
0.115144,0.125263,0.003140
0.116610,0.126337,0.003891
0.116086,0.126572,0.001428
0.121441,0.124765,0.000293
0.121580,0.123973,-0.000917
0.123911,0.126709,-0.002057
0.124332,0.126422,-0.004796
0.125726,0.124420,-0.005714
0.127142,0.124372,-0.005560
0.129361,0.125640,-0.007115
0.129316,0.127520,-0.008686
0.128403,0.126703,-0.010641
0.130280,0.126672,-0.011647
0.133968,0.125402,-0.014472
0.135580,0.123997,-0.013721
0.137831,0.125639,-0.014290
0.137746,0.125517,-0.014751
0.139252,0.126471,-0.017798
0.142465,0.124742,-0.015600
0.143488,0.125166,-0.018707
0.143195,0.124539,-0.020596
0.145937,0.124220,-0.021571
0.146242,0.124387,-0.022471
0.147447,0.124517,-0.024897
0.149319,0.127168,-0.024479
0.150692,0.126073,-0.030037
0.151417,0.125404,-0.029105
0.154637,0.126927,-0.030593
0.155805,0.122813,-0.033670
0.158334,0.125749,-0.032254
0.159606,0.125374,-0.036480
0.159255,0.127439,-0.039212
0.161204,0.126974,-0.043334
0.163946,0.125746,-0.044079
0.163748,0.125411,-0.050198
0.165145,0.124556,-0.054842
-0.082880,0.126825,-0.017132
-0.083658,0.126763,-0.010724
-0.077621,0.126196,-0.006222
-0.077305,0.128015,-0.003204
-0.078545,0.126491,-0.000233
-0.077084,0.128297,0.001751
-0.074219,0.127809,0.005652
-0.071651,0.127306,0.006737
-0.072159,0.127180,0.007677
-0.069706,0.127975,0.010400
-0.068208,0.127197,0.011978
-0.067492,0.126145,0.012800
-0.066002,0.127192,0.015198
-0.065210,0.127043,0.017011
-0.064903,0.128022,0.018327
-0.062173,0.127292,0.020650
-0.061207,0.126584,0.019957
-0.059677,0.126076,0.019839
-0.057471,0.127228,0.022441
-0.055429,0.126896,0.024556
-0.055543,0.127537,0.023735
-0.055062,0.126340,0.025750
-0.051273,0.126579,0.026313
-0.052058,0.128042,0.027756
-0.049431,0.126489,0.032134
-0.048218,0.127074,0.028107
-0.044706,0.127092,0.029015
-0.044193,0.126141,0.027476
-0.043743,0.127180,0.032215
-0.041287,0.124524,0.030342
-0.040092,0.128180,0.033596
-0.038181,0.126749,0.031946
-0.037528,0.126195,0.031484
-0.035633,0.128865,0.034286
-0.035826,0.126572,0.032514
-0.032284,0.126361,0.034234
-0.033097,0.126816,0.032646
-0.030631,0.126155,0.034682
-0.029597,0.128074,0.034574
-0.026787,0.126554,0.036064
-0.027545,0.126723,0.036576
-0.026430,0.126022,0.034521
-0.024672,0.126940,0.036726
-0.022412,0.128176,0.037060
-0.024055,0.127685,0.038235
-0.019493,0.128551,0.038142
-0.020495,0.124500,0.038248
-0.017205,0.126409,0.039221
-0.017805,0.126759,0.041038
-0.011867,0.126297,0.039498
-0.011071,0.126707,0.041003
-0.011794,0.127066,0.042150
-0.009826,0.127848,0.040898
-0.007573,0.128281,0.041318
-0.007789,0.126627,0.043443
-0.006011,0.126913,0.042256
-0.003871,0.125709,0.043899
-0.003222,0.125458,0.044757
-0.002655,0.126966,0.041704
-0.001987,0.126686,0.042809
-0.000140,0.127142,0.044554
0.003428,0.127553,0.042499
0.002232,0.126851,0.046219
0.005417,0.128075,0.045744
0.006008,0.125820,0.044184
0.007119,0.126484,0.044865
0.008516,0.127754,0.045043
0.010519,0.127556,0.046520
0.012268,0.129502,0.045134
0.013078,0.126843,0.045549
0.013687,0.128826,0.048010
0.016024,0.127132,0.047254
0.017909,0.126665,0.045709
0.018242,0.126275,0.046338
0.018542,0.127046,0.047786
0.020844,0.128955,0.049235
0.022451,0.127151,0.046528
0.023689,0.126585,0.045449
0.025044,0.127928,0.049311
0.025172,0.127152,0.046740
0.028672,0.125285,0.047723
0.030028,0.128276,0.046596
0.029790,0.127661,0.046744
0.031654,0.125972,0.049187
0.033782,0.126190,0.046873
0.034143,0.128053,0.045105
0.036257,0.127877,0.043747
0.037477,0.128988,0.043796
0.038712,0.126825,0.043380
0.040370,0.124118,0.042441
0.041347,0.127312,0.043393
0.042770,0.126341,0.044574
0.042753,0.128705,0.044103
0.045882,0.126484,0.043390
0.048588,0.128156,0.041940
0.051098,0.126091,0.042051
0.048840,0.127375,0.041042
0.054344,0.126593,0.039552
0.053431,0.126316,0.038703
0.052868,0.127838,0.039045
0.057415,0.127424,0.037251
0.057024,0.127500,0.038853
0.059085,0.127543,0.037548
0.060098,0.125650,0.037546
0.060216,0.126863,0.037174
0.061389,0.126182,0.037898
0.063747,0.125730,0.036535
0.065101,0.127040,0.035773
0.065912,0.126763,0.036442
0.067865,0.125655,0.037029
0.070198,0.128741,0.035192
0.070817,0.126846,0.034124
0.071417,0.127557,0.034673
0.072973,0.125358,0.032322
0.075683,0.129202,0.033599
0.077054,0.127839,0.033179
0.079339,0.128172,0.032316
0.079571,0.127227,0.032140
0.080451,0.124807,0.032443
0.080541,0.126417,0.032121
0.083028,0.126254,0.031065
0.082689,0.125531,0.032104
0.087373,0.127402,0.029856
0.087729,0.127679,0.027745
0.089308,0.128313,0.029237
0.089079,0.127255,0.028340
0.090078,0.127869,0.027975
0.093717,0.128160,0.025409
0.092542,0.128489,0.024562
0.093592,0.127066,0.023942
0.096749,0.127547,0.022287
0.097652,0.129565,0.021699
0.101194,0.127882,0.019634
0.101399,0.127971,0.018984
0.101879,0.127613,0.018055
0.103854,0.128183,0.016066
0.106190,0.125657,0.014043
0.105395,0.128112,0.013794
0.107883,0.126203,0.011559
0.108547,0.127188,0.010710
0.109293,0.129167,0.009132
0.113277,0.125928,0.008132
0.114123,0.126929,0.008173
0.116326,0.127757,0.004944
0.116556,0.129375,0.004195
0.117687,0.128514,0.001409
0.119984,0.127718,0.000002
0.120866,0.126883,0.000279
0.121959,0.127107,-0.002703
0.125173,0.128052,-0.001747
0.126224,0.126680,-0.003377
0.128417,0.127034,-0.006938
0.127495,0.126855,-0.008502
0.130506,0.126614,-0.010613
0.131123,0.129365,-0.009546
0.130776,0.127270,-0.010891
0.133007,0.127075,-0.011640
0.136834,0.126865,-0.013997
0.136138,0.128938,-0.013315
0.138375,0.127577,-0.015687
0.139763,0.127784,-0.017627
0.140728,0.126946,-0.018290
0.141368,0.128110,-0.018605
0.144492,0.125432,-0.021232
0.144994,0.126641,-0.020991
0.149181,0.125843,-0.023396
0.148568,0.128250,-0.024924
0.150531,0.126348,-0.028865
0.149576,0.126060,-0.027616
0.153663,0.127244,-0.030230
0.154316,0.125994,-0.030882
0.157354,0.126785,-0.033633
0.157168,0.126932,-0.034170
0.156380,0.126762,-0.038101
0.160697,0.125685,-0.039303
0.162600,0.125272,-0.041373
0.163868,0.127138,-0.046878
0.165813,0.126055,-0.053798
0.165631,0.127527,-0.057601
-0.082723,0.129050,-0.018992
-0.082322,0.129256,-0.012910
-0.078813,0.128445,-0.008529
-0.080156,0.129354,-0.003048
-0.077699,0.127567,-0.000850
-0.074610,0.126694,0.002537
-0.073938,0.128451,0.003876
-0.071752,0.130483,0.008567
-0.071658,0.128941,0.009093
-0.069828,0.126296,0.008459
-0.068704,0.128049,0.013637
-0.066808,0.129357,0.013734
-0.066526,0.128916,0.013277
-0.067452,0.128115,0.017527
-0.061919,0.127781,0.017974
-0.061616,0.126695,0.019189
-0.059052,0.129827,0.019165
-0.058957,0.128471,0.023103
-0.058028,0.128961,0.024042
-0.054876,0.128395,0.023423
-0.055058,0.127188,0.023569
-0.053787,0.129523,0.024971
-0.052471,0.128559,0.024838
-0.049571,0.128883,0.028094
-0.048253,0.129438,0.029147
-0.045325,0.127890,0.027821
-0.044926,0.125958,0.028003
-0.045373,0.130128,0.030807
-0.042814,0.129290,0.030662
-0.042039,0.127455,0.030903
-0.039792,0.129554,0.031707
-0.038440,0.128150,0.033155
-0.038112,0.128340,0.032132
-0.036807,0.128756,0.032425
-0.034164,0.129255,0.032748
-0.032197,0.127108,0.036461
-0.032006,0.127547,0.034406
-0.031355,0.127784,0.032715
-0.028942,0.129432,0.036488
-0.028082,0.128526,0.037005
-0.024651,0.128673,0.035408
-0.022675,0.130881,0.036795
-0.022862,0.128062,0.037459
-0.021911,0.128617,0.037927
-0.020652,0.127139,0.038120
-0.020445,0.130072,0.038348
-0.018044,0.129617,0.037921
-0.016008,0.127470,0.039379
-0.017455,0.129476,0.040073
-0.013900,0.128613,0.042590
-0.012613,0.129187,0.039860
-0.013309,0.128865,0.039799
-0.007910,0.128672,0.042777
-0.008434,0.128920,0.041939
-0.007711,0.127296,0.041940
-0.006807,0.128337,0.041927
-0.005980,0.129443,0.041378
-0.004846,0.128133,0.042637
-0.001159,0.129510,0.043975
-0.000890,0.127235,0.044297
0.000062,0.129642,0.043720
0.002910,0.128548,0.042903
0.003213,0.129063,0.044521
0.005923,0.129267,0.045873
0.006247,0.128598,0.045013
0.006910,0.128743,0.045337
0.008851,0.128300,0.046451
0.010609,0.128020,0.046889
0.012312,0.128100,0.047335
0.013693,0.128458,0.047471
0.014618,0.129631,0.046990
0.016436,0.128718,0.047873
0.016955,0.129087,0.047314
0.018310,0.127574,0.048691
0.020334,0.130127,0.046348
0.021074,0.129334,0.047048
0.022267,0.126928,0.047290
0.024893,0.128248,0.046618
0.025966,0.127705,0.046721
0.025956,0.126492,0.047957
0.027286,0.127385,0.047182
0.028547,0.129073,0.049096
0.030880,0.127909,0.048760
0.032288,0.130774,0.047401
0.033656,0.127518,0.045553
0.034976,0.128796,0.047672
0.038394,0.129912,0.046889
0.036699,0.128518,0.043769
0.040106,0.128022,0.043410
0.041615,0.127491,0.042585
0.040176,0.128108,0.044320
0.042577,0.129734,0.042592
0.043527,0.129072,0.043070
0.045926,0.129688,0.042188
0.047771,0.128884,0.041017
0.047475,0.127645,0.043540
0.048829,0.128489,0.041439
0.051305,0.127825,0.039852
0.052189,0.129174,0.039585
0.055006,0.128123,0.039426
0.055288,0.125635,0.039840
0.057601,0.126512,0.036542
0.057593,0.127429,0.038039
0.061862,0.129769,0.036329
0.058894,0.129300,0.036301
0.061103,0.129886,0.037048
0.064460,0.130054,0.036660
0.064479,0.128171,0.036480
0.067245,0.128921,0.037328
0.067167,0.131270,0.036515
0.069471,0.129584,0.035114
0.068805,0.128636,0.035088
0.070425,0.127743,0.033368
0.073069,0.129908,0.034906
0.075936,0.129849,0.032713
0.075959,0.127375,0.033967
0.076547,0.129304,0.033519
0.077874,0.128535,0.034891
0.079442,0.128215,0.031622
0.081115,0.127415,0.032312
0.082295,0.129638,0.031727
0.084224,0.129114,0.031714
0.085680,0.129020,0.030617
0.086974,0.130393,0.029958
0.087086,0.129155,0.028483
0.089896,0.128037,0.030215
0.090974,0.129286,0.027744
0.094609,0.128082,0.026937
0.093981,0.127302,0.026791
0.096795,0.129444,0.024003
0.097711,0.129532,0.021035
0.099686,0.128408,0.021072
0.099428,0.128117,0.019452
0.098526,0.127844,0.021332
0.103745,0.129286,0.019576
0.102186,0.128398,0.015920
0.103129,0.128840,0.015129
0.106930,0.128471,0.014240
0.107666,0.128374,0.013006
0.110629,0.127765,0.011916
0.110342,0.128235,0.009570
0.112210,0.129650,0.007179
0.113506,0.127483,0.005783
0.113551,0.128243,0.006913
0.115591,0.128002,0.003448
0.117984,0.127661,0.002091
0.119773,0.128228,-0.000877
0.121676,0.128330,-0.001959
0.121611,0.127491,-0.002740
0.124259,0.127181,-0.003631
0.126261,0.126350,-0.005292
0.127297,0.128154,-0.007046
0.127885,0.126956,-0.007501
0.128176,0.127916,-0.008642
0.133488,0.127105,-0.009892
0.132641,0.128441,-0.010158
0.133450,0.129953,-0.013464
0.135954,0.129707,-0.013367
0.135436,0.129111,-0.015056
0.141158,0.127534,-0.015021
0.136946,0.128175,-0.018767
0.143372,0.127175,-0.018720
0.141518,0.127632,-0.018925
0.144142,0.127872,-0.020409
0.144887,0.128834,-0.024221
0.146764,0.129216,-0.022974
0.146145,0.127731,-0.025750
0.150754,0.130256,-0.027189
0.150681,0.126718,-0.028647
0.154461,0.128103,-0.029558
0.154988,0.128279,-0.032423
0.155294,0.129931,-0.032408
0.157675,0.129624,-0.035898
0.160048,0.129255,-0.037583
0.159759,0.128979,-0.039243
0.163040,0.127012,-0.043725
0.163821,0.129389,-0.047644
0.164250,0.128781,-0.052702
0.166186,0.128128,-0.057296
-0.084225,0.129683,-0.020594
-0.083192,0.130741,-0.012261
-0.081122,0.128371,-0.008596
-0.078983,0.129947,-0.005645
-0.078509,0.131265,-0.001020
-0.075200,0.129431,0.004266
-0.075524,0.130671,0.003883
-0.074398,0.131094,0.006422
-0.071904,0.129636,0.006505
-0.068191,0.130160,0.010341
-0.067137,0.130645,0.014058
-0.067504,0.128510,0.014452
-0.066482,0.129610,0.017537
-0.063857,0.129160,0.017090
-0.062666,0.129938,0.019168
-0.060090,0.130465,0.019005
-0.060166,0.130846,0.019377
-0.059756,0.130627,0.020768
-0.059819,0.129154,0.023422
-0.056320,0.130799,0.026037
-0.053929,0.130903,0.025126
-0.052361,0.130112,0.024197
-0.051494,0.130373,0.026828
-0.049483,0.131712,0.027856
-0.049311,0.130684,0.028605
-0.047110,0.129972,0.027842
-0.046181,0.129631,0.030537
-0.044165,0.129514,0.029933
-0.043513,0.130693,0.029960
-0.043883,0.129382,0.031104
-0.039043,0.130655,0.032044
-0.040281,0.129945,0.031707
-0.038165,0.130769,0.035266
-0.037844,0.130951,0.033531
-0.034748,0.130910,0.034645
-0.035521,0.131988,0.034721
-0.032221,0.130029,0.033148
-0.030206,0.129582,0.036050
-0.030685,0.132060,0.035833
-0.028575,0.128478,0.035101
-0.026344,0.130921,0.037500
-0.025598,0.130553,0.036880
-0.023200,0.130676,0.037568
-0.022997,0.129526,0.037814
-0.021218,0.130349,0.040808
-0.020550,0.128316,0.039002
-0.018154,0.129780,0.039385
-0.016731,0.128028,0.039977
-0.014211,0.128899,0.038623
-0.013779,0.129027,0.040430
-0.011723,0.130257,0.039937
-0.012665,0.132038,0.040874
-0.011029,0.131083,0.042789
-0.008166,0.129406,0.041142
-0.009739,0.130688,0.041893
-0.006896,0.131040,0.040831
-0.004869,0.131654,0.041854
-0.001908,0.130736,0.045240
-0.002282,0.128990,0.043734
0.000718,0.131219,0.044756
0.000741,0.128788,0.044721
0.002852,0.130016,0.044022
0.004646,0.130702,0.045414
0.004095,0.129172,0.046826
0.004565,0.128936,0.045475
0.007673,0.130495,0.046861
0.009009,0.129513,0.048722
0.010748,0.129920,0.045452
0.012601,0.130524,0.045577
0.013348,0.130384,0.048068
0.014892,0.126641,0.045822
0.016565,0.130739,0.048047
0.017780,0.131338,0.048593
0.018715,0.130831,0.046628
0.019795,0.130135,0.046816
0.022239,0.131540,0.047286
0.024606,0.128694,0.048058
0.023872,0.129501,0.046498
0.024673,0.129269,0.048574
0.026457,0.131031,0.049012
0.027007,0.130936,0.045430
0.030328,0.130930,0.046764
0.031976,0.127586,0.047057
0.032585,0.130722,0.046973
0.032843,0.130046,0.044464
0.034114,0.130134,0.047867
0.037882,0.129395,0.045674
0.037051,0.131725,0.044581
0.038250,0.130843,0.043130
0.040570,0.130295,0.045109
0.041198,0.130062,0.044877
0.042820,0.129322,0.044949
0.043477,0.131379,0.043027
0.045412,0.130879,0.042028
0.047651,0.130432,0.042574
0.048731,0.130512,0.041303
0.051594,0.129169,0.041889
0.050659,0.130476,0.039946
0.053420,0.130970,0.041024
0.052949,0.130251,0.039653
0.054906,0.128910,0.039340
0.057179,0.130066,0.038815
0.059236,0.132075,0.038930
0.059943,0.129783,0.040084
0.060326,0.130115,0.038703
0.060861,0.131894,0.038687
0.065269,0.131200,0.038929
0.065586,0.129772,0.036175
0.065435,0.129958,0.036008
0.067671,0.130189,0.036736
0.066995,0.129521,0.035023
0.070712,0.130484,0.038180
0.072945,0.129373,0.035363
0.075116,0.131199,0.034420
0.074616,0.130694,0.034318
0.075717,0.129249,0.033381
0.074529,0.128664,0.035081
0.078486,0.129044,0.034472
0.079468,0.128973,0.034360
0.080931,0.129346,0.032404
0.081137,0.131029,0.033225
0.083492,0.131553,0.031822
0.087312,0.130577,0.028107
0.086609,0.130547,0.028626
0.089320,0.129772,0.028729
0.089558,0.129081,0.025821
0.090223,0.129005,0.026396
0.091858,0.129395,0.027351
0.094064,0.129470,0.025544
0.094188,0.131494,0.026497
0.098478,0.131729,0.023087
0.098777,0.130458,0.020955
0.098514,0.131134,0.019920
0.101209,0.131964,0.019288
0.101129,0.130482,0.018566
0.103609,0.131050,0.015199
0.105326,0.131986,0.016951
0.108423,0.129766,0.015408
0.105814,0.132045,0.011676
0.109283,0.130122,0.011723
0.111369,0.131086,0.010064
0.113743,0.131073,0.007126
0.114551,0.128693,0.006245
0.113363,0.130349,0.004035
0.116205,0.129899,0.002144
0.118589,0.131607,0.000290
0.120561,0.129910,-0.000217
0.122047,0.130778,-0.000715
0.123388,0.129094,-0.001631
0.123434,0.131118,-0.003476
0.124827,0.129529,-0.004325
0.126626,0.129859,-0.006470
0.128392,0.129298,-0.006755
0.130944,0.130771,-0.009881
0.130135,0.128916,-0.010400
0.132784,0.129646,-0.011480
0.134203,0.128444,-0.010710
0.135521,0.130564,-0.011572
0.138811,0.128641,-0.013651
0.138639,0.130450,-0.016071
0.138641,0.131024,-0.015831
0.140304,0.129480,-0.017400
0.142256,0.129762,-0.018815
0.143762,0.129335,-0.019084
0.144886,0.130028,-0.021936
0.149212,0.129387,-0.021578
0.146843,0.130742,-0.023669
0.148483,0.130525,-0.028627
0.152239,0.128992,-0.027395
0.151674,0.131855,-0.029782
0.153122,0.131134,-0.031364
0.154769,0.129977,-0.034573
0.157275,0.129374,-0.037000
0.158967,0.130364,-0.039028
0.161311,0.127980,-0.039275
0.162840,0.129741,-0.045577
0.164715,0.129150,-0.049060
0.165739,0.128376,-0.056483
-0.085828,0.130727,-0.022641
-0.081585,0.131560,-0.014775
-0.078993,0.131843,-0.008227
-0.079161,0.132216,-0.005278
-0.079299,0.131266,-0.002121
-0.075841,0.132076,0.001259
-0.073799,0.131942,0.006339
-0.073393,0.133112,0.006610
-0.072543,0.133320,0.008274
-0.068618,0.132322,0.011059
-0.069479,0.132963,0.012427
-0.067035,0.131491,0.013635
-0.065652,0.131267,0.014868
-0.064294,0.131164,0.015513
-0.062518,0.132580,0.019868
-0.060416,0.133121,0.021005
-0.060999,0.131939,0.019148
-0.057619,0.133250,0.021632
-0.057714,0.130654,0.023398
-0.054726,0.130833,0.023149
-0.054282,0.133950,0.025091
-0.054841,0.131880,0.025748
-0.050263,0.132372,0.026917
-0.050302,0.133100,0.025544
-0.047996,0.132316,0.026722
-0.048058,0.131433,0.030937
-0.045161,0.133693,0.029483
-0.044281,0.131074,0.031141
-0.042536,0.134239,0.031252
-0.041829,0.131869,0.032810
-0.038439,0.132873,0.031567
-0.039719,0.131406,0.032866
-0.037669,0.131265,0.034303
-0.035869,0.131988,0.032151
-0.035672,0.131962,0.034847
-0.033730,0.131345,0.033411
-0.032877,0.130828,0.035816
-0.031732,0.131109,0.034765
-0.030265,0.131433,0.033628
-0.028073,0.132712,0.036605
-0.025754,0.131858,0.036324
-0.023758,0.131077,0.036984
-0.025107,0.130904,0.038616
-0.022683,0.130863,0.039323
-0.020832,0.131902,0.040113
-0.019699,0.132710,0.041636
-0.020522,0.132662,0.040198
-0.015630,0.132465,0.040764
-0.016341,0.131022,0.040534
-0.013144,0.132640,0.040306
-0.011876,0.132504,0.040712
-0.011660,0.130376,0.043673
-0.009581,0.132041,0.040383
-0.009038,0.131663,0.042496
-0.006564,0.132065,0.041994
-0.006132,0.130937,0.042152
-0.004550,0.129873,0.044251
-0.004834,0.133322,0.044177
-0.003454,0.131673,0.043385
0.000154,0.133190,0.046277
0.000559,0.132053,0.044201
0.001584,0.130470,0.044893
0.002795,0.130812,0.046461
0.004751,0.130446,0.044529
0.004266,0.131970,0.046375
0.007536,0.130454,0.048251
0.009461,0.131855,0.045754
0.010514,0.130935,0.045688
0.010238,0.131149,0.045382
0.014576,0.131481,0.047187
0.014727,0.131638,0.045464
0.015161,0.132473,0.047670
0.016880,0.131494,0.045806
0.016931,0.132516,0.049670
0.020570,0.130168,0.048049
0.021195,0.132233,0.046345
0.022877,0.130946,0.048895
0.023929,0.129729,0.047487
0.025849,0.130744,0.048207
0.026215,0.130928,0.048650
0.026037,0.131398,0.045450
0.028837,0.131670,0.047844
0.030091,0.130888,0.048360
0.030723,0.131677,0.049401
0.035152,0.131506,0.046338
0.033042,0.132252,0.045736
0.034618,0.132198,0.047277
0.036768,0.131260,0.045999
0.038186,0.130359,0.043430
0.040584,0.131734,0.045238
0.040811,0.130454,0.045461
0.043145,0.130785,0.043356
0.042936,0.131079,0.042248
0.045503,0.131260,0.043128
0.046579,0.130650,0.042538
0.049522,0.130490,0.041433
0.048341,0.132328,0.041288
0.051822,0.131384,0.040136
0.051572,0.131542,0.039414
0.053612,0.130329,0.038256
0.056899,0.131912,0.039848
0.055474,0.132413,0.037613
0.057399,0.130245,0.039167
0.060047,0.132612,0.038282
0.059842,0.130280,0.038021
0.062168,0.133986,0.037115
0.066466,0.129195,0.037723
0.063910,0.132478,0.039639
0.065429,0.131508,0.036743
0.067777,0.129917,0.036007
0.069330,0.133534,0.036402
0.070357,0.131424,0.036309
0.072798,0.129956,0.036498
0.072416,0.131951,0.034838
0.074099,0.131677,0.035110
0.076339,0.131943,0.034822
0.077570,0.134083,0.034816
0.079778,0.130469,0.033212
0.080211,0.131778,0.034087
0.083018,0.132468,0.031927
0.083189,0.132352,0.032705
0.084606,0.131610,0.032032
0.084387,0.131618,0.031401
0.086145,0.131321,0.029765
0.088558,0.133321,0.029334
0.090021,0.134968,0.028132
0.092710,0.130587,0.027575
0.092013,0.132507,0.025722
0.093278,0.133616,0.025091
0.093802,0.130988,0.023639
0.095954,0.133063,0.022008
0.098431,0.132020,0.021359
0.099367,0.130660,0.020850
0.100712,0.131923,0.021015
0.101986,0.130972,0.017714
0.104549,0.130255,0.016552
0.103698,0.132664,0.013885
0.108841,0.130396,0.014565
0.108228,0.131906,0.013300
0.111483,0.131845,0.010053
0.111236,0.132256,0.007777
0.112706,0.130832,0.007111
0.113892,0.131207,0.005600
0.115982,0.132885,0.005058
0.116876,0.129899,0.002152
0.119010,0.132431,0.001963
0.117557,0.132558,-0.000896
0.121723,0.133208,0.000875
0.122328,0.132021,-0.001630
0.123172,0.131225,-0.004801
0.125681,0.131836,-0.003861
0.127522,0.131143,-0.004894
0.127061,0.132546,-0.007477
0.130652,0.131711,-0.009460
0.132125,0.132828,-0.011077
0.133065,0.131413,-0.012141
0.134154,0.131993,-0.011800
0.136611,0.132440,-0.012852
0.136342,0.129843,-0.014022
0.138193,0.130748,-0.017021
0.138112,0.130658,-0.016222
0.140002,0.132181,-0.018176
0.142380,0.131895,-0.020683
0.144527,0.130721,-0.022032
0.145047,0.131200,-0.022438
0.146371,0.131121,-0.024111
0.148539,0.130903,-0.025487
0.149792,0.131659,-0.027454
0.152084,0.131436,-0.029631
0.152917,0.130525,-0.031593
0.153382,0.131301,-0.034623
0.154862,0.131756,-0.033749
0.157065,0.129988,-0.037470
0.158984,0.132623,-0.038837
0.160823,0.130745,-0.043310
0.162003,0.130542,-0.046549
0.163700,0.130993,-0.051628
0.166046,0.132846,-0.058206
-0.084660,0.132513,-0.023414
-0.081549,0.132483,-0.015651
-0.079482,0.134446,-0.007855
-0.078135,0.131645,-0.003861
-0.078734,0.132469,-0.001980
-0.076082,0.133065,0.001946
-0.072932,0.134457,0.005689
-0.074178,0.132198,0.006336
-0.070685,0.134844,0.008138
-0.069129,0.133281,0.008966
-0.069357,0.133167,0.011679
-0.068555,0.132905,0.013174
-0.065043,0.132725,0.015257
-0.066544,0.134392,0.017043
-0.064117,0.134269,0.017919
-0.059077,0.131115,0.019350
-0.060904,0.133588,0.020559
-0.058576,0.133533,0.020488
-0.056354,0.132914,0.024171
-0.055406,0.133119,0.024782
-0.055028,0.133495,0.022222
-0.053352,0.133326,0.026067
-0.051691,0.133496,0.026465
-0.050851,0.132770,0.029406
-0.047369,0.133767,0.027532
-0.046875,0.131676,0.028895
-0.045492,0.134652,0.031245
-0.043799,0.133981,0.031779
-0.044368,0.132211,0.032720
-0.042141,0.132889,0.032260
-0.041243,0.133210,0.030201
-0.038137,0.133421,0.033620
-0.037473,0.132942,0.033753
-0.035317,0.134117,0.034974
-0.034992,0.134802,0.034133
-0.033601,0.133664,0.034499
-0.032140,0.132016,0.035127
-0.029400,0.132650,0.037557
-0.028420,0.131786,0.036175
-0.028567,0.134644,0.036053
-0.029074,0.133126,0.036875
-0.025743,0.133469,0.036831
-0.023002,0.133669,0.038213
-0.023805,0.133525,0.038516
-0.022598,0.133711,0.038963
-0.018655,0.133200,0.040534
-0.017336,0.132151,0.040831
-0.017266,0.135134,0.042768
-0.014885,0.134610,0.040993
-0.012272,0.134405,0.041455
-0.011919,0.133822,0.042611
-0.011520,0.132778,0.041759
-0.009677,0.131129,0.043310
-0.008527,0.134335,0.043623
-0.008645,0.131430,0.041303
-0.007275,0.132455,0.043362
-0.004554,0.135360,0.045430
-0.003362,0.132935,0.044494
-0.002263,0.135416,0.045062
-0.000814,0.134099,0.044861
0.001043,0.132602,0.045402
0.003421,0.133555,0.044636
0.004795,0.134422,0.044919
0.005390,0.133629,0.047089
0.005252,0.133576,0.046526
0.008540,0.133004,0.045741
0.008822,0.134293,0.045532
0.010387,0.135144,0.047091
0.011456,0.133762,0.047425
0.014105,0.134154,0.049195
0.013734,0.132902,0.045627
0.016741,0.133929,0.048027
0.016728,0.134601,0.049082
0.019371,0.132710,0.047147
0.019989,0.135268,0.047877
0.022044,0.133779,0.048312
0.022341,0.135495,0.046882
0.023805,0.135451,0.048452
0.025804,0.132723,0.046659
0.025626,0.132623,0.048099
0.029894,0.133313,0.046920
0.027300,0.133682,0.045917
0.031703,0.133242,0.047469
0.032486,0.133960,0.046803
0.031918,0.132615,0.046583
0.034915,0.132151,0.045595
0.034825,0.134344,0.046049
0.037353,0.132273,0.045559
0.038967,0.132118,0.043928
0.039491,0.132814,0.045913
0.040389,0.132568,0.044848
0.044060,0.133338,0.045498
0.043959,0.132319,0.043795
0.044341,0.132184,0.042846
0.049526,0.132791,0.043197
0.048776,0.134674,0.040493
0.050209,0.132178,0.041270
0.051201,0.131689,0.041305
0.052891,0.133116,0.041583
0.054622,0.131189,0.039987
0.055978,0.133405,0.039438
0.056860,0.132474,0.038614
0.059885,0.132148,0.039696
0.059278,0.133167,0.037050
0.060237,0.132039,0.038399
0.061185,0.130530,0.039565
0.064246,0.133738,0.039226
0.064356,0.133725,0.038578
0.067993,0.134278,0.036460
0.068103,0.133708,0.036227
0.068642,0.133304,0.035350
0.071785,0.134143,0.036225
0.072748,0.133989,0.034490
0.073273,0.132964,0.035399
0.075135,0.132739,0.034940
0.076148,0.134720,0.035226
0.079342,0.132200,0.033837
0.080138,0.132595,0.035002
0.081318,0.132642,0.033681
0.080187,0.134821,0.031654
0.082357,0.134525,0.030823
0.085327,0.132583,0.030199
0.086759,0.131944,0.031769
0.086237,0.132641,0.031252
0.088978,0.134315,0.027330
0.088874,0.133219,0.028805
0.091327,0.132494,0.028509
0.093407,0.133870,0.026805
0.094138,0.132665,0.025729
0.097070,0.133929,0.022923
0.098185,0.131030,0.025386
0.097789,0.133970,0.020816
0.098958,0.134002,0.021642
0.101547,0.131309,0.017981
0.102902,0.133552,0.018700
0.103417,0.134303,0.018401
0.106255,0.132949,0.015165
0.105972,0.133169,0.014424
0.108527,0.132931,0.011070
0.110840,0.132492,0.009726
0.110475,0.132270,0.009929
0.112664,0.133334,0.007587
0.114180,0.133867,0.006152
0.115209,0.132237,0.003498
0.116724,0.133068,0.002896
0.115607,0.133162,0.002132
0.118245,0.133355,0.000288
0.120236,0.132353,-0.001271
0.122602,0.136013,-0.001714
0.122113,0.132632,-0.004273
0.125060,0.135138,-0.005457
0.126530,0.133244,-0.004378
0.127974,0.131841,-0.008741
0.129925,0.132532,-0.009068
0.129380,0.133487,-0.009414
0.131301,0.133245,-0.010570
0.134763,0.131704,-0.010742
0.135621,0.133780,-0.013653
0.136178,0.133544,-0.013533
0.137126,0.133633,-0.015446
0.139392,0.134291,-0.017541
0.140212,0.131380,-0.019638
0.141023,0.133346,-0.019153
0.144473,0.134088,-0.020664
0.145401,0.132462,-0.020812
0.147669,0.133572,-0.025341
0.148389,0.130993,-0.024666
0.148942,0.133379,-0.027291
0.152610,0.133699,-0.030301
0.152302,0.132632,-0.031582
0.154769,0.133202,-0.033900
0.155983,0.133195,-0.035189
0.159732,0.134597,-0.036901
0.159084,0.133497,-0.041386
0.158916,0.132009,-0.043781
0.162470,0.132541,-0.048106
0.162707,0.132163,-0.054759
-0.081048,0.135222,-0.016663
-0.079335,0.134286,-0.008160
-0.077685,0.134013,-0.005739
-0.077663,0.133937,-0.001601
-0.074931,0.135394,0.001563
-0.074468,0.134719,0.003452
-0.074269,0.133609,0.005801
-0.072238,0.134107,0.007903
-0.071864,0.136181,0.008994
-0.069266,0.136051,0.012394
-0.067391,0.132841,0.014065
-0.066024,0.135987,0.015278
-0.064023,0.134189,0.017872
-0.063861,0.134017,0.017750
-0.059636,0.135372,0.019189
-0.061599,0.136664,0.019994
-0.059129,0.135787,0.021438
-0.057252,0.135731,0.023352
-0.057782,0.134453,0.023480
-0.054314,0.135614,0.023944
-0.053172,0.135172,0.025514
-0.051337,0.134744,0.028202
-0.048235,0.135161,0.029364
-0.050894,0.135195,0.027743
-0.046858,0.137229,0.027155
-0.045895,0.133704,0.030921
-0.044452,0.134907,0.031768
-0.043291,0.134955,0.032034
-0.040654,0.134370,0.032704
-0.041385,0.135533,0.031829
-0.038003,0.133133,0.032718
-0.037238,0.135275,0.033893
-0.035973,0.134442,0.035585
-0.035919,0.136172,0.036326
-0.034032,0.135890,0.036259
-0.034002,0.133484,0.037367
-0.029959,0.135855,0.035002
-0.029515,0.135762,0.036865
-0.029791,0.134676,0.037063
-0.026254,0.133405,0.036467
-0.025758,0.136026,0.038520
-0.023798,0.133025,0.036794
-0.021529,0.135786,0.039231
-0.021418,0.135891,0.038152
-0.020833,0.136768,0.039347
-0.018294,0.133619,0.038645
-0.017410,0.134985,0.040315
-0.017901,0.135110,0.039719
-0.013559,0.135185,0.040872
-0.013995,0.135802,0.044233
-0.012606,0.134395,0.043438
-0.010060,0.137164,0.042499
-0.008987,0.135080,0.042921
-0.007010,0.135455,0.045031
-0.005228,0.134193,0.043218
-0.006712,0.133059,0.043439
-0.003680,0.133381,0.042902
-0.000098,0.134848,0.044045
0.000846,0.134595,0.045379
0.000310,0.135686,0.045422
0.001622,0.134909,0.046418
0.001065,0.134067,0.046977
0.006043,0.136014,0.044615
0.005285,0.134959,0.046926
0.008094,0.134130,0.049140
0.006670,0.133407,0.049076
0.010530,0.134531,0.045559
0.010986,0.135312,0.045348
0.012712,0.134810,0.046971
0.015265,0.134077,0.048688
0.016634,0.135352,0.048710
0.017241,0.134990,0.048605
0.019530,0.136110,0.046668
0.020792,0.135469,0.048507
0.022028,0.135392,0.048352
0.024016,0.134900,0.048609
0.024246,0.133831,0.048749
0.024670,0.136053,0.048588
0.026855,0.135639,0.046716
0.028484,0.134528,0.047893
0.029916,0.133444,0.047300
0.029122,0.134685,0.048494
0.032742,0.135790,0.047581
0.035220,0.134932,0.048659
0.034746,0.134981,0.046323
0.036349,0.135968,0.046693
0.037903,0.134262,0.045429
0.039428,0.134136,0.044864
0.039303,0.134406,0.044353
0.041291,0.136977,0.044587
0.043037,0.133907,0.043193
0.043199,0.135583,0.044163
0.045534,0.134800,0.045187
0.046749,0.135683,0.043673
0.049189,0.134144,0.041698
0.049855,0.134242,0.039684
0.050704,0.134853,0.040628
0.053762,0.135653,0.041377
0.053527,0.135104,0.039327
0.054051,0.134387,0.039776
0.055021,0.135321,0.038478
0.058534,0.135701,0.038968
0.058374,0.136107,0.038812
0.061203,0.134133,0.038438
0.062327,0.134443,0.039403
0.064995,0.133817,0.038703
0.064067,0.134974,0.037053
0.066379,0.133791,0.038550
0.067056,0.133744,0.038257
0.070191,0.134458,0.037666
0.070141,0.135813,0.036090
0.071757,0.133394,0.034826
0.075291,0.133673,0.034276
0.075299,0.135022,0.034887
0.077763,0.136353,0.034091
0.077947,0.134416,0.032337
0.079868,0.135162,0.034556
0.079658,0.134964,0.034979
0.080904,0.134335,0.033587
0.083632,0.135500,0.030720
0.085030,0.135138,0.031938
0.085591,0.134628,0.032194
0.085783,0.133458,0.030812
0.088799,0.132664,0.029571
0.088593,0.136763,0.028734
0.091965,0.136103,0.025947
0.093161,0.134948,0.027411
0.093391,0.136283,0.025627
0.094939,0.134117,0.027385
0.097876,0.135106,0.023440
0.098225,0.135408,0.022381
0.099820,0.134899,0.019892
0.100395,0.136325,0.019683
0.101223,0.135900,0.018960
0.104054,0.135016,0.016592
0.102810,0.135202,0.014803
0.108624,0.135428,0.014134
0.109362,0.135908,0.010409
0.109470,0.134856,0.009499
0.110813,0.133322,0.008633
0.112259,0.134182,0.005582
0.115590,0.134114,0.005752
0.115887,0.135415,0.004714
0.116770,0.134859,0.004497
0.118917,0.134785,0.003266
0.119842,0.133567,0.000325
0.122180,0.134722,-0.001664
0.122100,0.134839,-0.001187
0.123907,0.135210,-0.003463
0.124404,0.135187,-0.005502
0.127023,0.136009,-0.006413
0.127222,0.135788,-0.007204
0.130223,0.133477,-0.009928
0.130954,0.134873,-0.010221
0.133439,0.135946,-0.009700
0.136839,0.133970,-0.014722
0.134648,0.133965,-0.012938
0.136435,0.135868,-0.014706
0.137207,0.136053,-0.015583
0.139601,0.133276,-0.016167
0.141066,0.135066,-0.017964
0.143660,0.135380,-0.020472
0.141335,0.134222,-0.022777
0.143403,0.136022,-0.023878
0.146820,0.134736,-0.024705
0.148734,0.133587,-0.026595
0.149486,0.136737,-0.026505
0.151146,0.134661,-0.029370
0.153759,0.133847,-0.031807
0.152638,0.135292,-0.034010
0.155974,0.134091,-0.034015
0.158471,0.134957,-0.038062
0.158993,0.134969,-0.041046
0.163226,0.134962,-0.044853
0.162576,0.134426,-0.048884
0.164803,0.135243,-0.056673
-0.081212,0.135596,-0.017682
-0.080438,0.135541,-0.009459
-0.078006,0.137174,-0.005838
-0.078406,0.137887,-0.000698
-0.075571,0.137446,0.000700
-0.074562,0.137597,0.004209
-0.072383,0.136586,0.005275
-0.072081,0.136014,0.007275
-0.071895,0.137474,0.009595
-0.069916,0.135462,0.012245
-0.067327,0.134777,0.012804
-0.066027,0.136408,0.017403
-0.063827,0.137351,0.016071
-0.062244,0.137486,0.019068
-0.063985,0.135884,0.020420
-0.060461,0.136296,0.021633
-0.059520,0.134858,0.024321
-0.057770,0.134584,0.022991
-0.058013,0.138249,0.022431
-0.053271,0.135059,0.024852
-0.053772,0.136210,0.027625
-0.053172,0.137894,0.028314
-0.051135,0.137326,0.028382
-0.049064,0.136361,0.029638
-0.048356,0.135718,0.027375
-0.046265,0.136511,0.031678
-0.044324,0.136406,0.032230
-0.044756,0.135483,0.031915
-0.041617,0.136150,0.032125
-0.041049,0.134922,0.033735
-0.038489,0.136288,0.035016
-0.037388,0.136347,0.034694
-0.036599,0.135988,0.033446
-0.035461,0.136924,0.034780
-0.032994,0.138041,0.036331
-0.031352,0.136695,0.035402
-0.031498,0.134581,0.034973
-0.029361,0.135994,0.037939
-0.027643,0.135155,0.036460
-0.027839,0.135588,0.039624
-0.026170,0.135875,0.039323
-0.023628,0.138250,0.038123
-0.023337,0.136618,0.040519
-0.021234,0.135396,0.040091
-0.021004,0.134567,0.039203
-0.016813,0.135840,0.040027
-0.015728,0.136225,0.038921
-0.016614,0.137710,0.040803
-0.013624,0.138224,0.040939
-0.014447,0.138095,0.042625
-0.012544,0.137461,0.042360
-0.012033,0.136729,0.043645
-0.009843,0.137151,0.043388
-0.008354,0.135716,0.043261
-0.006878,0.137742,0.045272
-0.003281,0.135512,0.043426
-0.003618,0.136447,0.045087
0.000006,0.137362,0.044456
-0.000168,0.136123,0.045505
0.000908,0.135323,0.045918
0.001409,0.136143,0.045560
0.004422,0.136528,0.047467
0.004037,0.135844,0.045877
0.005531,0.135374,0.048759
0.008187,0.135125,0.046657
0.008574,0.137366,0.047833
0.011391,0.136440,0.048668
0.011753,0.137377,0.047729
0.012828,0.135962,0.046931
0.013598,0.136825,0.049332
0.016202,0.134768,0.049414
0.016934,0.135345,0.048063
0.017193,0.135912,0.048180
0.020307,0.135139,0.049018
0.024296,0.135201,0.050195
0.023814,0.138049,0.049599
0.024803,0.136697,0.048068
0.024939,0.137799,0.049113
0.025941,0.137466,0.048031
0.029424,0.135187,0.048637
0.031142,0.136691,0.050213
0.030533,0.136295,0.050195
0.032668,0.135735,0.047252
0.031953,0.137161,0.047767
0.034899,0.136482,0.046819
0.036449,0.135509,0.047964
0.036874,0.137967,0.047792
0.039679,0.136875,0.046759
0.041471,0.135422,0.046520
0.040665,0.135226,0.044442
0.041749,0.136591,0.046633
0.045948,0.137031,0.044132
0.046423,0.136715,0.045161
0.047446,0.135781,0.043971
0.047634,0.137533,0.043333
0.050751,0.136950,0.040919
0.049897,0.134937,0.041529
0.052617,0.135376,0.041356
0.053050,0.136966,0.040829
0.053511,0.136584,0.039779
0.057408,0.134291,0.038292
0.058693,0.137447,0.038397
0.060764,0.136877,0.040196
0.060456,0.136724,0.037950
0.061589,0.137774,0.038862
0.063731,0.135845,0.038252
0.065811,0.135767,0.039941
0.068427,0.135860,0.035945
0.067541,0.139377,0.038280
0.067533,0.136641,0.038052
0.070557,0.135405,0.036967
0.072922,0.136660,0.036679
0.073395,0.135484,0.034613
0.076188,0.136673,0.036796
0.075166,0.136940,0.036180
0.077537,0.135527,0.035135
0.076317,0.135609,0.033959
0.079868,0.136092,0.034384
0.081292,0.137145,0.033717
0.083198,0.136116,0.032822
0.082343,0.136640,0.030518
0.085958,0.133667,0.031643
0.087149,0.135678,0.029531
0.089070,0.136966,0.028335
0.089023,0.134679,0.029712
0.091618,0.136240,0.028613
0.094801,0.137450,0.026434
0.092444,0.135159,0.026241
0.094852,0.136346,0.023497
0.097115,0.135095,0.022579
0.100202,0.135538,0.023083
0.099751,0.135803,0.021090
0.102217,0.137521,0.019170
0.102741,0.134941,0.018879
0.102564,0.134531,0.015605
0.104806,0.137272,0.015136
0.107351,0.136283,0.013607
0.108519,0.137440,0.012539
0.108820,0.135827,0.011771
0.112447,0.136323,0.008093
0.114975,0.136924,0.009933
0.115631,0.138223,0.006857
0.113030,0.135020,0.005251
0.116789,0.135688,0.003808
0.117687,0.137105,0.002764
0.120694,0.134049,0.001883
0.121105,0.135698,-0.000259
0.124057,0.135950,-0.002759
0.123303,0.135557,-0.003111
0.125024,0.136766,-0.004202
0.126462,0.135701,-0.006998
0.130538,0.135494,-0.006551
0.130969,0.136120,-0.008767
0.131219,0.135812,-0.008846
0.133080,0.137938,-0.012994
0.136261,0.134884,-0.013051
0.134442,0.136724,-0.012338
0.137156,0.136313,-0.014363
0.138049,0.135779,-0.015438
0.138762,0.134762,-0.016800
0.140958,0.136908,-0.020610
0.142176,0.134437,-0.021003
0.144964,0.134646,-0.022021
0.145258,0.136002,-0.023077
0.148532,0.136903,-0.025893
0.149558,0.136121,-0.026897
0.151338,0.136437,-0.027493
0.150646,0.138384,-0.031289
0.152680,0.136454,-0.033377
0.154175,0.135939,-0.033338
0.155358,0.135397,-0.038744
0.157195,0.134444,-0.039655
0.157160,0.136591,-0.041417
0.160157,0.134923,-0.045777
0.163499,0.135975,-0.051914
0.162562,0.135826,-0.058655
-0.083617,0.138225,-0.019718
-0.081582,0.137321,-0.009966
-0.079113,0.138422,-0.004929
-0.078882,0.138498,-0.002545
-0.076609,0.140073,-0.000446
-0.074460,0.137175,0.004573
-0.073599,0.136171,0.007076
-0.071870,0.139542,0.009073
-0.070051,0.137946,0.010511
-0.068461,0.137385,0.012841
-0.067887,0.136535,0.014636
-0.065248,0.138103,0.016489
-0.065641,0.138067,0.017162
-0.064814,0.138561,0.018115
-0.060729,0.138858,0.020654
-0.059577,0.137646,0.021729
-0.059614,0.138553,0.021020
-0.057631,0.139447,0.025307
-0.056847,0.139382,0.024121
-0.053528,0.138518,0.026086
-0.052940,0.136566,0.028036
-0.052399,0.137997,0.028961
-0.051763,0.136877,0.028335
-0.048237,0.139002,0.029784
-0.047052,0.137931,0.029570
-0.046395,0.139156,0.031165
-0.046268,0.137754,0.032589
-0.043243,0.138061,0.032749
-0.040789,0.137405,0.033830
-0.040162,0.137469,0.033018
-0.039966,0.139221,0.034144
-0.038990,0.137920,0.035807
-0.036874,0.136551,0.036461
-0.035407,0.137077,0.035255
-0.032672,0.137773,0.035813
-0.031903,0.137894,0.036602
-0.031298,0.137253,0.038217
-0.030033,0.139530,0.036696
-0.027792,0.136547,0.037526
-0.026652,0.139035,0.036881
-0.027370,0.137090,0.037967
-0.022229,0.138463,0.037390
-0.022039,0.139658,0.039883
-0.019840,0.139073,0.039939
-0.020483,0.138305,0.042430
-0.018714,0.136794,0.040453
-0.016254,0.138301,0.040492
-0.015731,0.137420,0.040448
-0.014001,0.138119,0.041947
-0.013393,0.138224,0.043246
-0.012089,0.138490,0.043978
-0.008765,0.136604,0.043020
-0.009051,0.138269,0.043300
-0.009551,0.137912,0.045465
-0.006924,0.139429,0.043873
-0.006069,0.136179,0.045730
-0.004223,0.137411,0.045004
-0.002153,0.138247,0.045909
-0.000199,0.139325,0.044682
0.000530,0.138364,0.046077
0.003048,0.136940,0.045470
0.003109,0.137142,0.047168
0.003342,0.139276,0.048571
0.006176,0.136587,0.048566
0.008309,0.137926,0.047563
0.008258,0.137999,0.049242
0.009190,0.138529,0.046312
0.012419,0.138465,0.047017
0.011458,0.138013,0.047322
0.014371,0.136163,0.049683
0.016101,0.138787,0.049396
0.017694,0.135939,0.048951
0.020615,0.138308,0.049979
0.018782,0.138768,0.048288
0.022136,0.138174,0.048633
0.021614,0.138732,0.050053
0.025185,0.138157,0.050023
0.024743,0.137778,0.049049
0.027642,0.138929,0.048313
0.029218,0.139655,0.049331
0.028461,0.137282,0.050346
0.030246,0.136980,0.049247
0.032194,0.137869,0.049237
0.034016,0.138856,0.048219
0.034952,0.137863,0.047019
0.037602,0.137801,0.046736
0.037279,0.137439,0.046423
0.038647,0.136364,0.046675
0.039940,0.136279,0.043996
0.040320,0.137099,0.044083
0.041999,0.136404,0.044665
0.043882,0.136987,0.044941
0.045396,0.139087,0.042438
0.046988,0.139466,0.044624
0.049144,0.139114,0.044224
0.050515,0.137542,0.042071
0.050485,0.138038,0.042409
0.053260,0.138214,0.040855
0.052142,0.138400,0.040978
0.054164,0.138610,0.040817
0.057839,0.137874,0.040248
0.054464,0.137799,0.039591
0.057643,0.137737,0.039699
0.060729,0.139019,0.040143
0.061822,0.138418,0.038715
0.064599,0.138648,0.037483
0.065738,0.137900,0.038893
0.064899,0.139281,0.039790
0.068044,0.138412,0.038275
0.068652,0.137940,0.038107
0.069660,0.138761,0.035642
0.070284,0.137074,0.036166
0.075359,0.139266,0.035613
0.075947,0.136693,0.035684
0.075250,0.138680,0.034683
0.078407,0.139535,0.034432
0.077428,0.137506,0.035526
0.078363,0.138333,0.034807
0.083221,0.138762,0.034452
0.081459,0.137181,0.032950
0.083408,0.137494,0.030540
0.084463,0.137658,0.030502
0.087344,0.138292,0.029630
0.088057,0.138354,0.030629
0.090592,0.138696,0.027951
0.091071,0.137594,0.025247
0.092206,0.137372,0.025737
0.093476,0.138692,0.027375
0.094885,0.137643,0.023235
0.097388,0.137302,0.023175
0.099496,0.138069,0.021388
0.100109,0.136305,0.020676
0.101224,0.140542,0.018174
0.102816,0.139171,0.016661
0.104026,0.136524,0.015552
0.105430,0.137762,0.015450
0.107398,0.138673,0.013801
0.110488,0.138296,0.011628
0.110205,0.137594,0.010386
0.109815,0.136556,0.009536
0.112698,0.137718,0.006687
0.113980,0.139568,0.006419
0.114206,0.137915,0.005113
0.116623,0.138721,0.003840
0.117969,0.138804,-0.000000
0.120926,0.138997,0.000739
0.120753,0.138899,-0.001300
0.121520,0.138429,-0.002266
0.124290,0.137983,-0.004937
0.125379,0.138418,-0.006432
0.125954,0.139005,-0.008207
0.128626,0.137242,-0.008251
0.128737,0.138321,-0.009415
0.130209,0.140002,-0.009217
0.132841,0.137184,-0.012149
0.131542,0.138182,-0.012398
0.137061,0.135744,-0.011025
0.137431,0.139050,-0.015165
0.139606,0.136342,-0.014903
0.140691,0.137339,-0.016833
0.141909,0.138469,-0.018522
0.141464,0.138928,-0.022604
0.146216,0.138075,-0.022263
0.144144,0.137975,-0.025629
0.146115,0.137286,-0.025721
0.149454,0.137408,-0.026016
0.150260,0.136421,-0.028804
0.151137,0.137488,-0.030901
0.151713,0.138581,-0.033499
0.154788,0.138658,-0.034675
0.156011,0.138354,-0.038545
0.158112,0.138445,-0.041272
0.160331,0.138445,-0.042538
0.161168,0.137390,-0.050322
0.162001,0.139484,-0.056477
-0.083973,0.139988,-0.020447
-0.079151,0.138945,-0.012347
-0.076914,0.139015,-0.006137
-0.075873,0.138261,-0.002038
-0.076996,0.139992,-0.001293
-0.073257,0.140914,0.004301
-0.074384,0.137207,0.006336
-0.072435,0.140475,0.010409
-0.069957,0.141239,0.010498
-0.069421,0.138615,0.011629
-0.068016,0.141003,0.014046
-0.065475,0.137819,0.016548
-0.065483,0.138760,0.018257
-0.063200,0.139204,0.019190
-0.061072,0.138991,0.020349
-0.060988,0.139244,0.021401
-0.059464,0.140164,0.022776
-0.058689,0.139427,0.023433
-0.056339,0.139786,0.025528
-0.054964,0.140893,0.026907
-0.053306,0.139553,0.026896
-0.050424,0.138768,0.029021
-0.048604,0.138161,0.029537
-0.049834,0.140059,0.030399
-0.047886,0.137981,0.032174
-0.046676,0.139570,0.033250
-0.043583,0.140658,0.030568
-0.044287,0.139626,0.031740
-0.040475,0.139698,0.033930
-0.039622,0.139830,0.034882
-0.038352,0.139159,0.033978
-0.037565,0.139453,0.034091
-0.035637,0.139384,0.035666
-0.033639,0.138268,0.035392
-0.032294,0.138453,0.035507
-0.031108,0.139030,0.038438
-0.032704,0.139546,0.038240
-0.032389,0.141643,0.035826
-0.026638,0.138875,0.036758
-0.026744,0.138786,0.038598
-0.025768,0.138633,0.038665
-0.024950,0.140691,0.039526
-0.023834,0.137881,0.039883
-0.021184,0.140661,0.041619
-0.019403,0.139718,0.041523
-0.018914,0.139080,0.042353
-0.017552,0.141334,0.042262
-0.016393,0.140378,0.043086
-0.014410,0.141351,0.044159
-0.013806,0.138895,0.042075
-0.013465,0.139833,0.043872
-0.009417,0.139451,0.043987
-0.010006,0.140823,0.044141
-0.007963,0.140677,0.045288
-0.007223,0.139784,0.045111
-0.003996,0.139468,0.046229
-0.002271,0.141131,0.044402
-0.001710,0.139330,0.044611
-0.001303,0.139113,0.045815
0.000274,0.138836,0.047464
0.002181,0.138917,0.047122
0.004605,0.139616,0.047587
0.004224,0.138242,0.047755
0.007536,0.140269,0.046749
0.004864,0.140551,0.048040
0.008233,0.140292,0.046106
0.009700,0.137980,0.049420
0.010984,0.141612,0.049132
0.015471,0.139933,0.048918
0.014263,0.141646,0.049898
0.016369,0.140411,0.050629
0.017206,0.140257,0.051900
0.018406,0.140019,0.049164
0.021033,0.140501,0.049815
0.021595,0.140261,0.048749
0.021292,0.140291,0.048995
0.023133,0.139062,0.048503
0.024176,0.139217,0.047808
0.027436,0.139394,0.048247
0.027383,0.139347,0.048492
0.028492,0.140849,0.049417
0.030633,0.138830,0.049457
0.032352,0.139768,0.048833
0.035315,0.140316,0.047133
0.035422,0.138751,0.047514
0.035521,0.140279,0.047332
0.037403,0.140171,0.047052
0.039601,0.139047,0.046341
0.042257,0.141270,0.047807
0.041562,0.140666,0.045742
0.042998,0.139131,0.044569
0.044327,0.140393,0.044781
0.044329,0.139811,0.043423
0.049133,0.138879,0.043185
0.047834,0.139652,0.043628
0.050628,0.138190,0.043255
0.052692,0.140517,0.041958
0.053232,0.138913,0.042275
0.053056,0.140564,0.042037
0.054076,0.137452,0.041025
0.056778,0.141140,0.043211
0.058445,0.139544,0.042573
0.059348,0.139526,0.040643
0.060055,0.139676,0.039195
0.063468,0.139655,0.038424
0.064314,0.139678,0.038326
0.066299,0.138198,0.039057
0.065926,0.138802,0.038175
0.068749,0.139003,0.036730
0.069245,0.138796,0.036872
0.071406,0.139927,0.036697
0.070563,0.140612,0.038097
0.072965,0.139328,0.036494
0.075826,0.139721,0.037900
0.076981,0.138919,0.037322
0.076255,0.139016,0.034772
0.077880,0.138712,0.031186
0.082588,0.139698,0.033424
0.083825,0.138773,0.035072
0.082053,0.139363,0.032874
0.086982,0.138214,0.031391
0.084839,0.139966,0.031194
0.086217,0.137480,0.030795
0.087761,0.140306,0.029191
0.088999,0.139991,0.028647
0.090833,0.140478,0.027918
0.091532,0.138944,0.025553
0.092089,0.139905,0.024658
0.095423,0.140013,0.022987
0.097540,0.138572,0.022701
0.098360,0.140511,0.021390
0.100653,0.139467,0.020253
0.101132,0.139783,0.018697
0.102650,0.138871,0.019221
0.104514,0.137865,0.016073
0.105202,0.139181,0.015540
0.107415,0.139082,0.014707
0.106784,0.139382,0.011939
0.109551,0.138821,0.010993
0.109167,0.140458,0.009156
0.111455,0.138055,0.009584
0.113542,0.138405,0.004513
0.116140,0.139696,0.005006
0.116595,0.138689,0.003277
0.118639,0.139468,0.001594
0.120409,0.140939,-0.000980
0.120808,0.138641,-0.002765
0.121584,0.136842,-0.003784
0.123982,0.140211,-0.003388
0.125263,0.139516,-0.008322
0.128629,0.138960,-0.007621
0.127637,0.139734,-0.007986
0.130838,0.139460,-0.010117
0.131024,0.139658,-0.010416
0.131631,0.139419,-0.011313
0.134356,0.140220,-0.011975
0.135312,0.139676,-0.014627
0.136883,0.141163,-0.013062
0.139045,0.138498,-0.018188
0.140109,0.139283,-0.018402
0.140608,0.137821,-0.018630
0.142358,0.139511,-0.020511
0.144261,0.140175,-0.023339
0.146150,0.138838,-0.024982
0.146035,0.139702,-0.025489
0.148156,0.139878,-0.028784
0.150601,0.139185,-0.030271
0.152407,0.139792,-0.029912
0.152746,0.141039,-0.034026
0.156320,0.140011,-0.035759
0.155568,0.139223,-0.039571
0.157396,0.137211,-0.040432
0.159602,0.139145,-0.046112
0.161895,0.141137,-0.052261
0.160279,0.141554,-0.058107
-0.080247,0.139369,-0.012613
-0.079218,0.142380,-0.007687
-0.078264,0.142497,-0.002285
-0.074994,0.141220,0.000976
-0.073113,0.141330,0.002921
-0.073997,0.140850,0.005300
-0.070506,0.140467,0.009121
-0.069674,0.141486,0.010395
-0.068121,0.141018,0.014348
-0.066856,0.140522,0.013917
-0.066250,0.140170,0.016960
-0.062985,0.143063,0.017913
-0.063861,0.141170,0.019215
-0.061082,0.142582,0.021061
-0.058910,0.143116,0.023138
-0.059845,0.140841,0.024439
-0.058205,0.139479,0.024695
-0.057214,0.141579,0.024700
-0.052976,0.142369,0.027107
-0.054906,0.139495,0.029632
-0.050520,0.142402,0.028943
-0.051698,0.141521,0.028136
-0.048294,0.141285,0.030609
-0.049444,0.141497,0.031646
-0.047304,0.142375,0.031141
-0.045221,0.141361,0.034018
-0.043042,0.139910,0.032015
-0.042299,0.140155,0.032985
-0.040070,0.141984,0.033580
-0.039977,0.142168,0.034777
-0.039938,0.141519,0.036461
-0.037298,0.140648,0.037505
-0.035903,0.139775,0.036522
-0.033951,0.141572,0.037255
-0.032342,0.140882,0.038345
-0.030674,0.141154,0.037487
-0.028465,0.143795,0.039420
-0.027788,0.141478,0.037545
-0.026934,0.140580,0.039168
-0.025386,0.140079,0.040501
-0.024711,0.139351,0.040115
-0.021405,0.140289,0.038217
-0.022242,0.141312,0.041103
-0.018632,0.139228,0.040813
-0.019409,0.140651,0.040721
-0.018178,0.140145,0.041060
-0.015279,0.141787,0.042509
-0.015945,0.140224,0.042513
-0.012350,0.141183,0.042547
-0.011829,0.139477,0.044644
-0.009992,0.141762,0.044249
-0.009093,0.140583,0.044151
-0.008301,0.139769,0.046935
-0.005401,0.140021,0.044491
-0.005514,0.142354,0.043867
-0.003834,0.141122,0.044782
-0.002518,0.140799,0.045324
0.000901,0.143205,0.045587
0.000713,0.142527,0.047453
0.001176,0.142603,0.046895
0.000819,0.140993,0.048476
0.005480,0.141036,0.046061
0.008045,0.141395,0.046983
0.007807,0.143330,0.048712
0.008313,0.141306,0.047649
0.012319,0.140314,0.047892
0.012818,0.140611,0.048242
0.013773,0.141004,0.048585
0.014398,0.141376,0.048814
0.015107,0.141235,0.049574
0.016961,0.139857,0.049223
0.019383,0.141858,0.048428
0.021440,0.143122,0.049352
0.021352,0.142147,0.048656
0.022430,0.143029,0.049795
0.024193,0.139501,0.047260
0.025721,0.140210,0.049488
0.025355,0.141390,0.047405
0.028820,0.140539,0.049243
0.030087,0.139378,0.048393
0.029920,0.140177,0.049536
0.034302,0.140540,0.049441
0.030352,0.140875,0.048261
0.035799,0.139982,0.048676
0.037861,0.140205,0.045767
0.035076,0.140723,0.047359
0.038455,0.142951,0.046703
0.042059,0.141570,0.046838
0.043306,0.141256,0.046764
0.043702,0.140063,0.046719
0.044837,0.140836,0.044502
0.046557,0.142376,0.047581
0.046109,0.142718,0.043329
0.048838,0.140191,0.045195
0.049241,0.140253,0.043327
0.052045,0.141473,0.044946
0.051586,0.139827,0.041570
0.054845,0.141708,0.041013
0.056722,0.139687,0.043301
0.057007,0.141767,0.040829
0.058773,0.140401,0.040688
0.059843,0.140505,0.040107
0.061035,0.141096,0.037570
0.063482,0.141365,0.040657
0.064705,0.140471,0.039114
0.065333,0.140822,0.039306
0.065120,0.141007,0.037883
0.066161,0.141512,0.037383
0.068012,0.142289,0.036388
0.068913,0.142422,0.037124
0.072642,0.142072,0.035494
0.075354,0.140830,0.038130
0.073249,0.140294,0.034598
0.076431,0.141933,0.034854
0.076387,0.141959,0.036495
0.077770,0.141803,0.034603
0.080740,0.140858,0.033528
0.080907,0.140539,0.033541
0.084447,0.142061,0.032173
0.083514,0.140832,0.032117
0.085829,0.139084,0.031620
0.084920,0.140467,0.028178
0.087105,0.140925,0.028700
0.089485,0.141296,0.028324
0.090789,0.141077,0.028659
0.093104,0.141626,0.025099
0.091900,0.140306,0.024482
0.093786,0.141295,0.024284
0.097138,0.140634,0.022870
0.098140,0.143880,0.021984
0.098342,0.141157,0.020576
0.101794,0.140557,0.019105
0.103050,0.142896,0.017813
0.104574,0.142153,0.015605
0.105318,0.140714,0.015404
0.107450,0.142663,0.012178
0.108703,0.140326,0.010970
0.109312,0.140024,0.010154
0.110983,0.140246,0.008491
0.112693,0.139924,0.007497
0.114160,0.142077,0.003416
0.115635,0.142308,0.005552
0.117166,0.142279,0.001882
0.119367,0.141623,0.001260
0.117647,0.141007,-0.000735
0.121184,0.141390,-0.001225
0.121699,0.141886,-0.001876
0.125245,0.140684,-0.005088
0.124272,0.139464,-0.003938
0.127271,0.142737,-0.006763
0.127731,0.140893,-0.007478
0.129373,0.141768,-0.008851
0.131868,0.139454,-0.010495
0.131920,0.141751,-0.011217
0.133484,0.140990,-0.013164
0.134821,0.140856,-0.013265
0.138720,0.142719,-0.015815
0.139142,0.138847,-0.016426
0.141138,0.142043,-0.016736
0.141812,0.140446,-0.020542
0.143905,0.141526,-0.020399
0.145353,0.139261,-0.022969
0.144652,0.142712,-0.025166
0.146634,0.139131,-0.025731
0.148653,0.141360,-0.027160
0.150313,0.139696,-0.029821
0.153321,0.141092,-0.029780
0.154460,0.143055,-0.034702
0.154975,0.141337,-0.037322
0.155316,0.141150,-0.039111
0.159366,0.141521,-0.041922
0.158381,0.142295,-0.047632
0.159688,0.140919,-0.052911
-0.080591,0.141833,-0.014103
-0.080255,0.144666,-0.006278
-0.077038,0.140551,-0.003137
-0.075251,0.142830,0.001596
-0.076520,0.143867,0.005312
-0.071739,0.143232,0.007189
-0.068854,0.142943,0.008486
-0.070887,0.143113,0.010086
-0.069039,0.143632,0.014249
-0.067285,0.143222,0.014176
-0.065513,0.143044,0.016016
-0.063735,0.142868,0.018525
-0.062118,0.142889,0.019654
-0.062297,0.142063,0.021113
-0.058965,0.144105,0.019500
-0.057762,0.143041,0.023219
-0.058031,0.143147,0.025817
-0.056256,0.144554,0.026273
-0.052789,0.143268,0.026916
-0.053987,0.142351,0.029102
-0.051041,0.142523,0.028692
-0.051527,0.142902,0.029192
-0.047870,0.143088,0.032143
-0.048961,0.142332,0.033632
-0.046932,0.144258,0.031894
-0.045558,0.141827,0.034297
-0.043466,0.142137,0.033685
-0.042255,0.142080,0.035109
-0.041428,0.143045,0.035155
-0.039243,0.142066,0.035311
-0.037964,0.142137,0.035243
-0.036204,0.142032,0.035262
-0.033747,0.141853,0.034941
-0.034465,0.141611,0.037195
-0.032037,0.142111,0.038678
-0.029675,0.141443,0.039159
-0.030200,0.142377,0.038529
-0.028789,0.141553,0.037962
-0.025034,0.142031,0.040615
-0.024290,0.142167,0.039038
-0.025157,0.142916,0.040186
-0.022356,0.141273,0.039906
-0.020918,0.144639,0.039271
-0.020018,0.142645,0.041567
-0.019768,0.144188,0.041792
-0.016476,0.144549,0.043541
-0.015490,0.142371,0.043671
-0.015152,0.142503,0.043082
-0.013706,0.143491,0.044356
-0.012705,0.143631,0.044241
-0.009594,0.142917,0.042907
-0.010011,0.141871,0.045123
-0.009764,0.144342,0.047905
-0.005507,0.141890,0.044801
-0.006731,0.142851,0.044812
-0.002418,0.142653,0.047810
-0.001235,0.143199,0.046844
-0.000816,0.142466,0.045437
0.001084,0.142870,0.046732
0.001388,0.143375,0.045044
0.005565,0.143153,0.048245
0.006209,0.141775,0.048047
0.005877,0.141119,0.046873
0.006016,0.142557,0.048634
0.008705,0.143325,0.046525
0.010057,0.142878,0.049835
0.012160,0.141462,0.049540
0.013545,0.142637,0.049040
0.015516,0.144786,0.051255
0.016035,0.141905,0.048239
0.017585,0.141213,0.049315
0.017946,0.142087,0.047334
0.020971,0.144194,0.050464
0.020966,0.141633,0.050159
0.022083,0.143513,0.048937
0.023067,0.141955,0.048933
0.026641,0.141922,0.051005
0.028581,0.141700,0.050468
0.027236,0.144366,0.049756
0.030424,0.142589,0.049361
0.030912,0.143674,0.047704
0.031589,0.142561,0.047975
0.034399,0.143205,0.046894
0.032762,0.142402,0.049493
0.036428,0.142700,0.047834
0.037006,0.141803,0.047734
0.038731,0.142546,0.046329
0.041417,0.142228,0.045850
0.041796,0.143318,0.045840
0.042150,0.143258,0.047188
0.043414,0.143442,0.046673
0.045555,0.141462,0.045763
0.047887,0.145595,0.046210
0.049361,0.143452,0.043594
0.049933,0.142424,0.043701
0.052410,0.142942,0.042494
0.053737,0.144074,0.042279
0.052737,0.141888,0.041603
0.055465,0.142711,0.043957
0.058649,0.141571,0.041933
0.057651,0.141527,0.041598
0.057603,0.143217,0.041518
0.061949,0.143946,0.039602
0.062001,0.143256,0.041054
0.064147,0.143264,0.039174
0.064369,0.141226,0.039534
0.066404,0.143376,0.040268
0.066908,0.142035,0.037510
0.069569,0.143623,0.038190
0.070371,0.141473,0.037460
0.072395,0.141995,0.037640
0.073057,0.141330,0.037888
0.074653,0.142049,0.036452
0.074667,0.142341,0.036992
0.076558,0.141125,0.034860
0.079245,0.140669,0.035017
0.078543,0.142270,0.035422
0.082146,0.144421,0.031871
0.083587,0.143083,0.031999
0.084494,0.140976,0.031621
0.087415,0.142578,0.030302
0.087574,0.143940,0.030410
0.088591,0.141702,0.028695
0.090832,0.142184,0.027949
0.089615,0.143083,0.027902
0.091945,0.142999,0.026008
0.094750,0.142553,0.026389
0.096422,0.142411,0.023894
0.096268,0.141484,0.022220
0.100307,0.142891,0.021358
0.099800,0.142420,0.020353
0.099568,0.142857,0.018416
0.102608,0.143713,0.018211
0.101786,0.142640,0.017449
0.105066,0.140584,0.016208
0.106321,0.142118,0.010910
0.109176,0.143943,0.012084
0.111324,0.141817,0.011271
0.110507,0.143501,0.007447
0.112166,0.141859,0.007825
0.114190,0.143776,0.005426
0.113915,0.143594,0.001378
0.119469,0.142640,0.001192
0.119313,0.140851,0.001027
0.118498,0.144466,0.001009
0.121291,0.142777,-0.001340
0.123537,0.141579,-0.002856
0.124323,0.143469,-0.005028
0.125961,0.143606,-0.005746
0.126088,0.142739,-0.007968
0.127882,0.142379,-0.008533
0.129072,0.142483,-0.008821
0.132652,0.144058,-0.012355
0.133241,0.141831,-0.013406
0.131564,0.141506,-0.014783
0.134772,0.141363,-0.016004
0.135976,0.143124,-0.014935
0.139181,0.142772,-0.015093
0.140686,0.142172,-0.019123
0.141866,0.140776,-0.020829
0.143296,0.143361,-0.022509
0.144759,0.142185,-0.023864
0.144654,0.142184,-0.025700
0.149034,0.142707,-0.027901
0.147122,0.142565,-0.028768
0.150791,0.142318,-0.030449
0.151818,0.144958,-0.032863
0.152109,0.143744,-0.035318
0.154290,0.142355,-0.038094
0.157436,0.141392,-0.041391
0.157463,0.143561,-0.045465
0.158395,0.143159,-0.050662
0.159733,0.142073,-0.056853
-0.082835,0.144622,-0.013948
-0.079349,0.141960,-0.006889
-0.079208,0.145233,-0.002708
-0.076865,0.144691,0.000841
-0.072469,0.143396,0.004620
-0.072592,0.144494,0.006276
-0.071681,0.142898,0.008515
-0.071479,0.144854,0.011131
-0.068996,0.142467,0.013355
-0.066487,0.145959,0.016567
-0.065583,0.144570,0.016307
-0.065751,0.144217,0.016626
-0.063223,0.145026,0.021009
-0.060945,0.143649,0.020054
-0.061190,0.142674,0.023342
-0.057144,0.145824,0.022615
-0.058783,0.144258,0.025095
-0.057085,0.143961,0.026210
-0.054109,0.145365,0.028783
-0.053788,0.144004,0.028129
-0.049845,0.144077,0.029420
-0.049715,0.144397,0.027853
-0.048963,0.144489,0.030310
-0.047631,0.144263,0.033154
-0.045813,0.143624,0.032028
-0.045738,0.144234,0.036943
-0.041789,0.145460,0.034893
-0.042322,0.144129,0.034802
-0.038947,0.144771,0.036375
-0.039044,0.143783,0.035262
-0.035773,0.144922,0.035682
-0.037447,0.146121,0.035293
-0.033674,0.142987,0.037601
-0.032137,0.144771,0.039369
-0.029647,0.145081,0.037221
-0.031643,0.144937,0.037261
-0.028706,0.144679,0.040649
-0.028293,0.143754,0.041208
-0.025509,0.143093,0.038821
-0.026042,0.143697,0.039382
-0.025411,0.143536,0.040126
-0.023568,0.144812,0.040132
-0.022354,0.144824,0.043570
-0.017549,0.141722,0.042717
-0.016880,0.142726,0.042555
-0.016269,0.144323,0.041972
-0.017271,0.144683,0.043995
-0.015548,0.143721,0.043691
-0.013265,0.143354,0.044842
-0.012227,0.145632,0.045880
-0.009323,0.144137,0.045175
-0.008992,0.143484,0.044744
-0.008810,0.143571,0.045998
-0.006602,0.144620,0.045211
-0.003600,0.143032,0.044864
-0.001607,0.143928,0.046161
-0.001618,0.144791,0.046733
0.000426,0.143332,0.046796
0.001739,0.145417,0.047005
0.002716,0.143483,0.048120
0.005417,0.144827,0.047893
0.005000,0.143613,0.047480
0.006934,0.143806,0.048955
0.006447,0.144489,0.048361
0.008537,0.143109,0.049000
0.009702,0.144420,0.049550
0.011456,0.144483,0.049122
0.014403,0.143885,0.049433
0.013745,0.143865,0.049913
0.017130,0.144412,0.050450
0.015706,0.144486,0.049071
0.019405,0.143331,0.050126
0.019047,0.144212,0.049520
0.020311,0.144421,0.049394
0.020655,0.144944,0.051687
0.023840,0.145245,0.048668
0.026325,0.145833,0.048637
0.025638,0.143764,0.050883
0.028038,0.144721,0.049425
0.029659,0.144183,0.049618
0.031855,0.145428,0.047808
0.034031,0.143428,0.048158
0.032350,0.145654,0.047072
0.033832,0.145593,0.044927
0.034705,0.143623,0.048332
0.037508,0.144369,0.048501
0.039918,0.142937,0.046690
0.040716,0.145062,0.045311
0.040242,0.146102,0.046699
0.042104,0.144198,0.046434
0.044913,0.143424,0.045837
0.044524,0.144486,0.044605
0.047021,0.144550,0.044153
0.048900,0.144585,0.043558
0.049820,0.144818,0.042770
0.052290,0.144927,0.044292
0.052904,0.144945,0.041305
0.054315,0.144585,0.044512
0.056752,0.143464,0.042916
0.057399,0.143554,0.041050
0.058038,0.144073,0.038378
0.059483,0.144115,0.039825
0.061817,0.144976,0.041527
0.062173,0.144803,0.041548
0.063993,0.145441,0.039323
0.064916,0.144128,0.039226
0.065405,0.144129,0.038485
0.069817,0.145390,0.038688
0.069169,0.145758,0.038162
0.071469,0.144217,0.038782
0.070462,0.144612,0.037913
0.073117,0.142877,0.035822
0.074077,0.144475,0.036800
0.076257,0.141905,0.036501
0.078073,0.143053,0.034380
0.079738,0.144224,0.034193
0.081564,0.144335,0.035712
0.081575,0.145240,0.033061
0.082198,0.146270,0.032958
0.086387,0.143742,0.030256
0.084800,0.142910,0.028908
0.087212,0.145876,0.031014
0.087936,0.145134,0.029480
0.091616,0.146278,0.026503
0.089655,0.145194,0.027393
0.092641,0.144291,0.025979
0.095061,0.145378,0.026118
0.094463,0.142748,0.023997
0.095798,0.143725,0.022667
0.097446,0.144000,0.021138
0.099483,0.144244,0.019186
0.099907,0.142785,0.020335
0.101130,0.143625,0.018007
0.102976,0.143054,0.016808
0.106810,0.145199,0.014646
0.105373,0.144417,0.013349
0.107035,0.144860,0.011118
0.110710,0.144314,0.009591
0.109565,0.142696,0.007484
0.114879,0.143742,0.007325
0.113953,0.144741,0.005150
0.114471,0.143786,0.004981
0.114866,0.144224,0.002266
0.118804,0.143749,0.002762
0.118371,0.142404,0.000159
0.119690,0.143512,-0.000993
0.126133,0.142702,-0.002344
0.123996,0.144255,-0.006286
0.122858,0.142416,-0.006332
0.127980,0.144281,-0.006923
0.127815,0.144621,-0.007597
0.129111,0.144070,-0.010272
0.132268,0.143187,-0.010072
0.134346,0.145303,-0.012358
0.133965,0.144316,-0.013865
0.135734,0.142631,-0.015666
0.137364,0.145140,-0.015994
0.139022,0.144681,-0.017659
0.138274,0.143491,-0.018054
0.139231,0.143661,-0.022526
0.142978,0.144422,-0.021954
0.143598,0.142985,-0.023473
0.145274,0.144515,-0.024450
0.146888,0.142524,-0.028406
0.149287,0.143119,-0.029349
0.150325,0.144553,-0.031483
0.151745,0.142871,-0.035415
0.151374,0.143229,-0.037047
0.156205,0.144496,-0.040412
0.155378,0.144788,-0.043621
0.157998,0.144051,-0.046305
0.158928,0.143874,-0.054216
-0.079998,0.145971,-0.016714
-0.078004,0.146286,-0.006831
-0.077562,0.143643,-0.003735
-0.076902,0.146442,0.001721
-0.077014,0.146558,0.004686
-0.072755,0.143981,0.007648
-0.070866,0.146337,0.009161
-0.070132,0.146408,0.011573
-0.068824,0.147191,0.013783
-0.065803,0.146101,0.015721
-0.064690,0.148962,0.016975
-0.065093,0.146345,0.020616
-0.062187,0.146329,0.020098
-0.061471,0.144761,0.021311
-0.060253,0.146247,0.022576
-0.057924,0.146063,0.024455
-0.056154,0.145034,0.025645
-0.055298,0.146509,0.025649
-0.055138,0.146806,0.027777
-0.052918,0.145150,0.029299
-0.053376,0.146268,0.029218
-0.048559,0.144350,0.029823
-0.048349,0.147155,0.031310
-0.047657,0.146474,0.033184
-0.045839,0.142309,0.032683
-0.042804,0.146380,0.032244
-0.043625,0.146500,0.033573
-0.041374,0.145669,0.035323
-0.041156,0.147298,0.035236
-0.038883,0.144992,0.036135
-0.038831,0.144622,0.037921
-0.038487,0.145033,0.038138
-0.035141,0.145700,0.036959
-0.033834,0.145682,0.037884
-0.031155,0.147481,0.038015
-0.031320,0.146964,0.039285
-0.028502,0.146581,0.038772
-0.027786,0.145837,0.040353
-0.028254,0.147469,0.040523
-0.026118,0.144358,0.039040
-0.023489,0.144014,0.041343
-0.022483,0.145564,0.040725
-0.022418,0.146252,0.041595
-0.019648,0.145981,0.043003
-0.017772,0.145876,0.041834
-0.014240,0.145938,0.042440
-0.016214,0.144798,0.043602
-0.015143,0.145514,0.045695
-0.012365,0.144329,0.044189
-0.010022,0.144492,0.043860
-0.010917,0.144705,0.044884
-0.008747,0.145539,0.046382
-0.008140,0.143768,0.046773
-0.006836,0.144810,0.046742
-0.006009,0.146636,0.045444
-0.003673,0.145845,0.047414
-0.003069,0.145909,0.046352
0.002071,0.145136,0.048281
0.000415,0.144471,0.047935
0.004255,0.144780,0.047804
0.004985,0.146569,0.048423
0.004810,0.146129,0.046802
0.005243,0.148006,0.046422
0.007683,0.146144,0.048323
0.008787,0.145230,0.050193
0.009999,0.147822,0.048704
0.010974,0.145388,0.051013
0.013633,0.146566,0.049249
0.013671,0.145953,0.051636
0.015822,0.144564,0.050152
0.016613,0.144941,0.048009
0.018870,0.147650,0.050526
0.021505,0.144636,0.049769
0.021498,0.146458,0.049720
0.023240,0.145909,0.049734
0.022038,0.146957,0.049627
0.024394,0.148325,0.049822
0.026641,0.143986,0.051734
0.027586,0.146369,0.050429
0.030342,0.147576,0.049887
0.029410,0.145798,0.049390
0.032802,0.146529,0.047958
0.033577,0.147223,0.048167
0.035157,0.145599,0.048777
0.036993,0.143917,0.050029
0.038306,0.146395,0.047590
0.039593,0.144705,0.045451
0.040605,0.145806,0.045491
0.040417,0.145255,0.046412
0.042490,0.145880,0.045200
0.045150,0.144364,0.045007
0.046089,0.145804,0.045611
0.048782,0.145365,0.044462
0.050438,0.144610,0.042684
0.050774,0.147688,0.042981
0.050737,0.145526,0.043600
0.052723,0.144713,0.044023
0.053782,0.146056,0.041314
0.054463,0.146023,0.042664
0.058446,0.148492,0.042284
0.058260,0.145602,0.042507
0.060177,0.144253,0.041076
0.062458,0.143770,0.040277
0.061464,0.144893,0.039393
0.062393,0.146083,0.041274
0.064074,0.146430,0.039578
0.066052,0.146683,0.040520
0.068526,0.145863,0.039812
0.070080,0.146107,0.036612
0.073009,0.145715,0.038610
0.071807,0.146060,0.038050
0.073342,0.146418,0.037394
0.073644,0.145113,0.039395
0.076886,0.146090,0.036099
0.076502,0.147283,0.036368
0.078473,0.146172,0.035274
0.078572,0.146673,0.034399
0.082735,0.145842,0.035876
0.083366,0.147282,0.032495
0.082258,0.146955,0.033173
0.086531,0.145706,0.029620
0.085762,0.145663,0.028484
0.089877,0.145507,0.029732
0.089202,0.147669,0.028170
0.090997,0.147984,0.027432
0.092617,0.144673,0.028195
0.094278,0.143711,0.025421
0.096808,0.145565,0.024454
0.098139,0.144578,0.022155
0.099475,0.145816,0.021983
0.100308,0.145438,0.020400
0.102102,0.145583,0.017197
0.101976,0.145653,0.017086
0.102062,0.148393,0.015536
0.107267,0.144765,0.016553
0.106773,0.145108,0.012654
0.107931,0.143767,0.010256
0.110050,0.145840,0.010800
0.110538,0.143492,0.008477
0.112716,0.145604,0.007203
0.112916,0.146521,0.005185
0.113903,0.147724,0.004024
0.116079,0.146396,0.002632
0.117289,0.143198,0.001611
0.119043,0.145905,-0.001280
0.121335,0.146014,-0.001867
0.121468,0.146057,-0.003069
0.123230,0.145925,-0.005301
0.124952,0.148118,-0.006059
0.127169,0.147569,-0.009817
0.127166,0.144544,-0.009772
0.129101,0.147003,-0.008729
0.130012,0.144129,-0.011177
0.133078,0.146351,-0.012180
0.135054,0.144792,-0.015314
0.134629,0.144735,-0.014564
0.136004,0.145705,-0.015383
0.136124,0.146243,-0.016652
0.140245,0.146758,-0.019407
0.142583,0.143923,-0.021223
0.141451,0.145048,-0.023609
0.145903,0.145221,-0.025659
0.147066,0.144416,-0.026208
0.147309,0.147218,-0.028849
0.148828,0.145032,-0.032704
0.150175,0.146786,-0.033385
0.151359,0.144864,-0.034628
0.151291,0.144285,-0.037170
0.156230,0.145900,-0.040618
0.155831,0.145200,-0.042651
0.157159,0.146246,-0.050641
0.159950,0.144964,-0.054584
-0.081802,0.146989,-0.018192
-0.078354,0.147927,-0.006610
-0.076616,0.147561,-0.003550
-0.075870,0.146255,0.001840
-0.074808,0.147254,0.005987
-0.073543,0.146844,0.007671
-0.070589,0.147526,0.009386
-0.069642,0.147342,0.010964
-0.068962,0.146851,0.013929
-0.067031,0.149517,0.013210
-0.065111,0.147241,0.018417
-0.063143,0.146767,0.019818
-0.063427,0.146113,0.019889
-0.062482,0.146661,0.021486
-0.061759,0.146556,0.021395
-0.057363,0.147521,0.026162
-0.057422,0.147979,0.026514
-0.057736,0.146962,0.026453
-0.054908,0.147344,0.028147
-0.052464,0.148098,0.030049
-0.055042,0.148975,0.031710
-0.050125,0.146695,0.031507
-0.050096,0.147759,0.029719
-0.048725,0.148239,0.033815
-0.046418,0.148011,0.032963
-0.045549,0.146541,0.032291
-0.043748,0.148006,0.035073
-0.042191,0.147867,0.035832
-0.041596,0.147371,0.036433
-0.038690,0.146365,0.037355
-0.038127,0.148004,0.036331
-0.036800,0.146179,0.038960
-0.036972,0.149249,0.037971
-0.032975,0.147882,0.038628
-0.032020,0.147447,0.039143
-0.031292,0.146558,0.038375
-0.029318,0.148561,0.040551
-0.027538,0.149323,0.040220
-0.026971,0.148075,0.040262
-0.025335,0.147968,0.041620
-0.023543,0.146213,0.041543
-0.022887,0.147050,0.042108
-0.022232,0.148242,0.043105
-0.020815,0.147343,0.042815
-0.019502,0.147904,0.043116
-0.016580,0.147876,0.044796
-0.014764,0.147338,0.046931
-0.015090,0.146070,0.044426
-0.013504,0.146246,0.045695
-0.011711,0.146764,0.043946
-0.010132,0.147088,0.045373
-0.008782,0.148090,0.047856
-0.007086,0.148142,0.046088
-0.006657,0.147364,0.048070
-0.005784,0.147910,0.045989
-0.002706,0.146998,0.046872
-0.002305,0.148418,0.045853
-0.000849,0.146835,0.047720
0.002867,0.148072,0.047328
0.002734,0.147387,0.048695
0.002639,0.145722,0.048214
0.005314,0.146270,0.046529
0.004537,0.149144,0.049228
0.007319,0.147161,0.049124
0.011667,0.146937,0.049982
0.010250,0.147791,0.049426
0.011708,0.147362,0.048189
0.012295,0.147008,0.050990
0.014479,0.147361,0.050148
0.014661,0.147049,0.050509
0.018027,0.149521,0.049766
0.019551,0.149060,0.051180
0.020326,0.149121,0.049452
0.021817,0.148511,0.050621
0.021646,0.147060,0.051206
0.024008,0.149561,0.048599
0.024872,0.146134,0.050320
0.027074,0.147757,0.049912
0.028209,0.147274,0.048754
0.027203,0.146416,0.049660
0.031165,0.147398,0.048430
0.032577,0.147766,0.047926
0.034044,0.147877,0.047560
0.035374,0.144995,0.047651
0.036401,0.147791,0.049766
0.036390,0.148200,0.047211
0.040291,0.146672,0.049599
0.040289,0.147834,0.048360
0.041584,0.148627,0.049524
0.042147,0.147518,0.045948
0.044513,0.149080,0.044910
0.043357,0.147157,0.047097
0.046227,0.146417,0.045195
0.047393,0.145712,0.043847
0.049658,0.147336,0.043642
0.049832,0.146916,0.042434
0.053462,0.147578,0.043982
0.053536,0.147737,0.041795
0.056070,0.146892,0.042690
0.055305,0.147401,0.042950
0.059245,0.148266,0.042751
0.058591,0.146280,0.041850
0.060222,0.147145,0.040856
0.062036,0.147127,0.041102
0.064031,0.147348,0.040279
0.067513,0.148705,0.040295
0.066625,0.148391,0.040160
0.067630,0.147232,0.039826
0.069903,0.148954,0.038131
0.069836,0.148743,0.037635
0.072525,0.146164,0.040068
0.072938,0.148118,0.036906
0.075985,0.148029,0.037566
0.076762,0.146829,0.036485
0.078833,0.146056,0.035783
0.079705,0.147721,0.034883
0.080208,0.148916,0.036468
0.082507,0.147242,0.034667
0.082712,0.147556,0.030874
0.082548,0.146615,0.032275
0.085995,0.148616,0.030241
0.086074,0.146236,0.029445
0.088326,0.147423,0.029716
0.088376,0.148187,0.029284
0.093006,0.147303,0.027095
0.092914,0.147944,0.026697
0.093897,0.148427,0.025255
0.094881,0.147986,0.025326
0.096322,0.147625,0.023947
0.097071,0.148156,0.020969
0.100244,0.147888,0.018989
0.101095,0.144939,0.018408
0.101030,0.146611,0.017106
0.104554,0.147682,0.014467
0.106737,0.148847,0.014292
0.106947,0.146967,0.012387
0.108264,0.147815,0.012741
0.111563,0.147152,0.008275
0.110588,0.149327,0.010408
0.113142,0.147807,0.004934
0.114456,0.147305,0.005176
0.115663,0.149114,0.004072
0.117059,0.146943,0.002237
0.117825,0.147113,0.003488
0.119871,0.147684,-0.000522
0.121217,0.148167,-0.001195
0.122166,0.148114,-0.003461
0.123931,0.145400,-0.004956
0.124791,0.147394,-0.008219
0.127913,0.147098,-0.007957
0.127072,0.147874,-0.009675
0.130541,0.149413,-0.010450
0.129773,0.146885,-0.011379
0.131394,0.146733,-0.012299
0.135147,0.148656,-0.012628
0.137643,0.147139,-0.016664
0.138166,0.146909,-0.015345
0.138319,0.145661,-0.017044
0.139294,0.146672,-0.020303
0.141838,0.147378,-0.021359
0.143097,0.147463,-0.023075
0.143934,0.146159,-0.022340
0.145080,0.146763,-0.024644
0.146849,0.145982,-0.029128
0.148599,0.147785,-0.031307
0.149830,0.147642,-0.033838
0.152499,0.149149,-0.035890
0.152441,0.149986,-0.038059
0.154085,0.147274,-0.041641
0.156483,0.148139,-0.046993
0.158667,0.148419,-0.053577
-0.080675,0.149096,-0.017979
-0.078157,0.149448,-0.007339
-0.078188,0.148840,-0.001131
-0.075210,0.147687,-0.000067
-0.073631,0.148503,0.005609
-0.073838,0.149747,0.008243
-0.071815,0.147873,0.009048
-0.069550,0.147711,0.011973
-0.069410,0.148462,0.014054
-0.065554,0.149205,0.015048
-0.065964,0.149276,0.021064
-0.065888,0.147671,0.017647
-0.062551,0.149089,0.020898
-0.060559,0.149633,0.023427
-0.061300,0.148118,0.024019
-0.058157,0.150512,0.026058
-0.057619,0.147901,0.026370
-0.056127,0.149504,0.027594
-0.054902,0.151665,0.029489
-0.053028,0.146611,0.030267
-0.050923,0.149522,0.031165
-0.048717,0.149169,0.030855
-0.048381,0.147615,0.032134
-0.047674,0.150746,0.032751
-0.045446,0.148632,0.031522
-0.044996,0.149314,0.036289
-0.042559,0.147659,0.036875
-0.041336,0.151413,0.036418
-0.040663,0.149605,0.038108
-0.040164,0.150501,0.036121
-0.037259,0.148928,0.037191
-0.035592,0.149368,0.037628
-0.033775,0.148546,0.038980
-0.032942,0.150065,0.039383
-0.031459,0.149595,0.037924
-0.028727,0.148346,0.041795
-0.029018,0.147876,0.040029
-0.029877,0.148821,0.040075
-0.027798,0.149076,0.040955
-0.026025,0.149786,0.041121
-0.023219,0.147471,0.043939
-0.021673,0.149130,0.043233
-0.023405,0.149467,0.042752
-0.018254,0.150836,0.044354
-0.018703,0.149527,0.043341
-0.016585,0.147633,0.042615
-0.016030,0.148472,0.045119
-0.014703,0.147596,0.045935
-0.012954,0.147853,0.045672
-0.011974,0.147979,0.047070
-0.009648,0.150816,0.044665
-0.008790,0.150413,0.046833
-0.008268,0.150603,0.047226
-0.005696,0.150579,0.048079
-0.004528,0.147760,0.047001
-0.001265,0.149188,0.049467
-0.000288,0.150048,0.047813
0.000177,0.149869,0.048140
-0.000805,0.150904,0.048667
0.001472,0.147184,0.048406
0.003856,0.150107,0.048974
0.003599,0.148547,0.050404
0.005848,0.149957,0.050637
0.007693,0.150165,0.051176
0.009009,0.150582,0.050452
0.009214,0.149178,0.050822
0.011902,0.148155,0.049745
0.011480,0.149429,0.050359
0.012793,0.148508,0.052659
0.016476,0.148745,0.052354
0.017207,0.148364,0.048567
0.019930,0.148438,0.049412
0.019526,0.147132,0.050369
0.021823,0.146883,0.050469
0.023743,0.150848,0.048868
0.024616,0.148909,0.051050
0.024859,0.149509,0.050597
0.026215,0.147884,0.050439
0.027954,0.148196,0.049882
0.028571,0.148654,0.050345
0.029841,0.148196,0.048504
0.030483,0.149854,0.048845
0.033060,0.149384,0.048746
0.034723,0.149816,0.048330
0.035476,0.148843,0.047100
0.036920,0.150017,0.048106
0.038905,0.148761,0.046753
0.041383,0.147170,0.048287
0.040402,0.148098,0.049228
0.042371,0.146710,0.048835
0.045613,0.146771,0.047185
0.046013,0.147840,0.046676
0.046148,0.147138,0.045843
0.047162,0.150525,0.044972
0.049619,0.148948,0.045541
0.051583,0.148270,0.043690
0.053269,0.147832,0.042511
0.055937,0.149448,0.044373
0.054353,0.149517,0.041445
0.056825,0.146814,0.043439
0.057552,0.149651,0.042345
0.057170,0.148777,0.041859
0.061486,0.148777,0.043132
0.061351,0.148289,0.041173
0.064361,0.148807,0.039936
0.064832,0.148650,0.039550
0.066881,0.149134,0.041072
0.068100,0.147745,0.040838
0.068683,0.149170,0.039970
0.071012,0.149844,0.038526
0.072260,0.148957,0.038921
0.072952,0.149292,0.036887
0.074757,0.150019,0.036691
0.074189,0.148530,0.035894
0.078874,0.149967,0.038463
0.077979,0.149465,0.037246
0.079844,0.149004,0.036193
0.081632,0.149455,0.033867
0.082180,0.147673,0.032239
0.083300,0.149021,0.032985
0.087413,0.147767,0.030415
0.086975,0.148214,0.029086
0.088572,0.148847,0.028404
0.091537,0.148814,0.028054
0.091740,0.148718,0.027295
0.091634,0.148695,0.028078
0.093915,0.148505,0.025850
0.094949,0.148622,0.021512
0.097146,0.148167,0.024360
0.097458,0.149838,0.021735
0.099296,0.148932,0.019793
0.102488,0.150363,0.020205
0.102011,0.148898,0.017357
0.104226,0.149666,0.016188
0.104666,0.149569,0.014044
0.107408,0.149389,0.012312
0.108720,0.148141,0.011122
0.109936,0.146309,0.009785
0.109578,0.149896,0.008971
0.112807,0.146877,0.007607
0.112910,0.149693,0.005169
0.117036,0.149761,0.004759
0.117395,0.150283,0.002149
0.118187,0.148327,0.001487
0.120921,0.148787,-0.001863
0.119442,0.148883,-0.002343
0.121349,0.149306,-0.004722
0.123752,0.149588,-0.004590
0.125249,0.147645,-0.008175
0.127981,0.149045,-0.009115
0.128031,0.149238,-0.008467
0.129799,0.149151,-0.009494
0.129257,0.148448,-0.010890
0.132003,0.149082,-0.012214
0.134117,0.149337,-0.016330
0.137294,0.148566,-0.015569
0.137304,0.149092,-0.017203
0.139503,0.149363,-0.020135
0.139878,0.148465,-0.019430
0.141596,0.148837,-0.021362
0.140323,0.149300,-0.022743
0.143044,0.147640,-0.023617
0.144700,0.150320,-0.027612
0.147259,0.149795,-0.028848
0.149247,0.148416,-0.031371
0.150372,0.148674,-0.032966
0.152293,0.148446,-0.037021
0.153752,0.147887,-0.039475
0.154384,0.149416,-0.044552
0.157125,0.149443,-0.049839
0.159028,0.148870,-0.057057
-0.081247,0.149138,-0.021417
-0.080626,0.150404,-0.005121
-0.078607,0.150130,-0.002377
-0.076773,0.149404,0.001633
-0.075088,0.150496,0.003658
-0.074595,0.151129,0.008929
-0.071876,0.151163,0.010111
-0.071163,0.152182,0.012485
-0.068410,0.152540,0.015300
-0.067140,0.151321,0.017196
-0.066403,0.150158,0.017818
-0.063726,0.151652,0.019908
-0.063320,0.151244,0.021083
-0.061359,0.149560,0.024201
-0.059001,0.150664,0.022993
-0.058114,0.149978,0.025692
-0.055600,0.151545,0.028618
-0.057740,0.150336,0.028879
-0.055318,0.150160,0.027958
-0.053925,0.150802,0.029149
-0.052357,0.151524,0.031537
-0.050464,0.149091,0.030344
-0.050071,0.148575,0.033784
-0.045494,0.151962,0.032653
-0.046793,0.148738,0.033497
-0.043464,0.152558,0.036311
-0.046168,0.149722,0.034576
-0.042163,0.150672,0.035553
-0.040649,0.150109,0.033149
-0.038806,0.150567,0.038145
-0.036806,0.151698,0.039698
-0.035970,0.149905,0.037568
-0.036900,0.150973,0.036945
-0.032764,0.151381,0.038791
-0.031103,0.151039,0.039251
-0.033386,0.149904,0.040067
-0.028981,0.150817,0.041559
-0.029923,0.148703,0.041328
-0.026439,0.150785,0.039170
-0.023295,0.150707,0.041721
-0.024328,0.150075,0.042748
-0.022811,0.151573,0.041204
-0.021561,0.150374,0.042914
-0.020669,0.148650,0.041702
-0.017191,0.149889,0.041609
-0.017172,0.149704,0.044832
-0.015313,0.150749,0.044920
-0.014119,0.150349,0.046971
-0.010980,0.149281,0.046322
-0.011267,0.149345,0.046525
-0.010435,0.149466,0.047139
-0.008128,0.150687,0.046893
-0.007686,0.149237,0.048351
-0.005764,0.149735,0.045981
-0.004607,0.149755,0.048577
-0.005488,0.151225,0.049107
-0.002202,0.149209,0.048299
-0.000338,0.149150,0.049753
0.000604,0.151022,0.050077
0.001212,0.149685,0.049698
0.003049,0.151743,0.047981
0.004946,0.150304,0.049759
0.005885,0.151438,0.050283
0.007214,0.152394,0.048680
0.009027,0.152080,0.050818
0.011003,0.150036,0.049176
0.011452,0.149724,0.051622
0.013043,0.151764,0.051324
0.013068,0.150613,0.051208
0.016842,0.147607,0.051238
0.014335,0.150554,0.050994
0.016449,0.151059,0.050404
0.019549,0.150693,0.048665
0.021020,0.150625,0.050585
0.022202,0.150738,0.051480
0.021057,0.149565,0.048665
0.025872,0.148339,0.051551
0.025576,0.150696,0.051481
0.028739,0.150564,0.053091
0.029922,0.149506,0.050068
0.031166,0.149867,0.048906
0.031329,0.149041,0.049813
0.033975,0.150026,0.050626
0.033658,0.149634,0.048591
0.036895,0.150643,0.049530
0.037581,0.149847,0.049615
0.038865,0.150097,0.049058
0.040123,0.150408,0.048587
0.042621,0.148977,0.046902
0.043090,0.149899,0.048134
0.044990,0.149663,0.049448
0.047614,0.150371,0.046066
0.048434,0.150194,0.045579
0.047908,0.150142,0.046070
0.049053,0.150581,0.046725
0.049924,0.148260,0.045186
0.051828,0.151955,0.045913
0.053909,0.149636,0.044039
0.054544,0.149761,0.045547
0.055579,0.150862,0.040438
0.058833,0.149417,0.045571
0.056372,0.151040,0.041565
0.062397,0.150928,0.039868
0.062887,0.149729,0.042365
0.064330,0.150348,0.040209
0.065300,0.150458,0.041297
0.064969,0.149354,0.040484
0.068378,0.152138,0.039774
0.068614,0.152763,0.038004
0.070112,0.150856,0.038747
0.072638,0.151239,0.038910
0.074107,0.148675,0.035629
0.076017,0.152989,0.036118
0.076290,0.150610,0.037728
0.077747,0.150624,0.035783
0.078190,0.148814,0.035504
0.078879,0.152172,0.035413
0.081588,0.150483,0.035158
0.082751,0.150390,0.033798
0.084451,0.150414,0.033283
0.086024,0.152505,0.033392
0.087509,0.150684,0.031155
0.089082,0.150264,0.027829
0.089635,0.150250,0.028380
0.090326,0.152479,0.027755
0.093981,0.151189,0.025307
0.094166,0.150979,0.023511
0.093757,0.152136,0.024454
0.098339,0.149061,0.022520
0.098011,0.150211,0.022247
0.099440,0.149510,0.021050
0.101558,0.151346,0.020236
0.101005,0.150745,0.018112
0.104166,0.149302,0.016840
0.105488,0.151640,0.015253
0.106079,0.151441,0.012794
0.106884,0.149036,0.013615
0.111440,0.150585,0.011033
0.110798,0.151592,0.007734
0.113633,0.150885,0.004849
0.113010,0.151904,0.004779
0.117189,0.150901,0.004961
0.117138,0.149988,0.002595
0.116165,0.149494,0.001195
0.120300,0.153413,-0.001580
0.121131,0.151968,-0.003293
0.121360,0.150687,-0.005203
0.123055,0.150862,-0.006755
0.125541,0.150990,-0.006949
0.127629,0.150997,-0.008966
0.128323,0.149632,-0.007619
0.128722,0.151716,-0.011991
0.130514,0.150551,-0.011941
0.132703,0.151415,-0.012766
0.134804,0.151446,-0.015669
0.133639,0.151057,-0.016226
0.137213,0.152664,-0.017730
0.139204,0.149809,-0.017456
0.137189,0.151112,-0.020703
0.140715,0.149182,-0.022641
0.143701,0.151131,-0.024572
0.145060,0.150586,-0.026376
0.145207,0.150487,-0.028356
0.146079,0.151763,-0.029324
0.148824,0.150097,-0.032959
0.151222,0.150673,-0.036619
0.152423,0.149730,-0.037974
0.152024,0.150200,-0.040553
0.154154,0.151366,-0.046112
0.156345,0.151120,-0.052689
-0.080334,0.152325,-0.007188
-0.078414,0.153016,-0.002660
-0.076986,0.151959,0.001985
-0.074522,0.152910,0.004313
-0.073042,0.152581,0.009124
-0.071650,0.152486,0.011729
-0.069001,0.152910,0.013375
-0.068181,0.150400,0.015112
-0.066576,0.151620,0.018124
-0.067486,0.152126,0.018732
-0.062922,0.151632,0.018192
-0.065659,0.151912,0.020789
-0.060771,0.151780,0.020424
-0.060052,0.152362,0.023283
-0.060912,0.153087,0.025422
-0.055436,0.152432,0.026042
-0.054246,0.152281,0.029047
-0.054778,0.151986,0.030133
-0.053381,0.151856,0.030151
-0.052678,0.152235,0.030733
-0.051730,0.152500,0.032474
-0.049886,0.150962,0.033060
-0.047705,0.152198,0.033268
-0.047516,0.152269,0.035139
-0.043204,0.152811,0.037412
-0.043254,0.152064,0.036367
-0.042715,0.152876,0.037448
-0.042334,0.153649,0.037023
-0.039315,0.150600,0.037261
-0.036265,0.152406,0.037874
-0.037488,0.151497,0.039030
-0.035510,0.151046,0.040590
-0.036046,0.150951,0.040494
-0.031965,0.152333,0.037861
-0.030935,0.152308,0.040977
-0.028935,0.153943,0.041877
-0.027827,0.152159,0.044170
-0.026374,0.153351,0.042170
-0.024111,0.152414,0.041444
-0.024993,0.154163,0.043614
-0.020533,0.151657,0.043954
-0.021603,0.152401,0.043812
-0.020666,0.151547,0.042729
-0.019533,0.151222,0.046449
-0.017872,0.151302,0.046410
-0.014019,0.153907,0.045026
-0.014759,0.150771,0.045566
-0.012106,0.154008,0.046012
-0.011762,0.150726,0.046297
-0.011261,0.151619,0.047171
-0.009860,0.152671,0.048826
-0.006900,0.152552,0.050329
-0.005689,0.151911,0.049522
-0.003922,0.151491,0.048830
-0.003100,0.152673,0.047945
-0.001846,0.151907,0.049437
-0.001350,0.152307,0.050738
0.002798,0.152405,0.048554
0.002612,0.152548,0.049428
0.004218,0.153181,0.048443
0.006190,0.152502,0.050941
0.006739,0.152621,0.050805
0.006004,0.152689,0.050161
0.008767,0.151932,0.048485
0.008138,0.151185,0.049762
0.010805,0.151663,0.049782
0.012981,0.150911,0.051145
0.014886,0.152909,0.050458
0.015177,0.151820,0.050319
0.018595,0.152418,0.052615
0.017270,0.151344,0.051631
0.018878,0.151775,0.051361
0.021425,0.151856,0.050214
0.022759,0.153074,0.048794
0.021821,0.151597,0.050482
0.024345,0.152910,0.052169
0.026370,0.151920,0.050385
0.029532,0.152240,0.051728
0.031054,0.153027,0.049627
0.030716,0.151490,0.049110
0.031259,0.151147,0.049629
0.034913,0.151295,0.049776
0.034909,0.151258,0.048839
0.037294,0.152477,0.049733
0.036948,0.153513,0.046793
0.041030,0.152708,0.048205
0.041540,0.153276,0.048744
0.040817,0.154250,0.048319
0.042106,0.150675,0.047141
0.044441,0.154051,0.047304
0.047296,0.151924,0.046141
0.046124,0.151541,0.045324
0.048316,0.151853,0.045373
0.051292,0.151882,0.044035
0.052170,0.153265,0.045850
0.052636,0.153366,0.044809
0.053518,0.151766,0.046251
0.055940,0.153057,0.043727
0.056537,0.152136,0.043937
0.056829,0.151453,0.042776
0.060435,0.151497,0.042937
0.061636,0.151628,0.041667
0.060292,0.151013,0.040481
0.062159,0.151764,0.041756
0.065321,0.152802,0.041875
0.065418,0.152059,0.040494
0.068087,0.152905,0.039996
0.067559,0.153265,0.039073
0.070732,0.151201,0.038555
0.071040,0.152296,0.040928
0.071553,0.151825,0.040315
0.074291,0.152880,0.037851
0.075828,0.152149,0.037277
0.075607,0.151278,0.036856
0.080230,0.154839,0.036161
0.081400,0.151309,0.033949
0.080464,0.153041,0.035639
0.084022,0.153985,0.031579
0.083686,0.150264,0.033536
0.084882,0.152682,0.029664
0.088053,0.152896,0.029116
0.089259,0.151442,0.030501
0.088300,0.155578,0.029649
0.091221,0.152703,0.027420
0.093502,0.152350,0.023816
0.094287,0.153337,0.027007
0.096988,0.151994,0.023023
0.097626,0.152470,0.023751
0.098673,0.151379,0.022359
0.099295,0.152200,0.021184
0.101499,0.153222,0.018315
0.102384,0.151549,0.019131
0.104668,0.152670,0.016496
0.106938,0.151238,0.014186
0.106528,0.152851,0.012746
0.107570,0.152574,0.009000
0.110112,0.151125,0.010917
0.110736,0.151836,0.008837
0.111016,0.150425,0.008332
0.113020,0.152398,0.004723
0.114586,0.152037,0.003847
0.117568,0.153155,0.001657
0.118540,0.151395,0.000249
0.119528,0.151981,-0.000059
0.120996,0.152955,-0.004555
0.122293,0.151154,-0.004766
0.122392,0.150264,-0.004913
0.126729,0.151136,-0.006062
0.126964,0.153069,-0.007442
0.127654,0.152539,-0.011089
0.129636,0.151330,-0.012303
0.131750,0.151467,-0.010994
0.133194,0.153639,-0.013358
0.132576,0.153095,-0.012425
0.135731,0.152053,-0.015148
0.136732,0.150693,-0.017987
0.138755,0.152317,-0.021166
0.139687,0.152105,-0.021519
0.141248,0.151483,-0.023250
0.142714,0.152746,-0.024442
0.143500,0.151126,-0.024839
0.145842,0.152407,-0.027802
0.144651,0.151600,-0.030473
0.148499,0.151895,-0.035895
0.151392,0.151895,-0.037458
0.150264,0.152266,-0.037910
0.153849,0.152521,-0.041660
0.156036,0.150961,-0.047923
0.157293,0.151174,-0.056021
-0.077390,0.153574,-0.006379
-0.075904,0.156048,-0.002008
-0.077222,0.154638,0.002097
-0.072973,0.153115,0.006713
-0.072565,0.154380,0.008409
-0.072108,0.153070,0.011444
-0.069857,0.155603,0.013482
-0.067723,0.151977,0.015229
-0.066810,0.153809,0.017916
-0.064266,0.154291,0.017821
-0.066433,0.151806,0.021469
-0.062575,0.152983,0.021343
-0.062185,0.153702,0.026343
-0.058541,0.154011,0.024854
-0.059164,0.151819,0.026274
-0.057164,0.154235,0.026895
-0.055809,0.151919,0.030757
-0.054779,0.153348,0.028586
-0.052107,0.153687,0.028419
-0.051284,0.152499,0.031881
-0.048356,0.153022,0.032120
-0.047845,0.152283,0.032759
-0.049320,0.154680,0.033081
-0.046236,0.154786,0.034499
-0.044431,0.154029,0.036115
-0.042799,0.152089,0.036040
-0.043998,0.153294,0.037335
-0.041762,0.153779,0.036336
-0.038446,0.154256,0.038014
-0.036825,0.154675,0.038507
-0.035118,0.154366,0.037218
-0.035822,0.153417,0.039362
-0.035110,0.153572,0.041057
-0.030700,0.152385,0.040769
-0.030675,0.154366,0.041175
-0.029761,0.153280,0.041559
-0.026336,0.151493,0.042971
-0.027380,0.154089,0.043968
-0.025845,0.154304,0.041876
-0.023955,0.154564,0.042897
-0.022463,0.155015,0.043196
-0.021960,0.154484,0.044105
-0.020428,0.152900,0.043801
-0.018745,0.155086,0.044424
-0.016532,0.153808,0.047600
-0.015094,0.152399,0.045401
-0.013441,0.152726,0.045895
-0.015008,0.153052,0.045966
-0.009805,0.154881,0.044643
-0.011566,0.152077,0.047037
-0.008751,0.152355,0.047940
-0.006733,0.153540,0.046338
-0.005138,0.154408,0.049371
-0.005075,0.153961,0.047492
-0.002632,0.153311,0.049089
-0.002866,0.153508,0.049797
-0.000208,0.154497,0.049229
-0.000101,0.153726,0.049273
0.002136,0.152207,0.051709
0.003324,0.153810,0.050765
0.001988,0.153107,0.049297
0.004452,0.152687,0.050239
0.007229,0.153828,0.049711
0.009449,0.154428,0.052275
0.010166,0.152655,0.050366
0.013160,0.153966,0.051123
0.012198,0.152538,0.050354
0.013827,0.154156,0.050861
0.015163,0.152093,0.052153
0.018729,0.155213,0.050616
0.019129,0.152839,0.051291
0.018975,0.151929,0.052659
0.019820,0.153649,0.052216
0.021096,0.153330,0.051723
0.022735,0.154472,0.050696
0.025288,0.153579,0.051630
0.027364,0.154456,0.050670
0.030047,0.153016,0.052426
0.030047,0.154073,0.050475
0.030941,0.153883,0.051231
0.032693,0.153844,0.050141
0.033022,0.154401,0.051391
0.033824,0.152891,0.051135
0.037071,0.154964,0.048292
0.035689,0.153777,0.047995
0.039296,0.155036,0.049044
0.041641,0.153645,0.049212
0.041023,0.153589,0.048595
0.045180,0.152174,0.047931
0.045082,0.153294,0.046958
0.046492,0.151203,0.047760
0.048478,0.154799,0.045400
0.047917,0.155425,0.046227
0.050353,0.153208,0.043129
0.051191,0.150838,0.045543
0.053293,0.153337,0.043027
0.053821,0.154138,0.044547
0.055280,0.154601,0.043238
0.055426,0.152535,0.044579
0.059126,0.152020,0.042663
0.057995,0.153411,0.043966
0.059574,0.154521,0.041927
0.062453,0.154659,0.041371
0.062787,0.152723,0.042317
0.063558,0.154725,0.041424
0.066106,0.153537,0.039589
0.067214,0.152799,0.041380
0.068617,0.155674,0.039255
0.070711,0.155002,0.039942
0.071180,0.151669,0.039387
0.073482,0.153831,0.038538
0.073794,0.152839,0.036066
0.076809,0.153666,0.037203
0.078439,0.153810,0.038565
0.079400,0.152211,0.036692
0.080938,0.154023,0.034496
0.081964,0.153233,0.034027
0.085440,0.154280,0.033984
0.085111,0.153756,0.032811
0.086163,0.154433,0.031362
0.086908,0.155608,0.031183
0.086647,0.154720,0.030257
0.089215,0.153255,0.028817
0.092083,0.155474,0.028432
0.091601,0.154001,0.025543
0.094871,0.151941,0.024210
0.097102,0.153169,0.023743
0.097761,0.153508,0.022862
0.098838,0.152747,0.020544
0.100725,0.153049,0.020313
0.101531,0.155184,0.019464
0.101826,0.153670,0.016475
0.103488,0.154170,0.016041
0.103847,0.154215,0.014511
0.107309,0.153257,0.012350
0.107270,0.153574,0.009659
0.108470,0.153061,0.008282
0.111346,0.153065,0.009167
0.113037,0.154002,0.006574
0.114748,0.153355,0.005226
0.114662,0.153824,0.003391
0.115851,0.155836,0.002875
0.118324,0.153707,0.000503
0.119199,0.154268,-0.000367
0.122042,0.154226,-0.002263
0.122993,0.154604,-0.002701
0.122812,0.153028,-0.005603
0.126184,0.153097,-0.007617
0.126006,0.154984,-0.007834
0.129624,0.154335,-0.008534
0.128732,0.152593,-0.009891
0.130862,0.152450,-0.009926
0.133473,0.153657,-0.011904
0.133659,0.152828,-0.015941
0.136029,0.152819,-0.017325
0.136348,0.154304,-0.019373
0.139043,0.154272,-0.021266
0.140344,0.153598,-0.022475
0.141186,0.155841,-0.024233
0.141668,0.153948,-0.025478
0.143999,0.154029,-0.026879
0.145190,0.155730,-0.029760
0.147987,0.151910,-0.032267
0.145918,0.154274,-0.035708
0.150340,0.153886,-0.038810
0.151533,0.154094,-0.039835
0.152027,0.155878,-0.046885
0.153849,0.154230,-0.051089
-0.078324,0.154627,-0.005255
-0.076469,0.154685,-0.001405
-0.075799,0.155230,0.002030
-0.074002,0.154767,0.007056
-0.073381,0.156199,0.009722
-0.070573,0.155146,0.010782
-0.071951,0.154562,0.013816
-0.068633,0.157312,0.017103
-0.066089,0.156141,0.017958
-0.066103,0.154696,0.021363
-0.064333,0.153775,0.020852
-0.064208,0.154625,0.022786
-0.062420,0.154443,0.021227
-0.059619,0.154256,0.025845
-0.058864,0.155976,0.026671
-0.056956,0.155270,0.028653
-0.055329,0.155612,0.029566
-0.056171,0.154621,0.028868
-0.052447,0.155068,0.030611
-0.052335,0.155811,0.031344
-0.050954,0.154223,0.032576
-0.049726,0.155987,0.036215
-0.047991,0.154168,0.034131
-0.046393,0.153732,0.035012
-0.046161,0.155686,0.034429
-0.043179,0.156065,0.036432
-0.042160,0.156191,0.036159
-0.040357,0.154847,0.037071
-0.039604,0.153510,0.036237
-0.036419,0.154506,0.038796
-0.037283,0.156822,0.037926
-0.036139,0.154500,0.039952
-0.033633,0.156651,0.040892
-0.030743,0.155822,0.041998
-0.029515,0.157734,0.043018
-0.028879,0.154762,0.041872
-0.027093,0.154917,0.041598
-0.026563,0.155582,0.043916
-0.025288,0.154178,0.044132
-0.024452,0.155672,0.046135
-0.022678,0.156072,0.044372
-0.022125,0.156915,0.043808
-0.019345,0.154746,0.045357
-0.019209,0.155112,0.046538
-0.017477,0.154620,0.046420
-0.015439,0.155742,0.047360
-0.013995,0.155817,0.047355
-0.012823,0.155748,0.047054
-0.012619,0.154328,0.047858
-0.011897,0.154860,0.048117
-0.008906,0.154197,0.046108
-0.008933,0.156381,0.049359
-0.007223,0.153950,0.050760
-0.004592,0.155798,0.049235
-0.004688,0.156535,0.048555
-0.001806,0.154310,0.049367
0.000131,0.156266,0.050521
0.001999,0.156429,0.051113
0.002873,0.154354,0.049623
0.003695,0.154041,0.050208
0.005697,0.155429,0.049225
0.004326,0.153533,0.050421
0.007418,0.154828,0.049629
0.009328,0.154481,0.049741
0.010105,0.156190,0.050627
0.011858,0.154661,0.049978
0.011357,0.154501,0.052211
0.013700,0.158436,0.050444
0.013449,0.156037,0.050891
0.018194,0.153897,0.052230
0.018357,0.156596,0.052653
0.019783,0.155511,0.051364
0.019937,0.154088,0.049447
0.023837,0.154160,0.051306
0.023186,0.155679,0.050898
0.025541,0.155226,0.051087
0.027565,0.157817,0.050089
0.026972,0.154408,0.049473
0.029069,0.154453,0.051899
0.031042,0.155675,0.048442
0.032881,0.154931,0.050477
0.034072,0.155120,0.050494
0.036034,0.155069,0.050681
0.034921,0.154528,0.051268
0.037259,0.155441,0.048210
0.038296,0.155440,0.049130
0.041504,0.154099,0.049425
0.042671,0.154894,0.049274
0.044770,0.153937,0.048942
0.044062,0.156107,0.047123
0.046571,0.154639,0.047879
0.045583,0.154731,0.049207
0.049525,0.153895,0.046166
0.049295,0.155356,0.045160
0.051363,0.154014,0.044713
0.052188,0.154915,0.043571
0.055159,0.155755,0.044780
0.056715,0.155076,0.045697
0.056377,0.157083,0.045417
0.057568,0.153336,0.044942
0.059140,0.154841,0.044282
0.061144,0.153546,0.042011
0.061101,0.153855,0.042446
0.064589,0.155997,0.041611
0.065217,0.154822,0.043403
0.066538,0.155297,0.041565
0.068946,0.154582,0.039294
0.068692,0.154387,0.040723
0.070488,0.156747,0.039296
0.070441,0.154772,0.039503
0.074819,0.155509,0.039830
0.075518,0.154882,0.036015
0.074881,0.155167,0.039212
0.076679,0.153736,0.035395
0.078796,0.155150,0.035762
0.080035,0.154508,0.035439
0.081648,0.156133,0.034883
0.081909,0.154698,0.032774
0.083530,0.154711,0.033542
0.086006,0.157224,0.031176
0.087970,0.154626,0.030930
0.090051,0.155283,0.030561
0.090287,0.153890,0.029683
0.091488,0.157431,0.029514
0.093495,0.156205,0.027187
0.093342,0.156896,0.025214
0.093727,0.154055,0.025057
0.098502,0.154139,0.021626
0.099147,0.156442,0.020378
0.101415,0.154754,0.020032
0.100013,0.157891,0.018588
0.102094,0.156370,0.017958
0.102911,0.154261,0.016553
0.105948,0.155635,0.013905
0.107171,0.154582,0.011612
0.107569,0.156873,0.010965
0.110327,0.156692,0.009486
0.111667,0.154867,0.008342
0.113377,0.155327,0.005001
0.115169,0.154626,0.003954
0.114621,0.155616,0.003527
0.116838,0.155068,0.001443
0.119084,0.153617,0.001729
0.120949,0.155483,-0.000729
0.122176,0.156124,-0.002731
0.121176,0.155073,-0.005078
0.123189,0.155897,-0.005403
0.124566,0.155644,-0.006376
0.129081,0.154573,-0.009084
0.129565,0.157546,-0.009114
0.130206,0.156222,-0.010810
0.130618,0.153182,-0.013193
0.133126,0.155389,-0.013454
0.135793,0.155977,-0.015754
0.134806,0.156655,-0.015958
0.135931,0.154248,-0.020846
0.138277,0.156489,-0.020934
0.141258,0.154388,-0.020515
0.141065,0.155966,-0.023127
0.144612,0.155152,-0.026171
0.144030,0.155979,-0.028714
0.144629,0.153298,-0.030767
0.147197,0.154848,-0.035750
0.148348,0.155611,-0.035855
0.149332,0.154964,-0.039975
0.152952,0.153933,-0.042614
0.154048,0.155192,-0.048033
0.154277,0.155622,-0.057142
-0.079753,0.155242,-0.006030
-0.077055,0.158308,-0.001639
-0.073883,0.157110,0.003365
-0.074168,0.159975,0.007535
-0.073572,0.155847,0.008834
-0.071433,0.157762,0.012895
-0.070292,0.157760,0.014567
-0.068693,0.156651,0.017644
-0.065351,0.156684,0.019170
-0.065413,0.157077,0.019405
-0.062819,0.155911,0.024183
-0.062433,0.155212,0.022623
-0.060638,0.154331,0.026292
-0.059185,0.157037,0.026706
-0.059306,0.156861,0.027730
-0.056962,0.155867,0.029457
-0.056219,0.157026,0.030006
-0.053718,0.156123,0.031695
-0.052371,0.158508,0.030641
-0.051243,0.157980,0.032878
-0.050011,0.157309,0.032918
-0.048822,0.157690,0.034359
-0.047649,0.156543,0.034113
-0.045602,0.156979,0.035376
-0.043389,0.156783,0.035391
-0.041426,0.157356,0.036072
-0.041540,0.156261,0.037031
-0.039635,0.158388,0.038391
-0.037099,0.156522,0.037709
-0.036667,0.156508,0.038361
-0.036959,0.156621,0.040239
-0.036906,0.155852,0.040045
-0.033954,0.156864,0.040817
-0.030833,0.158022,0.044683
-0.030302,0.155741,0.041389
-0.027491,0.156829,0.044496
-0.027916,0.155157,0.041806
-0.025892,0.157516,0.046312
-0.024369,0.157260,0.044222
-0.024153,0.156087,0.044712
-0.023975,0.156877,0.044008
-0.020727,0.157528,0.045042
-0.019595,0.155960,0.045325
-0.019106,0.155574,0.046256
-0.017044,0.159470,0.044343
-0.013909,0.157019,0.047467
-0.014884,0.155418,0.046974
-0.012481,0.155614,0.047834
-0.012184,0.156355,0.046554
-0.008630,0.155888,0.047339
-0.010669,0.155732,0.047069
-0.007854,0.156471,0.046985
-0.007298,0.156709,0.048689
-0.004241,0.156437,0.047856
-0.004044,0.157224,0.048019
-0.000712,0.156024,0.051287
0.000257,0.158909,0.050929
0.000544,0.155642,0.051114
0.002075,0.157529,0.049526
0.003825,0.157065,0.051053
0.005107,0.155809,0.052282
0.003720,0.156867,0.049325
0.007125,0.156886,0.051868
0.009208,0.156674,0.050825
0.009270,0.157108,0.052384
0.011168,0.156294,0.052497
0.012772,0.157549,0.051516
0.013736,0.157114,0.050657
0.016609,0.157168,0.050586
0.018481,0.155336,0.051307
0.019810,0.157351,0.051403
0.018487,0.157766,0.051811
0.021047,0.156905,0.052633
0.021995,0.158159,0.051647
0.024806,0.156069,0.049838
0.026342,0.157697,0.050939
0.027974,0.157572,0.049865
0.026813,0.157720,0.052478
0.028640,0.156828,0.051701
0.031673,0.156508,0.049984
0.032923,0.156853,0.051143
0.033051,0.156321,0.049165
0.035803,0.156195,0.050854
0.037609,0.157458,0.050607
0.036921,0.157282,0.050831
0.038830,0.155216,0.048226
0.040879,0.158369,0.051276
0.041677,0.157386,0.049984
0.042261,0.156224,0.047321
0.044360,0.156485,0.047710
0.046430,0.155748,0.049326
0.046328,0.158235,0.046670
0.049846,0.156969,0.046557
0.049216,0.158275,0.046528
0.053475,0.156759,0.045903
0.052850,0.158739,0.045872
0.054563,0.156223,0.046632
0.057612,0.154877,0.045998
0.055776,0.154593,0.046878
0.058919,0.157791,0.044627
0.060045,0.157063,0.043696
0.059806,0.156317,0.043703
0.060085,0.156737,0.043745
0.063616,0.157223,0.041728
0.064068,0.158095,0.042666
0.066914,0.156398,0.041894
0.066891,0.157485,0.041122
0.070140,0.156700,0.041116
0.071801,0.155600,0.037398
0.073164,0.158584,0.038182
0.073286,0.157434,0.038171
0.075548,0.156757,0.038336
0.074977,0.156118,0.039033
0.078299,0.158074,0.038569
0.080005,0.156989,0.037291
0.080295,0.156850,0.035452
0.081822,0.156830,0.034546
0.082638,0.156718,0.034567
0.084662,0.158404,0.031655
0.086365,0.156912,0.031253
0.086633,0.157229,0.030572
0.089546,0.157432,0.029537
0.090336,0.154979,0.027543
0.091956,0.156205,0.028443
0.092538,0.156138,0.025983
0.094099,0.157963,0.026133
0.094621,0.155832,0.023389
0.097651,0.157575,0.023297
0.096343,0.156071,0.019904
0.099183,0.154781,0.020127
0.101406,0.155693,0.016062
0.102742,0.157241,0.016270
0.104189,0.157075,0.016555
0.106995,0.157884,0.014091
0.106609,0.158027,0.012794
0.109285,0.156432,0.010780
0.111806,0.158979,0.008701
0.111175,0.156227,0.009228
0.113035,0.158845,0.007128
0.113994,0.155757,0.006141
0.116703,0.157160,0.002951
0.119833,0.158496,0.003321
0.119575,0.157091,0.001159
0.121216,0.157088,-0.000076
0.119441,0.157335,-0.002894
0.123454,0.156056,-0.003109
0.120936,0.157047,-0.005329
0.126067,0.156948,-0.007502
0.127601,0.157134,-0.008994
0.129186,0.158553,-0.008491
0.129878,0.158282,-0.009719
0.132027,0.156140,-0.012896
0.133713,0.157750,-0.013813
0.132785,0.158410,-0.017255
0.135449,0.156041,-0.017649
0.136739,0.157165,-0.019264
0.139521,0.157813,-0.020965
0.138916,0.158443,-0.024018
0.142316,0.155507,-0.023342
0.141320,0.156594,-0.026586
0.144279,0.156580,-0.028941
0.145616,0.157142,-0.031433
0.147517,0.157458,-0.035162
0.148695,0.157732,-0.037754
0.149933,0.157355,-0.041722
0.152998,0.158371,-0.048136
0.153991,0.158308,-0.051445
-0.078649,0.158098,-0.005667
-0.076094,0.158629,-0.000200
-0.075217,0.159715,0.004776
-0.074188,0.157473,0.009178
-0.073309,0.159012,0.009836
-0.070722,0.159914,0.011872
-0.071218,0.158355,0.015313
-0.067704,0.159273,0.016874
-0.068058,0.159414,0.019053
-0.066685,0.158103,0.020712
-0.066400,0.159513,0.022228
-0.064116,0.157456,0.025269
-0.060654,0.160936,0.023020
-0.060249,0.158084,0.026590
-0.058196,0.158245,0.028640
-0.057392,0.157603,0.030780
-0.057408,0.159546,0.031279
-0.055416,0.157940,0.030140
-0.053132,0.157765,0.032110
-0.049677,0.161019,0.031921
-0.051244,0.159435,0.034049
-0.049241,0.158952,0.035400
-0.048094,0.158012,0.035455
-0.046889,0.157805,0.035484
-0.046126,0.158186,0.038593
-0.042361,0.158095,0.039527
-0.042523,0.159243,0.037787
-0.039926,0.158025,0.039679
-0.038997,0.158678,0.039098
-0.040635,0.158447,0.039092
-0.036180,0.158529,0.042533
-0.037015,0.158370,0.042060
-0.034196,0.159526,0.043161
-0.030782,0.157098,0.042628
-0.030491,0.157514,0.043863
-0.031106,0.158815,0.043041
-0.027632,0.159200,0.045636
-0.027146,0.157269,0.045443
-0.024495,0.157884,0.044134
-0.022608,0.158683,0.044583
-0.020598,0.157994,0.046141
-0.019525,0.157471,0.047116
-0.018035,0.158027,0.046742
-0.018623,0.158335,0.045941
-0.016598,0.157783,0.045135
-0.014775,0.158651,0.047215
-0.012434,0.157667,0.047661
-0.013835,0.158071,0.047926
-0.012726,0.157597,0.046824
-0.009976,0.159618,0.048528
-0.008723,0.159508,0.047932
-0.008026,0.158635,0.048102
-0.005133,0.157725,0.050765
-0.007388,0.157914,0.050794
-0.004578,0.155792,0.050899
-0.003251,0.158652,0.050875
0.000889,0.158869,0.050350
-0.001440,0.158742,0.050722
0.001370,0.159513,0.052370
0.002998,0.158322,0.051128
0.005503,0.159242,0.051529
0.006426,0.159148,0.052274
0.007991,0.158333,0.050387
0.008578,0.158739,0.052270
0.011416,0.158900,0.052459
0.012235,0.159565,0.051243
0.011946,0.157330,0.051441
0.013406,0.156201,0.052996
0.015926,0.158370,0.052249
0.017024,0.155310,0.051866
0.017977,0.158447,0.051690
0.019925,0.159072,0.052605
0.020929,0.156113,0.050418
0.021938,0.159502,0.052702
0.023260,0.157669,0.051681
0.025941,0.156799,0.053323
0.026838,0.158510,0.052681
0.026544,0.158757,0.051212
0.030851,0.159417,0.051728
0.030718,0.159446,0.051629
0.031511,0.159099,0.050662
0.033759,0.159918,0.051254
0.034282,0.158669,0.049732
0.036002,0.157640,0.049905
0.037568,0.157769,0.049297
0.038914,0.157277,0.051061
0.037184,0.158647,0.049968
0.041142,0.158675,0.049101
0.042580,0.157461,0.048727
0.044695,0.158793,0.049588
0.045555,0.157776,0.047350
0.047488,0.157138,0.048015
0.046452,0.160117,0.048595
0.049240,0.159503,0.046444
0.052146,0.158200,0.044849
0.051129,0.158643,0.047475
0.054537,0.157969,0.043789
0.055784,0.157756,0.044556
0.056344,0.157330,0.046625
0.057583,0.157663,0.042619
0.059546,0.157684,0.042716
0.062215,0.159081,0.043009
0.061490,0.158793,0.043262
0.062787,0.158720,0.042384
0.064958,0.157021,0.042056
0.066314,0.159254,0.040464
0.068924,0.159822,0.042128
0.069289,0.156875,0.039898
0.069499,0.157442,0.039822
0.073349,0.158797,0.036787
0.072249,0.158228,0.036602
0.075465,0.157625,0.037263
0.077916,0.159675,0.037628
0.077924,0.156808,0.036324
0.079102,0.157428,0.037669
0.079564,0.157696,0.036688
0.081159,0.159576,0.036071
0.080578,0.158141,0.031317
0.084462,0.159362,0.030761
0.087736,0.159030,0.031169
0.086792,0.158424,0.031456
0.089634,0.156872,0.029328
0.089282,0.158292,0.028920
0.092417,0.158303,0.027379
0.092711,0.157662,0.025484
0.093561,0.160050,0.026071
0.094617,0.158497,0.021796
0.096532,0.159496,0.023788
0.097286,0.157462,0.019446
0.099518,0.159524,0.017968
0.102610,0.156413,0.017106
0.103971,0.158320,0.016921
0.102619,0.160071,0.017622
0.104921,0.158322,0.012978
0.105599,0.158342,0.011807
0.109143,0.156677,0.009103
0.108622,0.158808,0.008882
0.111964,0.157870,0.009236
0.111962,0.158233,0.005981
0.115820,0.158134,0.006651
0.115194,0.159840,0.003449
0.115710,0.160113,0.000859
0.118216,0.158756,-0.000335
0.117963,0.157504,-0.001552
0.120157,0.156361,-0.002671
0.124276,0.160165,-0.003478
0.124903,0.157813,-0.005758
0.125659,0.158771,-0.008332
0.127035,0.158743,-0.010584
0.127734,0.158869,-0.008522
0.130278,0.158719,-0.012292
0.130045,0.157562,-0.010902
0.133911,0.157690,-0.013607
0.134961,0.158097,-0.016582
0.135390,0.158600,-0.016935
0.136528,0.157998,-0.021512
0.138815,0.159958,-0.021324
0.138219,0.157453,-0.024707
0.140061,0.158877,-0.026204
0.143339,0.158350,-0.028898
0.143979,0.157613,-0.030617
0.145562,0.158619,-0.034546
0.145520,0.160999,-0.036977
0.148396,0.160983,-0.038460
0.151143,0.159072,-0.043841
0.153153,0.160569,-0.049790
-0.077344,0.160264,-0.005032
-0.077404,0.160703,0.000336
-0.076620,0.159354,0.004195
-0.074817,0.159409,0.007846
-0.073721,0.160918,0.011106
-0.072030,0.160200,0.012087
-0.069749,0.159034,0.014574
-0.068800,0.159120,0.017286
-0.066866,0.158473,0.020350
-0.066189,0.159626,0.022274
-0.063122,0.158912,0.022095
-0.062972,0.160108,0.024079
-0.061738,0.160361,0.024964
-0.060603,0.161389,0.027373
-0.057111,0.161113,0.028912
-0.059086,0.159396,0.030195
-0.054639,0.161007,0.030923
-0.054510,0.159245,0.033265
-0.052595,0.158965,0.032685
-0.052258,0.158408,0.032954
-0.049074,0.162064,0.034738
-0.048824,0.159571,0.035338
-0.046513,0.160750,0.036204
-0.046536,0.160983,0.036806
-0.044581,0.159140,0.037166
-0.043290,0.160385,0.036874
-0.041918,0.160440,0.037121
-0.040454,0.160959,0.039132
-0.039599,0.158386,0.040998
-0.039391,0.159459,0.040593
-0.037698,0.158916,0.041425
-0.035667,0.162109,0.040786
-0.033094,0.158788,0.043614
-0.031862,0.159340,0.043102
-0.030041,0.158745,0.046398
-0.030275,0.160295,0.043962
-0.027542,0.162071,0.043244
-0.026845,0.159293,0.044459
-0.023585,0.160973,0.046788
-0.024747,0.160349,0.044585
-0.023078,0.161324,0.046405
-0.019530,0.161070,0.047607
-0.016371,0.159742,0.048444
-0.019662,0.158684,0.046261
-0.017523,0.159275,0.048275
-0.015121,0.158781,0.047398
-0.015055,0.159599,0.048288
-0.014861,0.160023,0.049894
-0.010489,0.159852,0.049173
-0.011147,0.159310,0.048244
-0.006721,0.160530,0.050677
-0.007403,0.159744,0.050863
-0.004757,0.162252,0.050820
-0.004218,0.159647,0.051539
-0.002767,0.160221,0.050212
-0.002482,0.159042,0.049241
-0.002621,0.159999,0.051108
-0.000095,0.160473,0.050555
0.002905,0.160640,0.052072
0.004817,0.159366,0.050973
0.004700,0.160453,0.052792
0.006633,0.158743,0.052203
0.009060,0.163080,0.049872
0.009118,0.160371,0.051424
0.010032,0.159984,0.052812
0.012250,0.159088,0.050695
0.015744,0.160154,0.052020
0.016525,0.158715,0.050708
0.016220,0.161312,0.051550
0.018805,0.161986,0.051867
0.018911,0.160272,0.053248
0.020680,0.157644,0.052595
0.019614,0.157939,0.052552
0.020486,0.157614,0.053713
0.024005,0.159570,0.052493
0.026058,0.160211,0.051618
0.025597,0.158868,0.050235
0.028848,0.159676,0.051473
0.028855,0.158751,0.050419
0.030438,0.160205,0.051258
0.032221,0.162114,0.051705
0.034406,0.158553,0.052164
0.035131,0.160405,0.051072
0.036168,0.161480,0.050934
0.037732,0.161195,0.051081
0.038949,0.158062,0.049715
0.040405,0.160512,0.050210
0.042408,0.159849,0.049854
0.042187,0.160796,0.051097
0.044515,0.159990,0.049644
0.046114,0.159977,0.046761
0.047460,0.157752,0.047742
0.048388,0.159748,0.046573
0.050806,0.159242,0.047308
0.051748,0.161172,0.044877
0.055091,0.161843,0.045452
0.055265,0.159633,0.046399
0.055832,0.157936,0.045721
0.056081,0.160393,0.044294
0.058062,0.159667,0.044895
0.060737,0.160271,0.046325
0.062173,0.161381,0.043807
0.061979,0.158309,0.043873
0.064119,0.158825,0.041298
0.066197,0.159857,0.041808
0.065864,0.159740,0.040885
0.068171,0.158719,0.041375
0.070586,0.159608,0.038868
0.070889,0.162190,0.041902
0.070838,0.158169,0.038822
0.073297,0.160116,0.037825
0.073913,0.160838,0.040849
0.077668,0.159548,0.037177
0.075816,0.157844,0.037211
0.077644,0.159312,0.036003
0.080788,0.160742,0.035178
0.081395,0.161063,0.035635
0.081595,0.160324,0.034580
0.083204,0.160563,0.031757
0.083880,0.159751,0.031131
0.087614,0.158618,0.028608
0.088731,0.157931,0.029842
0.090314,0.159742,0.028677
0.090946,0.161210,0.028335
0.091864,0.159641,0.025989
0.093486,0.159968,0.023229
0.094434,0.159159,0.024450
0.096095,0.158016,0.023571
0.099633,0.159742,0.022799
0.100626,0.159300,0.021452
0.102919,0.160108,0.018658
0.102397,0.161174,0.018288
0.103687,0.160692,0.014328
0.105120,0.160702,0.015262
0.107169,0.157269,0.011885
0.108360,0.159798,0.010418
0.110670,0.159839,0.008876
0.111302,0.160641,0.007559
0.112702,0.160380,0.007184
0.115839,0.160008,0.005192
0.113703,0.158644,0.003952
0.119142,0.159611,0.002713
0.117055,0.160234,0.001984
0.118727,0.160958,-0.002579
0.119874,0.160594,-0.003662
0.121186,0.159500,-0.004748
0.125473,0.160074,-0.005927
0.123848,0.160722,-0.007941
0.128742,0.161368,-0.009252
0.128316,0.158852,-0.009398
0.129083,0.161336,-0.012780
0.129798,0.160403,-0.012283
0.131207,0.159511,-0.015889
0.136149,0.159007,-0.016177
0.134484,0.160225,-0.018751
0.135974,0.159273,-0.019739
0.138978,0.162403,-0.024154
0.140622,0.158860,-0.024659
0.141108,0.161926,-0.024829
0.142204,0.160574,-0.027882
0.143532,0.160546,-0.031597
0.146661,0.161275,-0.034988
0.148247,0.160441,-0.037436
0.149779,0.161101,-0.041467
0.152219,0.161182,-0.046847
0.152876,0.159116,-0.052941
-0.078911,0.162496,-0.001776
-0.076304,0.162061,0.000810
-0.077085,0.162611,0.004162
-0.075565,0.162165,0.008037
-0.071800,0.161496,0.011479
-0.072842,0.162291,0.013152
-0.069755,0.161497,0.015172
-0.067356,0.160834,0.018652
-0.065611,0.159505,0.020457
-0.066172,0.161663,0.021741
-0.063285,0.163071,0.024083
-0.063719,0.163743,0.026132
-0.060841,0.161974,0.026293
-0.060677,0.159266,0.026720
-0.058627,0.161334,0.029210
-0.056128,0.162096,0.031152
-0.056688,0.162839,0.031003
-0.053157,0.162519,0.033078
-0.052789,0.162113,0.032570
-0.053376,0.160609,0.033960
-0.049616,0.161869,0.034160
-0.049834,0.162250,0.035796
-0.046773,0.159978,0.036578
-0.047294,0.161373,0.037913
-0.044290,0.161748,0.038089
-0.043498,0.162074,0.039324
-0.041482,0.162499,0.040200
-0.040842,0.160355,0.040651
-0.040488,0.161226,0.041852
-0.038504,0.161501,0.041081
-0.035701,0.162263,0.041002
-0.035832,0.161837,0.043698
-0.032942,0.162170,0.041878
-0.031993,0.162488,0.043286
-0.031883,0.161690,0.043226
-0.029787,0.162412,0.043920
-0.026083,0.161954,0.045156
-0.025654,0.159762,0.043015
-0.025628,0.160839,0.047149
-0.024141,0.161470,0.045803
-0.024435,0.161603,0.045868
-0.020824,0.160860,0.046507
-0.019033,0.161573,0.046731
-0.018643,0.161876,0.048373
-0.017298,0.162040,0.049258
-0.013955,0.162023,0.047554
-0.012068,0.161067,0.047899
-0.012526,0.161734,0.048494
-0.012113,0.161051,0.050927
-0.010085,0.161514,0.050977
-0.008688,0.163366,0.046777
-0.008801,0.162206,0.049229
-0.004063,0.162608,0.052177
-0.005315,0.161692,0.050506
-0.002768,0.161145,0.048503
-0.002692,0.162402,0.051094
-0.000696,0.161706,0.051352
0.002931,0.162244,0.051514
0.000821,0.162023,0.050459
0.004279,0.160493,0.052453
0.004873,0.160111,0.051822
0.006862,0.161090,0.050960
0.006541,0.159835,0.053840
0.008954,0.162265,0.055198
0.009633,0.161032,0.052295
0.011368,0.160828,0.051695
0.013519,0.162975,0.053333
0.014187,0.160201,0.052897
0.016234,0.163804,0.052428
0.015409,0.160808,0.051028
0.018304,0.162287,0.052187
0.018832,0.161933,0.052623
0.021774,0.159583,0.053154
0.022597,0.162345,0.053908
0.023452,0.160934,0.052899
0.024965,0.159985,0.053526
0.025874,0.158339,0.050448
0.027288,0.161422,0.052964
0.029111,0.160506,0.050505
0.031833,0.160997,0.050365
0.032405,0.160216,0.052246
0.034307,0.161176,0.050273
0.034739,0.160794,0.049328
0.035979,0.163853,0.050305
0.037545,0.160307,0.050759
0.040360,0.161216,0.049874
0.039052,0.161252,0.049896
0.042081,0.162427,0.050735
0.042994,0.162975,0.049688
0.044893,0.162189,0.048100
0.046980,0.162655,0.049534
0.046741,0.160791,0.048410
0.047653,0.163456,0.047536
0.049835,0.159714,0.048615
0.050269,0.162537,0.046998
0.053554,0.162162,0.046257
0.054435,0.160652,0.045045
0.056790,0.163117,0.045311
0.054951,0.160945,0.045078
0.057843,0.161636,0.044354
0.060452,0.162023,0.044820
0.061967,0.161870,0.043814
0.061181,0.161686,0.045564
0.063860,0.160225,0.043826
0.066594,0.161791,0.042781
0.066377,0.161581,0.039962
0.068231,0.160719,0.040242
0.068849,0.162036,0.041576
0.069633,0.160531,0.040496
0.070923,0.160578,0.038275
0.073832,0.163296,0.038307
0.074605,0.162753,0.038065
0.075691,0.160857,0.038251
0.076165,0.161082,0.037053
0.080226,0.161998,0.036348
0.080639,0.160866,0.035778
0.082330,0.160102,0.034409
0.083081,0.162183,0.034306
0.083575,0.161082,0.032200
0.084223,0.160183,0.030229
0.086990,0.161503,0.032071
0.087807,0.161910,0.030158
0.089749,0.162968,0.030190
0.089980,0.158384,0.028101
0.094780,0.162414,0.025419
0.092310,0.160848,0.025291
0.095233,0.162534,0.022852
0.097565,0.162282,0.023314
0.099604,0.161598,0.020797
0.099884,0.162955,0.021204
0.101398,0.163717,0.019679
0.103202,0.160944,0.016462
0.103320,0.163084,0.016002
0.104409,0.160523,0.014532
0.107214,0.162072,0.013542
0.109627,0.162469,0.010248
0.108503,0.161808,0.008794
0.109517,0.160129,0.006507
0.111725,0.161021,0.008749
0.113919,0.162014,0.005410
0.116464,0.162109,0.003292
0.115528,0.161389,0.002529
0.116542,0.161410,-0.000379
0.119154,0.162662,-0.001076
0.121831,0.162080,-0.000924
0.123514,0.161726,-0.005633
0.124226,0.161959,-0.006813
0.126223,0.161361,-0.006124
0.125047,0.161216,-0.007183
0.127372,0.159918,-0.008967
0.130080,0.160547,-0.011181
0.130433,0.162150,-0.013100
0.132006,0.163399,-0.017352
0.134239,0.163200,-0.017073
0.136677,0.162621,-0.020509
0.136601,0.163064,-0.021628
0.139219,0.161730,-0.021912
0.140568,0.162072,-0.025971
0.140587,0.160529,-0.028095
0.143441,0.160516,-0.030132
0.145039,0.161795,-0.034850
0.146644,0.162073,-0.035645
0.146248,0.161188,-0.038207
0.147601,0.162851,-0.046759
0.150215,0.163440,-0.050213
-0.079515,0.163900,-0.005362
-0.077442,0.163138,-0.000150
-0.074391,0.162010,0.004345
-0.073002,0.162283,0.008891
-0.073483,0.163212,0.011824
-0.071390,0.162407,0.011641
-0.070834,0.164918,0.016111
-0.066245,0.163252,0.018190
-0.067530,0.164162,0.020788
-0.064954,0.162164,0.021693
-0.064473,0.164647,0.024712
-0.062372,0.163760,0.027000
-0.061784,0.163141,0.026678
-0.061880,0.163283,0.028951
-0.060134,0.164103,0.030961
-0.058144,0.163144,0.030828
-0.056295,0.162402,0.030609
-0.054105,0.164323,0.032682
-0.052590,0.165174,0.031788
-0.049883,0.164139,0.033206
-0.048675,0.164140,0.034513
-0.048722,0.163213,0.035554
-0.046411,0.161196,0.035677
-0.046590,0.163366,0.036218
-0.043863,0.164786,0.038305
-0.043427,0.161548,0.037954
-0.040543,0.163522,0.040056
-0.039606,0.164476,0.039158
-0.040192,0.163035,0.042398
-0.038123,0.163575,0.042216
-0.036247,0.162439,0.042367
-0.036073,0.161449,0.042818
-0.032672,0.163044,0.042843
-0.031296,0.162168,0.044545
-0.031778,0.162828,0.045160
-0.029556,0.163163,0.043054
-0.028219,0.161246,0.044983
-0.026851,0.163316,0.043883
-0.025117,0.162532,0.045837
-0.022778,0.162947,0.047624
-0.022361,0.164690,0.047775
-0.022289,0.163540,0.047953
-0.020461,0.164055,0.045613
-0.017915,0.162735,0.048076
-0.018666,0.163735,0.048378
-0.014172,0.162567,0.050191
-0.013586,0.163030,0.050590
-0.012751,0.161612,0.049512
-0.011939,0.165062,0.049662
-0.011510,0.163590,0.050447
-0.007592,0.161403,0.049387
-0.008120,0.160804,0.052159
-0.006630,0.164565,0.048997
-0.005130,0.162810,0.052596
-0.003603,0.162946,0.050260
-0.003660,0.163687,0.050848
-0.000454,0.162793,0.050103
0.000508,0.162025,0.051973
0.000776,0.162028,0.051646
0.005532,0.161108,0.051068
0.006504,0.161031,0.052353
0.006129,0.163281,0.050745
0.006581,0.160925,0.053056
0.010387,0.162280,0.050703
0.011153,0.163292,0.052608
0.011327,0.162317,0.052168
0.014423,0.162022,0.054416
0.011756,0.161983,0.052214
0.016700,0.163595,0.052598
0.017105,0.161964,0.053104
0.019869,0.161455,0.051521
0.018555,0.164268,0.051739
0.022199,0.162934,0.053065
0.023865,0.161866,0.052528
0.023110,0.162632,0.054727
0.026397,0.163496,0.052735
0.026478,0.163120,0.053810
0.028682,0.162133,0.053198
0.028757,0.162805,0.052625
0.030255,0.161955,0.051745
0.031256,0.163582,0.052991
0.033036,0.161233,0.051406
0.034620,0.163309,0.053067
0.035130,0.163024,0.050639
0.037732,0.163940,0.048501
0.039664,0.164426,0.049427
0.039839,0.163621,0.049549
0.040192,0.162682,0.048405
0.043298,0.161977,0.049133
0.043194,0.162831,0.047201
0.044642,0.161059,0.048594
0.047960,0.164021,0.048770
0.046665,0.164570,0.048884
0.051401,0.164334,0.047632
0.049977,0.160249,0.044917
0.054001,0.162415,0.045913
0.054076,0.163791,0.046042
0.054056,0.163591,0.046697
0.056191,0.166169,0.045658
0.058399,0.162112,0.044706
0.058459,0.164607,0.044460
0.061055,0.162550,0.042813
0.062716,0.162497,0.042319
0.063096,0.164253,0.042194
0.064688,0.163263,0.044141
0.066361,0.163768,0.042373
0.067556,0.162120,0.040390
0.069936,0.163280,0.041114
0.073261,0.163388,0.040989
0.073999,0.162378,0.041466
0.073311,0.163429,0.039862
0.074228,0.162115,0.038359
0.076737,0.163324,0.036265
0.076991,0.162993,0.037230
0.077879,0.164858,0.035950
0.080022,0.163643,0.035700
0.080872,0.163805,0.034946
0.080786,0.161871,0.032816
0.085571,0.163570,0.033011
0.088020,0.163575,0.032464
0.088578,0.163256,0.032166
0.089716,0.163360,0.030619
0.089653,0.163982,0.029192
0.089369,0.162448,0.026145
0.093694,0.162600,0.025538
0.095241,0.163086,0.026688
0.097465,0.162954,0.023822
0.096147,0.162518,0.022948
0.100416,0.163019,0.021067
0.099266,0.163929,0.018813
0.101220,0.163411,0.016958
0.101703,0.162481,0.017126
0.102408,0.163615,0.014897
0.105492,0.162293,0.014769
0.106635,0.164413,0.011077
0.107047,0.164957,0.010807
0.110621,0.162933,0.009584
0.110685,0.164296,0.006884
0.110918,0.162947,0.007511
0.113024,0.162213,0.004760
0.114124,0.162500,0.003245
0.117448,0.162183,0.001680
0.119252,0.164248,0.000398
0.119684,0.163291,-0.001902
0.120137,0.163714,-0.003753
0.123262,0.162965,-0.004746
0.123032,0.164668,-0.007370
0.125585,0.162705,-0.007883
0.126580,0.163300,-0.010024
0.129123,0.163614,-0.011703
0.129982,0.162120,-0.010586
0.132543,0.163738,-0.011982
0.133814,0.163505,-0.015664
0.134446,0.163545,-0.018885
0.135283,0.161008,-0.019077
0.136362,0.165020,-0.021311
0.138832,0.164514,-0.024912
0.139371,0.164019,-0.023971
0.140440,0.162913,-0.028966
0.142740,0.161894,-0.031740
0.144005,0.163059,-0.034132
0.145665,0.164494,-0.038023
0.147952,0.164416,-0.041035
0.149215,0.163753,-0.049572
0.151306,0.161400,-0.055191
-0.079929,0.166272,-0.017618
-0.078586,0.164561,-0.002551
-0.077814,0.163837,0.002358
-0.075768,0.164975,0.005452
-0.074085,0.164668,0.010331
-0.072374,0.162110,0.012186
-0.070944,0.165577,0.013794
-0.071319,0.165008,0.019079
-0.067382,0.165976,0.019127
-0.066501,0.163577,0.021880
-0.065329,0.164382,0.022209
-0.064381,0.166269,0.024261
-0.061514,0.163039,0.026264
-0.061967,0.165788,0.025424
-0.061477,0.164451,0.029164
-0.058532,0.165594,0.032060
-0.058668,0.163935,0.031720
-0.055352,0.163582,0.031111
-0.053092,0.164923,0.033203
-0.052106,0.165040,0.033856
-0.051912,0.164056,0.033572
-0.050794,0.164078,0.036164
-0.047259,0.166421,0.038792
-0.047370,0.164917,0.038241
-0.045150,0.165482,0.038597
-0.046351,0.164843,0.039912
-0.042836,0.164965,0.037584
-0.042252,0.165016,0.040151
-0.040787,0.164519,0.039514
-0.038397,0.164487,0.042121
-0.036426,0.164540,0.042141
-0.036442,0.165453,0.043911
-0.035713,0.163351,0.043421
-0.035405,0.163490,0.044748
-0.032313,0.162977,0.043341
-0.030982,0.165868,0.045657
-0.029180,0.165267,0.044925
-0.026851,0.165183,0.047825
-0.025393,0.163748,0.046776
-0.026643,0.165038,0.045320
-0.023420,0.162945,0.046076
-0.024317,0.163579,0.046172
-0.021039,0.162458,0.047218
-0.019087,0.164607,0.048784
-0.017855,0.163871,0.047934
-0.016058,0.165672,0.048999
-0.014628,0.164257,0.049372
-0.014372,0.163500,0.049130
-0.014203,0.164848,0.050108
-0.010754,0.162645,0.047445
-0.011138,0.163383,0.049313
-0.009239,0.163932,0.049170
-0.006988,0.164790,0.050156
-0.007791,0.164531,0.051528
-0.005156,0.165718,0.050469
-0.003639,0.163753,0.051737
-0.002279,0.164634,0.052181
-0.000690,0.164561,0.051882
0.001469,0.165858,0.052458
0.002276,0.164868,0.051420
0.002613,0.163932,0.052050
0.005493,0.163976,0.053199
0.007090,0.165808,0.051793
0.008111,0.165467,0.053666
0.010101,0.164422,0.053786
0.012054,0.164744,0.052828
0.011407,0.164496,0.053350
0.011887,0.164158,0.052715
0.015401,0.163029,0.053730
0.017787,0.165328,0.052828
0.018262,0.164183,0.053003
0.017912,0.164239,0.054062
0.019667,0.164744,0.053931
0.019147,0.165182,0.053757
0.022995,0.165564,0.051403
0.025177,0.163736,0.053814
0.024780,0.164561,0.051914
0.028855,0.165033,0.052537
0.027134,0.162722,0.053992
0.031913,0.163444,0.051060
0.030893,0.164979,0.052634
0.032700,0.163672,0.051147
0.034909,0.163436,0.052256
0.032677,0.164665,0.050013
0.036419,0.163769,0.052292
0.037305,0.165519,0.050590
0.040199,0.165794,0.051067
0.041548,0.163524,0.050301
0.042588,0.165539,0.050735
0.041458,0.163513,0.050138
0.044518,0.165178,0.049783
0.043636,0.163141,0.049158
0.047291,0.164539,0.050592
0.049922,0.165499,0.047218
0.048533,0.164245,0.047485
0.050628,0.163099,0.047289
0.051188,0.164081,0.045780
0.054692,0.163901,0.046450
0.053836,0.166303,0.045503
0.057811,0.164446,0.044859
0.058709,0.164709,0.046795
0.058867,0.163313,0.044669
0.060608,0.165726,0.045023
0.060885,0.164901,0.045952
0.063655,0.163723,0.046392
0.065146,0.162133,0.041951
0.066181,0.162843,0.045050
0.067630,0.166705,0.039332
0.068389,0.164094,0.042580
0.068877,0.163129,0.040029
0.070966,0.164941,0.041957
0.072189,0.165540,0.039986
0.075512,0.166203,0.038548
0.074768,0.164340,0.037924
0.078193,0.163676,0.037478
0.079178,0.164570,0.035722
0.082899,0.164544,0.035777
0.081721,0.164989,0.034213
0.084428,0.164277,0.033293
0.083909,0.164797,0.035397
0.085899,0.164217,0.032288
0.086275,0.164756,0.031474
0.086401,0.166292,0.031093
0.089874,0.165381,0.030316
0.091378,0.166656,0.028034
0.095273,0.165756,0.026248
0.093691,0.164785,0.025822
0.095603,0.165168,0.022550
0.096922,0.165362,0.022739
0.096944,0.163629,0.021794
0.098668,0.165480,0.020718
0.101900,0.164673,0.019468
0.103816,0.164124,0.018600
0.104276,0.165012,0.016527
0.107071,0.165310,0.014596
0.107796,0.163472,0.012964
0.107215,0.164786,0.012806
0.109293,0.162647,0.011021
0.112597,0.165343,0.006910
0.112774,0.164202,0.005681
0.115173,0.165638,0.003442
0.116524,0.166609,0.004978
0.116654,0.165976,0.002081
0.118511,0.164074,-0.000131
0.121622,0.163661,-0.001881
0.121041,0.165908,-0.004159
0.121683,0.164582,-0.006751
0.124068,0.164629,-0.005675
0.125703,0.164398,-0.007103
0.127109,0.165208,-0.008860
0.129112,0.165504,-0.011166
0.129100,0.165839,-0.011936
0.131937,0.164690,-0.014473
0.132786,0.164000,-0.016082
0.137698,0.165985,-0.018093
0.135981,0.164556,-0.020617
0.136731,0.165497,-0.020407
0.136782,0.165099,-0.024787
0.138678,0.164351,-0.025047
0.140874,0.167359,-0.030710
0.141818,0.164653,-0.033020
0.144055,0.165210,-0.034858
0.146682,0.167719,-0.038111
0.148348,0.165532,-0.044692
0.148928,0.166145,-0.050884
-0.081366,0.167792,-0.016706
-0.078678,0.166056,-0.002222
-0.077498,0.164184,0.002027
-0.077805,0.166323,0.005362
-0.075496,0.165784,0.010386
-0.074332,0.167087,0.014104
-0.071471,0.165077,0.016988
-0.068932,0.166621,0.017081
-0.068516,0.167398,0.020524
-0.066055,0.165962,0.023082
-0.065650,0.166010,0.021911
-0.064480,0.166925,0.025302
-0.065164,0.165208,0.026186
-0.061738,0.164349,0.029892
-0.060474,0.166136,0.030239
-0.060435,0.165084,0.030513
-0.058417,0.166699,0.031052
-0.056162,0.167166,0.032245
-0.053908,0.165214,0.034657
-0.054001,0.166041,0.035006
-0.053362,0.165821,0.034882
-0.050663,0.166188,0.035686
-0.049422,0.165950,0.039148
-0.048341,0.165814,0.037352
-0.046213,0.167281,0.037974
-0.046777,0.166773,0.039815
-0.042141,0.166139,0.041096
-0.042390,0.166210,0.041381
-0.040499,0.166168,0.042948
-0.038875,0.165159,0.041895
-0.039739,0.166111,0.042046
-0.035324,0.165424,0.044627
-0.034978,0.165775,0.043243
-0.031876,0.167281,0.045071
-0.032659,0.165937,0.044835
-0.030184,0.164772,0.043499
-0.030035,0.165388,0.045597
-0.028765,0.164307,0.045715
-0.027011,0.165930,0.047634
-0.026126,0.165353,0.048174
-0.024232,0.164433,0.046684
-0.020336,0.165789,0.048419
-0.019804,0.165093,0.046829
-0.021337,0.167742,0.047780
-0.019145,0.167145,0.048574
-0.017320,0.166696,0.048864
-0.016644,0.167348,0.048069
-0.012230,0.167043,0.050235
-0.012615,0.166597,0.049166
-0.010232,0.163838,0.050637
-0.010616,0.166557,0.049339
-0.009554,0.165980,0.052125
-0.007890,0.164892,0.052089
-0.004816,0.166985,0.052245
-0.004785,0.166990,0.051241
-0.003834,0.167473,0.052801
-0.002683,0.165707,0.052986
-0.000195,0.166458,0.053340
0.001030,0.165960,0.053305
0.001964,0.166272,0.052141
0.001508,0.164284,0.052277
0.004679,0.165225,0.053958
0.004891,0.166808,0.052781
0.008921,0.165304,0.052055
0.008585,0.165721,0.053241
0.010173,0.166822,0.053029
0.012404,0.167393,0.054093
0.013360,0.165077,0.050828
0.014160,0.166330,0.052591
0.015637,0.165465,0.053322
0.017156,0.166599,0.052806
0.018286,0.167534,0.053195
0.019166,0.166689,0.052893
0.022251,0.167308,0.055283
0.023821,0.166442,0.056047
0.023744,0.166039,0.054018
0.026509,0.166396,0.054609
0.025871,0.164292,0.052437
0.027624,0.166909,0.053910
0.028556,0.165594,0.052961
0.032009,0.167380,0.049745
0.031034,0.166383,0.053045
0.032988,0.166689,0.052526
0.035967,0.166870,0.052821
0.036060,0.165706,0.051070
0.036129,0.165918,0.051162
0.037832,0.166985,0.051585
0.041092,0.167153,0.050417
0.041518,0.165901,0.049976
0.042654,0.166615,0.049958
0.042798,0.165481,0.049112
0.046777,0.167287,0.050792
0.047506,0.165394,0.049138
0.048252,0.165319,0.048044
0.048281,0.166970,0.047906
0.052308,0.166012,0.048548
0.053694,0.166556,0.047986
0.054950,0.166202,0.046392
0.054572,0.169106,0.044566
0.057191,0.165043,0.045795
0.058728,0.165161,0.046758
0.058905,0.165120,0.047742
0.061764,0.166047,0.045291
0.062720,0.166453,0.046490
0.061987,0.165327,0.044147
0.064124,0.164468,0.042800
0.064990,0.167489,0.042466
0.068621,0.167157,0.041356
0.068781,0.166638,0.042233
0.068101,0.166156,0.041345
0.072361,0.166027,0.040593
0.072083,0.165146,0.039415
0.073976,0.166279,0.039541
0.076826,0.165896,0.039486
0.077658,0.164694,0.038667
0.079427,0.165553,0.038432
0.081086,0.167015,0.036387
0.080590,0.165667,0.033532
0.082707,0.166093,0.033273
0.084312,0.167427,0.034088
0.084319,0.168565,0.030335
0.087598,0.165652,0.032184
0.089503,0.167105,0.027592
0.090750,0.166304,0.028550
0.090266,0.166160,0.028863
0.094158,0.164784,0.026179
0.092946,0.166617,0.026260
0.093559,0.166114,0.022349
0.096550,0.165595,0.023451
0.096535,0.167725,0.020784
0.099778,0.166821,0.020688
0.100579,0.167761,0.017536
0.101554,0.166575,0.017744
0.103220,0.165872,0.016183
0.105019,0.164644,0.014687
0.106619,0.164924,0.012955
0.106686,0.167848,0.012986
0.109792,0.164522,0.010518
0.109341,0.166427,0.008979
0.112339,0.166315,0.005468
0.114163,0.168679,0.004561
0.116402,0.165885,0.003319
0.116759,0.165528,-0.000508
0.119856,0.167554,-0.000169
0.120290,0.167039,-0.000692
0.121373,0.167181,-0.003824
0.124152,0.165098,-0.003841
0.124985,0.166634,-0.006844
0.125059,0.165991,-0.007260
0.125941,0.166844,-0.011125
0.128362,0.166827,-0.011677
0.130606,0.166621,-0.012253
0.131812,0.167645,-0.015083
0.132378,0.167705,-0.014773
0.131402,0.164986,-0.015822
0.134350,0.166502,-0.020834
0.137615,0.166590,-0.021823
0.139756,0.167189,-0.023769
0.137307,0.167791,-0.027495
0.142987,0.168567,-0.029341
0.142838,0.164576,-0.034063
0.143786,0.167186,-0.036858
0.147651,0.164884,-0.042033
0.148366,0.167067,-0.048612
-0.080022,0.170055,-0.012499
-0.079826,0.168962,0.000781
-0.076208,0.167704,0.002676
-0.076271,0.166727,0.009460
-0.075310,0.166659,0.010501
-0.072791,0.167430,0.014464
-0.071272,0.169340,0.015110
-0.068892,0.168377,0.018752
-0.068514,0.167069,0.022627
-0.069260,0.166243,0.023414
-0.067839,0.169968,0.024228
-0.062948,0.167183,0.026467
-0.063773,0.168991,0.027153
-0.059413,0.167854,0.030254
-0.060908,0.167273,0.030116
-0.056730,0.168514,0.031666
-0.057800,0.167938,0.030292
-0.053900,0.169085,0.032975
-0.053806,0.166840,0.034142
-0.054439,0.167642,0.035116
-0.051512,0.166718,0.034912
-0.051173,0.168017,0.035325
-0.048922,0.167441,0.039242
-0.048004,0.168700,0.038487
-0.046367,0.167710,0.038953
-0.045675,0.168071,0.040929
-0.043829,0.169701,0.039532
-0.041103,0.168104,0.041178
-0.041082,0.169113,0.042138
-0.039516,0.166918,0.041050
-0.037995,0.168873,0.043723
-0.036855,0.165983,0.045609
-0.033848,0.166625,0.042459
-0.033577,0.166180,0.046019
-0.030973,0.167604,0.046138
-0.030469,0.167927,0.045772
-0.028461,0.167916,0.047494
-0.029610,0.166895,0.045212
-0.026071,0.168763,0.046197
-0.026232,0.167790,0.048140
-0.024102,0.169396,0.046451
-0.023362,0.166453,0.046842
-0.020641,0.166888,0.048889
-0.020228,0.166570,0.048186
-0.019323,0.169804,0.049011
-0.017226,0.166599,0.049893
-0.015028,0.168185,0.050732
-0.014182,0.166906,0.049965
-0.011515,0.168708,0.051006
-0.010319,0.167796,0.049192
-0.007709,0.168576,0.051282
-0.008219,0.166160,0.050666
-0.008420,0.167955,0.052875
-0.005733,0.168634,0.051016
-0.005585,0.167912,0.051800
-0.001885,0.166764,0.049638
-0.000529,0.168638,0.052692
0.000031,0.167084,0.051987
0.000181,0.168001,0.051852
0.000648,0.168648,0.052739
0.004277,0.166744,0.052770
0.003489,0.166978,0.052946
0.005611,0.165814,0.053661
0.009041,0.166801,0.054271
0.008584,0.167712,0.054453
0.009216,0.166643,0.053982
0.012553,0.169009,0.051399
0.012957,0.168288,0.054018
0.014792,0.167233,0.053974
0.015273,0.167683,0.053693
0.015756,0.167785,0.055739
0.019179,0.166912,0.053370
0.020475,0.167783,0.055540
0.022710,0.167496,0.051691
0.022514,0.167864,0.052677
0.023323,0.169085,0.053537
0.026843,0.165501,0.053259
0.023988,0.167370,0.053517
0.027482,0.165587,0.054435
0.028803,0.169708,0.054496
0.031420,0.169507,0.052980
0.030795,0.168836,0.054174
0.032005,0.166586,0.054415
0.035247,0.168723,0.050821
0.035144,0.167390,0.052841
0.037687,0.167558,0.051606
0.038500,0.167040,0.050172
0.039768,0.166890,0.050408
0.042638,0.168178,0.051436
0.041807,0.167932,0.048460
0.045155,0.168212,0.048295
0.045690,0.168030,0.048680
0.045707,0.166095,0.048497
0.048598,0.167090,0.047442
0.049831,0.167603,0.048634
0.053214,0.167771,0.048434
0.054036,0.167180,0.047810
0.053932,0.166487,0.048306
0.056126,0.168190,0.046917
0.056465,0.168006,0.047571
0.058859,0.166983,0.045407
0.059405,0.166969,0.045574
0.062832,0.167855,0.044484
0.060485,0.165979,0.042278
0.064555,0.166870,0.042799
0.065214,0.169003,0.043270
0.066031,0.167882,0.041612
0.066686,0.167059,0.041992
0.069565,0.167741,0.040743
0.071835,0.168249,0.040535
0.072506,0.168379,0.040567
0.074592,0.167979,0.039168
0.075537,0.166035,0.041407
0.074938,0.168001,0.039591
0.078220,0.165847,0.038729
0.079505,0.167859,0.033868
0.081244,0.169213,0.034401
0.081413,0.167641,0.035883
0.082540,0.168879,0.034584
0.083289,0.168296,0.032353
0.086208,0.167892,0.033601
0.087585,0.167039,0.031381
0.089351,0.168688,0.031344
0.089244,0.166853,0.029997
0.090521,0.168371,0.026149
0.093059,0.169839,0.027352
0.094907,0.169182,0.025703
0.096064,0.166198,0.024669
0.097645,0.168964,0.022563
0.097838,0.168421,0.021765
0.100058,0.169695,0.019582
0.101391,0.168260,0.018905
0.102228,0.168907,0.019891
0.104161,0.166952,0.015177
0.103620,0.168005,0.014180
0.106485,0.168105,0.013695
0.107805,0.167697,0.011517
0.110225,0.168076,0.009470
0.112424,0.170037,0.007730
0.113033,0.169506,0.006750
0.113307,0.167609,0.004383
0.115678,0.166350,0.002906
0.116589,0.170359,0.000682
0.118315,0.166819,0.000668
0.120477,0.166431,-0.000477
0.120763,0.170285,-0.004450
0.123469,0.167735,-0.005505
0.124102,0.167627,-0.004829
0.124691,0.168829,-0.006602
0.126794,0.166401,-0.007940
0.128637,0.167499,-0.013625
0.129413,0.169095,-0.013126
0.131646,0.170206,-0.013385
0.133351,0.169231,-0.017209
0.134146,0.167107,-0.016905
0.133804,0.168791,-0.020948
0.136790,0.169648,-0.023817
0.137982,0.169038,-0.024263
0.140123,0.167603,-0.029820
0.141255,0.168120,-0.032472
0.142586,0.168663,-0.034371
0.146125,0.169017,-0.037651
0.145786,0.168191,-0.042911
0.146863,0.167584,-0.052378
-0.081500,0.170189,-0.005812
-0.080416,0.171600,0.001118
-0.077455,0.168856,0.004792
-0.076467,0.170594,0.009041
-0.072810,0.169466,0.011506
-0.072128,0.170156,0.014901
-0.071424,0.169007,0.017280
-0.070921,0.169491,0.022608
-0.069904,0.169831,0.020999
-0.066814,0.169764,0.021840
-0.066070,0.168773,0.023605
-0.065817,0.169295,0.026118
-0.062757,0.168361,0.028249
-0.061958,0.168930,0.028908
-0.059175,0.168786,0.030800
-0.058833,0.168657,0.032947
-0.056642,0.168253,0.031901
-0.056284,0.170103,0.032579
-0.055277,0.169642,0.033777
-0.053357,0.167518,0.034749
-0.049359,0.169510,0.036536
-0.050121,0.166620,0.037894
-0.047881,0.167619,0.038558
-0.047798,0.169857,0.038854
-0.046663,0.169632,0.040654
-0.045699,0.170423,0.041820
-0.043785,0.168826,0.041727
-0.040236,0.170428,0.043957
-0.039942,0.169281,0.043342
-0.038595,0.166557,0.044385
-0.037774,0.169305,0.044215
-0.036057,0.169531,0.045288
-0.035094,0.169460,0.045298
-0.034862,0.170721,0.046393
-0.030738,0.168566,0.044329
-0.029852,0.169305,0.045631
-0.028333,0.169549,0.047129
-0.026798,0.169160,0.047004
-0.026919,0.170012,0.048585
-0.025687,0.169312,0.049623
-0.023524,0.169840,0.048491
-0.022725,0.170029,0.047903
-0.022093,0.167786,0.050388
-0.019251,0.168869,0.049486
-0.019717,0.170796,0.051118
-0.020048,0.169039,0.049249
-0.016669,0.168714,0.049626
-0.014041,0.169084,0.050604
-0.012323,0.169257,0.052056
-0.011976,0.170125,0.051810
-0.009288,0.169876,0.050885
-0.008919,0.167908,0.050997
-0.008405,0.168642,0.052584
-0.006208,0.167943,0.050969
-0.004086,0.168541,0.051676
-0.003172,0.169514,0.053958
-0.000136,0.168387,0.052506
-0.000676,0.169320,0.052212
0.001354,0.168397,0.054111
0.001184,0.167357,0.053513
0.004755,0.169074,0.053344
0.006518,0.169418,0.055153
0.005308,0.169561,0.052869
0.007928,0.170444,0.053316
0.009493,0.168614,0.054272
0.011356,0.169586,0.053451
0.011221,0.168125,0.052858
0.011129,0.168269,0.053618
0.015978,0.170047,0.053977
0.015146,0.168750,0.052432
0.017707,0.169028,0.052339
0.016450,0.169617,0.054608
0.018606,0.169224,0.053525
0.020895,0.168863,0.053737
0.024549,0.168314,0.055123
0.024143,0.167071,0.055958
0.024963,0.168919,0.051792
0.027188,0.169886,0.054209
0.027841,0.168017,0.053478
0.027180,0.166956,0.053329
0.030709,0.168311,0.051751
0.032675,0.168150,0.051666
0.035135,0.169847,0.052939
0.033958,0.168896,0.051183
0.035249,0.170164,0.051946
0.036597,0.169524,0.052115
0.037540,0.168143,0.050634
0.040800,0.169373,0.049327
0.041010,0.169108,0.051420
0.044261,0.169329,0.048668
0.044890,0.169616,0.050534
0.046815,0.168321,0.047405
0.047233,0.169727,0.047477
0.047766,0.168686,0.049670
0.049132,0.168629,0.049460
0.051598,0.167617,0.046891
0.051433,0.170589,0.047328
0.052990,0.171411,0.048978
0.055249,0.169600,0.046805
0.056210,0.169199,0.046508
0.057374,0.170242,0.045575
0.058854,0.169031,0.045985
0.061402,0.171101,0.046672
0.061352,0.168186,0.044571
0.063354,0.169091,0.045105
0.062989,0.169304,0.044204
0.066884,0.169754,0.042984
0.067030,0.168998,0.043343
0.068485,0.169113,0.042729
0.070243,0.169707,0.041513
0.071376,0.170538,0.041857
0.072611,0.169379,0.038735
0.073232,0.168056,0.038995
0.076517,0.169515,0.037917
0.078449,0.169751,0.038368
0.080277,0.169977,0.037972
0.080203,0.168873,0.035373
0.081562,0.169634,0.035097
0.082688,0.169232,0.034262
0.082905,0.170399,0.032230
0.085636,0.168354,0.031270
0.085627,0.168536,0.032321
0.088786,0.169000,0.028404
0.090416,0.169779,0.027068
0.091728,0.168359,0.029584
0.093125,0.168384,0.027060
0.092766,0.169668,0.024919
0.095563,0.171015,0.024738
0.097191,0.171901,0.021771
0.097879,0.168778,0.022485
0.098582,0.167943,0.019012
0.102245,0.170206,0.018391
0.101927,0.170030,0.018661
0.104553,0.166705,0.017218
0.104525,0.171005,0.012915
0.106570,0.168416,0.014788
0.110924,0.171157,0.010378
0.111162,0.169091,0.012071
0.111350,0.169089,0.009617
0.112229,0.171408,0.007002
0.112478,0.170676,0.003489
0.115079,0.171216,0.003679
0.118272,0.170632,0.001077
0.117405,0.168424,0.000920
0.120242,0.168680,-0.002402
0.120413,0.170815,-0.003441
0.122755,0.169542,-0.003750
0.123615,0.170169,-0.005590
0.125425,0.169197,-0.008577
0.127748,0.171950,-0.008534
0.128054,0.168917,-0.011393
0.128142,0.169114,-0.012224
0.131432,0.170665,-0.015803
0.131425,0.170308,-0.017406
0.134054,0.170045,-0.017926
0.136042,0.168548,-0.021723
0.136615,0.169930,-0.024201
0.138712,0.171355,-0.026316
0.140439,0.169913,-0.032024
0.140805,0.169421,-0.032761
0.142263,0.170367,-0.038073
0.144932,0.169010,-0.040649
0.146988,0.171181,-0.047248
-0.080361,0.169016,-0.004382
-0.076815,0.169572,0.000690
-0.077437,0.171848,0.005496
-0.075808,0.170893,0.010353
-0.075461,0.170590,0.010985
-0.073183,0.171508,0.015574
-0.072207,0.172552,0.016868
-0.069047,0.170194,0.019555
-0.068354,0.172941,0.021435
-0.067114,0.169121,0.026064
-0.065997,0.170463,0.027561
-0.062872,0.169658,0.028400
-0.061748,0.171042,0.029350
-0.061555,0.171842,0.029994
-0.061284,0.169937,0.031227
-0.058822,0.170450,0.031230
-0.055967,0.171683,0.032019
-0.055643,0.172661,0.033954
-0.053855,0.171372,0.037719
-0.050215,0.172976,0.038372
-0.050566,0.170697,0.037813
-0.049890,0.171990,0.037160
-0.047888,0.169047,0.040186
-0.045149,0.170192,0.039842
-0.044846,0.169557,0.040267
-0.045094,0.168841,0.041991
-0.042811,0.171521,0.041593
-0.042402,0.171316,0.041456
-0.039852,0.169956,0.044665
-0.039087,0.172358,0.044145
-0.038746,0.170922,0.044941
-0.036250,0.169405,0.044092
-0.031899,0.170133,0.046075
-0.034386,0.171092,0.046705
-0.031577,0.170777,0.045885
-0.029615,0.169655,0.045557
-0.028222,0.169856,0.046955
-0.027844,0.171935,0.046480
-0.025367,0.171354,0.048028
-0.026140,0.170825,0.048970
-0.022814,0.170767,0.047662
-0.022267,0.170127,0.047928
-0.021235,0.170340,0.050152
-0.019752,0.171598,0.050420
-0.016649,0.169179,0.051191
-0.017380,0.170263,0.049933
-0.015613,0.169817,0.050418
-0.014376,0.170927,0.051933
-0.013648,0.170943,0.053645
-0.011135,0.173071,0.051386
-0.010232,0.168933,0.051585
-0.009381,0.168400,0.054113
-0.008335,0.169690,0.052246
-0.005145,0.171049,0.053278
-0.004135,0.169096,0.053089
-0.002069,0.171234,0.053942
-0.001985,0.171720,0.054489
-0.002266,0.170096,0.055062
-0.000035,0.171418,0.053278
0.003106,0.172902,0.053833
0.002416,0.170333,0.055413
0.005339,0.169921,0.054274
0.003465,0.172268,0.054296
0.009512,0.170444,0.055130
0.009273,0.170446,0.054129
0.010036,0.171775,0.055606
0.011698,0.172107,0.054730
0.013706,0.171620,0.054521
0.017220,0.171160,0.053354
0.016580,0.172028,0.054210
0.016984,0.171415,0.054578
0.019603,0.169921,0.054654
0.017842,0.169639,0.055163
0.020707,0.169360,0.053829
0.022719,0.171666,0.053923
0.023067,0.169643,0.053598
0.023700,0.170544,0.053535
0.027743,0.171325,0.053962
0.029915,0.172291,0.053670
0.028533,0.172945,0.052580
0.030654,0.170652,0.051379
0.033481,0.171416,0.053409
0.034003,0.171283,0.053887
0.034726,0.170167,0.051751
0.034731,0.170892,0.053095
0.038019,0.169956,0.049913
0.039329,0.170423,0.049739
0.039630,0.170684,0.052946
0.042135,0.171627,0.052455
0.043303,0.171278,0.052402
0.043300,0.170993,0.050343
0.046669,0.170707,0.048395
0.045371,0.169105,0.049958
0.047141,0.169655,0.047973
0.047765,0.170971,0.047974
0.050222,0.169817,0.048052
0.054204,0.169940,0.046393
0.054264,0.171055,0.048256
0.055733,0.168863,0.046747
0.055414,0.171142,0.046164
0.058182,0.171450,0.044292
0.058738,0.170370,0.047377
0.059663,0.171097,0.043617
0.063072,0.170232,0.045781
0.062306,0.170360,0.044931
0.065052,0.169915,0.043623
0.067690,0.169870,0.043406
0.066525,0.169610,0.040812
0.070292,0.171611,0.042882
0.070395,0.171659,0.041725
0.071862,0.170480,0.041058
0.073607,0.170615,0.041141
0.074629,0.172242,0.040685
0.077855,0.170788,0.038039
0.077224,0.172444,0.037853
0.076707,0.171135,0.038323
0.079134,0.169363,0.037158
0.080740,0.170675,0.036649
0.082871,0.170627,0.034792
0.084412,0.170104,0.032184
0.085232,0.170949,0.034081
0.085061,0.170443,0.031661
0.087942,0.169448,0.031743
0.090626,0.170768,0.028115
0.091719,0.170204,0.027757
0.092598,0.171182,0.028375
0.093596,0.170269,0.025491
0.096641,0.170977,0.023896
0.097743,0.168972,0.021384
0.099789,0.171865,0.022029
0.099373,0.170448,0.022703
0.101508,0.169919,0.019647
0.103214,0.169711,0.018295
0.102512,0.171369,0.015730
0.103412,0.170382,0.014926
0.105476,0.170634,0.012084
0.108178,0.171870,0.010789
0.109548,0.171843,0.009271
0.110924,0.169977,0.010034
0.111916,0.170698,0.007674
0.113711,0.171589,0.005129
0.115959,0.173218,0.002590
0.116398,0.171490,0.000648
0.119027,0.172362,-0.000116
0.119601,0.170961,-0.002212
0.120418,0.172452,-0.005142
0.123654,0.171572,-0.005398
0.126086,0.170579,-0.007274
0.125223,0.172238,-0.007678
0.126624,0.169934,-0.009199
0.128977,0.170429,-0.011528
0.130872,0.170983,-0.013874
0.132249,0.171491,-0.014184
0.133757,0.170811,-0.017209
0.134384,0.171171,-0.021462
0.137822,0.170989,-0.021187
0.138768,0.172100,-0.024145
0.138787,0.171889,-0.029106
0.140686,0.170842,-0.030397
0.141648,0.172052,-0.033377
0.140633,0.171732,-0.037140
0.145844,0.172578,-0.043734
0.147580,0.170704,-0.051831
-0.081671,0.173161,-0.002208
-0.081352,0.172809,0.000603
-0.077245,0.172582,0.006694
-0.076713,0.173271,0.011903
-0.073152,0.172571,0.013119
-0.072276,0.173327,0.018209
-0.071946,0.172092,0.018704
-0.069776,0.171925,0.020778
-0.064954,0.171665,0.022399
-0.066274,0.171586,0.025111
-0.064577,0.171326,0.027401
-0.066342,0.169853,0.026116
-0.061746,0.173181,0.028414
-0.060855,0.172354,0.029352
-0.058808,0.173511,0.031536
-0.060452,0.172269,0.031999
-0.056566,0.169433,0.033256
-0.057203,0.173442,0.034809
-0.053150,0.171226,0.037636
-0.051296,0.173684,0.036956
-0.050096,0.171483,0.037685
-0.049408,0.172165,0.037983
-0.049294,0.173014,0.038683
-0.047856,0.170114,0.041067
-0.044649,0.172368,0.042216
-0.044179,0.170336,0.043099
-0.041961,0.174170,0.042933
-0.042980,0.174469,0.041481
-0.041345,0.171052,0.044070
-0.039100,0.172495,0.045437
-0.038034,0.170868,0.043703
-0.036150,0.171698,0.046437
-0.035324,0.171918,0.045636
-0.033377,0.174274,0.045828
-0.033703,0.172145,0.047971
-0.031368,0.172826,0.047999
-0.029945,0.170965,0.047218
-0.027955,0.170999,0.048004
-0.028160,0.171371,0.049443
-0.025791,0.173013,0.049280
-0.025605,0.172819,0.050603
-0.021665,0.169522,0.049493
-0.021440,0.172821,0.050208
-0.020421,0.171050,0.050164
-0.018823,0.172821,0.051299
-0.017579,0.170345,0.049402
-0.016715,0.171512,0.050703
-0.012573,0.172213,0.051097
-0.013545,0.171000,0.052035
-0.011347,0.174598,0.052332
-0.009672,0.172088,0.052567
-0.008591,0.171929,0.052718
-0.007807,0.172880,0.051490
-0.004979,0.172530,0.053171
-0.003749,0.172782,0.053385
-0.004966,0.172186,0.053599
-0.002693,0.172735,0.053625
-0.000650,0.171480,0.052446
0.000914,0.173430,0.055009
0.001556,0.172977,0.055027
0.003916,0.171707,0.054822
0.005254,0.172376,0.055174
0.006974,0.171665,0.053385
0.006365,0.172408,0.052978
0.010582,0.173608,0.053241
0.009906,0.173060,0.053880
0.010875,0.171660,0.054628
0.014326,0.172325,0.053983
0.014402,0.172705,0.053802
0.015640,0.171771,0.055561
0.017432,0.173065,0.055708
0.019087,0.172151,0.056768
0.018955,0.173330,0.055901
0.019307,0.173357,0.053837
0.022737,0.173186,0.053605
0.023639,0.172543,0.054714
0.025617,0.171754,0.055668
0.025508,0.171533,0.054749
0.026845,0.173840,0.054190
0.027886,0.172100,0.054279
0.030255,0.172032,0.053717
0.033002,0.172392,0.053675
0.031842,0.174752,0.052269
0.034009,0.173307,0.053029
0.036799,0.172035,0.053542
0.037793,0.172085,0.052679
0.039475,0.172044,0.052608
0.039712,0.172571,0.052000
0.041133,0.171327,0.050632
0.042666,0.170424,0.050855
0.043422,0.171608,0.051695
0.046449,0.172723,0.050593
0.045865,0.172545,0.049478
0.049110,0.171124,0.048496
0.049842,0.173554,0.050270
0.051395,0.171265,0.046315
0.053810,0.172604,0.047003
0.055345,0.171991,0.047884
0.055418,0.172685,0.047607
0.056270,0.171752,0.046117
0.057885,0.171690,0.048826
0.060740,0.173713,0.045063
0.060211,0.173937,0.044144
0.061871,0.172756,0.046282
0.061545,0.171140,0.046166
0.066388,0.171233,0.042960
0.065903,0.173029,0.043793
0.066632,0.173188,0.044054
0.068795,0.172109,0.041811
0.069297,0.173548,0.042664
0.072099,0.170706,0.040855
0.073086,0.171725,0.041324
0.075620,0.173994,0.039836
0.075611,0.172050,0.040648
0.077555,0.173104,0.036516
0.081180,0.170394,0.037034
0.080937,0.173939,0.037948
0.082952,0.171202,0.035818
0.083147,0.173343,0.035938
0.083964,0.171095,0.033872
0.087099,0.172863,0.034150
0.088408,0.172186,0.032666
0.088536,0.171260,0.030704
0.089817,0.172628,0.029681
0.091695,0.172910,0.027082
0.093278,0.172513,0.025329
0.093643,0.173120,0.024203
0.095449,0.172768,0.021998
0.096200,0.171696,0.023404
0.097825,0.174249,0.021218
0.099091,0.171688,0.020579
0.103178,0.172340,0.021372
0.099600,0.171756,0.017672
0.102916,0.171478,0.014426
0.107056,0.172232,0.013146
0.106236,0.174296,0.014602
0.107306,0.173450,0.011951
0.110211,0.173612,0.009632
0.110892,0.172916,0.009639
0.111884,0.172136,0.005260
0.114754,0.174463,0.005885
0.115079,0.172316,0.001694
0.116132,0.171613,0.002517
0.119123,0.171888,-0.000533
0.118353,0.173974,-0.000102
0.121061,0.173800,-0.003406
0.124480,0.172748,-0.005339
0.124210,0.173560,-0.005062
0.125431,0.171787,-0.006879
0.127988,0.172179,-0.008697
0.126446,0.172036,-0.012246
0.131934,0.173797,-0.012992
0.132304,0.169964,-0.015581
0.134081,0.174507,-0.016986
0.133280,0.174185,-0.019169
0.135664,0.172876,-0.021931
0.138297,0.173658,-0.025945
0.138798,0.172045,-0.029589
0.139775,0.172689,-0.032053
0.142192,0.174477,-0.037089
0.144265,0.172974,-0.039842
0.145614,0.173048,-0.048192
-0.080167,0.174505,-0.016337
-0.080013,0.173221,0.000014
-0.078980,0.174844,0.004411
-0.076015,0.176236,0.007763
-0.075436,0.174636,0.011277
-0.073877,0.174649,0.014670
-0.072865,0.174621,0.016469
-0.072114,0.174955,0.019705
-0.069007,0.174076,0.022461
-0.067973,0.174087,0.024484
-0.066954,0.174534,0.024518
-0.065813,0.173290,0.026953
-0.064638,0.174937,0.029239
-0.062584,0.174331,0.030532
-0.061914,0.173321,0.030551
-0.059600,0.174741,0.034800
-0.057675,0.173605,0.032842
-0.056760,0.174155,0.033224
-0.055697,0.175113,0.035226
-0.054058,0.174199,0.038546
-0.053234,0.173401,0.038574
-0.051051,0.173643,0.038738
-0.050025,0.173170,0.039485
-0.049411,0.174687,0.042681
-0.046842,0.174267,0.040518
-0.047730,0.173826,0.043057
-0.045894,0.174880,0.043616
-0.041323,0.171473,0.043277
-0.040969,0.174627,0.042905
-0.039170,0.173790,0.044286
-0.039929,0.174289,0.044178
-0.036459,0.173406,0.044972
-0.035964,0.175692,0.047673
-0.034819,0.173533,0.046105
-0.032691,0.173504,0.047956
-0.033579,0.171961,0.048343
-0.029636,0.172856,0.047897
-0.028454,0.174566,0.048318
-0.028334,0.173989,0.052270
-0.024228,0.173694,0.048745
-0.024752,0.172870,0.049462
-0.024084,0.174581,0.049564
-0.022423,0.174218,0.050367
-0.022269,0.173239,0.049415
-0.020495,0.173981,0.051056
-0.019829,0.172942,0.051520
-0.018058,0.173120,0.049651
-0.015107,0.173128,0.052140
-0.013046,0.173839,0.052954
-0.012660,0.174094,0.051791
-0.011213,0.172953,0.052656
-0.010709,0.172292,0.054846
-0.009829,0.173911,0.052605
-0.006317,0.175008,0.054182
-0.004584,0.173344,0.054131
-0.005179,0.173175,0.053265
-0.003283,0.174119,0.054275
-0.003305,0.173542,0.052332
-0.000943,0.173881,0.054095
-0.000554,0.174012,0.053687
0.000164,0.173293,0.054279
0.003475,0.174244,0.054373
0.005345,0.175136,0.055184
0.004398,0.171925,0.054809
0.006788,0.174273,0.054288
0.009697,0.173605,0.055497
0.010881,0.172908,0.055869
0.010648,0.173941,0.055249
0.012759,0.173751,0.055744
0.014725,0.172943,0.055760
0.017025,0.173647,0.055960
0.017309,0.173428,0.056788
0.020853,0.174526,0.054808
0.021419,0.173113,0.057618
0.020751,0.174498,0.056303
0.022246,0.174603,0.054997
0.024243,0.173303,0.054623
0.025396,0.173726,0.054943
0.025137,0.174772,0.054828
0.029224,0.173902,0.052388
0.030952,0.174528,0.055257
0.030840,0.173820,0.052696
0.031913,0.174077,0.054397
0.034115,0.174881,0.054551
0.035641,0.173336,0.054737
0.037494,0.171766,0.053368
0.037923,0.175427,0.052578
0.037974,0.174522,0.051266
0.041050,0.174442,0.052466
0.042083,0.173643,0.050918
0.044509,0.175599,0.052077
0.044187,0.174512,0.050876
0.046286,0.173594,0.049251
0.049544,0.172068,0.049313
0.048858,0.173857,0.048986
0.049586,0.173332,0.047652
0.052262,0.173057,0.049076
0.051919,0.174353,0.047414
0.053116,0.174135,0.048433
0.052466,0.173850,0.045985
0.054262,0.173096,0.047450
0.060014,0.174100,0.047777
0.061300,0.173646,0.045153
0.059418,0.174594,0.044837
0.062448,0.174818,0.045834
0.064250,0.174392,0.045222
0.064217,0.173776,0.046312
0.066891,0.173226,0.046290
0.069529,0.174012,0.043528
0.068808,0.174242,0.042582
0.068509,0.174804,0.040208
0.071409,0.172719,0.039764
0.074308,0.173883,0.041010
0.074114,0.175105,0.039388
0.074474,0.171552,0.038755
0.077628,0.174295,0.039602
0.078323,0.174297,0.038810
0.081880,0.174374,0.035408
0.081566,0.174409,0.034995
0.083700,0.174100,0.035582
0.083561,0.174434,0.034474
0.085312,0.174876,0.030911
0.088081,0.174761,0.030956
0.088046,0.173790,0.030807
0.088735,0.174889,0.029500
0.090659,0.174510,0.028590
0.092456,0.173697,0.027055
0.094823,0.174416,0.025250
0.095012,0.175063,0.023091
0.097168,0.173360,0.022279
0.099772,0.175223,0.023790
0.098339,0.174465,0.020579
0.102183,0.172669,0.017943
0.102345,0.175537,0.016631
0.102824,0.173635,0.015093
0.105381,0.174878,0.014200
0.107859,0.175024,0.014898
0.108926,0.174088,0.010990
0.110406,0.174678,0.010508
0.110198,0.174646,0.011020
0.112145,0.174097,0.008778
0.114457,0.174283,0.005311
0.113670,0.173941,0.002487
0.118263,0.175386,0.002887
0.117883,0.175918,-0.000022
0.119881,0.174944,-0.002832
0.122447,0.174488,-0.003581
0.124090,0.173564,-0.004988
0.124207,0.173634,-0.006566
0.125921,0.173784,-0.008568
0.126946,0.174391,-0.009882
0.127240,0.172920,-0.009955
0.131299,0.174954,-0.013007
0.130114,0.173024,-0.017101
0.132287,0.174654,-0.017681
0.135270,0.176925,-0.021329
0.136051,0.175769,-0.021777
0.136446,0.175222,-0.027821
0.139787,0.173641,-0.028624
0.141708,0.172835,-0.034266
0.140306,0.174011,-0.037347
0.141986,0.173396,-0.044934
-0.081844,0.177175,-0.010351
-0.080173,0.176793,0.000435
-0.078465,0.175971,0.005073
-0.076468,0.176201,0.008218
-0.076183,0.176452,0.013187
-0.073344,0.174291,0.014853
-0.072539,0.174994,0.019190
-0.072079,0.176475,0.019565
-0.071225,0.176510,0.021997
-0.068112,0.172849,0.024127
-0.066175,0.177134,0.028028
-0.063912,0.175266,0.027966
-0.062975,0.177431,0.029194
-0.062463,0.175371,0.030331
-0.062927,0.176267,0.032746
-0.060472,0.178685,0.033632
-0.057040,0.177171,0.033233
-0.058099,0.175021,0.033479
-0.053207,0.177904,0.036945
-0.053360,0.176125,0.036437
-0.053443,0.176028,0.038414
-0.052999,0.176084,0.038085
-0.050244,0.174477,0.041417
-0.047923,0.175532,0.041607
-0.047458,0.176922,0.041151
-0.046635,0.175415,0.039911
-0.044117,0.177490,0.042083
-0.042334,0.173591,0.043869
-0.041498,0.174393,0.045452
-0.040087,0.174236,0.044788
-0.040093,0.177037,0.047533
-0.037781,0.175294,0.045924
-0.036059,0.174821,0.046114
-0.035167,0.175769,0.046315
-0.033509,0.174722,0.046967
-0.031048,0.176486,0.047045
-0.030412,0.175159,0.047832
-0.028495,0.174939,0.049705
-0.028190,0.176415,0.047210
-0.026552,0.175166,0.047240
-0.025223,0.175786,0.048953
-0.024149,0.173964,0.051446
-0.022786,0.174953,0.050780
-0.021739,0.175196,0.051129
-0.019760,0.175340,0.052364
-0.019179,0.175317,0.051374
-0.018028,0.176652,0.051134
-0.014401,0.176023,0.054273
-0.014089,0.176675,0.050168
-0.010990,0.176227,0.053066
-0.009262,0.176550,0.053039
-0.008561,0.173754,0.053461
-0.009259,0.177255,0.052008
-0.006863,0.176063,0.055271
-0.006336,0.173613,0.053932
-0.005225,0.175895,0.054431
-0.002611,0.176049,0.053718
-0.001461,0.175980,0.054055
0.000076,0.175278,0.054353
0.002051,0.174769,0.054266
0.003281,0.176160,0.053444
0.003590,0.175592,0.054686
0.003929,0.175632,0.055538
0.004298,0.175222,0.054650
0.005820,0.176192,0.055726
0.010596,0.174575,0.054845
0.012043,0.177267,0.054355
0.010521,0.176654,0.055494
0.011589,0.173917,0.056670
0.014223,0.175945,0.055821
0.016088,0.175392,0.054989
0.017255,0.174686,0.056074
0.018737,0.174592,0.055495
0.019591,0.174408,0.056130
0.021852,0.175886,0.055122
0.021748,0.174178,0.054330
0.024994,0.176000,0.054858
0.024318,0.175506,0.052729
0.026469,0.176292,0.054834
0.028118,0.176124,0.053305
0.028322,0.175021,0.053545
0.029042,0.178099,0.053384
0.032026,0.176396,0.053829
0.034441,0.175185,0.054286
0.034627,0.175826,0.051833
0.034813,0.173512,0.052826
0.035699,0.177123,0.053591
0.037807,0.175154,0.053122
0.040387,0.175100,0.053059
0.041324,0.176393,0.051482
0.044362,0.173586,0.051219
0.045493,0.173554,0.049796
0.046727,0.176364,0.050522
0.045364,0.173694,0.049524
0.047974,0.175160,0.050126
0.049316,0.174970,0.049823
0.051599,0.175651,0.049292
0.053014,0.175911,0.050322
0.054670,0.175531,0.050793
0.053304,0.175817,0.048350
0.056564,0.176871,0.046546
0.057953,0.174813,0.049356
0.060358,0.174035,0.046747
0.059628,0.175158,0.045191
0.062900,0.174109,0.047331
0.064853,0.174903,0.045478
0.065754,0.175848,0.045626
0.066716,0.176704,0.045719
0.066610,0.175460,0.043148
0.068795,0.173994,0.041780
0.069507,0.176408,0.042567
0.071928,0.176932,0.043201
0.072344,0.174114,0.039841
0.075113,0.175785,0.039217
0.077333,0.175411,0.038870
0.079624,0.177130,0.037073
0.078342,0.173723,0.036903
0.079960,0.176472,0.037051
0.078890,0.174792,0.036488
0.082681,0.176075,0.034485
0.085538,0.174370,0.034311
0.086755,0.174989,0.032205
0.086867,0.175381,0.031752
0.090087,0.175406,0.030536
0.091146,0.175591,0.029787
0.093314,0.175975,0.028904
0.092135,0.174423,0.027596
0.093393,0.174789,0.025640
0.095657,0.174695,0.025986
0.096710,0.176044,0.024082
0.098631,0.174134,0.022050
0.099153,0.176139,0.020832
0.099864,0.174180,0.020330
0.102459,0.175725,0.016380
0.104018,0.175890,0.015856
0.106319,0.175816,0.013917
0.108174,0.177261,0.013390
0.107957,0.175300,0.011285
0.108524,0.175558,0.008872
0.109348,0.176282,0.007966
0.114081,0.174579,0.005774
0.113646,0.176309,0.003479
0.116054,0.173693,0.003762
0.119020,0.175368,0.002561
0.117339,0.177148,-0.001140
0.122333,0.176878,-0.001425
0.122471,0.175357,-0.005096
0.123770,0.179000,-0.005164
0.126323,0.175557,-0.004351
0.123594,0.174508,-0.007295
0.125810,0.176023,-0.008717
0.129130,0.175787,-0.009360
0.128738,0.176518,-0.010362
0.130620,0.175923,-0.016619
0.133833,0.175645,-0.019222
0.134338,0.175793,-0.020708
0.135549,0.176647,-0.024631
0.136939,0.177350,-0.026649
0.139552,0.177276,-0.028854
0.139144,0.177084,-0.034650
0.141446,0.177332,-0.040726
0.143084,0.176200,-0.048288
-0.080859,0.176504,-0.003862
-0.081489,0.177515,0.002756
-0.080812,0.176476,0.004902
-0.076501,0.179090,0.008227
-0.076393,0.178549,0.012662
-0.074333,0.176247,0.016393
-0.073742,0.178878,0.018703
-0.071903,0.176861,0.022799
-0.069385,0.176854,0.022454
-0.069133,0.177163,0.025943
-0.065566,0.177610,0.026779
-0.065127,0.177754,0.028846
-0.062865,0.177384,0.029633
-0.062124,0.177838,0.030538
-0.060291,0.179096,0.033100
-0.060373,0.177782,0.035330
-0.057580,0.177220,0.034770
-0.056415,0.177681,0.034986
-0.053765,0.176520,0.036828
-0.055291,0.176524,0.036542
-0.053117,0.177819,0.039200
-0.052562,0.176510,0.043360
-0.048458,0.177515,0.041087
-0.049598,0.178035,0.041928
-0.048140,0.177355,0.041142
-0.046038,0.176663,0.043338
-0.043075,0.178374,0.043906
-0.041605,0.175773,0.044137
-0.040197,0.176384,0.045441
-0.040649,0.176372,0.045555
-0.037777,0.178021,0.045611
-0.037298,0.178407,0.045888
-0.035729,0.178315,0.044640
-0.033645,0.176319,0.046382
-0.032717,0.177046,0.047070
-0.032179,0.178324,0.047864
-0.029879,0.177666,0.049411
-0.031958,0.176677,0.049762
-0.026028,0.175690,0.048681
-0.025183,0.179078,0.050515
-0.024464,0.176624,0.049914
-0.024525,0.177530,0.051016
-0.022079,0.177534,0.051093
-0.021529,0.176764,0.050382
-0.021058,0.177722,0.051318
-0.017763,0.176269,0.053079
-0.016250,0.178400,0.054838
-0.015971,0.177059,0.054350
-0.013569,0.176505,0.052534
-0.013282,0.177493,0.053153
-0.012149,0.177245,0.051894
-0.009987,0.177110,0.055833
-0.009341,0.176737,0.052888
-0.008122,0.177076,0.055001
-0.007795,0.176153,0.056112
-0.004833,0.176879,0.054543
-0.005026,0.177270,0.054508
-0.001052,0.176917,0.053649
0.000515,0.176100,0.054123
0.001625,0.177905,0.054200
0.002809,0.177719,0.055262
0.002717,0.177086,0.053411
0.003813,0.176467,0.053656
0.005529,0.176758,0.056818
0.007350,0.177297,0.055963
0.008543,0.176043,0.055207
0.010409,0.177394,0.055793
0.011804,0.176271,0.057471
0.011461,0.176267,0.055296
0.013743,0.176232,0.056140
0.015362,0.177518,0.055882
0.017598,0.176542,0.056068
0.019159,0.177032,0.055583
0.019512,0.176479,0.055162
0.021896,0.177208,0.055959
0.022654,0.175402,0.055914
0.026482,0.177146,0.055577
0.025537,0.175541,0.053834
0.026862,0.178186,0.055539
0.027998,0.177225,0.054962
0.029281,0.176407,0.054176
0.028621,0.176777,0.054090
0.032745,0.177443,0.054843
0.034860,0.176246,0.053006
0.035012,0.176507,0.054160
0.035811,0.176736,0.053630
0.038413,0.175921,0.052756
0.037922,0.176152,0.053109
0.039695,0.177323,0.051163
0.043399,0.176911,0.051377
0.042344,0.177243,0.051693
0.043915,0.177327,0.051020
0.044754,0.178377,0.051097
0.046251,0.175869,0.050608
0.048779,0.176696,0.050443
0.051100,0.177323,0.050775
0.051936,0.177766,0.046754
0.050990,0.178090,0.049748
0.053423,0.177825,0.049903
0.055302,0.176675,0.049049
0.057225,0.177597,0.048489
0.058755,0.178092,0.048267
0.060651,0.177084,0.047103
0.061097,0.178505,0.048589
0.061398,0.178711,0.044758
0.064603,0.176712,0.045021
0.064741,0.176237,0.046461
0.066794,0.176581,0.042142
0.068359,0.177100,0.044024
0.071016,0.178672,0.043096
0.070011,0.177591,0.041892
0.070547,0.178924,0.039631
0.072222,0.176970,0.040651
0.075108,0.178275,0.038974
0.073035,0.177157,0.040137
0.075867,0.175975,0.039172
0.077317,0.177684,0.038875
0.080653,0.177323,0.035537
0.080151,0.176890,0.037148
0.082929,0.178293,0.034473
0.083908,0.176800,0.033559
0.084949,0.177274,0.033705
0.087491,0.179695,0.031890
0.087256,0.177426,0.033357
0.088867,0.177723,0.030290
0.089276,0.177040,0.027200
0.094650,0.175941,0.027131
0.093814,0.178509,0.025744
0.097077,0.176370,0.024316
0.096922,0.178432,0.022260
0.097734,0.177750,0.020841
0.099909,0.176504,0.022815
0.100254,0.176684,0.019736
0.101934,0.177148,0.017172
0.103272,0.178995,0.017476
0.103853,0.178366,0.014945
0.105788,0.178473,0.014654
0.108459,0.176272,0.011771
0.110136,0.176185,0.010068
0.109415,0.177778,0.009885
0.113260,0.175518,0.007883
0.113121,0.178817,0.002382
0.114617,0.177695,-0.000375
0.118190,0.176459,0.001948
0.119278,0.177742,-0.000439
0.120708,0.179418,-0.001493
0.121746,0.176288,-0.002452
0.122317,0.177595,-0.005746
0.122786,0.177870,-0.005877
0.125928,0.178192,-0.008272
0.127000,0.178887,-0.011839
0.128973,0.178742,-0.009197
0.130319,0.177223,-0.013887
0.131704,0.178386,-0.016978
0.132464,0.178425,-0.019489
0.134046,0.177921,-0.020715
0.136053,0.175963,-0.026017
0.137657,0.177452,-0.027651
0.139210,0.179640,-0.031356
0.139676,0.177823,-0.034917
0.140348,0.178107,-0.046015
-0.082166,0.180138,-0.002947
-0.080110,0.180086,0.003718
-0.075648,0.178537,0.006793
-0.077632,0.180741,0.009733
-0.075759,0.179760,0.013187
-0.073651,0.177935,0.018308
-0.071991,0.178798,0.020225
-0.070944,0.177826,0.021919
-0.069948,0.179334,0.025479
-0.070397,0.180184,0.025734
-0.067036,0.177593,0.026934
-0.064856,0.180025,0.029274
-0.063819,0.179401,0.029927
-0.061795,0.179553,0.030549
-0.060194,0.179805,0.031891
-0.060775,0.180066,0.034672
-0.058535,0.178512,0.036587
-0.055312,0.178717,0.038202
-0.055929,0.177981,0.037269
-0.054124,0.179006,0.038146
-0.054198,0.177630,0.039527
-0.051938,0.177722,0.041835
-0.049717,0.177404,0.041721
-0.050273,0.181295,0.041575
-0.047076,0.178230,0.043214
-0.044778,0.177101,0.042786
-0.044352,0.177820,0.043740
-0.043366,0.178259,0.044892
-0.041861,0.179292,0.045973
-0.041735,0.178966,0.043937
-0.037904,0.178681,0.044805
-0.037492,0.177369,0.044531
-0.035591,0.180099,0.047803
-0.034990,0.178298,0.049842
-0.031438,0.177963,0.048037
-0.033681,0.178580,0.046760
-0.029998,0.176955,0.047770
-0.029794,0.178531,0.049950
-0.027287,0.177000,0.048811
-0.025813,0.177538,0.050696
-0.025634,0.179393,0.051855
-0.024202,0.177068,0.050621
-0.023269,0.179440,0.051168
-0.021729,0.178891,0.052065
-0.020555,0.176077,0.052362
-0.019042,0.178250,0.052696
-0.017420,0.179793,0.052693
-0.013984,0.178668,0.052908
-0.013193,0.178969,0.051964
-0.013273,0.177695,0.054401
-0.010649,0.178930,0.054187
-0.009894,0.176719,0.053910
-0.008681,0.179570,0.053932
-0.007102,0.176979,0.054192
-0.006501,0.177229,0.053522
-0.005317,0.178076,0.054854
-0.004050,0.178203,0.055549
-0.002185,0.179579,0.056125
-0.000819,0.176702,0.055548
0.002627,0.178645,0.055880
0.001630,0.176532,0.054302
0.002077,0.177639,0.056440
0.004629,0.179137,0.054988
0.006672,0.177315,0.057542
0.008137,0.177946,0.054817
0.009702,0.179356,0.056025
0.009927,0.179230,0.055507
0.013846,0.178571,0.055978
0.013138,0.177375,0.056517
0.014348,0.178706,0.056551
0.015671,0.179106,0.057817
0.017742,0.179360,0.056508
0.020031,0.178341,0.055001
0.022265,0.178596,0.057435
0.020539,0.178568,0.057551
0.022447,0.178287,0.055080
0.023158,0.178632,0.054856
0.027057,0.179437,0.054886
0.025767,0.178709,0.055595
0.028631,0.180417,0.056568
0.029005,0.177436,0.055033
0.029326,0.176437,0.053759
0.034093,0.177405,0.054202
0.032501,0.178631,0.054430
0.034541,0.179409,0.054414
0.037497,0.179551,0.052677
0.037977,0.177555,0.052996
0.039103,0.179620,0.053020
0.041738,0.179684,0.053220
0.041163,0.178366,0.053565
0.044995,0.179773,0.051212
0.046010,0.178763,0.050806
0.046626,0.177878,0.051414
0.045183,0.177549,0.051482
0.048430,0.178582,0.049976
0.050275,0.178636,0.051031
0.050894,0.179729,0.050960
0.051765,0.179017,0.048490
0.054986,0.179604,0.049207
0.056641,0.179697,0.047713
0.056724,0.179577,0.046478
0.058632,0.177957,0.047612
0.059655,0.177863,0.046779
0.061640,0.177800,0.048140
0.061915,0.178594,0.045592
0.063843,0.178721,0.044230
0.064231,0.178238,0.044616
0.066223,0.178382,0.043512
0.067302,0.178338,0.044003
0.069662,0.179416,0.044588
0.072241,0.177382,0.041648
0.071782,0.176671,0.043125
0.073513,0.177742,0.041413
0.075451,0.177429,0.040689
0.076361,0.179875,0.039616
0.079071,0.179040,0.039160
0.079001,0.178935,0.038348
0.080374,0.178451,0.036484
0.081799,0.177095,0.035044
0.084493,0.179799,0.036951
0.082682,0.180953,0.036332
0.085890,0.179496,0.034681
0.087359,0.178944,0.030889
0.088034,0.180100,0.029678
0.089533,0.177591,0.029812
0.091238,0.178503,0.028348
0.092876,0.180253,0.029801
0.093523,0.177079,0.026941
0.095424,0.177541,0.025548
0.099100,0.178194,0.022472
0.098305,0.179473,0.022958
0.100877,0.177177,0.020720
0.100956,0.179712,0.021866
0.101810,0.180473,0.017735
0.103119,0.179708,0.016642
0.104878,0.180231,0.016145
0.106725,0.179606,0.015253
0.107286,0.178612,0.012499
0.109844,0.177955,0.009738
0.111277,0.179089,0.010053
0.112723,0.178682,0.007033
0.112754,0.178263,0.006298
0.117323,0.178001,0.003127
0.117516,0.181054,0.001715
0.117962,0.181341,0.001058
0.119508,0.179736,-0.003129
0.122715,0.181203,-0.002460
0.123575,0.180232,-0.005534
0.124160,0.178684,-0.005855
0.125188,0.176783,-0.008067
0.127146,0.179284,-0.010646
0.128453,0.178624,-0.010187
0.127084,0.180558,-0.013525
0.131248,0.179798,-0.017756
0.132005,0.179093,-0.018993
0.133195,0.179343,-0.022209
0.136241,0.182883,-0.023896
0.136637,0.179559,-0.026761
0.137370,0.179830,-0.032677
0.142357,0.178604,-0.038432
0.141421,0.177492,-0.048868
-0.082526,0.179650,-0.000499
-0.081057,0.180229,0.004260
-0.076183,0.180594,0.008104
-0.075724,0.178775,0.012275
-0.075516,0.180532,0.015606
-0.075633,0.180410,0.018847
-0.074336,0.181523,0.020529
-0.070764,0.181419,0.023762
-0.069632,0.181357,0.026818
-0.068473,0.178662,0.026163
-0.067883,0.180444,0.027962
-0.066813,0.179510,0.031375
-0.062837,0.180541,0.030184
-0.061882,0.180678,0.033252
-0.061190,0.180370,0.034735
-0.059171,0.181094,0.035104
-0.058756,0.178625,0.036009
-0.057205,0.180582,0.038421
-0.054473,0.180462,0.038523
-0.054335,0.179923,0.038711
-0.053293,0.178674,0.039580
-0.051449,0.180238,0.040396
-0.049633,0.180930,0.039653
-0.047548,0.180338,0.043208
-0.048477,0.179937,0.044152
-0.046152,0.179912,0.043743
-0.044373,0.179109,0.045072
-0.044018,0.179531,0.045493
-0.041075,0.179596,0.046313
-0.041331,0.180502,0.046314
-0.040334,0.179541,0.044615
-0.038769,0.181107,0.046355
-0.035987,0.177997,0.047079
-0.033307,0.178618,0.047734
-0.032315,0.181188,0.049253
-0.031985,0.180878,0.050728
-0.028950,0.179713,0.049510
-0.029947,0.181352,0.050586
-0.027591,0.180081,0.051454
-0.027018,0.181019,0.052115
-0.026255,0.180384,0.052474
-0.024386,0.180977,0.051852
-0.021809,0.179944,0.053987
-0.021810,0.179716,0.051776
-0.020017,0.181085,0.052314
-0.018923,0.180956,0.051825
-0.018663,0.180650,0.052214
-0.016610,0.178768,0.051960
-0.014879,0.179542,0.053226
-0.012674,0.179506,0.053705
-0.013347,0.177914,0.055476
-0.010373,0.177679,0.054373
-0.008792,0.180502,0.052694
-0.006437,0.181744,0.055337
-0.007023,0.179743,0.056418
-0.005134,0.180725,0.055436
-0.003893,0.182198,0.055990
-0.000082,0.182236,0.057263
0.001195,0.179121,0.055981
0.002863,0.179451,0.055199
0.003888,0.177906,0.055451
0.004540,0.180314,0.056064
0.005599,0.180028,0.056624
0.006528,0.179283,0.055865
0.006600,0.179982,0.056435
0.008983,0.181798,0.056013
0.010814,0.181222,0.056703
0.011732,0.179100,0.057070
0.014216,0.178574,0.056970
0.014039,0.180711,0.056911
0.014870,0.180735,0.057505
0.014916,0.179537,0.057445
0.016757,0.180994,0.055676
0.019251,0.177219,0.055792
0.022039,0.180277,0.057800
0.024814,0.177602,0.057844
0.024590,0.180010,0.055274
0.026668,0.180236,0.055288
0.025243,0.180622,0.056910
0.028305,0.180640,0.055164
0.028475,0.178862,0.053275
0.032200,0.180016,0.054708
0.032013,0.178770,0.055349
0.033538,0.179038,0.054008
0.033354,0.182311,0.054274
0.034855,0.179889,0.054762
0.037635,0.180388,0.054839
0.037569,0.180347,0.052710
0.041410,0.180704,0.052342
0.041584,0.179923,0.053078
0.042890,0.180545,0.051971
0.044855,0.181108,0.051411
0.044984,0.179139,0.051453
0.047390,0.181856,0.050638
0.048544,0.180497,0.050676
0.049254,0.179983,0.048803
0.054137,0.179398,0.049833
0.053211,0.180135,0.047748
0.054174,0.180722,0.048994
0.055381,0.181727,0.048984
0.058036,0.178757,0.047241
0.057390,0.180458,0.047557
0.059337,0.179740,0.047760
0.060156,0.180804,0.048969
0.062470,0.179053,0.046619
0.063001,0.180272,0.046462
0.065281,0.179307,0.044935
0.067258,0.179651,0.043152
0.068259,0.180604,0.045063
0.067757,0.181217,0.042887
0.070617,0.178446,0.044050
0.071114,0.179634,0.041628
0.074946,0.180830,0.041714
0.074669,0.179743,0.039106
0.075822,0.181253,0.041701
0.077345,0.179196,0.038841
0.079738,0.179229,0.038321
0.079861,0.178005,0.036695
0.083794,0.180417,0.036615
0.080521,0.180226,0.034257
0.082684,0.179481,0.035039
0.086598,0.179379,0.033004
0.086296,0.180302,0.031218
0.088486,0.180662,0.030873
0.089953,0.180134,0.032291
0.089286,0.181481,0.028454
0.091385,0.179434,0.028260
0.093770,0.181101,0.024850
0.097180,0.181260,0.026410
0.098437,0.180856,0.024849
0.097511,0.181956,0.020926
0.098979,0.180648,0.020844
0.102023,0.181134,0.019859
0.103666,0.182245,0.019704
0.105891,0.180875,0.017487
0.106225,0.179662,0.014857
0.107152,0.179700,0.014459
0.107508,0.181016,0.011663
0.109165,0.181402,0.010068
0.110111,0.180776,0.009720
0.111904,0.179584,0.008566
0.113467,0.178770,0.003752
0.115531,0.180652,0.003412
0.116916,0.179380,0.003017
0.120534,0.179766,-0.000717
0.120174,0.181816,-0.002921
0.120677,0.181696,-0.003124
0.123952,0.181832,-0.005689
0.123361,0.180805,-0.006948
0.125149,0.181553,-0.009397
0.128775,0.181043,-0.010517
0.127544,0.181760,-0.011188
0.130705,0.181266,-0.013908
0.131139,0.181573,-0.016571
0.132199,0.182625,-0.019759
0.133889,0.182215,-0.021732
0.135501,0.180948,-0.025731
0.135994,0.180939,-0.029710
0.140327,0.179765,-0.034644
0.141545,0.180677,-0.044478
-0.084157,0.182935,-0.011677
-0.082269,0.182124,0.003266
-0.079513,0.181109,0.005998
-0.077435,0.184048,0.008679
-0.079790,0.181894,0.013181
-0.075179,0.182272,0.014704
-0.072674,0.181594,0.017495
-0.072160,0.184693,0.020372
-0.070137,0.180067,0.023898
-0.069075,0.181636,0.026363
-0.067878,0.180804,0.027265
-0.068011,0.182131,0.028774
-0.064311,0.181133,0.028911
-0.063715,0.180574,0.031825
-0.062179,0.181554,0.031392
-0.061537,0.182586,0.034810
-0.059015,0.180760,0.035462
-0.057713,0.180952,0.037091
-0.057036,0.179988,0.036274
-0.055063,0.182622,0.038108
-0.053955,0.182853,0.038610
-0.053169,0.180366,0.040601
-0.051901,0.181972,0.041691
-0.049379,0.182092,0.043693
-0.048226,0.182383,0.043143
-0.047959,0.180890,0.042703
-0.046417,0.181538,0.046292
-0.045830,0.181923,0.045112
-0.043646,0.181766,0.044249
-0.044568,0.182070,0.045513
-0.038897,0.182075,0.048680
-0.040749,0.181248,0.048234
-0.037578,0.182052,0.048062
-0.035902,0.182928,0.047781
-0.033578,0.180130,0.049109
-0.033732,0.180418,0.048950
-0.032430,0.181729,0.049353
-0.029402,0.181900,0.050442
-0.029909,0.180275,0.051277
-0.027208,0.183149,0.049371
-0.026288,0.181879,0.051434
-0.023702,0.180470,0.053269
-0.024067,0.181589,0.053927
-0.023912,0.182585,0.053760
-0.019936,0.181174,0.052066
-0.019080,0.180849,0.051886
-0.018848,0.181752,0.054147
-0.017330,0.181399,0.055298
-0.018327,0.180934,0.054432
-0.013916,0.179531,0.051627
-0.011902,0.180734,0.055873
-0.012809,0.181268,0.054872
-0.011116,0.181125,0.055900
-0.008912,0.182032,0.054564
-0.008180,0.181846,0.053556
-0.006792,0.181321,0.055110
-0.005532,0.182137,0.055931
-0.002532,0.181716,0.053716
-0.001997,0.180258,0.055668
-0.001064,0.182104,0.055640
0.000428,0.181819,0.055954
0.002972,0.179459,0.056364
0.004175,0.181383,0.056990
0.006933,0.182375,0.054906
0.006313,0.181844,0.056679
0.008328,0.182150,0.057290
0.009217,0.181301,0.055862
0.010648,0.180880,0.056304
0.011477,0.180344,0.057269
0.012141,0.181754,0.055371
0.014819,0.181079,0.057324
0.017154,0.181044,0.056775
0.016772,0.182625,0.055958
0.018823,0.183894,0.057678
0.021883,0.180372,0.056692
0.021161,0.180527,0.056289
0.021110,0.181834,0.055214
0.023682,0.181885,0.055993
0.024062,0.182520,0.053786
0.026050,0.182559,0.056019
0.027018,0.180919,0.055630
0.028550,0.183026,0.055619
0.032402,0.182792,0.057306
0.035449,0.181929,0.055095
0.034523,0.181238,0.055238
0.036854,0.182647,0.051841
0.035600,0.180735,0.054371
0.037895,0.181534,0.053669
0.039457,0.181596,0.052890
0.040082,0.182102,0.053964
0.042681,0.181653,0.052585
0.043187,0.181296,0.054021
0.044486,0.181799,0.053649
0.045529,0.181887,0.052319
0.046787,0.181217,0.052303
0.048442,0.182352,0.051550
0.050010,0.181535,0.050138
0.051297,0.181554,0.050022
0.052049,0.182264,0.047537
0.054190,0.182484,0.048614
0.056889,0.182381,0.045431
0.056519,0.181345,0.049169
0.059265,0.182784,0.048313
0.058271,0.181625,0.046813
0.063525,0.183456,0.047129
0.063162,0.181299,0.045345
0.062298,0.181132,0.046713
0.065679,0.180904,0.044645
0.068123,0.182879,0.043314
0.069268,0.180953,0.044210
0.068833,0.181215,0.042808
0.070301,0.184281,0.042092
0.071578,0.181701,0.041569
0.073398,0.181202,0.042001
0.073760,0.181009,0.040339
0.075094,0.180867,0.039251
0.076978,0.182049,0.038177
0.078740,0.182403,0.037484
0.080054,0.181548,0.037418
0.082839,0.181392,0.035609
0.083357,0.180831,0.034979
0.083533,0.181665,0.033401
0.085501,0.182652,0.033252
0.088537,0.181949,0.031643
0.088137,0.181302,0.030327
0.089137,0.182392,0.030790
0.090634,0.180835,0.028779
0.093851,0.181606,0.028577
0.092278,0.182648,0.026497
0.095678,0.179195,0.026053
0.096487,0.181694,0.024144
0.096777,0.182357,0.022580
0.099219,0.181800,0.022540
0.101962,0.180595,0.018895
0.103696,0.184459,0.018534
0.105272,0.181674,0.019116
0.105989,0.182361,0.014470
0.105706,0.182665,0.012873
0.107443,0.183830,0.010775
0.109867,0.183201,0.012241
0.112207,0.182412,0.009132
0.112866,0.182246,0.008892
0.113744,0.181384,0.006211
0.114681,0.183355,0.003696
0.116587,0.182727,0.002915
0.118284,0.180907,-0.000428
0.119677,0.180611,-0.003839
0.120374,0.182189,-0.004000
0.122764,0.180955,-0.004664
0.125416,0.182142,-0.007612
0.123954,0.181622,-0.008706
0.126997,0.183192,-0.011580
0.128852,0.182453,-0.012518
0.131119,0.182523,-0.014752
0.132636,0.184807,-0.018501
0.133041,0.182517,-0.019524
0.135334,0.183740,-0.023183
0.136580,0.183483,-0.025632
0.139221,0.183103,-0.033770
0.139421,0.184426,-0.033921
0.141279,0.183324,-0.046396
-0.083267,0.184344,-0.005264
-0.081331,0.184538,0.002930
-0.079691,0.184531,0.006571
-0.077265,0.183508,0.012862
-0.077183,0.183344,0.014587
-0.075520,0.183571,0.016866
-0.072506,0.184940,0.018924
-0.073902,0.183225,0.023174
-0.070837,0.185274,0.023765
-0.068723,0.182251,0.025734
-0.068720,0.183475,0.027406
-0.066655,0.184008,0.028823
-0.065456,0.184679,0.029765
-0.066002,0.181187,0.031131
-0.062519,0.183078,0.032976
-0.061057,0.184465,0.035716
-0.058628,0.182330,0.035770
-0.057631,0.182460,0.036796
-0.056517,0.185842,0.037417
-0.055070,0.184151,0.039185
-0.055239,0.183083,0.041104
-0.053300,0.182029,0.042729
-0.049818,0.182612,0.041138
-0.049184,0.182853,0.044208
-0.048867,0.184620,0.044442
-0.048204,0.183909,0.043736
-0.045061,0.183814,0.043879
-0.045906,0.183211,0.045071
-0.042112,0.182703,0.046796
-0.043053,0.182309,0.046556
-0.039977,0.181846,0.046811
-0.039631,0.184530,0.046926
-0.036184,0.182567,0.045739
-0.036868,0.181941,0.048142
-0.034920,0.183292,0.049346
-0.032751,0.183858,0.049413
-0.031829,0.184024,0.051183
-0.031517,0.183248,0.049793
-0.027044,0.184048,0.050577
-0.026806,0.182536,0.052153
-0.025452,0.183479,0.052655
-0.025398,0.182173,0.053055
-0.023942,0.183722,0.052644
-0.023773,0.182016,0.053700
-0.020087,0.184045,0.053512
-0.018590,0.181846,0.053240
-0.019714,0.184651,0.053521
-0.017307,0.184134,0.054503
-0.013981,0.182717,0.056024
-0.013829,0.181636,0.056521
-0.013956,0.183315,0.055788
-0.012403,0.184329,0.058130
-0.010044,0.183651,0.056370
-0.008194,0.185128,0.055690
-0.008638,0.182931,0.054133
-0.002900,0.183664,0.055604
-0.003213,0.183792,0.055119
-0.001538,0.183548,0.056334
-0.001959,0.183117,0.056533
0.000428,0.183720,0.053903
0.001558,0.181909,0.057741
0.001775,0.182319,0.056830
0.001257,0.183209,0.054837
0.006158,0.184592,0.055738
0.007730,0.181176,0.056745
0.008831,0.182885,0.057467
0.008839,0.182959,0.057667
0.009901,0.183300,0.056692
0.010596,0.182597,0.057188
0.014180,0.181217,0.056006
0.014890,0.183197,0.057449
0.013852,0.181848,0.055015
0.017204,0.183890,0.057595
0.019087,0.183229,0.056963
0.019506,0.182368,0.057541
0.022326,0.184131,0.057245
0.024482,0.182794,0.056596
0.025061,0.181886,0.054075
0.024604,0.183583,0.054855
0.025961,0.183530,0.056478
0.026864,0.183005,0.056452
0.030762,0.183548,0.054661
0.030451,0.184353,0.054416
0.030181,0.182466,0.054451
0.033477,0.184542,0.052919
0.034748,0.183611,0.052566
0.036031,0.184176,0.054539
0.037943,0.180675,0.054691
0.039016,0.183290,0.054260
0.042019,0.182634,0.055204
0.040304,0.182020,0.051695
0.043054,0.183166,0.053058
0.047055,0.184548,0.051217
0.045680,0.183738,0.052441
0.046265,0.184211,0.049222
0.048877,0.182789,0.049913
0.049703,0.182158,0.049853
0.051043,0.182843,0.050070
0.053052,0.183224,0.051078
0.054978,0.183785,0.048648
0.057242,0.182596,0.049049
0.058347,0.183967,0.050165
0.058511,0.183444,0.049005
0.060062,0.183490,0.046903
0.060414,0.182174,0.048287
0.062975,0.183806,0.045786
0.063232,0.182361,0.045519
0.066358,0.183153,0.045907
0.065573,0.183762,0.044246
0.067800,0.183464,0.044880
0.070002,0.184774,0.044177
0.069369,0.184230,0.043768
0.071012,0.183397,0.042320
0.071820,0.182330,0.041477
0.071347,0.181461,0.042817
0.076995,0.183401,0.040059
0.076161,0.184165,0.040325
0.077291,0.184176,0.039497
0.080198,0.181868,0.038331
0.082385,0.183041,0.035818
0.082706,0.182953,0.035693
0.084076,0.185337,0.033862
0.087034,0.184128,0.035754
0.087658,0.182784,0.033004
0.089363,0.184503,0.032120
0.091123,0.183874,0.031351
0.092958,0.184204,0.027486
0.092635,0.182999,0.028178
0.093580,0.182147,0.027035
0.096763,0.183186,0.024649
0.097826,0.182740,0.023479
0.099518,0.182404,0.024118
0.102175,0.183472,0.022389
0.100807,0.184326,0.020123
0.102680,0.184205,0.018944
0.104994,0.184375,0.017696
0.106164,0.183922,0.016004
0.106907,0.182325,0.014454
0.106389,0.183282,0.012195
0.110498,0.183191,0.011698
0.110811,0.184681,0.010710
0.113264,0.184546,0.007948
0.113160,0.184756,0.005357
0.115286,0.181943,0.004515
0.117184,0.184112,0.003299
0.116672,0.184667,0.001341
0.119511,0.183949,-0.001028
0.122515,0.185709,-0.004386
0.122443,0.184333,-0.007049
0.124395,0.183301,-0.006549
0.126791,0.184749,-0.009846
0.127988,0.183725,-0.009799
0.130138,0.183469,-0.013751
0.128784,0.184977,-0.017246
0.132328,0.182498,-0.017642
0.132342,0.182830,-0.021165
0.134385,0.185094,-0.023598
0.135117,0.184585,-0.027475
0.139124,0.183253,-0.034839
0.138117,0.187156,-0.039441
-0.083099,0.186162,-0.001308
-0.079854,0.184973,0.006036
-0.078461,0.185097,0.008417
-0.077523,0.183954,0.014937
-0.077408,0.183920,0.013314
-0.074148,0.186889,0.017095
-0.071494,0.184614,0.019931
-0.072345,0.185706,0.023891
-0.069311,0.184076,0.025598
-0.071192,0.186351,0.026864
-0.066461,0.185935,0.027341
-0.067703,0.184316,0.028988
-0.065358,0.184242,0.030869
-0.063408,0.184824,0.032249
-0.062403,0.185508,0.032946
-0.063425,0.184394,0.036110
-0.059585,0.186207,0.036201
-0.058154,0.184933,0.038926
-0.056642,0.186001,0.037889
-0.054346,0.183693,0.040598
-0.052511,0.184863,0.042191
-0.052741,0.184176,0.040426
-0.050931,0.184445,0.043335
-0.048965,0.186079,0.043248
-0.048016,0.184695,0.043789
-0.046526,0.185879,0.044745
-0.046025,0.184256,0.043821
-0.043813,0.185066,0.045172
-0.042861,0.184451,0.046602
-0.041849,0.185150,0.048810
-0.041101,0.184986,0.046159
-0.041357,0.183707,0.047240
-0.036716,0.184932,0.047133
-0.035584,0.186120,0.049178
-0.034764,0.184379,0.048321
-0.033647,0.186514,0.049133
-0.031072,0.185232,0.051305
-0.032238,0.184773,0.052111
-0.028623,0.183933,0.051378
-0.028777,0.183318,0.052090
-0.026512,0.186250,0.050411
-0.025806,0.185743,0.052320
-0.022764,0.185075,0.054777
-0.022080,0.184616,0.052758
-0.021828,0.184989,0.054796
-0.018325,0.184545,0.054553
-0.017298,0.185395,0.054578
-0.017606,0.184357,0.056397
-0.015381,0.183997,0.053607
-0.014017,0.186091,0.053856
-0.012320,0.185951,0.053225
-0.009908,0.185152,0.056090
-0.010821,0.183698,0.056090
-0.009830,0.183962,0.055939
-0.008088,0.185126,0.057422
-0.007198,0.184326,0.055051
-0.005422,0.185758,0.056717
-0.003499,0.185176,0.057778
-0.003108,0.182473,0.054886
0.000700,0.183922,0.056525
0.000593,0.187305,0.057037
0.003416,0.183299,0.057776
0.003230,0.185261,0.057521
0.003643,0.184574,0.057829
0.005473,0.185103,0.058166
0.008252,0.185184,0.057021
0.008490,0.184276,0.056786
0.008601,0.182579,0.056552
0.011571,0.183985,0.055845
0.011843,0.184961,0.057194
0.013943,0.185380,0.058872
0.014591,0.183833,0.056068
0.016712,0.185066,0.059042
0.018368,0.184982,0.054816
0.019935,0.184923,0.056439
0.020960,0.186531,0.057427
0.021544,0.183375,0.056552
0.024399,0.183542,0.055607
0.023999,0.184656,0.055525
0.027267,0.184371,0.056143
0.027264,0.184147,0.055990
0.030042,0.183347,0.056648
0.030423,0.184903,0.056252
0.033070,0.185249,0.054955
0.034483,0.184430,0.056318
0.035655,0.184181,0.054431
0.036346,0.183446,0.054706
0.036601,0.185600,0.055262
0.038725,0.186379,0.053726
0.040793,0.184862,0.051900
0.042148,0.186870,0.054623
0.043355,0.184505,0.053990
0.043750,0.184799,0.052199
0.046326,0.183997,0.051892
0.046877,0.185903,0.051325
0.050550,0.184375,0.052534
0.051043,0.184533,0.050411
0.052400,0.186179,0.050003
0.054092,0.184643,0.050544
0.052170,0.184327,0.048760
0.054000,0.184702,0.048993
0.055523,0.183559,0.050050
0.058094,0.185321,0.048728
0.058757,0.185114,0.049213
0.060063,0.184767,0.047257
0.063198,0.183508,0.045776
0.061496,0.183158,0.046553
0.065373,0.183651,0.044631
0.067440,0.186078,0.044440
0.069357,0.184711,0.044578
0.068540,0.186291,0.043525
0.070504,0.185856,0.043748
0.071336,0.185025,0.041541
0.071623,0.185305,0.040941
0.075812,0.185969,0.041219
0.076516,0.183747,0.039503
0.076845,0.183810,0.037029
0.079260,0.183619,0.038655
0.079321,0.185974,0.036798
0.081744,0.183715,0.037679
0.083288,0.185636,0.035550
0.083913,0.184598,0.034725
0.085136,0.185224,0.035141
0.088518,0.185575,0.033983
0.089354,0.184396,0.031869
0.089309,0.185472,0.029972
0.090474,0.185166,0.029683
0.093277,0.185114,0.027585
0.094651,0.185377,0.027128
0.095164,0.184599,0.023353
0.096325,0.184354,0.024902
0.097430,0.184131,0.022428
0.098655,0.186876,0.022520
0.100201,0.185510,0.019991
0.103701,0.183828,0.019633
0.104625,0.187392,0.018009
0.105098,0.186850,0.016842
0.105782,0.187230,0.014690
0.107555,0.185448,0.013036
0.108618,0.184647,0.010646
0.111118,0.185881,0.009004
0.114468,0.185023,0.008430
0.113514,0.184677,0.005766
0.115301,0.184497,0.003124
0.117915,0.185373,0.002113
0.118580,0.185340,-0.000123
0.119850,0.185645,-0.001509
0.120820,0.185765,-0.004883
0.122334,0.185030,-0.006061
0.123853,0.186597,-0.008179
0.125494,0.184750,-0.009380
0.127062,0.187543,-0.010925
0.127915,0.185444,-0.011883
0.130766,0.185776,-0.015860
0.132994,0.186216,-0.019611
0.131722,0.184152,-0.020881
0.132831,0.186289,-0.026915
0.136421,0.185042,-0.033294
0.136842,0.185740,-0.036035
0.140354,0.186031,-0.042757
-0.084752,0.187042,-0.012228
-0.083139,0.187041,0.000867
-0.079872,0.187336,0.005608
-0.080151,0.186501,0.010605
-0.076827,0.185754,0.014303
-0.077933,0.187312,0.016288
-0.073878,0.186592,0.020684
-0.076542,0.187296,0.022830
-0.071529,0.188205,0.024132
-0.070120,0.185516,0.025173
-0.069735,0.185710,0.027405
-0.067818,0.188746,0.029676
-0.067366,0.186844,0.030931
-0.064310,0.185991,0.034167
-0.061820,0.186205,0.033070
-0.063407,0.184864,0.036692
-0.060852,0.187077,0.035797
-0.060216,0.186861,0.036609
-0.058028,0.186833,0.037673
-0.057272,0.186178,0.039111
-0.054247,0.185335,0.040909
-0.052361,0.186224,0.040918
-0.052540,0.188048,0.043350
-0.050410,0.187756,0.043050
-0.049932,0.185817,0.044440
-0.048556,0.186778,0.045807
-0.046911,0.186249,0.045790
-0.045579,0.186092,0.044002
-0.044917,0.186505,0.045335
-0.043342,0.186493,0.046434
-0.041213,0.185719,0.046945
-0.038966,0.187062,0.047730
-0.037531,0.185589,0.049810
-0.037942,0.186316,0.049078
-0.035855,0.186832,0.049655
-0.034113,0.185889,0.049162
-0.033710,0.186484,0.049673
-0.032578,0.185966,0.051471
-0.031987,0.185434,0.052819
-0.029037,0.184398,0.052667
-0.027790,0.186737,0.053312
-0.028939,0.187090,0.054107
-0.024969,0.185468,0.052279
-0.021676,0.184823,0.054695
-0.023531,0.185860,0.055784
-0.020260,0.184756,0.052247
-0.018791,0.185899,0.055933
-0.017819,0.187191,0.056480
-0.018379,0.185657,0.054876
-0.014655,0.186917,0.057437
-0.014786,0.187792,0.054382
-0.010892,0.185790,0.057438
-0.010474,0.184904,0.056733
-0.009036,0.185784,0.057042
-0.008496,0.188001,0.057535
-0.006935,0.186399,0.056211
-0.007219,0.186498,0.056693
-0.004409,0.185787,0.056180
-0.003142,0.185856,0.056113
-0.003296,0.184660,0.056070
-0.001607,0.187368,0.055754
-0.000202,0.184823,0.058144
0.003623,0.185308,0.055697
0.004378,0.186766,0.058455
0.004612,0.185731,0.057494
0.007106,0.185923,0.056364
0.009255,0.186835,0.058581
0.007476,0.186561,0.057072
0.010849,0.187325,0.057496
0.011599,0.187279,0.057007
0.012765,0.186265,0.056429
0.013691,0.186014,0.055605
0.014856,0.185483,0.055524
0.017545,0.187071,0.056114
0.018772,0.185600,0.058913
0.021866,0.186946,0.057891
0.021413,0.188069,0.058995
0.020779,0.186804,0.057281
0.023216,0.186900,0.056249
0.027324,0.185656,0.058173
0.027790,0.186281,0.058133
0.031292,0.186076,0.057006
0.028972,0.186786,0.056703
0.030268,0.186466,0.056674
0.031233,0.187018,0.056520
0.034251,0.185819,0.056245
0.034427,0.186677,0.055934
0.036478,0.184789,0.053700
0.038085,0.186451,0.053394
0.040350,0.186218,0.054647
0.041718,0.185864,0.053077
0.041915,0.187232,0.054128
0.040988,0.184635,0.052593
0.046280,0.186462,0.052247
0.044643,0.187117,0.052688
0.046854,0.186479,0.053866
0.047756,0.185721,0.050454
0.050235,0.187500,0.049938
0.051161,0.188526,0.049667
0.053590,0.186143,0.051747
0.054281,0.186035,0.049166
0.054199,0.187446,0.048107
0.055958,0.188063,0.049000
0.057483,0.188201,0.047289
0.058015,0.185932,0.049368
0.062141,0.184857,0.048315
0.061297,0.186532,0.048747
0.061911,0.186203,0.047788
0.066454,0.186459,0.045374
0.067360,0.185666,0.045626
0.066346,0.186930,0.044108
0.067392,0.186317,0.043968
0.069298,0.185970,0.042013
0.072468,0.185640,0.044139
0.072981,0.184618,0.043163
0.074278,0.185089,0.042926
0.075376,0.186868,0.041146
0.076953,0.187888,0.040048
0.077867,0.186173,0.036859
0.080707,0.187887,0.038326
0.082062,0.187931,0.038243
0.084267,0.187259,0.035706
0.083071,0.186170,0.035261
0.085041,0.185641,0.036100
0.085334,0.186082,0.032297
0.087869,0.185814,0.031266
0.089012,0.185620,0.032662
0.090614,0.187495,0.029126
0.093010,0.188085,0.027437
0.093341,0.187533,0.025203
0.095844,0.185898,0.024111
0.096334,0.186698,0.023023
0.099606,0.185999,0.022923
0.101628,0.185325,0.022687
0.104047,0.189499,0.020335
0.102106,0.187963,0.017855
0.104547,0.187566,0.018432
0.106699,0.187352,0.015300
0.106343,0.187923,0.015643
0.108797,0.188248,0.013385
0.109616,0.184943,0.011706
0.111169,0.188018,0.008302
0.111736,0.186797,0.007287
0.113280,0.186367,0.005990
0.115517,0.187134,0.004838
0.118468,0.187515,0.002938
0.118796,0.184307,0.000149
0.119180,0.187762,-0.001724
0.122813,0.187132,-0.003815
0.121580,0.185314,-0.004590
0.122175,0.187588,-0.006536
0.124275,0.186741,-0.008823
0.127340,0.187359,-0.012432
0.127816,0.188154,-0.012953
0.131146,0.187005,-0.014592
0.132335,0.188658,-0.018957
0.132638,0.186939,-0.022272
0.134997,0.187616,-0.026494
0.137403,0.188933,-0.030433
0.135938,0.187767,-0.036532
-0.084750,0.191718,-0.008223
-0.082495,0.190167,0.003527
-0.082785,0.188044,0.006266
-0.079666,0.189107,0.011538
-0.076329,0.188407,0.016070
-0.077487,0.189894,0.018115
-0.075939,0.188197,0.019525
-0.074810,0.188635,0.023240
-0.072648,0.189789,0.026556
-0.071286,0.187069,0.026212
-0.068840,0.188566,0.028370
-0.068692,0.189060,0.030345
-0.068801,0.187292,0.032235
-0.065838,0.187949,0.034156
-0.063371,0.187971,0.033642
-0.062045,0.187703,0.033080
-0.061311,0.189803,0.035021
-0.060855,0.188298,0.038676
-0.058129,0.187848,0.038418
-0.056705,0.186587,0.039171
-0.055529,0.188455,0.039526
-0.052365,0.188011,0.041083
-0.053389,0.187074,0.042726
-0.051255,0.187388,0.043129
-0.050376,0.186580,0.043276
-0.046798,0.189047,0.044230
-0.047539,0.187655,0.045737
-0.044934,0.188061,0.045034
-0.044162,0.186683,0.045433
-0.044708,0.188181,0.047480
-0.040879,0.186555,0.045312
-0.040964,0.189735,0.049292
-0.037608,0.187022,0.048944
-0.036493,0.186630,0.048627
-0.034390,0.188830,0.050313
-0.035276,0.187491,0.049910
-0.035703,0.188760,0.051267
-0.031398,0.187018,0.051715
-0.031652,0.186826,0.052023
-0.029773,0.186647,0.052291
-0.029262,0.186593,0.052493
-0.027387,0.187476,0.054489
-0.024926,0.187725,0.054486
-0.024608,0.188563,0.055201
-0.023787,0.186106,0.055779
-0.023268,0.187604,0.056472
-0.020378,0.187161,0.054442
-0.018459,0.188790,0.055490
-0.018104,0.187517,0.057723
-0.016564,0.188128,0.054994
-0.015660,0.187064,0.055206
-0.011729,0.188683,0.057205
-0.012116,0.190268,0.055206
-0.009190,0.186227,0.055969
-0.007806,0.189894,0.058926
-0.007011,0.187984,0.057801
-0.006585,0.189042,0.056652
-0.002351,0.189304,0.057643
-0.003339,0.188699,0.058588
-0.001747,0.188365,0.059910
-0.000090,0.188313,0.056626
0.000240,0.186911,0.057756
0.002210,0.187788,0.059889
0.003205,0.188648,0.057087
0.004968,0.187870,0.056757
0.006507,0.188809,0.057328
0.006327,0.186030,0.057895
0.009857,0.187396,0.057474
0.010415,0.186655,0.058349
0.012036,0.186017,0.057406
0.013083,0.187224,0.057206
0.014196,0.188156,0.056768
0.016341,0.187475,0.056284
0.017521,0.187122,0.059375
0.018985,0.187166,0.058695
0.019425,0.187364,0.058867
0.023123,0.186775,0.058800
0.021448,0.186645,0.057083
0.023238,0.188067,0.057894
0.025992,0.187451,0.057555
0.028140,0.187403,0.057556
0.028598,0.186613,0.054950
0.032017,0.187528,0.056614
0.032394,0.187423,0.055807
0.032268,0.189298,0.054230
0.034328,0.186726,0.055949
0.035277,0.187321,0.055206
0.037812,0.187471,0.056466
0.036472,0.187629,0.054467
0.037389,0.186720,0.055579
0.040050,0.188376,0.055498
0.041556,0.188178,0.055141
0.043758,0.186725,0.051845
0.045054,0.188046,0.052195
0.044751,0.189125,0.053352
0.047671,0.186671,0.051928
0.048684,0.187850,0.051560
0.049935,0.188420,0.050302
0.052909,0.188621,0.052040
0.054210,0.187579,0.050074
0.053031,0.187884,0.050710
0.055284,0.187582,0.051763
0.056527,0.187531,0.048619
0.057830,0.187874,0.049038
0.059497,0.190073,0.049072
0.061162,0.187912,0.048812
0.061447,0.187588,0.045673
0.065353,0.188311,0.046765
0.064998,0.188294,0.046985
0.064422,0.187471,0.044969
0.068392,0.189199,0.044695
0.068926,0.188175,0.043178
0.070499,0.187294,0.043583
0.073560,0.185797,0.044577
0.073362,0.187967,0.042217
0.075391,0.188483,0.040864
0.075908,0.188966,0.039597
0.077542,0.187619,0.038368
0.080292,0.188601,0.036989
0.081684,0.188893,0.038800
0.081213,0.188828,0.036024
0.083581,0.188284,0.035722
0.085145,0.187304,0.035748
0.085705,0.189624,0.033866
0.085591,0.188299,0.032562
0.088751,0.188626,0.031750
0.090946,0.188105,0.031059
0.091596,0.187743,0.029557
0.092791,0.187537,0.027730
0.093748,0.185964,0.026129
0.095028,0.186276,0.027306
0.097614,0.188029,0.025313
0.097892,0.188158,0.024219
0.101344,0.187751,0.021530
0.098465,0.188276,0.021408
0.103537,0.188529,0.018518
0.103459,0.189430,0.017586
0.105891,0.188430,0.015639
0.106424,0.187610,0.014850
0.109709,0.187820,0.013596
0.107948,0.192367,0.010845
0.109532,0.190006,0.010228
0.112681,0.189571,0.007554
0.113872,0.188998,0.006787
0.115816,0.189061,0.003140
0.117199,0.189685,0.004262
0.117449,0.188724,0.000386
0.120963,0.188228,-0.000074
0.121589,0.189720,-0.006018
0.123059,0.188215,-0.005620
0.124885,0.188996,-0.007145
0.125426,0.188060,-0.008711
0.125953,0.189949,-0.010253
0.128165,0.189005,-0.014590
0.130132,0.189776,-0.015537
0.131271,0.188708,-0.020047
0.134729,0.188600,-0.020003
0.133391,0.189197,-0.025292
0.136030,0.189296,-0.031783
0.137512,0.190157,-0.042949
-0.084369,0.190565,-0.005923
-0.083661,0.191095,0.003625
-0.083004,0.189414,0.009512
-0.080443,0.190839,0.015862
-0.076650,0.189424,0.016611
-0.077153,0.189199,0.018404
-0.075252,0.190755,0.021462
-0.073358,0.189885,0.024108
-0.071550,0.190130,0.025650
-0.070842,0.187797,0.027323
-0.071504,0.191452,0.027240
-0.068748,0.190416,0.028781
-0.066463,0.191234,0.032202
-0.064578,0.189484,0.033524
-0.064413,0.191026,0.034851
-0.062339,0.189596,0.037662
-0.061671,0.188075,0.036408
-0.059062,0.189999,0.037993
-0.058182,0.191284,0.040469
-0.057082,0.190302,0.039309
-0.056018,0.189361,0.040525
-0.055175,0.190055,0.040898
-0.052139,0.189498,0.043576
-0.050609,0.190362,0.044042
-0.048821,0.189711,0.042248
-0.048167,0.188930,0.042530
-0.047172,0.191394,0.044635
-0.043436,0.188722,0.046255
-0.045929,0.189289,0.046208
-0.044005,0.188838,0.048642
-0.040188,0.190527,0.050152
-0.041334,0.189264,0.047845
-0.038560,0.189427,0.048595
-0.039465,0.190848,0.051040
-0.036951,0.188479,0.049623
-0.035550,0.189664,0.050363
-0.033013,0.188531,0.051915
-0.032709,0.188917,0.052050
-0.028849,0.188717,0.052323
-0.030627,0.188918,0.053945
-0.029606,0.189754,0.052455
-0.024997,0.190382,0.053152
-0.025882,0.189834,0.053750
-0.022740,0.188975,0.054927
-0.023304,0.189001,0.054023
-0.019367,0.189463,0.056432
-0.021899,0.188140,0.055901
-0.018201,0.188948,0.056941
-0.015795,0.188521,0.054760
-0.015535,0.189909,0.055602
-0.014708,0.190398,0.053937
-0.012087,0.190588,0.056332
-0.011051,0.192304,0.057690
-0.008939,0.188641,0.058489
-0.008400,0.188559,0.058015
-0.006984,0.189377,0.057916
-0.004884,0.189122,0.056896
-0.006259,0.190293,0.057900
-0.000867,0.188822,0.058100
-0.002607,0.187422,0.057637
-0.001360,0.189546,0.058161
0.001116,0.192048,0.058128
0.003145,0.190106,0.058638
0.002903,0.189043,0.056953
0.005500,0.190383,0.056488
0.007371,0.187853,0.058141
0.009167,0.189184,0.057378
0.008918,0.189673,0.057464
0.011594,0.189712,0.058648
0.011761,0.190168,0.059131
0.014352,0.188787,0.055949
0.015243,0.188985,0.057928
0.015254,0.190629,0.060327
0.015490,0.189319,0.058665
0.018237,0.190301,0.058352
0.018211,0.188202,0.058927
0.022961,0.190450,0.060144
0.022961,0.191108,0.056480
0.025677,0.187764,0.057710
0.025972,0.190317,0.057329
0.027053,0.188128,0.057731
0.028154,0.189539,0.056746
0.029758,0.191340,0.054823
0.030810,0.190620,0.055090
0.029791,0.187993,0.057082
0.032927,0.191091,0.056169
0.035972,0.190143,0.056177
0.037356,0.189089,0.053246
0.036558,0.190563,0.054805
0.037940,0.188530,0.054358
0.041334,0.190820,0.055153
0.041980,0.189826,0.053772
0.045216,0.187600,0.053539
0.043604,0.188678,0.052102
0.045831,0.190726,0.052824
0.047473,0.190606,0.050919
0.048403,0.188501,0.053384
0.049004,0.188487,0.049300
0.051588,0.188596,0.051222
0.053482,0.190134,0.050928
0.054248,0.189425,0.051421
0.054167,0.190686,0.048393
0.056643,0.189572,0.048988
0.057165,0.192340,0.047694
0.061038,0.188993,0.048872
0.060084,0.190055,0.047738
0.060940,0.191094,0.046740
0.062279,0.191641,0.046638
0.066091,0.189188,0.046829
0.065385,0.189576,0.044818
0.066896,0.189638,0.046105
0.068834,0.188455,0.044861
0.071443,0.192341,0.043676
0.072499,0.188929,0.042610
0.073959,0.189196,0.041318
0.074859,0.189760,0.041546
0.076264,0.190759,0.041729
0.078697,0.189669,0.040144
0.080160,0.187572,0.036878
0.079906,0.188788,0.039357
0.081437,0.189662,0.037396
0.081011,0.189291,0.035981
0.083761,0.189723,0.034493
0.085037,0.189870,0.035519
0.086915,0.191105,0.034212
0.089638,0.191682,0.032231
0.090546,0.190120,0.032467
0.092970,0.188318,0.031353
0.092483,0.190218,0.028065
0.093307,0.190984,0.027090
0.097238,0.189909,0.025914
0.096110,0.190061,0.024548
0.098770,0.190197,0.024283
0.099806,0.190346,0.021833
0.102355,0.190142,0.018883
0.101464,0.190624,0.019648
0.105707,0.189221,0.017513
0.105369,0.189985,0.016030
0.108303,0.191641,0.014473
0.106800,0.189341,0.014957
0.110445,0.190008,0.011708
0.111375,0.191812,0.010398
0.112768,0.189447,0.008201
0.115316,0.191178,0.006938
0.113849,0.189254,0.003569
0.116871,0.191124,0.003661
0.118696,0.190086,0.000508
0.118725,0.191842,-0.001198
0.123082,0.190909,-0.004392
0.123468,0.190273,-0.007075
0.123185,0.190095,-0.006063
0.126606,0.191033,-0.008603
0.126789,0.188939,-0.011978
0.129182,0.190665,-0.013578
0.129462,0.191771,-0.015870
0.131127,0.192428,-0.020159
0.134232,0.191609,-0.022709
0.132941,0.188819,-0.028145
0.134797,0.191713,-0.033756
0.137810,0.190542,-0.049343
-0.087355,0.191490,-0.013033
-0.085807,0.191785,0.002036
-0.083128,0.191269,0.005729
-0.081763,0.191351,0.011060
-0.080709,0.191094,0.014719
-0.078366,0.192152,0.017607
-0.075465,0.191400,0.019657
-0.076113,0.192933,0.022348
-0.073381,0.189904,0.026539
-0.072428,0.191688,0.028381
-0.071213,0.192408,0.027373
-0.068376,0.191634,0.028367
-0.066509,0.190786,0.030920
-0.066950,0.191031,0.031943
-0.067773,0.190869,0.036266
-0.063524,0.190584,0.034783
-0.062584,0.191596,0.037080
-0.060795,0.191705,0.035809
-0.060307,0.190517,0.036916
-0.059240,0.190987,0.041224
-0.056064,0.188291,0.038703
-0.056873,0.191235,0.041829
-0.052585,0.190334,0.042957
-0.052081,0.190978,0.043646
-0.054094,0.191479,0.043414
-0.050572,0.192137,0.044067
-0.048678,0.190452,0.045229
-0.047217,0.190964,0.047069
-0.045567,0.190927,0.046584
-0.044354,0.191562,0.047395
-0.042820,0.191455,0.048640
-0.041259,0.192168,0.047438
-0.040820,0.189648,0.048265
-0.037929,0.190410,0.050025
-0.038079,0.190408,0.050629
-0.035581,0.192237,0.050703
-0.034755,0.191014,0.052806
-0.032662,0.190596,0.051107
-0.032779,0.190561,0.053044
-0.031133,0.189362,0.053235
-0.029880,0.192672,0.052900
-0.028264,0.191885,0.054690
-0.024758,0.191525,0.051923
-0.024587,0.190270,0.053162
-0.023244,0.190856,0.055212
-0.022203,0.189303,0.054891
-0.019968,0.191039,0.056645
-0.019732,0.191635,0.055739
-0.017911,0.189767,0.056218
-0.018307,0.190838,0.056380
-0.014927,0.191476,0.056087
-0.013221,0.192175,0.057049
-0.013276,0.190348,0.056522
-0.010472,0.191277,0.058647
-0.010432,0.188922,0.057486
-0.008944,0.190211,0.058580
-0.006764,0.190742,0.056280
-0.004919,0.190096,0.057103
-0.004141,0.188679,0.057546
-0.003035,0.188880,0.057420
-0.002193,0.189392,0.059815
-0.001464,0.190450,0.057489
-0.001015,0.190113,0.057649
0.002563,0.192223,0.060001
0.001952,0.192100,0.055880
0.004132,0.190052,0.060271
0.007756,0.191373,0.058526
0.007172,0.190773,0.057641
0.010291,0.189586,0.058581
0.011213,0.190174,0.057809
0.012914,0.191512,0.057452
0.014635,0.192306,0.057812
0.015072,0.190294,0.058584
0.014384,0.191266,0.059271
0.018512,0.192633,0.059125
0.019346,0.191594,0.057643
0.019000,0.191374,0.058172
0.020906,0.190773,0.057055
0.023510,0.188536,0.055446
0.024409,0.191887,0.058108
0.025185,0.190666,0.057840
0.027079,0.190623,0.057375
0.026493,0.190782,0.058109
0.027492,0.190905,0.055139
0.031125,0.192063,0.058207
0.031992,0.190852,0.055903
0.034718,0.191914,0.053629
0.034415,0.190460,0.055076
0.035019,0.192254,0.056022
0.037297,0.189843,0.052734
0.040062,0.191164,0.053869
0.041262,0.190163,0.052602
0.041057,0.189378,0.054175
0.043180,0.191117,0.051197
0.043386,0.189713,0.054237
0.046728,0.189772,0.051707
0.048050,0.189401,0.054265
0.048915,0.190351,0.051959
0.050054,0.191663,0.051013
0.051772,0.190864,0.053086
0.053458,0.190731,0.051520
0.051227,0.192772,0.051101
0.055271,0.190509,0.050405
0.057452,0.191095,0.049384
0.057457,0.191820,0.049700
0.059511,0.189615,0.049462
0.059597,0.191859,0.046827
0.062444,0.192932,0.049797
0.063547,0.191356,0.045022
0.065720,0.191894,0.045510
0.065148,0.192691,0.044652
0.068810,0.190026,0.045480
0.070110,0.190225,0.043072
0.070791,0.189606,0.044338
0.071936,0.191231,0.043620
0.072195,0.191071,0.042177
0.072826,0.191452,0.043244
0.076461,0.191960,0.042271
0.077667,0.190706,0.038879
0.079622,0.189690,0.037786
0.079618,0.190691,0.038986
0.080678,0.193384,0.038576
0.082120,0.190339,0.037934
0.084465,0.192549,0.034087
0.086200,0.191250,0.033819
0.087443,0.192385,0.033672
0.089437,0.191387,0.031780
0.090211,0.191164,0.032442
0.090684,0.190048,0.030219
0.092797,0.191243,0.028432
0.093947,0.191552,0.028125
0.097652,0.191907,0.028091
0.097409,0.192309,0.026907
0.097920,0.191247,0.024005
0.099764,0.188823,0.022538
0.100808,0.190639,0.019579
0.102737,0.189371,0.020488
0.103946,0.192022,0.017818
0.105605,0.191154,0.017194
0.106739,0.191790,0.014054
0.109613,0.192943,0.015161
0.111664,0.193010,0.012450
0.110228,0.192920,0.009898
0.111386,0.192309,0.009346
0.114419,0.191227,0.006701
0.115971,0.191962,0.004672
0.116215,0.191463,0.003186
0.117832,0.190340,0.000426
0.118123,0.191027,-0.000485
0.121005,0.191143,-0.001312
0.123681,0.192739,-0.005059
0.126541,0.193664,-0.006564
0.127246,0.191226,-0.008803
0.126148,0.192618,-0.011991
0.129527,0.192400,-0.013508
0.129473,0.192908,-0.015608
0.131658,0.191477,-0.018683
0.130948,0.191540,-0.023501
0.134856,0.192793,-0.029123
0.136166,0.193842,-0.035812
-0.084860,0.194215,-0.008285
-0.085206,0.194492,0.002390
-0.083805,0.193601,0.007037
-0.082339,0.193779,0.012530
-0.078748,0.193950,0.015684
-0.078886,0.194650,0.018769
-0.077814,0.194463,0.021703
-0.074981,0.193388,0.023687
-0.073727,0.193754,0.024020
-0.072212,0.193793,0.028300
-0.069721,0.194076,0.027948
-0.067603,0.191566,0.031542
-0.067362,0.193325,0.032189
-0.068378,0.192180,0.033353
-0.065477,0.192083,0.034937
-0.064029,0.192819,0.037512
-0.063164,0.193830,0.038918
-0.062523,0.192432,0.038904
-0.061131,0.193785,0.039944
-0.058889,0.193262,0.038583
-0.056302,0.191550,0.040571
-0.055680,0.193335,0.043250
-0.053542,0.192977,0.043646
-0.054144,0.192126,0.044846
-0.050602,0.193694,0.045619
-0.049218,0.192694,0.047285
-0.049144,0.192708,0.046691
-0.048035,0.193378,0.045949
-0.046567,0.193660,0.047677
-0.043965,0.191367,0.046609
-0.042229,0.191446,0.049325
-0.043308,0.192265,0.048568
-0.041374,0.192377,0.049802
-0.038166,0.193146,0.050701
-0.037064,0.193975,0.052187
-0.035641,0.191197,0.053115
-0.035267,0.191445,0.052622
-0.034379,0.191853,0.051692
-0.032829,0.191737,0.052108
-0.031458,0.193242,0.053720
-0.028738,0.192286,0.055504
-0.028923,0.191998,0.054719
-0.027231,0.192828,0.054883
-0.027107,0.191634,0.057178
-0.023759,0.193273,0.055851
-0.023496,0.190489,0.056817
-0.021676,0.192755,0.055999
-0.020746,0.192439,0.056244
-0.017672,0.193339,0.058442
-0.017696,0.192719,0.056964
-0.015266,0.194204,0.056645
-0.015182,0.193792,0.058671
-0.014154,0.193086,0.058353
-0.011981,0.193598,0.058173
-0.011234,0.191254,0.058622
-0.008379,0.193781,0.057613
-0.009846,0.191451,0.057081
-0.006947,0.191631,0.058119
-0.004041,0.193775,0.060837
-0.002469,0.193466,0.059155
-0.001888,0.191677,0.060341
-0.002181,0.191648,0.057301
0.002685,0.192094,0.059939
0.002518,0.193125,0.060050
0.003426,0.192287,0.058948
0.006027,0.192254,0.060627
0.006152,0.192510,0.059039
0.008475,0.191388,0.058946
0.008412,0.191921,0.058307
0.008965,0.192137,0.058762
0.013125,0.191891,0.058434
0.012920,0.192254,0.058584
0.013799,0.194464,0.057612
0.016159,0.193870,0.058351
0.017092,0.191428,0.057718
0.018385,0.191997,0.057657
0.019999,0.191399,0.057407
0.021448,0.193534,0.056805
0.020386,0.193125,0.058271
0.023942,0.192072,0.058751
0.026226,0.192757,0.058508
0.026094,0.192966,0.057654
0.027180,0.193339,0.056695
0.029906,0.192646,0.056077
0.031244,0.191898,0.056308
0.029594,0.190528,0.056031
0.032555,0.192463,0.054508
0.034069,0.192107,0.054728
0.036687,0.192518,0.057800
0.036259,0.193508,0.054042
0.039068,0.192399,0.055520
0.038027,0.192098,0.054827
0.043094,0.192473,0.056002
0.045209,0.193411,0.054102
0.044467,0.192217,0.054697
0.045020,0.191795,0.052967
0.047536,0.193339,0.053853
0.048038,0.191140,0.052030
0.051279,0.194666,0.052346
0.050771,0.191692,0.052034
0.052357,0.192548,0.049379
0.055010,0.192516,0.051294
0.055636,0.195190,0.050808
0.057994,0.191640,0.050400
0.057518,0.193635,0.049307
0.058549,0.192281,0.049623
0.061353,0.191581,0.047834
0.059635,0.192947,0.048997
0.063520,0.191227,0.047177
0.064129,0.194260,0.046957
0.065384,0.193199,0.044673
0.067127,0.189898,0.046000
0.068305,0.192805,0.045084
0.070819,0.192487,0.042626
0.072873,0.192176,0.042217
0.073292,0.191764,0.043571
0.074162,0.193062,0.041563
0.075473,0.193520,0.041675
0.077440,0.193891,0.040770
0.079443,0.190428,0.039633
0.080438,0.195180,0.039889
0.079888,0.190942,0.037779
0.081348,0.193691,0.036490
0.086376,0.191980,0.036303
0.085965,0.192088,0.033733
0.085944,0.191392,0.033993
0.086934,0.190272,0.032728
0.088542,0.193239,0.030112
0.091767,0.192374,0.031683
0.091552,0.193827,0.027895
0.093497,0.193529,0.029239
0.094516,0.193121,0.027306
0.097405,0.192395,0.024530
0.097302,0.192591,0.023327
0.100316,0.193272,0.023896
0.102097,0.193110,0.020165
0.102540,0.192289,0.019832
0.102653,0.192774,0.018868
0.104651,0.195153,0.018396
0.106501,0.192374,0.016526
0.108930,0.192865,0.014374
0.110648,0.194197,0.011193
0.111105,0.193199,0.010328
0.112258,0.192080,0.006627
0.115116,0.191809,0.007371
0.116604,0.194914,0.007524
0.116559,0.193841,0.002116
0.118690,0.193091,0.001112
0.120688,0.191932,-0.003387
0.122410,0.194700,-0.003676
0.123189,0.194680,-0.003940
0.124158,0.192519,-0.008635
0.125101,0.193493,-0.010774
0.127180,0.192226,-0.010790
0.128960,0.194429,-0.014114
0.129730,0.194692,-0.017467
0.134082,0.194336,-0.019327
0.133927,0.194256,-0.024229
0.133840,0.192358,-0.029281
0.135612,0.195050,-0.040646
-0.086030,0.196247,-0.004802
-0.082170,0.194934,0.005342
-0.080819,0.193882,0.008594
-0.080981,0.193642,0.012253
-0.079027,0.193166,0.017132
-0.078593,0.195477,0.020777
-0.076500,0.195191,0.021933
-0.077161,0.195745,0.023665
-0.073518,0.193564,0.024627
-0.070598,0.193431,0.029717
-0.070604,0.194568,0.029916
-0.069471,0.193983,0.031272
-0.066959,0.194506,0.033943
-0.067156,0.195767,0.033934
-0.064161,0.193257,0.034533
-0.064845,0.196073,0.037108
-0.063264,0.194643,0.037191
-0.060276,0.194800,0.038732
-0.060008,0.194469,0.039939
-0.058198,0.194581,0.039856
-0.057633,0.195328,0.041282
-0.053962,0.193757,0.041918
-0.053851,0.194359,0.044607
-0.051130,0.193940,0.044588
-0.052004,0.194382,0.044816
-0.051831,0.192873,0.046882
-0.047741,0.194967,0.045704
-0.045612,0.193508,0.048052
-0.044710,0.196015,0.047783
-0.043183,0.193245,0.048257
-0.045132,0.192749,0.048867
-0.041259,0.194262,0.050977
-0.039696,0.194892,0.050586
-0.037485,0.192767,0.053016
-0.036747,0.194699,0.051045
-0.036102,0.194432,0.050494
-0.036111,0.192799,0.053068
-0.032879,0.193639,0.053694
-0.032744,0.195445,0.054260
-0.030995,0.192645,0.057220
-0.028867,0.194445,0.054220
-0.026736,0.193560,0.054339
-0.026722,0.193910,0.054721
-0.025619,0.194461,0.055103
-0.023288,0.195043,0.055534
-0.021647,0.193723,0.055897
-0.021426,0.193589,0.055510
-0.019970,0.193501,0.056826
-0.018244,0.193606,0.055933
-0.019006,0.192528,0.059173
-0.016999,0.193319,0.058603
-0.013658,0.193205,0.057725
-0.014062,0.192897,0.059249
-0.012101,0.193925,0.057327
-0.008762,0.192781,0.058142
-0.008211,0.194342,0.058821
-0.006968,0.194976,0.059092
-0.005538,0.193038,0.057580
-0.004733,0.193893,0.057431
-0.003910,0.195210,0.059704
-0.001556,0.192558,0.058599
-0.002587,0.194728,0.061100
0.000580,0.194473,0.058981
0.001705,0.194844,0.058926
0.003659,0.194905,0.057426
0.003609,0.194313,0.057995
0.005766,0.193755,0.060069
0.005925,0.192688,0.059930
0.008331,0.193791,0.059137
0.011671,0.193706,0.059049
0.013890,0.193551,0.059034
0.013613,0.193643,0.058353
0.014335,0.192789,0.059140
0.016590,0.191327,0.058587
0.016683,0.194577,0.059029
0.018576,0.194006,0.060039
0.018849,0.192709,0.058900
0.021792,0.193287,0.058105
0.024096,0.194959,0.058787
0.023078,0.193201,0.057338
0.025509,0.193894,0.057328
0.026339,0.193086,0.058123
0.027916,0.191990,0.057376
0.029850,0.195176,0.057770
0.030599,0.194119,0.057702
0.033283,0.194515,0.056711
0.034201,0.194539,0.055833
0.035487,0.193449,0.058546
0.034591,0.195707,0.055758
0.037239,0.192259,0.054718
0.038436,0.194396,0.055817
0.040566,0.192219,0.055731
0.043406,0.194235,0.055088
0.042320,0.194346,0.054243
0.043734,0.193252,0.052988
0.045145,0.192661,0.053533
0.047767,0.194848,0.054407
0.047060,0.191904,0.053920
0.049428,0.193398,0.051489
0.051499,0.193278,0.050897
0.052861,0.194073,0.052337
0.054776,0.193062,0.051022
0.053567,0.191600,0.051885
0.054853,0.192773,0.050176
0.059462,0.194883,0.049468
0.060618,0.193720,0.047406
0.061647,0.195910,0.046159
0.061877,0.193797,0.047040
0.062486,0.194153,0.046438
0.065165,0.194530,0.047095
0.066398,0.193190,0.046684
0.067620,0.193971,0.045794
0.070073,0.194598,0.045557
0.071437,0.193814,0.045016
0.072178,0.192087,0.042753
0.074017,0.195881,0.045261
0.074892,0.194894,0.042968
0.076756,0.195671,0.039560
0.077282,0.194664,0.040870
0.077864,0.192459,0.039082
0.079934,0.194048,0.038641
0.080000,0.193809,0.037090
0.082732,0.196075,0.039148
0.085084,0.194061,0.035288
0.084714,0.193403,0.034234
0.087012,0.194261,0.035335
0.087630,0.194762,0.032831
0.090378,0.195860,0.032335
0.092410,0.194557,0.029918
0.092204,0.194852,0.030159
0.094982,0.196284,0.026897
0.096047,0.195845,0.027285
0.095678,0.195669,0.025591
0.096414,0.195456,0.024330
0.098256,0.194284,0.022714
0.101499,0.195174,0.020861
0.103074,0.193959,0.021314
0.105146,0.195404,0.018254
0.107191,0.194841,0.017797
0.107067,0.194416,0.014520
0.107695,0.195417,0.014566
0.107331,0.195514,0.011232
0.112369,0.194404,0.009475
0.112745,0.193648,0.009284
0.113110,0.194776,0.006351
0.116105,0.194225,0.005671
0.117154,0.195123,0.001329
0.116920,0.195035,0.003284
0.119925,0.195740,-0.000959
0.122258,0.194465,-0.002304
0.121899,0.195348,-0.005789
0.124203,0.194688,-0.008161
0.125468,0.195316,-0.008596
0.128011,0.195288,-0.011791
0.128523,0.195606,-0.015073
0.126941,0.195955,-0.015585
0.131209,0.195127,-0.021744
0.133615,0.196130,-0.025021
0.135552,0.194436,-0.032193
-0.089100,0.196637,-0.008003
-0.085646,0.197221,0.001518
-0.085082,0.197485,0.005403
-0.082918,0.194630,0.012468
-0.080399,0.197081,0.014051
-0.080155,0.196468,0.017342
-0.077466,0.196246,0.020197
-0.075681,0.196229,0.023360
-0.076624,0.194871,0.025091
-0.072904,0.196364,0.028157
-0.071116,0.196411,0.026454
-0.070701,0.194218,0.030032
-0.072017,0.194558,0.033122
-0.067217,0.195632,0.032932
-0.067275,0.197263,0.032564
-0.066349,0.195750,0.035315
-0.064553,0.195470,0.036134
-0.062000,0.198255,0.039031
-0.061327,0.195445,0.039820
-0.058740,0.196069,0.040014
-0.058266,0.197601,0.042596
-0.055741,0.196739,0.040247
-0.054736,0.195169,0.043134
-0.054292,0.194800,0.043885
-0.053420,0.196610,0.044655
-0.050162,0.196270,0.045939
-0.047252,0.197322,0.046352
-0.047825,0.196102,0.048112
-0.047512,0.195825,0.046206
-0.045087,0.195984,0.048037
-0.044447,0.196142,0.050081
-0.043468,0.198761,0.048831
-0.042196,0.198131,0.051922
-0.040133,0.194532,0.052805
-0.040491,0.196114,0.050570
-0.038220,0.195770,0.052352
-0.037517,0.194114,0.053463
-0.034321,0.194972,0.054291
-0.033615,0.196339,0.053186
-0.031113,0.197250,0.054239
-0.030084,0.193832,0.052050
-0.028443,0.196643,0.054755
-0.028357,0.195910,0.055649
-0.026414,0.197224,0.056582
-0.024745,0.196180,0.058189
-0.023970,0.195797,0.056992
-0.023971,0.195181,0.056324
-0.022418,0.194739,0.056245
-0.019995,0.196837,0.056197
-0.017403,0.195594,0.056933
-0.016038,0.195755,0.059338
-0.014239,0.195505,0.058302
-0.013480,0.195846,0.059405
-0.012172,0.195577,0.059150
-0.011047,0.192417,0.058604
-0.011136,0.195646,0.060129
-0.011968,0.194809,0.060098
-0.007040,0.196677,0.061974
-0.007712,0.193840,0.058402
-0.004948,0.194983,0.058858
-0.001363,0.194801,0.059580
-0.003248,0.195907,0.060812
-0.001493,0.194830,0.058279
0.001271,0.195568,0.059876
0.002022,0.196041,0.059902
0.003718,0.194367,0.058224
0.004313,0.196950,0.058230
0.005852,0.197092,0.059926
0.007964,0.194779,0.058371
0.011158,0.195181,0.059161
0.009954,0.195068,0.060439
0.012355,0.195192,0.059818
0.014096,0.194524,0.058970
0.013584,0.196799,0.059030
0.015551,0.194895,0.059753
0.019205,0.194774,0.057771
0.018793,0.196485,0.059257
0.020519,0.194856,0.059341
0.020157,0.195420,0.059967
0.022283,0.195272,0.059157
0.023244,0.196446,0.057380
0.027050,0.194390,0.058737
0.026833,0.195792,0.056479
0.028761,0.196199,0.057070
0.030474,0.196212,0.057168
0.031225,0.196314,0.056833
0.030638,0.196445,0.055741
0.033255,0.194002,0.057055
0.036254,0.195426,0.055715
0.035834,0.195238,0.055923
0.036813,0.195612,0.056381
0.039570,0.195977,0.056570
0.039020,0.196756,0.055078
0.042580,0.195327,0.054121
0.042429,0.195479,0.057725
0.043586,0.195263,0.053299
0.044055,0.196017,0.054667
0.045499,0.194318,0.053183
0.049575,0.195697,0.053665
0.050957,0.196030,0.051680
0.052038,0.197745,0.052175
0.052316,0.195483,0.051373
0.054264,0.195636,0.051086
0.056007,0.196039,0.053090
0.056015,0.197215,0.050165
0.059383,0.194927,0.051323
0.059503,0.194976,0.048866
0.060432,0.195703,0.050274
0.062170,0.195423,0.047883
0.062956,0.196581,0.047115
0.062507,0.195276,0.046586
0.065915,0.193627,0.046043
0.066708,0.196637,0.045310
0.069050,0.195849,0.044035
0.069693,0.194724,0.043573
0.070978,0.195970,0.043592
0.072040,0.194516,0.043278
0.073526,0.196795,0.042155
0.076274,0.196079,0.040789
0.075860,0.194370,0.041361
0.078590,0.195953,0.040689
0.081553,0.196481,0.037532
0.082924,0.195554,0.038271
0.082585,0.196997,0.037226
0.084738,0.196023,0.036342
0.084782,0.196147,0.035121
0.088737,0.196692,0.033617
0.089716,0.196101,0.032308
0.089129,0.196452,0.033340
0.090783,0.196580,0.029461
0.093996,0.195641,0.029923
0.093984,0.195663,0.029157
0.096043,0.195985,0.026511
0.097881,0.195947,0.026360
0.099128,0.197002,0.025712
0.100051,0.198052,0.023690
0.100673,0.195935,0.024090
0.104256,0.196753,0.019139
0.104313,0.197678,0.018030
0.104850,0.196710,0.017707
0.106911,0.197976,0.015785
0.108798,0.195843,0.013949
0.109163,0.197003,0.010072
0.112371,0.198366,0.009832
0.111803,0.194922,0.008059
0.115496,0.196228,0.007228
0.116164,0.197289,0.004401
0.116406,0.195994,0.003104
0.118241,0.196248,0.001439
0.120263,0.197473,0.000050
0.122088,0.196450,-0.000615
0.123891,0.195840,-0.005367
0.123285,0.197322,-0.008153
0.127175,0.197193,-0.008021
0.126150,0.197034,-0.013410
0.128978,0.197547,-0.013852
0.131138,0.196742,-0.018058
0.130684,0.196028,-0.019871
0.133436,0.197263,-0.025895
0.134551,0.199176,-0.033510
-0.089238,0.198270,-0.006785
-0.085721,0.197654,0.004114
-0.085328,0.198985,0.008034
-0.082225,0.196434,0.014177
-0.081696,0.197473,0.016812
-0.080276,0.198321,0.016960
-0.078260,0.197929,0.020642
-0.076492,0.198356,0.023031
-0.076036,0.197150,0.026561
-0.072890,0.197567,0.026364
-0.072711,0.198918,0.028759
-0.071129,0.196232,0.030496
-0.069867,0.196648,0.033049
-0.068045,0.197757,0.033132
-0.066032,0.196538,0.035430
-0.064911,0.197811,0.035400
-0.064473,0.197753,0.038072
-0.063015,0.197537,0.038140
-0.059907,0.198379,0.040344
-0.059430,0.199215,0.040816
-0.057552,0.197672,0.042258
-0.055710,0.196760,0.042564
-0.055204,0.197149,0.044254
-0.053570,0.197683,0.045286
-0.051739,0.198287,0.045558
-0.052181,0.198513,0.045820
-0.049875,0.197030,0.046521
-0.049201,0.197924,0.047929
-0.047731,0.197034,0.047619
-0.044646,0.197527,0.047735
-0.042862,0.196824,0.049515
-0.044652,0.197899,0.049345
-0.041434,0.197234,0.050341
-0.040779,0.194052,0.051328
-0.038639,0.198142,0.052017
-0.038339,0.198079,0.050909
-0.036137,0.197951,0.051786
-0.035282,0.197728,0.054068
-0.032484,0.197074,0.054098
-0.032085,0.196664,0.053816
-0.030184,0.195635,0.055680
-0.028805,0.197047,0.053253
-0.028274,0.197014,0.055105
-0.026891,0.197973,0.059320
-0.025751,0.197460,0.056770
-0.022488,0.198629,0.056548
-0.021649,0.197871,0.057265
-0.022752,0.196743,0.057359
-0.017413,0.196077,0.055944
-0.018496,0.196577,0.059103
-0.016274,0.198240,0.056756
-0.016056,0.196160,0.058928
-0.013537,0.197963,0.058047
-0.012970,0.199204,0.059304
-0.011742,0.197662,0.059402
-0.009909,0.196591,0.059600
-0.008471,0.196206,0.060340
-0.006474,0.198635,0.058615
-0.005568,0.197264,0.060509
-0.004351,0.196812,0.060117
-0.003181,0.195758,0.060781
-0.001528,0.199088,0.060495
0.000247,0.197792,0.059406
0.000131,0.194647,0.060515
0.001258,0.198068,0.060731
0.003950,0.197021,0.058950
0.004921,0.199188,0.061084
0.006835,0.196618,0.059898
0.007576,0.197121,0.059456
0.008065,0.198315,0.059566
0.010743,0.195616,0.059938
0.012479,0.197901,0.060025
0.012905,0.196208,0.059142
0.016218,0.195818,0.059438
0.016746,0.196942,0.061374
0.017924,0.196487,0.059272
0.018393,0.196912,0.058327
0.021828,0.195797,0.059834
0.020684,0.195854,0.059039
0.023076,0.198268,0.056900
0.024476,0.196232,0.058173
0.024812,0.195296,0.058913
0.026653,0.197874,0.059452
0.028866,0.197946,0.058358
0.029489,0.196970,0.057593
0.031491,0.197090,0.057043
0.032311,0.196592,0.058215
0.033916,0.195680,0.056229
0.033218,0.197521,0.056860
0.035874,0.196813,0.055329
0.036897,0.197610,0.053857
0.038985,0.200388,0.055709
0.040207,0.197594,0.055774
0.041069,0.196729,0.056114
0.042982,0.197629,0.054107
0.043723,0.197174,0.052870
0.045016,0.196542,0.053990
0.048256,0.197747,0.053012
0.049809,0.198317,0.052394
0.049129,0.197860,0.050973
0.051791,0.196152,0.053112
0.052863,0.198096,0.051983
0.054394,0.196304,0.049605
0.053897,0.199746,0.052191
0.055113,0.196315,0.049987
0.056430,0.197105,0.048052
0.061231,0.198096,0.050543
0.062413,0.195627,0.049983
0.061842,0.197605,0.048189
0.062697,0.197002,0.048726
0.065208,0.198174,0.046182
0.066637,0.197649,0.045662
0.067170,0.196979,0.046051
0.068642,0.197537,0.044667
0.071745,0.196170,0.044920
0.070619,0.196594,0.046201
0.074750,0.196604,0.043875
0.072808,0.193740,0.042987
0.074490,0.198069,0.042086
0.078287,0.197142,0.040196
0.079963,0.196956,0.038802
0.079017,0.197288,0.037630
0.081003,0.197565,0.036731
0.083488,0.197909,0.038584
0.083848,0.200059,0.035434
0.085705,0.196838,0.034794
0.087018,0.199165,0.035199
0.088222,0.199040,0.032474
0.088785,0.199507,0.033572
0.089972,0.197467,0.030468
0.092797,0.197231,0.030348
0.093649,0.197223,0.027894
0.096131,0.197010,0.029187
0.097709,0.198414,0.026664
0.097928,0.198895,0.024062
0.100304,0.199641,0.023469
0.101389,0.197674,0.021131
0.103088,0.199641,0.020464
0.104598,0.200273,0.018924
0.104968,0.197982,0.015104
0.107021,0.198113,0.013959
0.106311,0.196473,0.015624
0.109189,0.196367,0.013395
0.110330,0.197515,0.010953
0.110418,0.198523,0.007536
0.112597,0.196713,0.006283
0.115491,0.197191,0.005583
0.116112,0.198441,0.003649
0.119166,0.199234,0.000496
0.120901,0.198727,-0.000470
0.120879,0.198892,-0.002624
0.122740,0.197434,-0.006324
0.124401,0.199155,-0.006078
0.124831,0.198907,-0.010627
0.126126,0.198390,-0.011795
0.128184,0.200798,-0.015742
0.129939,0.200219,-0.018167
0.131889,0.195912,-0.021719
0.132377,0.197891,-0.027469
0.133913,0.197280,-0.032984
-0.086286,0.199670,-0.001931
-0.084356,0.200291,0.003604
-0.083000,0.199566,0.011754
-0.082256,0.200159,0.013353
-0.080907,0.199699,0.016931
-0.080158,0.198941,0.020861
-0.077211,0.199175,0.022163
-0.075457,0.198354,0.022716
-0.074407,0.200914,0.027286
-0.074221,0.198094,0.028023
-0.072723,0.199179,0.028954
-0.070601,0.198527,0.031016
-0.069483,0.199352,0.031854
-0.069014,0.199922,0.034523
-0.066816,0.200455,0.035922
-0.063361,0.199948,0.036363
-0.063780,0.198750,0.039611
-0.063298,0.198315,0.039494
-0.059533,0.200895,0.039884
-0.059627,0.200215,0.040249
-0.056486,0.199996,0.041407
-0.056516,0.200936,0.043798
-0.054828,0.197076,0.043625
-0.055005,0.198298,0.045314
-0.051575,0.198198,0.045683
-0.050925,0.199925,0.046866
-0.051318,0.198466,0.047338
-0.049274,0.196928,0.047294
-0.047528,0.198684,0.048625
-0.045964,0.196847,0.050231
-0.044764,0.197428,0.050287
-0.042880,0.199064,0.053360
-0.041824,0.200263,0.051138
-0.040722,0.200189,0.051938
-0.037470,0.198590,0.052551
-0.035797,0.199661,0.053084
-0.035601,0.200851,0.052925
-0.032471,0.199738,0.055670
-0.033601,0.199216,0.052934
-0.033173,0.198443,0.053038
-0.030418,0.198900,0.053652
-0.028743,0.198479,0.056836
-0.028335,0.198520,0.053830
-0.026465,0.199170,0.056358
-0.023858,0.198495,0.057068
-0.024573,0.198635,0.058729
-0.023380,0.198457,0.056657
-0.021842,0.198870,0.057190
-0.018021,0.197871,0.056968
-0.018244,0.197955,0.057269
-0.015620,0.198162,0.058919
-0.014910,0.198618,0.057133
-0.015224,0.198294,0.059580
-0.011770,0.200600,0.059575
-0.013174,0.199635,0.058909
-0.009973,0.198301,0.058693
-0.008894,0.199239,0.061917
-0.007994,0.197174,0.060730
-0.004693,0.197587,0.061900
-0.005627,0.197475,0.058811
-0.003187,0.196967,0.061157
-0.004143,0.200373,0.059979
0.000779,0.199104,0.060194
0.000912,0.197252,0.060979
0.003775,0.198961,0.058957
0.002999,0.198490,0.059468
0.006603,0.200003,0.060416
0.005101,0.199451,0.060735
0.006382,0.200113,0.061293
0.008737,0.197630,0.059581
0.009338,0.199379,0.059960
0.010239,0.198924,0.061366
0.014263,0.197519,0.061487
0.014503,0.195988,0.059355
0.016700,0.197921,0.060696
0.017466,0.199372,0.059125
0.018183,0.199319,0.060891
0.020256,0.200319,0.058189
0.020986,0.198472,0.058638
0.022409,0.197705,0.059252
0.022902,0.197820,0.058000
0.027498,0.198550,0.059740
0.024287,0.197641,0.058910
0.028101,0.199370,0.058409
0.028747,0.198779,0.055936
0.031816,0.199614,0.056569
0.032054,0.199285,0.056645
0.033835,0.197643,0.055875
0.035644,0.199000,0.057027
0.036672,0.197447,0.055418
0.038370,0.198005,0.055685
0.038825,0.199781,0.052605
0.041253,0.197337,0.054894
0.041212,0.199162,0.056485
0.042205,0.198095,0.054825
0.045166,0.199816,0.053877
0.047425,0.198772,0.054031
0.046969,0.198201,0.053131
0.047595,0.197635,0.053036
0.049741,0.198216,0.053134
0.053408,0.198413,0.051465
0.053218,0.199114,0.052868
0.051901,0.199629,0.051244
0.057695,0.200291,0.052088
0.055604,0.196814,0.049583
0.057246,0.198738,0.051177
0.058619,0.200478,0.050094
0.060967,0.197338,0.048130
0.064330,0.197843,0.049264
0.062712,0.196696,0.050544
0.065093,0.198607,0.047624
0.066233,0.196645,0.048049
0.068016,0.198475,0.045905
0.070498,0.198557,0.044076
0.070581,0.199863,0.045141
0.070299,0.198566,0.044479
0.073075,0.198910,0.044443
0.074833,0.201980,0.041806
0.074219,0.197733,0.041502
0.077958,0.198230,0.041406
0.079388,0.198419,0.041142
0.079334,0.200463,0.041107
0.080652,0.199793,0.039168
0.083331,0.199061,0.037264
0.084215,0.199054,0.037258
0.085385,0.200695,0.035402
0.086662,0.198328,0.036927
0.089068,0.200240,0.031751
0.088070,0.199152,0.031203
0.090598,0.198977,0.031802
0.092640,0.198336,0.030215
0.096065,0.199715,0.030409
0.094482,0.198184,0.026535
0.096711,0.199904,0.028560
0.098317,0.197616,0.025013
0.101216,0.198318,0.023768
0.099209,0.197780,0.021281
0.103438,0.198602,0.019542
0.104195,0.198721,0.018952
0.104611,0.198978,0.017978
0.108244,0.200416,0.015514
0.109671,0.199809,0.013254
0.109208,0.200348,0.009954
0.112160,0.201503,0.009568
0.111305,0.199690,0.008208
0.114853,0.198435,0.007527
0.114560,0.198847,0.006110
0.117170,0.199969,0.002986
0.118992,0.199866,0.001606
0.119801,0.199244,-0.001215
0.120253,0.198438,-0.002844
0.123808,0.199944,-0.004878
0.124610,0.198435,-0.007101
0.125165,0.199613,-0.010590
0.126281,0.200147,-0.013322
0.128060,0.199438,-0.016852
0.129907,0.200614,-0.017298
0.130584,0.200336,-0.020965
0.134412,0.201043,-0.029118
-0.089131,0.200105,-0.006883
-0.085093,0.201197,0.002055
-0.085466,0.200046,0.008366
-0.084257,0.200540,0.011303
-0.084617,0.200712,0.016756
-0.079445,0.200735,0.017941
-0.079086,0.201353,0.020909
-0.079649,0.202079,0.022757
-0.074649,0.200794,0.025830
-0.074126,0.202166,0.026631
-0.071411,0.201707,0.027812
-0.070619,0.202203,0.032226
-0.071499,0.201276,0.032853
-0.068333,0.200413,0.033363
-0.067461,0.200462,0.035214
-0.068465,0.201642,0.034870
-0.064611,0.199812,0.036543
-0.063244,0.200526,0.038372
-0.062594,0.200835,0.038021
-0.060561,0.201315,0.041020
-0.060064,0.201527,0.039666
-0.060041,0.199207,0.041604
-0.058521,0.201750,0.044879
-0.053812,0.199451,0.043668
-0.052910,0.201459,0.044324
-0.052028,0.200363,0.047286
-0.052100,0.199773,0.047492
-0.047287,0.201258,0.047635
-0.049434,0.201345,0.048039
-0.047009,0.201255,0.049394
-0.046482,0.201125,0.049673
-0.043605,0.199857,0.050953
-0.042999,0.200537,0.049959
-0.041220,0.200131,0.051600
-0.038823,0.198339,0.051940
-0.039560,0.200888,0.053089
-0.037487,0.200088,0.053909
-0.036589,0.199312,0.053938
-0.035161,0.200193,0.054459
-0.034029,0.201139,0.053759
-0.030790,0.201750,0.053304
-0.030288,0.200416,0.058109
-0.029153,0.199892,0.057304
-0.027474,0.198782,0.055542
-0.023418,0.200340,0.057575
-0.024771,0.200173,0.058009
-0.023793,0.199676,0.056990
-0.022142,0.201662,0.055566
-0.020463,0.198760,0.059400
-0.019940,0.199755,0.058194
-0.018293,0.199193,0.059567
-0.017557,0.202178,0.058950
-0.015725,0.198374,0.060638
-0.014674,0.199386,0.062616
-0.013267,0.201852,0.059930
-0.011469,0.201124,0.060641
-0.008586,0.201902,0.060866
-0.008162,0.199457,0.059702
-0.006370,0.197951,0.059915
-0.006088,0.200081,0.061002
-0.004313,0.199877,0.059487
-0.004801,0.199116,0.062000
-0.002253,0.201278,0.061100
0.001378,0.200475,0.059068
-0.000859,0.198586,0.060830
0.002481,0.201985,0.061672
0.002961,0.198681,0.062746
0.004901,0.198239,0.062096
0.004976,0.200441,0.060668
0.008655,0.200662,0.061211
0.007842,0.199985,0.060709
0.010159,0.198941,0.058875
0.011136,0.198588,0.061453
0.015216,0.201233,0.059288
0.013853,0.199930,0.060019
0.014250,0.198858,0.060173
0.018456,0.198277,0.058745
0.018300,0.201059,0.060681
0.020347,0.201897,0.060925
0.022101,0.199959,0.060226
0.023405,0.199426,0.059272
0.026970,0.200208,0.058677
0.023450,0.200194,0.058877
0.026748,0.199319,0.056450
0.030018,0.199484,0.058673
0.028345,0.200455,0.057405
0.031721,0.200408,0.057095
0.032135,0.200134,0.058112
0.032473,0.200839,0.055002
0.034273,0.200196,0.057698
0.036709,0.199721,0.056845
0.037993,0.200982,0.055688
0.038667,0.200068,0.055154
0.040353,0.198669,0.057297
0.041336,0.201810,0.055050
0.043115,0.200237,0.055611
0.042606,0.201287,0.053175
0.045237,0.200681,0.055390
0.046399,0.201018,0.053036
0.047104,0.200320,0.054033
0.050130,0.196917,0.051276
0.051227,0.199037,0.052622
0.051997,0.201500,0.050198
0.054473,0.199633,0.052757
0.055036,0.200354,0.053049
0.055678,0.201162,0.052226
0.057714,0.197313,0.051244
0.059926,0.200149,0.049691
0.060355,0.202193,0.049361
0.061789,0.199496,0.046655
0.063711,0.200330,0.050347
0.066628,0.200006,0.047805
0.065696,0.201213,0.046096
0.066281,0.201533,0.046445
0.069358,0.201415,0.045888
0.069979,0.200638,0.044029
0.071289,0.202196,0.045837
0.073618,0.199424,0.042280
0.076141,0.199473,0.042274
0.075494,0.200613,0.040353
0.078519,0.201769,0.041934
0.078410,0.200019,0.038101
0.081177,0.200802,0.040896
0.082028,0.201353,0.038398
0.083007,0.201518,0.037854
0.083985,0.198830,0.036505
0.086023,0.200336,0.037483
0.085386,0.199148,0.034568
0.089527,0.199047,0.033721
0.089629,0.201355,0.032755
0.090485,0.202215,0.031728
0.092061,0.201404,0.032424
0.095127,0.199728,0.029638
0.095772,0.200322,0.029360
0.095573,0.200409,0.028102
0.100153,0.201667,0.024473
0.101234,0.200674,0.023747
0.100721,0.202221,0.022139
0.103263,0.201936,0.021022
0.104686,0.201822,0.019666
0.106135,0.199286,0.017441
0.107045,0.201463,0.015816
0.108580,0.201216,0.014630
0.110663,0.201346,0.013095
0.111744,0.201890,0.009180
0.111766,0.201229,0.009644
0.115513,0.200921,0.007382
0.117096,0.198942,0.006752
0.116300,0.200543,0.003960
0.116875,0.200891,0.002779
0.119504,0.202839,0.000746
0.119766,0.201307,-0.003769
0.122982,0.201988,-0.004797
0.124304,0.202795,-0.007613
0.124900,0.202494,-0.010876
0.126252,0.201641,-0.013438
0.129420,0.202574,-0.016563
0.128400,0.200939,-0.016804
0.133573,0.201006,-0.022071
0.133100,0.201929,-0.029242
-0.089948,0.202905,-0.003535
-0.087273,0.202150,0.004840
-0.087104,0.200851,0.011959
-0.084139,0.203098,0.015799
-0.081828,0.203163,0.017299
-0.079953,0.202427,0.021262
-0.078821,0.202500,0.023262
-0.078048,0.201822,0.024208
-0.076164,0.202814,0.025191
-0.074833,0.202026,0.030098
-0.073830,0.203053,0.030948
-0.073417,0.202149,0.030227
-0.070746,0.201962,0.034334
-0.067976,0.201599,0.034721
-0.067807,0.201584,0.036060
-0.066129,0.202355,0.036618
-0.066814,0.201788,0.038652
-0.065241,0.201672,0.037955
-0.062580,0.202745,0.038969
-0.061107,0.201142,0.041174
-0.059729,0.202209,0.042371
-0.057665,0.202045,0.041108
-0.056335,0.200899,0.044810
-0.054947,0.203219,0.044278
-0.054196,0.201996,0.047460
-0.050567,0.203071,0.046694
-0.050536,0.203587,0.046942
-0.050343,0.202502,0.046971
-0.048421,0.202312,0.048840
-0.044258,0.201783,0.049298
-0.044908,0.202364,0.050353
-0.045160,0.202861,0.051144
-0.043347,0.203633,0.051922
-0.041114,0.202779,0.050613
-0.039876,0.201114,0.052962
-0.040897,0.201997,0.052290
-0.037118,0.201701,0.053629
-0.035747,0.201468,0.053511
-0.034960,0.201068,0.056154
-0.034184,0.200253,0.056011
-0.032384,0.201194,0.055740
-0.030265,0.201313,0.057126
-0.027738,0.200209,0.055407
-0.028681,0.200042,0.058072
-0.026065,0.198922,0.057221
-0.024097,0.202424,0.059271
-0.023738,0.201506,0.059691
-0.023502,0.200359,0.058926
-0.021291,0.203032,0.059006
-0.017893,0.201084,0.057998
-0.017250,0.201406,0.059773
-0.017861,0.201324,0.059492
-0.016269,0.202224,0.060810
-0.015429,0.203695,0.061710
-0.010596,0.199148,0.060843
-0.012105,0.200349,0.060060
-0.008848,0.200767,0.059906
-0.007916,0.202615,0.061426
-0.009565,0.202493,0.059750
-0.005372,0.201590,0.061013
-0.004884,0.202942,0.059892
-0.004349,0.201272,0.060646
-0.001388,0.201762,0.060481
-0.000317,0.202055,0.060003
0.001002,0.200735,0.059947
0.002793,0.202133,0.059845
0.003753,0.201885,0.062140
0.004508,0.201713,0.061930
0.006829,0.201636,0.060387
0.006548,0.200272,0.060432
0.007146,0.200357,0.061622
0.010656,0.202300,0.060346
0.011459,0.202097,0.059131
0.012215,0.200958,0.060438
0.014863,0.201705,0.059115
0.015536,0.201889,0.059495
0.017728,0.200317,0.060438
0.019273,0.201519,0.061167
0.019943,0.201465,0.057979
0.020338,0.201391,0.060723
0.021291,0.202021,0.057959
0.022756,0.200942,0.058874
0.025457,0.199327,0.059696
0.025979,0.200740,0.060727
0.027347,0.201943,0.059751
0.029066,0.201286,0.060469
0.028481,0.201323,0.056443
0.032876,0.201461,0.058829
0.033211,0.201974,0.057606
0.035658,0.201991,0.056541
0.034784,0.201896,0.055719
0.036372,0.200718,0.055983
0.039303,0.201628,0.055473
0.040945,0.201132,0.055472
0.041509,0.201755,0.055000
0.041561,0.201359,0.054763
0.043547,0.203071,0.055260
0.044129,0.200438,0.054273
0.045579,0.203345,0.054823
0.048434,0.200854,0.054836
0.051298,0.201663,0.053095
0.051791,0.200826,0.051887
0.053826,0.202718,0.051960
0.055139,0.199606,0.050617
0.054841,0.202313,0.050324
0.056867,0.201490,0.049948
0.058151,0.201992,0.050087
0.059420,0.201585,0.049649
0.061081,0.202090,0.049391
0.061919,0.202529,0.049965
0.065180,0.200989,0.051021
0.063978,0.202296,0.046805
0.064189,0.201999,0.046847
0.067457,0.202123,0.046878
0.068574,0.200143,0.045248
0.072643,0.201351,0.043477
0.071764,0.202031,0.044464
0.073687,0.202534,0.042409
0.074277,0.201797,0.041866
0.076317,0.201785,0.042624
0.076180,0.202880,0.040243
0.079039,0.203331,0.040258
0.079260,0.202075,0.038230
0.081308,0.201532,0.039470
0.083867,0.201825,0.037468
0.084284,0.201707,0.038198
0.085957,0.201474,0.036432
0.087523,0.201482,0.033714
0.087626,0.201428,0.035114
0.088219,0.200236,0.033776
0.092064,0.201278,0.030387
0.092324,0.200887,0.030172
0.094002,0.202339,0.028793
0.097459,0.203642,0.027491
0.097982,0.202469,0.027003
0.098307,0.202388,0.025669
0.099079,0.200885,0.023716
0.101557,0.201726,0.021454
0.102503,0.201457,0.021159
0.103112,0.201932,0.019566
0.104705,0.201790,0.018662
0.105806,0.203671,0.017296
0.108934,0.204175,0.015558
0.108993,0.203854,0.014135
0.111001,0.203223,0.009990
0.113228,0.203745,0.011548
0.114359,0.201497,0.007890
0.116173,0.204272,0.005307
0.116248,0.202003,0.002928
0.119642,0.203592,0.001708
0.121680,0.203290,0.001090
0.121600,0.202660,-0.001980
0.123482,0.204053,-0.004183
0.123815,0.203584,-0.005780
0.125603,0.205160,-0.009267
0.126508,0.203410,-0.013851
0.128687,0.204250,-0.015872
0.129338,0.203696,-0.019615
0.131410,0.204073,-0.024625
0.133904,0.202903,-0.032757
-0.089638,0.204028,-0.009089
-0.089052,0.204038,0.004129
-0.088206,0.204337,0.008258
-0.083793,0.205694,0.011733
-0.082869,0.204211,0.015946
-0.080320,0.203335,0.018619
-0.079123,0.204424,0.019969
-0.080284,0.203208,0.024475
-0.077418,0.203618,0.025806
-0.076503,0.203866,0.027560
-0.073650,0.204299,0.031560
-0.073579,0.205032,0.030388
-0.071141,0.205403,0.032525
-0.071659,0.202968,0.032812
-0.069638,0.203719,0.033886
-0.068519,0.202269,0.035308
-0.066860,0.203529,0.038396
-0.064530,0.204060,0.038154
-0.062770,0.203412,0.039845
-0.061219,0.202846,0.038869
-0.058317,0.202364,0.041100
-0.060274,0.205691,0.042861
-0.057755,0.203374,0.043262
-0.057031,0.203915,0.043477
-0.053901,0.203847,0.045743
-0.053783,0.203175,0.046737
-0.050864,0.204390,0.046340
-0.050699,0.204770,0.047264
-0.049173,0.204484,0.048847
-0.049560,0.204348,0.050705
-0.046613,0.204059,0.049031
-0.046412,0.203774,0.050821
-0.044015,0.202388,0.050445
-0.043835,0.203800,0.052718
-0.042563,0.202946,0.052594
-0.039597,0.202118,0.051541
-0.039259,0.204287,0.055102
-0.037937,0.203166,0.054824
-0.036537,0.205079,0.054683
-0.035083,0.202148,0.054795
-0.035492,0.203583,0.055616
-0.032443,0.203422,0.056954
-0.032869,0.203407,0.056933
-0.028773,0.202821,0.056414
-0.028150,0.201930,0.056401
-0.026965,0.204075,0.058139
-0.024921,0.202409,0.057182
-0.024201,0.203098,0.057528
-0.020576,0.202788,0.058840
-0.019836,0.202254,0.059344
-0.019655,0.204108,0.060004
-0.018876,0.203449,0.059040
-0.015732,0.202684,0.060285
-0.014135,0.202295,0.059900
-0.014121,0.202514,0.061517
-0.012023,0.203211,0.060459
-0.009433,0.202299,0.061041
-0.009681,0.204561,0.062138
-0.008339,0.203193,0.059554
-0.006926,0.204088,0.060404
-0.004838,0.203833,0.061453
-0.005983,0.202009,0.061821
-0.002889,0.201886,0.061794
-0.001412,0.203752,0.062320
-0.000412,0.203151,0.061061
-0.000402,0.202366,0.060514
0.001480,0.204256,0.060704
0.002164,0.203885,0.061332
0.004579,0.203322,0.060531
0.006487,0.203638,0.061522
0.007074,0.202918,0.061746
0.009140,0.202090,0.060112
0.013539,0.204216,0.060148
0.010954,0.203798,0.060182
0.013781,0.202688,0.059348
0.012802,0.203394,0.060781
0.016872,0.203280,0.061380
0.016833,0.204264,0.060958
0.017966,0.202240,0.059320
0.019636,0.203132,0.059184
0.019200,0.202729,0.059260
0.021804,0.203018,0.059021
0.024319,0.204670,0.058520
0.027199,0.204297,0.057660
0.025112,0.200397,0.060557
0.028111,0.202953,0.057978
0.029976,0.204374,0.059713
0.029870,0.203015,0.056658
0.031597,0.202673,0.059267
0.033283,0.203248,0.056723
0.034159,0.204615,0.056377
0.036412,0.204486,0.056730
0.036813,0.202834,0.057151
0.038930,0.202686,0.056625
0.038469,0.202853,0.056289
0.041753,0.202869,0.056338
0.042907,0.204239,0.054011
0.041396,0.203486,0.054843
0.044283,0.202675,0.054220
0.045677,0.203496,0.056371
0.048273,0.204156,0.053597
0.049572,0.203545,0.052589
0.048985,0.200932,0.053835
0.053810,0.202932,0.051195
0.053506,0.203699,0.051638
0.056187,0.203480,0.051739
0.056967,0.203065,0.050939
0.058661,0.203373,0.050416
0.058916,0.203344,0.052174
0.060741,0.203649,0.048377
0.062099,0.203353,0.048568
0.063940,0.204032,0.049467
0.063229,0.204962,0.047875
0.066377,0.203493,0.047635
0.067782,0.204509,0.045373
0.070579,0.203193,0.047609
0.072037,0.202001,0.045547
0.071932,0.204386,0.042840
0.072925,0.204004,0.046210
0.074653,0.204464,0.043455
0.075372,0.204488,0.043676
0.078617,0.203225,0.040614
0.078455,0.203611,0.039768
0.079682,0.203659,0.040379
0.082167,0.204693,0.037941
0.082384,0.204783,0.038901
0.085480,0.201959,0.037004
0.084470,0.201603,0.035892
0.086721,0.203162,0.037234
0.088110,0.203429,0.034254
0.089092,0.204020,0.033445
0.090278,0.204324,0.032201
0.093506,0.204966,0.029946
0.094075,0.203103,0.030951
0.095076,0.203589,0.027734
0.096999,0.203502,0.027478
0.098503,0.203858,0.026715
0.098608,0.204294,0.025119
0.101505,0.203684,0.020820
0.101974,0.204036,0.022214
0.103160,0.203977,0.020473
0.105170,0.203630,0.018459
0.105977,0.204951,0.017247
0.107390,0.202747,0.015285
0.106441,0.203520,0.013519
0.112006,0.203283,0.012056
0.111705,0.202617,0.008420
0.112763,0.204316,0.006568
0.115154,0.203472,0.006601
0.118311,0.202134,0.002666
0.117745,0.203984,0.002186
0.120918,0.204019,-0.001050
0.120800,0.205020,-0.001822
0.124877,0.204641,-0.004602
0.123026,0.206151,-0.007364
0.126381,0.205108,-0.009544
0.126134,0.204399,-0.014775
0.129115,0.205245,-0.017628
0.130015,0.205968,-0.018804
0.131770,0.202150,-0.024694
0.133188,0.205353,-0.031847
-0.089131,0.205208,-0.003786
-0.089214,0.207018,0.005642
-0.085428,0.205040,0.011961
-0.083250,0.205961,0.012858
-0.084131,0.205365,0.016602
-0.082185,0.203537,0.019152
-0.080728,0.204698,0.020812
-0.079518,0.204130,0.023019
-0.077898,0.206134,0.024906
-0.075404,0.205187,0.029270
-0.075926,0.204803,0.028837
-0.072921,0.205712,0.031567
-0.071528,0.205194,0.033704
-0.070185,0.205646,0.034888
-0.068707,0.203263,0.038025
-0.068133,0.204289,0.036330
-0.066840,0.204995,0.036452
-0.063489,0.204595,0.039840
-0.064290,0.203797,0.039607
-0.061273,0.204631,0.040160
-0.060394,0.206694,0.042608
-0.059643,0.205905,0.039710
-0.058599,0.205835,0.044527
-0.057474,0.205150,0.045445
-0.056735,0.204642,0.045630
-0.052924,0.205072,0.046627
-0.051932,0.205443,0.047000
-0.052229,0.206175,0.048581
-0.050304,0.204903,0.047721
-0.048939,0.205249,0.050352
-0.045602,0.205492,0.049792
-0.045398,0.203994,0.050498
-0.043815,0.206491,0.052579
-0.042323,0.205038,0.053751
-0.042017,0.205865,0.053792
-0.039911,0.204402,0.052950
-0.037892,0.203953,0.053886
-0.038422,0.205609,0.054190
-0.035107,0.205191,0.054465
-0.034449,0.205510,0.058219
-0.033206,0.204934,0.056205
-0.032303,0.205554,0.057689
-0.030530,0.204700,0.056805
-0.027921,0.205872,0.057901
-0.027417,0.204636,0.057728
-0.026827,0.205667,0.058791
-0.024879,0.204781,0.057241
-0.022694,0.202755,0.060981
-0.023323,0.204625,0.061296
-0.022107,0.204463,0.059362
-0.020201,0.205453,0.059406
-0.018213,0.204789,0.061586
-0.016217,0.204658,0.060649
-0.016777,0.204340,0.060899
-0.014846,0.205086,0.061562
-0.013635,0.205948,0.060379
-0.010556,0.204998,0.061071
-0.010809,0.206146,0.062329
-0.008998,0.204036,0.060131
-0.007085,0.206218,0.061566
-0.003313,0.205673,0.062175
-0.005645,0.204224,0.060445
-0.002058,0.203845,0.061733
-0.002321,0.204672,0.061024
-0.001416,0.205339,0.060414
0.000813,0.205439,0.062612
0.002300,0.204353,0.062115
0.003898,0.203611,0.061313
0.006612,0.205362,0.061688
0.006742,0.203754,0.061009
0.007176,0.205120,0.062817
0.011232,0.205733,0.060857
0.009168,0.207210,0.061757
0.012429,0.204143,0.061932
0.013769,0.202814,0.061396
0.015762,0.204843,0.058877
0.016238,0.206262,0.059149
0.017255,0.205516,0.060838
0.018040,0.204757,0.060338
0.020775,0.205643,0.059306
0.022264,0.204122,0.057937
0.022282,0.205879,0.058797
0.023688,0.204677,0.059837
0.025015,0.205818,0.059446
0.027375,0.205413,0.058007
0.027047,0.204655,0.057691
0.030922,0.204337,0.058101
0.031790,0.204926,0.057030
0.032981,0.205642,0.057246
0.031770,0.204361,0.055825
0.034331,0.203337,0.057195
0.036657,0.204987,0.057502
0.038224,0.203104,0.058592
0.039465,0.204112,0.056802
0.040674,0.205344,0.055546
0.042554,0.206438,0.055450
0.045460,0.203981,0.055301
0.044008,0.203622,0.054574
0.045915,0.206286,0.053170
0.046558,0.204847,0.052365
0.050223,0.204028,0.055100
0.049085,0.205843,0.055162
0.050293,0.206793,0.051827
0.052315,0.206578,0.053129
0.052115,0.205721,0.055065
0.055507,0.205102,0.049875
0.055761,0.205229,0.052044
0.058771,0.204418,0.048853
0.059045,0.205097,0.051648
0.060667,0.204725,0.049691
0.061665,0.205380,0.048432
0.062847,0.205818,0.046701
0.065454,0.205661,0.049106
0.066359,0.205718,0.045268
0.067107,0.204687,0.047739
0.069267,0.207866,0.044946
0.069624,0.204952,0.043890
0.071460,0.206525,0.045098
0.071098,0.204475,0.044815
0.074400,0.205394,0.044046
0.075240,0.203171,0.045364
0.078190,0.204383,0.040689
0.077797,0.204318,0.041241
0.080918,0.205583,0.039104
0.080336,0.204946,0.040325
0.082431,0.205836,0.038623
0.083634,0.205446,0.040588
0.084924,0.205704,0.035512
0.086276,0.204604,0.035567
0.088770,0.205007,0.033218
0.090610,0.204070,0.033680
0.091731,0.206438,0.030558
0.092706,0.206087,0.031735
0.094800,0.207658,0.028764
0.095100,0.204378,0.029230
0.096517,0.206252,0.028010
0.099562,0.206271,0.025754
0.099990,0.204346,0.023936
0.098928,0.204623,0.023024
0.102396,0.205670,0.021565
0.102716,0.206052,0.020373
0.106200,0.205841,0.020361
0.106612,0.205608,0.017415
0.107777,0.205986,0.015592
0.109850,0.206086,0.014531
0.112752,0.204356,0.010377
0.112168,0.205772,0.009654
0.113824,0.205347,0.006865
0.114612,0.205873,0.005422
0.117670,0.206639,0.005175
0.118834,0.207177,0.001919
0.119644,0.205137,0.000189
0.119701,0.206437,-0.001144
0.124367,0.205235,-0.005096
0.123587,0.205500,-0.005977
0.126039,0.207330,-0.009121
0.127976,0.203341,-0.014752
0.128581,0.206166,-0.016443
0.131042,0.205542,-0.018635
0.131624,0.205514,-0.026092
-0.089620,0.207960,0.001118
-0.089415,0.208156,0.006484
-0.085136,0.207824,0.011762
-0.085133,0.205766,0.016608
-0.083619,0.207600,0.019532
-0.084913,0.205390,0.022418
-0.082356,0.207062,0.022672
-0.079154,0.207961,0.024548
-0.077418,0.207593,0.025878
-0.077516,0.205574,0.029978
-0.073777,0.204926,0.031834
-0.072755,0.207508,0.031991
-0.070808,0.206652,0.032694
-0.073100,0.205333,0.035007
-0.070336,0.206481,0.036125
-0.067022,0.205421,0.035646
-0.066906,0.206359,0.038769
-0.067874,0.206178,0.038915
-0.065356,0.206620,0.040740
-0.062631,0.206524,0.041123
-0.060109,0.208099,0.040378
-0.059215,0.207217,0.044268
-0.057695,0.206505,0.044591
-0.058253,0.206376,0.046692
-0.053663,0.207608,0.044408
-0.051152,0.206687,0.045175
-0.052302,0.207401,0.047622
-0.048995,0.207685,0.048780
-0.048650,0.206043,0.050584
-0.047063,0.207863,0.051158
-0.047745,0.205983,0.050912
-0.045833,0.207423,0.051112
-0.044702,0.207619,0.053151
-0.043149,0.207151,0.052534
-0.041650,0.206144,0.054077
-0.040699,0.207729,0.052901
-0.038768,0.208937,0.054839
-0.038451,0.208432,0.052326
-0.036271,0.207776,0.056285
-0.035966,0.206767,0.054482
-0.032246,0.207447,0.054702
-0.033258,0.206745,0.056516
-0.030318,0.208424,0.056973
-0.027572,0.205693,0.058886
-0.027394,0.206681,0.060544
-0.025849,0.205885,0.058206
-0.024849,0.206868,0.060665
-0.024095,0.206034,0.058661
-0.022601,0.207013,0.058556
-0.021260,0.207027,0.061627
-0.018327,0.205256,0.060405
-0.018092,0.206356,0.060007
-0.016490,0.208755,0.061339
-0.015811,0.205919,0.060367
-0.014690,0.205591,0.061212
-0.012769,0.207767,0.061114
-0.011624,0.209915,0.060766
-0.009581,0.206920,0.061601
-0.008642,0.206650,0.062510
-0.006723,0.204742,0.062137
-0.006203,0.205989,0.060450
-0.005731,0.206172,0.062330
-0.004273,0.205432,0.061900
-0.001345,0.207420,0.059449
-0.001718,0.205705,0.061038
0.001481,0.207127,0.061985
0.003427,0.206627,0.061411
0.003460,0.205308,0.061236
0.007059,0.207328,0.059747
0.007903,0.203986,0.061451
0.008699,0.207246,0.062471
0.009744,0.207661,0.061419
0.010146,0.204773,0.061822
0.010575,0.206134,0.060170
0.012922,0.205327,0.061639
0.013842,0.209485,0.061255
0.015096,0.206774,0.062939
0.016435,0.204703,0.061618
0.018899,0.206411,0.061082
0.019248,0.207316,0.060466
0.020889,0.206428,0.062188
0.022704,0.205806,0.060189
0.023278,0.205806,0.059717
0.027053,0.207911,0.059281
0.029290,0.204835,0.059127
0.027298,0.205552,0.060005
0.027821,0.207186,0.058812
0.030441,0.206931,0.057306
0.032294,0.205784,0.057908
0.033069,0.205274,0.058914
0.036116,0.208175,0.057131
0.035262,0.207772,0.057905
0.036935,0.206894,0.057107
0.038688,0.207015,0.055870
0.038192,0.206519,0.053940
0.040217,0.205317,0.053845
0.042718,0.205896,0.059392
0.043762,0.206154,0.054978
0.045227,0.207435,0.054452
0.047560,0.206107,0.053404
0.048347,0.206603,0.055221
0.052528,0.206196,0.053600
0.050519,0.208317,0.054246
0.053525,0.207050,0.054736
0.053123,0.206714,0.052316
0.056642,0.206585,0.050605
0.056856,0.208431,0.050992
0.058173,0.208079,0.050193
0.059879,0.206508,0.050700
0.061006,0.205367,0.049416
0.061313,0.206158,0.047203
0.061886,0.206883,0.048680
0.062932,0.206301,0.048300
0.066205,0.206820,0.047702
0.068013,0.206543,0.045250
0.068709,0.207813,0.045961
0.070621,0.208530,0.046857
0.072197,0.205096,0.044113
0.074517,0.206657,0.046522
0.074743,0.206385,0.042237
0.075908,0.204659,0.044287
0.078288,0.206365,0.043227
0.077947,0.206236,0.040683
0.080645,0.207889,0.039561
0.081648,0.208097,0.038415
0.082903,0.207032,0.039942
0.083990,0.206904,0.038954
0.084744,0.205572,0.035746
0.087436,0.207724,0.035769
0.087658,0.206840,0.034727
0.088200,0.207375,0.034993
0.091858,0.206857,0.031212
0.090308,0.206257,0.031885
0.094834,0.209220,0.031652
0.096131,0.206651,0.030828
0.096086,0.205922,0.028609
0.097119,0.207721,0.026112
0.102655,0.207568,0.025157
0.101729,0.206587,0.022847
0.103837,0.207167,0.021802
0.102853,0.207098,0.019603
0.103917,0.208331,0.018107
0.106516,0.205862,0.019825
0.107716,0.207864,0.016516
0.108724,0.208429,0.013574
0.109852,0.207096,0.012187
0.113245,0.206912,0.009766
0.113380,0.206839,0.006636
0.115800,0.208107,0.004699
0.117275,0.207264,0.004665
0.117160,0.207455,-0.000397
0.117760,0.206685,-0.000439
0.121994,0.207104,-0.000772
0.122671,0.207611,-0.002800
0.124538,0.207436,-0.006692
0.126588,0.206218,-0.010727
0.127061,0.209364,-0.014066
0.127831,0.209689,-0.015836
0.128173,0.207733,-0.019580
0.132604,0.210138,-0.029681
-0.092372,0.210308,-0.004379
-0.090129,0.209185,0.002567
-0.087131,0.210152,0.008260
-0.086928,0.207710,0.014598
-0.085632,0.209830,0.017910
-0.084940,0.209533,0.020222
-0.084266,0.209795,0.022017
-0.080579,0.208364,0.023519
-0.077262,0.209571,0.025681
-0.077624,0.208525,0.027133
-0.076543,0.207683,0.029820
-0.074208,0.209668,0.031410
-0.073231,0.207787,0.031531
-0.072506,0.208472,0.035205
-0.071304,0.208918,0.036804
-0.068707,0.209523,0.037564
-0.068343,0.210307,0.037404
-0.065918,0.208215,0.038635
-0.065978,0.209647,0.038188
-0.062023,0.207261,0.040423
-0.063414,0.209216,0.041640
-0.061039,0.207543,0.041688
-0.060225,0.209094,0.042584
-0.058834,0.208996,0.045301
-0.056078,0.204733,0.046001
-0.055116,0.207666,0.044669
-0.055293,0.208485,0.047356
-0.051265,0.210375,0.046941
-0.048463,0.209366,0.050115
-0.051310,0.209428,0.051281
-0.046225,0.206634,0.050148
-0.046331,0.207148,0.051211
-0.046619,0.207468,0.052109
-0.042210,0.208954,0.052427
-0.042408,0.208377,0.052626
-0.041292,0.208473,0.054812
-0.041387,0.206286,0.054428
-0.040302,0.209838,0.057501
-0.036278,0.209163,0.057006
-0.034348,0.208673,0.055764
-0.033649,0.207439,0.057335
-0.033611,0.209213,0.057095
-0.032683,0.207657,0.055722
-0.030258,0.207385,0.056552
-0.027848,0.207084,0.057052
-0.024615,0.208887,0.056769
-0.027492,0.208309,0.059862
-0.026296,0.207665,0.059422
-0.023231,0.206993,0.059009
-0.020636,0.208955,0.060450
-0.021647,0.208635,0.059222
-0.019999,0.206492,0.060319
-0.017202,0.208408,0.059487
-0.016415,0.206952,0.061656
-0.015742,0.209174,0.060220
-0.014300,0.206879,0.063101
-0.012913,0.206966,0.061166
-0.009729,0.207108,0.061224
-0.010340,0.209740,0.059949
-0.008068,0.209474,0.061790
-0.007562,0.208649,0.061520
-0.006659,0.207615,0.062277
-0.003456,0.205857,0.062477
-0.002570,0.207476,0.062409
-0.002191,0.205780,0.063188
-0.001311,0.208028,0.062131
0.000721,0.206932,0.060759
0.004219,0.208541,0.061973
0.003429,0.207514,0.062125
0.004748,0.209297,0.061871
0.006559,0.208612,0.060195
0.007192,0.207243,0.062664
0.008918,0.209888,0.060433
0.012279,0.208007,0.062663
0.011958,0.208488,0.061825
0.015131,0.206811,0.060822
0.014470,0.209627,0.062228
0.016623,0.209468,0.062689
0.016610,0.208826,0.059666
0.018914,0.206619,0.059548
0.020946,0.206687,0.059446
0.021797,0.207736,0.060113
0.021630,0.207900,0.058824
0.024225,0.208137,0.059641
0.026077,0.207622,0.058543
0.027298,0.208021,0.059840
0.027128,0.206884,0.058884
0.031083,0.208052,0.058232
0.032026,0.210098,0.058439
0.032726,0.208296,0.058534
0.032718,0.208052,0.060223
0.035207,0.209128,0.055351
0.036194,0.207773,0.057436
0.038543,0.208106,0.055786
0.039879,0.207409,0.057524
0.040385,0.207142,0.054863
0.041548,0.206204,0.057635
0.042574,0.208497,0.055789
0.044709,0.208158,0.055521
0.046652,0.208228,0.054401
0.045541,0.208125,0.054324
0.047707,0.206157,0.053244
0.051574,0.208388,0.052179
0.050575,0.208160,0.053938
0.053404,0.208048,0.050932
0.053375,0.209550,0.054090
0.055065,0.208837,0.050854
0.057763,0.208953,0.050979
0.059060,0.206848,0.050840
0.057878,0.207985,0.050812
0.060925,0.208677,0.049321
0.062116,0.208028,0.050894
0.066002,0.207186,0.048506
0.063334,0.208744,0.046692
0.065064,0.207796,0.046165
0.068149,0.210407,0.046846
0.068258,0.207589,0.047711
0.069545,0.207887,0.046761
0.071419,0.208648,0.044125
0.073821,0.209473,0.044701
0.074851,0.209085,0.044178
0.074538,0.208870,0.043554
0.076774,0.208618,0.041112
0.078570,0.207365,0.043920
0.078266,0.208040,0.042745
0.082271,0.205992,0.039193
0.083736,0.208498,0.040456
0.084592,0.208073,0.040456
0.084863,0.209540,0.038408
0.087681,0.208847,0.035431
0.088206,0.208275,0.036383
0.087762,0.209901,0.034449
0.090854,0.208212,0.031808
0.092388,0.207553,0.031162
0.094445,0.208764,0.032847
0.094684,0.208269,0.030059
0.096393,0.208927,0.029414
0.098623,0.210621,0.026838
0.098745,0.209319,0.024831
0.100817,0.209447,0.022320
0.102954,0.205481,0.022815
0.104638,0.209556,0.021153
0.105640,0.209290,0.019716
0.105060,0.209438,0.016154
0.107712,0.209398,0.016460
0.108165,0.209378,0.015466
0.113388,0.208879,0.011907
0.113706,0.208692,0.010309
0.111840,0.210879,0.008784
0.115152,0.209235,0.005102
0.116204,0.209155,0.004454
0.119872,0.209026,0.004211
0.120305,0.209328,-0.001156
0.121389,0.210603,-0.002346
0.122395,0.211277,-0.004961
0.124215,0.211183,-0.005294
0.125649,0.208945,-0.011010
0.126855,0.208689,-0.014777
0.127622,0.210101,-0.016664
0.131319,0.209529,-0.019154
0.130638,0.210388,-0.027602
-0.093437,0.210056,-0.002011
-0.090165,0.212356,0.004961
-0.088275,0.209752,0.011320
-0.087326,0.212070,0.014689
-0.085222,0.210180,0.018059
-0.084757,0.210448,0.019582
-0.080379,0.208559,0.022077
-0.080894,0.209107,0.027182
-0.078997,0.208793,0.024187
-0.078007,0.212017,0.031047
-0.074964,0.209668,0.030840
-0.075389,0.209611,0.031712
-0.074045,0.209763,0.034322
-0.072635,0.210146,0.034936
-0.071033,0.209253,0.036216
-0.069019,0.210232,0.036981
-0.070305,0.209510,0.038222
-0.066766,0.209974,0.038973
-0.065322,0.208339,0.039649
-0.064580,0.209702,0.041845
-0.062404,0.208043,0.041102
-0.061157,0.210332,0.043254
-0.060211,0.209191,0.041697
-0.056579,0.209520,0.044697
-0.056157,0.211127,0.043123
-0.056365,0.210916,0.045298
-0.053253,0.210195,0.049377
-0.051737,0.209800,0.047251
-0.050803,0.209460,0.047453
-0.048112,0.210199,0.049838
-0.048273,0.209681,0.050140
-0.046775,0.208256,0.049476
-0.045260,0.210159,0.052946
-0.043689,0.209818,0.052143
-0.043860,0.208635,0.053326
-0.040954,0.210272,0.053403
-0.039859,0.209683,0.056071
-0.038787,0.209738,0.055249
-0.039557,0.207569,0.055232
-0.035124,0.208797,0.055430
-0.035163,0.211359,0.057169
-0.035454,0.210599,0.057887
-0.032733,0.208284,0.058528
-0.029395,0.209561,0.058843
-0.030240,0.209755,0.058423
-0.025863,0.210011,0.058689
-0.027530,0.210100,0.060138
-0.024220,0.210258,0.058780
-0.024608,0.207538,0.060784
-0.020571,0.211503,0.060330
-0.018923,0.209348,0.059245
-0.020173,0.208802,0.060558
-0.020212,0.208768,0.061345
-0.017582,0.209301,0.061662
-0.015805,0.209917,0.062023
-0.013348,0.211192,0.061736
-0.015247,0.209786,0.063155
-0.011387,0.210145,0.061638
-0.010405,0.209291,0.061662
-0.007151,0.209851,0.062307
-0.005920,0.209902,0.061643
-0.005371,0.210837,0.063188
-0.003126,0.208552,0.062091
-0.004241,0.209670,0.062599
-0.003065,0.209755,0.061932
-0.000242,0.208861,0.063313
0.000331,0.212684,0.061828
0.003181,0.207373,0.064546
0.003945,0.210494,0.061892
0.005436,0.210022,0.062183
0.007643,0.209787,0.061505
0.009075,0.208211,0.064335
0.010392,0.209850,0.060774
0.009796,0.209680,0.063272
0.009993,0.210473,0.062180
0.013358,0.210349,0.062069
0.014468,0.210480,0.062058
0.016595,0.209710,0.060809
0.017464,0.210940,0.062333
0.018022,0.208266,0.061525
0.019281,0.207632,0.061265
0.020883,0.210583,0.060498
0.021253,0.210518,0.058807
0.024184,0.209596,0.059582
0.023006,0.208691,0.059477
0.024967,0.209562,0.059895
0.027156,0.211651,0.059550
0.029870,0.210227,0.058190
0.029226,0.210181,0.056899
0.034520,0.210380,0.059136
0.032772,0.208172,0.059423
0.034001,0.211011,0.056937
0.035102,0.209563,0.058199
0.037543,0.210355,0.056677
0.038009,0.208157,0.056917
0.041124,0.210109,0.056393
0.042406,0.210136,0.057237
0.044767,0.210185,0.054474
0.045558,0.209586,0.054212
0.044355,0.210583,0.053440
0.048058,0.210025,0.055550
0.050919,0.208995,0.054530
0.048820,0.208800,0.054895
0.050289,0.209722,0.054737
0.051831,0.209029,0.054084
0.052870,0.211190,0.052795
0.055906,0.208575,0.053589
0.055957,0.208984,0.053225
0.058584,0.208202,0.051359
0.058252,0.209876,0.051349
0.059571,0.209681,0.049687
0.061880,0.209160,0.049270
0.064334,0.208433,0.050144
0.064999,0.209891,0.048310
0.066355,0.208861,0.049440
0.067362,0.210752,0.047831
0.068796,0.212168,0.046828
0.072504,0.210262,0.045583
0.072282,0.207939,0.045753
0.072832,0.209146,0.044720
0.072687,0.209661,0.043382
0.076218,0.210048,0.043752
0.078132,0.209990,0.044062
0.077679,0.209707,0.041498
0.079977,0.210842,0.041168
0.083320,0.212445,0.039497
0.084211,0.210494,0.039987
0.082686,0.208736,0.037774
0.085030,0.208914,0.037553
0.084807,0.208801,0.036414
0.087653,0.210004,0.033516
0.088371,0.209940,0.034740
0.091058,0.211311,0.032426
0.094575,0.209377,0.031571
0.092479,0.210229,0.030613
0.095635,0.211639,0.031450
0.096601,0.211127,0.028709
0.098114,0.208638,0.028785
0.099806,0.209500,0.026338
0.099600,0.210887,0.024581
0.103683,0.210968,0.021809
0.103339,0.210229,0.021787
0.107248,0.210635,0.020093
0.107831,0.207856,0.017508
0.108546,0.209165,0.015565
0.110047,0.210417,0.014480
0.109399,0.212271,0.011862
0.113517,0.209607,0.010565
0.112399,0.211079,0.006913
0.116614,0.208362,0.006217
0.117748,0.210728,0.003631
0.117916,0.210885,0.003069
0.118619,0.208655,0.000001
0.121412,0.211260,-0.003010
0.122915,0.211031,-0.003889
0.125094,0.211165,-0.006760
0.123442,0.211705,-0.010037
0.127179,0.211137,-0.013891
0.128283,0.209654,-0.016705
0.127894,0.212835,-0.021084
0.131711,0.211743,-0.029233
-0.092188,0.210554,-0.004738
-0.092043,0.213145,0.001276
-0.090976,0.211766,0.007090
-0.087154,0.211891,0.012908
-0.087927,0.212539,0.014754
-0.085316,0.212247,0.019853
-0.084320,0.211203,0.020681
-0.081713,0.211298,0.024717
-0.080885,0.213746,0.025034
-0.079832,0.211934,0.028173
-0.077378,0.211379,0.029181
-0.075770,0.210975,0.032040
-0.077022,0.212118,0.032253
-0.074240,0.211679,0.034604
-0.072669,0.211418,0.035386
-0.072176,0.212048,0.036728
-0.068968,0.212094,0.038731
-0.067832,0.210286,0.037892
-0.066240,0.211363,0.040132
-0.064388,0.211956,0.041423
-0.061965,0.212553,0.042576
-0.063526,0.211011,0.041996
-0.060938,0.212323,0.042909
-0.059120,0.212467,0.043778
-0.057193,0.210183,0.045259
-0.056753,0.210876,0.044875
-0.055091,0.210697,0.046591
-0.053162,0.212972,0.049636
-0.052370,0.211277,0.048948
-0.050480,0.210790,0.050752
-0.049391,0.210063,0.048683
-0.049802,0.210966,0.051778
-0.048702,0.212800,0.051069
-0.043612,0.211838,0.051686
-0.042783,0.211173,0.053734
-0.043877,0.211590,0.054807
-0.040681,0.212701,0.054775
-0.042055,0.213222,0.054146
-0.037969,0.211055,0.056756
-0.037915,0.208980,0.054975
-0.037120,0.212408,0.056738
-0.035988,0.209997,0.056224
-0.033086,0.210780,0.058461
-0.032476,0.210332,0.057638
-0.031858,0.209363,0.060324
-0.029565,0.210200,0.057542
-0.027458,0.211644,0.058771
-0.026407,0.210828,0.059349
-0.024989,0.211776,0.061030
-0.022982,0.209134,0.060595
-0.022868,0.211423,0.059793
-0.018851,0.212018,0.061515
-0.019218,0.209798,0.061831
-0.018773,0.210608,0.061827
-0.015775,0.211300,0.061093
-0.014870,0.211339,0.063276
-0.015473,0.211090,0.063380
-0.013102,0.210850,0.062556
-0.009888,0.210148,0.063637
-0.010865,0.210407,0.062023
-0.009649,0.210499,0.064046
-0.006834,0.210379,0.063541
-0.005945,0.210114,0.064282
-0.004544,0.211738,0.062601
-0.003985,0.211159,0.063338
-0.001521,0.212018,0.066135
0.000976,0.210087,0.062853
-0.001297,0.209898,0.063785
0.001449,0.211141,0.063799
0.004158,0.211149,0.064247
0.006371,0.211916,0.062660
0.004444,0.212353,0.059727
0.007029,0.210858,0.062963
0.010997,0.210124,0.062220
0.011428,0.213085,0.063218
0.011956,0.210495,0.060470
0.014209,0.209159,0.061850
0.015049,0.212316,0.062491
0.012695,0.210914,0.061594
0.016697,0.212496,0.063049
0.020138,0.212896,0.060753
0.020161,0.210973,0.060995
0.021458,0.210292,0.059968
0.023312,0.210874,0.060870
0.023862,0.211503,0.059887
0.024057,0.210229,0.060621
0.026517,0.211499,0.059640
0.027115,0.210688,0.060337
0.030751,0.210922,0.058239
0.030952,0.211225,0.058580
0.034245,0.212276,0.057809
0.032039,0.210374,0.058290
0.036641,0.212198,0.057689
0.035856,0.210420,0.057008
0.036932,0.211708,0.057578
0.039006,0.208783,0.057495
0.040514,0.211555,0.057121
0.043025,0.210497,0.056475
0.041420,0.211300,0.054568
0.043715,0.211267,0.056357
0.046708,0.210334,0.053143
0.046867,0.211361,0.055132
0.047335,0.210915,0.054517
0.051675,0.211344,0.054012
0.051614,0.209787,0.051958
0.053600,0.212756,0.053758
0.052670,0.212346,0.052750
0.056032,0.211366,0.051229
0.056008,0.210768,0.051847
0.059067,0.212190,0.051202
0.059698,0.210169,0.051803
0.060150,0.213607,0.051923
0.059915,0.210086,0.049106
0.062838,0.210877,0.047771
0.065308,0.214156,0.050708
0.066797,0.211728,0.047884
0.065895,0.213968,0.049625
0.070052,0.210190,0.048512
0.071189,0.211751,0.046113
0.071145,0.212591,0.045656
0.072750,0.210887,0.043034
0.074939,0.213499,0.043083
0.076197,0.212929,0.043603
0.077894,0.212222,0.043766
0.078175,0.210249,0.042950
0.079646,0.210242,0.041555
0.081333,0.211106,0.040785
0.082556,0.212150,0.038013
0.084623,0.210702,0.037943
0.083902,0.212536,0.033421
0.086565,0.212073,0.036309
0.088501,0.212775,0.034694
0.090338,0.213123,0.035344
0.092346,0.210702,0.034654
0.092165,0.211868,0.031507
0.094397,0.211397,0.029952
0.094544,0.212596,0.030177
0.096406,0.212128,0.028696
0.099158,0.210958,0.026432
0.099083,0.209689,0.026961
0.100276,0.210678,0.024540
0.101975,0.213695,0.023240
0.103913,0.211130,0.021427
0.106022,0.209469,0.019058
0.108489,0.212115,0.017601
0.109088,0.213444,0.016597
0.109902,0.211933,0.016603
0.111795,0.211693,0.012650
0.112768,0.212846,0.009495
0.113417,0.212845,0.008032
0.116409,0.211934,0.005522
0.116153,0.211451,0.002798
0.118347,0.212719,0.002149
0.119571,0.213793,-0.000630
0.118967,0.212385,-0.003118
0.122448,0.212238,-0.003342
0.123087,0.212495,-0.006255
0.122936,0.212903,-0.010437
0.126595,0.214399,-0.012385
0.130012,0.213074,-0.017151
0.130118,0.212096,-0.023411
0.131776,0.213481,-0.030725
-0.094274,0.213189,-0.001779
-0.089889,0.214223,0.006094
-0.090246,0.211229,0.009758
-0.087837,0.213832,0.013253
-0.084634,0.213321,0.016728
-0.087232,0.215943,0.021309
-0.083092,0.212857,0.021499
-0.083385,0.214092,0.025464
-0.080029,0.212584,0.024950
-0.077982,0.213312,0.026793
-0.077547,0.213186,0.029951
-0.078161,0.213291,0.032082
-0.074161,0.212567,0.032058
-0.075498,0.211647,0.034741
-0.074103,0.213269,0.036079
-0.071869,0.213784,0.037060
-0.068127,0.213002,0.038948
-0.068647,0.213626,0.040876
-0.066366,0.212165,0.039982
-0.065282,0.213237,0.041369
-0.064180,0.212401,0.043008
-0.062303,0.212817,0.042834
-0.060549,0.213264,0.045676
-0.058625,0.212972,0.046253
-0.057966,0.213525,0.045627
-0.055708,0.214115,0.046144
-0.054372,0.211814,0.045719
-0.054679,0.212550,0.047748
-0.051255,0.212359,0.049180
-0.050465,0.211393,0.050687
-0.048917,0.212647,0.050429
-0.048116,0.212679,0.051577
-0.047198,0.213600,0.052132
-0.046054,0.213448,0.053530
-0.045704,0.215284,0.052479
-0.041369,0.212133,0.053870
-0.042487,0.210909,0.055669
-0.037787,0.214250,0.054851
-0.038743,0.211649,0.056070
-0.037899,0.212716,0.056189
-0.037991,0.211797,0.056980
-0.033883,0.213576,0.057792
-0.033175,0.213440,0.057160
-0.032160,0.211742,0.058508
-0.031751,0.210991,0.060408
-0.030411,0.212522,0.058875
-0.026616,0.211689,0.059941
-0.026468,0.212702,0.061563
-0.025155,0.212227,0.061578
-0.024137,0.212851,0.061183
-0.022451,0.213232,0.063319
-0.019917,0.213175,0.061319
-0.019644,0.213039,0.061634
-0.016735,0.212185,0.062328
-0.016457,0.210091,0.060829
-0.013887,0.213371,0.061605
-0.014768,0.214247,0.062627
-0.013104,0.211880,0.063220
-0.010935,0.214287,0.064152
-0.009229,0.212213,0.062616
-0.010597,0.213372,0.064400
-0.006255,0.211556,0.061706
-0.006123,0.212805,0.064717
-0.005689,0.212583,0.063174
-0.005251,0.213263,0.062372
-0.001549,0.211913,0.063943
0.001197,0.213370,0.064212
0.001690,0.212438,0.063999
0.001880,0.214936,0.062547
0.004251,0.213108,0.063186
0.006607,0.210409,0.063301
0.006294,0.212376,0.063502
0.008341,0.211739,0.063715
0.009457,0.212529,0.063006
0.012421,0.211370,0.060248
0.011177,0.212292,0.062857
0.014624,0.212709,0.061944
0.013747,0.212243,0.064172
0.014699,0.212002,0.062707
0.017644,0.213739,0.061682
0.018231,0.214201,0.060803
0.020832,0.212946,0.062530
0.022036,0.212257,0.061470
0.024401,0.211931,0.061559
0.023681,0.212293,0.061389
0.024440,0.212400,0.058931
0.025483,0.212241,0.061505
0.028581,0.212729,0.059115
0.027835,0.214855,0.059827
0.030541,0.213081,0.060452
0.032715,0.211356,0.059244
0.032672,0.212315,0.057829
0.035297,0.211537,0.058224
0.035252,0.212691,0.058451
0.037429,0.214101,0.056384
0.038580,0.214172,0.057304
0.039710,0.210957,0.056495
0.042638,0.212365,0.056746
0.042597,0.212083,0.055066
0.044373,0.214395,0.056628
0.046580,0.212710,0.056174
0.046947,0.214067,0.055512
0.049063,0.211659,0.054139
0.049067,0.212823,0.054307
0.052172,0.216001,0.053307
0.050500,0.211865,0.050517
0.053582,0.212308,0.053755
0.056239,0.211629,0.052253
0.057396,0.212071,0.051589
0.057448,0.213910,0.052395
0.059229,0.213967,0.051289
0.060843,0.212127,0.050831
0.063523,0.213029,0.049087
0.063649,0.214454,0.049127
0.062841,0.214437,0.048220
0.066775,0.211573,0.048029
0.067513,0.213226,0.048377
0.068648,0.214263,0.045458
0.069360,0.212182,0.045241
0.070679,0.212471,0.047352
0.071872,0.211362,0.045171
0.073306,0.212990,0.044805
0.076193,0.212981,0.041875
0.078084,0.211415,0.042535
0.078166,0.212840,0.044492
0.081035,0.212227,0.039737
0.082151,0.211634,0.041004
0.083274,0.214572,0.042018
0.085020,0.213443,0.040093
0.085130,0.213062,0.038309
0.085559,0.213218,0.039586
0.088848,0.211694,0.036040
0.089102,0.213141,0.035864
0.091790,0.212385,0.033283
0.094465,0.212186,0.031896
0.093930,0.213253,0.030858
0.096606,0.213699,0.031603
0.095983,0.211513,0.029778
0.098472,0.213631,0.028729
0.098741,0.212758,0.025696
0.100870,0.213599,0.024455
0.101080,0.213514,0.021189
0.102258,0.211717,0.021164
0.104501,0.215206,0.020682
0.104741,0.214870,0.016421
0.107807,0.213517,0.014257
0.111105,0.212900,0.015358
0.110146,0.214778,0.011217
0.112746,0.215554,0.011052
0.114303,0.213939,0.009928
0.116019,0.214586,0.005321
0.116756,0.212868,0.003369
0.118223,0.212709,0.001412
0.119419,0.212451,-0.001611
0.121275,0.215257,-0.001596
0.121708,0.215004,-0.004049
0.122429,0.216152,-0.006227
0.126514,0.215695,-0.010882
0.126795,0.214333,-0.013436
0.127585,0.215071,-0.015660
0.129950,0.214311,-0.023400
0.132797,0.214202,-0.030888
-0.093384,0.215836,0.000264
-0.090729,0.215602,0.007884
-0.089779,0.216369,0.011665
-0.088415,0.215540,0.015817
-0.086524,0.214949,0.018675
-0.086341,0.216013,0.019794
-0.083141,0.214692,0.023531
-0.082884,0.215280,0.026006
-0.080128,0.215324,0.027191
-0.080283,0.215055,0.029507
-0.077807,0.215150,0.029817
-0.075330,0.214491,0.032225
-0.074968,0.212348,0.033564
-0.072342,0.216009,0.033739
-0.073656,0.215320,0.035243
-0.070700,0.214184,0.037254
-0.068341,0.215632,0.039042
-0.067738,0.213591,0.040445
-0.066553,0.214775,0.042020
-0.063404,0.214318,0.043438
-0.063512,0.214578,0.044873
-0.061816,0.215102,0.042204
-0.060010,0.214883,0.044206
-0.057346,0.213110,0.044579
-0.057861,0.215564,0.045158
-0.055773,0.214747,0.047603
-0.055208,0.214090,0.048270
-0.053434,0.214506,0.048771
-0.052786,0.213885,0.049984
-0.052923,0.216794,0.051425
-0.049206,0.213666,0.051759
-0.048256,0.214649,0.051045
-0.045170,0.215138,0.052250
-0.047296,0.215303,0.054108
-0.043164,0.214692,0.053336
-0.043060,0.214757,0.054302
-0.041051,0.215122,0.055203
-0.039797,0.215962,0.055632
-0.037487,0.213311,0.057226
-0.037664,0.213596,0.056466
-0.033133,0.214043,0.057682
-0.033600,0.215283,0.058628
-0.035209,0.214931,0.057581
-0.030683,0.214075,0.059624
-0.032217,0.215450,0.058354
-0.029060,0.212907,0.059835
-0.026059,0.214326,0.059263
-0.026766,0.215183,0.060269
-0.025775,0.213993,0.060721
-0.021974,0.215351,0.060631
-0.022880,0.214275,0.062165
-0.021236,0.213029,0.061779
-0.020059,0.214670,0.061344
-0.018736,0.215188,0.061477
-0.016700,0.215176,0.062822
-0.013853,0.214649,0.063284
-0.012800,0.212019,0.060996
-0.012476,0.213317,0.062659
-0.011030,0.212913,0.063426
-0.010326,0.212658,0.062660
-0.009455,0.214525,0.063727
-0.006539,0.213718,0.062281
-0.006168,0.214344,0.064427
-0.003905,0.213032,0.063993
-0.003393,0.214517,0.063455
-0.001798,0.213712,0.063208
0.000817,0.213851,0.064318
0.001177,0.213332,0.064404
0.001573,0.214357,0.063891
0.002789,0.214176,0.063092
0.005047,0.214133,0.064840
0.007679,0.213496,0.062765
0.007446,0.215064,0.061264
0.009588,0.213259,0.062380
0.010545,0.212876,0.062756
0.014254,0.215026,0.060178
0.011260,0.213855,0.063571
0.014430,0.216378,0.062315
0.016411,0.214368,0.060368
0.017587,0.213185,0.063744
0.018757,0.213457,0.062109
0.019713,0.213484,0.060711
0.021868,0.212777,0.061046
0.023254,0.212844,0.060938
0.024789,0.214812,0.061906
0.024990,0.214362,0.061883
0.025657,0.215201,0.059663
0.028414,0.212827,0.058610
0.029260,0.215645,0.058080
0.030603,0.212789,0.058702
0.032369,0.212869,0.059095
0.033058,0.213893,0.058259
0.033401,0.213439,0.056010
0.035376,0.215305,0.057504
0.037457,0.214478,0.059110
0.038206,0.214318,0.057747
0.040710,0.215179,0.057723
0.040193,0.213991,0.056798
0.043386,0.214882,0.056666
0.043213,0.211214,0.057283
0.044206,0.215680,0.053746
0.046628,0.213369,0.054876
0.049138,0.214013,0.053718
0.052199,0.214045,0.051936
0.050056,0.214102,0.053589
0.053060,0.214416,0.053450
0.055101,0.214476,0.051952
0.054896,0.215311,0.053208
0.057600,0.215320,0.051534
0.058164,0.214288,0.049787
0.058092,0.216300,0.051581
0.060710,0.215894,0.049851
0.062709,0.214177,0.048460
0.062711,0.214846,0.049018
0.065713,0.213338,0.048837
0.066623,0.214033,0.047497
0.066717,0.213164,0.047358
0.068531,0.215691,0.046222
0.069974,0.213569,0.048431
0.070766,0.213834,0.044747
0.072310,0.214180,0.044610
0.074439,0.214647,0.044721
0.074236,0.214536,0.042894
0.076895,0.214234,0.044738
0.078926,0.215882,0.043042
0.079722,0.214287,0.041292
0.080149,0.214108,0.041479
0.084084,0.215631,0.039043
0.084724,0.214564,0.039395
0.084964,0.213323,0.039565
0.087675,0.215622,0.036963
0.087343,0.212817,0.036117
0.089226,0.216434,0.037895
0.093036,0.216690,0.033796
0.092813,0.215636,0.033029
0.094065,0.217684,0.030845
0.095497,0.214593,0.029952
0.096324,0.214852,0.032378
0.099090,0.213471,0.027836
0.099068,0.213582,0.026427
0.100610,0.215620,0.024248
0.102194,0.214790,0.023756
0.103362,0.214896,0.022026
0.105697,0.215318,0.021175
0.104720,0.213561,0.017908
0.108574,0.214061,0.018029
0.108783,0.213201,0.015717
0.109683,0.215158,0.012911
0.112812,0.216442,0.011123
0.113647,0.215770,0.009867
0.115347,0.213519,0.007459
0.116977,0.217447,0.005610
0.118579,0.215167,0.001438
0.119482,0.215395,0.001529
0.120199,0.216466,-0.003374
0.122291,0.215372,-0.004645
0.124763,0.215916,-0.006685
0.126262,0.216657,-0.010155
0.127359,0.216412,-0.013563
0.130064,0.215572,-0.018283
0.128417,0.216526,-0.022893
-0.095124,0.217026,-0.003463
-0.093081,0.215624,0.004763
-0.090457,0.217061,0.010106
-0.087735,0.217200,0.011664
-0.088753,0.216881,0.016004
-0.083659,0.218484,0.018685
-0.084768,0.214714,0.021763
-0.081886,0.217287,0.023574
-0.083074,0.216456,0.026322
-0.082631,0.215284,0.028039
-0.079501,0.215258,0.030331
-0.077761,0.218166,0.031134
-0.076617,0.215591,0.033619
-0.075634,0.215224,0.034400
-0.073302,0.215006,0.036860
-0.071638,0.216801,0.033875
-0.069780,0.216287,0.039453
-0.069623,0.217176,0.039268
-0.067498,0.214612,0.039820
-0.066107,0.215244,0.041980
-0.065654,0.218072,0.042082
-0.062885,0.215347,0.042792
-0.065001,0.214128,0.045836
-0.062177,0.216020,0.044156
-0.057845,0.214436,0.045189
-0.058620,0.219016,0.046748
-0.057483,0.215679,0.047713
-0.055478,0.215061,0.048341
-0.054392,0.215291,0.049184
-0.054600,0.217262,0.048460
-0.049996,0.217056,0.050476
-0.048425,0.214765,0.052078
-0.048697,0.215907,0.053004
-0.047915,0.214725,0.053247
-0.046418,0.216374,0.052671
-0.044171,0.217898,0.054189
-0.041707,0.215166,0.055290
-0.041875,0.218427,0.055064
-0.040222,0.217424,0.055311
-0.037683,0.216748,0.057656
-0.037948,0.215847,0.055044
-0.036854,0.215221,0.057678
-0.033673,0.215790,0.057851
-0.033606,0.216433,0.059551
-0.030859,0.213811,0.057652
-0.032075,0.213864,0.059035
-0.028088,0.216167,0.059753
-0.028805,0.217060,0.060684
-0.025294,0.216584,0.059994
-0.024884,0.214408,0.061219
-0.024921,0.216876,0.060294
-0.021058,0.215305,0.060188
-0.019758,0.216219,0.062857
-0.020465,0.214697,0.061008
-0.017179,0.214848,0.062569
-0.015954,0.215558,0.063835
-0.016271,0.215851,0.063667
-0.013287,0.216055,0.064276
-0.014522,0.215817,0.064309
-0.012655,0.216830,0.063649
-0.009661,0.215903,0.062422
-0.009815,0.215826,0.064605
-0.008455,0.215923,0.065125
-0.006960,0.217815,0.064877
-0.003283,0.217057,0.062620
-0.004185,0.214117,0.063237
-0.001816,0.214852,0.064273
0.000152,0.216554,0.063440
0.000790,0.215766,0.062849
0.001403,0.213925,0.063355
0.002221,0.216048,0.063586
0.003673,0.214358,0.064858
0.007826,0.215918,0.062869
0.006490,0.214281,0.064748
0.007953,0.214931,0.063400
0.012108,0.213465,0.062734
0.012083,0.215766,0.062431
0.013541,0.214612,0.062366
0.014925,0.214947,0.064286
0.017353,0.215827,0.062575
0.015837,0.215648,0.062453
0.019611,0.214378,0.062086
0.017874,0.215943,0.062201
0.020144,0.215779,0.061885
0.022470,0.214760,0.060685
0.024236,0.218360,0.060476
0.026064,0.215296,0.060556
0.024789,0.216620,0.058573
0.028417,0.214527,0.058634
0.031327,0.216798,0.059389
0.030020,0.215284,0.059544
0.030152,0.215408,0.058931
0.033647,0.216666,0.058201
0.035628,0.216082,0.059285
0.036110,0.218024,0.057674
0.039002,0.215862,0.056642
0.039694,0.215377,0.057227
0.041734,0.216484,0.055346
0.041786,0.216103,0.056048
0.042295,0.216517,0.055986
0.044348,0.216055,0.056506
0.045532,0.215264,0.057178
0.046097,0.215401,0.054793
0.048179,0.217305,0.055654
0.049597,0.217490,0.054616
0.051106,0.216512,0.052609
0.050863,0.215684,0.055634
0.051889,0.215886,0.053126
0.055341,0.216544,0.052646
0.056242,0.216507,0.051692
0.057661,0.216521,0.051074
0.060291,0.216815,0.052561
0.060861,0.214529,0.050106
0.061207,0.215988,0.049209
0.061856,0.216567,0.049415
0.065806,0.217214,0.050759
0.066403,0.215074,0.049099
0.067857,0.216802,0.048643
0.069073,0.214528,0.045698
0.070012,0.215144,0.047279
0.070543,0.214163,0.046335
0.074890,0.215443,0.043861
0.076028,0.216094,0.042988
0.074646,0.216890,0.043650
0.075679,0.216131,0.043123
0.079380,0.216240,0.041814
0.079069,0.215920,0.040349
0.080172,0.215680,0.043071
0.082507,0.216367,0.038853
0.083317,0.215320,0.040099
0.086469,0.216505,0.039216
0.087821,0.215861,0.036452
0.086632,0.216052,0.035794
0.091086,0.215735,0.034901
0.090784,0.216653,0.033991
0.094481,0.216003,0.032147
0.095331,0.215915,0.034607
0.096430,0.216544,0.032852
0.096924,0.213539,0.030767
0.098442,0.217544,0.030198
0.100493,0.216946,0.026270
0.100551,0.215055,0.025116
0.102412,0.216454,0.023257
0.101975,0.216255,0.021905
0.104784,0.216028,0.020700
0.105876,0.216833,0.019266
0.108230,0.216606,0.016149
0.111609,0.219260,0.017031
0.111470,0.216171,0.010471
0.112672,0.218407,0.009582
0.114286,0.216604,0.007690
0.114633,0.218319,0.006563
0.116155,0.218216,0.002669
0.118836,0.218745,0.001346
0.119092,0.216394,0.000221
0.121592,0.216936,-0.002571
0.122714,0.219547,-0.003659
0.122695,0.217353,-0.006521
0.125667,0.217190,-0.010267
0.127640,0.218325,-0.014528
0.129062,0.215385,-0.016143
0.129710,0.217465,-0.024528
-0.095096,0.220903,-0.000863
-0.091481,0.217026,0.007232
-0.090454,0.216477,0.012874
-0.088396,0.217247,0.014636
-0.088394,0.219497,0.018327
-0.088456,0.219512,0.020856
-0.084474,0.218930,0.022599
-0.083461,0.218759,0.024463
-0.082031,0.217517,0.026213
-0.081807,0.216970,0.029017
-0.079686,0.216301,0.033936
-0.077940,0.219445,0.033268
-0.076320,0.218540,0.033573
-0.074150,0.217045,0.034378
-0.072258,0.218937,0.037934
-0.070868,0.217760,0.040770
-0.068796,0.218001,0.038776
-0.068709,0.218467,0.039478
-0.065912,0.217343,0.040371
-0.066555,0.217856,0.043818
-0.064306,0.218059,0.044026
-0.065245,0.217021,0.043000
-0.064989,0.217138,0.043966
-0.062071,0.217772,0.046710
-0.059334,0.218948,0.046988
-0.058699,0.217859,0.048320
-0.056532,0.215724,0.047101
-0.054678,0.219124,0.050254
-0.053805,0.217468,0.048697
-0.052259,0.217959,0.050715
-0.050354,0.215793,0.051727
-0.051247,0.219947,0.051172
-0.048794,0.217299,0.052907
-0.046122,0.217207,0.053523
-0.044866,0.215764,0.054020
-0.044122,0.217467,0.054951
-0.042052,0.216112,0.057131
-0.041305,0.217178,0.055524
-0.040396,0.215893,0.056735
-0.039255,0.217151,0.057049
-0.036023,0.217152,0.056599
-0.034468,0.217246,0.058886
-0.034728,0.217123,0.057748
-0.032657,0.217611,0.059245
-0.030680,0.218496,0.058967
-0.030058,0.216811,0.060321
-0.028813,0.215186,0.061227
-0.027180,0.218303,0.060396
-0.025791,0.219514,0.061605
-0.024233,0.217310,0.062659
-0.023266,0.215091,0.063541
-0.020147,0.217375,0.062048
-0.018294,0.218664,0.064438
-0.017134,0.217206,0.063506
-0.016111,0.218328,0.062152
-0.016576,0.217852,0.064436
-0.017023,0.215941,0.064150
-0.013444,0.217015,0.063689
-0.013771,0.216598,0.062837
-0.009770,0.217610,0.064226
-0.008426,0.217455,0.063943
-0.007979,0.215846,0.063730
-0.008786,0.217736,0.062973
-0.006336,0.216772,0.064613
-0.005653,0.218456,0.064305
-0.002552,0.215889,0.063727
-0.002099,0.216431,0.063639
-0.000426,0.218241,0.062843
0.001421,0.218986,0.066088
0.002605,0.217435,0.065114
0.004377,0.216189,0.062607
0.005696,0.218184,0.065321
0.006762,0.216781,0.065865
0.007893,0.216384,0.063605
0.009215,0.215169,0.064451
0.010709,0.217622,0.064065
0.010218,0.217476,0.064086
0.012777,0.215176,0.062458
0.013576,0.215809,0.062113
0.014909,0.216530,0.063554
0.017606,0.217404,0.062920
0.016752,0.216536,0.062798
0.019715,0.216647,0.061731
0.020033,0.215788,0.060488
0.023716,0.217605,0.059345
0.026033,0.216638,0.059794
0.021332,0.218718,0.061746
0.026318,0.217685,0.057740
0.027508,0.218046,0.060261
0.030832,0.216924,0.059072
0.030369,0.218845,0.060504
0.031300,0.216386,0.059110
0.032531,0.218204,0.058575
0.036057,0.216671,0.058427
0.035692,0.217562,0.058076
0.039089,0.215658,0.059049
0.038253,0.216067,0.058838
0.040469,0.217058,0.056013
0.042504,0.217146,0.056435
0.043567,0.217326,0.053960
0.044915,0.218169,0.056210
0.044807,0.215279,0.056811
0.049005,0.217759,0.054143
0.050280,0.215965,0.052864
0.050191,0.219543,0.056271
0.051521,0.218798,0.053532
0.051910,0.217482,0.055037
0.052622,0.216698,0.053471
0.055957,0.217601,0.051899
0.054341,0.218051,0.052586
0.055809,0.217454,0.053183
0.059127,0.218376,0.051705
0.062065,0.216897,0.049933
0.063761,0.214806,0.050389
0.063656,0.215822,0.049830
0.064383,0.217717,0.048297
0.065198,0.214944,0.049286
0.068042,0.218538,0.046792
0.068452,0.217139,0.048387
0.070009,0.218391,0.048149
0.072171,0.216964,0.045791
0.071453,0.218532,0.045349
0.074549,0.218802,0.045094
0.077059,0.216753,0.047075
0.075571,0.217894,0.044104
0.079493,0.217803,0.043302
0.079648,0.218045,0.041468
0.081685,0.216974,0.043457
0.082848,0.217017,0.041619
0.083180,0.216501,0.040331
0.084854,0.218577,0.038732
0.084628,0.217950,0.037087
0.089576,0.217054,0.036516
0.091139,0.217772,0.036314
0.093752,0.220661,0.033716
0.094266,0.217871,0.033327
0.095773,0.216447,0.032106
0.096033,0.218619,0.032210
0.095249,0.218506,0.029803
0.098173,0.219786,0.026946
0.099436,0.219503,0.025937
0.100789,0.217205,0.025610
0.101736,0.218936,0.024666
0.104015,0.219234,0.021924
0.106250,0.219434,0.020124
0.107407,0.218203,0.020859
0.109137,0.218203,0.018459
0.111295,0.219264,0.015739
0.111696,0.215944,0.012593
0.112436,0.219672,0.012508
0.111813,0.218552,0.010211
0.116945,0.218261,0.005485
0.115336,0.220018,0.003426
0.118031,0.217210,0.004311
0.118237,0.217830,-0.001147
0.120763,0.217906,-0.001290
0.121190,0.219073,-0.003060
0.125948,0.218907,-0.006029
0.126840,0.219707,-0.010208
0.127314,0.216629,-0.013633
0.128835,0.219046,-0.016868
0.130538,0.218392,-0.024942
-0.095783,0.219192,-0.004030
-0.094070,0.219934,0.003308
-0.093554,0.220473,0.009365
-0.090619,0.219079,0.013448
-0.088433,0.221248,0.017014
-0.087701,0.220174,0.020577
-0.086582,0.221307,0.020769
-0.084830,0.218801,0.022967
-0.082778,0.219605,0.026462
-0.081739,0.220636,0.027541
-0.079931,0.219242,0.029473
-0.079875,0.220346,0.031800
-0.076255,0.219755,0.032084
-0.077525,0.219338,0.033859
-0.074157,0.218493,0.036505
-0.072878,0.218450,0.036390
-0.071730,0.219631,0.036332
-0.069511,0.221695,0.040027
-0.068435,0.221266,0.040916
-0.067420,0.219078,0.042245
-0.065186,0.218238,0.043176
-0.065928,0.217549,0.042154
-0.063673,0.219728,0.043573
-0.062226,0.219930,0.046361
-0.059443,0.218819,0.046917
-0.058978,0.219700,0.047306
-0.059233,0.220257,0.048568
-0.059158,0.219618,0.049308
-0.055820,0.216928,0.049126
-0.053493,0.218488,0.050186
-0.051810,0.218090,0.051835
-0.052110,0.218827,0.053100
-0.052277,0.216929,0.053672
-0.048362,0.219105,0.052676
-0.047778,0.217550,0.053881
-0.046625,0.218245,0.054333
-0.043124,0.218740,0.056450
-0.041165,0.220161,0.056430
-0.041199,0.218097,0.055792
-0.040318,0.220674,0.056268
-0.039575,0.217717,0.058823
-0.036581,0.219311,0.058728
-0.034993,0.219383,0.058583
-0.033377,0.219767,0.058515
-0.032835,0.219842,0.058856
-0.030350,0.217817,0.061252
-0.029797,0.218902,0.061564
-0.028622,0.218860,0.059467
-0.026902,0.216318,0.060503
-0.027465,0.220682,0.062631
-0.024202,0.217313,0.060008
-0.025982,0.219804,0.060866
-0.023213,0.219589,0.062237
-0.020082,0.219243,0.064561
-0.020197,0.218829,0.062121
-0.019418,0.220267,0.061825
-0.016638,0.217990,0.064468
-0.016649,0.218868,0.065589
-0.013512,0.218473,0.062900
-0.013502,0.220749,0.062988
-0.010980,0.218586,0.063396
-0.010243,0.217585,0.063770
-0.008329,0.218897,0.063756
-0.007498,0.218800,0.066509
-0.006439,0.217537,0.065439
-0.003524,0.217224,0.064407
-0.003098,0.219044,0.064681
-0.000917,0.219568,0.064610
-0.000347,0.216470,0.064819
-0.000293,0.218544,0.066591
0.003078,0.218062,0.065775
0.002565,0.217022,0.065652
0.005341,0.218328,0.062823
0.005912,0.217550,0.064806
0.006097,0.219506,0.062549
0.009126,0.219629,0.065078
0.010472,0.219650,0.063329
0.011734,0.218328,0.064914
0.012165,0.218087,0.063427
0.014935,0.216749,0.063231
0.017370,0.219603,0.060850
0.017685,0.220578,0.061989
0.018953,0.221543,0.063149
0.019992,0.219034,0.063483
0.022174,0.219972,0.062706
0.021823,0.219342,0.063320
0.023786,0.218578,0.062213
0.025343,0.218614,0.059803
0.027454,0.220411,0.061280
0.027652,0.218605,0.058590
0.029186,0.218259,0.060174
0.031454,0.218464,0.060382
0.030951,0.219831,0.059472
0.032979,0.220563,0.058954
0.034545,0.221076,0.058836
0.034822,0.218751,0.058605
0.037849,0.220450,0.057818
0.040549,0.219094,0.055536
0.039284,0.219874,0.057300
0.041663,0.220785,0.057065
0.042839,0.217426,0.054838
0.044166,0.217558,0.056256
0.044592,0.219135,0.055091
0.047631,0.217868,0.056754
0.048948,0.219591,0.054214
0.049090,0.218370,0.052944
0.050497,0.219400,0.053042
0.051113,0.217485,0.054736
0.053633,0.219244,0.053837
0.055639,0.218233,0.051306
0.056919,0.219509,0.052167
0.058580,0.219266,0.051996
0.061072,0.217827,0.050758
0.058129,0.219331,0.049710
0.063278,0.217267,0.050793
0.063851,0.219310,0.049501
0.063390,0.219921,0.047179
0.066016,0.219579,0.048049
0.067980,0.220687,0.049102
0.068847,0.217354,0.048250
0.071150,0.218612,0.046532
0.071912,0.217796,0.046991
0.073935,0.218573,0.046814
0.073949,0.219687,0.045393
0.074741,0.219103,0.043466
0.077590,0.219558,0.042469
0.078743,0.218270,0.041987
0.080025,0.217778,0.043109
0.081122,0.220105,0.042437
0.081889,0.219228,0.040849
0.082219,0.220651,0.039359
0.083406,0.219149,0.038909
0.087532,0.219322,0.038033
0.087209,0.220134,0.037098
0.089895,0.219485,0.037614
0.092055,0.220967,0.036552
0.092895,0.219522,0.034000
0.093224,0.219959,0.033723
0.096654,0.219456,0.031574
0.099237,0.218909,0.032286
0.099087,0.220042,0.027804
0.099212,0.219772,0.028649
0.100354,0.221432,0.025851
0.104210,0.219596,0.023250
0.104669,0.220537,0.023726
0.103136,0.220163,0.020719
0.106442,0.218370,0.018442
0.109333,0.219872,0.015009
0.109956,0.218937,0.016177
0.110735,0.222792,0.013489
0.112867,0.220689,0.012315
0.113899,0.221168,0.010239
0.115307,0.219596,0.004820
0.116904,0.220760,0.006577
0.117285,0.220342,0.001673
0.119333,0.220553,0.001137
0.119117,0.219781,-0.002140
0.123709,0.219182,-0.005019
0.124523,0.221077,-0.008266
0.127143,0.222106,-0.012462
0.127323,0.222612,-0.016721
0.129171,0.221086,-0.018027
0.130058,0.220526,-0.026989
-0.096368,0.222089,-0.001601
-0.092687,0.221046,0.007625
-0.093004,0.220768,0.009740
-0.088138,0.223063,0.013925
-0.089572,0.220223,0.017879
-0.088870,0.222505,0.020860
-0.087079,0.221580,0.021183
-0.083793,0.220227,0.025245
-0.083859,0.222421,0.025692
-0.082626,0.222110,0.028654
-0.079942,0.221702,0.031295
-0.077569,0.221715,0.032596
-0.077843,0.220583,0.034335
-0.076887,0.221028,0.035225
-0.075603,0.220646,0.036108
-0.071967,0.220271,0.037040
-0.071191,0.220596,0.038293
-0.072105,0.221103,0.039744
-0.070187,0.220408,0.040578
-0.067535,0.221805,0.042247
-0.065949,0.221521,0.042343
-0.062131,0.219775,0.043787
-0.063636,0.219297,0.046666
-0.062278,0.220998,0.044795
-0.063207,0.221378,0.047041
-0.060412,0.220476,0.047952
-0.058252,0.219422,0.048291
-0.055921,0.220302,0.049020
-0.055129,0.220847,0.051543
-0.054349,0.218784,0.049602
-0.050416,0.219551,0.052098
-0.054168,0.219340,0.051807
-0.049771,0.219160,0.052032
-0.048154,0.219069,0.053112
-0.045760,0.221652,0.053572
-0.047297,0.218900,0.053697
-0.045854,0.219866,0.054840
-0.042697,0.219819,0.055074
-0.040812,0.221555,0.056890
-0.039366,0.221012,0.055830
-0.038369,0.219745,0.057982
-0.037442,0.221873,0.058121
-0.036571,0.220189,0.058487
-0.035773,0.220801,0.059103
-0.031416,0.218737,0.061169
-0.031004,0.220393,0.060049
-0.030347,0.219664,0.062240
-0.029094,0.220653,0.059488
-0.026268,0.221526,0.060723
-0.025578,0.219885,0.060122
-0.024617,0.218016,0.062320
-0.024375,0.221364,0.061138
-0.022608,0.221764,0.062872
-0.021303,0.220118,0.062225
-0.018904,0.221264,0.064054
-0.017948,0.219044,0.066394
-0.015643,0.221758,0.062388
-0.016014,0.221589,0.064691
-0.014920,0.220088,0.064304
-0.012697,0.219400,0.063639
-0.010741,0.220439,0.064878
-0.010226,0.221418,0.064502
-0.007739,0.220028,0.063867
-0.006149,0.221244,0.064289
-0.005639,0.220547,0.064106
-0.004798,0.219399,0.064993
-0.000750,0.220530,0.064151
-0.001200,0.219296,0.064280
-0.000711,0.221020,0.065185
0.000823,0.219642,0.064461
0.001170,0.219526,0.065772
0.003091,0.219643,0.065012
0.006211,0.220551,0.064583
0.004895,0.220945,0.063931
0.008259,0.220886,0.063112
0.009678,0.219469,0.062422
0.011756,0.219783,0.065310
0.012562,0.220233,0.063155
0.012977,0.221928,0.061930
0.013985,0.218781,0.062719
0.016077,0.221166,0.063994
0.017519,0.219321,0.061118
0.019198,0.220860,0.061113
0.019639,0.221717,0.062226
0.020791,0.222486,0.061807
0.023366,0.219115,0.063414
0.022020,0.220542,0.062082
0.026245,0.220897,0.061519
0.026140,0.221794,0.060132
0.028900,0.221397,0.060278
0.030788,0.220559,0.060676
0.032251,0.218067,0.058847
0.033025,0.220806,0.061349
0.032241,0.220621,0.057969
0.034040,0.220837,0.058264
0.036324,0.219517,0.057579
0.037772,0.221287,0.056979
0.038896,0.221552,0.057216
0.040381,0.220177,0.056347
0.039792,0.219504,0.057656
0.044242,0.220105,0.056859
0.044948,0.219595,0.053991
0.046363,0.220959,0.054430
0.046598,0.220898,0.055744
0.049747,0.221430,0.055146
0.049787,0.219591,0.053788
0.051621,0.220770,0.053578
0.050991,0.221863,0.054841
0.055454,0.218554,0.054921
0.054872,0.218881,0.053435
0.054600,0.219704,0.054177
0.057371,0.221566,0.051149
0.059646,0.219761,0.051679
0.059550,0.220331,0.050953
0.063178,0.219609,0.052458
0.062010,0.219554,0.049078
0.064119,0.220535,0.049011
0.066347,0.219452,0.047538
0.065916,0.219476,0.049934
0.069052,0.219867,0.048706
0.068264,0.221874,0.048722
0.072563,0.221856,0.046794
0.071178,0.221348,0.046670
0.072349,0.221994,0.046180
0.075734,0.221208,0.043525
0.076601,0.220942,0.043103
0.080775,0.222470,0.042790
0.079094,0.221483,0.044813
0.082306,0.221088,0.043005
0.084052,0.219754,0.040126
0.082704,0.220371,0.041172
0.083482,0.221185,0.040386
0.085551,0.221451,0.039870
0.088271,0.222697,0.036600
0.089431,0.220577,0.034668
0.091502,0.220127,0.035549
0.092122,0.220940,0.036446
0.093018,0.220174,0.033416
0.096276,0.222389,0.032891
0.097205,0.221061,0.029870
0.097650,0.221260,0.028989
0.097987,0.220523,0.027066
0.100821,0.219528,0.025973
0.103320,0.222299,0.024465
0.102904,0.221756,0.022071
0.105872,0.220683,0.022071
0.107555,0.221142,0.019101
0.109974,0.220307,0.016633
0.109688,0.220822,0.016316
0.110000,0.221063,0.015204
0.113370,0.222309,0.010706
0.112967,0.223764,0.009115
0.115483,0.221546,0.006774
0.116410,0.221483,0.007245
0.118806,0.222115,0.001182
0.119709,0.221195,-0.000473
0.123254,0.220856,-0.000248
0.121397,0.220689,-0.003764
0.123555,0.223540,-0.007481
0.126861,0.222189,-0.009794
0.127331,0.223562,-0.014733
0.126729,0.221830,-0.019461
0.129562,0.224584,-0.025776
-0.096929,0.223091,-0.004037
-0.094906,0.223667,0.002112
-0.094510,0.222560,0.008632
-0.093262,0.223848,0.011867
-0.091389,0.221320,0.015652
-0.089357,0.221911,0.020688
-0.088331,0.224310,0.023019
-0.087022,0.223677,0.024163
-0.084817,0.222842,0.025400
-0.084777,0.223897,0.028277
-0.081577,0.222177,0.028828
-0.080150,0.221805,0.030637
-0.078959,0.221890,0.031240
-0.075942,0.222113,0.033340
-0.075847,0.221961,0.037271
-0.074169,0.223934,0.038248
-0.074228,0.224439,0.037888
-0.071535,0.222490,0.039398
-0.070396,0.221980,0.042042
-0.069964,0.222360,0.040846
-0.069632,0.221496,0.041271
-0.065199,0.223121,0.046163
-0.064503,0.223929,0.044315
-0.063972,0.221699,0.047058
-0.063757,0.222239,0.048703
-0.060716,0.222621,0.049907
-0.059658,0.221095,0.046705
-0.056014,0.223637,0.047029
-0.056289,0.221670,0.048494
-0.053754,0.221815,0.050117
-0.053216,0.221652,0.051073
-0.052188,0.220751,0.050446
-0.051364,0.221908,0.052064
-0.048249,0.220799,0.053828
-0.048775,0.220286,0.055437
-0.047822,0.222080,0.055215
-0.046513,0.221757,0.056131
-0.044698,0.224368,0.056386
-0.044356,0.221199,0.055760
-0.041455,0.219259,0.057425
-0.039275,0.221789,0.056934
-0.038358,0.221566,0.057543
-0.036897,0.221299,0.058796
-0.036916,0.221675,0.058408
-0.032729,0.223276,0.058903
-0.032812,0.223994,0.061179
-0.032220,0.221946,0.057619
-0.030515,0.220827,0.059818
-0.028755,0.222035,0.061970
-0.027698,0.220948,0.060868
-0.024955,0.224580,0.061721
-0.024025,0.221403,0.062883
-0.024158,0.221826,0.063078
-0.022211,0.223771,0.062692
-0.020555,0.223558,0.063437
-0.019589,0.222129,0.064516
-0.017883,0.221030,0.064972
-0.016312,0.221454,0.065562
-0.015640,0.223479,0.063349
-0.014872,0.221073,0.065467
-0.013880,0.221534,0.065048
-0.012231,0.223596,0.063243
-0.010643,0.221753,0.064825
-0.007987,0.220189,0.063866
-0.006917,0.220867,0.064073
-0.006418,0.221941,0.065615
-0.005364,0.222326,0.065042
-0.002631,0.218870,0.064946
-0.002943,0.221310,0.064400
-0.000164,0.220962,0.064946
0.000056,0.221059,0.065831
0.000980,0.222548,0.064363
0.003631,0.219729,0.066308
0.004488,0.220434,0.063106
0.007937,0.223021,0.064074
0.007836,0.220820,0.064305
0.007898,0.220649,0.065603
0.009883,0.221519,0.061877
0.011744,0.222061,0.063746
0.013246,0.221541,0.062869
0.014553,0.220986,0.063738
0.016253,0.220452,0.062377
0.018693,0.221032,0.062269
0.017947,0.223496,0.062327
0.019631,0.224343,0.061560
0.021408,0.222204,0.061682
0.022705,0.219478,0.061895
0.022051,0.222438,0.059888
0.026084,0.222845,0.060129
0.026102,0.223144,0.060777
0.028120,0.224319,0.059900
0.028982,0.223694,0.060665
0.030411,0.222255,0.058148
0.032688,0.222827,0.059235
0.034694,0.223361,0.056784
0.035486,0.222092,0.057907
0.036346,0.223423,0.056211
0.037571,0.222753,0.057118
0.037417,0.222731,0.058844
0.040960,0.221325,0.056639
0.043441,0.220365,0.057236
0.044444,0.221841,0.056072
0.044717,0.223709,0.056823
0.046275,0.223516,0.054890
0.045889,0.221692,0.054496
0.048890,0.223021,0.054593
0.049099,0.220775,0.054718
0.053874,0.220582,0.055839
0.053480,0.222336,0.055003
0.054529,0.221157,0.052802
0.055245,0.221001,0.051067
0.055583,0.222710,0.050702
0.057389,0.220022,0.053574
0.060237,0.222538,0.051883
0.060415,0.222976,0.049870
0.062266,0.221651,0.051752
0.063177,0.222689,0.050219
0.064483,0.221555,0.049966
0.066266,0.222643,0.048757
0.068670,0.220379,0.049178
0.066597,0.221668,0.049226
0.071693,0.222606,0.047144
0.072467,0.222897,0.046984
0.071964,0.222845,0.046501
0.074485,0.223008,0.046067
0.074467,0.221680,0.044974
0.076900,0.223339,0.045078
0.078910,0.223510,0.044198
0.079216,0.223572,0.043108
0.080898,0.222823,0.042741
0.084029,0.221138,0.041845
0.083634,0.221204,0.041601
0.086143,0.224550,0.038037
0.088770,0.220620,0.040030
0.087863,0.224138,0.037440
0.090790,0.224259,0.036433
0.091153,0.221862,0.037991
0.092779,0.221066,0.035764
0.092628,0.222948,0.034126
0.095134,0.222726,0.033467
0.096029,0.223230,0.029605
0.099360,0.221152,0.029603
0.099714,0.222806,0.027738
0.100976,0.222603,0.027956
0.104515,0.223577,0.024060
0.104509,0.222928,0.022702
0.104222,0.222248,0.021935
0.106855,0.224467,0.021315
0.108142,0.222885,0.016858
0.108890,0.222719,0.017573
0.109639,0.225006,0.012829
0.111600,0.221748,0.010588
0.113964,0.223637,0.009759
0.114771,0.221436,0.007065
0.117280,0.222354,0.003232
0.118850,0.224390,0.001237
0.118457,0.223149,-0.000538
0.120851,0.225210,-0.003039
0.122909,0.223802,-0.003014
0.124054,0.223451,-0.008379
0.124330,0.224167,-0.009744
0.127257,0.223747,-0.014735
0.127870,0.223416,-0.019937
0.129563,0.223855,-0.027562
-0.095907,0.226336,-0.001735
-0.094072,0.224251,0.005291
-0.094751,0.224089,0.011292
-0.092148,0.224669,0.014473
-0.090199,0.225241,0.016843
-0.090072,0.223822,0.020290
-0.086901,0.225131,0.023292
-0.086447,0.226388,0.024409
-0.084545,0.225267,0.025926
-0.084647,0.225679,0.024705
-0.081251,0.224901,0.028937
-0.079284,0.223560,0.032359
-0.079452,0.223343,0.032671
-0.077877,0.222984,0.034688
-0.076799,0.227026,0.034901
-0.074076,0.225980,0.036513
-0.072652,0.224921,0.039673
-0.071665,0.224228,0.039631
-0.071209,0.223163,0.041296
-0.068861,0.225096,0.042627
-0.068377,0.224553,0.043849
-0.067531,0.222669,0.044895
-0.063929,0.223657,0.045509
-0.064019,0.223408,0.045522
-0.061656,0.225302,0.047800
-0.059754,0.224309,0.049519
-0.058467,0.224188,0.052043
-0.058681,0.223367,0.049517
-0.056584,0.224948,0.050650
-0.056497,0.222629,0.052804
-0.052981,0.223583,0.053132
-0.053038,0.223867,0.052293
-0.050118,0.222537,0.053367
-0.048997,0.222992,0.056136
-0.046644,0.222919,0.054891
-0.045848,0.225417,0.053569
-0.046061,0.223122,0.055482
-0.044767,0.222297,0.056142
-0.042414,0.224654,0.055431
-0.041498,0.223750,0.055423
-0.038844,0.221765,0.058161
-0.039463,0.223026,0.058649
-0.036525,0.224143,0.057876
-0.036788,0.223062,0.058675
-0.035197,0.222791,0.058945
-0.032732,0.222776,0.059278
-0.030948,0.224320,0.061182
-0.029839,0.223502,0.061369
-0.030838,0.222829,0.062710
-0.026665,0.224520,0.062881
-0.026326,0.223218,0.061294
-0.023837,0.224027,0.063369
-0.025280,0.224304,0.063355
-0.022581,0.222556,0.063302
-0.021428,0.224023,0.065129
-0.017874,0.222711,0.062253
-0.018177,0.223529,0.065218
-0.016960,0.223735,0.064179
-0.014748,0.221538,0.064465
-0.015018,0.225035,0.063571
-0.013573,0.225038,0.064576
-0.011493,0.223725,0.066271
-0.008584,0.221380,0.065083
-0.008236,0.222969,0.062571
-0.005678,0.223672,0.066280
-0.005513,0.222173,0.064885
-0.005195,0.223886,0.065163
-0.004920,0.223908,0.066610
0.000321,0.222180,0.065490
0.000728,0.222295,0.064586
0.002365,0.223705,0.065980
0.001885,0.223723,0.064924
0.002772,0.223097,0.064864
0.005120,0.223033,0.068406
0.005074,0.223135,0.065186
0.008161,0.224966,0.064419
0.008920,0.223999,0.066597
0.010281,0.224800,0.063828
0.012899,0.222462,0.063377
0.013495,0.223712,0.064524
0.013954,0.222863,0.064304
0.016038,0.223266,0.063733
0.015171,0.221795,0.061391
0.020883,0.222413,0.063046
0.020800,0.224212,0.062550
0.023510,0.222984,0.060314
0.024386,0.221908,0.060879
0.023864,0.223433,0.061454
0.024687,0.223882,0.061569
0.025582,0.224762,0.059812
0.027252,0.224032,0.060413
0.028665,0.223239,0.059823
0.028864,0.225088,0.059871
0.030772,0.225687,0.057969
0.034613,0.224131,0.058445
0.034861,0.223878,0.057120
0.035618,0.223339,0.056568
0.037049,0.223339,0.057862
0.037296,0.223636,0.057636
0.041007,0.224192,0.058729
0.039996,0.223325,0.057170
0.042223,0.224203,0.056015
0.043155,0.223290,0.055242
0.045586,0.222780,0.055636
0.046880,0.223178,0.053031
0.050477,0.222828,0.052505
0.049307,0.222925,0.055501
0.052034,0.223739,0.055006
0.052617,0.222821,0.053575
0.053292,0.224049,0.053057
0.054828,0.224446,0.054149
0.056981,0.224135,0.052594
0.059158,0.223532,0.055327
0.058130,0.224839,0.052837
0.060288,0.224024,0.051764
0.061370,0.224118,0.052286
0.063397,0.223762,0.048215
0.065350,0.223569,0.050539
0.066858,0.223406,0.048993
0.068664,0.224170,0.048368
0.068652,0.221991,0.050817
0.070783,0.224435,0.046910
0.071062,0.222385,0.046901
0.074943,0.223934,0.045768
0.073909,0.222950,0.046388
0.075671,0.223475,0.044215
0.077868,0.225566,0.043630
0.079727,0.224168,0.042638
0.078842,0.222725,0.043997
0.082483,0.225518,0.040515
0.082571,0.222671,0.039716
0.085417,0.223414,0.042063
0.084702,0.224923,0.038815
0.086228,0.223644,0.039705
0.088098,0.223835,0.036564
0.090915,0.225506,0.038576
0.090207,0.223198,0.036048
0.092616,0.225249,0.037405
0.093372,0.225025,0.034201
0.096096,0.225241,0.032933
0.096884,0.222986,0.030476
0.097401,0.225245,0.029493
0.099768,0.221580,0.028993
0.100429,0.224537,0.026779
0.099303,0.225485,0.024132
0.105266,0.225019,0.023119
0.104514,0.223067,0.020674
0.106963,0.223673,0.019568
0.107972,0.224804,0.019389
0.109603,0.225667,0.015522
0.110148,0.223008,0.012994
0.113200,0.224557,0.012652
0.115730,0.226274,0.010476
0.113661,0.222886,0.008128
0.116246,0.225077,0.006265
0.118257,0.225085,0.001864
0.118349,0.226429,-0.000766
0.122179,0.225069,-0.003671
0.124903,0.225816,-0.002913
0.123113,0.224209,-0.008609
0.125399,0.224017,-0.011662
0.127642,0.224290,-0.014177
0.128519,0.225766,-0.021166
0.132007,0.226368,-0.029113
-0.099269,0.226058,-0.004653
-0.097252,0.226444,0.002630
-0.095584,0.226926,0.009707
-0.093304,0.225786,0.013568
-0.092115,0.226453,0.016380
-0.091914,0.225159,0.020188
-0.090185,0.225678,0.022379
-0.087265,0.226103,0.023644
-0.086471,0.226750,0.027119
-0.083534,0.226725,0.025620
-0.081965,0.226847,0.028933
-0.082586,0.225298,0.028110
-0.078477,0.225442,0.031947
-0.078271,0.224803,0.033413
-0.078283,0.226738,0.034544
-0.076391,0.225780,0.037905
-0.074915,0.226638,0.037782
-0.073556,0.224444,0.037621
-0.071943,0.226003,0.040836
-0.071848,0.226159,0.042140
-0.069044,0.225899,0.043774
-0.069584,0.224372,0.043205
-0.066166,0.225545,0.044636
-0.065140,0.225109,0.046753
-0.064935,0.225344,0.047191
-0.063160,0.223170,0.047943
-0.061314,0.225185,0.049365
-0.059789,0.225617,0.048585
-0.057599,0.226221,0.052116
-0.057460,0.224367,0.051447
-0.054870,0.226004,0.051401
-0.053488,0.225378,0.052284
-0.053476,0.224931,0.054539
-0.050932,0.224856,0.055555
-0.049493,0.225833,0.053765
-0.047998,0.225820,0.056413
-0.047578,0.222399,0.054510
-0.043704,0.225202,0.056181
-0.045283,0.226843,0.057225
-0.042789,0.225732,0.056820
-0.040560,0.225573,0.056575
-0.042140,0.225493,0.055763
-0.038149,0.225206,0.058731
-0.035606,0.224866,0.059488
-0.034470,0.225427,0.059675
-0.033085,0.225029,0.060542
-0.033588,0.223997,0.060886
-0.031169,0.223762,0.061843
-0.030945,0.224269,0.061327
-0.029872,0.226339,0.059975
-0.027586,0.224027,0.062832
-0.027578,0.224174,0.062930
-0.024624,0.224808,0.064625
-0.023262,0.224411,0.061529
-0.021201,0.226949,0.062570
-0.019994,0.225392,0.061281
-0.019006,0.223759,0.062999
-0.018626,0.225608,0.062328
-0.018987,0.225534,0.063453
-0.015412,0.224904,0.064259
-0.015104,0.224673,0.066210
-0.013614,0.225086,0.064415
-0.011739,0.223907,0.065399
-0.009919,0.224600,0.065362
-0.008305,0.224520,0.065404
-0.008438,0.226363,0.064214
-0.005778,0.223047,0.063484
-0.005547,0.224595,0.064383
-0.003355,0.224032,0.064457
0.000060,0.227476,0.065641
-0.000494,0.224786,0.065723
0.000568,0.223851,0.066376
0.000188,0.227050,0.064806
0.003912,0.225422,0.065124
0.005261,0.223832,0.065063
0.008306,0.224428,0.064442
0.008509,0.225613,0.065641
0.009716,0.224921,0.063780
0.011785,0.224658,0.064491
0.011271,0.225992,0.064487
0.012405,0.225946,0.065108
0.013571,0.224865,0.061490
0.015795,0.222525,0.062934
0.016146,0.223778,0.064029
0.019469,0.224001,0.062870
0.021662,0.225075,0.061110
0.021308,0.224525,0.062786
0.023380,0.224513,0.063786
0.024981,0.222482,0.062048
0.024739,0.225232,0.061595
0.026860,0.223114,0.060378
0.025595,0.225389,0.060078
0.029109,0.224427,0.059637
0.031003,0.224932,0.060087
0.032203,0.223773,0.058307
0.032284,0.226562,0.058007
0.034096,0.225651,0.058118
0.035890,0.224756,0.057596
0.038088,0.225279,0.058189
0.039349,0.225341,0.058618
0.040245,0.224052,0.056385
0.041522,0.224409,0.057550
0.043609,0.225252,0.057124
0.043336,0.223795,0.054565
0.046086,0.223355,0.056062
0.047968,0.226201,0.054781
0.048323,0.225217,0.056485
0.050347,0.224569,0.054733
0.051168,0.224349,0.055047
0.051998,0.223546,0.052843
0.053926,0.224751,0.053076
0.055136,0.225739,0.053551
0.057664,0.226124,0.052828
0.058509,0.224792,0.051646
0.058339,0.226859,0.052986
0.059028,0.226446,0.050805
0.062877,0.224021,0.052367
0.062831,0.224232,0.050391
0.065669,0.227238,0.048443
0.065228,0.225238,0.048371
0.067290,0.224549,0.051024
0.068784,0.226268,0.049118
0.069961,0.225215,0.048579
0.071906,0.225425,0.047354
0.073241,0.225837,0.047888
0.074519,0.225251,0.046351
0.076672,0.226736,0.046172
0.079503,0.226660,0.045295
0.076927,0.224739,0.044707
0.081323,0.226353,0.043943
0.079837,0.224455,0.042886
0.082914,0.223587,0.041503
0.084473,0.224186,0.042411
0.084405,0.226441,0.038775
0.086679,0.227193,0.039051
0.087343,0.225875,0.038689
0.089589,0.224655,0.036326
0.090015,0.225184,0.036832
0.090812,0.226566,0.036280
0.093938,0.225314,0.034720
0.093951,0.225674,0.031078
0.096235,0.227216,0.031768
0.097436,0.226210,0.027696
0.098937,0.225001,0.026550
0.101470,0.225190,0.027363
0.102498,0.227333,0.024052
0.102969,0.226486,0.024701
0.105954,0.228048,0.021708
0.105930,0.227433,0.020853
0.107755,0.225333,0.019724
0.107676,0.226101,0.015320
0.110805,0.227176,0.013072
0.111558,0.228503,0.012054
0.112111,0.227111,0.010407
0.114377,0.226713,0.009300
0.114968,0.227472,0.004430
0.118235,0.229587,0.001331
0.119213,0.224971,-0.000202
0.120836,0.226580,-0.000529
0.121841,0.226109,-0.004046
0.123319,0.228783,-0.008390
0.124790,0.227042,-0.009547
0.127968,0.227186,-0.016240
0.128990,0.225547,-0.023558
-0.096372,0.228939,0.000665
-0.095231,0.230537,0.005862
-0.095240,0.225790,0.011177
-0.094500,0.226505,0.012635
-0.090070,0.228864,0.017648
-0.090595,0.228506,0.019888
-0.089513,0.227617,0.023782
-0.086633,0.228784,0.023408
-0.085467,0.226132,0.025557
-0.084556,0.227299,0.028447
-0.080778,0.228639,0.029304
-0.081103,0.227432,0.032277
-0.079804,0.228980,0.032451
-0.079025,0.226365,0.034026
-0.080505,0.227417,0.035281
-0.076096,0.226552,0.038263
-0.074902,0.227173,0.038067
-0.072167,0.227857,0.038981
-0.073605,0.226247,0.040054
-0.069220,0.226503,0.042250
-0.066832,0.227693,0.043989
-0.066895,0.226993,0.043936
-0.066934,0.228469,0.046250
-0.065528,0.227295,0.043524
-0.063888,0.226667,0.049802
-0.062388,0.225466,0.050124
-0.060238,0.228441,0.049372
-0.061328,0.226283,0.049199
-0.057823,0.228515,0.050758
-0.056922,0.226133,0.053006
-0.055902,0.225911,0.051701
-0.054153,0.227008,0.054143
-0.052246,0.227387,0.052811
-0.053515,0.226102,0.054155
-0.050976,0.226953,0.055173
-0.049215,0.226330,0.055236
-0.047308,0.226427,0.056897
-0.045247,0.227460,0.056174
-0.045161,0.227089,0.057001
-0.044150,0.227155,0.056857
-0.041039,0.226991,0.057111
-0.039379,0.228195,0.060129
-0.038986,0.227093,0.061075
-0.036905,0.225539,0.059716
-0.035768,0.225868,0.059590
-0.034900,0.226440,0.061579
-0.033007,0.226678,0.060269
-0.032132,0.226705,0.060288
-0.028690,0.225759,0.062539
-0.028976,0.225198,0.061632
-0.027319,0.226058,0.061492
-0.025568,0.227170,0.060874
-0.024017,0.226901,0.062713
-0.023769,0.227121,0.062017
-0.022647,0.227293,0.062670
-0.020640,0.226299,0.063174
-0.020895,0.227564,0.063134
-0.017998,0.227926,0.063450
-0.016954,0.226683,0.064938
-0.014744,0.226611,0.065240
-0.013217,0.225609,0.064788
-0.012853,0.226836,0.063861
-0.012668,0.225856,0.067488
-0.009688,0.225452,0.065345
-0.008977,0.227332,0.066082
-0.008915,0.228312,0.064690
-0.004726,0.226350,0.064836
-0.003804,0.225579,0.065159
-0.002824,0.228535,0.064762
-0.003132,0.227801,0.066485
-0.000181,0.224601,0.067381
0.002190,0.227643,0.065816
0.001803,0.227766,0.066346
0.004719,0.227229,0.067232
0.005836,0.227507,0.064552
0.007307,0.226461,0.066150
0.006760,0.224815,0.065356
0.010194,0.226677,0.066201
0.010069,0.225809,0.061939
0.011433,0.226805,0.062918
0.013597,0.227688,0.062370
0.014520,0.226358,0.063093
0.016398,0.225327,0.063635
0.016076,0.227019,0.063910
0.018480,0.226402,0.064384
0.018853,0.225948,0.063791
0.020784,0.225810,0.062839
0.019140,0.227375,0.062335
0.024875,0.225836,0.060178
0.026687,0.226614,0.061041
0.026559,0.226142,0.061538
0.028293,0.226901,0.060733
0.029777,0.225425,0.062433
0.030530,0.224505,0.059065
0.032404,0.228335,0.060564
0.034396,0.226043,0.058792
0.034155,0.225871,0.061422
0.036543,0.227088,0.057731
0.037072,0.227673,0.057267
0.039281,0.228193,0.058830
0.040850,0.227835,0.058549
0.043008,0.227062,0.058190
0.042109,0.227219,0.058093
0.044280,0.226863,0.055189
0.046576,0.226617,0.056551
0.045664,0.224994,0.055402
0.047804,0.227966,0.055461
0.049889,0.225634,0.055708
0.051842,0.226775,0.055155
0.051731,0.226765,0.053810
0.053993,0.225741,0.052260
0.056689,0.226744,0.053093
0.057016,0.225764,0.053215
0.057935,0.225876,0.051819
0.059225,0.227469,0.052738
0.060027,0.227642,0.051868
0.060815,0.227310,0.051044
0.063595,0.226657,0.050840
0.064732,0.226129,0.051023
0.064087,0.224825,0.049805
0.066671,0.227159,0.051072
0.068170,0.227645,0.048259
0.071300,0.227529,0.049484
0.071176,0.230088,0.048621
0.073628,0.225558,0.045822
0.075083,0.225392,0.045715
0.075853,0.225888,0.044436
0.076242,0.226721,0.044962
0.079252,0.227029,0.044876
0.079879,0.225823,0.045429
0.081187,0.229397,0.042747
0.083409,0.227281,0.040881
0.085841,0.227020,0.042254
0.084191,0.227642,0.039386
0.088455,0.227795,0.038380
0.089791,0.226272,0.037792
0.090746,0.227707,0.037187
0.089705,0.227850,0.035604
0.091612,0.228166,0.034169
0.093278,0.227330,0.034643
0.094476,0.228658,0.033576
0.095485,0.227864,0.033070
0.098003,0.227437,0.031054
0.100246,0.227915,0.030699
0.103449,0.230524,0.028412
0.103508,0.227017,0.025693
0.103594,0.228270,0.023075
0.104746,0.227307,0.022707
0.108381,0.227924,0.020018
0.107591,0.229746,0.019598
0.108139,0.226566,0.016167
0.109119,0.229034,0.014499
0.111681,0.227208,0.012303
0.113314,0.228850,0.010820
0.114894,0.227944,0.007632
0.114797,0.227972,0.005233
0.118781,0.227277,0.001872
0.119297,0.229650,0.000936
0.121244,0.228893,-0.002596
0.121735,0.228273,-0.004938
0.122837,0.227395,-0.007668
0.125871,0.227574,-0.012513
0.126105,0.229162,-0.017444
0.129711,0.230306,-0.022040
-0.101663,0.230633,-0.010402
-0.097790,0.229965,0.001912
-0.097535,0.229627,0.006231
-0.095984,0.228423,0.012806
-0.093509,0.229814,0.016087
-0.092939,0.229189,0.017394
-0.090547,0.228421,0.021580
-0.088980,0.228671,0.023776
-0.086046,0.230473,0.025021
-0.086016,0.228656,0.026559
-0.086971,0.229437,0.027802
-0.082558,0.228818,0.028707
-0.083409,0.228087,0.033489
-0.078892,0.228812,0.032853
-0.079353,0.228939,0.033237
-0.077020,0.228422,0.035166
-0.076608,0.226596,0.037580
-0.073225,0.229937,0.039356
-0.074859,0.230254,0.039595
-0.071843,0.229655,0.041630
-0.071765,0.227731,0.043571
-0.069402,0.228017,0.042827
-0.067627,0.228864,0.045091
-0.066856,0.228086,0.044417
-0.063010,0.229832,0.046568
-0.062904,0.228981,0.046172
-0.061127,0.228040,0.048435
-0.060467,0.228148,0.049689
-0.061024,0.228902,0.049272
-0.057638,0.229180,0.052082
-0.055687,0.228305,0.051921
-0.054516,0.226487,0.052339
-0.054251,0.228900,0.053935
-0.051945,0.227761,0.055257
-0.052287,0.227877,0.055193
-0.049062,0.227765,0.053667
-0.048505,0.226835,0.056519
-0.045867,0.228645,0.056409
-0.045669,0.227678,0.057076
-0.043510,0.225981,0.057758
-0.043222,0.227180,0.059685
-0.042052,0.227021,0.058673
-0.040532,0.226650,0.056131
-0.038869,0.227216,0.060637
-0.036233,0.228227,0.060430
-0.035615,0.229041,0.059176
-0.034301,0.228753,0.060906
-0.032793,0.227650,0.060267
-0.030910,0.227754,0.060903
-0.031074,0.228061,0.063340
-0.029423,0.226763,0.061104
-0.028432,0.227418,0.061898
-0.026891,0.229418,0.062446
-0.024286,0.227204,0.062305
-0.022812,0.227915,0.064325
-0.021560,0.227546,0.064077
-0.019681,0.227518,0.062398
-0.020201,0.228379,0.063367
-0.017698,0.230308,0.063223
-0.016855,0.229381,0.064488
-0.016757,0.229446,0.064175
-0.013941,0.227910,0.064236
-0.012278,0.229071,0.064687
-0.010884,0.228910,0.066343
-0.008833,0.229081,0.064342
-0.008236,0.227587,0.063286
-0.007414,0.227380,0.067209
-0.006199,0.227158,0.066204
-0.004970,0.230307,0.066548
-0.001309,0.227991,0.066470
-0.002015,0.227122,0.066298
-0.000450,0.228722,0.064598
0.000898,0.228835,0.067046
0.004264,0.229022,0.064752
0.004363,0.226422,0.064826
0.004597,0.227919,0.064926
0.006812,0.226990,0.066177
0.006863,0.227404,0.063788
0.009378,0.227963,0.064728
0.010523,0.227340,0.064216
0.012622,0.228402,0.065074
0.012671,0.227301,0.064045
0.013878,0.227229,0.065034
0.014567,0.227236,0.063895
0.015706,0.227672,0.061031
0.018494,0.226735,0.063388
0.020690,0.227626,0.060494
0.021827,0.227465,0.061632
0.023962,0.226449,0.061672
0.022776,0.229745,0.061268
0.025940,0.227821,0.062278
0.026537,0.226713,0.060303
0.029247,0.226841,0.060248
0.029931,0.229146,0.060152
0.031173,0.229081,0.060349
0.032727,0.228586,0.058761
0.034322,0.228903,0.059785
0.036017,0.226380,0.057294
0.036321,0.230644,0.057314
0.036440,0.228382,0.058841
0.040812,0.227879,0.057059
0.039975,0.231398,0.056821
0.041366,0.229206,0.056532
0.044098,0.228539,0.058263
0.045284,0.227952,0.056922
0.042742,0.228389,0.057319
0.047419,0.227707,0.056221
0.048246,0.228007,0.056494
0.049411,0.227123,0.054650
0.052485,0.227491,0.054157
0.053772,0.230125,0.053405
0.054639,0.228147,0.052260
0.054012,0.230359,0.053186
0.056905,0.228783,0.051236
0.057820,0.227446,0.053205
0.059034,0.229827,0.052801
0.060120,0.228469,0.052537
0.061399,0.228791,0.052379
0.064314,0.228645,0.051356
0.063769,0.226999,0.049231
0.067139,0.228674,0.048295
0.067192,0.228283,0.051282
0.069404,0.230036,0.048531
0.068860,0.228372,0.046754
0.071480,0.228326,0.048662
0.071935,0.228169,0.048164
0.075041,0.228653,0.045523
0.073916,0.229879,0.045151
0.077492,0.229328,0.046014
0.078625,0.229802,0.044017
0.080514,0.230375,0.043050
0.082279,0.228436,0.043447
0.083109,0.230327,0.042462
0.083730,0.228774,0.040718
0.084955,0.227517,0.039687
0.086421,0.230097,0.039277
0.087993,0.228015,0.040886
0.089223,0.228537,0.037377
0.090645,0.229541,0.036202
0.091904,0.228352,0.034339
0.093048,0.228565,0.035601
0.093846,0.229617,0.034996
0.095197,0.229322,0.030958
0.098927,0.228840,0.032108
0.101054,0.230075,0.028584
0.100120,0.231375,0.025733
0.101505,0.230204,0.024302
0.106258,0.228444,0.022999
0.106333,0.229676,0.022060
0.106222,0.229331,0.021439
0.108364,0.229139,0.017647
0.108633,0.229486,0.016912
0.110785,0.230071,0.015662
0.110742,0.229386,0.012926
0.112163,0.229465,0.009214
0.115709,0.227967,0.007865
0.116659,0.228897,0.005496
0.116900,0.229826,0.004470
0.117710,0.231657,0.000233
0.121368,0.230709,-0.001098
0.120807,0.231065,-0.006713
0.124586,0.229403,-0.008566
0.126014,0.229851,-0.012060
0.127291,0.230943,-0.015829
0.129457,0.230175,-0.023914
-0.100165,0.232937,-0.002483
-0.097852,0.231550,0.004986
-0.095433,0.231231,0.009537
-0.096030,0.230932,0.015493
-0.094639,0.229905,0.015461
-0.094292,0.231044,0.016711
-0.091568,0.230679,0.022424
-0.088874,0.230407,0.024301
-0.088635,0.230093,0.027096
-0.085805,0.232221,0.027744
-0.084632,0.229420,0.029157
-0.085951,0.230543,0.028721
-0.082744,0.229301,0.031629
-0.079667,0.229872,0.032858
-0.078290,0.229623,0.035273
-0.077047,0.230451,0.036941
-0.076124,0.230361,0.040238
-0.073712,0.230415,0.039027
-0.072581,0.231334,0.041862
-0.072351,0.229560,0.041679
-0.072233,0.232282,0.042494
-0.068227,0.230209,0.041743
-0.069001,0.229725,0.044615
-0.065435,0.229440,0.045782
-0.063994,0.230085,0.045944
-0.061826,0.231410,0.047662
-0.063973,0.230024,0.049799
-0.061306,0.231734,0.049252
-0.059020,0.231029,0.050898
-0.055600,0.231652,0.052421
-0.055996,0.229082,0.052078
-0.055239,0.230122,0.050339
-0.052112,0.232247,0.053300
-0.051881,0.227032,0.054228
-0.051040,0.229634,0.055079
-0.051583,0.230940,0.055917
-0.047301,0.231178,0.057232
-0.046998,0.231229,0.056661
-0.046241,0.228957,0.055994
-0.044096,0.228926,0.057936
-0.042430,0.229031,0.056813
-0.040105,0.229123,0.057353
-0.040025,0.230433,0.059137
-0.038892,0.229646,0.060048
-0.038153,0.229727,0.060450
-0.035794,0.229208,0.060945
-0.034466,0.231306,0.060361
-0.033163,0.229622,0.060169
-0.031460,0.229634,0.062872
-0.030109,0.229773,0.062801
-0.029787,0.230787,0.061279
-0.027304,0.228708,0.063010
-0.025990,0.226909,0.063401
-0.024800,0.230431,0.063640
-0.021378,0.229785,0.065076
-0.022515,0.228276,0.063272
-0.021231,0.227156,0.063010
-0.019838,0.232091,0.064428
-0.018144,0.226884,0.065171
-0.014981,0.228989,0.065102
-0.015665,0.228456,0.063768
-0.012223,0.230411,0.065256
-0.012790,0.229195,0.064477
-0.011568,0.229756,0.065899
-0.009482,0.229292,0.063876
-0.007637,0.228501,0.065073
-0.007312,0.228610,0.066015
-0.005334,0.228000,0.064582
-0.004419,0.229376,0.065428
-0.001853,0.228855,0.066639
-0.000977,0.229120,0.065354
-0.000642,0.231777,0.064258
0.000792,0.230278,0.064299
0.001417,0.229258,0.063860
0.003165,0.228896,0.065876
0.004142,0.229240,0.066373
0.007054,0.229204,0.066634
0.007715,0.229883,0.063557
0.009359,0.228946,0.064394
0.011665,0.228902,0.065019
0.011814,0.228551,0.065070
0.013271,0.227791,0.064855
0.013766,0.229308,0.064584
0.015930,0.228902,0.063213
0.018135,0.228860,0.063188
0.019936,0.230160,0.064934
0.019878,0.229034,0.063471
0.021899,0.228118,0.062840
0.024301,0.229880,0.062860
0.023151,0.227438,0.062678
0.025832,0.228243,0.059461
0.025603,0.228756,0.061628
0.027695,0.228826,0.058817
0.028971,0.229655,0.060367
0.031640,0.229047,0.060173
0.031673,0.227991,0.058180
0.033786,0.229538,0.060181
0.034160,0.228902,0.059495
0.036161,0.229927,0.058323
0.036583,0.230754,0.057594
0.039448,0.229631,0.057365
0.041457,0.230664,0.057548
0.041125,0.230439,0.057973
0.045243,0.232448,0.057987
0.045080,0.229417,0.058107
0.046393,0.229766,0.057243
0.048568,0.229569,0.055638
0.048201,0.230445,0.056571
0.050150,0.230497,0.053825
0.052166,0.230861,0.054677
0.052390,0.230905,0.054620
0.053911,0.228526,0.053338
0.054917,0.229918,0.054653
0.055526,0.230548,0.051581
0.057895,0.228908,0.054208
0.058939,0.230357,0.051890
0.058067,0.229840,0.052212
0.063463,0.231119,0.050883
0.064134,0.228711,0.051216
0.064876,0.230331,0.048627
0.064763,0.230088,0.051039
0.068276,0.229308,0.050334
0.069610,0.229726,0.048271
0.069951,0.230260,0.049421
0.072892,0.230151,0.047333
0.072798,0.230813,0.047744
0.074117,0.228687,0.046001
0.075143,0.230209,0.046297
0.078927,0.228719,0.045484
0.080059,0.229344,0.046033
0.079852,0.232965,0.043388
0.082019,0.229888,0.042956
0.083223,0.230410,0.043424
0.083696,0.229860,0.042299
0.084637,0.229329,0.040366
0.086877,0.230570,0.038270
0.087960,0.231546,0.038210
0.088999,0.229205,0.037662
0.090322,0.229438,0.037376
0.093062,0.231568,0.038100
0.094092,0.230285,0.032548
0.096474,0.230310,0.033486
0.098464,0.231234,0.031360
0.097240,0.231186,0.029156
0.099028,0.230100,0.028897
0.099882,0.231129,0.027691
0.102705,0.228961,0.024763
0.103589,0.230757,0.024328
0.106277,0.230259,0.021340
0.107436,0.229988,0.020945
0.107398,0.230235,0.017561
0.108419,0.230213,0.017441
0.111258,0.231202,0.015165
0.111710,0.232813,0.012838
0.113218,0.230860,0.010356
0.113344,0.230282,0.010980
0.116987,0.230127,0.005694
0.117894,0.231858,0.002280
0.118849,0.231401,0.000699
0.123209,0.232820,-0.002387
0.121799,0.231098,-0.005028
0.123599,0.231761,-0.010015
0.124819,0.231332,-0.012146
0.127439,0.232102,-0.016893
0.129250,0.232492,-0.022874
-0.102460,0.235138,-0.008902
-0.098719,0.233169,0.003702
-0.098817,0.235477,0.006827
-0.097816,0.233337,0.014399
-0.093179,0.233737,0.016378
-0.093205,0.232989,0.016140
-0.092312,0.232769,0.021076
-0.090148,0.231286,0.023187
-0.089873,0.231742,0.024091
-0.086840,0.234120,0.025231
-0.086349,0.231660,0.028569
-0.084317,0.232999,0.028030
-0.082980,0.233323,0.031074
-0.081566,0.231176,0.031810
-0.079835,0.231098,0.034730
-0.078945,0.230763,0.034621
-0.077899,0.232072,0.038513
-0.077631,0.230576,0.038435
-0.074497,0.229965,0.038871
-0.073477,0.231615,0.041412
-0.069917,0.230670,0.042620
-0.071352,0.232599,0.042369
-0.070148,0.231857,0.044564
-0.068496,0.233205,0.044678
-0.066235,0.232302,0.046725
-0.065531,0.231872,0.045371
-0.063397,0.231428,0.047759
-0.062610,0.231298,0.050640
-0.060813,0.231146,0.047673
-0.058826,0.231147,0.050712
-0.058198,0.231021,0.052155
-0.056014,0.230829,0.053673
-0.054643,0.230927,0.054482
-0.054670,0.232471,0.053105
-0.052615,0.230461,0.055706
-0.051286,0.231334,0.055831
-0.051089,0.232376,0.054352
-0.048499,0.232837,0.055434
-0.048266,0.232117,0.056338
-0.046034,0.231364,0.057378
-0.045239,0.232808,0.057706
-0.041667,0.232111,0.058641
-0.041169,0.232535,0.059438
-0.039916,0.230779,0.059592
-0.039545,0.231735,0.058615
-0.037621,0.230555,0.059440
-0.035971,0.229025,0.059875
-0.035985,0.230145,0.061509
-0.033701,0.231485,0.061319
-0.033413,0.229838,0.061716
-0.031207,0.230976,0.061294
-0.029092,0.231261,0.063978
-0.026833,0.232344,0.062198
-0.024684,0.231827,0.064094
-0.024226,0.231148,0.061145
-0.021888,0.230530,0.063979
-0.021735,0.230215,0.062852
-0.021095,0.229524,0.063988
-0.018976,0.232118,0.063988
-0.018910,0.231125,0.064772
-0.017704,0.230447,0.065179
-0.014318,0.231546,0.066861
-0.011476,0.231667,0.066297
-0.014151,0.232106,0.065781
-0.012586,0.229851,0.066080
-0.010164,0.231533,0.065026
-0.008177,0.230664,0.067650
-0.006842,0.232948,0.066054
-0.006956,0.232468,0.066792
-0.002803,0.231148,0.063611
-0.001958,0.229636,0.066190
-0.002513,0.232446,0.065350
0.000965,0.232628,0.064647
0.002162,0.230072,0.064236
0.001861,0.230203,0.064797
0.001785,0.231305,0.066429
0.005238,0.231392,0.065350
0.005477,0.230511,0.065004
0.006448,0.232193,0.065643
0.009509,0.231055,0.065575
0.012964,0.230455,0.064296
0.011529,0.229351,0.065309
0.011591,0.231442,0.065076
0.013300,0.231485,0.065337
0.015624,0.231164,0.063865
0.015758,0.231013,0.061548
0.018499,0.231778,0.063212
0.021749,0.230328,0.061894
0.022390,0.231357,0.061812
0.022675,0.233334,0.062279
0.023671,0.230228,0.062492
0.024891,0.230670,0.060512
0.027188,0.229887,0.059502
0.026662,0.231951,0.060800
0.029304,0.231666,0.060706
0.030364,0.230435,0.058705
0.031737,0.231040,0.060578
0.033419,0.231068,0.060017
0.033550,0.230540,0.060600
0.036513,0.229717,0.059218
0.038399,0.231499,0.059243
0.040031,0.229601,0.057880
0.040076,0.230975,0.059021
0.042230,0.230643,0.056483
0.042533,0.230692,0.057937
0.045466,0.231304,0.055791
0.045160,0.229760,0.055173
0.044293,0.231090,0.056428
0.048493,0.231438,0.056816
0.049525,0.231640,0.054279
0.051354,0.232733,0.053838
0.052917,0.231750,0.055175
0.052522,0.231216,0.053303
0.055825,0.232059,0.052943
0.057475,0.230381,0.053021
0.057790,0.233234,0.051710
0.060398,0.231076,0.052569
0.060077,0.231166,0.051437
0.061128,0.232341,0.052654
0.064025,0.232073,0.050765
0.064124,0.231655,0.051700
0.067281,0.231221,0.050003
0.067217,0.229344,0.048595
0.069511,0.230960,0.049092
0.068630,0.232950,0.051384
0.072622,0.231298,0.048041
0.073935,0.232066,0.047628
0.072563,0.231502,0.045093
0.074122,0.232773,0.047634
0.077915,0.230192,0.045905
0.078625,0.230856,0.046276
0.080756,0.231457,0.044751
0.082712,0.233321,0.040835
0.081504,0.231200,0.042579
0.085701,0.231993,0.041000
0.085235,0.232822,0.040395
0.086383,0.230286,0.039930
0.087512,0.231012,0.037341
0.090055,0.232382,0.038023
0.090334,0.230404,0.037733
0.091552,0.229436,0.037286
0.094527,0.231045,0.034564
0.096808,0.232826,0.035779
0.094580,0.232230,0.032625
0.096464,0.233681,0.029458
0.099643,0.232736,0.028464
0.101910,0.233486,0.026169
0.102696,0.231624,0.026557
0.102826,0.232554,0.023476
0.104397,0.232159,0.023722
0.105936,0.233077,0.018982
0.107210,0.233552,0.018156
0.110508,0.231645,0.016421
0.111349,0.233637,0.014331
0.110148,0.230833,0.010950
0.113786,0.232760,0.010462
0.115886,0.234655,0.008546
0.117444,0.231564,0.005416
0.118302,0.232214,0.003559
0.119332,0.232602,-0.001560
0.122152,0.233479,-0.002146
0.124037,0.233123,-0.006251
0.124424,0.234143,-0.010266
0.125360,0.233781,-0.013108
0.127574,0.233166,-0.018006
0.129353,0.232001,-0.023668
-0.101562,0.234524,0.000260
-0.099930,0.235268,0.004327
-0.100526,0.235224,0.008154
-0.096524,0.234874,0.014545
-0.095041,0.232699,0.015427
-0.093256,0.234721,0.016778
-0.091540,0.233088,0.021002
-0.090526,0.236272,0.022567
-0.088916,0.233554,0.025704
-0.088438,0.234495,0.028656
-0.085570,0.233192,0.027949
-0.083596,0.234717,0.030457
-0.082914,0.232714,0.032936
-0.082369,0.234081,0.034749
-0.081820,0.234268,0.034806
-0.079423,0.233415,0.035906
-0.077792,0.234061,0.036817
-0.075274,0.233284,0.038425
-0.073933,0.233545,0.039217
-0.070960,0.234317,0.042430
-0.072051,0.234356,0.042727
-0.070441,0.233070,0.043696
-0.067513,0.233855,0.044730
-0.066900,0.233340,0.046564
-0.067087,0.232564,0.045599
-0.064196,0.234376,0.047294
-0.063147,0.233032,0.047574
-0.062847,0.232170,0.050918
-0.061480,0.232974,0.049096
-0.058820,0.233211,0.049601
-0.059740,0.232191,0.053953
-0.057375,0.234395,0.050660
-0.053946,0.234149,0.051936
-0.053380,0.231721,0.054904
-0.053464,0.232339,0.054781
-0.050059,0.231223,0.055800
-0.050757,0.233487,0.054506
-0.047505,0.233735,0.057922
-0.045136,0.233183,0.056669
-0.046263,0.232316,0.057209
-0.043810,0.232922,0.058828
-0.042951,0.233152,0.057367
-0.041958,0.232458,0.059365
-0.039090,0.232120,0.059995
-0.037057,0.232842,0.061506
-0.035942,0.233899,0.060501
-0.035033,0.233169,0.062628
-0.034170,0.232908,0.059510
-0.031304,0.232051,0.061898
-0.030243,0.233904,0.059628
-0.030453,0.231366,0.061958
-0.028846,0.231247,0.062218
-0.026222,0.233934,0.061331
-0.026163,0.233300,0.064084
-0.024931,0.234169,0.064186
-0.022805,0.231616,0.063539
-0.019944,0.233055,0.063129
-0.020744,0.231202,0.065203
-0.019277,0.230150,0.064444
-0.016743,0.232442,0.065000
-0.018867,0.232302,0.064410
-0.014691,0.234364,0.065466
-0.014799,0.232991,0.064148
-0.011900,0.232615,0.065398
-0.010077,0.229903,0.066056
-0.011197,0.234253,0.066421
-0.010820,0.232397,0.066068
-0.006423,0.232602,0.065819
-0.004671,0.234677,0.067257
-0.005200,0.231895,0.066416
-0.005016,0.231617,0.066431
-0.000803,0.231253,0.064067
-0.001478,0.232757,0.067690
-0.000446,0.233171,0.065537
0.002667,0.231832,0.065151
0.000829,0.232182,0.065902
0.005391,0.233235,0.065125
0.005342,0.232648,0.065510
0.009184,0.232794,0.065024
0.010096,0.232147,0.066310
0.009471,0.233773,0.064240
0.010736,0.233530,0.065660
0.013318,0.233971,0.065040
0.014926,0.233524,0.064448
0.015574,0.232557,0.064192
0.016941,0.232439,0.061500
0.018706,0.233914,0.062639
0.021132,0.232246,0.062153
0.021708,0.233248,0.063017
0.022508,0.232340,0.062437
0.024989,0.231813,0.062603
0.024720,0.233173,0.063356
0.027191,0.232826,0.061375
0.028657,0.231841,0.060248
0.030602,0.233952,0.061596
0.029389,0.232280,0.059313
0.032962,0.231304,0.058803
0.033512,0.232873,0.060010
0.034677,0.234632,0.059887
0.035720,0.233314,0.057712
0.035498,0.234047,0.058493
0.035611,0.234490,0.059279
0.040825,0.231070,0.055997
0.039930,0.234001,0.057135
0.044309,0.232607,0.058299
0.044599,0.232307,0.057556
0.046070,0.232703,0.057674
0.045970,0.234508,0.056478
0.048261,0.232645,0.054214
0.052137,0.231845,0.054359
0.051927,0.233955,0.056604
0.053744,0.232915,0.054541
0.054484,0.234381,0.054307
0.054996,0.233398,0.054757
0.057166,0.233504,0.054126
0.057653,0.233624,0.054981
0.057151,0.232183,0.052755
0.061395,0.232628,0.050638
0.062185,0.232268,0.053001
0.065668,0.234782,0.052832
0.063807,0.234169,0.051954
0.067031,0.233418,0.051133
0.068928,0.233598,0.050812
0.068824,0.232442,0.049535
0.069771,0.234399,0.049921
0.072734,0.232724,0.047512
0.071861,0.233535,0.049179
0.075291,0.234206,0.048193
0.075770,0.232393,0.046890
0.076537,0.231324,0.045408
0.079392,0.233146,0.044063
0.081009,0.235445,0.045141
0.082968,0.233768,0.044478
0.082632,0.232038,0.042237
0.084601,0.232832,0.042368
0.085458,0.233445,0.039832
0.086227,0.233441,0.039730
0.089559,0.232912,0.038747
0.090539,0.232317,0.039870
0.089940,0.232802,0.037455
0.093666,0.232954,0.037851
0.094150,0.234886,0.036403
0.096382,0.233576,0.034629
0.096219,0.233803,0.032668
0.097968,0.232646,0.029076
0.100632,0.233724,0.027982
0.099006,0.235991,0.027352
0.102412,0.233508,0.025429
0.105977,0.233945,0.022740
0.105061,0.233498,0.021751
0.106459,0.233587,0.020607
0.108118,0.233877,0.017725
0.109226,0.236141,0.015284
0.111108,0.235470,0.014623
0.111410,0.235405,0.011240
0.112660,0.233935,0.009278
0.116142,0.235458,0.007808
0.117209,0.233541,0.005234
0.118760,0.234552,0.002716
0.119712,0.234902,0.002806
0.123299,0.234720,-0.004355
0.123401,0.235889,-0.007213
0.124016,0.234550,-0.009533
0.124905,0.234876,-0.012313
0.126675,0.236546,-0.020138
0.126967,0.238152,-0.023516
-0.104010,0.237366,-0.008000
-0.098466,0.234832,0.001221
-0.098658,0.236563,0.006117
-0.098283,0.235304,0.011133
-0.097375,0.235617,0.015314
-0.096389,0.236242,0.016912
-0.094679,0.237507,0.019971
-0.090643,0.236646,0.021274
-0.089547,0.236988,0.025355
-0.088681,0.236260,0.028585
-0.087415,0.237316,0.027241
-0.085191,0.234197,0.030276
-0.084867,0.235936,0.031278
-0.084178,0.235562,0.033599
-0.082373,0.233807,0.034983
-0.079049,0.234336,0.034762
-0.080176,0.234404,0.036589
-0.078169,0.234859,0.038889
-0.075763,0.234918,0.040596
-0.075379,0.234771,0.040677
-0.073141,0.235655,0.042221
-0.070933,0.234365,0.044196
-0.071883,0.233850,0.045625
-0.070739,0.234199,0.043187
-0.067610,0.233737,0.044682
-0.063846,0.235953,0.046744
-0.064056,0.234047,0.047825
-0.062493,0.233643,0.048588
-0.062481,0.234288,0.051073
-0.060672,0.233014,0.050177
-0.058787,0.235980,0.050901
-0.059196,0.234832,0.053248
-0.057198,0.233714,0.049817
-0.054598,0.233345,0.053257
-0.054359,0.234539,0.055203
-0.051784,0.235201,0.055016
-0.052674,0.235272,0.053943
-0.047333,0.235576,0.056623
-0.048184,0.234257,0.056075
-0.048101,0.233425,0.056207
-0.047644,0.236763,0.058509
-0.042623,0.234257,0.058833
-0.042282,0.234919,0.056641
-0.040410,0.235553,0.059903
-0.041880,0.234109,0.059450
-0.037120,0.235429,0.059766
-0.036566,0.235409,0.059824
-0.035632,0.232747,0.059709
-0.034156,0.233035,0.060801
-0.033094,0.235161,0.063479
-0.029713,0.234412,0.062541
-0.031193,0.232936,0.062465
-0.028072,0.232812,0.064000
-0.027598,0.234502,0.063016
-0.026899,0.235783,0.061676
-0.024444,0.234187,0.061481
-0.024201,0.233083,0.065160
-0.020584,0.234532,0.064742
-0.021190,0.235147,0.063681
-0.018822,0.235119,0.065706
-0.018964,0.233447,0.063833
-0.015408,0.234646,0.063956
-0.013376,0.233500,0.067454
-0.013638,0.236467,0.065103
-0.011491,0.235372,0.066136
-0.009632,0.234131,0.066294
-0.009591,0.234154,0.066672
-0.007506,0.235215,0.065393
-0.005341,0.236135,0.065204
-0.005176,0.234435,0.064842
-0.003742,0.235543,0.066892
-0.004032,0.235765,0.067088
-0.002609,0.234075,0.067463
0.001146,0.235503,0.065200
0.000141,0.233960,0.065980
0.001056,0.233627,0.066002
0.003711,0.235795,0.066041
0.004214,0.234260,0.065446
0.005280,0.232799,0.065403
0.007407,0.233986,0.066843
0.008700,0.233693,0.065476
0.010294,0.236302,0.065038
0.011314,0.234470,0.066293
0.012077,0.233455,0.065657
0.015698,0.233267,0.065387
0.015330,0.234690,0.063127
0.015822,0.234748,0.063132
0.020500,0.234505,0.065298
0.018523,0.234504,0.063020
0.020738,0.234004,0.061812
0.022242,0.233142,0.062621
0.023200,0.236184,0.061337
0.025343,0.233876,0.059882
0.026389,0.234874,0.062160
0.026648,0.233127,0.061463
0.028123,0.234288,0.061870
0.029726,0.233474,0.060801
0.031909,0.235683,0.059456
0.034805,0.233861,0.060994
0.034598,0.233819,0.058770
0.036070,0.232601,0.059158
0.039419,0.233557,0.057656
0.038246,0.235510,0.058569
0.041580,0.233610,0.058477
0.042874,0.235396,0.056987
0.043737,0.232606,0.057404
0.044555,0.234096,0.055632
0.045967,0.232421,0.055843
0.048411,0.233811,0.057141
0.048483,0.234776,0.055391
0.049764,0.235538,0.054101
0.049337,0.234923,0.054994
0.052530,0.234408,0.055076
0.056682,0.234465,0.055648
0.054291,0.232208,0.053306
0.056716,0.235110,0.053450
0.057884,0.233675,0.052728
0.059251,0.235023,0.053550
0.061334,0.235900,0.052831
0.062665,0.235310,0.050708
0.064132,0.235087,0.051076
0.064463,0.235356,0.052403
0.067178,0.234561,0.051914
0.067244,0.233166,0.050079
0.068149,0.234194,0.047663
0.070005,0.234296,0.049115
0.070598,0.233487,0.048799
0.072926,0.236773,0.047274
0.075553,0.234914,0.048573
0.075537,0.234314,0.049220
0.076230,0.235218,0.045532
0.078949,0.236992,0.045414
0.079756,0.235494,0.046636
0.080070,0.233632,0.041698
0.084582,0.235455,0.043633
0.084162,0.235338,0.042483
0.085764,0.236853,0.042291
0.087188,0.235282,0.039654
0.088826,0.232677,0.037978
0.088434,0.235447,0.038993
0.089060,0.233976,0.037890
0.092709,0.235144,0.035200
0.093188,0.233863,0.035994
0.095848,0.237541,0.033881
0.095985,0.236472,0.031941
0.097620,0.235620,0.031224
0.100051,0.235489,0.030166
0.098645,0.235246,0.027194
0.103879,0.234620,0.026120
0.103284,0.235951,0.024261
0.104297,0.235094,0.021805
0.106298,0.238117,0.020675
0.108751,0.236135,0.019675
0.110022,0.235204,0.018152
0.111984,0.236490,0.015426
0.112113,0.235941,0.012850
0.112427,0.235723,0.008916
0.114605,0.237215,0.008329
0.117120,0.236252,0.006815
0.119130,0.235931,0.003785
0.120657,0.235882,0.001367
0.121331,0.236325,-0.002504
0.122415,0.236358,-0.007059
0.124565,0.237430,-0.009887
0.126225,0.235916,-0.013668
0.128420,0.237641,-0.017833
0.128994,0.236206,-0.025984
-0.102003,0.235788,0.001236
-0.100577,0.238138,0.003848
-0.099949,0.237888,0.010384
-0.097240,0.237177,0.014137
-0.096290,0.236944,0.015377
-0.095937,0.235985,0.018747
-0.093954,0.237107,0.019171
-0.092505,0.236235,0.022717
-0.089821,0.238350,0.026496
-0.089306,0.235336,0.025962
-0.089040,0.237011,0.028126
-0.085877,0.235511,0.029510
-0.082705,0.238198,0.031491
-0.082915,0.237166,0.033456
-0.081143,0.236059,0.034935
-0.079249,0.237060,0.035291
-0.078029,0.237663,0.037859
-0.076881,0.236437,0.040161
-0.077728,0.233065,0.039593
-0.074605,0.234776,0.043127
-0.073383,0.234830,0.043776
-0.073275,0.232350,0.042066
-0.070531,0.237409,0.043070
-0.069516,0.237682,0.045491
-0.067491,0.236619,0.045571
-0.065628,0.236624,0.047844
-0.066062,0.234752,0.048142
-0.063729,0.236759,0.051895
-0.060942,0.235873,0.049173
-0.060094,0.236886,0.051059
-0.059911,0.235136,0.051338
-0.057587,0.237448,0.051913
-0.055516,0.236946,0.054186
-0.054472,0.237349,0.053474
-0.052887,0.237116,0.051510
-0.053187,0.237140,0.054010
-0.050854,0.236291,0.055813
-0.049704,0.235328,0.058197
-0.048164,0.237744,0.056574
-0.047476,0.237447,0.056083
-0.045337,0.234356,0.058582
-0.043206,0.234277,0.057126
-0.043711,0.234750,0.059986
-0.043098,0.235742,0.057443
-0.039550,0.236560,0.059914
-0.038644,0.236665,0.061647
-0.037042,0.237738,0.059669
-0.035645,0.236606,0.060821
-0.036603,0.237225,0.062309
-0.033803,0.236935,0.062050
-0.031114,0.236385,0.061003
-0.029291,0.235528,0.063415
-0.028187,0.235279,0.061772
-0.028151,0.234396,0.062787
-0.025272,0.235560,0.062101
-0.025391,0.235876,0.063931
-0.024249,0.235907,0.064036
-0.020624,0.235624,0.062841
-0.021828,0.233982,0.063594
-0.020550,0.235284,0.065609
-0.018815,0.237766,0.064414
-0.018246,0.235807,0.064598
-0.016430,0.235166,0.065060
-0.013601,0.234657,0.064384
-0.012708,0.232818,0.064109
-0.011328,0.235130,0.067067
-0.010100,0.234963,0.066279
-0.008752,0.234951,0.065685
-0.008413,0.235804,0.065676
-0.004005,0.235786,0.067711
-0.006175,0.234295,0.066534
-0.003690,0.236007,0.068732
-0.001541,0.235784,0.067250
0.002387,0.235629,0.066109
0.000099,0.237186,0.065159
0.001521,0.235140,0.064939
0.003457,0.235032,0.067439
0.005600,0.236210,0.065484
0.006195,0.234652,0.064689
0.007945,0.236444,0.064293
0.010097,0.235159,0.065189
0.011019,0.236994,0.066148
0.010678,0.233115,0.065659
0.011872,0.236118,0.065537
0.013917,0.238247,0.065217
0.016898,0.235052,0.063640
0.015300,0.234721,0.064376
0.018855,0.237474,0.063469
0.019466,0.236644,0.062962
0.019922,0.235470,0.063313
0.022669,0.237166,0.062564
0.024875,0.234209,0.062494
0.024007,0.235131,0.062850
0.028072,0.235603,0.060955
0.027691,0.235040,0.061714
0.029764,0.235676,0.061125
0.031726,0.234261,0.059582
0.033316,0.235017,0.059207
0.032686,0.235412,0.059420
0.034963,0.236565,0.060186
0.036204,0.237082,0.059015
0.039559,0.234413,0.059323
0.037113,0.238397,0.058588
0.040883,0.236124,0.058549
0.042929,0.235854,0.056166
0.043277,0.236538,0.055096
0.042961,0.236371,0.058986
0.044877,0.235416,0.055597
0.045946,0.238087,0.055353
0.048550,0.235747,0.055236
0.050437,0.234373,0.053760
0.050726,0.235095,0.055051
0.052135,0.236126,0.054558
0.052171,0.237039,0.054007
0.055173,0.235948,0.053161
0.055455,0.236587,0.052571
0.057959,0.235759,0.053674
0.059260,0.236489,0.052710
0.060047,0.235292,0.052157
0.062010,0.236229,0.051282
0.062980,0.235147,0.050322
0.064558,0.236486,0.050886
0.065530,0.238196,0.050216
0.068521,0.236783,0.049505
0.069215,0.236199,0.049781
0.068697,0.236981,0.049123
0.072006,0.236341,0.047697
0.071713,0.236075,0.048876
0.075076,0.237326,0.046614
0.073188,0.237207,0.049556
0.076484,0.236285,0.045267
0.079083,0.235018,0.044645
0.078788,0.238716,0.045839
0.081457,0.236073,0.045281
0.082643,0.235702,0.042314
0.086282,0.236951,0.042888
0.086283,0.237244,0.041907
0.086592,0.236667,0.041703
0.086905,0.238545,0.040731
0.089277,0.238091,0.038175
0.090445,0.238295,0.038283
0.092229,0.236209,0.037029
0.092888,0.237381,0.037246
0.096850,0.236716,0.033691
0.096519,0.236575,0.032141
0.099278,0.236921,0.032074
0.100448,0.237939,0.030834
0.100056,0.236978,0.026720
0.103875,0.235924,0.024123
0.104800,0.237937,0.024007
0.104547,0.236587,0.023274
0.106181,0.237297,0.020394
0.107491,0.238909,0.019685
0.109025,0.237068,0.015609
0.111327,0.237473,0.013968
0.112688,0.236337,0.014235
0.113629,0.237658,0.011024
0.116523,0.237533,0.007014
0.118015,0.237082,0.004845
0.119015,0.237098,0.002969
0.119954,0.237785,0.000343
0.123030,0.239363,-0.005159
0.121721,0.235685,-0.007040
0.125264,0.235861,-0.011405
0.126346,0.239838,-0.014311
0.125958,0.238523,-0.022286
0.129615,0.239480,-0.026420
-0.105349,0.240608,-0.008522
-0.101747,0.238551,0.004583
-0.100630,0.238195,0.007975
-0.097803,0.238679,0.010041
-0.096753,0.239179,0.013519
-0.097230,0.239941,0.017311
-0.095032,0.240698,0.019053
-0.093730,0.239230,0.023573
-0.091158,0.240787,0.023747
-0.089903,0.238280,0.024617
-0.088979,0.239006,0.027610
-0.088394,0.238638,0.030321
-0.087267,0.238683,0.031133
-0.083884,0.239503,0.032994
-0.083259,0.237075,0.033189
-0.080889,0.237466,0.036048
-0.082171,0.237865,0.036928
-0.077989,0.238576,0.038200
-0.077194,0.237181,0.039078
-0.075623,0.238654,0.041058
-0.074563,0.237304,0.040473
-0.072917,0.238550,0.042732
-0.071885,0.237628,0.043428
-0.071257,0.237210,0.044228
-0.068270,0.237842,0.045738
-0.068223,0.237990,0.046294
-0.066164,0.236587,0.046166
-0.064317,0.236365,0.047758
-0.061793,0.239411,0.049470
-0.061395,0.237434,0.049619
-0.060370,0.237147,0.049790
-0.059540,0.238523,0.051811
-0.059150,0.237421,0.050911
-0.057128,0.239902,0.052249
-0.055329,0.236565,0.053054
-0.053157,0.237739,0.054528
-0.052620,0.236810,0.053922
-0.049707,0.237815,0.053936
-0.048748,0.238234,0.056065
-0.046452,0.237858,0.056269
-0.047585,0.236932,0.057371
-0.044095,0.236667,0.058267
-0.044581,0.238245,0.057391
-0.041800,0.236381,0.057313
-0.042235,0.237031,0.058680
-0.038641,0.237140,0.060132
-0.038563,0.237778,0.060369
-0.036048,0.239303,0.059240
-0.037095,0.235492,0.060867
-0.035414,0.236738,0.059994
-0.034734,0.235413,0.062484
-0.031112,0.236298,0.060787
-0.029166,0.239156,0.060398
-0.027720,0.237544,0.062698
-0.027646,0.238431,0.064762
-0.026709,0.237022,0.062703
-0.023247,0.238345,0.063417
-0.023915,0.236208,0.061984
-0.022820,0.236457,0.063220
-0.021537,0.236338,0.063746
-0.019538,0.237854,0.066883
-0.016842,0.236272,0.064301
-0.016397,0.237840,0.064165
-0.015368,0.236486,0.066496
-0.013031,0.237812,0.065523
-0.013912,0.236681,0.064916
-0.011814,0.239262,0.065256
-0.011434,0.236422,0.065364
-0.009873,0.236313,0.064540
-0.006891,0.238086,0.066248
-0.007033,0.237426,0.065419
-0.004492,0.236375,0.065545
-0.003821,0.238083,0.067592
0.000577,0.238656,0.066596
-0.000186,0.237777,0.065049
-0.000069,0.235474,0.065785
0.002528,0.237395,0.066374
0.005104,0.237103,0.066874
0.004390,0.237290,0.064699
0.005488,0.238420,0.067536
0.006143,0.236106,0.065609
0.009336,0.236367,0.066576
0.010479,0.236631,0.066268
0.010796,0.237042,0.065271
0.013290,0.238767,0.063911
0.015626,0.235960,0.064932
0.016358,0.235500,0.064973
0.016389,0.235898,0.063890
0.018146,0.235725,0.065059
0.018964,0.238066,0.062889
0.021391,0.236797,0.061751
0.023010,0.238109,0.062048
0.024041,0.237070,0.064559
0.025777,0.238254,0.062939
0.026273,0.238280,0.060714
0.028756,0.239041,0.062362
0.029225,0.235998,0.057280
0.030352,0.236890,0.059952
0.030961,0.237476,0.059779
0.034587,0.238378,0.057207
0.034695,0.236783,0.058030
0.038091,0.238769,0.059912
0.036275,0.236847,0.058908
0.039135,0.238362,0.057753
0.040587,0.236846,0.057277
0.040826,0.237817,0.057153
0.042996,0.235608,0.058202
0.043269,0.238091,0.055418
0.045279,0.238742,0.056865
0.047710,0.238578,0.056731
0.048650,0.239840,0.055786
0.049152,0.236692,0.055245
0.051060,0.237714,0.055463
0.053992,0.239212,0.054010
0.053263,0.236983,0.053642
0.056485,0.237276,0.054544
0.056119,0.237704,0.052880
0.056276,0.239663,0.050966
0.059699,0.237723,0.051906
0.059867,0.237184,0.051533
0.061525,0.239394,0.050262
0.065368,0.238015,0.052333
0.063641,0.237093,0.050153
0.066153,0.237933,0.049671
0.067980,0.238562,0.052152
0.069894,0.237869,0.048029
0.068588,0.239743,0.048918
0.071583,0.236427,0.048712
0.072889,0.237841,0.048400
0.075834,0.239022,0.047155
0.074301,0.236161,0.046308
0.077432,0.236783,0.046298
0.077899,0.238481,0.045885
0.080210,0.236725,0.047070
0.081409,0.237748,0.043980
0.081205,0.238249,0.042875
0.084798,0.239176,0.044342
0.085770,0.236441,0.043533
0.085294,0.236706,0.041625
0.088284,0.238105,0.038984
0.089397,0.238074,0.038795
0.090978,0.238028,0.036387
0.091588,0.237248,0.036545
0.096026,0.238110,0.035515
0.095487,0.238446,0.034803
0.094837,0.236463,0.034031
0.098133,0.238260,0.030707
0.100811,0.238566,0.029230
0.100491,0.237475,0.028397
0.102077,0.238901,0.025773
0.103113,0.238450,0.024238
0.105052,0.239289,0.022988
0.107038,0.238992,0.020714
0.107118,0.237904,0.017106
0.110021,0.238540,0.016171
0.111899,0.238957,0.014776
0.111569,0.239823,0.010523
0.113295,0.240701,0.010752
0.116123,0.241333,0.008748
0.116639,0.239182,0.004682
0.117265,0.239210,0.004004
0.119636,0.237914,-0.000248
0.122261,0.239041,-0.002895
0.122642,0.240305,-0.007493
0.123469,0.239592,-0.008050
0.126652,0.239584,-0.014772
0.126731,0.241253,-0.021538
-0.104419,0.240871,-0.002108
-0.103269,0.240529,0.002374
-0.099850,0.241090,0.009357
-0.098461,0.240297,0.014939
-0.099668,0.240683,0.016729
-0.094325,0.241280,0.019412
-0.094678,0.241307,0.021352
-0.093543,0.239862,0.023984
-0.091551,0.241184,0.026144
-0.090425,0.239012,0.028097
-0.088609,0.239871,0.027096
-0.088417,0.239483,0.031110
-0.084217,0.239565,0.032049
-0.082608,0.240720,0.033668
-0.082947,0.241546,0.035310
-0.082852,0.239464,0.035501
-0.080455,0.240422,0.036771
-0.078726,0.237376,0.038239
-0.078290,0.239604,0.039959
-0.075737,0.239220,0.041125
-0.073450,0.238130,0.043007
-0.072453,0.241873,0.043360
-0.071017,0.237559,0.044169
-0.070867,0.240572,0.044904
-0.068992,0.239987,0.046132
-0.067320,0.238331,0.046743
-0.066123,0.239988,0.048753
-0.065031,0.239024,0.048812
-0.061122,0.237817,0.048523
-0.062699,0.237756,0.049614
-0.060205,0.240334,0.052541
-0.059673,0.240728,0.052715
-0.056527,0.239209,0.053593
-0.056837,0.238451,0.051908
-0.053988,0.238213,0.053868
-0.053208,0.239705,0.053863
-0.051475,0.238556,0.054893
-0.050540,0.239326,0.055268
-0.047972,0.239688,0.058167
-0.050141,0.238500,0.055493
-0.047684,0.239580,0.056431
-0.045358,0.238529,0.057275
-0.043627,0.238729,0.058699
-0.043000,0.238799,0.058628
-0.042865,0.238989,0.057858
-0.039474,0.241089,0.058606
-0.039425,0.240147,0.059404
-0.037311,0.239399,0.060519
-0.034154,0.238683,0.061111
-0.034055,0.239156,0.061142
-0.032432,0.239055,0.061996
-0.032775,0.240137,0.062144
-0.029795,0.238026,0.063360
-0.030858,0.238520,0.062616
-0.028504,0.238352,0.063290
-0.028377,0.239009,0.061946
-0.025115,0.237503,0.063145
-0.023877,0.238364,0.061418
-0.022004,0.238468,0.064212
-0.020303,0.237428,0.065319
-0.019758,0.237695,0.063867
-0.018901,0.238377,0.063765
-0.015432,0.239616,0.062659
-0.014494,0.239451,0.064791
-0.013611,0.239973,0.064960
-0.012364,0.240006,0.065752
-0.010297,0.239919,0.066131
-0.010291,0.239631,0.066248
-0.009413,0.237880,0.066934
-0.006324,0.237787,0.064857
-0.007302,0.238860,0.065294
-0.006484,0.239415,0.068283
-0.003539,0.236680,0.066105
-0.001197,0.239703,0.067742
0.000797,0.239818,0.067844
0.001573,0.237557,0.065281
0.003648,0.239624,0.065155
0.003986,0.237998,0.067163
0.002631,0.237962,0.066865
0.004495,0.239053,0.066453
0.009821,0.239667,0.065401
0.008366,0.239435,0.065565
0.009560,0.238453,0.066069
0.010786,0.239326,0.064475
0.013308,0.235940,0.066028
0.014379,0.237721,0.065880
0.014709,0.239829,0.065126
0.017853,0.238882,0.065595
0.018878,0.238936,0.062224
0.020959,0.238251,0.064168
0.022555,0.236695,0.062762
0.022765,0.240053,0.063961
0.024131,0.239073,0.062795
0.023883,0.239007,0.062787
0.026461,0.237992,0.064018
0.027890,0.239396,0.060256
0.030545,0.238221,0.059793
0.032027,0.237569,0.058624
0.031366,0.239897,0.059577
0.031549,0.239739,0.059739
0.034080,0.240144,0.058774
0.037265,0.239282,0.059637
0.036263,0.239391,0.058677
0.037328,0.239249,0.057752
0.041206,0.237592,0.057393
0.042619,0.238366,0.056267
0.043412,0.238979,0.058199
0.043744,0.239209,0.054485
0.045084,0.239156,0.055133
0.047237,0.239463,0.056444
0.048826,0.240313,0.055955
0.048782,0.239995,0.054421
0.052467,0.236900,0.054477
0.052342,0.239672,0.056396
0.052411,0.238782,0.054399
0.056902,0.238895,0.053912
0.056239,0.238875,0.053781
0.059181,0.237735,0.052208
0.059768,0.239455,0.054636
0.061459,0.239443,0.053436
0.062181,0.239783,0.051737
0.064551,0.240492,0.051830
0.063513,0.240032,0.051735
0.065697,0.239746,0.049896
0.068305,0.239822,0.049355
0.069494,0.240806,0.049975
0.070434,0.237618,0.048256
0.070988,0.240491,0.047334
0.073531,0.237538,0.048148
0.075378,0.239537,0.048573
0.075402,0.241514,0.048001
0.077919,0.238983,0.045008
0.079763,0.239095,0.046037
0.078917,0.238173,0.045810
0.080799,0.239693,0.045072
0.083384,0.241115,0.043503
0.083685,0.240375,0.043865
0.085917,0.239084,0.040428
0.087137,0.239643,0.039445
0.087658,0.239711,0.040374
0.090341,0.239091,0.037638
0.090165,0.238240,0.038779
0.092620,0.241238,0.037120
0.095517,0.241538,0.036107
0.095448,0.239355,0.033359
0.096293,0.240572,0.031433
0.097676,0.239380,0.030259
0.098496,0.239413,0.031453
0.098945,0.238847,0.028052
0.102173,0.240464,0.026907
0.106099,0.240474,0.024557
0.105880,0.241279,0.024882
0.107342,0.241290,0.020592
0.108402,0.239473,0.018595
0.109714,0.241369,0.016137
0.110495,0.241026,0.016434
0.112792,0.241097,0.014043
0.113462,0.240370,0.012277
0.116548,0.241181,0.010048
0.117033,0.240666,0.005908
0.117870,0.240663,0.001612
0.119333,0.244023,-0.000017
0.122364,0.241537,-0.003906
0.122608,0.241426,-0.007868
0.124126,0.241018,-0.009332
0.125351,0.240003,-0.014209
0.124231,0.242975,-0.022113
-0.104986,0.243411,-0.010326
-0.102220,0.242912,0.002561
-0.101422,0.244051,0.006130
-0.098104,0.244084,0.010488
-0.099095,0.242997,0.013750
-0.097468,0.242907,0.016732
-0.095691,0.242345,0.018848
-0.094021,0.241439,0.021861
-0.093510,0.242629,0.024745
-0.090440,0.240519,0.026985
-0.089005,0.242080,0.028678
-0.089418,0.241675,0.029465
-0.087371,0.242159,0.032027
-0.085755,0.240845,0.033639
-0.084557,0.240882,0.033859
-0.082900,0.240133,0.035310
-0.081041,0.240620,0.035612
-0.079973,0.242552,0.038168
-0.078595,0.241065,0.039501
-0.077069,0.242430,0.038693
-0.076790,0.241269,0.040255
-0.075794,0.241151,0.043672
-0.073642,0.239995,0.044173
-0.071041,0.241537,0.043898
-0.070260,0.240484,0.045936
-0.068923,0.239785,0.045739
-0.069313,0.241789,0.047749
-0.066660,0.240466,0.049825
-0.063946,0.239842,0.049923
-0.063684,0.241602,0.048669
-0.061931,0.241905,0.050624
-0.060254,0.241062,0.051366
-0.058638,0.240193,0.050699
-0.058301,0.241962,0.052643
-0.056180,0.241914,0.051371
-0.055481,0.240091,0.053664
-0.052428,0.239812,0.056042
-0.052569,0.241620,0.055789
-0.050835,0.241322,0.054889
-0.048661,0.241641,0.054597
-0.047602,0.240696,0.056631
-0.047121,0.238554,0.055753
-0.047208,0.240395,0.057687
-0.044541,0.241028,0.057938
-0.040842,0.240403,0.059741
-0.042093,0.240935,0.057619
-0.040503,0.241280,0.057839
-0.039691,0.239247,0.061414
-0.037100,0.239690,0.060328
-0.036593,0.240153,0.061045
-0.032773,0.242690,0.061167
-0.033582,0.241070,0.061219
-0.031264,0.240790,0.062962
-0.030005,0.241288,0.063102
-0.027438,0.240451,0.062488
-0.028098,0.242169,0.062154
-0.025886,0.240173,0.063535
-0.024613,0.241340,0.063473
-0.022778,0.240276,0.064368
-0.020847,0.241281,0.065041
-0.020401,0.241325,0.065371
-0.019010,0.239759,0.064459
-0.018023,0.239289,0.067443
-0.016628,0.240143,0.063460
-0.016514,0.240475,0.064522
-0.014104,0.241523,0.064003
-0.013184,0.239741,0.065919
-0.009905,0.240805,0.066157
-0.011136,0.238818,0.066360
-0.008578,0.240268,0.066706
-0.007353,0.239935,0.066557
-0.007708,0.239015,0.066053
-0.002007,0.240023,0.067226
-0.001896,0.239952,0.067228
-0.000786,0.238415,0.066914
0.001617,0.241745,0.067546
0.002982,0.240625,0.065774
0.002424,0.238926,0.067096
0.004580,0.241814,0.067701
0.005327,0.240276,0.066353
0.007546,0.238911,0.066714
0.007633,0.239729,0.065773
0.009173,0.241691,0.065898
0.010344,0.240972,0.064757
0.010823,0.240216,0.067071
0.010860,0.241505,0.066506
0.013242,0.241637,0.062554
0.015859,0.240210,0.063461
0.017767,0.239196,0.064341
0.019758,0.238290,0.064980
0.020146,0.239463,0.065574
0.022916,0.239425,0.061720
0.022130,0.240164,0.061788
0.023754,0.241827,0.062519
0.027542,0.240229,0.060998
0.026808,0.239788,0.060475
0.029168,0.239152,0.062899
0.030534,0.242151,0.058988
0.030998,0.240181,0.062050
0.032354,0.242185,0.059398
0.034650,0.242138,0.060122
0.037284,0.240493,0.058417
0.035168,0.239539,0.058207
0.036556,0.240778,0.059215
0.037331,0.242579,0.057930
0.040339,0.240791,0.058247
0.043201,0.239362,0.056284
0.042918,0.239394,0.056623
0.044081,0.242097,0.057590
0.046246,0.241459,0.054778
0.048237,0.238819,0.056127
0.050125,0.243065,0.055723
0.049729,0.242270,0.057011
0.050134,0.239707,0.055336
0.051012,0.241438,0.055761
0.054584,0.240940,0.056286
0.053352,0.240369,0.054315
0.055177,0.240557,0.054600
0.056632,0.241591,0.052928
0.057766,0.240074,0.052906
0.060312,0.239808,0.051524
0.062163,0.241315,0.051838
0.065691,0.242430,0.050178
0.065495,0.241292,0.051754
0.067701,0.241871,0.050790
0.066301,0.241324,0.051664
0.068721,0.237544,0.049796
0.070875,0.241635,0.049241
0.072465,0.240544,0.047897
0.072748,0.239968,0.045606
0.074011,0.241117,0.046841
0.075101,0.240769,0.046092
0.076307,0.243456,0.046689
0.079858,0.239857,0.046202
0.078995,0.243589,0.045903
0.082746,0.240129,0.044664
0.082307,0.241650,0.042557
0.083040,0.240206,0.042842
0.085244,0.241369,0.043021
0.086456,0.240242,0.040734
0.090570,0.241470,0.039173
0.090973,0.239855,0.038049
0.088902,0.240080,0.036244
0.093217,0.240905,0.036003
0.093589,0.242018,0.036069
0.095482,0.239744,0.035191
0.096060,0.241222,0.032355
0.098667,0.240362,0.031998
0.099860,0.241982,0.030253
0.099691,0.242540,0.027459
0.104380,0.241776,0.027891
0.102289,0.242601,0.025433
0.104689,0.242606,0.024466
0.108913,0.240869,0.020878
0.109439,0.241249,0.018297
0.109486,0.242625,0.016295
0.111027,0.241833,0.015036
0.112570,0.242725,0.013552
0.112523,0.242464,0.010223
0.114435,0.242731,0.007378
0.116508,0.242280,0.005205
0.120732,0.243147,0.003169
0.121579,0.242200,-0.001957
0.121004,0.241227,-0.004129
0.120570,0.244011,-0.007202
0.124530,0.242902,-0.011795
0.127411,0.244039,-0.014772
0.126869,0.243556,-0.022037
-0.106420,0.245746,-0.004189
-0.103326,0.244559,0.003314
-0.103301,0.242097,0.007627
-0.101348,0.245045,0.012318
-0.099859,0.244052,0.013152
-0.097579,0.241913,0.020422
-0.097020,0.245342,0.021109
-0.094278,0.241709,0.021972
-0.093065,0.244918,0.024977
-0.092852,0.243262,0.028755
-0.089463,0.241870,0.027015
-0.089522,0.243778,0.029449
-0.087443,0.243797,0.031968
-0.085548,0.242427,0.033830
-0.085391,0.243065,0.034686
-0.082648,0.244433,0.036851
-0.080818,0.243326,0.038498
-0.080462,0.243875,0.040663
-0.079596,0.242217,0.039459
-0.077829,0.243977,0.040808
-0.075950,0.242592,0.041129
-0.073522,0.242890,0.045033
-0.070744,0.242759,0.044830
-0.072648,0.241050,0.043995
-0.070800,0.242000,0.046108
-0.070321,0.243003,0.048032
-0.066928,0.244100,0.048300
-0.064146,0.241090,0.049480
-0.066098,0.242665,0.048922
-0.064259,0.241717,0.049454
-0.060649,0.241593,0.050750
-0.059656,0.240554,0.052456
-0.056802,0.244144,0.052735
-0.057278,0.241876,0.051918
-0.057680,0.242340,0.053385
-0.055049,0.240888,0.056133
-0.055989,0.242811,0.055326
-0.052094,0.242261,0.058042
-0.050492,0.245203,0.056781
-0.049348,0.240165,0.056291
-0.047503,0.241663,0.057506
-0.047165,0.242415,0.057719
-0.044572,0.241605,0.057713
-0.043880,0.243194,0.058529
-0.042588,0.240799,0.057926
-0.041756,0.241506,0.059940
-0.038966,0.242363,0.059565
-0.038267,0.240219,0.061818
-0.038001,0.242841,0.060054
-0.035388,0.243071,0.059864
-0.033238,0.243561,0.061001
-0.032180,0.241583,0.061001
-0.031964,0.241817,0.060206
-0.030637,0.242109,0.060856
-0.027439,0.241036,0.061745
-0.025673,0.241475,0.063651
-0.026240,0.244446,0.063886
-0.025297,0.242263,0.062952
-0.023917,0.242592,0.062649
-0.023414,0.239840,0.061294
-0.020669,0.242569,0.062469
-0.019757,0.241512,0.064814
-0.016470,0.241212,0.063747
-0.015848,0.242747,0.064471
-0.016770,0.241408,0.063645
-0.013471,0.241325,0.065163
-0.012965,0.243580,0.066017
-0.011572,0.242584,0.065222
-0.009834,0.241778,0.064336
-0.009049,0.243573,0.066068
-0.007620,0.240277,0.066258
-0.005102,0.241068,0.066941
-0.006153,0.240522,0.066154
-0.002399,0.242260,0.067530
0.000077,0.242111,0.066561
-0.000722,0.241900,0.067151
0.000254,0.241089,0.066500
0.001505,0.239641,0.064833
0.003003,0.238772,0.065039
0.005145,0.241892,0.065839
0.006470,0.243075,0.065468
0.007556,0.242866,0.065564
0.006689,0.241925,0.065303
0.009573,0.241868,0.065080
0.012225,0.242255,0.065137
0.013254,0.243668,0.064971
0.014849,0.241001,0.062990
0.014149,0.242444,0.063901
0.017821,0.241669,0.063392
0.019612,0.239993,0.062367
0.021022,0.241949,0.062486
0.021349,0.242049,0.062875
0.023575,0.242635,0.063486
0.024177,0.241268,0.061350
0.025800,0.242442,0.061790
0.026003,0.240263,0.060628
0.027608,0.243015,0.062220
0.028579,0.243325,0.061040
0.031119,0.241876,0.059030
0.032818,0.242260,0.058016
0.033304,0.240892,0.059660
0.035534,0.242614,0.059026
0.035188,0.240547,0.058473
0.036260,0.241687,0.059708
0.039384,0.241469,0.057769
0.042228,0.242612,0.057387
0.043034,0.240755,0.058185
0.043416,0.240305,0.058273
0.045111,0.242063,0.057639
0.046443,0.240650,0.056118
0.047886,0.242523,0.054730
0.050005,0.241885,0.055378
0.049398,0.242177,0.056141
0.051704,0.241929,0.054893
0.052160,0.242689,0.053843
0.054106,0.240438,0.055665
0.054866,0.242063,0.054971
0.057596,0.241537,0.054052
0.058719,0.242299,0.054596
0.059584,0.242516,0.053583
0.062062,0.242594,0.052482
0.063222,0.240914,0.053080
0.064680,0.242071,0.052877
0.064321,0.242620,0.051492
0.065983,0.243157,0.049974
0.069199,0.243365,0.050755
0.069397,0.241205,0.048608
0.071396,0.242705,0.049468
0.070619,0.243219,0.047930
0.071929,0.244950,0.047501
0.075396,0.242879,0.049163
0.075330,0.244085,0.046871
0.077749,0.241557,0.045983
0.078029,0.244452,0.046068
0.080460,0.243478,0.044762
0.083398,0.242651,0.046210
0.081758,0.241562,0.044517
0.084045,0.242538,0.040743
0.087601,0.242673,0.041518
0.086214,0.244250,0.041035
0.086848,0.241908,0.040081
0.089625,0.244272,0.040052
0.091916,0.242638,0.036691
0.093675,0.243687,0.037292
0.094255,0.243093,0.034526
0.095557,0.241367,0.033737
0.097138,0.242444,0.032827
0.097382,0.241705,0.032172
0.098036,0.243020,0.029228
0.103037,0.243447,0.029265
0.102390,0.244212,0.025931
0.103615,0.242398,0.024653
0.106833,0.242639,0.024255
0.107684,0.242757,0.021633
0.107391,0.244104,0.020439
0.108309,0.244813,0.017187
0.111895,0.245409,0.015567
0.111105,0.244139,0.013760
0.113478,0.243316,0.010987
0.115120,0.244762,0.005926
0.117616,0.244687,0.002094
0.116180,0.244698,0.002496
0.118436,0.242534,-0.001343
0.121576,0.245074,-0.004914
0.123383,0.245632,-0.008159
0.124274,0.244661,-0.011414
0.125884,0.244112,-0.015276
0.126805,0.244390,-0.022375
-0.106472,0.244919,-0.010009
-0.107244,0.245326,-0.000556
-0.102713,0.246058,0.006236
-0.101247,0.245538,0.009897
-0.100498,0.245381,0.013801
-0.099259,0.245573,0.018872
-0.098868,0.244041,0.019819
-0.098017,0.244321,0.022145
-0.095870,0.245987,0.022685
-0.090702,0.245478,0.026478
-0.090629,0.245201,0.028667
-0.089252,0.245500,0.029855
-0.088566,0.244717,0.031410
-0.086421,0.244188,0.033771
-0.085870,0.243552,0.035660
-0.083415,0.243257,0.035431
-0.082727,0.243967,0.036737
-0.081703,0.243946,0.038384
-0.079044,0.243562,0.038930
-0.077162,0.243989,0.041378
-0.078076,0.246073,0.042450
-0.076219,0.243117,0.043849
-0.075062,0.242939,0.044227
-0.072886,0.244853,0.045818
-0.072050,0.246252,0.046440
-0.070792,0.243233,0.046318
-0.067523,0.243697,0.048177
-0.066199,0.243288,0.048295
-0.064574,0.244011,0.049020
-0.064185,0.243891,0.050038
-0.062818,0.244531,0.049779
-0.061584,0.244477,0.052399
-0.062683,0.242909,0.050641
-0.058951,0.243652,0.053471
-0.058108,0.244147,0.053463
-0.055872,0.243870,0.056233
-0.054178,0.242843,0.054807
-0.054098,0.243122,0.056219
-0.052343,0.242487,0.056283
-0.050477,0.242362,0.056880
-0.048458,0.243121,0.055444
-0.047508,0.245457,0.058910
-0.047329,0.244538,0.059573
-0.044425,0.243427,0.058090
-0.043702,0.245350,0.060475
-0.041790,0.243570,0.060312
-0.040728,0.244045,0.059589
-0.041018,0.244331,0.061231
-0.037845,0.244723,0.057716
-0.036712,0.244285,0.059091
-0.034965,0.245049,0.062184
-0.035397,0.243806,0.060062
-0.032154,0.242378,0.061792
-0.032312,0.245243,0.061689
-0.029803,0.244402,0.061686
-0.028300,0.244222,0.062803
-0.027379,0.241897,0.061907
-0.026278,0.242106,0.062297
-0.023986,0.245267,0.061878
-0.023847,0.243486,0.064203
-0.021865,0.246155,0.064616
-0.019008,0.244846,0.063228
-0.016858,0.243511,0.065416
-0.017422,0.242906,0.064625
-0.017266,0.244334,0.064128
-0.014876,0.242390,0.065019
-0.013755,0.245256,0.065257
-0.012657,0.241540,0.064801
-0.009092,0.243841,0.066197
-0.011658,0.245313,0.066679
-0.008751,0.243451,0.066517
-0.007469,0.242762,0.065456
-0.006054,0.245006,0.066348
-0.004207,0.243450,0.066248
-0.001881,0.244913,0.066593
-0.001536,0.242728,0.066537
0.000403,0.242966,0.066525
0.001734,0.244077,0.065713
0.001872,0.243370,0.064628
0.005078,0.242032,0.066106
0.004784,0.242518,0.064999
0.007413,0.244086,0.066961
0.007030,0.245022,0.063929
0.008526,0.244229,0.064841
0.010112,0.243980,0.066396
0.009753,0.244521,0.067313
0.013034,0.244145,0.065447
0.015503,0.244391,0.064735
0.016710,0.243318,0.064002
0.016945,0.243627,0.064541
0.017139,0.243375,0.064367
0.019413,0.242660,0.063582
0.021568,0.241749,0.064979
0.021834,0.243717,0.063278
0.022679,0.242961,0.062148
0.026205,0.243589,0.062592
0.026412,0.244925,0.060888
0.027967,0.243315,0.060253
0.029577,0.242898,0.059983
0.030631,0.242913,0.060185
0.032798,0.244138,0.059143
0.032533,0.243866,0.059833
0.033576,0.242881,0.058483
0.038390,0.244133,0.059406
0.036091,0.244601,0.057175
0.037298,0.243405,0.058635
0.040823,0.244097,0.058406
0.041965,0.244545,0.058363
0.044094,0.244105,0.055689
0.046113,0.244072,0.056609
0.045030,0.243440,0.056630
0.045543,0.242515,0.056906
0.048341,0.242980,0.054283
0.049945,0.243967,0.052229
0.051445,0.243723,0.054619
0.054790,0.244195,0.055191
0.053539,0.244318,0.054676
0.056077,0.243402,0.053866
0.056729,0.246619,0.055580
0.057818,0.244868,0.053774
0.059326,0.244597,0.052629
0.059602,0.245137,0.052443
0.062464,0.244523,0.051683
0.064668,0.245177,0.052823
0.062683,0.241997,0.051822
0.066389,0.246004,0.052814
0.067493,0.243532,0.052444
0.069920,0.243291,0.050145
0.071500,0.243320,0.051382
0.073366,0.245021,0.049217
0.071501,0.243797,0.048723
0.073988,0.244271,0.048422
0.076047,0.244451,0.046044
0.078091,0.244763,0.045911
0.078096,0.244672,0.045943
0.079307,0.244287,0.043958
0.080151,0.242727,0.044956
0.083389,0.244299,0.043201
0.085972,0.243740,0.041505
0.086662,0.244478,0.043041
0.086284,0.243638,0.039526
0.089549,0.243297,0.038763
0.089272,0.243161,0.038283
0.090112,0.244364,0.037333
0.091168,0.244766,0.037914
0.094212,0.244512,0.034322
0.094989,0.244783,0.034693
0.097369,0.243891,0.032681
0.098703,0.244730,0.030445
0.099735,0.245241,0.029779
0.101770,0.245305,0.028558
0.102300,0.246102,0.023892
0.102603,0.244686,0.024015
0.106106,0.243872,0.022109
0.106981,0.244662,0.023118
0.107497,0.243748,0.019966
0.107604,0.246458,0.016201
0.110616,0.243769,0.013388
0.112145,0.244052,0.011650
0.114307,0.246331,0.011319
0.114796,0.245216,0.006716
0.117676,0.246754,0.005431
0.118122,0.245726,-0.000780
0.122194,0.247684,-0.001476
0.121493,0.245112,-0.005816
0.122971,0.246179,-0.007104
0.123777,0.247193,-0.012502
0.125205,0.246240,-0.014915
0.127339,0.247018,-0.022844
-0.105881,0.249172,-0.006663
-0.106064,0.245836,0.003719
-0.104478,0.246451,0.008506
-0.100060,0.248170,0.011062
-0.100446,0.248846,0.017331
-0.099332,0.247323,0.019782
-0.099620,0.246592,0.021693
-0.097144,0.244807,0.023807
-0.094998,0.246562,0.024426
-0.093335,0.247027,0.027757
-0.091559,0.245339,0.029610
-0.090585,0.247682,0.031635
-0.089536,0.247314,0.031032
-0.085585,0.245842,0.034530
-0.086131,0.245718,0.036579
-0.085395,0.246935,0.035590
-0.082291,0.247785,0.037558
-0.081730,0.245934,0.039252
-0.077869,0.247599,0.040542
-0.079265,0.246824,0.042265
-0.077762,0.245697,0.042696
-0.077400,0.246193,0.043308
-0.074614,0.244648,0.046550
-0.074211,0.245115,0.044577
-0.070340,0.246917,0.047741
-0.072288,0.245106,0.047178
-0.068350,0.246509,0.047444
-0.066859,0.246446,0.050553
-0.067040,0.244215,0.049816
-0.066127,0.246328,0.051761
-0.063705,0.244348,0.052951
-0.061163,0.246088,0.051440
-0.062262,0.244278,0.054096
-0.058341,0.246750,0.055357
-0.058497,0.245680,0.055391
-0.056230,0.244215,0.054252
-0.058624,0.245034,0.055350
-0.052613,0.247587,0.055355
-0.052097,0.244831,0.055574
-0.049671,0.244617,0.056771
-0.048334,0.243264,0.055846
-0.047757,0.242985,0.056353
-0.047911,0.243944,0.056852
-0.043956,0.244845,0.057751
-0.042035,0.244009,0.060883
-0.042417,0.244902,0.058812
-0.042610,0.244068,0.058918
-0.039797,0.245735,0.060016
-0.040452,0.245016,0.059864
-0.036955,0.245591,0.061653
-0.036704,0.243893,0.059302
-0.034884,0.246406,0.061468
-0.034174,0.244043,0.060112
-0.032888,0.244165,0.062795
-0.031809,0.244975,0.060529
-0.029217,0.244438,0.063998
-0.028568,0.244798,0.061469
-0.025889,0.244242,0.062333
-0.026428,0.246538,0.062903
-0.024165,0.242278,0.064998
-0.022150,0.246103,0.064590
-0.022405,0.245558,0.062225
-0.021021,0.245289,0.064221
-0.018809,0.245698,0.063741
-0.016378,0.245542,0.064024
-0.015830,0.245492,0.064360
-0.013470,0.244583,0.063346
-0.012305,0.245415,0.065626
-0.009776,0.245385,0.064978
-0.009579,0.244965,0.064590
-0.009851,0.245744,0.065782
-0.008384,0.245627,0.065451
-0.006057,0.243943,0.066506
-0.006054,0.246174,0.067476
-0.000843,0.246404,0.065080
-0.003748,0.244689,0.067012
-0.000198,0.244828,0.066424
0.000181,0.245426,0.067460
0.002088,0.246464,0.067917
0.003942,0.245832,0.065907
0.005542,0.247242,0.066270
0.007362,0.244189,0.063965
0.008967,0.243462,0.064748
0.007628,0.245523,0.065721
0.010481,0.244966,0.065466
0.012241,0.243548,0.065690
0.015294,0.245097,0.063737
0.016276,0.243569,0.064963
0.015009,0.245270,0.063989
0.017564,0.246890,0.066616
0.017626,0.244035,0.064293
0.020929,0.246986,0.064166
0.020816,0.247876,0.062487
0.021114,0.245455,0.062275
0.024035,0.244827,0.062861
0.025119,0.244684,0.062318
0.025738,0.246132,0.060292
0.028816,0.244804,0.060163
0.029272,0.245652,0.061447
0.031447,0.244699,0.062145
0.032083,0.245578,0.059044
0.031674,0.244282,0.058125
0.037150,0.244965,0.058642
0.035669,0.245699,0.057928
0.038260,0.244864,0.058451
0.038023,0.243929,0.059349
0.038981,0.246184,0.058821
0.042416,0.244129,0.056615
0.042075,0.247934,0.057487
0.043823,0.246986,0.055573
0.044253,0.246780,0.057680
0.045690,0.245844,0.057156
0.046301,0.246605,0.056644
0.049280,0.245349,0.055284
0.051784,0.245878,0.054541
0.053407,0.245974,0.054385
0.052788,0.244913,0.055487
0.055028,0.245550,0.054320
0.057427,0.245915,0.054219
0.057692,0.244615,0.054143
0.060039,0.245231,0.052185
0.061433,0.244675,0.054841
0.062095,0.245905,0.051587
0.061145,0.243837,0.052480
0.064959,0.244755,0.051869
0.067137,0.244686,0.051905
0.069028,0.247080,0.051702
0.068837,0.245308,0.049089
0.070147,0.246922,0.049089
0.070528,0.244062,0.048501
0.072027,0.245554,0.048911
0.075393,0.245857,0.048349
0.076065,0.245431,0.048604
0.079037,0.244887,0.047308
0.077831,0.244604,0.046178
0.079584,0.245328,0.045665
0.082820,0.246178,0.044572
0.081970,0.244968,0.043732
0.083288,0.245742,0.043640
0.083589,0.246806,0.040404
0.086026,0.244080,0.039291
0.087631,0.247058,0.039595
0.089373,0.247427,0.039274
0.091376,0.243886,0.035684
0.091866,0.248034,0.035292
0.094971,0.247837,0.036207
0.095405,0.248190,0.032831
0.098529,0.245158,0.030819
0.098756,0.245808,0.030787
0.101272,0.246723,0.030821
0.099196,0.245594,0.030038
0.102662,0.247500,0.026973
0.102821,0.247121,0.025494
0.105146,0.247493,0.024667
0.108019,0.246077,0.019580
0.107593,0.244698,0.018571
0.109533,0.246526,0.014174
0.110475,0.246988,0.013308
0.111886,0.248618,0.011322
0.114347,0.247270,0.011354
0.116923,0.247084,0.007925
0.117679,0.246847,0.003795
0.118428,0.247587,0.001389
0.120343,0.246903,-0.003581
0.121188,0.248755,-0.006041
0.122151,0.247120,-0.005922
0.124775,0.247959,-0.012957
0.124712,0.246334,-0.015714
0.127900,0.248654,-0.023323
-0.109041,0.249783,-0.011317
-0.105343,0.248131,-0.002011
-0.104497,0.247957,0.006276
-0.104747,0.248397,0.007351
-0.102329,0.249237,0.013866
-0.099586,0.246827,0.016429
-0.100029,0.248411,0.020884
-0.097830,0.248031,0.022506
-0.096089,0.249364,0.025124
-0.095420,0.248458,0.026095
-0.092380,0.247346,0.027153
-0.091973,0.245961,0.029882
-0.090300,0.248289,0.031827
-0.086985,0.247234,0.031216
-0.085468,0.248537,0.036818
-0.086788,0.247256,0.035884
-0.084917,0.248681,0.037541
-0.085127,0.246748,0.040361
-0.081452,0.248453,0.039591
-0.079766,0.247002,0.041786
-0.078934,0.248592,0.044325
-0.077236,0.246571,0.043285
-0.074990,0.246796,0.043281
-0.074359,0.247897,0.046152
-0.071124,0.246210,0.046451
-0.071576,0.247930,0.047463
-0.070364,0.247496,0.048784
-0.066972,0.247019,0.049023
-0.067706,0.246785,0.051627
-0.065390,0.248849,0.050717
-0.065986,0.247127,0.052931
-0.061724,0.246366,0.052068
-0.060729,0.247345,0.051881
-0.062221,0.247268,0.055217
-0.059888,0.249266,0.054213
-0.058175,0.248056,0.055118
-0.058397,0.246971,0.057038
-0.053519,0.245527,0.055635
-0.053408,0.247412,0.056612
-0.052134,0.245647,0.056520
-0.051214,0.247390,0.057059
-0.050411,0.246121,0.058049
-0.048547,0.246686,0.058638
-0.045285,0.247641,0.059652
-0.046350,0.247268,0.058038
-0.043291,0.246775,0.057704
-0.041627,0.246025,0.057943
-0.040732,0.246044,0.060455
-0.038250,0.246136,0.060272
-0.036683,0.245634,0.061639
-0.039067,0.248764,0.060415
-0.034205,0.249397,0.060360
-0.034028,0.245741,0.062109
-0.033473,0.245081,0.061816
-0.032664,0.247024,0.061122
-0.031057,0.248922,0.060875
-0.029824,0.245011,0.060965
-0.027085,0.244462,0.061012
-0.026168,0.246152,0.062070
-0.025076,0.245386,0.062402
-0.023601,0.246843,0.061782
-0.021515,0.246293,0.063447
-0.019276,0.245077,0.063367
-0.019278,0.248595,0.062659
-0.016550,0.245505,0.064829
-0.017287,0.246737,0.064211
-0.013479,0.248377,0.065417
-0.013869,0.247572,0.066129
-0.011767,0.245900,0.063455
-0.012094,0.247001,0.065915
-0.007773,0.246188,0.065637
-0.007443,0.244908,0.066171
-0.006956,0.245636,0.066077
-0.004836,0.247097,0.066402
-0.006074,0.247258,0.065991
-0.003789,0.247746,0.066897
-0.002437,0.246457,0.065681
-0.001892,0.246616,0.065585
0.000627,0.245879,0.066854
0.002257,0.246920,0.065522
0.001863,0.246433,0.064892
0.004841,0.246684,0.066265
0.007477,0.245816,0.066006
0.006394,0.245488,0.065860
0.009460,0.246634,0.064306
0.010945,0.244996,0.067567
0.010376,0.246378,0.064926
0.014223,0.247856,0.065635
0.015893,0.247129,0.064618
0.016442,0.245038,0.064114
0.017190,0.245542,0.065588
0.017860,0.245721,0.061886
0.020386,0.245814,0.063341
0.023168,0.246998,0.063465
0.023065,0.245751,0.062458
0.024241,0.244883,0.062815
0.026904,0.247287,0.062941
0.027473,0.246930,0.063541
0.028109,0.245094,0.061387
0.029711,0.247108,0.062344
0.031005,0.246102,0.059954
0.033987,0.247638,0.061691
0.033269,0.248357,0.058276
0.034945,0.246935,0.058127
0.036522,0.244779,0.058685
0.037898,0.247179,0.059093
0.038148,0.245541,0.058412
0.041351,0.246887,0.057692
0.040674,0.249293,0.057527
0.041427,0.247784,0.056724
0.044572,0.247923,0.057177
0.045913,0.246152,0.056945
0.047277,0.247942,0.054888
0.049404,0.247036,0.056776
0.049850,0.246940,0.054540
0.051946,0.248256,0.055737
0.051343,0.247409,0.054856
0.054118,0.247249,0.054734
0.056183,0.247776,0.056127
0.055997,0.246687,0.053387
0.056735,0.247154,0.052335
0.056215,0.247768,0.053065
0.059524,0.246008,0.053182
0.062083,0.246860,0.053048
0.061271,0.246971,0.053159
0.064847,0.246432,0.052540
0.067755,0.247364,0.052122
0.067124,0.245869,0.051971
0.067980,0.246752,0.052025
0.070267,0.247020,0.051271
0.069939,0.246461,0.049748
0.074325,0.245738,0.048920
0.074101,0.247157,0.046679
0.074343,0.246978,0.045582
0.078908,0.247751,0.046833
0.078857,0.245943,0.045570
0.079252,0.247709,0.045791
0.080224,0.246910,0.043060
0.081790,0.245907,0.043720
0.083754,0.248987,0.044580
0.086782,0.246905,0.041676
0.088271,0.248331,0.039814
0.087862,0.246404,0.039628
0.090310,0.246165,0.039244
0.088369,0.247908,0.037001
0.093308,0.247398,0.034235
0.094681,0.248163,0.035114
0.095539,0.247199,0.034739
0.096668,0.247553,0.031177
0.098639,0.247121,0.031285
0.097471,0.245671,0.028885
0.101100,0.247051,0.027894
0.103231,0.249573,0.025997
0.101517,0.249413,0.025554
0.105796,0.247864,0.023476
0.106667,0.246115,0.021161
0.108733,0.247637,0.018056
0.110018,0.248957,0.018340
0.109404,0.248394,0.015440
0.110667,0.249746,0.013712
0.112499,0.248146,0.009813
0.116893,0.249967,0.006822
0.115638,0.248557,0.004395
0.117962,0.248675,0.002245
0.119831,0.250776,-0.002666
0.123053,0.246814,-0.006676
0.122689,0.248552,-0.010530
0.124007,0.249281,-0.012839
0.123869,0.249722,-0.016836
0.126396,0.248352,-0.024132
-0.110243,0.250175,-0.006670
-0.106633,0.249805,0.003551
-0.106155,0.248263,0.006789
-0.102204,0.249665,0.012073
-0.100185,0.249561,0.014790
-0.100691,0.249570,0.019535
-0.096366,0.249149,0.021172
-0.096714,0.250170,0.023341
-0.096059,0.248236,0.026387
-0.095172,0.249701,0.028635
-0.094108,0.249546,0.028457
-0.092407,0.247370,0.031137
-0.091452,0.249854,0.031588
-0.086778,0.249992,0.033459
-0.085786,0.248751,0.036651
-0.085768,0.249941,0.038143
-0.085127,0.249014,0.038350
-0.083143,0.247305,0.040325
-0.080978,0.247665,0.042573
-0.079262,0.251115,0.041498
-0.078655,0.248530,0.042521
-0.076311,0.247721,0.047034
-0.073551,0.248202,0.044836
-0.074314,0.249672,0.048317
-0.073454,0.249776,0.047209
-0.070549,0.247768,0.049671
-0.070429,0.249286,0.049088
-0.071616,0.248884,0.050221
-0.068400,0.249986,0.051635
-0.065144,0.248008,0.052798
-0.065663,0.248302,0.052110
-0.062058,0.249705,0.051931
-0.063931,0.249258,0.053254
-0.061193,0.247714,0.054634
-0.059782,0.248768,0.054839
-0.058489,0.248404,0.056544
-0.055811,0.249667,0.056466
-0.056571,0.247411,0.056546
-0.052952,0.247301,0.057956
-0.052145,0.250057,0.058819
-0.051653,0.248103,0.058376
-0.049542,0.249275,0.059336
-0.047659,0.247988,0.057289
-0.047252,0.248086,0.060369
-0.045219,0.246995,0.060279
-0.044686,0.248147,0.062248
-0.041741,0.249223,0.058600
-0.042329,0.249017,0.058794
-0.040178,0.248253,0.060617
-0.037903,0.249032,0.060906
-0.035972,0.249611,0.060525
-0.034663,0.247908,0.059970
-0.034634,0.248268,0.060002
-0.033511,0.248235,0.059637
-0.032468,0.247451,0.061548
-0.028418,0.248968,0.062053
-0.030670,0.247814,0.062013
-0.027534,0.249585,0.063344
-0.026237,0.248306,0.063102
-0.025224,0.247868,0.062369
-0.024344,0.247077,0.064500
-0.022715,0.246848,0.063770
-0.019433,0.248231,0.062871
-0.020965,0.248461,0.063309
-0.016201,0.249616,0.063741
-0.017120,0.249230,0.064502
-0.016091,0.248682,0.063562
-0.015314,0.249408,0.062284
-0.013142,0.248580,0.065199
-0.012295,0.246131,0.064127
-0.007144,0.247520,0.066580
-0.007546,0.247795,0.065611
-0.007082,0.247765,0.065256
-0.006262,0.246645,0.065461
-0.003815,0.247443,0.065066
-0.003598,0.247873,0.064922
-0.001230,0.247624,0.066022
0.001011,0.248002,0.064886
0.000977,0.248007,0.064921
0.001945,0.248106,0.065404
0.005949,0.248218,0.063943
0.007873,0.247987,0.067587
0.006228,0.249863,0.065848
0.008934,0.248586,0.065396
0.007539,0.248784,0.064706
0.008626,0.248337,0.064261
0.011689,0.247770,0.065824
0.013876,0.247015,0.063645
0.015046,0.247472,0.064809
0.014898,0.247443,0.063893
0.017654,0.250520,0.064511
0.020272,0.247945,0.062187
0.020175,0.248391,0.062358
0.023770,0.249009,0.062775
0.021524,0.247578,0.062743
0.023284,0.245716,0.061859
0.023488,0.247889,0.063762
0.025683,0.247579,0.061404
0.026868,0.246631,0.061444
0.029881,0.248599,0.061946
0.030930,0.248369,0.060949
0.032562,0.247631,0.058892
0.031972,0.249775,0.060915
0.035051,0.248736,0.059451
0.035305,0.248321,0.057655
0.036459,0.248615,0.057799
0.038859,0.250150,0.057199
0.041149,0.246884,0.058975
0.042574,0.248101,0.056759
0.043912,0.247285,0.056942
0.044571,0.249888,0.057036
0.046856,0.248584,0.056555
0.047807,0.249885,0.053889
0.048587,0.247685,0.055849
0.050234,0.247215,0.053926
0.052418,0.249068,0.056088
0.052865,0.250613,0.054795
0.053243,0.247610,0.054487
0.055479,0.247840,0.054999
0.056649,0.248717,0.054865
0.057780,0.247324,0.053212
0.061274,0.249137,0.053232
0.061602,0.247658,0.054055
0.061826,0.247135,0.052115
0.063618,0.249714,0.051237
0.063489,0.246630,0.051578
0.065666,0.248757,0.051248
0.067317,0.249843,0.048340
0.070518,0.248463,0.049589
0.070742,0.247820,0.049986
0.071904,0.247054,0.049219
0.072426,0.249076,0.048059
0.075494,0.249526,0.048544
0.074854,0.249378,0.046325
0.078042,0.247640,0.048936
0.078536,0.248395,0.047974
0.078317,0.248331,0.044505
0.082654,0.249324,0.043999
0.081571,0.248730,0.041417
0.084324,0.249783,0.041829
0.085911,0.248943,0.040721
0.087511,0.250868,0.039752
0.089600,0.249895,0.039477
0.090815,0.249227,0.038528
0.092477,0.248865,0.038694
0.092331,0.249372,0.038096
0.093565,0.250990,0.033794
0.094121,0.250694,0.033498
0.096774,0.248231,0.033289
0.098275,0.251536,0.030549
0.100100,0.249655,0.028816
0.101072,0.249969,0.027843
0.100659,0.248715,0.025657
0.103160,0.249064,0.024218
0.105032,0.250156,0.024703
0.105428,0.249094,0.019791
0.107027,0.250421,0.018768
0.109857,0.250482,0.019210
0.110786,0.250919,0.015628
0.112043,0.250062,0.012691
0.113034,0.249515,0.009871
0.114302,0.251318,0.007522
0.115707,0.250514,0.005071
0.119778,0.249853,0.003179
0.119255,0.250941,-0.001430
0.121713,0.251100,-0.005213
0.121390,0.252397,-0.008429
0.123970,0.250921,-0.013495
0.126110,0.252874,-0.017883
0.127307,0.249274,-0.025840
-0.110340,0.253485,-0.009129
-0.109014,0.251049,-0.001554
-0.106200,0.251021,0.004966
-0.105044,0.252408,0.007938
-0.103787,0.253701,0.013862
-0.100948,0.251921,0.016660
-0.099342,0.251279,0.020595
-0.098550,0.253592,0.022493
-0.097813,0.249930,0.022906
-0.095876,0.251977,0.026165
-0.094224,0.251419,0.029668
-0.092468,0.251496,0.028681
-0.091109,0.251890,0.031308
-0.090872,0.251350,0.033590
-0.088804,0.251184,0.035028
-0.086973,0.250477,0.036780
-0.086691,0.250432,0.039115
-0.082686,0.250934,0.038834
-0.080847,0.251177,0.040571
-0.081679,0.248682,0.041342
-0.079443,0.251167,0.043010
-0.077844,0.250816,0.044812
-0.078732,0.250235,0.045480
-0.076201,0.250120,0.047173
-0.073806,0.249955,0.048465
-0.072198,0.251137,0.049921
-0.071161,0.250002,0.050176
-0.069145,0.250631,0.051398
-0.067948,0.252422,0.050234
-0.067189,0.250134,0.052257
-0.067098,0.250498,0.053630
-0.064300,0.251157,0.052594
-0.062569,0.250368,0.052512
-0.061573,0.251399,0.056212
-0.060717,0.249159,0.055591
-0.061395,0.249966,0.055825
-0.058169,0.250632,0.054820
-0.056265,0.250015,0.057154
-0.055003,0.250700,0.056582
-0.053403,0.249842,0.056540
-0.051250,0.250178,0.060461
-0.052347,0.251068,0.057117
-0.047777,0.249102,0.059781
-0.049910,0.248808,0.059368
-0.046931,0.250078,0.057491
-0.045022,0.251704,0.059847
-0.045896,0.249098,0.060938
-0.041899,0.251602,0.059413
-0.039811,0.251453,0.061304
-0.040592,0.248325,0.059785
-0.039157,0.249129,0.061520
-0.037597,0.250507,0.061601
-0.035209,0.248779,0.061268
-0.033587,0.250812,0.060849
-0.032703,0.248686,0.061398
-0.032008,0.250465,0.060521
-0.030353,0.250772,0.061581
-0.029362,0.248293,0.062177
-0.027132,0.249098,0.060166
-0.026226,0.249823,0.061067
-0.025913,0.249832,0.063206
-0.024744,0.250510,0.063359
-0.022095,0.250796,0.064022
-0.021687,0.250089,0.064237
-0.018717,0.248312,0.063601
-0.017891,0.252248,0.062862
-0.017359,0.249096,0.063962
-0.014252,0.250328,0.065464
-0.013112,0.249085,0.063888
-0.011026,0.250157,0.064818
-0.011167,0.249485,0.064775
-0.012376,0.250063,0.064247
-0.007669,0.249009,0.065061
-0.010133,0.249707,0.064751
-0.005134,0.250536,0.065936
-0.005373,0.249939,0.065862
-0.001632,0.250047,0.065482
-0.002294,0.249394,0.063976
-0.001883,0.247994,0.065154
0.000385,0.247198,0.065099
0.003834,0.248526,0.065612
0.002092,0.248738,0.066534
0.004944,0.249752,0.064656
0.008064,0.250157,0.064995
0.008810,0.249690,0.065517
0.010194,0.248820,0.064776
0.009517,0.251005,0.065316
0.011400,0.248691,0.065351
0.012561,0.248987,0.064056
0.014034,0.249072,0.063432
0.016418,0.249489,0.066070
0.016185,0.249521,0.065877
0.019085,0.250863,0.063376
0.018998,0.250052,0.061467
0.021865,0.249425,0.064215
0.021866,0.249338,0.064010
0.024861,0.251916,0.062204
0.025623,0.250438,0.060875
0.025230,0.248686,0.063479
0.029668,0.249709,0.060966
0.028879,0.249116,0.062245
0.030734,0.249849,0.060809
0.031847,0.249385,0.059974
0.033878,0.248786,0.059884
0.034826,0.249906,0.059629
0.034386,0.248735,0.058507
0.037804,0.251456,0.058597
0.039303,0.250200,0.057587
0.039941,0.250706,0.057877
0.042633,0.250212,0.059056
0.043631,0.249807,0.058707
0.042635,0.249656,0.055820
0.045749,0.250653,0.055127
0.046338,0.248272,0.055586
0.049509,0.249800,0.055619
0.049827,0.251016,0.056786
0.050230,0.249638,0.055878
0.051436,0.247766,0.055453
0.054071,0.248348,0.054256
0.055624,0.250916,0.053398
0.057333,0.250229,0.054293
0.058004,0.249140,0.054292
0.059181,0.248762,0.053291
0.061634,0.251171,0.054419
0.062372,0.249043,0.051521
0.063775,0.249075,0.052181
0.065793,0.251033,0.052754
0.067586,0.250524,0.051874
0.068934,0.250067,0.048792
0.067769,0.251627,0.049864
0.070645,0.248839,0.050129
0.073000,0.250900,0.048663
0.072202,0.252407,0.049568
0.074349,0.249783,0.046534
0.075367,0.250251,0.045895
0.076515,0.250403,0.046228
0.077312,0.249122,0.045921
0.079608,0.249846,0.045988
0.081446,0.249225,0.044524
0.083063,0.249824,0.043613
0.085619,0.251641,0.042077
0.084527,0.252449,0.038787
0.087563,0.250637,0.039864
0.089959,0.252088,0.039230
0.090213,0.251795,0.037709
0.091610,0.250895,0.038251
0.093457,0.250896,0.034561
0.094370,0.251729,0.035189
0.097266,0.250532,0.032951
0.096652,0.249970,0.032874
0.098919,0.250014,0.031405
0.097584,0.250652,0.028726
0.100921,0.253086,0.027792
0.099896,0.250835,0.026114
0.103320,0.251906,0.025335
0.106730,0.250615,0.023220
0.106782,0.250396,0.019956
0.109752,0.249442,0.017844
0.110176,0.249270,0.014995
0.111793,0.249911,0.017938
0.113480,0.251136,0.011825
0.113601,0.252005,0.010970
0.118082,0.250968,0.008081
0.117343,0.250711,0.004143
0.118837,0.254284,0.002718
0.120587,0.250895,-0.001865
0.120510,0.251928,-0.005150
0.124466,0.252780,-0.007017
0.123992,0.254313,-0.012172
0.124057,0.251674,-0.017480
0.127395,0.253745,-0.025229
-0.109400,0.254026,-0.005884
-0.108774,0.253642,0.000715
-0.103953,0.253332,0.006332
-0.105850,0.253327,0.011115
-0.105264,0.252849,0.015489
-0.100929,0.253196,0.018936
-0.098909,0.252703,0.020694
-0.100577,0.254095,0.023036
-0.095722,0.253734,0.025213
-0.094400,0.252738,0.028251
-0.094502,0.252151,0.030401
-0.092263,0.250891,0.030472
-0.090662,0.251525,0.031824
-0.089470,0.251734,0.034020
-0.088643,0.252047,0.035238
-0.087877,0.253138,0.036962
-0.085105,0.253734,0.038993
-0.085215,0.251661,0.038947
-0.084048,0.250093,0.040944
-0.081395,0.249883,0.044357
-0.080741,0.251316,0.044040
-0.078163,0.251384,0.044992
-0.078711,0.251827,0.045907
-0.075108,0.252716,0.048112
-0.073716,0.250441,0.048084
-0.071901,0.251909,0.048788
-0.071482,0.252473,0.048976
-0.070617,0.252479,0.052657
-0.067638,0.251468,0.052243
-0.067858,0.253229,0.052461
-0.065591,0.251538,0.052815
-0.064192,0.252172,0.054001
-0.063195,0.250348,0.056053
-0.061921,0.253333,0.056184
-0.060665,0.251718,0.054846
-0.059619,0.250889,0.055265
-0.058834,0.251688,0.058902
-0.055219,0.250044,0.057763
-0.055248,0.250348,0.057789
-0.053466,0.252666,0.058244
-0.053108,0.251042,0.059400
-0.052107,0.252190,0.059307
-0.048813,0.251060,0.058648
-0.047206,0.249761,0.058945
-0.048230,0.250888,0.059378
-0.047092,0.253018,0.061417
-0.044660,0.250953,0.061198
-0.044597,0.250615,0.060493
-0.041394,0.249870,0.061665
-0.041593,0.249669,0.062063
-0.039017,0.250503,0.062321
-0.036650,0.252239,0.061257
-0.037567,0.251735,0.061542
-0.034081,0.250900,0.061758
-0.033784,0.253070,0.061333
-0.033061,0.251834,0.062634
-0.029525,0.250941,0.061930
-0.028249,0.251095,0.062712
-0.029001,0.251530,0.062800
-0.027328,0.250736,0.062737
-0.024082,0.251004,0.063630
-0.024041,0.250844,0.063944
-0.021736,0.250529,0.063956
-0.021247,0.251021,0.063029
-0.019650,0.251431,0.063191
-0.016918,0.252060,0.063300
-0.017496,0.252147,0.063788
-0.014495,0.253002,0.064467
-0.013303,0.251851,0.064359
-0.013757,0.250777,0.064578
-0.012102,0.250376,0.066582
-0.010751,0.251331,0.064155
-0.009614,0.251520,0.064635
-0.006740,0.250352,0.066021
-0.005336,0.251943,0.066856
-0.003874,0.251256,0.066333
-0.002771,0.251932,0.065115
-0.002456,0.252222,0.065739
-0.000467,0.252220,0.066032
0.000943,0.251154,0.065376
0.002787,0.251756,0.065085
0.004475,0.251876,0.066632
0.005290,0.250866,0.067530
0.007725,0.251990,0.066865
0.008135,0.250314,0.066005
0.009015,0.251026,0.066657
0.009079,0.251184,0.065576
0.012369,0.251249,0.064434
0.015039,0.250456,0.064980
0.014400,0.251638,0.065286
0.017855,0.251303,0.064648
0.018763,0.250519,0.063526
0.019167,0.251869,0.063131
0.019452,0.250905,0.062739
0.020580,0.252485,0.064158
0.023089,0.252831,0.062307
0.025211,0.252705,0.062833
0.024925,0.250494,0.063521
0.025451,0.251576,0.064471
0.027807,0.249686,0.063456
0.029645,0.252267,0.061327
0.029882,0.250886,0.060765
0.031684,0.250800,0.060465
0.033118,0.250445,0.060748
0.034529,0.251983,0.057751
0.036142,0.250924,0.058076
0.039597,0.249851,0.059786
0.037406,0.251217,0.059057
0.040793,0.252945,0.058054
0.043394,0.251660,0.058958
0.045070,0.253826,0.058395
0.042656,0.252720,0.057021
0.046058,0.252085,0.055495
0.046881,0.251063,0.055777
0.049871,0.253178,0.056662
0.050652,0.252063,0.056250
0.051268,0.249621,0.055377
0.051774,0.252234,0.054212
0.053074,0.253084,0.054579
0.055543,0.252823,0.053315
0.054481,0.251900,0.054651
0.057483,0.249662,0.052728
0.059809,0.251410,0.054618
0.060330,0.251498,0.051673
0.062014,0.251424,0.053188
0.064018,0.253179,0.052751
0.065962,0.250848,0.051781
0.065008,0.252260,0.052498
0.068431,0.252168,0.052070
0.069745,0.252022,0.049953
0.070501,0.252678,0.049424
0.072476,0.252485,0.048936
0.073028,0.251751,0.049166
0.073770,0.251597,0.046817
0.075800,0.252969,0.046008
0.078078,0.251976,0.047011
0.077627,0.252682,0.046701
0.081161,0.251274,0.045120
0.083831,0.251784,0.044320
0.083660,0.250810,0.044065
0.084108,0.251729,0.041149
0.086176,0.252451,0.040619
0.085870,0.251659,0.039831
0.086540,0.250766,0.037460
0.090834,0.252088,0.038966
0.090577,0.251953,0.037206
0.091252,0.252594,0.035562
0.094419,0.252065,0.033889
0.094264,0.255902,0.032855
0.095792,0.252238,0.033220
0.099157,0.252791,0.029804
0.098872,0.251747,0.028579
0.100106,0.253223,0.026994
0.102106,0.252908,0.027517
0.103577,0.254079,0.024387
0.104104,0.253085,0.021820
0.107123,0.253551,0.019974
0.107221,0.253249,0.018252
0.111275,0.253217,0.018180
0.109554,0.252648,0.015079
0.112628,0.254003,0.012372
0.114613,0.252924,0.009030
0.114366,0.253503,0.007566
0.116824,0.253591,0.004740
0.118374,0.252971,-0.000154
0.118717,0.254143,-0.001743
0.121010,0.252481,-0.005637
0.121717,0.252246,-0.008644
0.123861,0.254287,-0.013439
0.124703,0.254809,-0.017227
0.128115,0.255384,-0.027056
-0.108819,0.256970,-0.010168
-0.108741,0.256343,-0.000858
-0.107624,0.253310,0.004474
-0.108005,0.256138,0.010946
-0.104094,0.257599,0.009570
-0.104250,0.255385,0.016415
-0.100753,0.255368,0.017212
-0.101211,0.255630,0.020578
-0.098763,0.252092,0.025803
-0.097249,0.255762,0.027178
-0.094012,0.254089,0.028384
-0.095366,0.252930,0.032466
-0.093183,0.253178,0.032313
-0.090546,0.253048,0.032842
-0.088674,0.252664,0.035095
-0.087705,0.253978,0.038367
-0.088432,0.254602,0.035979
-0.084884,0.254665,0.040291
-0.084118,0.254621,0.041007
-0.082102,0.253527,0.043493
-0.082107,0.253860,0.044729
-0.081942,0.255050,0.044369
-0.077986,0.252267,0.046427
-0.079061,0.252751,0.046467
-0.074030,0.253614,0.049513
-0.072847,0.252471,0.048543
-0.072036,0.254872,0.052450
-0.071660,0.252719,0.053507
-0.069474,0.254745,0.054817
-0.067642,0.251186,0.054768
-0.067538,0.252745,0.055647
-0.066268,0.252738,0.053474
-0.063750,0.255041,0.055631
-0.061859,0.253560,0.056513
-0.060383,0.254361,0.056894
-0.058575,0.253286,0.059160
-0.059559,0.253671,0.060280
-0.058671,0.253210,0.058183
-0.056176,0.255140,0.059635
-0.054383,0.251526,0.059881
-0.053618,0.253172,0.059750
-0.051849,0.255397,0.059740
-0.049714,0.252881,0.059886
-0.048323,0.252539,0.058277
-0.048111,0.252968,0.061089
-0.045742,0.251332,0.059270
-0.044726,0.251942,0.061076
-0.043660,0.254722,0.062016
-0.042860,0.253329,0.060022
-0.041496,0.252556,0.059549
-0.039639,0.251868,0.060302
-0.039249,0.252092,0.061539
-0.036346,0.251208,0.062226
-0.035599,0.252007,0.062422
-0.034452,0.251845,0.062188
-0.032384,0.252073,0.060892
-0.030506,0.252820,0.063771
-0.030557,0.251936,0.062246
-0.029145,0.252577,0.062869
-0.026127,0.254023,0.062089
-0.026487,0.251269,0.062153
-0.024943,0.254397,0.062568
-0.023463,0.252775,0.063748
-0.022329,0.252916,0.063536
-0.021600,0.253157,0.062579
-0.019211,0.254295,0.063941
-0.018058,0.253083,0.064477
-0.016088,0.254302,0.063657
-0.014905,0.252379,0.064690
-0.013436,0.252639,0.063981
-0.013174,0.254781,0.065443
-0.010112,0.252833,0.064685
-0.011501,0.252336,0.066131
-0.007156,0.252312,0.065016
-0.006446,0.254248,0.065462
-0.007159,0.252230,0.065095
-0.003643,0.252464,0.065830
-0.002641,0.253272,0.063708
-0.001691,0.254116,0.063698
-0.000892,0.254447,0.065301
0.001318,0.251358,0.065289
-0.000067,0.254189,0.065908
0.003873,0.253142,0.064543
0.006140,0.253675,0.066427
0.007021,0.254471,0.065096
0.007850,0.252642,0.065612
0.009617,0.252461,0.064405
0.010461,0.250830,0.065715
0.011558,0.252251,0.066386
0.013266,0.250649,0.066198
0.014683,0.251461,0.062882
0.016694,0.253438,0.061081
0.016718,0.252276,0.064876
0.020292,0.255151,0.062739
0.019630,0.251573,0.063956
0.020932,0.253716,0.061744
0.023045,0.251422,0.063526
0.024453,0.252997,0.062936
0.026587,0.253338,0.062176
0.027541,0.252724,0.062026
0.030063,0.254240,0.062048
0.029949,0.255644,0.060580
0.031077,0.255509,0.061789
0.031176,0.251100,0.058577
0.032465,0.253651,0.059256
0.037218,0.252098,0.059389
0.037967,0.252559,0.057826
0.036721,0.255088,0.057228
0.036976,0.252931,0.056100
0.040266,0.253431,0.056542
0.041143,0.252753,0.058395
0.043191,0.254655,0.057126
0.044802,0.252755,0.057111
0.045037,0.253653,0.057224
0.047410,0.254085,0.054856
0.048149,0.254379,0.058610
0.050480,0.251994,0.057890
0.051639,0.252974,0.055755
0.052235,0.253553,0.056775
0.053780,0.253652,0.053123
0.055479,0.254283,0.054036
0.056463,0.254426,0.054888
0.058327,0.254537,0.054307
0.061077,0.253026,0.052138
0.061842,0.253688,0.054681
0.061235,0.254318,0.054021
0.062804,0.255180,0.052396
0.065834,0.253318,0.052163
0.064364,0.252227,0.051033
0.067268,0.254378,0.047780
0.069310,0.252389,0.048652
0.070060,0.253386,0.048473
0.072320,0.253240,0.048806
0.072954,0.253761,0.048929
0.073342,0.252876,0.046705
0.077006,0.253136,0.046957
0.076905,0.252334,0.046319
0.079134,0.255106,0.045901
0.080385,0.253281,0.044039
0.080641,0.253639,0.044535
0.083569,0.253606,0.043935
0.084751,0.252996,0.043164
0.082467,0.252420,0.041675
0.087301,0.253878,0.039564
0.087598,0.255037,0.037216
0.090209,0.252642,0.038434
0.090565,0.253977,0.035783
0.090682,0.253636,0.034927
0.095348,0.254675,0.035229
0.095103,0.251496,0.033225
0.095439,0.256163,0.031122
0.098112,0.254769,0.027857
0.100163,0.254118,0.030208
0.100346,0.253175,0.027869
0.101815,0.252793,0.024447
0.103339,0.254365,0.024098
0.105470,0.255338,0.022322
0.107515,0.256110,0.021264
0.108801,0.256095,0.018148
0.108711,0.254419,0.017009
0.110586,0.254254,0.014756
0.113005,0.253884,0.013112
0.114988,0.254867,0.011018
0.115125,0.256027,0.006730
0.117539,0.255228,0.005061
0.118091,0.255576,0.001213
0.120615,0.255053,-0.000362
0.121359,0.255123,-0.005779
0.121569,0.254189,-0.008540
0.124347,0.255819,-0.013332
0.126309,0.256789,-0.017018
0.125997,0.254860,-0.028665
-0.109700,0.258867,-0.004819
-0.107671,0.257633,0.001176
-0.107997,0.257175,0.006045
-0.107105,0.255166,0.009443
-0.107334,0.257694,0.013837
-0.102579,0.257496,0.018660
-0.100330,0.256377,0.022140
-0.099244,0.256999,0.022633
-0.097423,0.256434,0.024687
-0.095950,0.256080,0.028624
-0.094968,0.257036,0.029596
-0.093862,0.253926,0.031559
-0.092879,0.256196,0.034295
-0.091637,0.255840,0.033490
-0.090022,0.255376,0.036643
-0.089667,0.255024,0.039858
-0.087681,0.256162,0.039256
-0.085416,0.257653,0.038363
-0.082990,0.255049,0.040146
-0.080578,0.256030,0.043480
-0.080346,0.253905,0.048016
-0.081489,0.253794,0.049201
-0.078362,0.254991,0.050476
-0.077417,0.252371,0.052629
-0.074636,0.255964,0.050847
-0.075042,0.254658,0.053897
-0.071633,0.254358,0.053667
-0.071708,0.254167,0.054420
-0.070502,0.255612,0.057222
-0.069632,0.255609,0.056899
-0.066860,0.254020,0.059352
-0.065773,0.256019,0.058372
-0.065227,0.253987,0.060700
-0.062751,0.255293,0.062098
-0.061521,0.254807,0.061154
-0.060516,0.252892,0.062161
-0.058088,0.252944,0.063039
-0.059447,0.253246,0.063465
-0.055318,0.254820,0.061747
-0.053681,0.255791,0.060643
-0.053312,0.254739,0.062671
-0.052516,0.253190,0.063029
-0.050005,0.253360,0.061943
-0.048046,0.255862,0.063221
-0.048057,0.256605,0.060871
-0.046470,0.254251,0.062298
-0.047109,0.252962,0.062443
-0.044510,0.252015,0.063825
-0.042004,0.254822,0.062079
-0.042284,0.253657,0.063527
-0.036094,0.253985,0.060980
-0.039139,0.254467,0.060107
-0.036309,0.255112,0.060899
-0.034056,0.255872,0.063968
-0.035416,0.253191,0.061559
-0.032394,0.254082,0.062350
-0.032564,0.253576,0.061546
-0.030091,0.254501,0.062568
-0.028706,0.255163,0.062024
-0.027863,0.254996,0.063476
-0.025293,0.255018,0.063305
-0.025205,0.255697,0.062294
-0.024462,0.254302,0.064743
-0.020221,0.255476,0.063132
-0.022214,0.253464,0.064553
-0.019613,0.254486,0.063903
-0.018658,0.254718,0.062114
-0.015372,0.255032,0.066450
-0.015522,0.252828,0.061847
-0.014891,0.255303,0.061698
-0.013483,0.255449,0.065002
-0.014793,0.253044,0.063809
-0.008330,0.252412,0.064550
-0.007186,0.253327,0.064463
-0.005981,0.254740,0.065147
-0.006796,0.255091,0.066451
-0.004157,0.254794,0.064393
-0.001506,0.251679,0.063527
-0.000594,0.252514,0.064005
0.000147,0.253368,0.065673
0.001548,0.253730,0.064900
0.000799,0.255681,0.064962
0.005322,0.253891,0.066315
0.006117,0.254674,0.066147
0.005076,0.253413,0.065251
0.008098,0.253777,0.064739
0.009090,0.253803,0.065523
0.009738,0.253877,0.065290
0.011411,0.254356,0.064765
0.012782,0.254776,0.064304
0.013068,0.254503,0.064535
0.016299,0.253524,0.063722
0.015281,0.252708,0.065893
0.018776,0.254514,0.063761
0.020875,0.254420,0.064034
0.019649,0.254782,0.062347
0.021014,0.254617,0.063461
0.024016,0.253387,0.060681
0.024915,0.254806,0.063015
0.026707,0.255245,0.062195
0.029517,0.253527,0.061357
0.027999,0.255064,0.061847
0.030770,0.254904,0.059689
0.031848,0.255037,0.061329
0.032995,0.253753,0.060012
0.035349,0.255391,0.058327
0.035371,0.254303,0.059761
0.038341,0.254586,0.058439
0.037509,0.254765,0.058560
0.040417,0.254292,0.057024
0.042283,0.253848,0.058234
0.042472,0.255121,0.056466
0.043820,0.253130,0.060318
0.046268,0.254761,0.057881
0.047705,0.253502,0.056458
0.049175,0.254366,0.055958
0.049819,0.253039,0.055964
0.050189,0.256149,0.055253
0.052512,0.253900,0.054988
0.053217,0.257071,0.055378
0.055163,0.255452,0.054119
0.055716,0.254143,0.055254
0.057518,0.252597,0.052333
0.059544,0.254222,0.054103
0.060338,0.255516,0.050586
0.061938,0.253768,0.051684
0.064141,0.255712,0.054543
0.064849,0.255354,0.051912
0.065973,0.255888,0.051208
0.066703,0.256024,0.049786
0.068152,0.253422,0.051213
0.071622,0.256606,0.051748
0.071274,0.255536,0.048657
0.074048,0.254438,0.047456
0.073005,0.255624,0.048819
0.075865,0.254124,0.048345
0.077132,0.254657,0.048302
0.075761,0.254543,0.045564
0.079167,0.253803,0.044569
0.080705,0.254877,0.042719
0.083446,0.255607,0.043028
0.085064,0.253856,0.042447
0.084953,0.256680,0.040387
0.087585,0.255902,0.039948
0.086854,0.257582,0.038413
0.090876,0.254807,0.035923
0.090360,0.256053,0.036400
0.092612,0.256235,0.037084
0.094098,0.254867,0.034402
0.095935,0.256563,0.033225
0.097398,0.255692,0.032157
0.097043,0.256324,0.028466
0.096970,0.255381,0.028340
0.100355,0.257138,0.027754
0.101884,0.254815,0.025461
0.104415,0.254850,0.024933
0.105502,0.253990,0.023641
0.106850,0.255481,0.019686
0.109407,0.256672,0.019637
0.109175,0.256387,0.014609
0.109940,0.254445,0.015739
0.112786,0.255523,0.013587
0.114330,0.257010,0.008296
0.116546,0.255845,0.008738
0.118582,0.257238,0.005712
0.116221,0.256229,0.002520
0.118772,0.257025,-0.000112
0.122921,0.257041,-0.002696
0.122681,0.256947,-0.008030
0.125057,0.256851,-0.013303
0.126832,0.257833,-0.018808
0.127340,0.256272,-0.033217
-0.110955,0.259513,-0.008826
-0.110073,0.258705,-0.004698
-0.107396,0.259699,0.003241
-0.107179,0.258127,0.008686
-0.107717,0.257918,0.011248
-0.105792,0.257372,0.016422
-0.101719,0.258986,0.019759
-0.101980,0.259183,0.023347
-0.100620,0.256504,0.024596
-0.100315,0.256783,0.028095
-0.095116,0.255715,0.028847
-0.095526,0.258366,0.033375
-0.093040,0.257951,0.032284
-0.092431,0.257288,0.034101
-0.091197,0.255749,0.036847
-0.088542,0.258234,0.037498
-0.089131,0.256334,0.041554
-0.087379,0.256143,0.040386
-0.086885,0.257031,0.041598
-0.085265,0.255590,0.044344
-0.082985,0.257111,0.046921
-0.080014,0.256085,0.050931
-0.078840,0.255969,0.050997
-0.079026,0.255441,0.055199
-0.078370,0.257459,0.054923
-0.076385,0.255556,0.055340
-0.072472,0.256595,0.056704
-0.072658,0.255336,0.057142
-0.071996,0.256094,0.058419
-0.070398,0.258192,0.060189
-0.070117,0.254421,0.061854
-0.067598,0.255515,0.060446
-0.066248,0.256794,0.062023
-0.062089,0.255956,0.065147
-0.064148,0.256310,0.064988
-0.060921,0.255887,0.064705
-0.060781,0.256073,0.065218
-0.058437,0.254641,0.065612
-0.057577,0.256081,0.064683
-0.057302,0.256016,0.066181
-0.054185,0.254370,0.065025
-0.054386,0.257106,0.064335
-0.053382,0.256600,0.065349
-0.050801,0.255610,0.065334
-0.049282,0.257060,0.066655
-0.046931,0.256370,0.065781
-0.048186,0.257483,0.065289
-0.043816,0.255435,0.063955
-0.044759,0.255736,0.064901
-0.043703,0.256354,0.063437
-0.041033,0.255437,0.065281
-0.042644,0.255208,0.062390
-0.037547,0.255642,0.062001
-0.037658,0.254171,0.062878
-0.034828,0.254748,0.063129
-0.036838,0.256231,0.061984
-0.033098,0.256707,0.062144
-0.031268,0.254194,0.063637
-0.029786,0.255636,0.062928
-0.029271,0.253983,0.061926
-0.025901,0.255566,0.063086
-0.024844,0.255775,0.062978
-0.025260,0.257011,0.062820
-0.023800,0.256189,0.063983
-0.021855,0.255503,0.064317
-0.020212,0.256147,0.065307
-0.020739,0.256493,0.065223
-0.020785,0.255352,0.065343
-0.017161,0.256507,0.063964
-0.015983,0.258157,0.064743
-0.014005,0.254592,0.065098
-0.012213,0.255538,0.064225
-0.011992,0.255685,0.064817
-0.009015,0.256491,0.064861
-0.008923,0.256093,0.064869
-0.006866,0.258312,0.065896
-0.004622,0.256885,0.064237
-0.005069,0.256366,0.065139
-0.002946,0.256481,0.064900
-0.002379,0.256656,0.064868
0.000168,0.257050,0.064941
0.001612,0.254777,0.066625
0.005132,0.254574,0.066094
0.002548,0.255474,0.064178
0.006119,0.256048,0.065763
0.005725,0.255004,0.065595
0.007551,0.254721,0.063699
0.009762,0.257837,0.066615
0.009240,0.257547,0.065294
0.010048,0.254212,0.065855
0.010255,0.255829,0.066493
0.014092,0.256166,0.063203
0.015725,0.255006,0.064450
0.017932,0.256935,0.062341
0.019350,0.256625,0.063681
0.019014,0.254749,0.063501
0.020308,0.255622,0.062781
0.021558,0.255861,0.061859
0.022060,0.255562,0.061858
0.024895,0.255546,0.062914
0.026968,0.255333,0.061880
0.028562,0.256254,0.063104
0.028587,0.255556,0.060938
0.030793,0.256078,0.060196
0.032142,0.254499,0.060422
0.031678,0.255728,0.060479
0.034770,0.256054,0.059428
0.034832,0.255441,0.058239
0.038186,0.255867,0.058991
0.038416,0.255394,0.058991
0.039546,0.256198,0.058799
0.039773,0.255010,0.056193
0.044013,0.256764,0.056433
0.043896,0.256915,0.056237
0.046297,0.257136,0.058192
0.047559,0.259031,0.056419
0.047153,0.257102,0.057734
0.050689,0.257943,0.054642
0.050187,0.255725,0.056063
0.052184,0.254853,0.053608
0.054835,0.256258,0.054594
0.055270,0.256809,0.057453
0.055944,0.256454,0.053393
0.057480,0.255257,0.053132
0.056509,0.255695,0.052603
0.061075,0.254849,0.053337
0.061686,0.256050,0.052312
0.065010,0.256768,0.052410
0.064764,0.255897,0.052600
0.066162,0.257311,0.049998
0.067432,0.256681,0.047975
0.067788,0.257590,0.049694
0.070954,0.256832,0.048872
0.071125,0.256539,0.048574
0.071905,0.258382,0.050625
0.074169,0.256240,0.046574
0.076529,0.256577,0.044841
0.078630,0.258451,0.048624
0.075967,0.255640,0.044879
0.081559,0.258131,0.044911
0.080823,0.257631,0.045170
0.084506,0.255547,0.043575
0.084003,0.256634,0.038535
0.087017,0.256774,0.040423
0.087643,0.257147,0.039811
0.087382,0.256332,0.035199
0.090429,0.257878,0.038200
0.091109,0.256260,0.035362
0.091421,0.256265,0.034669
0.095321,0.256964,0.031114
0.094451,0.257594,0.032160
0.099043,0.258131,0.031927
0.099206,0.258758,0.028895
0.099235,0.258194,0.028658
0.101488,0.258430,0.026719
0.100648,0.258034,0.027196
0.105580,0.258147,0.025199
0.105513,0.258535,0.022187
0.106280,0.257776,0.019213
0.107117,0.257605,0.018551
0.109596,0.257409,0.017849
0.108684,0.258332,0.015446
0.112229,0.257569,0.012435
0.115071,0.257354,0.012308
0.114348,0.257745,0.008009
0.115421,0.257165,0.005330
0.117309,0.258207,0.001561
0.119486,0.258216,0.000683
0.121398,0.257422,-0.002491
0.124305,0.258179,-0.006429
0.124174,0.258714,-0.013576
0.125834,0.261084,-0.019758
0.127141,0.262028,-0.032932
-0.114001,0.258924,-0.021813
-0.113867,0.259745,-0.005548
-0.110290,0.260077,0.000220
-0.109276,0.259222,0.006457
-0.107563,0.259315,0.010356
-0.105661,0.258388,0.015208
-0.104235,0.258750,0.018995
-0.104241,0.258348,0.019735
-0.100087,0.260399,0.023511
-0.099161,0.258548,0.026379
-0.097341,0.259118,0.028426
-0.096017,0.259099,0.030923
-0.093901,0.258289,0.032254
-0.095308,0.258037,0.034742
-0.092357,0.258744,0.037514
-0.089987,0.258049,0.038061
-0.090604,0.257404,0.040020
-0.088210,0.258783,0.040690
-0.088197,0.258883,0.041045
-0.084091,0.257492,0.045330
-0.082939,0.258333,0.046589
-0.082638,0.258507,0.048450
-0.081662,0.258224,0.055382
-0.079509,0.258389,0.055332
-0.078382,0.258317,0.055392
-0.077813,0.258098,0.058133
-0.074515,0.258414,0.058365
-0.073811,0.256726,0.060233
-0.073484,0.258681,0.061656
-0.070881,0.258999,0.063561
-0.070260,0.257280,0.062874
-0.066977,0.257172,0.064694
-0.068562,0.257447,0.065425
-0.062862,0.258099,0.067849
-0.065452,0.257964,0.067636
-0.064739,0.258917,0.069044
-0.060871,0.255782,0.067858
-0.059256,0.256160,0.066660
-0.059537,0.257480,0.067552
-0.056248,0.256816,0.067363
-0.056661,0.257026,0.067655
-0.054292,0.257695,0.069200
-0.053622,0.257065,0.068344
-0.052792,0.256844,0.068027
-0.051324,0.257531,0.069225
-0.049540,0.255762,0.066603
-0.048283,0.257791,0.068987
-0.047977,0.256073,0.067636
-0.045811,0.257826,0.067194
-0.044317,0.257187,0.067150
-0.041932,0.255943,0.066213
-0.041051,0.257362,0.065597
-0.040853,0.258736,0.064944
-0.040023,0.256056,0.064153
-0.037917,0.258137,0.065164
-0.035051,0.258442,0.063337
-0.034972,0.258306,0.064147
-0.032934,0.258552,0.061684
-0.032512,0.257432,0.062980
-0.029472,0.257889,0.062913
-0.028938,0.256904,0.062459
-0.027592,0.258088,0.064865
-0.027261,0.257737,0.063817
-0.024824,0.258316,0.061864
-0.022652,0.257394,0.063645
-0.021155,0.257098,0.063136
-0.020892,0.258366,0.064307
-0.019460,0.256404,0.063520
-0.018477,0.256858,0.063396
-0.016017,0.255549,0.065693
-0.016206,0.257192,0.064411
-0.015452,0.259337,0.064411
-0.011729,0.259422,0.064789
-0.011497,0.257141,0.062564
-0.010802,0.258966,0.064512
-0.006914,0.258294,0.065567
-0.008168,0.257352,0.064091
-0.004599,0.256159,0.064198
-0.003993,0.256927,0.065024
-0.004433,0.256683,0.063931
-0.002147,0.258707,0.063521
0.000037,0.257620,0.066490
-0.000023,0.254949,0.065475
0.002894,0.257811,0.064925
0.003492,0.256081,0.065929
0.005153,0.257171,0.064968
0.006739,0.259501,0.065134
0.006365,0.257423,0.066215
0.009014,0.258666,0.064745
0.009909,0.256193,0.065299
0.011125,0.257430,0.065916
0.012993,0.256839,0.065524
0.015722,0.259772,0.064361
0.015809,0.257600,0.062582
0.017625,0.258409,0.063620
0.017743,0.258197,0.064824
0.019859,0.256304,0.063560
0.020122,0.255366,0.063805
0.024100,0.254805,0.064304
0.024684,0.259248,0.061634
0.027075,0.256700,0.062994
0.027049,0.257551,0.062075
0.029273,0.256829,0.060663
0.030684,0.257347,0.060642
0.032240,0.257532,0.061310
0.033565,0.256926,0.060077
0.034996,0.259118,0.059939
0.035357,0.257752,0.060464
0.036320,0.257618,0.059680
0.038405,0.257200,0.060735
0.039305,0.258316,0.057687
0.040138,0.258839,0.056458
0.041492,0.258051,0.058084
0.041762,0.256982,0.058217
0.042533,0.257701,0.058355
0.044228,0.256598,0.057107
0.046921,0.258011,0.057491
0.047869,0.257095,0.056595
0.049990,0.258128,0.055724
0.051570,0.257962,0.055049
0.050886,0.258590,0.055302
0.053536,0.257494,0.056110
0.056441,0.259697,0.053496
0.055797,0.258747,0.053237
0.058091,0.259479,0.055324
0.058851,0.258613,0.052987
0.062798,0.256381,0.051174
0.063005,0.257878,0.050516
0.064907,0.256718,0.052821
0.065591,0.257644,0.051297
0.066432,0.259681,0.050583
0.067112,0.257487,0.050216
0.069343,0.259232,0.048878
0.070062,0.257221,0.049091
0.072560,0.258767,0.047888
0.072372,0.258387,0.046796
0.075784,0.256674,0.046897
0.074780,0.258923,0.047884
0.075545,0.259019,0.045354
0.078635,0.258733,0.044748
0.079756,0.258149,0.043613
0.080826,0.259996,0.043686
0.081842,0.259377,0.042650
0.083733,0.257602,0.040556
0.085567,0.258628,0.041386
0.085567,0.259016,0.039383
0.089001,0.259308,0.036732
0.090395,0.258488,0.037043
0.092724,0.259163,0.036606
0.094512,0.257129,0.035065
0.094211,0.256858,0.033781
0.095428,0.258099,0.033211
0.096547,0.258658,0.031208
0.096657,0.258350,0.031445
0.100007,0.257847,0.027257
0.101096,0.257489,0.026409
0.102897,0.259198,0.025062
0.103375,0.257883,0.024797
0.106419,0.259428,0.021321
0.106996,0.259862,0.019395
0.107483,0.260103,0.017819
0.109751,0.258859,0.016715
0.111094,0.259636,0.014774
0.111324,0.259301,0.011781
0.114759,0.259208,0.009776
0.115155,0.259472,0.007226
0.115989,0.259611,0.003989
0.118534,0.259481,0.003628
0.119699,0.259528,0.000562
0.122084,0.260015,-0.005315
0.120592,0.261193,-0.007903
0.124706,0.260327,-0.013443
0.124973,0.259087,-0.020411
0.128170,0.261949,-0.032491
-0.114747,0.261587,-0.017499
-0.113263,0.263279,-0.005357
-0.111408,0.261077,0.003006
-0.108528,0.259905,0.007499
-0.108519,0.261579,0.010822
-0.105488,0.261292,0.014843
-0.104259,0.259799,0.019390
-0.103139,0.261105,0.022124
-0.100371,0.260555,0.023768
-0.099752,0.261557,0.028046
-0.097172,0.260358,0.030231
-0.097200,0.259352,0.033497
-0.095330,0.260960,0.033454
-0.094522,0.261588,0.036081
-0.093348,0.260640,0.035832
-0.091992,0.259570,0.039770
-0.087791,0.260147,0.039746
-0.088393,0.261556,0.043042
-0.088034,0.258617,0.047990
-0.085889,0.261154,0.049574
-0.084023,0.260273,0.050088
-0.082308,0.261030,0.057549
-0.081597,0.260185,0.057641
-0.081170,0.259556,0.058830
-0.077986,0.260629,0.060731
-0.075859,0.261043,0.060989
-0.075824,0.259959,0.061412
-0.072921,0.259915,0.063927
-0.073253,0.256363,0.063407
-0.071823,0.259318,0.065196
-0.068886,0.260713,0.064132
-0.067958,0.259935,0.069107
-0.067517,0.259263,0.068247
-0.067244,0.260127,0.068701
-0.066052,0.260187,0.069715
-0.062432,0.260307,0.069725
-0.062327,0.259278,0.069312
-0.059337,0.256849,0.069743
-0.059727,0.259216,0.070583
-0.056960,0.260253,0.071566
-0.056353,0.258723,0.070806
-0.052614,0.257953,0.069020
-0.052786,0.259530,0.069838
-0.053340,0.261211,0.069626
-0.050401,0.258672,0.069421
-0.050590,0.259925,0.071133
-0.048065,0.258662,0.069731
-0.046389,0.259634,0.071599
-0.044501,0.258464,0.071073
-0.040959,0.257807,0.069713
-0.042791,0.258009,0.069470
-0.040902,0.258184,0.066802
-0.039615,0.259225,0.066740
-0.039817,0.258439,0.067122
-0.036590,0.259507,0.064734
-0.036781,0.258407,0.065202
-0.034902,0.258733,0.065238
-0.034484,0.257211,0.066633
-0.031270,0.259599,0.064161
-0.030705,0.260259,0.062393
-0.028230,0.259148,0.064331
-0.025758,0.258886,0.063208
-0.024587,0.259334,0.063824
-0.024345,0.259112,0.064150
-0.023365,0.259463,0.062238
-0.022577,0.260159,0.062516
-0.018422,0.260419,0.063445
-0.020176,0.259065,0.064157
-0.017637,0.258240,0.065828
-0.017182,0.257710,0.065415
-0.016762,0.258652,0.063876
-0.011590,0.259603,0.063034
-0.012538,0.257227,0.066284
-0.009724,0.258789,0.063255
-0.008048,0.260276,0.064481
-0.009574,0.257797,0.065171
-0.005833,0.257649,0.064343
-0.006281,0.258304,0.063328
-0.004599,0.260128,0.064819
-0.003836,0.259622,0.066140
-0.002795,0.260151,0.064410
0.000192,0.259190,0.065783
-0.000139,0.258373,0.065558
0.003454,0.258764,0.061902
0.003214,0.258569,0.066517
0.005232,0.258452,0.065987
0.005319,0.258403,0.065695
0.008198,0.257597,0.065866
0.008657,0.257663,0.065944
0.012236,0.260350,0.065310
0.011840,0.258933,0.065295
0.013610,0.260612,0.064540
0.015777,0.259129,0.063435
0.015998,0.259376,0.065060
0.019152,0.259954,0.062825
0.019998,0.258810,0.065887
0.020144,0.261262,0.066168
0.021918,0.258037,0.062821
0.021829,0.258399,0.063423
0.023637,0.259323,0.062333
0.024937,0.260195,0.061632
0.026431,0.258781,0.064232
0.027628,0.259836,0.061360
0.030018,0.259457,0.060201
0.030674,0.258718,0.058647
0.030338,0.261058,0.059962
0.033012,0.259377,0.059917
0.033727,0.259828,0.058994
0.035378,0.258256,0.061562
0.037679,0.259540,0.057933
0.038584,0.260157,0.057868
0.040051,0.259827,0.058598
0.043216,0.259799,0.058386
0.041980,0.256949,0.058411
0.047268,0.259667,0.057108
0.044866,0.258476,0.056512
0.045671,0.258538,0.057193
0.046980,0.259514,0.057353
0.049792,0.260543,0.056245
0.051150,0.259949,0.055172
0.051966,0.259055,0.054485
0.054235,0.259974,0.055162
0.056422,0.257997,0.053462
0.057988,0.259806,0.054395
0.058142,0.257532,0.052058
0.059338,0.258642,0.052656
0.060695,0.261101,0.053212
0.061831,0.261413,0.051516
0.063397,0.259873,0.052389
0.066149,0.260609,0.051366
0.066884,0.260657,0.049600
0.067489,0.259396,0.050223
0.070197,0.258426,0.047331
0.071424,0.259766,0.048346
0.073555,0.260821,0.047682
0.072580,0.261015,0.046676
0.072221,0.261506,0.047039
0.075864,0.260686,0.046608
0.078661,0.259521,0.046105
0.076919,0.259803,0.043530
0.080525,0.260788,0.043300
0.080237,0.260194,0.043454
0.083226,0.260527,0.041519
0.084385,0.258819,0.040311
0.086678,0.259815,0.039523
0.086563,0.260125,0.038422
0.089231,0.262069,0.037516
0.089049,0.258683,0.038266
0.089748,0.260531,0.035687
0.093638,0.260786,0.033903
0.093893,0.258944,0.032932
0.096068,0.262730,0.030738
0.095831,0.260203,0.030018
0.097966,0.259488,0.028667
0.101333,0.259015,0.027767
0.099844,0.261561,0.025610
0.101920,0.262163,0.023962
0.106302,0.262199,0.024862
0.106377,0.260833,0.021848
0.105759,0.260732,0.020151
0.108075,0.261831,0.019218
0.110065,0.260414,0.013942
0.110583,0.261133,0.014848
0.111940,0.262023,0.012861
0.113030,0.261291,0.010246
0.115420,0.262079,0.009706
0.116884,0.261493,0.005281
0.117180,0.262597,0.003454
0.119550,0.261469,-0.001753
0.121687,0.262453,-0.004790
0.121360,0.262252,-0.008929
0.123937,0.263303,-0.011660
0.126475,0.262914,-0.022144
0.127715,0.262415,-0.035306
-0.115143,0.263178,-0.021940
-0.114470,0.265959,-0.005663
-0.113710,0.262125,-0.001287
-0.111930,0.263080,0.007404
-0.107770,0.260952,0.009334
-0.107122,0.263661,0.013922
-0.105131,0.259793,0.016441
-0.103623,0.262794,0.023507
-0.103500,0.262916,0.023488
-0.101176,0.263807,0.027789
-0.100155,0.262581,0.028800
-0.098106,0.262084,0.029442
-0.097527,0.261613,0.032587
-0.095848,0.261147,0.035487
-0.093202,0.258970,0.038075
-0.091333,0.259829,0.040702
-0.091728,0.259918,0.040349
-0.091241,0.262737,0.042167
-0.086370,0.261755,0.045638
-0.086532,0.259948,0.048429
-0.085203,0.262402,0.051123
-0.084604,0.262511,0.054312
-0.083398,0.260682,0.056646
-0.081115,0.260659,0.061953
-0.080217,0.260722,0.062063
-0.079412,0.262158,0.062469
-0.075428,0.261613,0.063905
-0.074957,0.261023,0.064362
-0.073383,0.261517,0.065224
-0.071958,0.261670,0.064634
-0.072115,0.260943,0.067291
-0.071212,0.260297,0.068359
-0.068746,0.258734,0.069403
-0.065810,0.260456,0.070822
-0.065444,0.259831,0.070239
-0.063907,0.261119,0.072734
-0.062111,0.258408,0.071178
-0.061985,0.260785,0.071945
-0.059567,0.261254,0.071699
-0.058390,0.258972,0.070905
-0.056700,0.261236,0.072635
-0.054934,0.261323,0.069743
-0.053427,0.259829,0.072420
-0.053296,0.259566,0.071729
-0.051852,0.261230,0.070846
-0.050050,0.259299,0.072450
-0.048875,0.259645,0.073021
-0.046636,0.260500,0.072743
-0.046393,0.261602,0.074465
-0.044353,0.259637,0.071189
-0.043977,0.259710,0.071723
-0.042304,0.259700,0.071624
-0.042008,0.262141,0.069935
-0.037632,0.260333,0.069332
-0.039745,0.260886,0.069547
-0.037120,0.261304,0.067644
-0.036186,0.260012,0.067427
-0.033980,0.261101,0.067615
-0.033777,0.262421,0.065409
-0.033136,0.260798,0.065731
-0.028585,0.261060,0.067766
-0.028905,0.259627,0.066083
-0.028245,0.259999,0.064767
-0.025218,0.259375,0.065298
-0.027370,0.261322,0.065133
-0.024037,0.259892,0.064682
-0.022085,0.259062,0.064690
-0.020762,0.261091,0.062547
-0.021451,0.261114,0.062743
-0.019277,0.262073,0.063458
-0.016733,0.258771,0.064158
-0.016485,0.258808,0.064611
-0.014556,0.260639,0.063455
-0.013395,0.258234,0.064770
-0.010664,0.261540,0.062751
-0.009305,0.260322,0.061665
-0.007446,0.260796,0.064482
-0.006865,0.261070,0.064295
-0.007170,0.260659,0.065315
-0.004110,0.261828,0.064909
-0.003557,0.259815,0.065420
0.000579,0.260296,0.064995
-0.000883,0.261142,0.063859
-0.000354,0.259150,0.065510
0.000552,0.259451,0.063848
0.003079,0.258795,0.064036
0.004115,0.261507,0.065184
0.006455,0.261920,0.064270
0.007776,0.261630,0.066351
0.010122,0.260667,0.066334
0.011377,0.259037,0.064473
0.012247,0.261095,0.063430
0.011802,0.262070,0.065361
0.012398,0.260450,0.066223
0.015049,0.259738,0.063349
0.016660,0.259569,0.063867
0.018180,0.260195,0.062758
0.020417,0.261008,0.063914
0.019570,0.260919,0.061772
0.022733,0.261727,0.063596
0.024947,0.261014,0.063140
0.025367,0.259400,0.063317
0.025756,0.259295,0.061218
0.027946,0.260323,0.060620
0.029042,0.260059,0.060773
0.030201,0.261660,0.059199
0.031286,0.261450,0.060288
0.032955,0.261270,0.059753
0.035243,0.259995,0.059096
0.036122,0.260473,0.060155
0.036934,0.261749,0.058436
0.039110,0.260537,0.058318
0.039267,0.261604,0.059939
0.044232,0.262321,0.058264
0.044761,0.260058,0.057434
0.046553,0.260471,0.057623
0.045443,0.260783,0.056205
0.047432,0.260894,0.057486
0.048560,0.260246,0.055824
0.050040,0.261576,0.054361
0.052452,0.263208,0.055427
0.052805,0.260017,0.055036
0.054363,0.261947,0.054194
0.055988,0.259905,0.054909
0.055140,0.260452,0.053095
0.056929,0.260269,0.054963
0.060645,0.261920,0.052342
0.061021,0.261117,0.052273
0.061446,0.261628,0.052795
0.063491,0.259990,0.052511
0.064305,0.262056,0.051427
0.066674,0.260861,0.049469
0.067703,0.261087,0.048645
0.067896,0.261405,0.048428
0.070681,0.260284,0.048085
0.071389,0.262656,0.046859
0.072973,0.261253,0.047320
0.073718,0.262140,0.046761
0.077154,0.260777,0.047439
0.077727,0.260972,0.045385
0.079071,0.261827,0.044440
0.078998,0.262386,0.041959
0.081040,0.262405,0.041827
0.083341,0.261598,0.041068
0.085272,0.261280,0.040048
0.084865,0.262508,0.039828
0.086758,0.263161,0.037998
0.088906,0.261376,0.037790
0.089446,0.262179,0.036588
0.093332,0.262012,0.034287
0.093342,0.261549,0.032681
0.094501,0.262006,0.029626
0.093772,0.262267,0.031866
0.096410,0.262446,0.029996
0.099658,0.261961,0.027518
0.099795,0.261941,0.025566
0.100806,0.260176,0.024742
0.102500,0.260731,0.026387
0.106107,0.264031,0.022914
0.104679,0.260932,0.022495
0.105953,0.262422,0.018729
0.107221,0.263547,0.018315
0.109040,0.261326,0.015998
0.110090,0.262127,0.013159
0.111332,0.263188,0.014073
0.114890,0.262361,0.009636
0.114118,0.261584,0.007388
0.117845,0.262762,0.006679
0.118305,0.262307,0.000244
0.120300,0.262332,0.000705
0.120077,0.262882,-0.003368
0.122654,0.263124,-0.009204
0.124519,0.262541,-0.014269
0.126646,0.265491,-0.020177
0.129047,0.264753,-0.036036
-0.115500,0.264992,-0.014736
-0.113893,0.265260,-0.002256
-0.110317,0.265535,0.001301
-0.111995,0.264364,0.008141
-0.108044,0.264713,0.011804
-0.107468,0.262642,0.017017
-0.105296,0.264723,0.020494
-0.104740,0.264386,0.021360
-0.102859,0.262711,0.025279
-0.100838,0.263612,0.026022
-0.101216,0.262996,0.031601
-0.097656,0.264080,0.035231
-0.097090,0.263599,0.037186
-0.094897,0.263475,0.037963
-0.094713,0.262796,0.040208
-0.091812,0.263238,0.040183
-0.091368,0.262067,0.044788
-0.090230,0.263554,0.046691
-0.087351,0.262865,0.049121
-0.085246,0.264104,0.052630
-0.085384,0.262157,0.055620
-0.084555,0.261327,0.058494
-0.081844,0.262226,0.062758
-0.081538,0.263913,0.064001
-0.078614,0.262207,0.063440
-0.076290,0.263563,0.065815
-0.077094,0.261347,0.066040
-0.075742,0.262204,0.068459
-0.072642,0.263515,0.067746
-0.073002,0.262196,0.068915
-0.070397,0.262441,0.071030
-0.068424,0.261444,0.070429
-0.069560,0.262643,0.072732
-0.065433,0.261068,0.072632
-0.064219,0.262770,0.073505
-0.064047,0.262548,0.073882
-0.062824,0.263659,0.074031
-0.062183,0.261814,0.073328
-0.060016,0.262205,0.074474
-0.058781,0.263790,0.072394
-0.058427,0.262420,0.071862
-0.055130,0.259271,0.074244
-0.055986,0.261328,0.073719
-0.052587,0.261936,0.074005
-0.050322,0.261705,0.075418
-0.050865,0.262698,0.074764
-0.049049,0.259864,0.075439
-0.046641,0.263364,0.076635
-0.047366,0.261849,0.074751
-0.045980,0.262001,0.073522
-0.043947,0.260612,0.073524
-0.041646,0.263230,0.071523
-0.039948,0.261800,0.071111
-0.038156,0.262808,0.071766
-0.037747,0.263450,0.068448
-0.038633,0.262594,0.070079
-0.034860,0.262652,0.070312
-0.034139,0.261075,0.069201
-0.033194,0.261465,0.068024
-0.031416,0.263807,0.067790
-0.031052,0.261394,0.067357
-0.027466,0.261308,0.067709
-0.026697,0.262314,0.066146
-0.026376,0.261804,0.067711
-0.026010,0.261647,0.066743
-0.023564,0.262795,0.065617
-0.023243,0.261671,0.064884
-0.018563,0.264292,0.063706
-0.017932,0.261576,0.063752
-0.018868,0.263100,0.062819
-0.016908,0.262594,0.064013
-0.013664,0.261128,0.064256
-0.014109,0.261093,0.061735
-0.012334,0.261133,0.064860
-0.011357,0.262274,0.062713
-0.009901,0.263316,0.062825
-0.008640,0.260552,0.064374
-0.006307,0.260914,0.063570
-0.004661,0.262231,0.064748
-0.005044,0.261589,0.063158
-0.002859,0.260422,0.063984
-0.003039,0.262430,0.063806
-0.000717,0.260832,0.063537
0.000203,0.262314,0.064643
0.002072,0.261817,0.065404
0.003300,0.261905,0.066199
0.003759,0.261793,0.066617
0.006590,0.261476,0.064935
0.006993,0.263967,0.064411
0.010575,0.262708,0.065176
0.010492,0.262173,0.064023
0.011432,0.261538,0.063458
0.012259,0.261733,0.065923
0.013808,0.262997,0.062841
0.016426,0.264730,0.064495
0.019016,0.261774,0.062818
0.018830,0.263090,0.063535
0.019693,0.261656,0.063512
0.019954,0.262459,0.062833
0.021432,0.262544,0.061175
0.023986,0.264149,0.063936
0.025856,0.263595,0.061553
0.026852,0.261891,0.062219
0.028263,0.262125,0.061199
0.030335,0.260101,0.060417
0.030696,0.262231,0.059634
0.034701,0.264304,0.061318
0.034456,0.262030,0.060201
0.034402,0.262309,0.059351
0.037241,0.263789,0.059081
0.036797,0.263979,0.059390
0.037853,0.263174,0.058021
0.039458,0.262988,0.058364
0.042955,0.261621,0.057928
0.042208,0.260405,0.057903
0.043790,0.260895,0.056203
0.045549,0.262829,0.058459
0.047597,0.263949,0.058758
0.048471,0.263231,0.056823
0.050683,0.262287,0.057269
0.051369,0.262987,0.056652
0.053080,0.263040,0.056682
0.054869,0.263835,0.052280
0.055207,0.262761,0.054283
0.057172,0.262321,0.054395
0.057101,0.261809,0.054275
0.059966,0.262476,0.052767
0.059885,0.262560,0.051726
0.061427,0.263408,0.052084
0.063816,0.263006,0.052477
0.062975,0.262812,0.052533
0.066559,0.262197,0.049113
0.066546,0.263803,0.051354
0.068653,0.262445,0.049764
0.070571,0.263340,0.046704
0.071779,0.264462,0.047268
0.070695,0.263381,0.046497
0.073790,0.263047,0.043994
0.075567,0.262891,0.046260
0.079139,0.263283,0.044686
0.080174,0.262731,0.043975
0.079406,0.265174,0.043191
0.080727,0.264860,0.042854
0.082257,0.263770,0.041769
0.083572,0.263686,0.040390
0.086931,0.262967,0.037323
0.086794,0.262142,0.037918
0.087378,0.263594,0.037347
0.088413,0.263181,0.036035
0.092099,0.261944,0.035341
0.092821,0.262700,0.033575
0.093199,0.263424,0.032223
0.092836,0.264342,0.032344
0.095624,0.262876,0.028928
0.096672,0.264526,0.026621
0.099714,0.262999,0.025346
0.100733,0.262851,0.026136
0.101768,0.264465,0.023963
0.103093,0.264346,0.021594
0.105033,0.264585,0.019148
0.108541,0.265822,0.018050
0.107638,0.265562,0.017715
0.108251,0.264702,0.015750
0.111427,0.264314,0.012443
0.110176,0.265229,0.011515
0.112991,0.265859,0.010536
0.116049,0.265637,0.006281
0.117068,0.263967,0.003866
0.115972,0.264364,0.000404
0.119471,0.264004,-0.002706
0.120195,0.266791,-0.006132
0.120123,0.263681,-0.009506
0.125012,0.268232,-0.014635
0.124972,0.264853,-0.024348
0.129672,0.266272,-0.036096
-0.118252,0.265636,-0.018701
-0.116185,0.267798,-0.005929
-0.112849,0.266882,-0.002545
-0.113940,0.266686,0.004454
-0.108202,0.265515,0.010037
-0.109341,0.265308,0.012518
-0.105989,0.263592,0.016286
-0.105861,0.267357,0.019091
-0.103532,0.265163,0.024216
-0.104028,0.264996,0.027296
-0.099940,0.264719,0.029097
-0.099976,0.265152,0.031844
-0.097424,0.263882,0.032826
-0.095126,0.265254,0.037273
-0.094085,0.266779,0.038099
-0.094500,0.262447,0.041093
-0.091623,0.265092,0.044037
-0.090382,0.265127,0.048860
-0.088779,0.265499,0.049831
-0.087842,0.264578,0.053691
-0.084580,0.264095,0.057004
-0.085218,0.263388,0.060302
-0.084301,0.264636,0.064053
-0.082049,0.263536,0.065390
-0.081337,0.262919,0.065326
-0.078729,0.264821,0.068069
-0.075991,0.266396,0.068868
-0.075502,0.263396,0.069321
-0.072535,0.262690,0.069681
-0.072755,0.263012,0.071406
-0.071308,0.263017,0.071450
-0.069859,0.265462,0.073712
-0.070879,0.264542,0.073100
-0.067635,0.264143,0.075052
-0.067436,0.263286,0.073462
-0.066581,0.262918,0.073504
-0.063676,0.263776,0.076300
-0.063139,0.261568,0.073368
-0.062129,0.264082,0.075072
-0.060117,0.263758,0.075243
-0.057315,0.263359,0.076534
-0.057930,0.264113,0.076328
-0.054108,0.264271,0.076468
-0.056120,0.264465,0.075599
-0.053162,0.263323,0.075832
-0.051229,0.263739,0.075111
-0.049204,0.263499,0.077958
-0.047123,0.262996,0.075880
-0.046646,0.263422,0.075943
-0.045444,0.262888,0.075484
-0.044290,0.263512,0.076170
-0.044279,0.264248,0.074186
-0.042383,0.263766,0.074267
-0.041536,0.264007,0.072170
-0.038609,0.263258,0.073895
-0.037828,0.263377,0.075158
-0.036361,0.262733,0.071865
-0.034923,0.263426,0.071791
-0.032461,0.263273,0.071011
-0.032244,0.263628,0.069345
-0.029330,0.264228,0.069678
-0.030376,0.263144,0.068231
-0.027342,0.261747,0.068128
-0.028217,0.263219,0.068174
-0.026732,0.262421,0.066963
-0.023937,0.265245,0.068042
-0.022605,0.264842,0.066538
-0.021549,0.263932,0.066561
-0.021246,0.263957,0.066884
-0.018859,0.264250,0.065298
-0.015722,0.264159,0.065635
-0.016100,0.265448,0.065541
-0.016197,0.263389,0.064097
-0.012749,0.262757,0.063062
-0.012573,0.263297,0.064036
-0.010106,0.264462,0.064125
-0.009722,0.265798,0.062705
-0.007892,0.264225,0.062245
-0.007478,0.265143,0.062661
-0.004900,0.262277,0.064653
-0.004946,0.263103,0.064961
-0.003542,0.263435,0.064991
-0.003833,0.263253,0.063953
-0.001499,0.262480,0.064978
0.000153,0.263072,0.064893
0.002425,0.264587,0.062967
0.002640,0.263376,0.063868
0.006922,0.263869,0.065624
0.005798,0.265034,0.064710
0.007232,0.263890,0.067094
0.010626,0.260896,0.064168
0.010738,0.263899,0.065782
0.010659,0.263702,0.062614
0.013643,0.263244,0.062016
0.017688,0.264675,0.063186
0.015399,0.263228,0.061117
0.017794,0.264924,0.063365
0.017447,0.264006,0.065210
0.020735,0.264837,0.065114
0.022599,0.264807,0.064783
0.022280,0.263044,0.062204
0.024092,0.263532,0.063569
0.023576,0.264342,0.062253
0.025732,0.264433,0.062926
0.027772,0.264330,0.062193
0.030298,0.263920,0.059915
0.030240,0.264741,0.060299
0.033438,0.263791,0.060197
0.033135,0.264441,0.058927
0.033840,0.262629,0.059981
0.037390,0.262569,0.058528
0.039703,0.263684,0.058857
0.038627,0.262512,0.059882
0.040670,0.262383,0.058674
0.041538,0.265032,0.058399
0.041341,0.265027,0.059136
0.042655,0.263925,0.057515
0.043716,0.263975,0.058030
0.045000,0.263701,0.058871
0.047826,0.264773,0.057079
0.047810,0.263753,0.056789
0.051906,0.264519,0.054860
0.054129,0.263527,0.053498
0.054460,0.266732,0.054912
0.055733,0.264614,0.053892
0.057497,0.264954,0.052252
0.057892,0.263546,0.053291
0.059437,0.265066,0.051668
0.059461,0.263514,0.052317
0.063576,0.263222,0.051981
0.062848,0.262947,0.052060
0.064291,0.264108,0.049952
0.067674,0.265087,0.048454
0.069824,0.263736,0.049086
0.071380,0.265240,0.048680
0.071166,0.265638,0.045125
0.071087,0.265122,0.046038
0.073441,0.263743,0.045531
0.073335,0.263094,0.046646
0.074431,0.264768,0.045211
0.076540,0.266197,0.042539
0.078318,0.263784,0.043191
0.078467,0.266331,0.043086
0.082322,0.265619,0.042548
0.083709,0.263565,0.040439
0.084328,0.264931,0.039570
0.084441,0.265923,0.037283
0.086337,0.265364,0.036103
0.089005,0.264536,0.035937
0.089895,0.266272,0.036538
0.091736,0.264837,0.033816
0.092655,0.265556,0.031398
0.094120,0.265712,0.031354
0.094990,0.265889,0.031102
0.096282,0.264669,0.028726
0.098187,0.265874,0.026147
0.099324,0.265184,0.024786
0.100384,0.264790,0.025338
0.101432,0.265304,0.022795
0.104276,0.266119,0.020476
0.105313,0.266532,0.017144
0.107982,0.264432,0.018224
0.108173,0.266179,0.015981
0.109654,0.263814,0.015314
0.110924,0.265980,0.013366
0.111401,0.265699,0.011604
0.111437,0.265846,0.008700
0.115587,0.267090,0.005565
0.117416,0.264930,0.003956
0.117834,0.267566,0.001171
0.119273,0.266568,0.002482
0.118791,0.269543,-0.006227
0.122939,0.266843,-0.012876
0.124838,0.268059,-0.015935
0.126827,0.269475,-0.024967
0.126513,0.268912,-0.033565
-0.117492,0.270460,-0.022148
-0.117529,0.267753,-0.012945
-0.115440,0.267217,-0.004972
-0.114249,0.265781,0.002832
-0.112681,0.269559,0.005158
-0.110254,0.266401,0.011051
-0.108976,0.266725,0.015825
-0.108260,0.267523,0.019824
-0.106677,0.267771,0.022489
-0.103226,0.265564,0.023498
-0.101753,0.265999,0.028171
-0.100919,0.267702,0.031251
-0.099748,0.266498,0.033860
-0.098413,0.265360,0.035214
-0.096555,0.267044,0.038992
-0.095161,0.266671,0.041999
-0.092705,0.266045,0.045813
-0.092328,0.265697,0.047828
-0.088712,0.266563,0.052045
-0.090856,0.265442,0.053953
-0.085749,0.266382,0.059221
-0.085493,0.266096,0.062600
-0.084337,0.266289,0.065666
-0.082683,0.265862,0.067685
-0.081955,0.264687,0.066880
-0.079560,0.263754,0.067964
-0.078723,0.263801,0.069006
-0.076562,0.265274,0.069033
-0.076533,0.263263,0.071060
-0.077091,0.264732,0.071688
-0.072999,0.265657,0.073515
-0.071954,0.265994,0.074424
-0.072652,0.262911,0.073658
-0.071221,0.266129,0.076777
-0.068495,0.264299,0.074086
-0.065478,0.265617,0.076274
-0.065601,0.264006,0.072979
-0.063293,0.264943,0.076523
-0.062386,0.263875,0.077943
-0.062133,0.263959,0.075712
-0.058608,0.265887,0.076508
-0.059747,0.266428,0.075840
-0.056779,0.266200,0.075951
-0.054180,0.265101,0.077117
-0.054748,0.263675,0.076694
-0.053137,0.263514,0.077054
-0.052850,0.263513,0.076984
-0.049329,0.263215,0.078181
-0.049163,0.264060,0.076772
-0.047434,0.264340,0.077879
-0.045886,0.264047,0.076345
-0.044648,0.264224,0.077119
-0.043888,0.263509,0.076370
-0.042919,0.263147,0.076832
-0.040619,0.265205,0.076010
-0.039006,0.264055,0.075800
-0.038226,0.265223,0.074932
-0.037137,0.265049,0.074650
-0.035442,0.263964,0.072082
-0.032980,0.266076,0.074810
-0.031871,0.265926,0.072395
-0.032101,0.263914,0.072405
-0.030072,0.263626,0.070911
-0.028349,0.264623,0.070589
-0.025820,0.264049,0.067789
-0.027119,0.264021,0.069908
-0.025947,0.264551,0.068745
-0.022220,0.266225,0.067555
-0.021576,0.264907,0.067494
-0.021813,0.265857,0.069886
-0.019822,0.265523,0.068337
-0.017398,0.264070,0.067657
-0.016386,0.265077,0.067994
-0.015895,0.264068,0.066844
-0.014481,0.265081,0.064510
-0.012942,0.266052,0.065260
-0.011054,0.266607,0.065196
-0.010735,0.265644,0.065687
-0.008053,0.264590,0.063205
-0.007185,0.265323,0.066734
-0.004817,0.265989,0.065729
-0.004601,0.264351,0.064016
-0.002903,0.264508,0.063892
-0.001573,0.265719,0.064921
0.000894,0.266113,0.062829
0.001248,0.265494,0.064485
0.000944,0.266126,0.065243
0.002094,0.263523,0.065014
0.004466,0.265785,0.066340
0.005532,0.264671,0.065060
0.007923,0.265589,0.065740
0.007598,0.265664,0.064488
0.009711,0.265837,0.063242
0.012291,0.264976,0.064460
0.014513,0.266881,0.063472
0.014969,0.265562,0.065831
0.016089,0.263337,0.061545
0.018232,0.266255,0.062929
0.019009,0.265996,0.065102
0.019238,0.266438,0.061826
0.021975,0.266346,0.063447
0.023178,0.265136,0.062115
0.023220,0.264390,0.063827
0.025803,0.264397,0.062824
0.025956,0.263941,0.063069
0.028150,0.265780,0.061780
0.028151,0.265084,0.059946
0.030989,0.266608,0.059424
0.032246,0.265361,0.059775
0.032506,0.265491,0.062308
0.035389,0.264533,0.060358
0.037881,0.266155,0.060464
0.037585,0.265227,0.059889
0.038297,0.264491,0.057716
0.041157,0.266290,0.058536
0.040867,0.263417,0.057551
0.043563,0.266995,0.057683
0.045595,0.266508,0.057941
0.044946,0.266045,0.056379
0.047658,0.265111,0.058925
0.047516,0.264704,0.054734
0.048526,0.266294,0.055539
0.051524,0.262785,0.056267
0.051524,0.265514,0.054403
0.055765,0.267581,0.053438
0.054172,0.265746,0.054460
0.055794,0.265551,0.052355
0.055758,0.264900,0.054224
0.060713,0.265391,0.052063
0.060364,0.265447,0.051495
0.061921,0.266273,0.050621
0.064848,0.265418,0.051165
0.066418,0.266796,0.050053
0.063775,0.266078,0.049222
0.067892,0.266397,0.048275
0.067936,0.264342,0.048862
0.070948,0.265783,0.046655
0.071129,0.265972,0.046783
0.074642,0.266313,0.045128
0.074165,0.265921,0.045053
0.077614,0.264876,0.043884
0.076783,0.267161,0.044163
0.077004,0.267088,0.041075
0.079550,0.266138,0.041612
0.082063,0.263869,0.040095
0.082562,0.266111,0.038109
0.086447,0.267704,0.037497
0.085865,0.265746,0.038468
0.086639,0.266110,0.036988
0.087891,0.266712,0.035159
0.090543,0.266129,0.033529
0.093215,0.266617,0.033032
0.094130,0.267189,0.032386
0.092882,0.265447,0.030517
0.095565,0.266911,0.028019
0.098061,0.265582,0.028698
0.098322,0.267495,0.026915
0.099643,0.265897,0.026660
0.100942,0.266609,0.024729
0.102174,0.268134,0.022313
0.102448,0.267577,0.020449
0.105540,0.267202,0.018798
0.106841,0.267505,0.018583
0.107183,0.268017,0.016642
0.109337,0.266924,0.013575
0.110542,0.267466,0.012948
0.111901,0.267432,0.010272
0.113425,0.266089,0.008455
0.116203,0.267704,0.005435
0.117394,0.265698,0.002844
0.116481,0.269728,-0.000523
0.119889,0.268085,-0.004317
0.123519,0.268907,-0.006338
0.121914,0.268411,-0.011287
0.124926,0.269373,-0.018959
0.126103,0.267640,-0.024558
0.127029,0.269132,-0.033258
-0.118765,0.268864,-0.015489
-0.116260,0.269344,-0.007294
-0.116925,0.268231,-0.001126
-0.112265,0.269213,0.004818
-0.111178,0.269040,0.009757
-0.109642,0.270019,0.012781
-0.109038,0.268798,0.016087
-0.104825,0.271317,0.021478
-0.105673,0.270891,0.023774
-0.102432,0.268801,0.025764
-0.103117,0.268473,0.029212
-0.101603,0.267194,0.034062
-0.100172,0.266382,0.035439
-0.097286,0.268482,0.038850
-0.097522,0.266641,0.041800
-0.094703,0.268191,0.045414
-0.094426,0.267645,0.050211
-0.092160,0.266066,0.052589
-0.089544,0.266987,0.054962
-0.088223,0.266956,0.059294
-0.084172,0.265991,0.062910
-0.084532,0.266993,0.066667
-0.085503,0.265597,0.067736
-0.083943,0.265876,0.068887
-0.081156,0.265852,0.069246
-0.079705,0.267182,0.069374
-0.079828,0.268150,0.069069
-0.078716,0.266465,0.072732
-0.076864,0.266944,0.074137
-0.076085,0.265905,0.073103
-0.071845,0.265870,0.074205
-0.073520,0.267037,0.075839
-0.070953,0.266418,0.074363
-0.067904,0.267216,0.077676
-0.067331,0.266713,0.075909
-0.068371,0.266124,0.075987
-0.064946,0.265195,0.075260
-0.061327,0.264450,0.077226
-0.062577,0.266384,0.078094
-0.061522,0.266298,0.077180
-0.059392,0.265654,0.079095
-0.057841,0.265723,0.078914
-0.056933,0.266218,0.076952
-0.054954,0.265483,0.079658
-0.055322,0.267212,0.077267
-0.052608,0.265189,0.078850
-0.052723,0.265684,0.079301
-0.051099,0.267741,0.078675
-0.047329,0.266983,0.077535
-0.048197,0.266882,0.078690
-0.046153,0.266967,0.077968
-0.045751,0.265795,0.078444
-0.045017,0.265259,0.079423
-0.043873,0.265433,0.075081
-0.040296,0.266613,0.079845
-0.039824,0.266390,0.073893
-0.038187,0.265359,0.076334
-0.036792,0.265318,0.076302
-0.034853,0.268004,0.075923
-0.034309,0.268094,0.073744
-0.033710,0.266342,0.074673
-0.032721,0.265656,0.073914
-0.029622,0.266149,0.070519
-0.028346,0.265722,0.071550
-0.027011,0.266462,0.070185
-0.025346,0.266254,0.071275
-0.025712,0.266824,0.069290
-0.022946,0.265419,0.069768
-0.021564,0.266749,0.069964
-0.021549,0.267513,0.066937
-0.019792,0.266611,0.069324
-0.017385,0.265507,0.068441
-0.016227,0.266533,0.066362
-0.015344,0.266950,0.064533
-0.013829,0.268208,0.067926
-0.013517,0.265533,0.065362
-0.011824,0.265866,0.065109
-0.009320,0.266308,0.064281
-0.008464,0.268015,0.064976
-0.006346,0.267239,0.064649
-0.007486,0.266461,0.063761
-0.004913,0.266166,0.065481
-0.004573,0.267926,0.063993
-0.000587,0.266790,0.062601
-0.002258,0.265625,0.064236
0.002423,0.268393,0.062823
0.001629,0.265579,0.064541
0.003919,0.267123,0.062622
0.003824,0.265006,0.064419
0.003715,0.268254,0.065102
0.007959,0.266620,0.064600
0.009072,0.266625,0.064853
0.010259,0.267159,0.064111
0.010655,0.266560,0.062685
0.013138,0.266760,0.062314
0.014782,0.267642,0.063186
0.015236,0.267428,0.064098
0.017716,0.266710,0.065014
0.019406,0.267902,0.064043
0.019850,0.266938,0.063441
0.022938,0.265880,0.063848
0.021661,0.266005,0.062270
0.023019,0.267045,0.062540
0.025955,0.266728,0.062303
0.026075,0.267964,0.061037
0.029378,0.265741,0.061380
0.029040,0.266937,0.059990
0.030765,0.267467,0.060458
0.032446,0.266811,0.060670
0.033749,0.266894,0.058681
0.035584,0.266531,0.060109
0.036483,0.269004,0.058456
0.039406,0.267536,0.056087
0.038789,0.267225,0.058732
0.040081,0.266734,0.057387
0.042227,0.267131,0.057617
0.042147,0.266080,0.057486
0.044639,0.266347,0.057214
0.047173,0.267399,0.058081
0.045782,0.267180,0.059488
0.048797,0.266127,0.057845
0.049348,0.267114,0.056576
0.049835,0.267131,0.055513
0.053323,0.266784,0.054558
0.054170,0.267702,0.054717
0.054933,0.268834,0.053639
0.055113,0.267485,0.055340
0.057240,0.268432,0.053978
0.060910,0.265592,0.052659
0.060232,0.267212,0.051540
0.062333,0.266753,0.054143
0.062833,0.268408,0.051969
0.065209,0.268080,0.052461
0.065220,0.267711,0.049134
0.067728,0.267118,0.049708
0.068698,0.266967,0.047487
0.070074,0.266417,0.046465
0.069418,0.267057,0.046146
0.075109,0.267832,0.046293
0.074282,0.266515,0.043804
0.077080,0.269276,0.044572
0.077112,0.268761,0.044551
0.081304,0.266816,0.041028
0.080339,0.267202,0.040975
0.080684,0.268292,0.039064
0.081595,0.265499,0.039754
0.085243,0.269762,0.038479
0.087643,0.269012,0.036849
0.086284,0.267353,0.036086
0.088021,0.268185,0.034288
0.089085,0.267621,0.033663
0.090035,0.266762,0.032477
0.091679,0.269572,0.031591
0.093588,0.269344,0.030124
0.096342,0.267018,0.029219
0.096332,0.267848,0.026219
0.098956,0.268833,0.028018
0.098985,0.266889,0.025616
0.102114,0.268121,0.022675
0.102072,0.269084,0.023173
0.103686,0.268360,0.020319
0.105894,0.266821,0.020717
0.107653,0.268862,0.017120
0.109440,0.270353,0.016346
0.110394,0.269631,0.014060
0.110478,0.268685,0.011305
0.113666,0.270978,0.009047
0.113436,0.269320,0.007143
0.114108,0.269619,0.005146
0.116826,0.269704,0.002401
0.118391,0.270514,0.000445
0.119840,0.270857,-0.003747
0.122293,0.270882,-0.008363
0.121947,0.271252,-0.010790
0.123226,0.269998,-0.017771
0.126698,0.271738,-0.025270
-0.120240,0.271456,-0.020565
-0.116287,0.271262,-0.010796
-0.115860,0.271409,-0.003231
-0.113381,0.271434,0.001205
-0.113552,0.271479,0.004790
-0.113052,0.270691,0.011784
-0.108285,0.271054,0.014463
-0.107544,0.270867,0.018516
-0.105880,0.269064,0.022469
-0.104179,0.271758,0.027623
-0.103286,0.269804,0.028087
-0.103133,0.270249,0.033053
-0.100071,0.269816,0.033818
-0.098939,0.269674,0.039377
-0.098656,0.270395,0.042212
-0.095700,0.269992,0.046210
-0.095943,0.266881,0.048407
-0.092774,0.269722,0.053442
-0.092006,0.268464,0.056989
-0.092605,0.269697,0.060560
-0.087962,0.267333,0.063510
-0.087573,0.268391,0.065263
-0.085280,0.268610,0.068032
-0.084324,0.268103,0.068814
-0.081338,0.268229,0.068980
-0.080844,0.270973,0.071136
-0.080053,0.267703,0.070644
-0.077480,0.268034,0.070951
-0.078043,0.269692,0.073026
-0.076840,0.269729,0.073934
-0.074078,0.267483,0.073237
-0.073525,0.266753,0.075349
-0.072032,0.267757,0.074876
-0.069508,0.267146,0.076588
-0.069531,0.268711,0.078620
-0.065693,0.265205,0.078101
-0.065018,0.267283,0.077834
-0.064934,0.267411,0.078946
-0.063889,0.267767,0.077655
-0.061530,0.267482,0.078505
-0.061015,0.267671,0.078756
-0.058762,0.266159,0.079129
-0.059030,0.270732,0.077525
-0.056178,0.268214,0.079275
-0.055927,0.268236,0.080281
-0.055316,0.266255,0.080988
-0.054083,0.268141,0.079833
-0.050271,0.267860,0.080041
-0.049316,0.268894,0.079873
-0.050729,0.266439,0.080337
-0.047290,0.266480,0.078504
-0.044164,0.267937,0.079509
-0.044386,0.267073,0.080164
-0.044721,0.268955,0.078599
-0.043181,0.268010,0.078221
-0.041658,0.266355,0.079385
-0.039821,0.268426,0.078104
-0.039436,0.268834,0.076749
-0.036470,0.267954,0.077357
-0.035561,0.266998,0.076845
-0.035468,0.269096,0.077165
-0.033470,0.268807,0.075240
-0.031947,0.268114,0.074480
-0.030517,0.269108,0.073813
-0.029520,0.269138,0.073562
-0.027843,0.268742,0.071336
-0.027107,0.267752,0.072307
-0.023906,0.267611,0.071770
-0.023563,0.269965,0.069905
-0.021089,0.268356,0.066279
-0.020217,0.266966,0.067602
-0.020155,0.268327,0.068073
-0.016862,0.268698,0.067376
-0.017625,0.266578,0.068120
-0.017320,0.267757,0.066815
-0.013864,0.268854,0.066732
-0.010631,0.268385,0.066971
-0.012293,0.269099,0.064856
-0.009533,0.268525,0.064306
-0.006989,0.266794,0.065657
-0.006437,0.268010,0.064589
-0.003653,0.266526,0.066681
-0.005581,0.269420,0.065521
-0.002439,0.269220,0.064330
-0.002803,0.269392,0.063721
0.000799,0.267274,0.064656
0.000494,0.267923,0.064414
0.001700,0.268436,0.064650
0.005069,0.268800,0.064871
0.005436,0.269015,0.064389
0.005103,0.269107,0.064318
0.007214,0.269349,0.064585
0.008831,0.268310,0.062860
0.012213,0.268595,0.064586
0.011401,0.266910,0.064498
0.012954,0.269200,0.062244
0.013452,0.270411,0.061990
0.015083,0.266956,0.063334
0.018564,0.269580,0.064446
0.018506,0.268234,0.063442
0.020302,0.267573,0.063943
0.020873,0.269630,0.061826
0.021162,0.269490,0.062721
0.024881,0.268044,0.062406
0.025269,0.269785,0.062365
0.026384,0.268595,0.062059
0.029084,0.268979,0.061071
0.030162,0.265514,0.062718
0.031761,0.270758,0.058074
0.031613,0.269066,0.059745
0.034925,0.267297,0.061152
0.034135,0.269941,0.059529
0.035221,0.269567,0.057780
0.037838,0.269637,0.058703
0.039674,0.268526,0.059074
0.041900,0.267891,0.059490
0.039899,0.268963,0.057860
0.042903,0.266824,0.058906
0.043638,0.268516,0.058805
0.044527,0.267181,0.057618
0.046543,0.268492,0.056255
0.049683,0.269147,0.057100
0.050275,0.269990,0.054303
0.049507,0.268118,0.055163
0.052736,0.270550,0.053799
0.052828,0.267947,0.053877
0.055914,0.267518,0.054162
0.058794,0.268180,0.052160
0.057980,0.268209,0.052971
0.058125,0.270358,0.052787
0.061972,0.268090,0.051863
0.062003,0.268453,0.051734
0.063538,0.270123,0.050150
0.063752,0.269853,0.049915
0.066560,0.269426,0.047818
0.066799,0.268633,0.046380
0.070328,0.269166,0.046171
0.070097,0.270443,0.046945
0.072202,0.268042,0.049139
0.071896,0.269309,0.043843
0.076849,0.268414,0.042717
0.074667,0.267931,0.044860
0.077712,0.269092,0.042333
0.078942,0.269979,0.041610
0.079963,0.269902,0.040333
0.081270,0.268210,0.039170
0.082400,0.269643,0.038371
0.085972,0.270238,0.037498
0.084312,0.268033,0.037924
0.085264,0.268574,0.034794
0.088872,0.270087,0.035894
0.090825,0.269006,0.033892
0.088240,0.270477,0.032979
0.093104,0.269319,0.029598
0.093465,0.269965,0.030734
0.097160,0.269851,0.030589
0.094046,0.270915,0.027793
0.100363,0.269037,0.025928
0.097757,0.269619,0.024536
0.101767,0.271935,0.023934
0.103041,0.270510,0.020450
0.100784,0.270439,0.020429
0.103124,0.271038,0.017057
0.106968,0.271060,0.017032
0.106497,0.270914,0.013908
0.109509,0.272380,0.013248
0.110502,0.270671,0.011955
0.114100,0.269173,0.009090
0.111840,0.269121,0.007419
0.115935,0.270905,0.003867
0.116050,0.270743,0.001607
0.117938,0.271811,-0.000448
0.121884,0.272091,-0.006943
0.122080,0.272024,-0.009415
0.123675,0.271071,-0.011100
0.124789,0.271824,-0.019150
0.124950,0.272284,-0.026272
-0.120258,0.274957,-0.015907
-0.116668,0.271606,-0.006271
-0.117028,0.271845,-0.000555
-0.116130,0.272530,0.004283
-0.112190,0.271160,0.011094
-0.110812,0.272332,0.011837
-0.110279,0.270860,0.015396
-0.107367,0.273712,0.022016
-0.107778,0.273697,0.026647
-0.105247,0.271941,0.028095
-0.103295,0.271752,0.032325
-0.102832,0.271292,0.034077
-0.100943,0.271563,0.037021
-0.099820,0.269446,0.041947
-0.099164,0.269720,0.043745
-0.096315,0.269176,0.047666
-0.094203,0.269281,0.054684
-0.093534,0.269800,0.057901
-0.093633,0.271530,0.059845
-0.089196,0.270341,0.063545
-0.088839,0.269872,0.064412
-0.088420,0.270710,0.068621
-0.083487,0.268374,0.069616
-0.083039,0.270473,0.069793
-0.082503,0.269475,0.071723
-0.082626,0.271095,0.071956
-0.079938,0.269556,0.073285
-0.079608,0.267894,0.073135
-0.076332,0.268370,0.075521
-0.076575,0.267556,0.074484
-0.074924,0.270020,0.073703
-0.070944,0.269616,0.076950
-0.072282,0.267864,0.077309
-0.069770,0.267951,0.077630
-0.070643,0.268401,0.077317
-0.067825,0.269908,0.078709
-0.068017,0.268172,0.079493
-0.064756,0.268410,0.078541
-0.061870,0.268093,0.076622
-0.060783,0.267573,0.078701
-0.061364,0.269965,0.078972
-0.059610,0.268484,0.079029
-0.057084,0.270038,0.081802
-0.057447,0.270594,0.079109
-0.056030,0.269172,0.080157
-0.055815,0.269427,0.079344
-0.053204,0.268295,0.082078
-0.051208,0.269328,0.079173
-0.051524,0.268693,0.082130
-0.049165,0.270183,0.080897
-0.047148,0.269697,0.080765
-0.046534,0.270302,0.079251
-0.045102,0.269646,0.081429
-0.044096,0.268456,0.078513
-0.043813,0.269804,0.079871
-0.041009,0.269289,0.080057
-0.038947,0.270189,0.078916
-0.038456,0.266979,0.076352
-0.037500,0.268455,0.076483
-0.035599,0.267464,0.077120
-0.033352,0.267763,0.076181
-0.033501,0.268371,0.077635
-0.032039,0.269366,0.075998
-0.030076,0.268572,0.075021
-0.028127,0.269705,0.075946
-0.030380,0.270068,0.076570
-0.024921,0.270415,0.074919
-0.023741,0.269663,0.073136
-0.023343,0.270204,0.072244
-0.023247,0.269245,0.070622
-0.019111,0.270502,0.069101
-0.018977,0.271575,0.068565
-0.017325,0.268988,0.067740
-0.017434,0.270476,0.067083
-0.016250,0.269983,0.065440
-0.012361,0.268783,0.067625
-0.014466,0.270139,0.065219
-0.010469,0.270965,0.065906
-0.009054,0.269396,0.066082
-0.010237,0.270841,0.065429
-0.007639,0.271190,0.064931
-0.006125,0.268391,0.064300
-0.005034,0.270756,0.063876
-0.002878,0.268729,0.062875
-0.002371,0.270258,0.065983
-0.001009,0.269293,0.065903
0.001264,0.270701,0.066036
0.001425,0.271013,0.063430
0.002798,0.271028,0.062924
0.005141,0.269598,0.064651
0.005687,0.268874,0.064733
0.006888,0.268461,0.065127
0.009352,0.271371,0.064887
0.010851,0.269266,0.062990
0.010936,0.267966,0.061610
0.013044,0.270147,0.063057
0.014733,0.268558,0.065773
0.015869,0.269384,0.062913
0.018455,0.269125,0.062946
0.018302,0.270253,0.063448
0.019284,0.268665,0.063474
0.020501,0.270048,0.062872
0.020608,0.269559,0.063102
0.023022,0.269230,0.061238
0.025304,0.271612,0.060533
0.026443,0.269441,0.061560
0.029346,0.269889,0.060030
0.029069,0.272071,0.061107
0.030389,0.268296,0.058279
0.031365,0.269782,0.060591
0.034516,0.270797,0.059678
0.035595,0.270018,0.057758
0.037745,0.271572,0.059613
0.037502,0.270693,0.059062
0.039909,0.270143,0.057612
0.040316,0.269861,0.058810
0.041948,0.270146,0.057802
0.042855,0.269123,0.054560
0.044908,0.269799,0.057131
0.046154,0.271476,0.057792
0.046196,0.269632,0.056341
0.048396,0.270762,0.056429
0.050274,0.267588,0.056609
0.050504,0.270733,0.053560
0.054070,0.270582,0.055262
0.052984,0.270942,0.054834
0.053403,0.269021,0.052976
0.056155,0.270721,0.054197
0.058255,0.269874,0.052342
0.059546,0.269194,0.052393
0.062444,0.268160,0.052049
0.061852,0.270621,0.051960
0.062531,0.270849,0.051396
0.064688,0.270072,0.049230
0.064514,0.268877,0.047716
0.066191,0.269490,0.046199
0.068188,0.270223,0.047081
0.069634,0.271827,0.046693
0.073491,0.271441,0.046341
0.072250,0.272498,0.044322
0.074486,0.270663,0.043134
0.075557,0.268999,0.044854
0.078551,0.272981,0.043376
0.077340,0.271277,0.043067
0.080747,0.270746,0.039327
0.082398,0.271092,0.039609
0.082360,0.272294,0.038521
0.083922,0.271557,0.037731
0.085340,0.272158,0.035071
0.087595,0.270377,0.036429
0.087847,0.270615,0.034567
0.090525,0.270222,0.031389
0.090818,0.272183,0.031137
0.093476,0.271396,0.030252
0.094298,0.271536,0.028894
0.094921,0.271838,0.028756
0.095311,0.271881,0.025789
0.098084,0.270737,0.024546
0.101537,0.271523,0.024313
0.100883,0.270586,0.024164
0.102983,0.271537,0.021002
0.104458,0.273008,0.018847
0.103201,0.273242,0.019282
0.108495,0.272457,0.017065
0.108790,0.270748,0.015268
0.109534,0.269868,0.011995
0.111445,0.271293,0.013492
0.111571,0.272599,0.008447
0.115068,0.272049,0.006972
0.116809,0.272953,0.002904
0.116639,0.273244,0.002147
0.118908,0.271550,-0.001171
0.119368,0.272720,-0.003420
0.122382,0.273920,-0.009737
0.124934,0.272210,-0.013316
0.124486,0.275529,-0.019381
0.125489,0.274067,-0.026574
-0.122372,0.274046,-0.018646
-0.118709,0.274272,-0.009054
-0.117671,0.275631,-0.003466
-0.117213,0.274615,0.002228
-0.113597,0.272973,0.008239
-0.112613,0.273679,0.012418
-0.109769,0.272826,0.015108
-0.109939,0.272288,0.018499
-0.109067,0.273581,0.023966
-0.106900,0.273379,0.029030
-0.105886,0.270720,0.029435
-0.105299,0.274867,0.033707
-0.102307,0.272905,0.037794
-0.101449,0.273782,0.041130
-0.098482,0.271996,0.042399
-0.098031,0.274124,0.047130
-0.095454,0.272831,0.054230
-0.095240,0.272530,0.058110
-0.092416,0.271520,0.060751
-0.089866,0.271261,0.061384
-0.090877,0.272847,0.068353
-0.088403,0.271683,0.066501
-0.087145,0.271173,0.067611
-0.087534,0.271066,0.068936
-0.085596,0.271966,0.071736
-0.083083,0.270541,0.072507
-0.079722,0.272037,0.072732
-0.079972,0.270392,0.073473
-0.079418,0.273062,0.074540
-0.078038,0.271150,0.075073
-0.075467,0.272435,0.075805
-0.074372,0.271922,0.075407
-0.074039,0.270409,0.075078
-0.071289,0.268644,0.076736
-0.070195,0.270727,0.078361
-0.069361,0.271492,0.077717
-0.068656,0.268211,0.079035
-0.068118,0.271048,0.075931
-0.065515,0.269993,0.076070
-0.065299,0.271225,0.078041
-0.063880,0.269877,0.081301
-0.061061,0.270239,0.080088
-0.060096,0.270692,0.081207
-0.059235,0.269049,0.080223
-0.057797,0.270974,0.082789
-0.057900,0.270908,0.081808
-0.055914,0.270715,0.080120
-0.053551,0.269937,0.080832
-0.053203,0.271042,0.080898
-0.048969,0.271081,0.080337
-0.049808,0.271479,0.081837
-0.048537,0.271134,0.083163
-0.045906,0.270351,0.082222
-0.044511,0.271455,0.080565
-0.043147,0.270620,0.080987
-0.040229,0.270867,0.079499
-0.040906,0.272467,0.079738
-0.038511,0.271169,0.080004
-0.038096,0.270257,0.078119
-0.037546,0.271234,0.079771
-0.035910,0.270638,0.077156
-0.033763,0.271189,0.078990
-0.035112,0.271108,0.078785
-0.030516,0.272507,0.078254
-0.029916,0.269497,0.075823
-0.028092,0.270371,0.076511
-0.027501,0.269618,0.078151
-0.025762,0.269811,0.079307
-0.024777,0.270451,0.074533
-0.023560,0.271549,0.072084
-0.021035,0.271340,0.072494
-0.020825,0.271677,0.070360
-0.019933,0.269227,0.069024
-0.017098,0.272292,0.069527
-0.018278,0.271229,0.067852
-0.015058,0.273917,0.068860
-0.012957,0.271374,0.066316
-0.012911,0.272797,0.065786
-0.010985,0.270549,0.064941
-0.008744,0.271300,0.065546
-0.008038,0.272171,0.064549
-0.006184,0.270516,0.066383
-0.006602,0.272747,0.064501
-0.005856,0.272329,0.065978
-0.002904,0.272408,0.064554
-0.002315,0.272584,0.065823
-0.001032,0.271128,0.064421
-0.000414,0.271649,0.064830
0.002714,0.270169,0.065393
0.003152,0.272463,0.063549
0.005821,0.270933,0.063717
0.004842,0.271738,0.064484
0.007416,0.269699,0.064953
0.008847,0.272008,0.063275
0.011196,0.271105,0.063474
0.011003,0.271253,0.063398
0.011451,0.270530,0.062362
0.013486,0.270638,0.062777
0.015871,0.272662,0.064389
0.016554,0.273553,0.062630
0.020014,0.269983,0.063887
0.020451,0.270335,0.063094
0.021549,0.269972,0.062427
0.021678,0.273385,0.062714
0.024641,0.271260,0.061223
0.025319,0.271877,0.061157
0.027495,0.271206,0.060349
0.027841,0.272328,0.063507
0.028868,0.270987,0.060173
0.029773,0.271213,0.060375
0.031184,0.270613,0.059449
0.033562,0.271224,0.059778
0.035072,0.273050,0.059816
0.035589,0.272332,0.058462
0.038425,0.272229,0.059111
0.038854,0.273020,0.056861
0.039972,0.271483,0.057396
0.041117,0.272329,0.057815
0.043046,0.273278,0.057333
0.043336,0.271527,0.056906
0.046414,0.271932,0.056285
0.047144,0.270617,0.057375
0.047888,0.272373,0.055275
0.051199,0.272380,0.055455
0.050134,0.273604,0.054709
0.052713,0.271183,0.054921
0.054609,0.270998,0.053789
0.054738,0.270771,0.051631
0.058313,0.271004,0.052996
0.058232,0.271583,0.052350
0.058023,0.273740,0.051282
0.063359,0.271452,0.052169
0.061851,0.271601,0.049763
0.063558,0.271633,0.049270
0.064908,0.272967,0.049333
0.066282,0.272228,0.048405
0.068788,0.271997,0.046878
0.067509,0.273111,0.047068
0.070661,0.272693,0.045850
0.072266,0.272070,0.047459
0.073501,0.272020,0.042800
0.073791,0.271912,0.044215
0.077265,0.272245,0.044258
0.077279,0.272041,0.040486
0.078831,0.273078,0.041478
0.078809,0.274010,0.039058
0.081092,0.273208,0.040333
0.084224,0.272111,0.037998
0.086441,0.273409,0.038392
0.084346,0.272207,0.037307
0.087051,0.273310,0.035348
0.088615,0.273812,0.033985
0.089281,0.273455,0.032467
0.090422,0.272662,0.033094
0.092806,0.271995,0.030262
0.093645,0.272352,0.028429
0.095797,0.273356,0.027333
0.095214,0.274001,0.025688
0.099131,0.274053,0.024691
0.098361,0.275093,0.024309
0.101211,0.272356,0.022329
0.102691,0.274010,0.021058
0.102758,0.272333,0.020697
0.105354,0.274133,0.018756
0.105480,0.274662,0.017681
0.108875,0.274344,0.013454
0.110110,0.273852,0.012476
0.112514,0.273226,0.012236
0.110824,0.275555,0.008133
0.112698,0.274974,0.006333
0.115180,0.274420,0.003816
0.116122,0.272248,0.002892
0.116899,0.274960,-0.002478
0.119839,0.275546,-0.004736
0.120776,0.274148,-0.009095
0.122169,0.277081,-0.012513
0.123933,0.275013,-0.020595
0.124749,0.276983,-0.027682
-0.122215,0.278391,-0.019726
-0.121221,0.276358,-0.015105
-0.121310,0.276488,-0.004235
-0.117125,0.277207,-0.000002
-0.116297,0.277169,0.004866
-0.116357,0.275973,0.010794
-0.113763,0.274589,0.014350
-0.111136,0.275836,0.017772
-0.109569,0.275677,0.021078
-0.108143,0.274403,0.025423
-0.107542,0.275914,0.031089
-0.104674,0.274235,0.034041
-0.104810,0.274158,0.037782
-0.100429,0.274279,0.040835
-0.101701,0.273528,0.041482
-0.098950,0.272296,0.048494
-0.096941,0.274260,0.054532
-0.096074,0.273948,0.058586
-0.093355,0.274317,0.061311
-0.091484,0.274156,0.062149
-0.091019,0.273337,0.065192
-0.091403,0.272542,0.067450
-0.087484,0.272434,0.067642
-0.088657,0.273545,0.070094
-0.085556,0.272770,0.071192
-0.083872,0.273704,0.070282
-0.081805,0.272699,0.072261
-0.082509,0.272729,0.073531
-0.079438,0.273847,0.072880
-0.077268,0.273253,0.074903
-0.078617,0.271536,0.075482
-0.076854,0.273141,0.077787
-0.075500,0.272327,0.075574
-0.070724,0.271885,0.075570
-0.071427,0.272075,0.076931
-0.072076,0.274530,0.077370
-0.068364,0.272127,0.079268
-0.069223,0.273212,0.077941
-0.066579,0.272539,0.080513
-0.065424,0.272042,0.080347
-0.062722,0.274128,0.081303
-0.061533,0.273962,0.080306
-0.059737,0.272144,0.079531
-0.059768,0.271604,0.080378
-0.057659,0.274374,0.081280
-0.058860,0.273658,0.080869
-0.056329,0.271936,0.080897
-0.053797,0.271520,0.081391
-0.052902,0.272822,0.080820
-0.049907,0.274688,0.081017
-0.050767,0.272061,0.080743
-0.049733,0.272086,0.081856
-0.047591,0.272716,0.082737
-0.046315,0.271607,0.081716
-0.046175,0.272445,0.081892
-0.044480,0.273144,0.080456
-0.040933,0.271108,0.080626
-0.040696,0.272242,0.080401
-0.039008,0.272932,0.079726
-0.038105,0.272623,0.079505
-0.037355,0.271907,0.080006
-0.035868,0.272112,0.079880
-0.033844,0.273200,0.078896
-0.032514,0.271394,0.079359
-0.032340,0.273617,0.078822
-0.028365,0.272366,0.076350
-0.029109,0.273417,0.076970
-0.027254,0.271920,0.077569
-0.027147,0.272139,0.077700
-0.023966,0.273173,0.076348
-0.023616,0.274089,0.074913
-0.022427,0.273063,0.073757
-0.020387,0.273328,0.073778
-0.020806,0.272566,0.070709
-0.017191,0.273688,0.070738
-0.015517,0.274108,0.068919
-0.016239,0.273259,0.067796
-0.012978,0.271835,0.066290
-0.011141,0.273395,0.066954
-0.012814,0.273862,0.066177
-0.010811,0.274145,0.065192
-0.007415,0.272566,0.066189
-0.006845,0.274987,0.065123
-0.005987,0.272310,0.067160
-0.005425,0.274778,0.064953
-0.001462,0.272544,0.066120
-0.002146,0.272202,0.064044
-0.001081,0.272418,0.065158
-0.000057,0.272513,0.064583
0.001487,0.273450,0.065321
0.006169,0.272301,0.064438
0.004114,0.273711,0.063482
0.006714,0.273901,0.063675
0.007805,0.274547,0.064291
0.009159,0.272011,0.065207
0.010384,0.275844,0.064502
0.012897,0.272636,0.063358
0.011909,0.272561,0.063481
0.013772,0.274311,0.064696
0.014927,0.273361,0.064192
0.016502,0.273801,0.062681
0.018366,0.273028,0.063404
0.019869,0.272671,0.062861
0.022018,0.274567,0.061752
0.021330,0.272018,0.064483
0.024206,0.274281,0.059814
0.024462,0.272534,0.061306
0.027472,0.274006,0.060950
0.028834,0.273121,0.061502
0.029914,0.273402,0.059898
0.029122,0.274240,0.059920
0.031118,0.273704,0.060756
0.033364,0.273238,0.059727
0.035808,0.271993,0.058058
0.037017,0.270550,0.057544
0.037186,0.271198,0.058857
0.039074,0.271319,0.060516
0.040030,0.272358,0.058678
0.041698,0.271698,0.057849
0.043995,0.272783,0.056841
0.044263,0.273933,0.056638
0.046801,0.272723,0.056789
0.045188,0.272598,0.057532
0.049742,0.274751,0.054007
0.049996,0.276306,0.056655
0.050973,0.273547,0.054673
0.052350,0.272963,0.053890
0.054745,0.272748,0.050968
0.053857,0.274409,0.052815
0.055903,0.274048,0.052262
0.056822,0.274193,0.050436
0.060176,0.274731,0.051432
0.060130,0.273286,0.050793
0.063649,0.273200,0.050854
0.063992,0.273731,0.049324
0.065634,0.274327,0.047833
0.066299,0.274115,0.048518
0.065926,0.275077,0.046586
0.069934,0.274334,0.046062
0.069507,0.273942,0.046535
0.071959,0.272650,0.046386
0.073275,0.274930,0.043362
0.075626,0.274671,0.044717
0.076036,0.273017,0.041160
0.077453,0.275051,0.042739
0.079878,0.272636,0.039988
0.080897,0.274004,0.038806
0.080371,0.274204,0.038802
0.083421,0.272986,0.037687
0.082658,0.273531,0.037750
0.084020,0.273419,0.035275
0.086384,0.275604,0.034663
0.088853,0.274757,0.034465
0.089371,0.272158,0.031890
0.091316,0.274993,0.031305
0.093503,0.273168,0.029907
0.094845,0.273861,0.026738
0.094700,0.274974,0.026194
0.095304,0.275846,0.026250
0.098532,0.275011,0.025780
0.097477,0.276403,0.022175
0.100922,0.275740,0.022785
0.103143,0.274225,0.019757
0.102915,0.274562,0.019049
0.106647,0.274695,0.019199
0.105720,0.275574,0.016602
0.108109,0.275922,0.015271
0.109450,0.273607,0.012453
0.111720,0.275519,0.011306
0.113583,0.276113,0.008189
0.113690,0.276357,0.006243
0.114512,0.275367,0.003741
0.116913,0.277482,0.000737
0.118176,0.274907,-0.003304
0.120254,0.274796,-0.007173
0.121501,0.276733,-0.009260
0.123513,0.275470,-0.014876
0.125683,0.277300,-0.020186
0.126502,0.277702,-0.026963
-0.123448,0.278884,-0.019294
-0.119795,0.278353,-0.008340
-0.120410,0.276319,-0.004419
-0.116681,0.276482,0.001581
-0.116833,0.275865,0.006995
-0.113581,0.277146,0.010420
-0.113889,0.277394,0.016744
-0.111901,0.276524,0.018707
-0.108852,0.277060,0.022745
-0.107729,0.276358,0.028991
-0.106811,0.275928,0.034133
-0.105983,0.275987,0.034188
-0.103242,0.276600,0.040371
-0.101853,0.277260,0.041554
-0.099009,0.275431,0.046667
-0.097559,0.274367,0.056736
-0.097554,0.276004,0.059057
-0.095947,0.274102,0.060368
-0.093435,0.275598,0.062659
-0.092593,0.273922,0.063507
-0.091883,0.273050,0.067246
-0.089124,0.273230,0.070130
-0.087853,0.274615,0.073829
-0.086700,0.274460,0.072138
-0.086387,0.274230,0.071685
-0.085786,0.274481,0.073032
-0.082271,0.273567,0.073053
-0.080803,0.272833,0.073194
-0.081431,0.273866,0.075392
-0.078401,0.272515,0.075226
-0.077573,0.274870,0.076670
-0.076795,0.273675,0.078821
-0.074423,0.274553,0.079163
-0.072912,0.274477,0.077524
-0.070599,0.272475,0.080467
-0.071950,0.274944,0.079340
-0.070107,0.273683,0.079283
-0.067550,0.273763,0.081362
-0.066391,0.273804,0.080853
-0.064639,0.273777,0.079740
-0.065027,0.272935,0.080141
-0.063924,0.274754,0.079814
-0.060656,0.273482,0.081431
-0.059830,0.272316,0.082897
-0.059825,0.274033,0.082135
-0.057233,0.273651,0.081455
-0.056195,0.272285,0.082202
-0.053263,0.274453,0.082873
-0.052154,0.272802,0.083970
-0.052356,0.273322,0.084387
-0.049680,0.273909,0.082126
-0.049477,0.276337,0.082295
-0.048667,0.273521,0.082217
-0.046554,0.273633,0.080911
-0.045176,0.272729,0.082247
-0.042141,0.273472,0.079528
-0.041510,0.273834,0.081871
-0.040729,0.272045,0.080837
-0.039474,0.273270,0.080229
-0.038115,0.273273,0.082579
-0.035857,0.274759,0.080475
-0.036415,0.273409,0.078458
-0.034691,0.272538,0.080011
-0.033769,0.275690,0.080254
-0.032348,0.274642,0.078956
-0.030508,0.275270,0.079723
-0.029529,0.273478,0.079366
-0.027157,0.274619,0.078889
-0.024960,0.273289,0.076680
-0.025985,0.273055,0.076638
-0.023370,0.273500,0.075772
-0.022190,0.271954,0.076937
-0.022593,0.275076,0.074458
-0.020988,0.275073,0.072765
-0.017187,0.274244,0.072335
-0.014748,0.273592,0.070422
-0.015515,0.275317,0.067595
-0.013947,0.274408,0.066805
-0.012981,0.273408,0.065987
-0.013140,0.276836,0.065947
-0.009437,0.274082,0.066911
-0.007326,0.275032,0.066384
-0.007707,0.273193,0.063485
-0.007890,0.274446,0.065403
-0.005210,0.274026,0.066390
-0.003116,0.273986,0.066561
-0.001740,0.273402,0.063772
-0.000353,0.274179,0.066342
0.002084,0.274752,0.062916
0.001751,0.274257,0.064350
0.006202,0.275196,0.064709
0.004983,0.274533,0.064823
0.005475,0.273759,0.064843
0.007625,0.274485,0.064221
0.008539,0.274689,0.065718
0.011068,0.273326,0.063438
0.010533,0.275255,0.064598
0.013788,0.276388,0.064894
0.014309,0.275525,0.063330
0.015880,0.275806,0.063720
0.016586,0.273596,0.063698
0.017597,0.274072,0.061590
0.020824,0.273286,0.062200
0.021299,0.274230,0.061499
0.021046,0.274932,0.063940
0.024973,0.275359,0.061833
0.026474,0.274109,0.063250
0.025103,0.275150,0.062851
0.027781,0.274985,0.059926
0.029628,0.273178,0.059319
0.030693,0.275894,0.059420
0.032284,0.275087,0.059393
0.034998,0.275436,0.058120
0.033980,0.274894,0.059867
0.037083,0.274230,0.058557
0.038259,0.274392,0.057579
0.039003,0.275838,0.059446
0.041538,0.276682,0.057437
0.041415,0.274069,0.056552
0.044022,0.275482,0.056464
0.042760,0.273647,0.058279
0.045657,0.275991,0.056995
0.045774,0.274217,0.056372
0.047443,0.273556,0.055854
0.049957,0.274425,0.053214
0.052921,0.276497,0.054607
0.052080,0.275714,0.053630
0.052240,0.275402,0.053101
0.054134,0.275583,0.053979
0.056750,0.274805,0.052233
0.058861,0.274932,0.052831
0.058786,0.275464,0.051531
0.060170,0.275374,0.050776
0.061645,0.274906,0.048445
0.062657,0.275902,0.049463
0.065545,0.275585,0.047374
0.068475,0.275776,0.047385
0.067835,0.275075,0.046640
0.069028,0.276194,0.046489
0.070166,0.274806,0.045237
0.071984,0.275313,0.045280
0.073481,0.274484,0.044503
0.073744,0.275780,0.042623
0.075258,0.278109,0.042788
0.077682,0.276122,0.039876
0.076745,0.275440,0.041085
0.081264,0.274589,0.039535
0.080896,0.274828,0.037816
0.082424,0.275627,0.037921
0.083812,0.278470,0.035581
0.084515,0.275824,0.036061
0.086926,0.276499,0.033666
0.089180,0.275850,0.033625
0.089403,0.275282,0.031621
0.088391,0.275248,0.030492
0.093741,0.278771,0.029772
0.093032,0.276955,0.028389
0.095050,0.276308,0.025744
0.098666,0.275748,0.026452
0.099202,0.275266,0.025491
0.099963,0.276004,0.023403
0.101927,0.277040,0.023712
0.102080,0.279090,0.019975
0.103310,0.276236,0.019347
0.105788,0.276477,0.015916
0.105909,0.276441,0.017051
0.108422,0.276692,0.013846
0.110459,0.278242,0.012812
0.110220,0.277952,0.011879
0.113508,0.278808,0.007747
0.114049,0.277067,0.005927
0.115125,0.277573,0.002627
0.116699,0.277897,-0.001505
0.119349,0.277367,-0.002161
0.121545,0.278307,-0.008022
0.122457,0.279342,-0.010486
0.120224,0.277469,-0.014286
0.125179,0.279683,-0.021005
0.125039,0.279098,-0.028856
-0.124240,0.279901,-0.017319
-0.122659,0.280483,-0.012936
-0.119830,0.279987,-0.003665
-0.118443,0.278914,-0.001498
-0.116128,0.280044,0.004521
-0.114010,0.279060,0.011260
-0.113063,0.278851,0.015412
-0.111736,0.276707,0.017498
-0.111598,0.278822,0.021490
-0.108591,0.276172,0.027483
-0.106729,0.277529,0.033210
-0.106435,0.276210,0.034896
-0.103674,0.277704,0.037704
-0.103511,0.277322,0.041632
-0.102191,0.276463,0.045459
-0.102270,0.276322,0.056471
-0.098017,0.276868,0.059554
-0.096411,0.276104,0.062158
-0.096049,0.275659,0.062089
-0.094945,0.276589,0.063445
-0.091937,0.277352,0.068783
-0.091183,0.275072,0.066825
-0.087787,0.274687,0.068818
-0.087465,0.275882,0.069657
-0.086352,0.274762,0.074383
-0.086772,0.276800,0.071848
-0.085010,0.278155,0.075346
-0.085381,0.276685,0.074605
-0.081275,0.277487,0.075077
-0.082261,0.274114,0.074209
-0.079239,0.275824,0.074441
-0.079380,0.275236,0.078205
-0.077707,0.276059,0.078628
-0.072039,0.276417,0.078580
-0.073397,0.274415,0.079942
-0.071734,0.275272,0.079474
-0.071587,0.274880,0.080940
-0.070017,0.274588,0.083061
-0.067033,0.276689,0.081457
-0.065626,0.275562,0.080834
-0.065297,0.276158,0.079926
-0.061959,0.276265,0.082673
-0.062778,0.274583,0.081744
-0.061215,0.274923,0.082858
-0.059883,0.275008,0.083560
-0.059355,0.275184,0.082773
-0.056646,0.276218,0.082873
-0.054511,0.275354,0.081656
-0.054549,0.275609,0.083689
-0.054527,0.276723,0.083179
-0.049737,0.274735,0.085513
-0.049377,0.274710,0.083998
-0.048379,0.274781,0.082343
-0.048644,0.274879,0.084198
-0.045362,0.277122,0.080754
-0.043519,0.275320,0.080998
-0.044442,0.275397,0.082878
-0.040405,0.275238,0.083779
-0.041785,0.275190,0.082238
-0.041228,0.274844,0.081746
-0.039601,0.275315,0.080350
-0.038716,0.275247,0.081185
-0.034715,0.275237,0.082214
-0.033894,0.275321,0.080581
-0.032992,0.276791,0.082363
-0.031007,0.275300,0.082270
-0.030804,0.275719,0.080670
-0.028217,0.275551,0.080518
-0.026598,0.274803,0.079585
-0.025749,0.276583,0.077572
-0.024738,0.277075,0.077055
-0.024012,0.274542,0.075952
-0.022530,0.274919,0.074907
-0.021290,0.275603,0.074455
-0.019608,0.275221,0.075045
-0.017045,0.275547,0.073469
-0.015229,0.277180,0.073441
-0.016148,0.275908,0.071898
-0.014036,0.275824,0.069866
-0.012824,0.276375,0.066899
-0.009718,0.276019,0.068032
-0.010816,0.276853,0.065798
-0.008161,0.275725,0.065369
-0.006044,0.276179,0.064777
-0.005610,0.275973,0.066307
-0.005916,0.276415,0.066929
-0.002707,0.273567,0.065546
-0.000914,0.276854,0.064504
-0.000644,0.275748,0.064438
0.001018,0.276405,0.066494
0.002864,0.274962,0.066179
0.002193,0.275828,0.064054
0.002845,0.275716,0.063349
0.006945,0.276880,0.063425
0.007362,0.277184,0.064105
0.007774,0.276340,0.064486
0.012123,0.276416,0.062491
0.011276,0.276761,0.062967
0.013065,0.276585,0.061479
0.016852,0.278699,0.063095
0.015859,0.278902,0.061568
0.016728,0.275917,0.062316
0.020198,0.275871,0.062280
0.020468,0.274749,0.061482
0.020605,0.276867,0.061294
0.022089,0.276390,0.063084
0.022809,0.274415,0.063147
0.025510,0.277632,0.062754
0.027388,0.276233,0.060304
0.029301,0.276800,0.061054
0.029154,0.275335,0.061339
0.030332,0.277216,0.059629
0.031462,0.277282,0.058712
0.033305,0.275232,0.059121
0.035084,0.276971,0.059613
0.036599,0.276205,0.057489
0.036433,0.277565,0.057763
0.038593,0.276514,0.058164
0.038712,0.274924,0.057448
0.041234,0.276816,0.057486
0.043123,0.275543,0.056276
0.043520,0.274603,0.056760
0.045401,0.278081,0.057145
0.047331,0.277633,0.056468
0.048622,0.275351,0.054817
0.050485,0.275954,0.055879
0.049913,0.276047,0.055209
0.051477,0.276688,0.054295
0.055337,0.276715,0.052455
0.054761,0.276129,0.051746
0.058067,0.275703,0.050155
0.057492,0.278094,0.052383
0.060407,0.276620,0.051863
0.060709,0.275373,0.050214
0.061683,0.279122,0.049488
0.063868,0.278090,0.047900
0.065020,0.277681,0.047415
0.066111,0.276799,0.046907
0.068541,0.277702,0.044982
0.068762,0.276758,0.044295
0.070158,0.278018,0.045759
0.071312,0.275439,0.043262
0.073018,0.276602,0.042302
0.075358,0.278998,0.040716
0.076203,0.276071,0.040634
0.076690,0.277213,0.040706
0.078587,0.279231,0.039454
0.080343,0.277391,0.039694
0.080483,0.277988,0.037968
0.082208,0.277797,0.038006
0.083112,0.275728,0.035622
0.084539,0.278586,0.034412
0.086323,0.278168,0.033992
0.088865,0.277495,0.032507
0.091196,0.278748,0.030911
0.091827,0.277672,0.030231
0.092756,0.278370,0.027615
0.092950,0.277802,0.027836
0.095209,0.277376,0.026772
0.098107,0.277051,0.025421
0.097353,0.278160,0.023983
0.099565,0.276713,0.023419
0.101770,0.279217,0.025934
0.102501,0.277104,0.020700
0.103365,0.278393,0.019577
0.104488,0.276351,0.019676
0.104805,0.277098,0.015873
0.107816,0.277947,0.013677
0.113288,0.278120,0.013296
0.111123,0.278680,0.009927
0.113371,0.279622,0.007702
0.111899,0.278981,0.007268
0.115539,0.279379,0.000605
0.116062,0.278670,0.002463
0.118733,0.280860,-0.003105
0.119167,0.279328,-0.006737
0.121755,0.278730,-0.011385
0.122429,0.279107,-0.014765
0.123333,0.278498,-0.021215
0.125854,0.279950,-0.029568
-0.123282,0.282418,-0.014790
-0.122062,0.280244,-0.009464
-0.119726,0.282491,0.000005
-0.119179,0.281786,0.005155
-0.116890,0.280858,0.006805
-0.116435,0.279824,0.013580
-0.113501,0.280700,0.016851
-0.114445,0.280282,0.020276
-0.112801,0.279435,0.023815
-0.108942,0.279011,0.030092
-0.106932,0.279138,0.034064
-0.104164,0.278138,0.037421
-0.104604,0.278283,0.039277
-0.103123,0.276700,0.047534
-0.101135,0.276931,0.055700
-0.097566,0.278146,0.059350
-0.098408,0.277876,0.059980
-0.096462,0.279060,0.062361
-0.094536,0.278204,0.063037
-0.096015,0.277059,0.067534
-0.092458,0.278219,0.067139
-0.092107,0.275077,0.069244
-0.088576,0.276495,0.070409
-0.088592,0.277966,0.070659
-0.087915,0.277469,0.072429
-0.086432,0.277093,0.073559
-0.083925,0.278195,0.076133
-0.082828,0.276125,0.075615
-0.080586,0.276383,0.075696
-0.079058,0.275839,0.075960
-0.078199,0.278043,0.078611
-0.077359,0.277268,0.076895
-0.076499,0.276413,0.079083
-0.075077,0.275932,0.079165
-0.072935,0.275385,0.080251
-0.071664,0.276101,0.081073
-0.070693,0.278110,0.080545
-0.068858,0.277214,0.081050
-0.067784,0.277651,0.082005
-0.069309,0.276204,0.081767
-0.063128,0.277695,0.082527
-0.063569,0.275993,0.082466
-0.062266,0.275790,0.081738
-0.060509,0.277259,0.083473
-0.059458,0.276140,0.084590
-0.059002,0.276356,0.083170
-0.057471,0.275930,0.082326
-0.056031,0.277769,0.082348
-0.053793,0.277565,0.083068
-0.051077,0.277626,0.082999
-0.050578,0.278391,0.083018
-0.048440,0.277704,0.083836
-0.049094,0.276777,0.083522
-0.047852,0.276644,0.083265
-0.046358,0.278206,0.081954
-0.045782,0.277159,0.082975
-0.043854,0.276612,0.081996
-0.042784,0.278438,0.081626
-0.041611,0.276175,0.082954
-0.039714,0.277015,0.080648
-0.037594,0.277137,0.083976
-0.036798,0.273947,0.082676
-0.036581,0.278429,0.081385
-0.033772,0.278721,0.081894
-0.033551,0.278130,0.080869
-0.031791,0.276643,0.079322
-0.031000,0.277263,0.082640
-0.028124,0.276298,0.081232
-0.028570,0.277127,0.081079
-0.026945,0.277194,0.080288
-0.025131,0.277434,0.077507
-0.022544,0.275597,0.077460
-0.023599,0.276917,0.079195
-0.019347,0.276533,0.076629
-0.019564,0.276543,0.076431
-0.018058,0.276676,0.074192
-0.016508,0.279311,0.071893
-0.013086,0.275537,0.071037
-0.012045,0.276801,0.072300
-0.011504,0.278384,0.071035
-0.011205,0.277652,0.067994
-0.010085,0.277812,0.068778
-0.009394,0.276863,0.066226
-0.007553,0.278477,0.067050
-0.004973,0.275904,0.065739
-0.005494,0.277120,0.066166
-0.001889,0.276118,0.065157
-0.002741,0.276758,0.065067
-0.001761,0.279130,0.064376
0.001411,0.277358,0.063786
0.002441,0.277819,0.063743
0.005757,0.275854,0.064165
0.004697,0.278678,0.063002
0.006597,0.277721,0.063160
0.006691,0.280401,0.064832
0.008349,0.277965,0.062783
0.010375,0.277335,0.063894
0.011927,0.276373,0.064088
0.013057,0.279032,0.062340
0.015771,0.279034,0.064184
0.016520,0.277599,0.062875
0.016364,0.277897,0.063233
0.018321,0.277950,0.060341
0.019183,0.278185,0.062713
0.023161,0.277452,0.061392
0.021972,0.279299,0.061924
0.024187,0.277222,0.064158
0.024941,0.277667,0.060675
0.027736,0.278262,0.060611
0.026528,0.277233,0.061072
0.028309,0.277497,0.059513
0.030208,0.276127,0.060152
0.030605,0.278494,0.061218
0.033143,0.278240,0.059573
0.035317,0.278170,0.058698
0.035250,0.276751,0.059099
0.038167,0.277814,0.058105
0.040030,0.276867,0.056997
0.042178,0.278394,0.058008
0.040522,0.276902,0.056519
0.043685,0.274805,0.058169
0.043588,0.279832,0.055774
0.045264,0.277816,0.056570
0.049000,0.278441,0.055002
0.047774,0.277863,0.055303
0.048063,0.278765,0.054423
0.051524,0.278732,0.054038
0.051435,0.278138,0.051736
0.053928,0.278172,0.053653
0.055038,0.277472,0.051609
0.057532,0.278958,0.052057
0.057907,0.279076,0.051369
0.060600,0.278084,0.049711
0.060160,0.279205,0.051379
0.061505,0.278942,0.048968
0.063453,0.277962,0.049382
0.063792,0.278546,0.046623
0.066871,0.278688,0.046652
0.069193,0.277510,0.046744
0.068954,0.279556,0.045861
0.069901,0.277097,0.044089
0.072762,0.281484,0.043421
0.072132,0.278075,0.043120
0.074592,0.279223,0.041658
0.074526,0.278771,0.040418
0.077426,0.277986,0.040914
0.080302,0.277017,0.040694
0.079873,0.277304,0.036235
0.080902,0.278569,0.036455
0.082404,0.279037,0.036987
0.085413,0.278671,0.036392
0.084817,0.278412,0.034526
0.086032,0.279398,0.033286
0.085748,0.280099,0.033484
0.089501,0.279117,0.033301
0.090218,0.280090,0.029528
0.092930,0.279356,0.029328
0.095295,0.277506,0.027697
0.094833,0.279339,0.026573
0.096137,0.280155,0.025554
0.097628,0.279613,0.023743
0.099751,0.280093,0.024300
0.100517,0.279406,0.023403
0.103192,0.281066,0.019479
0.101420,0.279224,0.019699
0.104505,0.281058,0.018159
0.105573,0.281395,0.016299
0.109873,0.279307,0.013675
0.111807,0.281135,0.013985
0.110006,0.279685,0.011267
0.113336,0.279700,0.008438
0.112959,0.280320,0.006063
0.114066,0.279943,0.004660
0.116887,0.280173,0.000824
0.119971,0.280998,-0.000612
0.118269,0.280024,-0.007563
0.120545,0.279942,-0.011428
0.123568,0.281915,-0.016348
0.124959,0.281383,-0.022092
0.124741,0.280861,-0.029922
-0.123621,0.283096,-0.017116
-0.122942,0.282790,-0.011880
-0.121536,0.281363,-0.003142
-0.120585,0.281520,-0.000332
-0.117989,0.279826,0.004527
-0.116958,0.280703,0.011238
-0.115010,0.281137,0.015024
-0.113481,0.281136,0.018862
-0.112529,0.282448,0.022239
-0.111163,0.282326,0.027426
-0.110127,0.281339,0.035413
-0.108317,0.279938,0.037785
-0.106401,0.278602,0.040068
-0.103614,0.279450,0.045767
-0.101226,0.278839,0.051955
-0.102469,0.280550,0.055651
-0.100954,0.277903,0.059776
-0.097751,0.278825,0.061162
-0.096326,0.278728,0.063083
-0.094373,0.278385,0.064002
-0.094029,0.278801,0.066304
-0.093390,0.279135,0.067090
-0.091239,0.277595,0.070979
-0.091216,0.279946,0.072901
-0.087951,0.279458,0.074381
-0.086893,0.278355,0.073324
-0.084745,0.278264,0.075010
-0.086296,0.278372,0.074878
-0.082360,0.277441,0.076694
-0.083812,0.278551,0.076698
-0.079929,0.280034,0.077061
-0.077914,0.277684,0.077013
-0.077636,0.277656,0.077135
-0.075897,0.278392,0.079952
-0.073857,0.279442,0.080347
-0.072616,0.278273,0.080301
-0.072723,0.279059,0.079694
-0.070833,0.277396,0.080547
-0.068694,0.278694,0.080573
-0.067612,0.278107,0.080455
-0.066815,0.278039,0.081136
-0.065457,0.277459,0.083880
-0.064166,0.277363,0.082681
-0.061283,0.277323,0.084598
-0.060077,0.277479,0.081814
-0.058750,0.279209,0.082229
-0.059225,0.277562,0.081830
-0.056402,0.278587,0.084052
-0.054666,0.277640,0.084219
-0.055049,0.277824,0.083806
-0.051699,0.278830,0.083162
-0.052736,0.279994,0.084280
-0.049650,0.278803,0.084795
-0.048226,0.280268,0.084313
-0.047886,0.280032,0.082814
-0.047065,0.279452,0.082896
-0.042869,0.276894,0.082720
-0.043187,0.277984,0.085170
-0.043574,0.278159,0.083031
-0.040670,0.277643,0.084217
-0.039614,0.277240,0.082733
-0.036841,0.280953,0.083195
-0.036445,0.279699,0.082793
-0.034958,0.279018,0.082398
-0.034250,0.278286,0.081781
-0.031302,0.278343,0.083272
-0.031928,0.278175,0.082587
-0.030487,0.278725,0.080729
-0.029762,0.277668,0.082291
-0.026977,0.278413,0.079782
-0.025440,0.277693,0.079203
-0.025523,0.280418,0.078599
-0.022905,0.277687,0.077784
-0.021200,0.278486,0.077832
-0.021281,0.278184,0.077389
-0.020690,0.278754,0.073768
-0.017921,0.279749,0.074955
-0.015006,0.278036,0.073584
-0.015364,0.276728,0.074096
-0.016240,0.279085,0.073101
-0.013108,0.278882,0.070837
-0.010619,0.278569,0.070518
-0.010113,0.278648,0.069585
-0.009051,0.277504,0.068665
-0.008751,0.278611,0.066052
-0.008256,0.280569,0.065280
-0.004973,0.278687,0.062984
-0.003489,0.277212,0.065531
-0.002524,0.277967,0.065037
0.001127,0.278063,0.064921
0.001954,0.278794,0.065203
0.001895,0.279900,0.064520
0.002758,0.280255,0.063829
0.005288,0.277439,0.063140
0.007193,0.279153,0.063682
0.006777,0.278993,0.062526
0.009234,0.278279,0.062094
0.010149,0.282034,0.063791
0.013150,0.278776,0.063396
0.013650,0.277967,0.062705
0.015242,0.279077,0.062988
0.017141,0.279964,0.062983
0.015838,0.280365,0.062458
0.017528,0.278888,0.062030
0.019827,0.279761,0.062814
0.021870,0.280823,0.061399
0.023240,0.280024,0.060950
0.023437,0.278962,0.061395
0.025415,0.277670,0.060173
0.026381,0.280010,0.061460
0.028687,0.279836,0.058988
0.027010,0.278608,0.059264
0.029275,0.279880,0.060377
0.033278,0.280138,0.060396
0.032528,0.277952,0.059217
0.035263,0.279820,0.059231
0.037433,0.279204,0.057400
0.039277,0.279792,0.059527
0.038213,0.279137,0.058432
0.042025,0.279406,0.057709
0.042062,0.279494,0.059102
0.043485,0.278534,0.056832
0.043703,0.279310,0.056464
0.045506,0.280252,0.058513
0.044565,0.279379,0.056621
0.050208,0.279797,0.057830
0.049849,0.280126,0.053635
0.049973,0.278989,0.054473
0.052351,0.279042,0.051983
0.054500,0.281246,0.053509
0.055498,0.279801,0.052601
0.056451,0.279336,0.050863
0.060295,0.280437,0.051170
0.059609,0.280016,0.051427
0.062200,0.282180,0.048879
0.064820,0.280192,0.048551
0.063085,0.280536,0.048454
0.066489,0.278341,0.046744
0.066935,0.279738,0.045733
0.067261,0.279727,0.045497
0.069373,0.279204,0.044548
0.069177,0.281476,0.041828
0.072342,0.281247,0.042989
0.072348,0.280822,0.041492
0.075389,0.281069,0.041310
0.075074,0.280904,0.038918
0.077105,0.280585,0.037899
0.078473,0.281770,0.037627
0.080144,0.280169,0.039189
0.081622,0.280618,0.037359
0.083206,0.279971,0.034454
0.083759,0.281401,0.035265
0.085567,0.280036,0.033156
0.086905,0.279188,0.034889
0.090587,0.280418,0.032430
0.091715,0.280708,0.030100
0.091532,0.281273,0.029224
0.091359,0.282044,0.030342
0.092958,0.281331,0.029174
0.095712,0.279802,0.026345
0.096624,0.281110,0.025233
0.097006,0.280162,0.025235
0.099717,0.281488,0.023891
0.099614,0.281734,0.023669
0.102905,0.282090,0.020274
0.102910,0.282887,0.019765
0.105059,0.281472,0.016090
0.106916,0.281360,0.017466
0.109416,0.280849,0.016559
0.109804,0.282371,0.013384
0.111713,0.281160,0.008924
0.112808,0.282147,0.007229
0.111545,0.282313,0.005452
0.114461,0.282707,0.003567
0.117206,0.282801,0.001263
0.118494,0.281260,-0.000995
0.119184,0.283123,-0.005842
0.121665,0.283923,-0.009235
0.120953,0.284048,-0.014920
0.123119,0.283215,-0.021283
0.124558,0.283929,-0.029443
-0.124202,0.285186,-0.019273
-0.124741,0.285155,-0.013984
-0.125794,0.285358,-0.006427
-0.122677,0.282775,0.000006
-0.120147,0.283398,0.004291
-0.117495,0.282190,0.009636
-0.116370,0.285071,0.012283
-0.114685,0.283239,0.017331
-0.115467,0.283917,0.021345
-0.111336,0.282249,0.024034
-0.110734,0.280626,0.031733
-0.111070,0.281833,0.038030
-0.105454,0.283764,0.040260
-0.106302,0.281662,0.044896
-0.103610,0.281285,0.051859
-0.102943,0.282717,0.055880
-0.099995,0.281564,0.061487
-0.100768,0.281829,0.062242
-0.099996,0.280847,0.062763
-0.095305,0.280801,0.065702
-0.097987,0.280219,0.067188
-0.092499,0.281668,0.066596
-0.092031,0.281131,0.069588
-0.091368,0.278765,0.070699
-0.088986,0.278981,0.072182
-0.088114,0.280386,0.071661
-0.088373,0.281200,0.074628
-0.084890,0.280013,0.075660
-0.084435,0.280712,0.073732
-0.081047,0.280440,0.074883
-0.079613,0.281454,0.078978
-0.080617,0.280039,0.076607
-0.079829,0.280862,0.076771
-0.077735,0.278669,0.079131
-0.076607,0.280875,0.079587
-0.073960,0.280095,0.079780
-0.072905,0.281378,0.081413
-0.074113,0.280064,0.080909
-0.072024,0.281667,0.081569
-0.069807,0.282071,0.081909
-0.065966,0.280015,0.081530
-0.067690,0.278999,0.081736
-0.064557,0.278553,0.082749
-0.061637,0.279679,0.082540
-0.062662,0.281204,0.082164
-0.059677,0.279828,0.083057
-0.060640,0.280449,0.084640
-0.055700,0.279671,0.081750
-0.059216,0.278615,0.082984
-0.052889,0.280435,0.085597
-0.055047,0.279189,0.083774
-0.053179,0.279952,0.083800
-0.051991,0.280564,0.084015
-0.050249,0.278806,0.082381
-0.049769,0.279401,0.083217
-0.047419,0.279601,0.083056
-0.046152,0.278944,0.083205
-0.043951,0.279535,0.083983
-0.043624,0.281115,0.084417
-0.042836,0.280136,0.084693
-0.041779,0.280284,0.081933
-0.038397,0.278752,0.082654
-0.037177,0.280537,0.084931
-0.037587,0.281078,0.082352
-0.033945,0.280736,0.081569
-0.031169,0.279752,0.082712
-0.031533,0.281373,0.082440
-0.031540,0.280085,0.083468
-0.029786,0.280760,0.081233
-0.027104,0.280755,0.082696
-0.028125,0.281692,0.078729
-0.025189,0.282606,0.080392
-0.026853,0.279441,0.080867
-0.023181,0.280175,0.078603
-0.022064,0.280094,0.079027
-0.021042,0.281033,0.078492
-0.018154,0.279132,0.078222
-0.017997,0.280168,0.077056
-0.017601,0.281742,0.073818
-0.016290,0.280615,0.072544
-0.013033,0.280417,0.073084
-0.013646,0.282040,0.071118
-0.011975,0.280044,0.070913
-0.009193,0.280768,0.072286
-0.008160,0.280921,0.067444
-0.006900,0.280159,0.066859
-0.006621,0.280560,0.067147
-0.004124,0.281282,0.067840
-0.004169,0.280018,0.063962
-0.001647,0.281167,0.064640
-0.002397,0.281324,0.065460
0.002216,0.279877,0.065191
0.002167,0.280089,0.064915
0.003955,0.280134,0.062685
0.003977,0.281411,0.064302
0.006038,0.280871,0.063638
0.008889,0.279128,0.063203
0.009363,0.280832,0.062205
0.010104,0.281097,0.062623
0.012207,0.281348,0.061940
0.012933,0.280298,0.062051
0.013229,0.280026,0.064254
0.013926,0.281531,0.062596
0.016816,0.279767,0.063842
0.017304,0.281072,0.063767
0.019492,0.280709,0.061716
0.019514,0.281510,0.063179
0.022664,0.282777,0.062025
0.025278,0.280485,0.062251
0.024926,0.279424,0.060335
0.027493,0.282217,0.061703
0.026752,0.279317,0.060960
0.029543,0.281122,0.060398
0.031369,0.281098,0.061826
0.030815,0.281245,0.060721
0.031653,0.281486,0.059051
0.034618,0.280414,0.059252
0.035791,0.281225,0.058009
0.037279,0.282154,0.057860
0.039122,0.282126,0.056141
0.040574,0.281605,0.056911
0.042099,0.281490,0.058093
0.043242,0.282046,0.057536
0.043723,0.280777,0.057625
0.045618,0.282395,0.055723
0.047010,0.281168,0.053374
0.048061,0.282453,0.054288
0.050129,0.282981,0.055799
0.051194,0.281584,0.051660
0.051844,0.281929,0.051587
0.054694,0.281181,0.051271
0.055468,0.282005,0.051545
0.056248,0.282809,0.051256
0.057863,0.279976,0.049633
0.059463,0.281223,0.051357
0.059924,0.280217,0.048778
0.061262,0.281684,0.047846
0.064967,0.281136,0.047689
0.063962,0.280918,0.047043
0.065397,0.282654,0.047860
0.067972,0.283996,0.045385
0.069137,0.280980,0.044268
0.071583,0.282503,0.044591
0.071739,0.281805,0.044501
0.072751,0.280916,0.042798
0.075513,0.283336,0.043440
0.076375,0.282579,0.043335
0.076998,0.283352,0.039968
0.078768,0.282951,0.038618
0.081611,0.281801,0.039057
0.081390,0.282342,0.035714
0.083112,0.280052,0.037446
0.084135,0.282331,0.034220
0.085434,0.281004,0.034852
0.087617,0.279917,0.033756
0.088670,0.284599,0.032242
0.089306,0.283016,0.031075
0.093060,0.283581,0.029014
0.092717,0.282329,0.031624
0.094775,0.282927,0.029041
0.093727,0.281999,0.027166
0.096588,0.282515,0.024609
0.097446,0.282921,0.024033
0.099611,0.282045,0.025085
0.100674,0.282979,0.022378
0.103744,0.285465,0.019299
0.104752,0.282971,0.019435
0.104121,0.281994,0.020093
0.104756,0.281594,0.014749
0.109430,0.284495,0.014488
0.109916,0.284428,0.013578
0.112093,0.283170,0.012527
0.112088,0.284937,0.008205
0.114641,0.285605,0.006166
0.116155,0.283988,0.004626
0.119032,0.284006,0.001042
0.119016,0.284253,-0.004407
0.120726,0.283006,-0.005028
0.121823,0.283080,-0.009493
0.123208,0.284578,-0.012441
0.125537,0.283331,-0.020889
0.127167,0.284562,-0.030087
-0.124239,0.285884,-0.017814
-0.124497,0.285603,-0.008549
-0.123480,0.286126,-0.004037
-0.121982,0.284484,0.001529
-0.120188,0.286915,0.005131
-0.116826,0.284224,0.012629
-0.115422,0.285243,0.015410
-0.113912,0.284495,0.018459
-0.113262,0.284034,0.023004
-0.112774,0.283120,0.027303
-0.110445,0.284916,0.035195
-0.108232,0.283336,0.039964
-0.106101,0.283275,0.045403
-0.104865,0.282860,0.047975
-0.103807,0.282813,0.056528
-0.101356,0.283018,0.058804
-0.101623,0.282392,0.059443
-0.098954,0.281646,0.062116
-0.097485,0.282098,0.066130
-0.096153,0.282684,0.067658
-0.097088,0.280275,0.069251
-0.093529,0.279820,0.070186
-0.091495,0.282796,0.070237
-0.091302,0.282647,0.071492
-0.090345,0.282080,0.072553
-0.090836,0.281435,0.075071
-0.087233,0.284150,0.075267
-0.084686,0.282671,0.077773
-0.083043,0.282569,0.075769
-0.083421,0.282378,0.076360
-0.080746,0.283013,0.077670
-0.079717,0.280442,0.076775
-0.081113,0.281329,0.078758
-0.077904,0.281078,0.078311
-0.077411,0.281962,0.080287
-0.074657,0.281818,0.080856
-0.071513,0.280416,0.080111
-0.073689,0.283161,0.080661
-0.069278,0.281480,0.083046
-0.069105,0.282305,0.080398
-0.068804,0.281250,0.082564
-0.068503,0.281034,0.081865
-0.064758,0.281261,0.083521
-0.064136,0.281900,0.085378
-0.061183,0.283157,0.083047
-0.061028,0.281454,0.082948
-0.059736,0.281237,0.083710
-0.058905,0.280372,0.083208
-0.055093,0.281102,0.084259
-0.053630,0.282110,0.084258
-0.053008,0.281898,0.083139
-0.052459,0.284600,0.085434
-0.049986,0.282115,0.085396
-0.051778,0.281921,0.085115
-0.049762,0.281236,0.086161
-0.048653,0.281779,0.085155
-0.046964,0.282409,0.085661
-0.043701,0.281377,0.084254
-0.042750,0.283265,0.080785
-0.041990,0.281430,0.083650
-0.040646,0.281605,0.083337
-0.041956,0.280210,0.084170
-0.037012,0.283373,0.085631
-0.033872,0.282238,0.084477
-0.035145,0.280488,0.084796
-0.033730,0.279992,0.084165
-0.033010,0.280688,0.085234
-0.031478,0.280819,0.081407
-0.029977,0.282262,0.082062
-0.026968,0.281279,0.083242
-0.027137,0.281955,0.081659
-0.025597,0.281192,0.081561
-0.023946,0.281874,0.080400
-0.022070,0.280439,0.079066
-0.023154,0.282155,0.078917
-0.018983,0.281362,0.078254
-0.018777,0.281838,0.076415
-0.018624,0.281047,0.076225
-0.015213,0.283633,0.075947
-0.016334,0.281352,0.074765
-0.014016,0.281386,0.076272
-0.011244,0.281681,0.071972
-0.010523,0.282735,0.073121
-0.009815,0.282831,0.072733
-0.007827,0.282478,0.071305
-0.008010,0.282421,0.070781
-0.004734,0.282806,0.067674
-0.003951,0.284194,0.067313
-0.004049,0.282593,0.067377
-0.002052,0.283301,0.066084
-0.001635,0.283640,0.066592
0.002301,0.282715,0.064536
0.001936,0.280410,0.063200
0.001557,0.282578,0.063700
0.004212,0.281484,0.063361
0.006816,0.282530,0.064759
0.007701,0.282648,0.064614
0.008361,0.281599,0.061107
0.009214,0.283658,0.063380
0.012574,0.281459,0.063925
0.012843,0.282824,0.062850
0.015244,0.284033,0.063375
0.016529,0.281891,0.062984
0.016364,0.281493,0.061234
0.017956,0.283160,0.061105
0.019131,0.284346,0.061979
0.022873,0.282443,0.063121
0.022295,0.282220,0.061841
0.024891,0.282323,0.059422
0.024205,0.283398,0.058462
0.026652,0.282732,0.061146
0.027636,0.281893,0.059920
0.030257,0.281607,0.058978
0.030074,0.282511,0.059080
0.031704,0.280798,0.060729
0.033924,0.283096,0.059340
0.034700,0.282946,0.058155
0.035609,0.282406,0.058069
0.037359,0.284240,0.057873
0.039553,0.283956,0.057802
0.042308,0.283371,0.057575
0.042518,0.282202,0.057289
0.039103,0.283616,0.056687
0.043337,0.282414,0.055582
0.046337,0.281787,0.056601
0.047906,0.283173,0.055751
0.046266,0.283085,0.053463
0.049910,0.283542,0.053599
0.051078,0.282355,0.052472
0.053009,0.283716,0.051769
0.051594,0.284798,0.052399
0.056208,0.283782,0.051567
0.058351,0.281622,0.051893
0.058559,0.282411,0.051372
0.058516,0.282845,0.048947
0.060550,0.280679,0.049095
0.061810,0.283389,0.047675
0.063683,0.281806,0.046669
0.064740,0.282925,0.046045
0.066773,0.282173,0.046691
0.067377,0.283492,0.045933
0.069924,0.281819,0.044296
0.070234,0.281782,0.043258
0.070213,0.283521,0.041804
0.073246,0.282873,0.043309
0.076518,0.284397,0.043518
0.075034,0.283941,0.041605
0.078572,0.281453,0.038650
0.078956,0.282838,0.041208
0.080392,0.283432,0.040523
0.079889,0.283130,0.038915
0.083568,0.285545,0.036292
0.085654,0.282350,0.036189
0.086181,0.286263,0.036855
0.088738,0.284509,0.035982
0.088438,0.283728,0.034087
0.088278,0.284206,0.030919
0.092750,0.283127,0.033315
0.093096,0.284136,0.031013
0.093288,0.284070,0.027560
0.095391,0.283697,0.027542
0.096842,0.285782,0.025555
0.096487,0.285508,0.023322
0.101714,0.285262,0.024993
0.101071,0.285326,0.023040
0.104267,0.285710,0.021167
0.105021,0.285825,0.019736
0.104646,0.283271,0.016168
0.106751,0.284657,0.014048
0.108801,0.285244,0.013644
0.107920,0.285606,0.013637
0.109386,0.285075,0.010206
0.112235,0.286999,0.008412
0.113336,0.286393,0.006901
0.113704,0.284473,0.003154
0.117335,0.285538,0.001555
0.116566,0.285616,-0.001824
0.120928,0.286396,-0.004664
0.119796,0.286827,-0.008721
0.123033,0.286968,-0.015137
0.124974,0.287123,-0.018206
0.126773,0.286159,-0.030162
-0.127175,0.289001,-0.018435
-0.128757,0.287800,-0.013461
-0.127147,0.287197,-0.005678
-0.123978,0.287094,-0.001847
-0.124223,0.286897,0.004529
-0.120320,0.288642,0.008884
-0.117728,0.286294,0.013355
-0.117247,0.285421,0.017148
-0.116543,0.287135,0.021138
-0.114520,0.285928,0.025001
-0.112583,0.287238,0.032709
-0.110875,0.284828,0.038661
-0.111458,0.285839,0.041900
-0.108599,0.285632,0.047690
-0.105418,0.284688,0.052827
-0.104469,0.284853,0.057243
-0.101784,0.283762,0.060965
-0.100102,0.283739,0.062265
-0.098682,0.283524,0.064273
-0.097065,0.283808,0.067312
-0.097389,0.283463,0.066639
-0.093951,0.282721,0.069647
-0.093221,0.283660,0.070008
-0.091842,0.281629,0.070892
-0.093214,0.284573,0.071873
-0.090144,0.283148,0.073275
-0.087147,0.283722,0.073323
-0.086632,0.282598,0.074504
-0.085735,0.283186,0.075464
-0.085405,0.284334,0.075298
-0.082941,0.283378,0.077750
-0.081366,0.282656,0.077091
-0.079845,0.283209,0.078642
-0.078722,0.283084,0.077847
-0.078439,0.282711,0.080030
-0.076230,0.283163,0.078705
-0.073935,0.280946,0.082528
-0.071262,0.285425,0.081312
-0.070440,0.283038,0.082405
-0.069919,0.284249,0.082951
-0.070245,0.282628,0.083123
-0.067874,0.283589,0.084242
-0.066885,0.284185,0.084223
-0.064708,0.281997,0.083013
-0.063464,0.283283,0.083985
-0.061097,0.283557,0.082148
-0.061112,0.284454,0.082566
-0.058312,0.282696,0.082938
-0.057901,0.283529,0.084666
-0.057757,0.285150,0.083895
-0.054980,0.283481,0.085256
-0.055192,0.282903,0.083809
-0.050467,0.281671,0.084874
-0.050089,0.283385,0.084643
-0.049756,0.283037,0.083069
-0.047359,0.282364,0.085239
-0.048482,0.283294,0.086920
-0.046817,0.282297,0.082506
-0.044890,0.282226,0.086104
-0.044753,0.281106,0.083942
-0.042289,0.282690,0.083903
-0.041438,0.282335,0.083616
-0.038383,0.282063,0.084231
-0.036640,0.282507,0.084453
-0.036495,0.283450,0.084977
-0.035290,0.283898,0.083808
-0.034028,0.283890,0.082882
-0.032184,0.282968,0.083464
-0.031952,0.282493,0.082316
-0.028975,0.284420,0.082152
-0.028872,0.283291,0.081880
-0.027743,0.283834,0.082018
-0.025157,0.283514,0.079206
-0.025496,0.283510,0.081315
-0.025569,0.281634,0.081840
-0.022532,0.283930,0.079290
-0.022321,0.282575,0.080495
-0.019723,0.284999,0.078876
-0.020284,0.281435,0.077344
-0.015312,0.282012,0.075946
-0.017186,0.282788,0.075846
-0.014918,0.282910,0.075819
-0.012161,0.284053,0.072277
-0.013447,0.283781,0.074863
-0.006847,0.284008,0.072251
-0.008583,0.284393,0.071661
-0.006383,0.284064,0.071893
-0.006258,0.284750,0.070920
-0.005869,0.284068,0.069391
-0.004405,0.284826,0.066574
-0.001189,0.282814,0.067468
-0.001804,0.285679,0.068071
0.002185,0.284094,0.064807
0.001926,0.282881,0.063474
0.003421,0.283702,0.062708
0.004394,0.284859,0.063631
0.006319,0.282137,0.063427
0.007400,0.283447,0.063319
0.007393,0.283939,0.062024
0.010202,0.283160,0.063905
0.012206,0.283523,0.063135
0.012176,0.285076,0.063784
0.013768,0.282661,0.063336
0.015524,0.285443,0.062755
0.015988,0.282503,0.062914
0.017577,0.283634,0.062019
0.018977,0.284225,0.062441
0.021477,0.284055,0.060192
0.021313,0.285622,0.059614
0.025108,0.285284,0.059593
0.026707,0.283347,0.060572
0.026744,0.285526,0.061556
0.026777,0.285353,0.060496
0.029246,0.284962,0.061019
0.029982,0.285827,0.061330
0.034410,0.284808,0.059351
0.032640,0.284806,0.058391
0.034258,0.284126,0.057293
0.035200,0.285322,0.057325
0.036928,0.282815,0.057817
0.040439,0.283761,0.056518
0.041422,0.284510,0.057413
0.043696,0.284728,0.056859
0.042928,0.287027,0.055069
0.046386,0.284043,0.056931
0.046999,0.282860,0.054226
0.047759,0.285120,0.056560
0.049214,0.283742,0.052708
0.048122,0.284417,0.053218
0.049103,0.285052,0.052230
0.052977,0.283823,0.051105
0.054144,0.284252,0.054762
0.055501,0.283870,0.049365
0.055869,0.285611,0.049819
0.059162,0.283888,0.051615
0.059726,0.285088,0.050597
0.059148,0.285057,0.049218
0.062167,0.283636,0.049397
0.061782,0.286583,0.049266
0.063574,0.285112,0.047618
0.065452,0.284975,0.045891
0.068635,0.285399,0.043172
0.068061,0.284851,0.045367
0.069347,0.285686,0.042510
0.072862,0.284089,0.043472
0.072198,0.285007,0.040792
0.073376,0.284178,0.043746
0.076719,0.283984,0.042605
0.076557,0.285213,0.041847
0.077243,0.285891,0.042358
0.079029,0.285896,0.041129
0.080723,0.286203,0.040836
0.084164,0.285327,0.039817
0.083910,0.284822,0.039728
0.086581,0.285251,0.038100
0.087014,0.283618,0.034793
0.087908,0.286312,0.033930
0.088186,0.284638,0.033632
0.089991,0.284786,0.032897
0.094470,0.285761,0.030642
0.095011,0.285514,0.029269
0.094804,0.285137,0.029940
0.098462,0.286625,0.028357
0.096799,0.285902,0.027402
0.100084,0.287565,0.026768
0.102298,0.284042,0.026540
0.102246,0.286391,0.023351
0.103790,0.287173,0.022388
0.106516,0.287222,0.019898
0.107278,0.285715,0.017144
0.108375,0.285346,0.015181
0.109928,0.285746,0.011356
0.112189,0.284825,0.012444
0.112495,0.286595,0.008007
0.113153,0.286783,0.008451
0.115415,0.287654,0.003735
0.116517,0.287980,0.001983
0.116667,0.287231,-0.002220
0.118692,0.287834,-0.005452
0.121096,0.286116,-0.009378
0.122287,0.286112,-0.014589
0.122058,0.289158,-0.020105
0.126695,0.288343,-0.029728
-0.127128,0.289642,-0.014670
-0.127755,0.288552,-0.010870
-0.125565,0.287666,-0.004308
-0.123425,0.289314,0.000438
-0.120868,0.288613,0.004287
-0.119361,0.287441,0.011043
-0.117557,0.287329,0.014585
-0.117063,0.285851,0.020124
-0.116206,0.286903,0.023226
-0.115035,0.287836,0.027773
-0.112967,0.285885,0.037364
-0.110848,0.289066,0.041295
-0.107947,0.286748,0.048169
-0.107058,0.285179,0.050730
-0.105333,0.286986,0.055007
-0.103969,0.286539,0.060028
-0.103438,0.286008,0.060720
-0.101817,0.284486,0.064687
-0.100567,0.284374,0.065207
-0.098255,0.287394,0.067495
-0.096252,0.286257,0.067466
-0.095649,0.284671,0.068622
-0.093928,0.283560,0.069538
-0.093839,0.283624,0.072728
-0.090097,0.284895,0.071647
-0.089628,0.284438,0.073346
-0.088735,0.284760,0.075966
-0.087369,0.284363,0.074600
-0.084889,0.283702,0.076350
-0.082984,0.284086,0.076276
-0.081471,0.285415,0.075562
-0.080700,0.284870,0.077279
-0.080710,0.284672,0.078432
-0.079112,0.284672,0.080518
-0.078651,0.284057,0.079120
-0.077152,0.285406,0.080168
-0.074415,0.284622,0.078861
-0.071673,0.283808,0.079662
-0.073028,0.285424,0.082076
-0.072154,0.283721,0.082314
-0.066613,0.282976,0.084824
-0.067540,0.284976,0.083434
-0.066093,0.285939,0.083454
-0.066106,0.284749,0.083703
-0.064503,0.284389,0.083994
-0.061916,0.283797,0.084263
-0.062330,0.284412,0.081646
-0.059699,0.286071,0.084102
-0.057908,0.283193,0.084409
-0.057976,0.284011,0.084228
-0.056123,0.285212,0.085715
-0.053565,0.284942,0.086085
-0.052684,0.285661,0.085507
-0.051403,0.283679,0.085006
-0.051394,0.282672,0.083870
-0.048668,0.284167,0.085666
-0.048208,0.285218,0.084647
-0.046229,0.285391,0.084336
-0.044488,0.285152,0.085123
-0.043349,0.284879,0.087089
-0.041805,0.284033,0.086647
-0.041420,0.284769,0.086685
-0.040998,0.284765,0.084158
-0.039447,0.285043,0.084786
-0.036000,0.283360,0.086083
-0.035919,0.284308,0.085228
-0.035413,0.284511,0.084010
-0.031893,0.285782,0.085212
-0.031849,0.284672,0.082816
-0.029379,0.285561,0.082899
-0.029173,0.285719,0.083994
-0.028249,0.284196,0.084007
-0.025960,0.284428,0.082338
-0.023798,0.283990,0.081065
-0.023458,0.284465,0.081902
-0.022808,0.283801,0.081294
-0.020236,0.282225,0.079644
-0.019180,0.283400,0.079330
-0.017563,0.284614,0.077759
-0.016629,0.283015,0.078006
-0.014228,0.284650,0.076866
-0.013184,0.284332,0.076962
-0.013570,0.284887,0.074405
-0.009897,0.286144,0.075623
-0.010261,0.286504,0.071673
-0.007138,0.285406,0.072580
-0.008305,0.284640,0.071023
-0.005501,0.284351,0.070363
-0.003854,0.284366,0.068515
-0.002606,0.287379,0.067664
-0.001948,0.286147,0.065058
-0.001375,0.284507,0.065732
0.000900,0.286228,0.065895
0.001450,0.284955,0.065814
0.005002,0.286475,0.064658
0.003546,0.285426,0.062226
0.007327,0.286737,0.063107
0.007879,0.285425,0.063836
0.009797,0.286135,0.061890
0.011140,0.287021,0.063680
0.013396,0.284716,0.063543
0.012947,0.284881,0.065033
0.015466,0.286569,0.061327
0.014346,0.286964,0.062248
0.017375,0.284689,0.059768
0.018730,0.285163,0.061126
0.019463,0.286121,0.061768
0.021621,0.284658,0.060695
0.023934,0.282945,0.062401
0.023977,0.286056,0.059336
0.026298,0.285000,0.061258
0.027956,0.285775,0.060559
0.027633,0.287248,0.062158
0.029358,0.286551,0.060943
0.029449,0.284574,0.058028
0.032238,0.285669,0.059518
0.032703,0.285626,0.058550
0.035769,0.286171,0.058426
0.034073,0.286035,0.058283
0.037539,0.284455,0.057184
0.040180,0.285583,0.056909
0.039958,0.284115,0.057228
0.040863,0.285544,0.056575
0.041333,0.286672,0.055265
0.046562,0.285866,0.057127
0.045530,0.286540,0.056764
0.047072,0.286387,0.055400
0.047526,0.285676,0.053342
0.049611,0.285440,0.051266
0.051292,0.287509,0.053072
0.051236,0.287130,0.050324
0.054797,0.285397,0.051263
0.056400,0.285891,0.050726
0.057408,0.287414,0.050571
0.057842,0.286780,0.051835
0.058412,0.285352,0.049386
0.061395,0.286049,0.049616
0.061862,0.285135,0.049566
0.064258,0.286180,0.048380
0.065729,0.286128,0.047657
0.065969,0.286234,0.046988
0.068380,0.285231,0.046300
0.069717,0.288295,0.045975
0.071553,0.286615,0.043361
0.071097,0.288154,0.044667
0.072289,0.284727,0.045151
0.074766,0.286342,0.042889
0.075517,0.287536,0.042465
0.077346,0.286099,0.041119
0.077648,0.287913,0.042460
0.081576,0.287541,0.039952
0.082409,0.286145,0.042629
0.082186,0.286408,0.039281
0.083944,0.288168,0.040757
0.085832,0.286167,0.039489
0.085360,0.287426,0.038223
0.088869,0.287149,0.038843
0.089180,0.286368,0.034581
0.092195,0.286838,0.033672
0.093551,0.287181,0.033146
0.095589,0.285655,0.030941
0.094323,0.285994,0.031131
0.096980,0.287960,0.028174
0.097726,0.286411,0.028258
0.100366,0.286966,0.029705
0.098343,0.287960,0.029157
0.100320,0.286310,0.027897
0.104266,0.286161,0.026698
0.104528,0.290320,0.023359
0.106264,0.286097,0.022269
0.108660,0.286818,0.019954
0.109955,0.289000,0.017407
0.109953,0.288973,0.015377
0.112122,0.289593,0.011080
0.114187,0.289261,0.007109
0.114760,0.288062,0.004130
0.115985,0.289851,0.003740
0.118229,0.290508,-0.001187
0.119846,0.288257,-0.005212
0.121854,0.289190,-0.011657
0.124628,0.288734,-0.014045
0.126093,0.289615,-0.021103
0.125373,0.290042,-0.031303
-0.130624,0.290926,-0.017697
-0.128988,0.291053,-0.013652
-0.127288,0.291494,-0.006498
-0.123920,0.292695,0.000015
-0.122439,0.290162,0.003838
-0.121008,0.289712,0.007312
-0.119393,0.289066,0.011351
-0.118364,0.288998,0.016569
-0.117319,0.287909,0.018987
-0.115766,0.288065,0.024221
-0.113571,0.288741,0.029095
-0.113846,0.287546,0.036978
-0.110805,0.288580,0.043741
-0.109087,0.287765,0.049894
-0.105942,0.289552,0.052149
-0.105700,0.289052,0.056166
-0.102992,0.288710,0.059359
-0.101843,0.286242,0.062414
-0.098794,0.287075,0.063360
-0.097507,0.285670,0.068235
-0.098177,0.286162,0.066836
-0.095333,0.287335,0.070267
-0.095919,0.285836,0.070249
-0.093025,0.287514,0.071157
-0.094672,0.286458,0.072008
-0.092165,0.285579,0.072967
-0.088924,0.285511,0.074463
-0.088400,0.285620,0.073707
-0.086457,0.287998,0.077224
-0.085066,0.286249,0.076024
-0.083128,0.286928,0.077370
-0.085191,0.286088,0.076854
-0.080334,0.286787,0.076661
-0.079944,0.285341,0.079248
-0.077071,0.286369,0.078549
-0.076938,0.286636,0.080244
-0.074432,0.286653,0.081228
-0.074600,0.285432,0.081350
-0.073533,0.286419,0.082111
-0.070144,0.287311,0.083433
-0.069594,0.287062,0.084191
-0.069257,0.285264,0.083422
-0.068137,0.284532,0.083885
-0.065120,0.286120,0.084626
-0.066246,0.286387,0.084956
-0.063458,0.285248,0.084087
-0.062291,0.284741,0.084892
-0.061479,0.284430,0.085394
-0.059701,0.284034,0.084347
-0.058671,0.286645,0.086616
-0.057400,0.285244,0.085131
-0.053425,0.286208,0.084749
-0.055708,0.286059,0.084336
-0.053156,0.285118,0.083608
-0.052147,0.285744,0.085192
-0.049598,0.284732,0.083251
-0.047519,0.285195,0.085733
-0.049099,0.286161,0.085669
-0.045336,0.286933,0.084411
-0.044813,0.286173,0.085743
-0.045041,0.285882,0.086539
-0.040406,0.287152,0.082901
-0.041271,0.285944,0.084272
-0.040629,0.286629,0.086020
-0.037105,0.285664,0.083943
-0.036454,0.286334,0.085324
-0.036529,0.285660,0.082427
-0.034494,0.286314,0.083892
-0.032833,0.285240,0.083559
-0.032166,0.286130,0.083915
-0.030634,0.285634,0.084057
-0.027125,0.285471,0.086441
-0.029617,0.285472,0.083079
-0.025235,0.286723,0.083586
-0.024894,0.284841,0.079554
-0.021686,0.287239,0.081827
-0.020829,0.286129,0.081802
-0.019698,0.287589,0.079027
-0.021122,0.287741,0.081079
-0.017145,0.284725,0.079389
-0.017231,0.287784,0.077800
-0.014126,0.286338,0.077110
-0.014910,0.286350,0.077799
-0.013199,0.287658,0.076855
-0.010238,0.285303,0.073627
-0.010175,0.286084,0.073757
-0.009019,0.286492,0.071817
-0.008348,0.284733,0.072963
-0.006520,0.285666,0.071948
-0.004869,0.286179,0.069211
-0.001367,0.286124,0.069637
-0.000281,0.285932,0.066947
-0.002906,0.287377,0.068681
0.001444,0.286449,0.065991
0.002368,0.288088,0.065029
0.004413,0.287082,0.064965
0.006585,0.287464,0.066261
0.007248,0.287284,0.063919
0.005758,0.286745,0.062962
0.009148,0.285471,0.063416
0.010677,0.287646,0.062283
0.011790,0.286996,0.061715
0.013635,0.285864,0.063889
0.016275,0.287092,0.060667
0.016787,0.285057,0.062247
0.016397,0.286379,0.061584
0.017670,0.285997,0.061796
0.022029,0.286089,0.061136
0.022731,0.286619,0.060481
0.022510,0.286908,0.059582
0.023864,0.287535,0.059941
0.024458,0.285762,0.059348
0.025701,0.287052,0.061173
0.026783,0.288777,0.060466
0.029715,0.287500,0.060523
0.029925,0.287489,0.058984
0.031970,0.286821,0.060517
0.034930,0.287554,0.059442
0.035592,0.286858,0.059587
0.038414,0.285923,0.058938
0.036039,0.288325,0.057237
0.040405,0.288142,0.056119
0.040232,0.286374,0.056124
0.039944,0.288525,0.055149
0.042100,0.285861,0.055628
0.045340,0.286487,0.054029
0.044236,0.287407,0.053926
0.047453,0.287037,0.053153
0.048104,0.287799,0.053178
0.049510,0.286042,0.053180
0.051390,0.286130,0.052691
0.052121,0.287879,0.051500
0.051979,0.286932,0.053059
0.055660,0.287953,0.051238
0.056606,0.288341,0.052917
0.057939,0.287061,0.048365
0.058294,0.288499,0.050846
0.061066,0.287141,0.048009
0.061784,0.288009,0.047442
0.060613,0.286718,0.047734
0.064570,0.289586,0.046773
0.065374,0.286684,0.048061
0.068787,0.290231,0.044426
0.070141,0.288092,0.044878
0.070697,0.287504,0.045204
0.072238,0.289729,0.043365
0.071651,0.288818,0.044039
0.074153,0.288651,0.045206
0.075508,0.287475,0.042120
0.077908,0.286355,0.043180
0.078712,0.288260,0.044013
0.079163,0.289115,0.041439
0.080959,0.287035,0.040651
0.081934,0.286415,0.041799
0.083838,0.289655,0.039986
0.085853,0.286127,0.039678
0.085921,0.289490,0.040097
0.087899,0.289915,0.039465
0.090527,0.289251,0.036359
0.090209,0.288443,0.035320
0.093609,0.286966,0.034209
0.094040,0.290348,0.035079
0.096159,0.287865,0.033749
0.097279,0.289042,0.031878
0.097465,0.288027,0.029533
0.099959,0.287333,0.032257
0.099597,0.288001,0.031636
0.101195,0.288135,0.029523
0.104029,0.289626,0.027412
0.104735,0.289992,0.029037
0.108024,0.290209,0.025905
0.107294,0.289249,0.023963
0.109584,0.287794,0.019536
0.110004,0.288824,0.017269
0.111653,0.290173,0.012817
0.114464,0.289484,0.011362
0.115799,0.290507,0.006507
0.117112,0.291650,0.002316
0.118607,0.290686,-0.002459
0.121140,0.290434,-0.003444
0.121777,0.291101,-0.008756
0.120324,0.291398,-0.013897
0.125052,0.291629,-0.021241
0.127653,0.290024,-0.029422
-0.130439,0.291075,-0.015769
-0.128546,0.291111,-0.010027
-0.125464,0.291449,-0.003354
-0.124964,0.291913,-0.000563
-0.123106,0.290587,0.005291
-0.121299,0.289664,0.010537
-0.120583,0.290606,0.014068
-0.117287,0.289975,0.018104
-0.117591,0.290948,0.021252
-0.115928,0.290084,0.025906
-0.114125,0.292861,0.033383
-0.110998,0.287767,0.043682
-0.110799,0.289930,0.046287
-0.108523,0.287839,0.051621
-0.108204,0.289208,0.057031
-0.102486,0.288385,0.058265
-0.103393,0.288512,0.060654
-0.101963,0.288118,0.063592
-0.099669,0.287400,0.064690
-0.098571,0.289307,0.065506
-0.097671,0.289524,0.067335
-0.096531,0.288017,0.069143
-0.095450,0.286806,0.071998
-0.094624,0.287074,0.071509
-0.091346,0.288537,0.071515
-0.091669,0.287570,0.072706
-0.089669,0.287280,0.074524
-0.089913,0.288837,0.074462
-0.086007,0.286968,0.073069
-0.084307,0.287513,0.076454
-0.084259,0.286886,0.076606
-0.082898,0.288464,0.078819
-0.082199,0.289554,0.077716
-0.079264,0.286072,0.078641
-0.079443,0.287024,0.080101
-0.076853,0.287033,0.080779
-0.074159,0.287050,0.080693
-0.075247,0.289259,0.079942
-0.072325,0.287140,0.082179
-0.071527,0.287667,0.083767
-0.069282,0.288375,0.082295
-0.068350,0.288153,0.085101
-0.067525,0.285657,0.081895
-0.065012,0.286418,0.083120
-0.066386,0.287979,0.084915
-0.063349,0.288743,0.085783
-0.062930,0.286339,0.084752
-0.060547,0.288601,0.085269
-0.058841,0.289213,0.083890
-0.057204,0.289369,0.085932
-0.057576,0.286349,0.086312
-0.055454,0.287979,0.084477
-0.053997,0.286621,0.084455
-0.051981,0.286992,0.084540
-0.050911,0.288351,0.087177
-0.049303,0.287291,0.085184
-0.048566,0.287345,0.085008
-0.048838,0.287714,0.086601
-0.045714,0.287566,0.086227
-0.042592,0.287459,0.086050
-0.043439,0.288246,0.088067
-0.041942,0.287287,0.086922
-0.040546,0.289155,0.084621
-0.036570,0.289149,0.085208
-0.037118,0.286307,0.084966
-0.035404,0.286002,0.085574
-0.035449,0.288606,0.084379
-0.035833,0.289540,0.084348
-0.030689,0.286922,0.084358
-0.030673,0.288155,0.084738
-0.030587,0.289879,0.083971
-0.027417,0.286625,0.083589
-0.027782,0.287662,0.082893
-0.025756,0.287490,0.081120
-0.023420,0.287429,0.082236
-0.023590,0.288004,0.081532
-0.020980,0.288794,0.080310
-0.021100,0.288190,0.080953
-0.017962,0.287160,0.080170
-0.018444,0.287758,0.079272
-0.014721,0.287900,0.080035
-0.015207,0.287464,0.076860
-0.014919,0.287708,0.076616
-0.010536,0.287769,0.076333
-0.009977,0.289155,0.076546
-0.009838,0.290776,0.075144
-0.009056,0.287595,0.072682
-0.007932,0.285906,0.070562
-0.005834,0.289030,0.070742
-0.004665,0.287272,0.071898
-0.002286,0.288292,0.067445
-0.000203,0.288935,0.068095
0.000473,0.286882,0.066577
0.000277,0.287344,0.066503
0.001841,0.288113,0.064734
0.003614,0.289029,0.062419
0.004985,0.288322,0.064081
0.006741,0.289222,0.064412
0.007132,0.288513,0.062795
0.008975,0.287830,0.062528
0.009161,0.288868,0.062946
0.011558,0.288088,0.063200
0.013778,0.289080,0.061432
0.013268,0.289332,0.062422
0.017005,0.290294,0.061064
0.017753,0.289207,0.063972
0.019590,0.288106,0.063002
0.020173,0.288797,0.060813
0.021271,0.288776,0.060392
0.021474,0.289703,0.062678
0.024696,0.288880,0.060489
0.026856,0.289931,0.059457
0.028527,0.288729,0.060586
0.027000,0.289530,0.061096
0.030278,0.289975,0.061457
0.029949,0.289130,0.059780
0.032121,0.289169,0.058405
0.032148,0.288191,0.056940
0.033230,0.289374,0.056008
0.037532,0.287979,0.057177
0.037873,0.285428,0.056701
0.038491,0.289423,0.057673
0.040055,0.288586,0.055559
0.043296,0.289991,0.057788
0.041001,0.288741,0.055694
0.045578,0.290265,0.054878
0.046247,0.290378,0.056439
0.047121,0.288515,0.053199
0.047962,0.289474,0.052632
0.049222,0.290063,0.052016
0.049957,0.287910,0.053337
0.053223,0.288844,0.051208
0.053343,0.289625,0.051163
0.056412,0.289147,0.049996
0.057431,0.290012,0.047836
0.056299,0.290799,0.050622
0.059108,0.288482,0.049837
0.060868,0.290668,0.047444
0.061203,0.291011,0.049959
0.064400,0.288459,0.046563
0.063419,0.289510,0.048483
0.065832,0.289901,0.045887
0.067455,0.288394,0.047051
0.067731,0.288471,0.044581
0.072112,0.288397,0.044562
0.071764,0.289694,0.044190
0.073315,0.290607,0.044451
0.075801,0.287699,0.043962
0.075109,0.288949,0.043375
0.077114,0.290275,0.041494
0.078944,0.291663,0.043565
0.079542,0.288877,0.043263
0.082673,0.288959,0.042547
0.082545,0.290899,0.040435
0.083215,0.290354,0.040609
0.084649,0.289535,0.039744
0.087372,0.290067,0.041363
0.086937,0.291144,0.039408
0.090770,0.290614,0.039501
0.091090,0.288748,0.039103
0.092560,0.290328,0.035899
0.094849,0.291349,0.036839
0.093493,0.289209,0.037376
0.096195,0.289899,0.034654
0.099051,0.288746,0.033586
0.101183,0.291495,0.034364
0.100723,0.290972,0.033679
0.102314,0.291819,0.031380
0.102780,0.290593,0.031108
0.103598,0.290807,0.029852
0.106529,0.288491,0.029793
0.108175,0.290693,0.026818
0.107337,0.288545,0.022267
0.109610,0.290507,0.022411
0.111922,0.290572,0.019645
0.114544,0.291859,0.017603
0.114434,0.289803,0.015685
0.117159,0.291594,0.007984
0.118339,0.292471,0.000353
0.119983,0.293072,-0.005523
0.121565,0.292513,-0.008529
0.120963,0.290329,-0.014386
0.125063,0.292629,-0.020256
0.125544,0.294166,-0.031214
-0.131093,0.294489,-0.017832
-0.129402,0.293637,-0.013279
-0.129633,0.294668,-0.006501
-0.125475,0.292756,-0.002503
-0.124102,0.293457,0.002482
-0.123539,0.293673,0.005732
-0.120383,0.293835,0.011833
-0.118908,0.292084,0.014576
-0.118389,0.291913,0.020052
-0.115790,0.292852,0.022283
-0.114755,0.293268,0.027927
-0.114256,0.292161,0.035704
-0.111355,0.290832,0.044870
-0.109564,0.290544,0.050263
-0.107896,0.290527,0.052632
-0.104934,0.290856,0.058057
-0.105326,0.290609,0.058534
-0.103661,0.289195,0.062387
-0.103335,0.289164,0.062539
-0.100695,0.291270,0.064679
-0.099600,0.288723,0.067133
-0.096101,0.290803,0.068665
-0.095674,0.288579,0.070607
-0.096542,0.290449,0.072501
-0.093420,0.290461,0.072267
-0.091951,0.288869,0.070669
-0.090654,0.288341,0.072494
-0.089636,0.289553,0.073252
-0.088977,0.289709,0.072730
-0.087625,0.288902,0.075174
-0.085297,0.289217,0.077333
-0.085011,0.288652,0.078338
-0.082393,0.289965,0.076806
-0.080213,0.288925,0.079008
-0.077484,0.289470,0.079616
-0.078110,0.289113,0.078851
-0.076995,0.289357,0.080907
-0.076491,0.288782,0.080224
-0.074198,0.287870,0.079932
-0.073256,0.290831,0.082060
-0.070460,0.290038,0.082382
-0.069348,0.289183,0.081926
-0.068773,0.288367,0.083524
-0.066636,0.289439,0.083919
-0.065292,0.288670,0.083521
-0.065223,0.289359,0.083028
-0.062072,0.289681,0.085361
-0.061572,0.288989,0.084930
-0.058995,0.289888,0.084473
-0.058382,0.290621,0.084890
-0.058936,0.288400,0.084944
-0.057019,0.288629,0.085413
-0.056403,0.288161,0.085634
-0.054134,0.290486,0.085798
-0.053293,0.289936,0.084845
-0.052350,0.290251,0.085022
-0.050136,0.289401,0.087422
-0.048294,0.290591,0.084685
-0.047509,0.288375,0.087240
-0.045379,0.290114,0.085534
-0.043755,0.289008,0.085581
-0.044198,0.288210,0.085549
-0.042359,0.288092,0.085525
-0.040184,0.288834,0.085128
-0.038287,0.290314,0.084936
-0.039090,0.288628,0.084208
-0.039130,0.290019,0.084655
-0.034526,0.289722,0.086271
-0.034267,0.288056,0.083642
-0.033334,0.288923,0.084468
-0.030049,0.290577,0.082946
-0.029617,0.288038,0.083826
-0.027140,0.288493,0.084883
-0.027304,0.288233,0.082086
-0.024696,0.289065,0.081720
-0.024281,0.290388,0.082446
-0.024735,0.290373,0.081013
-0.021900,0.289333,0.080785
-0.019629,0.288505,0.079303
-0.019533,0.286865,0.080801
-0.017564,0.288165,0.078307
-0.016744,0.289480,0.080806
-0.014905,0.287598,0.078418
-0.013693,0.290141,0.078144
-0.012118,0.288301,0.078145
-0.011907,0.290674,0.076196
-0.008645,0.289702,0.075745
-0.010779,0.289059,0.074223
-0.006127,0.288280,0.075054
-0.006011,0.291189,0.073396
-0.003987,0.290227,0.069998
-0.003249,0.290861,0.068960
-0.001602,0.289303,0.068465
-0.001396,0.290025,0.066678
0.000427,0.290187,0.066633
0.001675,0.291124,0.066122
0.004306,0.290605,0.066655
0.003383,0.290830,0.062613
0.006349,0.290608,0.063548
0.008969,0.288506,0.063450
0.008653,0.291694,0.064452
0.011723,0.288919,0.064215
0.010248,0.289548,0.063305
0.016777,0.290588,0.065007
0.015290,0.292563,0.062754
0.015525,0.290035,0.062470
0.019795,0.291809,0.062263
0.018139,0.289646,0.060732
0.020373,0.289391,0.059454
0.021603,0.290713,0.060294
0.022305,0.288540,0.060846
0.024560,0.291350,0.061679
0.025027,0.292316,0.059881
0.027732,0.289503,0.060447
0.027670,0.288574,0.060674
0.030775,0.290653,0.059999
0.030042,0.291487,0.059722
0.031567,0.289940,0.059493
0.033311,0.291829,0.059257
0.036440,0.289681,0.058879
0.036087,0.290847,0.057035
0.037442,0.291221,0.057348
0.038734,0.292454,0.057026
0.039688,0.290431,0.056707
0.043213,0.290535,0.055828
0.042186,0.291963,0.056779
0.043103,0.290762,0.055329
0.045831,0.290649,0.055070
0.045609,0.290082,0.054339
0.049822,0.289294,0.054136
0.051667,0.291454,0.052388
0.049906,0.291103,0.050871
0.050587,0.291158,0.051720
0.053804,0.290281,0.051157
0.054894,0.291412,0.049537
0.056820,0.287748,0.050013
0.058562,0.289472,0.049576
0.058368,0.293233,0.047561
0.059474,0.291606,0.047052
0.062650,0.291082,0.047515
0.065273,0.290712,0.048195
0.065496,0.290180,0.047337
0.066950,0.290166,0.046295
0.066735,0.291013,0.046090
0.068679,0.292350,0.047504
0.070579,0.291549,0.048316
0.071124,0.291471,0.045741
0.073295,0.292263,0.043385
0.075052,0.292128,0.045064
0.076874,0.290669,0.044070
0.076196,0.290495,0.042065
0.078107,0.290598,0.042327
0.078759,0.290077,0.043036
0.082040,0.290651,0.042017
0.081711,0.291224,0.043036
0.082643,0.291812,0.043072
0.087057,0.290584,0.040961
0.087258,0.291187,0.040417
0.087884,0.290373,0.039663
0.090040,0.290888,0.041100
0.091322,0.290219,0.038894
0.092842,0.290453,0.039061
0.094181,0.291943,0.036853
0.094872,0.290913,0.037491
0.096398,0.291143,0.035504
0.096430,0.291712,0.035287
0.097562,0.291135,0.033568
0.100173,0.289456,0.034404
0.100390,0.290073,0.035672
0.102767,0.292062,0.033140
0.104657,0.291895,0.032928
0.106431,0.291767,0.032638
0.108673,0.291168,0.029859
0.109411,0.293300,0.026362
0.110477,0.290711,0.024574
0.112187,0.294301,0.023246
0.112854,0.291491,0.019956
0.115518,0.290582,0.017492
0.116858,0.292797,0.016347
0.118387,0.291704,0.009957
0.119496,0.292020,0.000370
0.121795,0.294425,-0.009106
0.123310,0.293308,-0.014100
0.121719,0.294283,-0.018805
0.127039,0.295190,-0.031031
-0.133127,0.295976,-0.016347
-0.129528,0.295615,-0.010787
-0.128352,0.294960,-0.004247
-0.127756,0.293685,-0.000880
-0.124398,0.294920,0.003188
-0.123754,0.295059,0.007879
-0.120387,0.296335,0.013362
-0.120415,0.295937,0.016657
-0.118052,0.295230,0.019824
-0.115917,0.295503,0.023078
-0.114842,0.293746,0.030762
-0.114783,0.293782,0.035852
-0.111107,0.291985,0.048344
-0.109503,0.291800,0.051125
-0.108173,0.292900,0.057971
-0.105587,0.290814,0.059252
-0.107567,0.294252,0.060559
-0.102941,0.292048,0.061784
-0.103167,0.292169,0.062427
-0.101598,0.292037,0.065723
-0.099159,0.290381,0.066083
-0.098186,0.290380,0.067646
-0.098420,0.291575,0.070044
-0.093790,0.291379,0.070323
-0.093816,0.290867,0.070937
-0.091499,0.291082,0.071299
-0.090114,0.291517,0.073917
-0.089841,0.290131,0.076186
-0.087174,0.292024,0.075547
-0.086795,0.291672,0.075711
-0.087324,0.292852,0.075230
-0.082749,0.292054,0.077853
-0.080569,0.291259,0.078694
-0.080285,0.290266,0.079182
-0.079818,0.290599,0.079361
-0.077239,0.291833,0.080699
-0.077090,0.291049,0.079661
-0.076668,0.290073,0.082259
-0.074339,0.288448,0.080847
-0.073247,0.290361,0.080927
-0.072698,0.293446,0.081784
-0.068827,0.288487,0.083654
-0.068238,0.290082,0.082857
-0.067316,0.291417,0.084270
-0.066200,0.290715,0.085011
-0.063139,0.291948,0.084101
-0.063127,0.292599,0.084187
-0.061668,0.290800,0.082935
-0.060114,0.289522,0.084778
-0.059895,0.289289,0.085898
-0.056447,0.291205,0.086977
-0.057822,0.291520,0.084855
-0.055766,0.289572,0.087061
-0.053221,0.289764,0.084759
-0.053056,0.290869,0.085392
-0.052100,0.291209,0.086620
-0.049319,0.291427,0.085032
-0.048762,0.290478,0.085716
-0.047547,0.291185,0.085116
-0.046163,0.292591,0.084971
-0.043366,0.291362,0.085278
-0.044379,0.289339,0.087449
-0.042028,0.290425,0.085765
-0.041760,0.290595,0.086125
-0.038533,0.290069,0.085189
-0.038961,0.290420,0.086148
-0.036357,0.291470,0.084043
-0.036030,0.289834,0.084662
-0.032431,0.291920,0.085551
-0.032334,0.290457,0.083279
-0.032159,0.291512,0.085492
-0.029000,0.290882,0.085656
-0.029297,0.291116,0.083736
-0.029059,0.290781,0.082137
-0.026035,0.290161,0.084717
-0.023489,0.288954,0.083553
-0.023466,0.290949,0.082951
-0.021841,0.290436,0.081999
-0.021893,0.290158,0.080357
-0.019477,0.291504,0.080254
-0.017929,0.290733,0.078676
-0.016823,0.291045,0.078433
-0.015604,0.290710,0.079353
-0.012995,0.289897,0.076848
-0.012499,0.290455,0.076626
-0.010101,0.290776,0.077531
-0.009393,0.291122,0.075497
-0.007436,0.290968,0.075587
-0.008553,0.290306,0.073742
-0.005111,0.291152,0.072326
-0.004985,0.292265,0.072176
-0.001900,0.290876,0.069775
-0.002241,0.291117,0.070078
-0.000580,0.292532,0.067672
0.002216,0.292313,0.066395
0.003088,0.290361,0.064438
0.004718,0.291347,0.064809
0.006071,0.291054,0.063456
0.007265,0.291558,0.064292
0.006219,0.290647,0.065020
0.008612,0.293789,0.063569
0.010094,0.292567,0.065284
0.012577,0.291289,0.063399
0.012285,0.291273,0.064484
0.015670,0.291823,0.063028
0.017399,0.292643,0.062218
0.018427,0.290839,0.061518
0.017738,0.292669,0.060343
0.018640,0.289821,0.061145
0.021303,0.294145,0.062010
0.022200,0.291841,0.060320
0.023490,0.292352,0.060001
0.026450,0.292506,0.060418
0.023808,0.291952,0.061221
0.029344,0.292571,0.059859
0.029318,0.291955,0.061896
0.030819,0.292527,0.060561
0.031274,0.293750,0.057385
0.034414,0.291464,0.058399
0.035875,0.292228,0.056087
0.036183,0.292869,0.055992
0.037609,0.293658,0.057057
0.039111,0.291948,0.055700
0.039840,0.293808,0.055215
0.041798,0.292262,0.055468
0.041361,0.292430,0.054745
0.043756,0.291162,0.053526
0.044851,0.291886,0.052377
0.047963,0.291227,0.052512
0.047859,0.290921,0.050940
0.049735,0.291931,0.051916
0.050868,0.292228,0.051938
0.052195,0.291980,0.051769
0.054433,0.292696,0.050378
0.055471,0.292493,0.050268
0.054045,0.292152,0.050266
0.056069,0.292477,0.050106
0.056956,0.294081,0.048281
0.060792,0.293719,0.049391
0.061160,0.292773,0.048679
0.063536,0.292537,0.044974
0.065604,0.293194,0.047477
0.065827,0.290809,0.046927
0.067099,0.291222,0.046951
0.069391,0.292744,0.045993
0.071228,0.292976,0.043829
0.071401,0.292907,0.045466
0.072243,0.296229,0.044707
0.072320,0.292889,0.043868
0.075254,0.293281,0.044474
0.075845,0.292596,0.043346
0.077477,0.295255,0.043696
0.078814,0.291623,0.044753
0.082169,0.293125,0.043704
0.083965,0.293045,0.043634
0.084335,0.293092,0.043058
0.085818,0.294741,0.044174
0.088699,0.295164,0.043997
0.087690,0.293654,0.044368
0.089251,0.292962,0.041234
0.091480,0.293663,0.041823
0.092701,0.294597,0.042325
0.094777,0.291553,0.040206
0.094552,0.294246,0.039804
0.097265,0.292241,0.038925
0.098726,0.292875,0.037917
0.097596,0.292982,0.037956
0.100826,0.292066,0.037081
0.103116,0.293552,0.036114
0.104465,0.293946,0.034266
0.103939,0.294850,0.035990
0.104963,0.291893,0.031396
0.108802,0.292898,0.030939
0.107891,0.293606,0.029180
0.110174,0.294246,0.028812
0.111865,0.291451,0.026990
0.110989,0.293295,0.022446
0.114939,0.294911,0.020564
0.115443,0.294338,0.018608
0.118785,0.293028,0.016929
0.118112,0.293663,0.008152
0.121637,0.293730,-0.000507
0.121256,0.296462,-0.012310
0.124994,0.296249,-0.019914
0.125121,0.297896,-0.029861
-0.134611,0.297876,-0.016939
-0.131362,0.297623,-0.013119
-0.129558,0.295246,-0.007257
-0.126697,0.296472,-0.001788
-0.126435,0.296790,0.001282
-0.123708,0.298049,0.005027
-0.122215,0.295465,0.008162
-0.121188,0.294345,0.013122
-0.119652,0.296123,0.016675
-0.118392,0.295128,0.019130
-0.116873,0.297266,0.024731
-0.116145,0.296614,0.033950
-0.112084,0.293414,0.047827
-0.112575,0.291239,0.051202
-0.112225,0.294415,0.054542
-0.107087,0.294210,0.055200
-0.107199,0.294391,0.061084
-0.104206,0.291477,0.059306
-0.104270,0.292986,0.061291
-0.102359,0.293022,0.063752
-0.100442,0.293084,0.064415
-0.100066,0.294387,0.066262
-0.098490,0.291434,0.067586
-0.098142,0.291424,0.069759
-0.094046,0.293148,0.070487
-0.093612,0.292726,0.072509
-0.093234,0.293771,0.073529
-0.091853,0.294007,0.074759
-0.088161,0.291866,0.074718
-0.088440,0.292512,0.076068
-0.087967,0.292602,0.076630
-0.085749,0.292200,0.078053
-0.083809,0.292808,0.076777
-0.082509,0.292339,0.077378
-0.081705,0.291991,0.078137
-0.080184,0.294327,0.077601
-0.079226,0.291303,0.079009
-0.076234,0.290476,0.081257
-0.075620,0.293330,0.081506
-0.073524,0.292212,0.081355
-0.073615,0.293488,0.080896
-0.072524,0.292558,0.082459
-0.070762,0.293380,0.081051
-0.068429,0.292648,0.082859
-0.067308,0.290796,0.083320
-0.066564,0.292339,0.085108
-0.065183,0.291506,0.084948
-0.064762,0.292193,0.084210
-0.061266,0.293333,0.083619
-0.062185,0.293004,0.085843
-0.058585,0.293584,0.085260
-0.055664,0.293857,0.084507
-0.054660,0.291771,0.084507
-0.055470,0.293119,0.084564
-0.054329,0.291846,0.086018
-0.052724,0.292275,0.085806
-0.051914,0.292028,0.085178
-0.050355,0.292074,0.084747
-0.049459,0.291798,0.086166
-0.047270,0.293659,0.085557
-0.048221,0.290953,0.086526
-0.044056,0.293107,0.086892
-0.043403,0.292165,0.086212
-0.042659,0.291788,0.084426
-0.040683,0.291177,0.085093
-0.037739,0.292757,0.086645
-0.037578,0.292116,0.087019
-0.038658,0.291576,0.084973
-0.035204,0.292446,0.086320
-0.034218,0.291622,0.085589
-0.031804,0.292475,0.082903
-0.031262,0.293726,0.085300
-0.031755,0.292292,0.085248
-0.030229,0.292356,0.081318
-0.028964,0.293907,0.084138
-0.025836,0.290774,0.084574
-0.025964,0.293922,0.081403
-0.022154,0.292993,0.083304
-0.020883,0.291792,0.083403
-0.020417,0.292205,0.079474
-0.018802,0.291931,0.078849
-0.018543,0.295637,0.080661
-0.017543,0.293630,0.076934
-0.015045,0.291916,0.078225
-0.014073,0.292503,0.079348
-0.013046,0.291047,0.079351
-0.011219,0.292662,0.078704
-0.010083,0.292962,0.077374
-0.008823,0.293625,0.075715
-0.007322,0.293572,0.075510
-0.004745,0.292089,0.074071
-0.004510,0.291269,0.071183
-0.002437,0.291724,0.070416
0.000255,0.293184,0.069258
0.000246,0.293135,0.067335
0.001529,0.294034,0.065894
0.004786,0.292934,0.066278
0.003839,0.294458,0.066063
0.005333,0.292293,0.064055
0.006925,0.291732,0.064090
0.009088,0.290943,0.065286
0.010183,0.293763,0.064959
0.011574,0.293120,0.064322
0.011324,0.294936,0.062095
0.013735,0.294051,0.062273
0.015608,0.293879,0.062731
0.015635,0.293389,0.064156
0.017156,0.292319,0.060133
0.018698,0.293915,0.059096
0.019570,0.293634,0.062480
0.020878,0.295362,0.059510
0.023312,0.294857,0.062174
0.024534,0.292293,0.060711
0.025219,0.294312,0.059671
0.029071,0.294446,0.060190
0.029766,0.294643,0.057867
0.029328,0.292832,0.058104
0.031394,0.293301,0.058932
0.032458,0.294377,0.057288
0.034806,0.293504,0.057371
0.035144,0.295311,0.056872
0.037550,0.294432,0.057523
0.039109,0.293560,0.054931
0.038941,0.294354,0.057962
0.040780,0.292663,0.054697
0.042949,0.293323,0.054699
0.043523,0.291864,0.054917
0.044606,0.292670,0.055059
0.046589,0.294970,0.054352
0.046406,0.294043,0.052009
0.047721,0.292965,0.051766
0.050127,0.295078,0.052496
0.050596,0.293961,0.053011
0.051966,0.294700,0.049995
0.052718,0.294526,0.049492
0.055741,0.293785,0.050058
0.056748,0.295099,0.048729
0.057628,0.295106,0.049259
0.058448,0.295242,0.048925
0.060598,0.294369,0.048394
0.059814,0.296057,0.046845
0.062804,0.294837,0.046252
0.065002,0.294870,0.047239
0.065186,0.293694,0.046521
0.068276,0.291066,0.048776
0.068726,0.294334,0.047344
0.071636,0.293149,0.044868
0.071795,0.292359,0.046517
0.073515,0.294427,0.045691
0.073174,0.294943,0.046672
0.075786,0.294323,0.045510
0.077459,0.295523,0.046129
0.079005,0.296320,0.044912
0.080085,0.295120,0.045166
0.079060,0.296341,0.045822
0.082870,0.294120,0.045790
0.085258,0.293826,0.045630
0.085184,0.292950,0.046647
0.085854,0.294876,0.046687
0.088246,0.294700,0.046038
0.088417,0.294077,0.043721
0.092276,0.293297,0.042806
0.094064,0.293737,0.043049
0.091662,0.294493,0.043208
0.094815,0.294051,0.041635
0.095860,0.296010,0.039834
0.098561,0.295013,0.039727
0.098713,0.294050,0.039313
0.100291,0.294788,0.037338
0.102377,0.295113,0.037172
0.102103,0.296344,0.036752
0.104918,0.292157,0.035699
0.107749,0.295646,0.034300
0.106919,0.295323,0.036719
0.109300,0.297276,0.033236
0.112538,0.295148,0.031143
0.111116,0.295888,0.029556
0.112470,0.294570,0.025063
0.115184,0.294820,0.023685
0.116468,0.296114,0.022446
0.117941,0.293258,0.021465
0.119566,0.294214,0.018004
0.119936,0.295929,0.007630
0.122516,0.295738,0.000148
0.122657,0.297115,-0.016704
0.127483,0.296813,-0.028691
-0.134156,0.301224,-0.030474
-0.132216,0.299485,-0.015819
-0.129714,0.297646,-0.010569
-0.127639,0.298812,-0.004988
-0.128516,0.298171,-0.000097
-0.124928,0.297285,0.002611
-0.123311,0.296736,0.004902
-0.122691,0.299577,0.011512
-0.121201,0.297681,0.013776
-0.120500,0.298879,0.017100
-0.115936,0.296280,0.021217
-0.116657,0.298185,0.029519
-0.115574,0.297502,0.035046
-0.113787,0.295796,0.049959
-0.111945,0.294621,0.053140
-0.110631,0.297105,0.054671
-0.108222,0.294836,0.058179
-0.105810,0.294996,0.060535
-0.104200,0.294383,0.060672
-0.105038,0.295844,0.064042
-0.101535,0.294271,0.062834
-0.102606,0.294495,0.065560
-0.100216,0.293075,0.067548
-0.098249,0.295347,0.068897
-0.096233,0.295115,0.069718
-0.096051,0.294923,0.070282
-0.092441,0.295142,0.071921
-0.092419,0.295509,0.073861
-0.091603,0.294957,0.076292
-0.089196,0.294636,0.074292
-0.088739,0.294918,0.076771
-0.085263,0.293710,0.075387
-0.088511,0.294773,0.077108
-0.084054,0.294518,0.077028
-0.082363,0.294515,0.078692
-0.081158,0.292300,0.079024
-0.079983,0.294243,0.079336
-0.078574,0.294315,0.080717
-0.077321,0.293064,0.079493
-0.075581,0.292951,0.082096
-0.074223,0.295171,0.081234
-0.071914,0.292997,0.081174
-0.070651,0.293421,0.080387
-0.071692,0.292596,0.081664
-0.070346,0.295065,0.083215
-0.067578,0.293310,0.083649
-0.065538,0.293435,0.083794
-0.065631,0.295945,0.084855
-0.064066,0.292315,0.084038
-0.061760,0.293260,0.084133
-0.062702,0.294426,0.084828
-0.060907,0.294452,0.086916
-0.057920,0.295416,0.086738
-0.057529,0.293854,0.084805
-0.056372,0.294539,0.082698
-0.055064,0.293212,0.086925
-0.053271,0.293766,0.083879
-0.049708,0.294088,0.085553
-0.050786,0.295314,0.086263
-0.048146,0.294340,0.085369
-0.047811,0.293660,0.085176
-0.046649,0.294882,0.086793
-0.044890,0.291841,0.087674
-0.042448,0.293743,0.084420
-0.042125,0.294358,0.086885
-0.040558,0.294764,0.084726
-0.041242,0.294139,0.084093
-0.037469,0.293602,0.084832
-0.038660,0.294037,0.083917
-0.035753,0.293862,0.085540
-0.032975,0.293011,0.084306
-0.034203,0.293237,0.084260
-0.030477,0.293196,0.085871
-0.030885,0.295666,0.083009
-0.026318,0.294633,0.085641
-0.028490,0.295160,0.081876
-0.025511,0.291273,0.083495
-0.023773,0.294356,0.082437
-0.023058,0.294487,0.083559
-0.022813,0.293613,0.082858
-0.022318,0.293402,0.080444
-0.018690,0.293154,0.081884
-0.017901,0.294654,0.078897
-0.015171,0.292991,0.080228
-0.015272,0.293654,0.078624
-0.016005,0.295762,0.080285
-0.011372,0.293955,0.077625
-0.011328,0.294518,0.077753
-0.008738,0.292073,0.078117
-0.009259,0.294012,0.075880
-0.008068,0.294990,0.075698
-0.005349,0.295027,0.072594
-0.002946,0.294451,0.072024
-0.002497,0.294968,0.070007
-0.001009,0.293651,0.067846
-0.000614,0.294306,0.068063
0.001595,0.293446,0.066937
0.002260,0.296339,0.067018
0.003718,0.294332,0.064529
0.004209,0.294517,0.063786
0.007421,0.293766,0.064845
0.007004,0.294946,0.065825
0.007580,0.294834,0.062011
0.010140,0.294273,0.063146
0.011226,0.294301,0.064214
0.013218,0.295512,0.063727
0.014294,0.296461,0.061213
0.014107,0.292567,0.060454
0.017733,0.294228,0.062152
0.018183,0.294428,0.062429
0.022170,0.295129,0.060361
0.022366,0.293766,0.061003
0.022495,0.295697,0.061639
0.023936,0.295181,0.060713
0.024433,0.293877,0.060338
0.025443,0.294396,0.058952
0.027596,0.295954,0.060672
0.028584,0.292878,0.059902
0.031147,0.295180,0.058760
0.032352,0.294888,0.058119
0.033886,0.295409,0.058727
0.035144,0.296943,0.056436
0.035104,0.295217,0.058285
0.037832,0.296358,0.056393
0.039357,0.294567,0.056573
0.040084,0.295326,0.056090
0.040794,0.294557,0.053164
0.045086,0.296061,0.053374
0.043620,0.294839,0.053245
0.045310,0.294587,0.051566
0.044286,0.295823,0.052042
0.047646,0.294979,0.050931
0.048933,0.295853,0.052479
0.049996,0.294801,0.051522
0.050399,0.295148,0.051204
0.052984,0.294858,0.049791
0.054419,0.294332,0.050086
0.057295,0.293622,0.049908
0.060775,0.294468,0.051345
0.059360,0.295038,0.047970
0.060980,0.297930,0.050327
0.061222,0.295774,0.051228
0.063572,0.295686,0.046384
0.066778,0.294310,0.050073
0.063879,0.296712,0.048927
0.066451,0.295709,0.046868
0.067629,0.296164,0.047571
0.072360,0.295053,0.048899
0.069522,0.293865,0.049577
0.073897,0.292701,0.047936
0.074731,0.296023,0.047933
0.075706,0.296298,0.048006
0.078182,0.294664,0.046871
0.078455,0.296164,0.047468
0.081321,0.295556,0.047588
0.081501,0.295470,0.047313
0.082355,0.294735,0.048665
0.082215,0.293533,0.046884
0.086162,0.294899,0.046796
0.086660,0.295715,0.046722
0.089827,0.297792,0.046349
0.088117,0.296625,0.045531
0.091138,0.294454,0.045472
0.092042,0.296772,0.044559
0.093142,0.296987,0.042123
0.095056,0.295641,0.043381
0.097535,0.295940,0.042891
0.098514,0.297789,0.041448
0.100142,0.295872,0.040667
0.101874,0.295485,0.039503
0.103062,0.295429,0.039908
0.102193,0.298048,0.039471
0.105211,0.297316,0.036660
0.106560,0.295563,0.035822
0.108334,0.297098,0.035774
0.109014,0.295079,0.033141
0.110782,0.295682,0.035027
0.111759,0.296293,0.031693
0.112074,0.295755,0.028733
0.113393,0.298006,0.028301
0.117531,0.298805,0.025382
0.118389,0.296600,0.023721
0.119261,0.297086,0.020213
0.119428,0.297250,0.018131
0.122302,0.297682,0.008072
0.122577,0.299330,-0.003053
0.127755,0.300033,-0.027075
-0.135784,0.300987,-0.017792
-0.131673,0.300280,-0.012351
-0.131306,0.299883,-0.008098
-0.129320,0.300270,-0.003410
-0.129593,0.299652,0.000511
-0.127057,0.300344,0.002350
-0.124420,0.298690,0.008560
-0.121544,0.297539,0.013316
-0.121016,0.300069,0.015745
-0.119770,0.297834,0.019664
-0.120243,0.298630,0.023858
-0.117424,0.297622,0.029954
-0.115582,0.297810,0.033662
-0.112289,0.298668,0.051740
-0.111378,0.297620,0.054656
-0.110410,0.296853,0.055335
-0.108102,0.296579,0.057632
-0.107486,0.296277,0.059535
-0.105950,0.297063,0.060714
-0.104359,0.297555,0.062008
-0.102012,0.296874,0.064071
-0.100489,0.296172,0.065916
-0.099270,0.298304,0.067679
-0.097180,0.296839,0.069364
-0.096892,0.295933,0.071517
-0.095438,0.297404,0.070610
-0.095414,0.295287,0.072503
-0.092462,0.295042,0.076266
-0.090164,0.295252,0.073176
-0.088972,0.294680,0.074587
-0.088979,0.297193,0.077175
-0.087686,0.297287,0.075412
-0.084847,0.296439,0.076988
-0.085988,0.296241,0.077361
-0.083770,0.295883,0.078361
-0.080753,0.294856,0.078140
-0.079402,0.296521,0.080009
-0.078917,0.295599,0.083257
-0.078523,0.296095,0.080180
-0.077547,0.296725,0.080563
-0.075902,0.294105,0.081573
-0.072599,0.293828,0.081401
-0.071790,0.296390,0.085045
-0.070597,0.297475,0.084661
-0.068454,0.295284,0.083000
-0.066925,0.296746,0.082703
-0.066131,0.294456,0.083459
-0.065353,0.295570,0.085610
-0.062269,0.295121,0.083874
-0.062881,0.295546,0.082661
-0.060523,0.296254,0.083841
-0.058756,0.296499,0.083820
-0.057336,0.296083,0.084759
-0.056974,0.294493,0.087428
-0.055361,0.294525,0.086084
-0.054978,0.296267,0.085194
-0.053625,0.295295,0.084641
-0.051936,0.294000,0.086002
-0.051342,0.294589,0.086793
-0.048365,0.295090,0.085721
-0.047958,0.295127,0.084546
-0.046193,0.294641,0.086417
-0.046342,0.295798,0.084931
-0.043204,0.295495,0.085378
-0.042055,0.293317,0.085815
-0.040286,0.295341,0.085144
-0.039461,0.295991,0.086417
-0.036605,0.294884,0.085699
-0.037010,0.295376,0.084123
-0.035707,0.296157,0.085897
-0.033854,0.296427,0.085222
-0.031965,0.295964,0.084164
-0.031028,0.295555,0.084988
-0.029707,0.294692,0.084360
-0.029638,0.296998,0.085055
-0.026937,0.295223,0.083074
-0.024566,0.294463,0.084186
-0.024574,0.294599,0.084239
-0.023528,0.296652,0.081673
-0.022283,0.294224,0.082267
-0.019533,0.292290,0.080502
-0.017466,0.296421,0.080320
-0.021137,0.293858,0.079264
-0.014776,0.294884,0.080673
-0.016432,0.295141,0.079927
-0.012071,0.293906,0.081193
-0.010792,0.296444,0.079610
-0.011728,0.294624,0.077965
-0.009474,0.297462,0.078466
-0.007040,0.293720,0.074464
-0.005379,0.295715,0.074812
-0.003989,0.294034,0.074609
-0.005180,0.295270,0.074327
-0.003295,0.295069,0.070810
-0.000672,0.294301,0.070638
-0.000188,0.295130,0.066988
0.000190,0.293797,0.065811
0.003095,0.296399,0.067591
0.002830,0.296893,0.068041
0.003325,0.296242,0.064294
0.005816,0.295798,0.065042
0.007288,0.294864,0.065274
0.010026,0.294018,0.063198
0.010079,0.294878,0.062616
0.011343,0.295793,0.061062
0.012382,0.297499,0.062426
0.012803,0.295770,0.060715
0.016400,0.297361,0.062209
0.018451,0.297258,0.062127
0.017356,0.295178,0.061603
0.020522,0.295612,0.059512
0.021570,0.297643,0.061998
0.021601,0.297242,0.060291
0.023397,0.296495,0.058732
0.025515,0.297543,0.061254
0.027688,0.296180,0.058131
0.028976,0.297605,0.060371
0.030034,0.295966,0.058661
0.030642,0.296483,0.056609
0.032485,0.297362,0.060387
0.034900,0.296312,0.058932
0.035207,0.295476,0.055210
0.037289,0.297426,0.057639
0.037376,0.295375,0.054819
0.037370,0.297200,0.056460
0.039203,0.294107,0.054415
0.040842,0.296692,0.054822
0.042608,0.296841,0.054914
0.044954,0.296745,0.057343
0.046402,0.295257,0.054788
0.047162,0.297097,0.053482
0.048299,0.296532,0.050843
0.048939,0.296727,0.052786
0.050430,0.296355,0.052621
0.052532,0.296600,0.050176
0.055332,0.296733,0.049856
0.053494,0.296644,0.049871
0.058146,0.297940,0.052924
0.058454,0.298951,0.051149
0.060466,0.297479,0.050405
0.061186,0.297531,0.051429
0.061333,0.299192,0.051078
0.064246,0.296333,0.050247
0.064421,0.295933,0.052285
0.066886,0.297907,0.051282
0.069852,0.297823,0.048973
0.068502,0.294030,0.049663
0.069024,0.296962,0.050383
0.073982,0.297522,0.050567
0.074163,0.296069,0.050203
0.074428,0.296521,0.048661
0.075911,0.298782,0.047669
0.073678,0.296337,0.047818
0.078013,0.296305,0.047952
0.079120,0.298274,0.047846
0.080758,0.297231,0.047384
0.084008,0.297485,0.048227
0.084503,0.294751,0.049627
0.086734,0.297173,0.048101
0.086830,0.299132,0.045182
0.088194,0.296952,0.046491
0.090275,0.294673,0.045859
0.089924,0.297189,0.046321
0.089788,0.296756,0.045641
0.093602,0.296618,0.043419
0.095500,0.297798,0.043849
0.095675,0.297330,0.043614
0.098009,0.296453,0.042478
0.100341,0.296185,0.040654
0.101387,0.297130,0.040774
0.100476,0.297715,0.039286
0.104216,0.298497,0.039511
0.106232,0.299432,0.038617
0.105714,0.297912,0.036695
0.106752,0.297594,0.036193
0.109978,0.297526,0.035949
0.110477,0.298282,0.035268
0.111154,0.298457,0.033294
0.114294,0.297256,0.033272
0.112707,0.299146,0.029528
0.116601,0.299418,0.027216
0.117717,0.297784,0.025897
0.119470,0.299927,0.023908
0.119247,0.298806,0.022474
0.120797,0.299842,0.016308
0.124538,0.299367,0.007057
0.125209,0.302639,-0.025768
-0.136445,0.302625,-0.028776
-0.133845,0.302103,-0.014407
-0.131621,0.304358,-0.010420
-0.131822,0.301704,-0.003415
-0.127305,0.302239,-0.002315
-0.128723,0.300449,0.001655
-0.125909,0.300129,0.005710
-0.123076,0.299626,0.010775
-0.121959,0.299787,0.015095
-0.120772,0.299573,0.017090
-0.119760,0.300344,0.021694
-0.120097,0.300240,0.025237
-0.117453,0.299529,0.032195
-0.115257,0.298785,0.049833
-0.112450,0.296852,0.052976
-0.110613,0.297838,0.054778
-0.108870,0.297471,0.055856
-0.107077,0.297874,0.057910
-0.105670,0.299094,0.059497
-0.105438,0.296451,0.062921
-0.104005,0.295371,0.063168
-0.101515,0.299030,0.064956
-0.102945,0.296212,0.065984
-0.100136,0.298274,0.069774
-0.098202,0.296254,0.067731
-0.095153,0.298451,0.069235
-0.095626,0.297379,0.070624
-0.095929,0.296242,0.072840
-0.091288,0.296953,0.073236
-0.092285,0.297385,0.076136
-0.089681,0.298947,0.076827
-0.089487,0.296695,0.075315
-0.083817,0.297567,0.077035
-0.084996,0.296854,0.077294
-0.084979,0.296587,0.075085
-0.082907,0.297492,0.078059
-0.080845,0.298564,0.079307
-0.080088,0.297792,0.079766
-0.078156,0.296292,0.079435
-0.076971,0.297761,0.082056
-0.076494,0.296525,0.080165
-0.075050,0.296438,0.079994
-0.073762,0.294215,0.081925
-0.071380,0.297073,0.082802
-0.070120,0.298064,0.082063
-0.068224,0.297343,0.082725
-0.067543,0.297360,0.083313
-0.066107,0.297244,0.083341
-0.066192,0.296055,0.084936
-0.064917,0.296877,0.083856
-0.061375,0.297425,0.085034
-0.059597,0.298192,0.085143
-0.058159,0.298065,0.084532
-0.056481,0.297502,0.087502
-0.057853,0.297542,0.086270
-0.054552,0.296701,0.086148
-0.054397,0.296617,0.085968
-0.052144,0.296629,0.085564
-0.051681,0.296567,0.086502
-0.049950,0.298056,0.085105
-0.050112,0.296290,0.085163
-0.047288,0.296125,0.085333
-0.046214,0.296302,0.087117
-0.041743,0.297827,0.086028
-0.043219,0.296144,0.083401
-0.043818,0.297296,0.086472
-0.040465,0.295819,0.084460
-0.041697,0.297879,0.084345
-0.039172,0.296962,0.085045
-0.039027,0.298220,0.085219
-0.035837,0.295193,0.083751
-0.033684,0.294966,0.084760
-0.032900,0.295018,0.085124
-0.029509,0.298701,0.084084
-0.030834,0.297461,0.082727
-0.027807,0.295785,0.085402
-0.027643,0.294210,0.083530
-0.027099,0.298208,0.082574
-0.024705,0.297880,0.083109
-0.023273,0.295899,0.082703
-0.021408,0.296519,0.083501
-0.021143,0.296435,0.081987
-0.020749,0.297369,0.082816
-0.019256,0.295976,0.080885
-0.017500,0.296446,0.081911
-0.013851,0.297229,0.080434
-0.013123,0.297696,0.080379
-0.012184,0.298883,0.079712
-0.011161,0.294968,0.077642
-0.010198,0.297957,0.076724
-0.010739,0.299022,0.075061
-0.005922,0.297000,0.073934
-0.005600,0.296410,0.071992
-0.003715,0.296471,0.073146
-0.001485,0.298698,0.069980
-0.002251,0.298859,0.069466
-0.000416,0.297473,0.068881
0.000919,0.299332,0.068847
0.002247,0.297475,0.066828
0.003427,0.298245,0.064888
0.007985,0.297639,0.065540
0.006069,0.299276,0.066175
0.007249,0.297858,0.063398
0.009557,0.298641,0.065605
0.012760,0.298107,0.064209
0.012498,0.299049,0.061634
0.013191,0.298116,0.061477
0.013912,0.296940,0.061137
0.016313,0.296739,0.061064
0.017576,0.297921,0.061833
0.018095,0.297502,0.060417
0.018800,0.297488,0.060930
0.020561,0.297179,0.060850
0.023102,0.298993,0.061067
0.024864,0.298044,0.057891
0.026650,0.298095,0.061476
0.025031,0.299312,0.060472
0.029065,0.298117,0.058171
0.029959,0.298175,0.057148
0.032317,0.299286,0.059365
0.030887,0.297267,0.057391
0.033201,0.296693,0.057551
0.036152,0.295847,0.056670
0.036441,0.298371,0.057560
0.037079,0.295942,0.056152
0.039215,0.298269,0.056505
0.040345,0.298670,0.054759
0.041862,0.297704,0.055204
0.042694,0.298378,0.054616
0.044111,0.297978,0.053596
0.046205,0.298630,0.055726
0.046243,0.297929,0.054187
0.050292,0.296728,0.053212
0.050833,0.296994,0.052713
0.051181,0.298152,0.052842
0.054723,0.299204,0.050947
0.055534,0.298261,0.050559
0.055843,0.298613,0.049732
0.056995,0.298956,0.049496
0.058402,0.297552,0.050373
0.059733,0.298515,0.050197
0.061370,0.299574,0.051259
0.063298,0.297558,0.051247
0.064067,0.297920,0.051828
0.064328,0.299346,0.051131
0.065567,0.299100,0.050877
0.066238,0.297543,0.051231
0.068029,0.300027,0.049822
0.070927,0.298392,0.051340
0.072565,0.299383,0.050498
0.073614,0.298328,0.050371
0.075397,0.301110,0.050473
0.076138,0.299174,0.050475
0.077088,0.298640,0.049314
0.079501,0.301278,0.050285
0.079888,0.298832,0.050122
0.080453,0.299052,0.051062
0.085286,0.298465,0.048178
0.084931,0.300443,0.050746
0.085951,0.298461,0.050376
0.086888,0.298637,0.047347
0.088930,0.299437,0.046735
0.089659,0.300410,0.048172
0.090743,0.298385,0.048932
0.091699,0.299207,0.046390
0.094917,0.300125,0.045765
0.094306,0.297689,0.044715
0.096287,0.297408,0.046405
0.097982,0.299294,0.042641
0.097005,0.298529,0.041508
0.101879,0.298705,0.040427
0.102453,0.298017,0.040938
0.103188,0.298476,0.039406
0.105436,0.299454,0.039599
0.107303,0.300178,0.037144
0.107148,0.299008,0.036613
0.109508,0.301903,0.037545
0.110111,0.299121,0.036272
0.111925,0.298953,0.035440
0.113072,0.299863,0.034554
0.114595,0.300965,0.030261
0.116758,0.299907,0.029609
0.116012,0.298878,0.026764
0.119105,0.300920,0.023686
0.120454,0.300348,0.024192
0.120839,0.300521,0.022199
0.121767,0.300504,0.017393
0.125331,0.300620,0.009012
-0.136667,0.305389,-0.031599
-0.136746,0.303074,-0.014144
-0.133755,0.302659,-0.010601
-0.131361,0.303974,-0.006852
-0.131100,0.303530,-0.000823
-0.129727,0.304217,-0.001188
-0.125131,0.303301,0.003271
-0.126431,0.303125,0.005642
-0.123948,0.302502,0.012796
-0.123144,0.302433,0.014557
-0.120939,0.303147,0.016277
-0.119478,0.301698,0.022603
-0.118652,0.301616,0.028210
-0.114288,0.301047,0.032582
-0.113123,0.298758,0.047926
-0.112912,0.299173,0.052880
-0.111513,0.299686,0.056851
-0.108082,0.300423,0.056945
-0.108556,0.301458,0.058346
-0.105130,0.298925,0.060295
-0.103490,0.299870,0.061671
-0.104114,0.299823,0.064720
-0.103578,0.299797,0.064887
-0.100718,0.299408,0.067589
-0.100030,0.299164,0.069956
-0.096976,0.300367,0.065578
-0.095623,0.301200,0.069799
-0.096476,0.299581,0.070245
-0.092970,0.298549,0.071901
-0.092980,0.296955,0.073517
-0.090424,0.297894,0.071041
-0.091209,0.301195,0.076530
-0.087891,0.299412,0.074369
-0.085822,0.299439,0.075564
-0.085896,0.300946,0.077242
-0.083662,0.298332,0.077074
-0.083233,0.299048,0.079366
-0.080627,0.298439,0.078540
-0.078823,0.300381,0.079008
-0.078181,0.299591,0.080253
-0.077077,0.299137,0.082297
-0.074429,0.298570,0.080864
-0.074006,0.298530,0.080664
-0.074525,0.298630,0.083044
-0.071277,0.298260,0.082376
-0.068500,0.297174,0.083148
-0.069078,0.297537,0.083828
-0.066015,0.299021,0.083108
-0.067686,0.299434,0.083250
-0.067625,0.299507,0.085316
-0.064216,0.298505,0.085129
-0.062562,0.297900,0.086480
-0.061554,0.297587,0.085125
-0.059285,0.298366,0.085468
-0.056684,0.298147,0.084014
-0.057770,0.297562,0.086733
-0.056210,0.297928,0.084299
-0.054484,0.298864,0.086477
-0.052559,0.297392,0.086281
-0.052308,0.299165,0.086918
-0.049725,0.298823,0.083399
-0.048795,0.298133,0.086858
-0.047368,0.299053,0.085526
-0.048316,0.299372,0.085671
-0.044915,0.299896,0.084796
-0.043625,0.296216,0.086478
-0.041291,0.297965,0.085453
-0.040247,0.298662,0.087311
-0.037659,0.300571,0.084457
-0.040246,0.299052,0.085194
-0.037206,0.298923,0.084049
-0.036770,0.298934,0.084644
-0.032745,0.298115,0.085825
-0.034285,0.298751,0.083404
-0.030657,0.299177,0.083144
-0.029937,0.299174,0.085570
-0.029302,0.297942,0.083702
-0.026994,0.298130,0.082246
-0.025355,0.298922,0.083552
-0.023763,0.297943,0.084557
-0.023467,0.298028,0.085334
-0.023506,0.300903,0.082665
-0.020927,0.297651,0.082014
-0.019342,0.298545,0.080469
-0.017845,0.298197,0.080596
-0.015619,0.297478,0.080557
-0.013591,0.298285,0.079376
-0.011979,0.299106,0.078754
-0.013074,0.298777,0.077991
-0.011848,0.297151,0.077166
-0.007811,0.298692,0.077294
-0.006646,0.299009,0.076306
-0.007974,0.299410,0.075154
-0.006447,0.297699,0.075132
-0.003773,0.301026,0.073817
-0.002767,0.299668,0.073172
-0.002256,0.298272,0.070104
0.000053,0.300394,0.068058
0.001092,0.299712,0.066307
0.002361,0.298489,0.065709
0.004081,0.297364,0.066988
0.004540,0.300235,0.064229
0.005286,0.299456,0.066383
0.006251,0.299062,0.062982
0.008391,0.299146,0.064260
0.009557,0.299353,0.064340
0.012250,0.300150,0.062219
0.010136,0.299084,0.063793
0.014175,0.299571,0.062510
0.015959,0.299326,0.061855
0.016453,0.299426,0.061375
0.018956,0.300559,0.060777
0.021110,0.299055,0.060501
0.020627,0.300040,0.060801
0.024380,0.300246,0.060986
0.023932,0.298607,0.060479
0.026181,0.299400,0.060174
0.026092,0.299292,0.059960
0.027291,0.299567,0.059467
0.028974,0.298989,0.059391
0.031524,0.300851,0.059852
0.031824,0.300090,0.057301
0.033660,0.298564,0.059841
0.035613,0.299946,0.055837
0.035501,0.301016,0.055610
0.037673,0.297949,0.054646
0.039734,0.301673,0.055662
0.038986,0.299571,0.057182
0.044092,0.300131,0.053553
0.043621,0.300836,0.055553
0.044910,0.300574,0.054114
0.045486,0.299633,0.055151
0.048398,0.298570,0.056059
0.048139,0.301751,0.054432
0.049698,0.300984,0.051835
0.050674,0.299885,0.052067
0.051446,0.299700,0.050559
0.053608,0.300597,0.050768
0.056537,0.300807,0.052031
0.055400,0.298041,0.051260
0.059232,0.300304,0.052543
0.059092,0.301261,0.051192
0.061930,0.300501,0.050295
0.062387,0.301327,0.051411
0.062840,0.301613,0.051274
0.063477,0.300507,0.051782
0.065702,0.298216,0.052650
0.067496,0.300360,0.052312
0.069336,0.300759,0.052895
0.070263,0.301106,0.051408
0.072131,0.301706,0.052465
0.073500,0.300826,0.050940
0.074445,0.299243,0.050112
0.073708,0.300598,0.051504
0.079380,0.300084,0.048964
0.078405,0.301524,0.048368
0.078981,0.301912,0.050354
0.080249,0.299593,0.050223
0.080491,0.299856,0.049258
0.083295,0.300770,0.050721
0.085718,0.300411,0.048374
0.086520,0.302019,0.048509
0.090247,0.301625,0.049021
0.090241,0.299510,0.049866
0.089923,0.299546,0.047921
0.092669,0.302023,0.046061
0.095412,0.300033,0.046301
0.096509,0.301283,0.045958
0.096385,0.298679,0.044693
0.097833,0.300678,0.042987
0.100785,0.300743,0.041934
0.100912,0.300023,0.043258
0.100833,0.300357,0.040992
0.104603,0.301232,0.041719
0.102834,0.300051,0.039947
0.106009,0.301279,0.041587
0.108878,0.301061,0.038825
0.110193,0.301201,0.036742
0.108861,0.300265,0.037033
0.111992,0.302390,0.036472
0.111841,0.302040,0.034630
0.113635,0.300801,0.032570
0.116081,0.301489,0.029862
0.118211,0.302192,0.028677
0.119244,0.301717,0.025760
0.120788,0.302385,0.023256
0.120479,0.302678,0.023778
0.122525,0.303569,0.020363
0.123311,0.301309,0.015878
0.127038,0.303623,0.004792
-0.137500,0.307321,-0.022408
-0.135089,0.306064,-0.015051
-0.131878,0.305644,-0.010498
-0.132094,0.305603,-0.006214
-0.129836,0.305597,0.000328
-0.128464,0.304591,0.003382
-0.127738,0.304150,0.006192
-0.125832,0.304106,0.009404
-0.123894,0.304092,0.012020
-0.123677,0.304583,0.014906
-0.120937,0.302427,0.019572
-0.120414,0.303324,0.022656
-0.118940,0.304390,0.031509
-0.116094,0.303377,0.033608
-0.114744,0.302557,0.049667
-0.111141,0.301823,0.051993
-0.109632,0.301852,0.055804
-0.110469,0.302566,0.058763
-0.106965,0.302146,0.059210
-0.105670,0.300954,0.059392
-0.105404,0.302739,0.063174
-0.104342,0.301719,0.063900
-0.101006,0.299627,0.066598
-0.103217,0.301179,0.066539
-0.098483,0.298665,0.068806
-0.096551,0.298622,0.068095
-0.096422,0.300526,0.069654
-0.094722,0.301566,0.070894
-0.093040,0.299774,0.072108
-0.091515,0.299777,0.072746
-0.089291,0.300389,0.073643
-0.089341,0.299417,0.073056
-0.087733,0.301362,0.075451
-0.087153,0.301811,0.076591
-0.084068,0.299932,0.075931
-0.084405,0.299168,0.076916
-0.081181,0.298863,0.077171
-0.079984,0.300313,0.078404
-0.080121,0.299284,0.078088
-0.081518,0.299810,0.078681
-0.078648,0.300559,0.080008
-0.077216,0.300655,0.080594
-0.072314,0.300119,0.082642
-0.074129,0.300203,0.082793
-0.070820,0.300391,0.084299
-0.072055,0.299848,0.082663
-0.068413,0.299256,0.082899
-0.069731,0.300217,0.085125
-0.068607,0.300265,0.082439
-0.064355,0.299751,0.084738
-0.063857,0.298716,0.084648
-0.062050,0.300646,0.085451
-0.061073,0.298133,0.085193
-0.058991,0.300908,0.085895
-0.058412,0.299685,0.085618
-0.057580,0.297656,0.085172
-0.055664,0.300283,0.085770
-0.054730,0.298900,0.085549
-0.051274,0.299994,0.086040
-0.051677,0.299661,0.083571
-0.051527,0.300109,0.086094
-0.048775,0.298759,0.086420
-0.050504,0.300725,0.085256
-0.047286,0.299457,0.087337
-0.044369,0.301389,0.086265
-0.043252,0.298658,0.085362
-0.043198,0.298932,0.087067
-0.041483,0.300423,0.087351
-0.040342,0.299213,0.083730
-0.038514,0.298500,0.085038
-0.034898,0.297748,0.085980
-0.035814,0.300656,0.085179
-0.034566,0.299903,0.086840
-0.031780,0.301285,0.085555
-0.032301,0.298365,0.085213
-0.028960,0.301139,0.084740
-0.029689,0.300002,0.081050
-0.028590,0.300562,0.085157
-0.026151,0.300579,0.084058
-0.024150,0.299957,0.083588
-0.021808,0.301403,0.083411
-0.023373,0.300294,0.082946
-0.019026,0.299373,0.082421
-0.020265,0.299133,0.081172
-0.016834,0.298064,0.081710
-0.016590,0.301001,0.080961
-0.014348,0.297788,0.078710
-0.013971,0.302372,0.078866
-0.012518,0.299491,0.077379
-0.010499,0.299791,0.076787
-0.010210,0.301548,0.076778
-0.006007,0.299995,0.077234
-0.006821,0.302042,0.076992
-0.007643,0.299717,0.072655
-0.004215,0.300617,0.072359
-0.005325,0.300407,0.070443
-0.000444,0.298915,0.071346
-0.001782,0.300473,0.069322
0.000867,0.301547,0.067049
0.003971,0.300389,0.068768
0.005595,0.300644,0.067440
0.006211,0.301136,0.066232
0.005356,0.300778,0.065412
0.007639,0.301138,0.065390
0.009291,0.299971,0.061548
0.010025,0.302236,0.063704
0.013345,0.301456,0.060939
0.012381,0.300943,0.062620
0.016303,0.303762,0.061156
0.018143,0.300656,0.061987
0.017621,0.300511,0.061566
0.018259,0.299686,0.061991
0.018773,0.303250,0.061365
0.020737,0.301309,0.060350
0.022275,0.301469,0.060439
0.024669,0.301307,0.060446
0.024988,0.300871,0.056829
0.026116,0.303170,0.059621
0.026774,0.301224,0.059363
0.027539,0.300522,0.059911
0.031480,0.302580,0.056942
0.032621,0.302683,0.057735
0.033248,0.301321,0.056196
0.033464,0.300202,0.055778
0.037883,0.301952,0.054375
0.037787,0.303514,0.055434
0.038934,0.300342,0.054384
0.039864,0.300014,0.055995
0.040835,0.302994,0.055098
0.043275,0.301716,0.054809
0.043678,0.300666,0.053954
0.044947,0.301596,0.055092
0.045507,0.302507,0.053816
0.049989,0.301094,0.054575
0.047902,0.301168,0.053510
0.051514,0.302214,0.052772
0.052808,0.303042,0.051940
0.052710,0.299308,0.052005
0.056568,0.301137,0.051764
0.056086,0.301342,0.052253
0.058070,0.301367,0.052635
0.060209,0.302593,0.050720
0.062293,0.300636,0.049829
0.060495,0.301465,0.052839
0.061385,0.301528,0.052501
0.064601,0.301852,0.051742
0.065685,0.301537,0.051095
0.067407,0.300863,0.051522
0.068561,0.302826,0.053369
0.069649,0.301266,0.051455
0.071556,0.303076,0.051205
0.072865,0.301022,0.052724
0.074850,0.302439,0.051622
0.077555,0.301002,0.050816
0.077134,0.300820,0.050951
0.077683,0.300340,0.051186
0.080755,0.301577,0.051353
0.080741,0.301662,0.050701
0.081564,0.301484,0.051761
0.085475,0.301889,0.049635
0.087517,0.302996,0.050522
0.086255,0.300927,0.049696
0.087917,0.301227,0.051053
0.089951,0.301843,0.050077
0.090969,0.300760,0.048570
0.091295,0.300724,0.049055
0.092575,0.301381,0.047133
0.095927,0.303085,0.046905
0.095797,0.300569,0.044531
0.097402,0.300014,0.045497
0.098868,0.300963,0.046387
0.099720,0.301647,0.043896
0.102301,0.301848,0.043723
0.102794,0.302158,0.043001
0.103957,0.302859,0.039456
0.106607,0.301047,0.039495
0.107047,0.301935,0.038455
0.111541,0.300593,0.039553
0.111782,0.304550,0.038349
0.111514,0.302290,0.037061
0.112307,0.302933,0.033761
0.113507,0.303328,0.033394
0.114644,0.302839,0.030902
0.118146,0.302279,0.029014
0.119297,0.304348,0.027891
0.120923,0.304781,0.024913
0.119868,0.304430,0.024555
0.123782,0.302974,0.022308
0.124247,0.301688,0.018284
0.125552,0.305632,0.013545
0.128494,0.305850,0.004605
-0.140364,0.306702,-0.026698
-0.134257,0.307333,-0.017371
-0.137028,0.306643,-0.012506
-0.134612,0.307260,-0.006643
-0.131077,0.306600,-0.003833
-0.130324,0.307367,0.000843
-0.128151,0.304850,0.004253
-0.127416,0.306589,0.005945
-0.126079,0.305191,0.008523
-0.124300,0.306232,0.012306
-0.123518,0.307664,0.016046
-0.120094,0.304754,0.021319
-0.119201,0.304790,0.025705
-0.117122,0.303105,0.027793
-0.116618,0.303972,0.035725
-0.114344,0.302614,0.050932
-0.111340,0.301086,0.053373
-0.110961,0.302023,0.057841
-0.108987,0.300859,0.059503
-0.109026,0.301427,0.059537
-0.107703,0.301728,0.060701
-0.104191,0.302440,0.062543
-0.104690,0.302335,0.063614
-0.103452,0.301843,0.066420
-0.100136,0.302516,0.067252
-0.098879,0.301111,0.069084
-0.100492,0.301148,0.069753
-0.096139,0.302069,0.068055
-0.095660,0.301631,0.069970
-0.096223,0.301435,0.071743
-0.092685,0.302851,0.072086
-0.090455,0.301572,0.073155
-0.089647,0.300475,0.076281
-0.088825,0.301887,0.074808
-0.086580,0.301225,0.076905
-0.085655,0.301124,0.076228
-0.084179,0.302721,0.077684
-0.083201,0.299592,0.076404
-0.082220,0.300695,0.078244
-0.079424,0.300745,0.080447
-0.079796,0.302904,0.080199
-0.077269,0.299930,0.080622
-0.075622,0.302932,0.082436
-0.074030,0.300190,0.081821
-0.073831,0.301605,0.083631
-0.072226,0.301033,0.082996
-0.069353,0.302310,0.083609
-0.068532,0.301099,0.083842
-0.067778,0.300562,0.082398
-0.066596,0.301512,0.083361
-0.064652,0.302260,0.084893
-0.064129,0.303093,0.084214
-0.061232,0.302255,0.085097
-0.062445,0.301282,0.085326
-0.060336,0.301587,0.084747
-0.058408,0.300088,0.085594
-0.054958,0.300617,0.084614
-0.055476,0.301452,0.087340
-0.054310,0.301051,0.083999
-0.051564,0.301468,0.084594
-0.050053,0.301418,0.085809
-0.051151,0.299673,0.085666
-0.049570,0.302857,0.084892
-0.048579,0.301224,0.085822
-0.043783,0.302763,0.085190
-0.045543,0.299692,0.085794
-0.044112,0.300319,0.084055
-0.042267,0.301654,0.085487
-0.040971,0.302002,0.086516
-0.038150,0.301620,0.084903
-0.035884,0.302204,0.085254
-0.035842,0.302449,0.084226
-0.035832,0.301439,0.084183
-0.034331,0.300617,0.082883
-0.033240,0.300937,0.083392
-0.030363,0.302363,0.085584
-0.028061,0.301895,0.082364
-0.027878,0.302773,0.085230
-0.026381,0.301660,0.082795
-0.026270,0.300543,0.082003
-0.022545,0.301653,0.082768
-0.022527,0.303427,0.083468
-0.021001,0.301223,0.082103
-0.020747,0.302579,0.082513
-0.019263,0.301756,0.082898
-0.018687,0.300984,0.080215
-0.014853,0.300452,0.080194
-0.013676,0.299991,0.079755
-0.014278,0.302511,0.078688
-0.013286,0.303260,0.077329
-0.011199,0.301141,0.078207
-0.008723,0.302589,0.076142
-0.007907,0.300526,0.075998
-0.008202,0.303843,0.077021
-0.006271,0.301797,0.074671
-0.003852,0.302645,0.073254
-0.004669,0.303863,0.070828
-0.001603,0.301037,0.070538
0.001205,0.301575,0.070529
0.001360,0.301355,0.068286
0.002244,0.301241,0.066859
0.003249,0.300873,0.066941
0.004998,0.304641,0.064541
0.008374,0.302508,0.064461
0.007904,0.302464,0.064152
0.009570,0.301508,0.064070
0.010020,0.304078,0.062638
0.010910,0.303059,0.062354
0.013264,0.301916,0.060194
0.014050,0.300851,0.062848
0.014596,0.303279,0.061583
0.017069,0.302787,0.061718
0.018650,0.303330,0.061020
0.019959,0.303308,0.060754
0.020286,0.303759,0.059324
0.022569,0.302214,0.059681
0.025853,0.303002,0.059562
0.025576,0.302577,0.060457
0.026818,0.303440,0.060378
0.026437,0.302143,0.058122
0.029898,0.302544,0.059026
0.029963,0.301827,0.057538
0.031161,0.302908,0.058215
0.035122,0.302181,0.055788
0.035968,0.302259,0.056504
0.036147,0.302080,0.056968
0.039885,0.303882,0.055535
0.038942,0.301458,0.056344
0.040265,0.302401,0.054989
0.040345,0.303803,0.055828
0.044010,0.302467,0.053374
0.045245,0.303174,0.054351
0.046435,0.303920,0.053608
0.046337,0.303114,0.054612
0.047898,0.303877,0.055113
0.048350,0.303668,0.053326
0.050559,0.303789,0.054513
0.054067,0.303145,0.050456
0.053551,0.303002,0.052027
0.055493,0.303116,0.051224
0.056475,0.302529,0.051590
0.058640,0.304113,0.052238
0.059854,0.302862,0.053712
0.062472,0.302636,0.053606
0.062295,0.302382,0.053180
0.063452,0.302005,0.053845
0.064759,0.302947,0.054996
0.067720,0.304634,0.053987
0.065618,0.302280,0.054446
0.068895,0.302892,0.054179
0.071355,0.302825,0.052603
0.072071,0.302811,0.052578
0.071438,0.303374,0.054057
0.074297,0.303332,0.052631
0.075817,0.301249,0.051508
0.076848,0.304552,0.051701
0.078625,0.302317,0.052147
0.080580,0.303313,0.051436
0.082416,0.301477,0.052348
0.083457,0.303437,0.052614
0.083952,0.303484,0.051792
0.085860,0.304590,0.050714
0.086458,0.303800,0.050757
0.088619,0.304746,0.051807
0.088322,0.302810,0.049352
0.089883,0.304295,0.049089
0.092389,0.303381,0.049409
0.093422,0.302451,0.050079
0.093525,0.304308,0.047314
0.095224,0.302592,0.046422
0.098481,0.303651,0.046074
0.098542,0.304909,0.044356
0.100409,0.304443,0.045214
0.103971,0.303848,0.043482
0.103941,0.304622,0.042834
0.104580,0.305625,0.042126
0.105421,0.302426,0.041656
0.107391,0.303494,0.041057
0.108483,0.303061,0.040213
0.109091,0.302693,0.038390
0.112148,0.303060,0.037277
0.113802,0.302678,0.037711
0.115969,0.305836,0.034238
0.116050,0.304325,0.033766
0.116389,0.305655,0.029317
0.117476,0.303397,0.026981
0.121261,0.304277,0.026739
0.121136,0.304932,0.025575
0.122707,0.304365,0.023380
0.123891,0.304176,0.021043
0.125420,0.305974,0.018667
0.128761,0.306788,0.014247
-0.138513,0.309143,-0.020418
-0.135920,0.308250,-0.015329
-0.136253,0.307479,-0.009335
-0.132731,0.310369,-0.003807
-0.132262,0.307540,0.000462
-0.128953,0.306966,-0.000127
-0.128412,0.304987,0.005271
-0.127317,0.308480,0.009498
-0.125512,0.307283,0.010927
-0.125696,0.308865,0.015466
-0.122032,0.307400,0.015968
-0.122398,0.306664,0.023085
-0.119217,0.306273,0.028546
-0.118683,0.306693,0.032211
-0.115564,0.303002,0.044965
-0.113809,0.304081,0.049080
-0.111477,0.304260,0.055185
-0.112058,0.302990,0.057635
-0.109214,0.306052,0.060701
-0.107329,0.303885,0.060688
-0.106775,0.304498,0.062037
-0.106031,0.304787,0.063735
-0.103338,0.305003,0.064264
-0.103423,0.303962,0.066539
-0.100577,0.304307,0.066023
-0.101339,0.304586,0.066552
-0.098547,0.302839,0.067220
-0.095866,0.304950,0.066372
-0.095335,0.302661,0.071683
-0.094457,0.305626,0.069564
-0.091915,0.304549,0.073523
-0.090593,0.305109,0.072808
-0.090004,0.302585,0.075554
-0.089553,0.304956,0.075687
-0.085924,0.304384,0.074816
-0.086382,0.304167,0.075934
-0.083335,0.304132,0.076555
-0.081665,0.305109,0.077604
-0.081581,0.302623,0.079044
-0.079317,0.304415,0.079802
-0.079589,0.302629,0.080992
-0.076799,0.303987,0.081080
-0.077308,0.303238,0.082194
-0.075829,0.302687,0.082395
-0.071799,0.302959,0.083086
-0.071986,0.303383,0.083719
-0.071123,0.302237,0.083874
-0.068832,0.303601,0.083458
-0.066551,0.300878,0.084638
-0.066211,0.303692,0.085913
-0.066171,0.301800,0.085912
-0.062756,0.302817,0.085994
-0.059652,0.302180,0.084653
-0.061215,0.302171,0.085352
-0.059841,0.302071,0.085347
-0.057014,0.302591,0.084140
-0.059024,0.303006,0.084198
-0.057124,0.304236,0.086279
-0.054967,0.304178,0.083270
-0.054303,0.302501,0.085329
-0.052211,0.303509,0.085783
-0.049808,0.303486,0.086351
-0.049215,0.304195,0.085317
-0.047024,0.303828,0.084936
-0.045223,0.302955,0.084477
-0.045113,0.303484,0.084634
-0.042811,0.304406,0.085609
-0.041049,0.301902,0.083797
-0.042304,0.303544,0.086920
-0.039764,0.302658,0.085124
-0.037686,0.301916,0.084055
-0.037597,0.305010,0.085898
-0.034351,0.302460,0.085055
-0.035051,0.302762,0.084937
-0.032375,0.305501,0.084099
-0.032382,0.303676,0.083738
-0.030730,0.303912,0.083161
-0.028511,0.302498,0.084761
-0.027575,0.301655,0.082925
-0.025628,0.303826,0.082364
-0.023803,0.303239,0.082748
-0.022490,0.302658,0.082232
-0.022626,0.301821,0.082238
-0.021980,0.302498,0.080900
-0.019504,0.302782,0.082816
-0.017349,0.302280,0.080654
-0.015071,0.303547,0.081048
-0.015178,0.302408,0.079700
-0.013347,0.302984,0.080242
-0.012574,0.302471,0.078263
-0.012227,0.304830,0.076376
-0.010271,0.303750,0.078774
-0.008517,0.303073,0.074127
-0.007868,0.304388,0.073731
-0.005639,0.302697,0.073426
-0.003534,0.302612,0.073873
-0.003107,0.304316,0.074705
-0.002582,0.304664,0.070422
-0.001598,0.305122,0.070542
0.001780,0.303463,0.069513
0.001812,0.304085,0.068042
0.002813,0.304875,0.066844
0.003995,0.305069,0.065693
0.006899,0.305533,0.064906
0.004989,0.303606,0.064379
0.009255,0.303767,0.064553
0.010602,0.304622,0.062911
0.010644,0.303176,0.064319
0.014013,0.302607,0.062226
0.013342,0.304157,0.063210
0.015362,0.304522,0.060940
0.017284,0.304279,0.063296
0.018923,0.305185,0.059873
0.020163,0.305032,0.061170
0.019592,0.304356,0.060648
0.021375,0.302552,0.061165
0.021518,0.304513,0.061321
0.025828,0.303096,0.060125
0.026217,0.306162,0.059220
0.028981,0.305243,0.059144
0.028870,0.304317,0.058263
0.030526,0.304947,0.058029
0.032389,0.304638,0.056641
0.034014,0.305267,0.057206
0.034287,0.305674,0.059662
0.036012,0.303200,0.054759
0.036052,0.304616,0.054997
0.039118,0.303999,0.055080
0.042186,0.304474,0.053742
0.042226,0.306458,0.054822
0.043776,0.304940,0.054351
0.046641,0.303963,0.053994
0.046199,0.303392,0.055198
0.047613,0.304680,0.053324
0.048149,0.304242,0.052897
0.050557,0.303536,0.051974
0.050560,0.305130,0.053359
0.052764,0.305209,0.051853
0.054844,0.305339,0.051574
0.054613,0.305683,0.052023
0.057335,0.303789,0.051597
0.059358,0.304390,0.053643
0.058713,0.305395,0.053828
0.059883,0.305277,0.052539
0.061886,0.304654,0.053918
0.064541,0.304739,0.054887
0.064492,0.303783,0.054258
0.065972,0.305012,0.053821
0.067811,0.305544,0.054912
0.069340,0.305451,0.054168
0.070943,0.306373,0.053809
0.071011,0.304891,0.055343
0.073597,0.305728,0.053976
0.073134,0.302845,0.053372
0.075706,0.305185,0.054325
0.076937,0.305013,0.052122
0.077005,0.304953,0.051603
0.080321,0.304031,0.052057
0.079175,0.305673,0.052170
0.081741,0.304302,0.052227
0.082498,0.305039,0.051379
0.085509,0.304758,0.051843
0.085789,0.305462,0.049281
0.087583,0.304662,0.050680
0.089182,0.305401,0.050190
0.089959,0.303596,0.049271
0.092910,0.305712,0.049023
0.093024,0.303676,0.049140
0.095458,0.303472,0.049454
0.096410,0.305523,0.046121
0.096589,0.303748,0.045514
0.100961,0.304714,0.046074
0.101972,0.303483,0.043767
0.103675,0.305555,0.043241
0.106144,0.306828,0.043197
0.105092,0.305328,0.043424
0.104950,0.303656,0.041522
0.106705,0.304655,0.040090
0.108063,0.307098,0.039579
0.108558,0.304823,0.039798
0.112424,0.305296,0.040508
0.111709,0.306304,0.035981
0.113852,0.305359,0.031397
0.115574,0.306273,0.032341
0.116132,0.304771,0.033352
0.119689,0.306618,0.030075
0.118212,0.305610,0.028697
0.122605,0.306560,0.028113
0.123275,0.306784,0.024571
0.124026,0.306910,0.025368
0.125708,0.307603,0.019573
0.128656,0.306458,0.017981
0.127871,0.306615,0.012789
-0.138067,0.310641,-0.024946
-0.138721,0.312006,-0.016155
-0.134980,0.309728,-0.011812
-0.135109,0.310116,-0.006352
-0.133351,0.307771,-0.000901
-0.132198,0.310143,0.000877
-0.131394,0.309346,0.002954
-0.130404,0.308713,0.005930
-0.126473,0.309662,0.008435
-0.125523,0.309531,0.011272
-0.122643,0.308373,0.015465
-0.123605,0.308368,0.018354
-0.120060,0.309126,0.022635
-0.119763,0.308609,0.027956
-0.117533,0.308567,0.030128
-0.116394,0.306005,0.045578
-0.114323,0.305721,0.049731
-0.111348,0.305218,0.053011
-0.112348,0.305032,0.054061
-0.109186,0.306956,0.059918
-0.108357,0.305328,0.060126
-0.108074,0.306896,0.062214
-0.104599,0.303954,0.065491
-0.102420,0.308081,0.065051
-0.103489,0.305735,0.065913
-0.101446,0.305236,0.064604
-0.099038,0.306128,0.066699
-0.097690,0.305472,0.068580
-0.096859,0.305073,0.067885
-0.096020,0.304546,0.071056
-0.094304,0.305584,0.071488
-0.090138,0.306032,0.073292
-0.093734,0.304586,0.074063
-0.088633,0.306517,0.073775
-0.089100,0.305927,0.073173
-0.087091,0.303667,0.077025
-0.083934,0.304760,0.077728
-0.085045,0.306857,0.078465
-0.082113,0.303550,0.078674
-0.082511,0.303351,0.078382
-0.081208,0.304156,0.079280
-0.078889,0.305477,0.079095
-0.076227,0.304876,0.080351
-0.078220,0.305334,0.081757
-0.071552,0.306138,0.082706
-0.073618,0.304335,0.084670
-0.071453,0.303958,0.083231
-0.070245,0.303442,0.084784
-0.070260,0.306450,0.083949
-0.067035,0.305336,0.084974
-0.065476,0.304169,0.083722
-0.063742,0.303878,0.085005
-0.064465,0.303953,0.085605
-0.062526,0.305879,0.083867
-0.061267,0.303761,0.085835
-0.059819,0.304313,0.086880
-0.057405,0.304824,0.084283
-0.056076,0.305106,0.087102
-0.055972,0.305467,0.085441
-0.051855,0.303507,0.085226
-0.051810,0.306116,0.086122
-0.053542,0.305275,0.088072
-0.051271,0.305983,0.084584
-0.048012,0.303585,0.088266
-0.047217,0.303845,0.085352
-0.046359,0.303757,0.083714
-0.044204,0.303280,0.087138
-0.043389,0.303146,0.085569
-0.041016,0.305759,0.084643
-0.040677,0.303835,0.086018
-0.040462,0.305286,0.086176
-0.037753,0.304984,0.086961
-0.037598,0.303632,0.086512
-0.034470,0.304190,0.082064
-0.033892,0.303003,0.084456
-0.033364,0.303529,0.084785
-0.032832,0.305680,0.084168
-0.028330,0.304116,0.080532
-0.029363,0.307875,0.082302
-0.026796,0.306101,0.083289
-0.025689,0.304258,0.083538
-0.024634,0.303686,0.082842
-0.023118,0.305276,0.083712
-0.021173,0.305317,0.082903
-0.019506,0.305835,0.082143
-0.018359,0.303713,0.082424
-0.016451,0.304741,0.080548
-0.016722,0.306278,0.079975
-0.014175,0.304328,0.078870
-0.013811,0.304720,0.078787
-0.012394,0.304187,0.078393
-0.012751,0.303729,0.075963
-0.008385,0.305426,0.076296
-0.008757,0.305840,0.077568
-0.008028,0.305596,0.076768
-0.004890,0.304233,0.072355
-0.004664,0.305496,0.072935
-0.002164,0.305910,0.072383
-0.000806,0.305443,0.070972
-0.000601,0.305291,0.069579
0.001034,0.306024,0.068608
0.003268,0.304887,0.066169
0.004211,0.305007,0.067976
0.004787,0.303930,0.067056
0.007832,0.306961,0.064458
0.007782,0.305729,0.064732
0.009330,0.305830,0.063562
0.008875,0.305565,0.061777
0.010929,0.306749,0.063185
0.013134,0.305165,0.059723
0.012943,0.304783,0.062261
0.016642,0.304693,0.060593
0.016812,0.305064,0.061372
0.016384,0.307494,0.061707
0.018988,0.304377,0.060865
0.020860,0.306083,0.061112
0.021960,0.306073,0.061060
0.024655,0.304444,0.060085
0.027869,0.304417,0.058783
0.027441,0.304029,0.057456
0.027439,0.306540,0.058084
0.028095,0.307227,0.059231
0.029645,0.304108,0.057548
0.032873,0.305398,0.056487
0.032618,0.305869,0.057430
0.034399,0.307339,0.053922
0.036144,0.306506,0.056211
0.037404,0.306332,0.056672
0.038361,0.305062,0.054871
0.040647,0.303998,0.054646
0.041984,0.306723,0.054368
0.041647,0.307597,0.056540
0.045497,0.307466,0.054723
0.045521,0.304482,0.053497
0.047384,0.306462,0.055591
0.047836,0.305553,0.052956
0.050283,0.306772,0.055353
0.050573,0.308245,0.053619
0.052102,0.305195,0.052294
0.054290,0.307511,0.052486
0.055356,0.306295,0.052961
0.056811,0.305816,0.054543
0.057733,0.305478,0.053172
0.060061,0.307238,0.052400
0.062005,0.304822,0.054478
0.062828,0.307211,0.053485
0.062796,0.305902,0.053775
0.063754,0.307411,0.055901
0.066971,0.306340,0.052575
0.066613,0.305261,0.054432
0.068244,0.306521,0.054346
0.068008,0.305374,0.055846
0.070353,0.305908,0.055618
0.072241,0.305672,0.054954
0.074149,0.306947,0.054647
0.075675,0.308977,0.054030
0.076302,0.305381,0.053391
0.078145,0.306458,0.054633
0.080617,0.306757,0.052853
0.080140,0.307892,0.052271
0.082355,0.306555,0.052246
0.084197,0.306058,0.053277
0.084886,0.305745,0.051848
0.086340,0.307296,0.052033
0.086113,0.305924,0.049989
0.089170,0.307104,0.050193
0.090545,0.306335,0.051237
0.092831,0.306902,0.050339
0.093222,0.306517,0.048843
0.094354,0.305135,0.049024
0.095683,0.306005,0.047745
0.095925,0.305400,0.046818
0.100033,0.306131,0.044779
0.101006,0.306706,0.045989
0.101687,0.307420,0.045264
0.104211,0.307584,0.042375
0.106086,0.306675,0.041659
0.104901,0.307985,0.040952
0.108267,0.306972,0.041264
0.108610,0.307706,0.040688
0.111249,0.306891,0.040845
0.111465,0.307254,0.039745
0.113258,0.307593,0.037432
0.113516,0.306378,0.034576
0.116654,0.306825,0.035287
0.115993,0.306755,0.032110
0.118576,0.305401,0.031365
0.119878,0.306277,0.029328
0.120101,0.310542,0.028127
0.122903,0.307750,0.027886
0.126013,0.308650,0.023315
0.125740,0.309541,0.021356
0.126727,0.308703,0.018578
0.127633,0.307987,0.013522
0.128588,0.306941,0.008593
-0.141797,0.312007,-0.029619
-0.140667,0.311707,-0.017157
-0.139739,0.312951,-0.013239
-0.136120,0.311082,-0.009444
-0.135633,0.312491,-0.001987
-0.132521,0.308782,-0.002688
-0.130496,0.311437,0.001894
-0.128941,0.309524,0.005959
-0.128407,0.309180,0.007904
-0.127077,0.310124,0.010728
-0.125333,0.311290,0.010753
-0.123904,0.312081,0.015832
-0.121580,0.311018,0.019613
-0.121308,0.309073,0.024225
-0.118612,0.308181,0.027571
-0.118586,0.308899,0.032599
-0.114271,0.309397,0.043582
-0.113569,0.306852,0.050615
-0.112548,0.306909,0.053662
-0.111299,0.307468,0.056598
-0.109801,0.307686,0.057531
-0.107050,0.306533,0.059122
-0.107914,0.307280,0.060714
-0.104867,0.308026,0.062121
-0.105322,0.307448,0.065142
-0.103369,0.307297,0.065241
-0.100236,0.308363,0.063984
-0.100163,0.306262,0.067512
-0.098549,0.307226,0.069287
-0.096859,0.307542,0.069582
-0.096503,0.305896,0.069561
-0.092566,0.305842,0.072305
-0.091202,0.307336,0.071459
-0.091698,0.306094,0.072819
-0.090570,0.306455,0.072457
-0.091170,0.307293,0.074727
-0.087092,0.306126,0.074800
-0.085008,0.307969,0.074604
-0.084418,0.306809,0.076875
-0.082240,0.305934,0.077511
-0.083819,0.306359,0.078918
-0.078078,0.305668,0.078730
-0.080675,0.305442,0.080986
-0.075505,0.306027,0.081936
-0.077933,0.307151,0.081706
-0.074726,0.304598,0.082381
-0.072515,0.307108,0.083400
-0.071818,0.308274,0.085315
-0.069048,0.306264,0.084976
-0.068875,0.304551,0.084088
-0.068581,0.307498,0.085304
-0.064196,0.306748,0.085129
-0.065091,0.306831,0.082158
-0.065855,0.306907,0.086657
-0.063478,0.308287,0.085310
-0.061738,0.305224,0.085484
-0.057825,0.306121,0.085652
-0.058511,0.306122,0.084917
-0.057000,0.305703,0.084102
-0.056304,0.307040,0.085049
-0.054234,0.304607,0.082959
-0.053425,0.305319,0.086407
-0.051782,0.305171,0.086594
-0.049297,0.304926,0.084227
-0.049778,0.305512,0.085379
-0.048400,0.306734,0.086145
-0.046167,0.304623,0.084255
-0.042639,0.305842,0.086102
-0.043075,0.306544,0.084387
-0.039371,0.305197,0.084215
-0.040152,0.306700,0.083603
-0.038820,0.304114,0.084521
-0.038569,0.305631,0.085499
-0.037002,0.304815,0.083163
-0.033438,0.307440,0.082453
-0.033199,0.304190,0.083858
-0.033109,0.308204,0.083827
-0.030019,0.306830,0.083231
-0.028029,0.306539,0.084661
-0.026935,0.306786,0.085357
-0.027000,0.304560,0.082697
-0.024894,0.304341,0.081378
-0.025430,0.304712,0.081331
-0.024091,0.306276,0.081688
-0.021676,0.307649,0.082914
-0.020126,0.304258,0.081058
-0.020134,0.308209,0.082821
-0.016382,0.307780,0.080565
-0.016432,0.304894,0.081323
-0.014113,0.306080,0.076641
-0.013879,0.306917,0.077406
-0.013041,0.305008,0.077683
-0.011212,0.305789,0.077773
-0.009284,0.308042,0.073716
-0.009207,0.306928,0.078232
-0.007399,0.308178,0.075577
-0.007650,0.306599,0.074816
-0.005813,0.305740,0.074702
-0.005623,0.307614,0.071907
-0.001339,0.307743,0.071388
-0.001676,0.307929,0.070691
0.000429,0.307137,0.070360
0.002622,0.306377,0.066921
0.003168,0.305801,0.066739
0.005913,0.308890,0.066584
0.006182,0.307277,0.064904
0.006912,0.308712,0.064107
0.008642,0.307050,0.064835
0.011857,0.307968,0.062897
0.011222,0.306386,0.063693
0.013866,0.306438,0.062548
0.014545,0.306015,0.062303
0.015832,0.307745,0.061696
0.018918,0.306265,0.061483
0.017608,0.307582,0.060413
0.019511,0.308591,0.061135
0.022316,0.307483,0.060849
0.022794,0.306734,0.060490
0.023678,0.306395,0.058732
0.026112,0.306126,0.059101
0.026569,0.306002,0.058750
0.028941,0.307286,0.058391
0.028085,0.307384,0.058882
0.031354,0.309095,0.057861
0.033486,0.307784,0.055224
0.034261,0.307777,0.055923
0.034840,0.308660,0.057042
0.036518,0.308785,0.057159
0.034985,0.309123,0.054082
0.039221,0.308462,0.055330
0.041055,0.308629,0.053946
0.042597,0.308018,0.056591
0.043444,0.309059,0.054781
0.043721,0.308298,0.054281
0.044903,0.306402,0.052892
0.046931,0.307617,0.052849
0.047435,0.308489,0.053651
0.048056,0.307698,0.052525
0.050735,0.306840,0.055063
0.053611,0.307377,0.051035
0.052334,0.308648,0.054095
0.055690,0.306678,0.052431
0.056468,0.307215,0.053039
0.057622,0.308222,0.052746
0.058938,0.308347,0.055583
0.060053,0.308653,0.055803
0.063081,0.307660,0.055737
0.063035,0.309168,0.052885
0.064147,0.307262,0.055514
0.066595,0.307571,0.057036
0.067260,0.307447,0.055139
0.068195,0.309204,0.056018
0.068253,0.307712,0.054716
0.070907,0.308516,0.053598
0.073543,0.307815,0.055787
0.073651,0.307508,0.055957
0.074199,0.307122,0.053034
0.076837,0.307239,0.055315
0.078872,0.306077,0.054875
0.079398,0.308474,0.055381
0.079897,0.307046,0.052726
0.080806,0.306932,0.052053
0.083322,0.308100,0.051263
0.084399,0.309208,0.050381
0.086788,0.307731,0.053525
0.085385,0.309040,0.050827
0.088616,0.308188,0.051034
0.091890,0.309269,0.052017
0.091560,0.307589,0.050803
0.094502,0.307334,0.050247
0.095186,0.308194,0.048480
0.096900,0.309016,0.049136
0.097936,0.307894,0.047624
0.098569,0.306690,0.046873
0.100196,0.308615,0.046505
0.102298,0.308151,0.043399
0.105155,0.309334,0.043898
0.104302,0.308158,0.043147
0.107014,0.307766,0.041689
0.108563,0.311178,0.040455
0.107918,0.308736,0.039958
0.110244,0.308545,0.039577
0.111609,0.307544,0.037521
0.113124,0.308812,0.037148
0.113972,0.308890,0.037899
0.115682,0.308750,0.033761
0.117250,0.309872,0.031539
0.118637,0.309325,0.030459
0.118915,0.308725,0.030337
0.122052,0.309827,0.027266
0.123533,0.310861,0.028685
0.125654,0.311091,0.024142
0.126639,0.311327,0.023334
0.129227,0.308933,0.020556
0.130643,0.310035,0.017261
0.129033,0.308365,0.013187
0.132874,0.309138,0.006753
-0.140858,0.315216,-0.022490
-0.140121,0.313169,-0.013982
-0.138653,0.312878,-0.012569
-0.136437,0.313224,-0.005276
-0.135382,0.313406,-0.001009
-0.135601,0.315045,-0.001014
-0.130583,0.314364,0.004012
-0.129064,0.310178,0.006375
-0.128555,0.312339,0.010253
-0.127474,0.312493,0.012168
-0.123407,0.313666,0.014310
-0.121900,0.312392,0.018262
-0.121592,0.311374,0.021565
-0.121243,0.309243,0.024969
-0.118501,0.312946,0.027147
-0.116361,0.312170,0.032742
-0.114385,0.311394,0.045070
-0.114084,0.310792,0.051047
-0.112274,0.310540,0.054125
-0.110157,0.310245,0.054855
-0.109326,0.309544,0.057944
-0.108929,0.310263,0.058100
-0.105851,0.308253,0.060767
-0.106560,0.307800,0.060957
-0.105191,0.307861,0.063023
-0.103518,0.309014,0.064884
-0.101406,0.307363,0.065783
-0.098513,0.306756,0.067321
-0.098400,0.308380,0.066824
-0.097259,0.308860,0.069135
-0.095621,0.309188,0.068506
-0.093934,0.310262,0.071113
-0.090358,0.309073,0.072499
-0.091306,0.307568,0.072950
-0.090927,0.308869,0.073065
-0.088859,0.307509,0.073786
-0.085542,0.306907,0.075418
-0.086208,0.307404,0.075573
-0.083823,0.308388,0.074247
-0.082323,0.308809,0.077411
-0.081586,0.306602,0.076575
-0.079371,0.307694,0.079300
-0.079120,0.310066,0.077412
-0.078863,0.307724,0.080579
-0.076763,0.307964,0.081197
-0.074325,0.307035,0.083395
-0.071323,0.306920,0.081296
-0.071057,0.307014,0.083997
-0.070101,0.308995,0.083929
-0.068378,0.306377,0.083970
-0.068891,0.307560,0.083070
-0.066671,0.307137,0.085023
-0.065572,0.307443,0.086009
-0.062890,0.307494,0.084655
-0.063290,0.309194,0.085492
-0.062210,0.306220,0.086462
-0.058961,0.306622,0.085171
-0.056155,0.307749,0.084417
-0.057613,0.307502,0.085347
-0.055933,0.309067,0.085807
-0.054747,0.306705,0.085554
-0.052689,0.308380,0.084359
-0.050247,0.306477,0.083530
-0.050363,0.306613,0.083287
-0.049326,0.308175,0.085792
-0.048993,0.308524,0.085210
-0.045724,0.307339,0.085470
-0.043530,0.306446,0.086570
-0.044265,0.308323,0.085082
-0.042311,0.308320,0.085366
-0.040124,0.307397,0.082651
-0.038405,0.306885,0.084561
-0.037189,0.306286,0.083921
-0.036363,0.306561,0.083503
-0.036183,0.307004,0.084759
-0.035492,0.306754,0.084459
-0.032109,0.309436,0.083391
-0.031817,0.307787,0.083651
-0.032098,0.307042,0.083898
-0.029324,0.308603,0.084117
-0.028858,0.308491,0.083032
-0.026366,0.308324,0.081126
-0.024547,0.307739,0.082361
-0.023785,0.306676,0.082283
-0.022198,0.307403,0.081658
-0.021243,0.309096,0.082248
-0.019717,0.308417,0.079798
-0.017357,0.307622,0.078278
-0.017193,0.308734,0.079258
-0.014140,0.309340,0.078010
-0.012476,0.307162,0.079526
-0.012624,0.309393,0.076997
-0.010202,0.307930,0.077405
-0.010133,0.307549,0.076523
-0.008658,0.307240,0.076485
-0.006263,0.308282,0.075476
-0.005133,0.307997,0.072770
-0.003960,0.308726,0.071687
-0.002195,0.309107,0.073429
-0.002622,0.305712,0.072076
-0.000027,0.308231,0.070136
0.001936,0.306603,0.069098
0.001292,0.309219,0.068029
0.005002,0.309907,0.066390
0.005249,0.308885,0.068059
0.006904,0.309653,0.067566
0.007832,0.309773,0.066179
0.009612,0.309282,0.062267
0.010451,0.309296,0.064060
0.009398,0.308744,0.061199
0.012955,0.308589,0.061424
0.012913,0.309212,0.061171
0.016066,0.309480,0.061948
0.017105,0.309036,0.061792
0.017832,0.310020,0.061559
0.019230,0.309393,0.059092
0.021724,0.310428,0.061424
0.022020,0.310287,0.062517
0.021161,0.310184,0.057663
0.023815,0.309015,0.061094
0.026261,0.310699,0.058505
0.025885,0.309585,0.057803
0.030886,0.307893,0.057406
0.032794,0.308520,0.058967
0.031672,0.308820,0.057629
0.034206,0.307763,0.056918
0.035420,0.310207,0.055465
0.036228,0.309721,0.055388
0.038487,0.308760,0.054295
0.038476,0.308955,0.054509
0.039829,0.309322,0.054242
0.039145,0.308960,0.053737
0.044314,0.307974,0.054041
0.046224,0.308090,0.054874
0.046237,0.308584,0.053534
0.046321,0.310501,0.054038
0.046872,0.309050,0.052737
0.049142,0.310757,0.053541
0.051947,0.308650,0.052731
0.052666,0.308151,0.053476
0.053463,0.309116,0.056184
0.055856,0.308238,0.053500
0.057466,0.308153,0.053418
0.058121,0.309652,0.054517
0.060748,0.307608,0.055136
0.059886,0.310998,0.054505
0.063705,0.308695,0.054909
0.063611,0.311085,0.055194
0.065261,0.310547,0.055669
0.066344,0.310081,0.056734
0.066907,0.308815,0.056346
0.069005,0.308472,0.056886
0.070545,0.308577,0.056835
0.072412,0.309053,0.053509
0.071832,0.308121,0.056455
0.075120,0.309807,0.054750
0.077146,0.310880,0.055724
0.075372,0.308913,0.054248
0.079044,0.310355,0.053798
0.079948,0.309901,0.054012
0.083224,0.308938,0.052847
0.083624,0.308010,0.052218
0.083297,0.307742,0.051710
0.084474,0.309785,0.052608
0.085811,0.308590,0.051467
0.088087,0.307643,0.051110
0.090287,0.311065,0.051100
0.092972,0.309240,0.052517
0.093087,0.309049,0.050064
0.093971,0.308784,0.051210
0.094327,0.310793,0.048705
0.094738,0.309152,0.048108
0.097168,0.310407,0.048365
0.097845,0.309162,0.046189
0.103236,0.309955,0.043608
0.102072,0.310880,0.045300
0.103018,0.311031,0.045404
0.104564,0.310044,0.043845
0.106416,0.309709,0.042835
0.106014,0.311774,0.040834
0.108382,0.308738,0.040611
0.110537,0.309177,0.039508
0.111504,0.308572,0.037311
0.113217,0.309705,0.037891
0.114575,0.310496,0.037894
0.115350,0.309930,0.036133
0.116313,0.310314,0.035057
0.116579,0.308768,0.031717
0.120472,0.310172,0.029211
0.120818,0.312778,0.030782
0.123279,0.310591,0.028149
0.125743,0.311443,0.026985
0.127837,0.310846,0.022870
0.127255,0.309345,0.022206
0.129703,0.312902,0.016496
0.131177,0.310961,0.014108
0.131426,0.312375,0.010529
-0.143046,0.316378,-0.026171
-0.141812,0.315410,-0.017191
-0.139426,0.314488,-0.013225
-0.139706,0.313328,-0.008607
-0.136517,0.314436,-0.004110
-0.133977,0.313979,-0.000597
-0.132292,0.313981,0.000404
-0.131005,0.313198,0.002691
-0.129737,0.312490,0.008815
-0.126998,0.313498,0.011200
-0.125939,0.312084,0.011498
-0.126169,0.313155,0.015680
-0.124862,0.312597,0.019095
-0.121193,0.313009,0.019727
-0.122038,0.312205,0.024931
-0.120401,0.310057,0.028103
-0.116245,0.312351,0.039379
-0.114933,0.311209,0.044304
-0.113532,0.311174,0.049856
-0.113703,0.310662,0.053819
-0.109938,0.310828,0.055303
-0.109883,0.310345,0.055811
-0.108010,0.312303,0.057437
-0.105911,0.311629,0.058880
-0.104382,0.309048,0.061761
-0.102941,0.311571,0.062137
-0.103989,0.309979,0.065100
-0.100995,0.310640,0.067583
-0.097682,0.309762,0.064712
-0.098583,0.310744,0.066880
-0.096484,0.309880,0.069091
-0.095495,0.309297,0.069081
-0.092412,0.309783,0.070389
-0.092895,0.310026,0.071026
-0.090670,0.311096,0.073720
-0.089648,0.308346,0.072157
-0.087576,0.309746,0.072305
-0.087676,0.310317,0.072928
-0.086729,0.310782,0.074476
-0.084258,0.309157,0.075196
-0.082828,0.312087,0.077981
-0.082607,0.311143,0.079367
-0.079549,0.310611,0.078818
-0.077525,0.309489,0.078884
-0.077152,0.309184,0.080814
-0.074858,0.309891,0.081985
-0.074248,0.308616,0.082365
-0.072467,0.308966,0.082945
-0.071525,0.308954,0.082037
-0.070837,0.310163,0.083761
-0.068220,0.309440,0.084156
-0.068402,0.309198,0.084031
-0.066001,0.309799,0.083771
-0.065966,0.309856,0.085538
-0.061982,0.310685,0.085505
-0.063442,0.308968,0.085659
-0.061022,0.308836,0.084121
-0.060566,0.308940,0.085881
-0.058317,0.309404,0.084587
-0.056003,0.307876,0.086723
-0.056293,0.308377,0.085855
-0.053562,0.310736,0.084983
-0.054064,0.309664,0.086018
-0.051199,0.310448,0.085925
-0.052132,0.310305,0.085925
-0.050681,0.306367,0.085211
-0.049226,0.309066,0.086031
-0.045939,0.310822,0.084519
-0.043288,0.309320,0.085529
-0.044249,0.308206,0.085378
-0.042690,0.308426,0.085868
-0.041551,0.309288,0.084796
-0.038918,0.308578,0.084663
-0.038477,0.312236,0.086035
-0.035941,0.309228,0.083940
-0.034774,0.308969,0.084275
-0.034979,0.309817,0.083017
-0.032518,0.309122,0.083462
-0.032045,0.308389,0.084029
-0.030647,0.309831,0.081271
-0.029251,0.309272,0.082378
-0.028448,0.309570,0.082680
-0.025927,0.309800,0.081344
-0.025022,0.308826,0.080407
-0.024336,0.307844,0.081488
-0.022646,0.309215,0.081048
-0.019247,0.307673,0.079442
-0.019235,0.310393,0.078180
-0.018179,0.310721,0.081570
-0.016678,0.309654,0.079557
-0.015083,0.309467,0.080777
-0.013554,0.307932,0.078904
-0.011728,0.309475,0.077453
-0.011954,0.307561,0.075782
-0.007617,0.309432,0.076751
-0.006373,0.308011,0.076564
-0.006070,0.308829,0.073486
-0.007713,0.308663,0.074394
-0.003958,0.311334,0.073220
-0.004053,0.310294,0.073270
-0.001197,0.310145,0.072676
0.002444,0.309077,0.073772
0.000216,0.310553,0.069212
0.001228,0.309904,0.069183
0.004392,0.312240,0.070521
0.005610,0.308037,0.067119
0.005664,0.309673,0.065712
0.007804,0.310505,0.065360
0.010665,0.309358,0.064405
0.011935,0.310556,0.063377
0.012043,0.308319,0.062837
0.013051,0.308684,0.061103
0.014354,0.310366,0.061436
0.015501,0.308320,0.061751
0.017670,0.312653,0.059609
0.017485,0.311423,0.059957
0.020846,0.311232,0.059741
0.020317,0.309060,0.059982
0.022111,0.310435,0.059054
0.024550,0.310278,0.058650
0.026466,0.311613,0.057253
0.025914,0.311469,0.058953
0.028863,0.311819,0.057737
0.030163,0.314705,0.058427
0.030209,0.311223,0.056856
0.031734,0.309861,0.058532
0.033875,0.310699,0.056283
0.034791,0.311118,0.056257
0.038313,0.312521,0.054395
0.036804,0.312330,0.055308
0.039486,0.312002,0.054601
0.041071,0.311674,0.054133
0.043248,0.311829,0.054557
0.042407,0.310443,0.054118
0.043331,0.311465,0.053340
0.046813,0.310712,0.055466
0.045709,0.309552,0.054976
0.049871,0.310754,0.054030
0.047782,0.310368,0.053584
0.049929,0.311612,0.052790
0.051626,0.310727,0.054471
0.054591,0.310564,0.054707
0.055397,0.311247,0.053861
0.056965,0.310954,0.054045
0.059074,0.310575,0.055624
0.059955,0.311418,0.056607
0.059220,0.310745,0.056331
0.060929,0.309143,0.055575
0.063705,0.312300,0.056522
0.063790,0.312313,0.054817
0.068315,0.309937,0.056105
0.066919,0.311212,0.057783
0.068325,0.311430,0.057198
0.069753,0.309581,0.058020
0.071583,0.308988,0.058178
0.073975,0.308674,0.055402
0.073017,0.311639,0.055709
0.075229,0.313100,0.055001
0.076498,0.311253,0.053988
0.080198,0.312043,0.055771
0.079344,0.308659,0.053493
0.079398,0.311204,0.050414
0.082350,0.310531,0.054330
0.084269,0.310317,0.052591
0.084019,0.309804,0.052620
0.085980,0.311209,0.052512
0.087417,0.312337,0.053325
0.090074,0.312159,0.051918
0.088725,0.311768,0.051655
0.091271,0.310044,0.052911
0.092282,0.312636,0.050312
0.095130,0.312139,0.048991
0.095713,0.312519,0.048755
0.096897,0.311578,0.048414
0.098647,0.312002,0.047404
0.099250,0.312702,0.046726
0.101569,0.312982,0.043663
0.103446,0.310387,0.044865
0.104668,0.313489,0.043918
0.106560,0.311766,0.043081
0.108876,0.310255,0.042567
0.109779,0.310441,0.042139
0.110600,0.311765,0.041094
0.111688,0.311710,0.037295
0.112019,0.310915,0.039448
0.114558,0.312977,0.037909
0.116972,0.313818,0.035789
0.117886,0.311900,0.034343
0.119369,0.313879,0.031863
0.119447,0.311411,0.031465
0.119910,0.312358,0.029829
0.122101,0.312158,0.028527
0.125234,0.311834,0.028459
0.125782,0.312811,0.025043
0.126235,0.313950,0.020603
0.128022,0.314062,0.019049
0.130780,0.312688,0.016535
0.130401,0.312525,0.011945
-0.145480,0.316938,-0.030634
-0.141308,0.318577,-0.022259
-0.141611,0.316184,-0.014136
-0.137797,0.316228,-0.010928
-0.136868,0.317114,-0.006463
-0.137644,0.316535,-0.002402
-0.134023,0.315322,0.000051
-0.134760,0.316186,0.002958
-0.131893,0.314225,0.004865
-0.130022,0.316468,0.007965
-0.128649,0.313141,0.011573
-0.126951,0.314376,0.014964
-0.125357,0.314623,0.017816
-0.125411,0.314970,0.019455
-0.120404,0.316494,0.020881
-0.121327,0.314525,0.027137
-0.118611,0.313845,0.029467
-0.115820,0.314286,0.039999
-0.115462,0.312545,0.046512
-0.113057,0.311909,0.050436
-0.113216,0.313710,0.052769
-0.111618,0.313124,0.055297
-0.109075,0.314015,0.058480
-0.107869,0.311760,0.057398
-0.106682,0.312858,0.060231
-0.106386,0.311089,0.060365
-0.103605,0.311942,0.063803
-0.101978,0.314141,0.063490
-0.102546,0.311876,0.065502
-0.102127,0.312494,0.066744
-0.099425,0.310809,0.067791
-0.096987,0.311397,0.066323
-0.094655,0.309950,0.068866
-0.092864,0.311960,0.066613
-0.092628,0.310959,0.070037
-0.093601,0.311942,0.071484
-0.088993,0.310010,0.071894
-0.089879,0.311111,0.072316
-0.086564,0.311229,0.073299
-0.085620,0.312535,0.074469
-0.084188,0.309489,0.074105
-0.083698,0.310550,0.077715
-0.081958,0.310388,0.075767
-0.079748,0.310510,0.076917
-0.079547,0.311111,0.079202
-0.075523,0.314017,0.080468
-0.075920,0.310182,0.081717
-0.073739,0.311161,0.081969
-0.074903,0.310888,0.080131
-0.071387,0.310406,0.082495
-0.070788,0.310863,0.083167
-0.068332,0.310836,0.083822
-0.066764,0.309954,0.084099
-0.067571,0.309679,0.086422
-0.066948,0.311301,0.085198
-0.064708,0.310549,0.083797
-0.063559,0.311419,0.083650
-0.059793,0.311357,0.083413
-0.060362,0.311086,0.085518
-0.058912,0.311384,0.085979
-0.056874,0.310984,0.086510
-0.056613,0.310286,0.083809
-0.056039,0.310768,0.085400
-0.053613,0.309971,0.085260
-0.054482,0.312013,0.086194
-0.049437,0.308435,0.084534
-0.048509,0.309182,0.085714
-0.047570,0.310685,0.085700
-0.046384,0.312303,0.084777
-0.046022,0.309854,0.083035
-0.042004,0.308501,0.083936
-0.042376,0.308595,0.082067
-0.041179,0.310121,0.083441
-0.039318,0.310431,0.082713
-0.037130,0.310668,0.082571
-0.035570,0.310533,0.083686
-0.034485,0.310145,0.084868
-0.034763,0.310617,0.083509
-0.033036,0.310836,0.082876
-0.030157,0.310486,0.081758
-0.029583,0.310265,0.083454
-0.029008,0.311709,0.080560
-0.027943,0.312744,0.081351
-0.026553,0.310070,0.083211
-0.024769,0.310459,0.080769
-0.024440,0.310684,0.081538
-0.020678,0.309721,0.080035
-0.022299,0.309226,0.079881
-0.019539,0.312066,0.080238
-0.017457,0.310683,0.077518
-0.017019,0.311338,0.077624
-0.014591,0.312312,0.078781
-0.012920,0.312370,0.078675
-0.011537,0.311096,0.077634
-0.010511,0.311403,0.078588
-0.010056,0.310155,0.075186
-0.007926,0.311448,0.076587
-0.007818,0.313034,0.076272
-0.005701,0.312185,0.073165
-0.005676,0.311919,0.072518
-0.002633,0.312007,0.073892
-0.001651,0.311841,0.072655
-0.000916,0.311026,0.070567
0.001788,0.310452,0.069687
0.003548,0.312544,0.068970
0.003752,0.314205,0.068427
0.005852,0.311245,0.068223
0.007069,0.311837,0.066227
0.008261,0.310505,0.066493
0.009450,0.313412,0.066144
0.011754,0.312457,0.064219
0.010829,0.313458,0.062355
0.014294,0.311702,0.061690
0.015287,0.312614,0.061532
0.015823,0.312864,0.061521
0.017434,0.312111,0.061050
0.018661,0.310807,0.059533
0.019964,0.312798,0.059907
0.021460,0.311986,0.059762
0.021745,0.311303,0.058806
0.025423,0.312588,0.060820
0.025615,0.312697,0.059448
0.024763,0.311599,0.058996
0.026932,0.312443,0.057548
0.027816,0.310807,0.058282
0.031391,0.312809,0.055870
0.034232,0.311433,0.056517
0.033574,0.311285,0.055726
0.033949,0.311175,0.055126
0.034463,0.313784,0.054992
0.037449,0.312801,0.053421
0.038929,0.314261,0.054968
0.039050,0.310733,0.056909
0.042750,0.314689,0.054769
0.042195,0.311811,0.054657
0.045717,0.313650,0.055495
0.043828,0.312774,0.055264
0.046900,0.312648,0.054105
0.047517,0.312692,0.054273
0.050366,0.312801,0.054174
0.050712,0.312406,0.055055
0.053986,0.313624,0.056234
0.053141,0.312556,0.054943
0.054426,0.313504,0.057620
0.059222,0.313190,0.055443
0.058206,0.313376,0.057267
0.060361,0.310637,0.057443
0.059636,0.313777,0.057406
0.061322,0.313029,0.057549
0.063931,0.313225,0.057059
0.064349,0.313351,0.055987
0.064949,0.313990,0.054756
0.068055,0.312478,0.056263
0.067821,0.312585,0.056737
0.070132,0.312717,0.055679
0.072342,0.310484,0.056588
0.072524,0.313527,0.056207
0.074191,0.311970,0.053352
0.075358,0.313010,0.055544
0.076133,0.312483,0.053648
0.080662,0.312924,0.054429
0.079558,0.311389,0.053470
0.081285,0.313225,0.053773
0.081902,0.310804,0.053535
0.082846,0.311788,0.053498
0.084566,0.313356,0.052634
0.087554,0.313208,0.054873
0.088041,0.312070,0.050497
0.089298,0.312641,0.051728
0.091550,0.312639,0.049170
0.093375,0.312940,0.048855
0.094132,0.312792,0.050022
0.094675,0.312096,0.049798
0.097613,0.311721,0.050117
0.097414,0.313613,0.047839
0.099497,0.313475,0.045680
0.098484,0.313561,0.047193
0.099360,0.313025,0.046027
0.103287,0.311842,0.043535
0.104692,0.313465,0.043651
0.106332,0.313150,0.044344
0.108667,0.312371,0.042707
0.108979,0.314224,0.041312
0.110068,0.311838,0.040628
0.109806,0.312496,0.038366
0.115026,0.314860,0.039265
0.114305,0.314866,0.037586
0.114437,0.315452,0.035846
0.117123,0.313928,0.035103
0.118379,0.314643,0.034256
0.121266,0.313114,0.032555
0.120296,0.313046,0.030995
0.122999,0.315653,0.029545
0.125310,0.313016,0.026912
0.125800,0.313752,0.023779
0.126818,0.314844,0.024939
0.128564,0.312504,0.019768
0.130396,0.314037,0.017577
0.129481,0.314404,0.013461
-0.145015,0.319177,-0.024846
-0.142405,0.317955,-0.015905
-0.141866,0.317388,-0.012914
-0.137771,0.317371,-0.008097
-0.136295,0.319080,-0.003917
-0.136027,0.315629,-0.000137
-0.133209,0.316769,0.001056
-0.133133,0.316308,0.004562
-0.130773,0.317510,0.008155
-0.129865,0.317129,0.010754
-0.127213,0.315596,0.013316
-0.126210,0.316865,0.015431
-0.125975,0.315940,0.018959
-0.122497,0.316051,0.021529
-0.123454,0.315755,0.020749
-0.121215,0.313423,0.024690
-0.119017,0.316476,0.030620
-0.117352,0.315997,0.040235
-0.113913,0.312376,0.044992
-0.115495,0.313568,0.049839
-0.111309,0.314402,0.053668
-0.110704,0.314037,0.054020
-0.109173,0.316013,0.056335
-0.106636,0.315094,0.057541
-0.105875,0.312275,0.058427
-0.106879,0.312875,0.058825
-0.102443,0.313497,0.061389
-0.103485,0.312354,0.064316
-0.101190,0.312767,0.063394
-0.097581,0.312238,0.063057
-0.097007,0.313676,0.066221
-0.095701,0.312214,0.067458
-0.095005,0.314105,0.069573
-0.093597,0.314160,0.067747
-0.091662,0.313925,0.069577
-0.090109,0.312946,0.071890
-0.090038,0.314039,0.072377
-0.090113,0.313304,0.072892
-0.087048,0.313706,0.075288
-0.087196,0.313156,0.073144
-0.085951,0.312485,0.072113
-0.082623,0.311170,0.074207
-0.082840,0.311348,0.077526
-0.081052,0.312736,0.074862
-0.078138,0.313193,0.078385
-0.076881,0.312697,0.078306
-0.076805,0.312412,0.080764
-0.074725,0.313108,0.081532
-0.073171,0.312235,0.082121
-0.071974,0.311773,0.083613
-0.071244,0.312792,0.083772
-0.069146,0.312576,0.085085
-0.067904,0.311605,0.083662
-0.065177,0.311887,0.083506
-0.065253,0.311599,0.084068
-0.063164,0.313474,0.083423
-0.062108,0.311481,0.084172
-0.061997,0.312223,0.085401
-0.060324,0.311304,0.085930
-0.054844,0.312424,0.081987
-0.056089,0.312073,0.086096
-0.053816,0.312335,0.085276
-0.054910,0.312843,0.086611
-0.053110,0.310940,0.085630
-0.050613,0.312664,0.085075
-0.049506,0.310156,0.083831
-0.049053,0.313228,0.084275
-0.046523,0.312955,0.083631
-0.044978,0.313665,0.083074
-0.043869,0.311931,0.082137
-0.043643,0.313259,0.081367
-0.042581,0.313137,0.084195
-0.038633,0.313169,0.082212
-0.037278,0.313182,0.083514
-0.036498,0.312914,0.083773
-0.036461,0.311241,0.083734
-0.035740,0.313056,0.081729
-0.035590,0.313416,0.083110
-0.032695,0.310946,0.082935
-0.030539,0.313262,0.081099
-0.030034,0.312787,0.080892
-0.028970,0.311497,0.083265
-0.025905,0.313463,0.081119
-0.024710,0.314752,0.083032
-0.024505,0.312620,0.080586
-0.024043,0.312651,0.079946
-0.021332,0.312023,0.079271
-0.020497,0.312556,0.079495
-0.020234,0.314119,0.079179
-0.016746,0.311625,0.080472
-0.016975,0.312578,0.078977
-0.015121,0.311870,0.078262
-0.014297,0.312485,0.077665
-0.013795,0.312616,0.076549
-0.012896,0.312480,0.076919
-0.009850,0.311374,0.074460
-0.009295,0.310880,0.075705
-0.008665,0.314271,0.075620
-0.007580,0.313303,0.072906
-0.003707,0.312117,0.072753
-0.002759,0.313466,0.073940
0.000483,0.312470,0.072007
-0.000641,0.312299,0.070522
-0.000049,0.312767,0.070467
0.002702,0.312797,0.067315
0.004619,0.314412,0.067151
0.003665,0.311233,0.066153
0.006279,0.313504,0.065993
0.007484,0.314305,0.064648
0.008431,0.315106,0.062416
0.011552,0.313492,0.063334
0.011450,0.315231,0.062059
0.013000,0.313386,0.061000
0.014856,0.311027,0.062297
0.015212,0.313990,0.060113
0.016594,0.311089,0.061034
0.017751,0.314792,0.060173
0.018244,0.312032,0.059236
0.023088,0.315127,0.060552
0.021870,0.314465,0.058611
0.023604,0.313417,0.059652
0.026903,0.314835,0.058637
0.027911,0.312848,0.058736
0.025685,0.313913,0.058464
0.030245,0.314434,0.058872
0.031457,0.313616,0.057235
0.031829,0.315147,0.056051
0.034712,0.315046,0.058464
0.034964,0.314736,0.057477
0.038052,0.313899,0.054142
0.036610,0.314006,0.054730
0.039271,0.314234,0.055781
0.041116,0.312770,0.055967
0.043674,0.313482,0.053648
0.043393,0.314757,0.054751
0.043152,0.314808,0.054775
0.046159,0.314853,0.055229
0.046411,0.314660,0.055249
0.047790,0.313363,0.054443
0.049887,0.311813,0.053869
0.051944,0.314717,0.054738
0.051566,0.313082,0.056514
0.053545,0.313987,0.056614
0.054974,0.315337,0.054492
0.058842,0.312384,0.057227
0.058269,0.313794,0.055431
0.059781,0.312489,0.055734
0.060327,0.313663,0.057345
0.062700,0.315848,0.057005
0.064380,0.313943,0.057770
0.066112,0.314131,0.057329
0.065749,0.315418,0.056541
0.068426,0.313986,0.057736
0.068848,0.314594,0.056550
0.071022,0.313677,0.056634
0.069910,0.315059,0.057304
0.073041,0.312706,0.056423
0.074100,0.313876,0.054916
0.076586,0.315459,0.054999
0.075813,0.316307,0.056517
0.077642,0.314177,0.054416
0.080336,0.314073,0.055775
0.081792,0.315172,0.052841
0.082914,0.313020,0.054047
0.084635,0.314468,0.053313
0.085484,0.312480,0.053041
0.085848,0.315790,0.053664
0.085738,0.312948,0.052573
0.089544,0.314282,0.052708
0.090451,0.315801,0.054183
0.092202,0.313722,0.051630
0.093420,0.312560,0.049316
0.095111,0.315159,0.050362
0.096706,0.315479,0.048864
0.097736,0.314826,0.049527
0.098596,0.313730,0.048022
0.100614,0.315164,0.047263
0.102638,0.314849,0.045712
0.101311,0.314395,0.045379
0.105522,0.315626,0.045624
0.106875,0.314525,0.042667
0.104985,0.314595,0.041266
0.109410,0.315325,0.041884
0.110254,0.315264,0.040926
0.110981,0.315997,0.041021
0.114368,0.315492,0.038300
0.114354,0.315283,0.038624
0.115866,0.315861,0.035928
0.117854,0.314798,0.032949
0.119227,0.315596,0.033635
0.119497,0.314212,0.032681
0.120582,0.315674,0.030637
0.122183,0.315603,0.029476
0.124672,0.316014,0.028654
0.124418,0.315641,0.024461
0.125704,0.317133,0.023592
0.127990,0.316310,0.019249
0.131335,0.316692,0.017259
0.132294,0.316759,0.016229
0.132119,0.316672,0.006343
-0.144894,0.320051,-0.027703
-0.144649,0.320339,-0.017550
-0.142219,0.321045,-0.011908
-0.138832,0.320924,-0.010482
-0.138811,0.319655,-0.006353
-0.137111,0.320975,-0.002101
-0.137421,0.317977,-0.000769
-0.134822,0.317902,0.001893
-0.132572,0.318517,0.005444
-0.131593,0.318702,0.009982
-0.128235,0.318841,0.011054
-0.128850,0.318422,0.014218
-0.126145,0.318693,0.016116
-0.125744,0.318284,0.019938
-0.122893,0.317244,0.022091
-0.121158,0.317553,0.025052
-0.122500,0.317264,0.027467
-0.118638,0.318709,0.034499
-0.116279,0.316361,0.038956
-0.115552,0.316215,0.044529
-0.113621,0.314065,0.050379
-0.112189,0.314920,0.052326
-0.110937,0.317086,0.052172
-0.111176,0.315000,0.055117
-0.107671,0.314580,0.054662
-0.106359,0.315272,0.055466
-0.104987,0.315319,0.059193
-0.105181,0.315494,0.061851
-0.103452,0.316181,0.060293
-0.100067,0.315458,0.064346
-0.098446,0.315769,0.065459
-0.098752,0.314482,0.065892
-0.096660,0.314844,0.067676
-0.095804,0.314194,0.067498
-0.094831,0.315169,0.068185
-0.094358,0.313747,0.070104
-0.092266,0.313967,0.070178
-0.088999,0.316366,0.071897
-0.088061,0.313606,0.071757
-0.088428,0.315208,0.072567
-0.085141,0.313006,0.070938
-0.084402,0.312499,0.073979
-0.083768,0.313528,0.076295
-0.082323,0.314524,0.077592
-0.080517,0.313763,0.077047
-0.077708,0.314745,0.078794
-0.077588,0.313517,0.078791
-0.076111,0.312785,0.080846
-0.073902,0.314680,0.080759
-0.071698,0.314180,0.080570
-0.071809,0.315287,0.082062
-0.070185,0.314796,0.083627
-0.069135,0.314501,0.081835
-0.067787,0.314899,0.082504
-0.064637,0.315739,0.084294
-0.065380,0.313559,0.084990
-0.063558,0.312848,0.083347
-0.061294,0.312829,0.085217
-0.060241,0.313332,0.086145
-0.058522,0.313991,0.085797
-0.060678,0.313114,0.085435
-0.057224,0.313824,0.086094
-0.055906,0.315551,0.082981
-0.053622,0.315119,0.081910
-0.052513,0.314432,0.084320
-0.051450,0.313519,0.084558
-0.051501,0.314775,0.086283
-0.048863,0.313211,0.083664
-0.047188,0.314277,0.083834
-0.046003,0.313671,0.085359
-0.045512,0.313899,0.084087
-0.044129,0.315020,0.083604
-0.042098,0.313798,0.083825
-0.039924,0.314111,0.085013
-0.038677,0.313019,0.083150
-0.038794,0.313012,0.083217
-0.037109,0.315016,0.083864
-0.035437,0.312734,0.082691
-0.034309,0.313961,0.082357
-0.032633,0.314394,0.082528
-0.030490,0.315494,0.082232
-0.028982,0.313702,0.084341
-0.028571,0.314443,0.081729
-0.026550,0.314134,0.080969
-0.024695,0.315055,0.081199
-0.025350,0.313708,0.079233
-0.023112,0.313465,0.078954
-0.021619,0.312459,0.081661
-0.019006,0.314117,0.081374
-0.017626,0.313349,0.079704
-0.017260,0.312683,0.080501
-0.014695,0.314660,0.079525
-0.014535,0.312948,0.078159
-0.013553,0.313427,0.077889
-0.013319,0.315295,0.076996
-0.010138,0.315293,0.077819
-0.008903,0.313585,0.076396
-0.007046,0.314762,0.075965
-0.006574,0.314937,0.074493
-0.005197,0.314163,0.073710
-0.005386,0.314613,0.073541
-0.004061,0.314259,0.070825
-0.002911,0.313647,0.072043
0.001376,0.314476,0.070872
0.001522,0.313363,0.068993
0.000479,0.314652,0.068804
0.002793,0.316222,0.068026
0.005017,0.315868,0.067633
0.005681,0.314611,0.066786
0.008158,0.313472,0.063900
0.008221,0.314474,0.064549
0.011099,0.314631,0.062438
0.011287,0.314741,0.062132
0.013951,0.316314,0.061166
0.015820,0.316130,0.060601
0.014839,0.313682,0.062906
0.017606,0.314991,0.060185
0.018073,0.314166,0.060610
0.019741,0.314947,0.058707
0.020749,0.315448,0.060792
0.021743,0.315102,0.062052
0.024223,0.314593,0.058385
0.026360,0.315607,0.060925
0.026523,0.315807,0.056046
0.026846,0.315897,0.058018
0.029027,0.316414,0.057531
0.029643,0.317047,0.057273
0.031869,0.314810,0.056756
0.031276,0.313158,0.056144
0.035595,0.316002,0.057928
0.035037,0.317346,0.054881
0.037952,0.315501,0.054470
0.038821,0.315500,0.055193
0.039559,0.314869,0.054221
0.040595,0.317751,0.053877
0.041867,0.314860,0.056319
0.044807,0.314597,0.056729
0.045702,0.315382,0.054187
0.047539,0.314915,0.054159
0.047129,0.315824,0.055244
0.050888,0.314501,0.056293
0.051651,0.315295,0.053926
0.052998,0.315197,0.055279
0.051650,0.317229,0.058549
0.056296,0.316162,0.057681
0.054326,0.315827,0.056425
0.057838,0.314802,0.056667
0.058939,0.315488,0.056423
0.060011,0.313642,0.056161
0.062303,0.316087,0.057954
0.065270,0.313975,0.055822
0.063513,0.315227,0.057797
0.064420,0.315539,0.057498
0.067756,0.315952,0.056618
0.069556,0.316229,0.058141
0.071791,0.315097,0.056027
0.072389,0.316129,0.055931
0.072483,0.314177,0.054764
0.075631,0.315974,0.056909
0.076732,0.314688,0.056393
0.077908,0.315771,0.056396
0.075740,0.315915,0.054943
0.079901,0.316308,0.054301
0.081731,0.314471,0.053489
0.082807,0.315304,0.055466
0.082817,0.316428,0.052546
0.086395,0.316162,0.052781
0.086287,0.314532,0.053089
0.086486,0.316511,0.052641
0.089807,0.314855,0.051659
0.085703,0.315766,0.051239
0.091718,0.315135,0.049663
0.091850,0.317099,0.053262
0.096492,0.318050,0.049427
0.094981,0.314861,0.050211
0.098225,0.316535,0.047709
0.098965,0.315924,0.047283
0.101771,0.315982,0.046147
0.102517,0.315919,0.045814
0.102622,0.315719,0.043880
0.103124,0.316600,0.042707
0.105973,0.317316,0.044049
0.107847,0.316906,0.041866
0.107212,0.315853,0.042971
0.109697,0.318015,0.040623
0.111862,0.316426,0.039672
0.113104,0.315175,0.040403
0.113894,0.316062,0.036730
0.117641,0.316892,0.034902
0.118446,0.316514,0.035158
0.120038,0.314952,0.034070
0.120279,0.317456,0.031845
0.120923,0.318133,0.029142
0.121670,0.318175,0.029251
0.123815,0.318126,0.026824
0.126549,0.318682,0.024448
0.125290,0.317038,0.024150
0.128158,0.317070,0.020700
0.129100,0.317557,0.018925
0.129922,0.317196,0.015248
0.133373,0.317299,0.011315
-0.145803,0.322376,-0.021800
-0.143308,0.320560,-0.015153
-0.143576,0.323200,-0.011828
-0.140014,0.321497,-0.009282
-0.138660,0.322175,-0.004965
-0.136869,0.320195,-0.001604
-0.137783,0.318860,0.001627
-0.133663,0.321664,0.004958
-0.132392,0.320667,0.007438
-0.129569,0.319614,0.011505
-0.128851,0.318491,0.012803
-0.128301,0.320118,0.015866
-0.124788,0.318794,0.018241
-0.124767,0.317375,0.020104
-0.122443,0.318885,0.021220
-0.122139,0.317569,0.026396
-0.121722,0.318364,0.027736
-0.119557,0.319865,0.035261
-0.116439,0.318240,0.039478
-0.112816,0.316478,0.044486
-0.114085,0.317032,0.050378
-0.112796,0.317102,0.053302
-0.110798,0.317744,0.054461
-0.110659,0.319005,0.055293
-0.108136,0.315754,0.055789
-0.107074,0.318003,0.056851
-0.107494,0.317291,0.057991
-0.103273,0.315487,0.059169
-0.100389,0.318601,0.062270
-0.100678,0.316619,0.063789
-0.098707,0.316791,0.064585
-0.097954,0.316404,0.064336
-0.097115,0.314907,0.066435
-0.094669,0.315678,0.067327
-0.094884,0.317076,0.067025
-0.093316,0.316125,0.067962
-0.092387,0.316126,0.070560
-0.089308,0.315921,0.070016
-0.089142,0.315101,0.071574
-0.088358,0.317066,0.070208
-0.085335,0.317121,0.073101
-0.084261,0.315873,0.071901
-0.082787,0.314827,0.075502
-0.082054,0.314287,0.076543
-0.080527,0.315141,0.075843
-0.079527,0.314482,0.076301
-0.078145,0.317042,0.078351
-0.075469,0.315276,0.076931
-0.073414,0.314050,0.080938
-0.072790,0.316634,0.081268
-0.070050,0.316471,0.081573
-0.070339,0.315975,0.081070
-0.069192,0.316017,0.083066
-0.067129,0.314061,0.083680
-0.065537,0.314568,0.084481
-0.065158,0.315229,0.086189
-0.064505,0.315202,0.082252
-0.064347,0.315700,0.084422
-0.062724,0.315575,0.083696
-0.060951,0.316341,0.085622
-0.058058,0.314448,0.083827
-0.056137,0.314803,0.084909
-0.054239,0.315634,0.084860
-0.055389,0.315703,0.084457
-0.054266,0.314826,0.084181
-0.050860,0.317252,0.084625
-0.050634,0.314929,0.083363
-0.049373,0.314802,0.084342
-0.047006,0.316767,0.082555
-0.045398,0.315441,0.083375
-0.047476,0.314615,0.082655
-0.043597,0.316027,0.081596
-0.043399,0.315453,0.083903
-0.040297,0.316462,0.081617
-0.039028,0.314246,0.082011
-0.037116,0.315304,0.083640
-0.036606,0.314939,0.081654
-0.035436,0.314704,0.082698
-0.032891,0.315807,0.083611
-0.032445,0.317330,0.081979
-0.029296,0.315755,0.081481
-0.030125,0.316643,0.079427
-0.028637,0.316327,0.081418
-0.028719,0.316607,0.080521
-0.024586,0.315914,0.080262
-0.024648,0.316527,0.078893
-0.024302,0.314430,0.082024
-0.021720,0.315553,0.080527
-0.018881,0.316139,0.079673
-0.019147,0.316860,0.079445
-0.018356,0.314868,0.079809
-0.017048,0.315776,0.077327
-0.016151,0.316210,0.079991
-0.013888,0.315767,0.076270
-0.012038,0.316720,0.077294
-0.011146,0.316331,0.075682
-0.009739,0.317127,0.075254
-0.006788,0.318047,0.073362
-0.005216,0.314215,0.075938
-0.005154,0.316058,0.073655
-0.005812,0.315996,0.072729
-0.003666,0.314652,0.071133
-0.002276,0.317440,0.071559
-0.001384,0.316011,0.071070
0.001147,0.315967,0.071521
0.000937,0.317725,0.070183
0.002703,0.314205,0.066171
0.005588,0.315935,0.065325
0.005760,0.316350,0.065513
0.005863,0.316397,0.064137
0.008792,0.316470,0.063538
0.010481,0.316830,0.063845
0.011413,0.315152,0.063240
0.012962,0.316171,0.061013
0.016176,0.315364,0.060199
0.016048,0.318476,0.061050
0.018365,0.317050,0.058651
0.019050,0.316453,0.062031
0.021279,0.315864,0.060013
0.021073,0.316467,0.058917
0.024384,0.317488,0.058898
0.024235,0.318529,0.057989
0.022820,0.317217,0.058275
0.027974,0.316854,0.058638
0.028019,0.315687,0.057651
0.028831,0.317764,0.057027
0.031400,0.315141,0.056242
0.033005,0.316495,0.058246
0.033497,0.317605,0.055385
0.033242,0.317536,0.055667
0.038526,0.316958,0.054437
0.039516,0.317846,0.055393
0.037782,0.316904,0.057528
0.039923,0.316936,0.054958
0.041235,0.316871,0.055988
0.043433,0.317411,0.056146
0.044654,0.317432,0.056611
0.044679,0.317625,0.055719
0.047349,0.317812,0.056313
0.047417,0.317247,0.054713
0.049056,0.316003,0.055851
0.049653,0.315844,0.054294
0.052899,0.317732,0.057392
0.052972,0.316788,0.055110
0.054395,0.318000,0.054658
0.055218,0.315694,0.057741
0.058738,0.318611,0.054697
0.059865,0.318641,0.055647
0.060065,0.317430,0.057635
0.061642,0.317372,0.056358
0.065384,0.317427,0.056674
0.065035,0.318540,0.057263
0.067166,0.317441,0.057136
0.066408,0.317021,0.057762
0.069524,0.315531,0.057628
0.071342,0.316940,0.055484
0.071917,0.316448,0.056320
0.072174,0.317254,0.057064
0.073411,0.319054,0.057368
0.076844,0.316672,0.056935
0.075452,0.317745,0.055654
0.078945,0.317432,0.053665
0.082095,0.314855,0.056567
0.082037,0.316878,0.054303
0.082875,0.317555,0.055043
0.084419,0.318542,0.054763
0.085620,0.317699,0.054721
0.085526,0.317101,0.052325
0.087648,0.316831,0.052193
0.089942,0.317216,0.052655
0.090473,0.318764,0.049431
0.091086,0.316167,0.051301
0.092440,0.317012,0.051088
0.095224,0.317710,0.051124
0.095017,0.315830,0.049478
0.098515,0.316047,0.049448
0.098627,0.316803,0.047823
0.100129,0.317719,0.046466
0.101167,0.319335,0.045270
0.103784,0.315226,0.043782
0.104242,0.317019,0.043178
0.108304,0.316549,0.042658
0.107848,0.318370,0.042006
0.107134,0.318392,0.043275
0.109260,0.317843,0.040316
0.111475,0.317817,0.040550
0.113578,0.317959,0.038497
0.113656,0.317702,0.037966
0.115420,0.318670,0.034545
0.116964,0.319424,0.034449
0.118385,0.317841,0.035133
0.120400,0.318464,0.030679
0.119323,0.320159,0.030633
0.122876,0.318681,0.029289
0.124366,0.318818,0.026839
0.127716,0.318839,0.025123
0.128108,0.318490,0.024003
0.129098,0.316226,0.021474
0.130763,0.318465,0.018691
0.132262,0.318285,0.015117
0.133270,0.319965,0.012660
-0.145787,0.323210,-0.027619
-0.145017,0.323129,-0.016635
-0.143645,0.322328,-0.013941
-0.141801,0.323429,-0.010005
-0.139262,0.323850,-0.007974
-0.139102,0.322609,-0.002139
-0.135821,0.322295,-0.000574
-0.134641,0.322923,0.002261
-0.133982,0.324495,0.005881
-0.132537,0.320805,0.008266
-0.131332,0.321239,0.011490
-0.130230,0.320695,0.013044
-0.127814,0.321795,0.017487
-0.126324,0.321367,0.017981
-0.124649,0.320660,0.021963
-0.121245,0.318739,0.024057
-0.121360,0.320433,0.025531
-0.119877,0.320972,0.028701
-0.122244,0.320571,0.033902
-0.117504,0.318628,0.040949
-0.114674,0.319489,0.046789
-0.114626,0.319080,0.049691
-0.112988,0.318559,0.052550
-0.111783,0.318824,0.054356
-0.110380,0.319277,0.055382
-0.106935,0.318836,0.055262
-0.105746,0.319478,0.057133
-0.105093,0.318868,0.059235
-0.105107,0.318067,0.058981
-0.102709,0.318740,0.061459
-0.100852,0.317137,0.062535
-0.099431,0.317831,0.064696
-0.097255,0.318509,0.065223
-0.098049,0.317940,0.064136
-0.095355,0.318527,0.066467
-0.094718,0.319183,0.066606
-0.092444,0.317130,0.067902
-0.091061,0.318855,0.068969
-0.089767,0.318467,0.070031
-0.086237,0.316329,0.070898
-0.088450,0.317567,0.070728
-0.085300,0.318626,0.071626
-0.082584,0.317104,0.074583
-0.081129,0.317622,0.074272
-0.082629,0.316683,0.074004
-0.079382,0.317138,0.076748
-0.079261,0.317848,0.077380
-0.079880,0.316701,0.078494
-0.077579,0.316829,0.079829
-0.075010,0.315935,0.080721
-0.072825,0.317982,0.079776
-0.074104,0.317306,0.082121
-0.069683,0.315789,0.081724
-0.068397,0.316107,0.083132
-0.068921,0.316221,0.085370
-0.066115,0.316471,0.081982
-0.064569,0.318549,0.083049
-0.063798,0.316726,0.085518
-0.062638,0.318194,0.083416
-0.059263,0.316652,0.083540
-0.059016,0.318247,0.083903
-0.057800,0.318696,0.084361
-0.057354,0.317545,0.083168
-0.054859,0.316674,0.083698
-0.053971,0.317068,0.082037
-0.054585,0.317886,0.083257
-0.051102,0.317095,0.082895
-0.049305,0.317677,0.082645
-0.048711,0.316526,0.083086
-0.047512,0.317931,0.081672
-0.046290,0.317879,0.083995
-0.044464,0.317747,0.082508
-0.044540,0.317404,0.083095
-0.042308,0.316603,0.082815
-0.041000,0.317045,0.083867
-0.037496,0.317963,0.083846
-0.036462,0.316537,0.081774
-0.037361,0.316496,0.082640
-0.036476,0.316525,0.083096
-0.033220,0.317119,0.082498
-0.032849,0.316874,0.082255
-0.032796,0.315462,0.079205
-0.029079,0.316412,0.079985
-0.030000,0.318549,0.079690
-0.029387,0.316638,0.078930
-0.026323,0.317592,0.080464
-0.026439,0.317062,0.080757
-0.021140,0.316483,0.079794
-0.020989,0.316459,0.079395
-0.019659,0.316913,0.079810
-0.019737,0.318544,0.078371
-0.018454,0.317658,0.078295
-0.016019,0.318412,0.077975
-0.015592,0.318303,0.076546
-0.013382,0.316994,0.076271
-0.011630,0.317737,0.075978
-0.010493,0.317100,0.075516
-0.008547,0.318096,0.075522
-0.008556,0.316783,0.074894
-0.007776,0.318150,0.073918
-0.006387,0.320663,0.074113
-0.005068,0.318172,0.072090
-0.003063,0.316613,0.072170
-0.001190,0.319943,0.071942
-0.000942,0.318060,0.069997
0.002371,0.318056,0.070329
0.003075,0.317531,0.068787
0.004979,0.319029,0.066049
0.004724,0.319041,0.065083
0.005763,0.317964,0.065383
0.008709,0.319133,0.065590
0.010967,0.317715,0.063019
0.011200,0.317568,0.061125
0.012745,0.317402,0.062670
0.014263,0.317496,0.062690
0.013596,0.318535,0.060075
0.017516,0.318336,0.061320
0.017292,0.317770,0.059931
0.016706,0.318188,0.061010
0.020457,0.318559,0.059695
0.021707,0.318255,0.057970
0.023625,0.319245,0.059590
0.023879,0.317126,0.058744
0.026110,0.318521,0.059868
0.025612,0.319466,0.056904
0.026668,0.318250,0.057381
0.028225,0.319827,0.057666
0.030343,0.318108,0.057324
0.031668,0.318317,0.056899
0.033477,0.318855,0.055626
0.035792,0.318445,0.055496
0.036427,0.318079,0.055662
0.036971,0.317445,0.055695
0.039669,0.318316,0.055182
0.041580,0.318986,0.056091
0.042151,0.318614,0.056073
0.042430,0.320107,0.055440
0.043604,0.318104,0.055806
0.046781,0.318322,0.056127
0.049067,0.318434,0.057024
0.048894,0.319725,0.055923
0.049701,0.319760,0.057325
0.050577,0.317980,0.055324
0.053355,0.318825,0.057730
0.053290,0.316914,0.057257
0.054995,0.317853,0.055955
0.057776,0.319673,0.057058
0.058780,0.317826,0.056846
0.058727,0.318082,0.057502
0.060402,0.317363,0.056373
0.064468,0.318651,0.058594
0.062138,0.317764,0.057059
0.065151,0.318753,0.056516
0.064466,0.319681,0.056527
0.068997,0.319115,0.056450
0.069630,0.318065,0.059374
0.070646,0.318075,0.056173
0.071357,0.319646,0.056859
0.072664,0.318590,0.056057
0.073403,0.317668,0.055937
0.075113,0.319416,0.054002
0.077403,0.318021,0.056769
0.078506,0.319340,0.054721
0.080030,0.319252,0.057326
0.080998,0.316691,0.056977
0.082380,0.318150,0.056659
0.082615,0.317345,0.054061
0.085745,0.320389,0.053084
0.086114,0.317650,0.055395
0.088731,0.319200,0.051745
0.089631,0.318516,0.052569
0.090530,0.320552,0.050586
0.092028,0.317213,0.051767
0.093403,0.319301,0.049962
0.095096,0.318514,0.050652
0.096025,0.318929,0.047293
0.096829,0.320726,0.048297
0.098260,0.319115,0.047940
0.101115,0.319659,0.046637
0.102555,0.319409,0.045200
0.104156,0.318538,0.045177
0.105134,0.320674,0.044104
0.106171,0.319732,0.041506
0.107966,0.319591,0.041676
0.108987,0.317496,0.040597
0.109413,0.322406,0.041477
0.111930,0.322969,0.038830
0.113985,0.320240,0.038308
0.114790,0.318879,0.036846
0.117391,0.318856,0.037787
0.118049,0.319714,0.034929
0.118925,0.319287,0.032320
0.120120,0.320550,0.029788
0.119502,0.320092,0.030831
0.122600,0.320271,0.028522
0.123579,0.321292,0.027462
0.124813,0.318018,0.025175
0.126984,0.320768,0.022554
0.128725,0.320599,0.022045
0.132295,0.321984,0.019896
0.132119,0.322928,0.016228
0.134648,0.321903,0.013621
-0.147467,0.325188,-0.028505
-0.149071,0.325437,-0.019058
-0.143291,0.324294,-0.013970
-0.144594,0.323600,-0.013603
-0.142795,0.324470,-0.009085
-0.138985,0.324153,-0.003416
-0.137593,0.323566,-0.000406
-0.137822,0.322790,0.003134
-0.136865,0.325459,0.003559
-0.133058,0.322923,0.008727
-0.133128,0.323688,0.009609
-0.130057,0.321763,0.013814
-0.129195,0.323060,0.014310
-0.128240,0.324696,0.018096
-0.126042,0.323348,0.018746
-0.125963,0.323828,0.021865
-0.123640,0.322910,0.025357
-0.122271,0.321180,0.026825
-0.118845,0.320613,0.029303
-0.117766,0.322355,0.034509
-0.115889,0.321206,0.039589
-0.116855,0.321062,0.045615
-0.113552,0.320473,0.047916
-0.113562,0.318808,0.052061
-0.112062,0.322574,0.055039
-0.110495,0.320330,0.054715
-0.106880,0.319133,0.055056
-0.105068,0.320606,0.058081
-0.105053,0.321493,0.058718
-0.101394,0.320913,0.060890
-0.104704,0.320977,0.061846
-0.101540,0.319595,0.063134
-0.099887,0.317493,0.063045
-0.097335,0.321018,0.064083
-0.096337,0.321163,0.064351
-0.095950,0.320147,0.065533
-0.094311,0.318795,0.066815
-0.092077,0.318729,0.065994
-0.091541,0.318826,0.068345
-0.090012,0.318542,0.068305
-0.088310,0.320220,0.071217
-0.086021,0.319527,0.070854
-0.087805,0.318177,0.072092
-0.084404,0.320368,0.072756
-0.082681,0.320671,0.071833
-0.082243,0.318600,0.074957
-0.080512,0.318749,0.074986
-0.076963,0.319244,0.074186
-0.075853,0.317784,0.077293
-0.078551,0.317011,0.079265
-0.074750,0.318239,0.080735
-0.072998,0.318565,0.079391
-0.072770,0.317972,0.079004
-0.070386,0.319718,0.080664
-0.070982,0.320011,0.080276
-0.068378,0.319166,0.079863
-0.066778,0.318338,0.083333
-0.065623,0.317107,0.083363
-0.063778,0.318795,0.082635
-0.060846,0.318318,0.081424
-0.060254,0.319079,0.083739
-0.059244,0.320226,0.083441
-0.058180,0.318497,0.080245
-0.057766,0.317504,0.084531
-0.056064,0.317022,0.082877
-0.053608,0.318175,0.082795
-0.053187,0.319669,0.082473
-0.050719,0.319317,0.082999
-0.049405,0.319032,0.082575
-0.049386,0.317029,0.082038
-0.048045,0.317160,0.081767
-0.047338,0.318784,0.082289
-0.044679,0.317798,0.084113
-0.041517,0.317961,0.083062
-0.042416,0.319151,0.081147
-0.040396,0.318893,0.080892
-0.040834,0.318515,0.080900
-0.038272,0.317385,0.080740
-0.037085,0.318717,0.080989
-0.035103,0.318014,0.081646
-0.034012,0.316576,0.079594
-0.031880,0.318431,0.081199
-0.032366,0.319252,0.079995
-0.027858,0.318241,0.080299
-0.027604,0.319743,0.081633
-0.026898,0.316871,0.079322
-0.025312,0.318948,0.080274
-0.024154,0.318604,0.078788
-0.024390,0.318330,0.078371
-0.021461,0.319024,0.079367
-0.021329,0.316770,0.077022
-0.018510,0.317928,0.077056
-0.017831,0.319413,0.076574
-0.017450,0.318248,0.075789
-0.014597,0.320380,0.077115
-0.016654,0.318831,0.076110
-0.012227,0.320216,0.076319
-0.009305,0.318895,0.077515
-0.011204,0.318786,0.076320
-0.009246,0.319637,0.073714
-0.007802,0.320132,0.072339
-0.006521,0.317941,0.070956
-0.003998,0.319946,0.071324
-0.000429,0.318886,0.071064
-0.002107,0.319358,0.070382
0.001241,0.320082,0.068466
0.001469,0.320924,0.070529
0.002212,0.319932,0.067708
0.004096,0.320531,0.066198
0.003629,0.319437,0.068128
0.005133,0.319880,0.065836
0.009351,0.319882,0.062761
0.009385,0.319426,0.063527
0.011433,0.318955,0.063073
0.010335,0.319732,0.060977
0.012364,0.320120,0.059163
0.015958,0.320079,0.059342
0.014210,0.321056,0.059685
0.017679,0.319287,0.062020
0.017126,0.320389,0.060107
0.020627,0.320506,0.058333
0.021095,0.321923,0.059749
0.023814,0.321909,0.057658
0.024753,0.319294,0.059176
0.024599,0.319002,0.057817
0.027981,0.319742,0.056424
0.028217,0.319071,0.059120
0.030159,0.319686,0.056780
0.032003,0.320675,0.056745
0.031939,0.320267,0.055444
0.033351,0.320451,0.056310
0.033914,0.319252,0.054910
0.037157,0.320878,0.056938
0.037805,0.321475,0.057069
0.039299,0.319527,0.055211
0.041241,0.321232,0.056041
0.042385,0.319684,0.054145
0.043622,0.320008,0.057076
0.044877,0.318945,0.056217
0.046336,0.319963,0.057446
0.047844,0.319275,0.055486
0.048070,0.318870,0.055889
0.049690,0.319972,0.056629
0.051148,0.320687,0.056520
0.051791,0.318503,0.056998
0.053189,0.321186,0.056198
0.054700,0.320324,0.057214
0.057298,0.320125,0.056363
0.057854,0.322554,0.056984
0.059045,0.318603,0.056776
0.058870,0.321487,0.056456
0.059951,0.318957,0.058622
0.063457,0.320423,0.056699
0.065160,0.318741,0.056560
0.065690,0.321137,0.056346
0.068627,0.320410,0.057662
0.069837,0.319585,0.055100
0.070751,0.319092,0.057717
0.071629,0.318554,0.056366
0.072921,0.320647,0.057571
0.074402,0.318741,0.055539
0.075202,0.320482,0.056538
0.076979,0.321303,0.056126
0.077436,0.319316,0.056608
0.079551,0.319343,0.055130
0.082701,0.320448,0.054119
0.083632,0.320258,0.055168
0.084037,0.320470,0.053898
0.084898,0.320467,0.052800
0.086042,0.319969,0.054434
0.086945,0.322439,0.051637
0.090849,0.320695,0.052339
0.090591,0.320734,0.050593
0.092759,0.321795,0.048641
0.094986,0.320872,0.049487
0.094987,0.320102,0.047938
0.094836,0.319808,0.051709
0.096779,0.322290,0.049702
0.099215,0.321982,0.049022
0.099102,0.321743,0.047058
0.101893,0.323508,0.045560
0.102622,0.322163,0.046675
0.104029,0.321160,0.046140
0.106922,0.319570,0.042631
0.107944,0.321003,0.042787
0.107423,0.321046,0.041823
0.111977,0.322441,0.041971
0.110314,0.321853,0.038919
0.113538,0.321478,0.036607
0.113531,0.320745,0.037791
0.115454,0.322255,0.036238
0.118424,0.321429,0.034776
0.120153,0.322930,0.034115
0.120872,0.321805,0.031113
0.119383,0.322506,0.030615
0.123122,0.322817,0.029333
0.122931,0.321287,0.027450
0.124215,0.323816,0.023696
0.125852,0.322679,0.023718
0.129456,0.323258,0.021909
0.129400,0.323351,0.018658
0.131628,0.323598,0.017115
0.132959,0.323413,0.012889
0.133472,0.323831,0.003472
-0.147215,0.327754,-0.022639
-0.146641,0.324599,-0.015668
-0.144449,0.325263,-0.011514
-0.142070,0.325524,-0.009274
-0.139336,0.324410,-0.006641
-0.139778,0.325008,-0.002440
-0.138905,0.324652,-0.000829
-0.136296,0.323903,0.001094
-0.135800,0.325356,0.006334
-0.134018,0.325332,0.008453
-0.130301,0.323706,0.012895
-0.132103,0.323738,0.012477
-0.129028,0.326851,0.015373
-0.127781,0.324050,0.016437
-0.126197,0.323073,0.020003
-0.124921,0.324619,0.022689
-0.119961,0.322546,0.026379
-0.119572,0.323992,0.028587
-0.118965,0.322496,0.031073
-0.117473,0.321652,0.034977
-0.116812,0.322809,0.040900
-0.114899,0.321838,0.045264
-0.113520,0.322199,0.048504
-0.112143,0.322072,0.051433
-0.112221,0.321577,0.051762
-0.111516,0.320704,0.053438
-0.107842,0.321856,0.054954
-0.107754,0.323192,0.056842
-0.103270,0.320907,0.057407
-0.104524,0.321981,0.057935
-0.102883,0.322991,0.059535
-0.101248,0.322547,0.061043
-0.100234,0.322597,0.063566
-0.099162,0.320880,0.063149
-0.095916,0.321344,0.062850
-0.095391,0.320531,0.065458
-0.092492,0.320926,0.066100
-0.091852,0.320293,0.065568
-0.090441,0.321415,0.066723
-0.088220,0.322254,0.068650
-0.089198,0.317893,0.070679
-0.086585,0.320966,0.070817
-0.084472,0.320237,0.070192
-0.086052,0.319229,0.071947
-0.084051,0.320634,0.071760
-0.080475,0.321905,0.071547
-0.080598,0.319033,0.074348
-0.079647,0.320793,0.074025
-0.077489,0.320514,0.077037
-0.075355,0.320248,0.076530
-0.074644,0.320846,0.078113
-0.073979,0.320309,0.080147
-0.071361,0.319449,0.078778
-0.071874,0.319813,0.080713
-0.071010,0.319461,0.081151
-0.067728,0.318456,0.080012
-0.066758,0.319590,0.081369
-0.065214,0.320765,0.081667
-0.064433,0.320073,0.082504
-0.061040,0.320618,0.082448
-0.062111,0.320347,0.081475
-0.059829,0.320214,0.081168
-0.058980,0.319745,0.082344
-0.057758,0.319976,0.083440
-0.054761,0.320605,0.080678
-0.053556,0.320467,0.080865
-0.052930,0.320442,0.080710
-0.052748,0.319463,0.082480
-0.050528,0.320513,0.082198
-0.047048,0.319339,0.082542
-0.047064,0.320382,0.081421
-0.047162,0.319270,0.081190
-0.043116,0.319624,0.079297
-0.043495,0.318880,0.081329
-0.042601,0.320369,0.081007
-0.042618,0.319782,0.080244
-0.042116,0.322292,0.080004
-0.036023,0.319088,0.080339
-0.037746,0.320769,0.079145
-0.034498,0.320622,0.080794
-0.032955,0.321225,0.079725
-0.033849,0.321752,0.079900
-0.031489,0.321386,0.082347
-0.029830,0.319776,0.079730
-0.030292,0.322397,0.080551
-0.026770,0.320863,0.079660
-0.026006,0.319419,0.079258
-0.025134,0.320368,0.081218
-0.022448,0.319764,0.079241
-0.022901,0.318988,0.079967
-0.020457,0.319926,0.076565
-0.019937,0.319348,0.078233
-0.016893,0.320376,0.076092
-0.016905,0.320220,0.076900
-0.015994,0.321738,0.077214
-0.013463,0.320041,0.074590
-0.012170,0.321133,0.076479
-0.011064,0.322096,0.075334
-0.009644,0.321009,0.075421
-0.008174,0.319163,0.074580
-0.005241,0.322342,0.073650
-0.002897,0.319463,0.072800
-0.004780,0.319082,0.072130
-0.004572,0.320207,0.070416
-0.001197,0.320204,0.069899
-0.001349,0.320596,0.068995
0.001233,0.320344,0.068945
0.002262,0.319779,0.068109
0.003700,0.321587,0.066212
0.005289,0.320278,0.065347
0.007261,0.321010,0.064685
0.006684,0.321074,0.064537
0.007125,0.320197,0.062935
0.010445,0.323586,0.061131
0.011619,0.319946,0.061431
0.014523,0.322520,0.060786
0.015063,0.320821,0.060869
0.016310,0.320072,0.059640
0.018147,0.321507,0.060773
0.018767,0.322397,0.059855
0.018435,0.322072,0.059785
0.021392,0.321028,0.060761
0.022899,0.321149,0.057149
0.023777,0.322458,0.059057
0.024235,0.321094,0.057968
0.026972,0.321544,0.057795
0.028716,0.321639,0.056766
0.030053,0.320526,0.058325
0.029088,0.320620,0.055232
0.031620,0.322994,0.056064
0.032494,0.322357,0.055092
0.034535,0.323017,0.054740
0.036437,0.321931,0.055095
0.036035,0.321582,0.054338
0.037260,0.322708,0.055732
0.040560,0.321306,0.056289
0.041748,0.323068,0.055805
0.041817,0.322846,0.055132
0.043719,0.322495,0.056462
0.045152,0.319831,0.057576
0.047816,0.322997,0.056219
0.048094,0.322721,0.056632
0.048655,0.320165,0.056125
0.051594,0.320767,0.058463
0.051516,0.320988,0.056852
0.053239,0.323184,0.056814
0.054995,0.321153,0.057529
0.055001,0.322329,0.057680
0.057914,0.321751,0.058786
0.059213,0.322095,0.057632
0.060964,0.323651,0.058385
0.061421,0.322336,0.056722
0.065470,0.322409,0.058080
0.065004,0.321056,0.059181
0.064070,0.321435,0.056233
0.067278,0.322976,0.056531
0.069689,0.322857,0.055427
0.070107,0.322110,0.055000
0.072401,0.321543,0.056006
0.073627,0.321960,0.054641
0.073931,0.322473,0.055739
0.074143,0.322098,0.055602
0.076458,0.321556,0.056148
0.077353,0.323668,0.055898
0.079074,0.324458,0.056101
0.081009,0.322214,0.055725
0.083923,0.321713,0.052578
0.085386,0.321921,0.055225
0.085834,0.323290,0.053022
0.086896,0.321437,0.053619
0.089700,0.321563,0.051495
0.088893,0.321997,0.050974
0.090619,0.322030,0.050221
0.092874,0.321750,0.048579
0.094456,0.321208,0.049697
0.095257,0.321870,0.049491
0.094563,0.322569,0.049481
0.097956,0.322105,0.047765
0.098840,0.322391,0.048031
0.100294,0.322972,0.048478
0.102070,0.322468,0.045797
0.102645,0.321276,0.045208
0.103665,0.323886,0.045337
0.107012,0.321351,0.040602
0.109440,0.322112,0.042424
0.106637,0.322940,0.041254
0.111592,0.323781,0.040635
0.112916,0.323978,0.038408
0.112532,0.323262,0.040803
0.114783,0.322682,0.036607
0.114705,0.322162,0.035522
0.115268,0.324322,0.036501
0.118543,0.321675,0.033626
0.119173,0.323150,0.032153
0.122652,0.323977,0.031112
0.123724,0.323390,0.028408
0.123612,0.322633,0.025624
0.124367,0.323534,0.024396
0.126530,0.323908,0.023282
0.127605,0.323926,0.019664
0.129313,0.323199,0.019442
0.133540,0.324917,0.017705
0.131802,0.323943,0.012855
0.134562,0.326548,0.008467
-0.149357,0.328837,-0.026808
-0.146906,0.329353,-0.016745
-0.147508,0.326983,-0.013926
-0.145746,0.328207,-0.012061
-0.142346,0.329397,-0.007081
-0.142621,0.326913,-0.003824
-0.139741,0.326952,-0.000741
-0.139148,0.325806,0.002226
-0.137427,0.326352,0.003076
-0.136304,0.325062,0.007330
-0.134941,0.325824,0.009964
-0.133007,0.325354,0.011974
-0.131592,0.326007,0.013593
-0.127522,0.326136,0.016692
-0.129432,0.325391,0.017755
-0.128152,0.324926,0.021520
-0.124485,0.327701,0.022953
-0.123232,0.325162,0.027543
-0.120719,0.325113,0.031828
-0.119306,0.323780,0.034475
-0.119896,0.324353,0.037536
-0.117005,0.324221,0.041291
-0.115995,0.323221,0.045951
-0.113075,0.324283,0.047609
-0.110584,0.324234,0.050781
-0.110906,0.324747,0.051996
-0.108541,0.321997,0.052861
-0.109292,0.323584,0.054651
-0.106372,0.322471,0.057400
-0.104304,0.322380,0.056647
-0.105181,0.320674,0.057757
-0.102682,0.322059,0.058139
-0.100270,0.322713,0.061756
-0.100738,0.321055,0.060922
-0.098889,0.322584,0.061144
-0.096790,0.322701,0.062590
-0.095883,0.320534,0.063645
-0.093269,0.324104,0.064908
-0.091975,0.323736,0.065425
-0.089880,0.324507,0.066138
-0.090306,0.324745,0.067875
-0.087242,0.322168,0.070353
-0.087132,0.323276,0.069595
-0.086574,0.321585,0.069389
-0.085053,0.321698,0.070820
-0.082758,0.322069,0.070386
-0.081022,0.322344,0.072837
-0.077670,0.322325,0.073224
-0.078789,0.322678,0.072603
-0.076640,0.322475,0.073794
-0.076185,0.320660,0.076284
-0.074105,0.322068,0.076714
-0.074606,0.322235,0.076884
-0.071006,0.323404,0.078158
-0.068453,0.323203,0.076864
-0.069693,0.323502,0.080384
-0.067395,0.322064,0.078032
-0.065561,0.321559,0.080989
-0.066469,0.321545,0.079688
-0.063336,0.322383,0.079866
-0.062182,0.321174,0.081362
-0.060275,0.321069,0.082483
-0.058002,0.321757,0.081304
-0.059194,0.322955,0.081826
-0.056162,0.322280,0.081121
-0.056055,0.319889,0.083112
-0.053395,0.322666,0.081732
-0.053215,0.323114,0.080590
-0.051822,0.321843,0.082029
-0.050161,0.321367,0.080681
-0.048303,0.320830,0.079499
-0.047486,0.322239,0.082333
-0.046237,0.323212,0.080458
-0.044811,0.320917,0.080571
-0.045102,0.322015,0.081287
-0.042423,0.323489,0.082953
-0.040126,0.321437,0.081441
-0.039291,0.320077,0.081380
-0.039278,0.321274,0.080188
-0.035890,0.322668,0.081499
-0.035521,0.321075,0.078821
-0.035025,0.322125,0.080307
-0.031755,0.323461,0.080572
-0.030174,0.321775,0.079668
-0.028694,0.322991,0.079043
-0.028337,0.323359,0.079006
-0.027126,0.323290,0.078469
-0.025958,0.321885,0.078925
-0.027082,0.321413,0.079281
-0.021694,0.322162,0.077567
-0.021848,0.323208,0.075750
-0.020922,0.321195,0.077752
-0.018769,0.321576,0.077114
-0.016957,0.322173,0.078773
-0.015497,0.320651,0.077914
-0.015481,0.322368,0.076298
-0.014150,0.321304,0.074610
-0.013141,0.322122,0.076123
-0.012613,0.322550,0.073207
-0.008522,0.322711,0.074433
-0.009471,0.321860,0.074071
-0.009223,0.324289,0.073939
-0.004643,0.321222,0.073019
-0.004274,0.322459,0.071577
-0.003917,0.324476,0.070977
-0.001401,0.323461,0.070264
-0.000349,0.322773,0.070067
0.000248,0.321698,0.067527
0.001213,0.321870,0.066856
0.002791,0.320069,0.066415
0.005690,0.321548,0.065960
0.005751,0.323275,0.064357
0.007307,0.322293,0.063830
0.009698,0.324007,0.063209
0.011049,0.322396,0.063729
0.012322,0.323666,0.061140
0.012843,0.321751,0.060894
0.014623,0.324005,0.059671
0.014673,0.323278,0.061572
0.017775,0.323540,0.059155
0.016495,0.322654,0.059059
0.022502,0.323424,0.058036
0.021768,0.322620,0.058479
0.022360,0.322565,0.057042
0.024863,0.323974,0.059320
0.025710,0.324621,0.059244
0.027265,0.322742,0.057245
0.029084,0.322056,0.057563
0.030441,0.323983,0.056559
0.031246,0.324572,0.056956
0.031227,0.323025,0.057990
0.032537,0.321440,0.054973
0.036823,0.322842,0.054275
0.037545,0.324176,0.055043
0.037957,0.324054,0.053592
0.040039,0.324597,0.055638
0.040151,0.323550,0.055134
0.042653,0.322974,0.055377
0.044090,0.322693,0.055005
0.044360,0.323165,0.056360
0.044662,0.323822,0.055323
0.046840,0.321537,0.055038
0.046907,0.323187,0.056618
0.049148,0.323753,0.055335
0.049579,0.323710,0.056991
0.051650,0.324384,0.055783
0.052789,0.324121,0.059209
0.056516,0.323900,0.057330
0.058712,0.322865,0.056903
0.057792,0.320598,0.055938
0.059850,0.323933,0.058218
0.060203,0.322903,0.058098
0.062306,0.323771,0.058497
0.063691,0.323578,0.058296
0.063720,0.323155,0.056298
0.064703,0.323181,0.056806
0.066532,0.323819,0.057277
0.068228,0.323249,0.057071
0.069774,0.322336,0.056143
0.069947,0.321149,0.058146
0.074207,0.322382,0.056872
0.075303,0.324172,0.055358
0.075546,0.323444,0.055734
0.077188,0.322724,0.055352
0.078886,0.324463,0.055582
0.080828,0.323436,0.054304
0.081357,0.323672,0.055763
0.082957,0.322414,0.056916
0.084429,0.323474,0.054266
0.085964,0.322130,0.053964
0.085585,0.323495,0.052607
0.086519,0.324106,0.051409
0.088493,0.323030,0.051571
0.092197,0.323936,0.050413
0.091803,0.324600,0.048092
0.092051,0.324432,0.050157
0.094825,0.324805,0.049588
0.095945,0.323397,0.049712
0.096038,0.322742,0.049324
0.100347,0.322698,0.047161
0.101131,0.324834,0.046344
0.102685,0.323455,0.046841
0.103874,0.324534,0.043669
0.104870,0.324458,0.045463
0.104695,0.321915,0.042745
0.106699,0.323916,0.041373
0.110041,0.324424,0.042931
0.110143,0.325321,0.040223
0.111173,0.324251,0.039711
0.112603,0.325220,0.039361
0.115296,0.324394,0.036134
0.115284,0.323977,0.035719
0.116810,0.325730,0.034184
0.118360,0.324374,0.033425
0.119878,0.324007,0.031066
0.121891,0.324911,0.030896
0.122427,0.326463,0.029879
0.124395,0.324578,0.027720
0.126367,0.325737,0.024147
0.126179,0.325629,0.024059
0.129292,0.325668,0.020984
0.129651,0.324895,0.018766
0.131062,0.326531,0.017318
0.133927,0.326282,0.011284
0.135419,0.324887,0.006772
-0.151886,0.331086,-0.029914
-0.147544,0.327033,-0.022414
-0.146479,0.332547,-0.015879
-0.146758,0.330147,-0.012018
-0.145870,0.330528,-0.010909
-0.143607,0.330539,-0.005920
-0.140909,0.328571,-0.002491
-0.139842,0.328098,-0.000306
-0.139195,0.327689,0.002445
-0.135499,0.328192,0.004291
-0.135797,0.327686,0.007614
-0.133802,0.328071,0.012277
-0.131531,0.327562,0.012966
-0.130515,0.326986,0.014605
-0.130507,0.327532,0.016660
-0.127219,0.324989,0.020820
-0.124644,0.327497,0.024463
-0.124929,0.326674,0.026378
-0.123962,0.325006,0.029115
-0.122413,0.326891,0.032233
-0.120077,0.326352,0.034878
-0.118199,0.327462,0.036119
-0.115470,0.326859,0.041161
-0.115432,0.326408,0.042075
-0.114138,0.323747,0.047409
-0.113205,0.324675,0.049516
-0.113246,0.324268,0.052769
-0.111120,0.325871,0.052696
-0.107370,0.326118,0.054135
-0.106448,0.324360,0.054413
-0.105539,0.324623,0.055308
-0.105115,0.323587,0.056675
-0.100843,0.323705,0.059994
-0.101596,0.325057,0.060114
-0.099482,0.325523,0.059927
-0.097795,0.325373,0.061495
-0.095264,0.324595,0.063007
-0.094231,0.326371,0.064051
-0.094911,0.323282,0.064841
-0.094027,0.324118,0.063129
-0.091187,0.325356,0.063360
-0.089512,0.324250,0.066440
-0.089273,0.324966,0.067227
-0.086551,0.325852,0.067462
-0.085919,0.321751,0.067971
-0.083394,0.324150,0.067923
-0.082411,0.323856,0.070930
-0.081216,0.323390,0.071644
-0.079374,0.323870,0.072621
-0.076192,0.322324,0.073454
-0.077669,0.324622,0.075378
-0.075681,0.324640,0.074565
-0.076322,0.324147,0.076377
-0.072094,0.323987,0.075731
-0.072420,0.323472,0.076423
-0.069434,0.325202,0.077900
-0.067479,0.323626,0.078633
-0.067064,0.323245,0.080986
-0.065612,0.322683,0.078188
-0.065767,0.322846,0.079392
-0.063269,0.323059,0.079679
-0.063210,0.322220,0.080747
-0.060595,0.322741,0.080623
-0.058158,0.324608,0.081675
-0.056526,0.323258,0.080405
-0.056819,0.323425,0.081196
-0.055904,0.323304,0.082126
-0.055404,0.325534,0.079299
-0.054127,0.324280,0.080310
-0.051251,0.322422,0.079634
-0.048504,0.323174,0.080639
-0.049226,0.322541,0.080379
-0.048557,0.322788,0.079988
-0.045684,0.322244,0.079938
-0.045112,0.322398,0.079611
-0.042960,0.324029,0.080929
-0.043428,0.322494,0.082467
-0.041263,0.324243,0.078299
-0.039508,0.323252,0.081275
-0.038705,0.323796,0.080188
-0.035247,0.323493,0.080401
-0.035958,0.321017,0.079291
-0.033783,0.324218,0.078792
-0.033356,0.325575,0.078275
-0.032135,0.322705,0.079740
-0.030725,0.323287,0.078862
-0.028299,0.324022,0.080205
-0.026828,0.323723,0.079736
-0.026374,0.324156,0.077276
-0.024239,0.323531,0.077309
-0.023983,0.324164,0.075684
-0.022062,0.323312,0.077458
-0.020382,0.323104,0.077964
-0.018618,0.323377,0.076059
-0.015184,0.324887,0.077533
-0.017076,0.322175,0.075532
-0.013429,0.325112,0.076606
-0.014187,0.324681,0.075912
-0.013118,0.324365,0.075219
-0.011789,0.324228,0.074642
-0.009510,0.324371,0.073239
-0.007946,0.323572,0.071855
-0.007502,0.324352,0.070891
-0.004577,0.324613,0.074078
-0.003483,0.322148,0.070963
-0.003766,0.323368,0.070960
-0.004610,0.322926,0.069013
-0.001548,0.324349,0.069900
0.000918,0.324587,0.067669
0.003329,0.324622,0.066895
0.004859,0.322535,0.067397
0.004945,0.323916,0.064921
0.005370,0.324460,0.065495
0.007760,0.325101,0.062407
0.009872,0.324093,0.062540
0.010570,0.324922,0.060104
0.013542,0.325417,0.061335
0.014477,0.324346,0.059489
0.016109,0.324810,0.061236
0.015837,0.325291,0.061012
0.018036,0.324301,0.058524
0.019736,0.323422,0.059368
0.019617,0.323947,0.058445
0.020262,0.324331,0.057869
0.023154,0.324308,0.057377
0.024092,0.326555,0.056889
0.027793,0.326720,0.056506
0.026654,0.324855,0.056968
0.026823,0.324517,0.054161
0.029303,0.324143,0.057433
0.030910,0.324836,0.056480
0.033118,0.325128,0.055266
0.034124,0.325840,0.055898
0.035499,0.323999,0.055956
0.036404,0.325428,0.054787
0.036230,0.324217,0.055618
0.038007,0.324427,0.055412
0.039868,0.325600,0.056205
0.040958,0.324279,0.056097
0.042823,0.323170,0.054882
0.043802,0.324741,0.055487
0.046421,0.324568,0.055890
0.048313,0.323170,0.055600
0.048192,0.326000,0.056789
0.048365,0.325787,0.057431
0.050627,0.327622,0.058497
0.054590,0.323217,0.056656
0.053261,0.323501,0.056998
0.054610,0.325358,0.055703
0.056251,0.324010,0.059692
0.056329,0.324597,0.057321
0.059788,0.323669,0.055028
0.060699,0.324056,0.056661
0.062409,0.324346,0.056530
0.062963,0.324139,0.058441
0.067445,0.324994,0.057441
0.066973,0.325008,0.057558
0.065900,0.325511,0.058240
0.068451,0.326449,0.057075
0.070355,0.324057,0.057675
0.073121,0.323822,0.057559
0.072945,0.325828,0.056591
0.075517,0.323348,0.056240
0.074971,0.325768,0.056411
0.078098,0.323884,0.055580
0.079341,0.325720,0.056665
0.080892,0.323746,0.056133
0.080456,0.324047,0.055178
0.081663,0.324828,0.052472
0.085176,0.324389,0.053256
0.085105,0.325659,0.053384
0.086531,0.325230,0.053924
0.087486,0.324258,0.051344
0.088156,0.325092,0.050881
0.089919,0.325499,0.050110
0.091994,0.326341,0.049402
0.090575,0.326170,0.049320
0.094120,0.325765,0.048822
0.095474,0.326149,0.048331
0.098486,0.325348,0.048307
0.099907,0.325442,0.050176
0.101250,0.324882,0.045366
0.099693,0.325113,0.046358
0.104900,0.324683,0.046749
0.103790,0.324779,0.044101
0.105805,0.326169,0.042382
0.106673,0.326572,0.041983
0.106999,0.325471,0.041270
0.110844,0.325314,0.041100
0.111399,0.325950,0.037484
0.113014,0.327044,0.039238
0.112699,0.322494,0.037438
0.116983,0.327161,0.034227
0.117359,0.327391,0.034019
0.117481,0.329249,0.033331
0.120428,0.327935,0.031848
0.123605,0.326232,0.030941
0.124517,0.327363,0.027430
0.123609,0.327875,0.026430
0.126585,0.327531,0.024690
0.127803,0.326854,0.022944
0.129187,0.325463,0.022188
0.129910,0.327944,0.017786
0.129759,0.327014,0.015614
0.132010,0.327616,0.012014
0.134967,0.327461,0.007262
-0.150844,0.332186,-0.025463
-0.150987,0.331558,-0.019528
-0.149264,0.332204,-0.015589
-0.146511,0.330376,-0.011447
-0.144064,0.328898,-0.008522
-0.143438,0.331665,-0.003651
-0.142062,0.332186,-0.002564
-0.138888,0.330968,0.001202
-0.138610,0.330961,0.001857
-0.138103,0.330936,0.007269
-0.136685,0.328754,0.009505
-0.134174,0.330451,0.013219
-0.131671,0.329739,0.012634
-0.132496,0.327729,0.014616
-0.128576,0.328527,0.017896
-0.126794,0.329766,0.021929
-0.127422,0.329618,0.025096
-0.124636,0.329372,0.027504
-0.122719,0.328809,0.030273
-0.121385,0.328959,0.031377
-0.120770,0.328264,0.036135
-0.119399,0.328159,0.036931
-0.117585,0.327889,0.041751
-0.114340,0.326269,0.044016
-0.113229,0.326525,0.047727
-0.111821,0.329001,0.049906
-0.110439,0.327303,0.051632
-0.108423,0.326128,0.053849
-0.109277,0.325401,0.054041
-0.106142,0.325928,0.054562
-0.103459,0.326283,0.056507
-0.102475,0.325854,0.058633
-0.103166,0.327743,0.058167
-0.101144,0.324531,0.058538
-0.101590,0.325504,0.060463
-0.097837,0.326175,0.060738
-0.095672,0.326556,0.063239
-0.093591,0.324827,0.064390
-0.093989,0.324437,0.066491
-0.092286,0.326464,0.063927
-0.091412,0.324921,0.063646
-0.091038,0.324863,0.068251
-0.089248,0.324919,0.066558
-0.087762,0.324526,0.067374
-0.084462,0.326914,0.066484
-0.084703,0.326014,0.069358
-0.083612,0.324327,0.068593
-0.079815,0.323478,0.071564
-0.080203,0.325349,0.071001
-0.079164,0.324463,0.071763
-0.077263,0.325276,0.072629
-0.077815,0.324853,0.073849
-0.074657,0.326360,0.073300
-0.074143,0.324765,0.074900
-0.073270,0.324192,0.075567
-0.069634,0.325884,0.075307
-0.068474,0.324766,0.075420
-0.069009,0.326973,0.078028
-0.066892,0.323570,0.079173
-0.065197,0.322510,0.079066
-0.061361,0.325700,0.079157
-0.060395,0.324318,0.078028
-0.061374,0.324425,0.078375
-0.060439,0.324524,0.079232
-0.057969,0.326035,0.077857
-0.056575,0.324743,0.079858
-0.056040,0.324693,0.080652
-0.053530,0.325614,0.079573
-0.051437,0.324782,0.081309
-0.051383,0.325419,0.077989
-0.051306,0.324545,0.079942
-0.047611,0.326077,0.080879
-0.047993,0.324947,0.077499
-0.046962,0.323668,0.079460
-0.045023,0.324637,0.078375
-0.042429,0.325818,0.078863
-0.043542,0.325387,0.080503
-0.041621,0.327607,0.079553
-0.039509,0.326198,0.079276
-0.037488,0.325024,0.080391
-0.038381,0.324688,0.080077
-0.035840,0.324669,0.080639
-0.033772,0.326600,0.078780
-0.031191,0.325877,0.077988
-0.031072,0.325054,0.078896
-0.028971,0.323429,0.077363
-0.027623,0.325764,0.079077
-0.026922,0.323319,0.080335
-0.026427,0.324258,0.078173
-0.024447,0.324243,0.079094
-0.025761,0.325338,0.076371
-0.022084,0.324000,0.077439
-0.019866,0.323033,0.077407
-0.019485,0.324367,0.077398
-0.018576,0.328529,0.075541
-0.015795,0.325471,0.075005
-0.014712,0.325529,0.075404
-0.014188,0.324940,0.074739
-0.012901,0.323254,0.075172
-0.009909,0.324787,0.073610
-0.011034,0.327957,0.072706
-0.008926,0.327048,0.074677
-0.005459,0.326177,0.071794
-0.007691,0.324142,0.071809
-0.003764,0.327443,0.071105
-0.003317,0.326606,0.071320
-0.002564,0.326106,0.070297
0.000823,0.324714,0.069051
0.001060,0.324753,0.065864
0.001085,0.325661,0.064925
0.002618,0.324693,0.065305
0.004344,0.326401,0.064403
0.004564,0.326059,0.066344
0.006651,0.326424,0.063752
0.009799,0.326067,0.062978
0.011590,0.323885,0.062592
0.011829,0.326289,0.061186
0.011974,0.326388,0.060939
0.012495,0.327046,0.059819
0.016808,0.326078,0.060064
0.017337,0.327310,0.059766
0.018145,0.329075,0.059803
0.021779,0.325720,0.059713
0.020195,0.325971,0.056833
0.023417,0.325385,0.056455
0.025254,0.325720,0.057860
0.025122,0.328030,0.058479
0.027093,0.325526,0.055582
0.028032,0.325763,0.057360
0.030720,0.327122,0.056460
0.031549,0.325727,0.054613
0.031783,0.325639,0.056218
0.032339,0.326485,0.055265
0.035066,0.326232,0.056546
0.033968,0.326030,0.055750
0.037771,0.324842,0.056209
0.038295,0.326974,0.054471
0.040090,0.327537,0.055006
0.041004,0.325788,0.055150
0.043095,0.326114,0.057287
0.042785,0.324915,0.056938
0.046206,0.327809,0.053176
0.048193,0.325606,0.056979
0.047901,0.323560,0.057354
0.049504,0.327962,0.058149
0.051446,0.326255,0.058601
0.052150,0.326968,0.058624
0.054278,0.326130,0.056527
0.054232,0.326318,0.058489
0.055351,0.327132,0.058568
0.056535,0.326566,0.058819
0.058813,0.326609,0.059386
0.059337,0.327354,0.059030
0.061558,0.325122,0.059032
0.064243,0.327242,0.057336
0.063123,0.325667,0.057039
0.066938,0.326872,0.057010
0.067002,0.327170,0.057022
0.068266,0.326917,0.056712
0.069467,0.326369,0.057447
0.072767,0.328924,0.057108
0.074596,0.326463,0.055628
0.075365,0.326345,0.055602
0.073965,0.326866,0.056448
0.077036,0.326522,0.054886
0.076937,0.325313,0.056396
0.078252,0.326221,0.053674
0.080034,0.327206,0.054717
0.083621,0.325096,0.053795
0.083670,0.325996,0.050800
0.085994,0.327719,0.052543
0.086587,0.327722,0.052311
0.086045,0.326992,0.051888
0.090093,0.325375,0.051723
0.089728,0.326539,0.051188
0.092311,0.326621,0.052737
0.092837,0.327355,0.049707
0.095931,0.327344,0.048956
0.095675,0.326679,0.047962
0.097091,0.327876,0.048496
0.099437,0.325622,0.047869
0.101235,0.323863,0.047036
0.102013,0.329304,0.046625
0.104753,0.328304,0.046510
0.106241,0.329233,0.044964
0.105543,0.326076,0.041513
0.107937,0.326110,0.041872
0.109596,0.328452,0.042486
0.111192,0.328182,0.038134
0.111151,0.328492,0.039587
0.114188,0.326971,0.038624
0.113933,0.327211,0.035887
0.116863,0.326646,0.035370
0.117734,0.328799,0.034306
0.117912,0.329149,0.031795
0.120326,0.328603,0.031665
0.120524,0.328621,0.032489
0.122974,0.328319,0.029666
0.125666,0.327614,0.026838
0.127032,0.328900,0.022026
0.126400,0.327132,0.024347
0.128361,0.326867,0.022662
0.130817,0.328089,0.017864
0.131435,0.330111,0.015668
0.133475,0.327806,0.015006
0.134605,0.328899,0.006807
0.136368,0.327682,-0.000814
-0.152351,0.331498,-0.027200
-0.148450,0.334480,-0.022537
-0.149357,0.332951,-0.015775
-0.147565,0.334643,-0.013377
-0.145879,0.332513,-0.011082
-0.145366,0.332893,-0.007085
-0.143153,0.331148,-0.003251
-0.141674,0.331542,0.000274
-0.138521,0.331690,0.001508
-0.138029,0.332135,0.005418
-0.136702,0.333255,0.004236
-0.136988,0.331379,0.012249
-0.134309,0.333093,0.011022
-0.132082,0.330424,0.014642
-0.130596,0.331948,0.016541
-0.128162,0.330144,0.018915
-0.126467,0.329711,0.024103
-0.125123,0.328998,0.026421
-0.124619,0.329190,0.028687
-0.122190,0.327817,0.033782
-0.120014,0.329153,0.033136
-0.119066,0.328275,0.038177
-0.118784,0.330425,0.039723
-0.115359,0.327433,0.040940
-0.116878,0.329306,0.043661
-0.113945,0.329556,0.046529
-0.114315,0.326342,0.047604
-0.110438,0.327719,0.052122
-0.109777,0.327608,0.051840
-0.109059,0.328238,0.053942
-0.106945,0.328219,0.053198
-0.105994,0.329494,0.054764
-0.105147,0.327780,0.055450
-0.102669,0.326549,0.058886
-0.102361,0.326705,0.058942
-0.102295,0.328799,0.061694
-0.098911,0.329553,0.059786
-0.097846,0.327912,0.060058
-0.096016,0.325763,0.062583
-0.094659,0.327826,0.061929
-0.093530,0.326655,0.062244
-0.092107,0.327115,0.064627
-0.089853,0.327679,0.064281
-0.088420,0.327999,0.065445
-0.086896,0.329034,0.065967
-0.087287,0.326981,0.066823
-0.084346,0.327650,0.067782
-0.081476,0.326959,0.070235
-0.081947,0.326287,0.070097
-0.080218,0.327220,0.070019
-0.079740,0.325635,0.072839
-0.077298,0.326362,0.072354
-0.078424,0.326765,0.073057
-0.073629,0.326270,0.073196
-0.072247,0.328257,0.072649
-0.071404,0.326567,0.075788
-0.071365,0.326221,0.075807
-0.068910,0.326038,0.075171
-0.069166,0.328034,0.076521
-0.067261,0.329912,0.076231
-0.066599,0.327268,0.077448
-0.064633,0.325351,0.077998
-0.061834,0.328282,0.076410
-0.062529,0.326479,0.079052
-0.060326,0.326192,0.079126
-0.059763,0.326837,0.078522
-0.056186,0.327528,0.076927
-0.057057,0.325428,0.078947
-0.054826,0.326624,0.080412
-0.054532,0.327366,0.079508
-0.051179,0.326235,0.078682
-0.049361,0.326928,0.079378
-0.049620,0.325844,0.080363
-0.047540,0.326458,0.079835
-0.046911,0.326509,0.078351
-0.045387,0.326865,0.079073
-0.043072,0.327036,0.078425
-0.041920,0.327068,0.079625
-0.042845,0.325534,0.078261
-0.040395,0.326199,0.076859
-0.038563,0.327259,0.079853
-0.038216,0.327143,0.078441
-0.035012,0.326077,0.078637
-0.031288,0.326712,0.078271
-0.033692,0.325481,0.079506
-0.030789,0.326556,0.077443
-0.030553,0.328377,0.078877
-0.028779,0.326047,0.077105
-0.026829,0.327827,0.079059
-0.026359,0.326914,0.077138
-0.023738,0.327008,0.078701
-0.022104,0.326560,0.077981
-0.021131,0.327677,0.077304
-0.020885,0.326557,0.076802
-0.020117,0.327210,0.074643
-0.020225,0.328740,0.073744
-0.014095,0.327064,0.075082
-0.016057,0.326782,0.075518
-0.014280,0.325314,0.074611
-0.013588,0.327291,0.072913
-0.012351,0.326885,0.074319
-0.010787,0.326667,0.072427
-0.008797,0.326580,0.072337
-0.007119,0.327215,0.073714
-0.005803,0.324789,0.072310
-0.004175,0.327049,0.072100
-0.003030,0.326344,0.071493
-0.000654,0.328282,0.070137
-0.000534,0.327231,0.068454
0.002112,0.328158,0.067704
0.000943,0.327231,0.064779
0.003460,0.326818,0.066559
0.005181,0.328788,0.064196
0.006729,0.324396,0.062430
0.006786,0.326573,0.064005
0.009994,0.327721,0.062881
0.010563,0.327041,0.061013
0.011177,0.325760,0.062872
0.013738,0.328387,0.060559
0.015448,0.328173,0.061946
0.016100,0.327646,0.058336
0.016524,0.326913,0.060401
0.017494,0.327753,0.060624
0.021231,0.329049,0.058606
0.020412,0.328607,0.057972
0.021698,0.326568,0.058719
0.023256,0.329179,0.056018
0.026124,0.328285,0.056414
0.026485,0.327655,0.056042
0.028225,0.327827,0.055791
0.028460,0.326696,0.057799
0.030441,0.328572,0.055065
0.031620,0.326803,0.055391
0.033624,0.328176,0.055112
0.034479,0.327706,0.056133
0.037609,0.328176,0.054958
0.036746,0.327013,0.054441
0.038066,0.329029,0.055036
0.040840,0.328844,0.056881
0.043215,0.328947,0.056147
0.041283,0.328541,0.057498
0.045531,0.328532,0.055881
0.044171,0.326583,0.057038
0.045463,0.328356,0.057142
0.050757,0.330071,0.057534
0.049117,0.327007,0.055326
0.049340,0.327459,0.059706
0.052657,0.326756,0.057479
0.053803,0.328839,0.057238
0.054535,0.328876,0.059424
0.055998,0.328317,0.058180
0.058977,0.327903,0.056541
0.058386,0.326915,0.058740
0.063458,0.328202,0.058951
0.064471,0.328283,0.056544
0.063656,0.328062,0.058294
0.064867,0.327316,0.057760
0.065705,0.329591,0.055496
0.067558,0.328216,0.056161
0.067840,0.327823,0.054517
0.069599,0.328315,0.055358
0.071016,0.330503,0.054895
0.072615,0.329443,0.056898
0.075245,0.330257,0.055083
0.075735,0.326921,0.055179
0.077335,0.329015,0.055652
0.078599,0.329594,0.055448
0.079356,0.328260,0.054383
0.081648,0.328065,0.053672
0.083952,0.328573,0.054895
0.085123,0.328877,0.051957
0.085531,0.328747,0.053642
0.085759,0.327643,0.050795
0.087061,0.327707,0.052162
0.090009,0.328103,0.050489
0.090890,0.328222,0.050347
0.092746,0.330402,0.048445
0.093279,0.328240,0.049245
0.093334,0.328093,0.048061
0.097350,0.327890,0.047309
0.096679,0.328629,0.048256
0.098717,0.328133,0.046429
0.100741,0.331472,0.044601
0.102578,0.328754,0.044149
0.103862,0.328479,0.044493
0.104584,0.328481,0.043266
0.105597,0.326953,0.041218
0.106853,0.329926,0.041247
0.108943,0.327010,0.039420
0.110396,0.328250,0.040792
0.110716,0.328314,0.038698
0.112878,0.329376,0.037393
0.114972,0.328886,0.034847
0.114701,0.330062,0.033196
0.118652,0.328441,0.033256
0.118237,0.329780,0.033155
0.118593,0.329683,0.030370
0.122683,0.330061,0.027907
0.124019,0.330372,0.027206
0.123216,0.328759,0.027366
0.124671,0.331259,0.024626
0.127377,0.330305,0.021595
0.128857,0.331821,0.020181
0.129713,0.331831,0.017774
0.133468,0.330960,0.014203
0.134036,0.331567,0.011062
0.135213,0.329768,0.005674
0.135863,0.331322,0.004254
-0.152464,0.335453,-0.025608
-0.150687,0.335469,-0.018268
-0.148705,0.336224,-0.014946
-0.147850,0.332788,-0.010129
-0.146574,0.335400,-0.008352
-0.146260,0.335103,-0.004499
-0.141637,0.336710,-0.003563
-0.142900,0.334785,0.000028
-0.140411,0.331449,0.002869
-0.138213,0.332450,0.004033
-0.137581,0.333030,0.008951
-0.136638,0.331625,0.011493
-0.135364,0.330531,0.013095
-0.132016,0.332565,0.013424
-0.131893,0.333537,0.018019
-0.128207,0.332794,0.022002
-0.127662,0.332577,0.023609
-0.126183,0.330219,0.027702
-0.124980,0.331568,0.031293
-0.122684,0.330591,0.032832
-0.122812,0.331096,0.035598
-0.119656,0.332888,0.036842
-0.119596,0.331170,0.038117
-0.118079,0.330425,0.041698
-0.116544,0.329043,0.044102
-0.115069,0.332893,0.047974
-0.112283,0.328924,0.048166
-0.111623,0.328587,0.051620
-0.111287,0.329429,0.048263
-0.109630,0.329733,0.053182
-0.107499,0.331436,0.052314
-0.104674,0.330344,0.055080
-0.104873,0.329899,0.056366
-0.102873,0.331966,0.058476
-0.099873,0.330292,0.058988
-0.099772,0.329028,0.058678
-0.097521,0.329852,0.060300
-0.097268,0.328302,0.060036
-0.095963,0.328239,0.061299
-0.093612,0.327631,0.059995
-0.092751,0.329538,0.061668
-0.091282,0.329234,0.063374
-0.090154,0.329616,0.063123
-0.088567,0.331208,0.064500
-0.087098,0.330264,0.066178
-0.086703,0.328986,0.067318
-0.084035,0.327314,0.067917
-0.083438,0.327969,0.067998
-0.082533,0.329496,0.068241
-0.080007,0.330535,0.069884
-0.079676,0.327235,0.070147
-0.075899,0.328779,0.070650
-0.075871,0.328166,0.072177
-0.075290,0.328480,0.071021
-0.074238,0.328788,0.072475
-0.072216,0.329724,0.073692
-0.071437,0.329252,0.073703
-0.071174,0.327477,0.076948
-0.068208,0.328156,0.075074
-0.066352,0.328580,0.075761
-0.064242,0.329419,0.076601
-0.064703,0.329091,0.074608
-0.062827,0.329044,0.077002
-0.063257,0.328843,0.077629
-0.059966,0.326814,0.076727
-0.057828,0.326538,0.075104
-0.057353,0.328345,0.079300
-0.056370,0.330267,0.077647
-0.053063,0.326685,0.076948
-0.054212,0.329804,0.077120
-0.051848,0.328487,0.079510
-0.051703,0.328604,0.077475
-0.047537,0.329514,0.078474
-0.047413,0.328578,0.079014
-0.047172,0.326220,0.079601
-0.045515,0.327321,0.077490
-0.043497,0.327689,0.078574
-0.041418,0.329055,0.079258
-0.041362,0.328444,0.078731
-0.039085,0.330362,0.078420
-0.036671,0.330052,0.077678
-0.036078,0.327449,0.078247
-0.035915,0.328327,0.079952
-0.033209,0.328460,0.077399
-0.033618,0.327190,0.075821
-0.030199,0.327675,0.076833
-0.028866,0.328482,0.077740
-0.028647,0.328187,0.077210
-0.028436,0.328969,0.075745
-0.025496,0.328108,0.077488
-0.024076,0.329111,0.074278
-0.022272,0.328130,0.076911
-0.021301,0.328322,0.076456
-0.020591,0.329125,0.076871
-0.020494,0.328161,0.077183
-0.018843,0.329567,0.073889
-0.015739,0.328029,0.074202
-0.014345,0.329930,0.073127
-0.013582,0.328869,0.074467
-0.012425,0.327820,0.073899
-0.008957,0.327495,0.075016
-0.008646,0.328500,0.072897
-0.010443,0.327840,0.071692
-0.006089,0.328761,0.071734
-0.004193,0.328101,0.072089
-0.004794,0.328827,0.070567
-0.002271,0.329008,0.071935
-0.001467,0.330344,0.069057
-0.000734,0.329435,0.069134
0.000555,0.328198,0.066499
0.002710,0.328786,0.066008
0.003024,0.328700,0.064004
0.004414,0.329884,0.064606
0.005639,0.329223,0.063465
0.005571,0.329859,0.064205
0.008026,0.329101,0.062012
0.009709,0.329513,0.060946
0.011467,0.328288,0.060523
0.012679,0.329816,0.060557
0.014055,0.329295,0.060625
0.015486,0.329783,0.060802
0.015851,0.328180,0.059824
0.016862,0.327676,0.057870
0.021114,0.328848,0.058636
0.020257,0.330399,0.059037
0.022244,0.328424,0.055664
0.023972,0.330706,0.054701
0.024085,0.330940,0.057581
0.027275,0.329528,0.057828
0.027754,0.330963,0.056895
0.027828,0.329926,0.056612
0.030096,0.330164,0.055275
0.032505,0.328154,0.055663
0.033705,0.329751,0.057673
0.035080,0.329837,0.054505
0.036219,0.330016,0.056182
0.038389,0.328629,0.055820
0.039722,0.329571,0.056560
0.040599,0.328473,0.056161
0.041367,0.329925,0.054284
0.043301,0.330969,0.055849
0.045070,0.330703,0.058304
0.045205,0.329847,0.057335
0.045616,0.329546,0.055979
0.047981,0.328357,0.057347
0.049147,0.331027,0.055925
0.051754,0.329857,0.057229
0.052383,0.329637,0.057714
0.053516,0.328447,0.056638
0.056200,0.329205,0.056889
0.055828,0.331355,0.058515
0.059369,0.329297,0.057872
0.059783,0.329744,0.056331
0.060901,0.329829,0.056224
0.062875,0.329658,0.056287
0.062139,0.330908,0.058189
0.065756,0.328326,0.057154
0.067157,0.328695,0.056291
0.068571,0.328465,0.058569
0.069027,0.328329,0.056815
0.068809,0.328503,0.055250
0.070706,0.328317,0.055022
0.072888,0.330511,0.056988
0.073994,0.331302,0.054036
0.074991,0.329352,0.055590
0.077069,0.328809,0.054819
0.079428,0.329887,0.055110
0.079315,0.330589,0.053619
0.081655,0.329843,0.052294
0.081357,0.328994,0.054292
0.083953,0.329890,0.053832
0.083897,0.329343,0.052602
0.087806,0.327782,0.049569
0.088528,0.329134,0.048418
0.087794,0.330357,0.050226
0.090507,0.329891,0.050917
0.093406,0.330633,0.049613
0.093039,0.329799,0.047555
0.092794,0.329305,0.047464
0.095074,0.331634,0.047512
0.098388,0.327085,0.047014
0.099289,0.329281,0.046520
0.101360,0.329028,0.047084
0.101941,0.328300,0.044527
0.103382,0.328188,0.045212
0.104239,0.329798,0.042497
0.105934,0.329943,0.040385
0.106597,0.328494,0.040875
0.106911,0.330950,0.039811
0.110759,0.328218,0.038643
0.111962,0.329806,0.038141
0.114616,0.330718,0.037726
0.114303,0.332265,0.035250
0.116951,0.328637,0.034375
0.116021,0.330435,0.032511
0.119219,0.331651,0.031237
0.119232,0.331364,0.032384
0.121930,0.333849,0.029036
0.125863,0.332026,0.028347
0.122909,0.330850,0.025206
0.126642,0.331432,0.023642
0.128066,0.332356,0.021352
0.130253,0.333285,0.021562
0.129840,0.333701,0.017006
0.131469,0.332147,0.014582
0.132686,0.333370,0.011561
0.134545,0.333703,0.007692
0.135777,0.332697,0.002790
-0.157389,0.339487,-0.027543
-0.151559,0.337113,-0.022261
-0.151033,0.336445,-0.015223
-0.148916,0.334083,-0.013299
-0.146421,0.333945,-0.009332
-0.147652,0.333890,-0.004619
-0.144378,0.333829,-0.003328
-0.144079,0.334320,-0.002422
-0.140381,0.335877,0.001251
-0.140806,0.333017,0.004636
-0.138043,0.335981,0.006513
-0.135648,0.334096,0.007140
-0.134040,0.334302,0.011883
-0.133282,0.333790,0.014010
-0.131764,0.332528,0.017939
-0.129522,0.333870,0.018762
-0.128904,0.336448,0.023273
-0.126435,0.332249,0.027563
-0.127183,0.333424,0.028619
-0.126224,0.331735,0.032960
-0.124013,0.332514,0.036126
-0.122261,0.330762,0.036282
-0.119386,0.330191,0.038536
-0.118173,0.332560,0.041276
-0.118769,0.332079,0.042666
-0.114817,0.332137,0.045212
-0.113420,0.331118,0.044707
-0.113367,0.331088,0.048521
-0.112156,0.330883,0.052805
-0.110468,0.330757,0.050542
-0.107215,0.331376,0.053820
-0.106608,0.331549,0.054150
-0.104840,0.331993,0.053076
-0.103628,0.330264,0.053628
-0.103977,0.332204,0.053338
-0.100582,0.330539,0.057407
-0.100182,0.331083,0.057712
-0.096099,0.331338,0.058687
-0.096109,0.332062,0.061488
-0.096605,0.330052,0.059966
-0.094371,0.330833,0.060155
-0.092300,0.331479,0.061961
-0.090502,0.328473,0.064780
-0.090376,0.330589,0.063980
-0.089741,0.330267,0.065006
-0.085858,0.328139,0.064611
-0.085214,0.330763,0.064633
-0.084892,0.329546,0.065389
-0.084281,0.330412,0.067800
-0.081063,0.329048,0.067693
-0.081527,0.334049,0.068554
-0.080441,0.331087,0.067178
-0.078823,0.330378,0.070226
-0.076141,0.332958,0.071870
-0.076398,0.330143,0.071134
-0.074270,0.331055,0.071638
-0.072502,0.329201,0.072064
-0.070009,0.329009,0.072442
-0.070018,0.329826,0.074416
-0.069509,0.329171,0.073332
-0.066547,0.329134,0.074876
-0.064009,0.330094,0.075926
-0.062826,0.327532,0.075321
-0.063524,0.328337,0.073842
-0.060364,0.330000,0.075678
-0.058110,0.329312,0.076474
-0.057361,0.330610,0.076530
-0.055978,0.330007,0.075818
-0.054833,0.328865,0.076993
-0.055353,0.331115,0.076618
-0.054159,0.330077,0.076499
-0.050589,0.331187,0.076288
-0.049973,0.327777,0.077009
-0.049596,0.330532,0.078059
-0.048900,0.330073,0.078935
-0.045162,0.329830,0.077606
-0.042942,0.330449,0.078294
-0.043545,0.328159,0.077430
-0.041732,0.330451,0.077585
-0.042058,0.329755,0.077732
-0.040343,0.329911,0.077820
-0.038170,0.330614,0.078315
-0.038112,0.329112,0.079178
-0.033017,0.329043,0.077503
-0.031866,0.327638,0.076870
-0.031717,0.329369,0.078275
-0.032694,0.330453,0.077308
-0.031030,0.329459,0.077512
-0.029070,0.330492,0.077489
-0.025584,0.329584,0.074699
-0.025145,0.329682,0.076176
-0.024971,0.330381,0.077010
-0.024164,0.329592,0.075988
-0.022846,0.329812,0.074988
-0.020719,0.332214,0.075091
-0.017061,0.330340,0.075268
-0.017909,0.329720,0.075277
-0.016192,0.329267,0.074512
-0.015155,0.328676,0.072387
-0.015002,0.329825,0.076139
-0.012352,0.329410,0.073403
-0.010287,0.329670,0.074422
-0.012381,0.329118,0.074058
-0.007389,0.330028,0.072441
-0.007944,0.331282,0.070462
-0.005467,0.330555,0.070872
-0.004086,0.328985,0.069861
-0.003354,0.330324,0.070086
-0.003438,0.331327,0.068877
-0.001925,0.331705,0.067783
0.000727,0.331268,0.067148
-0.000637,0.330838,0.067799
0.002231,0.331268,0.065342
0.004507,0.330963,0.064206
0.004562,0.331108,0.063234
0.009218,0.331121,0.062594
0.009186,0.330998,0.062277
0.010711,0.331779,0.061782
0.013409,0.331543,0.062691
0.013166,0.331142,0.060588
0.014725,0.329852,0.059666
0.015912,0.332038,0.059596
0.017700,0.332192,0.058022
0.018751,0.329476,0.057704
0.020489,0.330107,0.057957
0.020355,0.332839,0.056894
0.022218,0.330871,0.055247
0.023736,0.329891,0.057698
0.025347,0.331896,0.057565
0.027664,0.330408,0.055449
0.027330,0.330326,0.056792
0.030761,0.330084,0.055496
0.029344,0.331261,0.055836
0.033379,0.333041,0.056205
0.033130,0.329432,0.056362
0.033888,0.329825,0.054245
0.035109,0.331608,0.055175
0.038165,0.328883,0.056979
0.039313,0.330949,0.056618
0.038601,0.330973,0.056224
0.042630,0.331293,0.053961
0.042456,0.332462,0.056489
0.044188,0.331713,0.056264
0.045252,0.329999,0.056575
0.048203,0.332216,0.057073
0.048412,0.331502,0.056308
0.052254,0.330630,0.056802
0.051965,0.331851,0.057865
0.052716,0.332024,0.056546
0.053469,0.330149,0.057278
0.053165,0.333048,0.058557
0.055815,0.331281,0.058093
0.058582,0.331151,0.057297
0.058433,0.332051,0.057675
0.060149,0.329002,0.058065
0.061679,0.332799,0.057305
0.063558,0.329525,0.055549
0.062738,0.330950,0.057307
0.065736,0.331234,0.056119
0.068424,0.330220,0.056294
0.068272,0.331887,0.057092
0.072014,0.331195,0.055884
0.071761,0.330263,0.056220
0.072793,0.330143,0.055160
0.074508,0.331962,0.055537
0.074492,0.331792,0.056731
0.077317,0.332095,0.054375
0.077332,0.330708,0.053258
0.078285,0.330733,0.053047
0.081954,0.331569,0.053789
0.084175,0.329893,0.050876
0.082564,0.332374,0.053826
0.086978,0.331817,0.051505
0.088198,0.332365,0.053065
0.088618,0.332706,0.051419
0.089309,0.331772,0.051683
0.090411,0.329829,0.050982
0.093665,0.330684,0.049318
0.093660,0.331023,0.049605
0.094398,0.333003,0.047998
0.095030,0.331331,0.048376
0.097107,0.331808,0.045933
0.098512,0.330938,0.044826
0.099706,0.331018,0.044576
0.100644,0.333018,0.044877
0.102247,0.332537,0.044665
0.105138,0.334247,0.042609
0.104764,0.333303,0.043221
0.107373,0.332103,0.040140
0.106718,0.331345,0.039336
0.110472,0.333014,0.039680
0.111811,0.333034,0.038397
0.112386,0.332309,0.035798
0.115467,0.332793,0.034070
0.115145,0.333222,0.035157
0.117337,0.332981,0.031742
0.119758,0.333043,0.031770
0.119930,0.335237,0.028596
0.120129,0.333282,0.027980
0.121120,0.332972,0.027995
0.123171,0.334309,0.023424
0.123690,0.332878,0.023433
0.127027,0.333649,0.022503
0.129513,0.331679,0.018888
0.130256,0.333403,0.017493
0.132041,0.335699,0.016177
0.132070,0.334626,0.012033
0.135844,0.332967,0.007707
0.138307,0.335042,0.001253
-0.157485,0.340361,-0.038714
-0.154294,0.336341,-0.024530
-0.150610,0.336775,-0.018370
-0.151351,0.337844,-0.013081
-0.149860,0.337633,-0.012715
-0.148473,0.337146,-0.007757
-0.145180,0.336125,-0.005837
-0.143749,0.336227,-0.003130
-0.142521,0.336460,0.001909
-0.139774,0.335516,0.002887
-0.139478,0.336707,0.005522
-0.136205,0.336157,0.007754
-0.137207,0.336019,0.008727
-0.134334,0.336500,0.011993
-0.133645,0.337478,0.014122
-0.132369,0.335766,0.018736
-0.131704,0.333942,0.023214
-0.128265,0.333673,0.026163
-0.127366,0.333632,0.026456
-0.126990,0.336335,0.031751
-0.125023,0.333987,0.032611
-0.123945,0.335652,0.034957
-0.122526,0.333487,0.038392
-0.121136,0.331322,0.040886
-0.117641,0.334836,0.040098
-0.117441,0.333256,0.042845
-0.114975,0.330816,0.045337
-0.113343,0.333983,0.046044
-0.112595,0.332983,0.048009
-0.111535,0.331447,0.050802
-0.109979,0.333476,0.049550
-0.107543,0.333100,0.052108
-0.105791,0.331744,0.052461
-0.105500,0.334007,0.051563
-0.102768,0.333504,0.053975
-0.103369,0.333123,0.055605
-0.102248,0.332030,0.057189
-0.100627,0.331207,0.057397
-0.098324,0.332907,0.057677
-0.096338,0.332423,0.057735
-0.095544,0.333096,0.060391
-0.094302,0.333383,0.060648
-0.094282,0.333470,0.060224
-0.091800,0.331278,0.059734
-0.090797,0.331463,0.064063
-0.086589,0.330734,0.064207
-0.085622,0.332292,0.063585
-0.084662,0.332170,0.064431
-0.083754,0.334104,0.067105
-0.082190,0.332258,0.064700
-0.081367,0.332901,0.068555
-0.079791,0.332466,0.066523
-0.079168,0.332581,0.065033
-0.078490,0.331735,0.068023
-0.076229,0.332241,0.068585
-0.073458,0.332950,0.070187
-0.073655,0.332382,0.069923
-0.072037,0.332661,0.070869
-0.070417,0.332335,0.072794
-0.069333,0.332433,0.071323
-0.067915,0.332065,0.072288
-0.067056,0.331776,0.072402
-0.064554,0.331340,0.074287
-0.065378,0.332007,0.073038
-0.063179,0.330528,0.074291
-0.059117,0.331373,0.074108
-0.059561,0.330641,0.075209
-0.055670,0.330195,0.075662
-0.056688,0.330712,0.077041
-0.054163,0.329871,0.076189
-0.055116,0.331452,0.073778
-0.053853,0.331366,0.075090
-0.051666,0.332652,0.075523
-0.050620,0.330710,0.076812
-0.050195,0.331779,0.076496
-0.048058,0.331366,0.077550
-0.046767,0.329995,0.075961
-0.045249,0.329361,0.076552
-0.044046,0.333918,0.076934
-0.042068,0.332116,0.076415
-0.038238,0.330792,0.077308
-0.041176,0.331847,0.078297
-0.038816,0.332275,0.076687
-0.037315,0.329852,0.077218
-0.036396,0.332015,0.076198
-0.033428,0.331024,0.075849
-0.034236,0.330827,0.076775
-0.031774,0.332010,0.075972
-0.029669,0.331044,0.076965
-0.028720,0.331339,0.076063
-0.027747,0.331496,0.075773
-0.027419,0.331306,0.076982
-0.024461,0.333279,0.074862
-0.022114,0.332618,0.076488
-0.022949,0.330015,0.077015
-0.020631,0.331055,0.076019
-0.018425,0.330090,0.075576
-0.018222,0.330307,0.073749
-0.016951,0.331833,0.073073
-0.016832,0.333178,0.073629
-0.014321,0.331731,0.071679
-0.013526,0.330877,0.073548
-0.010468,0.331223,0.073046
-0.008580,0.331742,0.072546
-0.008976,0.332051,0.071543
-0.009079,0.332000,0.071510
-0.006905,0.333278,0.072033
-0.004513,0.331512,0.069283
-0.001713,0.333155,0.071262
-0.003218,0.333346,0.069108
-0.000359,0.333190,0.067138
0.001332,0.331486,0.067339
0.002543,0.330450,0.063950
0.002680,0.332176,0.063964
0.005289,0.332782,0.063904
0.006996,0.333653,0.064231
0.006612,0.332617,0.063001
0.009196,0.331142,0.062601
0.009505,0.332306,0.062929
0.009973,0.331665,0.059821
0.012465,0.335302,0.061352
0.015753,0.331598,0.060656
0.017314,0.332199,0.060430
0.016163,0.333383,0.059430
0.018853,0.331461,0.058586
0.021026,0.331669,0.058024
0.020800,0.334108,0.059703
0.024356,0.331399,0.057430
0.024118,0.333363,0.057933
0.025677,0.331926,0.056055
0.027726,0.332351,0.057334
0.027565,0.331436,0.057622
0.031142,0.331510,0.057069
0.029691,0.334972,0.054996
0.031779,0.333036,0.056063
0.033533,0.332558,0.054312
0.035627,0.332986,0.056850
0.034813,0.333163,0.054870
0.035701,0.333029,0.053468
0.038854,0.333139,0.055495
0.039871,0.331701,0.054377
0.041359,0.332084,0.054483
0.042479,0.332705,0.056306
0.044000,0.330931,0.055837
0.047100,0.332172,0.058154
0.047733,0.332758,0.057414
0.047995,0.333504,0.058026
0.050871,0.331843,0.059436
0.051475,0.332908,0.057424
0.052632,0.330447,0.059427
0.053777,0.333363,0.056821
0.051981,0.330894,0.058436
0.058613,0.331837,0.056403
0.059632,0.333749,0.057594
0.058583,0.331930,0.057977
0.061869,0.333953,0.054507
0.062589,0.334419,0.057428
0.062578,0.332211,0.055687
0.065062,0.330770,0.055306
0.067054,0.333133,0.056268
0.066260,0.332862,0.057390
0.069548,0.331668,0.056296
0.071468,0.332412,0.056957
0.072266,0.332693,0.054930
0.073275,0.332332,0.054079
0.074736,0.330857,0.054935
0.075094,0.332797,0.054389
0.077067,0.333089,0.052162
0.076943,0.334164,0.054678
0.080482,0.333232,0.052604
0.081595,0.333662,0.052138
0.082693,0.332447,0.052229
0.085828,0.332345,0.052394
0.084081,0.332606,0.051721
0.085834,0.331873,0.052238
0.088587,0.332713,0.051551
0.092390,0.331429,0.051050
0.090063,0.332310,0.050130
0.091098,0.333206,0.049119
0.093671,0.333836,0.048931
0.093863,0.334501,0.046339
0.096869,0.332073,0.046877
0.096959,0.332915,0.046837
0.099039,0.334864,0.044988
0.100214,0.333531,0.044154
0.101434,0.334384,0.046088
0.103526,0.331044,0.042971
0.104896,0.333920,0.043684
0.107736,0.334562,0.041432
0.108993,0.334095,0.039578
0.108434,0.334273,0.040426
0.109288,0.332173,0.038369
0.113907,0.334367,0.037635
0.113197,0.335036,0.036917
0.115360,0.334247,0.036733
0.113742,0.334532,0.033876
0.118311,0.333917,0.032420
0.120465,0.334068,0.032240
0.120636,0.335006,0.029944
0.120472,0.333619,0.027685
0.124000,0.335092,0.026213
0.125277,0.334133,0.027148
0.125895,0.334722,0.021710
0.127512,0.334633,0.021229
0.127753,0.334086,0.017495
0.130553,0.332621,0.018416
0.131762,0.335463,0.014942
0.132164,0.335648,0.011915
0.134577,0.333847,0.006252
0.137585,0.336421,0.001101
-0.157528,0.341778,-0.040546
-0.156539,0.338395,-0.025748
-0.154312,0.339282,-0.021967
-0.152688,0.339117,-0.015830
-0.151157,0.340874,-0.011859
-0.151171,0.338575,-0.010761
-0.147782,0.337382,-0.007187
-0.145384,0.337451,-0.003669
-0.145213,0.339818,-0.000122
-0.142137,0.337375,0.000676
-0.140543,0.338453,0.004244
-0.137760,0.339246,0.005025
-0.136712,0.338951,0.007461
-0.137615,0.336352,0.011997
-0.135318,0.336675,0.013334
-0.134718,0.335129,0.019005
-0.131747,0.336500,0.020729
-0.129584,0.337478,0.023054
-0.128023,0.335856,0.027391
-0.128005,0.336862,0.028002
-0.124040,0.334564,0.031253
-0.125024,0.337033,0.033437
-0.122675,0.335313,0.035883
-0.120495,0.335592,0.038301
-0.118413,0.334963,0.039877
-0.118990,0.335121,0.041915
-0.117281,0.335437,0.043956
-0.113309,0.334916,0.044442
-0.114442,0.334480,0.046490
-0.113766,0.335037,0.046790
-0.110087,0.333790,0.051369
-0.109039,0.331865,0.050243
-0.108992,0.336123,0.048767
-0.108242,0.334554,0.051221
-0.105051,0.333731,0.053654
-0.103987,0.333608,0.052481
-0.102307,0.334194,0.053809
-0.102127,0.333979,0.054824
-0.099625,0.335516,0.056563
-0.098786,0.333986,0.057408
-0.097182,0.332603,0.057250
-0.095789,0.333416,0.056932
-0.095317,0.335185,0.060334
-0.093231,0.333753,0.060132
-0.092719,0.335617,0.061779
-0.090121,0.333198,0.063249
-0.089212,0.335965,0.063841
-0.087594,0.334692,0.062423
-0.087759,0.334708,0.062325
-0.085462,0.333270,0.064093
-0.083756,0.332686,0.065903
-0.082012,0.333944,0.066226
-0.081369,0.333683,0.065310
-0.079459,0.334721,0.067618
-0.079025,0.333763,0.065578
-0.074045,0.333886,0.068663
-0.073466,0.332732,0.069581
-0.072323,0.332703,0.069059
-0.070879,0.335834,0.069955
-0.069749,0.333229,0.071638
-0.069527,0.333516,0.071268
-0.067533,0.333512,0.071853
-0.067236,0.333146,0.071981
-0.066281,0.333503,0.073650
-0.064964,0.332893,0.073348
-0.063799,0.332628,0.073846
-0.061485,0.333795,0.073539
-0.059596,0.331764,0.074589
-0.058999,0.335609,0.076323
-0.056499,0.332178,0.075415
-0.055803,0.333520,0.073840
-0.056897,0.333530,0.074716
-0.053428,0.334240,0.074969
-0.051177,0.333844,0.075657
-0.048968,0.332057,0.071600
-0.048019,0.333249,0.077462
-0.046857,0.332283,0.074659
-0.047163,0.331983,0.076051
-0.043706,0.333137,0.075088
-0.042386,0.333096,0.076622
-0.042320,0.330764,0.079125
-0.041301,0.332917,0.076416
-0.039204,0.333406,0.076961
-0.038652,0.332477,0.075813
-0.037524,0.330956,0.074001
-0.035131,0.331779,0.075639
-0.033219,0.334080,0.076561
-0.033005,0.331879,0.076213
-0.032975,0.332963,0.076275
-0.030959,0.331574,0.075545
-0.029348,0.332507,0.075160
-0.026208,0.333540,0.074536
-0.025041,0.332297,0.074512
-0.023154,0.334455,0.074130
-0.024715,0.332685,0.075829
-0.023380,0.333039,0.075112
-0.021601,0.335182,0.075825
-0.018872,0.332171,0.074763
-0.017074,0.333670,0.073961
-0.017627,0.333678,0.074386
-0.013996,0.332474,0.071907
-0.013814,0.334521,0.072045
-0.012368,0.332032,0.074718
-0.011055,0.332184,0.071058
-0.009222,0.333136,0.072346
-0.009555,0.332698,0.071110
-0.007916,0.334820,0.071322
-0.005549,0.333506,0.070095
-0.005373,0.333665,0.069622
-0.002196,0.333439,0.069272
-0.000644,0.332437,0.069363
-0.001629,0.333980,0.068496
0.000472,0.332985,0.066643
0.002135,0.334782,0.065238
0.005575,0.334205,0.065894
0.005191,0.334058,0.063254
0.008116,0.334394,0.062658
0.007753,0.333622,0.062106
0.008288,0.332877,0.061337
0.011819,0.331416,0.060704
0.011240,0.334664,0.061728
0.013372,0.332353,0.059863
0.012406,0.335111,0.061002
0.017314,0.334220,0.060982
0.015363,0.333301,0.060466
0.017618,0.333021,0.060584
0.019845,0.335003,0.057478
0.022351,0.333571,0.057395
0.022882,0.333816,0.057348
0.024259,0.335518,0.057285
0.024568,0.334501,0.058303
0.028010,0.333929,0.055070
0.029737,0.335728,0.057068
0.028971,0.333313,0.056013
0.030598,0.333610,0.055542
0.032957,0.334875,0.055090
0.033337,0.334225,0.054078
0.034193,0.335643,0.054591
0.037180,0.333812,0.056529
0.038780,0.334375,0.055859
0.039494,0.333577,0.054352
0.040279,0.333573,0.053619
0.040536,0.336146,0.056207
0.043432,0.334677,0.055909
0.044077,0.332783,0.056897
0.046937,0.335006,0.055498
0.048197,0.333882,0.057158
0.049046,0.333915,0.059633
0.049139,0.333692,0.057405
0.050380,0.333378,0.058816
0.052109,0.333478,0.055352
0.054307,0.333295,0.058401
0.054855,0.333514,0.057831
0.056634,0.333704,0.056313
0.058088,0.333648,0.058128
0.058938,0.333814,0.057264
0.060397,0.335042,0.055754
0.061012,0.335017,0.056142
0.062784,0.334717,0.056402
0.065058,0.336268,0.056262
0.067405,0.335342,0.055098
0.066322,0.334640,0.054345
0.067446,0.334187,0.056636
0.071039,0.333668,0.054438
0.069921,0.332676,0.056082
0.071771,0.334912,0.056370
0.072917,0.333810,0.054384
0.075429,0.333431,0.053886
0.075783,0.334117,0.052287
0.078493,0.333985,0.053043
0.079101,0.333493,0.051271
0.081310,0.334269,0.054347
0.082115,0.334437,0.053781
0.082064,0.333484,0.051354
0.085366,0.335092,0.052653
0.087923,0.335312,0.049953
0.087732,0.332909,0.049677
0.088447,0.334038,0.049785
0.090586,0.335377,0.050285
0.092030,0.334748,0.049470
0.092642,0.333282,0.047923
0.094334,0.334206,0.049409
0.096823,0.335748,0.045163
0.098257,0.336262,0.045397
0.099290,0.337019,0.042520
0.101685,0.334633,0.045404
0.101717,0.337338,0.045394
0.104114,0.337087,0.043669
0.104971,0.335313,0.041987
0.105445,0.334499,0.041655
0.107494,0.333963,0.039049
0.108097,0.335154,0.038819
0.108911,0.337297,0.038891
0.112803,0.335076,0.039178
0.111937,0.336904,0.035712
0.115470,0.335384,0.033758
0.114510,0.336751,0.033042
0.117857,0.335722,0.033050
0.118075,0.335993,0.030848
0.121754,0.335941,0.030311
0.121954,0.336000,0.027528
0.121671,0.336205,0.025897
0.123787,0.338683,0.023076
0.126116,0.336277,0.022251
0.126188,0.336480,0.019021
0.128536,0.336688,0.018100
0.129674,0.338141,0.016611
0.131399,0.338383,0.012053
0.133812,0.336983,0.011610
0.133908,0.335201,0.008334
0.137417,0.337064,-0.000980
-0.160498,0.342912,-0.041590
-0.157538,0.339716,-0.030060
-0.154778,0.341635,-0.022254
-0.153479,0.341397,-0.016252
-0.153147,0.340025,-0.014635
-0.151052,0.341274,-0.012094
-0.149374,0.340385,-0.008438
-0.147757,0.337994,-0.005341
-0.145253,0.338837,-0.000586
-0.145397,0.340103,0.000073
-0.143876,0.339739,0.001874
-0.141243,0.340059,0.005760
-0.138591,0.339632,0.006470
-0.136805,0.339187,0.010973
-0.137895,0.336576,0.012184
-0.134836,0.337408,0.015481
-0.133253,0.338672,0.018192
-0.131729,0.338807,0.020980
-0.130527,0.337931,0.025180
-0.129091,0.338467,0.028270
-0.126196,0.336413,0.031759
-0.128252,0.337786,0.033552
-0.127333,0.336903,0.034801
-0.123982,0.336696,0.035903
-0.120735,0.336589,0.038073
-0.119369,0.336633,0.040291
-0.117287,0.337469,0.043016
-0.117643,0.336961,0.041936
-0.115935,0.336845,0.043700
-0.112972,0.337696,0.048439
-0.112888,0.336693,0.047329
-0.112553,0.335896,0.047701
-0.110105,0.335379,0.050995
-0.107431,0.336294,0.049355
-0.106866,0.335407,0.051014
-0.106149,0.336840,0.052367
-0.103954,0.334717,0.050677
-0.103925,0.335872,0.055644
-0.101561,0.335767,0.056295
-0.100435,0.337047,0.054563
-0.098927,0.336433,0.056095
-0.095669,0.334426,0.056081
-0.095397,0.333975,0.057501
-0.096088,0.336053,0.059070
-0.092897,0.333573,0.058853
-0.090394,0.335005,0.060647
-0.089608,0.336716,0.060640
-0.087650,0.334865,0.061905
-0.087597,0.336516,0.065114
-0.085465,0.335284,0.063468
-0.084432,0.336352,0.063754
-0.082969,0.335871,0.063660
-0.081989,0.333739,0.063865
-0.080344,0.337180,0.065081
-0.079636,0.334924,0.065418
-0.078345,0.335225,0.066491
-0.076407,0.334492,0.067695
-0.072434,0.335132,0.067377
-0.074546,0.336629,0.069654
-0.070756,0.335751,0.068760
-0.070811,0.333823,0.069380
-0.070808,0.334579,0.070383
-0.068946,0.334344,0.071012
-0.065236,0.336528,0.072967
-0.065271,0.335542,0.071991
-0.064272,0.334647,0.073515
-0.061253,0.335104,0.073373
-0.061345,0.335899,0.072223
-0.059299,0.335484,0.073710
-0.058773,0.334701,0.075720
-0.057199,0.333540,0.074057
-0.055367,0.334346,0.074081
-0.054389,0.333662,0.072660
-0.051987,0.336399,0.073397
-0.053391,0.335696,0.073556
-0.050691,0.335098,0.075116
-0.050975,0.334827,0.075969
-0.047695,0.335323,0.075264
-0.047530,0.334195,0.075609
-0.045409,0.334229,0.075542
-0.043771,0.335365,0.075114
-0.041119,0.333884,0.075991
-0.042631,0.335184,0.075857
-0.038747,0.334555,0.075224
-0.038537,0.334825,0.076934
-0.037470,0.334742,0.076671
-0.036766,0.335879,0.076662
-0.034557,0.333686,0.074994
-0.032661,0.333625,0.076034
-0.029827,0.335557,0.076453
-0.030426,0.333524,0.073908
-0.027975,0.335455,0.074634
-0.025360,0.334886,0.074778
-0.025885,0.333735,0.075630
-0.025773,0.333071,0.073446
-0.022184,0.335609,0.073456
-0.023056,0.335996,0.075625
-0.021186,0.335637,0.072960
-0.018469,0.335026,0.072819
-0.018478,0.333965,0.073512
-0.016969,0.335549,0.072822
-0.015173,0.334285,0.073259
-0.013791,0.334424,0.074122
-0.012720,0.335076,0.071880
-0.011670,0.336448,0.071725
-0.008913,0.335344,0.072689
-0.008344,0.333265,0.069902
-0.005981,0.334168,0.069839
-0.006053,0.336210,0.070528
-0.002523,0.335430,0.069333
-0.003600,0.333810,0.067792
-0.001234,0.334663,0.069636
-0.001021,0.336329,0.067849
0.001387,0.334856,0.066803
0.003506,0.335335,0.062955
0.003651,0.334935,0.062712
0.003266,0.334804,0.062834
0.006256,0.335663,0.062352
0.008073,0.334423,0.061616
0.007864,0.335387,0.060781
0.012080,0.334719,0.058454
0.012942,0.335116,0.061839
0.012509,0.337409,0.061180
0.013809,0.337162,0.060259
0.014467,0.334896,0.060945
0.016515,0.335323,0.056463
0.017599,0.335255,0.059913
0.020650,0.335415,0.057900
0.020609,0.336792,0.056414
0.021964,0.336645,0.058357
0.023113,0.335936,0.055178
0.024739,0.336931,0.059662
0.027810,0.337583,0.056585
0.027941,0.336167,0.057023
0.028989,0.334889,0.055297
0.029439,0.335520,0.054850
0.031682,0.336069,0.054505
0.032963,0.336543,0.055882
0.035714,0.336154,0.056639
0.035748,0.336186,0.056829
0.039078,0.335218,0.055404
0.037482,0.335290,0.053987
0.040973,0.336782,0.055156
0.041750,0.336664,0.057090
0.043427,0.336251,0.055930
0.043585,0.334243,0.056225
0.046705,0.335636,0.057217
0.046097,0.335683,0.056631
0.049045,0.335644,0.056576
0.050506,0.336953,0.055692
0.051281,0.336349,0.056616
0.052696,0.337773,0.057543
0.054446,0.336574,0.054964
0.054650,0.335324,0.057668
0.054451,0.336258,0.057729
0.057981,0.335601,0.057041
0.057716,0.335854,0.055573
0.060569,0.337240,0.056198
0.063381,0.335829,0.057113
0.064604,0.334595,0.055196
0.064485,0.336028,0.055185
0.066598,0.337775,0.053948
0.065413,0.335221,0.056755
0.068555,0.335162,0.053183
0.069773,0.336284,0.054314
0.070022,0.335592,0.055317
0.072909,0.337512,0.055325
0.074970,0.337149,0.054997
0.074950,0.337970,0.054240
0.079596,0.333423,0.050708
0.078115,0.335704,0.053829
0.079923,0.335554,0.053808
0.081455,0.336424,0.053037
0.083481,0.336737,0.051922
0.085080,0.335567,0.052093
0.086162,0.335269,0.050761
0.086270,0.334967,0.049497
0.090236,0.336880,0.049919
0.089908,0.335662,0.049084
0.091741,0.336990,0.047093
0.092886,0.334772,0.047822
0.093359,0.334827,0.048293
0.094153,0.338227,0.047205
0.094499,0.336545,0.045143
0.098212,0.337051,0.045517
0.099000,0.337344,0.045049
0.099427,0.335751,0.045510
0.101869,0.336320,0.042321
0.102670,0.336770,0.041780
0.105846,0.334647,0.041684
0.107027,0.335797,0.039619
0.107143,0.337288,0.040109
0.108306,0.336755,0.037334
0.110734,0.337506,0.038428
0.112821,0.337335,0.035851
0.112502,0.336264,0.036059
0.114215,0.336884,0.034541
0.116386,0.338406,0.032189
0.116337,0.337359,0.032732
0.119314,0.337624,0.030517
0.121244,0.338138,0.027301
0.120566,0.338058,0.027304
0.121696,0.337142,0.025556
0.123873,0.338301,0.021466
0.125711,0.336842,0.022182
0.126837,0.337005,0.018669
0.128455,0.337460,0.017467
0.129343,0.339826,0.016268
0.131434,0.337203,0.014851
0.133509,0.339256,0.010696
0.134679,0.338341,0.004256
-0.157178,0.344366,-0.035184
-0.158134,0.342922,-0.025018
-0.154353,0.343452,-0.019936
-0.153049,0.344620,-0.016070
-0.152343,0.343138,-0.012254
-0.149153,0.341436,-0.010418
-0.146398,0.342346,-0.006849
-0.146509,0.341457,-0.002804
-0.145108,0.340183,-0.003061
-0.144809,0.340460,0.001007
-0.142851,0.341642,0.001866
-0.142807,0.341287,0.004646
-0.139217,0.339829,0.008497
-0.136910,0.342479,0.009203
-0.135869,0.340422,0.012964
-0.135517,0.338544,0.016705
-0.132967,0.340889,0.022466
-0.130982,0.338939,0.024407
-0.132149,0.340131,0.028079
-0.128252,0.338017,0.030538
-0.126994,0.339726,0.032942
-0.127809,0.339282,0.033198
-0.125609,0.337293,0.036145
-0.123556,0.338923,0.036508
-0.120400,0.341422,0.038516
-0.120435,0.339269,0.043123
-0.118451,0.337596,0.042247
-0.118215,0.338556,0.045919
-0.116137,0.338070,0.046416
-0.113490,0.336663,0.045580
-0.111870,0.339570,0.050209
-0.109377,0.337059,0.048265
-0.111332,0.339268,0.049550
-0.110078,0.338126,0.050095
-0.106323,0.336939,0.049253
-0.105965,0.336397,0.052690
-0.104745,0.337508,0.050575
-0.103101,0.337727,0.052605
-0.101011,0.336996,0.052800
-0.100308,0.337708,0.055041
-0.097719,0.337247,0.055483
-0.096909,0.336945,0.056688
-0.095414,0.338547,0.058207
-0.094777,0.337514,0.058941
-0.091820,0.338429,0.058422
-0.091140,0.337103,0.059267
-0.091548,0.336013,0.059728
-0.090218,0.337292,0.060282
-0.089072,0.336730,0.061554
-0.085768,0.338535,0.062944
-0.085005,0.336504,0.062176
-0.083311,0.335216,0.063724
-0.082918,0.336339,0.063188
-0.080020,0.336927,0.063564
-0.079630,0.336399,0.067419
-0.077610,0.337917,0.068511
-0.076761,0.337809,0.067187
-0.075825,0.337207,0.067377
-0.074965,0.336460,0.068205
-0.072626,0.336555,0.067347
-0.072210,0.336709,0.068491
-0.068375,0.336134,0.068684
-0.066313,0.336291,0.071118
-0.067804,0.336575,0.069994
-0.065692,0.337859,0.070365
-0.063850,0.334867,0.070269
-0.062171,0.336691,0.070536
-0.061296,0.335427,0.071330
-0.060705,0.336272,0.073062
-0.058174,0.335959,0.074472
-0.058354,0.336138,0.073459
-0.055646,0.336565,0.071859
-0.053878,0.336419,0.074581
-0.052627,0.336483,0.074345
-0.052262,0.335889,0.073860
-0.050083,0.336509,0.073495
-0.049958,0.335579,0.075099
-0.047016,0.335988,0.074354
-0.046381,0.336725,0.073811
-0.045068,0.336692,0.075565
-0.043603,0.336967,0.076119
-0.041760,0.335926,0.074224
-0.041598,0.337379,0.074130
-0.039191,0.336937,0.072509
-0.039559,0.334824,0.074100
-0.037330,0.336106,0.075856
-0.033337,0.335352,0.074415
-0.034926,0.335882,0.075637
-0.031745,0.334704,0.074292
-0.031219,0.335496,0.074515
-0.029328,0.337825,0.074055
-0.029046,0.337228,0.076007
-0.027830,0.336345,0.074685
-0.027244,0.336396,0.075597
-0.025652,0.337813,0.074023
-0.021204,0.334890,0.071018
-0.020485,0.336507,0.073565
-0.020919,0.335155,0.072888
-0.018494,0.338024,0.072238
-0.018579,0.334877,0.072040
-0.017059,0.335216,0.073316
-0.014971,0.334698,0.071389
-0.013053,0.337354,0.069998
-0.013482,0.337201,0.073393
-0.011048,0.336911,0.072080
-0.006982,0.335930,0.070793
-0.009341,0.336457,0.070546
-0.009036,0.334127,0.070548
-0.005244,0.336206,0.071043
-0.004403,0.336707,0.069264
-0.003500,0.336516,0.067139
-0.002449,0.335948,0.066803
-0.000876,0.336602,0.066732
0.000460,0.336675,0.064782
0.003418,0.338026,0.065678
0.004407,0.336704,0.064257
0.004462,0.338291,0.063603
0.003985,0.337221,0.064603
0.007007,0.335868,0.060421
0.008355,0.337879,0.062465
0.011783,0.338126,0.062171
0.013222,0.336399,0.059474
0.011466,0.336547,0.059224
0.012882,0.337980,0.059719
0.015112,0.338709,0.060015
0.018327,0.337341,0.058840
0.016534,0.337595,0.059657
0.020225,0.336795,0.058206
0.021040,0.337135,0.056646
0.021779,0.336790,0.057020
0.024523,0.335637,0.057796
0.026901,0.336972,0.055034
0.027571,0.336270,0.058146
0.027113,0.335715,0.055881
0.029002,0.336436,0.055099
0.030015,0.337079,0.055620
0.033029,0.338018,0.056545
0.032879,0.336693,0.053954
0.035762,0.336957,0.054805
0.035688,0.339161,0.054766
0.038566,0.337838,0.056097
0.038426,0.336415,0.055943
0.040391,0.337381,0.055473
0.041913,0.337057,0.055448
0.043794,0.337852,0.056159
0.045648,0.336985,0.054882
0.045902,0.340136,0.056156
0.046842,0.336973,0.058879
0.049236,0.337194,0.056800
0.050890,0.335324,0.055375
0.051056,0.337555,0.056441
0.054522,0.338267,0.057910
0.053152,0.337001,0.058217
0.056325,0.337652,0.056400
0.055340,0.336958,0.056747
0.057574,0.336822,0.055968
0.060100,0.337082,0.056183
0.060905,0.337683,0.056485
0.061213,0.337314,0.055900
0.062694,0.336387,0.055138
0.066886,0.336374,0.056379
0.066434,0.336526,0.053734
0.067362,0.336859,0.054118
0.067156,0.336088,0.055254
0.070028,0.337697,0.053876
0.070344,0.338899,0.053196
0.073204,0.337955,0.052760
0.074506,0.337657,0.051921
0.075240,0.337025,0.052050
0.077824,0.339256,0.052934
0.079561,0.338096,0.052462
0.081101,0.337594,0.053506
0.079743,0.336584,0.050492
0.084237,0.337143,0.051745
0.084581,0.337686,0.050935
0.084981,0.338918,0.048761
0.085649,0.338577,0.050357
0.086396,0.338888,0.048340
0.090414,0.337597,0.049350
0.091325,0.340172,0.048328
0.093069,0.339244,0.048045
0.092993,0.336981,0.046661
0.094862,0.338918,0.045743
0.096762,0.339042,0.046814
0.096625,0.337112,0.046052
0.099405,0.336845,0.043409
0.100386,0.339545,0.043147
0.102244,0.336883,0.041980
0.104474,0.337640,0.042711
0.102897,0.340099,0.041209
0.106242,0.336476,0.041663
0.107194,0.337576,0.041253
0.108142,0.336857,0.038836
0.111017,0.338592,0.039048
0.111380,0.338956,0.035297
0.111927,0.336860,0.034880
0.113702,0.338199,0.035109
0.117235,0.339406,0.032592
0.117581,0.338852,0.031424
0.119821,0.339224,0.031124
0.120474,0.339671,0.027935
0.121974,0.339511,0.028400
0.123869,0.338560,0.025289
0.125343,0.341377,0.022619
0.126247,0.339221,0.020202
0.128147,0.340030,0.020649
0.130309,0.342612,0.017464
0.129220,0.337748,0.014394
0.130744,0.339588,0.013522
0.133671,0.340001,0.009729
0.135620,0.342267,0.001400
-0.159668,0.344820,-0.037895
-0.158919,0.343209,-0.030539
-0.154883,0.343366,-0.023117
-0.155108,0.342840,-0.019220
-0.152771,0.344747,-0.014084
-0.153040,0.344471,-0.012952
-0.149737,0.344730,-0.009307
-0.147782,0.343754,-0.007461
-0.146581,0.343723,-0.003236
-0.145701,0.342602,0.000478
-0.144156,0.343610,0.002859
-0.142639,0.341622,0.005068
-0.141961,0.342723,0.006498
-0.140586,0.342961,0.010639
-0.136944,0.342465,0.011881
-0.135920,0.342067,0.015244
-0.135199,0.341233,0.019403
-0.133818,0.341609,0.022951
-0.132066,0.339959,0.025676
-0.129658,0.340085,0.028206
-0.128728,0.340979,0.029685
-0.126078,0.342092,0.032759
-0.126190,0.341297,0.033726
-0.124144,0.339816,0.036187
-0.123318,0.340210,0.038941
-0.121480,0.338850,0.039744
-0.118295,0.339884,0.043163
-0.118176,0.339735,0.043765
-0.117246,0.339493,0.042968
-0.115599,0.338594,0.046180
-0.113998,0.339259,0.046939
-0.111611,0.339187,0.047956
-0.111273,0.339916,0.048489
-0.110682,0.339829,0.047964
-0.106580,0.339621,0.049017
-0.106030,0.340665,0.049929
-0.106807,0.339431,0.051439
-0.107065,0.340063,0.051462
-0.101755,0.340716,0.053286
-0.102176,0.339481,0.052425
-0.097727,0.339377,0.053172
-0.099510,0.336860,0.053515
-0.098059,0.339170,0.056939
-0.094650,0.339737,0.055304
-0.094174,0.338479,0.057497
-0.092338,0.339345,0.056685
-0.092085,0.339558,0.058070
-0.088223,0.339172,0.060833
-0.089157,0.338122,0.059268
-0.089538,0.338202,0.059209
-0.085995,0.338059,0.060343
-0.085525,0.338455,0.063954
-0.083780,0.336456,0.061415
-0.082145,0.338776,0.063288
-0.077916,0.338472,0.063750
-0.079745,0.339483,0.063994
-0.079582,0.337582,0.063129
-0.076402,0.338396,0.064726
-0.074833,0.336211,0.066564
-0.073399,0.338164,0.068042
-0.070629,0.337452,0.068350
-0.070141,0.338738,0.067532
-0.069131,0.339833,0.067611
-0.068862,0.336902,0.068038
-0.067300,0.338112,0.069321
-0.065445,0.337095,0.069376
-0.063161,0.337857,0.069644
-0.064434,0.337213,0.069461
-0.062425,0.338083,0.071206
-0.059664,0.337560,0.073089
-0.059106,0.338764,0.070725
-0.056517,0.338177,0.070788
-0.057033,0.339055,0.071223
-0.054888,0.338060,0.073474
-0.052409,0.338864,0.073061
-0.051122,0.338313,0.072608
-0.048653,0.337638,0.074087
-0.050888,0.339718,0.073421
-0.047491,0.337779,0.073745
-0.045368,0.337562,0.073030
-0.044667,0.338634,0.074149
-0.044277,0.337844,0.073580
-0.042973,0.339081,0.074406
-0.042049,0.338010,0.073326
-0.040652,0.337166,0.072796
-0.037503,0.337948,0.073318
-0.036617,0.338347,0.075139
-0.037427,0.338270,0.075094
-0.033401,0.338100,0.073079
-0.033512,0.337513,0.072465
-0.030484,0.338015,0.073651
-0.029951,0.339600,0.075718
-0.029745,0.338046,0.073532
-0.026205,0.339701,0.072568
-0.026120,0.339474,0.073711
-0.024648,0.339320,0.073976
-0.023101,0.337836,0.072822
-0.021716,0.338515,0.072635
-0.019460,0.338126,0.073557
-0.020932,0.338884,0.073201
-0.017596,0.339235,0.072566
-0.014682,0.337651,0.071927
-0.016094,0.339097,0.070870
-0.013835,0.338942,0.070478
-0.011879,0.337729,0.070273
-0.012672,0.337974,0.071097
-0.009312,0.339163,0.069671
-0.009448,0.338363,0.071212
-0.007657,0.337695,0.069277
-0.005126,0.339821,0.068291
-0.003999,0.337424,0.066893
-0.003480,0.338062,0.067492
-0.000885,0.338137,0.065820
-0.000757,0.337216,0.065898
0.001003,0.339869,0.064904
0.002361,0.339587,0.065356
0.002257,0.339692,0.062928
0.005004,0.338417,0.063673
0.007055,0.339277,0.062984
0.006028,0.339042,0.062998
0.009170,0.340245,0.059914
0.010373,0.336662,0.060623
0.012158,0.339637,0.061329
0.014950,0.337687,0.059545
0.014284,0.337536,0.057839
0.016759,0.338928,0.059772
0.016765,0.338318,0.058077
0.017162,0.338688,0.058765
0.023272,0.339842,0.058163
0.021676,0.340493,0.057752
0.021239,0.339293,0.055316
0.024361,0.340124,0.057415
0.026650,0.340663,0.057787
0.027867,0.339522,0.054974
0.027898,0.339010,0.056132
0.028609,0.339689,0.057468
0.032904,0.338972,0.055921
0.032050,0.338701,0.055073
0.033990,0.338403,0.055934
0.035324,0.340850,0.056217
0.035036,0.338830,0.053986
0.037174,0.340032,0.054227
0.040690,0.338755,0.056204
0.042186,0.340400,0.055722
0.042816,0.337917,0.055476
0.042424,0.338271,0.056144
0.044393,0.341473,0.056705
0.046099,0.336858,0.054549
0.046813,0.338344,0.056894
0.049268,0.339818,0.056071
0.050815,0.337143,0.058073
0.052007,0.338890,0.056313
0.052910,0.338923,0.056731
0.055595,0.341039,0.055524
0.056035,0.340268,0.055096
0.055161,0.338974,0.054919
0.057738,0.339557,0.056950
0.059194,0.340039,0.055761
0.060100,0.338338,0.055981
0.062877,0.339934,0.055006
0.063905,0.338592,0.055547
0.064810,0.339902,0.055657
0.065332,0.339943,0.054518
0.067610,0.338893,0.053367
0.069612,0.339517,0.054432
0.070391,0.338522,0.052713
0.072762,0.339146,0.052786
0.072632,0.338773,0.053531
0.074556,0.341464,0.052802
0.074995,0.338210,0.052108
0.077031,0.339851,0.053374
0.079011,0.340111,0.050761
0.079952,0.338965,0.052251
0.082562,0.337640,0.049718
0.081383,0.338402,0.051529
0.084691,0.339167,0.050228
0.085311,0.339073,0.051261
0.088127,0.339706,0.050023
0.088335,0.338156,0.050922
0.088349,0.337564,0.047945
0.092104,0.340519,0.048897
0.092539,0.340123,0.047312
0.092847,0.338951,0.046539
0.094576,0.338336,0.044543
0.096126,0.340398,0.045167
0.099517,0.340792,0.044989
0.098103,0.339579,0.044040
0.101418,0.339776,0.043368
0.101236,0.340395,0.041741
0.102990,0.340004,0.041137
0.105526,0.337515,0.042088
0.106356,0.339735,0.041241
0.108379,0.338507,0.039254
0.108364,0.340038,0.038044
0.109019,0.339833,0.037610
0.111830,0.340107,0.036559
0.113009,0.340300,0.033899
0.112965,0.341590,0.035196
0.116397,0.341093,0.032434
0.117550,0.339769,0.031987
0.119626,0.341163,0.030057
0.119695,0.342173,0.027196
0.122436,0.342250,0.026556
0.124664,0.340951,0.022399
0.125193,0.340674,0.022097
0.128009,0.342344,0.020608
0.127572,0.342960,0.019063
0.127639,0.340620,0.016459
0.129712,0.342148,0.013078
0.131241,0.342297,0.012084
0.132194,0.341576,0.009151
0.134099,0.343262,0.001662
-0.159996,0.346943,-0.041703
-0.161099,0.346062,-0.036103
-0.157820,0.348165,-0.026675
-0.156133,0.345863,-0.022727
-0.156016,0.343763,-0.016473
-0.155451,0.344965,-0.012014
-0.152252,0.344950,-0.010031
-0.151734,0.345060,-0.007805
-0.147604,0.346669,-0.007186
-0.147757,0.343831,-0.002389
-0.145306,0.345329,-0.000979
-0.145697,0.345559,0.002511
-0.141937,0.343865,0.005795
-0.141154,0.344341,0.007620
-0.142006,0.342869,0.011859
-0.138439,0.343741,0.015824
-0.135341,0.342425,0.016019
-0.134928,0.343220,0.021239
-0.134210,0.342236,0.024848
-0.132432,0.343590,0.025905
-0.131310,0.341498,0.030752
-0.128836,0.341203,0.030061
-0.127829,0.342242,0.033582
-0.126002,0.340946,0.035313
-0.125179,0.341613,0.038423
-0.123464,0.340100,0.039628
-0.122185,0.340464,0.040386
-0.121163,0.340926,0.041414
-0.117642,0.343571,0.042160
-0.115551,0.342049,0.044906
-0.115976,0.342252,0.045938
-0.114044,0.341201,0.047252
-0.113618,0.342197,0.047974
-0.110337,0.341295,0.048228
-0.110493,0.339554,0.049456
-0.110012,0.340128,0.049912
-0.106705,0.340219,0.050134
-0.107019,0.341856,0.050177
-0.104816,0.342143,0.049430
-0.101653,0.343209,0.051944
-0.100743,0.341248,0.050742
-0.098657,0.342050,0.052667
-0.098894,0.338926,0.054087
-0.097093,0.340330,0.055369
-0.096098,0.339529,0.055631
-0.093708,0.340155,0.056657
-0.092146,0.340287,0.059299
-0.090700,0.341741,0.058455
-0.090450,0.339389,0.058215
-0.088524,0.340653,0.060228
-0.088585,0.340676,0.060433
-0.087443,0.341398,0.061291
-0.084348,0.343343,0.062019
-0.082818,0.340966,0.060810
-0.083624,0.339961,0.062659
-0.081781,0.339805,0.064257
-0.078999,0.341754,0.066424
-0.078461,0.340555,0.064075
-0.075446,0.338555,0.064486
-0.074319,0.340944,0.065480
-0.072614,0.339383,0.065017
-0.070511,0.340368,0.064387
-0.071328,0.339103,0.066381
-0.072042,0.340709,0.068695
-0.068159,0.339558,0.067962
-0.065548,0.339197,0.068469
-0.065324,0.338722,0.068798
-0.064915,0.339241,0.069152
-0.062843,0.339211,0.068260
-0.061085,0.340333,0.069833
-0.059487,0.338228,0.071208
-0.060945,0.337495,0.071914
-0.055334,0.338715,0.071341
-0.054342,0.339286,0.070655
-0.054380,0.341024,0.071921
-0.052580,0.338528,0.071537
-0.053090,0.338653,0.072487
-0.050605,0.339195,0.073605
-0.049445,0.341292,0.071787
-0.047894,0.338395,0.073177
-0.047915,0.338897,0.073639
-0.043919,0.341334,0.073730
-0.041600,0.339932,0.073005
-0.042239,0.340659,0.074592
-0.040541,0.339464,0.072741
-0.038116,0.337932,0.073263
-0.037378,0.338125,0.072283
-0.037261,0.339335,0.071889
-0.034650,0.337729,0.074260
-0.033733,0.337535,0.070303
-0.032354,0.338017,0.073443
-0.031118,0.340207,0.072506
-0.030270,0.339309,0.074522
-0.030646,0.340477,0.071416
-0.028334,0.338322,0.073315
-0.025971,0.338384,0.071999
-0.024404,0.338609,0.071275
-0.023567,0.339203,0.071183
-0.019637,0.339817,0.071485
-0.020698,0.339970,0.070917
-0.020448,0.339379,0.071171
-0.016902,0.339220,0.072118
-0.015182,0.338964,0.071347
-0.016081,0.339316,0.070155
-0.013565,0.339657,0.072008
-0.010308,0.339505,0.071200
-0.011350,0.339804,0.070594
-0.010972,0.337835,0.069418
-0.007287,0.338733,0.069808
-0.006733,0.340441,0.068908
-0.006334,0.340002,0.068060
-0.007043,0.339263,0.066020
-0.002477,0.340378,0.068155
-0.002565,0.340772,0.066570
-0.000908,0.340786,0.065789
0.001879,0.341184,0.064706
0.002531,0.339060,0.064302
0.002213,0.340358,0.063398
0.004096,0.340650,0.063383
0.009373,0.342318,0.061768
0.007486,0.340861,0.060823
0.007764,0.339505,0.061594
0.009566,0.339052,0.060147
0.012775,0.337747,0.059975
0.013056,0.339895,0.059613
0.013143,0.338887,0.056976
0.016468,0.338086,0.057177
0.018685,0.341983,0.057065
0.018783,0.339869,0.057357
0.019661,0.341802,0.058252
0.020056,0.339000,0.058864
0.023683,0.340465,0.056437
0.024453,0.340831,0.057021
0.024634,0.340874,0.056803
0.027790,0.340687,0.057273
0.027514,0.340897,0.054767
0.028612,0.341249,0.054790
0.031783,0.341703,0.056377
0.033773,0.340686,0.055208
0.033426,0.340003,0.055391
0.035355,0.341007,0.054522
0.037577,0.341680,0.055041
0.036870,0.341620,0.056758
0.038949,0.339008,0.056481
0.041993,0.339336,0.055779
0.041912,0.340158,0.058612
0.043990,0.340565,0.056850
0.043767,0.339252,0.056375
0.046275,0.341712,0.055760
0.046094,0.339499,0.056214
0.050443,0.340616,0.056146
0.050244,0.340172,0.055321
0.050266,0.341368,0.054725
0.053313,0.340454,0.056436
0.054396,0.341852,0.054760
0.055588,0.340407,0.055825
0.056247,0.340627,0.053951
0.058226,0.339949,0.055020
0.058198,0.341070,0.055900
0.061920,0.340424,0.054857
0.061405,0.340863,0.055135
0.063648,0.340703,0.054569
0.064071,0.339618,0.054018
0.065822,0.341842,0.054481
0.066947,0.341809,0.054174
0.068763,0.341094,0.053656
0.070146,0.339451,0.054801
0.071130,0.340838,0.054639
0.074019,0.340818,0.052753
0.075295,0.342062,0.053125
0.076567,0.339036,0.050561
0.076953,0.341788,0.052907
0.078495,0.340873,0.052398
0.079644,0.341057,0.052335
0.081123,0.340501,0.048995
0.083772,0.342545,0.050033
0.084637,0.341879,0.051080
0.086968,0.340175,0.048279
0.086438,0.341504,0.050086
0.086688,0.341782,0.048576
0.090696,0.341714,0.049381
0.090977,0.341108,0.046949
0.091393,0.343731,0.047610
0.094910,0.341511,0.045346
0.095409,0.341460,0.046063
0.095934,0.341695,0.045497
0.097343,0.340026,0.042699
0.100423,0.340444,0.043253
0.103250,0.342167,0.043359
0.102899,0.340727,0.042151
0.104135,0.341267,0.039200
0.104323,0.341205,0.039803
0.105540,0.342793,0.040398
0.108645,0.341787,0.039144
0.109739,0.341953,0.038335
0.111344,0.341537,0.036469
0.109724,0.343138,0.038279
0.112090,0.342079,0.034222
0.116074,0.342734,0.033004
0.115913,0.342487,0.030197
0.116903,0.341197,0.029320
0.117687,0.342181,0.029405
0.120197,0.343067,0.025445
0.121584,0.342250,0.024830
0.123438,0.341344,0.023772
0.123889,0.343219,0.022158
0.125953,0.343376,0.020185
0.127248,0.343945,0.017493
0.128348,0.341464,0.014969
0.131017,0.343718,0.012545
0.132189,0.345207,0.009293
0.133769,0.345826,0.007118
0.136025,0.344330,-0.001125
-0.163975,0.348735,-0.040628
-0.158974,0.349409,-0.032195
-0.158053,0.347499,-0.026942
-0.157842,0.348279,-0.021841
-0.156033,0.346501,-0.013091
-0.152475,0.346180,-0.012787
-0.152640,0.346532,-0.008434
-0.149590,0.347059,-0.006118
-0.148490,0.345741,-0.003577
-0.147343,0.345155,-0.000684
-0.145969,0.344230,0.001518
-0.143439,0.346928,0.002165
-0.143693,0.345526,0.007425
-0.140678,0.347297,0.009593
-0.139837,0.343468,0.013027
-0.137398,0.344985,0.017073
-0.136760,0.346047,0.020698
-0.135539,0.342646,0.023501
-0.134288,0.342616,0.025183
-0.130606,0.344763,0.026964
-0.130168,0.344553,0.030156
-0.127482,0.343407,0.030171
-0.125976,0.345238,0.034735
-0.124527,0.341576,0.036138
-0.124151,0.343894,0.037808
-0.122590,0.345185,0.038832
-0.122891,0.340712,0.039849
-0.120557,0.344672,0.040781
-0.118482,0.342056,0.045040
-0.115632,0.343635,0.045291
-0.115203,0.341247,0.046858
-0.116382,0.341463,0.047387
-0.113908,0.341870,0.048150
-0.111961,0.340790,0.049454
-0.109665,0.341414,0.048240
-0.108700,0.341224,0.050949
-0.106934,0.342444,0.050757
-0.107138,0.341895,0.049782
-0.105041,0.341964,0.051704
-0.104846,0.342067,0.052434
-0.101437,0.343844,0.052389
-0.100057,0.342450,0.052596
-0.098690,0.342300,0.052057
-0.096604,0.341860,0.053151
-0.094471,0.340255,0.054323
-0.095121,0.343394,0.056361
-0.093656,0.343702,0.055258
-0.091947,0.342899,0.057283
-0.090392,0.343511,0.055836
-0.089843,0.343448,0.059255
-0.087816,0.341456,0.060760
-0.085434,0.340790,0.059694
-0.083675,0.341648,0.060479
-0.083352,0.339587,0.062126
-0.081746,0.342244,0.061582
-0.080808,0.339809,0.060339
-0.078715,0.341634,0.062565
-0.076544,0.339977,0.065264
-0.077695,0.342126,0.064757
-0.075680,0.342076,0.064861
-0.073492,0.341562,0.066674
-0.072344,0.340367,0.065514
-0.070801,0.342677,0.065129
-0.069116,0.339739,0.066311
-0.068468,0.342634,0.067647
-0.066005,0.340634,0.067901
-0.066056,0.341534,0.066718
-0.063306,0.340304,0.068191
-0.061335,0.341622,0.069800
-0.060271,0.339883,0.069239
-0.061153,0.341363,0.070027
-0.057861,0.340494,0.068133
-0.058320,0.339374,0.071002
-0.055373,0.341015,0.068766
-0.054719,0.343137,0.068943
-0.052056,0.340581,0.070675
-0.050206,0.341809,0.070479
-0.050788,0.340167,0.071652
-0.048793,0.340660,0.071377
-0.047927,0.341273,0.072155
-0.046951,0.341384,0.071096
-0.045398,0.342391,0.072425
-0.044583,0.340036,0.074766
-0.040826,0.340250,0.073592
-0.041693,0.339986,0.073359
-0.040694,0.340428,0.073505
-0.038515,0.340079,0.073371
-0.038494,0.340728,0.073385
-0.036119,0.341896,0.073053
-0.035103,0.340351,0.071475
-0.030934,0.341433,0.073634
-0.031701,0.339545,0.073843
-0.030130,0.340245,0.072018
-0.029359,0.342545,0.071177
-0.027231,0.340809,0.072497
-0.027471,0.338364,0.073171
-0.024450,0.341946,0.073310
-0.024682,0.342135,0.071338
-0.023148,0.339290,0.070543
-0.020762,0.342346,0.071258
-0.017824,0.342543,0.071854
-0.018750,0.341643,0.070727
-0.017350,0.341808,0.069745
-0.014514,0.338722,0.070217
-0.013520,0.343274,0.070930
-0.013697,0.341957,0.070140
-0.009420,0.341240,0.069288
-0.010837,0.340569,0.067579
-0.009657,0.338071,0.067924
-0.007418,0.342305,0.067589
-0.007353,0.340791,0.067904
-0.003425,0.341517,0.067348
-0.002688,0.340795,0.066825
-0.003411,0.342926,0.067954
0.000191,0.342097,0.065523
0.001406,0.340817,0.065703
0.002675,0.343315,0.064403
0.004998,0.340046,0.064063
0.004356,0.342148,0.061347
0.005665,0.341194,0.061150
0.007348,0.342450,0.061083
0.007573,0.343133,0.060213
0.010449,0.341322,0.060960
0.012324,0.340515,0.060096
0.011170,0.342541,0.058518
0.014518,0.342084,0.058715
0.016869,0.342136,0.058776
0.016157,0.341795,0.056035
0.018704,0.342359,0.058137
0.019862,0.341064,0.057213
0.021604,0.342291,0.055982
0.023524,0.342218,0.057278
0.024746,0.342680,0.055058
0.024467,0.341430,0.055911
0.027025,0.341092,0.056759
0.027667,0.343685,0.055530
0.027386,0.341829,0.055888
0.030091,0.340952,0.055410
0.032347,0.343963,0.054137
0.032759,0.342551,0.055219
0.035083,0.342257,0.054711
0.037312,0.342493,0.054479
0.037909,0.340954,0.056130
0.039502,0.342899,0.056797
0.040727,0.341720,0.054105
0.042130,0.341316,0.054747
0.042415,0.342488,0.058113
0.045098,0.343704,0.057018
0.046989,0.343156,0.056444
0.047306,0.342628,0.057152
0.046063,0.340933,0.055833
0.048816,0.342151,0.056482
0.052375,0.342426,0.055320
0.051290,0.341828,0.055109
0.054699,0.341563,0.055478
0.054840,0.342486,0.055816
0.056416,0.341568,0.054889
0.058137,0.342639,0.054399
0.059951,0.341740,0.054791
0.060976,0.341707,0.055471
0.061020,0.342374,0.054016
0.062959,0.340388,0.053198
0.066326,0.341503,0.055357
0.066428,0.342991,0.052715
0.066911,0.343037,0.053877
0.068723,0.344509,0.052164
0.070566,0.342924,0.053906
0.071414,0.342810,0.052234
0.072397,0.343605,0.053951
0.074948,0.342250,0.051858
0.075218,0.343888,0.051329
0.075098,0.341780,0.050492
0.078451,0.341632,0.049633
0.079510,0.341892,0.051001
0.080587,0.343168,0.050693
0.082772,0.342480,0.048621
0.082933,0.342997,0.049408
0.085751,0.342181,0.046790
0.086736,0.343311,0.047488
0.088427,0.344103,0.046288
0.089214,0.342181,0.047968
0.093030,0.342159,0.045927
0.090451,0.345049,0.045318
0.094353,0.342291,0.044806
0.095391,0.344164,0.044976
0.095685,0.343877,0.043461
0.097387,0.342987,0.041741
0.099643,0.343854,0.045071
0.100754,0.342295,0.044952
0.101858,0.343337,0.041529
0.101461,0.343916,0.041696
0.106449,0.342832,0.042936
0.107035,0.344093,0.039894
0.107662,0.343631,0.039732
0.110427,0.342200,0.038053
0.110865,0.343346,0.037563
0.111499,0.342950,0.037622
0.114733,0.342737,0.033689
0.114001,0.345596,0.034807
0.116034,0.342513,0.031694
0.118249,0.342214,0.029515
0.118831,0.344236,0.027587
0.121544,0.344833,0.026113
0.121921,0.345770,0.025450
0.123069,0.343822,0.021852
0.125501,0.343701,0.018903
0.126944,0.344962,0.016662
0.127572,0.345301,0.016726
0.127967,0.345175,0.012582
0.130198,0.346250,0.011467
0.132485,0.346313,0.007654
0.132809,0.345948,0.004765
0.136074,0.347614,-0.001438
-0.164176,0.350943,-0.044802
-0.161580,0.350579,-0.038652
-0.159634,0.349650,-0.033499
-0.159033,0.347637,-0.024955
-0.156455,0.349783,-0.021593
-0.156033,0.348107,-0.012538
-0.152785,0.348304,-0.011059
-0.151771,0.347833,-0.006427
-0.150255,0.348476,-0.004218
-0.147731,0.348927,-0.001822
-0.147719,0.346770,0.000914
-0.145180,0.347281,0.004950
-0.144693,0.348480,0.004750
-0.140724,0.347905,0.008719
-0.139673,0.346826,0.011487
-0.137991,0.345493,0.015551
-0.135511,0.346478,0.019061
-0.138001,0.347211,0.021518
-0.134394,0.345786,0.024809
-0.133816,0.346713,0.025799
-0.132977,0.345728,0.028973
-0.127960,0.345180,0.029291
-0.127823,0.346492,0.034230
-0.126727,0.344248,0.032531
-0.127008,0.345186,0.037343
-0.122670,0.343466,0.038705
-0.121975,0.345678,0.038653
-0.118936,0.345882,0.038390
-0.119388,0.344308,0.043007
-0.118080,0.342781,0.042722
-0.117719,0.344091,0.042896
-0.116763,0.344659,0.049555
-0.114375,0.341528,0.047210
-0.112426,0.344401,0.045736
-0.111138,0.343467,0.047482
-0.110057,0.345095,0.047755
-0.110264,0.345945,0.048469
-0.107510,0.345231,0.048769
-0.105333,0.343856,0.050118
-0.104068,0.343143,0.050314
-0.102948,0.343836,0.051160
-0.101296,0.342805,0.051033
-0.101162,0.343981,0.053509
-0.099914,0.342997,0.052933
-0.096646,0.343395,0.053798
-0.096952,0.343687,0.054591
-0.095518,0.343949,0.055692
-0.093421,0.342546,0.056662
-0.091528,0.345821,0.056564
-0.089287,0.343137,0.057456
-0.090052,0.343553,0.056890
-0.088024,0.344134,0.060143
-0.087771,0.343047,0.059777
-0.084552,0.343819,0.059750
-0.082862,0.344240,0.058154
-0.080940,0.343636,0.061162
-0.079416,0.343445,0.060536
-0.080576,0.343885,0.061303
-0.078830,0.342973,0.061586
-0.077129,0.345299,0.063062
-0.075131,0.344145,0.063580
-0.074011,0.342562,0.063296
-0.073047,0.342723,0.063552
-0.069803,0.341190,0.063763
-0.069305,0.343358,0.065489
-0.067750,0.342984,0.065046
-0.067497,0.343459,0.067384
-0.066930,0.342027,0.068247
-0.063768,0.342178,0.065576
-0.062186,0.343706,0.066306
-0.061570,0.343159,0.067939
-0.059738,0.342877,0.069542
-0.056545,0.342673,0.066138
-0.057208,0.342354,0.068319
-0.056576,0.343408,0.067973
-0.054392,0.343588,0.067336
-0.053500,0.343319,0.070246
-0.050249,0.342730,0.069158
-0.051789,0.343222,0.068994
-0.049517,0.342888,0.072067
-0.046621,0.343485,0.071759
-0.045787,0.342269,0.072911
-0.044435,0.343682,0.071085
-0.043829,0.343105,0.070431
-0.042594,0.341792,0.071991
-0.041119,0.343499,0.071868
-0.039483,0.343642,0.070616
-0.038615,0.343316,0.071504
-0.036849,0.341505,0.073562
-0.035976,0.342206,0.071585
-0.033835,0.342914,0.071307
-0.032171,0.342702,0.072399
-0.030939,0.342755,0.071054
-0.030549,0.341904,0.070229
-0.028784,0.343630,0.072251
-0.027370,0.342331,0.070664
-0.024913,0.342454,0.072187
-0.025293,0.341851,0.070757
-0.023589,0.341784,0.070632
-0.021956,0.342994,0.072516
-0.018540,0.342240,0.068746
-0.019989,0.342230,0.068694
-0.016475,0.342833,0.070522
-0.015911,0.341514,0.069809
-0.016076,0.341757,0.070467
-0.013459,0.342590,0.068166
-0.012553,0.341532,0.069662
-0.010182,0.341938,0.068479
-0.008253,0.342205,0.068255
-0.008016,0.343644,0.069251
-0.008304,0.345422,0.066595
-0.006087,0.343255,0.067766
-0.005022,0.342933,0.066159
-0.002969,0.343397,0.066216
-0.002362,0.344592,0.064936
-0.001243,0.343233,0.065427
0.002386,0.342773,0.066759
0.001665,0.342517,0.064696
0.003840,0.341920,0.061467
0.004579,0.342217,0.064393
0.004550,0.342391,0.062359
0.007136,0.343070,0.060670
0.010380,0.341785,0.062407
0.010618,0.343618,0.059923
0.011454,0.344237,0.059154
0.012500,0.343860,0.060845
0.015746,0.343567,0.061162
0.016061,0.342508,0.059363
0.017108,0.343320,0.059034
0.017164,0.342490,0.058033
0.020028,0.342760,0.057697
0.021335,0.345439,0.057866
0.021239,0.344355,0.056233
0.024412,0.344813,0.055554
0.024283,0.343449,0.055931
0.028050,0.344667,0.057896
0.027719,0.344148,0.057100
0.030175,0.345617,0.055730
0.029747,0.344394,0.053291
0.029808,0.344092,0.053213
0.033977,0.344925,0.054717
0.035741,0.345209,0.054468
0.036241,0.343068,0.054782
0.037276,0.343689,0.053527
0.038785,0.343378,0.055538
0.039872,0.343327,0.055918
0.040021,0.344305,0.055918
0.043173,0.343681,0.054664
0.046519,0.344503,0.056394
0.046246,0.344694,0.055451
0.048975,0.343669,0.054121
0.048369,0.346490,0.057412
0.050654,0.345542,0.055119
0.049595,0.342279,0.055849
0.051630,0.344986,0.054880
0.054617,0.343826,0.057265
0.054859,0.343340,0.054844
0.056352,0.342653,0.054819
0.058826,0.343722,0.054446
0.057869,0.345650,0.054480
0.061085,0.345649,0.053883
0.058598,0.343570,0.054739
0.062740,0.343259,0.053277
0.065530,0.344742,0.054532
0.064838,0.343130,0.051517
0.066705,0.345032,0.052187
0.070490,0.345395,0.053431
0.072144,0.344444,0.051609
0.070968,0.345503,0.052168
0.073644,0.344931,0.050150
0.073356,0.342752,0.050797
0.076025,0.344649,0.051023
0.076032,0.343776,0.051790
0.079991,0.344920,0.051435
0.081566,0.343568,0.049211
0.081923,0.345848,0.049504
0.081648,0.344509,0.049193
0.084509,0.345602,0.047846
0.084835,0.344352,0.047318
0.087421,0.343016,0.048152
0.089524,0.343504,0.046660
0.088106,0.343178,0.045406
0.089720,0.343551,0.043909
0.093793,0.344677,0.044811
0.095481,0.345863,0.043487
0.093541,0.345753,0.044070
0.096602,0.345635,0.042965
0.097726,0.343179,0.043885
0.098120,0.343835,0.042087
0.099301,0.344813,0.042517
0.100605,0.344773,0.041409
0.100989,0.342969,0.040796
0.102912,0.344908,0.040122
0.106551,0.344224,0.040388
0.108434,0.344230,0.039114
0.108822,0.344483,0.037022
0.111533,0.344428,0.037527
0.111203,0.346950,0.036431
0.114243,0.343535,0.033939
0.114072,0.345244,0.032490
0.114634,0.347058,0.032557
0.117154,0.343740,0.030207
0.119248,0.346447,0.029172
0.118773,0.345996,0.026286
0.122602,0.347168,0.022788
0.123821,0.344293,0.021517
0.122884,0.345310,0.020087
0.127114,0.345729,0.017947
0.127974,0.345296,0.015768
0.128649,0.344658,0.013170
0.131868,0.348077,0.010014
0.131765,0.346772,0.008182
0.134903,0.345963,0.001637
0.136418,0.349177,-0.003493
-0.163375,0.352780,-0.044778
-0.161400,0.352322,-0.039664
-0.159071,0.350235,-0.031079
-0.158901,0.351444,-0.025050
-0.156391,0.351346,-0.016833
-0.154503,0.350286,-0.009332
-0.153424,0.349271,-0.006913
-0.151132,0.347670,-0.005185
-0.149425,0.350631,-0.001298
-0.148454,0.348900,-0.001178
-0.147111,0.350323,0.001143
-0.145079,0.349658,0.006464
-0.143358,0.348008,0.006369
-0.141979,0.347609,0.010986
-0.140835,0.347177,0.014020
-0.140094,0.347499,0.019433
-0.136460,0.345601,0.020960
-0.134169,0.347786,0.025699
-0.135717,0.346565,0.025814
-0.133075,0.347889,0.026599
-0.130872,0.346983,0.030175
-0.130589,0.347484,0.032034
-0.128002,0.347178,0.032991
-0.126119,0.347246,0.034597
-0.126518,0.347866,0.035468
-0.123221,0.346357,0.037311
-0.122557,0.345784,0.037596
-0.120668,0.346659,0.040772
-0.119264,0.345797,0.042804
-0.117539,0.346974,0.044901
-0.118902,0.346580,0.045988
-0.114306,0.345958,0.046386
-0.112120,0.346251,0.047339
-0.113211,0.347816,0.048456
-0.110444,0.346029,0.047891
-0.109774,0.346719,0.048924
-0.107295,0.344792,0.049058
-0.107978,0.347976,0.048446
-0.105796,0.345373,0.049331
-0.104172,0.347018,0.051600
-0.103155,0.345447,0.051176
-0.101370,0.344604,0.051455
-0.100297,0.344825,0.052195
-0.099015,0.345540,0.053762
-0.097877,0.346777,0.052844
-0.097384,0.346649,0.054750
-0.095107,0.344580,0.053521
-0.095014,0.344826,0.054297
-0.092793,0.345654,0.054786
-0.090805,0.343169,0.054974
-0.089002,0.344880,0.056191
-0.087207,0.344271,0.056929
-0.085568,0.344763,0.057554
-0.087251,0.344602,0.059236
-0.080546,0.343771,0.057409
-0.082697,0.345653,0.060561
-0.082123,0.345084,0.058258
-0.078739,0.346519,0.060592
-0.078465,0.344977,0.059189
-0.075089,0.344842,0.064003
-0.074977,0.345075,0.063458
-0.073298,0.344652,0.065402
-0.072310,0.342080,0.063063
-0.071662,0.343322,0.063262
-0.070756,0.344172,0.064716
-0.067671,0.345711,0.063909
-0.068143,0.345996,0.065566
-0.065170,0.343485,0.066626
-0.064551,0.344106,0.066291
-0.063320,0.346604,0.068072
-0.060678,0.345255,0.067271
-0.060643,0.345297,0.067867
-0.058820,0.344220,0.064795
-0.058688,0.344476,0.067396
-0.058283,0.342657,0.068621
-0.054737,0.343633,0.068098
-0.053611,0.343646,0.068653
-0.051343,0.345354,0.068598
-0.051576,0.344014,0.070212
-0.049490,0.345007,0.069850
-0.047427,0.343971,0.070199
-0.047067,0.342435,0.072412
-0.044044,0.344092,0.069907
-0.044600,0.343376,0.071173
-0.043208,0.343822,0.070743
-0.041120,0.343066,0.072383
-0.041423,0.344676,0.070321
-0.039166,0.344386,0.070496
-0.035684,0.344741,0.071209
-0.036046,0.344801,0.070292
-0.035079,0.344522,0.070969
-0.032586,0.344725,0.069163
-0.031412,0.344037,0.072380
-0.031112,0.344641,0.070967
-0.030023,0.344544,0.070586
-0.025492,0.344624,0.069755
-0.025638,0.343342,0.068601
-0.023813,0.344160,0.072502
-0.021584,0.345311,0.070389
-0.022878,0.345927,0.070102
-0.019204,0.344554,0.071201
-0.017687,0.342407,0.071488
-0.019714,0.345248,0.069944
-0.016871,0.345075,0.069494
-0.016154,0.344845,0.069904
-0.014675,0.343937,0.072891
-0.011458,0.342992,0.067670
-0.011359,0.343493,0.067588
-0.007996,0.342848,0.068155
-0.009001,0.344733,0.068369
-0.006740,0.344445,0.067007
-0.006756,0.343937,0.066041
-0.004335,0.344177,0.065939
-0.003167,0.345949,0.066274
-0.000853,0.343281,0.066395
-0.000248,0.342224,0.064100
0.001391,0.345494,0.062724
0.001883,0.344864,0.063952
0.003186,0.342459,0.063148
0.003391,0.344102,0.062975
0.004252,0.344529,0.062787
0.007060,0.344573,0.059852
0.009409,0.345267,0.059939
0.009894,0.344353,0.060039
0.012053,0.345189,0.060798
0.013378,0.343916,0.059943
0.014970,0.345062,0.059154
0.015675,0.345622,0.058724
0.016177,0.343982,0.058110
0.018926,0.344946,0.056416
0.020670,0.343743,0.057294
0.020304,0.345697,0.057712
0.021289,0.345625,0.056560
0.024311,0.346203,0.057328
0.024195,0.344519,0.057342
0.028403,0.346630,0.057700
0.027585,0.347015,0.054966
0.029556,0.344348,0.053705
0.030206,0.343399,0.054644
0.032070,0.345709,0.055477
0.033732,0.346646,0.056565
0.034759,0.345419,0.056699
0.037005,0.344813,0.054681
0.037387,0.345260,0.055885
0.039275,0.345299,0.054937
0.040545,0.343724,0.056509
0.042693,0.345376,0.056347
0.043132,0.345978,0.054699
0.044105,0.344416,0.056094
0.044929,0.344485,0.054204
0.047677,0.345417,0.055974
0.047852,0.344537,0.054362
0.049842,0.345520,0.054491
0.052107,0.342652,0.054476
0.052046,0.344152,0.054785
0.054279,0.345449,0.054612
0.056296,0.344794,0.055984
0.057534,0.344903,0.054200
0.057000,0.344662,0.055431
0.057710,0.345085,0.054644
0.058297,0.344674,0.054141
0.062608,0.344887,0.053829
0.064155,0.344974,0.052264
0.064362,0.345725,0.055172
0.064691,0.344193,0.051740
0.067276,0.345729,0.051530
0.068948,0.346393,0.051141
0.070354,0.346230,0.051986
0.071602,0.345224,0.049511
0.073257,0.345685,0.050913
0.074492,0.346121,0.050600
0.074814,0.345664,0.050315
0.077263,0.345678,0.049697
0.079480,0.345192,0.047850
0.079710,0.346031,0.048455
0.081841,0.345878,0.048704
0.082867,0.346738,0.048925
0.084431,0.345667,0.047771
0.085243,0.344586,0.047228
0.086504,0.347546,0.047070
0.088460,0.345703,0.046100
0.090305,0.346379,0.046365
0.089864,0.346250,0.045700
0.092732,0.346362,0.044799
0.093875,0.344854,0.042793
0.095385,0.345519,0.044152
0.096382,0.346853,0.043171
0.099235,0.344774,0.041530
0.098001,0.344951,0.042685
0.099889,0.347358,0.041954
0.099423,0.346467,0.041023
0.103040,0.346961,0.040019
0.105004,0.346817,0.040514
0.105569,0.344455,0.036901
0.107283,0.346183,0.035782
0.109156,0.345322,0.035875
0.109738,0.346016,0.033709
0.111080,0.347850,0.034773
0.113336,0.345628,0.032939
0.115214,0.347216,0.031497
0.116386,0.346814,0.033772
0.117759,0.345159,0.028989
0.118321,0.346733,0.025945
0.119871,0.348402,0.025186
0.121003,0.348586,0.022532
0.123067,0.346279,0.020779
0.125188,0.347239,0.017560
0.126583,0.348602,0.017341
0.129115,0.348257,0.014966
0.128901,0.347708,0.010790
0.129520,0.347723,0.006784
0.131789,0.347783,0.004362
0.131348,0.349740,-0.000222
0.136994,0.347515,-0.003960
-0.166670,0.353890,-0.048680
-0.163713,0.353236,-0.042092
-0.160822,0.354291,-0.033795
-0.160151,0.353615,-0.030366
-0.157717,0.353386,-0.023257
-0.157481,0.351401,-0.016562
-0.155983,0.350824,-0.008851
-0.152162,0.350618,-0.005138
-0.151064,0.349477,-0.001836
-0.151623,0.351190,-0.002465
-0.147975,0.351263,0.001950
-0.146240,0.350935,0.005849
-0.145282,0.351493,0.004864
-0.145596,0.349049,0.010098
-0.141908,0.349923,0.010630
-0.141667,0.349504,0.016445
-0.138076,0.348480,0.020827
-0.138184,0.349863,0.024324
-0.135874,0.348891,0.027123
-0.135703,0.348630,0.027983
-0.133201,0.348944,0.029681
-0.130990,0.348024,0.031666
-0.130142,0.347953,0.032511
-0.128784,0.349746,0.034071
-0.127973,0.348577,0.037418
-0.125778,0.348519,0.036834
-0.125987,0.349459,0.039978
-0.122746,0.348053,0.039782
-0.121667,0.348336,0.041785
-0.121116,0.347233,0.040847
-0.119175,0.347286,0.044657
-0.115962,0.346857,0.044912
-0.115171,0.346843,0.045193
-0.114078,0.346969,0.047711
-0.112150,0.348461,0.047093
-0.113100,0.345382,0.048747
-0.109472,0.346585,0.048599
-0.109896,0.346150,0.050646
-0.107245,0.346957,0.050993
-0.106195,0.347206,0.049239
-0.104428,0.346383,0.049126
-0.104947,0.346805,0.050832
-0.101294,0.347061,0.053562
-0.099622,0.346086,0.053516
-0.099468,0.346595,0.052230
-0.099443,0.346694,0.054594
-0.096288,0.349058,0.053677
-0.094111,0.347109,0.054120
-0.092307,0.345921,0.054740
-0.090248,0.345934,0.055922
-0.089505,0.348610,0.054674
-0.089463,0.347950,0.056218
-0.088525,0.347456,0.057181
-0.087439,0.347219,0.058103
-0.084274,0.348454,0.058610
-0.082699,0.345965,0.057249
-0.082414,0.345539,0.059781
-0.081001,0.346982,0.059274
-0.079351,0.344638,0.058498
-0.076256,0.346952,0.060450
-0.076831,0.346772,0.059946
-0.073881,0.347422,0.059918
-0.072945,0.345900,0.060554
-0.072480,0.346927,0.063784
-0.071248,0.344565,0.062902
-0.069766,0.345938,0.062221
-0.067780,0.346916,0.064241
-0.066390,0.346218,0.064079
-0.064787,0.346274,0.065752
-0.063490,0.346998,0.064945
-0.064920,0.345180,0.065154
-0.060558,0.347272,0.065588
-0.060043,0.345403,0.065927
-0.060482,0.345797,0.065038
-0.058039,0.347209,0.068894
-0.056547,0.344886,0.066803
-0.055354,0.345092,0.069713
-0.053363,0.344803,0.067693
-0.051527,0.347288,0.070015
-0.047610,0.347137,0.068935
-0.049527,0.346241,0.066779
-0.049596,0.346083,0.068442
-0.045113,0.345436,0.070824
-0.044726,0.344683,0.068250
-0.043463,0.346742,0.070749
-0.042902,0.347284,0.070122
-0.042648,0.345641,0.068534
-0.040572,0.344924,0.069662
-0.039291,0.345259,0.070301
-0.036095,0.346652,0.070639
-0.034388,0.346066,0.071912
-0.035137,0.346507,0.070923
-0.032546,0.345042,0.070487
-0.030002,0.345156,0.068494
-0.031476,0.346355,0.069728
-0.029847,0.346561,0.067615
-0.026623,0.345842,0.070298
-0.026682,0.345832,0.068525
-0.025149,0.346811,0.068984
-0.023551,0.346023,0.071798
-0.023909,0.345540,0.069678
-0.020721,0.345695,0.070426
-0.020699,0.343870,0.069971
-0.018880,0.346056,0.069357
-0.016918,0.346093,0.068321
-0.014722,0.346627,0.069500
-0.012938,0.346005,0.069780
-0.012573,0.346533,0.068773
-0.010514,0.346773,0.066211
-0.010755,0.346744,0.065247
-0.008722,0.346208,0.066770
-0.008569,0.346224,0.066088
-0.007396,0.345283,0.067162
-0.004948,0.345881,0.065086
-0.003345,0.345524,0.065160
-0.001849,0.346711,0.065450
0.003219,0.346768,0.064420
-0.001435,0.345141,0.061737
0.000988,0.345670,0.063269
0.004943,0.347137,0.062393
0.005740,0.345897,0.061915
0.006017,0.346074,0.059457
0.005632,0.347622,0.060137
0.008553,0.346616,0.059971
0.011264,0.346455,0.060486
0.010843,0.347816,0.058506
0.013963,0.346172,0.060120
0.014290,0.346613,0.060120
0.016340,0.346347,0.058571
0.019205,0.345746,0.058090
0.019973,0.345319,0.056402
0.021660,0.346585,0.056235
0.019372,0.347687,0.054627
0.023017,0.345475,0.056451
0.025034,0.347363,0.056311
0.029123,0.346185,0.055874
0.026725,0.347096,0.056966
0.026976,0.346504,0.055169
0.031128,0.347885,0.054187
0.030219,0.344463,0.054071
0.032420,0.346767,0.056106
0.033983,0.347078,0.054113
0.035959,0.346944,0.055597
0.038244,0.347638,0.054788
0.037705,0.347464,0.055205
0.038079,0.347284,0.055373
0.039852,0.344648,0.055090
0.041675,0.349706,0.056206
0.043685,0.345834,0.056690
0.046417,0.346707,0.053760
0.046008,0.347033,0.057563
0.046591,0.348096,0.054801
0.048215,0.346877,0.055464
0.050743,0.345852,0.054970
0.050163,0.347865,0.054155
0.052901,0.348092,0.054027
0.052990,0.348146,0.055914
0.056460,0.348592,0.054138
0.055438,0.345646,0.055700
0.059279,0.344482,0.051401
0.059040,0.346710,0.053901
0.059630,0.346835,0.053090
0.062787,0.347040,0.053673
0.062648,0.348015,0.051020
0.064788,0.346761,0.051933
0.065830,0.346805,0.052529
0.067115,0.346417,0.053347
0.069990,0.347198,0.052899
0.068572,0.346860,0.051415
0.072187,0.346353,0.049941
0.072991,0.347129,0.050275
0.073371,0.347589,0.049972
0.076632,0.348393,0.049956
0.078389,0.347695,0.050336
0.077112,0.346447,0.048905
0.080880,0.348059,0.048611
0.081556,0.348059,0.048420
0.083574,0.348693,0.045606
0.084516,0.348599,0.045884
0.085536,0.347648,0.045349
0.085864,0.347317,0.045257
0.086401,0.346046,0.045695
0.088294,0.348713,0.044809
0.089295,0.347350,0.044421
0.091908,0.347075,0.042781
0.093020,0.346429,0.044395
0.095714,0.348610,0.041581
0.096126,0.347719,0.042437
0.095470,0.347046,0.041060
0.099359,0.347341,0.040418
0.100637,0.349482,0.040971
0.102755,0.347687,0.040410
0.103106,0.349088,0.038726
0.105631,0.348590,0.039761
0.106008,0.350143,0.038520
0.106542,0.348239,0.036814
0.109581,0.347394,0.037827
0.110980,0.350207,0.035761
0.111218,0.348704,0.033550
0.112558,0.348567,0.032870
0.115835,0.349759,0.030877
0.117405,0.349541,0.030239
0.117757,0.349316,0.028599
0.119454,0.347195,0.023959
0.119468,0.349811,0.024478
0.122414,0.347186,0.022234
0.123310,0.348147,0.017710
0.126453,0.349426,0.015864
0.124402,0.348911,0.015757
0.128301,0.350735,0.012066
0.128203,0.350246,0.011847
0.132273,0.349544,0.006785
0.131740,0.350172,0.002650
0.133191,0.351303,-0.000132
0.134886,0.352337,-0.005414
-0.163939,0.355742,-0.047552
-0.165086,0.352865,-0.039913
-0.162088,0.353880,-0.035103
-0.160939,0.353742,-0.027151
-0.158154,0.354391,-0.021221
-0.156262,0.352932,-0.014069
-0.154535,0.353510,-0.007588
-0.153077,0.353514,-0.005189
-0.150738,0.353072,-0.001150
-0.150069,0.354190,0.000458
-0.148186,0.353232,0.004459
-0.147342,0.350241,0.003203
-0.145744,0.351083,0.008107
-0.143620,0.350876,0.011425
-0.141456,0.349326,0.015839
-0.138860,0.353148,0.019342
-0.138944,0.350360,0.024018
-0.137727,0.349814,0.027769
-0.135841,0.349558,0.025062
-0.134560,0.350122,0.028719
-0.131579,0.350174,0.031422
-0.132723,0.351277,0.031733
-0.129624,0.351237,0.033183
-0.128580,0.348778,0.034933
-0.127135,0.348543,0.035143
-0.124800,0.348708,0.036873
-0.124854,0.352608,0.039512
-0.123773,0.351398,0.038613
-0.120427,0.348568,0.040282
-0.120269,0.348727,0.042845
-0.119042,0.347848,0.043108
-0.116321,0.348625,0.044224
-0.115404,0.349606,0.046636
-0.114908,0.348322,0.046969
-0.113314,0.348905,0.047987
-0.111703,0.348031,0.046499
-0.109264,0.348869,0.047818
-0.107623,0.348931,0.050824
-0.108219,0.347495,0.048616
-0.105512,0.349992,0.048569
-0.103612,0.348836,0.049741
-0.103178,0.349011,0.051094
-0.101082,0.348629,0.047953
-0.098974,0.349581,0.051716
-0.098786,0.347972,0.052701
-0.096696,0.350011,0.053167
-0.096104,0.347409,0.054689
-0.094039,0.347813,0.053660
-0.092899,0.349061,0.053951
-0.093887,0.346513,0.055103
-0.091216,0.349130,0.054595
-0.089425,0.348426,0.055581
-0.086649,0.350777,0.055243
-0.085458,0.348209,0.055535
-0.084423,0.349550,0.056201
-0.084681,0.347353,0.056069
-0.080388,0.347667,0.057356
-0.080986,0.347900,0.058958
-0.079619,0.348687,0.059984
-0.077980,0.347451,0.059548
-0.077541,0.347993,0.059023
-0.077246,0.348203,0.059046
-0.074766,0.348221,0.061867
-0.072936,0.348948,0.061816
-0.073642,0.347228,0.062629
-0.069566,0.350302,0.062913
-0.070319,0.347703,0.063660
-0.067318,0.349856,0.064395
-0.065087,0.347965,0.063892
-0.064577,0.346102,0.065714
-0.063952,0.346881,0.066903
-0.061109,0.349704,0.066726
-0.060332,0.345800,0.065086
-0.059108,0.346264,0.065501
-0.057238,0.347778,0.066308
-0.055978,0.346269,0.066499
-0.055073,0.347963,0.066920
-0.055000,0.348055,0.066917
-0.052171,0.347698,0.069077
-0.051990,0.347909,0.067294
-0.049664,0.348278,0.067061
-0.047923,0.349281,0.066913
-0.047636,0.348698,0.070091
-0.046288,0.347328,0.067814
-0.045439,0.346368,0.070457
-0.043186,0.346320,0.069806
-0.039669,0.347195,0.069751
-0.039837,0.348310,0.068632
-0.037037,0.346944,0.068530
-0.035036,0.347699,0.069489
-0.035127,0.346896,0.070538
-0.034032,0.347936,0.069982
-0.031001,0.347595,0.070228
-0.032029,0.347435,0.069279
-0.031439,0.347435,0.070063
-0.030534,0.347733,0.071556
-0.026973,0.345390,0.069488
-0.026776,0.347359,0.070849
-0.024791,0.345228,0.070473
-0.022310,0.348228,0.070219
-0.021214,0.347684,0.070205
-0.021371,0.347934,0.071329
-0.019032,0.346562,0.067797
-0.018574,0.348272,0.069751
-0.015918,0.345623,0.067844
-0.014257,0.347241,0.069628
-0.012602,0.345743,0.066272
-0.012267,0.347435,0.068209
-0.011212,0.349633,0.065630
-0.008796,0.347380,0.066857
-0.008428,0.348383,0.065762
-0.007495,0.348044,0.064493
-0.005211,0.348104,0.062529
-0.003925,0.350228,0.066133
-0.003625,0.347922,0.065414
-0.000475,0.346586,0.063790
0.000404,0.348450,0.064853
0.001631,0.348781,0.062066
0.002226,0.347878,0.063527
0.004179,0.347049,0.060960
0.006151,0.347836,0.061155
0.004222,0.348895,0.060830
0.007030,0.347813,0.061589
0.009894,0.348552,0.059688
0.010866,0.347347,0.059226
0.010703,0.348909,0.058670
0.014810,0.349419,0.059762
0.014628,0.347131,0.056615
0.014022,0.349733,0.057771
0.017835,0.348921,0.058843
0.017234,0.348451,0.056222
0.020864,0.348869,0.057042
0.020730,0.348259,0.057105
0.024340,0.348577,0.058659
0.022125,0.347618,0.055493
0.025209,0.348367,0.055842
0.026489,0.347878,0.054613
0.029471,0.349210,0.056227
0.030216,0.348347,0.052323
0.031480,0.347113,0.056101
0.031643,0.348447,0.055985
0.034282,0.349496,0.055507
0.033440,0.349557,0.054114
0.034956,0.349233,0.055348
0.038107,0.349972,0.055125
0.037939,0.349154,0.055660
0.039530,0.348137,0.057543
0.042656,0.348842,0.056007
0.041980,0.348608,0.055394
0.045740,0.347096,0.053796
0.046241,0.347986,0.055390
0.046505,0.348371,0.052619
0.048186,0.348670,0.055481
0.050096,0.348651,0.053205
0.048978,0.348810,0.055721
0.053236,0.348936,0.053856
0.053390,0.349226,0.052151
0.057685,0.350849,0.053682
0.057094,0.347761,0.052854
0.057773,0.348237,0.052799
0.059194,0.347169,0.050668
0.060894,0.348595,0.054125
0.062661,0.348591,0.051601
0.062859,0.347961,0.053378
0.064760,0.348904,0.051916
0.067676,0.349138,0.052552
0.066592,0.348389,0.051474
0.068616,0.349581,0.050533
0.068574,0.349200,0.050771
0.071976,0.349984,0.050385
0.072336,0.350463,0.050454
0.073910,0.348173,0.048517
0.077022,0.347664,0.047395
0.078331,0.349792,0.050088
0.078092,0.349201,0.047924
0.079217,0.348647,0.047432
0.081738,0.347314,0.046408
0.083451,0.350555,0.046259
0.084851,0.348933,0.045606
0.084653,0.348111,0.045771
0.086660,0.347953,0.044350
0.086603,0.347319,0.045107
0.088091,0.347200,0.041683
0.090896,0.349933,0.042969
0.092879,0.349278,0.043596
0.094803,0.350070,0.041773
0.096410,0.346946,0.039323
0.097619,0.349224,0.041953
0.098862,0.348615,0.040157
0.101264,0.350867,0.041717
0.101320,0.352350,0.039704
0.102767,0.350383,0.038671
0.104909,0.349756,0.038547
0.105942,0.350052,0.038011
0.105378,0.348687,0.037750
0.107737,0.349625,0.035959
0.109153,0.349426,0.035801
0.109467,0.349223,0.034572
0.112273,0.348971,0.034341
0.112449,0.349718,0.032893
0.114316,0.349030,0.030036
0.115784,0.350054,0.028822
0.117933,0.351013,0.027355
0.117794,0.349118,0.025198
0.118626,0.351649,0.024302
0.122013,0.352219,0.019305
0.123109,0.351373,0.019167
0.124900,0.350299,0.015479
0.126444,0.353151,0.013321
0.127465,0.351708,0.011344
0.129190,0.352961,0.008218
0.130483,0.354926,0.005266
0.130968,0.354182,0.002224
0.133719,0.352704,-0.002824
0.137185,0.351407,-0.006741
-0.165000,0.359429,-0.054009
-0.163089,0.357505,-0.046065
-0.164316,0.356864,-0.040044
-0.161186,0.355905,-0.033871
-0.159884,0.354836,-0.026370
-0.157583,0.353519,-0.019696
-0.156901,0.356156,-0.012077
-0.154305,0.354267,-0.005662
-0.152479,0.353843,-0.003088
-0.151319,0.354183,-0.001150
-0.147885,0.353206,0.002100
-0.149669,0.353777,0.004155
-0.148120,0.352651,0.006811
-0.145194,0.351968,0.009779
-0.143297,0.353947,0.013883
-0.143330,0.351580,0.017019
-0.138308,0.354067,0.022214
-0.139192,0.350543,0.024378
-0.137885,0.353309,0.027469
-0.137256,0.351346,0.029280
-0.134325,0.351669,0.030019
-0.131784,0.352082,0.032759
-0.131176,0.350244,0.033672
-0.128748,0.352306,0.035956
-0.128259,0.350407,0.035465
-0.126348,0.349241,0.036729
-0.125997,0.352042,0.036349
-0.126412,0.351280,0.038884
-0.123339,0.351218,0.042420
-0.122602,0.352373,0.042660
-0.122025,0.350989,0.042161
-0.119151,0.352050,0.044062
-0.115800,0.350517,0.045119
-0.116254,0.350462,0.045427
-0.114272,0.351285,0.045106
-0.112219,0.349818,0.046572
-0.112532,0.350463,0.046778
-0.110549,0.350381,0.048596
-0.107919,0.350201,0.049434
-0.106822,0.351430,0.049822
-0.105806,0.350823,0.050266
-0.104652,0.350019,0.049942
-0.102233,0.350092,0.049729
-0.102916,0.350590,0.050834
-0.099838,0.348715,0.053193
-0.099114,0.350398,0.051250
-0.098781,0.349624,0.052017
-0.094955,0.349441,0.052680
-0.095467,0.349861,0.052926
-0.092993,0.350263,0.053235
-0.091989,0.350187,0.053599
-0.091109,0.351167,0.053889
-0.088870,0.350428,0.055867
-0.088397,0.351106,0.054925
-0.084725,0.351473,0.056985
-0.085441,0.348859,0.055140
-0.083069,0.349269,0.056712
-0.082248,0.348560,0.058377
-0.081871,0.348926,0.057485
-0.078536,0.349659,0.058797
-0.077584,0.349106,0.059233
-0.077325,0.350566,0.061789
-0.073544,0.349711,0.061006
-0.072587,0.349979,0.060858
-0.071982,0.350692,0.059380
-0.070961,0.349610,0.060835
-0.067882,0.349402,0.061177
-0.065862,0.349885,0.062115
-0.066316,0.348696,0.063431
-0.066288,0.349350,0.063223
-0.062148,0.348822,0.064339
-0.062979,0.349741,0.063844
-0.062608,0.350127,0.065440
-0.059849,0.347778,0.065141
-0.058435,0.347160,0.065679
-0.056008,0.349946,0.065058
-0.056531,0.348366,0.066937
-0.053492,0.349537,0.065671
-0.052250,0.348071,0.067545
-0.051282,0.349242,0.067588
-0.050678,0.346962,0.067005
-0.048519,0.349751,0.065955
-0.046260,0.348481,0.068216
-0.046659,0.350269,0.067134
-0.045201,0.350652,0.068717
-0.041708,0.351013,0.065215
-0.041715,0.348422,0.068364
-0.043037,0.348358,0.067778
-0.040666,0.349237,0.067665
-0.037123,0.349483,0.069036
-0.038834,0.349687,0.069462
-0.037773,0.347609,0.070363
-0.035007,0.348370,0.068827
-0.032406,0.350359,0.068937
-0.031998,0.349143,0.070231
-0.030773,0.349308,0.066322
-0.029122,0.349609,0.067981
-0.027515,0.349510,0.069770
-0.024783,0.348984,0.068588
-0.024571,0.350144,0.068329
-0.023672,0.351197,0.068578
-0.022253,0.349521,0.069427
-0.021123,0.349536,0.070118
-0.018797,0.349124,0.067246
-0.019963,0.349446,0.068421
-0.017244,0.347399,0.069033
-0.015007,0.349123,0.066244
-0.015123,0.348571,0.067315
-0.013175,0.350186,0.068378
-0.012762,0.348564,0.066359
-0.011208,0.348743,0.066504
-0.009008,0.348269,0.067154
-0.009120,0.349228,0.064724
-0.006676,0.347999,0.064763
-0.004525,0.348547,0.066193
-0.002953,0.350578,0.065019
-0.001103,0.350473,0.066597
-0.003714,0.350903,0.065060
0.000923,0.350298,0.062846
0.000913,0.349433,0.063793
0.003824,0.346141,0.062021
0.007029,0.348811,0.060065
0.005442,0.349828,0.060740
0.006933,0.349050,0.060530
0.009619,0.350512,0.060559
0.010097,0.350821,0.059450
0.011021,0.349185,0.059925
0.013560,0.348580,0.058836
0.013642,0.350210,0.057911
0.014652,0.350358,0.058140
0.017181,0.350721,0.055232
0.019729,0.348881,0.058138
0.019096,0.349418,0.055061
0.019003,0.348100,0.058082
0.022065,0.350401,0.057144
0.025120,0.348020,0.054439
0.025757,0.350096,0.054971
0.025087,0.350788,0.054784
0.027472,0.350809,0.056387
0.028601,0.350307,0.052779
0.031666,0.349068,0.052879
0.033807,0.349927,0.056338
0.033803,0.351570,0.055288
0.034273,0.351074,0.056862
0.037635,0.349292,0.055798
0.037078,0.351617,0.054967
0.037785,0.349030,0.055141
0.038683,0.350699,0.056851
0.041889,0.350192,0.055565
0.043967,0.350406,0.052885
0.043527,0.350284,0.055259
0.043852,0.349222,0.054561
0.046129,0.351294,0.054916
0.047485,0.351619,0.054398
0.049651,0.348919,0.057543
0.051150,0.349991,0.055337
0.051107,0.351540,0.053756
0.053295,0.349919,0.054655
0.052796,0.349579,0.053873
0.057524,0.352595,0.052493
0.057380,0.350862,0.052725
0.060426,0.351061,0.052328
0.062265,0.350034,0.051727
0.062260,0.349493,0.051876
0.064134,0.347854,0.050975
0.061979,0.349231,0.049857
0.065808,0.351017,0.049820
0.065903,0.351224,0.049771
0.067152,0.349817,0.049774
0.070525,0.350486,0.050695
0.072751,0.349756,0.051254
0.072320,0.350285,0.046903
0.073373,0.352473,0.049389
0.076249,0.349439,0.047685
0.076848,0.350472,0.046519
0.080710,0.349834,0.047583
0.079453,0.351077,0.047987
0.080654,0.351447,0.046928
0.082406,0.349493,0.045174
0.084436,0.351726,0.046981
0.085419,0.350024,0.045225
0.087250,0.350774,0.044678
0.086840,0.350930,0.042483
0.090813,0.351098,0.042749
0.092205,0.349768,0.042171
0.091675,0.351115,0.041658
0.093227,0.352549,0.042572
0.096428,0.349646,0.042429
0.096237,0.350495,0.042130
0.097060,0.351452,0.042042
0.100132,0.351570,0.040283
0.101221,0.349722,0.039398
0.100909,0.351824,0.040491
0.102817,0.352113,0.039687
0.104634,0.350663,0.038682
0.106274,0.351080,0.035786
0.110413,0.351668,0.036669
0.109706,0.350954,0.035374
0.112014,0.352189,0.035978
0.112291,0.351992,0.031780
0.113582,0.351697,0.031217
0.114210,0.352169,0.028740
0.115953,0.351682,0.028435
0.117966,0.351510,0.024785
0.118524,0.352693,0.023799
0.120089,0.353452,0.022607
0.122358,0.352863,0.017868
0.123202,0.352028,0.015757
0.121777,0.353239,0.013988
0.127201,0.353856,0.013893
0.126474,0.353110,0.011317
0.127469,0.353403,0.007279
0.131197,0.352942,0.004362
0.130528,0.353963,0.000663
0.135265,0.356072,-0.004794
-0.167184,0.359750,-0.050620
-0.166497,0.359624,-0.044917
-0.165986,0.358816,-0.038457
-0.161712,0.359154,-0.032893
-0.158312,0.357095,-0.023932
-0.158475,0.359398,-0.018188
-0.155404,0.356011,-0.012107
-0.155097,0.358355,-0.005737
-0.153797,0.355391,-0.001829
-0.149976,0.356227,0.001265
-0.150689,0.355709,0.003397
-0.148203,0.354368,0.007271
-0.143585,0.353781,0.009599
-0.145270,0.355137,0.011825
-0.142690,0.355103,0.014895
-0.141295,0.353752,0.021154
-0.139791,0.352109,0.023571
-0.139057,0.353848,0.026462
-0.135258,0.354079,0.026717
-0.135967,0.352205,0.028574
-0.132844,0.352994,0.032260
-0.132859,0.354001,0.031525
-0.130587,0.353454,0.033457
-0.129020,0.353130,0.035492
-0.130200,0.352482,0.039322
-0.125477,0.352494,0.037296
-0.123839,0.352369,0.039399
-0.123748,0.352313,0.039866
-0.123849,0.353952,0.040547
-0.121276,0.352578,0.042961
-0.119156,0.352130,0.043040
-0.118056,0.351076,0.042528
-0.117316,0.351775,0.046561
-0.116818,0.354355,0.046253
-0.116494,0.352559,0.045822
-0.113857,0.352583,0.048181
-0.112433,0.351961,0.048368
-0.110672,0.351324,0.047236
-0.107848,0.351160,0.048911
-0.106172,0.352157,0.047319
-0.106985,0.353157,0.050239
-0.104831,0.352597,0.049138
-0.102437,0.351690,0.051499
-0.102605,0.352184,0.050356
-0.101334,0.353036,0.051097
-0.099620,0.350663,0.052718
-0.096907,0.351773,0.051290
-0.097029,0.352917,0.053204
-0.094338,0.350145,0.052559
-0.093346,0.353015,0.052785
-0.092297,0.351075,0.055093
-0.091010,0.352153,0.055778
-0.089330,0.351661,0.054702
-0.087639,0.351159,0.055246
-0.085616,0.350778,0.056154
-0.084092,0.353227,0.055634
-0.084007,0.352554,0.056305
-0.081931,0.348924,0.056380
-0.079578,0.350698,0.057161
-0.082190,0.351481,0.055707
-0.078122,0.352386,0.058982
-0.077106,0.351574,0.059202
-0.074806,0.352737,0.058950
-0.072414,0.351279,0.059197
-0.071853,0.351197,0.060967
-0.070703,0.351829,0.061499
-0.070798,0.350775,0.061222
-0.067306,0.351781,0.061033
-0.067811,0.348828,0.060353
-0.064755,0.350568,0.062841
-0.064785,0.349973,0.062541
-0.064381,0.349293,0.062993
-0.061311,0.351572,0.064449
-0.059483,0.351280,0.064880
-0.058882,0.349893,0.064144
-0.055915,0.351767,0.067086
-0.055043,0.353224,0.065521
-0.054678,0.351924,0.064415
-0.055090,0.352805,0.064360
-0.051418,0.350604,0.066158
-0.050124,0.350384,0.065778
-0.048710,0.349227,0.067219
-0.046706,0.351362,0.065289
-0.046912,0.350453,0.065467
-0.045846,0.351211,0.067095
-0.044190,0.351540,0.066230
-0.041578,0.349459,0.067395
-0.040077,0.348438,0.068171
-0.039906,0.349282,0.067773
-0.039041,0.351434,0.067599
-0.036928,0.350827,0.068956
-0.034775,0.350425,0.067879
-0.032520,0.351166,0.069396
-0.031051,0.350748,0.068294
-0.032092,0.348936,0.067378
-0.032004,0.350363,0.067670
-0.028798,0.350818,0.066455
-0.027000,0.350127,0.067901
-0.026292,0.351852,0.068241
-0.024585,0.350298,0.068584
-0.022560,0.351284,0.069622
-0.021082,0.351692,0.068579
-0.020451,0.348720,0.069176
-0.020114,0.349323,0.067263
-0.017201,0.351002,0.067133
-0.016860,0.351186,0.068408
-0.014801,0.350625,0.068036
-0.014346,0.351296,0.067664
-0.013451,0.350072,0.064570
-0.010218,0.349099,0.065819
-0.008081,0.351345,0.063161
-0.009924,0.351947,0.065568
-0.006613,0.350782,0.066543
-0.006040,0.351286,0.064157
-0.004372,0.350465,0.062918
-0.003726,0.352612,0.064325
-0.001999,0.350740,0.062750
-0.001036,0.352559,0.063509
0.003167,0.351621,0.065197
0.002327,0.349902,0.061883
0.003475,0.350986,0.061595
0.003292,0.350102,0.061355
0.006617,0.351191,0.061149
0.006556,0.350991,0.060285
0.010360,0.351425,0.057712
0.010880,0.350445,0.059451
0.010350,0.350376,0.056749
0.013576,0.350516,0.058291
0.014343,0.351107,0.057883
0.017858,0.351862,0.056553
0.015856,0.350495,0.058559
0.019340,0.351541,0.056186
0.019744,0.350496,0.055983
0.021643,0.352049,0.058046
0.023208,0.351164,0.054952
0.025372,0.351082,0.055796
0.023498,0.351663,0.054979
0.025243,0.352245,0.054101
0.028593,0.350850,0.055295
0.029381,0.351195,0.055402
0.031608,0.350614,0.055216
0.032409,0.351215,0.054662
0.030885,0.350351,0.052859
0.032955,0.351186,0.055477
0.034412,0.352119,0.054738
0.038436,0.350117,0.057210
0.038796,0.351665,0.056193
0.038896,0.351995,0.052874
0.042887,0.350382,0.054810
0.043638,0.351869,0.054145
0.043753,0.353189,0.054872
0.045550,0.351960,0.052471
0.047339,0.351948,0.053402
0.050574,0.353131,0.053207
0.048598,0.352309,0.053853
0.049374,0.350098,0.052948
0.053781,0.351854,0.053158
0.054096,0.352164,0.052554
0.057457,0.352138,0.052011
0.054559,0.352869,0.051717
0.059048,0.350054,0.053341
0.057821,0.352909,0.050909
0.060246,0.349939,0.051431
0.061111,0.351606,0.049610
0.063998,0.351571,0.049902
0.065450,0.350807,0.048271
0.066107,0.353083,0.049653
0.067157,0.352991,0.050121
0.065986,0.352786,0.049550
0.071227,0.350511,0.049856
0.072757,0.351726,0.049088
0.073074,0.350423,0.048074
0.074756,0.353593,0.048925
0.078455,0.351544,0.046688
0.076909,0.352257,0.045846
0.079183,0.354206,0.047418
0.080300,0.351983,0.045733
0.082877,0.351267,0.044508
0.082149,0.353284,0.045589
0.084410,0.352855,0.043939
0.085401,0.351166,0.043636
0.088211,0.352504,0.042997
0.087264,0.352345,0.043257
0.089600,0.352815,0.043632
0.090032,0.351653,0.041621
0.090989,0.351249,0.041722
0.093716,0.353467,0.040786
0.094792,0.352433,0.041996
0.097062,0.352320,0.038703
0.097860,0.350936,0.040037
0.099100,0.350671,0.040028
0.102992,0.352106,0.038163
0.099075,0.352910,0.038755
0.103964,0.351347,0.036767
0.104773,0.352349,0.035777
0.105548,0.351936,0.033947
0.106986,0.352207,0.035725
0.108535,0.351079,0.032953
0.111866,0.351655,0.032036
0.110826,0.352741,0.032588
0.113985,0.354067,0.029790
0.114661,0.354885,0.026497
0.115776,0.353534,0.027078
0.118260,0.355242,0.023637
0.119126,0.353576,0.020869
0.121212,0.354603,0.018247
0.122453,0.353850,0.015391
0.121924,0.354668,0.016036
0.124874,0.353475,0.014589
0.125191,0.354493,0.010596
0.127436,0.355166,0.007969
0.127388,0.356673,0.006405
0.131171,0.355745,0.004613
0.130175,0.356310,-0.001971
0.134913,0.355447,-0.007295
-0.167392,0.361652,-0.050181
-0.166296,0.360531,-0.045311
-0.162938,0.357650,-0.037328
-0.163580,0.358022,-0.028096
-0.158393,0.359635,-0.020803
-0.158499,0.358760,-0.014477
-0.156619,0.357091,-0.008774
-0.153831,0.357456,-0.004348
-0.151099,0.357076,0.001745
-0.151307,0.357358,0.003194
-0.149609,0.355446,0.005306
-0.147439,0.356628,0.009812
-0.145368,0.356757,0.010209
-0.145449,0.355888,0.014840
-0.143688,0.355455,0.019337
-0.141538,0.355845,0.025206
-0.139151,0.355796,0.025705
-0.137823,0.355599,0.027919
-0.137170,0.355740,0.029971
-0.137478,0.354562,0.030970
-0.132967,0.355645,0.031648
-0.133885,0.356502,0.033081
-0.131156,0.353699,0.036276
-0.130881,0.353653,0.038589
-0.128203,0.355015,0.037151
-0.124575,0.355121,0.038049
-0.124936,0.353664,0.039615
-0.124508,0.355376,0.039339
-0.121733,0.352458,0.039525
-0.120973,0.353466,0.042054
-0.119865,0.354176,0.044225
-0.117716,0.352445,0.045964
-0.115940,0.354343,0.045854
-0.116612,0.354397,0.044722
-0.115234,0.354366,0.047494
-0.112218,0.356498,0.046916
-0.112445,0.354030,0.046227
-0.108366,0.354540,0.046254
-0.108211,0.351595,0.046440
-0.107724,0.352961,0.047186
-0.104761,0.354068,0.049997
-0.104345,0.353447,0.048723
-0.103623,0.354110,0.051100
-0.101785,0.354242,0.050226
-0.100756,0.352405,0.049258
-0.098629,0.352587,0.051837
-0.098098,0.355485,0.050465
-0.097060,0.353392,0.052169
-0.091914,0.354146,0.052729
-0.092652,0.352951,0.053558
-0.092338,0.354465,0.052347
-0.089827,0.352962,0.054091
-0.090713,0.353028,0.054365
-0.087200,0.353089,0.055294
-0.084483,0.352115,0.056746
-0.085861,0.351807,0.056061
-0.085059,0.351806,0.055198
-0.081673,0.352532,0.055146
-0.081579,0.353717,0.055746
-0.080784,0.354757,0.056559
-0.079399,0.352380,0.058547
-0.076288,0.351757,0.058136
-0.075493,0.352665,0.057953
-0.074910,0.353833,0.060218
-0.073099,0.354143,0.059193
-0.072345,0.352531,0.059600
-0.072695,0.354054,0.060155
-0.069053,0.352469,0.061285
-0.067107,0.352888,0.060639
-0.065128,0.350274,0.062968
-0.063758,0.351374,0.061624
-0.060919,0.352199,0.062524
-0.061298,0.353212,0.063727
-0.059507,0.350466,0.064331
-0.058272,0.351604,0.063907
-0.058083,0.353421,0.064646
-0.055675,0.353006,0.063170
-0.055659,0.353109,0.064237
-0.052626,0.351393,0.062055
-0.052245,0.352422,0.064358
-0.051242,0.350926,0.066886
-0.048501,0.351209,0.066906
-0.047299,0.353101,0.064423
-0.044907,0.353115,0.066637
-0.045449,0.353958,0.064810
-0.043789,0.351516,0.066354
-0.043335,0.353163,0.065232
-0.039561,0.352542,0.067275
-0.039052,0.351088,0.066868
-0.040873,0.351893,0.068329
-0.037573,0.352073,0.068892
-0.036399,0.351894,0.068795
-0.032687,0.353651,0.067484
-0.033672,0.353386,0.067124
-0.031847,0.351379,0.068219
-0.029447,0.351531,0.065567
-0.027363,0.352897,0.067666
-0.029321,0.351247,0.066154
-0.027108,0.350897,0.067535
-0.023428,0.353601,0.067577
-0.021771,0.352224,0.068215
-0.022628,0.352732,0.067823
-0.020824,0.353293,0.067514
-0.020092,0.352475,0.067186
-0.019075,0.353329,0.069229
-0.016050,0.351923,0.066060
-0.015627,0.351822,0.066691
-0.014119,0.352243,0.065277
-0.012704,0.351964,0.067045
-0.012134,0.354501,0.067336
-0.010681,0.351731,0.064870
-0.008683,0.352506,0.065347
-0.006099,0.351129,0.064654
-0.004771,0.352568,0.064105
-0.003289,0.352370,0.064031
-0.004564,0.349586,0.063003
-0.000356,0.353436,0.064860
-0.000666,0.353571,0.062080
0.000889,0.353766,0.064095
0.002085,0.351744,0.060988
0.003593,0.352673,0.061495
0.005234,0.351892,0.060750
0.005497,0.350748,0.060560
0.006260,0.353041,0.059433
0.008864,0.352049,0.057700
0.009651,0.353808,0.059423
0.012471,0.353156,0.060367
0.013833,0.352673,0.057985
0.016521,0.352986,0.055439
0.016577,0.351193,0.057418
0.015940,0.353773,0.057490
0.017188,0.352177,0.058134
0.018769,0.352214,0.057819
0.022485,0.352715,0.057726
0.022459,0.354062,0.054233
0.025293,0.351569,0.055969
0.023462,0.352926,0.056388
0.025625,0.354204,0.056442
0.027947,0.353634,0.054140
0.027784,0.352680,0.053887
0.031693,0.352513,0.055556
0.033546,0.353225,0.054782
0.033104,0.353978,0.055265
0.034270,0.352515,0.054942
0.037089,0.353930,0.054618
0.038082,0.354008,0.054117
0.039718,0.351968,0.054721
0.041679,0.352213,0.054370
0.042156,0.352898,0.056317
0.043809,0.352907,0.054423
0.044593,0.354014,0.054324
0.044949,0.353852,0.052654
0.045569,0.352437,0.054123
0.049384,0.351708,0.054474
0.048933,0.354009,0.052427
0.050777,0.353423,0.051998
0.051576,0.352324,0.052501
0.054218,0.352567,0.054064
0.054805,0.352314,0.051076
0.054745,0.355801,0.051899
0.059682,0.351071,0.052772
0.060069,0.355843,0.049305
0.061002,0.354014,0.051510
0.062073,0.354293,0.049478
0.061997,0.353398,0.052781
0.065251,0.353105,0.049846
0.065671,0.354206,0.047289
0.066132,0.350560,0.047673
0.069655,0.353111,0.048306
0.070033,0.352801,0.047009
0.071060,0.353431,0.046391
0.073904,0.354226,0.047978
0.075705,0.352746,0.044944
0.076320,0.353460,0.046841
0.078210,0.353750,0.044298
0.077554,0.354845,0.045779
0.082069,0.354559,0.046784
0.081668,0.355785,0.044869
0.081928,0.355340,0.044760
0.083484,0.356051,0.044157
0.084803,0.354086,0.043402
0.088105,0.355120,0.042931
0.089150,0.353337,0.042550
0.090719,0.352821,0.040739
0.090881,0.352981,0.041395
0.090928,0.354344,0.041747
0.092008,0.353316,0.039111
0.095711,0.354579,0.041414
0.097303,0.355292,0.038987
0.099454,0.354981,0.038569
0.098322,0.355502,0.037995
0.101099,0.354908,0.038215
0.100479,0.352249,0.038560
0.104847,0.354080,0.037277
0.105484,0.353490,0.035399
0.107396,0.353024,0.036140
0.106815,0.354751,0.034766
0.110256,0.353859,0.032755
0.108523,0.353626,0.031742
0.111122,0.355770,0.031388
0.115240,0.355383,0.028009
0.116467,0.355817,0.027981
0.116504,0.354134,0.023911
0.118528,0.355443,0.020489
0.117443,0.356679,0.017984
0.120224,0.357117,0.016220
0.121781,0.356591,0.014883
0.122370,0.355569,0.012027
0.126268,0.355936,0.009700
0.127084,0.356663,0.008905
0.126588,0.356317,0.008431
0.128924,0.356716,0.002623
0.131179,0.356844,-0.002278
0.134312,0.357489,-0.005342
-0.169560,0.361687,-0.054948
-0.167061,0.361701,-0.044814
-0.164333,0.362116,-0.042486
-0.163572,0.362616,-0.035536
-0.160484,0.362528,-0.027308
-0.161712,0.360700,-0.019463
-0.155711,0.360734,-0.016060
-0.157015,0.358591,-0.008943
-0.153177,0.359622,-0.002017
-0.152611,0.359796,0.003670
-0.152418,0.358529,0.006479
-0.149678,0.358329,0.007508
-0.148669,0.358060,0.012711
-0.148252,0.359992,0.014630
-0.145070,0.358356,0.021383
-0.141717,0.356387,0.025145
-0.141576,0.356085,0.025202
-0.139716,0.356964,0.027476
-0.138480,0.356630,0.028526
-0.137583,0.357294,0.031052
-0.134903,0.354124,0.031373
-0.131842,0.355559,0.033188
-0.131950,0.355891,0.035230
-0.132138,0.354403,0.036058
-0.130752,0.354909,0.036665
-0.127761,0.356520,0.036986
-0.127219,0.356498,0.037384
-0.124815,0.355506,0.040374
-0.124966,0.354059,0.040682
-0.123268,0.354548,0.042300
-0.120970,0.354772,0.042294
-0.120595,0.355684,0.043800
-0.119123,0.355118,0.043053
-0.117730,0.355783,0.043580
-0.116320,0.353311,0.045226
-0.113375,0.355756,0.045585
-0.112093,0.354581,0.046667
-0.110229,0.355723,0.045301
-0.108808,0.356051,0.048578
-0.110234,0.354427,0.048544
-0.107049,0.354661,0.049223
-0.105920,0.355374,0.048770
-0.103300,0.354653,0.048378
-0.102546,0.353464,0.049613
-0.101245,0.355431,0.049846
-0.099583,0.355985,0.050705
-0.098083,0.354957,0.048728
-0.096420,0.352837,0.052657
-0.095668,0.355412,0.052082
-0.093984,0.355001,0.051961
-0.092785,0.354961,0.052659
-0.090969,0.354379,0.053525
-0.090792,0.354589,0.052850
-0.090104,0.355140,0.053782
-0.088241,0.356151,0.053195
-0.086263,0.353797,0.054688
-0.084983,0.354283,0.053959
-0.086541,0.355403,0.056745
-0.081935,0.354354,0.055244
-0.081311,0.354300,0.055191
-0.078126,0.354248,0.058139
-0.078678,0.354028,0.058851
-0.077967,0.355842,0.057953
-0.075381,0.355054,0.057378
-0.074631,0.353273,0.058763
-0.072498,0.354826,0.059810
-0.071304,0.354571,0.060910
-0.069948,0.354612,0.058767
-0.068639,0.353119,0.059635
-0.065225,0.356337,0.059933
-0.065269,0.355283,0.060846
-0.064658,0.352189,0.062154
-0.064482,0.354051,0.062569
-0.060907,0.353597,0.063369
-0.059490,0.354336,0.062890
-0.059662,0.355356,0.063109
-0.058565,0.354030,0.064723
-0.055713,0.352732,0.064663
-0.054947,0.354259,0.062585
-0.051976,0.352481,0.063649
-0.052889,0.355594,0.064593
-0.052142,0.353558,0.062831
-0.048901,0.353376,0.066259
-0.047928,0.354125,0.065813
-0.047450,0.355046,0.063570
-0.047214,0.352998,0.066489
-0.042592,0.352257,0.066093
-0.043129,0.352915,0.065794
-0.040568,0.355079,0.065621
-0.037443,0.353510,0.066523
-0.039279,0.352507,0.065578
-0.037091,0.353974,0.065178
-0.034805,0.353681,0.067705
-0.033322,0.353548,0.068053
-0.034306,0.354115,0.067890
-0.032151,0.354704,0.064870
-0.031606,0.355886,0.066275
-0.028045,0.353081,0.067054
-0.029521,0.351989,0.066132
-0.026791,0.355497,0.066791
-0.025020,0.355132,0.066484
-0.022844,0.353862,0.066452
-0.021481,0.353536,0.066632
-0.020376,0.353845,0.066409
-0.018397,0.353127,0.064796
-0.018846,0.353852,0.066040
-0.016992,0.352815,0.066076
-0.015098,0.352884,0.064837
-0.014042,0.353121,0.066563
-0.014113,0.353512,0.065657
-0.012169,0.355205,0.066168
-0.008260,0.353026,0.066945
-0.007942,0.355073,0.064902
-0.006733,0.354104,0.063964
-0.006162,0.353677,0.065014
-0.005973,0.353612,0.063349
-0.001514,0.353897,0.064382
-0.003713,0.353245,0.062989
-0.000287,0.355161,0.063934
0.000711,0.354850,0.062039
0.002604,0.355403,0.061137
0.002929,0.353939,0.060395
0.004511,0.352111,0.060531
0.007478,0.354430,0.060282
0.007563,0.353872,0.058602
0.008358,0.353499,0.059333
0.010418,0.355171,0.058760
0.012671,0.354882,0.059384
0.012507,0.354468,0.059143
0.012729,0.352235,0.057469
0.015196,0.355856,0.059654
0.015369,0.353668,0.057893
0.020402,0.355257,0.056642
0.020616,0.354610,0.055735
0.020915,0.354596,0.057095
0.022713,0.352996,0.056693
0.023073,0.354319,0.055004
0.023223,0.354443,0.055813
0.026269,0.354334,0.055793
0.027493,0.353050,0.054802
0.028740,0.356074,0.053426
0.032462,0.354923,0.053237
0.032620,0.353228,0.054871
0.035084,0.353666,0.055004
0.034967,0.354184,0.054659
0.036295,0.353996,0.053454
0.038632,0.354952,0.055733
0.037671,0.355813,0.054485
0.042200,0.355926,0.053919
0.040179,0.352651,0.054125
0.042190,0.354289,0.052099
0.042745,0.355375,0.052235
0.046789,0.354993,0.051917
0.045870,0.354541,0.053866
0.050854,0.355921,0.052739
0.051020,0.354299,0.052488
0.051209,0.354648,0.053001
0.051048,0.354780,0.051711
0.053718,0.356026,0.050907
0.055673,0.355419,0.050540
0.059074,0.354385,0.048885
0.057891,0.355744,0.048836
0.058793,0.355600,0.050401
0.061173,0.354944,0.049555
0.060854,0.353577,0.051233
0.062007,0.356576,0.049477
0.064451,0.354848,0.049568
0.067640,0.355808,0.049503
0.067908,0.355480,0.048330
0.069432,0.355249,0.048044
0.068267,0.356363,0.046259
0.070751,0.354644,0.046982
0.071922,0.354405,0.046524
0.074608,0.355970,0.045335
0.075215,0.354685,0.044543
0.077323,0.354196,0.044736
0.077351,0.355914,0.043690
0.079829,0.356704,0.045134
0.081309,0.354840,0.044978
0.080397,0.355613,0.045065
0.083621,0.356460,0.042846
0.083565,0.356661,0.042605
0.088230,0.356225,0.042796
0.088635,0.354880,0.039655
0.089316,0.354297,0.040043
0.092261,0.356108,0.038856
0.090883,0.356740,0.040841
0.093459,0.356746,0.038183
0.093836,0.356511,0.040197
0.095695,0.356192,0.037618
0.100133,0.355471,0.037408
0.099294,0.356955,0.039004
0.099061,0.356018,0.035704
0.102859,0.356204,0.037640
0.102433,0.355753,0.036873
0.104583,0.356797,0.035884
0.106815,0.356329,0.032575
0.107862,0.357215,0.032988
0.108355,0.355914,0.031473
0.110042,0.358233,0.033309
0.110867,0.356396,0.027856
0.111200,0.356065,0.026730
0.115898,0.357037,0.022671
0.117376,0.357099,0.021080
0.117954,0.358615,0.019268
0.117436,0.357955,0.017633
0.119742,0.357081,0.015206
0.120839,0.360479,0.014087
0.123413,0.358763,0.012695
0.126360,0.358430,0.008050
0.127173,0.358255,0.006795
0.128147,0.357717,0.004799
0.129384,0.359148,0.002834
0.130414,0.360642,-0.005505
0.132480,0.358304,-0.008149
-0.167423,0.365247,-0.054424
-0.168129,0.362801,-0.045849
-0.165182,0.364665,-0.040753
-0.164779,0.364014,-0.033441
-0.160640,0.361851,-0.027537
-0.158684,0.360213,-0.020780
-0.156967,0.361760,-0.011832
-0.155228,0.359239,-0.007496
-0.154047,0.359380,-0.000711
-0.152273,0.359865,0.005802
-0.149266,0.359733,0.007599
-0.150236,0.361493,0.010396
-0.148363,0.360125,0.013020
-0.146806,0.356954,0.018361
-0.143802,0.358825,0.024086
-0.142915,0.359980,0.024070
-0.141675,0.358104,0.027913
-0.139249,0.357933,0.027904
-0.139276,0.359938,0.030037
-0.135856,0.358029,0.031177
-0.135255,0.359810,0.033253
-0.133549,0.357170,0.036156
-0.132282,0.359236,0.037336
-0.129615,0.358023,0.035280
-0.128729,0.357772,0.036872
-0.129356,0.358116,0.038055
-0.128227,0.357160,0.038630
-0.124778,0.359713,0.038790
-0.123239,0.357086,0.040209
-0.121316,0.357675,0.040464
-0.119805,0.357311,0.042316
-0.120526,0.356334,0.043292
-0.119737,0.356315,0.044698
-0.116685,0.357688,0.046476
-0.114947,0.357720,0.044579
-0.115098,0.355969,0.046329
-0.113191,0.358008,0.049274
-0.111107,0.357306,0.046710
-0.109184,0.356964,0.047956
-0.108347,0.356155,0.048464
-0.105624,0.359731,0.048807
-0.104999,0.357040,0.048197
-0.104655,0.358413,0.049125
-0.102541,0.355979,0.048322
-0.102426,0.356836,0.049364
-0.099260,0.356970,0.049410
-0.097403,0.357826,0.050687
-0.095419,0.359043,0.051848
-0.096753,0.358065,0.052662
-0.094738,0.355799,0.053280
-0.092499,0.358225,0.052279
-0.092393,0.355676,0.054610
-0.090941,0.356469,0.052645
-0.089592,0.356266,0.054615
-0.087799,0.355502,0.053695
-0.086902,0.357916,0.051998
-0.085588,0.357374,0.054310
-0.084933,0.355829,0.054362
-0.081167,0.355362,0.054952
-0.080738,0.354910,0.056622
-0.078603,0.358124,0.056904
-0.077791,0.356861,0.055877
-0.076257,0.355870,0.057970
-0.074995,0.355824,0.056172
-0.074179,0.356744,0.059047
-0.072924,0.354636,0.060076
-0.070525,0.356323,0.059085
-0.068781,0.356898,0.059373
-0.068861,0.357126,0.057901
-0.066102,0.355123,0.059046
-0.065777,0.354339,0.060685
-0.064605,0.355428,0.060485
-0.064008,0.355453,0.059351
-0.060591,0.355218,0.062209
-0.060784,0.356284,0.062749
-0.060750,0.354988,0.062721
-0.058644,0.355765,0.061807
-0.056796,0.355185,0.062422
-0.053422,0.355793,0.063975
-0.053888,0.355433,0.064904
-0.052116,0.355486,0.062680
-0.049043,0.355337,0.064153
-0.050523,0.356622,0.065177
-0.047998,0.356088,0.062502
-0.045734,0.354385,0.063981
-0.045137,0.355021,0.063213
-0.043375,0.356067,0.067069
-0.043233,0.354766,0.065737
-0.039410,0.356611,0.065277
-0.040301,0.354729,0.065633
-0.039139,0.354858,0.065375
-0.037999,0.354776,0.065600
-0.035569,0.357168,0.067361
-0.034952,0.355490,0.064355
-0.034284,0.355845,0.065780
-0.031911,0.357289,0.064266
-0.029460,0.353988,0.066414
-0.028896,0.353185,0.064316
-0.025777,0.356979,0.065949
-0.024611,0.356382,0.063739
-0.024157,0.355754,0.067055
-0.023106,0.355814,0.066219
-0.021881,0.354573,0.066201
-0.020478,0.356820,0.065865
-0.017924,0.355642,0.066698
-0.018739,0.354269,0.066143
-0.016237,0.356423,0.066639
-0.014612,0.354323,0.066801
-0.012489,0.354726,0.065591
-0.012606,0.355288,0.065349
-0.010064,0.355152,0.067018
-0.011539,0.355536,0.063417
-0.008299,0.354650,0.064611
-0.006987,0.355116,0.065715
-0.006343,0.354310,0.063383
-0.005121,0.355133,0.063204
-0.002573,0.357254,0.064921
-0.000071,0.353974,0.062894
0.000806,0.357805,0.061331
0.000762,0.356666,0.061572
0.002840,0.354406,0.062031
0.003466,0.354878,0.060358
0.005535,0.356574,0.060484
0.005337,0.355524,0.058760
0.007448,0.355061,0.058827
0.008633,0.354697,0.058301
0.011552,0.355530,0.058475
0.012206,0.356260,0.058476
0.012594,0.356306,0.058985
0.014497,0.355122,0.057598
0.015916,0.354596,0.058103
0.017438,0.355263,0.055760
0.018682,0.357079,0.056304
0.019886,0.356278,0.056445
0.022160,0.354907,0.056560
0.023296,0.357320,0.053065
0.024266,0.355838,0.055442
0.024553,0.355083,0.055018
0.025913,0.357093,0.054193
0.027681,0.356748,0.052708
0.029604,0.357092,0.054160
0.029421,0.358569,0.055058
0.032494,0.356428,0.055497
0.032658,0.357088,0.053929
0.034139,0.356706,0.055128
0.035704,0.355106,0.055964
0.037439,0.355492,0.053860
0.040295,0.355296,0.054836
0.042498,0.357404,0.051049
0.041832,0.356320,0.053864
0.041965,0.356557,0.051662
0.043919,0.355244,0.052204
0.045365,0.355185,0.053192
0.047081,0.357139,0.052574
0.047505,0.356316,0.052133
0.047587,0.356209,0.051289
0.051496,0.357831,0.050251
0.050351,0.357683,0.051201
0.053661,0.358435,0.049722
0.054518,0.355125,0.048496
0.058089,0.355984,0.050468
0.058179,0.356368,0.049699
0.057681,0.356778,0.049945
0.061663,0.355444,0.050001
0.063163,0.357011,0.050351
0.063461,0.357710,0.048929
0.066079,0.356176,0.047583
0.065986,0.356752,0.047769
0.066518,0.358264,0.046573
0.068855,0.357978,0.047453
0.070287,0.356371,0.046816
0.071000,0.358194,0.044550
0.070791,0.356094,0.044924
0.075796,0.358075,0.044463
0.076109,0.356579,0.044509
0.078689,0.357701,0.045706
0.078264,0.357973,0.044405
0.079561,0.358513,0.042630
0.080944,0.355337,0.042013
0.084855,0.356506,0.044076
0.085551,0.356345,0.042096
0.083612,0.358346,0.040393
0.087785,0.357715,0.039434
0.087374,0.356735,0.039876
0.089930,0.356193,0.038726
0.093521,0.357774,0.039766
0.092944,0.357013,0.040255
0.093130,0.358751,0.037042
0.095228,0.357533,0.038804
0.095874,0.357077,0.036083
0.097106,0.358742,0.036633
0.099783,0.359091,0.033525
0.100976,0.356032,0.034526
0.102207,0.358749,0.036043
0.103542,0.359074,0.034343
0.104212,0.357807,0.033942
0.105479,0.358449,0.032201
0.107483,0.359401,0.032013
0.109420,0.356531,0.028090
0.110312,0.358685,0.028866
0.111432,0.358394,0.025849
0.113532,0.359905,0.024000
0.113465,0.359221,0.019734
0.115279,0.359090,0.017556
0.119299,0.359347,0.019434
0.117733,0.361771,0.017515
0.120368,0.359363,0.012438
0.121612,0.358179,0.011164
0.125473,0.359850,0.008070
0.123639,0.360230,0.007404
0.126341,0.359630,0.004234
0.126300,0.359346,0.001244
0.129356,0.361127,-0.004283
0.131885,0.360620,-0.006951
-0.168163,0.366130,-0.052624
-0.165983,0.364235,-0.047623
-0.164823,0.363805,-0.038979
-0.161318,0.363138,-0.033183
-0.159490,0.364349,-0.027001
-0.158996,0.363709,-0.017673
-0.156846,0.363312,-0.011677
-0.152206,0.363097,-0.006717
-0.153270,0.360077,-0.000560
-0.150922,0.360697,0.008577
-0.151363,0.362194,0.009094
-0.149442,0.361410,0.011580
-0.147006,0.361328,0.015798
-0.146481,0.361642,0.023105
-0.141825,0.360914,0.025458
-0.141917,0.361384,0.025756
-0.140870,0.359710,0.026965
-0.139214,0.360217,0.028973
-0.137876,0.358487,0.032998
-0.138396,0.359311,0.035003
-0.133936,0.357208,0.035454
-0.133258,0.358751,0.035705
-0.132853,0.357500,0.034843
-0.132564,0.358761,0.035801
-0.128023,0.358582,0.038450
-0.128646,0.360094,0.038854
-0.128539,0.358331,0.038616
-0.125102,0.360288,0.039885
-0.126054,0.358780,0.041280
-0.123047,0.358947,0.042599
-0.118903,0.358687,0.041484
-0.120985,0.358360,0.045827
-0.118867,0.357426,0.044146
-0.117238,0.356888,0.043435
-0.114806,0.358564,0.046025
-0.118116,0.357068,0.044251
-0.112436,0.360030,0.045317
-0.110115,0.360034,0.045959
-0.111806,0.359452,0.046781
-0.110480,0.358170,0.047562
-0.106529,0.359469,0.048402
-0.106780,0.358914,0.048602
-0.103843,0.358074,0.050561
-0.103133,0.358264,0.047743
-0.102284,0.358330,0.049047
-0.100484,0.359492,0.050842
-0.100175,0.358885,0.049509
-0.097877,0.358108,0.051234
-0.096231,0.357882,0.049714
-0.096215,0.357726,0.051135
-0.093568,0.356046,0.051712
-0.092615,0.356020,0.050946
-0.090839,0.357348,0.052305
-0.090215,0.357252,0.052793
-0.087841,0.358601,0.054866
-0.088165,0.357403,0.054915
-0.084485,0.356891,0.053874
-0.081271,0.359240,0.054047
-0.083364,0.357840,0.055284
-0.080552,0.358145,0.056184
-0.079986,0.361007,0.055669
-0.077245,0.359051,0.054840
-0.075904,0.358293,0.056754
-0.074008,0.356788,0.058522
-0.073198,0.356305,0.057497
-0.071388,0.356422,0.058347
-0.071963,0.359139,0.058016
-0.069584,0.358874,0.057942
-0.069170,0.355692,0.059232
-0.067511,0.354956,0.059094
-0.064482,0.357339,0.061508
-0.064597,0.358072,0.059207
-0.063035,0.356621,0.059908
-0.060724,0.355817,0.059803
-0.060965,0.357744,0.061945
-0.059610,0.357219,0.060014
-0.058881,0.356996,0.060941
-0.056596,0.356842,0.062002
-0.054203,0.357313,0.062875
-0.052591,0.358251,0.062083
-0.051935,0.357854,0.062659
-0.050571,0.356149,0.064712
-0.047503,0.355611,0.064003
-0.047530,0.356811,0.062179
-0.045920,0.358903,0.064030
-0.044950,0.356351,0.064056
-0.043139,0.357518,0.063033
-0.041618,0.356650,0.062520
-0.041473,0.358970,0.065267
-0.041056,0.357565,0.064583
-0.038616,0.357797,0.064000
-0.038370,0.357827,0.064744
-0.036270,0.356688,0.064858
-0.033246,0.358839,0.065456
-0.032343,0.356326,0.063901
-0.031797,0.358920,0.064712
-0.032170,0.356410,0.064118
-0.028549,0.356506,0.065154
-0.027857,0.357539,0.066280
-0.025705,0.355904,0.065155
-0.023670,0.355538,0.065545
-0.023288,0.358384,0.065628
-0.022049,0.358099,0.066171
-0.020211,0.357643,0.064632
-0.019029,0.359003,0.064252
-0.016131,0.355149,0.064629
-0.017969,0.357780,0.064486
-0.013441,0.358351,0.065148
-0.014618,0.356975,0.062938
-0.011902,0.356222,0.064195
-0.010852,0.357872,0.064760
-0.009242,0.356129,0.063197
-0.009672,0.357457,0.064416
-0.008572,0.356495,0.063557
-0.007129,0.358953,0.062428
-0.003534,0.356884,0.061976
-0.002794,0.356961,0.063525
-0.002229,0.357863,0.062209
0.000562,0.357420,0.061813
0.001475,0.358924,0.061824
0.000808,0.358410,0.060918
0.003653,0.358420,0.060530
0.004294,0.358109,0.058749
0.004805,0.357776,0.059843
0.007593,0.357169,0.057923
0.009948,0.357495,0.056841
0.010194,0.358989,0.057895
0.012065,0.357887,0.059840
0.014007,0.356716,0.059408
0.013277,0.358451,0.055766
0.016668,0.357428,0.056614
0.016751,0.357129,0.056823
0.017776,0.357113,0.055682
0.019685,0.357239,0.057421
0.021597,0.356898,0.056686
0.024208,0.357049,0.055293
0.023433,0.357333,0.055270
0.025241,0.358377,0.054776
0.028332,0.359425,0.055723
0.028293,0.357774,0.054526
0.031273,0.359832,0.053041
0.031491,0.359415,0.053388
0.032544,0.358650,0.054389
0.033401,0.356803,0.054192
0.033431,0.357213,0.055632
0.035744,0.358408,0.054386
0.036846,0.361194,0.052579
0.038405,0.357291,0.052093
0.040050,0.358210,0.052996
0.041366,0.357055,0.052349
0.042911,0.357872,0.052498
0.043288,0.356902,0.051258
0.046232,0.357545,0.050869
0.047172,0.358706,0.051418
0.047908,0.357873,0.051264
0.051208,0.358734,0.052404
0.050604,0.359437,0.049964
0.052229,0.358766,0.051598
0.053961,0.358396,0.049153
0.056026,0.358525,0.051078
0.056572,0.359286,0.049446
0.060109,0.358420,0.049822
0.060393,0.357967,0.050133
0.061285,0.357597,0.047563
0.062110,0.359601,0.045913
0.063094,0.359453,0.049137
0.064731,0.357281,0.048023
0.068018,0.358593,0.046820
0.067437,0.360594,0.047038
0.069755,0.361951,0.046107
0.070790,0.358595,0.046541
0.070578,0.358302,0.045377
0.071622,0.361117,0.044541
0.073683,0.358514,0.044098
0.075556,0.358854,0.044278
0.077103,0.359543,0.040744
0.078596,0.359187,0.045119
0.080324,0.358491,0.042299
0.082402,0.357974,0.040408
0.083329,0.358190,0.041757
0.082778,0.357910,0.041435
0.082827,0.358738,0.039125
0.086388,0.359628,0.037604
0.089124,0.357440,0.038877
0.087885,0.359050,0.037273
0.091658,0.359303,0.037909
0.092877,0.360004,0.038517
0.093324,0.358933,0.037234
0.096087,0.359899,0.036878
0.095640,0.360336,0.033283
0.099539,0.358877,0.035015
0.100133,0.359323,0.034200
0.101881,0.360268,0.034016
0.102039,0.357836,0.031812
0.101885,0.358795,0.032498
0.105445,0.360497,0.032502
0.106662,0.358840,0.028161
0.107827,0.359501,0.027792
0.109032,0.360008,0.029491
0.109367,0.359952,0.026306
0.110266,0.359067,0.023090
0.113735,0.360885,0.021884
0.116739,0.360117,0.018620
0.116884,0.360466,0.016690
0.117868,0.360755,0.014817
0.117734,0.360199,0.014315
0.120086,0.360183,0.012129
0.121815,0.360505,0.008462
0.124240,0.361220,0.006541
0.124646,0.360159,0.003858
0.127403,0.360445,0.000501
0.127754,0.361384,-0.003716
0.128678,0.361869,-0.008970
-0.170840,0.369020,-0.056658
-0.168133,0.368141,-0.048498
-0.165462,0.367430,-0.043288
-0.164652,0.369032,-0.036256
-0.163244,0.365150,-0.029874
-0.162212,0.363836,-0.022610
-0.159075,0.365827,-0.018427
-0.157570,0.363996,-0.010405
-0.155717,0.364810,-0.003289
-0.154539,0.363335,0.002728
-0.152242,0.361908,0.007488
-0.152128,0.361593,0.011849
-0.148849,0.363017,0.013605
-0.147474,0.361806,0.019793
-0.145682,0.361980,0.023962
-0.144821,0.360878,0.026250
-0.143004,0.361550,0.028451
-0.138820,0.362505,0.029661
-0.141251,0.359969,0.031752
-0.137449,0.360701,0.033086
-0.137789,0.362366,0.032861
-0.136629,0.359965,0.036347
-0.134856,0.363855,0.035021
-0.130813,0.361816,0.035556
-0.130729,0.362078,0.036572
-0.128754,0.360121,0.038856
-0.129999,0.360317,0.037665
-0.126840,0.360600,0.040139
-0.126539,0.361205,0.041322
-0.123977,0.361664,0.043839
-0.123333,0.359577,0.042193
-0.121447,0.360177,0.045615
-0.119913,0.360572,0.042679
-0.118127,0.359541,0.043634
-0.116401,0.359817,0.044013
-0.115666,0.359987,0.043665
-0.113573,0.357987,0.044795
-0.112403,0.359778,0.045620
-0.111522,0.359535,0.043476
-0.110636,0.360749,0.045780
-0.108083,0.358933,0.046342
-0.108521,0.359577,0.047142
-0.107467,0.360190,0.046954
-0.104032,0.359756,0.049455
-0.103538,0.359109,0.048077
-0.101914,0.357964,0.049396
-0.099153,0.359573,0.048540
-0.098814,0.359307,0.050875
-0.096826,0.360166,0.049934
-0.096564,0.360425,0.052483
-0.094422,0.360254,0.051494
-0.090450,0.359267,0.050570
-0.092026,0.359415,0.051823
-0.088757,0.360753,0.054052
-0.089184,0.361627,0.054147
-0.089011,0.360887,0.052681
-0.086969,0.360286,0.054860
-0.084919,0.361835,0.051793
-0.083501,0.360110,0.052955
-0.082606,0.360534,0.054817
-0.079623,0.358296,0.054163
-0.079613,0.359649,0.056779
-0.078716,0.360498,0.056122
-0.077314,0.359181,0.055815
-0.075253,0.360137,0.056226
-0.073592,0.359502,0.055547
-0.073934,0.359636,0.056093
-0.070557,0.358040,0.058214
-0.070639,0.358620,0.058251
-0.069195,0.358795,0.058443
-0.067647,0.357484,0.060492
-0.064986,0.359655,0.059608
-0.064859,0.360783,0.061280
-0.064942,0.359946,0.061245
-0.061381,0.358967,0.058063
-0.060173,0.361753,0.060003
-0.057869,0.357724,0.059526
-0.057826,0.359409,0.061558
-0.056349,0.358231,0.059045
-0.054876,0.359013,0.061668
-0.052682,0.359024,0.061723
-0.053656,0.359072,0.060326
-0.050722,0.358517,0.062249
-0.049419,0.359219,0.062398
-0.049695,0.359007,0.063815
-0.044915,0.356214,0.063436
-0.045807,0.358409,0.062458
-0.041401,0.357986,0.065529
-0.041801,0.357605,0.063621
-0.039788,0.357334,0.064526
-0.040767,0.359586,0.064217
-0.036916,0.359982,0.064387
-0.037758,0.359978,0.064653
-0.036736,0.357126,0.064815
-0.036237,0.358915,0.064049
-0.031755,0.357803,0.064688
-0.031682,0.358535,0.064068
-0.028952,0.360491,0.063338
-0.029726,0.357302,0.065571
-0.026112,0.360139,0.064156
-0.027202,0.360095,0.064725
-0.025299,0.358195,0.064776
-0.023940,0.358996,0.065945
-0.022669,0.360695,0.066342
-0.020358,0.357135,0.063834
-0.018497,0.357588,0.065181
-0.019748,0.357963,0.064516
-0.016557,0.359737,0.065543
-0.014887,0.357380,0.065467
-0.013566,0.357952,0.062614
-0.013602,0.357396,0.065836
-0.012390,0.358650,0.064492
-0.010281,0.358313,0.063421
-0.009626,0.358140,0.061542
-0.006093,0.356858,0.061170
-0.008064,0.358957,0.063648
-0.004008,0.359885,0.064429
-0.002318,0.358228,0.061578
-0.002241,0.356776,0.060495
0.001309,0.357582,0.062875
0.000344,0.359928,0.062014
0.001073,0.359626,0.059314
0.005169,0.359286,0.061650
0.006016,0.358800,0.059910
0.005988,0.357402,0.058593
0.007086,0.360863,0.060085
0.010042,0.359442,0.058833
0.010533,0.358339,0.060127
0.012204,0.358848,0.058920
0.012632,0.359545,0.056516
0.012965,0.358244,0.055717
0.016957,0.358909,0.055056
0.017384,0.359483,0.054803
0.020811,0.360127,0.057358
0.019644,0.360532,0.053668
0.020767,0.358709,0.056684
0.022369,0.359879,0.054547
0.023831,0.360630,0.056489
0.025763,0.359482,0.055491
0.025521,0.358537,0.053364
0.025483,0.359725,0.054127
0.029567,0.357848,0.054418
0.031386,0.359488,0.054069
0.032791,0.358221,0.054050
0.033498,0.359706,0.053191
0.034192,0.357744,0.054350
0.036880,0.360555,0.052973
0.037711,0.358574,0.051588
0.039918,0.360524,0.052342
0.039717,0.358933,0.051831
0.040064,0.359912,0.052757
0.042603,0.360689,0.052537
0.044501,0.357763,0.049860
0.047423,0.360647,0.050745
0.048006,0.359123,0.051747
0.047302,0.360475,0.050263
0.049307,0.360783,0.049980
0.050656,0.360403,0.050275
0.052650,0.360419,0.050503
0.054266,0.360040,0.049840
0.056055,0.361000,0.049524
0.056775,0.359000,0.048437
0.058945,0.359789,0.047301
0.059696,0.359815,0.047261
0.061536,0.359930,0.049631
0.062438,0.359726,0.046805
0.063442,0.363110,0.046205
0.064330,0.360775,0.044369
0.065990,0.358621,0.046274
0.068741,0.360355,0.044873
0.070285,0.359518,0.044903
0.070689,0.360044,0.046346
0.073592,0.359370,0.044466
0.072304,0.358566,0.044274
0.075473,0.359902,0.044036
0.074351,0.360860,0.042782
0.078536,0.359539,0.042339
0.079381,0.359317,0.041200
0.077803,0.360901,0.039985
0.080054,0.361700,0.040317
0.082110,0.361410,0.039374
0.084270,0.358841,0.038795
0.087240,0.359863,0.038309
0.088816,0.360617,0.038471
0.090067,0.363213,0.039793
0.089992,0.361071,0.039026
0.091339,0.361295,0.036710
0.093073,0.359526,0.036210
0.092489,0.361161,0.036873
0.095269,0.363393,0.034256
0.098246,0.361221,0.032831
0.098818,0.360033,0.033235
0.099989,0.360261,0.032194
0.099753,0.361187,0.032258
0.101915,0.363348,0.033108
0.102992,0.359916,0.031139
0.104753,0.359350,0.029167
0.107828,0.361382,0.027592
0.107337,0.361189,0.025810
0.108397,0.362087,0.023953
0.111409,0.361587,0.022767
0.111831,0.362811,0.023152
0.112663,0.361135,0.020667
0.114619,0.361146,0.018302
0.115538,0.359915,0.016061
0.118080,0.363980,0.012353
0.119029,0.363522,0.010313
0.120806,0.361618,0.008416
0.122361,0.363605,0.008043
0.124411,0.362831,0.006239
0.124317,0.365055,0.001234
0.127448,0.364225,-0.000520
0.127320,0.365258,-0.005860
0.128382,0.363715,-0.010081
-0.169730,0.369926,-0.055269
-0.168021,0.366821,-0.049342
-0.166862,0.369033,-0.042621
-0.163078,0.368415,-0.035310
-0.163909,0.369219,-0.027910
-0.161045,0.367234,-0.023347
-0.158394,0.367147,-0.015055
-0.158634,0.365653,-0.010942
-0.153612,0.365505,-0.000489
-0.152898,0.365537,0.003516
-0.150514,0.363695,0.010604
-0.149277,0.362303,0.015131
-0.148259,0.363600,0.020375
-0.146615,0.364292,0.024148
-0.145693,0.362702,0.026156
-0.143274,0.362482,0.027053
-0.143359,0.363645,0.030597
-0.141208,0.361881,0.032946
-0.141036,0.361532,0.032259
-0.139173,0.360610,0.033718
-0.136257,0.361950,0.034013
-0.135147,0.362801,0.034662
-0.133747,0.364727,0.036572
-0.131610,0.361283,0.037181
-0.129921,0.361863,0.037946
-0.130591,0.361996,0.036363
-0.128829,0.362549,0.039031
-0.126187,0.362684,0.040817
-0.124937,0.362541,0.043026
-0.122216,0.361371,0.041966
-0.123153,0.361262,0.041055
-0.119927,0.361606,0.043321
-0.121520,0.362058,0.044852
-0.118380,0.360940,0.042946
-0.116703,0.360306,0.044863
-0.116807,0.360776,0.045940
-0.114207,0.362513,0.044826
-0.112302,0.363173,0.045221
-0.111677,0.361426,0.046293
-0.110760,0.361886,0.046127
-0.108734,0.363051,0.047246
-0.106838,0.361515,0.048465
-0.106376,0.361377,0.048666
-0.104820,0.360572,0.048675
-0.103458,0.360094,0.048815
-0.100447,0.362747,0.050483
-0.099468,0.360532,0.049584
-0.097222,0.363301,0.050897
-0.098284,0.360654,0.051324
-0.097139,0.362064,0.049866
-0.096002,0.362243,0.052555
-0.093613,0.360488,0.051886
-0.091629,0.361967,0.050924
-0.089722,0.360619,0.051696
-0.089676,0.363412,0.053717
-0.086912,0.360294,0.054767
-0.087010,0.361284,0.052925
-0.086635,0.359209,0.054621
-0.083100,0.360787,0.052252
-0.081899,0.359545,0.054883
-0.082336,0.362657,0.055425
-0.079338,0.362425,0.054529
-0.078325,0.361669,0.054284
-0.076879,0.362322,0.055374
-0.075232,0.359899,0.055349
-0.073004,0.361598,0.057508
-0.072718,0.361550,0.058589
-0.072426,0.362727,0.058970
-0.070065,0.361084,0.057462
-0.068809,0.359790,0.057037
-0.068703,0.360635,0.057883
-0.064912,0.360263,0.059951
-0.064971,0.359482,0.059575
-0.062064,0.361242,0.060058
-0.061399,0.361712,0.060855
-0.061188,0.362796,0.060119
-0.058647,0.360217,0.059730
-0.057388,0.360499,0.062034
-0.056468,0.360692,0.060145
-0.055553,0.360341,0.060186
-0.054525,0.360461,0.061551
-0.051922,0.361145,0.060754
-0.050566,0.360119,0.062509
-0.050798,0.358345,0.063436
-0.047421,0.360863,0.062582
-0.046661,0.361087,0.062373
-0.044693,0.360056,0.061902
-0.042836,0.360877,0.061520
-0.041834,0.359464,0.063072
-0.041299,0.360248,0.060737
-0.041236,0.360726,0.062149
-0.037333,0.359181,0.063661
-0.038890,0.360234,0.063878
-0.035962,0.362414,0.063751
-0.035097,0.360194,0.063276
-0.032335,0.358752,0.064883
-0.032024,0.359532,0.062272
-0.030330,0.360831,0.063863
-0.028163,0.358491,0.063181
-0.027629,0.359340,0.064197
-0.026518,0.360015,0.067024
-0.024388,0.360528,0.064055
-0.022228,0.360369,0.063710
-0.022578,0.359272,0.064691
-0.021995,0.362133,0.063933
-0.018943,0.360288,0.063976
-0.016367,0.360650,0.064353
-0.016984,0.359758,0.062747
-0.015968,0.359376,0.065012
-0.013988,0.360649,0.064310
-0.012497,0.360405,0.065106
-0.010459,0.360888,0.061651
-0.010606,0.359403,0.065859
-0.010012,0.359484,0.062625
-0.006233,0.360855,0.060682
-0.006788,0.359345,0.061967
-0.005069,0.361419,0.060818
-0.003973,0.360120,0.062600
-0.001590,0.359464,0.059088
-0.000098,0.360137,0.062462
0.000453,0.359779,0.060389
0.002004,0.359977,0.061625
0.003258,0.361232,0.060747
0.004234,0.361490,0.058714
0.007803,0.360649,0.059753
0.009142,0.360946,0.058621
0.009778,0.360151,0.058264
0.010979,0.361868,0.056529
0.010551,0.363444,0.055917
0.013239,0.361743,0.059208
0.015440,0.359797,0.056123
0.015375,0.360826,0.057181
0.018305,0.362028,0.056582
0.017573,0.359474,0.056463
0.019008,0.361122,0.055475
0.021884,0.360825,0.054706
0.021987,0.359594,0.054621
0.024940,0.361457,0.054107
0.025622,0.360516,0.053172
0.025725,0.361474,0.052091
0.028298,0.360717,0.054169
0.030178,0.360409,0.052716
0.029910,0.360029,0.054529
0.031425,0.360563,0.052331
0.033267,0.359479,0.052882
0.033332,0.362039,0.052573
0.037224,0.360523,0.054471
0.038979,0.359704,0.054292
0.040907,0.360668,0.051277
0.042733,0.360104,0.051162
0.039987,0.360943,0.051236
0.044017,0.361852,0.050720
0.043624,0.360715,0.051816
0.045165,0.360956,0.049443
0.045748,0.361437,0.050793
0.048357,0.361439,0.049667
0.049890,0.361653,0.050211
0.050389,0.361833,0.051590
0.050817,0.359775,0.051584
0.052863,0.360883,0.049084
0.056662,0.360254,0.049216
0.056038,0.361607,0.047911
0.056156,0.362101,0.046358
0.057455,0.360419,0.048130
0.059263,0.361006,0.047238
0.062652,0.361498,0.048208
0.064677,0.361307,0.045855
0.065013,0.362053,0.046455
0.067219,0.360294,0.045064
0.067359,0.364198,0.044635
0.067680,0.360609,0.044698
0.071227,0.362571,0.043872
0.071559,0.364057,0.042639
0.073160,0.361774,0.043074
0.074996,0.363061,0.041987
0.075408,0.363632,0.044305
0.077716,0.362284,0.041192
0.076976,0.362688,0.041163
0.079386,0.361832,0.040168
0.083140,0.361369,0.038010
0.082011,0.363223,0.039135
0.083747,0.363713,0.039640
0.084490,0.362556,0.039271
0.085969,0.364475,0.037585
0.090093,0.362489,0.034780
0.088966,0.363054,0.034270
0.091970,0.363046,0.033028
0.091143,0.362363,0.034507
0.092956,0.361776,0.033864
0.095548,0.360684,0.033573
0.097984,0.361609,0.031924
0.097610,0.363363,0.032998
0.098350,0.363899,0.031185
0.102073,0.364633,0.031899
0.103846,0.363354,0.029554
0.103799,0.362965,0.028796
0.106900,0.362134,0.027600
0.105927,0.363571,0.026122
0.108164,0.362889,0.023885
0.106893,0.363913,0.022495
0.110329,0.363811,0.022177
0.112831,0.361924,0.021295
0.113583,0.362683,0.015246
0.113080,0.363868,0.015822
0.116427,0.363211,0.012505
0.118234,0.364128,0.011125
0.122282,0.364682,0.010574
0.120602,0.364917,0.009627
0.121861,0.365733,0.005615
0.123009,0.364259,0.001472
0.126021,0.366844,0.000268
0.127582,0.365912,-0.006240
0.127008,0.365484,-0.008857
-0.170020,0.370675,-0.053708
-0.169640,0.369163,-0.047100
-0.166677,0.370810,-0.042234
-0.164534,0.369599,-0.033762
-0.162507,0.369954,-0.028159
-0.161453,0.367443,-0.019914
-0.158850,0.367125,-0.015080
-0.159783,0.367285,-0.007370
-0.155120,0.366970,-0.000112
-0.152895,0.367289,0.004521
-0.151818,0.365235,0.013432
-0.150459,0.366639,0.015397
-0.148424,0.366578,0.023333
-0.147468,0.364360,0.024402
-0.146100,0.363765,0.026369
-0.144014,0.362726,0.028786
-0.141229,0.365005,0.028921
-0.142249,0.362883,0.032780
-0.140025,0.363691,0.031756
-0.138361,0.364326,0.033416
-0.135530,0.364551,0.037049
-0.135694,0.362758,0.035957
-0.134150,0.364156,0.036290
-0.132447,0.363975,0.035016
-0.130118,0.364709,0.037737
-0.128659,0.364991,0.038246
-0.125164,0.364111,0.038732
-0.127477,0.364492,0.040641
-0.125397,0.364075,0.044505
-0.126059,0.362771,0.042114
-0.123139,0.362668,0.043503
-0.120489,0.364635,0.042699
-0.120588,0.362217,0.043588
-0.119152,0.361790,0.044699
-0.116903,0.363276,0.044292
-0.114444,0.363617,0.045024
-0.114608,0.362121,0.044717
-0.113438,0.361990,0.044554
-0.110988,0.363894,0.048531
-0.110480,0.362036,0.046255
-0.108950,0.364052,0.045928
-0.106530,0.363048,0.047601
-0.106185,0.362038,0.048533
-0.106653,0.364255,0.048131
-0.103018,0.362811,0.049202
-0.102702,0.362697,0.048546
-0.101647,0.363143,0.049018
-0.097595,0.364158,0.050177
-0.098697,0.362525,0.049694
-0.096622,0.363426,0.050957
-0.094213,0.363430,0.050164
-0.093093,0.362095,0.050848
-0.090866,0.362230,0.051209
-0.090828,0.364086,0.051517
-0.087482,0.363111,0.051788
-0.086837,0.360856,0.053942
-0.086623,0.363188,0.052135
-0.083482,0.361185,0.053108
-0.084762,0.360521,0.054474
-0.083282,0.361876,0.053082
-0.081668,0.362864,0.053261
-0.079877,0.361675,0.054422
-0.078075,0.361093,0.054456
-0.077203,0.362448,0.054095
-0.076248,0.361206,0.054246
-0.074124,0.362819,0.053927
-0.075036,0.362929,0.056445
-0.071331,0.361318,0.055115
-0.071339,0.363022,0.059832
-0.066879,0.363376,0.055485
-0.066524,0.361121,0.057893
-0.065064,0.363500,0.057219
-0.063529,0.361269,0.056108
-0.062994,0.362752,0.058344
-0.062990,0.363196,0.058719
-0.061705,0.362437,0.060734
-0.058594,0.362580,0.059162
-0.058275,0.363348,0.057903
-0.056759,0.361355,0.059048
-0.056442,0.361512,0.062328
-0.054641,0.361547,0.061444
-0.052546,0.361294,0.061019
-0.051389,0.361610,0.060814
-0.049146,0.363720,0.059592
-0.048292,0.361812,0.061669
-0.047159,0.362110,0.061622
-0.044671,0.362802,0.062132
-0.045326,0.361860,0.060128
-0.044000,0.363241,0.061541
-0.039394,0.362767,0.062449
-0.038694,0.361340,0.063468
-0.038994,0.363017,0.064239
-0.036893,0.362110,0.062904
-0.035320,0.360998,0.063210
-0.034573,0.361887,0.063203
-0.033251,0.362758,0.064376
-0.032968,0.361644,0.063874
-0.030737,0.361843,0.063393
-0.029198,0.362076,0.064224
-0.027556,0.362296,0.063464
-0.026187,0.361349,0.063209
-0.024960,0.362409,0.063915
-0.023418,0.362324,0.063563
-0.023549,0.361725,0.063721
-0.019733,0.362235,0.063880
-0.019450,0.362161,0.062317
-0.018064,0.362119,0.062849
-0.018548,0.361837,0.062160
-0.017317,0.361837,0.063661
-0.015085,0.362771,0.064953
-0.011094,0.361841,0.063413
-0.010638,0.361449,0.064456
-0.008636,0.363330,0.062862
-0.009341,0.360602,0.063302
-0.008852,0.361037,0.063411
-0.006553,0.361819,0.063208
-0.003695,0.361154,0.061168
-0.004135,0.361034,0.061544
-0.002441,0.362124,0.060903
-0.000848,0.364516,0.060390
0.000453,0.363188,0.059542
0.002620,0.364041,0.059090
0.004173,0.360894,0.059095
0.006632,0.362776,0.060363
0.004956,0.362140,0.058617
0.008426,0.363775,0.056713
0.009178,0.364130,0.057644
0.009337,0.362945,0.058397
0.011546,0.362483,0.056916
0.013521,0.363119,0.056362
0.013272,0.362710,0.057907
0.014612,0.363090,0.055985
0.017836,0.362498,0.055185
0.019547,0.361847,0.054424
0.019522,0.362478,0.056467
0.018745,0.362278,0.055437
0.024443,0.360820,0.055465
0.025119,0.362820,0.052880
0.023668,0.362575,0.054010
0.025229,0.364779,0.054613
0.027108,0.361815,0.056510
0.032290,0.363568,0.054170
0.030893,0.362866,0.053068
0.031487,0.362571,0.054751
0.032276,0.360977,0.052587
0.035338,0.364132,0.054122
0.035936,0.362949,0.050950
0.037208,0.363769,0.052982
0.039046,0.361879,0.054573
0.041283,0.363349,0.050683
0.044723,0.360661,0.051821
0.042393,0.363079,0.050519
0.045659,0.364328,0.050732
0.046756,0.363818,0.048661
0.046030,0.363402,0.048828
0.048532,0.363465,0.048417
0.050950,0.363509,0.048926
0.050252,0.363064,0.048225
0.052412,0.361382,0.048644
0.054810,0.363335,0.047661
0.056017,0.365051,0.047604
0.056984,0.362577,0.048955
0.057831,0.361400,0.046149
0.059690,0.363033,0.047350
0.060734,0.363418,0.043915
0.062876,0.363694,0.045129
0.064401,0.363025,0.044536
0.064774,0.362160,0.043294
0.066743,0.362164,0.044098
0.066209,0.365116,0.043579
0.069097,0.364737,0.044691
0.070801,0.363516,0.042455
0.071603,0.363053,0.042577
0.071151,0.363192,0.041304
0.073256,0.363788,0.039953
0.076225,0.364869,0.040431
0.077473,0.363069,0.039030
0.079026,0.365055,0.039482
0.080435,0.363227,0.039357
0.081667,0.364208,0.038574
0.082028,0.361803,0.037077
0.085454,0.363038,0.037161
0.085499,0.364478,0.037152
0.088167,0.361667,0.035287
0.088258,0.363501,0.033656
0.091405,0.364339,0.033010
0.092236,0.365859,0.034885
0.092217,0.363092,0.031590
0.094665,0.363981,0.033119
0.093764,0.363584,0.033498
0.094955,0.364864,0.030110
0.097281,0.362046,0.030176
0.099249,0.364785,0.030329
0.099574,0.365107,0.027609
0.101805,0.363299,0.025964
0.104040,0.365139,0.026153
0.105007,0.364778,0.024306
0.105268,0.366473,0.022196
0.107797,0.363940,0.021371
0.107975,0.365981,0.020869
0.110731,0.365560,0.018045
0.112364,0.366426,0.017356
0.115431,0.365730,0.013859
0.113165,0.365397,0.012526
0.115679,0.366710,0.010545
0.118532,0.365788,0.011675
0.117176,0.364420,0.006691
0.121638,0.365383,0.006808
0.122827,0.368424,0.003334
0.123810,0.365698,0.002232
0.124520,0.366914,-0.003917
0.126950,0.366807,-0.007004
0.128558,0.367542,-0.009957
-0.173458,0.374431,-0.059095
-0.169782,0.373786,-0.051857
-0.166784,0.372117,-0.047775
-0.165163,0.370849,-0.038652
-0.162956,0.370498,-0.033757
-0.159561,0.369366,-0.025570
-0.160814,0.369223,-0.018878
-0.159810,0.369557,-0.012131
-0.154333,0.368188,-0.005362
-0.155416,0.368945,0.000786
-0.153569,0.370856,0.006567
-0.152200,0.368045,0.013340
-0.150281,0.368088,0.019284
-0.148002,0.364910,0.022962
-0.147526,0.366111,0.027440
-0.147084,0.367133,0.027390
-0.143442,0.366187,0.028388
-0.141450,0.366393,0.033447
-0.141240,0.365007,0.033631
-0.137828,0.365705,0.034574
-0.138696,0.364963,0.034984
-0.135432,0.366846,0.033373
-0.136215,0.365226,0.034816
-0.134488,0.365077,0.034939
-0.132008,0.365941,0.034619
-0.130391,0.364941,0.040155
-0.129757,0.367078,0.039708
-0.129337,0.365128,0.040743
-0.126668,0.362752,0.039132
-0.125701,0.365983,0.041491
-0.123877,0.364861,0.042998
-0.122558,0.364515,0.039553
-0.120770,0.363812,0.043026
-0.118951,0.365134,0.042508
-0.119003,0.364761,0.042857
-0.117372,0.362639,0.043597
-0.114421,0.367251,0.044327
-0.113748,0.363515,0.045729
-0.112066,0.364184,0.045221
-0.113185,0.365733,0.045545
-0.109628,0.362696,0.047495
-0.108941,0.365853,0.046244
-0.108562,0.366065,0.046822
-0.106986,0.363530,0.048452
-0.105332,0.365805,0.048351
-0.102656,0.364941,0.049066
-0.101420,0.364802,0.049057
-0.098949,0.364878,0.049222
-0.097665,0.364745,0.048380
-0.096637,0.365695,0.049451
-0.097734,0.364291,0.051598
-0.095164,0.363744,0.049735
-0.093030,0.364230,0.051339
-0.090909,0.363267,0.051281
-0.089984,0.366477,0.052369
-0.090426,0.365671,0.052953
-0.087538,0.364664,0.053450
-0.085422,0.364459,0.053008
-0.085074,0.367319,0.051502
-0.082499,0.363140,0.052961
-0.082023,0.363305,0.052260
-0.082127,0.363763,0.053250
-0.079914,0.365363,0.054325
-0.079182,0.362189,0.054546
-0.077605,0.363914,0.055163
-0.074930,0.363137,0.054104
-0.075242,0.364119,0.056379
-0.073039,0.365484,0.055714
-0.071527,0.363222,0.055063
-0.068947,0.364744,0.056014
-0.068668,0.364173,0.056755
-0.066655,0.363348,0.056886
-0.065418,0.364376,0.057617
-0.066039,0.363723,0.056261
-0.062833,0.362879,0.058119
-0.061238,0.364428,0.057707
-0.060712,0.364310,0.058966
-0.060933,0.363350,0.057020
-0.058071,0.362821,0.058637
-0.052884,0.364683,0.061409
-0.054626,0.364503,0.060206
-0.054323,0.364265,0.059695
-0.050897,0.363351,0.061552
-0.050439,0.363929,0.060184
-0.049016,0.364104,0.062710
-0.047085,0.362880,0.059453
-0.046724,0.365323,0.062202
-0.045849,0.361777,0.059760
-0.044030,0.363563,0.061522
-0.043442,0.362716,0.061493
-0.041293,0.363961,0.061878
-0.039198,0.363004,0.062628
-0.040115,0.365071,0.061218
-0.038580,0.363073,0.062812
-0.036119,0.364248,0.062315
-0.034375,0.363382,0.062308
-0.034141,0.363426,0.062179
-0.032202,0.361924,0.064535
-0.031794,0.364754,0.064988
-0.029693,0.362246,0.062602
-0.028030,0.362387,0.063476
-0.024855,0.362442,0.063004
-0.024181,0.364128,0.063117
-0.023089,0.363472,0.064513
-0.021376,0.362526,0.061802
-0.022517,0.361306,0.063584
-0.019722,0.362049,0.062068
-0.018719,0.363180,0.063259
-0.016105,0.363637,0.061865
-0.016331,0.365392,0.064284
-0.012989,0.364012,0.063349
-0.012977,0.362406,0.063757
-0.012190,0.362299,0.061477
-0.009428,0.366262,0.061942
-0.007973,0.362256,0.060547
-0.007057,0.363792,0.061440
-0.005805,0.365883,0.060601
-0.004156,0.364283,0.063070
-0.004004,0.361720,0.061270
-0.002492,0.362235,0.061380
-0.002583,0.361349,0.060458
0.002360,0.362782,0.057743
0.003090,0.364322,0.059359
0.004693,0.362643,0.059855
0.004877,0.362402,0.058401
0.004826,0.363347,0.057773
0.008089,0.362119,0.058319
0.010037,0.364614,0.057702
0.010762,0.362823,0.057228
0.010798,0.364171,0.057758
0.013506,0.363008,0.057547
0.014072,0.363549,0.057624
0.015502,0.365467,0.054426
0.016038,0.363334,0.054662
0.019006,0.362480,0.057245
0.021052,0.362793,0.053504
0.021863,0.364540,0.055038
0.024163,0.362644,0.054034
0.022671,0.363505,0.054391
0.026668,0.365869,0.053743
0.026363,0.363279,0.053867
0.028090,0.364484,0.053256
0.030140,0.365344,0.054437
0.029775,0.363473,0.053790
0.031506,0.364576,0.052079
0.033275,0.364723,0.051946
0.034334,0.364402,0.052361
0.036738,0.364829,0.050494
0.036174,0.364749,0.052646
0.039597,0.363630,0.050763
0.042136,0.364475,0.051483
0.043231,0.363281,0.050859
0.044659,0.363681,0.050856
0.042799,0.365173,0.049402
0.046550,0.363942,0.049947
0.045640,0.365756,0.049071
0.050738,0.364212,0.049711
0.050880,0.364756,0.048928
0.051048,0.363559,0.047223
0.052046,0.363144,0.047817
0.052041,0.364772,0.049042
0.056780,0.363771,0.047016
0.056425,0.363543,0.047063
0.057899,0.365895,0.047285
0.058363,0.365621,0.046090
0.061593,0.365600,0.045043
0.061031,0.365778,0.044286
0.063483,0.366082,0.043926
0.064015,0.365619,0.043158
0.066880,0.366000,0.043288
0.067452,0.365635,0.042942
0.067972,0.364921,0.042419
0.070915,0.366002,0.040790
0.072356,0.364046,0.042585
0.072287,0.365546,0.040105
0.073816,0.365719,0.041973
0.077188,0.365055,0.039194
0.077343,0.365665,0.038394
0.080320,0.366383,0.037547
0.080387,0.366417,0.037351
0.078334,0.365050,0.038355
0.081411,0.364824,0.037841
0.083253,0.366020,0.035703
0.085553,0.366112,0.036780
0.086978,0.366420,0.032680
0.089373,0.365242,0.033657
0.088722,0.366724,0.034876
0.090137,0.365513,0.029564
0.092929,0.365537,0.030583
0.092963,0.366405,0.030446
0.094853,0.365650,0.029323
0.098096,0.364971,0.028469
0.098591,0.366689,0.028890
0.098752,0.366293,0.026635
0.101995,0.366485,0.028177
0.101400,0.367340,0.023936
0.105380,0.366486,0.023956
0.105131,0.364533,0.021978
0.106041,0.367152,0.020447
0.109152,0.365978,0.019384
0.110398,0.368587,0.019156
0.110113,0.366096,0.015904
0.113180,0.366645,0.015018
0.111545,0.367665,0.012769
0.115359,0.368609,0.009507
0.115581,0.368127,0.009423
0.119614,0.366630,0.007397
0.117880,0.366898,0.006826
0.121135,0.367517,0.004264
0.121336,0.368073,0.000840
0.124099,0.367706,-0.003853
0.126017,0.369033,-0.006393
0.127127,0.368548,-0.011135
-0.171858,0.373434,-0.056633
-0.170285,0.372332,-0.051101
-0.168128,0.371983,-0.047319
-0.165838,0.372851,-0.037114
-0.165254,0.374588,-0.032008
-0.162235,0.370288,-0.024677
-0.160016,0.371196,-0.019618
-0.159114,0.371621,-0.011196
-0.155714,0.371342,-0.005917
-0.155562,0.370808,0.001452
-0.151843,0.370113,0.008693
-0.153758,0.369538,0.013167
-0.150766,0.368884,0.019948
-0.148719,0.368642,0.024911
-0.147096,0.367511,0.027502
-0.145807,0.366455,0.030953
-0.143896,0.367673,0.033087
-0.141758,0.364190,0.033885
-0.140949,0.367142,0.030975
-0.140527,0.367804,0.033136
-0.138535,0.369227,0.034268
-0.136634,0.367987,0.035811
-0.135358,0.366990,0.036871
-0.133815,0.368354,0.037640
-0.131008,0.365473,0.038644
-0.132566,0.364586,0.037752
-0.129196,0.367590,0.039596
-0.127395,0.367012,0.039661
-0.125856,0.366396,0.042375
-0.125456,0.365668,0.041357
-0.123844,0.368226,0.042968
-0.120762,0.365972,0.041798
-0.121999,0.368289,0.043896
-0.121175,0.367229,0.042470
-0.118663,0.366603,0.043949
-0.116701,0.365596,0.043311
-0.116654,0.365667,0.046061
-0.116986,0.365806,0.043599
-0.112993,0.367227,0.044758
-0.111297,0.366672,0.044963
-0.109787,0.367848,0.046321
-0.106887,0.367543,0.046598
-0.107292,0.366792,0.047446
-0.103950,0.364704,0.048642
-0.104013,0.364856,0.047993
-0.102425,0.367057,0.047966
-0.101612,0.365590,0.048266
-0.100074,0.367170,0.048993
-0.099675,0.366053,0.049173
-0.098247,0.365692,0.048805
-0.094587,0.365444,0.051478
-0.096610,0.367170,0.048974
-0.092061,0.365015,0.050482
-0.093437,0.365907,0.050879
-0.090002,0.366906,0.050924
-0.089566,0.365318,0.052328
-0.088286,0.367733,0.052340
-0.087171,0.364505,0.054645
-0.083769,0.366011,0.053114
-0.082311,0.365869,0.052456
-0.081220,0.363712,0.052916
-0.082481,0.366555,0.054255
-0.079714,0.366019,0.053093
-0.077753,0.365478,0.053291
-0.077298,0.364756,0.053576
-0.075818,0.367535,0.053280
-0.074667,0.364688,0.055890
-0.073008,0.367023,0.055424
-0.072569,0.368110,0.055261
-0.069071,0.366014,0.053585
-0.069766,0.365015,0.056880
-0.068334,0.365601,0.056250
-0.066760,0.365086,0.056722
-0.064565,0.365094,0.057612
-0.063600,0.365909,0.057136
-0.063029,0.365438,0.058890
-0.060496,0.364856,0.058966
-0.056321,0.364845,0.058427
-0.057590,0.364584,0.059453
-0.055282,0.364938,0.057251
-0.056271,0.366078,0.060299
-0.053613,0.367017,0.058770
-0.052979,0.365387,0.059361
-0.051767,0.366442,0.060393
-0.048423,0.365769,0.058443
-0.049761,0.365544,0.060155
-0.047642,0.365277,0.057957
-0.045111,0.365977,0.060857
-0.044659,0.365041,0.060888
-0.043083,0.365479,0.061758
-0.042511,0.364565,0.061863
-0.039869,0.366031,0.061740
-0.037896,0.365782,0.062509
-0.037784,0.363575,0.061267
-0.036745,0.364477,0.063085
-0.033785,0.365595,0.060023
-0.033891,0.366609,0.063044
-0.033162,0.364483,0.062327
-0.030718,0.366447,0.061205
-0.026080,0.364190,0.062112
-0.027070,0.365563,0.061918
-0.027086,0.364729,0.062412
-0.026543,0.365614,0.064006
-0.024687,0.363729,0.062900
-0.022889,0.365443,0.063871
-0.021015,0.364996,0.061953
-0.023055,0.366563,0.061830
-0.017274,0.365809,0.062905
-0.016232,0.364042,0.063913
-0.015088,0.364663,0.063399
-0.015554,0.364892,0.061457
-0.013957,0.364784,0.063606
-0.009467,0.366811,0.061724
-0.010040,0.364597,0.060307
-0.004642,0.364792,0.063329
-0.006673,0.365649,0.061735
-0.006693,0.365414,0.061348
-0.005094,0.365277,0.062349
-0.002430,0.366663,0.060056
-0.000762,0.365534,0.058769
-0.000612,0.365743,0.059814
0.001501,0.365584,0.059842
0.001564,0.364777,0.059631
0.003310,0.364578,0.058656
0.004605,0.364527,0.058907
0.005881,0.367039,0.057790
0.007990,0.366226,0.057453
0.007996,0.365872,0.057850
0.010886,0.364597,0.056191
0.010980,0.366916,0.057263
0.011832,0.366538,0.054710
0.014217,0.365015,0.055396
0.014542,0.365310,0.054811
0.015702,0.365499,0.055847
0.018093,0.365668,0.056040
0.021049,0.364811,0.054621
0.020442,0.367504,0.054325
0.020408,0.365758,0.053225
0.023156,0.365987,0.055514
0.027116,0.365663,0.054331
0.026292,0.365995,0.053146
0.026204,0.364353,0.054679
0.028744,0.365916,0.053639
0.029707,0.365629,0.052357
0.031389,0.366564,0.052776
0.032173,0.364785,0.051987
0.034343,0.365688,0.052865
0.038607,0.364446,0.052244
0.037497,0.365465,0.050405
0.037937,0.364450,0.052911
0.041469,0.365038,0.050458
0.041957,0.364877,0.050460
0.044279,0.364283,0.049782
0.042980,0.367968,0.050146
0.048012,0.366517,0.049613
0.048535,0.366855,0.050445
0.049438,0.366334,0.049438
0.050241,0.366192,0.048021
0.051167,0.368011,0.048779
0.051326,0.364860,0.046108
0.053747,0.364634,0.046349
0.054789,0.365994,0.046301
0.055401,0.366399,0.046764
0.055718,0.367599,0.044755
0.060629,0.366976,0.045735
0.061053,0.368545,0.042792
0.063207,0.367075,0.041938
0.062803,0.365711,0.043063
0.065157,0.365528,0.044354
0.065637,0.368511,0.043505
0.066056,0.366996,0.041015
0.069805,0.365920,0.040235
0.070116,0.365984,0.040270
0.072695,0.366096,0.040206
0.072896,0.367300,0.040948
0.074171,0.368103,0.039293
0.075919,0.366770,0.038692
0.076510,0.369029,0.039455
0.079192,0.367329,0.038225
0.081487,0.367818,0.036179
0.079864,0.365867,0.035113
0.082730,0.367735,0.034193
0.085002,0.368006,0.034187
0.085668,0.367119,0.031746
0.087425,0.366735,0.033218
0.088925,0.366822,0.031561
0.089615,0.368291,0.031511
0.092568,0.367502,0.031910
0.094003,0.367233,0.029815
0.092832,0.366315,0.031815
0.093828,0.368259,0.026373
0.095651,0.367473,0.027622
0.097883,0.366919,0.026854
0.099978,0.368064,0.026429
0.100749,0.367925,0.024955
0.102112,0.368731,0.021828
0.103491,0.368936,0.022306
0.105548,0.368511,0.020978
0.107932,0.367048,0.020755
0.108599,0.369126,0.017786
0.109738,0.369030,0.017829
0.111352,0.369282,0.015575
0.110386,0.367442,0.011640
0.113152,0.369327,0.010632
0.114397,0.369137,0.008984
0.115904,0.367637,0.006941
0.117721,0.368327,0.005954
0.118798,0.368947,0.004930
0.120608,0.368898,-0.000451
0.123252,0.369957,-0.001156
0.123210,0.369656,-0.005592
0.123480,0.371195,-0.007178
-0.173673,0.376209,-0.058851
-0.168594,0.377250,-0.047304
-0.166785,0.376736,-0.043013
-0.165405,0.375037,-0.037401
-0.164598,0.373664,-0.028823
-0.160060,0.373557,-0.022384
-0.160493,0.371271,-0.015045
-0.159897,0.374123,-0.009941
-0.157231,0.371013,-0.002259
-0.155935,0.369255,0.002905
-0.154401,0.370650,0.010388
-0.150590,0.371565,0.020364
-0.150280,0.370120,0.023267
-0.147328,0.370229,0.028911
-0.146716,0.369095,0.031349
-0.143599,0.368303,0.031473
-0.143388,0.368090,0.035293
-0.142840,0.368518,0.035145
-0.140487,0.368700,0.034454
-0.138375,0.368451,0.036133
-0.138033,0.367765,0.036772
-0.136380,0.369893,0.038412
-0.134565,0.369077,0.035723
-0.133428,0.367171,0.036811
-0.132369,0.368091,0.039405
-0.132027,0.369978,0.038736
-0.128105,0.367039,0.038637
-0.127798,0.366963,0.040825
-0.127563,0.368879,0.041515
-0.123754,0.369597,0.042020
-0.126713,0.366510,0.040776
-0.123584,0.367811,0.042191
-0.120058,0.367463,0.042414
-0.119961,0.368776,0.044616
-0.119096,0.368555,0.044267
-0.114987,0.368410,0.046315
-0.115374,0.368595,0.045280
-0.113787,0.367963,0.046259
-0.112773,0.368333,0.043998
-0.111265,0.368033,0.046140
-0.110441,0.365873,0.047821
-0.107905,0.368804,0.046527
-0.107314,0.369683,0.045700
-0.106595,0.367917,0.046552
-0.101274,0.367269,0.048062
-0.102034,0.368270,0.048165
-0.103547,0.365638,0.049017
-0.099562,0.368608,0.049244
-0.097680,0.368970,0.048423
-0.097559,0.366607,0.050454
-0.094708,0.368156,0.049783
-0.095859,0.367724,0.050146
-0.091650,0.366578,0.050515
-0.090431,0.367838,0.051103
-0.091579,0.366147,0.049408
-0.089698,0.367860,0.052672
-0.087931,0.365473,0.052201
-0.085262,0.366660,0.050916
-0.085681,0.366688,0.052724
-0.085029,0.367492,0.051851
-0.081705,0.367425,0.052278
-0.079822,0.368106,0.053485
-0.079172,0.365972,0.053394
-0.077083,0.367534,0.053556
-0.075650,0.367661,0.055352
-0.075392,0.367175,0.055266
-0.074115,0.367421,0.053743
-0.075406,0.367394,0.055085
-0.071700,0.368006,0.056265
-0.070276,0.367733,0.054866
-0.067667,0.365539,0.056155
-0.067811,0.368035,0.056418
-0.065934,0.366605,0.057465
-0.065637,0.365398,0.055187
-0.063823,0.367612,0.056580
-0.063554,0.367517,0.056298
-0.060088,0.367397,0.056807
-0.059727,0.367216,0.056655
-0.058806,0.366698,0.059111
-0.055622,0.367125,0.059840
-0.054697,0.367476,0.059440
-0.051877,0.367663,0.060049
-0.052972,0.365966,0.058894
-0.050034,0.365961,0.058637
-0.050307,0.366911,0.059697
-0.047539,0.367388,0.061945
-0.046443,0.366237,0.061814
-0.044414,0.366953,0.059787
-0.044756,0.367100,0.060951
-0.043492,0.367283,0.060902
-0.041833,0.365582,0.061908
-0.039999,0.365211,0.059069
-0.037232,0.365276,0.062705
-0.036155,0.367175,0.063159
-0.036613,0.365959,0.060458
-0.033033,0.367387,0.061492
-0.032583,0.367088,0.061130
-0.031132,0.367629,0.061273
-0.029956,0.368309,0.062250
-0.029321,0.365780,0.062779
-0.028044,0.366627,0.061684
-0.027729,0.367137,0.060969
-0.025480,0.365568,0.060377
-0.023147,0.366695,0.062670
-0.022036,0.365666,0.062532
-0.022681,0.365406,0.061884
-0.018494,0.364006,0.061085
-0.020192,0.365572,0.060573
-0.016545,0.367316,0.062454
-0.015941,0.366963,0.061807
-0.014314,0.365677,0.062155
-0.013868,0.366625,0.062287
-0.012064,0.368281,0.060647
-0.010914,0.366185,0.061610
-0.010033,0.367310,0.061945
-0.008287,0.365690,0.059661
-0.005058,0.367099,0.063245
-0.003926,0.367205,0.061586
-0.002304,0.366331,0.059089
-0.001488,0.367460,0.060416
-0.000848,0.368846,0.061020
0.001150,0.367503,0.060078
0.002242,0.368599,0.058864
0.002368,0.367687,0.058411
0.003701,0.367173,0.056276
0.006842,0.367822,0.056707
0.007944,0.366613,0.058607
0.009383,0.369755,0.057645
0.011891,0.367574,0.055814
0.011774,0.366805,0.056479
0.010964,0.368410,0.054680
0.013911,0.368813,0.054997
0.014944,0.367864,0.053745
0.017399,0.367734,0.054675
0.016536,0.366504,0.054937
0.018883,0.366416,0.054948
0.022150,0.367512,0.054615
0.022649,0.367485,0.055913
0.024623,0.367800,0.053517
0.027045,0.366674,0.051738
0.026429,0.366748,0.052142
0.027758,0.367114,0.052548
0.029403,0.368369,0.054503
0.031971,0.369151,0.050708
0.031478,0.367422,0.053611
0.034485,0.367245,0.053989
0.035945,0.366397,0.050659
0.036698,0.367369,0.052182
0.036910,0.367013,0.052221
0.038441,0.368153,0.050600
0.039638,0.367683,0.049174
0.042814,0.368935,0.049085
0.044649,0.367981,0.049746
0.042847,0.367112,0.048492
0.044970,0.366788,0.048979
0.047110,0.369032,0.048341
0.048341,0.366514,0.046874
0.051408,0.368253,0.049219
0.051679,0.367377,0.046947
0.053028,0.366543,0.046931
0.053463,0.368005,0.045751
0.055089,0.368683,0.045631
0.057006,0.367900,0.045011
0.058996,0.369489,0.043750
0.058560,0.367856,0.043998
0.060826,0.368215,0.044529
0.062126,0.368053,0.043273
0.062024,0.368403,0.042972
0.065982,0.367739,0.041362
0.067421,0.367710,0.041851
0.066031,0.367009,0.040290
0.069423,0.367122,0.038909
0.070409,0.369318,0.038521
0.071862,0.367618,0.038880
0.074697,0.368648,0.040527
0.075209,0.367818,0.037804
0.075839,0.368422,0.037352
0.076330,0.368771,0.036639
0.078278,0.368957,0.036536
0.080028,0.369431,0.033867
0.080767,0.368291,0.033356
0.080991,0.368421,0.034733
0.083872,0.369124,0.032668
0.086459,0.369733,0.033238
0.087397,0.368161,0.032242
0.086702,0.368971,0.031773
0.088858,0.368814,0.027964
0.089274,0.368858,0.029461
0.092411,0.368842,0.028975
0.093960,0.368718,0.027829
0.096675,0.369609,0.025707
0.095869,0.369533,0.025634
0.096808,0.368615,0.024084
0.101220,0.370191,0.023219
0.099900,0.368385,0.022302
0.101065,0.370295,0.019569
0.104514,0.370280,0.020015
0.104377,0.369405,0.017459
0.105213,0.370462,0.017133
0.107127,0.371842,0.014997
0.110057,0.370158,0.014094
0.111788,0.370508,0.012435
0.112846,0.369925,0.011903
0.112710,0.370047,0.009616
0.115980,0.369981,0.006389
0.118664,0.371925,0.005789
0.119621,0.372533,0.003843
0.119155,0.372158,0.000538
0.121707,0.370572,-0.002050
0.121258,0.372633,-0.005572
0.123813,0.372243,-0.008842
0.125265,0.371547,-0.011757
-0.173360,0.378727,-0.059950
-0.172247,0.378589,-0.056787
-0.168620,0.376147,-0.047731
-0.167473,0.375709,-0.041738
-0.166649,0.375612,-0.033475
-0.165071,0.377063,-0.027287
-0.162395,0.375194,-0.021461
-0.159276,0.375310,-0.015094
-0.157723,0.374216,-0.007664
-0.156763,0.374760,-0.001433
-0.154210,0.374158,0.006114
-0.153636,0.371691,0.011942
-0.151648,0.372201,0.017538
-0.148468,0.370244,0.025379
-0.148839,0.370051,0.029747
-0.144683,0.370657,0.031653
-0.145526,0.371690,0.033110
-0.143299,0.370865,0.034557
-0.142010,0.369102,0.033195
-0.141616,0.370315,0.034349
-0.141939,0.369911,0.032798
-0.136996,0.369079,0.037854
-0.135441,0.368872,0.037139
-0.134921,0.369054,0.039083
-0.134944,0.369487,0.039535
-0.132586,0.371756,0.039033
-0.130555,0.370941,0.040026
-0.130087,0.369237,0.039616
-0.127588,0.370496,0.040677
-0.126459,0.370960,0.041822
-0.123274,0.369644,0.042159
-0.123013,0.367721,0.042424
-0.120959,0.369584,0.042923
-0.119831,0.369874,0.043545
-0.120333,0.370232,0.042853
-0.117167,0.370544,0.043754
-0.117267,0.370776,0.043994
-0.116599,0.368567,0.046670
-0.114026,0.370982,0.045718
-0.110306,0.369474,0.044371
-0.112294,0.368592,0.046275
-0.110411,0.369613,0.047059
-0.109056,0.368564,0.046753
-0.107124,0.368978,0.046604
-0.105762,0.367272,0.046351
-0.103831,0.369492,0.048277
-0.102191,0.370282,0.047524
-0.101555,0.369213,0.046783
-0.102794,0.369350,0.050954
-0.099085,0.369271,0.049332
-0.097129,0.367450,0.049700
-0.097318,0.368986,0.050374
-0.094581,0.371189,0.051512
-0.093662,0.368524,0.049767
-0.092627,0.370111,0.051658
-0.090322,0.369690,0.050450
-0.091181,0.367788,0.051002
-0.085302,0.368277,0.050223
-0.085561,0.368265,0.052258
-0.085631,0.371044,0.051706
-0.084012,0.368131,0.053489
-0.081914,0.370007,0.053615
-0.081367,0.368258,0.053661
-0.077543,0.368786,0.053238
-0.078780,0.368793,0.053230
-0.076969,0.370753,0.053421
-0.076821,0.369506,0.053507
-0.074361,0.367889,0.055040
-0.075560,0.367369,0.054356
-0.072030,0.370691,0.054304
-0.070643,0.368032,0.056081
-0.068551,0.366938,0.056983
-0.067794,0.368384,0.055650
-0.063477,0.369231,0.054151
-0.062968,0.369486,0.054830
-0.063676,0.370104,0.057353
-0.063597,0.367260,0.057021
-0.059587,0.368457,0.056178
-0.058287,0.370484,0.058428
-0.057935,0.369319,0.058009
-0.057469,0.368159,0.058556
-0.054560,0.369544,0.058162
-0.054266,0.367312,0.057373
-0.053150,0.370213,0.057843
-0.050978,0.368601,0.058226
-0.048745,0.368340,0.060036
-0.047537,0.368125,0.060131
-0.046368,0.367111,0.058786
-0.046399,0.367779,0.060562
-0.043957,0.367841,0.059852
-0.042520,0.368236,0.061571
-0.041863,0.368697,0.060079
-0.039638,0.368955,0.060431
-0.039135,0.369116,0.058299
-0.037905,0.367882,0.059567
-0.034332,0.367276,0.060962
-0.034914,0.367887,0.062125
-0.032031,0.368366,0.060526
-0.032399,0.368709,0.059658
-0.029096,0.368288,0.062295
-0.029303,0.366617,0.064269
-0.026627,0.368648,0.061918
-0.026891,0.369169,0.062838
-0.024062,0.367985,0.060503
-0.023962,0.366976,0.062935
-0.021657,0.367781,0.060933
-0.020796,0.367712,0.062357
-0.018758,0.367173,0.063172
-0.018241,0.369723,0.062276
-0.015075,0.366952,0.060123
-0.015570,0.369550,0.063049
-0.013913,0.367474,0.061214
-0.012157,0.368569,0.060446
-0.011011,0.369400,0.062259
-0.009064,0.370381,0.061220
-0.006771,0.369850,0.062699
-0.008173,0.369300,0.060918
-0.005587,0.368030,0.061361
-0.004521,0.367894,0.059812
-0.002301,0.368126,0.061318
-0.001344,0.368665,0.059215
-0.000262,0.369436,0.058605
0.001134,0.370034,0.059470
0.001584,0.369731,0.059388
0.004477,0.368297,0.059009
0.003558,0.368610,0.058078
0.005293,0.367979,0.057091
0.007015,0.369605,0.057661
0.007950,0.370063,0.055899
0.010444,0.368932,0.054031
0.013722,0.369026,0.054655
0.013442,0.368243,0.056380
0.013884,0.369279,0.055650
0.015216,0.366826,0.055845
0.015951,0.367952,0.055129
0.018701,0.368287,0.054352
0.020617,0.368584,0.054810
0.020756,0.366903,0.053395
0.023313,0.368388,0.054713
0.025286,0.369637,0.052044
0.025398,0.369306,0.052498
0.025492,0.368084,0.053244
0.029112,0.368217,0.051476
0.030040,0.367564,0.052353
0.032198,0.367743,0.052216
0.032613,0.368511,0.051858
0.032860,0.367739,0.052300
0.036006,0.370169,0.050688
0.034751,0.371317,0.051065
0.036910,0.369330,0.049553
0.040185,0.370139,0.051265
0.039743,0.371996,0.051070
0.042690,0.369661,0.048824
0.042290,0.369305,0.049555
0.044681,0.369626,0.048003
0.044950,0.369080,0.048211
0.047009,0.369592,0.049009
0.049638,0.371099,0.046277
0.049959,0.369092,0.047808
0.049296,0.369713,0.046522
0.052362,0.371250,0.044817
0.054401,0.368613,0.044872
0.054920,0.368933,0.042736
0.055170,0.369900,0.044555
0.058333,0.369179,0.041261
0.059463,0.370594,0.042246
0.060498,0.369535,0.041697
0.061975,0.369109,0.041967
0.064506,0.370521,0.041719
0.064251,0.370984,0.040514
0.067512,0.368071,0.038824
0.067434,0.368455,0.039990
0.070523,0.368445,0.039982
0.068869,0.368697,0.037529
0.070670,0.368653,0.038823
0.073802,0.371774,0.037256
0.075712,0.370367,0.034211
0.075373,0.370610,0.036971
0.078220,0.370373,0.036721
0.079670,0.370550,0.034366
0.080444,0.369623,0.032523
0.081380,0.369552,0.033216
0.083911,0.369594,0.033423
0.084386,0.370815,0.030577
0.086336,0.370441,0.030944
0.086277,0.369713,0.029551
0.089175,0.371133,0.027393
0.090589,0.372076,0.027299
0.091614,0.370389,0.027442
0.093179,0.369157,0.025534
0.093117,0.370667,0.024623
0.096006,0.370850,0.025273
0.097558,0.370045,0.024659
0.099096,0.371423,0.022167
0.099552,0.370612,0.019180
0.102787,0.373989,0.018592
0.102913,0.373243,0.019160
0.103502,0.371008,0.017728
0.105834,0.372271,0.015964
0.107301,0.372533,0.014562
0.109924,0.371822,0.013802
0.109303,0.372772,0.011162
0.110432,0.371722,0.011557
0.114736,0.371417,0.008260
0.114403,0.373007,0.007812
0.114494,0.370466,0.003853
0.116406,0.371754,0.002467
0.116654,0.372585,0.001045
0.118918,0.373812,-0.001160
0.121811,0.373925,-0.003409
0.122811,0.372638,-0.005865
0.123160,0.373477,-0.009895
-0.172697,0.381669,-0.059539
-0.171120,0.379289,-0.053487
-0.169273,0.378110,-0.047488
-0.167800,0.377492,-0.039390
-0.167551,0.377843,-0.031890
-0.162643,0.377503,-0.027440
-0.162425,0.376762,-0.020053
-0.160687,0.376642,-0.014413
-0.157829,0.374584,-0.006616
-0.155795,0.375193,-0.002348
-0.156000,0.375627,0.005737
-0.152876,0.374160,0.013091
-0.150535,0.373172,0.021075
-0.148689,0.373058,0.026128
-0.146789,0.372580,0.032724
-0.147587,0.371209,0.033418
-0.145205,0.370829,0.034966
-0.144354,0.373672,0.035021
-0.142101,0.374525,0.031720
-0.140420,0.372623,0.035523
-0.139428,0.372880,0.035324
-0.137190,0.370135,0.035585
-0.138130,0.371815,0.035707
-0.134598,0.373509,0.038291
-0.133277,0.371763,0.040036
-0.133016,0.371455,0.037351
-0.129940,0.373090,0.041339
-0.131148,0.372012,0.041262
-0.129700,0.371044,0.040244
-0.125476,0.370623,0.041489
-0.124289,0.370410,0.042370
-0.122967,0.370961,0.042986
-0.122801,0.372299,0.043286
-0.120488,0.370331,0.042775
-0.120067,0.370952,0.043824
-0.117514,0.372927,0.042961
-0.117064,0.370868,0.043822
-0.114475,0.372134,0.044477
-0.113117,0.371839,0.045265
-0.113505,0.373138,0.044197
-0.109954,0.371155,0.045370
-0.109176,0.371565,0.046487
-0.108703,0.371726,0.045692
-0.106710,0.373069,0.048145
-0.107292,0.371969,0.047075
-0.106087,0.369433,0.047605
-0.103505,0.370362,0.047085
-0.101839,0.371030,0.049536
-0.101228,0.371427,0.047548
-0.098568,0.369625,0.049817
-0.096364,0.371340,0.049918
-0.095348,0.370655,0.049349
-0.096992,0.370464,0.050566
-0.095031,0.370883,0.050397
-0.093000,0.369877,0.049917
-0.090004,0.370717,0.049525
-0.090003,0.370489,0.050560
-0.087966,0.370442,0.050819
-0.086798,0.370753,0.051809
-0.084433,0.369430,0.051843
-0.083538,0.370686,0.052301
-0.082490,0.369607,0.052142
-0.080770,0.371433,0.053035
-0.079832,0.370503,0.053866
-0.077661,0.370959,0.054212
-0.077107,0.371566,0.052399
-0.075358,0.370829,0.053815
-0.074865,0.370008,0.054695
-0.072215,0.369681,0.055087
-0.070089,0.369948,0.053506
-0.071543,0.370862,0.054534
-0.067810,0.370555,0.055485
-0.068326,0.368870,0.055501
-0.064412,0.369856,0.056976
-0.063011,0.371029,0.055421
-0.062703,0.370126,0.058610
-0.061331,0.367940,0.056083
-0.059086,0.372019,0.055460
-0.057325,0.369093,0.056770
-0.057338,0.372368,0.058000
-0.057475,0.370623,0.056074
-0.054908,0.370353,0.057462
-0.053889,0.371028,0.057070
-0.052033,0.371220,0.059128
-0.053191,0.370178,0.058678
-0.049123,0.369380,0.057348
-0.047867,0.371180,0.058972
-0.046823,0.370823,0.057563
-0.045703,0.370329,0.056620
-0.044680,0.369214,0.060049
-0.041891,0.369237,0.060555
-0.040644,0.368614,0.060629
-0.041343,0.369328,0.060964
-0.039693,0.370080,0.061123
-0.036557,0.369292,0.059695
-0.035236,0.368133,0.059940
-0.034401,0.369618,0.060533
-0.034171,0.368787,0.061210
-0.033025,0.372029,0.060712
-0.030148,0.369944,0.060486
-0.029519,0.370435,0.061624
-0.026680,0.370856,0.062219
-0.027795,0.370124,0.061315
-0.024822,0.368964,0.062587
-0.024351,0.370288,0.059414
-0.020930,0.367037,0.061183
-0.019219,0.368515,0.061496
-0.018111,0.368853,0.060656
-0.018357,0.371880,0.060959
-0.017374,0.369645,0.061153
-0.013184,0.370555,0.062547
-0.014950,0.371670,0.061995
-0.013996,0.370258,0.061186
-0.010326,0.368061,0.059761
-0.007888,0.367419,0.060607
-0.009123,0.371335,0.059962
-0.006914,0.369412,0.060562
-0.003835,0.370017,0.061137
-0.002585,0.368730,0.058964
-0.001326,0.370138,0.060288
-0.003108,0.369563,0.061069
-0.000644,0.370082,0.059650
0.001850,0.367476,0.058400
0.003482,0.369572,0.057099
0.002035,0.370956,0.056566
0.003179,0.370325,0.058294
0.006272,0.372529,0.056433
0.007724,0.371738,0.055828
0.009763,0.369601,0.054954
0.011137,0.369824,0.056089
0.012070,0.370952,0.056103
0.011580,0.371691,0.053810
0.016049,0.369434,0.055437
0.016381,0.370384,0.052546
0.018083,0.370243,0.053769
0.018113,0.372267,0.054219
0.021999,0.370811,0.054480
0.021605,0.370400,0.053947
0.022898,0.371473,0.052967
0.025243,0.370860,0.053999
0.025208,0.371109,0.052411
0.026187,0.369569,0.051634
0.026836,0.370322,0.049010
0.028723,0.371414,0.051233
0.029748,0.369379,0.051095
0.031045,0.371755,0.051883
0.035183,0.369582,0.051878
0.033709,0.370674,0.050144
0.038785,0.371038,0.049700
0.039302,0.371067,0.050277
0.041564,0.370789,0.049505
0.040666,0.369463,0.049813
0.041086,0.370658,0.049252
0.044022,0.370567,0.047980
0.044152,0.371610,0.046831
0.046134,0.369863,0.047430
0.047144,0.369191,0.047790
0.047493,0.370237,0.046492
0.049766,0.373488,0.046041
0.051725,0.370019,0.044323
0.051931,0.371422,0.044511
0.054963,0.369755,0.043354
0.056864,0.371847,0.042538
0.056455,0.371665,0.042657
0.060331,0.369781,0.042764
0.060171,0.370574,0.042406
0.061278,0.369808,0.041152
0.061248,0.370679,0.040004
0.063880,0.370782,0.038874
0.065713,0.371628,0.040952
0.066996,0.371746,0.038226
0.067543,0.371176,0.040338
0.067762,0.370247,0.037243
0.070067,0.370226,0.037432
0.071788,0.370912,0.037016
0.072163,0.372946,0.037074
0.075437,0.372187,0.033409
0.075910,0.373262,0.034613
0.077161,0.371762,0.034839
0.078918,0.371778,0.032928
0.081229,0.372465,0.033791
0.080892,0.371384,0.031350
0.084012,0.371406,0.029923
0.084851,0.372845,0.029517
0.085493,0.375396,0.029656
0.086953,0.372930,0.029178
0.090343,0.373202,0.025572
0.089986,0.371535,0.028173
0.089554,0.372061,0.026620
0.092334,0.373535,0.023398
0.095021,0.376025,0.024375
0.095122,0.373742,0.022377
0.097917,0.373949,0.021192
0.098375,0.373155,0.021195
0.098892,0.372658,0.019704
0.099778,0.371914,0.017801
0.102978,0.373421,0.017991
0.106102,0.373543,0.015365
0.104645,0.374986,0.014298
0.105403,0.372528,0.012218
0.106960,0.375388,0.010581
0.110921,0.374337,0.010115
0.112769,0.373695,0.007080
0.112802,0.371976,0.006910
0.114279,0.372710,0.002481
0.114785,0.374902,0.003697
0.117783,0.375153,0.000922
0.119185,0.374658,-0.002774
0.119728,0.374414,-0.003091
0.119601,0.376194,-0.004603
0.122464,0.375045,-0.008609
-0.171881,0.381412,-0.059284
-0.171611,0.381993,-0.052068
-0.168144,0.380846,-0.041370
-0.167224,0.378675,-0.040006
-0.165926,0.378589,-0.031717
-0.163354,0.377649,-0.023312
-0.162103,0.379516,-0.017701
-0.159705,0.377983,-0.011144
-0.158592,0.376953,-0.003640
-0.157247,0.375826,0.002670
-0.154859,0.375855,0.009315
-0.154070,0.376577,0.014811
-0.150419,0.375413,0.022263
-0.149831,0.373184,0.028350
-0.147007,0.372536,0.032958
-0.145198,0.372701,0.033606
-0.142984,0.373147,0.034547
-0.142294,0.373263,0.032397
-0.140659,0.373384,0.033422
-0.139187,0.373484,0.036961
-0.137442,0.374611,0.037601
-0.135873,0.375493,0.036080
-0.137023,0.374287,0.037995
-0.134185,0.373740,0.037794
-0.133298,0.374448,0.039755
-0.131995,0.373181,0.038378
-0.131141,0.373408,0.041423
-0.129914,0.374313,0.040304
-0.128423,0.373064,0.042052
-0.126937,0.372860,0.039237
-0.124896,0.373233,0.041216
-0.124397,0.372547,0.043402
-0.120984,0.371569,0.041373
-0.119754,0.372837,0.043201
-0.118944,0.370364,0.043539
-0.119241,0.373109,0.044375
-0.116779,0.374286,0.044852
-0.116071,0.373630,0.044798
-0.114783,0.372985,0.043619
-0.112357,0.374359,0.045943
-0.112455,0.373931,0.045494
-0.109112,0.372024,0.047814
-0.108085,0.373573,0.046327
-0.106802,0.372176,0.046746
-0.107424,0.372232,0.045876
-0.104419,0.372147,0.045996
-0.103735,0.373538,0.045402
-0.101795,0.373797,0.049551
-0.100531,0.372214,0.046941
-0.098789,0.371462,0.049295
-0.097073,0.373355,0.048068
-0.098291,0.372231,0.047787
-0.093805,0.371027,0.049917
-0.095113,0.373265,0.049717
-0.093348,0.372312,0.050633
-0.091178,0.373302,0.049208
-0.088940,0.371553,0.051096
-0.088389,0.370480,0.052016
-0.087313,0.371848,0.051186
-0.084716,0.374561,0.051912
-0.084145,0.373504,0.050831
-0.080949,0.372162,0.052429
-0.082326,0.373770,0.053495
-0.080595,0.372188,0.053788
-0.079147,0.372836,0.052285
-0.077177,0.372016,0.052802
-0.074116,0.371256,0.054384
-0.073606,0.370349,0.054403
-0.074869,0.369730,0.055018
-0.071162,0.373380,0.054553
-0.071507,0.369476,0.054889
-0.067981,0.371359,0.056719
-0.065339,0.372109,0.055704
-0.067168,0.373012,0.052885
-0.065765,0.372852,0.055320
-0.063483,0.370713,0.056367
-0.062417,0.371099,0.055900
-0.060207,0.371749,0.055957
-0.059763,0.369518,0.057459
-0.058666,0.370386,0.055359
-0.055238,0.373204,0.056278
-0.055868,0.370733,0.057125
-0.053679,0.372216,0.057819
-0.050927,0.372925,0.057537
-0.050251,0.370289,0.057324
-0.049605,0.371254,0.057202
-0.046401,0.371820,0.056517
-0.045634,0.371968,0.059092
-0.045305,0.371406,0.059781
-0.042883,0.372278,0.057136
-0.043122,0.373688,0.059130
-0.039538,0.372086,0.059840
-0.039610,0.371345,0.058457
-0.036478,0.371420,0.060384
-0.037440,0.371368,0.060454
-0.035010,0.370766,0.059026
-0.035880,0.370521,0.060950
-0.033768,0.371812,0.059755
-0.029690,0.371362,0.059488
-0.030668,0.371496,0.057005
-0.029287,0.371909,0.060197
-0.027634,0.371374,0.062189
-0.025795,0.370627,0.060002
-0.025023,0.372429,0.060796
-0.023196,0.371837,0.057081
-0.025265,0.372440,0.060942
-0.019500,0.371321,0.060348
-0.020060,0.369860,0.061603
-0.019646,0.371241,0.060889
-0.016940,0.369581,0.060119
-0.014344,0.372124,0.057662
-0.012835,0.370023,0.060559
-0.011020,0.369565,0.060744
-0.010066,0.370359,0.058429
-0.009780,0.372880,0.059538
-0.007859,0.370233,0.059070
-0.008605,0.371794,0.060282
-0.006912,0.372003,0.061515
-0.005098,0.371556,0.059466
-0.002541,0.372501,0.059563
-0.002317,0.371291,0.056172
0.000470,0.371983,0.058340
0.002243,0.371482,0.057723
0.001828,0.372059,0.056818
0.004164,0.371829,0.057833
0.006111,0.371171,0.056577
0.006469,0.371091,0.056790
0.009762,0.372727,0.056286
0.007626,0.372565,0.056993
0.008608,0.372241,0.055601
0.013079,0.371143,0.055801
0.012187,0.373538,0.055490
0.014720,0.373053,0.055302
0.014519,0.371437,0.054196
0.016855,0.373935,0.053344
0.018009,0.371249,0.053310
0.021157,0.372103,0.054030
0.021330,0.371860,0.053578
0.022135,0.372002,0.052666
0.024504,0.373861,0.052456
0.026082,0.372230,0.051972
0.026385,0.370681,0.052973
0.029949,0.371324,0.050999
0.028477,0.374847,0.052903
0.029661,0.373034,0.050532
0.031472,0.372040,0.048975
0.033664,0.372324,0.051638
0.034745,0.371058,0.051643
0.034534,0.370700,0.049345
0.037198,0.371547,0.049362
0.036631,0.372398,0.048146
0.039920,0.371681,0.047801
0.040694,0.371230,0.047285
0.042104,0.373513,0.047764
0.042700,0.372124,0.046821
0.045577,0.372427,0.048385
0.047556,0.372731,0.045261
0.048276,0.373970,0.045399
0.049026,0.374080,0.045448
0.050312,0.373068,0.043394
0.053412,0.373347,0.043298
0.055262,0.371378,0.043822
0.055418,0.371816,0.042160
0.056852,0.372121,0.040329
0.059199,0.372834,0.041329
0.059444,0.373540,0.040887
0.060177,0.373973,0.038894
0.061779,0.371342,0.038849
0.064802,0.372177,0.039268
0.065616,0.373363,0.039578
0.065459,0.372411,0.037597
0.066684,0.374059,0.038047
0.068271,0.375101,0.035491
0.071256,0.373521,0.035616
0.072520,0.371644,0.037343
0.072723,0.375023,0.034444
0.074252,0.374631,0.033574
0.076446,0.373006,0.034988
0.078679,0.375259,0.032190
0.077849,0.373954,0.031487
0.080390,0.373623,0.030646
0.082951,0.372418,0.030925
0.082336,0.374234,0.027709
0.084984,0.375384,0.029166
0.084869,0.373623,0.029944
0.088711,0.374854,0.026853
0.088551,0.374691,0.028055
0.091411,0.374617,0.025828
0.091215,0.372413,0.023409
0.093019,0.373636,0.024464
0.094462,0.373906,0.022748
0.096276,0.375868,0.021664
0.097120,0.374570,0.019627
0.098035,0.372963,0.020005
0.099500,0.373822,0.017949
0.100889,0.375468,0.016230
0.102106,0.375287,0.014341
0.105691,0.376260,0.014713
0.105559,0.375077,0.011399
0.107511,0.376558,0.012996
0.107066,0.374448,0.009480
0.109104,0.376153,0.007625
0.109280,0.375299,0.004662
0.113726,0.376050,0.002843
0.114747,0.375302,0.002833
0.114151,0.376026,-0.001708
0.115903,0.376525,-0.002513
0.116544,0.377530,-0.003578
0.119680,0.378529,-0.006055
0.121214,0.376645,-0.008821
0.124058,0.377715,-0.010442
-0.171525,0.382355,-0.057786
-0.172416,0.382010,-0.049453
-0.168738,0.382508,-0.043116
-0.166700,0.379963,-0.037599
-0.165053,0.381352,-0.029282
-0.164580,0.378401,-0.024658
-0.162430,0.379200,-0.017249
-0.160277,0.377270,-0.010877
-0.159684,0.377833,-0.000468
-0.155613,0.378244,0.002508
-0.153999,0.377692,0.009897
-0.152411,0.378940,0.017380
-0.150278,0.375296,0.023665
-0.148657,0.374660,0.029161
-0.147359,0.374268,0.032343
-0.145931,0.374750,0.035488
-0.145345,0.375615,0.035951
-0.141415,0.375146,0.035101
-0.140927,0.375073,0.035703
-0.140178,0.373370,0.033900
-0.138911,0.372695,0.038339
-0.138247,0.375715,0.037238
-0.136268,0.374344,0.036529
-0.135772,0.374613,0.037090
-0.132909,0.372860,0.040081
-0.131652,0.374421,0.039244
-0.132509,0.374542,0.038955
-0.128527,0.375339,0.042570
-0.129808,0.374254,0.040312
-0.127457,0.373455,0.040294
-0.126865,0.373461,0.042868
-0.123928,0.375328,0.042087
-0.121725,0.375110,0.042489
-0.118368,0.375143,0.042609
-0.120825,0.373282,0.043759
-0.119033,0.374132,0.042806
-0.117343,0.373014,0.042813
-0.115268,0.373460,0.044088
-0.114614,0.374189,0.045884
-0.112233,0.375379,0.043934
-0.112427,0.372999,0.046373
-0.108060,0.374948,0.046105
-0.108822,0.374165,0.045016
-0.105433,0.372981,0.045866
-0.106550,0.374112,0.045466
-0.105350,0.373839,0.046795
-0.103302,0.374264,0.047342
-0.102134,0.374283,0.047831
-0.100502,0.374198,0.047984
-0.098205,0.377202,0.049846
-0.097802,0.374815,0.047133
-0.095399,0.374097,0.048547
-0.094250,0.373892,0.049669
-0.093941,0.373098,0.051231
-0.091722,0.375466,0.049155
-0.088881,0.374494,0.050956
-0.088756,0.373651,0.050934
-0.086931,0.374258,0.051115
-0.086857,0.372163,0.051207
-0.084977,0.373228,0.050642
-0.084545,0.372906,0.052162
-0.082221,0.371054,0.050848
-0.081741,0.372110,0.051783
-0.079628,0.371970,0.053875
-0.077724,0.375449,0.051328
-0.077400,0.374438,0.052833
-0.074995,0.371944,0.053858
-0.075162,0.374412,0.053963
-0.071162,0.373225,0.053292
-0.071610,0.373932,0.054181
-0.069971,0.373410,0.051878
-0.068950,0.373461,0.052925
-0.065575,0.373889,0.053699
-0.065283,0.373438,0.054307
-0.064416,0.372531,0.055259
-0.063413,0.374687,0.055203
-0.061573,0.372630,0.054713
-0.060514,0.373937,0.055319
-0.058873,0.373132,0.055987
-0.056823,0.373289,0.055652
-0.055798,0.372205,0.055036
-0.054896,0.373063,0.056026
-0.052081,0.373692,0.056962
-0.051018,0.373488,0.057236
-0.051895,0.372179,0.055922
-0.052137,0.372987,0.058526
-0.049196,0.374548,0.058831
-0.045241,0.372120,0.058474
-0.045587,0.373615,0.059763
-0.044058,0.372991,0.056195
-0.042452,0.372831,0.058527
-0.040619,0.372263,0.056928
-0.038081,0.372333,0.059853
-0.039695,0.372721,0.056568
-0.036352,0.372528,0.057961
-0.034851,0.374904,0.059109
-0.032642,0.372448,0.058953
-0.032610,0.373447,0.058998
-0.032465,0.374146,0.060886
-0.032692,0.372254,0.060865
-0.029429,0.374011,0.060893
-0.028771,0.372727,0.060121
-0.025992,0.373239,0.060726
-0.025503,0.372978,0.060656
-0.024284,0.373337,0.059706
-0.021680,0.371320,0.060663
-0.020339,0.374657,0.061046
-0.020094,0.373526,0.061643
-0.018107,0.373741,0.058781
-0.016257,0.371996,0.060948
-0.017276,0.372550,0.059824
-0.014261,0.372539,0.060253
-0.012749,0.373317,0.059281
-0.010484,0.374219,0.059035
-0.009610,0.372235,0.058301
-0.010026,0.373224,0.058250
-0.006186,0.375497,0.058693
-0.006271,0.372713,0.057453
-0.004859,0.371875,0.059573
-0.003984,0.372760,0.059577
-0.001887,0.373995,0.057031
-0.001478,0.372679,0.059552
0.001689,0.373097,0.058624
0.002535,0.372766,0.057916
0.003934,0.372932,0.059648
0.007024,0.373364,0.056725
0.006779,0.372026,0.056792
0.007439,0.373592,0.055711
0.007960,0.373287,0.054913
0.010189,0.374217,0.055099
0.011440,0.373200,0.055131
0.014100,0.374122,0.055565
0.013509,0.372743,0.052838
0.015532,0.375032,0.053749
0.019305,0.373264,0.053683
0.018990,0.373455,0.054060
0.019758,0.373882,0.052633
0.020714,0.374648,0.053042
0.022710,0.373094,0.051803
0.024006,0.372667,0.053817
0.025060,0.375628,0.054052
0.026309,0.374541,0.051368
0.028637,0.375230,0.051922
0.027891,0.374640,0.051692
0.032242,0.374861,0.051257
0.033554,0.373919,0.049841
0.032416,0.373963,0.049508
0.034173,0.374290,0.050694
0.035286,0.372391,0.048897
0.035958,0.374298,0.050520
0.037291,0.374081,0.046685
0.041929,0.375997,0.048501
0.041745,0.373452,0.049228
0.042503,0.373526,0.047274
0.044251,0.373715,0.046843
0.045951,0.373278,0.046547
0.045255,0.373496,0.045049
0.048421,0.374508,0.046331
0.050311,0.373024,0.044627
0.051159,0.375948,0.044444
0.053269,0.373805,0.043527
0.054728,0.375593,0.041302
0.056113,0.373987,0.040002
0.056986,0.375356,0.041740
0.058284,0.374670,0.039430
0.059364,0.375616,0.041406
0.059035,0.375051,0.039171
0.063433,0.373541,0.038737
0.062953,0.374585,0.038763
0.063700,0.375134,0.035657
0.066245,0.373876,0.036360
0.066650,0.373166,0.037057
0.068511,0.373684,0.035251
0.070459,0.375916,0.035284
0.070697,0.375286,0.033608
0.073414,0.375200,0.034739
0.073237,0.375472,0.031866
0.074768,0.375816,0.030821
0.076285,0.376476,0.030666
0.079191,0.376180,0.031204
0.082010,0.376651,0.028801
0.080152,0.375043,0.028851
0.082784,0.375613,0.027894
0.083882,0.375528,0.027028
0.086060,0.377369,0.025359
0.086653,0.375427,0.026277
0.087832,0.377972,0.025388
0.089877,0.377715,0.023604
0.091904,0.375853,0.021593
0.093212,0.376761,0.022130
0.093138,0.374449,0.020191
0.094314,0.376093,0.018527
0.096973,0.376955,0.019392
0.099356,0.376287,0.018426
0.098960,0.375919,0.013642
0.103915,0.377765,0.015548
0.101610,0.376217,0.013527
0.103346,0.376183,0.013228
0.105778,0.376886,0.009971
0.107746,0.378210,0.008187
0.107791,0.377041,0.006556
0.109640,0.376730,0.006773
0.109641,0.378008,0.001043
0.111053,0.378004,0.000638
0.114060,0.377262,0.000286
0.114296,0.376272,-0.002606
0.115643,0.378082,-0.005054
0.117890,0.378335,-0.005883
0.117444,0.378085,-0.009224
0.120630,0.378381,-0.009697
0.122384,0.379024,-0.021705
-0.173729,0.383545,-0.054928
-0.170682,0.382854,-0.048636
-0.170305,0.382287,-0.041653
-0.166321,0.382105,-0.034647
-0.165755,0.380430,-0.027771
-0.162139,0.380438,-0.022128
-0.162588,0.380184,-0.013801
-0.160416,0.380104,-0.008327
-0.158327,0.379161,-0.002342
-0.156160,0.378207,0.004875
-0.155074,0.378878,0.009754
-0.153678,0.379570,0.017450
-0.150382,0.375927,0.022686
-0.151517,0.377038,0.030587
-0.145788,0.375694,0.035279
-0.146547,0.374631,0.036297
-0.145960,0.375561,0.037761
-0.144206,0.375124,0.035793
-0.142009,0.375674,0.036414
-0.140180,0.376488,0.038759
-0.138511,0.378025,0.038332
-0.137724,0.376259,0.037304
-0.136728,0.377518,0.038891
-0.135359,0.375297,0.037682
-0.133074,0.375847,0.039458
-0.130865,0.377811,0.040465
-0.131671,0.374508,0.039528
-0.127802,0.377453,0.039931
-0.129577,0.376695,0.041262
-0.125451,0.376067,0.042283
-0.125033,0.376233,0.040355
-0.124004,0.375148,0.042147
-0.125008,0.374596,0.043199
-0.122152,0.377304,0.044168
-0.120451,0.375081,0.042372
-0.118802,0.375029,0.043035
-0.117449,0.374320,0.045054
-0.114714,0.377329,0.043842
-0.114333,0.375860,0.045784
-0.111761,0.374785,0.044846
-0.111899,0.374417,0.044355
-0.109327,0.375138,0.046897
-0.107779,0.375361,0.045207
-0.106267,0.377730,0.045105
-0.106036,0.376257,0.046350
-0.104906,0.377008,0.046270
-0.102098,0.375037,0.046934
-0.100895,0.374959,0.045613
-0.099633,0.374532,0.046534
-0.097266,0.375960,0.047863
-0.096646,0.375965,0.047355
-0.095828,0.374015,0.048794
-0.094467,0.374312,0.049741
-0.093993,0.376290,0.049802
-0.089851,0.375444,0.051363
-0.090255,0.377312,0.053635
-0.090658,0.374019,0.049131
-0.088713,0.373443,0.050686
-0.087506,0.375201,0.049664
-0.085920,0.374136,0.051681
-0.084912,0.377677,0.051604
-0.082329,0.376930,0.053297
-0.080560,0.377051,0.053431
-0.078592,0.374931,0.052846
-0.078925,0.376562,0.053338
-0.075610,0.375875,0.051152
-0.074952,0.373545,0.053041
-0.074021,0.374148,0.053552
-0.073033,0.378143,0.052638
-0.070382,0.376830,0.052428
-0.072513,0.376674,0.053377
-0.068154,0.374315,0.054090
-0.068427,0.376163,0.053613
-0.067025,0.375965,0.053832
-0.062966,0.376238,0.052955
-0.063136,0.374370,0.056588
-0.061525,0.373353,0.054849
-0.058775,0.376418,0.054927
-0.058338,0.375539,0.055767
-0.056559,0.374633,0.055802
-0.054895,0.375450,0.055466
-0.054014,0.375902,0.056740
-0.053591,0.374819,0.056205
-0.052286,0.375034,0.056739
-0.049843,0.376726,0.057505
-0.047164,0.374156,0.056847
-0.049216,0.374015,0.056768
-0.048216,0.374312,0.059352
-0.043940,0.374493,0.058209
-0.042720,0.375143,0.059802
-0.042543,0.372302,0.057076
-0.042299,0.374989,0.057259
-0.041225,0.375371,0.058349
-0.039147,0.375294,0.057011
-0.037464,0.374834,0.058132
-0.037225,0.375579,0.058293
-0.036210,0.375527,0.059913
-0.032791,0.375973,0.058693
-0.031760,0.375376,0.057629
-0.029587,0.372707,0.058210
-0.028963,0.374006,0.058540
-0.027132,0.372915,0.062184
-0.026986,0.374268,0.058515
-0.024665,0.373562,0.057828
-0.023665,0.373837,0.060636
-0.022512,0.374463,0.059636
-0.018724,0.373841,0.060256
-0.018468,0.375232,0.061536
-0.018115,0.374312,0.060431
-0.014805,0.374847,0.060954
-0.014093,0.375475,0.059389
-0.015326,0.372154,0.059093
-0.012704,0.375573,0.058642
-0.011311,0.376658,0.059897
-0.009598,0.375775,0.059124
-0.009034,0.374230,0.059741
-0.006418,0.376397,0.058804
-0.006387,0.375778,0.059570
-0.005708,0.374365,0.060212
0.000020,0.376745,0.059284
-0.000156,0.375977,0.056437
-0.001642,0.374869,0.059836
-0.001065,0.374418,0.057422
0.001021,0.375679,0.057117
0.004300,0.375695,0.055935
0.004208,0.374436,0.057495
0.007360,0.374299,0.056231
0.007554,0.373836,0.055303
0.007781,0.374194,0.055686
0.011299,0.372584,0.055620
0.010560,0.376657,0.055189
0.012717,0.375285,0.054755
0.014470,0.375226,0.051879
0.015869,0.377192,0.052148
0.016220,0.377519,0.052765
0.016691,0.376126,0.053126
0.020741,0.375547,0.052887
0.021038,0.377150,0.052301
0.021873,0.373819,0.051622
0.024258,0.375224,0.051316
0.025168,0.376153,0.052888
0.027525,0.373695,0.051896
0.028343,0.374840,0.049166
0.027538,0.376075,0.051921
0.029675,0.374303,0.050357
0.032007,0.376217,0.049467
0.033596,0.374608,0.049668
0.036155,0.377363,0.049836
0.035370,0.375881,0.047450
0.038221,0.375962,0.047722
0.039474,0.375742,0.047913
0.039896,0.375981,0.048094
0.042329,0.376138,0.046485
0.042680,0.374613,0.046668
0.045860,0.374643,0.044673
0.044012,0.376310,0.047588
0.046327,0.376437,0.046445
0.049334,0.376485,0.043864
0.049926,0.377720,0.044238
0.050390,0.377378,0.044172
0.052288,0.375742,0.044121
0.054700,0.376154,0.041421
0.055289,0.375598,0.041945
0.056331,0.376748,0.040553
0.058980,0.376643,0.039140
0.059215,0.375781,0.037548
0.060681,0.377332,0.037736
0.064243,0.376251,0.036423
0.062511,0.376647,0.036752
0.064714,0.375951,0.034545
0.064581,0.376462,0.035116
0.068034,0.374071,0.034979
0.070129,0.375368,0.033739
0.070569,0.377220,0.035122
0.071955,0.375094,0.031731
0.074417,0.376711,0.031336
0.073538,0.377501,0.032603
0.076375,0.375978,0.031693
0.078247,0.377356,0.028684
0.078525,0.377482,0.029750
0.080675,0.378250,0.026586
0.083376,0.377779,0.025960
0.083651,0.376627,0.025745
0.083436,0.376903,0.024759
0.085924,0.377770,0.024447
0.087789,0.376134,0.023435
0.090107,0.377459,0.023558
0.089462,0.377069,0.023953
0.089837,0.379159,0.020734
0.092112,0.377407,0.019817
0.094748,0.378653,0.018334
0.096344,0.377349,0.016392
0.096280,0.379313,0.018406
0.100158,0.379138,0.015118
0.098517,0.377991,0.013325
0.101064,0.378658,0.012718
0.103570,0.377514,0.011809
0.102607,0.379017,0.008833
0.105089,0.378464,0.007130
0.106106,0.378370,0.006657
0.108372,0.380094,0.003522
0.108770,0.379191,0.004214
0.113060,0.381068,0.001452
0.113498,0.379001,0.000495
0.113252,0.381560,-0.002139
0.115818,0.380227,-0.003735
0.117418,0.381041,-0.005727
0.119504,0.379885,-0.007917
0.121553,0.380643,-0.009859
0.120547,0.382364,-0.013731
0.123935,0.381910,-0.024652
-0.176152,0.385388,-0.060794
-0.172833,0.387046,-0.055693
-0.172086,0.386130,-0.047763
-0.169040,0.384373,-0.040999
-0.167588,0.383255,-0.033535
-0.163941,0.383822,-0.027947
-0.163850,0.383005,-0.019388
-0.160545,0.382889,-0.012969
-0.162203,0.382925,-0.005001
-0.158336,0.381217,0.000287
-0.156162,0.378213,0.006180
-0.155826,0.378451,0.012791
-0.152974,0.380268,0.019861
-0.151368,0.378334,0.025835
-0.152073,0.378412,0.032406
-0.148452,0.378146,0.036506
-0.145612,0.377841,0.036322
-0.145154,0.375395,0.035333
-0.142175,0.377348,0.036180
-0.142111,0.375984,0.035717
-0.141414,0.377658,0.037637
-0.139812,0.376973,0.038513
-0.139084,0.376940,0.037811
-0.137447,0.377971,0.038964
-0.135512,0.377206,0.040307
-0.135020,0.378039,0.037848
-0.132119,0.378266,0.041321
-0.130353,0.377506,0.041443
-0.131024,0.378324,0.039850
-0.128687,0.378046,0.041505
-0.124407,0.378555,0.041863
-0.124954,0.377365,0.041147
-0.123574,0.378828,0.041121
-0.123039,0.378375,0.041525
-0.120893,0.377631,0.041349
-0.119386,0.378751,0.042612
-0.118733,0.377583,0.043570
-0.117293,0.378459,0.042425
-0.115638,0.375672,0.042777
-0.114625,0.378142,0.045046
-0.112159,0.377464,0.043362
-0.111588,0.377093,0.044264
-0.109228,0.376960,0.045334
-0.108437,0.377176,0.045753
-0.109182,0.377005,0.046574
-0.103354,0.376513,0.046896
-0.104825,0.377177,0.047554
-0.102440,0.377823,0.046112
-0.103699,0.378204,0.046158
-0.098816,0.376584,0.045750
-0.098113,0.377263,0.049105
-0.095792,0.375534,0.048632
-0.098077,0.376005,0.047279
-0.094218,0.376424,0.048707
-0.094554,0.377374,0.050657
-0.090123,0.375848,0.047908
-0.089466,0.375329,0.050314
-0.089055,0.376823,0.050189
-0.087943,0.375412,0.050102
-0.086014,0.375605,0.049792
-0.084142,0.377538,0.050513
-0.082703,0.377625,0.052336
-0.082828,0.375503,0.051083
-0.080317,0.376488,0.051884
-0.081443,0.377871,0.050885
-0.077942,0.375945,0.051673
-0.077604,0.376475,0.052003
-0.074306,0.376363,0.053421
-0.075394,0.376576,0.052609
-0.073387,0.376784,0.052795
-0.071824,0.377120,0.052365
-0.071852,0.377915,0.053927
-0.069884,0.376839,0.052204
-0.067531,0.376875,0.053939
-0.065254,0.376871,0.053099
-0.066552,0.376374,0.053431
-0.063688,0.376491,0.055460
-0.061589,0.376907,0.055765
-0.061590,0.376815,0.055060
-0.059996,0.374684,0.054844
-0.058555,0.375503,0.054561
-0.058128,0.376928,0.054678
-0.055172,0.377754,0.054853
-0.053947,0.379202,0.056412
-0.053696,0.377102,0.054211
-0.049670,0.375865,0.055804
-0.048935,0.376180,0.056086
-0.048906,0.376756,0.056232
-0.046139,0.377245,0.058025
-0.044847,0.377090,0.059356
-0.042751,0.376290,0.057485
-0.042761,0.376164,0.058751
-0.041411,0.377831,0.058415
-0.039662,0.375953,0.058641
-0.037697,0.378505,0.058005
-0.036151,0.375804,0.056229
-0.034904,0.376701,0.058090
-0.035420,0.375666,0.059320
-0.033188,0.376632,0.058017
-0.032432,0.375443,0.057283
-0.029072,0.375318,0.058431
-0.028953,0.376163,0.058716
-0.028628,0.376603,0.058351
-0.025698,0.377357,0.059684
-0.023813,0.376648,0.059124
-0.025887,0.376214,0.059265
-0.021908,0.376124,0.058919
-0.020393,0.376528,0.059397
-0.018238,0.376726,0.059116
-0.017412,0.374944,0.060140
-0.017541,0.377391,0.058662
-0.015040,0.375574,0.060842
-0.014420,0.375267,0.060184
-0.011535,0.375460,0.059569
-0.010226,0.377040,0.058668
-0.010375,0.378430,0.058964
-0.008841,0.376501,0.058882
-0.005654,0.375036,0.059815
-0.004128,0.376991,0.056421
-0.005606,0.375351,0.058232
-0.002856,0.376408,0.057868
-0.002669,0.376294,0.058494
0.001057,0.376462,0.056871
0.000631,0.375786,0.055824
0.000302,0.376194,0.057795
0.002961,0.376755,0.056756
0.006628,0.377369,0.057078
0.004905,0.375697,0.056518
0.007429,0.377100,0.054754
0.008571,0.376958,0.056565
0.012253,0.376667,0.055237
0.012937,0.376658,0.053853
0.013671,0.375563,0.053888
0.014150,0.376196,0.053231
0.014520,0.378636,0.052283
0.016083,0.378741,0.053998
0.017476,0.375641,0.053054
0.019875,0.376713,0.052479
0.021224,0.376227,0.051789
0.022549,0.377253,0.053414
0.022778,0.377947,0.051175
0.025228,0.377651,0.051755
0.026991,0.376579,0.052190
0.028102,0.376434,0.051971
0.028097,0.377266,0.051157
0.030186,0.378027,0.049973
0.032470,0.376618,0.049751
0.033499,0.377983,0.049391
0.036468,0.375550,0.046377
0.036334,0.375674,0.047904
0.038147,0.374748,0.048555
0.038469,0.376572,0.047582
0.040111,0.379000,0.046377
0.041929,0.379006,0.046790
0.043339,0.376931,0.045609
0.043819,0.378500,0.046568
0.045544,0.378027,0.043989
0.048431,0.377253,0.042756
0.049375,0.377714,0.045907
0.050518,0.378956,0.041868
0.049878,0.377058,0.040265
0.053560,0.378546,0.042350
0.053978,0.378847,0.040290
0.055391,0.377060,0.040262
0.057379,0.378475,0.040153
0.060540,0.378874,0.037171
0.060635,0.378862,0.037113
0.061146,0.378111,0.037722
0.062152,0.377218,0.035911
0.066012,0.378894,0.036902
0.067029,0.379069,0.036546
0.066887,0.377881,0.034396
0.068334,0.378267,0.035499
0.069937,0.380495,0.033930
0.070962,0.378578,0.031878
0.069861,0.377566,0.030389
0.070748,0.380379,0.030453
0.072613,0.379043,0.031119
0.075390,0.377599,0.027804
0.077209,0.379119,0.029142
0.078304,0.377131,0.026803
0.080458,0.379268,0.027149
0.079912,0.380059,0.025714
0.083624,0.377461,0.025959
0.083757,0.379820,0.026555
0.083063,0.380709,0.022803
0.088480,0.376461,0.022529
0.089427,0.379315,0.020791
0.091620,0.380784,0.021461
0.089994,0.378017,0.019171
0.090902,0.378663,0.019015
0.093625,0.379636,0.018292
0.095755,0.379277,0.014550
0.095417,0.379502,0.016290
0.098251,0.379816,0.014866
0.101332,0.380611,0.013179
0.100449,0.379514,0.008658
0.101570,0.379743,0.009718
0.103682,0.382236,0.007963
0.105905,0.379027,0.006373
0.106961,0.380654,0.005841
0.107496,0.381794,0.003530
0.108209,0.381552,0.000941
0.111306,0.380889,-0.000062
0.116038,0.382691,-0.002578
0.114491,0.381272,-0.005071
0.116355,0.380871,-0.006126
0.117978,0.382195,-0.008271
0.119287,0.382661,-0.011635
0.121051,0.381959,-0.013584
0.120673,0.382354,-0.017398
0.123591,0.383198,-0.029789
-0.174263,0.387792,-0.059732
-0.174049,0.386725,-0.052397
-0.170354,0.386419,-0.046511
-0.168460,0.385763,-0.037438
-0.167633,0.386124,-0.031997
-0.165876,0.385642,-0.027307
-0.162543,0.383714,-0.018395
-0.162782,0.382425,-0.011300
-0.160007,0.384978,-0.004241
-0.158808,0.383564,0.001441
-0.156134,0.381025,0.007781
-0.155694,0.381653,0.014069
-0.151235,0.382078,0.019995
-0.151633,0.379942,0.027162
-0.148456,0.380506,0.033562
-0.148086,0.380520,0.036032
-0.144596,0.379556,0.037799
-0.144957,0.378164,0.033943
-0.142517,0.377780,0.036220
-0.143320,0.379626,0.036810
-0.140522,0.381916,0.037298
-0.140062,0.381022,0.036858
-0.139831,0.378907,0.040375
-0.136447,0.380632,0.037629
-0.134830,0.379500,0.038765
-0.134051,0.378546,0.038337
-0.132726,0.380481,0.040314
-0.131324,0.379742,0.040777
-0.128571,0.379282,0.041464
-0.128077,0.377178,0.040375
-0.125200,0.379028,0.042287
-0.124676,0.380567,0.042285
-0.124886,0.378569,0.042979
-0.120788,0.378123,0.043367
-0.121599,0.378990,0.042978
-0.121177,0.379440,0.043979
-0.118957,0.377956,0.043279
-0.117606,0.378224,0.041406
-0.115658,0.378732,0.043869
-0.114500,0.379410,0.044377
-0.110843,0.378732,0.044211
-0.110378,0.378657,0.045726
-0.112363,0.380314,0.044979
-0.109524,0.378207,0.045404
-0.106977,0.379431,0.046322
-0.104510,0.379029,0.048418
-0.103214,0.377232,0.047135
-0.102793,0.379203,0.045810
-0.102454,0.378894,0.045862
-0.100993,0.378533,0.047867
-0.098645,0.380078,0.046899
-0.097236,0.379723,0.047305
-0.095913,0.378637,0.050079
-0.095032,0.378811,0.049172
-0.094684,0.380034,0.047634
-0.091512,0.378675,0.049748
-0.092241,0.377492,0.048828
-0.088757,0.379650,0.050541
-0.089026,0.378884,0.050797
-0.086827,0.379524,0.053347
-0.085886,0.378395,0.049724
-0.084587,0.377717,0.051520
-0.084459,0.380245,0.050509
-0.080541,0.377402,0.051880
-0.079599,0.379834,0.051740
-0.078641,0.378491,0.051707
-0.077831,0.378536,0.051712
-0.076961,0.378880,0.053065
-0.074828,0.378552,0.052801
-0.071703,0.377153,0.053057
-0.071222,0.377299,0.051407
-0.069878,0.377352,0.053284
-0.070169,0.380971,0.053709
-0.065872,0.376684,0.053715
-0.066564,0.380221,0.054260
-0.065194,0.378606,0.052937
-0.063158,0.377868,0.052578
-0.062661,0.378415,0.051742
-0.059374,0.377827,0.054685
-0.057189,0.378093,0.054361
-0.057604,0.380211,0.055972
-0.055881,0.378894,0.055649
-0.055525,0.378363,0.057081
-0.052716,0.379397,0.054579
-0.050722,0.377624,0.055393
-0.050626,0.376823,0.056767
-0.048578,0.378624,0.056852
-0.048100,0.378629,0.055424
-0.047210,0.377111,0.056246
-0.046380,0.377652,0.055414
-0.044785,0.376711,0.057593
-0.043419,0.377148,0.057533
-0.042520,0.377514,0.057312
-0.039753,0.377962,0.057766
-0.040134,0.379043,0.058212
-0.037715,0.379539,0.058132
-0.034560,0.378014,0.055990
-0.034761,0.378908,0.057580
-0.032628,0.378110,0.057899
-0.031784,0.377834,0.058864
-0.030359,0.378385,0.059101
-0.029291,0.377081,0.058404
-0.027934,0.378591,0.058113
-0.026472,0.380056,0.059179
-0.024856,0.379373,0.058162
-0.024091,0.378809,0.056931
-0.022906,0.379144,0.058978
-0.021628,0.378444,0.058867
-0.020057,0.377957,0.059865
-0.018174,0.378742,0.057418
-0.015060,0.378114,0.059687
-0.016189,0.378122,0.057438
-0.016926,0.378700,0.060818
-0.012498,0.376427,0.060167
-0.010246,0.378765,0.058926
-0.009014,0.379785,0.059848
-0.008501,0.377424,0.058059
-0.005458,0.379958,0.057208
-0.006918,0.377065,0.057578
-0.002670,0.376481,0.057998
-0.002290,0.379817,0.058708
-0.000835,0.379019,0.058967
-0.000278,0.378965,0.055651
0.000183,0.377132,0.055910
0.002169,0.377247,0.055195
0.003860,0.377214,0.057744
0.004632,0.378153,0.056429
0.008064,0.379685,0.056053
0.006682,0.377258,0.055080
0.007842,0.378098,0.054007
0.010823,0.378065,0.054604
0.012140,0.377656,0.055974
0.013606,0.377667,0.054382
0.013161,0.378948,0.052718
0.015252,0.378942,0.051972
0.018563,0.377195,0.051807
0.019625,0.379573,0.051575
0.019047,0.379311,0.053384
0.023013,0.379306,0.051795
0.022394,0.377813,0.051460
0.023980,0.378380,0.051505
0.024764,0.380076,0.049655
0.025541,0.378482,0.052348
0.028078,0.378447,0.049745
0.029970,0.379298,0.049915
0.030112,0.379071,0.050576
0.032026,0.378552,0.050080
0.034340,0.378838,0.047705
0.034866,0.378847,0.047642
0.037354,0.380203,0.047962
0.038569,0.377970,0.046530
0.039707,0.377892,0.046436
0.040920,0.378084,0.045036
0.042303,0.377923,0.044058
0.043003,0.380385,0.046697
0.045931,0.379247,0.046262
0.046365,0.377757,0.044010
0.046351,0.379689,0.043489
0.046322,0.381409,0.043245
0.050758,0.379927,0.041632
0.050842,0.375947,0.041265
0.053622,0.380609,0.040554
0.053842,0.379239,0.039907
0.054134,0.379434,0.039342
0.056464,0.379558,0.038595
0.059067,0.379514,0.035921
0.058418,0.378855,0.036990
0.061328,0.377721,0.037220
0.062319,0.379326,0.035994
0.065299,0.380754,0.036457
0.065674,0.379594,0.033028
0.066198,0.378543,0.033533
0.068156,0.381889,0.032077
0.067874,0.380524,0.031486
0.070502,0.381949,0.031252
0.073276,0.379250,0.027581
0.073341,0.380895,0.030232
0.076887,0.380191,0.028741
0.075627,0.382132,0.028120
0.076683,0.380234,0.027482
0.079787,0.380279,0.026490
0.081079,0.379254,0.025163
0.082559,0.379647,0.024833
0.081743,0.381578,0.025103
0.085906,0.380644,0.021381
0.084998,0.379829,0.021364
0.085888,0.381059,0.020288
0.086794,0.379724,0.019102
0.091032,0.380975,0.017405
0.091925,0.380440,0.019837
0.091792,0.380339,0.013583
0.094468,0.382538,0.015369
0.096129,0.382249,0.013191
0.098674,0.381134,0.010992
0.099721,0.381476,0.013116
0.099463,0.381612,0.011906
0.102133,0.382255,0.007646
0.102860,0.382857,0.007801
0.103705,0.381450,0.005799
0.103787,0.381990,0.004115
0.106729,0.384419,0.001073
0.106769,0.380772,0.001575
0.110883,0.382012,0.001000
0.110213,0.385182,-0.004209
0.114822,0.383585,-0.005670
0.115242,0.383841,-0.007506
0.114713,0.383340,-0.007866
0.116749,0.381716,-0.011490
0.118804,0.384609,-0.010282
0.118628,0.383254,-0.014978
0.122983,0.383590,-0.018802
-0.175540,0.389012,-0.056403
-0.170928,0.389029,-0.049697
-0.171466,0.387380,-0.044310
-0.168626,0.386247,-0.038004
-0.166345,0.385159,-0.029583
-0.167104,0.386677,-0.024118
-0.162284,0.385675,-0.017426
-0.159324,0.385294,-0.011245
-0.160710,0.385289,-0.002938
-0.157457,0.383935,0.003436
-0.155298,0.384502,0.009808
-0.154347,0.382330,0.015204
-0.153842,0.383242,0.023000
-0.151046,0.381835,0.029449
-0.149646,0.381150,0.035144
-0.146546,0.381427,0.034288
-0.146971,0.380594,0.034666
-0.145609,0.380687,0.036651
-0.143059,0.381679,0.036838
-0.141960,0.382540,0.037545
-0.142476,0.381125,0.039169
-0.138477,0.383190,0.038360
-0.138874,0.380871,0.037297
-0.136830,0.382282,0.039846
-0.135275,0.380864,0.041877
-0.136592,0.380938,0.040300
-0.131873,0.380944,0.039442
-0.126955,0.381034,0.040868
-0.129938,0.382866,0.040369
-0.127650,0.382040,0.039942
-0.126271,0.381102,0.041032
-0.125203,0.382038,0.041946
-0.124189,0.380533,0.040448
-0.123186,0.378996,0.043547
-0.120392,0.380874,0.044416
-0.119795,0.380186,0.041658
-0.117998,0.383568,0.042686
-0.115844,0.380434,0.042954
-0.115076,0.379256,0.042717
-0.112812,0.380122,0.043832
-0.110539,0.380607,0.045212
-0.110112,0.380799,0.044420
-0.111220,0.380779,0.044222
-0.109102,0.378808,0.045440
-0.107265,0.380354,0.045316
-0.104473,0.381065,0.046824
-0.104739,0.380187,0.046855
-0.101079,0.382263,0.045484
-0.100162,0.380349,0.047578
-0.099966,0.380159,0.048564
-0.098327,0.380728,0.047776
-0.098309,0.379289,0.049480
-0.096363,0.379449,0.048316
-0.095406,0.379648,0.047807
-0.093324,0.379432,0.049602
-0.090665,0.382775,0.047539
-0.090020,0.381538,0.050476
-0.088240,0.379751,0.050474
-0.086757,0.381324,0.051157
-0.086206,0.380396,0.049970
-0.086786,0.382820,0.048943
-0.084149,0.382537,0.050522
-0.083108,0.379506,0.051048
-0.082506,0.381615,0.050287
-0.079971,0.380219,0.052108
-0.077718,0.378977,0.049535
-0.075715,0.380087,0.051144
-0.074632,0.380949,0.054685
-0.073812,0.380606,0.050460
-0.074639,0.380406,0.052893
-0.072034,0.379892,0.052651
-0.070549,0.381108,0.053965
-0.069161,0.380167,0.053985
-0.068974,0.379870,0.053258
-0.066932,0.378820,0.052909
-0.063447,0.378788,0.052575
-0.062252,0.378535,0.055085
-0.062507,0.381272,0.054001
-0.061463,0.379022,0.055153
-0.059767,0.379795,0.052656
-0.058357,0.380178,0.056862
-0.056361,0.379019,0.055862
-0.052996,0.379916,0.055565
-0.053665,0.380340,0.054757
-0.053845,0.378648,0.057785
-0.050555,0.378974,0.055013
-0.050746,0.379179,0.054637
-0.048725,0.379223,0.056994
-0.047323,0.378765,0.056449
-0.045546,0.381767,0.058070
-0.042156,0.381553,0.057052
-0.044580,0.380393,0.055667
-0.039881,0.379129,0.058183
-0.039185,0.379821,0.056184
-0.036554,0.378658,0.054921
-0.037118,0.380128,0.057611
-0.036963,0.377754,0.055939
-0.035487,0.377588,0.059278
-0.033976,0.379168,0.057052
-0.031531,0.378405,0.057782
-0.029995,0.378840,0.057255
-0.029259,0.379539,0.057207
-0.029122,0.379150,0.058179
-0.027458,0.381398,0.058156
-0.025218,0.376837,0.058181
-0.024154,0.380757,0.058599
-0.023558,0.381093,0.057907
-0.024522,0.380664,0.058494
-0.019600,0.377682,0.059434
-0.018380,0.379564,0.059603
-0.016630,0.377447,0.059340
-0.014790,0.378532,0.059787
-0.014077,0.378829,0.056284
-0.013718,0.380280,0.058415
-0.010513,0.379463,0.057601
-0.010286,0.379393,0.058940
-0.008927,0.379068,0.057792
-0.006701,0.378530,0.058428
-0.005073,0.379399,0.057533
-0.004102,0.378854,0.056426
-0.001480,0.379548,0.057010
-0.001558,0.378493,0.056566
0.000472,0.379583,0.058036
0.001416,0.381259,0.058137
0.002462,0.381014,0.056584
0.003590,0.377561,0.056350
0.005587,0.379341,0.054305
0.007888,0.381555,0.052871
0.008111,0.380422,0.054655
0.008250,0.379526,0.055449
0.009530,0.378632,0.054420
0.013091,0.380486,0.055407
0.012612,0.380043,0.054029
0.013710,0.379513,0.053858
0.016621,0.380488,0.053226
0.015344,0.379394,0.052161
0.017957,0.379294,0.052922
0.020737,0.379252,0.051785
0.021791,0.380722,0.053514
0.022556,0.379174,0.053350
0.022517,0.379038,0.050024
0.027187,0.379078,0.052150
0.026728,0.383830,0.049935
0.027397,0.379915,0.048384
0.031275,0.381341,0.051096
0.029743,0.380747,0.049588
0.031401,0.379597,0.049952
0.033361,0.379968,0.048712
0.036031,0.380461,0.047660
0.038252,0.381527,0.047665
0.037175,0.380201,0.047292
0.037883,0.379648,0.048050
0.039762,0.378474,0.046287
0.041932,0.381283,0.042831
0.042545,0.380913,0.042491
0.043796,0.380578,0.044606
0.045707,0.380937,0.045689
0.047307,0.380580,0.042844
0.048537,0.381372,0.041068
0.051248,0.382477,0.041342
0.052156,0.381395,0.040438
0.051705,0.381397,0.039715
0.052861,0.380130,0.040848
0.054930,0.381525,0.038994
0.056130,0.382449,0.038524
0.056674,0.382657,0.036889
0.059391,0.381611,0.035604
0.059630,0.379980,0.036669
0.063858,0.380642,0.034902
0.062860,0.381560,0.033684
0.066824,0.381574,0.032104
0.065865,0.381649,0.030459
0.067320,0.381267,0.030587
0.068285,0.380819,0.028441
0.071596,0.381308,0.029693
0.070551,0.380894,0.029582
0.073987,0.383293,0.028383
0.075544,0.382440,0.028431
0.075646,0.381529,0.025657
0.076099,0.381637,0.026453
0.077977,0.382203,0.025447
0.082188,0.381944,0.024998
0.081410,0.380562,0.022645
0.083083,0.383107,0.021613
0.081245,0.383579,0.021352
0.085982,0.384343,0.018552
0.089185,0.382020,0.018688
0.088842,0.381802,0.019308
0.089474,0.383183,0.014569
0.091162,0.382747,0.015089
0.092853,0.383020,0.016032
0.094055,0.382908,0.013724
0.098349,0.382486,0.014296
0.095532,0.382228,0.011169
0.097666,0.383664,0.010070
0.101450,0.383286,0.007231
0.101997,0.384705,0.006601
0.103204,0.385467,0.002776
0.103840,0.383482,0.005227
0.106115,0.384367,0.001626
0.107225,0.383468,0.002023
0.108198,0.384832,-0.001758
0.109114,0.384859,-0.004558
0.110719,0.384220,-0.003897
0.113713,0.385452,-0.005384
0.113446,0.383123,-0.007444
0.114064,0.384407,-0.010131
0.117913,0.384447,-0.012888
0.118574,0.385275,-0.013757
0.117995,0.385226,-0.013881
0.122253,0.384809,-0.021088
-0.174672,0.388914,-0.057550
-0.172564,0.389736,-0.048778
-0.170526,0.388756,-0.042635
-0.168638,0.387615,-0.035189
-0.165561,0.390044,-0.030731
-0.163885,0.387717,-0.022653
-0.162298,0.388699,-0.017231
-0.161269,0.387132,-0.009501
-0.158462,0.385003,-0.001554
-0.157148,0.387513,0.003475
-0.154857,0.385209,0.009510
-0.152536,0.384567,0.016632
-0.153579,0.384442,0.023719
-0.150903,0.382729,0.031333
-0.147653,0.384681,0.036337
-0.147558,0.382828,0.036032
-0.146721,0.382882,0.035912
-0.145181,0.382599,0.035934
-0.142619,0.382118,0.037639
-0.141702,0.383417,0.037681
-0.140381,0.382397,0.039254
-0.137339,0.382301,0.039523
-0.137519,0.381362,0.040669
-0.135504,0.382404,0.040389
-0.135496,0.383083,0.039991
-0.134098,0.381213,0.039252
-0.132096,0.383838,0.039729
-0.131061,0.381374,0.039843
-0.130956,0.382390,0.038671
-0.126995,0.382203,0.043601
-0.127926,0.383930,0.040966
-0.125289,0.381638,0.041127
-0.121502,0.383110,0.043294
-0.121772,0.380972,0.041944
-0.121203,0.382127,0.042929
-0.121352,0.384002,0.043524
-0.118745,0.382968,0.044799
-0.116760,0.383264,0.041776
-0.115529,0.382701,0.044051
-0.115773,0.383801,0.045572
-0.112967,0.382276,0.043564
-0.111621,0.380875,0.044671
-0.108888,0.383458,0.045489
-0.110100,0.382573,0.044608
-0.107616,0.381562,0.046701
-0.104995,0.382164,0.046353
-0.104072,0.381374,0.046369
-0.102535,0.381798,0.044669
-0.101314,0.381003,0.047772
-0.099469,0.381718,0.048570
-0.099125,0.381341,0.047482
-0.096605,0.383192,0.049043
-0.096824,0.381426,0.046617
-0.095102,0.382714,0.050137
-0.094176,0.383573,0.048577
-0.092627,0.380930,0.050216
-0.090629,0.381518,0.049213
-0.088543,0.381394,0.050356
-0.090169,0.382544,0.049512
-0.087202,0.379944,0.049782
-0.086348,0.380485,0.050005
-0.085772,0.380045,0.049869
-0.082588,0.382227,0.051032
-0.081106,0.380917,0.049797
-0.079516,0.380992,0.051379
-0.077050,0.383188,0.051412
-0.079271,0.383322,0.051072
-0.075523,0.381755,0.051842
-0.073126,0.380660,0.051530
-0.071506,0.382842,0.052010
-0.073222,0.381984,0.050096
-0.069457,0.382435,0.051788
-0.068064,0.382018,0.052588
-0.067910,0.381774,0.052850
-0.065599,0.382517,0.052616
-0.064286,0.382565,0.053366
-0.062027,0.380631,0.051929
-0.061314,0.381315,0.052292
-0.060164,0.381984,0.052437
-0.056862,0.382493,0.055365
-0.058793,0.384149,0.054071
-0.056560,0.381099,0.054468
-0.056754,0.380545,0.055684
-0.052562,0.382413,0.054473
-0.051780,0.381098,0.054527
-0.050890,0.382316,0.054335
-0.051302,0.380423,0.056865
-0.048516,0.381893,0.056616
-0.047359,0.380944,0.055995
-0.045883,0.381892,0.056158
-0.047054,0.379311,0.056443
-0.042651,0.383991,0.055553
-0.041914,0.382049,0.056097
-0.039398,0.381796,0.057512
-0.038124,0.379531,0.058052
-0.037435,0.380672,0.055985
-0.035542,0.381744,0.057238
-0.035685,0.381187,0.058056
-0.034032,0.381516,0.057651
-0.031923,0.380104,0.057306
-0.029509,0.379802,0.056681
-0.030175,0.381817,0.058518
-0.028108,0.381916,0.057628
-0.025102,0.381235,0.057144
-0.025560,0.381106,0.057804
-0.024065,0.382133,0.058734
-0.022337,0.379693,0.061265
-0.019595,0.382280,0.058517
-0.020003,0.381619,0.059373
-0.018203,0.381280,0.056828
-0.016332,0.380661,0.058333
-0.014492,0.380426,0.058549
-0.014673,0.378462,0.057271
-0.012792,0.380590,0.055959
-0.012909,0.382254,0.058327
-0.009692,0.380473,0.057554
-0.008864,0.382541,0.056992
-0.006267,0.381598,0.057616
-0.007416,0.381481,0.058150
-0.004088,0.380722,0.056189
-0.004579,0.380172,0.056663
-0.000295,0.380910,0.055734
-0.001243,0.381752,0.056280
0.002187,0.381985,0.054119
0.002711,0.381664,0.055690
0.003974,0.380939,0.056140
0.005778,0.380972,0.054852
0.005536,0.381350,0.054714
0.007653,0.381023,0.055537
0.008883,0.382361,0.054194
0.009294,0.381414,0.053899
0.011930,0.381838,0.052088
0.011772,0.379890,0.052332
0.013758,0.380656,0.051965
0.017463,0.381317,0.053234
0.017444,0.380927,0.052090
0.018852,0.382199,0.053624
0.018709,0.380997,0.053753
0.020245,0.381524,0.051934
0.020331,0.381382,0.047545
0.023698,0.381219,0.050802
0.025592,0.381834,0.049583
0.027846,0.381368,0.049648
0.028308,0.383132,0.048375
0.029684,0.383022,0.049937
0.030778,0.380173,0.048053
0.031137,0.382293,0.046965
0.033639,0.381441,0.048301
0.035041,0.381303,0.048130
0.038838,0.383494,0.048435
0.035660,0.382159,0.047084
0.038496,0.381068,0.047126
0.039893,0.381971,0.044103
0.042782,0.382488,0.043852
0.043257,0.381026,0.044122
0.045136,0.382000,0.041898
0.046198,0.381248,0.042663
0.047114,0.382658,0.040006
0.048925,0.382333,0.041562
0.050507,0.382435,0.040180
0.051259,0.381577,0.039354
0.052775,0.383021,0.039519
0.054343,0.382378,0.038428
0.052366,0.382335,0.036177
0.056318,0.381993,0.034613
0.058811,0.380518,0.033912
0.060243,0.383563,0.036416
0.060285,0.382261,0.035638
0.062058,0.382965,0.033677
0.065490,0.383563,0.033204
0.064936,0.382837,0.034786
0.067246,0.382767,0.032876
0.067220,0.382829,0.032337
0.068354,0.383468,0.028614
0.070470,0.382583,0.029888
0.072616,0.382966,0.028638
0.071348,0.382716,0.027341
0.073220,0.383072,0.025521
0.075520,0.382835,0.024658
0.076956,0.382372,0.024690
0.078926,0.384754,0.019859
0.081190,0.384773,0.022550
0.080576,0.384310,0.021814
0.083567,0.383755,0.020342
0.083908,0.385063,0.021194
0.084539,0.383483,0.019765
0.088187,0.383955,0.017619
0.088201,0.385361,0.017040
0.089579,0.384462,0.016836
0.092659,0.382781,0.014628
0.092237,0.385272,0.012249
0.094329,0.386538,0.011906
0.095738,0.384635,0.012304
0.098335,0.384965,0.008434
0.098130,0.384845,0.007723
0.100368,0.386554,0.006176
0.100168,0.385742,0.006043
0.103083,0.388516,0.004804
0.104527,0.387568,0.003240
0.105001,0.384773,0.001138
0.107563,0.387551,-0.003246
0.108105,0.385243,-0.000550
0.109450,0.385454,-0.004910
0.110307,0.384032,-0.005297
0.113402,0.386212,-0.006033
0.116466,0.386215,-0.009408
0.115688,0.386371,-0.011380
0.117499,0.388480,-0.013924
0.119341,0.387040,-0.013121
0.120033,0.388347,-0.016330
0.123119,0.389608,-0.022604
-0.177428,0.390925,-0.061094
-0.173901,0.392499,-0.054234
-0.173274,0.391717,-0.048180
-0.170708,0.389575,-0.039099
-0.169017,0.390854,-0.034067
-0.166370,0.390717,-0.025945
-0.165159,0.390147,-0.021457
-0.165189,0.389926,-0.013831
-0.161300,0.386528,-0.008094
-0.158732,0.387668,-0.000916
-0.158379,0.386580,0.005028
-0.155354,0.386419,0.011968
-0.153309,0.386465,0.020879
-0.153220,0.386449,0.024909
-0.151129,0.385118,0.031154
-0.148654,0.384433,0.037555
-0.147222,0.384122,0.035194
-0.145206,0.383774,0.037484
-0.144843,0.385048,0.037673
-0.143018,0.384779,0.037443
-0.143163,0.382034,0.038457
-0.140541,0.382864,0.038362
-0.140907,0.385619,0.040775
-0.136209,0.384460,0.040184
-0.136546,0.383883,0.038071
-0.134196,0.385132,0.039009
-0.132946,0.384843,0.040169
-0.133301,0.383472,0.040776
-0.130316,0.383854,0.042159
-0.128142,0.384320,0.041151
-0.128892,0.385514,0.039152
-0.126252,0.385445,0.040456
-0.125480,0.384179,0.041572
-0.123572,0.384368,0.042270
-0.123919,0.384530,0.040573
-0.121825,0.384015,0.043226
-0.118778,0.385377,0.042407
-0.119283,0.385563,0.043652
-0.118729,0.385928,0.044664
-0.115727,0.381794,0.043358
-0.113518,0.382811,0.044911
-0.113523,0.384685,0.044852
-0.112297,0.383038,0.043807
-0.109772,0.384212,0.046400
-0.109547,0.381431,0.046687
-0.105339,0.383112,0.045617
-0.106038,0.384438,0.045210
-0.104289,0.384646,0.043532
-0.104383,0.384798,0.046110
-0.100804,0.382397,0.047193
-0.099874,0.383841,0.048528
-0.099195,0.385853,0.046241
-0.098125,0.381988,0.045283
-0.095402,0.383715,0.048655
-0.096260,0.383202,0.048283
-0.091961,0.383355,0.049119
-0.092986,0.384263,0.049757
-0.091004,0.383462,0.048644
-0.089304,0.384395,0.049148
-0.087815,0.382111,0.051704
-0.084944,0.382086,0.048826
-0.085292,0.383135,0.051103
-0.082960,0.383142,0.050523
-0.082334,0.382700,0.049243
-0.082161,0.383957,0.048661
-0.079799,0.383340,0.051710
-0.079095,0.382719,0.050567
-0.074427,0.383839,0.050311
-0.075017,0.382830,0.052287
-0.075983,0.382236,0.050735
-0.072551,0.381539,0.052782
-0.072866,0.382389,0.051399
-0.070495,0.382445,0.051927
-0.068582,0.384114,0.053568
-0.069328,0.380939,0.052852
-0.066701,0.382464,0.054061
-0.065874,0.384948,0.053934
-0.063469,0.383191,0.054256
-0.063960,0.383753,0.054015
-0.060613,0.382719,0.053902
-0.058768,0.383357,0.052718
-0.059303,0.382796,0.055007
-0.055944,0.383466,0.052995
-0.057396,0.384363,0.052499
-0.054215,0.381237,0.054475
-0.054090,0.382346,0.056432
-0.049475,0.379879,0.054048
-0.050458,0.383736,0.055365
-0.048282,0.382135,0.056732
-0.046962,0.381715,0.055048
-0.046332,0.382728,0.055332
-0.043429,0.382700,0.055731
-0.043077,0.383088,0.056541
-0.040436,0.383952,0.054706
-0.039913,0.384268,0.055941
-0.039086,0.382899,0.055632
-0.037526,0.380896,0.055856
-0.037442,0.382217,0.056645
-0.034717,0.383147,0.056089
-0.034076,0.382551,0.058312
-0.030729,0.382286,0.055308
-0.030771,0.384148,0.057711
-0.027964,0.379673,0.055538
-0.027483,0.383391,0.057245
-0.025481,0.382783,0.057897
-0.025594,0.383225,0.057872
-0.022515,0.382056,0.057705
-0.020388,0.381626,0.059009
-0.019543,0.380863,0.059276
-0.020443,0.383013,0.059625
-0.018372,0.382359,0.059327
-0.015763,0.381850,0.057654
-0.015747,0.382236,0.058756
-0.013092,0.381451,0.057961
-0.012124,0.382529,0.056916
-0.011936,0.382285,0.056232
-0.008665,0.383552,0.056854
-0.009621,0.382492,0.056495
-0.007145,0.383019,0.058885
-0.006554,0.383133,0.056178
-0.004569,0.381921,0.058584
-0.001922,0.382715,0.058583
-0.000912,0.382795,0.056239
0.000755,0.382713,0.056824
0.002274,0.382982,0.054072
0.002789,0.383551,0.054367
0.003940,0.384249,0.054816
0.005243,0.382651,0.054174
0.005884,0.381677,0.053701
0.008085,0.383100,0.053206
0.007920,0.383822,0.054092
0.009903,0.382268,0.052176
0.012972,0.384980,0.054627
0.013450,0.384608,0.052987
0.013869,0.383622,0.053722
0.015896,0.385779,0.052723
0.017239,0.381508,0.053258
0.019946,0.382595,0.053533
0.018734,0.384000,0.051716
0.022480,0.383269,0.050237
0.023156,0.384584,0.051722
0.022112,0.384403,0.047690
0.025493,0.382004,0.051172
0.027099,0.383941,0.048114
0.027151,0.382937,0.048161
0.029455,0.382075,0.048259
0.029493,0.384489,0.048238
0.031951,0.383683,0.047883
0.033932,0.384702,0.045575
0.032946,0.384054,0.045190
0.037675,0.383900,0.045543
0.038397,0.384477,0.045982
0.037840,0.382517,0.043505
0.040515,0.384376,0.045874
0.042861,0.385060,0.043420
0.044337,0.384803,0.045009
0.044469,0.383936,0.043833
0.046052,0.383512,0.040752
0.046621,0.385102,0.040428
0.050503,0.382341,0.041357
0.050189,0.383709,0.041342
0.051311,0.384935,0.038079
0.052519,0.385962,0.037755
0.055466,0.384226,0.036255
0.053362,0.385255,0.037321
0.057274,0.384996,0.035660
0.057723,0.384471,0.035367
0.060331,0.386141,0.034574
0.061009,0.385331,0.034934
0.062156,0.383812,0.031068
0.062346,0.384479,0.031408
0.066650,0.383780,0.029056
0.067337,0.386603,0.030992
0.067840,0.385424,0.030800
0.069100,0.384949,0.028623
0.071342,0.388300,0.026801
0.071858,0.383534,0.025537
0.073969,0.385515,0.027073
0.076501,0.385146,0.023655
0.076974,0.383855,0.021262
0.078022,0.385101,0.022487
0.079301,0.384696,0.023398
0.080281,0.385925,0.020440
0.082586,0.385430,0.022921
0.082279,0.386006,0.019517
0.082792,0.385968,0.020732
0.085538,0.386080,0.019052
0.085591,0.385619,0.018575
0.087487,0.385801,0.015901
0.088994,0.385830,0.014200
0.091122,0.386736,0.012228
0.092665,0.386342,0.010813
0.092657,0.384637,0.010220
0.096038,0.385204,0.008391
0.096680,0.387125,0.005299
0.097180,0.387369,0.006593
0.098195,0.386388,0.002391
0.100517,0.388991,0.004257
0.102742,0.387786,0.002656
0.102293,0.386628,0.001205
0.106327,0.386950,0.000450
0.107969,0.389131,-0.000249
0.107311,0.388207,-0.002466
0.109588,0.387982,-0.004263
0.109128,0.387069,-0.006389
0.113647,0.389571,-0.008845
0.115564,0.388854,-0.008811
0.116441,0.388804,-0.010973
0.118472,0.389239,-0.013642
0.116724,0.386617,-0.016212
0.117845,0.390088,-0.018954
0.122266,0.392018,-0.023089
-0.177077,0.394340,-0.058979
-0.175505,0.391422,-0.051998
-0.172081,0.394042,-0.047029
-0.168785,0.391164,-0.038463
-0.169848,0.390871,-0.032663
-0.167583,0.390805,-0.023783
-0.165708,0.391096,-0.019114
-0.164030,0.388122,-0.011925
-0.160169,0.389220,-0.007198
-0.159695,0.387875,0.001148
-0.157026,0.389078,0.005225
-0.155737,0.388061,0.013767
-0.153656,0.388502,0.020999
-0.152625,0.387860,0.027031
-0.151474,0.385842,0.034895
-0.149231,0.386981,0.037088
-0.147137,0.386566,0.039050
-0.145934,0.386922,0.036938
-0.146480,0.385389,0.036487
-0.144366,0.386930,0.039669
-0.142183,0.385346,0.037571
-0.142449,0.386679,0.038714
-0.137798,0.386762,0.040469
-0.139024,0.385206,0.039716
-0.137057,0.385120,0.039948
-0.133127,0.383715,0.043148
-0.133584,0.385247,0.039803
-0.133141,0.385713,0.040197
-0.130744,0.384487,0.041014
-0.130097,0.384846,0.040631
-0.129232,0.386079,0.041226
-0.126284,0.385685,0.042017
-0.125322,0.386656,0.040653
-0.124077,0.385664,0.042073
-0.123623,0.385080,0.041966
-0.120917,0.384973,0.043126
-0.118683,0.387817,0.043063
-0.119034,0.385582,0.041929
-0.116390,0.384992,0.041109
-0.115802,0.384631,0.044193
-0.114825,0.385069,0.041890
-0.112042,0.384195,0.043381
-0.111143,0.384561,0.045449
-0.110827,0.384780,0.042821
-0.109321,0.384356,0.043691
-0.107039,0.386621,0.044034
-0.107604,0.385440,0.045788
-0.103895,0.384338,0.046996
-0.102743,0.386060,0.045890
-0.101970,0.385202,0.046645
-0.099732,0.384328,0.045754
-0.098890,0.383143,0.048076
-0.097739,0.384229,0.047847
-0.096375,0.385582,0.048046
-0.094755,0.386119,0.049212
-0.092696,0.385315,0.048723
-0.092791,0.385679,0.048491
-0.091379,0.384156,0.047330
-0.089484,0.385947,0.050632
-0.087038,0.383689,0.048891
-0.085606,0.384624,0.048811
-0.084461,0.384419,0.048464
-0.084704,0.385836,0.053171
-0.083280,0.385645,0.050268
-0.082051,0.384878,0.050878
-0.080522,0.384214,0.051113
-0.079995,0.384822,0.051226
-0.076819,0.385656,0.050913
-0.076166,0.384235,0.050608
-0.075537,0.384887,0.052633
-0.072137,0.386525,0.049607
-0.069058,0.384372,0.051139
-0.069508,0.384161,0.051787
-0.071763,0.384443,0.051347
-0.068673,0.384540,0.051856
-0.066315,0.384981,0.050507
-0.063153,0.383865,0.053040
-0.062116,0.384176,0.052382
-0.060414,0.384824,0.051918
-0.059773,0.383075,0.053409
-0.056632,0.385238,0.054157
-0.057361,0.383981,0.053560
-0.055942,0.385917,0.054291
-0.054487,0.385407,0.052656
-0.053455,0.383136,0.054913
-0.052815,0.382773,0.054616
-0.050778,0.384808,0.055274
-0.049960,0.383184,0.052578
-0.047837,0.383122,0.057351
-0.046775,0.383834,0.054600
-0.047391,0.386522,0.054490
-0.044322,0.384983,0.055819
-0.042355,0.385791,0.055080
-0.041359,0.384063,0.053579
-0.039008,0.384564,0.055607
-0.038714,0.384436,0.056883
-0.037330,0.385806,0.056338
-0.035767,0.383962,0.055513
-0.035823,0.385835,0.055703
-0.034032,0.384537,0.056204
-0.032255,0.386913,0.056812
-0.030767,0.384186,0.059639
-0.028755,0.383608,0.055223
-0.028213,0.383102,0.056973
-0.028082,0.383632,0.060117
-0.024350,0.386958,0.057490
-0.024641,0.384439,0.058527
-0.022170,0.384356,0.058974
-0.021749,0.382627,0.056699
-0.018806,0.383649,0.058230
-0.017839,0.384778,0.056712
-0.017154,0.383065,0.057934
-0.015556,0.381964,0.055091
-0.014510,0.383820,0.057585
-0.012930,0.383392,0.055317
-0.010177,0.385081,0.056302
-0.009603,0.384609,0.058985
-0.008541,0.384750,0.056570
-0.006894,0.383590,0.055795
-0.008192,0.384727,0.055741
-0.004357,0.384727,0.056642
-0.002017,0.385467,0.056860
-0.003155,0.383748,0.055320
-0.000155,0.384879,0.054428
0.000221,0.384583,0.055154
0.002186,0.385154,0.055224
0.002106,0.384934,0.055460
0.005775,0.383105,0.054023
0.004978,0.385335,0.054493
0.007088,0.385237,0.054213
0.007622,0.383274,0.055433
0.009055,0.384248,0.053690
0.010963,0.384568,0.053547
0.011970,0.385890,0.052058
0.014053,0.385208,0.053235
0.016890,0.384413,0.053341
0.017914,0.384913,0.052156
0.017668,0.384393,0.051752
0.020811,0.383057,0.050760
0.022129,0.385844,0.050407
0.022515,0.384059,0.049617
0.022763,0.384545,0.049995
0.024698,0.384265,0.051331
0.024870,0.384937,0.049056
0.026872,0.386646,0.047514
0.030814,0.384727,0.047233
0.029924,0.384059,0.047829
0.032451,0.385213,0.047514
0.036114,0.386306,0.045983
0.034982,0.387019,0.046546
0.036039,0.385936,0.045504
0.037059,0.385198,0.044432
0.039134,0.386741,0.045513
0.040554,0.385947,0.043439
0.041680,0.385395,0.043272
0.043827,0.384998,0.042915
0.043453,0.384893,0.040816
0.045109,0.385951,0.039688
0.047032,0.386018,0.039221
0.049618,0.386733,0.039835
0.050284,0.386835,0.038012
0.051251,0.385213,0.037626
0.051724,0.387331,0.037487
0.055772,0.386688,0.036284
0.055421,0.386788,0.036624
0.058209,0.385214,0.035502
0.058000,0.384949,0.034987
0.059183,0.388983,0.033867
0.060018,0.386716,0.031352
0.062838,0.386796,0.030526
0.064234,0.386279,0.029382
0.064278,0.385994,0.028890
0.066668,0.387484,0.028621
0.068347,0.384489,0.028159
0.071290,0.385110,0.028462
0.070377,0.388341,0.026908
0.071943,0.386494,0.026598
0.074257,0.387227,0.025500
0.076069,0.386858,0.024830
0.077459,0.386800,0.025182
0.077311,0.384940,0.021712
0.077390,0.384639,0.021553
0.081585,0.388405,0.019594
0.083019,0.389448,0.019684
0.085467,0.388021,0.017968
0.083807,0.388625,0.016639
0.085265,0.388341,0.016590
0.086931,0.388124,0.014324
0.088522,0.387918,0.013114
0.090332,0.388310,0.014556
0.092109,0.389721,0.011327
0.092488,0.387048,0.009458
0.094794,0.386556,0.009941
0.095378,0.389275,0.007604
0.097892,0.388486,0.005643
0.099781,0.388992,0.006619
0.100613,0.389006,0.001401
0.099487,0.386992,0.004163
0.103206,0.387602,0.001057
0.103651,0.389613,0.000529
0.105596,0.387727,0.000446
0.105970,0.389288,-0.003263
0.108193,0.389482,-0.004735
0.109880,0.389746,-0.005384
0.112563,0.390520,-0.007011
0.114312,0.390527,-0.009313
0.114826,0.389777,-0.010462
0.115622,0.389965,-0.012709
0.116489,0.390304,-0.014509
0.118152,0.388003,-0.014315
0.119453,0.390054,-0.019731
0.122467,0.392047,-0.028563
-0.176175,0.394189,-0.057366
-0.173429,0.394298,-0.051106
-0.171904,0.394687,-0.043682
-0.170960,0.394191,-0.037826
-0.168199,0.393518,-0.031900
-0.167156,0.393052,-0.023649
-0.164020,0.391619,-0.016379
-0.166260,0.391123,-0.011270
-0.161916,0.390806,-0.004648
-0.158548,0.389570,0.000950
-0.157305,0.391881,0.008914
-0.155018,0.389961,0.016935
-0.155797,0.389133,0.019521
-0.152786,0.388020,0.030032
-0.150047,0.387744,0.034341
-0.149906,0.388203,0.038465
-0.146737,0.388475,0.037810
-0.146381,0.388440,0.039214
-0.146304,0.387783,0.038020
-0.143385,0.387421,0.037057
-0.143368,0.386683,0.039084
-0.141367,0.387638,0.038429
-0.139073,0.388804,0.038567
-0.136471,0.389655,0.040957
-0.137347,0.387115,0.038780
-0.134930,0.387485,0.040102
-0.134402,0.387682,0.041677
-0.131567,0.386508,0.038752
-0.130425,0.387713,0.040786
-0.129761,0.386026,0.041804
-0.128376,0.385956,0.040414
-0.127515,0.386671,0.040466
-0.126214,0.387888,0.042298
-0.124546,0.385910,0.040991
-0.124101,0.386849,0.042392
-0.120505,0.386541,0.041020
-0.120420,0.386356,0.041164
-0.118884,0.387307,0.041988
-0.118556,0.386987,0.041714
-0.113970,0.387080,0.041616
-0.115111,0.386872,0.043519
-0.113429,0.386433,0.043590
-0.110558,0.388259,0.043169
-0.110382,0.384737,0.044881
-0.106559,0.386373,0.045236
-0.106341,0.387299,0.044233
-0.106542,0.385203,0.044004
-0.104913,0.387420,0.045036
-0.101821,0.386162,0.045337
-0.102446,0.389368,0.047463
-0.098725,0.386856,0.046443
-0.099351,0.389399,0.045370
-0.098045,0.386312,0.047059
-0.096362,0.388077,0.048025
-0.096546,0.387841,0.048663
-0.092422,0.388424,0.047444
-0.090902,0.386860,0.047235
-0.090723,0.383839,0.049748
-0.091009,0.386528,0.046777
-0.087517,0.387975,0.049697
-0.087234,0.385772,0.049546
-0.085612,0.385886,0.049786
-0.083441,0.387413,0.050065
-0.082880,0.386667,0.049416
-0.083324,0.385680,0.050890
-0.079586,0.386850,0.049836
-0.078532,0.387412,0.048661
-0.077877,0.386468,0.051391
-0.075543,0.385735,0.049421
-0.075017,0.386980,0.050913
-0.073502,0.384378,0.049668
-0.071309,0.386460,0.054663
-0.070221,0.388237,0.050603
-0.067716,0.385990,0.051617
-0.067177,0.386292,0.051455
-0.067072,0.386114,0.050716
-0.064109,0.386838,0.051973
-0.064300,0.386210,0.053724
-0.062487,0.386755,0.053544
-0.061264,0.386296,0.051648
-0.060674,0.385686,0.051426
-0.057749,0.386657,0.052918
-0.055268,0.384920,0.054282
-0.054062,0.386605,0.054436
-0.053459,0.386651,0.052552
-0.051937,0.386647,0.054846
-0.053704,0.386708,0.055743
-0.049056,0.383998,0.055037
-0.050812,0.385365,0.054748
-0.044692,0.385746,0.057277
-0.045100,0.385413,0.054642
-0.042440,0.386749,0.054659
-0.042887,0.384293,0.054055
-0.042058,0.385661,0.056038
-0.041094,0.385444,0.057868
-0.039538,0.387532,0.055776
-0.037650,0.385178,0.057526
-0.035862,0.386669,0.056270
-0.033500,0.386227,0.057072
-0.032855,0.385780,0.055331
-0.030373,0.384826,0.056972
-0.029979,0.384810,0.055926
-0.028619,0.387614,0.055505
-0.028212,0.385850,0.056759
-0.027323,0.386863,0.056321
-0.024892,0.385292,0.056388
-0.024109,0.386828,0.056898
-0.022115,0.383644,0.059539
-0.021458,0.385968,0.055002
-0.019746,0.385619,0.059228
-0.018317,0.388817,0.057228
-0.014960,0.385459,0.057360
-0.017435,0.386308,0.057285
-0.015469,0.388247,0.056054
-0.012221,0.385481,0.054671
-0.011594,0.385084,0.056283
-0.009890,0.384704,0.055964
-0.008776,0.384829,0.057012
-0.006828,0.386017,0.057535
-0.007176,0.386097,0.057244
-0.006053,0.386415,0.055725
-0.002223,0.385081,0.056348
-0.003212,0.386664,0.056070
-0.000537,0.385463,0.056736
0.003193,0.387043,0.054506
0.001163,0.386405,0.054279
0.002194,0.386523,0.053034
0.005429,0.384624,0.054953
0.006171,0.387310,0.052334
0.010332,0.387105,0.053684
0.009298,0.387065,0.052489
0.011743,0.385157,0.052549
0.010542,0.385676,0.052430
0.012440,0.386831,0.050999
0.012866,0.385895,0.051794
0.015941,0.387562,0.049787
0.020066,0.387059,0.052759
0.017567,0.385339,0.052231
0.019447,0.386094,0.049063
0.021476,0.385512,0.049675
0.021911,0.385683,0.049804
0.023158,0.386186,0.050113
0.024746,0.386303,0.049143
0.026399,0.386759,0.047877
0.028716,0.387546,0.049535
0.029794,0.386014,0.046687
0.029513,0.386456,0.048021
0.031458,0.387327,0.045236
0.030951,0.385971,0.045842
0.036804,0.386140,0.044057
0.034137,0.386709,0.046446
0.035238,0.386657,0.044472
0.038265,0.388015,0.043804
0.041056,0.385548,0.042635
0.042530,0.387266,0.042026
0.043107,0.387927,0.041271
0.045794,0.387119,0.042267
0.044458,0.387204,0.039317
0.046320,0.386145,0.041704
0.048101,0.387563,0.038438
0.048361,0.390676,0.038502
0.048811,0.386918,0.038366
0.052845,0.386404,0.036240
0.052283,0.387417,0.036218
0.056733,0.388609,0.036649
0.055634,0.389165,0.034891
0.057369,0.387959,0.032883
0.057864,0.388360,0.030585
0.061302,0.387999,0.029153
0.064085,0.386491,0.031011
0.061844,0.389218,0.030465
0.065815,0.388985,0.030350
0.066026,0.387424,0.030359
0.069159,0.386866,0.027736
0.069074,0.389597,0.027578
0.071757,0.388234,0.025181
0.071080,0.388617,0.024256
0.073584,0.388156,0.024212
0.075405,0.388498,0.023393
0.076999,0.389170,0.022639
0.079378,0.389088,0.020162
0.078095,0.389695,0.019341
0.078314,0.389306,0.019336
0.080838,0.389637,0.017544
0.083415,0.389493,0.017928
0.086489,0.389558,0.015983
0.085325,0.387543,0.015563
0.087914,0.388751,0.012153
0.088812,0.389768,0.012970
0.091050,0.387736,0.011078
0.091178,0.391782,0.007230
0.092913,0.388848,0.007385
0.094759,0.389933,0.007268
0.094718,0.391386,0.006375
0.097968,0.392704,0.006447
0.098819,0.391285,0.003509
0.100426,0.389785,0.004173
0.101960,0.393108,0.002806
0.102304,0.390768,0.001559
0.103395,0.392235,-0.000650
0.105349,0.392048,-0.002997
0.107890,0.392710,-0.005585
0.108786,0.390673,-0.005997
0.110052,0.391601,-0.006984
0.111510,0.391437,-0.008545
0.112441,0.392455,-0.010839
0.112349,0.390452,-0.011261
0.115847,0.393027,-0.012622
0.116553,0.390682,-0.014244
0.117837,0.392330,-0.017194
0.122286,0.392914,-0.022998
0.120807,0.392829,-0.028799
-0.175547,0.397524,-0.056801
-0.176356,0.396718,-0.051057
-0.172901,0.396961,-0.041264
-0.170483,0.394896,-0.035561
-0.167387,0.396509,-0.030382
-0.165828,0.395118,-0.021278
-0.167330,0.393654,-0.015967
-0.162446,0.394456,-0.010631
-0.160303,0.391103,-0.003497
-0.159146,0.390407,0.004199
-0.157295,0.391922,0.008181
-0.155934,0.389880,0.016072
-0.152614,0.389322,0.023849
-0.152345,0.388979,0.029548
-0.150799,0.389381,0.038089
-0.147390,0.390251,0.036097
-0.148391,0.389737,0.037772
-0.145720,0.388375,0.036885
-0.143671,0.390248,0.036930
-0.143583,0.387894,0.037991
-0.142887,0.387462,0.039039
-0.140177,0.388821,0.038612
-0.139355,0.390380,0.037769
-0.136885,0.389210,0.038252
-0.135645,0.391555,0.040477
-0.134462,0.387910,0.040075
-0.131323,0.387280,0.039240
-0.132009,0.389468,0.041827
-0.131675,0.388128,0.040055
-0.129060,0.389684,0.040278
-0.126577,0.389404,0.037641
-0.126593,0.387765,0.041017
-0.124579,0.390057,0.041908
-0.123650,0.386689,0.042722
-0.122617,0.387304,0.040707
-0.120635,0.389573,0.040463
-0.121863,0.388822,0.043125
-0.117326,0.388783,0.043396
-0.117343,0.390593,0.041329
-0.114060,0.389048,0.042449
-0.114828,0.388543,0.045210
-0.113156,0.386483,0.043288
-0.112937,0.388050,0.042447
-0.109914,0.388702,0.043022
-0.106891,0.389559,0.044264
-0.107052,0.387674,0.044576
-0.105456,0.387931,0.043135
-0.106999,0.388815,0.043818
-0.105153,0.387987,0.044734
-0.100982,0.386505,0.046173
-0.099146,0.387882,0.045175
-0.097895,0.387193,0.046317
-0.097168,0.387037,0.045370
-0.095315,0.387680,0.045886
-0.093947,0.390393,0.046341
-0.094243,0.387738,0.048247
-0.092229,0.387917,0.045987
-0.090931,0.387832,0.047533
-0.088577,0.387469,0.050197
-0.086880,0.386555,0.047765
-0.086661,0.389759,0.047506
-0.086072,0.389341,0.050183
-0.083893,0.388391,0.048637
-0.082332,0.388791,0.048750
-0.081221,0.387093,0.049479
-0.079569,0.388124,0.049561
-0.079338,0.389234,0.047865
-0.079276,0.388446,0.048900
-0.075592,0.389114,0.049146
-0.075362,0.387016,0.052317
-0.072809,0.387899,0.050511
-0.072213,0.387396,0.049260
-0.070540,0.389453,0.053804
-0.068307,0.387176,0.051721
-0.066171,0.388579,0.051540
-0.065760,0.386150,0.052603
-0.065350,0.388218,0.049814
-0.065164,0.387438,0.052743
-0.060625,0.387911,0.051869
-0.060247,0.386540,0.051967
-0.060077,0.388359,0.053241
-0.057522,0.386551,0.050665
-0.056909,0.387177,0.053683
-0.055671,0.389092,0.053076
-0.053123,0.386851,0.053536
-0.051113,0.387299,0.050887
-0.051157,0.386932,0.052148
-0.047514,0.390513,0.053845
-0.047857,0.388016,0.054366
-0.045809,0.388090,0.053933
-0.046689,0.388107,0.054537
-0.042640,0.387792,0.055602
-0.041238,0.387774,0.056277
-0.042058,0.387446,0.054495
-0.039959,0.387460,0.054406
-0.039725,0.387954,0.056033
-0.037861,0.386161,0.057090
-0.035358,0.386645,0.053336
-0.034763,0.387255,0.057998
-0.033273,0.385162,0.057137
-0.031603,0.388997,0.055003
-0.030804,0.388053,0.056528
-0.029206,0.388667,0.057236
-0.030295,0.385884,0.055819
-0.026283,0.387783,0.054854
-0.025746,0.387415,0.056154
-0.024624,0.387751,0.057112
-0.021830,0.386937,0.055997
-0.021349,0.386200,0.058380
-0.020402,0.387473,0.058196
-0.017284,0.388840,0.056528
-0.017460,0.387662,0.055560
-0.015526,0.388168,0.056282
-0.014640,0.388035,0.055692
-0.012865,0.387150,0.056339
-0.011692,0.387345,0.056698
-0.010669,0.388107,0.057671
-0.007609,0.386170,0.055722
-0.008660,0.387544,0.058348
-0.005277,0.385681,0.054601
-0.004183,0.389334,0.055925
-0.003986,0.387601,0.055926
-0.000564,0.387731,0.055418
-0.001888,0.388781,0.054459
0.001049,0.388515,0.054294
0.000666,0.388253,0.054687
0.002007,0.386186,0.052537
0.004355,0.388663,0.054210
0.005077,0.387414,0.052735
0.007599,0.388435,0.054008
0.008190,0.387971,0.052746
0.009191,0.388205,0.051292
0.011914,0.389225,0.050334
0.012730,0.388956,0.051626
0.014319,0.389275,0.050401
0.016131,0.385586,0.050785
0.016118,0.387270,0.049843
0.019006,0.387711,0.050940
0.019578,0.386287,0.050677
0.020455,0.387674,0.050618
0.021796,0.388071,0.049154
0.024125,0.389300,0.049889
0.026019,0.386889,0.049392
0.027203,0.386961,0.048777
0.028854,0.387346,0.047558
0.029853,0.389121,0.045249
0.030677,0.388207,0.048231
0.031807,0.388744,0.043464
0.034790,0.388715,0.046573
0.036717,0.388656,0.046401
0.036850,0.387693,0.043353
0.038829,0.387985,0.043392
0.037857,0.390974,0.042880
0.039189,0.388876,0.041532
0.042883,0.388496,0.041584
0.042698,0.389917,0.043366
0.044108,0.389541,0.041258
0.044397,0.391857,0.038766
0.046564,0.390291,0.038973
0.049493,0.389180,0.038381
0.049483,0.389464,0.037897
0.052618,0.389220,0.037119
0.051963,0.390504,0.035061
0.052292,0.390472,0.033928
0.052413,0.389612,0.033903
0.057392,0.390604,0.032766
0.058437,0.391405,0.033442
0.057935,0.389363,0.031903
0.060488,0.388392,0.029958
0.062032,0.387211,0.029825
0.063776,0.389112,0.029264
0.065282,0.389075,0.027168
0.066633,0.389665,0.027335
0.067254,0.389976,0.025586
0.070728,0.390845,0.024922
0.070516,0.389516,0.024214
0.071814,0.390285,0.025148
0.074846,0.390867,0.024137
0.074501,0.390025,0.023183
0.076700,0.392045,0.020785
0.077000,0.390815,0.020261
0.080128,0.391377,0.018276
0.079528,0.391807,0.019829
0.080647,0.391570,0.017010
0.082627,0.390563,0.014637
0.083676,0.390970,0.016079
0.085495,0.391911,0.013719
0.086795,0.391970,0.013673
0.088967,0.391322,0.012902
0.088891,0.391398,0.008729
0.092465,0.390793,0.006851
0.094798,0.391531,0.007804
0.094233,0.390987,0.008517
0.095291,0.392364,0.004322
0.095020,0.392138,0.003713
0.099391,0.391582,0.003982
0.100352,0.391453,0.002805
0.101568,0.391725,0.000230
0.103929,0.391577,-0.000695
0.103415,0.392481,-0.000877
0.105995,0.392199,-0.003240
0.106637,0.393526,-0.004697
0.109237,0.392592,-0.006870
0.110324,0.393209,-0.009047
0.112031,0.392207,-0.010057
0.112839,0.392396,-0.011836
0.114687,0.394755,-0.013027
0.114460,0.394223,-0.015279
0.117290,0.395108,-0.015974
0.118396,0.394514,-0.018354
0.121028,0.393322,-0.022343
0.122234,0.395293,-0.034968
-0.178010,0.400408,-0.062207
-0.175445,0.399340,-0.056133
-0.174367,0.396521,-0.047357
-0.172364,0.395910,-0.040344
-0.170597,0.395275,-0.034659
-0.167542,0.396711,-0.026982
-0.165144,0.397443,-0.021236
-0.165493,0.393928,-0.015045
-0.164126,0.393924,-0.007794
-0.163230,0.395225,-0.001155
-0.158873,0.394609,0.004606
-0.158806,0.394162,0.012400
-0.155090,0.391715,0.016904
-0.152926,0.393466,0.024725
-0.152105,0.391667,0.031758
-0.150265,0.391411,0.037570
-0.149107,0.389697,0.036513
-0.147196,0.393958,0.038154
-0.146571,0.390622,0.039009
-0.145605,0.392711,0.037304
-0.144090,0.390430,0.037666
-0.140931,0.391049,0.038995
-0.141305,0.389746,0.038977
-0.139255,0.390445,0.037421
-0.138595,0.390704,0.038196
-0.137329,0.391669,0.037450
-0.136546,0.390980,0.039935
-0.133402,0.390204,0.039800
-0.131408,0.391345,0.039958
-0.131721,0.389291,0.039342
-0.128439,0.390984,0.039865
-0.127733,0.390196,0.039572
-0.126057,0.389937,0.039144
-0.124791,0.390909,0.039574
-0.124047,0.390918,0.040272
-0.123979,0.390360,0.040160
-0.121092,0.389302,0.041939
-0.120303,0.391104,0.042578
-0.117583,0.389398,0.042157
-0.116245,0.389349,0.042127
-0.115690,0.391776,0.042147
-0.114547,0.390045,0.041400
-0.112489,0.391514,0.043094
-0.111220,0.389687,0.043656
-0.109988,0.389680,0.041913
-0.108575,0.388269,0.042764
-0.108759,0.388250,0.043304
-0.106059,0.389066,0.044947
-0.105221,0.391594,0.044239
-0.103165,0.391088,0.043915
-0.103081,0.389318,0.045192
-0.101989,0.390626,0.045969
-0.098356,0.389477,0.044123
-0.096468,0.389906,0.045086
-0.095679,0.390072,0.047892
-0.097200,0.390344,0.047298
-0.094920,0.392089,0.046522
-0.091302,0.391835,0.048468
-0.090356,0.390136,0.048040
-0.088312,0.391464,0.048223
-0.089661,0.389876,0.048294
-0.086401,0.389115,0.047111
-0.085155,0.387402,0.047900
-0.083081,0.390518,0.049512
-0.081999,0.388629,0.048346
-0.079786,0.388621,0.049851
-0.081402,0.390755,0.049521
-0.079363,0.390107,0.048083
-0.077658,0.390673,0.047783
-0.075787,0.388317,0.049254
-0.072651,0.388974,0.052219
-0.072397,0.390570,0.051526
-0.072347,0.390434,0.050388
-0.071202,0.389526,0.048650
-0.070149,0.391302,0.049595
-0.067558,0.389701,0.051762
-0.066863,0.388533,0.050171
-0.064891,0.389355,0.050365
-0.063117,0.389174,0.052191
-0.061314,0.388907,0.052015
-0.061221,0.387236,0.052510
-0.058957,0.389309,0.051113
-0.059043,0.389286,0.051886
-0.056301,0.389584,0.052246
-0.054780,0.389813,0.052429
-0.052540,0.390585,0.052869
-0.051900,0.389964,0.053413
-0.049470,0.389504,0.053503
-0.049638,0.390083,0.054329
-0.047550,0.389287,0.053217
-0.047320,0.389494,0.054661
-0.044300,0.388324,0.052585
-0.043452,0.389030,0.056044
-0.042938,0.389167,0.053451
-0.043570,0.388390,0.053036
-0.038954,0.390653,0.054684
-0.039701,0.388790,0.056997
-0.035976,0.389383,0.056957
-0.037098,0.389713,0.056586
-0.033707,0.390608,0.055429
-0.034023,0.388683,0.057270
-0.031445,0.389632,0.054737
-0.030492,0.391036,0.054069
-0.028722,0.389028,0.055894
-0.026499,0.388244,0.054360
-0.027150,0.389127,0.056726
-0.025370,0.388520,0.058070
-0.023031,0.388199,0.057363
-0.024251,0.387841,0.058217
-0.021255,0.390583,0.056930
-0.019048,0.387851,0.055509
-0.017363,0.388193,0.055358
-0.018193,0.388680,0.055569
-0.015966,0.389359,0.057143
-0.014361,0.388548,0.055182
-0.014301,0.389432,0.056243
-0.010654,0.390467,0.054226
-0.010097,0.391126,0.054547
-0.008424,0.389421,0.056926
-0.007148,0.390848,0.055772
-0.005657,0.388646,0.055714
-0.004844,0.388246,0.055758
-0.002696,0.388051,0.053758
-0.001093,0.388631,0.053264
0.000138,0.390535,0.052897
0.001363,0.387333,0.053516
0.002022,0.388031,0.051576
0.002822,0.388999,0.052801
0.004840,0.389421,0.053570
0.004548,0.387875,0.050776
0.008746,0.388676,0.052173
0.009371,0.389799,0.051570
0.009393,0.389752,0.050694
0.011767,0.389864,0.051706
0.014463,0.387786,0.051284
0.014743,0.388551,0.051068
0.016067,0.388703,0.050059
0.018914,0.389223,0.050271
0.018786,0.389176,0.048576
0.020862,0.390399,0.049434
0.019596,0.389925,0.050798
0.023326,0.387926,0.048146
0.023754,0.389627,0.048190
0.025156,0.388920,0.048834
0.026195,0.389917,0.047092
0.029763,0.388673,0.047487
0.030087,0.388977,0.045382
0.032635,0.390384,0.045749
0.033873,0.389044,0.043893
0.034396,0.390029,0.045284
0.033257,0.389107,0.044739
0.035613,0.389560,0.043328
0.037879,0.390061,0.042876
0.038468,0.390322,0.043072
0.040352,0.388252,0.042045
0.043118,0.391117,0.040858
0.042345,0.390752,0.039471
0.045749,0.391071,0.037933
0.048237,0.389272,0.039719
0.045483,0.391257,0.038212
0.049240,0.389388,0.039037
0.051353,0.390344,0.036052
0.050065,0.391425,0.035780
0.051661,0.390319,0.034452
0.053210,0.390709,0.035854
0.056232,0.391874,0.035012
0.057220,0.391321,0.033121
0.058145,0.391269,0.031167
0.058412,0.393938,0.029195
0.062997,0.392359,0.029411
0.062250,0.392069,0.031626
0.063093,0.390572,0.029394
0.065646,0.391056,0.028015
0.066604,0.393033,0.026089
0.068551,0.391662,0.026289
0.068409,0.390962,0.025380
0.070204,0.393331,0.024471
0.070996,0.390664,0.022973
0.073818,0.392721,0.021943
0.074284,0.392410,0.019893
0.074603,0.392152,0.019604
0.078507,0.390279,0.018157
0.080268,0.391599,0.019319
0.079345,0.392529,0.017035
0.081723,0.391747,0.015144
0.083436,0.392097,0.015359
0.083999,0.392896,0.013645
0.085711,0.392981,0.012157
0.088557,0.392901,0.013743
0.089859,0.395512,0.009537
0.089419,0.392027,0.009010
0.091139,0.393654,0.007343
0.092893,0.392796,0.007241
0.096075,0.391915,0.006217
0.094912,0.394250,0.004527
0.098691,0.393868,0.003993
0.097255,0.393551,0.005525
0.100292,0.394843,0.001071
0.102747,0.395504,0.000224
0.104173,0.392789,-0.003043
0.104167,0.394333,-0.004048
0.105033,0.395462,-0.004513
0.107771,0.394188,-0.005405
0.108287,0.393795,-0.007339
0.109444,0.394999,-0.008137
0.111826,0.393944,-0.008955
0.113599,0.395248,-0.010460
0.113714,0.393648,-0.013694
0.116716,0.396142,-0.014796
0.116723,0.393993,-0.016152
0.116841,0.393978,-0.018806
0.120796,0.395370,-0.025490
0.121395,0.397824,-0.038614
-0.176465,0.400334,-0.058744
-0.175185,0.399567,-0.051675
-0.172311,0.399721,-0.046094
-0.172434,0.399061,-0.037790
-0.168668,0.397922,-0.031288
-0.168731,0.398455,-0.023227
-0.165456,0.396902,-0.020124
-0.165765,0.396166,-0.012481
-0.164107,0.397001,-0.007396
-0.160289,0.396306,-0.001783
-0.158904,0.394837,0.007997
-0.157914,0.393886,0.012703
-0.155110,0.393853,0.020161
-0.154651,0.395883,0.025995
-0.153695,0.391463,0.032529
-0.150236,0.392766,0.035677
-0.149448,0.391419,0.036240
-0.147965,0.392177,0.036957
-0.145684,0.393285,0.036772
-0.144983,0.393608,0.036112
-0.142814,0.392285,0.037198
-0.142396,0.391073,0.037113
-0.140773,0.393528,0.038027
-0.138249,0.392236,0.036635
-0.140032,0.392506,0.038302
-0.136551,0.392926,0.039045
-0.134321,0.392096,0.037892
-0.132868,0.391230,0.038336
-0.132603,0.392862,0.038447
-0.130636,0.392986,0.040141
-0.128561,0.391757,0.039051
-0.128998,0.393268,0.041391
-0.127963,0.390988,0.041020
-0.124101,0.392429,0.039851
-0.122645,0.391223,0.040034
-0.120847,0.391898,0.040342
-0.120275,0.391679,0.039874
-0.120351,0.391932,0.042280
-0.117423,0.391683,0.041265
-0.117702,0.392628,0.039712
-0.113090,0.393058,0.041235
-0.114751,0.391351,0.042993
-0.114075,0.393072,0.042922
-0.109555,0.391709,0.041939
-0.111361,0.389676,0.041528
-0.110222,0.391632,0.042829
-0.108070,0.391374,0.042913
-0.106523,0.390648,0.044914
-0.103773,0.392130,0.043335
-0.104386,0.392566,0.042028
-0.102107,0.392142,0.044724
-0.100564,0.391884,0.044641
-0.099039,0.390231,0.045525
-0.095348,0.390025,0.045253
-0.096743,0.392375,0.044737
-0.094840,0.389835,0.044599
-0.094030,0.390861,0.046947
-0.091709,0.391177,0.048643
-0.091948,0.393251,0.046996
-0.089279,0.391320,0.046468
-0.086898,0.391126,0.046067
-0.085663,0.389982,0.046896
-0.084923,0.391932,0.046558
-0.083529,0.391066,0.048986
-0.082496,0.391022,0.049181
-0.079325,0.391791,0.047071
-0.079893,0.392473,0.049938
-0.077600,0.392438,0.049992
-0.076886,0.391696,0.047798
-0.074893,0.392850,0.049219
-0.074173,0.391487,0.048926
-0.070594,0.390663,0.046873
-0.072311,0.390528,0.050728
-0.069993,0.390939,0.051391
-0.069284,0.390329,0.050204
-0.066791,0.389577,0.049066
-0.065002,0.390916,0.050499
-0.064480,0.392715,0.052035
-0.064908,0.392169,0.050369
-0.061401,0.393404,0.051842
-0.059926,0.390429,0.052546
-0.057883,0.388751,0.051623
-0.057040,0.391584,0.051782
-0.057312,0.393118,0.051843
-0.055249,0.390396,0.053048
-0.053341,0.389233,0.053308
-0.054636,0.391039,0.053713
-0.052250,0.391907,0.053794
-0.049876,0.390743,0.054535
-0.049711,0.392516,0.052615
-0.046275,0.391305,0.054293
-0.044916,0.390469,0.052144
-0.042976,0.390789,0.055019
-0.043625,0.391745,0.052920
-0.042316,0.391083,0.056556
-0.040157,0.392191,0.054588
-0.038762,0.391396,0.055300
-0.038339,0.391047,0.056387
-0.036475,0.390968,0.054001
-0.034435,0.390152,0.057658
-0.032613,0.391942,0.053831
-0.032743,0.390235,0.055622
-0.029768,0.389420,0.055244
-0.029400,0.391394,0.056310
-0.027051,0.389785,0.056714
-0.026697,0.389625,0.055116
-0.023581,0.390577,0.056741
-0.022405,0.390368,0.055166
-0.020470,0.390014,0.056971
-0.020620,0.389392,0.056528
-0.019460,0.390727,0.056574
-0.019095,0.390017,0.054801
-0.017230,0.391196,0.052962
-0.016627,0.391460,0.055585
-0.013474,0.391477,0.057008
-0.013358,0.391360,0.056301
-0.011027,0.390062,0.055411
-0.010393,0.390112,0.053991
-0.010086,0.393306,0.053659
-0.006668,0.390469,0.054411
-0.005717,0.392030,0.055300
-0.005046,0.390052,0.053970
-0.003479,0.389316,0.054476
-0.002428,0.390529,0.053925
-0.000905,0.390469,0.054241
-0.001310,0.390746,0.054815
0.001263,0.389395,0.051590
0.001570,0.390181,0.051365
0.005790,0.392756,0.052178
0.007078,0.392622,0.051352
0.006085,0.391112,0.052785
0.009271,0.390655,0.050202
0.009972,0.390288,0.051649
0.012424,0.389717,0.049879
0.011903,0.392207,0.049513
0.013428,0.391913,0.049888
0.015305,0.390763,0.048626
0.015945,0.390955,0.050141
0.017430,0.390756,0.049540
0.020425,0.392402,0.049801
0.023394,0.391673,0.048333
0.022513,0.390598,0.046800
0.024350,0.390816,0.050575
0.024090,0.390742,0.046773
0.026130,0.393269,0.043817
0.028386,0.391387,0.045257
0.029125,0.392475,0.045128
0.030256,0.391070,0.044606
0.029860,0.391757,0.044561
0.033029,0.391233,0.042699
0.033209,0.391816,0.043686
0.037762,0.391796,0.043382
0.036297,0.391210,0.041730
0.038430,0.391527,0.041970
0.040209,0.391178,0.038879
0.040682,0.392497,0.039328
0.043378,0.391731,0.040925
0.045396,0.392641,0.038602
0.047326,0.391484,0.040220
0.048781,0.393925,0.036997
0.046133,0.392208,0.037931
0.049483,0.391546,0.035283
0.052100,0.392458,0.034697
0.052541,0.392674,0.035551
0.055287,0.392047,0.033109
0.054390,0.392947,0.033537
0.055923,0.391215,0.031692
0.058515,0.392831,0.031791
0.060592,0.392576,0.028601
0.060814,0.392008,0.028780
0.062391,0.391742,0.026296
0.063886,0.394640,0.028070
0.064861,0.392065,0.026487
0.067941,0.394531,0.026195
0.068321,0.393116,0.024882
0.070724,0.393231,0.023103
0.071864,0.393909,0.022236
0.073221,0.392776,0.022223
0.073602,0.392173,0.018755
0.075099,0.393820,0.020109
0.077320,0.392414,0.019249
0.077277,0.395063,0.018941
0.079030,0.394807,0.017457
0.080449,0.394478,0.014987
0.081674,0.394110,0.015673
0.083991,0.394330,0.012791
0.086455,0.394455,0.013276
0.086242,0.395775,0.010571
0.087857,0.397626,0.009571
0.089386,0.394592,0.009575
0.090825,0.394431,0.007770
0.089883,0.395602,0.007768
0.093263,0.393506,0.005555
0.095824,0.395503,0.004526
0.096288,0.394847,0.001949
0.097961,0.395809,0.001356
0.101089,0.395694,-0.000255
0.100635,0.396310,0.000383
0.102923,0.395314,-0.001910
0.101865,0.396438,-0.003227
0.103937,0.394880,-0.004568
0.106764,0.394569,-0.004504
0.106475,0.394922,-0.004513
0.110622,0.394544,-0.007352
0.110521,0.396003,-0.010556
0.110489,0.395892,-0.013704
0.113699,0.396258,-0.012919
0.114036,0.398367,-0.015636
0.115510,0.397138,-0.015952
0.117014,0.395486,-0.016728
0.116928,0.397576,-0.022628
0.119338,0.396349,-0.028445
0.123649,0.398152,-0.035598
-0.177443,0.402338,-0.058087
-0.176192,0.401691,-0.052507
-0.173883,0.400207,-0.045830
-0.171850,0.401885,-0.037749
-0.169144,0.399725,-0.030707
-0.167395,0.400011,-0.025220
-0.165144,0.396983,-0.018812
-0.164675,0.397325,-0.011593
-0.163278,0.395966,-0.004809
-0.161672,0.396511,0.002353
-0.157745,0.397138,0.007673
-0.160100,0.395224,0.013650
-0.156980,0.393913,0.022018
-0.153313,0.394506,0.025932
-0.150108,0.395113,0.033841
-0.150326,0.393393,0.040047
-0.150075,0.392889,0.037774
-0.146154,0.393898,0.037111
-0.146735,0.393887,0.036498
-0.144899,0.392116,0.037534
-0.145095,0.394216,0.038000
-0.141296,0.394006,0.039036
-0.140350,0.392363,0.038375
-0.138682,0.394569,0.037921
-0.137877,0.393709,0.039638
-0.137483,0.393491,0.039171
-0.133699,0.393195,0.039729
-0.133146,0.394361,0.039095
-0.132067,0.393125,0.039855
-0.131515,0.393830,0.039020
-0.129749,0.393196,0.039373
-0.129323,0.393855,0.037742
-0.126258,0.393566,0.038631
-0.124448,0.394427,0.038261
-0.124298,0.393758,0.038961
-0.122690,0.394588,0.039337
-0.123424,0.393627,0.038084
-0.119686,0.390583,0.040609
-0.119666,0.393343,0.039711
-0.117947,0.393610,0.040489
-0.116280,0.390839,0.041771
-0.116167,0.393326,0.041252
-0.115117,0.393450,0.041476
-0.112150,0.393457,0.041119
-0.110391,0.392123,0.041561
-0.110220,0.393446,0.040734
-0.106257,0.392880,0.043502
-0.104772,0.392716,0.044259
-0.105395,0.394165,0.043477
-0.102877,0.392758,0.043012
-0.102368,0.393829,0.043329
-0.101913,0.393484,0.044176
-0.098077,0.393885,0.044099
-0.097628,0.392766,0.042816
-0.096014,0.390594,0.045347
-0.095655,0.392483,0.045190
-0.093755,0.392426,0.046071
-0.092972,0.392408,0.045015
-0.089543,0.393143,0.046146
-0.089033,0.392553,0.045761
-0.088625,0.394641,0.048170
-0.086892,0.393869,0.046036
-0.084689,0.392021,0.048126
-0.083743,0.393392,0.049315
-0.082438,0.393408,0.046095
-0.081609,0.394089,0.047752
-0.080530,0.392576,0.049612
-0.078795,0.392693,0.049150
-0.077618,0.391880,0.048168
-0.073816,0.394323,0.050121
-0.076498,0.391395,0.049916
-0.072043,0.394595,0.049041
-0.072393,0.393247,0.049196
-0.069029,0.391932,0.048136
-0.068975,0.391913,0.049861
-0.066991,0.391323,0.049842
-0.066148,0.391499,0.050312
-0.065423,0.391541,0.053035
-0.065379,0.394198,0.051662
-0.061692,0.393506,0.051386
-0.060283,0.391122,0.052159
-0.060260,0.392257,0.051058
-0.057290,0.392947,0.050885
-0.053786,0.392488,0.050798
-0.056804,0.392431,0.052022
-0.054655,0.390839,0.049636
-0.051716,0.392995,0.054925
-0.050083,0.391964,0.052436
-0.049776,0.391369,0.052459
-0.048960,0.391963,0.053358
-0.048216,0.392726,0.053925
-0.044662,0.393561,0.053665
-0.044589,0.392514,0.052361
-0.040952,0.395181,0.054216
-0.042135,0.391980,0.056188
-0.039378,0.392425,0.053956
-0.038695,0.393088,0.054690
-0.036765,0.390794,0.052880
-0.034981,0.392205,0.052774
-0.034765,0.392173,0.054898
-0.035129,0.392523,0.055504
-0.029951,0.391598,0.055230
-0.030913,0.390999,0.055371
-0.028571,0.392561,0.054193
-0.027073,0.393682,0.054281
-0.025431,0.392590,0.055527
-0.025656,0.393884,0.055355
-0.023075,0.392508,0.055636
-0.021346,0.392133,0.054296
-0.021317,0.392501,0.055532
-0.019571,0.391571,0.054962
-0.016105,0.392441,0.055917
-0.019511,0.393784,0.056902
-0.013705,0.393108,0.055656
-0.016686,0.392007,0.055714
-0.012886,0.391288,0.055474
-0.009839,0.392419,0.055263
-0.010441,0.392144,0.054180
-0.010070,0.390892,0.052897
-0.009367,0.392421,0.053974
-0.005932,0.391595,0.054994
-0.004609,0.394831,0.054283
-0.004623,0.392900,0.052968
-0.001922,0.391877,0.052638
-0.000619,0.393561,0.052863
0.000374,0.392675,0.051613
0.002157,0.391531,0.051792
0.003539,0.391417,0.051191
0.006036,0.392022,0.052402
0.006670,0.393122,0.052038
0.007150,0.392519,0.049219
0.007132,0.392697,0.050964
0.008911,0.392475,0.050270
0.011197,0.392286,0.048987
0.013300,0.394809,0.050132
0.014624,0.393692,0.050280
0.016676,0.392613,0.049102
0.018489,0.392986,0.050381
0.019677,0.392818,0.049793
0.019892,0.392206,0.048829
0.019583,0.393629,0.047509
0.023562,0.393470,0.047020
0.023261,0.391148,0.048702
0.028086,0.392155,0.047155
0.026414,0.392032,0.045708
0.027838,0.392859,0.045734
0.028694,0.393827,0.046383
0.030281,0.391898,0.044034
0.031625,0.393743,0.044406
0.033632,0.394755,0.043571
0.034414,0.393966,0.042604
0.035694,0.393250,0.042043
0.037992,0.394577,0.040941
0.041090,0.394687,0.041367
0.039553,0.394589,0.039511
0.040802,0.392650,0.040251
0.042538,0.392869,0.038301
0.043649,0.392916,0.038608
0.047475,0.394968,0.037937
0.047620,0.394984,0.037192
0.047976,0.394000,0.036460
0.049953,0.395863,0.034798
0.050073,0.394204,0.034244
0.052702,0.393954,0.035302
0.053774,0.393231,0.032242
0.056288,0.396348,0.030704
0.057334,0.394367,0.031748
0.056883,0.393305,0.032057
0.058657,0.392834,0.028763
0.059564,0.394754,0.028060
0.061276,0.393761,0.027986
0.063628,0.396002,0.027056
0.066298,0.395324,0.025553
0.065479,0.394919,0.025232
0.066536,0.396428,0.021677
0.069249,0.393404,0.021798
0.068543,0.395005,0.021612
0.073752,0.395357,0.020453
0.074856,0.395349,0.020236
0.072684,0.398061,0.018788
0.077570,0.394397,0.020032
0.077154,0.395195,0.017781
0.079044,0.395173,0.015470
0.078928,0.396399,0.016490
0.081287,0.395389,0.012866
0.082938,0.397121,0.012725
0.085170,0.396564,0.012315
0.086934,0.395099,0.009844
0.087972,0.397052,0.010958
0.089855,0.395920,0.007990
0.092260,0.395830,0.004607
0.090444,0.394853,0.005498
0.092390,0.398625,0.005764
0.094190,0.397185,0.003626
0.095644,0.395621,0.003563
0.096546,0.398508,0.002495
0.097327,0.397678,0.001580
0.100796,0.395956,-0.000684
0.103123,0.396808,-0.002528
0.102924,0.396775,-0.001790
0.102949,0.396753,-0.002450
0.105630,0.397864,-0.006497
0.108008,0.397911,-0.009158
0.109496,0.397465,-0.006971
0.110489,0.399210,-0.009513
0.111878,0.399145,-0.013516
0.113039,0.399976,-0.014521
0.113475,0.399420,-0.015372
0.117372,0.398924,-0.016445
0.118150,0.399570,-0.019059
0.119019,0.398272,-0.025114
0.120362,0.399731,-0.028524
0.122652,0.398967,-0.030915
-0.177436,0.403865,-0.056451
-0.177115,0.402421,-0.049144
-0.173091,0.402987,-0.041842
-0.171101,0.401926,-0.037029
-0.168771,0.400357,-0.030913
-0.167172,0.402565,-0.023420
-0.165038,0.400671,-0.014450
-0.164033,0.400471,-0.010774
-0.162755,0.399681,-0.001808
-0.160501,0.397995,0.003191
-0.158622,0.397165,0.009981
-0.156934,0.397468,0.016075
-0.156865,0.394901,0.022534
-0.154200,0.398200,0.028548
-0.150779,0.394075,0.037370
-0.150813,0.396548,0.037333
-0.148090,0.396547,0.037523
-0.147463,0.395379,0.037087
-0.147641,0.396622,0.036364
-0.143372,0.395089,0.036493
-0.144151,0.395123,0.038765
-0.143445,0.395748,0.037056
-0.140647,0.394779,0.037833
-0.140808,0.397226,0.037761
-0.135698,0.396207,0.038317
-0.136546,0.393361,0.036878
-0.135447,0.394621,0.038351
-0.134832,0.395088,0.037783
-0.132288,0.396097,0.038346
-0.130858,0.394994,0.038893
-0.129772,0.393818,0.038212
-0.128933,0.397075,0.039825
-0.127276,0.395921,0.038857
-0.124870,0.396363,0.039999
-0.122471,0.394816,0.038632
-0.121773,0.395342,0.039722
-0.122173,0.396492,0.040878
-0.120518,0.395400,0.040423
-0.119580,0.397172,0.040540
-0.116674,0.394163,0.041227
-0.116720,0.394133,0.041062
-0.113559,0.394651,0.042560
-0.114587,0.394673,0.041235
-0.111958,0.394916,0.041854
-0.110456,0.393585,0.041520
-0.107985,0.394157,0.041368
-0.105273,0.395106,0.040883
-0.105831,0.394095,0.042043
-0.106246,0.395167,0.042765
-0.104153,0.394765,0.042838
-0.101369,0.395364,0.043463
-0.100255,0.394408,0.043277
-0.098800,0.395373,0.043753
-0.099350,0.394977,0.047042
-0.095035,0.394703,0.043975
-0.095704,0.393636,0.044514
-0.093599,0.396129,0.046176
-0.091192,0.395463,0.045664
-0.091513,0.393760,0.044469
-0.090918,0.394738,0.047223
-0.088508,0.395290,0.046898
-0.087997,0.393445,0.046130
-0.084904,0.394649,0.049369
-0.084889,0.394330,0.047806
-0.082589,0.394538,0.044658
-0.081656,0.395612,0.047386
-0.078776,0.394882,0.048600
-0.078253,0.391562,0.047936
-0.077041,0.395176,0.048784
-0.076340,0.393458,0.047066
-0.075231,0.392091,0.048134
-0.073021,0.394412,0.048996
-0.070931,0.393886,0.051053
-0.070153,0.393378,0.049407
-0.069276,0.393639,0.050130
-0.067437,0.394592,0.051531
-0.065305,0.394056,0.049725
-0.063481,0.392894,0.048063
-0.063491,0.394037,0.052129
-0.062708,0.393873,0.051611
-0.060885,0.394648,0.049770
-0.059846,0.392234,0.048483
-0.059346,0.394156,0.050793
-0.057032,0.393553,0.050607
-0.055619,0.396354,0.052140
-0.055268,0.393659,0.053744
-0.052563,0.394736,0.052812
-0.052250,0.393778,0.050589
-0.048244,0.394824,0.052248
-0.048097,0.395167,0.052746
-0.045790,0.393028,0.052184
-0.046272,0.394638,0.051924
-0.043652,0.393467,0.055621
-0.041534,0.393664,0.055273
-0.042022,0.393034,0.054968
-0.038849,0.392834,0.052916
-0.039865,0.392327,0.054568
-0.038283,0.393603,0.052554
-0.035462,0.392366,0.054775
-0.036297,0.393312,0.054635
-0.034105,0.392762,0.054454
-0.032463,0.393778,0.053379
-0.030262,0.394333,0.053715
-0.029089,0.393497,0.056380
-0.028131,0.393261,0.054480
-0.026854,0.394480,0.055668
-0.024463,0.392357,0.054853
-0.025144,0.393127,0.054122
-0.022541,0.393739,0.053776
-0.021131,0.392233,0.055386
-0.020910,0.394594,0.056548
-0.019300,0.393649,0.055717
-0.016650,0.393823,0.056251
-0.014588,0.394730,0.054650
-0.013589,0.395169,0.054431
-0.013679,0.394760,0.055515
-0.013730,0.395104,0.053022
-0.009008,0.393675,0.053786
-0.006645,0.393341,0.053218
-0.008843,0.394791,0.056012
-0.006434,0.393818,0.054334
-0.003612,0.393607,0.054355
-0.004397,0.393054,0.053129
-0.001050,0.393568,0.054271
-0.000917,0.394640,0.052849
-0.000321,0.394147,0.053776
0.000868,0.394726,0.052446
0.002696,0.394264,0.052137
0.004504,0.395334,0.051333
0.006403,0.394783,0.050189
0.008177,0.394208,0.050306
0.009225,0.392727,0.051183
0.009626,0.394466,0.052013
0.011280,0.394897,0.048808
0.011982,0.395637,0.051397
0.014715,0.393223,0.049166
0.014988,0.392779,0.048000
0.016343,0.395153,0.049575
0.017531,0.395402,0.049500
0.018763,0.395845,0.047810
0.021134,0.391590,0.049122
0.022871,0.395030,0.048279
0.023621,0.394979,0.046503
0.026791,0.393532,0.046457
0.027585,0.393423,0.044542
0.026308,0.394481,0.048188
0.029221,0.395417,0.045286
0.028283,0.395155,0.044914
0.032158,0.395048,0.044230
0.031856,0.394719,0.042101
0.035754,0.394049,0.043378
0.035536,0.394623,0.042151
0.036591,0.395997,0.041197
0.039757,0.395172,0.041066
0.039051,0.395216,0.039892
0.042215,0.395234,0.040267
0.044712,0.396750,0.039137
0.043917,0.395513,0.036240
0.044734,0.394821,0.038102
0.046917,0.395299,0.036323
0.046958,0.396650,0.036618
0.050879,0.396686,0.035002
0.052281,0.395234,0.032803
0.052871,0.395688,0.032393
0.053252,0.395522,0.033485
0.054303,0.394256,0.031810
0.057833,0.394810,0.031145
0.059840,0.395245,0.030644
0.058734,0.396367,0.028487
0.060702,0.395366,0.027557
0.062722,0.394779,0.026633
0.063950,0.396830,0.026421
0.063618,0.396186,0.025116
0.067034,0.397059,0.024886
0.067299,0.395666,0.022250
0.070244,0.395239,0.022861
0.069855,0.396367,0.021562
0.072356,0.396835,0.019474
0.074752,0.397641,0.019228
0.075322,0.396653,0.017656
0.077944,0.399030,0.016683
0.077824,0.398473,0.017045
0.079557,0.399000,0.013617
0.081627,0.396183,0.012538
0.081701,0.397861,0.012986
0.084513,0.396598,0.012372
0.084577,0.395743,0.009102
0.085829,0.396546,0.008545
0.086324,0.397418,0.008896
0.088016,0.397300,0.007392
0.089589,0.399163,0.005791
0.089802,0.397751,0.005540
0.091982,0.397056,0.003892
0.095376,0.397047,0.002852
0.095538,0.398766,0.000867
0.097024,0.397187,0.002304
0.097418,0.397844,-0.001526
0.100124,0.398565,-0.003585
0.100752,0.397729,-0.001838
0.102119,0.399098,-0.002913
0.104995,0.398761,-0.005570
0.105991,0.399379,-0.006191
0.105554,0.399355,-0.007764
0.110595,0.399969,-0.008989
0.110742,0.399740,-0.012207
0.112225,0.399278,-0.013149
0.113625,0.399059,-0.014346
0.114337,0.399859,-0.016421
0.117562,0.401537,-0.018929
0.117514,0.401013,-0.022465
0.119119,0.401536,-0.025441
0.120298,0.400723,-0.027509
0.121261,0.401099,-0.028829
-0.177356,0.405873,-0.055101
-0.176283,0.404461,-0.049649
-0.173458,0.405637,-0.042675
-0.172686,0.404145,-0.034773
-0.170370,0.402483,-0.030050
-0.166433,0.402227,-0.023149
-0.166132,0.403932,-0.015315
-0.163416,0.401138,-0.008515
-0.162069,0.401267,-0.000847
-0.160573,0.399993,0.005321
-0.159305,0.399282,0.010780
-0.157546,0.397951,0.015627
-0.153293,0.399893,0.021859
-0.152641,0.397503,0.030946
-0.150441,0.397954,0.038064
-0.149355,0.397428,0.036625
-0.148765,0.397069,0.035935
-0.148699,0.395134,0.037664
-0.144531,0.398132,0.038075
-0.143586,0.397135,0.038022
-0.144103,0.397779,0.038494
-0.142786,0.396235,0.037223
-0.141208,0.398147,0.037371
-0.141243,0.396596,0.037591
-0.140851,0.396347,0.038931
-0.135936,0.397935,0.039439
-0.134622,0.397544,0.035224
-0.133357,0.394691,0.038323
-0.131103,0.398055,0.037875
-0.131795,0.397844,0.038826
-0.129205,0.398127,0.037564
-0.128079,0.396670,0.039867
-0.126602,0.399456,0.039577
-0.125020,0.397885,0.038191
-0.125491,0.396995,0.037857
-0.123230,0.396044,0.037963
-0.121762,0.397366,0.041093
-0.119751,0.396937,0.039647
-0.119763,0.396988,0.039349
-0.115977,0.395999,0.040466
-0.116153,0.396598,0.040784
-0.113597,0.397321,0.042303
-0.113759,0.396631,0.040704
-0.112755,0.396007,0.041290
-0.110737,0.395551,0.043363
-0.108304,0.395354,0.041676
-0.105809,0.396290,0.041691
-0.106226,0.395174,0.043113
-0.106264,0.399106,0.043323
-0.102956,0.394430,0.042411
-0.103025,0.395402,0.042474
-0.100186,0.396429,0.041743
-0.099196,0.396856,0.044815
-0.097741,0.395704,0.043348
-0.096839,0.396705,0.044069
-0.094521,0.396904,0.045063
-0.092921,0.394359,0.044699
-0.093528,0.396568,0.044979
-0.089931,0.396580,0.044187
-0.088767,0.395613,0.044405
-0.087160,0.397434,0.044666
-0.085685,0.397363,0.046674
-0.085466,0.395917,0.047434
-0.083978,0.395941,0.048154
-0.081995,0.396765,0.047211
-0.082134,0.395296,0.047466
-0.080997,0.395569,0.047244
-0.077874,0.395863,0.048533
-0.076350,0.395202,0.046213
-0.074666,0.395311,0.047617
-0.076687,0.395643,0.046094
-0.072546,0.395948,0.049637
-0.072545,0.396585,0.048199
-0.069879,0.393480,0.048604
-0.066529,0.395418,0.049273
-0.068294,0.393363,0.051113
-0.066293,0.395156,0.049979
-0.065128,0.394841,0.050124
-0.063311,0.395510,0.050695
-0.063895,0.398385,0.048565
-0.058764,0.396494,0.050697
-0.060925,0.393833,0.050170
-0.059042,0.394646,0.051203
-0.056061,0.395272,0.051129
-0.054644,0.395930,0.051691
-0.052041,0.396229,0.052260
-0.053164,0.396316,0.051270
-0.050375,0.395699,0.052520
-0.051814,0.396161,0.053124
-0.048669,0.396155,0.054960
-0.045848,0.394161,0.052725
-0.045760,0.395768,0.054454
-0.043445,0.397496,0.053447
-0.042856,0.396391,0.052155
-0.041213,0.396421,0.053784
-0.039449,0.395203,0.054405
-0.038333,0.395064,0.052714
-0.037109,0.395770,0.053054
-0.035273,0.394997,0.052345
-0.036270,0.394771,0.055051
-0.034184,0.395092,0.056294
-0.034279,0.395259,0.054230
-0.031987,0.395540,0.052678
-0.027785,0.394045,0.054048
-0.026889,0.395668,0.054645
-0.026803,0.395387,0.055170
-0.024652,0.394768,0.054013
-0.025969,0.396834,0.053988
-0.021300,0.397235,0.053774
-0.021666,0.395071,0.055109
-0.019379,0.396693,0.053419
-0.017460,0.395162,0.054837
-0.017918,0.396334,0.052727
-0.015973,0.397118,0.054952
-0.014485,0.394234,0.054990
-0.012639,0.394355,0.054630
-0.010278,0.394031,0.054087
-0.010742,0.395646,0.054293
-0.008510,0.395451,0.055902
-0.008261,0.396170,0.052952
-0.005784,0.396178,0.053383
-0.005789,0.394189,0.052382
-0.002032,0.394792,0.053763
-0.003004,0.397469,0.053427
-0.000155,0.395816,0.052347
0.000325,0.394918,0.052993
0.000885,0.395385,0.051884
0.004578,0.395328,0.049839
0.005327,0.395123,0.051811
0.006961,0.395058,0.050446
0.005865,0.396130,0.052339
0.009743,0.396282,0.050196
0.010580,0.395750,0.049680
0.011324,0.395344,0.052231
0.013000,0.395651,0.049094
0.014425,0.396558,0.049150
0.015563,0.396640,0.048219
0.019091,0.396765,0.049155
0.018825,0.395550,0.047344
0.019051,0.395923,0.047181
0.019832,0.395741,0.046186
0.021654,0.396620,0.046733
0.024770,0.396663,0.047959
0.025479,0.396276,0.044540
0.026184,0.396726,0.047385
0.027064,0.395559,0.046023
0.028708,0.395824,0.044200
0.032588,0.395990,0.044464
0.032003,0.397852,0.044004
0.032939,0.397750,0.042521
0.035420,0.395359,0.041313
0.034721,0.398109,0.042220
0.038482,0.398604,0.040752
0.040283,0.396720,0.040444
0.041621,0.398217,0.039952
0.039818,0.396814,0.038018
0.042602,0.396744,0.036996
0.044687,0.398295,0.037995
0.046757,0.397677,0.034525
0.046800,0.396908,0.037252
0.047527,0.398822,0.033806
0.050379,0.398693,0.033058
0.054487,0.398251,0.032925
0.050444,0.397886,0.031907
0.054964,0.397050,0.030698
0.056242,0.398504,0.031881
0.058355,0.397179,0.030591
0.058583,0.398099,0.028528
0.061531,0.398036,0.027843
0.060749,0.398239,0.026119
0.062885,0.398655,0.024931
0.062428,0.397768,0.026295
0.065150,0.396932,0.023200
0.066332,0.397748,0.024747
0.068937,0.396831,0.021887
0.067954,0.399779,0.019635
0.070350,0.395776,0.020141
0.073152,0.397545,0.020895
0.072275,0.399553,0.019379
0.073202,0.398726,0.017400
0.077762,0.398191,0.015597
0.079571,0.396729,0.015614
0.077939,0.399313,0.012858
0.081091,0.398500,0.014683
0.081303,0.400442,0.012392
0.084123,0.399050,0.009824
0.086267,0.400167,0.010066
0.087809,0.398099,0.009207
0.086374,0.399633,0.007366
0.090892,0.399525,0.006745
0.089635,0.399847,0.007329
0.092328,0.398670,0.006128
0.092235,0.400023,0.003468
0.094787,0.401374,0.003410
0.096222,0.398559,0.000874
0.097108,0.400036,-0.000229
0.098877,0.400232,-0.002346
0.100776,0.401779,-0.002132
0.101978,0.400682,-0.004504
0.103989,0.400763,-0.005220
0.103392,0.400873,-0.005085
0.106541,0.400436,-0.007257
0.106214,0.400486,-0.009630
0.111017,0.401070,-0.012041
0.109675,0.402379,-0.012675
0.108823,0.402828,-0.014772
0.112727,0.402110,-0.014739
0.112986,0.400935,-0.016811
0.115648,0.401618,-0.019557
0.117268,0.401151,-0.019941
0.119892,0.402103,-0.026002
0.120601,0.403158,-0.028717
0.121782,0.402929,-0.031013
-0.179665,0.406837,-0.063027
-0.177335,0.407044,-0.051452
-0.172323,0.407179,-0.048473
-0.173231,0.405997,-0.041316
-0.171029,0.404492,-0.031739
-0.170304,0.404439,-0.026950
-0.167864,0.404054,-0.020627
-0.165621,0.402990,-0.014906
-0.163541,0.402968,-0.008800
-0.163427,0.401285,-0.000435
-0.162085,0.400588,0.005739
-0.160083,0.400665,0.012055
-0.158966,0.400689,0.018311
-0.155568,0.399822,0.028507
-0.155097,0.399938,0.031515
-0.151766,0.399104,0.038944
-0.151589,0.398133,0.036029
-0.148406,0.398663,0.036790
-0.148703,0.398875,0.038857
-0.144964,0.396469,0.036769
-0.145385,0.397998,0.038333
-0.141799,0.398520,0.036777
-0.141524,0.398461,0.038193
-0.138851,0.397752,0.037354
-0.139920,0.399191,0.036740
-0.137331,0.397469,0.037489
-0.134794,0.398177,0.037517
-0.134995,0.398179,0.038820
-0.134064,0.398426,0.037379
-0.132126,0.397331,0.039429
-0.132621,0.397461,0.038016
-0.129706,0.398581,0.038310
-0.126710,0.399175,0.037113
-0.127600,0.398486,0.037855
-0.125934,0.399072,0.037569
-0.122274,0.397769,0.039408
-0.122499,0.397366,0.038250
-0.118924,0.400685,0.035972
-0.120554,0.396580,0.040268
-0.117085,0.396837,0.038680
-0.117279,0.399142,0.040341
-0.116219,0.398056,0.040018
-0.112797,0.400145,0.039768
-0.112170,0.397438,0.040539
-0.110622,0.398142,0.039551
-0.111116,0.399091,0.041752
-0.107467,0.396660,0.039460
-0.107261,0.397616,0.040732
-0.106393,0.398092,0.043384
-0.104217,0.398244,0.043717
-0.103406,0.397430,0.043999
-0.102565,0.397568,0.041219
-0.101741,0.397709,0.042797
-0.098734,0.397742,0.043546
-0.095535,0.396745,0.043233
-0.095894,0.399637,0.044067
-0.096505,0.397573,0.043800
-0.092934,0.396828,0.046747
-0.092391,0.395900,0.042782
-0.090189,0.396269,0.045051
-0.090788,0.399361,0.044833
-0.088361,0.397380,0.047631
-0.086952,0.397115,0.045877
-0.085809,0.396896,0.045030
-0.083461,0.399370,0.047465
-0.082048,0.399336,0.044772
-0.083004,0.397952,0.045634
-0.079856,0.397849,0.046967
-0.078530,0.397985,0.049226
-0.077696,0.398278,0.047954
-0.076947,0.396664,0.048350
-0.073611,0.398658,0.049331
-0.072466,0.397684,0.047143
-0.071849,0.397339,0.047088
-0.070038,0.397965,0.048823
-0.069208,0.397529,0.049216
-0.067941,0.396597,0.047974
-0.066272,0.398961,0.049154
-0.063359,0.396555,0.050196
-0.063300,0.397417,0.048800
-0.061321,0.393742,0.050200
-0.057836,0.394730,0.049356
-0.058375,0.396632,0.050557
-0.058702,0.397141,0.050891
-0.056201,0.398153,0.051142
-0.054472,0.397630,0.050417
-0.054106,0.397289,0.050397
-0.052521,0.398755,0.053060
-0.050377,0.397539,0.050930
-0.050413,0.397670,0.052678
-0.047835,0.399015,0.053034
-0.046741,0.396917,0.051841
-0.047868,0.398466,0.051747
-0.044978,0.398419,0.053411
-0.043519,0.396624,0.051133
-0.041009,0.396713,0.053327
-0.039780,0.396820,0.052813
-0.039322,0.395297,0.052705
-0.037411,0.396890,0.055188
-0.037456,0.397025,0.054310
-0.032894,0.397729,0.053859
-0.032077,0.399449,0.053031
-0.031651,0.395904,0.055475
-0.031875,0.397801,0.052660
-0.030550,0.396457,0.053183
-0.027415,0.396863,0.054999
-0.024807,0.397116,0.052544
-0.024025,0.396137,0.057173
-0.024423,0.398070,0.053141
-0.021570,0.397166,0.053673
-0.020152,0.397993,0.053370
-0.019898,0.396519,0.055617
-0.018361,0.395837,0.053174
-0.017347,0.395901,0.054418
-0.016073,0.396867,0.053565
-0.014280,0.396787,0.054073
-0.011851,0.396740,0.052874
-0.011634,0.396566,0.053132
-0.009174,0.397482,0.052733
-0.008690,0.398098,0.053960
-0.006680,0.396712,0.053436
-0.006327,0.397758,0.051704
-0.002195,0.398863,0.053239
-0.004033,0.396201,0.052908
-0.001924,0.399248,0.050530
-0.000217,0.396998,0.052456
0.000803,0.396374,0.050899
0.001498,0.396826,0.051618
0.002930,0.398541,0.050083
0.005824,0.397838,0.049767
0.006974,0.397165,0.049699
0.008940,0.398267,0.050238
0.008401,0.396899,0.048962
0.010348,0.396533,0.051096
0.011359,0.396299,0.050401
0.013796,0.395876,0.050959
0.014964,0.396110,0.047936
0.014411,0.397127,0.049456
0.017221,0.397462,0.048600
0.017777,0.398950,0.046769
0.020648,0.397651,0.046582
0.021864,0.398719,0.047563
0.022695,0.398707,0.047008
0.023249,0.398460,0.047499
0.025421,0.398400,0.044661
0.029113,0.397950,0.046088
0.028721,0.398300,0.043432
0.028261,0.398785,0.043663
0.030530,0.398136,0.043028
0.032779,0.397032,0.042623
0.034214,0.398103,0.041943
0.034342,0.396795,0.040214
0.034571,0.398624,0.042152
0.037174,0.397557,0.039770
0.039657,0.398508,0.040357
0.040689,0.397915,0.040876
0.040569,0.399217,0.038521
0.044226,0.398069,0.036652
0.044188,0.399638,0.036602
0.046189,0.398410,0.034596
0.046578,0.398386,0.035562
0.049571,0.398219,0.034745
0.048701,0.398587,0.033699
0.050803,0.399337,0.030254
0.051606,0.398332,0.032087
0.053731,0.397836,0.032767
0.054990,0.400126,0.027141
0.058016,0.398675,0.027509
0.057170,0.398676,0.027434
0.058652,0.399443,0.029531
0.061004,0.399073,0.026998
0.063182,0.398559,0.024577
0.063328,0.400356,0.023807
0.065407,0.399467,0.024007
0.068385,0.400398,0.023233
0.069612,0.399094,0.021931
0.068487,0.400569,0.020996
0.070912,0.398675,0.020944
0.071263,0.400849,0.017358
0.074505,0.400689,0.017662
0.074556,0.400581,0.017446
0.076831,0.399821,0.015110
0.078300,0.400936,0.014060
0.080155,0.402380,0.012284
0.081738,0.399498,0.012827
0.082053,0.401476,0.010559
0.082774,0.401737,0.009412
0.084559,0.400682,0.008424
0.087440,0.401116,0.008097
0.088942,0.402910,0.005399
0.088768,0.401671,0.008099
0.089924,0.400948,0.005607
0.091350,0.401273,0.003766
0.092968,0.401577,0.003288
0.093571,0.401677,-0.000021
0.094853,0.401697,0.001263
0.097123,0.403496,-0.001665
0.099948,0.401287,-0.000095
0.100343,0.401794,-0.003181
0.102573,0.402444,-0.005674
0.103322,0.404985,-0.006280
0.104337,0.402444,-0.005678
0.105441,0.403846,-0.007316
0.106682,0.401945,-0.009643
0.111185,0.402447,-0.012143
0.110497,0.402680,-0.013206
0.111035,0.402282,-0.014258
0.112349,0.402464,-0.017027
0.113676,0.403078,-0.018612
0.116493,0.404020,-0.019407
0.116549,0.404181,-0.023280
0.119554,0.403422,-0.025905
0.120842,0.405182,-0.030155
0.120928,0.403726,-0.031007
-0.177976,0.407960,-0.059203
-0.177202,0.408233,-0.054316
-0.174777,0.407553,-0.046776
-0.173653,0.407510,-0.037158
-0.170909,0.407309,-0.033638
-0.169594,0.406115,-0.026287
-0.167177,0.405713,-0.016971
-0.166507,0.404845,-0.012583
-0.163782,0.404527,-0.005507
-0.161776,0.401136,0.001804
-0.160405,0.401687,0.005690
-0.158743,0.402217,0.013167
-0.157374,0.401702,0.019359
-0.154427,0.399694,0.025719
-0.151780,0.401195,0.033667
-0.150581,0.399424,0.035247
-0.149812,0.400913,0.039305
-0.149854,0.399638,0.037576
-0.148443,0.399557,0.036352
-0.144410,0.401998,0.037304
-0.144628,0.399685,0.036516
-0.142974,0.399697,0.037126
-0.141743,0.400378,0.038346
-0.140880,0.399232,0.036698
-0.139321,0.401212,0.037982
-0.137253,0.399589,0.036279
-0.135572,0.399895,0.036689
-0.135584,0.399343,0.039353
-0.134245,0.399840,0.038048
-0.131290,0.397074,0.038730
-0.130475,0.399165,0.036589
-0.130897,0.398938,0.036604
-0.126540,0.401012,0.038704
-0.125628,0.399489,0.038299
-0.125457,0.400186,0.038430
-0.123121,0.399125,0.038073
-0.124496,0.401646,0.038881
-0.121050,0.401292,0.037887
-0.118833,0.399758,0.038132
-0.117930,0.399409,0.040476
-0.116652,0.400607,0.040106
-0.115977,0.400735,0.039655
-0.114821,0.399401,0.040172
-0.112810,0.400451,0.038819
-0.112695,0.398467,0.039211
-0.112544,0.398926,0.040413
-0.108641,0.400041,0.041067
-0.106728,0.399642,0.042354
-0.106174,0.399752,0.043009
-0.105409,0.401417,0.041391
-0.103705,0.398496,0.041971
-0.100240,0.398884,0.043249
-0.102435,0.398570,0.042235
-0.100243,0.399423,0.044239
-0.098722,0.401701,0.041677
-0.095819,0.399961,0.043278
-0.094205,0.400179,0.042741
-0.093751,0.399997,0.044403
-0.092266,0.400790,0.043992
-0.089569,0.400463,0.044569
-0.089167,0.399835,0.043617
-0.088886,0.399781,0.043522
-0.086058,0.399094,0.045533
-0.086520,0.398679,0.047019
-0.084755,0.398464,0.046074
-0.082925,0.399171,0.044679
-0.080718,0.400506,0.045840
-0.077462,0.400102,0.047476
-0.078660,0.398569,0.047384
-0.076224,0.399538,0.046396
-0.074604,0.399264,0.046833
-0.074871,0.398829,0.049114
-0.073173,0.400448,0.047866
-0.073217,0.397931,0.047183
-0.068242,0.399703,0.047656
-0.068822,0.398870,0.048136
-0.066521,0.398551,0.049922
-0.066100,0.398913,0.046614
-0.065050,0.398936,0.048256
-0.063909,0.400018,0.049134
-0.062329,0.398548,0.048420
-0.060718,0.399376,0.047768
-0.060194,0.397223,0.046194
-0.057224,0.399761,0.049303
-0.056366,0.397869,0.051154
-0.056085,0.399282,0.049632
-0.053318,0.397828,0.052177
-0.054147,0.397731,0.048731
-0.049383,0.399447,0.052636
-0.050831,0.398746,0.052833
-0.046800,0.400350,0.051122
-0.047876,0.396251,0.050081
-0.045532,0.399177,0.053009
-0.045809,0.399429,0.054965
-0.043864,0.399413,0.052801
-0.039818,0.398254,0.052753
-0.040013,0.399324,0.053625
-0.038541,0.398455,0.052108
-0.036734,0.398595,0.051021
-0.035587,0.397671,0.054609
-0.033781,0.398565,0.052714
-0.034027,0.398802,0.052192
-0.031114,0.400152,0.053016
-0.030858,0.397090,0.054355
-0.029583,0.398257,0.052472
-0.026892,0.398474,0.053827
-0.025652,0.398876,0.053638
-0.024525,0.399023,0.055440
-0.023047,0.399797,0.053278
-0.023114,0.399647,0.055187
-0.020741,0.399293,0.056449
-0.019044,0.399035,0.054743
-0.019814,0.398976,0.054199
-0.017365,0.397406,0.054448
-0.014421,0.397533,0.054754
-0.015036,0.398755,0.052378
-0.012801,0.399820,0.053279
-0.010540,0.397531,0.051792
-0.011550,0.400365,0.052597
-0.009674,0.398956,0.053111
-0.008590,0.400221,0.052107
-0.006089,0.398463,0.051893
-0.005008,0.399400,0.053452
-0.003409,0.399010,0.051100
-0.001263,0.398331,0.052794
-0.000485,0.399096,0.049598
0.001829,0.398623,0.050207
0.002413,0.399407,0.052270
0.002565,0.398968,0.049202
0.004134,0.399323,0.050486
0.005411,0.399504,0.049891
0.008238,0.399939,0.050299
0.009626,0.399689,0.049582
0.009034,0.399901,0.047949
0.013498,0.397040,0.050872
0.012786,0.400108,0.049399
0.016291,0.399144,0.048445
0.015744,0.399231,0.048676
0.016416,0.398638,0.049678
0.019431,0.401637,0.048132
0.020302,0.399686,0.046016
0.021021,0.399119,0.045626
0.022107,0.399043,0.044119
0.024881,0.398722,0.044997
0.025293,0.397370,0.044544
0.026432,0.399229,0.045707
0.028932,0.399112,0.045054
0.031123,0.399684,0.044406
0.031177,0.399316,0.043321
0.032910,0.399877,0.044742
0.034695,0.398517,0.041045
0.034673,0.400292,0.041780
0.036060,0.398940,0.041642
0.036247,0.399526,0.040446
0.037147,0.399825,0.038817
0.039232,0.402112,0.038343
0.040808,0.399806,0.035063
0.044855,0.400771,0.035952
0.045425,0.399089,0.035648
0.046500,0.399901,0.034699
0.048195,0.400876,0.034954
0.048876,0.399329,0.033092
0.049147,0.399812,0.032073
0.051195,0.399108,0.030467
0.053836,0.399023,0.030865
0.054350,0.399756,0.029276
0.055692,0.400277,0.027957
0.057174,0.400963,0.027869
0.058291,0.398689,0.027078
0.059865,0.401963,0.026404
0.061947,0.401780,0.024344
0.061845,0.401564,0.024379
0.064368,0.400260,0.023310
0.063606,0.401332,0.022477
0.065145,0.403121,0.021493
0.066527,0.401291,0.021994
0.069967,0.402959,0.019258
0.069316,0.400599,0.019134
0.072627,0.401660,0.017573
0.072622,0.402490,0.016406
0.076579,0.400302,0.015104
0.075727,0.401977,0.015002
0.079110,0.400610,0.014231
0.079571,0.403597,0.013579
0.080594,0.401636,0.010453
0.083455,0.400690,0.010718
0.085476,0.401783,0.009073
0.083857,0.403737,0.006763
0.086634,0.403559,0.008057
0.088130,0.403500,0.006102
0.088611,0.403440,0.005881
0.089078,0.404303,0.006500
0.092171,0.403641,0.004159
0.092761,0.401236,0.001441
0.096260,0.403636,0.000677
0.095184,0.404490,0.000920
0.096502,0.403513,-0.001149
0.100367,0.404662,-0.001996
0.100275,0.403930,-0.002673
0.102582,0.405143,-0.006164
0.102360,0.403225,-0.005494
0.105038,0.403116,-0.008366
0.105433,0.404476,-0.009967
0.106355,0.404974,-0.011200
0.109004,0.404692,-0.011092
0.109386,0.405190,-0.014420
0.111474,0.404703,-0.014386
0.113616,0.405799,-0.016021
0.114513,0.404590,-0.017711
0.116351,0.404904,-0.021293
0.117142,0.405661,-0.020103
0.120007,0.404275,-0.026571
0.119908,0.406550,-0.028947
0.122317,0.406311,-0.033200
0.124816,0.405851,-0.036546
-0.180814,0.410182,-0.056751
-0.175632,0.410108,-0.052026
-0.176056,0.408298,-0.044215
-0.172363,0.410185,-0.037627
-0.172022,0.407441,-0.030093
-0.168245,0.405189,-0.024302
-0.168859,0.406650,-0.018051
-0.166990,0.408825,-0.012060
-0.164229,0.406237,-0.003015
-0.162303,0.404988,0.002083
-0.159747,0.402063,0.009399
-0.159051,0.405148,0.015200
-0.157488,0.404420,0.021450
-0.154650,0.402747,0.029231
-0.153224,0.402436,0.035444
-0.150470,0.401154,0.036870
-0.150306,0.402658,0.037296
-0.149175,0.401768,0.035096
-0.149675,0.400997,0.037507
-0.146873,0.400192,0.037253
-0.144497,0.401869,0.037095
-0.144463,0.401672,0.036406
-0.142535,0.402681,0.038686
-0.140180,0.403131,0.037967
-0.140386,0.400523,0.036524
-0.137043,0.404305,0.037156
-0.136531,0.402559,0.037306
-0.136710,0.402622,0.036058
-0.133632,0.401489,0.037057
-0.132197,0.403165,0.037654
-0.131224,0.403925,0.036415
-0.129597,0.400800,0.037386
-0.129620,0.399499,0.037491
-0.126830,0.400567,0.037858
-0.125660,0.400355,0.038453
-0.124197,0.402338,0.036150
-0.122700,0.401421,0.038886
-0.122007,0.401256,0.039354
-0.120062,0.402892,0.039106
-0.117628,0.403112,0.038541
-0.116936,0.400861,0.038734
-0.116360,0.400599,0.038073
-0.113673,0.403404,0.038189
-0.113245,0.403429,0.039189
-0.112063,0.401425,0.040819
-0.108027,0.400663,0.040747
-0.106993,0.401401,0.038825
-0.107231,0.400180,0.039827
-0.106456,0.400933,0.039341
-0.105740,0.401308,0.040036
-0.102440,0.401775,0.038901
-0.103953,0.401823,0.042215
-0.100569,0.401075,0.041518
-0.100111,0.400685,0.041779
-0.096660,0.400221,0.042465
-0.097803,0.400075,0.040862
-0.095427,0.400419,0.042495
-0.093827,0.400800,0.044471
-0.093308,0.400577,0.042429
-0.089431,0.402354,0.045327
-0.088027,0.400864,0.045388
-0.087635,0.401740,0.044826
-0.086789,0.402270,0.044589
-0.086439,0.401235,0.044119
-0.085967,0.401187,0.044305
-0.081448,0.400949,0.044674
-0.079186,0.400990,0.045332
-0.080156,0.399671,0.045713
-0.076953,0.400576,0.045942
-0.077544,0.400109,0.045450
-0.075374,0.402251,0.045354
-0.074175,0.401020,0.047433
-0.071421,0.402598,0.046396
-0.072322,0.401718,0.047292
-0.072090,0.400557,0.047165
-0.069669,0.399688,0.049442
-0.067214,0.401328,0.049139
-0.066093,0.399919,0.048136
-0.066903,0.400328,0.049507
-0.064222,0.399893,0.048487
-0.061956,0.401952,0.050066
-0.060587,0.399441,0.049502
-0.058070,0.401547,0.049576
-0.057996,0.401713,0.051449
-0.055304,0.398862,0.050338
-0.052343,0.399960,0.051686
-0.052382,0.399956,0.050963
-0.052237,0.400193,0.052519
-0.049515,0.397578,0.051154
-0.048510,0.401468,0.050903
-0.049339,0.401544,0.051369
-0.046477,0.398965,0.051671
-0.045420,0.400428,0.050876
-0.043438,0.400829,0.051411
-0.043448,0.400482,0.051144
-0.041436,0.400282,0.052354
-0.039951,0.400826,0.053747
-0.038376,0.402259,0.053556
-0.038256,0.398454,0.051853
-0.036998,0.399996,0.053624
-0.033096,0.400903,0.055624
-0.033882,0.400482,0.050880
-0.031317,0.400763,0.052581
-0.029863,0.400587,0.053033
-0.026738,0.400974,0.053480
-0.029864,0.400089,0.052425
-0.027493,0.398305,0.053865
-0.025854,0.400572,0.052686
-0.024143,0.399684,0.054113
-0.023076,0.400596,0.053453
-0.021060,0.401438,0.052899
-0.020969,0.401579,0.052650
-0.018336,0.401829,0.053729
-0.017808,0.400250,0.053309
-0.016868,0.400701,0.052734
-0.013484,0.401286,0.052420
-0.013468,0.400363,0.052225
-0.011630,0.398470,0.050875
-0.010800,0.399894,0.053235
-0.007992,0.398571,0.052025
-0.010218,0.400444,0.053270
-0.006227,0.402633,0.052716
-0.003605,0.400807,0.052595
-0.005223,0.401873,0.051605
-0.001180,0.398075,0.050707
-0.001683,0.399458,0.049822
0.002527,0.399926,0.049737
0.001879,0.400467,0.050535
0.002013,0.401146,0.050036
0.003877,0.399942,0.047997
0.006577,0.400815,0.051308
0.007679,0.399940,0.049396
0.009236,0.400520,0.048255
0.009851,0.398902,0.048213
0.014419,0.400845,0.048438
0.011507,0.401084,0.046841
0.016877,0.398862,0.047260
0.014202,0.402223,0.046565
0.016627,0.400947,0.047375
0.019534,0.399719,0.045305
0.020464,0.400441,0.045594
0.020539,0.401126,0.044994
0.023121,0.400840,0.044332
0.023542,0.400008,0.045658
0.024627,0.400346,0.043766
0.026508,0.400612,0.044060
0.026374,0.401507,0.043744
0.028408,0.401831,0.043206
0.029300,0.402623,0.044167
0.032374,0.399707,0.040255
0.035018,0.401745,0.041366
0.034551,0.400270,0.041877
0.036762,0.401979,0.038224
0.037992,0.402246,0.039676
0.039792,0.400336,0.038167
0.041926,0.402069,0.037546
0.042697,0.400264,0.037167
0.041856,0.402900,0.036712
0.043251,0.401367,0.034418
0.044994,0.401689,0.034163
0.046936,0.401927,0.033585
0.049812,0.400785,0.031431
0.049822,0.402234,0.029623
0.051420,0.401985,0.031724
0.053122,0.403072,0.030414
0.054576,0.401664,0.029591
0.055731,0.401956,0.030063
0.055993,0.403986,0.026805
0.058028,0.402568,0.028643
0.059551,0.402994,0.024402
0.061094,0.404072,0.025570
0.064314,0.401898,0.024460
0.062494,0.402386,0.023041
0.066941,0.401260,0.022790
0.066959,0.402855,0.021226
0.067665,0.403789,0.019207
0.069908,0.404117,0.020446
0.070736,0.405000,0.017180
0.071220,0.403030,0.017437
0.073629,0.403228,0.016926
0.075722,0.404941,0.016967
0.075630,0.402926,0.014622
0.076868,0.402177,0.013555
0.077451,0.402403,0.011476
0.079725,0.402849,0.012087
0.081007,0.406225,0.010170
0.082943,0.404402,0.010525
0.084758,0.404736,0.009468
0.086664,0.404033,0.007670
0.086198,0.401675,0.007806
0.088668,0.403684,0.005515
0.090231,0.404998,0.004939
0.092737,0.407673,0.003403
0.093224,0.404895,0.002438
0.094486,0.406077,0.000128
0.096177,0.404538,0.000313
0.096456,0.404584,-0.000559
0.098159,0.406305,-0.001958
0.101863,0.406006,-0.004050
0.102319,0.404975,-0.005870
0.103876,0.406888,-0.005605
0.104999,0.407396,-0.008068
0.105114,0.405249,-0.010221
0.108001,0.405828,-0.010288
0.109152,0.406750,-0.012936
0.112374,0.407828,-0.012446
0.111387,0.406587,-0.014981
0.112366,0.407208,-0.016989
0.113409,0.406208,-0.018763
0.118831,0.407087,-0.019497
0.117718,0.407092,-0.021535
0.116955,0.408833,-0.024579
0.120268,0.406905,-0.029658
0.122450,0.408868,-0.031525
0.124631,0.409935,-0.033974
-0.180429,0.412580,-0.056068
-0.177191,0.410541,-0.048596
-0.175598,0.409710,-0.041930
-0.171556,0.408703,-0.037415
-0.171519,0.409915,-0.029697
-0.169341,0.408474,-0.022520
-0.166549,0.408587,-0.015107
-0.164364,0.406608,-0.009347
-0.163584,0.408750,-0.003913
-0.162853,0.405534,0.003781
-0.160117,0.405163,0.009669
-0.158839,0.403949,0.016682
-0.157031,0.404022,0.023606
-0.154938,0.405466,0.028378
-0.153233,0.404577,0.035206
-0.151233,0.403746,0.036554
-0.151602,0.403934,0.039053
-0.147903,0.404102,0.037624
-0.146413,0.403017,0.037961
-0.145294,0.403478,0.037624
-0.144941,0.403715,0.035644
-0.142981,0.405452,0.036776
-0.143971,0.403656,0.038336
-0.140995,0.403075,0.036656
-0.138605,0.404790,0.037614
-0.136835,0.402295,0.036044
-0.136668,0.402921,0.037014
-0.135112,0.401606,0.034725
-0.133801,0.403271,0.036779
-0.131133,0.402343,0.037192
-0.131041,0.401793,0.036709
-0.130537,0.403627,0.037280
-0.128907,0.402826,0.035244
-0.128351,0.404761,0.038100
-0.126593,0.403574,0.036874
-0.125507,0.403435,0.036653
-0.122608,0.403880,0.039447
-0.121198,0.402853,0.037436
-0.119549,0.402332,0.039492
-0.120797,0.402292,0.037463
-0.116927,0.402678,0.038325
-0.116628,0.403802,0.038915
-0.113267,0.403001,0.038261
-0.111988,0.402876,0.040076
-0.111486,0.404212,0.037193
-0.110514,0.402632,0.041416
-0.111309,0.404096,0.038381
-0.108250,0.401976,0.039182
-0.104697,0.403616,0.040049
-0.105931,0.404638,0.039986
-0.103448,0.401446,0.041929
-0.102796,0.401631,0.039466
-0.101582,0.402716,0.040495
-0.095920,0.402170,0.041828
-0.096962,0.401910,0.042785
-0.096812,0.402416,0.040957
-0.095023,0.401829,0.040915
-0.093750,0.401976,0.043676
-0.092518,0.403116,0.043372
-0.092239,0.401210,0.045119
-0.088598,0.402787,0.042775
-0.089943,0.403168,0.045995
-0.086150,0.402066,0.043948
-0.085920,0.403398,0.044127
-0.084806,0.401792,0.044967
-0.082549,0.402471,0.044070
-0.082437,0.402988,0.044884
-0.080860,0.402525,0.044793
-0.079073,0.403190,0.044707
-0.077336,0.404447,0.045315
-0.076882,0.401618,0.045331
-0.076337,0.402259,0.045904
-0.073111,0.402255,0.046580
-0.071491,0.402622,0.047786
-0.071011,0.401153,0.047668
-0.070615,0.402775,0.047629
-0.066932,0.402833,0.047429
-0.065701,0.402363,0.046635
-0.065151,0.402290,0.049121
-0.062464,0.400731,0.047054
-0.063326,0.401796,0.049402
-0.060527,0.400576,0.047535
-0.059080,0.403443,0.047272
-0.058547,0.402530,0.048652
-0.056213,0.403974,0.048544
-0.052513,0.404104,0.051021
-0.055163,0.401376,0.051122
-0.052532,0.401556,0.048238
-0.050901,0.402298,0.049218
-0.049840,0.401230,0.049285
-0.046733,0.404160,0.049968
-0.047084,0.402760,0.050439
-0.045982,0.404604,0.051642
-0.043769,0.402653,0.051726
-0.040865,0.401530,0.051979
-0.040793,0.402465,0.051900
-0.037998,0.401311,0.050285
-0.039346,0.400118,0.052710
-0.038190,0.401998,0.051462
-0.036037,0.402145,0.052257
-0.034526,0.402456,0.051823
-0.032243,0.401527,0.053785
-0.030987,0.399836,0.052818
-0.029902,0.402731,0.053810
-0.029865,0.399559,0.054528
-0.027391,0.401817,0.053473
-0.025647,0.401969,0.053416
-0.025443,0.402854,0.052012
-0.023730,0.403588,0.052621
-0.021905,0.401073,0.054474
-0.021250,0.401987,0.051366
-0.021570,0.401392,0.051057
-0.017401,0.400622,0.054305
-0.016496,0.402418,0.051759
-0.014962,0.401731,0.053062
-0.014116,0.401104,0.051793
-0.013212,0.401324,0.054100
-0.012746,0.402475,0.052423
-0.010579,0.400501,0.051219
-0.009375,0.401565,0.053239
-0.007181,0.401642,0.052179
-0.004675,0.402444,0.050842
-0.005039,0.402355,0.051471
-0.002458,0.400965,0.052377
-0.001792,0.404020,0.051216
-0.001451,0.403281,0.049386
0.001170,0.403319,0.049947
0.002136,0.401201,0.052516
0.002956,0.402130,0.049858
0.004856,0.402330,0.048423
0.006107,0.401763,0.048793
0.007192,0.402243,0.049353
0.009996,0.402094,0.049041
0.009900,0.404510,0.048622
0.014000,0.404492,0.046751
0.014460,0.403172,0.046809
0.014310,0.402207,0.047644
0.016556,0.403191,0.046268
0.020297,0.401855,0.045215
0.016875,0.402520,0.045187
0.020176,0.402811,0.044591
0.021409,0.403362,0.045372
0.021627,0.401683,0.043497
0.023979,0.403130,0.044594
0.025595,0.403580,0.043499
0.027288,0.403058,0.042951
0.027759,0.402688,0.040998
0.027666,0.402405,0.040520
0.030961,0.402761,0.041748
0.033489,0.404493,0.041173
0.034405,0.403597,0.040397
0.034693,0.402337,0.038967
0.035733,0.403941,0.038034
0.038057,0.402924,0.036544
0.040552,0.403777,0.038532
0.040054,0.402420,0.034552
0.043640,0.403593,0.036674
0.044249,0.403429,0.035187
0.042470,0.401648,0.032516
0.043033,0.403474,0.033296
0.046354,0.403597,0.032382
0.048305,0.403004,0.030030
0.050992,0.402845,0.031028
0.052128,0.404561,0.030454
0.054846,0.404993,0.029890
0.053949,0.403307,0.027490
0.055707,0.405690,0.028103
0.056413,0.404921,0.027244
0.058935,0.403236,0.027255
0.059351,0.405894,0.025732
0.061709,0.404651,0.022472
0.062081,0.404412,0.022986
0.064395,0.403435,0.021060
0.065615,0.405241,0.020794
0.064856,0.402993,0.020088
0.069055,0.405226,0.019967
0.071133,0.406261,0.019758
0.071904,0.405478,0.017535
0.070650,0.404731,0.016690
0.074663,0.405365,0.016288
0.075960,0.404959,0.013495
0.074728,0.405668,0.014149
0.077837,0.405779,0.012827
0.077282,0.405644,0.008429
0.079863,0.405017,0.008925
0.079944,0.405123,0.011386
0.084005,0.407864,0.007714
0.085996,0.405172,0.007677
0.087785,0.405868,0.006655
0.087285,0.405022,0.004414
0.089041,0.406669,0.004971
0.090494,0.405987,0.003137
0.093429,0.406281,0.003494
0.093814,0.406313,0.000110
0.092465,0.406651,-0.000111
0.096276,0.407070,-0.002054
0.096501,0.408067,-0.002250
0.099048,0.406107,-0.003541
0.099179,0.406548,-0.006086
0.101928,0.406772,-0.007998
0.103360,0.407816,-0.006657
0.104966,0.408382,-0.010199
0.106053,0.406891,-0.009629
0.106726,0.410050,-0.013977
0.109832,0.408320,-0.014124
0.111091,0.407740,-0.012933
0.111150,0.408608,-0.014796
0.113473,0.409381,-0.017043
0.114452,0.409872,-0.018640
0.117841,0.408667,-0.021470
0.118597,0.409388,-0.021937
0.119213,0.409847,-0.026246
0.119514,0.409511,-0.029329
0.122808,0.409553,-0.030893
0.124634,0.409434,-0.032661
-0.178723,0.411560,-0.056035
-0.177296,0.411942,-0.046581
-0.175873,0.412542,-0.041925
-0.174197,0.410987,-0.032719
-0.170620,0.410133,-0.027565
-0.167742,0.409969,-0.021993
-0.165292,0.410074,-0.013784
-0.163913,0.408817,-0.007607
-0.163760,0.409243,-0.000026
-0.162418,0.406804,0.006149
-0.160369,0.406207,0.011354
-0.158925,0.406234,0.018119
-0.156317,0.406931,0.025689
-0.154214,0.405759,0.029506
-0.151133,0.405535,0.037596
-0.150321,0.404303,0.036918
-0.150063,0.403900,0.036753
-0.147875,0.405447,0.036177
-0.145366,0.403986,0.034476
-0.146483,0.405233,0.035956
-0.144265,0.404563,0.036657
-0.142984,0.403724,0.035794
-0.142289,0.404833,0.038246
-0.140070,0.407901,0.036388
-0.139405,0.404218,0.036763
-0.138929,0.406087,0.038195
-0.135572,0.403782,0.035440
-0.135719,0.403204,0.038568
-0.133173,0.402736,0.036539
-0.132197,0.404839,0.035931
-0.129956,0.403730,0.037703
-0.131399,0.405165,0.036400
-0.128278,0.404696,0.033708
-0.128110,0.405495,0.038608
-0.125125,0.404346,0.036140
-0.124210,0.405509,0.036823
-0.122480,0.406621,0.038834
-0.122190,0.405290,0.036148
-0.122390,0.404967,0.038134
-0.118196,0.406845,0.038886
-0.116489,0.405496,0.037875
-0.115564,0.404701,0.037693
-0.114799,0.405842,0.038391
-0.111424,0.403887,0.038355
-0.112125,0.405429,0.038775
-0.111778,0.405196,0.037961
-0.110491,0.404802,0.038419
-0.107693,0.404110,0.039501
-0.104924,0.405158,0.039297
-0.103227,0.403851,0.038939
-0.102539,0.405128,0.039849
-0.101960,0.406556,0.038080
-0.100328,0.404524,0.042054
-0.099455,0.406406,0.041655
-0.096640,0.406518,0.041721
-0.097004,0.404435,0.042489
-0.094771,0.403701,0.041280
-0.094344,0.404416,0.041691
-0.092492,0.404122,0.043645
-0.090881,0.403361,0.042051
-0.089197,0.403885,0.040908
-0.088649,0.403097,0.041749
-0.086753,0.404355,0.042572
-0.085590,0.402674,0.044066
-0.083261,0.404491,0.044641
-0.081484,0.404562,0.043965
-0.080970,0.405214,0.045008
-0.080557,0.403808,0.043697
-0.077461,0.405486,0.042659
-0.078159,0.404263,0.044059
-0.076679,0.404245,0.046730
-0.075268,0.404283,0.044705
-0.072025,0.404343,0.045909
-0.071796,0.403789,0.046230
-0.070598,0.404087,0.047295
-0.067846,0.403883,0.045884
-0.067071,0.404410,0.047204
-0.067496,0.403771,0.046764
-0.063581,0.403852,0.047391
-0.062664,0.404320,0.047105
-0.061099,0.404374,0.048149
-0.062841,0.403183,0.047039
-0.058317,0.404601,0.049044
-0.058594,0.403272,0.050318
-0.055734,0.404324,0.049662
-0.054491,0.404372,0.050226
-0.054589,0.404157,0.048855
-0.054154,0.404032,0.050369
-0.050232,0.403904,0.050539
-0.050049,0.402219,0.051572
-0.047882,0.402387,0.048923
-0.047713,0.404151,0.050168
-0.045439,0.403827,0.051416
-0.042692,0.404661,0.049482
-0.043444,0.402255,0.050233
-0.041193,0.401662,0.050988
-0.040127,0.404175,0.051595
-0.037773,0.403497,0.052265
-0.039270,0.403402,0.051111
-0.036664,0.402936,0.052807
-0.036355,0.405402,0.051940
-0.033649,0.403412,0.051064
-0.031577,0.403246,0.053769
-0.029336,0.402852,0.051891
-0.029675,0.403323,0.052117
-0.028109,0.403524,0.053334
-0.026685,0.404141,0.053001
-0.024129,0.403651,0.051541
-0.023810,0.403386,0.052268
-0.022627,0.402696,0.051827
-0.021502,0.403194,0.053555
-0.020431,0.403871,0.050920
-0.018959,0.403855,0.051951
-0.016992,0.404894,0.054656
-0.015202,0.403721,0.053282
-0.014343,0.403835,0.051007
-0.013119,0.402882,0.050239
-0.009506,0.404668,0.051772
-0.009185,0.402993,0.051040
-0.009787,0.403730,0.049839
-0.006587,0.402189,0.050795
-0.004873,0.403523,0.049980
-0.003295,0.403914,0.050172
-0.003519,0.403957,0.049438
-0.001369,0.403582,0.048561
-0.002586,0.402736,0.050056
-0.000629,0.402052,0.049369
0.001642,0.405259,0.050928
0.004625,0.402159,0.049744
0.003996,0.404455,0.049890
0.005060,0.403408,0.049443
0.007143,0.403105,0.049768
0.009722,0.403993,0.047903
0.011416,0.404313,0.046149
0.011008,0.402585,0.045974
0.013554,0.404771,0.046614
0.015384,0.405636,0.046952
0.014629,0.402781,0.047591
0.016734,0.405051,0.046888
0.019788,0.402852,0.045090
0.021216,0.405151,0.046731
0.020897,0.403851,0.046978
0.022497,0.405624,0.043874
0.022144,0.403510,0.042399
0.023634,0.404261,0.044108
0.024126,0.402475,0.041422
0.027388,0.404737,0.044637
0.030137,0.404445,0.040209
0.031006,0.404821,0.040981
0.032513,0.404898,0.040843
0.033927,0.407214,0.039491
0.035360,0.404742,0.036617
0.035351,0.402261,0.039857
0.038557,0.406489,0.036558
0.039170,0.403667,0.038494
0.040872,0.405560,0.037701
0.041370,0.406740,0.035482
0.043315,0.404439,0.032781
0.042613,0.405270,0.034733
0.045773,0.404719,0.035028
0.046763,0.406052,0.032889
0.048658,0.406676,0.030818
0.049917,0.404391,0.031435
0.050465,0.403121,0.029706
0.052171,0.405710,0.028861
0.054059,0.403649,0.026607
0.056239,0.406412,0.027787
0.055543,0.406144,0.024948
0.059466,0.407984,0.025960
0.059289,0.408284,0.024752
0.061642,0.406902,0.023061
0.062695,0.406751,0.021883
0.062536,0.406669,0.020522
0.065925,0.406795,0.021229
0.067129,0.407106,0.021430
0.069013,0.404929,0.017672
0.070560,0.405563,0.018785
0.070053,0.407623,0.017821
0.072084,0.407875,0.015913
0.073932,0.405523,0.014517
0.074246,0.407894,0.014630
0.077237,0.408170,0.012686
0.078754,0.406554,0.011156
0.079474,0.407019,0.012280
0.080777,0.407361,0.010071
0.079795,0.407876,0.009925
0.083659,0.408299,0.008452
0.085935,0.406576,0.006703
0.085840,0.406970,0.004330
0.084668,0.410180,0.004117
0.090694,0.407021,0.003705
0.088558,0.407194,0.002465
0.091711,0.406090,0.000427
0.093058,0.408668,0.000392
0.094040,0.407316,0.000022
0.096812,0.408945,-0.002088
0.098063,0.409865,-0.003076
0.099609,0.408203,-0.004173
0.097763,0.409676,-0.005035
0.102392,0.409061,-0.006719
0.104054,0.409232,-0.007220
0.103680,0.411146,-0.009527
0.106248,0.410346,-0.011147
0.105609,0.409868,-0.013543
0.107113,0.408926,-0.015141
0.110617,0.411456,-0.015999
0.112124,0.409903,-0.016200
0.111849,0.410217,-0.017434
0.113254,0.410387,-0.020334
0.115589,0.411222,-0.020877
0.118693,0.408919,-0.023315
0.119383,0.411656,-0.027469
0.122434,0.410075,-0.029567
0.122289,0.411853,-0.030106
0.122957,0.412061,-0.032067
-0.177841,0.416123,-0.052741
-0.177133,0.413944,-0.046534
-0.175151,0.413456,-0.038458
-0.174027,0.412967,-0.035406
-0.170705,0.412551,-0.027692
-0.169428,0.411932,-0.019980
-0.167263,0.410725,-0.012142
-0.165595,0.411850,-0.004637
-0.162539,0.409907,0.000000
-0.163507,0.408772,0.005004
-0.159512,0.408983,0.014689
-0.158980,0.406636,0.017256
-0.157538,0.407721,0.024988
-0.154001,0.406095,0.032133
-0.154037,0.403804,0.038793
-0.151184,0.407197,0.037816
-0.152839,0.405878,0.038505
-0.150379,0.405848,0.038320
-0.147771,0.406816,0.035711
-0.148069,0.405699,0.034777
-0.144503,0.407450,0.037135
-0.144713,0.406049,0.036132
-0.141374,0.405988,0.036558
-0.140641,0.405214,0.036509
-0.138547,0.407238,0.036627
-0.137847,0.407229,0.036788
-0.137331,0.406993,0.034495
-0.135678,0.407544,0.036495
-0.133883,0.406923,0.036595
-0.132861,0.405537,0.036767
-0.131723,0.406348,0.037047
-0.127891,0.405735,0.036754
-0.127822,0.408572,0.037489
-0.127728,0.407891,0.037646
-0.123653,0.407286,0.038245
-0.126427,0.407244,0.035207
-0.122072,0.405266,0.036807
-0.119782,0.405457,0.037501
-0.119114,0.406887,0.036754
-0.117519,0.406562,0.037598
-0.115329,0.406988,0.036615
-0.115465,0.404802,0.036726
-0.114862,0.406743,0.037264
-0.113527,0.407222,0.038657
-0.112305,0.407530,0.038444
-0.109233,0.406019,0.038021
-0.109668,0.406990,0.038987
-0.106846,0.406690,0.037805
-0.105240,0.406301,0.038235
-0.106528,0.406821,0.039078
-0.105517,0.406475,0.038243
-0.100828,0.406270,0.041215
-0.103426,0.407323,0.040381
-0.100341,0.405272,0.040502
-0.097067,0.405991,0.039725
-0.097479,0.404979,0.041385
-0.094300,0.408192,0.042297
-0.093772,0.404166,0.042151
-0.092630,0.405582,0.041073
-0.089541,0.405603,0.042603
-0.091058,0.407031,0.041956
-0.088167,0.406219,0.040771
-0.085668,0.405028,0.044822
-0.084272,0.404863,0.043240
-0.083899,0.406067,0.044164
-0.081806,0.406910,0.043108
-0.081331,0.403973,0.043405
-0.079576,0.405696,0.044672
-0.076473,0.406421,0.043877
-0.076569,0.407150,0.044792
-0.076310,0.405788,0.045279
-0.073191,0.407264,0.045184
-0.072780,0.404049,0.045995
-0.070395,0.407124,0.043471
-0.069645,0.406483,0.044430
-0.069261,0.402560,0.046077
-0.066588,0.405333,0.045656
-0.066588,0.404252,0.045118
-0.064155,0.406429,0.045931
-0.063639,0.407756,0.047533
-0.061259,0.404189,0.046857
-0.061053,0.407163,0.047829
-0.059342,0.405832,0.047788
-0.058244,0.405326,0.047575
-0.054083,0.405713,0.047245
-0.056341,0.406566,0.048150
-0.053840,0.404830,0.048312
-0.052058,0.403426,0.049149
-0.049689,0.405229,0.048999
-0.049844,0.405198,0.048258
-0.049435,0.404650,0.049652
-0.045845,0.404622,0.049848
-0.044761,0.403784,0.051647
-0.043563,0.403866,0.050953
-0.040941,0.405368,0.048479
-0.041750,0.405486,0.051556
-0.039310,0.405723,0.052791
-0.038801,0.405344,0.053258
-0.037937,0.406768,0.050872
-0.035522,0.404307,0.048983
-0.035493,0.404548,0.052529
-0.032159,0.404031,0.050882
-0.030224,0.404573,0.048921
-0.030450,0.406289,0.050393
-0.027723,0.403706,0.052566
-0.027588,0.404310,0.051727
-0.027573,0.405357,0.053007
-0.026319,0.406259,0.052860
-0.024532,0.404748,0.052338
-0.023133,0.404674,0.052041
-0.021785,0.404985,0.053965
-0.019353,0.404243,0.050529
-0.019322,0.403993,0.051888
-0.017657,0.406405,0.050673
-0.014762,0.404397,0.051578
-0.014318,0.404395,0.052207
-0.012915,0.404105,0.051041
-0.011980,0.404985,0.053297
-0.011019,0.405988,0.050405
-0.010567,0.407360,0.051895
-0.006359,0.406559,0.052495
-0.005807,0.404979,0.048829
-0.002267,0.405480,0.049963
-0.003239,0.406611,0.048902
-0.000983,0.406153,0.048273
0.000062,0.404089,0.049338
0.001954,0.405890,0.049031
0.002324,0.405223,0.050145
0.004886,0.406381,0.049452
0.003229,0.404773,0.048155
0.006499,0.405178,0.047401
0.007909,0.404143,0.048920
0.007788,0.405278,0.047119
0.010268,0.405875,0.046394
0.009713,0.407234,0.046944
0.011482,0.404660,0.046137
0.015364,0.406261,0.045300
0.016708,0.403732,0.043778
0.017174,0.405293,0.046370
0.019180,0.405410,0.044773
0.019409,0.405511,0.044328
0.020964,0.405731,0.043824
0.022514,0.406119,0.043621
0.024457,0.404830,0.043901
0.025131,0.404687,0.043277
0.028053,0.405968,0.043485
0.026532,0.406592,0.041362
0.029897,0.405431,0.040461
0.030267,0.404892,0.038707
0.033081,0.405574,0.039104
0.035048,0.407726,0.039578
0.035458,0.406811,0.037492
0.035412,0.405859,0.035660
0.037157,0.407255,0.037842
0.039269,0.408307,0.037630
0.040075,0.406263,0.036287
0.041278,0.407105,0.035122
0.044341,0.407686,0.034589
0.045781,0.406546,0.034495
0.045313,0.407071,0.034768
0.047720,0.406404,0.030784
0.047909,0.407881,0.030386
0.049429,0.408670,0.029142
0.050582,0.408868,0.026877
0.052731,0.407247,0.028993
0.054984,0.407796,0.027652
0.054853,0.408709,0.025357
0.057793,0.409813,0.024820
0.058362,0.407648,0.024046
0.057543,0.407210,0.023798
0.061401,0.409659,0.022105
0.065317,0.407790,0.020531
0.064202,0.406110,0.020812
0.066204,0.409028,0.019270
0.065320,0.407787,0.020468
0.067411,0.408872,0.019166
0.068820,0.408678,0.017046
0.070646,0.410384,0.015938
0.074029,0.411269,0.014522
0.072811,0.407627,0.015146
0.074632,0.408035,0.012948
0.075352,0.410559,0.014469
0.078418,0.407164,0.010596
0.078638,0.407874,0.008611
0.081645,0.408658,0.008092
0.081437,0.408905,0.009308
0.083467,0.408587,0.006263
0.085773,0.409314,0.006740
0.085601,0.408547,0.006093
0.086671,0.410232,0.004483
0.089485,0.410567,0.005486
0.090412,0.412814,0.002737
0.091366,0.410920,0.001093
0.093469,0.410529,0.001209
0.093992,0.410603,-0.001159
0.098251,0.410258,-0.004592
0.097628,0.410812,-0.003922
0.099787,0.410769,-0.004839
0.101495,0.410621,-0.007352
0.100033,0.409313,-0.007663
0.100916,0.411650,-0.007167
0.103793,0.411386,-0.011207
0.106445,0.412232,-0.011313
0.108176,0.410487,-0.011979
0.110572,0.411454,-0.013175
0.109197,0.411947,-0.015248
0.110641,0.411169,-0.017318
0.112423,0.411732,-0.020230
0.116508,0.412000,-0.021871
0.115230,0.413617,-0.022854
0.117498,0.411779,-0.023464
0.121079,0.412311,-0.028389
0.120591,0.413196,-0.029241
0.121910,0.412718,-0.032354
-0.180257,0.415637,-0.058871
-0.177669,0.417189,-0.052711
-0.176181,0.416027,-0.044599
-0.174410,0.414404,-0.039006
-0.172187,0.413470,-0.031485
-0.168850,0.414212,-0.025035
-0.170726,0.412388,-0.017741
-0.167701,0.412524,-0.012077
-0.166355,0.411138,-0.006303
-0.163237,0.410677,0.004243
-0.162390,0.412200,0.007689
-0.159672,0.409604,0.014797
-0.158695,0.409084,0.022031
-0.157602,0.410776,0.028263
-0.154835,0.407863,0.034854
-0.153476,0.409692,0.034896
-0.151083,0.407598,0.037317
-0.151412,0.407462,0.037647
-0.148443,0.408880,0.037268
-0.148542,0.406984,0.037345
-0.146216,0.410099,0.036387
-0.144822,0.408022,0.036017
-0.144682,0.407154,0.036556
-0.143533,0.408256,0.035715
-0.139941,0.407701,0.035982
-0.139215,0.407700,0.037439
-0.137846,0.408407,0.035170
-0.136081,0.408757,0.037999
-0.133515,0.407860,0.034379
-0.135179,0.407093,0.035704
-0.132917,0.407405,0.035465
-0.132368,0.408523,0.036276
-0.130127,0.407864,0.034673
-0.129325,0.408909,0.034998
-0.128481,0.409606,0.036205
-0.124490,0.408093,0.033595
-0.122544,0.408767,0.036443
-0.123694,0.408456,0.035712
-0.121525,0.409205,0.036983
-0.119996,0.408957,0.036383
-0.119117,0.409347,0.039043
-0.117506,0.407908,0.035982
-0.117074,0.407410,0.037639
-0.113693,0.406769,0.037447
-0.112272,0.407890,0.037617
-0.110652,0.407383,0.038505
-0.110008,0.408863,0.038773
-0.108146,0.408003,0.038465
-0.107716,0.408520,0.037438
-0.106364,0.408121,0.037543
-0.107327,0.406849,0.038737
-0.103788,0.406622,0.038777
-0.102568,0.409795,0.038702
-0.101199,0.406533,0.039770
-0.100577,0.408978,0.039052
-0.097119,0.408205,0.040111
-0.098615,0.408555,0.040655
-0.095762,0.408122,0.040336
-0.093996,0.407339,0.039063
-0.092799,0.406482,0.040156
-0.090074,0.407111,0.040566
-0.088077,0.408971,0.041454
-0.088929,0.409614,0.042558
-0.087622,0.407502,0.040986
-0.085921,0.407383,0.042859
-0.084938,0.408562,0.042174
-0.082772,0.408983,0.042142
-0.081690,0.407598,0.042875
-0.078735,0.408830,0.043803
-0.077566,0.408187,0.044352
-0.077064,0.407380,0.043493
-0.077105,0.407551,0.043846
-0.075042,0.406109,0.044172
-0.071028,0.406032,0.045271
-0.073051,0.407092,0.043420
-0.069228,0.407939,0.044040
-0.070041,0.407165,0.047232
-0.064997,0.407599,0.045255
-0.067967,0.408067,0.047809
-0.063132,0.406245,0.046012
-0.062905,0.405628,0.046886
-0.061073,0.405840,0.047873
-0.060957,0.405807,0.048602
-0.060628,0.407434,0.046360
-0.057824,0.406014,0.046787
-0.059254,0.406761,0.046637
-0.054508,0.407304,0.048126
-0.054387,0.407105,0.046626
-0.052099,0.408720,0.047398
-0.053184,0.405948,0.050391
-0.051844,0.406621,0.050893
-0.049446,0.406288,0.049874
-0.048004,0.405942,0.052020
-0.045765,0.407298,0.049653
-0.043348,0.407350,0.050230
-0.042988,0.407504,0.050146
-0.040728,0.406811,0.049598
-0.039242,0.406805,0.049345
-0.038539,0.405691,0.050283
-0.036636,0.406951,0.050228
-0.035083,0.406617,0.051750
-0.034455,0.406491,0.050627
-0.034589,0.406163,0.051262
-0.032682,0.405348,0.050738
-0.030379,0.406014,0.051044
-0.029097,0.407313,0.050650
-0.026995,0.405928,0.050179
-0.028525,0.408013,0.052076
-0.023674,0.406745,0.051645
-0.022748,0.406136,0.051457
-0.021720,0.406265,0.050067
-0.023720,0.406785,0.051081
-0.021003,0.405779,0.050047
-0.018163,0.405307,0.049320
-0.016272,0.405821,0.049877
-0.017140,0.406530,0.049507
-0.011886,0.406585,0.050954
-0.012478,0.408535,0.049393
-0.013640,0.407122,0.049591
-0.011343,0.408017,0.050260
-0.008644,0.406934,0.047569
-0.009526,0.405605,0.051245
-0.005525,0.406840,0.048939
-0.006378,0.406591,0.049670
-0.004490,0.406399,0.048683
-0.002295,0.407647,0.050773
-0.001862,0.406661,0.049864
-0.000287,0.407183,0.048557
0.002301,0.408941,0.048619
0.001426,0.406462,0.048327
0.005367,0.406139,0.047580
0.007389,0.407359,0.048221
0.007899,0.405813,0.046293
0.010321,0.406979,0.048260
0.010772,0.406475,0.047823
0.012260,0.405282,0.045401
0.013328,0.408064,0.046112
0.015176,0.408964,0.046293
0.017155,0.406443,0.045675
0.017320,0.407357,0.045307
0.019925,0.406829,0.044892
0.021419,0.407710,0.044990
0.022132,0.406231,0.041744
0.022580,0.407438,0.042779
0.022297,0.408469,0.042796
0.023441,0.406993,0.042551
0.028227,0.406047,0.041735
0.027419,0.406994,0.040280
0.027297,0.407324,0.041674
0.030854,0.406293,0.040791
0.032672,0.406718,0.039674
0.032657,0.407667,0.039976
0.035854,0.407600,0.037107
0.038070,0.409165,0.038940
0.036829,0.408835,0.036231
0.039491,0.405378,0.035658
0.039392,0.405691,0.035659
0.041630,0.407740,0.033212
0.044448,0.408370,0.033993
0.044115,0.408437,0.032872
0.045439,0.408515,0.031594
0.047998,0.407382,0.031473
0.049946,0.408446,0.030369
0.051256,0.408179,0.028962
0.050351,0.409698,0.028223
0.053796,0.410227,0.027919
0.053302,0.407955,0.027048
0.055730,0.408742,0.024028
0.057027,0.409395,0.024551
0.057598,0.410001,0.024364
0.059962,0.407871,0.023844
0.061945,0.409293,0.021793
0.061307,0.409042,0.020118
0.063839,0.410006,0.019139
0.065554,0.410427,0.021073
0.067113,0.409488,0.018643
0.068603,0.410780,0.017002
0.070372,0.410753,0.016035
0.072958,0.408621,0.016814
0.073459,0.410733,0.014332
0.074267,0.410668,0.012943
0.074757,0.410193,0.012611
0.076336,0.410575,0.012021
0.077245,0.408362,0.010118
0.078140,0.411202,0.009954
0.079866,0.410264,0.008505
0.081566,0.412691,0.006714
0.083521,0.410821,0.006407
0.085927,0.411215,0.006678
0.084793,0.412027,0.004570
0.088801,0.411088,0.003682
0.089268,0.411286,0.002454
0.091499,0.410661,0.000795
0.092044,0.411708,0.002408
0.094355,0.412233,-0.002235
0.094318,0.413626,-0.001613
0.096292,0.412030,-0.004013
0.098269,0.411908,-0.003941
0.099642,0.411496,-0.006422
0.100139,0.412514,-0.005841
0.102286,0.412426,-0.009042
0.101630,0.412106,-0.008991
0.102854,0.413263,-0.011723
0.104706,0.412864,-0.012132
0.109059,0.412214,-0.012047
0.108858,0.413114,-0.016452
0.108846,0.413896,-0.014149
0.110860,0.412905,-0.017645
0.114026,0.414389,-0.018489
0.113193,0.412485,-0.020654
0.114924,0.413103,-0.022264
0.116557,0.412423,-0.024940
0.118429,0.413066,-0.026541
0.120812,0.413855,-0.028783
0.121984,0.413586,-0.030965
-0.178293,0.419620,-0.058563
-0.178591,0.415661,-0.049121
-0.176428,0.418468,-0.041984
-0.174657,0.415769,-0.036662
-0.171853,0.416702,-0.030307
-0.170820,0.415310,-0.022261
-0.169352,0.415194,-0.018431
-0.164796,0.415195,-0.009439
-0.165350,0.412890,-0.003745
-0.164421,0.412119,0.002439
-0.162843,0.411492,0.010209
-0.160808,0.412940,0.016396
-0.159214,0.408585,0.022704
-0.156321,0.409253,0.029800
-0.155063,0.409254,0.035190
-0.151540,0.409948,0.037240
-0.151843,0.407810,0.037536
-0.150386,0.407522,0.035381
-0.150023,0.410404,0.036902
-0.146690,0.408881,0.035184
-0.147101,0.409079,0.034272
-0.146445,0.409166,0.037241
-0.144826,0.409817,0.037595
-0.142018,0.408452,0.036398
-0.139616,0.410409,0.036636
-0.139908,0.409903,0.034872
-0.136837,0.409258,0.033849
-0.137299,0.408583,0.036866
-0.135244,0.409262,0.035850
-0.133806,0.410055,0.034485
-0.132718,0.410841,0.034827
-0.131121,0.409338,0.035100
-0.128242,0.408988,0.035185
-0.128635,0.410874,0.032916
-0.127800,0.409911,0.037740
-0.126548,0.409262,0.035340
-0.124462,0.409786,0.035207
-0.122215,0.410703,0.036081
-0.121372,0.410194,0.035442
-0.119456,0.410353,0.036482
-0.117450,0.409876,0.035782
-0.117206,0.410503,0.035483
-0.114738,0.409588,0.037015
-0.113076,0.408303,0.038511
-0.113499,0.409678,0.037555
-0.112397,0.408144,0.038118
-0.110311,0.409579,0.038110
-0.108762,0.407341,0.037622
-0.106686,0.409216,0.037527
-0.106228,0.408877,0.038316
-0.105589,0.409202,0.039250
-0.102462,0.411138,0.038117
-0.102571,0.410023,0.038987
-0.100133,0.411446,0.039388
-0.100248,0.407892,0.039165
-0.097073,0.409653,0.041132
-0.095680,0.411508,0.039644
-0.094659,0.411044,0.041773
-0.093494,0.407510,0.040523
-0.092241,0.409505,0.041038
-0.093150,0.406397,0.041131
-0.088872,0.407894,0.041608
-0.087688,0.408109,0.041165
-0.086371,0.409180,0.041916
-0.085620,0.408905,0.042561
-0.084250,0.408854,0.041836
-0.081671,0.407970,0.041233
-0.079563,0.408781,0.042327
-0.082501,0.409926,0.043243
-0.078306,0.407096,0.045057
-0.076340,0.409942,0.042225
-0.075120,0.409609,0.042757
-0.073759,0.409717,0.045112
-0.072851,0.409249,0.043109
-0.071713,0.408728,0.044224
-0.069853,0.408250,0.044152
-0.069648,0.410228,0.044536
-0.067943,0.406989,0.045003
-0.066514,0.408212,0.045477
-0.065395,0.408604,0.045954
-0.063073,0.407914,0.046472
-0.063910,0.408563,0.047050
-0.061548,0.409879,0.045808
-0.059418,0.409934,0.047468
-0.058082,0.409624,0.045957
-0.056275,0.408186,0.045965
-0.055735,0.408435,0.045394
-0.055034,0.410335,0.047772
-0.052211,0.408312,0.046460
-0.051139,0.408365,0.045984
-0.050445,0.408658,0.048828
-0.049681,0.409782,0.045495
-0.047566,0.406657,0.047514
-0.046251,0.409720,0.047828
-0.045433,0.409540,0.049899
-0.042744,0.409594,0.048881
-0.040616,0.409581,0.049062
-0.042348,0.408835,0.050686
-0.039349,0.408272,0.049714
-0.038340,0.406506,0.051580
-0.034803,0.408934,0.050764
-0.033991,0.408214,0.049574
-0.032565,0.408005,0.051822
-0.031822,0.408488,0.048702
-0.029820,0.408198,0.050509
-0.030004,0.409044,0.051225
-0.028044,0.407006,0.050886
-0.027180,0.409776,0.050153
-0.025499,0.408291,0.051228
-0.024469,0.407693,0.051351
-0.022717,0.407337,0.049484
-0.021146,0.407273,0.051446
-0.019427,0.408483,0.049013
-0.017319,0.410029,0.051364
-0.015917,0.409497,0.051795
-0.015665,0.409031,0.049624
-0.014460,0.408244,0.051801
-0.014769,0.406827,0.050276
-0.012683,0.408696,0.049238
-0.008440,0.409656,0.049280
-0.007664,0.407193,0.049022
-0.007441,0.409273,0.050697
-0.006721,0.408988,0.049409
-0.004792,0.409108,0.047133
-0.003969,0.409112,0.048123
-0.001245,0.409319,0.049315
0.001178,0.408528,0.048554
0.001261,0.410292,0.046352
0.000789,0.408239,0.047850
0.002691,0.408193,0.048639
0.005992,0.408578,0.045833
0.005279,0.408631,0.045972
0.008421,0.410464,0.046629
0.008340,0.407912,0.045037
0.009906,0.410209,0.046627
0.011840,0.410398,0.045784
0.013611,0.409303,0.044276
0.013904,0.409338,0.045282
0.014522,0.408397,0.043625
0.017884,0.409871,0.044182
0.018719,0.410498,0.043244
0.018102,0.409088,0.043513
0.020996,0.410394,0.043468
0.022347,0.410101,0.042912
0.022445,0.410003,0.042300
0.025891,0.408385,0.040213
0.026899,0.409429,0.042431
0.028718,0.409265,0.040376
0.029524,0.407777,0.040268
0.030227,0.409653,0.041574
0.030191,0.409941,0.038637
0.034582,0.409746,0.039312
0.035727,0.409944,0.036155
0.037388,0.409786,0.037014
0.036743,0.409144,0.035823
0.037843,0.410534,0.036628
0.040037,0.408720,0.035313
0.040925,0.410534,0.034353
0.043039,0.411150,0.034330
0.045209,0.411525,0.032596
0.044961,0.410612,0.031024
0.045927,0.410762,0.030523
0.050188,0.409092,0.030131
0.050260,0.407924,0.030658
0.052128,0.410513,0.028475
0.051384,0.409483,0.027122
0.053468,0.411528,0.027393
0.057207,0.410938,0.024248
0.056518,0.411562,0.023156
0.057691,0.411578,0.024042
0.059780,0.411373,0.023045
0.062021,0.410920,0.023200
0.061935,0.411583,0.020418
0.062203,0.410875,0.017927
0.064675,0.411108,0.018458
0.068223,0.410065,0.017415
0.068249,0.411995,0.017419
0.068900,0.410487,0.015978
0.069141,0.411985,0.015096
0.071632,0.411934,0.012523
0.073955,0.410397,0.013415
0.075384,0.411397,0.010028
0.075190,0.410365,0.013173
0.079298,0.412191,0.011214
0.077605,0.413233,0.009045
0.081204,0.411852,0.006318
0.081735,0.413702,0.006444
0.083982,0.412183,0.004973
0.082791,0.412735,0.004326
0.086907,0.414842,0.004085
0.088555,0.411396,0.002159
0.089354,0.411668,0.002248
0.090422,0.411224,0.001017
0.092562,0.412387,-0.001005
0.094405,0.412007,-0.002155
0.095325,0.413043,-0.001740
0.098324,0.413409,-0.003473
0.098706,0.413745,-0.005323
0.097639,0.413662,-0.006727
0.101102,0.413773,-0.006453
0.102348,0.414562,-0.008176
0.103849,0.413782,-0.009047
0.104493,0.414785,-0.008794
0.106387,0.413822,-0.012864
0.106797,0.416341,-0.013847
0.108796,0.415451,-0.014850
0.111155,0.415000,-0.018106
0.112412,0.414026,-0.017652
0.112782,0.415973,-0.020913
0.115934,0.415839,-0.019862
0.117165,0.416426,-0.022154
0.118284,0.415168,-0.024398
0.118670,0.417617,-0.026527
0.120263,0.415823,-0.028877
0.122289,0.415962,-0.030263
-0.180673,0.420320,-0.053797
-0.179143,0.419668,-0.048017
-0.177042,0.418399,-0.040589
-0.174216,0.417511,-0.033387
-0.172355,0.417126,-0.027985
-0.169227,0.417689,-0.019678
-0.168295,0.415433,-0.014277
-0.166259,0.415350,-0.008560
-0.164365,0.414573,-0.000855
-0.163068,0.413862,0.003102
-0.159601,0.414183,0.012543
-0.158846,0.411256,0.016643
-0.158204,0.411381,0.023666
-0.155926,0.411520,0.032246
-0.155183,0.409477,0.036321
-0.151903,0.411039,0.036576
-0.151113,0.411977,0.036422
-0.151677,0.410842,0.034523
-0.147359,0.411404,0.035774
-0.147016,0.410047,0.036930
-0.145292,0.409693,0.036186
-0.145169,0.411268,0.036797
-0.143671,0.411885,0.035513
-0.142934,0.411584,0.035218
-0.141053,0.411712,0.035450
-0.139399,0.411726,0.035207
-0.139362,0.412201,0.034324
-0.137263,0.410688,0.035259
-0.136332,0.411787,0.035778
-0.133898,0.411736,0.037100
-0.132755,0.412343,0.035134
-0.130583,0.410822,0.035110
-0.130675,0.412061,0.034256
-0.128633,0.409716,0.034435
-0.126424,0.410849,0.034721
-0.125664,0.409505,0.033503
-0.124294,0.411943,0.033907
-0.123317,0.412204,0.035273
-0.120029,0.411916,0.035241
-0.119836,0.412558,0.035995
-0.118902,0.410966,0.037046
-0.118269,0.413059,0.036533
-0.115736,0.411359,0.037683
-0.113660,0.412424,0.035554
-0.112633,0.408514,0.035615
-0.111077,0.411212,0.038134
-0.110617,0.411671,0.035501
-0.108698,0.410292,0.036841
-0.108099,0.410497,0.036438
-0.107291,0.411898,0.037874
-0.106075,0.412788,0.037719
-0.103667,0.410993,0.038342
-0.102633,0.410162,0.038689
-0.099795,0.412290,0.038185
-0.099327,0.411172,0.039673
-0.098978,0.411324,0.039113
-0.098314,0.412288,0.038734
-0.095542,0.411938,0.039319
-0.095841,0.411128,0.040520
-0.090969,0.411816,0.042860
-0.091364,0.409730,0.039917
-0.089883,0.411207,0.041179
-0.090675,0.411599,0.038774
-0.088997,0.411620,0.040773
-0.085093,0.410604,0.040573
-0.082551,0.412006,0.041827
-0.081393,0.411662,0.040580
-0.082964,0.410066,0.040642
-0.078925,0.411801,0.042160
-0.079320,0.409578,0.042463
-0.076893,0.409506,0.043448
-0.077415,0.411023,0.043050
-0.073956,0.411336,0.043113
-0.072792,0.411938,0.044095
-0.070697,0.411375,0.043578
-0.070580,0.411071,0.044679
-0.069339,0.408443,0.044932
-0.068902,0.411957,0.044419
-0.067153,0.410835,0.044625
-0.065085,0.409682,0.045446
-0.063822,0.410152,0.045786
-0.063242,0.410252,0.044629
-0.060052,0.408178,0.044318
-0.059362,0.409287,0.044288
-0.057899,0.411864,0.045516
-0.057045,0.411820,0.047321
-0.053456,0.409032,0.045522
-0.054645,0.411940,0.045020
-0.051909,0.410386,0.046630
-0.050729,0.409158,0.047413
-0.049496,0.409869,0.048064
-0.049734,0.409360,0.047888
-0.046842,0.409048,0.046565
-0.045326,0.409526,0.047692
-0.043055,0.410329,0.046312
-0.044562,0.408902,0.048598
-0.041758,0.411481,0.048286
-0.039895,0.411977,0.049162
-0.039268,0.410435,0.050202
-0.038371,0.408949,0.048392
-0.036864,0.409984,0.050120
-0.033580,0.409129,0.050267
-0.031933,0.410964,0.049902
-0.031651,0.407940,0.049011
-0.030017,0.409662,0.050730
-0.029325,0.410521,0.050430
-0.030074,0.411571,0.050743
-0.026490,0.410431,0.049597
-0.024647,0.409060,0.049601
-0.021869,0.411121,0.049985
-0.021284,0.410753,0.050530
-0.024098,0.410458,0.049126
-0.019841,0.409466,0.048559
-0.019078,0.408480,0.050855
-0.015661,0.409597,0.049188
-0.015405,0.408921,0.048965
-0.013001,0.410694,0.050143
-0.013075,0.409872,0.048892
-0.011348,0.409049,0.050637
-0.008122,0.410798,0.048498
-0.008468,0.408860,0.048860
-0.007501,0.411556,0.049273
-0.006693,0.409472,0.049308
-0.005115,0.408347,0.048278
-0.004960,0.410216,0.046308
-0.002300,0.409359,0.048581
0.000391,0.409069,0.047628
-0.001549,0.411313,0.046809
0.002987,0.410610,0.046626
0.004874,0.407659,0.046092
0.005098,0.409145,0.044163
0.005901,0.409951,0.045330
0.007752,0.411515,0.047538
0.009287,0.412096,0.044669
0.010737,0.407664,0.044653
0.010658,0.411005,0.045513
0.011820,0.409501,0.044552
0.014500,0.411612,0.043423
0.016292,0.410469,0.043761
0.019719,0.410316,0.044186
0.019582,0.411049,0.042814
0.020740,0.408641,0.043304
0.020678,0.410270,0.044728
0.022211,0.409074,0.041014
0.022267,0.412741,0.042436
0.027172,0.410644,0.040274
0.027172,0.411554,0.039678
0.028683,0.410609,0.040770
0.028875,0.410173,0.040335
0.029852,0.410256,0.040454
0.032211,0.410464,0.038053
0.032268,0.410105,0.037703
0.035479,0.409311,0.036578
0.036503,0.410452,0.034580
0.039546,0.412050,0.035632
0.038524,0.411749,0.034137
0.039622,0.411736,0.035963
0.042574,0.412159,0.033085
0.043699,0.410831,0.033116
0.044231,0.412663,0.030387
0.044956,0.411739,0.030509
0.046484,0.411745,0.027814
0.049427,0.412763,0.028243
0.050522,0.411145,0.027510
0.051865,0.411439,0.029067
0.053395,0.412321,0.026242
0.053799,0.412576,0.024876
0.055379,0.412204,0.025171
0.054843,0.412341,0.023576
0.056785,0.413144,0.022858
0.060951,0.414032,0.020730
0.060756,0.412323,0.020665
0.062483,0.411751,0.019983
0.065309,0.413660,0.019286
0.064459,0.411488,0.018766
0.067318,0.413499,0.016385
0.065859,0.412682,0.015568
0.067762,0.412818,0.014198
0.070834,0.414134,0.012945
0.072064,0.412693,0.014939
0.073030,0.414353,0.011547
0.075543,0.413354,0.011189
0.076850,0.413139,0.010728
0.078910,0.414969,0.011419
0.080921,0.414010,0.007888
0.082343,0.414313,0.007148
0.080878,0.413690,0.007204
0.085427,0.415368,0.005260
0.084870,0.414310,0.002254
0.085012,0.415131,0.003091
0.087163,0.414851,0.002613
0.090536,0.414397,0.001529
0.089107,0.414510,-0.000780
0.092578,0.414361,0.000395
0.091277,0.415673,-0.001404
0.095167,0.415696,-0.001783
0.097723,0.415591,-0.005023
0.095539,0.415300,-0.004240
0.099571,0.412952,-0.006946
0.098691,0.415746,-0.006875
0.103329,0.415541,-0.010069
0.102521,0.413381,-0.010727
0.104371,0.415694,-0.010848
0.106269,0.415639,-0.012052
0.106411,0.415532,-0.013989
0.110383,0.415736,-0.015696
0.110507,0.415628,-0.016184
0.112716,0.415136,-0.018915
0.113415,0.414906,-0.020335
0.114335,0.415489,-0.021290
0.116598,0.415876,-0.021762
0.115415,0.418242,-0.024433
0.119500,0.416955,-0.027125
0.120041,0.416174,-0.027540
0.121843,0.418307,-0.029320
-0.180929,0.421608,-0.054278
-0.176359,0.419484,-0.047971
-0.176759,0.417999,-0.039555
-0.176154,0.418488,-0.033641
-0.171910,0.420692,-0.025776
-0.171100,0.417881,-0.018460
-0.169222,0.416195,-0.014110
-0.168171,0.416671,-0.006836
-0.165783,0.417258,0.001694
-0.163921,0.416974,0.006205
-0.160119,0.415557,0.011753
-0.160280,0.414755,0.019065
-0.157645,0.414265,0.026246
-0.156488,0.413611,0.032287
-0.153873,0.413717,0.036699
-0.150577,0.413110,0.036297
-0.151450,0.411966,0.036463
-0.150239,0.412086,0.035010
-0.148400,0.412822,0.034570
-0.145618,0.412058,0.035788
-0.147341,0.414850,0.035713
-0.146300,0.413814,0.036080
-0.145990,0.412197,0.034621
-0.141987,0.411725,0.033489
-0.140719,0.411494,0.035063
-0.140163,0.413202,0.034349
-0.139349,0.413110,0.035232
-0.136317,0.413390,0.034419
-0.134071,0.414745,0.035264
-0.135584,0.413912,0.035555
-0.132937,0.413974,0.036368
-0.131382,0.411709,0.035146
-0.128687,0.413243,0.033921
-0.128550,0.412605,0.034617
-0.127846,0.413847,0.035458
-0.126302,0.413279,0.032400
-0.125357,0.413385,0.034211
-0.121952,0.414397,0.033087
-0.122928,0.412716,0.036963
-0.119100,0.413259,0.036631
-0.119994,0.412765,0.035141
-0.115794,0.413667,0.034696
-0.116686,0.412326,0.037580
-0.114247,0.411191,0.036182
-0.112328,0.412426,0.037854
-0.111663,0.413286,0.036417
-0.111348,0.411263,0.037234
-0.109637,0.412846,0.036857
-0.107883,0.412582,0.036959
-0.105776,0.412521,0.035948
-0.104059,0.412787,0.036163
-0.102577,0.413990,0.037829
-0.101595,0.412296,0.037957
-0.101120,0.410632,0.037396
-0.100239,0.412162,0.038290
-0.098318,0.413367,0.036460
-0.096235,0.412854,0.039507
-0.095339,0.412637,0.038743
-0.092687,0.411260,0.038775
-0.092009,0.412697,0.038013
-0.090423,0.412497,0.039335
-0.088268,0.412905,0.040553
-0.088843,0.411159,0.039278
-0.087317,0.412237,0.039810
-0.085862,0.411790,0.040436
-0.083770,0.413019,0.041631
-0.085581,0.410881,0.038901
-0.081892,0.412146,0.041418
-0.079845,0.412790,0.041271
-0.079418,0.412308,0.041605
-0.077952,0.412204,0.043595
-0.077554,0.413360,0.041632
-0.075713,0.414262,0.042808
-0.072919,0.411537,0.043084
-0.071186,0.411930,0.042143
-0.068704,0.411772,0.042993
-0.070074,0.411173,0.042648
-0.066449,0.412901,0.044047
-0.066473,0.412846,0.044501
-0.065908,0.412099,0.045682
-0.065048,0.411758,0.046171
-0.064653,0.412710,0.046407
-0.060584,0.412702,0.046868
-0.058498,0.411840,0.044294
-0.058157,0.412294,0.045164
-0.055620,0.411471,0.045190
-0.056246,0.410147,0.045864
-0.054257,0.411381,0.046535
-0.054505,0.412329,0.047062
-0.050778,0.411627,0.045836
-0.049385,0.409126,0.046272
-0.050574,0.412259,0.048558
-0.048516,0.411407,0.046654
-0.046123,0.412872,0.049848
-0.043893,0.410360,0.047707
-0.044453,0.411057,0.047182
-0.040732,0.409950,0.049687
-0.038290,0.411698,0.048685
-0.038891,0.412226,0.048918
-0.037249,0.412371,0.047301
-0.034623,0.411681,0.049705
-0.034560,0.410241,0.048976
-0.034258,0.412727,0.048547
-0.034011,0.412116,0.051723
-0.030971,0.412362,0.050590
-0.030522,0.411781,0.049014
-0.028050,0.409537,0.050364
-0.026115,0.411677,0.049889
-0.023157,0.410649,0.050882
-0.022554,0.410023,0.048376
-0.022729,0.412077,0.049260
-0.022956,0.411897,0.049965
-0.019179,0.412619,0.051087
-0.019034,0.412934,0.048133
-0.018940,0.411201,0.050104
-0.015685,0.411792,0.051155
-0.013356,0.410474,0.050085
-0.011175,0.410193,0.049685
-0.012512,0.412556,0.047576
-0.008813,0.411891,0.048389
-0.007074,0.412440,0.045950
-0.006759,0.411918,0.047794
-0.007180,0.412629,0.048469
-0.006401,0.412913,0.047877
-0.003566,0.411512,0.047731
-0.002776,0.411436,0.048567
0.000175,0.411747,0.046462
0.001696,0.411673,0.047814
0.003039,0.411516,0.046551
0.004067,0.413063,0.047231
0.005166,0.412015,0.047483
0.005317,0.410837,0.045253
0.008728,0.412077,0.046244
0.007716,0.411767,0.046687
0.009947,0.409819,0.045648
0.010391,0.412756,0.044486
0.012851,0.412912,0.044120
0.015117,0.411135,0.045700
0.015807,0.412860,0.045512
0.017346,0.412864,0.044307
0.020799,0.412896,0.044098
0.021056,0.413805,0.042867
0.020378,0.412422,0.041917
0.023284,0.409927,0.042475
0.025604,0.411955,0.041810
0.026163,0.411782,0.040058
0.026735,0.413209,0.038424
0.027831,0.410775,0.039975
0.028256,0.413104,0.038826
0.031661,0.412110,0.039342
0.032011,0.411734,0.039979
0.033230,0.413730,0.036514
0.035947,0.412924,0.037001
0.035457,0.412757,0.036367
0.036811,0.412836,0.034796
0.040160,0.413317,0.033923
0.040673,0.412173,0.033068
0.041135,0.414098,0.032964
0.041703,0.412060,0.034841
0.044301,0.413998,0.033658
0.047156,0.413722,0.030701
0.047869,0.414992,0.028267
0.047699,0.412977,0.026953
0.049619,0.413111,0.027482
0.051547,0.413225,0.026620
0.052553,0.413363,0.027451
0.053862,0.412037,0.024899
0.053531,0.414303,0.023080
0.056637,0.414040,0.023970
0.060725,0.413485,0.023266
0.058803,0.414806,0.022249
0.062214,0.414424,0.019352
0.062711,0.414867,0.019531
0.063748,0.413926,0.017870
0.066207,0.414506,0.018565
0.067593,0.414796,0.016479
0.069258,0.413199,0.014668
0.072278,0.415817,0.016490
0.071137,0.414493,0.014865
0.072380,0.414657,0.012836
0.074393,0.415691,0.010604
0.075836,0.414486,0.012131
0.074998,0.415446,0.009164
0.076644,0.416058,0.008261
0.079911,0.416668,0.009217
0.081597,0.415973,0.007372
0.079169,0.414873,0.005733
0.082767,0.414660,0.004590
0.085516,0.416450,0.004222
0.086466,0.416005,0.002635
0.088535,0.416835,0.002666
0.088699,0.415599,0.001576
0.090333,0.416764,-0.001091
0.091933,0.415680,-0.000059
0.091670,0.418450,-0.002869
0.093601,0.417089,-0.002978
0.097549,0.415534,-0.005032
0.095997,0.417030,-0.005470
0.098532,0.414437,-0.008044
0.100628,0.416747,-0.009572
0.099891,0.417956,-0.009200
0.103060,0.416309,-0.011237
0.104902,0.418790,-0.011356
0.105800,0.417364,-0.013634
0.108903,0.417946,-0.016432
0.109479,0.415751,-0.017253
0.111012,0.417374,-0.016022
0.110647,0.419298,-0.017468
0.112287,0.419055,-0.019052
0.113926,0.417331,-0.023798
0.116804,0.417993,-0.022954
0.115615,0.417864,-0.024467
0.120874,0.418952,-0.024500
0.121180,0.419770,-0.028687
0.122366,0.419039,-0.032243
-0.179230,0.422801,-0.052601
-0.178876,0.422716,-0.045627
-0.174269,0.421093,-0.036586
-0.173758,0.419664,-0.032699
-0.172523,0.420256,-0.026331
-0.169992,0.417768,-0.019451
-0.169256,0.417826,-0.012588
-0.166679,0.418880,-0.006131
-0.166017,0.419178,0.001425
-0.162532,0.416070,0.008627
-0.162527,0.416878,0.013667
-0.158260,0.415244,0.021844
-0.158669,0.414653,0.025929
-0.154840,0.415116,0.034029
-0.153921,0.414340,0.034777
-0.153016,0.411562,0.036836
-0.151703,0.415111,0.036396
-0.151059,0.414444,0.034880
-0.148542,0.416138,0.034138
-0.146797,0.413489,0.035322
-0.147781,0.413690,0.034798
-0.144237,0.415351,0.033988
-0.143654,0.413792,0.035052
-0.142074,0.414975,0.033942
-0.142399,0.414102,0.033747
-0.139705,0.412903,0.032647
-0.137320,0.413818,0.033159
-0.136769,0.413901,0.034293
-0.134657,0.414701,0.034820
-0.135142,0.415331,0.033009
-0.134502,0.415459,0.035026
-0.131833,0.416161,0.035781
-0.128707,0.415691,0.033783
-0.128619,0.414059,0.033426
-0.125675,0.416198,0.034830
-0.126123,0.415022,0.034273
-0.125218,0.414274,0.033567
-0.122462,0.415702,0.032140
-0.120980,0.414905,0.033451
-0.120105,0.414986,0.035668
-0.120083,0.413913,0.034578
-0.116434,0.413895,0.032964
-0.113952,0.413481,0.036662
-0.115165,0.412691,0.036534
-0.114480,0.415768,0.035966
-0.110833,0.413804,0.034389
-0.110914,0.414976,0.034536
-0.109298,0.414338,0.035570
-0.108759,0.413883,0.036414
-0.105490,0.414331,0.036722
-0.105510,0.414942,0.035667
-0.104184,0.415060,0.037290
-0.101965,0.413586,0.036527
-0.100619,0.415452,0.037561
-0.098821,0.415469,0.036886
-0.098397,0.414015,0.038291
-0.096038,0.415209,0.039262
-0.093733,0.416720,0.037988
-0.094085,0.412521,0.041078
-0.092857,0.414879,0.040334
-0.090732,0.413746,0.039073
-0.090090,0.414654,0.038258
-0.087573,0.414035,0.040641
-0.087330,0.413839,0.039805
-0.087012,0.414938,0.040527
-0.083538,0.413746,0.039499
-0.083019,0.413473,0.041171
-0.081877,0.415451,0.039804
-0.079643,0.414343,0.042422
-0.078930,0.411785,0.041421
-0.076597,0.415078,0.040615
-0.074918,0.411757,0.040392
-0.076566,0.414914,0.042237
-0.072321,0.415134,0.042009
-0.069886,0.413623,0.042835
-0.070553,0.413837,0.044242
-0.068005,0.415768,0.041858
-0.067363,0.413471,0.042673
-0.067814,0.414115,0.043809
-0.063720,0.413992,0.044249
-0.062069,0.413666,0.044029
-0.063063,0.414321,0.044096
-0.060529,0.412893,0.046550
-0.059870,0.413411,0.045452
-0.058042,0.413210,0.045203
-0.056183,0.415307,0.044638
-0.056056,0.413350,0.045188
-0.051485,0.414804,0.046182
-0.053160,0.411724,0.046135
-0.050849,0.413519,0.046484
-0.049875,0.413697,0.047529
-0.047960,0.413587,0.046803
-0.047690,0.412409,0.046294
-0.044691,0.414199,0.046723
-0.045416,0.415294,0.047365
-0.045137,0.413082,0.048658
-0.040298,0.414516,0.047246
-0.039365,0.412956,0.048168
-0.038312,0.412420,0.049118
-0.038986,0.414147,0.049605
-0.035048,0.412002,0.046362
-0.033450,0.412906,0.050833
-0.033965,0.413358,0.049134
-0.034965,0.414249,0.047620
-0.029516,0.412404,0.050323
-0.029258,0.412742,0.049193
-0.028670,0.415245,0.049513
-0.025056,0.414790,0.050339
-0.024490,0.412294,0.048178
-0.023662,0.414684,0.049905
-0.022907,0.412530,0.049331
-0.022097,0.414615,0.049421
-0.020328,0.412484,0.047804
-0.017535,0.412771,0.049790
-0.017744,0.413514,0.048037
-0.016314,0.412981,0.047558
-0.012646,0.413395,0.048536
-0.012561,0.412922,0.048294
-0.012310,0.413037,0.047185
-0.011057,0.413333,0.047921
-0.008401,0.413053,0.047721
-0.007498,0.413720,0.048364
-0.005449,0.413324,0.047927
-0.004913,0.412064,0.047831
-0.003422,0.415264,0.047909
-0.001851,0.413390,0.047673
-0.001045,0.412620,0.046675
-0.000668,0.414128,0.046839
0.001520,0.414443,0.045567
0.003104,0.413421,0.045783
0.005905,0.415019,0.046949
0.005133,0.413712,0.046365
0.008765,0.414075,0.045821
0.009425,0.412529,0.043839
0.010785,0.414321,0.043396
0.008283,0.414299,0.043689
0.013272,0.413278,0.041762
0.013909,0.413645,0.042687
0.015372,0.413679,0.043078
0.016406,0.413482,0.042001
0.019635,0.412307,0.041630
0.019778,0.414813,0.041934
0.021603,0.414286,0.042192
0.024496,0.412627,0.041193
0.024930,0.414638,0.041187
0.025212,0.412733,0.040032
0.026604,0.413008,0.038289
0.026710,0.415127,0.036840
0.030412,0.413802,0.038346
0.030521,0.414586,0.039136
0.032713,0.415507,0.037087
0.033767,0.414071,0.038585
0.034896,0.412884,0.035587
0.035786,0.413918,0.034680
0.039299,0.414854,0.032692
0.037563,0.415668,0.033809
0.040307,0.416425,0.034732
0.041410,0.414917,0.033732
0.042853,0.413945,0.031751
0.044496,0.416303,0.030214
0.046344,0.416479,0.029572
0.047499,0.414265,0.027919
0.048540,0.414379,0.027471
0.051139,0.413856,0.026056
0.052583,0.413425,0.026252
0.052325,0.413879,0.026808
0.055664,0.416073,0.024040
0.054467,0.415406,0.022022
0.058338,0.414738,0.021874
0.056910,0.414918,0.021660
0.058957,0.417055,0.020143
0.059697,0.414303,0.019319
0.062345,0.415127,0.019223
0.061848,0.416770,0.016175
0.065391,0.417065,0.015523
0.066189,0.415390,0.015779
0.069345,0.415081,0.015752
0.069167,0.416172,0.012919
0.069861,0.418605,0.013228
0.072996,0.415407,0.011065
0.073752,0.416450,0.013746
0.074868,0.416159,0.008765
0.076647,0.417452,0.008047
0.075835,0.417015,0.008524
0.080341,0.417475,0.007940
0.078710,0.415492,0.005581
0.081863,0.417569,0.005029
0.083180,0.416281,0.003669
0.082898,0.417302,0.004136
0.086858,0.418596,0.000543
0.087748,0.417688,0.000467
0.088456,0.419861,0.000332
0.091993,0.416315,0.000522
0.092804,0.416354,-0.003029
0.091648,0.417034,-0.003026
0.093320,0.419888,-0.004249
0.096981,0.418616,-0.004659
0.098143,0.419087,-0.007425
0.097524,0.418157,-0.007993
0.101394,0.418984,-0.007456
0.101767,0.419423,-0.009897
0.103121,0.418997,-0.012220
0.105321,0.418425,-0.013015
0.105782,0.418940,-0.012242
0.107836,0.420431,-0.017262
0.109112,0.417984,-0.017313
0.110516,0.420987,-0.018364
0.112026,0.419318,-0.018372
0.113812,0.420057,-0.020197
0.115862,0.420355,-0.021624
0.116491,0.420733,-0.023711
0.116920,0.420858,-0.025172
0.119126,0.420487,-0.027539
0.122744,0.419762,-0.029594
0.121603,0.419247,-0.033390
-0.180764,0.423703,-0.050238
-0.178248,0.423685,-0.041218
-0.175814,0.423369,-0.035367
-0.174236,0.422497,-0.031409
-0.172866,0.420648,-0.025143
-0.171828,0.419623,-0.017656
-0.168380,0.420782,-0.010351
-0.165232,0.419365,-0.004234
-0.166112,0.419084,0.001880
-0.162811,0.418014,0.008430
-0.160686,0.418971,0.014099
-0.157780,0.416860,0.022671
-0.158170,0.416033,0.026187
-0.155527,0.416450,0.035150
-0.155458,0.416145,0.036635
-0.151268,0.415189,0.036418
-0.151968,0.413431,0.037649
-0.151302,0.416489,0.036485
-0.148048,0.416469,0.036856
-0.150158,0.415327,0.035771
-0.146452,0.418168,0.036038
-0.144729,0.415616,0.035344
-0.144563,0.415479,0.033276
-0.141555,0.417350,0.034917
-0.139674,0.417336,0.034947
-0.139558,0.417689,0.034466
-0.138316,0.415924,0.033429
-0.136488,0.417414,0.032887
-0.134292,0.415526,0.033703
-0.131749,0.416059,0.034234
-0.133778,0.416696,0.033878
-0.129549,0.416275,0.033409
-0.128674,0.415351,0.034588
-0.129350,0.415872,0.033219
-0.129746,0.417777,0.034201
-0.124881,0.416672,0.034127
-0.124877,0.417147,0.032428
-0.124095,0.416800,0.033991
-0.122025,0.414822,0.034669
-0.120062,0.416436,0.032834
-0.118056,0.414956,0.034396
-0.117638,0.417811,0.036826
-0.117968,0.416942,0.033345
-0.114713,0.415462,0.035944
-0.113056,0.415655,0.035992
-0.113149,0.417894,0.035554
-0.111617,0.417603,0.035294
-0.109264,0.416892,0.035393
-0.108034,0.416191,0.037277
-0.107386,0.417922,0.035290
-0.104785,0.417531,0.037203
-0.102776,0.415209,0.035216
-0.103337,0.416580,0.036611
-0.101876,0.417359,0.036727
-0.099587,0.415815,0.036433
-0.098028,0.415498,0.036820
-0.096975,0.416054,0.038157
-0.094267,0.416131,0.036174
-0.093663,0.415926,0.038751
-0.093537,0.413859,0.036750
-0.091299,0.415179,0.037592
-0.088826,0.417429,0.039683
-0.087860,0.416116,0.038951
-0.087105,0.415783,0.038511
-0.084374,0.413997,0.039371
-0.083362,0.415394,0.039607
-0.081294,0.414375,0.039288
-0.080796,0.414472,0.038989
-0.079177,0.414842,0.039259
-0.079983,0.415343,0.041276
-0.077100,0.415429,0.040904
-0.076806,0.414903,0.041012
-0.073189,0.416004,0.040665
-0.072228,0.413866,0.041867
-0.071166,0.413646,0.042128
-0.069571,0.417154,0.041211
-0.068405,0.416880,0.042100
-0.068027,0.414846,0.043882
-0.065467,0.413370,0.042638
-0.064430,0.414099,0.043415
-0.065753,0.414734,0.044255
-0.061343,0.415714,0.044381
-0.061099,0.415001,0.043723
-0.058283,0.415985,0.044111
-0.059586,0.415709,0.044111
-0.058116,0.414685,0.045074
-0.055795,0.415274,0.043787
-0.055441,0.414317,0.044521
-0.051011,0.414457,0.047143
-0.050788,0.414776,0.045717
-0.048139,0.416429,0.045534
-0.050050,0.415676,0.047144
-0.048101,0.417994,0.045097
-0.046758,0.414640,0.046508
-0.045704,0.415331,0.046819
-0.042861,0.413754,0.047725
-0.040770,0.413659,0.047909
-0.040344,0.415265,0.048012
-0.039074,0.416951,0.048731
-0.036579,0.413588,0.047790
-0.035201,0.416629,0.050541
-0.033797,0.416347,0.048593
-0.033031,0.413848,0.046992
-0.031420,0.415147,0.046740
-0.030760,0.415424,0.047813
-0.029165,0.414754,0.046559
-0.028920,0.417666,0.048007
-0.025132,0.415675,0.049364
-0.025257,0.414724,0.048992
-0.022050,0.417147,0.048137
-0.022129,0.415650,0.049818
-0.020001,0.414563,0.048832
-0.021172,0.415262,0.050071
-0.018241,0.416412,0.048575
-0.017318,0.416530,0.048359
-0.016893,0.413918,0.049167
-0.013242,0.415754,0.047921
-0.013083,0.415022,0.048449
-0.011243,0.414410,0.048259
-0.009674,0.417462,0.046942
-0.010343,0.417001,0.048948
-0.005294,0.413989,0.047789
-0.005235,0.414788,0.046114
-0.005205,0.415030,0.046331
-0.003864,0.414363,0.046599
-0.000517,0.415852,0.045043
-0.000154,0.416587,0.047130
-0.000420,0.414709,0.045453
0.003758,0.414571,0.045892
0.001958,0.413606,0.044632
0.001493,0.413900,0.044382
0.006843,0.416455,0.043786
0.006481,0.414959,0.042428
0.010324,0.414518,0.043657
0.010198,0.416211,0.043154
0.011729,0.414831,0.042314
0.013111,0.415095,0.042317
0.013434,0.413623,0.042752
0.015667,0.415346,0.041395
0.017637,0.413443,0.041526
0.017943,0.415897,0.042234
0.020094,0.415394,0.040242
0.022267,0.414956,0.040003
0.021329,0.414267,0.038786
0.023537,0.414611,0.040904
0.025536,0.416019,0.038400
0.025173,0.416168,0.039903
0.028424,0.415435,0.037853
0.029056,0.415220,0.039374
0.031956,0.415257,0.034726
0.031946,0.417258,0.035215
0.034491,0.415767,0.034833
0.036465,0.416046,0.033976
0.037233,0.417066,0.035116
0.038007,0.416904,0.034018
0.039130,0.416662,0.033955
0.040507,0.417565,0.032837
0.042045,0.415780,0.030246
0.042880,0.415467,0.030315
0.046024,0.416980,0.030343
0.044862,0.415717,0.026940
0.048498,0.418751,0.027465
0.048726,0.417239,0.027294
0.049505,0.418600,0.025320
0.051427,0.418006,0.023226
0.054410,0.417816,0.022975
0.054877,0.417923,0.022628
0.055484,0.418026,0.021959
0.056424,0.416540,0.021464
0.058470,0.417444,0.020748
0.058375,0.416767,0.018895
0.061723,0.417489,0.019874
0.061877,0.417903,0.019892
0.063666,0.418781,0.018347
0.065672,0.417339,0.016145
0.065841,0.417972,0.015307
0.069069,0.417876,0.014181
0.068794,0.418805,0.014522
0.073415,0.417399,0.012210
0.072547,0.418559,0.012402
0.073095,0.418920,0.010430
0.074745,0.418607,0.009401
0.077744,0.417683,0.009602
0.077468,0.419749,0.007288
0.079446,0.419340,0.005886
0.081103,0.419090,0.005715
0.081359,0.420622,0.005842
0.082759,0.419240,0.003559
0.084737,0.420404,0.004385
0.086356,0.419150,0.001823
0.087135,0.420624,-0.000780
0.088298,0.419556,-0.000169
0.088984,0.418836,-0.002822
0.093193,0.421145,-0.003158
0.092118,0.421527,-0.004424
0.093552,0.419490,-0.006119
0.095364,0.420152,-0.005381
0.097321,0.420300,-0.005756
0.098827,0.419962,-0.007952
0.099537,0.420475,-0.009185
0.102303,0.420503,-0.009642
0.102616,0.420811,-0.011101
0.105031,0.419642,-0.010919
0.106878,0.420630,-0.015955
0.108177,0.418812,-0.015439
0.108607,0.420436,-0.018591
0.110045,0.420969,-0.018052
0.111141,0.421652,-0.019181
0.112318,0.422115,-0.020311
0.115464,0.421958,-0.021886
0.117429,0.420695,-0.024090
0.118080,0.422430,-0.026483
0.118930,0.422169,-0.027799
0.122030,0.422189,-0.030573
-0.181305,0.425085,-0.048710
-0.178482,0.425662,-0.041598
-0.176572,0.424527,-0.032184
-0.171915,0.423019,-0.028220
-0.172388,0.421919,-0.022088
-0.170175,0.420860,-0.015336
-0.168391,0.419911,-0.009313
-0.167673,0.419852,-0.001797
-0.164734,0.420646,0.004967
-0.163185,0.417735,0.011780
-0.161708,0.418597,0.016309
-0.161223,0.419509,0.022950
-0.157408,0.418503,0.031412
-0.154671,0.415684,0.034737
-0.152892,0.417263,0.034133
-0.153776,0.419105,0.034830
-0.151775,0.418632,0.034483
-0.152607,0.417096,0.034647
-0.150036,0.416845,0.033259
-0.146940,0.418057,0.035012
-0.147090,0.420101,0.033278
-0.146378,0.418282,0.033890
-0.142661,0.417749,0.034496
-0.141252,0.417367,0.033011
-0.140092,0.417294,0.034975
-0.138980,0.419320,0.033997
-0.139401,0.417077,0.034477
-0.134828,0.417098,0.031601
-0.134746,0.418378,0.034053
-0.134788,0.416864,0.034688
-0.134177,0.420463,0.032690
-0.130811,0.417278,0.033111
-0.129809,0.418453,0.032249
-0.127228,0.416571,0.034497
-0.127346,0.418275,0.031897
-0.125622,0.418212,0.034163
-0.125847,0.415234,0.034067
-0.123075,0.417257,0.033986
-0.120978,0.416605,0.034190
-0.119094,0.419114,0.034435
-0.118069,0.418324,0.033134
-0.117553,0.416192,0.034254
-0.116039,0.418155,0.034292
-0.115615,0.416943,0.035055
-0.112622,0.417991,0.034554
-0.112646,0.418521,0.035196
-0.110528,0.416047,0.034331
-0.106788,0.417019,0.036364
-0.108696,0.416716,0.036190
-0.104702,0.417078,0.033906
-0.105890,0.416757,0.034896
-0.101902,0.418220,0.036896
-0.102565,0.416091,0.035471
-0.100926,0.417690,0.035786
-0.100116,0.417370,0.037488
-0.099982,0.418132,0.034925
-0.096377,0.418814,0.039728
-0.096615,0.417037,0.037348
-0.092754,0.415717,0.039505
-0.094514,0.416565,0.038508
-0.089815,0.419010,0.038653
-0.089184,0.417310,0.039100
-0.087572,0.416721,0.039465
-0.087176,0.417401,0.040414
-0.086775,0.417509,0.040221
-0.084470,0.417987,0.040339
-0.082541,0.417282,0.037602
-0.082154,0.417516,0.039329
-0.079036,0.417158,0.040583
-0.078673,0.416541,0.039727
-0.077935,0.416008,0.038166
-0.075634,0.417088,0.040598
-0.075083,0.418781,0.041911
-0.073041,0.415709,0.041945
-0.072613,0.415121,0.040274
-0.070064,0.417894,0.041312
-0.069994,0.416836,0.042906
-0.067977,0.418147,0.044140
-0.066705,0.417868,0.042919
-0.065260,0.416579,0.042631
-0.064086,0.417700,0.043574
-0.060767,0.415233,0.044164
-0.062470,0.416165,0.044215
-0.058324,0.418821,0.043771
-0.060426,0.417486,0.042466
-0.057044,0.417372,0.044943
-0.056563,0.414783,0.044823
-0.053538,0.416979,0.044275
-0.052822,0.416401,0.043620
-0.050935,0.417278,0.047012
-0.049877,0.415713,0.045689
-0.047572,0.417813,0.046233
-0.044322,0.417008,0.044643
-0.047006,0.418568,0.045875
-0.045212,0.417271,0.045721
-0.043196,0.418660,0.044535
-0.042491,0.418167,0.047250
-0.039163,0.416574,0.047265
-0.039577,0.416423,0.047151
-0.036195,0.414601,0.047270
-0.037011,0.414189,0.046286
-0.034384,0.415175,0.043792
-0.032439,0.415475,0.048910
-0.031837,0.415477,0.047768
-0.030163,0.416192,0.048196
-0.030173,0.417646,0.048614
-0.027563,0.416623,0.048053
-0.024703,0.416203,0.049530
-0.025192,0.416193,0.047788
-0.022092,0.417098,0.048769
-0.021066,0.416146,0.045623
-0.020701,0.416424,0.046981
-0.017963,0.417464,0.050042
-0.018867,0.417689,0.047270
-0.015517,0.416287,0.049494
-0.014686,0.417269,0.047936
-0.016070,0.416254,0.047186
-0.013624,0.417916,0.048142
-0.012556,0.416700,0.046091
-0.010910,0.418437,0.048458
-0.007638,0.416715,0.046902
-0.006604,0.417187,0.046796
-0.004969,0.415347,0.046221
-0.004068,0.415600,0.044207
-0.004629,0.415933,0.043968
-0.002008,0.417165,0.044718
-0.001177,0.418696,0.046191
0.001651,0.416278,0.045843
0.002770,0.417557,0.045382
0.004017,0.415314,0.044975
0.005980,0.416582,0.045028
0.006682,0.416098,0.042668
0.007374,0.416273,0.044095
0.008020,0.416557,0.043189
0.009815,0.417933,0.045339
0.013125,0.416418,0.042594
0.013861,0.415946,0.042464
0.014844,0.417970,0.042031
0.016671,0.417870,0.041215
0.018823,0.416996,0.042715
0.018580,0.416291,0.039787
0.018736,0.417782,0.038466
0.021447,0.417911,0.041116
0.022679,0.418770,0.039731
0.023366,0.415679,0.039338
0.023952,0.417376,0.039078
0.026729,0.416596,0.038448
0.028347,0.419029,0.037214
0.028577,0.418395,0.038052
0.030888,0.418243,0.037931
0.032007,0.417703,0.036314
0.035202,0.416465,0.034051
0.033940,0.417610,0.033698
0.034999,0.416721,0.033572
0.037098,0.418151,0.031633
0.038692,0.418094,0.032198
0.040350,0.417788,0.031624
0.041262,0.417851,0.029630
0.043705,0.419328,0.029301
0.045837,0.417160,0.029594
0.045303,0.421010,0.029092
0.046428,0.418503,0.028061
0.049557,0.417681,0.028542
0.050434,0.418370,0.026397
0.050978,0.417457,0.026990
0.053834,0.420592,0.024230
0.053596,0.419274,0.022535
0.056584,0.417998,0.023401
0.057800,0.418662,0.022235
0.059052,0.419443,0.019594
0.059112,0.419193,0.018095
0.059784,0.419296,0.018366
0.063319,0.419597,0.014833
0.063121,0.417739,0.016534
0.065922,0.419848,0.013996
0.065376,0.420282,0.015335
0.068967,0.420539,0.012611
0.070358,0.420429,0.011850
0.071801,0.420598,0.010658
0.072636,0.418174,0.010361
0.073862,0.421009,0.008863
0.075257,0.420952,0.009778
0.075619,0.420822,0.008403
0.078137,0.419048,0.005073
0.081224,0.420110,0.006622
0.079149,0.421524,0.003439
0.080270,0.419878,0.004660
0.083014,0.420653,0.002850
0.084650,0.420192,0.001402
0.086652,0.420588,0.001255
0.089255,0.421472,0.002671
0.090478,0.421204,-0.000953
0.089010,0.422224,-0.001996
0.092462,0.421555,-0.004670
0.092644,0.420276,-0.004558
0.094040,0.421629,-0.004921
0.096386,0.422104,-0.006199
0.099064,0.420955,-0.007420
0.097973,0.422496,-0.008898
0.099245,0.420147,-0.009610
0.102519,0.421698,-0.012775
0.104387,0.424026,-0.011067
0.104063,0.421983,-0.014172
0.104991,0.423151,-0.014676
0.106832,0.421456,-0.016787
0.107470,0.421489,-0.018186
0.111293,0.424132,-0.018566
0.112565,0.423906,-0.020388
0.112790,0.423960,-0.021046
0.113554,0.422983,-0.023112
0.115717,0.423000,-0.025015
0.117094,0.423156,-0.025360
0.119503,0.424064,-0.025961
0.120523,0.424889,-0.029569
-0.179689,0.428826,-0.055453
-0.179296,0.425988,-0.046454
-0.176498,0.426605,-0.040448
-0.175838,0.426739,-0.036325
-0.173877,0.426954,-0.027489
-0.171766,0.424429,-0.020138
-0.168439,0.423561,-0.014010
-0.168542,0.424366,-0.005182
-0.167805,0.423285,-0.002524
-0.166670,0.419743,0.005219
-0.164187,0.420835,0.012040
-0.161589,0.421742,0.017996
-0.158443,0.420149,0.026267
-0.157320,0.420437,0.031389
-0.156303,0.421389,0.034511
-0.153303,0.419015,0.034134
-0.152546,0.419018,0.035006
-0.152703,0.419243,0.035474
-0.151027,0.421151,0.033492
-0.149651,0.419150,0.035514
-0.146243,0.420078,0.035033
-0.146536,0.418704,0.033584
-0.147401,0.420116,0.034184
-0.142976,0.418690,0.032487
-0.141011,0.418650,0.033736
-0.140710,0.421067,0.035418
-0.137769,0.419854,0.032312
-0.139204,0.418636,0.034429
-0.135755,0.417998,0.033277
-0.135404,0.418762,0.034822
-0.135601,0.419208,0.032964
-0.134259,0.420224,0.031935
-0.130363,0.420565,0.032484
-0.129792,0.421092,0.031608
-0.128530,0.419002,0.031790
-0.127208,0.420657,0.030956
-0.126356,0.418367,0.032323
-0.123864,0.418169,0.033307
-0.122717,0.420539,0.033287
-0.121527,0.419497,0.032252
-0.120829,0.422600,0.032775
-0.117830,0.419284,0.032714
-0.117966,0.419765,0.031759
-0.116044,0.418411,0.032647
-0.113936,0.420007,0.033410
-0.111472,0.419485,0.033137
-0.111461,0.419182,0.033822
-0.110717,0.419823,0.035405
-0.110214,0.420530,0.033097
-0.106945,0.420013,0.033229
-0.107597,0.419873,0.034109
-0.105924,0.420140,0.034180
-0.102977,0.418126,0.033871
-0.101419,0.418889,0.034281
-0.100115,0.420332,0.034184
-0.099927,0.418519,0.035341
-0.099168,0.418239,0.037087
-0.096823,0.418885,0.035749
-0.094541,0.418487,0.037109
-0.095868,0.419957,0.037786
-0.092549,0.417437,0.036901
-0.092450,0.420207,0.036267
-0.088979,0.419735,0.037930
-0.088103,0.418977,0.037390
-0.088230,0.419254,0.039475
-0.087324,0.418623,0.038961
-0.084509,0.417639,0.038449
-0.080818,0.417691,0.040215
-0.080532,0.420191,0.038813
-0.079596,0.418037,0.038272
-0.080538,0.420390,0.038023
-0.077654,0.419607,0.041084
-0.076889,0.419481,0.040244
-0.076320,0.418810,0.039374
-0.072092,0.417798,0.041796
-0.071214,0.418891,0.040082
-0.070697,0.417598,0.041458
-0.069027,0.421087,0.040278
-0.066968,0.418300,0.043391
-0.067806,0.418511,0.043078
-0.066550,0.418154,0.043439
-0.063228,0.417119,0.043709
-0.064173,0.417534,0.042888
-0.060821,0.418543,0.042315
-0.059101,0.417786,0.044177
-0.057718,0.419446,0.044175
-0.057363,0.416597,0.043457
-0.054800,0.419015,0.043091
-0.054151,0.418733,0.042898
-0.052065,0.417629,0.044947
-0.050999,0.417927,0.045030
-0.048529,0.417513,0.043337
-0.047185,0.420609,0.043873
-0.046980,0.417541,0.046384
-0.045092,0.418200,0.044578
-0.045393,0.416924,0.047998
-0.042647,0.418794,0.047141
-0.041413,0.417934,0.045750
-0.039207,0.417341,0.048136
-0.037044,0.418028,0.046803
-0.036254,0.419276,0.047468
-0.037584,0.417514,0.046669
-0.032890,0.417736,0.045978
-0.032509,0.418627,0.048159
-0.031229,0.417005,0.047673
-0.030617,0.419006,0.047984
-0.028446,0.419326,0.047075
-0.029246,0.418421,0.048022
-0.024582,0.416962,0.047616
-0.026220,0.417671,0.047060
-0.023370,0.417790,0.047152
-0.021741,0.418854,0.045634
-0.021245,0.419397,0.047734
-0.019854,0.417426,0.048405
-0.017155,0.420271,0.047441
-0.018176,0.419325,0.048469
-0.015167,0.418780,0.046035
-0.013973,0.418195,0.046853
-0.012891,0.418870,0.046151
-0.013914,0.418703,0.048113
-0.011551,0.420664,0.045793
-0.009938,0.416558,0.046076
-0.005871,0.418727,0.047035
-0.005546,0.418385,0.045324
-0.005954,0.418293,0.046593
-0.004013,0.418122,0.044944
-0.001434,0.416258,0.046372
-0.000631,0.418207,0.045068
0.001979,0.417956,0.043663
0.000624,0.417720,0.043386
0.004198,0.417671,0.043008
0.006979,0.419744,0.044416
0.006877,0.419089,0.043383
0.006788,0.418673,0.042522
0.007290,0.417519,0.042760
0.010370,0.418832,0.043620
0.011938,0.418577,0.043606
0.012525,0.419356,0.042787
0.015079,0.419672,0.041197
0.015782,0.418445,0.041338
0.017743,0.418995,0.041343
0.017925,0.417713,0.041278
0.017756,0.418348,0.038699
0.020676,0.419243,0.038929
0.023266,0.418518,0.037862
0.024981,0.418250,0.037266
0.026212,0.420642,0.034421
0.025995,0.420986,0.038178
0.028132,0.418029,0.037512
0.027898,0.418301,0.035972
0.031934,0.417630,0.033031
0.031690,0.419011,0.033610
0.032323,0.417962,0.034357
0.035855,0.418161,0.034708
0.035590,0.420223,0.033760
0.036914,0.421384,0.031739
0.039639,0.417885,0.031805
0.041979,0.419587,0.033171
0.040771,0.419537,0.030964
0.045098,0.419636,0.028029
0.044665,0.418984,0.026169
0.045852,0.419321,0.029069
0.047325,0.419084,0.026698
0.047868,0.419907,0.026665
0.050254,0.419588,0.025217
0.052266,0.421088,0.023049
0.053585,0.421006,0.022957
0.054082,0.421087,0.022632
0.057462,0.419998,0.021666
0.057185,0.421182,0.019231
0.059387,0.421829,0.017490
0.059608,0.421449,0.017814
0.061896,0.419778,0.016279
0.062130,0.421175,0.015671
0.065514,0.422283,0.013976
0.064465,0.421638,0.014846
0.066420,0.421220,0.012178
0.066601,0.418991,0.011608
0.070482,0.420977,0.011643
0.070835,0.421258,0.010736
0.071714,0.421158,0.009642
0.074689,0.423444,0.010124
0.074150,0.420459,0.007580
0.077101,0.422947,0.006051
0.077761,0.420833,0.006215
0.077821,0.422818,0.005617
0.081841,0.421663,0.002602
0.082349,0.422076,0.003476
0.083586,0.421790,0.001715
0.086131,0.421235,0.000581
0.086252,0.422148,-0.000381
0.085763,0.424319,-0.000248
0.090716,0.422591,-0.000346
0.089796,0.423674,-0.002483
0.091315,0.423225,-0.004382
0.093150,0.421694,-0.004154
0.093449,0.424089,-0.005229
0.097440,0.422818,-0.006480
0.098397,0.423437,-0.004917
0.098554,0.423543,-0.010165
0.099279,0.423364,-0.010544
0.100881,0.423130,-0.011033
0.102761,0.424722,-0.013516
0.104526,0.425882,-0.014019
0.106492,0.425194,-0.015698
0.106625,0.423346,-0.015196
0.109080,0.425475,-0.017015
0.111962,0.423659,-0.018946
0.112447,0.422965,-0.020936
0.112324,0.424201,-0.022533
0.114784,0.425609,-0.022975
0.116484,0.424594,-0.023963
0.118919,0.424072,-0.026598
0.117925,0.425959,-0.027568
0.120363,0.424683,-0.029362
-0.181671,0.429331,-0.053817
-0.179709,0.427887,-0.045323
-0.178206,0.428578,-0.038438
-0.174606,0.427218,-0.032878
-0.173586,0.426636,-0.027558
-0.172753,0.424973,-0.020363
-0.168978,0.424230,-0.013625
-0.168837,0.424789,-0.006220
-0.167748,0.424372,0.000708
-0.164795,0.425494,0.008213
-0.162667,0.421152,0.013664
-0.159432,0.421642,0.021322
-0.159542,0.421010,0.026718
-0.157166,0.420955,0.033409
-0.156043,0.419550,0.034812
-0.153202,0.421454,0.034897
-0.153539,0.421627,0.034643
-0.148456,0.422508,0.036286
-0.149911,0.421685,0.036226
-0.147774,0.422379,0.033690
-0.147174,0.422730,0.035175
-0.144436,0.422093,0.031634
-0.144556,0.421462,0.032186
-0.142479,0.422201,0.032899
-0.142372,0.420309,0.033148
-0.140155,0.420575,0.033257
-0.139339,0.421735,0.031693
-0.137612,0.422216,0.032640
-0.136938,0.419004,0.031620
-0.136174,0.420696,0.031154
-0.133067,0.419895,0.034215
-0.130380,0.420273,0.034297
-0.130459,0.420477,0.032122
-0.132040,0.420869,0.031914
-0.129122,0.420931,0.031476
-0.127227,0.420679,0.034243
-0.126829,0.421617,0.032855
-0.124899,0.419730,0.031712
-0.121672,0.420534,0.033203
-0.121664,0.419138,0.031679
-0.121960,0.421550,0.032270
-0.118534,0.421544,0.031131
-0.116496,0.420404,0.033460
-0.116935,0.419762,0.032841
-0.113513,0.421770,0.033231
-0.113074,0.419956,0.034212
-0.111532,0.420161,0.033735
-0.110223,0.419859,0.034267
-0.108311,0.419785,0.035619
-0.107637,0.421844,0.035217
-0.106200,0.421466,0.033853
-0.104011,0.420718,0.032639
-0.103165,0.422058,0.033298
-0.103321,0.421722,0.034523
-0.101777,0.421469,0.036562
-0.098339,0.421066,0.036056
-0.099164,0.421696,0.035575
-0.096562,0.420695,0.035404
-0.094615,0.420981,0.035994
-0.093247,0.421859,0.035201
-0.092229,0.422325,0.037151
-0.091739,0.419036,0.036717
-0.090074,0.421036,0.037066
-0.087051,0.420930,0.038123
-0.087829,0.420291,0.038521
-0.087191,0.421527,0.038819
-0.084861,0.421338,0.037472
-0.081564,0.421522,0.038994
-0.080669,0.417870,0.037982
-0.080080,0.418664,0.038678
-0.077645,0.420866,0.039907
-0.077258,0.418955,0.040169
-0.077363,0.420064,0.037505
-0.073930,0.421395,0.040405
-0.072619,0.420108,0.040116
-0.071885,0.419886,0.040120
-0.069638,0.421576,0.042902
-0.068801,0.420875,0.040570
-0.068398,0.421649,0.040299
-0.065945,0.420040,0.040576
-0.065380,0.418760,0.041888
-0.064401,0.421775,0.041772
-0.063604,0.421797,0.042679
-0.060992,0.421057,0.041200
-0.059575,0.420577,0.043143
-0.058708,0.420555,0.043717
-0.057315,0.422253,0.042868
-0.055720,0.419578,0.043376
-0.052460,0.422935,0.042623
-0.051708,0.419714,0.044184
-0.052258,0.418854,0.043182
-0.049895,0.419179,0.045834
-0.048320,0.421871,0.045401
-0.044956,0.419196,0.044993
-0.046237,0.418937,0.044815
-0.044091,0.419219,0.045727
-0.042887,0.419509,0.046084
-0.041946,0.419258,0.046088
-0.039871,0.418032,0.045755
-0.037824,0.419199,0.046668
-0.038210,0.419598,0.045699
-0.035202,0.418813,0.045845
-0.034448,0.418702,0.045908
-0.036122,0.419023,0.045584
-0.031505,0.419807,0.048337
-0.032627,0.419740,0.045908
-0.028684,0.420688,0.046976
-0.029223,0.420006,0.048461
-0.026150,0.418342,0.047160
-0.026250,0.419909,0.048751
-0.026117,0.418673,0.047658
-0.025415,0.419617,0.046657
-0.022025,0.420438,0.045371
-0.018817,0.420492,0.045491
-0.018157,0.420072,0.046223
-0.016509,0.419103,0.047766
-0.015802,0.419813,0.046571
-0.013998,0.418353,0.046845
-0.011289,0.420156,0.046533
-0.010984,0.418472,0.046182
-0.010880,0.419483,0.044917
-0.010347,0.420784,0.043476
-0.008944,0.419304,0.046477
-0.005950,0.419181,0.043699
-0.003881,0.421150,0.045196
-0.004597,0.421109,0.043395
-0.000903,0.420790,0.044822
-0.001999,0.420227,0.045014
-0.001407,0.420170,0.046007
0.003712,0.419341,0.041543
0.002978,0.418895,0.042101
0.006354,0.419735,0.042807
0.007631,0.419764,0.043637
0.005554,0.420357,0.042708
0.010105,0.420742,0.040438
0.011385,0.421052,0.042913
0.012031,0.419701,0.042218
0.011594,0.420354,0.042241
0.011758,0.420406,0.040340
0.014285,0.419069,0.040559
0.016945,0.419865,0.039092
0.017129,0.421348,0.039529
0.019583,0.422394,0.037335
0.022084,0.419479,0.040013
0.019685,0.420206,0.037211
0.023309,0.422087,0.037151
0.026290,0.419825,0.038445
0.027036,0.422357,0.036742
0.028255,0.419490,0.035531
0.027179,0.422131,0.034273
0.030615,0.420469,0.033246
0.032231,0.419404,0.033519
0.033175,0.422847,0.034419
0.036376,0.419734,0.033360
0.037658,0.421910,0.032134
0.036332,0.421127,0.032205
0.037142,0.421505,0.030715
0.042150,0.422818,0.028601
0.042750,0.421790,0.028440
0.041122,0.420639,0.027203
0.044171,0.421527,0.026878
0.044132,0.422308,0.026674
0.045411,0.422332,0.026597
0.048193,0.420562,0.024361
0.050004,0.421972,0.023957
0.052392,0.420690,0.024202
0.052389,0.421741,0.022566
0.053316,0.420101,0.020075
0.056966,0.422155,0.022028
0.057169,0.423876,0.019794
0.059853,0.422992,0.019223
0.061950,0.423771,0.016529
0.062385,0.422007,0.016561
0.062092,0.422664,0.015234
0.062599,0.423741,0.014105
0.066396,0.424510,0.014180
0.066525,0.424087,0.012889
0.068451,0.422508,0.011775
0.069419,0.422509,0.011990
0.070975,0.423523,0.009911
0.075564,0.423590,0.009002
0.072398,0.423040,0.008805
0.075177,0.424152,0.007175
0.077473,0.422814,0.004929
0.079022,0.424389,0.005079
0.080710,0.425423,0.004157
0.080756,0.423005,0.003321
0.081271,0.424861,0.002448
0.084372,0.424970,0.000777
0.086318,0.422365,0.000382
0.087564,0.425541,0.000558
0.088069,0.425286,-0.001441
0.088580,0.425813,-0.002969
0.089058,0.426797,-0.003126
0.091698,0.424443,-0.004634
0.092498,0.424466,-0.006872
0.095693,0.426314,-0.007964
0.095913,0.424272,-0.005524
0.096816,0.426474,-0.010038
0.100087,0.425138,-0.010961
0.100887,0.425434,-0.011872
0.102112,0.425965,-0.011208
0.104021,0.425802,-0.013695
0.102937,0.423246,-0.014936
0.105912,0.425594,-0.016093
0.107314,0.427105,-0.014777
0.108320,0.426149,-0.020488
0.110914,0.426201,-0.018404
0.112663,0.427805,-0.022156
0.115078,0.427947,-0.022083
0.114901,0.425964,-0.023631
0.117265,0.425945,-0.026286
0.118804,0.426569,-0.026007
0.118545,0.428814,-0.027210
0.121146,0.427723,-0.027405
-0.181052,0.429401,-0.050439
-0.180787,0.429538,-0.042788
-0.179493,0.431767,-0.037924
-0.174615,0.429982,-0.030262
-0.175008,0.427136,-0.024895
-0.172015,0.428130,-0.017814
-0.169865,0.427333,-0.009775
-0.168271,0.424609,-0.004007
-0.166013,0.426472,0.001423
-0.164697,0.424809,0.009056
-0.161953,0.424700,0.016900
-0.158946,0.424003,0.020839
-0.158466,0.422417,0.026546
-0.158207,0.422440,0.032939
-0.156045,0.423419,0.034881
-0.156172,0.420001,0.035542
-0.152612,0.424173,0.033676
-0.151765,0.421597,0.033113
-0.149496,0.422425,0.033615
-0.148533,0.421397,0.033122
-0.149434,0.421583,0.036062
-0.147620,0.423731,0.032185
-0.144923,0.422150,0.033109
-0.142176,0.421627,0.033145
-0.143909,0.422206,0.031927
-0.141475,0.421697,0.033363
-0.139374,0.422084,0.031329
-0.139069,0.422167,0.031475
-0.137983,0.424052,0.033390
-0.135848,0.422529,0.031963
-0.134234,0.423517,0.031238
-0.133440,0.424058,0.032012
-0.130081,0.422657,0.032514
-0.131742,0.421749,0.031399
-0.128106,0.423331,0.032296
-0.127392,0.423637,0.033064
-0.126343,0.422129,0.032409
-0.125640,0.423557,0.032583
-0.122431,0.423617,0.031108
-0.122663,0.423735,0.032200
-0.120841,0.421999,0.030277
-0.118469,0.420567,0.031988
-0.117817,0.424762,0.031467
-0.114825,0.422160,0.033052
-0.117610,0.423153,0.031929
-0.112364,0.421173,0.032371
-0.112730,0.422678,0.033100
-0.108232,0.421853,0.032455
-0.108783,0.423413,0.034971
-0.109109,0.422844,0.035173
-0.106618,0.421850,0.034173
-0.106517,0.421515,0.034957
-0.102534,0.422813,0.032856
-0.101751,0.422665,0.035643
-0.100715,0.422093,0.034513
-0.100279,0.421609,0.035205
-0.095687,0.422271,0.034101
-0.094489,0.423186,0.035969
-0.096842,0.422876,0.033858
-0.094367,0.421481,0.035179
-0.093788,0.421140,0.036580
-0.092931,0.420660,0.037162
-0.091766,0.421601,0.036593
-0.089145,0.421326,0.038089
-0.086973,0.424186,0.037658
-0.085316,0.421828,0.035864
-0.083835,0.422547,0.036546
-0.081611,0.423204,0.039495
-0.082384,0.423028,0.037843
-0.080401,0.423358,0.037017
-0.079269,0.419992,0.038085
-0.079410,0.421366,0.037839
-0.077214,0.421947,0.040446
-0.073303,0.421883,0.038981
-0.073387,0.422506,0.038849
-0.071917,0.420384,0.040033
-0.071996,0.422222,0.039951
-0.067316,0.420770,0.041125
-0.067832,0.422203,0.041142
-0.065865,0.424135,0.040621
-0.066593,0.423278,0.042384
-0.065108,0.421304,0.042892
-0.062334,0.421495,0.042260
-0.060587,0.420917,0.043463
-0.058887,0.420847,0.043300
-0.058042,0.421064,0.042865
-0.057292,0.421786,0.041545
-0.054717,0.420672,0.042586
-0.055145,0.421938,0.042386
-0.051980,0.422511,0.042919
-0.051518,0.420051,0.045496
-0.046938,0.421164,0.044854
-0.050477,0.420529,0.046022
-0.045815,0.422628,0.044495
-0.045203,0.421116,0.044477
-0.044153,0.423148,0.044292
-0.042350,0.420919,0.044066
-0.042604,0.420282,0.044203
-0.040483,0.422517,0.045493
-0.039130,0.421247,0.046353
-0.038738,0.423084,0.043172
-0.034788,0.419643,0.045710
-0.034234,0.419933,0.045262
-0.034991,0.422488,0.043548
-0.031724,0.421828,0.045849
-0.031468,0.423492,0.046458
-0.029248,0.421811,0.047049
-0.028602,0.420850,0.045886
-0.026761,0.421978,0.046967
-0.024976,0.420648,0.046287
-0.023415,0.418899,0.047174
-0.021628,0.422789,0.045729
-0.020766,0.420919,0.046692
-0.017753,0.423223,0.044795
-0.019630,0.421819,0.044539
-0.016560,0.420892,0.045557
-0.015655,0.422228,0.045658
-0.013840,0.419985,0.046337
-0.012600,0.422732,0.044838
-0.010596,0.421208,0.044887
-0.009208,0.419694,0.046479
-0.006204,0.420138,0.043486
-0.005938,0.422544,0.045974
-0.006048,0.423730,0.043093
-0.004287,0.420617,0.043737
-0.002679,0.424447,0.043061
-0.000602,0.423017,0.043928
-0.002426,0.421346,0.044213
0.001117,0.422952,0.042599
0.000672,0.420324,0.042162
0.002509,0.421481,0.041111
0.005533,0.421408,0.041850
0.007422,0.420288,0.041667
0.008962,0.422195,0.042319
0.009246,0.423473,0.040551
0.010233,0.420983,0.041627
0.011167,0.421393,0.041338
0.012056,0.421288,0.040495
0.014811,0.421922,0.039137
0.013476,0.423397,0.038181
0.017433,0.423021,0.039156
0.018953,0.423603,0.038529
0.018227,0.422250,0.037966
0.021559,0.420969,0.036555
0.024620,0.423342,0.037854
0.025270,0.421370,0.035572
0.025349,0.422892,0.034435
0.025528,0.423062,0.034232
0.027846,0.421764,0.035687
0.030284,0.423674,0.034256
0.029565,0.422637,0.035268
0.032757,0.422418,0.032628
0.033411,0.422603,0.032793
0.035496,0.424125,0.030769
0.035909,0.422730,0.029038
0.037875,0.422744,0.029165
0.037698,0.423898,0.029682
0.040279,0.422613,0.027112
0.043920,0.421961,0.029633
0.042285,0.425008,0.027290
0.042429,0.422554,0.026426
0.046407,0.422475,0.024255
0.048431,0.422073,0.026098
0.047996,0.423307,0.023669
0.050922,0.422563,0.023517
0.050471,0.423942,0.022820
0.051745,0.422524,0.022026
0.054531,0.425595,0.022070
0.055904,0.424917,0.020327
0.054526,0.424448,0.016944
0.058602,0.424702,0.017175
0.061462,0.422932,0.016301
0.060566,0.425800,0.015890
0.060941,0.424662,0.014449
0.064610,0.426376,0.013343
0.064192,0.425654,0.011463
0.066764,0.425121,0.012181
0.067647,0.423854,0.012321
0.069623,0.422676,0.008569
0.071002,0.426096,0.009781
0.072998,0.426189,0.006579
0.073052,0.424145,0.006878
0.076919,0.425679,0.006889
0.075822,0.427312,0.006898
0.079882,0.425799,0.004849
0.077929,0.426195,0.003135
0.078720,0.425858,0.001969
0.083181,0.425090,0.001187
0.083242,0.425650,0.000114
0.085024,0.424702,-0.000904
0.087749,0.426795,0.000149
0.088170,0.426560,-0.002082
0.090051,0.427206,-0.005074
0.089774,0.426030,-0.006642
0.092986,0.427818,-0.007069
0.093591,0.426275,-0.006965
0.095456,0.425961,-0.009113
0.095619,0.426605,-0.007930
0.098737,0.427451,-0.011065
0.099429,0.426090,-0.011336
0.101145,0.427232,-0.013411
0.102300,0.427113,-0.014160
0.105522,0.425700,-0.013995
0.103161,0.426117,-0.016128
0.104894,0.425173,-0.016200
0.107439,0.428127,-0.015932
0.106579,0.426547,-0.020161
0.111950,0.425685,-0.020660
0.112741,0.427229,-0.020175
0.113719,0.428301,-0.022736
0.113267,0.427232,-0.023389
0.117076,0.429448,-0.023132
0.117916,0.428900,-0.026416
0.120101,0.426772,-0.026568
0.119419,0.428862,-0.029086
-0.180368,0.431959,-0.047777
-0.178311,0.432325,-0.043134
-0.176715,0.431284,-0.036248
-0.175586,0.431159,-0.027965
-0.173140,0.428111,-0.022370
-0.171665,0.427423,-0.015671
-0.171338,0.427551,-0.008688
-0.168957,0.428693,-0.000512
-0.165730,0.426937,0.004756
-0.165105,0.427166,0.007998
-0.162560,0.425406,0.017115
-0.159642,0.425482,0.022598
-0.158277,0.423895,0.029227
-0.156830,0.424137,0.032932
-0.155391,0.423555,0.034392
-0.155745,0.425960,0.034150
-0.154799,0.424204,0.032523
-0.149872,0.424953,0.032170
-0.149857,0.424838,0.035093
-0.148267,0.425092,0.034672
-0.146578,0.424933,0.034069
-0.146126,0.423741,0.031778
-0.144934,0.423388,0.033951
-0.143244,0.422605,0.032008
-0.141752,0.426039,0.033909
-0.143254,0.424461,0.032634
-0.138121,0.425316,0.031146
-0.137152,0.424499,0.031943
-0.134410,0.424758,0.033587
-0.136054,0.424059,0.030900
-0.134870,0.422994,0.032205
-0.134336,0.423621,0.030837
-0.131244,0.425212,0.031500
-0.129381,0.423540,0.030264
-0.128781,0.424345,0.032367
-0.128182,0.424362,0.032064
-0.125263,0.423321,0.031364
-0.123836,0.424368,0.031270
-0.121499,0.424767,0.031362
-0.122446,0.424111,0.030912
-0.122011,0.424626,0.030995
-0.117429,0.423316,0.030780
-0.116349,0.423767,0.031915
-0.116459,0.423827,0.032363
-0.115222,0.425269,0.030815
-0.115252,0.423352,0.030663
-0.112171,0.424332,0.032633
-0.109611,0.425465,0.032593
-0.110811,0.423264,0.033785
-0.107774,0.420958,0.032485
-0.106165,0.424191,0.032011
-0.105429,0.423099,0.032837
-0.103798,0.424867,0.033111
-0.101101,0.424917,0.035253
-0.101422,0.425272,0.032990
-0.097956,0.424705,0.034610
-0.096363,0.424537,0.034786
-0.097406,0.423287,0.034825
-0.095504,0.423558,0.034632
-0.094127,0.426001,0.034917
-0.094544,0.424841,0.035430
-0.089075,0.424998,0.035597
-0.090704,0.422042,0.037125
-0.089750,0.425672,0.036897
-0.088190,0.423932,0.034493
-0.086146,0.425192,0.036607
-0.083609,0.424261,0.037171
-0.083965,0.423113,0.037545
-0.083428,0.422270,0.037367
-0.079186,0.423264,0.038615
-0.078750,0.423750,0.036747
-0.077436,0.422880,0.040163
-0.075328,0.423739,0.038418
-0.076487,0.422255,0.039317
-0.072938,0.420367,0.039713
-0.071140,0.423970,0.039279
-0.070824,0.422357,0.040488
-0.069120,0.424154,0.039386
-0.066945,0.425085,0.040558
-0.065075,0.424762,0.040718
-0.066294,0.422866,0.041149
-0.062768,0.422689,0.042087
-0.062040,0.422228,0.040769
-0.061753,0.422216,0.041151
-0.059227,0.423272,0.041808
-0.058168,0.425304,0.042779
-0.056921,0.422856,0.044007
-0.055489,0.422840,0.043288
-0.054851,0.422601,0.042978
-0.053795,0.423935,0.042499
-0.051847,0.423426,0.045170
-0.049735,0.423302,0.043245
-0.047963,0.423352,0.042400
-0.046450,0.423013,0.045598
-0.047082,0.423121,0.044403
-0.045133,0.424259,0.043616
-0.041727,0.423724,0.045000
-0.042249,0.421948,0.044685
-0.039293,0.424848,0.044418
-0.039036,0.420742,0.047216
-0.037733,0.424809,0.044839
-0.036671,0.422745,0.043698
-0.034139,0.422682,0.044016
-0.034142,0.422251,0.045509
-0.031803,0.423879,0.045091
-0.033966,0.423258,0.045110
-0.028334,0.421617,0.044720
-0.028524,0.422763,0.046091
-0.027589,0.424049,0.047372
-0.025229,0.423266,0.046611
-0.022834,0.422280,0.044238
-0.022966,0.422228,0.047354
-0.021368,0.422889,0.045974
-0.018815,0.424019,0.045285
-0.019881,0.423351,0.046481
-0.017944,0.424001,0.045002
-0.014775,0.423702,0.046622
-0.013632,0.423098,0.043415
-0.014126,0.420830,0.044637
-0.010865,0.424197,0.045661
-0.011075,0.423821,0.043345
-0.008937,0.423011,0.043361
-0.009110,0.424078,0.043866
-0.005042,0.423601,0.044973
-0.004958,0.423088,0.041933
-0.002914,0.422155,0.042526
-0.001602,0.424121,0.042938
-0.001634,0.423517,0.042784
0.001106,0.421633,0.042166
0.000907,0.423338,0.042810
0.003338,0.424302,0.042736
0.005667,0.423433,0.041782
0.006402,0.422114,0.041433
0.007422,0.423921,0.041401
0.008851,0.422582,0.041499
0.011256,0.424339,0.040941
0.010103,0.424346,0.040509
0.013205,0.422732,0.040509
0.014617,0.423935,0.038849
0.015194,0.423616,0.040059
0.017002,0.423366,0.038227
0.019210,0.423795,0.038073
0.020822,0.424597,0.037491
0.020929,0.424084,0.039139
0.022373,0.424708,0.039657
0.024206,0.422598,0.037780
0.025806,0.423277,0.035815
0.026766,0.424149,0.037662
0.027204,0.423132,0.033273
0.030202,0.425423,0.032913
0.031343,0.425756,0.033234
0.033605,0.424598,0.032174
0.033718,0.424976,0.032183
0.035174,0.424692,0.031756
0.036274,0.423916,0.029435
0.038868,0.424344,0.030252
0.040834,0.426657,0.027354
0.040276,0.425310,0.026689
0.042247,0.424906,0.026115
0.044439,0.425105,0.025923
0.041573,0.423971,0.026811
0.046856,0.423216,0.024365
0.045945,0.426523,0.022423
0.048343,0.422492,0.024031
0.048727,0.425113,0.024054
0.051354,0.425567,0.022027
0.052132,0.426575,0.021722
0.053108,0.425610,0.019160
0.057712,0.426673,0.016802
0.058987,0.424845,0.018131
0.059688,0.426773,0.016313
0.058697,0.425687,0.015458
0.058372,0.426709,0.012973
0.061980,0.428589,0.013994
0.064197,0.424415,0.014452
0.066632,0.428124,0.011409
0.067577,0.426940,0.012369
0.068785,0.425995,0.009450
0.069569,0.428511,0.007934
0.070228,0.424676,0.008194
0.073015,0.426924,0.009093
0.074523,0.427895,0.008120
0.076104,0.427352,0.005095
0.077091,0.426158,0.003163
0.079740,0.427927,0.003920
0.078787,0.425774,0.004549
0.079147,0.428228,0.001367
0.081946,0.428921,-0.001065
0.085902,0.428035,-0.000842
0.083959,0.426647,-0.001296
0.086812,0.427786,-0.003311
0.086536,0.427351,-0.002771
0.089368,0.427855,-0.004364
0.090837,0.425566,-0.005451
0.089097,0.429744,-0.006598
0.094899,0.428896,-0.006761
0.095040,0.428512,-0.008545
0.095381,0.428293,-0.007389
0.096264,0.428685,-0.010746
0.100597,0.429616,-0.011530
0.100554,0.428501,-0.010325
0.101480,0.428565,-0.013900
0.101883,0.428635,-0.014609
0.103898,0.429115,-0.015631
0.106331,0.430134,-0.016272
0.106297,0.428305,-0.017578
0.107963,0.428990,-0.018879
0.108868,0.428365,-0.023430
0.111265,0.428748,-0.021484
0.113007,0.429519,-0.025062
0.113537,0.429771,-0.024284
0.117087,0.429964,-0.026441
0.116101,0.430276,-0.027479
0.119405,0.431873,-0.027497
0.120393,0.432366,-0.027341
-0.180297,0.432370,-0.048544
-0.178009,0.433746,-0.040063
-0.176732,0.433033,-0.033749
-0.173158,0.432040,-0.027088
-0.172607,0.432199,-0.021522
-0.171332,0.429949,-0.015959
-0.170547,0.431826,-0.008959
-0.168343,0.428100,-0.002678
-0.165664,0.428191,0.004392
-0.164016,0.425910,0.012226
-0.162706,0.426840,0.016838
-0.160160,0.427399,0.026204
-0.160117,0.426688,0.030491
-0.157488,0.424407,0.034561
-0.156671,0.425491,0.034865
-0.155045,0.425973,0.034391
-0.155862,0.425099,0.034695
-0.152187,0.425343,0.031755
-0.149215,0.425204,0.033005
-0.150173,0.426003,0.033969
-0.148325,0.427131,0.031463
-0.145190,0.425204,0.033187
-0.145504,0.425632,0.032303
-0.146080,0.426818,0.033210
-0.141938,0.423402,0.032104
-0.142146,0.425506,0.029932
-0.140980,0.426922,0.029973
-0.138436,0.426429,0.031873
-0.137727,0.425809,0.031275
-0.134922,0.427178,0.031443
-0.134404,0.426085,0.029437
-0.134612,0.425801,0.030693
-0.131415,0.426714,0.031034
-0.129519,0.426154,0.031084
-0.128565,0.423477,0.031324
-0.127898,0.425165,0.030082
-0.125880,0.426714,0.029173
-0.122516,0.425393,0.030143
-0.123635,0.426014,0.031648
-0.120934,0.426222,0.031493
-0.121734,0.424992,0.031987
-0.118693,0.425435,0.030395
-0.118987,0.424337,0.032303
-0.116254,0.424685,0.031295
-0.115402,0.425356,0.032913
-0.114373,0.426730,0.030969
-0.111041,0.429053,0.033205
-0.111519,0.424927,0.031461
-0.109146,0.425921,0.031851
-0.108106,0.425307,0.032404
-0.106376,0.425365,0.033140
-0.106204,0.426489,0.033419
-0.102983,0.425328,0.033969
-0.102545,0.425413,0.032712
-0.101357,0.422890,0.034173
-0.100060,0.426997,0.032731
-0.099337,0.425808,0.032979
-0.095021,0.424908,0.034175
-0.094648,0.425165,0.034394
-0.094035,0.423590,0.033883
-0.093999,0.425013,0.035724
-0.090978,0.424920,0.035436
-0.090153,0.426719,0.035294
-0.089240,0.425904,0.037043
-0.088760,0.425089,0.034655
-0.084007,0.425207,0.034166
-0.086864,0.426248,0.036941
-0.082327,0.425298,0.037911
-0.080923,0.425386,0.036210
-0.080261,0.424578,0.037684
-0.078094,0.425229,0.039386
-0.076039,0.424424,0.034619
-0.076108,0.423917,0.037758
-0.074491,0.424659,0.039541
-0.073584,0.425019,0.040113
-0.073285,0.425651,0.039705
-0.068787,0.424854,0.038894
-0.068269,0.424778,0.039756
-0.067896,0.424599,0.039599
-0.066233,0.426165,0.040453
-0.067122,0.426569,0.040839
-0.063565,0.423404,0.040031
-0.063134,0.425434,0.041059
-0.059406,0.424570,0.041342
-0.059634,0.425939,0.042767
-0.058240,0.424248,0.042331
-0.058811,0.425427,0.041082
-0.055688,0.425944,0.040913
-0.053684,0.424815,0.042523
-0.052270,0.425255,0.042573
-0.052245,0.425707,0.041674
-0.049679,0.425127,0.041993
-0.048530,0.424173,0.043213
-0.045800,0.426300,0.044408
-0.045633,0.424577,0.046032
-0.043497,0.424382,0.042636
-0.044423,0.424960,0.045193
-0.040229,0.423619,0.042115
-0.040849,0.424203,0.045703
-0.038099,0.423132,0.044601
-0.035907,0.423533,0.043972
-0.035683,0.425014,0.044321
-0.034890,0.425149,0.045326
-0.033226,0.423470,0.044887
-0.030879,0.422997,0.046215
-0.030550,0.424603,0.045140
-0.029813,0.424384,0.045776
-0.027617,0.426103,0.044864
-0.027295,0.424078,0.044266
-0.025856,0.423868,0.045402
-0.024358,0.425319,0.044698
-0.023366,0.424531,0.044490
-0.021171,0.426222,0.046838
-0.018865,0.425572,0.044590
-0.018902,0.423309,0.044526
-0.019366,0.425044,0.046058
-0.013375,0.424160,0.044461
-0.016007,0.426764,0.043636
-0.013609,0.424508,0.042470
-0.012228,0.424053,0.043779
-0.012197,0.422429,0.044294
-0.008530,0.424794,0.042555
-0.006640,0.424401,0.043802
-0.006299,0.425056,0.042466
-0.005800,0.423542,0.041385
-0.002949,0.424618,0.042868
-0.004060,0.426318,0.041546
-0.000715,0.425870,0.043517
0.000630,0.425548,0.040508
0.003339,0.423951,0.043192
0.003277,0.425106,0.040135
0.006538,0.425727,0.041377
0.006644,0.426112,0.040196
0.007908,0.425073,0.041564
0.010257,0.424805,0.039248
0.010903,0.425772,0.039721
0.012126,0.424202,0.040433
0.013421,0.424406,0.039091
0.014742,0.423851,0.040673
0.017558,0.426366,0.038994
0.016653,0.425557,0.038385
0.017704,0.426160,0.038337
0.018194,0.425829,0.036203
0.022779,0.425210,0.034841
0.020843,0.426177,0.035525
0.022201,0.426688,0.035498
0.024599,0.426033,0.035057
0.028568,0.425339,0.032795
0.029223,0.426731,0.034408
0.029217,0.425643,0.033200
0.029075,0.426511,0.033588
0.033029,0.425877,0.031071
0.032454,0.425566,0.030532
0.036226,0.427558,0.031169
0.036664,0.424887,0.028894
0.038138,0.426611,0.028798
0.039717,0.426867,0.030032
0.039623,0.428678,0.025986
0.041760,0.426515,0.025852
0.041598,0.427008,0.025662
0.046912,0.427734,0.025744
0.045680,0.427452,0.023474
0.048450,0.428455,0.023693
0.046500,0.426572,0.023416
0.052108,0.426679,0.020834
0.050717,0.426043,0.020911
0.052687,0.427197,0.020271
0.054490,0.429787,0.018971
0.055810,0.427498,0.017338
0.055645,0.427137,0.015132
0.058295,0.429517,0.015389
0.060052,0.426663,0.015380
0.063573,0.425805,0.013884
0.062520,0.426799,0.013760
0.064253,0.428193,0.011412
0.066396,0.428845,0.013199
0.066200,0.430539,0.009171
0.069113,0.429337,0.010196
0.069237,0.426800,0.008688
0.071223,0.428198,0.006351
0.071348,0.427367,0.005969
0.073156,0.427986,0.005809
0.074425,0.428804,0.005614
0.075106,0.429520,0.003422
0.076545,0.428622,0.001817
0.077726,0.428777,0.002103
0.080622,0.430391,0.001101
0.081688,0.429034,0.000213
0.083151,0.429393,-0.001768
0.083616,0.429150,-0.002256
0.086130,0.429469,-0.002684
0.089840,0.428299,-0.001845
0.089975,0.428556,-0.004054
0.091159,0.429957,-0.005261
0.091144,0.431371,-0.005092
0.093587,0.428743,-0.007739
0.094496,0.428990,-0.008007
0.097140,0.429578,-0.009489
0.094553,0.430055,-0.011515
0.098934,0.429529,-0.011323
0.100479,0.431068,-0.014335
0.101616,0.429380,-0.015121
0.105471,0.430147,-0.015690
0.103389,0.430101,-0.015683
0.105334,0.431720,-0.017511
0.108978,0.431607,-0.019052
0.109763,0.430774,-0.018906
0.109769,0.431090,-0.021313
0.112025,0.431171,-0.021935
0.113134,0.431658,-0.024575
0.115620,0.430256,-0.025875
0.115889,0.432168,-0.026621
0.117311,0.434552,-0.026737
0.118106,0.431869,-0.027870
0.119653,0.432879,-0.028614
-0.179746,0.433679,-0.047598
-0.178992,0.434545,-0.038752
-0.178427,0.435946,-0.032812
-0.174802,0.431893,-0.026224
-0.174250,0.433669,-0.019361
-0.170971,0.432310,-0.013786
-0.169498,0.429859,-0.005925
-0.169403,0.430313,0.001705
-0.165666,0.428633,0.006666
-0.164388,0.428577,0.014110
-0.164132,0.427544,0.020066
-0.159350,0.427127,0.026597
-0.158312,0.428168,0.033054
-0.156567,0.426816,0.035159
-0.155524,0.427275,0.033469
-0.156359,0.427845,0.034985
-0.153397,0.425993,0.035198
-0.150826,0.426867,0.034558
-0.151081,0.426480,0.034411
-0.146847,0.427052,0.033615
-0.147814,0.426343,0.031892
-0.145728,0.425897,0.030977
-0.146437,0.428580,0.029990
-0.144655,0.429464,0.031330
-0.142756,0.427317,0.033166
-0.141987,0.428066,0.031354
-0.138219,0.426850,0.030221
-0.139676,0.427463,0.030658
-0.135867,0.427721,0.030534
-0.136180,0.427950,0.030518
-0.135222,0.428381,0.029982
-0.131487,0.425602,0.030801
-0.131100,0.426456,0.030664
-0.129020,0.427457,0.029028
-0.128553,0.428203,0.029990
-0.128207,0.427844,0.030552
-0.124309,0.426652,0.029610
-0.122670,0.428509,0.028222
-0.121234,0.428581,0.031592
-0.122089,0.427284,0.031369
-0.120047,0.427434,0.030713
-0.119167,0.428661,0.029938
-0.118686,0.427060,0.029370
-0.115604,0.427935,0.031291
-0.115293,0.427833,0.029783
-0.113563,0.428856,0.030935
-0.112140,0.427392,0.030846
-0.111549,0.426980,0.032081
-0.109050,0.427068,0.030633
-0.109073,0.427898,0.031977
-0.106544,0.427422,0.032863
-0.104534,0.426406,0.031807
-0.104211,0.427190,0.033442
-0.103861,0.428814,0.031978
-0.103019,0.427158,0.032999
-0.100560,0.426852,0.034842
-0.096924,0.427201,0.032898
-0.097712,0.428110,0.033129
-0.097041,0.426838,0.034017
-0.093761,0.428094,0.033223
-0.093592,0.427283,0.032020
-0.090725,0.427330,0.034314
-0.091291,0.426568,0.035364
-0.089204,0.425250,0.034763
-0.088928,0.426892,0.035382
-0.083561,0.427314,0.035959
-0.084798,0.429735,0.035950
-0.083085,0.427769,0.037608
-0.083284,0.427196,0.037441
-0.080317,0.427565,0.035661
-0.078828,0.427021,0.036066
-0.077251,0.426126,0.037335
-0.077177,0.426064,0.036719
-0.075228,0.428464,0.039002
-0.073243,0.426953,0.037926
-0.071826,0.426677,0.038130
-0.071215,0.425964,0.038692
-0.068024,0.427132,0.037723
-0.068053,0.428175,0.038375
-0.067406,0.425804,0.039874
-0.064948,0.428674,0.038617
-0.064885,0.428327,0.039286
-0.059960,0.427353,0.041068
-0.059251,0.426461,0.041296
-0.058848,0.427570,0.039805
-0.059148,0.426675,0.041821
-0.056629,0.426919,0.040050
-0.055224,0.427746,0.041898
-0.054168,0.426355,0.041740
-0.053047,0.427635,0.040992
-0.053881,0.426670,0.040671
-0.050434,0.426797,0.043547
-0.048086,0.426045,0.043926
-0.045341,0.425178,0.044099
-0.045953,0.425246,0.043136
-0.044314,0.424723,0.044369
-0.041255,0.425234,0.043966
-0.041243,0.426552,0.044076
-0.040953,0.426474,0.042284
-0.035718,0.424943,0.044180
-0.037944,0.424539,0.044270
-0.037027,0.426268,0.044696
-0.034811,0.425855,0.044451
-0.033909,0.426271,0.045496
-0.034114,0.425799,0.045905
-0.032098,0.425259,0.045476
-0.028314,0.427037,0.043827
-0.028035,0.426377,0.043921
-0.027017,0.427349,0.045774
-0.026613,0.427085,0.044768
-0.024230,0.427203,0.045354
-0.023502,0.427182,0.044008
-0.022604,0.427470,0.045290
-0.020735,0.426739,0.043847
-0.019429,0.427734,0.044008
-0.017068,0.426635,0.042816
-0.014925,0.425512,0.043333
-0.014537,0.427795,0.043763
-0.013191,0.426428,0.044551
-0.012042,0.424659,0.042690
-0.011111,0.424662,0.042013
-0.009123,0.426353,0.044087
-0.007164,0.424997,0.041790
-0.005676,0.426831,0.041385
-0.006505,0.425938,0.041867
-0.003652,0.426783,0.039995
-0.003535,0.426626,0.042670
-0.001603,0.427966,0.040887
0.000705,0.423799,0.041220
0.001724,0.426091,0.040579
0.003837,0.427555,0.039069
0.005141,0.425935,0.041091
0.006284,0.427428,0.038663
0.007363,0.426364,0.038325
0.009967,0.425508,0.039131
0.009229,0.425479,0.038367
0.012223,0.428047,0.039333
0.012284,0.427391,0.039012
0.015883,0.426008,0.037760
0.014534,0.428967,0.037730
0.016566,0.426073,0.036035
0.017656,0.427236,0.036591
0.019583,0.427405,0.035673
0.020902,0.426265,0.036887
0.022079,0.426743,0.034555
0.023262,0.425868,0.035008
0.025576,0.427034,0.033637
0.024847,0.427868,0.034263
0.028532,0.427985,0.032634
0.029442,0.426575,0.031465
0.029514,0.425098,0.030463
0.032444,0.426939,0.030831
0.032173,0.428210,0.028873
0.036499,0.427164,0.029258
0.038776,0.431278,0.028596
0.036261,0.426965,0.028635
0.037806,0.428318,0.025858
0.041818,0.426436,0.027988
0.041115,0.427979,0.026739
0.043412,0.426531,0.023144
0.044270,0.427442,0.023291
0.047184,0.427641,0.023639
0.047295,0.428041,0.022360
0.048100,0.428569,0.021077
0.050622,0.430910,0.019089
0.053045,0.427065,0.019598
0.052642,0.429010,0.018006
0.053944,0.428951,0.017686
0.054397,0.430427,0.015815
0.058067,0.428259,0.016439
0.058380,0.429128,0.016956
0.059737,0.429279,0.013191
0.062365,0.429508,0.012148
0.061882,0.430149,0.011972
0.064536,0.430641,0.011572
0.065071,0.430390,0.009325
0.067657,0.429220,0.009881
0.067684,0.429723,0.008954
0.070330,0.428561,0.006284
0.071820,0.428276,0.006517
0.072696,0.429227,0.004524
0.073667,0.431678,0.005948
0.074466,0.431713,0.005881
0.075255,0.430244,0.004533
0.078309,0.429688,0.003436
0.078422,0.431150,0.000652
0.079166,0.429196,0.001726
0.082815,0.430576,-0.001615
0.083471,0.431011,0.002501
0.087529,0.430976,-0.000388
0.087025,0.431807,-0.003163
0.088347,0.431117,-0.004995
0.090381,0.429127,-0.004182
0.088945,0.430764,-0.007010
0.091220,0.431185,-0.005364
0.094387,0.429947,-0.009608
0.096808,0.430495,-0.010579
0.096866,0.432400,-0.010524
0.098075,0.431521,-0.013198
0.099184,0.432153,-0.013719
0.100880,0.432002,-0.014144
0.101703,0.431117,-0.016232
0.104064,0.430684,-0.016787
0.103255,0.430274,-0.018178
0.106412,0.433670,-0.018392
0.106462,0.433494,-0.019115
0.107261,0.433520,-0.019979
0.110388,0.432223,-0.021207
0.111353,0.433325,-0.023352
0.112335,0.432477,-0.023945
0.116472,0.432051,-0.024190
0.116129,0.432495,-0.027777
0.119049,0.432615,-0.027703
0.119608,0.433833,-0.027794
-0.181008,0.434886,-0.044174
-0.177081,0.435313,-0.036231
-0.177112,0.437217,-0.030009
-0.175083,0.435110,-0.025804
-0.174183,0.435038,-0.016163
-0.171312,0.433473,-0.013305
-0.170754,0.433295,-0.004402
-0.167833,0.433130,0.002096
-0.165637,0.432317,0.006311
-0.164055,0.429089,0.015311
-0.164246,0.429855,0.020587
-0.160287,0.428759,0.024889
-0.157206,0.429244,0.034374
-0.157008,0.428915,0.034908
-0.155297,0.428519,0.035109
-0.156352,0.429818,0.031809
-0.154438,0.428926,0.033895
-0.151911,0.428812,0.033540
-0.151425,0.427848,0.031614
-0.149289,0.428059,0.032890
-0.148452,0.429454,0.033404
-0.146780,0.428809,0.030047
-0.144986,0.428433,0.032557
-0.143602,0.426621,0.031862
-0.144582,0.427028,0.031178
-0.143578,0.429130,0.030414
-0.140536,0.429474,0.031424
-0.137414,0.428113,0.031348
-0.136373,0.429832,0.030222
-0.135942,0.429381,0.029706
-0.134578,0.429380,0.029821
-0.132441,0.429816,0.031424
-0.132726,0.427239,0.029735
-0.128976,0.431460,0.029408
-0.129102,0.428517,0.032086
-0.126661,0.428158,0.028516
-0.125061,0.429662,0.027629
-0.120315,0.428820,0.030310
-0.124561,0.428867,0.030133
-0.122473,0.429619,0.028357
-0.120131,0.428958,0.030330
-0.120021,0.429497,0.033152
-0.117312,0.428722,0.031513
-0.117923,0.430348,0.030195
-0.113888,0.429407,0.029025
-0.112973,0.429071,0.030275
-0.111977,0.427563,0.032047
-0.110134,0.429462,0.032158
-0.110090,0.429877,0.031505
-0.109669,0.427841,0.030494
-0.107118,0.428600,0.030936
-0.104492,0.428480,0.031099
-0.103303,0.431381,0.031166
-0.103175,0.428954,0.032653
-0.101243,0.427957,0.033007
-0.100070,0.429447,0.031397
-0.097322,0.428329,0.033498
-0.095689,0.429833,0.034002
-0.095528,0.428828,0.031144
-0.093658,0.431136,0.033126
-0.092160,0.427603,0.034271
-0.092328,0.430872,0.035054
-0.090420,0.428815,0.035037
-0.088911,0.427877,0.033546
-0.087124,0.429061,0.035141
-0.086172,0.428721,0.035357
-0.083822,0.429911,0.034349
-0.083025,0.429423,0.037267
-0.080533,0.427720,0.035342
-0.079535,0.427866,0.037108
-0.078307,0.427918,0.037371
-0.077993,0.428207,0.037554
-0.077546,0.429490,0.038065
-0.074810,0.428293,0.037469
-0.072264,0.428690,0.037157
-0.071145,0.428978,0.036775
-0.072323,0.428641,0.037284
-0.070132,0.428783,0.037715
-0.068312,0.429422,0.038355
-0.064836,0.429523,0.037976
-0.065674,0.427548,0.039394
-0.062890,0.428404,0.039839
-0.062702,0.428511,0.040607
-0.060954,0.428933,0.040303
-0.059087,0.425878,0.040105
-0.058295,0.427098,0.040683
-0.055975,0.430069,0.040000
-0.055129,0.428317,0.040542
-0.052702,0.427224,0.040600
-0.053181,0.427948,0.042150
-0.052165,0.430193,0.042375
-0.048638,0.428749,0.042706
-0.049132,0.427312,0.042709
-0.048888,0.427710,0.041689
-0.043515,0.427124,0.041996
-0.044584,0.429706,0.042973
-0.044107,0.429491,0.041778
-0.040410,0.429972,0.041886
-0.040199,0.426695,0.043834
-0.040095,0.428266,0.042653
-0.037067,0.429139,0.044192
-0.036101,0.428493,0.043817
-0.032699,0.426887,0.043123
-0.033633,0.428732,0.045203
-0.031507,0.427820,0.044798
-0.030342,0.426394,0.046305
-0.029755,0.427038,0.045441
-0.029334,0.428178,0.043296
-0.026802,0.426780,0.044779
-0.025714,0.426834,0.043766
-0.023103,0.427241,0.042918
-0.022108,0.428448,0.042457
-0.021240,0.427176,0.042612
-0.020208,0.428681,0.044372
-0.019769,0.429149,0.043544
-0.016315,0.428761,0.043249
-0.018127,0.428193,0.043151
-0.014298,0.428686,0.043319
-0.013130,0.428806,0.042278
-0.012614,0.426645,0.043886
-0.009980,0.429375,0.042882
-0.009569,0.427522,0.041968
-0.007792,0.427054,0.040722
-0.007220,0.428182,0.041013
-0.005290,0.426050,0.041019
-0.003888,0.430078,0.039403
-0.001768,0.430210,0.039371
0.000278,0.427470,0.040202
0.000075,0.427129,0.039170
0.001927,0.427134,0.041168
0.002764,0.427638,0.040866
0.005953,0.427436,0.040152
0.005666,0.427571,0.038094
0.008222,0.428844,0.037000
0.008684,0.430029,0.038524
0.009834,0.428582,0.037205
0.011047,0.430065,0.038653
0.013969,0.429392,0.037456
0.016174,0.429200,0.037147
0.015474,0.429829,0.036597
0.016297,0.428869,0.037393
0.018613,0.428432,0.035536
0.020639,0.428543,0.035741
0.020516,0.426429,0.034954
0.022497,0.426901,0.033505
0.024803,0.427728,0.033483
0.024768,0.429668,0.031842
0.027156,0.427387,0.032697
0.026747,0.428176,0.032582
0.027280,0.428225,0.030603
0.029954,0.429423,0.031094
0.032015,0.430394,0.031142
0.032612,0.428259,0.027135
0.034244,0.428986,0.028673
0.037054,0.431286,0.027576
0.037872,0.429717,0.027891
0.040037,0.432385,0.025354
0.041551,0.429508,0.024810
0.043257,0.429921,0.025316
0.042631,0.429315,0.022980
0.044565,0.430375,0.024017
0.044297,0.431481,0.022644
0.046115,0.429062,0.020711
0.048729,0.430820,0.021373
0.049783,0.431824,0.020163
0.052145,0.429957,0.018153
0.055262,0.431402,0.018291
0.054970,0.429564,0.016750
0.057124,0.430218,0.014566
0.057051,0.429557,0.013564
0.058011,0.432485,0.013936
0.060280,0.432805,0.013250
0.061610,0.430955,0.013671
0.061017,0.429534,0.010321
0.063486,0.431904,0.010773
0.063957,0.431282,0.009266
0.066730,0.433546,0.008332
0.067307,0.431231,0.007703
0.070193,0.431404,0.007501
0.069037,0.431328,0.006736
0.072859,0.432592,0.006086
0.073682,0.432835,0.003034
0.075189,0.431806,0.002476
0.076435,0.431422,0.002290
0.077184,0.429859,0.001658
0.079219,0.432546,0.001277
0.080808,0.431454,-0.000406
0.081678,0.433875,0.000067
0.085525,0.434008,-0.001553
0.086279,0.432786,-0.004479
0.086173,0.432821,-0.006114
0.088602,0.433316,-0.005744
0.087613,0.431962,-0.007098
0.091508,0.431861,-0.006726
0.090530,0.432606,-0.008015
0.093076,0.432663,-0.009537
0.094812,0.434650,-0.010548
0.098518,0.434018,-0.011419
0.099801,0.432818,-0.012885
0.099016,0.433947,-0.013124
0.099720,0.431528,-0.014634
0.102870,0.434397,-0.015834
0.102571,0.432775,-0.017649
0.105850,0.434048,-0.017699
0.105680,0.433853,-0.019398
0.106461,0.434305,-0.020049
0.109396,0.434823,-0.019239
0.109292,0.435229,-0.021803
0.111677,0.433107,-0.022067
0.114620,0.435243,-0.024184
0.116832,0.432659,-0.025238
0.116369,0.435483,-0.027303
0.119238,0.434219,-0.026019
0.119453,0.435456,-0.027726
-0.179328,0.437856,-0.041917
-0.179984,0.437565,-0.037293
-0.178904,0.436964,-0.028849
-0.174304,0.433825,-0.021398
-0.174753,0.434409,-0.016371
-0.170483,0.434620,-0.009523
-0.169350,0.433697,-0.003998
-0.167366,0.433765,0.003960
-0.166162,0.433998,0.009660
-0.165080,0.431992,0.016341
-0.160988,0.430934,0.022423
-0.161376,0.430383,0.030489
-0.159178,0.429476,0.034530
-0.156721,0.429878,0.031961
-0.156236,0.428519,0.033430
-0.153758,0.430140,0.032640
-0.154895,0.430065,0.034339
-0.152296,0.431533,0.035637
-0.151792,0.429822,0.031128
-0.150821,0.430332,0.032105
-0.146820,0.429729,0.031776
-0.146790,0.430839,0.030629
-0.144962,0.431332,0.031748
-0.144329,0.432255,0.029640
-0.143228,0.430717,0.031588
-0.140996,0.430199,0.030156
-0.141243,0.430503,0.029759
-0.138015,0.431401,0.030181
-0.137713,0.430641,0.030004
-0.137483,0.431084,0.030159
-0.135244,0.431022,0.031124
-0.132391,0.431390,0.030548
-0.133965,0.431737,0.029797
-0.132062,0.430550,0.030157
-0.128004,0.430636,0.028977
-0.125806,0.429438,0.029841
-0.124506,0.430374,0.029293
-0.123198,0.430626,0.029079
-0.122724,0.430375,0.029336
-0.122494,0.430037,0.028870
-0.120698,0.430235,0.028947
-0.120179,0.431395,0.029375
-0.115704,0.430672,0.028917
-0.117395,0.432046,0.028213
-0.113524,0.428452,0.030368
-0.112149,0.430997,0.029453
-0.112278,0.430330,0.029393
-0.111887,0.429429,0.030099
-0.109200,0.431477,0.031134
-0.108812,0.428179,0.031710
-0.105444,0.432519,0.032387
-0.105655,0.429558,0.031343
-0.104237,0.430833,0.032499
-0.102393,0.430917,0.030344
-0.100070,0.431480,0.033029
-0.100705,0.430363,0.033098
-0.098269,0.431431,0.033150
-0.098814,0.430384,0.033254
-0.096649,0.431282,0.033409
-0.094229,0.429763,0.033121
-0.091190,0.430848,0.032797
-0.090146,0.430707,0.032204
-0.089962,0.430373,0.033853
-0.088659,0.430666,0.034496
-0.085624,0.429609,0.034743
-0.084011,0.430898,0.034081
-0.083992,0.430517,0.034133
-0.081325,0.429992,0.035532
-0.082723,0.431825,0.034895
-0.080847,0.430651,0.036651
-0.079537,0.431434,0.036083
-0.077434,0.430198,0.036776
-0.075767,0.430157,0.036378
-0.074570,0.430149,0.038456
-0.073822,0.428859,0.038083
-0.072676,0.429128,0.037721
-0.069703,0.430616,0.038348
-0.068479,0.430993,0.038464
-0.068232,0.427664,0.039426
-0.066278,0.431426,0.039585
-0.065728,0.430952,0.039994
-0.063240,0.429231,0.037853
-0.061864,0.429625,0.038431
-0.060924,0.428999,0.038738
-0.057687,0.428083,0.039468
-0.057576,0.431583,0.039467
-0.058662,0.430869,0.039251
-0.055963,0.430684,0.042075
-0.054505,0.430788,0.040447
-0.053250,0.430663,0.041826
-0.050531,0.429719,0.041966
-0.051909,0.430235,0.044263
-0.048838,0.431420,0.039891
-0.045991,0.430198,0.042041
-0.045275,0.430390,0.042289
-0.044951,0.429996,0.042377
-0.043071,0.430419,0.044681
-0.042187,0.430136,0.043242
-0.041331,0.430440,0.041682
-0.038412,0.428959,0.040602
-0.036929,0.430231,0.043596
-0.037301,0.430489,0.043343
-0.034749,0.427636,0.043210
-0.034183,0.428209,0.043912
-0.031475,0.432100,0.044338
-0.031403,0.430372,0.044083
-0.029335,0.427425,0.044149
-0.029726,0.429442,0.044271
-0.025877,0.427977,0.045056
-0.027577,0.427331,0.042596
-0.024072,0.429962,0.041774
-0.022435,0.428880,0.042816
-0.020261,0.429231,0.044224
-0.019318,0.430506,0.042008
-0.017092,0.429931,0.042004
-0.016242,0.431169,0.043619
-0.016614,0.430493,0.043647
-0.015627,0.428842,0.041388
-0.013704,0.427815,0.041183
-0.012784,0.430478,0.043389
-0.009064,0.432105,0.041409
-0.007347,0.428173,0.040521
-0.007830,0.427301,0.039511
-0.006846,0.429687,0.042333
-0.004556,0.429925,0.040105
-0.003611,0.432659,0.040813
-0.001321,0.429496,0.041613
0.000502,0.428913,0.039845
-0.000231,0.430428,0.039720
0.002742,0.429996,0.039102
0.004956,0.429853,0.037693
0.003860,0.431329,0.037487
0.005371,0.430641,0.037621
0.004828,0.430613,0.037406
0.009444,0.429398,0.036377
0.010645,0.428971,0.037428
0.013201,0.429512,0.036752
0.014533,0.431452,0.036516
0.013190,0.428440,0.036673
0.016398,0.431728,0.036319
0.016194,0.430158,0.035209
0.017789,0.430101,0.036844
0.019849,0.431895,0.034507
0.021791,0.429725,0.035435
0.024099,0.431697,0.032995
0.022845,0.431081,0.032311
0.024732,0.432059,0.031264
0.025185,0.432215,0.032682
0.028762,0.431161,0.031203
0.031268,0.430872,0.030713
0.032413,0.431088,0.029536
0.032541,0.430038,0.028704
0.034037,0.429674,0.027265
0.034285,0.431671,0.028090
0.035813,0.430539,0.025780
0.037878,0.432782,0.027465
0.038615,0.432924,0.024101
0.041155,0.430534,0.024344
0.042078,0.432266,0.023355
0.043472,0.430315,0.023434
0.043852,0.430818,0.019026
0.046336,0.432920,0.021725
0.047506,0.433950,0.021053
0.048720,0.430268,0.018409
0.050610,0.431594,0.016327
0.049642,0.432275,0.017865
0.053422,0.432920,0.017672
0.053365,0.433189,0.016353
0.055644,0.432403,0.013537
0.056373,0.430629,0.013777
0.059104,0.433083,0.014275
0.059586,0.433591,0.010946
0.062916,0.434405,0.012240
0.061742,0.430571,0.010925
0.065057,0.432474,0.009248
0.066312,0.432346,0.007975
0.067036,0.432197,0.006259
0.068012,0.433817,0.005939
0.069642,0.431770,0.006231
0.068962,0.435588,0.004953
0.070991,0.432698,0.002922
0.073889,0.432958,0.002958
0.075660,0.434394,0.001547
0.077245,0.435140,0.001578
0.077196,0.434703,-0.000052
0.080230,0.433393,0.000022
0.080399,0.431990,-0.001063
0.081425,0.434927,-0.002850
0.085450,0.433568,-0.002982
0.085850,0.434809,-0.003705
0.088033,0.434259,-0.006964
0.088924,0.435318,-0.005384
0.087818,0.433523,-0.007296
0.091863,0.434681,-0.008654
0.092806,0.435204,-0.011219
0.091738,0.435545,-0.011756
0.094524,0.435175,-0.012396
0.097438,0.436895,-0.011279
0.098853,0.435270,-0.014210
0.099290,0.435325,-0.014948
0.099328,0.435482,-0.014991
0.102582,0.434299,-0.016303
0.104278,0.435561,-0.016402
0.104782,0.437228,-0.017760
0.106870,0.435062,-0.017325
0.109076,0.435703,-0.019824
0.105777,0.436785,-0.020886
0.111304,0.435549,-0.022673
0.111640,0.436574,-0.022521
0.112785,0.435492,-0.024352
0.115845,0.437096,-0.026828
0.116111,0.436498,-0.026369
0.118750,0.436971,-0.027346
0.118838,0.436153,-0.028308
-0.183125,0.438633,-0.046422
-0.180149,0.438551,-0.040657
-0.178051,0.439762,-0.035765
-0.177466,0.437475,-0.028460
-0.174474,0.436329,-0.022783
-0.173757,0.437480,-0.013901
-0.172791,0.435413,-0.009087
-0.169349,0.436188,-0.002593
-0.168545,0.434760,0.004515
-0.166095,0.435171,0.009781
-0.163405,0.433378,0.018631
-0.161888,0.432945,0.024641
-0.161634,0.431687,0.031277
-0.158657,0.432036,0.033981
-0.157451,0.431562,0.032903
-0.155400,0.430409,0.034262
-0.155203,0.432601,0.035211
-0.151833,0.432866,0.029619
-0.152591,0.432028,0.032512
-0.150487,0.433440,0.031476
-0.149229,0.434290,0.031143
-0.149399,0.430123,0.031265
-0.148864,0.432088,0.030394
-0.144532,0.432369,0.030516
-0.143322,0.432918,0.028364
-0.142539,0.430337,0.028912
-0.140464,0.430963,0.028493
-0.138318,0.433420,0.029278
-0.136161,0.433517,0.028591
-0.137712,0.433713,0.029639
-0.136489,0.431542,0.029037
-0.133856,0.434278,0.031125
-0.132997,0.432406,0.028446
-0.131080,0.433113,0.029296
-0.129667,0.434294,0.029282
-0.127981,0.432356,0.029331
-0.126701,0.432908,0.029508
-0.125420,0.434635,0.030677
-0.125087,0.434453,0.029193
-0.123377,0.435288,0.028148
-0.120058,0.432365,0.029316
-0.121188,0.434467,0.030317
-0.119602,0.432658,0.027478
-0.117146,0.432315,0.030932
-0.115817,0.430941,0.028879
-0.115260,0.434951,0.029627
-0.113996,0.432305,0.030130
-0.110611,0.432419,0.031640
-0.111498,0.432680,0.029879
-0.107234,0.430722,0.030251
-0.108188,0.433955,0.030974
-0.106577,0.433483,0.030248
-0.104541,0.433450,0.030630
-0.102816,0.432635,0.031698
-0.102909,0.433000,0.030765
-0.100098,0.434433,0.032049
-0.101342,0.431480,0.030623
-0.097516,0.431977,0.033439
-0.100329,0.433504,0.032582
-0.095178,0.433410,0.031260
-0.095764,0.434676,0.031967
-0.092528,0.432449,0.034329
-0.090470,0.433423,0.033652
-0.091008,0.431878,0.033099
-0.087654,0.430998,0.032679
-0.087942,0.431301,0.036534
-0.085653,0.432507,0.036167
-0.085525,0.431923,0.035391
-0.084258,0.431154,0.034645
-0.082299,0.431247,0.035340
-0.079874,0.432237,0.035655
-0.079307,0.431019,0.034652
-0.077872,0.433499,0.037131
-0.075205,0.433185,0.034946
-0.073604,0.432116,0.036292
-0.073384,0.431918,0.035303
-0.071284,0.430434,0.037421
-0.071296,0.432112,0.036817
-0.069484,0.431659,0.039070
-0.066864,0.431744,0.039242
-0.066528,0.432564,0.037626
-0.065498,0.431024,0.038444
-0.064319,0.431902,0.038983
-0.061686,0.429655,0.039383
-0.061319,0.432455,0.039492
-0.060136,0.432602,0.039600
-0.058891,0.432276,0.038838
-0.056276,0.431814,0.037791
-0.054513,0.431154,0.039848
-0.054356,0.431621,0.041307
-0.053723,0.431604,0.041665
-0.049732,0.432142,0.041204
-0.049260,0.431999,0.040717
-0.049942,0.431745,0.041775
-0.046878,0.431014,0.042217
-0.046719,0.431869,0.042497
-0.044803,0.427965,0.041320
-0.042681,0.430078,0.042917
-0.040474,0.430904,0.042835
-0.040434,0.430779,0.042462
-0.037662,0.431414,0.042000
-0.037596,0.431284,0.040428
-0.034113,0.431002,0.041260
-0.034927,0.430936,0.043407
-0.034027,0.431058,0.045179
-0.032798,0.431184,0.043642
-0.029819,0.429597,0.044449
-0.029770,0.431580,0.044498
-0.027678,0.429849,0.043767
-0.026680,0.431285,0.042250
-0.025787,0.433148,0.045009
-0.024727,0.433324,0.042906
-0.022224,0.430970,0.042563
-0.021524,0.430287,0.040758
-0.021672,0.430634,0.043414
-0.019994,0.433032,0.044832
-0.016830,0.431310,0.043250
-0.015381,0.431165,0.042578
-0.013645,0.432616,0.042431
-0.014084,0.432463,0.041172
-0.011640,0.430904,0.041627
-0.008840,0.430471,0.039035
-0.008773,0.430930,0.040843
-0.007153,0.432393,0.037474
-0.006172,0.430976,0.038962
-0.004814,0.431450,0.040068
-0.002693,0.429483,0.041205
-0.001498,0.430240,0.040945
-0.001242,0.432196,0.039533
0.001860,0.430547,0.038006
0.002236,0.431810,0.039230
0.002630,0.432223,0.037555
0.005655,0.433014,0.035463
0.004367,0.431651,0.040060
0.005438,0.430731,0.037795
0.007354,0.431807,0.036524
0.012114,0.431444,0.036656
0.012619,0.431836,0.036133
0.013495,0.431364,0.034523
0.012251,0.431685,0.037594
0.014015,0.432572,0.037123
0.017654,0.431466,0.034686
0.018577,0.432454,0.031543
0.021955,0.431717,0.034458
0.020735,0.431862,0.031637
0.021330,0.431957,0.032522
0.025360,0.431734,0.033417
0.025457,0.432791,0.032660
0.026744,0.431708,0.031885
0.028884,0.432344,0.030188
0.029502,0.431688,0.029200
0.030622,0.432944,0.030259
0.033745,0.433765,0.027507
0.033698,0.430806,0.027395
0.036277,0.433999,0.025357
0.037798,0.430650,0.026346
0.039097,0.431799,0.023559
0.041476,0.433628,0.024360
0.040022,0.433323,0.024033
0.039457,0.432576,0.024319
0.042546,0.434157,0.019495
0.045467,0.433446,0.021356
0.046375,0.431953,0.019327
0.049840,0.432596,0.018326
0.049897,0.432626,0.017726
0.050195,0.435864,0.017524
0.052777,0.435086,0.016167
0.051970,0.433707,0.015423
0.054522,0.434030,0.014456
0.056751,0.433935,0.012871
0.057370,0.434711,0.013819
0.058400,0.435677,0.012342
0.060509,0.435336,0.010388
0.062669,0.434082,0.010864
0.062103,0.434936,0.010182
0.061829,0.435677,0.007089
0.064799,0.433356,0.007667
0.067290,0.436343,0.007638
0.067800,0.435004,0.003930
0.069600,0.434791,0.004601
0.071547,0.437019,0.002955
0.073200,0.435264,0.001244
0.073043,0.434515,0.002692
0.074614,0.435002,0.002485
0.075807,0.434399,0.001052
0.078452,0.435256,0.000059
0.079914,0.436133,-0.002026
0.080021,0.435529,-0.003323
0.080339,0.433839,-0.002052
0.083888,0.435429,-0.002249
0.084209,0.433948,-0.005420
0.085261,0.437352,-0.008147
0.087943,0.435948,-0.005688
0.089162,0.436385,-0.008250
0.090895,0.438326,-0.010216
0.093729,0.437593,-0.012024
0.093733,0.437159,-0.011242
0.095724,0.436545,-0.010709
0.096949,0.435664,-0.013155
0.098805,0.437525,-0.015002
0.098388,0.436878,-0.014948
0.101602,0.436318,-0.015172
0.102300,0.434654,-0.017062
0.102125,0.436173,-0.016495
0.103936,0.439548,-0.018294
0.104589,0.437542,-0.021556
0.108168,0.437593,-0.020922
0.109420,0.438524,-0.020996
0.110328,0.438408,-0.023461
0.109927,0.437085,-0.023974
0.113098,0.437578,-0.024841
0.115168,0.438414,-0.026738
0.117073,0.437687,-0.029153
0.116250,0.438312,-0.029235
0.120674,0.437934,-0.029047
-0.181052,0.441870,-0.046664
-0.180542,0.441519,-0.040074
-0.178481,0.437748,-0.032963
-0.176683,0.440924,-0.026719
-0.176202,0.438287,-0.019960
-0.172537,0.435892,-0.013091
-0.169877,0.436870,-0.005244
-0.169897,0.437849,-0.002475
-0.166341,0.435108,0.006931
-0.165690,0.434612,0.010436
-0.164256,0.435853,0.019232
-0.161079,0.433864,0.023856
-0.160255,0.434124,0.032659
-0.158531,0.435191,0.031130
-0.156148,0.432986,0.032342
-0.156957,0.433611,0.031677
-0.154778,0.435254,0.032648
-0.152386,0.434974,0.031353
-0.149541,0.432786,0.030162
-0.151973,0.435330,0.032808
-0.148118,0.432684,0.031123
-0.146857,0.435677,0.032314
-0.147446,0.433821,0.031150
-0.145546,0.433227,0.030745
-0.143392,0.434547,0.029768
-0.142189,0.434659,0.028811
-0.140156,0.433052,0.029876
-0.139123,0.434558,0.028883
-0.139710,0.433787,0.028658
-0.136758,0.432932,0.027656
-0.136210,0.432968,0.030068
-0.132732,0.433999,0.028525
-0.132813,0.432836,0.027445
-0.133205,0.434556,0.027780
-0.129726,0.434368,0.027445
-0.130420,0.433186,0.028834
-0.127511,0.432874,0.028255
-0.124006,0.435925,0.030209
-0.125909,0.432525,0.028650
-0.124241,0.432503,0.030452
-0.121420,0.433911,0.028284
-0.120191,0.432358,0.028706
-0.119877,0.435474,0.029075
-0.117705,0.433428,0.029477
-0.116312,0.434174,0.029285
-0.112943,0.432214,0.028565
-0.113017,0.432158,0.028542
-0.112325,0.434783,0.029897
-0.112625,0.434933,0.028717
-0.110919,0.435047,0.028387
-0.108360,0.433890,0.030133
-0.106015,0.432515,0.028576
-0.105778,0.434685,0.030764
-0.102726,0.434277,0.032112
-0.102734,0.434203,0.030486
-0.099857,0.433096,0.031748
-0.101445,0.433885,0.031194
-0.098547,0.433380,0.030961
-0.098890,0.433161,0.033807
-0.094616,0.433102,0.030223
-0.093560,0.432594,0.030247
-0.091168,0.435568,0.034322
-0.092087,0.431787,0.033577
-0.090546,0.432850,0.032482
-0.089640,0.433355,0.032229
-0.086384,0.434786,0.034522
-0.086563,0.434380,0.033130
-0.085119,0.433821,0.036124
-0.082602,0.430688,0.036675
-0.082693,0.434677,0.033756
-0.079902,0.433474,0.037598
-0.077917,0.433490,0.035770
-0.077835,0.432830,0.035278
-0.076173,0.431722,0.035999
-0.075692,0.433705,0.037510
-0.072509,0.434272,0.036370
-0.072286,0.433504,0.037444
-0.070472,0.430482,0.037009
-0.070249,0.432725,0.039274
-0.068667,0.434205,0.038000
-0.068260,0.432776,0.037203
-0.065416,0.432004,0.038436
-0.063946,0.434301,0.037751
-0.062782,0.431361,0.037759
-0.064064,0.433524,0.040533
-0.058894,0.432484,0.039416
-0.058161,0.432201,0.039362
-0.057151,0.433753,0.038719
-0.055565,0.433209,0.042828
-0.053512,0.430937,0.039902
-0.053367,0.431984,0.040339
-0.050840,0.432221,0.040779
-0.049831,0.431719,0.040846
-0.048848,0.432797,0.039883
-0.048107,0.434052,0.040687
-0.046074,0.429862,0.042677
-0.044940,0.431582,0.042430
-0.042259,0.433730,0.041894
-0.040111,0.432717,0.041001
-0.040343,0.433022,0.042397
-0.038227,0.431960,0.042138
-0.037970,0.433348,0.041036
-0.036704,0.432526,0.042284
-0.033665,0.432076,0.042368
-0.032488,0.432624,0.043838
-0.033557,0.433555,0.043536
-0.031467,0.432087,0.042658
-0.030464,0.433326,0.042075
-0.028318,0.433870,0.040845
-0.028141,0.431292,0.043428
-0.025951,0.433565,0.040915
-0.024254,0.432843,0.041645
-0.023664,0.431275,0.042554
-0.019993,0.432402,0.040371
-0.019614,0.432393,0.040385
-0.019477,0.430881,0.042627
-0.016662,0.432800,0.043499
-0.016240,0.432760,0.042393
-0.014736,0.432687,0.040933
-0.012446,0.433402,0.041520
-0.011325,0.431215,0.040609
-0.009778,0.431755,0.040195
-0.010527,0.433621,0.039527
-0.005883,0.433668,0.039141
-0.007811,0.433649,0.037543
-0.003847,0.433546,0.039102
-0.002844,0.433065,0.039057
-0.000982,0.432877,0.038213
-0.000217,0.433638,0.038621
0.001036,0.432937,0.039626
0.002068,0.432297,0.039912
0.002361,0.434326,0.036442
0.004810,0.432662,0.037739
0.004909,0.432155,0.037987
0.008473,0.435052,0.035018
0.009384,0.431834,0.037856
0.009093,0.433861,0.036886
0.011130,0.432606,0.034251
0.013743,0.434320,0.034153
0.015427,0.433243,0.034392
0.015546,0.433317,0.033365
0.016819,0.432909,0.033829
0.019998,0.432925,0.030442
0.021129,0.433488,0.033402
0.019635,0.433002,0.030568
0.021309,0.432407,0.031779
0.025163,0.435315,0.033545
0.025204,0.433077,0.030713
0.026338,0.432578,0.030332
0.028566,0.434170,0.030048
0.029744,0.433346,0.028743
0.029173,0.433645,0.027375
0.031938,0.435442,0.027828
0.033292,0.436127,0.025627
0.034118,0.432860,0.024845
0.036072,0.433640,0.024025
0.038415,0.434267,0.024754
0.037575,0.435625,0.022777
0.039509,0.435164,0.021526
0.042170,0.434573,0.022354
0.044366,0.434451,0.021208
0.043381,0.435047,0.021372
0.046517,0.434169,0.019595
0.048747,0.437210,0.018107
0.049359,0.434537,0.015741
0.049668,0.437154,0.014546
0.049390,0.435037,0.014929
0.052642,0.436039,0.015034
0.054119,0.433217,0.014674
0.055677,0.436582,0.013933
0.057991,0.435869,0.010399
0.059481,0.434558,0.008208
0.059994,0.434866,0.008851
0.062928,0.437124,0.007563
0.063249,0.435057,0.007605
0.066503,0.435695,0.006974
0.066451,0.437429,0.007724
0.065922,0.434683,0.005791
0.068923,0.435361,0.002903
0.069567,0.440416,0.003956
0.070421,0.433471,0.004024
0.073416,0.435141,0.002129
0.073260,0.436287,0.001996
0.072663,0.436029,0.001535
0.077009,0.437478,-0.000008
0.079464,0.437758,-0.002636
0.079835,0.435262,-0.003415
0.080852,0.435702,-0.002493
0.081659,0.436773,-0.004107
0.085383,0.436781,-0.004475
0.085515,0.438061,-0.007354
0.086604,0.437804,-0.006613
0.087389,0.437528,-0.007093
0.088829,0.438624,-0.008486
0.092529,0.440182,-0.011579
0.092220,0.437773,-0.010354
0.093831,0.438274,-0.012373
0.094089,0.439176,-0.013387
0.097210,0.438322,-0.015231
0.097871,0.439619,-0.015904
0.100804,0.438949,-0.015469
0.102070,0.438870,-0.018806
0.102570,0.439414,-0.018640
0.103237,0.438400,-0.021134
0.104784,0.440421,-0.019107
0.106511,0.438664,-0.020111
0.108868,0.438944,-0.021636
0.111451,0.440006,-0.023618
0.112774,0.438523,-0.023191
0.110874,0.439500,-0.025299
0.111560,0.440107,-0.022724
0.114893,0.441672,-0.025041
0.114516,0.441472,-0.027984
0.116019,0.438961,-0.026094
-0.182938,0.442469,-0.046643
-0.179557,0.443168,-0.038699
-0.177089,0.441718,-0.031622
-0.174163,0.441587,-0.025790
-0.175693,0.441156,-0.019084
-0.174333,0.441075,-0.010805
-0.171738,0.437573,-0.007468
-0.167712,0.437667,0.000872
-0.166746,0.437628,0.008198
-0.164367,0.437238,0.016253
-0.164078,0.437407,0.022631
-0.163104,0.436734,0.029074
-0.160528,0.435577,0.033210
-0.160129,0.437515,0.032631
-0.158421,0.434152,0.032531
-0.155275,0.436753,0.031766
-0.153701,0.434817,0.031855
-0.154236,0.435420,0.032124
-0.151291,0.434685,0.030603
-0.150681,0.434368,0.030068
-0.150022,0.435418,0.031303
-0.147183,0.434233,0.029776
-0.147174,0.435753,0.029674
-0.146065,0.434805,0.029838
-0.143074,0.435247,0.030016
-0.142948,0.434170,0.028759
-0.142239,0.437192,0.029777
-0.140006,0.435874,0.029104
-0.138796,0.436608,0.029863
-0.136934,0.435051,0.029725
-0.134925,0.435706,0.027442
-0.132522,0.435860,0.028134
-0.133392,0.435634,0.030760
-0.133217,0.437186,0.026309
-0.130968,0.437128,0.027979
-0.128031,0.436081,0.027551
-0.127997,0.435106,0.029246
-0.128386,0.437970,0.028367
-0.124443,0.435624,0.027234
-0.124373,0.436693,0.028768
-0.121582,0.436585,0.029780
-0.120569,0.436123,0.027454
-0.119159,0.434747,0.029482
-0.116033,0.434687,0.027607
-0.116745,0.437025,0.027263
-0.116247,0.433659,0.028188
-0.113148,0.434644,0.030726
-0.111397,0.435545,0.029188
-0.112476,0.434710,0.028041
-0.110098,0.434750,0.030659
-0.108990,0.436160,0.030614
-0.107095,0.434984,0.029042
-0.105488,0.436084,0.029653
-0.102214,0.436945,0.031583
-0.101263,0.434619,0.030779
-0.101180,0.435470,0.032757
-0.099661,0.434633,0.030135
-0.098863,0.435584,0.032973
-0.096746,0.435408,0.031277
-0.095377,0.436014,0.032181
-0.094615,0.434974,0.031393
-0.094694,0.436747,0.030952
-0.093567,0.435157,0.033615
-0.090045,0.435273,0.033580
-0.088108,0.433265,0.033167
-0.086682,0.435877,0.032946
-0.083530,0.435046,0.032712
-0.082882,0.434528,0.034818
-0.083653,0.434452,0.032783
-0.080890,0.433782,0.035229
-0.079290,0.434132,0.035029
-0.079172,0.435162,0.035786
-0.077575,0.435566,0.034216
-0.077172,0.434600,0.036595
-0.073120,0.433984,0.037483
-0.074056,0.434929,0.036387
-0.071806,0.435851,0.037235
-0.070855,0.435429,0.037520
-0.067968,0.433950,0.036131
-0.068087,0.435843,0.035661
-0.067107,0.435552,0.038250
-0.065244,0.435465,0.039494
-0.063673,0.435192,0.037125
-0.062722,0.435899,0.037960
-0.062279,0.434521,0.039266
-0.058434,0.435312,0.038059
-0.059568,0.433026,0.039122
-0.056921,0.437240,0.041063
-0.055296,0.434763,0.039729
-0.052738,0.434098,0.038769
-0.053072,0.436465,0.039347
-0.051971,0.433368,0.040088
-0.050094,0.434564,0.041609
-0.047852,0.434055,0.037886
-0.046843,0.433136,0.038360
-0.045188,0.433594,0.040866
-0.043846,0.433306,0.039711
-0.043799,0.434551,0.042447
-0.043143,0.435388,0.041518
-0.038667,0.434256,0.039240
-0.039107,0.436500,0.042112
-0.038025,0.433585,0.041369
-0.036248,0.433487,0.039888
-0.036290,0.433837,0.040946
-0.033551,0.434252,0.044452
-0.030690,0.437312,0.042419
-0.030270,0.434428,0.042622
-0.029364,0.433557,0.041993
-0.027592,0.433807,0.041817
-0.026298,0.434995,0.042796
-0.026715,0.434519,0.042241
-0.023224,0.435418,0.041483
-0.022774,0.432363,0.040893
-0.020600,0.436189,0.041811
-0.019552,0.436148,0.040186
-0.018253,0.434751,0.041353
-0.017825,0.433989,0.040214
-0.013729,0.434849,0.040909
-0.013204,0.433386,0.040761
-0.014568,0.434337,0.040818
-0.012997,0.433918,0.039301
-0.011363,0.436014,0.038527
-0.008659,0.435244,0.038032
-0.007294,0.433535,0.037655
-0.007036,0.436933,0.038752
-0.007493,0.435520,0.037457
-0.002173,0.433762,0.037690
-0.000758,0.434967,0.037687
-0.000607,0.434247,0.036556
0.001254,0.434534,0.036948
0.000407,0.436298,0.036160
0.001943,0.434737,0.037706
0.004667,0.435024,0.034592
0.005444,0.435932,0.037972
0.008191,0.435942,0.036352
0.008005,0.434501,0.034624
0.010991,0.435167,0.035861
0.012699,0.433356,0.034879
0.013867,0.435169,0.035146
0.011191,0.435545,0.033326
0.015916,0.435860,0.033811
0.015663,0.434808,0.034216
0.016607,0.434296,0.032365
0.020921,0.433774,0.033188
0.021231,0.435082,0.031579
0.022154,0.435696,0.030885
0.024141,0.436206,0.030953
0.025435,0.434850,0.031395
0.026982,0.436992,0.030777
0.030212,0.437276,0.029125
0.028770,0.435884,0.029666
0.030808,0.435359,0.026917
0.032639,0.435534,0.027135
0.034585,0.435354,0.022821
0.035048,0.437659,0.025519
0.034912,0.435055,0.024924
0.038151,0.437264,0.023976
0.039419,0.436123,0.021711
0.038633,0.437957,0.020845
0.042714,0.436976,0.018498
0.043970,0.438352,0.019597
0.045321,0.435912,0.020640
0.045528,0.438365,0.018652
0.047824,0.435938,0.017088
0.047877,0.437251,0.015821
0.050691,0.435529,0.017044
0.050775,0.436538,0.014890
0.053705,0.437805,0.013208
0.053280,0.437366,0.011872
0.056938,0.437474,0.012507
0.056470,0.438072,0.012567
0.059074,0.437603,0.010938
0.059018,0.438202,0.009585
0.062226,0.436636,0.007815
0.060766,0.437971,0.006957
0.061608,0.438685,0.004967
0.066740,0.438366,0.006234
0.065004,0.438203,0.004211
0.066787,0.439330,0.004683
0.069475,0.439571,0.001407
0.072281,0.438983,0.003187
0.071639,0.437659,0.000906
0.072835,0.439276,0.000539
0.076525,0.438281,-0.001740
0.076856,0.441747,-0.001109
0.078222,0.438547,-0.003367
0.079803,0.438682,-0.002954
0.081704,0.440128,-0.006354
0.082107,0.438828,-0.005111
0.084328,0.440345,-0.003637
0.085024,0.437042,-0.005714
0.088123,0.436718,-0.008503
0.088378,0.441382,-0.009335
0.089040,0.439985,-0.010504
0.089230,0.439727,-0.011914
0.091945,0.439790,-0.011634
0.093901,0.439562,-0.011709
0.094717,0.438291,-0.015207
0.095438,0.438639,-0.015567
0.097475,0.441009,-0.016373
0.098387,0.440946,-0.016142
0.099377,0.439670,-0.019732
0.101884,0.439251,-0.018336
0.103973,0.441579,-0.019405
0.105321,0.441353,-0.021447
0.106638,0.441013,-0.023524
0.107642,0.440335,-0.021773
0.107068,0.442109,-0.022668
0.110554,0.440056,-0.022278
0.112586,0.440555,-0.025204
0.114178,0.442656,-0.026143
0.114207,0.440382,-0.028148
0.115896,0.441429,-0.028117
0.119154,0.442603,-0.027818
-0.182017,0.442978,-0.043723
-0.180699,0.443761,-0.036943
-0.177308,0.444757,-0.031037
-0.175686,0.442661,-0.021348
-0.173937,0.440866,-0.016960
-0.171127,0.440953,-0.011079
-0.171202,0.439688,-0.002080
-0.169043,0.442198,0.002409
-0.167507,0.440526,0.008904
-0.164535,0.439840,0.016147
-0.165448,0.437636,0.022357
-0.160900,0.436959,0.027670
-0.161073,0.436775,0.030896
-0.156492,0.436668,0.032174
-0.158197,0.436434,0.032366
-0.156207,0.437007,0.030596
-0.154085,0.437934,0.032223
-0.153665,0.436620,0.028455
-0.152712,0.437040,0.032186
-0.151680,0.436957,0.029050
-0.148506,0.437387,0.028331
-0.149388,0.436645,0.030453
-0.147876,0.436666,0.028964
-0.145774,0.437629,0.029406
-0.143856,0.436385,0.027824
-0.141286,0.434968,0.028126
-0.141745,0.437302,0.028479
-0.141267,0.438786,0.027584
-0.138948,0.438331,0.027633
-0.137461,0.436221,0.028418
-0.135083,0.437803,0.027126
-0.134249,0.437661,0.028094
-0.132870,0.437326,0.027042
-0.131198,0.438284,0.026254
-0.130090,0.438604,0.029204
-0.129985,0.437720,0.027659
-0.126924,0.436028,0.027199
-0.125693,0.437903,0.029763
-0.126409,0.438037,0.027909
-0.124602,0.436172,0.026927
-0.123596,0.437212,0.027078
-0.122262,0.436920,0.029350
-0.119669,0.438436,0.027397
-0.119676,0.437029,0.030333
-0.116878,0.437132,0.027333
-0.114844,0.437547,0.027662
-0.113443,0.437065,0.029421
-0.113202,0.437457,0.029065
-0.110750,0.438247,0.031518
-0.109630,0.437802,0.027730
-0.107753,0.436086,0.028487
-0.105875,0.436583,0.027358
-0.104782,0.437127,0.028313
-0.106720,0.437639,0.030617
-0.101620,0.437162,0.030580
-0.100885,0.437557,0.029816
-0.099834,0.436389,0.030553
-0.098431,0.436745,0.031911
-0.096602,0.435929,0.029745
-0.093576,0.436740,0.032639
-0.094178,0.436531,0.031245
-0.091078,0.438038,0.032009
-0.090914,0.437719,0.033575
-0.090819,0.437478,0.034326
-0.088516,0.437543,0.032399
-0.087679,0.435398,0.032779
-0.087123,0.436383,0.032048
-0.084343,0.437873,0.035200
-0.081973,0.436180,0.035461
-0.082383,0.435997,0.033498
-0.081337,0.436455,0.036114
-0.078391,0.435883,0.035285
-0.076326,0.434999,0.035634
-0.075206,0.436919,0.033878
-0.073593,0.436486,0.034616
-0.072621,0.436231,0.035069
-0.071813,0.437124,0.038444
-0.069799,0.435714,0.036218
-0.068151,0.435466,0.036652
-0.065987,0.435992,0.038119
-0.065914,0.435799,0.038677
-0.064700,0.436339,0.037491
-0.063784,0.436358,0.038896
-0.062189,0.438258,0.039547
-0.061307,0.434979,0.038762
-0.059037,0.435788,0.039867
-0.058405,0.434662,0.039259
-0.057968,0.436686,0.039432
-0.057172,0.435209,0.040617
-0.054356,0.438153,0.038038
-0.053471,0.436467,0.039535
-0.050623,0.435918,0.039239
-0.047995,0.435319,0.038882
-0.049312,0.435788,0.041986
-0.048176,0.435553,0.037657
-0.045807,0.435871,0.039775
-0.043533,0.434188,0.040484
-0.043913,0.435490,0.040309
-0.042413,0.435413,0.040206
-0.038725,0.436309,0.040377
-0.039009,0.436641,0.042119
-0.038246,0.436462,0.043125
-0.037069,0.436087,0.042019
-0.034525,0.435489,0.042135
-0.031940,0.438017,0.039917
-0.031890,0.434663,0.041118
-0.031868,0.435160,0.043896
-0.029939,0.436363,0.040666
-0.027783,0.435075,0.041627
-0.026996,0.436997,0.040752
-0.025354,0.435272,0.040819
-0.024742,0.436693,0.042508
-0.023461,0.435775,0.038789
-0.020494,0.436692,0.041832
-0.020338,0.435848,0.040139
-0.019116,0.436688,0.039268
-0.017046,0.437559,0.038726
-0.016260,0.435914,0.039547
-0.012960,0.436138,0.040648
-0.013640,0.436770,0.039951
-0.009795,0.436799,0.037520
-0.010783,0.436138,0.038990
-0.008636,0.435663,0.038231
-0.007413,0.436420,0.036489
-0.005585,0.437739,0.036141
-0.005369,0.436147,0.037494
-0.003903,0.435990,0.036525
-0.002623,0.436817,0.037011
0.000977,0.436997,0.036303
-0.000478,0.436808,0.038792
0.002168,0.436728,0.037666
0.002393,0.436466,0.037164
0.006002,0.438288,0.037359
0.004715,0.437230,0.036406
0.009086,0.435591,0.037144
0.007136,0.436110,0.036009
0.009662,0.436774,0.034311
0.012590,0.436752,0.033435
0.012091,0.437702,0.034739
0.014137,0.437614,0.033498
0.015939,0.438443,0.034071
0.016508,0.437422,0.034156
0.018345,0.434867,0.031633
0.020093,0.435096,0.030553
0.020405,0.437201,0.029313
0.022623,0.436751,0.031337
0.022513,0.437512,0.029558
0.024901,0.436312,0.030091
0.026798,0.437256,0.028959
0.029068,0.437899,0.029861
0.029180,0.435946,0.028316
0.030716,0.436441,0.025192
0.031868,0.437156,0.026907
0.031953,0.439340,0.025551
0.036040,0.436277,0.023712
0.036650,0.437881,0.023156
0.034900,0.438291,0.022591
0.038390,0.436687,0.020936
0.040252,0.437978,0.021396
0.040262,0.437523,0.020264
0.045216,0.438111,0.019576
0.043348,0.439336,0.019022
0.044983,0.439242,0.019000
0.047941,0.439299,0.016851
0.046921,0.438087,0.016301
0.049533,0.438688,0.014404
0.052625,0.438593,0.014334
0.053361,0.437548,0.011044
0.054917,0.438538,0.010414
0.055743,0.437880,0.010704
0.054743,0.439046,0.010253
0.059309,0.439871,0.008355
0.060573,0.438847,0.008520
0.063930,0.438763,0.008590
0.062289,0.440104,0.006783
0.064302,0.439096,0.005550
0.066142,0.439555,0.006149
0.067065,0.441539,0.004013
0.066811,0.439890,0.002422
0.070907,0.440433,0.000219
0.071197,0.443015,-0.001149
0.072632,0.439719,-0.000975
0.073747,0.439792,-0.003123
0.075655,0.441196,0.000061
0.077803,0.439217,-0.002248
0.077770,0.441475,-0.003026
0.080001,0.441725,-0.005910
0.081907,0.441746,-0.006031
0.080599,0.443229,-0.004626
0.083615,0.439449,-0.005266
0.084650,0.439675,-0.007463
0.085952,0.441854,-0.008114
0.087165,0.440103,-0.010033
0.088373,0.442245,-0.010780
0.090354,0.443560,-0.011629
0.093344,0.440846,-0.011926
0.094987,0.444050,-0.013981
0.095286,0.441684,-0.017047
0.096136,0.441167,-0.016072
0.096743,0.441527,-0.015758
0.098796,0.444368,-0.016307
0.101235,0.442898,-0.016981
0.101099,0.441138,-0.018696
0.105068,0.441697,-0.022249
0.104682,0.441821,-0.023141
0.105447,0.443103,-0.021909
0.107384,0.443174,-0.023421
0.110235,0.442309,-0.023866
0.112005,0.442365,-0.025005
0.111021,0.443277,-0.024888
0.112275,0.442069,-0.025909
0.114125,0.442307,-0.026769
0.117649,0.445053,-0.027380
0.118578,0.443020,-0.028703
-0.181757,0.445502,-0.043140
-0.180489,0.443486,-0.034681
-0.177624,0.444579,-0.029781
-0.175345,0.442551,-0.021770
-0.174351,0.444894,-0.016656
-0.174346,0.441243,-0.008135
-0.169505,0.440482,-0.000894
-0.169173,0.441802,0.004589
-0.167268,0.442095,0.011193
-0.164570,0.439705,0.015995
-0.162493,0.440172,0.024129
-0.161873,0.439953,0.029110
-0.159551,0.438993,0.032559
-0.158148,0.438498,0.030437
-0.156537,0.439440,0.030627
-0.154900,0.440009,0.031340
-0.154812,0.437142,0.031359
-0.155461,0.441006,0.029848
-0.151809,0.439206,0.030313
-0.151409,0.438612,0.029980
-0.148710,0.440499,0.029878
-0.149562,0.438816,0.028759
-0.145778,0.439531,0.028875
-0.145193,0.438150,0.028528
-0.143480,0.437509,0.028961
-0.144353,0.438175,0.028389
-0.141994,0.437928,0.028693
-0.140527,0.439716,0.025872
-0.139800,0.438489,0.028104
-0.136546,0.439423,0.028132
-0.135029,0.439201,0.026235
-0.133439,0.438994,0.027203
-0.134900,0.438321,0.026018
-0.132446,0.439146,0.027970
-0.130419,0.438497,0.026622
-0.126732,0.438753,0.029325
-0.126076,0.439320,0.027512
-0.125872,0.439372,0.025011
-0.124786,0.438598,0.027312
-0.118545,0.440723,0.030026
-0.122858,0.439058,0.028383
-0.121411,0.438371,0.026824
-0.120361,0.440498,0.028487
-0.117582,0.439105,0.026948
-0.117676,0.437442,0.030035
-0.114765,0.439656,0.027838
-0.114723,0.439432,0.027178
-0.112655,0.441069,0.029337
-0.113046,0.438089,0.028115
-0.111193,0.439479,0.029367
-0.107584,0.439347,0.028828
-0.106010,0.438778,0.028826
-0.104094,0.439277,0.028026
-0.104583,0.438878,0.027791
-0.103842,0.439955,0.029522
-0.100870,0.439962,0.030379
-0.100012,0.439202,0.030793
-0.097977,0.440801,0.029219
-0.097149,0.438510,0.031270
-0.095624,0.439321,0.030819
-0.094324,0.438862,0.029322
-0.093866,0.440164,0.032521
-0.090034,0.440215,0.033137
-0.090494,0.438386,0.030461
-0.087582,0.437802,0.033754
-0.088299,0.439002,0.031184
-0.086325,0.439278,0.031513
-0.086023,0.440830,0.033428
-0.083023,0.438072,0.034668
-0.081991,0.438482,0.035377
-0.079900,0.438400,0.034536
-0.080352,0.438898,0.034948
-0.076069,0.439451,0.035073
-0.075744,0.436936,0.035568
-0.073654,0.438471,0.034316
-0.073479,0.438858,0.037102
-0.070131,0.438418,0.034717
-0.072476,0.437396,0.036592
-0.069314,0.439314,0.036666
-0.067392,0.438423,0.035104
-0.064666,0.438606,0.036689
-0.064925,0.437877,0.035493
-0.065712,0.437951,0.037052
-0.061991,0.436602,0.037875
-0.061898,0.438825,0.038544
-0.059162,0.439162,0.039182
-0.058269,0.437561,0.038211
-0.055591,0.437960,0.037253
-0.056934,0.437526,0.040758
-0.055293,0.436745,0.038465
-0.051698,0.438845,0.037782
-0.050394,0.437734,0.039443
-0.050915,0.437325,0.039260
-0.048821,0.436641,0.038440
-0.050189,0.437013,0.040799
-0.045763,0.436985,0.041249
-0.045026,0.437092,0.038826
-0.043138,0.438390,0.041804
-0.040312,0.436266,0.040561
-0.037811,0.436010,0.040683
-0.040909,0.435217,0.041088
-0.037616,0.438548,0.041027
-0.035958,0.439113,0.041630
-0.033328,0.436573,0.039992
-0.033468,0.437621,0.040034
-0.032973,0.437985,0.041052
-0.030762,0.439044,0.041124
-0.029561,0.439107,0.040252
-0.028531,0.437373,0.040365
-0.026757,0.437490,0.039716
-0.026719,0.437206,0.040562
-0.023751,0.438963,0.039256
-0.022885,0.438291,0.039582
-0.022327,0.439416,0.039128
-0.019871,0.439394,0.040026
-0.018364,0.438832,0.040105
-0.018443,0.439592,0.038694
-0.016239,0.437923,0.039428
-0.014777,0.436990,0.038514
-0.013992,0.439691,0.039396
-0.010516,0.438201,0.037421
-0.010399,0.438473,0.037413
-0.008717,0.437711,0.037760
-0.008397,0.437959,0.037218
-0.006172,0.436366,0.036085
-0.004747,0.437326,0.037471
-0.003575,0.437840,0.037471
-0.001251,0.439064,0.035608
-0.001187,0.439337,0.036591
0.002138,0.436690,0.036667
0.002719,0.439554,0.034470
0.004619,0.438150,0.034958
0.003563,0.438130,0.034622
0.007514,0.436922,0.034750
0.007152,0.436761,0.034297
0.008339,0.438707,0.035387
0.008598,0.435735,0.034152
0.010923,0.438474,0.032699
0.014956,0.438102,0.033812
0.013271,0.437043,0.033780
0.015193,0.438911,0.032246
0.017554,0.438055,0.032058
0.017981,0.439343,0.030433
0.020662,0.438159,0.031633
0.021751,0.437950,0.031073
0.021402,0.438385,0.027656
0.023885,0.438692,0.029226
0.025431,0.439247,0.028394
0.026828,0.439065,0.027169
0.026963,0.438909,0.027513
0.029721,0.441286,0.026272
0.030782,0.438915,0.027983
0.032480,0.440105,0.024654
0.033905,0.437977,0.024459
0.034652,0.440433,0.022566
0.035345,0.438824,0.022457
0.037639,0.440664,0.021829
0.040177,0.441388,0.019744
0.041699,0.440426,0.019814
0.041382,0.439208,0.018034
0.044868,0.439970,0.016821
0.044184,0.440795,0.017975
0.045427,0.440393,0.017475
0.046811,0.439777,0.017895
0.049866,0.440099,0.014834
0.049707,0.438322,0.014459
0.051800,0.441240,0.012958
0.053200,0.440282,0.011375
0.053581,0.439475,0.010139
0.057389,0.442475,0.010175
0.057707,0.440837,0.006418
0.059305,0.441101,0.009116
0.058948,0.442334,0.004785
0.059474,0.439745,0.007576
0.061939,0.440976,0.003849
0.064327,0.440479,0.003309
0.066253,0.442924,0.003725
0.066083,0.442163,0.002844
0.065452,0.440725,0.003370
0.070659,0.442647,0.001881
0.072217,0.441834,-0.001319
0.071506,0.442352,-0.001708
0.073231,0.440441,-0.001759
0.074750,0.442566,-0.003450
0.076524,0.442498,-0.002341
0.078538,0.442562,-0.004065
0.078938,0.443633,-0.006110
0.080318,0.443701,-0.008334
0.082170,0.442458,-0.005399
0.081361,0.443483,-0.006607
0.085963,0.443413,-0.008187
0.085826,0.441852,-0.010424
0.086920,0.442116,-0.010202
0.087784,0.441542,-0.011698
0.091341,0.443979,-0.012852
0.092800,0.442785,-0.013328
0.095230,0.442524,-0.013843
0.095359,0.443291,-0.016694
0.097727,0.443954,-0.017204
0.097075,0.444299,-0.016487
0.099269,0.444417,-0.019646
0.102883,0.443488,-0.018425
0.101546,0.445769,-0.019223
0.103822,0.445104,-0.019920
0.106621,0.443556,-0.021014
0.109266,0.444983,-0.021936
0.107006,0.444682,-0.024107
0.109510,0.445781,-0.024319
0.111840,0.444478,-0.026203
0.113153,0.445500,-0.026367
0.113549,0.444145,-0.024658
0.113860,0.443461,-0.028843
0.115455,0.445205,-0.028667
0.116734,0.444168,-0.028866
-0.182222,0.448728,-0.039400
-0.180024,0.446421,-0.032355
-0.177530,0.446599,-0.028471
-0.176289,0.445724,-0.021726
-0.175376,0.444086,-0.015243
-0.172721,0.444463,-0.007195
-0.170409,0.443464,-0.000201
-0.169703,0.444804,0.004270
-0.167184,0.440942,0.013387
-0.164032,0.441591,0.018535
-0.164661,0.441946,0.024469
-0.161701,0.440260,0.031282
-0.160778,0.439843,0.031030
-0.159765,0.438765,0.029674
-0.156308,0.440279,0.031157
-0.157021,0.439181,0.028310
-0.156224,0.439925,0.031770
-0.151156,0.439070,0.030782
-0.152163,0.441719,0.029193
-0.151227,0.441411,0.030146
-0.149279,0.439719,0.029529
-0.148077,0.440326,0.028454
-0.146154,0.438312,0.028084
-0.143982,0.439948,0.027404
-0.145378,0.441087,0.028835
-0.143010,0.440091,0.027540
-0.141318,0.439716,0.029526
-0.140027,0.440964,0.027147
-0.138158,0.441854,0.026590
-0.137102,0.442209,0.027529
-0.134510,0.438354,0.025030
-0.132170,0.440296,0.024908
-0.132354,0.441952,0.028252
-0.131644,0.440724,0.025810
-0.130854,0.440306,0.026696
-0.128661,0.440717,0.026702
-0.129450,0.440202,0.025879
-0.124098,0.443116,0.026786
-0.125274,0.438695,0.027182
-0.122522,0.441984,0.025894
-0.119954,0.440917,0.026206
-0.120070,0.438943,0.025677
-0.120204,0.441381,0.026415
-0.116623,0.440412,0.027110
-0.116514,0.438778,0.027846
-0.115406,0.441217,0.027120
-0.112809,0.442142,0.027997
-0.112661,0.437928,0.028876
-0.111766,0.440860,0.028564
-0.110282,0.440386,0.026616
-0.108928,0.441448,0.028370
-0.106576,0.440226,0.027183
-0.105300,0.438655,0.028206
-0.104139,0.439491,0.029837
-0.101963,0.439599,0.028645
-0.102153,0.440659,0.028487
-0.099808,0.441370,0.029816
-0.099483,0.440514,0.029152
-0.097372,0.442236,0.028618
-0.095856,0.440441,0.029208
-0.095285,0.439092,0.030593
-0.092985,0.440729,0.029659
-0.091462,0.440693,0.031617
-0.088706,0.439488,0.031174
-0.089430,0.438908,0.032999
-0.087293,0.439486,0.031214
-0.084904,0.439141,0.032680
-0.084163,0.440594,0.032752
-0.083866,0.439226,0.033571
-0.081666,0.439387,0.033872
-0.081099,0.440256,0.034621
-0.077979,0.439086,0.032708
-0.079918,0.438284,0.033725
-0.077017,0.440506,0.034778
-0.075046,0.439554,0.033254
-0.071898,0.439825,0.038273
-0.073135,0.439862,0.035721
-0.072211,0.440778,0.035694
-0.070168,0.439774,0.033024
-0.067475,0.440159,0.036502
-0.065829,0.438754,0.037767
-0.067647,0.438491,0.036506
-0.063796,0.437879,0.037177
-0.063858,0.438650,0.036163
-0.060627,0.438970,0.039092
-0.059158,0.439464,0.037288
-0.058477,0.439371,0.038349
-0.057225,0.439495,0.038546
-0.056587,0.440814,0.037838
-0.053740,0.440432,0.038392
-0.052382,0.439509,0.038749
-0.050809,0.438511,0.039127
-0.049491,0.438288,0.039180
-0.049210,0.439186,0.040611
-0.045756,0.438436,0.039566
-0.046747,0.441800,0.039637
-0.044566,0.439297,0.039812
-0.043847,0.439852,0.040304
-0.040513,0.440043,0.038892
-0.040750,0.437760,0.038882
-0.040023,0.438794,0.039795
-0.037113,0.439923,0.041085
-0.035500,0.439566,0.039608
-0.033620,0.438875,0.038934
-0.035236,0.439297,0.041368
-0.032393,0.440373,0.040713
-0.029144,0.439160,0.040628
-0.028506,0.439405,0.038233
-0.029278,0.439539,0.038222
-0.027159,0.440110,0.040564
-0.025527,0.440072,0.039286
-0.024106,0.439670,0.038990
-0.023308,0.439708,0.040450
-0.020984,0.438004,0.039261
-0.021027,0.439280,0.039461
-0.018838,0.440373,0.037949
-0.016008,0.440813,0.036884
-0.015970,0.440660,0.036502
-0.013877,0.440287,0.037457
-0.014524,0.439199,0.038553
-0.012438,0.438997,0.036937
-0.009637,0.439420,0.038987
-0.007979,0.440121,0.036659
-0.009223,0.437212,0.036427
-0.005995,0.442063,0.035145
-0.006529,0.440793,0.033645
-0.004867,0.439510,0.035866
-0.001091,0.441127,0.036159
-0.000375,0.439822,0.034709
0.000556,0.440339,0.036409
0.003824,0.441117,0.032180
0.004663,0.439632,0.033437
0.005288,0.440454,0.034810
0.006415,0.439393,0.033570
0.006427,0.440259,0.034862
0.008092,0.438873,0.034645
0.010748,0.439393,0.035267
0.010450,0.440930,0.030838
0.011621,0.441296,0.031425
0.013683,0.440010,0.033233
0.014330,0.440531,0.030517
0.018359,0.440375,0.030446
0.018872,0.440719,0.030653
0.019196,0.439097,0.030862
0.021616,0.440367,0.030018
0.019233,0.440892,0.027374
0.026004,0.439912,0.027339
0.024770,0.439859,0.027332
0.025822,0.438932,0.026126
0.028460,0.441497,0.026319
0.028540,0.441135,0.024737
0.030887,0.441123,0.025221
0.031180,0.440788,0.025272
0.032593,0.439460,0.024002
0.034107,0.439500,0.022967
0.036425,0.440854,0.021063
0.036789,0.440942,0.020610
0.039596,0.440991,0.019214
0.041429,0.440047,0.019668
0.041788,0.441382,0.018293
0.041756,0.441569,0.017572
0.042798,0.442901,0.014804
0.043456,0.440020,0.014893
0.045645,0.441285,0.014363
0.047974,0.441833,0.014340
0.049358,0.443020,0.010691
0.050611,0.444215,0.011878
0.053296,0.443394,0.011872
0.054378,0.442338,0.010746
0.057010,0.440917,0.008886
0.059318,0.443789,0.007004
0.058589,0.443606,0.007709
0.060743,0.443977,0.005979
0.061667,0.443257,0.004325
0.062596,0.442953,0.002550
0.063716,0.442940,0.002674
0.067289,0.442778,0.005454
0.067177,0.444542,0.000738
0.066190,0.444426,0.002383
0.069384,0.445111,-0.001050
0.070306,0.443752,0.000430
0.072166,0.444212,-0.003605
0.074011,0.446283,-0.002855
0.074830,0.443957,-0.003511
0.078050,0.445559,-0.004748
0.078747,0.443071,-0.003636
0.079598,0.443631,-0.008075
0.080754,0.444835,-0.005654
0.082522,0.443663,-0.006862
0.084971,0.443828,-0.009609
0.084867,0.444665,-0.008206
0.087014,0.445049,-0.010406
0.086890,0.445352,-0.010665
0.088912,0.443713,-0.013674
0.091230,0.444897,-0.014234
0.092496,0.444797,-0.013290
0.094487,0.444968,-0.016815
0.095169,0.446506,-0.016921
0.097275,0.446076,-0.017858
0.098213,0.443551,-0.018859
0.098979,0.446613,-0.018540
0.100764,0.447126,-0.019479
0.101218,0.445994,-0.020629
0.104516,0.445568,-0.021305
0.104638,0.446047,-0.024583
0.106802,0.444928,-0.025089
0.107783,0.446216,-0.024507
0.110702,0.445962,-0.022704
0.110366,0.447134,-0.026504
0.110557,0.445558,-0.026487
0.111981,0.448197,-0.026254
0.116613,0.448112,-0.028442
0.119070,0.446984,-0.029947
-0.181001,0.448179,-0.038959
-0.180915,0.449172,-0.030239
-0.176763,0.448919,-0.025795
-0.175323,0.446695,-0.018315
-0.174605,0.446329,-0.012982
-0.170495,0.445087,-0.006431
-0.170181,0.443628,0.002432
-0.168776,0.444306,0.007816
-0.165507,0.443392,0.012210
-0.165644,0.442975,0.019804
-0.163473,0.442566,0.027838
-0.161650,0.441751,0.029268
-0.162507,0.442610,0.029954
-0.159323,0.442765,0.029987
-0.156331,0.440730,0.029849
-0.156439,0.439969,0.028746
-0.155445,0.440770,0.029350
-0.152982,0.441600,0.030444
-0.152007,0.444793,0.028329
-0.150840,0.441728,0.027709
-0.150834,0.442910,0.026559
-0.148906,0.441545,0.029256
-0.144808,0.443367,0.028487
-0.145830,0.442299,0.028149
-0.142729,0.441703,0.028242
-0.142630,0.441463,0.028958
-0.140993,0.442404,0.026268
-0.139567,0.444088,0.025183
-0.137626,0.444330,0.026100
-0.136876,0.444308,0.025295
-0.134912,0.441639,0.024992
-0.135625,0.442119,0.026696
-0.132035,0.442808,0.026049
-0.131814,0.441203,0.026657
-0.129024,0.442147,0.029026
-0.129477,0.442200,0.027773
-0.128519,0.440907,0.025550
-0.124771,0.442766,0.026692
-0.123918,0.441664,0.026160
-0.121801,0.441885,0.024520
-0.121931,0.443323,0.027908
-0.122321,0.442537,0.027446
-0.119301,0.442042,0.026543
-0.118675,0.443497,0.026231
-0.116586,0.441352,0.027213
-0.115581,0.442626,0.026053
-0.113587,0.443308,0.026837
-0.111491,0.442354,0.025567
-0.110469,0.443190,0.027520
-0.108145,0.441087,0.027716
-0.109116,0.442980,0.028585
-0.106357,0.440388,0.026271
-0.104180,0.441824,0.027133
-0.102335,0.440964,0.028087
-0.102042,0.441124,0.029460
-0.101547,0.441783,0.028532
-0.099964,0.442694,0.030011
-0.098441,0.441067,0.029120
-0.097125,0.441057,0.026959
-0.094583,0.440819,0.028161
-0.094446,0.441798,0.029701
-0.091929,0.440959,0.030610
-0.090242,0.442704,0.029709
-0.090618,0.440683,0.030729
-0.090620,0.443338,0.030848
-0.088881,0.443371,0.030850
-0.086514,0.441219,0.034611
-0.085712,0.442435,0.031933
-0.084121,0.441478,0.033939
-0.082149,0.441323,0.032671
-0.080513,0.441047,0.033746
-0.080727,0.442775,0.033359
-0.077938,0.443000,0.033248
-0.076997,0.442586,0.035005
-0.074398,0.440003,0.033909
-0.073579,0.441629,0.034564
-0.072393,0.440395,0.036300
-0.070191,0.440550,0.035474
-0.068959,0.442486,0.036192
-0.068437,0.440994,0.034926
-0.066272,0.442964,0.035776
-0.063917,0.441729,0.036166
-0.065769,0.442123,0.036285
-0.063345,0.439005,0.035625
-0.059159,0.442199,0.037409
-0.060321,0.442653,0.037949
-0.056901,0.442434,0.037084
-0.056471,0.442201,0.036953
-0.055408,0.441930,0.036125
-0.053193,0.441874,0.038208
-0.054212,0.441707,0.038420
-0.051163,0.439907,0.038272
-0.050087,0.439548,0.039097
-0.049604,0.441563,0.037490
-0.047335,0.442438,0.039640
-0.045542,0.441427,0.037900
-0.042206,0.439708,0.039035
-0.044432,0.441336,0.039551
-0.042718,0.441116,0.038808
-0.040542,0.442520,0.040187
-0.038216,0.441676,0.039156
-0.037903,0.440299,0.040545
-0.037928,0.439911,0.039875
-0.035537,0.441668,0.038966
-0.033155,0.440765,0.039294
-0.031100,0.442561,0.038187
-0.031061,0.442599,0.039724
-0.029576,0.441769,0.041323
-0.029542,0.441429,0.039470
-0.026481,0.442127,0.038758
-0.025369,0.441490,0.038483
-0.023033,0.441741,0.039296
-0.021733,0.440890,0.037766
-0.023322,0.441001,0.039033
-0.018239,0.439809,0.039053
-0.020685,0.440019,0.038364
-0.016263,0.440227,0.038443
-0.015591,0.440904,0.039244
-0.014249,0.441739,0.037549
-0.014018,0.441864,0.036408
-0.013007,0.439325,0.035907
-0.009711,0.441186,0.035829
-0.008625,0.439793,0.036586
-0.006761,0.441188,0.035119
-0.006130,0.440965,0.036561
-0.006229,0.442671,0.035496
-0.003594,0.439983,0.035233
-0.001731,0.441349,0.034646
-0.000945,0.440854,0.033066
0.000325,0.441516,0.033926
0.001409,0.442104,0.033876
0.004009,0.443300,0.033210
0.004573,0.441352,0.034355
0.007053,0.441820,0.033186
0.008127,0.441925,0.034211
0.006869,0.442032,0.034718
0.010680,0.443759,0.033620
0.012566,0.439861,0.030674
0.012999,0.442283,0.029854
0.013918,0.442815,0.031773
0.015329,0.441886,0.030866
0.018142,0.442171,0.031145
0.016783,0.440891,0.028944
0.019803,0.443516,0.028962
0.022084,0.441821,0.028198
0.023770,0.439603,0.025613
0.024370,0.443563,0.030293
0.025770,0.442647,0.026747
0.027210,0.442709,0.025965
0.028241,0.443332,0.025667
0.030595,0.442867,0.024611
0.031817,0.442167,0.024593
0.033731,0.440145,0.025433
0.034887,0.441786,0.021688
0.034665,0.442971,0.023318
0.035183,0.443122,0.021165
0.038783,0.443076,0.019180
0.040066,0.442946,0.018958
0.040878,0.442248,0.018967
0.041175,0.444425,0.018138
0.042448,0.442876,0.016301
0.044074,0.443504,0.014974
0.044420,0.442204,0.016537
0.048256,0.443862,0.012423
0.048362,0.444060,0.011998
0.050488,0.443767,0.011333
0.051855,0.442120,0.010496
0.051981,0.442703,0.009410
0.053994,0.443994,0.008727
0.054121,0.443007,0.008878
0.056974,0.444106,0.007136
0.058467,0.444514,0.005038
0.059179,0.444739,0.006767
0.062801,0.445549,0.003785
0.061176,0.444832,0.002839
0.063814,0.442586,0.002720
0.064808,0.444254,0.002064
0.066892,0.446320,0.002002
0.066009,0.448044,0.000380
0.069236,0.445655,-0.001328
0.072170,0.442651,-0.002087
0.072637,0.444687,-0.002749
0.073204,0.445690,-0.003593
0.074273,0.445717,-0.007493
0.074225,0.445821,-0.004060
0.078263,0.447325,-0.005079
0.079779,0.445554,-0.004710
0.080055,0.446747,-0.006670
0.083783,0.446665,-0.009783
0.082929,0.445789,-0.010493
0.083977,0.447039,-0.009927
0.086177,0.445302,-0.010746
0.086163,0.444547,-0.013705
0.088502,0.448310,-0.012794
0.090138,0.447047,-0.014795
0.092052,0.448175,-0.013796
0.092980,0.447602,-0.014112
0.095212,0.447433,-0.016439
0.097986,0.447301,-0.018695
0.099944,0.448536,-0.019773
0.100323,0.445789,-0.021307
0.100834,0.447062,-0.018819
0.101605,0.447799,-0.021434
0.102871,0.447868,-0.021416
0.104340,0.448164,-0.024883
0.108472,0.446794,-0.023643
0.107488,0.449197,-0.025284
0.110765,0.448829,-0.025206
0.110468,0.447697,-0.025534
0.111261,0.446754,-0.027246
0.112998,0.448590,-0.026233
0.116777,0.447082,-0.029538
0.117074,0.449483,-0.030081
-0.180580,0.450787,-0.035455
-0.180736,0.449680,-0.029213
-0.177279,0.448919,-0.025178
-0.175775,0.449137,-0.016320
-0.174353,0.446926,-0.007602
-0.173417,0.447411,-0.003077
-0.169793,0.446361,0.003447
-0.169513,0.446789,0.010265
-0.167684,0.446279,0.015006
-0.165108,0.445086,0.023010
-0.163016,0.442688,0.028972
-0.159913,0.443637,0.029266
-0.160177,0.443273,0.030536
-0.158556,0.442663,0.029803
-0.158264,0.443243,0.030521
-0.156368,0.442666,0.031262
-0.154025,0.443997,0.030677
-0.153987,0.442380,0.029593
-0.152089,0.443104,0.027450
-0.150526,0.443151,0.029352
-0.149613,0.444180,0.027944
-0.150307,0.443805,0.030140
-0.146811,0.444599,0.027677
-0.145604,0.442293,0.026736
-0.143150,0.444243,0.026717
-0.142107,0.443593,0.025547
-0.141922,0.444706,0.026297
-0.139096,0.442446,0.025754
-0.139070,0.444241,0.027665
-0.139215,0.443052,0.026925
-0.136534,0.442547,0.025222
-0.133437,0.443342,0.026627
-0.133830,0.443350,0.026334
-0.132022,0.444941,0.024419
-0.130599,0.446342,0.024150
-0.128514,0.443833,0.025053
-0.127613,0.443506,0.024588
-0.126769,0.442830,0.025973
-0.125932,0.443597,0.025379
-0.121795,0.445268,0.025417
-0.120464,0.443726,0.026156
-0.119508,0.442982,0.023560
-0.120533,0.443366,0.026392
-0.117255,0.445892,0.026011
-0.113786,0.443852,0.024906
-0.115393,0.445702,0.025414
-0.114868,0.443358,0.025740
-0.112927,0.442951,0.026876
-0.109081,0.443807,0.028383
-0.110084,0.444239,0.026860
-0.106811,0.444123,0.026776
-0.107575,0.445137,0.024276
-0.106000,0.443255,0.026548
-0.103076,0.444474,0.028445
-0.103071,0.442915,0.027438
-0.100842,0.443179,0.028414
-0.100555,0.444891,0.027539
-0.096950,0.445324,0.029110
-0.097538,0.442120,0.027462
-0.095848,0.444676,0.027510
-0.094505,0.442074,0.030138
-0.093140,0.444770,0.030163
-0.089319,0.444788,0.031072
-0.089039,0.444516,0.028348
-0.087488,0.443698,0.031137
-0.087046,0.445104,0.029187
-0.087810,0.443584,0.031779
-0.083006,0.443011,0.032047
-0.084315,0.444385,0.031914
-0.080855,0.443392,0.035584
-0.081979,0.444402,0.032492
-0.080294,0.442738,0.031931
-0.078209,0.442957,0.032488
-0.075193,0.442795,0.033178
-0.077631,0.444064,0.033995
-0.073466,0.444102,0.035038
-0.071646,0.441351,0.033091
-0.072270,0.443576,0.033647
-0.070831,0.443979,0.034677
-0.067492,0.442929,0.033818
-0.067157,0.442800,0.034860
-0.067119,0.443086,0.037454
-0.065765,0.442586,0.035683
-0.062580,0.440816,0.037093
-0.061536,0.442166,0.036554
-0.060923,0.441933,0.035340
-0.056279,0.443605,0.036865
-0.055053,0.443106,0.038266
-0.053796,0.443973,0.036578
-0.053641,0.441566,0.039023
-0.053956,0.442738,0.038607
-0.050794,0.441233,0.035327
-0.048783,0.441784,0.039374
-0.047704,0.443294,0.037822
-0.048610,0.442542,0.037808
-0.046921,0.441512,0.038830
-0.044392,0.441833,0.039673
-0.042467,0.443585,0.039569
-0.042550,0.443253,0.036762
-0.040353,0.442876,0.037969
-0.040443,0.443143,0.038857
-0.036758,0.444143,0.040586
-0.038271,0.442400,0.039620
-0.034366,0.444254,0.037789
-0.034377,0.440851,0.036948
-0.032574,0.441675,0.039667
-0.031138,0.443371,0.037991
-0.028787,0.444212,0.038192
-0.027412,0.444850,0.038683
-0.027195,0.443652,0.039158
-0.026145,0.442108,0.040235
-0.024448,0.444962,0.037952
-0.022460,0.442672,0.038834
-0.023351,0.441390,0.037744
-0.021226,0.442859,0.037895
-0.018824,0.443116,0.037355
-0.018458,0.443417,0.035386
-0.016528,0.443895,0.035617
-0.015262,0.443720,0.037536
-0.012619,0.444244,0.038048
-0.012972,0.443581,0.034747
-0.011493,0.442573,0.035807
-0.009764,0.442412,0.033879
-0.008675,0.444612,0.035893
-0.005833,0.444910,0.035469
-0.003858,0.443919,0.035109
-0.003583,0.443239,0.034940
-0.002374,0.442677,0.035428
-0.001020,0.444065,0.034244
0.000616,0.443822,0.034610
0.000269,0.441804,0.034202
0.004037,0.444814,0.031249
0.005276,0.443990,0.035313
0.007598,0.442279,0.033762
0.007048,0.444252,0.031544
0.007458,0.442313,0.032268
0.010530,0.442942,0.030188
0.010934,0.443949,0.033507
0.013243,0.443169,0.030655
0.013444,0.443579,0.030627
0.015431,0.444069,0.030705
0.017070,0.443965,0.029727
0.018147,0.442232,0.028662
0.020715,0.443918,0.027364
0.022507,0.443827,0.027667
0.021199,0.445559,0.027405
0.024071,0.443852,0.027510
0.025947,0.444266,0.025811
0.025932,0.443699,0.024475
0.026627,0.444171,0.024943
0.029072,0.443499,0.024895
0.028825,0.446758,0.022434
0.031232,0.444925,0.022197
0.033375,0.444338,0.020629
0.035088,0.442632,0.020445
0.036275,0.444615,0.020212
0.036961,0.445334,0.019063
0.038826,0.446195,0.019634
0.041358,0.445872,0.017976
0.040385,0.444641,0.017318
0.042819,0.444362,0.013098
0.042914,0.446280,0.015554
0.046719,0.444888,0.016299
0.048744,0.446681,0.012405
0.050360,0.444093,0.011969
0.050716,0.444318,0.010308
0.053098,0.445448,0.010777
0.050036,0.445409,0.009938
0.054046,0.446174,0.008202
0.055747,0.446848,0.006183
0.056707,0.445350,0.007935
0.057670,0.444961,0.005897
0.058778,0.446234,0.003962
0.063216,0.445868,0.002780
0.062821,0.445406,0.003115
0.063942,0.448456,0.002730
0.064289,0.448781,0.000564
0.066765,0.447398,-0.000723
0.066740,0.447774,-0.001686
0.067697,0.447035,-0.003105
0.071733,0.446211,-0.003098
0.072307,0.447071,-0.003606
0.074024,0.447692,-0.003627
0.076073,0.448354,-0.006129
0.077466,0.447200,-0.004811
0.076748,0.447196,-0.007910
0.079629,0.447718,-0.007561
0.079991,0.445713,-0.008275
0.079914,0.449208,-0.011261
0.082500,0.447889,-0.011038
0.086383,0.449691,-0.012056
0.085575,0.449972,-0.013472
0.089182,0.449068,-0.012985
0.088937,0.447074,-0.014884
0.089743,0.447627,-0.015045
0.092707,0.449152,-0.015367
0.093269,0.448089,-0.015114
0.093424,0.449435,-0.018092
0.097673,0.449396,-0.019313
0.099047,0.449451,-0.020178
0.099597,0.448805,-0.019573
0.100735,0.449220,-0.021605
0.102541,0.448466,-0.021589
0.103270,0.449713,-0.024647
0.106938,0.449440,-0.023275
0.107465,0.448827,-0.023382
0.107293,0.447876,-0.025783
0.110157,0.449404,-0.027412
0.110786,0.449359,-0.026429
0.110496,0.448637,-0.027499
0.112962,0.449840,-0.029415
0.115743,0.451555,-0.029190
0.114833,0.449391,-0.030053
-0.181966,0.452798,-0.035700
-0.178777,0.450244,-0.029808
-0.176817,0.451347,-0.023266
-0.176352,0.449608,-0.015774
-0.174372,0.448476,-0.009843
-0.170201,0.448288,-0.004324
-0.172489,0.447552,0.003491
-0.168208,0.446159,0.011608
-0.167635,0.447465,0.014898
-0.163255,0.445651,0.024119
-0.162872,0.442638,0.027902
-0.162562,0.443928,0.030109
-0.159798,0.444964,0.029249
-0.159778,0.443844,0.030844
-0.159444,0.444969,0.029493
-0.156496,0.444271,0.027648
-0.155879,0.446302,0.031594
-0.153123,0.444529,0.029343
-0.151605,0.444657,0.028437
-0.150239,0.444921,0.028499
-0.148852,0.444592,0.028998
-0.147433,0.446237,0.025642
-0.147784,0.443944,0.026693
-0.144611,0.444717,0.027011
-0.144752,0.447788,0.028829
-0.142320,0.443923,0.026229
-0.141574,0.444805,0.027195
-0.138489,0.446623,0.025940
-0.138830,0.445390,0.025809
-0.136494,0.446375,0.023886
-0.136825,0.445301,0.025005
-0.134076,0.445096,0.024557
-0.132959,0.445700,0.022868
-0.131345,0.446757,0.024166
-0.130881,0.446447,0.024101
-0.129595,0.445603,0.024042
-0.126782,0.443950,0.023331
-0.124796,0.446154,0.026777
-0.124879,0.445853,0.024233
-0.121656,0.446015,0.025464
-0.121790,0.445419,0.027328
-0.119954,0.444314,0.025518
-0.121040,0.447547,0.022971
-0.118136,0.445843,0.023662
-0.116522,0.444563,0.023211
-0.116008,0.445422,0.026405
-0.114505,0.446880,0.026416
-0.112293,0.445804,0.026076
-0.110711,0.445193,0.025385
-0.110502,0.445175,0.026211
-0.107826,0.444643,0.026616
-0.106167,0.444633,0.026632
-0.106162,0.444306,0.024532
-0.104290,0.447573,0.026407
-0.102444,0.445427,0.026383
-0.100961,0.446921,0.027931
-0.099022,0.446474,0.026299
-0.098834,0.444986,0.028962
-0.097698,0.444987,0.028367
-0.095155,0.445018,0.030571
-0.095342,0.446344,0.029082
-0.093042,0.445458,0.029247
-0.091674,0.445603,0.029210
-0.090674,0.443637,0.030003
-0.088662,0.444294,0.030957
-0.087339,0.445768,0.031330
-0.086123,0.445359,0.029097
-0.085894,0.445547,0.031792
-0.083597,0.445397,0.032044
-0.080620,0.445082,0.031810
-0.080656,0.444109,0.031553
-0.079130,0.446406,0.032827
-0.078505,0.445122,0.032161
-0.076756,0.445689,0.031141
-0.075198,0.444374,0.031026
-0.072773,0.445008,0.035662
-0.073239,0.443936,0.033669
-0.071801,0.445373,0.033946
-0.069194,0.443631,0.033648
-0.068975,0.445898,0.033753
-0.063546,0.443938,0.032950
-0.065235,0.444598,0.036291
-0.061904,0.443769,0.036299
-0.063888,0.443590,0.035092
-0.061282,0.444402,0.035530
-0.059798,0.444241,0.036060
-0.058555,0.442776,0.037489
-0.056553,0.445638,0.035593
-0.055988,0.443953,0.035893
-0.055153,0.445136,0.038250
-0.051718,0.444006,0.038355
-0.052616,0.446805,0.039285
-0.050386,0.444593,0.038186
-0.047834,0.443377,0.035861
-0.048317,0.443915,0.038643
-0.044997,0.446339,0.038429
-0.043587,0.444001,0.038086
-0.043539,0.443519,0.039508
-0.042090,0.445643,0.037771
-0.039757,0.445124,0.039202
-0.039290,0.446129,0.038979
-0.037109,0.443775,0.038813
-0.037685,0.443500,0.038947
-0.034878,0.444774,0.038196
-0.033337,0.445704,0.039584
-0.032645,0.443988,0.038474
-0.030502,0.443291,0.037887
-0.029878,0.445004,0.038611
-0.028148,0.444435,0.038425
-0.027468,0.443362,0.038138
-0.024739,0.443724,0.036724
-0.022000,0.443250,0.035966
-0.023178,0.443372,0.037295
-0.021261,0.443333,0.037272
-0.017179,0.445004,0.037469
-0.016205,0.443898,0.036464
-0.016519,0.443792,0.036832
-0.013969,0.443276,0.037678
-0.013415,0.443155,0.036050
-0.013191,0.443690,0.036065
-0.011824,0.443861,0.034516
-0.009383,0.446157,0.034093
-0.009156,0.445444,0.033578
-0.005699,0.445057,0.034087
-0.008206,0.444892,0.032822
-0.004805,0.444278,0.033364
-0.003562,0.445126,0.033287
-0.002707,0.443758,0.034510
-0.002096,0.443882,0.031979
-0.000475,0.445585,0.032424
0.002513,0.444329,0.032559
0.003433,0.445357,0.032272
0.004903,0.444123,0.033541
0.005599,0.442616,0.031301
0.007244,0.444293,0.031063
0.009636,0.446904,0.031208
0.009988,0.445844,0.030386
0.011946,0.445865,0.030229
0.013742,0.445572,0.029266
0.015541,0.444752,0.029215
0.015073,0.444805,0.028551
0.018850,0.444647,0.027921
0.017807,0.444787,0.027515
0.020346,0.445524,0.026511
0.020387,0.445788,0.026003
0.022311,0.446843,0.027456
0.022688,0.446427,0.026350
0.026627,0.446121,0.023333
0.026864,0.443915,0.023732
0.028472,0.446666,0.023026
0.028275,0.444106,0.022455
0.029584,0.446358,0.023257
0.032902,0.444283,0.020960
0.034804,0.446310,0.019056
0.035415,0.446558,0.017987
0.036707,0.446763,0.019737
0.036029,0.446708,0.018447
0.039106,0.445483,0.017764
0.038224,0.447400,0.017297
0.041026,0.446805,0.014665
0.043375,0.447926,0.014736
0.045111,0.446042,0.014655
0.047076,0.444433,0.010810
0.048404,0.446094,0.012472
0.047742,0.447371,0.011023
0.050639,0.446957,0.012235
0.051160,0.447511,0.008004
0.054356,0.446579,0.008049
0.052678,0.448769,0.005656
0.056529,0.446689,0.007980
0.058300,0.448628,0.006191
0.059590,0.447863,0.003851
0.059861,0.447355,0.002664
0.061052,0.447625,0.002929
0.061839,0.445810,0.002623
0.063249,0.449134,0.001362
0.064374,0.446725,0.003326
0.064519,0.446184,-0.002352
0.068837,0.447866,-0.002345
0.071133,0.450129,-0.002392
0.070765,0.448596,-0.004576
0.071884,0.450687,-0.005741
0.073898,0.449954,-0.004891
0.076006,0.449097,-0.006657
0.078198,0.449485,-0.007257
0.078875,0.449418,-0.006941
0.079818,0.448934,-0.008892
0.080362,0.449607,-0.009369
0.082807,0.448751,-0.010605
0.083803,0.450372,-0.010309
0.084973,0.449454,-0.012154
0.089587,0.449701,-0.014633
0.087352,0.450561,-0.013470
0.090361,0.453769,-0.015201
0.090794,0.451241,-0.015684
0.092139,0.449313,-0.016998
0.095229,0.450382,-0.016474
0.095475,0.449193,-0.018457
0.097390,0.449485,-0.018543
0.097027,0.451238,-0.020932
0.099717,0.450828,-0.021836
0.099251,0.451150,-0.020136
0.102383,0.450624,-0.023722
0.104592,0.451037,-0.023616
0.103975,0.450989,-0.023394
0.106430,0.450846,-0.025273
0.106654,0.451373,-0.025363
0.110182,0.452357,-0.025628
0.110812,0.451126,-0.026035
0.111070,0.450998,-0.026828
0.113068,0.451722,-0.029230
0.115693,0.450346,-0.029725
0.115683,0.451806,-0.029526
-0.181426,0.451986,-0.035342
-0.178819,0.450516,-0.026638
-0.179940,0.453379,-0.021819
-0.176068,0.450292,-0.014889
-0.173048,0.450805,-0.009767
-0.171319,0.451026,-0.001025
-0.169222,0.449912,0.004270
-0.168368,0.448281,0.014612
-0.169248,0.448949,0.017620
-0.163770,0.446104,0.025316
-0.164255,0.445712,0.031564
-0.163608,0.447568,0.029355
-0.160885,0.446017,0.027979
-0.157748,0.446559,0.029478
-0.157928,0.447355,0.028726
-0.156176,0.445889,0.026663
-0.154205,0.447366,0.029179
-0.155053,0.447305,0.027433
-0.151635,0.448081,0.026655
-0.150413,0.447793,0.026597
-0.147858,0.446972,0.028031
-0.146630,0.448294,0.027768
-0.145255,0.446786,0.025888
-0.144909,0.447978,0.025475
-0.142824,0.447010,0.025350
-0.144464,0.447442,0.026251
-0.142138,0.446507,0.025203
-0.140520,0.447163,0.026625
-0.137798,0.447285,0.025674
-0.137891,0.444095,0.024233
-0.138586,0.446723,0.025373
-0.134690,0.448965,0.023524
-0.133473,0.446135,0.023764
-0.132047,0.446602,0.025294
-0.130874,0.446239,0.026242
-0.129092,0.446585,0.023959
-0.129444,0.448549,0.022294
-0.126007,0.446620,0.024565
-0.124701,0.448080,0.022529
-0.123439,0.447022,0.025666
-0.122472,0.447763,0.025561
-0.120931,0.447413,0.025106
-0.121391,0.446440,0.024563
-0.116152,0.446761,0.024805
-0.116191,0.447839,0.025584
-0.113519,0.446022,0.023026
-0.113318,0.449653,0.024881
-0.113607,0.447533,0.025799
-0.111274,0.447337,0.026586
-0.110388,0.447209,0.024982
-0.109467,0.448455,0.024069
-0.105525,0.447407,0.028274
-0.106137,0.446445,0.027798
-0.104492,0.448580,0.024572
-0.103293,0.447464,0.026351
-0.101310,0.446948,0.024617
-0.099314,0.446778,0.026392
-0.097628,0.447683,0.026445
-0.095756,0.447852,0.028173
-0.095312,0.446956,0.028763
-0.096311,0.445929,0.027946
-0.092828,0.448114,0.027819
-0.091160,0.445369,0.028276
-0.089841,0.446533,0.027535
-0.089262,0.447884,0.030132
-0.088745,0.448548,0.030180
-0.086059,0.445987,0.030242
-0.083380,0.447585,0.030112
-0.083516,0.445363,0.029711
-0.082095,0.446327,0.032781
-0.077966,0.446610,0.029998
-0.079031,0.445573,0.030627
-0.078367,0.447059,0.031957
-0.075608,0.445972,0.033333
-0.073613,0.445384,0.029349
-0.073767,0.446903,0.034022
-0.071125,0.447441,0.034547
-0.069309,0.447401,0.033768
-0.069950,0.445138,0.035837
-0.067118,0.446844,0.035076
-0.066186,0.447102,0.033645
-0.065625,0.445807,0.034360
-0.062005,0.446795,0.035534
-0.062429,0.446119,0.035465
-0.062524,0.447571,0.036212
-0.059491,0.445529,0.035772
-0.056734,0.446833,0.035808
-0.056817,0.444714,0.037083
-0.054828,0.446006,0.034744
-0.053549,0.445364,0.037960
-0.052319,0.445837,0.037254
-0.051449,0.446006,0.036359
-0.050452,0.444909,0.038054
-0.049227,0.446040,0.034899
-0.047604,0.446108,0.038688
-0.046419,0.447161,0.038832
-0.046081,0.446719,0.037310
-0.043609,0.444246,0.038232
-0.040770,0.445986,0.038407
-0.039212,0.445312,0.036087
-0.039464,0.446215,0.037796
-0.036119,0.445487,0.039020
-0.035531,0.446598,0.038973
-0.035757,0.447094,0.037673
-0.033365,0.444737,0.037097
-0.033274,0.445148,0.038516
-0.029957,0.448256,0.036674
-0.028638,0.446361,0.036967
-0.026986,0.446819,0.037667
-0.027989,0.446676,0.038478
-0.024633,0.446467,0.037476
-0.024300,0.445839,0.038417
-0.021947,0.445601,0.035838
-0.021533,0.445988,0.035801
-0.020306,0.445902,0.037162
-0.018389,0.445607,0.035152
-0.017448,0.444613,0.035899
-0.016129,0.446168,0.036145
-0.015125,0.446066,0.035546
-0.011336,0.447213,0.032897
-0.011448,0.446796,0.035077
-0.009739,0.445639,0.033507
-0.007770,0.444364,0.033678
-0.007449,0.448221,0.033260
-0.007289,0.445722,0.032138
-0.005213,0.446761,0.033652
-0.003931,0.446337,0.033468
-0.003158,0.445469,0.031073
-0.000190,0.445439,0.031030
0.000326,0.447083,0.031991
0.002994,0.448340,0.030184
0.002204,0.446958,0.030493
0.005111,0.446458,0.032964
0.005108,0.448499,0.030635
0.008993,0.445193,0.030282
0.008841,0.446956,0.029902
0.010681,0.444742,0.030589
0.010038,0.447158,0.029623
0.011792,0.445964,0.030884
0.012770,0.444519,0.028175
0.015595,0.446104,0.029167
0.017191,0.447214,0.027752
0.018251,0.447950,0.029231
0.019829,0.448930,0.027413
0.018692,0.447472,0.027012
0.022614,0.446030,0.023931
0.025315,0.446528,0.024357
0.026873,0.446670,0.023483
0.027455,0.447629,0.022078
0.026929,0.446588,0.022048
0.029167,0.446431,0.024101
0.031183,0.446020,0.021333
0.033462,0.446933,0.022021
0.034211,0.447953,0.021911
0.034071,0.449192,0.017896
0.035316,0.449600,0.019815
0.039425,0.448636,0.016378
0.037730,0.448588,0.015921
0.040607,0.448378,0.014579
0.039802,0.449414,0.013973
0.041297,0.449083,0.015349
0.046113,0.447578,0.013443
0.047954,0.448569,0.013632
0.048885,0.448805,0.012558
0.049396,0.448497,0.010209
0.050974,0.449514,0.010528
0.052865,0.447902,0.009040
0.053420,0.450693,0.004860
0.054044,0.448320,0.006599
0.055348,0.450010,0.003744
0.056231,0.450024,0.004071
0.058747,0.450963,0.004195
0.061107,0.451217,0.003965
0.060496,0.449225,0.001431
0.064847,0.451151,-0.001117
0.065335,0.449919,-0.000911
0.064925,0.449295,0.000100
0.067402,0.450660,-0.002636
0.068193,0.450044,-0.002049
0.071317,0.450836,-0.003934
0.071059,0.450565,-0.006514
0.071628,0.450875,-0.007460
0.074168,0.449897,-0.005671
0.074413,0.451279,-0.008251
0.076213,0.449895,-0.007506
0.077398,0.450964,-0.009404
0.081259,0.451581,-0.009651
0.081699,0.452125,-0.012110
0.083024,0.451315,-0.010086
0.083144,0.451868,-0.012486
0.084672,0.449820,-0.012680
0.087959,0.449019,-0.014215
0.090003,0.452515,-0.015335
0.090048,0.451727,-0.017965
0.090750,0.453848,-0.016458
0.093759,0.454208,-0.017872
0.093778,0.452691,-0.019067
0.095106,0.451278,-0.019992
0.095979,0.451461,-0.020562
0.097625,0.452981,-0.021373
0.099633,0.452188,-0.023583
0.100416,0.451712,-0.021832
0.103546,0.452111,-0.023113
0.104763,0.451934,-0.025822
0.105133,0.452889,-0.026316
0.107954,0.453037,-0.025598
0.108114,0.452733,-0.025200
0.110564,0.452368,-0.028956
0.110323,0.454033,-0.027064
0.111657,0.452640,-0.028127
0.113821,0.453987,-0.027147
0.115511,0.453696,-0.030643
-0.180658,0.455136,-0.034353
-0.178529,0.452439,-0.025574
-0.177023,0.453650,-0.019855
-0.175074,0.453895,-0.013560
-0.174552,0.453382,-0.007046
-0.172688,0.451987,0.001547
-0.171512,0.449561,0.007392
-0.168537,0.450038,0.012354
-0.166235,0.451451,0.020902
-0.165353,0.449206,0.027109
-0.163954,0.449580,0.027940
-0.161420,0.449208,0.028747
-0.160318,0.448733,0.028391
-0.159471,0.447637,0.028401
-0.158884,0.447913,0.027783
-0.156357,0.447664,0.029169
-0.155158,0.447492,0.027055
-0.153360,0.449342,0.026133
-0.154049,0.450042,0.026933
-0.149648,0.448036,0.029473
-0.150188,0.447897,0.025745
-0.147860,0.449356,0.026655
-0.148914,0.449252,0.027155
-0.145416,0.449521,0.025130
-0.144281,0.448124,0.024887
-0.142325,0.449309,0.024136
-0.143735,0.448416,0.024282
-0.140291,0.449706,0.025228
-0.137429,0.448575,0.025892
-0.138166,0.447779,0.023808
-0.135605,0.449878,0.023846
-0.134703,0.448467,0.023621
-0.133709,0.449827,0.024742
-0.133107,0.449304,0.025108
-0.129666,0.449931,0.023841
-0.129615,0.448695,0.024249
-0.127525,0.448264,0.023376
-0.125521,0.449356,0.022597
-0.125741,0.449781,0.024478
-0.124001,0.448894,0.024000
-0.122818,0.450458,0.022494
-0.120125,0.449379,0.023715
-0.121087,0.449888,0.023768
-0.118493,0.448289,0.023977
-0.116995,0.446785,0.024656
-0.116303,0.448971,0.023658
-0.115424,0.449154,0.024103
-0.114406,0.448862,0.022972
-0.112650,0.448872,0.023395
-0.109886,0.449143,0.023064
-0.109790,0.447912,0.024524
-0.106258,0.448361,0.024217
-0.104483,0.449720,0.024888
-0.101591,0.448602,0.025552
-0.102207,0.450164,0.026162
-0.101173,0.449714,0.025679
-0.099859,0.449699,0.026821
-0.097802,0.447221,0.026846
-0.098289,0.448573,0.025440
-0.096113,0.449996,0.025879
-0.095307,0.449467,0.028332
-0.095001,0.448462,0.028850
-0.093342,0.448952,0.027436
-0.088319,0.448121,0.028421
-0.087323,0.447955,0.029710
-0.088489,0.449598,0.030602
-0.085333,0.448106,0.031054
-0.084384,0.447594,0.029551
-0.082694,0.447085,0.029931
-0.081845,0.449436,0.030664
-0.080701,0.448196,0.029659
-0.079117,0.446445,0.029405
-0.078448,0.447923,0.030889
-0.076473,0.447843,0.030889
-0.076014,0.449075,0.031827
-0.073262,0.445873,0.032188
-0.072797,0.448203,0.032183
-0.070695,0.447663,0.032255
-0.068429,0.447911,0.031595
-0.067184,0.449815,0.034293
-0.065783,0.448441,0.034747
-0.065800,0.446763,0.032205
-0.063801,0.449100,0.033400
-0.062179,0.447869,0.034598
-0.063885,0.447116,0.036723
-0.061005,0.446953,0.034847
-0.055468,0.445997,0.036113
-0.056698,0.448164,0.035122
-0.054654,0.447891,0.035159
-0.055987,0.448789,0.036713
-0.051593,0.447057,0.035379
-0.052939,0.445564,0.037024
-0.050954,0.446388,0.037214
-0.047124,0.447510,0.036869
-0.048384,0.448011,0.038377
-0.046005,0.448987,0.038034
-0.045747,0.447333,0.035386
-0.044338,0.447640,0.038421
-0.041435,0.447269,0.039338
-0.041151,0.446738,0.037168
-0.038169,0.447259,0.038232
-0.035747,0.447520,0.038787
-0.034337,0.447533,0.037717
-0.035004,0.447960,0.035150
-0.033072,0.447902,0.037413
-0.032071,0.448297,0.038839
-0.031569,0.446822,0.036972
-0.030202,0.448149,0.038124
-0.026904,0.449433,0.037576
-0.027250,0.446625,0.037328
-0.025963,0.446536,0.035452
-0.022524,0.449829,0.038731
-0.022712,0.448216,0.035715
-0.021848,0.447178,0.034499
-0.019722,0.446734,0.033929
-0.018650,0.447134,0.037930
-0.016409,0.448160,0.037972
-0.015320,0.447527,0.034621
-0.015881,0.448648,0.032094
-0.013019,0.448267,0.034192
-0.011715,0.447668,0.033684
-0.011259,0.446622,0.032465
-0.009380,0.448148,0.032335
-0.007395,0.447623,0.031879
-0.005986,0.449114,0.032872
-0.002741,0.448770,0.032818
-0.004083,0.447515,0.032962
-0.000550,0.448549,0.032838
-0.000807,0.446443,0.032155
0.002225,0.447812,0.031352
0.001863,0.448437,0.030478
0.004995,0.447796,0.033222
0.002921,0.447729,0.032560
0.008008,0.448218,0.030802
0.006712,0.449066,0.031399
0.008374,0.447177,0.029649
0.009538,0.449426,0.028645
0.010802,0.447230,0.029594
0.014291,0.446887,0.029818
0.014368,0.449321,0.029169
0.016045,0.448478,0.027825
0.017102,0.450107,0.027819
0.018656,0.448401,0.026971
0.021198,0.447819,0.027208
0.020664,0.448913,0.026438
0.021984,0.448163,0.023774
0.022197,0.449257,0.024115
0.025831,0.446337,0.023045
0.024908,0.449262,0.021389
0.027808,0.450406,0.023830
0.028453,0.448166,0.020378
0.031039,0.448766,0.019990
0.031731,0.450303,0.017504
0.034322,0.449700,0.018497
0.035680,0.449591,0.018064
0.036703,0.448553,0.017079
0.038661,0.449409,0.017542
0.038635,0.450183,0.015678
0.039469,0.450251,0.015110
0.040166,0.452498,0.014007
0.043581,0.450907,0.013078
0.043953,0.449268,0.011238
0.045596,0.451121,0.013057
0.049115,0.451532,0.011026
0.049431,0.450344,0.008097
0.048998,0.448022,0.008478
0.050926,0.451943,0.005929
0.054002,0.451484,0.006558
0.053371,0.452497,0.006446
0.056343,0.450467,0.006115
0.056018,0.448749,0.003003
0.058772,0.452126,0.000613
0.060384,0.451493,0.002171
0.062180,0.452944,-0.000612
0.061178,0.450641,-0.001137
0.064541,0.451562,0.000279
0.066903,0.451615,-0.003832
0.066717,0.452378,-0.002081
0.067656,0.451431,-0.006025
0.069126,0.450771,-0.005727
0.072002,0.451020,-0.004550
0.073084,0.451339,-0.005887
0.073548,0.451584,-0.005359
0.073977,0.452792,-0.008167
0.076661,0.451725,-0.009475
0.077066,0.453877,-0.011294
0.080406,0.453155,-0.011206
0.080711,0.451378,-0.012666
0.082840,0.453243,-0.012012
0.082645,0.450995,-0.015305
0.084856,0.453334,-0.015145
0.085147,0.451676,-0.015304
0.088793,0.453936,-0.016030
0.090482,0.452084,-0.017233
0.088356,0.452733,-0.017127
0.091538,0.453966,-0.019179
0.094881,0.455162,-0.018450
0.094365,0.453116,-0.022314
0.095170,0.451553,-0.022194
0.098856,0.452071,-0.021025
0.100343,0.453438,-0.022816
0.099242,0.452940,-0.024180
0.102080,0.454591,-0.024052
0.103777,0.454672,-0.025104
0.104195,0.454932,-0.023870
0.105104,0.454842,-0.024136
0.108694,0.455156,-0.027243
0.108248,0.453461,-0.026820
0.111986,0.455471,-0.027762
0.111290,0.454703,-0.028239
0.115150,0.455813,-0.030382
0.115637,0.455145,-0.031549
-0.181961,0.456925,-0.037812
-0.179543,0.457014,-0.030901
-0.179387,0.455742,-0.024737
-0.177295,0.454849,-0.017837
-0.175653,0.454030,-0.012258
-0.173423,0.453022,-0.005151
-0.171108,0.452070,-0.000385
-0.172001,0.451649,0.008777
-0.168003,0.451097,0.013826
-0.167790,0.450418,0.022152
-0.164539,0.449555,0.028734
-0.164850,0.451349,0.029855
-0.161702,0.450519,0.027426
-0.159173,0.451414,0.028722
-0.160513,0.450424,0.027620
-0.157169,0.450406,0.027648
-0.158055,0.451708,0.027370
-0.156057,0.450119,0.028402
-0.154386,0.451860,0.028675
-0.151540,0.449201,0.027413
-0.150696,0.452149,0.027068
-0.149622,0.448960,0.025179
-0.147560,0.451644,0.025146
-0.146226,0.450370,0.027738
-0.145190,0.449387,0.024831
-0.145815,0.450247,0.024746
-0.143094,0.449207,0.024160
-0.140685,0.451648,0.023614
-0.138722,0.451266,0.025004
-0.138513,0.448610,0.021956
-0.135681,0.451020,0.024401
-0.134813,0.451933,0.024257
-0.134050,0.450555,0.022702
-0.133289,0.451100,0.022620
-0.130589,0.450832,0.022974
-0.130570,0.449974,0.022786
-0.127945,0.448941,0.023421
-0.128362,0.451315,0.022826
-0.125432,0.451414,0.024160
-0.122971,0.449634,0.023061
-0.123627,0.450129,0.021866
-0.121733,0.451627,0.023031
-0.121501,0.448747,0.022365
-0.118816,0.450311,0.023582
-0.118358,0.450238,0.023435
-0.117418,0.449336,0.023651
-0.114933,0.450460,0.023997
-0.112627,0.449298,0.022883
-0.113011,0.449162,0.022116
-0.111391,0.450980,0.022768
-0.108437,0.449229,0.024081
-0.108128,0.449995,0.025090
-0.107122,0.450366,0.023127
-0.105674,0.451289,0.025305
-0.104715,0.452238,0.025177
-0.102818,0.452111,0.026107
-0.102017,0.452018,0.023978
-0.099390,0.449506,0.024704
-0.097710,0.450298,0.027188
-0.096450,0.449623,0.025344
-0.095411,0.449924,0.027973
-0.093320,0.451764,0.027160
-0.093471,0.449665,0.025848
-0.091915,0.449829,0.026517
-0.089726,0.448034,0.028230
-0.089780,0.449549,0.026565
-0.088037,0.449006,0.027229
-0.086190,0.449124,0.027329
-0.084382,0.450770,0.029825
-0.083649,0.449136,0.029823
-0.080214,0.449221,0.029578
-0.079378,0.450056,0.029071
-0.079559,0.450193,0.030403
-0.077282,0.447223,0.029515
-0.076118,0.449780,0.031976
-0.076439,0.449682,0.033245
-0.073204,0.450841,0.030725
-0.071619,0.451382,0.032573
-0.072327,0.451911,0.032772
-0.069104,0.450250,0.032224
-0.067249,0.448622,0.032576
-0.068388,0.449218,0.033475
-0.066273,0.450239,0.035652
-0.062623,0.450390,0.034208
-0.062984,0.449394,0.033289
-0.062610,0.447684,0.034603
-0.060238,0.451406,0.034330
-0.058054,0.448200,0.033609
-0.057523,0.448505,0.035904
-0.055176,0.449299,0.035314
-0.053956,0.446037,0.036737
-0.053032,0.450548,0.035991
-0.050427,0.450749,0.037328
-0.050682,0.450184,0.036422
-0.048079,0.449318,0.035061
-0.045903,0.450067,0.036078
-0.045099,0.448837,0.035920
-0.044584,0.449119,0.036140
-0.042174,0.449998,0.037776
-0.040968,0.449743,0.035139
-0.040888,0.449968,0.037409
-0.038632,0.448425,0.038204
-0.037948,0.451058,0.036127
-0.037012,0.450831,0.036517
-0.033811,0.449410,0.037265
-0.032619,0.448045,0.037093
-0.033224,0.449890,0.036932
-0.030725,0.447976,0.034454
-0.028305,0.449973,0.037123
-0.027804,0.449049,0.035397
-0.026254,0.451087,0.034896
-0.025196,0.449135,0.035971
-0.024454,0.449589,0.034839
-0.022154,0.450045,0.035967
-0.020942,0.448709,0.035956
-0.020435,0.448232,0.033530
-0.017177,0.450361,0.034874
-0.016525,0.450916,0.033136
-0.015765,0.449992,0.033672
-0.013094,0.448351,0.034144
-0.013001,0.451259,0.033024
-0.011253,0.448266,0.034468
-0.010649,0.450844,0.031363
-0.009781,0.449425,0.032739
-0.006312,0.448794,0.033476
-0.006119,0.449408,0.032614
-0.004236,0.452697,0.031864
-0.002519,0.447694,0.031716
-0.001804,0.449092,0.031199
-0.001572,0.448669,0.030891
0.000424,0.448995,0.031249
0.002362,0.450152,0.030402
0.004080,0.450441,0.030925
0.003797,0.448653,0.028897
0.007406,0.450195,0.030368
0.006614,0.449692,0.030660
0.008749,0.447801,0.029746
0.010988,0.448801,0.028266
0.011571,0.450948,0.026970
0.012096,0.449907,0.026086
0.014645,0.450430,0.027679
0.014395,0.449222,0.028023
0.015835,0.449440,0.025529
0.018005,0.448687,0.026175
0.018914,0.448289,0.025820
0.021157,0.449472,0.024510
0.021510,0.451092,0.025405
0.023936,0.451165,0.022954
0.025471,0.451200,0.023071
0.027512,0.449988,0.021776
0.025796,0.451800,0.019792
0.028226,0.452453,0.021650
0.030064,0.451613,0.019957
0.031482,0.452646,0.018967
0.033726,0.452556,0.020541
0.035251,0.451880,0.019180
0.035864,0.449876,0.016284
0.037575,0.450382,0.016094
0.038806,0.451240,0.014535
0.040903,0.450880,0.014597
0.042346,0.451099,0.013254
0.043818,0.452374,0.012113
0.044711,0.450036,0.010435
0.045369,0.451682,0.010511
0.046837,0.452323,0.010342
0.046324,0.452480,0.006577
0.049375,0.451666,0.007602
0.052049,0.450152,0.005847
0.054183,0.452266,0.008003
0.054590,0.451281,0.005488
0.055968,0.452539,0.003033
0.058225,0.452727,0.002476
0.059092,0.453426,0.000116
0.059806,0.453499,0.001802
0.062230,0.453502,-0.000488
0.063037,0.454718,0.000620
0.064124,0.453673,-0.001372
0.064302,0.453664,-0.003190
0.065002,0.453101,-0.003569
0.068408,0.455395,-0.005745
0.068493,0.453038,-0.006286
0.071999,0.454428,-0.006991
0.070615,0.453755,-0.008317
0.074372,0.453320,-0.008589
0.074823,0.455033,-0.010576
0.077334,0.453333,-0.010176
0.078971,0.455844,-0.009831
0.079331,0.454246,-0.012100
0.080082,0.454625,-0.013686
0.083588,0.455450,-0.013400
0.083378,0.454269,-0.014055
0.083878,0.454681,-0.014180
0.086005,0.454663,-0.015335
0.089288,0.454655,-0.015061
0.089021,0.455579,-0.016969
0.091229,0.455528,-0.020542
0.091625,0.455169,-0.018227
0.091910,0.454025,-0.019070
0.094976,0.455791,-0.022070
0.097482,0.456104,-0.021993
0.097930,0.455525,-0.021433
0.098495,0.456391,-0.023277
0.100826,0.454648,-0.023530
0.101497,0.455995,-0.023658
0.103542,0.456227,-0.026187
0.104680,0.455867,-0.024449
0.105043,0.455326,-0.027169
0.107875,0.454699,-0.026583
0.108091,0.456408,-0.029308
0.111047,0.456797,-0.030133
0.111279,0.458330,-0.028669
0.112665,0.457300,-0.030391
0.116169,0.457252,-0.028649
-0.182455,0.459136,-0.037155
-0.182139,0.458516,-0.028626
-0.178723,0.455917,-0.022019
-0.177283,0.456105,-0.015692
-0.175328,0.457232,-0.009144
-0.174880,0.455456,-0.004057
-0.170631,0.454712,0.003950
-0.169897,0.455101,0.010221
-0.169331,0.454663,0.015922
-0.165695,0.454179,0.022141
-0.165171,0.452423,0.027852
-0.161912,0.452141,0.026661
-0.162565,0.453070,0.026930
-0.160764,0.452167,0.026510
-0.158995,0.451711,0.027269
-0.156853,0.451272,0.026185
-0.157142,0.452157,0.028304
-0.154683,0.450421,0.028851
-0.152846,0.450690,0.026917
-0.152208,0.452155,0.025241
-0.150529,0.451857,0.024458
-0.148206,0.452943,0.024704
-0.150179,0.454659,0.025082
-0.146166,0.451956,0.023314
-0.146254,0.453434,0.023172
-0.143614,0.450651,0.025594
-0.142898,0.452853,0.022568
-0.142038,0.451932,0.024427
-0.139672,0.452425,0.023645
-0.138345,0.453294,0.022901
-0.136490,0.453530,0.025108
-0.136422,0.451768,0.022975
-0.135872,0.452346,0.023226
-0.133983,0.451701,0.022041
-0.133051,0.453488,0.023101
-0.131413,0.452540,0.021268
-0.127990,0.452375,0.022177
-0.127893,0.449829,0.022168
-0.125055,0.451277,0.020912
-0.124235,0.453135,0.020321
-0.123006,0.453565,0.022861
-0.122237,0.450465,0.022244
-0.122170,0.450028,0.023048
-0.118989,0.452051,0.023657
-0.117934,0.453114,0.023388
-0.116486,0.453349,0.022416
-0.116372,0.451625,0.023118
-0.113452,0.452490,0.021969
-0.111635,0.451200,0.025674
-0.111697,0.451743,0.022540
-0.109395,0.452250,0.024125
-0.109888,0.453175,0.023666
-0.106906,0.452207,0.024528
-0.104705,0.453330,0.025120
-0.104730,0.451561,0.022707
-0.101811,0.450416,0.024098
-0.101916,0.451665,0.023482
-0.101486,0.452196,0.023348
-0.099876,0.450357,0.024911
-0.097394,0.453013,0.025301
-0.097403,0.451305,0.024407
-0.095517,0.452007,0.027967
-0.093188,0.452005,0.025758
-0.091303,0.452038,0.025389
-0.089854,0.452325,0.025248
-0.088408,0.451709,0.027661
-0.087619,0.450933,0.028851
-0.085909,0.452171,0.028452
-0.085399,0.451726,0.029087
-0.084444,0.451179,0.028937
-0.082169,0.450105,0.029944
-0.081506,0.451203,0.028970
-0.078718,0.450717,0.029968
-0.077194,0.451450,0.030253
-0.075858,0.450104,0.032438
-0.073084,0.452705,0.030496
-0.073300,0.450250,0.030883
-0.070739,0.450450,0.028188
-0.069015,0.451006,0.030744
-0.069777,0.451127,0.031738
-0.067158,0.453858,0.033057
-0.066414,0.450679,0.032324
-0.066260,0.450285,0.032590
-0.064143,0.451877,0.034154
-0.062091,0.451740,0.033006
-0.061374,0.452235,0.033384
-0.057406,0.449853,0.034289
-0.058409,0.452117,0.032326
-0.056120,0.451053,0.033869
-0.055527,0.450790,0.034831
-0.053096,0.452202,0.034587
-0.051622,0.452013,0.035797
-0.052838,0.450107,0.036344
-0.049486,0.450759,0.034195
-0.049705,0.450093,0.037155
-0.046457,0.451214,0.037199
-0.044551,0.451208,0.036998
-0.044462,0.450850,0.035292
-0.041373,0.449632,0.037667
-0.041676,0.451523,0.036585
-0.041598,0.450171,0.038133
-0.039731,0.448380,0.036218
-0.037831,0.451508,0.036497
-0.036759,0.449902,0.035880
-0.035737,0.450085,0.036539
-0.033248,0.450822,0.035874
-0.033283,0.450522,0.035171
-0.031545,0.453814,0.035304
-0.029789,0.449946,0.036082
-0.027358,0.450689,0.036670
-0.028004,0.451276,0.035800
-0.025320,0.451944,0.033156
-0.024393,0.451285,0.034915
-0.022915,0.449263,0.034774
-0.020945,0.451227,0.034065
-0.020528,0.451321,0.032730
-0.017441,0.452893,0.032870
-0.016012,0.450545,0.033981
-0.016876,0.451156,0.031868
-0.013018,0.452914,0.031699
-0.013449,0.451242,0.033086
-0.009690,0.450260,0.031647
-0.010371,0.450953,0.032389
-0.009147,0.451596,0.031009
-0.007288,0.451492,0.031876
-0.005995,0.451860,0.030076
-0.004134,0.451520,0.030686
-0.003330,0.451678,0.030099
-0.002420,0.451703,0.030696
0.000652,0.451672,0.029651
0.000056,0.452048,0.031325
0.003175,0.451942,0.030783
0.003071,0.450939,0.029704
0.005009,0.450466,0.029465
0.006371,0.453340,0.028492
0.007866,0.451778,0.027810
0.009538,0.451491,0.028713
0.009555,0.453255,0.028397
0.011283,0.451534,0.027501
0.015900,0.450350,0.026935
0.013871,0.451685,0.026006
0.016419,0.451320,0.026203
0.015018,0.451594,0.025112
0.018345,0.452368,0.026369
0.018669,0.452183,0.023563
0.022227,0.450760,0.024399
0.022765,0.453099,0.023927
0.024110,0.453229,0.021957
0.025348,0.451448,0.020150
0.027704,0.452754,0.022731
0.028258,0.451823,0.020290
0.029612,0.453421,0.019904
0.030832,0.452266,0.018359
0.031932,0.451629,0.018744
0.032709,0.452140,0.018278
0.035740,0.452772,0.015913
0.036084,0.451821,0.015690
0.037935,0.452785,0.013572
0.040063,0.453277,0.012152
0.040973,0.453009,0.013719
0.042038,0.453272,0.013348
0.044423,0.454384,0.011661
0.043429,0.453831,0.009662
0.047003,0.452859,0.009590
0.046773,0.452651,0.008846
0.048598,0.452744,0.007224
0.050641,0.453358,0.007421
0.051615,0.453550,0.007299
0.051888,0.454396,0.005321
0.055464,0.456368,0.003572
0.055126,0.454906,0.001470
0.057691,0.455029,0.000946
0.059081,0.455225,0.001423
0.060158,0.455391,-0.000404
0.061585,0.455017,-0.001887
0.062764,0.454099,-0.002844
0.063597,0.454462,-0.002944
0.065616,0.455457,-0.004143
0.067699,0.456765,-0.003443
0.069027,0.456471,-0.005529
0.070721,0.455715,-0.006691
0.069431,0.456376,-0.007852
0.069524,0.454098,-0.008609
0.075454,0.454456,-0.010446
0.076362,0.457789,-0.010249
0.077298,0.455783,-0.009215
0.078648,0.456088,-0.014300
0.078703,0.457556,-0.013407
0.079210,0.455480,-0.012770
0.081874,0.455773,-0.014863
0.083608,0.456517,-0.014399
0.084066,0.456368,-0.017814
0.085068,0.456395,-0.016749
0.087405,0.457141,-0.017850
0.089539,0.455932,-0.019920
0.092752,0.456261,-0.020350
0.093274,0.455519,-0.021732
0.095803,0.456256,-0.022061
0.095431,0.455628,-0.022821
0.095607,0.457161,-0.023003
0.099925,0.456522,-0.023165
0.096905,0.456613,-0.021559
0.101060,0.455613,-0.024147
0.102732,0.458603,-0.025297
0.105486,0.456364,-0.024367
0.105993,0.458365,-0.025603
0.107010,0.456239,-0.028158
0.108081,0.455901,-0.027866
0.108361,0.458485,-0.027471
0.110142,0.458087,-0.030516
0.112423,0.456853,-0.030783
0.113013,0.459891,-0.029416
-0.181107,0.460977,-0.036139
-0.180978,0.459202,-0.026721
-0.178696,0.459528,-0.022531
-0.177245,0.456790,-0.015764
-0.176910,0.455492,-0.008396
-0.172401,0.457927,-0.002487
-0.172520,0.455998,0.005073
-0.170080,0.455687,0.011559
-0.168217,0.455733,0.016779
-0.164592,0.453110,0.024453
-0.164448,0.453025,0.027144
-0.165776,0.453484,0.028734
-0.161347,0.454220,0.028150
-0.161128,0.453728,0.025805
-0.158664,0.453082,0.025394
-0.158712,0.453337,0.025181
-0.155547,0.452900,0.025210
-0.153409,0.454735,0.027382
-0.152083,0.453041,0.026546
-0.153982,0.455174,0.025105
-0.151217,0.453214,0.024492
-0.150121,0.455096,0.025719
-0.148128,0.452927,0.023949
-0.147327,0.454959,0.023717
-0.145793,0.452933,0.023932
-0.144893,0.453625,0.022740
-0.144873,0.453125,0.024047
-0.142612,0.453995,0.022495
-0.140513,0.453773,0.023651
-0.137836,0.453797,0.022675
-0.135715,0.453749,0.021961
-0.135377,0.452892,0.023490
-0.133100,0.453586,0.020041
-0.134719,0.454199,0.023385
-0.132458,0.452827,0.021689
-0.129821,0.452785,0.022538
-0.128948,0.454374,0.020826
-0.126545,0.454470,0.020302
-0.125264,0.452362,0.021147
-0.122984,0.454474,0.021634
-0.123147,0.452854,0.020888
-0.124939,0.452881,0.021434
-0.120303,0.452862,0.020403
-0.118583,0.455330,0.021033
-0.116530,0.456666,0.022153
-0.114085,0.452119,0.022703
-0.115260,0.455360,0.021895
-0.114953,0.454498,0.020982
-0.111761,0.452036,0.022206
-0.111375,0.452516,0.021833
-0.110479,0.452469,0.022431
-0.106938,0.453748,0.022905
-0.107229,0.454276,0.021721
-0.105518,0.453836,0.021570
-0.105546,0.452908,0.023203
-0.102310,0.453434,0.023767
-0.101543,0.454777,0.024806
-0.101163,0.452196,0.023511
-0.098139,0.454522,0.024129
-0.097338,0.454562,0.023134
-0.093593,0.453802,0.024470
-0.094316,0.453409,0.024591
-0.094328,0.455018,0.023843
-0.091340,0.453873,0.025305
-0.091473,0.455296,0.025560
-0.088948,0.454229,0.025826
-0.086576,0.453407,0.025881
-0.086033,0.454656,0.027753
-0.086273,0.453738,0.027151
-0.085984,0.451826,0.027213
-0.080708,0.452325,0.027352
-0.081333,0.451223,0.028275
-0.077864,0.453923,0.029107
-0.076864,0.450579,0.029038
-0.077442,0.454782,0.031169
-0.075072,0.452888,0.029480
-0.074096,0.452429,0.029042
-0.073048,0.453626,0.030535
-0.069472,0.454987,0.031546
-0.069741,0.452977,0.032417
-0.070312,0.451359,0.032287
-0.066193,0.453517,0.029316
-0.065971,0.453107,0.031392
-0.063650,0.455000,0.031889
-0.061919,0.454103,0.032597
-0.061905,0.452697,0.032417
-0.059842,0.452471,0.033306
-0.059408,0.453196,0.033562
-0.056451,0.451193,0.033536
-0.056407,0.452566,0.032760
-0.052228,0.453170,0.034220
-0.054374,0.453421,0.035401
-0.050094,0.453089,0.035571
-0.050166,0.453676,0.034608
-0.046996,0.450125,0.036317
-0.048936,0.452529,0.034972
-0.046161,0.454668,0.034881
-0.044577,0.453806,0.035517
-0.044376,0.453278,0.036088
-0.041689,0.451118,0.036971
-0.041566,0.452029,0.036370
-0.039268,0.454073,0.035873
-0.035691,0.452472,0.035451
-0.035085,0.451469,0.035901
-0.035498,0.451719,0.036271
-0.032683,0.451288,0.035699
-0.031863,0.452694,0.035604
-0.030503,0.452444,0.034366
-0.029476,0.453342,0.034949
-0.028020,0.452881,0.035283
-0.026834,0.451071,0.035169
-0.027135,0.451255,0.033757
-0.023880,0.450681,0.033444
-0.024343,0.450914,0.033627
-0.020224,0.453380,0.032290
-0.020577,0.451507,0.033506
-0.019217,0.452029,0.030607
-0.017062,0.452473,0.033646
-0.016286,0.454588,0.030980
-0.014677,0.452844,0.031597
-0.011235,0.450845,0.031919
-0.010513,0.452406,0.030345
-0.012254,0.452496,0.030515
-0.008217,0.452222,0.029755
-0.006397,0.452971,0.031094
-0.005663,0.453741,0.031029
-0.003405,0.452362,0.030065
-0.004236,0.453611,0.029197
-0.001865,0.455672,0.030606
-0.000073,0.453319,0.030360
0.000465,0.451951,0.026912
0.001860,0.453187,0.030094
0.002709,0.452699,0.028680
0.006482,0.452799,0.029313
0.007273,0.452679,0.027124
0.008202,0.453722,0.027144
0.007851,0.453383,0.025394
0.010894,0.454578,0.028453
0.011479,0.452414,0.025610
0.011533,0.452126,0.026966
0.015207,0.454426,0.026479
0.016973,0.454338,0.024338
0.020001,0.454068,0.026765
0.017379,0.452059,0.023578
0.019030,0.452238,0.023427
0.022636,0.452891,0.024385
0.021755,0.456242,0.022699
0.025290,0.455830,0.022813
0.024480,0.455464,0.023112
0.026714,0.454609,0.020261
0.027672,0.454669,0.019426
0.028969,0.453032,0.019570
0.030148,0.453875,0.019116
0.032938,0.454938,0.017884
0.034514,0.452757,0.014967
0.034096,0.453199,0.016096
0.035771,0.454453,0.015540
0.038584,0.453884,0.015325
0.038914,0.455666,0.012829
0.040416,0.453818,0.013473
0.042766,0.454682,0.011062
0.043513,0.453972,0.009440
0.045290,0.456496,0.010442
0.044623,0.456178,0.009650
0.046931,0.454855,0.008055
0.049729,0.455642,0.008644
0.050833,0.453700,0.004667
0.051193,0.455748,0.004160
0.050676,0.455883,0.003121
0.053688,0.454910,0.001360
0.056615,0.454957,0.001688
0.057986,0.455799,0.000448
0.057580,0.457030,-0.001406
0.060762,0.456591,0.000597
0.060898,0.456317,0.000018
0.063186,0.455932,-0.003107
0.065815,0.456248,-0.002465
0.064744,0.456612,-0.006256
0.066429,0.457714,-0.006985
0.066586,0.456788,-0.009508
0.068644,0.456609,-0.006677
0.070436,0.456442,-0.008104
0.072424,0.456517,-0.010455
0.074459,0.456099,-0.010691
0.077060,0.456679,-0.013626
0.076738,0.455805,-0.011730
0.077204,0.457962,-0.013636
0.079014,0.456779,-0.013781
0.082106,0.457743,-0.014025
0.081014,0.457400,-0.014649
0.086120,0.458930,-0.016139
0.084949,0.458461,-0.016830
0.086445,0.457659,-0.017432
0.089043,0.456992,-0.019176
0.089858,0.460293,-0.019675
0.091265,0.457465,-0.020051
0.094489,0.458029,-0.019391
0.094140,0.459164,-0.021636
0.095116,0.457540,-0.021116
0.097420,0.457921,-0.026198
0.099134,0.458659,-0.023388
0.100299,0.456836,-0.025097
0.101745,0.459832,-0.025622
0.099424,0.458398,-0.027174
0.104927,0.459869,-0.027332
0.104797,0.459816,-0.026982
0.106451,0.458966,-0.026933
0.107639,0.459547,-0.028223
0.108997,0.458848,-0.029067
0.111175,0.460518,-0.031595
0.112458,0.458660,-0.030573
0.113970,0.459316,-0.031321
-0.183239,0.461349,-0.034203
-0.181340,0.461377,-0.027501
-0.179688,0.459521,-0.019420
-0.178513,0.461251,-0.013899
-0.175880,0.457875,-0.004881
-0.173846,0.460115,-0.001303
-0.169703,0.457518,0.006466
-0.169422,0.455469,0.013037
-0.168793,0.454634,0.021051
-0.166764,0.456444,0.026003
-0.164721,0.456930,0.025513
-0.162779,0.457035,0.028047
-0.162652,0.455184,0.027472
-0.160218,0.455383,0.025944
-0.159335,0.454662,0.026929
-0.157354,0.454779,0.025023
-0.157372,0.455199,0.022521
-0.155182,0.453755,0.024401
-0.154260,0.454134,0.024985
-0.154005,0.457165,0.023605
-0.150121,0.454594,0.023518
-0.147933,0.456244,0.024016
-0.149337,0.455783,0.024008
-0.146028,0.455483,0.021805
-0.144607,0.453596,0.021003
-0.144184,0.456670,0.020158
-0.142203,0.454746,0.023617
-0.140085,0.456200,0.022003
-0.139167,0.455076,0.021953
-0.139924,0.455376,0.021284
-0.137321,0.455333,0.023171
-0.137488,0.455644,0.021793
-0.134922,0.454662,0.023275
-0.133137,0.457823,0.021986
-0.130207,0.455495,0.022349
-0.132522,0.455314,0.020540
-0.128185,0.454965,0.020625
-0.127905,0.455760,0.020182
-0.126562,0.454668,0.020754
-0.125983,0.456370,0.022645
-0.123157,0.455161,0.020516
-0.123046,0.455378,0.019314
-0.121983,0.455226,0.020600
-0.119323,0.456026,0.021243
-0.117552,0.457443,0.020659
-0.114873,0.456143,0.022141
-0.114710,0.455667,0.022012
-0.112383,0.454949,0.022327
-0.115534,0.456698,0.020505
-0.112814,0.454568,0.021174
-0.110894,0.456643,0.019677
-0.108153,0.455844,0.022690
-0.107782,0.455843,0.019162
-0.104446,0.455646,0.020977
-0.105158,0.455482,0.023242
-0.102960,0.456779,0.024454
-0.101689,0.455476,0.018452
-0.098845,0.454967,0.019914
-0.099595,0.455106,0.022059
-0.097509,0.455581,0.023334
-0.095336,0.457634,0.025318
-0.094397,0.455944,0.023846
-0.093351,0.455659,0.024611
-0.092656,0.454486,0.024543
-0.088910,0.454765,0.025011
-0.090048,0.456140,0.025058
-0.089039,0.453917,0.025205
-0.086041,0.455047,0.026110
-0.083570,0.455029,0.026083
-0.082990,0.453724,0.026657
-0.081713,0.453300,0.026395
-0.081668,0.456641,0.026400
-0.079628,0.455016,0.025532
-0.079096,0.454714,0.029213
-0.075288,0.455706,0.028648
-0.073148,0.455040,0.028287
-0.073471,0.455040,0.029824
-0.072723,0.454946,0.029446
-0.072137,0.454417,0.030945
-0.069975,0.453805,0.029797
-0.067664,0.454983,0.029730
-0.068000,0.453142,0.030774
-0.068181,0.455455,0.032234
-0.064702,0.454737,0.031390
-0.062891,0.455121,0.032493
-0.060703,0.454534,0.032790
-0.059676,0.453584,0.031919
-0.059060,0.454981,0.034129
-0.057368,0.455808,0.033024
-0.056934,0.453849,0.031997
-0.053935,0.455005,0.034544
-0.054482,0.454875,0.034389
-0.053234,0.454242,0.034059
-0.051486,0.452889,0.036213
-0.050365,0.453511,0.035498
-0.049511,0.454065,0.034948
-0.045937,0.454437,0.034586
-0.043274,0.454812,0.035019
-0.044817,0.453589,0.036070
-0.041084,0.454463,0.035367
-0.041123,0.452093,0.035936
-0.037494,0.453296,0.034648
-0.036112,0.452469,0.033293
-0.036023,0.453165,0.036689
-0.037702,0.454133,0.036745
-0.033648,0.454479,0.034476
-0.031669,0.456708,0.033883
-0.029550,0.453570,0.033923
-0.030467,0.455474,0.034597
-0.029275,0.453140,0.033477
-0.027396,0.454811,0.032686
-0.025309,0.453889,0.032832
-0.024295,0.454143,0.033366
-0.021915,0.455483,0.033044
-0.020935,0.455047,0.032039
-0.019511,0.455061,0.031337
-0.018821,0.454918,0.033057
-0.016660,0.453251,0.032785
-0.015563,0.454305,0.031860
-0.014099,0.454925,0.029479
-0.012206,0.455815,0.030335
-0.011042,0.456312,0.029613
-0.009194,0.454876,0.029777
-0.010783,0.453843,0.030247
-0.008889,0.454835,0.027642
-0.004540,0.454589,0.029316
-0.004391,0.453795,0.028845
-0.004893,0.452968,0.029605
-0.002968,0.457136,0.028901
-0.002267,0.454383,0.027816
-0.000358,0.454945,0.029989
0.003241,0.454533,0.029067
0.002617,0.454287,0.029556
0.004526,0.455144,0.027233
0.007116,0.453569,0.026739
0.005822,0.455084,0.026561
0.010022,0.455595,0.026375
0.010279,0.455224,0.027784
0.011406,0.454356,0.026845
0.013093,0.455164,0.024820
0.012837,0.454351,0.024628
0.016278,0.456144,0.026243
0.016084,0.454583,0.023495
0.020079,0.455219,0.023629
0.019329,0.453959,0.022142
0.021389,0.453160,0.021635
0.023972,0.453909,0.021211
0.022866,0.455776,0.020208
0.024894,0.456556,0.020359
0.026018,0.455253,0.019970
0.029302,0.455224,0.019380
0.028935,0.454988,0.018721
0.032437,0.457170,0.018059
0.032256,0.459082,0.016975
0.033375,0.456035,0.015204
0.034295,0.455654,0.015480
0.036931,0.457377,0.014968
0.038090,0.457904,0.013728
0.038512,0.457284,0.012768
0.040490,0.457675,0.010889
0.041686,0.457062,0.011191
0.043914,0.454722,0.007931
0.044849,0.456043,0.009269
0.046013,0.453409,0.007857
0.048095,0.456392,0.006455
0.049141,0.458921,0.006552
0.050805,0.456669,0.005819
0.050391,0.457363,0.002125
0.053381,0.460000,0.003606
0.054144,0.456384,0.002266
0.055526,0.456825,0.000274
0.055783,0.457818,-0.000022
0.057963,0.459503,-0.001359
0.059347,0.459133,-0.002237
0.061528,0.457643,-0.001197
0.060584,0.458868,-0.002971
0.065186,0.458630,-0.003493
0.067259,0.460205,-0.006819
0.067539,0.457066,-0.006709
0.068201,0.460131,-0.007724
0.069767,0.458454,-0.010598
0.070712,0.457503,-0.008681
0.071874,0.456851,-0.011807
0.073798,0.458402,-0.011121
0.075505,0.458378,-0.009281
0.075747,0.459697,-0.014172
0.079006,0.458691,-0.013801
0.079584,0.460250,-0.014262
0.081838,0.460124,-0.016192
0.082699,0.458081,-0.015972
0.084786,0.461139,-0.018169
0.084884,0.458999,-0.018509
0.086066,0.458826,-0.018026
0.088756,0.461066,-0.019121
0.089963,0.459858,-0.021228
0.091614,0.462332,-0.021812
0.093953,0.459455,-0.021610
0.093498,0.461758,-0.023727
0.092914,0.458412,-0.022242
0.098029,0.460918,-0.024879
0.097713,0.460017,-0.023357
0.098992,0.459504,-0.026602
0.101889,0.459897,-0.026525
0.100571,0.460633,-0.028413
0.105363,0.461554,-0.027896
0.104559,0.460880,-0.027366
0.105744,0.460142,-0.028963
0.107387,0.460430,-0.028220
0.108984,0.460254,-0.029827
0.111213,0.462375,-0.030557
0.112054,0.462050,-0.030671
0.114287,0.462230,-0.031806
-0.182076,0.461830,-0.032855
-0.182406,0.460020,-0.025837
-0.178144,0.461523,-0.017065
-0.175786,0.461775,-0.010975
-0.175119,0.461810,-0.004586
-0.172638,0.459281,0.001694
-0.170823,0.458650,0.007869
-0.169922,0.457650,0.012875
-0.169192,0.455499,0.022552
-0.165866,0.456187,0.025581
-0.163010,0.456266,0.025684
-0.164718,0.456761,0.025155
-0.162498,0.455896,0.024502
-0.161904,0.457152,0.024858
-0.158845,0.457693,0.023068
-0.158173,0.458330,0.024525
-0.157246,0.456065,0.023687
-0.153838,0.455200,0.025057
-0.155121,0.455246,0.023152
-0.152694,0.456712,0.022120
-0.151053,0.455407,0.023783
-0.150353,0.456293,0.023228
-0.146356,0.457409,0.023989
-0.147026,0.457006,0.021984
-0.145717,0.456461,0.023159
-0.145175,0.457832,0.021134
-0.141271,0.458068,0.023146
-0.141421,0.456869,0.023311
-0.141250,0.457058,0.020781
-0.139139,0.457022,0.020468
-0.136737,0.458328,0.020511
-0.134037,0.457811,0.021754
-0.134923,0.456939,0.021532
-0.133211,0.456935,0.021048
-0.131590,0.456439,0.020898
-0.131222,0.455634,0.021036
-0.129239,0.457375,0.021253
-0.127465,0.457743,0.020018
-0.126415,0.456687,0.019619
-0.126439,0.455989,0.019237
-0.121412,0.456186,0.019473
-0.122769,0.457226,0.020089
-0.120548,0.455994,0.019951
-0.119088,0.456942,0.018933
-0.116854,0.458357,0.020678
-0.116931,0.457881,0.020392
-0.116045,0.456793,0.018704
-0.115026,0.457688,0.019743
-0.114393,0.456594,0.019807
-0.110514,0.456241,0.018374
-0.109900,0.456898,0.021876
-0.108513,0.458135,0.019229
-0.107996,0.456814,0.020198
-0.104082,0.455743,0.022215
-0.103368,0.457112,0.020607
-0.103149,0.456301,0.021013
-0.103304,0.457162,0.020595
-0.098584,0.457354,0.021598
-0.099352,0.457786,0.021892
-0.097459,0.457604,0.022443
-0.095981,0.456231,0.021378
-0.093343,0.457537,0.021681
-0.092884,0.457343,0.023219
-0.093692,0.458905,0.024420
-0.090174,0.455882,0.023744
-0.089604,0.456771,0.024900
-0.085974,0.458261,0.025537
-0.087580,0.456552,0.026587
-0.085198,0.457149,0.026165
-0.085133,0.457980,0.026205
-0.080995,0.456094,0.025698
-0.079281,0.455321,0.028341
-0.081289,0.457669,0.027516
-0.076647,0.458213,0.028308
-0.078296,0.455808,0.027164
-0.075509,0.456361,0.029188
-0.073288,0.455822,0.028779
-0.072787,0.457042,0.028557
-0.071002,0.456496,0.030752
-0.069545,0.456461,0.029923
-0.068979,0.457293,0.030110
-0.067808,0.456544,0.031700
-0.064267,0.456672,0.031327
-0.064597,0.455792,0.031478
-0.063715,0.456750,0.029739
-0.061702,0.454464,0.030981
-0.060060,0.455089,0.031039
-0.057712,0.457317,0.032628
-0.057287,0.455971,0.031284
-0.056299,0.456988,0.033649
-0.053961,0.456244,0.032898
-0.051922,0.455419,0.030838
-0.051029,0.455405,0.033116
-0.049795,0.453713,0.034666
-0.048237,0.457546,0.035339
-0.047267,0.456442,0.034055
-0.046477,0.455591,0.033478
-0.043133,0.455500,0.033704
-0.042487,0.455146,0.033373
-0.041065,0.455616,0.034017
-0.041512,0.458037,0.034393
-0.038750,0.456397,0.033995
-0.039251,0.456556,0.035424
-0.037114,0.456771,0.035003
-0.034865,0.454789,0.033823
-0.034140,0.454826,0.034919
-0.032479,0.454180,0.032237
-0.029961,0.456149,0.033471
-0.028709,0.455795,0.032216
-0.028713,0.456423,0.033916
-0.027464,0.456229,0.034352
-0.026253,0.455468,0.032059
-0.025293,0.458252,0.032987
-0.022778,0.454809,0.031538
-0.021569,0.454378,0.031244
-0.020814,0.454627,0.031471
-0.019308,0.456374,0.029907
-0.016989,0.456186,0.029580
-0.014714,0.455775,0.031817
-0.016516,0.456612,0.029304
-0.013874,0.456040,0.030175
-0.010739,0.457363,0.029800
-0.008654,0.455647,0.029407
-0.009790,0.456489,0.029168
-0.007481,0.455767,0.028429
-0.006143,0.456479,0.028867
-0.005105,0.455527,0.029444
-0.004038,0.457671,0.028152
-0.001540,0.456690,0.027178
0.000203,0.457566,0.024984
-0.000053,0.456776,0.029204
0.003689,0.456776,0.027153
0.002153,0.456537,0.026649
0.003498,0.455613,0.028259
0.006070,0.456288,0.029439
0.007471,0.456598,0.024504
0.010714,0.455721,0.026547
0.009600,0.456168,0.025284
0.012285,0.457799,0.024835
0.013013,0.457379,0.024963
0.014381,0.456668,0.025814
0.014953,0.457109,0.022800
0.015696,0.455413,0.025436
0.017520,0.456814,0.023298
0.019289,0.456024,0.021267
0.022507,0.456988,0.021846
0.022336,0.456965,0.021131
0.024463,0.456982,0.019210
0.026037,0.455987,0.018392
0.025084,0.456167,0.020137
0.026416,0.456914,0.019453
0.032091,0.455673,0.018433
0.029563,0.459419,0.017544
0.032028,0.458321,0.015860
0.033414,0.457869,0.014171
0.034200,0.458888,0.013749
0.036847,0.457471,0.014388
0.037245,0.458678,0.014073
0.039900,0.459351,0.011778
0.040430,0.459670,0.009531
0.041660,0.458243,0.009826
0.043035,0.458632,0.009672
0.044006,0.459389,0.008168
0.044142,0.458313,0.007668
0.047832,0.458796,0.004803
0.048770,0.459774,0.005125
0.050435,0.457556,0.003751
0.053011,0.458477,0.002007
0.052864,0.459500,0.002949
0.054558,0.459454,0.003329
0.054117,0.459575,-0.000089
0.056062,0.459443,-0.002317
0.058245,0.460437,-0.004050
0.061807,0.460613,-0.002690
0.059615,0.460775,-0.003712
0.064048,0.461085,-0.004192
0.063568,0.460490,-0.005689
0.067291,0.461767,-0.006904
0.067453,0.460681,-0.008495
0.069123,0.460759,-0.008910
0.069154,0.458807,-0.010119
0.069922,0.460296,-0.011200
0.070190,0.458546,-0.012385
0.073014,0.462100,-0.012022
0.074024,0.461132,-0.013322
0.077567,0.460813,-0.013153
0.078269,0.461062,-0.014599
0.081298,0.459927,-0.017335
0.080870,0.460854,-0.017413
0.080646,0.461294,-0.018506
0.085065,0.460981,-0.018435
0.086162,0.460947,-0.019586
0.087379,0.462559,-0.018464
0.090058,0.461550,-0.021973
0.089566,0.461307,-0.022435
0.091743,0.462285,-0.023410
0.092366,0.461829,-0.020744
0.093252,0.460402,-0.023637
0.093926,0.461150,-0.025650
0.097082,0.461256,-0.025652
0.098009,0.462297,-0.027119
0.097750,0.461068,-0.025384
0.101591,0.462048,-0.026668
0.102911,0.461740,-0.027301
0.103858,0.461535,-0.027513
0.105920,0.463398,-0.027834
0.107654,0.463855,-0.031010
0.108423,0.463285,-0.028861
0.109571,0.463957,-0.030535
0.110803,0.461039,-0.031550
0.113140,0.462317,-0.033598
0.114297,0.465208,-0.032062
-0.179753,0.465601,-0.030760
-0.180835,0.463214,-0.023288
-0.179576,0.460876,-0.016370
-0.176380,0.460351,-0.011108
-0.174760,0.462126,-0.004841
-0.174552,0.460099,0.002330
-0.173201,0.459086,0.009341
-0.170340,0.460381,0.016370
-0.168520,0.459089,0.022397
-0.165844,0.458601,0.024606
-0.165927,0.458614,0.025934
-0.164319,0.458252,0.024633
-0.162980,0.457785,0.024997
-0.162776,0.459073,0.023875
-0.159722,0.459322,0.026000
-0.157777,0.458589,0.024477
-0.155394,0.459528,0.021822
-0.155894,0.458057,0.024491
-0.155145,0.458402,0.021437
-0.150662,0.458372,0.021655
-0.151114,0.459362,0.021999
-0.149921,0.457277,0.022597
-0.149549,0.460443,0.020644
-0.147876,0.458428,0.022448
-0.145583,0.458239,0.021994
-0.144389,0.457304,0.019507
-0.143783,0.458283,0.021519
-0.141158,0.459876,0.020124
-0.141636,0.459428,0.019390
-0.138643,0.457444,0.020647
-0.135994,0.458888,0.020541
-0.135366,0.456731,0.020929
-0.135235,0.459352,0.020273
-0.135383,0.458972,0.016803
-0.131565,0.460114,0.019904
-0.130197,0.459077,0.019605
-0.130068,0.459443,0.019865
-0.126353,0.457822,0.019796
-0.126096,0.457427,0.018842
-0.126804,0.459983,0.020384
-0.124146,0.457385,0.017689
-0.120952,0.459670,0.019952
-0.118043,0.459762,0.019230
-0.118698,0.458976,0.019230
-0.118642,0.459107,0.018790
-0.116818,0.457821,0.019970
-0.116051,0.460069,0.018917
-0.114412,0.458579,0.019430
-0.113129,0.459408,0.019149
-0.109956,0.460066,0.019126
-0.110517,0.458365,0.017932
-0.107016,0.459946,0.019538
-0.105672,0.457769,0.019519
-0.105303,0.458505,0.020745
-0.104365,0.458603,0.020099
-0.102884,0.460775,0.019118
-0.101529,0.458273,0.020629
-0.100480,0.460706,0.021313
-0.098915,0.459570,0.020194
-0.096110,0.458533,0.022138
-0.095702,0.457588,0.022933
-0.093610,0.459404,0.024131
-0.092697,0.456650,0.022518
-0.092225,0.457647,0.022160
-0.090020,0.459880,0.022304
-0.091615,0.459212,0.023404
-0.087648,0.457844,0.024329
-0.084632,0.460144,0.024647
-0.084977,0.457859,0.024653
-0.084020,0.459474,0.024955
-0.080887,0.458154,0.026138
-0.080231,0.457308,0.025349
-0.081359,0.457514,0.025014
-0.078567,0.456483,0.026837
-0.077327,0.457493,0.027636
-0.074533,0.458714,0.027800
-0.073760,0.456800,0.028355
-0.073165,0.456529,0.028633
-0.070461,0.459795,0.027238
-0.068928,0.458689,0.028892
-0.068814,0.457790,0.028600
-0.065586,0.457247,0.029726
-0.067712,0.457328,0.029478
-0.065290,0.457623,0.029493
-0.062571,0.456259,0.031137
-0.061431,0.458799,0.032718
-0.060245,0.458205,0.031634
-0.058083,0.457686,0.031301
-0.056890,0.455714,0.030315
-0.056813,0.457595,0.033059
-0.054893,0.456013,0.031440
-0.051022,0.459239,0.031754
-0.050881,0.457696,0.033764
-0.050934,0.456625,0.031859
-0.049129,0.458142,0.031911
-0.047700,0.458903,0.032283
-0.046477,0.457431,0.032732
-0.045736,0.456705,0.033892
-0.042175,0.455755,0.033550
-0.041908,0.456850,0.034767
-0.041668,0.456457,0.034371
-0.040760,0.457559,0.034640
-0.038193,0.455269,0.034610
-0.037817,0.458972,0.033921
-0.036058,0.455491,0.033999
-0.035612,0.458606,0.032634
-0.031545,0.459526,0.034859
-0.029760,0.456201,0.032684
-0.030525,0.456200,0.033195
-0.027131,0.456793,0.032303
-0.024342,0.457863,0.032751
-0.024069,0.456737,0.031956
-0.025063,0.457152,0.031214
-0.022360,0.457590,0.032737
-0.018232,0.458970,0.032505
-0.022334,0.459005,0.029891
-0.018149,0.456144,0.027388
-0.017926,0.457828,0.029271
-0.016340,0.459536,0.030920
-0.013211,0.459509,0.030212
-0.013054,0.458403,0.027659
-0.011328,0.459483,0.029381
-0.010880,0.457955,0.027091
-0.009145,0.457387,0.028349
-0.007993,0.458851,0.029372
-0.007726,0.460389,0.028131
-0.003896,0.458451,0.028828
-0.003742,0.457446,0.026636
-0.002199,0.457382,0.026943
-0.002541,0.458491,0.028294
0.001915,0.457842,0.027427
0.002844,0.458822,0.027354
0.004246,0.459292,0.025181
0.004973,0.460569,0.027494
0.004613,0.458117,0.026322
0.008026,0.460516,0.025974
0.009771,0.458526,0.025631
0.009362,0.458483,0.024812
0.010111,0.457625,0.024270
0.012233,0.457635,0.024601
0.014101,0.456735,0.022940
0.017707,0.459556,0.023581
0.016901,0.460024,0.022089
0.018925,0.457844,0.022575
0.021363,0.460250,0.020667
0.020687,0.459532,0.019539
0.020966,0.457997,0.020016
0.022711,0.457032,0.017034
0.026586,0.459343,0.018081
0.023327,0.457587,0.018136
0.027483,0.460410,0.017914
0.030179,0.459492,0.016414
0.030730,0.459553,0.015228
0.032404,0.459380,0.015494
0.034193,0.458827,0.016206
0.033899,0.460187,0.013406
0.036573,0.459712,0.011620
0.037906,0.460208,0.013888
0.037972,0.458967,0.010396
0.040003,0.459294,0.010507
0.041830,0.461671,0.010450
0.042215,0.460457,0.008963
0.043453,0.461451,0.008023
0.044963,0.459524,0.007846
0.047791,0.461325,0.005803
0.046518,0.460754,0.003795
0.049486,0.460932,0.003096
0.052180,0.462063,0.001466
0.054103,0.458750,0.003355
0.053033,0.459160,-0.000062
0.056391,0.460678,0.000518
0.056997,0.461407,-0.002327
0.058507,0.460272,-0.002650
0.060583,0.461996,-0.003432
0.060014,0.461764,-0.004142
0.061756,0.462108,-0.004287
0.065130,0.463052,-0.007338
0.065014,0.461145,-0.007488
0.065519,0.463329,-0.010250
0.068498,0.462193,-0.008931
0.067115,0.462420,-0.010142
0.070888,0.461041,-0.012265
0.072029,0.461642,-0.013695
0.073486,0.464676,-0.013159
0.075136,0.461821,-0.015303
0.076253,0.462056,-0.014007
0.077891,0.464008,-0.015269
0.080481,0.462283,-0.016669
0.079960,0.464201,-0.018017
0.083969,0.462700,-0.017670
0.083038,0.464155,-0.021204
0.086700,0.462656,-0.020610
0.085957,0.463696,-0.020354
0.088103,0.462617,-0.022545
0.090843,0.465173,-0.021204
0.091281,0.462746,-0.024248
0.093195,0.463289,-0.022744
0.094713,0.463582,-0.024346
0.095245,0.462721,-0.026433
0.097386,0.462649,-0.026330
0.098442,0.463325,-0.024891
0.098698,0.463430,-0.027065
0.101731,0.463786,-0.026118
0.102195,0.461537,-0.027195
0.104078,0.462779,-0.027813
0.103481,0.463789,-0.029679
0.105807,0.464637,-0.030361
0.106822,0.464531,-0.031037
0.110092,0.467347,-0.032484
0.109781,0.463100,-0.029496
0.109950,0.464707,-0.031129
-0.183769,0.464237,-0.028100
-0.181277,0.464275,-0.020594
-0.180479,0.465293,-0.015192
-0.176674,0.464116,-0.009834
-0.174883,0.463104,-0.000048
-0.170955,0.460085,0.005219
-0.171332,0.459412,0.010581
-0.169601,0.459584,0.017487
-0.167586,0.460927,0.022185
-0.165028,0.457915,0.024784
-0.165709,0.459007,0.025175
-0.163957,0.458408,0.023661
-0.161603,0.459435,0.022388
-0.161187,0.460374,0.023915
-0.162263,0.460862,0.022124
-0.158683,0.459965,0.021946
-0.155660,0.460491,0.021207
-0.155685,0.460093,0.022383
-0.152346,0.460229,0.021027
-0.152468,0.460905,0.022290
-0.150372,0.459548,0.022777
-0.151228,0.461669,0.020808
-0.147843,0.462797,0.020575
-0.145969,0.461220,0.018881
-0.145158,0.459679,0.021557
-0.144771,0.460812,0.021280
-0.141042,0.461543,0.020367
-0.140345,0.461434,0.017552
-0.140758,0.459152,0.019678
-0.137745,0.459387,0.021039
-0.135757,0.461368,0.018718
-0.138521,0.461121,0.017016
-0.135824,0.460844,0.018777
-0.131980,0.461882,0.016657
-0.133492,0.461672,0.017333
-0.129875,0.459763,0.018073
-0.128867,0.461273,0.019321
-0.127694,0.463568,0.017285
-0.126963,0.460782,0.016205
-0.126375,0.461017,0.018358
-0.125117,0.462505,0.018210
-0.123614,0.461554,0.017750
-0.120593,0.459810,0.017103
-0.120799,0.461696,0.018945
-0.118593,0.460288,0.018115
-0.113379,0.460898,0.020117
-0.116980,0.461638,0.017886
-0.113978,0.460689,0.017811
-0.110507,0.460998,0.018707
-0.110110,0.463817,0.019952
-0.110629,0.460669,0.016684
-0.107949,0.461022,0.019599
-0.107453,0.462459,0.019443
-0.105936,0.461942,0.018381
-0.102658,0.461903,0.021145
-0.101075,0.461742,0.019108
-0.102862,0.459870,0.020251
-0.100309,0.460308,0.018815
-0.101464,0.461284,0.021817
-0.098269,0.462434,0.020234
-0.095225,0.460714,0.019845
-0.094553,0.460194,0.019353
-0.092210,0.461187,0.020543
-0.093057,0.460292,0.020280
-0.090754,0.461263,0.021593
-0.090447,0.460632,0.022237
-0.087100,0.462233,0.021731
-0.086579,0.461596,0.024016
-0.084996,0.459680,0.023696
-0.084976,0.459109,0.023455
-0.081760,0.461062,0.024088
-0.081925,0.459947,0.023369
-0.077083,0.460032,0.024508
-0.080002,0.459892,0.025604
-0.076189,0.459386,0.028204
-0.074728,0.461002,0.025176
-0.072621,0.458766,0.029311
-0.072883,0.459737,0.026468
-0.071625,0.461100,0.028578
-0.068464,0.458734,0.025608
-0.069682,0.459722,0.028716
-0.067167,0.460015,0.028268
-0.066544,0.458217,0.028729
-0.061750,0.458964,0.028752
-0.062039,0.458025,0.029183
-0.063589,0.459439,0.029852
-0.060094,0.459923,0.031185
-0.057303,0.459626,0.030306
-0.057970,0.458514,0.028748
-0.057029,0.459867,0.032211
-0.054639,0.458234,0.032071
-0.052012,0.458775,0.032932
-0.051580,0.457664,0.031421
-0.049745,0.459467,0.033972
-0.049332,0.459504,0.032758
-0.047402,0.459271,0.032386
-0.046017,0.457522,0.033611
-0.044881,0.458395,0.032787
-0.042851,0.458486,0.034926
-0.042268,0.458574,0.031945
-0.040827,0.460194,0.032012
-0.039632,0.458815,0.035195
-0.036980,0.460758,0.033408
-0.038894,0.459448,0.033845
-0.035228,0.458008,0.032100
-0.032952,0.459965,0.032472
-0.031719,0.459528,0.031346
-0.030924,0.460298,0.031539
-0.029078,0.459597,0.033102
-0.028605,0.460536,0.032078
-0.026544,0.458807,0.031159
-0.024755,0.459811,0.030024
-0.025764,0.459895,0.030739
-0.024053,0.458112,0.031636
-0.021274,0.458353,0.029335
-0.020808,0.458545,0.031304
-0.019555,0.458282,0.029429
-0.016248,0.458842,0.029143
-0.015640,0.461182,0.029250
-0.013567,0.459751,0.027342
-0.012838,0.461179,0.029139
-0.011130,0.458541,0.028149
-0.009775,0.459187,0.027389
-0.008767,0.460314,0.027780
-0.009052,0.459943,0.028675
-0.004900,0.459229,0.027993
-0.003781,0.458518,0.029251
-0.003738,0.458903,0.025968
-0.002065,0.459943,0.027606
-0.002020,0.459554,0.026291
0.001382,0.460103,0.026933
0.001146,0.460284,0.025165
0.002546,0.458482,0.026042
0.005154,0.459607,0.025538
0.006566,0.459795,0.023516
0.006642,0.459891,0.027116
0.007478,0.459632,0.023214
0.011002,0.458991,0.023527
0.009697,0.461325,0.024050
0.013125,0.459591,0.023439
0.014921,0.461696,0.024478
0.015123,0.462505,0.022106
0.015525,0.460680,0.021420
0.017830,0.461172,0.021184
0.018693,0.461026,0.019309
0.023061,0.460308,0.018525
0.021964,0.458952,0.020039
0.022832,0.461934,0.020699
0.025926,0.460378,0.017150
0.026006,0.459884,0.017563
0.028943,0.460061,0.015713
0.028785,0.460049,0.015388
0.031441,0.461381,0.013801
0.033464,0.461897,0.015271
0.034436,0.460193,0.013867
0.035220,0.462105,0.014593
0.035525,0.461725,0.012062
0.038101,0.460570,0.011585
0.037798,0.460941,0.007966
0.040712,0.461178,0.009535
0.042297,0.461973,0.009367
0.041753,0.462818,0.007139
0.045083,0.461933,0.006873
0.046041,0.461535,0.005243
0.047973,0.460763,0.003587
0.048904,0.463455,0.004570
0.048231,0.463207,0.000651
0.052828,0.463604,0.004173
0.053002,0.460801,0.000107
0.054933,0.461390,-0.001052
0.056029,0.463571,-0.001155
0.057829,0.461576,-0.002694
0.059825,0.459716,-0.003318
0.059771,0.463912,-0.005160
0.060012,0.462637,-0.006784
0.064468,0.465634,-0.006522
0.064788,0.462819,-0.007309
0.064445,0.462967,-0.006980
0.068753,0.462272,-0.008741
0.068274,0.462451,-0.008782
0.071104,0.464176,-0.011367
0.070356,0.462149,-0.012837
0.072632,0.465332,-0.012322
0.074888,0.463241,-0.016553
0.076001,0.462912,-0.016903
0.075238,0.463334,-0.017109
0.078594,0.464748,-0.017033
0.078780,0.465225,-0.017230
0.080730,0.466026,-0.018038
0.082859,0.464493,-0.020710
0.083088,0.465015,-0.020041
0.086003,0.464238,-0.020288
0.084560,0.464989,-0.020317
0.087908,0.465275,-0.021335
0.088532,0.465448,-0.023451
0.092016,0.465998,-0.025734
0.092501,0.464902,-0.024840
0.093048,0.465203,-0.024081
0.094382,0.465907,-0.024263
0.097170,0.464882,-0.026768
0.097862,0.465406,-0.026622
0.099988,0.464806,-0.026497
0.102291,0.465156,-0.026972
0.101590,0.466177,-0.029439
0.103339,0.465207,-0.028911
0.104981,0.466751,-0.029148
0.107719,0.467322,-0.030341
0.108040,0.467207,-0.030964
0.109137,0.466119,-0.030367
0.110912,0.467200,-0.034144
0.112428,0.466220,-0.034216
-0.183459,0.469884,-0.029238
-0.180697,0.467552,-0.021198
-0.179193,0.467080,-0.012244
-0.177490,0.465124,-0.004593
-0.172479,0.464520,-0.001347
-0.172682,0.465494,0.004660
-0.168966,0.463242,0.012288
-0.169619,0.461950,0.018691
-0.168759,0.460595,0.023978
-0.164158,0.462643,0.024964
-0.166202,0.462276,0.025204
-0.163382,0.461850,0.023517
-0.161104,0.461376,0.022717
-0.159959,0.461275,0.022103
-0.157599,0.461624,0.022816
-0.157567,0.461446,0.022773
-0.155901,0.461348,0.022041
-0.155936,0.463499,0.021103
-0.153582,0.462361,0.021565
-0.152961,0.461838,0.021125
-0.152693,0.461630,0.021763
-0.150375,0.461944,0.020695
-0.149376,0.463327,0.019652
-0.147461,0.461676,0.020104
-0.147138,0.460896,0.018732
-0.145104,0.463383,0.019320
-0.144234,0.462735,0.018506
-0.142648,0.461175,0.019707
-0.139475,0.462273,0.019071
-0.138312,0.462902,0.018767
-0.136386,0.461687,0.015726
-0.136720,0.459758,0.019239
-0.136135,0.460814,0.018086
-0.132910,0.463605,0.016682
-0.131211,0.463673,0.015334
-0.130748,0.461946,0.017866
-0.129462,0.463417,0.016035
-0.128777,0.463070,0.016384
-0.129037,0.463839,0.017502
-0.126252,0.462181,0.014934
-0.125635,0.461947,0.015321
-0.123135,0.461053,0.014873
-0.120357,0.463661,0.016444
-0.120284,0.462668,0.016114
-0.118614,0.462387,0.016011
-0.116471,0.461649,0.017887
-0.116323,0.463858,0.017876
-0.111254,0.463545,0.017480
-0.112870,0.463410,0.016832
-0.111137,0.462885,0.017475
-0.110623,0.461755,0.015074
-0.107079,0.462914,0.016703
-0.106670,0.461234,0.018617
-0.106675,0.463253,0.017663
-0.105933,0.460448,0.018039
-0.102117,0.461607,0.017218
-0.100791,0.462493,0.020122
-0.099831,0.460753,0.018267
-0.098338,0.462198,0.018719
-0.096670,0.461860,0.019638
-0.097294,0.463216,0.018482
-0.092890,0.461398,0.019313
-0.093982,0.464077,0.020521
-0.093830,0.461311,0.020850
-0.091657,0.462485,0.018700
-0.088073,0.462708,0.021704
-0.088740,0.459933,0.022381
-0.086885,0.461397,0.022761
-0.085595,0.461044,0.022181
-0.084908,0.461594,0.022983
-0.082803,0.463379,0.022336
-0.082577,0.461995,0.023252
-0.079693,0.461169,0.022152
-0.078253,0.460718,0.022448
-0.075970,0.461023,0.026597
-0.076018,0.461872,0.027810
-0.076815,0.459965,0.026128
-0.073567,0.461259,0.024958
-0.071480,0.463178,0.026515
-0.068105,0.461639,0.026505
-0.069401,0.462760,0.028589
-0.066849,0.460245,0.029582
-0.067839,0.459915,0.030158
-0.064105,0.461956,0.029140
-0.062377,0.460693,0.028864
-0.061146,0.462508,0.028716
-0.058901,0.460218,0.030351
-0.057437,0.461550,0.029471
-0.057841,0.459511,0.030806
-0.055645,0.461989,0.030362
-0.056639,0.460535,0.030760
-0.053709,0.459192,0.031553
-0.050396,0.460455,0.031990
-0.049417,0.462110,0.031230
-0.048578,0.460896,0.033085
-0.047160,0.459779,0.033356
-0.045775,0.461090,0.032328
-0.045106,0.460480,0.031210
-0.042377,0.459848,0.032254
-0.042089,0.462093,0.033929
-0.040986,0.461755,0.032437
-0.039911,0.460694,0.033596
-0.037582,0.461243,0.032836
-0.036732,0.460496,0.031986
-0.034915,0.461798,0.031886
-0.033477,0.460341,0.034123
-0.030777,0.460243,0.032514
-0.031273,0.460164,0.031035
-0.030509,0.461364,0.032046
-0.026052,0.459777,0.032301
-0.028572,0.462077,0.031696
-0.027163,0.460213,0.030853
-0.024544,0.459853,0.031762
-0.023612,0.462633,0.029808
-0.021617,0.459411,0.029426
-0.017744,0.460453,0.029528
-0.018063,0.462992,0.028127
-0.015934,0.462412,0.028997
-0.014770,0.460515,0.026870
-0.014477,0.460838,0.027277
-0.013889,0.461580,0.027066
-0.013422,0.461372,0.028038
-0.010539,0.459461,0.026727
-0.007860,0.460897,0.026538
-0.007825,0.461543,0.026084
-0.007860,0.461868,0.026211
-0.006037,0.459324,0.025377
-0.003980,0.460488,0.026273
-0.001698,0.462257,0.027393
0.000564,0.460257,0.027103
0.001959,0.461584,0.024922
0.001717,0.462066,0.025866
0.004195,0.461142,0.025565
0.005871,0.459766,0.026346
0.004746,0.462750,0.023815
0.007210,0.462846,0.024946
0.009043,0.461652,0.023549
0.009611,0.462296,0.023513
0.010118,0.462728,0.021667
0.013263,0.462266,0.023423
0.016023,0.461176,0.023774
0.014688,0.462259,0.022789
0.017336,0.462315,0.021379
0.017857,0.461782,0.023800
0.019804,0.464278,0.019042
0.021202,0.462540,0.018819
0.023850,0.461905,0.019653
0.023720,0.462802,0.018660
0.026318,0.463929,0.016891
0.027792,0.462137,0.016351
0.026545,0.461513,0.017779
0.029328,0.461120,0.015194
0.030200,0.462259,0.014676
0.032474,0.462978,0.011420
0.034061,0.462074,0.011806
0.033224,0.462591,0.010043
0.034892,0.463463,0.011988
0.038405,0.463501,0.009482
0.039282,0.463421,0.007408
0.042060,0.462993,0.009160
0.040675,0.462651,0.006366
0.043402,0.464159,0.005671
0.042586,0.464423,0.005388
0.045501,0.463279,0.004642
0.046259,0.463304,0.003717
0.048989,0.463497,0.002556
0.049114,0.464598,0.002196
0.050630,0.466006,0.001369
0.053889,0.464380,0.000138
0.056270,0.465916,-0.001432
0.056788,0.463780,-0.000480
0.057720,0.463776,-0.002091
0.058557,0.464506,-0.003551
0.059257,0.467192,-0.006095
0.061282,0.464777,-0.006486
0.064519,0.466020,-0.006607
0.064572,0.465731,-0.007813
0.066260,0.464270,-0.011040
0.068873,0.464572,-0.010055
0.067490,0.464784,-0.009381
0.070981,0.464974,-0.012222
0.072480,0.466476,-0.012238
0.073116,0.465467,-0.013217
0.073582,0.466914,-0.015165
0.075478,0.467368,-0.015521
0.076576,0.465103,-0.017957
0.078433,0.463957,-0.017120
0.078928,0.465646,-0.020298
0.080648,0.466883,-0.020144
0.083852,0.465437,-0.021938
0.084094,0.466051,-0.022078
0.086991,0.465409,-0.021309
0.087222,0.465260,-0.021196
0.088134,0.468387,-0.022973
0.089395,0.466674,-0.022384
0.089172,0.465877,-0.022981
0.094129,0.467409,-0.023259
0.092862,0.466626,-0.026192
0.095969,0.469507,-0.027184
0.096677,0.467622,-0.026850
0.096797,0.468642,-0.026629
0.097699,0.467690,-0.029287
0.101522,0.467538,-0.028045
0.101289,0.468082,-0.029283
0.104824,0.467046,-0.031678
0.104755,0.466116,-0.030064
0.106603,0.467882,-0.030125
0.109481,0.469116,-0.031414
0.109586,0.467399,-0.030444
0.113250,0.467831,-0.031864
0.110420,0.467361,-0.033755
-0.180725,0.468045,-0.025731
-0.179673,0.469522,-0.016621
-0.178674,0.467099,-0.012366
-0.177936,0.465371,-0.006270
-0.175561,0.466294,0.000869
-0.174794,0.466245,0.005646
-0.170564,0.462663,0.014050
-0.168502,0.462541,0.019201
-0.166656,0.462303,0.022132
-0.164878,0.463612,0.023589
-0.165345,0.464121,0.023369
-0.164085,0.465797,0.023264
-0.160755,0.464008,0.022881
-0.161177,0.463676,0.022403
-0.159049,0.464143,0.021538
-0.159449,0.462819,0.021068
-0.157376,0.462484,0.018666
-0.154332,0.461954,0.018614
-0.156108,0.464075,0.020787
-0.151637,0.463387,0.019211
-0.152366,0.463759,0.019938
-0.151797,0.463101,0.018888
-0.149495,0.464891,0.018518
-0.147257,0.462234,0.015562
-0.144906,0.465140,0.018356
-0.145321,0.464498,0.018817
-0.141744,0.463377,0.016892
-0.144352,0.464192,0.016919
-0.140359,0.463437,0.017932
-0.140363,0.461935,0.017144
-0.136577,0.463195,0.018000
-0.136504,0.463807,0.015508
-0.135597,0.464399,0.016225
-0.134965,0.464349,0.017134
-0.131141,0.462684,0.015295
-0.131307,0.464176,0.015941
-0.129694,0.465471,0.015763
-0.127899,0.465716,0.014884
-0.128008,0.464481,0.015307
-0.126313,0.464845,0.015982
-0.124707,0.464035,0.013210
-0.122123,0.464497,0.015057
-0.120210,0.464540,0.015878
-0.120983,0.463912,0.015830
-0.119581,0.465172,0.015500
-0.116961,0.464837,0.017328
-0.115891,0.464447,0.017126
-0.114905,0.463520,0.016836
-0.112300,0.463248,0.015665
-0.110632,0.463862,0.015363
-0.110719,0.462966,0.014588
-0.108707,0.463896,0.016432
-0.106866,0.463670,0.018269
-0.106446,0.463345,0.018252
-0.104177,0.462416,0.016205
-0.104063,0.465324,0.016098
-0.100910,0.463082,0.017906
-0.099203,0.461535,0.018754
-0.099800,0.463389,0.017962
-0.097839,0.463635,0.017713
-0.096265,0.465470,0.018349
-0.095861,0.463523,0.018675
-0.091639,0.464321,0.018905
-0.093985,0.464463,0.018663
-0.091703,0.462678,0.018335
-0.088690,0.462166,0.018940
-0.086812,0.462741,0.019999
-0.087156,0.462706,0.021689
-0.082944,0.463124,0.021869
-0.084348,0.464283,0.021438
-0.083827,0.462970,0.023118
-0.080643,0.462482,0.023918
-0.079390,0.463802,0.022974
-0.077306,0.462192,0.022489
-0.077810,0.463855,0.020818
-0.074530,0.463292,0.023883
-0.074045,0.461984,0.025068
-0.074088,0.462826,0.023380
-0.071694,0.463894,0.028628
-0.070871,0.462538,0.026160
-0.067150,0.461599,0.026738
-0.067238,0.461516,0.027057
-0.064179,0.462034,0.028098
-0.064465,0.462589,0.028240
-0.063601,0.463876,0.027990
-0.061563,0.463460,0.029844
-0.062035,0.461565,0.029136
-0.057569,0.463867,0.030424
-0.057150,0.462944,0.028513
-0.056662,0.461829,0.029729
-0.054730,0.462903,0.030860
-0.053533,0.462614,0.029529
-0.053262,0.462671,0.029332
-0.051332,0.462222,0.030675
-0.046809,0.461962,0.031936
-0.049527,0.461642,0.031573
-0.045844,0.461718,0.030737
-0.045093,0.462840,0.033508
-0.045716,0.462314,0.031243
-0.042615,0.461689,0.031628
-0.040577,0.463938,0.032487
-0.038693,0.463158,0.032027
-0.037136,0.461862,0.030948
-0.036196,0.462538,0.030879
-0.035695,0.461396,0.031226
-0.032823,0.461658,0.032241
-0.032276,0.461266,0.030568
-0.029605,0.462872,0.031177
-0.029912,0.462344,0.031776
-0.029742,0.462300,0.031853
-0.027284,0.464289,0.030395
-0.026406,0.462105,0.031046
-0.024687,0.462370,0.030744
-0.022924,0.462403,0.028772
-0.021893,0.461886,0.030709
-0.019365,0.461671,0.028583
-0.018430,0.461883,0.027725
-0.017261,0.462707,0.026244
-0.015946,0.464628,0.025055
-0.014251,0.465006,0.026220
-0.013210,0.463718,0.027617
-0.012724,0.461595,0.025326
-0.009808,0.463106,0.026721
-0.008448,0.462945,0.026208
-0.007690,0.464364,0.024046
-0.008541,0.461442,0.024809
-0.003708,0.461808,0.027232
-0.003544,0.462936,0.025995
-0.002089,0.463448,0.026074
-0.001715,0.463480,0.026196
0.001583,0.462904,0.023733
0.002029,0.463057,0.023749
0.002696,0.463242,0.024015
0.003311,0.463276,0.023210
0.005668,0.464922,0.024773
0.008554,0.463811,0.022178
0.008832,0.464334,0.026206
0.009172,0.465443,0.020982
0.011003,0.463372,0.022764
0.013362,0.462498,0.021314
0.013779,0.462753,0.020539
0.015171,0.462176,0.019481
0.015691,0.463369,0.019124
0.019228,0.462789,0.020646
0.018351,0.463667,0.017986
0.020979,0.463474,0.018131
0.021694,0.464460,0.017627
0.024636,0.464277,0.017191
0.025009,0.463643,0.014962
0.026800,0.463689,0.014075
0.029677,0.466052,0.013405
0.027926,0.465156,0.014543
0.033014,0.465665,0.012167
0.031728,0.463823,0.012464
0.034761,0.464517,0.010360
0.035190,0.463794,0.009666
0.034791,0.465019,0.011579
0.037425,0.464036,0.009794
0.038345,0.465313,0.008906
0.042623,0.463079,0.008367
0.041457,0.463748,0.005957
0.043847,0.465431,0.006217
0.044022,0.466569,0.004300
0.044523,0.464340,0.004875
0.046392,0.465751,0.004163
0.048613,0.465373,0.002368
0.050258,0.466476,-0.000366
0.051468,0.466689,0.001286
0.053049,0.465519,-0.002215
0.054602,0.465048,-0.001701
0.054947,0.465966,-0.004232
0.057098,0.466608,-0.004902
0.057950,0.467225,-0.006748
0.059748,0.464178,-0.004874
0.060098,0.464949,-0.007684
0.065289,0.466665,-0.009031
0.065645,0.466197,-0.007418
0.065959,0.467388,-0.011903
0.067270,0.465853,-0.010878
0.068381,0.467199,-0.012231
0.070134,0.467735,-0.013231
0.071976,0.465290,-0.014599
0.072756,0.469607,-0.014686
0.074096,0.467328,-0.016223
0.076658,0.467875,-0.015839
0.077662,0.468069,-0.018369
0.077461,0.468673,-0.019180
0.079313,0.469793,-0.019122
0.079974,0.468650,-0.020897
0.080124,0.469526,-0.021139
0.083063,0.467923,-0.021865
0.084776,0.467719,-0.021776
0.087412,0.468092,-0.023091
0.087723,0.467160,-0.023663
0.090071,0.470033,-0.024727
0.090093,0.468102,-0.024960
0.091071,0.468307,-0.023820
0.093799,0.468422,-0.026076
0.095446,0.468806,-0.026734
0.095805,0.468966,-0.026188
0.098786,0.468508,-0.027940
0.099035,0.470057,-0.028407
0.102308,0.468901,-0.028068
0.100066,0.469030,-0.030000
0.103097,0.468312,-0.030684
0.105277,0.468659,-0.030239
0.106531,0.471806,-0.029650
0.109086,0.469849,-0.032221
0.108592,0.469003,-0.033013
0.112377,0.468929,-0.031416
-0.183117,0.469624,-0.023191
-0.179880,0.469283,-0.017026
-0.178751,0.468468,-0.008310
-0.177751,0.469482,-0.003976
-0.173935,0.468333,0.002113
-0.169496,0.465386,0.008052
-0.169846,0.465094,0.015564
-0.169508,0.464737,0.022172
-0.168300,0.464655,0.022740
-0.166060,0.465063,0.022937
-0.164547,0.465891,0.020929
-0.163564,0.464533,0.019713
-0.161972,0.464326,0.019830
-0.159876,0.464972,0.018781
-0.158630,0.465759,0.019112
-0.157656,0.463581,0.021101
-0.156870,0.465395,0.018340
-0.156556,0.465654,0.019431
-0.155045,0.465638,0.017874
-0.151585,0.465509,0.017357
-0.152296,0.466920,0.019531
-0.149390,0.466714,0.018463
-0.149780,0.465914,0.018453
-0.148073,0.466641,0.019383
-0.146736,0.465011,0.019035
-0.145482,0.466136,0.016797
-0.144519,0.466678,0.014895
-0.141605,0.465516,0.018413
-0.139925,0.465035,0.015506
-0.139289,0.465409,0.018252
-0.139313,0.463994,0.016081
-0.136963,0.466584,0.017256
-0.134166,0.465305,0.016151
-0.133204,0.465711,0.014918
-0.132206,0.465541,0.016491
-0.130043,0.466272,0.015000
-0.130483,0.466291,0.016254
-0.128636,0.466205,0.013882
-0.127378,0.467398,0.012056
-0.125419,0.465166,0.014932
-0.123948,0.466129,0.013427
-0.122350,0.467632,0.012706
-0.119817,0.464044,0.013535
-0.120234,0.465440,0.014311
-0.117635,0.467219,0.015878
-0.116405,0.466328,0.013577
-0.114539,0.465679,0.015958
-0.115555,0.465692,0.015152
-0.113534,0.466064,0.013741
-0.111872,0.466422,0.014573
-0.108176,0.465216,0.014937
-0.109261,0.464514,0.015073
-0.108271,0.466353,0.014475
-0.105867,0.463386,0.015176
-0.103595,0.466630,0.013361
-0.103333,0.465388,0.015151
-0.103232,0.465870,0.015943
-0.102214,0.466538,0.016529
-0.100568,0.465334,0.015947
-0.096598,0.464237,0.015588
-0.095806,0.465838,0.017112
-0.094238,0.464997,0.017853
-0.093531,0.467267,0.016242
-0.092408,0.465580,0.018482
-0.088068,0.467301,0.019521
-0.088474,0.464261,0.019628
-0.086695,0.465565,0.019485
-0.087038,0.464337,0.019308
-0.084275,0.465121,0.021260
-0.084503,0.466112,0.019520
-0.081128,0.464400,0.022472
-0.080603,0.464747,0.022223
-0.079567,0.464361,0.023819
-0.077823,0.463351,0.021466
-0.075506,0.466461,0.021892
-0.076096,0.463161,0.022130
-0.075430,0.464352,0.023294
-0.072734,0.464735,0.025016
-0.072212,0.465116,0.025615
-0.070185,0.463320,0.024592
-0.067074,0.465294,0.025935
-0.066729,0.463143,0.025244
-0.066533,0.465804,0.026521
-0.064022,0.466086,0.028627
-0.062938,0.465498,0.027802
-0.061893,0.464636,0.027061
-0.059285,0.464579,0.027946
-0.059304,0.465971,0.029103
-0.056855,0.464503,0.029501
-0.056205,0.464986,0.029001
-0.055671,0.464952,0.030956
-0.053821,0.463638,0.029885
-0.052131,0.465377,0.029499
-0.051966,0.464279,0.029521
-0.048830,0.464403,0.032128
-0.047396,0.463716,0.031574
-0.045191,0.462887,0.032431
-0.045877,0.464088,0.030642
-0.043328,0.462568,0.031959
-0.043139,0.463931,0.031797
-0.040210,0.462708,0.031376
-0.041564,0.464164,0.031127
-0.037852,0.464162,0.030120
-0.037407,0.464036,0.030335
-0.034982,0.463681,0.031558
-0.033470,0.465457,0.031179
-0.032487,0.466455,0.030759
-0.032958,0.464750,0.031050
-0.029785,0.464445,0.030249
-0.028693,0.464492,0.029861
-0.027885,0.463985,0.030453
-0.026262,0.463715,0.028360
-0.024967,0.464763,0.029455
-0.022223,0.463152,0.028364
-0.019033,0.462837,0.028853
-0.019513,0.463811,0.026610
-0.018561,0.464559,0.026735
-0.018154,0.463433,0.024804
-0.015003,0.465113,0.026420
-0.016174,0.465733,0.026057
-0.013346,0.465262,0.026025
-0.011806,0.466239,0.024199
-0.009056,0.464014,0.025950
-0.008285,0.466498,0.024393
-0.007839,0.464494,0.025006
-0.004209,0.465316,0.024217
-0.006005,0.462624,0.025131
-0.004868,0.465176,0.024462
-0.002470,0.464796,0.025301
-0.000324,0.463986,0.023842
0.001227,0.463945,0.024620
0.002730,0.465013,0.025064
0.003447,0.464306,0.024570
0.002664,0.464545,0.022583
0.005114,0.464924,0.022083
0.008790,0.466165,0.019604
0.011023,0.463817,0.022552
0.010249,0.466031,0.021953
0.012955,0.464701,0.020569
0.011319,0.466124,0.022212
0.015851,0.465860,0.020523
0.017101,0.464588,0.019998
0.017690,0.464720,0.019791
0.016983,0.464957,0.016844
0.018551,0.467242,0.018420
0.020504,0.467645,0.018024
0.021542,0.464535,0.016482
0.025090,0.467090,0.017029
0.025376,0.464970,0.015892
0.026865,0.465164,0.014598
0.027491,0.464648,0.015033
0.027597,0.466964,0.014146
0.031217,0.465655,0.011042
0.031706,0.465450,0.010720
0.032918,0.466862,0.011563
0.034264,0.466328,0.008609
0.034497,0.466013,0.010038
0.038164,0.467145,0.008777
0.038144,0.466561,0.008093
0.041042,0.467217,0.005793
0.040129,0.465280,0.006753
0.043383,0.468076,0.003544
0.041944,0.466922,0.003783
0.044467,0.468131,0.002291
0.048108,0.467217,0.000971
0.049369,0.468458,0.002967
0.049908,0.467918,0.000114
0.050672,0.466399,-0.002958
0.053312,0.469563,-0.001308
0.054448,0.468488,-0.000384
0.054651,0.470437,-0.004321
0.056611,0.468026,-0.004467
0.056880,0.469248,-0.006289
0.061887,0.467096,-0.007578
0.060161,0.468632,-0.008498
0.061195,0.468656,-0.010098
0.064586,0.467737,-0.010591
0.064779,0.469603,-0.011064
0.068422,0.468995,-0.012286
0.068875,0.469167,-0.011115
0.069728,0.468294,-0.016917
0.072257,0.468316,-0.014578
0.072791,0.468680,-0.014504
0.075941,0.470549,-0.015875
0.075056,0.468552,-0.017245
0.076390,0.470272,-0.017589
0.077732,0.468698,-0.020152
0.079495,0.469449,-0.020448
0.081223,0.470552,-0.018779
0.082844,0.470086,-0.020814
0.083149,0.469809,-0.023630
0.083838,0.468898,-0.021375
0.086555,0.470862,-0.023837
0.087976,0.470707,-0.023796
0.088614,0.470818,-0.025252
0.091978,0.469674,-0.027500
0.093565,0.469817,-0.025862
0.093416,0.469729,-0.025663
0.095492,0.470892,-0.027512
0.096021,0.471334,-0.028898
0.099145,0.470705,-0.029813
0.098686,0.470132,-0.027800
0.101033,0.470310,-0.030733
0.102192,0.469272,-0.029182
0.102783,0.470921,-0.029928
0.105925,0.471700,-0.032756
0.106586,0.471250,-0.030968
0.107783,0.472832,-0.031947
0.108849,0.472253,-0.033651
0.109354,0.471984,-0.030771
-0.182021,0.472424,-0.023979
-0.181092,0.471896,-0.014936
-0.180047,0.471961,-0.008726
-0.176846,0.471696,-0.003315
-0.175062,0.468197,0.002365
-0.174060,0.468507,0.009522
-0.170687,0.466973,0.016221
-0.168344,0.467512,0.019759
-0.167826,0.466350,0.020103
-0.166931,0.468626,0.019261
-0.165536,0.466961,0.018225
-0.164016,0.465415,0.017416
-0.161138,0.464649,0.017575
-0.161565,0.466528,0.019699
-0.159316,0.467014,0.017293
-0.161617,0.466409,0.018566
-0.157671,0.466185,0.018366
-0.155018,0.467328,0.016628
-0.154329,0.466585,0.015460
-0.154082,0.467384,0.018508
-0.150403,0.465880,0.017643
-0.153208,0.466342,0.017061
-0.149416,0.465955,0.017251
-0.147494,0.465708,0.016277
-0.144838,0.468316,0.017394
-0.145727,0.468430,0.015289
-0.143240,0.465801,0.017124
-0.140330,0.467979,0.015521
-0.140086,0.467717,0.014044
-0.138657,0.467574,0.014272
-0.137613,0.467446,0.013337
-0.136210,0.466859,0.011830
-0.136503,0.468575,0.014163
-0.133916,0.468490,0.011170
-0.133134,0.468171,0.014326
-0.131359,0.468278,0.012252
-0.130415,0.468235,0.011784
-0.127962,0.467356,0.012967
-0.128892,0.467642,0.012755
-0.124920,0.467036,0.011206
-0.124654,0.469920,0.010729
-0.123965,0.467755,0.010674
-0.121437,0.466682,0.010707
-0.119092,0.468819,0.012517
-0.117158,0.467482,0.010673
-0.116148,0.470353,0.010855
-0.116936,0.469109,0.014398
-0.113424,0.468330,0.012283
-0.111149,0.467014,0.013191
-0.111119,0.467843,0.010610
-0.110072,0.466553,0.012202
-0.107373,0.466420,0.015253
-0.107872,0.467265,0.012887
-0.105305,0.467221,0.014003
-0.103932,0.466233,0.014070
-0.102275,0.466830,0.014167
-0.101777,0.467347,0.014451
-0.099733,0.468192,0.014171
-0.100632,0.470094,0.015518
-0.095785,0.468121,0.014736
-0.096368,0.467755,0.015009
-0.096362,0.466513,0.016018
-0.093410,0.466741,0.017046
-0.092819,0.467921,0.016712
-0.089626,0.468328,0.016892
-0.089320,0.466597,0.018713
-0.088241,0.468097,0.017337
-0.085548,0.468143,0.016575
-0.086180,0.467084,0.017409
-0.084555,0.465214,0.018386
-0.081276,0.465957,0.018126
-0.080123,0.467126,0.020248
-0.077122,0.465871,0.019294
-0.078652,0.466391,0.021650
-0.076361,0.467074,0.019857
-0.075762,0.465951,0.020567
-0.074621,0.469138,0.022231
-0.070990,0.465655,0.023344
-0.071136,0.467016,0.022584
-0.070262,0.466493,0.024273
-0.069174,0.466231,0.023606
-0.067880,0.465193,0.025003
-0.065354,0.465892,0.024923
-0.060878,0.466447,0.026218
-0.062877,0.467185,0.024933
-0.060894,0.466028,0.026544
-0.060038,0.465948,0.026956
-0.056249,0.466399,0.028787
-0.057609,0.465706,0.027981
-0.054565,0.466503,0.029122
-0.054992,0.466449,0.027505
-0.052145,0.466248,0.028610
-0.053572,0.467166,0.030413
-0.050019,0.464399,0.030484
-0.049090,0.466604,0.028297
-0.047599,0.464572,0.030573
-0.047900,0.465688,0.031211
-0.046047,0.466496,0.030189
-0.045452,0.466095,0.032886
-0.042390,0.466123,0.032135
-0.043270,0.465045,0.031589
-0.038586,0.466510,0.033479
-0.038497,0.466746,0.031436
-0.033461,0.464654,0.030643
-0.035523,0.464302,0.031149
-0.033729,0.465058,0.029770
-0.031798,0.465701,0.030958
-0.032184,0.464098,0.029873
-0.031530,0.466566,0.030759
-0.028420,0.467551,0.028863
-0.025882,0.466733,0.030186
-0.027845,0.465354,0.030561
-0.023963,0.466781,0.028519
-0.022299,0.465548,0.026111
-0.019502,0.465251,0.027059
-0.018289,0.465201,0.027000
-0.018711,0.465988,0.024358
-0.017137,0.468213,0.026506
-0.016594,0.467592,0.026181
-0.014207,0.466065,0.024962
-0.012837,0.467488,0.022859
-0.013151,0.465430,0.024656
-0.011209,0.465538,0.027018
-0.009523,0.465500,0.025282
-0.007089,0.465548,0.024893
-0.005140,0.466347,0.023043
-0.004789,0.465922,0.025476
-0.002413,0.466745,0.025461
-0.003013,0.464720,0.023428
-0.000474,0.466726,0.024624
0.001010,0.465626,0.022656
0.002071,0.467827,0.023578
0.002827,0.466611,0.023503
0.004600,0.466437,0.023199
0.007171,0.466315,0.022348
0.007915,0.466213,0.021584
0.010149,0.466468,0.023027
0.008251,0.466072,0.019345
0.013535,0.467317,0.020503
0.013104,0.467359,0.020677
0.013396,0.467998,0.022191
0.016919,0.467409,0.018970
0.016076,0.467424,0.018185
0.019165,0.467132,0.018895
0.020207,0.468236,0.018687
0.019187,0.467463,0.017352
0.021993,0.466961,0.015497
0.024624,0.467427,0.014987
0.024487,0.467619,0.013724
0.026967,0.468786,0.012815
0.029000,0.466721,0.013401
0.030010,0.468790,0.012497
0.031071,0.468114,0.010955
0.033438,0.467198,0.011238
0.033567,0.469104,0.010328
0.033766,0.465796,0.008632
0.036224,0.469289,0.007405
0.037459,0.467341,0.006407
0.037675,0.468803,0.005020
0.039360,0.468270,0.001950
0.042373,0.468575,0.003973
0.043378,0.469833,0.003909
0.045727,0.469427,0.001753
0.045967,0.470178,0.003467
0.047814,0.468700,-0.000290
0.047537,0.467562,0.000367
0.048982,0.469783,0.000176
0.051179,0.470500,-0.003587
0.053617,0.470066,-0.002602
0.052920,0.469745,-0.003345
0.054651,0.471301,-0.004767
0.056574,0.469024,-0.005210
0.058582,0.470909,-0.008522
0.059411,0.470440,-0.008968
0.061690,0.470035,-0.009256
0.062954,0.468888,-0.008302
0.064959,0.470944,-0.010995
0.065331,0.471626,-0.011268
0.066516,0.470536,-0.011767
0.067844,0.471412,-0.016227
0.069923,0.470959,-0.015438
0.070040,0.472853,-0.014409
0.072945,0.471492,-0.016594
0.076398,0.470458,-0.017483
0.076370,0.471210,-0.019273
0.074792,0.471779,-0.018909
0.079837,0.471713,-0.019319
0.079930,0.471588,-0.022098
0.082238,0.469134,-0.021372
0.082439,0.471080,-0.022565
0.083639,0.470852,-0.022959
0.085824,0.471448,-0.025513
0.085912,0.471657,-0.024572
0.090863,0.472118,-0.025597
0.089872,0.472386,-0.026613
0.090445,0.471083,-0.026309
0.091902,0.470644,-0.027892
0.092839,0.471445,-0.027311
0.094710,0.472065,-0.027115
0.096156,0.472976,-0.030648
0.098030,0.471104,-0.029775
0.098885,0.470867,-0.030421
0.101208,0.473191,-0.028366
0.100315,0.472714,-0.030957
0.101555,0.471740,-0.030135
0.104883,0.470947,-0.031466
0.106127,0.471062,-0.033369
0.106582,0.472452,-0.032205
0.109281,0.473939,-0.032520
0.110945,0.472254,-0.033802
-0.181472,0.474133,-0.021614
-0.180413,0.470747,-0.013892
-0.177053,0.472453,-0.008663
-0.175930,0.468271,-0.001274
-0.174618,0.470015,0.004395
-0.172154,0.469143,0.012572
-0.171368,0.470648,0.020031
-0.167757,0.465606,0.018065
-0.167081,0.467627,0.018178
-0.164833,0.469126,0.017076
-0.165731,0.468982,0.015605
-0.165454,0.468205,0.015661
-0.163945,0.468349,0.015450
-0.160711,0.470475,0.014488
-0.159115,0.468825,0.014818
-0.157038,0.471031,0.016325
-0.158104,0.466686,0.016948
-0.153635,0.469626,0.014835
-0.153996,0.467747,0.016643
-0.151966,0.470393,0.016470
-0.152704,0.468861,0.015164
-0.149882,0.470616,0.017247
-0.148527,0.468821,0.014443
-0.146439,0.468770,0.015839
-0.147784,0.469325,0.016723
-0.145205,0.468104,0.013688
-0.142634,0.467656,0.013976
-0.142245,0.468911,0.014157
-0.142370,0.469138,0.011580
-0.140328,0.468471,0.011508
-0.137908,0.469918,0.011700
-0.135710,0.468920,0.011306
-0.135755,0.469829,0.010365
-0.133670,0.467995,0.011324
-0.133231,0.468751,0.010147
-0.130797,0.469414,0.010143
-0.131151,0.470113,0.009875
-0.128687,0.468572,0.009710
-0.126975,0.469749,0.008404
-0.125074,0.469048,0.009434
-0.125465,0.470740,0.007864
-0.124260,0.468957,0.009733
-0.122050,0.469877,0.009714
-0.119813,0.471044,0.010364
-0.120025,0.470408,0.008763
-0.116562,0.469714,0.009549
-0.116740,0.470318,0.010832
-0.113455,0.468389,0.009320
-0.114014,0.469893,0.010389
-0.111873,0.470354,0.012875
-0.110535,0.467776,0.010387
-0.106762,0.468686,0.011888
-0.105798,0.471240,0.013646
-0.105557,0.469557,0.013052
-0.101944,0.471816,0.013120
-0.101633,0.470754,0.011815
-0.102543,0.470501,0.012604
-0.099282,0.470243,0.014205
-0.101024,0.468392,0.014378
-0.098390,0.467611,0.012588
-0.095799,0.467987,0.015895
-0.096170,0.468765,0.013334
-0.092207,0.469971,0.013587
-0.091682,0.468328,0.016090
-0.090524,0.469030,0.015434
-0.088063,0.469616,0.016008
-0.086197,0.470317,0.017777
-0.087981,0.467360,0.018195
-0.084587,0.470331,0.016869
-0.081797,0.467359,0.020330
-0.080646,0.469769,0.019331
-0.080878,0.468328,0.019188
-0.080198,0.468002,0.017975
-0.078173,0.469365,0.019939
-0.076588,0.467830,0.021126
-0.075623,0.467727,0.020228
-0.073143,0.468599,0.021213
-0.073989,0.469497,0.022507
-0.070831,0.467144,0.020960
-0.068619,0.469510,0.023076
-0.067999,0.467477,0.023838
-0.065331,0.467977,0.024195
-0.065908,0.467785,0.024287
-0.063186,0.469378,0.024155
-0.061462,0.468738,0.025405
-0.060242,0.467541,0.026146
-0.059340,0.468120,0.026068
-0.058239,0.466202,0.028252
-0.056375,0.468646,0.027811
-0.055537,0.465969,0.026395
-0.054257,0.468856,0.028620
-0.052364,0.468163,0.028928
-0.050354,0.468284,0.029596
-0.048966,0.467434,0.027778
-0.048680,0.466739,0.028807
-0.047935,0.467315,0.029807
-0.048179,0.468682,0.030263
-0.043826,0.467203,0.032406
-0.043991,0.467169,0.032933
-0.041970,0.466723,0.029399
-0.039140,0.467117,0.029929
-0.038639,0.466255,0.032759
-0.037763,0.469186,0.030772
-0.036388,0.469589,0.031545
-0.035159,0.469815,0.030955
-0.033202,0.468615,0.031545
-0.032017,0.467160,0.030236
-0.030508,0.467230,0.030278
-0.031152,0.467339,0.029261
-0.028608,0.468438,0.028865
-0.025001,0.466330,0.029617
-0.026293,0.467123,0.026661
-0.022135,0.467863,0.026608
-0.024415,0.466698,0.025123
-0.021008,0.466536,0.027821
-0.021738,0.467927,0.025025
-0.018409,0.466763,0.026316
-0.018324,0.467547,0.024054
-0.014749,0.468651,0.025127
-0.014308,0.470221,0.025321
-0.011990,0.466394,0.023116
-0.013442,0.467802,0.023898
-0.010512,0.468536,0.024653
-0.008749,0.467797,0.024994
-0.007536,0.468296,0.024676
-0.006700,0.468986,0.023190
-0.004832,0.466987,0.023434
-0.003773,0.469294,0.022437
-0.002672,0.468220,0.023822
-0.000841,0.468854,0.024113
-0.001270,0.465860,0.025456
0.002143,0.467435,0.023020
0.003394,0.468628,0.024093
0.004147,0.468397,0.023467
0.004164,0.468118,0.022777
0.006383,0.468890,0.019968
0.008789,0.468033,0.021944
0.012296,0.469810,0.020926
0.012416,0.465745,0.021214
0.014346,0.468859,0.019384
0.014190,0.467649,0.018598
0.014472,0.468809,0.021000
0.015717,0.468499,0.017867
0.018656,0.469890,0.018813
0.019361,0.469387,0.017425
0.019643,0.469869,0.016415
0.021323,0.468997,0.014839
0.023031,0.468471,0.014285
0.024321,0.469668,0.014543
0.026673,0.468761,0.011112
0.027028,0.468805,0.010089
0.029812,0.470834,0.010829
0.030969,0.468623,0.009867
0.030757,0.468932,0.009428
0.032911,0.468674,0.008413
0.036209,0.470688,0.006545
0.037380,0.471276,0.004730
0.038643,0.470042,0.007152
0.040988,0.469042,0.004676
0.038898,0.471006,0.003061
0.043107,0.471628,0.003911
0.043060,0.468578,0.003258
0.045028,0.470289,0.002645
0.046074,0.471489,0.001065
0.047505,0.470726,-0.000305
0.050408,0.471694,-0.000804
0.048967,0.469666,-0.001449
0.052421,0.471172,-0.002551
0.053048,0.469744,-0.004507
0.053366,0.470972,-0.004793
0.056684,0.473879,-0.006111
0.058620,0.472243,-0.006438
0.056192,0.472887,-0.007789
0.060386,0.471839,-0.008571
0.060344,0.471423,-0.008772
0.061328,0.472508,-0.010913
0.064494,0.473074,-0.011340
0.064306,0.472680,-0.012650
0.067613,0.473433,-0.013194
0.069326,0.472200,-0.015347
0.068985,0.472917,-0.016043
0.071034,0.473651,-0.015653
0.071164,0.473072,-0.018225
0.073146,0.473724,-0.019784
0.074805,0.472165,-0.019522
0.077088,0.473011,-0.018623
0.077382,0.474957,-0.020714
0.078798,0.471376,-0.021760
0.080938,0.473211,-0.021261
0.083482,0.472468,-0.023969
0.083565,0.473854,-0.023371
0.086711,0.473111,-0.023632
0.088339,0.471896,-0.025816
0.089155,0.473743,-0.027579
0.089077,0.473408,-0.026095
0.090953,0.473231,-0.026551
0.093008,0.472708,-0.028929
0.094527,0.472939,-0.028054
0.094831,0.473385,-0.028622
0.095743,0.475196,-0.028955
0.097705,0.474558,-0.031502
0.099457,0.474632,-0.030882
0.101148,0.473308,-0.032535
0.102196,0.474248,-0.031509
0.102591,0.474748,-0.032991
0.105367,0.475109,-0.031899
0.108889,0.474618,-0.031552
0.107452,0.476252,-0.030672
0.110031,0.475219,-0.033399
-0.179219,0.472997,-0.011590
-0.178684,0.471646,-0.005295
-0.176590,0.471717,0.002025
-0.172468,0.469656,0.008431
-0.174017,0.471026,0.012446
-0.171756,0.469169,0.013866
-0.167620,0.470966,0.015264
-0.168874,0.470690,0.013763
-0.166480,0.471754,0.014513
-0.166651,0.470607,0.013172
-0.165756,0.470811,0.013438
-0.163036,0.470292,0.014385
-0.161544,0.470091,0.013813
-0.160887,0.469947,0.013014
-0.158998,0.470798,0.015012
-0.159013,0.472352,0.015231
-0.155420,0.470773,0.014809
-0.152773,0.470915,0.014478
-0.154106,0.470237,0.014467
-0.150112,0.470301,0.014252
-0.151833,0.471204,0.015566
-0.148416,0.470781,0.014052
-0.149224,0.471878,0.012955
-0.146521,0.470947,0.011961
-0.144200,0.470695,0.013653
-0.144386,0.471338,0.010771
-0.141478,0.471754,0.012107
-0.140568,0.472062,0.010879
-0.139158,0.469499,0.009437
-0.137816,0.470623,0.011066
-0.137564,0.471016,0.011043
-0.134077,0.469196,0.010164
-0.135079,0.471128,0.010249
-0.134422,0.471181,0.007780
-0.131068,0.472315,0.009815
-0.130492,0.470762,0.007292
-0.128327,0.470861,0.008044
-0.126729,0.472810,0.008237
-0.124771,0.470587,0.005758
-0.123619,0.472060,0.007682
-0.123406,0.470914,0.007588
-0.122594,0.470363,0.007613
-0.121918,0.471110,0.009267
-0.117224,0.470017,0.006401
-0.117725,0.470111,0.006571
-0.117225,0.472655,0.008690
-0.114212,0.472116,0.007114
-0.112989,0.471723,0.010648
-0.110098,0.470903,0.008267
-0.109506,0.470578,0.006493
-0.109382,0.470623,0.009409
-0.108533,0.472428,0.008922
-0.104221,0.470995,0.009614
-0.103743,0.472126,0.009798
-0.103959,0.470476,0.012834
-0.104154,0.471928,0.010121
-0.099655,0.472251,0.011164
-0.097163,0.470647,0.014583
-0.096408,0.470275,0.012009
-0.093268,0.472200,0.014059
-0.093943,0.471140,0.012436
-0.095289,0.471112,0.012493
-0.092323,0.469640,0.013124
-0.091045,0.470519,0.014354
-0.089785,0.471795,0.014985
-0.088032,0.469992,0.015101
-0.087808,0.470962,0.015519
-0.083059,0.468442,0.016551
-0.084677,0.471964,0.017154
-0.082671,0.471157,0.017687
-0.080299,0.470174,0.018078
-0.080476,0.469717,0.019052
-0.079776,0.470003,0.018976
-0.076373,0.469417,0.020185
-0.074142,0.469261,0.019237
-0.072921,0.469395,0.018414
-0.074385,0.469284,0.020238
-0.071549,0.469330,0.020978
-0.069533,0.469709,0.021362
-0.067705,0.468902,0.020738
-0.067709,0.469500,0.023988
-0.065724,0.470029,0.024349
-0.065509,0.469303,0.022794
-0.065109,0.469846,0.024199
-0.060932,0.468645,0.024080
-0.061379,0.467503,0.025552
-0.057983,0.470571,0.026674
-0.057865,0.469486,0.026655
-0.056884,0.469292,0.028301
-0.053159,0.467280,0.026093
-0.051049,0.468018,0.027374
-0.049997,0.468617,0.029783
-0.050218,0.469857,0.028768
-0.047377,0.468698,0.027399
-0.046404,0.470626,0.027368
-0.045033,0.468567,0.029563
-0.042626,0.471055,0.029092
-0.043656,0.470177,0.029843
-0.043179,0.470454,0.028511
-0.040733,0.468464,0.030517
-0.039850,0.468894,0.029801
-0.038033,0.468278,0.028771
-0.036085,0.468607,0.030317
-0.036351,0.467892,0.029362
-0.035399,0.470441,0.028919
-0.032948,0.469025,0.029576
-0.028408,0.469217,0.029224
-0.027011,0.469335,0.028884
-0.029820,0.467762,0.028963
-0.028104,0.468761,0.026532
-0.025367,0.469419,0.028502
-0.025719,0.469885,0.025913
-0.021264,0.469025,0.026757
-0.021562,0.468621,0.024508
-0.021198,0.468588,0.024563
-0.018504,0.470245,0.024967
-0.017374,0.470141,0.024829
-0.016000,0.470274,0.024034
-0.013622,0.469481,0.024133
-0.012683,0.468935,0.023081
-0.012130,0.468501,0.024994
-0.011269,0.468878,0.023296
-0.007655,0.467842,0.023552
-0.008999,0.469327,0.022961
-0.006416,0.469212,0.022884
-0.005294,0.470937,0.023297
-0.004439,0.471492,0.021014
-0.001908,0.469827,0.022330
-0.002248,0.471596,0.021044
-0.002526,0.470475,0.022960
0.001759,0.469020,0.021106
0.002943,0.468865,0.020349
0.005327,0.470131,0.020153
0.005009,0.469659,0.020432
0.006547,0.469498,0.019441
0.008836,0.467842,0.020213
0.010686,0.469739,0.020811
0.010615,0.469512,0.016765
0.013500,0.470702,0.018273
0.015775,0.469633,0.016209
0.016506,0.472502,0.018018
0.017629,0.469372,0.017566
0.016639,0.472715,0.018031
0.020119,0.469664,0.015788
0.021222,0.471462,0.014685
0.022763,0.471803,0.013565
0.022973,0.470790,0.013921
0.026027,0.470704,0.012067
0.025647,0.472129,0.012586
0.027638,0.469999,0.010327
0.027916,0.470804,0.008766
0.030396,0.470204,0.009915
0.029942,0.470917,0.005823
0.033350,0.472677,0.009175
0.035696,0.472871,0.006444
0.035649,0.472365,0.006523
0.039129,0.471787,0.004605
0.041696,0.472718,0.004923
0.039700,0.472980,0.003759
0.042858,0.472821,0.000893
0.041728,0.473565,0.000177
0.043115,0.470571,0.001862
0.045339,0.471990,-0.000721
0.046669,0.473895,-0.000393
0.049872,0.473431,-0.002473
0.048832,0.473457,-0.003714
0.052573,0.471832,-0.006578
0.052342,0.472894,-0.005221
0.055093,0.473437,-0.007304
0.055684,0.474687,-0.007341
0.056122,0.474178,-0.008469
0.058638,0.473950,-0.010096
0.058663,0.473799,-0.011989
0.061985,0.472951,-0.011865
0.061836,0.474817,-0.012140
0.064192,0.474511,-0.013994
0.063895,0.474317,-0.014412
0.065713,0.474784,-0.013148
0.067495,0.472263,-0.015048
0.070624,0.475084,-0.016548
0.070692,0.474840,-0.017391
0.073413,0.475253,-0.018883
0.076038,0.474643,-0.020586
0.075491,0.473977,-0.019311
0.076045,0.474862,-0.021418
0.077014,0.474717,-0.020515
0.079291,0.472611,-0.021882
0.082179,0.474252,-0.021657
0.082617,0.475251,-0.023560
0.084689,0.474968,-0.024415
0.085978,0.475917,-0.025918
0.086339,0.474766,-0.026988
0.089821,0.475276,-0.027720
0.090066,0.474907,-0.026907
0.092346,0.475163,-0.027066
0.091698,0.474110,-0.027982
0.092686,0.475062,-0.028921
0.094454,0.475827,-0.028164
0.098005,0.474658,-0.030445
0.097939,0.478132,-0.029720
0.097937,0.474736,-0.029669
0.100098,0.474623,-0.031039
0.103136,0.475010,-0.033093
0.103353,0.477149,-0.033298
0.104800,0.478587,-0.031642
0.105932,0.477876,-0.033011
0.107900,0.475496,-0.034621
0.108936,0.476694,-0.033374
-0.181131,0.474158,-0.010986
-0.177879,0.473636,-0.004030
-0.176922,0.474426,0.000329
-0.174359,0.473999,0.009374
-0.172939,0.473120,0.014669
-0.170081,0.472804,0.015201
-0.168762,0.472709,0.010952
-0.167383,0.471196,0.012016
-0.168163,0.473641,0.013859
-0.164898,0.471963,0.012442
-0.165598,0.471921,0.013980
-0.161811,0.470364,0.011824
-0.159566,0.472614,0.011978
-0.160411,0.472519,0.010662
-0.158829,0.471927,0.013212
-0.155876,0.471579,0.014211
-0.157116,0.473039,0.012117
-0.155217,0.472909,0.012001
-0.152278,0.471578,0.013692
-0.151730,0.472655,0.012119
-0.149536,0.474118,0.013595
-0.148163,0.471293,0.011461
-0.146702,0.472211,0.012322
-0.147371,0.473743,0.009774
-0.142917,0.471833,0.010887
-0.141934,0.470567,0.010425
-0.141476,0.474592,0.010272
-0.141198,0.473479,0.009293
-0.138908,0.472882,0.011560
-0.138607,0.472028,0.008034
-0.137409,0.473412,0.008902
-0.135614,0.473803,0.009076
-0.132908,0.473706,0.011263
-0.133029,0.471178,0.007235
-0.131434,0.474096,0.007335
-0.129881,0.473413,0.006299
-0.128687,0.473006,0.004066
-0.127515,0.474627,0.004720
-0.126184,0.473406,0.006650
-0.123383,0.473560,0.005790
-0.123234,0.472892,0.006890
-0.122486,0.473237,0.007152
-0.119492,0.474324,0.004779
-0.118852,0.472609,0.005576
-0.117958,0.472604,0.006230
-0.114309,0.473642,0.004548
-0.115170,0.472867,0.007213
-0.112260,0.473444,0.007024
-0.110338,0.474207,0.007564
-0.110412,0.473126,0.007196
-0.109435,0.474196,0.006392
-0.107495,0.470996,0.007495
-0.105957,0.474220,0.006986
-0.105052,0.472632,0.009584
-0.103913,0.472859,0.009721
-0.100910,0.473154,0.008474
-0.101987,0.473955,0.009935
-0.100252,0.472756,0.010091
-0.098427,0.473416,0.008630
-0.094936,0.471800,0.012017
-0.096474,0.473214,0.011239
-0.094835,0.473633,0.010742
-0.092284,0.470194,0.011216
-0.091713,0.473319,0.012528
-0.088239,0.473298,0.012437
-0.086712,0.472343,0.012223
-0.086539,0.472065,0.014018
-0.084352,0.472011,0.014246
-0.083771,0.471095,0.016693
-0.083253,0.472359,0.016742
-0.081509,0.471090,0.016472
-0.079178,0.470556,0.014865
-0.078252,0.471173,0.017125
-0.075410,0.472834,0.016750
-0.075378,0.471339,0.019934
-0.075366,0.469040,0.020127
-0.072054,0.472110,0.019424
-0.072953,0.470797,0.020691
-0.070006,0.471964,0.020870
-0.068881,0.471895,0.022409
-0.069111,0.473443,0.021174
-0.066726,0.471353,0.021498
-0.063602,0.470853,0.021489
-0.063057,0.470135,0.022327
-0.060056,0.468483,0.024766
-0.060671,0.471745,0.024316
-0.058363,0.471919,0.025800
-0.056719,0.471573,0.025778
-0.056034,0.471007,0.026702
-0.053755,0.471730,0.026329
-0.053087,0.470560,0.029490
-0.052693,0.470227,0.027049
-0.049429,0.470323,0.027458
-0.047768,0.470585,0.030598
-0.049537,0.469298,0.029039
-0.045409,0.471787,0.028280
-0.046491,0.471707,0.028303
-0.044113,0.471733,0.028764
-0.043264,0.471993,0.029996
-0.040870,0.470691,0.030214
-0.040176,0.470843,0.031370
-0.039429,0.469432,0.030019
-0.036622,0.470616,0.029317
-0.035946,0.470909,0.029452
-0.032156,0.471038,0.029084
-0.032944,0.469412,0.026794
-0.029720,0.471508,0.027168
-0.030266,0.470605,0.029058
-0.028940,0.471090,0.028332
-0.027284,0.471006,0.029075
-0.025696,0.470400,0.029988
-0.022822,0.471480,0.025971
-0.022436,0.473136,0.026411
-0.020428,0.471518,0.025283
-0.019418,0.471199,0.024114
-0.019545,0.472104,0.024523
-0.016797,0.470730,0.023539
-0.016959,0.473052,0.023155
-0.015365,0.472230,0.023479
-0.014575,0.473144,0.022448
-0.013514,0.470548,0.022245
-0.009922,0.470947,0.021902
-0.010779,0.470611,0.020961
-0.009505,0.471328,0.024040
-0.005432,0.469990,0.024831
-0.004637,0.471039,0.021618
-0.001764,0.471649,0.024186
-0.001413,0.470583,0.022661
-0.001956,0.471259,0.022245
0.001648,0.471453,0.022432
0.000944,0.472323,0.022551
0.004698,0.471265,0.020740
0.004478,0.471582,0.018636
0.005178,0.470467,0.019004
0.007506,0.471998,0.019028
0.009453,0.473359,0.019863
0.009765,0.472840,0.019336
0.011297,0.471823,0.021601
0.012284,0.472546,0.017921
0.013807,0.473265,0.017661
0.015440,0.471744,0.016930
0.016853,0.471251,0.015182
0.017877,0.471819,0.014340
0.018360,0.472521,0.013899
0.020686,0.473592,0.014066
0.022590,0.472763,0.012239
0.023450,0.473111,0.011787
0.025375,0.472691,0.010670
0.026823,0.472046,0.010412
0.027695,0.474872,0.010330
0.029793,0.470804,0.012909
0.029201,0.474749,0.008740
0.032058,0.472716,0.008365
0.034849,0.473091,0.006600
0.034389,0.473346,0.006132
0.035281,0.473433,0.006110
0.037872,0.473099,0.003748
0.038728,0.472037,0.003164
0.040424,0.473000,-0.000084
0.041643,0.472230,0.001372
0.043053,0.474555,-0.000473
0.046024,0.476273,-0.000689
0.045138,0.474807,-0.001818
0.046783,0.473528,-0.004676
0.050105,0.473625,-0.003162
0.052193,0.474354,-0.005373
0.050279,0.474809,-0.003513
0.051524,0.474393,-0.006388
0.053853,0.475711,-0.007009
0.054957,0.472187,-0.009561
0.056456,0.473994,-0.010189
0.060416,0.474466,-0.011252
0.059076,0.474236,-0.011391
0.061280,0.477003,-0.012670
0.062293,0.474845,-0.013562
0.064555,0.476647,-0.014768
0.066573,0.476892,-0.017250
0.067813,0.478540,-0.014940
0.068106,0.475420,-0.016965
0.069936,0.475797,-0.018165
0.069941,0.476229,-0.018795
0.073876,0.475457,-0.020470
0.073447,0.478235,-0.018918
0.074973,0.477528,-0.021675
0.076551,0.475283,-0.021835
0.077790,0.476149,-0.021768
0.079975,0.475957,-0.023738
0.080773,0.477444,-0.024135
0.082536,0.478123,-0.026007
0.084359,0.474569,-0.025429
0.086388,0.476342,-0.025978
0.087577,0.475767,-0.026428
0.088082,0.476747,-0.028022
0.088169,0.475459,-0.026463
0.089925,0.477054,-0.028515
0.092435,0.478186,-0.030194
0.093155,0.477755,-0.028013
0.094501,0.478851,-0.031079
0.096051,0.478282,-0.030085
0.098289,0.477166,-0.030597
0.098468,0.477717,-0.032345
0.102100,0.475403,-0.030610
0.102034,0.479269,-0.032147
0.105507,0.477447,-0.032732
0.106311,0.477500,-0.033592
0.106933,0.475454,-0.034138
0.107061,0.478789,-0.034110
0.110202,0.476312,-0.034553
-0.179679,0.478011,-0.009727
-0.177159,0.475372,-0.003880
-0.176179,0.477009,0.005466
-0.173707,0.473455,0.009958
-0.173272,0.472904,0.012634
-0.171316,0.473887,0.010827
-0.169006,0.474274,0.011856
-0.169837,0.476038,0.010955
-0.164183,0.473064,0.010294
-0.166553,0.475211,0.010874
-0.165998,0.472794,0.010508
-0.164058,0.474465,0.010415
-0.158780,0.473734,0.009336
-0.159241,0.473133,0.009707
-0.158263,0.474387,0.007809
-0.157066,0.474339,0.008721
-0.155774,0.474796,0.010104
-0.154054,0.473513,0.012183
-0.153271,0.475067,0.011611
-0.152297,0.475157,0.011083
-0.149425,0.475459,0.009969
-0.150438,0.476279,0.009716
-0.146749,0.472724,0.009895
-0.146021,0.475596,0.009671
-0.146508,0.474702,0.008567
-0.143404,0.475470,0.008408
-0.141498,0.475023,0.007189
-0.141527,0.475009,0.006414
-0.138907,0.474787,0.008074
-0.138194,0.475777,0.006556
-0.136214,0.473009,0.007054
-0.133910,0.474889,0.005726
-0.135249,0.476175,0.005136
-0.132863,0.476183,0.004878
-0.132425,0.475344,0.004853
-0.129852,0.474944,0.003004
-0.129680,0.476688,0.004183
-0.126004,0.477882,0.004134
-0.125398,0.476782,0.001910
-0.125351,0.474267,0.002838
-0.122139,0.476165,0.003059
-0.120464,0.475832,0.003424
-0.121707,0.473428,0.000903
-0.120062,0.475731,0.003622
-0.115950,0.476564,0.003071
-0.116358,0.476141,0.004896
-0.115024,0.476304,0.004354
-0.114749,0.473968,0.003164
-0.112417,0.474218,0.003488
-0.111650,0.475664,0.005472
-0.109391,0.474262,0.007491
-0.106229,0.474184,0.005850
-0.107122,0.476220,0.006843
-0.104724,0.474729,0.007016
-0.103840,0.475085,0.006438
-0.101856,0.473857,0.006597
-0.100958,0.474283,0.007047
-0.098440,0.474556,0.007890
-0.099652,0.476477,0.007633
-0.098369,0.474964,0.009304
-0.093671,0.476145,0.009326
-0.093520,0.473770,0.010143
-0.093944,0.473735,0.012348
-0.091107,0.474708,0.011434
-0.088950,0.473240,0.011907
-0.089015,0.473852,0.013541
-0.086805,0.474804,0.013340
-0.086058,0.475730,0.014992
-0.082676,0.475066,0.011982
-0.082119,0.473331,0.013131
-0.080547,0.472348,0.015234
-0.079624,0.473416,0.015316
-0.077828,0.474723,0.017041
-0.076534,0.473502,0.018967
-0.074059,0.475015,0.018966
-0.074702,0.471061,0.018911
-0.072621,0.474953,0.018377
-0.071190,0.473029,0.020201
-0.068194,0.473335,0.019367
-0.067050,0.474148,0.021284
-0.067563,0.472774,0.022357
-0.065702,0.474256,0.023685
-0.063914,0.471308,0.022903
-0.062743,0.471122,0.025114
-0.060300,0.472698,0.024551
-0.059089,0.471545,0.025916
-0.058775,0.471972,0.023493
-0.057349,0.472869,0.026962
-0.055294,0.473455,0.026152
-0.055092,0.472538,0.026864
-0.052362,0.473813,0.027008
-0.051362,0.472257,0.027426
-0.049825,0.472488,0.028236
-0.050044,0.471810,0.028442
-0.046473,0.471144,0.027886
-0.046386,0.472979,0.028446
-0.045528,0.472788,0.029021
-0.043859,0.471254,0.030018
-0.043092,0.470948,0.029206
-0.038765,0.471296,0.030244
-0.037392,0.471937,0.029430
-0.037445,0.470012,0.029343
-0.037173,0.471834,0.030756
-0.034249,0.472276,0.027165
-0.032620,0.472858,0.028924
-0.031204,0.472349,0.028529
-0.031880,0.470024,0.029035
-0.029508,0.471462,0.030047
-0.028040,0.474088,0.027121
-0.026336,0.471428,0.028830
-0.024809,0.471917,0.028871
-0.023405,0.471756,0.026738
-0.022027,0.471579,0.026294
-0.021497,0.472066,0.025336
-0.019570,0.472404,0.026142
-0.019312,0.472350,0.026207
-0.015968,0.471869,0.025590
-0.016856,0.473039,0.023657
-0.014718,0.472515,0.023097
-0.013275,0.471870,0.022289
-0.012019,0.473370,0.022954
-0.011061,0.473381,0.022334
-0.008600,0.473490,0.021579
-0.007944,0.471738,0.020068
-0.006586,0.473385,0.022385
-0.008017,0.472367,0.021060
-0.004351,0.474916,0.023199
-0.002355,0.473370,0.022317
-0.000752,0.471149,0.022998
0.001089,0.473258,0.021689
0.002534,0.474705,0.020149
0.001991,0.472528,0.021500
0.005558,0.472971,0.018434
0.006221,0.473956,0.019139
0.007630,0.473648,0.019766
0.009152,0.472910,0.018773
0.009940,0.473962,0.018708
0.011698,0.473826,0.017798
0.012580,0.473477,0.017278
0.014376,0.474615,0.015439
0.016342,0.473914,0.015629
0.017179,0.474322,0.014361
0.017113,0.475016,0.014914
0.017690,0.473932,0.011514
0.020576,0.475107,0.012549
0.023419,0.474260,0.012835
0.023783,0.473017,0.010003
0.026229,0.473074,0.008990
0.028271,0.473562,0.010234
0.028387,0.474202,0.007938
0.031208,0.474410,0.006866
0.030538,0.474217,0.007576
0.032898,0.474441,0.005212
0.036144,0.474336,0.004562
0.034446,0.475917,0.005406
0.036322,0.474487,0.003244
0.037599,0.473914,0.002292
0.040914,0.475555,0.001478
0.040850,0.475841,0.000332
0.042492,0.475422,-0.000277
0.043098,0.477591,-0.000366
0.044617,0.475821,-0.001148
0.046641,0.478014,-0.003245
0.049200,0.475796,-0.002941
0.048270,0.475855,-0.005616
0.049965,0.475626,-0.004417
0.052153,0.477291,-0.007308
0.054141,0.476524,-0.007874
0.052542,0.476908,-0.008719
0.055647,0.477646,-0.010118
0.057777,0.476473,-0.010166
0.060237,0.477750,-0.010887
0.061144,0.478292,-0.012647
0.061899,0.478812,-0.013570
0.063958,0.479369,-0.012583
0.064026,0.477198,-0.016305
0.064734,0.478120,-0.015339
0.066769,0.476580,-0.016158
0.068790,0.476290,-0.017121
0.068439,0.476054,-0.018077
0.072554,0.478711,-0.022038
0.074108,0.477046,-0.021644
0.072698,0.478745,-0.018630
0.076540,0.476732,-0.021228
0.076037,0.478004,-0.022116
0.078657,0.476918,-0.021603
0.080230,0.478464,-0.023210
0.081560,0.479344,-0.025954
0.083456,0.478155,-0.025026
0.083354,0.478904,-0.027130
0.083775,0.478202,-0.028053
0.088029,0.479285,-0.029004
0.088168,0.478950,-0.027529
0.090428,0.479762,-0.029258
0.092626,0.480430,-0.030339
0.092349,0.478687,-0.029192
0.094982,0.479857,-0.030743
0.093664,0.477744,-0.031157
0.097315,0.480734,-0.030616
0.097604,0.477919,-0.031330
0.101195,0.478457,-0.030909
0.099779,0.479025,-0.032123
0.101958,0.477937,-0.032004
0.104518,0.479578,-0.033963
0.104801,0.480424,-0.035965
0.105883,0.480643,-0.034616
0.108735,0.479715,-0.033404
0.109725,0.479974,-0.035125
-0.180271,0.476823,-0.008879
-0.179305,0.478280,-0.002750
-0.174921,0.475322,0.004784
-0.170968,0.475850,0.009145
-0.172531,0.475137,0.011017
-0.171334,0.475779,0.009193
-0.169102,0.477427,0.008479
-0.168687,0.474892,0.008397
-0.168090,0.475528,0.009691
-0.164367,0.476833,0.008311
-0.163723,0.476571,0.009650
-0.163684,0.475681,0.008964
-0.161217,0.477008,0.008750
-0.160825,0.474692,0.008493
-0.158675,0.475464,0.008839
-0.158436,0.475873,0.007828
-0.156651,0.475246,0.008747
-0.155118,0.476816,0.009583
-0.154301,0.476144,0.008772
-0.150109,0.476029,0.010296
-0.150798,0.476792,0.007739
-0.149620,0.476519,0.006826
-0.147850,0.476004,0.007179
-0.146431,0.478700,0.006582
-0.145131,0.476151,0.007450
-0.144836,0.477324,0.004794
-0.141603,0.477423,0.005134
-0.140247,0.476237,0.004575
-0.140155,0.476943,0.004842
-0.140147,0.477289,0.004886
-0.137244,0.476042,0.007659
-0.134373,0.477015,0.004888
-0.133648,0.475864,0.004085
-0.133511,0.476566,0.001636
-0.130812,0.476111,0.003459
-0.131363,0.477860,0.001020
-0.129255,0.476326,0.001370
-0.126903,0.477178,0.002941
-0.126287,0.478537,0.000043
-0.124263,0.479066,0.002028
-0.123332,0.477752,0.000995
-0.121560,0.477393,0.000553
-0.120036,0.475881,0.000933
-0.119823,0.476371,0.003264
-0.118896,0.476872,0.000105
-0.117231,0.476729,0.003135
-0.116011,0.476010,0.001420
-0.115059,0.477932,0.002135
-0.113733,0.478354,0.003084
-0.109202,0.477161,0.002713
-0.109145,0.480521,0.003073
-0.108267,0.476641,0.004956
-0.106748,0.476541,0.003866
-0.105060,0.476202,0.003714
-0.103608,0.474412,0.005612
-0.101285,0.474872,0.006016
-0.100748,0.476385,0.007448
-0.099068,0.477213,0.007889
-0.098529,0.474921,0.006929
-0.095110,0.475566,0.009770
-0.094366,0.475861,0.008757
-0.094079,0.476403,0.010267
-0.092184,0.477344,0.011130
-0.091494,0.477710,0.010495
-0.088191,0.474858,0.011957
-0.089388,0.477030,0.013521
-0.088274,0.473027,0.011472
-0.086591,0.477331,0.012210
-0.085506,0.474946,0.015921
-0.083493,0.475217,0.015459
-0.079556,0.475556,0.015295
-0.080191,0.476589,0.014849
-0.078381,0.475973,0.018046
-0.076882,0.474426,0.019084
-0.075399,0.473686,0.017813
-0.073563,0.477453,0.019751
-0.071664,0.475529,0.021312
-0.071352,0.476082,0.021873
-0.068210,0.474324,0.022273
-0.069096,0.474611,0.022943
-0.068041,0.476392,0.021482
-0.064897,0.476143,0.021652
-0.065754,0.474223,0.023908
-0.064064,0.475734,0.022726
-0.062347,0.473827,0.023527
-0.060800,0.473816,0.023663
-0.057192,0.474794,0.023190
-0.056709,0.473255,0.023742
-0.055996,0.475502,0.027067
-0.055313,0.474010,0.027089
-0.053610,0.474570,0.028676
-0.050979,0.473325,0.027284
-0.050066,0.474510,0.027759
-0.050504,0.473263,0.030175
-0.045909,0.473625,0.029426
-0.045233,0.472786,0.029727
-0.044938,0.474080,0.029657
-0.044009,0.472631,0.029512
-0.042553,0.473147,0.030240
-0.042433,0.472329,0.029702
-0.040571,0.473572,0.030272
-0.036466,0.473345,0.029613
-0.036277,0.475029,0.029203
-0.034978,0.472947,0.027859
-0.032955,0.473525,0.029338
-0.033217,0.473332,0.028747
-0.030580,0.472885,0.029699
-0.029289,0.474703,0.028206
-0.027193,0.473655,0.028212
-0.027238,0.474061,0.027217
-0.026254,0.473497,0.026433
-0.023326,0.473137,0.024739
-0.021868,0.475514,0.024898
-0.020794,0.473013,0.024503
-0.022684,0.475897,0.024535
-0.018438,0.472136,0.023752
-0.018241,0.473186,0.022847
-0.015734,0.475241,0.023383
-0.013852,0.473528,0.021042
-0.013199,0.474880,0.023515
-0.011721,0.474530,0.020989
-0.010121,0.473993,0.023632
-0.008933,0.476668,0.022192
-0.008634,0.474888,0.020858
-0.006015,0.475072,0.020919
-0.004243,0.475472,0.021823
-0.004740,0.474235,0.019572
-0.001788,0.476996,0.022129
-0.000368,0.473839,0.021305
0.001070,0.473529,0.019211
0.002384,0.476571,0.022784
0.003023,0.474846,0.020688
0.005987,0.473690,0.020300
0.005735,0.475012,0.018335
0.006786,0.473788,0.018608
0.007868,0.474904,0.020424
0.010807,0.475211,0.019498
0.010207,0.474703,0.014228
0.014025,0.473748,0.016211
0.014549,0.474825,0.014643
0.016069,0.475571,0.014600
0.018312,0.475053,0.014688
0.020025,0.473336,0.012573
0.018837,0.477301,0.014253
0.022592,0.474904,0.010658
0.021713,0.476712,0.011040
0.024499,0.476690,0.009180
0.025516,0.477722,0.010362
0.025800,0.475076,0.009871
0.027006,0.474812,0.008224
0.028146,0.476233,0.006039
0.031626,0.477116,0.005878
0.031679,0.476932,0.006198
0.033085,0.476045,0.003282
0.033895,0.477473,0.002605
0.035800,0.477127,0.002905
0.038635,0.476636,0.000488
0.039580,0.476606,-0.000718
0.040690,0.478385,-0.000013
0.041579,0.477082,-0.000820
0.043926,0.477139,-0.001748
0.043866,0.478146,-0.004266
0.045249,0.479614,-0.003719
0.048733,0.477129,-0.005670
0.049670,0.478374,-0.005897
0.049763,0.476989,-0.007773
0.050964,0.477199,-0.009400
0.052980,0.476489,-0.009695
0.054370,0.480134,-0.008988
0.057066,0.476868,-0.010638
0.055750,0.481045,-0.014036
0.059755,0.477934,-0.011930
0.058749,0.477641,-0.013775
0.061117,0.476509,-0.014321
0.063551,0.480302,-0.015616
0.065237,0.480207,-0.018289
0.065340,0.480153,-0.016937
0.067108,0.480450,-0.017970
0.069978,0.480734,-0.019926
0.070426,0.480527,-0.019063
0.071707,0.480579,-0.020481
0.073027,0.480927,-0.020565
0.072695,0.478565,-0.021911
0.076294,0.481461,-0.024347
0.076003,0.481318,-0.022305
0.078877,0.478818,-0.023715
0.080730,0.478063,-0.024927
0.080710,0.480377,-0.025613
0.082295,0.480809,-0.026271
0.084016,0.479048,-0.025959
0.087993,0.478241,-0.027758
0.086611,0.479301,-0.027847
0.088763,0.480800,-0.028755
0.087949,0.479096,-0.029959
0.090911,0.480940,-0.029932
0.093254,0.482123,-0.029331
0.093409,0.480715,-0.030858
0.097884,0.480585,-0.030612
0.094074,0.478740,-0.032252
0.098640,0.480709,-0.031927
0.100997,0.480317,-0.033330
0.100785,0.481034,-0.033003
0.102073,0.481131,-0.033442
0.103330,0.478982,-0.033949
0.105303,0.480911,-0.034859
0.106674,0.482327,-0.034249
0.108373,0.480830,-0.035176
-0.176761,0.480366,-0.006160
-0.174874,0.479530,-0.006091
-0.173105,0.479608,-0.000968
-0.172561,0.478400,0.001743
-0.170520,0.476779,0.007603
-0.169398,0.479467,0.007995
-0.168139,0.478342,0.006760
-0.166938,0.478022,0.008272
-0.166055,0.476184,0.006881
-0.164640,0.478290,0.006803
-0.162846,0.476676,0.005255
-0.161202,0.477846,0.005383
-0.158385,0.477229,0.004436
-0.158495,0.478007,0.005241
-0.158543,0.479895,0.006951
-0.154379,0.477253,0.005918
-0.153381,0.477925,0.006600
-0.149555,0.477563,0.004356
-0.149535,0.477755,0.000969
-0.149927,0.478469,0.004536
-0.148721,0.477399,0.004616
-0.146077,0.479632,0.002536
-0.145989,0.479152,0.000125
-0.144818,0.477347,0.003882
-0.142701,0.478215,0.001694
-0.141962,0.478699,0.002491
-0.139175,0.479211,0.003292
-0.137741,0.477727,0.001770
-0.136826,0.478681,0.001772
-0.136334,0.479290,-0.000043
-0.133737,0.478729,-0.000845
-0.132982,0.479227,0.000681
-0.131760,0.477202,-0.002235
-0.130034,0.478725,-0.001979
-0.129753,0.477699,-0.000551
-0.128916,0.477636,-0.002172
-0.125863,0.478156,-0.000634
-0.127529,0.479256,-0.000566
-0.124111,0.478831,-0.000795
-0.122156,0.477811,-0.001824
-0.119944,0.476289,-0.001542
-0.120375,0.477391,0.000567
-0.117563,0.480876,-0.000645
-0.116879,0.478634,-0.000206
-0.115782,0.479242,-0.000812
-0.113530,0.477379,0.000899
-0.113565,0.479352,-0.000406
-0.111673,0.478411,0.000560
-0.108642,0.478274,0.003869
-0.108631,0.477966,0.003959
-0.106592,0.479421,0.002694
-0.103375,0.477535,0.005470
-0.104925,0.477595,0.004597
-0.101645,0.477059,0.005878
-0.101857,0.479143,0.006292
-0.099152,0.474812,0.007173
-0.098492,0.478550,0.006914
-0.093986,0.479778,0.007896
-0.096666,0.476006,0.008807
-0.091941,0.477044,0.009662
-0.093447,0.479182,0.008806
-0.091467,0.479432,0.010566
-0.092407,0.479399,0.011281
-0.088121,0.477019,0.010587
-0.088536,0.478582,0.013936
-0.085265,0.478051,0.011899
-0.082908,0.476387,0.014252
-0.081954,0.477755,0.013758
-0.082623,0.477428,0.014247
-0.080533,0.476199,0.014456
-0.078007,0.475756,0.016305
-0.074454,0.476937,0.016815
-0.075117,0.477966,0.016808
-0.074655,0.477006,0.017635
-0.072831,0.475477,0.019361
-0.073383,0.476471,0.018684
-0.068870,0.478537,0.020293
-0.069035,0.478478,0.020287
-0.065944,0.477324,0.021121
-0.064735,0.474977,0.020381
-0.063465,0.476592,0.022997
-0.063351,0.477073,0.022485
-0.060981,0.474565,0.023105
-0.059397,0.476701,0.025229
-0.058599,0.473175,0.024235
-0.056037,0.475682,0.024751
-0.055500,0.475401,0.024506
-0.053198,0.477205,0.025021
-0.052572,0.475606,0.025883
-0.052503,0.475944,0.026359
-0.050454,0.475167,0.027255
-0.049204,0.476215,0.027452
-0.047326,0.474225,0.028759
-0.047096,0.476520,0.028907
-0.046590,0.474285,0.030013
-0.044260,0.473755,0.028627
-0.041668,0.475241,0.030087
-0.041021,0.474980,0.029316
-0.040395,0.474842,0.030573
-0.038126,0.476011,0.027798
-0.036542,0.475132,0.029460
-0.035147,0.474422,0.029232
-0.034843,0.476811,0.028865
-0.032084,0.476490,0.027555
-0.031024,0.472121,0.028377
-0.031682,0.475033,0.028204
-0.030270,0.475100,0.026866
-0.027166,0.475878,0.027724
-0.024819,0.475211,0.027256
-0.024587,0.475118,0.025158
-0.024419,0.477365,0.025749
-0.022527,0.476076,0.025196
-0.020633,0.475316,0.023513
-0.018741,0.475422,0.025207
-0.017469,0.476385,0.023722
-0.016452,0.476159,0.024267
-0.015609,0.475845,0.023167
-0.013609,0.475859,0.021816
-0.012209,0.476414,0.023744
-0.010605,0.475861,0.022246
-0.007362,0.475760,0.023946
-0.007201,0.475277,0.022196
-0.007071,0.475538,0.020989
-0.006061,0.477899,0.022490
-0.003206,0.475311,0.021973
-0.002231,0.478013,0.021385
-0.001733,0.475817,0.021235
-0.000399,0.476390,0.021326
0.000330,0.474486,0.021004
0.003485,0.475320,0.020575
0.003612,0.475321,0.018588
0.007636,0.476424,0.020100
0.006938,0.477529,0.016675
0.007640,0.477162,0.018840
0.008832,0.475715,0.017843
0.009511,0.475860,0.016208
0.014747,0.477463,0.014973
0.015311,0.478402,0.015236
0.013923,0.476814,0.012032
0.016991,0.478066,0.013612
0.017588,0.477632,0.011297
0.021314,0.477470,0.011379
0.019618,0.479572,0.012921
0.023074,0.476941,0.008192
0.023060,0.478801,0.009106
0.025758,0.475772,0.007841
0.027511,0.479245,0.008677
0.026740,0.478161,0.007668
0.029371,0.477924,0.005747
0.030972,0.478852,0.004520
0.029003,0.478768,0.000749
0.033703,0.478742,0.002106
0.033019,0.479088,0.001804
0.036120,0.478883,0.001339
0.036493,0.479525,0.000309
0.040330,0.478846,-0.002661
0.039993,0.477224,-0.001793
0.040986,0.480047,0.000400
0.043862,0.480904,-0.005034
0.043346,0.479288,-0.006507
0.047589,0.477682,-0.006216
0.047797,0.480203,-0.006653
0.047197,0.478500,-0.006497
0.052022,0.479798,-0.007624
0.052274,0.479711,-0.008952
0.054143,0.479686,-0.010294
0.055430,0.479345,-0.012676
0.054716,0.481069,-0.011695
0.057135,0.480221,-0.013235
0.058830,0.481453,-0.013716
0.060025,0.481854,-0.014898
0.060759,0.479663,-0.017218
0.063352,0.480416,-0.018192
0.064369,0.480366,-0.019285
0.065555,0.480914,-0.018305
0.068143,0.480913,-0.020128
0.068807,0.480380,-0.019156
0.069508,0.481636,-0.019484
0.071237,0.480462,-0.018943
0.073973,0.483045,-0.024157
0.074773,0.482818,-0.023212
0.075592,0.482163,-0.021456
0.074382,0.480980,-0.023896
0.077208,0.483667,-0.023966
0.078969,0.481117,-0.025446
0.081016,0.482144,-0.027051
0.082401,0.481364,-0.026930
0.083643,0.481885,-0.027136
0.085308,0.481138,-0.029258
0.087009,0.482895,-0.027078
0.088966,0.482053,-0.029189
0.089221,0.482812,-0.028878
0.093834,0.481919,-0.030328
0.091829,0.482211,-0.032533
0.095651,0.483926,-0.031843
0.095163,0.482210,-0.031455
0.095802,0.483398,-0.031632
0.098613,0.484235,-0.031068
0.099328,0.482582,-0.032596
0.102403,0.481614,-0.033271
0.103143,0.482133,-0.034836
0.104841,0.482135,-0.035506
0.104773,0.483018,-0.033882
0.106595,0.483219,-0.034488
0.108022,0.482153,-0.036320
-0.166756,0.480305,-0.006382
-0.162358,0.478519,0.004393
-0.162687,0.479077,0.002010
-0.160533,0.478752,0.004194
-0.159540,0.478015,0.004217
-0.156558,0.479187,0.004235
-0.156496,0.481956,0.003491
-0.154757,0.481069,0.002619
-0.155566,0.481051,0.003320
-0.152103,0.480499,0.002686
-0.151452,0.481178,-0.000134
-0.149163,0.480777,0.000926
-0.149367,0.481828,0.001682
-0.146017,0.479682,-0.001015
-0.146812,0.480164,-0.001089
-0.145770,0.478805,-0.001857
-0.142374,0.479789,-0.000007
-0.142425,0.481281,-0.001837
-0.141025,0.481178,-0.002006
-0.139725,0.481988,-0.003527
-0.136964,0.480688,-0.001892
-0.135741,0.479501,-0.000088
-0.133351,0.480723,-0.002628
-0.132224,0.481963,-0.003216
-0.132833,0.481310,-0.003388
-0.129436,0.480080,-0.003945
-0.130716,0.481219,-0.002888
-0.127780,0.482468,-0.002700
-0.127319,0.484361,-0.005052
-0.124298,0.479433,-0.003123
-0.125449,0.480387,-0.005285
-0.122065,0.481340,-0.003155
-0.121416,0.481700,-0.001940
-0.118745,0.479618,-0.000280
-0.117453,0.480263,-0.001480
-0.116565,0.481280,-0.002482
-0.115891,0.483039,-0.002461
-0.117363,0.480505,-0.001447
-0.114127,0.480295,-0.000137
-0.109874,0.481160,-0.002140
-0.108284,0.480696,-0.000425
-0.106771,0.481249,0.001258
-0.106791,0.481514,0.001555
-0.106552,0.481040,0.003237
-0.103472,0.479776,0.003224
-0.101176,0.480475,0.006586
-0.100154,0.478579,0.005279
-0.098828,0.480248,0.006944
-0.099212,0.480448,0.006807
-0.096835,0.481215,0.008362
-0.095029,0.478269,0.006171
-0.094402,0.478619,0.007116
-0.090963,0.480394,0.010141
-0.090191,0.478039,0.009391
-0.089420,0.479181,0.010889
-0.089705,0.480123,0.009612
-0.086751,0.478654,0.011463
-0.085906,0.480186,0.011889
-0.082921,0.480958,0.013286
-0.083447,0.476519,0.012406
-0.080260,0.479310,0.013568
-0.079558,0.479786,0.014735
-0.078780,0.478045,0.015111
-0.076795,0.479472,0.016687
-0.075544,0.476400,0.017136
-0.074468,0.478986,0.015784
-0.073502,0.479058,0.019025
-0.071848,0.478608,0.019342
-0.069375,0.478731,0.020215
-0.069186,0.477151,0.020880
-0.068345,0.477714,0.020160
-0.064397,0.477088,0.022561
-0.065877,0.477782,0.023028
-0.062472,0.477417,0.023064
-0.061778,0.478031,0.022320
-0.060310,0.478286,0.023567
-0.060686,0.479111,0.025326
-0.057390,0.478406,0.025941
-0.055918,0.476852,0.025552
-0.055527,0.477419,0.027137
-0.054190,0.476514,0.026011
-0.049988,0.475292,0.027193
-0.050142,0.476503,0.027588
-0.049320,0.475703,0.027630
-0.047462,0.477103,0.027537
-0.045822,0.477342,0.028388
-0.044352,0.477632,0.029209
-0.042408,0.475466,0.029861
-0.042327,0.477509,0.029354
-0.041166,0.475234,0.031750
-0.038979,0.474835,0.029061
-0.036433,0.477073,0.029906
-0.036420,0.478302,0.029167
-0.034310,0.474926,0.029488
-0.035611,0.478376,0.029037
-0.032568,0.477464,0.027737
-0.030553,0.476794,0.029903
-0.028684,0.476654,0.027734
-0.029696,0.477059,0.028269
-0.027504,0.478837,0.026880
-0.025519,0.476374,0.027586
-0.023107,0.477604,0.025367
-0.024659,0.478362,0.026606
-0.023566,0.477696,0.023999
-0.020858,0.477454,0.022074
-0.018257,0.478639,0.024396
-0.017247,0.477403,0.022824
-0.014835,0.477303,0.022730
-0.013899,0.478507,0.022637
-0.013451,0.477417,0.024260
-0.011962,0.477241,0.022167
-0.010174,0.478300,0.022030
-0.009183,0.474504,0.022326
-0.007509,0.477574,0.023912
-0.005000,0.477394,0.020603
-0.004181,0.478573,0.022651
-0.003378,0.478598,0.020781
-0.004068,0.477753,0.021856
-0.001464,0.476633,0.021958
0.000073,0.476846,0.017449
0.002618,0.478323,0.018308
0.004291,0.476497,0.017022
0.003601,0.478647,0.019580
0.005609,0.477277,0.018473
0.007129,0.478562,0.019512
0.009358,0.477456,0.019091
0.010271,0.478432,0.017450
0.009768,0.477285,0.016745
0.014717,0.477320,0.016339
0.014853,0.479087,0.013291
0.015213,0.479504,0.014141
0.017635,0.479764,0.011593
0.019172,0.477743,0.011755
0.017998,0.478685,0.010675
0.019748,0.480144,0.010744
0.023262,0.479274,0.008470
0.024660,0.479846,0.007824
0.025357,0.481137,0.006665
0.026576,0.480192,0.005609
0.029394,0.478976,0.006399
0.029372,0.478457,0.005065
0.031909,0.480474,0.003327
0.030433,0.480444,0.001093
0.033632,0.479892,0.000381
0.033602,0.481604,0.002444
0.035733,0.479977,-0.002721
0.037409,0.479791,-0.002929
0.039613,0.479040,-0.002379
0.039859,0.481510,-0.002832
0.042153,0.481348,-0.004387
0.043940,0.480722,-0.006499
0.044223,0.481090,-0.005258
0.046432,0.479448,-0.006817
0.047490,0.479949,-0.009158
0.049050,0.481965,-0.009659
0.051553,0.483413,-0.009764
0.051383,0.481030,-0.010861
0.053698,0.481269,-0.011736
0.054673,0.481848,-0.013659
0.055862,0.482977,-0.014107
0.057367,0.483323,-0.015147
0.058830,0.484019,-0.014295
0.060434,0.481212,-0.014715
0.060399,0.481983,-0.017584
0.064228,0.482031,-0.018654
0.064857,0.484038,-0.019884
0.065494,0.485558,-0.019265
0.067569,0.482746,-0.018256
0.069332,0.482521,-0.021747
0.069039,0.483536,-0.021665
0.069161,0.482784,-0.023927
0.072083,0.482770,-0.024035
0.074325,0.483308,-0.022857
0.076159,0.483359,-0.023587
0.077612,0.483114,-0.027014
0.078651,0.481962,-0.024621
0.079558,0.482668,-0.026025
0.080997,0.483451,-0.025183
0.080804,0.481768,-0.026803
0.084760,0.484045,-0.028592
0.086434,0.483945,-0.029878
0.088039,0.484209,-0.028433
0.086465,0.483559,-0.030590
0.089600,0.483629,-0.031693
0.090854,0.484047,-0.032021
0.091071,0.484405,-0.031006
0.093498,0.484852,-0.031475
0.096784,0.484412,-0.034536
0.099106,0.485321,-0.033719
0.097569,0.485109,-0.033692
0.098678,0.485163,-0.033672
0.101630,0.485241,-0.033414
0.103480,0.486279,-0.035472
0.105590,0.484343,-0.031711
0.104912,0.484192,-0.035201
0.107263,0.484250,-0.032767
0.110343,0.484334,-0.033718
-0.155538,0.484181,-0.009515
-0.154481,0.484479,-0.012544
-0.152414,0.483411,-0.013394
-0.152660,0.482047,-0.012029
-0.151844,0.483185,-0.010325
-0.148920,0.482146,-0.010134
-0.145781,0.482552,-0.008276
-0.143321,0.484288,-0.005660
-0.144649,0.482484,-0.004360
-0.142125,0.483442,-0.005036
-0.141514,0.483871,-0.003846
-0.139491,0.483143,-0.004451
-0.137479,0.482354,-0.002625
-0.136961,0.480053,-0.004777
-0.133867,0.480742,-0.005932
-0.132651,0.482632,-0.003266
-0.131478,0.482517,-0.006019
-0.130699,0.483258,-0.005551
-0.129986,0.483111,-0.004168
-0.127485,0.483909,-0.005918
-0.126697,0.485904,-0.005743
-0.125849,0.482480,-0.006799
-0.124342,0.484698,-0.004305
-0.123006,0.482689,-0.006325
-0.121034,0.481904,-0.006387
-0.119348,0.483114,-0.005109
-0.117567,0.480412,-0.004323
-0.117071,0.483251,-0.004945
-0.115118,0.482512,-0.004884
-0.113313,0.483626,-0.004418
-0.112798,0.482929,-0.002116
-0.111378,0.483858,-0.000067
-0.110549,0.482812,-0.001846
-0.109724,0.480581,-0.000734
-0.107363,0.483346,0.000409
-0.106196,0.481804,0.001846
-0.104734,0.479716,0.000213
-0.102727,0.480439,0.002314
-0.101868,0.481584,0.003663
-0.099284,0.481506,0.006887
-0.098718,0.480679,0.005528
-0.097111,0.481469,0.007338
-0.096334,0.480090,0.007302
-0.091912,0.483135,0.008201
-0.093274,0.481443,0.007570
-0.093143,0.480729,0.010165
-0.092721,0.480634,0.010368
-0.088252,0.479718,0.010327
-0.086337,0.480241,0.011345
-0.085770,0.480902,0.009828
-0.082146,0.480732,0.012810
-0.082686,0.480934,0.010877
-0.082078,0.478294,0.013920
-0.079933,0.478747,0.014526
-0.078406,0.479911,0.013847
-0.076288,0.479846,0.015775
-0.072688,0.480540,0.015687
-0.074151,0.479478,0.015779
-0.071585,0.480085,0.018267
-0.071108,0.480562,0.018315
-0.070094,0.479295,0.018317
-0.067790,0.479681,0.019044
-0.067438,0.479217,0.018565
-0.066176,0.480637,0.021013
-0.065995,0.480344,0.021462
-0.062191,0.479703,0.023170
-0.060734,0.479111,0.022983
-0.058942,0.479479,0.024308
-0.057989,0.479368,0.025212
-0.057787,0.480033,0.025803
-0.057986,0.479219,0.025013
-0.053662,0.479580,0.026860
-0.053704,0.478442,0.025047
-0.052584,0.479022,0.027258
-0.048462,0.481345,0.027260
-0.047339,0.479024,0.026581
-0.047233,0.479952,0.027986
-0.045904,0.478585,0.029722
-0.045407,0.477984,0.029710
-0.044121,0.478027,0.031354
-0.040591,0.477870,0.028503
-0.041722,0.478093,0.027709
-0.039544,0.478376,0.029120
-0.038808,0.478358,0.030565
-0.038118,0.478990,0.031487
-0.035805,0.478493,0.028422
-0.033795,0.478835,0.028848
-0.033352,0.477269,0.030097
-0.030999,0.478575,0.029504
-0.029423,0.478096,0.028385
-0.030010,0.478502,0.028332
-0.027113,0.479313,0.027016
-0.024144,0.478009,0.027672
-0.024664,0.479403,0.027595
-0.022175,0.479070,0.024743
-0.021242,0.478505,0.024748
-0.019921,0.479673,0.024430
-0.017338,0.478898,0.023452
-0.017801,0.479050,0.023702
-0.016782,0.479630,0.020966
-0.012652,0.480124,0.023457
-0.011775,0.481333,0.021549
-0.010984,0.480383,0.023203
-0.009329,0.478394,0.022666
-0.007848,0.478173,0.024060
-0.007609,0.478609,0.021622
-0.005623,0.477896,0.021848
-0.005128,0.478913,0.021899
-0.005745,0.480176,0.020033
-0.000124,0.481229,0.020595
-0.000958,0.479246,0.019448
0.000359,0.479772,0.020428
0.001100,0.479490,0.019889
0.004017,0.479884,0.017623
0.004950,0.479833,0.018755
0.007645,0.480025,0.017194
0.004942,0.478595,0.018084
0.009470,0.480183,0.017817
0.010021,0.480125,0.016017
0.011619,0.480970,0.016698
0.011430,0.479464,0.013742
0.013787,0.479620,0.012160
0.015514,0.481807,0.013983
0.017188,0.480548,0.010901
0.018381,0.479427,0.008868
0.021240,0.480392,0.009204
0.021333,0.481294,0.009951
0.020924,0.481623,0.007617
0.022904,0.479987,0.006047
0.025257,0.481778,0.006960
0.026691,0.480549,0.006068
0.027954,0.482629,0.004158
0.028202,0.480475,0.002200
0.032149,0.482913,0.001017
0.032345,0.482518,0.001060
0.033068,0.480401,-0.001372
0.033623,0.482608,-0.000511
0.036171,0.482400,-0.002155
0.035869,0.484069,-0.004611
0.038837,0.481720,-0.005666
0.042718,0.481163,-0.004001
0.038764,0.482410,-0.007691
0.042748,0.483531,-0.007246
0.043410,0.482596,-0.008425
0.046140,0.480991,-0.009198
0.048108,0.483196,-0.009780
0.049253,0.483271,-0.011780
0.051339,0.482826,-0.011025
0.052029,0.484229,-0.012680
0.053204,0.482325,-0.012451
0.054629,0.483675,-0.015211
0.056707,0.485442,-0.015702
0.057347,0.483141,-0.017327
0.059641,0.483155,-0.016720
0.060608,0.483183,-0.015071
0.061642,0.483121,-0.016825
0.062915,0.483152,-0.017870
0.065793,0.484904,-0.017844
0.065966,0.484594,-0.019894
0.067467,0.485425,-0.022815
0.066249,0.485095,-0.021753
0.067658,0.484134,-0.021551
0.070449,0.485030,-0.023416
0.071361,0.483533,-0.025509
0.074230,0.484757,-0.025636
0.075267,0.483927,-0.024524
0.077818,0.485323,-0.025755
0.078511,0.484339,-0.025144
0.079985,0.485081,-0.028509
0.081315,0.485795,-0.028238
0.082751,0.485501,-0.027225
0.082516,0.485381,-0.029836
0.085442,0.485840,-0.028831
0.087492,0.485088,-0.028699
0.087841,0.486145,-0.031744
0.089044,0.485319,-0.031482
0.091987,0.486485,-0.032246
0.093989,0.485971,-0.033117
0.093192,0.485480,-0.031753
0.093995,0.484802,-0.033045
0.098294,0.485599,-0.035867
0.097241,0.484292,-0.033752
0.100539,0.486970,-0.035420
0.101737,0.484446,-0.033307
0.102071,0.486657,-0.032801
0.103220,0.484389,-0.035774
0.105195,0.484673,-0.034352
0.106056,0.486908,-0.034111
-0.147154,0.485442,-0.017490
-0.144776,0.486450,-0.016070
-0.142314,0.485892,-0.013428
-0.142712,0.483836,-0.012147
-0.138517,0.484179,-0.012647
-0.137770,0.485616,-0.012015
-0.135192,0.484913,-0.010505
-0.136213,0.487105,-0.009450
-0.134352,0.483000,-0.009889
-0.130229,0.483822,-0.009229
-0.128767,0.483546,-0.007743
-0.131117,0.485842,-0.009857
-0.126819,0.485522,-0.008102
-0.127091,0.485835,-0.008151
-0.125610,0.483999,-0.009845
-0.125537,0.487277,-0.007946
-0.121898,0.484398,-0.008145
-0.120809,0.485312,-0.007150
-0.119293,0.484366,-0.007936
-0.117611,0.485697,-0.006490
-0.116346,0.484181,-0.005703
-0.116321,0.484704,-0.006954
-0.111755,0.485141,-0.006343
-0.112313,0.484364,-0.004276
-0.111681,0.483556,-0.005626
-0.109196,0.483967,-0.002890
-0.106939,0.484637,-0.002200
-0.106894,0.482908,-0.003738
-0.104457,0.483607,-0.000680
-0.102685,0.484204,-0.000510
-0.103262,0.481825,0.001402
-0.101323,0.482864,0.001976
-0.099143,0.482499,0.002432
-0.098216,0.483712,0.003908
-0.094956,0.482805,0.004359
-0.095283,0.483517,0.006171
-0.093224,0.481930,0.006312
-0.093091,0.483407,0.006726
-0.092106,0.484336,0.008845
-0.088971,0.481801,0.008559
-0.089212,0.481590,0.008884
-0.087464,0.481730,0.009383
-0.086350,0.482563,0.009123
-0.084635,0.482939,0.011723
-0.081848,0.482918,0.012458
-0.080462,0.481927,0.013923
-0.079030,0.480852,0.013365
-0.076908,0.481491,0.014878
-0.077701,0.482943,0.016071
-0.075994,0.481264,0.016351
-0.074494,0.483034,0.016724
-0.071729,0.481013,0.017543
-0.072275,0.481068,0.019566
-0.069269,0.481082,0.018183
-0.068082,0.481364,0.018762
-0.067379,0.481469,0.022235
-0.065773,0.482792,0.020688
-0.064350,0.480605,0.023819
-0.064298,0.477751,0.021215
-0.060827,0.481586,0.023326
-0.058795,0.480453,0.024088
-0.057013,0.480618,0.026225
-0.057929,0.481389,0.026135
-0.055996,0.480239,0.026163
-0.056021,0.480588,0.025899
-0.053503,0.481345,0.026710
-0.051927,0.479754,0.027793
-0.051408,0.479205,0.026745
-0.048550,0.480662,0.029089
-0.049579,0.478861,0.029778
-0.047107,0.480121,0.029644
-0.043980,0.480346,0.028133
-0.041623,0.481214,0.029782
-0.043337,0.482407,0.029788
-0.042305,0.479115,0.029072
-0.038622,0.481383,0.027217
-0.040408,0.479531,0.031027
-0.036494,0.481484,0.028255
-0.035315,0.481127,0.028221
-0.033953,0.479554,0.028735
-0.033162,0.481391,0.028734
-0.030186,0.478533,0.029342
-0.028232,0.479839,0.028240
-0.026810,0.480341,0.028485
-0.027233,0.479976,0.028983
-0.025913,0.481384,0.025010
-0.024189,0.479447,0.024746
-0.023476,0.479135,0.025660
-0.022108,0.478259,0.026337
-0.020109,0.480815,0.024858
-0.018708,0.479869,0.023043
-0.015662,0.481493,0.023712
-0.016047,0.480829,0.022324
-0.014847,0.483062,0.022479
-0.012309,0.482897,0.021913
-0.009974,0.481297,0.023806
-0.011485,0.481440,0.023515
-0.009091,0.482165,0.020774
-0.007269,0.480428,0.020007
-0.005906,0.482628,0.023037
-0.004427,0.482672,0.022256
-0.003886,0.481197,0.021761
-0.002752,0.481802,0.024010
-0.002023,0.482533,0.021049
0.000639,0.480516,0.020900
0.002118,0.481276,0.017153
0.004834,0.479336,0.017159
0.004338,0.482799,0.018703
0.006187,0.481899,0.016726
0.008389,0.482615,0.015978
0.008203,0.480884,0.016202
0.010759,0.482144,0.014461
0.010530,0.480176,0.014637
0.012483,0.481951,0.011754
0.014059,0.480946,0.011110
0.016014,0.482240,0.011692
0.017346,0.482624,0.012072
0.018739,0.482704,0.009347
0.018993,0.484002,0.006844
0.020067,0.481317,0.006754
0.023665,0.483274,0.006463
0.022577,0.483922,0.005240
0.026815,0.482083,0.005076
0.025845,0.481177,0.002714
0.028318,0.482672,0.003245
0.029399,0.480976,0.001641
0.030576,0.485283,0.002133
0.031370,0.484896,0.000001
0.033541,0.483518,-0.001791
0.036011,0.484461,-0.005112
0.037338,0.485859,-0.005589
0.039887,0.483218,-0.002394
0.039673,0.486411,-0.006588
0.040994,0.484963,-0.006235
0.041668,0.483897,-0.007601
0.043257,0.483652,-0.009304
0.045901,0.485017,-0.009815
0.046790,0.485001,-0.009482
0.046609,0.485924,-0.012620
0.048774,0.485038,-0.011208
0.049640,0.485499,-0.014411
0.050924,0.484622,-0.014341
0.054297,0.487589,-0.015221
0.054854,0.484822,-0.016143
0.054145,0.485723,-0.016912
0.057496,0.483634,-0.017933
0.059463,0.486226,-0.017875
0.059258,0.482988,-0.018553
0.063564,0.483714,-0.018830
0.062549,0.485499,-0.018161
0.063829,0.483787,-0.018521
0.066844,0.485355,-0.021956
0.068305,0.486481,-0.021732
0.068654,0.486345,-0.022906
0.069526,0.485257,-0.025098
0.074294,0.485247,-0.023442
0.072010,0.487505,-0.024403
0.072777,0.485836,-0.025985
0.077212,0.486288,-0.025050
0.078131,0.486314,-0.027981
0.078103,0.487549,-0.026605
0.080410,0.485846,-0.028491
0.082347,0.487316,-0.030393
0.081732,0.486860,-0.026822
0.082649,0.485750,-0.030549
0.086161,0.485897,-0.031026
0.086172,0.487143,-0.031290
0.087635,0.485309,-0.031927
0.092070,0.487734,-0.033375
0.092613,0.486503,-0.030991
0.091683,0.487269,-0.032256
0.094020,0.486863,-0.031444
0.094703,0.488180,-0.033608
0.096469,0.489065,-0.033641
0.097335,0.487210,-0.034665
0.099073,0.488808,-0.034805
0.099809,0.489251,-0.033626
0.102557,0.488388,-0.034130
0.103327,0.487893,-0.035629
0.106354,0.488290,-0.036906
0.107153,0.488587,-0.037305
-0.138743,0.486221,-0.021470
-0.134557,0.487446,-0.021042
-0.135719,0.486834,-0.019548
-0.131680,0.487379,-0.018055
-0.132000,0.488278,-0.014685
-0.129307,0.487039,-0.015794
-0.127934,0.486701,-0.012882
-0.126822,0.484388,-0.012881
-0.125121,0.486101,-0.010814
-0.124272,0.486345,-0.011181
-0.123632,0.486489,-0.008576
-0.120682,0.485476,-0.010733
-0.118548,0.485685,-0.008780
-0.114798,0.486976,-0.010285
-0.116332,0.486198,-0.010003
-0.116344,0.484195,-0.007607
-0.114890,0.485565,-0.006447
-0.112289,0.483534,-0.005995
-0.110311,0.486519,-0.004674
-0.110073,0.485209,-0.005490
-0.109689,0.485228,-0.004619
-0.107860,0.486002,-0.003218
-0.105863,0.485992,-0.001785
-0.103274,0.484971,-0.000067
-0.101749,0.485389,-0.001396
-0.099694,0.482905,0.000877
-0.100417,0.484647,0.001058
-0.096050,0.486095,0.003360
-0.097284,0.484230,0.002648
-0.095323,0.486174,0.005580
-0.093597,0.483807,0.003999
-0.091053,0.483646,0.006035
-0.089846,0.485890,0.005943
-0.089079,0.483881,0.007491
-0.088870,0.483629,0.009886
-0.087720,0.484064,0.009080
-0.086198,0.484043,0.011505
-0.082161,0.482275,0.012000
-0.082541,0.485723,0.013266
-0.081687,0.485586,0.012543
-0.080163,0.483589,0.012999
-0.079397,0.481303,0.015123
-0.077085,0.481540,0.016716
-0.076509,0.484409,0.016183
-0.073060,0.482726,0.018166
-0.072818,0.484832,0.017760
-0.072850,0.481585,0.018969
-0.067102,0.483826,0.017031
-0.067148,0.482611,0.019633
-0.066432,0.482377,0.021202
-0.065320,0.482725,0.021508
-0.065240,0.480572,0.024687
-0.061366,0.483499,0.024592
-0.061726,0.483891,0.024588
-0.062112,0.482816,0.024576
-0.058508,0.481892,0.025570
-0.056450,0.480207,0.025322
-0.057123,0.483370,0.026413
-0.054540,0.481180,0.026386
-0.052520,0.481408,0.026717
-0.051814,0.481896,0.029025
-0.050159,0.480897,0.028280
-0.049504,0.481801,0.028673
-0.046793,0.482510,0.029051
-0.046426,0.482985,0.028262
-0.044920,0.481065,0.030804
-0.043355,0.480803,0.030340
-0.041662,0.481803,0.029937
-0.041020,0.482393,0.029797
-0.038935,0.481854,0.029222
-0.038121,0.480112,0.030444
-0.037052,0.482491,0.029599
-0.035408,0.482491,0.029389
-0.033641,0.481794,0.030008
-0.033122,0.482676,0.028626
-0.030905,0.482322,0.028771
-0.031129,0.482989,0.027121
-0.028819,0.484073,0.027179
-0.028055,0.484328,0.027097
-0.024412,0.482149,0.025270
-0.023605,0.482964,0.027751
-0.021245,0.482752,0.026472
-0.022431,0.479480,0.023711
-0.020478,0.485071,0.024621
-0.018916,0.481495,0.024715
-0.019229,0.482653,0.025196
-0.018930,0.482034,0.024216
-0.014735,0.482164,0.023460
-0.012902,0.482112,0.023339
-0.011503,0.484408,0.022304
-0.011689,0.481853,0.022349
-0.007947,0.481848,0.022814
-0.007716,0.482469,0.023966
-0.006489,0.483871,0.022471
-0.003100,0.483715,0.022320
-0.004432,0.482621,0.022234
-0.003614,0.484883,0.020979
-0.000354,0.483088,0.021312
0.000374,0.484220,0.018035
0.001283,0.483355,0.020305
0.004098,0.482857,0.020430
0.004591,0.484687,0.015926
0.004279,0.482363,0.018628
0.006943,0.482714,0.016216
0.008811,0.482821,0.017121
0.010773,0.483378,0.014113
0.011961,0.482946,0.014411
0.012996,0.483949,0.012379
0.015059,0.484474,0.010719
0.014342,0.486151,0.009092
0.016696,0.484240,0.008358
0.017850,0.483591,0.007743
0.020610,0.486100,0.007996
0.022170,0.486511,0.004387
0.022191,0.485644,0.002907
0.023914,0.486008,0.003577
0.025896,0.484510,0.002459
0.026083,0.486287,0.000056
0.026993,0.487051,0.000371
0.028591,0.484825,0.000052
0.030890,0.485158,-0.001826
0.031206,0.484941,-0.004650
0.033833,0.487060,-0.004441
0.036791,0.487375,-0.004867
0.036151,0.485615,-0.005545
0.038442,0.486822,-0.008512
0.039060,0.486762,-0.009560
0.041211,0.486647,-0.009424
0.043267,0.487605,-0.009783
0.044125,0.485977,-0.009751
0.046046,0.485891,-0.013063
0.047437,0.486838,-0.010118
0.048347,0.486318,-0.014751
0.048472,0.487439,-0.015606
0.050395,0.486400,-0.013838
0.053390,0.487601,-0.017566
0.053285,0.487196,-0.016836
0.053477,0.486575,-0.017725
0.055153,0.487006,-0.020102
0.058238,0.487249,-0.018164
0.059918,0.488740,-0.019872
0.060252,0.488762,-0.020154
0.062199,0.487071,-0.019449
0.063184,0.489058,-0.020733
0.064389,0.488472,-0.022157
0.065562,0.487800,-0.024550
0.065934,0.487092,-0.024839
0.067494,0.487123,-0.024677
0.070284,0.488360,-0.023741
0.071911,0.487947,-0.023784
0.073165,0.488641,-0.024744
0.072019,0.489283,-0.026756
0.075541,0.489473,-0.026622
0.076159,0.487043,-0.029310
0.078719,0.487691,-0.028759
0.080408,0.486980,-0.028803
0.082374,0.489130,-0.030237
0.083612,0.489172,-0.028710
0.083074,0.490510,-0.031369
0.084844,0.491214,-0.031585
0.087205,0.489666,-0.029822
0.088561,0.488356,-0.030352
0.089442,0.488654,-0.032885
0.091849,0.489864,-0.032795
0.090884,0.488623,-0.033627
0.093954,0.489051,-0.033925
0.097459,0.489398,-0.034812
0.096770,0.489695,-0.034374
0.097386,0.490245,-0.035420
0.099701,0.489212,-0.037059
0.100139,0.488799,-0.035590
0.102617,0.488748,-0.036392
0.103581,0.487960,-0.036214
0.103987,0.487667,-0.035789
0.106352,0.490917,-0.034627
-0.129433,0.489420,-0.024178
-0.128015,0.488691,-0.021256
-0.127354,0.489247,-0.022758
-0.125389,0.487886,-0.018686
-0.121578,0.488660,-0.015304
-0.121299,0.487328,-0.012943
-0.121730,0.488127,-0.012104
-0.120168,0.487283,-0.013199
-0.116045,0.486745,-0.011330
-0.115884,0.489420,-0.009152
-0.114113,0.486560,-0.009952
-0.112834,0.488335,-0.007283
-0.110159,0.487983,-0.009504
-0.110171,0.487018,-0.008000
-0.109445,0.487245,-0.006639
-0.107675,0.488123,-0.006675
-0.105235,0.487752,-0.003809
-0.103713,0.489530,-0.000778
-0.101921,0.486405,-0.000308
-0.100204,0.485566,-0.000918
-0.101159,0.487014,0.000026
-0.097917,0.486490,0.000936
-0.096806,0.486046,0.002741
-0.094770,0.486958,0.001989
-0.092711,0.486748,0.005672
-0.092980,0.484861,0.005135
-0.091419,0.485930,0.007856
-0.087696,0.483399,0.007812
-0.087898,0.486948,0.007796
-0.086096,0.485389,0.009683
-0.085569,0.486629,0.010698
-0.083856,0.484175,0.011740
-0.083970,0.484392,0.012506
-0.082058,0.486060,0.012207
-0.081920,0.484838,0.012889
-0.079337,0.485356,0.015181
-0.075759,0.486485,0.015392
-0.074550,0.483977,0.016181
-0.075035,0.484618,0.017910
-0.073235,0.485492,0.018428
-0.071355,0.483639,0.020258
-0.070539,0.483596,0.022542
-0.070037,0.483855,0.019434
-0.065444,0.486453,0.022192
-0.065386,0.485543,0.021947
-0.064435,0.482364,0.023862
-0.065096,0.481872,0.024267
-0.061261,0.482938,0.024850
-0.058700,0.485647,0.025107
-0.057547,0.483482,0.024901
-0.059812,0.481799,0.025956
-0.055594,0.483841,0.027826
-0.056371,0.483978,0.026337
-0.053771,0.483337,0.028601
-0.051644,0.484101,0.028239
-0.052113,0.481985,0.026687
-0.050797,0.481772,0.030056
-0.047222,0.483688,0.030428
-0.045870,0.483965,0.030679
-0.044253,0.482811,0.030558
-0.044673,0.483069,0.030515
-0.042948,0.482873,0.030653
-0.041620,0.483029,0.029745
-0.039329,0.482774,0.030447
-0.036824,0.482943,0.030322
-0.036308,0.481916,0.030218
-0.034554,0.481344,0.030386
-0.032474,0.483661,0.027957
-0.032865,0.484204,0.028024
-0.032802,0.482349,0.027881
-0.029925,0.482435,0.030008
-0.028412,0.484480,0.026724
-0.027771,0.483236,0.028523
-0.025654,0.482150,0.027809
-0.023638,0.482580,0.026603
-0.023085,0.485461,0.028277
-0.020597,0.483347,0.025917
-0.019309,0.482836,0.024428
-0.018996,0.483949,0.024374
-0.016753,0.485685,0.022758
-0.015213,0.483892,0.024650
-0.015849,0.482894,0.022963
-0.013436,0.484484,0.022937
-0.013813,0.485062,0.021359
-0.010343,0.483198,0.024213
-0.009843,0.485815,0.023537
-0.005639,0.483957,0.022380
-0.005645,0.483614,0.019058
-0.005242,0.485893,0.021898
-0.002622,0.485996,0.019889
-0.002521,0.486182,0.020572
-0.000175,0.483653,0.018948
-0.001127,0.485418,0.019087
0.003780,0.484818,0.018950
0.001606,0.484852,0.017587
0.006004,0.484495,0.017847
0.004253,0.485491,0.017949
0.006989,0.485949,0.016969
0.009507,0.484647,0.016687
0.011033,0.483045,0.014688
0.011776,0.485204,0.012265
0.013627,0.486285,0.010887
0.015897,0.484133,0.011359
0.016626,0.484178,0.009943
0.016906,0.485373,0.006650
0.016794,0.486209,0.005419
0.019771,0.486486,0.005709
0.022727,0.488039,0.003208
0.023582,0.485972,0.003472
0.023628,0.487503,0.002184
0.026160,0.485171,-0.001072
0.025483,0.486889,0.000909
0.028339,0.487584,-0.000382
0.030316,0.487957,-0.003260
0.032520,0.485794,-0.003728
0.032320,0.487357,-0.003679
0.034788,0.487567,-0.005160
0.035080,0.487065,-0.007636
0.035292,0.486246,-0.007786
0.035984,0.486300,-0.009732
0.039339,0.487615,-0.010092
0.041028,0.487352,-0.009569
0.040242,0.486437,-0.012439
0.044762,0.487758,-0.012902
0.043040,0.488477,-0.013669
0.045582,0.486873,-0.014573
0.047672,0.489338,-0.016535
0.048327,0.489052,-0.014471
0.051426,0.488411,-0.017540
0.050825,0.488332,-0.017201
0.054690,0.489244,-0.019226
0.053971,0.489162,-0.018550
0.057546,0.487881,-0.018245
0.057490,0.488499,-0.018959
0.058998,0.491153,-0.021794
0.059326,0.489458,-0.021655
0.059763,0.489066,-0.021799
0.062665,0.491004,-0.023068
0.063876,0.489743,-0.023355
0.066816,0.490348,-0.025183
0.068182,0.491136,-0.025783
0.069457,0.491231,-0.024640
0.070129,0.490116,-0.025095
0.072254,0.490253,-0.025842
0.072598,0.489555,-0.026935
0.073712,0.490722,-0.026827
0.076332,0.488978,-0.028878
0.076914,0.490451,-0.029395
0.078749,0.489242,-0.029935
0.081094,0.488969,-0.029064
0.084322,0.488892,-0.030791
0.082572,0.491909,-0.030758
0.083413,0.490050,-0.030445
0.087786,0.490416,-0.030838
0.087918,0.489842,-0.032271
0.088873,0.492209,-0.032567
0.089338,0.491416,-0.033088
0.090597,0.491134,-0.034086
0.092964,0.490918,-0.034204
0.094221,0.491373,-0.035684
0.093812,0.491788,-0.035185
0.094205,0.489817,-0.034324
0.097311,0.490415,-0.034673
0.099926,0.490754,-0.035834
0.100660,0.490902,-0.035885
0.102086,0.489211,-0.035590
0.103938,0.491897,-0.035322
0.105106,0.491368,-0.036926
-0.122760,0.490839,-0.024691
-0.119995,0.491242,-0.021745
-0.119899,0.489284,-0.018409
-0.116600,0.491538,-0.015298
-0.117269,0.492365,-0.014692
-0.114220,0.490440,-0.012567
-0.112372,0.488435,-0.012401
-0.111787,0.490576,-0.010523
-0.110009,0.489203,-0.008185
-0.109219,0.489125,-0.010762
-0.107774,0.489942,-0.007657
-0.104973,0.487876,-0.006705
-0.103186,0.488953,-0.004926
-0.101286,0.489702,-0.003770
-0.101478,0.488053,-0.001943
-0.100384,0.487705,-0.000709
-0.099474,0.488583,0.000181
-0.098262,0.488337,0.001525
-0.096177,0.489773,0.002576
-0.092655,0.490017,0.004116
-0.093279,0.486932,0.005450
-0.091604,0.488232,0.005368
-0.088122,0.486764,0.007373
-0.089076,0.488465,0.008252
-0.088584,0.488507,0.008602
-0.085658,0.488771,0.010196
-0.083017,0.485447,0.010275
-0.080606,0.488049,0.012781
-0.080659,0.487119,0.012119
-0.078993,0.486551,0.013278
-0.079208,0.486139,0.014865
-0.077310,0.483852,0.014781
-0.075621,0.487176,0.017688
-0.073387,0.485428,0.016987
-0.072758,0.486673,0.019614
-0.070134,0.485680,0.018268
-0.071419,0.486811,0.019389
-0.066657,0.485101,0.020835
-0.068324,0.488196,0.021794
-0.067999,0.487365,0.022634
-0.065538,0.486389,0.021919
-0.063395,0.486478,0.022732
-0.060947,0.485588,0.024696
-0.060070,0.484367,0.025749
-0.058877,0.485716,0.027652
-0.058444,0.486894,0.025533
-0.055218,0.484789,0.026732
-0.055038,0.484398,0.027710
-0.054087,0.483952,0.027784
-0.050193,0.484501,0.029408
-0.048858,0.483570,0.031448
-0.048704,0.485599,0.032463
-0.047868,0.484811,0.029553
-0.046429,0.485005,0.031560
-0.045482,0.485092,0.031006
-0.043415,0.485759,0.031028
-0.040770,0.485402,0.032700
-0.040189,0.484302,0.031134
-0.037709,0.484661,0.030150
-0.038745,0.483946,0.032341
-0.036650,0.484768,0.029534
-0.034639,0.483332,0.031824
-0.033746,0.485617,0.031662
-0.033623,0.483737,0.030927
-0.030311,0.484269,0.029854
-0.028685,0.483290,0.027290
-0.028433,0.484437,0.026705
-0.026134,0.485463,0.028515
-0.026205,0.484143,0.026417
-0.022624,0.485931,0.026095
-0.022827,0.483937,0.025097
-0.021836,0.485012,0.024874
-0.020603,0.485762,0.024836
-0.017960,0.485100,0.024193
-0.017146,0.482677,0.024557
-0.015266,0.485568,0.023123
-0.012450,0.486627,0.025713
-0.012495,0.487839,0.022691
-0.011235,0.485542,0.021628
-0.010201,0.484457,0.023750
-0.006847,0.486324,0.023154
-0.008395,0.485471,0.023414
-0.006288,0.486567,0.021553
-0.005470,0.485118,0.019532
-0.003722,0.486966,0.023665
-0.001296,0.486227,0.019613
0.000074,0.485567,0.020327
0.000386,0.485020,0.020173
0.001271,0.484553,0.017569
0.003590,0.487377,0.018789
0.004730,0.485302,0.018936
0.007758,0.484833,0.016255
0.008203,0.484697,0.016454
0.009440,0.485839,0.014986
0.011013,0.486321,0.015236
0.010980,0.487055,0.013343
0.014111,0.486806,0.011835
0.012831,0.488493,0.009911
0.015729,0.486854,0.008449
0.017742,0.486686,0.008715
0.018400,0.487891,0.006332
0.019951,0.487443,0.004108
0.023322,0.488530,0.003534
0.022873,0.489035,0.000782
0.024443,0.487579,0.001114
0.026575,0.488829,-0.001750
0.027853,0.489596,-0.003074
0.027945,0.488986,-0.004785
0.028756,0.489320,-0.005238
0.029302,0.490223,-0.005415
0.032451,0.489065,-0.006348
0.033698,0.490739,-0.006596
0.034479,0.489635,-0.007868
0.036300,0.490137,-0.008691
0.038423,0.490132,-0.010256
0.038987,0.488993,-0.011311
0.040060,0.490086,-0.013035
0.041941,0.489130,-0.012897
0.043190,0.489041,-0.013088
0.045636,0.490639,-0.016661
0.045985,0.488655,-0.016471
0.046669,0.489466,-0.017859
0.048577,0.489383,-0.018055
0.050844,0.489445,-0.017604
0.051014,0.491503,-0.018560
0.051900,0.491278,-0.020004
0.054569,0.490819,-0.019450
0.056401,0.490340,-0.020738
0.056813,0.490651,-0.021086
0.059321,0.492028,-0.022154
0.057886,0.490245,-0.019734
0.061314,0.490246,-0.023234
0.063180,0.493171,-0.025069
0.063645,0.492391,-0.026411
0.065845,0.489699,-0.025877
0.065694,0.491139,-0.026129
0.067946,0.492015,-0.025316
0.071576,0.492478,-0.027083
0.072635,0.491588,-0.026372
0.072908,0.492925,-0.028734
0.073825,0.491245,-0.027723
0.075363,0.491383,-0.026463
0.076076,0.492291,-0.029170
0.078804,0.489615,-0.029367
0.079748,0.492471,-0.030078
0.082947,0.491457,-0.030741
0.083530,0.492511,-0.030215
0.085086,0.492827,-0.032575
0.086037,0.492542,-0.032177
0.086231,0.491214,-0.031638
0.086821,0.492742,-0.033194
0.090863,0.492822,-0.033238
0.091095,0.492396,-0.035431
0.093257,0.491164,-0.036366
0.095643,0.492809,-0.034194
0.094101,0.490597,-0.036243
0.098667,0.493198,-0.036305
0.097784,0.492286,-0.035691
0.099189,0.492772,-0.036896
0.102797,0.492740,-0.037219
0.101511,0.493088,-0.036917
0.103167,0.491598,-0.038674
0.104625,0.492820,-0.038086
-0.115641,0.493061,-0.025934
-0.115140,0.489994,-0.020585
-0.111108,0.491856,-0.016344
-0.111882,0.490475,-0.015683
-0.112099,0.491402,-0.012339
-0.108494,0.490946,-0.012168
-0.106672,0.491224,-0.009330
-0.104963,0.492529,-0.008624
-0.104671,0.491413,-0.006577
-0.103497,0.490881,-0.006019
-0.101347,0.490897,-0.002805
-0.099953,0.491456,-0.001994
-0.097924,0.489351,0.000390
-0.098162,0.489545,-0.000849
-0.093759,0.490504,0.002857
-0.092323,0.488798,0.003989
-0.093400,0.489671,0.005147
-0.093000,0.488506,0.004052
-0.090647,0.487402,0.004200
-0.087748,0.490162,0.008057
-0.087048,0.488464,0.007655
-0.085630,0.488132,0.009148
-0.083788,0.489560,0.010114
-0.082375,0.489777,0.010941
-0.080396,0.487704,0.012965
-0.079402,0.488611,0.010998
-0.077756,0.488035,0.014822
-0.077511,0.487891,0.015125
-0.076235,0.487968,0.014469
-0.075566,0.489071,0.017336
-0.071953,0.488689,0.017086
-0.070590,0.489762,0.018751
-0.068866,0.488951,0.020280
-0.067699,0.486751,0.020823
-0.067597,0.487446,0.020603
-0.066903,0.487409,0.021360
-0.063913,0.487446,0.024307
-0.063242,0.488618,0.022777
-0.060865,0.487150,0.024485
-0.059198,0.487234,0.024375
-0.058267,0.486469,0.027901
-0.056957,0.486284,0.027072
-0.057030,0.484346,0.028098
-0.053784,0.487171,0.027994
-0.053508,0.486029,0.027035
-0.052130,0.487191,0.030350
-0.051944,0.486529,0.029851
-0.047652,0.485505,0.031080
-0.047040,0.485969,0.031235
-0.044970,0.484211,0.031490
-0.043807,0.486297,0.031616
-0.044953,0.487286,0.031499
-0.041578,0.486319,0.032234
-0.039300,0.487419,0.033047
-0.039243,0.486394,0.031563
-0.039211,0.484739,0.031207
-0.036017,0.487581,0.031748
-0.036346,0.486348,0.030617
-0.034511,0.487324,0.028787
-0.031912,0.487986,0.029521
-0.030765,0.488046,0.029134
-0.029645,0.485662,0.028350
-0.028518,0.487236,0.027546
-0.026541,0.486927,0.029544
-0.026417,0.487581,0.028370
-0.025029,0.488270,0.028538
-0.022630,0.486798,0.027809
-0.021422,0.488004,0.026184
-0.018981,0.488188,0.022918
-0.019721,0.485772,0.024678
-0.015854,0.485984,0.023916
-0.016091,0.488147,0.023282
-0.013326,0.486696,0.024834
-0.014025,0.485849,0.023094
-0.011906,0.487985,0.024294
-0.011692,0.487172,0.024665
-0.007806,0.487737,0.025065
-0.007095,0.487905,0.022981
-0.005580,0.486698,0.022197
-0.003353,0.488379,0.021192
-0.002391,0.487548,0.020793
-0.001802,0.487072,0.020427
-0.001818,0.488057,0.021961
-0.000263,0.486570,0.020335
0.002795,0.487205,0.016980
0.002187,0.487381,0.016816
0.004565,0.489116,0.017460
0.006074,0.487729,0.016178
0.007212,0.487246,0.016603
0.006682,0.488139,0.014154
0.010912,0.488129,0.014163
0.011161,0.488716,0.010627
0.013182,0.488404,0.010611
0.014928,0.487863,0.008044
0.015586,0.488018,0.007069
0.015874,0.489529,0.008359
0.017999,0.488857,0.005862
0.021124,0.489391,0.004717
0.021594,0.490393,0.001128
0.021813,0.489831,-0.000167
0.023864,0.491063,0.000190
0.023732,0.489312,-0.002468
0.026788,0.489911,-0.004146
0.027962,0.491171,-0.007359
0.029645,0.490814,-0.006491
0.029727,0.490678,-0.007823
0.032127,0.491611,-0.008749
0.033118,0.491106,-0.009199
0.035232,0.491073,-0.011315
0.036294,0.492440,-0.011963
0.038338,0.493085,-0.010608
0.037207,0.489410,-0.013047
0.040527,0.491043,-0.014963
0.042387,0.492606,-0.015474
0.041572,0.491667,-0.014934
0.043160,0.490727,-0.016779
0.046617,0.492116,-0.019380
0.048900,0.491585,-0.017152
0.048998,0.490924,-0.017844
0.048805,0.492317,-0.019133
0.052599,0.490179,-0.021364
0.052687,0.491707,-0.022654
0.054888,0.491070,-0.022641
0.053953,0.491446,-0.022679
0.058750,0.495112,-0.023149
0.058666,0.493240,-0.023989
0.060215,0.492087,-0.024004
0.060587,0.493020,-0.024757
0.061912,0.493020,-0.026627
0.063800,0.491725,-0.027479
0.067312,0.493788,-0.024812
0.066510,0.493074,-0.028391
0.068929,0.491249,-0.026397
0.068990,0.491072,-0.027201
0.071213,0.492504,-0.028524
0.074095,0.494114,-0.028484
0.075227,0.493580,-0.027142
0.072253,0.493620,-0.028568
0.075945,0.492575,-0.028546
0.077585,0.493418,-0.030151
0.079802,0.494406,-0.030316
0.081233,0.493949,-0.028689
0.083054,0.494942,-0.031211
0.083973,0.494179,-0.033797
0.083470,0.494393,-0.032281
0.086269,0.494337,-0.033308
0.088999,0.494284,-0.034730
0.088378,0.493547,-0.033208
0.090513,0.496264,-0.033919
0.094080,0.492912,-0.035789
0.092270,0.493665,-0.034372
0.094074,0.494287,-0.035830
0.096805,0.493417,-0.033127
0.098137,0.493208,-0.035743
0.099082,0.495772,-0.037573
0.100951,0.494596,-0.038241
0.102597,0.494312,-0.038046
0.104353,0.494359,-0.040285
0.103634,0.493836,-0.038125
-0.111804,0.494241,-0.025376
-0.110586,0.494506,-0.019461
-0.107164,0.493440,-0.015116
-0.106568,0.493918,-0.011278
-0.104364,0.492515,-0.008897
-0.105069,0.491238,-0.007838
-0.103281,0.491916,-0.007565
-0.101134,0.491518,-0.006741
-0.100555,0.493477,-0.003333
-0.099459,0.494390,-0.002034
-0.097375,0.491922,-0.000493
-0.095712,0.491556,0.001710
-0.092408,0.490397,0.002547
-0.093862,0.490938,0.003806
-0.092104,0.489504,0.003527
-0.090817,0.489637,0.005163
-0.087651,0.490926,0.005762
-0.087315,0.489503,0.007521
-0.086563,0.490934,0.008822
-0.085021,0.490316,0.010617
-0.084032,0.490969,0.010524
-0.081202,0.491366,0.012925
-0.079762,0.489770,0.013713
-0.077905,0.489534,0.015341
-0.076596,0.489095,0.015016
-0.075089,0.491497,0.015096
-0.073449,0.488650,0.017586
-0.071651,0.489313,0.017871
-0.070846,0.488931,0.018352
-0.070406,0.488864,0.022557
-0.069244,0.488474,0.020838
-0.068117,0.487811,0.020058
-0.064478,0.489847,0.022845
-0.064881,0.488017,0.022595
-0.062930,0.487447,0.025699
-0.061382,0.489908,0.026507
-0.061332,0.489869,0.026785
-0.057328,0.488659,0.026529
-0.057609,0.487614,0.027804
-0.055821,0.488667,0.028136
-0.055314,0.488070,0.028442
-0.052977,0.487961,0.028144
-0.051311,0.489486,0.029554
-0.049053,0.487571,0.032328
-0.047909,0.488311,0.029122
-0.047359,0.488591,0.030583
-0.047322,0.487136,0.032070
-0.044996,0.489077,0.032216
-0.045497,0.487978,0.031595
-0.040288,0.488546,0.033159
-0.041046,0.487862,0.031844
-0.038830,0.488139,0.034391
-0.036352,0.486107,0.031529
-0.034675,0.488166,0.030578
-0.032542,0.488042,0.030420
-0.033483,0.487902,0.031439
-0.032894,0.488600,0.029426
-0.031315,0.487568,0.029580
-0.028688,0.488450,0.028609
-0.026920,0.488629,0.028416
-0.025327,0.487216,0.028995
-0.025978,0.489926,0.027010
-0.023531,0.486995,0.028864
-0.022427,0.487563,0.026842
-0.021915,0.485518,0.026161
-0.018350,0.488494,0.025878
-0.018761,0.490106,0.024852
-0.016926,0.488517,0.024706
-0.015203,0.487600,0.026518
-0.014286,0.490061,0.024912
-0.013730,0.489908,0.023336
-0.010940,0.490939,0.025691
-0.010495,0.488599,0.022214
-0.010075,0.490456,0.024322
-0.007831,0.490848,0.023558
-0.006730,0.489490,0.021684
-0.003955,0.490283,0.023262
-0.002239,0.488186,0.021785
-0.003216,0.489402,0.022012
-0.000612,0.490864,0.021259
0.000671,0.488949,0.019583
0.001921,0.489291,0.019359
0.001604,0.489223,0.019234
0.004775,0.490240,0.016805
0.007367,0.489160,0.015808
0.007313,0.488814,0.015598
0.010337,0.490748,0.015975
0.008649,0.491029,0.015405
0.012303,0.491156,0.011883
0.011767,0.490828,0.010060
0.016371,0.490451,0.009122
0.014967,0.489537,0.007416
0.016291,0.491112,0.006128
0.018337,0.491701,0.004647
0.017083,0.492883,0.001442
0.020893,0.492932,0.001680
0.023372,0.491687,-0.000758
0.023489,0.492977,-0.000245
0.026126,0.492066,-0.004149
0.026748,0.494512,-0.003995
0.026635,0.490515,-0.008176
0.030756,0.492762,-0.008203
0.031372,0.494767,-0.008417
0.032604,0.492037,-0.010275
0.033119,0.493486,-0.012105
0.034429,0.494620,-0.013205
0.035573,0.492864,-0.011903
0.037762,0.493360,-0.012454
0.040038,0.494004,-0.014106
0.040902,0.491594,-0.013998
0.043573,0.494175,-0.018169
0.043304,0.492099,-0.019002
0.045170,0.493761,-0.017934
0.044656,0.492635,-0.020096
0.047665,0.493058,-0.020728
0.048925,0.493453,-0.021514
0.051699,0.492958,-0.019915
0.051018,0.493476,-0.021234
0.054426,0.495878,-0.023117
0.055390,0.490918,-0.023331
0.056744,0.493748,-0.023814
0.056390,0.496108,-0.025034
0.058223,0.497211,-0.025595
0.061786,0.494644,-0.027194
0.061694,0.495933,-0.025099
0.062418,0.494955,-0.027062
0.063035,0.495319,-0.026297
0.068025,0.496420,-0.026700
0.068909,0.495032,-0.027750
0.070108,0.495918,-0.028402
0.070204,0.496879,-0.028144
0.070389,0.493415,-0.030578
0.071787,0.495628,-0.030716
0.074624,0.493635,-0.029703
0.076378,0.494136,-0.031393
0.076569,0.496570,-0.030558
0.078092,0.495734,-0.032646
0.078587,0.495749,-0.033363
0.081036,0.495132,-0.033443
0.082665,0.495866,-0.032525
0.085808,0.495653,-0.033322
0.085605,0.494343,-0.033070
0.086300,0.493499,-0.032634
0.087221,0.496298,-0.033998
0.088254,0.494738,-0.035901
0.088698,0.495565,-0.038256
0.092840,0.497308,-0.035799
0.094371,0.495145,-0.037101
0.094380,0.495783,-0.033950
0.098886,0.497286,-0.037762
0.098459,0.495176,-0.038391
0.099024,0.495522,-0.037609
0.099556,0.495549,-0.038231
0.101263,0.496298,-0.036979
0.104924,0.495227,-0.037669
-0.109965,0.496653,-0.026718
-0.107369,0.497760,-0.016585
-0.104741,0.495141,-0.014221
-0.103804,0.492387,-0.011731
-0.103581,0.494754,-0.010056
-0.103717,0.493952,-0.006519
-0.101034,0.493500,-0.007084
-0.096782,0.495452,-0.003328
-0.097946,0.494436,-0.002465
-0.094937,0.494156,-0.001395
-0.093802,0.495050,0.000503
-0.093358,0.494214,0.001689
-0.090491,0.494112,0.003970
-0.090234,0.492315,0.004669
-0.087061,0.490865,0.005402
-0.084349,0.493226,0.006220
-0.085121,0.492542,0.008309
-0.085870,0.493439,0.009205
-0.082666,0.490891,0.009637
-0.079714,0.491936,0.011122
-0.079359,0.492734,0.013789
-0.078117,0.491916,0.013411
-0.077191,0.490177,0.015353
-0.073197,0.491565,0.015674
-0.074695,0.491425,0.016952
-0.071994,0.492237,0.017319
-0.071402,0.488823,0.019274
-0.069207,0.490815,0.019798
-0.068483,0.492089,0.020895
-0.067145,0.491490,0.022626
-0.065384,0.490079,0.023124
-0.065675,0.492867,0.023501
-0.063066,0.491296,0.023569
-0.059779,0.489438,0.024617
-0.059659,0.491256,0.025213
-0.060412,0.490602,0.028530
-0.057233,0.489758,0.025343
-0.053914,0.489642,0.026797
-0.053830,0.491063,0.029413
-0.052702,0.489355,0.028414
-0.050818,0.490523,0.032988
-0.051534,0.488955,0.032150
-0.049935,0.489142,0.031162
-0.047849,0.490189,0.030989
-0.045190,0.490720,0.031540
-0.045426,0.488650,0.030847
-0.041668,0.489623,0.031441
-0.041768,0.490568,0.032965
-0.041154,0.489473,0.031896
-0.038470,0.488368,0.030618
-0.039350,0.489696,0.032255
-0.036152,0.488794,0.032837
-0.035148,0.488688,0.031324
-0.033516,0.490357,0.030265
-0.033377,0.490113,0.028992
-0.031464,0.489760,0.029832
-0.030237,0.489213,0.028425
-0.025003,0.490733,0.029043
-0.026373,0.491291,0.029019
-0.023728,0.488484,0.029578
-0.024135,0.492465,0.028944
-0.023549,0.490975,0.024991
-0.021335,0.490290,0.026863
-0.018798,0.491125,0.024848
-0.018846,0.489709,0.025981
-0.016376,0.491039,0.027601
-0.016799,0.488740,0.026267
-0.014447,0.491776,0.025410
-0.012654,0.490655,0.025642
-0.012041,0.491139,0.023403
-0.009407,0.489287,0.022518
-0.009092,0.490944,0.023795
-0.007169,0.490293,0.024226
-0.007232,0.489055,0.022234
-0.002549,0.491177,0.023357
-0.003254,0.490604,0.022109
-0.002168,0.491906,0.022665
-0.000995,0.490286,0.019487
-0.000708,0.491641,0.021031
0.001995,0.490876,0.021462
0.002997,0.489523,0.017194
0.005249,0.490580,0.019233
0.006113,0.491296,0.017849
0.006471,0.492615,0.016800
0.007390,0.490105,0.014166
0.011649,0.491998,0.011533
0.011557,0.489938,0.010404
0.012015,0.494116,0.011210
0.016202,0.492385,0.007907
0.016080,0.492567,0.007772
0.015471,0.491622,0.004162
0.017231,0.492710,0.003580
0.018854,0.494085,0.001272
0.020472,0.493861,0.000149
0.021781,0.493934,-0.000457
0.023753,0.494669,-0.003782
0.026532,0.492556,-0.004453
0.026109,0.493533,-0.006646
0.027195,0.494817,-0.006889
0.028445,0.494146,-0.010786
0.031906,0.494903,-0.011045
0.032978,0.494998,-0.012153
0.033490,0.495653,-0.013747
0.035970,0.495999,-0.014325
0.034507,0.497388,-0.015947
0.038129,0.494833,-0.016049
0.038905,0.495557,-0.018585
0.040030,0.495461,-0.018510
0.042408,0.495299,-0.019113
0.043412,0.496093,-0.020010
0.044822,0.494928,-0.020953
0.045806,0.496407,-0.021061
0.048837,0.495420,-0.024592
0.047524,0.496735,-0.023860
0.051030,0.496226,-0.023151
0.051085,0.498905,-0.024036
0.051825,0.495622,-0.022579
0.052896,0.496531,-0.024266
0.056216,0.495087,-0.023452
0.058036,0.496791,-0.027313
0.057928,0.496388,-0.025279
0.061712,0.495777,-0.027357
0.060781,0.497555,-0.027685
0.060790,0.497307,-0.028025
0.064383,0.494983,-0.026852
0.063994,0.495986,-0.028141
0.068394,0.495373,-0.028580
0.070696,0.497294,-0.029485
0.069202,0.497831,-0.029525
0.071294,0.495921,-0.031156
0.072630,0.495417,-0.031421
0.074113,0.496484,-0.031704
0.075151,0.496505,-0.033909
0.075397,0.494841,-0.031316
0.078290,0.497053,-0.031242
0.079827,0.497235,-0.031452
0.081697,0.495886,-0.032619
0.084659,0.496046,-0.036018
0.083741,0.499689,-0.032990
0.085927,0.496994,-0.033955
0.087294,0.497689,-0.035683
0.090155,0.495490,-0.036491
0.088612,0.497822,-0.035375
0.092881,0.498684,-0.035100
0.093274,0.498942,-0.035528
0.094921,0.496258,-0.037256
0.095918,0.499186,-0.037155
0.099294,0.496324,-0.038451
0.099652,0.497355,-0.038327
0.099778,0.497631,-0.039296
0.101691,0.497245,-0.037413
0.103834,0.497424,-0.038985
0.104286,0.497813,-0.039491
-0.107451,0.500055,-0.031420
-0.105293,0.497464,-0.014406
-0.101749,0.495942,-0.014907
-0.104239,0.496351,-0.011800
-0.101688,0.495984,-0.008231
-0.097738,0.496152,-0.005801
-0.097973,0.495255,-0.004091
-0.095006,0.496042,-0.002864
-0.094038,0.496768,-0.000860
-0.094130,0.495611,0.000440
-0.092121,0.496084,0.003130
-0.090104,0.497208,0.003265
-0.087736,0.494328,0.003287
-0.086929,0.493174,0.006652
-0.085001,0.495528,0.009416
-0.084060,0.492814,0.009390
-0.084021,0.493286,0.011288
-0.081230,0.492030,0.010895
-0.079624,0.494844,0.012737
-0.079502,0.494205,0.012435
-0.077283,0.492208,0.016113
-0.076425,0.492935,0.016704
-0.075825,0.492613,0.017810
-0.073163,0.493702,0.018748
-0.069989,0.493210,0.019191
-0.071304,0.492610,0.018309
-0.067820,0.492820,0.022493
-0.067611,0.492633,0.022711
-0.064108,0.490494,0.022971
-0.062115,0.491139,0.023508
-0.063818,0.491950,0.024037
-0.060978,0.492776,0.024856
-0.058120,0.493508,0.026894
-0.058589,0.493050,0.027281
-0.057705,0.490205,0.028647
-0.056082,0.491439,0.027518
-0.052880,0.491675,0.029199
-0.053749,0.491675,0.030117
-0.053201,0.491069,0.031174
-0.048397,0.490486,0.032472
-0.050414,0.493040,0.032894
-0.046671,0.490628,0.031546
-0.046703,0.491898,0.032634
-0.046043,0.489992,0.033745
-0.043699,0.491895,0.033544
-0.042379,0.490872,0.032184
-0.038991,0.492291,0.032491
-0.039899,0.491844,0.033772
-0.038621,0.490856,0.033412
-0.037630,0.491224,0.033222
-0.034749,0.492427,0.031592
-0.031866,0.490017,0.032434
-0.033314,0.490037,0.030163
-0.032213,0.491934,0.030101
-0.030181,0.490583,0.029378
-0.029143,0.489404,0.029659
-0.026976,0.491791,0.029721
-0.026919,0.490256,0.028982
-0.024432,0.492795,0.027330
-0.022391,0.492565,0.028829
-0.021573,0.491042,0.027390
-0.020405,0.491567,0.026732
-0.019340,0.490617,0.027771
-0.017091,0.491609,0.025698
-0.017799,0.493125,0.024929
-0.014522,0.490833,0.024724
-0.014898,0.492256,0.024588
-0.012060,0.492363,0.025778
-0.010422,0.491754,0.023343
-0.009249,0.492669,0.023875
-0.008754,0.492874,0.023094
-0.006902,0.493086,0.022174
-0.006446,0.491173,0.023727
-0.005032,0.493325,0.021081
-0.000703,0.491152,0.022209
-0.001841,0.490050,0.018313
0.000433,0.492393,0.020959
0.000640,0.493053,0.021402
0.002353,0.490460,0.018516
0.005128,0.491164,0.018118
0.005440,0.493217,0.018231
0.006634,0.491688,0.016227
0.008376,0.493523,0.015228
0.008378,0.494437,0.013733
0.012740,0.493316,0.009414
0.013272,0.494891,0.009308
0.015424,0.496233,0.007274
0.015165,0.495695,0.005124
0.016541,0.493399,0.004779
0.017791,0.495579,0.004616
0.021259,0.494715,0.002352
0.021601,0.495706,-0.001150
0.022808,0.497396,-0.002101
0.024005,0.495449,-0.003973
0.023301,0.495464,-0.006554
0.028473,0.495053,-0.006190
0.028757,0.494092,-0.009465
0.030112,0.495917,-0.009804
0.030145,0.496543,-0.012132
0.031151,0.496052,-0.015586
0.033811,0.498397,-0.015917
0.034779,0.497725,-0.015727
0.036866,0.499111,-0.017744
0.038194,0.494941,-0.021148
0.039797,0.497422,-0.019716
0.040829,0.496805,-0.020517
0.041700,0.498781,-0.023358
0.041724,0.497328,-0.021550
0.044768,0.497764,-0.022159
0.046389,0.497362,-0.023119
0.047107,0.498208,-0.024293
0.047898,0.497627,-0.025032
0.050474,0.497104,-0.024175
0.051337,0.499257,-0.026169
0.053221,0.499124,-0.026223
0.055176,0.497235,-0.026251
0.056666,0.498143,-0.027799
0.057748,0.497042,-0.027800
0.058252,0.498617,-0.028330
0.061043,0.499374,-0.027564
0.061574,0.496803,-0.029144
0.062028,0.498572,-0.028845
0.065888,0.498225,-0.029614
0.067552,0.499645,-0.031933
0.068761,0.498647,-0.030004
0.068511,0.497670,-0.030360
0.068993,0.498133,-0.031687
0.069750,0.499711,-0.035223
0.072647,0.498137,-0.033062
0.073230,0.497993,-0.033476
0.075175,0.497542,-0.034455
0.076784,0.499311,-0.033646
0.079421,0.498879,-0.034755
0.078689,0.498949,-0.032386
0.082398,0.500855,-0.035049
0.083469,0.501673,-0.033273
0.086607,0.498415,-0.034606
0.085341,0.499669,-0.034482
0.086457,0.499268,-0.034960
0.087620,0.499917,-0.036230
0.089132,0.498573,-0.035359
0.091640,0.497642,-0.036989
0.092550,0.498399,-0.036612
0.094905,0.498534,-0.037439
0.095861,0.499540,-0.036849
0.097735,0.499063,-0.038696
0.099614,0.499702,-0.036160
0.100551,0.499567,-0.038011
0.101269,0.500375,-0.038733
0.102520,0.498089,-0.038282
0.105935,0.500471,-0.040343
-0.105179,0.500174,-0.018642
-0.101831,0.499019,-0.013270
-0.099077,0.496926,-0.011134
-0.098122,0.497155,-0.008535
-0.096486,0.496471,-0.004909
-0.096397,0.496732,-0.002723
-0.093601,0.495986,-0.001874
-0.092366,0.495508,0.001453
-0.089690,0.495943,0.001231
-0.090902,0.495545,0.003175
-0.089372,0.495641,0.004746
-0.087999,0.496231,0.007086
-0.085938,0.495118,0.008116
-0.083864,0.496490,0.009557
-0.082826,0.495439,0.011075
-0.081887,0.495985,0.010804
-0.078668,0.494388,0.012435
-0.078375,0.495664,0.013614
-0.075946,0.494888,0.014379
-0.073934,0.494803,0.015631
-0.076155,0.495074,0.015768
-0.073027,0.492325,0.017235
-0.071840,0.494045,0.018006
-0.070551,0.492224,0.021348
-0.067088,0.494284,0.022149
-0.066907,0.494402,0.022555
-0.065484,0.494628,0.022600
-0.065274,0.494615,0.023992
-0.061905,0.493298,0.025840
-0.060432,0.493528,0.024989
-0.058360,0.491443,0.027723
-0.059656,0.492872,0.028146
-0.056143,0.494353,0.028654
-0.055087,0.494028,0.030345
-0.054369,0.493834,0.031235
-0.053764,0.491859,0.031009
-0.053531,0.492985,0.031655
-0.049074,0.489513,0.032649
-0.050691,0.492101,0.032728
-0.047657,0.492184,0.032134
-0.045905,0.493068,0.031532
-0.043119,0.493475,0.034461
-0.043249,0.491517,0.033651
-0.041422,0.492334,0.033863
-0.042877,0.492155,0.033731
-0.038731,0.492993,0.033256
-0.037584,0.493889,0.033701
-0.037742,0.491515,0.032772
-0.035263,0.494336,0.031744
-0.031319,0.491806,0.031377
-0.030541,0.494360,0.031166
-0.031262,0.494160,0.030915
-0.030572,0.493285,0.028785
-0.028169,0.491534,0.027897
-0.026672,0.491609,0.029595
-0.024591,0.493045,0.027957
-0.024599,0.493396,0.028582
-0.022993,0.493849,0.027459
-0.019874,0.492514,0.028032
-0.020200,0.491760,0.027041
-0.017805,0.493054,0.027185
-0.017962,0.491612,0.024633
-0.015504,0.495703,0.024931
-0.014526,0.493347,0.024236
-0.012660,0.493645,0.026223
-0.010727,0.494094,0.025538
-0.009658,0.495191,0.024114
-0.007394,0.493655,0.023094
-0.007225,0.494782,0.025079
-0.007880,0.496077,0.022436
-0.004509,0.494880,0.023062
-0.005395,0.495510,0.023466
-0.003505,0.493435,0.023122
-0.000180,0.493482,0.021251
0.001715,0.493338,0.020911
0.000987,0.494631,0.019650
0.004457,0.494525,0.021226
0.003377,0.493862,0.019133
0.005942,0.493442,0.017885
0.007178,0.496395,0.016095
0.009615,0.495144,0.014610
0.009649,0.494834,0.013534
0.009365,0.494708,0.011253
0.012195,0.494064,0.010350
0.015149,0.495126,0.007922
0.013340,0.496948,0.004592
0.016318,0.496071,0.004905
0.016838,0.495247,0.000329
0.019627,0.495826,0.000819
0.021512,0.494810,-0.001390
0.022526,0.498341,-0.003592
0.025332,0.496068,-0.006344
0.025046,0.496746,-0.005740
0.026708,0.497631,-0.007028
0.026109,0.498712,-0.009130
0.027047,0.498521,-0.013628
0.028914,0.497355,-0.016112
0.032831,0.498316,-0.014218
0.033910,0.499435,-0.014588
0.034012,0.497115,-0.016675
0.037407,0.496527,-0.018865
0.038069,0.499182,-0.020942
0.039896,0.500646,-0.022076
0.040394,0.497609,-0.022034
0.043329,0.499744,-0.022265
0.044399,0.498475,-0.022432
0.043526,0.499068,-0.024103
0.046494,0.500275,-0.025869
0.045883,0.498998,-0.023778
0.047941,0.499434,-0.027657
0.050186,0.499968,-0.027968
0.051453,0.500701,-0.027106
0.053544,0.499411,-0.027918
0.055475,0.500567,-0.028015
0.055049,0.498744,-0.028395
0.056434,0.500147,-0.029764
0.057151,0.499196,-0.029748
0.058841,0.498919,-0.029223
0.061507,0.499487,-0.031422
0.064171,0.500367,-0.030034
0.065849,0.500741,-0.028066
0.066349,0.499007,-0.031409
0.066818,0.499897,-0.030850
0.067148,0.501473,-0.031921
0.070724,0.499013,-0.032683
0.070137,0.499109,-0.034593
0.072318,0.500581,-0.033512
0.073255,0.502279,-0.036037
0.074949,0.500383,-0.033966
0.077079,0.501638,-0.036859
0.079522,0.501453,-0.034399
0.079613,0.502030,-0.034084
0.081696,0.502481,-0.034341
0.082614,0.499685,-0.036860
0.084310,0.497987,-0.035801
0.084330,0.500836,-0.034961
0.086531,0.499794,-0.036860
0.089090,0.499758,-0.035887
0.089123,0.500775,-0.036923
0.089883,0.499054,-0.037841
0.091466,0.500550,-0.039219
0.094203,0.502005,-0.037320
0.094944,0.500889,-0.039450
0.098925,0.500250,-0.037298
0.098522,0.501059,-0.040887
0.098681,0.501324,-0.039697
0.101558,0.502430,-0.038207
0.102988,0.501076,-0.040393
-0.100819,0.500067,-0.016449
-0.100833,0.498811,-0.013375
-0.098208,0.499569,-0.011404
-0.097971,0.498646,-0.009914
-0.095558,0.499089,-0.005431
-0.095411,0.500466,-0.003949
-0.093322,0.497522,-0.000802
-0.090614,0.497983,0.001623
-0.092190,0.497642,0.000622
-0.089342,0.497574,0.003693
-0.086689,0.498650,0.004602
-0.085460,0.498990,0.005650
-0.083520,0.497797,0.008582
-0.080950,0.495673,0.010014
-0.080412,0.497463,0.010212
-0.078891,0.496992,0.012087
-0.077205,0.497055,0.013412
-0.077165,0.496203,0.015321
-0.074626,0.495281,0.015155
-0.073593,0.495615,0.016763
-0.072992,0.496442,0.017204
-0.070984,0.497160,0.018884
-0.071249,0.494789,0.019405
-0.068016,0.496126,0.022653
-0.065986,0.495401,0.023054
-0.065556,0.495568,0.024485
-0.063958,0.494583,0.024183
-0.064161,0.494531,0.027139
-0.061280,0.496494,0.026047
-0.060121,0.493716,0.029581
-0.057347,0.496105,0.029011
-0.057286,0.493911,0.028378
-0.057984,0.494627,0.029843
-0.053043,0.494349,0.031117
-0.052218,0.493988,0.032699
-0.052368,0.494757,0.030887
-0.051514,0.493102,0.030964
-0.048243,0.493807,0.032829
-0.047354,0.492520,0.033612
-0.046966,0.494319,0.035102
-0.043853,0.492244,0.032637
-0.043709,0.494823,0.033900
-0.041654,0.494604,0.033284
-0.039333,0.494253,0.032566
-0.038239,0.493892,0.033267
-0.036958,0.492529,0.033970
-0.034861,0.495324,0.033734
-0.035563,0.493802,0.031121
-0.033121,0.494979,0.031685
-0.030630,0.493487,0.030516
-0.030905,0.493469,0.031060
-0.029776,0.494190,0.028942
-0.029081,0.493442,0.029567
-0.026731,0.494501,0.029016
-0.024722,0.493928,0.028786
-0.023664,0.495443,0.028536
-0.022759,0.494099,0.029636
-0.021501,0.495632,0.028139
-0.021260,0.494719,0.028820
-0.020083,0.493462,0.027466
-0.018876,0.495924,0.027976
-0.015538,0.495229,0.026628
-0.015049,0.495543,0.026667
-0.011423,0.495706,0.024474
-0.010463,0.495238,0.025753
-0.010414,0.494650,0.026006
-0.008429,0.493616,0.025554
-0.008311,0.494879,0.025204
-0.005877,0.495583,0.023946
-0.004476,0.494547,0.023785
-0.002549,0.494992,0.024373
-0.003570,0.496134,0.021691
-0.001833,0.495307,0.020455
-0.000011,0.495889,0.021364
0.000601,0.495386,0.022040
0.003141,0.494989,0.020216
0.003931,0.494445,0.018998
0.005180,0.497187,0.018377
0.005122,0.496511,0.015499
0.010055,0.497936,0.013033
0.010382,0.497163,0.013613
0.010070,0.496807,0.011766
0.012966,0.496921,0.008852
0.014367,0.497185,0.008810
0.013845,0.496558,0.006081
0.017589,0.497901,0.005276
0.018672,0.498582,0.002587
0.020149,0.496191,-0.000099
0.022486,0.499454,-0.001018
0.022438,0.498585,-0.005691
0.024595,0.498506,-0.006575
0.024614,0.498508,-0.008702
0.026887,0.499499,-0.009949
0.027664,0.500373,-0.013609
0.028446,0.499097,-0.011231
0.029943,0.500070,-0.014242
0.033270,0.501589,-0.016417
0.034866,0.499913,-0.018633
0.032878,0.501148,-0.018148
0.035734,0.501231,-0.020386
0.037008,0.500753,-0.022869
0.039322,0.501063,-0.024836
0.042345,0.503444,-0.024576
0.042852,0.502519,-0.028069
0.042170,0.500720,-0.027475
0.045213,0.500232,-0.027157
0.044985,0.501570,-0.028361
0.045848,0.500176,-0.026096
0.048974,0.501335,-0.027833
0.050871,0.500827,-0.028813
0.052028,0.502002,-0.028681
0.053078,0.500199,-0.029825
0.053893,0.501768,-0.031210
0.057469,0.502625,-0.031406
0.056991,0.502271,-0.029881
0.059606,0.502425,-0.032235
0.058713,0.501306,-0.031835
0.062091,0.502309,-0.031939
0.061329,0.503528,-0.031279
0.064530,0.502833,-0.031412
0.066030,0.501418,-0.034398
0.064875,0.503014,-0.031959
0.068383,0.501973,-0.033833
0.069728,0.504198,-0.033348
0.070858,0.499907,-0.035598
0.072832,0.502433,-0.036172
0.074611,0.503938,-0.036311
0.077390,0.502239,-0.036793
0.076148,0.502195,-0.036277
0.079060,0.501724,-0.036545
0.080509,0.504901,-0.036377
0.081718,0.502525,-0.033949
0.082485,0.502586,-0.037339
0.084341,0.502222,-0.034990
0.085394,0.502644,-0.037373
0.087087,0.503423,-0.037251
0.088282,0.503089,-0.036703
0.089904,0.502823,-0.037564
0.090946,0.503932,-0.037339
0.092413,0.503353,-0.039684
0.096003,0.502335,-0.039540
0.095735,0.502381,-0.040934
0.095350,0.501699,-0.038114
0.098764,0.503882,-0.039649
0.099752,0.502270,-0.039970
0.101432,0.502405,-0.039294
0.102181,0.501675,-0.040662
-0.100773,0.503703,-0.020862
-0.099120,0.500738,-0.013975
-0.098021,0.500273,-0.013282
-0.095393,0.500470,-0.008377
-0.094505,0.498657,-0.005920
-0.094402,0.500896,-0.002911
-0.092892,0.496326,0.000357
-0.090473,0.502523,0.003314
-0.089040,0.499855,0.002428
-0.087876,0.497784,0.003335
-0.085898,0.499748,0.006112
-0.083892,0.498059,0.007946
-0.081176,0.497551,0.007694
-0.080267,0.499232,0.010375
-0.079648,0.499630,0.013192
-0.077797,0.499476,0.015042
-0.076441,0.499367,0.012276
-0.075951,0.496803,0.015277
-0.073579,0.497362,0.016271
-0.072286,0.496408,0.019253
-0.070173,0.497777,0.020580
-0.068941,0.497175,0.020140
-0.069195,0.496600,0.022547
-0.067141,0.496411,0.023284
-0.065288,0.495256,0.022953
-0.064568,0.496274,0.025620
-0.061748,0.496592,0.027091
-0.060564,0.498280,0.027912
-0.059021,0.496578,0.030016
-0.058875,0.497282,0.028610
-0.055114,0.496681,0.030686
-0.055212,0.496636,0.031287
-0.055824,0.495768,0.031462
-0.053959,0.494377,0.030789
-0.050444,0.493003,0.032483
-0.049014,0.495452,0.032391
-0.048321,0.493981,0.030939
-0.049635,0.495926,0.032204
-0.046063,0.496764,0.033838
-0.044644,0.494548,0.031930
-0.042067,0.497567,0.033087
-0.040917,0.494628,0.034084
-0.038566,0.496222,0.033120
-0.039420,0.495144,0.033602
-0.038192,0.494897,0.033871
-0.035097,0.496347,0.032396
-0.035856,0.494555,0.033272
-0.034468,0.495538,0.030664
-0.031528,0.495369,0.032046
-0.031906,0.495088,0.031694
-0.031050,0.497523,0.031002
-0.027665,0.497096,0.030645
-0.026680,0.496716,0.029339
-0.024646,0.495909,0.028774
-0.023208,0.495340,0.028417
-0.022268,0.496367,0.029278
-0.022766,0.495361,0.028810
-0.020429,0.497270,0.029389
-0.018419,0.495105,0.027909
-0.017929,0.496785,0.026316
-0.016162,0.496413,0.029574
-0.014905,0.498026,0.025473
-0.012713,0.493965,0.026804
-0.012900,0.495742,0.026908
-0.009876,0.497483,0.024792
-0.008193,0.498422,0.025266
-0.008653,0.497015,0.024151
-0.006644,0.496870,0.024890
-0.005896,0.497039,0.022672
-0.005058,0.497038,0.021643
-0.002671,0.495822,0.024197
-0.000057,0.496037,0.022235
-0.001545,0.497689,0.021743
0.001216,0.498257,0.020101
0.002507,0.497873,0.019098
0.005130,0.496848,0.019579
0.005102,0.497568,0.018982
0.005618,0.497465,0.016244
0.009101,0.498422,0.016471
0.012148,0.497690,0.013257
0.012385,0.498529,0.011260
0.014116,0.497939,0.010022
0.013990,0.499570,0.007292
0.015103,0.498175,0.006201
0.016177,0.498198,0.003609
0.019380,0.502145,0.002954
0.020227,0.500432,0.000221
0.021592,0.500610,-0.002904
0.020751,0.500774,-0.004117
0.025066,0.502715,-0.008025
0.025862,0.501163,-0.008083
0.026025,0.502687,-0.010778
0.028236,0.500182,-0.013928
0.028923,0.500415,-0.013611
0.031203,0.500947,-0.018145
0.029735,0.503095,-0.018145
0.033422,0.501742,-0.018812
0.036313,0.500539,-0.019684
0.036702,0.502943,-0.022692
0.037085,0.503055,-0.024575
0.037048,0.503708,-0.024799
0.041018,0.503455,-0.027547
0.041130,0.502854,-0.027452
0.043092,0.503769,-0.028667
0.044293,0.500369,-0.029316
0.046056,0.503934,-0.030547
0.046403,0.502058,-0.032389
0.049562,0.501424,-0.031262
0.049144,0.502254,-0.032653
0.052711,0.504132,-0.031671
0.052654,0.502430,-0.033827
0.053334,0.502519,-0.032960
0.055329,0.502504,-0.034135
0.057541,0.503266,-0.034041
0.056757,0.504137,-0.034312
0.058258,0.505285,-0.034249
0.063072,0.506112,-0.032026
0.062565,0.504071,-0.034914
0.065264,0.503405,-0.036012
0.066910,0.504351,-0.034016
0.066766,0.502417,-0.036700
0.066592,0.502143,-0.035810
0.070572,0.504460,-0.035645
0.072677,0.505150,-0.036662
0.070741,0.503324,-0.035528
0.075352,0.504863,-0.035627
0.076224,0.503607,-0.036055
0.077027,0.503128,-0.037963
0.079686,0.504689,-0.038163
0.079393,0.505745,-0.036076
0.081694,0.503434,-0.036694
0.082062,0.505366,-0.037597
0.083654,0.503655,-0.038786
0.085387,0.504936,-0.039281
0.086049,0.505305,-0.038446
0.088522,0.504654,-0.038313
0.089845,0.504292,-0.038618
0.091164,0.505562,-0.038681
0.093554,0.504239,-0.039844
0.093734,0.504958,-0.039364
0.096009,0.504695,-0.040807
0.098933,0.504958,-0.040022
0.097288,0.504602,-0.040361
0.099681,0.505049,-0.040317
0.101731,0.504807,-0.040581
0.103773,0.505492,-0.042112
-0.099187,0.502894,-0.018522
-0.097411,0.502312,-0.015799
-0.095859,0.501818,-0.010123
-0.094561,0.500877,-0.008375
-0.093040,0.502101,-0.005574
-0.092740,0.503168,-0.003898
-0.090339,0.502697,0.000624
-0.088372,0.500560,0.001807
-0.087429,0.500454,0.003318
-0.086292,0.500640,0.005782
-0.084032,0.500171,0.007588
-0.081697,0.500754,0.008153
-0.082442,0.499263,0.010329
-0.079347,0.498636,0.009304
-0.076882,0.500541,0.012744
-0.077899,0.498340,0.015023
-0.075371,0.497568,0.014338
-0.073833,0.499601,0.016582
-0.072337,0.497135,0.018396
-0.073623,0.497340,0.020581
-0.069616,0.499384,0.022265
-0.068152,0.498831,0.023448
-0.065120,0.498025,0.023774
-0.063517,0.498881,0.023357
-0.063507,0.498336,0.024696
-0.062449,0.498375,0.026725
-0.058835,0.498264,0.027749
-0.060039,0.497333,0.028839
-0.056529,0.498093,0.030212
-0.056401,0.497149,0.031035
-0.057628,0.496381,0.028207
-0.054394,0.496138,0.031747
-0.053788,0.497408,0.032006
-0.050651,0.497865,0.032006
-0.048777,0.495714,0.033823
-0.049250,0.496644,0.031893
-0.047263,0.499165,0.033104
-0.048464,0.496851,0.033274
-0.045292,0.496842,0.034641
-0.044163,0.495221,0.033508
-0.043480,0.496053,0.034055
-0.041972,0.496820,0.033828
-0.040236,0.497307,0.032648
-0.040171,0.496716,0.033518
-0.034669,0.496462,0.032289
-0.035828,0.497678,0.033032
-0.034836,0.495890,0.032930
-0.032681,0.497390,0.032467
-0.029176,0.498001,0.030930
-0.030669,0.496650,0.031397
-0.030311,0.497913,0.031291
-0.027350,0.497554,0.030595
-0.026852,0.496100,0.029446
-0.024492,0.496869,0.029583
-0.025135,0.498125,0.029255
-0.020808,0.496768,0.029192
-0.020153,0.499487,0.028700
-0.017685,0.497344,0.028787
-0.017819,0.497427,0.028673
-0.014982,0.497711,0.028134
-0.012724,0.497239,0.026434
-0.012517,0.495217,0.025294
-0.014071,0.497395,0.026113
-0.011090,0.497667,0.026021
-0.006955,0.498090,0.022628
-0.008912,0.498237,0.024971
-0.008188,0.498714,0.023467
-0.004713,0.497347,0.022783
-0.004350,0.497876,0.025751
-0.002455,0.499488,0.023360
-0.000833,0.497726,0.024114
0.000859,0.500242,0.023208
0.001086,0.501708,0.021508
0.004354,0.499444,0.019729
0.004216,0.498861,0.020511
0.006948,0.497266,0.018310
0.008656,0.498740,0.015978
0.008232,0.497525,0.015840
0.011141,0.498758,0.013833
0.011449,0.500108,0.011193
0.012445,0.498635,0.008050
0.013263,0.499822,0.006965
0.016551,0.501607,0.005066
0.016767,0.501847,0.004200
0.018890,0.500047,0.001627
0.019322,0.501558,0.000846
0.022380,0.501068,-0.003159
0.020685,0.502010,-0.005378
0.023010,0.502563,-0.008941
0.023723,0.504197,-0.009240
0.026124,0.502006,-0.011848
0.026842,0.503192,-0.014648
0.029264,0.504471,-0.014755
0.032806,0.503187,-0.018278
0.032722,0.505668,-0.017523
0.035216,0.503905,-0.020370
0.035243,0.503454,-0.023845
0.035104,0.503517,-0.024655
0.037289,0.504584,-0.025977
0.039354,0.503427,-0.025646
0.040913,0.505159,-0.027428
0.041221,0.505065,-0.026760
0.043024,0.506261,-0.029715
0.044027,0.503895,-0.034143
0.047360,0.506698,-0.032868
0.047982,0.504846,-0.032725
0.048480,0.505677,-0.034225
0.050594,0.506497,-0.035426
0.051650,0.507145,-0.035736
0.054640,0.505813,-0.035597
0.054109,0.504821,-0.037822
0.055033,0.505694,-0.035347
0.058999,0.505764,-0.038215
0.060575,0.504887,-0.035559
0.061242,0.506924,-0.035922
0.061611,0.504732,-0.035454
0.064399,0.505090,-0.039227
0.064625,0.507179,-0.037685
0.065591,0.505231,-0.036626
0.066965,0.504987,-0.039055
0.070083,0.504633,-0.039148
0.069384,0.507312,-0.037341
0.072071,0.506451,-0.037457
0.071053,0.506693,-0.038494
0.073681,0.504038,-0.037594
0.076768,0.506305,-0.037909
0.077753,0.505280,-0.041469
0.077978,0.503728,-0.036805
0.080430,0.506104,-0.039402
0.082727,0.505204,-0.037755
0.082728,0.506133,-0.039662
0.083621,0.506653,-0.039108
0.086321,0.505699,-0.039296
0.086453,0.508865,-0.039888
0.088969,0.506979,-0.040017
0.089932,0.504860,-0.040706
0.089456,0.505929,-0.040513
0.093994,0.505714,-0.039993
0.094069,0.507133,-0.040424
0.096623,0.505739,-0.042403
0.097583,0.506761,-0.043054
0.100364,0.504988,-0.041245
0.100449,0.506319,-0.041819
0.101232,0.507825,-0.043277
-0.098363,0.503951,-0.019610
-0.095744,0.505459,-0.015030
-0.095547,0.502315,-0.010502
-0.092778,0.504003,-0.006321
-0.093152,0.504257,-0.006942
-0.089866,0.502471,-0.003842
-0.086731,0.502440,0.000315
-0.086291,0.503489,0.003338
-0.084930,0.501270,0.005610
-0.084876,0.500764,0.006493
-0.082380,0.501909,0.006455
-0.082547,0.500866,0.010632
-0.078585,0.501967,0.010070
-0.078941,0.499370,0.014658
-0.076800,0.501372,0.015693
-0.075855,0.500489,0.016855
-0.072600,0.501835,0.015194
-0.072163,0.500042,0.018220
-0.071512,0.499849,0.020243
-0.069295,0.499709,0.022395
-0.067912,0.501196,0.022834
-0.066489,0.500089,0.023190
-0.066926,0.500066,0.027583
-0.063752,0.500464,0.028223
-0.064496,0.501120,0.027452
-0.061836,0.499888,0.027188
-0.061057,0.498872,0.030035
-0.059132,0.501224,0.030292
-0.056553,0.498638,0.032245
-0.055190,0.498844,0.032494
-0.053842,0.499328,0.032337
-0.054333,0.499997,0.033149
-0.051787,0.497619,0.032545
-0.050589,0.498159,0.034293
-0.049150,0.499945,0.034347
-0.047227,0.500629,0.032797
-0.044508,0.497515,0.034027
-0.044136,0.498666,0.032604
-0.042484,0.499075,0.033452
-0.042731,0.498927,0.033732
-0.040139,0.498631,0.034598
-0.038889,0.499514,0.034227
-0.038387,0.499112,0.034354
-0.036566,0.499227,0.032368
-0.036852,0.498364,0.033547
-0.033866,0.500774,0.034014
-0.033724,0.499263,0.033439
-0.031974,0.501510,0.031820
-0.030582,0.498856,0.031927
-0.025317,0.499374,0.031170
-0.028347,0.499614,0.031721
-0.024486,0.498437,0.029219
-0.023572,0.500199,0.029601
-0.022205,0.499268,0.030535
-0.022124,0.499149,0.029447
-0.019819,0.500814,0.028956
-0.017305,0.497883,0.029746
-0.018190,0.498865,0.028658
-0.016771,0.500414,0.027606
-0.014536,0.499100,0.028895
-0.013117,0.497305,0.025413
-0.011050,0.501026,0.027503
-0.010964,0.500453,0.025676
-0.009340,0.499258,0.025228
-0.008205,0.498576,0.025838
-0.005714,0.500536,0.026486
-0.003616,0.499280,0.023522
-0.004370,0.497607,0.024614
-0.002534,0.499488,0.023798
-0.000231,0.499584,0.022964
-0.000625,0.499360,0.023113
0.001340,0.500385,0.021370
0.002318,0.500003,0.020787
0.003939,0.499910,0.019683
0.005826,0.502042,0.017950
0.007871,0.499178,0.017296
0.009043,0.500859,0.016859
0.009656,0.500261,0.013512
0.010171,0.502069,0.012265
0.013683,0.499503,0.007917
0.013469,0.499824,0.006316
0.015678,0.502159,0.006496
0.016001,0.503558,0.002488
0.018357,0.503627,0.000326
0.017749,0.503652,-0.002511
0.022024,0.501524,-0.002212
0.022169,0.503068,-0.006473
0.025059,0.502452,-0.009474
0.025437,0.503990,-0.011995
0.028483,0.504495,-0.012010
0.027802,0.505286,-0.015389
0.030308,0.505148,-0.018061
0.031876,0.505642,-0.019096
0.032321,0.506095,-0.021475
0.034641,0.504955,-0.021840
0.034999,0.506360,-0.024464
0.037302,0.505946,-0.026193
0.038371,0.505158,-0.027703
0.038689,0.505472,-0.028766
0.041453,0.506795,-0.028687
0.041901,0.506913,-0.030909
0.043155,0.506128,-0.031458
0.043725,0.507751,-0.033570
0.045411,0.507661,-0.034717
0.046881,0.504919,-0.036616
0.049608,0.506596,-0.037821
0.051677,0.506208,-0.038135
0.051233,0.508106,-0.038345
0.053569,0.506994,-0.038400
0.053997,0.507086,-0.038283
0.053398,0.508318,-0.037684
0.057776,0.507954,-0.038701
0.057298,0.506986,-0.037494
0.060067,0.507203,-0.040727
0.060659,0.508182,-0.040281
0.063664,0.506835,-0.039424
0.064672,0.507725,-0.039976
0.064530,0.508139,-0.038776
0.066862,0.509921,-0.041071
0.068749,0.507691,-0.041355
0.072001,0.507760,-0.038458
0.070929,0.508032,-0.040373
0.073985,0.508491,-0.038676
0.075410,0.507982,-0.039543
0.075216,0.508177,-0.040043
0.078946,0.507908,-0.040095
0.077935,0.509041,-0.039447
0.080098,0.507509,-0.040536
0.079970,0.509006,-0.039876
0.082864,0.508154,-0.038593
0.083271,0.507449,-0.041620
0.084888,0.506940,-0.040080
0.086969,0.508408,-0.040968
0.088339,0.506630,-0.042391
0.090570,0.508307,-0.039938
0.092956,0.508149,-0.040897
0.091925,0.507279,-0.043346
0.093634,0.507078,-0.042184
0.096507,0.508243,-0.041240
0.096854,0.508806,-0.042261
0.098559,0.509235,-0.042692
0.100683,0.507135,-0.041885
0.100896,0.509220,-0.042967
-0.096141,0.506384,-0.021279
-0.094488,0.505175,-0.016341
-0.094394,0.504878,-0.012359
-0.090849,0.504702,-0.006281
-0.092061,0.502289,-0.004328
-0.088795,0.504838,0.000602
-0.086844,0.503809,0.000707
-0.085049,0.503680,0.005100
-0.083824,0.503565,0.004778
-0.084220,0.503386,0.007070
-0.080723,0.504577,0.009083
-0.080704,0.504091,0.008489
-0.076872,0.502371,0.013519
-0.077984,0.503615,0.014555
-0.075460,0.503967,0.016633
-0.074182,0.502724,0.017991
-0.072642,0.504249,0.019501
-0.072573,0.502515,0.021266
-0.068638,0.500903,0.021271
-0.065968,0.501470,0.024505
-0.066509,0.502961,0.024912
-0.066266,0.501350,0.026461
-0.064248,0.501353,0.028476
-0.061777,0.501234,0.027608
-0.061709,0.499277,0.028344
-0.059810,0.499573,0.028788
-0.058358,0.500053,0.028884
-0.057417,0.499754,0.030638
-0.056936,0.499781,0.030731
-0.053898,0.500348,0.033137
-0.053307,0.501599,0.032406
-0.052019,0.500981,0.033525
-0.050681,0.501281,0.033397
-0.050192,0.500890,0.032161
-0.048826,0.501210,0.034378
-0.043862,0.503212,0.035192
-0.044087,0.500526,0.033122
-0.041793,0.500170,0.034271
-0.041978,0.501465,0.033718
-0.041914,0.499597,0.033509
-0.038586,0.500760,0.034806
-0.038277,0.501505,0.034790
-0.035418,0.501662,0.033287
-0.035663,0.500712,0.034818
-0.033136,0.500748,0.034512
-0.033769,0.500698,0.034352
-0.031715,0.502240,0.033611
-0.028959,0.501109,0.033767
-0.027882,0.500379,0.031696
-0.027220,0.500910,0.033999
-0.026275,0.501065,0.033508
-0.024748,0.499281,0.030934
-0.022750,0.501065,0.031182
-0.022466,0.499647,0.030559
-0.018492,0.500943,0.029775
-0.018798,0.500115,0.028617
-0.016836,0.501845,0.028686
-0.016226,0.501000,0.029520
-0.013491,0.501405,0.028202
-0.013110,0.500088,0.027832
-0.011382,0.503473,0.026764
-0.009413,0.500600,0.025474
-0.009219,0.500373,0.026425
-0.005860,0.503391,0.024016
-0.006374,0.500538,0.025227
-0.004551,0.501771,0.024860
-0.002339,0.500522,0.025763
-0.001983,0.501004,0.023550
-0.002472,0.502177,0.021937
0.000333,0.501332,0.022976
0.001126,0.500894,0.021368
0.002484,0.503018,0.021018
0.003849,0.500608,0.020206
0.004029,0.501197,0.018914
0.008418,0.501951,0.017152
0.009547,0.502027,0.015026
0.011547,0.501573,0.014167
0.009920,0.503257,0.011798
0.011536,0.505958,0.010125
0.015172,0.503386,0.007528
0.016342,0.501713,0.005130
0.018468,0.502514,0.001316
0.016129,0.504169,-0.000836
0.018974,0.504144,-0.002315
0.021743,0.506591,-0.005023
0.024703,0.504861,-0.008334
0.023013,0.506596,-0.011252
0.024950,0.505464,-0.012714
0.025268,0.505380,-0.015853
0.028623,0.504398,-0.017203
0.028265,0.507465,-0.017013
0.030095,0.508157,-0.018313
0.033489,0.508864,-0.022129
0.033170,0.505378,-0.023451
0.033578,0.507160,-0.024993
0.037926,0.507209,-0.026941
0.037170,0.508653,-0.028570
0.039866,0.507996,-0.030391
0.041641,0.509608,-0.030801
0.041272,0.510171,-0.030620
0.043202,0.507712,-0.035475
0.044828,0.507326,-0.035175
0.047688,0.509863,-0.036341
0.048504,0.508412,-0.037694
0.048226,0.508859,-0.039036
0.051679,0.510307,-0.040257
0.052238,0.510121,-0.040044
0.051853,0.509441,-0.041053
0.053495,0.511160,-0.040830
0.056228,0.508656,-0.041900
0.058526,0.510319,-0.039377
0.059479,0.511491,-0.040589
0.058917,0.509706,-0.039358
0.062347,0.510334,-0.041898
0.061453,0.509381,-0.041413
0.066080,0.510829,-0.039455
0.065650,0.508637,-0.041674
0.067236,0.509232,-0.043501
0.069517,0.509374,-0.042188
0.069233,0.511460,-0.041183
0.072351,0.510184,-0.040449
0.073654,0.508376,-0.042425
0.073452,0.509789,-0.040616
0.075099,0.507725,-0.040900
0.078061,0.510503,-0.041155
0.080165,0.510276,-0.041243
0.079555,0.506678,-0.041116
0.081914,0.508794,-0.042175
0.083842,0.508489,-0.042676
0.083047,0.508849,-0.041726
0.085016,0.509629,-0.042266
0.085501,0.508458,-0.039979
0.088525,0.509122,-0.040785
0.088734,0.510749,-0.042076
0.090360,0.509459,-0.043351
0.092579,0.509030,-0.042878
0.093140,0.509942,-0.041469
0.096074,0.509782,-0.042314
0.096465,0.508124,-0.042898
0.099663,0.511267,-0.042482
0.099943,0.508411,-0.044842
-0.094385,0.508765,-0.016553
-0.092551,0.509315,-0.014345
-0.092961,0.505161,-0.008150
-0.091236,0.506343,-0.003421
-0.088651,0.506006,-0.001420
-0.089455,0.505684,0.000050
-0.085029,0.506098,0.002212
-0.085876,0.505438,0.005795
-0.083716,0.504053,0.006893
-0.082163,0.505765,0.011074
-0.079643,0.503057,0.011054
-0.076712,0.507622,0.011980
-0.075979,0.503417,0.014495
-0.075349,0.503038,0.016903
-0.075241,0.501840,0.018214
-0.073966,0.504952,0.018331
-0.070889,0.504181,0.021243
-0.069011,0.502879,0.022582
-0.067875,0.502320,0.025129
-0.066361,0.504811,0.024230
-0.063134,0.502712,0.026922
-0.063791,0.502773,0.028642
-0.063125,0.504314,0.029138
-0.061624,0.501639,0.027896
-0.060860,0.501729,0.029785
-0.058934,0.504229,0.030010
-0.059081,0.503089,0.031040
-0.056548,0.502024,0.034093
-0.054015,0.501194,0.033276
-0.052259,0.503072,0.034721
-0.051412,0.503321,0.033799
-0.051837,0.502168,0.033858
-0.050366,0.502090,0.033056
-0.046834,0.501915,0.033575
-0.044314,0.501236,0.035428
-0.044296,0.500709,0.034926
-0.042255,0.500355,0.035102
-0.040887,0.500131,0.035177
-0.040804,0.502762,0.033722
-0.038386,0.504283,0.032961
-0.036612,0.501722,0.036510
-0.035001,0.501749,0.033885
-0.036223,0.502102,0.032642
-0.034886,0.501684,0.034163
-0.033355,0.502083,0.033547
-0.031166,0.502027,0.034439
-0.030533,0.503610,0.035323
-0.027191,0.503297,0.034522
-0.025947,0.502459,0.033017
-0.024327,0.500949,0.032229
-0.022967,0.503044,0.032310
-0.021666,0.504677,0.031462
-0.021263,0.501694,0.030913
-0.018543,0.500568,0.031036
-0.017872,0.503742,0.030502
-0.016754,0.501057,0.028430
-0.017037,0.501931,0.028956
-0.014410,0.502797,0.029213
-0.011346,0.501499,0.027807
-0.012080,0.501346,0.025731
-0.009040,0.501870,0.027991
-0.009295,0.503928,0.027027
-0.008207,0.502349,0.027543
-0.006129,0.503139,0.027005
-0.003321,0.502483,0.025978
-0.004619,0.501994,0.025737
-0.002961,0.502269,0.023261
-0.001852,0.503681,0.022939
0.001302,0.504793,0.023815
0.003196,0.502432,0.021336
0.003807,0.504659,0.022522
0.004200,0.505235,0.019684
0.005794,0.503698,0.018500
0.005829,0.502903,0.017291
0.008042,0.502378,0.017117
0.009036,0.501436,0.014098
0.011586,0.505888,0.011680
0.014117,0.505623,0.009781
0.015766,0.506077,0.006466
0.015633,0.504747,0.005560
0.016917,0.504390,0.001029
0.018845,0.507544,-0.001312
0.019897,0.505556,-0.002093
0.022149,0.507711,-0.004883
0.023131,0.505949,-0.009158
0.022405,0.506418,-0.013021
0.024799,0.509339,-0.012250
0.026229,0.508352,-0.017354
0.028243,0.508336,-0.017894
0.028408,0.509006,-0.020386
0.029225,0.508456,-0.021025
0.031380,0.509291,-0.023859
0.034085,0.509723,-0.026482
0.035657,0.508056,-0.030013
0.037603,0.511160,-0.030885
0.035485,0.512182,-0.029910
0.038902,0.508694,-0.033346
0.041137,0.510999,-0.034344
0.041931,0.510844,-0.035160
0.043653,0.510377,-0.039164
0.043656,0.512016,-0.037734
0.044239,0.511404,-0.039540
0.048205,0.512922,-0.040434
0.048522,0.511868,-0.042832
0.050599,0.511654,-0.042105
0.052049,0.511553,-0.042840
0.053856,0.512862,-0.045021
0.053165,0.511609,-0.042169
0.055290,0.511601,-0.042757
0.057971,0.510823,-0.043333
0.059321,0.511294,-0.043039
0.060893,0.510172,-0.045511
0.064390,0.510522,-0.043879
0.063884,0.512495,-0.043286
0.063448,0.512377,-0.042255
0.066649,0.512516,-0.044467
0.068704,0.511301,-0.043322
0.070077,0.513291,-0.044275
0.068917,0.512424,-0.042781
0.072300,0.510460,-0.044997
0.070527,0.511180,-0.042070
0.073829,0.511273,-0.042784
0.077130,0.511406,-0.043405
0.076287,0.510988,-0.042995
0.078540,0.510201,-0.043871
0.078546,0.511260,-0.041601
0.082917,0.509378,-0.042467
0.083984,0.510495,-0.042807
0.083287,0.510891,-0.042376
0.086078,0.512260,-0.042627
0.086238,0.511068,-0.043210
0.087169,0.511121,-0.042306
0.089271,0.511903,-0.042674
0.090942,0.512086,-0.044468
0.092705,0.511256,-0.043198
0.093302,0.510855,-0.042931
0.094917,0.511864,-0.045206
0.096171,0.510935,-0.042212
0.098968,0.511282,-0.043154
0.100004,0.511558,-0.044072
-0.093167,0.509348,-0.015386
-0.092445,0.508842,-0.009330
-0.090138,0.508245,-0.006270
-0.087376,0.506574,-0.004879
-0.085904,0.507546,-0.000284
-0.085631,0.507057,0.002724
-0.086294,0.507323,0.004395
-0.083462,0.506237,0.006384
-0.080636,0.507489,0.009091
-0.078440,0.506364,0.010037
-0.077309,0.505749,0.011175
-0.076410,0.507317,0.014811
-0.075972,0.503710,0.019077
-0.074187,0.505663,0.020116
-0.072358,0.505342,0.019409
-0.070588,0.504332,0.019928
-0.070744,0.504494,0.021550
-0.068528,0.504808,0.023880
-0.067219,0.503702,0.025550
-0.065039,0.504068,0.027706
-0.063443,0.503564,0.028311
-0.063147,0.505538,0.028209
-0.061087,0.502958,0.030648
-0.060138,0.502721,0.030616
-0.059158,0.503618,0.029808
-0.057329,0.504514,0.032092
-0.055386,0.503797,0.032444
-0.053244,0.503353,0.034496
-0.051766,0.504260,0.032915
-0.051783,0.504771,0.032422
-0.049988,0.504438,0.033609
-0.047879,0.504212,0.034811
-0.047448,0.503835,0.035263
-0.046622,0.505058,0.034456
-0.044169,0.504165,0.035572
-0.043079,0.502022,0.034703
-0.041410,0.502703,0.036060
-0.041740,0.499661,0.033331
-0.039547,0.502722,0.035552
-0.038261,0.502645,0.032832
-0.036834,0.503212,0.033689
-0.035666,0.501822,0.034578
-0.035198,0.502928,0.033440
-0.031126,0.504870,0.033425
-0.031093,0.505374,0.033849
-0.028540,0.503205,0.032317
-0.028437,0.504127,0.033627
-0.026236,0.503123,0.033183
-0.025674,0.504120,0.032139
-0.023925,0.503493,0.032341
-0.022023,0.503763,0.032437
-0.021773,0.503507,0.031249
-0.019558,0.503340,0.031467
-0.017134,0.505289,0.031049
-0.014959,0.503628,0.031058
-0.015714,0.505478,0.030146
-0.015661,0.504732,0.030157
-0.011932,0.501227,0.029728
-0.011512,0.504907,0.027422
-0.010285,0.504162,0.028133
-0.009271,0.503113,0.026194
-0.007950,0.505607,0.025732
-0.005791,0.504852,0.027269
-0.007642,0.505140,0.026348
-0.002576,0.505047,0.025688
-0.003032,0.505181,0.025866
-0.000547,0.503901,0.022614
0.001635,0.507197,0.024598
0.001272,0.505681,0.020856
0.001941,0.504864,0.022691
0.005049,0.505540,0.021185
0.005433,0.506873,0.020156
0.007826,0.506938,0.019031
0.008728,0.504580,0.017319
0.008405,0.505830,0.017047
0.011901,0.506758,0.013272
0.012434,0.505877,0.009491
0.012666,0.507389,0.009455
0.015247,0.508245,0.004144
0.016762,0.507135,0.003221
0.020903,0.509035,-0.000092
0.021188,0.508312,-0.003675
0.021206,0.511048,-0.007298
0.023276,0.507181,-0.007184
0.023160,0.508066,-0.012575
0.025463,0.509918,-0.013636
0.027465,0.510917,-0.015663
0.030053,0.510939,-0.017270
0.030228,0.510079,-0.021804
0.030657,0.510744,-0.024337
0.032027,0.510753,-0.026760
0.031103,0.512152,-0.026831
0.034033,0.510085,-0.032705
0.037856,0.511985,-0.032057
0.037583,0.511353,-0.034147
0.038063,0.511665,-0.035519
0.039985,0.511273,-0.036245
0.043272,0.513113,-0.038421
0.043757,0.512114,-0.039968
0.043837,0.512809,-0.041662
0.045681,0.510923,-0.041282
0.048086,0.513285,-0.043211
0.047287,0.512744,-0.043833
0.051448,0.511632,-0.043221
0.052455,0.512556,-0.044063
0.053714,0.514105,-0.043488
0.055016,0.512767,-0.045212
0.055784,0.514251,-0.045309
0.056083,0.514131,-0.044411
0.059243,0.512761,-0.045659
0.061458,0.513439,-0.046459
0.061205,0.514671,-0.046479
0.063904,0.512392,-0.045777
0.063926,0.514592,-0.047161
0.067182,0.514521,-0.046137
0.068626,0.513713,-0.046207
0.067502,0.513734,-0.046108
0.072275,0.512943,-0.045598
0.071172,0.511645,-0.043373
0.073240,0.512638,-0.046071
0.073781,0.512295,-0.044570
0.075464,0.514802,-0.043711
0.077579,0.512264,-0.043444
0.078132,0.513165,-0.043908
0.080958,0.513911,-0.044637
0.083648,0.513256,-0.042809
0.082388,0.513331,-0.042180
0.083652,0.513896,-0.044427
0.086042,0.512525,-0.044081
0.087518,0.512850,-0.044193
0.088782,0.513126,-0.043402
0.090707,0.514856,-0.044245
0.091403,0.510974,-0.046236
0.093941,0.514549,-0.045161
0.095728,0.514242,-0.045781
0.095023,0.513901,-0.045461
0.096589,0.512068,-0.045924
0.099927,0.514601,-0.045169
0.100302,0.513331,-0.045826
-0.092675,0.509701,-0.017122
-0.092742,0.511226,-0.012062
-0.090708,0.510218,-0.009665
-0.090970,0.511316,-0.004175
-0.085248,0.506770,-0.000712
-0.085739,0.509002,0.001170
-0.083958,0.508313,0.002787
-0.082148,0.509509,0.004806
-0.082704,0.508731,0.007381
-0.080807,0.508492,0.008681
-0.077452,0.510105,0.013096
-0.079165,0.506742,0.014182
-0.073876,0.505507,0.016022
-0.074093,0.508230,0.018640
-0.072142,0.506803,0.020206
-0.072551,0.505429,0.022613
-0.068840,0.504768,0.023667
-0.068401,0.506668,0.025559
-0.067623,0.506888,0.027034
-0.064666,0.506211,0.026531
-0.064240,0.505506,0.029234
-0.064824,0.504847,0.029475
-0.062439,0.505357,0.028778
-0.060374,0.506496,0.030976
-0.059361,0.505412,0.031441
-0.057772,0.506813,0.033084
-0.055743,0.505393,0.032208
-0.054397,0.504211,0.032344
-0.052558,0.505304,0.032779
-0.050343,0.506090,0.035064
-0.050679,0.504731,0.033880
-0.050231,0.505905,0.034817
-0.047886,0.505686,0.035129
-0.047682,0.505448,0.033509
-0.044072,0.505563,0.033025
-0.043460,0.504740,0.035371
-0.040391,0.505357,0.035341
-0.040312,0.504149,0.034679
-0.037738,0.505068,0.034604
-0.036893,0.504902,0.034863
-0.037317,0.504470,0.035214
-0.033085,0.504852,0.033536
-0.032693,0.506829,0.036478
-0.033241,0.505694,0.034360
-0.031449,0.505263,0.034908
-0.030352,0.504619,0.034572
-0.028393,0.504975,0.034738
-0.025839,0.504402,0.033698
-0.025600,0.504678,0.032051
-0.026084,0.503701,0.033252
-0.023117,0.504845,0.032430
-0.019081,0.506551,0.033144
-0.020806,0.506150,0.033122
-0.017618,0.506214,0.031599
-0.017387,0.504894,0.030807
-0.015482,0.506302,0.029123
-0.015519,0.504310,0.030166
-0.011949,0.507084,0.029229
-0.011177,0.507464,0.028912
-0.009147,0.505767,0.027757
-0.008819,0.505395,0.028613
-0.006828,0.506516,0.026898
-0.006186,0.507311,0.027702
-0.005443,0.506456,0.025224
-0.003747,0.506308,0.024801
-0.002191,0.504880,0.024010
-0.001313,0.507884,0.021738
0.000923,0.508071,0.024666
0.000842,0.506274,0.023318
0.002514,0.506797,0.022961
0.003163,0.507505,0.021469
0.004655,0.504738,0.019853
0.007812,0.507712,0.016215
0.006775,0.506287,0.015098
0.009324,0.505807,0.014679
0.012305,0.507549,0.012694
0.011555,0.507743,0.011068
0.014101,0.507957,0.005762
0.015611,0.506852,0.006130
0.016578,0.509698,0.002225
0.016828,0.510082,-0.003456
0.020869,0.510637,-0.004909
0.020061,0.510455,-0.007524
0.021273,0.510896,-0.008826
0.023306,0.510853,-0.015116
0.023930,0.510069,-0.017114
0.027137,0.511803,-0.019082
0.028788,0.513885,-0.021191
0.029912,0.512671,-0.024759
0.030826,0.513556,-0.027765
0.033230,0.513498,-0.030495
0.031547,0.514050,-0.031569
0.035957,0.512522,-0.034494
0.035827,0.513829,-0.036831
0.040263,0.512671,-0.037716
0.037462,0.513300,-0.038280
0.041382,0.514970,-0.039964
0.042540,0.514163,-0.041420
0.043130,0.515577,-0.042152
0.046108,0.514188,-0.044839
0.046585,0.514155,-0.045788
0.047953,0.515447,-0.046173
0.047823,0.514310,-0.046577
0.050866,0.514089,-0.047757
0.053658,0.514067,-0.048771
0.053922,0.514442,-0.047185
0.055176,0.514976,-0.047723
0.056843,0.514375,-0.048171
0.058307,0.515164,-0.049904
0.057623,0.516633,-0.046140
0.060392,0.515655,-0.047896
0.061882,0.516173,-0.048781
0.061903,0.515971,-0.048386
0.066893,0.516232,-0.047767
0.067194,0.514869,-0.047608
0.068098,0.515366,-0.047977
0.067102,0.515689,-0.045727
0.069708,0.513453,-0.045479
0.072279,0.514338,-0.048791
0.073619,0.515410,-0.047233
0.075669,0.516075,-0.046505
0.076145,0.514949,-0.045101
0.078351,0.515386,-0.045484
0.077661,0.515980,-0.044812
0.078806,0.515039,-0.046215
0.082530,0.513551,-0.045278
0.082867,0.514636,-0.043808
0.084938,0.515388,-0.044056
0.084497,0.516680,-0.043999
0.086541,0.515079,-0.044781
0.088028,0.514327,-0.045145
0.089077,0.513086,-0.045870
0.090225,0.515691,-0.044513
0.091972,0.514316,-0.046350
0.094091,0.514314,-0.047542
0.097358,0.515365,-0.046863
0.096951,0.514440,-0.045743
0.099222,0.514281,-0.044662
-0.092935,0.510165,-0.015468
-0.090747,0.511159,-0.009347
-0.089675,0.511092,-0.006550
-0.085733,0.511844,-0.002916
-0.085323,0.511890,0.000070
-0.085605,0.511268,0.002315
-0.082853,0.510790,0.003340
-0.079754,0.509416,0.007408
-0.078983,0.509720,0.010149
-0.078595,0.509420,0.012877
-0.075216,0.509085,0.016299
-0.075208,0.510012,0.017354
-0.075339,0.507184,0.018292
-0.072455,0.509281,0.021065
-0.069509,0.507379,0.022463
-0.068295,0.507196,0.023065
-0.067813,0.507108,0.025165
-0.066546,0.509546,0.026675
-0.066426,0.507377,0.025669
-0.063361,0.506807,0.029328
-0.063277,0.506409,0.029511
-0.060607,0.506212,0.028613
-0.059394,0.506732,0.029218
-0.057591,0.508004,0.032144
-0.057913,0.507300,0.031236
-0.057503,0.505396,0.032025
-0.053184,0.506034,0.032379
-0.052080,0.505729,0.033701
-0.051278,0.505807,0.032281
-0.052311,0.506184,0.034624
-0.048465,0.504985,0.034016
-0.047146,0.508514,0.035071
-0.046327,0.509330,0.036586
-0.045665,0.505879,0.033740
-0.043523,0.506470,0.035419
-0.041258,0.507247,0.035797
-0.041392,0.504901,0.035370
-0.038743,0.506373,0.035039
-0.038182,0.507097,0.035484
-0.035711,0.504308,0.035920
-0.035244,0.506236,0.035628
-0.034136,0.507491,0.033324
-0.030721,0.506691,0.035455
-0.030760,0.506996,0.036307
-0.027359,0.506757,0.033667
-0.028313,0.505074,0.034632
-0.026336,0.506474,0.034019
-0.025562,0.507736,0.033455
-0.023758,0.507669,0.033658
-0.023495,0.508162,0.032735
-0.019361,0.508666,0.032809
-0.019773,0.507588,0.031423
-0.018122,0.506571,0.031329
-0.017525,0.510117,0.031738
-0.017595,0.506496,0.030877
-0.014261,0.507600,0.030613
-0.014445,0.506921,0.031095
-0.012223,0.508388,0.028067
-0.010561,0.506890,0.028382
-0.008852,0.507613,0.029201
-0.007825,0.506983,0.025038
-0.004894,0.508144,0.026696
-0.005505,0.506524,0.026807
-0.002777,0.508411,0.025296
-0.001892,0.508044,0.024611
-0.000283,0.508656,0.024310
0.000841,0.507870,0.023905
0.002974,0.509038,0.022821
0.003712,0.507939,0.021078
0.003924,0.506588,0.021164
0.005058,0.506741,0.017712
0.009673,0.509228,0.017382
0.009177,0.508062,0.018472
0.010614,0.508935,0.013135
0.010790,0.508608,0.013520
0.012989,0.509541,0.009825
0.013962,0.509033,0.007554
0.016724,0.511758,0.004636
0.017874,0.511639,0.001892
0.019255,0.512413,-0.002799
0.019985,0.512081,-0.006217
0.023415,0.511044,-0.008074
0.019940,0.511493,-0.013420
0.024635,0.513273,-0.015252
0.024309,0.512920,-0.019761
0.025046,0.513657,-0.021570
0.028116,0.513115,-0.024487
0.030255,0.513934,-0.027339
0.029986,0.514754,-0.030637
0.033023,0.516518,-0.031032
0.031314,0.516332,-0.033641
0.033293,0.516779,-0.036082
0.037833,0.516992,-0.040251
0.037877,0.516483,-0.042369
0.039201,0.516756,-0.042672
0.040824,0.516135,-0.043862
0.042890,0.516280,-0.046340
0.043721,0.516914,-0.046662
0.044182,0.517546,-0.046708
0.045145,0.517104,-0.049477
0.049653,0.516284,-0.050442
0.048602,0.516936,-0.050336
0.050111,0.516578,-0.051746
0.050984,0.516107,-0.050295
0.052376,0.516752,-0.051050
0.052723,0.519126,-0.050963
0.056876,0.518539,-0.049275
0.057979,0.518777,-0.049689
0.059729,0.515776,-0.052019
0.061227,0.518405,-0.050448
0.063402,0.516259,-0.051728
0.064247,0.518332,-0.052048
0.065315,0.520514,-0.050118
0.064657,0.517177,-0.048932
0.068934,0.516223,-0.049496
0.068887,0.516448,-0.049556
0.070668,0.517856,-0.047899
0.072559,0.516808,-0.047293
0.076047,0.518422,-0.046933
0.074412,0.515848,-0.047413
0.077531,0.517736,-0.047971
0.077573,0.516580,-0.046216
0.078402,0.517016,-0.048535
0.079568,0.516595,-0.047584
0.082029,0.516941,-0.045536
0.083341,0.515021,-0.048072
0.086476,0.517094,-0.046312
0.086627,0.515398,-0.045408
0.087329,0.515517,-0.047423
0.087453,0.515434,-0.048494
0.090562,0.516573,-0.045997
0.090991,0.518665,-0.047581
0.093277,0.518314,-0.045791
0.094011,0.515700,-0.045813
0.095134,0.517532,-0.048210
0.097755,0.516450,-0.046609
0.098069,0.518534,-0.046898
-0.091384,0.512866,-0.013447
-0.089259,0.512115,-0.007241
-0.088307,0.512285,-0.004467
-0.087626,0.514305,0.001910
-0.082844,0.510461,0.001325
-0.082681,0.511230,0.005600
-0.081427,0.511369,0.006201
-0.079941,0.511229,0.010431
-0.079163,0.510681,0.015508
-0.077700,0.510939,0.014494
-0.076170,0.510426,0.020664
-0.074042,0.511385,0.020877
-0.073450,0.511205,0.020642
-0.070242,0.508733,0.023273
-0.068974,0.509862,0.023886
-0.067625,0.509617,0.026228
-0.068034,0.509454,0.026632
-0.066062,0.508113,0.030091
-0.063961,0.510321,0.029537
-0.062458,0.510051,0.029917
-0.062731,0.510588,0.030859
-0.059251,0.508718,0.029803
-0.057736,0.510302,0.033440
-0.056212,0.509045,0.031015
-0.056883,0.508935,0.033232
-0.054890,0.508047,0.033729
-0.052524,0.506413,0.033763
-0.048969,0.507235,0.034482
-0.050746,0.508374,0.034871
-0.049300,0.508923,0.033828
-0.048402,0.507176,0.035206
-0.045102,0.509847,0.037289
-0.044509,0.508060,0.036443
-0.043200,0.508440,0.036503
-0.042778,0.506194,0.035758
-0.041591,0.508715,0.032570
-0.039255,0.508687,0.036274
-0.038395,0.509412,0.034818
-0.038184,0.509476,0.034344
-0.034639,0.507358,0.035134
-0.032990,0.507220,0.035400
-0.032432,0.507088,0.035463
-0.030556,0.507775,0.035738
-0.028623,0.508722,0.034537
-0.027016,0.508018,0.034484
-0.026004,0.507775,0.034824
-0.024968,0.509032,0.034681
-0.024516,0.509292,0.034418
-0.022728,0.506976,0.033446
-0.021523,0.507412,0.033319
-0.018731,0.507797,0.030182
-0.020624,0.509244,0.031907
-0.016060,0.509289,0.031873
-0.017373,0.508854,0.030594
-0.014710,0.507441,0.029343
-0.012782,0.510453,0.031647
-0.011344,0.509204,0.030894
-0.011703,0.509398,0.030189
-0.008896,0.510636,0.030143
-0.005780,0.509686,0.026008
-0.006695,0.508025,0.027302
-0.004646,0.508515,0.025004
-0.003126,0.508961,0.027645
-0.003014,0.509938,0.024482
-0.001709,0.509536,0.024179
-0.000350,0.509492,0.023950
0.002428,0.509232,0.022887
0.003386,0.508935,0.020900
0.005582,0.510697,0.020861
0.005784,0.509900,0.019711
0.006887,0.512059,0.015805
0.008791,0.511780,0.017296
0.010253,0.510955,0.014833
0.009572,0.511799,0.010924
0.012278,0.510324,0.009880
0.013625,0.513115,0.007365
0.014240,0.512411,0.004741
0.013935,0.513522,0.001315
0.017758,0.512543,-0.004473
0.018458,0.512458,-0.006162
0.022521,0.514255,-0.010775
0.022388,0.513476,-0.014033
0.024341,0.511907,-0.016191
0.024117,0.513704,-0.022419
0.027880,0.513485,-0.024759
0.027768,0.517120,-0.028381
0.028247,0.516069,-0.030967
0.031434,0.516805,-0.032871
0.031963,0.517227,-0.036509
0.031574,0.517643,-0.038310
0.036693,0.517251,-0.041479
0.036248,0.519188,-0.048552
0.037921,0.518940,-0.049506
0.039331,0.516704,-0.047052
0.039931,0.519512,-0.048659
0.042456,0.519356,-0.047987
0.043679,0.519672,-0.051397
0.044926,0.517445,-0.053853
0.045209,0.518884,-0.050110
0.046464,0.519458,-0.051483
0.048007,0.519495,-0.052855
0.051712,0.520842,-0.051875
0.052362,0.518118,-0.051767
0.053162,0.518543,-0.052086
0.053846,0.520092,-0.051679
0.056233,0.519745,-0.054372
0.058228,0.520630,-0.053642
0.058571,0.519470,-0.052809
0.060575,0.519956,-0.051131
0.062853,0.517806,-0.051885
0.063637,0.519110,-0.055388
0.064387,0.520451,-0.052194
0.066504,0.520196,-0.051823
0.066360,0.519223,-0.050759
0.069501,0.518391,-0.048623
0.070589,0.517754,-0.049843
0.073134,0.517946,-0.050203
0.072845,0.518170,-0.051049
0.073352,0.519491,-0.050072
0.076302,0.518996,-0.048969
0.077355,0.518875,-0.051408
0.079000,0.520266,-0.049642
0.080060,0.520253,-0.046755
0.081749,0.517337,-0.049398
0.082677,0.517525,-0.045739
0.085094,0.518626,-0.049211
0.084742,0.517111,-0.048897
0.086282,0.518951,-0.047994
0.089520,0.518851,-0.049250
0.090474,0.518455,-0.048651
0.089786,0.518118,-0.047747
0.091296,0.518404,-0.048726
0.093345,0.516487,-0.049551
0.096549,0.519186,-0.049153
0.096966,0.519315,-0.047903
-0.090821,0.517325,-0.017253
-0.089455,0.513548,-0.010307
-0.086726,0.512137,-0.004152
-0.085969,0.513614,-0.000194
-0.084075,0.512365,0.003067
-0.083392,0.514300,0.003338
-0.080316,0.513205,0.006963
-0.080248,0.513850,0.009787
-0.080724,0.511851,0.011443
-0.074246,0.510653,0.015752
-0.075525,0.511106,0.020470
-0.072666,0.510489,0.018253
-0.072236,0.510319,0.020693
-0.071236,0.509618,0.023798
-0.070070,0.510639,0.023983
-0.067869,0.511707,0.025267
-0.067708,0.510002,0.028034
-0.065127,0.509518,0.029451
-0.063437,0.510511,0.028688
-0.061929,0.509976,0.028621
-0.060137,0.510057,0.030776
-0.060491,0.508841,0.030466
-0.057676,0.509498,0.031407
-0.057452,0.509837,0.031414
-0.056699,0.511079,0.033279
-0.055400,0.510780,0.033257
-0.053529,0.509346,0.035659
-0.053276,0.510056,0.032871
-0.049920,0.509366,0.035949
-0.046958,0.509740,0.036154
-0.047265,0.511558,0.035307
-0.045791,0.510257,0.035436
-0.047025,0.509960,0.035385
-0.043379,0.509916,0.037050
-0.041487,0.509203,0.038002
-0.039964,0.509039,0.036472
-0.039319,0.510230,0.035771
-0.038157,0.509766,0.037998
-0.037485,0.508789,0.036306
-0.033428,0.508991,0.037031
-0.034137,0.508793,0.034889
-0.032166,0.509619,0.035787
-0.032433,0.510020,0.036775
-0.030621,0.509356,0.034006
-0.029365,0.509804,0.036348
-0.028244,0.508360,0.035893
-0.025284,0.509013,0.035480
-0.024804,0.509621,0.034048
-0.022910,0.508650,0.034667
-0.022183,0.509340,0.034688
-0.018847,0.510343,0.032594
-0.018755,0.510015,0.035092
-0.016012,0.510377,0.031589
-0.015570,0.507596,0.032621
-0.014687,0.510247,0.031559
-0.011660,0.509908,0.030431
-0.012473,0.510006,0.030163
-0.013405,0.511974,0.027825
-0.009571,0.510872,0.030171
-0.008334,0.511202,0.027782
-0.006985,0.511625,0.028532
-0.005784,0.510443,0.026059
-0.003592,0.509638,0.023612
-0.003513,0.511691,0.025187
-0.001706,0.511344,0.023462
-0.000548,0.511099,0.022066
0.003775,0.512287,0.023956
0.003664,0.512117,0.023477
0.003284,0.511153,0.021008
0.005716,0.511186,0.018523
0.007446,0.511256,0.016434
0.009264,0.512048,0.017726
0.010766,0.512200,0.014477
0.011218,0.512101,0.012095
0.010719,0.512992,0.009203
0.015403,0.516218,0.007070
0.015240,0.513352,0.004491
0.016202,0.513486,-0.000772
0.018037,0.514770,-0.001675
0.020972,0.516146,-0.007337
0.020464,0.515104,-0.011388
0.022653,0.514684,-0.015791
0.023986,0.514913,-0.017983
0.026888,0.517686,-0.023202
0.026450,0.516267,-0.027374
0.029092,0.516715,-0.033072
0.028207,0.519101,-0.035386
0.030584,0.519233,-0.038277
0.031109,0.520610,-0.042120
0.032503,0.520124,-0.044982
0.035029,0.519987,-0.049142
0.036717,0.520611,-0.050819
0.037257,0.521778,-0.051663
0.039746,0.521179,-0.052896
0.041277,0.521104,-0.053537
0.041869,0.519331,-0.054799
0.044823,0.521758,-0.054125
0.043505,0.522259,-0.056350
0.046126,0.521484,-0.055985
0.047199,0.520725,-0.055935
0.048202,0.520203,-0.054191
0.050478,0.522325,-0.056181
0.051747,0.520747,-0.055983
0.053931,0.520684,-0.055861
0.056296,0.520511,-0.056411
0.055963,0.520561,-0.055048
0.057510,0.520761,-0.055612
0.059315,0.520692,-0.056905
0.060090,0.522779,-0.056465
0.062521,0.522069,-0.055807
0.063137,0.521621,-0.053461
0.064519,0.520110,-0.053965
0.066014,0.521608,-0.052882
0.067204,0.522306,-0.051765
0.067282,0.519841,-0.054878
0.069272,0.521790,-0.053699
0.071264,0.520882,-0.053074
0.072406,0.520618,-0.054266
0.075770,0.520318,-0.053038
0.076135,0.518884,-0.052694
0.078464,0.519929,-0.053269
0.079286,0.522260,-0.052556
0.079506,0.523418,-0.051537
0.081631,0.519579,-0.052251
0.082013,0.520181,-0.051017
0.085199,0.521745,-0.050497
0.082458,0.521014,-0.049345
0.087784,0.520090,-0.048827
0.089020,0.520254,-0.048132
0.089277,0.519639,-0.050212
0.091563,0.519794,-0.048951
0.094061,0.521193,-0.050562
0.094639,0.521615,-0.052268
0.094619,0.519720,-0.049848
-0.088578,0.515759,-0.009759
-0.085857,0.517672,-0.007694
-0.085546,0.513468,0.000342
-0.086229,0.518202,0.000054
-0.083545,0.515131,0.003975
-0.079311,0.513841,0.007848
-0.079052,0.514108,0.010160
-0.076264,0.513020,0.013913
-0.077914,0.514437,0.017569
-0.074741,0.511726,0.017555
-0.074456,0.512931,0.020595
-0.072370,0.512840,0.023370
-0.071833,0.511964,0.024660
-0.070668,0.510158,0.024303
-0.068258,0.512735,0.027712
-0.066227,0.512091,0.028616
-0.066582,0.512097,0.026549
-0.063877,0.512647,0.028300
-0.062654,0.511094,0.030187
-0.060160,0.511434,0.030444
-0.059158,0.511236,0.031536
-0.059596,0.511267,0.032271
-0.058483,0.511404,0.032031
-0.057601,0.509840,0.033732
-0.054212,0.510640,0.034655
-0.052605,0.510775,0.034233
-0.050317,0.509809,0.034445
-0.050321,0.512480,0.033788
-0.046453,0.510938,0.035597
-0.047738,0.511107,0.036694
-0.045250,0.512535,0.034138
-0.045413,0.511926,0.035881
-0.044622,0.510837,0.036962
-0.040836,0.510826,0.037330
-0.039591,0.509357,0.035509
-0.037687,0.511448,0.034979
-0.036345,0.511927,0.037431
-0.037767,0.511862,0.036661
-0.035886,0.509755,0.036537
-0.034387,0.513006,0.035158
-0.032105,0.510866,0.037128
-0.030991,0.511465,0.037846
-0.027123,0.510861,0.036197
-0.028703,0.510522,0.036123
-0.026136,0.513000,0.035055
-0.025311,0.511277,0.036175
-0.025248,0.511898,0.035251
-0.022840,0.512170,0.035310
-0.021109,0.512488,0.033942
-0.020476,0.511049,0.035389
-0.017957,0.511841,0.033993
-0.016303,0.511040,0.031689
-0.016595,0.511657,0.031592
-0.014589,0.510875,0.032319
-0.014438,0.514039,0.032911
-0.012848,0.511081,0.029752
-0.010903,0.510790,0.030412
-0.009873,0.512170,0.029106
-0.009668,0.512106,0.028050
-0.004791,0.512741,0.027966
-0.005310,0.512692,0.025347
-0.002919,0.513508,0.026237
-0.002473,0.511587,0.025413
-0.001946,0.512725,0.023057
-0.000180,0.513160,0.023776
0.000970,0.514243,0.021034
0.002447,0.513817,0.022909
0.002507,0.512763,0.020607
0.006769,0.512434,0.020978
0.008632,0.513793,0.018035
0.008743,0.512891,0.016230
0.011543,0.513744,0.014157
0.010036,0.516094,0.012629
0.012131,0.512725,0.010061
0.013380,0.514079,0.007813
0.015847,0.514912,0.004722
0.015198,0.515823,-0.001498
0.017768,0.516992,-0.006226
0.019800,0.518068,-0.009872
0.023823,0.519012,-0.012445
0.023415,0.519885,-0.016799
0.023761,0.517817,-0.022629
0.025440,0.519579,-0.026391
0.028415,0.519155,-0.030072
0.029278,0.518940,-0.036599
0.029494,0.520059,-0.040884
0.029894,0.522238,-0.046523
0.031708,0.522860,-0.050865
0.046232,0.525196,-0.068986
0.047363,0.524444,-0.068018
0.047211,0.524658,-0.067531
0.051426,0.525267,-0.067666
0.053218,0.524276,-0.064526
0.053069,0.521631,-0.065028
0.054814,0.523423,-0.061964
0.056454,0.524247,-0.061115
0.058729,0.522813,-0.061527
0.059555,0.523015,-0.059856
0.060841,0.523028,-0.057553
0.061758,0.522192,-0.058704
0.062350,0.523208,-0.057373
0.062767,0.523816,-0.057736
0.065659,0.522481,-0.055942
0.066838,0.522336,-0.056394
0.068113,0.522123,-0.055851
0.070382,0.522995,-0.056885
0.071461,0.522685,-0.057041
0.073123,0.521483,-0.054650
0.076264,0.524378,-0.055280
0.077134,0.521338,-0.055716
0.077133,0.522074,-0.054744
0.078172,0.521539,-0.055293
0.080087,0.520952,-0.052806
0.080858,0.522345,-0.053664
0.083293,0.521048,-0.054797
0.082478,0.523398,-0.053827
0.086515,0.522001,-0.053163
0.087213,0.523063,-0.053268
0.089752,0.522603,-0.051268
0.091071,0.522333,-0.051021
0.091431,0.523574,-0.052415
0.092340,0.522950,-0.052601
0.094301,0.523688,-0.052845
0.097352,0.524694,-0.053355
-0.089766,0.519535,-0.018372
-0.087341,0.518187,-0.007771
-0.085563,0.517299,-0.002201
-0.086209,0.516307,0.001929
-0.083068,0.516017,0.005848
-0.081516,0.519195,0.009139
-0.080262,0.516426,0.011324
-0.079007,0.515610,0.015465
-0.076495,0.515262,0.017796
-0.076028,0.515155,0.017757
-0.076135,0.514860,0.021400
-0.072048,0.513287,0.023384
-0.072314,0.515668,0.023347
-0.068441,0.513823,0.027351
-0.068493,0.514737,0.026613
-0.067663,0.513581,0.027317
-0.066908,0.514871,0.029147
-0.064835,0.514728,0.031276
-0.062042,0.513243,0.030781
-0.061161,0.512192,0.030470
-0.058500,0.514528,0.032369
-0.057339,0.513708,0.034749
-0.057778,0.513131,0.033940
-0.055429,0.513129,0.033153
-0.053204,0.511921,0.032866
-0.053155,0.512374,0.034143
-0.050588,0.511798,0.034995
-0.049182,0.514681,0.035467
-0.049720,0.512071,0.036380
-0.049227,0.512662,0.036450
-0.046013,0.512571,0.035281
-0.043508,0.510510,0.036121
-0.043638,0.512116,0.037378
-0.042780,0.512101,0.035930
-0.040546,0.513022,0.037761
-0.040528,0.511875,0.037319
-0.038006,0.513232,0.037463
-0.035517,0.511524,0.036612
-0.034033,0.512590,0.038403
-0.033564,0.510462,0.037581
-0.032510,0.511777,0.036450
-0.029749,0.512576,0.037861
-0.028939,0.512893,0.035461
-0.026502,0.512288,0.037079
-0.025448,0.510359,0.035879
-0.027337,0.512156,0.034899
-0.024610,0.512480,0.035757
-0.024513,0.513446,0.035551
-0.021421,0.514894,0.035780
-0.018983,0.513426,0.035039
-0.018334,0.513464,0.034864
-0.017711,0.511847,0.035001
-0.016806,0.512264,0.032562
-0.013494,0.512171,0.033676
-0.012502,0.513168,0.033088
-0.010709,0.515366,0.031235
-0.008699,0.513641,0.030736
-0.008983,0.513104,0.028222
-0.007215,0.511871,0.030324
-0.007589,0.513736,0.026973
-0.004614,0.514426,0.029315
-0.005481,0.514491,0.026718
-0.001614,0.515349,0.025073
-0.000819,0.514605,0.024971
-0.000194,0.513367,0.025011
0.000808,0.514629,0.023158
0.001769,0.514296,0.021410
0.004678,0.515518,0.020478
0.006078,0.516272,0.019092
0.005839,0.513469,0.018631
0.007979,0.514097,0.018087
0.009699,0.516396,0.015034
0.011176,0.516760,0.013543
0.012064,0.516629,0.010280
0.014003,0.517956,0.009554
0.016114,0.516635,0.005170
0.018458,0.518051,0.000958
0.018027,0.518265,-0.006795
0.018922,0.518396,-0.009756
0.020404,0.520343,-0.014208
0.023111,0.521032,-0.021831
0.024532,0.520709,-0.026431
0.026941,0.520920,-0.031599
0.027864,0.521821,-0.038976
0.029570,0.522929,-0.053457
0.058624,0.527644,-0.071547
0.060920,0.526676,-0.071527
0.060595,0.525007,-0.068643
0.064253,0.525562,-0.069630
0.063952,0.523420,-0.066261
0.063722,0.524683,-0.066388
0.068092,0.522996,-0.065351
0.068004,0.525224,-0.064209
0.068836,0.525560,-0.062176
0.069871,0.525337,-0.060568
0.072124,0.525833,-0.056975
0.072457,0.525716,-0.059907
0.074503,0.525221,-0.058584
0.075104,0.525322,-0.061054
0.077385,0.524850,-0.057985
0.076986,0.524890,-0.058317
0.083497,0.525699,-0.056794
0.081752,0.522465,-0.057411
0.082472,0.523664,-0.055587
0.086860,0.522804,-0.055218
0.086287,0.525004,-0.055061
0.085332,0.524492,-0.056290
0.087961,0.523892,-0.055245
0.090844,0.523522,-0.054357
0.090486,0.525180,-0.054679
0.094021,0.524400,-0.056321
0.094143,0.524813,-0.056623
-0.088512,0.519993,-0.008806
-0.085231,0.517999,-0.004108
-0.083413,0.517901,0.001072
-0.082606,0.517734,0.006424
-0.081151,0.518248,0.006949
-0.080271,0.518496,0.012752
-0.078140,0.516274,0.014738
-0.078098,0.516304,0.018630
-0.074953,0.515690,0.018961
-0.074503,0.515688,0.021905
-0.072269,0.515985,0.021475
-0.070261,0.516483,0.023468
-0.070475,0.515038,0.027948
-0.068812,0.515437,0.027261
-0.067623,0.516033,0.027077
-0.065877,0.516075,0.029179
-0.064932,0.513982,0.028234
-0.064270,0.516356,0.030010
-0.060962,0.513856,0.031013
-0.059067,0.515625,0.032537
-0.058149,0.514542,0.033558
-0.056915,0.514198,0.034271
-0.057333,0.515891,0.033568
-0.053633,0.515157,0.034313
-0.052710,0.513616,0.035924
-0.053480,0.513234,0.035782
-0.049394,0.513517,0.036316
-0.048187,0.515984,0.036039
-0.045290,0.513194,0.037170
-0.046170,0.514763,0.038202
-0.044624,0.513271,0.037793
-0.043173,0.515364,0.040309
-0.041827,0.514258,0.035537
-0.041000,0.513463,0.037579
-0.039395,0.514536,0.039036
-0.039175,0.513842,0.037521
-0.037332,0.513423,0.039162
-0.034803,0.515445,0.036903
-0.031763,0.514470,0.037196
-0.032449,0.515842,0.036808
-0.030351,0.514129,0.037924
-0.028812,0.514142,0.037920
-0.029079,0.514677,0.036156
-0.026117,0.512550,0.036452
-0.026917,0.514944,0.037035
-0.023823,0.513638,0.036942
-0.020714,0.514448,0.034698
-0.020464,0.513600,0.036799
-0.019603,0.516071,0.034731
-0.018770,0.516598,0.034173
-0.016735,0.516246,0.035414
-0.015625,0.514356,0.034421
-0.014189,0.513541,0.032467
-0.013268,0.515023,0.033795
-0.010711,0.514253,0.032498
-0.010741,0.516334,0.031043
-0.009359,0.514832,0.030581
-0.007387,0.515340,0.028525
-0.007047,0.515831,0.028441
-0.006083,0.514434,0.027023
-0.003076,0.516035,0.026924
-0.002115,0.514703,0.026143
-0.001463,0.516324,0.026390
-0.000527,0.515746,0.023529
0.001044,0.515033,0.023868
0.003705,0.514828,0.020246
0.003104,0.515934,0.019465
0.006746,0.516780,0.019648
0.009338,0.515882,0.018444
0.009962,0.516789,0.015210
0.010727,0.516951,0.014557
0.010513,0.517134,0.013109
0.014909,0.516839,0.007401
0.013695,0.519348,0.006030
0.016512,0.518562,0.003385
0.016958,0.517662,-0.000929
0.017738,0.520605,-0.006483
0.019210,0.520282,-0.012857
0.021378,0.522091,-0.020104
0.021425,0.521711,-0.027592
0.024054,0.523025,-0.031161
0.070219,0.529494,-0.075170
0.071014,0.529618,-0.072499
0.073534,0.525907,-0.069965
0.074675,0.528122,-0.067127
0.076529,0.528394,-0.063549
0.078556,0.526888,-0.061280
0.076860,0.527925,-0.059275
0.080530,0.527372,-0.060046
0.082053,0.525760,-0.057763
0.082986,0.527921,-0.058884
0.083880,0.526731,-0.059496
0.086103,0.526528,-0.056786
0.087902,0.525013,-0.056943
0.088764,0.527421,-0.057107
0.090341,0.526018,-0.056364
0.090537,0.527869,-0.058275
0.092682,0.527456,-0.056968
-0.087165,0.523477,-0.020123
-0.083203,0.523554,-0.016276
-0.085016,0.521984,-0.012202
-0.081952,0.523555,-0.010866
-0.081054,0.521544,-0.008018
-0.078301,0.521947,-0.002842
-0.077076,0.519295,-0.001433
-0.074398,0.520137,0.002650
-0.074882,0.518362,0.006059
-0.072102,0.519777,0.010932
-0.071455,0.518175,0.013012
-0.068484,0.518482,0.017211
-0.067483,0.518811,0.020743
-0.066760,0.517884,0.021705
-0.065501,0.516066,0.026850
-0.062750,0.518644,0.029774
-0.062583,0.516670,0.032914
-0.062001,0.515249,0.032065
-0.060249,0.516971,0.032973
-0.057562,0.516432,0.033546
-0.056914,0.516290,0.034992
-0.057762,0.516529,0.033657
-0.054112,0.514873,0.036147
-0.053123,0.516260,0.036992
-0.051329,0.515495,0.035989
-0.049347,0.515183,0.036559
-0.046221,0.514219,0.035688
-0.047602,0.516532,0.037324
-0.046072,0.516307,0.036264
-0.044182,0.513772,0.037791
-0.042996,0.515780,0.037600
-0.042302,0.514889,0.037258
-0.041204,0.515249,0.039638
-0.038719,0.515674,0.036233
-0.037464,0.516086,0.037159
-0.036157,0.517660,0.037858
-0.034260,0.515368,0.037792
-0.033153,0.516574,0.038165
-0.033156,0.516531,0.038142
-0.031802,0.515015,0.039118
-0.027959,0.515902,0.038695
-0.028024,0.515556,0.037719
-0.027115,0.514857,0.037883
-0.025137,0.515968,0.037805
-0.023036,0.517519,0.035667
-0.021332,0.516146,0.034960
-0.021719,0.516469,0.036632
-0.019717,0.515383,0.034971
-0.019026,0.515474,0.033597
-0.017144,0.514433,0.034734
-0.013736,0.516983,0.035167
-0.012269,0.514913,0.033938
-0.013772,0.516550,0.036258
-0.011986,0.516231,0.033887
-0.011642,0.516793,0.031073
-0.009715,0.516450,0.031689
-0.008170,0.517116,0.030324
-0.006105,0.515958,0.028163
-0.005455,0.518067,0.028223
-0.002271,0.518963,0.027139
-0.002499,0.517651,0.026153
-0.000830,0.518040,0.025337
-0.000111,0.518395,0.025291
0.002206,0.518701,0.023248
0.001466,0.519006,0.023192
0.003341,0.517563,0.020707
0.005226,0.517136,0.020513
0.006704,0.520691,0.017459
0.009170,0.517997,0.016604
0.009733,0.520598,0.014435
0.011536,0.519373,0.013198
0.012997,0.520013,0.008615
0.013650,0.520891,0.005816
0.016126,0.518988,0.003448
0.018221,0.521028,-0.003113
0.019801,0.522170,-0.007381
0.020698,0.522529,-0.016306
0.020031,0.524148,-0.025105
0.080677,0.528227,-0.067149
0.082843,0.528980,-0.063056
0.081750,0.529194,-0.059933
0.086071,0.529688,-0.059917
0.087417,0.528906,-0.060775
0.087548,0.528936,-0.058517
0.087633,0.526281,-0.060006
0.089630,0.528977,-0.058161
0.091204,0.528687,-0.059461
0.093190,0.527529,-0.060991
-0.081771,0.527399,-0.034353
-0.078236,0.526684,-0.030022
-0.077897,0.526613,-0.025612
-0.076076,0.524103,-0.022157
-0.073745,0.523420,-0.020142
-0.074274,0.524059,-0.015407
-0.073469,0.524258,-0.010727
-0.069733,0.523257,-0.009730
-0.068733,0.523922,-0.007512
-0.067114,0.521856,-0.004751
-0.066358,0.521936,-0.000984
-0.063849,0.522142,0.004267
-0.062394,0.521885,0.007638
-0.062182,0.520507,0.010851
-0.061053,0.521460,0.013031
-0.060275,0.518215,0.015600
-0.056251,0.521148,0.021276
-0.055599,0.520288,0.023631
-0.054977,0.518771,0.028208
-0.052771,0.518108,0.030975
-0.052096,0.518780,0.034182
-0.049807,0.518611,0.036053
-0.049545,0.515261,0.037482
-0.047900,0.518858,0.037900
-0.046324,0.516835,0.036333
-0.044792,0.518140,0.037821
-0.041159,0.516073,0.036713
-0.042616,0.516701,0.037475
-0.040171,0.516672,0.036057
-0.040351,0.515619,0.038080
-0.037776,0.517380,0.039145
-0.035536,0.515758,0.039932
-0.032946,0.516353,0.039632
-0.034106,0.517331,0.038801
-0.030197,0.516595,0.038454
-0.030980,0.517244,0.038477
-0.028774,0.517477,0.038386
-0.029325,0.518224,0.039344
-0.027868,0.515982,0.036958
-0.023762,0.518126,0.037980
-0.023712,0.517807,0.036985
-0.022693,0.517378,0.036024
-0.020753,0.516820,0.035279
-0.019654,0.516109,0.035591
-0.019151,0.519087,0.036609
-0.017628,0.518831,0.035609
-0.015594,0.518926,0.035060
-0.013629,0.515968,0.035692
-0.012341,0.518855,0.036008
-0.010925,0.518802,0.033083
-0.010211,0.518186,0.031957
-0.008969,0.518316,0.031386
-0.007098,0.519001,0.029948
-0.005859,0.519215,0.028622
-0.005806,0.516527,0.028673
-0.002913,0.518576,0.026808
-0.003174,0.518730,0.026585
-0.000201,0.521872,0.024384
0.000172,0.519385,0.025446
0.002488,0.519730,0.022626
0.003693,0.517183,0.020822
0.004007,0.520214,0.021454
0.005709,0.520388,0.017967
0.007758,0.520981,0.016106
0.009100,0.519587,0.014727
0.009727,0.520231,0.012913
0.010507,0.518918,0.011032
0.011537,0.520969,0.009875
0.014441,0.521293,0.008453
0.014953,0.520007,0.002992
0.016431,0.523049,-0.003923
0.018316,0.521734,-0.008255
0.018733,0.525673,-0.020744
0.089565,0.529694,-0.061522
0.089992,0.530598,-0.061510
0.091444,0.530607,-0.060817
-0.071211,0.529829,-0.039196
-0.071631,0.528341,-0.035587
-0.070234,0.529032,-0.033910
-0.069923,0.529229,-0.030174
-0.067190,0.528814,-0.026774
-0.066409,0.525830,-0.020102
-0.063344,0.527643,-0.016849
-0.062374,0.526393,-0.015561
-0.060729,0.526826,-0.011466
-0.059856,0.524278,-0.007919
-0.056454,0.522782,-0.005959
-0.056668,0.525186,-0.002538
-0.055234,0.523090,0.002267
-0.053837,0.522805,0.005125
-0.052338,0.521656,0.008486
-0.048643,0.523007,0.010157
-0.050393,0.520721,0.014897
-0.048731,0.522094,0.017926
-0.045074,0.520047,0.020565
-0.045166,0.518683,0.024143
-0.043748,0.519726,0.029241
-0.041164,0.520166,0.031936
-0.040662,0.519243,0.033931
-0.039616,0.519118,0.039757
-0.036227,0.519645,0.038651
-0.038469,0.517112,0.038438
-0.035584,0.518353,0.038709
-0.034298,0.518680,0.041328
-0.032163,0.518610,0.040246
-0.031604,0.519292,0.040765
-0.029421,0.517815,0.040333
-0.027581,0.517578,0.038292
-0.026679,0.518650,0.037076
-0.024534,0.518898,0.038442
-0.024691,0.519321,0.039126
-0.022570,0.516770,0.036767
-0.022183,0.518261,0.038245
-0.019821,0.517747,0.036552
-0.018717,0.518379,0.037446
-0.017762,0.520106,0.036406
-0.015555,0.519664,0.035384
-0.012706,0.519327,0.035299
-0.012091,0.519442,0.032813
-0.012427,0.520217,0.032730
-0.010061,0.517969,0.032549
-0.007895,0.520237,0.032132
-0.007910,0.521403,0.031416
-0.006364,0.520563,0.030322
-0.005001,0.519157,0.028792
-0.002328,0.520647,0.026026
-0.002575,0.520826,0.026234
-0.001164,0.519561,0.025008
0.000688,0.521791,0.024622
0.002262,0.519424,0.022240
0.002781,0.520828,0.021724
0.004161,0.519627,0.021110
0.006197,0.522118,0.020196
0.007525,0.522777,0.018514
0.009318,0.522170,0.017512
0.010707,0.522641,0.014104
0.013439,0.523279,0.011922
0.013346,0.523691,0.009265
0.013032,0.523911,0.006596
0.015110,0.523441,0.001187
0.017759,0.524124,-0.002024
0.017021,0.525508,-0.017809
-0.062828,0.529820,-0.040377
-0.062329,0.530810,-0.037103
-0.062019,0.529428,-0.036856
-0.060685,0.529766,-0.028376
-0.058096,0.529687,-0.027996
-0.056146,0.528192,-0.025543
-0.056432,0.527454,-0.020145
-0.053237,0.526169,-0.017090
-0.054189,0.527981,-0.014100
-0.050257,0.526012,-0.010163
-0.049122,0.528777,-0.008868
-0.047194,0.525719,-0.005637
-0.044728,0.524519,-0.003145
-0.042946,0.525602,0.002446
-0.041588,0.526085,0.005673
-0.041912,0.524355,0.007900
-0.040075,0.524275,0.012936
-0.036542,0.523311,0.015157
-0.039131,0.523649,0.016188
-0.036179,0.521982,0.022702
-0.033771,0.523032,0.025171
-0.032857,0.521341,0.029581
-0.028609,0.521542,0.030987
-0.030581,0.521476,0.033896
-0.027816,0.519099,0.039673
-0.026202,0.521264,0.039488
-0.024669,0.520752,0.037190
-0.023511,0.522323,0.039278
-0.022767,0.518984,0.038726
-0.019736,0.519562,0.038201
-0.019565,0.520643,0.037260
-0.019772,0.518812,0.036133
-0.018834,0.520948,0.034823
-0.014978,0.520115,0.033877
-0.018427,0.520001,0.035472
-0.011856,0.520547,0.031640
-0.012172,0.520486,0.032709
-0.008734,0.520596,0.030839
-0.008305,0.523039,0.029932
-0.008594,0.519897,0.030501
-0.006367,0.520065,0.028414
-0.004833,0.521741,0.027789
-0.003121,0.522090,0.028618
0.000030,0.522751,0.027857
-0.001720,0.521092,0.025412
-0.000122,0.522388,0.023204
0.002456,0.521494,0.023654
0.003952,0.522798,0.020582
0.004351,0.522981,0.019687
0.007598,0.522433,0.018464
0.007307,0.523440,0.015775
0.009811,0.522983,0.015485
0.010537,0.524197,0.013223
0.010309,0.523907,0.010959
0.014561,0.523100,0.011309
0.016427,0.524862,0.006939
0.015079,0.525634,0.003394
0.018650,0.526818,-0.004094
0.018956,0.528343,-0.026153
-0.056040,0.532638,-0.047379
-0.054249,0.531577,-0.046621
-0.052070,0.532216,-0.041441
-0.052631,0.532006,-0.036695
-0.050753,0.531851,-0.036325
-0.047259,0.531301,-0.031528
-0.047521,0.530843,-0.027795
-0.044480,0.529922,-0.025263
-0.042069,0.528003,-0.022760
-0.040920,0.528526,-0.016040
-0.040586,0.528228,-0.014490
-0.038670,0.528469,-0.011076
-0.037045,0.530110,-0.008461
-0.034582,0.526699,-0.003310
-0.032627,0.525551,0.000045
-0.031772,0.527720,0.002345
-0.030797,0.525854,0.008340
-0.029761,0.527408,0.010148
-0.027149,0.524627,0.012967
-0.026871,0.526211,0.014213
-0.024889,0.524374,0.018968
-0.025035,0.524449,0.022587
-0.021437,0.523612,0.026461
-0.021046,0.522882,0.028710
-0.019114,0.524089,0.032839
-0.017335,0.521410,0.035665
-0.017870,0.523176,0.036398
-0.015897,0.522103,0.036080
-0.014269,0.523379,0.037284
-0.011356,0.521317,0.035246
-0.011446,0.522312,0.033137
-0.010845,0.522328,0.034203
-0.008369,0.522067,0.031524
-0.008042,0.520971,0.034431
-0.005102,0.521383,0.030693
-0.005390,0.522474,0.027737
-0.002818,0.522257,0.028755
-0.002740,0.524621,0.024537
-0.001748,0.525388,0.024164
-0.000250,0.523913,0.024093
0.003082,0.525291,0.021793
0.003689,0.524981,0.020323
0.003931,0.525087,0.021707
0.005221,0.523938,0.019162
0.007101,0.526415,0.016100
0.009611,0.526113,0.015107
0.010571,0.525771,0.013646
0.010425,0.526273,0.011689
0.011774,0.525710,0.007365
0.012975,0.525960,0.006179
0.014792,0.528506,0.000775
0.017655,0.531690,-0.021759
-0.046343,0.534701,-0.050036
-0.044006,0.534178,-0.048463
-0.042566,0.533746,-0.046000
-0.042026,0.535260,-0.040277
-0.040053,0.532598,-0.035681
-0.036958,0.535034,-0.034868
-0.035733,0.533039,-0.031008
-0.035294,0.530394,-0.028981
-0.033418,0.531845,-0.025324
-0.034199,0.530701,-0.018556
-0.031029,0.529860,-0.014866
-0.030120,0.529386,-0.013040
-0.027425,0.529619,-0.009091
-0.026460,0.530054,-0.004941
-0.024178,0.529555,-0.003477
-0.023211,0.528631,-0.000636
-0.022588,0.527205,0.003417
-0.020822,0.527768,0.007187
-0.018255,0.527662,0.009786
-0.018099,0.527793,0.012988
-0.016044,0.528852,0.017989
-0.013414,0.525519,0.018134
-0.014751,0.524624,0.022184
-0.012583,0.523677,0.028204
-0.010960,0.525170,0.030046
-0.008109,0.524691,0.032592
-0.009062,0.523290,0.032048
-0.005913,0.525206,0.028833
-0.007005,0.522993,0.027818
-0.004303,0.526339,0.028998
-0.002029,0.524578,0.027076
-0.001561,0.523766,0.024427
-0.000412,0.526007,0.023111
0.002053,0.526580,0.022728
0.004636,0.525467,0.022268
0.005069,0.525850,0.019440
0.006895,0.525333,0.019895
0.007909,0.527125,0.016058
0.008920,0.527747,0.015694
0.010670,0.526992,0.014054
0.011221,0.528635,0.012556
0.012715,0.527555,0.007003
0.013345,0.526882,0.006050
0.015171,0.528357,0.000674
-0.034865,0.537162,-0.053742
-0.033844,0.537493,-0.050049
-0.031970,0.537824,-0.047455
-0.031916,0.535917,-0.042667
-0.029114,0.534375,-0.040309
-0.027919,0.537019,-0.038042
-0.025400,0.534071,-0.033855
-0.025831,0.534068,-0.028836
-0.024050,0.534457,-0.028057
-0.021805,0.532616,-0.023414
-0.021127,0.532901,-0.019358
-0.019961,0.533618,-0.015815
-0.018723,0.531779,-0.014364
-0.016871,0.531075,-0.009857
-0.015726,0.531742,-0.005623
-0.013896,0.531735,-0.001712
-0.012443,0.529205,0.002629
-0.013027,0.529125,0.004107
-0.010721,0.529429,0.007302
-0.009572,0.528209,0.010515
-0.005360,0.529358,0.015181
-0.005354,0.529112,0.017854
-0.003303,0.527584,0.020113
-0.004874,0.526452,0.023496
-0.001844,0.527038,0.026818
0.000168,0.526414,0.024794
0.002260,0.528657,0.022307
0.003688,0.527918,0.022259
0.004033,0.528866,0.019137
0.005376,0.528315,0.017892
0.006126,0.527498,0.017810
0.007576,0.528201,0.015598
0.009043,0.529123,0.011732
0.011544,0.529437,0.011424
0.012677,0.529327,0.006902
0.013702,0.530714,0.005516
0.017269,0.531390,-0.002514
-0.024392,0.538749,-0.052875
-0.022057,0.538783,-0.049474
-0.021645,0.538100,-0.045138
-0.020190,0.537999,-0.041674
-0.017468,0.537292,-0.040345
-0.017846,0.534915,-0.036600
-0.014949,0.536717,-0.033457
-0.012442,0.533420,-0.030851
-0.012561,0.534566,-0.026396
-0.013712,0.535388,-0.023100
-0.010735,0.534489,-0.018443
-0.008608,0.534938,-0.016735
-0.008200,0.533187,-0.012913
-0.006024,0.533216,-0.009866
-0.005429,0.532588,-0.005757
-0.004573,0.531914,-0.002265
-0.001032,0.533940,0.001711
-0.000173,0.530944,0.004969
0.000691,0.530448,0.007139
0.002337,0.529097,0.011044
0.005400,0.530111,0.014950
0.005516,0.530917,0.019020
0.006269,0.530652,0.016519
0.010208,0.528575,0.013076
0.009499,0.530191,0.012426
0.012729,0.530277,0.009731
0.013924,0.530545,0.008445
0.014489,0.532339,0.002318
0.015942,0.534275,-0.004548
-0.013203,0.540492,-0.053679
-0.012320,0.541497,-0.049253
-0.011242,0.540260,-0.046365
-0.006459,0.540302,-0.042492
-0.006750,0.539409,-0.037820
-0.006163,0.537126,-0.036389
-0.003030,0.536076,-0.030226
-0.003549,0.537497,-0.028160
-0.001843,0.537152,-0.025769
-0.000634,0.535153,-0.021938
0.001254,0.538298,-0.018763
0.002786,0.536203,-0.014607
0.002819,0.534626,-0.010229
0.008109,0.535894,-0.008285
0.008264,0.534180,-0.005119
0.009753,0.534609,-0.000401
0.009192,0.534572,0.001018
0.011774,0.534807,0.004232
0.012857,0.532744,0.005898
0.013482,0.532311,0.004203
0.014942,0.533304,-0.003503
0.000622,0.540112,-0.044687
0.001919,0.540456,-0.039246
0.001991,0.538892,-0.038768
0.004918,0.539042,-0.035566
0.008529,0.539871,-0.031656
0.006998,0.538681,-0.027434
0.009109,0.538763,-0.025010
0.010793,0.536211,-0.018995
0.012817,0.535786,-0.020053
0.015981,0.536345,-0.013536
